1.000000000000000000e+00,9.385643390755004090e-01,9.782919170287311950e-01,9.616522454783734686e-01,9.732416889150093953e-01,9.387595668876695942e-01,9.325318122479026028e-01,9.672947290078931504e-01,8.914971007192621366e-01,8.842759039543670596e-01,9.170812276965955023e-01,8.913261145307711519e-01,9.393712873078535752e-01,9.532034472819040927e-01,8.963986822129892396e-01,9.560407304937909023e-01,9.089283305787303480e-01,9.571214871706702487e-01,9.304135662751187308e-01,9.846957178733128924e-01,9.190799232742820069e-01,9.762660408387172639e-01,9.691424171596082493e-01,9.807674113453717091e-01,9.415319931292138733e-01,9.393705351243119006e-01,9.291195755130920997e-01,9.768870245100493843e-01,9.647346824203447690e-01,9.445317597837197265e-01,9.595428708704697440e-01,9.756940837457820370e-01,9.291168971513767971e-01,9.311843416687253239e-01,9.134325416282227383e-01,9.354307983048557595e-01,9.732652376531660821e-01,9.348366280892485003e-01,9.448348828919637121e-01
9.385643390755004090e-01,1.000000000000000000e+00,9.305448424620290648e-01,9.560666484511821661e-01,9.285627586648828036e-01,9.835067811552330452e-01,9.739801203842753941e-01,9.549060135320495135e-01,8.734081990203237389e-01,8.682518806001114919e-01,8.889537404756223671e-01,8.744290740563072095e-01,9.784718344106518861e-01,9.694289998833254263e-01,8.743376462574586894e-01,9.132216249126470231e-01,8.858239933756495432e-01,9.159819455722639781e-01,8.948058679469262922e-01,9.371825710071240989e-01,8.936131349109043276e-01,9.291060732703571023e-01,9.487184366250249745e-01,9.320967885881212833e-01,9.055713871383085367e-01,9.823999645382068824e-01,9.643536191507667832e-01,9.298511418119617122e-01,9.565936937731821521e-01,9.044637783191067371e-01,9.569332524177689425e-01,9.417089949005000848e-01,9.724652228573675838e-01,8.930274499511974273e-01,8.896228561008906466e-01,9.793106494112372440e-01,9.303202538497066243e-01,9.769291374194354338e-01,9.110826603780338706e-01
9.782919170287311950e-01,9.305448424620290648e-01,1.000000000000000000e+00,9.562734488475013173e-01,9.800332330169712058e-01,9.306793196103344545e-01,9.251698584908996104e-01,9.604095542560739940e-01,8.961686365215064676e-01,8.904252986088202482e-01,9.212241893850965369e-01,8.958698797562062444e-01,9.342107712027598598e-01,9.461595601465246919e-01,9.014675131618468118e-01,9.649876477403364072e-01,9.147231606217696154e-01,9.644593309334491549e-01,9.348831906847995254e-01,9.795882296625274543e-01,9.220232802085804868e-01,9.833418395457342864e-01,9.616893193687090502e-01,9.837035168248265959e-01,9.465895406740053586e-01,9.307709571523431480e-01,9.193093849796660777e-01,9.832586035300556748e-01,9.589999188044981970e-01,9.490522385012259976e-01,9.522992487426344965e-01,9.686851851277852310e-01,9.204893264218232396e-01,9.369829680054622134e-01,9.189233837182489983e-01,9.283556657666643952e-01,9.806276537044523733e-01,9.277699096338740681e-01,9.505691043950992292e-01
9.616522454783734686e-01,9.560666484511821661e-01,9.562734488475013173e-01,1.000000000000000000e+00,9.561533946058909939e-01,9.553071428915618224e-01,9.480288504601216415e-01,9.820657662450950065e-01,8.777290833394381098e-01,8.728846779292173119e-01,9.034394707146892189e-01,8.790054178134129037e-01,9.594838453744701789e-01,9.727953265737511179e-01,8.821849650065393122e-01,9.414659495003546708e-01,8.974766538944192185e-01,9.410960753078174701e-01,9.134567033033554884e-01,9.610829124996399520e-01,9.062933260950186698e-01,9.551867470527555248e-01,9.775692218843370362e-01,9.567885020208568569e-01,9.270060809560484172e-01,9.545669458523121653e-01,9.378031488239135793e-01,9.560955942996659518e-01,9.835952744194100816e-01,9.281215498172550316e-01,9.828301905732187427e-01,9.723276072396818126e-01,9.449096240677030689e-01,9.149971281684566859e-01,9.004520332886556400e-01,9.556287887073473541e-01,9.556207773038146724e-01,9.508736666875241550e-01,9.333508938361324558e-01
9.732416889150093953e-01,9.285627586648828036e-01,9.800332330169712058e-01,9.561533946058909939e-01,1.000000000000000000e+00,9.279028865141241145e-01,9.222009904966387284e-01,9.590058319999916758e-01,8.997785125888575486e-01,8.942209349084571102e-01,9.294812259863931558e-01,9.016532732930797600e-01,9.323514529579144394e-01,9.435623663521714999e-01,9.071471995927641307e-01,9.701989374308874758e-01,9.223421792140570341e-01,9.705831256104239246e-01,9.414079289557893970e-01,9.743009296145878073e-01,9.306494479770226480e-01,9.838665240789524757e-01,9.598747186020276656e-01,9.787258287960638459e-01,9.542690708113202858e-01,9.285496096785847975e-01,9.155929562932026977e-01,9.835365812464855750e-01,9.571765405805403581e-01,9.563628293115652435e-01,9.505048509294126147e-01,9.670901547520360797e-01,9.191643922755661222e-01,9.443677560581129615e-01,9.266476743309459696e-01,9.271903142739184034e-01,9.838318930207755608e-01,9.247059334328420199e-01,9.581917078903098295e-01
9.387595668876695942e-01,9.835067811552330452e-01,9.306793196103344545e-01,9.553071428915618224e-01,9.279028865141241145e-01,1.000000000000000000e+00,9.715250794341850904e-01,9.541014038677718689e-01,8.653793530927099686e-01,8.592088038479706036e-01,8.824105298643175610e-01,8.657101432478243597e-01,9.781664047236919846e-01,9.693704991102174429e-01,8.654958485870030138e-01,9.092896875754978847e-01,8.782823075570078686e-01,9.127707006722480809e-01,8.880609015792313432e-01,9.373180141345911487e-01,8.860618463269513967e-01,9.277804190037712839e-01,9.477906336353948413e-01,9.319839758654607786e-01,8.996836611846248388e-01,9.795982465094640323e-01,9.609239389520642938e-01,9.281302756523057695e-01,9.560115511837461444e-01,8.986743702096487985e-01,9.560603033001334738e-01,9.406214521876606893e-01,9.685916933812338536e-01,8.874033892969237503e-01,8.817055292256055221e-01,9.767718296263456779e-01,9.292522703473430346e-01,9.734021310388631942e-01,9.058940200402212373e-01
9.325318122479026028e-01,9.739801203842753941e-01,9.251698584908996104e-01,9.480288504601216415e-01,9.222009904966387284e-01,9.715250794341850904e-01,1.000000000000000000e+00,9.482261345660437657e-01,8.582036881553698482e-01,8.531159724349104412e-01,8.719756338774163895e-01,8.592236251473096553e-01,9.671661226125891631e-01,9.598238770677565146e-01,8.589873522340724099e-01,9.010068108599671444e-01,8.670902948020240419e-01,9.032729001470668484e-01,8.780473173953698973e-01,9.318681981814385118e-01,8.770603494950551804e-01,9.231025924936353544e-01,9.434880309870496973e-01,9.280818963844819081e-01,8.922685531454082053e-01,9.799742983153635345e-01,9.758620652979637100e-01,9.225012297687266161e-01,9.497341719428051832e-01,8.901962252442445767e-01,9.503280617707532407e-01,9.359041257623832433e-01,9.837320925892593104e-01,8.777554741348000400e-01,8.718400002115571645e-01,9.696172207267018672e-01,9.237481147360713241e-01,9.833296133067338518e-01,8.994438299792165692e-01
9.672947290078931504e-01,9.549060135320495135e-01,9.604095542560739940e-01,9.820657662450950065e-01,9.590058319999916758e-01,9.541014038677718689e-01,9.482261345660437657e-01,1.000000000000000000e+00,8.779602964691808342e-01,8.723445994972357509e-01,9.035192825018255602e-01,8.794077957256244416e-01,9.571222394165043168e-01,9.707016655432164631e-01,8.825522004224107819e-01,9.418516112177864885e-01,8.969744928542258133e-01,9.410820251482283627e-01,9.145506574691347756e-01,9.669061407878558612e-01,9.066266833920779700e-01,9.587667546734188750e-01,9.824548796735893541e-01,9.609062591572057332e-01,9.274255982003286602e-01,9.542824925900247335e-01,9.408031076103215984e-01,9.593616511410856251e-01,9.835162855848871288e-01,9.284490340437384637e-01,9.795569575826414965e-01,9.764152782558902510e-01,9.452109037553859672e-01,9.152535599338883499e-01,8.987650944110282536e-01,9.523091199306931154e-01,9.582099653682383256e-01,9.502642527821665297e-01,9.327020213602663645e-01
8.914971007192621366e-01,8.734081990203237389e-01,8.961686365215064676e-01,8.777290833394381098e-01,8.997785125888575486e-01,8.653793530927099686e-01,8.582036881553698482e-01,8.779602964691808342e-01,1.000000000000000000e+00,9.831108047380522352e-01,9.419702178448919883e-01,9.832344502209462433e-01,8.732744651856342299e-01,8.773840794050561387e-01,9.798078870165040088e-01,9.090319489386724516e-01,9.583407189103292367e-01,9.113129187515347507e-01,9.304515294729835961e-01,8.900901373450972320e-01,9.488764128502350514e-01,8.988178745570898354e-01,8.819787129484216726e-01,8.969262164160852757e-01,9.229952236778234953e-01,8.690120926545230606e-01,8.545588800016102882e-01,9.028167222950816972e-01,8.757537810831818037e-01,9.210629745753071695e-01,8.737135279771830465e-01,8.832631624687223848e-01,8.580259213654313211e-01,9.262180682300243939e-01,9.561088698652882023e-01,8.723847278171084074e-01,8.980578813283689454e-01,8.641324349689663009e-01,9.232098342133606694e-01
8.842759039543670596e-01,8.682518806001114919e-01,8.904252986088202482e-01,8.728846779292173119e-01,8.942209349084571102e-01,8.592088038479706036e-01,8.531159724349104412e-01,8.723445994972357509e-01,9.831108047380522352e-01,1.000000000000000000e+00,9.385032049474495430e-01,9.799694906205913547e-01,8.687939059823956978e-01,8.729268999166808207e-01,9.748550973528307129e-01,9.049222589589360766e-01,9.546416500264734983e-01,9.069335496045589640e-01,9.269813604457495249e-01,8.824967161305783403e-01,9.445986699693138533e-01,8.929546179533891515e-01,8.756609001353162780e-01,8.903367514505809988e-01,9.176616815775392455e-01,8.641793585990962256e-01,8.501705611883831892e-01,8.973585908859913474e-01,8.705799375827774078e-01,9.170110211730391203e-01,8.693668891608783422e-01,8.772585201779206088e-01,8.530218120037110774e-01,9.217489554732262169e-01,9.527539165143577016e-01,8.667987220156720962e-01,8.920946462794013820e-01,8.596972796232117409e-01,9.199227584899623000e-01
9.170812276965955023e-01,8.889537404756223671e-01,9.212241893850965369e-01,9.034394707146892189e-01,9.294812259863931558e-01,8.824105298643175610e-01,8.719756338774163895e-01,9.035192825018255602e-01,9.419702178448919883e-01,9.385032049474495430e-01,1.000000000000000000e+00,9.421863285461804516e-01,8.913864547434253716e-01,8.960307978705385201e-01,9.468276052689587052e-01,9.448880657210828593e-01,9.750974875375604256e-01,9.431886868123188217e-01,9.726470032253875520e-01,9.179405993216899207e-01,9.828059342375388141e-01,9.257011595161366291e-01,9.082199150818799360e-01,9.210653176346522697e-01,9.623834071305940041e-01,8.872077834384045625e-01,8.711583277917498425e-01,9.290320080925347224e-01,9.022039347756511951e-01,9.623447550120187710e-01,8.997052799378715271e-01,9.115101398517537756e-01,8.735855736590208975e-01,9.692504403757783438e-01,9.787694940721913817e-01,8.877152751896157934e-01,9.255264817580681758e-01,8.786240269468297281e-01,9.577096491490890706e-01
8.913261145307711519e-01,8.744290740563072095e-01,8.958698797562062444e-01,8.790054178134129037e-01,9.016532732930797600e-01,8.657101432478243597e-01,8.592236251473096553e-01,8.794077957256244416e-01,9.832344502209462433e-01,9.799694906205913547e-01,9.421863285461804516e-01,1.000000000000000000e+00,8.743553953071330209e-01,8.791860101890119905e-01,9.819322000512334947e-01,9.104922963045183337e-01,9.573381551372687204e-01,9.138202800346718613e-01,9.338480933856370125e-01,8.896351558207462595e-01,9.494112970595475209e-01,8.993933138731542432e-01,8.831879509605531364e-01,8.969208376595071419e-01,9.264458628122300698e-01,8.702315960881991108e-01,8.564920505629866065e-01,9.035099057816992074e-01,8.769344555625612214e-01,9.238116419828641401e-01,8.756587155345973983e-01,8.834800045673344426e-01,8.592948420349458827e-01,9.286984984442694380e-01,9.543951254905971293e-01,8.737203138896445509e-01,8.986036162719318598e-01,8.650633290304778900e-01,9.269768820386448116e-01
9.393712873078535752e-01,9.784718344106518861e-01,9.342107712027598598e-01,9.594838453744701789e-01,9.323514529579144394e-01,9.781664047236919846e-01,9.671661226125891631e-01,9.571222394165043168e-01,8.732744651856342299e-01,8.687939059823956978e-01,8.913864547434253716e-01,8.743553953071330209e-01,1.000000000000000000e+00,9.737414722567334646e-01,8.744951442981903078e-01,9.201140302209772637e-01,8.894004684579572828e-01,9.214572474878088837e-01,8.958296307395431368e-01,9.382186962624234905e-01,8.953327041036762690e-01,9.324089938163696578e-01,9.499891255047931971e-01,9.345787492469570523e-01,9.085391282193195917e-01,9.737126766712148607e-01,9.588928908410286889e-01,9.330874063234860794e-01,9.587012814919182446e-01,9.079423036200171548e-01,9.602711559609701242e-01,9.439005297030298447e-01,9.654294801057243802e-01,8.958986158850820170e-01,8.927227322138721055e-01,9.820371706758910246e-01,9.340526383314530223e-01,9.696813458099504679e-01,9.150746578639411544e-01
9.532034472819040927e-01,9.694289998833254263e-01,9.461595601465246919e-01,9.727953265737511179e-01,9.435623663521714999e-01,9.693704991102174429e-01,9.598238770677565146e-01,9.707016655432164631e-01,8.773840794050561387e-01,8.729268999166808207e-01,8.960307978705385201e-01,8.791860101890119905e-01,9.737414722567334646e-01,1.000000000000000000e+00,8.793216174194499191e-01,9.268776217576313314e-01,8.925166206920671641e-01,9.292985812276060020e-01,9.042635620708535660e-01,9.522945559564330864e-01,8.993630076424361519e-01,9.437713751039400467e-01,9.633905645685555408e-01,9.475129394507224578e-01,9.146410239304683110e-01,9.665919507327901394e-01,9.523227514737939714e-01,9.446620495438516896e-01,9.727025087838837569e-01,9.165237791684485158e-01,9.747462652441127862e-01,9.580679996198091519e-01,9.571127705435732436e-01,9.040289466094995063e-01,8.929344184504665050e-01,9.695499484064398210e-01,9.440998074493467396e-01,9.626705459539364185e-01,9.224683265152598954e-01
8.963986822129892396e-01,8.743376462574586894e-01,9.014675131618468118e-01,8.821849650065393122e-01,9.071471995927641307e-01,8.654958485870030138e-01,8.589873522340724099e-01,8.825522004224107819e-01,9.798078870165040088e-01,9.748550973528307129e-01,9.468276052689587052e-01,9.819322000512334947e-01,8.744951442981903078e-01,8.793216174194499191e-01,1.000000000000000000e+00,9.154850459764798387e-01,9.617421627536159034e-01,9.170068508853984612e-01,9.356177317036924457e-01,8.954806927913205872e-01,9.535796282176439709e-01,9.045914146424934854e-01,8.883820927538426115e-01,9.022250308454623502e-01,9.289354645429334090e-01,8.695157892424052459e-01,8.567663862539561803e-01,9.086376585201789702e-01,8.803738366351182565e-01,9.270067037275490085e-01,8.785477296311173800e-01,8.893265825174117012e-01,8.595621181001487088e-01,9.314954311408115695e-01,9.589108177553677947e-01,8.741475967856336959e-01,9.040217554078431306e-01,8.652547896524827031e-01,9.283486684640580577e-01
9.560407304937909023e-01,9.132216249126470231e-01,9.649876477403364072e-01,9.414659495003546708e-01,9.701989374308874758e-01,9.092896875754978847e-01,9.010068108599671444e-01,9.418516112177864885e-01,9.090319489386724516e-01,9.049222589589360766e-01,9.448880657210828593e-01,9.104922963045183337e-01,9.201140302209772637e-01,9.268776217576313314e-01,9.154850459764798387e-01,1.000000000000000000e+00,9.366890654518295056e-01,9.832533549963591302e-01,9.584097047642620160e-01,9.566849506187147245e-01,9.441204535768414896e-01,9.675986907944973403e-01,9.438183798708327243e-01,9.611146376777838229e-01,9.702971568070321018e-01,9.116271337862523749e-01,8.979780960747474339e-01,9.679543118513102007e-01,9.416212803512244989e-01,9.704973214695193917e-01,9.345352977549585827e-01,9.509664657983050162e-01,8.995927466981413767e-01,9.611183395106320804e-01,9.418530588595773745e-01,9.147067049355611656e-01,9.703795379522299758e-01,9.071675066632647333e-01,9.730263086769296299e-01
9.089283305787303480e-01,8.858239933756495432e-01,9.147231606217696154e-01,8.974766538944192185e-01,9.223421792140570341e-01,8.782823075570078686e-01,8.670902948020240419e-01,8.969744928542258133e-01,9.583407189103292367e-01,9.546416500264734983e-01,9.750974875375604256e-01,9.573381551372687204e-01,8.894004684579572828e-01,8.925166206920671641e-01,9.617421627536159034e-01,9.366890654518295056e-01,1.000000000000000000e+00,9.357034058516204844e-01,9.591616654608017267e-01,9.092057280413999854e-01,9.765268109709733801e-01,9.187892817848444249e-01,9.020624933263852174e-01,9.134070658319115577e-01,9.504765644408795788e-01,8.820961875666866181e-01,8.662866310724871566e-01,9.221355566119731062e-01,8.960767758876164724e-01,9.505287025640560827e-01,8.923210926762019657e-01,9.032798838772617689e-01,8.689358390314377845e-01,9.555169087280130924e-01,9.803992814393286404e-01,8.857367304301352329e-01,9.187419137353466381e-01,8.751960444291005947e-01,9.470863285678466914e-01
9.571214871706702487e-01,9.159819455722639781e-01,9.644593309334491549e-01,9.410960753078174701e-01,9.705831256104239246e-01,9.127707006722480809e-01,9.032729001470668484e-01,9.410820251482283627e-01,9.113129187515347507e-01,9.069335496045589640e-01,9.431886868123188217e-01,9.138202800346718613e-01,9.214572474878088837e-01,9.292985812276060020e-01,9.170068508853984612e-01,9.832533549963591302e-01,9.357034058516204844e-01,1.000000000000000000e+00,9.559772565940857225e-01,9.572265726362386706e-01,9.424552607091147838e-01,9.675766476471326927e-01,9.425706864028722265e-01,9.626866967901701599e-01,9.688910369612303564e-01,9.141454561971618098e-01,8.998520066319598554e-01,9.682825890423465420e-01,9.411070831403468562e-01,9.688828419731891906e-01,9.341242191705769748e-01,9.496532749784366567e-01,9.022324910972630008e-01,9.586484732679587673e-01,9.403533577850502478e-01,9.161288597487158292e-01,9.702121216628311062e-01,9.093045307807017252e-01,9.723536570082458308e-01
9.304135662751187308e-01,8.948058679469262922e-01,9.348831906847995254e-01,9.134567033033554884e-01,9.414079289557893970e-01,8.880609015792313432e-01,8.780473173953698973e-01,9.145506574691347756e-01,9.304515294729835961e-01,9.269813604457495249e-01,9.726470032253875520e-01,9.338480933856370125e-01,8.958296307395431368e-01,9.042635620708535660e-01,9.356177317036924457e-01,9.584097047642620160e-01,9.591616654608017267e-01,9.559772565940857225e-01,1.000000000000000000e+00,9.299491001297660597e-01,9.712921725490206715e-01,9.389161901470037819e-01,9.182431600737014366e-01,9.346649109249097753e-01,9.753625111029592398e-01,8.931464573411356245e-01,8.766012286528535036e-01,9.408566792811322577e-01,9.127726063478381890e-01,9.760032937707963097e-01,9.090793223712203552e-01,9.250487562307772027e-01,8.785848215246857551e-01,9.812770154372354448e-01,9.656884562935135197e-01,8.904276330805028783e-01,9.387172236538240400e-01,8.857267030559189402e-01,9.723976585475092582e-01
9.846957178733128924e-01,9.371825710071240989e-01,9.795882296625274543e-01,9.610829124996399520e-01,9.743009296145878073e-01,9.373180141345911487e-01,9.318681981814385118e-01,9.669061407878558612e-01,8.900901373450972320e-01,8.824967161305783403e-01,9.179405993216899207e-01,8.896351558207462595e-01,9.382186962624234905e-01,9.522945559564330864e-01,8.954806927913205872e-01,9.566849506187147245e-01,9.092057280413999854e-01,9.572265726362386706e-01,9.299491001297660597e-01,1.000000000000000000e+00,9.193097727389712981e-01,9.774386075444557731e-01,9.682532813239446146e-01,9.818359436482499980e-01,9.412877052918737775e-01,9.379652904410616943e-01,9.284830711385672064e-01,9.777369369335116023e-01,9.639344253240149651e-01,9.443230928866863660e-01,9.588000154990979906e-01,9.753018972299314360e-01,9.287026247967273829e-01,9.308828662255225206e-01,9.138860214170312357e-01,9.339853907448090187e-01,9.746222042640511063e-01,9.334491424827292549e-01,9.442856796511521766e-01
9.190799232742820069e-01,8.936131349109043276e-01,9.220232802085804868e-01,9.062933260950186698e-01,9.306494479770226480e-01,8.860618463269513967e-01,8.770603494950551804e-01,9.066266833920779700e-01,9.488764128502350514e-01,9.445986699693138533e-01,9.828059342375388141e-01,9.494112970595475209e-01,8.953327041036762690e-01,8.993630076424361519e-01,9.535796282176439709e-01,9.441204535768414896e-01,9.765268109709733801e-01,9.424552607091147838e-01,9.712921725490206715e-01,9.193097727389712981e-01,1.000000000000000000e+00,9.270666376404272935e-01,9.115720341049977637e-01,9.222554014947209611e-01,9.621201617752185298e-01,8.914000184234048829e-01,8.773870082761855427e-01,9.303768212829630624e-01,9.053304657006306932e-01,9.618300116611736561e-01,9.033446369391885389e-01,9.141566012418227416e-01,8.796796451292625552e-01,9.688871882669857216e-01,9.802879221476502591e-01,8.924755917244261427e-01,9.262626633333745918e-01,8.833994993272050733e-01,9.577311851206142812e-01
9.762660408387172639e-01,9.291060732703571023e-01,9.833418395457342864e-01,9.551867470527555248e-01,9.838665240789524757e-01,9.277804190037712839e-01,9.231025924936353544e-01,9.587667546734188750e-01,8.988178745570898354e-01,8.929546179533891515e-01,9.257011595161366291e-01,8.993933138731542432e-01,9.324089938163696578e-01,9.437713751039400467e-01,9.045914146424934854e-01,9.675986907944973403e-01,9.187892817848444249e-01,9.675766476471326927e-01,9.389161901470037819e-01,9.774386075444557731e-01,9.270666376404272935e-01,1.000000000000000000e+00,9.601660032856361715e-01,9.815394510705722775e-01,9.516458732831943879e-01,9.295362606865562594e-01,9.170591000525478709e-01,9.853407246217990023e-01,9.572532370100984567e-01,9.541402205125293357e-01,9.501336591889395500e-01,9.690161794859919464e-01,9.194433472080115743e-01,9.418829925600746833e-01,9.235539192643513751e-01,9.277286311005399355e-01,9.836608810182272400e-01,9.261539700241928630e-01,9.552008933775406607e-01
9.691424171596082493e-01,9.487184366250249745e-01,9.616893193687090502e-01,9.775692218843370362e-01,9.598747186020276656e-01,9.477906336353948413e-01,9.434880309870496973e-01,9.824548796735893541e-01,8.819787129484216726e-01,8.756609001353162780e-01,9.082199150818799360e-01,8.831879509605531364e-01,9.499891255047931971e-01,9.633905645685555408e-01,8.883820927538426115e-01,9.438183798708327243e-01,9.020624933263852174e-01,9.425706864028722265e-01,9.182431600737014366e-01,9.682532813239446146e-01,9.115720341049977637e-01,9.601660032856361715e-01,1.000000000000000000e+00,9.620498258179128737e-01,9.306798428879110574e-01,9.490439008555481282e-01,9.365955150349307701e-01,9.609547971855075810e-01,9.795256899518930416e-01,9.309286070962177195e-01,9.739651061523378894e-01,9.795343738285150481e-01,9.408595823399409364e-01,9.186427490171634735e-01,9.041207310581367285e-01,9.456657786910919183e-01,9.593566508208570820e-01,9.457185177067686244e-01,9.351425979138389133e-01
9.807674113453717091e-01,9.320967885881212833e-01,9.837035168248265959e-01,9.567885020208568569e-01,9.787258287960638459e-01,9.319839758654607786e-01,9.280818963844819081e-01,9.609062591572057332e-01,8.969262164160852757e-01,8.903367514505809988e-01,9.210653176346522697e-01,8.969208376595071419e-01,9.345787492469570523e-01,9.475129394507224578e-01,9.022250308454623502e-01,9.611146376777838229e-01,9.134070658319115577e-01,9.626866967901701599e-01,9.346649109249097753e-01,9.818359436482499980e-01,9.222554014947209611e-01,9.815394510705722775e-01,9.620498258179128737e-01,1.000000000000000000e+00,9.462974604484520880e-01,9.326843453246257409e-01,9.223427589411979932e-01,9.816596551948102434e-01,9.585214330343204692e-01,9.489279277114430755e-01,9.536309093562732597e-01,9.694836073015201672e-01,9.238837964636985589e-01,9.371304302277930764e-01,9.179803878011344453e-01,9.294959605604650177e-01,9.788467941599323652e-01,9.298905593693539418e-01,9.500345725225243232e-01
9.415319931292138733e-01,9.055713871383085367e-01,9.465895406740053586e-01,9.270060809560484172e-01,9.542690708113202858e-01,8.996836611846248388e-01,8.922685531454082053e-01,9.274255982003286602e-01,9.229952236778234953e-01,9.176616815775392455e-01,9.623834071305940041e-01,9.264458628122300698e-01,9.085391282193195917e-01,9.146410239304683110e-01,9.289354645429334090e-01,9.702971568070321018e-01,9.504765644408795788e-01,9.688910369612303564e-01,9.753625111029592398e-01,9.412877052918737775e-01,9.621201617752185298e-01,9.516458732831943879e-01,9.306798428879110574e-01,9.462974604484520880e-01,1.000000000000000000e+00,9.053228015214768165e-01,8.912715163669496787e-01,9.530894561064657822e-01,9.266901323330474227e-01,9.829072958650088010e-01,9.203324896090625540e-01,9.368610993668032849e-01,8.921034885800431802e-01,9.782195698228555170e-01,9.560930268723807357e-01,9.043828300622466232e-01,9.530919081338530274e-01,8.987221501471941432e-01,9.824001732766333150e-01
9.393705351243119006e-01,9.823999645382068824e-01,9.307709571523431480e-01,9.545669458523121653e-01,9.285496096785847975e-01,9.795982465094640323e-01,9.799742983153635345e-01,9.542824925900247335e-01,8.690120926545230606e-01,8.641793585990962256e-01,8.872077834384045625e-01,8.702315960881991108e-01,9.737126766712148607e-01,9.665919507327901394e-01,8.695157892424052459e-01,9.116271337862523749e-01,8.820961875666866181e-01,9.141454561971618098e-01,8.931464573411356245e-01,9.379652904410616943e-01,8.914000184234048829e-01,9.295362606865562594e-01,9.490439008555481282e-01,9.326843453246257409e-01,9.053228015214768165e-01,1.000000000000000000e+00,9.697080579950434487e-01,9.294384468723283499e-01,9.562006392845405767e-01,9.030608557104253808e-01,9.562796299141131939e-01,9.417521588572834723e-01,9.780396597902326628e-01,8.917082299043369575e-01,8.855572468026089439e-01,9.758114144742623397e-01,9.298570894269714282e-01,9.826629640302566582e-01,9.111997680575024683e-01
9.291195755130920997e-01,9.643536191507667832e-01,9.193093849796660777e-01,9.378031488239135793e-01,9.155929562932026977e-01,9.609239389520642938e-01,9.758620652979637100e-01,9.408031076103215984e-01,8.545588800016102882e-01,8.501705611883831892e-01,8.711583277917498425e-01,8.564920505629866065e-01,9.588928908410286889e-01,9.523227514737939714e-01,8.567663862539561803e-01,8.979780960747474339e-01,8.662866310724871566e-01,8.998520066319598554e-01,8.766012286528535036e-01,9.284830711385672064e-01,8.773870082761855427e-01,9.170591000525478709e-01,9.365955150349307701e-01,9.223427589411979932e-01,8.912715163669496787e-01,9.697080579950434487e-01,1.000000000000000000e+00,9.175820284574729424e-01,9.408491258852973438e-01,8.898983626641451261e-01,9.402507282424984458e-01,9.294289311192756031e-01,9.781472678112335117e-01,8.747277989691739641e-01,8.719090289582566156e-01,9.605111827532685220e-01,9.168676683682206452e-01,9.715575982143416223e-01,8.954288083198358450e-01
9.768870245100493843e-01,9.298511418119617122e-01,9.832586035300556748e-01,9.560955942996659518e-01,9.835365812464855750e-01,9.281302756523057695e-01,9.225012297687266161e-01,9.593616511410856251e-01,9.028167222950816972e-01,8.973585908859913474e-01,9.290320080925347224e-01,9.035099057816992074e-01,9.330874063234860794e-01,9.446620495438516896e-01,9.086376585201789702e-01,9.679543118513102007e-01,9.221355566119731062e-01,9.682825890423465420e-01,9.408566792811322577e-01,9.777369369335116023e-01,9.303768212829630624e-01,9.853407246217990023e-01,9.609547971855075810e-01,9.816596551948102434e-01,9.530894561064657822e-01,9.294384468723283499e-01,9.175820284574729424e-01,1.000000000000000000e+00,9.578396613649445834e-01,9.555217088469672992e-01,9.508106294921890855e-01,9.693936399991511799e-01,9.193296732064478727e-01,9.435060429295625273e-01,9.272851171549892912e-01,9.287517368427692377e-01,9.838243056448855439e-01,9.254985923111693769e-01,9.569424361645428867e-01
9.647346824203447690e-01,9.565936937731821521e-01,9.589999188044981970e-01,9.835952744194100816e-01,9.571765405805403581e-01,9.560115511837461444e-01,9.497341719428051832e-01,9.835162855848871288e-01,8.757537810831818037e-01,8.705799375827774078e-01,9.022039347756511951e-01,8.769344555625612214e-01,9.587012814919182446e-01,9.727025087838837569e-01,8.803738366351182565e-01,9.416212803512244989e-01,8.960767758876164724e-01,9.411070831403468562e-01,9.127726063478381890e-01,9.639344253240149651e-01,9.053304657006306932e-01,9.572532370100984567e-01,9.795256899518930416e-01,9.585214330343204692e-01,9.266901323330474227e-01,9.562006392845405767e-01,9.408491258852973438e-01,9.578396613649445834e-01,1.000000000000000000e+00,9.283870195442733841e-01,9.819499669699827127e-01,9.745473872471995813e-01,9.464816688784367660e-01,9.139599364104388224e-01,8.985009337512120942e-01,9.548420193396688349e-01,9.570957576468772654e-01,9.528766290127584915e-01,9.329803322166109192e-01
9.445317597837197265e-01,9.044637783191067371e-01,9.490522385012259976e-01,9.281215498172550316e-01,9.563628293115652435e-01,8.986743702096487985e-01,8.901962252442445767e-01,9.284490340437384637e-01,9.210629745753071695e-01,9.170110211730391203e-01,9.623447550120187710e-01,9.238116419828641401e-01,9.079423036200171548e-01,9.165237791684485158e-01,9.270067037275490085e-01,9.704973214695193917e-01,9.505287025640560827e-01,9.688828419731891906e-01,9.760032937707963097e-01,9.443230928866863660e-01,9.618300116611736561e-01,9.541402205125293357e-01,9.309286070962177195e-01,9.489279277114430755e-01,9.829072958650088010e-01,9.030608557104253808e-01,8.898983626641451261e-01,9.555217088469672992e-01,9.283870195442733841e-01,1.000000000000000000e+00,9.225452089517756082e-01,9.377492787215977454e-01,8.900558075813369552e-01,9.782192585810275398e-01,9.565916165875181232e-01,9.024635690895704832e-01,9.554254987361047169e-01,8.966191481218461767e-01,9.810653003196770916e-01
9.595428708704697440e-01,9.569332524177689425e-01,9.522992487426344965e-01,9.828301905732187427e-01,9.505048509294126147e-01,9.560603033001334738e-01,9.503280617707532407e-01,9.795569575826414965e-01,8.737135279771830465e-01,8.693668891608783422e-01,8.997052799378715271e-01,8.756587155345973983e-01,9.602711559609701242e-01,9.747462652441127862e-01,8.785477296311173800e-01,9.345352977549585827e-01,8.923210926762019657e-01,9.341242191705769748e-01,9.090793223712203552e-01,9.588000154990979906e-01,9.033446369391885389e-01,9.501336591889395500e-01,9.739651061523378894e-01,9.536309093562732597e-01,9.203324896090625540e-01,9.562796299141131939e-01,9.402507282424984458e-01,9.508106294921890855e-01,9.819499669699827127e-01,9.225452089517756082e-01,1.000000000000000000e+00,9.686435263938761864e-01,9.474524024016139911e-01,9.095434870555655360e-01,8.945133161192400095e-01,9.563938443472862483e-01,9.500251861614320559e-01,9.529852657478429245e-01,9.275753769535610704e-01
9.756940837457820370e-01,9.417089949005000848e-01,9.686851851277852310e-01,9.723276072396818126e-01,9.670901547520360797e-01,9.406214521876606893e-01,9.359041257623832433e-01,9.764152782558902510e-01,8.832631624687223848e-01,8.772585201779206088e-01,9.115101398517537756e-01,8.834800045673344426e-01,9.439005297030298447e-01,9.580679996198091519e-01,8.893265825174117012e-01,9.509664657983050162e-01,9.032798838772617689e-01,9.496532749784366567e-01,9.250487562307772027e-01,9.753018972299314360e-01,9.141566012418227416e-01,9.690161794859919464e-01,9.795343738285150481e-01,9.694836073015201672e-01,9.368610993668032849e-01,9.417521588572834723e-01,9.294289311192756031e-01,9.693936399991511799e-01,9.745473872471995813e-01,9.377492787215977454e-01,9.686435263938761864e-01,1.000000000000000000e+00,9.327128163655561410e-01,9.262548038286330110e-01,9.076617105514075412e-01,9.392896017820125953e-01,9.674044326264924498e-01,9.389056901207588623e-01,9.413633843171981264e-01
9.291168971513767971e-01,9.724652228573675838e-01,9.204893264218232396e-01,9.449096240677030689e-01,9.191643922755661222e-01,9.685916933812338536e-01,9.837320925892593104e-01,9.452109037553859672e-01,8.580259213654313211e-01,8.530218120037110774e-01,8.735855736590208975e-01,8.592948420349458827e-01,9.654294801057243802e-01,9.571127705435732436e-01,8.595621181001487088e-01,8.995927466981413767e-01,8.689358390314377845e-01,9.022324910972630008e-01,8.785848215246857551e-01,9.287026247967273829e-01,8.796796451292625552e-01,9.194433472080115743e-01,9.408595823399409364e-01,9.238837964636985589e-01,8.921034885800431802e-01,9.780396597902326628e-01,9.781472678112335117e-01,9.193296732064478727e-01,9.464816688784367660e-01,8.900558075813369552e-01,9.474524024016139911e-01,9.327128163655561410e-01,1.000000000000000000e+00,8.775978580044742072e-01,8.749262213984629888e-01,9.676477085851181714e-01,9.200460952306832585e-01,9.812902958854364810e-01,8.990526882797783559e-01
9.311843416687253239e-01,8.930274499511974273e-01,9.369829680054622134e-01,9.149971281684566859e-01,9.443677560581129615e-01,8.874033892969237503e-01,8.777554741348000400e-01,9.152535599338883499e-01,9.262180682300243939e-01,9.217489554732262169e-01,9.692504403757783438e-01,9.286984984442694380e-01,8.958986158850820170e-01,9.040289466094995063e-01,9.314954311408115695e-01,9.611183395106320804e-01,9.555169087280130924e-01,9.586484732679587673e-01,9.812770154372354448e-01,9.308828662255225206e-01,9.688871882669857216e-01,9.418829925600746833e-01,9.186427490171634735e-01,9.371304302277930764e-01,9.782195698228555170e-01,8.917082299043369575e-01,8.747277989691739641e-01,9.435060429295625273e-01,9.139599364104388224e-01,9.782192585810275398e-01,9.095434870555655360e-01,9.262548038286330110e-01,8.775978580044742072e-01,1.000000000000000000e+00,9.628238629733507636e-01,8.908988864125401141e-01,9.428914326370591015e-01,8.837203890195056699e-01,9.753963006092242205e-01
9.134325416282227383e-01,8.896228561008906466e-01,9.189233837182489983e-01,9.004520332886556400e-01,9.266476743309459696e-01,8.817055292256055221e-01,8.718400002115571645e-01,8.987650944110282536e-01,9.561088698652882023e-01,9.527539165143577016e-01,9.787694940721913817e-01,9.543951254905971293e-01,8.927227322138721055e-01,8.929344184504665050e-01,9.589108177553677947e-01,9.418530588595773745e-01,9.803992814393286404e-01,9.403533577850502478e-01,9.656884562935135197e-01,9.138860214170312357e-01,9.802879221476502591e-01,9.235539192643513751e-01,9.041207310581367285e-01,9.179803878011344453e-01,9.560930268723807357e-01,8.855572468026089439e-01,8.719090289582566156e-01,9.272851171549892912e-01,8.985009337512120942e-01,9.565916165875181232e-01,8.945133161192400095e-01,9.076617105514075412e-01,8.749262213984629888e-01,9.628238629733507636e-01,1.000000000000000000e+00,8.892571270567508623e-01,9.229059342602023985e-01,8.787101215771562224e-01,9.523634956264578344e-01
9.354307983048557595e-01,9.793106494112372440e-01,9.283556657666643952e-01,9.556287887073473541e-01,9.271903142739184034e-01,9.767718296263456779e-01,9.696172207267018672e-01,9.523091199306931154e-01,8.723847278171084074e-01,8.667987220156720962e-01,8.877152751896157934e-01,8.737203138896445509e-01,9.820371706758910246e-01,9.695499484064398210e-01,8.741475967856336959e-01,9.147067049355611656e-01,8.857367304301352329e-01,9.161288597487158292e-01,8.904276330805028783e-01,9.339853907448090187e-01,8.924755917244261427e-01,9.277286311005399355e-01,9.456657786910919183e-01,9.294959605604650177e-01,9.043828300622466232e-01,9.758114144742623397e-01,9.605111827532685220e-01,9.287517368427692377e-01,9.548420193396688349e-01,9.024635690895704832e-01,9.563938443472862483e-01,9.392896017820125953e-01,9.676477085851181714e-01,8.908988864125401141e-01,8.892571270567508623e-01,1.000000000000000000e+00,9.304390383004805809e-01,9.714130006769662318e-01,9.106373332777601970e-01
9.732652376531660821e-01,9.303202538497066243e-01,9.806276537044523733e-01,9.556207773038146724e-01,9.838318930207755608e-01,9.292522703473430346e-01,9.237481147360713241e-01,9.582099653682383256e-01,8.980578813283689454e-01,8.920946462794013820e-01,9.255264817580681758e-01,8.986036162719318598e-01,9.340526383314530223e-01,9.440998074493467396e-01,9.040217554078431306e-01,9.703795379522299758e-01,9.187419137353466381e-01,9.702121216628311062e-01,9.387172236538240400e-01,9.746222042640511063e-01,9.262626633333745918e-01,9.836608810182272400e-01,9.593566508208570820e-01,9.788467941599323652e-01,9.530919081338530274e-01,9.298570894269714282e-01,9.168676683682206452e-01,9.838243056448855439e-01,9.570957576468772654e-01,9.554254987361047169e-01,9.500251861614320559e-01,9.674044326264924498e-01,9.200460952306832585e-01,9.428914326370591015e-01,9.229059342602023985e-01,9.304390383004805809e-01,1.000000000000000000e+00,9.263841812623936356e-01,9.571138581994020900e-01
9.348366280892485003e-01,9.769291374194354338e-01,9.277699096338740681e-01,9.508736666875241550e-01,9.247059334328420199e-01,9.734021310388631942e-01,9.833296133067338518e-01,9.502642527821665297e-01,8.641324349689663009e-01,8.596972796232117409e-01,8.786240269468297281e-01,8.650633290304778900e-01,9.696813458099504679e-01,9.626705459539364185e-01,8.652547896524827031e-01,9.071675066632647333e-01,8.751960444291005947e-01,9.093045307807017252e-01,8.857267030559189402e-01,9.334491424827292549e-01,8.833994993272050733e-01,9.261539700241928630e-01,9.457185177067686244e-01,9.298905593693539418e-01,8.987221501471941432e-01,9.826629640302566582e-01,9.715575982143416223e-01,9.254985923111693769e-01,9.528766290127584915e-01,8.966191481218461767e-01,9.529852657478429245e-01,9.389056901207588623e-01,9.812902958854364810e-01,8.837203890195056699e-01,8.787101215771562224e-01,9.714130006769662318e-01,9.263841812623936356e-01,1.000000000000000000e+00,9.058820984931197362e-01
9.448348828919637121e-01,9.110826603780338706e-01,9.505691043950992292e-01,9.333508938361324558e-01,9.581917078903098295e-01,9.058940200402212373e-01,8.994438299792165692e-01,9.327020213602663645e-01,9.232098342133606694e-01,9.199227584899623000e-01,9.577096491490890706e-01,9.269768820386448116e-01,9.150746578639411544e-01,9.224683265152598954e-01,9.283486684640580577e-01,9.730263086769296299e-01,9.470863285678466914e-01,9.723536570082458308e-01,9.723976585475092582e-01,9.442856796511521766e-01,9.577311851206142812e-01,9.552008933775406607e-01,9.351425979138389133e-01,9.500345725225243232e-01,9.824001732766333150e-01,9.111997680575024683e-01,8.954288083198358450e-01,9.569424361645428867e-01,9.329803322166109192e-01,9.810653003196770916e-01,9.275753769535610704e-01,9.413633843171981264e-01,8.990526882797783559e-01,9.753963006092242205e-01,9.523634956264578344e-01,9.106373332777601970e-01,9.571138581994020900e-01,9.058820984931197362e-01,1.000000000000000000e+00
