1.000000000000000000e+00,5.470019110670668594e-01,6.080557694297904492e-01,-4.485380805097859969e-01,-4.256921179984484577e-02,5.746400892148539885e-01,-2.410378950640647833e-01,-4.853742605088553486e-01,-5.384572293521209252e-01,7.353485551183561730e-01,3.303426744237137891e-01,-2.035582672505446000e-01,-4.279625021579716027e-01,2.378357564631910503e-01,3.763374126683489140e-01,7.279779233053521592e-01,6.795659194510264012e-01,-6.291244100250006355e-01,-3.372174109430614020e-01,-9.681071930569086492e-02,6.046825004680262960e-01,6.196639752823809300e-01,5.462741926971501627e-01,6.020028560886343527e-01,6.652505905273745634e-01,7.042741983194029665e-01,5.501107321178833054e-01,6.471836279813257820e-01,6.835449895145960797e-01,7.406952179036361272e-01,5.653131192776522651e-01,6.664330993343139387e-01,6.231128627684781041e-01,4.863283322473750392e-01,6.215129743945067009e-01,4.624039713889042114e-01,6.044016535339162832e-01,-5.880969989236998208e-01,-5.401945590622676541e-01
5.470019110670668594e-01,1.000000000000000000e+00,-4.733105441871097996e-02,1.612796458377935560e-01,8.969345799219309578e-02,-9.829950643961513079e-02,2.253923026345281411e-01,6.372017956515693693e-03,1.413602936703525215e-01,1.470984104716572261e-01,-1.368188945853237304e-01,-1.279283592702525237e-02,6.777148054756743090e-02,6.589728822975865485e-02,-1.456106428173500056e-01,2.771569457133447045e-01,1.513068901916435338e-02,-1.054724218179333289e-01,-3.954754723041652847e-02,1.428449987113314390e-01,-1.175663592969247301e-01,-8.530804066195157853e-02,2.245916475395576262e-01,-2.528124104528291921e-02,1.144555542732923897e-01,1.119767994740804018e-01,-1.041909912573147357e-01,-7.015919276104344571e-02,-6.182867780415568851e-03,5.832076746999347305e-01,-1.311988255957228233e-01,-2.743883263544275725e-02,-8.519859508962701611e-02,-3.588003203073552964e-03,-6.933693794322323689e-02,-2.549390025867377674e-02,-3.387657846271554390e-02,1.584060215157853668e-01,1.571245519027249238e-01
6.080557694297904492e-01,-4.733105441871097996e-02,1.000000000000000000e+00,-6.557123485419577014e-01,1.532729381433073357e-01,8.278524514529753686e-01,-3.884406679402805929e-01,-8.924110637228349630e-01,-6.920310226975658896e-01,8.344706313670331443e-01,6.000618571098975673e-01,-9.641986187095646921e-02,-7.938999645381916714e-01,4.249609971945296216e-01,6.660678432975827290e-01,6.955815443105292095e-01,8.321656285723044721e-01,-5.368729875320008560e-01,-3.467446287304363772e-01,-4.321557041437463220e-01,8.612763410919997975e-01,8.575662297724228056e-01,5.596518182554325316e-01,7.833357603209400999e-01,8.258289801197160607e-01,8.495776581441002451e-01,8.853336774060364123e-01,8.826843695738770812e-01,8.558280445387514979e-01,3.487687175061364719e-01,9.167598997011041639e-01,8.457037113343631729e-01,8.966378695942546218e-01,7.655637269567353576e-01,8.325270131453537115e-01,6.791599203627999293e-01,8.476250555924329522e-01,-6.534143180397001816e-01,-5.616740209535562300e-01
-4.485380805097859969e-01,1.612796458377935560e-01,-6.557123485419577014e-01,1.000000000000000000e+00,3.663214784464933760e-01,-7.858988883463315922e-01,4.549467897975549291e-01,4.433516389549914671e-01,7.929848409839725942e-01,-6.000333402897655155e-01,-7.665534554526042266e-01,4.087348829705825803e-01,6.207194570279748191e-01,6.995488635013008549e-02,-7.244529417188120268e-01,-3.779215481189256987e-01,-7.824357283993798040e-01,5.614603001703247775e-01,5.003957820737368056e-01,3.088173786792075548e-01,-8.214197552853589324e-01,-7.635787853202583575e-01,-1.935350912563120196e-01,-5.860812373598938141e-01,-5.720345601079258602e-01,-7.669077814211399113e-01,-7.865326703080547377e-01,-8.182071012494458451e-01,-7.900581546317850812e-01,-4.706770144320432392e-02,-7.670657904779845104e-01,-7.973563953934734716e-01,-7.791505984262503404e-01,-4.088326625887617194e-01,-7.654222622045369073e-01,-6.450167895104160776e-01,-7.852763945880542051e-01,6.375226191814564736e-01,6.842048880929038068e-01
-4.256921179984484577e-02,8.969345799219309578e-02,1.532729381433073357e-01,3.663214784464933760e-01,1.000000000000000000e+00,-2.017019935380572060e-01,9.134840782134349968e-02,-4.540433258483421164e-01,4.272107456417699733e-01,1.332859333128073864e-01,-4.025965139892007660e-01,3.434535553473904157e-01,-1.474507744085192806e-01,7.525623254601420120e-01,-1.536729662472112179e-01,3.279115462416132831e-01,-1.306617593763285401e-01,-4.837355567469148881e-02,6.296629590727287340e-02,-7.955859895587320818e-02,-1.971126618004425957e-01,-1.960982352182309985e-01,4.154127313012981326e-01,7.049574681128575881e-02,2.231755679345516774e-01,-1.327037010775767301e-01,-5.505560756098069886e-02,-1.810978359806624249e-01,-1.756414228710760639e-01,2.537796540384559263e-01,2.025025105693691388e-02,-1.412899909440769597e-01,-1.483964047790335139e-01,5.296051749529787633e-01,-1.944635096457917878e-01,-1.946708367159017405e-01,-1.780603464020368565e-01,1.372886219290521403e-01,4.323199192338439967e-01
5.746400892148539885e-01,-9.829950643961513079e-02,8.278524514529753686e-01,-7.858988883463315922e-01,-2.017019935380572060e-01,1.000000000000000000e+00,-3.966513866485210649e-01,-6.277182515257493378e-01,-8.936907676341702134e-01,7.641615079124033372e-01,7.366015572721241744e-01,-4.495922656947740070e-01,-6.914600118055215239e-01,1.477883963597033112e-01,6.241196728448316078e-01,5.483688986217848393e-01,9.313903600119712856e-01,-5.188574957154126199e-01,-5.257018742974396419e-01,-4.056487622530776660e-01,9.306036195718820903e-01,9.198940053443475096e-01,3.190739449777701409e-01,7.190231055615803335e-01,7.337963012029636856e-01,8.877770749072380063e-01,9.143919505935754755e-01,9.343900169266813327e-01,9.501052326276915316e-01,1.182785101005327799e-01,8.905399499345508785e-01,9.407773012593015904e-01,9.393694700459050972e-01,5.762986099430826847e-01,9.473174721374636453e-01,7.711924314447912154e-01,9.526366810881523595e-01,-7.379515422505491529e-01,-7.516715274284542225e-01
-2.410378950640647833e-01,2.253923026345281411e-01,-3.884406679402805929e-01,4.549467897975549291e-01,9.134840782134349968e-02,-3.966513866485210649e-01,1.000000000000000000e+00,2.861272174501766075e-01,4.257150111660720770e-01,-3.267850332780176115e-01,-3.692908822007406888e-01,-8.156931233641402310e-03,3.495316568685230552e-01,-5.867818610695433451e-02,-4.396092489281956950e-01,-2.143030736108837986e-01,-4.201200077777710873e-01,3.694089440798019597e-01,1.676702074815259180e-01,1.946113118356710414e-01,-4.784452761449506930e-01,-4.278676056740124412e-01,-9.966589677016925164e-02,-3.129945992092605933e-01,-2.942305704418163859e-01,-3.544053504949120637e-01,-4.298528148693926965e-01,-4.575313717699422966e-01,-4.043952168254375534e-01,-1.547374571797305309e-02,-4.588901053669011132e-01,-4.307911464553655367e-01,-4.142934753134462356e-01,-3.546029163217953029e-01,-4.239466401527601791e-01,-3.446423676071476705e-01,-4.035104954988360526e-01,4.596452606215183367e-01,3.273065404036899495e-01
-4.853742605088553486e-01,6.372017956515693693e-03,-8.924110637228349630e-01,4.433516389549914671e-01,-4.540433258483421164e-01,-6.277182515257493378e-01,2.861272174501766075e-01,1.000000000000000000e+00,4.199682975539182905e-01,-7.342725719902590820e-01,-3.812819030376126683e-01,-2.561884774957886440e-02,7.415870655595213634e-01,-6.268298070638422814e-01,-5.243090177972800081e-01,-6.972415207329095699e-01,-6.539617972677634894e-01,4.710792567461631331e-01,2.882276732600004832e-01,4.278136603569408503e-01,-6.482047532872956541e-01,-6.613919361233496774e-01,-6.171790347095035267e-01,-6.935403999495219907e-01,-7.736317133198011842e-01,-6.794301915711074003e-01,-7.388981225576992662e-01,-6.817453490235797497e-01,-6.545572842921093537e-01,-3.679122479506112819e-01,-7.937067920127182097e-01,-6.539670847198949533e-01,-7.009736630499187049e-01,-8.300037611814106153e-01,-6.322746718730225535e-01,-4.905939697121993737e-01,-6.489050498270795275e-01,4.828518132478435421e-01,3.161338519342509201e-01
-5.384572293521209252e-01,1.413602936703525215e-01,-6.920310226975658896e-01,7.929848409839725942e-01,4.272107456417699733e-01,-8.936907676341702134e-01,4.257150111660720770e-01,4.199682975539182905e-01,1.000000000000000000e+00,-6.210189276880145881e-01,-7.323617434770887114e-01,5.205808087813850182e-01,5.253957681148203607e-01,7.062444980548514273e-02,-5.689704125943036983e-01,-3.764475299704342914e-01,-8.599030130414438977e-01,5.446365284193772638e-01,4.882729551442354654e-01,3.081760752902355516e-01,-8.832493507609825434e-01,-8.578211990101057838e-01,-1.550946656068137308e-01,-6.220718774521485361e-01,-5.768730024068662310e-01,-7.894408951580232925e-01,-7.851195192651320154e-01,-8.703611123804623206e-01,-8.845250747757820164e-01,-7.420454245881782929e-02,-7.578846432486153750e-01,-8.662938679660345809e-01,-8.634635684014938528e-01,-3.445039466253199123e-01,-8.816930888058853721e-01,-7.254105674135029602e-01,-8.711647865281075820e-01,7.805220142397429894e-01,8.560271195121680332e-01
7.353485551183561730e-01,1.470984104716572261e-01,8.344706313670331443e-01,-6.000333402897655155e-01,1.332859333128073864e-01,7.641615079124033372e-01,-3.267850332780176115e-01,-7.342725719902590820e-01,-6.210189276880145881e-01,1.000000000000000000e+00,5.085520375523971959e-01,-1.766547141603803661e-01,-6.763874706498066436e-01,3.902836736612432245e-01,5.580749581774072654e-01,8.753679033163989098e-01,8.131512486933242245e-01,-5.606315499471548058e-01,-3.222280641652875977e-01,-2.963292248289087216e-01,7.992561901235337718e-01,7.957208367213645106e-01,6.071556345610524819e-01,7.452680241178889498e-01,8.331060870125612805e-01,8.428576847960732588e-01,8.187025725489450734e-01,8.141005272215823263e-01,8.205275473732910330e-01,5.259573543988554922e-01,8.189600358894714160e-01,8.388878429182143881e-01,8.010013607223097631e-01,7.186322614471550851e-01,7.760109222640129145e-01,7.068302646939610412e-01,7.918278542258523345e-01,-6.240780264249377041e-01,-5.299105501787474415e-01
3.303426744237137891e-01,-1.368188945853237304e-01,6.000618571098975673e-01,-7.665534554526042266e-01,-4.025965139892007660e-01,7.366015572721241744e-01,-3.692908822007406888e-01,-3.812819030376126683e-01,-7.323617434770887114e-01,5.085520375523971959e-01,1.000000000000000000e+00,-3.244290251180126927e-01,-5.968949964668096575e-01,-1.365175809294714437e-01,6.621177665703766868e-01,2.287888204500255762e-01,7.204383935338805056e-01,-3.037745149802336675e-01,-2.950668627850862591e-01,-3.899675954613405771e-01,7.683750124415209548e-01,7.040121509418001411e-01,7.556866728231119434e-02,4.600926373546574966e-01,4.244076861816236668e-01,7.256586280813789314e-01,7.294284890837633428e-01,7.297518008185172045e-01,7.181519793854866940e-01,-1.138367950335300582e-01,6.985206654549697136e-01,7.222076638374074209e-01,7.279331095208051439e-01,2.798125978376756473e-01,7.238771246510179447e-01,6.923437978553165228e-01,7.566076432572845789e-01,-4.168131597634739394e-01,-5.346756027262623556e-01
-2.035582672505446000e-01,-1.279283592702525237e-02,-9.641986187095646921e-02,4.087348829705825803e-01,3.434535553473904157e-01,-4.495922656947740070e-01,-8.156931233641402310e-03,-2.561884774957886440e-02,5.205808087813850182e-01,-1.766547141603803661e-01,-3.244290251180126927e-01,1.000000000000000000e+00,1.312158285070331998e-01,1.857268115477912762e-01,-1.371346648692796898e-02,-1.042935157479716740e-01,-4.432190927140785552e-01,3.816828412761087419e-01,5.933499595189624110e-01,1.106575728915749346e-01,-3.295644418443224866e-01,-2.839869024792232022e-01,3.453761568179994357e-02,-2.125968948776905676e-01,-2.360189175928424921e-01,-3.437465837675182101e-01,-2.930421702386903915e-01,-3.183607012492987720e-01,-4.099610525459498334e-01,1.410576484340246017e-01,-2.450072162494966455e-01,-4.220154781957079493e-01,-2.987051549660906802e-01,-4.021930874340037820e-03,-3.937084383382521979e-01,-2.952029059983548587e-01,-3.986685109494800261e-01,4.158691199478907197e-01,5.714649079341366233e-01
-4.279625021579716027e-01,6.777148054756743090e-02,-7.938999645381916714e-01,6.207194570279748191e-01,-1.474507744085192806e-01,-6.914600118055215239e-01,3.495316568685230552e-01,7.415870655595213634e-01,5.253957681148203607e-01,-6.763874706498066436e-01,-5.968949964668096575e-01,1.312158285070331998e-01,1.000000000000000000e+00,-3.275970668312204181e-01,-5.484348081010506082e-01,-5.417520349813655933e-01,-7.072685892003868213e-01,4.499149965094482728e-01,3.701179583161408049e-01,4.576852720099838234e-01,-7.009317434271287173e-01,-6.628826594170739162e-01,-4.753121818169638302e-01,-6.314508142638374233e-01,-6.724792620413457822e-01,-7.437464283185022396e-01,-7.791136894303865024e-01,-7.235840786902019151e-01,-7.092042184585989339e-01,-1.776138195917455753e-01,-8.499908933654166665e-01,-7.291378655349275428e-01,-7.416165155102456552e-01,-6.811832990322703729e-01,-6.863602548383302970e-01,-5.358130542961287990e-01,-7.173369252051335909e-01,4.586943711497245002e-01,4.273387949749683501e-01
2.378357564631910503e-01,6.589728822975865485e-02,4.249609971945296216e-01,6.995488635013008549e-02,7.525623254601420120e-01,1.477883963597033112e-01,-5.867818610695433451e-02,-6.268298070638422814e-01,7.062444980548514273e-02,3.902836736612432245e-01,-1.365175809294714437e-01,1.857268115477912762e-01,-3.275970668312204181e-01,1.000000000000000000e+00,1.233524033829558886e-01,5.144348863013706863e-01,2.058502608692794056e-01,-2.139388748117589945e-01,-8.943108693900320150e-02,-1.294113584402301897e-01,1.307598774628182803e-01,1.622024523879188329e-01,5.193200314412023122e-01,4.593692279947259594e-01,4.787886098499434251e-01,1.713763141246540667e-01,2.378666084878351683e-01,1.529744504885665879e-01,1.862048120397787332e-01,4.259399296996106421e-01,3.195965522264213043e-01,2.011676598455333365e-01,1.971283543794221660e-01,6.185109570697228110e-01,1.545760806296676559e-01,6.577845662125263171e-02,1.516497013898306379e-01,-1.804265428885731548e-01,7.416089955731158812e-02
3.763374126683489140e-01,-1.456106428173500056e-01,6.660678432975827290e-01,-7.244529417188120268e-01,-1.536729662472112179e-01,6.241196728448316078e-01,-4.396092489281956950e-01,-5.243090177972800081e-01,-5.689704125943036983e-01,5.580749581774072654e-01,6.621177665703766868e-01,-1.371346648692796898e-02,-5.484348081010506082e-01,1.233524033829558886e-01,1.000000000000000000e+00,3.803864138790909455e-01,6.283101170348774911e-01,-3.909955782517706147e-01,-1.987844758268405287e-01,-2.894902652429744982e-01,6.992878729970333218e-01,6.816415435688540914e-01,2.804387938314094053e-01,4.977206056824322045e-01,4.994132872298119863e-01,6.642811567600516165e-01,6.897031662839208099e-01,6.902263412273026422e-01,6.336493645704428523e-01,1.381105657139279907e-01,6.888461351023076329e-01,6.331014293778153279e-01,6.800861163160685230e-01,4.523581635792858213e-01,6.408400394052772286e-01,5.728094984500018416e-01,6.588934052653064866e-01,-4.289215477864167791e-01,-4.149157463730006046e-01
7.279779233053521592e-01,2.771569457133447045e-01,6.955815443105292095e-01,-3.779215481189256987e-01,3.279115462416132831e-01,5.483688986217848393e-01,-2.143030736108837986e-01,-6.972415207329095699e-01,-3.764475299704342914e-01,8.753679033163989098e-01,2.287888204500255762e-01,-1.042935157479716740e-01,-5.417520349813655933e-01,5.144348863013706863e-01,3.803864138790909455e-01,1.000000000000000000e+00,6.409858717405765294e-01,-5.516649657027594689e-01,-3.055153041769426148e-01,-1.585836355235668849e-01,5.841483858642114724e-01,6.053141269665467394e-01,6.890432091010179061e-01,6.391401030206855793e-01,7.887170900536091267e-01,6.890039797203512117e-01,6.308651808458265453e-01,6.187009877887551523e-01,6.320984410265816367e-01,6.584320140869395210e-01,6.515568372600755165e-01,6.513267984178793268e-01,6.025714771144512483e-01,7.257074977557254059e-01,5.781619958049692976e-01,5.020140516051558865e-01,5.784890289199930979e-01,-4.962546741240079773e-01,-3.763591985060929512e-01
6.795659194510264012e-01,1.513068901916435338e-02,8.321656285723044721e-01,-7.824357283993798040e-01,-1.306617593763285401e-01,9.313903600119712856e-01,-4.201200077777710873e-01,-6.539617972677634894e-01,-8.599030130414438977e-01,8.131512486933242245e-01,7.204383935338805056e-01,-4.432190927140785552e-01,-7.072685892003868213e-01,2.058502608692794056e-01,6.283101170348774911e-01,6.409858717405765294e-01,1.000000000000000000e+00,-6.390051166554951978e-01,-5.721533591490683968e-01,-3.637980360487097498e-01,9.168041386321672537e-01,9.009280840792696088e-01,4.314189582978874560e-01,7.534020890784863811e-01,7.914406578369592715e-01,9.215093346314888745e-01,9.037060044868131525e-01,9.228866532213295670e-01,9.449779189316080963e-01,2.562127844552274936e-01,8.915518310277075198e-01,9.500823866803869144e-01,9.212008467178733895e-01,6.435638081071810568e-01,9.369918617992699650e-01,7.609864020010007613e-01,9.336334711403470044e-01,-7.407292468256023721e-01,-7.506141143789242243e-01
-6.291244100250006355e-01,-1.054724218179333289e-01,-5.368729875320008560e-01,5.614603001703247775e-01,-4.837355567469148881e-02,-5.188574957154126199e-01,3.694089440798019597e-01,4.710792567461631331e-01,5.446365284193772638e-01,-5.606315499471548058e-01,-3.037745149802336675e-01,3.816828412761087419e-01,4.499149965094482728e-01,-2.139388748117589945e-01,-3.909955782517706147e-01,-5.516649657027594689e-01,-6.390051166554951978e-01,1.000000000000000000e+00,6.502412849473315770e-01,1.233713816156172538e-01,-5.727507431931645465e-01,-5.351983195419210970e-01,-5.078758110071838194e-01,-4.967335641933786072e-01,-6.432001917924619061e-01,-5.629736386677384186e-01,-5.149432868517381801e-01,-5.746279021437964429e-01,-6.010608826968830698e-01,-4.302621696311008659e-01,-5.670997192323014024e-01,-6.243893821151978996e-01,-5.417717669849736462e-01,-5.921137494582587868e-01,-5.405191880379583980e-01,-3.006262820943496061e-01,-5.131515791445427910e-01,7.447045436782063765e-01,6.665397905712951987e-01
-3.372174109430614020e-01,-3.954754723041652847e-02,-3.467446287304363772e-01,5.003957820737368056e-01,6.296629590727287340e-02,-5.257018742974396419e-01,1.676702074815259180e-01,2.882276732600004832e-01,4.882729551442354654e-01,-3.222280641652875977e-01,-2.950668627850862591e-01,5.933499595189624110e-01,3.701179583161408049e-01,-8.943108693900320150e-02,-1.987844758268405287e-01,-3.055153041769426148e-01,-5.721533591490683968e-01,6.502412849473315770e-01,1.000000000000000000e+00,1.620270878814948357e-01,-4.400572210297660214e-01,-4.137051261248721468e-01,-2.338272037622655675e-01,-3.604216290434714143e-01,-4.987790667758572605e-01,-4.734232810200728614e-01,-4.565819406960537341e-01,-4.559456940659420976e-01,-5.151852497029311140e-01,-5.536187922398886491e-02,-4.623971591493795663e-01,-5.258415872067386809e-01,-4.470119122903704612e-01,-4.165790239948737872e-01,-4.968918315788275475e-01,-3.135400208967967783e-01,-4.953711470227981639e-01,4.980794349221645545e-01,5.431796107860716871e-01
-9.681071930569086492e-02,1.428449987113314390e-01,-4.321557041437463220e-01,3.088173786792075548e-01,-7.955859895587320818e-02,-4.056487622530776660e-01,1.946113118356710414e-01,4.278136603569408503e-01,3.081760752902355516e-01,-2.963292248289087216e-01,-3.899675954613405771e-01,1.106575728915749346e-01,4.576852720099838234e-01,-1.294113584402301897e-01,-2.894902652429744982e-01,-1.585836355235668849e-01,-3.637980360487097498e-01,1.233713816156172538e-01,1.620270878814948357e-01,1.000000000000000000e+00,-3.616661206790287575e-01,-3.910721233409986120e-01,-8.981582444066339710e-02,-2.889900990791778312e-01,-2.667343538333519781e-01,-3.728022044351766984e-01,-4.354585915577080524e-01,-3.958969282270679013e-01,-3.577796912919533612e-01,8.357113265033261351e-02,-4.275045855506651726e-01,-3.613391789302474733e-01,-3.865988076194444845e-01,-3.032180965209790857e-01,-3.632837295585615855e-01,-3.494553147952034755e-01,-3.873980844044176974e-01,2.097079472508308340e-01,1.606025483393719033e-01
6.046825004680262960e-01,-1.175663592969247301e-01,8.612763410919997975e-01,-8.214197552853589324e-01,-1.971126618004425957e-01,9.306036195718820903e-01,-4.784452761449506930e-01,-6.482047532872956541e-01,-8.832493507609825434e-01,7.992561901235337718e-01,7.683750124415209548e-01,-3.295644418443224866e-01,-7.009317434271287173e-01,1.307598774628182803e-01,6.992878729970333218e-01,5.841483858642114724e-01,9.168041386321672537e-01,-5.727507431931645465e-01,-4.400572210297660214e-01,-3.616661206790287575e-01,1.000000000000000000e+00,9.289691416346013142e-01,3.739264201160755752e-01,7.205635116012329977e-01,7.563881623860060355e-01,9.006839936601467311e-01,9.209103504875402191e-01,9.484268340094650362e-01,9.440263777247197563e-01,1.913403857108895434e-01,9.051839375213284189e-01,9.367606172103478679e-01,9.425893060164616255e-01,6.071858108958282374e-01,9.227574286901256695e-01,7.766879650336135921e-01,9.322458325978275617e-01,-7.515087321328675074e-01,-7.411285037012862453e-01
6.196639752823809300e-01,-8.530804066195157853e-02,8.575662297724228056e-01,-7.635787853202583575e-01,-1.960982352182309985e-01,9.198940053443475096e-01,-4.278676056740124412e-01,-6.613919361233496774e-01,-8.578211990101057838e-01,7.957208367213645106e-01,7.040121509418001411e-01,-2.839869024792232022e-01,-6.628826594170739162e-01,1.622024523879188329e-01,6.816415435688540914e-01,6.053141269665467394e-01,9.009280840792696088e-01,-5.351983195419210970e-01,-4.137051261248721468e-01,-3.910721233409986120e-01,9.289691416346013142e-01,1.000000000000000000e+00,3.650828269269902338e-01,7.359283282288218153e-01,7.501666355042211354e-01,8.963039596703425982e-01,9.100821520024490185e-01,9.448832825888149323e-01,9.291474226728948516e-01,2.168891318752229347e-01,8.772611231285442068e-01,9.134674462631908742e-01,9.394846583093612313e-01,5.911271039193040089e-01,9.151457592466396562e-01,7.733586106175049935e-01,9.155583253252291831e-01,-7.155833741434624029e-01,-7.378043802790917871e-01
5.462741926971501627e-01,2.245916475395576262e-01,5.596518182554325316e-01,-1.935350912563120196e-01,4.154127313012981326e-01,3.190739449777701409e-01,-9.966589677016925164e-02,-6.171790347095035267e-01,-1.550946656068137308e-01,6.071556345610524819e-01,7.556866728231119434e-02,3.453761568179994357e-02,-4.753121818169638302e-01,5.193200314412023122e-01,2.804387938314094053e-01,6.890432091010179061e-01,4.314189582978874560e-01,-5.078758110071838194e-01,-2.338272037622655675e-01,-8.981582444066339710e-02,3.739264201160755752e-01,3.650828269269902338e-01,1.000000000000000000e+00,4.944320447639151683e-01,7.483636312702409699e-01,4.760198992368006032e-01,4.202815352210325095e-01,4.081874358965313920e-01,4.119010927524082710e-01,5.963389687388443994e-01,4.681284360199393091e-01,4.158768737688790518e-01,4.055738345391276534e-01,6.586198263553156851e-01,3.433021772821797657e-01,2.137412833818968239e-01,3.434327922942977951e-01,-3.795630184069916369e-01,-2.478544342460011485e-01
6.020028560886343527e-01,-2.528124104528291921e-02,7.833357603209400999e-01,-5.860812373598938141e-01,7.049574681128575881e-02,7.190231055615803335e-01,-3.129945992092605933e-01,-6.935403999495219907e-01,-6.220718774521485361e-01,7.452680241178889498e-01,4.600926373546574966e-01,-2.125968948776905676e-01,-6.314508142638374233e-01,4.593692279947259594e-01,4.977206056824322045e-01,6.391401030206855793e-01,7.534020890784863811e-01,-4.967335641933786072e-01,-3.604216290434714143e-01,-2.889900990791778312e-01,7.205635116012329977e-01,7.359283282288218153e-01,4.944320447639151683e-01,1.000000000000000000e+00,7.711580397187137725e-01,7.409914625663031051e-01,7.536622018746345075e-01,7.503322954565360137e-01,7.629843225543245788e-01,3.714957843022762551e-01,7.653957287270247711e-01,7.524943696360326673e-01,7.638630932187503442e-01,5.969920178907124342e-01,7.256926780216568229e-01,5.710281834503319054e-01,7.407007638757986401e-01,-6.206831829599511741e-01,-5.527199410526302259e-01
6.652505905273745634e-01,1.144555542732923897e-01,8.258289801197160607e-01,-5.720345601079258602e-01,2.231755679345516774e-01,7.337963012029636856e-01,-2.942305704418163859e-01,-7.736317133198011842e-01,-5.768730024068662310e-01,8.331060870125612805e-01,4.244076861816236668e-01,-2.360189175928424921e-01,-6.724792620413457822e-01,4.787886098499434251e-01,4.994132872298119863e-01,7.887170900536091267e-01,7.914406578369592715e-01,-6.432001917924619061e-01,-4.987790667758572605e-01,-2.667343538333519781e-01,7.563881623860060355e-01,7.501666355042211354e-01,7.483636312702409699e-01,7.711580397187137725e-01,1.000000000000000000e+00,7.982289223849504678e-01,8.021631885279535412e-01,7.771708838871596026e-01,7.887904751104466428e-01,4.498080851460139473e-01,7.969132012353673522e-01,7.876012870677162603e-01,7.718643897952414124e-01,7.883510810772594857e-01,7.237531927908831264e-01,5.989231822837155494e-01,7.498764427780494346e-01,-6.368550544057307583e-01,-5.250948832166183466e-01
7.042741983194029665e-01,1.119767994740804018e-01,8.495776581441002451e-01,-7.669077814211399113e-01,-1.327037010775767301e-01,8.877770749072380063e-01,-3.544053504949120637e-01,-6.794301915711074003e-01,-7.894408951580232925e-01,8.428576847960732588e-01,7.256586280813789314e-01,-3.437465837675182101e-01,-7.437464283185022396e-01,1.713763141246540667e-01,6.642811567600516165e-01,6.890039797203512117e-01,9.215093346314888745e-01,-5.629736386677384186e-01,-4.734232810200728614e-01,-3.728022044351766984e-01,9.006839936601467311e-01,8.963039596703425982e-01,4.760198992368006032e-01,7.409914625663031051e-01,7.982289223849504678e-01,1.000000000000000000e+00,9.173322033418112031e-01,9.193054021617440563e-01,9.163779178034787698e-01,3.220716052825531861e-01,8.881225337054785562e-01,9.144437466350479049e-01,9.089869925194205003e-01,6.222314434445198605e-01,8.930653598670866833e-01,7.901792663558521168e-01,9.198092689086740936e-01,-6.115721221350364223e-01,-6.686349596699896480e-01
5.501107321178833054e-01,-1.041909912573147357e-01,8.853336774060364123e-01,-7.865326703080547377e-01,-5.505560756098069886e-02,9.143919505935754755e-01,-4.298528148693926965e-01,-7.388981225576992662e-01,-7.851195192651320154e-01,8.187025725489450734e-01,7.294284890837633428e-01,-2.930421702386903915e-01,-7.791136894303865024e-01,2.378666084878351683e-01,6.897031662839208099e-01,6.308651808458265453e-01,9.037060044868131525e-01,-5.149432868517381801e-01,-4.565819406960537341e-01,-4.354585915577080524e-01,9.209103504875402191e-01,9.100821520024490185e-01,4.202815352210325095e-01,7.536622018746345075e-01,8.021631885279535412e-01,9.173322033418112031e-01,1.000000000000000000e+00,9.318207378160178189e-01,9.120894570879457541e-01,1.516507693884216745e-01,9.354690873470545842e-01,9.153117671339197070e-01,9.255884972750472173e-01,6.891819262012842673e-01,9.001844714534311676e-01,7.869476287115473312e-01,9.271485594665601626e-01,-6.461199183220406317e-01,-6.178387455687174290e-01
6.471836279813257820e-01,-7.015919276104344571e-02,8.826843695738770812e-01,-8.182071012494458451e-01,-1.810978359806624249e-01,9.343900169266813327e-01,-4.575313717699422966e-01,-6.817453490235797497e-01,-8.703611123804623206e-01,8.141005272215823263e-01,7.297518008185172045e-01,-3.183607012492987720e-01,-7.235840786902019151e-01,1.529744504885665879e-01,6.902263412273026422e-01,6.187009877887551523e-01,9.228866532213295670e-01,-5.746279021437964429e-01,-4.559456940659420976e-01,-3.958969282270679013e-01,9.484268340094650362e-01,9.448832825888149323e-01,4.081874358965313920e-01,7.503322954565360137e-01,7.771708838871596026e-01,9.193054021617440563e-01,9.318207378160178189e-01,1.000000000000000000e+00,9.473867715076362828e-01,2.352705679691905749e-01,9.166347223490519669e-01,9.370261882827282118e-01,9.577866187974398704e-01,6.218864031566460060e-01,9.290684078327947626e-01,7.744176808801159773e-01,9.364789771845516420e-01,-7.494334627454131148e-01,-7.491787872330609721e-01
6.835449895145960797e-01,-6.182867780415568851e-03,8.558280445387514979e-01,-7.900581546317850812e-01,-1.756414228710760639e-01,9.501052326276915316e-01,-4.043952168254375534e-01,-6.545572842921093537e-01,-8.845250747757820164e-01,8.205275473732910330e-01,7.181519793854866940e-01,-4.099610525459498334e-01,-7.092042184585989339e-01,1.862048120397787332e-01,6.336493645704428523e-01,6.320984410265816367e-01,9.449779189316080963e-01,-6.010608826968830698e-01,-5.151852497029311140e-01,-3.577796912919533612e-01,9.440263777247197563e-01,9.291474226728948516e-01,4.119010927524082710e-01,7.629843225543245788e-01,7.887904751104466428e-01,9.163779178034787698e-01,9.120894570879457541e-01,9.473867715076362828e-01,1.000000000000000000e+00,2.593701280051771696e-01,8.999669526242437545e-01,9.561881715692061023e-01,9.503366994521074140e-01,6.116771637171853904e-01,9.408744262753724330e-01,7.515091280095640425e-01,9.468059537778817925e-01,-7.724710746273967255e-01,-7.748226073746706799e-01
7.406952179036361272e-01,5.832076746999347305e-01,3.487687175061364719e-01,-4.706770144320432392e-02,2.537796540384559263e-01,1.182785101005327799e-01,-1.547374571797305309e-02,-3.679122479506112819e-01,-7.420454245881782929e-02,5.259573543988554922e-01,-1.138367950335300582e-01,1.410576484340246017e-01,-1.776138195917455753e-01,4.259399296996106421e-01,1.381105657139279907e-01,6.584320140869395210e-01,2.562127844552274936e-01,-4.302621696311008659e-01,-5.536187922398886491e-02,8.357113265033261351e-02,1.913403857108895434e-01,2.168891318752229347e-01,5.963389687388443994e-01,3.714957843022762551e-01,4.498080851460139473e-01,3.220716052825531861e-01,1.516507693884216745e-01,2.352705679691905749e-01,2.593701280051771696e-01,1.000000000000000000e+00,2.096689128008533409e-01,2.508037059037073746e-01,2.156338492941298202e-01,3.417287209957740601e-01,1.805294500597234009e-01,1.144734686341243035e-01,1.644095877052274279e-01,-2.819828959368354537e-01,-1.816386498093811031e-01
5.653131192776522651e-01,-1.311988255957228233e-01,9.167598997011041639e-01,-7.670657904779845104e-01,2.025025105693691388e-02,8.905399499345508785e-01,-4.588901053669011132e-01,-7.937067920127182097e-01,-7.578846432486153750e-01,8.189600358894714160e-01,6.985206654549697136e-01,-2.450072162494966455e-01,-8.499908933654166665e-01,3.195965522264213043e-01,6.888461351023076329e-01,6.515568372600755165e-01,8.915518310277075198e-01,-5.670997192323014024e-01,-4.623971591493795663e-01,-4.275045855506651726e-01,9.051839375213284189e-01,8.772611231285442068e-01,4.681284360199393091e-01,7.653957287270247711e-01,7.969132012353673522e-01,8.881225337054785562e-01,9.354690873470545842e-01,9.166347223490519669e-01,8.999669526242437545e-01,2.096689128008533409e-01,1.000000000000000000e+00,9.116410565284391865e-01,9.239050862598370273e-01,7.475316251736017215e-01,8.911357786595990316e-01,7.068663402529143935e-01,9.021708811609688849e-01,-6.856931610008466516e-01,-6.295146948795373731e-01
6.664330993343139387e-01,-2.743883263544275725e-02,8.457037113343631729e-01,-7.973563953934734716e-01,-1.412899909440769597e-01,9.407773012593015904e-01,-4.307911464553655367e-01,-6.539670847198949533e-01,-8.662938679660345809e-01,8.388878429182143881e-01,7.222076638374074209e-01,-4.220154781957079493e-01,-7.291378655349275428e-01,2.011676598455333365e-01,6.331014293778153279e-01,6.513267984178793268e-01,9.500823866803869144e-01,-6.243893821151978996e-01,-5.258415872067386809e-01,-3.613391789302474733e-01,9.367606172103478679e-01,9.134674462631908742e-01,4.158768737688790518e-01,7.524943696360326673e-01,7.876012870677162603e-01,9.144437466350479049e-01,9.153117671339197070e-01,9.370261882827282118e-01,9.561881715692061023e-01,2.508037059037073746e-01,9.116410565284391865e-01,1.000000000000000000e+00,9.364955148763748349e-01,6.413339115531505596e-01,9.361261253060456644e-01,7.551898028402665997e-01,9.390895172366002797e-01,-7.692836571566469273e-01,-7.580982140018457383e-01
6.231128627684781041e-01,-8.519859508962701611e-02,8.966378695942546218e-01,-7.791505984262503404e-01,-1.483964047790335139e-01,9.393694700459050972e-01,-4.142934753134462356e-01,-7.009736630499187049e-01,-8.634635684014938528e-01,8.010013607223097631e-01,7.279331095208051439e-01,-2.987051549660906802e-01,-7.416165155102456552e-01,1.971283543794221660e-01,6.800861163160685230e-01,6.025714771144512483e-01,9.212008467178733895e-01,-5.417717669849736462e-01,-4.470119122903704612e-01,-3.865988076194444845e-01,9.425893060164616255e-01,9.394846583093612313e-01,4.055738345391276534e-01,7.638630932187503442e-01,7.718643897952414124e-01,9.089869925194205003e-01,9.255884972750472173e-01,9.577866187974398704e-01,9.503366994521074140e-01,2.156338492941298202e-01,9.239050862598370273e-01,9.364955148763748349e-01,1.000000000000000000e+00,6.270363906004100540e-01,9.403819071247091488e-01,7.592549003100764748e-01,9.452838135737141601e-01,-7.324994838399522257e-01,-7.379532129332576629e-01
4.863283322473750392e-01,-3.588003203073552964e-03,7.655637269567353576e-01,-4.088326625887617194e-01,5.296051749529787633e-01,5.762986099430826847e-01,-3.546029163217953029e-01,-8.300037611814106153e-01,-3.445039466253199123e-01,7.186322614471550851e-01,2.798125978376756473e-01,-4.021930874340037820e-03,-6.811832990322703729e-01,6.185109570697228110e-01,4.523581635792858213e-01,7.257074977557254059e-01,6.435638081071810568e-01,-5.921137494582587868e-01,-4.165790239948737872e-01,-3.032180965209790857e-01,6.071858108958282374e-01,5.911271039193040089e-01,6.586198263553156851e-01,5.969920178907124342e-01,7.883510810772594857e-01,6.222314434445198605e-01,6.891819262012842673e-01,6.218864031566460060e-01,6.116771637171853904e-01,3.417287209957740601e-01,7.475316251736017215e-01,6.413339115531505596e-01,6.270363906004100540e-01,1.000000000000000000e+00,5.850990427792681636e-01,3.922842145485287424e-01,5.880323738691960456e-01,-5.251249901769684536e-01,-2.922180850521803874e-01
6.215129743945067009e-01,-6.933693794322323689e-02,8.325270131453537115e-01,-7.654222622045369073e-01,-1.944635096457917878e-01,9.473174721374636453e-01,-4.239466401527601791e-01,-6.322746718730225535e-01,-8.816930888058853721e-01,7.760109222640129145e-01,7.238771246510179447e-01,-3.937084383382521979e-01,-6.863602548383302970e-01,1.545760806296676559e-01,6.408400394052772286e-01,5.781619958049692976e-01,9.369918617992699650e-01,-5.405191880379583980e-01,-4.968918315788275475e-01,-3.632837295585615855e-01,9.227574286901256695e-01,9.151457592466396562e-01,3.433021772821797657e-01,7.256926780216568229e-01,7.237531927908831264e-01,8.930653598670866833e-01,9.001844714534311676e-01,9.290684078327947626e-01,9.408744262753724330e-01,1.805294500597234009e-01,8.911357786595990316e-01,9.361261253060456644e-01,9.403819071247091488e-01,5.850990427792681636e-01,1.000000000000000000e+00,7.743065410531793091e-01,9.474742571401726376e-01,-7.349857168335698354e-01,-7.529537586671531946e-01
4.624039713889042114e-01,-2.549390025867377674e-02,6.791599203627999293e-01,-6.450167895104160776e-01,-1.946708367159017405e-01,7.711924314447912154e-01,-3.446423676071476705e-01,-4.905939697121993737e-01,-7.254105674135029602e-01,7.068302646939610412e-01,6.923437978553165228e-01,-2.952029059983548587e-01,-5.358130542961287990e-01,6.577845662125263171e-02,5.728094984500018416e-01,5.020140516051558865e-01,7.609864020010007613e-01,-3.006262820943496061e-01,-3.135400208967967783e-01,-3.494553147952034755e-01,7.766879650336135921e-01,7.733586106175049935e-01,2.137412833818968239e-01,5.710281834503319054e-01,5.989231822837155494e-01,7.901792663558521168e-01,7.869476287115473312e-01,7.744176808801159773e-01,7.515091280095640425e-01,1.144734686341243035e-01,7.068663402529143935e-01,7.551898028402665997e-01,7.592549003100764748e-01,3.922842145485287424e-01,7.743065410531793091e-01,1.000000000000000000e+00,8.045818081377554831e-01,-4.405427473323708099e-01,-5.100185009264044389e-01
6.044016535339162832e-01,-3.387657846271554390e-02,8.476250555924329522e-01,-7.852763945880542051e-01,-1.780603464020368565e-01,9.526366810881523595e-01,-4.035104954988360526e-01,-6.489050498270795275e-01,-8.711647865281075820e-01,7.918278542258523345e-01,7.566076432572845789e-01,-3.986685109494800261e-01,-7.173369252051335909e-01,1.516497013898306379e-01,6.588934052653064866e-01,5.784890289199930979e-01,9.336334711403470044e-01,-5.131515791445427910e-01,-4.953711470227981639e-01,-3.873980844044176974e-01,9.322458325978275617e-01,9.155583253252291831e-01,3.434327922942977951e-01,7.407007638757986401e-01,7.498764427780494346e-01,9.198092689086740936e-01,9.271485594665601626e-01,9.364789771845516420e-01,9.468059537778817925e-01,1.644095877052274279e-01,9.021708811609688849e-01,9.390895172366002797e-01,9.452838135737141601e-01,5.880323738691960456e-01,9.474742571401726376e-01,8.045818081377554831e-01,1.000000000000000000e+00,-6.822411274705341144e-01,-7.073792640294087608e-01
-5.880969989236998208e-01,1.584060215157853668e-01,-6.534143180397001816e-01,6.375226191814564736e-01,1.372886219290521403e-01,-7.379515422505491529e-01,4.596452606215183367e-01,4.828518132478435421e-01,7.805220142397429894e-01,-6.240780264249377041e-01,-4.168131597634739394e-01,4.158691199478907197e-01,4.586943711497245002e-01,-1.804265428885731548e-01,-4.289215477864167791e-01,-4.962546741240079773e-01,-7.407292468256023721e-01,7.447045436782063765e-01,4.980794349221645545e-01,2.097079472508308340e-01,-7.515087321328675074e-01,-7.155833741434624029e-01,-3.795630184069916369e-01,-6.206831829599511741e-01,-6.368550544057307583e-01,-6.115721221350364223e-01,-6.461199183220406317e-01,-7.494334627454131148e-01,-7.724710746273967255e-01,-2.819828959368354537e-01,-6.856931610008466516e-01,-7.692836571566469273e-01,-7.324994838399522257e-01,-5.251249901769684536e-01,-7.349857168335698354e-01,-4.405427473323708099e-01,-6.822411274705341144e-01,1.000000000000000000e+00,8.267084671767270798e-01
-5.401945590622676541e-01,1.571245519027249238e-01,-5.616740209535562300e-01,6.842048880929038068e-01,4.323199192338439967e-01,-7.516715274284542225e-01,3.273065404036899495e-01,3.161338519342509201e-01,8.560271195121680332e-01,-5.299105501787474415e-01,-5.346756027262623556e-01,5.714649079341366233e-01,4.273387949749683501e-01,7.416089955731158812e-02,-4.149157463730006046e-01,-3.763591985060929512e-01,-7.506141143789242243e-01,6.665397905712951987e-01,5.431796107860716871e-01,1.606025483393719033e-01,-7.411285037012862453e-01,-7.378043802790917871e-01,-2.478544342460011485e-01,-5.527199410526302259e-01,-5.250948832166183466e-01,-6.686349596699896480e-01,-6.178387455687174290e-01,-7.491787872330609721e-01,-7.748226073746706799e-01,-1.816386498093811031e-01,-6.295146948795373731e-01,-7.580982140018457383e-01,-7.379532129332576629e-01,-2.922180850521803874e-01,-7.529537586671531946e-01,-5.100185009264044389e-01,-7.073792640294087608e-01,8.267084671767270798e-01,1.000000000000000000e+00
