1.000000000000000000e+00,8.346357996674389490e-01,3.874573440645103783e-01,-2.375158471296740792e-01,6.449499237273738084e-01,1.320792638595532920e-01,-3.360211896166928613e-01,-5.580697808285879358e-01,8.329264249902424977e-01,6.808391218020686253e-01,4.313579209604982978e-01,4.853156961440839856e-01,-2.269872284998571410e-01,5.189937403193133347e-01,3.254790493154000042e-01,6.626034920703048892e-01,3.756137641596660748e-01,1.216016134430682599e-01,2.204351851700588893e-01,-2.446176680675915538e-01,2.209592587310211798e-01,1.230051171093337337e-01,7.084727987108889735e-01,5.492947587900197659e-01,7.052951611694189271e-01,5.307558325653415343e-01,4.629762294987097015e-01,3.380819229847943919e-01,3.953017747588625230e-01,7.847887508624041830e-01,2.522540579336209343e-01,5.680916767745601836e-01,1.445824784582348810e-01,4.974087921242520971e-01,4.930184811531145711e-02,7.695716796635363455e-01,1.712796705197914826e-01,8.284435055188430486e-01,7.882454524693253139e-01
8.346357996674389490e-01,1.000000000000000000e+00,1.614614878772360484e-01,-3.991823899261124908e-01,4.952531166863020085e-01,8.773059737988203599e-02,-4.482661916449046657e-01,-4.113963058880746870e-01,7.683487236852729607e-01,7.954256074820381661e-01,3.289248923252915402e-01,4.386211163830920357e-01,-1.485773305745647643e-01,5.948409673925338925e-01,1.025433441628446629e-01,7.646089738198357244e-01,2.846461689584988131e-01,-9.154450638114494665e-02,1.361656319821277772e-02,-3.885577793804845803e-01,2.509948705294013857e-02,-2.840909086263651573e-02,8.018049182225356342e-01,4.342087496115975553e-01,7.853525644092163027e-01,3.613778802830342474e-01,4.750670918486156746e-01,1.075943078119619006e-01,3.781769678990447581e-01,7.706426769623412332e-01,2.077667871939999911e-01,7.444956550963887087e-01,-7.728286534012242422e-03,3.314569543976819133e-01,3.788472383592156323e-02,7.793756722663233161e-01,2.995039073461410739e-01,7.590025635112187530e-01,8.208866761617255037e-01
3.874573440645103783e-01,1.614614878772360484e-01,1.000000000000000000e+00,5.683135686479359183e-01,6.484704349070231633e-01,4.172698583737108335e-01,4.081873636621368151e-01,-7.856734580916525656e-01,4.480797487759584641e-01,1.633743599682021819e-01,3.846404548966379511e-01,3.796655657942978324e-01,-5.417972064498969287e-01,1.079264895646988714e-01,6.118185795929442783e-01,1.152658591309754788e-01,1.509436422786298304e-01,7.528606090278481267e-01,8.254509902155726664e-01,3.227657945193849742e-01,8.342837884894217515e-01,6.866890677704643453e-01,7.090174773119688190e-02,6.338490157630840560e-01,1.327540592658724150e-01,7.359226127883541357e-01,4.377115499114141994e-01,8.707662969902368877e-01,3.551757703064726823e-01,3.897393122896296580e-01,5.910084916824281942e-01,-3.321088722248397018e-02,6.759284208366215241e-01,5.093314103068184995e-01,3.410402748947219398e-01,3.563844937181229744e-01,6.900739548303079507e-02,2.159326150309974490e-01,1.778789926663027765e-01
-2.375158471296740792e-01,-3.991823899261124908e-01,5.683135686479359183e-01,1.000000000000000000e+00,1.742477526784418779e-02,4.053401716134213961e-01,8.254006334435302072e-01,-2.497192023791064974e-01,-2.382283523629823152e-01,-2.365315628456430563e-01,-4.159163679938170793e-02,2.700690306520810852e-03,-4.287989256299547525e-01,-2.458857389029379115e-01,2.955633016048412887e-01,-2.396247725186266275e-01,-1.962387164732131151e-01,6.964026601161409369e-01,6.507976222378524245e-01,6.536568711263748277e-01,6.682194687830179669e-01,6.738080494842767498e-01,-4.566218886743750316e-01,2.734233809611650856e-01,-4.077386070715681710e-01,3.698465103655462771e-01,1.769128866756919383e-01,5.823816022974357409e-01,1.859535517717819941e-01,-1.780547210908425548e-01,4.757405603544891393e-01,-3.703642999864993346e-01,5.993833650389375212e-01,-6.188503666268051727e-03,4.543198300463366368e-01,-1.697055494477394399e-01,1.253634529317971813e-01,-4.157022454102868303e-01,-4.315710447907794567e-01
6.449499237273738084e-01,4.952531166863020085e-01,6.484704349070231633e-01,1.742477526784418779e-02,1.000000000000000000e+00,6.105615714231981545e-02,-1.726609792568813140e-01,-8.168954449038278165e-01,7.486298930603204616e-01,4.194736383953302505e-01,3.566188665294822702e-01,4.709513654261883731e-01,-1.859068374658957024e-01,3.592611242992321818e-01,4.935107329558902078e-01,4.118750544675593983e-01,2.365386522950850834e-01,3.292697791636109428e-01,5.170919864732638205e-01,-1.946853727733424966e-01,3.695450934170897428e-01,1.740937804268999356e-01,4.728110553253260795e-01,4.894342342326042927e-01,5.129565063441479111e-01,4.593535113960014460e-01,3.159024114741365019e-01,4.742485569504822362e-01,1.741382459257241333e-01,6.232162090867547910e-01,2.248366726975658536e-01,2.386534084444674464e-01,1.693692057221268255e-01,7.167397294481373526e-01,-2.546108248392228712e-02,5.521145491663808080e-01,-7.116024745785733130e-02,6.088004395140899083e-01,5.781256225390484227e-01
1.320792638595532920e-01,8.773059737988203599e-02,4.172698583737108335e-01,4.053401716134213961e-01,6.105615714231981545e-02,1.000000000000000000e+00,5.300610973024423300e-01,-2.941045896918772495e-01,5.385934828321693041e-02,2.673017289509987404e-01,4.262062842984302158e-01,-1.708008613293101885e-01,-6.637429729557323688e-01,3.811121694606800503e-01,-1.160261915600603044e-01,1.013137570272427124e-01,1.844244569965972358e-01,2.973042416698233881e-01,2.287835718468122781e-01,1.152632495942524510e-01,6.220008026363950115e-01,4.190759052718400768e-01,-9.384660022313610905e-02,5.783105970849834465e-01,5.936605163905256388e-02,6.689379684750565991e-01,5.787069994578905030e-01,5.820900502593024939e-01,7.843526665699432909e-01,4.001929260772679742e-02,7.671194560893422887e-01,3.188506077424850260e-01,7.769999436531439541e-01,-2.851975318009363214e-01,8.180258997727912762e-01,1.493665666978764295e-01,7.033658191450936625e-01,-1.087543492053432564e-01,-4.444636916537186844e-02
-3.360211896166928613e-01,-4.482661916449046657e-01,4.081873636621368151e-01,8.254006334435302072e-01,-1.726609792568813140e-01,5.300610973024423300e-01,1.000000000000000000e+00,-1.088419190156855315e-01,-4.230714439901000490e-01,-2.782027226195875058e-01,1.871082370086823293e-02,-3.169107250834494738e-01,-4.681328506595337502e-01,-2.133725559323055576e-01,-5.609388174501650851e-03,-3.255343280772070580e-01,-1.121989923177067194e-01,4.671879241447633446e-01,3.863731067345876347e-01,5.117443774798400291e-01,6.125243016567206711e-01,5.743653263971034706e-01,-5.976031430556723034e-01,1.792605411951446459e-01,-4.973053909742931045e-01,3.329859368306759548e-01,1.493095330445516067e-01,5.073783729070378001e-01,2.882092683045278658e-01,-3.467895728210627082e-01,5.172137105468578300e-01,-3.508869482743634527e-01,6.646184080549221163e-01,-2.929786163460587067e-01,5.739291421128048798e-01,-2.979747688292169183e-01,2.604220442564826876e-01,-5.801099048027699157e-01,-5.771688755055370823e-01
-5.580697808285879358e-01,-4.113963058880746870e-01,-7.856734580916525656e-01,-2.497192023791064974e-01,-8.168954449038278165e-01,-2.941045896918772495e-01,-1.088419190156855315e-01,1.000000000000000000e+00,-6.473870450423825362e-01,-4.246472338973593108e-01,-4.777226547254744271e-01,-3.640679664404821159e-01,4.888159645435822820e-01,-3.536432844082556537e-01,-3.851647979633625596e-01,-3.603494631868442433e-01,-2.980493596617712071e-01,-4.266766532884834207e-01,-5.827971223201425799e-01,1.323029143853612644e-01,-6.219948276366604745e-01,-3.232034242671509294e-01,-3.775059644921607283e-01,-6.454728692277967861e-01,-4.528024539272861859e-01,-6.627498774164326534e-01,-5.543639958903221476e-01,-6.498584572947327942e-01,-3.447615859848618958e-01,-5.219730245918220435e-01,-5.422748962569404751e-01,-2.422350279974490872e-01,-4.350777999545439867e-01,-4.808171476216328566e-01,-2.216223745713207238e-01,-4.638457473361101147e-01,-1.274866273688971263e-01,-4.480155969264561500e-01,-4.648604811457207608e-01
8.329264249902424977e-01,7.683487236852729607e-01,4.480797487759584641e-01,-2.382283523629823152e-01,7.486298930603204616e-01,5.385934828321693041e-02,-4.230714439901000490e-01,-6.473870450423825362e-01,1.000000000000000000e+00,6.891471206877649580e-01,3.652712363734949563e-01,6.181642565980488557e-01,-1.709154181995927169e-01,5.229193266743041857e-01,4.174474799854525076e-01,6.664147636711301725e-01,2.894894174377273810e-01,1.783011637396758053e-01,3.211293699951559555e-01,-2.699561397532420082e-01,2.140259919330829708e-01,9.946800434452068851e-02,7.678532181438927351e-01,5.659274481415550451e-01,7.806042066115020939e-01,4.791285116641220143e-01,4.425286828689193319e-01,3.257571810887057162e-01,2.895544137354160719e-01,8.418830515573673123e-01,2.095361510319854459e-01,5.419032641090586466e-01,7.514244603554176560e-02,6.303418698151046495e-01,-3.338135791396473068e-02,7.583273902080783779e-01,8.924378947530249573e-02,8.144023785470411170e-01,8.368888037503824373e-01
6.808391218020686253e-01,7.954256074820381661e-01,1.633743599682021819e-01,-2.365315628456430563e-01,4.194736383953302505e-01,2.673017289509987404e-01,-2.782027226195875058e-01,-4.246472338973593108e-01,6.891471206877649580e-01,1.000000000000000000e+00,1.783156884749236559e-01,3.962024309695497126e-01,-2.599575770153360055e-01,7.420335805805028384e-01,-2.611242257640209244e-02,8.809062269291153546e-01,8.091086549814392737e-02,-9.181366419224890052e-02,2.123841607847308521e-02,-3.700679171432564862e-01,8.463106982606871664e-02,-2.868985043202151516e-02,7.451531349503943691e-01,5.309683633926823854e-01,8.113722101154794419e-01,3.745884870285789980e-01,5.865104767217986792e-01,1.247034651353093881e-01,4.894747890815465130e-01,6.969481378608812783e-01,3.695674137857999919e-01,7.907426580034914165e-01,5.163773356143026849e-02,1.746954949686153058e-01,2.803627046980668447e-01,7.466688335309676905e-01,5.425143259876212820e-01,5.748752099401176485e-01,7.342365256955856179e-01
4.313579209604982978e-01,3.289248923252915402e-01,3.846404548966379511e-01,-4.159163679938170793e-02,3.566188665294822702e-01,4.262062842984302158e-01,1.871082370086823293e-02,-4.777226547254744271e-01,3.652712363734949563e-01,1.783156884749236559e-01,1.000000000000000000e+00,-1.402375947275091572e-01,-4.909583908021921128e-01,1.819686104700285467e-01,-2.551594168226785711e-02,-1.281715026010407134e-02,8.327667035588428579e-01,1.028029320146559844e-01,9.231886852720050385e-02,-2.810009422529823886e-01,4.215908049255626122e-01,8.686209433774479127e-02,2.287881242469965992e-01,5.089485764889051245e-01,3.051118381119095058e-01,6.357669401102274964e-01,4.955596124128336943e-01,4.287201054715092385e-01,4.052471184302883223e-01,2.050739081006068831e-01,4.434486476127164067e-01,2.819837772260259667e-01,4.876752501747924073e-01,-2.332390148997711202e-02,1.263528422882432556e-01,1.363221333053555029e-01,9.929019206546293996e-02,3.156005295904961705e-01,3.178637162310071762e-01
4.853156961440839856e-01,4.386211163830920357e-01,3.796655657942978324e-01,2.700690306520810852e-03,4.709513654261883731e-01,-1.708008613293101885e-01,-3.169107250834494738e-01,-3.640679664404821159e-01,6.181642565980488557e-01,3.962024309695497126e-01,-1.402375947275091572e-01,1.000000000000000000e+00,-2.928676992202403073e-02,2.188972159480447599e-01,7.090106642059024189e-01,4.932174350843046562e-01,-2.201785626781224137e-01,4.547906254926216696e-01,5.369310363981805168e-01,1.983445530974937143e-01,1.568855963385638042e-01,3.355587031923699670e-01,5.487638310107326722e-01,3.450534794316857945e-01,4.478476157799241020e-01,2.144669290087469760e-01,2.443277212430564060e-01,2.757829389291158173e-01,-1.340722273989162876e-02,6.196843489559595852e-01,5.127168371510049810e-02,2.569317048935113590e-01,-8.287193886000387977e-02,6.999375970214734011e-01,-1.375060983581087581e-01,6.378490539048572439e-01,-5.738164945396034833e-02,5.897145083340460392e-01,5.860598584553188273e-01
-2.269872284998571410e-01,-1.485773305745647643e-01,-5.417972064498969287e-01,-4.287989256299547525e-01,-1.859068374658957024e-01,-6.637429729557323688e-01,-4.681328506595337502e-01,4.888159645435822820e-01,-1.709154181995927169e-01,-2.599575770153360055e-01,-4.909583908021921128e-01,-2.928676992202403073e-02,1.000000000000000000e+00,-2.660779493207356405e-01,-6.191046554111205233e-03,-1.213187715602947331e-01,-2.629864030749963222e-01,-3.481187264381909174e-01,-3.544371992358135715e-01,-6.906956026209570831e-02,-6.998036674641763266e-01,-4.440019798649084137e-01,-4.075603947718513947e-02,-6.249563504328643493e-01,-1.257848458203605080e-01,-7.428097066518895009e-01,-7.598828185701196336e-01,-6.456656785436489798e-01,-5.353559730733541411e-01,-6.389505023574282294e-02,-8.640466223465007589e-01,-2.127489253423591742e-01,-7.089652801314925146e-01,1.716413999668083556e-01,-5.700985726049710989e-01,-1.616213163216217719e-01,-4.865610726408855502e-01,-1.301076860400561010e-02,-1.224366928243813268e-01
5.189937403193133347e-01,5.948409673925338925e-01,1.079264895646988714e-01,-2.458857389029379115e-01,3.592611242992321818e-01,3.811121694606800503e-01,-2.133725559323055576e-01,-3.536432844082556537e-01,5.229193266743041857e-01,7.420335805805028384e-01,1.819686104700285467e-01,2.188972159480447599e-01,-2.660779493207356405e-01,1.000000000000000000e+00,-1.153660237892631529e-01,7.224090940888615586e-01,7.257972860869013609e-02,-1.336483843614829359e-01,-5.540028690340539907e-02,-4.117102980956620639e-01,7.570978689479909707e-02,-1.286441427067772370e-01,5.272280570619695128e-01,5.060418722394492974e-01,6.196560155901255085e-01,3.324371771402456210e-01,5.153934093302493524e-01,1.132291826971568022e-01,6.037267538194978078e-01,4.810483624778336686e-01,3.530798913117773052e-01,7.523226233213555769e-01,8.392649885485892192e-02,5.904526536274912890e-02,4.275363730684157981e-01,6.414599376874704495e-01,6.485787959655529011e-01,4.603835580100227864e-01,5.516818511114798262e-01
3.254790493154000042e-01,1.025433441628446629e-01,6.118185795929442783e-01,2.955633016048412887e-01,4.935107329558902078e-01,-1.160261915600603044e-01,-5.609388174501650851e-03,-3.851647979633625596e-01,4.174474799854525076e-01,-2.611242257640209244e-02,-2.551594168226785711e-02,7.090106642059024189e-01,-6.191046554111205233e-03,-1.153660237892631529e-01,1.000000000000000000e+00,7.046768539200774784e-02,-1.101403395765263860e-01,7.445415372415404853e-01,7.768293224026435739e-01,5.147600076130968150e-01,3.855439413619959899e-01,5.523923329613423805e-01,1.593584120267017845e-01,2.692524968597677093e-01,6.927720847218608868e-02,3.028907595534688912e-01,-5.830618128102614539e-03,5.229673288269084397e-01,-8.531087446252330619e-02,4.091789887980469831e-01,-1.098523473304802373e-03,-1.848485501912694173e-01,1.628805135769024193e-01,7.928080816334682757e-01,-1.535178519460979607e-01,3.597496008669841538e-01,-3.511678239708069804e-01,3.744962014088325519e-01,2.209139537993517477e-01
6.626034920703048892e-01,7.646089738198357244e-01,1.152658591309754788e-01,-2.396247725186266275e-01,4.118750544675593983e-01,1.013137570272427124e-01,-3.255343280772070580e-01,-3.603494631868442433e-01,6.664147636711301725e-01,8.809062269291153546e-01,-1.281715026010407134e-02,4.932174350843046562e-01,-1.213187715602947331e-01,7.224090940888615586e-01,7.046768539200774784e-02,1.000000000000000000e+00,-7.594678706890579944e-02,-7.065966020015362892e-02,5.187066696801885535e-02,-2.961471685604420978e-01,-1.758274655682654300e-02,-3.597304472244925583e-02,7.283347087380210860e-01,4.029821616206812895e-01,7.490449629136174403e-01,2.413722408499282268e-01,4.660746772606175758e-01,4.081394399899040265e-02,3.943518557629666077e-01,7.093058827563273327e-01,2.272464787044318202e-01,7.357428378523075407e-01,-9.160144857225591131e-02,2.759602772807240867e-01,2.005856250763428661e-01,7.801118791614327641e-01,4.701345513945037191e-01,5.996359927521854871e-01,7.124271622578273178e-01
3.756137641596660748e-01,2.846461689584988131e-01,1.509436422786298304e-01,-1.962387164732131151e-01,2.365386522950850834e-01,1.844244569965972358e-01,-1.121989923177067194e-01,-2.980493596617712071e-01,2.894894174377273810e-01,8.091086549814392737e-02,8.327667035588428579e-01,-2.201785626781224137e-01,-2.629864030749963222e-01,7.257972860869013609e-02,-1.101403395765263860e-01,-7.594678706890579944e-02,1.000000000000000000e+00,-8.730383869027845412e-02,-9.338671649310796574e-02,-3.560980932815415723e-01,1.861639782771982998e-01,-1.008230981626079409e-01,2.357000981060191624e-01,2.857900719927748967e-01,2.705054578129508780e-01,4.028416286373777133e-01,2.863292386756889352e-01,1.890455323681033417e-01,1.786036003021820862e-01,1.321897274395615884e-01,1.845124761476365782e-01,1.950500876542914930e-01,2.404503947122545726e-01,-6.701990188665557513e-02,-1.293439848232258438e-01,3.637410221965281520e-02,-8.700306781190630945e-02,3.356733575842212325e-01,2.851787512940037739e-01
1.216016134430682599e-01,-9.154450638114494665e-02,7.528606090278481267e-01,6.964026601161409369e-01,3.292697791636109428e-01,2.973042416698233881e-01,4.671879241447633446e-01,-4.266766532884834207e-01,1.783011637396758053e-01,-9.181366419224890052e-02,1.028029320146559844e-01,4.547906254926216696e-01,-3.481187264381909174e-01,-1.336483843614829359e-01,7.445415372415404853e-01,-7.065966020015362892e-02,-8.730383869027845412e-02,1.000000000000000000e+00,8.817317349352615796e-01,6.600847500765366638e-01,6.911381765684539991e-01,7.765986397710549216e-01,-1.193414660356746093e-01,4.401968006594080829e-01,-1.244248158686792199e-01,5.368278933320586033e-01,2.305655090159239029e-01,7.330685500403029131e-01,2.098255020864593090e-01,1.913761046629152140e-01,3.806002721638563902e-01,-1.988045114297790350e-01,5.616044768672050491e-01,4.413671177841234639e-01,2.597455076630884041e-01,1.825209695324609693e-01,-3.977998459345796767e-02,3.497905366907940600e-02,-5.168546040382137469e-02
2.204351851700588893e-01,1.361656319821277772e-02,8.254509902155726664e-01,6.507976222378524245e-01,5.170919864732638205e-01,2.287835718468122781e-01,3.863731067345876347e-01,-5.827971223201425799e-01,3.211293699951559555e-01,2.123841607847308521e-02,9.231886852720050385e-02,5.369310363981805168e-01,-3.544371992358135715e-01,-5.540028690340539907e-02,7.768293224026435739e-01,5.187066696801885535e-02,-9.338671649310796574e-02,8.817317349352615796e-01,1.000000000000000000e+00,5.624394999279767049e-01,6.949787169360914785e-01,7.343231361664053214e-01,1.001070871304756554e-02,4.614575638471787311e-01,-2.578460715010067188e-04,5.333165217314772555e-01,2.738160046576911255e-01,7.431490055870466627e-01,1.458172163175320279e-01,2.983875721985841944e-01,3.950962304616855159e-01,-1.591315410683614429e-01,4.943015620474960348e-01,5.825615061708627751e-01,1.951931951979046787e-01,2.877151182771630622e-01,-7.188800425016438067e-02,1.418477575688683878e-01,8.080611171493157219e-02
-2.446176680675915538e-01,-3.885577793804845803e-01,3.227657945193849742e-01,6.536568711263748277e-01,-1.946853727733424966e-01,1.152632495942524510e-01,5.117443774798400291e-01,1.323029143853612644e-01,-2.699561397532420082e-01,-3.700679171432564862e-01,-2.810009422529823886e-01,1.983445530974937143e-01,-6.906956026209570831e-02,-4.117102980956620639e-01,5.147600076130968150e-01,-2.961471685604420978e-01,-3.560980932815415723e-01,6.600847500765366638e-01,5.624394999279767049e-01,1.000000000000000000e+00,3.680102009149948672e-01,6.804958731099660652e-01,-4.167974920302616182e-01,2.285787830045369826e-02,-4.818436881046189169e-01,1.122172686233433858e-01,-1.431421379938561944e-01,3.796007680571691911e-01,-4.275713006071824723e-02,-1.426136147018401690e-01,8.063521673941682899e-02,-4.485734441303170228e-01,3.321214489469618281e-01,1.570724804419842413e-01,1.618919404114608773e-01,-1.113187568976108793e-01,-1.160931731117833265e-01,-3.046691628052674572e-01,-4.072558088640744201e-01
2.209592587310211798e-01,2.509948705294013857e-02,8.342837884894217515e-01,6.682194687830179669e-01,3.695450934170897428e-01,6.220008026363950115e-01,6.125243016567206711e-01,-6.219948276366604745e-01,2.140259919330829708e-01,8.463106982606871664e-02,4.215908049255626122e-01,1.568855963385638042e-01,-6.998036674641763266e-01,7.570978689479909707e-02,3.855439413619959899e-01,-1.758274655682654300e-02,1.861639782771982998e-01,6.911381765684539991e-01,6.949787169360914785e-01,3.680102009149948672e-01,1.000000000000000000e+00,7.222290244761995215e-01,-1.058349349638981474e-01,6.522223030228474494e-01,-7.398690685935547379e-03,7.792106689313368362e-01,5.107087970259869270e-01,8.795910809704696742e-01,4.844715258653344847e-01,1.692772007947717927e-01,7.498535323077216708e-01,-5.389812370350163806e-02,8.410216297133108476e-01,1.703245337217789979e-01,5.353499619125786646e-01,1.790884408877686240e-01,2.514350173177408165e-01,-1.638665495937271371e-02,-1.665206688733663135e-02
1.230051171093337337e-01,-2.840909086263651573e-02,6.866890677704643453e-01,6.738080494842767498e-01,1.740937804268999356e-01,4.190759052718400768e-01,5.743653263971034706e-01,-3.232034242671509294e-01,9.946800434452068851e-02,-2.868985043202151516e-02,8.686209433774479127e-02,3.355587031923699670e-01,-4.440019798649084137e-01,-1.286441427067772370e-01,5.523923329613423805e-01,-3.597304472244925583e-02,-1.008230981626079409e-01,7.765986397710549216e-01,7.343231361664053214e-01,6.804958731099660652e-01,7.222290244761995215e-01,1.000000000000000000e+00,-1.941583769742180055e-01,4.019210317745905425e-01,-1.748860200531689724e-01,5.574106072608391305e-01,2.916694177310708569e-01,7.557462058954964590e-01,3.025220600260660198e-01,1.490553772679970301e-01,5.210513359120131360e-01,-1.715912186587195132e-01,6.766749664985817203e-01,2.725813036456971594e-01,3.962720490203436863e-01,2.090431152545815241e-01,1.331407148182117417e-01,-5.977294422870189916e-02,-9.103657859448774370e-02
7.084727987108889735e-01,8.018049182225356342e-01,7.090174773119688190e-02,-4.566218886743750316e-01,4.728110553253260795e-01,-9.384660022313610905e-02,-5.976031430556723034e-01,-3.775059644921607283e-01,7.678532181438927351e-01,7.451531349503943691e-01,2.287881242469965992e-01,5.487638310107326722e-01,-4.075603947718513947e-02,5.272280570619695128e-01,1.593584120267017845e-01,7.283347087380210860e-01,2.357000981060191624e-01,-1.193414660356746093e-01,1.001070871304756554e-02,-4.167974920302616182e-01,-1.058349349638981474e-01,-1.941583769742180055e-01,1.000000000000000000e+00,3.916393456366794035e-01,8.589328260982866947e-01,2.047122731954366670e-01,4.167165785268969747e-01,-3.704977025815116287e-02,1.577680114861032268e-01,7.135653325501331024e-01,5.389597786688189729e-02,6.972035270725838174e-01,-2.244682744675287056e-01,3.740981448485223848e-01,-1.830411079721871725e-01,6.647244681078725570e-01,1.393665572378891548e-01,7.680775643778549044e-01,8.496174428413263424e-01
5.492947587900197659e-01,4.342087496115975553e-01,6.338490157630840560e-01,2.734233809611650856e-01,4.894342342326042927e-01,5.783105970849834465e-01,1.792605411951446459e-01,-6.454728692277967861e-01,5.659274481415550451e-01,5.309683633926823854e-01,5.089485764889051245e-01,3.450534794316857945e-01,-6.249563504328643493e-01,5.060418722394492974e-01,2.692524968597677093e-01,4.029821616206812895e-01,2.857900719927748967e-01,4.401968006594080829e-01,4.614575638471787311e-01,2.285787830045369826e-02,6.522223030228474494e-01,4.019210317745905425e-01,3.916393456366794035e-01,1.000000000000000000e+00,4.720106764518027243e-01,7.796151473613984750e-01,7.008134509021546332e-01,6.419808036551711838e-01,6.321143915570742733e-01,4.781088922338990188e-01,6.776520342718490575e-01,4.431385445944087675e-01,5.907017740636546499e-01,2.042968842644808936e-01,4.787085845536690476e-01,4.899516986271081898e-01,4.475210107739862608e-01,3.738337880552676240e-01,4.299870522250906490e-01
7.052951611694189271e-01,7.853525644092163027e-01,1.327540592658724150e-01,-4.077386070715681710e-01,5.129565063441479111e-01,5.936605163905256388e-02,-4.973053909742931045e-01,-4.528024539272861859e-01,7.806042066115020939e-01,8.113722101154794419e-01,3.051118381119095058e-01,4.478476157799241020e-01,-1.257848458203605080e-01,6.196560155901255085e-01,6.927720847218608868e-02,7.490449629136174403e-01,2.705054578129508780e-01,-1.244248158686792199e-01,-2.578460715010067188e-04,-4.818436881046189169e-01,-7.398690685935547379e-03,-1.748860200531689724e-01,8.589328260982866947e-01,4.720106764518027243e-01,1.000000000000000000e+00,3.016762191296979978e-01,4.762625525752929856e-01,4.970841564552790082e-02,2.888115553000222269e-01,7.075660984045502033e-01,1.657986753505222011e-01,7.116104439640474899e-01,-9.550507309078520857e-02,3.133239471879187277e-01,-3.801733969836031818e-02,6.731258056787096100e-01,2.374448768875301596e-01,6.992755247767667992e-01,8.375381530430828780e-01
5.307558325653415343e-01,3.613778802830342474e-01,7.359226127883541357e-01,3.698465103655462771e-01,4.593535113960014460e-01,6.689379684750565991e-01,3.329859368306759548e-01,-6.627498774164326534e-01,4.791285116641220143e-01,3.745884870285789980e-01,6.357669401102274964e-01,2.144669290087469760e-01,-7.428097066518895009e-01,3.324371771402456210e-01,3.028907595534688912e-01,2.413722408499282268e-01,4.028416286373777133e-01,5.368278933320586033e-01,5.333165217314772555e-01,1.122172686233433858e-01,7.792106689313368362e-01,5.574106072608391305e-01,2.047122731954366670e-01,7.796151473613984750e-01,3.016762191296979978e-01,1.000000000000000000e+00,7.308937096854961624e-01,8.076497999758225355e-01,6.542490180250545295e-01,3.608204427599380204e-01,7.790068280158499725e-01,2.950104992117826841e-01,7.821392626680615523e-01,1.578833088545046615e-01,5.326309715589709892e-01,3.990835262476950529e-01,3.836334149979630515e-01,3.173491279143509924e-01,3.206566635473040994e-01
4.629762294987097015e-01,4.750670918486156746e-01,4.377115499114141994e-01,1.769128866756919383e-01,3.159024114741365019e-01,5.787069994578905030e-01,1.493095330445516067e-01,-5.543639958903221476e-01,4.425286828689193319e-01,5.865104767217986792e-01,4.955596124128336943e-01,2.443277212430564060e-01,-7.598828185701196336e-01,5.153934093302493524e-01,-5.830618128102614539e-03,4.660746772606175758e-01,2.863292386756889352e-01,2.305655090159239029e-01,2.738160046576911255e-01,-1.431421379938561944e-01,5.107087970259869270e-01,2.916694177310708569e-01,4.167165785268969747e-01,7.008134509021546332e-01,4.762625525752929856e-01,7.308937096854961624e-01,1.000000000000000000e+00,4.814451238242286046e-01,6.126326788096408960e-01,3.146418666601077940e-01,7.990777332115055476e-01,5.823854264304144657e-01,5.071661351230160042e-01,-8.139539822949494463e-02,4.987050726315630511e-01,4.264481551814939819e-01,6.051078286989128863e-01,3.330975290521741017e-01,4.779464220442259936e-01
3.380819229847943919e-01,1.075943078119619006e-01,8.707662969902368877e-01,5.823816022974357409e-01,4.742485569504822362e-01,5.820900502593024939e-01,5.073783729070378001e-01,-6.498584572947327942e-01,3.257571810887057162e-01,1.247034651353093881e-01,4.287201054715092385e-01,2.757829389291158173e-01,-6.456656785436489798e-01,1.132291826971568022e-01,5.229673288269084397e-01,4.081394399899040265e-02,1.890455323681033417e-01,7.330685500403029131e-01,7.431490055870466627e-01,3.796007680571691911e-01,8.795910809704696742e-01,7.557462058954964590e-01,-3.704977025815116287e-02,6.419808036551711838e-01,4.970841564552790082e-02,8.076497999758225355e-01,4.814451238242286046e-01,1.000000000000000000e+00,4.654894267361759930e-01,2.685433802174138074e-01,6.846215553942682774e-01,-2.807972876858214756e-02,8.075603246699264437e-01,3.332860578834472842e-01,4.693769652076714705e-01,3.012954921291604027e-01,1.874466745196521900e-01,1.301436906893299883e-01,9.150605012332722887e-02
3.953017747588625230e-01,3.781769678990447581e-01,3.551757703064726823e-01,1.859535517717819941e-01,1.741382459257241333e-01,7.843526665699432909e-01,2.882092683045278658e-01,-3.447615859848618958e-01,2.895544137354160719e-01,4.894747890815465130e-01,4.052471184302883223e-01,-1.340722273989162876e-02,-5.353559730733541411e-01,6.037267538194978078e-01,-8.531087446252330619e-02,3.943518557629666077e-01,1.786036003021820862e-01,2.098255020864593090e-01,1.458172163175320279e-01,-4.275713006071824723e-02,4.844715258653344847e-01,3.025220600260660198e-01,1.577680114861032268e-01,6.321143915570742733e-01,2.888115553000222269e-01,6.542490180250545295e-01,6.126326788096408960e-01,4.654894267361759930e-01,1.000000000000000000e+00,3.178235051530679534e-01,6.649628588257788797e-01,5.639612991791127516e-01,6.331234180734985895e-01,-1.510224746132706741e-01,7.856084924284416626e-01,4.071446336259640919e-01,7.730062058621564036e-01,1.704439764747679165e-01,2.089894115634258753e-01
7.847887508624041830e-01,7.706426769623412332e-01,3.897393122896296580e-01,-1.780547210908425548e-01,6.232162090867547910e-01,4.001929260772679742e-02,-3.467895728210627082e-01,-5.219730245918220435e-01,8.418830515573673123e-01,6.969481378608812783e-01,2.050739081006068831e-01,6.196843489559595852e-01,-6.389505023574282294e-02,4.810483624778336686e-01,4.091789887980469831e-01,7.093058827563273327e-01,1.321897274395615884e-01,1.913761046629152140e-01,2.983875721985841944e-01,-1.426136147018401690e-01,1.692772007947717927e-01,1.490553772679970301e-01,7.135653325501331024e-01,4.781088922338990188e-01,7.075660984045502033e-01,3.608204427599380204e-01,3.146418666601077940e-01,2.685433802174138074e-01,3.178235051530679534e-01,1.000000000000000000e+00,1.388169753415277874e-01,5.445391751164520011e-01,4.790663116466559873e-02,6.061113523039991513e-01,2.541171886152486514e-02,7.977181470103090755e-01,1.536682040052249343e-01,7.199809727221633260e-01,7.400177460354321335e-01
2.522540579336209343e-01,2.077667871939999911e-01,5.910084916824281942e-01,4.757405603544891393e-01,2.248366726975658536e-01,7.671194560893422887e-01,5.172137105468578300e-01,-5.422748962569404751e-01,2.095361510319854459e-01,3.695674137857999919e-01,4.434486476127164067e-01,5.127168371510049810e-02,-8.640466223465007589e-01,3.530798913117773052e-01,-1.098523473304802373e-03,2.272464787044318202e-01,1.845124761476365782e-01,3.806002721638563902e-01,3.950962304616855159e-01,8.063521673941682899e-02,7.498535323077216708e-01,5.210513359120131360e-01,5.389597786688189729e-02,6.776520342718490575e-01,1.657986753505222011e-01,7.790068280158499725e-01,7.990777332115055476e-01,6.846215553942682774e-01,6.649628588257788797e-01,1.388169753415277874e-01,1.000000000000000000e+00,3.054990684668388856e-01,7.755893615982091260e-01,-1.571626227367624029e-01,7.125369204557580050e-01,2.527997500339976833e-01,6.287678317606908429e-01,1.027208211063758772e-02,1.292214229658043834e-01
5.680916767745601836e-01,7.444956550963887087e-01,-3.321088722248397018e-02,-3.703642999864993346e-01,2.386534084444674464e-01,3.188506077424850260e-01,-3.508869482743634527e-01,-2.422350279974490872e-01,5.419032641090586466e-01,7.907426580034914165e-01,2.819837772260259667e-01,2.569317048935113590e-01,-2.127489253423591742e-01,7.523226233213555769e-01,-1.848485501912694173e-01,7.357428378523075407e-01,1.950500876542914930e-01,-1.988045114297790350e-01,-1.591315410683614429e-01,-4.485734441303170228e-01,-5.389812370350163806e-02,-1.715912186587195132e-01,6.972035270725838174e-01,4.431385445944087675e-01,7.116104439640474899e-01,2.950104992117826841e-01,5.823854264304144657e-01,-2.807972876858214756e-02,5.639612991791127516e-01,5.445391751164520011e-01,3.054990684668388856e-01,1.000000000000000000e+00,3.000363074765144411e-03,-3.245844242936576918e-02,2.915660216009485772e-01,6.362523474357485442e-01,6.336731860455691034e-01,5.470416070726923374e-01,6.815107937348381384e-01
1.445824784582348810e-01,-7.728286534012242422e-03,6.759284208366215241e-01,5.993833650389375212e-01,1.693692057221268255e-01,7.769999436531439541e-01,6.646184080549221163e-01,-4.350777999545439867e-01,7.514244603554176560e-02,5.163773356143026849e-02,4.876752501747924073e-01,-8.287193886000387977e-02,-7.089652801314925146e-01,8.392649885485892192e-02,1.628805135769024193e-01,-9.160144857225591131e-02,2.404503947122545726e-01,5.616044768672050491e-01,4.943015620474960348e-01,3.321214489469618281e-01,8.410216297133108476e-01,6.766749664985817203e-01,-2.244682744675287056e-01,5.907017740636546499e-01,-9.550507309078520857e-02,7.821392626680615523e-01,5.071661351230160042e-01,8.075603246699264437e-01,6.331234180734985895e-01,4.790663116466559873e-02,7.755893615982091260e-01,3.000363074765144411e-03,1.000000000000000000e+00,-7.546223954440062220e-02,6.762658881125021004e-01,7.983842609176146354e-02,4.011363564827200578e-01,-1.372407914446927002e-01,-1.318378154010067527e-01
4.974087921242520971e-01,3.314569543976819133e-01,5.093314103068184995e-01,-6.188503666268051727e-03,7.167397294481373526e-01,-2.851975318009363214e-01,-2.929786163460587067e-01,-4.808171476216328566e-01,6.303418698151046495e-01,1.746954949686153058e-01,-2.332390148997711202e-02,6.999375970214734011e-01,1.716413999668083556e-01,5.904526536274912890e-02,7.928080816334682757e-01,2.759602772807240867e-01,-6.701990188665557513e-02,4.413671177841234639e-01,5.825615061708627751e-01,1.570724804419842413e-01,1.703245337217789979e-01,2.725813036456971594e-01,3.740981448485223848e-01,2.042968842644808936e-01,3.133239471879187277e-01,1.578833088545046615e-01,-8.139539822949494463e-02,3.332860578834472842e-01,-1.510224746132706741e-01,6.061113523039991513e-01,-1.571626227367624029e-01,-3.245844242936576918e-02,-7.546223954440062220e-02,1.000000000000000000e+00,-3.045717970111961881e-01,5.176161653885584801e-01,-3.919705929712041237e-01,5.609978405187731054e-01,4.498496886626434654e-01
4.930184811531145711e-02,3.788472383592156323e-02,3.410402748947219398e-01,4.543198300463366368e-01,-2.546108248392228712e-02,8.180258997727912762e-01,5.739291421128048798e-01,-2.216223745713207238e-01,-3.338135791396473068e-02,2.803627046980668447e-01,1.263528422882432556e-01,-1.375060983581087581e-01,-5.700985726049710989e-01,4.275363730684157981e-01,-1.535178519460979607e-01,2.005856250763428661e-01,-1.293439848232258438e-01,2.597455076630884041e-01,1.951931951979046787e-01,1.618919404114608773e-01,5.353499619125786646e-01,3.962720490203436863e-01,-1.830411079721871725e-01,4.787085845536690476e-01,-3.801733969836031818e-02,5.326309715589709892e-01,4.987050726315630511e-01,4.693769652076714705e-01,7.856084924284416626e-01,2.541171886152486514e-02,7.125369204557580050e-01,2.915660216009485772e-01,6.762658881125021004e-01,-3.045717970111961881e-01,1.000000000000000000e+00,1.804597761916821308e-01,7.971846085266669490e-01,-1.955163451605585467e-01,-1.275206839840237749e-01
7.695716796635363455e-01,7.793756722663233161e-01,3.563844937181229744e-01,-1.697055494477394399e-01,5.521145491663808080e-01,1.493665666978764295e-01,-2.979747688292169183e-01,-4.638457473361101147e-01,7.583273902080783779e-01,7.466688335309676905e-01,1.363221333053555029e-01,6.378490539048572439e-01,-1.616213163216217719e-01,6.414599376874704495e-01,3.597496008669841538e-01,7.801118791614327641e-01,3.637410221965281520e-02,1.825209695324609693e-01,2.877151182771630622e-01,-1.113187568976108793e-01,1.790884408877686240e-01,2.090431152545815241e-01,6.647244681078725570e-01,4.899516986271081898e-01,6.731258056787096100e-01,3.990835262476950529e-01,4.264481551814939819e-01,3.012954921291604027e-01,4.071446336259640919e-01,7.977181470103090755e-01,2.527997500339976833e-01,6.362523474357485442e-01,7.983842609176146354e-02,5.176161653885584801e-01,1.804597761916821308e-01,1.000000000000000000e+00,3.373609820354679933e-01,7.088919901480722485e-01,7.390767013111814165e-01
1.712796705197914826e-01,2.995039073461410739e-01,6.900739548303079507e-02,1.253634529317971813e-01,-7.116024745785733130e-02,7.033658191450936625e-01,2.604220442564826876e-01,-1.274866273688971263e-01,8.924378947530249573e-02,5.425143259876212820e-01,9.929019206546293996e-02,-5.738164945396034833e-02,-4.865610726408855502e-01,6.485787959655529011e-01,-3.511678239708069804e-01,4.701345513945037191e-01,-8.700306781190630945e-02,-3.977998459345796767e-02,-7.188800425016438067e-02,-1.160931731117833265e-01,2.514350173177408165e-01,1.331407148182117417e-01,1.393665572378891548e-01,4.475210107739862608e-01,2.374448768875301596e-01,3.836334149979630515e-01,6.051078286989128863e-01,1.874466745196521900e-01,7.730062058621564036e-01,1.536682040052249343e-01,6.287678317606908429e-01,6.336731860455691034e-01,4.011363564827200578e-01,-3.919705929712041237e-01,7.971846085266669490e-01,3.373609820354679933e-01,1.000000000000000000e+00,-1.940546763711050371e-03,1.397191026405361913e-01
8.284435055188430486e-01,7.590025635112187530e-01,2.159326150309974490e-01,-4.157022454102868303e-01,6.088004395140899083e-01,-1.087543492053432564e-01,-5.801099048027699157e-01,-4.480155969264561500e-01,8.144023785470411170e-01,5.748752099401176485e-01,3.156005295904961705e-01,5.897145083340460392e-01,-1.301076860400561010e-02,4.603835580100227864e-01,3.744962014088325519e-01,5.996359927521854871e-01,3.356733575842212325e-01,3.497905366907940600e-02,1.418477575688683878e-01,-3.046691628052674572e-01,-1.638665495937271371e-02,-5.977294422870189916e-02,7.680775643778549044e-01,3.738337880552676240e-01,6.992755247767667992e-01,3.173491279143509924e-01,3.330975290521741017e-01,1.301436906893299883e-01,1.704439764747679165e-01,7.199809727221633260e-01,1.027208211063758772e-02,5.470416070726923374e-01,-1.372407914446927002e-01,5.609978405187731054e-01,-1.955163451605585467e-01,7.088919901480722485e-01,-1.940546763711050371e-03,1.000000000000000000e+00,8.443831478057739481e-01
7.882454524693253139e-01,8.208866761617255037e-01,1.778789926663027765e-01,-4.315710447907794567e-01,5.781256225390484227e-01,-4.444636916537186844e-02,-5.771688755055370823e-01,-4.648604811457207608e-01,8.368888037503824373e-01,7.342365256955856179e-01,3.178637162310071762e-01,5.860598584553188273e-01,-1.224366928243813268e-01,5.516818511114798262e-01,2.209139537993517477e-01,7.124271622578273178e-01,2.851787512940037739e-01,-5.168546040382137469e-02,8.080611171493157219e-02,-4.072558088640744201e-01,-1.665206688733663135e-02,-9.103657859448774370e-02,8.496174428413263424e-01,4.299870522250906490e-01,8.375381530430828780e-01,3.206566635473040994e-01,4.779464220442259936e-01,9.150605012332722887e-02,2.089894115634258753e-01,7.400177460354321335e-01,1.292214229658043834e-01,6.815107937348381384e-01,-1.318378154010067527e-01,4.498496886626434654e-01,-1.275206839840237749e-01,7.390767013111814165e-01,1.397191026405361913e-01,8.443831478057739481e-01,1.000000000000000000e+00
