1.000000000000000000e+00,7.755236039406649962e-01,6.502085757083717610e-01,-5.380872406347392278e-01,5.820378739123157619e-01,6.837668095665963008e-01,9.413405487642310943e-02,-5.950525322660910055e-01,-5.112923544094190309e-02,4.019007080616164296e-01,6.548864093492900995e-01,5.281288500393469532e-01,-5.851953721949938458e-01,7.810304603904878462e-01,6.793958577383801822e-01,7.713099882738337909e-01,7.592804391989708135e-01,1.877429993280237408e-01,9.885705093693525347e-02,3.852998223292971036e-01,4.204718482353792530e-01,3.864094942406130495e-01,8.068489869342381215e-01,6.544192525304065589e-01,8.066497882833777444e-01,5.804033761722479090e-01,4.982228479872217730e-01,6.952314963142074422e-01,7.079885643429574271e-01,1.600129111902290624e-01,7.632219606770630493e-01,6.621304260093784366e-01,7.078225742542023635e-01,2.436924984911771341e-01,7.771887344883888771e-01,5.834299646143334961e-01,7.182401767858325181e-01,7.955993907285166533e-02,1.102689958930120478e-01
7.755236039406649962e-01,1.000000000000000000e+00,4.874668807386577374e-01,-4.513013805108972432e-01,5.205724304467532759e-01,5.949205389650207287e-01,1.123160113353296047e-01,-4.547615543769448765e-01,5.109503492041383987e-02,5.603781477906915054e-01,5.801502234502976529e-01,4.124633476271846177e-01,-5.718229033720629850e-01,6.739932646317629006e-01,5.510020371027274377e-01,7.286088365165908076e-01,6.398506757882883589e-01,3.283913077973906747e-01,1.880333637135262748e-01,4.480204279436791892e-01,2.405928754805518321e-01,4.156337914686027979e-01,6.802899096069657814e-01,5.734605030464627884e-01,6.396085475599168069e-01,5.290077670425333833e-01,5.015154812097984971e-01,5.881891217611046052e-01,7.151347768537642535e-01,2.855128640953943919e-01,6.542766752546378406e-01,7.045046985579717091e-01,5.117521206801020073e-01,2.029945896099040747e-01,7.447582037838442748e-01,6.294745565819551691e-01,7.567104993955349190e-01,-3.699040285282172852e-02,3.439750756969953832e-02
6.502085757083717610e-01,4.874668807386577374e-01,1.000000000000000000e+00,-4.995005162954275768e-01,7.242954952383796607e-01,5.721745320571998139e-01,6.704480220772005353e-03,-9.403692972486066282e-01,8.541491827691161109e-02,3.866655583525097639e-01,4.487431321310346721e-01,5.737672703464598012e-01,-4.746191265780206892e-01,6.896971854349857045e-01,4.806218564290539730e-01,6.678322713025028889e-01,5.680691929121237660e-01,2.332686762675401648e-01,-6.170682925243951150e-02,-8.828152516276433631e-03,6.685904109893745506e-01,3.035150849337853729e-01,6.784511898495069193e-01,5.246062696428295258e-01,7.026404209541928791e-01,3.832387775952205700e-01,2.973638382560226945e-01,7.083708450147467861e-01,5.004472791414876776e-01,2.453040019575181696e-01,6.302393217157363781e-01,5.015340801629764034e-01,7.117397173240449515e-01,3.546607139954135457e-01,5.706075386337847721e-01,3.206179859008774224e-01,4.982517989708334372e-01,3.036211168958989626e-02,1.289424039328857241e-01
-5.380872406347392278e-01,-4.513013805108972432e-01,-4.995005162954275768e-01,1.000000000000000000e+00,-5.416314729615795409e-01,-4.247383567066967958e-01,1.209241284940202818e-02,4.573732176043721065e-01,-4.806535845609179181e-02,-2.848708192574325171e-01,-4.629530935689691873e-01,-3.824802917959251869e-01,4.719094840755896914e-01,-4.799251657132340143e-01,-5.680481694516541502e-01,-5.402904843539158009e-01,-5.267359730434113541e-01,8.294483869048131786e-02,1.852097639266118978e-01,-1.281290334433197176e-01,-2.209812982197241205e-01,-1.143524388117197199e-01,-5.476460219913913408e-01,-4.678853566340958059e-01,-5.673913380218059688e-01,-4.294040789959671089e-01,-4.253990774725429080e-01,-7.153552024583653690e-01,-4.207626194007150211e-01,-2.771303744425416271e-01,-5.982519803212139609e-01,-4.860689530667725022e-01,-5.417978936961221903e-01,-3.558947909479174831e-01,-4.672407817631263338e-01,-2.866181573668672988e-01,-4.744128863343167191e-01,1.336448850755991291e-01,-7.446514937264563094e-02
5.820378739123157619e-01,5.205724304467532759e-01,7.242954952383796607e-01,-5.416314729615795409e-01,1.000000000000000000e+00,4.072891803269582667e-01,7.969908125982197444e-02,-6.658150373794023968e-01,3.478654264970523768e-01,5.616324325430579467e-01,5.601591856104992662e-01,4.110892915204862885e-01,-4.538725088366818428e-01,5.401042765624717301e-01,3.445166318141799078e-01,6.143032307379192591e-01,4.766407373353592769e-01,1.780527681570504839e-01,-2.039603816712470818e-01,3.378809740327988476e-02,3.419584160823215813e-01,1.870227669025794348e-01,5.477962014373786159e-01,4.154033551422481318e-01,5.408962285971583572e-01,6.501747903753727353e-01,5.866786001769149772e-01,7.172254538335967045e-01,4.827752468660367891e-01,4.952849562242526704e-01,5.396225609193315842e-01,6.207142463369453855e-01,5.913988801929871419e-01,4.846483992526698925e-01,4.757443576973546251e-01,3.330135860058591746e-01,5.528084415407749086e-01,1.574403004487716917e-01,2.441600466749535292e-01
6.837668095665963008e-01,5.949205389650207287e-01,5.721745320571998139e-01,-4.247383567066967958e-01,4.072891803269582667e-01,1.000000000000000000e+00,6.948141276161784452e-02,-5.213130032328174845e-01,-2.858172874126762575e-01,2.051170634342756038e-01,6.686949539580562263e-01,5.324187036305860765e-01,-5.213303724396167738e-01,8.154802659771677176e-01,6.542608867633041836e-01,6.344922530905399150e-01,8.274149579073640792e-01,3.251724084517632063e-01,2.797031651121517082e-01,3.238054423585670083e-01,3.789785932786515765e-01,3.079122537484285660e-01,8.125187969198909288e-01,5.386462252853353450e-01,7.799378974234005835e-01,4.348127633529501601e-01,4.055721371574910195e-01,5.826182415073430931e-01,7.918591576952244138e-01,4.416411592664250957e-02,7.151974588244378594e-01,6.740544541101209930e-01,7.065345459587517585e-01,1.905528930865105566e-02,7.882098097221080790e-01,6.176162806181274556e-01,7.354529980922593912e-01,-2.295781770512803077e-01,-9.618121361547983528e-02
9.413405487642310943e-02,1.123160113353296047e-01,6.704480220772005353e-03,1.209241284940202818e-02,7.969908125982197444e-02,6.948141276161784452e-02,1.000000000000000000e+00,1.272542866917439732e-03,1.607617179064093349e-01,2.749807194148198297e-01,1.482494901378728636e-01,-1.603350740430553034e-01,-2.568947836326317125e-02,-7.930639389106642484e-03,-4.744262251053930901e-02,8.642975344184064546e-02,2.738323093251432069e-02,2.655225743210677392e-01,1.200770349510676127e-01,2.977777613825325145e-02,7.184364677660817766e-02,1.694922955781810459e-01,5.998720748454113710e-03,-9.486748272903094970e-02,1.502760276858816808e-02,4.446333220222631333e-02,1.184996535318317418e-01,3.254272371153488219e-02,8.136020223668749551e-02,1.951090371499477824e-02,1.030730008188010700e-03,6.702298907812762052e-02,-9.380415003300392185e-02,1.044012000151398473e-01,-1.884604406863229012e-02,2.479271979740524032e-02,5.159241621070052852e-02,2.110445558433195756e-01,3.034345393429977999e-01
-5.950525322660910055e-01,-4.547615543769448765e-01,-9.403692972486066282e-01,4.573732176043721065e-01,-6.658150373794023968e-01,-5.213130032328174845e-01,1.272542866917439732e-03,1.000000000000000000e+00,-8.173218615014904431e-02,-3.520610994508953095e-01,-3.502898033213002194e-01,-5.333405476873066542e-01,4.197743594938891376e-01,-6.391506801410931082e-01,-4.242392540642703769e-01,-6.064837592541063582e-01,-5.054440027884044007e-01,-2.439707830801514654e-01,6.860487225633971065e-02,6.022492225681841393e-02,-6.760378453681369360e-01,-2.979459751196233963e-01,-6.183063744078390878e-01,-4.832419683741314698e-01,-6.392905251562617241e-01,-2.929242892879722060e-01,-2.042034340532110914e-01,-6.460462521425257565e-01,-4.307061491312382251e-01,-2.166919994335808342e-01,-5.620785261344011241e-01,-4.175625665153013810e-01,-6.520277734252782897e-01,-3.448642384162346475e-01,-5.028752536332811163e-01,-2.584270280279526433e-01,-4.215601323256543687e-01,-3.472089709815245201e-02,-1.242332026756409330e-01
-5.112923544094190309e-02,5.109503492041383987e-02,8.541491827691161109e-02,-4.806535845609179181e-02,3.478654264970523768e-01,-2.858172874126762575e-01,1.607617179064093349e-01,-8.173218615014904431e-02,1.000000000000000000e+00,5.207638510615754113e-01,-1.769551462529340702e-01,-2.244788883973757032e-01,1.831770237962194181e-01,-2.384979393308768458e-01,-4.589622570407149160e-01,-1.205263375789989442e-03,-2.574359351650235550e-01,9.012007349555858915e-02,-2.363010143065254198e-01,-1.898530539905805836e-01,-8.515293695241109642e-03,-3.261250625587971269e-02,-2.586349571581040840e-01,-1.590682618718164132e-01,-2.771805748187162743e-01,2.048674636405568017e-01,7.520809216704522904e-02,1.700494836095121920e-01,-1.659603716696774478e-01,7.242607881862589414e-01,-2.776060615140603094e-01,-2.234021621821021333e-02,-2.547904663808655545e-01,4.723533973872401925e-01,-2.620333503738754288e-01,-1.515013901413917174e-01,-1.271514329326678683e-01,4.872144036383360133e-01,4.270143208057363138e-01
4.019007080616164296e-01,5.603781477906915054e-01,3.866655583525097639e-01,-2.848708192574325171e-01,5.616324325430579467e-01,2.051170634342756038e-01,2.749807194148198297e-01,-3.520610994508953095e-01,5.207638510615754113e-01,1.000000000000000000e+00,3.647978675729273146e-01,7.471769271114987732e-02,-1.876360043404911027e-01,2.475489833171093113e-01,8.592559672960889405e-02,6.399667384362133227e-01,2.900968929637571803e-01,3.183739710710493109e-01,8.643829181009564377e-02,1.488963258305877058e-01,4.107834015244404141e-02,2.338939541004926015e-01,2.547434322913023630e-01,1.832774466931174351e-01,2.573846581194165761e-01,5.028294185414683426e-01,5.407984623707272620e-01,4.856853015855677191e-01,4.603393051412009718e-01,6.332832459664545777e-01,2.390728442668522413e-01,5.686165003275219787e-01,1.138725936393791410e-01,2.449808845166007720e-01,3.491532570858650875e-01,4.335850146171789099e-01,4.897650780225651923e-01,2.096725912928695534e-01,1.772150537481067545e-01
6.548864093492900995e-01,5.801502234502976529e-01,4.487431321310346721e-01,-4.629530935689691873e-01,5.601591856104992662e-01,6.686949539580562263e-01,1.482494901378728636e-01,-3.502898033213002194e-01,-1.769551462529340702e-01,3.647978675729273146e-01,1.000000000000000000e+00,4.217032552395693634e-01,-6.012401820969238697e-01,6.618728377616870384e-01,6.284825206390374230e-01,6.679016642627044753e-01,7.997668560817959849e-01,1.229339056805032054e-01,8.946765264001402262e-02,2.657268219722507818e-01,1.548236523018132471e-01,2.627442809905698451e-01,7.121776767878087444e-01,4.721482093678670000e-01,7.127593580224733660e-01,6.841632571825895237e-01,7.492893515474464694e-01,5.997780554405209852e-01,7.867504826086162417e-01,1.256313982053833822e-01,7.288019667122314083e-01,8.207122684345307118e-01,6.428674386533179685e-01,1.117388335814786110e-01,7.217451319913265051e-01,5.752961660919957421e-01,8.078532636877385764e-01,-1.345556636728786337e-01,3.792043899581043487e-02
5.281288500393469532e-01,4.124633476271846177e-01,5.737672703464598012e-01,-3.824802917959251869e-01,4.110892915204862885e-01,5.324187036305860765e-01,-1.603350740430553034e-01,-5.333405476873066542e-01,-2.244788883973757032e-01,7.471769271114987732e-02,4.217032552395693634e-01,1.000000000000000000e+00,-4.791800990562303242e-01,6.155805499741986431e-01,5.770036917300219725e-01,5.144866765691339383e-01,4.954885459031554418e-01,1.001534886413271153e-01,-5.890079757530816695e-02,1.870421606024692263e-01,4.731339443441166526e-01,3.432518167258232222e-01,6.264952439777210502e-01,4.407644405707287216e-01,6.234122720706508636e-01,2.932445776179672947e-01,2.374161232141227817e-01,4.639700709022546721e-01,5.239053438358757253e-01,-1.088252620673908939e-02,6.207707740886421188e-01,4.271797108961783995e-01,6.801994162739433136e-01,1.161591441951830006e-01,5.784796866782198066e-01,4.191262660125985584e-01,4.665454606584437669e-01,-2.109760747967269756e-01,-1.204973934713656353e-01
-5.851953721949938458e-01,-5.718229033720629850e-01,-4.746191265780206892e-01,4.719094840755896914e-01,-4.538725088366818428e-01,-5.213303724396167738e-01,-2.568947836326317125e-02,4.197743594938891376e-01,1.831770237962194181e-01,-1.876360043404911027e-01,-6.012401820969238697e-01,-4.791800990562303242e-01,1.000000000000000000e+00,-6.041043664683156678e-01,-5.489386655983676810e-01,-5.309532637545051337e-01,-5.457585892296242802e-01,-1.054153220937911334e-01,8.772076654421395725e-02,-1.127311385103060976e-01,-4.031296425833156283e-01,-3.616682310191038363e-01,-6.416263030089230934e-01,-5.130587604787751888e-01,-6.594990399984390628e-01,-4.107779271915994457e-01,-4.179891816306056107e-01,-6.315488784124225763e-01,-5.538051252759007559e-01,-5.552623997573716275e-02,-8.098943250303500818e-01,-5.739953714465176882e-01,-6.989687973597663584e-01,-2.286205774264357671e-01,-6.263915499757616301e-01,-3.624380334464513131e-01,-6.004008450347965153e-01,1.829445741286491733e-01,-6.342446516884418795e-02
7.810304603904878462e-01,6.739932646317629006e-01,6.896971854349857045e-01,-4.799251657132340143e-01,5.401042765624717301e-01,8.154802659771677176e-01,-7.930639389106642484e-03,-6.391506801410931082e-01,-2.384979393308768458e-01,2.475489833171093113e-01,6.618728377616870384e-01,6.155805499741986431e-01,-6.041043664683156678e-01,1.000000000000000000e+00,7.501983231496325288e-01,7.112866284373247083e-01,7.916394937775129703e-01,3.121922042472039527e-01,2.491424348648443865e-01,3.280768994552255569e-01,4.897982943740228357e-01,3.735183992123826680e-01,8.825698531953016790e-01,7.596653069063838970e-01,8.376609440850936172e-01,4.330198941153500791e-01,3.988732457999842329e-01,6.322235571778268559e-01,7.497164773925000247e-01,5.211819625772850378e-02,7.931523895534977608e-01,6.739832415687831979e-01,8.234752688669949583e-01,1.914237042267426525e-01,8.272434254338421056e-01,5.828083571899355109e-01,7.318955829893100118e-01,-1.380706065547516737e-01,-5.617380452085600495e-02
6.793958577383801822e-01,5.510020371027274377e-01,4.806218564290539730e-01,-5.680481694516541502e-01,3.445166318141799078e-01,6.542608867633041836e-01,-4.744262251053930901e-02,-4.242392540642703769e-01,-4.589622570407149160e-01,8.592559672960889405e-02,6.284825206390374230e-01,5.770036917300219725e-01,-5.489386655983676810e-01,7.501983231496325288e-01,1.000000000000000000e+00,6.572276560647638544e-01,7.244239538030396997e-01,-4.437377370123714304e-02,1.816822405397559015e-01,4.341929338454122433e-01,2.373920373039070386e-01,2.784102549618473477e-01,7.792376226076528356e-01,6.518797111706574610e-01,7.883764705280221774e-01,3.537027989765390013e-01,4.233021191108046755e-01,5.151282951814977196e-01,6.643369009544795034e-01,-1.614502983021902927e-01,7.564104446615205202e-01,5.875332014969489869e-01,7.328066619179611774e-01,8.610265851830117834e-02,7.500248028242851861e-01,5.349140066898215862e-01,6.682993000258006244e-01,-2.927985864195923882e-01,-1.568604676970932477e-01
7.713099882738337909e-01,7.286088365165908076e-01,6.678322713025028889e-01,-5.402904843539158009e-01,6.143032307379192591e-01,6.344922530905399150e-01,8.642975344184064546e-02,-6.064837592541063582e-01,-1.205263375789989442e-03,6.399667384362133227e-01,6.679016642627044753e-01,5.144866765691339383e-01,-5.309532637545051337e-01,7.112866284373247083e-01,6.572276560647638544e-01,1.000000000000000000e+00,7.156305571616885519e-01,2.708391622371834062e-01,1.764510259611631882e-01,3.776586810378221304e-01,3.037627104343571527e-01,3.775444579583818183e-01,7.564606282615949917e-01,6.043090046011880823e-01,7.720575895207629769e-01,5.985860182761338910e-01,5.966308781479323642e-01,7.473003838488806450e-01,7.684675622847245702e-01,3.270399725200321406e-01,7.325492698777289480e-01,7.668197974023139851e-01,6.284509230893967624e-01,1.212009120911216736e-01,8.118048330897147391e-01,6.734106566852602338e-01,7.909903547634624665e-01,-1.255921174518659644e-01,-3.936275612247876199e-02
7.592804391989708135e-01,6.398506757882883589e-01,5.680691929121237660e-01,-5.267359730434113541e-01,4.766407373353592769e-01,8.274149579073640792e-01,2.738323093251432069e-02,-5.054440027884044007e-01,-2.574359351650235550e-01,2.900968929637571803e-01,7.997668560817959849e-01,4.954885459031554418e-01,-5.457585892296242802e-01,7.916394937775129703e-01,7.244239538030396997e-01,7.156305571616885519e-01,1.000000000000000000e+00,1.605905071048674415e-01,1.862359759491637179e-01,3.018541456858948036e-01,3.043680801215108422e-01,3.204154325936500181e-01,8.262732242710308928e-01,5.889241945349041885e-01,8.342826711918438498e-01,5.492221519565252397e-01,5.278283514549981792e-01,6.311026363487486357e-01,8.011338471363614877e-01,1.140099087818948476e-01,7.515847705103371190e-01,7.597528641514618153e-01,7.075579997927743392e-01,4.095791701194027162e-02,8.171685955012083502e-01,6.427345213082490405e-01,7.979628582611969501e-01,-2.350929777202566129e-01,-9.717873266786326847e-02
1.877429993280237408e-01,3.283913077973906747e-01,2.332686762675401648e-01,8.294483869048131786e-02,1.780527681570504839e-01,3.251724084517632063e-01,2.655225743210677392e-01,-2.439707830801514654e-01,9.012007349555858915e-02,3.183739710710493109e-01,1.229339056805032054e-01,1.001534886413271153e-01,-1.054153220937911334e-01,3.121922042472039527e-01,-4.437377370123714304e-02,2.708391622371834062e-01,1.605905071048674415e-01,1.000000000000000000e+00,5.175785192248889555e-01,9.443047529158675457e-02,2.499927823806377680e-01,2.123241638412365906e-01,2.348583770243788671e-01,8.985021265350798259e-02,1.844951850905376944e-01,1.071265256986460579e-01,4.717253096315114635e-02,1.315403796081449639e-01,3.460871189792480429e-01,1.512351321238304402e-01,1.434499620224927718e-01,2.581539407752674875e-01,1.142928757148391761e-01,-1.511512752000538085e-01,2.905286613232958004e-01,3.410834399387562277e-01,2.758590183694584752e-01,-6.018867635044675840e-02,-1.962997027680331297e-01
9.885705093693525347e-02,1.880333637135262748e-01,-6.170682925243951150e-02,1.852097639266118978e-01,-2.039603816712470818e-01,2.797031651121517082e-01,1.200770349510676127e-01,6.860487225633971065e-02,-2.363010143065254198e-01,8.643829181009564377e-02,8.946765264001402262e-02,-5.890079757530816695e-02,8.772076654421395725e-02,2.491424348648443865e-01,1.816822405397559015e-01,1.764510259611631882e-01,1.862359759491637179e-01,5.175785192248889555e-01,1.000000000000000000e+00,3.465233230452965940e-01,-4.510131190980651295e-02,6.697022922948069057e-02,1.703355951103840971e-01,1.401459722713114531e-01,1.152479124288804946e-01,4.444349416536447911e-03,7.887864239358591267e-02,-6.510571608241540187e-02,3.376477109991308234e-01,-1.034289970790614188e-01,3.182377913070398578e-02,2.340863139051639341e-01,1.502727388128230653e-03,-4.612553578011443500e-01,2.921337082533487783e-01,4.095368273234176182e-01,2.560582644997262958e-01,-2.394740555182308661e-01,-5.234823603984221085e-01
3.852998223292971036e-01,4.480204279436791892e-01,-8.828152516276433631e-03,-1.281290334433197176e-01,3.378809740327988476e-02,3.238054423585670083e-01,2.977777613825325145e-02,6.022492225681841393e-02,-1.898530539905805836e-01,1.488963258305877058e-01,2.657268219722507818e-01,1.870421606024692263e-01,-1.127311385103060976e-01,3.280768994552255569e-01,4.341929338454122433e-01,3.776586810378221304e-01,3.018541456858948036e-01,9.443047529158675457e-02,3.465233230452965940e-01,1.000000000000000000e+00,-1.257639953440547465e-01,1.418058977096169071e-01,3.497993629546730099e-01,3.172294093797074499e-01,2.877244450749804061e-01,2.884818593526590202e-01,2.813942568623178930e-01,1.632371619781920469e-01,3.840651036441463662e-01,-3.646643064370361231e-02,2.800325006133903560e-01,3.108643487284639129e-01,1.849465502980817688e-01,-1.340457591226808798e-01,4.358264930404163739e-01,4.753288048094277407e-01,4.022736519369131680e-01,-5.612267365671910757e-02,-1.846345551353489878e-01
4.204718482353792530e-01,2.405928754805518321e-01,6.685904109893745506e-01,-2.209812982197241205e-01,3.419584160823215813e-01,3.789785932786515765e-01,7.184364677660817766e-02,-6.760378453681369360e-01,-8.515293695241109642e-03,4.107834015244404141e-02,1.548236523018132471e-01,4.731339443441166526e-01,-4.031296425833156283e-01,4.897982943740228357e-01,2.373920373039070386e-01,3.037627104343571527e-01,3.043680801215108422e-01,2.499927823806377680e-01,-4.510131190980651295e-02,-1.257639953440547465e-01,1.000000000000000000e+00,5.022775145441665812e-01,4.582705323412623599e-01,3.935364900774181440e-01,4.485645845743201909e-01,-1.572053998531143873e-02,-1.121412463937942749e-01,3.868251803173589631e-01,1.819402896729515884e-01,-2.141715529679215704e-02,4.606527548475154998e-01,1.333667287156986292e-01,5.126922783256273597e-01,1.665737130003693278e-01,3.260253715204516900e-01,8.226095477821136759e-02,1.759797267046274982e-01,8.520848655129362181e-02,1.712623591439481063e-01
3.864094942406130495e-01,4.156337914686027979e-01,3.035150849337853729e-01,-1.143524388117197199e-01,1.870227669025794348e-01,3.079122537484285660e-01,1.694922955781810459e-01,-2.979459751196233963e-01,-3.261250625587971269e-02,2.338939541004926015e-01,2.627442809905698451e-01,3.432518167258232222e-01,-3.616682310191038363e-01,3.735183992123826680e-01,2.784102549618473477e-01,3.775444579583818183e-01,3.204154325936500181e-01,2.123241638412365906e-01,6.697022922948069057e-02,1.418058977096169071e-01,5.022775145441665812e-01,1.000000000000000000e+00,3.947058278755996574e-01,3.580131220254791358e-01,3.881956100251519604e-01,1.513030528965355337e-01,9.713217882300134720e-02,2.394109743793415290e-01,3.350277396714018141e-01,7.767972755172486421e-02,3.905085613261188304e-01,2.865230977453378514e-01,3.585016041793792074e-01,1.636750367470285114e-02,4.158019094012747052e-01,3.591619859971432183e-01,3.681263098107794840e-01,-7.646921716000061597e-02,2.063437362437462244e-02
8.068489869342381215e-01,6.802899096069657814e-01,6.784511898495069193e-01,-5.476460219913913408e-01,5.477962014373786159e-01,8.125187969198909288e-01,5.998720748454113710e-03,-6.183063744078390878e-01,-2.586349571581040840e-01,2.547434322913023630e-01,7.121776767878087444e-01,6.264952439777210502e-01,-6.416263030089230934e-01,8.825698531953016790e-01,7.792376226076528356e-01,7.564606282615949917e-01,8.262732242710308928e-01,2.348583770243788671e-01,1.703355951103840971e-01,3.497993629546730099e-01,4.582705323412623599e-01,3.947058278755996574e-01,1.000000000000000000e+00,6.926208073848852953e-01,8.878759000755356290e-01,5.191958850475931753e-01,4.757219340092625481e-01,6.899816425160024691e-01,7.620134364708157637e-01,4.523370073505884187e-02,8.376578329799990730e-01,6.917358376953961496e-01,8.254004501445514341e-01,1.785388444256144902e-01,8.483566494110025280e-01,6.159373179861382663e-01,7.687413660953784644e-01,-1.508684499845443228e-01,-6.137556006728182162e-02
6.544192525304065589e-01,5.734605030464627884e-01,5.246062696428295258e-01,-4.678853566340958059e-01,4.154033551422481318e-01,5.386462252853353450e-01,-9.486748272903094970e-02,-4.832419683741314698e-01,-1.590682618718164132e-01,1.832774466931174351e-01,4.721482093678670000e-01,4.407644405707287216e-01,-5.130587604787751888e-01,7.596653069063838970e-01,6.518797111706574610e-01,6.043090046011880823e-01,5.889241945349041885e-01,8.985021265350798259e-02,1.401459722713114531e-01,3.172294093797074499e-01,3.935364900774181440e-01,3.580131220254791358e-01,6.926208073848852953e-01,1.000000000000000000e+00,6.571464095362538060e-01,3.393257791173223681e-01,3.011620682918582093e-01,5.961447291332272469e-01,5.214079235131230394e-01,1.187558570334788094e-01,6.548476757765346878e-01,5.221564690104287809e-01,6.820957494725020664e-01,1.468039246664042397e-01,7.056039523910044853e-01,3.310105794127900514e-01,5.975910386006925146e-01,-1.617659538242156858e-01,-3.734369861875639490e-02
8.066497882833777444e-01,6.396085475599168069e-01,7.026404209541928791e-01,-5.673913380218059688e-01,5.408962285971583572e-01,7.799378974234005835e-01,1.502760276858816808e-02,-6.392905251562617241e-01,-2.771805748187162743e-01,2.573846581194165761e-01,7.127593580224733660e-01,6.234122720706508636e-01,-6.594990399984390628e-01,8.376609440850936172e-01,7.883764705280221774e-01,7.720575895207629769e-01,8.342826711918438498e-01,1.844951850905376944e-01,1.152479124288804946e-01,2.877244450749804061e-01,4.485645845743201909e-01,3.881956100251519604e-01,8.878759000755356290e-01,6.571464095362538060e-01,1.000000000000000000e+00,5.295616010901441628e-01,4.990290125801258858e-01,6.988235523324348719e-01,7.552965062202755542e-01,5.037679933291606266e-02,8.546437209647603783e-01,7.005821186566645320e-01,8.235921199733570175e-01,1.493983771711061281e-01,8.363739454561653908e-01,5.889527101758932348e-01,7.620439038062448711e-01,-1.993068358752425884e-01,-3.879786236803145494e-02
5.804033761722479090e-01,5.290077670425333833e-01,3.832387775952205700e-01,-4.294040789959671089e-01,6.501747903753727353e-01,4.348127633529501601e-01,4.446333220222631333e-02,-2.929242892879722060e-01,2.048674636405568017e-01,5.028294185414683426e-01,6.841632571825895237e-01,2.932445776179672947e-01,-4.107779271915994457e-01,4.330198941153500791e-01,3.537027989765390013e-01,5.985860182761338910e-01,5.492221519565252397e-01,1.071265256986460579e-01,4.444349416536447911e-03,2.884818593526590202e-01,-1.572053998531143873e-02,1.513030528965355337e-01,5.191958850475931753e-01,3.393257791173223681e-01,5.295616010901441628e-01,1.000000000000000000e+00,8.126081297072946796e-01,6.544586330322267331e-01,6.527494353157237139e-01,4.861138919824123383e-01,5.294069330447610522e-01,7.543904245071577641e-01,4.801165516620933826e-01,2.500773824300209780e-01,5.826309487841158097e-01,5.230143967576811326e-01,7.245998201297821906e-01,2.556162925220896789e-02,3.462456744573392392e-02
4.982228479872217730e-01,5.015154812097984971e-01,2.973638382560226945e-01,-4.253990774725429080e-01,5.866786001769149772e-01,4.055721371574910195e-01,1.184996535318317418e-01,-2.042034340532110914e-01,7.520809216704522904e-02,5.407984623707272620e-01,7.492893515474464694e-01,2.374161232141227817e-01,-4.179891816306056107e-01,3.988732457999842329e-01,4.233021191108046755e-01,5.966308781479323642e-01,5.278283514549981792e-01,4.717253096315114635e-02,7.887864239358591267e-02,2.813942568623178930e-01,-1.121412463937942749e-01,9.713217882300134720e-02,4.757219340092625481e-01,3.011620682918582093e-01,4.990290125801258858e-01,8.126081297072946796e-01,1.000000000000000000e+00,5.631281023177702183e-01,6.677903298104493901e-01,3.396700604305477600e-01,5.084920556846375117e-01,8.051705730606406597e-01,4.057246891762235075e-01,1.692534548560330754e-01,5.263912482924926195e-01,5.021610643075158364e-01,7.228605893522117576e-01,-1.311441970608874866e-02,1.742572115126258050e-02
6.952314963142074422e-01,5.881891217611046052e-01,7.083708450147467861e-01,-7.153552024583653690e-01,7.172254538335967045e-01,5.826182415073430931e-01,3.254272371153488219e-02,-6.460462521425257565e-01,1.700494836095121920e-01,4.856853015855677191e-01,5.997780554405209852e-01,4.639700709022546721e-01,-6.315488784124225763e-01,6.322235571778268559e-01,5.151282951814977196e-01,7.473003838488806450e-01,6.311026363487486357e-01,1.315403796081449639e-01,-6.510571608241540187e-02,1.632371619781920469e-01,3.868251803173589631e-01,2.394109743793415290e-01,6.899816425160024691e-01,5.961447291332272469e-01,6.988235523324348719e-01,6.544586330322267331e-01,5.631281023177702183e-01,1.000000000000000000e+00,6.195568781582143636e-01,4.727647806412480502e-01,7.580197572230735759e-01,6.995331780946800748e-01,6.944250914656800999e-01,3.314756404413808366e-01,6.666190002570400175e-01,4.188161869624259515e-01,6.837870368171627966e-01,-7.948446625458997772e-02,7.623873759911362069e-02
7.079885643429574271e-01,7.151347768537642535e-01,5.004472791414876776e-01,-4.207626194007150211e-01,4.827752468660367891e-01,7.918591576952244138e-01,8.136020223668749551e-02,-4.307061491312382251e-01,-1.659603716696774478e-01,4.603393051412009718e-01,7.867504826086162417e-01,5.239053438358757253e-01,-5.538051252759007559e-01,7.497164773925000247e-01,6.643369009544795034e-01,7.684675622847245702e-01,8.011338471363614877e-01,3.460871189792480429e-01,3.376477109991308234e-01,3.840651036441463662e-01,1.819402896729515884e-01,3.350277396714018141e-01,7.620134364708157637e-01,5.214079235131230394e-01,7.552965062202755542e-01,6.527494353157237139e-01,6.677903298104493901e-01,6.195568781582143636e-01,1.000000000000000000e+00,2.103978011774864654e-01,7.282218860639906310e-01,8.706275291302028041e-01,6.494029479247708236e-01,1.251419152449368202e-02,8.498297165947475973e-01,7.639248907098044050e-01,8.995881435922832292e-01,-2.550627537191860750e-01,-1.810338897355971699e-01
1.600129111902290624e-01,2.855128640953943919e-01,2.453040019575181696e-01,-2.771303744425416271e-01,4.952849562242526704e-01,4.416411592664250957e-02,1.951090371499477824e-02,-2.166919994335808342e-01,7.242607881862589414e-01,6.332832459664545777e-01,1.256313982053833822e-01,-1.088252620673908939e-02,-5.552623997573716275e-02,5.211819625772850378e-02,-1.614502983021902927e-01,3.270399725200321406e-01,1.140099087818948476e-01,1.512351321238304402e-01,-1.034289970790614188e-01,-3.646643064370361231e-02,-2.141715529679215704e-02,7.767972755172486421e-02,4.523370073505884187e-02,1.187558570334788094e-01,5.037679933291606266e-02,4.861138919824123383e-01,3.396700604305477600e-01,4.727647806412480502e-01,2.103978011774864654e-01,1.000000000000000000e+00,3.771554973641826070e-02,3.771382020217189934e-01,4.566166993046974487e-02,2.166967010804085880e-01,1.578542484550300440e-01,2.386643838497138626e-01,3.014085644668688668e-01,4.833134040940966630e-02,6.177070933917287038e-02
7.632219606770630493e-01,6.542766752546378406e-01,6.302393217157363781e-01,-5.982519803212139609e-01,5.396225609193315842e-01,7.151974588244378594e-01,1.030730008188010700e-03,-5.620785261344011241e-01,-2.776060615140603094e-01,2.390728442668522413e-01,7.288019667122314083e-01,6.207707740886421188e-01,-8.098943250303500818e-01,7.931523895534977608e-01,7.564104446615205202e-01,7.325492698777289480e-01,7.515847705103371190e-01,1.434499620224927718e-01,3.182377913070398578e-02,2.800325006133903560e-01,4.606527548475154998e-01,3.905085613261188304e-01,8.376578329799990730e-01,6.548476757765346878e-01,8.546437209647603783e-01,5.294069330447610522e-01,5.084920556846375117e-01,7.580197572230735759e-01,7.282218860639906310e-01,3.771554973641826070e-02,1.000000000000000000e+00,7.057770909751871491e-01,8.336050087858205559e-01,1.923184239323642852e-01,8.080703969344575910e-01,5.141400983724675466e-01,7.608047390481095240e-01,-2.190848006922775371e-01,5.910620246104435552e-03
6.621304260093784366e-01,7.045046985579717091e-01,5.015340801629764034e-01,-4.860689530667725022e-01,6.207142463369453855e-01,6.740544541101209930e-01,6.702298907812762052e-02,-4.175625665153013810e-01,-2.234021621821021333e-02,5.686165003275219787e-01,8.207122684345307118e-01,4.271797108961783995e-01,-5.739953714465176882e-01,6.739832415687831979e-01,5.875332014969489869e-01,7.668197974023139851e-01,7.597528641514618153e-01,2.581539407752674875e-01,2.340863139051639341e-01,3.108643487284639129e-01,1.333667287156986292e-01,2.865230977453378514e-01,6.917358376953961496e-01,5.221564690104287809e-01,7.005821186566645320e-01,7.543904245071577641e-01,8.051705730606406597e-01,6.995331780946800748e-01,8.706275291302028041e-01,3.771382020217189934e-01,7.057770909751871491e-01,1.000000000000000000e+00,6.196621285645025345e-01,7.442217467588654878e-02,7.916412296174856200e-01,6.831062665063996064e-01,9.106386353248826504e-01,-2.364092569451045900e-01,-1.407288476478231742e-01
7.078225742542023635e-01,5.117521206801020073e-01,7.117397173240449515e-01,-5.417978936961221903e-01,5.913988801929871419e-01,7.065345459587517585e-01,-9.380415003300392185e-02,-6.520277734252782897e-01,-2.547904663808655545e-01,1.138725936393791410e-01,6.428674386533179685e-01,6.801994162739433136e-01,-6.989687973597663584e-01,8.234752688669949583e-01,7.328066619179611774e-01,6.284509230893967624e-01,7.075579997927743392e-01,1.142928757148391761e-01,1.502727388128230653e-03,1.849465502980817688e-01,5.126922783256273597e-01,3.585016041793792074e-01,8.254004501445514341e-01,6.820957494725020664e-01,8.235921199733570175e-01,4.801165516620933826e-01,4.057246891762235075e-01,6.944250914656800999e-01,6.494029479247708236e-01,4.566166993046974487e-02,8.336050087858205559e-01,6.196621285645025345e-01,1.000000000000000000e+00,2.622237598263517100e-01,7.521711039973868473e-01,4.394065932602967406e-01,6.675664744178881893e-01,-1.782003881834955117e-01,-3.409032069135280174e-02
2.436924984911771341e-01,2.029945896099040747e-01,3.546607139954135457e-01,-3.558947909479174831e-01,4.846483992526698925e-01,1.905528930865105566e-02,1.044012000151398473e-01,-3.448642384162346475e-01,4.723533973872401925e-01,2.449808845166007720e-01,1.117388335814786110e-01,1.161591441951830006e-01,-2.286205774264357671e-01,1.914237042267426525e-01,8.610265851830117834e-02,1.212009120911216736e-01,4.095791701194027162e-02,-1.511512752000538085e-01,-4.612553578011443500e-01,-1.340457591226808798e-01,1.665737130003693278e-01,1.636750367470285114e-02,1.785388444256144902e-01,1.468039246664042397e-01,1.493983771711061281e-01,2.500773824300209780e-01,1.692534548560330754e-01,3.314756404413808366e-01,1.251419152449368202e-02,2.166967010804085880e-01,1.923184239323642852e-01,7.442217467588654878e-02,2.622237598263517100e-01,1.000000000000000000e+00,-3.321502727582563430e-02,-1.800221890459055285e-01,2.401412434967917578e-02,4.999985774479166478e-01,6.064921398645015671e-01
7.771887344883888771e-01,7.447582037838442748e-01,5.706075386337847721e-01,-4.672407817631263338e-01,4.757443576973546251e-01,7.882098097221080790e-01,-1.884604406863229012e-02,-5.028752536332811163e-01,-2.620333503738754288e-01,3.491532570858650875e-01,7.217451319913265051e-01,5.784796866782198066e-01,-6.263915499757616301e-01,8.272434254338421056e-01,7.500248028242851861e-01,8.118048330897147391e-01,8.171685955012083502e-01,2.905286613232958004e-01,2.921337082533487783e-01,4.358264930404163739e-01,3.260253715204516900e-01,4.158019094012747052e-01,8.483566494110025280e-01,7.056039523910044853e-01,8.363739454561653908e-01,5.826309487841158097e-01,5.263912482924926195e-01,6.666190002570400175e-01,8.498297165947475973e-01,1.578542484550300440e-01,8.080703969344575910e-01,7.916412296174856200e-01,7.521711039973868473e-01,-3.321502727582563430e-02,1.000000000000000000e+00,7.199857278449929288e-01,8.828977302876269695e-01,-3.205236217449234926e-01,-2.194405553221179805e-01
5.834299646143334961e-01,6.294745565819551691e-01,3.206179859008774224e-01,-2.866181573668672988e-01,3.330135860058591746e-01,6.176162806181274556e-01,2.479271979740524032e-02,-2.584270280279526433e-01,-1.515013901413917174e-01,4.335850146171789099e-01,5.752961660919957421e-01,4.191262660125985584e-01,-3.624380334464513131e-01,5.828083571899355109e-01,5.349140066898215862e-01,6.734106566852602338e-01,6.427345213082490405e-01,3.410834399387562277e-01,4.095368273234176182e-01,4.753288048094277407e-01,8.226095477821136759e-02,3.591619859971432183e-01,6.159373179861382663e-01,3.310105794127900514e-01,5.889527101758932348e-01,5.230143967576811326e-01,5.021610643075158364e-01,4.188161869624259515e-01,7.639248907098044050e-01,2.386643838497138626e-01,5.141400983724675466e-01,6.831062665063996064e-01,4.394065932602967406e-01,-1.800221890459055285e-01,7.199857278449929288e-01,1.000000000000000000e+00,7.450052582661094158e-01,-2.509977168036670037e-01,-3.626341492266493827e-01
7.182401767858325181e-01,7.567104993955349190e-01,4.982517989708334372e-01,-4.744128863343167191e-01,5.528084415407749086e-01,7.354529980922593912e-01,5.159241621070052852e-02,-4.215601323256543687e-01,-1.271514329326678683e-01,4.897650780225651923e-01,8.078532636877385764e-01,4.665454606584437669e-01,-6.004008450347965153e-01,7.318955829893100118e-01,6.682993000258006244e-01,7.909903547634624665e-01,7.979628582611969501e-01,2.758590183694584752e-01,2.560582644997262958e-01,4.022736519369131680e-01,1.759797267046274982e-01,3.681263098107794840e-01,7.687413660953784644e-01,5.975910386006925146e-01,7.620439038062448711e-01,7.245998201297821906e-01,7.228605893522117576e-01,6.837870368171627966e-01,8.995881435922832292e-01,3.014085644668688668e-01,7.608047390481095240e-01,9.106386353248826504e-01,6.675664744178881893e-01,2.401412434967917578e-02,8.828977302876269695e-01,7.450052582661094158e-01,1.000000000000000000e+00,-2.717197244811547230e-01,-1.733920579873334533e-01
7.955993907285166533e-02,-3.699040285282172852e-02,3.036211168958989626e-02,1.336448850755991291e-01,1.574403004487716917e-01,-2.295781770512803077e-01,2.110445558433195756e-01,-3.472089709815245201e-02,4.872144036383360133e-01,2.096725912928695534e-01,-1.345556636728786337e-01,-2.109760747967269756e-01,1.829445741286491733e-01,-1.380706065547516737e-01,-2.927985864195923882e-01,-1.255921174518659644e-01,-2.350929777202566129e-01,-6.018867635044675840e-02,-2.394740555182308661e-01,-5.612267365671910757e-02,8.520848655129362181e-02,-7.646921716000061597e-02,-1.508684499845443228e-01,-1.617659538242156858e-01,-1.993068358752425884e-01,2.556162925220896789e-02,-1.311441970608874866e-02,-7.948446625458997772e-02,-2.550627537191860750e-01,4.833134040940966630e-02,-2.190848006922775371e-01,-2.364092569451045900e-01,-1.782003881834955117e-01,4.999985774479166478e-01,-3.205236217449234926e-01,-2.509977168036670037e-01,-2.717197244811547230e-01,1.000000000000000000e+00,6.936606277847199298e-01
1.102689958930120478e-01,3.439750756969953832e-02,1.289424039328857241e-01,-7.446514937264563094e-02,2.441600466749535292e-01,-9.618121361547983528e-02,3.034345393429977999e-01,-1.242332026756409330e-01,4.270143208057363138e-01,1.772150537481067545e-01,3.792043899581043487e-02,-1.204973934713656353e-01,-6.342446516884418795e-02,-5.617380452085600495e-02,-1.568604676970932477e-01,-3.936275612247876199e-02,-9.717873266786326847e-02,-1.962997027680331297e-01,-5.234823603984221085e-01,-1.846345551353489878e-01,1.712623591439481063e-01,2.063437362437462244e-02,-6.137556006728182162e-02,-3.734369861875639490e-02,-3.879786236803145494e-02,3.462456744573392392e-02,1.742572115126258050e-02,7.623873759911362069e-02,-1.810338897355971699e-01,6.177070933917287038e-02,5.910620246104435552e-03,-1.407288476478231742e-01,-3.409032069135280174e-02,6.064921398645015671e-01,-2.194405553221179805e-01,-3.626341492266493827e-01,-1.733920579873334533e-01,6.936606277847199298e-01,1.000000000000000000e+00
