1.000000000000000000e+00,7.597613491528882879e-01,4.223540420522954308e-01,-5.930908789176316670e-02,3.218912207493698774e-01,-3.760203437970217055e-01,1.006690542824582035e-01,-1.096006388569621820e-01,7.138036022328663188e-01,7.367879588202091989e-01,6.200176640498319264e-02,1.603479484226483232e-01,-3.832331474969550844e-01,5.167194789059914584e-01,5.248681228002517463e-01,6.827006560801995860e-01,3.559829777139066898e-01,-2.298824717810754037e-01,3.750125103050052089e-01,1.975580624708689892e-01,4.444551491579015190e-01,5.536094583414874482e-01,2.670502856693554028e-01,-2.661550678435917194e-03,-9.610084306254691733e-02,6.083729470185054167e-01,4.692628572423566125e-01,5.180194491963860948e-01,4.797971066418802444e-01,7.059009689742803406e-01,6.222510103175511453e-01,-4.819426700991705920e-02,5.037676252428063828e-01,6.369527853565486453e-01,4.548327208717279913e-01,3.314257023399649338e-01,-2.005365807403257806e-03,6.675352846721902544e-01,4.707683360440578224e-01
7.597613491528882879e-01,1.000000000000000000e+00,2.527688076498780245e-01,-1.119993684624739916e-01,3.429600908903149281e-01,-1.375334439425510702e-01,2.512488652865750571e-02,-6.905753812653138424e-02,6.656170750284503557e-01,6.842147842116291789e-01,4.059584501824171215e-02,2.614856274850463347e-01,-3.287541588181107644e-01,3.085131016433997342e-01,2.681458735184154563e-01,6.743067846491890283e-01,2.832421675872220934e-01,-6.298751956827070009e-02,3.107010761074709970e-01,1.040460631475697249e-02,2.516613466149630884e-01,3.871606957021801465e-01,4.125029643392018053e-01,1.630876043542347498e-01,1.465940554172250609e-01,3.535399787631879898e-01,5.908946234933607489e-01,2.890172060404068710e-01,3.042754004570439319e-01,5.561193262507971857e-01,5.438207926924507607e-01,2.278705257048445065e-01,3.826900090326407211e-01,5.451950409841737066e-01,2.801036836127555607e-01,2.603868524469978851e-01,1.413817725933244618e-01,4.742001298367750084e-01,5.935461381185533902e-01
4.223540420522954308e-01,2.527688076498780245e-01,1.000000000000000000e+00,1.638780086583776219e-01,4.267317589719346049e-01,-5.423050904559671981e-01,4.345208543063527329e-01,-6.049574754866865467e-01,4.385882260074155936e-01,5.801085575418013507e-01,8.608232317877859141e-02,-1.920743561926128162e-01,-2.556574032017025488e-01,6.929659615895865654e-01,4.925390405275618111e-01,3.742727125286384182e-01,3.531551755848288399e-01,-1.993459862493568435e-01,4.818322690805275643e-01,2.952415307533683975e-01,6.532202312927660737e-01,6.340127518405833662e-01,7.402419953514720666e-03,-2.826548148851328324e-01,-3.043191881730049064e-01,5.583153395300683997e-01,3.844550182708383196e-02,6.509283780373408268e-01,5.040082256166721342e-01,5.924931782620250775e-01,5.568881687638095324e-01,-4.407565903912517569e-01,6.380904249466796685e-01,5.206435702253713327e-01,5.311785285164876136e-01,4.776261932963259960e-01,-3.002461803312526101e-01,4.419715929723586068e-01,1.883577241020537862e-01
-5.930908789176316670e-02,-1.119993684624739916e-01,1.638780086583776219e-01,1.000000000000000000e+00,2.813067368900342702e-01,-2.381205354490467108e-01,6.106811736982008521e-01,-8.726070820820726326e-02,-9.738319957591046183e-02,3.130682720677891578e-02,9.316610642735638492e-02,-5.293556059269081127e-01,-7.790974362115557494e-02,1.266792164072981786e-01,-2.287899564278831066e-01,-2.184376913751455707e-01,2.817385055668809590e-01,1.758906037350351503e-01,4.184190917865917014e-01,1.040774267501794609e-01,1.767446235673038324e-01,1.733170808446612421e-01,-3.324927986817380332e-01,-3.810147002354373202e-01,-3.629088517200731445e-01,8.372907610767989228e-02,-8.015994070938976812e-02,-1.804631329376667898e-02,1.293709620595767384e-01,8.423673616224613969e-02,1.208384987014685247e-01,-1.580168376740777036e-01,-9.949429490383814023e-02,-1.452493377188217027e-01,1.871889265080234621e-01,-2.805628555508317690e-01,-2.224648667664093638e-01,-2.269154257681561815e-01,-5.692932756190487165e-02
3.218912207493698774e-01,3.429600908903149281e-01,4.267317589719346049e-01,2.813067368900342702e-01,1.000000000000000000e+00,-1.043600856843691915e-01,2.479021374296002667e-01,-4.694922927269048474e-01,3.989475072920208865e-01,3.722969713045132245e-01,1.489300768329442914e-01,-8.794593715460047312e-02,-1.563722256962538082e-01,2.294219040661844289e-01,3.371434032227876854e-02,2.928797534536836666e-01,2.987313993894609165e-01,3.955295999548577024e-01,6.503771752750274748e-01,-1.486225819152567629e-01,1.483982717714374955e-01,2.610412797064883272e-01,1.215401181929524760e-01,-7.324200282631905534e-02,-7.411059534927447179e-02,1.776707438377008175e-01,3.046364475082196654e-01,2.424117595357313526e-01,1.479922098638241368e-01,2.124858552005930989e-01,4.596391242852710390e-01,1.208941383211481757e-01,2.381968001423638570e-01,5.001228121273754157e-01,1.079318435424395650e-01,-9.169941489081940775e-03,1.867440461737466390e-02,5.357970158789839010e-02,2.861736139523353706e-01
-3.760203437970217055e-01,-1.375334439425510702e-01,-5.423050904559671981e-01,-2.381205354490467108e-01,-1.043600856843691915e-01,1.000000000000000000e+00,-4.609933621087545230e-01,-4.204647709910291214e-02,-1.782297498477987685e-01,-3.897173455608954895e-01,5.234063353760004533e-02,3.699545250658974327e-01,3.864052309181023048e-01,-5.810043381595384471e-01,-5.676067458005714661e-01,-5.214719193506956590e-02,-3.142600942351052584e-01,5.766964284803670626e-01,-3.082600274407590879e-01,-5.823438462756226341e-01,-8.006776789268494898e-01,-6.977533208793061936e-01,3.974729195358866485e-01,6.733618937236686142e-01,7.048512417741655822e-01,-7.272283553066307693e-01,9.057973663377755225e-02,-6.198305433322125468e-01,-6.448543862018597528e-01,-5.156925199293520556e-01,-4.411943696081201960e-01,6.917308726601087976e-01,-3.307040137225586429e-01,-3.369714229010933870e-01,-6.982236312896916708e-01,-2.226439493990447216e-01,6.091301607767081183e-01,-4.027880322091030307e-01,4.662894107484608086e-02
1.006690542824582035e-01,2.512488652865750571e-02,4.345208543063527329e-01,6.106811736982008521e-01,2.479021374296002667e-01,-4.609933621087545230e-01,1.000000000000000000e+00,-1.302126214542728144e-01,6.382036915790778586e-02,2.939993142492456912e-01,8.809976158833926485e-02,-7.165081272516019562e-01,-2.008529995893177378e-01,4.400575755971083414e-01,4.655172728083230987e-02,-5.290985517907565577e-02,4.261052708081655149e-01,-9.250923510849448639e-02,4.034949375971679242e-01,3.343067407389249124e-01,5.140977438919404063e-01,4.280875581562856858e-01,-2.548257137806515527e-01,-3.935137492527600034e-01,-4.861615771252118523e-01,4.166492695100215693e-01,-4.704557900802022047e-02,3.670756997942895561e-01,4.898781299539012868e-01,3.416600816063762869e-01,2.584561169740631770e-01,-3.269450515098488719e-01,2.612659814762832711e-01,-2.887441631085918559e-02,5.567455321876432217e-01,-2.214604361201209445e-02,-2.399575178149720156e-01,-2.661143894286081141e-02,-1.351466215651317970e-01
-1.096006388569621820e-01,-6.905753812653138424e-02,-6.049574754866865467e-01,-8.726070820820726326e-02,-4.694922927269048474e-01,-4.204647709910291214e-02,-1.302126214542728144e-01,1.000000000000000000e+00,-1.922692053187921857e-01,-2.242049080549914364e-01,-8.926838470547018844e-02,4.408998786911688672e-02,-1.157140170040332067e-01,-1.977501570246806284e-01,1.161873095198457176e-02,-2.493858761737379193e-01,-4.978853067114660108e-02,-3.561313178119998590e-01,-3.948628493309285226e-01,2.212911982796454125e-01,-2.745314988576954759e-02,-1.182629740355791853e-01,-2.007798413516743707e-01,-1.095083401728480232e-01,-5.401575998620396224e-02,4.334252313900571058e-02,5.182040877568793585e-02,-1.657590366437196872e-01,1.312241072665235320e-01,-7.690695830438556979e-02,-1.757436411487573458e-01,3.170582071611655062e-02,-2.613685133717406073e-01,-3.086769751622652769e-01,1.005710141781832323e-01,-1.826218317547560199e-01,6.031646992315967994e-03,6.370249371355730592e-04,-9.472490755691481690e-02
7.138036022328663188e-01,6.656170750284503557e-01,4.385882260074155936e-01,-9.738319957591046183e-02,3.989475072920208865e-01,-1.782297498477987685e-01,6.382036915790778586e-02,-1.922692053187921857e-01,1.000000000000000000e+00,7.209817704353952417e-01,2.434732801883495446e-01,3.048536214153209634e-01,-3.110632288353272767e-01,5.003426311332014320e-01,4.800069304702557771e-01,7.404309375580420127e-01,4.515908803082868683e-01,-3.823665424697866161e-02,4.708533210353256782e-01,9.823511367557870300e-02,3.882007551160498449e-01,4.530469481084831163e-01,4.439485558226595741e-01,1.516123394245411371e-01,1.240198578201442969e-01,5.145657162430393727e-01,5.568265597590795757e-01,4.493518714265222203e-01,4.385681745159609735e-01,6.925779324247866020e-01,6.511508188247947526e-01,1.261974987001587833e-01,6.053893757634867256e-01,6.860350930459516716e-01,3.921765832780646499e-01,4.178538984209922980e-01,1.561405760555215627e-01,6.625084899379354297e-01,6.234862522903044102e-01
7.367879588202091989e-01,6.842147842116291789e-01,5.801085575418013507e-01,3.130682720677891578e-02,3.722969713045132245e-01,-3.897173455608954895e-01,2.939993142492456912e-01,-2.242049080549914364e-01,7.209817704353952417e-01,1.000000000000000000e+00,1.173595797088533149e-01,3.876378350831003600e-02,-3.292412861427393422e-01,6.513819234611762932e-01,4.737533088687035931e-01,7.337317644288616769e-01,4.369903752393701768e-01,-2.249626464594529363e-01,4.195686494624788487e-01,2.350044961399179455e-01,5.589568726272549082e-01,5.813337735528544270e-01,2.994292519371216654e-01,-4.910135199855800159e-02,-8.600378993314854170e-02,6.129973866679890859e-01,4.282277680755195992e-01,6.043025878998075084e-01,5.309489662353419348e-01,7.579673540620610606e-01,6.759846880136102243e-01,-1.060489256797062518e-01,6.447134838154676695e-01,5.730171946747539824e-01,5.454991582661951055e-01,4.795867909363675796e-01,-3.983667685893928223e-02,6.321119786114605121e-01,5.255009096183724804e-01
6.200176640498319264e-02,4.059584501824171215e-02,8.608232317877859141e-02,9.316610642735638492e-02,1.489300768329442914e-01,5.234063353760004533e-02,8.809976158833926485e-02,-8.926838470547018844e-02,2.434732801883495446e-01,1.173595797088533149e-01,1.000000000000000000e+00,-2.869603976863784739e-02,3.193759337385014274e-01,7.506423920440769004e-02,1.097825077962178708e-01,1.523656231293555596e-01,7.009122885392545799e-01,8.510167240452319593e-02,2.649401315535447887e-01,1.190623437561104253e-01,1.236838994018689408e-01,2.833241390302430052e-01,9.111702277544915518e-02,-2.932727279501145048e-02,-3.831830326671106790e-02,1.942301954303502498e-01,1.690183256335736350e-01,1.968545779679715946e-01,1.082700890913070174e-01,1.265176842526817558e-01,1.344066526745032464e-01,2.763014208478700162e-01,2.447998611451956685e-01,1.360601082957990926e-01,1.621165940315097975e-01,-7.817089834449637842e-02,1.994993047498687111e-01,1.622022345899510054e-01,1.426211463673826840e-01
1.603479484226483232e-01,2.614856274850463347e-01,-1.920743561926128162e-01,-5.293556059269081127e-01,-8.794593715460047312e-02,3.699545250658974327e-01,-7.165081272516019562e-01,4.408998786911688672e-02,3.048536214153209634e-01,3.876378350831003600e-02,-2.869603976863784739e-02,1.000000000000000000e+00,-5.099413981079251035e-02,-1.709072115961060567e-01,1.643508133667763993e-01,3.696536859673593134e-01,-2.357841412089969335e-01,1.054539860519470712e-01,-9.789928623460326940e-02,-3.150790482372904378e-01,-3.216880771921115656e-01,-1.985146837614199244e-01,3.983302055499722272e-01,4.012715998874692436e-01,5.385453937274157221e-01,-1.868528273952465013e-01,3.387483312077160247e-01,-2.129559993432533771e-01,-2.647107926650712484e-01,3.145969122494299969e-02,7.555413813085308516e-02,3.803301106358437655e-01,-1.096480643979043032e-02,3.433321146160301374e-01,-3.518125793660860645e-01,2.071216585574308378e-01,2.594144809880301605e-01,3.038418251727286745e-01,4.384483976874499200e-01
-3.832331474969550844e-01,-3.287541588181107644e-01,-2.556574032017025488e-01,-7.790974362115557494e-02,-1.563722256962538082e-01,3.864052309181023048e-01,-2.008529995893177378e-01,-1.157140170040332067e-01,-3.110632288353272767e-01,-3.292412861427393422e-01,3.193759337385014274e-01,-5.099413981079251035e-02,1.000000000000000000e+00,-3.327191457396208585e-01,-2.858147528106936841e-01,-1.903014236700593387e-01,-7.210724493281003844e-02,2.426923789551880539e-01,-2.298461760371680040e-01,-2.457601456673615403e-01,-3.812983095153207880e-01,-2.871963113102217191e-01,1.048565947415312644e-01,2.568545264536762351e-01,1.279009632018209275e-01,-3.944178371280120943e-01,-3.286900592203679805e-01,-2.401818801314029028e-01,-4.816355058461118666e-01,-4.332540656218675235e-01,-5.465703429332644525e-01,1.736489959030652064e-01,-1.776735721420105441e-01,-3.060181042402143059e-01,-3.626413301443283110e-01,-1.298231332325590626e-01,2.017753408233593226e-01,-3.113172955922109963e-01,-3.062727110286064258e-01
5.167194789059914584e-01,3.085131016433997342e-01,6.929659615895865654e-01,1.266792164072981786e-01,2.294219040661844289e-01,-5.810043381595384471e-01,4.400575755971083414e-01,-1.977501570246806284e-01,5.003426311332014320e-01,6.513819234611762932e-01,7.506423920440769004e-02,-1.709072115961060567e-01,-3.327191457396208585e-01,1.000000000000000000e+00,6.209159723385861973e-01,4.185171344049392617e-01,4.538844265495639019e-01,-4.318108954225706175e-01,3.088597271311867010e-01,4.362380391855665840e-01,7.287492968238522550e-01,6.703807928952296713e-01,2.967131716975777989e-02,-2.048702099894755824e-01,-2.969410443931886912e-01,7.407890648204659145e-01,1.565791963460119451e-01,7.470813120937168650e-01,7.017902630618626514e-01,7.518128318175913982e-01,5.995033536428816534e-01,-4.018208336445988071e-01,7.145366668684148825e-01,4.461706512765514221e-01,7.193173739782544596e-01,5.784840527412191680e-01,-2.068404752734492313e-01,6.308601646361422510e-01,2.154585057617890986e-01
5.248681228002517463e-01,2.681458735184154563e-01,4.925390405275618111e-01,-2.287899564278831066e-01,3.371434032227876854e-02,-5.676067458005714661e-01,4.655172728083230987e-02,1.161873095198457176e-02,4.800069304702557771e-01,4.737533088687035931e-01,1.097825077962178708e-01,1.643508133667763993e-01,-2.858147528106936841e-01,6.209159723385861973e-01,1.000000000000000000e+00,3.970835555457340460e-01,3.082870576340939195e-01,-5.445697741170695272e-01,1.593634492056626439e-01,4.604797323610365645e-01,6.279493691861763871e-01,5.919539532004334248e-01,-3.644376049366446907e-02,-2.538289725066890101e-01,-2.941978433187837361e-01,7.300155973428912315e-01,1.677039520850972729e-02,6.675598788652421511e-01,6.003921734289163759e-01,6.717454313973946212e-01,4.277948822065531509e-01,-4.343522933388986873e-01,5.320837498635846430e-01,5.794415532487167120e-01,5.447914734184720054e-01,5.063319034423848786e-01,-2.936100778635089559e-01,7.674317915521128297e-01,7.932250838578316920e-02
6.827006560801995860e-01,6.743067846491890283e-01,3.742727125286384182e-01,-2.184376913751455707e-01,2.928797534536836666e-01,-5.214719193506956590e-02,-5.290985517907565577e-02,-2.493858761737379193e-01,7.404309375580420127e-01,7.337317644288616769e-01,1.523656231293555596e-01,3.696536859673593134e-01,-1.903014236700593387e-01,4.185171344049392617e-01,3.970835555457340460e-01,1.000000000000000000e+00,2.596000466916282834e-01,3.214615242528245844e-03,3.053779459854153444e-01,1.543126785386698084e-02,2.235802621046719396e-01,3.214332852346138969e-01,4.934993785642797781e-01,2.365040489765411758e-01,2.092421375945853479e-01,3.526575773261251268e-01,4.526683675966964304e-01,3.436718204930835907e-01,2.138245094885536102e-01,5.841072671482517853e-01,5.242011823738610410e-01,1.218781023581102241e-01,5.084015501120852099e-01,5.782022318248475345e-01,2.032714829571918291e-01,4.545172735249003448e-01,1.452487489993032899e-01,5.844484040742066178e-01,5.662676232131046428e-01
3.559829777139066898e-01,2.832421675872220934e-01,3.531551755848288399e-01,2.817385055668809590e-01,2.987313993894609165e-01,-3.142600942351052584e-01,4.261052708081655149e-01,-4.978853067114660108e-02,4.515908803082868683e-01,4.369903752393701768e-01,7.009122885392545799e-01,-2.357841412089969335e-01,-7.210724493281003844e-02,4.538844265495639019e-01,3.082870576340939195e-01,2.596000466916282834e-01,1.000000000000000000e+00,-1.557580923688379471e-01,4.467215621899834344e-01,3.429385217785573814e-01,5.205965695937473381e-01,6.152701215319779093e-01,-1.059558151726750636e-02,-2.137869040920035990e-01,-2.835123524893795044e-01,5.671647746072430163e-01,3.202935003872231512e-01,5.079611380750188587e-01,5.416402015032296680e-01,4.920212672086591299e-01,4.894541445208721586e-01,6.170940852823337402e-02,5.044894562112934855e-01,2.937249976830791365e-01,5.859974503723600625e-01,6.165369333906501464e-02,3.036730300963500634e-02,3.878260672347827454e-01,2.695536964606519148e-01
-2.298824717810754037e-01,-6.298751956827070009e-02,-1.993459862493568435e-01,1.758906037350351503e-01,3.955295999548577024e-01,5.766964284803670626e-01,-9.250923510849448639e-02,-3.561313178119998590e-01,-3.823665424697866161e-02,-2.249626464594529363e-01,8.510167240452319593e-02,1.054539860519470712e-01,2.426923789551880539e-01,-4.318108954225706175e-01,-5.445697741170695272e-01,3.214615242528245844e-03,-1.557580923688379471e-01,1.000000000000000000e+00,2.860617945480346536e-01,-5.628155821304171580e-01,-6.029491911601814191e-01,-4.252026726530908074e-01,1.800274620766970646e-01,3.172469631296524484e-01,3.699747888817102592e-01,-5.435986706917007583e-01,8.797157870634454702e-02,-4.834748826621103612e-01,-5.579898078599516698e-01,-3.837409404276546088e-01,-1.764538319962847546e-01,4.830421561052627433e-01,-3.127234396594687493e-01,-5.927299415688776218e-02,-5.694026476629225897e-01,-3.696078893901996176e-01,3.399178811093538921e-01,-4.806539330818728195e-01,6.367817874536649270e-02
3.750125103050052089e-01,3.107010761074709970e-01,4.818322690805275643e-01,4.184190917865917014e-01,6.503771752750274748e-01,-3.082600274407590879e-01,4.034949375971679242e-01,-3.948628493309285226e-01,4.708533210353256782e-01,4.195686494624788487e-01,2.649401315535447887e-01,-9.789928623460326940e-02,-2.298461760371680040e-01,3.088597271311867010e-01,1.593634492056626439e-01,3.053779459854153444e-01,4.467215621899834344e-01,2.860617945480346536e-01,1.000000000000000000e+00,-6.734536263725654504e-02,3.126855011356683423e-01,4.280288761971134393e-01,8.644680862187758760e-03,-2.946913111465426782e-01,-2.841579720707305690e-01,3.620264440389297511e-01,2.943563943676330563e-01,3.120066063938014000e-01,2.579750770170001761e-01,3.622535455774567037e-01,5.820927919439159437e-01,-1.768597898113247191e-02,2.608819153619594267e-01,5.582302704511598046e-01,2.683804895804578483e-01,-5.710868230465940970e-02,-1.857076640796724298e-01,1.721089574344921713e-01,2.817329727279273555e-01
1.975580624708689892e-01,1.040460631475697249e-02,2.952415307533683975e-01,1.040774267501794609e-01,-1.486225819152567629e-01,-5.823438462756226341e-01,3.343067407389249124e-01,2.212911982796454125e-01,9.823511367557870300e-02,2.350044961399179455e-01,1.190623437561104253e-01,-3.150790482372904378e-01,-2.457601456673615403e-01,4.362380391855665840e-01,4.604797323610365645e-01,1.543126785386698084e-02,3.429385217785573814e-01,-5.628155821304171580e-01,-6.734536263725654504e-02,1.000000000000000000e+00,6.136166550178951962e-01,5.778199628100940677e-01,-3.068888135511408932e-01,-3.906431412226470945e-01,-3.829657215360624534e-01,5.466048578925080115e-01,-1.398037803553235647e-01,4.414377594016107298e-01,5.635601427705215771e-01,4.152468589250120634e-01,1.583419398987755966e-01,-4.942092864705808219e-01,3.473246434171528008e-01,1.828527125632213330e-03,6.016090797686790559e-01,2.040163865028297163e-01,-2.857005078445907231e-01,3.420702486388182417e-01,-5.096900919301578653e-02
4.444551491579015190e-01,2.516613466149630884e-01,6.532202312927660737e-01,1.767446235673038324e-01,1.483982717714374955e-01,-8.006776789268494898e-01,5.140977438919404063e-01,-2.745314988576954759e-02,3.882007551160498449e-01,5.589568726272549082e-01,1.236838994018689408e-01,-3.216880771921115656e-01,-3.812983095153207880e-01,7.287492968238522550e-01,6.279493691861763871e-01,2.235802621046719396e-01,5.205965695937473381e-01,-6.029491911601814191e-01,3.126855011356683423e-01,6.136166550178951962e-01,1.000000000000000000e+00,7.653765010846693695e-01,-1.890993453953024872e-01,-5.027592374335224656e-01,-5.398460731732759310e-01,8.103529596897171006e-01,6.477624789277719453e-02,7.323777489263499918e-01,7.920812735093163415e-01,6.908591831992653143e-01,5.579644009906770119e-01,-5.626633819418527249e-01,5.761672810411639922e-01,3.698936121594932902e-01,8.325180459229913899e-01,3.848222125743071542e-01,-4.187960064918345160e-01,5.485081816082517658e-01,1.221345043350077209e-01
5.536094583414874482e-01,3.871606957021801465e-01,6.340127518405833662e-01,1.733170808446612421e-01,2.610412797064883272e-01,-6.977533208793061936e-01,4.280875581562856858e-01,-1.182629740355791853e-01,4.530469481084831163e-01,5.813337735528544270e-01,2.833241390302430052e-01,-1.985146837614199244e-01,-2.871963113102217191e-01,6.703807928952296713e-01,5.919539532004334248e-01,3.214332852346138969e-01,6.152701215319779093e-01,-4.252026726530908074e-01,4.280288761971134393e-01,5.778199628100940677e-01,7.653765010846693695e-01,1.000000000000000000e+00,-1.376427604241092784e-01,-4.141359442833632554e-01,-4.521166950878976465e-01,7.610051680422098563e-01,1.925843556259309863e-01,7.022346823405444249e-01,6.743785284183909656e-01,6.672692832665308993e-01,5.944328227857650360e-01,-3.760699484903542444e-01,6.321405319491580910e-01,4.880675437741550104e-01,7.360414735577289758e-01,3.429618416436601702e-01,-2.980881471269908323e-01,5.618015670123454042e-01,2.223085471466984264e-01
2.670502856693554028e-01,4.125029643392018053e-01,7.402419953514720666e-03,-3.324927986817380332e-01,1.215401181929524760e-01,3.974729195358866485e-01,-2.548257137806515527e-01,-2.007798413516743707e-01,4.439485558226595741e-01,2.994292519371216654e-01,9.111702277544915518e-02,3.983302055499722272e-01,1.048565947415312644e-01,2.967131716975777989e-02,-3.644376049366446907e-02,4.934993785642797781e-01,-1.059558151726750636e-02,1.800274620766970646e-01,8.644680862187758760e-03,-3.068888135511408932e-01,-1.890993453953024872e-01,-1.376427604241092784e-01,1.000000000000000000e+00,6.707284054331761336e-01,6.071738505273364117e-01,-1.020016597710229761e-01,3.901471525620472947e-01,-5.200722619460916574e-02,-8.699149225276155140e-02,1.183403673164297454e-01,1.033233473449899770e-01,5.010415506795661278e-01,2.188815648999863639e-01,1.786659033434364052e-01,-9.162422293767497061e-02,2.689135411979347579e-01,5.713131084228931789e-01,2.240116560902136456e-01,4.025199642125671939e-01
-2.661550678435917194e-03,1.630876043542347498e-01,-2.826548148851328324e-01,-3.810147002354373202e-01,-7.324200282631905534e-02,6.733618937236686142e-01,-3.935137492527600034e-01,-1.095083401728480232e-01,1.516123394245411371e-01,-4.910135199855800159e-02,-2.932727279501145048e-02,4.012715998874692436e-01,2.568545264536762351e-01,-2.048702099894755824e-01,-2.538289725066890101e-01,2.365040489765411758e-01,-2.137869040920035990e-01,3.172469631296524484e-01,-2.946913111465426782e-01,-3.906431412226470945e-01,-5.027592374335224656e-01,-4.141359442833632554e-01,6.707284054331761336e-01,1.000000000000000000e+00,7.461591024184673904e-01,-3.845433378192493756e-01,2.515094597735160198e-01,-2.940038399499835808e-01,-3.491881395519488840e-01,-1.593689019848341937e-01,-2.512356402190409344e-01,5.957557111197478994e-01,2.617305441499404375e-02,-9.851857925035313601e-02,-3.709867937036080421e-01,1.467201972462933990e-01,7.201632472401097163e-01,-2.422532236159764818e-02,1.844368555628821960e-01
-9.610084306254691733e-02,1.465940554172250609e-01,-3.043191881730049064e-01,-3.629088517200731445e-01,-7.411059534927447179e-02,7.048512417741655822e-01,-4.861615771252118523e-01,-5.401575998620396224e-02,1.240198578201442969e-01,-8.600378993314854170e-02,-3.831830326671106790e-02,5.385453937274157221e-01,1.279009632018209275e-01,-2.969410443931886912e-01,-2.941978433187837361e-01,2.092421375945853479e-01,-2.835123524893795044e-01,3.699747888817102592e-01,-2.841579720707305690e-01,-3.829657215360624534e-01,-5.398460731732759310e-01,-4.521166950878976465e-01,6.071738505273364117e-01,7.461591024184673904e-01,1.000000000000000000e+00,-4.892787222970632066e-01,2.945919820159548785e-01,-4.197934129753522203e-01,-4.009267743733251343e-01,-1.825657719634680709e-01,-1.813096311997602628e-01,5.964266613457033239e-01,-4.331852776991169246e-02,-1.023961774426211113e-01,-4.541320211318382039e-01,1.442565458305216652e-01,6.565702891939166896e-01,-6.269258339976654937e-02,3.395494990867863327e-01
6.083729470185054167e-01,3.535399787631879898e-01,5.583153395300683997e-01,8.372907610767989228e-02,1.776707438377008175e-01,-7.272283553066307693e-01,4.166492695100215693e-01,4.334252313900571058e-02,5.145657162430393727e-01,6.129973866679890859e-01,1.942301954303502498e-01,-1.868528273952465013e-01,-3.944178371280120943e-01,7.407890648204659145e-01,7.300155973428912315e-01,3.526575773261251268e-01,5.671647746072430163e-01,-5.435986706917007583e-01,3.620264440389297511e-01,5.466048578925080115e-01,8.103529596897171006e-01,7.610051680422098563e-01,-1.020016597710229761e-01,-3.845433378192493756e-01,-4.892787222970632066e-01,1.000000000000000000e+00,2.262601596940652382e-01,7.895925291894578812e-01,8.130520909489004078e-01,7.572140175440372767e-01,6.208733528116253675e-01,-4.133867300806861600e-01,6.080195533277792386e-01,5.043333640283532704e-01,8.114752712359960540e-01,3.523356930105469575e-01,-2.699225882676533628e-01,6.962428474792278221e-01,1.742464863040375511e-01
4.692628572423566125e-01,5.908946234933607489e-01,3.844550182708383196e-02,-8.015994070938976812e-02,3.046364475082196654e-01,9.057973663377755225e-02,-4.704557900802022047e-02,5.182040877568793585e-02,5.568265597590795757e-01,4.282277680755195992e-01,1.690183256335736350e-01,3.387483312077160247e-01,-3.286900592203679805e-01,1.565791963460119451e-01,1.677039520850972729e-02,4.526683675966964304e-01,3.202935003872231512e-01,8.797157870634454702e-02,2.943563943676330563e-01,-1.398037803553235647e-01,6.477624789277719453e-02,1.925843556259309863e-01,3.901471525620472947e-01,2.515094597735160198e-01,2.945919820159548785e-01,2.262601596940652382e-01,1.000000000000000000e+00,1.367387693583198283e-01,2.435672681046689436e-01,3.316591783339089550e-01,5.661898553265993783e-01,5.045344663161812626e-01,3.188011696018820396e-01,4.045371797238025424e-01,2.067106463014621587e-01,5.041419743500456102e-02,3.872764124877227099e-01,3.403741454339121453e-01,7.195829046276154273e-01
5.180194491963860948e-01,2.890172060404068710e-01,6.509283780373408268e-01,-1.804631329376667898e-02,2.424117595357313526e-01,-6.198305433322125468e-01,3.670756997942895561e-01,-1.657590366437196872e-01,4.493518714265222203e-01,6.043025878998075084e-01,1.968545779679715946e-01,-2.129559993432533771e-01,-2.401818801314029028e-01,7.470813120937168650e-01,6.675598788652421511e-01,3.436718204930835907e-01,5.079611380750188587e-01,-4.834748826621103612e-01,3.120066063938014000e-01,4.414377594016107298e-01,7.323777489263499918e-01,7.022346823405444249e-01,-5.200722619460916574e-02,-2.940038399499835808e-01,-4.197934129753522203e-01,7.895925291894578812e-01,1.367387693583198283e-01,1.000000000000000000e+00,7.027684416315055360e-01,6.480733868657245766e-01,5.782941316772086671e-01,-3.889877796324316961e-01,7.153750509288078208e-01,5.158698731803521564e-01,7.093049048004165247e-01,4.517644034845990086e-01,-2.197315667427592323e-01,6.107723300001335343e-01,1.054765667432584347e-01
4.797971066418802444e-01,3.042754004570439319e-01,5.040082256166721342e-01,1.293709620595767384e-01,1.479922098638241368e-01,-6.448543862018597528e-01,4.898781299539012868e-01,1.312241072665235320e-01,4.385681745159609735e-01,5.309489662353419348e-01,1.082700890913070174e-01,-2.647107926650712484e-01,-4.816355058461118666e-01,7.017902630618626514e-01,6.003921734289163759e-01,2.138245094885536102e-01,5.416402015032296680e-01,-5.579898078599516698e-01,2.579750770170001761e-01,5.635601427705215771e-01,7.920812735093163415e-01,6.743785284183909656e-01,-8.699149225276155140e-02,-3.491881395519488840e-01,-4.009267743733251343e-01,8.130520909489004078e-01,2.435672681046689436e-01,7.027684416315055360e-01,1.000000000000000000e+00,7.033403636443934515e-01,5.924102653713545497e-01,-3.550695577490471933e-01,5.964290396878429990e-01,3.334374770984633307e-01,8.471692036372953094e-01,3.157549090379836998e-01,-1.989367319616441032e-01,5.860638037401292300e-01,1.826860181058760912e-01
7.059009689742803406e-01,5.561193262507971857e-01,5.924931782620250775e-01,8.423673616224613969e-02,2.124858552005930989e-01,-5.156925199293520556e-01,3.416600816063762869e-01,-7.690695830438556979e-02,6.925779324247866020e-01,7.579673540620610606e-01,1.265176842526817558e-01,3.145969122494299969e-02,-4.332540656218675235e-01,7.518128318175913982e-01,6.717454313973946212e-01,5.841072671482517853e-01,4.920212672086591299e-01,-3.837409404276546088e-01,3.622535455774567037e-01,4.152468589250120634e-01,6.908591831992653143e-01,6.672692832665308993e-01,1.183403673164297454e-01,-1.593689019848341937e-01,-1.825657719634680709e-01,7.572140175440372767e-01,3.316591783339089550e-01,6.480733868657245766e-01,7.033403636443934515e-01,1.000000000000000000e+00,6.547229909266407688e-01,-2.665078281394797632e-01,6.439203459427143006e-01,5.456422714403775798e-01,6.823934986863381402e-01,4.995052325701421214e-01,-1.440859446284782630e-01,7.466481264696476217e-01,4.072622790387765979e-01
6.222510103175511453e-01,5.438207926924507607e-01,5.568881687638095324e-01,1.208384987014685247e-01,4.596391242852710390e-01,-4.411943696081201960e-01,2.584561169740631770e-01,-1.757436411487573458e-01,6.511508188247947526e-01,6.759846880136102243e-01,1.344066526745032464e-01,7.555413813085308516e-02,-5.465703429332644525e-01,5.995033536428816534e-01,4.277948822065531509e-01,5.242011823738610410e-01,4.894541445208721586e-01,-1.764538319962847546e-01,5.820927919439159437e-01,1.583419398987755966e-01,5.579644009906770119e-01,5.944328227857650360e-01,1.033233473449899770e-01,-2.512356402190409344e-01,-1.813096311997602628e-01,6.208733528116253675e-01,5.661898553265993783e-01,5.782941316772086671e-01,5.924102653713545497e-01,6.547229909266407688e-01,1.000000000000000000e+00,-7.949007892245127382e-02,5.692822243291648654e-01,6.522525277344493055e-01,5.501044908457256577e-01,2.854994823122124492e-01,-1.632049582011528555e-01,5.751890295554338284e-01,5.950648308310191315e-01
-4.819426700991705920e-02,2.278705257048445065e-01,-4.407565903912517569e-01,-1.580168376740777036e-01,1.208941383211481757e-01,6.917308726601087976e-01,-3.269450515098488719e-01,3.170582071611655062e-02,1.261974987001587833e-01,-1.060489256797062518e-01,2.763014208478700162e-01,3.803301106358437655e-01,1.736489959030652064e-01,-4.018208336445988071e-01,-4.343522933388986873e-01,1.218781023581102241e-01,6.170940852823337402e-02,4.830421561052627433e-01,-1.768597898113247191e-02,-4.942092864705808219e-01,-5.626633819418527249e-01,-3.760699484903542444e-01,5.010415506795661278e-01,5.957557111197478994e-01,5.964266613457033239e-01,-4.133867300806861600e-01,5.045344663161812626e-01,-3.889877796324316961e-01,-3.550695577490471933e-01,-2.665078281394797632e-01,-7.949007892245127382e-02,1.000000000000000000e+00,-1.648371761307564631e-01,-4.068753973029909377e-02,-4.050522698747178185e-01,-2.607591997690638097e-01,6.961025431051255374e-01,-1.652511890361935964e-01,3.313769059374925829e-01
5.037676252428063828e-01,3.826900090326407211e-01,6.380904249466796685e-01,-9.949429490383814023e-02,2.381968001423638570e-01,-3.307040137225586429e-01,2.612659814762832711e-01,-2.613685133717406073e-01,6.053893757634867256e-01,6.447134838154676695e-01,2.447998611451956685e-01,-1.096480643979043032e-02,-1.776735721420105441e-01,7.145366668684148825e-01,5.320837498635846430e-01,5.084015501120852099e-01,5.044894562112934855e-01,-3.127234396594687493e-01,2.608819153619594267e-01,3.473246434171528008e-01,5.761672810411639922e-01,6.321405319491580910e-01,2.188815648999863639e-01,2.617305441499404375e-02,-4.331852776991169246e-02,6.080195533277792386e-01,3.188011696018820396e-01,7.153750509288078208e-01,5.964290396878429990e-01,6.439203459427143006e-01,5.692822243291648654e-01,-1.648371761307564631e-01,1.000000000000000000e+00,4.706619769027432509e-01,6.088761652177310246e-01,6.142226138574884420e-01,4.254388685341004700e-02,6.073501122642186445e-01,3.423459386462546772e-01
6.369527853565486453e-01,5.451950409841737066e-01,5.206435702253713327e-01,-1.452493377188217027e-01,5.001228121273754157e-01,-3.369714229010933870e-01,-2.887441631085918559e-02,-3.086769751622652769e-01,6.860350930459516716e-01,5.730171946747539824e-01,1.360601082957990926e-01,3.433321146160301374e-01,-3.060181042402143059e-01,4.461706512765514221e-01,5.794415532487167120e-01,5.782022318248475345e-01,2.937249976830791365e-01,-5.927299415688776218e-02,5.582302704511598046e-01,1.828527125632213330e-03,3.698936121594932902e-01,4.880675437741550104e-01,1.786659033434364052e-01,-9.851857925035313601e-02,-1.023961774426211113e-01,5.043333640283532704e-01,4.045371797238025424e-01,5.158698731803521564e-01,3.334374770984633307e-01,5.456422714403775798e-01,6.522525277344493055e-01,-4.068753973029909377e-02,4.706619769027432509e-01,1.000000000000000000e+00,2.656471988531386441e-01,3.371101963393337564e-01,-1.436922135743679274e-01,5.920458403521398072e-01,4.314264835467070403e-01
4.548327208717279913e-01,2.801036836127555607e-01,5.311785285164876136e-01,1.871889265080234621e-01,1.079318435424395650e-01,-6.982236312896916708e-01,5.567455321876432217e-01,1.005710141781832323e-01,3.921765832780646499e-01,5.454991582661951055e-01,1.621165940315097975e-01,-3.518125793660860645e-01,-3.626413301443283110e-01,7.193173739782544596e-01,5.447914734184720054e-01,2.032714829571918291e-01,5.859974503723600625e-01,-5.694026476629225897e-01,2.683804895804578483e-01,6.016090797686790559e-01,8.325180459229913899e-01,7.360414735577289758e-01,-9.162422293767497061e-02,-3.709867937036080421e-01,-4.541320211318382039e-01,8.114752712359960540e-01,2.067106463014621587e-01,7.093049048004165247e-01,8.471692036372953094e-01,6.823934986863381402e-01,5.501044908457256577e-01,-4.050522698747178185e-01,6.088761652177310246e-01,2.656471988531386441e-01,1.000000000000000000e+00,3.391791674888152142e-01,-2.008495881118077253e-01,5.389825716274913026e-01,1.603402673835771231e-01
3.314257023399649338e-01,2.603868524469978851e-01,4.776261932963259960e-01,-2.805628555508317690e-01,-9.169941489081940775e-03,-2.226439493990447216e-01,-2.214604361201209445e-02,-1.826218317547560199e-01,4.178538984209922980e-01,4.795867909363675796e-01,-7.817089834449637842e-02,2.071216585574308378e-01,-1.298231332325590626e-01,5.784840527412191680e-01,5.063319034423848786e-01,4.545172735249003448e-01,6.165369333906501464e-02,-3.696078893901996176e-01,-5.710868230465940970e-02,2.040163865028297163e-01,3.848222125743071542e-01,3.429618416436601702e-01,2.689135411979347579e-01,1.467201972462933990e-01,1.442565458305216652e-01,3.523356930105469575e-01,5.041419743500456102e-02,4.517644034845990086e-01,3.157549090379836998e-01,4.995052325701421214e-01,2.854994823122124492e-01,-2.607591997690638097e-01,6.142226138574884420e-01,3.371101963393337564e-01,3.391791674888152142e-01,1.000000000000000000e+00,-2.511724631696563882e-03,5.337983762884174199e-01,2.118205329152791361e-01
-2.005365807403257806e-03,1.413817725933244618e-01,-3.002461803312526101e-01,-2.224648667664093638e-01,1.867440461737466390e-02,6.091301607767081183e-01,-2.399575178149720156e-01,6.031646992315967994e-03,1.561405760555215627e-01,-3.983667685893928223e-02,1.994993047498687111e-01,2.594144809880301605e-01,2.017753408233593226e-01,-2.068404752734492313e-01,-2.936100778635089559e-01,1.452487489993032899e-01,3.036730300963500634e-02,3.399178811093538921e-01,-1.857076640796724298e-01,-2.857005078445907231e-01,-4.187960064918345160e-01,-2.980881471269908323e-01,5.713131084228931789e-01,7.201632472401097163e-01,6.565702891939166896e-01,-2.699225882676533628e-01,3.872764124877227099e-01,-2.197315667427592323e-01,-1.989367319616441032e-01,-1.440859446284782630e-01,-1.632049582011528555e-01,6.961025431051255374e-01,4.254388685341004700e-02,-1.436922135743679274e-01,-2.008495881118077253e-01,-2.511724631696563882e-03,1.000000000000000000e+00,-3.698636218027253481e-02,2.246768260615974178e-01
6.675352846721902544e-01,4.742001298367750084e-01,4.419715929723586068e-01,-2.269154257681561815e-01,5.357970158789839010e-02,-4.027880322091030307e-01,-2.661143894286081141e-02,6.370249371355730592e-04,6.625084899379354297e-01,6.321119786114605121e-01,1.622022345899510054e-01,3.038418251727286745e-01,-3.113172955922109963e-01,6.308601646361422510e-01,7.674317915521128297e-01,5.844484040742066178e-01,3.878260672347827454e-01,-4.806539330818728195e-01,1.721089574344921713e-01,3.420702486388182417e-01,5.485081816082517658e-01,5.618015670123454042e-01,2.240116560902136456e-01,-2.422532236159764818e-02,-6.269258339976654937e-02,6.962428474792278221e-01,3.403741454339121453e-01,6.107723300001335343e-01,5.860638037401292300e-01,7.466481264696476217e-01,5.751890295554338284e-01,-1.652511890361935964e-01,6.073501122642186445e-01,5.920458403521398072e-01,5.389825716274913026e-01,5.337983762884174199e-01,-3.698636218027253481e-02,1.000000000000000000e+00,4.348632721562297743e-01
4.707683360440578224e-01,5.935461381185533902e-01,1.883577241020537862e-01,-5.692932756190487165e-02,2.861736139523353706e-01,4.662894107484608086e-02,-1.351466215651317970e-01,-9.472490755691481690e-02,6.234862522903044102e-01,5.255009096183724804e-01,1.426211463673826840e-01,4.384483976874499200e-01,-3.062727110286064258e-01,2.154585057617890986e-01,7.932250838578316920e-02,5.662676232131046428e-01,2.695536964606519148e-01,6.367817874536649270e-02,2.817329727279273555e-01,-5.096900919301578653e-02,1.221345043350077209e-01,2.223085471466984264e-01,4.025199642125671939e-01,1.844368555628821960e-01,3.395494990867863327e-01,1.742464863040375511e-01,7.195829046276154273e-01,1.054765667432584347e-01,1.826860181058760912e-01,4.072622790387765979e-01,5.950648308310191315e-01,3.313769059374925829e-01,3.423459386462546772e-01,4.314264835467070403e-01,1.603402673835771231e-01,2.118205329152791361e-01,2.246768260615974178e-01,4.348632721562297743e-01,1.000000000000000000e+00
