1.000000000000000000e+00,9.835258746268431551e-01,8.901696827703635684e-01,9.028442012448998355e-01,8.932022280602265329e-01,9.639777750056645056e-01,9.774441287679508372e-01,9.430125150357238084e-01,9.174013951343369389e-01,8.709862189677921585e-01,8.927416911936275623e-01,9.489228926466816150e-01,8.921471847803396082e-01,9.461298892363669832e-01,9.500846361129245965e-01,8.729146527672643208e-01,8.912031563111163512e-01,9.570833360999047024e-01,9.550350272205591073e-01,8.906519881043353237e-01,9.013857801435161132e-01,9.014850548162985922e-01,9.836286869299142310e-01,9.685538775812224666e-01,9.412886083541046611e-01,9.510787439826831058e-01,9.844402032310933803e-01,8.901071816114516366e-01,9.599903416847936910e-01,9.626976275708996056e-01,8.740353417026333060e-01,9.627263069692135744e-01,9.635550299612319902e-01,9.819828814567326258e-01,8.710036687611740769e-01,8.738722693866829427e-01,9.640721411067985080e-01,9.427518792528442049e-01,9.285043247999257288e-01
9.835258746268431551e-01,1.000000000000000000e+00,8.882694719790736881e-01,9.005016800901531893e-01,8.915316365495602469e-01,9.621041485471182320e-01,9.804262040304940751e-01,9.395488775742922849e-01,9.153273225371246768e-01,8.710405293468579391e-01,8.915149551919653304e-01,9.551166976028631073e-01,8.897838335983613289e-01,9.426691265386450969e-01,9.558309939704640046e-01,8.769034173805881904e-01,8.895593822782548177e-01,9.555929407907097772e-01,9.530154216494001185e-01,8.880087608301088231e-01,8.992782191278814174e-01,8.977758293255730937e-01,9.842300791168328011e-01,9.732522045887043172e-01,9.463136051215166322e-01,9.478669579649562360e-01,9.837507787908463808e-01,8.887290464554759017e-01,9.588331154220418595e-01,9.672188553143854506e-01,8.743825747108282531e-01,9.605494250401868106e-01,9.621601706737576976e-01,9.790355703737118054e-01,8.721942602961784141e-01,8.738480366057067572e-01,9.620328649211704608e-01,9.391196473777415621e-01,9.261959331065308110e-01
8.901696827703635684e-01,8.882694719790736881e-01,1.000000000000000000e+00,9.507821055194862758e-01,9.797505207856149756e-01,8.980881941981001537e-01,8.871823588940664918e-01,9.204251630151781827e-01,9.387901197650129204e-01,9.602011559621627113e-01,9.797144230451377833e-01,8.718100722176687079e-01,9.772844283016316469e-01,9.161821467762976123e-01,8.711371334015868273e-01,9.143769692251541015e-01,9.776385075580771300e-01,9.066477542815075674e-01,9.058971163738596122e-01,9.778871832604915104e-01,9.723188319884554787e-01,9.658099910611386285e-01,8.888778781025337139e-01,8.866711170471531789e-01,8.636394978196588745e-01,9.163518172407416618e-01,8.910406202024010458e-01,9.834356099934742357e-01,9.034701552836850169e-01,8.782438663433377313e-01,9.669214854461856135e-01,8.966222146234602564e-01,8.952335061118050774e-01,8.927051532486662833e-01,9.561389994078904886e-01,9.689215882972047611e-01,8.927065389130123263e-01,9.174158754377211844e-01,9.300471402866656856e-01
9.028442012448998355e-01,9.005016800901531893e-01,9.507821055194862758e-01,1.000000000000000000e+00,9.579774216659100450e-01,9.207102330654923783e-01,9.002515257836485318e-01,9.484621410351270487e-01,9.723951144856370910e-01,9.349185418340106857e-01,9.561112494884218549e-01,8.819665347102375597e-01,9.524890998747475024e-01,9.434335056670181130e-01,8.800855352144977273e-01,8.941993819047545644e-01,9.520552993906760131e-01,9.325886529945404124e-01,9.325971786739720715e-01,9.515527022265077850e-01,9.669977777835657706e-01,9.702587574828618333e-01,9.035886331900943036e-01,9.002620643495572450e-01,8.684674259161099252e-01,9.399373385125433522e-01,9.043718204899300339e-01,9.520998350374685337e-01,9.300619842238452284e-01,8.905110239911484538e-01,9.408773513372666875e-01,9.219187288123178448e-01,9.214793995681175298e-01,9.068952739884940106e-01,9.315248676376219894e-01,9.405388673853845027e-01,9.178683692210537481e-01,9.472500325422830159e-01,9.622005684933682135e-01
8.932022280602265329e-01,8.915316365495602469e-01,9.797505207856149756e-01,9.579774216659100450e-01,1.000000000000000000e+00,9.045226824342328387e-01,8.918042448777914188e-01,9.272549260513089919e-01,9.482742735578946203e-01,9.587547119231254467e-01,9.848232931527057810e-01,8.751913340478567616e-01,9.738271718528452858e-01,9.227342344099572768e-01,8.743114296777524386e-01,9.126173626420871487e-01,9.737402037078454198e-01,9.140027026990984460e-01,9.134583635497297571e-01,9.739067664845766359e-01,9.779292915945713149e-01,9.719791413898482002e-01,8.924014265449844441e-01,8.919820144625486558e-01,8.652244393690743385e-01,9.234564727472186485e-01,8.943047360873372931e-01,9.779482668633323605e-01,9.110762290487467441e-01,8.830208031713671080e-01,9.642354635197655233e-01,9.030797810341909537e-01,9.019848752985530904e-01,8.952966915384584778e-01,9.551549884760420772e-01,9.662670151118637474e-01,8.998891456684047219e-01,9.240213770230231161e-01,9.393763850663024995e-01
9.639777750056645056e-01,9.621041485471182320e-01,8.980881941981001537e-01,9.207102330654923783e-01,9.045226824342328387e-01,1.000000000000000000e+00,9.585394728452510948e-01,9.634336098161579987e-01,9.344476364464019413e-01,8.833930025972765998e-01,9.040737447486217881e-01,9.309101850930953104e-01,9.024273220443514987e-01,9.656277301496009047e-01,9.307756816515814213e-01,8.818746228645242269e-01,9.006533247956381993e-01,9.769226560805225335e-01,9.762484749181222776e-01,9.003643635094894515e-01,9.131945679433484120e-01,9.117691319315549547e-01,9.636835114993654861e-01,9.520762610053929986e-01,9.226655712499389761e-01,9.702277723557670708e-01,9.658767589099095385e-01,9.009877821764636918e-01,9.794130350871510515e-01,9.442556217451727463e-01,8.848906044589018860e-01,9.849201940119952647e-01,9.849476738221516481e-01,9.686554068434514164e-01,8.850564399357556677e-01,8.842934570412530615e-01,9.841003199956331882e-01,9.629699820865499360e-01,9.477611106883480074e-01
9.774441287679508372e-01,9.804262040304940751e-01,8.871823588940664918e-01,9.002515257836485318e-01,8.918042448777914188e-01,9.585394728452510948e-01,1.000000000000000000e+00,9.368852540647290006e-01,9.140635216916163097e-01,8.675422659945846160e-01,8.916967121444369093e-01,9.606175596092433322e-01,8.869034907656137001e-01,9.407302781524967683e-01,9.608576911522959119e-01,8.766420626613026235e-01,8.877713856450040186e-01,9.516543193955558921e-01,9.496020560750439987e-01,8.854268949790896626e-01,8.990725300031883194e-01,8.968417629053131446e-01,9.795304688852917163e-01,9.795219622038007223e-01,9.517112889883112548e-01,9.458005249673214765e-01,9.779688209011326849e-01,8.880620878907786730e-01,9.554168746575023574e-01,9.729389652684248269e-01,8.723440022124655524e-01,9.568410713941127854e-01,9.582935028944452593e-01,9.734454782595581834e-01,8.690826105930037349e-01,8.722526359723280498e-01,9.581241375020558282e-01,9.369203056540136298e-01,9.237306215211095184e-01
9.430125150357238084e-01,9.395488775742922849e-01,9.204251630151781827e-01,9.484621410351270487e-01,9.272549260513089919e-01,9.634336098161579987e-01,9.368852540647290006e-01,1.000000000000000000e+00,9.605251234293292750e-01,9.021422738583758649e-01,9.265795705771474600e-01,9.123214307289470026e-01,9.206244146267910100e-01,9.830969963688791502e-01,9.127874137006073418e-01,8.916074490461899371e-01,9.187954799429166597e-01,9.734558130773989237e-01,9.746235212562356365e-01,9.194748535421343183e-01,9.355954895633492585e-01,9.366669277614949607e-01,9.419755174455454183e-01,9.328809300171326813e-01,9.024245931972941781e-01,9.785666184871397721e-01,9.437753967892464901e-01,9.214253546640074344e-01,9.710288033710268163e-01,9.236533572708092166e-01,9.058993287243061188e-01,9.641320053055907335e-01,9.615173909892841264e-01,9.462936677982310973e-01,9.040939891328906297e-01,9.059499776056678666e-01,9.600690009119097201e-01,9.845933444649697108e-01,9.725086906868725123e-01
9.174013951343369389e-01,9.153273225371246768e-01,9.387901197650129204e-01,9.723951144856370910e-01,9.482742735578946203e-01,9.344476364464019413e-01,9.140635216916163097e-01,9.605251234293292750e-01,1.000000000000000000e+00,9.258640859691105174e-01,9.462747298587671496e-01,8.982915706964161862e-01,9.416125725256874190e-01,9.549521345521938542e-01,8.970602231659472459e-01,9.011227147013041172e-01,9.413293338038751790e-01,9.465432978976863199e-01,9.464638805890278617e-01,9.410192126591446771e-01,9.557577572434224900e-01,9.570029744016572693e-01,9.167664545109035501e-01,9.147500774613438468e-01,8.861552537363777127e-01,9.513808984695828475e-01,9.183666809977956147e-01,9.413240485353731035e-01,9.436526752641181126e-01,9.068286012836724863e-01,9.306040771167120029e-01,9.348356351055548963e-01,9.339657820947289135e-01,9.205631406102939840e-01,9.251742374838882732e-01,9.300366965516358997e-01,9.319403543928684863e-01,9.594803766377746346e-01,9.739113550346620851e-01
8.709862189677921585e-01,8.710405293468579391e-01,9.602011559621627113e-01,9.349185418340106857e-01,9.587547119231254467e-01,8.833930025972765998e-01,8.675422659945846160e-01,9.021422738583758649e-01,9.258640859691105174e-01,1.000000000000000000e+00,9.576123705833263777e-01,8.560927833225362438e-01,9.673599934649779186e-01,8.961826940008101872e-01,8.562331195012340412e-01,9.314243579970094000e-01,9.632619371503315930e-01,8.921274544068720225e-01,8.918513317000554830e-01,9.670952349807701021e-01,9.496450194067650452e-01,9.441013631230554815e-01,8.676836810278142353e-01,8.707268723647982878e-01,8.458813915656063775e-01,8.971789021870334446e-01,8.727493867970551600e-01,9.626827120856011888e-01,8.884300507798872371e-01,8.609075785250499546e-01,9.781218659342052479e-01,8.805957454682186158e-01,8.795771071149320885e-01,8.717717066233844347e-01,9.830383187217272001e-01,9.779845576544915486e-01,8.760817932429658672e-01,9.001704332158649846e-01,9.148582340271127489e-01
8.927416911936275623e-01,8.915149551919653304e-01,9.797144230451377833e-01,9.561112494884218549e-01,9.848232931527057810e-01,9.040737447486217881e-01,8.916967121444369093e-01,9.265795705771474600e-01,9.462747298587671496e-01,9.576123705833263777e-01,1.000000000000000000e+00,8.737004397724618121e-01,9.724098244290910742e-01,9.218534569322948125e-01,8.725110902550705649e-01,9.101568162162505526e-01,9.723536676900128572e-01,9.127890714127966376e-01,9.125603823455411545e-01,9.723846033794096844e-01,9.761932463624722889e-01,9.698843621851616081e-01,8.926581652679604906e-01,8.917274868794430320e-01,8.643517798144596531e-01,9.222560866086161324e-01,8.940995212335528519e-01,9.775098996735374079e-01,9.096263549200743759e-01,8.822436483290267972e-01,9.633263238470379797e-01,9.031439861821788373e-01,9.020065415734875858e-01,8.957082339265742821e-01,9.531668414020395552e-01,9.654137605940655842e-01,8.996122530492061120e-01,9.236930375329215348e-01,9.379136984356171158e-01
9.489228926466816150e-01,9.551166976028631073e-01,8.718100722176687079e-01,8.819665347102375597e-01,8.751913340478567616e-01,9.309101850930953104e-01,9.606175596092433322e-01,9.123214307289470026e-01,8.982915706964161862e-01,8.560927833225362438e-01,8.737004397724618121e-01,1.000000000000000000e+00,8.713615598461710299e-01,9.164450719876965357e-01,9.848073157521192167e-01,8.833721125321386536e-01,8.716421167032916140e-01,9.265294344830559137e-01,9.260063430411116236e-01,8.705776996318514982e-01,8.850545808709450180e-01,8.815164928713814518e-01,9.514082995911290475e-01,9.662142741377791610e-01,9.721774512865007933e-01,9.217119096838543024e-01,9.512953497208618270e-01,8.721181937570073872e-01,9.296618323167956666e-01,9.778790285601562937e-01,8.624637260118893645e-01,9.275229452283435538e-01,9.296161648257414978e-01,9.439478713959545964e-01,8.596758100450223594e-01,8.624718482485748128e-01,9.300232189645758485e-01,9.144476409921341586e-01,9.046404142805899440e-01
8.921471847803396082e-01,8.897838335983613289e-01,9.772844283016316469e-01,9.524890998747475024e-01,9.738271718528452858e-01,9.024273220443514987e-01,8.869034907656137001e-01,9.206244146267910100e-01,9.416125725256874190e-01,9.673599934649779186e-01,9.724098244290910742e-01,8.713615598461710299e-01,1.000000000000000000e+00,9.154073860228161275e-01,8.703063786996079187e-01,9.190046532237670096e-01,9.851116869787366337e-01,9.094547894198669047e-01,9.095480682516183801e-01,9.858820064680969830e-01,9.671736813339993910e-01,9.627903622495218583e-01,8.904328341656475576e-01,8.861958742000386469e-01,8.625801571323026273e-01,9.166994893004766221e-01,8.926978354451822195e-01,9.805412273517356558e-01,9.077421854057740047e-01,8.768323593792413106e-01,9.751796389091375028e-01,9.008212017702597052e-01,9.001628258481063627e-01,8.946864545803935309e-01,9.619186346783809016e-01,9.758215935899309246e-01,8.972521955513022007e-01,9.179363304345020680e-01,9.325377478996779157e-01
9.461298892363669832e-01,9.426691265386450969e-01,9.161821467762976123e-01,9.434335056670181130e-01,9.227342344099572768e-01,9.656277301496009047e-01,9.407302781524967683e-01,9.830969963688791502e-01,9.549521345521938542e-01,8.961826940008101872e-01,9.218534569322948125e-01,9.164450719876965357e-01,9.154073860228161275e-01,1.000000000000000000e+00,9.169573413676523899e-01,8.876481543845561317e-01,9.139886446249462226e-01,9.754377417542029471e-01,9.768281310016694308e-01,9.144408714817405803e-01,9.315597437913916146e-01,9.330039772615488225e-01,9.450221416858930468e-01,9.370689278739611217e-01,9.092471587282796586e-01,9.814496262792915537e-01,9.471278615107825427e-01,9.165254058622246403e-01,9.736329679082671440e-01,9.286631975954519058e-01,9.008534016925218157e-01,9.664838430562308069e-01,9.639219530905434041e-01,9.492109805010732204e-01,8.988232662872545076e-01,9.000795166393767976e-01,9.627440170339491843e-01,9.828710529580249045e-01,9.689297846624451704e-01
9.500846361129245965e-01,9.558309939704640046e-01,8.711371334015868273e-01,8.800855352144977273e-01,8.743114296777524386e-01,9.307756816515814213e-01,9.608576911522959119e-01,9.127874137006073418e-01,8.970602231659472459e-01,8.562331195012340412e-01,8.725110902550705649e-01,9.848073157521192167e-01,8.703063786996079187e-01,9.169573413676523899e-01,1.000000000000000000e+00,8.832176588239116777e-01,8.701822971570846166e-01,9.268612813406279516e-01,9.256420288126456786e-01,8.695340485506237727e-01,8.825563546148872396e-01,8.796706743912886539e-01,9.520700804269411899e-01,9.652585115920241376e-01,9.746425665279634387e-01,9.216118445387982971e-01,9.521284558434357503e-01,8.707230240289466350e-01,9.298125365963760824e-01,9.774530097850843147e-01,8.615994122900260122e-01,9.275670491342642432e-01,9.289060854988749893e-01,9.450272855487138468e-01,8.598949104464631565e-01,8.614683746524485208e-01,9.297852895523981420e-01,9.146365203117265974e-01,9.039126311861660490e-01
8.729146527672643208e-01,8.769034173805881904e-01,9.143769692251541015e-01,8.941993819047545644e-01,9.126173626420871487e-01,8.818746228645242269e-01,8.766420626613026235e-01,8.916074490461899371e-01,9.011227147013041172e-01,9.314243579970094000e-01,9.101568162162505526e-01,8.833721125321386536e-01,9.190046532237670096e-01,8.876481543845561317e-01,8.832176588239116777e-01,1.000000000000000000e+00,9.167709801253489665e-01,8.902423586939696154e-01,8.910029077003258635e-01,9.189523488833706288e-01,9.098235036632076334e-01,9.028429025686345311e-01,8.721964549078946582e-01,8.804465452895721134e-01,8.742221861295027541e-01,8.898529854378459669e-01,8.764119476977851875e-01,9.191901100277222181e-01,8.908693515583544498e-01,8.779057151270176496e-01,9.259008888252726610e-01,8.772895774821071191e-01,8.777054086361933960e-01,8.699982501639582644e-01,9.367788793945304171e-01,9.257235554997594873e-01,8.744121883051224620e-01,8.889846123389870680e-01,8.963287436916598239e-01
8.912031563111163512e-01,8.895593822782548177e-01,9.776385075580771300e-01,9.520552993906760131e-01,9.737402037078454198e-01,9.006533247956381993e-01,8.877713856450040186e-01,9.187954799429166597e-01,9.413293338038751790e-01,9.632619371503315930e-01,9.723536676900128572e-01,8.716421167032916140e-01,9.851116869787366337e-01,9.139886446249462226e-01,8.701822971570846166e-01,9.167709801253489665e-01,1.000000000000000000e+00,9.072096939676081995e-01,9.071954219215816462e-01,9.849011347274401196e-01,9.675324258858887250e-01,9.623285701919835899e-01,8.900299266930625786e-01,8.863941610650077907e-01,8.632445635326649880e-01,9.152673418886119183e-01,8.920211751884241647e-01,9.812764024366291693e-01,9.058504089593756303e-01,8.760708047164534884e-01,9.725700110477175642e-01,8.986636622238921568e-01,8.983784691846404824e-01,8.941292309749087064e-01,9.577477261027352862e-01,9.731878877875530520e-01,8.955516696407355148e-01,9.161630370013404967e-01,9.311799946614879309e-01
9.570833360999047024e-01,9.555929407907097772e-01,9.066477542815075674e-01,9.325886529945404124e-01,9.140027026990984460e-01,9.769226560805225335e-01,9.516543193955558921e-01,9.734558130773989237e-01,9.465432978976863199e-01,8.921274544068720225e-01,9.127890714127966376e-01,9.265294344830559137e-01,9.094547894198669047e-01,9.754377417542029471e-01,9.268612813406279516e-01,8.902423586939696154e-01,9.072096939676081995e-01,1.000000000000000000e+00,9.843451914274476966e-01,9.080544793279997640e-01,9.232816578629290394e-01,9.241451298698555306e-01,9.568648029584333470e-01,9.467467581694186674e-01,9.187965173787072670e-01,9.795407309222573522e-01,9.585325069241373841e-01,9.082656195858761494e-01,9.836160336333003018e-01,9.390195979270756776e-01,8.945928203257729194e-01,9.766504654429749577e-01,9.752686767037287430e-01,9.601917154241657038e-01,8.947232484093939897e-01,8.942603242209355985e-01,9.740722293617761762e-01,9.726982923627400801e-01,9.603030590288798019e-01
9.550350272205591073e-01,9.530154216494001185e-01,9.058971163738596122e-01,9.325971786739720715e-01,9.134583635497297571e-01,9.762484749181222776e-01,9.496020560750439987e-01,9.746235212562356365e-01,9.464638805890278617e-01,8.918513317000554830e-01,9.125603823455411545e-01,9.260063430411116236e-01,9.095480682516183801e-01,9.768281310016694308e-01,9.256420288126456786e-01,8.910029077003258635e-01,9.071954219215816462e-01,9.843451914274476966e-01,1.000000000000000000e+00,9.079387663727160884e-01,9.235522018022984669e-01,9.239705326427660736e-01,9.548035884223827763e-01,9.452430026813885000e-01,9.175775950535015602e-01,9.811989599870640788e-01,9.570706684345673398e-01,9.077946331584781925e-01,9.831583893355048120e-01,9.376394382075399214e-01,8.946027694830642751e-01,9.763839429153378102e-01,9.745559338580985775e-01,9.588107744988205727e-01,8.942676846856830730e-01,8.942452070989271862e-01,9.732891134096927077e-01,9.739392199194845112e-01,9.607108644135301523e-01
8.906519881043353237e-01,8.880087608301088231e-01,9.778871832604915104e-01,9.515527022265077850e-01,9.739067664845766359e-01,9.003643635094894515e-01,8.854268949790896626e-01,9.194748535421343183e-01,9.410192126591446771e-01,9.670952349807701021e-01,9.723846033794096844e-01,8.705776996318514982e-01,9.858820064680969830e-01,9.144408714817405803e-01,8.695340485506237727e-01,9.189523488833706288e-01,9.849011347274401196e-01,9.080544793279997640e-01,9.079387663727160884e-01,1.000000000000000000e+00,9.677641573154699417e-01,9.631893781265232768e-01,8.888334136296879295e-01,8.849249567577661679e-01,8.621254101248002621e-01,9.156767721743487298e-01,8.908913277324331803e-01,9.810681692016243183e-01,9.059745509218891657e-01,8.757348090923054995e-01,9.748690121495813266e-01,8.987594940546044242e-01,8.980352890504568197e-01,8.931343178926126614e-01,9.617773423122029097e-01,9.758246511527518541e-01,8.950704753338564190e-01,9.170062364239448538e-01,9.309101822424257211e-01
9.013857801435161132e-01,8.992782191278814174e-01,9.723188319884554787e-01,9.669977777835657706e-01,9.779292915945713149e-01,9.131945679433484120e-01,8.990725300031883194e-01,9.355954895633492585e-01,9.557577572434224900e-01,9.496450194067650452e-01,9.761932463624722889e-01,8.850545808709450180e-01,9.671736813339993910e-01,9.315597437913916146e-01,8.825563546148872396e-01,9.098235036632076334e-01,9.675324258858887250e-01,9.232816578629290394e-01,9.235522018022984669e-01,9.677641573154699417e-01,1.000000000000000000e+00,9.812036316346613996e-01,9.016693276627146814e-01,9.016498579443654737e-01,8.743330105635969129e-01,9.326064944783644117e-01,9.021624454935422976e-01,9.710736574267682109e-01,9.203377923443618602e-01,8.911143590685245419e-01,9.564463278681867298e-01,9.133594576080251715e-01,9.129560970944317067e-01,9.046260032855121258e-01,9.467310151193379930e-01,9.581359182050238621e-01,9.106235926018398930e-01,9.324485031957407966e-01,9.466510917497482636e-01
9.014850548162985922e-01,8.977758293255730937e-01,9.658099910611386285e-01,9.702587574828618333e-01,9.719791413898482002e-01,9.117691319315549547e-01,8.968417629053131446e-01,9.366669277614949607e-01,9.570029744016572693e-01,9.441013631230554815e-01,9.698843621851616081e-01,8.815164928713814518e-01,9.627903622495218583e-01,9.330039772615488225e-01,8.796706743912886539e-01,9.028429025686345311e-01,9.623285701919835899e-01,9.241451298698555306e-01,9.239705326427660736e-01,9.631893781265232768e-01,9.812036316346613996e-01,1.000000000000000000e+00,9.016470803198787243e-01,8.981006034673643112e-01,8.692318023902346757e-01,9.329963409453774226e-01,9.017402347344734004e-01,9.639666847208545608e-01,9.206101315676864516e-01,8.893307194190768206e-01,9.508221145421680287e-01,9.124775891967452646e-01,9.124835830747987098e-01,9.042731245490225334e-01,9.407544449461561209e-01,9.523091128377916270e-01,9.093706936047118994e-01,9.336674285172993359e-01,9.479296738866883620e-01
9.836286869299142310e-01,9.842300791168328011e-01,8.888778781025337139e-01,9.035886331900943036e-01,8.924014265449844441e-01,9.636835114993654861e-01,9.795304688852917163e-01,9.419755174455454183e-01,9.167664545109035501e-01,8.676836810278142353e-01,8.926581652679604906e-01,9.514082995911290475e-01,8.904328341656475576e-01,9.450221416858930468e-01,9.520700804269411899e-01,8.721964549078946582e-01,8.900299266930625786e-01,9.568648029584333470e-01,9.548035884223827763e-01,8.888334136296879295e-01,9.016693276627146814e-01,9.016470803198787243e-01,1.000000000000000000e+00,9.718370039549250050e-01,9.438505501000183928e-01,9.501463768200852922e-01,9.831571251506477926e-01,8.894860205383984253e-01,9.603537827263399773e-01,9.654167423172637097e-01,8.723164823148393809e-01,9.626097108455561324e-01,9.643015442208744403e-01,9.800091254532546925e-01,8.679750189327293253e-01,8.722064853548175956e-01,9.635924710386326586e-01,9.419143656109918439e-01,9.273480125949618014e-01
9.685538775812224666e-01,9.732522045887043172e-01,8.866711170471531789e-01,9.002620643495572450e-01,8.919820144625486558e-01,9.520762610053929986e-01,9.795219622038007223e-01,9.328809300171326813e-01,9.147500774613438468e-01,8.707268723647982878e-01,8.917274868794430320e-01,9.662142741377791610e-01,8.861958742000386469e-01,9.370689278739611217e-01,9.652585115920241376e-01,8.804465452895721134e-01,8.863941610650077907e-01,9.467467581694186674e-01,9.452430026813885000e-01,8.849249567577661679e-01,9.016498579443654737e-01,8.981006034673643112e-01,9.718370039549250050e-01,1.000000000000000000e+00,9.549840625589759435e-01,9.426185574004117829e-01,9.702744445227489134e-01,8.873908537099058913e-01,9.497819861562276644e-01,9.762168999020371940e-01,8.750858848407446766e-01,9.505539632855187770e-01,9.522471891678475631e-01,9.657411759064720158e-01,8.719286498412104347e-01,8.747435121519764323e-01,9.508860045781902803e-01,9.328087266784791387e-01,9.230450449809202151e-01
9.412886083541046611e-01,9.463136051215166322e-01,8.636394978196588745e-01,8.684674259161099252e-01,8.652244393690743385e-01,9.226655712499389761e-01,9.517112889883112548e-01,9.024245931972941781e-01,8.861552537363777127e-01,8.458813915656063775e-01,8.643517798144596531e-01,9.721774512865007933e-01,8.625801571323026273e-01,9.092471587282796586e-01,9.746425665279634387e-01,8.742221861295027541e-01,8.632445635326649880e-01,9.187965173787072670e-01,9.175775950535015602e-01,8.621254101248002621e-01,8.743330105635969129e-01,8.692318023902346757e-01,9.438505501000183928e-01,9.549840625589759435e-01,1.000000000000000000e+00,9.145992404815541654e-01,9.424495014579949981e-01,8.635598567500301082e-01,9.215481918807134631e-01,9.661919748161023058e-01,8.514674822522014797e-01,9.203708787668858360e-01,9.211467730497957529e-01,9.366890721702954004e-01,8.496455349776665944e-01,8.510407495650794685e-01,9.212745797091654865e-01,9.049591915127409569e-01,8.929430503519767415e-01
9.510787439826831058e-01,9.478669579649562360e-01,9.163518172407416618e-01,9.399373385125433522e-01,9.234564727472186485e-01,9.702277723557670708e-01,9.458005249673214765e-01,9.785666184871397721e-01,9.513808984695828475e-01,8.971789021870334446e-01,9.222560866086161324e-01,9.217119096838543024e-01,9.166994893004766221e-01,9.814496262792915537e-01,9.216118445387982971e-01,8.898529854378459669e-01,9.152673418886119183e-01,9.795407309222573522e-01,9.811989599870640788e-01,9.156767721743487298e-01,9.326064944783644117e-01,9.329963409453774226e-01,9.501463768200852922e-01,9.426185574004117829e-01,9.145992404815541654e-01,1.000000000000000000e+00,9.525182421337232697e-01,9.173536668163591035e-01,9.772403669270797177e-01,9.331312910098765734e-01,9.015862325224150986e-01,9.704615843799256902e-01,9.683177159910719700e-01,9.538526440171687382e-01,8.986664008831373174e-01,9.014305748763717929e-01,9.662497502499304280e-01,9.774430992134226504e-01,9.651405960461251210e-01
9.844402032310933803e-01,9.837507787908463808e-01,8.910406202024010458e-01,9.043718204899300339e-01,8.943047360873372931e-01,9.658767589099095385e-01,9.779688209011326849e-01,9.437753967892464901e-01,9.183666809977956147e-01,8.727493867970551600e-01,8.940995212335528519e-01,9.512953497208618270e-01,8.926978354451822195e-01,9.471278615107825427e-01,9.521284558434357503e-01,8.764119476977851875e-01,8.920211751884241647e-01,9.585325069241373841e-01,9.570706684345673398e-01,8.908913277324331803e-01,9.021624454935422976e-01,9.017402347344734004e-01,9.831571251506477926e-01,9.702744445227489134e-01,9.424495014579949981e-01,9.525182421337232697e-01,1.000000000000000000e+00,8.907675602107140156e-01,9.624250297761788309e-01,9.637007783699219621e-01,8.764042986430110593e-01,9.649298061866022902e-01,9.658447026016508952e-01,9.818085968301498712e-01,8.734300405026695913e-01,8.760601525776826604e-01,9.662233039822012426e-01,9.436470113119901360e-01,9.301502055575603389e-01
8.901071816114516366e-01,8.887290464554759017e-01,9.834356099934742357e-01,9.520998350374685337e-01,9.779482668633323605e-01,9.009877821764636918e-01,8.880620878907786730e-01,9.214253546640074344e-01,9.413240485353731035e-01,9.626827120856011888e-01,9.775098996735374079e-01,8.721181937570073872e-01,9.805412273517356558e-01,9.165254058622246403e-01,8.707230240289466350e-01,9.191901100277222181e-01,9.812764024366291693e-01,9.082656195858761494e-01,9.077946331584781925e-01,9.810681692016243183e-01,9.710736574267682109e-01,9.639666847208545608e-01,8.894860205383984253e-01,8.873908537099058913e-01,8.635598567500301082e-01,9.173536668163591035e-01,8.907675602107140156e-01,1.000000000000000000e+00,9.057828442790418766e-01,8.773771048501871617e-01,9.691138468342467283e-01,8.994023298405526834e-01,8.985649111196775118e-01,8.924746578878889336e-01,9.581807477097152859e-01,9.707535458170266640e-01,8.954367454387999192e-01,9.192118645099882634e-01,9.314009065604799131e-01
9.599903416847936910e-01,9.588331154220418595e-01,9.034701552836850169e-01,9.300619842238452284e-01,9.110762290487467441e-01,9.794130350871510515e-01,9.554168746575023574e-01,9.710288033710268163e-01,9.436526752641181126e-01,8.884300507798872371e-01,9.096263549200743759e-01,9.296618323167956666e-01,9.077421854057740047e-01,9.736329679082671440e-01,9.298125365963760824e-01,8.908693515583544498e-01,9.058504089593756303e-01,9.836160336333003018e-01,9.831583893355048120e-01,9.059745509218891657e-01,9.203377923443618602e-01,9.206101315676864516e-01,9.603537827263399773e-01,9.497819861562276644e-01,9.215481918807134631e-01,9.772403669270797177e-01,9.624250297761788309e-01,9.057828442790418766e-01,1.000000000000000000e+00,9.420446026622265601e-01,8.913829749307682349e-01,9.797247302257839907e-01,9.780727661036302534e-01,9.631081847217287661e-01,8.910492745027362993e-01,8.906948131801663004e-01,9.770560189394567052e-01,9.703359881273024845e-01,9.574353267483615149e-01
9.626976275708996056e-01,9.672188553143854506e-01,8.782438663433377313e-01,8.905110239911484538e-01,8.830208031713671080e-01,9.442556217451727463e-01,9.729389652684248269e-01,9.236533572708092166e-01,9.068286012836724863e-01,8.609075785250499546e-01,8.822436483290267972e-01,9.778790285601562937e-01,8.768323593792413106e-01,9.286631975954519058e-01,9.774530097850843147e-01,8.779057151270176496e-01,8.760708047164534884e-01,9.390195979270756776e-01,9.376394382075399214e-01,8.757348090923054995e-01,8.911143590685245419e-01,8.893307194190768206e-01,9.654167423172637097e-01,9.762168999020371940e-01,9.661919748161023058e-01,9.331312910098765734e-01,9.637007783699219621e-01,8.773771048501871617e-01,9.420446026622265601e-01,1.000000000000000000e+00,8.658110225634256807e-01,9.410558962308385178e-01,9.427009145727351935e-01,9.583311181944461632e-01,8.642723718130203014e-01,8.657247023623314552e-01,9.429579119832554035e-01,9.247365564240063174e-01,9.148668929007806039e-01
8.740353417026333060e-01,8.743825747108282531e-01,9.669214854461856135e-01,9.408773513372666875e-01,9.642354635197655233e-01,8.848906044589018860e-01,8.723440022124655524e-01,9.058993287243061188e-01,9.306040771167120029e-01,9.781218659342052479e-01,9.633263238470379797e-01,8.624637260118893645e-01,9.751796389091375028e-01,9.008534016925218157e-01,8.615994122900260122e-01,9.259008888252726610e-01,9.725700110477175642e-01,8.945928203257729194e-01,8.946027694830642751e-01,9.748690121495813266e-01,9.564463278681867298e-01,9.508221145421680287e-01,8.723164823148393809e-01,8.750858848407446766e-01,8.514674822522014797e-01,9.015862325224150986e-01,8.764042986430110593e-01,9.691138468342467283e-01,8.913829749307682349e-01,8.658110225634256807e-01,1.000000000000000000e+00,8.826184670657555298e-01,8.814089568307600375e-01,8.758056504061861869e-01,9.734830358323031119e-01,9.848632505468237763e-01,8.782450773272684197e-01,9.044961522005540155e-01,9.199122767091150177e-01
9.627263069692135744e-01,9.605494250401868106e-01,8.966222146234602564e-01,9.219187288123178448e-01,9.030797810341909537e-01,9.849201940119952647e-01,9.568410713941127854e-01,9.641320053055907335e-01,9.348356351055548963e-01,8.805957454682186158e-01,9.031439861821788373e-01,9.275229452283435538e-01,9.008212017702597052e-01,9.664838430562308069e-01,9.275670491342642432e-01,8.772895774821071191e-01,8.986636622238921568e-01,9.766504654429749577e-01,9.763839429153378102e-01,8.987594940546044242e-01,9.133594576080251715e-01,9.124775891967452646e-01,9.626097108455561324e-01,9.505539632855187770e-01,9.203708787668858360e-01,9.704615843799256902e-01,9.649298061866022902e-01,8.994023298405526834e-01,9.797247302257839907e-01,9.410558962308385178e-01,8.826184670657555298e-01,1.000000000000000000e+00,9.847540895344351064e-01,9.676858640602157280e-01,8.820907324001723282e-01,8.817482615147278491e-01,9.844940505544889087e-01,9.638047906835730538e-01,9.488301259230867979e-01
9.635550299612319902e-01,9.621601706737576976e-01,8.952335061118050774e-01,9.214793995681175298e-01,9.019848752985530904e-01,9.849476738221516481e-01,9.582935028944452593e-01,9.615173909892841264e-01,9.339657820947289135e-01,8.795771071149320885e-01,9.020065415734875858e-01,9.296161648257414978e-01,9.001628258481063627e-01,9.639219530905434041e-01,9.289060854988749893e-01,8.777054086361933960e-01,8.983784691846404824e-01,9.752686767037287430e-01,9.745559338580985775e-01,8.980352890504568197e-01,9.129560970944317067e-01,9.124835830747987098e-01,9.643015442208744403e-01,9.522471891678475631e-01,9.211467730497957529e-01,9.683177159910719700e-01,9.658447026016508952e-01,8.985649111196775118e-01,9.780727661036302534e-01,9.427009145727351935e-01,8.814089568307600375e-01,9.847540895344351064e-01,1.000000000000000000e+00,9.689254754449008189e-01,8.804448741085074692e-01,8.806288147775250819e-01,9.844207292028652745e-01,9.608840528295157224e-01,9.464488074759854763e-01
9.819828814567326258e-01,9.790355703737118054e-01,8.927051532486662833e-01,9.068952739884940106e-01,8.952966915384584778e-01,9.686554068434514164e-01,9.734454782595581834e-01,9.462936677982310973e-01,9.205631406102939840e-01,8.717717066233844347e-01,8.957082339265742821e-01,9.439478713959545964e-01,8.946864545803935309e-01,9.492109805010732204e-01,9.450272855487138468e-01,8.699982501639582644e-01,8.941292309749087064e-01,9.601917154241657038e-01,9.588107744988205727e-01,8.931343178926126614e-01,9.046260032855121258e-01,9.042731245490225334e-01,9.800091254532546925e-01,9.657411759064720158e-01,9.366890721702954004e-01,9.538526440171687382e-01,9.818085968301498712e-01,8.924746578878889336e-01,9.631081847217287661e-01,9.583311181944461632e-01,8.758056504061861869e-01,9.676858640602157280e-01,9.689254754449008189e-01,1.000000000000000000e+00,8.714707706996969172e-01,8.758373921679959428e-01,9.691581409355363164e-01,9.461655352879191350e-01,9.330131082161575717e-01
8.710036687611740769e-01,8.721942602961784141e-01,9.561389994078904886e-01,9.315248676376219894e-01,9.551549884760420772e-01,8.850564399357556677e-01,8.690826105930037349e-01,9.040939891328906297e-01,9.251742374838882732e-01,9.830383187217272001e-01,9.531668414020395552e-01,8.596758100450223594e-01,9.619186346783809016e-01,8.988232662872545076e-01,8.598949104464631565e-01,9.367788793945304171e-01,9.577477261027352862e-01,8.947232484093939897e-01,8.942676846856830730e-01,9.617773423122029097e-01,9.467310151193379930e-01,9.407544449461561209e-01,8.679750189327293253e-01,8.719286498412104347e-01,8.496455349776665944e-01,8.986664008831373174e-01,8.734300405026695913e-01,9.581807477097152859e-01,8.910492745027362993e-01,8.642723718130203014e-01,9.734830358323031119e-01,8.820907324001723282e-01,8.804448741085074692e-01,8.714707706996969172e-01,1.000000000000000000e+00,9.732650439038957879e-01,8.773451911438030493e-01,9.019936133072674611e-01,9.148318788318100525e-01
8.738722693866829427e-01,8.738480366057067572e-01,9.689215882972047611e-01,9.405388673853845027e-01,9.662670151118637474e-01,8.842934570412530615e-01,8.722526359723280498e-01,9.059499776056678666e-01,9.300366965516358997e-01,9.779845576544915486e-01,9.654137605940655842e-01,8.624718482485748128e-01,9.758215935899309246e-01,9.000795166393767976e-01,8.614683746524485208e-01,9.257235554997594873e-01,9.731878877875530520e-01,8.942603242209355985e-01,8.942452070989271862e-01,9.758246511527518541e-01,9.581359182050238621e-01,9.523091128377916270e-01,8.722064853548175956e-01,8.747435121519764323e-01,8.510407495650794685e-01,9.014305748763717929e-01,8.760601525776826604e-01,9.707535458170266640e-01,8.906948131801663004e-01,8.657247023623314552e-01,9.848632505468237763e-01,8.817482615147278491e-01,8.806288147775250819e-01,8.758373921679959428e-01,9.732650439038957879e-01,1.000000000000000000e+00,8.778070721190595060e-01,9.040364337741931822e-01,9.199291492907544221e-01
9.640721411067985080e-01,9.620328649211704608e-01,8.927065389130123263e-01,9.178683692210537481e-01,8.998891456684047219e-01,9.841003199956331882e-01,9.581241375020558282e-01,9.600690009119097201e-01,9.319403543928684863e-01,8.760817932429658672e-01,8.996122530492061120e-01,9.300232189645758485e-01,8.972521955513022007e-01,9.627440170339491843e-01,9.297852895523981420e-01,8.744121883051224620e-01,8.955516696407355148e-01,9.740722293617761762e-01,9.732891134096927077e-01,8.950704753338564190e-01,9.106235926018398930e-01,9.093706936047118994e-01,9.635924710386326586e-01,9.508860045781902803e-01,9.212745797091654865e-01,9.662497502499304280e-01,9.662233039822012426e-01,8.954367454387999192e-01,9.770560189394567052e-01,9.429579119832554035e-01,8.782450773272684197e-01,9.844940505544889087e-01,9.844207292028652745e-01,9.691581409355363164e-01,8.773451911438030493e-01,8.778070721190595060e-01,1.000000000000000000e+00,9.597682667591238559e-01,9.444690682910105162e-01
9.427518792528442049e-01,9.391196473777415621e-01,9.174158754377211844e-01,9.472500325422830159e-01,9.240213770230231161e-01,9.629699820865499360e-01,9.369203056540136298e-01,9.845933444649697108e-01,9.594803766377746346e-01,9.001704332158649846e-01,9.236930375329215348e-01,9.144476409921341586e-01,9.179363304345020680e-01,9.828710529580249045e-01,9.146365203117265974e-01,8.889846123389870680e-01,9.161630370013404967e-01,9.726982923627400801e-01,9.739392199194845112e-01,9.170062364239448538e-01,9.324485031957407966e-01,9.336674285172993359e-01,9.419143656109918439e-01,9.328087266784791387e-01,9.049591915127409569e-01,9.774430992134226504e-01,9.436470113119901360e-01,9.192118645099882634e-01,9.703359881273024845e-01,9.247365564240063174e-01,9.044961522005540155e-01,9.638047906835730538e-01,9.608840528295157224e-01,9.461655352879191350e-01,9.019936133072674611e-01,9.040364337741931822e-01,9.597682667591238559e-01,1.000000000000000000e+00,9.719477290914261269e-01
9.285043247999257288e-01,9.261959331065308110e-01,9.300471402866656856e-01,9.622005684933682135e-01,9.393763850663024995e-01,9.477611106883480074e-01,9.237306215211095184e-01,9.725086906868725123e-01,9.739113550346620851e-01,9.148582340271127489e-01,9.379136984356171158e-01,9.046404142805899440e-01,9.325377478996779157e-01,9.689297846624451704e-01,9.039126311861660490e-01,8.963287436916598239e-01,9.311799946614879309e-01,9.603030590288798019e-01,9.607108644135301523e-01,9.309101822424257211e-01,9.466510917497482636e-01,9.479296738866883620e-01,9.273480125949618014e-01,9.230450449809202151e-01,8.929430503519767415e-01,9.651405960461251210e-01,9.301502055575603389e-01,9.314009065604799131e-01,9.574353267483615149e-01,9.148668929007806039e-01,9.199122767091150177e-01,9.488301259230867979e-01,9.464488074759854763e-01,9.330131082161575717e-01,9.148318788318100525e-01,9.199291492907544221e-01,9.444690682910105162e-01,9.719477290914261269e-01,1.000000000000000000e+00
