1.000000000000000000e+00,4.848629314407273405e-01,4.186688125677165973e-01,2.562605580667335348e-01,3.904792486142721342e-01,-8.230430436266747418e-02,8.808137836652689401e-02,-4.048330827801179255e-01,2.667195995271287590e-01,5.355026051861251357e-01,-1.592604519320678647e-01,1.850313238813450778e-01,-3.505364639441008734e-01,3.094917014663800536e-01,2.057456220657258861e-01,5.227769358351650464e-01,1.508900817160421515e-01,2.331796987701608981e-01,1.262497319715813471e-01,2.079330498470467192e-01,2.749923615411894451e-01,3.212207929847218368e-01,2.077976876424175029e-02,1.639151686177718267e-02,3.846736656245423047e-01,5.084050431526807579e-01,1.808966749592862966e-01,3.554098971308267130e-01,4.293138392382485069e-01,5.815917136631388873e-01,2.387803968875313321e-01,3.282743991624960112e-01,1.244629574397069782e-01,2.993425523767795915e-01,3.639870197739977775e-01,4.313719013133915370e-01,1.523502396280394522e-01,2.852693612796319278e-01,1.294765109685599158e-01
4.848629314407273405e-01,1.000000000000000000e+00,2.504658295113321720e-01,-6.195985758000083915e-02,4.038812940827261055e-01,-4.287499050403291712e-01,-2.455278198654915756e-02,-3.060904789683251970e-01,5.520737090122301849e-01,5.454736614938921618e-02,-2.590991399524043004e-01,3.719028899150105261e-01,-2.365862968078658590e-01,3.461051409315583638e-01,4.782186755492010000e-01,4.034482527170150240e-02,-2.278645425848200567e-01,9.575920139698886058e-02,3.560152526523609473e-01,-3.018225575961612783e-01,-5.346695461279274419e-02,1.736139608766937570e-01,-1.324408865965092941e-01,7.380457976235434148e-02,1.089598376239973992e-01,-3.489311480155227185e-02,-5.485192579161887738e-02,-2.486683916140557671e-01,1.258314876395499882e-01,6.633979072482819594e-01,-1.419502046582520882e-01,3.146236101751371805e-01,-2.840277148556669129e-01,3.856671394639761274e-01,-9.292773021033047531e-02,4.253792155456608270e-01,-2.699212280685485132e-01,2.695781897379160852e-01,3.455439965620149545e-01
4.186688125677165973e-01,2.504658295113321720e-01,1.000000000000000000e+00,3.967719963725168109e-01,7.745003588699480579e-01,-1.872117098451706041e-01,3.015068945401435108e-01,-8.871057601317211549e-01,2.601824776686819662e-01,4.758899718541000357e-01,-1.193089720379353902e-01,4.048236837307678804e-01,-5.129391229763957671e-01,5.580125692206259203e-01,-1.893499119940140335e-02,5.920218392075383695e-01,5.763927916691204134e-02,3.349525482519459252e-01,1.364366026695413847e-01,1.621270397441735844e-01,6.112333592946899152e-01,7.151809024196877917e-01,2.332697731707644440e-01,2.453470560830906810e-01,5.229173503079017626e-01,4.758801486369015898e-01,4.592988297042051582e-01,4.895601338582444839e-01,1.785894845762344973e-01,5.716290564916114425e-01,5.031617672000373576e-01,2.402592318018312856e-01,5.019158029955653744e-01,6.912377489197041314e-01,1.242009807456090353e-01,1.919740950708236915e-01,6.337728469917794372e-02,5.119000334069701008e-01,4.811191669696865958e-01
2.562605580667335348e-01,-6.195985758000083915e-02,3.967719963725168109e-01,1.000000000000000000e+00,1.390009503709302707e-01,-3.160317798094647301e-01,1.906174121865654714e-01,-2.494036472175202024e-01,1.411531200634224548e-01,2.683445306920997919e-01,-5.308166558780575972e-01,4.353527470974604685e-01,-4.653137449167372708e-01,1.874690841704876043e-01,4.940839207989117243e-02,1.563540710377916698e-01,-2.715002431144707962e-01,2.142024703049123235e-01,3.384059769312081078e-01,4.758600695108796130e-01,6.315509272544481689e-01,4.873234548258166265e-01,-1.502631403430298475e-02,1.891627110430255942e-01,3.815467274319488400e-01,4.216367420798951549e-01,1.554249815328377360e-01,4.968398348673057074e-01,4.062927544904659793e-01,3.376456597133559723e-01,2.954785380069404610e-01,-2.301887745554057063e-01,2.378686059394942154e-01,1.890814687866712585e-01,-1.507872025819647632e-01,3.810386863121914026e-03,2.802240798481906228e-02,1.744260185603065394e-01,2.461914863593973046e-01
3.904792486142721342e-01,4.038812940827261055e-01,7.745003588699480579e-01,1.390009503709302707e-01,1.000000000000000000e+00,-2.436109783019358155e-01,8.412911676334783317e-02,-7.750287745199841982e-01,4.163492921342319963e-01,3.568067813264098054e-01,-4.467962173439102985e-02,4.601825462192865035e-01,-4.264694110138522731e-01,6.621217230174265556e-01,1.054157982018673473e-01,4.921675852076652924e-01,1.922684522108917757e-02,3.655827930169514572e-01,1.047693277278174268e-01,-6.939445694981274948e-02,3.985730658385173708e-01,6.705911678506177864e-01,1.653625617133701597e-01,1.912099590788211845e-01,3.728805911123269090e-01,3.321566432076399900e-01,3.192215241446378915e-01,2.468953717302876105e-01,1.358047842091549828e-01,5.793813673707614020e-01,3.456289715824037434e-01,3.277185720677592840e-01,3.684919088812731447e-01,8.100711222144713064e-01,1.415162428347985502e-01,2.789958099466786079e-01,-4.539547878307156718e-03,5.789291498199223840e-01,5.638770044279934890e-01
-8.230430436266747418e-02,-4.287499050403291712e-01,-1.872117098451706041e-01,-3.160317798094647301e-01,-2.436109783019358155e-01,1.000000000000000000e+00,3.074266599561031876e-01,2.031243093004307942e-01,-7.136440619324424528e-01,3.243743670289234160e-01,7.033570279627551214e-01,-7.438518075750669700e-01,2.743237479608483589e-02,-2.179758859111175506e-01,-6.312910415786885387e-01,3.000512260742927984e-01,7.931309424439922928e-01,-2.914926978532085822e-01,-6.061918826509780089e-01,3.409316115219760412e-01,-7.425962610019357091e-02,-2.727219117763889922e-01,5.251962414081304820e-01,-9.789312287098056453e-02,1.734987642852923173e-01,2.738532514356161740e-01,4.314017300273794708e-01,3.957665292827247661e-01,1.203520321224428036e-01,-4.317399109114267164e-01,4.506977727644169152e-01,3.151606409403839848e-01,3.776058897783461932e-01,-3.628589159224664962e-01,5.641263072646918175e-01,-1.220525035739083858e-01,6.175897443430538036e-01,-3.482765520156988481e-01,-4.501698260561993181e-01
8.808137836652689401e-02,-2.455278198654915756e-02,3.015068945401435108e-01,1.906174121865654714e-01,8.412911676334783317e-02,3.074266599561031876e-01,1.000000000000000000e+00,-2.344976544931973994e-01,-3.531646764717157883e-01,4.047736581054157123e-01,1.518790401839097970e-01,-2.403110442560564275e-01,-3.105299155612568640e-01,-8.137327819996416356e-02,-4.258288138364015318e-01,3.338744639073688569e-01,2.558414248378937939e-01,-1.949835004008996231e-01,-1.165864662472461122e-01,3.263964085206151333e-01,2.962682325828062124e-01,9.728312417091930508e-02,2.607021466797021514e-01,-4.841739171542400189e-02,3.972986609154090520e-01,3.241957602488852452e-01,4.930573178874299023e-01,4.385744245674980668e-01,8.791809894703664363e-02,1.273139973483944920e-01,5.258120496116013287e-01,1.669100057095117551e-01,2.492886674654930801e-01,-7.247121036571420316e-02,1.951069554965847441e-01,6.448142021027462867e-02,2.361574214804117167e-01,-1.300751479502011698e-01,-7.433536044546795729e-02
-4.048330827801179255e-01,-3.060904789683251970e-01,-8.871057601317211549e-01,-2.494036472175202024e-01,-7.750287745199841982e-01,2.031243093004307942e-01,-2.344976544931973994e-01,1.000000000000000000e+00,-3.371815557939805141e-01,-3.991889534355516078e-01,7.931180419405386983e-02,-3.713972740412054829e-01,4.449395882110088740e-01,-5.559612294616177453e-01,-5.106210351347219289e-02,-5.604856793860482078e-01,-5.389883174936655613e-02,-3.693338658892354465e-01,-1.377212838677070728e-01,-4.715948006278353893e-02,-4.551060661347168801e-01,-6.480217904975164034e-01,-2.269001648668542981e-01,-2.308365874824742925e-01,-4.434057225160424331e-01,-3.678027281683522443e-01,-3.543131256122012962e-01,-3.469710497231825452e-01,-6.432665668813869475e-02,-5.344358919770880734e-01,-3.785688555741228423e-01,-2.479483574372053911e-01,-4.235047750038911096e-01,-7.154351010759921747e-01,-1.022872726957969325e-01,-1.970250834395734507e-01,4.903992634213359680e-02,-5.430754327505148416e-01,-4.695742783920501262e-01
2.667195995271287590e-01,5.520737090122301849e-01,2.601824776686819662e-01,1.411531200634224548e-01,4.163492921342319963e-01,-7.136440619324424528e-01,-3.531646764717157883e-01,-3.371815557939805141e-01,1.000000000000000000e+00,-2.027003569698115071e-01,-5.037899830322540851e-01,7.163251440074558385e-01,-3.994250973682055006e-02,4.230632879231933652e-01,7.435676871883151184e-01,-3.529230450506475741e-02,-4.756119755362888113e-01,6.271433821362999428e-01,6.346485227600073831e-01,-2.827458856918024233e-01,-1.579782812421361149e-01,3.630912878608112959e-01,-2.520426232445620585e-01,2.222097843421353414e-01,-7.221166832811194702e-02,-1.540683809322240527e-01,-3.280013949539710150e-01,-3.649039009049623306e-01,-9.600228166905616645e-02,4.872450866982597772e-01,-4.408572444288403891e-01,9.271654220242517286e-02,-2.415074615552022519e-01,5.879167942416041459e-01,-3.626368892835364899e-01,2.597584676825517858e-01,-5.108050099724572579e-01,6.116761673218897855e-01,6.446639695630689282e-01
5.355026051861251357e-01,5.454736614938921618e-02,4.758899718541000357e-01,2.683445306920997919e-01,3.568067813264098054e-01,3.243743670289234160e-01,4.047736581054157123e-01,-3.991889534355516078e-01,-2.027003569698115071e-01,1.000000000000000000e+00,2.638077069756136206e-01,-7.670166632264516227e-02,-5.425900398613672238e-01,2.318389196611181924e-01,-3.712109291687050727e-01,7.660269073022122344e-01,3.683676261325881107e-01,8.834746432701362506e-02,-9.974915998433110664e-02,4.023813752915592623e-01,4.795642011136677652e-01,3.333711251218465788e-01,3.869332716542572270e-01,4.362851577416783366e-02,5.829378382281004134e-01,6.408020818499146065e-01,5.512532035965624910e-01,6.489302416922095862e-01,3.592816842477467576e-01,3.095615943761925726e-01,6.646872756405701743e-01,3.855893921345021624e-01,3.637706169372278420e-01,1.598188555402923205e-01,5.085561005004161084e-01,2.224116177617661561e-01,3.800871445548502092e-01,1.013051602204260021e-01,3.196673555563567248e-02
-1.592604519320678647e-01,-2.590991399524043004e-01,-1.193089720379353902e-01,-5.308166558780575972e-01,-4.467962173439102985e-02,7.033570279627551214e-01,1.518790401839097970e-01,7.931180419405386983e-02,-5.037899830322540851e-01,2.638077069756136206e-01,1.000000000000000000e+00,-5.955102633539869350e-01,9.586081972507742854e-02,-1.040467024389514633e-01,-4.969695119185311150e-01,3.145882744439778000e-01,6.620531948751418039e-01,-2.075133421447319937e-01,-5.076254673113599347e-01,2.231687884388426982e-02,-1.838248145897634078e-01,-2.555120696457848783e-01,4.658787674555242009e-01,-4.752549740794820982e-02,3.931460147093666924e-02,4.922210384186834903e-02,2.930148153937513489e-01,1.112618536645675477e-01,-9.070684465404774133e-02,-3.376572462296211774e-01,2.682542240577855397e-01,3.619356464102787552e-01,1.931605139564427642e-01,-2.122555987957248369e-01,3.733870912317298618e-01,-6.089529156299596652e-02,3.072477080310564435e-01,-2.185916617305754261e-01,-3.102822353965199453e-01
1.850313238813450778e-01,3.719028899150105261e-01,4.048236837307678804e-01,4.353527470974604685e-01,4.601825462192865035e-01,-7.438518075750669700e-01,-2.403110442560564275e-01,-3.713972740412054829e-01,7.163251440074558385e-01,-7.670166632264516227e-02,-5.955102633539869350e-01,1.000000000000000000e+00,-2.372651000668519472e-01,3.922584584668257213e-01,6.262466100270575042e-01,-7.324202194079907670e-03,-5.877933779283183169e-01,4.870640808616011341e-01,6.162554257576066119e-01,-8.179550605027818833e-02,2.518294362130520381e-01,5.867494936174095788e-01,-2.653568720596876096e-01,2.358882001343102774e-01,-1.954133718733070540e-02,-4.379222516098222641e-03,-1.340084080454112536e-01,-1.019513991111608980e-01,2.666897768711732480e-02,4.895032966347691028e-01,-1.729532735711829250e-01,-3.375816200998305733e-02,-6.718742877542230318e-02,6.028394641380671048e-01,-3.915856700599504303e-01,1.404341837870441145e-01,-4.006888704057819384e-01,5.036605518119414704e-01,6.343500964883527216e-01
-3.505364639441008734e-01,-2.365862968078658590e-01,-5.129391229763957671e-01,-4.653137449167372708e-01,-4.264694110138522731e-01,2.743237479608483589e-02,-3.105299155612568640e-01,4.449395882110088740e-01,-3.994250973682055006e-02,-5.425900398613672238e-01,9.586081972507742854e-02,-2.372651000668519472e-01,1.000000000000000000e+00,-4.069861263011281260e-01,1.450074503625043421e-01,-4.404387797958560502e-01,1.372951909604257052e-02,-1.038932071383330547e-01,-1.434215584687828504e-01,-2.697485048321527912e-01,-5.186207290115832924e-01,-4.708219887384779145e-01,-3.591534638488828590e-01,-1.464306866524067718e-01,-5.171037606427225652e-01,-5.782520647691615778e-01,-4.400817537029711457e-01,-5.272184458140120045e-01,-3.943631761276220615e-01,-4.436794572976851536e-01,-6.039155265911767545e-01,-2.224459749194794278e-01,-2.986614344975354052e-01,-3.559405679096249164e-01,-9.981700532680477800e-02,-2.308704356746416608e-01,-1.587503362009471120e-01,-1.891977597040270520e-01,-2.386951808321826629e-01
3.094917014663800536e-01,3.461051409315583638e-01,5.580125692206259203e-01,1.874690841704876043e-01,6.621217230174265556e-01,-2.179758859111175506e-01,-8.137327819996416356e-02,-5.559612294616177453e-01,4.230632879231933652e-01,2.318389196611181924e-01,-1.040467024389514633e-01,3.922584584668257213e-01,-4.069861263011281260e-01,1.000000000000000000e+00,1.388260873433907749e-01,3.649479066795469628e-01,3.913113719853159728e-02,3.958522018113469487e-01,1.601116481770673561e-01,-3.886727772311380363e-02,2.767154273066891323e-01,5.293971912968739035e-01,3.085307213231894830e-01,5.758804457762504159e-01,4.104247741998344745e-01,3.231524267208810697e-01,2.033156749779002903e-01,1.852976933598913523e-01,3.798111449165485487e-01,4.666978404806625402e-01,2.490492456533004717e-01,3.696055983879946161e-01,3.540206306512697076e-01,6.523006913417549457e-01,8.360805740904013461e-02,2.247949594052118250e-01,1.622408839380308776e-01,4.658556453242980178e-01,5.090123500365454356e-01
2.057456220657258861e-01,4.782186755492010000e-01,-1.893499119940140335e-02,4.940839207989117243e-02,1.054157982018673473e-01,-6.312910415786885387e-01,-4.258288138364015318e-01,-5.106210351347219289e-02,7.435676871883151184e-01,-3.712109291687050727e-01,-4.969695119185311150e-01,6.262466100270575042e-01,1.450074503625043421e-01,1.388260873433907749e-01,1.000000000000000000e+00,-2.665978737771957374e-01,-4.285810224098423604e-01,4.037923240145350756e-01,5.101294259907914741e-01,-1.909118767584866705e-01,-2.581070175039404946e-01,1.802190185622350449e-01,-4.264511518581788896e-01,9.849764067565239256e-02,-3.286198658238084214e-01,-2.477934137714723484e-01,-4.197234537787305486e-01,-4.580769333585407166e-01,-6.122883106931637648e-02,2.682135235110379434e-01,-5.892901336386753286e-01,4.531296386805382104e-02,-3.465922718599631080e-01,3.312606151132415078e-01,-3.569419607778071546e-01,2.165077568454105150e-01,-4.710259435429981489e-01,3.813450403061127147e-01,4.340738495062161362e-01
5.227769358351650464e-01,4.034482527170150240e-02,5.920218392075383695e-01,1.563540710377916698e-01,4.921675852076652924e-01,3.000512260742927984e-01,3.338744639073688569e-01,-5.604856793860482078e-01,-3.529230450506475741e-02,7.660269073022122344e-01,3.145882744439778000e-01,-7.324202194079907670e-03,-4.404387797958560502e-01,3.649479066795469628e-01,-2.665978737771957374e-01,1.000000000000000000e+00,4.449690924734599484e-01,3.552955595226479635e-01,-2.365037127915482762e-02,3.217241638789412606e-01,3.664863455965436945e-01,4.039321834519765675e-01,4.956116102472664098e-01,1.719204161020899124e-01,5.128283236885843310e-01,5.905853356162586998e-01,5.401236462176087771e-01,6.178051216043368710e-01,1.480448527090562350e-01,3.254933732007234126e-01,5.889036372860618762e-01,4.493171597391016348e-01,4.705236489615366446e-01,3.406278179834615338e-01,4.147694006098007202e-01,2.567156934872353857e-01,3.140844209789597774e-01,3.512105743297805893e-01,1.908976292362207228e-01
1.508900817160421515e-01,-2.278645425848200567e-01,5.763927916691204134e-02,-2.715002431144707962e-01,1.922684522108917757e-02,7.931309424439922928e-01,2.558414248378937939e-01,-5.389883174936655613e-02,-4.756119755362888113e-01,3.683676261325881107e-01,6.620531948751418039e-01,-5.877933779283183169e-01,1.372951909604257052e-02,3.913113719853159728e-02,-4.285810224098423604e-01,4.449690924734599484e-01,1.000000000000000000e+00,-1.219406895778280958e-01,-5.887091113801741216e-01,3.565574250958944980e-01,1.900296682667546380e-02,-3.270671221697535325e-02,5.145521838199894615e-01,4.189905668104547398e-02,3.043606615945986249e-01,4.078861548948176652e-01,5.098209890821240320e-01,4.474946118626793590e-01,2.202869183968166333e-01,-2.181447766502644936e-01,4.735778910587105650e-01,4.969873353405068750e-01,5.273593426487593883e-01,-9.014817255905777094e-02,6.079814534184851960e-01,-1.342589763408634680e-02,6.326255474637403342e-01,-7.922063131087238308e-02,-2.226948394388755803e-01
2.331796987701608981e-01,9.575920139698886058e-02,3.349525482519459252e-01,2.142024703049123235e-01,3.655827930169514572e-01,-2.914926978532085822e-01,-1.949835004008996231e-01,-3.693338658892354465e-01,6.271433821362999428e-01,8.834746432701362506e-02,-2.075133421447319937e-01,4.870640808616011341e-01,-1.038932071383330547e-01,3.958522018113469487e-01,4.037923240145350756e-01,3.552955595226479635e-01,-1.219406895778280958e-01,1.000000000000000000e+00,5.392139760508636304e-01,9.708797658773551248e-03,-1.020840155380294823e-01,3.971332551224491803e-01,9.976025908409816290e-02,2.897661207448657406e-01,1.228239550159628130e-01,1.356404126681224065e-01,-6.513809987543241198e-02,6.139102755887722307e-02,-5.438726042939143190e-02,2.570255933716714680e-01,-1.568878876779921938e-01,1.820046327618500548e-01,1.265946597315013578e-01,5.327364840858475059e-01,-1.277218574694979902e-01,1.297281587847700368e-01,-2.114631158026956115e-01,7.544971160160309775e-01,6.380740911986136910e-01
1.262497319715813471e-01,3.560152526523609473e-01,1.364366026695413847e-01,3.384059769312081078e-01,1.047693277278174268e-01,-6.061918826509780089e-01,-1.165864662472461122e-01,-1.377212838677070728e-01,6.346485227600073831e-01,-9.974915998433110664e-02,-5.076254673113599347e-01,6.162554257576066119e-01,-1.434215584687828504e-01,1.601116481770673561e-01,5.101294259907914741e-01,-2.365037127915482762e-02,-5.887091113801741216e-01,5.392139760508636304e-01,1.000000000000000000e+00,-1.737306989407401692e-01,-1.207579053056447582e-01,1.277613693803283379e-01,-1.586850516524026533e-01,2.355536634427495002e-01,-8.217705817045600075e-03,-1.999947044973061638e-01,-3.242935362052543624e-01,-2.207511436633466106e-01,-1.108504113753058240e-01,4.262267881666308988e-01,-3.489618423937262404e-01,-1.034419601875262440e-01,-4.017581692499025969e-01,1.996296593098292327e-01,-5.033995382535183527e-01,1.382438206558493365e-01,-5.452949991910411853e-01,3.339023713932962045e-01,3.969507122440077973e-01
2.079330498470467192e-01,-3.018225575961612783e-01,1.621270397441735844e-01,4.758600695108796130e-01,-6.939445694981274948e-02,3.409316115219760412e-01,3.263964085206151333e-01,-4.715948006278353893e-02,-2.827458856918024233e-01,4.023813752915592623e-01,2.231687884388426982e-02,-8.179550605027818833e-02,-2.697485048321527912e-01,-3.886727772311380363e-02,-1.909118767584866705e-01,3.217241638789412606e-01,3.565574250958944980e-01,9.708797658773551248e-03,-1.737306989407401692e-01,1.000000000000000000e+00,3.957506663298878680e-01,3.184133099105611597e-01,3.162073166501342958e-01,8.320395088706292186e-02,3.342811707015221345e-01,5.088237149137709858e-01,4.401651868930641087e-01,6.184576593653637877e-01,2.986611924046024824e-01,-1.107740355489497397e-01,4.703662073632095542e-01,1.213741146078233940e-01,4.760545783230050176e-01,-2.386742739703506117e-02,2.818002682173658124e-01,-9.480738418181401672e-02,3.840085543786657674e-01,-3.887793094050607384e-02,-4.369524365643931429e-02
2.749923615411894451e-01,-5.346695461279274419e-02,6.112333592946899152e-01,6.315509272544481689e-01,3.985730658385173708e-01,-7.425962610019357091e-02,2.962682325828062124e-01,-4.551060661347168801e-01,-1.579782812421361149e-01,4.795642011136677652e-01,-1.838248145897634078e-01,2.518294362130520381e-01,-5.186207290115832924e-01,2.767154273066891323e-01,-2.581070175039404946e-01,3.664863455965436945e-01,1.900296682667546380e-02,-1.020840155380294823e-01,-1.207579053056447582e-01,3.957506663298878680e-01,1.000000000000000000e+00,5.938714491190622002e-01,1.144704353713351108e-01,1.038401533529320075e-01,4.521403468333936027e-01,5.727894614205248924e-01,4.831963964116369192e-01,6.579238218357954526e-01,4.305699154057848754e-01,3.533215673568781412e-01,6.477147842145036805e-01,-3.252175323758174641e-02,5.135714026263603627e-01,2.812529169123899608e-01,1.297136328650344006e-01,7.862199469116649964e-02,3.110800219188341043e-01,7.419681574871092589e-02,1.411931695571716772e-01
3.212207929847218368e-01,1.736139608766937570e-01,7.151809024196877917e-01,4.873234548258166265e-01,6.705911678506177864e-01,-2.727219117763889922e-01,9.728312417091930508e-02,-6.480217904975164034e-01,3.630912878608112959e-01,3.333711251218465788e-01,-2.555120696457848783e-01,5.867494936174095788e-01,-4.708219887384779145e-01,5.293971912968739035e-01,1.802190185622350449e-01,4.039321834519765675e-01,-3.270671221697535325e-02,3.971332551224491803e-01,1.277613693803283379e-01,3.184133099105611597e-01,5.938714491190622002e-01,1.000000000000000000e+00,1.217171240753139733e-01,2.350436402767171196e-01,3.396135197647581760e-01,4.681601308330921030e-01,4.341528267459449641e-01,4.334103865523273869e-01,2.446241032920436209e-01,4.597996482608807112e-01,4.050807785972707076e-01,2.289686326002680627e-01,5.482809462790398936e-01,7.406578498982284708e-01,9.934560902191432938e-03,1.614531223556908146e-01,8.960788031133791465e-02,5.717766588347090728e-01,6.377887307313769849e-01
2.077976876424175029e-02,-1.324408865965092941e-01,2.332697731707644440e-01,-1.502631403430298475e-02,1.653625617133701597e-01,5.251962414081304820e-01,2.607021466797021514e-01,-2.269001648668542981e-01,-2.520426232445620585e-01,3.869332716542572270e-01,4.658787674555242009e-01,-2.653568720596876096e-01,-3.591534638488828590e-01,3.085307213231894830e-01,-4.264511518581788896e-01,4.956116102472664098e-01,5.145521838199894615e-01,9.976025908409816290e-02,-1.586850516524026533e-01,3.162073166501342958e-01,1.144704353713351108e-01,1.217171240753139733e-01,1.000000000000000000e+00,3.884575144051193307e-01,4.587228942804495446e-01,3.032057048184431669e-01,4.326528137669009011e-01,4.153314150705533780e-01,1.592822265861631170e-01,-7.958636884460085215e-02,4.673175858734355814e-01,3.629266939268857572e-01,4.273189631278497269e-01,1.225589264434484710e-01,2.733636798354703856e-01,-7.011038044746778497e-02,3.801845038350042949e-01,5.277627893680000848e-02,1.079607784562333986e-02
1.639151686177718267e-02,7.380457976235434148e-02,2.453470560830906810e-01,1.891627110430255942e-01,1.912099590788211845e-01,-9.789312287098056453e-02,-4.841739171542400189e-02,-2.308365874824742925e-01,2.222097843421353414e-01,4.362851577416783366e-02,-4.752549740794820982e-02,2.358882001343102774e-01,-1.464306866524067718e-01,5.758804457762504159e-01,9.849764067565239256e-02,1.719204161020899124e-01,4.189905668104547398e-02,2.897661207448657406e-01,2.355536634427495002e-01,8.320395088706292186e-02,1.038401533529320075e-01,2.350436402767171196e-01,3.884575144051193307e-01,1.000000000000000000e+00,1.945510483479953590e-01,6.636768855416604052e-02,4.951328456921089138e-02,6.312819999601756993e-02,2.284169878717775271e-01,1.159901396297250004e-01,3.707995122097840907e-02,2.033980661537568013e-01,1.944052020771201983e-01,2.711024398403327762e-01,-1.115061064606139157e-01,-1.027321123847418916e-01,8.757750450582847679e-02,2.034302574342680969e-01,2.658867767570533558e-01
3.846736656245423047e-01,1.089598376239973992e-01,5.229173503079017626e-01,3.815467274319488400e-01,3.728805911123269090e-01,1.734987642852923173e-01,3.972986609154090520e-01,-4.434057225160424331e-01,-7.221166832811194702e-02,5.829378382281004134e-01,3.931460147093666924e-02,-1.954133718733070540e-02,-5.171037606427225652e-01,4.104247741998344745e-01,-3.286198658238084214e-01,5.128283236885843310e-01,3.043606615945986249e-01,1.228239550159628130e-01,-8.217705817045600075e-03,3.342811707015221345e-01,4.521403468333936027e-01,3.396135197647581760e-01,4.587228942804495446e-01,1.945510483479953590e-01,1.000000000000000000e+00,5.831423918065796741e-01,5.115531003382232100e-01,6.160749264912124268e-01,4.185621621553313743e-01,3.318438031541104949e-01,6.037743047852215383e-01,2.043689680482703441e-01,4.590914953506098350e-01,2.810747621622978198e-01,4.147929632214449880e-01,2.254724001108997580e-02,3.402470808647978240e-01,2.453514724376739675e-01,1.913117638326199133e-01
5.084050431526807579e-01,-3.489311480155227185e-02,4.758801486369015898e-01,4.216367420798951549e-01,3.321566432076399900e-01,2.738532514356161740e-01,3.241957602488852452e-01,-3.678027281683522443e-01,-1.540683809322240527e-01,6.408020818499146065e-01,4.922210384186834903e-02,-4.379222516098222641e-03,-5.782520647691615778e-01,3.231524267208810697e-01,-2.477934137714723484e-01,5.905853356162586998e-01,4.078861548948176652e-01,1.356404126681224065e-01,-1.999947044973061638e-01,5.088237149137709858e-01,5.727894614205248924e-01,4.681601308330921030e-01,3.032057048184431669e-01,6.636768855416604052e-02,5.831423918065796741e-01,1.000000000000000000e+00,6.611831316551640692e-01,7.895578891420618195e-01,5.461524971241863424e-01,2.322851619393822287e-01,7.226234594431200087e-01,4.122165758886358611e-01,6.436222789029568681e-01,2.462161336781518439e-01,4.923559154498061141e-01,2.629994778590533100e-01,5.857579601134137448e-01,2.129254797489845141e-01,1.653652083307866616e-01
1.808966749592862966e-01,-5.485192579161887738e-02,4.592988297042051582e-01,1.554249815328377360e-01,3.192215241446378915e-01,4.314017300273794708e-01,4.930573178874299023e-01,-3.543131256122012962e-01,-3.280013949539710150e-01,5.512532035965624910e-01,2.930148153937513489e-01,-1.340084080454112536e-01,-4.400817537029711457e-01,2.033156749779002903e-01,-4.197234537787305486e-01,5.401236462176087771e-01,5.098209890821240320e-01,-6.513809987543241198e-02,-3.242935362052543624e-01,4.401651868930641087e-01,4.831963964116369192e-01,4.341528267459449641e-01,4.326528137669009011e-01,4.951328456921089138e-02,5.115531003382232100e-01,6.611831316551640692e-01,1.000000000000000000e+00,6.870245990620242882e-01,2.583246323392391353e-01,9.237634011469421369e-02,7.712615199009446032e-01,4.997134198908454450e-01,6.938292361230538052e-01,2.165378389024264771e-01,4.282019327114480189e-01,1.038256529913909043e-01,5.810750201805598980e-01,1.442543739691358184e-01,2.101203755164873233e-01
3.554098971308267130e-01,-2.486683916140557671e-01,4.895601338582444839e-01,4.968398348673057074e-01,2.468953717302876105e-01,3.957665292827247661e-01,4.385744245674980668e-01,-3.469710497231825452e-01,-3.649039009049623306e-01,6.489302416922095862e-01,1.112618536645675477e-01,-1.019513991111608980e-01,-5.272184458140120045e-01,1.852976933598913523e-01,-4.580769333585407166e-01,6.178051216043368710e-01,4.474946118626793590e-01,6.139102755887722307e-02,-2.207511436633466106e-01,6.184576593653637877e-01,6.579238218357954526e-01,4.334103865523273869e-01,4.153314150705533780e-01,6.312819999601756993e-02,6.160749264912124268e-01,7.895578891420618195e-01,6.870245990620242882e-01,1.000000000000000000e+00,4.608096295388881547e-01,1.429992137456086165e-01,8.096538206658756565e-01,1.873535918895256058e-01,7.067146724697072058e-01,1.433193215118265251e-01,4.214386002757293803e-01,1.504021606798145588e-02,5.739645324914655067e-01,1.333590964344421037e-01,4.135250685265958598e-02
4.293138392382485069e-01,1.258314876395499882e-01,1.785894845762344973e-01,4.062927544904659793e-01,1.358047842091549828e-01,1.203520321224428036e-01,8.791809894703664363e-02,-6.432665668813869475e-02,-9.600228166905616645e-02,3.592816842477467576e-01,-9.070684465404774133e-02,2.666897768711732480e-02,-3.943631761276220615e-01,3.798111449165485487e-01,-6.122883106931637648e-02,1.480448527090562350e-01,2.202869183968166333e-01,-5.438726042939143190e-02,-1.108504113753058240e-01,2.986611924046024824e-01,4.305699154057848754e-01,2.446241032920436209e-01,1.592822265861631170e-01,2.284169878717775271e-01,4.185621621553313743e-01,5.461524971241863424e-01,2.583246323392391353e-01,4.608096295388881547e-01,1.000000000000000000e+00,2.503788599871355491e-01,3.905402116314877770e-01,2.357426674952633472e-01,3.200357214397924199e-01,5.806598272419959128e-02,2.973140436957690813e-01,1.522169518015277223e-01,5.235301235841212097e-01,-4.680748598242852332e-02,2.336453111897132673e-03
5.815917136631388873e-01,6.633979072482819594e-01,5.716290564916114425e-01,3.376456597133559723e-01,5.793813673707614020e-01,-4.317399109114267164e-01,1.273139973483944920e-01,-5.344358919770880734e-01,4.872450866982597772e-01,3.095615943761925726e-01,-3.376572462296211774e-01,4.895032966347691028e-01,-4.436794572976851536e-01,4.666978404806625402e-01,2.682135235110379434e-01,3.254933732007234126e-01,-2.181447766502644936e-01,2.570255933716714680e-01,4.262267881666308988e-01,-1.107740355489497397e-01,3.533215673568781412e-01,4.597996482608807112e-01,-7.958636884460085215e-02,1.159901396297250004e-01,3.318438031541104949e-01,2.322851619393822287e-01,9.237634011469421369e-02,1.429992137456086165e-01,2.503788599871355491e-01,1.000000000000000000e+00,1.780234554000829639e-01,1.867227615535456131e-01,-1.694340397146588267e-02,4.882978342087914703e-01,-1.100281130519301792e-01,4.625680514058720383e-01,-1.521166136219613552e-01,3.753754823217760328e-01,4.028866406725323812e-01
2.387803968875313321e-01,-1.419502046582520882e-01,5.031617672000373576e-01,2.954785380069404610e-01,3.456289715824037434e-01,4.506977727644169152e-01,5.258120496116013287e-01,-3.785688555741228423e-01,-4.408572444288403891e-01,6.646872756405701743e-01,2.682542240577855397e-01,-1.729532735711829250e-01,-6.039155265911767545e-01,2.490492456533004717e-01,-5.892901336386753286e-01,5.889036372860618762e-01,4.735778910587105650e-01,-1.568878876779921938e-01,-3.489618423937262404e-01,4.703662073632095542e-01,6.477147842145036805e-01,4.050807785972707076e-01,4.673175858734355814e-01,3.707995122097840907e-02,6.037743047852215383e-01,7.226234594431200087e-01,7.712615199009446032e-01,8.096538206658756565e-01,3.905402116314877770e-01,1.780234554000829639e-01,1.000000000000000000e+00,3.012491607309758512e-01,6.809854919491926672e-01,1.609938537128389191e-01,4.655064469716218567e-01,6.738424943579347792e-02,5.955296494912464267e-01,-1.307059673577352400e-02,-7.888980262173326749e-03
3.282743991624960112e-01,3.146236101751371805e-01,2.402592318018312856e-01,-2.301887745554057063e-01,3.277185720677592840e-01,3.151606409403839848e-01,1.669100057095117551e-01,-2.479483574372053911e-01,9.271654220242517286e-02,3.855893921345021624e-01,3.619356464102787552e-01,-3.375816200998305733e-02,-2.224459749194794278e-01,3.696055983879946161e-01,4.531296386805382104e-02,4.493171597391016348e-01,4.969873353405068750e-01,1.820046327618500548e-01,-1.034419601875262440e-01,1.213741146078233940e-01,-3.252175323758174641e-02,2.289686326002680627e-01,3.629266939268857572e-01,2.033980661537568013e-01,2.043689680482703441e-01,4.122165758886358611e-01,4.997134198908454450e-01,1.873535918895256058e-01,2.357426674952633472e-01,1.867227615535456131e-01,3.012491607309758512e-01,1.000000000000000000e+00,2.951807281358101998e-01,2.796229970870284243e-01,3.971498209878661090e-01,3.587042340410557806e-01,4.346378905877840704e-01,1.939889564468040284e-01,2.634998287144400542e-01
1.244629574397069782e-01,-2.840277148556669129e-01,5.019158029955653744e-01,2.378686059394942154e-01,3.684919088812731447e-01,3.776058897783461932e-01,2.492886674654930801e-01,-4.235047750038911096e-01,-2.415074615552022519e-01,3.637706169372278420e-01,1.931605139564427642e-01,-6.718742877542230318e-02,-2.986614344975354052e-01,3.540206306512697076e-01,-3.465922718599631080e-01,4.705236489615366446e-01,5.273593426487593883e-01,1.265946597315013578e-01,-4.017581692499025969e-01,4.760545783230050176e-01,5.135714026263603627e-01,5.482809462790398936e-01,4.273189631278497269e-01,1.944052020771201983e-01,4.590914953506098350e-01,6.436222789029568681e-01,6.938292361230538052e-01,7.067146724697072058e-01,3.200357214397924199e-01,-1.694340397146588267e-02,6.809854919491926672e-01,2.951807281358101998e-01,1.000000000000000000e+00,3.774923216072006982e-01,3.967848608858944859e-01,-8.527771176457762947e-02,5.813371691996528368e-01,2.816699251224105693e-01,2.307784112454450975e-01
2.993425523767795915e-01,3.856671394639761274e-01,6.912377489197041314e-01,1.890814687866712585e-01,8.100711222144713064e-01,-3.628589159224664962e-01,-7.247121036571420316e-02,-7.154351010759921747e-01,5.879167942416041459e-01,1.598188555402923205e-01,-2.122555987957248369e-01,6.028394641380671048e-01,-3.559405679096249164e-01,6.523006913417549457e-01,3.312606151132415078e-01,3.406278179834615338e-01,-9.014817255905777094e-02,5.327364840858475059e-01,1.996296593098292327e-01,-2.386742739703506117e-02,2.812529169123899608e-01,7.406578498982284708e-01,1.225589264434484710e-01,2.711024398403327762e-01,2.810747621622978198e-01,2.462161336781518439e-01,2.165378389024264771e-01,1.433193215118265251e-01,5.806598272419959128e-02,4.882978342087914703e-01,1.609938537128389191e-01,2.796229970870284243e-01,3.774923216072006982e-01,1.000000000000000000e+00,1.860649094124600458e-02,1.688417221619418762e-01,-1.092152644406095968e-01,7.326045607087265932e-01,7.299880213328234779e-01
3.639870197739977775e-01,-9.292773021033047531e-02,1.242009807456090353e-01,-1.507872025819647632e-01,1.415162428347985502e-01,5.641263072646918175e-01,1.951069554965847441e-01,-1.022872726957969325e-01,-3.626368892835364899e-01,5.085561005004161084e-01,3.733870912317298618e-01,-3.915856700599504303e-01,-9.981700532680477800e-02,8.360805740904013461e-02,-3.569419607778071546e-01,4.147694006098007202e-01,6.079814534184851960e-01,-1.277218574694979902e-01,-5.033995382535183527e-01,2.818002682173658124e-01,1.297136328650344006e-01,9.934560902191432938e-03,2.733636798354703856e-01,-1.115061064606139157e-01,4.147929632214449880e-01,4.923559154498061141e-01,4.282019327114480189e-01,4.214386002757293803e-01,2.973140436957690813e-01,-1.100281130519301792e-01,4.655064469716218567e-01,3.971498209878661090e-01,3.967848608858944859e-01,1.860649094124600458e-02,1.000000000000000000e+00,5.219502774706227810e-02,5.831984569677336472e-01,-5.729917700831800575e-02,-1.846260417216803729e-01
4.313719013133915370e-01,4.253792155456608270e-01,1.919740950708236915e-01,3.810386863121914026e-03,2.789958099466786079e-01,-1.220525035739083858e-01,6.448142021027462867e-02,-1.970250834395734507e-01,2.597584676825517858e-01,2.224116177617661561e-01,-6.089529156299596652e-02,1.404341837870441145e-01,-2.308704356746416608e-01,2.247949594052118250e-01,2.165077568454105150e-01,2.567156934872353857e-01,-1.342589763408634680e-02,1.297281587847700368e-01,1.382438206558493365e-01,-9.480738418181401672e-02,7.862199469116649964e-02,1.614531223556908146e-01,-7.011038044746778497e-02,-1.027321123847418916e-01,2.254724001108997580e-02,2.629994778590533100e-01,1.038256529913909043e-01,1.504021606798145588e-02,1.522169518015277223e-01,4.625680514058720383e-01,6.738424943579347792e-02,3.587042340410557806e-01,-8.527771176457762947e-02,1.688417221619418762e-01,5.219502774706227810e-02,1.000000000000000000e+00,9.178341749095374202e-02,1.748454389950282462e-01,2.225756701618809841e-01
1.523502396280394522e-01,-2.699212280685485132e-01,6.337728469917794372e-02,2.802240798481906228e-02,-4.539547878307156718e-03,6.175897443430538036e-01,2.361574214804117167e-01,4.903992634213359680e-02,-5.108050099724572579e-01,3.800871445548502092e-01,3.072477080310564435e-01,-4.006888704057819384e-01,-1.587503362009471120e-01,1.622408839380308776e-01,-4.710259435429981489e-01,3.140844209789597774e-01,6.326255474637403342e-01,-2.114631158026956115e-01,-5.452949991910411853e-01,3.840085543786657674e-01,3.110800219188341043e-01,8.960788031133791465e-02,3.801845038350042949e-01,8.757750450582847679e-02,3.402470808647978240e-01,5.857579601134137448e-01,5.810750201805598980e-01,5.739645324914655067e-01,5.235301235841212097e-01,-1.521166136219613552e-01,5.955296494912464267e-01,4.346378905877840704e-01,5.813371691996528368e-01,-1.092152644406095968e-01,5.831984569677336472e-01,9.178341749095374202e-02,1.000000000000000000e+00,-1.673349532547634688e-01,-1.473415881917323200e-01
2.852693612796319278e-01,2.695781897379160852e-01,5.119000334069701008e-01,1.744260185603065394e-01,5.789291498199223840e-01,-3.482765520156988481e-01,-1.300751479502011698e-01,-5.430754327505148416e-01,6.116761673218897855e-01,1.013051602204260021e-01,-2.185916617305754261e-01,5.036605518119414704e-01,-1.891977597040270520e-01,4.658556453242980178e-01,3.813450403061127147e-01,3.512105743297805893e-01,-7.922063131087238308e-02,7.544971160160309775e-01,3.339023713932962045e-01,-3.887793094050607384e-02,7.419681574871092589e-02,5.717766588347090728e-01,5.277627893680000848e-02,2.034302574342680969e-01,2.453514724376739675e-01,2.129254797489845141e-01,1.442543739691358184e-01,1.333590964344421037e-01,-4.680748598242852332e-02,3.753754823217760328e-01,-1.307059673577352400e-02,1.939889564468040284e-01,2.816699251224105693e-01,7.326045607087265932e-01,-5.729917700831800575e-02,1.748454389950282462e-01,-1.673349532547634688e-01,1.000000000000000000e+00,7.948833209025014668e-01
1.294765109685599158e-01,3.455439965620149545e-01,4.811191669696865958e-01,2.461914863593973046e-01,5.638770044279934890e-01,-4.501698260561993181e-01,-7.433536044546795729e-02,-4.695742783920501262e-01,6.446639695630689282e-01,3.196673555563567248e-02,-3.102822353965199453e-01,6.343500964883527216e-01,-2.386951808321826629e-01,5.090123500365454356e-01,4.340738495062161362e-01,1.908976292362207228e-01,-2.226948394388755803e-01,6.380740911986136910e-01,3.969507122440077973e-01,-4.369524365643931429e-02,1.411931695571716772e-01,6.377887307313769849e-01,1.079607784562333986e-02,2.658867767570533558e-01,1.913117638326199133e-01,1.653652083307866616e-01,2.101203755164873233e-01,4.135250685265958598e-02,2.336453111897132673e-03,4.028866406725323812e-01,-7.888980262173326749e-03,2.634998287144400542e-01,2.307784112454450975e-01,7.299880213328234779e-01,-1.846260417216803729e-01,2.225756701618809841e-01,-1.473415881917323200e-01,7.948833209025014668e-01,1.000000000000000000e+00
