1.000000000000000000e+00,5.387773278318545023e-01,5.078808376510762779e-01,-2.913807113498597112e-01,5.728757462389550970e-01,-3.808421130471051907e-01,1.434555168667944747e-01,-4.817339621067486255e-01,7.303062527221442224e-01,4.920744995784128717e-01,4.398911831215597257e-01,3.255850737999170241e-01,-5.468805455734695453e-01,3.986587682529972310e-01,7.221590690423281833e-01,2.163273636543553702e-01,3.826262984694688285e-01,5.553767480694929981e-01,2.818301704190407930e-01,4.211830618213466271e-01,5.299814428710307723e-01,3.521656981745555082e-01,-3.985401540372726648e-01,-3.045343672536895974e-01,1.421646136503271485e-01,6.965496920899619804e-01,3.823748450910782193e-01,7.021221274231154164e-01,4.512889409019090192e-01,6.424722851563511306e-01,4.568418328414299290e-01,-2.655246865916829346e-01,2.057815922810276033e-01,5.659218137501044188e-01,3.507305351078977146e-02,4.239303951033019935e-01,-9.299949557551215329e-02,7.606435674874584274e-01,3.759763867562115336e-01
5.387773278318545023e-01,1.000000000000000000e+00,4.180912041267170753e-01,2.042272610365411800e-01,4.838573393688805901e-01,1.287332469598059803e-01,4.285312606935683388e-01,-1.685467619545343576e-01,6.000927856782662939e-01,5.510678029146123258e-01,5.606414879975311072e-01,5.163769517920737684e-01,-4.500138653622118845e-01,3.525064200919311719e-01,2.146244912955332651e-01,1.973720569035210537e-01,-2.332649965039088405e-02,3.618390322978612406e-01,-1.554134711836183472e-02,4.571607320293455956e-01,2.501185023356667370e-01,5.168221595447906047e-01,-3.218004953163834392e-01,-8.331945561888652249e-03,4.367666421797328780e-01,3.515058784169617923e-01,6.293812443996436023e-01,4.174001305044107712e-01,4.567845535404421731e-01,3.427711676046082401e-01,6.158367482675491944e-01,1.734150132959199619e-01,5.378440366611851875e-01,2.647142723204466419e-01,3.596581898719203862e-01,3.251201276552068142e-01,3.922629887382200198e-01,2.912399801750801820e-01,6.210293629723878661e-01
5.078808376510762779e-01,4.180912041267170753e-01,1.000000000000000000e+00,1.705342070128957610e-01,7.917845503448991407e-01,-1.720477382438159730e-01,2.885064025384765363e-01,-7.924117822137914935e-01,5.417509583793408412e-01,7.175874617541956324e-01,5.411958056177248455e-01,2.176699869220889427e-01,-4.511395856869544474e-01,3.873550852665527677e-01,2.965099762517242055e-01,4.507934236541434325e-01,3.022431887139506723e-01,3.893996971199853996e-01,6.621731189120246830e-01,4.913989705318224099e-01,8.021684490155500669e-01,6.962322049626140652e-01,7.466566861956559949e-03,7.959294306289024790e-02,3.764580613218723171e-01,3.727898914263740315e-01,3.524618720895633661e-01,5.446806468018332570e-01,1.409076856345940210e-01,6.336676214971582732e-01,6.419658729651349649e-01,2.519765154416614417e-01,4.056089508546414923e-01,6.693487361887808795e-01,-4.208058668623955445e-02,3.663811715394008073e-01,-1.408261514506564671e-01,5.613445107164756198e-01,1.858485912716636435e-01
-2.913807113498597112e-01,2.042272610365411800e-01,1.705342070128957610e-01,1.000000000000000000e+00,7.960870742014213020e-02,4.409075914845909661e-01,4.958613881962157799e-01,7.387738703201858492e-02,-6.723931277616791713e-02,2.245241987130028039e-01,1.679518256658260322e-01,5.185852656418726836e-02,-5.123857555356745030e-02,-1.730797235280957247e-01,-5.685665392512837535e-01,2.721968828480830216e-01,-2.498704739341856551e-01,-1.337565325821564455e-01,4.226580514678252021e-03,2.362567316337713108e-01,-9.333631620846992438e-02,1.441860567861270315e-01,2.062214474435772327e-01,3.584622127982292628e-01,3.251479164113967868e-01,-3.882211762865523941e-01,8.050136733995423566e-02,-2.915289438472004613e-01,-1.100089303506507216e-01,-1.051287233929673777e-02,2.705763714765317407e-01,4.438498950682767674e-01,1.565542999979677996e-01,-2.175950014202341909e-01,1.346557135534751926e-01,-1.147165333861927816e-01,2.125967372012226020e-01,-3.780708302673410626e-01,1.226366310584419833e-01
5.728757462389550970e-01,4.838573393688805901e-01,7.917845503448991407e-01,7.960870742014213020e-02,1.000000000000000000e+00,-2.144505169833192670e-01,3.564576447757790700e-01,-6.658047492710701398e-01,6.949891072378659995e-01,7.225523531844303404e-01,5.736507764800933273e-01,3.360665480487549650e-01,-5.272274012818053412e-01,5.314380505874004568e-01,4.450971320705234824e-01,4.382990488078257751e-01,1.436360605589231398e-01,5.361735889496875851e-01,5.593579208053233165e-01,5.424685113442353490e-01,6.602030467101223099e-01,6.056185897664354556e-01,-1.737178130409822441e-01,-3.746433048201554261e-02,4.694755314618774267e-01,5.184181903228649579e-01,4.060128913408208029e-01,6.547239852474852073e-01,3.704059759193770729e-01,6.357110226125796126e-01,6.672249289218346036e-01,8.645285163392375793e-02,4.717178721531202212e-01,6.551744698638677367e-01,1.656073966865552749e-01,3.251612274352292387e-01,5.136148231098847800e-02,6.225170861791528010e-01,3.528127897359942255e-01
-3.808421130471051907e-01,1.287332469598059803e-01,-1.720477382438159730e-01,4.409075914845909661e-01,-2.144505169833192670e-01,1.000000000000000000e+00,2.720310688976461666e-01,4.044057978643251783e-01,-2.143737994183252116e-01,-1.299630322610975108e-01,1.439380052263020959e-01,-8.122360658245582343e-02,8.136113183557507067e-02,-1.052704607041373697e-01,-5.075625359443015627e-01,-2.267534324168342386e-01,-3.436857405224454931e-01,-3.092546668996469239e-01,-4.315266363257144744e-01,-1.119744221889070052e-01,-3.216681108144504031e-01,-6.620146782835939492e-02,1.497324895441140280e-01,4.405274833834574855e-01,1.951359307355012840e-01,-3.335781339645761401e-01,1.523319353159335032e-01,-3.551957189462190967e-01,6.692246583834435270e-02,-2.942696739458868782e-01,-1.893090069658197663e-02,4.811539806873955660e-01,2.181130449422881701e-01,-5.427270803149619738e-01,3.751176868376813744e-01,-2.300957213652420341e-01,5.227712323124789062e-01,-4.878763854606157357e-01,1.747052796463304247e-01
1.434555168667944747e-01,4.285312606935683388e-01,2.885064025384765363e-01,4.958613881962157799e-01,3.564576447757790700e-01,2.720310688976461666e-01,1.000000000000000000e+00,5.131902138315610346e-02,3.065281556854904110e-01,3.199814526477606225e-01,5.215248062311379496e-01,7.712626508935682690e-02,-3.971934691065168721e-01,5.365710224379572485e-02,6.694420525397312000e-03,7.523545373298418104e-02,-2.428864551552570306e-01,7.100842783682305426e-02,-6.276157984575503335e-02,5.189318635110623523e-01,8.201725109030799654e-02,2.279172525337443411e-01,-3.614935342325120149e-01,1.195107050302075952e-01,2.450329717552576780e-01,1.099326428679786721e-01,2.828187032273081214e-01,1.487384367854653333e-01,4.316388810504902529e-01,2.197464144868529479e-01,4.805862019350499170e-01,1.740820660372325301e-01,2.891820727576634997e-01,-4.820867041853552082e-02,4.246894627176595050e-01,-1.352098105172290076e-03,4.130667183360646200e-01,-1.780089910266743382e-03,4.656284656578525416e-01
-4.817339621067486255e-01,-1.685467619545343576e-01,-7.924117822137914935e-01,7.387738703201858492e-02,-6.658047492710701398e-01,4.044057978643251783e-01,5.131902138315610346e-02,1.000000000000000000e+00,-3.857816559197980166e-01,-4.915467142862239291e-01,-2.443690351043976139e-01,-7.984220984880714689e-02,2.870882155824076021e-01,-3.823364673517139489e-01,-3.622638564620751511e-01,-3.183852053160008411e-01,-5.695891250077754764e-01,-3.466675352898807017e-01,-7.830335494435807231e-01,-3.146572449972829255e-01,-8.004913377233416893e-01,-5.108116078765212453e-01,-2.286008981660599126e-01,-1.436731347829067577e-02,-1.461352283851645173e-01,-2.662509125993087200e-01,-1.516010706498433502e-01,-4.381193575744606328e-01,1.544672320118217201e-01,-5.458795614531987139e-01,-4.084995266406947212e-01,-1.909205571080842823e-01,-1.269287082038983994e-01,-7.753910565378757669e-01,3.963982892012095638e-01,-4.375707279994175414e-01,4.844694193415482464e-01,-6.204618174810787590e-01,9.424855005219656690e-02
7.303062527221442224e-01,6.000927856782662939e-01,5.417509583793408412e-01,-6.723931277616791713e-02,6.949891072378659995e-01,-2.143737994183252116e-01,3.065281556854904110e-01,-3.857816559197980166e-01,1.000000000000000000e+00,6.134329634448124624e-01,5.179102588368031945e-01,5.238959687345471350e-01,-6.274667445908089780e-01,4.863329406777222585e-01,5.900275599068730559e-01,3.422585594697900579e-01,1.485929502955877224e-01,6.736532674837100165e-01,2.762613857062892198e-01,4.958833671051061098e-01,4.968935845911158777e-01,5.259594580194331126e-01,-4.082430187861136317e-01,-2.091606666172703966e-01,4.166982138793867696e-01,6.872375962975083574e-01,5.949811541578030605e-01,7.166720792585309363e-01,5.511601839010542569e-01,6.906678640219107157e-01,6.379847093974101435e-01,-1.431549364576878425e-01,4.226409440322448363e-01,5.467873318577143316e-01,2.665006646414800340e-01,4.169286023999398405e-01,1.820661683298355205e-01,6.606779949369238070e-01,5.790314916136762857e-01
4.920744995784128717e-01,5.510678029146123258e-01,7.175874617541956324e-01,2.245241987130028039e-01,7.225523531844303404e-01,-1.299630322610975108e-01,3.199814526477606225e-01,-4.915467142862239291e-01,6.134329634448124624e-01,1.000000000000000000e+00,5.019466524359810222e-01,4.467710908227072730e-01,-5.489783107549618402e-01,3.661784085045943771e-01,2.648117198067504452e-01,5.666490176003560197e-01,6.745354948802771700e-02,5.003947561732446925e-01,4.960642076882538776e-01,4.930406286516086367e-01,5.555536063295809512e-01,6.237189706393773125e-01,-1.449695423429958052e-01,4.028818615044030965e-02,5.377306572260638351e-01,4.313908823944034854e-01,4.580448800394105735e-01,5.620924371585730439e-01,3.035374569261957700e-01,5.135263367859205230e-01,6.982236103006329575e-01,3.886495573642386597e-02,4.981228855882747220e-01,5.438484774212193340e-01,1.742680070235601286e-01,2.470615972489519918e-01,6.887805897625827456e-02,4.662119846910471321e-01,4.405195443660170351e-01
4.398911831215597257e-01,5.606414879975311072e-01,5.411958056177248455e-01,1.679518256658260322e-01,5.736507764800933273e-01,1.439380052263020959e-01,5.215248062311379496e-01,-2.443690351043976139e-01,5.179102588368031945e-01,5.019466524359810222e-01,1.000000000000000000e+00,2.904575597685108423e-01,-3.342832603253823587e-01,3.104215340695398728e-01,3.122915367609895854e-01,1.796903812470747874e-01,-5.185657311299524119e-02,2.882989182827060959e-01,5.315651683613375339e-02,5.704781849887203826e-01,3.169585290448935777e-01,4.912789937556332753e-01,-4.305437812764885686e-01,1.339537469369015202e-02,3.484102489913266654e-01,4.405800997838088540e-01,4.093449367821456186e-01,5.092233628081153096e-01,5.683685384232498583e-01,3.884193821001697411e-01,5.269287514684404261e-01,2.059883084841772627e-01,5.802459723319297602e-01,2.354041731444288521e-01,4.283542959911331716e-01,2.193313871226708900e-01,3.400997736866370191e-01,2.928734509391213159e-01,4.889469812348081756e-01
3.255850737999170241e-01,5.163769517920737684e-01,2.176699869220889427e-01,5.185852656418726836e-02,3.360665480487549650e-01,-8.122360658245582343e-02,7.712626508935682690e-02,-7.984220984880714689e-02,5.238959687345471350e-01,4.467710908227072730e-01,2.904575597685108423e-01,1.000000000000000000e+00,-3.558290341459531825e-01,4.174775514139483779e-01,3.045095369925414630e-01,2.442709948964741917e-01,-1.071633067371709769e-01,6.331061795481186527e-01,-4.735214896545171526e-02,3.655401429220523912e-01,1.179031913890769834e-01,4.937764315394613801e-01,-3.625509997808992191e-01,-2.685119603620734208e-01,5.219518043002648877e-01,4.121773231029449702e-01,7.084490052375018720e-01,4.526983849390691650e-01,3.678325508432384039e-01,1.921548048260247332e-01,5.832382323028850735e-01,-5.983026059512985828e-02,5.516122464406552073e-01,3.736694377208367168e-01,3.536945137033072895e-01,3.666702355176562067e-01,3.146620204795949061e-01,2.397426875482259190e-01,6.317687120134363177e-01
-5.468805455734695453e-01,-4.500138653622118845e-01,-4.511395856869544474e-01,-5.123857555356745030e-02,-5.272274012818053412e-01,8.136113183557507067e-02,-3.971934691065168721e-01,2.870882155824076021e-01,-6.274667445908089780e-01,-5.489783107549618402e-01,-3.342832603253823587e-01,-3.558290341459531825e-01,1.000000000000000000e+00,-4.211011532666220636e-01,-4.398919997969951701e-01,-3.049681148091974436e-01,-6.477979912570474945e-03,-5.514233138620951991e-01,-2.334651227083718861e-01,-3.942912496893383745e-01,-4.545089391110571642e-01,-3.721186182810503618e-01,3.492543104157956324e-01,1.116959274147859144e-01,-3.478360451652606766e-01,-5.204582931169211557e-01,-4.405976074823645949e-01,-5.342949339339223558e-01,-4.704547737413879993e-01,-5.201108490994273970e-01,-6.865248254150292384e-01,1.685572448847678928e-01,-2.558897282891939851e-01,-3.638525984429025195e-01,-2.990501323520226018e-01,-1.117940883660566292e-01,-1.971758545006076779e-01,-4.683663915277041512e-01,-4.350950173336679550e-01
3.986587682529972310e-01,3.525064200919311719e-01,3.873550852665527677e-01,-1.730797235280957247e-01,5.314380505874004568e-01,-1.052704607041373697e-01,5.365710224379572485e-02,-3.823364673517139489e-01,4.863329406777222585e-01,3.661784085045943771e-01,3.104215340695398728e-01,4.174775514139483779e-01,-4.211011532666220636e-01,1.000000000000000000e+00,4.153283124679429950e-01,1.707715853335764478e-01,8.393543323475904927e-02,4.679649122565809338e-01,2.844943895624290064e-01,3.383813861193927797e-01,4.175154193455916651e-01,4.888502016554929219e-01,-9.306149185763576415e-02,8.295269204365039728e-02,4.557251657980175841e-01,4.093913681111794323e-01,4.035146490724466628e-01,5.327231682422203241e-01,3.239692048376863753e-01,3.727041777227542152e-01,5.282906595141632078e-01,4.962408958815297394e-02,5.142766063080952410e-01,5.137097789313626039e-01,2.474934130643920149e-01,4.530119082230085747e-01,1.910557409172571608e-01,4.419968969296265704e-01,3.057229984407919265e-01
7.221590690423281833e-01,2.146244912955332651e-01,2.965099762517242055e-01,-5.685665392512837535e-01,4.450971320705234824e-01,-5.075625359443015627e-01,6.694420525397312000e-03,-3.622638564620751511e-01,5.900275599068730559e-01,2.648117198067504452e-01,3.122915367609895854e-01,3.045095369925414630e-01,-4.398919997969951701e-01,4.153283124679429950e-01,1.000000000000000000e+00,7.325590171556940755e-02,3.025816675069878392e-01,6.283750327502206634e-01,1.658344030387699231e-01,3.669504587529792139e-01,4.202562825593237905e-01,2.313201942533335553e-01,-5.372376959349748349e-01,-4.577532318754352070e-01,3.922930614537838839e-02,7.872746535635681830e-01,2.938775409542691563e-01,7.241041481169955274e-01,4.981574009779277667e-01,4.886387030287867028e-01,3.437573256539517841e-01,-4.822575643556536451e-01,1.339261695154677356e-01,5.365490598744003803e-01,9.806682235476620046e-02,3.480273265207906030e-01,-9.580040713176907197e-02,7.642562817364354499e-01,3.210318699218128180e-01
2.163273636543553702e-01,1.973720569035210537e-01,4.507934236541434325e-01,2.721968828480830216e-01,4.382990488078257751e-01,-2.267534324168342386e-01,7.523545373298418104e-02,-3.183852053160008411e-01,3.422585594697900579e-01,5.666490176003560197e-01,1.796903812470747874e-01,2.442709948964741917e-01,-3.049681148091974436e-01,1.707715853335764478e-01,7.325590171556940755e-02,1.000000000000000000e+00,-1.439082242002458489e-01,3.236967652016409236e-01,3.906697829662276189e-01,2.673610298030625332e-01,3.964995390376178097e-01,4.220865218412566122e-01,6.220704609686906333e-02,1.556332716708548961e-02,5.074263017797000508e-01,2.250941432111863982e-01,1.838920012149615826e-02,3.623665025624854263e-01,1.364366100662332548e-01,5.169494165752072101e-01,4.186974491630041095e-01,-1.847487664295010545e-01,2.906999990097198228e-01,3.280137045429457054e-01,9.702984046805725182e-02,3.649883965600599078e-02,-2.367096463070995915e-02,3.138842203167114819e-01,9.934283366667905069e-02
3.826262984694688285e-01,-2.332649965039088405e-02,3.022431887139506723e-01,-2.498704739341856551e-01,1.436360605589231398e-01,-3.436857405224454931e-01,-2.428864551552570306e-01,-5.695891250077754764e-01,1.485929502955877224e-01,6.745354948802771700e-02,-5.185657311299524119e-02,-1.071633067371709769e-01,-6.477979912570474945e-03,8.393543323475904927e-02,3.025816675069878392e-01,-1.439082242002458489e-01,1.000000000000000000e+00,1.416539628473113543e-01,4.991918700265994269e-01,6.248370987535445398e-02,4.808318006982041370e-01,1.110039992235220957e-01,2.656759485985275004e-01,4.734605386619422651e-02,-2.755177083917070835e-01,6.484471751091207270e-02,4.373129762867526693e-02,1.469575569589578745e-01,-3.621179901259150014e-01,2.517201230028560666e-01,1.327605583092306661e-02,1.241525860863750691e-01,-2.359412539184006785e-01,5.073833771883782262e-01,-6.702992862655962059e-01,4.393635060806629355e-01,-6.466271536419216925e-01,4.094754804899914391e-01,-2.193921027545701063e-01
5.553767480694929981e-01,3.618390322978612406e-01,3.893996971199853996e-01,-1.337565325821564455e-01,5.361735889496875851e-01,-3.092546668996469239e-01,7.100842783682305426e-02,-3.466675352898807017e-01,6.736532674837100165e-01,5.003947561732446925e-01,2.882989182827060959e-01,6.331061795481186527e-01,-5.514233138620951991e-01,4.679649122565809338e-01,6.283750327502206634e-01,3.236967652016409236e-01,1.416539628473113543e-01,1.000000000000000000e+00,2.277278243104894628e-01,3.867632678089802933e-01,3.985909367742670462e-01,4.522089754409898688e-01,-3.509023850734373506e-01,-3.186423196298188154e-01,3.645604977197097196e-01,6.460784281534219797e-01,5.138992777315121163e-01,6.306590443378183863e-01,4.056899968810459556e-01,5.169394319788425118e-01,6.026256103221007132e-01,-2.443918856931542871e-01,3.387178152444269008e-01,5.767166927621790729e-01,1.806882663829111613e-01,3.581784621587423834e-01,3.914838886145812630e-02,6.131976599221267143e-01,5.046673553450725658e-01
2.818301704190407930e-01,-1.554134711836183472e-02,6.621731189120246830e-01,4.226580514678252021e-03,5.593579208053233165e-01,-4.315266363257144744e-01,-6.276157984575503335e-02,-7.830335494435807231e-01,2.762613857062892198e-01,4.960642076882538776e-01,5.315651683613375339e-02,-4.735214896545171526e-02,-2.334651227083718861e-01,2.844943895624290064e-01,1.658344030387699231e-01,3.906697829662276189e-01,4.991918700265994269e-01,2.277278243104894628e-01,1.000000000000000000e+00,1.930957041135372976e-01,7.251328318270511275e-01,4.272535168924749827e-01,3.699399343600439094e-01,1.406870035680062858e-01,1.108607762176610223e-01,8.593770028274312633e-02,-3.029502749894933886e-02,2.953459333968467271e-01,-2.980289963974964151e-01,4.444442963165524674e-01,3.062844646982122443e-01,1.476217774008716233e-01,2.402592809691465880e-02,7.081118727047572836e-01,-4.470274412179088275e-01,2.551921483590626205e-01,-5.238483616541137478e-01,4.532209885825418949e-01,-2.684504404793200405e-01
4.211830618213466271e-01,4.571607320293455956e-01,4.913989705318224099e-01,2.362567316337713108e-01,5.424685113442353490e-01,-1.119744221889070052e-01,5.189318635110623523e-01,-3.146572449972829255e-01,4.958833671051061098e-01,4.930406286516086367e-01,5.704781849887203826e-01,3.655401429220523912e-01,-3.942912496893383745e-01,3.383813861193927797e-01,3.669504587529792139e-01,2.673610298030625332e-01,6.248370987535445398e-02,3.867632678089802933e-01,1.930957041135372976e-01,1.000000000000000000e+00,3.680196960781158544e-01,4.023432549009695047e-01,-3.430981960415732668e-01,4.195154135278702373e-02,3.794683802490275149e-01,3.805744320525739632e-01,3.763062220603170527e-01,4.873706364693412008e-01,3.806800066265026983e-01,3.440659561961675328e-01,6.050288262339383882e-01,1.593671202227593675e-02,3.248561688449705387e-01,3.449499233228615069e-01,2.432841398613190265e-01,3.288488770770317537e-01,1.779123340936507314e-01,3.509222310954414614e-01,4.504170993008707047e-01
5.299814428710307723e-01,2.501185023356667370e-01,8.021684490155500669e-01,-9.333631620846992438e-02,6.602030467101223099e-01,-3.216681108144504031e-01,8.201725109030799654e-02,-8.004913377233416893e-01,4.968935845911158777e-01,5.555536063295809512e-01,3.169585290448935777e-01,1.179031913890769834e-01,-4.545089391110571642e-01,4.175154193455916651e-01,4.202562825593237905e-01,3.964995390376178097e-01,4.808318006982041370e-01,3.985909367742670462e-01,7.251328318270511275e-01,3.680196960781158544e-01,1.000000000000000000e+00,6.195857908110931067e-01,6.617948920002007795e-02,7.956666713277463221e-02,2.179607348484327578e-01,4.143537987596027095e-01,2.717961330776403894e-01,5.822326633509292693e-01,5.069334265841379805e-02,6.201750348322204731e-01,5.514382011657250615e-01,8.668914567980137709e-02,2.524892688636213300e-01,7.264035433970434941e-01,-2.018708784098996456e-01,3.585663047381213442e-01,-2.964232935063219609e-01,6.408252054524536945e-01,8.123379236874152254e-03
3.521656981745555082e-01,5.168221595447906047e-01,6.962322049626140652e-01,1.441860567861270315e-01,6.056185897664354556e-01,-6.620146782835939492e-02,2.279172525337443411e-01,-5.108116078765212453e-01,5.259594580194331126e-01,6.237189706393773125e-01,4.912789937556332753e-01,4.937764315394613801e-01,-3.721186182810503618e-01,4.888502016554929219e-01,2.313201942533335553e-01,4.220865218412566122e-01,1.110039992235220957e-01,4.522089754409898688e-01,4.272535168924749827e-01,4.023432549009695047e-01,6.195857908110931067e-01,1.000000000000000000e+00,-1.091666115325036768e-01,1.122391774820256927e-02,4.885836537438588145e-01,3.858353310414450177e-01,5.700002498184191246e-01,5.648882606402630957e-01,2.455538488470360159e-01,5.065833858241420851e-01,7.242833939539511379e-01,2.476464149111400337e-01,6.881594737687030117e-01,6.155565063526836633e-01,1.686026378581741980e-01,3.867250337692116902e-01,1.150602982475997793e-01,4.155862988562678551e-01,3.423825919606779955e-01
-3.985401540372726648e-01,-3.218004953163834392e-01,7.466566861956559949e-03,2.062214474435772327e-01,-1.737178130409822441e-01,1.497324895441140280e-01,-3.614935342325120149e-01,-2.286008981660599126e-01,-4.082430187861136317e-01,-1.449695423429958052e-01,-4.305437812764885686e-01,-3.625509997808992191e-01,3.492543104157956324e-01,-9.306149185763576415e-02,-5.372376959349748349e-01,6.220704609686906333e-02,2.656759485985275004e-01,-3.509023850734373506e-01,3.699399343600439094e-01,-3.430981960415732668e-01,6.617948920002007795e-02,-1.091666115325036768e-01,1.000000000000000000e+00,4.906324513711058932e-01,-7.257003539862082186e-02,-6.496452011934814585e-01,-3.725894463719013894e-01,-4.955834551162183188e-01,-7.644891103201648663e-01,-1.726303281265502976e-01,-2.859688177671944054e-01,4.479098864687114934e-01,-2.681211044868309634e-01,2.478396497537689244e-02,-5.592639965469380359e-01,2.296162698315106984e-02,-4.154098622032382782e-01,-2.401367998866681674e-01,-5.337700951619268608e-01
-3.045343672536895974e-01,-8.331945561888652249e-03,7.959294306289024790e-02,3.584622127982292628e-01,-3.746433048201554261e-02,4.405274833834574855e-01,1.195107050302075952e-01,-1.436731347829067577e-02,-2.091606666172703966e-01,4.028818615044030965e-02,1.339537469369015202e-02,-2.685119603620734208e-01,1.116959274147859144e-01,8.295269204365039728e-02,-4.577532318754352070e-01,1.556332716708548961e-02,4.734605386619422651e-02,-3.186423196298188154e-01,1.406870035680062858e-01,4.195154135278702373e-02,7.956666713277463221e-02,1.122391774820256927e-02,4.906324513711058932e-01,1.000000000000000000e+00,1.387716581100373603e-01,-4.367394824435794631e-01,-1.292230139455203264e-01,-2.860673289650650930e-01,-2.626663869366742121e-01,-1.581864989521859222e-01,2.336842485187112795e-02,4.358830041195940197e-01,6.011111827272637431e-02,-1.764507853908941770e-01,-3.831620553917809008e-02,-7.183380153552922608e-03,1.109586518374590103e-01,-3.165117552518652011e-01,-1.666905686692623789e-01
1.421646136503271485e-01,4.367666421797328780e-01,3.764580613218723171e-01,3.251479164113967868e-01,4.694755314618774267e-01,1.951359307355012840e-01,2.450329717552576780e-01,-1.461352283851645173e-01,4.166982138793867696e-01,5.377306572260638351e-01,3.484102489913266654e-01,5.219518043002648877e-01,-3.478360451652606766e-01,4.557251657980175841e-01,3.922930614537838839e-02,5.074263017797000508e-01,-2.755177083917070835e-01,3.645604977197097196e-01,1.108607762176610223e-01,3.794683802490275149e-01,2.179607348484327578e-01,4.885836537438588145e-01,-7.257003539862082186e-02,1.387716581100373603e-01,1.000000000000000000e+00,2.731776828862205186e-01,4.479490026723817464e-01,3.833588300741843646e-01,3.516565935458799141e-01,3.068429185718266616e-01,5.652390642080906691e-01,9.134145458585851696e-02,6.361408925920353230e-01,1.924141749744190666e-01,4.856057884994779972e-01,2.104169051840344140e-01,4.618915233997491487e-01,1.386022480510989974e-01,4.125225172097045645e-01
6.965496920899619804e-01,3.515058784169617923e-01,3.727898914263740315e-01,-3.882211762865523941e-01,5.184181903228649579e-01,-3.335781339645761401e-01,1.099326428679786721e-01,-2.662509125993087200e-01,6.872375962975083574e-01,4.313908823944034854e-01,4.405800997838088540e-01,4.121773231029449702e-01,-5.204582931169211557e-01,4.093913681111794323e-01,7.872746535635681830e-01,2.250941432111863982e-01,6.484471751091207270e-02,6.460784281534219797e-01,8.593770028274312633e-02,3.805744320525739632e-01,4.143537987596027095e-01,3.858353310414450177e-01,-6.496452011934814585e-01,-4.367394824435794631e-01,2.731776828862205186e-01,1.000000000000000000e+00,4.724414818131921767e-01,8.276858638651014566e-01,7.003739934075206008e-01,5.397208564132054409e-01,4.730609754795612742e-01,-4.667299726897725654e-01,3.882191815073853247e-01,4.249234997866651597e-01,3.525658573927497041e-01,2.516142330840591690e-01,1.698557113548656017e-01,7.110335589045305715e-01,4.667649266053233159e-01
3.823748450910782193e-01,6.293812443996436023e-01,3.524618720895633661e-01,8.050136733995423566e-02,4.060128913408208029e-01,1.523319353159335032e-01,2.828187032273081214e-01,-1.516010706498433502e-01,5.949811541578030605e-01,4.580448800394105735e-01,4.093449367821456186e-01,7.084490052375018720e-01,-4.405976074823645949e-01,4.035146490724466628e-01,2.938775409542691563e-01,1.838920012149615826e-02,4.373129762867526693e-02,5.138992777315121163e-01,-3.029502749894933886e-02,3.763062220603170527e-01,2.717961330776403894e-01,5.700002498184191246e-01,-3.725894463719013894e-01,-1.292230139455203264e-01,4.479490026723817464e-01,4.724414818131921767e-01,1.000000000000000000e+00,4.791651245961524030e-01,4.229855012545298831e-01,2.597092600407922003e-01,6.601138329218100287e-01,1.586559261033579638e-01,5.882248603078999993e-01,3.240335597751822228e-01,3.517991311363435347e-01,3.809045662559114032e-01,3.876344013950054346e-01,2.947536058080723054e-01,6.955440589568100407e-01
7.021221274231154164e-01,4.174001305044107712e-01,5.446806468018332570e-01,-2.915289438472004613e-01,6.547239852474852073e-01,-3.551957189462190967e-01,1.487384367854653333e-01,-4.381193575744606328e-01,7.166720792585309363e-01,5.620924371585730439e-01,5.092233628081153096e-01,4.526983849390691650e-01,-5.342949339339223558e-01,5.327231682422203241e-01,7.241041481169955274e-01,3.623665025624854263e-01,1.469575569589578745e-01,6.306590443378183863e-01,2.953459333968467271e-01,4.873706364693412008e-01,5.822326633509292693e-01,5.648882606402630957e-01,-4.955834551162183188e-01,-2.860673289650650930e-01,3.833588300741843646e-01,8.276858638651014566e-01,4.791651245961524030e-01,1.000000000000000000e+00,6.112630798437692636e-01,5.892692160836611182e-01,5.876501794798413281e-01,-3.349139863156198604e-01,5.054968699906009499e-01,5.882639348734622908e-01,2.751480244596162805e-01,3.416871262891025829e-01,1.145747671808585721e-01,7.073835520412443678e-01,4.116490649208554009e-01
4.512889409019090192e-01,4.567845535404421731e-01,1.409076856345940210e-01,-1.100089303506507216e-01,3.704059759193770729e-01,6.692246583834435270e-02,4.316388810504902529e-01,1.544672320118217201e-01,5.511601839010542569e-01,3.035374569261957700e-01,5.683685384232498583e-01,3.678325508432384039e-01,-4.704547737413879993e-01,3.239692048376863753e-01,4.981574009779277667e-01,1.364366100662332548e-01,-3.621179901259150014e-01,4.056899968810459556e-01,-2.980289963974964151e-01,3.806800066265026983e-01,5.069334265841379805e-02,2.455538488470360159e-01,-7.644891103201648663e-01,-2.626663869366742121e-01,3.516565935458799141e-01,7.003739934075206008e-01,4.229855012545298831e-01,6.112630798437692636e-01,1.000000000000000000e+00,3.280220732361898150e-01,4.278792048890404098e-01,-3.540945895914178188e-01,5.073823493700515552e-01,-4.278417614226642275e-03,7.317247871650295332e-01,2.424075447359681345e-03,6.277254044061627569e-01,3.375974939973759303e-01,6.295307914308325703e-01
6.424722851563511306e-01,3.427711676046082401e-01,6.336676214971582732e-01,-1.051287233929673777e-02,6.357110226125796126e-01,-2.942696739458868782e-01,2.197464144868529479e-01,-5.458795614531987139e-01,6.906678640219107157e-01,5.135263367859205230e-01,3.884193821001697411e-01,1.921548048260247332e-01,-5.201108490994273970e-01,3.727041777227542152e-01,4.886387030287867028e-01,5.169494165752072101e-01,2.517201230028560666e-01,5.169394319788425118e-01,4.444442963165524674e-01,3.440659561961675328e-01,6.201750348322204731e-01,5.065833858241420851e-01,-1.726303281265502976e-01,-1.581864989521859222e-01,3.068429185718266616e-01,5.397208564132054409e-01,2.597092600407922003e-01,5.892692160836611182e-01,3.280220732361898150e-01,1.000000000000000000e+00,5.105213906874358498e-01,-8.944665215475999798e-02,2.291512803374029239e-01,5.582967515103006706e-01,3.253466230871585041e-02,3.679602343886281268e-01,-1.064183695328664719e-01,6.849215192916392470e-01,2.414897409546460649e-01
4.568418328414299290e-01,6.158367482675491944e-01,6.419658729651349649e-01,2.705763714765317407e-01,6.672249289218346036e-01,-1.893090069658197663e-02,4.805862019350499170e-01,-4.084995266406947212e-01,6.379847093974101435e-01,6.982236103006329575e-01,5.269287514684404261e-01,5.832382323028850735e-01,-6.865248254150292384e-01,5.282906595141632078e-01,3.437573256539517841e-01,4.186974491630041095e-01,1.327605583092306661e-02,6.026256103221007132e-01,3.062844646982122443e-01,6.050288262339383882e-01,5.514382011657250615e-01,7.242833939539511379e-01,-2.859688177671944054e-01,2.336842485187112795e-02,5.652390642080906691e-01,4.730609754795612742e-01,6.601138329218100287e-01,5.876501794798413281e-01,4.278792048890404098e-01,5.105213906874358498e-01,1.000000000000000000e+00,8.926701251520338665e-02,5.933027262366863397e-01,5.188936825268705144e-01,3.341365026952295425e-01,3.047575585601066672e-01,2.539542869518244261e-01,4.351483730265325311e-01,5.768546647946944939e-01
-2.655246865916829346e-01,1.734150132959199619e-01,2.519765154416614417e-01,4.438498950682767674e-01,8.645285163392375793e-02,4.811539806873955660e-01,1.740820660372325301e-01,-1.909205571080842823e-01,-1.431549364576878425e-01,3.886495573642386597e-02,2.059883084841772627e-01,-5.983026059512985828e-02,1.685572448847678928e-01,4.962408958815297394e-02,-4.822575643556536451e-01,-1.847487664295010545e-01,1.241525860863750691e-01,-2.443918856931542871e-01,1.476217774008716233e-01,1.593671202227593675e-02,8.668914567980137709e-02,2.476464149111400337e-01,4.479098864687114934e-01,4.358830041195940197e-01,9.134145458585851696e-02,-4.667299726897725654e-01,1.586559261033579638e-01,-3.349139863156198604e-01,-3.540945895914178188e-01,-8.944665215475999798e-02,8.926701251520338665e-02,1.000000000000000000e+00,2.029314205983280828e-01,2.103764312287592642e-02,-1.351769918020622185e-01,1.483959947699502735e-01,3.966055227905135316e-02,-2.964350316688907361e-01,-6.111195755892585152e-02
2.057815922810276033e-01,5.378440366611851875e-01,4.056089508546414923e-01,1.565542999979677996e-01,4.717178721531202212e-01,2.181130449422881701e-01,2.891820727576634997e-01,-1.269287082038983994e-01,4.226409440322448363e-01,4.981228855882747220e-01,5.802459723319297602e-01,5.516122464406552073e-01,-2.558897282891939851e-01,5.142766063080952410e-01,1.339261695154677356e-01,2.906999990097198228e-01,-2.359412539184006785e-01,3.387178152444269008e-01,2.402592809691465880e-02,3.248561688449705387e-01,2.524892688636213300e-01,6.881594737687030117e-01,-2.681211044868309634e-01,6.011111827272637431e-02,6.361408925920353230e-01,3.882191815073853247e-01,5.882248603078999993e-01,5.054968699906009499e-01,5.073823493700515552e-01,2.291512803374029239e-01,5.933027262366863397e-01,2.029314205983280828e-01,1.000000000000000000e+00,2.793101146094934539e-01,5.426566133605538189e-01,2.571110608549412868e-01,5.353897824886348911e-01,1.773748069497777524e-01,5.081898888222374788e-01
5.659218137501044188e-01,2.647142723204466419e-01,6.693487361887808795e-01,-2.175950014202341909e-01,6.551744698638677367e-01,-5.427270803149619738e-01,-4.820867041853552082e-02,-7.753910565378757669e-01,5.467873318577143316e-01,5.438484774212193340e-01,2.354041731444288521e-01,3.736694377208367168e-01,-3.638525984429025195e-01,5.137097789313626039e-01,5.365490598744003803e-01,3.280137045429457054e-01,5.073833771883782262e-01,5.767166927621790729e-01,7.081118727047572836e-01,3.449499233228615069e-01,7.264035433970434941e-01,6.155565063526836633e-01,2.478396497537689244e-02,-1.764507853908941770e-01,1.924141749744190666e-01,4.249234997866651597e-01,3.240335597751822228e-01,5.882639348734622908e-01,-4.278417614226642275e-03,5.582967515103006706e-01,5.188936825268705144e-01,2.103764312287592642e-02,2.793101146094934539e-01,1.000000000000000000e+00,-2.726575754694766096e-01,5.277455819474398124e-01,-3.899697166055379194e-01,6.900827903216620873e-01,1.221598376076927783e-01
3.507305351078977146e-02,3.596581898719203862e-01,-4.208058668623955445e-02,1.346557135534751926e-01,1.656073966865552749e-01,3.751176868376813744e-01,4.246894627176595050e-01,3.963982892012095638e-01,2.665006646414800340e-01,1.742680070235601286e-01,4.283542959911331716e-01,3.536945137033072895e-01,-2.990501323520226018e-01,2.474934130643920149e-01,9.806682235476620046e-02,9.702984046805725182e-02,-6.702992862655962059e-01,1.806882663829111613e-01,-4.470274412179088275e-01,2.432841398613190265e-01,-2.018708784098996456e-01,1.686026378581741980e-01,-5.592639965469380359e-01,-3.831620553917809008e-02,4.856057884994779972e-01,3.525658573927497041e-01,3.517991311363435347e-01,2.751480244596162805e-01,7.317247871650295332e-01,3.253466230871585041e-02,3.341365026952295425e-01,-1.351769918020622185e-01,5.426566133605538189e-01,-2.726575754694766096e-01,1.000000000000000000e+00,-1.497010588684334897e-01,8.378012605986149275e-01,-8.073403391006318819e-02,5.296211234880882079e-01
4.239303951033019935e-01,3.251201276552068142e-01,3.663811715394008073e-01,-1.147165333861927816e-01,3.251612274352292387e-01,-2.300957213652420341e-01,-1.352098105172290076e-03,-4.375707279994175414e-01,4.169286023999398405e-01,2.470615972489519918e-01,2.193313871226708900e-01,3.666702355176562067e-01,-1.117940883660566292e-01,4.530119082230085747e-01,3.480273265207906030e-01,3.649883965600599078e-02,4.393635060806629355e-01,3.581784621587423834e-01,2.551921483590626205e-01,3.288488770770317537e-01,3.585663047381213442e-01,3.867250337692116902e-01,2.296162698315106984e-02,-7.183380153552922608e-03,2.104169051840344140e-01,2.516142330840591690e-01,3.809045662559114032e-01,3.416871262891025829e-01,2.424075447359681345e-03,3.679602343886281268e-01,3.047575585601066672e-01,1.483959947699502735e-01,2.571110608549412868e-01,5.277455819474398124e-01,-1.497010588684334897e-01,1.000000000000000000e+00,-1.499316176062620021e-01,4.166789953771199984e-01,2.482483526458849621e-01
-9.299949557551215329e-02,3.922629887382200198e-01,-1.408261514506564671e-01,2.125967372012226020e-01,5.136148231098847800e-02,5.227712323124789062e-01,4.130667183360646200e-01,4.844694193415482464e-01,1.820661683298355205e-01,6.887805897625827456e-02,3.400997736866370191e-01,3.146620204795949061e-01,-1.971758545006076779e-01,1.910557409172571608e-01,-9.580040713176907197e-02,-2.367096463070995915e-02,-6.466271536419216925e-01,3.914838886145812630e-02,-5.238483616541137478e-01,1.779123340936507314e-01,-2.964232935063219609e-01,1.150602982475997793e-01,-4.154098622032382782e-01,1.109586518374590103e-01,4.618915233997491487e-01,1.698557113548656017e-01,3.876344013950054346e-01,1.145747671808585721e-01,6.277254044061627569e-01,-1.064183695328664719e-01,2.539542869518244261e-01,3.966055227905135316e-02,5.353897824886348911e-01,-3.899697166055379194e-01,8.378012605986149275e-01,-1.499316176062620021e-01,1.000000000000000000e+00,-2.300915251144110829e-01,5.243073637902239126e-01
7.606435674874584274e-01,2.912399801750801820e-01,5.613445107164756198e-01,-3.780708302673410626e-01,6.225170861791528010e-01,-4.878763854606157357e-01,-1.780089910266743382e-03,-6.204618174810787590e-01,6.606779949369238070e-01,4.662119846910471321e-01,2.928734509391213159e-01,2.397426875482259190e-01,-4.683663915277041512e-01,4.419968969296265704e-01,7.642562817364354499e-01,3.138842203167114819e-01,4.094754804899914391e-01,6.131976599221267143e-01,4.532209885825418949e-01,3.509222310954414614e-01,6.408252054524536945e-01,4.155862988562678551e-01,-2.401367998866681674e-01,-3.165117552518652011e-01,1.386022480510989974e-01,7.110335589045305715e-01,2.947536058080723054e-01,7.073835520412443678e-01,3.375974939973759303e-01,6.849215192916392470e-01,4.351483730265325311e-01,-2.964350316688907361e-01,1.773748069497777524e-01,6.900827903216620873e-01,-8.073403391006318819e-02,4.166789953771199984e-01,-2.300915251144110829e-01,1.000000000000000000e+00,2.706072946504349264e-01
3.759763867562115336e-01,6.210293629723878661e-01,1.858485912716636435e-01,1.226366310584419833e-01,3.528127897359942255e-01,1.747052796463304247e-01,4.656284656578525416e-01,9.424855005219656690e-02,5.790314916136762857e-01,4.405195443660170351e-01,4.889469812348081756e-01,6.317687120134363177e-01,-4.350950173336679550e-01,3.057229984407919265e-01,3.210318699218128180e-01,9.934283366667905069e-02,-2.193921027545701063e-01,5.046673553450725658e-01,-2.684504404793200405e-01,4.504170993008707047e-01,8.123379236874152254e-03,3.423825919606779955e-01,-5.337700951619268608e-01,-1.666905686692623789e-01,4.125225172097045645e-01,4.667649266053233159e-01,6.955440589568100407e-01,4.116490649208554009e-01,6.295307914308325703e-01,2.414897409546460649e-01,5.768546647946944939e-01,-6.111195755892585152e-02,5.081898888222374788e-01,1.221598376076927783e-01,5.296211234880882079e-01,2.482483526458849621e-01,5.243073637902239126e-01,2.706072946504349264e-01,1.000000000000000000e+00
