1.000000000000000000e+00,6.035378713718546617e-01,6.318289674149187851e-01,-2.082059780844844332e-01,8.046750173973435949e-01,-2.569677942257257985e-01,2.862893328300956663e-01,-5.984525885780273002e-01,7.783902713771974069e-01,6.674365865343936388e-01,-1.669954983499516432e-01,6.356199316298642987e-01,6.029412075206325161e-01,7.143780318166448318e-01,4.392352079894387695e-01,6.277873767967007135e-01,1.359649383840612347e-01,6.460145470925684474e-01,3.958987543188186575e-01,5.857738316704782511e-01,6.233210459421091310e-01,5.954178835458420194e-01,7.197419643144465917e-01,6.150506631852261652e-01,8.030551634864967481e-01,8.218994033876549921e-01,5.025491364883902801e-01,7.580322459036186178e-01,7.210633918274838017e-01,5.210572541932553259e-01,7.099341599628547494e-02,3.988083610189879225e-01,5.460514695592489920e-01,3.194458153110070198e-01,6.846434291032620356e-01,1.868192346770084500e-01,5.015425062117440103e-01,8.604501832367709158e-01,6.402153196143789415e-01
6.035378713718546617e-01,1.000000000000000000e+00,4.343237196213585172e-01,2.461294800370441085e-02,5.268105375024764170e-01,4.456854324862528222e-02,2.478687297125084787e-01,-4.095561148490849401e-01,4.965970350697143099e-01,5.796626428008805343e-01,-1.052897042409807610e-01,6.550834893037470463e-01,3.367196777448692724e-01,4.360982453658321378e-01,5.448566122957993613e-02,4.475279272594110402e-01,1.537653707087013599e-01,5.681969565041157244e-01,2.414854845090987634e-01,4.755857139329716099e-01,3.553839676318381047e-01,4.707653308146660387e-01,6.562781194178808342e-01,5.631967030997673263e-01,6.366664317449218791e-01,5.900992172480805653e-01,6.313765235597952330e-01,4.364226866125020532e-01,6.213751418864037479e-01,5.049264289408542661e-01,3.346016994928338040e-01,5.264961607000435695e-01,2.798155284310913649e-01,5.053985112895070103e-02,5.684312018050441395e-01,1.958115353228836453e-01,5.308302343240390853e-01,5.127560102351401694e-01,7.305551088428013928e-01
6.318289674149187851e-01,4.343237196213585172e-01,1.000000000000000000e+00,7.345717055366467185e-02,5.860109004754988637e-01,-1.400138905318060456e-01,3.474421632944681426e-01,-9.359043241102097399e-01,2.796045004436223391e-01,6.799027566292851210e-01,-4.366971042832983874e-01,5.349447067813228873e-01,3.233293687947636497e-01,3.300752984091455122e-01,4.001485695024428191e-01,6.769386549123448393e-01,-3.806477723055182085e-03,5.653517487493462390e-01,4.293694328298486851e-01,4.484905779539870574e-01,8.415036740940319282e-01,3.825405758830594527e-01,6.382841161349134262e-01,4.618327979440037256e-01,6.634118403539727149e-01,7.407118385155824214e-01,7.277307507209599402e-01,6.196608236662289881e-01,5.897821904903407519e-01,5.529885020121410033e-01,6.128338383262744715e-01,2.870186928751103372e-01,7.559889412452603930e-01,-1.401952499079427150e-01,6.111620669492909830e-01,2.540673505358855278e-01,3.587918532764448054e-01,4.703398889832814955e-01,6.689365989875392104e-01
-2.082059780844844332e-01,2.461294800370441085e-02,7.345717055366467185e-02,1.000000000000000000e+00,-2.588864920992448582e-01,-9.700725927815098681e-02,6.601943164055096291e-02,-1.050997358968364104e-01,-2.541855899089094928e-01,-9.057226969510014103e-02,-3.575321890854983864e-01,1.884103915711344071e-02,2.289440446240995630e-01,-3.709613326568944047e-01,-2.637260410878816130e-01,-8.092278533270283458e-03,-1.302230051956167478e-01,2.005833954575181599e-01,3.269805789444023003e-01,1.684321722063392146e-01,-1.504756175932742968e-01,8.023786930902189474e-02,1.105830469153225998e-01,-1.843270776625008378e-01,6.794647905342135474e-02,-8.096847155635908400e-02,4.352855381700987403e-02,-4.523071867580094052e-01,4.484856939982866109e-02,-3.518899445025521627e-02,1.550100652153663938e-01,-2.755381289923371502e-01,-2.380124251161185311e-01,-6.187159549271062930e-01,-8.249952768396801028e-02,-1.461530727879141178e-01,-2.600634428646920182e-01,-1.871046912444657428e-01,2.911866151895329269e-01
8.046750173973435949e-01,5.268105375024764170e-01,5.860109004754988637e-01,-2.588864920992448582e-01,1.000000000000000000e+00,-1.524542047083688179e-01,2.913505897206488116e-01,-5.590082516921971445e-01,7.586969521051866172e-01,5.881740319146975260e-01,-5.861290256163347728e-02,5.273042905975661165e-01,4.434480674634683206e-01,7.937950322738444031e-01,3.344996377066244420e-01,6.154368553941826914e-01,1.511364428222946310e-01,5.432624831216953387e-01,1.984364716711152499e-01,4.348453011461926310e-01,5.804439768724877213e-01,5.014765622842872750e-01,6.001874703704095371e-01,5.732172532312816982e-01,6.664369836855243978e-01,7.261823370010352940e-01,4.587369642141245207e-01,7.385318358436899766e-01,5.710276635727795647e-01,5.065416659139264643e-01,6.875924990396162229e-02,3.941406948150534828e-01,5.438946669815648560e-01,5.060327745609278782e-01,5.965103543161047739e-01,2.098013547564656911e-01,4.599224275829522646e-01,7.429832498177580957e-01,5.125274826615781043e-01
-2.569677942257257985e-01,4.456854324862528222e-02,-1.400138905318060456e-01,-9.700725927815098681e-02,-1.524542047083688179e-01,1.000000000000000000e+00,-1.190491697179947295e-01,1.270607589466900555e-01,-3.004227833654021240e-01,1.851160140317799352e-01,6.342149823196748804e-01,-2.716772132446523269e-01,-4.433590421649980517e-01,8.688129970760571918e-04,-4.415621677558880798e-01,2.289280481172102991e-02,6.818759044773118339e-01,-1.989590165596515636e-01,-3.380270690567374059e-01,-3.328308147818405116e-01,-1.289482006107987577e-01,-2.620351414062944140e-01,7.622787592329004214e-02,2.164469966138450330e-01,-5.639189777704826240e-02,-1.820087300770119876e-01,1.262382256958528848e-01,1.775122138683612322e-02,7.447311928310916540e-02,5.737940233826163000e-02,1.956698783431297661e-01,4.750647151753376596e-01,4.614630807708772209e-02,6.411588578346424927e-02,1.264806632071381609e-01,1.155641554072720789e-01,3.888289463467847207e-01,-3.786515534734610777e-01,-2.242378568567407748e-01
2.862893328300956663e-01,2.478687297125084787e-01,3.474421632944681426e-01,6.601943164055096291e-02,2.913505897206488116e-01,-1.190491697179947295e-01,1.000000000000000000e+00,-3.362378975876912923e-01,1.051078986371097174e-01,3.324962414048870940e-01,-1.771796224195362757e-01,1.203208482344369085e-01,1.200932160719248992e-01,1.261276489059630079e-01,1.147420697832314956e-01,3.863980154182968252e-01,-2.353890455647568436e-02,2.938420658027255938e-01,2.670329614545317587e-01,2.049105111301583737e-01,3.200399994409152127e-01,9.331733598101553395e-02,2.325224656396437384e-01,7.670292136762434099e-02,3.100131720884466979e-01,3.581203791758590382e-01,3.642675423343813002e-01,2.993611868887491867e-01,3.036068238694293320e-01,2.432191830715075553e-01,2.488997979878178057e-01,1.264833306828934412e-01,2.107410977421585729e-01,-5.844987888833916290e-02,2.793672237340638631e-01,2.589115603670054666e-01,1.319335313167160628e-01,2.409136867461241227e-01,3.214899854624378994e-01
-5.984525885780273002e-01,-4.095561148490849401e-01,-9.359043241102097399e-01,-1.050997358968364104e-01,-5.590082516921971445e-01,1.270607589466900555e-01,-3.362378975876912923e-01,1.000000000000000000e+00,-2.376556563937678723e-01,-6.659475955505230749e-01,4.212963835051963257e-01,-5.028530874905412507e-01,-3.011313746976950201e-01,-3.123371950234040684e-01,-3.758919625463020830e-01,-6.763607640385340680e-01,-5.773365098554597563e-03,-5.342896085078867596e-01,-4.037133817670752745e-01,-4.162687808513280130e-01,-8.142027397343692963e-01,-3.526228798154771860e-01,-6.242868999026920385e-01,-4.529658023843703418e-01,-6.387669485049846108e-01,-7.099198434869434804e-01,-7.126923055223601811e-01,-5.855888881551867264e-01,-5.690963956464775153e-01,-5.630186957570817441e-01,-6.211971890170112642e-01,-2.772614759778513349e-01,-7.379106934218032654e-01,1.661547916537274849e-01,-6.046608723911035543e-01,-2.654460525696868967e-01,-3.526042695107152736e-01,-4.172008738318241372e-01,-6.430138401237054380e-01
7.783902713771974069e-01,4.965970350697143099e-01,2.796045004436223391e-01,-2.541855899089094928e-01,7.586969521051866172e-01,-3.004227833654021240e-01,1.051078986371097174e-01,-2.376556563937678723e-01,1.000000000000000000e+00,3.561200659585347372e-01,-3.667207262541841151e-02,5.232774698690765280e-01,5.852854259621178556e-01,7.403273441317431702e-01,2.949759460446174653e-01,3.994165381547821192e-01,1.030320417178371972e-01,5.380213422040057702e-01,2.344009603075523918e-01,5.162354693794366511e-01,2.995182225401064602e-01,5.858497318240425411e-01,5.217062194358389471e-01,5.503960051480917270e-01,6.015685121073882646e-01,5.485316283337282606e-01,1.400320998935371541e-01,5.548261532107812144e-01,4.824752747606347314e-01,3.739400954761182838e-01,-2.944999577981306516e-01,2.190223977951161471e-01,2.587021458104692417e-01,5.700124802336878904e-01,4.412355283035664377e-01,-7.454574798988991557e-03,2.979173602700555534e-01,8.385454380209508285e-01,4.693262083768213744e-01
6.674365865343936388e-01,5.796626428008805343e-01,6.799027566292851210e-01,-9.057226969510014103e-02,5.881740319146975260e-01,1.851160140317799352e-01,3.324962414048870940e-01,-6.659475955505230749e-01,3.561200659585347372e-01,1.000000000000000000e+00,-3.401463716001134480e-02,4.526553532442459948e-01,2.486711360153030514e-01,5.218280426531775040e-01,1.925633761052374104e-01,7.880333714614402574e-01,3.149836960978006917e-01,5.208096019252116404e-01,2.432871517480950652e-01,3.630212765511381945e-01,6.489833802545170727e-01,3.289607118953769560e-01,7.039889950165608701e-01,6.193538297934673142e-01,7.245757201647727852e-01,7.436014238439919710e-01,7.234605022016245002e-01,7.150513588079625560e-01,7.416153346171682204e-01,6.953317856010500231e-01,4.303472947326177911e-01,6.253689861229598801e-01,6.186528465636341734e-01,8.793789344620159265e-02,7.672142558100646381e-01,4.612055441622185947e-01,6.352108066806415598e-01,4.613450270014913257e-01,5.549602966208575516e-01
-1.669954983499516432e-01,-1.052897042409807610e-01,-4.366971042832983874e-01,-3.575321890854983864e-01,-5.861290256163347728e-02,6.342149823196748804e-01,-1.771796224195362757e-01,4.212963835051963257e-01,-3.667207262541841151e-02,-3.401463716001134480e-02,1.000000000000000000e+00,-3.619295919239066128e-01,-3.176181088213534398e-01,2.782849663197329848e-01,-3.318437592888276999e-01,-1.037677131366368383e-01,6.977143217473070758e-01,-3.266266723621469303e-01,-4.648900861480896318e-01,-4.018799739899477919e-01,-3.835119018725234863e-01,-2.616622037913204357e-01,-1.357263554453460308e-01,1.499769851747176364e-01,-1.749653566209500022e-01,-2.767474569852193533e-01,-2.196301086801423497e-01,1.414658469390632544e-03,-6.889995045741886814e-02,-6.757996698744307695e-02,-3.045355189195291801e-01,3.986914325755249733e-01,-1.782095970446123667e-01,4.390557522243702659e-01,4.813250224299607527e-02,9.702966990112377177e-02,3.709804499512587839e-01,-2.372583975864464012e-01,-4.902458538211367789e-01
6.356199316298642987e-01,6.550834893037470463e-01,5.349447067813228873e-01,1.884103915711344071e-02,5.273042905975661165e-01,-2.716772132446523269e-01,1.203208482344369085e-01,-5.028530874905412507e-01,5.232774698690765280e-01,4.526553532442459948e-01,-3.619295919239066128e-01,1.000000000000000000e+00,5.510373707637847840e-01,3.950331626576002453e-01,3.925855418046928502e-01,3.840246783476149450e-01,-2.508044336115472853e-02,6.043637302528919175e-01,3.123644112821579166e-01,5.388140318067112799e-01,4.763133084471736778e-01,5.993554952224330323e-01,5.897442368033348759e-01,3.975082532325720508e-01,6.492472076648966306e-01,6.403949746590634762e-01,5.910181756459766955e-01,4.132125848698545711e-01,5.877660563536700744e-01,3.493881022369681455e-01,2.826654604194655529e-01,3.230782953686993642e-01,3.213517555827882788e-01,7.198690560763191951e-04,5.235367590912672897e-01,7.343346652989261869e-02,3.812282351563839322e-01,6.275459505994704923e-01,7.254007897595439180e-01
6.029412075206325161e-01,3.367196777448692724e-01,3.233293687947636497e-01,2.289440446240995630e-01,4.434480674634683206e-01,-4.433590421649980517e-01,1.200932160719248992e-01,-3.011313746976950201e-01,5.852854259621178556e-01,2.486711360153030514e-01,-3.176181088213534398e-01,5.510373707637847840e-01,1.000000000000000000e+00,3.680512778975190691e-01,3.193272850955492514e-01,2.065506643356536942e-01,-1.192698898528223028e-02,6.212757073271862884e-01,5.558991203533172332e-01,5.816180273564111047e-01,2.903662302249742089e-01,6.686655488402488690e-01,5.231555852083372704e-01,2.897669158962258851e-01,6.633297658059890134e-01,5.797039148159807143e-01,2.092089965974223975e-01,2.601956280779852970e-01,5.833226228579795336e-01,1.150203367855444914e-01,-2.529948443116286083e-01,5.780079597082135590e-02,9.573916189860481873e-02,-2.738024853524554172e-02,3.916849934903884334e-01,-1.960769829770464545e-01,2.162453444814055048e-01,6.921900028696764684e-01,5.965362426067691848e-01
7.143780318166448318e-01,4.360982453658321378e-01,3.300752984091455122e-01,-3.709613326568944047e-01,7.937950322738444031e-01,8.688129970760571918e-04,1.261276489059630079e-01,-3.123371950234040684e-01,7.403273441317431702e-01,5.218280426531775040e-01,2.782849663197329848e-01,3.950331626576002453e-01,3.680512778975190691e-01,1.000000000000000000e+00,2.005618497375751819e-01,5.278056010576178680e-01,3.530131026561463825e-01,3.881631722868733037e-01,-1.858113288273651603e-02,2.725926381906423335e-01,3.408036226175458761e-01,3.750996962661818923e-01,5.239958707125046411e-01,6.298887349298972760e-01,5.652901074628586819e-01,5.776784926550669885e-01,3.077595910198083207e-01,6.524502871541660864e-01,5.046964277655111575e-01,4.611925806745689749e-01,-1.292098811345690212e-01,5.263670346287315782e-01,4.086324413625817553e-01,6.334756918850972252e-01,5.937388780241262820e-01,2.353079828478495672e-01,5.785809720331817063e-01,6.271285008137029715e-01,2.857148416701738580e-01
4.392352079894387695e-01,5.448566122957993613e-02,4.001485695024428191e-01,-2.637260410878816130e-01,3.344996377066244420e-01,-4.415621677558880798e-01,1.147420697832314956e-01,-3.758919625463020830e-01,2.949759460446174653e-01,1.925633761052374104e-01,-3.318437592888276999e-01,3.925855418046928502e-01,3.193272850955492514e-01,2.005618497375751819e-01,1.000000000000000000e+00,2.399809244593904822e-01,-2.173145768585571236e-01,3.110393332472074709e-02,2.864513641476422179e-01,2.602480758955171281e-01,4.372500976951494422e-01,3.134721259661729653e-01,2.036499372463027591e-01,4.642985742868410703e-02,2.868993289915798273e-01,3.512751480304437957e-01,1.505181451125956194e-01,3.037211555064179280e-01,1.879655158770296153e-01,1.012182042751160332e-01,7.624192444985093686e-02,-1.035974015664830189e-01,2.247507693088802438e-01,1.037712804273156764e-01,2.661104026468426587e-01,1.051330423528674951e-01,2.701397084668368323e-02,4.324976021496038658e-01,2.059142938339608153e-01
6.277873767967007135e-01,4.475279272594110402e-01,6.769386549123448393e-01,-8.092278533270283458e-03,6.154368553941826914e-01,2.289280481172102991e-02,3.863980154182968252e-01,-6.763607640385340680e-01,3.994165381547821192e-01,7.880333714614402574e-01,-1.037677131366368383e-01,3.840246783476149450e-01,2.065506643356536942e-01,5.278056010576178680e-01,2.399809244593904822e-01,1.000000000000000000e+00,2.038821527710987236e-01,4.101689292329554481e-01,1.500746587742802785e-01,3.828036938106968434e-01,5.471008205978398209e-01,2.684242294123142525e-01,6.220175208325215976e-01,5.054071270762374724e-01,6.015499688483946228e-01,6.201945905910549728e-01,5.413742379737295218e-01,5.942841536029471738e-01,5.709176491006376919e-01,7.330583419942904300e-01,3.732332504733272827e-01,3.928058536358445818e-01,5.223622850133543549e-01,2.000750144023097921e-01,7.508639593820879421e-01,6.116202390367514452e-01,3.885398277656034738e-01,4.279827928743465404e-01,4.852571692232200973e-01
1.359649383840612347e-01,1.537653707087013599e-01,-3.806477723055182085e-03,-1.302230051956167478e-01,1.511364428222946310e-01,6.818759044773118339e-01,-2.353890455647568436e-02,-5.773365098554597563e-03,1.030320417178371972e-01,3.149836960978006917e-01,6.977143217473070758e-01,-2.508044336115472853e-02,-1.192698898528223028e-02,3.530131026561463825e-01,-2.173145768585571236e-01,2.038821527710987236e-01,1.000000000000000000e+00,3.364631579830176106e-02,-1.194357543013788853e-01,-1.070437237528836100e-01,-3.308966244522683342e-02,7.221130363195626956e-02,3.546100211780909839e-01,4.590984151155526605e-01,3.170434957282406985e-01,9.558722854758633369e-02,1.616689663279446132e-01,2.245524464340699911e-01,3.705233417186038491e-01,1.964816816539792788e-01,-1.425045949189136102e-02,5.857843255138320826e-01,1.155656477760868550e-01,2.226541738070115239e-01,4.189844248809687643e-01,7.509385044344170368e-02,6.075426108432644412e-01,2.148854053514673984e-02,-5.988901269533917354e-02
6.460145470925684474e-01,5.681969565041157244e-01,5.653517487493462390e-01,2.005833954575181599e-01,5.432624831216953387e-01,-1.989590165596515636e-01,2.938420658027255938e-01,-5.342896085078867596e-01,5.380213422040057702e-01,5.208096019252116404e-01,-3.266266723621469303e-01,6.043637302528919175e-01,6.212757073271862884e-01,3.881631722868733037e-01,3.110393332472074709e-02,4.101689292329554481e-01,3.364631579830176106e-02,1.000000000000000000e+00,5.631952684363059625e-01,5.277432637908020530e-01,5.239143644305641612e-01,5.712566129694519601e-01,6.061857548215726643e-01,4.372827578819715733e-01,7.269816951608053524e-01,7.389405052515178873e-01,5.764551700672869705e-01,5.269278798205380143e-01,6.834190206654999766e-01,3.607070475303493784e-01,1.841961116098381201e-01,3.318881357705195101e-01,4.492098606558492802e-01,-7.997691484008562224e-02,4.813401249014171990e-01,-3.134882022249775579e-02,3.761668254170115744e-01,6.667276899547914804e-01,7.763710093643950705e-01
3.958987543188186575e-01,2.414854845090987634e-01,4.293694328298486851e-01,3.269805789444023003e-01,1.984364716711152499e-01,-3.380270690567374059e-01,2.670329614545317587e-01,-4.037133817670752745e-01,2.344009603075523918e-01,2.432871517480950652e-01,-4.648900861480896318e-01,3.123644112821579166e-01,5.558991203533172332e-01,-1.858113288273651603e-02,2.864513641476422179e-01,1.500746587742802785e-01,-1.194357543013788853e-01,5.631952684363059625e-01,1.000000000000000000e+00,4.422787431471761344e-01,3.874100719169129015e-01,5.110280872402896968e-01,3.959564907495259911e-01,1.041686725569209993e-01,5.185712816981916662e-01,4.523696476041700332e-01,3.184769997618677184e-01,2.085014295997987543e-01,4.439761040854581231e-01,5.517348027710597402e-02,1.220447230502360730e-01,-7.984093608824206767e-02,1.979501834409769234e-01,-3.801889260636042711e-01,2.334648270872682896e-01,-2.038649677878152933e-01,1.755932266818902021e-02,4.508977073088985543e-01,5.441616667131682350e-01
5.857738316704782511e-01,4.755857139329716099e-01,4.484905779539870574e-01,1.684321722063392146e-01,4.348453011461926310e-01,-3.328308147818405116e-01,2.049105111301583737e-01,-4.162687808513280130e-01,5.162354693794366511e-01,3.630212765511381945e-01,-4.018799739899477919e-01,5.388140318067112799e-01,5.816180273564111047e-01,2.725926381906423335e-01,2.602480758955171281e-01,3.828036938106968434e-01,-1.070437237528836100e-01,5.277432637908020530e-01,4.422787431471761344e-01,1.000000000000000000e+00,4.133402208054176574e-01,5.633683467913470633e-01,5.260520928750452851e-01,3.310764880239904784e-01,5.710242611491498366e-01,5.248800910159004962e-01,3.293332489140859964e-01,3.258220815094794443e-01,4.941272299897813691e-01,2.970017890618766310e-01,7.460090382134740294e-02,9.806198400523095937e-02,2.353251000866540821e-01,1.882299312744844036e-02,3.999541888231425979e-01,3.219642923852351901e-02,1.681098103913224728e-01,6.248865271995827086e-01,6.360869522663532560e-01
6.233210459421091310e-01,3.553839676318381047e-01,8.415036740940319282e-01,-1.504756175932742968e-01,5.804439768724877213e-01,-1.289482006107987577e-01,3.200399994409152127e-01,-8.142027397343692963e-01,2.995182225401064602e-01,6.489833802545170727e-01,-3.835119018725234863e-01,4.763133084471736778e-01,2.903662302249742089e-01,3.408036226175458761e-01,4.372500976951494422e-01,5.471008205978398209e-01,-3.308966244522683342e-02,5.239143644305641612e-01,3.874100719169129015e-01,4.133402208054176574e-01,1.000000000000000000e+00,3.385133341928731054e-01,5.221598526660788941e-01,4.064784542670849543e-01,6.025756760660005984e-01,7.520993199085710401e-01,6.851745648099552000e-01,7.230546098344508010e-01,5.369049532854964779e-01,3.970256454152041314e-01,4.979845583870534664e-01,3.365900465989549728e-01,8.197164894197287444e-01,-9.885231970633078652e-03,5.146152738164796459e-01,2.005178677919793595e-01,3.955353950724437850e-01,5.196657072894497187e-01,5.483815653317711813e-01
5.954178835458420194e-01,4.707653308146660387e-01,3.825405758830594527e-01,8.023786930902189474e-02,5.014765622842872750e-01,-2.620351414062944140e-01,9.331733598101553395e-02,-3.526228798154771860e-01,5.858497318240425411e-01,3.289607118953769560e-01,-2.616622037913204357e-01,5.993554952224330323e-01,6.686655488402488690e-01,3.750996962661818923e-01,3.134721259661729653e-01,2.684242294123142525e-01,7.221130363195626956e-02,5.712566129694519601e-01,5.110280872402896968e-01,5.633683467913470633e-01,3.385133341928731054e-01,1.000000000000000000e+00,5.798520474890902499e-01,4.136790202455994936e-01,6.476294709919089287e-01,5.474758302001719867e-01,3.464609562577026791e-01,3.326498765726122464e-01,5.833466620906877509e-01,2.504122214997156481e-01,9.206753980685281058e-03,2.076637153122802282e-01,1.715353567983020355e-01,5.158853521269488734e-02,4.654803814642345938e-01,-1.515543713745830801e-01,3.047314943318508162e-01,6.427188980428728549e-01,6.263416815332667476e-01
7.197419643144465917e-01,6.562781194178808342e-01,6.382841161349134262e-01,1.105830469153225998e-01,6.001874703704095371e-01,7.622787592329004214e-02,2.325224656396437384e-01,-6.242868999026920385e-01,5.217062194358389471e-01,7.039889950165608701e-01,-1.357263554453460308e-01,5.897442368033348759e-01,5.231555852083372704e-01,5.239958707125046411e-01,2.036499372463027591e-01,6.220175208325215976e-01,3.546100211780909839e-01,6.061857548215726643e-01,3.959564907495259911e-01,5.260520928750452851e-01,5.221598526660788941e-01,5.798520474890902499e-01,1.000000000000000000e+00,7.210450841707273240e-01,8.718677756465504913e-01,6.963884538195749263e-01,6.045751791749558457e-01,5.396021207388735919e-01,7.910207885334532563e-01,5.747542958939161339e-01,2.792791780963155834e-01,4.612972381612077122e-01,4.664501568525735720e-01,1.304704546911516008e-02,7.305589781941386196e-01,9.974002651130778330e-02,5.404120031989692041e-01,5.848130295393133560e-01,7.043355643586413084e-01
6.150506631852261652e-01,5.631967030997673263e-01,4.618327979440037256e-01,-1.843270776625008378e-01,5.732172532312816982e-01,2.164469966138450330e-01,7.670292136762434099e-02,-4.529658023843703418e-01,5.503960051480917270e-01,6.193538297934673142e-01,1.499769851747176364e-01,3.975082532325720508e-01,2.897669158962258851e-01,6.298887349298972760e-01,4.642985742868410703e-02,5.054071270762374724e-01,4.590984151155526605e-01,4.372827578819715733e-01,1.041686725569209993e-01,3.310764880239904784e-01,4.064784542670849543e-01,4.136790202455994936e-01,7.210450841707273240e-01,1.000000000000000000e+00,6.591656555101484960e-01,5.229896886042052495e-01,4.298350091678779239e-01,5.884565932438120539e-01,6.034147393686277727e-01,6.317460554163545350e-01,1.513044867523833104e-01,5.594431965060692180e-01,5.179188545544256561e-01,2.614920262673715023e-01,6.164071542061695386e-01,7.111424948386753549e-03,6.080189537136692079e-01,4.713829383673884821e-01,4.450513411868854963e-01
8.030551634864967481e-01,6.366664317449218791e-01,6.634118403539727149e-01,6.794647905342135474e-02,6.664369836855243978e-01,-5.639189777704826240e-02,3.100131720884466979e-01,-6.387669485049846108e-01,6.015685121073882646e-01,7.245757201647727852e-01,-1.749653566209500022e-01,6.492472076648966306e-01,6.633297658059890134e-01,5.652901074628586819e-01,2.868993289915798273e-01,6.015499688483946228e-01,3.170434957282406985e-01,7.269816951608053524e-01,5.185712816981916662e-01,5.710242611491498366e-01,6.025756760660005984e-01,6.476294709919089287e-01,8.718677756465504913e-01,6.591656555101484960e-01,1.000000000000000000e+00,8.105757980473509150e-01,6.251429363596600064e-01,6.227918290881486740e-01,8.554987157705550294e-01,5.171797444297782098e-01,2.051113937014616972e-01,4.708019987965447184e-01,4.956834222982258731e-01,2.908720832525578739e-02,7.574064691845032726e-01,8.655272991655538206e-02,5.752682283679398934e-01,7.209021728889837277e-01,7.503238126888407411e-01
8.218994033876549921e-01,5.900992172480805653e-01,7.407118385155824214e-01,-8.096847155635908400e-02,7.261823370010352940e-01,-1.820087300770119876e-01,3.581203791758590382e-01,-7.099198434869434804e-01,5.485316283337282606e-01,7.436014238439919710e-01,-2.767474569852193533e-01,6.403949746590634762e-01,5.797039148159807143e-01,5.776784926550669885e-01,3.512751480304437957e-01,6.201945905910549728e-01,9.558722854758633369e-02,7.389405052515178873e-01,4.523696476041700332e-01,5.248800910159004962e-01,7.520993199085710401e-01,5.474758302001719867e-01,6.963884538195749263e-01,5.229896886042052495e-01,8.105757980473509150e-01,1.000000000000000000e+00,7.331751848645321479e-01,7.726193273390264959e-01,7.908341040364892383e-01,4.927717456127999052e-01,3.083572694095174649e-01,5.219754561342214716e-01,6.500574637127338740e-01,7.204274281862593776e-02,6.965243525143154368e-01,2.420721954925581787e-01,5.917778617506941341e-01,7.391000788516225439e-01,7.078703313475073200e-01
5.025491364883902801e-01,6.313765235597952330e-01,7.277307507209599402e-01,4.352855381700987403e-02,4.587369642141245207e-01,1.262382256958528848e-01,3.642675423343813002e-01,-7.126923055223601811e-01,1.400320998935371541e-01,7.234605022016245002e-01,-2.196301086801423497e-01,5.910181756459766955e-01,2.092089965974223975e-01,3.077595910198083207e-01,1.505181451125956194e-01,5.413742379737295218e-01,1.616689663279446132e-01,5.764551700672869705e-01,3.184769997618677184e-01,3.293332489140859964e-01,6.851745648099552000e-01,3.464609562577026791e-01,6.045751791749558457e-01,4.298350091678779239e-01,6.251429363596600064e-01,7.331751848645321479e-01,1.000000000000000000e+00,5.795201967571693702e-01,6.504746977935805807e-01,4.725334030700861776e-01,7.097138538919031125e-01,6.278223527475893517e-01,6.267739348331301530e-01,-1.959390382051562074e-01,6.122613383853162672e-01,2.981757312345258981e-01,6.084590389975160774e-01,3.436931436063050405e-01,6.498593818683642276e-01
7.580322459036186178e-01,4.364226866125020532e-01,6.196608236662289881e-01,-4.523071867580094052e-01,7.385318358436899766e-01,1.775122138683612322e-02,2.993611868887491867e-01,-5.855888881551867264e-01,5.548261532107812144e-01,7.150513588079625560e-01,1.414658469390632544e-03,4.132125848698545711e-01,2.601956280779852970e-01,6.524502871541660864e-01,3.037211555064179280e-01,5.942841536029471738e-01,2.245524464340699911e-01,5.269278798205380143e-01,2.085014295997987543e-01,3.258220815094794443e-01,7.230546098344508010e-01,3.326498765726122464e-01,5.396021207388735919e-01,5.884565932438120539e-01,6.227918290881486740e-01,7.726193273390264959e-01,5.795201967571693702e-01,1.000000000000000000e+00,6.265144480099816837e-01,5.230879638352725625e-01,2.158761805939692913e-01,5.785002932005396392e-01,7.375686871483053686e-01,3.879462118143718330e-01,6.089706939252665929e-01,2.905490862490305859e-01,6.128537957795126001e-01,6.577204961920047888e-01,4.177581654477398043e-01
7.210633918274838017e-01,6.213751418864037479e-01,5.897821904903407519e-01,4.484856939982866109e-02,5.710276635727795647e-01,7.447311928310916540e-02,3.036068238694293320e-01,-5.690963956464775153e-01,4.824752747606347314e-01,7.416153346171682204e-01,-6.889995045741886814e-02,5.877660563536700744e-01,5.833226228579795336e-01,5.046964277655111575e-01,1.879655158770296153e-01,5.709176491006376919e-01,3.705233417186038491e-01,6.834190206654999766e-01,4.439761040854581231e-01,4.941272299897813691e-01,5.369049532854964779e-01,5.833466620906877509e-01,7.910207885334532563e-01,6.034147393686277727e-01,8.554987157705550294e-01,7.908341040364892383e-01,6.504746977935805807e-01,6.265144480099816837e-01,1.000000000000000000e+00,4.964090943438727588e-01,2.430646946554142485e-01,5.978236132478406128e-01,4.606661655628497276e-01,-2.067111804482572868e-02,7.899129185155485677e-01,1.649385510959949508e-01,6.622955349473652609e-01,6.294334334745326220e-01,7.067351800410602847e-01
5.210572541932553259e-01,5.049264289408542661e-01,5.529885020121410033e-01,-3.518899445025521627e-02,5.065416659139264643e-01,5.737940233826163000e-02,2.432191830715075553e-01,-5.630186957570817441e-01,3.739400954761182838e-01,6.953317856010500231e-01,-6.757996698744307695e-02,3.493881022369681455e-01,1.150203367855444914e-01,4.611925806745689749e-01,1.012182042751160332e-01,7.330583419942904300e-01,1.964816816539792788e-01,3.607070475303493784e-01,5.517348027710597402e-02,2.970017890618766310e-01,3.970256454152041314e-01,2.504122214997156481e-01,5.747542958939161339e-01,6.317460554163545350e-01,5.171797444297782098e-01,4.927717456127999052e-01,4.725334030700861776e-01,5.230879638352725625e-01,4.964090943438727588e-01,1.000000000000000000e+00,3.346195004525001071e-01,4.248178521427248278e-01,4.911823596571770478e-01,1.321503420538335249e-01,6.174481970987086843e-01,4.643042110359303365e-01,4.545381392785494690e-01,3.228202249871764407e-01,4.333724284707413110e-01
7.099341599628547494e-02,3.346016994928338040e-01,6.128338383262744715e-01,1.550100652153663938e-01,6.875924990396162229e-02,1.956698783431297661e-01,2.488997979878178057e-01,-6.211971890170112642e-01,-2.944999577981306516e-01,4.303472947326177911e-01,-3.045355189195291801e-01,2.826654604194655529e-01,-2.529948443116286083e-01,-1.292098811345690212e-01,7.624192444985093686e-02,3.732332504733272827e-01,-1.425045949189136102e-02,1.841961116098381201e-01,1.220447230502360730e-01,7.460090382134740294e-02,4.979845583870534664e-01,9.206753980685281058e-03,2.792791780963155834e-01,1.513044867523833104e-01,2.051113937014616972e-01,3.083572694095174649e-01,7.097138538919031125e-01,2.158761805939692913e-01,2.430646946554142485e-01,3.346195004525001071e-01,1.000000000000000000e+00,3.037656491381767188e-01,5.017773075548719319e-01,-4.227025991173794517e-01,3.196905640907640733e-01,3.070683220573724448e-01,2.184699637610974243e-01,-1.153040173165291588e-01,3.924252554364197620e-01
3.988083610189879225e-01,5.264961607000435695e-01,2.870186928751103372e-01,-2.755381289923371502e-01,3.941406948150534828e-01,4.750647151753376596e-01,1.264833306828934412e-01,-2.772614759778513349e-01,2.190223977951161471e-01,6.253689861229598801e-01,3.986914325755249733e-01,3.230782953686993642e-01,5.780079597082135590e-02,5.263670346287315782e-01,-1.035974015664830189e-01,3.928058536358445818e-01,5.857843255138320826e-01,3.318881357705195101e-01,-7.984093608824206767e-02,9.806198400523095937e-02,3.365900465989549728e-01,2.076637153122802282e-01,4.612972381612077122e-01,5.594431965060692180e-01,4.708019987965447184e-01,5.219754561342214716e-01,6.278223527475893517e-01,5.785002932005396392e-01,5.978236132478406128e-01,4.248178521427248278e-01,3.037656491381767188e-01,1.000000000000000000e+00,4.357933914620928384e-01,1.957417193389626997e-01,6.091593681208022915e-01,3.124668552450006742e-01,8.682703225277424997e-01,2.596861634013269970e-01,2.737143352910147986e-01
5.460514695592489920e-01,2.798155284310913649e-01,7.559889412452603930e-01,-2.380124251161185311e-01,5.438946669815648560e-01,4.614630807708772209e-02,2.107410977421585729e-01,-7.379106934218032654e-01,2.587021458104692417e-01,6.186528465636341734e-01,-1.782095970446123667e-01,3.213517555827882788e-01,9.573916189860481873e-02,4.086324413625817553e-01,2.247507693088802438e-01,5.223622850133543549e-01,1.155656477760868550e-01,4.492098606558492802e-01,1.979501834409769234e-01,2.353251000866540821e-01,8.197164894197287444e-01,1.715353567983020355e-01,4.664501568525735720e-01,5.179188545544256561e-01,4.956834222982258731e-01,6.500574637127338740e-01,6.267739348331301530e-01,7.375686871483053686e-01,4.606661655628497276e-01,4.911823596571770478e-01,5.017773075548719319e-01,4.357933914620928384e-01,1.000000000000000000e+00,8.061268876919792936e-02,4.800884218405638837e-01,1.957477129660112058e-01,4.471772748163385658e-01,3.937753282363943286e-01,3.722874009599536071e-01
3.194458153110070198e-01,5.053985112895070103e-02,-1.401952499079427150e-01,-6.187159549271062930e-01,5.060327745609278782e-01,6.411588578346424927e-02,-5.844987888833916290e-02,1.661547916537274849e-01,5.700124802336878904e-01,8.793789344620159265e-02,4.390557522243702659e-01,7.198690560763191951e-04,-2.738024853524554172e-02,6.334756918850972252e-01,1.037712804273156764e-01,2.000750144023097921e-01,2.226541738070115239e-01,-7.997691484008562224e-02,-3.801889260636042711e-01,1.882299312744844036e-02,-9.885231970633078652e-03,5.158853521269488734e-02,1.304704546911516008e-02,2.614920262673715023e-01,2.908720832525578739e-02,7.204274281862593776e-02,-1.959390382051562074e-01,3.879462118143718330e-01,-2.067111804482572868e-02,1.321503420538335249e-01,-4.227025991173794517e-01,1.957417193389626997e-01,8.061268876919792936e-02,1.000000000000000000e+00,1.405725991162372901e-01,1.710891042745502355e-01,1.803328317368172728e-01,3.469459110778276290e-01,-2.036652006944634496e-01
6.846434291032620356e-01,5.684312018050441395e-01,6.111620669492909830e-01,-8.249952768396801028e-02,5.965103543161047739e-01,1.264806632071381609e-01,2.793672237340638631e-01,-6.046608723911035543e-01,4.412355283035664377e-01,7.672142558100646381e-01,4.813250224299607527e-02,5.235367590912672897e-01,3.916849934903884334e-01,5.937388780241262820e-01,2.661104026468426587e-01,7.508639593820879421e-01,4.189844248809687643e-01,4.813401249014171990e-01,2.334648270872682896e-01,3.999541888231425979e-01,5.146152738164796459e-01,4.654803814642345938e-01,7.305589781941386196e-01,6.164071542061695386e-01,7.574064691845032726e-01,6.965243525143154368e-01,6.122613383853162672e-01,6.089706939252665929e-01,7.899129185155485677e-01,6.174481970987086843e-01,3.196905640907640733e-01,6.091593681208022915e-01,4.800884218405638837e-01,1.405725991162372901e-01,1.000000000000000000e+00,4.347822213713353756e-01,6.612401883721616969e-01,5.113539838560208217e-01,5.560974504615172620e-01
1.868192346770084500e-01,1.958115353228836453e-01,2.540673505358855278e-01,-1.461530727879141178e-01,2.098013547564656911e-01,1.155641554072720789e-01,2.589115603670054666e-01,-2.654460525696868967e-01,-7.454574798988991557e-03,4.612055441622185947e-01,9.702966990112377177e-02,7.343346652989261869e-02,-1.960769829770464545e-01,2.353079828478495672e-01,1.051330423528674951e-01,6.116202390367514452e-01,7.509385044344170368e-02,-3.134882022249775579e-02,-2.038649677878152933e-01,3.219642923852351901e-02,2.005178677919793595e-01,-1.515543713745830801e-01,9.974002651130778330e-02,7.111424948386753549e-03,8.655272991655538206e-02,2.420721954925581787e-01,2.981757312345258981e-01,2.905490862490305859e-01,1.649385510959949508e-01,4.643042110359303365e-01,3.070683220573724448e-01,3.124668552450006742e-01,1.957477129660112058e-01,1.710891042745502355e-01,4.347822213713353756e-01,1.000000000000000000e+00,2.362622063025114627e-01,2.009862092761367097e-02,4.189088689070404742e-02
5.015425062117440103e-01,5.308302343240390853e-01,3.587918532764448054e-01,-2.600634428646920182e-01,4.599224275829522646e-01,3.888289463467847207e-01,1.319335313167160628e-01,-3.526042695107152736e-01,2.979173602700555534e-01,6.352108066806415598e-01,3.709804499512587839e-01,3.812282351563839322e-01,2.162453444814055048e-01,5.785809720331817063e-01,2.701397084668368323e-02,3.885398277656034738e-01,6.075426108432644412e-01,3.761668254170115744e-01,1.755932266818902021e-02,1.681098103913224728e-01,3.955353950724437850e-01,3.047314943318508162e-01,5.404120031989692041e-01,6.080189537136692079e-01,5.752682283679398934e-01,5.917778617506941341e-01,6.084590389975160774e-01,6.128537957795126001e-01,6.622955349473652609e-01,4.545381392785494690e-01,2.184699637610974243e-01,8.682703225277424997e-01,4.471772748163385658e-01,1.803328317368172728e-01,6.612401883721616969e-01,2.362622063025114627e-01,1.000000000000000000e+00,3.567945589287326302e-01,3.206095226807322285e-01
8.604501832367709158e-01,5.127560102351401694e-01,4.703398889832814955e-01,-1.871046912444657428e-01,7.429832498177580957e-01,-3.786515534734610777e-01,2.409136867461241227e-01,-4.172008738318241372e-01,8.385454380209508285e-01,4.613450270014913257e-01,-2.372583975864464012e-01,6.275459505994704923e-01,6.921900028696764684e-01,6.271285008137029715e-01,4.324976021496038658e-01,4.279827928743465404e-01,2.148854053514673984e-02,6.667276899547914804e-01,4.508977073088985543e-01,6.248865271995827086e-01,5.196657072894497187e-01,6.427188980428728549e-01,5.848130295393133560e-01,4.713829383673884821e-01,7.209021728889837277e-01,7.391000788516225439e-01,3.436931436063050405e-01,6.577204961920047888e-01,6.294334334745326220e-01,3.228202249871764407e-01,-1.153040173165291588e-01,2.596861634013269970e-01,3.937753282363943286e-01,3.469459110778276290e-01,5.113539838560208217e-01,2.009862092761367097e-02,3.567945589287326302e-01,1.000000000000000000e+00,6.182515370347522188e-01
6.402153196143789415e-01,7.305551088428013928e-01,6.689365989875392104e-01,2.911866151895329269e-01,5.125274826615781043e-01,-2.242378568567407748e-01,3.214899854624378994e-01,-6.430138401237054380e-01,4.693262083768213744e-01,5.549602966208575516e-01,-4.902458538211367789e-01,7.254007897595439180e-01,5.965362426067691848e-01,2.857148416701738580e-01,2.059142938339608153e-01,4.852571692232200973e-01,-5.988901269533917354e-02,7.763710093643950705e-01,5.441616667131682350e-01,6.360869522663532560e-01,5.483815653317711813e-01,6.263416815332667476e-01,7.043355643586413084e-01,4.450513411868854963e-01,7.503238126888407411e-01,7.078703313475073200e-01,6.498593818683642276e-01,4.177581654477398043e-01,7.067351800410602847e-01,4.333724284707413110e-01,3.924252554364197620e-01,2.737143352910147986e-01,3.722874009599536071e-01,-2.036652006944634496e-01,5.560974504615172620e-01,4.189088689070404742e-02,3.206095226807322285e-01,6.182515370347522188e-01,1.000000000000000000e+00
