1.000000000000000000e+00,2.403650017430268016e-01,6.431485922884824236e-01,3.029028812315664454e-01,6.821599635074243606e-01,6.446800867002805413e-01,-5.202823947379022623e-02,6.898547265969461328e-01,5.301823550575524013e-01,4.488540193238499398e-01,-1.823549965170845055e-01,2.478238973826147884e-01,-4.101187398924039385e-01,3.044447685604939058e-01,5.293042138390486873e-01,8.361332315289737860e-01,1.414419423541727894e-01,4.667770249825029527e-01,3.916918641962696679e-01,6.131151784784950598e-01,-5.748581599322819535e-01,5.197418212136594162e-01,3.634691422526484250e-01,2.152332156844361521e-01,5.605454787767205627e-01,3.664697262755833296e-01,3.025882695905014633e-04,6.691123025484567721e-01,5.436281103374093066e-02,4.291732428503237662e-01,1.629419394884300543e-01,4.653554813337679730e-01,-2.906202990756874271e-01,1.863890311025037660e-01,1.542646463879814855e-01,3.958743169283265306e-01,-1.677828421010201521e-01,6.717380923865008402e-01,2.369557498688104613e-01
2.403650017430268016e-01,1.000000000000000000e+00,5.237254888904829819e-01,2.261735788662636304e-01,3.752545181076896164e-01,5.178874293919725341e-02,1.383702552755330939e-01,1.773063170329496618e-01,2.953940977394506895e-01,7.308037840346175429e-01,-2.903197727284775875e-01,3.809475993133699667e-01,-8.065484840249032006e-02,3.800960832205041440e-01,2.600687361687243349e-01,3.678425615365192858e-01,3.426350178684617331e-01,1.014819332071237173e-01,4.719742428690777425e-01,-1.200646970864183288e-01,-2.905880753928717919e-01,2.653079518171643780e-01,6.175157231338034292e-01,7.381682106058933268e-01,6.053186849495464372e-01,4.720907099216025693e-01,-5.302621551084744089e-01,3.619303814898030547e-01,3.043819895591918789e-01,3.863707854450514900e-01,2.767480832391979173e-01,6.227897613944320954e-01,3.469571840608467461e-01,2.633811367206774501e-02,2.107685002028468202e-01,1.095783551051166954e-01,2.536241263109224042e-01,4.768522824171200214e-01,3.521614788633088688e-02
6.431485922884824236e-01,5.237254888904829819e-01,1.000000000000000000e+00,2.819196237996591803e-01,8.289710861029473410e-01,6.835025398258418594e-01,2.380038571910697842e-01,7.324648538752057680e-01,7.503114695147384827e-01,7.699781211734825215e-01,-2.609676208785406959e-01,3.245943097647681630e-01,-2.624630914989751762e-01,5.125774757418823935e-01,6.824959977477109696e-01,7.698553956683905630e-01,4.325082916509886410e-01,5.988361303961697857e-01,6.840120019976162480e-01,4.038337206819591074e-01,-6.736620375674536865e-01,6.987461497809140942e-01,5.639949773336950800e-01,5.181450110931082875e-01,7.367611324855880550e-01,7.710168354027362447e-01,-1.504973102807277419e-01,8.353348707042247412e-01,3.657889369746040176e-01,6.127832838007202243e-01,2.054551529428033652e-01,7.900092914181147119e-01,5.608790422662314479e-02,4.174685232502871601e-01,1.026862577838190543e-01,2.521140388207236960e-01,-1.970851531954175839e-01,7.038000046723398295e-01,2.456722292994960311e-01
3.029028812315664454e-01,2.261735788662636304e-01,2.819196237996591803e-01,1.000000000000000000e+00,2.761680916253441698e-01,2.434027915359299743e-01,2.312734406287171585e-01,2.895870219767222586e-01,1.293194906850739789e-01,1.663811993940471634e-01,-4.560652877313508408e-02,7.555104005506124189e-03,1.435033673418798505e-01,2.561621097870856456e-01,-9.269502716575951651e-02,2.141262733902426219e-01,1.491051151207922476e-01,-3.379080825113468800e-02,5.873039756316823096e-02,3.691582337791113888e-01,-2.663281383255682311e-01,3.035195495214669248e-01,2.514121225393731729e-01,1.954523756463781847e-01,3.384947526808588236e-01,2.154138523059753174e-01,1.935327235604393792e-01,2.125839225680883349e-01,1.503301647704020638e-01,2.010453733582381539e-02,-2.687778016893853650e-01,2.133395692905055985e-01,-3.772677298780420865e-03,-1.328968573675028131e-01,-2.428435768522946986e-02,2.125362301987215319e-01,-2.340848700035171037e-02,2.063785171996916079e-01,-1.798224797351165583e-01
6.821599635074243606e-01,3.752545181076896164e-01,8.289710861029473410e-01,2.761680916253441698e-01,1.000000000000000000e+00,7.451922012272224061e-01,-3.234985639663651852e-02,8.160713381716571124e-01,8.366146239451499600e-01,6.341888204311365573e-01,-2.143233078399748304e-01,4.856513360709875937e-01,-2.208972709074341068e-01,4.990209647626142608e-01,7.552020726293786623e-01,7.670915403896056972e-01,3.501468961465206697e-01,6.860664928905710891e-01,7.896914567078063829e-01,5.597080254897479623e-01,-7.205102225852689779e-01,5.841396537232608210e-01,4.575213857074038049e-01,3.790229956311660375e-01,6.398563165750912329e-01,6.979664572578460069e-01,4.750827080504891470e-02,8.220579882979671682e-01,3.246656795811450058e-01,6.303066545894719930e-01,6.243947768789431807e-02,6.925847615051528017e-01,-8.232347503576786796e-02,5.387062311766616096e-01,6.845436948273163347e-02,2.310008341259116582e-01,-3.268267659650876400e-01,7.582135532786685728e-01,3.338498903846836563e-01
6.446800867002805413e-01,5.178874293919725341e-02,6.835025398258418594e-01,2.434027915359299743e-01,7.451922012272224061e-01,1.000000000000000000e+00,7.644654477159780470e-02,7.883209172027733080e-01,6.804677945831391073e-01,3.799717188100601994e-01,-1.070740571617691539e-01,1.557125177686316808e-01,-3.123858939347316510e-01,3.233048102744532359e-01,6.152599103950341375e-01,6.609879569928269749e-01,2.802801837232058446e-01,6.777402655890676364e-01,5.157065302262683337e-01,6.602309254135497740e-01,-6.001643798221903969e-01,5.660288225082793501e-01,2.419347291609964534e-01,-1.120016670729922885e-02,4.464578858616344292e-01,5.634387840117751622e-01,2.217064507559238229e-01,7.189312953576451060e-01,1.844383357293145620e-01,4.572023089446845545e-01,2.281034908270057268e-02,4.729148181498420422e-01,-2.182104063128628424e-01,4.745159008015646385e-01,-8.835981981406391961e-02,3.148041788728178081e-01,-4.858815802022758978e-01,5.316121748063041830e-01,2.477792448688537486e-01
-5.202823947379022623e-02,1.383702552755330939e-01,2.380038571910697842e-01,2.312734406287171585e-01,-3.234985639663651852e-02,7.644654477159780470e-02,1.000000000000000000e+00,9.718350564013686355e-02,-2.833130710208393160e-02,1.789085522577575360e-01,-7.092717738614948142e-02,-5.097540428961945258e-01,1.507100541791982773e-01,1.655580307175936461e-01,-8.675838540315548852e-02,3.840235740181457253e-04,2.545898861754372633e-01,8.188095202995490651e-02,-5.771056354134020128e-02,-2.014853289871064088e-02,-4.614557547808296328e-02,4.405343525159866047e-01,1.672218792354363825e-01,1.179153420035534000e-01,2.230520065829886822e-01,3.490863199552997065e-01,-7.786368718108130360e-02,1.672249224609357043e-01,6.979537198937760256e-02,-1.161738537150280304e-01,-3.630555824412329269e-02,1.512687618444573390e-01,1.256398064694176919e-01,-9.178458185925013335e-02,1.264467702609443078e-01,2.336317192638662776e-01,1.575302710162123920e-01,-6.842542760148787040e-02,-1.687358968131094095e-01
6.898547265969461328e-01,1.773063170329496618e-01,7.324648538752057680e-01,2.895870219767222586e-01,8.160713381716571124e-01,7.883209172027733080e-01,9.718350564013686355e-02,1.000000000000000000e+00,7.290918499510384843e-01,4.347444193073313756e-01,-1.647612310447544304e-01,1.875485935483563460e-01,-2.604255412025720529e-01,4.937514723178675347e-01,6.665219111618599923e-01,6.734694701443392217e-01,4.159753631231836724e-01,7.346252253909856256e-01,6.226753273782880127e-01,7.473807527010351004e-01,-7.195638231739197588e-01,6.611301585254453217e-01,3.461106426706235251e-01,1.491466277363986404e-01,5.368866319038837487e-01,6.946601704348123185e-01,2.289988515640560829e-01,8.178026213734851391e-01,2.807078678463132415e-01,4.872405577565285251e-01,-1.933367041028935529e-02,5.129743596855260712e-01,-3.943759745609690670e-01,4.390130976349903569e-01,-7.127481721404690072e-03,3.346099390927374517e-01,-4.203121866082057401e-01,6.487185168696566473e-01,2.277401429198653016e-01
5.301823550575524013e-01,2.953940977394506895e-01,7.503114695147384827e-01,1.293194906850739789e-01,8.366146239451499600e-01,6.804677945831391073e-01,-2.833130710208393160e-02,7.290918499510384843e-01,1.000000000000000000e+00,6.199748161382245826e-01,-2.089188171380496617e-01,4.273853141561730351e-01,-1.684716792075035552e-01,3.566293235208681800e-01,8.109012570765844474e-01,6.729667669878094394e-01,3.836825624343332963e-01,7.436757852134361357e-01,7.714487263540051876e-01,4.488898645141269905e-01,-6.844616637183624785e-01,4.693030925927698660e-01,3.286153362685295121e-01,3.301346876938976993e-01,5.273525269276323479e-01,6.150301685800054763e-01,2.849894967524158745e-02,7.101598291298504284e-01,2.922395755538381712e-01,6.720375187269931327e-01,6.136339902078422059e-02,6.181207554821755989e-01,1.889058099811090699e-02,6.932657190014446247e-01,-6.947957369367602221e-02,1.345518380006385795e-01,-4.254535278215174077e-01,6.793141155046984458e-01,4.968394105249001602e-01
4.488540193238499398e-01,7.308037840346175429e-01,7.699781211734825215e-01,1.663811993940471634e-01,6.341888204311365573e-01,3.799717188100601994e-01,1.789085522577575360e-01,4.347444193073313756e-01,6.199748161382245826e-01,1.000000000000000000e+00,-3.798041321008985283e-01,4.164413408974546038e-01,-2.081847085295703281e-01,4.282809301636993915e-01,5.781249655366516027e-01,6.854536839445908303e-01,3.580160114969097029e-01,3.921105852892465826e-01,6.392708074429073184e-01,9.567245554007416941e-02,-5.633431668965194206e-01,4.833154028424166415e-01,6.811305740849822321e-01,7.303447615410532112e-01,7.750147362616643942e-01,6.121965479728812554e-01,-4.954440377221467351e-01,6.267762995364200007e-01,3.474929676125972922e-01,5.856428163249276508e-01,3.478215977014776916e-01,8.054923625301209089e-01,3.363092861667673628e-01,2.674146144245574952e-01,2.454543914119888537e-01,2.364873524948395977e-01,8.088750606532500720e-02,6.502036958496690833e-01,3.413823512505318458e-01
-1.823549965170845055e-01,-2.903197727284775875e-01,-2.609676208785406959e-01,-4.560652877313508408e-02,-2.143233078399748304e-01,-1.070740571617691539e-01,-7.092717738614948142e-02,-1.647612310447544304e-01,-2.089188171380496617e-01,-3.798041321008985283e-01,1.000000000000000000e+00,-2.085417623324277159e-01,1.200969955790984200e-01,-1.799852027939099763e-01,-2.273761739623339495e-01,-3.197194881901340158e-01,4.894714564025871677e-03,-1.468399480987439831e-01,-2.244995279182426251e-01,-7.358391186692196662e-02,3.102932393327114124e-01,-1.504320594717284409e-01,-1.865969842660307465e-01,-3.607872399695143395e-01,-3.322597875163570413e-01,-2.512871479283521059e-01,1.718949877978465102e-01,-3.305731126735145797e-01,-1.676891970451638014e-01,-1.714881823275718198e-01,-1.330902412426138992e-01,-2.948958072856553980e-01,-1.510665043136950048e-01,-1.089755271135417133e-02,-2.168415335187870163e-01,-2.037160174511913613e-02,-1.683439664399946911e-01,-1.505114742265696581e-01,-5.144929941744862817e-02
2.478238973826147884e-01,3.809475993133699667e-01,3.245943097647681630e-01,7.555104005506124189e-03,4.856513360709875937e-01,1.557125177686316808e-01,-5.097540428961945258e-01,1.875485935483563460e-01,4.273853141561730351e-01,4.164413408974546038e-01,-2.085417623324277159e-01,1.000000000000000000e+00,1.316784641056094676e-02,1.711573628257649360e-01,5.064642103030336795e-01,3.597941015672779241e-01,2.277215571399197891e-02,2.535485661218523923e-01,6.232977948253087819e-01,1.994154601385685760e-02,-2.483514185549645925e-01,2.132195034836424641e-02,2.127753482967263687e-01,3.972836064228069120e-01,2.501526942926882158e-01,1.506618589496422911e-01,-4.218159649342099332e-02,2.693252416312469366e-01,1.354666389575837349e-01,4.560641287373862207e-01,3.794401050259060132e-02,3.326223092094401368e-01,1.886146895435061865e-01,3.642349404520513478e-01,1.206630862304414187e-02,-5.096230984937669822e-02,-8.847269194405012194e-02,3.478155653113952916e-01,1.956359223875733244e-01
-4.101187398924039385e-01,-8.065484840249032006e-02,-2.624630914989751762e-01,1.435033673418798505e-01,-2.208972709074341068e-01,-3.123858939347316510e-01,1.507100541791982773e-01,-2.604255412025720529e-01,-1.684716792075035552e-01,-2.081847085295703281e-01,1.200969955790984200e-01,1.316784641056094676e-02,1.000000000000000000e+00,-1.258111396683288807e-01,-1.296097335767643910e-01,-4.221845943733357198e-01,1.554752367617308687e-02,-9.309782416978837349e-02,9.319197916369858017e-04,-2.254735984858304010e-01,2.417128761532943981e-01,-2.286999989961046587e-01,-2.153914372572955371e-01,-2.548329272719385835e-02,-2.510734813120401587e-01,-1.368084796101668166e-01,2.468845797317699708e-01,-2.803230738392972210e-01,-5.101303936071658468e-02,-2.180078546526460492e-01,-7.016824147309206339e-01,-2.888878408902494366e-01,2.182425035405342884e-01,7.474025162186795357e-02,-1.899382706018616085e-01,-7.872159604774725539e-02,4.797324072635109765e-02,-4.122583845254039203e-01,-2.323283756071528317e-01
3.044447685604939058e-01,3.800960832205041440e-01,5.125774757418823935e-01,2.561621097870856456e-01,4.990209647626142608e-01,3.233048102744532359e-01,1.655580307175936461e-01,4.937514723178675347e-01,3.566293235208681800e-01,4.282809301636993915e-01,-1.799852027939099763e-01,1.711573628257649360e-01,-1.258111396683288807e-01,1.000000000000000000e+00,2.957651872051630937e-01,3.804698564123621396e-01,3.651995642246418372e-01,3.066031379398746481e-01,4.541333829927012289e-01,3.077402448699541604e-01,-4.287007604987109755e-01,4.784660029569937634e-01,4.672746678287189592e-01,4.110859578365230749e-01,4.551849878621851420e-01,6.571051470718438647e-01,5.116439478955175924e-02,5.704613454541698214e-01,5.236508647472458700e-01,3.187039054964277418e-01,-3.362212471732013534e-03,5.702888201660121226e-01,-6.168073514008095420e-02,1.336162270165876242e-01,1.871438408752320037e-01,1.717902203409223394e-01,3.720367649697194773e-02,4.579140149502120560e-01,-5.152611194250223542e-02
5.293042138390486873e-01,2.600687361687243349e-01,6.824959977477109696e-01,-9.269502716575951651e-02,7.552020726293786623e-01,6.152599103950341375e-01,-8.675838540315548852e-02,6.665219111618599923e-01,8.109012570765844474e-01,5.781249655366516027e-01,-2.273761739623339495e-01,5.064642103030336795e-01,-1.296097335767643910e-01,2.957651872051630937e-01,1.000000000000000000e+00,6.342663112135215053e-01,3.104957314395235812e-01,7.802405183813257983e-01,7.981143965140031771e-01,3.753633392733248808e-01,-5.600303161132216268e-01,4.123006224842972189e-01,2.376493751031925339e-01,2.782269737861398085e-01,4.075321809100782011e-01,5.485221332674578010e-01,-1.521109637780554066e-02,6.504289229304073272e-01,2.684091509241905427e-01,6.468027364590409611e-01,4.762950311844052487e-02,5.250307163513545650e-01,-6.389040959242951734e-02,7.328121977611476989e-01,-5.787031164655060539e-02,1.920754231682106072e-01,-3.835878693505864190e-01,5.756818659970532881e-01,4.732303875650558656e-01
8.361332315289737860e-01,3.678425615365192858e-01,7.698553956683905630e-01,2.141262733902426219e-01,7.670915403896056972e-01,6.609879569928269749e-01,3.840235740181457253e-04,6.734694701443392217e-01,6.729667669878094394e-01,6.854536839445908303e-01,-3.197194881901340158e-01,3.597941015672779241e-01,-4.221845943733357198e-01,3.804698564123621396e-01,6.342663112135215053e-01,1.000000000000000000e+00,1.281447433332728592e-01,5.162853354069179002e-01,5.329218655950541672e-01,5.197745422615718258e-01,-6.665503752058494769e-01,5.371873246831089244e-01,4.893366117553319961e-01,3.992128584690234905e-01,6.973849767306038450e-01,4.921856898640137867e-01,-1.589321107062127425e-01,7.695254257875233650e-01,1.306671198808948553e-01,6.039461374635308744e-01,2.886602391266918644e-01,6.528663762461301978e-01,-3.304377708830778804e-02,2.570322358697068599e-01,2.269565436071856179e-01,3.409387165490104232e-01,-1.381480435901395742e-01,7.304722301500774506e-01,3.334356586757923901e-01
1.414419423541727894e-01,3.426350178684617331e-01,4.325082916509886410e-01,1.491051151207922476e-01,3.501468961465206697e-01,2.802801837232058446e-01,2.545898861754372633e-01,4.159753631231836724e-01,3.836825624343332963e-01,3.580160114969097029e-01,4.894714564025871677e-03,2.277215571399197891e-02,1.554752367617308687e-02,3.651995642246418372e-01,3.104957314395235812e-01,1.281447433332728592e-01,1.000000000000000000e+00,3.436679726985645278e-01,4.057673145493707612e-01,7.309079105209362326e-02,-2.921554440021623678e-01,4.862396066696605401e-01,2.469423702688320621e-01,2.580539857208222210e-01,2.466151922731495694e-01,5.255770879315945221e-01,-1.622487309760273569e-02,3.698379276307371955e-01,4.696086098506381812e-01,2.664714916546053747e-01,1.987664126137228190e-02,4.244928779056557078e-01,-6.637110638583461342e-02,2.776804404379733526e-01,-1.921534464271687503e-01,9.566376041806923247e-02,-1.463798065832381257e-01,2.884164945442826977e-01,8.600155983016936900e-02
4.667770249825029527e-01,1.014819332071237173e-01,5.988361303961697857e-01,-3.379080825113468800e-02,6.860664928905710891e-01,6.777402655890676364e-01,8.188095202995490651e-02,7.346252253909856256e-01,7.436757852134361357e-01,3.921105852892465826e-01,-1.468399480987439831e-01,2.535485661218523923e-01,-9.309782416978837349e-02,3.066031379398746481e-01,7.802405183813257983e-01,5.162853354069179002e-01,3.436679726985645278e-01,1.000000000000000000e+00,7.040478072354627859e-01,4.591047232489665619e-01,-5.416194513870591365e-01,4.694235873887784294e-01,1.320665016966175997e-01,7.953582968078976023e-02,3.462547213693050741e-01,5.635305894340238986e-01,2.225038827982884215e-01,6.521058586806055546e-01,2.313987276158432638e-01,4.563981292920828992e-01,-1.001708031388897774e-01,3.960063830277202879e-01,-1.608068808147945228e-01,6.820745539826023052e-01,-1.912858468796111988e-01,1.922358116512529469e-01,-5.491380504323435385e-01,4.204253066419074147e-01,3.809515895401746621e-01
3.916918641962696679e-01,4.719742428690777425e-01,6.840120019976162480e-01,5.873039756316823096e-02,7.896914567078063829e-01,5.157065302262683337e-01,-5.771056354134020128e-02,6.226753273782880127e-01,7.714487263540051876e-01,6.392708074429073184e-01,-2.244995279182426251e-01,6.232977948253087819e-01,9.319197916369858017e-04,4.541333829927012289e-01,7.981143965140031771e-01,5.329218655950541672e-01,4.057673145493707612e-01,7.040478072354627859e-01,1.000000000000000000e+00,2.779228531398367785e-01,-5.506678920882431827e-01,4.069682822679923095e-01,3.891356736818098461e-01,4.203853780047028255e-01,4.980128278770368233e-01,6.405842503861725046e-01,-1.148292760458171323e-02,6.358841777143392493e-01,3.705766043859882175e-01,6.340753976008546289e-01,-1.290481729395207694e-02,6.077372423161550019e-01,9.962947687872301950e-02,6.470275761304753459e-01,-2.850437651418820384e-02,1.480088349200472109e-01,-3.217709552941682150e-01,5.860355499338590901e-01,3.078683493189762199e-01
6.131151784784950598e-01,-1.200646970864183288e-01,4.038337206819591074e-01,3.691582337791113888e-01,5.597080254897479623e-01,6.602309254135497740e-01,-2.014853289871064088e-02,7.473807527010351004e-01,4.488898645141269905e-01,9.567245554007416941e-02,-7.358391186692196662e-02,1.994154601385685760e-02,-2.254735984858304010e-01,3.077402448699541604e-01,3.753633392733248808e-01,5.197745422615718258e-01,7.309079105209362326e-02,4.591047232489665619e-01,2.779228531398367785e-01,1.000000000000000000e+00,-5.176929919564542404e-01,3.639503887731363463e-01,1.379356368613018358e-01,-1.078695975624796577e-01,3.065146046951761627e-01,3.651800620627194127e-01,3.939817289202275918e-01,5.770959011117949844e-01,2.089146613817850773e-02,2.614568666418795595e-01,-1.301241421390242903e-01,1.710081003766354413e-01,-4.948591618796281955e-01,1.843938722181677758e-01,1.216692567142317778e-02,3.268457420222223853e-01,-3.828455653098786216e-01,4.311688491400841872e-01,6.198550974612500319e-02
-5.748581599322819535e-01,-2.905880753928717919e-01,-6.736620375674536865e-01,-2.663281383255682311e-01,-7.205102225852689779e-01,-6.001643798221903969e-01,-4.614557547808296328e-02,-7.195638231739197588e-01,-6.844616637183624785e-01,-5.633431668965194206e-01,3.102932393327114124e-01,-2.483514185549645925e-01,2.417128761532943981e-01,-4.287007604987109755e-01,-5.600303161132216268e-01,-6.665503752058494769e-01,-2.921554440021623678e-01,-5.416194513870591365e-01,-5.506678920882431827e-01,-5.176929919564542404e-01,1.000000000000000000e+00,-5.329079711993974788e-01,-4.977785212604382004e-01,-3.480967699861072795e-01,-6.185014246294373574e-01,-5.627592529495319962e-01,4.640847184221699034e-02,-6.950399126188380183e-01,-2.425352420334314363e-01,-4.717076581850506156e-01,-6.469813248210391776e-02,-5.881344863005449897e-01,1.575343446787892399e-01,-3.006600900683419897e-01,-1.735783939581898583e-01,-2.459196597844915955e-01,1.444623761050742861e-01,-6.691372577550914746e-01,-3.403977898051687712e-01
5.197418212136594162e-01,2.653079518171643780e-01,6.987461497809140942e-01,3.035195495214669248e-01,5.841396537232608210e-01,5.660288225082793501e-01,4.405343525159866047e-01,6.611301585254453217e-01,4.693030925927698660e-01,4.833154028424166415e-01,-1.504320594717284409e-01,2.132195034836424641e-02,-2.286999989961046587e-01,4.784660029569937634e-01,4.123006224842972189e-01,5.371873246831089244e-01,4.862396066696605401e-01,4.694235873887784294e-01,4.069682822679923095e-01,3.639503887731363463e-01,-5.329079711993974788e-01,1.000000000000000000e+00,4.108307512813027529e-01,2.705018669727076164e-01,5.541046657216820437e-01,6.455968172397514859e-01,6.604371355524626952e-02,6.685571454466049390e-01,3.475363140339395307e-01,3.256201457936876431e-01,1.064095221093701443e-01,5.891941718862750976e-01,-2.010909617449180287e-01,1.982191650900729796e-01,1.353535644786896253e-01,2.732001322253785891e-01,-9.745875531227382593e-02,4.802017326235691330e-01,1.254507261459734402e-01
3.634691422526484250e-01,6.175157231338034292e-01,5.639949773336950800e-01,2.514121225393731729e-01,4.575213857074038049e-01,2.419347291609964534e-01,1.672218792354363825e-01,3.461106426706235251e-01,3.286153362685295121e-01,6.811305740849822321e-01,-1.865969842660307465e-01,2.127753482967263687e-01,-2.153914372572955371e-01,4.672746678287189592e-01,2.376493751031925339e-01,4.893366117553319961e-01,2.469423702688320621e-01,1.320665016966175997e-01,3.891356736818098461e-01,1.379356368613018358e-01,-4.977785212604382004e-01,4.108307512813027529e-01,1.000000000000000000e+00,5.737391483188383212e-01,8.115992889328845772e-01,4.793067407091831655e-01,-4.452833899030268494e-01,4.776625384361037341e-01,2.651779101367835456e-01,3.315544353479907280e-01,2.946249335525213953e-01,6.425016320039463880e-01,1.577509805210244309e-01,-3.981672034945825389e-02,4.057293467162083056e-01,3.198531477845568127e-01,2.763735244330071117e-01,5.803245229865005017e-01,1.496448813867837235e-01
2.152332156844361521e-01,7.381682106058933268e-01,5.181450110931082875e-01,1.954523756463781847e-01,3.790229956311660375e-01,-1.120016670729922885e-02,1.179153420035534000e-01,1.491466277363986404e-01,3.301346876938976993e-01,7.303447615410532112e-01,-3.607872399695143395e-01,3.972836064228069120e-01,-2.548329272719385835e-02,4.110859578365230749e-01,2.782269737861398085e-01,3.992128584690234905e-01,2.580539857208222210e-01,7.953582968078976023e-02,4.203853780047028255e-01,-1.078695975624796577e-01,-3.480967699861072795e-01,2.705018669727076164e-01,5.737391483188383212e-01,1.000000000000000000e+00,5.825705395740411463e-01,4.258159113317376843e-01,-5.135876152398238803e-01,3.930760377748045431e-01,4.026648894294981296e-01,2.811562044758284529e-01,1.998299914282171685e-01,6.395314253852779629e-01,4.031743927290011853e-01,8.885428616475150865e-02,2.600228846057430765e-01,-5.575027610461018301e-02,3.071967154191049820e-01,4.168769674929350688e-01,9.700735138264732216e-02
5.605454787767205627e-01,6.053186849495464372e-01,7.367611324855880550e-01,3.384947526808588236e-01,6.398563165750912329e-01,4.464578858616344292e-01,2.230520065829886822e-01,5.368866319038837487e-01,5.273525269276323479e-01,7.750147362616643942e-01,-3.322597875163570413e-01,2.501526942926882158e-01,-2.510734813120401587e-01,4.551849878621851420e-01,4.075321809100782011e-01,6.973849767306038450e-01,2.466151922731495694e-01,3.462547213693050741e-01,4.980128278770368233e-01,3.065146046951761627e-01,-6.185014246294373574e-01,5.541046657216820437e-01,8.115992889328845772e-01,5.825705395740411463e-01,1.000000000000000000e+00,6.125426875050358211e-01,-3.145700393775694992e-01,6.697608943688098115e-01,2.778508771450761694e-01,4.160736431173984728e-01,2.764752402315963087e-01,7.336493287770277094e-01,1.869727882723592194e-01,1.074226099366754617e-01,3.510086814665859256e-01,3.661845154677995096e-01,1.205085190112481358e-01,6.446996326292594448e-01,2.248017184225231113e-01
3.664697262755833296e-01,4.720907099216025693e-01,7.710168354027362447e-01,2.154138523059753174e-01,6.979664572578460069e-01,5.634387840117751622e-01,3.490863199552997065e-01,6.946601704348123185e-01,6.150301685800054763e-01,6.121965479728812554e-01,-2.512871479283521059e-01,1.506618589496422911e-01,-1.368084796101668166e-01,6.571051470718438647e-01,5.485221332674578010e-01,4.921856898640137867e-01,5.255770879315945221e-01,5.635305894340238986e-01,6.405842503861725046e-01,3.651800620627194127e-01,-5.627592529495319962e-01,6.455968172397514859e-01,4.793067407091831655e-01,4.258159113317376843e-01,6.125426875050358211e-01,1.000000000000000000e+00,-2.238211062637207246e-02,7.699051150986925274e-01,4.753648441566335481e-01,4.170618755338125205e-01,1.019601307115969302e-01,7.090129503786948284e-01,-8.886154196204565023e-03,3.828000078322358335e-01,1.629869107389521621e-01,1.809315882096519668e-01,-1.296093633492225727e-01,5.563913042377321982e-01,1.203992922414365563e-01
3.025882695905014633e-04,-5.302621551084744089e-01,-1.504973102807277419e-01,1.935327235604393792e-01,4.750827080504891470e-02,2.217064507559238229e-01,-7.786368718108130360e-02,2.289988515640560829e-01,2.849894967524158745e-02,-4.954440377221467351e-01,1.718949877978465102e-01,-4.218159649342099332e-02,2.468845797317699708e-01,5.116439478955175924e-02,-1.521109637780554066e-02,-1.589321107062127425e-01,-1.622487309760273569e-02,2.225038827982884215e-01,-1.148292760458171323e-02,3.939817289202275918e-01,4.640847184221699034e-02,6.604371355524626952e-02,-4.452833899030268494e-01,-5.135876152398238803e-01,-3.145700393775694992e-01,-2.238211062637207246e-02,1.000000000000000000e+00,3.157123104463541163e-02,-9.126631871824218353e-03,-1.206859611718443109e-01,-5.514989840164375989e-01,-3.396508265531222315e-01,-3.141538336152054356e-01,1.678295567364846419e-01,-3.793046055897489888e-01,-3.511781513687091405e-02,-4.470676760487225510e-01,-2.701537984950364013e-01,-2.570484713483640049e-01
6.691123025484567721e-01,3.619303814898030547e-01,8.353348707042247412e-01,2.125839225680883349e-01,8.220579882979671682e-01,7.189312953576451060e-01,1.672249224609357043e-01,8.178026213734851391e-01,7.101598291298504284e-01,6.267762995364200007e-01,-3.305731126735145797e-01,2.693252416312469366e-01,-2.803230738392972210e-01,5.704613454541698214e-01,6.504289229304073272e-01,7.695254257875233650e-01,3.698379276307371955e-01,6.521058586806055546e-01,6.358841777143392493e-01,5.770959011117949844e-01,-6.950399126188380183e-01,6.685571454466049390e-01,4.776625384361037341e-01,3.930760377748045431e-01,6.697608943688098115e-01,7.699051150986925274e-01,3.157123104463541163e-02,1.000000000000000000e+00,3.808842642776759102e-01,5.122172495953842830e-01,1.132359913118982792e-01,7.006320982293938737e-01,-1.239104635683671157e-01,3.608536009017994650e-01,1.281970374872248297e-01,2.656994425010044125e-01,-2.317711703064504469e-01,6.479627888736771979e-01,1.959799743816452999e-01
5.436281103374093066e-02,3.043819895591918789e-01,3.657889369746040176e-01,1.503301647704020638e-01,3.246656795811450058e-01,1.844383357293145620e-01,6.979537198937760256e-02,2.807078678463132415e-01,2.922395755538381712e-01,3.474929676125972922e-01,-1.676891970451638014e-01,1.354666389575837349e-01,-5.101303936071658468e-02,5.236508647472458700e-01,2.684091509241905427e-01,1.306671198808948553e-01,4.696086098506381812e-01,2.313987276158432638e-01,3.705766043859882175e-01,2.089146613817850773e-02,-2.425352420334314363e-01,3.475363140339395307e-01,2.651779101367835456e-01,4.026648894294981296e-01,2.778508771450761694e-01,4.753648441566335481e-01,-9.126631871824218353e-03,3.808842642776759102e-01,1.000000000000000000e+00,1.713642547404144734e-01,-2.323143842929582120e-02,5.610265667017448887e-01,1.207926498936152254e-01,2.768262472325100920e-01,-1.562218613686362223e-01,-5.635792598612342219e-02,-6.457985945194440192e-02,2.159532642573462335e-01,5.522825955611396220e-02
4.291732428503237662e-01,3.863707854450514900e-01,6.127832838007202243e-01,2.010453733582381539e-02,6.303066545894719930e-01,4.572023089446845545e-01,-1.161738537150280304e-01,4.872405577565285251e-01,6.720375187269931327e-01,5.856428163249276508e-01,-1.714881823275718198e-01,4.560641287373862207e-01,-2.180078546526460492e-01,3.187039054964277418e-01,6.468027364590409611e-01,6.039461374635308744e-01,2.664714916546053747e-01,4.563981292920828992e-01,6.340753976008546289e-01,2.614568666418795595e-01,-4.717076581850506156e-01,3.256201457936876431e-01,3.315544353479907280e-01,2.811562044758284529e-01,4.160736431173984728e-01,4.170618755338125205e-01,-1.206859611718443109e-01,5.122172495953842830e-01,1.713642547404144734e-01,1.000000000000000000e+00,2.054353370835529657e-01,4.872517298855787438e-01,6.361632249175608322e-02,3.885461155170708003e-01,-6.246640650085022450e-02,1.713619127683455590e-01,-3.285868632317336946e-01,5.671434996399290496e-01,2.596893983772691206e-01
1.629419394884300543e-01,2.767480832391979173e-01,2.054551529428033652e-01,-2.687778016893853650e-01,6.243947768789431807e-02,2.281034908270057268e-02,-3.630555824412329269e-02,-1.933367041028935529e-02,6.136339902078422059e-02,3.478215977014776916e-01,-1.330902412426138992e-01,3.794401050259060132e-02,-7.016824147309206339e-01,-3.362212471732013534e-03,4.762950311844052487e-02,2.886602391266918644e-01,1.987664126137228190e-02,-1.001708031388897774e-01,-1.290481729395207694e-02,-1.301241421390242903e-01,-6.469813248210391776e-02,1.064095221093701443e-01,2.946249335525213953e-01,1.998299914282171685e-01,2.764752402315963087e-01,1.019601307115969302e-01,-5.514989840164375989e-01,1.132359913118982792e-01,-2.323143842929582120e-02,2.054353370835529657e-01,1.000000000000000000e+00,3.261174905422146719e-01,1.021105149505915910e-01,-1.494288243228377444e-01,3.807743123997742174e-01,6.479094341479972596e-02,2.404229532298042260e-01,3.537871059309694033e-01,2.465614512706550410e-01
4.653554813337679730e-01,6.227897613944320954e-01,7.900092914181147119e-01,2.133395692905055985e-01,6.925847615051528017e-01,4.729148181498420422e-01,1.512687618444573390e-01,5.129743596855260712e-01,6.181207554821755989e-01,8.054923625301209089e-01,-2.948958072856553980e-01,3.326223092094401368e-01,-2.888878408902494366e-01,5.702888201660121226e-01,5.250307163513545650e-01,6.528663762461301978e-01,4.244928779056557078e-01,3.960063830277202879e-01,6.077372423161550019e-01,1.710081003766354413e-01,-5.881344863005449897e-01,5.891941718862750976e-01,6.425016320039463880e-01,6.395314253852779629e-01,7.336493287770277094e-01,7.090129503786948284e-01,-3.396508265531222315e-01,7.006320982293938737e-01,5.610265667017448887e-01,4.872517298855787438e-01,3.261174905422146719e-01,1.000000000000000000e+00,2.445632650977293543e-01,2.940176261953632020e-01,2.540525216461954616e-01,1.253028143002761774e-01,6.460291537609796908e-02,6.780021235785977929e-01,3.043093089037059440e-01
-2.906202990756874271e-01,3.469571840608467461e-01,5.608790422662314479e-02,-3.772677298780420865e-03,-8.232347503576786796e-02,-2.182104063128628424e-01,1.256398064694176919e-01,-3.943759745609690670e-01,1.889058099811090699e-02,3.363092861667673628e-01,-1.510665043136950048e-01,1.886146895435061865e-01,2.182425035405342884e-01,-6.168073514008095420e-02,-6.389040959242951734e-02,-3.304377708830778804e-02,-6.637110638583461342e-02,-1.608068808147945228e-01,9.962947687872301950e-02,-4.948591618796281955e-01,1.575343446787892399e-01,-2.010909617449180287e-01,1.577509805210244309e-01,4.031743927290011853e-01,1.869727882723592194e-01,-8.886154196204565023e-03,-3.141538336152054356e-01,-1.239104635683671157e-01,1.207926498936152254e-01,6.361632249175608322e-02,1.021105149505915910e-01,2.445632650977293543e-01,1.000000000000000000e+00,4.690931439681866877e-02,1.284452020244733310e-02,-1.563131538380780616e-01,1.849562541254378689e-01,-1.306345286691893148e-01,-6.255871257219255098e-03
1.863890311025037660e-01,2.633811367206774501e-02,4.174685232502871601e-01,-1.328968573675028131e-01,5.387062311766616096e-01,4.745159008015646385e-01,-9.178458185925013335e-02,4.390130976349903569e-01,6.932657190014446247e-01,2.674146144245574952e-01,-1.089755271135417133e-02,3.642349404520513478e-01,7.474025162186795357e-02,1.336162270165876242e-01,7.328121977611476989e-01,2.570322358697068599e-01,2.776804404379733526e-01,6.820745539826023052e-01,6.470275761304753459e-01,1.843938722181677758e-01,-3.006600900683419897e-01,1.982191650900729796e-01,-3.981672034945825389e-02,8.885428616475150865e-02,1.074226099366754617e-01,3.828000078322358335e-01,1.678295567364846419e-01,3.608536009017994650e-01,2.768262472325100920e-01,3.885461155170708003e-01,-1.494288243228377444e-01,2.940176261953632020e-01,4.690931439681866877e-02,1.000000000000000000e+00,-3.224265233736425817e-01,-5.441844619420623669e-02,-5.373481811746626535e-01,2.827124529686823040e-01,4.759901518783885566e-01
1.542646463879814855e-01,2.107685002028468202e-01,1.026862577838190543e-01,-2.428435768522946986e-02,6.845436948273163347e-02,-8.835981981406391961e-02,1.264467702609443078e-01,-7.127481721404690072e-03,-6.947957369367602221e-02,2.454543914119888537e-01,-2.168415335187870163e-01,1.206630862304414187e-02,-1.899382706018616085e-01,1.871438408752320037e-01,-5.787031164655060539e-02,2.269565436071856179e-01,-1.921534464271687503e-01,-1.912858468796111988e-01,-2.850437651418820384e-02,1.216692567142317778e-02,-1.735783939581898583e-01,1.353535644786896253e-01,4.057293467162083056e-01,2.600228846057430765e-01,3.510086814665859256e-01,1.629869107389521621e-01,-3.793046055897489888e-01,1.281970374872248297e-01,-1.562218613686362223e-01,-6.246640650085022450e-02,3.807743123997742174e-01,2.540525216461954616e-01,1.284452020244733310e-02,-3.224265233736425817e-01,1.000000000000000000e+00,1.874182789180010023e-01,6.800520303885538853e-01,3.199443672642718339e-01,1.057400467168305158e-01
3.958743169283265306e-01,1.095783551051166954e-01,2.521140388207236960e-01,2.125362301987215319e-01,2.310008341259116582e-01,3.148041788728178081e-01,2.336317192638662776e-01,3.346099390927374517e-01,1.345518380006385795e-01,2.364873524948395977e-01,-2.037160174511913613e-02,-5.096230984937669822e-02,-7.872159604774725539e-02,1.717902203409223394e-01,1.920754231682106072e-01,3.409387165490104232e-01,9.566376041806923247e-02,1.922358116512529469e-01,1.480088349200472109e-01,3.268457420222223853e-01,-2.459196597844915955e-01,2.732001322253785891e-01,3.198531477845568127e-01,-5.575027610461018301e-02,3.661845154677995096e-01,1.809315882096519668e-01,-3.511781513687091405e-02,2.656994425010044125e-01,-5.635792598612342219e-02,1.713619127683455590e-01,6.479094341479972596e-02,1.253028143002761774e-01,-1.563131538380780616e-01,-5.441844619420623669e-02,1.874182789180010023e-01,1.000000000000000000e+00,4.873476809123236664e-02,3.257161754779586693e-01,6.750202041431591082e-02
-1.677828421010201521e-01,2.536241263109224042e-01,-1.970851531954175839e-01,-2.340848700035171037e-02,-3.268267659650876400e-01,-4.858815802022758978e-01,1.575302710162123920e-01,-4.203121866082057401e-01,-4.254535278215174077e-01,8.088750606532500720e-02,-1.683439664399946911e-01,-8.847269194405012194e-02,4.797324072635109765e-02,3.720367649697194773e-02,-3.835878693505864190e-01,-1.381480435901395742e-01,-1.463798065832381257e-01,-5.491380504323435385e-01,-3.217709552941682150e-01,-3.828455653098786216e-01,1.444623761050742861e-01,-9.745875531227382593e-02,2.763735244330071117e-01,3.071967154191049820e-01,1.205085190112481358e-01,-1.296093633492225727e-01,-4.470676760487225510e-01,-2.317711703064504469e-01,-6.457985945194440192e-02,-3.285868632317336946e-01,2.404229532298042260e-01,6.460291537609796908e-02,1.849562541254378689e-01,-5.373481811746626535e-01,6.800520303885538853e-01,4.873476809123236664e-02,1.000000000000000000e+00,-4.545841607325705469e-02,-1.538805341540588900e-01
6.717380923865008402e-01,4.768522824171200214e-01,7.038000046723398295e-01,2.063785171996916079e-01,7.582135532786685728e-01,5.316121748063041830e-01,-6.842542760148787040e-02,6.487185168696566473e-01,6.793141155046984458e-01,6.502036958496690833e-01,-1.505114742265696581e-01,3.478155653113952916e-01,-4.122583845254039203e-01,4.579140149502120560e-01,5.756818659970532881e-01,7.304722301500774506e-01,2.884164945442826977e-01,4.204253066419074147e-01,5.860355499338590901e-01,4.311688491400841872e-01,-6.691372577550914746e-01,4.802017326235691330e-01,5.803245229865005017e-01,4.168769674929350688e-01,6.446996326292594448e-01,5.563913042377321982e-01,-2.701537984950364013e-01,6.479627888736771979e-01,2.159532642573462335e-01,5.671434996399290496e-01,3.537871059309694033e-01,6.780021235785977929e-01,-1.306345286691893148e-01,2.827124529686823040e-01,3.199443672642718339e-01,3.257161754779586693e-01,-4.545841607325705469e-02,1.000000000000000000e+00,4.408198937646274906e-01
2.369557498688104613e-01,3.521614788633088688e-02,2.456722292994960311e-01,-1.798224797351165583e-01,3.338498903846836563e-01,2.477792448688537486e-01,-1.687358968131094095e-01,2.277401429198653016e-01,4.968394105249001602e-01,3.413823512505318458e-01,-5.144929941744862817e-02,1.956359223875733244e-01,-2.323283756071528317e-01,-5.152611194250223542e-02,4.732303875650558656e-01,3.334356586757923901e-01,8.600155983016936900e-02,3.809515895401746621e-01,3.078683493189762199e-01,6.198550974612500319e-02,-3.403977898051687712e-01,1.254507261459734402e-01,1.496448813867837235e-01,9.700735138264732216e-02,2.248017184225231113e-01,1.203992922414365563e-01,-2.570484713483640049e-01,1.959799743816452999e-01,5.522825955611396220e-02,2.596893983772691206e-01,2.465614512706550410e-01,3.043093089037059440e-01,-6.255871257219255098e-03,4.759901518783885566e-01,1.057400467168305158e-01,6.750202041431591082e-02,-1.538805341540588900e-01,4.408198937646274906e-01,1.000000000000000000e+00
