1.000000000000000000e+00,4.987170852981148705e-01,2.867168166976805446e-02,-1.628789695619464739e-01,3.073014546888683252e-01,3.968877837677282083e-01,-1.700552774954401380e-01,-1.282125738223862006e-02,6.325509014823681442e-01,3.370451764050534371e-01,3.786604063451967095e-01,6.189451112572923464e-01,-4.654252326509302762e-01,4.884309634571258885e-01,5.738479791677625341e-01,4.696716072562769906e-01,3.295151401310365546e-01,5.395554710664646203e-01,3.427721100759871242e-01,-3.963431478569313243e-02,-3.156310918535760179e-01,-1.593571645258733405e-01,4.027031244683731970e-01,2.439808295580198905e-01,3.696054727975932042e-01,1.922576321404364241e-01,4.749245467369053175e-01,-3.046997368399940731e-01,3.256952033696275950e-01,1.912597170359235654e-01,1.028494053119260593e-01,3.570303922687375620e-01,-3.896781463752150843e-01,5.791819939320276278e-01,3.162467608687806742e-01,3.996516617981215047e-01,2.073477695107787955e-01,6.534047228038861732e-01,6.038795902502525070e-01
4.987170852981148705e-01,1.000000000000000000e+00,3.694993644926448939e-02,-2.236331476566499887e-01,1.826916243699126252e-01,3.263907082650237546e-01,-8.647491926264552027e-04,7.077368228130972994e-02,6.664364170861188930e-01,6.480237941686479708e-01,3.017982318229990857e-01,6.529884976942913477e-01,-1.077370967192222695e-01,5.815905869123154659e-01,6.339932528533962497e-01,3.879087616062353860e-01,4.673880226289106044e-01,4.973544556077925671e-01,4.507484851755035882e-01,-8.776356824180982230e-02,-3.973596534158350679e-01,1.311795141194627701e-01,4.820228694434331440e-01,3.205876645169943862e-01,4.537345620528849821e-01,-5.276302988392846810e-02,6.679548607168067642e-01,-4.595189910725967497e-01,-8.361223352703391065e-02,2.757457571934568419e-01,2.614121984782746821e-01,5.697754147017103366e-01,-4.408002944648723997e-01,6.352584116151113180e-01,3.553472118011040681e-01,3.459699035864899908e-01,3.494754193358580174e-01,6.114151551245017302e-01,6.524963170205663188e-01
2.867168166976805446e-02,3.694993644926448939e-02,1.000000000000000000e+00,5.750834322022805312e-01,5.735860671775496744e-01,-3.845776420522384331e-01,6.482672840600687270e-01,-7.157732281056518042e-01,-8.260122698594540847e-02,3.910795609852394938e-01,-4.269565273850967624e-01,-1.948012473543281331e-01,4.058708484014100226e-01,4.012445364805320575e-02,-1.427610862058579788e-01,3.762219955013619277e-01,-3.276155653570471671e-01,3.361868261042540995e-01,4.478973266546488752e-01,4.990699258045599995e-01,3.420723993154611842e-01,5.422356879318019907e-01,-2.393331866005458941e-01,-5.092337181070862029e-02,-3.099609111359152291e-01,5.999685142524783243e-01,-2.504815342060069325e-02,5.262106061016739167e-01,-1.119011809271004548e-01,5.266411275147293569e-01,5.332226880491880427e-01,-2.358718354437321640e-01,4.516022334593891019e-01,-1.962600549616070056e-01,-1.813504617189842794e-01,2.608920544105446937e-01,4.666916483182007719e-02,-1.615082706499350595e-01,-2.152492218217955389e-01
-1.628789695619464739e-01,-2.236331476566499887e-01,5.750834322022805312e-01,1.000000000000000000e+00,2.771675144600213025e-01,-6.204912694274390406e-01,6.696038259023051609e-01,-5.048449853982807101e-01,-2.534999277915728211e-01,2.210125858500664175e-01,-6.716255668885360297e-01,-3.590779760409132382e-01,4.159264896143699541e-01,-3.316014485401087009e-01,-2.547266193735618356e-01,3.327774945324364908e-01,-6.218787942813561731e-01,2.128692960659238353e-01,3.708082988586027806e-01,6.653257081367134340e-01,2.692070015303678066e-01,5.429096663432662062e-01,-5.211024074157186714e-01,-2.469839683360159910e-01,-6.079228081455395616e-01,4.022516537442676343e-01,-4.245771291612235876e-01,6.216507844787869663e-01,-2.581103455961772930e-01,5.812126500647318839e-01,2.484632435456042288e-01,-5.710747124783575046e-01,4.258299347093582043e-01,-4.370058975979171367e-01,-3.982441860483205143e-01,-2.890996387504245896e-02,-1.539745226881768514e-01,-3.550017186915900291e-01,-3.960541322852800805e-01
3.073014546888683252e-01,1.826916243699126252e-01,5.735860671775496744e-01,2.771675144600213025e-01,1.000000000000000000e+00,-1.134348966705375356e-01,3.252018034692430448e-01,-4.881816782844460301e-01,2.455939653651868504e-01,3.340139313020042411e-01,-1.495027765411061638e-01,1.514113510357167069e-01,1.201074311000937256e-01,2.427655684482161735e-01,1.387352038131985932e-01,3.689063234450145057e-01,-1.162020747899595308e-01,5.705433551120402402e-01,5.242010439302144942e-01,3.754028370463933784e-01,8.735345665972649165e-02,3.666381310392359816e-01,-4.565859474098566545e-02,1.071954339766994710e-02,-8.788402654878607612e-02,5.680494871558073866e-01,1.701322950423062030e-01,2.548747317766012488e-01,8.169062670700717732e-02,3.224728755148749682e-01,4.615474657170806072e-01,-3.075840672462044900e-02,2.638600566245306034e-01,1.468343517782624286e-01,-1.151417825092353707e-02,4.041098623615869134e-01,5.922413087992908776e-02,2.384787105554051212e-01,1.255380432545378511e-01
3.968877837677282083e-01,3.263907082650237546e-01,-3.845776420522384331e-01,-6.204912694274390406e-01,-1.134348966705375356e-01,1.000000000000000000e+00,-6.061005880231299381e-01,3.378344760619214626e-01,3.578960302841241448e-01,-5.337963450305818931e-03,7.895260320841658297e-01,4.654094632781661800e-01,-5.271326419483022274e-01,5.488867611392277412e-01,3.092848418640012920e-01,-9.238831836708880432e-03,7.289715959203540985e-01,3.400903782310163437e-02,-2.097960632917305057e-01,-4.159525692087191473e-01,-2.495158261254834808e-01,-4.897130651648268773e-01,7.443711588965448156e-01,5.681801159090289488e-01,7.707231465854725849e-01,-1.448515007353711470e-01,4.518496981174320859e-01,-5.054715994835785597e-01,5.081473338105483295e-01,-3.787426774735478952e-01,-9.746741045881200660e-02,6.743978027461264846e-01,-4.046877997744764421e-01,4.840312755282741852e-01,6.017898878404140950e-01,3.434812865781300406e-01,4.196860619881374599e-01,4.606095970142086715e-01,4.776801814664728418e-01
-1.700552774954401380e-01,-8.647491926264552027e-04,6.482672840600687270e-01,6.696038259023051609e-01,3.252018034692430448e-01,-6.061005880231299381e-01,1.000000000000000000e+00,-5.121516509864555422e-01,-1.764702633210783744e-01,3.895639483677024173e-01,-6.359731776269655912e-01,-2.948895262146467022e-01,6.097565810840117617e-01,-1.510319617430816719e-01,-1.791452358885076424e-01,2.556568162030868896e-01,-4.901298744596698231e-01,2.260127529632350585e-01,4.466547529358294022e-01,5.745561163917526359e-01,2.145405673428568971e-01,6.856954420842774622e-01,-4.202967065612932540e-01,-2.451535387790801102e-01,-4.904480271713434480e-01,3.532441043128498603e-01,-1.543827697340852123e-01,5.024490612361155462e-01,-4.049978033797475563e-01,5.752757921367303018e-01,4.427347707060720339e-01,-3.953551099449001960e-01,3.747152986382661921e-01,-3.185496402431448604e-01,-3.380749389932338200e-01,-1.847882300340642631e-02,-1.231130413936303014e-01,-3.047490460465549500e-01,-3.176915182064099508e-01
-1.282125738223862006e-02,7.077368228130972994e-02,-7.157732281056518042e-01,-5.048449853982807101e-01,-4.881816782844460301e-01,3.378344760619214626e-01,-5.121516509864555422e-01,1.000000000000000000e+00,1.197675372935936289e-01,-2.694949622772220832e-01,3.590424256767715816e-01,2.051353309339186137e-01,-2.419324066644010784e-01,1.031441248542003253e-01,1.422221829825169870e-01,-3.837907393615835328e-01,3.329057177157634384e-01,-2.638394196968502081e-01,-3.392368367510914529e-01,-3.982294005644665957e-01,-3.437663403920151461e-01,-3.660777734177053100e-01,2.735764291884698052e-01,7.465964623188893479e-02,3.166346286068690286e-01,-5.867318032004763539e-01,1.190771465073432317e-01,-5.248460077230524545e-01,4.297782120240694476e-02,-4.577507054799391795e-01,-4.516113594641388840e-01,2.571245225771409681e-01,-4.159114276242090735e-01,1.898302930013927858e-01,2.658340715495600692e-01,-1.887203973493602471e-01,-4.400551491051031550e-02,1.594305773105075819e-01,2.280393524321160659e-01
6.325509014823681442e-01,6.664364170861188930e-01,-8.260122698594540847e-02,-2.534999277915728211e-01,2.455939653651868504e-01,3.578960302841241448e-01,-1.764702633210783744e-01,1.197675372935936289e-01,1.000000000000000000e+00,4.463055153992859792e-01,3.585661060604455885e-01,7.884502567213335089e-01,-3.735145576815022128e-01,4.449873791011685897e-01,7.657252421575936330e-01,3.905949590717665010e-01,4.143927686954126943e-01,6.197927945893315638e-01,4.902283483647260076e-01,-1.196753395555639476e-01,-5.333927857508906634e-01,-4.113433533319778984e-02,3.940938038289632517e-01,1.323182486238836941e-01,3.942205898908933692e-01,-9.502494750503449883e-02,5.586696220104090393e-01,-5.445025327104980883e-01,-2.155914149304725275e-02,2.162861153626534083e-01,4.501695070476813276e-02,4.333977337031908461e-01,-5.633374111281223007e-01,7.567928127708348773e-01,2.676036271080234896e-01,2.905282181587015011e-01,1.037913956463658999e-01,7.829976646590564027e-01,7.814373416855010523e-01
3.370451764050534371e-01,6.480237941686479708e-01,3.910795609852394938e-01,2.210125858500664175e-01,3.340139313020042411e-01,-5.337963450305818931e-03,3.895639483677024173e-01,-2.694949622772220832e-01,4.463055153992859792e-01,1.000000000000000000e+00,-6.801730721304304061e-02,3.774692193425010500e-01,1.603623201531475528e-01,4.040401684167679308e-01,4.341991118175460573e-01,6.103924167786611843e-01,1.397068571016701899e-01,5.490934150960775639e-01,6.073086545129047220e-01,2.807948759859152377e-01,-1.704517856291245248e-01,4.288583349425208469e-01,2.108218801296259104e-01,2.741363355178593197e-01,1.377760709060944777e-01,2.295445774645400727e-01,3.938070437545396207e-01,-3.175368713084825850e-02,-1.837644087652657021e-01,6.110051265110729712e-01,4.715968928423515671e-01,2.666601568722102855e-01,-1.172695583251124468e-01,3.449609764730089401e-01,1.381015199165968044e-01,3.937263140735624001e-01,3.619781865785471342e-01,3.374067808436875260e-01,3.609437226621389772e-01
3.786604063451967095e-01,3.017982318229990857e-01,-4.269565273850967624e-01,-6.716255668885360297e-01,-1.495027765411061638e-01,7.895260320841658297e-01,-6.359731776269655912e-01,3.590424256767715816e-01,3.585661060604455885e-01,-6.801730721304304061e-02,1.000000000000000000e+00,4.647195146526174048e-01,-5.531570689692665299e-01,4.913686224601513386e-01,3.118589633814541906e-01,-7.093179950887842922e-02,7.192563775818502370e-01,-2.124121491509214975e-04,-2.451665705125628814e-01,-4.880896067309083430e-01,-2.881668079003705807e-01,-5.352225438657272072e-01,7.001847048088378767e-01,4.779058483521721468e-01,7.528477682026442075e-01,-2.122270020742010321e-01,4.499686360788910933e-01,-5.601812800728909192e-01,4.701487042240456438e-01,-4.307205897006753381e-01,-1.599085854092552328e-01,6.572292461046810308e-01,-4.396013475739037890e-01,4.977179360787488682e-01,5.390992643661562944e-01,2.637097157920857970e-01,3.334657381498243867e-01,4.654196057193664138e-01,4.799950155630049453e-01
6.189451112572923464e-01,6.529884976942913477e-01,-1.948012473543281331e-01,-3.590779760409132382e-01,1.514113510357167069e-01,4.654094632781661800e-01,-2.948895262146467022e-01,2.051353309339186137e-01,7.884502567213335089e-01,3.774692193425010500e-01,4.647195146526174048e-01,1.000000000000000000e+00,-4.333032817008913851e-01,4.642598169072705283e-01,7.558093919157109486e-01,3.151425376763447028e-01,5.044813859501610098e-01,5.455256174334753849e-01,3.859210964477627348e-01,-1.970863491174469073e-01,-5.519936043292138494e-01,-1.325121076093445094e-01,4.864599973043486902e-01,2.100690826519784615e-01,4.900717088606453831e-01,-1.651192244761703343e-01,5.728470230171542887e-01,-6.097554089860560689e-01,3.889525557783798243e-02,9.923464316492602855e-02,-8.880573936279934771e-03,5.107040406929252985e-01,-6.053751440063099842e-01,7.710475996870883586e-01,3.377163602638232898e-01,2.767263069804052900e-01,1.566827632877406673e-01,7.886243356294122542e-01,7.994532075094986645e-01
-4.654252326509302762e-01,-1.077370967192222695e-01,4.058708484014100226e-01,4.159264896143699541e-01,1.201074311000937256e-01,-5.271326419483022274e-01,6.097565810840117617e-01,-2.419324066644010784e-01,-3.735145576815022128e-01,1.603623201531475528e-01,-5.531570689692665299e-01,-4.333032817008913851e-01,1.000000000000000000e+00,-1.401153249638658616e-01,-3.663149072411024942e-01,-1.458897920358678546e-01,-3.611362518370839214e-01,-9.033596833891392730e-02,1.646316484961502791e-01,3.722666601505077444e-01,3.194269021934699193e-01,6.213245300439461660e-01,-3.355390048798357894e-01,-1.620091707840740636e-01,-3.832274302143872657e-01,1.625601360725574263e-01,-1.662851541474478501e-01,4.251368254306974737e-01,-4.195309794244684864e-01,2.275849993395828164e-01,3.787643576715302163e-01,-2.851174161073412039e-01,4.610388435871815016e-01,-4.332704398139709534e-01,-2.249394776088129710e-01,-1.138722254475514756e-01,-9.508960804492030960e-02,-4.669249775614034426e-01,-4.398040367538782469e-01
4.884309634571258885e-01,5.815905869123154659e-01,4.012445364805320575e-02,-3.316014485401087009e-01,2.427655684482161735e-01,5.488867611392277412e-01,-1.510319617430816719e-01,1.031441248542003253e-01,4.449873791011685897e-01,4.040401684167679308e-01,4.913686224601513386e-01,4.642598169072705283e-01,-1.401153249638658616e-01,1.000000000000000000e+00,3.565099269664291914e-01,2.280758852896380140e-01,5.785461648590302097e-01,3.016077982367422194e-01,1.645132400516498838e-01,-1.192667142034940925e-01,-1.332838360580508030e-01,-2.899938185213682754e-02,6.663183927761416880e-01,5.699764634073118952e-01,6.291435274886272300e-01,1.565928004490808323e-01,6.533315643918218285e-01,-3.070459574490403964e-01,3.376567528623687364e-01,-1.055790878755448817e-02,3.214866494246818029e-01,6.277145826541602469e-01,-2.138148382569695360e-01,4.706848277867790031e-01,6.032898133868093149e-01,5.512314745366959645e-01,4.718018172973086899e-01,4.597672226836549414e-01,4.748562129119311415e-01
5.738479791677625341e-01,6.339932528533962497e-01,-1.427610862058579788e-01,-2.547266193735618356e-01,1.387352038131985932e-01,3.092848418640012920e-01,-1.791452358885076424e-01,1.422221829825169870e-01,7.657252421575936330e-01,4.341991118175460573e-01,3.118589633814541906e-01,7.558093919157109486e-01,-3.663149072411024942e-01,3.565099269664291914e-01,1.000000000000000000e+00,3.904619988398853603e-01,3.669184470279697741e-01,5.428577383319028726e-01,4.505113601034502202e-01,-1.181161818423370619e-01,-5.621738523946103738e-01,-6.036745891463440178e-02,3.531492618298042174e-01,1.015521706057725820e-01,3.483328611453820334e-01,-1.398065727321050611e-01,4.982875333609225743e-01,-5.231453308160206594e-01,-7.130698986993486144e-02,2.372070578758657400e-01,2.564300174652721018e-02,3.909162484818743954e-01,-6.013944688434130770e-01,7.476830144535310252e-01,1.920943702901374006e-01,2.365366029381729407e-01,7.949484745582750811e-02,7.300055271564014348e-01,7.458285888717646195e-01
4.696716072562769906e-01,3.879087616062353860e-01,3.762219955013619277e-01,3.327774945324364908e-01,3.689063234450145057e-01,-9.238831836708880432e-03,2.556568162030868896e-01,-3.837907393615835328e-01,3.905949590717665010e-01,6.103924167786611843e-01,-7.093179950887842922e-02,3.151425376763447028e-01,-1.458897920358678546e-01,2.280758852896380140e-01,3.904619988398853603e-01,1.000000000000000000e+00,-3.338617414252643967e-02,5.511010463619891997e-01,5.351623868131449857e-01,3.300959994999698166e-01,-9.615118184107700194e-02,1.990930766135515784e-01,7.348600006353388225e-02,2.205246664034913873e-01,-5.774658436107041760e-04,4.308120149387729692e-01,1.428422246935046047e-01,1.451103461517209703e-01,8.952402108300387684e-02,6.522118650358649239e-01,3.385349498095756027e-01,4.037368991733810558e-02,-8.050769560108043954e-02,2.688793711133671827e-01,3.865992409751557030e-02,4.256557958052036295e-01,2.880857830573103073e-01,3.231156958168038829e-01,2.877047326026832552e-01
3.295151401310365546e-01,4.673880226289106044e-01,-3.276155653570471671e-01,-6.218787942813561731e-01,-1.162020747899595308e-01,7.289715959203540985e-01,-4.901298744596698231e-01,3.329057177157634384e-01,4.143927686954126943e-01,1.397068571016701899e-01,7.192563775818502370e-01,5.044813859501610098e-01,-3.611362518370839214e-01,5.785461648590302097e-01,3.669184470279697741e-01,-3.338617414252643967e-02,1.000000000000000000e+00,6.360309737036851097e-02,-9.980035071590516449e-02,-4.326014347781980685e-01,-3.111851116873879386e-01,-3.380263155290740285e-01,7.313222827049704611e-01,5.230226419629069312e-01,7.621242080473655811e-01,-2.238340309216310386e-01,5.592009246625588847e-01,-5.662485197138333870e-01,3.003567194064108992e-01,-3.013880258849948035e-01,-2.496338721129575874e-02,7.448473825509031032e-01,-4.268780864539553077e-01,5.468093291057574135e-01,5.853425308354307521e-01,3.221088102226861705e-01,4.208008989004001221e-01,4.737483458026465755e-01,5.333431707091847995e-01
5.395554710664646203e-01,4.973544556077925671e-01,3.361868261042540995e-01,2.128692960659238353e-01,5.705433551120402402e-01,3.400903782310163437e-02,2.260127529632350585e-01,-2.638394196968502081e-01,6.197927945893315638e-01,5.490934150960775639e-01,-2.124121491509214975e-04,5.455256174334753849e-01,-9.033596833891392730e-02,3.016077982367422194e-01,5.428577383319028726e-01,5.511010463619891997e-01,6.360309737036851097e-02,1.000000000000000000e+00,7.240469398258064793e-01,3.488839324521083585e-01,-2.737357402427996744e-01,3.271786617049611268e-01,1.330876144174302222e-01,6.318073664531106970e-02,7.943661329313049524e-02,2.579997520258819899e-01,2.985181447547134437e-01,-1.065195579165630624e-01,-6.839875055493911671e-02,4.775163977016170236e-01,2.593986962695232767e-01,1.351006546974390099e-01,-1.768530326439171629e-01,4.635276014564119196e-01,6.920896591203107295e-02,3.525386438454534699e-01,9.101421696474808198e-02,5.759838286128557971e-01,5.016125184436351914e-01
3.427721100759871242e-01,4.507484851755035882e-01,4.478973266546488752e-01,3.708082988586027806e-01,5.242010439302144942e-01,-2.097960632917305057e-01,4.466547529358294022e-01,-3.392368367510914529e-01,4.902283483647260076e-01,6.073086545129047220e-01,-2.451665705125628814e-01,3.859210964477627348e-01,1.646316484961502791e-01,1.645132400516498838e-01,4.505113601034502202e-01,5.351623868131449857e-01,-9.980035071590516449e-02,7.240469398258064793e-01,1.000000000000000000e+00,4.534741998939065266e-01,-2.020168439969252938e-01,5.390623502128424338e-01,-5.125531524479064183e-02,-7.584620047734386139e-02,-1.164892607519442819e-01,2.785415929285066095e-01,1.986573061416758990e-01,3.625763972975190597e-02,-3.100636149612142622e-01,6.271241796931843471e-01,3.485251688972488826e-01,-2.749924051562217461e-02,-9.984800300075269419e-02,3.200810728155572549e-01,-6.564814700161654415e-02,2.690425057454922109e-01,-3.828725990772031094e-03,3.917970218293930773e-01,3.518428972687162593e-01
-3.963431478569313243e-02,-8.776356824180982230e-02,4.990699258045599995e-01,6.653257081367134340e-01,3.754028370463933784e-01,-4.159525692087191473e-01,5.745561163917526359e-01,-3.982294005644665957e-01,-1.196753395555639476e-01,2.807948759859152377e-01,-4.880896067309083430e-01,-1.970863491174469073e-01,3.722666601505077444e-01,-1.192667142034940925e-01,-1.181161818423370619e-01,3.300959994999698166e-01,-4.326014347781980685e-01,3.488839324521083585e-01,4.534741998939065266e-01,1.000000000000000000e+00,1.639580907706722768e-01,5.872697732358831413e-01,-2.806251394927132825e-01,-3.337920698967109662e-02,-3.762007606698614670e-01,4.477930154541387986e-01,-2.908458994241845952e-01,5.267859812024532351e-01,-1.271385757277507522e-01,4.963471269493583971e-01,3.085410929612469322e-01,-3.553434648381657013e-01,3.431455807028332416e-01,-2.904866402300255168e-01,-2.052388701759574330e-01,1.011052662138831326e-01,8.659938074008225600e-03,-1.842583992412807070e-01,-2.614540239486518036e-01
-3.156310918535760179e-01,-3.973596534158350679e-01,3.420723993154611842e-01,2.692070015303678066e-01,8.735345665972649165e-02,-2.495158261254834808e-01,2.145405673428568971e-01,-3.437663403920151461e-01,-5.333927857508906634e-01,-1.704517856291245248e-01,-2.881668079003705807e-01,-5.519936043292138494e-01,3.194269021934699193e-01,-1.332838360580508030e-01,-5.621738523946103738e-01,-9.615118184107700194e-02,-3.111851116873879386e-01,-2.737357402427996744e-01,-2.020168439969252938e-01,1.639580907706722768e-01,1.000000000000000000e+00,1.771208013789639102e-01,-2.168994077121821351e-01,7.938676713442299748e-02,-2.545915434604509864e-01,3.354462769913338360e-01,-3.426503763254321044e-01,5.336427653595744447e-01,1.580540110186485492e-01,-4.328683383688260861e-02,1.188199732490745619e-01,-2.749619958124868702e-01,6.689597133933363748e-01,-5.398290085264136895e-01,-9.424955711082723397e-02,7.462100229851013899e-02,1.351829318316845885e-01,-5.054139650664070116e-01,-5.533645978491867901e-01
-1.593571645258733405e-01,1.311795141194627701e-01,5.422356879318019907e-01,5.429096663432662062e-01,3.666381310392359816e-01,-4.897130651648268773e-01,6.856954420842774622e-01,-3.660777734177053100e-01,-4.113433533319778984e-02,4.288583349425208469e-01,-5.352225438657272072e-01,-1.325121076093445094e-01,6.213245300439461660e-01,-2.899938185213682754e-02,-6.036745891463440178e-02,1.990930766135515784e-01,-3.380263155290740285e-01,3.271786617049611268e-01,5.390623502128424338e-01,5.872697732358831413e-01,1.771208013789639102e-01,1.000000000000000000e+00,-2.679950469105127353e-01,-1.264215647131625431e-01,-3.443132298727768492e-01,2.685059682603915254e-01,-6.875982246077329274e-02,3.561852338417969555e-01,-4.152443042619505809e-01,4.892562860542325476e-01,4.174115674077518157e-01,-2.520249841791287748e-01,3.417490889614769323e-01,-1.681301232398089429e-01,-2.152117068182316795e-01,9.623505514447906750e-02,-4.070889659893706103e-02,-1.526428488185668786e-01,-1.589386225079324755e-01
4.027031244683731970e-01,4.820228694434331440e-01,-2.393331866005458941e-01,-5.211024074157186714e-01,-4.565859474098566545e-02,7.443711588965448156e-01,-4.202967065612932540e-01,2.735764291884698052e-01,3.940938038289632517e-01,2.108218801296259104e-01,7.001847048088378767e-01,4.864599973043486902e-01,-3.355390048798357894e-01,6.663183927761416880e-01,3.531492618298042174e-01,7.348600006353388225e-02,7.313222827049704611e-01,1.330876144174302222e-01,-5.125531524479064183e-02,-2.806251394927132825e-01,-2.168994077121821351e-01,-2.679950469105127353e-01,1.000000000000000000e+00,6.557802625580777534e-01,7.867221926431434698e-01,-8.848947996276169958e-02,5.405686262597600988e-01,-4.640144149600457513e-01,4.061917836463101450e-01,-2.339357060283953904e-01,5.651489268027629770e-02,7.224360363339822344e-01,-3.696172762539026158e-01,4.913635393759114289e-01,6.482677198527255769e-01,4.380670617027592195e-01,5.170883905919787527e-01,4.565690542005442776e-01,4.920563030026991469e-01
2.439808295580198905e-01,3.205876645169943862e-01,-5.092337181070862029e-02,-2.469839683360159910e-01,1.071954339766994710e-02,5.681801159090289488e-01,-2.451535387790801102e-01,7.465964623188893479e-02,1.323182486238836941e-01,2.741363355178593197e-01,4.779058483521721468e-01,2.100690826519784615e-01,-1.620091707840740636e-01,5.699764634073118952e-01,1.015521706057725820e-01,2.205246664034913873e-01,5.230226419629069312e-01,6.318073664531106970e-02,-7.584620047734386139e-02,-3.337920698967109662e-02,7.938676713442299748e-02,-1.264215647131625431e-01,6.557802625580777534e-01,1.000000000000000000e+00,6.042982572899814331e-01,1.600229490604186677e-01,3.046048548920862187e-01,-9.484073472875546862e-02,4.886331436550175322e-01,-7.951234806507198605e-02,1.999480418175068330e-01,5.743096158900554693e-01,-3.207670231061813398e-02,1.953832301961724305e-01,5.881540535660682023e-01,4.831951641999881475e-01,7.223667966598771306e-01,1.881577660865978996e-01,1.982945673927746788e-01
3.696054727975932042e-01,4.537345620528849821e-01,-3.099609111359152291e-01,-6.079228081455395616e-01,-8.788402654878607612e-02,7.707231465854725849e-01,-4.904480271713434480e-01,3.166346286068690286e-01,3.942205898908933692e-01,1.377760709060944777e-01,7.528477682026442075e-01,4.900717088606453831e-01,-3.832274302143872657e-01,6.291435274886272300e-01,3.483328611453820334e-01,-5.774658436107041760e-04,7.621242080473655811e-01,7.943661329313049524e-02,-1.164892607519442819e-01,-3.762007606698614670e-01,-2.545915434604509864e-01,-3.443132298727768492e-01,7.867221926431434698e-01,6.042982572899814331e-01,1.000000000000000000e+00,-1.605318129016602147e-01,5.491889604287287785e-01,-5.326537088390242980e-01,3.930430064568939952e-01,-3.145931511494132748e-01,-1.450282156466687700e-03,7.415943444132824247e-01,-4.014414755728271111e-01,5.131919780478121362e-01,6.199024753464655868e-01,3.690801327823713396e-01,4.646232272380205197e-01,4.691387888053992206e-01,5.007270473096452346e-01
1.922576321404364241e-01,-5.276302988392846810e-02,5.999685142524783243e-01,4.022516537442676343e-01,5.680494871558073866e-01,-1.448515007353711470e-01,3.532441043128498603e-01,-5.867318032004763539e-01,-9.502494750503449883e-02,2.295445774645400727e-01,-2.122270020742010321e-01,-1.651192244761703343e-01,1.625601360725574263e-01,1.565928004490808323e-01,-1.398065727321050611e-01,4.308120149387729692e-01,-2.238340309216310386e-01,2.579997520258819899e-01,2.785415929285066095e-01,4.477930154541387986e-01,3.354462769913338360e-01,2.685059682603915254e-01,-8.848947996276169958e-02,1.600229490604186677e-01,-1.605318129016602147e-01,1.000000000000000000e+00,-3.094175921163738394e-02,5.652765736361413662e-01,2.851292780524286585e-01,3.727565912807861981e-01,5.671906546362288637e-01,-1.481522215262749409e-01,4.158969525759902974e-01,-1.696346130780109207e-01,-1.005103402639878803e-02,4.226436694994294974e-01,1.968105827668718000e-01,-9.764098002328971959e-02,-1.907478920404938882e-01
4.749245467369053175e-01,6.679548607168067642e-01,-2.504815342060069325e-02,-4.245771291612235876e-01,1.701322950423062030e-01,4.518496981174320859e-01,-1.543827697340852123e-01,1.190771465073432317e-01,5.586696220104090393e-01,3.938070437545396207e-01,4.499686360788910933e-01,5.728470230171542887e-01,-1.662851541474478501e-01,6.533315643918218285e-01,4.982875333609225743e-01,1.428422246935046047e-01,5.592009246625588847e-01,2.985181447547134437e-01,1.986573061416758990e-01,-2.908458994241845952e-01,-3.426503763254321044e-01,-6.875982246077329274e-02,5.405686262597600988e-01,3.046048548920862187e-01,5.491889604287287785e-01,-3.094175921163738394e-02,1.000000000000000000e+00,-5.049743772639296857e-01,9.179505976942942125e-02,-1.511302040094616821e-02,2.710641654920504240e-01,6.214856756608098109e-01,-4.103412069212779012e-01,6.010485485208761913e-01,4.552868799412240763e-01,2.750682411504691283e-01,2.910355384954231295e-01,5.478787104235497418e-01,5.942012988522359374e-01
-3.046997368399940731e-01,-4.595189910725967497e-01,5.262106061016739167e-01,6.216507844787869663e-01,2.548747317766012488e-01,-5.054715994835785597e-01,5.024490612361155462e-01,-5.248460077230524545e-01,-5.445025327104980883e-01,-3.175368713084825850e-02,-5.601812800728909192e-01,-6.097554089860560689e-01,4.251368254306974737e-01,-3.070459574490403964e-01,-5.231453308160206594e-01,1.451103461517209703e-01,-5.662485197138333870e-01,-1.065195579165630624e-01,3.625763972975190597e-02,5.267859812024532351e-01,5.336427653595744447e-01,3.561852338417969555e-01,-4.640144149600457513e-01,-9.484073472875546862e-02,-5.326537088390242980e-01,5.652765736361413662e-01,-5.049743772639296857e-01,1.000000000000000000e+00,2.692619925088932803e-02,3.013412676486916242e-01,3.263496226315468762e-01,-5.210902163926383057e-01,6.542922449651973338e-01,-6.130878304749105556e-01,-3.099217307524719245e-01,4.309343136260154750e-02,-1.900460459600985391e-02,-5.713006534725729724e-01,-6.309351466906610861e-01
3.256952033696275950e-01,-8.361223352703391065e-02,-1.119011809271004548e-01,-2.581103455961772930e-01,8.169062670700717732e-02,5.081473338105483295e-01,-4.049978033797475563e-01,4.297782120240694476e-02,-2.155914149304725275e-02,-1.837644087652657021e-01,4.701487042240456438e-01,3.889525557783798243e-02,-4.195309794244684864e-01,3.376567528623687364e-01,-7.130698986993486144e-02,8.952402108300387684e-02,3.003567194064108992e-01,-6.839875055493911671e-02,-3.100636149612142622e-01,-1.271385757277507522e-01,1.580540110186485492e-01,-4.152443042619505809e-01,4.061917836463101450e-01,4.886331436550175322e-01,3.930430064568939952e-01,2.851292780524286585e-01,9.179505976942942125e-02,2.692619925088932803e-02,1.000000000000000000e+00,-3.006391534976444180e-01,-9.059612049910587689e-03,2.778883155515781689e-01,6.323871739620877397e-02,6.425595497452450677e-02,3.844382194189729374e-01,3.785879326839211023e-01,3.947273295363043499e-01,1.031231361486369819e-01,3.955698271064645583e-02
1.912597170359235654e-01,2.757457571934568419e-01,5.266411275147293569e-01,5.812126500647318839e-01,3.224728755148749682e-01,-3.787426774735478952e-01,5.752757921367303018e-01,-4.577507054799391795e-01,2.162861153626534083e-01,6.110051265110729712e-01,-4.307205897006753381e-01,9.923464316492602855e-02,2.275849993395828164e-01,-1.055790878755448817e-02,2.372070578758657400e-01,6.522118650358649239e-01,-3.013880258849948035e-01,4.775163977016170236e-01,6.271241796931843471e-01,4.963471269493583971e-01,-4.328683383688260861e-02,4.892562860542325476e-01,-2.339357060283953904e-01,-7.951234806507198605e-02,-3.145931511494132748e-01,3.727565912807861981e-01,-1.511302040094616821e-02,3.013412676486916242e-01,-3.006391534976444180e-01,1.000000000000000000e+00,3.980886287752316011e-01,-2.147137936971349192e-01,4.047148992475759627e-02,4.206371013156010724e-02,-1.970318601284063997e-01,1.887852586910503117e-01,2.814513079529194078e-02,7.507476284215183759e-02,7.203965506786857986e-02
1.028494053119260593e-01,2.614121984782746821e-01,5.332226880491880427e-01,2.484632435456042288e-01,4.615474657170806072e-01,-9.746741045881200660e-02,4.427347707060720339e-01,-4.516113594641388840e-01,4.501695070476813276e-02,4.715968928423515671e-01,-1.599085854092552328e-01,-8.880573936279934771e-03,3.787643576715302163e-01,3.214866494246818029e-01,2.564300174652721018e-02,3.385349498095756027e-01,-2.496338721129575874e-02,2.593986962695232767e-01,3.485251688972488826e-01,3.085410929612469322e-01,1.188199732490745619e-01,4.174115674077518157e-01,5.651489268027629770e-02,1.999480418175068330e-01,-1.450282156466687700e-03,5.671906546362288637e-01,2.710641654920504240e-01,3.263496226315468762e-01,-9.059612049910587689e-03,3.980886287752316011e-01,1.000000000000000000e+00,9.388677434335461480e-02,2.500274145255906300e-01,1.060366477973744524e-02,7.617920901700253600e-02,3.416988895384073799e-01,2.238508306538932735e-01,-1.736985675590629885e-02,-2.126947470075985988e-02
3.570303922687375620e-01,5.697754147017103366e-01,-2.358718354437321640e-01,-5.710747124783575046e-01,-3.075840672462044900e-02,6.743978027461264846e-01,-3.953551099449001960e-01,2.571245225771409681e-01,4.333977337031908461e-01,2.666601568722102855e-01,6.572292461046810308e-01,5.107040406929252985e-01,-2.851174161073412039e-01,6.277145826541602469e-01,3.909162484818743954e-01,4.037368991733810558e-02,7.448473825509031032e-01,1.351006546974390099e-01,-2.749924051562217461e-02,-3.553434648381657013e-01,-2.749619958124868702e-01,-2.520249841791287748e-01,7.224360363339822344e-01,5.743096158900554693e-01,7.415943444132824247e-01,-1.481522215262749409e-01,6.214856756608098109e-01,-5.210902163926383057e-01,2.778883155515781689e-01,-2.147137936971349192e-01,9.388677434335461480e-02,1.000000000000000000e+00,-3.841927969114348751e-01,5.365324478814790243e-01,5.891384393613454673e-01,3.287923909991411486e-01,5.358113390266028286e-01,4.859121993410412399e-01,5.241992655065341733e-01
-3.896781463752150843e-01,-4.408002944648723997e-01,4.516022334593891019e-01,4.258299347093582043e-01,2.638600566245306034e-01,-4.046877997744764421e-01,3.747152986382661921e-01,-4.159114276242090735e-01,-5.633374111281223007e-01,-1.172695583251124468e-01,-4.396013475739037890e-01,-6.053751440063099842e-01,4.610388435871815016e-01,-2.138148382569695360e-01,-6.013944688434130770e-01,-8.050769560108043954e-02,-4.268780864539553077e-01,-1.768530326439171629e-01,-9.984800300075269419e-02,3.431455807028332416e-01,6.689597133933363748e-01,3.417490889614769323e-01,-3.696172762539026158e-01,-3.207670231061813398e-02,-4.014414755728271111e-01,4.158969525759902974e-01,-4.103412069212779012e-01,6.542922449651973338e-01,6.323871739620877397e-02,4.047148992475759627e-02,2.500274145255906300e-01,-3.841927969114348751e-01,1.000000000000000000e+00,-5.829731424340320878e-01,-2.570090176724756370e-01,7.206903168269383764e-02,2.885847967633403330e-02,-5.588597859354895725e-01,-6.152617595122735761e-01
5.791819939320276278e-01,6.352584116151113180e-01,-1.962600549616070056e-01,-4.370058975979171367e-01,1.468343517782624286e-01,4.840312755282741852e-01,-3.185496402431448604e-01,1.898302930013927858e-01,7.567928127708348773e-01,3.449609764730089401e-01,4.977179360787488682e-01,7.710475996870883586e-01,-4.332704398139709534e-01,4.706848277867790031e-01,7.476830144535310252e-01,2.688793711133671827e-01,5.468093291057574135e-01,4.635276014564119196e-01,3.200810728155572549e-01,-2.904866402300255168e-01,-5.398290085264136895e-01,-1.681301232398089429e-01,4.913635393759114289e-01,1.953832301961724305e-01,5.131919780478121362e-01,-1.696346130780109207e-01,6.010485485208761913e-01,-6.130878304749105556e-01,6.425595497452450677e-02,4.206371013156010724e-02,1.060366477973744524e-02,5.365324478814790243e-01,-5.829731424340320878e-01,1.000000000000000000e+00,3.109660207001303522e-01,3.036820124469470916e-01,1.442116841813665951e-01,7.567482875683364529e-01,7.813065177650369009e-01
3.162467608687806742e-01,3.553472118011040681e-01,-1.813504617189842794e-01,-3.982441860483205143e-01,-1.151417825092353707e-02,6.017898878404140950e-01,-3.380749389932338200e-01,2.658340715495600692e-01,2.676036271080234896e-01,1.381015199165968044e-01,5.390992643661562944e-01,3.377163602638232898e-01,-2.249394776088129710e-01,6.032898133868093149e-01,1.920943702901374006e-01,3.865992409751557030e-02,5.853425308354307521e-01,6.920896591203107295e-02,-6.564814700161654415e-02,-2.052388701759574330e-01,-9.424955711082723397e-02,-2.152117068182316795e-01,6.482677198527255769e-01,5.881540535660682023e-01,6.199024753464655868e-01,-1.005103402639878803e-02,4.552868799412240763e-01,-3.099217307524719245e-01,3.844382194189729374e-01,-1.970318601284063997e-01,7.617920901700253600e-02,5.891384393613454673e-01,-2.570090176724756370e-01,3.109660207001303522e-01,1.000000000000000000e+00,3.425523830106234069e-01,5.228252944170304062e-01,3.246954193873808348e-01,3.514054193744791110e-01
3.996516617981215047e-01,3.459699035864899908e-01,2.608920544105446937e-01,-2.890996387504245896e-02,4.041098623615869134e-01,3.434812865781300406e-01,-1.847882300340642631e-02,-1.887203973493602471e-01,2.905282181587015011e-01,3.937263140735624001e-01,2.637097157920857970e-01,2.767263069804052900e-01,-1.138722254475514756e-01,5.512314745366959645e-01,2.365366029381729407e-01,4.256557958052036295e-01,3.221088102226861705e-01,3.525386438454534699e-01,2.690425057454922109e-01,1.011052662138831326e-01,7.462100229851013899e-02,9.623505514447906750e-02,4.380670617027592195e-01,4.831951641999881475e-01,3.690801327823713396e-01,4.226436694994294974e-01,2.750682411504691283e-01,4.309343136260154750e-02,3.785879326839211023e-01,1.887852586910503117e-01,3.416988895384073799e-01,3.287923909991411486e-01,7.206903168269383764e-02,3.036820124469470916e-01,3.425523830106234069e-01,1.000000000000000000e+00,4.247691368324989503e-01,2.981314715441040208e-01,2.851339661351071086e-01
2.073477695107787955e-01,3.494754193358580174e-01,4.666916483182007719e-02,-1.539745226881768514e-01,5.922413087992908776e-02,4.196860619881374599e-01,-1.231130413936303014e-01,-4.400551491051031550e-02,1.037913956463658999e-01,3.619781865785471342e-01,3.334657381498243867e-01,1.566827632877406673e-01,-9.508960804492030960e-02,4.718018172973086899e-01,7.949484745582750811e-02,2.880857830573103073e-01,4.208008989004001221e-01,9.101421696474808198e-02,-3.828725990772031094e-03,8.659938074008225600e-03,1.351829318316845885e-01,-4.070889659893706103e-02,5.170883905919787527e-01,7.223667966598771306e-01,4.646232272380205197e-01,1.968105827668718000e-01,2.910355384954231295e-01,-1.900460459600985391e-02,3.947273295363043499e-01,2.814513079529194078e-02,2.238508306538932735e-01,5.358113390266028286e-01,2.885847967633403330e-02,1.442116841813665951e-01,5.228252944170304062e-01,4.247691368324989503e-01,1.000000000000000000e+00,1.488944907373798976e-01,1.511604261537589644e-01
6.534047228038861732e-01,6.114151551245017302e-01,-1.615082706499350595e-01,-3.550017186915900291e-01,2.384787105554051212e-01,4.606095970142086715e-01,-3.047490460465549500e-01,1.594305773105075819e-01,7.829976646590564027e-01,3.374067808436875260e-01,4.654196057193664138e-01,7.886243356294122542e-01,-4.669249775614034426e-01,4.597672226836549414e-01,7.300055271564014348e-01,3.231156958168038829e-01,4.737483458026465755e-01,5.759838286128557971e-01,3.917970218293930773e-01,-1.842583992412807070e-01,-5.054139650664070116e-01,-1.526428488185668786e-01,4.565690542005442776e-01,1.881577660865978996e-01,4.691387888053992206e-01,-9.764098002328971959e-02,5.478787104235497418e-01,-5.713006534725729724e-01,1.031231361486369819e-01,7.507476284215183759e-02,-1.736985675590629885e-02,4.859121993410412399e-01,-5.588597859354895725e-01,7.567482875683364529e-01,3.246954193873808348e-01,2.981314715441040208e-01,1.488944907373798976e-01,1.000000000000000000e+00,7.807309151747012788e-01
6.038795902502525070e-01,6.524963170205663188e-01,-2.152492218217955389e-01,-3.960541322852800805e-01,1.255380432545378511e-01,4.776801814664728418e-01,-3.176915182064099508e-01,2.280393524321160659e-01,7.814373416855010523e-01,3.609437226621389772e-01,4.799950155630049453e-01,7.994532075094986645e-01,-4.398040367538782469e-01,4.748562129119311415e-01,7.458285888717646195e-01,2.877047326026832552e-01,5.333431707091847995e-01,5.016125184436351914e-01,3.518428972687162593e-01,-2.614540239486518036e-01,-5.533645978491867901e-01,-1.589386225079324755e-01,4.920563030026991469e-01,1.982945673927746788e-01,5.007270473096452346e-01,-1.907478920404938882e-01,5.942012988522359374e-01,-6.309351466906610861e-01,3.955698271064645583e-02,7.203965506786857986e-02,-2.126947470075985988e-02,5.241992655065341733e-01,-6.152617595122735761e-01,7.813065177650369009e-01,3.514054193744791110e-01,2.851339661351071086e-01,1.511604261537589644e-01,7.807309151747012788e-01,1.000000000000000000e+00
