1.000000000000000000e+00,3.315278528901604016e-01,7.046135926868190014e-01,3.184186658512751511e-01,6.392032976987860327e-01,-7.933194466546620305e-01,-7.911416594306280858e-02,-5.535850333529960254e-01,7.217252696092253395e-01,1.279603664991207645e-01,-4.762140224452212633e-01,7.222492158460177558e-01,4.371390138494823385e-01,6.349362754440784906e-01,6.058721584116515402e-01,-1.898665620840585544e-01,-4.086136378712767470e-01,7.154251476079591665e-01,7.522145962563664412e-01,7.561291315533041901e-01,5.444143926310945902e-01,5.727733351846615584e-01,-3.767222910285014659e-01,3.355502321253894804e-01,7.213607304249411989e-01,7.933585698373878392e-01,6.417871032784873142e-01,8.145551364349049583e-01,8.053662048619036895e-01,2.688229739395067708e-01,7.099373070688154153e-01,-2.758426366142806563e-01,3.781531923245211035e-01,7.011729875873163875e-01,-6.406643715335921252e-01,9.390304676817022578e-02,1.711716054494955008e-01,8.565684331603025115e-01,7.682542530786999890e-01
3.315278528901604016e-01,1.000000000000000000e+00,3.367476180168102462e-01,-2.180897645771969484e-01,1.963705526764724096e-01,4.470131533299438742e-02,3.576012020430947569e-01,-4.564910341878801736e-01,1.640766919059125917e-01,5.160947729686390373e-01,2.667843342044404764e-01,-7.518814099015702634e-02,5.114014022254622649e-01,4.354599458504541665e-01,4.328271664818994502e-02,4.094045813224098107e-01,2.549907589266279251e-01,-5.505558443980571037e-02,1.622953477596749960e-01,6.348926289014837632e-02,2.859372565932379318e-01,1.225785207845898617e-01,2.267045569050920306e-01,1.300131006031049752e-01,2.422430336620706448e-01,7.454336465822071489e-02,1.643660409407114026e-02,2.287471941120000629e-01,2.532541402306968670e-01,3.438940702218328815e-01,4.646954903874888632e-01,4.491625647924349929e-01,3.937513316834678756e-01,8.398083163682149022e-02,1.397363332646270606e-01,6.018330199885931764e-01,5.830302102905742245e-01,8.602105578423120680e-02,1.414391549998459396e-01
7.046135926868190014e-01,3.367476180168102462e-01,1.000000000000000000e+00,3.303373209360946361e-01,7.896668469083703013e-01,-6.309336573373669488e-01,1.315911614787668993e-01,-7.683547209764656216e-01,7.507655387668358271e-01,1.736495038917237332e-01,-3.903243427454509695e-01,7.071303629330869533e-01,4.719843276403817844e-01,6.715603960877798428e-01,5.946159449108233686e-01,-2.486471676632231662e-02,-2.979538242665381031e-01,7.190499381723102212e-01,7.999077475717134567e-01,6.998689276018112970e-01,7.686441784831917756e-01,7.491994098926956225e-01,-1.385775566105671430e-01,3.266576206903993862e-01,6.212168552732701965e-01,6.579260695012301152e-01,6.508407643637564854e-01,7.292677326170994290e-01,6.563304407839606336e-01,2.753004533231028228e-01,6.685592880980717467e-01,-1.053041693157733688e-01,5.793949922613256254e-01,6.738667439295087380e-01,-5.165535304944613992e-01,2.127642782393975862e-01,1.777346015585899441e-01,7.402387117474333866e-01,7.392842561097150433e-01
3.184186658512751511e-01,-2.180897645771969484e-01,3.303373209360946361e-01,1.000000000000000000e+00,3.516349760025768711e-01,-4.216451130772213562e-01,-1.397947570161236774e-01,-1.554585413654462900e-01,4.079304167065707087e-01,-1.186860871699483289e-01,-3.144184500253218717e-01,5.260024162325684927e-01,2.354310125229127915e-01,2.807081613438319745e-01,3.186621432659678121e-01,-2.995096117540980707e-01,-2.502083644835141341e-01,5.367280389247283123e-01,3.931070949372341139e-01,5.114803655871830168e-01,3.602019034459463809e-01,5.062678723656683921e-01,-3.406939623828532659e-01,1.863984792914477329e-01,3.090573461447803094e-01,4.673593410781979873e-01,4.612946892518942077e-01,4.403180241585567534e-01,3.784433693342610372e-01,-2.553842552617400022e-02,2.495145826726985205e-01,-3.048001541605550591e-01,1.917305221691122663e-01,3.909904574142155642e-01,-4.580483833559907403e-01,-1.863187946646822912e-01,-1.269659421516143305e-01,4.682052971837731281e-01,3.906772343819182591e-01
6.392032976987860327e-01,1.963705526764724096e-01,7.896668469083703013e-01,3.516349760025768711e-01,1.000000000000000000e+00,-5.834979444563330730e-01,1.162442939621352242e-02,-6.500112518361410574e-01,7.449767052980335036e-01,3.774217116444987530e-02,-2.997341400967074576e-01,6.956955371494751850e-01,3.821091960750298555e-01,7.293143517959370659e-01,4.896304259746251941e-01,-6.699073207541872410e-02,-1.649450964469038050e-01,7.158669173871615721e-01,7.411602006720812152e-01,6.071279895670917970e-01,5.777286182798231362e-01,5.571903945494830479e-01,-1.255617802815537365e-01,4.332654993015072620e-01,5.238613353512077131e-01,7.032310092325483319e-01,6.950234844324532091e-01,6.898423988661632755e-01,6.794717055296138897e-01,3.558827609350357357e-01,6.398385297869412236e-01,-2.475031182499022250e-02,5.322612980022463081e-01,6.685047280764271349e-01,-4.025100996572991141e-01,1.608751337151256566e-01,2.508250554237478336e-01,6.781262104938549085e-01,6.731223750643892112e-01
-7.933194466546620305e-01,4.470131533299438742e-02,-6.309336573373669488e-01,-4.216451130772213562e-01,-5.834979444563330730e-01,1.000000000000000000e+00,9.031507078592879156e-02,4.204743549527920066e-01,-7.539376007175574435e-01,1.724036394326398380e-01,7.512983803644567304e-01,-8.339154291386798867e-01,-2.377805867164172748e-01,-4.344635989406577248e-01,-7.770677129607245215e-01,5.264055904729690871e-01,6.945127789617011604e-01,-8.198226124146240634e-01,-7.361129713411402875e-01,-8.344405487948791666e-01,-5.093639640970406557e-01,-6.307994299914425618e-01,6.206264258834477410e-01,-1.242251759254453941e-01,-6.141177270092519347e-01,-7.770609335136046125e-01,-6.388559316175826952e-01,-7.972411479753647168e-01,-7.258055433610424156e-01,6.242787025619669222e-03,-5.653495839839465242e-01,6.043902258825023521e-01,-1.320702695824119699e-01,-7.813138720979079244e-01,8.536626109345388791e-01,1.834724022084109341e-01,1.236922129010649268e-01,-8.994200923112614099e-01,-7.998727790260325987e-01
-7.911416594306280858e-02,3.576012020430947569e-01,1.315911614787668993e-01,-1.397947570161236774e-01,1.162442939621352242e-02,9.031507078592879156e-02,1.000000000000000000e+00,-1.902968282907992192e-01,9.161655150434422357e-02,3.651393196037572286e-02,-2.314023638788894818e-02,-1.094610411428731528e-01,2.043561178562859071e-01,7.368901502054640840e-02,9.122776982003248658e-02,9.127793208537141045e-02,-6.186530145294120986e-02,-6.021746015341913200e-02,3.093611032281663037e-02,3.071657764941635588e-02,1.835229894629114844e-01,1.993973830490311794e-01,3.969981228885482299e-02,-1.918465597386953270e-01,-1.076294941759676355e-01,-1.549170856846379674e-01,-1.835754592214555725e-01,3.044576215990064255e-02,1.758434376535251888e-03,-2.514569151748672488e-02,1.301920508533693510e-01,1.348848009159690498e-01,1.674142488797502465e-02,1.030523386139886033e-01,8.959493689752293100e-02,2.858682812609802948e-01,2.345538113242152944e-01,-5.927500893034323703e-02,-4.487428872523299694e-02
-5.535850333529960254e-01,-4.564910341878801736e-01,-7.683547209764656216e-01,-1.554585413654462900e-01,-6.500112518361410574e-01,4.204743549527920066e-01,-1.902968282907992192e-01,1.000000000000000000e+00,-5.181039501209266929e-01,-2.299315227429226116e-01,1.758953696356947705e-01,-3.846563917417700762e-01,-4.931108763250999227e-01,-5.997721684298376044e-01,-4.578575551270668842e-01,-6.143353477338624885e-02,1.222524706936855970e-01,-4.159544299419441482e-01,-5.010488675528286251e-01,-5.259719777854006129e-01,-6.539195612890900122e-01,-4.965077872785317870e-01,8.884272657324944478e-02,-2.919981653765788554e-01,-4.873479855529875837e-01,-4.310465994662842082e-01,-3.740000362152394175e-01,-5.725127013319238900e-01,-5.592116177303322333e-01,-2.052352842869009097e-01,-6.209081129186289072e-01,2.792704489643910940e-03,-5.073384462617549495e-01,-5.340716165275898319e-01,2.772479165152564318e-01,-2.565402677048480018e-01,-4.112413668413000267e-01,-5.129167189399292948e-01,-4.843194724896198733e-01
7.217252696092253395e-01,1.640766919059125917e-01,7.507655387668358271e-01,4.079304167065707087e-01,7.449767052980335036e-01,-7.539376007175574435e-01,9.161655150434422357e-02,-5.181039501209266929e-01,1.000000000000000000e+00,-1.955042049579835683e-01,-5.995868157143805499e-01,8.429503202462748090e-01,3.115321433166340914e-01,5.972753822930865208e-01,7.329521948772068640e-01,-3.607707337594589503e-01,-4.650530208928051468e-01,8.473531809402164994e-01,8.587515761453402563e-01,7.502625682740744484e-01,5.002077475403732265e-01,5.789683624418828778e-01,-2.635521515769826961e-01,2.749872651138127733e-01,4.979681472330114156e-01,6.827672034186305083e-01,6.066720614468154027e-01,7.171841796478243269e-01,6.228220619792059765e-01,2.745627601226522385e-01,4.946250449721811271e-01,-2.548345669537422920e-01,2.267263595259381426e-01,7.788160610831189601e-01,-6.165781376585083295e-01,8.228998408002692611e-02,3.801796330692132353e-02,8.276095610066793729e-01,8.602994287454498457e-01
1.279603664991207645e-01,5.160947729686390373e-01,1.736495038917237332e-01,-1.186860871699483289e-01,3.774217116444987530e-02,1.724036394326398380e-01,3.651393196037572286e-02,-2.299315227429226116e-01,-1.955042049579835683e-01,1.000000000000000000e+00,4.894501513766577050e-01,-2.003588970188035223e-01,4.628972231134460547e-01,3.353031261099839733e-01,-2.136183583578488976e-01,7.033214386425155062e-01,4.025570323166167697e-01,-2.075783862397965196e-01,-3.120343226853992263e-02,-5.118973246004180494e-02,3.535146991447747356e-01,1.510563494337429646e-01,2.893601802670884293e-01,3.005948959504440299e-01,4.186399297982635326e-01,1.196399268737494553e-01,2.203951743542161279e-01,1.318539063622699292e-01,1.606697594909155258e-01,3.308969329588782871e-01,4.522164499025796425e-01,2.628967875822362243e-01,5.763145752436379388e-01,-9.790250614165363352e-02,2.342173892750269437e-01,2.824586465547782588e-01,3.796068390183165442e-01,-6.888888044498805985e-02,-7.864168965316420401e-02
-4.762140224452212633e-01,2.667843342044404764e-01,-3.903243427454509695e-01,-3.144184500253218717e-01,-2.997341400967074576e-01,7.512983803644567304e-01,-2.314023638788894818e-02,1.758953696356947705e-01,-5.995868157143805499e-01,4.894501513766577050e-01,1.000000000000000000e+00,-6.765531256448095165e-01,8.067259647246725895e-02,-8.963156501385102781e-02,-7.051769736290531831e-01,6.599307082844846351e-01,8.486979579404984042e-01,-6.835071632987713697e-01,-5.393823881766629524e-01,-6.431439543928808567e-01,-2.938068061033664580e-01,-4.849683612925004828e-01,5.479179797248220352e-01,1.950012542196617182e-01,-2.794049324884204655e-01,-4.526480596133881651e-01,-3.101242436802856828e-01,-4.822921130413458934e-01,-3.768308249250853503e-01,1.737539716658314803e-01,-1.614784250470841231e-01,6.453363966981323641e-01,2.163801758011988929e-01,-5.747067236474233676e-01,7.264307402496242849e-01,2.458754437210066979e-01,3.042467573048353580e-01,-6.660367032566757439e-01,-6.323266422567206391e-01
7.222492158460177558e-01,-7.518814099015702634e-02,7.071303629330869533e-01,5.260024162325684927e-01,6.956955371494751850e-01,-8.339154291386798867e-01,-1.094610411428731528e-01,-3.846563917417700762e-01,8.429503202462748090e-01,-2.003588970188035223e-01,-6.765531256448095165e-01,1.000000000000000000e+00,2.795640510166109705e-01,5.333072661407154413e-01,7.203850753787898187e-01,-4.270912924965080126e-01,-5.673530521862072407e-01,9.133644440521658803e-01,8.289611929197049367e-01,7.996708372163572331e-01,5.306106875176139770e-01,6.858213223366675937e-01,-4.036388686018482774e-01,2.505436142226052376e-01,5.731558488785306604e-01,7.693425200977817013e-01,7.402342974185868174e-01,7.641487351777077608e-01,6.802501867163326388e-01,1.102269029861076416e-01,5.092542783829042685e-01,-4.156152491044380337e-01,2.352570097312132180e-01,7.595553388047077137e-01,-7.577218357136908944e-01,-1.265404893931036112e-01,-1.173668721120447317e-01,8.764960330954721934e-01,8.587470300747962471e-01
4.371390138494823385e-01,5.114014022254622649e-01,4.719843276403817844e-01,2.354310125229127915e-01,3.821091960750298555e-01,-2.377805867164172748e-01,2.043561178562859071e-01,-4.931108763250999227e-01,3.115321433166340914e-01,4.628972231134460547e-01,8.067259647246725895e-02,2.795640510166109705e-01,1.000000000000000000e+00,6.289942268568616823e-01,3.112157187013938064e-01,1.330241506347896452e-01,-1.270929665908696049e-02,3.055107210152214203e-01,3.110001135998394228e-01,4.262050079943052738e-01,5.975476157497965346e-01,5.013865408637302457e-01,-1.230478957301686521e-01,2.742011605752782133e-01,5.151231930813757742e-01,4.516258481454725748e-01,4.568636629035844332e-01,6.168715827810055119e-01,5.854773148626309931e-01,1.006430437215114632e-01,6.668335307676646062e-01,9.007438324126425255e-02,6.064241368147953448e-01,3.567679316154617752e-01,-1.525797414366938942e-01,9.881851979378405981e-02,5.902635101165811804e-01,3.775990856020636777e-01,2.796761300368919012e-01
6.349362754440784906e-01,4.354599458504541665e-01,6.715603960877798428e-01,2.807081613438319745e-01,7.293143517959370659e-01,-4.344635989406577248e-01,7.368901502054640840e-02,-5.997721684298376044e-01,5.972753822930865208e-01,3.353031261099839733e-01,-8.963156501385102781e-02,5.333072661407154413e-01,6.289942268568616823e-01,1.000000000000000000e+00,4.499877415237446554e-01,1.489192625943949466e-01,-5.623086137205195352e-03,5.481207107537902079e-01,5.736061106525793818e-01,5.323731082532058290e-01,6.125434085637342374e-01,5.405362614740562011e-01,2.733712053297652350e-02,5.631737145634579944e-01,6.656655030818846575e-01,6.596220813194215715e-01,6.244216725157247794e-01,7.282370641968732849e-01,7.269693953183413715e-01,3.332638267109623853e-01,7.251744756224209887e-01,1.581429576510786639e-01,6.437096518198370809e-01,5.803527527463852032e-01,-2.981946132232195512e-01,2.285738326992594882e-01,5.321502553727496254e-01,5.894765521885784176e-01,5.374388508976001289e-01
6.058721584116515402e-01,4.328271664818994502e-02,5.946159449108233686e-01,3.186621432659678121e-01,4.896304259746251941e-01,-7.770677129607245215e-01,9.122776982003248658e-02,-4.578575551270668842e-01,7.329521948772068640e-01,-2.136183583578488976e-01,-7.051769736290531831e-01,7.203850753787898187e-01,3.112157187013938064e-01,4.499877415237446554e-01,1.000000000000000000e+00,-5.279585062326485057e-01,-6.602468059863824124e-01,7.132599026437665968e-01,6.033737508741283673e-01,7.537983356937781876e-01,5.538689352831930313e-01,6.175136709636864785e-01,-4.652381329554753364e-01,8.429378020069290545e-02,5.092953396082160467e-01,5.849984272636791216e-01,4.487465355103508191e-01,7.173140277356229166e-01,5.912384239306895939e-01,-9.480036462247813656e-02,4.797270867671164507e-01,-4.788846837601126727e-01,5.554153196824287292e-02,7.650272016629776628e-01,-7.322141411344621487e-01,-1.579868532062816688e-01,2.475946946201108140e-02,7.768952904233763501e-01,6.972439558097763834e-01
-1.898665620840585544e-01,4.094045813224098107e-01,-2.486471676632231662e-02,-2.995096117540980707e-01,-6.699073207541872410e-02,5.264055904729690871e-01,9.127793208537141045e-02,-6.143353477338624885e-02,-3.607707337594589503e-01,7.033214386425155062e-01,6.599307082844846351e-01,-4.270912924965080126e-01,1.330241506347896452e-01,1.489192625943949466e-01,-5.279585062326485057e-01,1.000000000000000000e+00,6.970611388077730952e-01,-4.422931550907877596e-01,-2.377728171724939055e-01,-4.292533134685363461e-01,6.618614595465181771e-02,-1.246498650126129232e-01,6.361004615707367416e-01,2.984966472761045875e-01,-8.192366172019757350e-03,-2.046662089620827629e-01,-8.096807995082359877e-02,-2.424323474758731667e-01,-1.731235136437868360e-01,4.171892925518191353e-01,9.141971274749390031e-02,5.844961102965425814e-01,4.136643793439284122e-01,-3.457869262614578498e-01,5.607401814184458377e-01,4.350768353751906514e-01,3.374854786839913134e-01,-4.051570417534611779e-01,-3.337263092644529583e-01
-4.086136378712767470e-01,2.549907589266279251e-01,-2.979538242665381031e-01,-2.502083644835141341e-01,-1.649450964469038050e-01,6.945127789617011604e-01,-6.186530145294120986e-02,1.222524706936855970e-01,-4.650530208928051468e-01,4.025570323166167697e-01,8.486979579404984042e-01,-5.673530521862072407e-01,-1.270929665908696049e-02,-5.623086137205195352e-03,-6.602468059863824124e-01,6.970611388077730952e-01,1.000000000000000000e+00,-5.656924388810170568e-01,-4.213733052282605529e-01,-6.252000250433539241e-01,-2.907435205600333306e-01,-4.468702936190116493e-01,6.378029015981556693e-01,3.405254921731226125e-01,-3.085826909990415090e-01,-3.667392411365500426e-01,-2.766112017506862086e-01,-4.641956218529717515e-01,-3.159267037350194651e-01,3.161104287047584172e-01,-1.542252965027395561e-01,7.343254678821625747e-01,2.162445181338936429e-01,-5.211841947751397752e-01,6.930722852174269200e-01,3.523190754838316785e-01,3.102409906320495736e-01,-5.976013814793834644e-01,-5.391661920617538684e-01
7.154251476079591665e-01,-5.505558443980571037e-02,7.190499381723102212e-01,5.367280389247283123e-01,7.158669173871615721e-01,-8.198226124146240634e-01,-6.021746015341913200e-02,-4.159544299419441482e-01,8.473531809402164994e-01,-2.075783862397965196e-01,-6.835071632987713697e-01,9.133644440521658803e-01,3.055107210152214203e-01,5.481207107537902079e-01,7.132599026437665968e-01,-4.422931550907877596e-01,-5.656924388810170568e-01,1.000000000000000000e+00,8.491793516464356539e-01,8.201820486179258740e-01,5.325483335717384747e-01,6.862614810707948765e-01,-4.072662979358654955e-01,2.556989022147944102e-01,5.627558079183273554e-01,7.988205274906244879e-01,7.478300492741227767e-01,7.804922809352704549e-01,7.093004185534090844e-01,1.258689106690160375e-01,5.109400209849647156e-01,-3.806220723064105971e-01,2.242791585744385308e-01,7.029910706457486169e-01,-7.286251084225907615e-01,-6.302752254854748770e-02,-4.536762726133316409e-02,8.720043207046954681e-01,8.339417231048376067e-01
7.522145962563664412e-01,1.622953477596749960e-01,7.999077475717134567e-01,3.931070949372341139e-01,7.411602006720812152e-01,-7.361129713411402875e-01,3.093611032281663037e-02,-5.010488675528286251e-01,8.587515761453402563e-01,-3.120343226853992263e-02,-5.393823881766629524e-01,8.289611929197049367e-01,3.110001135998394228e-01,5.736061106525793818e-01,6.033737508741283673e-01,-2.377728171724939055e-01,-4.213733052282605529e-01,8.491793516464356539e-01,1.000000000000000000e+00,7.336674026196241538e-01,5.320788942078122918e-01,6.255944550452818831e-01,-2.489755173221576134e-01,2.979483939150920357e-01,5.491935514092763926e-01,7.283050122092339373e-01,6.821348528808335310e-01,7.006741909129877710e-01,6.450185268416893658e-01,3.196675310514830448e-01,5.387519430641245499e-01,-2.311148453773597955e-01,3.440852044909654683e-01,6.556350621516144894e-01,-5.934969603446890174e-01,1.322103432426029457e-01,1.117152545415502421e-03,8.115520195652755620e-01,8.471058092685297414e-01
7.561291315533041901e-01,6.348926289014837632e-02,6.998689276018112970e-01,5.114803655871830168e-01,6.071279895670917970e-01,-8.344405487948791666e-01,3.071657764941635588e-02,-5.259719777854006129e-01,7.502625682740744484e-01,-5.118973246004180494e-02,-6.431439543928808567e-01,7.996708372163572331e-01,4.262050079943052738e-01,5.323731082532058290e-01,7.537983356937781876e-01,-4.292533134685363461e-01,-6.252000250433539241e-01,8.201820486179258740e-01,7.336674026196241538e-01,1.000000000000000000e+00,6.395707594912652949e-01,7.122932340037662069e-01,-4.844874471151077722e-01,1.970000942612344375e-01,6.892838954498268222e-01,7.579592372692390834e-01,6.662832600908371594e-01,8.421956562995471796e-01,7.402152324567047303e-01,2.793417080562426297e-02,5.907078881433937001e-01,-4.967644373798945634e-01,2.116640910732849878e-01,7.298654603411766084e-01,-7.717630494408277420e-01,-4.885678356624105489e-02,4.148221901450774296e-02,8.793127060715826282e-01,7.864529922646896765e-01
5.444143926310945902e-01,2.859372565932379318e-01,7.686441784831917756e-01,3.602019034459463809e-01,5.777286182798231362e-01,-5.093639640970406557e-01,1.835229894629114844e-01,-6.539195612890900122e-01,5.002077475403732265e-01,3.535146991447747356e-01,-2.938068061033664580e-01,5.306106875176139770e-01,5.975476157497965346e-01,6.125434085637342374e-01,5.538689352831930313e-01,6.618614595465181771e-02,-2.907435205600333306e-01,5.325483335717384747e-01,5.320788942078122918e-01,6.395707594912652949e-01,1.000000000000000000e+00,8.429785226226006456e-01,-1.978151652223486545e-01,1.956449962374063878e-01,6.553101442155595535e-01,5.782484802249537870e-01,5.860344878240696387e-01,7.259032493431454292e-01,6.232288115132526007e-01,1.817058817912362706e-02,6.966910249843858427e-01,-1.971804698242536069e-01,5.987621032471264204e-01,6.169059547942606914e-01,-4.995217019024708049e-01,9.135157566327836709e-02,2.382391826979655403e-01,5.911493100600923034e-01,5.181325041655069352e-01
5.727733351846615584e-01,1.225785207845898617e-01,7.491994098926956225e-01,5.062678723656683921e-01,5.571903945494830479e-01,-6.307994299914425618e-01,1.993973830490311794e-01,-4.965077872785317870e-01,5.789683624418828778e-01,1.510563494337429646e-01,-4.849683612925004828e-01,6.858213223366675937e-01,5.013865408637302457e-01,5.405362614740562011e-01,6.175136709636864785e-01,-1.246498650126129232e-01,-4.468702936190116493e-01,6.862614810707948765e-01,6.255944550452818831e-01,7.122932340037662069e-01,8.429785226226006456e-01,1.000000000000000000e+00,-3.518458577234500617e-01,1.475880480965849340e-01,6.012405424719989844e-01,6.509303502742995740e-01,6.425642000220995742e-01,7.474632572218635751e-01,6.527961458216767765e-01,-8.297077166055343012e-02,6.450334468435501289e-01,-2.952912419783632614e-01,4.862919509722472555e-01,6.608917354947462242e-01,-6.482339287740942479e-01,-7.316890017297698369e-03,6.285055619506173252e-02,6.890713786572566502e-01,5.804778736029599928e-01
-3.767222910285014659e-01,2.267045569050920306e-01,-1.385775566105671430e-01,-3.406939623828532659e-01,-1.255617802815537365e-01,6.206264258834477410e-01,3.969981228885482299e-02,8.884272657324944478e-02,-2.635521515769826961e-01,2.893601802670884293e-01,5.479179797248220352e-01,-4.036388686018482774e-01,-1.230478957301686521e-01,2.733712053297652350e-02,-4.652381329554753364e-01,6.361004615707367416e-01,6.378029015981556693e-01,-4.072662979358654955e-01,-2.489755173221576134e-01,-4.844874471151077722e-01,-1.978151652223486545e-01,-3.518458577234500617e-01,1.000000000000000000e+00,3.292989256676772114e-01,-1.720946041471021759e-01,-3.963690745018468853e-01,-2.698355135239982605e-01,-4.475329516602127300e-01,-4.207522270324263736e-01,4.432022121325131514e-01,-3.026001287806173168e-01,6.348290994941073739e-01,1.329964972223919573e-01,-4.425355595807168863e-01,6.071226046411900557e-01,3.934209026522316743e-01,1.930942854364867955e-01,-4.783272741459773103e-01,-2.872258367936690315e-01
3.355502321253894804e-01,1.300131006031049752e-01,3.266576206903993862e-01,1.863984792914477329e-01,4.332654993015072620e-01,-1.242251759254453941e-01,-1.918465597386953270e-01,-2.919981653765788554e-01,2.749872651138127733e-01,3.005948959504440299e-01,1.950012542196617182e-01,2.505436142226052376e-01,2.742011605752782133e-01,5.631737145634579944e-01,8.429378020069290545e-02,2.984966472761045875e-01,3.405254921731226125e-01,2.556989022147944102e-01,2.979483939150920357e-01,1.970000942612344375e-01,1.956449962374063878e-01,1.475880480965849340e-01,3.292989256676772114e-01,1.000000000000000000e+00,3.901474237001903989e-01,3.976402350900901106e-01,3.787456218334366298e-01,3.000948710683724041e-01,4.016814832545484437e-01,4.635775864774718258e-01,3.394271857621949939e-01,2.739472221868238799e-01,4.166796014392500358e-01,1.849845268435768297e-01,8.667150378559545024e-03,6.752720704672128538e-02,2.986501473198015510e-01,2.599482537371418656e-01,2.308026484563989733e-01
7.213607304249411989e-01,2.422430336620706448e-01,6.212168552732701965e-01,3.090573461447803094e-01,5.238613353512077131e-01,-6.141177270092519347e-01,-1.076294941759676355e-01,-4.873479855529875837e-01,4.979681472330114156e-01,4.186399297982635326e-01,-2.794049324884204655e-01,5.731558488785306604e-01,5.151231930813757742e-01,6.656655030818846575e-01,5.092953396082160467e-01,-8.192366172019757350e-03,-3.085826909990415090e-01,5.627558079183273554e-01,5.491935514092763926e-01,6.892838954498268222e-01,6.553101442155595535e-01,6.012405424719989844e-01,-1.720946041471021759e-01,3.901474237001903989e-01,1.000000000000000000e+00,7.326878014732586264e-01,7.236434466891761286e-01,7.614333633972286686e-01,6.935194890124363187e-01,2.200899492150108772e-01,6.856828786109723239e-01,-3.180157467698756513e-01,5.158841180306026342e-01,5.759382145795773900e-01,-5.083546232412915478e-01,-2.219524226896047586e-04,2.100676520088968768e-01,7.072571290405071931e-01,6.048114363626049261e-01
7.933585698373878392e-01,7.454336465822071489e-02,6.579260695012301152e-01,4.673593410781979873e-01,7.032310092325483319e-01,-7.770609335136046125e-01,-1.549170856846379674e-01,-4.310465994662842082e-01,6.827672034186305083e-01,1.196399268737494553e-01,-4.526480596133881651e-01,7.693425200977817013e-01,4.516258481454725748e-01,6.596220813194215715e-01,5.849984272636791216e-01,-2.046662089620827629e-01,-3.667392411365500426e-01,7.988205274906244879e-01,7.283050122092339373e-01,7.579592372692390834e-01,5.782484802249537870e-01,6.509303502742995740e-01,-3.963690745018468853e-01,3.976402350900901106e-01,7.326878014732586264e-01,1.000000000000000000e+00,8.395657202697593968e-01,8.459314697214858070e-01,8.344437284926021769e-01,1.884658839996673219e-01,7.141907271760827847e-01,-3.133564412258552645e-01,3.951441220610178440e-01,6.471866233052157025e-01,-6.255010706865966608e-01,-5.287786892988435850e-02,1.601274709071680014e-01,8.332061601978993925e-01,6.980751163071862164e-01
6.417871032784873142e-01,1.643660409407114026e-02,6.508407643637564854e-01,4.612946892518942077e-01,6.950234844324532091e-01,-6.388559316175826952e-01,-1.835754592214555725e-01,-3.740000362152394175e-01,6.066720614468154027e-01,2.203951743542161279e-01,-3.101242436802856828e-01,7.402342974185868174e-01,4.568636629035844332e-01,6.244216725157247794e-01,4.487465355103508191e-01,-8.096807995082359877e-02,-2.766112017506862086e-01,7.478300492741227767e-01,6.821348528808335310e-01,6.662832600908371594e-01,5.860344878240696387e-01,6.425642000220995742e-01,-2.698355135239982605e-01,3.787456218334366298e-01,7.236434466891761286e-01,8.395657202697593968e-01,1.000000000000000000e+00,7.559877392883909142e-01,7.179758465737128281e-01,2.390031770581074189e-01,6.729806207226634029e-01,-2.562131752697443532e-01,4.764737732785965796e-01,5.838671237443322504e-01,-5.058307818081545504e-01,-6.284692313450740420e-02,8.754136081683087933e-02,7.269229359189230966e-01,6.631879604812905837e-01
8.145551364349049583e-01,2.287471941120000629e-01,7.292677326170994290e-01,4.403180241585567534e-01,6.898423988661632755e-01,-7.972411479753647168e-01,3.044576215990064255e-02,-5.725127013319238900e-01,7.171841796478243269e-01,1.318539063622699292e-01,-4.822921130413458934e-01,7.641487351777077608e-01,6.168715827810055119e-01,7.282370641968732849e-01,7.173140277356229166e-01,-2.424323474758731667e-01,-4.641956218529717515e-01,7.804922809352704549e-01,7.006741909129877710e-01,8.421956562995471796e-01,7.259032493431454292e-01,7.474632572218635751e-01,-4.475329516602127300e-01,3.000948710683724041e-01,7.614333633972286686e-01,8.459314697214858070e-01,7.559877392883909142e-01,1.000000000000000000e+00,8.749391777899282463e-01,5.321857192797522368e-02,7.917805215649477146e-01,-3.211091221461926382e-01,4.252003615381091950e-01,7.604156182819111764e-01,-7.107967537820067960e-01,-9.196551213004677122e-03,2.588182604999061942e-01,8.624797396029458829e-01,7.252146224409142805e-01
8.053662048619036895e-01,2.532541402306968670e-01,6.563304407839606336e-01,3.784433693342610372e-01,6.794717055296138897e-01,-7.258055433610424156e-01,1.758434376535251888e-03,-5.592116177303322333e-01,6.228220619792059765e-01,1.606697594909155258e-01,-3.768308249250853503e-01,6.802501867163326388e-01,5.854773148626309931e-01,7.269693953183413715e-01,5.912384239306895939e-01,-1.731235136437868360e-01,-3.159267037350194651e-01,7.093004185534090844e-01,6.450185268416893658e-01,7.402152324567047303e-01,6.232288115132526007e-01,6.527961458216767765e-01,-4.207522270324263736e-01,4.016814832545484437e-01,6.935194890124363187e-01,8.344437284926021769e-01,7.179758465737128281e-01,8.749391777899282463e-01,1.000000000000000000e+00,1.111129192962506257e-01,8.191232737587664792e-01,-1.787575370776635642e-01,4.358080745742915485e-01,6.743155163878647995e-01,-5.971598024413869998e-01,6.160377586686856255e-02,3.817492840223747907e-01,7.828942053415232083e-01,6.233419081950996032e-01
2.688229739395067708e-01,3.438940702218328815e-01,2.753004533231028228e-01,-2.553842552617400022e-02,3.558827609350357357e-01,6.242787025619669222e-03,-2.514569151748672488e-02,-2.052352842869009097e-01,2.745627601226522385e-01,3.308969329588782871e-01,1.737539716658314803e-01,1.102269029861076416e-01,1.006430437215114632e-01,3.332638267109623853e-01,-9.480036462247813656e-02,4.171892925518191353e-01,3.161104287047584172e-01,1.258689106690160375e-01,3.196675310514830448e-01,2.793417080562426297e-02,1.817058817912362706e-02,-8.297077166055343012e-02,4.432022121325131514e-01,4.635775864774718258e-01,2.200899492150108772e-01,1.884658839996673219e-01,2.390031770581074189e-01,5.321857192797522368e-02,1.111129192962506257e-01,1.000000000000000000e+00,1.610826048656811560e-01,2.884852347698543817e-01,2.898375481352698513e-01,4.614791863276798689e-02,2.319934734038811841e-01,4.417926993009168579e-01,2.088656734896819633e-01,1.292907131159973522e-01,3.059327301066689375e-01
7.099373070688154153e-01,4.646954903874888632e-01,6.685592880980717467e-01,2.495145826726985205e-01,6.398385297869412236e-01,-5.653495839839465242e-01,1.301920508533693510e-01,-6.209081129186289072e-01,4.946250449721811271e-01,4.522164499025796425e-01,-1.614784250470841231e-01,5.092542783829042685e-01,6.668335307676646062e-01,7.251744756224209887e-01,4.797270867671164507e-01,9.141971274749390031e-02,-1.542252965027395561e-01,5.109400209849647156e-01,5.387519430641245499e-01,5.907078881433937001e-01,6.966910249843858427e-01,6.450334468435501289e-01,-3.026001287806173168e-01,3.394271857621949939e-01,6.856828786109723239e-01,7.141907271760827847e-01,6.729806207226634029e-01,7.917805215649477146e-01,8.191232737587664792e-01,1.610826048656811560e-01,1.000000000000000000e+00,-8.041060140384244381e-02,5.992250580701161677e-01,6.206899530356401185e-01,-4.385938519633371668e-01,1.086093291911827130e-01,4.342974830180956758e-01,6.325199596176983574e-01,5.125645486352551350e-01
-2.758426366142806563e-01,4.491625647924349929e-01,-1.053041693157733688e-01,-3.048001541605550591e-01,-2.475031182499022250e-02,6.043902258825023521e-01,1.348848009159690498e-01,2.792704489643910940e-03,-2.548345669537422920e-01,2.628967875822362243e-01,6.453363966981323641e-01,-4.156152491044380337e-01,9.007438324126425255e-02,1.581429576510786639e-01,-4.788846837601126727e-01,5.844961102965425814e-01,7.343254678821625747e-01,-3.806220723064105971e-01,-2.311148453773597955e-01,-4.967644373798945634e-01,-1.971804698242536069e-01,-2.952912419783632614e-01,6.348290994941073739e-01,2.739472221868238799e-01,-3.180157467698756513e-01,-3.133564412258552645e-01,-2.562131752697443532e-01,-3.211091221461926382e-01,-1.787575370776635642e-01,2.884852347698543817e-01,-8.041060140384244381e-02,1.000000000000000000e+00,2.353455622406639414e-01,-4.354740721600268150e-01,6.161309283420169924e-01,5.171251136690211414e-01,4.948139287489310978e-01,-4.650930762060606072e-01,-3.647942789615095105e-01
3.781531923245211035e-01,3.937513316834678756e-01,5.793949922613256254e-01,1.917305221691122663e-01,5.322612980022463081e-01,-1.320702695824119699e-01,1.674142488797502465e-02,-5.073384462617549495e-01,2.267263595259381426e-01,5.763145752436379388e-01,2.163801758011988929e-01,2.352570097312132180e-01,6.064241368147953448e-01,6.437096518198370809e-01,5.554153196824287292e-02,4.136643793439284122e-01,2.162445181338936429e-01,2.242791585744385308e-01,3.440852044909654683e-01,2.116640910732849878e-01,5.987621032471264204e-01,4.862919509722472555e-01,1.329964972223919573e-01,4.166796014392500358e-01,5.158841180306026342e-01,3.951441220610178440e-01,4.764737732785965796e-01,4.252003615381091950e-01,4.358080745742915485e-01,2.898375481352698513e-01,5.992250580701161677e-01,2.353455622406639414e-01,1.000000000000000000e+00,3.073574087794994081e-01,-3.835368208224990833e-02,1.260508214381490244e-01,3.696344529347292407e-01,2.518295825255484344e-01,2.008315595042959867e-01
7.011729875873163875e-01,8.398083163682149022e-02,6.738667439295087380e-01,3.909904574142155642e-01,6.685047280764271349e-01,-7.813138720979079244e-01,1.030523386139886033e-01,-5.340716165275898319e-01,7.788160610831189601e-01,-9.790250614165363352e-02,-5.747067236474233676e-01,7.595553388047077137e-01,3.567679316154617752e-01,5.803527527463852032e-01,7.650272016629776628e-01,-3.457869262614578498e-01,-5.211841947751397752e-01,7.029910706457486169e-01,6.556350621516144894e-01,7.298654603411766084e-01,6.169059547942606914e-01,6.608917354947462242e-01,-4.425355595807168863e-01,1.849845268435768297e-01,5.759382145795773900e-01,6.471866233052157025e-01,5.838671237443322504e-01,7.604156182819111764e-01,6.743155163878647995e-01,4.614791863276798689e-02,6.206899530356401185e-01,-4.354740721600268150e-01,3.073574087794994081e-01,1.000000000000000000e+00,-6.806812624098496078e-01,-1.364980817199938912e-01,4.659178990490343841e-02,7.980941610909205730e-01,7.230008030634150762e-01
-6.406643715335921252e-01,1.397363332646270606e-01,-5.165535304944613992e-01,-4.580483833559907403e-01,-4.025100996572991141e-01,8.536626109345388791e-01,8.959493689752293100e-02,2.772479165152564318e-01,-6.165781376585083295e-01,2.342173892750269437e-01,7.264307402496242849e-01,-7.577218357136908944e-01,-1.525797414366938942e-01,-2.981946132232195512e-01,-7.322141411344621487e-01,5.607401814184458377e-01,6.930722852174269200e-01,-7.286251084225907615e-01,-5.934969603446890174e-01,-7.717630494408277420e-01,-4.995217019024708049e-01,-6.482339287740942479e-01,6.071226046411900557e-01,8.667150378559545024e-03,-5.083546232412915478e-01,-6.255010706865966608e-01,-5.058307818081545504e-01,-7.107967537820067960e-01,-5.971598024413869998e-01,2.319934734038811841e-01,-4.385938519633371668e-01,6.161309283420169924e-01,-3.835368208224990833e-02,-6.806812624098496078e-01,1.000000000000000000e+00,2.154533880963628856e-01,2.819159081047510340e-01,-7.855235227418482236e-01,-6.758615144108542916e-01
9.390304676817022578e-02,6.018330199885931764e-01,2.127642782393975862e-01,-1.863187946646822912e-01,1.608751337151256566e-01,1.834724022084109341e-01,2.858682812609802948e-01,-2.565402677048480018e-01,8.228998408002692611e-02,2.824586465547782588e-01,2.458754437210066979e-01,-1.265404893931036112e-01,9.881851979378405981e-02,2.285738326992594882e-01,-1.579868532062816688e-01,4.350768353751906514e-01,3.523190754838316785e-01,-6.302752254854748770e-02,1.322103432426029457e-01,-4.885678356624105489e-02,9.135157566327836709e-02,-7.316890017297698369e-03,3.934209026522316743e-01,6.752720704672128538e-02,-2.219524226896047586e-04,-5.287786892988435850e-02,-6.284692313450740420e-02,-9.196551213004677122e-03,6.160377586686856255e-02,4.417926993009168579e-01,1.086093291911827130e-01,5.171251136690211414e-01,1.260508214381490244e-01,-1.364980817199938912e-01,2.154533880963628856e-01,1.000000000000000000e+00,3.923473032192540955e-01,-6.002023067792888744e-02,6.324451570384552468e-02
1.711716054494955008e-01,5.830302102905742245e-01,1.777346015585899441e-01,-1.269659421516143305e-01,2.508250554237478336e-01,1.236922129010649268e-01,2.345538113242152944e-01,-4.112413668413000267e-01,3.801796330692132353e-02,3.796068390183165442e-01,3.042467573048353580e-01,-1.173668721120447317e-01,5.902635101165811804e-01,5.321502553727496254e-01,2.475946946201108140e-02,3.374854786839913134e-01,3.102409906320495736e-01,-4.536762726133316409e-02,1.117152545415502421e-03,4.148221901450774296e-02,2.382391826979655403e-01,6.285055619506173252e-02,1.930942854364867955e-01,2.986501473198015510e-01,2.100676520088968768e-01,1.601274709071680014e-01,8.754136081683087933e-02,2.588182604999061942e-01,3.817492840223747907e-01,2.088656734896819633e-01,4.342974830180956758e-01,4.948139287489310978e-01,3.696344529347292407e-01,4.659178990490343841e-02,2.819159081047510340e-01,3.923473032192540955e-01,1.000000000000000000e+00,1.451703928560816974e-02,-4.482322163992790570e-02
8.565684331603025115e-01,8.602105578423120680e-02,7.402387117474333866e-01,4.682052971837731281e-01,6.781262104938549085e-01,-8.994200923112614099e-01,-5.927500893034323703e-02,-5.129167189399292948e-01,8.276095610066793729e-01,-6.888888044498805985e-02,-6.660367032566757439e-01,8.764960330954721934e-01,3.775990856020636777e-01,5.894765521885784176e-01,7.768952904233763501e-01,-4.051570417534611779e-01,-5.976013814793834644e-01,8.720043207046954681e-01,8.115520195652755620e-01,8.793127060715826282e-01,5.911493100600923034e-01,6.890713786572566502e-01,-4.783272741459773103e-01,2.599482537371418656e-01,7.072571290405071931e-01,8.332061601978993925e-01,7.269229359189230966e-01,8.624797396029458829e-01,7.828942053415232083e-01,1.292907131159973522e-01,6.325199596176983574e-01,-4.650930762060606072e-01,2.518295825255484344e-01,7.980941610909205730e-01,-7.855235227418482236e-01,-6.002023067792888744e-02,1.451703928560816974e-02,1.000000000000000000e+00,8.603442547090530690e-01
7.682542530786999890e-01,1.414391549998459396e-01,7.392842561097150433e-01,3.906772343819182591e-01,6.731223750643892112e-01,-7.998727790260325987e-01,-4.487428872523299694e-02,-4.843194724896198733e-01,8.602994287454498457e-01,-7.864168965316420401e-02,-6.323266422567206391e-01,8.587470300747962471e-01,2.796761300368919012e-01,5.374388508976001289e-01,6.972439558097763834e-01,-3.337263092644529583e-01,-5.391661920617538684e-01,8.339417231048376067e-01,8.471058092685297414e-01,7.864529922646896765e-01,5.181325041655069352e-01,5.804778736029599928e-01,-2.872258367936690315e-01,2.308026484563989733e-01,6.048114363626049261e-01,6.980751163071862164e-01,6.631879604812905837e-01,7.252146224409142805e-01,6.233419081950996032e-01,3.059327301066689375e-01,5.125645486352551350e-01,-3.647942789615095105e-01,2.008315595042959867e-01,7.230008030634150762e-01,-6.758615144108542916e-01,6.324451570384552468e-02,-4.482322163992790570e-02,8.603442547090530690e-01,1.000000000000000000e+00
