1.000000000000000000e+00,6.390832971707040011e-01,4.895185126130844333e-01,3.362683791465654326e-01,5.905166919492859101e-01,3.314360556569780764e-02,3.730499402408293808e-01,-4.988159863544772143e-01,7.112675516456815616e-01,7.036312080263592561e-01,3.614606032656264012e-01,6.246094388511413964e-02,-5.945030276681329690e-02,7.782645008937223441e-01,5.773321475907717826e-01,6.505223230616781205e-01,1.548643904531325777e-01,7.070720670901815552e-01,5.223913099917480984e-01,2.717418598709170352e-01,3.899344435193439762e-01,2.449809237040538601e-01,7.583864453558618601e-01,4.992942995799485306e-01,5.841008301690771010e-01,7.342388396580896703e-01,8.328880775986398366e-02,5.781932623910041036e-01,8.255659259786012338e-01,7.892948620130082471e-01,2.598671123056358057e-01,3.386768986648150959e-01,4.977394013292377739e-01,5.327833793350630343e-01,4.488273152626666151e-01,6.851081023266433201e-01,4.735925803176645466e-01,4.718225539655450107e-01,3.158602457935954511e-01
6.390832971707040011e-01,1.000000000000000000e+00,2.066266960410862996e-01,7.998321022351128837e-03,4.332315935119264161e-01,4.503639650254188664e-01,6.546220198622904052e-02,-2.205707748321309447e-01,4.250478745404744907e-01,4.804045510225734561e-01,3.624448348233655359e-01,2.632621936113888617e-01,-2.564851652515937053e-01,4.807630848418725233e-01,8.964259033285548739e-02,5.383357142468122580e-01,3.614545085255452816e-01,2.882249132857453988e-01,2.808555679807498984e-01,-3.741092959678735119e-02,1.326981115132567779e-01,2.965877045810847989e-01,5.125215033452812374e-01,4.099372793960164851e-01,4.074800742738586279e-01,2.833465436698195394e-01,1.855437454776068529e-01,1.470207556400545401e-01,4.391471040433803652e-01,5.981525944162331410e-01,2.297858041868590939e-01,6.617657334695057347e-01,1.038356275548009827e-01,3.326249759567085906e-01,2.850883516336779611e-01,5.266704906578300038e-01,5.449290402404513012e-01,6.688085795904600769e-03,2.084741254928960397e-01
4.895185126130844333e-01,2.066266960410862996e-01,1.000000000000000000e+00,9.939170230124106178e-03,6.568251305342652779e-01,-2.978027436274121448e-02,3.518931575572157855e-01,-8.869919829182543181e-01,6.981902043970257266e-01,5.410338622778838591e-01,4.214714089648143869e-01,1.956276824435206341e-01,-2.583428907607097647e-01,4.166528450877882150e-01,3.091451064589189057e-01,3.016607302741938224e-01,1.420506791345259312e-01,5.865523631618216882e-01,5.165175980370576569e-01,-9.627818396049224459e-02,5.791308163123828345e-01,4.075260483616846008e-01,4.354123305324450466e-01,5.117782180605304765e-01,6.378032375975568602e-01,4.889274422625490280e-01,3.233981046088056366e-01,7.467505020501646884e-01,3.866257037591104839e-01,6.210396395712470818e-01,6.657436515952099843e-01,1.821596327811453586e-01,5.450089056527949172e-01,7.421416944633080215e-01,2.121455660174365876e-01,5.614521017818758786e-01,3.179024744310735007e-01,2.519175330447576133e-01,5.456630795551417057e-01
3.362683791465654326e-01,7.998321022351128837e-03,9.939170230124106178e-03,1.000000000000000000e+00,1.993539116642900899e-01,-2.880214852968682182e-01,5.284801359147153210e-01,-3.952700077027979098e-02,1.628101616457431899e-01,2.039838428806108883e-01,-2.869007495141343567e-01,-2.477935331351103498e-01,3.144724479599585454e-01,4.279360696922464014e-01,3.711761348092828539e-01,1.839132848337189097e-01,-3.359454284833338078e-01,4.237765471503799897e-01,3.323492244255439876e-01,5.913529202630205539e-01,5.143818418580960172e-02,-5.412007517314686156e-02,2.407191081662721499e-01,-1.020266621927742694e-02,1.417102689931944437e-01,4.175482279252076823e-01,-2.050551525120673513e-01,1.409415587201560405e-01,4.279972391317055092e-01,2.603574492870822099e-01,-4.057030706532996911e-01,-3.426530547101138136e-01,3.239896579739917626e-01,-4.107161416628963418e-02,4.599949037131975116e-01,1.455347735079719484e-01,1.791994617785529209e-01,2.921385358480564909e-01,-1.930086741308197629e-01
5.905166919492859101e-01,4.332315935119264161e-01,6.568251305342652779e-01,1.993539116642900899e-01,1.000000000000000000e+00,1.424520044381787365e-01,3.816098862781233114e-01,-7.156271100330723334e-01,6.857488976852913476e-01,5.674162233832943381e-01,4.058069898118085717e-01,5.395632648593051001e-02,-1.928221954239105196e-01,5.421082530621472717e-01,2.586254099759079383e-01,3.662407043031348786e-01,2.120357116407995679e-01,6.204047062522592970e-01,5.573198020157024146e-01,-5.371494014167642328e-02,3.561978006274729158e-01,2.050654741019702354e-01,5.045021515506878940e-01,5.096944114423135330e-01,6.362863749551591619e-01,5.373630677629946950e-01,3.079353931383603804e-01,4.930949548210949995e-01,4.874964139122031637e-01,7.125686981045368240e-01,3.779447431256852119e-01,3.693359856853468681e-01,3.401039909509182002e-01,7.035783744792328820e-01,2.523458941406916956e-01,5.508694652420608184e-01,3.831381870724391847e-01,1.675897359412197585e-01,4.139631110911762835e-01
3.314360556569780764e-02,4.503639650254188664e-01,-2.978027436274121448e-02,-2.880214852968682182e-01,1.424520044381787365e-01,1.000000000000000000e+00,-1.752392639335654534e-01,3.970248925793504885e-02,-4.045051097309371527e-03,6.569419159899060612e-02,2.935366859324041733e-01,3.508783254674046059e-01,-2.294665085198002441e-01,3.496154203798083893e-02,-2.492980361463826011e-01,1.582154949890679230e-01,3.152405711332721405e-01,-2.133616017423303410e-02,1.735434705567098779e-01,-2.811988006135691109e-01,-7.617132262728974756e-02,3.080695900462753212e-01,1.472231599688498260e-01,5.737790297819315988e-02,8.610804279711826992e-02,-9.538148519943938364e-02,4.146048181393082177e-01,-1.342060887963297533e-01,-3.684734513564991848e-02,8.583461749129558949e-02,1.248078042947068367e-01,5.376933265859950017e-01,-3.429716945333829980e-02,5.423734256096778700e-02,1.118438531724055968e-01,2.452872365994354653e-02,4.484316177210159737e-01,-2.768095217267517727e-01,8.840487831491573856e-02
3.730499402408293808e-01,6.546220198622904052e-02,3.518931575572157855e-01,5.284801359147153210e-01,3.816098862781233114e-01,-1.752392639335654534e-01,1.000000000000000000e+00,-3.225946786974712710e-01,3.279428400425635215e-01,2.460461128323461755e-01,-1.415533726637124325e-02,-1.732895442298801325e-01,8.784153556696661092e-02,3.452487621383656946e-01,2.885919793146258794e-01,2.336006248532704888e-01,-1.367345874603516365e-01,5.203534053145640881e-01,5.115114011195300847e-01,4.059413601810801242e-01,1.620020854010208178e-01,2.439339443790055073e-01,2.448768501577143486e-01,2.438327952460599135e-01,3.090056359958195387e-01,4.082523290682170125e-01,-6.835004560539546803e-02,3.878066678557687830e-01,3.545396790874845716e-01,3.516690339543576127e-01,5.073681351750601587e-02,-1.783773992358092253e-01,3.850434977620738608e-01,2.836167682936743262e-01,2.778723538786648239e-01,3.336180028925784247e-01,2.081346170597133949e-01,1.270239767074838599e-01,-6.242702676751801794e-02
-4.988159863544772143e-01,-2.205707748321309447e-01,-8.869919829182543181e-01,-3.952700077027979098e-02,-7.156271100330723334e-01,3.970248925793504885e-02,-3.225946786974712710e-01,1.000000000000000000e+00,-6.730110781598103165e-01,-5.273135159208724998e-01,-3.839285411341174514e-01,-8.625775240154952284e-02,2.346202412307108465e-01,-4.223872641911489700e-01,-2.703426593717315751e-01,-2.752825915778699950e-01,-1.118896503834498485e-01,-5.460569074569293635e-01,-5.032001737094450311e-01,1.288685531653472882e-01,-5.117199660995829236e-01,-2.560562391113356817e-01,-4.183188809287396448e-01,-5.021901253373292073e-01,-6.166185108467785447e-01,-4.570415504456065703e-01,-2.480049280606605455e-01,-6.428168522920650885e-01,-3.798712034407372151e-01,-6.422503828735751652e-01,-5.834059675476240825e-01,-1.864985200484395311e-01,-4.341269944348168375e-01,-6.969680751928765128e-01,-1.745565512282470366e-01,-5.513635390421908200e-01,-2.377435094013629902e-01,-2.526238113532643381e-01,-5.187939242414491003e-01
7.112675516456815616e-01,4.250478745404744907e-01,6.981902043970257266e-01,1.628101616457431899e-01,6.857488976852913476e-01,-4.045051097309371527e-03,3.279428400425635215e-01,-6.730110781598103165e-01,1.000000000000000000e+00,7.560963776695490690e-01,4.581314877714908751e-01,2.772187976984338276e-01,-2.134871582151393887e-01,6.662033971997429749e-01,5.544758300674998974e-01,5.477413467370761957e-01,1.936817529396127890e-01,6.998532492809456107e-01,6.033094376907325307e-01,9.344815261063439682e-02,5.895756299036805093e-01,3.503011606918210452e-01,6.639523509031596271e-01,6.250080340900631137e-01,6.900769909445836348e-01,7.427445495552513766e-01,4.207026044215886884e-01,7.391491477822453859e-01,6.299069697832322401e-01,7.882517400204459568e-01,5.451276718935279542e-01,3.693987754168330806e-01,5.540863000738737165e-01,7.703936542295772849e-01,3.509970858427179929e-01,6.356070513797155153e-01,4.182366516554240632e-01,4.484642405094605433e-01,6.191289150504073469e-01
7.036312080263592561e-01,4.804045510225734561e-01,5.410338622778838591e-01,2.039838428806108883e-01,5.674162233832943381e-01,6.569419159899060612e-02,2.460461128323461755e-01,-5.273135159208724998e-01,7.560963776695490690e-01,1.000000000000000000e+00,3.977435831816807932e-01,2.060355181911305011e-01,-1.912406907952272361e-01,6.708317523516164060e-01,5.561082276895928933e-01,7.797364493696444798e-01,1.892637464906240796e-01,6.594252310135998441e-01,5.662717095280327406e-01,2.907677223208977590e-01,5.099332313650609683e-01,3.206804517996482695e-01,7.747008420103860260e-01,5.059883953748789409e-01,7.545372626420472351e-01,7.288185724158040557e-01,4.090203989870867529e-01,6.050985153674771633e-01,6.617729028338582564e-01,7.412447659544483258e-01,3.481695171904601316e-01,2.836566454449128694e-01,5.272414706063190959e-01,5.865829953501057181e-01,3.861010735362393476e-01,5.523840490001455938e-01,3.950880911900584436e-01,5.311881397329237808e-01,5.364901580440712969e-01
3.614606032656264012e-01,3.624448348233655359e-01,4.214714089648143869e-01,-2.869007495141343567e-01,4.058069898118085717e-01,2.935366859324041733e-01,-1.415533726637124325e-02,-3.839285411341174514e-01,4.581314877714908751e-01,3.977435831816807932e-01,1.000000000000000000e+00,3.733012131556775470e-01,-3.182070063011206429e-01,2.339904576951938320e-01,6.150025479801078665e-02,3.209688468859589472e-01,6.589345911487045626e-01,2.661787687881693731e-01,2.572730151199282278e-01,-2.535747689703672370e-01,3.335494535843055997e-01,3.455183930640303158e-01,3.287643978776448317e-01,2.509873568680903166e-01,3.784547990261575290e-01,2.298448948021050153e-01,4.157682053164656888e-01,3.853918813615577199e-01,2.615078503431061407e-01,4.252251241952310079e-01,5.700984870183325448e-01,5.015448434264091482e-01,2.672553954002150900e-01,5.154761073513168812e-01,-6.952791328849571018e-02,3.387040689948698780e-01,1.504393150752301456e-01,6.480681215629509329e-02,4.260258834910434222e-01
6.246094388511413964e-02,2.632621936113888617e-01,1.956276824435206341e-01,-2.477935331351103498e-01,5.395632648593051001e-02,3.508783254674046059e-01,-1.732895442298801325e-01,-8.625775240154952284e-02,2.772187976984338276e-01,2.060355181911305011e-01,3.733012131556775470e-01,1.000000000000000000e+00,-3.386260148827340277e-01,2.449201300456584768e-02,1.097174634291941397e-01,1.406361472911844823e-01,2.827686087820013294e-01,1.117804464848221879e-01,1.728872227855736965e-01,-1.170807440020687484e-01,3.782886096658491515e-01,5.433032715093178977e-01,1.294206619395139035e-01,2.928066583648346599e-01,2.132410559336589129e-01,1.150279484406680486e-01,6.174060331747880381e-01,2.549703862032283164e-01,1.367778987646683410e-02,1.721890396146272539e-01,4.618036509550976221e-01,5.007741083598679088e-01,2.343902491170065383e-01,2.831015833047077490e-01,1.444069315019970989e-01,2.406626656261133257e-01,2.839687715969600457e-01,6.704743387947054156e-02,5.516801774226242072e-01
-5.945030276681329690e-02,-2.564851652515937053e-01,-2.583428907607097647e-01,3.144724479599585454e-01,-1.928221954239105196e-01,-2.294665085198002441e-01,8.784153556696661092e-02,2.346202412307108465e-01,-2.134871582151393887e-01,-1.912406907952272361e-01,-3.182070063011206429e-01,-3.386260148827340277e-01,1.000000000000000000e+00,-2.904126368979908709e-02,1.172130007285091119e-01,-7.790930958561996522e-02,-3.582111879541211019e-01,6.236382415171846244e-02,-6.619901483371877504e-02,2.455058980695606075e-01,-1.408824293061026744e-01,-2.349930756436394708e-01,-1.310472994995062930e-02,-2.441163789122988703e-01,-2.757311497797203526e-01,9.528723959686159761e-03,-3.828631044925684401e-01,-1.420495952064591005e-01,1.363928598088763322e-01,-1.947495340544761477e-01,-5.580126264844054162e-01,-3.413298090104041616e-01,4.532929127921531132e-02,-3.185783778269491995e-01,2.165511332258174271e-01,-2.659246639563230263e-01,-1.609687262330729979e-02,4.127565989036081212e-02,-3.813489814523617349e-01
7.782645008937223441e-01,4.807630848418725233e-01,4.166528450877882150e-01,4.279360696922464014e-01,5.421082530621472717e-01,3.496154203798083893e-02,3.452487621383656946e-01,-4.223872641911489700e-01,6.662033971997429749e-01,6.708317523516164060e-01,2.339904576951938320e-01,2.449201300456584768e-02,-2.904126368979908709e-02,1.000000000000000000e+00,6.437610258268831043e-01,5.708663791115354824e-01,7.539402406556777736e-02,6.799032548781837049e-01,5.188689908671636486e-01,3.548373983518721686e-01,3.990268248957398733e-01,1.531985372691755110e-01,7.326911401904182553e-01,4.242283358799031068e-01,5.809103876355788953e-01,7.675132159379661756e-01,1.512182358448070640e-01,5.688946065843480948e-01,8.047563022785266806e-01,6.968417474309319681e-01,1.453503358659588851e-01,2.295541932950342645e-01,6.114653124080496882e-01,4.185279282083106400e-01,5.505242864591325391e-01,5.470175276707814893e-01,5.054019198883313857e-01,5.518541820784937935e-01,2.711040598445424443e-01
5.773321475907717826e-01,8.964259033285548739e-02,3.091451064589189057e-01,3.711761348092828539e-01,2.586254099759079383e-01,-2.492980361463826011e-01,2.885919793146258794e-01,-2.703426593717315751e-01,5.544758300674998974e-01,5.561082276895928933e-01,6.150025479801078665e-02,1.097174634291941397e-01,1.172130007285091119e-01,6.437610258268831043e-01,1.000000000000000000e+00,4.505455932580210709e-01,-1.268938927719699961e-01,6.871607885965302920e-01,4.878202140484697580e-01,5.563999151976491975e-01,4.644574764450045135e-01,1.505967619558049864e-01,6.401533131615156913e-01,3.461802047611290956e-01,4.276596484098448836e-01,7.936655307026929673e-01,6.426828699018490021e-02,6.304410509129381168e-01,7.398509078572917952e-01,4.184637847757180507e-01,1.023786026888509754e-01,-5.148907070076395517e-03,5.804260568292564093e-01,3.774567362242244872e-01,5.248178123119595639e-01,3.768098928254231539e-01,3.137106932567069184e-01,7.639460676477096701e-01,3.249986572918789896e-01
6.505223230616781205e-01,5.383357142468122580e-01,3.016607302741938224e-01,1.839132848337189097e-01,3.662407043031348786e-01,1.582154949890679230e-01,2.336006248532704888e-01,-2.752825915778699950e-01,5.477413467370761957e-01,7.797364493696444798e-01,3.209688468859589472e-01,1.406361472911844823e-01,-7.790930958561996522e-02,5.708663791115354824e-01,4.505455932580210709e-01,1.000000000000000000e+00,1.899217825554561923e-01,5.566614842146834219e-01,4.387280647483858820e-01,3.459624004941821984e-01,3.157185106181122358e-01,3.291151810919507592e-01,7.280723086361614582e-01,4.729544313255571453e-01,5.595927207796395075e-01,5.922621373273690981e-01,2.319499542141031101e-01,3.969182086077891469e-01,6.102337299297427853e-01,6.205101201970876224e-01,1.497772026168496806e-01,2.519360478086234423e-01,4.213995096463308832e-01,3.487597566519829440e-01,4.339075096926026665e-01,4.743287635776692324e-01,3.990246768183186576e-01,4.110160343813875627e-01,2.185062159660269288e-01
1.548643904531325777e-01,3.614545085255452816e-01,1.420506791345259312e-01,-3.359454284833338078e-01,2.120357116407995679e-01,3.152405711332721405e-01,-1.367345874603516365e-01,-1.118896503834498485e-01,1.936817529396127890e-01,1.892637464906240796e-01,6.589345911487045626e-01,2.827686087820013294e-01,-3.582111879541211019e-01,7.539402406556777736e-02,-1.268938927719699961e-01,1.899217825554561923e-01,1.000000000000000000e+00,-7.124486131393494362e-03,9.451710195266594880e-03,-2.949432381111979362e-01,8.866058250153187326e-02,2.620382237096271494e-01,1.399048550863896123e-01,2.321348131484206601e-01,2.470619733604585422e-01,-3.177034649452921411e-02,2.877701876642488887e-01,5.755616853504372937e-02,6.881856080405245046e-02,2.108263113308475045e-01,3.954189313281265550e-01,5.347025631404692669e-01,-2.356475173441192200e-02,2.880981876497503147e-01,-2.471584180286348353e-01,1.763064912218577085e-01,7.782070114015275653e-02,-1.490019715080082019e-01,1.865105568229138977e-01
7.070720670901815552e-01,2.882249132857453988e-01,5.865523631618216882e-01,4.237765471503799897e-01,6.204047062522592970e-01,-2.133616017423303410e-02,5.203534053145640881e-01,-5.460569074569293635e-01,6.998532492809456107e-01,6.594252310135998441e-01,2.661787687881693731e-01,1.117804464848221879e-01,6.236382415171846244e-02,6.799032548781837049e-01,6.871607885965302920e-01,5.566614842146834219e-01,-7.124486131393494362e-03,1.000000000000000000e+00,7.530808383153645424e-01,3.657467540352561386e-01,5.055249429537490569e-01,2.993091550891697206e-01,7.058066905055770945e-01,4.973843849986789856e-01,5.976729679293916186e-01,8.262755131885115567e-01,2.097154939685644259e-01,7.306285980736955121e-01,7.672440532143864900e-01,6.016958040125764962e-01,2.602524584364682703e-01,1.454329179925532844e-01,6.392868049123782148e-01,6.303805911489568370e-01,5.432756718515352468e-01,5.215157580206168930e-01,4.680566655774475171e-01,5.601483112405364340e-01,3.773304040417662653e-01
5.223913099917480984e-01,2.808555679807498984e-01,5.165175980370576569e-01,3.323492244255439876e-01,5.573198020157024146e-01,1.735434705567098779e-01,5.115114011195300847e-01,-5.032001737094450311e-01,6.033094376907325307e-01,5.662717095280327406e-01,2.572730151199282278e-01,1.728872227855736965e-01,-6.619901483371877504e-02,5.188689908671636486e-01,4.878202140484697580e-01,4.387280647483858820e-01,9.451710195266594880e-03,7.530808383153645424e-01,1.000000000000000000e+00,2.251415955752736342e-01,4.450928435259451366e-01,3.174277979717182729e-01,5.896352257940171704e-01,4.339462101010891359e-01,5.319730218586220527e-01,6.431737008821616364e-01,3.767988105673092947e-01,5.611448550187381201e-01,5.295841549778562696e-01,5.386733307510800373e-01,2.682080403536493129e-01,1.692743684297349505e-01,4.871410168292733545e-01,5.823367347144999817e-01,4.098571657941810775e-01,4.677444175379475988e-01,4.673734970057699112e-01,3.688698737412757223e-01,3.977894690550786705e-01
2.717418598709170352e-01,-3.741092959678735119e-02,-9.627818396049224459e-02,5.913529202630205539e-01,-5.371494014167642328e-02,-2.811988006135691109e-01,4.059413601810801242e-01,1.288685531653472882e-01,9.344815261063439682e-02,2.907677223208977590e-01,-2.535747689703672370e-01,-1.170807440020687484e-01,2.455058980695606075e-01,3.548373983518721686e-01,5.563999151976491975e-01,3.459624004941821984e-01,-2.949432381111979362e-01,3.657467540352561386e-01,2.251415955752736342e-01,1.000000000000000000e+00,1.051647684874395944e-01,1.283431135632436826e-01,3.033493081496607680e-01,-4.766825087038427389e-02,1.322231584479467981e-01,4.474081264632641108e-01,-1.749934501974299839e-01,1.811983126739957484e-01,4.336789154126493018e-01,1.177125804561679340e-01,-3.741615164179701858e-01,-3.704934092131187962e-01,3.530003079731502957e-01,-1.264862327406496012e-01,4.695864466388420255e-01,6.823232950798918672e-02,8.901309662669540379e-02,4.957294271996919299e-01,-1.277799149858387107e-01
3.899344435193439762e-01,1.326981115132567779e-01,5.791308163123828345e-01,5.143818418580960172e-02,3.561978006274729158e-01,-7.617132262728974756e-02,1.620020854010208178e-01,-5.117199660995829236e-01,5.895756299036805093e-01,5.099332313650609683e-01,3.335494535843055997e-01,3.782886096658491515e-01,-1.408824293061026744e-01,3.990268248957398733e-01,4.644574764450045135e-01,3.157185106181122358e-01,8.866058250153187326e-02,5.055249429537490569e-01,4.450928435259451366e-01,1.051647684874395944e-01,1.000000000000000000e+00,2.465169335755333091e-01,4.624915244588070906e-01,4.156396921740355688e-01,5.480676528703323225e-01,5.614546387691448093e-01,4.605925603098076637e-01,7.055779851659934598e-01,4.106683097943036320e-01,4.587096799518141088e-01,4.409126235551785178e-01,1.867785314041911227e-01,5.887352961111300687e-01,5.191007917965829721e-01,3.500498974415744979e-01,3.929139859170660554e-01,2.902137458031853190e-01,4.067815625986528905e-01,5.143656176467509278e-01
2.449809237040538601e-01,2.965877045810847989e-01,4.075260483616846008e-01,-5.412007517314686156e-02,2.050654741019702354e-01,3.080695900462753212e-01,2.439339443790055073e-01,-2.560562391113356817e-01,3.503011606918210452e-01,3.206804517996482695e-01,3.455183930640303158e-01,5.433032715093178977e-01,-2.349930756436394708e-01,1.531985372691755110e-01,1.505967619558049864e-01,3.291151810919507592e-01,2.620382237096271494e-01,2.993091550891697206e-01,3.174277979717182729e-01,1.283431135632436826e-01,2.465169335755333091e-01,1.000000000000000000e+00,2.328359988517113843e-01,3.258396642607845894e-01,2.826923726149361826e-01,2.482138662343573443e-01,4.559527524561756695e-01,3.941467147393217796e-01,1.854872971271006310e-01,3.248779680292399052e-01,4.460766481637881142e-01,3.026986774226931298e-01,4.434867702228401654e-01,3.408754927629192299e-01,2.669408868089978015e-01,3.177100832410885700e-01,4.315826230766416916e-01,2.907930453374777194e-02,3.541647445862294297e-01
7.583864453558618601e-01,5.125215033452812374e-01,4.354123305324450466e-01,2.407191081662721499e-01,5.045021515506878940e-01,1.472231599688498260e-01,2.448768501577143486e-01,-4.183188809287396448e-01,6.639523509031596271e-01,7.747008420103860260e-01,3.287643978776448317e-01,1.294206619395139035e-01,-1.310472994995062930e-02,7.326911401904182553e-01,6.401533131615156913e-01,7.280723086361614582e-01,1.399048550863896123e-01,7.058066905055770945e-01,5.896352257940171704e-01,3.033493081496607680e-01,4.624915244588070906e-01,2.328359988517113843e-01,1.000000000000000000e+00,5.458810074612873153e-01,6.875658686334811254e-01,7.428433785924553057e-01,2.423464597237316165e-01,5.665089743349683848e-01,7.779770727189353474e-01,6.692022026985100513e-01,2.188808712373034315e-01,2.987197165720237857e-01,5.457364727952932482e-01,4.987968252693584237e-01,5.242482390292225736e-01,5.872587281258075942e-01,5.623230314418899978e-01,5.790931283889463321e-01,3.872748646602642841e-01
4.992942995799485306e-01,4.099372793960164851e-01,5.117782180605304765e-01,-1.020266621927742694e-02,5.096944114423135330e-01,5.737790297819315988e-02,2.438327952460599135e-01,-5.021901253373292073e-01,6.250080340900631137e-01,5.059883953748789409e-01,2.509873568680903166e-01,2.928066583648346599e-01,-2.441163789122988703e-01,4.242283358799031068e-01,3.461802047611290956e-01,4.729544313255571453e-01,2.321348131484206601e-01,4.973843849986789856e-01,4.339462101010891359e-01,-4.766825087038427389e-02,4.156396921740355688e-01,3.258396642607845894e-01,5.458810074612873153e-01,1.000000000000000000e+00,5.379629615193300962e-01,4.751481187924073701e-01,3.463569871216348184e-01,4.546326161409343092e-01,4.044553929564611572e-01,5.260385999529560985e-01,4.826957679360908138e-01,4.418230826063118677e-01,2.913982864359334624e-01,5.700750503078130249e-01,3.080689052834097996e-01,6.633291529693838839e-01,4.300163470267580057e-01,2.874388132922606198e-01,4.932254626393233754e-01
5.841008301690771010e-01,4.074800742738586279e-01,6.378032375975568602e-01,1.417102689931944437e-01,6.362863749551591619e-01,8.610804279711826992e-02,3.090056359958195387e-01,-6.166185108467785447e-01,6.900769909445836348e-01,7.545372626420472351e-01,3.784547990261575290e-01,2.132410559336589129e-01,-2.757311497797203526e-01,5.809103876355788953e-01,4.276596484098448836e-01,5.595927207796395075e-01,2.470619733604585422e-01,5.976729679293916186e-01,5.319730218586220527e-01,1.322231584479467981e-01,5.480676528703323225e-01,2.826923726149361826e-01,6.875658686334811254e-01,5.379629615193300962e-01,1.000000000000000000e+00,5.977816767189293445e-01,4.401758734303425347e-01,6.040792642551389147e-01,5.193018915352374254e-01,6.771469072759597196e-01,4.412113512445599572e-01,2.728744950191952512e-01,4.891712797279943459e-01,6.275635751305155274e-01,3.037667572928447468e-01,5.670739344815642902e-01,4.221371275595220407e-01,3.759319435775624330e-01,5.197635259756601123e-01
7.342388396580896703e-01,2.833465436698195394e-01,4.889274422625490280e-01,4.175482279252076823e-01,5.373630677629946950e-01,-9.538148519943938364e-02,4.082523290682170125e-01,-4.570415504456065703e-01,7.427445495552513766e-01,7.288185724158040557e-01,2.298448948021050153e-01,1.150279484406680486e-01,9.528723959686159761e-03,7.675132159379661756e-01,7.936655307026929673e-01,5.922621373273690981e-01,-3.177034649452921411e-02,8.262755131885115567e-01,6.431737008821616364e-01,4.474081264632641108e-01,5.614546387691448093e-01,2.482138662343573443e-01,7.428433785924553057e-01,4.751481187924073701e-01,5.977816767189293445e-01,1.000000000000000000e+00,2.798710181457077506e-01,7.341712672371272230e-01,8.128878140135523678e-01,6.319532065112078989e-01,2.297960251067527049e-01,1.524756388946778285e-01,6.697674957458819023e-01,5.567434232024428553e-01,5.652724428582428517e-01,5.143010748806524646e-01,4.385658631863603163e-01,6.944959630484760504e-01,4.170836666840883611e-01
8.328880775986398366e-02,1.855437454776068529e-01,3.233981046088056366e-01,-2.050551525120673513e-01,3.079353931383603804e-01,4.146048181393082177e-01,-6.835004560539546803e-02,-2.480049280606605455e-01,4.207026044215886884e-01,4.090203989870867529e-01,4.157682053164656888e-01,6.174060331747880381e-01,-3.828631044925684401e-01,1.512182358448070640e-01,6.426828699018490021e-02,2.319499542141031101e-01,2.877701876642488887e-01,2.097154939685644259e-01,3.767988105673092947e-01,-1.749934501974299839e-01,4.605925603098076637e-01,4.559527524561756695e-01,2.423464597237316165e-01,3.463569871216348184e-01,4.401758734303425347e-01,2.798710181457077506e-01,1.000000000000000000e+00,3.247289248499320435e-01,2.759538478758056038e-02,2.820608753559901150e-01,4.464729566403547456e-01,4.291515809258655278e-01,3.267083900569771604e-01,3.955428891799153135e-01,1.626722654924660505e-01,2.176414101499635489e-01,3.564502753856614303e-01,4.195583519421783314e-02,6.032722566719127544e-01
5.781932623910041036e-01,1.470207556400545401e-01,7.467505020501646884e-01,1.409415587201560405e-01,4.930949548210949995e-01,-1.342060887963297533e-01,3.878066678557687830e-01,-6.428168522920650885e-01,7.391491477822453859e-01,6.050985153674771633e-01,3.853918813615577199e-01,2.549703862032283164e-01,-1.420495952064591005e-01,5.688946065843480948e-01,6.304410509129381168e-01,3.969182086077891469e-01,5.755616853504372937e-02,7.306285980736955121e-01,5.611448550187381201e-01,1.811983126739957484e-01,7.055779851659934598e-01,3.941467147393217796e-01,5.665089743349683848e-01,4.546326161409343092e-01,6.040792642551389147e-01,7.341712672371272230e-01,3.247289248499320435e-01,1.000000000000000000e+00,5.999565738664033310e-01,5.550990085158779008e-01,5.806053038453655724e-01,1.216947193338441396e-01,7.419741764303593445e-01,7.110999337155080591e-01,3.900660902452827705e-01,4.844213511061387090e-01,3.708209419854889832e-01,5.179533561661273655e-01,5.187686964972808568e-01
8.255659259786012338e-01,4.391471040433803652e-01,3.866257037591104839e-01,4.279972391317055092e-01,4.874964139122031637e-01,-3.684734513564991848e-02,3.545396790874845716e-01,-3.798712034407372151e-01,6.299069697832322401e-01,6.617729028338582564e-01,2.615078503431061407e-01,1.367778987646683410e-02,1.363928598088763322e-01,8.047563022785266806e-01,7.398509078572917952e-01,6.102337299297427853e-01,6.881856080405245046e-02,7.672440532143864900e-01,5.295841549778562696e-01,4.336789154126493018e-01,4.106683097943036320e-01,1.854872971271006310e-01,7.779770727189353474e-01,4.044553929564611572e-01,5.193018915352374254e-01,8.128878140135523678e-01,2.759538478758056038e-02,5.999565738664033310e-01,1.000000000000000000e+00,6.480773587775946476e-01,1.049837609997212040e-01,2.093122468867276154e-01,6.027803035649845764e-01,4.294789418508064283e-01,5.680714127267905145e-01,5.283378243545854280e-01,4.579406506612370142e-01,6.410115263104892991e-01,2.360672612963591321e-01
7.892948620130082471e-01,5.981525944162331410e-01,6.210396395712470818e-01,2.603574492870822099e-01,7.125686981045368240e-01,8.583461749129558949e-02,3.516690339543576127e-01,-6.422503828735751652e-01,7.882517400204459568e-01,7.412447659544483258e-01,4.252251241952310079e-01,1.721890396146272539e-01,-1.947495340544761477e-01,6.968417474309319681e-01,4.184637847757180507e-01,6.205101201970876224e-01,2.108263113308475045e-01,6.016958040125764962e-01,5.386733307510800373e-01,1.177125804561679340e-01,4.587096799518141088e-01,3.248779680292399052e-01,6.692022026985100513e-01,5.260385999529560985e-01,6.771469072759597196e-01,6.319532065112078989e-01,2.820608753559901150e-01,5.550990085158779008e-01,6.480773587775946476e-01,1.000000000000000000e+00,3.729449081615139328e-01,3.580664177400009196e-01,4.907451107931140033e-01,6.077873411827865446e-01,3.606068664207187635e-01,7.226269439554695584e-01,4.457603837992544227e-01,3.126207361546844421e-01,4.185965342645471821e-01
2.598671123056358057e-01,2.297858041868590939e-01,6.657436515952099843e-01,-4.057030706532996911e-01,3.779447431256852119e-01,1.248078042947068367e-01,5.073681351750601587e-02,-5.834059675476240825e-01,5.451276718935279542e-01,3.481695171904601316e-01,5.700984870183325448e-01,4.618036509550976221e-01,-5.580126264844054162e-01,1.453503358659588851e-01,1.023786026888509754e-01,1.497772026168496806e-01,3.954189313281265550e-01,2.602524584364682703e-01,2.682080403536493129e-01,-3.741615164179701858e-01,4.409126235551785178e-01,4.460766481637881142e-01,2.188808712373034315e-01,4.826957679360908138e-01,4.412113512445599572e-01,2.297960251067527049e-01,4.464729566403547456e-01,5.806053038453655724e-01,1.049837609997212040e-01,3.729449081615139328e-01,1.000000000000000000e+00,4.386398204802051670e-01,2.666147315140378615e-01,6.959738075835414373e-01,-1.116543871310692188e-01,4.202009131640424000e-01,1.562462837617534794e-01,9.934088707014229747e-02,6.430125571543510166e-01
3.386768986648150959e-01,6.617657334695057347e-01,1.821596327811453586e-01,-3.426530547101138136e-01,3.693359856853468681e-01,5.376933265859950017e-01,-1.783773992358092253e-01,-1.864985200484395311e-01,3.693987754168330806e-01,2.836566454449128694e-01,5.015448434264091482e-01,5.007741083598679088e-01,-3.413298090104041616e-01,2.295541932950342645e-01,-5.148907070076395517e-03,2.519360478086234423e-01,5.347025631404692669e-01,1.454329179925532844e-01,1.692743684297349505e-01,-3.704934092131187962e-01,1.867785314041911227e-01,3.026986774226931298e-01,2.987197165720237857e-01,4.418230826063118677e-01,2.728744950191952512e-01,1.524756388946778285e-01,4.291515809258655278e-01,1.216947193338441396e-01,2.093122468867276154e-01,3.580664177400009196e-01,4.386398204802051670e-01,1.000000000000000000e+00,-4.284890349417334876e-02,3.977641973562337507e-01,7.801031738314850861e-02,3.543111098799434089e-01,4.064089953653813314e-01,-6.592366699538823593e-02,4.289066440685424531e-01
4.977394013292377739e-01,1.038356275548009827e-01,5.450089056527949172e-01,3.239896579739917626e-01,3.401039909509182002e-01,-3.429716945333829980e-02,3.850434977620738608e-01,-4.341269944348168375e-01,5.540863000738737165e-01,5.272414706063190959e-01,2.672553954002150900e-01,2.343902491170065383e-01,4.532929127921531132e-02,6.114653124080496882e-01,5.804260568292564093e-01,4.213995096463308832e-01,-2.356475173441192200e-02,6.392868049123782148e-01,4.871410168292733545e-01,3.530003079731502957e-01,5.887352961111300687e-01,4.434867702228401654e-01,5.457364727952932482e-01,2.913982864359334624e-01,4.891712797279943459e-01,6.697674957458819023e-01,3.267083900569771604e-01,7.419741764303593445e-01,6.027803035649845764e-01,4.907451107931140033e-01,2.666147315140378615e-01,-4.284890349417334876e-02,1.000000000000000000e+00,3.634362349645371415e-01,5.822013590767730618e-01,3.814235859434646492e-01,4.941099326350543719e-01,4.806296064789545852e-01,2.873774200511086119e-01
5.327833793350630343e-01,3.326249759567085906e-01,7.421416944633080215e-01,-4.107161416628963418e-02,7.035783744792328820e-01,5.423734256096778700e-02,2.836167682936743262e-01,-6.969680751928765128e-01,7.703936542295772849e-01,5.865829953501057181e-01,5.154761073513168812e-01,2.831015833047077490e-01,-3.185783778269491995e-01,4.185279282083106400e-01,3.774567362242244872e-01,3.487597566519829440e-01,2.880981876497503147e-01,6.303805911489568370e-01,5.823367347144999817e-01,-1.264862327406496012e-01,5.191007917965829721e-01,3.408754927629192299e-01,4.987968252693584237e-01,5.700750503078130249e-01,6.275635751305155274e-01,5.567434232024428553e-01,3.955428891799153135e-01,7.110999337155080591e-01,4.294789418508064283e-01,6.077873411827865446e-01,6.959738075835414373e-01,3.977641973562337507e-01,3.634362349645371415e-01,1.000000000000000000e+00,1.178277198529119746e-01,5.294916471193491514e-01,3.150749198633369663e-01,2.624518596507316448e-01,6.308044975877862282e-01
4.488273152626666151e-01,2.850883516336779611e-01,2.121455660174365876e-01,4.599949037131975116e-01,2.523458941406916956e-01,1.118438531724055968e-01,2.778723538786648239e-01,-1.745565512282470366e-01,3.509970858427179929e-01,3.861010735362393476e-01,-6.952791328849571018e-02,1.444069315019970989e-01,2.165511332258174271e-01,5.505242864591325391e-01,5.248178123119595639e-01,4.339075096926026665e-01,-2.471584180286348353e-01,5.432756718515352468e-01,4.098571657941810775e-01,4.695864466388420255e-01,3.500498974415744979e-01,2.669408868089978015e-01,5.242482390292225736e-01,3.080689052834097996e-01,3.037667572928447468e-01,5.652724428582428517e-01,1.626722654924660505e-01,3.900660902452827705e-01,5.680714127267905145e-01,3.606068664207187635e-01,-1.116543871310692188e-01,7.801031738314850861e-02,5.822013590767730618e-01,1.178277198529119746e-01,1.000000000000000000e+00,3.407711180784350757e-01,6.636439476650793923e-01,3.909926985847592129e-01,9.411532990133368581e-02
6.851081023266433201e-01,5.266704906578300038e-01,5.614521017818758786e-01,1.455347735079719484e-01,5.508694652420608184e-01,2.452872365994354653e-02,3.336180028925784247e-01,-5.513635390421908200e-01,6.356070513797155153e-01,5.523840490001455938e-01,3.387040689948698780e-01,2.406626656261133257e-01,-2.659246639563230263e-01,5.470175276707814893e-01,3.768098928254231539e-01,4.743287635776692324e-01,1.763064912218577085e-01,5.215157580206168930e-01,4.677444175379475988e-01,6.823232950798918672e-02,3.929139859170660554e-01,3.177100832410885700e-01,5.872587281258075942e-01,6.633291529693838839e-01,5.670739344815642902e-01,5.143010748806524646e-01,2.176414101499635489e-01,4.844213511061387090e-01,5.283378243545854280e-01,7.226269439554695584e-01,4.202009131640424000e-01,3.543111098799434089e-01,3.814235859434646492e-01,5.294916471193491514e-01,3.407711180784350757e-01,1.000000000000000000e+00,4.249430258019492590e-01,3.373139242430558404e-01,4.542414661479481919e-01
4.735925803176645466e-01,5.449290402404513012e-01,3.179024744310735007e-01,1.791994617785529209e-01,3.831381870724391847e-01,4.484316177210159737e-01,2.081346170597133949e-01,-2.377435094013629902e-01,4.182366516554240632e-01,3.950880911900584436e-01,1.504393150752301456e-01,2.839687715969600457e-01,-1.609687262330729979e-02,5.054019198883313857e-01,3.137106932567069184e-01,3.990246768183186576e-01,7.782070114015275653e-02,4.680566655774475171e-01,4.673734970057699112e-01,8.901309662669540379e-02,2.902137458031853190e-01,4.315826230766416916e-01,5.623230314418899978e-01,4.300163470267580057e-01,4.221371275595220407e-01,4.385658631863603163e-01,3.564502753856614303e-01,3.708209419854889832e-01,4.579406506612370142e-01,4.457603837992544227e-01,1.562462837617534794e-01,4.064089953653813314e-01,4.941099326350543719e-01,3.150749198633369663e-01,6.636439476650793923e-01,4.249430258019492590e-01,1.000000000000000000e+00,7.696753831652632105e-02,1.880647007041371388e-01
4.718225539655450107e-01,6.688085795904600769e-03,2.519175330447576133e-01,2.921385358480564909e-01,1.675897359412197585e-01,-2.768095217267517727e-01,1.270239767074838599e-01,-2.526238113532643381e-01,4.484642405094605433e-01,5.311881397329237808e-01,6.480681215629509329e-02,6.704743387947054156e-02,4.127565989036081212e-02,5.518541820784937935e-01,7.639460676477096701e-01,4.110160343813875627e-01,-1.490019715080082019e-01,5.601483112405364340e-01,3.688698737412757223e-01,4.957294271996919299e-01,4.067815625986528905e-01,2.907930453374777194e-02,5.790931283889463321e-01,2.874388132922606198e-01,3.759319435775624330e-01,6.944959630484760504e-01,4.195583519421783314e-02,5.179533561661273655e-01,6.410115263104892991e-01,3.126207361546844421e-01,9.934088707014229747e-02,-6.592366699538823593e-02,4.806296064789545852e-01,2.624518596507316448e-01,3.909926985847592129e-01,3.373139242430558404e-01,7.696753831652632105e-02,1.000000000000000000e+00,4.073099948280909377e-01
3.158602457935954511e-01,2.084741254928960397e-01,5.456630795551417057e-01,-1.930086741308197629e-01,4.139631110911762835e-01,8.840487831491573856e-02,-6.242702676751801794e-02,-5.187939242414491003e-01,6.191289150504073469e-01,5.364901580440712969e-01,4.260258834910434222e-01,5.516801774226242072e-01,-3.813489814523617349e-01,2.711040598445424443e-01,3.249986572918789896e-01,2.185062159660269288e-01,1.865105568229138977e-01,3.773304040417662653e-01,3.977894690550786705e-01,-1.277799149858387107e-01,5.143656176467509278e-01,3.541647445862294297e-01,3.872748646602642841e-01,4.932254626393233754e-01,5.197635259756601123e-01,4.170836666840883611e-01,6.032722566719127544e-01,5.187686964972808568e-01,2.360672612963591321e-01,4.185965342645471821e-01,6.430125571543510166e-01,4.289066440685424531e-01,2.873774200511086119e-01,6.308044975877862282e-01,9.411532990133368581e-02,4.542414661479481919e-01,1.880647007041371388e-01,4.073099948280909377e-01,1.000000000000000000e+00
