1.000000000000000000e+00,-3.786898168199244186e-01,-1.836184581623709691e-02,3.787743391375841817e-01,-1.662994746966192372e-01,4.983652215279558151e-01,-6.110891946056719037e-01,-1.307902125456705984e-02,-9.904680811078191496e-03,-1.416405431735866943e-02,-3.060468834307889050e-03,-6.538660384048009533e-01,1.196113018074969336e-01,8.637750931943463661e-02,-1.406933732091169564e-01,6.371053376816246949e-01,4.886387753232804276e-01,1.820002362009466024e-01,-1.513622862006881453e-01,2.835399150595072637e-01,2.382627837421145978e-01,-4.808529644484951238e-01,6.776353471180703858e-01,3.755946607987605823e-01,3.033104457175988533e-01,7.547659102328545533e-01,-6.972492183953103995e-01,6.203813874424963792e-01,6.993060085617593957e-01,5.734002476149380190e-01,-6.819113878745537427e-01,-5.073455929627811445e-01,-2.246450423788201242e-02,-3.257781771269173676e-01,5.928560334960131240e-01,6.538408797223134172e-01,-4.034356228518169996e-01,8.332161115503057269e-01,-6.331908082843458185e-01
-3.786898168199244186e-01,1.000000000000000000e+00,4.088922854394077544e-01,-1.985913566249739026e-02,4.285528501170932647e-01,-3.655050322070099167e-01,5.221059656089636070e-01,-3.554236454457642136e-01,2.789988570768760501e-01,5.465086773133437381e-01,1.643669376186854270e-01,4.993755225710030943e-01,-2.292615334596205257e-01,4.648217347444598690e-01,-1.596076362807770099e-01,9.622640252481383383e-02,-2.311236998795415665e-01,-2.185116222577242473e-01,3.032176184694055365e-01,-2.276545793917608418e-01,-3.362863661078389632e-01,2.447737996414087180e-01,-2.433160435401175714e-01,1.122384950241169799e-01,1.090129191070183384e-01,-4.431760891908956834e-01,6.513730272301728741e-01,-3.364889475484277859e-01,-4.221240659487032199e-01,-4.887434166764375448e-02,7.125557518718598216e-01,7.237513919933523665e-01,5.650614415420335962e-02,3.405825792501480653e-01,-3.363047116097369060e-01,-3.482990804886559877e-02,6.744759597945998442e-01,-5.836164426360744839e-01,5.433791468225862564e-01
-1.836184581623709691e-02,4.088922854394077544e-01,1.000000000000000000e+00,3.945496680671676804e-01,7.621115662923526601e-01,-3.003031201131529659e-01,3.376963785388532036e-01,-8.944923911463013022e-01,6.278197918657574261e-01,6.851496128487428727e-01,-1.073085915759357661e-01,2.524944916261590011e-01,3.085028755396639066e-02,5.027544623543498403e-01,-2.310850986065667578e-01,4.131979774344849421e-01,-9.901106216159588636e-02,9.003877395876179468e-02,6.232548998916516148e-01,-3.856861624332144078e-01,-1.388260986616010884e-01,-4.251866539669076767e-02,1.466304783061479896e-03,3.212246844836577631e-01,4.780028451475109574e-01,-9.427917374352526303e-02,2.645594767472952413e-01,2.523278554122893036e-01,-1.598239961248883456e-01,3.495673271813038441e-01,3.298323700987649820e-01,2.031648370651919500e-01,5.065104504559119619e-02,5.008613406683218860e-01,-1.768220955136665107e-01,7.481532510182255236e-02,2.804318580194004595e-01,-1.316871650818998984e-01,3.128248818154145128e-01
3.787743391375841817e-01,-1.985913566249739026e-02,3.945496680671676804e-01,1.000000000000000000e+00,3.374713655072108520e-01,-2.589546330410978647e-02,-4.120695857819434149e-02,-3.952193463494247383e-01,4.091474030586871868e-01,3.697660563346221174e-01,-1.862929901312022352e-01,-1.104225479248977793e-01,3.225175040654143510e-01,2.595868890136934781e-01,-1.437821633093396556e-01,4.614489825468808815e-01,2.475112153575243501e-01,4.302460936928034219e-01,3.747228656449786421e-01,1.027391985608490516e-01,2.542813793940137401e-01,-1.216756195519024669e-01,2.722504251134314490e-01,3.350672524667028807e-01,2.780354393772314636e-01,2.558214760374483698e-01,-2.472898983728212541e-01,5.030909911020573499e-01,2.277685856985785240e-01,5.980174314500913413e-01,-1.974071844486725014e-01,-2.426580979469907251e-01,1.136066186873947170e-01,1.689129614314631433e-01,1.430561515390562921e-01,3.175871723208857911e-01,-1.685613164044082180e-01,3.362065700204306395e-01,-1.143081377277369859e-01
-1.662994746966192372e-01,4.285528501170932647e-01,7.621115662923526601e-01,3.374713655072108520e-01,1.000000000000000000e+00,-4.957826706865137156e-01,5.252364727210694362e-01,-7.729584584585862395e-01,7.500373492048022506e-01,6.028506946321003923e-01,-2.973114424652414933e-01,4.728755614017430275e-01,1.299748671264734645e-01,3.025151611420752729e-01,-5.630725036209827811e-02,2.631288384661593649e-01,-3.055598169389551200e-01,3.172014807026763972e-01,7.692630792062256084e-01,-4.904058271850229578e-01,-1.304516308663753454e-01,1.973446639274853143e-01,-2.046261983161626330e-01,1.675876656809204279e-01,3.336643644559316724e-01,-3.399829728325023392e-01,3.795874840854583376e-01,3.869095043034126435e-02,-4.051825720225166183e-01,2.620699329934185751e-01,3.906976063894276319e-01,1.466062708737244646e-01,5.159588449360000273e-02,6.945147522378628535e-01,-4.571246269170681775e-01,-5.446993307361016473e-02,2.205511799663913142e-01,-2.264251909350240011e-01,5.190620948893774900e-01
4.983652215279558151e-01,-3.655050322070099167e-01,-3.003031201131529659e-01,-2.589546330410978647e-02,-4.957826706865137156e-01,1.000000000000000000e+00,-6.430898934919799803e-01,3.050732255364538292e-01,-5.487877306810099443e-01,-1.733795659800557443e-01,5.834574011380327940e-01,-7.131766103940113677e-01,-1.991519996740729326e-01,1.525180533178354947e-01,-3.484263968650834209e-01,2.455681246313765609e-01,3.657525437871977925e-01,-2.257698586076918590e-01,-5.866315861634739948e-01,3.713307306368042737e-01,1.702718136621287903e-01,-4.328738868980905874e-01,7.347922396830773861e-01,4.117374865561729824e-01,2.748058994731146787e-01,6.882254058871126734e-01,-5.366873887680089217e-01,2.608272187124712205e-01,7.680383808549148261e-01,1.319823810714666479e-01,-4.753949069768434454e-01,-1.384445477043631523e-01,1.255851559192696087e-01,-6.858596119398160385e-01,7.754728405245085998e-01,3.720300097511979320e-01,6.213862985375295800e-02,4.632295560553087443e-01,-7.246288944413356026e-01
-6.110891946056719037e-01,5.221059656089636070e-01,3.376963785388532036e-01,-4.120695857819434149e-02,5.252364727210694362e-01,-6.430898934919799803e-01,1.000000000000000000e+00,-3.159634722086723801e-01,4.446057532919459598e-01,2.616170804467006228e-01,-2.655687914579095699e-01,7.836623916160495584e-01,-7.842643875073135318e-02,-1.076181515573544634e-02,3.213141080412321160e-01,-2.697149679880633810e-01,-5.720316115328892836e-01,2.145313063507957863e-01,5.884699834411074582e-01,-4.185802842952800473e-01,2.737402547322773799e-03,6.799446955479843124e-01,-6.555399853911592079e-01,-2.170873346847821961e-01,-1.399799899479632348e-01,-7.999943707170772411e-01,7.411124311028021161e-01,-4.540157602765197420e-01,-7.659860562297153841e-01,-2.881467506016966440e-01,7.041738515685003197e-01,3.556744202766526919e-01,3.017277823388914704e-01,7.093473418332090219e-01,-7.638460686628952834e-01,-4.268232766818723101e-01,3.637696536376557876e-01,-6.338522716203590646e-01,8.010164748556671821e-01
-1.307902125456705984e-02,-3.554236454457642136e-01,-8.944923911463013022e-01,-3.952193463494247383e-01,-7.729584584585862395e-01,3.050732255364538292e-01,-3.159634722086723801e-01,1.000000000000000000e+00,-6.636958730292166209e-01,-6.549587597005289696e-01,1.503475712755639460e-01,-2.438573098427359587e-01,-9.343085570276854490e-02,-4.632383761931135324e-01,1.934054097927751237e-01,-4.263784742003937089e-01,8.876139541041164205e-02,-1.348325016400087617e-01,-6.463402844603669539e-01,4.075425647127307038e-01,1.293474359379486183e-01,5.271665513262385749e-02,-1.642456852474810658e-02,-3.192670136451660201e-01,-4.863783765378879020e-01,7.838188014702018869e-02,-2.187455845413571465e-01,-2.797590503169810061e-01,1.489665947622546560e-01,-3.825637782096695805e-01,-2.747956541607524117e-01,-1.436956385243629841e-01,-3.750588764836818717e-02,-5.212779283801280972e-01,1.832308723221804936e-01,-6.969215924872776413e-02,-2.172213025740802328e-01,7.717192856658122713e-02,-3.020050199280692182e-01
-9.904680811078191496e-03,2.789988570768760501e-01,6.278197918657574261e-01,4.091474030586871868e-01,7.500373492048022506e-01,-5.487877306810099443e-01,4.446057532919459598e-01,-6.636958730292166209e-01,1.000000000000000000e+00,4.820724542231439869e-01,-5.080535191406211348e-01,4.896241689927318119e-01,2.733261528353657654e-01,9.430497343739245586e-02,2.063219781516487106e-01,3.065781897386256616e-01,-2.139113810680853822e-01,5.519474814486765579e-01,8.288910333388231910e-01,-4.178362804506802752e-01,6.858902245420049615e-02,2.783019728195764708e-01,-2.013760472275120672e-01,1.335914034756787439e-01,3.051296576196476651e-01,-2.914873298640728305e-01,2.547410048234132751e-01,1.792826659451353666e-01,-3.952759804078001538e-01,3.808219684297903251e-01,2.228221351201121470e-01,-8.099877537801575267e-02,1.530352359349456126e-01,7.768268005904440665e-01,-4.996541394943215253e-01,-7.322783619570393497e-03,-5.373606610606199846e-02,-2.477106561385268926e-02,5.192260402247774742e-01
-1.416405431735866943e-02,5.465086773133437381e-01,6.851496128487428727e-01,3.697660563346221174e-01,6.028506946321003923e-01,-1.733795659800557443e-01,2.616170804467006228e-01,-6.549587597005289696e-01,4.820724542231439869e-01,1.000000000000000000e+00,9.216942604464302413e-02,1.731288160295356982e-01,-1.184551242488900008e-01,5.627354101324979485e-01,-4.207218267772740994e-01,5.565839381308399503e-01,-1.122418138149899047e-01,5.003930456635034829e-02,4.608288213487485296e-01,-2.439013854928444303e-01,-2.314934329073221053e-01,-7.422187383607756206e-02,1.534281766796567470e-01,3.982802231036186025e-01,5.608090986798853761e-01,-3.843214457628967018e-02,2.927307691320808480e-01,7.784485448288612497e-02,-1.176259609929562328e-01,4.455351379565280490e-01,3.614942996768668593e-01,3.299412860570956063e-01,3.260927598908228836e-02,3.034724878341945042e-01,-6.796280430598539146e-02,2.346650768611880378e-01,4.309186082155093134e-01,-1.847207576806816631e-01,2.421961950255850649e-01
-3.060468834307889050e-03,1.643669376186854270e-01,-1.073085915759357661e-01,-1.862929901312022352e-01,-2.973114424652414933e-01,5.834574011380327940e-01,-2.655687914579095699e-01,1.503475712755639460e-01,-5.080535191406211348e-01,9.216942604464302413e-02,1.000000000000000000e+00,-2.798115073606747827e-01,-3.344883716272877838e-01,4.623480042413563029e-01,-4.726776338481791795e-01,4.667571434249116052e-02,2.468013786147494615e-01,-5.535365731975971926e-01,-4.745785547499539181e-01,1.847793878082519548e-01,-1.826188257489139710e-01,-2.507025575838457421e-01,4.273333484583670128e-01,3.150897642626667716e-01,1.888138802115255643e-01,2.818905413979829744e-01,2.265249576644077362e-02,-1.160712141359799832e-01,4.160364838866871251e-01,-1.475822679252818681e-01,8.623610218675312189e-02,4.974376136675988658e-01,6.125764625668847496e-02,-5.039395804682985647e-01,5.189973606603970335e-01,9.688767253500032983e-02,5.424177828298102355e-01,-9.636648102711979635e-02,-2.985856304803264916e-01
-6.538660384048009533e-01,4.993755225710030943e-01,2.524944916261590011e-01,-1.104225479248977793e-01,4.728755614017430275e-01,-7.131766103940113677e-01,7.836623916160495584e-01,-2.438573098427359587e-01,4.896241689927318119e-01,1.731288160295356982e-01,-2.798115073606747827e-01,1.000000000000000000e+00,5.378721951533144141e-02,-6.740148522781194695e-02,4.006312354800825593e-01,-3.786539177616025653e-01,-5.120831623126937959e-01,1.879578523545156754e-01,5.464404519017802553e-01,-4.355466414419220111e-01,-3.534300476654355511e-02,6.888073313915369367e-01,-7.100932615265118653e-01,-2.876105684867381607e-01,-2.034251070950610918e-01,-8.328439349969358751e-01,7.803380290991254187e-01,-4.285254088613235646e-01,-8.022812065248912106e-01,-3.230728736267386991e-01,7.181552927213550319e-01,3.894920251533018352e-01,1.888086552652716299e-01,7.270192038922389521e-01,-8.199243989343937278e-01,-5.032966688228963648e-01,3.012734833019435898e-01,-6.170002592960286414e-01,8.796513194715790407e-01
1.196113018074969336e-01,-2.292615334596205257e-01,3.085028755396639066e-02,3.225175040654143510e-01,1.299748671264734645e-01,-1.991519996740729326e-01,-7.842643875073135318e-02,-9.343085570276854490e-02,2.733261528353657654e-01,-1.184551242488900008e-01,-3.344883716272877838e-01,5.378721951533144141e-02,1.000000000000000000e+00,-7.939428995898503705e-02,2.215610195944914818e-01,-5.154363040467358631e-02,3.489459421036082976e-01,2.552356480047316967e-01,1.882937661382844685e-01,8.422052110526301316e-02,6.668718436242980496e-02,-4.430408709143657253e-02,-5.702870002049213738e-03,5.819888192612046514e-05,-3.212916706801262345e-02,5.681085000437112453e-02,-2.457584330201966205e-01,3.729060216772715486e-01,8.183980239601798545e-02,3.020499968997655271e-01,-3.160472118344954673e-01,-2.426659472756347857e-01,-1.643372602543080041e-01,1.603156799222844875e-01,-4.073757976545708259e-02,-1.507738305597331515e-03,-3.910627732830246894e-01,2.624936967734743942e-01,-6.424809088462925429e-03
8.637750931943463661e-02,4.648217347444598690e-01,5.027544623543498403e-01,2.595868890136934781e-01,3.025151611420752729e-01,1.525180533178354947e-01,-1.076181515573544634e-02,-4.632383761931135324e-01,9.430497343739245586e-02,5.627354101324979485e-01,4.623480042413563029e-01,-6.740148522781194695e-02,-7.939428995898503705e-02,1.000000000000000000e+00,-5.181906183052453763e-01,4.280604335300964847e-01,2.370667324011352384e-01,-3.248165510198635642e-01,6.979580503803275993e-02,4.211143089012844842e-02,-2.948208805237982899e-01,-2.763095707824819725e-01,3.277643814484317297e-01,4.864142029578127358e-01,4.540876252881648201e-01,2.108967371277169489e-01,1.058335448474555934e-01,2.085301551358698102e-01,2.340682033563965814e-01,2.584990248515425804e-01,2.040020007603372543e-01,4.834856799560779961e-01,-3.865059501967969824e-02,-3.799269103585506402e-02,3.073621179961962824e-01,3.285185867970359941e-01,5.240222637168281405e-01,-9.246302528622531158e-02,-6.016135442527274779e-02
-1.406933732091169564e-01,-1.596076362807770099e-01,-2.310850986065667578e-01,-1.437821633093396556e-01,-5.630725036209827811e-02,-3.484263968650834209e-01,3.213141080412321160e-01,1.934054097927751237e-01,2.063219781516487106e-01,-4.207218267772740994e-01,-4.726776338481791795e-01,4.006312354800825593e-01,2.215610195944914818e-01,-5.181906183052453763e-01,1.000000000000000000e+00,-3.542304483635553836e-01,-2.231495936770517274e-01,3.900766505202617473e-01,2.398024504651886379e-01,-4.216317258787715544e-02,5.019824039709059882e-01,6.233105812653378930e-01,-4.614386784819425324e-01,-3.075101160868510819e-01,-3.465291378325423000e-01,-4.191296546349592145e-01,1.269919714528790766e-01,-7.560932816587045968e-02,-3.837364809537438526e-01,-2.572225150490688450e-01,5.003722938653706181e-02,-2.507054421104245590e-01,4.029750556232961634e-01,4.429776474279962239e-01,-4.964765499808574956e-01,-3.006498427037936905e-01,-3.058744107705960724e-01,1.023719016567762978e-03,3.484108934218324571e-01
6.371053376816246949e-01,9.622640252481383383e-02,4.131979774344849421e-01,4.614489825468808815e-01,2.631288384661593649e-01,2.455681246313765609e-01,-2.697149679880633810e-01,-4.263784742003937089e-01,3.065781897386256616e-01,5.565839381308399503e-01,4.667571434249116052e-02,-3.786539177616025653e-01,-5.154363040467358631e-02,4.280604335300964847e-01,-3.542304483635553836e-01,1.000000000000000000e+00,2.065423095421834443e-01,1.453472553935984679e-01,1.866614477571307829e-01,4.973566768714889758e-02,-9.479107333303390601e-03,-3.986794930599882880e-01,5.966447665920221466e-01,5.415472309635646075e-01,5.944013247701148694e-01,5.154503422776635091e-01,-3.160506947930187827e-01,4.541208330591943731e-01,3.947160096184057498e-01,6.828276263974493165e-01,-2.669436598570240626e-01,-1.549650342841402684e-01,1.704893387260809912e-02,-2.157679674086171798e-02,3.708786489287114185e-01,6.349051037956289223e-01,2.655377685998478506e-03,4.746824853324621007e-01,-3.072440900045294021e-01
4.886387753232804276e-01,-2.311236998795415665e-01,-9.901106216159588636e-02,2.475112153575243501e-01,-3.055598169389551200e-01,3.657525437871977925e-01,-5.720316115328892836e-01,8.876139541041164205e-02,-2.139113810680853822e-01,-1.122418138149899047e-01,2.468013786147494615e-01,-5.120831623126937959e-01,3.489459421036082976e-01,2.370667324011352384e-01,-2.231495936770517274e-01,2.065423095421834443e-01,1.000000000000000000e+00,-2.028215621275744895e-01,-2.819086073141207072e-01,3.186603479281767126e-01,-6.396115461070944752e-02,-5.222190091138965151e-01,5.024298736116746822e-01,2.173295478028233751e-01,9.252636321036920852e-02,6.156054502605052825e-01,-5.501356951551441554e-01,5.391754545549199973e-01,6.589950472001803172e-01,3.376859019146474239e-01,-4.919120329714946616e-01,-8.947888337057344210e-02,-2.638561980480884639e-01,-4.619314113719933390e-01,6.240798113007591796e-01,3.971980163154618659e-01,-2.869310591993380344e-01,4.919100510508990221e-01,-5.245421909933408733e-01
1.820002362009466024e-01,-2.185116222577242473e-01,9.003877395876179468e-02,4.302460936928034219e-01,3.172014807026763972e-01,-2.257698586076918590e-01,2.145313063507957863e-01,-1.348325016400087617e-01,5.519474814486765579e-01,5.003930456635034829e-02,-5.535365731975971926e-01,1.879578523545156754e-01,2.552356480047316967e-01,-3.248165510198635642e-01,3.900766505202617473e-01,1.453472553935984679e-01,-2.028215621275744895e-01,1.000000000000000000e+00,5.596353991587807997e-01,-1.847570319022637797e-01,4.920989052810998410e-01,3.586752190439792543e-01,-9.238912769704311911e-02,5.768408181239784160e-02,8.623808183957261397e-02,-1.232677208059908269e-01,-1.210004549007659552e-01,1.522364127203329753e-01,-1.834233350325231160e-01,2.917109218063536069e-01,-1.899446310972902063e-01,-5.361725515939884668e-01,3.755318304647072836e-01,4.845403748208506056e-01,-3.344633332531374847e-01,-1.096500903747605997e-02,-3.772308825235657914e-01,2.576565354916110495e-01,1.741451147540969413e-01
-1.513622862006881453e-01,3.032176184694055365e-01,6.232548998916516148e-01,3.747228656449786421e-01,7.692630792062256084e-01,-5.866315861634739948e-01,5.884699834411074582e-01,-6.463402844603669539e-01,8.288910333388231910e-01,4.608288213487485296e-01,-4.745785547499539181e-01,5.464404519017802553e-01,1.882937661382844685e-01,6.979580503803275993e-02,2.398024504651886379e-01,1.866614477571307829e-01,-2.819086073141207072e-01,5.596353991587807997e-01,1.000000000000000000e+00,-4.829731683804870390e-01,1.101584044931232659e-01,4.066030714940513380e-01,-3.081036356214170713e-01,9.222850076560924759e-02,2.458608366230569664e-01,-4.257668038753179007e-01,3.520534067887833851e-01,4.312466280168729404e-02,-4.877858740828865947e-01,2.096023436862340383e-01,3.280889117332189131e-01,-1.487347936363254963e-02,2.615123808458153509e-01,8.141088704217622762e-01,-5.822303973329234772e-01,-1.217418965789982405e-01,1.575348958194649346e-02,-1.526733884287322096e-01,5.943121660755583680e-01
2.835399150595072637e-01,-2.276545793917608418e-01,-3.856861624332144078e-01,1.027391985608490516e-01,-4.904058271850229578e-01,3.713307306368042737e-01,-4.185802842952800473e-01,4.075425647127307038e-01,-4.178362804506802752e-01,-2.439013854928444303e-01,1.847793878082519548e-01,-4.355466414419220111e-01,8.422052110526301316e-02,4.211143089012844842e-02,-4.216317258787715544e-02,4.973566768714889758e-02,3.186603479281767126e-01,-1.847570319022637797e-01,-4.829731683804870390e-01,1.000000000000000000e+00,1.835625609583649287e-01,-2.616605927732888470e-01,2.684807102381466248e-01,5.337990874823516502e-02,-9.428639042745323717e-02,4.075214916397038034e-01,-4.079062557842024761e-01,2.056777317669111205e-01,4.289421497485362278e-01,8.925718627521506132e-02,-3.743841944915731190e-01,-1.244686750859566038e-01,3.398040123186960048e-04,-4.682569687003886871e-01,4.622505482079313777e-01,2.799622828024758148e-01,-1.414398940816951888e-01,2.638580149655931906e-01,-4.928668994714141549e-01
2.382627837421145978e-01,-3.362863661078389632e-01,-1.388260986616010884e-01,2.542813793940137401e-01,-1.304516308663753454e-01,1.702718136621287903e-01,2.737402547322773799e-03,1.293474359379486183e-01,6.858902245420049615e-02,-2.314934329073221053e-01,-1.826188257489139710e-01,-3.534300476654355511e-02,6.668718436242980496e-02,-2.948208805237982899e-01,5.019824039709059882e-01,-9.479107333303390601e-03,-6.396115461070944752e-02,4.920989052810998410e-01,1.101584044931232659e-01,1.835625609583649287e-01,1.000000000000000000e+00,3.595417920379770926e-01,3.028206071172039049e-02,1.149423637175737561e-01,-2.019674171366007964e-02,3.647414631560327858e-02,-1.830293162996076972e-01,2.150209233499995043e-01,9.287728367125584750e-02,6.918686107860057277e-02,-1.994018279748761835e-01,-3.902748829501003214e-01,6.386663792234907877e-01,1.327140076138820235e-01,-3.356135053901904142e-02,1.805430072537752076e-02,-1.998856303662258083e-01,2.921382222203726675e-01,-8.077489766543112515e-02
-4.808529644484951238e-01,2.447737996414087180e-01,-4.251866539669076767e-02,-1.216756195519024669e-01,1.973446639274853143e-01,-4.328738868980905874e-01,6.799446955479843124e-01,5.271665513262385749e-02,2.783019728195764708e-01,-7.422187383607756206e-02,-2.507025575838457421e-01,6.888073313915369367e-01,-4.430408709143657253e-02,-2.763095707824819725e-01,6.233105812653378930e-01,-3.986794930599882880e-01,-5.222190091138965151e-01,3.586752190439792543e-01,4.066030714940513380e-01,-2.616605927732888470e-01,3.595417920379770926e-01,1.000000000000000000e+00,-5.794932651958892844e-01,-2.340176420354059816e-01,-2.405989259966088423e-01,-7.169078578818381953e-01,5.774491330185556048e-01,-4.214186707182960845e-01,-6.335869002747516188e-01,-3.904147484430658954e-01,5.164767637328517846e-01,1.477669157174824610e-01,5.705109037137009453e-01,5.820990892313169240e-01,-6.957120416051578715e-01,-4.261263444046466953e-01,1.741072672149745204e-01,-4.383292447062833719e-01,6.611488914641454606e-01
6.776353471180703858e-01,-2.433160435401175714e-01,1.466304783061479896e-03,2.722504251134314490e-01,-2.046261983161626330e-01,7.347922396830773861e-01,-6.555399853911592079e-01,-1.642456852474810658e-02,-2.013760472275120672e-01,1.534281766796567470e-01,4.273333484583670128e-01,-7.100932615265118653e-01,-5.702870002049213738e-03,3.277643814484317297e-01,-4.614386784819425324e-01,5.966447665920221466e-01,5.024298736116746822e-01,-9.238912769704311911e-02,-3.081036356214170713e-01,2.684807102381466248e-01,3.028206071172039049e-02,-5.794932651958892844e-01,1.000000000000000000e+00,6.396113119594991625e-01,5.588135561072201662e-01,8.001732556192494572e-01,-5.859683906450755542e-01,4.826765606588533375e-01,7.963552605568636755e-01,5.225978669252221431e-01,-5.268251947210793595e-01,-1.792486738480468522e-01,2.054203051139160286e-03,-5.225271941995800473e-01,7.714318725741352578e-01,6.145757436972564269e-01,-3.540899997583266817e-02,6.078592801245018551e-01,-6.840688282607385595e-01
3.755946607987605823e-01,1.122384950241169799e-01,3.212246844836577631e-01,3.350672524667028807e-01,1.675876656809204279e-01,4.117374865561729824e-01,-2.170873346847821961e-01,-3.192670136451660201e-01,1.335914034756787439e-01,3.982802231036186025e-01,3.150897642626667716e-01,-2.876105684867381607e-01,5.819888192612046514e-05,4.864142029578127358e-01,-3.075101160868510819e-01,5.415472309635646075e-01,2.173295478028233751e-01,5.768408181239784160e-02,9.222850076560924759e-02,5.337990874823516502e-02,1.149423637175737561e-01,-2.340176420354059816e-01,6.396113119594991625e-01,1.000000000000000000e+00,6.803605289407624879e-01,4.087987975201787805e-01,-1.965799329951928853e-01,3.390003163170017264e-01,4.295916025874296773e-01,4.440448019350962117e-01,-1.243092233497241766e-01,7.154550352371945310e-02,2.763078396887547195e-01,-7.155242562423959340e-02,3.985003528943593665e-01,4.898929935540384806e-01,2.722189923570974557e-01,2.807916961123873012e-01,-2.606692395227577785e-01
3.033104457175988533e-01,1.090129191070183384e-01,4.780028451475109574e-01,2.780354393772314636e-01,3.336643644559316724e-01,2.748058994731146787e-01,-1.399799899479632348e-01,-4.863783765378879020e-01,3.051296576196476651e-01,5.608090986798853761e-01,1.888138802115255643e-01,-2.034251070950610918e-01,-3.212916706801262345e-02,4.540876252881648201e-01,-3.465291378325423000e-01,5.944013247701148694e-01,9.252636321036920852e-02,8.623808183957261397e-02,2.458608366230569664e-01,-9.428639042745323717e-02,-2.019674171366007964e-02,-2.405989259966088423e-01,5.588135561072201662e-01,6.803605289407624879e-01,1.000000000000000000e+00,3.631094061352946323e-01,-1.211930845489106179e-01,3.521641892394962725e-01,2.942814338473453417e-01,4.884344117927054141e-01,-5.320365707109475650e-02,4.862794558436337247e-03,1.880796832329799384e-01,6.005225559797217061e-02,2.703905540332557922e-01,4.053116936242076584e-01,2.151824290095268599e-01,2.089752995509028821e-01,-1.388286628120789234e-01
7.547659102328545533e-01,-4.431760891908956834e-01,-9.427917374352526303e-02,2.558214760374483698e-01,-3.399829728325023392e-01,6.882254058871126734e-01,-7.999943707170772411e-01,7.838188014702018869e-02,-2.914873298640728305e-01,-3.843214457628967018e-02,2.818905413979829744e-01,-8.328439349969358751e-01,5.681085000437112453e-02,2.108967371277169489e-01,-4.191296546349592145e-01,5.154503422776635091e-01,6.156054502605052825e-01,-1.232677208059908269e-01,-4.257668038753179007e-01,4.075214916397038034e-01,3.647414631560327858e-02,-7.169078578818381953e-01,8.001732556192494572e-01,4.087987975201787805e-01,3.631094061352946323e-01,1.000000000000000000e+00,-7.646031757239478699e-01,5.982134223476681667e-01,8.516964215636584346e-01,4.952067314878238480e-01,-7.094491097350680286e-01,-3.703957887665181858e-01,-1.812519876220959336e-01,-6.250240372830547786e-01,8.329965189308871087e-01,5.999826299130427421e-01,-2.960288115435475986e-01,7.144700546692266396e-01,-8.242342883903148731e-01
-6.972492183953103995e-01,6.513730272301728741e-01,2.645594767472952413e-01,-2.472898983728212541e-01,3.795874840854583376e-01,-5.366873887680089217e-01,7.411124311028021161e-01,-2.187455845413571465e-01,2.547410048234132751e-01,2.927307691320808480e-01,2.265249576644077362e-02,7.803380290991254187e-01,-2.457584330201966205e-01,1.058335448474555934e-01,1.269919714528790766e-01,-3.160506947930187827e-01,-5.501356951551441554e-01,-1.210004549007659552e-01,3.520534067887833851e-01,-4.079062557842024761e-01,-1.830293162996076972e-01,5.774491330185556048e-01,-5.859683906450755542e-01,-1.965799329951928853e-01,-1.211930845489106179e-01,-7.646031757239478699e-01,1.000000000000000000e+00,-5.750020081567795982e-01,-7.234198723317729618e-01,-4.127388018824461602e-01,8.500767248799379061e-01,6.425269498815089353e-01,1.617234084466139254e-01,5.084484662978961955e-01,-6.638315929131980431e-01,-4.362400855953355583e-01,5.761205332039820437e-01,-7.426786113929833011e-01,8.045615576113954726e-01
6.203813874424963792e-01,-3.364889475484277859e-01,2.523278554122893036e-01,5.030909911020573499e-01,3.869095043034126435e-02,2.608272187124712205e-01,-4.540157602765197420e-01,-2.797590503169810061e-01,1.792826659451353666e-01,7.784485448288612497e-02,-1.160712141359799832e-01,-4.285254088613235646e-01,3.729060216772715486e-01,2.085301551358698102e-01,-7.560932816587045968e-02,4.541208330591943731e-01,5.391754545549199973e-01,1.522364127203329753e-01,4.312466280168729404e-02,2.056777317669111205e-01,2.150209233499995043e-01,-4.214186707182960845e-01,4.826765606588533375e-01,3.390003163170017264e-01,3.521641892394962725e-01,5.982134223476681667e-01,-5.750020081567795982e-01,1.000000000000000000e+00,5.496257479649337974e-01,5.800091936140119309e-01,-5.159948887502869841e-01,-4.225041139442642368e-01,-5.857140655001408930e-02,-1.257346137602086411e-01,4.548533391392646230e-01,4.442002515428098985e-01,-3.798326681794181869e-01,6.135548309508390696e-01,-4.446418223301457084e-01
6.993060085617593957e-01,-4.221240659487032199e-01,-1.598239961248883456e-01,2.277685856985785240e-01,-4.051825720225166183e-01,7.680383808549148261e-01,-7.659860562297153841e-01,1.489665947622546560e-01,-3.952759804078001538e-01,-1.176259609929562328e-01,4.160364838866871251e-01,-8.022812065248912106e-01,8.183980239601798545e-02,2.340682033563965814e-01,-3.837364809537438526e-01,3.947160096184057498e-01,6.589950472001803172e-01,-1.834233350325231160e-01,-4.877858740828865947e-01,4.289421497485362278e-01,9.287728367125584750e-02,-6.335869002747516188e-01,7.963552605568636755e-01,4.295916025874296773e-01,2.942814338473453417e-01,8.516964215636584346e-01,-7.234198723317729618e-01,5.496257479649337974e-01,1.000000000000000000e+00,3.997492978662777197e-01,-6.601200355740488579e-01,-2.702212054189769841e-01,-8.665437665641667619e-02,-6.641447522457898378e-01,8.608367109705088449e-01,5.285557540452592296e-01,-1.926507484937147463e-01,6.588532507661926108e-01,-8.169664793973129280e-01
5.734002476149380190e-01,-4.887434166764375448e-02,3.495673271813038441e-01,5.980174314500913413e-01,2.620699329934185751e-01,1.319823810714666479e-01,-2.881467506016966440e-01,-3.825637782096695805e-01,3.808219684297903251e-01,4.455351379565280490e-01,-1.475822679252818681e-01,-3.230728736267386991e-01,3.020499968997655271e-01,2.584990248515425804e-01,-2.572225150490688450e-01,6.828276263974493165e-01,3.376859019146474239e-01,2.917109218063536069e-01,2.096023436862340383e-01,8.925718627521506132e-02,6.918686107860057277e-02,-3.904147484430658954e-01,5.225978669252221431e-01,4.440448019350962117e-01,4.884344117927054141e-01,4.952067314878238480e-01,-4.127388018824461602e-01,5.800091936140119309e-01,3.997492978662777197e-01,1.000000000000000000e+00,-3.620090001298510995e-01,-2.819343455238587648e-01,-7.418615149738835846e-02,-1.742939514466942605e-02,3.210945228259605155e-01,5.154767901877287395e-01,-2.141629545457016948e-01,4.832740592011308123e-01,-3.068849146207901502e-01
-6.819113878745537427e-01,7.125557518718598216e-01,3.298323700987649820e-01,-1.974071844486725014e-01,3.906976063894276319e-01,-4.753949069768434454e-01,7.041738515685003197e-01,-2.747956541607524117e-01,2.228221351201121470e-01,3.614942996768668593e-01,8.623610218675312189e-02,7.181552927213550319e-01,-3.160472118344954673e-01,2.040020007603372543e-01,5.003722938653706181e-02,-2.669436598570240626e-01,-4.919120329714946616e-01,-1.899446310972902063e-01,3.280889117332189131e-01,-3.743841944915731190e-01,-1.994018279748761835e-01,5.164767637328517846e-01,-5.268251947210793595e-01,-1.243092233497241766e-01,-5.320365707109475650e-02,-7.094491097350680286e-01,8.500767248799379061e-01,-5.159948887502869841e-01,-6.601200355740488579e-01,-3.620090001298510995e-01,1.000000000000000000e+00,6.932286879628263288e-01,1.680820651283519429e-01,4.582602693166775154e-01,-5.821913650085593916e-01,-3.789356998193089687e-01,6.473615164813704137e-01,-7.667997915754566352e-01,7.411485402240272080e-01
-5.073455929627811445e-01,7.237513919933523665e-01,2.031648370651919500e-01,-2.426580979469907251e-01,1.466062708737244646e-01,-1.384445477043631523e-01,3.556744202766526919e-01,-1.436956385243629841e-01,-8.099877537801575267e-02,3.299412860570956063e-01,4.974376136675988658e-01,3.894920251533018352e-01,-2.426659472756347857e-01,4.834856799560779961e-01,-2.507054421104245590e-01,-1.549650342841402684e-01,-8.947888337057344210e-02,-5.361725515939884668e-01,-1.487347936363254963e-02,-1.244686750859566038e-01,-3.902748829501003214e-01,1.477669157174824610e-01,-1.792486738480468522e-01,7.154550352371945310e-02,4.862794558436337247e-03,-3.703957887665181858e-01,6.425269498815089353e-01,-4.225041139442642368e-01,-2.702212054189769841e-01,-2.819343455238587648e-01,6.932286879628263288e-01,1.000000000000000000e+00,-4.761942736236401616e-03,5.648789600373430725e-02,-1.464482340496569279e-01,-1.897391485398503275e-01,7.581056920194918503e-01,-6.299143547907548601e-01,4.030875947296884698e-01
-2.246450423788201242e-02,5.650614415420335962e-02,5.065104504559119619e-02,1.136066186873947170e-01,5.159588449360000273e-02,1.255851559192696087e-01,3.017277823388914704e-01,-3.750588764836818717e-02,1.530352359349456126e-01,3.260927598908228836e-02,6.125764625668847496e-02,1.888086552652716299e-01,-1.643372602543080041e-01,-3.865059501967969824e-02,4.029750556232961634e-01,1.704893387260809912e-02,-2.638561980480884639e-01,3.755318304647072836e-01,2.615123808458153509e-01,3.398040123186960048e-04,6.386663792234907877e-01,5.705109037137009453e-01,2.054203051139160286e-03,2.763078396887547195e-01,1.880796832329799384e-01,-1.812519876220959336e-01,1.617234084466139254e-01,-5.857140655001408930e-02,-8.665437665641667619e-02,-7.418615149738835846e-02,1.680820651283519429e-01,-4.761942736236401616e-03,1.000000000000000000e+00,3.043371543151393022e-01,-1.666330913963287030e-01,-9.031515607714753202e-02,2.239135372571111893e-01,-4.134432203947525919e-02,1.667330926812036207e-01
-3.257781771269173676e-01,3.405825792501480653e-01,5.008613406683218860e-01,1.689129614314631433e-01,6.945147522378628535e-01,-6.858596119398160385e-01,7.093473418332090219e-01,-5.212779283801280972e-01,7.768268005904440665e-01,3.034724878341945042e-01,-5.039395804682985647e-01,7.270192038922389521e-01,1.603156799222844875e-01,-3.799269103585506402e-02,4.429776474279962239e-01,-2.157679674086171798e-02,-4.619314113719933390e-01,4.845403748208506056e-01,8.141088704217622762e-01,-4.682569687003886871e-01,1.327140076138820235e-01,5.820990892313169240e-01,-5.225271941995800473e-01,-7.155242562423959340e-02,6.005225559797217061e-02,-6.250240372830547786e-01,5.084484662978961955e-01,-1.257346137602086411e-01,-6.641447522457898378e-01,-1.742939514466942605e-02,4.582602693166775154e-01,5.648789600373430725e-02,3.043371543151393022e-01,1.000000000000000000e+00,-7.458528508698984982e-01,-2.825083084167880343e-01,7.398232614656935491e-02,-3.006004642446736819e-01,7.345303303319726806e-01
5.928560334960131240e-01,-3.363047116097369060e-01,-1.768220955136665107e-01,1.430561515390562921e-01,-4.571246269170681775e-01,7.754728405245085998e-01,-7.638460686628952834e-01,1.832308723221804936e-01,-4.996541394943215253e-01,-6.796280430598539146e-02,5.189973606603970335e-01,-8.199243989343937278e-01,-4.073757976545708259e-02,3.073621179961962824e-01,-4.964765499808574956e-01,3.708786489287114185e-01,6.240798113007591796e-01,-3.344633332531374847e-01,-5.822303973329234772e-01,4.622505482079313777e-01,-3.356135053901904142e-02,-6.957120416051578715e-01,7.714318725741352578e-01,3.985003528943593665e-01,2.703905540332557922e-01,8.329965189308871087e-01,-6.638315929131980431e-01,4.548533391392646230e-01,8.608367109705088449e-01,3.210945228259605155e-01,-5.821913650085593916e-01,-1.464482340496569279e-01,-1.666330913963287030e-01,-7.458528508698984982e-01,1.000000000000000000e+00,4.990405551985632737e-01,-7.579536437368346313e-02,5.281993451065418732e-01,-8.251414822835808627e-01
6.538408797223134172e-01,-3.482990804886559877e-02,7.481532510182255236e-02,3.175871723208857911e-01,-5.446993307361016473e-02,3.720300097511979320e-01,-4.268232766818723101e-01,-6.969215924872776413e-02,-7.322783619570393497e-03,2.346650768611880378e-01,9.688767253500032983e-02,-5.032966688228963648e-01,-1.507738305597331515e-03,3.285185867970359941e-01,-3.006498427037936905e-01,6.349051037956289223e-01,3.971980163154618659e-01,-1.096500903747605997e-02,-1.217418965789982405e-01,2.799622828024758148e-01,1.805430072537752076e-02,-4.261263444046466953e-01,6.145757436972564269e-01,4.898929935540384806e-01,4.053116936242076584e-01,5.999826299130427421e-01,-4.362400855953355583e-01,4.442002515428098985e-01,5.285557540452592296e-01,5.154767901877287395e-01,-3.789356998193089687e-01,-1.897391485398503275e-01,-9.031515607714753202e-02,-2.825083084167880343e-01,4.990405551985632737e-01,1.000000000000000000e+00,-1.267080527296648995e-01,5.222107046831081512e-01,-4.475997399138375576e-01
-4.034356228518169996e-01,6.744759597945998442e-01,2.804318580194004595e-01,-1.685613164044082180e-01,2.205511799663913142e-01,6.213862985375295800e-02,3.637696536376557876e-01,-2.172213025740802328e-01,-5.373606610606199846e-02,4.309186082155093134e-01,5.424177828298102355e-01,3.012734833019435898e-01,-3.910627732830246894e-01,5.240222637168281405e-01,-3.058744107705960724e-01,2.655377685998478506e-03,-2.869310591993380344e-01,-3.772308825235657914e-01,1.575348958194649346e-02,-1.414398940816951888e-01,-1.998856303662258083e-01,1.741072672149745204e-01,-3.540899997583266817e-02,2.722189923570974557e-01,2.151824290095268599e-01,-2.960288115435475986e-01,5.761205332039820437e-01,-3.798326681794181869e-01,-1.926507484937147463e-01,-2.141629545457016948e-01,6.473615164813704137e-01,7.581056920194918503e-01,2.239135372571111893e-01,7.398232614656935491e-02,-7.579536437368346313e-02,-1.267080527296648995e-01,1.000000000000000000e+00,-5.728720364522941200e-01,3.146988529374514787e-01
8.332161115503057269e-01,-5.836164426360744839e-01,-1.316871650818998984e-01,3.362065700204306395e-01,-2.264251909350240011e-01,4.632295560553087443e-01,-6.338522716203590646e-01,7.717192856658122713e-02,-2.477106561385268926e-02,-1.847207576806816631e-01,-9.636648102711979635e-02,-6.170002592960286414e-01,2.624936967734743942e-01,-9.246302528622531158e-02,1.023719016567762978e-03,4.746824853324621007e-01,4.919100510508990221e-01,2.576565354916110495e-01,-1.526733884287322096e-01,2.638580149655931906e-01,2.921382222203726675e-01,-4.383292447062833719e-01,6.078592801245018551e-01,2.807916961123873012e-01,2.089752995509028821e-01,7.144700546692266396e-01,-7.426786113929833011e-01,6.135548309508390696e-01,6.588532507661926108e-01,4.832740592011308123e-01,-7.667997915754566352e-01,-6.299143547907548601e-01,-4.134432203947525919e-02,-3.006004642446736819e-01,5.281993451065418732e-01,5.222107046831081512e-01,-5.728720364522941200e-01,1.000000000000000000e+00,-6.130367973275693272e-01
-6.331908082843458185e-01,5.433791468225862564e-01,3.128248818154145128e-01,-1.143081377277369859e-01,5.190620948893774900e-01,-7.246288944413356026e-01,8.010164748556671821e-01,-3.020050199280692182e-01,5.192260402247774742e-01,2.421961950255850649e-01,-2.985856304803264916e-01,8.796513194715790407e-01,-6.424809088462925429e-03,-6.016135442527274779e-02,3.484108934218324571e-01,-3.072440900045294021e-01,-5.245421909933408733e-01,1.741451147540969413e-01,5.943121660755583680e-01,-4.928668994714141549e-01,-8.077489766543112515e-02,6.611488914641454606e-01,-6.840688282607385595e-01,-2.606692395227577785e-01,-1.388286628120789234e-01,-8.242342883903148731e-01,8.045615576113954726e-01,-4.446418223301457084e-01,-8.169664793973129280e-01,-3.068849146207901502e-01,7.411485402240272080e-01,4.030875947296884698e-01,1.667330926812036207e-01,7.345303303319726806e-01,-8.251414822835808627e-01,-4.475997399138375576e-01,3.146988529374514787e-01,-6.130367973275693272e-01,1.000000000000000000e+00
