1.000000000000000000e+00,7.626055496531812805e-01,4.947278294769148488e-01,6.104579621452986826e-01,7.103331428526780122e-01,-5.341431135157745924e-01,-2.863263105987418067e-01,-3.917157643847246073e-01,8.404662097365053208e-01,7.425636667507432565e-01,-4.763350654441725340e-01,7.412399685077097899e-01,1.189991252430534358e-01,-6.075436107521429985e-02,7.225123389442442701e-01,8.226698817927534657e-01,-1.205304794874678675e-01,2.188039775389878927e-01,-4.623590927986680477e-01,4.064690069842610831e-01,3.152209777905563559e-01,6.382295776730392833e-02,-6.511465052891148020e-02,6.257943028345004655e-02,-2.225587559704246543e-02,7.658197267194530866e-01,1.645473824928145867e-01,4.377432421781717042e-02,-3.683101205185660976e-01,8.266839483333601191e-01,-2.256515210668427196e-01,-4.555223325394405776e-01,-2.770474812550522414e-01,7.918629386396390801e-01,3.048774254535106532e-01,5.470414853728747806e-01,1.297263170283635969e-01,8.554178697235564899e-01,7.714358097014462068e-01
7.626055496531812805e-01,1.000000000000000000e+00,3.018805307115389192e-01,5.823925033778629690e-01,5.480195759765147390e-01,-3.546496898042740265e-01,-5.468932882424621944e-01,-4.039468867218836134e-01,8.002549424640917897e-01,7.136440154781449330e-01,-2.128116047624666607e-01,8.538089033906384184e-01,-5.834567329353718482e-03,-9.117558776426584743e-02,8.058822105059839647e-01,7.154400863635546060e-01,-5.458863108363333494e-02,-2.503794548409399648e-02,-6.118398969199700943e-01,9.580757886151314295e-02,1.063266004371674345e-01,-1.968409412461781804e-01,6.251966821100564571e-03,7.136023585754447396e-02,8.021813307089073822e-03,4.979163511799723496e-01,3.287256990055298367e-01,-2.831162106433618431e-01,-3.754697447165415425e-01,7.473475415284254186e-01,-9.363654087872369525e-02,-2.174076501926674732e-01,-2.816733920285462434e-01,7.966512213482916938e-01,3.899472117282684613e-01,5.981230071946110893e-01,7.169631498362488697e-02,8.087386467186578054e-01,8.337988507793820947e-01
4.947278294769148488e-01,3.018805307115389192e-01,1.000000000000000000e+00,3.048899612724042529e-01,7.417657197560730831e-01,-4.148861685197187121e-01,2.430469116911050109e-01,-6.819924666030677818e-01,4.514220867041680019e-01,5.595509077699045708e-01,-4.438158251613287253e-01,2.819047430817757105e-01,1.335222452585351771e-01,1.236204183639454807e-01,1.573095003189228791e-01,5.618830443360749438e-01,-1.775462452523170476e-01,5.675484633990642847e-01,5.078988054258885831e-02,6.090838570428115384e-01,7.158463398827636937e-01,4.958428086374059296e-01,-6.888693162865376120e-03,1.127637986763192351e-01,1.591638913881213840e-02,6.190795816804522955e-01,3.067509859798052685e-01,5.575291790750248611e-01,-6.930589114335158896e-02,5.396101874032797063e-01,2.548185563622953342e-01,-3.022552483882006147e-01,3.612893058724289119e-01,3.680785899537969974e-01,1.994144127177784886e-01,3.373534976515653594e-01,3.249562142606748916e-01,3.743899732359727839e-01,3.153553921534046345e-01
6.104579621452986826e-01,5.823925033778629690e-01,3.048899612724042529e-01,1.000000000000000000e+00,4.639494512352648758e-01,-4.354365077761090386e-01,-2.353216523055640108e-01,-3.104964362563803482e-01,6.781859541890653542e-01,5.556726145404092820e-01,-3.868202668545943079e-01,6.725221070689207936e-01,2.574797284581746837e-01,-2.505346097032530861e-01,6.098655647163434557e-01,5.726681325137833456e-01,-1.164757558033064772e-01,2.146426526650426492e-01,-3.630482863036660346e-01,2.837078401431295527e-01,1.362072995362166861e-01,4.311221902776921772e-02,-1.346599258367303376e-01,5.911267336926931404e-02,-1.028127026383613002e-01,3.724342082193582981e-01,2.505057532269631786e-03,-1.915629129872406800e-01,-4.768285555566090794e-01,6.338716290803070308e-01,-2.450152860024679691e-01,-4.451982391172327191e-01,-2.378576687024979985e-01,6.309253501280057685e-01,1.160833018118120202e-01,2.413126424596310216e-01,-1.102903113327806661e-01,6.777601340027248344e-01,6.375029699440036834e-01
7.103331428526780122e-01,5.480195759765147390e-01,7.417657197560730831e-01,4.639494512352648758e-01,1.000000000000000000e+00,-5.866347415752379835e-01,1.147735380223531727e-02,-5.603497240807301383e-01,7.210251432123784276e-01,7.096308445297213607e-01,-5.381562864584125139e-01,5.640729287693919680e-01,2.571905204724724281e-01,9.997035860942800334e-02,4.232737462741626433e-01,7.188650159792121519e-01,-2.021250419764485107e-01,4.716190507938948784e-01,-2.731472186692303072e-01,5.269595799439751316e-01,5.444183394812026622e-01,3.378249174528382137e-01,-1.523130809978892053e-01,3.109247798780458497e-02,-1.251409520614376880e-01,7.010121786231785501e-01,2.379101878637032430e-01,2.905892086198716973e-01,-3.187155720154370986e-01,7.772206332231857973e-01,-2.014795440466135221e-02,-4.242321542037038595e-01,4.244857057748339241e-02,5.841850436244926392e-01,1.881111246326514497e-01,4.130606660892919280e-01,1.589360511114751850e-01,6.612764604311747174e-01,6.148689798156858899e-01
-5.341431135157745924e-01,-3.546496898042740265e-01,-4.148861685197187121e-01,-4.354365077761090386e-01,-5.866347415752379835e-01,1.000000000000000000e+00,-1.924251301261274139e-01,9.098415296140575925e-02,-5.926797768729529237e-01,-5.449694233532885734e-01,8.116446806286484739e-01,-4.853077902556949819e-01,-3.751745652260511932e-01,3.598361667517468443e-01,-3.604812678384210489e-01,-4.952527027226879541e-01,5.666917841286579494e-01,-4.964534967990537617e-01,1.743144007678676666e-01,-5.773035113974961385e-01,-3.472716299848814248e-01,-4.775983811811698176e-01,5.547824128399169163e-01,2.325916931689693823e-01,4.971520475884861345e-01,-4.192335211360095348e-01,3.892287312919521375e-02,-1.352169834653998426e-01,6.374130625887922674e-01,-6.462388431887395868e-01,2.112757579450502687e-01,7.622845164580934751e-01,2.138314995331876411e-01,-5.130131921145569818e-01,2.678479636716006307e-01,6.111505774356523930e-03,2.449436846475956941e-01,-5.323360902009237616e-01,-5.053521387084898286e-01
-2.863263105987418067e-01,-5.468932882424621944e-01,2.430469116911050109e-01,-2.353216523055640108e-01,1.147735380223531727e-02,-1.924251301261274139e-01,1.000000000000000000e+00,2.078958327665309525e-01,-3.367802513080559446e-01,-6.429640433212233108e-02,-3.557118871035595542e-01,-5.113717542388808157e-01,7.818116947235997927e-02,-1.300036071163966633e-01,-6.297273804225521632e-01,-1.342321461898325075e-01,-2.547749669750259960e-01,6.251673833892903431e-01,7.184006348935721986e-01,5.090626757673606395e-01,3.722877809248595349e-01,7.961260911439482779e-01,-1.288079957027911393e-01,6.729607029684726849e-02,-1.486654394667197010e-01,-5.419927618716684214e-02,-4.927266670954345840e-02,5.994827328529229726e-01,1.060548950313976585e-01,-1.837607746502917527e-01,2.707744709769288050e-01,-2.413884164469363158e-01,2.064156621439393879e-01,-4.065722225518423882e-01,-2.988093856250359504e-01,-3.598288485535109937e-01,1.331285685815129793e-01,-4.439771627756763372e-01,-4.972125664405715462e-01
-3.917157643847246073e-01,-4.039468867218836134e-01,-6.819924666030677818e-01,-3.104964362563803482e-01,-5.603497240807301383e-01,9.098415296140575925e-02,2.078958327665309525e-01,1.000000000000000000e+00,-3.894088728475489924e-01,-3.765103001568034236e-01,4.104447928661041078e-02,-3.802718879252433570e-01,-4.315777360591144945e-02,-2.548280257651759917e-01,-3.122749398223174100e-01,-3.835377730056482304e-01,-3.073016192978443237e-02,-2.197302554957341614e-01,1.564653362598050490e-01,-1.045068633275415826e-01,-3.802744633266563756e-01,3.220546106004425202e-02,-1.084010543939022131e-01,-8.392034332306190503e-02,-1.457324116343085008e-01,-4.736366605221904447e-01,-3.950284295886429264e-01,-2.458730992363606371e-01,-8.739843979906140869e-02,-3.750078627815894294e-01,-2.521941683681649393e-01,-6.359917451592179971e-02,-3.682402213040608663e-01,-3.734977775377060771e-01,-3.389344453283281156e-01,-4.474014824302596782e-01,-2.973849613245868606e-01,-3.731359849804894435e-01,-3.843433199726457583e-01
8.404662097365053208e-01,8.002549424640917897e-01,4.514220867041680019e-01,6.781859541890653542e-01,7.210251432123784276e-01,-5.926797768729529237e-01,-3.367802513080559446e-01,-3.894088728475489924e-01,1.000000000000000000e+00,7.657058302653908521e-01,-5.122638406677951783e-01,8.453932888843079807e-01,1.667568505088226349e-01,-1.514086845014294691e-01,7.842230580267777196e-01,8.008837516910867205e-01,-1.909375750417268147e-01,2.171848136696330756e-01,-5.354977607081914392e-01,3.688820349003616994e-01,2.340302281712221821e-01,3.588441834438615974e-02,-1.771795255403717240e-01,2.686022797702946815e-03,-1.405770257992152439e-01,6.285804964557345498e-01,1.006301900757483880e-01,-1.003566460744000771e-01,-5.513091319233375254e-01,8.772160053679480818e-01,-2.457915697003940358e-01,-5.310062241742863343e-01,-3.024594106290737217e-01,8.526823939565810750e-01,1.782493620434275339e-01,4.747621156284759225e-01,-5.799437543548809776e-02,8.856742990434796070e-01,8.476224495547658444e-01
7.425636667507432565e-01,7.136440154781449330e-01,5.595509077699045708e-01,5.556726145404092820e-01,7.096308445297213607e-01,-5.449694233532885734e-01,-6.429640433212233108e-02,-3.765103001568034236e-01,7.657058302653908521e-01,1.000000000000000000e+00,-4.894097372875990115e-01,6.958351508226634508e-01,6.026777371784797221e-02,-1.383208461342828877e-01,5.671976224566052105e-01,8.581043572247146756e-01,-1.428259610409099989e-01,3.835858096128091921e-01,-2.869296567966241329e-01,4.516858109231749463e-01,3.527815174477075266e-01,2.825206237215843741e-01,4.327846826005787156e-02,2.642758843583873363e-01,2.835072026875974302e-02,5.774906485071515938e-01,2.687355802050713227e-01,5.195324970448612911e-02,-3.970113055028207105e-01,8.259126647890975281e-01,4.938713033486601036e-04,-4.341270508616567048e-01,-2.308398612406052652e-01,7.022119075401616062e-01,2.928466375248672260e-01,5.277435464817331612e-01,1.362439804300103474e-01,7.082629255709698146e-01,7.146468694619918516e-01
-4.763350654441725340e-01,-2.128116047624666607e-01,-4.438158251613287253e-01,-3.868202668545943079e-01,-5.381562864584125139e-01,8.116446806286484739e-01,-3.557118871035595542e-01,4.104447928661041078e-02,-5.122638406677951783e-01,-4.894097372875990115e-01,1.000000000000000000e+00,-3.418938290343834785e-01,-3.211739425655253943e-01,3.853810342421413182e-01,-2.408827200665053792e-01,-4.980593884857730247e-01,5.763925747249087905e-01,-6.262529607128621834e-01,-5.449871688029141181e-02,-7.008289934651604769e-01,-4.353399013845337118e-01,-5.893016769985005565e-01,4.309002077666124753e-01,1.305988749269612059e-01,4.017009953020739266e-01,-4.622857992082156642e-01,1.478478557182683895e-01,-3.182167706550514397e-01,5.508270342819593379e-01,-5.630523994547862454e-01,2.157378250916913154e-01,8.333931632992561678e-01,1.956352365112007385e-01,-4.368045036127274350e-01,3.146692812025700947e-01,-1.856188080745315100e-03,1.939549092227027816e-01,-4.342334629398358348e-01,-3.440628901539762863e-01
7.412399685077097899e-01,8.538089033906384184e-01,2.819047430817757105e-01,6.725221070689207936e-01,5.640729287693919680e-01,-4.853077902556949819e-01,-5.113717542388808157e-01,-3.802718879252433570e-01,8.453932888843079807e-01,6.958351508226634508e-01,-3.418938290343834785e-01,1.000000000000000000e+00,1.426124149302642197e-01,-2.405411921055349844e-01,8.500950196701562156e-01,6.825709820925660587e-01,-1.687347807606165706e-01,5.764152757170595137e-02,-6.040477661332858128e-01,1.410144323861600990e-01,6.634840206637639126e-02,-1.511383415574545641e-01,-1.641418857845616530e-01,-4.038127023658619197e-02,-1.457977124893429233e-01,4.590281983707443225e-01,1.575291729172051403e-01,-3.044374975178208986e-01,-5.220818591653113572e-01,7.733343462338886365e-01,-2.172625801365508924e-01,-3.850122624961268558e-01,-3.440717243919557689e-01,8.339374299799414691e-01,2.037133649762267185e-01,4.580094195068761254e-01,-1.123043882077070788e-01,8.468298153781166349e-01,8.706556155381572903e-01
1.189991252430534358e-01,-5.834567329353718482e-03,1.335222452585351771e-01,2.574797284581746837e-01,2.571905204724724281e-01,-3.751745652260511932e-01,7.818116947235997927e-02,-4.315777360591144945e-02,1.667568505088226349e-01,6.026777371784797221e-02,-3.211739425655253943e-01,1.426124149302642197e-01,1.000000000000000000e+00,-9.827910774408399330e-02,6.652960597198800952e-02,1.291445222506750097e-02,-2.561951314011268188e-01,2.503896721792075453e-01,-1.041396145770732418e-01,2.104178611551259792e-01,2.082266864978793430e-01,1.993774724890852723e-01,-3.316673787336140711e-01,-1.466449557014115335e-01,-2.363610689930922826e-01,1.228331874423164299e-01,-1.086851786982682561e-01,1.451638339016554646e-01,-2.238581314384120169e-01,1.485569564604890536e-01,-1.914103391963761502e-01,-3.161463660256794705e-01,1.883302176308458697e-01,2.224631584513544341e-02,-3.369659318587218677e-01,-2.460105536233713752e-01,-1.906284681250371149e-01,1.796952018829636455e-01,1.184943602974476706e-01
-6.075436107521429985e-02,-9.117558776426584743e-02,1.236204183639454807e-01,-2.505346097032530861e-01,9.997035860942800334e-02,3.598361667517468443e-01,-1.300036071163966633e-01,-2.548280257651759917e-01,-1.514086845014294691e-01,-1.383208461342828877e-01,3.853810342421413182e-01,-2.405411921055349844e-01,-9.827910774408399330e-02,1.000000000000000000e+00,-1.966224110777796130e-01,-6.872969092276974556e-02,4.356811522406956461e-01,-2.506913265150710335e-01,-1.120739912763209639e-01,-2.176511210235501093e-01,5.548554301765341867e-02,-2.309971452737206443e-01,3.940968748713592484e-01,2.502203984246839097e-01,3.893073183216804733e-01,1.571007603766394756e-01,2.838156969907685845e-01,1.228086119486438144e-01,3.777310897775045251e-01,-1.339571053180328430e-01,2.367202808649840340e-01,4.837193895393772647e-01,4.027748505928930856e-01,-2.173754823923591262e-01,4.006575631735744825e-01,1.792200747399269600e-01,3.571082525365371629e-01,-1.296848841961973364e-01,-1.457193744685315318e-01
7.225123389442442701e-01,8.058822105059839647e-01,1.573095003189228791e-01,6.098655647163434557e-01,4.232737462741626433e-01,-3.604812678384210489e-01,-6.297273804225521632e-01,-3.122749398223174100e-01,7.842230580267777196e-01,5.671976224566052105e-01,-2.408827200665053792e-01,8.500950196701562156e-01,6.652960597198800952e-02,-1.966224110777796130e-01,1.000000000000000000e+00,6.148599295385300811e-01,-1.002382780348581859e-01,-1.392167689132201291e-01,-6.273031864477043307e-01,2.345600046242013112e-02,-6.927746722644929911e-02,-3.269582950362678875e-01,-8.243261050811040436e-02,-5.614386457168507594e-02,-6.069710441963092895e-02,4.426125819126101035e-01,4.099258257033906033e-02,-3.828281336437214244e-01,-4.845612226635870323e-01,6.775847492024342777e-01,-3.475433356819125352e-01,-3.176330812058085762e-01,-4.164654851926645196e-01,8.291524492966471094e-01,2.069119401230133104e-01,4.777961269229226704e-01,-1.679806891930004098e-01,8.298670958014084942e-01,8.302750789535526810e-01
8.226698817927534657e-01,7.154400863635546060e-01,5.618830443360749438e-01,5.726681325137833456e-01,7.188650159792121519e-01,-4.952527027226879541e-01,-1.342321461898325075e-01,-3.835377730056482304e-01,8.008837516910867205e-01,8.581043572247146756e-01,-4.980593884857730247e-01,6.825709820925660587e-01,1.291445222506750097e-02,-6.872969092276974556e-02,6.148599295385300811e-01,1.000000000000000000e+00,-9.316085347746133616e-02,3.378899228401906485e-01,-3.218653791575839529e-01,4.750995774426235441e-01,3.725510158651668124e-01,2.054179381158526274e-01,8.979184269545650854e-02,2.609500504193671411e-01,7.702993566432439487e-02,6.882023394893627133e-01,1.751184424809683615e-01,9.874336755107540609e-02,-3.549031026701294222e-01,8.362475232094246369e-01,-1.116198308887354357e-01,-4.490351206687289709e-01,-2.554213524360802734e-01,7.446124231070139210e-01,3.181771454950512168e-01,6.073180895153871273e-01,1.453723493549636259e-01,7.675732407861920459e-01,7.106035914151836996e-01
-1.205304794874678675e-01,-5.458863108363333494e-02,-1.775462452523170476e-01,-1.164757558033064772e-01,-2.021250419764485107e-01,5.666917841286579494e-01,-2.547749669750259960e-01,-3.073016192978443237e-02,-1.909375750417268147e-01,-1.428259610409099989e-01,5.763925747249087905e-01,-1.687347807606165706e-01,-2.561951314011268188e-01,4.356811522406956461e-01,-1.002382780348581859e-01,-9.316085347746133616e-02,1.000000000000000000e+00,-4.136849313037469500e-01,-1.841128870693141406e-01,-3.508852158877946992e-01,-2.115689560049799633e-01,-3.701327491209291387e-01,5.388816273277591273e-01,3.969752852683399724e-01,5.251316932670911930e-01,-7.202221283896476089e-02,5.722984803906684681e-02,-1.728666999464090470e-01,3.823087773844400794e-01,-1.903232733276299937e-01,6.793209569500764655e-02,4.862547791392161645e-01,1.534620562015937550e-01,-1.904617518936424780e-01,4.508309269993623913e-01,1.036827387104516801e-01,2.618249868242608636e-01,-1.146310351123052407e-01,-1.048709028377959179e-01
2.188039775389878927e-01,-2.503794548409399648e-02,5.675484633990642847e-01,2.146426526650426492e-01,4.716190507938948784e-01,-4.964534967990537617e-01,6.251673833892903431e-01,-2.197302554957341614e-01,2.171848136696330756e-01,3.835858096128091921e-01,-6.262529607128621834e-01,5.764152757170595137e-02,2.503896721792075453e-01,-2.506913265150710335e-01,-1.392167689132201291e-01,3.378899228401906485e-01,-4.136849313037469500e-01,1.000000000000000000e+00,4.670827688484146534e-01,7.102724482342694934e-01,5.857529678937050122e-01,7.628238553867804361e-01,-2.127700312424261053e-01,6.293811737552792995e-02,-1.627188407989102747e-01,3.895956398582755553e-01,5.216418124793591182e-02,6.457302169472391995e-01,-7.005940030790196171e-02,3.110989158451049619e-01,1.646148773766462625e-01,-5.122345984590941370e-01,1.209900594516986755e-01,1.282001874615889825e-01,-1.894234775500081569e-01,3.920588064463746865e-03,1.935838674361185507e-01,9.597664016559195876e-02,1.167414703272704087e-02
-4.623590927986680477e-01,-6.118398969199700943e-01,5.078988054258885831e-02,-3.630482863036660346e-01,-2.731472186692303072e-01,1.743144007678676666e-01,7.184006348935721986e-01,1.564653362598050490e-01,-5.354977607081914392e-01,-2.869296567966241329e-01,-5.449871688029141181e-02,-6.040477661332858128e-01,-1.041396145770732418e-01,-1.120739912763209639e-01,-6.273031864477043307e-01,-3.218653791575839529e-01,-1.841128870693141406e-01,4.670827688484146534e-01,1.000000000000000000e+00,2.085056968449546244e-01,1.898319678845959702e-01,4.960376982595925410e-01,7.421931433349186757e-02,8.087913837816472495e-02,4.093892266938040092e-02,-1.793618184742851174e-01,-3.035413549699752730e-02,5.392718831027041304e-01,3.848426347687626814e-01,-4.608137268591512292e-01,3.317977027224384701e-01,5.328147924690287973e-02,1.883001880420813179e-01,-4.981471390046769421e-01,-2.246275526038643278e-01,-2.422322525066865628e-01,2.051153271821719859e-01,-6.059088872190359076e-01,-6.561143549936435670e-01
4.064690069842610831e-01,9.580757886151314295e-02,6.090838570428115384e-01,2.837078401431295527e-01,5.269595799439751316e-01,-5.773035113974961385e-01,5.090626757673606395e-01,-1.045068633275415826e-01,3.688820349003616994e-01,4.516858109231749463e-01,-7.008289934651604769e-01,1.410144323861600990e-01,2.104178611551259792e-01,-2.176511210235501093e-01,2.345600046242013112e-02,4.750995774426235441e-01,-3.508852158877946992e-01,7.102724482342694934e-01,2.085056968449546244e-01,1.000000000000000000e+00,6.891960603152055276e-01,7.484835842300009423e-01,-1.987688181615015204e-01,6.763090851703178197e-02,-1.185027822757305088e-01,4.986890795373761787e-01,-9.028977342012498020e-02,5.880809739121157786e-01,-1.962456761123291260e-01,4.625376008529513694e-01,-2.511433602877122598e-02,-6.453050260921523451e-01,7.410835360612867684e-02,2.589872645614691438e-01,-1.149942008429507695e-01,4.596602659200942076e-02,1.758858042761343998e-01,2.770420373776428802e-01,1.333641854427556062e-01
3.152209777905563559e-01,1.063266004371674345e-01,7.158463398827636937e-01,1.362072995362166861e-01,5.444183394812026622e-01,-3.472716299848814248e-01,3.722877809248595349e-01,-3.802744633266563756e-01,2.340302281712221821e-01,3.527815174477075266e-01,-4.353399013845337118e-01,6.634840206637639126e-02,2.082266864978793430e-01,5.548554301765341867e-02,-6.927746722644929911e-02,3.725510158651668124e-01,-2.115689560049799633e-01,5.857529678937050122e-01,1.898319678845959702e-01,6.891960603152055276e-01,1.000000000000000000e+00,6.054345777670543383e-01,-3.633466689632201818e-02,8.538572318813560103e-02,1.399301093410501573e-02,4.840504363239345187e-01,2.299205404087650839e-01,6.711496796030872458e-01,9.546069687553704330e-02,3.155599891868428042e-01,2.530556278396469683e-01,-2.818555875403230826e-01,4.442848134204839261e-01,1.049613931561980823e-01,7.188483878512179348e-02,1.997011693432744484e-01,3.846215011115052818e-01,1.663945972970485576e-01,6.547929161444024371e-02
6.382295776730392833e-02,-1.968409412461781804e-01,4.958428086374059296e-01,4.311221902776921772e-02,3.378249174528382137e-01,-4.775983811811698176e-01,7.961260911439482779e-01,3.220546106004425202e-02,3.588441834438615974e-02,2.825206237215843741e-01,-5.893016769985005565e-01,-1.511383415574545641e-01,1.993774724890852723e-01,-2.309971452737206443e-01,-3.269582950362678875e-01,2.054179381158526274e-01,-3.701327491209291387e-01,7.628238553867804361e-01,4.960376982595925410e-01,7.484835842300009423e-01,6.054345777670543383e-01,1.000000000000000000e+00,-2.126086185331343414e-01,5.834671497254020900e-02,-2.129047708679254469e-01,2.106117186624122117e-01,4.673675948316695361e-02,6.076030623522110652e-01,-9.080897726609404863e-02,1.894970324103829040e-01,2.383652631326868832e-01,-4.689579751188067691e-01,1.854542065435564324e-01,-6.718891857515811583e-02,-2.144996555850030018e-01,-1.626339629782475871e-01,1.481406125473530566e-01,-8.360848195382901415e-02,-1.487581875765760786e-01
-6.511465052891148020e-02,6.251966821100564571e-03,-6.888693162865376120e-03,-1.346599258367303376e-01,-1.523130809978892053e-01,5.547824128399169163e-01,-1.288079957027911393e-01,-1.084010543939022131e-01,-1.771795255403717240e-01,4.327846826005787156e-02,4.309002077666124753e-01,-1.641418857845616530e-01,-3.316673787336140711e-01,3.940968748713592484e-01,-8.243261050811040436e-02,8.979184269545650854e-02,5.388816273277591273e-01,-2.127700312424261053e-01,7.421931433349186757e-02,-1.987688181615015204e-01,-3.633466689632201818e-02,-2.126086185331343414e-01,1.000000000000000000e+00,7.070375377726701993e-01,8.365179825386024337e-01,5.381398395443055815e-02,1.713188271233334892e-01,1.514365472270303402e-02,4.864002556652977094e-01,-1.755732322839885506e-01,1.688800642064355317e-01,4.808911043384535566e-01,1.781987962596577046e-01,-1.353778226239533977e-01,5.379540182281707938e-01,3.663965279348027071e-01,4.635731331168425617e-01,-1.407381011019374906e-01,-1.563512485758425108e-01
6.257943028345004655e-02,7.136023585754447396e-02,1.127637986763192351e-01,5.911267336926931404e-02,3.109247798780458497e-02,2.325916931689693823e-01,6.729607029684726849e-02,-8.392034332306190503e-02,2.686022797702946815e-03,2.642758843583873363e-01,1.305988749269612059e-01,-4.038127023658619197e-02,-1.466449557014115335e-01,2.502203984246839097e-01,-5.614386457168507594e-02,2.609500504193671411e-01,3.969752852683399724e-01,6.293811737552792995e-02,8.087913837816472495e-02,6.763090851703178197e-02,8.538572318813560103e-02,5.834671497254020900e-02,7.070375377726701993e-01,1.000000000000000000e+00,7.055900487201376414e-01,1.466866706213019178e-01,9.526385558156989786e-02,8.142919244607300933e-02,2.792664386626516615e-01,4.238770064002966853e-02,7.924051387038064109e-02,1.912033356022454500e-01,1.236823840095906124e-01,-2.908894204970676259e-02,4.439262148928818652e-01,2.478628201290921651e-01,4.151694805345996220e-01,-7.479476656692266197e-03,-5.535625467729918259e-02
-2.225587559704246543e-02,8.021813307089073822e-03,1.591638913881213840e-02,-1.028127026383613002e-01,-1.251409520614376880e-01,4.971520475884861345e-01,-1.486654394667197010e-01,-1.457324116343085008e-01,-1.405770257992152439e-01,2.835072026875974302e-02,4.017009953020739266e-01,-1.457977124893429233e-01,-2.363610689930922826e-01,3.893073183216804733e-01,-6.069710441963092895e-02,7.702993566432439487e-02,5.251316932670911930e-01,-1.627188407989102747e-01,4.093892266938040092e-02,-1.185027822757305088e-01,1.399301093410501573e-02,-2.129047708679254469e-01,8.365179825386024337e-01,7.055900487201376414e-01,1.000000000000000000e+00,1.073484343070863628e-01,7.160993300560297703e-02,7.029296839022887433e-02,5.076256183816263423e-01,-1.478089800558018418e-01,6.159335347544686590e-02,4.205550306465742350e-01,2.072393158283136194e-01,-1.186427187111543796e-01,4.794574676043271144e-01,3.297650477256882096e-01,5.079024811170982368e-01,-9.889135989736148880e-02,-1.401303563569110122e-01
7.658197267194530866e-01,4.979163511799723496e-01,6.190795816804522955e-01,3.724342082193582981e-01,7.010121786231785501e-01,-4.192335211360095348e-01,-5.419927618716684214e-02,-4.736366605221904447e-01,6.285804964557345498e-01,5.774906485071515938e-01,-4.622857992082156642e-01,4.590281983707443225e-01,1.228331874423164299e-01,1.571007603766394756e-01,4.426125819126101035e-01,6.882023394893627133e-01,-7.202221283896476089e-02,3.895956398582755553e-01,-1.793618184742851174e-01,4.986890795373761787e-01,4.840504363239345187e-01,2.106117186624122117e-01,5.381398395443055815e-02,1.466866706213019178e-01,1.073484343070863628e-01,1.000000000000000000e+00,2.115083330331553602e-01,4.161328584159816879e-01,-7.821273187716817898e-02,6.291776878158881203e-01,-6.247045997055341443e-02,-3.713380007644087044e-01,1.959663751063791398e-03,5.710325128734746736e-01,3.003539899322695828e-01,5.039629929402795749e-01,3.399869846005718621e-01,6.367746175343984572e-01,4.873299782415665971e-01
1.645473824928145867e-01,3.287256990055298367e-01,3.067509859798052685e-01,2.505057532269631786e-03,2.379101878637032430e-01,3.892287312919521375e-02,-4.927266670954345840e-02,-3.950284295886429264e-01,1.006301900757483880e-01,2.687355802050713227e-01,1.478478557182683895e-01,1.575291729172051403e-01,-1.086851786982682561e-01,2.838156969907685845e-01,4.099258257033906033e-02,1.751184424809683615e-01,5.722984803906684681e-02,5.216418124793591182e-02,-3.035413549699752730e-02,-9.028977342012498020e-02,2.299205404087650839e-01,4.673675948316695361e-02,1.713188271233334892e-01,9.526385558156989786e-02,7.160993300560297703e-02,2.115083330331553602e-01,1.000000000000000000e+00,9.236404380523126345e-02,1.934384541793744972e-01,1.314076811859898608e-01,6.858482836515893410e-01,3.292507264798233413e-01,2.823828356676711393e-01,6.355884579924026001e-02,4.776455271933481295e-01,3.081385228958895550e-01,4.957313491623908108e-01,7.873554824619764803e-02,1.518853259208907958e-01
4.377432421781717042e-02,-2.831162106433618431e-01,5.575291790750248611e-01,-1.915629129872406800e-01,2.905892086198716973e-01,-1.352169834653998426e-01,5.994827328529229726e-01,-2.458730992363606371e-01,-1.003566460744000771e-01,5.195324970448612911e-02,-3.182167706550514397e-01,-3.044374975178208986e-01,1.451638339016554646e-01,1.228086119486438144e-01,-3.828281336437214244e-01,9.874336755107540609e-02,-1.728666999464090470e-01,6.457302169472391995e-01,5.392718831027041304e-01,5.880809739121157786e-01,6.711496796030872458e-01,6.076030623522110652e-01,1.514365472270303402e-02,8.142919244607300933e-02,7.029296839022887433e-02,4.161328584159816879e-01,9.236404380523126345e-02,1.000000000000000000e+00,3.456427344325139206e-01,-2.051338484784954661e-02,2.977056844302469196e-01,-1.779711141738044289e-01,4.393516209825801822e-01,-1.926713807093271003e-01,-7.953426300820778949e-02,2.349907251050752446e-02,4.162880962486697478e-01,-1.613778786713598867e-01,-3.135419683527674861e-01
-3.683101205185660976e-01,-3.754697447165415425e-01,-6.930589114335158896e-02,-4.768285555566090794e-01,-3.187155720154370986e-01,6.374130625887922674e-01,1.060548950313976585e-01,-8.739843979906140869e-02,-5.513091319233375254e-01,-3.970113055028207105e-01,5.508270342819593379e-01,-5.220818591653113572e-01,-2.238581314384120169e-01,3.777310897775045251e-01,-4.845612226635870323e-01,-3.549031026701294222e-01,3.823087773844400794e-01,-7.005940030790196171e-02,3.848426347687626814e-01,-1.962456761123291260e-01,9.546069687553704330e-02,-9.080897726609404863e-02,4.864002556652977094e-01,2.792664386626516615e-01,5.076256183816263423e-01,-7.821273187716817898e-02,1.934384541793744972e-01,3.456427344325139206e-01,1.000000000000000000e+00,-5.551673754510209058e-01,3.156889216520901154e-01,6.528643651847971796e-01,3.957667244558666919e-01,-5.317667264354070111e-01,3.741612067426886012e-01,1.205265638719769244e-01,6.078343983945319051e-01,-5.116305213791788598e-01,-5.417002313630085997e-01
8.266839483333601191e-01,7.473475415284254186e-01,5.396101874032797063e-01,6.338716290803070308e-01,7.772206332231857973e-01,-6.462388431887395868e-01,-1.837607746502917527e-01,-3.750078627815894294e-01,8.772160053679480818e-01,8.259126647890975281e-01,-5.630523994547862454e-01,7.733343462338886365e-01,1.485569564604890536e-01,-1.339571053180328430e-01,6.775847492024342777e-01,8.362475232094246369e-01,-1.903232733276299937e-01,3.110989158451049619e-01,-4.608137268591512292e-01,4.625376008529513694e-01,3.155599891868428042e-01,1.894970324103829040e-01,-1.755732322839885506e-01,4.238770064002966853e-02,-1.478089800558018418e-01,6.291776878158881203e-01,1.314076811859898608e-01,-2.051338484784954661e-02,-5.551673754510209058e-01,1.000000000000000000e+00,-1.843046409778427985e-01,-5.530376013252528145e-01,-2.742833016613476782e-01,7.967613101832413669e-01,1.828746480241750516e-01,4.439555954117249126e-01,-1.482219067563554302e-02,8.341404131668114230e-01,8.072566037484114609e-01
-2.256515210668427196e-01,-9.363654087872369525e-02,2.548185563622953342e-01,-2.450152860024679691e-01,-2.014795440466135221e-02,2.112757579450502687e-01,2.707744709769288050e-01,-2.521941683681649393e-01,-2.457915697003940358e-01,4.938713033486601036e-04,2.157378250916913154e-01,-2.172625801365508924e-01,-1.914103391963761502e-01,2.367202808649840340e-01,-3.475433356819125352e-01,-1.116198308887354357e-01,6.793209569500764655e-02,1.646148773766462625e-01,3.317977027224384701e-01,-2.511433602877122598e-02,2.530556278396469683e-01,2.383652631326868832e-01,1.688800642064355317e-01,7.924051387038064109e-02,6.159335347544686590e-02,-6.247045997055341443e-02,6.858482836515893410e-01,2.977056844302469196e-01,3.156889216520901154e-01,-1.843046409778427985e-01,1.000000000000000000e+00,3.487019723394111370e-01,4.804884976445881195e-01,-2.693851368470872032e-01,2.316427650829106510e-01,1.994383906439707935e-02,4.215150539526132945e-01,-3.153330041282138563e-01,-2.571476556336912966e-01
-4.555223325394405776e-01,-2.174076501926674732e-01,-3.022552483882006147e-01,-4.451982391172327191e-01,-4.242321542037038595e-01,7.622845164580934751e-01,-2.413884164469363158e-01,-6.359917451592179971e-02,-5.310062241742863343e-01,-4.341270508616567048e-01,8.333931632992561678e-01,-3.850122624961268558e-01,-3.161463660256794705e-01,4.837193895393772647e-01,-3.176330812058085762e-01,-4.490351206687289709e-01,4.862547791392161645e-01,-5.122345984590941370e-01,5.328147924690287973e-02,-6.453050260921523451e-01,-2.818555875403230826e-01,-4.689579751188067691e-01,4.808911043384535566e-01,1.912033356022454500e-01,4.205550306465742350e-01,-3.713380007644087044e-01,3.292507264798233413e-01,-1.779711141738044289e-01,6.528643651847971796e-01,-5.530376013252528145e-01,3.487019723394111370e-01,1.000000000000000000e+00,3.025276653332941712e-01,-4.848095036427884086e-01,4.161043143089227514e-01,9.166400004360288067e-02,3.551077824286826279e-01,-4.707719975830498838e-01,-3.776376900111871326e-01
-2.770474812550522414e-01,-2.816733920285462434e-01,3.612893058724289119e-01,-2.378576687024979985e-01,4.244857057748339241e-02,2.138314995331876411e-01,2.064156621439393879e-01,-3.682402213040608663e-01,-3.024594106290737217e-01,-2.308398612406052652e-01,1.956352365112007385e-01,-3.440717243919557689e-01,1.883302176308458697e-01,4.027748505928930856e-01,-4.164654851926645196e-01,-2.554213524360802734e-01,1.534620562015937550e-01,1.209900594516986755e-01,1.883001880420813179e-01,7.410835360612867684e-02,4.442848134204839261e-01,1.854542065435564324e-01,1.781987962596577046e-01,1.236823840095906124e-01,2.072393158283136194e-01,1.959663751063791398e-03,2.823828356676711393e-01,4.393516209825801822e-01,3.957667244558666919e-01,-2.742833016613476782e-01,4.804884976445881195e-01,3.025276653332941712e-01,1.000000000000000000e+00,-3.728751434629574701e-01,5.192329833673389045e-02,-8.525989773741152189e-02,3.029214437705247120e-01,-3.317295826131899661e-01,-3.628175571055946014e-01
7.918629386396390801e-01,7.966512213482916938e-01,3.680785899537969974e-01,6.309253501280057685e-01,5.841850436244926392e-01,-5.130131921145569818e-01,-4.065722225518423882e-01,-3.734977775377060771e-01,8.526823939565810750e-01,7.022119075401616062e-01,-4.368045036127274350e-01,8.339374299799414691e-01,2.224631584513544341e-02,-2.173754823923591262e-01,8.291524492966471094e-01,7.446124231070139210e-01,-1.904617518936424780e-01,1.282001874615889825e-01,-4.981471390046769421e-01,2.589872645614691438e-01,1.049613931561980823e-01,-6.718891857515811583e-02,-1.353778226239533977e-01,-2.908894204970676259e-02,-1.186427187111543796e-01,5.710325128734746736e-01,6.355884579924026001e-02,-1.926713807093271003e-01,-5.317667264354070111e-01,7.967613101832413669e-01,-2.693851368470872032e-01,-4.848095036427884086e-01,-3.728751434629574701e-01,1.000000000000000000e+00,1.818546454539948232e-01,5.067542643241520484e-01,-1.157773289226311092e-01,8.434316291910359809e-01,8.345885177130812904e-01
3.048774254535106532e-01,3.899472117282684613e-01,1.994144127177784886e-01,1.160833018118120202e-01,1.881111246326514497e-01,2.678479636716006307e-01,-2.988093856250359504e-01,-3.389344453283281156e-01,1.782493620434275339e-01,2.928466375248672260e-01,3.146692812025700947e-01,2.037133649762267185e-01,-3.369659318587218677e-01,4.006575631735744825e-01,2.069119401230133104e-01,3.181771454950512168e-01,4.508309269993623913e-01,-1.894234775500081569e-01,-2.246275526038643278e-01,-1.149942008429507695e-01,7.188483878512179348e-02,-2.144996555850030018e-01,5.379540182281707938e-01,4.439262148928818652e-01,4.794574676043271144e-01,3.003539899322695828e-01,4.776455271933481295e-01,-7.953426300820778949e-02,3.741612067426886012e-01,1.828746480241750516e-01,2.316427650829106510e-01,4.161043143089227514e-01,5.192329833673389045e-02,1.818546454539948232e-01,1.000000000000000000e+00,5.234075357656808869e-01,6.508056639495366502e-01,2.071966221714841572e-01,2.386909147091169636e-01
5.470414853728747806e-01,5.981230071946110893e-01,3.373534976515653594e-01,2.413126424596310216e-01,4.130606660892919280e-01,6.111505774356523930e-03,-3.598288485535109937e-01,-4.474014824302596782e-01,4.747621156284759225e-01,5.277435464817331612e-01,-1.856188080745315100e-03,4.580094195068761254e-01,-2.460105536233713752e-01,1.792200747399269600e-01,4.777961269229226704e-01,6.073180895153871273e-01,1.036827387104516801e-01,3.920588064463746865e-03,-2.422322525066865628e-01,4.596602659200942076e-02,1.997011693432744484e-01,-1.626339629782475871e-01,3.663965279348027071e-01,2.478628201290921651e-01,3.297650477256882096e-01,5.039629929402795749e-01,3.081385228958895550e-01,2.349907251050752446e-02,1.205265638719769244e-01,4.439555954117249126e-01,1.994383906439707935e-02,9.166400004360288067e-02,-8.525989773741152189e-02,5.067542643241520484e-01,5.234075357656808869e-01,1.000000000000000000e+00,3.219640115617522502e-01,4.747528585175168070e-01,4.782472102698014371e-01
1.297263170283635969e-01,7.169631498362488697e-02,3.249562142606748916e-01,-1.102903113327806661e-01,1.589360511114751850e-01,2.449436846475956941e-01,1.331285685815129793e-01,-2.973849613245868606e-01,-5.799437543548809776e-02,1.362439804300103474e-01,1.939549092227027816e-01,-1.123043882077070788e-01,-1.906284681250371149e-01,3.571082525365371629e-01,-1.679806891930004098e-01,1.453723493549636259e-01,2.618249868242608636e-01,1.935838674361185507e-01,2.051153271821719859e-01,1.758858042761343998e-01,3.846215011115052818e-01,1.481406125473530566e-01,4.635731331168425617e-01,4.151694805345996220e-01,5.079024811170982368e-01,3.399869846005718621e-01,4.957313491623908108e-01,4.162880962486697478e-01,6.078343983945319051e-01,-1.482219067563554302e-02,4.215150539526132945e-01,3.551077824286826279e-01,3.029214437705247120e-01,-1.157773289226311092e-01,6.508056639495366502e-01,3.219640115617522502e-01,1.000000000000000000e+00,-7.237076680382779903e-02,-1.222828237826012882e-01
8.554178697235564899e-01,8.087386467186578054e-01,3.743899732359727839e-01,6.777601340027248344e-01,6.612764604311747174e-01,-5.323360902009237616e-01,-4.439771627756763372e-01,-3.731359849804894435e-01,8.856742990434796070e-01,7.082629255709698146e-01,-4.342334629398358348e-01,8.468298153781166349e-01,1.796952018829636455e-01,-1.296848841961973364e-01,8.298670958014084942e-01,7.675732407861920459e-01,-1.146310351123052407e-01,9.597664016559195876e-02,-6.059088872190359076e-01,2.770420373776428802e-01,1.663945972970485576e-01,-8.360848195382901415e-02,-1.407381011019374906e-01,-7.479476656692266197e-03,-9.889135989736148880e-02,6.367746175343984572e-01,7.873554824619764803e-02,-1.613778786713598867e-01,-5.116305213791788598e-01,8.341404131668114230e-01,-3.153330041282138563e-01,-4.707719975830498838e-01,-3.317295826131899661e-01,8.434316291910359809e-01,2.071966221714841572e-01,4.747528585175168070e-01,-7.237076680382779903e-02,1.000000000000000000e+00,8.586173985941867315e-01
7.714358097014462068e-01,8.337988507793820947e-01,3.153553921534046345e-01,6.375029699440036834e-01,6.148689798156858899e-01,-5.053521387084898286e-01,-4.972125664405715462e-01,-3.843433199726457583e-01,8.476224495547658444e-01,7.146468694619918516e-01,-3.440628901539762863e-01,8.706556155381572903e-01,1.184943602974476706e-01,-1.457193744685315318e-01,8.302750789535526810e-01,7.106035914151836996e-01,-1.048709028377959179e-01,1.167414703272704087e-02,-6.561143549936435670e-01,1.333641854427556062e-01,6.547929161444024371e-02,-1.487581875765760786e-01,-1.563512485758425108e-01,-5.535625467729918259e-02,-1.401303563569110122e-01,4.873299782415665971e-01,1.518853259208907958e-01,-3.135419683527674861e-01,-5.417002313630085997e-01,8.072566037484114609e-01,-2.571476556336912966e-01,-3.776376900111871326e-01,-3.628175571055946014e-01,8.345885177130812904e-01,2.386909147091169636e-01,4.782472102698014371e-01,-1.222828237826012882e-01,8.586173985941867315e-01,1.000000000000000000e+00
