1.000000000000000000e+00,9.191913417659482999e-01,8.155296272929188905e-01,-8.879958079907189772e-01,8.919019026350026857e-01,6.643216716523133725e-01,-6.513560092076561281e-01,-6.656469132085819640e-02,6.417205287013606485e-01,9.346205294561670263e-01,-7.642521356558127366e-01,9.172339683914728647e-01,-1.909068955568704595e-01,8.588334586211938682e-01,8.933776339479121420e-01,9.396239672798178955e-01,3.434061935870236920e-02,8.465903607148177468e-01,8.363691707526790253e-01,8.804595850311647265e-01,8.185590959295955260e-01,8.549545593937131205e-01,8.920924903369119585e-01,6.925699191413231537e-01,9.143570093038163593e-01,9.244610049181621880e-01,8.079335814968500173e-01,8.698144935671057176e-01,5.315484500416279845e-01,4.764199258053029018e-01,5.875211116160199420e-01,2.918720593679900999e-01,8.899345225133350468e-01,6.097632318105505878e-01,-7.086789803824762313e-01,7.856136426723522304e-01,-6.976515008224348779e-01,7.735312100187533568e-01,8.117449984631966986e-01
9.191913417659482999e-01,1.000000000000000000e+00,7.463939209686984988e-01,-8.572265665639494658e-01,9.125362033086146241e-01,4.929323007501177911e-01,-6.888337444209338134e-01,-1.601220254106049679e-01,7.147912078048457296e-01,8.941217747402082638e-01,-7.339879238588146171e-01,9.363361574306311441e-01,-1.910977299883818425e-01,9.070617341248601306e-01,8.745636870973682031e-01,8.884371039087627375e-01,2.700759148616848140e-02,8.627785453046438180e-01,8.713037403821914939e-01,8.636903663435223644e-01,8.060612408957376074e-01,7.716047737172536669e-01,8.430137521704280656e-01,6.799294943083175058e-01,8.423912045778646496e-01,9.147788334778039765e-01,8.239945724327314425e-01,8.181689098895383871e-01,4.465224095909138269e-01,5.188210441687821639e-01,4.621776416814323829e-01,1.330277470440437704e-01,8.767643706423283723e-01,6.698229322872617519e-01,-6.852349836643242265e-01,7.953166477056184958e-01,-7.140333893122146058e-01,8.096726747657778667e-01,8.631334037318963981e-01
8.155296272929188905e-01,7.463939209686984988e-01,1.000000000000000000e+00,-7.474276800197645620e-01,7.581999477094742979e-01,7.644902445963707160e-01,-5.120959235331055126e-01,3.668580379507000999e-01,4.357282034548405902e-01,8.542846706986871874e-01,-7.664208852368119551e-01,8.077019466698229788e-01,-4.241223169153614525e-01,6.827773052719096070e-01,7.305014185607638932e-01,8.715343825656372001e-01,7.926515171315898223e-02,6.674956902307180862e-01,6.183384859337507367e-01,7.981145756079033315e-01,8.429487331152958340e-01,8.937837350313142526e-01,8.330364529866880474e-01,6.772572724785169695e-01,8.848062260377612676e-01,8.120235997758123991e-01,8.223588941867643332e-01,8.687174350779406362e-01,5.652080568825145201e-01,2.184246041846295283e-01,8.517806296724642623e-01,3.853531936841974592e-01,8.938462944429814705e-01,3.385744969383902014e-01,-6.592294081580060139e-01,5.425360482122076888e-01,-6.598372742603477725e-01,5.351343550259874959e-01,6.741009729194112898e-01
-8.879958079907189772e-01,-8.572265665639494658e-01,-7.474276800197645620e-01,1.000000000000000000e+00,-7.721174168536485416e-01,-6.139208257915944600e-01,6.578434758459668075e-01,9.153111949160797067e-02,-5.731669445755032122e-01,-8.863079722803817173e-01,7.262884507676631296e-01,-8.622319380078201645e-01,1.404894208824383761e-01,-8.173472606652664174e-01,-8.565503154887380566e-01,-8.935211653954527877e-01,-3.435114524632187222e-02,-7.545649707439804343e-01,-7.276973929901313642e-01,-8.172695588041043457e-01,-7.651376726029249786e-01,-7.751184659739892568e-01,-8.468305741956693167e-01,-6.925109820507844294e-01,-8.683039743769206398e-01,-8.688094402190507104e-01,-7.265600870787051191e-01,-8.507084173620859113e-01,-5.413288476869653199e-01,-3.808898861383421264e-01,-5.065563212832208118e-01,-2.642993161379159073e-01,-8.115656776625167490e-01,-5.300206993311401549e-01,6.300080883593363046e-01,-7.068789685479155427e-01,6.468701056945601602e-01,-6.964250869944091926e-01,-7.171319034744205734e-01
8.919019026350026857e-01,9.125362033086146241e-01,7.581999477094742979e-01,-7.721174168536485416e-01,1.000000000000000000e+00,5.163344469506470080e-01,-7.371222415323090971e-01,-1.271430528910132418e-01,7.542895361838384272e-01,8.609084388431942347e-01,-6.678166651207141369e-01,9.154363036608834658e-01,-2.451736884459091714e-01,8.626925701840979510e-01,8.465938344927351755e-01,8.525632639582199079e-01,9.192432332837793818e-02,8.889999418369435302e-01,9.172469456025714729e-01,8.331526894927782090e-01,7.480892212208298808e-01,7.708763245168026579e-01,8.065287201970913200e-01,6.110796045703438262e-01,8.088460165270997537e-01,8.800104050296945202e-01,8.406812515697519306e-01,7.710048544419244587e-01,4.550148671783301180e-01,6.235184228624413016e-01,5.532203050417942025e-01,2.073555468515840827e-01,8.774890376916762991e-01,7.533902053285973510e-01,-6.609191962062438419e-01,8.250950230855927936e-01,-6.334450379040488244e-01,8.414427882822578253e-01,9.078701472481432999e-01
6.643216716523133725e-01,4.929323007501177911e-01,7.644902445963707160e-01,-6.139208257915944600e-01,5.163344469506470080e-01,1.000000000000000000e+00,-3.514260145689060422e-01,3.635078374079614427e-01,2.113261186420494764e-01,7.415942408252780282e-01,-6.860646999476870400e-01,5.832181468658934609e-01,-2.087420736942563471e-01,4.482316807278570736e-01,5.122662299641136396e-01,7.443854988281335405e-01,-4.104939925976853338e-02,4.491990124209320756e-01,3.992958580969921401e-01,5.791498796382282821e-01,5.615608962907767676e-01,7.665875373415796945e-01,7.097599009364873313e-01,4.025470636970858163e-01,7.962535866609892210e-01,6.180236408055937991e-01,5.829447229709860956e-01,6.953907411009022654e-01,5.151680629165477088e-01,6.816421278042426868e-02,7.791623396202315144e-01,5.358236420656254939e-01,6.299683307487222717e-01,1.928008134138345098e-01,-4.811943477871535868e-01,4.301460902661998764e-01,-4.770047414681850007e-01,3.588084116641735433e-01,4.581697162386763611e-01
-6.513560092076561281e-01,-6.888337444209338134e-01,-5.120959235331055126e-01,6.578434758459668075e-01,-7.371222415323090971e-01,-3.514260145689060422e-01,1.000000000000000000e+00,1.927334378709378016e-01,-6.719138701768967437e-01,-6.201405099257089049e-01,5.014912719891987392e-01,-7.247207682780275606e-01,2.287615778390831023e-01,-6.186424016673930382e-01,-6.392583979708494901e-01,-6.346288025617992101e-01,2.060892143431766396e-02,-6.965170770094819552e-01,-6.926576039511841421e-01,-5.463957326644529600e-01,-4.600058061997128189e-01,-4.815970927028843107e-01,-5.603524792837232260e-01,-4.471173363497428221e-01,-5.539160269556345773e-01,-6.096952752256341590e-01,-5.881830454458255586e-01,-4.752019190437561935e-01,-2.316946595791441466e-01,-5.438744929588364974e-01,-3.787688150829987555e-01,-5.780401623981368947e-02,-6.003131166220058157e-01,-6.799777443625285578e-01,4.676615690264794845e-01,-6.325456117465674266e-01,4.783084821675490650e-01,-7.693555466954900002e-01,-7.713111529039925474e-01
-6.656469132085819640e-02,-1.601220254106049679e-01,3.668580379507000999e-01,9.153111949160797067e-02,-1.271430528910132418e-01,3.635078374079614427e-01,1.927334378709378016e-01,1.000000000000000000e+00,-3.211746420428794879e-01,1.426824586335540598e-03,-2.417684503030021193e-01,-1.209544753675397405e-01,-4.884576177259791763e-01,-2.543556372165067248e-01,-2.421448682222628046e-01,5.798258977697599154e-02,-2.147728014879106972e-01,-2.161336965506824026e-01,-3.345995523166408470e-01,-9.028713583743179505e-02,1.115658056757068139e-01,2.162994550681364980e-01,-5.229627865758915660e-03,6.157401826418550106e-02,1.066134945620690611e-01,-8.780673938122428301e-02,5.566264296243687154e-02,9.463785612207771536e-02,6.509592318843601677e-02,-4.023062933663402729e-01,4.769406291875093462e-01,1.266819247593981845e-01,6.490931836497751406e-02,-4.312135819948711979e-01,-1.165365902382068941e-01,-3.291851706444846037e-01,-7.663248328707428225e-02,-2.645719127305803386e-01,-1.138981189003876598e-01
6.417205287013606485e-01,7.147912078048457296e-01,4.357282034548405902e-01,-5.731669445755032122e-01,7.542895361838384272e-01,2.113261186420494764e-01,-6.719138701768967437e-01,-3.211746420428794879e-01,1.000000000000000000e+00,6.174238815137348402e-01,-3.901374588134485788e-01,7.254084456947141879e-01,-1.227369465448840680e-01,6.180399389927530018e-01,6.837365179973957652e-01,6.286546557690183556e-01,1.173989916160456115e-01,7.377742002779572594e-01,7.710699887168914746e-01,5.506127477843930640e-01,4.833454878644938280e-01,4.194600432871439244e-01,5.503734439728509287e-01,3.415057381069474540e-01,5.166704104229675742e-01,5.741186757463833112e-01,5.146617143292889773e-01,4.463612350782026894e-01,2.204857466173620051e-01,8.092213282274083319e-01,2.133244485944339464e-01,-2.373945547917265600e-02,6.276397075151888272e-01,8.793332830301535674e-01,-5.325416284763200281e-01,7.663912566560171502e-01,-5.274751191188752353e-01,8.563356419631268368e-01,8.346507535731381155e-01
9.346205294561670263e-01,8.941217747402082638e-01,8.542846706986871874e-01,-8.863079722803817173e-01,8.609084388431942347e-01,7.415942408252780282e-01,-6.201405099257089049e-01,1.426824586335540598e-03,6.174238815137348402e-01,1.000000000000000000e+00,-7.725859302186960376e-01,9.306428897554036572e-01,-1.920724018012943124e-01,8.619253275793969937e-01,8.770090612623249182e-01,9.599152927079861453e-01,1.194620111835990317e-01,8.092730279466465726e-01,8.049767704610526486e-01,8.941624816617000926e-01,8.180924707522202466e-01,8.938718114303143558e-01,9.434652426036919115e-01,6.960737616697429964e-01,9.584790960482212352e-01,9.296334053982260315e-01,8.396128440424754924e-01,9.070602346221974255e-01,6.222802298840021118e-01,3.996706839172864401e-01,6.601963614478834064e-01,4.143902659843945457e-01,9.109671848576329500e-01,5.654388121995431726e-01,-6.609615804572925857e-01,7.699316229670840617e-01,-6.735483932939781981e-01,7.122626478257906291e-01,7.954561809875263512e-01
-7.642521356558127366e-01,-7.339879238588146171e-01,-7.664208852368119551e-01,7.262884507676631296e-01,-6.678166651207141369e-01,-6.860646999476870400e-01,5.014912719891987392e-01,-2.417684503030021193e-01,-3.901374588134485788e-01,-7.725859302186960376e-01,1.000000000000000000e+00,-7.245562916753011118e-01,3.552384922935676315e-01,-6.273895436238076107e-01,-6.242843179939550069e-01,-7.988429823186166123e-01,3.462321684228652496e-01,-5.566730641867563278e-01,-5.218666062816120776e-01,-6.673311041426578383e-01,-7.189623454277339620e-01,-7.533793929367743614e-01,-7.071308801306988023e-01,-5.739063452709389779e-01,-7.772359908015589181e-01,-7.399659636089758186e-01,-7.190179772754869969e-01,-7.273066328950119619e-01,-2.174272270866632606e-01,-2.395569287454730467e-01,-5.962838775021539472e-01,-8.138649605881949356e-02,-7.242598166204924359e-01,-3.381771714652778149e-01,6.573973070701665256e-01,-5.349658763114067961e-01,7.714356708110986505e-01,-5.559803590793918060e-01,-6.396684413894969667e-01
9.172339683914728647e-01,9.363361574306311441e-01,8.077019466698229788e-01,-8.622319380078201645e-01,9.154363036608834658e-01,5.832181468658934609e-01,-7.247207682780275606e-01,-1.209544753675397405e-01,7.254084456947141879e-01,9.306428897554036572e-01,-7.245562916753011118e-01,1.000000000000000000e+00,-2.109485339460688280e-01,8.968309841020637441e-01,9.130449975050181077e-01,9.163513549542808834e-01,1.218783271006437935e-01,8.685603538102070198e-01,8.759579202406286846e-01,8.886780852144772203e-01,8.129497044595872524e-01,8.280983495675325878e-01,8.946154599297450050e-01,6.941952682067932257e-01,8.840341255760051364e-01,9.129678940537725440e-01,8.523360364927257127e-01,8.427642827859072039e-01,5.331346332168532820e-01,5.005843243051907310e-01,5.772148012739051204e-01,2.722290973926054236e-01,9.139017388392078889e-01,6.828896157086644658e-01,-6.607398372175598000e-01,7.888498274431375856e-01,-7.001119643185494956e-01,7.878302706723616655e-01,8.591342568675043312e-01
-1.909068955568704595e-01,-1.910977299883818425e-01,-4.241223169153614525e-01,1.404894208824383761e-01,-2.451736884459091714e-01,-2.087420736942563471e-01,2.287615778390831023e-01,-4.884576177259791763e-01,-1.227369465448840680e-01,-1.920724018012943124e-01,3.552384922935676315e-01,-2.109485339460688280e-01,1.000000000000000000e+00,-3.734188045602535033e-02,-1.012431012685482135e-01,-2.428244933434753339e-01,1.644058696181978363e-01,-1.510395326384253445e-01,-7.853725842123454592e-02,-1.754968207647588652e-01,-3.739499336769967486e-01,-2.460380351472522265e-01,-1.583865015360868822e-01,-1.352066954604300153e-01,-2.081421156146276985e-01,-1.622038061665776465e-01,-2.782330186053986743e-01,-1.673616360095516731e-01,-4.104718837684113997e-02,-1.188588441657657119e-01,-3.980566081906121156e-01,8.787739866025956470e-02,-2.892603867228032977e-01,-7.562543367021072951e-03,3.978665177978831791e-01,-8.496788026567234087e-02,3.647445881486700570e-01,-1.383493611969782711e-01,-2.717758926055794944e-01
8.588334586211938682e-01,9.070617341248601306e-01,6.827773052719096070e-01,-8.173472606652664174e-01,8.626925701840979510e-01,4.482316807278570736e-01,-6.186424016673930382e-01,-2.543556372165067248e-01,6.180399389927530018e-01,8.619253275793969937e-01,-6.273895436238076107e-01,8.968309841020637441e-01,-3.734188045602535033e-02,1.000000000000000000e+00,8.482724790930012970e-01,8.200111542168176948e-01,2.092766751007862358e-01,8.187938236907340572e-01,8.601545531182887006e-01,8.572523860491002567e-01,7.558561234498608616e-01,7.614237546882575147e-01,8.471524512850580058e-01,7.441794377102592950e-01,8.153225679451358010e-01,9.238857717308154305e-01,8.471445354131016403e-01,8.269609843751027922e-01,5.838795696471651420e-01,4.484091396417339559e-01,4.725741408853840198e-01,2.662616920743013371e-01,8.488605591707042430e-01,6.145230567744972561e-01,-4.875704873687532470e-01,7.768992000215257931e-01,-5.221100227698082241e-01,7.113398242716815201e-01,7.790958105479526274e-01
8.933776339479121420e-01,8.745636870973682031e-01,7.305014185607638932e-01,-8.565503154887380566e-01,8.465938344927351755e-01,5.122662299641136396e-01,-6.392583979708494901e-01,-2.421448682222628046e-01,6.837365179973957652e-01,8.770090612623249182e-01,-6.242843179939550069e-01,9.130449975050181077e-01,-1.012431012685482135e-01,8.482724790930012970e-01,1.000000000000000000e+00,8.757636312765312292e-01,1.748125857526028892e-01,8.326948012544835853e-01,8.574655110040726447e-01,8.987779081182823981e-01,7.621553536112015692e-01,7.565288527648761363e-01,8.595113972131346314e-01,6.697166405778577358e-01,8.396962832774363950e-01,8.631553531661573242e-01,7.255591032688987196e-01,8.048644051674235245e-01,5.359617764518266325e-01,5.060055976445942960e-01,4.612650466321264187e-01,2.963510754702065597e-01,8.380535668785559222e-01,6.594092195463733264e-01,-6.309794807182705911e-01,7.649935103765269639e-01,-6.401453239270281648e-01,7.658751485049150043e-01,7.428667621226376916e-01
9.396239672798178955e-01,8.884371039087627375e-01,8.715343825656372001e-01,-8.935211653954527877e-01,8.525632639582199079e-01,7.443854988281335405e-01,-6.346288025617992101e-01,5.798258977697599154e-02,6.286546557690183556e-01,9.599152927079861453e-01,-7.988429823186166123e-01,9.163513549542808834e-01,-2.428244933434753339e-01,8.200111542168176948e-01,8.757636312765312292e-01,1.000000000000000000e+00,4.371182942754605477e-02,7.990850032632726974e-01,7.803212155977581332e-01,8.782137187677431234e-01,8.176298808299077292e-01,8.762110190064041904e-01,9.210017297570138872e-01,6.868059025171032728e-01,9.500637704604627531e-01,9.037969569898443023e-01,8.088596379769246170e-01,8.875500066512788111e-01,5.612219102975370966e-01,4.301674097520872819e-01,6.584602280309095335e-01,3.557624013020604381e-01,8.982235927852606494e-01,5.564784430240085067e-01,-7.130904166823683887e-01,7.532806964522814619e-01,-7.146102789024582069e-01,7.408626382137074584e-01,7.967599735288992679e-01
3.434061935870236920e-02,2.700759148616848140e-02,7.926515171315898223e-02,-3.435114524632187222e-02,9.192432332837793818e-02,-4.104939925976853338e-02,2.060892143431766396e-02,-2.147728014879106972e-01,1.173989916160456115e-01,1.194620111835990317e-01,3.462321684228652496e-01,1.218783271006437935e-01,1.644058696181978363e-01,2.092766751007862358e-01,1.748125857526028892e-01,4.371182942754605477e-02,1.000000000000000000e+00,2.075702527967922262e-01,2.109228271662859644e-01,2.085612326348015022e-01,9.535315689055572086e-02,1.272045903901258268e-01,2.772785872555034170e-01,1.309282492706534962e-01,1.303563423216973771e-01,1.460225270699794520e-01,1.702058966682322427e-01,2.014004555059624446e-01,6.102752251610904510e-01,1.816398532127176668e-02,1.530470239750936490e-01,6.294926623821567313e-01,2.007445839913127861e-01,9.576308113375638087e-02,1.542151538563979185e-01,1.675189768476724739e-01,2.965080136544874789e-01,-6.790607633553226441e-02,3.465585756184701854e-02
8.465903607148177468e-01,8.627785453046438180e-01,6.674956902307180862e-01,-7.545649707439804343e-01,8.889999418369435302e-01,4.491990124209320756e-01,-6.965170770094819552e-01,-2.161336965506824026e-01,7.377742002779572594e-01,8.092730279466465726e-01,-5.566730641867563278e-01,8.685603538102070198e-01,-1.510395326384253445e-01,8.187938236907340572e-01,8.326948012544835853e-01,7.990850032632726974e-01,2.075702527967922262e-01,1.000000000000000000e+00,9.174663861488968619e-01,8.131124884637093153e-01,6.926402311890480501e-01,7.186006057420476489e-01,7.869627965985497298e-01,5.601103134379278314e-01,7.599225556663161685e-01,8.212268485366361892e-01,7.229232944351877688e-01,7.230473959756300584e-01,4.728739030579480196e-01,5.703561353531616529e-01,4.475836313873001182e-01,2.424273016499362277e-01,8.180479797728789082e-01,7.335251326307790087e-01,-6.578174885029924868e-01,7.697957304588571859e-01,-6.119871947551476232e-01,7.564785437256428269e-01,8.198213660084466836e-01
8.363691707526790253e-01,8.713037403821914939e-01,6.183384859337507367e-01,-7.276973929901313642e-01,9.172469456025714729e-01,3.992958580969921401e-01,-6.926576039511841421e-01,-3.345995523166408470e-01,7.710699887168914746e-01,8.049767704610526486e-01,-5.218666062816120776e-01,8.759579202406286846e-01,-7.853725842123454592e-02,8.601545531182887006e-01,8.574655110040726447e-01,7.803212155977581332e-01,2.109228271662859644e-01,9.174663861488968619e-01,1.000000000000000000e+00,8.343766286396050447e-01,6.583769819430042025e-01,6.767101219264973766e-01,7.740669744112300688e-01,5.489789716656796603e-01,7.381853434728176122e-01,8.380168675299434211e-01,7.425049967341997847e-01,7.047567879650352696e-01,4.537200831644275234e-01,6.606303951908855110e-01,3.931119659540757150e-01,2.355602359890594799e-01,8.077596609759841728e-01,7.913282227056256390e-01,-5.982592739348578936e-01,8.423774131630830109e-01,-5.523318280207012432e-01,8.160414018654851276e-01,8.282404322210584757e-01
8.804595850311647265e-01,8.636903663435223644e-01,7.981145756079033315e-01,-8.172695588041043457e-01,8.331526894927782090e-01,5.791498796382282821e-01,-5.463957326644529600e-01,-9.028713583743179505e-02,5.506127477843930640e-01,8.941624816617000926e-01,-6.673311041426578383e-01,8.886780852144772203e-01,-1.754968207647588652e-01,8.572523860491002567e-01,8.987779081182823981e-01,8.782137187677431234e-01,2.085612326348015022e-01,8.131124884637093153e-01,8.343766286396050447e-01,1.000000000000000000e+00,8.132088172958314987e-01,8.343279271513982520e-01,8.882922100003797228e-01,6.745494300239108787e-01,8.775252423207112740e-01,9.107572283178164696e-01,7.922498293209020437e-01,8.789505042345788777e-01,5.840191839069056590e-01,3.922871555439076952e-01,5.654306735429116548e-01,3.829887987705270502e-01,8.718933685976071324e-01,5.088479587809973115e-01,-6.435613575939960196e-01,7.489513330462018725e-01,-6.406678624882344852e-01,6.385646504471219620e-01,6.861180015791635833e-01
8.185590959295955260e-01,8.060612408957376074e-01,8.429487331152958340e-01,-7.651376726029249786e-01,7.480892212208298808e-01,5.615608962907767676e-01,-4.600058061997128189e-01,1.115658056757068139e-01,4.833454878644938280e-01,8.180924707522202466e-01,-7.189623454277339620e-01,8.129497044595872524e-01,-3.739499336769967486e-01,7.558561234498608616e-01,7.621553536112015692e-01,8.176298808299077292e-01,9.535315689055572086e-02,6.926402311890480501e-01,6.583769819430042025e-01,8.132088172958314987e-01,1.000000000000000000e+00,7.990425906295309799e-01,7.992186908926510736e-01,6.578901064539789401e-01,8.116150763026253045e-01,8.362127566045471916e-01,8.036042926908177897e-01,8.409290321998088569e-01,5.083348010825359253e-01,2.860403422123761752e-01,6.488966850354802585e-01,2.118761375616488585e-01,8.639267825064341766e-01,3.829987150463461942e-01,-6.410539538121068359e-01,6.013839647962210266e-01,-6.932428201696705372e-01,5.245377889110072189e-01,6.602207980436493040e-01
8.549545593937131205e-01,7.716047737172536669e-01,8.937837350313142526e-01,-7.751184659739892568e-01,7.708763245168026579e-01,7.665875373415796945e-01,-4.815970927028843107e-01,2.162994550681364980e-01,4.194600432871439244e-01,8.938718114303143558e-01,-7.533793929367743614e-01,8.280983495675325878e-01,-2.460380351472522265e-01,7.614237546882575147e-01,7.565288527648761363e-01,8.762110190064041904e-01,1.272045903901258268e-01,7.186006057420476489e-01,6.767101219264973766e-01,8.343279271513982520e-01,7.990425906295309799e-01,1.000000000000000000e+00,8.835309821015983056e-01,7.199143974623225528e-01,9.175211609424965831e-01,8.649215978407858163e-01,8.377817121738090345e-01,8.972622449088764052e-01,6.287855203990416753e-01,1.825272913603347702e-01,7.810291663583921462e-01,4.778119844864753274e-01,8.910358133763844890e-01,3.868189519938056709e-01,-6.023022618863117517e-01,5.884614978524289608e-01,-6.138939186118340663e-01,5.196528173933252504e-01,6.600399585456329099e-01
8.920924903369119585e-01,8.430137521704280656e-01,8.330364529866880474e-01,-8.468305741956693167e-01,8.065287201970913200e-01,7.097599009364873313e-01,-5.603524792837232260e-01,-5.229627865758915660e-03,5.503734439728509287e-01,9.434652426036919115e-01,-7.071308801306988023e-01,8.946154599297450050e-01,-1.583865015360868822e-01,8.471524512850580058e-01,8.595113972131346314e-01,9.210017297570138872e-01,2.772785872555034170e-01,7.869627965985497298e-01,7.740669744112300688e-01,8.882922100003797228e-01,7.992186908926510736e-01,8.835309821015983056e-01,1.000000000000000000e+00,7.018401341687287021e-01,9.431323244387264104e-01,9.014908283243779907e-01,8.360501209386927979e-01,9.049207268587140529e-01,6.893140256810882383e-01,3.313546892337349559e-01,6.589663143382605837e-01,5.363956942883048029e-01,8.943397523301985785e-01,5.150843184361858507e-01,-6.134307520513324619e-01,7.373964238209256283e-01,-6.050752425547221147e-01,6.316690795833650451e-01,7.250531882968634934e-01
6.925699191413231537e-01,6.799294943083175058e-01,6.772572724785169695e-01,-6.925109820507844294e-01,6.110796045703438262e-01,4.025470636970858163e-01,-4.471173363497428221e-01,6.157401826418550106e-02,3.415057381069474540e-01,6.960737616697429964e-01,-5.739063452709389779e-01,6.941952682067932257e-01,-1.352066954604300153e-01,7.441794377102592950e-01,6.697166405778577358e-01,6.868059025171032728e-01,1.309282492706534962e-01,5.601103134379278314e-01,5.489789716656796603e-01,6.745494300239108787e-01,6.578901064539789401e-01,7.199143974623225528e-01,7.018401341687287021e-01,1.000000000000000000e+00,7.212727132541238984e-01,7.302455060561995337e-01,6.733290235560274173e-01,7.309939000383860463e-01,5.799855207273255653e-01,1.424252117718632360e-01,5.456801728008067176e-01,2.852359094603607037e-01,7.123403180466600926e-01,3.103015011499162812e-01,-3.641012536894421836e-01,4.263915548033845870e-01,-4.061726137143835680e-01,4.533314084967042246e-01,5.067328853019974488e-01
9.143570093038163593e-01,8.423912045778646496e-01,8.848062260377612676e-01,-8.683039743769206398e-01,8.088460165270997537e-01,7.962535866609892210e-01,-5.539160269556345773e-01,1.066134945620690611e-01,5.166704104229675742e-01,9.584790960482212352e-01,-7.772359908015589181e-01,8.840341255760051364e-01,-2.081421156146276985e-01,8.153225679451358010e-01,8.396962832774363950e-01,9.500637704604627531e-01,1.303563423216973771e-01,7.599225556663161685e-01,7.381853434728176122e-01,8.775252423207112740e-01,8.116150763026253045e-01,9.175211609424965831e-01,9.431323244387264104e-01,7.212727132541238984e-01,1.000000000000000000e+00,9.090013923140597418e-01,8.213120619806939526e-01,9.213371180176294084e-01,6.613290098324261512e-01,3.009104820874985431e-01,7.167965208209745587e-01,4.849917020125574796e-01,8.987225290663367616e-01,4.679612253076442796e-01,-6.441665259760580575e-01,6.977909476022107205e-01,-6.422085568263324884e-01,6.355633004619748450e-01,7.237358404378099186e-01
9.244610049181621880e-01,9.147788334778039765e-01,8.120235997758123991e-01,-8.688094402190507104e-01,8.800104050296945202e-01,6.180236408055937991e-01,-6.096952752256341590e-01,-8.780673938122428301e-02,5.741186757463833112e-01,9.296334053982260315e-01,-7.399659636089758186e-01,9.129678940537725440e-01,-1.622038061665776465e-01,9.238857717308154305e-01,8.631553531661573242e-01,9.037969569898443023e-01,1.460225270699794520e-01,8.212268485366361892e-01,8.380168675299434211e-01,9.107572283178164696e-01,8.362127566045471916e-01,8.649215978407858163e-01,9.014908283243779907e-01,7.302455060561995337e-01,9.090013923140597418e-01,1.000000000000000000e+00,8.822265169540826069e-01,9.203978259652746408e-01,6.051991857009096920e-01,3.915014147309553438e-01,6.115907982958058708e-01,3.328314581653571413e-01,9.150694823371223752e-01,5.349819865263483187e-01,-6.088923551782199350e-01,7.692420010051508328e-01,-6.283379147347041283e-01,6.910247805620026718e-01,7.767662812038895748e-01
8.079335814968500173e-01,8.239945724327314425e-01,8.223588941867643332e-01,-7.265600870787051191e-01,8.406812515697519306e-01,5.829447229709860956e-01,-5.881830454458255586e-01,5.566264296243687154e-02,5.146617143292889773e-01,8.396128440424754924e-01,-7.190179772754869969e-01,8.523360364927257127e-01,-2.782330186053986743e-01,8.471445354131016403e-01,7.255591032688987196e-01,8.088596379769246170e-01,1.702058966682322427e-01,7.229232944351877688e-01,7.425049967341997847e-01,7.922498293209020437e-01,8.036042926908177897e-01,8.377817121738090345e-01,8.360501209386927979e-01,6.733290235560274173e-01,8.213120619806939526e-01,8.822265169540826069e-01,1.000000000000000000e+00,8.402871240351416082e-01,5.413879371151489872e-01,3.289104367707594290e-01,7.162369250866226222e-01,3.257175220922990944e-01,8.950102742233634334e-01,4.875614206718688615e-01,-5.053954442441339623e-01,6.713821653544340684e-01,-5.678023645450145374e-01,6.036290024077189953e-01,7.708917623815496611e-01
8.698144935671057176e-01,8.181689098895383871e-01,8.687174350779406362e-01,-8.507084173620859113e-01,7.710048544419244587e-01,6.953907411009022654e-01,-4.752019190437561935e-01,9.463785612207771536e-02,4.463612350782026894e-01,9.070602346221974255e-01,-7.273066328950119619e-01,8.427642827859072039e-01,-1.673616360095516731e-01,8.269609843751027922e-01,8.048644051674235245e-01,8.875500066512788111e-01,2.014004555059624446e-01,7.230473959756300584e-01,7.047567879650352696e-01,8.789505042345788777e-01,8.409290321998088569e-01,8.972622449088764052e-01,9.049207268587140529e-01,7.309939000383860463e-01,9.213371180176294084e-01,9.203978259652746408e-01,8.402871240351416082e-01,1.000000000000000000e+00,6.799426458780273297e-01,2.282577889770478485e-01,7.056260868300079370e-01,4.572002327110863407e-01,8.991003737314600119e-01,3.794657441833819145e-01,-5.961557642904398158e-01,6.457891380077085408e-01,-5.977514399290921876e-01,5.389657305447135283e-01,6.555298969970890788e-01
5.315484500416279845e-01,4.465224095909138269e-01,5.652080568825145201e-01,-5.413288476869653199e-01,4.550148671783301180e-01,5.151680629165477088e-01,-2.316946595791441466e-01,6.509592318843601677e-02,2.204857466173620051e-01,6.222802298840021118e-01,-2.174272270866632606e-01,5.331346332168532820e-01,-4.104718837684113997e-02,5.838795696471651420e-01,5.359617764518266325e-01,5.612219102975370966e-01,6.102752251610904510e-01,4.728739030579480196e-01,4.537200831644275234e-01,5.840191839069056590e-01,5.083348010825359253e-01,6.287855203990416753e-01,6.893140256810882383e-01,5.799855207273255653e-01,6.613290098324261512e-01,6.051991857009096920e-01,5.413879371151489872e-01,6.799426458780273297e-01,1.000000000000000000e+00,5.343200875629280922e-02,5.694532056714759483e-01,7.362217819159354582e-01,5.933584462970706852e-01,2.003233246452400806e-01,-1.274584741420217437e-01,4.131962175560337514e-01,-9.707744220284787728e-03,2.310177839313281856e-01,3.450239008167749755e-01
4.764199258053029018e-01,5.188210441687821639e-01,2.184246041846295283e-01,-3.808898861383421264e-01,6.235184228624413016e-01,6.816421278042426868e-02,-5.438744929588364974e-01,-4.023062933663402729e-01,8.092213282274083319e-01,3.996706839172864401e-01,-2.395569287454730467e-01,5.005843243051907310e-01,-1.188588441657657119e-01,4.484091396417339559e-01,5.060055976445942960e-01,4.301674097520872819e-01,1.816398532127176668e-02,5.703561353531616529e-01,6.606303951908855110e-01,3.922871555439076952e-01,2.860403422123761752e-01,1.825272913603347702e-01,3.313546892337349559e-01,1.424252117718632360e-01,3.009104820874985431e-01,3.915014147309553438e-01,3.289104367707594290e-01,2.282577889770478485e-01,5.343200875629280922e-02,1.000000000000000000e+00,5.862348628068732997e-02,-1.091548191635035164e-01,3.884394372792243644e-01,7.931682460977885762e-01,-4.122388576410392358e-01,7.521097963066757375e-01,-3.139485402162481287e-01,7.669979287677261004e-01,6.722705878516287425e-01
5.875211116160199420e-01,4.621776416814323829e-01,8.517806296724642623e-01,-5.065563212832208118e-01,5.532203050417942025e-01,7.791623396202315144e-01,-3.787688150829987555e-01,4.769406291875093462e-01,2.133244485944339464e-01,6.601963614478834064e-01,-5.962838775021539472e-01,5.772148012739051204e-01,-3.980566081906121156e-01,4.725741408853840198e-01,4.612650466321264187e-01,6.584602280309095335e-01,1.530470239750936490e-01,4.475836313873001182e-01,3.931119659540757150e-01,5.654306735429116548e-01,6.488966850354802585e-01,7.810291663583921462e-01,6.589663143382605837e-01,5.456801728008067176e-01,7.167965208209745587e-01,6.115907982958058708e-01,7.162369250866226222e-01,7.056260868300079370e-01,5.694532056714759483e-01,5.862348628068732997e-02,1.000000000000000000e+00,5.001681633889252243e-01,7.153343804004654860e-01,1.569834033109605009e-01,-3.756258353564663754e-01,3.496936581497724905e-01,-3.876522470587033253e-01,2.778284793775394612e-01,4.729159292933524106e-01
2.918720593679900999e-01,1.330277470440437704e-01,3.853531936841974592e-01,-2.642993161379159073e-01,2.073555468515840827e-01,5.358236420656254939e-01,-5.780401623981368947e-02,1.266819247593981845e-01,-2.373945547917265600e-02,4.143902659843945457e-01,-8.138649605881949356e-02,2.722290973926054236e-01,8.787739866025956470e-02,2.662616920743013371e-01,2.963510754702065597e-01,3.557624013020604381e-01,6.294926623821567313e-01,2.424273016499362277e-01,2.355602359890594799e-01,3.829887987705270502e-01,2.118761375616488585e-01,4.778119844864753274e-01,5.363956942883048029e-01,2.852359094603607037e-01,4.849917020125574796e-01,3.328314581653571413e-01,3.257175220922990944e-01,4.572002327110863407e-01,7.362217819159354582e-01,-1.091548191635035164e-01,5.001681633889252243e-01,1.000000000000000000e+00,3.462301665193803779e-01,2.895083513552331247e-02,-4.944369271120076931e-02,2.388324294180770024e-01,1.110077474647647860e-01,-6.408382379104305901e-03,9.402240706858226715e-02
8.899345225133350468e-01,8.767643706423283723e-01,8.938462944429814705e-01,-8.115656776625167490e-01,8.774890376916762991e-01,6.299683307487222717e-01,-6.003131166220058157e-01,6.490931836497751406e-02,6.276397075151888272e-01,9.109671848576329500e-01,-7.242598166204924359e-01,9.139017388392078889e-01,-2.892603867228032977e-01,8.488605591707042430e-01,8.380535668785559222e-01,8.982235927852606494e-01,2.007445839913127861e-01,8.180479797728789082e-01,8.077596609759841728e-01,8.718933685976071324e-01,8.639267825064341766e-01,8.910358133763844890e-01,8.943397523301985785e-01,7.123403180466600926e-01,8.987225290663367616e-01,9.150694823371223752e-01,8.950102742233634334e-01,8.991003737314600119e-01,5.933584462970706852e-01,3.884394372792243644e-01,7.153343804004654860e-01,3.462301665193803779e-01,1.000000000000000000e+00,5.529937651515670627e-01,-6.728862371638327788e-01,7.081128483932465079e-01,-6.741269287578258718e-01,6.745411387624988819e-01,8.059143769935145363e-01
6.097632318105505878e-01,6.698229322872617519e-01,3.385744969383902014e-01,-5.300206993311401549e-01,7.533902053285973510e-01,1.928008134138345098e-01,-6.799777443625285578e-01,-4.312135819948711979e-01,8.793332830301535674e-01,5.654388121995431726e-01,-3.381771714652778149e-01,6.828896157086644658e-01,-7.562543367021072951e-03,6.145230567744972561e-01,6.594092195463733264e-01,5.564784430240085067e-01,9.576308113375638087e-02,7.335251326307790087e-01,7.913282227056256390e-01,5.088479587809973115e-01,3.829987150463461942e-01,3.868189519938056709e-01,5.150843184361858507e-01,3.103015011499162812e-01,4.679612253076442796e-01,5.349819865263483187e-01,4.875614206718688615e-01,3.794657441833819145e-01,2.003233246452400806e-01,7.931682460977885762e-01,1.569834033109605009e-01,2.895083513552331247e-02,5.529937651515670627e-01,1.000000000000000000e+00,-4.393562832642745053e-01,7.541214610564666021e-01,-4.244854360782464031e-01,8.237227655689772776e-01,7.940031249850146855e-01
-7.086789803824762313e-01,-6.852349836643242265e-01,-6.592294081580060139e-01,6.300080883593363046e-01,-6.609191962062438419e-01,-4.811943477871535868e-01,4.676615690264794845e-01,-1.165365902382068941e-01,-5.325416284763200281e-01,-6.609615804572925857e-01,6.573973070701665256e-01,-6.607398372175598000e-01,3.978665177978831791e-01,-4.875704873687532470e-01,-6.309794807182705911e-01,-7.130904166823683887e-01,1.542151538563979185e-01,-6.578174885029924868e-01,-5.982592739348578936e-01,-6.435613575939960196e-01,-6.410539538121068359e-01,-6.023022618863117517e-01,-6.134307520513324619e-01,-3.641012536894421836e-01,-6.441665259760580575e-01,-6.088923551782199350e-01,-5.053954442441339623e-01,-5.961557642904398158e-01,-1.274584741420217437e-01,-4.122388576410392358e-01,-3.756258353564663754e-01,-4.944369271120076931e-02,-6.728862371638327788e-01,-4.393562832642745053e-01,1.000000000000000000e+00,-5.454428249128799866e-01,8.158107915904427854e-01,-5.959154320740152055e-01,-6.337377793167489060e-01
7.856136426723522304e-01,7.953166477056184958e-01,5.425360482122076888e-01,-7.068789685479155427e-01,8.250950230855927936e-01,4.301460902661998764e-01,-6.325456117465674266e-01,-3.291851706444846037e-01,7.663912566560171502e-01,7.699316229670840617e-01,-5.349658763114067961e-01,7.888498274431375856e-01,-8.496788026567234087e-02,7.768992000215257931e-01,7.649935103765269639e-01,7.532806964522814619e-01,1.675189768476724739e-01,7.697957304588571859e-01,8.423774131630830109e-01,7.489513330462018725e-01,6.013839647962210266e-01,5.884614978524289608e-01,7.373964238209256283e-01,4.263915548033845870e-01,6.977909476022107205e-01,7.692420010051508328e-01,6.713821653544340684e-01,6.457891380077085408e-01,4.131962175560337514e-01,7.521097963066757375e-01,3.496936581497724905e-01,2.388324294180770024e-01,7.081128483932465079e-01,7.541214610564666021e-01,-5.454428249128799866e-01,1.000000000000000000e+00,-4.893944768531268696e-01,7.927326760348312185e-01,7.938404841579302929e-01
-6.976515008224348779e-01,-7.140333893122146058e-01,-6.598372742603477725e-01,6.468701056945601602e-01,-6.334450379040488244e-01,-4.770047414681850007e-01,4.783084821675490650e-01,-7.663248328707428225e-02,-5.274751191188752353e-01,-6.735483932939781981e-01,7.714356708110986505e-01,-7.001119643185494956e-01,3.647445881486700570e-01,-5.221100227698082241e-01,-6.401453239270281648e-01,-7.146102789024582069e-01,2.965080136544874789e-01,-6.119871947551476232e-01,-5.523318280207012432e-01,-6.406678624882344852e-01,-6.932428201696705372e-01,-6.138939186118340663e-01,-6.050752425547221147e-01,-4.061726137143835680e-01,-6.422085568263324884e-01,-6.283379147347041283e-01,-5.678023645450145374e-01,-5.977514399290921876e-01,-9.707744220284787728e-03,-3.139485402162481287e-01,-3.876522470587033253e-01,1.110077474647647860e-01,-6.741269287578258718e-01,-4.244854360782464031e-01,8.158107915904427854e-01,-4.893944768531268696e-01,1.000000000000000000e+00,-5.694164009761417677e-01,-6.261724361128914174e-01
7.735312100187533568e-01,8.096726747657778667e-01,5.351343550259874959e-01,-6.964250869944091926e-01,8.414427882822578253e-01,3.588084116641735433e-01,-7.693555466954900002e-01,-2.645719127305803386e-01,8.563356419631268368e-01,7.122626478257906291e-01,-5.559803590793918060e-01,7.878302706723616655e-01,-1.383493611969782711e-01,7.113398242716815201e-01,7.658751485049150043e-01,7.408626382137074584e-01,-6.790607633553226441e-02,7.564785437256428269e-01,8.160414018654851276e-01,6.385646504471219620e-01,5.245377889110072189e-01,5.196528173933252504e-01,6.316690795833650451e-01,4.533314084967042246e-01,6.355633004619748450e-01,6.910247805620026718e-01,6.036290024077189953e-01,5.389657305447135283e-01,2.310177839313281856e-01,7.669979287677261004e-01,2.778284793775394612e-01,-6.408382379104305901e-03,6.745411387624988819e-01,8.237227655689772776e-01,-5.959154320740152055e-01,7.927326760348312185e-01,-5.694164009761417677e-01,1.000000000000000000e+00,8.798892115140733994e-01
8.117449984631966986e-01,8.631334037318963981e-01,6.741009729194112898e-01,-7.171319034744205734e-01,9.078701472481432999e-01,4.581697162386763611e-01,-7.713111529039925474e-01,-1.138981189003876598e-01,8.346507535731381155e-01,7.954561809875263512e-01,-6.396684413894969667e-01,8.591342568675043312e-01,-2.717758926055794944e-01,7.790958105479526274e-01,7.428667621226376916e-01,7.967599735288992679e-01,3.465585756184701854e-02,8.198213660084466836e-01,8.282404322210584757e-01,6.861180015791635833e-01,6.602207980436493040e-01,6.600399585456329099e-01,7.250531882968634934e-01,5.067328853019974488e-01,7.237358404378099186e-01,7.767662812038895748e-01,7.708917623815496611e-01,6.555298969970890788e-01,3.450239008167749755e-01,6.722705878516287425e-01,4.729159292933524106e-01,9.402240706858226715e-02,8.059143769935145363e-01,7.940031249850146855e-01,-6.337377793167489060e-01,7.938404841579302929e-01,-6.261724361128914174e-01,8.798892115140733994e-01,1.000000000000000000e+00
