1.000000000000000000e+00,-5.077402291917771163e-04,3.974997676523108620e-02,-1.838122804371336017e-01,-3.106797616036363618e-02,-1.290120054910302849e-01,1.403943918062833529e-01,-1.057021037817955089e-01,-1.703664366930537355e-01,1.493755002005135724e-02,-1.525892160568730338e-01,-2.691460934270031302e-01,-2.361412005575155501e-02,1.092250811732836946e-01,9.069444430706147253e-02,1.280618220293208986e-01,-2.391614348082413966e-01,-2.817275945753736077e-01,-2.149114931383526439e-01,2.891997283391114504e-01,3.755086090417097955e-01,5.688871866103372907e-03,-7.366929122844306788e-02,-1.337748078756635928e-01,-9.444572375251068796e-02,3.143408030691718924e-01,-1.150199913239099703e-01,5.156879007768114809e-01,4.102316263730518830e-01,-1.637893566675482568e-02,9.266682487027169679e-02,-2.500083263477873713e-02,-1.611571117888342952e-01,-2.806014717705467287e-01,-1.465377582832946834e-01,-4.279403714310363663e-03,-8.360363289583895574e-02,5.724976126791107012e-01,-4.004253187188162172e-02
-5.077402291917771163e-04,1.000000000000000000e+00,5.229861358836078722e-01,-6.193395658177287127e-02,1.283589425806820616e-01,5.507347843796593923e-01,-4.049682071066169065e-01,-3.003983127287039867e-01,3.119851461954779581e-01,4.575884015089344281e-01,3.895977083911447147e-01,7.966603585371982987e-01,1.337113808239295126e-02,6.246281126965439467e-01,-2.471189198339024395e-01,5.612618031313735267e-01,6.158180272398162680e-01,4.548933243635571166e-01,3.014800438508272173e-01,-1.515878110802879319e-01,5.061735660288365635e-01,7.685065157524824109e-01,5.757886186461722566e-01,6.324075499753044616e-01,7.079473756561565079e-01,-6.483882271588375934e-01,6.092536932795007409e-01,-2.127376027978021278e-01,-4.548246242407376072e-01,7.152730130750882542e-02,4.907025474080411453e-01,5.990372130242388460e-01,7.880733617411599390e-01,3.915049835952295054e-01,6.817609365103607377e-01,-2.346380415548696419e-01,7.429555176937395755e-01,-1.403225801463201805e-01,6.808334894605684307e-01
3.974997676523108620e-02,5.229861358836078722e-01,1.000000000000000000e+00,2.508108907786705255e-01,5.841509667092987801e-01,2.760039391054032176e-01,1.771182584960118711e-01,-8.573296335411457747e-01,5.286155364714668625e-01,4.970533956537927511e-01,2.201055158814255730e-01,5.105767078161896899e-01,-9.121176365794074481e-02,4.619150175955553661e-01,6.251253362204060859e-02,3.852834413962211713e-01,3.526634648849072406e-01,5.721670958950267893e-01,5.424238057982262440e-01,2.381654767579772791e-01,2.833259979606377876e-01,5.565186832993810340e-01,2.805204883986833764e-01,2.011040663627732816e-01,4.203388436025365382e-01,-2.547829979464523165e-01,4.310199711063217864e-01,8.430088072489087814e-02,-3.214852871942101009e-01,3.452068117525552426e-01,3.755826917638094842e-01,2.925671668659619029e-01,4.295961680222177836e-01,6.086462954353170085e-01,2.980848271627145607e-01,2.306662123558634037e-01,3.721502457042649148e-01,3.476099340845793112e-02,5.654038557145916188e-01
-1.838122804371336017e-01,-6.193395658177287127e-02,2.508108907786705255e-01,1.000000000000000000e+00,3.107858687897055439e-01,2.098408510685957629e-02,4.574175861059298631e-01,-2.720181929637822682e-01,-3.215295390823860733e-02,7.341349464784858656e-03,1.132135439876567201e-01,1.321697018488188907e-02,-8.869691356577100172e-02,-1.966436433719359334e-01,1.858748386934129526e-01,-9.718301635633654068e-02,5.913002029667699389e-02,4.355388499207547559e-01,5.743995185035318807e-01,2.529368075843342334e-01,-1.560768427143637838e-01,6.936736837185844551e-02,-5.233073300346170742e-02,-1.179418737489380670e-01,-3.130668042292210611e-03,-3.671947152533727027e-03,1.134583332192181243e-01,-1.119637249968934156e-01,-8.095547271089539865e-02,1.204701373025147682e-01,-1.891530598238510552e-01,-5.489767127723006214e-03,1.235518876886899757e-02,2.519593600632240582e-01,4.539664495421395080e-02,1.115400495955053972e-01,3.197413231583771877e-04,-3.047377100522415394e-01,-1.057640841597381476e-01
-3.106797616036363618e-02,1.283589425806820616e-01,5.841509667092987801e-01,3.107858687897055439e-01,1.000000000000000000e+00,-1.010575704524240975e-01,3.873513086409552386e-01,-6.636980573011920237e-01,4.038901955751862949e-01,4.235392365036480533e-01,-7.155798008255721820e-02,1.811972593118263419e-01,-6.605900440543287233e-02,5.639985047998589962e-02,1.683221012438914643e-01,2.444558087407315006e-01,1.873807877902819094e-02,6.015253777059549334e-01,6.498782396914450921e-01,4.422242559789273803e-02,-5.762531478083730840e-02,1.448905560857840780e-01,-1.679812040371649051e-01,-2.396122361516969113e-01,-5.576860265692475810e-02,-7.785314588992699181e-02,-9.882234779915278350e-03,1.321536642736254041e-01,-3.981239872030542526e-01,4.067587985814833940e-01,1.021250581136534802e-01,-1.829120059652852848e-01,-3.868760009707663400e-02,7.484803043438010839e-01,-7.068264634961449189e-02,3.762986493379800734e-01,-6.748620899375225302e-02,7.622366829163681502e-03,2.848845242045830450e-01
-1.290120054910302849e-01,5.507347843796593923e-01,2.760039391054032176e-01,2.098408510685957629e-02,-1.010575704524240975e-01,1.000000000000000000e+00,-3.872899509961869602e-01,-7.262320193476382024e-02,1.185688793934558810e-01,1.073128481588390970e-02,3.754787049864313775e-01,5.259171123108310475e-01,7.869179748193708135e-02,3.392351346957012126e-01,-2.400333096943099986e-01,2.773928891219814563e-01,4.515903859500485784e-01,3.335778832705109664e-01,1.761828860794764917e-01,-9.914697514599446482e-02,4.990797785042703216e-01,6.259907361233747469e-01,7.708541774209273223e-01,7.873860423249733342e-01,7.431540029110904610e-01,-4.746833792276121122e-01,6.471957835822285121e-01,-2.939653067311582268e-01,-3.630157547367293680e-01,-5.647651331018779808e-02,1.561561539343335470e-01,3.706099483924573113e-01,6.295956628631782515e-01,1.352831515860819511e-01,7.126989496279326763e-01,-2.997697840208876641e-01,5.712338939561073525e-01,-2.692593038777796877e-01,3.381209880776143706e-01
1.403943918062833529e-01,-4.049682071066169065e-01,1.771182584960118711e-01,4.574175861059298631e-01,3.873513086409552386e-01,-3.872899509961869602e-01,1.000000000000000000e+00,-3.723625958445230255e-01,-3.626700094647313487e-03,2.772570996189843012e-02,-3.542374481639602446e-01,-4.631565471365252096e-01,-2.052998267731755977e-01,-2.010856019994526067e-01,3.954558212140055762e-01,-2.120289710721521281e-01,-4.378976614577566040e-01,1.038029091614106753e-01,2.896321038360551992e-01,3.670306976891783979e-01,-2.532345923157660050e-01,-3.593713096428494680e-01,-3.990530983690551703e-01,-4.489935807177223848e-01,-4.193986668382408967e-01,4.881673583174122033e-01,-2.885844222996323816e-01,2.676161380962678860e-01,2.814408784559422894e-01,1.624375730563830944e-01,-7.051924456266479846e-02,-4.046419927907498604e-01,-4.111686356200411896e-01,1.413284499531476390e-01,-3.822390072677617767e-01,3.566329009047917165e-01,-4.128467984848366856e-01,1.874305811130731469e-01,-2.251548635931587272e-01
-1.057021037817955089e-01,-3.003983127287039867e-01,-8.573296335411457747e-01,-2.720181929637822682e-01,-6.636980573011920237e-01,-7.262320193476382024e-02,-3.723625958445230255e-01,1.000000000000000000e+00,-5.301244415924281084e-01,-4.751048828098674570e-01,-6.349276170654079288e-02,-2.966144325475237875e-01,1.306016934646406780e-01,-3.263520301138970736e-01,-1.964093196650665840e-01,-2.956710666590852687e-01,-1.496749381737391138e-01,-4.927581705472185991e-01,-5.108228144117424874e-01,-3.021662067617571501e-01,-1.576616203870110366e-01,-3.518435218378347384e-01,-6.830375461582893770e-02,2.923257336187272404e-02,-1.910180909328880738e-01,4.221077743387684905e-02,-2.404836444193176326e-01,-2.220474573699081078e-01,1.900272008034963322e-01,-4.162172286349050121e-01,-2.987019590406892466e-01,-1.070477600462885481e-01,-1.880314927533628389e-01,-5.810450129325104296e-01,-6.036816917513287972e-02,-3.739943936691543791e-01,-1.381565262663679294e-01,-1.572098733939931992e-01,-4.439725081765845682e-01
-1.703664366930537355e-01,3.119851461954779581e-01,5.286155364714668625e-01,-3.215295390823860733e-02,4.038901955751862949e-01,1.185688793934558810e-01,-3.626700094647313487e-03,-5.301244415924281084e-01,1.000000000000000000e+00,4.860673455382200636e-01,1.140695996092712661e-01,4.227916480800397170e-01,1.164414306874052112e-02,2.789444738075200769e-01,4.256136359682798770e-02,3.056002692906651386e-01,2.080048093438930379e-01,3.732728919153039948e-01,2.305999526215971596e-01,-1.506152792457933209e-01,2.305991418267543721e-03,2.143117286549781342e-01,8.783786089472370162e-02,8.465144765823115480e-02,2.254429216955811388e-01,-2.493558586450246584e-01,1.355981556871206084e-01,-1.573032705862993930e-01,-3.642843770987043150e-01,4.707283826158258355e-01,2.136711861361349496e-01,8.238227697725404586e-02,1.928948377823148652e-01,5.497909026854400638e-01,9.209458841446553634e-02,4.591695122171715049e-01,1.678259396659278757e-01,3.511816908386496822e-02,5.422028358345166721e-01
1.493755002005135724e-02,4.575884015089344281e-01,4.970533956537927511e-01,7.341349464784858656e-03,4.235392365036480533e-01,1.073128481588390970e-02,2.772570996189843012e-02,-4.751048828098674570e-01,4.860673455382200636e-01,1.000000000000000000e+00,1.679122944257093464e-01,4.821044219345468340e-01,9.209180297708303292e-03,3.328951578880161022e-01,8.417398484119019419e-02,7.273797013545371115e-01,3.214308498644411483e-01,4.439867083666151348e-01,3.550210968063632344e-01,-1.395790070741562416e-01,2.054135965790231388e-01,3.617456126187940657e-01,4.466334526686295547e-02,9.708198088402760287e-03,2.509588209710071349e-01,-3.632021839523469908e-01,1.776683913098244527e-01,1.199169798769576974e-02,-3.566626642935979419e-01,2.844976870239034894e-01,3.627841117016482597e-01,2.190739815017125613e-01,2.445394105100857363e-01,4.482126719145869687e-01,1.923521155478405686e-01,2.017920493396958836e-01,2.906069026064953542e-01,1.225729797540941746e-01,5.821951211903499956e-01
-1.525892160568730338e-01,3.895977083911447147e-01,2.201055158814255730e-01,1.132135439876567201e-01,-7.155798008255721820e-02,3.754787049864313775e-01,-3.542374481639602446e-01,-6.349276170654079288e-02,1.140695996092712661e-01,1.679122944257093464e-01,1.000000000000000000e+00,4.187494385836236788e-01,1.357835318739821218e-01,1.947107209725794374e-01,-7.477481642105264503e-02,2.734426534059946623e-01,7.041307559362584012e-01,2.586639426015621690e-01,1.826110492187890399e-01,-3.440558201244185016e-02,2.743094118435646656e-01,4.273800505805011585e-01,6.018387579112516317e-01,3.799653549152294252e-01,6.320899823189344291e-01,-3.143909408991041321e-01,4.353323670993643479e-01,-1.817584078359465727e-01,-2.516423465315578145e-01,-2.021214533900760058e-02,8.592098166267295167e-02,3.376331727691752604e-01,4.283494884594050700e-01,9.997869630183509049e-02,4.306915389050993137e-01,-2.327845022714494505e-01,4.368421977334919770e-01,-2.597508679526600028e-01,2.132364683140192674e-01
-2.691460934270031302e-01,7.966603585371982987e-01,5.105767078161896899e-01,1.321697018488188907e-02,1.811972593118263419e-01,5.259171123108310475e-01,-4.631565471365252096e-01,-2.966144325475237875e-01,4.227916480800397170e-01,4.821044219345468340e-01,4.187494385836236788e-01,1.000000000000000000e+00,6.805974731429699498e-02,4.843097470293743489e-01,-2.412479898316286231e-01,5.170822294442368738e-01,6.685170240281994580e-01,5.183851448131818751e-01,3.710327649539732486e-01,-2.518264829404323057e-01,2.766954204085692037e-01,7.170706864745127751e-01,4.834453322027294497e-01,5.279346011910432956e-01,6.410481894625865706e-01,-7.739915017146428156e-01,5.651459669465216384e-01,-3.856106936783330053e-01,-5.886035547805600343e-01,1.249217801480551199e-01,3.801173311568205038e-01,5.822653109472547550e-01,7.115089144786017616e-01,4.632763421808172577e-01,6.146591114247468290e-01,-1.127910145481847148e-01,7.223709467855564670e-01,-2.421360953908800739e-01,7.336537118248275258e-01
-2.361412005575155501e-02,1.337113808239295126e-02,-9.121176365794074481e-02,-8.869691356577100172e-02,-6.605900440543287233e-02,7.869179748193708135e-02,-2.052998267731755977e-01,1.306016934646406780e-01,1.164414306874052112e-02,9.209180297708303292e-03,1.357835318739821218e-01,6.805974731429699498e-02,1.000000000000000000e+00,-9.432784427349316658e-02,-8.749860168734949206e-02,3.986662270430972599e-02,7.580365882644746200e-02,-9.079316965223770131e-02,-9.135892682614242533e-02,-2.122477283476869592e-01,1.215715747039701478e-02,8.504074020409072357e-03,4.189069923722676253e-02,-8.220874973640518446e-03,8.113650036715887304e-02,-9.234665417362614148e-02,1.859653855112678974e-03,-7.223882553953783758e-02,-1.034430065079983696e-01,-9.604530825417677276e-02,-3.762633051680455143e-01,1.854525611707690674e-02,-5.580658862048912955e-02,-7.575844220834829223e-02,-3.511407553525833225e-02,-5.201757587376686087e-02,-6.028098007926870928e-03,-8.485261242929966960e-03,1.925780388943485258e-02
1.092250811732836946e-01,6.246281126965439467e-01,4.619150175955553661e-01,-1.966436433719359334e-01,5.639985047998589962e-02,3.392351346957012126e-01,-2.010856019994526067e-01,-3.263520301138970736e-01,2.789444738075200769e-01,3.328951578880161022e-01,1.947107209725794374e-01,4.843097470293743489e-01,-9.432784427349316658e-02,1.000000000000000000e+00,-2.489861166733313980e-01,3.494582834990624387e-01,3.614617245478772833e-01,2.208597787484041508e-01,7.006457531087061097e-02,-9.165396692021718361e-02,4.108769360098461498e-01,4.779736813153316888e-01,4.401673894836553025e-01,5.160450152103350785e-01,5.217980769953154407e-01,-3.013946547437781898e-01,4.353017321161629094e-01,-5.209309368781861460e-02,-1.039074725739899535e-01,9.393015573274872410e-02,6.322318455131592518e-01,4.753504016069430849e-01,6.070996227480874863e-01,2.558521316256467393e-01,4.526955396929420727e-01,-1.320523844909589350e-02,5.413709032936951937e-01,-5.715749012674930553e-03,4.537899649633079791e-01
9.069444430706147253e-02,-2.471189198339024395e-01,6.251253362204060859e-02,1.858748386934129526e-01,1.683221012438914643e-01,-2.400333096943099986e-01,3.954558212140055762e-01,-1.964093196650665840e-01,4.256136359682798770e-02,8.417398484119019419e-02,-7.477481642105264503e-02,-2.412479898316286231e-01,-8.749860168734949206e-02,-2.489861166733313980e-01,1.000000000000000000e+00,3.990465920011247031e-02,-2.773186676357954350e-01,1.558368824230147755e-02,1.671640154248145715e-01,3.661780077454244164e-01,-1.894205147879360340e-01,-2.128277571120125999e-01,-1.860715823885987219e-01,-3.792418037048954083e-01,-2.586573819293232490e-01,3.968837763016628273e-01,-2.631981459491975484e-01,2.795552196848747339e-01,2.212258313189559289e-01,3.874932662120873506e-01,-2.690438296713225652e-01,-3.116799000966052335e-01,-3.376382213187499315e-01,-4.916507975366825149e-03,-3.403598496453917877e-01,1.544849883566663529e-01,-3.240345709942222818e-01,4.015265302369635525e-01,2.376073585725948373e-02
1.280618220293208986e-01,5.612618031313735267e-01,3.852834413962211713e-01,-9.718301635633654068e-02,2.444558087407315006e-01,2.773928891219814563e-01,-2.120289710721521281e-01,-2.956710666590852687e-01,3.056002692906651386e-01,7.273797013545371115e-01,2.734426534059946623e-01,5.170822294442368738e-01,3.986662270430972599e-02,3.494582834990624387e-01,3.990465920011247031e-02,1.000000000000000000e+00,4.091351487824628763e-01,3.835801116187886883e-01,2.453050690208461171e-01,-1.284528251710911062e-01,4.686736191110013605e-01,5.343695213780099706e-01,3.062265134747027551e-01,2.713792496948025934e-01,4.219972154045958934e-01,-4.292327194191338791e-01,3.073875534558420664e-01,6.398672024769519462e-02,-3.484461916150746741e-01,3.038134379304538446e-01,3.446561301066889405e-01,3.104817654129519156e-01,3.711167910826400629e-01,2.966951781939530797e-01,4.109588507906545285e-01,-2.489947985867757823e-03,4.304397359554299474e-01,9.110980646381057479e-02,5.574132652989793879e-01
-2.391614348082413966e-01,6.158180272398162680e-01,3.526634648849072406e-01,5.913002029667699389e-02,1.873807877902819094e-02,4.515903859500485784e-01,-4.378976614577566040e-01,-1.496749381737391138e-01,2.080048093438930379e-01,3.214308498644411483e-01,7.041307559362584012e-01,6.685170240281994580e-01,7.580365882644746200e-02,3.614617245478772833e-01,-2.773186676357954350e-01,4.091351487824628763e-01,1.000000000000000000e+00,3.648899478459391443e-01,2.504802638331603548e-01,-1.261922770856908349e-01,3.085432914755995570e-01,6.132139139239412007e-01,5.735349773198549217e-01,5.085453874765487603e-01,6.910324448861004942e-01,-5.607147496636856188e-01,5.476268700131308176e-01,-2.951030274842446621e-01,-4.153427333493607820e-01,-1.686592754880241254e-02,2.825951986573420616e-01,5.734247898410632649e-01,6.458079779706573653e-01,2.580855014103768386e-01,5.560714826839185942e-01,-2.459540494936884869e-01,6.087239939632927976e-01,-3.356771920117023189e-01,4.130894585302494204e-01
-2.817275945753736077e-01,4.548933243635571166e-01,5.721670958950267893e-01,4.355388499207547559e-01,6.015253777059549334e-01,3.335778832705109664e-01,1.038029091614106753e-01,-4.927581705472185991e-01,3.732728919153039948e-01,4.439867083666151348e-01,2.586639426015621690e-01,5.183851448131818751e-01,-9.079316965223770131e-02,2.208597787484041508e-01,1.558368824230147755e-02,3.835801116187886883e-01,3.648899478459391443e-01,1.000000000000000000e+00,8.092478166079751789e-01,-1.213467360998612549e-01,1.088507813366541149e-01,4.355291626663216342e-01,2.490997258991776708e-01,2.415350975179363369e-01,3.615551237123205697e-01,-4.929947791756240649e-01,3.023614632800403768e-01,-2.545613203240932876e-01,-5.817781122139217276e-01,2.421468816279165048e-01,2.363808785708732541e-01,1.044139175687843757e-01,3.625717780018077319e-01,6.592540816021855710e-01,4.332927213908007724e-01,5.674953727203403686e-02,4.009581789637351457e-01,-3.872724177393889744e-01,4.301545179326250468e-01
-2.149114931383526439e-01,3.014800438508272173e-01,5.424238057982262440e-01,5.743995185035318807e-01,6.498782396914450921e-01,1.761828860794764917e-01,2.896321038360551992e-01,-5.108228144117424874e-01,2.305999526215971596e-01,3.550210968063632344e-01,1.826110492187890399e-01,3.710327649539732486e-01,-9.135892682614242533e-02,7.006457531087061097e-02,1.671640154248145715e-01,2.453050690208461171e-01,2.504802638331603548e-01,8.092478166079751789e-01,1.000000000000000000e+00,2.778077808275813271e-02,-5.731474760441174730e-03,3.190127804663354660e-01,9.502288493075287945e-02,5.683143297737493910e-02,2.020612428044578635e-01,-3.398389188786978821e-01,2.008751252272299170e-01,-1.659808018243916494e-01,-4.678538031859138524e-01,2.112299573777333683e-01,1.196426359384470395e-01,2.426080036989394090e-02,2.067026576468510846e-01,6.125125878006608682e-01,2.602336835454217567e-01,5.534824656806765913e-02,2.516541772212816386e-01,-2.970183737653188105e-01,2.862570703527727578e-01
2.891997283391114504e-01,-1.515878110802879319e-01,2.381654767579772791e-01,2.529368075843342334e-01,4.422242559789273803e-02,-9.914697514599446482e-02,3.670306976891783979e-01,-3.021662067617571501e-01,-1.506152792457933209e-01,-1.395790070741562416e-01,-3.440558201244185016e-02,-2.518264829404323057e-01,-2.122477283476869592e-01,-9.165396692021718361e-02,3.661780077454244164e-01,-1.284528251710911062e-01,-1.261922770856908349e-01,-1.213467360998612549e-01,2.778077808275813271e-02,1.000000000000000000e+00,1.121068561708194744e-01,8.015993508292075520e-02,-2.511947272687938340e-02,-1.961150768296382740e-01,-8.159929171680330162e-02,4.491040113994385075e-01,1.323832398580035430e-01,4.737981849594602446e-01,3.614528638449557296e-01,1.500067404446666364e-01,-1.003032049387861391e-01,1.802658340504618290e-02,-5.049592098573420229e-02,-1.063135859417530527e-01,-1.600397087120172535e-01,4.299385536533645996e-02,-1.731341740154759279e-01,1.946109943931892960e-01,-1.459652275504192132e-01
3.755086090417097955e-01,5.061735660288365635e-01,2.833259979606377876e-01,-1.560768427143637838e-01,-5.762531478083730840e-02,4.990797785042703216e-01,-2.532345923157660050e-01,-1.576616203870110366e-01,2.305991418267543721e-03,2.054135965790231388e-01,2.743094118435646656e-01,2.766954204085692037e-01,1.215715747039701478e-02,4.108769360098461498e-01,-1.894205147879360340e-01,4.686736191110013605e-01,3.085432914755995570e-01,1.088507813366541149e-01,-5.731474760441174730e-03,1.121068561708194744e-01,1.000000000000000000e+00,6.605163254969220743e-01,5.621988156236874534e-01,5.466501119279774112e-01,5.667779671183994505e-01,-1.394966670124164754e-01,5.933932751354785706e-01,3.497938204673513574e-01,-9.265517910186388262e-02,-7.484375148788362242e-02,3.523681311010999906e-01,3.387027370716246266e-01,4.917582133071690675e-01,-2.640364914056632720e-02,4.763756707339363849e-01,-3.424980233301044286e-01,3.745613774642966298e-01,2.646670616301772042e-02,2.350220477410055742e-01
5.688871866103372907e-03,7.685065157524824109e-01,5.565186832993810340e-01,6.936736837185844551e-02,1.448905560857840780e-01,6.259907361233747469e-01,-3.593713096428494680e-01,-3.518435218378347384e-01,2.143117286549781342e-01,3.617456126187940657e-01,4.273800505805011585e-01,7.170706864745127751e-01,8.504074020409072357e-03,4.779736813153316888e-01,-2.128277571120125999e-01,5.343695213780099706e-01,6.132139139239412007e-01,4.355291626663216342e-01,3.190127804663354660e-01,8.015993508292075520e-02,6.605163254969220743e-01,1.000000000000000000e+00,6.308923572435549687e-01,6.157139983655256499e-01,7.215073774599857215e-01,-5.305505813466593334e-01,7.621915709296168684e-01,-8.750167750562211008e-03,-4.239299876829007441e-01,5.502337541918838476e-02,3.808842738219065382e-01,5.726044606556628391e-01,7.526115394984591589e-01,3.156422022486992107e-01,6.640732753958132895e-01,-2.667530375710856494e-01,6.546106726034981449e-01,-1.803692356716340428e-01,5.586307168337998341e-01
-7.366929122844306788e-02,5.757886186461722566e-01,2.805204883986833764e-01,-5.233073300346170742e-02,-1.679812040371649051e-01,7.708541774209273223e-01,-3.990530983690551703e-01,-6.830375461582893770e-02,8.783786089472370162e-02,4.466334526686295547e-02,6.018387579112516317e-01,4.834453322027294497e-01,4.189069923722676253e-02,4.401673894836553025e-01,-1.860715823885987219e-01,3.062265134747027551e-01,5.735349773198549217e-01,2.490997258991776708e-01,9.502288493075287945e-02,-2.511947272687938340e-02,5.621988156236874534e-01,6.308923572435549687e-01,1.000000000000000000e+00,7.848856090800880869e-01,8.418058301476398775e-01,-3.440566666113798466e-01,6.844585472699353801e-01,-1.712470372947053343e-01,-2.459780587622503734e-01,-9.028618161078978688e-02,2.505996425455628840e-01,4.120330069911724569e-01,6.728112644592265656e-01,9.675440361167958470e-02,6.958568114659474668e-01,-3.567055766371102776e-01,5.790093066797701304e-01,-2.142742998167797286e-01,2.842802857008480677e-01
-1.337748078756635928e-01,6.324075499753044616e-01,2.011040663627732816e-01,-1.179418737489380670e-01,-2.396122361516969113e-01,7.873860423249733342e-01,-4.489935807177223848e-01,2.923257336187272404e-02,8.465144765823115480e-02,9.708198088402760287e-03,3.799653549152294252e-01,5.279346011910432956e-01,-8.220874973640518446e-03,5.160450152103350785e-01,-3.792418037048954083e-01,2.713792496948025934e-01,5.085453874765487603e-01,2.415350975179363369e-01,5.683143297737493910e-02,-1.961150768296382740e-01,5.466501119279774112e-01,6.157139983655256499e-01,7.848856090800880869e-01,1.000000000000000000e+00,7.605036863620385779e-01,-4.882360685758042051e-01,6.487818322427779671e-01,-3.054361694443496478e-01,-2.843718282028263045e-01,-1.797444214891500969e-01,3.869590844199453650e-01,4.722621521009481294e-01,7.424133124714168419e-01,9.169236807638694864e-02,7.787710893289643277e-01,-3.836870919577146655e-01,6.594519716335720538e-01,-3.224143560816667420e-01,2.964214913271494556e-01
-9.444572375251068796e-02,7.079473756561565079e-01,4.203388436025365382e-01,-3.130668042292210611e-03,-5.576860265692475810e-02,7.431540029110904610e-01,-4.193986668382408967e-01,-1.910180909328880738e-01,2.254429216955811388e-01,2.509588209710071349e-01,6.320899823189344291e-01,6.410481894625865706e-01,8.113650036715887304e-02,5.217980769953154407e-01,-2.586573819293232490e-01,4.219972154045958934e-01,6.910324448861004942e-01,3.615551237123205697e-01,2.020612428044578635e-01,-8.159929171680330162e-02,5.667779671183994505e-01,7.215073774599857215e-01,8.418058301476398775e-01,7.605036863620385779e-01,1.000000000000000000e+00,-4.965019556558119551e-01,7.300728230217878867e-01,-2.343366909591839686e-01,-3.637963583481370056e-01,-5.394610614157899914e-02,3.305051591626255170e-01,5.304997510613643774e-01,7.602397730726589975e-01,2.350557164169818358e-01,7.472084194849580863e-01,-2.935711783928914853e-01,6.850778551598680766e-01,-2.554369214178240921e-01,4.372398500359364615e-01
3.143408030691718924e-01,-6.483882271588375934e-01,-2.547829979464523165e-01,-3.671947152533727027e-03,-7.785314588992699181e-02,-4.746833792276121122e-01,4.881673583174122033e-01,4.221077743387684905e-02,-2.493558586450246584e-01,-3.632021839523469908e-01,-3.143909408991041321e-01,-7.739915017146428156e-01,-9.234665417362614148e-02,-3.013946547437781898e-01,3.968837763016628273e-01,-4.292327194191338791e-01,-5.607147496636856188e-01,-4.929947791756240649e-01,-3.398389188786978821e-01,4.491040113994385075e-01,-1.394966670124164754e-01,-5.305505813466593334e-01,-3.440566666113798466e-01,-4.882360685758042051e-01,-4.965019556558119551e-01,1.000000000000000000e+00,-3.367296359116190296e-01,5.685569200098579135e-01,6.255403792570733978e-01,4.668196022048417410e-02,-2.785847401512455135e-01,-4.533741356011283807e-01,-5.578284285545123122e-01,-3.461336358163196736e-01,-6.382347872045738280e-01,1.562694003566460488e-01,-7.086564921675170270e-01,3.627545273545431104e-01,-5.752185499242246092e-01
-1.150199913239099703e-01,6.092536932795007409e-01,4.310199711063217864e-01,1.134583332192181243e-01,-9.882234779915278350e-03,6.471957835822285121e-01,-2.885844222996323816e-01,-2.404836444193176326e-01,1.355981556871206084e-01,1.776683913098244527e-01,4.353323670993643479e-01,5.651459669465216384e-01,1.859653855112678974e-03,4.353017321161629094e-01,-2.631981459491975484e-01,3.073875534558420664e-01,5.476268700131308176e-01,3.023614632800403768e-01,2.008751252272299170e-01,1.323832398580035430e-01,5.933932751354785706e-01,7.621915709296168684e-01,6.844585472699353801e-01,6.487818322427779671e-01,7.300728230217878867e-01,-3.367296359116190296e-01,1.000000000000000000e+00,-1.714527149268819245e-02,-2.602234750827142062e-01,-5.616694582798996416e-02,3.084571240689085725e-01,5.773266596677218976e-01,7.510559072565268224e-01,2.019002501609734879e-01,6.077991593368489154e-01,-2.728296826035370160e-01,5.175186306556661675e-01,-3.004906016559090176e-01,3.120874948685018468e-01
5.156879007768114809e-01,-2.127376027978021278e-01,8.430088072489087814e-02,-1.119637249968934156e-01,1.321536642736254041e-01,-2.939653067311582268e-01,2.676161380962678860e-01,-2.220474573699081078e-01,-1.573032705862993930e-01,1.199169798769576974e-02,-1.817584078359465727e-01,-3.856106936783330053e-01,-7.223882553953783758e-02,-5.209309368781861460e-02,2.795552196848747339e-01,6.398672024769519462e-02,-2.951030274842446621e-01,-2.545613203240932876e-01,-1.659808018243916494e-01,4.737981849594602446e-01,3.497938204673513574e-01,-8.750167750562211008e-03,-1.712470372947053343e-01,-3.054361694443496478e-01,-2.343366909591839686e-01,5.685569200098579135e-01,-1.714527149268819245e-02,1.000000000000000000e+00,3.897043977949667393e-01,1.388580056672669705e-01,3.053047835158723827e-02,-1.505901797395298725e-01,-2.638439465089932323e-01,-1.445001781708627753e-01,-3.766470430057146657e-01,7.792801454495232316e-02,-3.889817046051092242e-01,3.943460083504239932e-01,-2.059669952630198975e-01
4.102316263730518830e-01,-4.548246242407376072e-01,-3.214852871942101009e-01,-8.095547271089539865e-02,-3.981239872030542526e-01,-3.630157547367293680e-01,2.814408784559422894e-01,1.900272008034963322e-01,-3.642843770987043150e-01,-3.566626642935979419e-01,-2.516423465315578145e-01,-5.886035547805600343e-01,-1.034430065079983696e-01,-1.039074725739899535e-01,2.212258313189559289e-01,-3.484461916150746741e-01,-4.153427333493607820e-01,-5.817781122139217276e-01,-4.678538031859138524e-01,3.614528638449557296e-01,-9.265517910186388262e-02,-4.239299876829007441e-01,-2.459780587622503734e-01,-2.843718282028263045e-01,-3.637963583481370056e-01,6.255403792570733978e-01,-2.602234750827142062e-01,3.897043977949667393e-01,1.000000000000000000e+00,-8.310713585210385834e-02,-4.100897616607906276e-02,2.397729156534048056e-02,-3.398941179231974030e-01,-5.578045102383141218e-01,-4.272227428622780709e-01,1.165155255961414227e-01,-3.210969190114759675e-01,3.352269980720172238e-01,-4.513434256480542417e-01
-1.637893566675482568e-02,7.152730130750882542e-02,3.452068117525552426e-01,1.204701373025147682e-01,4.067587985814833940e-01,-5.647651331018779808e-02,1.624375730563830944e-01,-4.162172286349050121e-01,4.707283826158258355e-01,2.844976870239034894e-01,-2.021214533900760058e-02,1.249217801480551199e-01,-9.604530825417677276e-02,9.393015573274872410e-02,3.874932662120873506e-01,3.038134379304538446e-01,-1.686592754880241254e-02,2.421468816279165048e-01,2.112299573777333683e-01,1.500067404446666364e-01,-7.484375148788362242e-02,5.502337541918838476e-02,-9.028618161078978688e-02,-1.797444214891500969e-01,-5.394610614157899914e-02,4.668196022048417410e-02,-5.616694582798996416e-02,1.388580056672669705e-01,-8.310713585210385834e-02,1.000000000000000000e+00,4.729240535848362043e-02,-1.887046275261806266e-02,-2.259203954752719151e-02,3.330720699913388705e-01,-1.596206343571140163e-01,4.457197987656173477e-01,-9.640705080168122942e-02,1.331765692898402298e-01,3.298162345137602980e-01
9.266682487027169679e-02,4.907025474080411453e-01,3.755826917638094842e-01,-1.891530598238510552e-01,1.021250581136534802e-01,1.561561539343335470e-01,-7.051924456266479846e-02,-2.987019590406892466e-01,2.136711861361349496e-01,3.627841117016482597e-01,8.592098166267295167e-02,3.801173311568205038e-01,-3.762633051680455143e-01,6.322318455131592518e-01,-2.690438296713225652e-01,3.446561301066889405e-01,2.825951986573420616e-01,2.363808785708732541e-01,1.196426359384470395e-01,-1.003032049387861391e-01,3.523681311010999906e-01,3.808842738219065382e-01,2.505996425455628840e-01,3.869590844199453650e-01,3.305051591626255170e-01,-2.785847401512455135e-01,3.084571240689085725e-01,3.053047835158723827e-02,-4.100897616607906276e-02,4.729240535848362043e-02,1.000000000000000000e+00,4.112725049816093326e-01,4.766072621932931908e-01,2.416520324666608932e-01,3.818746671898706202e-01,4.427960430239662355e-03,4.570067333206255800e-01,-6.162454848505134752e-02,3.623603244709620030e-01
-2.500083263477873713e-02,5.990372130242388460e-01,2.925671668659619029e-01,-5.489767127723006214e-03,-1.829120059652852848e-01,3.706099483924573113e-01,-4.046419927907498604e-01,-1.070477600462885481e-01,8.238227697725404586e-02,2.190739815017125613e-01,3.376331727691752604e-01,5.822653109472547550e-01,1.854525611707690674e-02,4.753504016069430849e-01,-3.116799000966052335e-01,3.104817654129519156e-01,5.734247898410632649e-01,1.044139175687843757e-01,2.426080036989394090e-02,1.802658340504618290e-02,3.387027370716246266e-01,5.726044606556628391e-01,4.120330069911724569e-01,4.722621521009481294e-01,5.304997510613643774e-01,-4.533741356011283807e-01,5.773266596677218976e-01,-1.505901797395298725e-01,2.397729156534048056e-02,-1.887046275261806266e-02,4.112725049816093326e-01,1.000000000000000000e+00,6.889888319693842078e-01,2.734281665893787544e-02,4.769384630533002323e-01,-1.419615173511866169e-01,6.339071584631541523e-01,-2.080373507731422544e-01,3.539147687961895494e-01
-1.611571117888342952e-01,7.880733617411599390e-01,4.295961680222177836e-01,1.235518876886899757e-02,-3.868760009707663400e-02,6.295956628631782515e-01,-4.111686356200411896e-01,-1.880314927533628389e-01,1.928948377823148652e-01,2.445394105100857363e-01,4.283494884594050700e-01,7.115089144786017616e-01,-5.580658862048912955e-02,6.070996227480874863e-01,-3.376382213187499315e-01,3.711167910826400629e-01,6.458079779706573653e-01,3.625717780018077319e-01,2.067026576468510846e-01,-5.049592098573420229e-02,4.917582133071690675e-01,7.526115394984591589e-01,6.728112644592265656e-01,7.424133124714168419e-01,7.602397730726589975e-01,-5.578284285545123122e-01,7.510559072565268224e-01,-2.638439465089932323e-01,-3.398941179231974030e-01,-2.259203954752719151e-02,4.766072621932931908e-01,6.889888319693842078e-01,1.000000000000000000e+00,2.766294636978069987e-01,7.384323327008803783e-01,-2.873722843753673262e-01,7.230851527812868218e-01,-3.205629026098655854e-01,4.782156534386741153e-01
-2.806014717705467287e-01,3.915049835952295054e-01,6.086462954353170085e-01,2.519593600632240582e-01,7.484803043438010839e-01,1.352831515860819511e-01,1.413284499531476390e-01,-5.810450129325104296e-01,5.497909026854400638e-01,4.482126719145869687e-01,9.997869630183509049e-02,4.632763421808172577e-01,-7.575844220834829223e-02,2.558521316256467393e-01,-4.916507975366825149e-03,2.966951781939530797e-01,2.580855014103768386e-01,6.592540816021855710e-01,6.125125878006608682e-01,-1.063135859417530527e-01,-2.640364914056632720e-02,3.156422022486992107e-01,9.675440361167958470e-02,9.169236807638694864e-02,2.350557164169818358e-01,-3.461336358163196736e-01,2.019002501609734879e-01,-1.445001781708627753e-01,-5.578045102383141218e-01,3.330720699913388705e-01,2.416520324666608932e-01,2.734281665893787544e-02,2.766294636978069987e-01,1.000000000000000000e+00,2.340099880093918783e-01,2.578602693749636465e-01,2.419899362650982100e-01,-1.998866929047037888e-01,4.408560458846390584e-01
-1.465377582832946834e-01,6.817609365103607377e-01,2.980848271627145607e-01,4.539664495421395080e-02,-7.068264634961449189e-02,7.126989496279326763e-01,-3.822390072677617767e-01,-6.036816917513287972e-02,9.209458841446553634e-02,1.923521155478405686e-01,4.306915389050993137e-01,6.146591114247468290e-01,-3.511407553525833225e-02,4.526955396929420727e-01,-3.403598496453917877e-01,4.109588507906545285e-01,5.560714826839185942e-01,4.332927213908007724e-01,2.602336835454217567e-01,-1.600397087120172535e-01,4.763756707339363849e-01,6.640732753958132895e-01,6.958568114659474668e-01,7.787710893289643277e-01,7.472084194849580863e-01,-6.382347872045738280e-01,6.077991593368489154e-01,-3.766470430057146657e-01,-4.272227428622780709e-01,-1.596206343571140163e-01,3.818746671898706202e-01,4.769384630533002323e-01,7.384323327008803783e-01,2.340099880093918783e-01,1.000000000000000000e+00,-3.521592735375304595e-01,7.654437383874613809e-01,-3.651714623836553320e-01,3.843330873642294976e-01
-4.279403714310363663e-03,-2.346380415548696419e-01,2.306662123558634037e-01,1.115400495955053972e-01,3.762986493379800734e-01,-2.997697840208876641e-01,3.566329009047917165e-01,-3.739943936691543791e-01,4.591695122171715049e-01,2.017920493396958836e-01,-2.327845022714494505e-01,-1.127910145481847148e-01,-5.201757587376686087e-02,-1.320523844909589350e-02,1.544849883566663529e-01,-2.489947985867757823e-03,-2.459540494936884869e-01,5.674953727203403686e-02,5.534824656806765913e-02,4.299385536533645996e-02,-3.424980233301044286e-01,-2.667530375710856494e-01,-3.567055766371102776e-01,-3.836870919577146655e-01,-2.935711783928914853e-01,1.562694003566460488e-01,-2.728296826035370160e-01,7.792801454495232316e-02,1.165155255961414227e-01,4.457197987656173477e-01,4.427960430239662355e-03,-1.419615173511866169e-01,-2.873722843753673262e-01,2.578602693749636465e-01,-3.521592735375304595e-01,1.000000000000000000e+00,-2.366645023903984069e-01,1.641850808578355914e-01,9.646625823415262702e-02
-8.360363289583895574e-02,7.429555176937395755e-01,3.721502457042649148e-01,3.197413231583771877e-04,-6.748620899375225302e-02,5.712338939561073525e-01,-4.128467984848366856e-01,-1.381565262663679294e-01,1.678259396659278757e-01,2.906069026064953542e-01,4.368421977334919770e-01,7.223709467855564670e-01,-6.028098007926870928e-03,5.413709032936951937e-01,-3.240345709942222818e-01,4.304397359554299474e-01,6.087239939632927976e-01,4.009581789637351457e-01,2.516541772212816386e-01,-1.731341740154759279e-01,3.745613774642966298e-01,6.546106726034981449e-01,5.790093066797701304e-01,6.594519716335720538e-01,6.850778551598680766e-01,-7.086564921675170270e-01,5.175186306556661675e-01,-3.889817046051092242e-01,-3.210969190114759675e-01,-9.640705080168122942e-02,4.570067333206255800e-01,6.339071584631541523e-01,7.230851527812868218e-01,2.419899362650982100e-01,7.654437383874613809e-01,-2.366645023903984069e-01,1.000000000000000000e+00,-2.722270182703720454e-01,5.330163135409180519e-01
5.724976126791107012e-01,-1.403225801463201805e-01,3.476099340845793112e-02,-3.047377100522415394e-01,7.622366829163681502e-03,-2.692593038777796877e-01,1.874305811130731469e-01,-1.572098733939931992e-01,3.511816908386496822e-02,1.225729797540941746e-01,-2.597508679526600028e-01,-2.421360953908800739e-01,-8.485261242929966960e-03,-5.715749012674930553e-03,4.015265302369635525e-01,9.110980646381057479e-02,-3.356771920117023189e-01,-3.872724177393889744e-01,-2.970183737653188105e-01,1.946109943931892960e-01,2.646670616301772042e-02,-1.803692356716340428e-01,-2.142742998167797286e-01,-3.224143560816667420e-01,-2.554369214178240921e-01,3.627545273545431104e-01,-3.004906016559090176e-01,3.943460083504239932e-01,3.352269980720172238e-01,1.331765692898402298e-01,-6.162454848505134752e-02,-2.080373507731422544e-01,-3.205629026098655854e-01,-1.998866929047037888e-01,-3.651714623836553320e-01,1.641850808578355914e-01,-2.722270182703720454e-01,1.000000000000000000e+00,1.398403042491635773e-01
-4.004253187188162172e-02,6.808334894605684307e-01,5.654038557145916188e-01,-1.057640841597381476e-01,2.848845242045830450e-01,3.381209880776143706e-01,-2.251548635931587272e-01,-4.439725081765845682e-01,5.422028358345166721e-01,5.821951211903499956e-01,2.132364683140192674e-01,7.336537118248275258e-01,1.925780388943485258e-02,4.537899649633079791e-01,2.376073585725948373e-02,5.574132652989793879e-01,4.130894585302494204e-01,4.301545179326250468e-01,2.862570703527727578e-01,-1.459652275504192132e-01,2.350220477410055742e-01,5.586307168337998341e-01,2.842802857008480677e-01,2.964214913271494556e-01,4.372398500359364615e-01,-5.752185499242246092e-01,3.120874948685018468e-01,-2.059669952630198975e-01,-4.513434256480542417e-01,3.298162345137602980e-01,3.623603244709620030e-01,3.539147687961895494e-01,4.782156534386741153e-01,4.408560458846390584e-01,3.843330873642294976e-01,9.646625823415262702e-02,5.330163135409180519e-01,1.398403042491635773e-01,1.000000000000000000e+00
