1.000000000000000000e+00,6.829398812338539626e-01,7.345651004121797056e-01,-1.463903656750679683e-01,7.975284822606100166e-01,1.918759834694357402e-01,2.823135904138865393e-01,-7.019335497724668027e-01,5.730092126498151917e-01,5.777609104020422492e-01,3.644187673016388573e-01,2.910751850740471158e-01,-5.556292364156441288e-02,4.200113502775981722e-01,1.066720444217623825e-01,6.908466836387702203e-01,3.686922410774967629e-01,2.575921063350646301e-01,4.214193639769820421e-01,5.091592810907150657e-01,6.060599083113888952e-01,6.329064165692120936e-01,5.751529294850555862e-01,2.886650399421325508e-01,5.870829518281316384e-01,7.106962737345140502e-01,3.887968205599283689e-01,6.067947357229609429e-01,3.975759891309013638e-01,6.489148579563992492e-01,5.636499352910400162e-01,6.548523422428824681e-01,6.628685881263328694e-01,5.346094013550797275e-01,6.157486108302493433e-01,6.588081693227673119e-01,6.433951043601493502e-01,9.054549126000119297e-02,-6.505646441906323685e-02
6.829398812338539626e-01,1.000000000000000000e+00,6.132414593453618945e-01,-4.021372971782428141e-01,6.899760072146933210e-01,3.049181763001638235e-01,-1.626261322054985137e-02,-6.130207331869689247e-01,4.803198423923905613e-01,6.299187862353818890e-01,3.546323593078564707e-01,-1.257691571795942209e-01,-3.909070878323587239e-01,4.205235261423305726e-01,-2.825772390374696186e-01,3.679049147494500294e-01,2.769721106031152180e-01,4.445667649491386597e-01,2.757472043001790718e-01,6.700471488480651272e-02,3.264863428514072075e-01,2.895416642439311850e-01,3.099528740724105669e-01,2.958681822022168895e-01,3.970599102150940696e-01,6.568388761030675704e-01,5.022127344371184465e-01,3.900748775527622669e-01,5.373687634843009597e-01,5.818310554309190641e-01,7.146834965992574507e-01,7.086433074218664308e-01,6.286992841797642839e-01,2.856808692075578637e-01,7.357719579376209573e-01,6.668171773406363911e-01,7.544892870745879554e-01,-3.213047100996315186e-01,-3.322669608657150553e-01
7.345651004121797056e-01,6.132414593453618945e-01,1.000000000000000000e+00,-1.133100786572184271e-01,8.582933764795501741e-01,1.718053508250707850e-01,2.264422168578058558e-01,-9.417031515341104386e-01,5.891216628843789493e-01,6.118027383780004769e-01,4.057992570508124897e-01,2.424102269083643624e-01,-1.005243560338320123e-02,4.505294856344327914e-01,6.389075637454365297e-02,6.466792894616570919e-01,4.068573166473809510e-01,3.025227532405448949e-01,4.345775208425925462e-01,5.553238662324144759e-01,7.728801906288912393e-01,7.288220701750822705e-01,5.831481030770062635e-01,2.641876429883960320e-01,6.478703326837060850e-01,6.438048756536188799e-01,4.408601451785363889e-01,5.756058070755059042e-01,3.560155188353936739e-01,6.079715682877284699e-01,5.232058319488230858e-01,6.040374704119618743e-01,8.338933478629807494e-01,6.473803647927848237e-01,5.102064533037782290e-01,6.473442404703402264e-01,6.025545025101326502e-01,5.871499717289942882e-02,-9.399799040741570189e-02
-1.463903656750679683e-01,-4.021372971782428141e-01,-1.133100786572184271e-01,1.000000000000000000e+00,-7.383775401707336206e-02,-3.777446465773001000e-02,2.934728674901179724e-01,1.211270762685580510e-01,1.117987829103734704e-01,-2.724104075712602824e-01,6.646102717146197547e-02,4.805824807474813887e-01,6.279230400688982083e-01,7.996684394572073362e-02,4.738467629826161875e-01,-6.384264154691388776e-03,1.100237962984787626e-01,-4.203597893969497346e-01,-1.244134576376621781e-01,4.034398346321396156e-01,-3.172640858857510293e-02,2.695359330341980941e-01,9.554144387046373255e-02,-1.106295438051868446e-01,-6.579512036800198339e-03,-3.687352085633298082e-01,-4.908123911031961883e-01,-2.957478707339599722e-01,-3.631876749016192951e-01,-1.187877189918054993e-01,-4.744422615742592275e-01,-3.683213361058734203e-01,-2.297220274604377666e-01,2.573831838188870291e-01,-4.635253987506904316e-01,-2.822297073537931578e-01,-4.446621617813716898e-01,5.732438376447580586e-01,5.288300207297461641e-01
7.975284822606100166e-01,6.899760072146933210e-01,8.582933764795501741e-01,-7.383775401707336206e-02,1.000000000000000000e+00,2.534316779555352839e-01,2.380053975034537306e-01,-8.509459291125980318e-01,7.195271538330741956e-01,5.831626930975122303e-01,4.068816577640803622e-01,2.342155432578137964e-01,-2.254867805887530302e-02,5.123279074676351241e-01,2.206193277960516105e-02,6.341851458780511930e-01,4.091101927123116377e-01,2.977079581974831912e-01,3.564431988471551960e-01,5.241938755313150233e-01,6.729689335790540738e-01,7.081907545174640495e-01,5.509109584819478211e-01,1.648429026033174372e-01,5.817072362827924170e-01,6.599124822971610405e-01,3.771965220149098852e-01,5.282818970263483127e-01,3.496589844922211587e-01,6.829685134122690515e-01,5.341080949773510111e-01,6.101191345820599077e-01,7.307061407815020893e-01,7.021401572375102207e-01,5.484077837715051196e-01,6.868637922085258918e-01,6.064694849780638553e-01,8.127146832697351719e-02,-4.379460247735141726e-02
1.918759834694357402e-01,3.049181763001638235e-01,1.718053508250707850e-01,-3.777446465773001000e-02,2.534316779555352839e-01,1.000000000000000000e+00,-6.983903700379562318e-02,-2.134303298228165668e-01,4.941666466251831702e-01,1.779612192014512137e-02,5.850571544108216226e-01,-2.143325667404507306e-01,-2.000733905564949788e-01,4.034377267418888802e-01,-3.067914291198772792e-01,-1.148504255114138756e-01,5.335114580326519862e-01,1.965925440226358456e-01,-8.174373742687079947e-02,-4.191399070629284879e-02,-9.819230246048221700e-03,7.127510456508599768e-02,-5.784137388912494876e-02,-9.095094993239558057e-02,-1.193239137723526300e-01,1.507575743714341943e-01,3.908262665212228898e-02,-3.680472529673055326e-02,3.219291095016202364e-01,3.519214926115554198e-01,2.166973786768430499e-01,2.998647864184337819e-01,1.316717931364370098e-01,2.579002750145582001e-01,1.871273113265640997e-01,3.319430655717544587e-01,1.964287569146890844e-01,-2.662669067204625484e-01,-1.433736594224703509e-01
2.823135904138865393e-01,-1.626261322054985137e-02,2.264422168578058558e-01,2.934728674901179724e-01,2.380053975034537306e-01,-6.983903700379562318e-02,1.000000000000000000e+00,-1.784216496865517199e-01,2.197989415984325512e-01,1.084077546906240253e-01,-2.600253630362673110e-02,2.719009934119429595e-01,2.532023595158673368e-01,2.406380082545776788e-01,2.370104080075496333e-01,3.071056829417172507e-01,6.823252757987045836e-02,-1.297094640363678220e-01,1.377504867623358387e-01,4.363157056402041101e-01,2.992147357924557216e-01,4.501892239170456333e-01,4.064416820328116686e-01,-1.515374117952662629e-02,3.016311886978953472e-01,1.656247242424749855e-01,-2.127120208347806768e-02,2.723253941344556117e-01,-1.297001973569573974e-01,1.990276786527560016e-01,1.569368028985869065e-02,-4.827072646774191456e-02,1.874593746786890891e-01,2.959318430606677208e-01,-6.889745355702496521e-02,-1.396455031488643209e-02,-9.398889050685073354e-02,4.609296478590304003e-01,3.681519483274651727e-01
-7.019335497724668027e-01,-6.130207331869689247e-01,-9.417031515341104386e-01,1.211270762685580510e-01,-8.509459291125980318e-01,-2.134303298228165668e-01,-1.784216496865517199e-01,1.000000000000000000e+00,-6.000487858331944313e-01,-5.843890785728610426e-01,-4.176734282439454327e-01,-1.946167163978418380e-01,4.584062714007391959e-02,-4.414889202471421470e-01,-2.105995977754683904e-02,-6.011232272633231233e-01,-4.123078719182822760e-01,-3.281446133905076556e-01,-4.076087120853378321e-01,-5.158412465872821429e-01,-7.541953408503833112e-01,-6.945844401339099639e-01,-5.380301747276918789e-01,-2.285653700963480861e-01,-6.072186172275282345e-01,-6.186936768041387813e-01,-4.277350120541903999e-01,-5.393390509284875511e-01,-3.487686021389898583e-01,-6.080105903888817220e-01,-5.257413072285135325e-01,-5.902727288376146131e-01,-8.176566051312486039e-01,-6.420871086215962364e-01,-4.933474139347627796e-01,-6.598709170280383507e-01,-5.901343776184891921e-01,-8.742061859258003914e-03,1.241368836609860055e-01
5.730092126498151917e-01,4.803198423923905613e-01,5.891216628843789493e-01,1.117987829103734704e-01,7.195271538330741956e-01,4.941666466251831702e-01,2.197989415984325512e-01,-6.000487858331944313e-01,1.000000000000000000e+00,3.632835730642997030e-01,4.947026388658132268e-01,2.128291356389339917e-01,3.596384724472096589e-02,6.312646823559859843e-01,-1.811692893230970602e-02,3.380836572003310669e-01,5.471386308282828459e-01,1.527552620234216840e-01,1.721929093449088843e-01,4.541243103809224357e-01,3.471115106852110110e-01,6.005118461539733499e-01,3.536471666382505763e-01,-8.904920214385918242e-02,2.274550104137183226e-01,4.585129988905180531e-01,1.782731001611446431e-01,3.289667682167006779e-01,3.237803634876748604e-01,6.619337402722247354e-01,3.533061254664263129e-01,4.419656172311190456e-01,4.093384805296145235e-01,7.364803312328497276e-01,2.675406938790697020e-01,5.737051406338630199e-01,3.346299758454150397e-01,1.535853216235668062e-01,9.129051964436048217e-02
5.777609104020422492e-01,6.299187862353818890e-01,6.118027383780004769e-01,-2.724104075712602824e-01,5.831626930975122303e-01,1.779612192014512137e-02,1.084077546906240253e-01,-5.843890785728610426e-01,3.632835730642997030e-01,1.000000000000000000e+00,3.993974201629627019e-01,5.249024904046523804e-02,-8.234905680871325295e-02,3.515928046342344793e-01,-7.739154259893354926e-02,6.859969738946487539e-01,4.177009235854539093e-01,2.698504799886400907e-01,2.732867302170096102e-01,2.805774139027305547e-01,3.793934641909328387e-01,4.179129601134654592e-01,5.004367428771858695e-01,4.483680324205600587e-01,5.734748130118739740e-01,5.934301853407774052e-01,5.289842238545985342e-01,4.214160727525402272e-01,4.436299792202900161e-01,5.336782534595727601e-01,4.501485194021008218e-01,6.818164696186785889e-01,6.160032011670515395e-01,3.489944063088015191e-01,6.359843160843109411e-01,5.566017380752962262e-01,6.439218443330249064e-01,-5.423742901529998023e-02,-7.081002398524718910e-02
3.644187673016388573e-01,3.546323593078564707e-01,4.057992570508124897e-01,6.646102717146197547e-02,4.068816577640803622e-01,5.850571544108216226e-01,-2.600253630362673110e-02,-4.176734282439454327e-01,4.947026388658132268e-01,3.993974201629627019e-01,1.000000000000000000e+00,1.031205057276081555e-01,3.406205651470098350e-02,4.553371036508954695e-01,2.860536495468677179e-02,3.302555868374318915e-01,8.178099810790101509e-01,9.766215707845203597e-02,8.610290689083380244e-02,2.792995094999656258e-01,1.961026990012296189e-01,3.423222484153634060e-01,3.055869935598962694e-01,1.833439299307470793e-01,3.426217545098508843e-01,3.796375244553453210e-01,1.634657797602472040e-01,1.463132648890122511e-01,4.339883857099630649e-01,4.138476671231409720e-01,2.034857790507548225e-01,5.497945538382315034e-01,3.616773526718545795e-01,4.535282734157649598e-01,3.558052385259116157e-01,4.751361182394313043e-01,4.199459290357951957e-01,2.817104384699616309e-03,3.757057437769946440e-02
2.910751850740471158e-01,-1.257691571795942209e-01,2.424102269083643624e-01,4.805824807474813887e-01,2.342155432578137964e-01,-2.143325667404507306e-01,2.719009934119429595e-01,-1.946167163978418380e-01,2.128291356389339917e-01,5.249024904046523804e-02,1.031205057276081555e-01,1.000000000000000000e+00,6.164939277171079812e-01,1.346904002456663085e-01,7.658448669173683054e-01,3.903726426396246230e-01,1.340071538988747424e-01,-3.599334921519019570e-01,3.363735780722857394e-01,7.462200650017984938e-01,3.266116783944494895e-01,6.176192988154050045e-01,4.348949221230036244e-01,1.121960191301237253e-01,3.746520909435540614e-01,1.130686461929658049e-01,-4.965042763677816884e-02,3.654213730619219613e-01,-1.214718862970879804e-01,7.317075699939587334e-03,-8.890454176284660892e-02,-2.231563704191211889e-02,1.138468043251157913e-01,4.443776526523209314e-01,-1.642293436438294896e-01,-2.504899693672706096e-02,-6.726114218840759107e-02,6.509571198875786502e-01,3.696139769704466227e-01
-5.556292364156441288e-02,-3.909070878323587239e-01,-1.005243560338320123e-02,6.279230400688982083e-01,-2.254867805887530302e-02,-2.000733905564949788e-01,2.532023595158673368e-01,4.584062714007391959e-02,3.596384724472096589e-02,-8.234905680871325295e-02,3.406205651470098350e-02,6.164939277171079812e-01,1.000000000000000000e+00,5.080409444469122238e-02,6.615012826765899190e-01,1.892274431335029261e-01,5.504929970856617394e-02,-4.881817682886435139e-01,4.958947014916530865e-02,5.321597544840810379e-01,1.117274369041624110e-01,4.275701970719392175e-01,2.801447220428857077e-01,6.805004195620331653e-02,1.355524706991501072e-01,-2.686943294566995766e-01,-4.674328212632786750e-01,-1.085578199382607884e-01,-2.631863981417394416e-01,-8.898189089716974920e-02,-5.785461897971980738e-01,-2.711453501732352667e-01,-1.331410045788229413e-01,2.624979074358452236e-01,-3.705768190401441675e-01,-2.488972151396951216e-01,-3.586281552670728123e-01,6.540232461255922614e-01,5.187822838748179510e-01
4.200113502775981722e-01,4.205235261423305726e-01,4.505294856344327914e-01,7.996684394572073362e-02,5.123279074676351241e-01,4.034377267418888802e-01,2.406380082545776788e-01,-4.414889202471421470e-01,6.312646823559859843e-01,3.515928046342344793e-01,4.553371036508954695e-01,1.346904002456663085e-01,5.080409444469122238e-02,1.000000000000000000e+00,-1.153788247635078625e-02,2.208851647325348888e-01,4.894452268261567096e-01,1.354816821500619273e-01,-1.584542444708252062e-02,3.109352437961031557e-01,2.029007592764682788e-01,4.888325083858555131e-01,5.077040620209888333e-01,2.755003051565183547e-01,3.483617807858952475e-01,4.299537760852659707e-01,1.324355255938597098e-01,2.080714141465653255e-01,4.083100500551672951e-01,4.689708150120303065e-01,2.259227391078880154e-01,3.969918060088472034e-01,3.810107145714934362e-01,4.780585744661147163e-01,3.395363358243091989e-01,2.981445929935342964e-01,2.755673723577573009e-01,1.749594664117947451e-01,2.359059279737266979e-01
1.066720444217623825e-01,-2.825772390374696186e-01,6.389075637454365297e-02,4.738467629826161875e-01,2.206193277960516105e-02,-3.067914291198772792e-01,2.370104080075496333e-01,-2.105995977754683904e-02,-1.811692893230970602e-02,-7.739154259893354926e-02,2.860536495468677179e-02,7.658448669173683054e-01,6.615012826765899190e-01,-1.153788247635078625e-02,1.000000000000000000e+00,2.249145102922616157e-01,3.866513876076209388e-02,-5.769341066044708644e-01,2.898854141730144995e-01,6.142498375406141298e-01,1.922045963210897157e-01,4.760467315947620182e-01,2.999309900153829256e-01,1.491944159666661052e-01,2.576859237931241053e-01,-1.255203043028499665e-01,-2.174192927361764394e-01,1.753599415405112938e-01,-2.693565147112650382e-01,-1.209528472097417817e-01,-2.515125423890774425e-01,-2.339394641253600138e-01,-5.103239378525009640e-02,2.315645918869859432e-01,-3.017360968989163950e-01,-1.644182187418473107e-01,-2.537468746117099161e-01,6.364952176686663465e-01,3.938896166069852933e-01
6.908466836387702203e-01,3.679049147494500294e-01,6.466792894616570919e-01,-6.384264154691388776e-03,6.341851458780511930e-01,-1.148504255114138756e-01,3.071056829417172507e-01,-6.011232272633231233e-01,3.380836572003310669e-01,6.859969738946487539e-01,3.302555868374318915e-01,3.903726426396246230e-01,1.892274431335029261e-01,2.208851647325348888e-01,2.249145102922616157e-01,1.000000000000000000e+00,4.119731491159681069e-01,8.777560966053779556e-02,3.517171994880219921e-01,5.895159815221029387e-01,6.569760188315375560e-01,6.129105167233223073e-01,6.544412601777742644e-01,3.707909508060642234e-01,7.268075931615070040e-01,5.770490360665793128e-01,3.090850992388567975e-01,5.078135127126107706e-01,2.329320304609487358e-01,5.229196048063763369e-01,2.387262642936396895e-01,5.653561421089430272e-01,5.861159644210043318e-01,5.416135871711230676e-01,4.860270243602554108e-01,5.149849512528494877e-01,5.398581901451509069e-01,2.782371003503752438e-01,1.089338761543243855e-01
3.686922410774967629e-01,2.769721106031152180e-01,4.068573166473809510e-01,1.100237962984787626e-01,4.091101927123116377e-01,5.335114580326519862e-01,6.823252757987045836e-02,-4.123078719182822760e-01,5.471386308282828459e-01,4.177009235854539093e-01,8.178099810790101509e-01,1.340071538988747424e-01,5.504929970856617394e-02,4.894452268261567096e-01,3.866513876076209388e-02,4.119731491159681069e-01,1.000000000000000000e+00,-2.964136147903246796e-02,4.616567551380317685e-02,3.500757262007958559e-01,2.292731835548616204e-01,3.824197254723273875e-01,3.577676697489277635e-01,1.368466179882860401e-01,3.278506972757087579e-01,3.230522825563565958e-01,1.125464316649125440e-01,1.319969802288745997e-01,3.167231466642631554e-01,4.811659516861397368e-01,1.586420323503007213e-01,4.492141945087669286e-01,3.112576818659062439e-01,5.753902345231372006e-01,2.468938600625488200e-01,4.344928813246692334e-01,2.875586728018153515e-01,1.179572245120368290e-01,1.362878597793031887e-01
2.575921063350646301e-01,4.445667649491386597e-01,3.025227532405448949e-01,-4.203597893969497346e-01,2.977079581974831912e-01,1.965925440226358456e-01,-1.297094640363678220e-01,-3.281446133905076556e-01,1.527552620234216840e-01,2.698504799886400907e-01,9.766215707845203597e-02,-3.599334921519019570e-01,-4.881817682886435139e-01,1.354816821500619273e-01,-5.769341066044708644e-01,8.777560966053779556e-02,-2.964136147903246796e-02,1.000000000000000000e+00,1.408454904300475707e-01,-2.401832057147474386e-01,1.395412573972634740e-01,-5.869143812812149807e-02,1.024773923544566451e-01,-1.093330280942918231e-03,1.912894446360478562e-01,4.826024614495613152e-01,4.453276356684693349e-01,2.504263652019148578e-01,4.270965374159263472e-01,2.990122046129774502e-01,3.807160818354858312e-01,4.928863469226861249e-01,4.023735094716762162e-01,-2.790707679185050472e-02,5.142054377836086099e-01,4.680240305763639919e-01,5.618633196795327356e-01,-5.872396282546521462e-01,-5.010269328440869474e-01
4.214193639769820421e-01,2.757472043001790718e-01,4.345775208425925462e-01,-1.244134576376621781e-01,3.564431988471551960e-01,-8.174373742687079947e-02,1.377504867623358387e-01,-4.076087120853378321e-01,1.721929093449088843e-01,2.732867302170096102e-01,8.610290689083380244e-02,3.363735780722857394e-01,4.958947014916530865e-02,-1.584542444708252062e-02,2.898854141730144995e-01,3.517171994880219921e-01,4.616567551380317685e-02,1.408454904300475707e-01,1.000000000000000000e+00,4.354054365905591917e-01,4.068451276014383722e-01,4.302441125768137753e-01,1.548913435786185566e-01,1.263536263269194604e-01,2.483567747505490697e-01,4.639193924858212581e-01,4.548130183954449124e-01,6.139003758392288512e-01,2.684222087835511084e-01,1.792413741363201862e-01,3.338360908100007074e-01,3.584286219549850938e-01,4.066870101202879062e-01,2.261168713879995185e-01,2.494561238984267515e-01,4.522668884563587621e-01,4.123092014237845215e-01,-1.005334982607545696e-01,-4.791927260554977308e-01
5.091592810907150657e-01,6.700471488480651272e-02,5.553238662324144759e-01,4.034398346321396156e-01,5.241938755313150233e-01,-4.191399070629284879e-02,4.363157056402041101e-01,-5.158412465872821429e-01,4.541243103809224357e-01,2.805774139027305547e-01,2.792995094999656258e-01,7.462200650017984938e-01,5.321597544840810379e-01,3.109352437961031557e-01,6.142498375406141298e-01,5.895159815221029387e-01,3.500757262007958559e-01,-2.401832057147474386e-01,4.354054365905591917e-01,1.000000000000000000e+00,5.913102933995856292e-01,8.451227159109828690e-01,6.026822772891176072e-01,1.899604567348294193e-01,5.353259876518372540e-01,3.178192090797324898e-01,9.751725670912302080e-02,5.415030297516276736e-01,3.250714663655519462e-03,2.902113076423142868e-01,1.042587904525575926e-01,1.862508898981370120e-01,3.743564893774555258e-01,6.823408820847917111e-01,2.101641848681755007e-02,2.605787199853513147e-01,1.229980390053222045e-01,6.140586422292486635e-01,3.449466086405272858e-01
6.060599083113888952e-01,3.264863428514072075e-01,7.728801906288912393e-01,-3.172640858857510293e-02,6.729689335790540738e-01,-9.819230246048221700e-03,2.992147357924557216e-01,-7.541953408503833112e-01,3.471115106852110110e-01,3.793934641909328387e-01,1.961026990012296189e-01,3.266116783944494895e-01,1.117274369041624110e-01,2.029007592764682788e-01,1.922045963210897157e-01,6.569760188315375560e-01,2.292731835548616204e-01,1.395412573972634740e-01,4.068451276014383722e-01,5.913102933995856292e-01,1.000000000000000000e+00,6.847903638962963280e-01,5.198076202017831715e-01,2.633847662912179310e-01,6.043153061967608819e-01,4.696395510675550611e-01,2.587585935802391712e-01,5.685870115834769090e-01,1.592129114844257620e-01,3.676588827290489525e-01,3.416700148498064138e-01,3.987752903277996253e-01,7.114744498259654160e-01,5.917181628955663353e-01,3.086474677074461104e-01,4.172672997206287038e-01,4.033708148751360967e-01,2.024334194116547692e-01,-1.172555946715149282e-02
6.329064165692120936e-01,2.895416642439311850e-01,7.288220701750822705e-01,2.695359330341980941e-01,7.081907545174640495e-01,7.127510456508599768e-02,4.501892239170456333e-01,-6.945844401339099639e-01,6.005118461539733499e-01,4.179129601134654592e-01,3.423222484153634060e-01,6.176192988154050045e-01,4.275701970719392175e-01,4.888325083858555131e-01,4.760467315947620182e-01,6.129105167233223073e-01,3.824197254723273875e-01,-5.869143812812149807e-02,4.302441125768137753e-01,8.451227159109828690e-01,6.847903638962963280e-01,1.000000000000000000e+00,6.732152973065465007e-01,2.062680583495705988e-01,6.189576699205273647e-01,4.619715914675092128e-01,1.869390207032113616e-01,5.565844323856964371e-01,1.217308791287714659e-01,4.775895812531360529e-01,2.421945624196086277e-01,3.354644040843346442e-01,5.983716500595365195e-01,7.515904945459065400e-01,1.765627146206023013e-01,4.089647684029877328e-01,2.726455967427206528e-01,5.122486856167370872e-01,2.612590609844372969e-01
5.751529294850555862e-01,3.099528740724105669e-01,5.831481030770062635e-01,9.554144387046373255e-02,5.509109584819478211e-01,-5.784137388912494876e-02,4.064416820328116686e-01,-5.380301747276918789e-01,3.536471666382505763e-01,5.004367428771858695e-01,3.055869935598962694e-01,4.348949221230036244e-01,2.801447220428857077e-01,5.077040620209888333e-01,2.999309900153829256e-01,6.544412601777742644e-01,3.577676697489277635e-01,1.024773923544566451e-01,1.548913435786185566e-01,6.026822772891176072e-01,5.198076202017831715e-01,6.732152973065465007e-01,1.000000000000000000e+00,4.191569524751734832e-01,8.179169650986788387e-01,5.029308354899060252e-01,1.914144325969839300e-01,4.766020093898964971e-01,1.563853273470867389e-01,4.044319325667150578e-01,1.646091195893789882e-01,3.881368024980934583e-01,5.322111266433748877e-01,5.063512397059155568e-01,3.267269407602548803e-01,3.059968119981780199e-01,3.499019957528421432e-01,4.389359206308667827e-01,3.298688132131968875e-01
2.886650399421325508e-01,2.958681822022168895e-01,2.641876429883960320e-01,-1.106295438051868446e-01,1.648429026033174372e-01,-9.095094993239558057e-02,-1.515374117952662629e-02,-2.285653700963480861e-01,-8.904920214385918242e-02,4.483680324205600587e-01,1.833439299307470793e-01,1.121960191301237253e-01,6.805004195620331653e-02,2.755003051565183547e-01,1.491944159666661052e-01,3.707909508060642234e-01,1.368466179882860401e-01,-1.093330280942918231e-03,1.263536263269194604e-01,1.899604567348294193e-01,2.633847662912179310e-01,2.062680583495705988e-01,4.191569524751734832e-01,1.000000000000000000e+00,4.564479223935184460e-01,2.310718916599604766e-01,1.130253832184225093e-01,2.454770169469721042e-01,3.488136043633262018e-01,-3.081482581714282271e-02,1.866199376050572678e-01,4.080681834843202238e-01,3.646318895932738613e-01,5.188131839285468200e-02,4.500313541056623068e-01,5.278084729323513635e-02,3.751590844146898140e-01,4.812461458677839976e-02,2.373116174457921834e-02
5.870829518281316384e-01,3.970599102150940696e-01,6.478703326837060850e-01,-6.579512036800198339e-03,5.817072362827924170e-01,-1.193239137723526300e-01,3.016311886978953472e-01,-6.072186172275282345e-01,2.274550104137183226e-01,5.734748130118739740e-01,3.426217545098508843e-01,3.746520909435540614e-01,1.355524706991501072e-01,3.483617807858952475e-01,2.576859237931241053e-01,7.268075931615070040e-01,3.278506972757087579e-01,1.912894446360478562e-01,2.483567747505490697e-01,5.353259876518372540e-01,6.043153061967608819e-01,6.189576699205273647e-01,8.179169650986788387e-01,4.564479223935184460e-01,1.000000000000000000e+00,5.714857878231515143e-01,3.264234879821922841e-01,5.175813574218072199e-01,2.008676462337760094e-01,3.631721556126369932e-01,2.928855049472855465e-01,4.879454387732816145e-01,6.450742564605351781e-01,4.553096427926888179e-01,4.397346991770957336e-01,3.658173995504666043e-01,5.048600397488616220e-01,3.102302489013588627e-01,1.925382593510353846e-01
7.106962737345140502e-01,6.568388761030675704e-01,6.438048756536188799e-01,-3.687352085633298082e-01,6.599124822971610405e-01,1.507575743714341943e-01,1.656247242424749855e-01,-6.186936768041387813e-01,4.585129988905180531e-01,5.934301853407774052e-01,3.796375244553453210e-01,1.130686461929658049e-01,-2.686943294566995766e-01,4.299537760852659707e-01,-1.255203043028499665e-01,5.770490360665793128e-01,3.230522825563565958e-01,4.826024614495613152e-01,4.639193924858212581e-01,3.178192090797324898e-01,4.696395510675550611e-01,4.619715914675092128e-01,5.029308354899060252e-01,2.310718916599604766e-01,5.714857878231515143e-01,1.000000000000000000e+00,7.059788555637056540e-01,7.042509411618882442e-01,6.044442452623322026e-01,5.800006413449785292e-01,6.161272829837817211e-01,7.539028297281661350e-01,6.856447723654119919e-01,3.924356974282859900e-01,7.219349168556106200e-01,7.117331490815432815e-01,7.928944268318660615e-01,-1.492436953831382807e-01,-2.532363774410648083e-01
3.887968205599283689e-01,5.022127344371184465e-01,4.408601451785363889e-01,-4.908123911031961883e-01,3.771965220149098852e-01,3.908262665212228898e-02,-2.127120208347806768e-02,-4.277350120541903999e-01,1.782731001611446431e-01,5.289842238545985342e-01,1.634657797602472040e-01,-4.965042763677816884e-02,-4.674328212632786750e-01,1.324355255938597098e-01,-2.174192927361764394e-01,3.090850992388567975e-01,1.125464316649125440e-01,4.453276356684693349e-01,4.548130183954449124e-01,9.751725670912302080e-02,2.587585935802391712e-01,1.869390207032113616e-01,1.914144325969839300e-01,1.130253832184225093e-01,3.264234879821922841e-01,7.059788555637056540e-01,1.000000000000000000e+00,6.408102340564129085e-01,3.820310081914666811e-01,3.153314251702510340e-01,6.847592763079536349e-01,5.386224263970753601e-01,5.064228634968407361e-01,1.278122607074032857e-01,4.925058995113396065e-01,5.008887378911516253e-01,6.100766208704336835e-01,-3.254995600772898623e-01,-4.004757047919190738e-01
6.067947357229609429e-01,3.900748775527622669e-01,5.756058070755059042e-01,-2.957478707339599722e-01,5.282818970263483127e-01,-3.680472529673055326e-02,2.723253941344556117e-01,-5.393390509284875511e-01,3.289667682167006779e-01,4.214160727525402272e-01,1.463132648890122511e-01,3.654213730619219613e-01,-1.085578199382607884e-01,2.080714141465653255e-01,1.753599415405112938e-01,5.078135127126107706e-01,1.319969802288745997e-01,2.504263652019148578e-01,6.139003758392288512e-01,5.415030297516276736e-01,5.685870115834769090e-01,5.565844323856964371e-01,4.766020093898964971e-01,2.454770169469721042e-01,5.175813574218072199e-01,7.042509411618882442e-01,6.408102340564129085e-01,1.000000000000000000e+00,3.314779500868447193e-01,2.953706463067024002e-01,5.867528970236403074e-01,4.769520910908309208e-01,5.363436713462658156e-01,4.341259551195799093e-01,3.760874751956127526e-01,4.632533296429291458e-01,5.088473155521565650e-01,5.986214711916194864e-02,-2.054259160724699607e-01
3.975759891309013638e-01,5.373687634843009597e-01,3.560155188353936739e-01,-3.631876749016192951e-01,3.496589844922211587e-01,3.219291095016202364e-01,-1.297001973569573974e-01,-3.487686021389898583e-01,3.237803634876748604e-01,4.436299792202900161e-01,4.339883857099630649e-01,-1.214718862970879804e-01,-2.631863981417394416e-01,4.083100500551672951e-01,-2.693565147112650382e-01,2.329320304609487358e-01,3.167231466642631554e-01,4.270965374159263472e-01,2.684222087835511084e-01,3.250714663655519462e-03,1.592129114844257620e-01,1.217308791287714659e-01,1.563853273470867389e-01,3.488136043633262018e-01,2.008676462337760094e-01,6.044442452623322026e-01,3.820310081914666811e-01,3.314779500868447193e-01,1.000000000000000000e+00,2.723766324406827755e-01,3.606213818336237442e-01,7.682516425361390899e-01,4.586486944388179499e-01,1.248939042479379757e-01,7.254778302378867005e-01,4.973149813020903975e-01,7.004186375202604564e-01,-3.868798761644335338e-01,-3.671291302961602887e-01
6.489148579563992492e-01,5.818310554309190641e-01,6.079715682877284699e-01,-1.187877189918054993e-01,6.829685134122690515e-01,3.519214926115554198e-01,1.990276786527560016e-01,-6.080105903888817220e-01,6.619337402722247354e-01,5.336782534595727601e-01,4.138476671231409720e-01,7.317075699939587334e-03,-8.898189089716974920e-02,4.689708150120303065e-01,-1.209528472097417817e-01,5.229196048063763369e-01,4.811659516861397368e-01,2.990122046129774502e-01,1.792413741363201862e-01,2.902113076423142868e-01,3.676588827290489525e-01,4.775895812531360529e-01,4.044319325667150578e-01,-3.081482581714282271e-02,3.631721556126369932e-01,5.800006413449785292e-01,3.153314251702510340e-01,2.953706463067024002e-01,2.723766324406827755e-01,1.000000000000000000e+00,3.977138366406244296e-01,5.399584426278947191e-01,4.865668700126825064e-01,4.669949519928944248e-01,5.080227272820266871e-01,7.569280011853062318e-01,5.166576647522388432e-01,-1.707529632834504582e-02,9.685779546356963407e-03
5.636499352910400162e-01,7.146834965992574507e-01,5.232058319488230858e-01,-4.744422615742592275e-01,5.341080949773510111e-01,2.166973786768430499e-01,1.569368028985869065e-02,-5.257413072285135325e-01,3.533061254664263129e-01,4.501485194021008218e-01,2.034857790507548225e-01,-8.890454176284660892e-02,-5.785461897971980738e-01,2.259227391078880154e-01,-2.515125423890774425e-01,2.387262642936396895e-01,1.586420323503007213e-01,3.807160818354858312e-01,3.338360908100007074e-01,1.042587904525575926e-01,3.416700148498064138e-01,2.421945624196086277e-01,1.646091195893789882e-01,1.866199376050572678e-01,2.928855049472855465e-01,6.161272829837817211e-01,6.847592763079536349e-01,5.867528970236403074e-01,3.606213818336237442e-01,3.977138366406244296e-01,1.000000000000000000e+00,5.436545732699513689e-01,5.353459456919155146e-01,2.349817153758674837e-01,5.304306260696166619e-01,5.549543672424673835e-01,5.912608256343802049e-01,-3.049076159142362630e-01,-3.540171599605893560e-01
6.548523422428824681e-01,7.086433074218664308e-01,6.040374704119618743e-01,-3.683213361058734203e-01,6.101191345820599077e-01,2.998647864184337819e-01,-4.827072646774191456e-02,-5.902727288376146131e-01,4.419656172311190456e-01,6.818164696186785889e-01,5.497945538382315034e-01,-2.231563704191211889e-02,-2.711453501732352667e-01,3.969918060088472034e-01,-2.339394641253600138e-01,5.653561421089430272e-01,4.492141945087669286e-01,4.928863469226861249e-01,3.584286219549850938e-01,1.862508898981370120e-01,3.987752903277996253e-01,3.354644040843346442e-01,3.881368024980934583e-01,4.080681834843202238e-01,4.879454387732816145e-01,7.539028297281661350e-01,5.386224263970753601e-01,4.769520910908309208e-01,7.682516425361390899e-01,5.399584426278947191e-01,5.436545732699513689e-01,1.000000000000000000e+00,6.594278325320591660e-01,3.298847963709647391e-01,8.352037461346240033e-01,7.207608140655344942e-01,8.803391342819971710e-01,-2.918763843356578236e-01,-3.454748888435816845e-01
6.628685881263328694e-01,6.286992841797642839e-01,8.338933478629807494e-01,-2.297220274604377666e-01,7.307061407815020893e-01,1.316717931364370098e-01,1.874593746786890891e-01,-8.176566051312486039e-01,4.093384805296145235e-01,6.160032011670515395e-01,3.616773526718545795e-01,1.138468043251157913e-01,-1.331410045788229413e-01,3.810107145714934362e-01,-5.103239378525009640e-02,5.861159644210043318e-01,3.112576818659062439e-01,4.023735094716762162e-01,4.066870101202879062e-01,3.743564893774555258e-01,7.114744498259654160e-01,5.983716500595365195e-01,5.322111266433748877e-01,3.646318895932738613e-01,6.450742564605351781e-01,6.856447723654119919e-01,5.064228634968407361e-01,5.363436713462658156e-01,4.586486944388179499e-01,4.865668700126825064e-01,5.353459456919155146e-01,6.594278325320591660e-01,1.000000000000000000e+00,4.615750180895294430e-01,6.290809738127285389e-01,5.840953405260550513e-01,6.977954086428153069e-01,-7.006388729496701440e-02,-1.889290621283641891e-01
5.346094013550797275e-01,2.856808692075578637e-01,6.473803647927848237e-01,2.573831838188870291e-01,7.021401572375102207e-01,2.579002750145582001e-01,2.959318430606677208e-01,-6.420871086215962364e-01,7.364803312328497276e-01,3.489944063088015191e-01,4.535282734157649598e-01,4.443776526523209314e-01,2.624979074358452236e-01,4.780585744661147163e-01,2.315645918869859432e-01,5.416135871711230676e-01,5.753902345231372006e-01,-2.790707679185050472e-02,2.261168713879995185e-01,6.823408820847917111e-01,5.917181628955663353e-01,7.515904945459065400e-01,5.063512397059155568e-01,5.188131839285468200e-02,4.553096427926888179e-01,3.924356974282859900e-01,1.278122607074032857e-01,4.341259551195799093e-01,1.248939042479379757e-01,4.669949519928944248e-01,2.349817153758674837e-01,3.298847963709647391e-01,4.615750180895294430e-01,1.000000000000000000e+00,1.240333045512293508e-01,4.105948695660138204e-01,2.440900800241992685e-01,4.106162691855798630e-01,2.270197893300560932e-01
6.157486108302493433e-01,7.357719579376209573e-01,5.102064533037782290e-01,-4.635253987506904316e-01,5.484077837715051196e-01,1.871273113265640997e-01,-6.889745355702496521e-02,-4.933474139347627796e-01,2.675406938790697020e-01,6.359843160843109411e-01,3.558052385259116157e-01,-1.642293436438294896e-01,-3.705768190401441675e-01,3.395363358243091989e-01,-3.017360968989163950e-01,4.860270243602554108e-01,2.468938600625488200e-01,5.142054377836086099e-01,2.494561238984267515e-01,2.101641848681755007e-02,3.086474677074461104e-01,1.765627146206023013e-01,3.267269407602548803e-01,4.500313541056623068e-01,4.397346991770957336e-01,7.219349168556106200e-01,4.925058995113396065e-01,3.760874751956127526e-01,7.254778302378867005e-01,5.080227272820266871e-01,5.304306260696166619e-01,8.352037461346240033e-01,6.290809738127285389e-01,1.240333045512293508e-01,1.000000000000000000e+00,6.472175558633066483e-01,8.794313345154325390e-01,-3.747730854900784836e-01,-3.231608425631672388e-01
6.588081693227673119e-01,6.668171773406363911e-01,6.473442404703402264e-01,-2.822297073537931578e-01,6.868637922085258918e-01,3.319430655717544587e-01,-1.396455031488643209e-02,-6.598709170280383507e-01,5.737051406338630199e-01,5.566017380752962262e-01,4.751361182394313043e-01,-2.504899693672706096e-02,-2.488972151396951216e-01,2.981445929935342964e-01,-1.644182187418473107e-01,5.149849512528494877e-01,4.344928813246692334e-01,4.680240305763639919e-01,4.522668884563587621e-01,2.605787199853513147e-01,4.172672997206287038e-01,4.089647684029877328e-01,3.059968119981780199e-01,5.278084729323513635e-02,3.658173995504666043e-01,7.117331490815432815e-01,5.008887378911516253e-01,4.632533296429291458e-01,4.973149813020903975e-01,7.569280011853062318e-01,5.549543672424673835e-01,7.207608140655344942e-01,5.840953405260550513e-01,4.105948695660138204e-01,6.472175558633066483e-01,1.000000000000000000e+00,7.338330962301367055e-01,-2.923436039988173141e-01,-3.726505606435134288e-01
6.433951043601493502e-01,7.544892870745879554e-01,6.025545025101326502e-01,-4.446621617813716898e-01,6.064694849780638553e-01,1.964287569146890844e-01,-9.398889050685073354e-02,-5.901343776184891921e-01,3.346299758454150397e-01,6.439218443330249064e-01,4.199459290357951957e-01,-6.726114218840759107e-02,-3.586281552670728123e-01,2.755673723577573009e-01,-2.537468746117099161e-01,5.398581901451509069e-01,2.875586728018153515e-01,5.618633196795327356e-01,4.123092014237845215e-01,1.229980390053222045e-01,4.033708148751360967e-01,2.726455967427206528e-01,3.499019957528421432e-01,3.751590844146898140e-01,5.048600397488616220e-01,7.928944268318660615e-01,6.100766208704336835e-01,5.088473155521565650e-01,7.004186375202604564e-01,5.166576647522388432e-01,5.912608256343802049e-01,8.803391342819971710e-01,6.977954086428153069e-01,2.440900800241992685e-01,8.794313345154325390e-01,7.338330962301367055e-01,1.000000000000000000e+00,-3.740745158809432591e-01,-4.374514460673173399e-01
9.054549126000119297e-02,-3.213047100996315186e-01,5.871499717289942882e-02,5.732438376447580586e-01,8.127146832697351719e-02,-2.662669067204625484e-01,4.609296478590304003e-01,-8.742061859258003914e-03,1.535853216235668062e-01,-5.423742901529998023e-02,2.817104384699616309e-03,6.509571198875786502e-01,6.540232461255922614e-01,1.749594664117947451e-01,6.364952176686663465e-01,2.782371003503752438e-01,1.179572245120368290e-01,-5.872396282546521462e-01,-1.005334982607545696e-01,6.140586422292486635e-01,2.024334194116547692e-01,5.122486856167370872e-01,4.389359206308667827e-01,4.812461458677839976e-02,3.102302489013588627e-01,-1.492436953831382807e-01,-3.254995600772898623e-01,5.986214711916194864e-02,-3.868798761644335338e-01,-1.707529632834504582e-02,-3.049076159142362630e-01,-2.918763843356578236e-01,-7.006388729496701440e-02,4.106162691855798630e-01,-3.747730854900784836e-01,-2.923436039988173141e-01,-3.740745158809432591e-01,1.000000000000000000e+00,7.957101758281180937e-01
-6.505646441906323685e-02,-3.322669608657150553e-01,-9.399799040741570189e-02,5.288300207297461641e-01,-4.379460247735141726e-02,-1.433736594224703509e-01,3.681519483274651727e-01,1.241368836609860055e-01,9.129051964436048217e-02,-7.081002398524718910e-02,3.757057437769946440e-02,3.696139769704466227e-01,5.187822838748179510e-01,2.359059279737266979e-01,3.938896166069852933e-01,1.089338761543243855e-01,1.362878597793031887e-01,-5.010269328440869474e-01,-4.791927260554977308e-01,3.449466086405272858e-01,-1.172555946715149282e-02,2.612590609844372969e-01,3.298688132131968875e-01,2.373116174457921834e-02,1.925382593510353846e-01,-2.532363774410648083e-01,-4.004757047919190738e-01,-2.054259160724699607e-01,-3.671291302961602887e-01,9.685779546356963407e-03,-3.540171599605893560e-01,-3.454748888435816845e-01,-1.889290621283641891e-01,2.270197893300560932e-01,-3.231608425631672388e-01,-3.726505606435134288e-01,-4.374514460673173399e-01,7.957101758281180937e-01,1.000000000000000000e+00
