1.000000000000000000e+00,9.040971555490783240e-01,7.443215933637499226e-01,8.987825239340724304e-01,6.847953463908138527e-01,-8.276804417946628245e-01,9.031689853793366529e-01,-6.540983084406215564e-01,9.157476268362665373e-01,9.026992936541026191e-01,-8.794338601186864057e-01,-7.041418287999301473e-01,-3.163942903198432854e-01,-6.419230408690748124e-01,-9.099058586043393682e-01,9.254469771675642997e-01,-7.896515720668377813e-01,9.177404102071082814e-01,8.995568927048280816e-01,8.683570795241054574e-01,1.116062276047159740e-01,1.423197854109500005e-01,-2.950921978987769423e-01,7.911981388035078666e-01,-6.816941111141678888e-01,8.749448771573903327e-01,6.310808502463613467e-02,8.420955618360904671e-01,5.885949601184236046e-01,9.182483807706282031e-01,-5.142979953404875904e-01,1.847060612034011895e-01,-4.959813762583623609e-01,9.060715038550505307e-01,-3.079798008657809172e-01,2.992186686797190798e-01,-2.481883528271546790e-01,9.136855695801442412e-01,8.570716494455687950e-01
9.040971555490783240e-01,1.000000000000000000e+00,7.311652712150593647e-01,8.819749248512868123e-01,6.865879799017470253e-01,-7.674764706055513530e-01,9.034660879634641706e-01,-6.594930482292425955e-01,9.104532122885596879e-01,9.045466547102131161e-01,-8.280085119381930259e-01,-6.381659641293871976e-01,-1.587688074516221404e-01,-5.543535836347083245e-01,-8.767968053795025529e-01,8.987858871973277708e-01,-7.538942069663987500e-01,8.961772233449867286e-01,9.043213452679597086e-01,8.048237898969018422e-01,9.435725884378401429e-02,1.818998602675339360e-01,-1.873666048308606502e-01,8.144817991496781096e-01,-6.408066148220111780e-01,8.445767274375368672e-01,1.738467278282826156e-01,7.866268696367565427e-01,5.616600504573210362e-01,8.900843758481883361e-01,-4.430396898826362562e-01,3.100677959317069687e-01,-4.324415963184370937e-01,9.014326803211009098e-01,-2.285820481103502111e-01,3.496524498136646675e-01,-1.490050034220545827e-01,9.121909045989952114e-01,8.895721400233929099e-01
7.443215933637499226e-01,7.311652712150593647e-01,1.000000000000000000e+00,7.665259169411434703e-01,7.964917959331034858e-01,-7.008622756836562218e-01,7.454553886747341540e-01,-8.999178660291878851e-01,7.562719245050811834e-01,8.068891517930526502e-01,-7.100418948084121773e-01,-6.558025610945459327e-01,-2.365642028960690535e-01,-4.562869850087323265e-01,-7.827804486182525778e-01,7.650350992685484020e-01,-6.571055405476741162e-01,7.758307400250094021e-01,7.554789652161046920e-01,7.656862655289676800e-01,4.450471121806840458e-01,5.596211758006721659e-01,-1.490989373778821847e-01,5.768601032678040141e-01,-4.545072076942388017e-01,7.687709016537890294e-01,6.339042593545178572e-02,7.387141669139817290e-01,5.631026397459114596e-01,7.736890208545319503e-01,-3.290144459331840743e-01,1.457872829042436980e-01,-9.432276245149351368e-02,7.702134865871369529e-01,-2.154213974207452309e-01,4.978827676782118794e-01,-9.433177719893354185e-02,7.089478707061107610e-01,6.869531493643769027e-01
8.987825239340724304e-01,8.819749248512868123e-01,7.665259169411434703e-01,1.000000000000000000e+00,6.929504531751075058e-01,-7.846285202488697541e-01,9.075664899240052375e-01,-6.956800050845313166e-01,8.968431245181391898e-01,8.932154047686571285e-01,-8.317448345428370970e-01,-7.054383042622391908e-01,-2.438102922079174728e-01,-5.698175504855890194e-01,-8.876934359043129330e-01,8.956224228224320960e-01,-7.762716651291580172e-01,8.987798538465883169e-01,9.044985376231493568e-01,8.375317009883613828e-01,1.306595436367186114e-01,2.128340899056193336e-01,-1.913538605552284610e-01,7.884762279786543537e-01,-5.938803510728128954e-01,8.648726519987741668e-01,1.289434309299050674e-01,7.900942635851315732e-01,6.233745818822336027e-01,8.831548413094145733e-01,-4.762701907282168579e-01,1.909051256102516081e-01,-4.488670068201645047e-01,8.932149513022342724e-01,-2.315620900696973572e-01,3.688299538692456081e-01,-1.695900505887781573e-01,8.855969315041362089e-01,8.444032478075551573e-01
6.847953463908138527e-01,6.865879799017470253e-01,7.964917959331034858e-01,6.929504531751075058e-01,1.000000000000000000e+00,-5.925925440923014431e-01,6.877863209344069473e-01,-7.523544956215905133e-01,7.196451268557945147e-01,7.157938186702080818e-01,-6.327712247973329429e-01,-5.983269002141198278e-01,-1.775373242170847632e-01,-3.436871444029018785e-01,-7.220480379411776672e-01,6.876776935403121627e-01,-5.447440771557195971e-01,7.242525937517777512e-01,7.263676266941816451e-01,6.952379086651138129e-01,2.710568619668939916e-01,4.482759781556850953e-01,-4.426043337835586927e-02,5.469861671123460445e-01,-4.113266914406615293e-01,7.867045861851811317e-01,3.069082918015320072e-01,6.422615258456755294e-01,6.731221424084276039e-01,7.019675680017660735e-01,-1.394936008411231665e-01,2.927314364287258996e-01,-1.323699595044528221e-01,7.364825643677985756e-01,-9.471877012331464396e-02,5.593219422360157234e-01,6.193254217586573879e-02,6.527946860533144768e-01,6.586040442341644097e-01
-8.276804417946628245e-01,-7.674764706055513530e-01,-7.008622756836562218e-01,-7.846285202488697541e-01,-5.925925440923014431e-01,1.000000000000000000e+00,-7.822502118653981151e-01,5.870469128278853477e-01,-7.836076619500275120e-01,-8.134737120604683680e-01,9.043839960429592706e-01,6.867259200638075045e-01,4.389142229725760402e-01,7.511852396202517435e-01,8.289034255622275138e-01,-8.467015471163548135e-01,8.630265825469191077e-01,-8.141605241763282264e-01,-7.602113948245262653e-01,-8.288905847189821374e-01,-1.576241375350176110e-01,-1.655320300364317987e-01,5.312336469053838828e-01,-5.852613932902512861e-01,7.772316828955674328e-01,-7.545898469698500977e-01,2.050954994551719701e-01,-7.873971806178075017e-01,-4.282708477228807098e-01,-8.563710769401262635e-01,5.461091524539353204e-01,4.577760046652075421e-02,5.120998075590178500e-01,-7.609974422773914116e-01,4.499918559642842042e-01,-1.179270277868925271e-01,4.196758922752372722e-01,-7.631099765127795642e-01,-6.589566473159060855e-01
9.031689853793366529e-01,9.034660879634641706e-01,7.454553886747341540e-01,9.075664899240052375e-01,6.877863209344069473e-01,-7.822502118653981151e-01,1.000000000000000000e+00,-6.713011918244401466e-01,9.039082754114978746e-01,9.000713091761278761e-01,-8.286425634273487661e-01,-6.845471622496663855e-01,-1.918324185579883268e-01,-5.486148288331172962e-01,-8.789613153664245226e-01,9.000218499340962852e-01,-7.672961602468086895e-01,8.981707348230985044e-01,9.074472605054452190e-01,8.289267984126619249e-01,1.208252744792425726e-01,2.022008041815065715e-01,-1.995154389669917816e-01,7.972901292858026734e-01,-6.396830193161894274e-01,8.593910546550983520e-01,1.560834226058852303e-01,8.091333819220309920e-01,6.045509944581378692e-01,8.884865235462289235e-01,-4.296365821987210842e-01,2.639538186248764351e-01,-4.375597299997726619e-01,8.981330840992447495e-01,-2.053279227631177595e-01,3.480427598697091174e-01,-1.429789120958009085e-01,8.980107174790469271e-01,8.655879041684716446e-01
-6.540983084406215564e-01,-6.594930482292425955e-01,-8.999178660291878851e-01,-6.956800050845313166e-01,-7.523544956215905133e-01,5.870469128278853477e-01,-6.713011918244401466e-01,1.000000000000000000e+00,-6.742166080427445252e-01,-7.289637246272795412e-01,5.948708287145905160e-01,5.934472530364539589e-01,1.611939017294981569e-01,3.354579441043523680e-01,6.899555299080872839e-01,-6.747172861414663103e-01,5.666400945731722150e-01,-6.902540095977964807e-01,-6.918147048288305623e-01,-6.618526790920855607e-01,-4.604645075485993000e-01,-5.995644651826088634e-01,5.367711132348245567e-02,-5.091224696045726361e-01,3.216325233030445374e-01,-7.033021933599886699e-01,-1.391273412749325367e-01,-6.348023962025580724e-01,-5.269923195783139391e-01,-6.758861022777100658e-01,2.326716010373421628e-01,-1.534248353095548079e-01,-5.088619067725579093e-02,-6.950021374051618128e-01,1.555371359130559017e-01,-5.398224795469549475e-01,2.686755423890529668e-02,-6.410413467703724999e-01,-6.504769856605092659e-01
9.157476268362665373e-01,9.104532122885596879e-01,7.562719245050811834e-01,8.968431245181391898e-01,7.196451268557945147e-01,-7.836076619500275120e-01,9.039082754114978746e-01,-6.742166080427445252e-01,1.000000000000000000e+00,8.992995077973988671e-01,-8.469857217267240390e-01,-6.732302943286393448e-01,-2.446844367172760770e-01,-5.843810442414577588e-01,-9.012221185035839133e-01,9.096765469202122700e-01,-7.614526365212053172e-01,9.179430173046665420e-01,9.068192960322982721e-01,8.461362388613344887e-01,1.078148299869927246e-01,1.639277385363581974e-01,-2.354330162868851772e-01,8.108154647699932216e-01,-6.448434609279547480e-01,8.673116976067470896e-01,1.285699089881328916e-01,8.152906750236227351e-01,6.004815899065029106e-01,9.041919133341759229e-01,-4.811047559978625654e-01,2.696275894858173316e-01,-4.598154418949984557e-01,9.258033208771128120e-01,-2.498257151806341503e-01,3.545095942470167238e-01,-1.730988517989752451e-01,9.154775479739545307e-01,8.780868386387359337e-01
9.026992936541026191e-01,9.045466547102131161e-01,8.068891517930526502e-01,8.932154047686571285e-01,7.157938186702080818e-01,-8.134737120604683680e-01,9.000713091761278761e-01,-7.289637246272795412e-01,8.992995077973988671e-01,1.000000000000000000e+00,-8.500463782684963832e-01,-6.871168195806737211e-01,-2.387115865099364576e-01,-5.875113100095437080e-01,-8.957154877973082518e-01,9.111839652348827645e-01,-7.758921805143005335e-01,8.985144884330972248e-01,8.966636275498823805e-01,8.394904021260747307e-01,1.696203113226883719e-01,2.770575919505642304e-01,-2.273395601577019032e-01,7.696149517475560087e-01,-6.464215925694091203e-01,8.513822721603463428e-01,7.772739049595434047e-02,8.323958757041246548e-01,5.552582210745820035e-01,9.082706633486705705e-01,-4.358650688793867523e-01,2.143935006836990009e-01,-4.230665127398154923e-01,8.945895314953890010e-01,-2.719258430678787586e-01,3.509074594382589063e-01,-1.930086989180114232e-01,8.868643784013549025e-01,8.438708603593916280e-01
-8.794338601186864057e-01,-8.280085119381930259e-01,-7.100418948084121773e-01,-8.317448345428370970e-01,-6.327712247973329429e-01,9.043839960429592706e-01,-8.286425634273487661e-01,5.948708287145905160e-01,-8.469857217267240390e-01,-8.500463782684963832e-01,1.000000000000000000e+00,6.939869135353408103e-01,4.079835694488126996e-01,7.422521303762236178e-01,8.680910955155709541e-01,-8.891953778876574566e-01,8.638448049698775888e-01,-8.630477641173794900e-01,-8.154932505014221844e-01,-8.648597981265945256e-01,-1.398724609027346688e-01,-1.408115988922176987e-01,4.735562992463869803e-01,-6.835643565789503162e-01,7.697815760541816266e-01,-7.973633069575860599e-01,1.306247127981308986e-01,-8.072255346971922707e-01,-4.897990460961854642e-01,-8.958501163877717888e-01,5.790725037868061920e-01,-6.170011882893543936e-02,5.390203461002353036e-01,-8.241921044138019736e-01,4.104650379709971486e-01,-1.843732561104875489e-01,3.751247232650490315e-01,-8.273074794603296755e-01,-7.337222870955848464e-01
-7.041418287999301473e-01,-6.381659641293871976e-01,-6.558025610945459327e-01,-7.054383042622391908e-01,-5.983269002141198278e-01,6.867259200638075045e-01,-6.845471622496663855e-01,5.934472530364539589e-01,-6.732302943286393448e-01,-6.871168195806737211e-01,6.939869135353408103e-01,1.000000000000000000e+00,4.306065879186077860e-01,5.336656346579128352e-01,7.401667457802759698e-01,-7.037841349352553788e-01,6.113590229388872199e-01,-7.188391819296621188e-01,-7.092519933655754283e-01,-6.898073124168958570e-01,-2.027595673242784668e-01,-2.095482565714414935e-01,3.205495785236585071e-01,-5.465039106595090956e-01,5.148674569081677088e-01,-7.183626123580731937e-01,6.957915116738109911e-03,-6.631884278994802928e-01,-5.363756391673819568e-01,-7.191676987881532312e-01,4.032504625984207336e-01,-2.049319500800193469e-02,3.412804402231933154e-01,-6.783648960890196200e-01,3.537785758941953684e-01,-2.816956664277872613e-01,2.662369210672527742e-01,-6.621771033020792396e-01,-5.925105129167514972e-01
-3.163942903198432854e-01,-1.587688074516221404e-01,-2.365642028960690535e-01,-2.438102922079174728e-01,-1.775373242170847632e-01,4.389142229725760402e-01,-1.918324185579883268e-01,1.611939017294981569e-01,-2.446844367172760770e-01,-2.387115865099364576e-01,4.079835694488126996e-01,4.306065879186077860e-01,1.000000000000000000e+00,5.469882356170038262e-01,3.789084416737616423e-01,-3.331696300924127385e-01,2.641329339462649139e-01,-3.072684108174077999e-01,-2.006241098593373184e-01,-3.715256337512559681e-01,1.746865251070354313e-02,1.746242403110426500e-01,5.849226801485062355e-01,-3.141053824913100229e-02,3.946733522718504084e-01,-2.964295089169363684e-01,4.485440208988812349e-01,-4.122631990481104847e-01,-1.298139158312049402e-01,-3.533547134417055480e-01,2.513595835894567032e-01,4.615565718284334040e-01,3.223802295038870058e-01,-2.481596649802953469e-01,5.218935267633739716e-01,1.141980274458863215e-01,5.316191861121893902e-01,-2.393051274538146866e-01,-1.159488127686246067e-01
-6.419230408690748124e-01,-5.543535836347083245e-01,-4.562869850087323265e-01,-5.698175504855890194e-01,-3.436871444029018785e-01,7.511852396202517435e-01,-5.486148288331172962e-01,3.354579441043523680e-01,-5.843810442414577588e-01,-5.875113100095437080e-01,7.422521303762236178e-01,5.336656346579128352e-01,5.469882356170038262e-01,1.000000000000000000e+00,6.756974712711362185e-01,-6.548727950057101621e-01,6.665006215030978565e-01,-6.431386150182114569e-01,-5.244141514202540488e-01,-6.838525454503383560e-01,-3.363957586663741950e-02,3.736649627303240129e-02,6.670874080299362685e-01,-3.747568802432713064e-01,7.328076168108316191e-01,-5.136427876409818127e-01,4.629964214091797925e-01,-6.337447410652312652e-01,-1.550120150086775894e-01,-6.917986505782184325e-01,6.104234621714528242e-01,1.780591879552196610e-01,5.933007786003084982e-01,-5.502768958156761814e-01,6.389335180937197878e-01,1.798678877871477400e-01,6.142633272882540574e-01,-5.813457279392703070e-01,-4.529599129012539249e-01
-9.099058586043393682e-01,-8.767968053795025529e-01,-7.827804486182525778e-01,-8.876934359043129330e-01,-7.220480379411776672e-01,8.289034255622275138e-01,-8.789613153664245226e-01,6.899555299080872839e-01,-9.012221185035839133e-01,-8.957154877973082518e-01,8.680910955155709541e-01,7.401667457802759698e-01,3.789084416737616423e-01,6.756974712711362185e-01,1.000000000000000000e+00,-9.095206703678734295e-01,7.645143334181810912e-01,-9.227974914082397451e-01,-8.814279694166916590e-01,-8.748630664617543795e-01,-1.400260475584270137e-01,-2.004814283002330777e-01,3.448144327250950436e-01,-7.305183246948783182e-01,6.902628280252125492e-01,-8.704720328990928069e-01,-1.788929970645741427e-02,-8.583377057030202595e-01,-5.802701471262156074e-01,-9.160060286859356138e-01,4.949297752238516201e-01,-1.289095511137671179e-01,4.851050212522033389e-01,-8.985717681403588841e-01,3.454059975012925832e-01,-3.010338309959453285e-01,2.749012755175816447e-01,-8.859068591377102786e-01,-8.226581055077460958e-01
9.254469771675642997e-01,8.987858871973277708e-01,7.650350992685484020e-01,8.956224228224320960e-01,6.876776935403121627e-01,-8.467015471163548135e-01,9.000218499340962852e-01,-6.747172861414663103e-01,9.096765469202122700e-01,9.111839652348827645e-01,-8.891953778876574566e-01,-7.037841349352553788e-01,-3.331696300924127385e-01,-6.548727950057101621e-01,-9.095206703678734295e-01,1.000000000000000000e+00,-7.961909626471211920e-01,9.140114494411333279e-01,8.922803839299451312e-01,8.746158083119578430e-01,1.194789908390836569e-01,1.634124396112022481e-01,-3.157327831047843647e-01,7.674738571334442927e-01,-6.924516791929901105e-01,8.670374096283102183e-01,1.912810385923865639e-02,8.562421011062751885e-01,5.799404977053556065e-01,9.245329976845149123e-01,-5.126038292709985678e-01,1.691581187266331665e-01,-5.007476679977421741e-01,8.982371251497567322e-01,-3.253485747672460460e-01,2.855479107540339623e-01,-2.637213326642370292e-01,8.988679378873768444e-01,8.345936938801861160e-01
-7.896515720668377813e-01,-7.538942069663987500e-01,-6.571055405476741162e-01,-7.762716651291580172e-01,-5.447440771557195971e-01,8.630265825469191077e-01,-7.672961602468086895e-01,5.666400945731722150e-01,-7.614526365212053172e-01,-7.758921805143005335e-01,8.638448049698775888e-01,6.113590229388872199e-01,2.641329339462649139e-01,6.665006215030978565e-01,7.645143334181810912e-01,-7.961909626471211920e-01,1.000000000000000000e+00,-7.734359557208767555e-01,-7.502817717290412025e-01,-7.677151903359212826e-01,-1.610586585877876453e-01,-1.811418404415884864e-01,4.312620589526329762e-01,-6.211516083650499009e-01,6.996749478503974107e-01,-7.023513052331185058e-01,1.095020530479074022e-01,-6.678466791550093928e-01,-3.864722771558192216e-01,-7.960823478152022625e-01,5.709187593227287305e-01,-2.776155480441541701e-02,4.419156787783747875e-01,-7.381197382971834697e-01,3.149966873432330505e-01,-1.603916980782002788e-01,3.066026065215213814e-01,-7.483752728101211726e-01,-6.808871982814548307e-01
9.177404102071082814e-01,8.961772233449867286e-01,7.758307400250094021e-01,8.987798538465883169e-01,7.242525937517777512e-01,-8.141605241763282264e-01,8.981707348230985044e-01,-6.902540095977964807e-01,9.179430173046665420e-01,8.985144884330972248e-01,-8.630477641173794900e-01,-7.188391819296621188e-01,-3.072684108174077999e-01,-6.431386150182114569e-01,-9.227974914082397451e-01,9.140114494411333279e-01,-7.734359557208767555e-01,1.000000000000000000e+00,8.974504438871423462e-01,8.779171051046564811e-01,1.413334990626640697e-01,1.960293379827904026e-01,-2.937636932908331278e-01,7.682443922688436677e-01,-6.732987560686702899e-01,8.792800119981517559e-01,6.737158666355130832e-02,8.455127709686612869e-01,6.091416355898685575e-01,9.145053216745202551e-01,-4.926998092185765898e-01,1.924751353847996282e-01,-4.695266273083654185e-01,9.135577783815894692e-01,-3.022261109122987843e-01,3.190935674916352549e-01,-2.281440192118012467e-01,9.037980011268463842e-01,8.544906377655134833e-01
8.995568927048280816e-01,9.043213452679597086e-01,7.554789652161046920e-01,9.044985376231493568e-01,7.263676266941816451e-01,-7.602113948245262653e-01,9.074472605054452190e-01,-6.918147048288305623e-01,9.068192960322982721e-01,8.966636275498823805e-01,-8.154932505014221844e-01,-7.092519933655754283e-01,-2.006241098593373184e-01,-5.244141514202540488e-01,-8.814279694166916590e-01,8.922803839299451312e-01,-7.502817717290412025e-01,8.974504438871423462e-01,1.000000000000000000e+00,8.111056947638646264e-01,1.004475141215461359e-01,2.047445846753780940e-01,-1.555022588415101437e-01,8.126434390816071884e-01,-5.951138494784024013e-01,8.760820314529046415e-01,2.229235308008046534e-01,7.812440146863713908e-01,6.250295206653193603e-01,8.808746975510942656e-01,-4.213910821988854360e-01,2.871276849935062159e-01,-4.134639403590614770e-01,9.014069717008965643e-01,-2.096777875531207480e-01,3.870637171566150836e-01,-1.252238453531827334e-01,9.005877672648275878e-01,8.783157192102738486e-01
8.683570795241054574e-01,8.048237898969018422e-01,7.656862655289676800e-01,8.375317009883613828e-01,6.952379086651138129e-01,-8.288905847189821374e-01,8.289267984126619249e-01,-6.618526790920855607e-01,8.461362388613344887e-01,8.394904021260747307e-01,-8.648597981265945256e-01,-6.898073124168958570e-01,-3.715256337512559681e-01,-6.838525454503383560e-01,-8.748630664617543795e-01,8.746158083119578430e-01,-7.677151903359212826e-01,8.779171051046564811e-01,8.111056947638646264e-01,1.000000000000000000e+00,2.297319563408790621e-01,2.579137492609396287e-01,-3.864753594368135481e-01,6.639574195212182284e-01,-6.972428486376700540e-01,8.283086021216169437e-01,-9.606394386167155242e-02,8.656811064675328238e-01,5.929820318544016811e-01,8.802696908557128275e-01,-5.199119502635494161e-01,9.265089913406782118e-02,-4.727034566637340340e-01,8.308196657840969390e-01,-3.312700670677590220e-01,2.127778297375392258e-01,-2.894867293932052998e-01,8.151356735413148868e-01,7.223025113518286577e-01
1.116062276047159740e-01,9.435725884378401429e-02,4.450471121806840458e-01,1.306595436367186114e-01,2.710568619668939916e-01,-1.576241375350176110e-01,1.208252744792425726e-01,-4.604645075485993000e-01,1.078148299869927246e-01,1.696203113226883719e-01,-1.398724609027346688e-01,-2.027595673242784668e-01,1.746865251070354313e-02,-3.363957586663741950e-02,-1.400260475584270137e-01,1.194789908390836569e-01,-1.610586585877876453e-01,1.413334990626640697e-01,1.004475141215461359e-01,2.297319563408790621e-01,1.000000000000000000e+00,7.237232499546916165e-01,1.583471582918863016e-02,3.313291144368105817e-02,-6.834761283655299557e-02,1.281741168940113418e-01,-1.187357737106651268e-01,1.653375003570994595e-01,1.480589402491910844e-01,1.453305798366458235e-01,-4.523863312749681204e-02,6.391289547419067019e-02,5.213720392348186738e-01,1.244082462191781202e-01,1.788885709124820450e-02,3.825254758523117249e-01,3.428298226884401306e-02,6.278247889039099972e-02,6.162035340533552480e-02
1.423197854109500005e-01,1.818998602675339360e-01,5.596211758006721659e-01,2.128340899056193336e-01,4.482759781556850953e-01,-1.655320300364317987e-01,2.022008041815065715e-01,-5.995644651826088634e-01,1.639277385363581974e-01,2.770575919505642304e-01,-1.408115988922176987e-01,-2.095482565714414935e-01,1.746242403110426500e-01,3.736649627303240129e-02,-2.004814283002330777e-01,1.634124396112022481e-01,-1.811418404415884864e-01,1.960293379827904026e-01,2.047445846753780940e-01,2.579137492609396287e-01,7.237232499546916165e-01,1.000000000000000000e+00,1.393678893710947331e-01,4.635607510969450007e-02,-4.668048600494267841e-02,2.126436809264102556e-01,8.792018012909570690e-02,2.256774817108057052e-01,1.850736084564005568e-01,1.882113318466932250e-01,1.305572855851450664e-01,1.052390414355156428e-01,4.456466797265442592e-01,1.860020470413730198e-01,9.014893897168339831e-02,4.390370604637554575e-01,1.401265284528932231e-01,1.107581965905053423e-01,1.441225151320072173e-01
-2.950921978987769423e-01,-1.873666048308606502e-01,-1.490989373778821847e-01,-1.913538605552284610e-01,-4.426043337835586927e-02,5.312336469053838828e-01,-1.995154389669917816e-01,5.367711132348245567e-02,-2.354330162868851772e-01,-2.273395601577019032e-01,4.735562992463869803e-01,3.205495785236585071e-01,5.849226801485062355e-01,6.670874080299362685e-01,3.448144327250950436e-01,-3.157327831047843647e-01,4.312620589526329762e-01,-2.937636932908331278e-01,-1.555022588415101437e-01,-3.864753594368135481e-01,1.583471582918863016e-02,1.393678893710947331e-01,1.000000000000000000e+00,6.852295325686806951e-03,6.801706276184825706e-01,-1.524567349394949645e-01,6.399246935349759413e-01,-3.992174170049312409e-01,1.681993304749514750e-01,-3.678734411614174582e-01,4.534327168969551902e-01,3.480404297102431266e-01,4.246796923029058646e-01,-2.106064103365673235e-01,6.324582742922558731e-01,3.992807202397145039e-01,7.060665387786007052e-01,-2.295109937682139611e-01,-8.512742306194749642e-02
7.911981388035078666e-01,8.144817991496781096e-01,5.768601032678040141e-01,7.884762279786543537e-01,5.469861671123460445e-01,-5.852613932902512861e-01,7.972901292858026734e-01,-5.091224696045726361e-01,8.108154647699932216e-01,7.696149517475560087e-01,-6.835643565789503162e-01,-5.465039106595090956e-01,-3.141053824913100229e-02,-3.747568802432713064e-01,-7.305183246948783182e-01,7.674738571334442927e-01,-6.211516083650499009e-01,7.682443922688436677e-01,8.126434390816071884e-01,6.639574195212182284e-01,3.313291144368105817e-02,4.635607510969450007e-02,6.852295325686806951e-03,1.000000000000000000e+00,-4.260906958770910857e-01,7.335102847898381517e-01,2.735065232360189280e-01,6.131759699972840760e-01,5.454031073283922559e-01,7.481829254853539224e-01,-4.466788182580921918e-01,4.195668977339625516e-01,-3.997775481550027710e-01,8.027035555397704636e-01,-1.132934791354077292e-01,3.456687655747217036e-01,-3.515128322682996298e-02,8.195550667465201222e-01,8.114350137932293539e-01
-6.816941111141678888e-01,-6.408066148220111780e-01,-4.545072076942388017e-01,-5.938803510728128954e-01,-4.113266914406615293e-01,7.772316828955674328e-01,-6.396830193161894274e-01,3.216325233030445374e-01,-6.448434609279547480e-01,-6.464215925694091203e-01,7.697815760541816266e-01,5.148674569081677088e-01,3.946733522718504084e-01,7.328076168108316191e-01,6.902628280252125492e-01,-6.924516791929901105e-01,6.996749478503974107e-01,-6.732987560686702899e-01,-5.951138494784024013e-01,-6.972428486376700540e-01,-6.834761283655299557e-02,-4.668048600494267841e-02,6.801706276184825706e-01,-4.260906958770910857e-01,1.000000000000000000e+00,-5.430090625234237356e-01,3.231808649480609752e-01,-7.036151387425337855e-01,-2.107771842832614484e-01,-7.268657413475299034e-01,4.467445660507093907e-01,-3.299918770557252329e-02,5.346625846848527264e-01,-6.129174786768319949e-01,4.776484098482793872e-01,1.247644865319858520e-01,4.949899431385820781e-01,-6.338996349561807353e-01,-5.181693249409073943e-01
8.749448771573903327e-01,8.445767274375368672e-01,7.687709016537890294e-01,8.648726519987741668e-01,7.867045861851811317e-01,-7.545898469698500977e-01,8.593910546550983520e-01,-7.033021933599886699e-01,8.673116976067470896e-01,8.513822721603463428e-01,-7.973633069575860599e-01,-7.183626123580731937e-01,-2.964295089169363684e-01,-5.136427876409818127e-01,-8.704720328990928069e-01,8.670374096283102183e-01,-7.023513052331185058e-01,8.792800119981517559e-01,8.760820314529046415e-01,8.283086021216169437e-01,1.281741168940113418e-01,2.126436809264102556e-01,-1.524567349394949645e-01,7.335102847898381517e-01,-5.430090625234237356e-01,1.000000000000000000e+00,2.491299245104750815e-01,7.939445054267326718e-01,7.277368073030207052e-01,8.542515550993710072e-01,-3.511296706239329657e-01,1.900214811722462094e-01,-3.831172871071227837e-01,8.720492125845029641e-01,-2.016548068238707414e-01,4.323497265559340663e-01,-1.043415350806753267e-01,8.495228482015405591e-01,8.152132418846470552e-01
6.310808502463613467e-02,1.738467278282826156e-01,6.339042593545178572e-02,1.289434309299050674e-01,3.069082918015320072e-01,2.050954994551719701e-01,1.560834226058852303e-01,-1.391273412749325367e-01,1.285699089881328916e-01,7.772739049595434047e-02,1.306247127981308986e-01,6.957915116738109911e-03,4.485440208988812349e-01,4.629964214091797925e-01,-1.788929970645741427e-02,1.912810385923865639e-02,1.095020530479074022e-01,6.737158666355130832e-02,2.229235308008046534e-01,-9.606394386167155242e-02,-1.187357737106651268e-01,8.792018012909570690e-02,6.399246935349759413e-01,2.735065232360189280e-01,3.231808649480609752e-01,2.491299245104750815e-01,1.000000000000000000e+00,-1.040592045018770978e-01,3.897330113497610715e-01,-1.873726290163464300e-02,3.489720416676695414e-01,4.764687099188278374e-01,2.443329905858135920e-01,1.570357977467547184e-01,5.543007366383010392e-01,5.556240487458062871e-01,6.561942172800391271e-01,1.350619818656753623e-01,2.882903008681912405e-01
8.420955618360904671e-01,7.866268696367565427e-01,7.387141669139817290e-01,7.900942635851315732e-01,6.422615258456755294e-01,-7.873971806178075017e-01,8.091333819220309920e-01,-6.348023962025580724e-01,8.152906750236227351e-01,8.323958757041246548e-01,-8.072255346971922707e-01,-6.631884278994802928e-01,-4.122631990481104847e-01,-6.337447410652312652e-01,-8.583377057030202595e-01,8.562421011062751885e-01,-6.678466791550093928e-01,8.455127709686612869e-01,7.812440146863713908e-01,8.656811064675328238e-01,1.653375003570994595e-01,2.256774817108057052e-01,-3.992174170049312409e-01,6.131759699972840760e-01,-7.036151387425337855e-01,7.939445054267326718e-01,-1.040592045018770978e-01,1.000000000000000000e+00,5.087706657036494828e-01,8.581925716920307812e-01,-3.999542567996402509e-01,6.022205518691498005e-02,-4.594211395511439422e-01,8.131157213050198562e-01,-3.410468395970358002e-01,1.802388431855973805e-01,-3.210933565123214595e-01,7.935534547755819235e-01,7.066210534065051618e-01
5.885949601184236046e-01,5.616600504573210362e-01,5.631026397459114596e-01,6.233745818822336027e-01,6.731221424084276039e-01,-4.282708477228807098e-01,6.045509944581378692e-01,-5.269923195783139391e-01,6.004815899065029106e-01,5.552582210745820035e-01,-4.897990460961854642e-01,-5.363756391673819568e-01,-1.298139158312049402e-01,-1.550120150086775894e-01,-5.802701471262156074e-01,5.799404977053556065e-01,-3.864722771558192216e-01,6.091416355898685575e-01,6.250295206653193603e-01,5.929820318544016811e-01,1.480589402491910844e-01,1.850736084564005568e-01,1.681993304749514750e-01,5.454031073283922559e-01,-2.107771842832614484e-01,7.277368073030207052e-01,3.897330113497610715e-01,5.087706657036494828e-01,1.000000000000000000e+00,5.512033976105801258e-01,-1.493027022094629286e-01,2.588958512982753035e-01,-1.930355755523306127e-01,6.070710284033271620e-01,1.388093220373706749e-01,5.314705954114832265e-01,2.600736529925495311e-01,5.589073892509958119e-01,5.493279982264279715e-01
9.182483807706282031e-01,8.900843758481883361e-01,7.736890208545319503e-01,8.831548413094145733e-01,7.019675680017660735e-01,-8.563710769401262635e-01,8.884865235462289235e-01,-6.758861022777100658e-01,9.041919133341759229e-01,9.082706633486705705e-01,-8.958501163877717888e-01,-7.191676987881532312e-01,-3.533547134417055480e-01,-6.917986505782184325e-01,-9.160060286859356138e-01,9.245329976845149123e-01,-7.960823478152022625e-01,9.145053216745202551e-01,8.808746975510942656e-01,8.802696908557128275e-01,1.453305798366458235e-01,1.882113318466932250e-01,-3.678734411614174582e-01,7.481829254853539224e-01,-7.268657413475299034e-01,8.542515550993710072e-01,-1.873726290163464300e-02,8.581925716920307812e-01,5.512033976105801258e-01,1.000000000000000000e+00,-5.130156066195129538e-01,1.669741416594640038e-01,-4.975820330280619763e-01,8.930337911212247182e-01,-3.685991701512419394e-01,2.700730411620861360e-01,-2.958875847511326374e-01,8.884062083870918336e-01,8.181676672026707564e-01
-5.142979953404875904e-01,-4.430396898826362562e-01,-3.290144459331840743e-01,-4.762701907282168579e-01,-1.394936008411231665e-01,5.461091524539353204e-01,-4.296365821987210842e-01,2.326716010373421628e-01,-4.811047559978625654e-01,-4.358650688793867523e-01,5.790725037868061920e-01,4.032504625984207336e-01,2.513595835894567032e-01,6.104234621714528242e-01,4.949297752238516201e-01,-5.126038292709985678e-01,5.709187593227287305e-01,-4.926998092185765898e-01,-4.213910821988854360e-01,-5.199119502635494161e-01,-4.523863312749681204e-02,1.305572855851450664e-01,4.534327168969551902e-01,-4.466788182580921918e-01,4.467445660507093907e-01,-3.511296706239329657e-01,3.489720416676695414e-01,-3.999542567996402509e-01,-1.493027022094629286e-01,-5.130156066195129538e-01,1.000000000000000000e+00,5.467567455305789165e-02,5.211343918852784363e-01,-4.453252908055594927e-01,4.250570064148119220e-01,7.284073009023295242e-02,4.326098450638166115e-01,-4.787675698420477688e-01,-3.587535885217034703e-01
1.847060612034011895e-01,3.100677959317069687e-01,1.457872829042436980e-01,1.909051256102516081e-01,2.927314364287258996e-01,4.577760046652075421e-02,2.639538186248764351e-01,-1.534248353095548079e-01,2.696275894858173316e-01,2.143935006836990009e-01,-6.170011882893543936e-02,-2.049319500800193469e-02,4.615565718284334040e-01,1.780591879552196610e-01,-1.289095511137671179e-01,1.691581187266331665e-01,-2.776155480441541701e-02,1.924751353847996282e-01,2.871276849935062159e-01,9.265089913406782118e-02,6.391289547419067019e-02,1.052390414355156428e-01,3.480404297102431266e-01,4.195668977339625516e-01,-3.299918770557252329e-02,1.900214811722462094e-01,4.764687099188278374e-01,6.022205518691498005e-02,2.588958512982753035e-01,1.669741416594640038e-01,5.467567455305789165e-02,1.000000000000000000e+00,9.455531572917932892e-02,2.605212789277612795e-01,2.717258806735255994e-01,3.324103808572193564e-01,3.951506213038251114e-01,2.440559519236815411e-01,3.143480130385253868e-01
-4.959813762583623609e-01,-4.324415963184370937e-01,-9.432276245149351368e-02,-4.488670068201645047e-01,-1.323699595044528221e-01,5.120998075590178500e-01,-4.375597299997726619e-01,-5.088619067725579093e-02,-4.598154418949984557e-01,-4.230665127398154923e-01,5.390203461002353036e-01,3.412804402231933154e-01,3.223802295038870058e-01,5.933007786003084982e-01,4.851050212522033389e-01,-5.007476679977421741e-01,4.419156787783747875e-01,-4.695266273083654185e-01,-4.134639403590614770e-01,-4.727034566637340340e-01,5.213720392348186738e-01,4.456466797265442592e-01,4.246796923029058646e-01,-3.997775481550027710e-01,5.346625846848527264e-01,-3.831172871071227837e-01,2.443329905858135920e-01,-4.594211395511439422e-01,-1.930355755523306127e-01,-4.975820330280619763e-01,5.211343918852784363e-01,9.455531572917932892e-02,1.000000000000000000e+00,-4.210377993192022661e-01,3.562668287731591277e-01,3.121707107818330607e-01,3.897469418827793075e-01,-4.660722343731505402e-01,-3.354731768138747849e-01
9.060715038550505307e-01,9.014326803211009098e-01,7.702134865871369529e-01,8.932149513022342724e-01,7.364825643677985756e-01,-7.609974422773914116e-01,8.981330840992447495e-01,-6.950021374051618128e-01,9.258033208771128120e-01,8.945895314953890010e-01,-8.241921044138019736e-01,-6.783648960890196200e-01,-2.481596649802953469e-01,-5.502768958156761814e-01,-8.985717681403588841e-01,8.982371251497567322e-01,-7.381197382971834697e-01,9.135577783815894692e-01,9.014069717008965643e-01,8.308196657840969390e-01,1.244082462191781202e-01,1.860020470413730198e-01,-2.106064103365673235e-01,8.027035555397704636e-01,-6.129174786768319949e-01,8.720492125845029641e-01,1.570357977467547184e-01,8.131157213050198562e-01,6.070710284033271620e-01,8.930337911212247182e-01,-4.453252908055594927e-01,2.605212789277612795e-01,-4.210377993192022661e-01,1.000000000000000000e+00,-2.329245814884118304e-01,4.024833315346600382e-01,-1.513828901436789220e-01,9.094459487505999196e-01,8.811369870403608084e-01
-3.079798008657809172e-01,-2.285820481103502111e-01,-2.154213974207452309e-01,-2.315620900696973572e-01,-9.471877012331464396e-02,4.499918559642842042e-01,-2.053279227631177595e-01,1.555371359130559017e-01,-2.498257151806341503e-01,-2.719258430678787586e-01,4.104650379709971486e-01,3.537785758941953684e-01,5.218935267633739716e-01,6.389335180937197878e-01,3.454059975012925832e-01,-3.253485747672460460e-01,3.149966873432330505e-01,-3.022261109122987843e-01,-2.096777875531207480e-01,-3.312700670677590220e-01,1.788885709124820450e-02,9.014893897168339831e-02,6.324582742922558731e-01,-1.132934791354077292e-01,4.776484098482793872e-01,-2.016548068238707414e-01,5.543007366383010392e-01,-3.410468395970358002e-01,1.388093220373706749e-01,-3.685991701512419394e-01,4.250570064148119220e-01,2.717258806735255994e-01,3.562668287731591277e-01,-2.329245814884118304e-01,1.000000000000000000e+00,2.812334285152262026e-01,8.508118633818848586e-01,-2.637919819814377731e-01,-1.582944797405571036e-01
2.992186686797190798e-01,3.496524498136646675e-01,4.978827676782118794e-01,3.688299538692456081e-01,5.593219422360157234e-01,-1.179270277868925271e-01,3.480427598697091174e-01,-5.398224795469549475e-01,3.545095942470167238e-01,3.509074594382589063e-01,-1.843732561104875489e-01,-2.816956664277872613e-01,1.141980274458863215e-01,1.798678877871477400e-01,-3.010338309959453285e-01,2.855479107540339623e-01,-1.603916980782002788e-01,3.190935674916352549e-01,3.870637171566150836e-01,2.127778297375392258e-01,3.825254758523117249e-01,4.390370604637554575e-01,3.992807202397145039e-01,3.456687655747217036e-01,1.247644865319858520e-01,4.323497265559340663e-01,5.556240487458062871e-01,1.802388431855973805e-01,5.314705954114832265e-01,2.700730411620861360e-01,7.284073009023295242e-02,3.324103808572193564e-01,3.121707107818330607e-01,4.024833315346600382e-01,2.812334285152262026e-01,1.000000000000000000e+00,4.324226869270975659e-01,3.009592373535082688e-01,3.900507152701937486e-01
-2.481883528271546790e-01,-1.490050034220545827e-01,-9.433177719893354185e-02,-1.695900505887781573e-01,6.193254217586573879e-02,4.196758922752372722e-01,-1.429789120958009085e-01,2.686755423890529668e-02,-1.730988517989752451e-01,-1.930086989180114232e-01,3.751247232650490315e-01,2.662369210672527742e-01,5.316191861121893902e-01,6.142633272882540574e-01,2.749012755175816447e-01,-2.637213326642370292e-01,3.066026065215213814e-01,-2.281440192118012467e-01,-1.252238453531827334e-01,-2.894867293932052998e-01,3.428298226884401306e-02,1.401265284528932231e-01,7.060665387786007052e-01,-3.515128322682996298e-02,4.949899431385820781e-01,-1.043415350806753267e-01,6.561942172800391271e-01,-3.210933565123214595e-01,2.600736529925495311e-01,-2.958875847511326374e-01,4.326098450638166115e-01,3.951506213038251114e-01,3.897469418827793075e-01,-1.513828901436789220e-01,8.508118633818848586e-01,4.324226869270975659e-01,1.000000000000000000e+00,-2.004224336430538433e-01,-7.516529372751570848e-02
9.136855695801442412e-01,9.121909045989952114e-01,7.089478707061107610e-01,8.855969315041362089e-01,6.527946860533144768e-01,-7.631099765127795642e-01,8.980107174790469271e-01,-6.410413467703724999e-01,9.154775479739545307e-01,8.868643784013549025e-01,-8.273074794603296755e-01,-6.621771033020792396e-01,-2.393051274538146866e-01,-5.813457279392703070e-01,-8.859068591377102786e-01,8.988679378873768444e-01,-7.483752728101211726e-01,9.037980011268463842e-01,9.005877672648275878e-01,8.151356735413148868e-01,6.278247889039099972e-02,1.107581965905053423e-01,-2.295109937682139611e-01,8.195550667465201222e-01,-6.338996349561807353e-01,8.495228482015405591e-01,1.350619818656753623e-01,7.935534547755819235e-01,5.589073892509958119e-01,8.884062083870918336e-01,-4.787675698420477688e-01,2.440559519236815411e-01,-4.660722343731505402e-01,9.094459487505999196e-01,-2.637919819814377731e-01,3.009592373535082688e-01,-2.004224336430538433e-01,1.000000000000000000e+00,9.018641510780561754e-01
8.570716494455687950e-01,8.895721400233929099e-01,6.869531493643769027e-01,8.444032478075551573e-01,6.586040442341644097e-01,-6.589566473159060855e-01,8.655879041684716446e-01,-6.504769856605092659e-01,8.780868386387359337e-01,8.438708603593916280e-01,-7.337222870955848464e-01,-5.925105129167514972e-01,-1.159488127686246067e-01,-4.529599129012539249e-01,-8.226581055077460958e-01,8.345936938801861160e-01,-6.808871982814548307e-01,8.544906377655134833e-01,8.783157192102738486e-01,7.223025113518286577e-01,6.162035340533552480e-02,1.441225151320072173e-01,-8.512742306194749642e-02,8.114350137932293539e-01,-5.181693249409073943e-01,8.152132418846470552e-01,2.882903008681912405e-01,7.066210534065051618e-01,5.493279982264279715e-01,8.181676672026707564e-01,-3.587535885217034703e-01,3.143480130385253868e-01,-3.354731768138747849e-01,8.811369870403608084e-01,-1.582944797405571036e-01,3.900507152701937486e-01,-7.516529372751570848e-02,9.018641510780561754e-01,1.000000000000000000e+00
