1.000000000000000000e+00,6.800093850013232410e-01,6.038980231062840431e-01,5.291233566748039241e-01,5.789258377872074091e-01,-1.951548516694910085e-01,5.691443720639151049e-01,-5.396810501830651141e-01,7.202411073370338368e-01,6.536553634906490107e-01,-1.178770161503342878e-01,4.648718908029004226e-01,-5.439485553770726511e-01,6.751171758625675867e-01,5.182807184306847947e-01,7.414228772865579797e-01,-4.636202543551691813e-01,6.872913504892300685e-01,5.890455326977138695e-01,5.188119133343830347e-01,4.596773554035248344e-01,5.088905691607881199e-01,3.991186407732545960e-01,8.150144167896308800e-02,4.280615040779961467e-01,8.359798691986350949e-01,4.259978651989846377e-01,5.875588957218599306e-01,-4.831176054441603529e-02,6.439477418653253293e-01,2.037654282502401604e-01,-2.840356780950510363e-01,-1.738466957276534608e-01,1.298966882468725603e-01,6.299492647715679294e-02,5.284885182210429244e-01,2.023568674180504234e-01,7.320049030836487391e-01,6.167727197643935177e-01
6.800093850013232410e-01,1.000000000000000000e+00,4.310284116254660125e-01,3.440704572672739214e-01,4.198488715471067056e-01,-1.948202581404979705e-01,4.552388148884699559e-01,-3.691134573482520720e-01,5.402756155572139285e-01,4.786908939069883240e-01,-2.174752695151524196e-01,3.930128827277311609e-01,-2.437069072564058136e-01,6.354598216224784935e-01,3.401369310588332473e-01,5.122322087572929172e-01,-3.959709836287783613e-01,5.226605061454897561e-01,4.257885787428195012e-01,3.456206004320468428e-01,2.320570378623064700e-01,3.906083877623029998e-01,2.075602446239376841e-01,8.610379705645963833e-02,2.961217892017571907e-01,6.542926678228243587e-01,6.597967532337994934e-01,2.908082710475728971e-01,-3.211861978159372133e-01,4.489946641823400197e-01,2.299743802560000605e-01,-6.922125267943414484e-02,-2.602149447243604086e-01,1.154727860741056045e-01,1.560375382268699707e-01,3.358666022801690132e-01,1.853759334062861641e-01,5.018058833762428783e-01,5.124847392387468226e-01
6.038980231062840431e-01,4.310284116254660125e-01,1.000000000000000000e+00,7.278064553860834618e-01,6.899651598120428719e-01,-2.399213743246225439e-01,6.668380542159696445e-01,-8.777917990964222428e-01,7.231828402721411919e-01,6.190004860118832886e-01,9.077171648372876420e-03,5.676718384468982803e-01,-1.902022015980252834e-01,6.912292185768521557e-01,5.887019475137206248e-01,5.710552189533448786e-01,-5.740086816272852444e-01,7.600363449192992782e-01,7.012496371704103337e-01,7.185245382758383981e-01,8.483334603000648455e-01,8.375665608003440843e-01,3.594340919948903479e-01,2.595696476214415793e-01,5.790000895835551997e-01,6.402799910986660681e-01,2.672858470074816473e-01,6.190700107140961750e-01,-1.356309263825267175e-01,4.547650853289932904e-01,3.306488565194659612e-01,-4.647235283892277025e-01,2.462706213522518339e-01,4.640594812926762680e-01,5.001617209224750588e-02,4.487385995961463148e-01,3.455804955485103913e-01,6.794856023797858358e-01,5.906358792414009296e-01
5.291233566748039241e-01,3.440704572672739214e-01,7.278064553860834618e-01,1.000000000000000000e+00,5.182994006942057696e-01,-3.058779748122536501e-01,8.501175376265145411e-01,-5.048656518819688577e-01,7.856818562588298027e-01,7.613308311983818522e-01,-3.164412288660130301e-02,7.448634558227700264e-01,-8.914089143836401163e-02,5.373099146258337733e-01,7.741566903799798061e-01,6.539035835703584931e-01,-7.607691911469542934e-01,8.348599454620773130e-01,8.862636944300793518e-01,8.306719393608276159e-01,7.465143246295325996e-01,8.325245017123916735e-01,5.059406814515968742e-01,2.642212867115206754e-01,7.296300538310440675e-01,5.819448590043311276e-01,2.073725629555958905e-01,7.304000769811463956e-01,-3.608893714342306658e-01,5.292300535573396525e-01,4.409963892801943564e-01,-6.290215593957237949e-01,-1.564652203500014327e-01,4.579180999250716533e-01,-1.158862412345393611e-01,6.135978202274789961e-01,2.587306127528369859e-01,7.986112578956421348e-01,7.592929878493125395e-01
5.789258377872074091e-01,4.198488715471067056e-01,6.899651598120428719e-01,5.182994006942057696e-01,1.000000000000000000e+00,-3.891752007005082337e-02,5.295090787056588866e-01,-6.178020453504488030e-01,6.808507508706513889e-01,6.235969248799499987e-01,6.390070477192601184e-02,5.143247464033335881e-01,-3.233147698826651095e-01,6.761028595269346075e-01,4.955193786775805020e-01,6.509342827315639513e-01,-4.240799104463821578e-01,6.436102829505102596e-01,5.223887677884793135e-01,5.926509506071349076e-01,4.892395171400512610e-01,5.535204345148999616e-01,2.811007161984787062e-01,3.221293089120489395e-01,3.923157412962196555e-01,6.856715770006736044e-01,3.641195171555849375e-01,6.569600817648205693e-01,-2.447558390645589860e-02,5.836403096488069764e-01,4.027855133272993382e-01,-2.993630033557085901e-01,-3.864922096128961537e-02,5.530418372265780702e-01,1.481816460343241826e-01,2.099667311780249457e-01,3.792276593072337887e-01,6.478076745411581738e-01,5.747562514314412674e-01
-1.951548516694910085e-01,-1.948202581404979705e-01,-2.399213743246225439e-01,-3.058779748122536501e-01,-3.891752007005082337e-02,1.000000000000000000e+00,-1.825321933221003001e-01,1.845078439634429135e-01,-9.179156192165027761e-02,-1.790173340306076555e-01,1.827353332361861815e-01,-8.388875490745634211e-02,1.249132149803514613e-01,-2.889863707847804830e-02,-1.310593024402234574e-01,-8.636268219036703775e-02,5.943615556991952431e-01,-2.118017240078781116e-01,-2.341665312571308000e-01,-1.653471177214904664e-01,-3.274233161276675630e-01,-2.802275702097722365e-01,2.360406602553893063e-01,2.495743645929876242e-01,-9.097711555266792260e-02,-1.135971461864261067e-01,1.704926645975459940e-02,-1.116939387093661071e-02,2.961431430701030321e-01,9.476829359971405964e-02,-8.185590365859017614e-02,3.171746042437659230e-01,-6.914584633936532443e-02,-2.251077633162711436e-02,2.046395920129156221e-01,-4.057535564408729645e-01,3.703161057035706527e-01,-1.266349888780571309e-01,-7.403333540573842075e-02
5.691443720639151049e-01,4.552388148884699559e-01,6.668380542159696445e-01,8.501175376265145411e-01,5.295090787056588866e-01,-1.825321933221003001e-01,1.000000000000000000e+00,-4.215016632682649367e-01,8.505077459757954816e-01,7.848475044064564532e-01,-3.047607263393039417e-02,8.243615570555336003e-01,-2.087694873047488409e-01,6.048388620327358467e-01,8.764318897066042391e-01,7.243159075127768576e-01,-7.330634395610737819e-01,8.586193670265946931e-01,8.874295119237023410e-01,8.541597414660104803e-01,6.564192526548774387e-01,8.195452723559539798e-01,4.762234000731299655e-01,3.340156443242989770e-01,6.899332732779170918e-01,6.728541972217230160e-01,3.405324969818195879e-01,7.681773462960761467e-01,-3.464070407581661959e-01,5.988351713350377192e-01,3.925403124736261407e-01,-5.255063410543248104e-01,-3.693451665883809576e-01,5.318350541947597376e-01,-1.509347527791812804e-01,5.327773913930469174e-01,2.670307160975370353e-01,8.658200379464374707e-01,8.490462848824276154e-01
-5.396810501830651141e-01,-3.691134573482520720e-01,-8.777917990964222428e-01,-5.048656518819688577e-01,-6.178020453504488030e-01,1.845078439634429135e-01,-4.215016632682649367e-01,1.000000000000000000e+00,-5.514474952937234997e-01,-4.759739358326966485e-01,1.880836570131795907e-02,-3.119702312307029990e-01,2.273872904463946909e-01,-6.088727119942096699e-01,-3.274216432508196273e-01,-4.481520386787004595e-01,3.663345474696192428e-01,-5.868145896114456139e-01,-5.025643190646852387e-01,-4.748357271421525527e-01,-7.321662152164253312e-01,-6.632955790230079529e-01,-2.309715100955755107e-01,-8.446033672810708548e-02,-3.755595690610579740e-01,-5.285327820844510915e-01,-2.495600109298536373e-01,-4.016152138761073798e-01,4.820990908986226564e-02,-3.582746431611835702e-01,-2.156285823348233488e-01,2.917926913065231886e-01,-4.049705371666479925e-01,-2.838247281553011314e-01,-6.498722343847287974e-02,-3.239754676699088676e-01,-2.288337625823573251e-01,-4.907933267028593560e-01,-4.053984818896703701e-01
7.202411073370338368e-01,5.402756155572139285e-01,7.231828402721411919e-01,7.856818562588298027e-01,6.808507508706513889e-01,-9.179156192165027761e-02,8.505077459757954816e-01,-5.514474952937234997e-01,1.000000000000000000e+00,8.312622122991922824e-01,-7.389782634172274711e-02,8.071103360276208338e-01,-3.595604633625378854e-01,6.968011550140995602e-01,8.107795334039004098e-01,8.189620083917601434e-01,-6.030291085399087647e-01,9.082325325438284080e-01,8.510132571374380284e-01,7.831595374835128576e-01,6.229536611537711543e-01,7.698171670068558736e-01,5.216225039071573644e-01,2.885857564251903540e-01,6.289497350227094552e-01,8.105588963257935875e-01,4.654212500041284839e-01,7.754022841158585422e-01,-2.547944094533227677e-01,7.472683282438578045e-01,3.549019577338373699e-01,-4.587403729621424842e-01,-3.017651675265904943e-01,5.078340937380885212e-01,-9.400733185106824319e-02,4.761860311724174788e-01,2.999084207713726968e-01,9.208617561795103823e-01,8.975900622822506891e-01
6.536553634906490107e-01,4.786908939069883240e-01,6.190004860118832886e-01,7.613308311983818522e-01,6.235969248799499987e-01,-1.790173340306076555e-01,7.848475044064564532e-01,-4.759739358326966485e-01,8.312622122991922824e-01,1.000000000000000000e+00,-1.095952729337444920e-01,6.499726589803811461e-01,-2.818635931636655489e-01,5.856992502990691074e-01,7.348766994357245341e-01,8.566278086571526007e-01,-6.131726735713995957e-01,7.725473402424573033e-01,8.395031498307898854e-01,6.575561674688069624e-01,5.224001836611790184e-01,6.465018067474936903e-01,4.447650265985729212e-01,1.424782316989661735e-01,5.811811668897136629e-01,7.016267661401408562e-01,4.092805035078039833e-01,7.444906156412290921e-01,-2.276337380655680809e-01,8.194782154578242883e-01,5.567712425688593481e-01,-3.349645240018247483e-01,-2.906937306164150137e-01,3.652483958201042658e-01,-1.807594891699085549e-01,5.568782845335142895e-01,1.982164963853602913e-01,8.331696869434247477e-01,8.103038861925904168e-01
-1.178770161503342878e-01,-2.174752695151524196e-01,9.077171648372876420e-03,-3.164412288660130301e-02,6.390070477192601184e-02,1.827353332361861815e-01,-3.047607263393039417e-02,1.880836570131795907e-02,-7.389782634172274711e-02,-1.095952729337444920e-01,1.000000000000000000e+00,-8.596002535477811554e-03,2.043246487748364704e-01,-4.605468675568270137e-02,2.815624800053158697e-02,-8.346619384852425882e-02,1.803609924816243770e-01,-1.018038587264388645e-01,-8.081286681996704968e-02,5.199007423245374793e-02,1.987039255307392407e-02,-5.857142469136510099e-02,8.775597342600589823e-03,1.646156537068288739e-01,-3.329411116300180079e-02,-1.251180758804256721e-01,-2.503106511333543782e-01,8.557265870159991294e-02,2.094015778972164732e-01,-5.457770995014925991e-02,2.998109853640433531e-02,-1.227918677581439633e-02,1.432840855885466336e-01,2.413450085953630087e-01,4.727627975855751979e-02,-1.897265380861268835e-01,1.728395052163872458e-01,-9.898390631894390945e-02,-9.801934492633189444e-02
4.648718908029004226e-01,3.930128827277311609e-01,5.676718384468982803e-01,7.448634558227700264e-01,5.143247464033335881e-01,-8.388875490745634211e-02,8.243615570555336003e-01,-3.119702312307029990e-01,8.071103360276208338e-01,6.499726589803811461e-01,-8.596002535477811554e-03,1.000000000000000000e+00,-1.873460116140515941e-01,5.632598550075025301e-01,8.720625785066143942e-01,6.250754288999671449e-01,-6.514689492987155717e-01,7.850331263139055382e-01,7.491446309716908170e-01,8.241995957071536205e-01,5.412428079004618642e-01,7.351831230037537690e-01,4.254694806209007307e-01,4.283040763545603036e-01,5.969771520409997700e-01,6.198166685859564096e-01,3.209875580261988826e-01,7.243267862597018159e-01,-2.891320568326308238e-01,5.432390438490467544e-01,3.078588656569332671e-01,-5.135607287264590815e-01,-4.263424941906481802e-01,6.477407139064546016e-01,-8.813034895196214524e-02,3.238756352025450869e-01,3.581540451371434952e-01,7.964128593137309586e-01,8.112995561847430315e-01
-5.439485553770726511e-01,-2.437069072564058136e-01,-1.902022015980252834e-01,-8.914089143836401163e-02,-3.233147698826651095e-01,1.249132149803514613e-01,-2.087694873047488409e-01,2.273872904463946909e-01,-3.595604633625378854e-01,-2.818635931636655489e-01,2.043246487748364704e-01,-1.873460116140515941e-01,1.000000000000000000e+00,-2.341968450404335600e-01,-2.549558365265150450e-01,-4.777355591321907902e-01,2.038541958702667634e-01,-2.875349796339818909e-01,-1.415916716107449569e-01,-1.329815577377284341e-01,-1.221843209989681850e-01,-1.464782964501609719e-01,5.872629807023360682e-02,1.328469468717123070e-01,4.213036248293234448e-02,-5.034596501390016243e-01,-1.579677242819107763e-01,-2.409099714398803271e-01,-8.785960999328175369e-02,-3.705537808453798765e-01,2.013986916647152181e-01,8.986752783754399510e-02,3.010510757990519370e-01,-1.773227429718186171e-02,1.644458224033236438e-01,-1.286835010383131639e-01,2.225715795416767506e-01,-4.158599371821445900e-01,-3.133460731096577856e-01
6.751171758625675867e-01,6.354598216224784935e-01,6.912292185768521557e-01,5.373099146258337733e-01,6.761028595269346075e-01,-2.889863707847804830e-02,6.048388620327358467e-01,-6.088727119942096699e-01,6.968011550140995602e-01,5.856992502990691074e-01,-4.605468675568270137e-02,5.632598550075025301e-01,-2.341968450404335600e-01,1.000000000000000000e+00,5.543044489422231935e-01,6.243908525471012494e-01,-4.456318208987079532e-01,6.862572607291644866e-01,6.013730841159532492e-01,6.055041627461553722e-01,5.591452118075758149e-01,6.189915766690109455e-01,3.997101773547621084e-01,3.268297398832543110e-01,5.261585179292164183e-01,7.269890792091027176e-01,4.571432386710070350e-01,5.861859381061620411e-01,-9.872411544128628647e-02,5.175382402070481946e-01,3.239035764481985602e-01,-2.962233478828810718e-01,-4.715175123383336109e-02,3.857215004208278120e-01,1.720778181178355959e-01,3.627111315689842685e-01,4.512437351439152478e-01,6.503596619820369851e-01,5.807038492749160286e-01
5.182807184306847947e-01,3.401369310588332473e-01,5.887019475137206248e-01,7.741566903799798061e-01,4.955193786775805020e-01,-1.310593024402234574e-01,8.764318897066042391e-01,-3.274216432508196273e-01,8.107795334039004098e-01,7.348766994357245341e-01,2.815624800053158697e-02,8.720625785066143942e-01,-2.549558365265150450e-01,5.543044489422231935e-01,1.000000000000000000e+00,7.149937874485583489e-01,-6.899240723859465518e-01,7.787652570384092643e-01,8.193089587059279033e-01,8.447025889426200695e-01,5.989165709336291554e-01,7.404856846207061860e-01,4.175524358038113504e-01,3.595768724415047135e-01,6.463292823532851283e-01,6.359146549701587547e-01,2.212754247270903862e-01,7.819798776435008536e-01,-2.221994032312659129e-01,5.932285431337366299e-01,3.278689766205797884e-01,-5.210954414758042219e-01,-4.138320586737999074e-01,6.059648235717948195e-01,-1.804816108826400034e-01,4.410658056985900521e-01,2.688062447361791452e-01,8.267902989095582411e-01,8.011439964688090720e-01
7.414228772865579797e-01,5.122322087572929172e-01,5.710552189533448786e-01,6.539035835703584931e-01,6.509342827315639513e-01,-8.636268219036703775e-02,7.243159075127768576e-01,-4.481520386787004595e-01,8.189620083917601434e-01,8.566278086571526007e-01,-8.346619384852425882e-02,6.250754288999671449e-01,-4.777355591321907902e-01,6.243908525471012494e-01,7.149937874485583489e-01,1.000000000000000000e+00,-4.988465565496337795e-01,7.433792497506290786e-01,7.412748779664998233e-01,6.092159460556642037e-01,4.256913668820619390e-01,5.567843658641482563e-01,4.317357719644144831e-01,1.023540572270225518e-01,4.668424201131471940e-01,7.773814988237904844e-01,3.693798013205533692e-01,7.612640366958141058e-01,-1.026942072794067989e-01,8.460018524643658777e-01,3.564235978942558725e-01,-3.132926777983746081e-01,-3.827616924118017461e-01,2.943188038124913697e-01,-2.487198910041809596e-01,4.415402900492343408e-01,1.219197959454026009e-01,8.270149658259341452e-01,7.778835285570603331e-01
-4.636202543551691813e-01,-3.959709836287783613e-01,-5.740086816272852444e-01,-7.607691911469542934e-01,-4.240799104463821578e-01,5.943615556991952431e-01,-7.330634395610737819e-01,3.663345474696192428e-01,-6.030291085399087647e-01,-6.131726735713995957e-01,1.803609924816243770e-01,-6.514689492987155717e-01,2.038541958702667634e-01,-4.456318208987079532e-01,-6.899240723859465518e-01,-4.988465565496337795e-01,1.000000000000000000e+00,-6.909294976683001410e-01,-7.252176906721781169e-01,-7.066085778410143847e-01,-6.343290457393843118e-01,-7.174286086823868924e-01,-2.005019674033096666e-01,-1.909175998818661568e-01,-5.516120499007265421e-01,-5.007060944909449418e-01,-2.035429097096084217e-01,-5.149663430838312683e-01,4.370906537875708375e-01,-3.319771888504918778e-01,-3.395412142986460879e-01,5.853611469216375429e-01,2.250321320483063270e-01,-3.884873314172230252e-01,8.906776442417224660e-02,-6.026107590259950353e-01,-8.097447466374729785e-02,-6.505219240287138938e-01,-6.000686864576665336e-01
6.872913504892300685e-01,5.226605061454897561e-01,7.600363449192992782e-01,8.348599454620773130e-01,6.436102829505102596e-01,-2.118017240078781116e-01,8.586193670265946931e-01,-5.868145896114456139e-01,9.082325325438284080e-01,7.725473402424573033e-01,-1.018038587264388645e-01,7.850331263139055382e-01,-2.875349796339818909e-01,6.862572607291644866e-01,7.787652570384092643e-01,7.433792497506290786e-01,-6.909294976683001410e-01,1.000000000000000000e+00,8.733196629920888521e-01,8.216990849960903454e-01,7.076125276889531079e-01,8.323811694909746262e-01,5.389401090264858141e-01,3.097779155257022188e-01,6.751364054922274205e-01,8.047063391850703962e-01,4.595467990126306801e-01,7.389443434409225242e-01,-3.426590598024025214e-01,6.034734697363529632e-01,3.168722129345981631e-01,-5.545789389088036092e-01,-2.296620566617989523e-01,4.385563465188493937e-01,-3.765473237328162415e-02,5.554808064280734037e-01,2.844332820828693875e-01,8.998918349516764614e-01,8.619452293647493768e-01
5.890455326977138695e-01,4.257885787428195012e-01,7.012496371704103337e-01,8.862636944300793518e-01,5.223887677884793135e-01,-2.341665312571308000e-01,8.874295119237023410e-01,-5.025643190646852387e-01,8.510132571374380284e-01,8.395031498307898854e-01,-8.081286681996704968e-02,7.491446309716908170e-01,-1.415916716107449569e-01,6.013730841159532492e-01,8.193089587059279033e-01,7.412748779664998233e-01,-7.252176906721781169e-01,8.733196629920888521e-01,1.000000000000000000e+00,8.038011816589364367e-01,6.913709652167415731e-01,8.153471268174395936e-01,5.550601314177352474e-01,2.436266105470288879e-01,7.450082411735843291e-01,6.565998579507482669e-01,3.166765279771600050e-01,7.701023613715898275e-01,-3.394726513694796832e-01,6.146423482307730168e-01,4.630518238262718023e-01,-5.177462066534928020e-01,-2.568473341374600816e-01,4.090833286161597582e-01,-1.559041487421604089e-01,6.378021356254197638e-01,2.411555610660043591e-01,8.500955556413147818e-01,8.265118302134796258e-01
5.188119133343830347e-01,3.456206004320468428e-01,7.185245382758383981e-01,8.306719393608276159e-01,5.926509506071349076e-01,-1.653471177214904664e-01,8.541597414660104803e-01,-4.748357271421525527e-01,7.831595374835128576e-01,6.575561674688069624e-01,5.199007423245374793e-02,8.241995957071536205e-01,-1.329815577377284341e-01,6.055041627461553722e-01,8.447025889426200695e-01,6.092159460556642037e-01,-7.066085778410143847e-01,8.216990849960903454e-01,8.038011816589364367e-01,1.000000000000000000e+00,7.375341388528484643e-01,8.427589718046974987e-01,4.304858750920197430e-01,4.815249120103879399e-01,6.982472410643768557e-01,6.354055481197160571e-01,2.303545697728822950e-01,7.842619017112283375e-01,-2.224674039371398182e-01,4.560721744013196410e-01,3.401154713599962576e-01,-5.879206511940279212e-01,-1.910559521289181273e-01,6.056484840348186349e-01,2.899479068046109317e-02,4.789420007934633849e-01,4.272046306991195141e-01,7.779571022675303427e-01,7.318644851595461631e-01
4.596773554035248344e-01,2.320570378623064700e-01,8.483334603000648455e-01,7.465143246295325996e-01,4.892395171400512610e-01,-3.274233161276675630e-01,6.564192526548774387e-01,-7.321662152164253312e-01,6.229536611537711543e-01,5.224001836611790184e-01,1.987039255307392407e-02,5.412428079004618642e-01,-1.221843209989681850e-01,5.591452118075758149e-01,5.989165709336291554e-01,4.256913668820619390e-01,-6.343290457393843118e-01,7.076125276889531079e-01,6.913709652167415731e-01,7.375341388528484643e-01,1.000000000000000000e+00,8.752490723494340541e-01,3.102908738964718083e-01,2.776456878454036103e-01,5.948699836634592231e-01,4.980557867735159738e-01,1.209820918948616847e-01,5.588554418385633937e-01,-1.607502124074829397e-01,2.529859755174554414e-01,2.605287052660776315e-01,-5.327365346790916556e-01,2.972822288519171297e-01,4.349449472076474255e-01,5.861380514742046098e-03,5.497985765664721303e-01,2.806138138527188297e-01,6.153054982240100390e-01,5.190798720704814517e-01
5.088905691607881199e-01,3.906083877623029998e-01,8.375665608003440843e-01,8.325245017123916735e-01,5.535204345148999616e-01,-2.802275702097722365e-01,8.195452723559539798e-01,-6.632955790230079529e-01,7.698171670068558736e-01,6.465018067474936903e-01,-5.857142469136510099e-02,7.351831230037537690e-01,-1.464782964501609719e-01,6.189915766690109455e-01,7.404856846207061860e-01,5.567843658641482563e-01,-7.174286086823868924e-01,8.323811694909746262e-01,8.153471268174395936e-01,8.427589718046974987e-01,8.752490723494340541e-01,1.000000000000000000e+00,3.894593302864286510e-01,3.331146596597525655e-01,6.612825361505709765e-01,6.060219789103016286e-01,2.911109676172423666e-01,6.673069230728003731e-01,-2.912441520711667176e-01,3.917037088691951441e-01,3.060273828144386421e-01,-5.341580372046034197e-01,8.374617756692532416e-03,5.228389796796770739e-01,-4.097769311886616944e-02,5.329999254580175538e-01,2.993487136004918114e-01,7.576284991424908632e-01,7.232837797545871306e-01
3.991186407732545960e-01,2.075602446239376841e-01,3.594340919948903479e-01,5.059406814515968742e-01,2.811007161984787062e-01,2.360406602553893063e-01,4.762234000731299655e-01,-2.309715100955755107e-01,5.216225039071573644e-01,4.447650265985729212e-01,8.775597342600589823e-03,4.254694806209007307e-01,5.872629807023360682e-02,3.997101773547621084e-01,4.175524358038113504e-01,4.317357719644144831e-01,-2.005019674033096666e-01,5.389401090264858141e-01,5.550601314177352474e-01,4.304858750920197430e-01,3.102908738964718083e-01,3.894593302864286510e-01,1.000000000000000000e+00,2.455743540116516466e-01,6.493195971979526249e-01,4.520013532121538447e-01,2.207628218480749138e-01,4.554552237575086870e-01,-1.900916679076999349e-01,4.308073179306141087e-01,1.607086659779921323e-01,-3.844987484828397140e-01,-1.462034209352832959e-01,6.281533433035552116e-02,9.054439687508147871e-02,4.418573302156865168e-01,3.526296341756653963e-01,5.287998161117337670e-01,5.070763690540202040e-01
8.150144167896308800e-02,8.610379705645963833e-02,2.595696476214415793e-01,2.642212867115206754e-01,3.221293089120489395e-01,2.495743645929876242e-01,3.340156443242989770e-01,-8.446033672810708548e-02,2.885857564251903540e-01,1.424782316989661735e-01,1.646156537068288739e-01,4.283040763545603036e-01,1.328469468717123070e-01,3.268297398832543110e-01,3.595768724415047135e-01,1.023540572270225518e-01,-1.909175998818661568e-01,3.097779155257022188e-01,2.436266105470288879e-01,4.815249120103879399e-01,2.776456878454036103e-01,3.331146596597525655e-01,2.455743540116516466e-01,1.000000000000000000e+00,4.005373751713997010e-01,2.641854362012742707e-01,1.864399221184898647e-01,4.268156752222380668e-01,1.092335982856113274e-01,1.334337635568918212e-01,2.245298873527444838e-01,-1.509872080115673421e-01,-3.412362317803728506e-02,4.100408031479106929e-01,4.749321369091018541e-01,1.082262693965674732e-01,6.871819203596620795e-01,2.672273320195535651e-01,2.125873237066289168e-01
4.280615040779961467e-01,2.961217892017571907e-01,5.790000895835551997e-01,7.296300538310440675e-01,3.923157412962196555e-01,-9.097711555266792260e-02,6.899332732779170918e-01,-3.755595690610579740e-01,6.289497350227094552e-01,5.811811668897136629e-01,-3.329411116300180079e-02,5.969771520409997700e-01,4.213036248293234448e-02,5.261585179292164183e-01,6.463292823532851283e-01,4.668424201131471940e-01,-5.516120499007265421e-01,6.751364054922274205e-01,7.450082411735843291e-01,6.982472410643768557e-01,5.948699836634592231e-01,6.612825361505709765e-01,6.493195971979526249e-01,4.005373751713997010e-01,1.000000000000000000e+00,5.128746431118949012e-01,1.556609046424394516e-01,6.156428919198995153e-01,-2.766529258205649433e-01,3.641973973577077306e-01,3.194292731642271455e-01,-5.641530358508803911e-01,-1.049213572214269391e-01,3.480064617050658282e-01,7.608742741963067657e-02,5.726714467896230065e-01,4.159834260981268295e-01,6.388947949109129443e-01,5.813932502852348083e-01
8.359798691986350949e-01,6.542926678228243587e-01,6.402799910986660681e-01,5.819448590043311276e-01,6.856715770006736044e-01,-1.135971461864261067e-01,6.728541972217230160e-01,-5.285327820844510915e-01,8.105588963257935875e-01,7.016267661401408562e-01,-1.251180758804256721e-01,6.198166685859564096e-01,-5.034596501390016243e-01,7.269890792091027176e-01,6.359146549701587547e-01,7.773814988237904844e-01,-5.007060944909449418e-01,8.047063391850703962e-01,6.565998579507482669e-01,6.354055481197160571e-01,4.980557867735159738e-01,6.060219789103016286e-01,4.520013532121538447e-01,2.641854362012742707e-01,5.128746431118949012e-01,1.000000000000000000e+00,5.898871066557924703e-01,6.934017098579008387e-01,-6.923822080764342746e-02,6.663376200853123876e-01,2.414967193369600973e-01,-3.268473603614790446e-01,-2.641713338682310508e-01,2.793030684648424855e-01,1.021639823460729901e-01,4.796297907360253521e-01,3.098424221238985643e-01,8.175818387169996315e-01,7.418258220006082038e-01
4.259978651989846377e-01,6.597967532337994934e-01,2.672858470074816473e-01,2.073725629555958905e-01,3.641195171555849375e-01,1.704926645975459940e-02,3.405324969818195879e-01,-2.495600109298536373e-01,4.654212500041284839e-01,4.092805035078039833e-01,-2.503106511333543782e-01,3.209875580261988826e-01,-1.579677242819107763e-01,4.571432386710070350e-01,2.212754247270903862e-01,3.693798013205533692e-01,-2.035429097096084217e-01,4.595467990126306801e-01,3.166765279771600050e-01,2.303545697728822950e-01,1.209820918948616847e-01,2.911109676172423666e-01,2.207628218480749138e-01,1.864399221184898647e-01,1.556609046424394516e-01,5.898871066557924703e-01,1.000000000000000000e+00,2.340428845359197041e-01,-2.478384188875962235e-01,4.224086668072568052e-01,2.277412821363645756e-01,7.234695471399484046e-02,-2.404870855937545349e-01,7.075423878274689216e-02,2.637820607212679191e-01,2.168125098804933037e-01,2.184628576841914083e-01,4.172340172610983222e-01,4.751118520959961011e-01
5.875588957218599306e-01,2.908082710475728971e-01,6.190700107140961750e-01,7.304000769811463956e-01,6.569600817648205693e-01,-1.116939387093661071e-02,7.681773462960761467e-01,-4.016152138761073798e-01,7.754022841158585422e-01,7.444906156412290921e-01,8.557265870159991294e-02,7.243267862597018159e-01,-2.409099714398803271e-01,5.861859381061620411e-01,7.819798776435008536e-01,7.612640366958141058e-01,-5.149663430838312683e-01,7.389443434409225242e-01,7.701023613715898275e-01,7.842619017112283375e-01,5.588554418385633937e-01,6.673069230728003731e-01,4.554552237575086870e-01,4.268156752222380668e-01,6.156428919198995153e-01,6.934017098579008387e-01,2.340428845359197041e-01,1.000000000000000000e+00,9.023433849242729066e-02,6.621870834613736712e-01,4.922654756639620599e-01,-3.652354470188079461e-01,-2.611013346976443494e-01,4.990372649411232153e-01,-2.676410369934864239e-02,4.422282620523261265e-01,4.388522253838489928e-01,7.865490530752774490e-01,7.012030104678297349e-01
-4.831176054441603529e-02,-3.211861978159372133e-01,-1.356309263825267175e-01,-3.608893714342306658e-01,-2.447558390645589860e-02,2.961431430701030321e-01,-3.464070407581661959e-01,4.820990908986226564e-02,-2.547944094533227677e-01,-2.276337380655680809e-01,2.094015778972164732e-01,-2.891320568326308238e-01,-8.785960999328175369e-02,-9.872411544128628647e-02,-2.221994032312659129e-01,-1.026942072794067989e-01,4.370906537875708375e-01,-3.426590598024025214e-01,-3.394726513694796832e-01,-2.224674039371398182e-01,-1.607502124074829397e-01,-2.912441520711667176e-01,-1.900916679076999349e-01,1.092335982856113274e-01,-2.766529258205649433e-01,-6.923822080764342746e-02,-2.478384188875962235e-01,9.023433849242729066e-02,1.000000000000000000e+00,-1.440700643223503420e-02,-5.474221652539482119e-02,4.720365214158069311e-01,2.719178173318672065e-01,-1.096418403936141178e-01,1.421632075201646195e-01,-1.799107051694758264e-01,2.374750105264774869e-01,-2.611137616833421604e-01,-3.749651599715647099e-01
6.439477418653253293e-01,4.489946641823400197e-01,4.547650853289932904e-01,5.292300535573396525e-01,5.836403096488069764e-01,9.476829359971405964e-02,5.988351713350377192e-01,-3.582746431611835702e-01,7.472683282438578045e-01,8.194782154578242883e-01,-5.457770995014925991e-02,5.432390438490467544e-01,-3.705537808453798765e-01,5.175382402070481946e-01,5.932285431337366299e-01,8.460018524643658777e-01,-3.319771888504918778e-01,6.034734697363529632e-01,6.146423482307730168e-01,4.560721744013196410e-01,2.529859755174554414e-01,3.917037088691951441e-01,4.308073179306141087e-01,1.334337635568918212e-01,3.641973973577077306e-01,6.663376200853123876e-01,4.224086668072568052e-01,6.621870834613736712e-01,-1.440700643223503420e-02,1.000000000000000000e+00,4.079527769854570662e-01,-1.387976445718078766e-01,-3.295985078362244081e-01,2.623587383970079623e-01,-1.410171782074811919e-01,3.290501523930989825e-01,2.223877734765596359e-01,7.244382994779152707e-01,7.070254783583052038e-01
2.037654282502401604e-01,2.299743802560000605e-01,3.306488565194659612e-01,4.409963892801943564e-01,4.027855133272993382e-01,-8.185590365859017614e-02,3.925403124736261407e-01,-2.156285823348233488e-01,3.549019577338373699e-01,5.567712425688593481e-01,2.998109853640433531e-02,3.078588656569332671e-01,2.013986916647152181e-01,3.239035764481985602e-01,3.278689766205797884e-01,3.564235978942558725e-01,-3.395412142986460879e-01,3.168722129345981631e-01,4.630518238262718023e-01,3.401154713599962576e-01,2.605287052660776315e-01,3.060273828144386421e-01,1.607086659779921323e-01,2.245298873527444838e-01,3.194292731642271455e-01,2.414967193369600973e-01,2.277412821363645756e-01,4.922654756639620599e-01,-5.474221652539482119e-02,4.079527769854570662e-01,1.000000000000000000e+00,-2.012294456048665733e-02,-5.514211307901373260e-02,2.872089648869047274e-01,4.704880096742902057e-02,3.093063365710783108e-01,3.856412495639431337e-01,3.377164495804822475e-01,3.283760272198063546e-01
-2.840356780950510363e-01,-6.922125267943414484e-02,-4.647235283892277025e-01,-6.290215593957237949e-01,-2.993630033557085901e-01,3.171746042437659230e-01,-5.255063410543248104e-01,2.917926913065231886e-01,-4.587403729621424842e-01,-3.349645240018247483e-01,-1.227918677581439633e-02,-5.135607287264590815e-01,8.986752783754399510e-02,-2.962233478828810718e-01,-5.210954414758042219e-01,-3.132926777983746081e-01,5.853611469216375429e-01,-5.545789389088036092e-01,-5.177462066534928020e-01,-5.879206511940279212e-01,-5.327365346790916556e-01,-5.341580372046034197e-01,-3.844987484828397140e-01,-1.509872080115673421e-01,-5.641530358508803911e-01,-3.268473603614790446e-01,7.234695471399484046e-02,-3.652354470188079461e-01,4.720365214158069311e-01,-1.387976445718078766e-01,-2.012294456048665733e-02,1.000000000000000000e+00,6.144592982514359564e-02,-3.428424317136741228e-01,1.101716471694180605e-01,-3.399598992013032062e-01,-6.545205385140767662e-02,-4.866124614924317582e-01,-4.443860793980071722e-01
-1.738466957276534608e-01,-2.602149447243604086e-01,2.462706213522518339e-01,-1.564652203500014327e-01,-3.864922096128961537e-02,-6.914584633936532443e-02,-3.693451665883809576e-01,-4.049705371666479925e-01,-3.017651675265904943e-01,-2.906937306164150137e-01,1.432840855885466336e-01,-4.263424941906481802e-01,3.010510757990519370e-01,-4.715175123383336109e-02,-4.138320586737999074e-01,-3.827616924118017461e-01,2.250321320483063270e-01,-2.296620566617989523e-01,-2.568473341374600816e-01,-1.910559521289181273e-01,2.972822288519171297e-01,8.374617756692532416e-03,-1.462034209352832959e-01,-3.412362317803728506e-02,-1.049213572214269391e-01,-2.641713338682310508e-01,-2.404870855937545349e-01,-2.611013346976443494e-01,2.719178173318672065e-01,-3.295985078362244081e-01,-5.514211307901373260e-02,6.144592982514359564e-02,1.000000000000000000e+00,-1.612308627605874012e-01,2.512139970462508032e-01,-1.685223118903103612e-02,1.407316764569547518e-01,-3.639115658652543606e-01,-4.469794318761446394e-01
1.298966882468725603e-01,1.154727860741056045e-01,4.640594812926762680e-01,4.579180999250716533e-01,5.530418372265780702e-01,-2.251077633162711436e-02,5.318350541947597376e-01,-2.838247281553011314e-01,5.078340937380885212e-01,3.652483958201042658e-01,2.413450085953630087e-01,6.477407139064546016e-01,-1.773227429718186171e-02,3.857215004208278120e-01,6.059648235717948195e-01,2.943188038124913697e-01,-3.884873314172230252e-01,4.385563465188493937e-01,4.090833286161597582e-01,6.056484840348186349e-01,4.349449472076474255e-01,5.228389796796770739e-01,6.281533433035552116e-02,4.100408031479106929e-01,3.480064617050658282e-01,2.793030684648424855e-01,7.075423878274689216e-02,4.990372649411232153e-01,-1.096418403936141178e-01,2.623587383970079623e-01,2.872089648869047274e-01,-3.428424317136741228e-01,-1.612308627605874012e-01,1.000000000000000000e+00,-1.755653211775649175e-02,-7.093633812372802938e-02,3.196728136603149140e-01,4.655364235358288028e-01,4.731576031721100861e-01
6.299492647715679294e-02,1.560375382268699707e-01,5.001617209224750588e-02,-1.158862412345393611e-01,1.481816460343241826e-01,2.046395920129156221e-01,-1.509347527791812804e-01,-6.498722343847287974e-02,-9.400733185106824319e-02,-1.807594891699085549e-01,4.727627975855751979e-02,-8.813034895196214524e-02,1.644458224033236438e-01,1.720778181178355959e-01,-1.804816108826400034e-01,-2.487198910041809596e-01,8.906776442417224660e-02,-3.765473237328162415e-02,-1.559041487421604089e-01,2.899479068046109317e-02,5.861380514742046098e-03,-4.097769311886616944e-02,9.054439687508147871e-02,4.749321369091018541e-01,7.608742741963067657e-02,1.021639823460729901e-01,2.637820607212679191e-01,-2.676410369934864239e-02,1.421632075201646195e-01,-1.410171782074811919e-01,4.704880096742902057e-02,1.101716471694180605e-01,2.512139970462508032e-01,-1.755653211775649175e-02,1.000000000000000000e+00,-1.091510036132132405e-03,6.314867678449093136e-01,-1.118961452138112905e-01,-1.746679691163605108e-01
5.284885182210429244e-01,3.358666022801690132e-01,4.487385995961463148e-01,6.135978202274789961e-01,2.099667311780249457e-01,-4.057535564408729645e-01,5.327773913930469174e-01,-3.239754676699088676e-01,4.761860311724174788e-01,5.568782845335142895e-01,-1.897265380861268835e-01,3.238756352025450869e-01,-1.286835010383131639e-01,3.627111315689842685e-01,4.410658056985900521e-01,4.415402900492343408e-01,-6.026107590259950353e-01,5.554808064280734037e-01,6.378021356254197638e-01,4.789420007934633849e-01,5.497985765664721303e-01,5.329999254580175538e-01,4.418573302156865168e-01,1.082262693965674732e-01,5.726714467896230065e-01,4.796297907360253521e-01,2.168125098804933037e-01,4.422282620523261265e-01,-1.799107051694758264e-01,3.290501523930989825e-01,3.093063365710783108e-01,-3.399598992013032062e-01,-1.685223118903103612e-02,-7.093633812372802938e-02,-1.091510036132132405e-03,1.000000000000000000e+00,1.106321140893102850e-01,5.331816158834002950e-01,4.392688052463358805e-01
2.023568674180504234e-01,1.853759334062861641e-01,3.455804955485103913e-01,2.587306127528369859e-01,3.792276593072337887e-01,3.703161057035706527e-01,2.670307160975370353e-01,-2.288337625823573251e-01,2.999084207713726968e-01,1.982164963853602913e-01,1.728395052163872458e-01,3.581540451371434952e-01,2.225715795416767506e-01,4.512437351439152478e-01,2.688062447361791452e-01,1.219197959454026009e-01,-8.097447466374729785e-02,2.844332820828693875e-01,2.411555610660043591e-01,4.272046306991195141e-01,2.806138138527188297e-01,2.993487136004918114e-01,3.526296341756653963e-01,6.871819203596620795e-01,4.159834260981268295e-01,3.098424221238985643e-01,2.184628576841914083e-01,4.388522253838489928e-01,2.374750105264774869e-01,2.223877734765596359e-01,3.856412495639431337e-01,-6.545205385140767662e-02,1.407316764569547518e-01,3.196728136603149140e-01,6.314867678449093136e-01,1.106321140893102850e-01,1.000000000000000000e+00,2.477014276597328812e-01,2.033070452208635415e-01
7.320049030836487391e-01,5.018058833762428783e-01,6.794856023797858358e-01,7.986112578956421348e-01,6.478076745411581738e-01,-1.266349888780571309e-01,8.658200379464374707e-01,-4.907933267028593560e-01,9.208617561795103823e-01,8.331696869434247477e-01,-9.898390631894390945e-02,7.964128593137309586e-01,-4.158599371821445900e-01,6.503596619820369851e-01,8.267902989095582411e-01,8.270149658259341452e-01,-6.505219240287138938e-01,8.998918349516764614e-01,8.500955556413147818e-01,7.779571022675303427e-01,6.153054982240100390e-01,7.576284991424908632e-01,5.287998161117337670e-01,2.672273320195535651e-01,6.388947949109129443e-01,8.175818387169996315e-01,4.172340172610983222e-01,7.865490530752774490e-01,-2.611137616833421604e-01,7.244382994779152707e-01,3.377164495804822475e-01,-4.866124614924317582e-01,-3.639115658652543606e-01,4.655364235358288028e-01,-1.118961452138112905e-01,5.331816158834002950e-01,2.477014276597328812e-01,1.000000000000000000e+00,8.999369418992028136e-01
6.167727197643935177e-01,5.124847392387468226e-01,5.906358792414009296e-01,7.592929878493125395e-01,5.747562514314412674e-01,-7.403333540573842075e-02,8.490462848824276154e-01,-4.053984818896703701e-01,8.975900622822506891e-01,8.103038861925904168e-01,-9.801934492633189444e-02,8.112995561847430315e-01,-3.133460731096577856e-01,5.807038492749160286e-01,8.011439964688090720e-01,7.778835285570603331e-01,-6.000686864576665336e-01,8.619452293647493768e-01,8.265118302134796258e-01,7.318644851595461631e-01,5.190798720704814517e-01,7.232837797545871306e-01,5.070763690540202040e-01,2.125873237066289168e-01,5.813932502852348083e-01,7.418258220006082038e-01,4.751118520959961011e-01,7.012030104678297349e-01,-3.749651599715647099e-01,7.070254783583052038e-01,3.283760272198063546e-01,-4.443860793980071722e-01,-4.469794318761446394e-01,4.731576031721100861e-01,-1.746679691163605108e-01,4.392688052463358805e-01,2.033070452208635415e-01,8.999369418992028136e-01,1.000000000000000000e+00
