1.000000000000000000e+00,8.123215299236267173e-01,6.085830106931363614e-01,-9.118055350522508151e-02,6.155835037865600157e-01,-3.732833532991181036e-01,-1.072426465552822478e-01,-6.497670524827782179e-01,8.378360566594991177e-01,7.727240249866094146e-01,4.186662645233888425e-01,4.762970964338446300e-02,3.261167418864044376e-01,7.193538118519156033e-01,4.642957959856295336e-01,8.079536974636910562e-01,5.436354396890064056e-01,1.790204368070789920e-01,2.849969575297400248e-01,3.414049281575748385e-01,5.254709214692171448e-01,3.509128835217503184e-01,7.238189440903207705e-01,4.802520338080413231e-01,7.400032705370298558e-01,7.069158989499468859e-01,-1.587603214836266069e-02,6.381316380749797457e-01,6.960496620472733653e-01,8.717079794719034824e-01,-8.256847048791662869e-02,-3.107340519379439212e-02,4.623425402885413260e-01,7.107852669013693392e-01,-2.277538372631233154e-01,7.278612425988747470e-01,1.388966451308380756e-01,6.079339578619371576e-01,3.363287108388155477e-01
8.123215299236267173e-01,1.000000000000000000e+00,4.694683797614659371e-01,-1.871399803052225808e-01,5.809026093170464033e-01,-2.343589087527907788e-01,-5.400742580210447091e-02,-5.375097366206319505e-01,7.022150833371169076e-01,6.146541443581393649e-01,4.297027825993770533e-01,1.773770808274480540e-02,1.710105207204798694e-01,7.119229665346671343e-01,2.438940372430081494e-01,6.708819997196291407e-01,4.722642089378859542e-01,-4.216180515432683962e-02,1.181618086602142792e-01,1.845120986648403349e-01,3.479038657095832598e-01,2.240333985871620082e-01,5.848682532125658584e-01,5.156517611229283204e-01,5.755723803140778694e-01,5.005867879473190341e-01,1.642601150155074963e-02,3.738271805846539730e-01,6.824077688051083390e-01,7.257146589031646666e-01,-2.123831002486359712e-03,2.238611875806960638e-01,4.296106472483591787e-01,6.102825039281177810e-01,-7.064441572444685180e-02,7.436491795288935336e-01,2.883152649580334459e-01,3.580092828850925946e-01,2.735720612752470804e-01
6.085830106931363614e-01,4.694683797614659371e-01,1.000000000000000000e+00,-1.779050826409528385e-01,7.484690837869946156e-01,-3.597923697415142952e-01,-8.517692148853087120e-02,-9.111760416161962528e-01,6.218041546255230756e-01,6.235248449346145749e-01,4.487395759161226794e-01,2.422496875006559802e-01,1.416843439461924481e-01,6.308539362266821771e-01,2.916250415976073262e-01,7.355614651105073509e-01,3.940257224010264014e-01,1.198220248553791001e-01,5.461678598041387334e-01,3.835552966836742739e-01,7.095842450556685277e-01,4.785916460172620623e-01,6.049359647015142283e-01,3.735324881470472591e-01,4.701013325884144112e-01,5.503325368531274409e-01,2.790729204302477284e-01,6.652592268221384497e-01,3.738367853025473253e-01,6.576932802433653746e-01,2.718757644172876131e-01,1.565116476406002710e-01,5.408812501304423037e-01,6.575479773610550804e-01,-4.044991209305675434e-02,5.408926467915076142e-01,2.567132938197118353e-02,5.014410819187362645e-01,3.794023356546746828e-01
-9.118055350522508151e-02,-1.871399803052225808e-01,-1.779050826409528385e-01,1.000000000000000000e+00,-2.461781064858831192e-01,1.419155825128670112e-01,3.832680587114625781e-01,2.183628844194851204e-01,-2.146364558613719220e-01,3.412145654779740606e-02,-5.278285670114856165e-01,-2.685671200883887888e-01,9.168625649154575619e-02,-2.568571817364327936e-01,-1.645883907421488157e-01,-8.923949843950576555e-02,-4.559650787868738120e-01,2.978666134181735536e-01,6.477425504509867760e-02,1.246709460562479138e-01,-1.605980420536697595e-01,-9.014254877925947929e-02,-1.245106187418672239e-01,-2.693432058342298818e-01,6.351640210961581601e-02,-2.633600537192469226e-01,-3.861350554731145523e-01,-2.170118531844964227e-01,-1.906526650093884057e-01,-3.580501353460876363e-02,-1.054300214193066021e-01,-4.788493141764076921e-01,-3.729273414302106127e-01,-2.718240563061193882e-01,-3.706410279425843834e-02,-7.554247933554282535e-02,2.273619011335118595e-02,-1.989402765444757415e-01,-2.328511642858439867e-01
6.155835037865600157e-01,5.809026093170464033e-01,7.484690837869946156e-01,-2.461781064858831192e-01,1.000000000000000000e+00,-2.907407512515173820e-01,-3.078727881950472645e-01,-8.057649740283719941e-01,7.209619648094501843e-01,6.162077016876617019e-01,5.071271965886947619e-01,3.349178960608847344e-01,2.887252152051840159e-01,7.184359374030224732e-01,4.342479078566716666e-01,6.779247892664986841e-01,4.381323672457492768e-01,1.907280756089567708e-01,4.378481779110343086e-01,3.261197591172908528e-01,4.858487384976384327e-01,2.474233592944551641e-01,5.449338836402205510e-01,5.233414678748333770e-01,5.625698141134042318e-01,5.925494065533279953e-01,2.466383039313728154e-01,4.771963078404321545e-01,5.621127561615374413e-01,6.300017853667332357e-01,-2.303903969027862320e-02,2.849260076938965880e-01,5.100617211424479658e-01,7.861671225100689275e-01,2.324102943899387583e-02,5.581475154648616321e-01,1.419323682713238832e-01,5.355217897300296181e-01,3.962728944886206861e-01
-3.732833532991181036e-01,-2.343589087527907788e-01,-3.597923697415142952e-01,1.419155825128670112e-01,-2.907407512515173820e-01,1.000000000000000000e+00,1.206257769800462842e-01,3.506141948142615927e-01,-3.163967375877198562e-01,-1.792827475458859121e-01,-1.212695271124113322e-01,-3.143625363723406285e-01,-6.271431596414759335e-01,-3.642436995206610462e-01,-4.797592006580212454e-01,-4.088118740967910947e-01,-1.712189142404811279e-03,-1.076266108824882606e-01,-2.384900819079441014e-01,-6.164432637814442062e-01,-7.032948931117879443e-01,-6.519601807983463893e-01,-4.853575714581621070e-01,-1.799262934842046358e-01,-2.097993011807653407e-01,-4.422230811665263106e-01,-5.500791484699184969e-02,-5.843677354194226625e-01,9.686125785684517736e-03,-2.830854804027574945e-01,8.357960943895423322e-02,5.677922708877707753e-02,1.115932776162218282e-01,-3.580465260647124337e-01,6.088640242774603362e-01,-2.596975082598722562e-01,6.011318414015828226e-01,-5.615263972549380256e-01,-4.086297485537996876e-01
-1.072426465552822478e-01,-5.400742580210447091e-02,-8.517692148853087120e-02,3.832680587114625781e-01,-3.078727881950472645e-01,1.206257769800462842e-01,1.000000000000000000e+00,1.215183923729430820e-01,-3.318081596324040095e-01,-1.960973739191855525e-01,-4.762374858598177885e-01,-6.595988650106054951e-01,-2.047140710219941262e-01,-1.832663290417525792e-01,-5.310613721668901999e-01,-1.372494372144618391e-01,-3.368040885997979350e-01,-2.389585101736608208e-01,-1.182487951015426947e-01,-1.212753727530347519e-01,-9.174669107544436431e-02,3.187186715186149377e-02,-2.538400344478011772e-01,-3.720622449519621622e-01,-3.041008677181035180e-01,-4.130510674706527330e-01,-4.538862944341542360e-01,-1.728157355220916458e-01,-1.759206580637406314e-01,-5.746799496361079673e-02,2.304257111660062973e-01,-1.923197176906400185e-01,-1.780962117541673162e-01,-3.863461043187030319e-01,1.341724340350725631e-01,-5.028008945448236150e-02,1.016399819238192614e-01,-4.471074061022627388e-01,-4.763168293204094739e-01
-6.497670524827782179e-01,-5.375097366206319505e-01,-9.111760416161962528e-01,2.183628844194851204e-01,-8.057649740283719941e-01,3.506141948142615927e-01,1.215183923729430820e-01,1.000000000000000000e+00,-6.769205745146731346e-01,-6.362595821140630825e-01,-4.559203095789780558e-01,-2.002126415916924140e-01,-1.974845964167687706e-01,-6.729054359946710084e-01,-3.076016347328238698e-01,-7.339881841089646031e-01,-4.114788237236118862e-01,-8.814984659594968242e-02,-4.718386977655461001e-01,-3.140705233377636962e-01,-6.278130077087481498e-01,-3.667846492565640104e-01,-6.026345525994628582e-01,-4.101259709331346870e-01,-5.077158309088294352e-01,-5.398399425370510318e-01,-2.112094914755375807e-01,-5.967880989464329211e-01,-4.269737601289143036e-01,-6.916955161651057171e-01,-1.469387228556842395e-01,-1.887139873217317798e-01,-5.178347735046294753e-01,-7.150731345992881183e-01,4.392119972135246492e-02,-5.429518846108348784e-01,-4.696032022178286969e-02,-4.952823438419865498e-01,-3.747912700730222646e-01
8.378360566594991177e-01,7.022150833371169076e-01,6.218041546255230756e-01,-2.146364558613719220e-01,7.209619648094501843e-01,-3.163967375877198562e-01,-3.318081596324040095e-01,-6.769205745146731346e-01,1.000000000000000000e+00,7.640683253164902711e-01,5.043062364650460205e-01,2.443229711026045914e-01,3.225713538309797901e-01,7.522860985385603216e-01,5.512265771631372768e-01,7.641651224281393873e-01,6.042960404503650018e-01,2.020602636389111639e-01,3.166199210551293719e-01,2.848904227957434476e-01,4.797523528286137817e-01,2.648122299337120067e-01,7.096419468458462498e-01,5.612956539318323390e-01,7.484455057476329110e-01,7.604326876842638638e-01,1.581576386735893125e-01,6.233352574149455538e-01,6.827357754920352351e-01,8.359762643016847017e-01,-1.180237592018944237e-01,9.611237391546958997e-02,5.475409734244959248e-01,8.239696339775883782e-01,-1.315954794468331412e-01,6.980810167353388440e-01,1.427713054502276757e-01,6.774679741355051910e-01,4.335397757221716719e-01
7.727240249866094146e-01,6.146541443581393649e-01,6.235248449346145749e-01,3.412145654779740606e-02,6.162077016876617019e-01,-1.792827475458859121e-01,-1.960973739191855525e-01,-6.362595821140630825e-01,7.640683253164902711e-01,1.000000000000000000e+00,4.282677352481517596e-01,1.917651631727115835e-01,1.819487919145068577e-01,7.030248151333403639e-01,4.152553320364292255e-01,8.080057840833229088e-01,5.291463342912067214e-01,2.963527913699694483e-01,4.044908975023320252e-01,3.397668248348859610e-01,4.610976988283276290e-01,2.927296950376641060e-01,7.154288717386216856e-01,5.287596585188178988e-01,8.292134659385870243e-01,6.887220433204374048e-01,2.041382649531691407e-01,5.893461181159285189e-01,6.542231821643768042e-01,8.060174444003483929e-01,6.652201432554462335e-02,-7.347158059074813084e-03,5.345895876794380941e-01,6.476280329113898171e-01,5.425530996980469645e-02,6.893814604022956427e-01,3.195741692126890521e-01,5.862569844293640253e-01,4.367197363551019729e-01
4.186662645233888425e-01,4.297027825993770533e-01,4.487395759161226794e-01,-5.278285670114856165e-01,5.071271965886947619e-01,-1.212695271124113322e-01,-4.762374858598177885e-01,-4.559203095789780558e-01,5.043062364650460205e-01,4.282677352481517596e-01,1.000000000000000000e+00,3.580236006857631104e-01,6.767726314286326428e-02,5.323886448428016838e-01,3.904563493807911567e-01,4.401561956362051720e-01,7.706463260429172735e-01,5.985441243191100963e-02,1.979319935959808485e-01,2.063419959722969654e-01,3.780416764557467113e-01,2.217791395397595289e-01,4.736011955686091346e-01,5.585531080559870132e-01,3.785282180293171872e-01,5.795775773336220293e-01,4.801406014722019444e-01,4.445330962756478543e-01,4.870206367642568868e-01,3.897463605743545778e-01,9.973213328526965571e-02,4.217566088234115940e-01,5.863898908660528653e-01,4.950133019935900047e-01,5.413958885469984800e-02,4.028800635328225188e-01,1.606120834793214047e-01,4.466229346502485487e-01,3.188300583051885129e-01
4.762970964338446300e-02,1.773770808274480540e-02,2.422496875006559802e-01,-2.685671200883887888e-01,3.349178960608847344e-01,-3.143625363723406285e-01,-6.595988650106054951e-01,-2.002126415916924140e-01,2.443229711026045914e-01,1.917651631727115835e-01,3.580236006857631104e-01,1.000000000000000000e+00,2.243575384875886314e-01,2.740229698728211538e-01,4.534304000508496135e-01,2.544287866966748468e-01,1.148172599258975024e-01,2.118771594715924966e-01,3.560263807538552316e-01,3.359515748056461359e-01,3.678256753844582616e-01,3.731453104151453704e-01,3.665408125496892877e-01,3.420745565768222862e-01,2.408333618366224893e-01,3.763391032433954786e-01,6.700506832462120865e-01,2.909003296867039290e-01,5.124048902491508406e-02,1.533245918888038496e-02,1.855137703833863727e-01,3.454197658850103325e-01,1.783779973339319203e-01,3.501560090419974514e-01,-2.832650772482524226e-02,1.441134043343333393e-01,-1.163247335833128004e-01,4.612432327428409029e-01,6.893072936455580946e-01
3.261167418864044376e-01,1.710105207204798694e-01,1.416843439461924481e-01,9.168625649154575619e-02,2.887252152051840159e-01,-6.271431596414759335e-01,-2.047140710219941262e-01,-1.974845964167687706e-01,3.225713538309797901e-01,1.819487919145068577e-01,6.767726314286326428e-02,2.243575384875886314e-01,1.000000000000000000e+00,2.936979899529559845e-01,6.618338016743233743e-01,2.596873578840128705e-01,3.889451772976124794e-02,3.660128489648187822e-01,8.120749402455139376e-02,5.305628983707820767e-01,3.540666612864231677e-01,3.007659483258960931e-01,3.527583157985204054e-01,1.735982661412529826e-01,3.907656599299292322e-01,4.325408675435128969e-01,-1.762530622071362407e-01,3.449226515673405324e-01,1.577199078950139999e-01,2.835971135993859971e-01,-5.906884124197540054e-01,-1.809846650089691200e-01,-1.819422236661916992e-01,3.640545143032518083e-01,-4.819515775357791076e-01,1.597099146350201837e-01,-4.367816411738856819e-01,5.642676128854833273e-01,2.051064601358629225e-01
7.193538118519156033e-01,7.119229665346671343e-01,6.308539362266821771e-01,-2.568571817364327936e-01,7.184359374030224732e-01,-3.642436995206610462e-01,-1.832663290417525792e-01,-6.729054359946710084e-01,7.522860985385603216e-01,7.030248151333403639e-01,5.323886448428016838e-01,2.740229698728211538e-01,2.936979899529559845e-01,1.000000000000000000e+00,4.060053590707251026e-01,7.396218040656588055e-01,5.220947851098198811e-01,1.278260448458149595e-02,2.442838282034485997e-01,3.541063491206950520e-01,5.470090180831687077e-01,4.148584345804148255e-01,6.960462937287851259e-01,6.459556182728986018e-01,6.636619620217785176e-01,6.307378313392877356e-01,1.941441739195914895e-01,5.942206524896441744e-01,6.804254038773531743e-01,7.310788400552622468e-01,7.711175527105271210e-02,3.014675199996679766e-01,5.846154900957886147e-01,7.284993975497533469e-01,9.503541198359706510e-02,7.866179606020581305e-01,2.552576737156055930e-01,5.271811675198267988e-01,3.980594067232784417e-01
4.642957959856295336e-01,2.438940372430081494e-01,2.916250415976073262e-01,-1.645883907421488157e-01,4.342479078566716666e-01,-4.797592006580212454e-01,-5.310613721668901999e-01,-3.076016347328238698e-01,5.512265771631372768e-01,4.152553320364292255e-01,3.904563493807911567e-01,4.534304000508496135e-01,6.618338016743233743e-01,4.060053590707251026e-01,1.000000000000000000e+00,4.486980592954019631e-01,4.118233841857081301e-01,5.391999900112997013e-01,2.603785401788156761e-01,5.277103096195731036e-01,4.178397854523536736e-01,2.814488461895277016e-01,5.092807369336412870e-01,3.738825235096151500e-01,5.823760018535534266e-01,7.219592205316077704e-01,8.697891327401173489e-02,5.723477488422488157e-01,3.992061340931915558e-01,4.269940010749727066e-01,-4.306634377473499975e-01,-1.855797477892974501e-01,1.864326999057894785e-01,6.031205621244041248e-01,-3.966955071518507014e-01,2.895858780918570963e-01,-2.714115696595301164e-01,7.912384527582613236e-01,3.314576355767676064e-01
8.079536974636910562e-01,6.708819997196291407e-01,7.355614651105073509e-01,-8.923949843950576555e-02,6.779247892664986841e-01,-4.088118740967910947e-01,-1.372494372144618391e-01,-7.339881841089646031e-01,7.641651224281393873e-01,8.080057840833229088e-01,4.401561956362051720e-01,2.544287866966748468e-01,2.596873578840128705e-01,7.396218040656588055e-01,4.486980592954019631e-01,1.000000000000000000e+00,5.010419305638302845e-01,2.788749867514974112e-01,5.261874804614363743e-01,4.146269144120250383e-01,6.426716189713912453e-01,4.624504381335294845e-01,8.116077600006342818e-01,5.147682063303203881e-01,7.094204965005371788e-01,7.269348673207991496e-01,1.591535576863523371e-01,6.960213563069818088e-01,6.008895828475769862e-01,8.189527453101576038e-01,1.384409389403772339e-01,4.092345924581048539e-02,5.026144692795898594e-01,6.886597067373202430e-01,-1.105240696877258233e-01,7.076950088665141525e-01,1.160950599968384317e-01,6.720497870551755959e-01,4.765125954919601226e-01
5.436354396890064056e-01,4.722642089378859542e-01,3.940257224010264014e-01,-4.559650787868738120e-01,4.381323672457492768e-01,-1.712189142404811279e-03,-3.368040885997979350e-01,-4.114788237236118862e-01,6.042960404503650018e-01,5.291463342912067214e-01,7.706463260429172735e-01,1.148172599258975024e-01,3.889451772976124794e-02,5.220947851098198811e-01,4.118233841857081301e-01,5.010419305638302845e-01,1.000000000000000000e+00,9.217059583865062911e-02,1.172185659537221120e-01,8.156542165050005566e-02,2.713175153370399606e-01,1.260198209945575243e-01,4.619204100816801106e-01,5.439209606740283975e-01,4.814963833915373859e-01,6.669867628199784848e-01,2.623505387519486920e-01,5.080107671978075778e-01,6.691283478842741106e-01,5.411495351234214546e-01,-1.105891288378364236e-02,1.912034753589740010e-01,6.795547611692916989e-01,5.215224195852511402e-01,8.240133055040176069e-02,4.241413078469229991e-01,3.229667012875972465e-01,4.956410477671225334e-01,2.065878858813604002e-01
1.790204368070789920e-01,-4.216180515432683962e-02,1.198220248553791001e-01,2.978666134181735536e-01,1.907280756089567708e-01,-1.076266108824882606e-01,-2.389585101736608208e-01,-8.814984659594968242e-02,2.020602636389111639e-01,2.963527913699694483e-01,5.985441243191100963e-02,2.118771594715924966e-01,3.660128489648187822e-01,1.278260448458149595e-02,5.391999900112997013e-01,2.788749867514974112e-01,9.217059583865062911e-02,1.000000000000000000e+00,5.753564213992079512e-01,3.712266182989674701e-01,1.318099273244097425e-01,3.456974408082224420e-02,2.803292115766240489e-01,1.181591162467132000e-01,4.091776338589613871e-01,3.921502043609088051e-01,-5.996057293053951021e-02,2.495593654815945750e-01,1.692127348231879380e-01,2.029201418783492528e-01,-2.791140703716546989e-01,-4.119249430098867459e-01,-8.415548491890399718e-02,1.811594397032884884e-01,-2.374845683281692765e-01,3.162309183428334974e-02,-1.888984340246225857e-01,4.918854000356133738e-01,1.244360917556105312e-01
2.849969575297400248e-01,1.181618086602142792e-01,5.461678598041387334e-01,6.477425504509867760e-02,4.378481779110343086e-01,-2.384900819079441014e-01,-1.182487951015426947e-01,-4.718386977655461001e-01,3.166199210551293719e-01,4.044908975023320252e-01,1.979319935959808485e-01,3.560263807538552316e-01,8.120749402455139376e-02,2.442838282034485997e-01,2.603785401788156761e-01,5.261874804614363743e-01,1.172185659537221120e-01,5.753564213992079512e-01,1.000000000000000000e+00,3.710478757164200614e-01,4.748650701043261591e-01,3.267516519434533473e-01,4.237711952936598081e-01,1.547158389801862877e-01,3.025520886007387888e-01,3.718613965015375444e-01,2.636878554432241506e-01,4.049885841133264441e-01,1.007062619011900029e-01,3.220839508067913082e-01,3.018528385804425396e-01,-3.289254851125026496e-02,1.370528832066741920e-01,2.779321791355165439e-01,-8.779756892917245370e-02,2.938789552571510755e-01,-1.403484776123772593e-01,4.201402879035184279e-01,3.720907960515865698e-01
3.414049281575748385e-01,1.845120986648403349e-01,3.835552966836742739e-01,1.246709460562479138e-01,3.261197591172908528e-01,-6.164432637814442062e-01,-1.212753727530347519e-01,-3.140705233377636962e-01,2.848904227957434476e-01,3.397668248348859610e-01,2.063419959722969654e-01,3.359515748056461359e-01,5.305628983707820767e-01,3.541063491206950520e-01,5.277103096195731036e-01,4.146269144120250383e-01,8.156542165050005566e-02,3.712266182989674701e-01,3.710478757164200614e-01,1.000000000000000000e+00,6.775432137086958573e-01,6.171466353159636986e-01,4.666409455666893358e-01,1.873163102920743783e-01,3.771585679068181762e-01,4.632892659086110254e-01,1.115374877692913019e-01,5.507255688000609606e-01,1.281935127538327557e-01,3.237149326517844150e-01,-3.582239918548546509e-02,-1.369164171644124128e-01,4.178485507480864808e-02,3.045648811117198651e-01,-3.305380407038273627e-01,3.756722052475918727e-01,-2.911602314932861257e-01,5.068683322412406156e-01,2.292147169614467128e-01
5.254709214692171448e-01,3.479038657095832598e-01,7.095842450556685277e-01,-1.605980420536697595e-01,4.858487384976384327e-01,-7.032948931117879443e-01,-9.174669107544436431e-02,-6.278130077087481498e-01,4.797523528286137817e-01,4.610976988283276290e-01,3.780416764557467113e-01,3.678256753844582616e-01,3.540666612864231677e-01,5.470090180831687077e-01,4.178397854523536736e-01,6.426716189713912453e-01,2.713175153370399606e-01,1.318099273244097425e-01,4.748650701043261591e-01,6.775432137086958573e-01,1.000000000000000000e+00,8.289178899682774215e-01,6.483907381813291959e-01,2.510147650471128977e-01,3.607526958862108946e-01,6.064730794138301073e-01,3.142120878475454515e-01,8.008034137309110179e-01,2.010684318784208835e-01,5.129325895403423763e-01,2.942276008390926068e-01,6.525207275891900527e-02,3.044932767439385568e-01,4.626827156538420582e-01,-2.971234600151340111e-01,5.024220796411202894e-01,-2.532608263030318718e-01,5.972856158634841650e-01,4.299624378639128053e-01
3.509128835217503184e-01,2.240333985871620082e-01,4.785916460172620623e-01,-9.014254877925947929e-02,2.474233592944551641e-01,-6.519601807983463893e-01,3.187186715186149377e-02,-3.667846492565640104e-01,2.648122299337120067e-01,2.927296950376641060e-01,2.217791395397595289e-01,3.731453104151453704e-01,3.007659483258960931e-01,4.148584345804148255e-01,2.814488461895277016e-01,4.624504381335294845e-01,1.260198209945575243e-01,3.456974408082224420e-02,3.267516519434533473e-01,6.171466353159636986e-01,8.289178899682774215e-01,1.000000000000000000e+00,5.070621409858555584e-01,1.612304858637788052e-01,2.177688411642402788e-01,4.663605416101693768e-01,3.152301903054678389e-01,6.862253247334006989e-01,1.183865718690486485e-01,3.216482181442521515e-01,3.838356441414149667e-01,8.576266871824418658e-02,2.132673064955729336e-01,2.362096809418235688e-01,-2.125431297060040581e-01,4.064804811699060938e-01,-1.893700363669103270e-01,4.565466352314023202e-01,3.992637403340440483e-01
7.238189440903207705e-01,5.848682532125658584e-01,6.049359647015142283e-01,-1.245106187418672239e-01,5.449338836402205510e-01,-4.853575714581621070e-01,-2.538400344478011772e-01,-6.026345525994628582e-01,7.096419468458462498e-01,7.154288717386216856e-01,4.736011955686091346e-01,3.665408125496892877e-01,3.527583157985204054e-01,6.960462937287851259e-01,5.092807369336412870e-01,8.116077600006342818e-01,4.619204100816801106e-01,2.803292115766240489e-01,4.237711952936598081e-01,4.666409455666893358e-01,6.483907381813291959e-01,5.070621409858555584e-01,1.000000000000000000e+00,5.168061733088241683e-01,7.172072500884696389e-01,7.223891691607974286e-01,2.362274473907496619e-01,6.706964748931533160e-01,4.851877609577426309e-01,7.276981464620186912e-01,7.455976689809423741e-02,6.320583244659828959e-02,3.934400282110412372e-01,6.152714296992144449e-01,-2.227754877660464428e-01,6.416317227994982053e-01,8.868310036229421281e-03,7.155915003526217566e-01,5.678248337139226720e-01
4.802520338080413231e-01,5.156517611229283204e-01,3.735324881470472591e-01,-2.693432058342298818e-01,5.233414678748333770e-01,-1.799262934842046358e-01,-3.720622449519621622e-01,-4.101259709331346870e-01,5.612956539318323390e-01,5.287596585188178988e-01,5.585531080559870132e-01,3.420745565768222862e-01,1.735982661412529826e-01,6.459556182728986018e-01,3.738825235096151500e-01,5.147682063303203881e-01,5.439209606740283975e-01,1.181591162467132000e-01,1.547158389801862877e-01,1.873163102920743783e-01,2.510147650471128977e-01,1.612304858637788052e-01,5.168061733088241683e-01,1.000000000000000000e+00,5.691468662828251812e-01,5.404865217720972170e-01,2.851975704907189768e-01,4.031037504611974520e-01,5.766648291266284199e-01,4.613254612452888370e-01,-3.512975950075642589e-02,3.108576461286645665e-01,5.279438228220534324e-01,5.834299677272901663e-01,1.411506570419433781e-01,5.158229457856962075e-01,2.751096027973454206e-01,4.497276604095988839e-01,4.227071012921249094e-01
7.400032705370298558e-01,5.755723803140778694e-01,4.701013325884144112e-01,6.351640210961581601e-02,5.625698141134042318e-01,-2.097993011807653407e-01,-3.041008677181035180e-01,-5.077158309088294352e-01,7.484455057476329110e-01,8.292134659385870243e-01,3.785282180293171872e-01,2.408333618366224893e-01,3.907656599299292322e-01,6.636619620217785176e-01,5.823760018535534266e-01,7.094204965005371788e-01,4.814963833915373859e-01,4.091776338589613871e-01,3.025520886007387888e-01,3.771585679068181762e-01,3.607526958862108946e-01,2.177688411642402788e-01,7.172072500884696389e-01,5.691468662828251812e-01,1.000000000000000000e+00,6.998006469733639712e-01,6.505468955982665613e-02,5.401290082293062067e-01,6.713593189275001150e-01,7.448264968220676963e-01,-2.062710480477157604e-01,-1.323463518800352678e-01,4.415234139037750860e-01,6.765978663391656323e-01,-5.198870754386052812e-02,6.240172422584535639e-01,2.373173619012883540e-01,6.652317881628188045e-01,4.372036635362857582e-01
7.069158989499468859e-01,5.005867879473190341e-01,5.503325368531274409e-01,-2.633600537192469226e-01,5.925494065533279953e-01,-4.422230811665263106e-01,-4.130510674706527330e-01,-5.398399425370510318e-01,7.604326876842638638e-01,6.887220433204374048e-01,5.795775773336220293e-01,3.763391032433954786e-01,4.325408675435128969e-01,6.307378313392877356e-01,7.219592205316077704e-01,7.269348673207991496e-01,6.669867628199784848e-01,3.921502043609088051e-01,3.718613965015375444e-01,4.632892659086110254e-01,6.064730794138301073e-01,4.663605416101693768e-01,7.223891691607974286e-01,5.404865217720972170e-01,6.998006469733639712e-01,1.000000000000000000e+00,3.029087940424124437e-01,7.905480054529331335e-01,6.327326345881012504e-01,6.767055384178765065e-01,-1.135648853049522067e-01,4.374729779950379399e-03,5.194337934806630974e-01,6.983078090234621227e-01,-2.307302467014334946e-01,5.268353991863184982e-01,-6.671121106769637744e-03,8.656486256542030855e-01,4.928369952043999414e-01
-1.587603214836266069e-02,1.642601150155074963e-02,2.790729204302477284e-01,-3.861350554731145523e-01,2.466383039313728154e-01,-5.500791484699184969e-02,-4.538862944341542360e-01,-2.112094914755375807e-01,1.581576386735893125e-01,2.041382649531691407e-01,4.801406014722019444e-01,6.700506832462120865e-01,-1.762530622071362407e-01,1.941441739195914895e-01,8.697891327401173489e-02,1.591535576863523371e-01,2.623505387519486920e-01,-5.996057293053951021e-02,2.636878554432241506e-01,1.115374877692913019e-01,3.142120878475454515e-01,3.152301903054678389e-01,2.362274473907496619e-01,2.851975704907189768e-01,6.505468955982665613e-02,3.029087940424124437e-01,1.000000000000000000e+00,2.441972369464906478e-01,1.405121361282456183e-02,-3.217134443930887849e-02,4.682815273034513504e-01,5.407525523125209510e-01,3.395153383155634086e-01,1.806107204266182709e-01,2.093013669353449291e-01,8.720056999150173349e-02,1.024757106977795956e-01,2.344981512982821370e-01,5.943630597215515676e-01
6.381316380749797457e-01,3.738271805846539730e-01,6.652592268221384497e-01,-2.170118531844964227e-01,4.771963078404321545e-01,-5.843677354194226625e-01,-1.728157355220916458e-01,-5.967880989464329211e-01,6.233352574149455538e-01,5.893461181159285189e-01,4.445330962756478543e-01,2.909003296867039290e-01,3.449226515673405324e-01,5.942206524896441744e-01,5.723477488422488157e-01,6.960213563069818088e-01,5.080107671978075778e-01,2.495593654815945750e-01,4.049885841133264441e-01,5.507255688000609606e-01,8.008034137309110179e-01,6.862253247334006989e-01,6.706964748931533160e-01,4.031037504611974520e-01,5.401290082293062067e-01,7.905480054529331335e-01,2.441972369464906478e-01,1.000000000000000000e+00,4.302332532245870533e-01,6.220612237288286606e-01,1.335013625808647297e-01,-7.076743089377009188e-02,5.173311377574476566e-01,6.171490898640173972e-01,-2.543532805159993693e-01,4.856562551129519623e-01,-1.508386195253131612e-01,7.482793226487575167e-01,3.935888285197410852e-01
6.960496620472733653e-01,6.824077688051083390e-01,3.738367853025473253e-01,-1.906526650093884057e-01,5.621127561615374413e-01,9.686125785684517736e-03,-1.759206580637406314e-01,-4.269737601289143036e-01,6.827357754920352351e-01,6.542231821643768042e-01,4.870206367642568868e-01,5.124048902491508406e-02,1.577199078950139999e-01,6.804254038773531743e-01,3.992061340931915558e-01,6.008895828475769862e-01,6.691283478842741106e-01,1.692127348231879380e-01,1.007062619011900029e-01,1.281935127538327557e-01,2.010684318784208835e-01,1.183865718690486485e-01,4.851877609577426309e-01,5.766648291266284199e-01,6.713593189275001150e-01,6.327326345881012504e-01,1.405121361282456183e-02,4.302332532245870533e-01,1.000000000000000000e+00,6.834220375407729087e-01,-1.158678662494730394e-01,1.346824497259934972e-01,6.459199056853885956e-01,6.022742469392617926e-01,2.166728849515238975e-01,6.013545453853936795e-01,5.238237140089500032e-01,4.620665053959062685e-01,1.667510171887703063e-01
8.717079794719034824e-01,7.257146589031646666e-01,6.576932802433653746e-01,-3.580501353460876363e-02,6.300017853667332357e-01,-2.830854804027574945e-01,-5.746799496361079673e-02,-6.916955161651057171e-01,8.359762643016847017e-01,8.060174444003483929e-01,3.897463605743545778e-01,1.533245918888038496e-02,2.835971135993859971e-01,7.310788400552622468e-01,4.269940010749727066e-01,8.189527453101576038e-01,5.411495351234214546e-01,2.029201418783492528e-01,3.220839508067913082e-01,3.237149326517844150e-01,5.129325895403423763e-01,3.216482181442521515e-01,7.276981464620186912e-01,4.613254612452888370e-01,7.448264968220676963e-01,6.767055384178765065e-01,-3.217134443930887849e-02,6.220612237288286606e-01,6.834220375407729087e-01,1.000000000000000000e+00,-5.444384594189410898e-02,-2.680661769059319161e-02,5.004747268918574576e-01,6.899607672142082926e-01,-9.264470210249074744e-02,7.551075807182604516e-01,2.046221858601201260e-01,5.711013070781800760e-01,2.623531557258925728e-01
-8.256847048791662869e-02,-2.123831002486359712e-03,2.718757644172876131e-01,-1.054300214193066021e-01,-2.303903969027862320e-02,8.357960943895423322e-02,2.304257111660062973e-01,-1.469387228556842395e-01,-1.180237592018944237e-01,6.652201432554462335e-02,9.973213328526965571e-02,1.855137703833863727e-01,-5.906884124197540054e-01,7.711175527105271210e-02,-4.306634377473499975e-01,1.384409389403772339e-01,-1.105891288378364236e-02,-2.791140703716546989e-01,3.018528385804425396e-01,-3.582239918548546509e-02,2.942276008390926068e-01,3.838356441414149667e-01,7.455976689809423741e-02,-3.512975950075642589e-02,-2.062710480477157604e-01,-1.135648853049522067e-01,4.682815273034513504e-01,1.335013625808647297e-01,-1.158678662494730394e-01,-5.444384594189410898e-02,1.000000000000000000e+00,3.515536031096174185e-01,2.805628420444439275e-01,-1.490511265789868367e-01,3.693146561967531327e-01,1.463651935264148052e-01,2.583176199622956859e-01,-2.032202608139750122e-01,1.879188399592120196e-01
-3.107340519379439212e-02,2.238611875806960638e-01,1.565116476406002710e-01,-4.788493141764076921e-01,2.849260076938965880e-01,5.677922708877707753e-02,-1.923197176906400185e-01,-1.887139873217317798e-01,9.611237391546958997e-02,-7.347158059074813084e-03,4.217566088234115940e-01,3.454197658850103325e-01,-1.809846650089691200e-01,3.014675199996679766e-01,-1.855797477892974501e-01,4.092345924581048539e-02,1.912034753589740010e-01,-4.119249430098867459e-01,-3.289254851125026496e-02,-1.369164171644124128e-01,6.525207275891900527e-02,8.576266871824418658e-02,6.320583244659828959e-02,3.108576461286645665e-01,-1.323463518800352678e-01,4.374729779950379399e-03,5.407525523125209510e-01,-7.076743089377009188e-02,1.346824497259934972e-01,-2.680661769059319161e-02,3.515536031096174185e-01,1.000000000000000000e+00,3.025966884311163119e-01,1.277386042361185470e-01,4.258502740134633147e-01,1.604287526011865250e-01,2.849511751601196408e-01,-1.224780012498731252e-01,2.184964053236874149e-01
4.623425402885413260e-01,4.296106472483591787e-01,5.408812501304423037e-01,-3.729273414302106127e-01,5.100617211424479658e-01,1.115932776162218282e-01,-1.780962117541673162e-01,-5.178347735046294753e-01,5.475409734244959248e-01,5.345895876794380941e-01,5.863898908660528653e-01,1.783779973339319203e-01,-1.819422236661916992e-01,5.846154900957886147e-01,1.864326999057894785e-01,5.026144692795898594e-01,6.795547611692916989e-01,-8.415548491890399718e-02,1.370528832066741920e-01,4.178485507480864808e-02,3.044932767439385568e-01,2.132673064955729336e-01,3.934400282110412372e-01,5.279438228220534324e-01,4.415234139037750860e-01,5.194337934806630974e-01,3.395153383155634086e-01,5.173311377574476566e-01,6.459199056853885956e-01,5.004747268918574576e-01,2.805628420444439275e-01,3.025966884311163119e-01,1.000000000000000000e+00,5.932305530811772254e-01,3.700491032182401385e-01,4.712589441046548533e-01,5.193178649001145564e-01,3.430794767249393806e-01,2.233209289189324320e-01
7.107852669013693392e-01,6.102825039281177810e-01,6.575479773610550804e-01,-2.718240563061193882e-01,7.861671225100689275e-01,-3.580465260647124337e-01,-3.863461043187030319e-01,-7.150731345992881183e-01,8.239696339775883782e-01,6.476280329113898171e-01,4.950133019935900047e-01,3.501560090419974514e-01,3.640545143032518083e-01,7.284993975497533469e-01,6.031205621244041248e-01,6.886597067373202430e-01,5.215224195852511402e-01,1.811594397032884884e-01,2.779321791355165439e-01,3.045648811117198651e-01,4.626827156538420582e-01,2.362096809418235688e-01,6.152714296992144449e-01,5.834299677272901663e-01,6.765978663391656323e-01,6.983078090234621227e-01,1.806107204266182709e-01,6.171490898640173972e-01,6.022742469392617926e-01,6.899607672142082926e-01,-1.490511265789868367e-01,1.277386042361185470e-01,5.932305530811772254e-01,1.000000000000000000e+00,-1.341097885244555976e-01,5.528545414545340542e-01,5.442956899173360258e-02,6.660728277035327105e-01,4.254022344924942578e-01
-2.277538372631233154e-01,-7.064441572444685180e-02,-4.044991209305675434e-02,-3.706410279425843834e-02,2.324102943899387583e-02,6.088640242774603362e-01,1.341724340350725631e-01,4.392119972135246492e-02,-1.315954794468331412e-01,5.425530996980469645e-02,5.413958885469984800e-02,-2.832650772482524226e-02,-4.819515775357791076e-01,9.503541198359706510e-02,-3.966955071518507014e-01,-1.105240696877258233e-01,8.240133055040176069e-02,-2.374845683281692765e-01,-8.779756892917245370e-02,-3.305380407038273627e-01,-2.971234600151340111e-01,-2.125431297060040581e-01,-2.227754877660464428e-01,1.411506570419433781e-01,-5.198870754386052812e-02,-2.307302467014334946e-01,2.093013669353449291e-01,-2.543532805159993693e-01,2.166728849515238975e-01,-9.264470210249074744e-02,3.693146561967531327e-01,4.258502740134633147e-01,3.700491032182401385e-01,-1.341097885244555976e-01,1.000000000000000000e+00,3.275626535632210345e-02,7.266125330336019594e-01,-3.752421610870976809e-01,-1.244755604863920645e-01
7.278612425988747470e-01,7.436491795288935336e-01,5.408926467915076142e-01,-7.554247933554282535e-02,5.581475154648616321e-01,-2.596975082598722562e-01,-5.028008945448236150e-02,-5.429518846108348784e-01,6.980810167353388440e-01,6.893814604022956427e-01,4.028800635328225188e-01,1.441134043343333393e-01,1.597099146350201837e-01,7.866179606020581305e-01,2.895858780918570963e-01,7.076950088665141525e-01,4.241413078469229991e-01,3.162309183428334974e-02,2.938789552571510755e-01,3.756722052475918727e-01,5.024220796411202894e-01,4.064804811699060938e-01,6.416317227994982053e-01,5.158229457856962075e-01,6.240172422584535639e-01,5.268353991863184982e-01,8.720056999150173349e-02,4.856562551129519623e-01,6.013545453853936795e-01,7.551075807182604516e-01,1.463651935264148052e-01,1.604287526011865250e-01,4.712589441046548533e-01,5.528545414545340542e-01,3.275626535632210345e-02,1.000000000000000000e+00,2.882930248347877478e-01,3.899207796729846076e-01,2.750975014631259485e-01
1.388966451308380756e-01,2.883152649580334459e-01,2.567132938197118353e-02,2.273619011335118595e-02,1.419323682713238832e-01,6.011318414015828226e-01,1.016399819238192614e-01,-4.696032022178286969e-02,1.427713054502276757e-01,3.195741692126890521e-01,1.606120834793214047e-01,-1.163247335833128004e-01,-4.367816411738856819e-01,2.552576737156055930e-01,-2.714115696595301164e-01,1.160950599968384317e-01,3.229667012875972465e-01,-1.888984340246225857e-01,-1.403484776123772593e-01,-2.911602314932861257e-01,-2.532608263030318718e-01,-1.893700363669103270e-01,8.868310036229421281e-03,2.751096027973454206e-01,2.373173619012883540e-01,-6.671121106769637744e-03,1.024757106977795956e-01,-1.508386195253131612e-01,5.238237140089500032e-01,2.046221858601201260e-01,2.583176199622956859e-01,2.849511751601196408e-01,5.193178649001145564e-01,5.442956899173360258e-02,7.266125330336019594e-01,2.882930248347877478e-01,1.000000000000000000e+00,-2.070081042918600067e-01,-4.058533046006890938e-02
6.079339578619371576e-01,3.580092828850925946e-01,5.014410819187362645e-01,-1.989402765444757415e-01,5.355217897300296181e-01,-5.615263972549380256e-01,-4.471074061022627388e-01,-4.952823438419865498e-01,6.774679741355051910e-01,5.862569844293640253e-01,4.466229346502485487e-01,4.612432327428409029e-01,5.642676128854833273e-01,5.271811675198267988e-01,7.912384527582613236e-01,6.720497870551755959e-01,4.956410477671225334e-01,4.918854000356133738e-01,4.201402879035184279e-01,5.068683322412406156e-01,5.972856158634841650e-01,4.565466352314023202e-01,7.155915003526217566e-01,4.497276604095988839e-01,6.652317881628188045e-01,8.656486256542030855e-01,2.344981512982821370e-01,7.482793226487575167e-01,4.620665053959062685e-01,5.711013070781800760e-01,-2.032202608139750122e-01,-1.224780012498731252e-01,3.430794767249393806e-01,6.660728277035327105e-01,-3.752421610870976809e-01,3.899207796729846076e-01,-2.070081042918600067e-01,1.000000000000000000e+00,5.870674637411065211e-01
3.363287108388155477e-01,2.735720612752470804e-01,3.794023356546746828e-01,-2.328511642858439867e-01,3.962728944886206861e-01,-4.086297485537996876e-01,-4.763168293204094739e-01,-3.747912700730222646e-01,4.335397757221716719e-01,4.367197363551019729e-01,3.188300583051885129e-01,6.893072936455580946e-01,2.051064601358629225e-01,3.980594067232784417e-01,3.314576355767676064e-01,4.765125954919601226e-01,2.065878858813604002e-01,1.244360917556105312e-01,3.720907960515865698e-01,2.292147169614467128e-01,4.299624378639128053e-01,3.992637403340440483e-01,5.678248337139226720e-01,4.227071012921249094e-01,4.372036635362857582e-01,4.928369952043999414e-01,5.943630597215515676e-01,3.935888285197410852e-01,1.667510171887703063e-01,2.623531557258925728e-01,1.879188399592120196e-01,2.184964053236874149e-01,2.233209289189324320e-01,4.254022344924942578e-01,-1.244755604863920645e-01,2.750975014631259485e-01,-4.058533046006890938e-02,5.870674637411065211e-01,1.000000000000000000e+00
