1.000000000000000000e+00,-6.541148584251921250e-01,-1.989301825706997831e-02,1.662118523255273761e-01,2.630676142251109351e-01,-6.451014672248790438e-01,-5.744394230123569534e-01,-3.792283874858473625e-01,6.578788977172442820e-01,-1.623443045371388560e-01,-7.350154191772715340e-01,-3.306869324851245406e-01,1.962820476811569584e-02,-2.941718720181483171e-01,6.800148656565284666e-01,-2.114739321377760717e-01,1.807108568491046577e-02,6.861050028962106806e-01,-3.982046580432507255e-01,-2.656329260257361824e-01,-3.563137061050073578e-02,-4.128949263303298145e-01,-5.350665929472065985e-01,-1.962347641999125092e-01,6.481529025112430231e-01,8.018032012982305723e-01,-4.707249545497025345e-01,8.601268867858972156e-01,-2.871251382666320517e-01,1.920571515398808160e-01,-7.112874227484252687e-01,-7.710842053646608241e-01,-4.911637306905993761e-01,4.357506531484016676e-01,1.872194654448249007e-01,-5.155408250245131496e-01,-4.914524147300027290e-01,8.486650379724184345e-01,-4.329579942375645918e-01
-6.541148584251921250e-01,1.000000000000000000e+00,4.267657841252654460e-01,-1.963989952666527206e-01,1.707081502801516548e-01,6.304196106946440281e-01,5.679378614491894517e-01,2.420720068778608458e-01,-3.373004530531949485e-01,5.633348707720516879e-01,7.312456225847318025e-01,6.800127572890318772e-01,1.702510595059874426e-02,6.629284787571227966e-01,-5.619854224884092142e-01,6.975059199807579491e-01,1.162900770616064200e-01,-5.809258050316594701e-01,6.207664498931168007e-01,1.343855500059894792e-01,9.659804152286050050e-02,6.669225918967962574e-01,8.590797236440195217e-01,4.804422996108349553e-01,-2.264770469648065832e-01,-6.683314215206552777e-01,5.838211570862700261e-01,-6.659026185807922493e-01,3.304930143286973210e-01,3.807728229523972274e-01,8.142033603811735798e-01,8.617582157602872162e-01,7.375360722209729492e-01,-1.203198090184765534e-01,-1.202277496257099648e-01,8.083586645022671213e-01,5.400503812923376223e-01,-7.512219691843117220e-01,7.630745321888093846e-01
-1.989301825706997831e-02,4.267657841252654460e-01,1.000000000000000000e+00,-5.818158386241397556e-02,6.935311615359643911e-01,3.608445324131939747e-01,3.958902521252394280e-01,-3.521649562734121552e-01,5.268792977805861893e-02,5.654135199112255705e-01,3.602095312356883849e-01,4.582694643751024088e-01,-1.979648269400626492e-01,6.709422890016851770e-01,-2.405473850529446234e-01,5.776035558847020246e-01,3.067620153061383359e-01,-3.170138250314415151e-02,5.101346933213368740e-01,-4.110532826155744446e-01,3.800306571315441029e-01,6.023138345367063939e-01,4.280592325322206126e-01,5.505348127519342771e-01,2.419843000089933194e-01,6.765135707306199619e-02,6.243406374812106030e-01,1.138814005109906741e-01,3.518075607201023858e-01,2.913784855900328763e-01,5.261606120467615666e-01,3.777317579731981345e-01,6.717961256960638394e-01,8.873990883396781770e-02,2.285676769853245138e-01,4.079377746861533871e-01,4.379373810345911777e-01,-2.429565303641810503e-01,4.495612969189159980e-01
1.662118523255273761e-01,-1.963989952666527206e-01,-5.818158386241397556e-02,1.000000000000000000e+00,-1.215234306318445784e-01,-2.485030297809366628e-01,2.887480065282682987e-02,3.962870543400054957e-01,1.780353875685304343e-01,-1.510212275107237490e-01,-2.661653450457698300e-01,-1.247222246198456536e-01,-4.437752339831125409e-02,-3.453734952818066084e-01,2.543610149008926902e-01,-6.516841983218538137e-02,-3.945161842499817495e-01,5.133566839838736851e-01,2.522552948734884670e-01,2.475760611507022979e-01,-3.414072498195551697e-01,-5.064225419790109248e-03,-1.889499622231015086e-01,-1.772625341196881754e-01,-3.282307688813966562e-02,1.409631051669983370e-01,-1.569671135689283958e-01,1.723870804294446446e-01,-1.656292458149369318e-01,2.290033969338217679e-02,-1.664626297756882922e-01,-2.811459792847953443e-01,-1.263330392883203757e-01,3.266282615115955607e-02,-1.115346608446079746e-01,-1.891762488312800916e-01,-2.361765937051552022e-01,2.549148119998571049e-01,-6.412552325279309573e-02
2.630676142251109351e-01,1.707081502801516548e-01,6.935311615359643911e-01,-1.215234306318445784e-01,1.000000000000000000e+00,4.021685273287296802e-02,1.299167698892803591e-01,-4.958531791043300219e-01,3.827962382218496051e-01,3.670543744205160275e-01,2.339974775367491960e-02,3.417690840524363338e-01,-8.420091170238178102e-02,5.031863392398069346e-01,8.060237040506125494e-02,3.828957405033829309e-01,2.106057047508406721e-01,2.150757243350349124e-01,2.214826364490800337e-01,-4.368962824493716202e-01,3.062462621184385836e-01,2.149548792177800594e-01,1.929741147922084121e-01,3.229665354956379741e-01,3.803098787567741890e-01,2.384885506353113527e-01,2.435470791271110436e-01,3.465237489410648575e-01,1.107779436863720601e-01,3.284205887874981911e-01,1.294201770451285649e-01,6.688554692070636243e-02,2.548140624460816794e-01,4.382878739787877675e-01,1.748126434801295648e-01,9.446736166518959754e-02,1.079637467825420444e-01,1.088097561620936793e-01,3.149719723448936581e-01
-6.451014672248790438e-01,6.304196106946440281e-01,3.608445324131939747e-01,-2.485030297809366628e-01,4.021685273287296802e-02,1.000000000000000000e+00,5.820454745850381917e-01,-6.338518313455698827e-02,-7.457044831827879250e-01,6.144367241231921684e-01,9.100115476841633688e-01,2.165998773982897307e-01,-3.683992384694879108e-01,5.947969870158951178e-01,-8.682100373456242970e-01,4.459096297207640891e-01,4.719006969168640375e-01,-7.035522916565633000e-01,2.608250185734047877e-01,3.710008711366716283e-02,4.621263245769239858e-01,3.414186630283991830e-01,6.329563750238073050e-01,6.754509748856072360e-01,-1.823631971618178416e-01,-3.541222635120767070e-01,7.917211175747967955e-01,-5.872138953882789503e-01,8.168690343211107985e-01,-5.816652335011056330e-02,8.166273259226466408e-01,8.201613504942600885e-01,5.510769087204777650e-01,-6.067185872328730856e-01,4.263387709589782082e-01,6.901847328612720212e-01,8.874228559086051460e-01,-8.452815119262900856e-01,2.494161582601071570e-01
-5.744394230123569534e-01,5.679378614491894517e-01,3.958902521252394280e-01,2.887480065282682987e-02,1.299167698892803591e-01,5.820454745850381917e-01,1.000000000000000000e+00,1.255742095633895772e-01,-3.996775951150152717e-01,3.404994724670654671e-01,6.240671695956927501e-01,2.708945108050218598e-01,-1.796885368508056302e-01,4.441378019667544530e-01,-5.277296140163040272e-01,3.172959811962084431e-01,1.582628672886582100e-01,-3.662483523884102476e-01,5.221281692779458083e-01,1.276895442004678527e-01,1.713005579100922438e-01,4.800272049224038051e-01,4.985923647986482687e-01,4.384496488168475592e-01,-3.074459547587973796e-01,-4.195038952497527895e-01,5.943135559034828930e-01,-4.701125782578368106e-01,3.805479692832315353e-01,-3.700510029835010067e-02,6.732453513376138732e-01,6.383862329749243614e-01,5.345867180430958765e-01,-2.997358130419609523e-01,4.183644433610552577e-02,5.160164465871687201e-01,5.304130717262000028e-01,-6.143410098149858500e-01,4.233371113894367488e-01
-3.792283874858473625e-01,2.420720068778608458e-01,-3.521649562734121552e-01,3.962870543400054957e-01,-4.958531791043300219e-01,-6.338518313455698827e-02,1.255742095633895772e-01,1.000000000000000000e+00,-6.743570164369575015e-02,-1.640286217118832879e-01,4.226152969718455915e-02,2.184363181318733083e-01,2.513688715597805490e-01,-2.585253915124585133e-01,8.319161897967035368e-02,8.749138961925255475e-02,-5.089212015038425685e-01,-1.560318678581349566e-02,3.929541652426061793e-01,5.758045495951767956e-01,-5.345400354995890613e-01,2.722743393714023297e-01,2.041777779646921642e-01,-2.040859148981979954e-01,-4.620259401244380948e-01,-4.737624361027285014e-01,-1.201950794238737519e-01,-3.833728337344651238e-01,-2.921668957525070942e-01,4.365872930870905860e-02,1.389715725990231798e-01,1.375253833831928951e-01,1.497356899352286219e-01,1.518176410308728387e-02,-5.029756169110760622e-01,1.366954632845857887e-01,-1.918027277125499419e-01,-1.779852262710707178e-01,2.850956302713469337e-01
6.578788977172442820e-01,-3.373004530531949485e-01,5.268792977805861893e-02,1.780353875685304343e-01,3.827962382218496051e-01,-7.457044831827879250e-01,-3.996775951150152717e-01,-6.743570164369575015e-02,1.000000000000000000e+00,-2.567035322355046278e-01,-7.441570721994177351e-01,1.210926734338118177e-01,3.100193973903503375e-01,-1.859770892382466567e-01,8.328821253473664976e-01,-4.351488723333468700e-02,-3.220527136527842615e-01,7.541433415632101678e-01,5.874326535104504310e-02,-1.733777914551006549e-01,-2.790930990561580893e-01,-9.972896755845034322e-02,-2.829091918502383285e-01,-3.440404449738073134e-01,4.345674913416145979e-01,3.734267837603035822e-01,-5.388659012608367771e-01,6.322364169381623489e-01,-6.411034927782390813e-01,3.450650048049525020e-01,-5.854952995854781905e-01,-5.928590527342285643e-01,-2.968418544819329541e-01,8.373939657268211212e-01,-2.955739859278809223e-01,-4.773540591680354161e-01,-6.890285898483745619e-01,7.652398440517725886e-01,1.102777298830975722e-01
-1.623443045371388560e-01,5.633348707720516879e-01,5.654135199112255705e-01,-1.510212275107237490e-01,3.670543744205160275e-01,6.144367241231921684e-01,3.404994724670654671e-01,-1.640286217118832879e-01,-2.567035322355046278e-01,1.000000000000000000e+00,5.797843057998863792e-01,3.940502691230142185e-01,-4.206524935952075106e-01,6.347845747214270196e-01,-4.736963531443946218e-01,7.689326173183522739e-01,3.463079077682674756e-01,-3.467058702839430073e-01,3.428432312873441745e-01,-1.260583061435287255e-01,4.212313928508010785e-01,3.806755042745438855e-01,6.231028423782846160e-01,6.998785265842099035e-01,2.999967550232220947e-01,-2.015434225933409110e-02,6.703405372384195759e-01,-1.830545737665048578e-01,6.373756295522616799e-01,4.289125818682897884e-01,6.274927203185289848e-01,5.517827075170455009e-01,5.002812555518943993e-01,-1.944371141434568517e-01,4.707618412923381679e-01,6.325649781327429277e-01,6.777341621964128038e-01,-4.538800166286323656e-01,2.903411761275317415e-01
-7.350154191772715340e-01,7.312456225847318025e-01,3.602095312356883849e-01,-2.661653450457698300e-01,2.339974775367491960e-02,9.100115476841633688e-01,6.240671695956927501e-01,4.226152969718455915e-02,-7.441570721994177351e-01,5.797843057998863792e-01,1.000000000000000000e+00,2.984596047016583875e-01,-2.880076645243465627e-01,6.082671938550369140e-01,-8.679843230918155017e-01,4.878447365676276126e-01,4.078327318174754801e-01,-7.660072519972899174e-01,3.232308343980095366e-01,7.816050018531209287e-02,3.764108394026929316e-01,4.310742670458767023e-01,6.965308407094822352e-01,6.316333666354936316e-01,-3.153998621241426714e-01,-4.850518803278562330e-01,7.812983524472487673e-01,-6.792877672268777811e-01,7.098706460344621494e-01,-4.091314430692716275e-03,8.730463021458687578e-01,8.840299772385220578e-01,6.428388027671220195e-01,-5.681748357713932718e-01,2.441361818736023370e-01,7.473744091075842366e-01,8.280947158060499858e-01,-9.025931680824308412e-01,3.541344731845227356e-01
-3.306869324851245406e-01,6.800127572890318772e-01,4.582694643751024088e-01,-1.247222246198456536e-01,3.417690840524363338e-01,2.165998773982897307e-01,2.708945108050218598e-01,2.184363181318733083e-01,1.210926734338118177e-01,3.940502691230142185e-01,2.984596047016583875e-01,1.000000000000000000e+00,1.388716452934356249e-01,4.592776060653697701e-01,-1.007583743071153171e-01,6.013911843104677857e-01,-1.691074500423316029e-01,-1.834944974855494959e-01,6.103201659387476052e-01,-1.967017646128573632e-02,1.415370784708327480e-02,6.390141200018117917e-01,6.129873783075477922e-01,2.271051640651784997e-01,2.148762702093037107e-04,-4.748732259420097024e-01,3.131167583262491338e-01,-2.942025050611924430e-01,-2.462450798299596275e-02,4.165127497798909451e-01,5.067471860226937519e-01,4.843544740211455646e-01,5.781417422277452811e-01,3.403998327293208948e-01,-2.195620035410252302e-01,4.477285316588589525e-01,1.838561077300215896e-01,-3.457589166085158761e-01,7.615889253098526712e-01
1.962820476811569584e-02,1.702510595059874426e-02,-1.979648269400626492e-01,-4.437752339831125409e-02,-8.420091170238178102e-02,-3.683992384694879108e-01,-1.796885368508056302e-01,2.513688715597805490e-01,3.100193973903503375e-01,-4.206524935952075106e-01,-2.880076645243465627e-01,1.388716452934356249e-01,1.000000000000000000e+00,-1.435445649850918826e-01,3.568790064888675007e-01,-1.547577334303880947e-01,-2.392680754068428894e-01,1.171027030289564785e-01,2.544292528657229532e-02,1.624634911729544995e-01,-3.640251695757354411e-01,9.867766125124120824e-02,-1.904852452449936825e-02,-3.978515908996021477e-01,-1.291848357856497098e-01,-2.442577613717411833e-01,-4.012811489873767679e-01,-3.820916611534305989e-03,-4.959354134336192432e-01,6.394088475934878169e-02,-2.317020907283064146e-01,-1.109215425144295941e-01,5.160198283440772977e-03,3.504545637868730079e-01,-4.874407021574326260e-01,-1.101418548881185067e-01,-4.410601908109018643e-01,1.867046071144701225e-01,2.301301464338869340e-01
-2.941718720181483171e-01,6.629284787571227966e-01,6.709422890016851770e-01,-3.453734952818066084e-01,5.031863392398069346e-01,5.947969870158951178e-01,4.441378019667544530e-01,-2.585253915124585133e-01,-1.859770892382466567e-01,6.347845747214270196e-01,6.082671938550369140e-01,4.592776060653697701e-01,-1.435445649850918826e-01,1.000000000000000000e+00,-4.643550729224242279e-01,6.414858215935551611e-01,4.795995206109064934e-01,-4.089658304673643996e-01,3.762684732612260885e-01,-1.648925318826059971e-01,4.858589751791502209e-01,4.797359521952669903e-01,6.709293586612736782e-01,7.292691839521511232e-01,9.837254736557296542e-02,-2.115588645115031030e-01,5.998730467514566955e-01,-2.260785907990826848e-01,5.161009754961001228e-01,3.764055448169265072e-01,6.283149434379445841e-01,6.576032051911302467e-01,6.365909279969409473e-01,-3.403473181828414740e-02,2.433165961698347535e-01,6.328150905680621774e-01,5.740663381956598865e-01,-5.061008380390547012e-01,5.143361078266210917e-01
6.800148656565284666e-01,-5.619854224884092142e-01,-2.405473850529446234e-01,2.543610149008926902e-01,8.060237040506125494e-02,-8.682100373456242970e-01,-5.277296140163040272e-01,8.319161897967035368e-02,8.328821253473664976e-01,-4.736963531443946218e-01,-8.679843230918155017e-01,-1.007583743071153171e-01,3.568790064888675007e-01,-4.643550729224242279e-01,1.000000000000000000e+00,-2.756444978401178525e-01,-4.609409355111036555e-01,7.847706300312284888e-01,-1.598149853463282366e-01,-2.984145823799398342e-02,-3.769028914760982896e-01,-2.937029626032681695e-01,-4.934579722328470419e-01,-5.183768473518934883e-01,3.080846220599542939e-01,4.251863300012674873e-01,-7.434796977472850621e-01,6.744486422066011677e-01,-7.192650206672516200e-01,1.777590898888894988e-01,-7.587958673789234609e-01,-7.749733497766732038e-01,-4.864857017835723108e-01,7.396989088989871508e-01,-3.343973424410839890e-01,-6.412629442107669053e-01,-8.357343247770320227e-01,8.505998560902480188e-01,-1.700288334216920327e-01
-2.114739321377760717e-01,6.975059199807579491e-01,5.776035558847020246e-01,-6.516841983218538137e-02,3.828957405033829309e-01,4.459096297207640891e-01,3.172959811962084431e-01,8.749138961925255475e-02,-4.351488723333468700e-02,7.689326173183522739e-01,4.878447365676276126e-01,6.013911843104677857e-01,-1.547577334303880947e-01,6.414858215935551611e-01,-2.756444978401178525e-01,1.000000000000000000e+00,1.299766258975098010e-01,-2.545372353786470310e-01,5.277147227234342264e-01,-3.398636945693990496e-02,1.912860660244806166e-01,5.475037498571447836e-01,7.676264345189738325e-01,5.633384300964796587e-01,1.958369527440612656e-01,-1.813076152228342841e-01,4.969232416160020982e-01,-2.156197131169198256e-01,3.381990749870016910e-01,6.469932841799038714e-01,6.062719710301121001e-01,5.559539639778234843e-01,6.103451579574580288e-01,9.910858115012780023e-02,7.319907561070984614e-02,6.642864677440087906e-01,4.063157162334065653e-01,-4.257969846239415546e-01,5.318598277722724754e-01
1.807108568491046577e-02,1.162900770616064200e-01,3.067620153061383359e-01,-3.945161842499817495e-01,2.106057047508406721e-01,4.719006969168640375e-01,1.582628672886582100e-01,-5.089212015038425685e-01,-3.220527136527842615e-01,3.463079077682674756e-01,4.078327318174754801e-01,-1.691074500423316029e-01,-2.392680754068428894e-01,4.795995206109064934e-01,-4.609409355111036555e-01,1.299766258975098010e-01,1.000000000000000000e+00,-3.769564692530936734e-01,-2.034245255217674575e-01,-1.695361668365092112e-01,4.919908713749692186e-01,2.231795153793222908e-02,1.901433520898599683e-01,5.199845927857946748e-01,1.978335386087066994e-01,1.886542931250531907e-01,4.544974685704564199e-01,-2.333369817187666995e-03,5.390423274118465446e-01,-1.392371511803787779e-02,2.473227007408541900e-01,2.662964060515072284e-01,1.864178862892944266e-01,-3.812047035288613772e-01,4.740816751402939233e-01,3.147269108277803706e-01,5.021347271428737713e-01,-2.510028903029353775e-01,-1.165245640956099060e-01
6.861050028962106806e-01,-5.809258050316594701e-01,-3.170138250314415151e-02,5.133566839838736851e-01,2.150757243350349124e-01,-7.035522916565633000e-01,-3.662483523884102476e-01,-1.560318678581349566e-02,7.541433415632101678e-01,-3.467058702839430073e-01,-7.660072519972899174e-01,-1.834944974855494959e-01,1.171027030289564785e-01,-4.089658304673643996e-01,7.847706300312284888e-01,-2.545372353786470310e-01,-3.769564692530936734e-01,1.000000000000000000e+00,1.001468794792027481e-02,-1.043483547240664916e-01,-3.332937375337617358e-01,-2.601380681528125405e-01,-5.057980666171478790e-01,-3.614978051141081727e-01,3.743955732774460476e-01,5.471271742234334878e-01,-5.425764503699883612e-01,7.209728387012727113e-01,-4.830416247438202859e-01,4.133834037329575661e-02,-6.512173502045732754e-01,-7.355788693037249582e-01,-4.398450587157106129e-01,5.696754110680274374e-01,-1.020196363691109470e-01,-6.285264781263621980e-01,-6.415037450547407261e-01,8.079446075611166345e-01,-1.918550008751369051e-01
-3.982046580432507255e-01,6.207664498931168007e-01,5.101346933213368740e-01,2.522552948734884670e-01,2.214826364490800337e-01,2.608250185734047877e-01,5.221281692779458083e-01,3.929541652426061793e-01,5.874326535104504310e-02,3.428432312873441745e-01,3.232308343980095366e-01,6.103201659387476052e-01,2.544292528657229532e-02,3.762684732612260885e-01,-1.598149853463282366e-01,5.277147227234342264e-01,-2.034245255217674575e-01,1.001468794792027481e-02,1.000000000000000000e+00,1.515614756990035505e-01,-1.583600737440705453e-01,7.423095774279516723e-01,5.353705104201579301e-01,2.383283499553555673e-01,-1.671353997798393221e-01,-4.601438548235679549e-01,4.455749955775280546e-01,-3.364817468965278779e-01,1.751862393934277076e-02,2.357600536548442038e-01,5.722184791908994095e-01,4.784817354593422500e-01,6.277104949790504040e-01,1.016627970886078702e-01,-2.389762735171547248e-01,4.583110003011595657e-01,2.263922665825374436e-01,-3.596433288642496007e-01,7.774019591157076414e-01
-2.656329260257361824e-01,1.343855500059894792e-01,-4.110532826155744446e-01,2.475760611507022979e-01,-4.368962824493716202e-01,3.710008711366716283e-02,1.276895442004678527e-01,5.758045495951767956e-01,-1.733777914551006549e-01,-1.260583061435287255e-01,7.816050018531209287e-02,-1.967017646128573632e-02,1.624634911729544995e-01,-1.648925318826059971e-01,-2.984145823799398342e-02,-3.398636945693990496e-02,-1.695361668365092112e-01,-1.043483547240664916e-01,1.515614756990035505e-01,1.000000000000000000e+00,-3.185028406341640084e-01,-2.827666147653705095e-02,1.305209205943078099e-01,-4.852531310352564686e-02,-3.181355743178095885e-01,-3.203977874130588543e-01,-1.185098241307845496e-01,-3.282866669436443896e-01,-7.740677920027246028e-02,9.914037053353594656e-03,4.301538213740505046e-02,9.934190108516052775e-02,-8.771946130027805100e-02,-1.372391749436809028e-01,-2.244583757837148863e-01,1.764613427338676821e-01,-1.002562260716489545e-01,-1.590629534899073994e-01,7.908013674505570689e-02
-3.563137061050073578e-02,9.659804152286050050e-02,3.800306571315441029e-01,-3.414072498195551697e-01,3.062462621184385836e-01,4.621263245769239858e-01,1.713005579100922438e-01,-5.345400354995890613e-01,-2.790930990561580893e-01,4.212313928508010785e-01,3.764108394026929316e-01,1.415370784708327480e-02,-3.640251695757354411e-01,4.858589751791502209e-01,-3.769028914760982896e-01,1.912860660244806166e-01,4.919908713749692186e-01,-3.332937375337617358e-01,-1.583600737440705453e-01,-3.185028406341640084e-01,1.000000000000000000e+00,2.942369945394142546e-03,1.492190956127159296e-01,5.379794748504268531e-01,1.869984943032797220e-01,1.985964232641979632e-01,4.636711536331435957e-01,6.954390647640647238e-02,5.838664531009587488e-01,7.440875704228352289e-03,2.845470155288866154e-01,2.679199966752562889e-01,1.848996897804493222e-01,-2.276429585575659997e-01,6.064084803173455107e-01,1.834181564433610689e-01,5.438140884575842771e-01,-2.506611925276179265e-01,-1.199349725900855923e-01
-4.128949263303298145e-01,6.669225918967962574e-01,6.023138345367063939e-01,-5.064225419790109248e-03,2.149548792177800594e-01,3.414186630283991830e-01,4.800272049224038051e-01,2.722743393714023297e-01,-9.972896755845034322e-02,3.806755042745438855e-01,4.310742670458767023e-01,6.390141200018117917e-01,9.867766125124120824e-02,4.797359521952669903e-01,-2.937029626032681695e-01,5.475037498571447836e-01,2.231795153793222908e-02,-2.601380681528125405e-01,7.423095774279516723e-01,-2.827666147653705095e-02,2.942369945394142546e-03,1.000000000000000000e+00,5.827502558471991945e-01,3.016488061282146527e-01,-1.381645575048667252e-01,-4.763701562768068998e-01,5.703921645096220461e-01,-3.446010686461903338e-01,7.093039642627765873e-02,2.539061492946060872e-01,6.759606564202612633e-01,5.680510985323531381e-01,8.458583649683764083e-01,-3.008016420496174501e-02,-2.274385436798088411e-01,6.018532057244185829e-01,3.507269714518875814e-01,-4.702112697257588847e-01,7.198853320011173729e-01
-5.350665929472065985e-01,8.590797236440195217e-01,4.280592325322206126e-01,-1.889499622231015086e-01,1.929741147922084121e-01,6.329563750238073050e-01,4.985923647986482687e-01,2.041777779646921642e-01,-2.829091918502383285e-01,6.231028423782846160e-01,6.965308407094822352e-01,6.129873783075477922e-01,-1.904852452449936825e-02,6.709293586612736782e-01,-4.934579722328470419e-01,7.676264345189738325e-01,1.901433520898599683e-01,-5.057980666171478790e-01,5.353705104201579301e-01,1.305209205943078099e-01,1.492190956127159296e-01,5.827502558471991945e-01,1.000000000000000000e+00,5.872788517940239483e-01,-4.065300810994299657e-02,-4.897207875235781716e-01,5.474685998089832140e-01,-5.334034713649059567e-01,3.857365873136877621e-01,4.507940943506690279e-01,7.465188556311740387e-01,7.867198972390613276e-01,6.581133303044975902e-01,-8.999716650762781822e-02,-2.827496438813050308e-02,7.572966253891296740e-01,5.152882445512745324e-01,-6.822367264790680785e-01,6.268025125346988746e-01
-1.962347641999125092e-01,4.804422996108349553e-01,5.505348127519342771e-01,-1.772625341196881754e-01,3.229665354956379741e-01,6.754509748856072360e-01,4.384496488168475592e-01,-2.040859148981979954e-01,-3.440404449738073134e-01,6.998785265842099035e-01,6.316333666354936316e-01,2.271051640651784997e-01,-3.978515908996021477e-01,7.292691839521511232e-01,-5.183768473518934883e-01,5.633384300964796587e-01,5.199845927857946748e-01,-3.614978051141081727e-01,2.383283499553555673e-01,-4.852531310352564686e-02,5.379794748504268531e-01,3.016488061282146527e-01,5.872788517940239483e-01,1.000000000000000000e+00,2.248614541393996469e-01,3.471039857983266447e-02,6.442613315697989229e-01,-1.249521593962717447e-01,7.257041893061709770e-01,2.658521622837969889e-01,5.956283386274348057e-01,5.667803223831352488e-01,4.831641493035292445e-01,-2.590048625503647006e-01,5.169668691695620266e-01,5.359432451086461047e-01,6.915958458122635211e-01,-4.805521739653023094e-01,1.991605119644617172e-01
6.481529025112430231e-01,-2.264770469648065832e-01,2.419843000089933194e-01,-3.282307688813966562e-02,3.803098787567741890e-01,-1.823631971618178416e-01,-3.074459547587973796e-01,-4.620259401244380948e-01,4.345674913416145979e-01,2.999967550232220947e-01,-3.153998621241426714e-01,2.148762702093037107e-04,-1.291848357856497098e-01,9.837254736557296542e-02,3.080846220599542939e-01,1.958369527440612656e-01,1.978335386087066994e-01,3.743955732774460476e-01,-1.671353997798393221e-01,-3.181355743178095885e-01,1.869984943032797220e-01,-1.381645575048667252e-01,-4.065300810994299657e-02,2.248614541393996469e-01,1.000000000000000000e+00,6.170882121303367107e-01,-1.096757006950936919e-01,5.714537412650613213e-01,1.014961168627446925e-01,3.865387325666264084e-01,-2.794131769614342509e-01,-3.184597478618664268e-01,-1.648315051270385911e-01,2.917357297487726542e-01,4.042760313473902078e-01,-1.311619128111716215e-01,-4.322435560784546049e-02,4.352556969517485941e-01,-1.892074263660089850e-01
8.018032012982305723e-01,-6.683314215206552777e-01,6.765135707306199619e-02,1.409631051669983370e-01,2.384885506353113527e-01,-3.541222635120767070e-01,-4.195038952497527895e-01,-4.737624361027285014e-01,3.734267837603035822e-01,-2.015434225933409110e-02,-4.850518803278562330e-01,-4.748732259420097024e-01,-2.442577613717411833e-01,-2.115588645115031030e-01,4.251863300012674873e-01,-1.813076152228342841e-01,1.886542931250531907e-01,5.471271742234334878e-01,-4.601438548235679549e-01,-3.203977874130588543e-01,1.985964232641979632e-01,-4.763701562768068998e-01,-4.897207875235781716e-01,3.471039857983266447e-02,6.170882121303367107e-01,1.000000000000000000e+00,-2.460113885383603261e-01,8.111237394832893077e-01,5.971577763557752577e-02,3.682413093242505736e-02,-5.474425140399271639e-01,-6.445162794524894601e-01,-4.330781216400947931e-01,1.629785940546273071e-01,4.452107221389736691e-01,-4.971155593137098205e-01,-2.186740298035174945e-01,6.399208868319800070e-01,-6.332150834493499580e-01
-4.707249545497025345e-01,5.838211570862700261e-01,6.243406374812106030e-01,-1.569671135689283958e-01,2.435470791271110436e-01,7.917211175747967955e-01,5.943135559034828930e-01,-1.201950794238737519e-01,-5.388659012608367771e-01,6.703405372384195759e-01,7.812983524472487673e-01,3.131167583262491338e-01,-4.012811489873767679e-01,5.998730467514566955e-01,-7.434796977472850621e-01,4.969232416160020982e-01,4.544974685704564199e-01,-5.425764503699883612e-01,4.455749955775280546e-01,-1.185098241307845496e-01,4.636711536331435957e-01,5.703921645096220461e-01,5.474685998089832140e-01,6.442613315697989229e-01,-1.096757006950936919e-01,-2.460113885383603261e-01,1.000000000000000000e+00,-3.996204582524238713e-01,6.740785515919671678e-01,-5.613555410334104476e-03,8.341851155626728298e-01,7.051904907213998319e-01,7.001037575702867555e-01,-4.996168277885156273e-01,3.788167981573624665e-01,6.573227199786406683e-01,8.424132477624705073e-01,-7.000328415255835379e-01,3.631362239084643395e-01
8.601268867858972156e-01,-6.659026185807922493e-01,1.138814005109906741e-01,1.723870804294446446e-01,3.465237489410648575e-01,-5.872138953882789503e-01,-4.701125782578368106e-01,-3.833728337344651238e-01,6.322364169381623489e-01,-1.830545737665048578e-01,-6.792877672268777811e-01,-2.942025050611924430e-01,-3.820916611534305989e-03,-2.260785907990826848e-01,6.744486422066011677e-01,-2.156197131169198256e-01,-2.333369817187666995e-03,7.209728387012727113e-01,-3.364817468965278779e-01,-3.282866669436443896e-01,6.954390647640647238e-02,-3.446010686461903338e-01,-5.334034713649059567e-01,-1.249521593962717447e-01,5.714537412650613213e-01,8.111237394832893077e-01,-3.996204582524238713e-01,1.000000000000000000e+00,-2.354964625750204654e-01,7.456861754723606572e-02,-6.384993742507880654e-01,-7.424826472590910775e-01,-3.890575430097670262e-01,4.773909548357321286e-01,2.049778094612893231e-01,-5.633655024040445936e-01,-4.528119552090623112e-01,7.983823803158188737e-01,-4.305843611767958823e-01
-2.871251382666320517e-01,3.304930143286973210e-01,3.518075607201023858e-01,-1.656292458149369318e-01,1.107779436863720601e-01,8.168690343211107985e-01,3.805479692832315353e-01,-2.921668957525070942e-01,-6.411034927782390813e-01,6.373756295522616799e-01,7.098706460344621494e-01,-2.462450798299596275e-02,-4.959354134336192432e-01,5.161009754961001228e-01,-7.192650206672516200e-01,3.381990749870016910e-01,5.390423274118465446e-01,-4.830416247438202859e-01,1.751862393934277076e-02,-7.740677920027246028e-02,5.838664531009587488e-01,7.093039642627765873e-02,3.857365873136877621e-01,7.257041893061709770e-01,1.014961168627446925e-01,5.971577763557752577e-02,6.740785515919671678e-01,-2.354964625750204654e-01,1.000000000000000000e+00,-4.607960965767542161e-02,5.702199672596961477e-01,5.524319904081733679e-01,3.200034934237315221e-01,-5.982124069361494101e-01,7.349501906991220412e-01,4.990766295424272081e-01,8.464524701834433840e-01,-5.691462154196300638e-01,-6.233902962009674892e-02
1.920571515398808160e-01,3.807728229523972274e-01,2.913784855900328763e-01,2.290033969338217679e-02,3.284205887874981911e-01,-5.816652335011056330e-02,-3.700510029835010067e-02,4.365872930870905860e-02,3.450650048049525020e-01,4.289125818682897884e-01,-4.091314430692716275e-03,4.165127497798909451e-01,6.394088475934878169e-02,3.764055448169265072e-01,1.777590898888894988e-01,6.469932841799038714e-01,-1.392371511803787779e-02,4.133834037329575661e-02,2.357600536548442038e-01,9.914037053353594656e-03,7.440875704228352289e-03,2.539061492946060872e-01,4.507940943506690279e-01,2.658521622837969889e-01,3.865387325666264084e-01,3.682413093242505736e-02,-5.613555410334104476e-03,7.456861754723606572e-02,-4.607960965767542161e-02,1.000000000000000000e+00,1.052917019996773423e-01,1.283231866049601155e-01,2.231499546847085791e-01,3.902104815074586286e-01,-1.063887641420397656e-01,3.446403466171511498e-01,-4.582522905492723148e-02,4.908585777321582827e-02,3.522314760831786185e-01
-7.112874227484252687e-01,8.142033603811735798e-01,5.261606120467615666e-01,-1.664626297756882922e-01,1.294201770451285649e-01,8.166273259226466408e-01,6.732453513376138732e-01,1.389715725990231798e-01,-5.854952995854781905e-01,6.274927203185289848e-01,8.730463021458687578e-01,5.067471860226937519e-01,-2.317020907283064146e-01,6.283149434379445841e-01,-7.587958673789234609e-01,6.062719710301121001e-01,2.473227007408541900e-01,-6.512173502045732754e-01,5.722184791908994095e-01,4.301538213740505046e-02,2.845470155288866154e-01,6.759606564202612633e-01,7.465188556311740387e-01,5.956283386274348057e-01,-2.794131769614342509e-01,-5.474425140399271639e-01,8.341851155626728298e-01,-6.384993742507880654e-01,5.702199672596961477e-01,1.052917019996773423e-01,1.000000000000000000e+00,8.811357992133157513e-01,8.066331107714073134e-01,-4.154189021145098804e-01,1.222930321499154371e-01,7.857881671394782996e-01,7.755040544240310307e-01,-8.587486735606923993e-01,5.540796698633029260e-01
-7.710842053646608241e-01,8.617582157602872162e-01,3.777317579731981345e-01,-2.811459792847953443e-01,6.688554692070636243e-02,8.201613504942600885e-01,6.383862329749243614e-01,1.375253833831928951e-01,-5.928590527342285643e-01,5.517827075170455009e-01,8.840299772385220578e-01,4.843544740211455646e-01,-1.109215425144295941e-01,6.576032051911302467e-01,-7.749733497766732038e-01,5.559539639778234843e-01,2.662964060515072284e-01,-7.355788693037249582e-01,4.784817354593422500e-01,9.934190108516052775e-02,2.679199966752562889e-01,5.680510985323531381e-01,7.867198972390613276e-01,5.667803223831352488e-01,-3.184597478618664268e-01,-6.445162794524894601e-01,7.051904907213998319e-01,-7.424826472590910775e-01,5.524319904081733679e-01,1.283231866049601155e-01,8.811357992133157513e-01,1.000000000000000000e+00,7.119655626869000331e-01,-3.952061144578780660e-01,6.821602649377582483e-02,7.906460063225579926e-01,7.376744726112249850e-01,-8.828494625899175885e-01,5.835714002449204907e-01
-4.911637306905993761e-01,7.375360722209729492e-01,6.717961256960638394e-01,-1.263330392883203757e-01,2.548140624460816794e-01,5.510769087204777650e-01,5.345867180430958765e-01,1.497356899352286219e-01,-2.968418544819329541e-01,5.002812555518943993e-01,6.428388027671220195e-01,5.781417422277452811e-01,5.160198283440772977e-03,6.365909279969409473e-01,-4.864857017835723108e-01,6.103451579574580288e-01,1.864178862892944266e-01,-4.398450587157106129e-01,6.277104949790504040e-01,-8.771946130027805100e-02,1.848996897804493222e-01,8.458583649683764083e-01,6.581133303044975902e-01,4.831641493035292445e-01,-1.648315051270385911e-01,-4.330781216400947931e-01,7.001037575702867555e-01,-3.890575430097670262e-01,3.200034934237315221e-01,2.231499546847085791e-01,8.066331107714073134e-01,7.119655626869000331e-01,1.000000000000000000e+00,-1.692116645463083158e-01,-6.890729584117205597e-02,6.999765788004809197e-01,5.459167217101891234e-01,-6.270857141504799781e-01,6.351512766367993779e-01
4.357506531484016676e-01,-1.203198090184765534e-01,8.873990883396781770e-02,3.266282615115955607e-02,4.382878739787877675e-01,-6.067185872328730856e-01,-2.997358130419609523e-01,1.518176410308728387e-02,8.373939657268211212e-01,-1.944371141434568517e-01,-5.681748357713932718e-01,3.403998327293208948e-01,3.504545637868730079e-01,-3.403473181828414740e-02,7.396989088989871508e-01,9.910858115012780023e-02,-3.812047035288613772e-01,5.696754110680274374e-01,1.016627970886078702e-01,-1.372391749436809028e-01,-2.276429585575659997e-01,-3.008016420496174501e-02,-8.999716650762781822e-02,-2.590048625503647006e-01,2.917357297487726542e-01,1.629785940546273071e-01,-4.996168277885156273e-01,4.773909548357321286e-01,-5.982124069361494101e-01,3.902104815074586286e-01,-4.154189021145098804e-01,-3.952061144578780660e-01,-1.692116645463083158e-01,1.000000000000000000e+00,-3.589605325028639715e-01,-3.438744848095617312e-01,-6.247384522558580011e-01,5.586090901134224129e-01,2.523123299137772224e-01
1.872194654448249007e-01,-1.202277496257099648e-01,2.285676769853245138e-01,-1.115346608446079746e-01,1.748126434801295648e-01,4.263387709589782082e-01,4.183644433610552577e-02,-5.029756169110760622e-01,-2.955739859278809223e-01,4.707618412923381679e-01,2.441361818736023370e-01,-2.195620035410252302e-01,-4.874407021574326260e-01,2.433165961698347535e-01,-3.343973424410839890e-01,7.319907561070984614e-02,4.740816751402939233e-01,-1.020196363691109470e-01,-2.389762735171547248e-01,-2.244583757837148863e-01,6.064084803173455107e-01,-2.274385436798088411e-01,-2.827496438813050308e-02,5.169668691695620266e-01,4.042760313473902078e-01,4.452107221389736691e-01,3.788167981573624665e-01,2.049778094612893231e-01,7.349501906991220412e-01,-1.063887641420397656e-01,1.222930321499154371e-01,6.821602649377582483e-02,-6.890729584117205597e-02,-3.589605325028639715e-01,1.000000000000000000e+00,8.615890529601083481e-02,5.691908195804443737e-01,-7.640344241233626432e-02,-3.432251792934553625e-01
-5.155408250245131496e-01,8.083586645022671213e-01,4.079377746861533871e-01,-1.891762488312800916e-01,9.446736166518959754e-02,6.901847328612720212e-01,5.160164465871687201e-01,1.366954632845857887e-01,-4.773540591680354161e-01,6.325649781327429277e-01,7.473744091075842366e-01,4.477285316588589525e-01,-1.101418548881185067e-01,6.328150905680621774e-01,-6.412629442107669053e-01,6.642864677440087906e-01,3.147269108277803706e-01,-6.285264781263621980e-01,4.583110003011595657e-01,1.764613427338676821e-01,1.834181564433610689e-01,6.018532057244185829e-01,7.572966253891296740e-01,5.359432451086461047e-01,-1.311619128111716215e-01,-4.971155593137098205e-01,6.573227199786406683e-01,-5.633655024040445936e-01,4.990766295424272081e-01,3.446403466171511498e-01,7.857881671394782996e-01,7.906460063225579926e-01,6.999765788004809197e-01,-3.438744848095617312e-01,8.615890529601083481e-02,1.000000000000000000e+00,6.509497386889256942e-01,-7.217616839609110047e-01,5.428966146533339421e-01
-4.914524147300027290e-01,5.400503812923376223e-01,4.379373810345911777e-01,-2.361765937051552022e-01,1.079637467825420444e-01,8.874228559086051460e-01,5.304130717262000028e-01,-1.918027277125499419e-01,-6.890285898483745619e-01,6.777341621964128038e-01,8.280947158060499858e-01,1.838561077300215896e-01,-4.410601908109018643e-01,5.740663381956598865e-01,-8.357343247770320227e-01,4.063157162334065653e-01,5.021347271428737713e-01,-6.415037450547407261e-01,2.263922665825374436e-01,-1.002562260716489545e-01,5.438140884575842771e-01,3.507269714518875814e-01,5.152882445512745324e-01,6.915958458122635211e-01,-4.322435560784546049e-02,-2.186740298035174945e-01,8.424132477624705073e-01,-4.528119552090623112e-01,8.464524701834433840e-01,-4.582522905492723148e-02,7.755040544240310307e-01,7.376744726112249850e-01,5.459167217101891234e-01,-6.247384522558580011e-01,5.691908195804443737e-01,6.509497386889256942e-01,1.000000000000000000e+00,-7.364300638874641258e-01,1.938560220480318730e-01
8.486650379724184345e-01,-7.512219691843117220e-01,-2.429565303641810503e-01,2.549148119998571049e-01,1.088097561620936793e-01,-8.452815119262900856e-01,-6.143410098149858500e-01,-1.779852262710707178e-01,7.652398440517725886e-01,-4.538800166286323656e-01,-9.025931680824308412e-01,-3.457589166085158761e-01,1.867046071144701225e-01,-5.061008380390547012e-01,8.505998560902480188e-01,-4.257969846239415546e-01,-2.510028903029353775e-01,8.079446075611166345e-01,-3.596433288642496007e-01,-1.590629534899073994e-01,-2.506611925276179265e-01,-4.702112697257588847e-01,-6.822367264790680785e-01,-4.805521739653023094e-01,4.352556969517485941e-01,6.399208868319800070e-01,-7.000328415255835379e-01,7.983823803158188737e-01,-5.691462154196300638e-01,4.908585777321582827e-02,-8.587486735606923993e-01,-8.828494625899175885e-01,-6.270857141504799781e-01,5.586090901134224129e-01,-7.640344241233626432e-02,-7.217616839609110047e-01,-7.364300638874641258e-01,1.000000000000000000e+00,-3.931601129680825091e-01
-4.329579942375645918e-01,7.630745321888093846e-01,4.495612969189159980e-01,-6.412552325279309573e-02,3.149719723448936581e-01,2.494161582601071570e-01,4.233371113894367488e-01,2.850956302713469337e-01,1.102777298830975722e-01,2.903411761275317415e-01,3.541344731845227356e-01,7.615889253098526712e-01,2.301301464338869340e-01,5.143361078266210917e-01,-1.700288334216920327e-01,5.318598277722724754e-01,-1.165245640956099060e-01,-1.918550008751369051e-01,7.774019591157076414e-01,7.908013674505570689e-02,-1.199349725900855923e-01,7.198853320011173729e-01,6.268025125346988746e-01,1.991605119644617172e-01,-1.892074263660089850e-01,-6.332150834493499580e-01,3.631362239084643395e-01,-4.305843611767958823e-01,-6.233902962009674892e-02,3.522314760831786185e-01,5.540796698633029260e-01,5.835714002449204907e-01,6.351512766367993779e-01,2.523123299137772224e-01,-3.432251792934553625e-01,5.428966146533339421e-01,1.938560220480318730e-01,-3.931601129680825091e-01,1.000000000000000000e+00
