1.000000000000000000e+00,7.282508514093745111e-01,2.149553482986536757e-01,-3.525905023745538047e-01,2.534672143442401882e-01,2.966897211564301085e-01,1.363927266900474278e-01,-1.926368057690018842e-01,6.809624131805459557e-01,4.288642973381808776e-01,-1.539727353935849141e-01,1.849836539116090639e-01,-1.831934576961701628e-03,-3.445842569212024392e-02,-2.410818130143206617e-01,4.685836194474915506e-01,5.039240289026723080e-02,2.215461768813267451e-01,4.433028141761627960e-01,2.531303588839707297e-01,-1.273957417981403176e-02,-5.376612705561502337e-02,4.782247349129400416e-01,1.590446472543131096e-01,3.132665851891862085e-01,3.846990582966339223e-01,4.340049641106049072e-01,3.526518852721566288e-01,1.880313892381137442e-01,1.119930267880524660e-01,4.414471594970983404e-01,1.821869706955002999e-01,-6.079207156576982990e-02,4.657590340954851360e-01,6.209244922572003667e-01,5.473934477933064535e-01,4.728108027607842989e-01,7.425780816694911302e-01,6.237827976173987432e-01
7.282508514093745111e-01,1.000000000000000000e+00,-8.820453056291054084e-02,-6.822243393563551250e-02,-3.482459115319649218e-02,1.669724979348929661e-01,-1.890337122315047524e-01,1.104565601944946102e-01,6.458608076876750648e-01,6.259460607694037337e-01,-2.901870622081291762e-01,3.781599700774241346e-01,-2.762954634666368037e-01,-4.697892938237016591e-02,-2.267650487779046820e-01,6.276103485912318813e-01,-9.218490225458333964e-02,6.201376072399630845e-02,3.043260717077871380e-01,-3.595648490955578869e-02,-2.904773797262957813e-01,-4.164363344033454872e-01,3.013959874194107602e-01,-1.188498921282566678e-01,3.738783860132436909e-01,3.192652811492335124e-02,7.104160390968751460e-02,-4.278583706672122594e-03,-1.026997176369243148e-01,3.789462814099955890e-01,1.250567868092123669e-01,2.061759266484612940e-01,-3.285757812019706181e-01,2.791182323050499514e-01,3.969553701950189195e-01,4.067392405386780485e-01,2.541831757922634050e-01,5.661105579392743392e-01,4.921635109341177539e-01
2.149553482986536757e-01,-8.820453056291054084e-02,1.000000000000000000e+00,-4.200530176947497862e-01,7.945082173695524608e-01,2.104386053368753062e-01,5.099580351940133927e-01,-9.039461333852236713e-01,1.321783323614446892e-01,-3.842639639411214725e-02,4.404457804401417098e-01,-2.007015971921972675e-01,4.750407054584056543e-01,4.076528719603755846e-01,2.471615069591029043e-02,-5.317571449734224964e-02,1.364787129543006128e-01,4.377932844842576943e-01,4.673214103842087130e-01,5.035234068221576820e-01,4.916715694812410220e-01,6.673252212878727496e-01,5.033678228729463466e-01,4.922975815961669888e-01,3.263499391867547561e-01,6.162209027525739069e-01,6.554276706673870523e-01,5.440481313329875723e-01,4.933304944331088349e-01,-2.926447279096427989e-01,4.998966129298975658e-01,1.534311851733534959e-01,7.528485814280617694e-01,5.841927178845833790e-01,4.951675585453685358e-01,4.817956152109937884e-01,4.778716382763192327e-01,4.171605435579249788e-01,4.374751544173130502e-01
-3.525905023745538047e-01,-6.822243393563551250e-02,-4.200530176947497862e-01,1.000000000000000000e+00,-4.160534338296064671e-01,-2.694935431218442590e-01,-4.993514136541952197e-01,4.159224565774301552e-01,-5.341707650612100705e-02,1.278460872202635268e-01,-7.383659167331488304e-02,-1.522624578573199446e-02,-3.699879836695990076e-01,-1.955350131460823482e-01,-1.790279179906709706e-01,6.955836250182555192e-02,-2.548668443577455367e-01,-4.354020892493261075e-01,-2.074841923044875303e-01,-2.885633668846735445e-01,-2.999110222782250257e-01,-4.515053345758081593e-01,-4.620828356907240031e-01,-4.973740414443184599e-01,-2.045338580596710309e-03,-6.978369527944708883e-01,-6.371528744801715494e-01,-7.824605599596621275e-01,-6.641235166653938204e-01,1.980210127913847040e-01,-6.957293149434187196e-01,-2.481501348152046205e-01,-3.436768281279705683e-01,-4.007186395961223613e-01,-5.146411528050435225e-01,-2.328820431334753527e-01,-6.157092054067783149e-01,-3.539211923724237541e-01,-2.025973591325029854e-01
2.534672143442401882e-01,-3.482459115319649218e-02,7.945082173695524608e-01,-4.160534338296064671e-01,1.000000000000000000e+00,2.104526976039357844e-01,5.354966236303652094e-01,-7.649628886179732357e-01,2.916044108636146603e-01,8.207588925584469175e-02,4.055183878718873203e-01,-1.702212297936506746e-01,4.167795507850715064e-01,4.593641556280598781e-01,-1.073828895410769840e-01,1.205191274833201237e-01,2.004244315206029081e-01,4.589890814299726340e-01,5.275911268002793086e-01,4.538341240603905868e-01,2.561650902659973750e-01,5.390603330739672794e-01,6.155013673915571415e-01,5.607260882532305590e-01,4.256905550071322097e-01,6.672677247198655071e-01,6.963561723421789473e-01,5.572770942283862272e-01,4.341766403609872427e-01,-2.432095171089419527e-01,5.626261434875956535e-01,1.082258233837296718e-01,7.102981938412882279e-01,6.418923490286080336e-01,5.282387609274401541e-01,5.638100639776867373e-01,4.930089769685643275e-01,5.378696878806308312e-01,5.551641080946534412e-01
2.966897211564301085e-01,1.669724979348929661e-01,2.104386053368753062e-01,-2.694935431218442590e-01,2.104526976039357844e-01,1.000000000000000000e+00,-3.903304679656601633e-02,-1.403023382116436180e-01,1.437639270355295928e-01,-4.053661725722821491e-02,1.229067104246712033e-01,-2.121199852229563310e-01,1.499285324875822834e-01,1.514648281520278583e-01,-1.096514916636945058e-01,2.027547854927480922e-02,3.194168596811480798e-01,-1.998491417232282907e-02,-2.542606911775152287e-02,1.793776144223882540e-01,2.692443005256439092e-01,2.067216675574492790e-01,4.506660713245214667e-01,9.092134904204465795e-02,-5.839475191112632885e-03,1.323673905778115500e-01,1.279027002544922964e-01,2.540423675574782769e-01,2.394855355893098503e-01,-7.601782330393473675e-02,3.232395156937031278e-01,1.225037653088432987e-01,3.199264885919519408e-01,7.156932926065578959e-02,1.059916085150324760e-01,3.440678163993837191e-01,1.403970310382877673e-01,1.348965003392566808e-01,1.403558424185406134e-02
1.363927266900474278e-01,-1.890337122315047524e-01,5.099580351940133927e-01,-4.993514136541952197e-01,5.354966236303652094e-01,-3.903304679656601633e-02,1.000000000000000000e+00,-4.906661979611010582e-01,-6.551570504286630126e-02,-2.155356652412898089e-01,2.657065063064216193e-01,-1.058754949119945776e-01,4.900365652548693829e-01,2.633348941015674072e-01,-2.437047709393397321e-02,-2.043466774199990954e-01,2.514231586030251098e-01,5.709530217540026431e-01,3.655911663630585506e-01,4.043374908200471629e-01,2.096419518363131229e-01,5.596919021540965877e-01,2.977730322568816201e-01,6.536116772930431473e-01,-1.472075250141528270e-02,7.134005917625982907e-01,6.931987007188654681e-01,7.078529250290711561e-01,6.174959957932595334e-01,-3.061783053944529542e-01,6.076106327266861395e-01,1.822009016855997421e-01,4.331873951425316838e-01,3.438618788199558907e-01,4.623575594485584417e-01,5.505808802291536214e-02,5.456193367071257017e-01,3.139947523488260672e-01,2.476631765675890162e-01
-1.926368057690018842e-01,1.104565601944946102e-01,-9.039461333852236713e-01,4.159224565774301552e-01,-7.649628886179732357e-01,-1.403023382116436180e-01,-4.906661979611010582e-01,1.000000000000000000e+00,-1.291946419201017160e-01,4.200950936421860016e-02,-3.845462436790915151e-01,2.040973244732350866e-01,-4.362675761984567968e-01,-3.535621988379960556e-01,-6.397305268347684704e-02,5.713093934099867238e-02,-8.015723274712958923e-02,-3.925356158055589573e-01,-4.324372800065458544e-01,-5.028466342977517822e-01,-4.834426902102321177e-01,-6.454267054437773377e-01,-4.382904478054476249e-01,-4.670301992761932697e-01,-2.916494924620648965e-01,-5.903797134882501352e-01,-6.329564898233051018e-01,-5.119866772947998523e-01,-4.595552289357934805e-01,2.768195483065339357e-01,-4.501052606639395215e-01,-1.363016351978554586e-01,-7.020947519082491040e-01,-5.586785483273952746e-01,-4.663425236299944543e-01,-4.273891455275639628e-01,-4.444036124412615862e-01,-3.672395026947534169e-01,-4.184714552047984482e-01
6.809624131805459557e-01,6.458608076876750648e-01,1.321783323614446892e-01,-5.341707650612100705e-02,2.916044108636146603e-01,1.437639270355295928e-01,-6.551570504286630126e-02,-1.291946419201017160e-01,1.000000000000000000e+00,6.163314448381193023e-01,-2.764645598556058070e-01,2.110836675062411905e-01,-1.901877958965527415e-01,-1.534101884146367445e-02,-2.324699840384484295e-01,6.304649155403916350e-01,-1.093334856544602718e-01,8.507438326467754719e-02,5.011253328545106633e-01,1.898306215758035209e-01,-1.916645638175567268e-01,-2.524969550795533868e-01,3.622630187800001678e-01,7.081471833561396329e-04,4.500637772146338089e-01,1.236527013837199207e-01,2.076144725248450784e-01,4.894381068713223037e-02,-1.857228728595410605e-01,2.946030204390840956e-01,2.201324560099302552e-01,-6.454865928743688808e-02,-1.205009713486586836e-01,5.158042873064726530e-01,3.756734979948989084e-01,5.481628608555659810e-01,1.895410787987867329e-01,6.277164037684215270e-01,6.662597185146597045e-01
4.288642973381808776e-01,6.259460607694037337e-01,-3.842639639411214725e-02,1.278460872202635268e-01,8.207588925584469175e-02,-4.053661725722821491e-02,-2.155356652412898089e-01,4.200950936421860016e-02,6.163314448381193023e-01,1.000000000000000000e+00,-1.001244383453955972e-01,2.614939567696247247e-01,-3.504966918226394279e-01,-1.025361886327176703e-01,-3.514810272955159465e-01,8.454278928499899814e-01,-2.889937852719413058e-01,1.209819980327998673e-01,4.995384917149905957e-01,-1.415936307682169604e-01,-3.551953588992326494e-01,-4.863465961558453010e-01,1.970084553605281064e-01,-2.207259582744986182e-01,7.022387073979182714e-01,-8.979149475979686379e-02,-2.643041719611967030e-02,-1.949142917770309569e-01,-3.762798513719394777e-01,5.401485905677640975e-01,2.288830757970276158e-02,-1.055868547556236964e-01,-3.104163535017893105e-01,2.774784902703510969e-01,1.953993129380802163e-01,4.725160053055714737e-01,3.234406211123110313e-03,4.903084506581913971e-01,5.831871253319556025e-01
-1.539727353935849141e-01,-2.901870622081291762e-01,4.404457804401417098e-01,-7.383659167331488304e-02,4.055183878718873203e-01,1.229067104246712033e-01,2.657065063064216193e-01,-3.845462436790915151e-01,-2.764645598556058070e-01,-1.001244383453955972e-01,1.000000000000000000e+00,-4.374349156533133276e-01,4.887268775033684620e-01,1.542234494875930895e-01,-1.799913173227261909e-01,-1.507580271574027742e-01,1.869268525550687177e-01,1.992066369991897790e-01,2.416976361267584306e-01,-8.520698751178184052e-03,1.738371647122798069e-01,3.772150820335880561e-01,1.193680386203095495e-01,1.975344304585865129e-01,3.184574810106040599e-01,2.442233167155188067e-01,3.679158706841596516e-01,1.403320769033183091e-01,2.433432764530495673e-01,-2.066875988740365100e-01,2.493323449994984953e-01,8.840324700874675756e-02,5.276520290623641918e-01,3.379933546780318487e-02,1.816264061684480791e-01,2.734213460698673437e-01,1.217010841272124638e-01,4.936838512201973533e-02,1.997946914389188700e-01
1.849836539116090639e-01,3.781599700774241346e-01,-2.007015971921972675e-01,-1.522624578573199446e-02,-1.702212297936506746e-01,-2.121199852229563310e-01,-1.058754949119945776e-01,2.040973244732350866e-01,2.110836675062411905e-01,2.614939567696247247e-01,-4.374349156533133276e-01,1.000000000000000000e+00,-4.179252496844239606e-01,2.233035448634852482e-01,1.607599162851297836e-01,3.006517951352963847e-01,-2.023443560135399222e-01,2.510038414976317189e-01,-7.706030505968437284e-03,-6.935376643807958591e-04,-2.123413155335622526e-01,-1.995074307238398625e-01,1.163444798194768204e-01,5.412828924123717911e-02,-5.385337896042100003e-02,3.140984127782101704e-02,-1.061993819418018681e-01,2.324089231162238672e-02,3.999977151565664579e-02,3.848152590706275800e-01,-1.305843306047470564e-01,1.563670208195683253e-01,-2.808187726764466152e-01,2.308631655985825537e-01,1.472819146927399625e-01,-6.777095300725013982e-02,1.941192326862826445e-01,2.247133074043816126e-01,-3.241242070344657698e-03
-1.831934576961701628e-03,-2.762954634666368037e-01,4.750407054584056543e-01,-3.699879836695990076e-01,4.167795507850715064e-01,1.499285324875822834e-01,4.900365652548693829e-01,-4.362675761984567968e-01,-1.901877958965527415e-01,-3.504966918226394279e-01,4.887268775033684620e-01,-4.179252496844239606e-01,1.000000000000000000e+00,3.353517567035001201e-02,-1.876561618996085840e-02,-3.768125300906158825e-01,3.396028317645995998e-01,1.874693450976882836e-01,1.480913283440540018e-01,3.075728546471693803e-01,3.858109015056396252e-01,5.495589192040720716e-01,1.857868668240294507e-01,3.381085433179396027e-01,1.660766238953739413e-02,4.235539279140682623e-01,5.382738418727583962e-01,4.398586834365316722e-01,4.140881470927030850e-01,-4.611264043889933828e-01,4.709930207007324010e-01,2.734565957279784798e-01,4.754438682964504115e-01,1.372762893407153129e-01,2.411238271173615499e-01,1.300415584255474599e-01,2.557852193311536682e-01,8.063409105737723293e-02,1.241501221673586147e-01
-3.445842569212024392e-02,-4.697892938237016591e-02,4.076528719603755846e-01,-1.955350131460823482e-01,4.593641556280598781e-01,1.514648281520278583e-01,2.633348941015674072e-01,-3.535621988379960556e-01,-1.534101884146367445e-02,-1.025361886327176703e-01,1.542234494875930895e-01,2.233035448634852482e-01,3.353517567035001201e-02,1.000000000000000000e+00,2.054262424635205087e-01,-5.369728974912102437e-02,1.503374267727786984e-01,3.347947403383823017e-01,1.120553556594591771e-01,2.080966197702163456e-01,1.620632927802904966e-01,3.949425969334536823e-01,4.755901547686919861e-01,5.394734879591800425e-01,6.689040039709227836e-02,3.891255268605394169e-01,2.576001165779693847e-01,2.979216532358063274e-01,4.352425494566704023e-01,-4.219715879148838722e-02,1.751419108836994865e-01,2.674727593202724241e-01,6.037183370824829032e-01,3.615389475286547305e-01,2.429598352069649858e-01,1.423345319846175683e-01,4.100432290338933972e-01,1.922603199304666333e-01,2.141148028638236930e-02
-2.410818130143206617e-01,-2.267650487779046820e-01,2.471615069591029043e-02,-1.790279179906709706e-01,-1.073828895410769840e-01,-1.096514916636945058e-01,-2.437047709393397321e-02,-6.397305268347684704e-02,-2.324699840384484295e-01,-3.514810272955159465e-01,-1.799913173227261909e-01,1.607599162851297836e-01,-1.876561618996085840e-02,2.054262424635205087e-01,1.000000000000000000e+00,-3.705280127083825925e-01,-1.587713692888033101e-01,-1.815819514916566790e-01,-2.852508481937662266e-01,9.922481040878780578e-02,3.986490072348364833e-01,3.031108566170103713e-01,-2.109249473763521732e-01,-3.861015089607413436e-02,-3.803427353794964216e-01,-3.920292109944919189e-03,-7.781785945883257227e-02,2.531810313667153672e-02,1.446893399072766984e-01,-7.554376468212940787e-02,-1.484769804052197828e-01,1.108909453707981885e-01,1.321790785924172040e-01,9.257300609426767635e-02,-1.359477307555614078e-01,-2.335611779645093145e-01,3.759527805495189307e-02,-3.444394828882409443e-01,-3.564670249390234913e-01
4.685836194474915506e-01,6.276103485912318813e-01,-5.317571449734224964e-02,6.955836250182555192e-02,1.205191274833201237e-01,2.027547854927480922e-02,-2.043466774199990954e-01,5.713093934099867238e-02,6.304649155403916350e-01,8.454278928499899814e-01,-1.507580271574027742e-01,3.006517951352963847e-01,-3.768125300906158825e-01,-5.369728974912102437e-02,-3.705280127083825925e-01,1.000000000000000000e+00,-1.369886476071056070e-01,1.366142549550861396e-01,4.702956798783778369e-01,-5.855585977693700955e-02,-3.800728323501781913e-01,-4.836341941175751891e-01,3.373723080779219008e-01,-1.181058865318351248e-01,6.273887212575848249e-01,-6.848481156808454906e-04,1.276268489791075947e-02,-1.152766013885545282e-01,-2.856468637776405362e-01,5.094470038519571808e-01,2.605125199581138223e-02,-5.933700061653072316e-02,-2.966450149260145275e-01,2.587777898038843283e-01,2.220198060867413503e-01,4.791675762214960832e-01,4.330551157144540281e-02,5.362190575656753389e-01,5.651614226671133334e-01
5.039240289026723080e-02,-9.218490225458333964e-02,1.364787129543006128e-01,-2.548668443577455367e-01,2.004244315206029081e-01,3.194168596811480798e-01,2.514231586030251098e-01,-8.015723274712958923e-02,-1.093334856544602718e-01,-2.889937852719413058e-01,1.869268525550687177e-01,-2.023443560135399222e-01,3.396028317645995998e-01,1.503374267727786984e-01,-1.587713692888033101e-01,-1.369886476071056070e-01,1.000000000000000000e+00,2.175174602261883139e-01,5.770242989535007833e-02,1.020650023765563713e-01,6.014574109196352963e-02,1.923000982413454740e-01,3.473613582416773538e-01,4.602143446102172075e-01,-1.237118317711526361e-01,3.427498710204008869e-01,2.877337628732840047e-01,4.000604190583093578e-01,4.238290899081880170e-01,-2.289713705769417518e-01,3.569523717165343779e-01,2.117700957108084037e-01,2.363978074901725568e-01,-8.484449785129483113e-02,1.991223876415970373e-01,-4.440625198617134672e-02,2.183907009518224474e-01,5.960039816742075669e-02,-3.461526902227992503e-02
2.215461768813267451e-01,6.201376072399630845e-02,4.377932844842576943e-01,-4.354020892493261075e-01,4.589890814299726340e-01,-1.998491417232282907e-02,5.709530217540026431e-01,-3.925356158055589573e-01,8.507438326467754719e-02,1.209819980327998673e-01,1.992066369991897790e-01,2.510038414976317189e-01,1.874693450976882836e-01,3.347947403383823017e-01,-1.815819514916566790e-01,1.366142549550861396e-01,2.175174602261883139e-01,1.000000000000000000e+00,5.077591996829783350e-01,2.155374777197660852e-01,2.609520448542069701e-02,3.343028336326849259e-01,4.578011732727833016e-01,5.345042675216958861e-01,2.564410237100071543e-01,6.293382173216239828e-01,5.515696168186655646e-01,6.089910800437141614e-01,5.237036968036500317e-01,-3.355272282176556542e-02,5.269118098554761431e-01,1.204901538723243404e-01,2.861463290838618945e-01,4.141524357695812730e-01,5.167362715344849811e-01,2.542845424777221974e-01,5.485543231391288854e-01,4.797259093516062500e-01,3.584044167190352792e-01
4.433028141761627960e-01,3.043260717077871380e-01,4.673214103842087130e-01,-2.074841923044875303e-01,5.275911268002793086e-01,-2.542606911775152287e-02,3.655911663630585506e-01,-4.324372800065458544e-01,5.011253328545106633e-01,4.995384917149905957e-01,2.416976361267584306e-01,-7.706030505968437284e-03,1.480913283440540018e-01,1.120553556594591771e-01,-2.852508481937662266e-01,4.702956798783778369e-01,5.770242989535007833e-02,5.077591996829783350e-01,1.000000000000000000e+00,1.525826226003452746e-01,-3.892479479828093395e-03,4.142231997864657955e-02,3.670569403711015921e-01,2.788284376571264489e-01,6.152096107723071805e-01,4.152719019209502593e-01,4.981750673466203150e-01,2.947413861350539621e-01,1.020118697431147137e-01,1.710831184096041624e-01,4.672048632889968522e-01,-6.061943140439775973e-02,1.600830875135536568e-01,5.269725480565478071e-01,5.257710719731462090e-01,5.035009211650348648e-01,3.649070020911351353e-01,6.275130440385572328e-01,7.552705307039849769e-01
2.531303588839707297e-01,-3.595648490955578869e-02,5.035234068221576820e-01,-2.885633668846735445e-01,4.538341240603905868e-01,1.793776144223882540e-01,4.043374908200471629e-01,-5.028466342977517822e-01,1.898306215758035209e-01,-1.415936307682169604e-01,-8.520698751178184052e-03,-6.935376643807958591e-04,3.075728546471693803e-01,2.080966197702163456e-01,9.922481040878780578e-02,-5.855585977693700955e-02,1.020650023765563713e-01,2.155374777197660852e-01,1.525826226003452746e-01,1.000000000000000000e+00,3.726245849900806650e-01,4.956993136611531070e-01,3.877362610393428333e-01,3.252633451035097933e-01,-2.331156499758925416e-02,4.571572760737143137e-01,4.586350636488217281e-01,4.480555440956708324e-01,3.760468323416313874e-01,-2.999357338943929308e-01,3.257797338885505822e-01,1.386300278467021141e-01,3.975863749840780614e-01,3.617252563022133049e-01,2.709474471303489063e-01,2.617003292283551219e-01,2.863983654008593338e-01,2.739769379978698738e-01,1.964509955926262152e-01
-1.273957417981403176e-02,-2.904773797262957813e-01,4.916715694812410220e-01,-2.999110222782250257e-01,2.561650902659973750e-01,2.692443005256439092e-01,2.096419518363131229e-01,-4.834426902102321177e-01,-1.916645638175567268e-01,-3.551953588992326494e-01,1.738371647122798069e-01,-2.123413155335622526e-01,3.858109015056396252e-01,1.620632927802904966e-01,3.986490072348364833e-01,-3.800728323501781913e-01,6.014574109196352963e-02,2.609520448542069701e-02,-3.892479479828093395e-03,3.726245849900806650e-01,1.000000000000000000e+00,7.230734301815802123e-01,1.737682299823146703e-01,1.647473808052943300e-01,-1.242891479606430122e-01,2.934631545924644147e-01,2.820446152605898815e-01,3.183787516661774064e-01,3.591321438852544401e-01,-3.994789544316598717e-01,1.997136921668432596e-01,9.904143852886082566e-02,5.253291132944166719e-01,2.565657838627968812e-01,1.271445767609169497e-01,1.306758419549691463e-01,1.563457925126674197e-01,-6.350725441357478462e-02,-8.066180554249036128e-02
-5.376612705561502337e-02,-4.164363344033454872e-01,6.673252212878727496e-01,-4.515053345758081593e-01,5.390603330739672794e-01,2.067216675574492790e-01,5.596919021540965877e-01,-6.454267054437773377e-01,-2.524969550795533868e-01,-4.863465961558453010e-01,3.772150820335880561e-01,-1.995074307238398625e-01,5.495589192040720716e-01,3.949425969334536823e-01,3.031108566170103713e-01,-4.836341941175751891e-01,1.923000982413454740e-01,3.343028336326849259e-01,4.142231997864657955e-02,4.956993136611531070e-01,7.230734301815802123e-01,1.000000000000000000e+00,3.266615594620213003e-01,4.936829042563262160e-01,-1.210114244234888753e-01,5.920797935506388887e-01,5.600353293702192703e-01,5.888866060261873647e-01,6.391220868589878590e-01,-5.397844069348404217e-01,4.023871043015300741e-01,1.945266538477721796e-01,7.673307456440061625e-01,3.554968284800285039e-01,2.854730446060262938e-01,1.650277572423212158e-01,3.927668936698429647e-01,6.414182304071958107e-02,-3.264285278579903086e-03
4.782247349129400416e-01,3.013959874194107602e-01,5.033678228729463466e-01,-4.620828356907240031e-01,6.155013673915571415e-01,4.506660713245214667e-01,2.977730322568816201e-01,-4.382904478054476249e-01,3.622630187800001678e-01,1.970084553605281064e-01,1.193680386203095495e-01,1.163444798194768204e-01,1.857868668240294507e-01,4.755901547686919861e-01,-2.109249473763521732e-01,3.373723080779219008e-01,3.473613582416773538e-01,4.578011732727833016e-01,3.670569403711015921e-01,3.877362610393428333e-01,1.737682299823146703e-01,3.266615594620213003e-01,1.000000000000000000e+00,5.394308718461116037e-01,3.928126608973210865e-01,6.183508738534034821e-01,5.561642889045963489e-01,5.682973128179321654e-01,4.959940447788385165e-01,-9.293434818460316604e-02,5.388859420287733792e-01,2.809645289885618902e-01,4.698424582258540760e-01,5.128540256867250013e-01,6.026549138268353367e-01,6.059242075314771325e-01,5.829549044578608008e-01,6.289887584217891403e-01,4.349403706774385703e-01
1.590446472543131096e-01,-1.188498921282566678e-01,4.922975815961669888e-01,-4.973740414443184599e-01,5.607260882532305590e-01,9.092134904204465795e-02,6.536116772930431473e-01,-4.670301992761932697e-01,7.081471833561396329e-04,-2.207259582744986182e-01,1.975344304585865129e-01,5.412828924123717911e-02,3.381085433179396027e-01,5.394734879591800425e-01,-3.861015089607413436e-02,-1.181058865318351248e-01,4.602143446102172075e-01,5.345042675216958861e-01,2.788284376571264489e-01,3.252633451035097933e-01,1.647473808052943300e-01,4.936829042563262160e-01,5.394308718461116037e-01,1.000000000000000000e+00,-2.339391456718951587e-02,7.520511612470566210e-01,6.675395051307589922e-01,7.117951580503170117e-01,7.238372606195819792e-01,-2.696048149453351694e-01,5.798701386156146498e-01,2.773187281729818654e-01,5.012764915681312550e-01,3.253631289435113816e-01,5.629931805468166850e-01,1.017837751154632847e-01,6.797543783432120623e-01,3.320066112284140725e-01,1.670282634271079147e-01
3.132665851891862085e-01,3.738783860132436909e-01,3.263499391867547561e-01,-2.045338580596710309e-03,4.256905550071322097e-01,-5.839475191112632885e-03,-1.472075250141528270e-02,-2.916494924620648965e-01,4.500637772146338089e-01,7.022387073979182714e-01,3.184574810106040599e-01,-5.385337896042100003e-02,1.660766238953739413e-02,6.689040039709227836e-02,-3.803427353794964216e-01,6.273887212575848249e-01,-1.237118317711526361e-01,2.564410237100071543e-01,6.152096107723071805e-01,-2.331156499758925416e-02,-1.242891479606430122e-01,-1.210114244234888753e-01,3.928126608973210865e-01,-2.339391456718951587e-02,1.000000000000000000e+00,1.455198438797290217e-01,2.649210088620400083e-01,-2.194774300875711875e-02,-1.542051003545950316e-01,2.475502571032716925e-01,2.082839925607502807e-01,-6.098211792253003388e-02,1.345049585609812692e-01,4.153784817553260456e-01,3.694218521249603704e-01,6.750406861732481945e-01,1.622188850047170394e-01,5.432403311875065866e-01,7.085537036021646307e-01
3.846990582966339223e-01,3.192652811492335124e-02,6.162209027525739069e-01,-6.978369527944708883e-01,6.672677247198655071e-01,1.323673905778115500e-01,7.134005917625982907e-01,-5.903797134882501352e-01,1.236527013837199207e-01,-8.979149475979686379e-02,2.442233167155188067e-01,3.140984127782101704e-02,4.235539279140682623e-01,3.891255268605394169e-01,-3.920292109944919189e-03,-6.848481156808454906e-04,3.427498710204008869e-01,6.293382173216239828e-01,4.152719019209502593e-01,4.571572760737143137e-01,2.934631545924644147e-01,5.920797935506388887e-01,6.183508738534034821e-01,7.520511612470566210e-01,1.455198438797290217e-01,1.000000000000000000e+00,8.530928159076877071e-01,8.588881801311880615e-01,7.880244446622197696e-01,-2.933844270976742052e-01,7.525498151997137564e-01,3.034151589444581409e-01,5.283942417969659244e-01,5.345683628064977766e-01,7.131379623451570282e-01,3.222728499564646576e-01,7.785137507299484394e-01,5.351889165589834851e-01,4.002840878675502090e-01
4.340049641106049072e-01,7.104160390968751460e-02,6.554276706673870523e-01,-6.371528744801715494e-01,6.963561723421789473e-01,1.279027002544922964e-01,6.931987007188654681e-01,-6.329564898233051018e-01,2.076144725248450784e-01,-2.643041719611967030e-02,3.679158706841596516e-01,-1.061993819418018681e-01,5.382738418727583962e-01,2.576001165779693847e-01,-7.781785945883257227e-02,1.276268489791075947e-02,2.877337628732840047e-01,5.515696168186655646e-01,4.981750673466203150e-01,4.586350636488217281e-01,2.820446152605898815e-01,5.600353293702192703e-01,5.561642889045963489e-01,6.675395051307589922e-01,2.649210088620400083e-01,8.530928159076877071e-01,1.000000000000000000e+00,7.751715359758519774e-01,6.678346756258126682e-01,-2.933034636155992247e-01,7.755215600645536389e-01,2.534314028254406326e-01,5.137526585810839874e-01,5.367659291855697568e-01,7.389180985611100150e-01,4.227436058876252734e-01,7.188974145888038514e-01,5.453172874949832050e-01,5.368301150580518932e-01
3.526518852721566288e-01,-4.278583706672122594e-03,5.440481313329875723e-01,-7.824605599596621275e-01,5.572770942283862272e-01,2.540423675574782769e-01,7.078529250290711561e-01,-5.119866772947998523e-01,4.894381068713223037e-02,-1.949142917770309569e-01,1.403320769033183091e-01,2.324089231162238672e-02,4.398586834365316722e-01,2.979216532358063274e-01,2.531810313667153672e-02,-1.152766013885545282e-01,4.000604190583093578e-01,6.089910800437141614e-01,2.947413861350539621e-01,4.480555440956708324e-01,3.183787516661774064e-01,5.888866060261873647e-01,5.682973128179321654e-01,7.117951580503170117e-01,-2.194774300875711875e-02,8.588881801311880615e-01,7.751715359758519774e-01,1.000000000000000000e+00,8.146700978079857158e-01,-3.172364951346453021e-01,8.009509458518401237e-01,2.774274082172432654e-01,4.672795413491762639e-01,4.442030306468751077e-01,6.201842606187096818e-01,2.243623567877566505e-01,7.275082062269763172e-01,4.321221551143883954e-01,2.408596561443628881e-01
1.880313892381137442e-01,-1.026997176369243148e-01,4.933304944331088349e-01,-6.641235166653938204e-01,4.341766403609872427e-01,2.394855355893098503e-01,6.174959957932595334e-01,-4.595552289357934805e-01,-1.857228728595410605e-01,-3.762798513719394777e-01,2.433432764530495673e-01,3.999977151565664579e-02,4.140881470927030850e-01,4.352425494566704023e-01,1.446893399072766984e-01,-2.856468637776405362e-01,4.238290899081880170e-01,5.237036968036500317e-01,1.020118697431147137e-01,3.760468323416313874e-01,3.591321438852544401e-01,6.391220868589878590e-01,4.959940447788385165e-01,7.238372606195819792e-01,-1.542051003545950316e-01,7.880244446622197696e-01,6.678346756258126682e-01,8.146700978079857158e-01,1.000000000000000000e+00,-3.875888205236575623e-01,6.504406407404915713e-01,4.196061211442080885e-01,5.441370959510231087e-01,2.853753383925467513e-01,5.672887571307193566e-01,8.386941119199115002e-02,7.428381037990300362e-01,2.378065543543568527e-01,2.374174911024287682e-02
1.119930267880524660e-01,3.789462814099955890e-01,-2.926447279096427989e-01,1.980210127913847040e-01,-2.432095171089419527e-01,-7.601782330393473675e-02,-3.061783053944529542e-01,2.768195483065339357e-01,2.946030204390840956e-01,5.401485905677640975e-01,-2.066875988740365100e-01,3.848152590706275800e-01,-4.611264043889933828e-01,-4.219715879148838722e-02,-7.554376468212940787e-02,5.094470038519571808e-01,-2.289713705769417518e-01,-3.355272282176556542e-02,1.710831184096041624e-01,-2.999357338943929308e-01,-3.994789544316598717e-01,-5.397844069348404217e-01,-9.293434818460316604e-02,-2.696048149453351694e-01,2.475502571032716925e-01,-2.933844270976742052e-01,-2.933034636155992247e-01,-3.172364951346453021e-01,-3.875888205236575623e-01,1.000000000000000000e+00,-2.027649987794202524e-01,-1.343991013089374242e-01,-3.974623445684459244e-01,4.196982573666339228e-02,-1.048465937965541578e-01,-4.071395475198771874e-02,-1.539576113790241396e-01,1.179184079493937054e-01,1.401810635353323564e-01
4.414471594970983404e-01,1.250567868092123669e-01,4.998966129298975658e-01,-6.957293149434187196e-01,5.626261434875956535e-01,3.232395156937031278e-01,6.076106327266861395e-01,-4.501052606639395215e-01,2.201324560099302552e-01,2.288830757970276158e-02,2.493323449994984953e-01,-1.305843306047470564e-01,4.709930207007324010e-01,1.751419108836994865e-01,-1.484769804052197828e-01,2.605125199581138223e-02,3.569523717165343779e-01,5.269118098554761431e-01,4.672048632889968522e-01,3.257797338885505822e-01,1.997136921668432596e-01,4.023871043015300741e-01,5.388859420287733792e-01,5.798701386156146498e-01,2.082839925607502807e-01,7.525498151997137564e-01,7.755215600645536389e-01,8.009509458518401237e-01,6.504406407404915713e-01,-2.027649987794202524e-01,1.000000000000000000e+00,1.935981001745706864e-01,3.968867861337255221e-01,4.420153783668256398e-01,6.550136236969018588e-01,3.690561894108057017e-01,6.853030150699603862e-01,5.000089090335423370e-01,4.131543147351106060e-01
1.821869706955002999e-01,2.061759266484612940e-01,1.534311851733534959e-01,-2.481501348152046205e-01,1.082258233837296718e-01,1.225037653088432987e-01,1.822009016855997421e-01,-1.363016351978554586e-01,-6.454865928743688808e-02,-1.055868547556236964e-01,8.840324700874675756e-02,1.563670208195683253e-01,2.734565957279784798e-01,2.674727593202724241e-01,1.108909453707981885e-01,-5.933700061653072316e-02,2.117700957108084037e-01,1.204901538723243404e-01,-6.061943140439775973e-02,1.386300278467021141e-01,9.904143852886082566e-02,1.945266538477721796e-01,2.809645289885618902e-01,2.773187281729818654e-01,-6.098211792253003388e-02,3.034151589444581409e-01,2.534314028254406326e-01,2.774274082172432654e-01,4.196061211442080885e-01,-1.343991013089374242e-01,1.935981001745706864e-01,1.000000000000000000e+00,1.832196716921982715e-01,5.126039457682797507e-02,2.668270404984405819e-01,-1.325857548574571436e-02,3.704670897557139631e-01,1.442250520994080298e-01,-1.819452848022402175e-02
-6.079207156576982990e-02,-3.285757812019706181e-01,7.528485814280617694e-01,-3.436768281279705683e-01,7.102981938412882279e-01,3.199264885919519408e-01,4.331873951425316838e-01,-7.020947519082491040e-01,-1.205009713486586836e-01,-3.104163535017893105e-01,5.276520290623641918e-01,-2.808187726764466152e-01,4.754438682964504115e-01,6.037183370824829032e-01,1.321790785924172040e-01,-2.966450149260145275e-01,2.363978074901725568e-01,2.861463290838618945e-01,1.600830875135536568e-01,3.975863749840780614e-01,5.253291132944166719e-01,7.673307456440061625e-01,4.698424582258540760e-01,5.012764915681312550e-01,1.345049585609812692e-01,5.283942417969659244e-01,5.137526585810839874e-01,4.672795413491762639e-01,5.441370959510231087e-01,-3.974623445684459244e-01,3.968867861337255221e-01,1.832196716921982715e-01,1.000000000000000000e+00,4.077631096866522475e-01,2.856426964713575933e-01,3.294455923531560693e-01,3.730619301400348586e-01,1.706990253717018957e-01,1.363964449625202913e-01
4.657590340954851360e-01,2.791182323050499514e-01,5.841927178845833790e-01,-4.007186395961223613e-01,6.418923490286080336e-01,7.156932926065578959e-02,3.438618788199558907e-01,-5.586785483273952746e-01,5.158042873064726530e-01,2.774784902703510969e-01,3.379933546780318487e-02,2.308631655985825537e-01,1.372762893407153129e-01,3.615389475286547305e-01,9.257300609426767635e-02,2.587777898038843283e-01,-8.484449785129483113e-02,4.141524357695812730e-01,5.269725480565478071e-01,3.617252563022133049e-01,2.565657838627968812e-01,3.554968284800285039e-01,5.128540256867250013e-01,3.253631289435113816e-01,4.153784817553260456e-01,5.345683628064977766e-01,5.367659291855697568e-01,4.442030306468751077e-01,2.853753383925467513e-01,4.196982573666339228e-02,4.420153783668256398e-01,5.126039457682797507e-02,4.077631096866522475e-01,1.000000000000000000e+00,5.601662162505106624e-01,5.296216522737612342e-01,5.029841269152860450e-01,6.704146074880052986e-01,6.261411694000856842e-01
6.209244922572003667e-01,3.969553701950189195e-01,4.951675585453685358e-01,-5.146411528050435225e-01,5.282387609274401541e-01,1.059916085150324760e-01,4.623575594485584417e-01,-4.663425236299944543e-01,3.756734979948989084e-01,1.953993129380802163e-01,1.816264061684480791e-01,1.472819146927399625e-01,2.411238271173615499e-01,2.429598352069649858e-01,-1.359477307555614078e-01,2.220198060867413503e-01,1.991223876415970373e-01,5.167362715344849811e-01,5.257710719731462090e-01,2.709474471303489063e-01,1.271445767609169497e-01,2.854730446060262938e-01,6.026549138268353367e-01,5.629931805468166850e-01,3.694218521249603704e-01,7.131379623451570282e-01,7.389180985611100150e-01,6.201842606187096818e-01,5.672887571307193566e-01,-1.048465937965541578e-01,6.550136236969018588e-01,2.668270404984405819e-01,2.856426964713575933e-01,5.601662162505106624e-01,1.000000000000000000e+00,4.766812953065618363e-01,8.212423618409195880e-01,6.717395675585124959e-01,5.714350047301722801e-01
5.473934477933064535e-01,4.067392405386780485e-01,4.817956152109937884e-01,-2.328820431334753527e-01,5.638100639776867373e-01,3.440678163993837191e-01,5.505808802291536214e-02,-4.273891455275639628e-01,5.481628608555659810e-01,4.725160053055714737e-01,2.734213460698673437e-01,-6.777095300725013982e-02,1.300415584255474599e-01,1.423345319846175683e-01,-2.335611779645093145e-01,4.791675762214960832e-01,-4.440625198617134672e-02,2.542845424777221974e-01,5.035009211650348648e-01,2.617003292283551219e-01,1.306758419549691463e-01,1.650277572423212158e-01,6.059242075314771325e-01,1.017837751154632847e-01,6.750406861732481945e-01,3.222728499564646576e-01,4.227436058876252734e-01,2.243623567877566505e-01,8.386941119199115002e-02,-4.071395475198771874e-02,3.690561894108057017e-01,-1.325857548574571436e-02,3.294455923531560693e-01,5.296216522737612342e-01,4.766812953065618363e-01,1.000000000000000000e+00,2.897973096042205099e-01,6.465266215050167187e-01,6.722404982908075644e-01
4.728108027607842989e-01,2.541831757922634050e-01,4.778716382763192327e-01,-6.157092054067783149e-01,4.930089769685643275e-01,1.403970310382877673e-01,5.456193367071257017e-01,-4.444036124412615862e-01,1.895410787987867329e-01,3.234406211123110313e-03,1.217010841272124638e-01,1.941192326862826445e-01,2.557852193311536682e-01,4.100432290338933972e-01,3.759527805495189307e-02,4.330551157144540281e-02,2.183907009518224474e-01,5.485543231391288854e-01,3.649070020911351353e-01,2.863983654008593338e-01,1.563457925126674197e-01,3.927668936698429647e-01,5.829549044578608008e-01,6.797543783432120623e-01,1.622188850047170394e-01,7.785137507299484394e-01,7.188974145888038514e-01,7.275082062269763172e-01,7.428381037990300362e-01,-1.539576113790241396e-01,6.853030150699603862e-01,3.704670897557139631e-01,3.730619301400348586e-01,5.029841269152860450e-01,8.212423618409195880e-01,2.897973096042205099e-01,1.000000000000000000e+00,5.249700881192316260e-01,3.512687836944128894e-01
7.425780816694911302e-01,5.661105579392743392e-01,4.171605435579249788e-01,-3.539211923724237541e-01,5.378696878806308312e-01,1.348965003392566808e-01,3.139947523488260672e-01,-3.672395026947534169e-01,6.277164037684215270e-01,4.903084506581913971e-01,4.936838512201973533e-02,2.247133074043816126e-01,8.063409105737723293e-02,1.922603199304666333e-01,-3.444394828882409443e-01,5.362190575656753389e-01,5.960039816742075669e-02,4.797259093516062500e-01,6.275130440385572328e-01,2.739769379978698738e-01,-6.350725441357478462e-02,6.414182304071958107e-02,6.289887584217891403e-01,3.320066112284140725e-01,5.432403311875065866e-01,5.351889165589834851e-01,5.453172874949832050e-01,4.321221551143883954e-01,2.378065543543568527e-01,1.179184079493937054e-01,5.000089090335423370e-01,1.442250520994080298e-01,1.706990253717018957e-01,6.704146074880052986e-01,6.717395675585124959e-01,6.465266215050167187e-01,5.249700881192316260e-01,1.000000000000000000e+00,7.677778560583894407e-01
6.237827976173987432e-01,4.921635109341177539e-01,4.374751544173130502e-01,-2.025973591325029854e-01,5.551641080946534412e-01,1.403558424185406134e-02,2.476631765675890162e-01,-4.184714552047984482e-01,6.662597185146597045e-01,5.831871253319556025e-01,1.997946914389188700e-01,-3.241242070344657698e-03,1.241501221673586147e-01,2.141148028638236930e-02,-3.564670249390234913e-01,5.651614226671133334e-01,-3.461526902227992503e-02,3.584044167190352792e-01,7.552705307039849769e-01,1.964509955926262152e-01,-8.066180554249036128e-02,-3.264285278579903086e-03,4.349403706774385703e-01,1.670282634271079147e-01,7.085537036021646307e-01,4.002840878675502090e-01,5.368301150580518932e-01,2.408596561443628881e-01,2.374174911024287682e-02,1.401810635353323564e-01,4.131543147351106060e-01,-1.819452848022402175e-02,1.363964449625202913e-01,6.261411694000856842e-01,5.714350047301722801e-01,6.722404982908075644e-01,3.512687836944128894e-01,7.677778560583894407e-01,1.000000000000000000e+00
