1.000000000000000000e+00,9.402717969373648454e-01,7.546036285604595939e-01,7.977659081971194555e-01,7.651943126150523300e-01,4.788442958569452124e-01,3.597706411279449901e-01,-5.556294707825784052e-01,8.638062579294122356e-01,8.485557156951326618e-01,3.445946214706536170e-01,6.669522075512444026e-01,-1.990014170207891619e-01,3.852699780852938960e-01,1.910866231760046108e-01,8.490160178768229038e-01,5.445309603351167205e-01,8.029285142332359682e-01,8.237183425461036546e-01,4.927406164541670019e-01,5.628696004763275029e-01,5.622281739866851202e-01,8.620827116253788613e-01,5.166524900530731351e-02,6.809539432913215284e-01,8.956387618421941532e-01,8.687284680896500966e-01,8.459540665515160596e-01,8.396551481393631500e-01,8.308383687735241274e-01,7.384273459125642036e-01,8.038017319432153585e-01,5.077354445413857498e-01,5.683953295315132825e-01,6.367919832649888701e-01,8.171454538356492936e-01,6.976029355940440713e-01,9.088544360748459505e-01,8.656351370210161322e-01
9.402717969373648454e-01,1.000000000000000000e+00,7.199636226167933639e-01,7.731888923738543529e-01,7.491450368365907275e-01,5.497595787679978585e-01,3.751434240851464486e-01,-5.081278388347673092e-01,8.492103928455249084e-01,8.431837595720678147e-01,3.828651168833853702e-01,6.068861981246298498e-01,-7.198545116794169418e-02,2.964412835408683500e-01,7.372498712723486725e-02,8.106057165680417009e-01,5.675533754805202058e-01,7.567588334718561294e-01,7.778592042279905971e-01,4.138666635225333734e-01,5.356149886957335404e-01,5.124772831821432506e-01,8.576388781507141568e-01,1.022491441598787076e-02,6.160128016897619130e-01,8.802444237355182555e-01,8.546486666740593652e-01,7.871769094991135640e-01,7.954932033297739125e-01,7.696842755576944750e-01,7.253728382034162481e-01,7.496011593074853874e-01,4.941176247453906156e-01,5.259884293092188523e-01,6.015286445626670808e-01,7.766061492017027890e-01,7.151980588449504683e-01,8.650304795362075971e-01,8.288093254203386939e-01
7.546036285604595939e-01,7.199636226167933639e-01,1.000000000000000000e+00,7.066239007556124330e-01,8.820934440050953729e-01,5.057401258302210989e-01,2.625526528445615293e-01,-7.051041183855506489e-01,8.387492239383431691e-01,7.282136802203550419e-01,3.557519817771835346e-01,6.709546259338203811e-01,-1.636698730980856442e-01,6.287582356370753356e-01,2.023457058019939581e-01,6.600338435803985160e-01,4.958372000525375634e-01,7.790959342380259223e-01,7.185526430399974407e-01,5.205574553399234805e-01,8.461525984748602403e-01,8.209737567782519063e-01,7.258178729013029518e-01,4.283592303393332079e-01,6.994984129601511391e-01,6.895967322596717741e-01,6.366985595191353431e-01,7.561145259414074893e-01,7.671857382519081670e-01,7.745377425993634768e-01,7.095789323679212446e-01,7.069125713068571404e-01,8.377306500172597703e-01,8.290853883514474054e-01,7.078833844379504026e-01,7.997923823167465418e-01,7.607813230414119943e-01,7.800995523109953700e-01,6.304714278178322751e-01
7.977659081971194555e-01,7.731888923738543529e-01,7.066239007556124330e-01,1.000000000000000000e+00,8.002257187208724476e-01,3.627593065130795269e-01,4.203820696608768226e-01,-3.477085139572264061e-01,8.424349424896212524e-01,7.517374934501884765e-01,3.865452597780653643e-01,6.279864916709181344e-01,-4.004704325446840629e-01,4.899378932680141796e-01,3.290482364147466199e-01,7.962991656493965120e-01,5.578618199336096151e-01,7.563359277067911446e-01,7.363173743261697268e-01,5.513693295797073013e-01,4.889126496166987246e-01,5.540386144208733210e-01,7.910075209613580682e-01,2.082175487186509744e-01,6.701293271545593067e-01,8.496620048593228613e-01,7.777827664755779802e-01,8.360340593937157783e-01,8.237814204687586850e-01,7.464002087917558370e-01,6.262916907636050246e-01,8.035890839437974664e-01,5.370205295191435857e-01,6.690726739728848349e-01,6.422801827002903030e-01,6.933671825014607881e-01,6.670981721193603997e-01,7.852604782297371022e-01,7.083235024129552748e-01
7.651943126150523300e-01,7.491450368365907275e-01,8.820934440050953729e-01,8.002257187208724476e-01,1.000000000000000000e+00,4.632436398259708876e-01,3.279275304201610397e-01,-5.140326242546350288e-01,9.018706737494242009e-01,7.681955052610850432e-01,3.753619545649601874e-01,7.429155757228692591e-01,-2.501953459393456147e-01,5.611671451013712231e-01,2.439563458827714582e-01,7.086052504324449330e-01,4.456707836634682951e-01,8.165485908660635728e-01,7.431982557306140436e-01,4.713074062528403441e-01,7.570536500773755728e-01,7.199342837474970169e-01,7.417964656556731429e-01,3.279078839494289355e-01,6.732788002056865340e-01,7.303736332277670495e-01,6.890927971063324220e-01,7.664461126363124599e-01,7.752315990687453917e-01,7.880445194406959786e-01,7.197601670415108011e-01,7.229408355254766105e-01,8.180633036207655140e-01,8.240049890546599087e-01,6.571847630108712535e-01,7.568148643010484955e-01,7.207016204195946241e-01,8.218475899851693800e-01,6.612793891931945112e-01
4.788442958569452124e-01,5.497595787679978585e-01,5.057401258302210989e-01,3.627593065130795269e-01,4.632436398259708876e-01,1.000000000000000000e+00,3.287485273607055336e-01,-4.058036814349199051e-01,3.813475210540402949e-01,5.122963342091073624e-01,1.721833728008306807e-01,2.006286936565248868e-01,4.151064310801129142e-01,2.337992674485095679e-01,-3.960001014330810087e-01,3.316164642093232251e-01,3.417387635820029468e-01,3.004736404187504095e-01,2.609795205549610420e-01,4.877481130227345058e-02,5.250163598109494068e-01,3.963209742829547078e-01,6.102494692327483650e-01,1.756962643517387401e-01,4.513241281119154680e-01,3.586893087425022109e-01,3.985616869953126917e-01,3.220164150183135732e-01,3.787205725407802315e-01,4.051393531138400284e-01,5.453274397567094978e-01,3.122872448417352564e-01,5.076843698792804505e-01,2.854517304211354189e-01,5.060533386881629347e-01,4.617976936375648433e-01,6.823669264608499541e-01,4.181807422961160703e-01,2.345870114351706615e-01
3.597706411279449901e-01,3.751434240851464486e-01,2.625526528445615293e-01,4.203820696608768226e-01,3.279275304201610397e-01,3.287485273607055336e-01,1.000000000000000000e+00,-3.183180389106505248e-01,2.783991763767419414e-01,5.007473981296414189e-01,2.000198101988626687e-01,4.711928679849868851e-01,7.862377681859186729e-02,1.492034460549988006e-01,1.418035774485633671e-01,4.090281512430071764e-01,2.023513603048788800e-01,2.851279544544091382e-01,2.571899097122575806e-01,1.790495246999301293e-01,2.512158875560815408e-01,3.645124562518870515e-01,3.786487637235230741e-01,1.548165362382383503e-01,3.037796636770907499e-01,3.133891589096284291e-01,3.549221800936173676e-01,4.339925732007463011e-01,2.055104705925401010e-01,3.693439862213707681e-01,4.893814069529979771e-01,2.978866056104863547e-01,2.243783228104685445e-01,2.058132405006534715e-01,9.711765866938171232e-02,2.829579190699639257e-01,1.914843698755730739e-01,3.846494164190155662e-01,3.496597904949765856e-01
-5.556294707825784052e-01,-5.081278388347673092e-01,-7.051041183855506489e-01,-3.477085139572264061e-01,-5.140326242546350288e-01,-4.058036814349199051e-01,-3.183180389106505248e-01,1.000000000000000000e+00,-4.937041676626217623e-01,-4.762646957367132061e-01,-2.949731062367320633e-01,-5.077975123986072647e-01,-2.482832372632663362e-02,-2.854247828950587929e-01,-2.163047754218942742e-02,-3.924276655225719668e-01,-3.442899701127543066e-01,-4.873486815653985671e-01,-4.636817403838017215e-01,-2.191595461735890427e-01,-5.873490720789084074e-01,-5.772557785127405694e-01,-4.047090149341834309e-01,-1.928548780886976122e-01,-3.706450674461045369e-01,-4.203768907215671424e-01,-3.870154165404461333e-01,-4.963563126689822802e-01,-4.171946134050003030e-01,-4.709298338068903522e-01,-4.864854766960930443e-01,-4.863981024412795118e-01,-4.999617354752303733e-01,-5.058834695844672824e-01,-2.821243825740466504e-01,-5.511764505050852359e-01,-3.605657380525211231e-01,-5.390280284231077079e-01,-5.004062504515074394e-01
8.638062579294122356e-01,8.492103928455249084e-01,8.387492239383431691e-01,8.424349424896212524e-01,9.018706737494242009e-01,3.813475210540402949e-01,2.783991763767419414e-01,-4.937041676626217623e-01,1.000000000000000000e+00,7.858191864626747902e-01,4.406920481547291768e-01,6.982219699275847846e-01,-3.180305419350892837e-01,4.706146979845253209e-01,2.504490957426844244e-01,7.843891991480503867e-01,5.238279227262151450e-01,8.529340455482273819e-01,8.324414597552620698e-01,4.976555875596597733e-01,6.393232673637677665e-01,6.401884364053441745e-01,7.875626801711392844e-01,1.715623735761684088e-01,6.554003718367615861e-01,8.460275056996602316e-01,7.763406889364563579e-01,8.307829275426993343e-01,8.655873774941453824e-01,7.972790804582212676e-01,6.856534783928063259e-01,8.093289486624717366e-01,6.880411067237250933e-01,7.927727745889783240e-01,6.688364906861944403e-01,7.641575449477515658e-01,7.244020007809636175e-01,8.868950748144781571e-01,7.969476412385271269e-01
8.485557156951326618e-01,8.431837595720678147e-01,7.282136802203550419e-01,7.517374934501884765e-01,7.681955052610850432e-01,5.122963342091073624e-01,5.007473981296414189e-01,-4.762646957367132061e-01,7.858191864626747902e-01,1.000000000000000000e+00,2.678623727809996691e-01,6.551051964564884589e-01,-1.675710710406416726e-01,4.233858660702444765e-01,2.098241363086923716e-01,9.032717164604783244e-01,4.883579864738734622e-01,8.080313132354424166e-01,8.351871976334950265e-01,5.378948592380415894e-01,6.335809755970481794e-01,6.222440784064168229e-01,8.524473776840285622e-01,1.585315069419294953e-01,7.011502729277134804e-01,8.458524061725947174e-01,8.481139410169112880e-01,8.426520911201721420e-01,7.526325777030422604e-01,8.629443285247161421e-01,8.186099426697521775e-01,7.211638326517147979e-01,5.309798067403662669e-01,4.835619002244957443e-01,6.436359993763653975e-01,8.173419472726140000e-01,7.003022622722271384e-01,8.480908638626608598e-01,7.887244886172654068e-01
3.445946214706536170e-01,3.828651168833853702e-01,3.557519817771835346e-01,3.865452597780653643e-01,3.753619545649601874e-01,1.721833728008306807e-01,2.000198101988626687e-01,-2.949731062367320633e-01,4.406920481547291768e-01,2.678623727809996691e-01,1.000000000000000000e+00,3.611635669574495000e-01,6.101779303324340181e-02,2.321944334696589840e-01,1.697799047575772047e-01,2.669505122605840275e-01,6.656230410049897017e-01,2.305960004698166255e-01,2.061625763239395837e-01,2.422345842386992854e-01,2.279049713401052057e-01,3.718410420023923191e-01,3.290796667827053934e-01,1.800063420294480410e-01,3.245091509063718349e-01,3.663611451197318902e-01,3.286916163140619629e-01,4.062026056609652769e-01,4.556203601964790018e-01,2.236535727447583610e-01,3.008340321326679057e-01,5.366234232258449977e-01,3.561066258066050705e-01,4.820055734619181909e-01,2.261902843672386476e-01,2.880803339329704449e-01,3.338090441162878674e-01,3.366271012812355745e-01,3.278043930196287703e-01
6.669522075512444026e-01,6.068861981246298498e-01,6.709546259338203811e-01,6.279864916709181344e-01,7.429155757228692591e-01,2.006286936565248868e-01,4.711928679849868851e-01,-5.077975123986072647e-01,6.982219699275847846e-01,6.551051964564884589e-01,3.611635669574495000e-01,1.000000000000000000e+00,-2.409826015568811430e-01,4.783299304376323891e-01,5.408610696645235194e-01,6.313273278061733995e-01,3.659675521650256336e-01,7.404162388241352089e-01,6.561052494187904482e-01,4.554303860142975835e-01,5.504503580424731091e-01,6.077634321448069921e-01,5.844219887535517799e-01,2.833201567639948570e-01,6.232765736547343227e-01,5.946895230560533818e-01,5.973122192949594789e-01,7.175806840219810523e-01,6.335199045567955212e-01,7.231309465098969547e-01,7.257340887790436623e-01,6.358568273411766558e-01,5.602533482458910141e-01,6.446452098440029754e-01,4.106269678165556658e-01,5.894777120827847661e-01,4.129538150858045320e-01,7.457437893035261389e-01,6.784841191253266901e-01
-1.990014170207891619e-01,-7.198545116794169418e-02,-1.636698730980856442e-01,-4.004704325446840629e-01,-2.501953459393456147e-01,4.151064310801129142e-01,7.862377681859186729e-02,-2.482832372632663362e-02,-3.180305419350892837e-01,-1.675710710406416726e-01,6.101779303324340181e-02,-2.409826015568811430e-01,1.000000000000000000e+00,-2.317187267739078127e-01,-5.650762098796227040e-01,-3.523402816332885101e-01,-1.953722336638299972e-02,-3.877841652920162585e-01,-4.256033384622437965e-01,-4.331422882339150959e-01,7.526523026076386083e-03,-1.323462929638568597e-01,-1.382297285763960382e-01,6.000321320482435161e-02,-2.390333226325632721e-01,-3.131414990555939082e-01,-2.224449027227382858e-01,-3.476888506078609220e-01,-3.260174297882045824e-01,-3.384354678164915309e-01,3.634940299818892329e-02,-3.478502756677449015e-01,1.213965102551889386e-02,-2.530581458342976986e-01,-1.889028142124299370e-01,-1.717772167599192212e-01,-8.339543824979239045e-03,-2.499749686884684130e-01,-3.200653901656104749e-01
3.852699780852938960e-01,2.964412835408683500e-01,6.287582356370753356e-01,4.899378932680141796e-01,5.611671451013712231e-01,2.337992674485095679e-01,1.492034460549988006e-01,-2.854247828950587929e-01,4.706146979845253209e-01,4.233858660702444765e-01,2.321944334696589840e-01,4.783299304376323891e-01,-2.317187267739078127e-01,1.000000000000000000e+00,4.643340541552858913e-01,3.992319159999492273e-01,4.178807872809561230e-01,4.416400307988344598e-01,3.690880106058145871e-01,6.963074709263710194e-01,6.348515936411968097e-01,7.373690232896251695e-01,5.088086750710523187e-01,7.766538991499367661e-01,7.556716273953143492e-01,3.785332493039314516e-01,3.828757040441204129e-01,5.581684439983153334e-01,6.271564845446956360e-01,5.532482985999995773e-01,5.600250128026306173e-01,5.633881302746610586e-01,6.664170777117564004e-01,6.586942184510164999e-01,7.096680487825004491e-01,6.117545477921225716e-01,6.335902103831946297e-01,4.553111986165760960e-01,2.694513871139533334e-01
1.910866231760046108e-01,7.372498712723486725e-02,2.023457058019939581e-01,3.290482364147466199e-01,2.439563458827714582e-01,-3.960001014330810087e-01,1.418035774485633671e-01,-2.163047754218942742e-02,2.504490957426844244e-01,2.098241363086923716e-01,1.697799047575772047e-01,5.408610696645235194e-01,-5.650762098796227040e-01,4.643340541552858913e-01,1.000000000000000000e+00,3.744478809519023454e-01,2.282638987864054614e-01,3.551111863405295721e-01,3.104467869284237569e-01,6.176868132506430076e-01,1.541585600644461429e-01,3.758727936976820616e-01,1.678678776180893839e-01,2.570815463584357752e-01,4.024822150719786773e-01,2.734396377882286622e-01,2.593064648580296616e-01,4.628646161725654684e-01,3.806945421436790933e-01,4.026721027950157517e-01,2.152379541207417868e-01,3.922588213237512278e-01,1.146571409509034717e-01,2.999115286975306827e-01,2.324332197816368628e-01,1.752632677863189825e-01,4.475332081498466924e-02,2.811204955403697747e-01,3.119931152031291122e-01
8.490160178768229038e-01,8.106057165680417009e-01,6.600338435803985160e-01,7.962991656493965120e-01,7.086052504324449330e-01,3.316164642093232251e-01,4.090281512430071764e-01,-3.924276655225719668e-01,7.843891991480503867e-01,9.032717164604783244e-01,2.669505122605840275e-01,6.313273278061733995e-01,-3.523402816332885101e-01,3.992319159999492273e-01,3.744478809519023454e-01,1.000000000000000000e+00,4.821079138894140415e-01,8.336458322727837711e-01,8.690406481532021443e-01,5.860079992608341337e-01,4.977231574942219128e-01,5.465708957620148967e-01,8.256806846318889281e-01,7.690782755011808802e-02,6.825563377680959887e-01,8.870049182777154373e-01,8.671883986798103461e-01,8.845670014424126260e-01,7.923705387106459996e-01,8.730575774030377989e-01,7.138271372856321850e-01,7.735989978339102846e-01,4.057247060590521426e-01,4.458258573253463530e-01,6.372245774828748655e-01,7.740943047766738472e-01,6.229574954550852750e-01,8.610323355322669903e-01,8.376052000924931740e-01
5.445309603351167205e-01,5.675533754805202058e-01,4.958372000525375634e-01,5.578618199336096151e-01,4.456707836634682951e-01,3.417387635820029468e-01,2.023513603048788800e-01,-3.442899701127543066e-01,5.238279227262151450e-01,4.883579864738734622e-01,6.656230410049897017e-01,3.659675521650256336e-01,-1.953722336638299972e-02,4.178807872809561230e-01,2.282638987864054614e-01,4.821079138894140415e-01,1.000000000000000000e+00,3.606154345798220362e-01,3.979650308048807705e-01,5.285242332888706596e-01,3.271454171820149526e-01,4.875876844205800920e-01,5.958924667730427505e-01,2.255697462533525766e-01,5.450250308049671144e-01,6.132064405967682097e-01,5.997523450226065478e-01,6.072024646674938353e-01,6.841270909368365460e-01,4.261611113881225710e-01,4.937737315593873633e-01,7.145517471996429837e-01,3.471060747035717431e-01,4.536342267027967945e-01,5.568864901261495470e-01,5.214434043438004318e-01,6.036601678998301246e-01,4.827121295087779540e-01,4.924664446719277389e-01
8.029285142332359682e-01,7.567588334718561294e-01,7.790959342380259223e-01,7.563359277067911446e-01,8.165485908660635728e-01,3.004736404187504095e-01,2.851279544544091382e-01,-4.873486815653985671e-01,8.529340455482273819e-01,8.080313132354424166e-01,2.305960004698166255e-01,7.404162388241352089e-01,-3.877841652920162585e-01,4.416400307988344598e-01,3.551111863405295721e-01,8.336458322727837711e-01,3.606154345798220362e-01,1.000000000000000000e+00,9.157235561448944239e-01,5.170982597674038672e-01,6.324245988299157517e-01,6.258817391340467662e-01,7.407027070559669690e-01,1.586532682484393664e-01,6.490590991224545192e-01,7.853861356272647809e-01,7.312197091815680894e-01,8.198208078269784149e-01,7.740474829273458202e-01,8.369453293964098650e-01,7.092470944864879279e-01,7.092687446220824476e-01,5.642832017625885044e-01,6.194500499306412333e-01,6.087795918357735703e-01,7.464809039413995428e-01,6.055685170427363984e-01,8.555652595265351712e-01,7.822334572800030417e-01
8.237183425461036546e-01,7.778592042279905971e-01,7.185526430399974407e-01,7.363173743261697268e-01,7.431982557306140436e-01,2.609795205549610420e-01,2.571899097122575806e-01,-4.636817403838017215e-01,8.324414597552620698e-01,8.351871976334950265e-01,2.061625763239395837e-01,6.561052494187904482e-01,-4.256033384622437965e-01,3.690880106058145871e-01,3.104467869284237569e-01,8.690406481532021443e-01,3.979650308048807705e-01,9.157235561448944239e-01,1.000000000000000000e+00,5.683004691263598973e-01,5.398657831917207384e-01,5.538459958855772580e-01,7.492791939078318197e-01,3.311050606096774263e-02,6.208207933453767646e-01,8.311091379282552483e-01,7.840659461342978087e-01,8.115510359326417733e-01,7.677741134003284174e-01,8.339935588537256139e-01,6.579098144683432903e-01,7.250180254222057252e-01,4.344354436699262023e-01,5.119570069895810205e-01,5.983783993462250539e-01,7.376895395011396905e-01,5.812448761795081520e-01,8.432742596830273829e-01,8.593988609197208417e-01
4.927406164541670019e-01,4.138666635225333734e-01,5.205574553399234805e-01,5.513693295797073013e-01,4.713074062528403441e-01,4.877481130227345058e-02,1.790495246999301293e-01,-2.191595461735890427e-01,4.976555875596597733e-01,5.378948592380415894e-01,2.422345842386992854e-01,4.554303860142975835e-01,-4.331422882339150959e-01,6.963074709263710194e-01,6.176868132506430076e-01,5.860079992608341337e-01,5.285242332888706596e-01,5.170982597674038672e-01,5.683004691263598973e-01,1.000000000000000000e+00,4.692981267855036442e-01,6.930403501511305242e-01,5.605486031436678340e-01,3.767871761026500566e-01,6.885489349836212414e-01,5.810174399874672435e-01,5.767752291538059684e-01,6.718432047719313793e-01,6.659103098409677735e-01,6.583524187203073641e-01,4.738269410979270568e-01,6.296939665914477180e-01,3.442341662040020456e-01,4.324493762241497508e-01,6.665463091027110654e-01,5.681651870620287870e-01,5.281788440890685665e-01,4.857750939615168018e-01,5.117678174105665390e-01
5.628696004763275029e-01,5.356149886957335404e-01,8.461525984748602403e-01,4.889126496166987246e-01,7.570536500773755728e-01,5.250163598109494068e-01,2.512158875560815408e-01,-5.873490720789084074e-01,6.393232673637677665e-01,6.335809755970481794e-01,2.279049713401052057e-01,5.504503580424731091e-01,7.526523026076386083e-03,6.348515936411968097e-01,1.541585600644461429e-01,4.977231574942219128e-01,3.271454171820149526e-01,6.324245988299157517e-01,5.398657831917207384e-01,4.692981267855036442e-01,1.000000000000000000e+00,8.670191601380489166e-01,5.694328226438734042e-01,5.410751154224576753e-01,6.061685730517314408e-01,4.589762541463196510e-01,4.483634088485549118e-01,5.913634394253350912e-01,5.692048903759006073e-01,6.596928373211708996e-01,6.801322085600262080e-01,5.095206338895177378e-01,8.667017655664533970e-01,6.943077441637595104e-01,6.292828574019944110e-01,7.022047063643759301e-01,6.764653471758721448e-01,5.921397138649755476e-01,3.903101336787531683e-01
5.622281739866851202e-01,5.124772831821432506e-01,8.209737567782519063e-01,5.540386144208733210e-01,7.199342837474970169e-01,3.963209742829547078e-01,3.645124562518870515e-01,-5.772557785127405694e-01,6.401884364053441745e-01,6.222440784064168229e-01,3.718410420023923191e-01,6.077634321448069921e-01,-1.323462929638568597e-01,7.373690232896251695e-01,3.758727936976820616e-01,5.465708957620148967e-01,4.875876844205800920e-01,6.258817391340467662e-01,5.538459958855772580e-01,6.930403501511305242e-01,8.670191601380489166e-01,1.000000000000000000e+00,6.065451131230784609e-01,5.890975708570683755e-01,7.082066518842540237e-01,5.111990860237703993e-01,4.975798922513886557e-01,6.946325194649649593e-01,6.581523117651438826e-01,7.028650500948574464e-01,6.846375661861345829e-01,6.363352590808707410e-01,7.775714714171696462e-01,7.252074947961244522e-01,6.862037768795165027e-01,6.890226927496150289e-01,6.877387819009715964e-01,6.102200828279610301e-01,4.756331599664817000e-01
8.620827116253788613e-01,8.576388781507141568e-01,7.258178729013029518e-01,7.910075209613580682e-01,7.417964656556731429e-01,6.102494692327483650e-01,3.786487637235230741e-01,-4.047090149341834309e-01,7.875626801711392844e-01,8.524473776840285622e-01,3.290796667827053934e-01,5.844219887535517799e-01,-1.382297285763960382e-01,5.088086750710523187e-01,1.678678776180893839e-01,8.256806846318889281e-01,5.958924667730427505e-01,7.407027070559669690e-01,7.492791939078318197e-01,5.605486031436678340e-01,5.694328226438734042e-01,6.065451131230784609e-01,1.000000000000000000e+00,1.880571623721307983e-01,8.286328385403229912e-01,8.477517906395831693e-01,8.394637831828202224e-01,8.201182539926425985e-01,8.404965113373141783e-01,8.354003788814975406e-01,7.552878060236154489e-01,7.609237654971724441e-01,5.394817204326716187e-01,5.223386273129634327e-01,7.845817727321321433e-01,7.955807213189755034e-01,8.268194979237197817e-01,8.253083239026329787e-01,7.457709438498981713e-01
5.166524900530731351e-02,1.022491441598787076e-02,4.283592303393332079e-01,2.082175487186509744e-01,3.279078839494289355e-01,1.756962643517387401e-01,1.548165362382383503e-01,-1.928548780886976122e-01,1.715623735761684088e-01,1.585315069419294953e-01,1.800063420294480410e-01,2.833201567639948570e-01,6.000321320482435161e-02,7.766538991499367661e-01,2.570815463584357752e-01,7.690782755011808802e-02,2.255697462533525766e-01,1.586532682484393664e-01,3.311050606096774263e-02,3.767871761026500566e-01,5.410751154224576753e-01,5.890975708570683755e-01,1.880571623721307983e-01,1.000000000000000000e+00,4.948817401401472971e-01,3.139428239567607776e-02,4.639345735943990051e-02,2.407190824230557857e-01,2.673615484488269245e-01,1.986585098313900233e-01,3.970871570008532303e-01,2.426871862538079461e-01,6.130924142557516721e-01,5.010669555192091007e-01,4.397519863973656795e-01,3.669669730097149807e-01,4.187247201420763454e-01,1.435567920812355347e-01,-7.765929400037228925e-02
6.809539432913215284e-01,6.160128016897619130e-01,6.994984129601511391e-01,6.701293271545593067e-01,6.732788002056865340e-01,4.513241281119154680e-01,3.037796636770907499e-01,-3.706450674461045369e-01,6.554003718367615861e-01,7.011502729277134804e-01,3.245091509063718349e-01,6.232765736547343227e-01,-2.390333226325632721e-01,7.556716273953143492e-01,4.024822150719786773e-01,6.825563377680959887e-01,5.450250308049671144e-01,6.490590991224545192e-01,6.208207933453767646e-01,6.885489349836212414e-01,6.061685730517314408e-01,7.082066518842540237e-01,8.286328385403229912e-01,4.948817401401472971e-01,1.000000000000000000e+00,6.530804341163415350e-01,6.682195145314729912e-01,7.565645941817905618e-01,7.960334509722474250e-01,7.774991333670209226e-01,7.334137051989825240e-01,7.324339127919762271e-01,5.905251252034989795e-01,5.873513999180899336e-01,8.075048535160316288e-01,7.357808622970073431e-01,7.715944096832297872e-01,7.054647909894279367e-01,5.707400076755616558e-01
8.956387618421941532e-01,8.802444237355182555e-01,6.895967322596717741e-01,8.496620048593228613e-01,7.303736332277670495e-01,3.586893087425022109e-01,3.133891589096284291e-01,-4.203768907215671424e-01,8.460275056996602316e-01,8.458524061725947174e-01,3.663611451197318902e-01,5.946895230560533818e-01,-3.131414990555939082e-01,3.785332493039314516e-01,2.734396377882286622e-01,8.870049182777154373e-01,6.132064405967682097e-01,7.853861356272647809e-01,8.311091379282552483e-01,5.810174399874672435e-01,4.589762541463196510e-01,5.111990860237703993e-01,8.477517906395831693e-01,3.139428239567607776e-02,6.530804341163415350e-01,1.000000000000000000e+00,9.268455335057940170e-01,8.860941109879356681e-01,8.704388647670782131e-01,8.023009131315437248e-01,6.818414496193792029e-01,8.347544734775486086e-01,4.129405240908384234e-01,5.219411614054755288e-01,6.594900044429479191e-01,7.719760863764221215e-01,6.743547943507403053e-01,8.467981263587913698e-01,8.481790886119900952e-01
8.687284680896500966e-01,8.546486666740593652e-01,6.366985595191353431e-01,7.777827664755779802e-01,6.890927971063324220e-01,3.985616869953126917e-01,3.549221800936173676e-01,-3.870154165404461333e-01,7.763406889364563579e-01,8.481139410169112880e-01,3.286916163140619629e-01,5.973122192949594789e-01,-2.224449027227382858e-01,3.828757040441204129e-01,2.593064648580296616e-01,8.671883986798103461e-01,5.997523450226065478e-01,7.312197091815680894e-01,7.840659461342978087e-01,5.767752291538059684e-01,4.483634088485549118e-01,4.975798922513886557e-01,8.394637831828202224e-01,4.639345735943990051e-02,6.682195145314729912e-01,9.268455335057940170e-01,1.000000000000000000e+00,8.595642658909882217e-01,8.325207785431146812e-01,8.035747461662368085e-01,7.279376132212194150e-01,8.072865001914781846e-01,3.775102580338587921e-01,4.472542224856008719e-01,6.588800738978195515e-01,7.518384473472466967e-01,6.726924250568033781e-01,8.357446945724225085e-01,8.393385993422720626e-01
8.459540665515160596e-01,7.871769094991135640e-01,7.561145259414074893e-01,8.360340593937157783e-01,7.664461126363124599e-01,3.220164150183135732e-01,4.339925732007463011e-01,-4.963563126689822802e-01,8.307829275426993343e-01,8.426520911201721420e-01,4.062026056609652769e-01,7.175806840219810523e-01,-3.476888506078609220e-01,5.581684439983153334e-01,4.628646161725654684e-01,8.845670014424126260e-01,6.072024646674938353e-01,8.198208078269784149e-01,8.115510359326417733e-01,6.718432047719313793e-01,5.913634394253350912e-01,6.946325194649649593e-01,8.201182539926425985e-01,2.407190824230557857e-01,7.565645941817905618e-01,8.860941109879356681e-01,8.595642658909882217e-01,1.000000000000000000e+00,8.808402770104613033e-01,8.417889974082379823e-01,7.774967707210364010e-01,8.828289312218126073e-01,5.443438721457317664e-01,6.375244822226948660e-01,7.117919713957228112e-01,7.910032605957960650e-01,6.797725768570220817e-01,8.755681239860211296e-01,8.183753806405669184e-01
8.396551481393631500e-01,7.954932033297739125e-01,7.671857382519081670e-01,8.237814204687586850e-01,7.752315990687453917e-01,3.787205725407802315e-01,2.055104705925401010e-01,-4.171946134050003030e-01,8.655873774941453824e-01,7.526325777030422604e-01,4.556203601964790018e-01,6.335199045567955212e-01,-3.260174297882045824e-01,6.271564845446956360e-01,3.806945421436790933e-01,7.923705387106459996e-01,6.841270909368365460e-01,7.740474829273458202e-01,7.677741134003284174e-01,6.659103098409677735e-01,5.692048903759006073e-01,6.581523117651438826e-01,8.404965113373141783e-01,2.673615484488269245e-01,7.960334509722474250e-01,8.704388647670782131e-01,8.325207785431146812e-01,8.808402770104613033e-01,1.000000000000000000e+00,8.057613533366777547e-01,7.173298114366571943e-01,9.068696366725830238e-01,5.900218250995101776e-01,7.017413478762276613e-01,7.885217982919857649e-01,7.854495148217792710e-01,7.897957658292500405e-01,8.475838207694218474e-01,7.518071296596697817e-01
8.308383687735241274e-01,7.696842755576944750e-01,7.745377425993634768e-01,7.464002087917558370e-01,7.880445194406959786e-01,4.051393531138400284e-01,3.693439862213707681e-01,-4.709298338068903522e-01,7.972790804582212676e-01,8.629443285247161421e-01,2.236535727447583610e-01,7.231309465098969547e-01,-3.384354678164915309e-01,5.532482985999995773e-01,4.026721027950157517e-01,8.730575774030377989e-01,4.261611113881225710e-01,8.369453293964098650e-01,8.339935588537256139e-01,6.583524187203073641e-01,6.596928373211708996e-01,7.028650500948574464e-01,8.354003788814975406e-01,1.986585098313900233e-01,7.774991333670209226e-01,8.023009131315437248e-01,8.035747461662368085e-01,8.417889974082379823e-01,8.057613533366777547e-01,1.000000000000000000e+00,7.457215427000838393e-01,7.443776993069322057e-01,5.589324909650214002e-01,5.647935005943546249e-01,6.986510915283766776e-01,7.972796120022670463e-01,6.852706874022400640e-01,8.603248917874374291e-01,7.918193331838571103e-01
7.384273459125642036e-01,7.253728382034162481e-01,7.095789323679212446e-01,6.262916907636050246e-01,7.197601670415108011e-01,5.453274397567094978e-01,4.893814069529979771e-01,-4.864854766960930443e-01,6.856534783928063259e-01,8.186099426697521775e-01,3.008340321326679057e-01,7.257340887790436623e-01,3.634940299818892329e-02,5.600250128026306173e-01,2.152379541207417868e-01,7.138271372856321850e-01,4.937737315593873633e-01,7.092470944864879279e-01,6.579098144683432903e-01,4.738269410979270568e-01,6.801322085600262080e-01,6.846375661861345829e-01,7.552878060236154489e-01,3.970871570008532303e-01,7.334137051989825240e-01,6.818414496193792029e-01,7.279376132212194150e-01,7.774967707210364010e-01,7.173298114366571943e-01,7.457215427000838393e-01,1.000000000000000000e+00,6.786423976667023128e-01,6.359322535941195342e-01,5.668500690474354009e-01,6.621316249724379377e-01,7.597909098831687746e-01,7.154340884564184266e-01,7.944338461601727630e-01,6.372080945040626831e-01
8.038017319432153585e-01,7.496011593074853874e-01,7.069125713068571404e-01,8.035890839437974664e-01,7.229408355254766105e-01,3.122872448417352564e-01,2.978866056104863547e-01,-4.863981024412795118e-01,8.093289486624717366e-01,7.211638326517147979e-01,5.366234232258449977e-01,6.358568273411766558e-01,-3.478502756677449015e-01,5.633881302746610586e-01,3.922588213237512278e-01,7.735989978339102846e-01,7.145517471996429837e-01,7.092687446220824476e-01,7.250180254222057252e-01,6.296939665914477180e-01,5.095206338895177378e-01,6.363352590808707410e-01,7.609237654971724441e-01,2.426871862538079461e-01,7.324339127919762271e-01,8.347544734775486086e-01,8.072865001914781846e-01,8.828289312218126073e-01,9.068696366725830238e-01,7.443776993069322057e-01,6.786423976667023128e-01,1.000000000000000000e+00,5.196786374060922142e-01,6.580222096183465652e-01,6.738506886064923318e-01,7.504611953963664650e-01,6.745613956542265699e-01,8.146611858082073443e-01,7.696796366194489369e-01
5.077354445413857498e-01,4.941176247453906156e-01,8.377306500172597703e-01,5.370205295191435857e-01,8.180633036207655140e-01,5.076843698792804505e-01,2.243783228104685445e-01,-4.999617354752303733e-01,6.880411067237250933e-01,5.309798067403662669e-01,3.561066258066050705e-01,5.602533482458910141e-01,1.213965102551889386e-02,6.664170777117564004e-01,1.146571409509034717e-01,4.057247060590521426e-01,3.471060747035717431e-01,5.642832017625885044e-01,4.344354436699262023e-01,3.442341662040020456e-01,8.667017655664533970e-01,7.775714714171696462e-01,5.394817204326716187e-01,6.130924142557516721e-01,5.905251252034989795e-01,4.129405240908384234e-01,3.775102580338587921e-01,5.443438721457317664e-01,5.900218250995101776e-01,5.589324909650214002e-01,6.359322535941195342e-01,5.196786374060922142e-01,1.000000000000000000e+00,8.454432818621714363e-01,6.171374355084190411e-01,6.367916851914121601e-01,7.003560491575331337e-01,5.897808132705579798e-01,3.168918420706489103e-01
5.683953295315132825e-01,5.259884293092188523e-01,8.290853883514474054e-01,6.690726739728848349e-01,8.240049890546599087e-01,2.854517304211354189e-01,2.058132405006534715e-01,-5.058834695844672824e-01,7.927727745889783240e-01,4.835619002244957443e-01,4.820055734619181909e-01,6.446452098440029754e-01,-2.530581458342976986e-01,6.586942184510164999e-01,2.999115286975306827e-01,4.458258573253463530e-01,4.536342267027967945e-01,6.194500499306412333e-01,5.119570069895810205e-01,4.324493762241497508e-01,6.943077441637595104e-01,7.252074947961244522e-01,5.223386273129634327e-01,5.010669555192091007e-01,5.873513999180899336e-01,5.219411614054755288e-01,4.472542224856008719e-01,6.375244822226948660e-01,7.017413478762276613e-01,5.647935005943546249e-01,5.668500690474354009e-01,6.580222096183465652e-01,8.454432818621714363e-01,1.000000000000000000e+00,5.999633657244938245e-01,6.039650462840574496e-01,6.412803510308817678e-01,6.542094268607946406e-01,4.593502061816326365e-01
6.367919832649888701e-01,6.015286445626670808e-01,7.078833844379504026e-01,6.422801827002903030e-01,6.571847630108712535e-01,5.060533386881629347e-01,9.711765866938171232e-02,-2.821243825740466504e-01,6.688364906861944403e-01,6.436359993763653975e-01,2.261902843672386476e-01,4.106269678165556658e-01,-1.889028142124299370e-01,7.096680487825004491e-01,2.324332197816368628e-01,6.372245774828748655e-01,5.568864901261495470e-01,6.087795918357735703e-01,5.983783993462250539e-01,6.665463091027110654e-01,6.292828574019944110e-01,6.862037768795165027e-01,7.845817727321321433e-01,4.397519863973656795e-01,8.075048535160316288e-01,6.594900044429479191e-01,6.588800738978195515e-01,7.117919713957228112e-01,7.885217982919857649e-01,6.986510915283766776e-01,6.621316249724379377e-01,6.738506886064923318e-01,6.171374355084190411e-01,5.999633657244938245e-01,1.000000000000000000e+00,7.047365054360880121e-01,8.995927361996041149e-01,6.562329660708247081e-01,5.053960170099048854e-01
8.171454538356492936e-01,7.766061492017027890e-01,7.997923823167465418e-01,6.933671825014607881e-01,7.568148643010484955e-01,4.617976936375648433e-01,2.829579190699639257e-01,-5.511764505050852359e-01,7.641575449477515658e-01,8.173419472726140000e-01,2.880803339329704449e-01,5.894777120827847661e-01,-1.717772167599192212e-01,6.117545477921225716e-01,1.752632677863189825e-01,7.740943047766738472e-01,5.214434043438004318e-01,7.464809039413995428e-01,7.376895395011396905e-01,5.681651870620287870e-01,7.022047063643759301e-01,6.890226927496150289e-01,7.955807213189755034e-01,3.669669730097149807e-01,7.357808622970073431e-01,7.719760863764221215e-01,7.518384473472466967e-01,7.910032605957960650e-01,7.854495148217792710e-01,7.972796120022670463e-01,7.597909098831687746e-01,7.504611953963664650e-01,6.367916851914121601e-01,6.039650462840574496e-01,7.047365054360880121e-01,1.000000000000000000e+00,7.314560410034437465e-01,8.064625607074514813e-01,7.034151679498297227e-01
6.976029355940440713e-01,7.151980588449504683e-01,7.607813230414119943e-01,6.670981721193603997e-01,7.207016204195946241e-01,6.823669264608499541e-01,1.914843698755730739e-01,-3.605657380525211231e-01,7.244020007809636175e-01,7.003022622722271384e-01,3.338090441162878674e-01,4.129538150858045320e-01,-8.339543824979239045e-03,6.335902103831946297e-01,4.475332081498466924e-02,6.229574954550852750e-01,6.036601678998301246e-01,6.055685170427363984e-01,5.812448761795081520e-01,5.281788440890685665e-01,6.764653471758721448e-01,6.877387819009715964e-01,8.268194979237197817e-01,4.187247201420763454e-01,7.715944096832297872e-01,6.743547943507403053e-01,6.726924250568033781e-01,6.797725768570220817e-01,7.897957658292500405e-01,6.852706874022400640e-01,7.154340884564184266e-01,6.745613956542265699e-01,7.003560491575331337e-01,6.412803510308817678e-01,8.995927361996041149e-01,7.314560410034437465e-01,1.000000000000000000e+00,6.961044062965593415e-01,5.126588861869451064e-01
9.088544360748459505e-01,8.650304795362075971e-01,7.800995523109953700e-01,7.852604782297371022e-01,8.218475899851693800e-01,4.181807422961160703e-01,3.846494164190155662e-01,-5.390280284231077079e-01,8.868950748144781571e-01,8.480908638626608598e-01,3.366271012812355745e-01,7.457437893035261389e-01,-2.499749686884684130e-01,4.553111986165760960e-01,2.811204955403697747e-01,8.610323355322669903e-01,4.827121295087779540e-01,8.555652595265351712e-01,8.432742596830273829e-01,4.857750939615168018e-01,5.921397138649755476e-01,6.102200828279610301e-01,8.253083239026329787e-01,1.435567920812355347e-01,7.054647909894279367e-01,8.467981263587913698e-01,8.357446945724225085e-01,8.755681239860211296e-01,8.475838207694218474e-01,8.603248917874374291e-01,7.944338461601727630e-01,8.146611858082073443e-01,5.897808132705579798e-01,6.542094268607946406e-01,6.562329660708247081e-01,8.064625607074514813e-01,6.961044062965593415e-01,1.000000000000000000e+00,8.657772787209297993e-01
8.656351370210161322e-01,8.288093254203386939e-01,6.304714278178322751e-01,7.083235024129552748e-01,6.612793891931945112e-01,2.345870114351706615e-01,3.496597904949765856e-01,-5.004062504515074394e-01,7.969476412385271269e-01,7.887244886172654068e-01,3.278043930196287703e-01,6.784841191253266901e-01,-3.200653901656104749e-01,2.694513871139533334e-01,3.119931152031291122e-01,8.376052000924931740e-01,4.924664446719277389e-01,7.822334572800030417e-01,8.593988609197208417e-01,5.117678174105665390e-01,3.903101336787531683e-01,4.756331599664817000e-01,7.457709438498981713e-01,-7.765929400037228925e-02,5.707400076755616558e-01,8.481790886119900952e-01,8.393385993422720626e-01,8.183753806405669184e-01,7.518071296596697817e-01,7.918193331838571103e-01,6.372080945040626831e-01,7.696796366194489369e-01,3.168918420706489103e-01,4.593502061816326365e-01,5.053960170099048854e-01,7.034151679498297227e-01,5.126588861869451064e-01,8.657772787209297993e-01,1.000000000000000000e+00
