1.000000000000000000e+00,6.757342881057846196e-01,4.052388415433429425e-01,-2.612628435554909534e-01,1.943084555165345284e-01,1.873655575065099610e-01,-8.103652593052912412e-02,-4.038441868154144521e-01,5.098164184496528639e-01,5.746751972218301363e-01,2.373901737453383842e-01,1.621728899477855035e-01,-6.957364406636017129e-02,4.118965883767965463e-01,3.390792243030271713e-01,5.985629266467362708e-01,9.196675955072899922e-02,-1.022396848398206270e-01,3.065665032265809664e-01,6.619278321118909902e-02,1.365243301667679321e-01,1.158705719205986029e-01,4.514829399300095414e-01,1.484401351403724645e-01,5.314365473782420857e-01,3.397813783895216044e-01,4.576015499247829688e-01,3.445861392508841048e-01,7.675823729715305910e-02,4.839812995528745554e-01,4.888344461676150110e-01,1.364482944449483814e-01,3.891168822026115359e-01,3.937781619301011227e-01,4.655580070749277405e-03,4.707085728957474680e-01,9.867030414555717777e-02,7.306277488740109405e-01,4.771901449880257551e-01
6.757342881057846196e-01,1.000000000000000000e+00,2.777013087367840583e-01,1.977082797008825922e-03,1.951827753710795310e-01,7.689066505056020573e-02,5.039067783517410526e-02,-1.982290132154435891e-01,4.690494816115039489e-01,7.194042412404870745e-01,4.383594034971325382e-01,5.764575650210351787e-01,2.248999251170840652e-01,5.679883221631196744e-01,3.500026470452033966e-01,7.295808827208477565e-01,4.552965869597915272e-01,3.464114377501594233e-01,5.643616493022520775e-01,3.149849376627281705e-01,-2.579300191322028146e-01,5.094221065466711940e-01,2.128152610568627978e-01,-1.457334408658574878e-03,3.598466379600906984e-01,-1.316286260332617253e-01,5.884841492306475130e-01,1.130027852154255191e-01,-3.073002576441616895e-01,4.237054780080979910e-01,3.650941490384316812e-01,5.401752422116889996e-01,5.236296984528907572e-01,3.828407940873283510e-01,-3.737390469002837001e-01,4.708868998075017021e-01,4.684382112824411193e-01,4.017065039887091626e-01,6.718047832098394956e-01
4.052388415433429425e-01,2.777013087367840583e-01,1.000000000000000000e+00,-8.433863550275208856e-03,6.768640646634893621e-01,-9.563300587877375525e-02,2.839053388868885697e-01,-8.837947829680277145e-01,6.581194608472784591e-01,3.432772191036450593e-01,1.211536096367008125e-01,1.745058781062659437e-01,-1.917266951893407123e-01,4.990695612212977528e-01,4.189541399481796491e-01,3.807443243071477190e-01,2.123228275200575721e-01,4.677832003733925492e-02,4.315084624333136998e-01,-1.884985608022195225e-02,3.437096345984149148e-01,9.755172891359677190e-02,4.771748660694105082e-01,2.672389616464540540e-01,3.916344036361721903e-01,3.157698660143573033e-01,4.660298346498785715e-01,5.418995949832581260e-01,-1.789933120677062242e-02,4.884678095509908946e-01,5.599370547649591412e-01,2.237358054937317042e-01,5.076338978891685727e-01,7.238519934681558743e-01,-1.753873224736401254e-02,5.051366732502121648e-01,1.796606731860038719e-01,5.201561140172844544e-01,2.162315998996839073e-01
-2.612628435554909534e-01,1.977082797008825922e-03,-8.433863550275208856e-03,1.000000000000000000e+00,2.057537479357091359e-01,-2.780701035787544462e-01,5.665254874304348487e-01,1.003778144727533878e-01,-8.212025576200250674e-04,2.295917687205709101e-02,1.348585249133241459e-01,2.744801960580373623e-01,3.026016513752757819e-01,1.735925850244652013e-01,-9.848874578694609416e-02,5.062904445101602119e-02,3.208498673456925965e-01,3.834070462109250843e-01,2.490188488221479757e-01,3.375114274230415212e-01,-2.451908460493957831e-01,4.044430678338334362e-01,-2.952517917432710970e-01,-7.682850125201620695e-02,-2.540960590733516433e-01,-4.228981383909136138e-01,-6.782903980143668854e-02,-9.523010321734361183e-02,-3.359288895199798453e-01,-5.504987920882354474e-02,-2.710976972680401165e-01,2.885988107176128969e-01,-1.244197268335538176e-01,8.542693205711525406e-02,-3.345750176727433356e-01,-9.932581788767316788e-02,2.156361417451865548e-01,-2.922245741158649435e-01,3.798234351280325993e-02
1.943084555165345284e-01,1.951827753710795310e-01,6.768640646634893621e-01,2.057537479357091359e-01,1.000000000000000000e+00,-3.312657161866718880e-01,4.083713375275998536e-01,-6.216101786451453393e-01,5.373341002524011367e-01,2.753471438500463275e-01,1.353513769447077797e-01,1.963718796747661033e-01,6.894394980558166131e-02,4.212265556089211382e-01,3.316109387518424989e-01,3.020398649845692507e-01,2.742625648686748963e-01,2.237200061248896255e-01,4.148644296704903645e-01,1.442521864826513123e-01,2.619084005783776231e-02,2.348639043209914123e-01,2.235160543040341508e-01,1.004991507549287122e-01,1.294372142296305594e-01,4.393526142110163075e-03,2.037030903687085948e-01,2.202001788905632307e-01,-2.426353100538220231e-01,2.906264959198978648e-01,1.731546635757195696e-01,2.166872742646162586e-01,3.296158006853893707e-01,7.522975135404671443e-01,-2.250902924142319239e-01,3.359041736430394831e-01,1.462797188551290539e-01,2.799797172343549967e-01,7.899021370886002980e-02
1.873655575065099610e-01,7.689066505056020573e-02,-9.563300587877375525e-02,-2.780701035787544462e-01,-3.312657161866718880e-01,1.000000000000000000e+00,-2.101262817336701227e-01,2.477445867140305735e-02,-9.864214716915785386e-02,-4.192922009120633731e-02,-3.235038991985588700e-03,-1.609256932670922735e-01,-3.851097344893384400e-01,-1.239766346637233424e-01,-3.459966615005104912e-02,-7.284931140773910629e-02,-1.190033858213342677e-01,-2.419073361772942632e-01,-7.093824572026519171e-02,-2.740778570156092719e-01,2.372411172154911541e-01,-3.196974206558743647e-01,2.870351515563722145e-01,3.899749201720254521e-01,4.799638426323359353e-01,2.485035025432273947e-01,1.228103349842727121e-01,2.531776636477907350e-02,4.805776475537749115e-01,-2.642200882302699581e-03,2.696993640482895915e-01,7.876449152996040093e-02,1.027501549768655986e-01,-3.018894615052935548e-01,3.817517606033076771e-01,2.814815904780788511e-03,2.104031477077169254e-01,1.294515914453460703e-01,-1.725983170195261387e-02
-8.103652593052912412e-02,5.039067783517410526e-02,2.839053388868885697e-01,5.665254874304348487e-01,4.083713375275998536e-01,-2.101262817336701227e-01,1.000000000000000000e+00,-2.142063574452964247e-01,1.188443957699808345e-01,1.419315467032092881e-01,1.174089705441455356e-01,7.962450550194244414e-02,1.702735716926064569e-01,2.193155066288570987e-01,-2.716135694256236605e-02,1.649834261677400049e-01,2.808025529924652597e-01,2.471684041876646698e-01,3.070911126786302070e-01,3.117547285118102973e-01,-9.645146663945418364e-02,2.950956581224168929e-01,-8.576625960327144416e-02,1.337915445192687791e-01,-6.548508603187319643e-02,-2.227470649463626773e-01,-4.188638287316692049e-02,8.002671793159440994e-02,-2.467956466756050515e-01,2.425862787541928703e-02,-1.422566020532828324e-02,2.670362499341289442e-01,9.077053606893387139e-02,2.775381786801176531e-01,-1.720731904714552229e-01,6.721409583207173244e-02,2.288617175563729400e-01,-1.419118920322112454e-01,-1.028279363803268065e-01
-4.038441868154144521e-01,-1.982290132154435891e-01,-8.837947829680277145e-01,1.003778144727533878e-01,-6.216101786451453393e-01,2.477445867140305735e-02,-2.142063574452964247e-01,1.000000000000000000e+00,-5.983021677927459203e-01,-2.609288177140937637e-01,-6.364782753835775131e-02,-2.378543861726922781e-02,2.823714423769277393e-01,-4.143961427532492081e-01,-3.230617167599803552e-01,-2.878785010601035421e-01,-9.300270524569216601e-02,1.002939401715574746e-01,-2.987108558642408984e-01,1.478365044318687704e-01,-4.482473279529481380e-01,5.393488697303316232e-02,-4.942861005699784593e-01,-2.987115456871301533e-01,-4.032666753964025963e-01,-4.329434761858240166e-01,-4.107668496947332049e-01,-5.831725881264279154e-01,-1.015880734838166544e-01,-4.592857060967398541e-01,-5.947894948310182839e-01,-1.124756254748913303e-01,-4.338186840650455345e-01,-6.442149319763348370e-01,-1.040919557016476843e-01,-4.347209560671208561e-01,-8.983231052369772263e-02,-5.327437363626501554e-01,-1.161724171498735858e-01
5.098164184496528639e-01,4.690494816115039489e-01,6.581194608472784591e-01,-8.212025576200250674e-04,5.373341002524011367e-01,-9.864214716915785386e-02,1.188443957699808345e-01,-5.983021677927459203e-01,1.000000000000000000e+00,5.978055621947148124e-01,2.900342248353967589e-01,3.899733182864245085e-01,-2.719937727628071386e-02,6.714152661047778636e-01,5.482452610262814607e-01,6.220461829318865155e-01,3.840682351679116646e-01,2.101157301186767357e-01,5.253238584884412088e-01,2.658673105642680445e-01,1.318459045566938714e-01,2.482647931186054979e-01,5.134046912852429090e-01,2.461831094171978984e-01,4.392521443479945331e-01,2.508480569762991941e-01,5.507984898297164644e-01,3.852640685692163003e-01,-5.578984567714626724e-02,6.866718287841806490e-01,4.944232620702663228e-01,3.173934595624576804e-01,5.263550553344952254e-01,6.873286104379578987e-01,-1.296941986661515611e-01,6.559736159545922485e-01,2.237614040187055342e-01,6.096511024665658418e-01,4.632461846235285119e-01
5.746751972218301363e-01,7.194042412404870745e-01,3.432772191036450593e-01,2.295917687205709101e-02,2.753471438500463275e-01,-4.192922009120633731e-02,1.419315467032092881e-01,-2.609288177140937637e-01,5.978055621947148124e-01,1.000000000000000000e+00,3.938026395659482981e-01,5.283538086518317911e-01,1.917988894792263255e-01,5.967112390444586634e-01,3.642902857752446377e-01,8.655796829764892397e-01,5.079752802862282923e-01,3.656426519068156078e-01,5.648231784052218929e-01,3.992748805807833645e-01,-2.361581826845803311e-01,4.765130217538207646e-01,1.435986164379419727e-01,-8.579812967118442824e-02,2.073825851342341042e-01,-4.934991668623442407e-02,5.196582513893286404e-01,9.599977307954217498e-02,-2.842173971008985500e-01,4.769384809882785126e-01,3.479530415376890229e-01,4.253858966597812707e-01,5.692517326740069716e-01,4.584654040298789535e-01,-3.460714228249311408e-01,6.140977111301026969e-01,3.178920650611175569e-01,4.017089613697915618e-01,5.194069112010841760e-01
2.373901737453383842e-01,4.383594034971325382e-01,1.211536096367008125e-01,1.348585249133241459e-01,1.353513769447077797e-01,-3.235038991985588700e-03,1.174089705441455356e-01,-6.364782753835775131e-02,2.900342248353967589e-01,3.938026395659482981e-01,1.000000000000000000e+00,4.745312051916594775e-01,2.347341771704809232e-01,5.749766732087083776e-01,2.996821778887754917e-01,4.424480895658191026e-01,5.620376252995560318e-01,3.215156816370092763e-01,4.497157262999865179e-01,4.557742972428247552e-01,-2.008559433264925920e-01,3.430138743936503865e-01,1.409930072680489754e-01,2.198849407072613893e-01,3.285481852454901763e-01,-7.127359900162159867e-02,4.888128470673613890e-01,9.215612454594640512e-02,-1.016284693419956392e-01,1.807459455808025361e-01,2.049683889390220837e-01,5.610229913352757780e-01,3.883543561328814397e-01,1.777942660329442648e-01,-1.733008139726096020e-01,3.750779833868740920e-01,5.263061595687978933e-01,1.581516123241535898e-01,4.224853086743652342e-01
1.621728899477855035e-01,5.764575650210351787e-01,1.745058781062659437e-01,2.744801960580373623e-01,1.963718796747661033e-01,-1.609256932670922735e-01,7.962450550194244414e-02,-2.378543861726922781e-02,3.899733182864245085e-01,5.283538086518317911e-01,4.745312051916594775e-01,1.000000000000000000e+00,4.695138437987529945e-01,5.744402956025851381e-01,5.533056611845237338e-01,5.504935622377202797e-01,7.039545982765449406e-01,7.603741280418916393e-01,6.476471561662171528e-01,5.524744775669011565e-01,-5.362141772233256498e-01,7.778941381333616123e-01,3.324389847465823028e-02,-9.399745683742037616e-02,4.741639887960445721e-02,-4.686599920162364818e-01,5.523262788128483480e-01,-8.218445370246792170e-02,-5.554265390681999426e-01,2.461369271708366002e-01,1.488885646779871644e-04,7.176864150728576863e-01,5.339135299458628303e-01,3.995997338982201774e-01,-6.682756531560868352e-01,4.637462893139183695e-01,5.756369967728232062e-01,1.064210752723383641e-01,7.076844711000249699e-01
-6.957364406636017129e-02,2.248999251170840652e-01,-1.917266951893407123e-01,3.026016513752757819e-01,6.894394980558166131e-02,-3.851097344893384400e-01,1.702735716926064569e-01,2.823714423769277393e-01,-2.719937727628071386e-02,1.917988894792263255e-01,2.347341771704809232e-01,4.695138437987529945e-01,1.000000000000000000e+00,9.872083156640457102e-02,1.260358610641747201e-01,2.315925900584259733e-01,4.350397285153523863e-01,5.714397771057472264e-01,2.479370380661270745e-01,5.831175876311756046e-01,-7.033587646306171948e-01,6.244704089111307033e-01,-2.519144380222508861e-01,-4.022896090628928500e-01,-2.834952002483265288e-01,-6.504934396725643442e-01,4.000324217747672911e-02,-4.257184758882492925e-01,-6.789002091269245032e-01,-1.673036520028383656e-01,-5.194446068517790671e-01,3.480381870423393531e-01,-5.382032815670707761e-04,4.978605477841474558e-02,-6.886970081637071583e-01,-2.946676180997650531e-03,2.092589686962861850e-01,-2.160279363593746449e-01,2.615153083776629583e-01
4.118965883767965463e-01,5.679883221631196744e-01,4.990695612212977528e-01,1.735925850244652013e-01,4.212265556089211382e-01,-1.239766346637233424e-01,2.193155066288570987e-01,-4.143961427532492081e-01,6.714152661047778636e-01,5.967112390444586634e-01,5.749766732087083776e-01,5.744402956025851381e-01,9.872083156640457102e-02,1.000000000000000000e+00,4.608674539712178109e-01,6.413253448357435493e-01,6.505215379701052569e-01,3.837768408915174789e-01,5.352983124026339246e-01,3.999387597342714540e-01,-2.211579164112916981e-02,4.319612224694281966e-01,3.129505518008818266e-01,2.634240726951255773e-01,3.297574532695273231e-01,9.121467442750086363e-02,6.531908417326351968e-01,4.133105199345655789e-01,-9.012127754025656134e-02,5.894526356207262507e-01,4.443928232003325762e-01,5.950622849532920533e-01,5.360900369557446421e-01,5.417651317307209391e-01,-1.741952058128081737e-01,5.736886748686326198e-01,5.209874351986030216e-01,3.855497764954211037e-01,5.464357515900030160e-01
3.390792243030271713e-01,3.500026470452033966e-01,4.189541399481796491e-01,-9.848874578694609416e-02,3.316109387518424989e-01,-3.459966615005104912e-02,-2.716135694256236605e-02,-3.230617167599803552e-01,5.482452610262814607e-01,3.642902857752446377e-01,2.996821778887754917e-01,5.533056611845237338e-01,1.260358610641747201e-01,4.608674539712178109e-01,1.000000000000000000e+00,4.144683044383059012e-01,3.947177201459681761e-01,3.594412519530319483e-01,5.466838719721447415e-01,3.545326426933170239e-01,-7.974119585448689873e-02,3.656816240269219476e-01,4.577327103702940603e-01,2.125793721525422175e-01,3.576184137543945707e-01,3.063216491922374912e-02,3.899519521938610289e-01,1.829619747566674781e-01,-1.391762957740031170e-01,3.781173783230017960e-01,1.819495717800571344e-01,3.505503582883718328e-01,4.768891261496323031e-01,5.589837008733056223e-01,-2.932905344140484538e-01,6.111588814839449268e-01,2.466820988904240286e-01,5.109012357060254139e-01,4.813945354116397346e-01
5.985629266467362708e-01,7.295808827208477565e-01,3.807443243071477190e-01,5.062904445101602119e-02,3.020398649845692507e-01,-7.284931140773910629e-02,1.649834261677400049e-01,-2.878785010601035421e-01,6.220461829318865155e-01,8.655796829764892397e-01,4.424480895658191026e-01,5.504935622377202797e-01,2.315925900584259733e-01,6.413253448357435493e-01,4.144683044383059012e-01,1.000000000000000000e+00,5.307589814074503698e-01,3.637946438455216258e-01,5.968138260071915724e-01,4.365380031488849122e-01,-2.121251119415995257e-01,4.998131835607799722e-01,1.630993637345959646e-01,-5.601390519395282180e-02,2.521852225301254302e-01,-4.787680847123711170e-02,5.345785948281850386e-01,1.629311906859585157e-01,-2.885606957385230542e-01,5.426337312909387256e-01,3.463530422369751616e-01,4.410987195715254661e-01,5.311024868904670182e-01,4.907083372630948181e-01,-3.494184880225471024e-01,6.208690488650447925e-01,3.377559586355564636e-01,4.338133368504766274e-01,5.652284178902161615e-01
9.196675955072899922e-02,4.552965869597915272e-01,2.123228275200575721e-01,3.208498673456925965e-01,2.742625648686748963e-01,-1.190033858213342677e-01,2.808025529924652597e-01,-9.300270524569216601e-02,3.840682351679116646e-01,5.079752802862282923e-01,5.620376252995560318e-01,7.039545982765449406e-01,4.350397285153523863e-01,6.505215379701052569e-01,3.947177201459681761e-01,5.307589814074503698e-01,1.000000000000000000e+00,6.791379701578226236e-01,5.670094995321478537e-01,6.324040509721067238e-01,-4.435698800028560207e-01,6.404643389519054653e-01,1.125720637717641803e-01,1.049899954147840292e-01,6.667026931641693854e-02,-3.734684677606429082e-01,4.910546664118087268e-01,-8.185518097707222829e-02,-3.797512392235042333e-01,2.148844665676686583e-01,5.264561028678609034e-02,7.848116314086354128e-01,5.225979728868683782e-01,3.227841830666700051e-01,-4.452944129621053682e-01,4.229109016799565413e-01,6.840606228445098580e-01,-1.387815066696935010e-02,4.223714175824452854e-01
-1.022396848398206270e-01,3.464114377501594233e-01,4.677832003733925492e-02,3.834070462109250843e-01,2.237200061248896255e-01,-2.419073361772942632e-01,2.471684041876646698e-01,1.002939401715574746e-01,2.101157301186767357e-01,3.656426519068156078e-01,3.215156816370092763e-01,7.603741280418916393e-01,5.714397771057472264e-01,3.837768408915174789e-01,3.594412519530319483e-01,3.637946438455216258e-01,6.791379701578226236e-01,1.000000000000000000e+00,5.607068884954280463e-01,5.485399177503513801e-01,-6.438012394962768781e-01,7.354404894016112193e-01,-1.516713488778958785e-01,-1.725977548724749455e-01,-2.002518223983410783e-01,-6.233215481401986890e-01,2.980665926077799011e-01,-3.043222628365762072e-01,-6.282711553266293603e-01,6.831792610309270208e-02,-2.770890514119666026e-01,6.397795786743266655e-01,3.577500303851172681e-01,2.586738838630044390e-01,-6.983080064395476017e-01,2.169910196056147877e-01,4.941895375179193306e-01,-2.153521739722900896e-01,4.011241871742837750e-01
3.065665032265809664e-01,5.643616493022520775e-01,4.315084624333136998e-01,2.490188488221479757e-01,4.148644296704903645e-01,-7.093824572026519171e-02,3.070911126786302070e-01,-2.987108558642408984e-01,5.253238584884412088e-01,5.648231784052218929e-01,4.497157262999865179e-01,6.476471561662171528e-01,2.479370380661270745e-01,5.352983124026339246e-01,5.466838719721447415e-01,5.968138260071915724e-01,5.670094995321478537e-01,5.607068884954280463e-01,1.000000000000000000e+00,4.665217673004193322e-01,-2.769100902704941247e-01,5.492515239482500533e-01,2.129216341766810017e-01,1.071077306215542230e-01,2.730137432042627488e-01,-2.586480690613031652e-01,5.497028584423242492e-01,-5.773640638382990589e-03,-4.065904218075891419e-01,2.691569866418753731e-01,2.355053308635340903e-01,5.852264402781981456e-01,5.778163361129922126e-01,5.269247959247365110e-01,-4.669933666736426625e-01,5.045440602421478182e-01,4.769764913457687494e-01,2.415917882555041751e-01,5.294199254729107240e-01
6.619278321118909902e-02,3.149849376627281705e-01,-1.884985608022195225e-02,3.375114274230415212e-01,1.442521864826513123e-01,-2.740778570156092719e-01,3.117547285118102973e-01,1.478365044318687704e-01,2.658673105642680445e-01,3.992748805807833645e-01,4.557742972428247552e-01,5.524744775669011565e-01,5.831175876311756046e-01,3.999387597342714540e-01,3.545326426933170239e-01,4.365380031488849122e-01,6.324040509721067238e-01,5.485399177503513801e-01,4.665217673004193322e-01,1.000000000000000000e+00,-5.677506679739363626e-01,6.555172316360515783e-01,2.606422587578407970e-03,-8.167619867791747756e-02,-1.660890148251240039e-02,-4.661086310120410303e-01,2.166463524314113931e-01,-2.659688861309000285e-01,-4.794168273289186599e-01,8.003546044225139100e-02,-2.285806823785702102e-01,4.850181977328121841e-01,2.146673727403229370e-01,2.244284197149998272e-01,-5.077543955890843064e-01,3.456460284728402055e-01,3.300849179200687211e-01,-1.887110405888756115e-02,4.102679248830954362e-01
1.365243301667679321e-01,-2.579300191322028146e-01,3.437096345984149148e-01,-2.451908460493957831e-01,2.619084005783776231e-02,2.372411172154911541e-01,-9.645146663945418364e-02,-4.482473279529481380e-01,1.318459045566938714e-01,-2.361581826845803311e-01,-2.008559433264925920e-01,-5.362141772233256498e-01,-7.033587646306171948e-01,-2.211579164112916981e-02,-7.974119585448689873e-02,-2.121251119415995257e-01,-4.435698800028560207e-01,-6.438012394962768781e-01,-2.769100902704941247e-01,-5.677506679739363626e-01,1.000000000000000000e+00,-6.593604486194858394e-01,3.214847051758337737e-01,4.054333219222292506e-01,3.290209210107966076e-01,7.646115976939915626e-01,-3.312950488033548913e-02,6.127427161700728098e-01,6.889021950774389946e-01,2.780383331914558775e-01,5.115292189687551394e-01,-4.043682668570471872e-01,-1.605095953973573741e-01,2.307458125456614929e-05,7.150901165371207346e-01,-3.181902007338172078e-02,-2.796691610369377856e-01,3.182792845200560494e-01,-2.998447195829840317e-01
1.158705719205986029e-01,5.094221065466711940e-01,9.755172891359677190e-02,4.044430678338334362e-01,2.348639043209914123e-01,-3.196974206558743647e-01,2.950956581224168929e-01,5.393488697303316232e-02,2.482647931186054979e-01,4.765130217538207646e-01,3.430138743936503865e-01,7.778941381333616123e-01,6.244704089111307033e-01,4.319612224694281966e-01,3.656816240269219476e-01,4.998131835607799722e-01,6.404643389519054653e-01,7.354404894016112193e-01,5.492515239482500533e-01,6.555172316360515783e-01,-6.593604486194858394e-01,1.000000000000000000e+00,-1.686708591069928098e-01,-3.098549484446554980e-01,-1.467123705969896608e-01,-6.292036692428730760e-01,3.557985460679657930e-01,-1.731321896567800944e-01,-7.115152434402556292e-01,1.286786372966420844e-01,-1.964712170115982537e-01,5.863090343861570020e-01,3.431797041907858614e-01,3.803673801574474767e-01,-7.644103764662220080e-01,3.083790858433599902e-01,4.029756729812939975e-01,-2.286176332519120752e-02,6.059697809955960635e-01
4.514829399300095414e-01,2.128152610568627978e-01,4.771748660694105082e-01,-2.952517917432710970e-01,2.235160543040341508e-01,2.870351515563722145e-01,-8.576625960327144416e-02,-4.942861005699784593e-01,5.134046912852429090e-01,1.435986164379419727e-01,1.409930072680489754e-01,3.324389847465823028e-02,-2.519144380222508861e-01,3.129505518008818266e-01,4.577327103702940603e-01,1.630993637345959646e-01,1.125720637717641803e-01,-1.516713488778958785e-01,2.129216341766810017e-01,2.606422587578407970e-03,3.214847051758337737e-01,-1.686708591069928098e-01,1.000000000000000000e+00,5.833979748587472258e-01,7.121500422004342079e-01,4.449148300001188883e-01,4.076260086105083502e-01,3.380784411881224139e-01,3.275903186693296387e-01,3.637625965224274838e-01,4.588070198084991391e-01,1.997382927929430285e-01,3.930450301246136702e-01,3.051455356872210811e-01,2.717668531420399658e-01,4.568404346928071624e-01,2.466535902357074039e-01,5.644289229193625301e-01,2.241320934491580763e-01
1.484401351403724645e-01,-1.457334408658574878e-03,2.672389616464540540e-01,-7.682850125201620695e-02,1.004991507549287122e-01,3.899749201720254521e-01,1.337915445192687791e-01,-2.987115456871301533e-01,2.461831094171978984e-01,-8.579812967118442824e-02,2.198849407072613893e-01,-9.399745683742037616e-02,-4.022896090628928500e-01,2.634240726951255773e-01,2.125793721525422175e-01,-5.601390519395282180e-02,1.049899954147840292e-01,-1.725977548724749455e-01,1.071077306215542230e-01,-8.167619867791747756e-02,4.054333219222292506e-01,-3.098549484446554980e-01,5.833979748587472258e-01,1.000000000000000000e+00,5.752778850399906663e-01,3.974156229991634426e-01,1.981033284010827733e-01,3.115609623253579041e-01,4.918899254627812634e-01,1.962698265226046068e-01,4.060164204426914836e-01,2.229460665875218628e-01,2.574991477172153265e-01,8.808843005972261109e-02,4.663214170686083571e-01,1.939566711548792732e-01,3.460524587193100077e-01,2.499981843031154061e-01,-6.016244648415079027e-02
5.314365473782420857e-01,3.598466379600906984e-01,3.916344036361721903e-01,-2.540960590733516433e-01,1.294372142296305594e-01,4.799638426323359353e-01,-6.548508603187319643e-02,-4.032666753964025963e-01,4.392521443479945331e-01,2.073825851342341042e-01,3.285481852454901763e-01,4.741639887960445721e-02,-2.834952002483265288e-01,3.297574532695273231e-01,3.576184137543945707e-01,2.521852225301254302e-01,6.667026931641693854e-02,-2.002518223983410783e-01,2.730137432042627488e-01,-1.660890148251240039e-02,3.290209210107966076e-01,-1.467123705969896608e-01,7.121500422004342079e-01,5.752778850399906663e-01,1.000000000000000000e+00,3.760003897070039458e-01,4.892165129929638145e-01,3.331006307012613910e-01,3.468568843469340690e-01,3.566884443422486672e-01,5.218096610793364620e-01,2.640477387752673266e-01,3.917165042332814151e-01,2.209008719251407404e-01,2.709802911871274089e-01,4.122411985379450527e-01,3.379303698268736889e-01,5.487101739765869457e-01,3.013124155226679646e-01
3.397813783895216044e-01,-1.316286260332617253e-01,3.157698660143573033e-01,-4.228981383909136138e-01,4.393526142110163075e-03,2.485035025432273947e-01,-2.227470649463626773e-01,-4.329434761858240166e-01,2.508480569762991941e-01,-4.934991668623442407e-02,-7.127359900162159867e-02,-4.686599920162364818e-01,-6.504934396725643442e-01,9.121467442750086363e-02,3.063216491922374912e-02,-4.787680847123711170e-02,-3.734684677606429082e-01,-6.233215481401986890e-01,-2.586480690613031652e-01,-4.661086310120410303e-01,7.646115976939915626e-01,-6.292036692428730760e-01,4.449148300001188883e-01,3.974156229991634426e-01,3.760003897070039458e-01,1.000000000000000000e+00,7.463866405906842416e-02,6.335259802754453773e-01,7.408054844247055071e-01,3.589929377968300583e-01,5.541066277548202246e-01,-3.986243622069685633e-01,-2.595086595139171892e-02,5.480057874562481446e-02,7.140974765303711447e-01,1.522313233820789258e-01,-2.964279611696677419e-01,5.296495242056069586e-01,-1.733243836265564719e-01
4.576015499247829688e-01,5.884841492306475130e-01,4.660298346498785715e-01,-6.782903980143668854e-02,2.037030903687085948e-01,1.228103349842727121e-01,-4.188638287316692049e-02,-4.107668496947332049e-01,5.507984898297164644e-01,5.196582513893286404e-01,4.888128470673613890e-01,5.523262788128483480e-01,4.000324217747672911e-02,6.531908417326351968e-01,3.899519521938610289e-01,5.345785948281850386e-01,4.910546664118087268e-01,2.980665926077799011e-01,5.497028584423242492e-01,2.166463524314113931e-01,-3.312950488033548913e-02,3.557985460679657930e-01,4.076260086105083502e-01,1.981033284010827733e-01,4.892165129929638145e-01,7.463866405906842416e-02,1.000000000000000000e+00,2.921108278756501808e-01,-1.026021633103749581e-01,4.013911273365689536e-01,5.386815374097482234e-01,6.231991659801389138e-01,6.531462391194778894e-01,4.177618116197410747e-01,-1.634396177670667250e-01,5.223937262512412527e-01,5.761260617604702094e-01,3.914077818194829916e-01,6.672504965418254441e-01
3.445861392508841048e-01,1.130027852154255191e-01,5.418995949832581260e-01,-9.523010321734361183e-02,2.202001788905632307e-01,2.531776636477907350e-02,8.002671793159440994e-02,-5.831725881264279154e-01,3.852640685692163003e-01,9.599977307954217498e-02,9.215612454594640512e-02,-8.218445370246792170e-02,-4.257184758882492925e-01,4.133105199345655789e-01,1.829619747566674781e-01,1.629311906859585157e-01,-8.185518097707222829e-02,-3.043222628365762072e-01,-5.773640638382990589e-03,-2.659688861309000285e-01,6.127427161700728098e-01,-1.731321896567800944e-01,3.380784411881224139e-01,3.115609623253579041e-01,3.331006307012613910e-01,6.335259802754453773e-01,2.921108278756501808e-01,1.000000000000000000e+00,4.175486891272826573e-01,5.464105724278754961e-01,5.868542239926403115e-01,-6.575617906190708850e-02,1.185601260260334688e-01,3.344076502341027379e-01,3.787562503561976990e-01,2.772589900703250620e-01,-4.678552267114666208e-02,5.023487556627241890e-01,1.522946242607240985e-01
7.675823729715305910e-02,-3.073002576441616895e-01,-1.789933120677062242e-02,-3.359288895199798453e-01,-2.426353100538220231e-01,4.805776475537749115e-01,-2.467956466756050515e-01,-1.015880734838166544e-01,-5.578984567714626724e-02,-2.842173971008985500e-01,-1.016284693419956392e-01,-5.554265390681999426e-01,-6.789002091269245032e-01,-9.012127754025656134e-02,-1.391762957740031170e-01,-2.885606957385230542e-01,-3.797512392235042333e-01,-6.282711553266293603e-01,-4.065904218075891419e-01,-4.794168273289186599e-01,6.889021950774389946e-01,-7.115152434402556292e-01,3.275903186693296387e-01,4.918899254627812634e-01,3.468568843469340690e-01,7.408054844247055071e-01,-1.026021633103749581e-01,4.175486891272826573e-01,1.000000000000000000e+00,1.234084554689531543e-01,3.426453184195762947e-01,-3.461494852999303928e-01,-1.847175782772031427e-01,-2.841311171504334876e-01,8.327767067049731686e-01,-7.841233621353935201e-02,-1.806044768484567353e-01,2.329539779879191141e-01,-3.441146348898166396e-01
4.839812995528745554e-01,4.237054780080979910e-01,4.884678095509908946e-01,-5.504987920882354474e-02,2.906264959198978648e-01,-2.642200882302699581e-03,2.425862787541928703e-02,-4.592857060967398541e-01,6.866718287841806490e-01,4.769384809882785126e-01,1.807459455808025361e-01,2.461369271708366002e-01,-1.673036520028383656e-01,5.894526356207262507e-01,3.781173783230017960e-01,5.426337312909387256e-01,2.148844665676686583e-01,6.831792610309270208e-02,2.691569866418753731e-01,8.003546044225139100e-02,2.780383331914558775e-01,1.286786372966420844e-01,3.637625965224274838e-01,1.962698265226046068e-01,3.566884443422486672e-01,3.589929377968300583e-01,4.013911273365689536e-01,5.464105724278754961e-01,1.234084554689531543e-01,1.000000000000000000e+00,4.634172297204249280e-01,1.523217352537995783e-01,2.638008761517073864e-01,4.491073227905946208e-01,4.036475170797962364e-02,4.841897141642054203e-01,1.146166535415950177e-01,5.240855697981574579e-01,4.179565851801610998e-01
4.888344461676150110e-01,3.650941490384316812e-01,5.599370547649591412e-01,-2.710976972680401165e-01,1.731546635757195696e-01,2.696993640482895915e-01,-1.422566020532828324e-02,-5.947894948310182839e-01,4.944232620702663228e-01,3.479530415376890229e-01,2.049683889390220837e-01,1.488885646779871644e-04,-5.194446068517790671e-01,4.443928232003325762e-01,1.819495717800571344e-01,3.463530422369751616e-01,5.264561028678609034e-02,-2.770890514119666026e-01,2.355053308635340903e-01,-2.285806823785702102e-01,5.115292189687551394e-01,-1.964712170115982537e-01,4.588070198084991391e-01,4.060164204426914836e-01,5.218096610793364620e-01,5.541066277548202246e-01,5.386815374097482234e-01,5.868542239926403115e-01,3.426453184195762947e-01,4.634172297204249280e-01,1.000000000000000000e+00,1.393854419619352525e-01,4.503745637483246300e-01,3.389283809204338693e-01,3.453280281638125837e-01,4.709156604195713913e-01,1.931854835731602049e-01,5.121573485592535446e-01,2.383692512085370530e-01
1.364482944449483814e-01,5.401752422116889996e-01,2.237358054937317042e-01,2.885988107176128969e-01,2.166872742646162586e-01,7.876449152996040093e-02,2.670362499341289442e-01,-1.124756254748913303e-01,3.173934595624576804e-01,4.253858966597812707e-01,5.610229913352757780e-01,7.176864150728576863e-01,3.480381870423393531e-01,5.950622849532920533e-01,3.505503582883718328e-01,4.410987195715254661e-01,7.848116314086354128e-01,6.397795786743266655e-01,5.852264402781981456e-01,4.850181977328121841e-01,-4.043682668570471872e-01,5.863090343861570020e-01,1.997382927929430285e-01,2.229460665875218628e-01,2.640477387752673266e-01,-3.986243622069685633e-01,6.231991659801389138e-01,-6.575617906190708850e-02,-3.461494852999303928e-01,1.523217352537995783e-01,1.393854419619352525e-01,1.000000000000000000e+00,6.020623011305809014e-01,2.738772296285897356e-01,-4.186236844294722315e-01,3.682203880671615637e-01,8.552039915007890736e-01,-2.708051794938941877e-03,5.046632436225644280e-01
3.891168822026115359e-01,5.236296984528907572e-01,5.076338978891685727e-01,-1.244197268335538176e-01,3.296158006853893707e-01,1.027501549768655986e-01,9.077053606893387139e-02,-4.338186840650455345e-01,5.263550553344952254e-01,5.692517326740069716e-01,3.883543561328814397e-01,5.339135299458628303e-01,-5.382032815670707761e-04,5.360900369557446421e-01,4.768891261496323031e-01,5.311024868904670182e-01,5.225979728868683782e-01,3.577500303851172681e-01,5.778163361129922126e-01,2.146673727403229370e-01,-1.605095953973573741e-01,3.431797041907858614e-01,3.930450301246136702e-01,2.574991477172153265e-01,3.917165042332814151e-01,-2.595086595139171892e-02,6.531462391194778894e-01,1.185601260260334688e-01,-1.847175782772031427e-01,2.638008761517073864e-01,4.503745637483246300e-01,6.020623011305809014e-01,1.000000000000000000e+00,5.442958261313309842e-01,-2.366901116399282579e-01,6.265747696076956474e-01,5.560033183036716675e-01,3.788243499976547413e-01,4.473663653301424570e-01
3.937781619301011227e-01,3.828407940873283510e-01,7.238519934681558743e-01,8.542693205711525406e-02,7.522975135404671443e-01,-3.018894615052935548e-01,2.775381786801176531e-01,-6.442149319763348370e-01,6.873286104379578987e-01,4.584654040298789535e-01,1.777942660329442648e-01,3.995997338982201774e-01,4.978605477841474558e-02,5.417651317307209391e-01,5.589837008733056223e-01,4.907083372630948181e-01,3.227841830666700051e-01,2.586738838630044390e-01,5.269247959247365110e-01,2.244284197149998272e-01,2.307458125456614929e-05,3.803673801574474767e-01,3.051455356872210811e-01,8.808843005972261109e-02,2.209008719251407404e-01,5.480057874562481446e-02,4.177618116197410747e-01,3.344076502341027379e-01,-2.841311171504334876e-01,4.491073227905946208e-01,3.389283809204338693e-01,2.738772296285897356e-01,5.442958261313309842e-01,1.000000000000000000e+00,-3.219691482475617872e-01,5.737431851968451957e-01,1.526737259613359654e-01,5.070213698218163367e-01,3.650439133079351195e-01
4.655580070749277405e-03,-3.737390469002837001e-01,-1.753873224736401254e-02,-3.345750176727433356e-01,-2.250902924142319239e-01,3.817517606033076771e-01,-1.720731904714552229e-01,-1.040919557016476843e-01,-1.296941986661515611e-01,-3.460714228249311408e-01,-1.733008139726096020e-01,-6.682756531560868352e-01,-6.886970081637071583e-01,-1.741952058128081737e-01,-2.932905344140484538e-01,-3.494184880225471024e-01,-4.452944129621053682e-01,-6.983080064395476017e-01,-4.669933666736426625e-01,-5.077543955890843064e-01,7.150901165371207346e-01,-7.644103764662220080e-01,2.717668531420399658e-01,4.663214170686083571e-01,2.709802911871274089e-01,7.140974765303711447e-01,-1.634396177670667250e-01,3.787562503561976990e-01,8.327767067049731686e-01,4.036475170797962364e-02,3.453280281638125837e-01,-4.186236844294722315e-01,-2.366901116399282579e-01,-3.219691482475617872e-01,1.000000000000000000e+00,-1.787687025453281731e-01,-2.161472994244305890e-01,1.062708479291169100e-01,-4.442254043191921076e-01
4.707085728957474680e-01,4.708868998075017021e-01,5.051366732502121648e-01,-9.932581788767316788e-02,3.359041736430394831e-01,2.814815904780788511e-03,6.721409583207173244e-02,-4.347209560671208561e-01,6.559736159545922485e-01,6.140977111301026969e-01,3.750779833868740920e-01,4.637462893139183695e-01,-2.946676180997650531e-03,5.736886748686326198e-01,6.111588814839449268e-01,6.208690488650447925e-01,4.229109016799565413e-01,2.169910196056147877e-01,5.045440602421478182e-01,3.456460284728402055e-01,-3.181902007338172078e-02,3.083790858433599902e-01,4.568404346928071624e-01,1.939566711548792732e-01,4.122411985379450527e-01,1.522313233820789258e-01,5.223937262512412527e-01,2.772589900703250620e-01,-7.841233621353935201e-02,4.841897141642054203e-01,4.709156604195713913e-01,3.682203880671615637e-01,6.265747696076956474e-01,5.737431851968451957e-01,-1.787687025453281731e-01,1.000000000000000000e+00,2.793321371834819322e-01,5.563354680154211085e-01,5.153251412673390819e-01
9.867030414555717777e-02,4.684382112824411193e-01,1.796606731860038719e-01,2.156361417451865548e-01,1.462797188551290539e-01,2.104031477077169254e-01,2.288617175563729400e-01,-8.983231052369772263e-02,2.237614040187055342e-01,3.178920650611175569e-01,5.263061595687978933e-01,5.756369967728232062e-01,2.092589686962861850e-01,5.209874351986030216e-01,2.466820988904240286e-01,3.377559586355564636e-01,6.840606228445098580e-01,4.941895375179193306e-01,4.769764913457687494e-01,3.300849179200687211e-01,-2.796691610369377856e-01,4.029756729812939975e-01,2.466535902357074039e-01,3.460524587193100077e-01,3.379303698268736889e-01,-2.964279611696677419e-01,5.761260617604702094e-01,-4.678552267114666208e-02,-1.806044768484567353e-01,1.146166535415950177e-01,1.931854835731602049e-01,8.552039915007890736e-01,5.560033183036716675e-01,1.526737259613359654e-01,-2.161472994244305890e-01,2.793321371834819322e-01,1.000000000000000000e+00,-4.577142868387091418e-02,3.739243156423080472e-01
7.306277488740109405e-01,4.017065039887091626e-01,5.201561140172844544e-01,-2.922245741158649435e-01,2.799797172343549967e-01,1.294515914453460703e-01,-1.419118920322112454e-01,-5.327437363626501554e-01,6.096511024665658418e-01,4.017089613697915618e-01,1.581516123241535898e-01,1.064210752723383641e-01,-2.160279363593746449e-01,3.855497764954211037e-01,5.109012357060254139e-01,4.338133368504766274e-01,-1.387815066696935010e-02,-2.153521739722900896e-01,2.415917882555041751e-01,-1.887110405888756115e-02,3.182792845200560494e-01,-2.286176332519120752e-02,5.644289229193625301e-01,2.499981843031154061e-01,5.487101739765869457e-01,5.296495242056069586e-01,3.914077818194829916e-01,5.023487556627241890e-01,2.329539779879191141e-01,5.240855697981574579e-01,5.121573485592535446e-01,-2.708051794938941877e-03,3.788243499976547413e-01,5.070213698218163367e-01,1.062708479291169100e-01,5.563354680154211085e-01,-4.577142868387091418e-02,1.000000000000000000e+00,4.170521906573694815e-01
4.771901449880257551e-01,6.718047832098394956e-01,2.162315998996839073e-01,3.798234351280325993e-02,7.899021370886002980e-02,-1.725983170195261387e-02,-1.028279363803268065e-01,-1.161724171498735858e-01,4.632461846235285119e-01,5.194069112010841760e-01,4.224853086743652342e-01,7.076844711000249699e-01,2.615153083776629583e-01,5.464357515900030160e-01,4.813945354116397346e-01,5.652284178902161615e-01,4.223714175824452854e-01,4.011241871742837750e-01,5.294199254729107240e-01,4.102679248830954362e-01,-2.998447195829840317e-01,6.059697809955960635e-01,2.241320934491580763e-01,-6.016244648415079027e-02,3.013124155226679646e-01,-1.733243836265564719e-01,6.672504965418254441e-01,1.522946242607240985e-01,-3.441146348898166396e-01,4.179565851801610998e-01,2.383692512085370530e-01,5.046632436225644280e-01,4.473663653301424570e-01,3.650439133079351195e-01,-4.442254043191921076e-01,5.153251412673390819e-01,3.739243156423080472e-01,4.170521906573694815e-01,1.000000000000000000e+00
