1.000000000000000000e+00,6.718986960688058119e-01,4.194116891394579216e-01,3.114509676430803342e-01,4.656858725749387085e-01,1.230132012224626759e-01,4.173032796096142749e-01,-3.354760376529259402e-01,5.942800189068453420e-01,5.534109126569264347e-01,-9.428993879886912732e-02,1.663750011027264053e-01,-3.220488184086764960e-01,4.860131389540182645e-01,-9.383270104855498395e-02,6.266328311257871597e-01,5.545392075986071284e-02,3.803475958902529097e-01,4.049287807523092031e-01,2.589922415305186409e-01,-5.820926083964653858e-02,1.407418981540924374e-01,4.733378621890482196e-01,2.475679128048536848e-01,4.753575435236143676e-01,4.673519040807488367e-01,5.205677719116384994e-01,4.606554961292290418e-02,6.114004861736598295e-01,6.867365788397656878e-01,-2.554459887771958759e-01,3.567976694980770636e-01,2.847689968346434064e-01,4.841254776591287778e-01,-3.799506006246679973e-02,1.962615797303546294e-01,2.186651642827448228e-01,2.053237418998566655e-01,2.787893857573262024e-01
6.718986960688058119e-01,1.000000000000000000e+00,1.575665697826693079e-01,9.190863277191006764e-02,2.888404903227921872e-01,3.635185643001587197e-01,2.506430017251414788e-01,-3.072915976497617718e-01,2.342426263189765212e-01,5.213535048454358556e-01,3.355863067605994732e-01,-1.045626084518224141e-01,2.004286042272163462e-02,2.208583766388113045e-01,-2.128954112103258745e-01,5.586809675473296544e-01,2.242746874340217078e-01,3.594463685309971096e-02,7.355208438370991475e-02,-2.975633183350457830e-02,-1.159255544176100300e-01,-6.629754594202304230e-02,3.369001199266845048e-01,8.261932811129218956e-02,2.648427532576150822e-01,2.046075518546079941e-01,5.032856638227167778e-01,-1.429409944862465309e-01,6.798804497511592437e-01,5.403351885371491248e-01,8.939986336567630129e-03,6.297941130775097651e-01,1.048550854916605324e-01,2.558863360431908318e-01,2.106392474811277504e-01,4.018632402377733115e-01,4.931110927371306074e-01,-3.373871840631736951e-01,5.593877652501730996e-02
4.194116891394579216e-01,1.575665697826693079e-01,1.000000000000000000e+00,4.714166069914383500e-02,7.097891893059614654e-01,-7.179103927530190721e-02,1.351245095749510072e-01,-4.329300860556268837e-01,4.706082276382165253e-01,4.306096332903825430e-01,-8.533619003250035584e-02,3.932946152005066254e-01,-2.139073006355188267e-01,4.657413700041622695e-01,1.370318577946272043e-01,4.370024205731684042e-01,6.784925258844527740e-02,1.000542937453982872e-01,2.239694654929981210e-01,1.729648688191625094e-01,2.448045514106316212e-01,4.214409214961176153e-01,3.403108529815416783e-01,5.087575446813884517e-01,3.812385151157635099e-01,2.989014193707217326e-01,2.621483358863449520e-01,3.037004878710495848e-01,2.142565087755513853e-01,4.440085458387344475e-01,1.412245283023246256e-01,3.677510692950380217e-02,4.640865510367094826e-01,6.780698847033991283e-01,1.140130644093412665e-01,-1.494789031949385616e-01,1.226477579475599572e-01,2.538831278371125877e-01,2.150677362662342940e-01
3.114509676430803342e-01,9.190863277191006764e-02,4.714166069914383500e-02,1.000000000000000000e+00,4.901918950148337895e-01,3.849447716440492773e-01,8.477117509038858412e-01,-6.901930644571521167e-01,7.342813565614831894e-01,4.486483492443116283e-01,4.485882078450076360e-02,1.746027434376568044e-02,-6.456675856493953036e-01,6.579131938585915940e-01,-7.525516037578841022e-01,3.756688823519478970e-01,-1.102487705028299819e-01,8.170420179104251890e-01,8.504700714953193907e-01,1.683949534437108875e-01,-8.029357002162234025e-01,-3.130038211871750131e-01,6.189698271411238073e-01,5.754884372575852503e-02,6.992870515073343896e-01,-3.573073230022596469e-01,2.149366160540013837e-01,-6.884053899184469083e-01,1.391704314184985802e-01,2.442714482300999412e-01,-7.774350463542593070e-01,3.066372057853102295e-01,5.977990921745742758e-01,4.502006616679770645e-01,-4.477817675583108947e-01,4.765715813376025789e-02,9.132913098012473974e-02,2.161219628175586605e-01,8.169403045986869394e-01
4.656858725749387085e-01,2.888404903227921872e-01,7.097891893059614654e-01,4.901918950148337895e-01,1.000000000000000000e+00,3.081929811484216963e-01,5.095889246819047536e-01,-7.845684174323772631e-01,6.876458438590521416e-01,6.220714869530317159e-01,1.932818735006297528e-01,2.532805777333597130e-01,-4.031878891252665409e-01,6.986072344936876677e-01,-4.034184539259252911e-01,5.737927971777362357e-01,1.292221370969150185e-01,4.311281963245143234e-01,5.545894372799664573e-01,5.089028641184109060e-03,-2.931995853130140439e-01,-2.676133632414617880e-02,6.200907751262421108e-01,3.235458382830098678e-01,6.642416963896511373e-01,-4.818846731940965022e-02,4.034573624573787876e-01,-2.403948211297977922e-01,3.370263220122929337e-01,4.987362013538788053e-01,-2.102420283765004116e-01,3.873068279447623441e-01,6.494011447572568541e-01,7.635273379481786193e-01,-5.146583805218289676e-02,4.287149616315671929e-02,2.565515534254756425e-01,8.171905878941060353e-02,5.709121516678959951e-01
1.230132012224626759e-01,3.635185643001587197e-01,-7.179103927530190721e-02,3.849447716440492773e-01,3.081929811484216963e-01,1.000000000000000000e+00,3.791994871108864129e-01,-5.392304567536563287e-01,1.399113425338387451e-01,3.276546155828898299e-01,6.947798956391291192e-01,-2.649646622800760909e-01,-1.344444507464651051e-02,3.996935691562594761e-01,-6.325994861037205208e-01,3.017410890123046197e-01,4.907465889313722962e-01,2.931782296027138357e-01,2.287113162232126407e-01,-3.075439367500465426e-01,-5.514603422606297878e-01,-3.539093359052046250e-01,5.048230752612490324e-01,-1.635794801721957570e-01,4.489117154109880659e-01,-3.409612880491771914e-01,3.431919908898028448e-01,-5.766013610143172485e-01,4.604409340319514654e-01,1.868059814229514337e-01,-1.917971986207688551e-01,7.006028532324883873e-01,4.431231229662594417e-01,6.701170337935009880e-02,2.767851412551534107e-01,3.254408705023248416e-01,6.524832727526876930e-01,-4.448418488894328449e-01,2.569162533689538508e-01
4.173032796096142749e-01,2.506430017251414788e-01,1.351245095749510072e-01,8.477117509038858412e-01,5.095889246819047536e-01,3.791994871108864129e-01,1.000000000000000000e+00,-6.816608070539075248e-01,7.127931141696397521e-01,4.344517275448936400e-01,5.571135002021031929e-02,-8.386870235598790913e-02,-5.789354564893978150e-01,6.269149199486103718e-01,-6.724187608353653367e-01,3.966786431448223738e-01,-9.793583671142873370e-02,7.318507823643619625e-01,7.761208109585748804e-01,1.991457898372580859e-01,-6.917287001782256306e-01,-2.265173003523376083e-01,5.489238649580279183e-01,2.318758871668031435e-02,6.241645618483108171e-01,-2.533863919072226190e-01,2.534102484663376953e-01,-6.064477722980111674e-01,2.967387735015065142e-01,3.250805731945211052e-01,-6.951516775799847503e-01,3.682582712942304992e-01,5.517418142232446421e-01,4.668610095866951304e-01,-3.592381047864521282e-01,1.400872045471670824e-01,1.720151257655760935e-01,1.555588994523270097e-01,7.168302102639756423e-01
-3.354760376529259402e-01,-3.072915976497617718e-01,-4.329300860556268837e-01,-6.901930644571521167e-01,-7.845684174323772631e-01,-5.392304567536563287e-01,-6.816608070539075248e-01,1.000000000000000000e+00,-6.521393370369639175e-01,-6.171978099100376980e-01,-3.994727454968989844e-01,-1.382281611876525797e-02,4.006216686721635334e-01,-6.692199278879906732e-01,7.207281631165387559e-01,-5.184158151811112392e-01,-1.392400205201420327e-01,-4.909734436077589637e-01,-6.087096635778872500e-01,5.246769255357019296e-02,6.440074753387755591e-01,2.087229758526377710e-01,-6.733316762578599457e-01,-2.193342415428309045e-01,-7.157070728833409001e-01,3.848724219247922074e-01,-3.659690431788448217e-01,5.907160921763618955e-01,-2.912189699828888201e-01,-3.350762531808820222e-01,3.758813495616953326e-01,-5.486907934952768295e-01,-6.963184929553150049e-01,-6.666630814839562547e-01,1.028330532959457477e-01,-5.174683900806668208e-02,-3.939849074084006975e-01,1.419974513083839263e-01,-7.019855264948449136e-01
5.942800189068453420e-01,2.342426263189765212e-01,4.706082276382165253e-01,7.342813565614831894e-01,6.876458438590521416e-01,1.399113425338387451e-01,7.127931141696397521e-01,-6.521393370369639175e-01,1.000000000000000000e+00,5.985934295024261109e-01,-1.278556475688580607e-01,3.401295090545433664e-01,-6.383822502286491396e-01,7.568102244403717149e-01,-4.306277315999268995e-01,5.643270496459978913e-01,-1.001582898036838115e-01,7.370413653661217479e-01,8.171546825005079340e-01,2.670382553901589073e-01,-4.442528243100744012e-01,1.078666257784479526e-02,6.534888747806616438e-01,3.344667829768943612e-01,7.193087766313679410e-01,3.300527209408429807e-02,3.645275630803592737e-01,-2.976535224234175825e-01,2.809588379630763022e-01,5.357356257887581075e-01,-5.587494200356896146e-01,2.283604360921626109e-01,6.267095337168289149e-01,7.149369199442958678e-01,-3.550978060872683750e-01,-4.185613597607221181e-02,4.463533714187270518e-02,4.226207690119312965e-01,7.775593172331767278e-01
5.534109126569264347e-01,5.213535048454358556e-01,4.306096332903825430e-01,4.486483492443116283e-01,6.220714869530317159e-01,3.276546155828898299e-01,4.344517275448936400e-01,-6.171978099100376980e-01,5.985934295024261109e-01,1.000000000000000000e+00,2.491666082215776290e-01,1.434296237586985823e-01,-3.541290861699398218e-01,5.747147751543760785e-01,-4.461864095630065918e-01,8.528799309479812019e-01,1.666122046883771746e-01,3.970574482167090191e-01,5.444992101420426112e-01,1.029673842614372420e-01,-3.457146084104506523e-01,-4.562692260611118239e-02,6.780213156280692210e-01,3.353171925616307836e-01,6.998503720276684215e-01,1.421748697685537403e-02,4.685605527697762063e-01,-2.402800910279580537e-01,3.507836095284550537e-01,5.945667700161478830e-01,-1.351460116305823189e-01,4.470241652774141206e-01,5.628243080014676547e-01,5.012046447535463134e-01,1.694350604872216573e-02,1.534186147591242444e-01,3.479108950683747481e-01,-3.380523805923473651e-02,5.235153319155606555e-01
-9.428993879886912732e-02,3.355863067605994732e-01,-8.533619003250035584e-02,4.485882078450076360e-02,1.932818735006297528e-01,6.947798956391291192e-01,5.571135002021031929e-02,-3.994727454968989844e-01,-1.278556475688580607e-01,2.491666082215776290e-01,1.000000000000000000e+00,-2.760828614731369868e-01,3.022160314494397038e-01,1.109134799099333879e-01,-4.745630303366490388e-01,1.960891973426608925e-01,6.190660171587645255e-01,-1.250673188922447332e-01,-1.177056962922327088e-01,-4.846085895061726934e-01,-3.524408615408183287e-01,-3.017799390770015133e-01,2.350165650566929942e-01,-1.218550980737154177e-01,1.485017270153186353e-01,-3.813628866256019712e-01,3.043168752953882006e-01,-3.952289903187349851e-01,2.882867143037447510e-01,4.588304172773888245e-02,2.527776545003911357e-01,6.596562349570294082e-01,2.702979898764870104e-01,5.701056265057448565e-03,4.382006556474645764e-01,2.818054641387902071e-01,6.452377006929062020e-01,-7.032546678626513392e-01,4.236544917859992598e-02
1.663750011027264053e-01,-1.045626084518224141e-01,3.932946152005066254e-01,1.746027434376568044e-02,2.532805777333597130e-01,-2.649646622800760909e-01,-8.386870235598790913e-02,-1.382281611876525797e-02,3.401295090545433664e-01,1.434296237586985823e-01,-2.760828614731369868e-01,1.000000000000000000e+00,-1.410083311485978708e-01,2.958222738923486084e-01,2.590585033853036179e-01,1.198843822023475114e-01,-1.240725044891130974e-01,1.768557971769787740e-01,1.987582415808998026e-01,1.215259344281208187e-01,1.918347559457329599e-01,2.431852339258330775e-01,1.776537990291685576e-01,4.268478614204106458e-01,1.629394881962030750e-01,2.784632657705690684e-01,2.530789616942673570e-01,2.993103874423449495e-01,-5.938435548085105320e-02,1.651913936199063127e-01,1.979975702950913935e-02,-1.638258061384952058e-01,2.014357624136464964e-01,4.162983651156367815e-01,-1.375986068611673996e-01,-1.671755205532175492e-01,-2.489312263235432254e-01,3.990150155586542624e-01,2.675036116896853944e-01
-3.220488184086764960e-01,2.004286042272163462e-02,-2.139073006355188267e-01,-6.456675856493953036e-01,-4.031878891252665409e-01,-1.344444507464651051e-02,-5.789354564893978150e-01,4.006216686721635334e-01,-6.383822502286491396e-01,-3.541290861699398218e-01,3.022160314494397038e-01,-1.410083311485978708e-01,1.000000000000000000e+00,-5.737539757465147661e-01,3.243847602497021976e-01,-3.313608573011200265e-01,1.631139849900749006e-01,-7.100328384409209104e-01,-7.254872484037507840e-01,-4.385132050736417764e-01,4.006646350712608218e-01,1.670782837683064959e-01,-5.154558143760138433e-01,-2.713861949001074581e-01,-5.621689903676053701e-01,3.575770937425715862e-03,-9.702727564458905885e-02,2.831246200397757873e-01,1.590535885159363033e-02,-2.641026814866964112e-01,6.302823082118231834e-01,-6.732324407526133966e-03,-3.876534496764412752e-01,-4.152308809757840891e-01,4.696191423979295676e-01,4.563002671826957984e-02,1.975495799834213750e-01,-5.016843640861138320e-01,-5.503138720038912579e-01
4.860131389540182645e-01,2.208583766388113045e-01,4.657413700041622695e-01,6.579131938585915940e-01,6.986072344936876677e-01,3.996935691562594761e-01,6.269149199486103718e-01,-6.692199278879906732e-01,7.568102244403717149e-01,5.747147751543760785e-01,1.109134799099333879e-01,2.958222738923486084e-01,-5.737539757465147661e-01,1.000000000000000000e+00,-4.615178710354401748e-01,5.515794082692363487e-01,1.592375705495531202e-01,7.166037194370079577e-01,7.005219998741485377e-01,7.124043480080123614e-02,-4.497688215272838130e-01,-3.049282872053907939e-02,7.434429338109940222e-01,3.997162126211753486e-01,7.676247429201007444e-01,6.087141691640060234e-03,4.248154778853562297e-01,-3.211661022996094572e-01,3.676916113310801371e-01,5.278172725799226139e-01,-4.773367523549912339e-01,3.514928835965223652e-01,7.311584487411554312e-01,6.230084489989412555e-01,-1.414943842654561024e-01,1.236339055705918538e-01,2.361482112347693396e-01,2.282994605111196840e-01,6.181250116416242557e-01
-9.383270104855498395e-02,-2.128954112103258745e-01,1.370318577946272043e-01,-7.525516037578841022e-01,-4.034184539259252911e-01,-6.325994861037205208e-01,-6.724187608353653367e-01,7.207281631165387559e-01,-4.306277315999268995e-01,-4.461864095630065918e-01,-4.745630303366490388e-01,2.590585033853036179e-01,3.243847602497021976e-01,-4.615178710354401748e-01,1.000000000000000000e+00,-3.394217536995960960e-01,-1.182281121673879887e-01,-5.291218579100712693e-01,-5.672157540718265611e-01,1.823876259424809521e-01,8.667049080370482494e-01,5.392401822148024104e-01,-5.469382718788378117e-01,1.087209332436063075e-01,-5.728507143129767387e-01,6.118045149943615035e-01,-2.136951780132112511e-01,8.557884520822166552e-01,-1.730907711620718603e-01,-1.331299761289122252e-01,5.041401050742814194e-01,-5.433463993499235700e-01,-4.950457533824221268e-01,-2.381642050874140104e-01,1.799544916648873616e-01,-1.868080654652724548e-01,-3.555651086994494059e-01,2.605699659142078906e-01,-6.720611618344195515e-01
6.266328311257871597e-01,5.586809675473296544e-01,4.370024205731684042e-01,3.756688823519478970e-01,5.737927971777362357e-01,3.017410890123046197e-01,3.966786431448223738e-01,-5.184158151811112392e-01,5.643270496459978913e-01,8.528799309479812019e-01,1.960891973426608925e-01,1.198843822023475114e-01,-3.313608573011200265e-01,5.515794082692363487e-01,-3.394217536995960960e-01,1.000000000000000000e+00,2.359894437530032918e-01,4.164176567340686086e-01,5.104569895559442072e-01,1.166404584431326025e-01,-2.384409065965576724e-01,-4.269694523824807408e-02,6.196240999472876210e-01,2.722294425342186019e-01,6.177631283119735528e-01,1.581787302950342367e-01,4.420313444121805602e-01,-1.493715742701709204e-01,4.021083477041813570e-01,6.842372011053733383e-01,-1.431767178985737521e-01,4.301274996798083450e-01,4.892393837032740223e-01,4.114751479138397117e-01,2.079674692785480825e-02,1.996561465206985464e-01,3.093409849310972404e-01,6.698989683044288823e-02,4.149549173733600438e-01
5.545392075986071284e-02,2.242746874340217078e-01,6.784925258844527740e-02,-1.102487705028299819e-01,1.292221370969150185e-01,4.907465889313722962e-01,-9.793583671142873370e-02,-1.392400205201420327e-01,-1.001582898036838115e-01,1.666122046883771746e-01,6.190660171587645255e-01,-1.240725044891130974e-01,1.631139849900749006e-01,1.592375705495531202e-01,-1.182281121673879887e-01,2.359894437530032918e-01,1.000000000000000000e+00,-3.419617546883481352e-02,-1.117900102442597743e-01,-3.645783865732022400e-01,-2.704833180739224519e-02,-1.242982067980815813e-01,1.993922465953457679e-01,-5.980727062197053329e-02,7.508507256613455860e-02,6.444599143929802265e-02,2.667202391699228792e-01,-1.256762436879810090e-02,2.817719515750110593e-01,1.740292289392267877e-01,2.657684134404614262e-01,4.110588790567723527e-01,2.298968332653389957e-01,-5.352717261007033933e-02,4.309942438004283338e-01,2.170556981754235837e-01,4.445400659899889639e-01,-2.531776821554213575e-01,-1.373074010559657832e-01
3.803475958902529097e-01,3.594463685309971096e-02,1.000542937453982872e-01,8.170420179104251890e-01,4.311281963245143234e-01,2.931782296027138357e-01,7.318507823643619625e-01,-4.909734436077589637e-01,7.370413653661217479e-01,3.970574482167090191e-01,-1.250673188922447332e-01,1.768557971769787740e-01,-7.100328384409209104e-01,7.166037194370079577e-01,-5.291218579100712693e-01,4.164176567340686086e-01,-3.419617546883481352e-02,1.000000000000000000e+00,8.665917034145034226e-01,2.397519344787998885e-01,-5.890782119408134454e-01,-2.591608359160474939e-01,5.897489846071429787e-01,7.868999608675121549e-02,6.448751723700892891e-01,-4.210188423764096854e-02,2.438803072724072818e-01,-4.626799386075944320e-01,1.592847508273097512e-01,3.666617783617019399e-01,-7.708988849595702630e-01,1.930206841200916013e-01,5.370062667704256221e-01,3.405618123507036521e-01,-4.263755690379223418e-01,1.229272546599389088e-01,-5.422769103498859683e-02,4.771298882021410281e-01,6.902856172305875671e-01
4.049287807523092031e-01,7.355208438370991475e-02,2.239694654929981210e-01,8.504700714953193907e-01,5.545894372799664573e-01,2.287113162232126407e-01,7.761208109585748804e-01,-6.087096635778872500e-01,8.171546825005079340e-01,5.444992101420426112e-01,-1.177056962922327088e-01,1.987582415808998026e-01,-7.254872484037507840e-01,7.005219998741485377e-01,-5.672157540718265611e-01,5.104569895559442072e-01,-1.117900102442597743e-01,8.665917034145034226e-01,1.000000000000000000e+00,3.095323527875139535e-01,-6.141630637805822746e-01,-2.321011790341566683e-01,6.349208876057840234e-01,1.584008933759344095e-01,7.244471732965882538e-01,-1.250541447475857215e-01,2.386450699144479770e-01,-4.772645986746946734e-01,1.280655071797392741e-01,3.874538869129348639e-01,-7.101744772505691472e-01,2.004672109303227978e-01,6.022825487852685455e-01,4.784207873085525309e-01,-4.529483269431077708e-01,3.787710471719768490e-02,-3.521005252767293175e-02,4.409619526488808283e-01,8.010509741042123322e-01
2.589922415305186409e-01,-2.975633183350457830e-02,1.729648688191625094e-01,1.683949534437108875e-01,5.089028641184109060e-03,-3.075439367500465426e-01,1.991457898372580859e-01,5.246769255357019296e-02,2.670382553901589073e-01,1.029673842614372420e-01,-4.846085895061726934e-01,1.215259344281208187e-01,-4.385132050736417764e-01,7.124043480080123614e-02,1.823876259424809521e-01,1.166404584431326025e-01,-3.645783865732022400e-01,2.397519344787998885e-01,3.095323527875139535e-01,1.000000000000000000e+00,6.882611898893542524e-02,2.348660056839352861e-01,3.902119256027270638e-02,1.412681994154774134e-01,1.104733679196238799e-01,2.754752985205776716e-01,-1.418829028072686287e-02,1.928364651934683094e-01,9.651619161022297446e-04,6.461108970753533243e-02,-2.747297071834449156e-01,-2.119645491410774296e-01,2.894030901996553704e-02,1.744004405238495370e-01,-2.559422382370738491e-01,-2.107718425170435617e-01,-2.243283508636673695e-01,4.329781755405573418e-01,1.258896052461436765e-01
-5.820926083964653858e-02,-1.159255544176100300e-01,2.448045514106316212e-01,-8.029357002162234025e-01,-2.931995853130140439e-01,-5.514603422606297878e-01,-6.917287001782256306e-01,6.440074753387755591e-01,-4.442528243100744012e-01,-3.457146084104506523e-01,-3.524408615408183287e-01,1.918347559457329599e-01,4.006646350712608218e-01,-4.497688215272838130e-01,8.667049080370482494e-01,-2.384409065965576724e-01,-2.704833180739224519e-02,-5.890782119408134454e-01,-6.141630637805822746e-01,6.882611898893542524e-02,1.000000000000000000e+00,4.869143789288509772e-01,-5.185802054390062921e-01,7.105047726534925723e-02,-5.505575678680437735e-01,6.076214110587205841e-01,-1.423628165311519311e-01,8.581881990631757828e-01,-7.964794440914843565e-02,-4.421469823858729942e-02,6.257657853070929255e-01,-4.433480357044684572e-01,-4.756329529761705310e-01,-2.284761731661152095e-01,3.311566410705575336e-01,-9.040109905628504472e-02,-2.043129587676982828e-01,1.642656768503038267e-01,-6.763594877019170060e-01
1.407418981540924374e-01,-6.629754594202304230e-02,4.214409214961176153e-01,-3.130038211871750131e-01,-2.676133632414617880e-02,-3.539093359052046250e-01,-2.265173003523376083e-01,2.087229758526377710e-01,1.078666257784479526e-02,-4.562692260611118239e-02,-3.017799390770015133e-01,2.431852339258330775e-01,1.670782837683064959e-01,-3.049282872053907939e-02,5.392401822148024104e-01,-4.269694523824807408e-02,-1.242982067980815813e-01,-2.591608359160474939e-01,-2.321011790341566683e-01,2.348660056839352861e-01,4.869143789288509772e-01,1.000000000000000000e+00,-1.007373139881030943e-01,3.587765464150850514e-01,-7.334488657744829554e-02,4.097257293975343773e-01,-5.816110900878951329e-02,6.232771943973594020e-01,2.721386052252412757e-02,2.630465726396889400e-02,3.161897501228105867e-01,-3.388206739091322306e-01,8.575750054142018686e-02,1.989410577570972782e-01,1.760067688901472971e-01,-3.289764046140414844e-01,-4.158294741606548273e-02,2.503015279240334845e-01,-2.328647089772925283e-01
4.733378621890482196e-01,3.369001199266845048e-01,3.403108529815416783e-01,6.189698271411238073e-01,6.200907751262421108e-01,5.048230752612490324e-01,5.489238649580279183e-01,-6.733316762578599457e-01,6.534888747806616438e-01,6.780213156280692210e-01,2.350165650566929942e-01,1.776537990291685576e-01,-5.154558143760138433e-01,7.434429338109940222e-01,-5.469382718788378117e-01,6.196240999472876210e-01,1.993922465953457679e-01,5.897489846071429787e-01,6.349208876057840234e-01,3.902119256027270638e-02,-5.185802054390062921e-01,-1.007373139881030943e-01,1.000000000000000000e+00,3.860965529848394140e-01,8.691652235604473420e-01,-1.120740785369882669e-01,4.003140200576110752e-01,-4.062820059840960285e-01,3.353539282791319076e-01,4.311804721962163023e-01,-3.847367134818199252e-01,4.407435404783728861e-01,6.454704433894944415e-01,5.137151822376181398e-01,-7.886275724304971091e-02,7.172821459567796376e-02,3.119973755901597756e-01,7.182719163109270444e-02,6.310979601067633338e-01
2.475679128048536848e-01,8.261932811129218956e-02,5.087575446813884517e-01,5.754884372575852503e-02,3.235458382830098678e-01,-1.635794801721957570e-01,2.318758871668031435e-02,-2.193342415428309045e-01,3.344667829768943612e-01,3.353171925616307836e-01,-1.218550980737154177e-01,4.268478614204106458e-01,-2.713861949001074581e-01,3.997162126211753486e-01,1.087209332436063075e-01,2.722294425342186019e-01,-5.980727062197053329e-02,7.868999608675121549e-02,1.584008933759344095e-01,1.412681994154774134e-01,7.105047726534925723e-02,3.587765464150850514e-01,3.860965529848394140e-01,1.000000000000000000e+00,4.018580736658470820e-01,1.510393108779250482e-01,2.181980452256523928e-01,1.855086794610060485e-01,-1.828381806118963265e-03,2.362190607911152374e-01,5.764594065956488156e-02,-4.814459562430319084e-02,3.824333068203547015e-01,4.917097935292306099e-01,1.418843664613674005e-02,-2.562787102013044382e-01,-2.596009947112859137e-02,1.967929645618564094e-01,2.000699080025181986e-01
4.753575435236143676e-01,2.648427532576150822e-01,3.812385151157635099e-01,6.992870515073343896e-01,6.642416963896511373e-01,4.489117154109880659e-01,6.241645618483108171e-01,-7.157070728833409001e-01,7.193087766313679410e-01,6.998503720276684215e-01,1.485017270153186353e-01,1.629394881962030750e-01,-5.621689903676053701e-01,7.676247429201007444e-01,-5.728507143129767387e-01,6.177631283119735528e-01,7.508507256613455860e-02,6.448751723700892891e-01,7.244471732965882538e-01,1.104733679196238799e-01,-5.505575678680437735e-01,-7.334488657744829554e-02,8.691652235604473420e-01,4.018580736658470820e-01,1.000000000000000000e+00,-1.520272619835440486e-01,3.471069852028205727e-01,-4.196347618760818965e-01,2.782252752872098056e-01,4.449635032883264008e-01,-4.524766206929080603e-01,3.652963273558968993e-01,7.206901541460855043e-01,5.648672086425576833e-01,-1.212099115275324934e-01,5.493314762727305803e-03,2.546631253044139287e-01,1.517832498975173749e-01,6.908933280240470154e-01
4.673519040807488367e-01,2.046075518546079941e-01,2.989014193707217326e-01,-3.573073230022596469e-01,-4.818846731940965022e-02,-3.409612880491771914e-01,-2.533863919072226190e-01,3.848724219247922074e-01,3.300527209408429807e-02,1.421748697685537403e-02,-3.813628866256019712e-01,2.784632657705690684e-01,3.575770937425715862e-03,6.087141691640060234e-03,6.118045149943615035e-01,1.581787302950342367e-01,6.444599143929802265e-02,-4.210188423764096854e-02,-1.250541447475857215e-01,2.754752985205776716e-01,6.076214110587205841e-01,4.097257293975343773e-01,-1.120740785369882669e-01,1.510393108779250482e-01,-1.520272619835440486e-01,1.000000000000000000e+00,3.441195236399334778e-01,7.015132789931680657e-01,3.237242112071765932e-01,3.161820910732280887e-01,2.252184724156587325e-01,-1.010541585350128030e-01,-2.107059643043688313e-01,5.319412959066262964e-02,1.505347295375084049e-01,4.780762783291388207e-02,-1.306263719942842849e-01,3.933680800970545954e-01,-3.495827719678900047e-01
5.205677719116384994e-01,5.032856638227167778e-01,2.621483358863449520e-01,2.149366160540013837e-01,4.034573624573787876e-01,3.431919908898028448e-01,2.534102484663376953e-01,-3.659690431788448217e-01,3.645275630803592737e-01,4.685605527697762063e-01,3.043168752953882006e-01,2.530789616942673570e-01,-9.702727564458905885e-02,4.248154778853562297e-01,-2.136951780132112511e-01,4.420313444121805602e-01,2.667202391699228792e-01,2.438803072724072818e-01,2.386450699144479770e-01,-1.418829028072686287e-02,-1.423628165311519311e-01,-5.816110900878951329e-02,4.003140200576110752e-01,2.181980452256523928e-01,3.471069852028205727e-01,3.441195236399334778e-01,1.000000000000000000e+00,-6.071946989198369338e-02,5.642744341046536105e-01,3.619365900020308779e-01,-4.433679873029807567e-02,5.970049589079557961e-01,2.811602045568630803e-01,4.417862102208398034e-01,2.323911901665808022e-01,2.730818139932554289e-01,3.801495008134346265e-01,-9.766068576602887630e-02,2.728690539152602290e-01
4.606554961292290418e-02,-1.429409944862465309e-01,3.037004878710495848e-01,-6.884053899184469083e-01,-2.403948211297977922e-01,-5.766013610143172485e-01,-6.064477722980111674e-01,5.907160921763618955e-01,-2.976535224234175825e-01,-2.402800910279580537e-01,-3.952289903187349851e-01,2.993103874423449495e-01,2.831246200397757873e-01,-3.211661022996094572e-01,8.557884520822166552e-01,-1.493715742701709204e-01,-1.256762436879810090e-02,-4.626799386075944320e-01,-4.772645986746946734e-01,1.928364651934683094e-01,8.581881990631757828e-01,6.232771943973594020e-01,-4.062820059840960285e-01,1.855086794610060485e-01,-4.196347618760818965e-01,7.015132789931680657e-01,-6.071946989198369338e-02,1.000000000000000000e+00,-6.670956387713954105e-02,-3.960293094453385537e-02,5.835726229560327383e-01,-4.299879918337842777e-01,-3.422548719435762332e-01,-9.087347924834864032e-02,2.499715496423212668e-01,-2.384554123114762114e-01,-2.590064684863185862e-01,2.756520797200540107e-01,-5.653708361848910346e-01
6.114004861736598295e-01,6.798804497511592437e-01,2.142565087755513853e-01,1.391704314184985802e-01,3.370263220122929337e-01,4.604409340319514654e-01,2.967387735015065142e-01,-2.912189699828888201e-01,2.809588379630763022e-01,3.507836095284550537e-01,2.882867143037447510e-01,-5.938435548085105320e-02,1.590535885159363033e-02,3.676916113310801371e-01,-1.730907711620718603e-01,4.021083477041813570e-01,2.817719515750110593e-01,1.592847508273097512e-01,1.280655071797392741e-01,9.651619161022297446e-04,-7.964794440914843565e-02,2.721386052252412757e-02,3.353539282791319076e-01,-1.828381806118963265e-03,2.782252752872098056e-01,3.237242112071765932e-01,5.642744341046536105e-01,-6.670956387713954105e-02,1.000000000000000000e+00,4.893979855966337777e-01,-3.560179786520963063e-02,6.647251221857281012e-01,2.193426878210156528e-01,2.886942190763379101e-01,3.761794571898899875e-01,2.658239567378187229e-01,6.190195960959906651e-01,-2.078272206570178082e-01,5.303751203262494635e-02
6.867365788397656878e-01,5.403351885371491248e-01,4.440085458387344475e-01,2.442714482300999412e-01,4.987362013538788053e-01,1.868059814229514337e-01,3.250805731945211052e-01,-3.350762531808820222e-01,5.357356257887581075e-01,5.945667700161478830e-01,4.588304172773888245e-02,1.651913936199063127e-01,-2.641026814866964112e-01,5.278172725799226139e-01,-1.331299761289122252e-01,6.842372011053733383e-01,1.740292289392267877e-01,3.666617783617019399e-01,3.874538869129348639e-01,6.461108970753533243e-02,-4.421469823858729942e-02,2.630465726396889400e-02,4.311804721962163023e-01,2.362190607911152374e-01,4.449635032883264008e-01,3.161820910732280887e-01,3.619365900020308779e-01,-3.960293094453385537e-02,4.893979855966337777e-01,1.000000000000000000e+00,-1.808042340176010121e-01,2.515009292118898232e-01,3.808597201425923395e-01,3.634082014823830642e-01,5.711303693936362058e-02,3.729704768173257579e-01,2.614765409756487635e-01,1.683484855577702666e-01,2.266324206756089865e-01
-2.554459887771958759e-01,8.939986336567630129e-03,1.412245283023246256e-01,-7.774350463542593070e-01,-2.102420283765004116e-01,-1.917971986207688551e-01,-6.951516775799847503e-01,3.758813495616953326e-01,-5.587494200356896146e-01,-1.351460116305823189e-01,2.527776545003911357e-01,1.979975702950913935e-02,6.302823082118231834e-01,-4.773367523549912339e-01,5.041401050742814194e-01,-1.431767178985737521e-01,2.657684134404614262e-01,-7.708988849595702630e-01,-7.101744772505691472e-01,-2.747297071834449156e-01,6.257657853070929255e-01,3.161897501228105867e-01,-3.847367134818199252e-01,5.764594065956488156e-02,-4.524766206929080603e-01,2.252184724156587325e-01,-4.433679873029807567e-02,5.835726229560327383e-01,-3.560179786520963063e-02,-1.808042340176010121e-01,1.000000000000000000e+00,-4.331426140604594660e-02,-2.857683131870351612e-01,-2.149972015619903976e-01,5.436566965120775974e-01,-1.238451269274130906e-01,1.489145550459966549e-01,-3.750080109031881381e-01,-5.724736812654430684e-01
3.567976694980770636e-01,6.297941130775097651e-01,3.677510692950380217e-02,3.066372057853102295e-01,3.873068279447623441e-01,7.006028532324883873e-01,3.682582712942304992e-01,-5.486907934952768295e-01,2.283604360921626109e-01,4.470241652774141206e-01,6.596562349570294082e-01,-1.638258061384952058e-01,-6.732324407526133966e-03,3.514928835965223652e-01,-5.433463993499235700e-01,4.301274996798083450e-01,4.110588790567723527e-01,1.930206841200916013e-01,2.004672109303227978e-01,-2.119645491410774296e-01,-4.433480357044684572e-01,-3.388206739091322306e-01,4.407435404783728861e-01,-4.814459562430319084e-02,3.652963273558968993e-01,-1.010541585350128030e-01,5.970049589079557961e-01,-4.299879918337842777e-01,6.647251221857281012e-01,2.515009292118898232e-01,-4.331426140604594660e-02,1.000000000000000000e+00,3.165448354157477939e-01,2.601244018368218947e-01,3.054117604599838609e-01,3.014883645315156735e-01,6.674611266902906737e-01,-4.993796342667169985e-01,2.499313130594306986e-01
2.847689968346434064e-01,1.048550854916605324e-01,4.640865510367094826e-01,5.977990921745742758e-01,6.494011447572568541e-01,4.431231229662594417e-01,5.517418142232446421e-01,-6.963184929553150049e-01,6.267095337168289149e-01,5.628243080014676547e-01,2.702979898764870104e-01,2.014357624136464964e-01,-3.876534496764412752e-01,7.311584487411554312e-01,-4.950457533824221268e-01,4.892393837032740223e-01,2.298968332653389957e-01,5.370062667704256221e-01,6.022825487852685455e-01,2.894030901996553704e-02,-4.756329529761705310e-01,8.575750054142018686e-02,6.454704433894944415e-01,3.824333068203547015e-01,7.206901541460855043e-01,-2.107059643043688313e-01,2.811602045568630803e-01,-3.422548719435762332e-01,2.193426878210156528e-01,3.808597201425923395e-01,-2.857683131870351612e-01,3.165448354157477939e-01,1.000000000000000000e+00,5.657964792117656794e-01,3.980130842423704185e-02,-8.040040383959318193e-02,3.766340067527755853e-01,1.220829350944824115e-01,6.060829403463088294e-01
4.841254776591287778e-01,2.558863360431908318e-01,6.780698847033991283e-01,4.502006616679770645e-01,7.635273379481786193e-01,6.701170337935009880e-02,4.668610095866951304e-01,-6.666630814839562547e-01,7.149369199442958678e-01,5.012046447535463134e-01,5.701056265057448565e-03,4.162983651156367815e-01,-4.152308809757840891e-01,6.230084489989412555e-01,-2.381642050874140104e-01,4.114751479138397117e-01,-5.352717261007033933e-02,3.405618123507036521e-01,4.784207873085525309e-01,1.744004405238495370e-01,-2.284761731661152095e-01,1.989410577570972782e-01,5.137151822376181398e-01,4.917097935292306099e-01,5.648672086425576833e-01,5.319412959066262964e-02,4.417862102208398034e-01,-9.087347924834864032e-02,2.886942190763379101e-01,3.634082014823830642e-01,-2.149972015619903976e-01,2.601244018368218947e-01,5.657964792117656794e-01,1.000000000000000000e+00,-1.369541107472789510e-01,-1.730063336054271372e-01,1.584555904285815109e-01,1.464350198379160695e-01,5.578708149977659181e-01
-3.799506006246679973e-02,2.106392474811277504e-01,1.140130644093412665e-01,-4.477817675583108947e-01,-5.146583805218289676e-02,2.767851412551534107e-01,-3.592381047864521282e-01,1.028330532959457477e-01,-3.550978060872683750e-01,1.694350604872216573e-02,4.382006556474645764e-01,-1.375986068611673996e-01,4.696191423979295676e-01,-1.414943842654561024e-01,1.799544916648873616e-01,2.079674692785480825e-02,4.309942438004283338e-01,-4.263755690379223418e-01,-4.529483269431077708e-01,-2.559422382370738491e-01,3.311566410705575336e-01,1.760067688901472971e-01,-7.886275724304971091e-02,1.418843664613674005e-02,-1.212099115275324934e-01,1.505347295375084049e-01,2.323911901665808022e-01,2.499715496423212668e-01,3.761794571898899875e-01,5.711303693936362058e-02,5.436566965120775974e-01,3.054117604599838609e-01,3.980130842423704185e-02,-1.369541107472789510e-01,1.000000000000000000e+00,1.590274147254896187e-01,6.180256830254469147e-01,-3.934992172833233215e-01,-4.141429071741943302e-01
1.962615797303546294e-01,4.018632402377733115e-01,-1.494789031949385616e-01,4.765715813376025789e-02,4.287149616315671929e-02,3.254408705023248416e-01,1.400872045471670824e-01,-5.174683900806668208e-02,-4.185613597607221181e-02,1.534186147591242444e-01,2.818054641387902071e-01,-1.671755205532175492e-01,4.563002671826957984e-02,1.236339055705918538e-01,-1.868080654652724548e-01,1.996561465206985464e-01,2.170556981754235837e-01,1.229272546599389088e-01,3.787710471719768490e-02,-2.107718425170435617e-01,-9.040109905628504472e-02,-3.289764046140414844e-01,7.172821459567796376e-02,-2.562787102013044382e-01,5.493314762727305803e-03,4.780762783291388207e-02,2.730818139932554289e-01,-2.384554123114762114e-01,2.658239567378187229e-01,3.729704768173257579e-01,-1.238451269274130906e-01,3.014883645315156735e-01,-8.040040383959318193e-02,-1.730063336054271372e-01,1.590274147254896187e-01,1.000000000000000000e+00,2.555982133276161750e-01,-1.970675176945092533e-01,-7.635045961448083673e-02
2.186651642827448228e-01,4.931110927371306074e-01,1.226477579475599572e-01,9.132913098012473974e-02,2.565515534254756425e-01,6.524832727526876930e-01,1.720151257655760935e-01,-3.939849074084006975e-01,4.463533714187270518e-02,3.479108950683747481e-01,6.452377006929062020e-01,-2.489312263235432254e-01,1.975495799834213750e-01,2.361482112347693396e-01,-3.555651086994494059e-01,3.093409849310972404e-01,4.445400659899889639e-01,-5.422769103498859683e-02,-3.521005252767293175e-02,-2.243283508636673695e-01,-2.043129587676982828e-01,-4.158294741606548273e-02,3.119973755901597756e-01,-2.596009947112859137e-02,2.546631253044139287e-01,-1.306263719942842849e-01,3.801495008134346265e-01,-2.590064684863185862e-01,6.190195960959906651e-01,2.614765409756487635e-01,1.489145550459966549e-01,6.674611266902906737e-01,3.766340067527755853e-01,1.584555904285815109e-01,6.180256830254469147e-01,2.555982133276161750e-01,1.000000000000000000e+00,-5.227362367400184562e-01,4.435799483367305895e-02
2.053237418998566655e-01,-3.373871840631736951e-01,2.538831278371125877e-01,2.161219628175586605e-01,8.171905878941060353e-02,-4.448418488894328449e-01,1.555588994523270097e-01,1.419974513083839263e-01,4.226207690119312965e-01,-3.380523805923473651e-02,-7.032546678626513392e-01,3.990150155586542624e-01,-5.016843640861138320e-01,2.282994605111196840e-01,2.605699659142078906e-01,6.698989683044288823e-02,-2.531776821554213575e-01,4.771298882021410281e-01,4.409619526488808283e-01,4.329781755405573418e-01,1.642656768503038267e-01,2.503015279240334845e-01,7.182719163109270444e-02,1.967929645618564094e-01,1.517832498975173749e-01,3.933680800970545954e-01,-9.766068576602887630e-02,2.756520797200540107e-01,-2.078272206570178082e-01,1.683484855577702666e-01,-3.750080109031881381e-01,-4.993796342667169985e-01,1.220829350944824115e-01,1.464350198379160695e-01,-3.934992172833233215e-01,-1.970675176945092533e-01,-5.227362367400184562e-01,1.000000000000000000e+00,2.427236384892414722e-01
2.787893857573262024e-01,5.593877652501730996e-02,2.150677362662342940e-01,8.169403045986869394e-01,5.709121516678959951e-01,2.569162533689538508e-01,7.168302102639756423e-01,-7.019855264948449136e-01,7.775593172331767278e-01,5.235153319155606555e-01,4.236544917859992598e-02,2.675036116896853944e-01,-5.503138720038912579e-01,6.181250116416242557e-01,-6.720611618344195515e-01,4.149549173733600438e-01,-1.373074010559657832e-01,6.902856172305875671e-01,8.010509741042123322e-01,1.258896052461436765e-01,-6.763594877019170060e-01,-2.328647089772925283e-01,6.310979601067633338e-01,2.000699080025181986e-01,6.908933280240470154e-01,-3.495827719678900047e-01,2.728690539152602290e-01,-5.653708361848910346e-01,5.303751203262494635e-02,2.266324206756089865e-01,-5.724736812654430684e-01,2.499313130594306986e-01,6.060829403463088294e-01,5.578708149977659181e-01,-4.141429071741943302e-01,-7.635045961448083673e-02,4.435799483367305895e-02,2.427236384892414722e-01,1.000000000000000000e+00
