1.000000000000000000e+00,6.162968149801765216e-01,4.486609627378115861e-01,-4.909638598902670847e-01,5.497785926643774523e-01,-1.173802625915235098e-01,1.605780614434653142e-01,-4.246963462905190556e-01,6.331970500306599581e-01,5.880985145429332706e-01,-3.616744077011333491e-01,1.940173812385267427e-01,-4.075729487321138045e-01,-1.210774720747817973e-01,6.292858541562401653e-01,7.756182526177470837e-01,-1.240319942284415361e-01,-2.561055184617559433e-01,6.266687356821878940e-02,4.041221387563371237e-01,2.198555981642311696e-01,-2.861101095853971557e-02,-1.810840762623531011e-02,1.425998739281486571e-01,3.078775160075430395e-01,6.035799137418925708e-01,3.432853002658909358e-01,4.625585109745232182e-01,3.520406402105276111e-01,5.581669746772028873e-01,7.560950459914855815e-02,1.499021728928960628e-01,-1.349500353954699583e-01,3.544695828560931461e-01,5.608869720873412845e-01,6.373114225785289078e-01,5.993616338872272964e-01,5.821792888474349725e-01,-1.828042999403766689e-01
6.162968149801765216e-01,1.000000000000000000e+00,2.747335977813072927e-01,-4.135090884233851710e-02,3.676454117496941731e-01,-3.244574729303582594e-01,4.265482721597044780e-01,-2.805238427038762028e-01,6.341015952962771873e-01,7.374127068507096983e-01,-1.726191580238345957e-01,3.761002163353635019e-01,4.182514145338310507e-02,-7.028716742534860118e-02,5.935940455799948445e-01,5.754617626777923656e-01,-6.620849820852466039e-02,1.028733294526204683e-01,3.496756047983948790e-01,1.860141902702734384e-01,9.129577868223154660e-03,1.022063854710095893e-01,-2.247737499544057438e-01,1.553192811498869952e-01,2.246592829715790829e-01,2.743518028631752870e-01,4.311413741541931244e-01,9.103532157720901907e-02,1.259949563205008671e-01,6.104990724732651808e-01,3.399278520447075458e-01,3.810659982760446485e-01,-1.152601297753262782e-01,4.637579796870389126e-01,6.655922170967809581e-01,4.957974761272601616e-01,4.755874922560357487e-01,6.523798205972882736e-01,2.077274413517682106e-01
4.486609627378115861e-01,2.747335977813072927e-01,1.000000000000000000e+00,-5.705934478886449668e-01,7.346325553755109761e-01,3.656128493886282582e-01,1.337834637135468518e-01,-9.129469725054298879e-01,4.147106197555489593e-01,2.554048939292703491e-01,1.740196506346584071e-01,1.062404889016834858e-01,-4.145249077578399000e-01,4.934547941232778623e-01,2.598141995285536687e-01,4.501903783298769612e-01,4.647700357111348435e-01,3.672436923242373280e-02,3.277073325224484912e-01,6.346230521089100129e-01,6.986573050909185012e-01,4.103875614155710339e-01,5.423020236072570999e-01,5.440215234559424573e-01,6.579642953920140647e-01,7.311335970422074837e-01,7.051136995971534205e-01,6.876204185267653646e-01,6.810466578385647729e-01,1.244976643813834466e-01,5.050694457696432993e-01,4.127582532363856527e-01,6.465660180783379118e-01,-1.089883031184817608e-01,4.520812710536639689e-01,6.653343681694245948e-01,5.922036837823388966e-01,4.678790275053033021e-01,-4.236519657873065170e-01
-4.909638598902670847e-01,-4.135090884233851710e-02,-5.705934478886449668e-01,1.000000000000000000e+00,-4.482367833013395919e-01,-5.004704803657989975e-01,1.363007781575316935e-01,5.403629210330361810e-01,-1.646238922038848473e-01,-1.735816775418502420e-02,-8.803640205592878909e-02,1.323212477744920845e-01,6.801270655525905040e-01,-2.664472025043156389e-01,-1.395769469945737362e-01,-3.899610349657254282e-01,-3.309806984168807142e-01,2.304513089538736959e-01,-3.014311818823765116e-02,-4.650473950580754079e-01,-4.882751674840764555e-01,-1.006782227713708400e-01,-5.776158135389215520e-01,-3.377558450991006711e-01,-4.495936254883363126e-01,-7.268619945230350154e-01,-4.751632897632071528e-01,-8.589260458900511708e-01,-7.028834979717296649e-01,8.003356085249672958e-02,-3.109381001448183190e-01,-2.861562428590719298e-01,-2.330062082122013600e-01,1.924712656389040155e-01,-2.498960752188804924e-01,-5.448806478535127562e-01,-5.375623235284283652e-01,-1.395225694508330783e-01,5.908692970213486051e-01
5.497785926643774523e-01,3.676454117496941731e-01,7.346325553755109761e-01,-4.482367833013395919e-01,1.000000000000000000e+00,9.533531442313264437e-02,9.146517251962568706e-02,-7.184851966765981590e-01,6.750569202913611067e-01,5.156913446699765702e-01,-1.476048823266500921e-02,1.286417905965114850e-01,-4.598628058943595720e-01,4.529168077041241802e-01,3.945690096844464145e-01,6.592588843696226553e-01,2.024980639875433308e-01,-6.332888431428523868e-02,1.996488032523858203e-01,4.523735982234755593e-01,3.380601734350817122e-01,1.363211278408734406e-01,2.394663098399157086e-01,4.501197051018234752e-01,6.077597248686821274e-01,6.306132090642139199e-01,5.926589203857774990e-01,4.915970226935012510e-01,5.295628912913372677e-01,4.625687958209726003e-01,3.344749819102258992e-01,3.756006072910239024e-01,3.908935234896619981e-01,-4.464590843970738659e-02,4.196934972917338302e-01,7.038443074654935350e-01,5.508220236336175413e-01,4.455410049441880793e-01,-3.605862973164329355e-01
-1.173802625915235098e-01,-3.244574729303582594e-01,3.656128493886282582e-01,-5.004704803657989975e-01,9.533531442313264437e-02,1.000000000000000000e+00,-1.276649596348148341e-01,-3.433932915278751219e-01,-3.731293367347511269e-01,-4.962649687841096946e-01,6.735420928499019633e-01,-3.235707464874080785e-01,-4.284943417290227874e-01,4.181716926404847601e-01,-3.907357546079713861e-01,-2.646678184885491447e-01,7.087936520177476885e-01,-1.845101599265741854e-01,-1.929139478547738096e-02,1.875401661507169748e-01,4.486183807406522450e-01,1.378813292810103230e-01,7.989470680680357262e-01,2.505189364793491413e-01,3.576893195622863897e-01,3.498735219109457284e-01,2.910837014477924423e-01,5.343887198318714171e-01,4.918851799684096360e-01,-6.108407120178923622e-01,3.563945914284535887e-01,3.230616321785218514e-01,3.842865393768508109e-01,-3.980331745266432186e-01,-1.194382247070047975e-01,8.899254167243655922e-02,1.521754681248825569e-01,-1.376959888280755995e-01,-3.530362011675725054e-01
1.605780614434653142e-01,4.265482721597044780e-01,1.337834637135468518e-01,1.363007781575316935e-01,9.146517251962568706e-02,-1.276649596348148341e-01,1.000000000000000000e+00,-1.388874041717273189e-01,1.298691282622799481e-01,1.878307348354041340e-01,9.717241443461573092e-02,-4.638282094931601290e-03,2.488453826535562963e-01,-3.437737016646559302e-03,2.793406389715995530e-01,3.181672541624968459e-02,1.090775511592622232e-01,1.406732112696986725e-01,4.780062616983203339e-01,9.769684283859240981e-02,1.044607492474981941e-01,2.855378445212334859e-01,-2.552397436964687003e-02,-5.726191116733925224e-02,1.552372067177698253e-02,-3.400615573291989463e-02,1.827022673015701870e-01,9.771513082779893083e-03,-8.760750752520045370e-02,1.127123094611888476e-01,3.369265330064963315e-01,1.598902174597705284e-01,-1.675757911946047785e-02,3.298735085461561023e-01,2.733936024245909313e-01,8.079063820220165615e-02,1.537189423859663950e-01,4.834329433356421846e-01,3.683689192289182346e-01
-4.246963462905190556e-01,-2.805238427038762028e-01,-9.129469725054298879e-01,5.403629210330361810e-01,-7.184851966765981590e-01,-3.433932915278751219e-01,-1.388874041717273189e-01,1.000000000000000000e+00,-4.120511144325245678e-01,-2.574695127108404535e-01,-1.837976210900275631e-01,-1.127228448237289765e-01,3.831658525741895027e-01,-4.995007117596012014e-01,-2.446207678761269655e-01,-4.286422514569875331e-01,-4.575533083787056698e-01,-4.929694071857267101e-02,-3.366348841167479122e-01,-6.087504559439405050e-01,-6.737973686570464249e-01,-3.950813909305014304e-01,-5.116033754835849212e-01,-5.190017752305475796e-01,-6.342173560023430801e-01,-6.959366964644299047e-01,-6.901405169283714169e-01,-6.527892169139463130e-01,-6.526497702529092670e-01,-1.260627919687673237e-01,-5.073478695409054939e-01,-4.247788739223632981e-01,-6.485198256132186367e-01,1.159053656073690125e-01,-4.380519919360030823e-01,-6.629651345026862375e-01,-5.658570806538358866e-01,-4.576570203926196845e-01,3.853498077146081391e-01
6.331970500306599581e-01,6.341015952962771873e-01,4.147106197555489593e-01,-1.646238922038848473e-01,6.750569202913611067e-01,-3.731293367347511269e-01,1.298691282622799481e-01,-4.120511144325245678e-01,1.000000000000000000e+00,8.152968360522316882e-01,-4.167550810618890766e-01,3.869064874719829183e-01,-1.930716336494306129e-01,1.376690160643072036e-01,6.563316019877128982e-01,7.904649922034863163e-01,-1.936095821134158346e-01,1.055252576082267718e-01,2.309840024598651953e-01,3.341878319353367432e-01,5.552433758269003511e-02,6.531062873165403848e-02,-2.386281013027964359e-01,2.977093111567209460e-01,3.256040333289517141e-01,4.448327091816548506e-01,4.471391678054896235e-01,1.763914743740070679e-01,2.532462659395194882e-01,7.802777588112151941e-01,1.431396878809670647e-01,2.174347669300879804e-01,7.960400264494378597e-02,3.343642762706619531e-01,5.872428164107118542e-01,6.258384571198464252e-01,5.097113197523116535e-01,4.875586355948225981e-01,-1.416516411348086868e-01
5.880985145429332706e-01,7.374127068507096983e-01,2.554048939292703491e-01,-1.735816775418502420e-02,5.156913446699765702e-01,-4.962649687841096946e-01,1.878307348354041340e-01,-2.574695127108404535e-01,8.152968360522316882e-01,1.000000000000000000e+00,-4.185948474550936216e-01,4.444061226586408231e-01,-1.706304700399561766e-02,1.821727050021723984e-02,6.372947002332284283e-01,7.777560848158416862e-01,-2.657605177749718384e-01,1.255540846285301826e-01,2.704743863177646590e-01,1.697817632312398073e-01,-7.288838227636633416e-02,3.017199860365973874e-02,-4.079247576385681695e-01,2.757765672708616944e-01,2.970195760326881929e-01,2.676493542358735489e-01,3.857454714792922235e-01,2.179657389519435925e-02,1.524168822741791274e-01,8.418597993402976432e-01,1.889965713383479073e-01,2.341014267337470922e-01,-2.924370428910822231e-02,4.053899069567024616e-01,6.273415353758318158e-01,4.969821923442284684e-01,4.645636046752164017e-01,5.284864835548256368e-01,3.957960324657654183e-02
-3.616744077011333491e-01,-1.726191580238345957e-01,1.740196506346584071e-01,-8.803640205592878909e-02,-1.476048823266500921e-02,6.735420928499019633e-01,9.717241443461573092e-02,-1.837976210900275631e-01,-4.167550810618890766e-01,-4.185948474550936216e-01,1.000000000000000000e+00,-2.744480730012922587e-01,-9.849415274256093089e-02,4.737237262386081449e-01,-4.792224664771315146e-01,-4.534230896143352507e-01,7.330659526264974302e-01,-5.346658887054834414e-02,1.093384191301517289e-01,-1.462717651747733050e-01,1.215640630009431067e-01,3.556350810923578076e-02,5.661572460257484618e-01,1.619017646705251667e-01,2.858682012931733074e-01,1.448594536569656858e-02,2.456056002998228127e-01,1.592512312231201266e-01,2.701692741682384380e-01,-5.686470258187823479e-01,4.586965492332556460e-01,4.999636189248104490e-01,3.471019408280471841e-01,-4.254924832500012744e-01,-1.380201948053590144e-01,-4.881356663489831021e-02,1.092118288757722676e-02,-9.223719333871932546e-02,-2.071963798541795812e-02
1.940173812385267427e-01,3.761002163353635019e-01,1.062404889016834858e-01,1.323212477744920845e-01,1.286417905965114850e-01,-3.235707464874080785e-01,-4.638282094931601290e-03,-1.127228448237289765e-01,3.869064874719829183e-01,4.444061226586408231e-01,-2.744480730012922587e-01,1.000000000000000000e+00,1.417551518734076477e-01,-1.678809064608366985e-01,3.750436246296415255e-01,2.783088816043889913e-01,-1.417285955838296085e-01,1.770644019121387358e-01,-7.065163059390179578e-02,1.505004364524973881e-01,4.193034604741192883e-02,2.426538996918282121e-01,-2.841380388203790797e-01,-7.763322636703087407e-03,-4.006298365446778198e-02,-4.560617888044801727e-02,8.457791661992308807e-02,-8.686980620511754181e-02,-1.075095525866132662e-01,3.745037932656016810e-01,1.585787397610207705e-01,5.437601252877411091e-03,-2.264783218452679631e-02,3.061581743744007933e-01,2.208495127782706402e-01,1.277068911844213006e-01,4.906982154050755496e-02,3.272891974846554031e-01,2.294160283172567150e-01
-4.075729487321138045e-01,4.182514145338310507e-02,-4.145249077578399000e-01,6.801270655525905040e-01,-4.598628058943595720e-01,-4.284943417290227874e-01,2.488453826535562963e-01,3.831658525741895027e-01,-1.930716336494306129e-01,-1.706304700399561766e-02,-9.849415274256093089e-02,1.417551518734076477e-01,1.000000000000000000e+00,-2.510145222297451850e-01,-1.192347024882897122e-01,-3.651196356174741808e-01,-2.349246764630638362e-01,4.340394365206446947e-01,2.218467679580224672e-01,-2.623927567482429724e-01,-2.073033236392338996e-01,2.605968890775149371e-01,-4.236795315700879749e-01,-2.179257971883093448e-01,-3.678741740716905406e-01,-5.860523683693180663e-01,-2.964548987927903556e-01,-6.047194193029002962e-01,-5.405490851278934583e-01,-4.292671169255621311e-02,-1.446555271806082565e-01,-1.896241925595094635e-01,-8.834277255205105761e-02,1.417369245772557573e-01,-5.811620431178288887e-02,-4.303446647708022432e-01,-3.612714306342302839e-01,-3.437346624965214453e-02,5.117219863356876619e-01
-1.210774720747817973e-01,-7.028716742534860118e-02,4.934547941232778623e-01,-2.664472025043156389e-01,4.529168077041241802e-01,4.181716926404847601e-01,-3.437737016646559302e-03,-4.995007117596012014e-01,1.376690160643072036e-01,1.821727050021723984e-02,4.737237262386081449e-01,-1.678809064608366985e-01,-2.510145222297451850e-01,1.000000000000000000e+00,-1.741917852958682067e-01,5.779808674158994769e-02,6.007922732094339580e-01,2.444659744961750480e-01,2.860600491406654622e-01,1.788430253717375185e-01,2.786698214515264671e-01,1.520719569134101612e-01,5.161356252628460650e-01,6.393047475848760985e-01,6.136386844306547239e-01,4.204166780518115987e-01,5.931249546443903009e-01,3.618126977674920308e-01,5.797402798574247118e-01,-9.847374708445723324e-02,4.902667035264982043e-01,4.983392322629291993e-01,6.952084990620338578e-01,-3.975661906539486590e-01,2.106224154396173220e-01,3.759507149540783910e-01,3.515927062848075435e-01,-1.784551479404619190e-03,-3.811590697738592159e-01
6.292858541562401653e-01,5.935940455799948445e-01,2.598141995285536687e-01,-1.395769469945737362e-01,3.945690096844464145e-01,-3.907357546079713861e-01,2.793406389715995530e-01,-2.446207678761269655e-01,6.563316019877128982e-01,6.372947002332284283e-01,-4.792224664771315146e-01,3.750436246296415255e-01,-1.192347024882897122e-01,-1.741917852958682067e-01,1.000000000000000000e+00,6.339954393820073086e-01,-2.184685925805306683e-01,-7.999553756421669271e-02,1.541557904934328371e-01,3.447896996893995425e-01,1.058981766008691566e-01,1.568463203975242748e-01,-2.552337585544256493e-01,-1.133448415930852181e-02,9.092764381916337846e-02,2.347072952315628069e-01,1.734925716818165042e-01,1.301348927332460215e-01,7.112702531413217510e-02,6.220869192178131168e-01,8.959287121869849435e-02,-8.278884629981528298e-02,-1.507466727945742657e-01,6.239220923432048371e-01,4.492635538488086167e-01,3.310414567216879989e-01,2.792092207141197435e-01,5.644970365290555847e-01,1.428608180230444002e-01
7.756182526177470837e-01,5.754617626777923656e-01,4.501903783298769612e-01,-3.899610349657254282e-01,6.592588843696226553e-01,-2.646678184885491447e-01,3.181672541624968459e-02,-4.286422514569875331e-01,7.904649922034863163e-01,7.777560848158416862e-01,-4.534230896143352507e-01,2.783088816043889913e-01,-3.651196356174741808e-01,5.779808674158994769e-02,6.339954393820073086e-01,1.000000000000000000e+00,-2.014639864131393676e-01,-7.747561016613652152e-02,1.581309494525790504e-01,3.578955483338727150e-01,1.388364656323938517e-01,-1.238891538968952925e-02,-1.362939259608922093e-01,3.469163356436663070e-01,4.413415267399831143e-01,5.696586083244141729e-01,4.101863995209790725e-01,3.662541046273057876e-01,4.154039783686310217e-01,7.574166055174961221e-01,1.060353241631418614e-01,1.468172911960175242e-01,4.301814433989521042e-02,2.858602897999645287e-01,5.710708200816556612e-01,6.359042805606489601e-01,5.834797678959603440e-01,4.934092094466102640e-01,-2.560391484624509606e-01
-1.240319942284415361e-01,-6.620849820852466039e-02,4.647700357111348435e-01,-3.309806984168807142e-01,2.024980639875433308e-01,7.087936520177476885e-01,1.090775511592622232e-01,-4.575533083787056698e-01,-1.936095821134158346e-01,-2.657605177749718384e-01,7.330659526264974302e-01,-1.417285955838296085e-01,-2.349246764630638362e-01,6.007922732094339580e-01,-2.184685925805306683e-01,-2.014639864131393676e-01,1.000000000000000000e+00,7.099409743086008973e-02,2.121762754187724864e-01,1.943785652105698980e-01,4.164257598084870615e-01,2.371910961264640239e-01,7.237507015281854361e-01,3.579504412176396366e-01,4.907460443226379088e-01,3.202013878805303748e-01,4.526192895491124579e-01,4.347465702943568155e-01,5.286472411704787877e-01,-4.304525929500787607e-01,5.633239611304535766e-01,4.678270834182686189e-01,5.589195063963450227e-01,-3.101752650146499812e-01,7.533220303943762020e-02,2.106242500229512371e-01,2.183972015682048851e-01,5.857072681508530138e-02,-1.556561669857677299e-01
-2.561055184617559433e-01,1.028733294526204683e-01,3.672436923242373280e-02,2.304513089538736959e-01,-6.332888431428523868e-02,-1.845101599265741854e-01,1.406732112696986725e-01,-4.929694071857267101e-02,1.055252576082267718e-01,1.255540846285301826e-01,-5.346658887054834414e-02,1.770644019121387358e-01,4.340394365206446947e-01,2.444659744961750480e-01,-7.999553756421669271e-02,-7.747561016613652152e-02,7.099409743086008973e-02,1.000000000000000000e+00,3.997433973126063300e-01,1.187636615595207973e-01,1.685931857222510155e-01,4.523908295059387852e-01,-3.704942956927901460e-02,2.569164553258643791e-01,7.526389360575957976e-02,-1.457915356101781648e-02,2.468645672045533257e-01,-8.950560435713822427e-02,-2.005352307462804698e-02,4.751188950587244275e-02,2.496207601339247295e-01,3.131877068974110029e-02,3.521615258565851669e-01,-1.315149797544884758e-01,1.721533563101663167e-01,6.497355706405223696e-02,4.160892848269871248e-03,-9.129445007811984314e-02,6.853030766902332149e-02
6.266687356821878940e-02,3.496756047983948790e-01,3.277073325224484912e-01,-3.014311818823765116e-02,1.996488032523858203e-01,-1.929139478547738096e-02,4.780062616983203339e-01,-3.366348841167479122e-01,2.309840024598651953e-01,2.704743863177646590e-01,1.093384191301517289e-01,-7.065163059390179578e-02,2.218467679580224672e-01,2.860600491406654622e-01,1.541557904934328371e-01,1.581309494525790504e-01,2.121762754187724864e-01,3.997433973126063300e-01,1.000000000000000000e+00,2.210756027181620953e-01,3.074402074974704746e-01,4.560886039316716656e-01,1.232473975778966835e-01,3.471120031780514648e-01,3.134315442752456105e-01,2.309685348325023757e-01,5.182680346926262782e-01,2.114858416862285262e-01,3.114339552388438181e-01,9.468939697754311102e-02,5.159457608740832812e-01,3.610130851341226688e-01,3.751801084261254804e-01,8.376825469408281932e-02,4.766511925633815649e-01,2.510084636503208677e-01,3.339149800373943378e-01,3.646734898277968484e-01,-3.156261066994561076e-02
4.041221387563371237e-01,1.860141902702734384e-01,6.346230521089100129e-01,-4.650473950580754079e-01,4.523735982234755593e-01,1.875401661507169748e-01,9.769684283859240981e-02,-6.087504559439405050e-01,3.341878319353367432e-01,1.697817632312398073e-01,-1.462717651747733050e-01,1.505004364524973881e-01,-2.623927567482429724e-01,1.788430253717375185e-01,3.447896996893995425e-01,3.578955483338727150e-01,1.943785652105698980e-01,1.187636615595207973e-01,2.210756027181620953e-01,1.000000000000000000e+00,6.711690282410002206e-01,5.212867775684110194e-01,3.606572709759591766e-01,3.444503776687850016e-01,3.616431592440955134e-01,5.635284664700266344e-01,4.282252847926176775e-01,5.445533533596494946e-01,4.226678883446650659e-01,9.121856642215346589e-02,2.793671998978010662e-01,4.780237168154198579e-02,3.717033776383408261e-01,1.168390713101924716e-01,3.729743799250858638e-01,4.501297939223320443e-01,3.615887915008200726e-01,3.247191984657393782e-01,-3.127075891439594080e-01
2.198555981642311696e-01,9.129577868223154660e-03,6.986573050909185012e-01,-4.882751674840764555e-01,3.380601734350817122e-01,4.486183807406522450e-01,1.044607492474981941e-01,-6.737973686570464249e-01,5.552433758269003511e-02,-7.288838227636633416e-02,1.215640630009431067e-01,4.193034604741192883e-02,-2.073033236392338996e-01,2.786698214515264671e-01,1.058981766008691566e-01,1.388364656323938517e-01,4.164257598084870615e-01,1.685931857222510155e-01,3.074402074974704746e-01,6.711690282410002206e-01,1.000000000000000000e+00,6.743899827577080064e-01,5.823968975701118156e-01,4.211727704150497464e-01,4.683083886563266796e-01,5.587667419458378637e-01,4.801605031914813471e-01,6.309680799657957362e-01,5.305825752230544090e-01,-2.321641077175911616e-01,4.055303087206147961e-01,1.150550071505155730e-01,5.922411917027666783e-01,-9.860757894828799108e-02,3.066318463590576582e-01,3.559556677548190162e-01,3.708696079308562155e-01,2.732986409982256504e-01,-3.424468749999060591e-01
-2.861101095853971557e-02,1.022063854710095893e-01,4.103875614155710339e-01,-1.006782227713708400e-01,1.363211278408734406e-01,1.378813292810103230e-01,2.855378445212334859e-01,-3.950813909305014304e-01,6.531062873165403848e-02,3.017199860365973874e-02,3.556350810923578076e-02,2.426538996918282121e-01,2.605968890775149371e-01,1.520719569134101612e-01,1.568463203975242748e-01,-1.238891538968952925e-02,2.371910961264640239e-01,4.523908295059387852e-01,4.560886039316716656e-01,5.212867775684110194e-01,6.743899827577080064e-01,1.000000000000000000e+00,2.854397742054656795e-01,2.883435528310220319e-01,2.409577354516672654e-01,1.880383629632344511e-01,3.606659460386021920e-01,2.946450452019855892e-01,1.974863909110941285e-01,-1.642969137890188114e-01,4.523402460955749937e-01,3.981222994711960950e-02,4.476451662297145084e-01,7.161533205596030960e-02,3.067008670917687474e-01,1.275816109602104509e-01,1.697143370269291185e-01,2.934082331645218589e-01,-1.942767705376355694e-02
-1.810840762623531011e-02,-2.247737499544057438e-01,5.423020236072570999e-01,-5.776158135389215520e-01,2.394663098399157086e-01,7.989470680680357262e-01,-2.552397436964687003e-02,-5.116033754835849212e-01,-2.386281013027964359e-01,-4.079247576385681695e-01,5.661572460257484618e-01,-2.841380388203790797e-01,-4.236795315700879749e-01,5.161356252628460650e-01,-2.552337585544256493e-01,-1.362939259608922093e-01,7.237507015281854361e-01,-3.704942956927901460e-02,1.232473975778966835e-01,3.606572709759591766e-01,5.823968975701118156e-01,2.854397742054656795e-01,1.000000000000000000e+00,4.260502373226812689e-01,4.925202445160367648e-01,5.224980056303225595e-01,4.535378775849295829e-01,6.588515121352765957e-01,6.285201088005010206e-01,-5.090667739643238709e-01,4.421468498934798541e-01,3.563009726730266835e-01,5.347314492853436629e-01,-4.023105031101221196e-01,4.353190755390413252e-02,2.727609455338649846e-01,2.826115581614019878e-01,-2.017583808977459550e-02,-4.581339530511185920e-01
1.425998739281486571e-01,1.553192811498869952e-01,5.440215234559424573e-01,-3.377558450991006711e-01,4.501197051018234752e-01,2.505189364793491413e-01,-5.726191116733925224e-02,-5.190017752305475796e-01,2.977093111567209460e-01,2.757765672708616944e-01,1.619017646705251667e-01,-7.763322636703087407e-03,-2.179257971883093448e-01,6.393047475848760985e-01,-1.133448415930852181e-02,3.469163356436663070e-01,3.579504412176396366e-01,2.569164553258643791e-01,3.471120031780514648e-01,3.444503776687850016e-01,4.211727704150497464e-01,2.883435528310220319e-01,4.260502373226812689e-01,1.000000000000000000e+00,7.492333205001965313e-01,6.044992026705614530e-01,7.155006512144467257e-01,4.217174852617501246e-01,6.912865776724179678e-01,1.140313514905144376e-01,4.353115365102072643e-01,4.615279580042289109e-01,6.578660891278754752e-01,-2.533743331498769513e-01,5.625333198068268592e-01,4.827241802565471751e-01,6.031254361209369419e-01,1.259562017580748705e-01,-5.504608835041341353e-01
3.078775160075430395e-01,2.246592829715790829e-01,6.579642953920140647e-01,-4.495936254883363126e-01,6.077597248686821274e-01,3.576893195622863897e-01,1.552372067177698253e-02,-6.342173560023430801e-01,3.256040333289517141e-01,2.970195760326881929e-01,2.858682012931733074e-01,-4.006298365446778198e-02,-3.678741740716905406e-01,6.136386844306547239e-01,9.092764381916337846e-02,4.413415267399831143e-01,4.907460443226379088e-01,7.526389360575957976e-02,3.134315442752456105e-01,3.616431592440955134e-01,4.683083886563266796e-01,2.409577354516672654e-01,4.925202445160367648e-01,7.492333205001965313e-01,1.000000000000000000e+00,6.707164879841290839e-01,6.920918238638915643e-01,5.263607626021212793e-01,7.551018987464775956e-01,1.266609100253241194e-01,4.916257349108345553e-01,4.958453999399345946e-01,6.118612839452707286e-01,-2.498819686488563396e-01,5.142734957334627044e-01,6.084685672185570215e-01,6.110156719102665113e-01,2.470252166557709295e-01,-4.230084723649615852e-01
6.035799137418925708e-01,2.743518028631752870e-01,7.311335970422074837e-01,-7.268619945230350154e-01,6.306132090642139199e-01,3.498735219109457284e-01,-3.400615573291989463e-02,-6.959366964644299047e-01,4.448327091816548506e-01,2.676493542358735489e-01,1.448594536569656858e-02,-4.560617888044801727e-02,-5.860523683693180663e-01,4.204166780518115987e-01,2.347072952315628069e-01,5.696586083244141729e-01,3.202013878805303748e-01,-1.457915356101781648e-02,2.309685348325023757e-01,5.635284664700266344e-01,5.587667419458378637e-01,1.880383629632344511e-01,5.224980056303225595e-01,6.044992026705614530e-01,6.707164879841290839e-01,1.000000000000000000e+00,7.077018024792821604e-01,7.780250354320505934e-01,7.873357090495789468e-01,1.650609418267186823e-01,3.350924740388314671e-01,3.855099507637703704e-01,4.286888365638213405e-01,-1.257944849178362356e-01,5.415611657358688769e-01,7.373732905312510022e-01,7.368556159612522638e-01,3.263370331937832103e-01,-6.305238541300635102e-01
3.432853002658909358e-01,4.311413741541931244e-01,7.051136995971534205e-01,-4.751632897632071528e-01,5.926589203857774990e-01,2.910837014477924423e-01,1.827022673015701870e-01,-6.901405169283714169e-01,4.471391678054896235e-01,3.857454714792922235e-01,2.456056002998228127e-01,8.457791661992308807e-02,-2.964548987927903556e-01,5.931249546443903009e-01,1.734925716818165042e-01,4.101863995209790725e-01,4.526192895491124579e-01,2.468645672045533257e-01,5.182680346926262782e-01,4.282252847926176775e-01,4.801605031914813471e-01,3.606659460386021920e-01,4.535378775849295829e-01,7.155006512144467257e-01,6.920918238638915643e-01,7.077018024792821604e-01,1.000000000000000000e+00,6.021176022371738101e-01,7.136258348233598392e-01,1.543272206550007908e-01,6.882091192578105865e-01,6.792497373175072628e-01,5.650534318508011467e-01,-1.251311893781033580e-01,6.617116845628951971e-01,6.709058003365783174e-01,7.203969908826814983e-01,3.800158680365023356e-01,-4.556510153680544684e-01
4.625585109745232182e-01,9.103532157720901907e-02,6.876204185267653646e-01,-8.589260458900511708e-01,4.915970226935012510e-01,5.343887198318714171e-01,9.771513082779893083e-03,-6.527892169139463130e-01,1.763914743740070679e-01,2.179657389519435925e-02,1.592512312231201266e-01,-8.686980620511754181e-02,-6.047194193029002962e-01,3.618126977674920308e-01,1.301348927332460215e-01,3.662541046273057876e-01,4.347465702943568155e-01,-8.950560435713822427e-02,2.114858416862285262e-01,5.445533533596494946e-01,6.309680799657957362e-01,2.946450452019855892e-01,6.588515121352765957e-01,4.217174852617501246e-01,5.263607626021212793e-01,7.780250354320505934e-01,6.021176022371738101e-01,1.000000000000000000e+00,7.612603806042683718e-01,-1.114328461934992465e-01,4.560932449994050675e-01,3.440884894352126966e-01,3.812952710544975643e-01,-1.596201465706426348e-01,3.378235697867437715e-01,5.675291860438003155e-01,6.088762619380782004e-01,2.678150212790737505e-01,-5.663065967342938434e-01
3.520406402105276111e-01,1.259949563205008671e-01,6.810466578385647729e-01,-7.028834979717296649e-01,5.295628912913372677e-01,4.918851799684096360e-01,-8.760750752520045370e-02,-6.526497702529092670e-01,2.532462659395194882e-01,1.524168822741791274e-01,2.701692741682384380e-01,-1.075095525866132662e-01,-5.405490851278934583e-01,5.797402798574247118e-01,7.112702531413217510e-02,4.154039783686310217e-01,5.286472411704787877e-01,-2.005352307462804698e-02,3.114339552388438181e-01,4.226678883446650659e-01,5.305825752230544090e-01,1.974863909110941285e-01,6.285201088005010206e-01,6.912865776724179678e-01,7.551018987464775956e-01,7.873357090495789468e-01,7.136258348233598392e-01,7.612603806042683718e-01,1.000000000000000000e+00,-1.620522562661102714e-02,4.807636989945360817e-01,4.913554618498803261e-01,5.791339466212426235e-01,-2.379288937490894873e-01,4.528742533532984504e-01,6.011084366479839680e-01,6.704713181296816371e-01,2.058638530226848673e-01,-6.285784696799819882e-01
5.581669746772028873e-01,6.104990724732651808e-01,1.244976643813834466e-01,8.003356085249672958e-02,4.625687958209726003e-01,-6.108407120178923622e-01,1.127123094611888476e-01,-1.260627919687673237e-01,7.802777588112151941e-01,8.418597993402976432e-01,-5.686470258187823479e-01,3.745037932656016810e-01,-4.292671169255621311e-02,-9.847374708445723324e-02,6.220869192178131168e-01,7.574166055174961221e-01,-4.304525929500787607e-01,4.751188950587244275e-02,9.468939697754311102e-02,9.121856642215346589e-02,-2.321641077175911616e-01,-1.642969137890188114e-01,-5.090667739643238709e-01,1.140313514905144376e-01,1.266609100253241194e-01,1.650609418267186823e-01,1.543272206550007908e-01,-1.114328461934992465e-01,-1.620522562661102714e-02,1.000000000000000000e+00,-6.783626679817005012e-02,2.275100265528966388e-03,-1.532457436230047487e-01,4.195404383204360266e-01,4.260866207017911522e-01,3.785818640049675166e-01,2.866515967677819021e-01,4.292892311377605186e-01,7.780679304880397384e-02
7.560950459914855815e-02,3.399278520447075458e-01,5.050694457696432993e-01,-3.109381001448183190e-01,3.344749819102258992e-01,3.563945914284535887e-01,3.369265330064963315e-01,-5.073478695409054939e-01,1.431396878809670647e-01,1.889965713383479073e-01,4.586965492332556460e-01,1.585787397610207705e-01,-1.446555271806082565e-01,4.902667035264982043e-01,8.959287121869849435e-02,1.060353241631418614e-01,5.633239611304535766e-01,2.496207601339247295e-01,5.159457608740832812e-01,2.793671998978010662e-01,4.055303087206147961e-01,4.523402460955749937e-01,4.421468498934798541e-01,4.353115365102072643e-01,4.916257349108345553e-01,3.350924740388314671e-01,6.882091192578105865e-01,4.560932449994050675e-01,4.807636989945360817e-01,-6.783626679817005012e-02,1.000000000000000000e+00,5.899816518743670191e-01,4.484274040279170870e-01,-7.981314475561797350e-02,4.135267522288942899e-01,3.691233864258398611e-01,3.798677247053879880e-01,3.537267699886279537e-01,-8.800824693490512385e-02
1.499021728928960628e-01,3.810659982760446485e-01,4.127582532363856527e-01,-2.861562428590719298e-01,3.756006072910239024e-01,3.230616321785218514e-01,1.598902174597705284e-01,-4.247788739223632981e-01,2.174347669300879804e-01,2.341014267337470922e-01,4.999636189248104490e-01,5.437601252877411091e-03,-1.896241925595094635e-01,4.983392322629291993e-01,-8.278884629981528298e-02,1.468172911960175242e-01,4.678270834182686189e-01,3.131877068974110029e-02,3.610130851341226688e-01,4.780237168154198579e-02,1.150550071505155730e-01,3.981222994711960950e-02,3.563009726730266835e-01,4.615279580042289109e-01,4.958453999399345946e-01,3.855099507637703704e-01,6.792497373175072628e-01,3.440884894352126966e-01,4.913554618498803261e-01,2.275100265528966388e-03,5.899816518743670191e-01,1.000000000000000000e+00,3.104235983615674654e-01,-2.612544631788180638e-01,4.352477606032536528e-01,5.033981051720890498e-01,5.572582695776775452e-01,2.501727357226845028e-01,-2.276914513820546548e-01
-1.349500353954699583e-01,-1.152601297753262782e-01,6.465660180783379118e-01,-2.330062082122013600e-01,3.908935234896619981e-01,3.842865393768508109e-01,-1.675757911946047785e-02,-6.485198256132186367e-01,7.960400264494378597e-02,-2.924370428910822231e-02,3.471019408280471841e-01,-2.264783218452679631e-02,-8.834277255205105761e-02,6.952084990620338578e-01,-1.507466727945742657e-01,4.301814433989521042e-02,5.589195063963450227e-01,3.521615258565851669e-01,3.751801084261254804e-01,3.717033776383408261e-01,5.922411917027666783e-01,4.476451662297145084e-01,5.347314492853436629e-01,6.578660891278754752e-01,6.118612839452707286e-01,4.286888365638213405e-01,5.650534318508011467e-01,3.812952710544975643e-01,5.791339466212426235e-01,-1.532457436230047487e-01,4.484274040279170870e-01,3.104235983615674654e-01,1.000000000000000000e+00,-3.879985822508933979e-01,2.232459331406077552e-01,3.002672845160769266e-01,3.079354477326038952e-01,9.270856923326777077e-02,-3.928854085318653766e-01
3.544695828560931461e-01,4.637579796870389126e-01,-1.089883031184817608e-01,1.924712656389040155e-01,-4.464590843970738659e-02,-3.980331745266432186e-01,3.298735085461561023e-01,1.159053656073690125e-01,3.343642762706619531e-01,4.053899069567024616e-01,-4.254924832500012744e-01,3.061581743744007933e-01,1.417369245772557573e-01,-3.975661906539486590e-01,6.239220923432048371e-01,2.858602897999645287e-01,-3.101752650146499812e-01,-1.315149797544884758e-01,8.376825469408281932e-02,1.168390713101924716e-01,-9.860757894828799108e-02,7.161533205596030960e-02,-4.023105031101221196e-01,-2.533743331498769513e-01,-2.498819686488563396e-01,-1.257944849178362356e-01,-1.251311893781033580e-01,-1.596201465706426348e-01,-2.379288937490894873e-01,4.195404383204360266e-01,-7.981314475561797350e-02,-2.612544631788180638e-01,-3.879985822508933979e-01,1.000000000000000000e+00,2.588074559393419571e-01,-7.482823590021060733e-02,1.167064825749348361e-02,4.396248687116875997e-01,3.883077002017665813e-01
5.608869720873412845e-01,6.655922170967809581e-01,4.520812710536639689e-01,-2.498960752188804924e-01,4.196934972917338302e-01,-1.194382247070047975e-01,2.733936024245909313e-01,-4.380519919360030823e-01,5.872428164107118542e-01,6.273415353758318158e-01,-1.380201948053590144e-01,2.208495127782706402e-01,-5.811620431178288887e-02,2.106224154396173220e-01,4.492635538488086167e-01,5.710708200816556612e-01,7.533220303943762020e-02,1.721533563101663167e-01,4.766511925633815649e-01,3.729743799250858638e-01,3.066318463590576582e-01,3.067008670917687474e-01,4.353190755390413252e-02,5.625333198068268592e-01,5.142734957334627044e-01,5.415611657358688769e-01,6.617116845628951971e-01,3.378235697867437715e-01,4.528742533532984504e-01,4.260866207017911522e-01,4.135267522288942899e-01,4.352477606032536528e-01,2.232459331406077552e-01,2.588074559393419571e-01,1.000000000000000000e+00,5.937563251375259643e-01,7.494566166685312503e-01,5.497396221208216138e-01,-2.101323825978048676e-01
6.373114225785289078e-01,4.957974761272601616e-01,6.653343681694245948e-01,-5.448806478535127562e-01,7.038443074654935350e-01,8.899254167243655922e-02,8.079063820220165615e-02,-6.629651345026862375e-01,6.258384571198464252e-01,4.969821923442284684e-01,-4.881356663489831021e-02,1.277068911844213006e-01,-4.303446647708022432e-01,3.759507149540783910e-01,3.310414567216879989e-01,6.359042805606489601e-01,2.106242500229512371e-01,6.497355706405223696e-02,2.510084636503208677e-01,4.501297939223320443e-01,3.559556677548190162e-01,1.275816109602104509e-01,2.727609455338649846e-01,4.827241802565471751e-01,6.084685672185570215e-01,7.373732905312510022e-01,6.709058003365783174e-01,5.675291860438003155e-01,6.011084366479839680e-01,3.785818640049675166e-01,3.691233864258398611e-01,5.033981051720890498e-01,3.002672845160769266e-01,-7.482823590021060733e-02,5.937563251375259643e-01,1.000000000000000000e+00,6.694524425933235934e-01,3.887141494299318767e-01,-3.847905021721604868e-01
5.993616338872272964e-01,4.755874922560357487e-01,5.922036837823388966e-01,-5.375623235284283652e-01,5.508220236336175413e-01,1.521754681248825569e-01,1.537189423859663950e-01,-5.658570806538358866e-01,5.097113197523116535e-01,4.645636046752164017e-01,1.092118288757722676e-02,4.906982154050755496e-02,-3.612714306342302839e-01,3.515927062848075435e-01,2.792092207141197435e-01,5.834797678959603440e-01,2.183972015682048851e-01,4.160892848269871248e-03,3.339149800373943378e-01,3.615887915008200726e-01,3.708696079308562155e-01,1.697143370269291185e-01,2.826115581614019878e-01,6.031254361209369419e-01,6.110156719102665113e-01,7.368556159612522638e-01,7.203969908826814983e-01,6.088762619380782004e-01,6.704713181296816371e-01,2.866515967677819021e-01,3.798677247053879880e-01,5.572582695776775452e-01,3.079354477326038952e-01,1.167064825749348361e-02,7.494566166685312503e-01,6.694524425933235934e-01,1.000000000000000000e+00,4.778461885124410391e-01,-4.863440591287129799e-01
5.821792888474349725e-01,6.523798205972882736e-01,4.678790275053033021e-01,-1.395225694508330783e-01,4.455410049441880793e-01,-1.376959888280755995e-01,4.834329433356421846e-01,-4.576570203926196845e-01,4.875586355948225981e-01,5.284864835548256368e-01,-9.223719333871932546e-02,3.272891974846554031e-01,-3.437346624965214453e-02,-1.784551479404619190e-03,5.644970365290555847e-01,4.934092094466102640e-01,5.857072681508530138e-02,-9.129445007811984314e-02,3.646734898277968484e-01,3.247191984657393782e-01,2.732986409982256504e-01,2.934082331645218589e-01,-2.017583808977459550e-02,1.259562017580748705e-01,2.470252166557709295e-01,3.263370331937832103e-01,3.800158680365023356e-01,2.678150212790737505e-01,2.058638530226848673e-01,4.292892311377605186e-01,3.537267699886279537e-01,2.501727357226845028e-01,9.270856923326777077e-02,4.396248687116875997e-01,5.497396221208216138e-01,3.887141494299318767e-01,4.778461885124410391e-01,1.000000000000000000e+00,1.719569627490836750e-01
-1.828042999403766689e-01,2.077274413517682106e-01,-4.236519657873065170e-01,5.908692970213486051e-01,-3.605862973164329355e-01,-3.530362011675725054e-01,3.683689192289182346e-01,3.853498077146081391e-01,-1.416516411348086868e-01,3.957960324657654183e-02,-2.071963798541795812e-02,2.294160283172567150e-01,5.117219863356876619e-01,-3.811590697738592159e-01,1.428608180230444002e-01,-2.560391484624509606e-01,-1.556561669857677299e-01,6.853030766902332149e-02,-3.156261066994561076e-02,-3.127075891439594080e-01,-3.424468749999060591e-01,-1.942767705376355694e-02,-4.581339530511185920e-01,-5.504608835041341353e-01,-4.230084723649615852e-01,-6.305238541300635102e-01,-4.556510153680544684e-01,-5.663065967342938434e-01,-6.285784696799819882e-01,7.780679304880397384e-02,-8.800824693490512385e-02,-2.276914513820546548e-01,-3.928854085318653766e-01,3.883077002017665813e-01,-2.101323825978048676e-01,-3.847905021721604868e-01,-4.863440591287129799e-01,1.719569627490836750e-01,1.000000000000000000e+00
