1.000000000000000000e+00,4.961391836433654001e-01,5.190331151596838666e-01,-2.540054229447143430e-01,6.558074044122553792e-01,-3.431626645352065519e-01,4.591449284125904695e-01,-4.664946677379184226e-01,7.683775513647215227e-01,5.664383126990303330e-01,-9.715277570562198817e-02,2.825681785914646582e-01,2.272831723439330265e-01,4.331946398784480845e-01,4.583137758788006777e-01,7.949094150313965601e-01,3.986116027511441562e-01,4.406049641862019861e-01,5.788501157013999920e-01,4.952427850397663756e-01,3.954919817740681354e-01,4.226678711720974757e-01,4.981478688058824100e-01,6.687233931245134544e-01,5.579553730331809902e-01,4.871901370293688083e-01,1.753815555363357481e-01,5.346631907613064172e-01,2.991087458547789790e-01,7.164263413703783057e-01,2.270850873016459492e-01,5.320315042422928825e-02,5.172097531884167765e-02,4.039578730150423236e-01,9.610349011296794031e-02,-3.369531469123360906e-02,1.855638443939217064e-02,6.514863800584586029e-01,5.947144053810126119e-01
4.961391836433654001e-01,1.000000000000000000e+00,3.281593220961457336e-01,-2.685441633086422808e-01,3.783962386883888418e-01,1.121647529614318434e-01,2.499368026812669175e-01,-2.932298550977345819e-01,5.041400156216340189e-01,8.210913652532261242e-01,3.225392819563708269e-01,3.164698744541479813e-01,-4.015755867908136351e-02,6.521025545446436089e-01,2.733265346096517279e-01,2.885675525992684731e-01,4.180174536038450128e-01,2.746116877056655609e-02,2.335187422226771281e-01,1.209270640739877750e-01,2.269518745492840606e-01,2.773042752264250899e-01,5.021285078695492121e-01,6.453981891066350451e-01,4.245377129552521112e-01,6.095413822189015285e-01,4.136425662719218632e-01,5.548931480243914915e-01,5.930808812266836760e-01,3.093258792882436770e-01,5.945032580012078460e-01,3.606362811152920012e-01,3.496668519806082065e-01,4.165294034149598090e-01,5.328809025482522665e-01,3.072710701086717733e-01,4.955461958584934656e-01,4.590020396078925424e-02,2.055239378633005876e-01
5.190331151596838666e-01,3.281593220961457336e-01,1.000000000000000000e+00,-1.932119675766278688e-01,7.861121865399705033e-01,-3.938111392598144800e-01,2.591213432612551326e-01,-9.089516244539328493e-01,6.159656536878954647e-01,4.867062424010037969e-01,-9.436920775670520900e-02,8.359741826727576375e-02,-1.478873144888972861e-02,4.094027041537643963e-01,2.354180751476987188e-01,5.161476224585122008e-01,1.434199099944996059e-01,2.512023497800575655e-01,5.047722946034981506e-01,2.374360511144515684e-01,6.139719977054493016e-01,2.792628911969635697e-01,4.944199624103161050e-01,4.769474368212883730e-01,4.914210193829333106e-01,2.789062041078440579e-01,8.440625602566005636e-02,5.211573219043386107e-01,1.393658495952720122e-01,4.741685951681682276e-01,5.006950253523572147e-01,-5.488335441110574892e-02,3.670415850944147018e-01,3.001310201187694648e-01,-3.568036890724329835e-02,-1.427828238772088365e-01,-9.854328672115206245e-02,3.348197686059289913e-01,6.460721738475900811e-01
-2.540054229447143430e-01,-2.685441633086422808e-01,-1.932119675766278688e-01,1.000000000000000000e+00,-3.546117635069219731e-01,-1.092282049366956886e-01,-3.789330302789792326e-01,1.563045237898609274e-01,-3.699881254232045280e-01,-1.971876641546427278e-01,-6.384776488935078875e-02,-4.132825186795695549e-01,-2.518121201872991488e-01,-3.184518119607430142e-01,-4.837210035205513070e-01,-3.070749396943999732e-01,-3.669992761225854272e-01,-7.681155968870219397e-02,-3.924542116300857586e-01,-1.148460690637868181e-01,-1.561901203367804802e-01,-3.856985053742263414e-01,-1.214097510959547543e-01,-3.370006006560490874e-01,-2.438873745276814997e-01,-5.096815962009610956e-01,-2.941935359566004160e-01,-5.020600704462432340e-01,-4.201455866575111719e-01,-8.699664532680347062e-02,-3.405315623426993787e-01,-2.392324949851206140e-01,-3.018514173233912135e-01,-4.772496596053426576e-01,-4.002487765026588873e-01,-3.500423766695667099e-02,-3.734528751831089899e-01,-2.557754171319978620e-01,-2.183625102700920695e-01
6.558074044122553792e-01,3.783962386883888418e-01,7.861121865399705033e-01,-3.546117635069219731e-01,1.000000000000000000e+00,-3.735867468456277596e-01,4.708433633979147159e-01,-7.383796415784263933e-01,7.554136014207575300e-01,5.501112013788823640e-01,-1.208318806077386537e-01,2.911961115768083586e-01,2.171101974223228481e-01,5.142966532120410994e-01,4.656225202538564201e-01,6.999573888820843637e-01,2.565411957481646965e-01,4.240073389531651693e-01,6.783087899144565336e-01,3.942025020054906737e-01,4.817032707283968596e-01,4.319805572862965848e-01,5.167589279063479202e-01,5.935229484383979237e-01,5.883316275640116944e-01,4.208936950529727494e-01,1.730180080445504753e-01,6.137902291200246774e-01,2.331871716318319188e-01,5.692816818717703065e-01,4.256438305228050778e-01,6.960153172488182938e-02,2.422962133378960548e-01,4.854523300760186233e-01,4.087153445183212136e-02,-2.094781131138114677e-02,-4.434640373428602386e-03,5.459800562879008057e-01,6.864008989806030803e-01
-3.431626645352065519e-01,1.121647529614318434e-01,-3.938111392598144800e-01,-1.092282049366956886e-01,-3.735867468456277596e-01,1.000000000000000000e+00,-2.085271443420873283e-01,4.327694491801877819e-01,-3.761988479557388243e-01,5.442280505833074072e-02,6.988840317978414207e-01,1.567639942515643980e-01,-6.978154330981070630e-02,2.470299033674940581e-01,-7.650408493889841732e-02,-5.148389287752147547e-01,4.424234570187510762e-01,-1.845827456183764259e-01,-2.915731357229230380e-01,-3.405521190282667088e-01,-2.021111091422861938e-01,-1.570212906968520561e-01,-7.117727523756132990e-02,-1.844011691226782046e-01,-2.630348371052341760e-01,2.625223365808589948e-01,3.669993047701846645e-01,7.776049061079336189e-02,4.959340024301668315e-01,-5.499409223248428180e-01,1.358652224370363315e-01,4.196986017072057429e-01,2.658939702305517239e-01,6.225927967795094609e-02,5.967833857272984988e-01,5.590090595657797312e-01,5.886165413277979486e-01,-4.668704270272400758e-01,-5.483750474407144138e-01
4.591449284125904695e-01,2.499368026812669175e-01,2.591213432612551326e-01,-3.789330302789792326e-01,4.708433633979147159e-01,-2.085271443420873283e-01,1.000000000000000000e+00,-1.691907720144284200e-01,6.195405968484246628e-01,2.189635161065578983e-01,-1.785836773576024161e-01,7.494509943420539777e-01,6.526681893681501867e-01,3.737856814736881250e-01,8.581608391550475945e-01,5.800776328784009728e-01,1.320862784226828068e-01,6.256567084676679658e-01,7.870158738936995357e-01,7.256759830177385018e-01,2.121493206639523121e-01,7.700721285930914872e-01,1.911609384332609574e-01,3.991977134890221102e-01,4.337482808241790999e-01,3.245540546010390326e-01,1.503473333672136758e-01,5.624826436319451117e-01,1.891494690221558195e-01,2.401173045186045796e-01,2.087572066033353269e-01,1.441900595914467342e-01,7.927267210002719722e-02,7.659525523643869738e-01,1.584742157891942949e-01,-3.503841528269478756e-02,1.019881248462196910e-01,6.958090643874573766e-01,4.803196146408534872e-01
-4.664946677379184226e-01,-2.932298550977345819e-01,-9.089516244539328493e-01,1.563045237898609274e-01,-7.383796415784263933e-01,4.327694491801877819e-01,-1.691907720144284200e-01,1.000000000000000000e+00,-5.610020542717337744e-01,-4.347836642146933883e-01,1.368873723345168936e-01,2.558898439576033287e-02,1.062682220839813174e-01,-3.285876838710096726e-01,-1.279626124958693489e-01,-4.679803485559007048e-01,-7.378445891602976314e-02,-1.580969276293136272e-01,-4.191472336258454945e-01,-1.657563185741810219e-01,-5.866228749785631358e-01,-1.934632399900308719e-01,-4.572018455937542081e-01,-4.383458702946315677e-01,-4.455193334983551523e-01,-2.198675645536949663e-01,-5.255298742336573375e-02,-4.403653178036623372e-01,-8.301998176793343176e-02,-4.804826162038942083e-01,-4.790526711564881412e-01,9.174441685150316883e-02,-3.536215477941297425e-01,-1.959670027670200043e-01,9.836496974086626766e-02,2.045063142782923005e-01,1.472883220415671657e-01,-2.716589893526208943e-01,-6.232354382471542165e-01
7.683775513647215227e-01,5.041400156216340189e-01,6.159656536878954647e-01,-3.699881254232045280e-01,7.554136014207575300e-01,-3.761988479557388243e-01,6.195405968484246628e-01,-5.610020542717337744e-01,1.000000000000000000e+00,5.618349529984010271e-01,-1.748291862124321527e-01,4.450807009764726208e-01,2.871983452862124642e-01,5.321582688287536111e-01,6.132881281483958391e-01,7.773547305439011401e-01,2.950344015459929192e-01,4.888223104498213289e-01,7.272609650007917370e-01,5.495543617453725327e-01,4.658770617871132447e-01,5.895982313480038206e-01,4.278043908777746096e-01,6.932747532860020767e-01,6.681367966349039955e-01,5.362395761009229878e-01,2.429965394450304961e-01,7.061541689876378314e-01,3.771430910112734680e-01,6.197186485923970034e-01,4.293512774948609612e-01,1.764720792031605756e-01,3.064724765631483550e-01,5.877174709983880030e-01,1.019924508876058067e-01,-4.483920414027817158e-02,2.822191699685586835e-02,6.846738002023204928e-01,6.782399620197849810e-01
5.664383126990303330e-01,8.210913652532261242e-01,4.867062424010037969e-01,-1.971876641546427278e-01,5.501112013788823640e-01,5.442280505833074072e-02,2.189635161065578983e-01,-4.347836642146933883e-01,5.618349529984010271e-01,1.000000000000000000e+00,3.323638374318706457e-01,2.727409670681914533e-01,-5.225214513607265819e-03,7.230650252729018401e-01,2.707478191003935830e-01,3.892079312804362923e-01,4.577581503902896642e-01,1.362554054541174064e-01,2.985545926818339857e-01,1.495308695976995117e-01,3.262761752128748305e-01,2.584030510941343062e-01,6.188969040659026977e-01,6.679727390226984918e-01,4.919135164859732567e-01,5.867163651460473028e-01,3.766718038595204265e-01,5.819623886404704516e-01,5.584547654302102204e-01,3.949837564216860386e-01,5.309049524410305310e-01,2.980653550612385461e-01,3.112095766407811381e-01,4.042861530392948821e-01,4.114999209087171206e-01,3.390554214544354017e-01,3.556665695867932686e-01,1.159027327309853084e-01,3.099765107057937952e-01
-9.715277570562198817e-02,3.225392819563708269e-01,-9.436920775670520900e-02,-6.384776488935078875e-02,-1.208318806077386537e-01,6.988840317978414207e-01,-1.785836773576024161e-01,1.368873723345168936e-01,-1.748291862124321527e-01,3.323638374318706457e-01,1.000000000000000000e+00,1.110695778474666551e-01,-1.319058561413658515e-01,4.402316878896052610e-01,-8.614725056572332396e-02,-3.237882364944119629e-01,5.307120777116675070e-01,-1.346454716223393633e-01,-1.709616399941811249e-01,-2.774029953427068484e-01,6.090778369084503228e-03,-1.382624648866861983e-01,2.665352786568928045e-01,3.193702744537871979e-02,-1.396165172227101237e-01,3.429218693361155701e-01,4.580245802075389450e-01,1.966811387237243081e-01,4.964047108996064162e-01,-2.801115775718712730e-01,2.951284702380811420e-01,4.115065792784639576e-01,2.680102000121729056e-01,7.839360187463093044e-02,5.752696612205910887e-01,5.366395454343725335e-01,5.262988849852892059e-01,-3.848262014317120339e-01,-2.308598424940932481e-01
2.825681785914646582e-01,3.164698744541479813e-01,8.359741826727576375e-02,-4.132825186795695549e-01,2.911961115768083586e-01,1.567639942515643980e-01,7.494509943420539777e-01,2.558898439576033287e-02,4.450807009764726208e-01,2.727409670681914533e-01,1.110695778474666551e-01,1.000000000000000000e+00,6.642252513391884161e-01,5.640060335179779560e-01,8.422481894387948698e-01,3.147040873405916317e-01,2.969906803615038338e-01,5.492601240058500034e-01,6.141121398691462563e-01,5.995697526845062963e-01,1.636329433694927171e-01,7.730663656937309947e-01,1.260375673792578644e-01,3.571022594943554229e-01,3.666509163932639148e-01,4.950943110894591159e-01,3.415375287879597321e-01,6.392696222737752620e-01,4.361499718497681144e-01,-8.221328489545542961e-02,3.101080127739200831e-01,2.718597714980843238e-01,2.310523743483497150e-01,8.698083537496753559e-01,4.320521576101958305e-01,2.700122389019676272e-01,3.545086978306041248e-01,4.708542177192081568e-01,2.138743199927206073e-01
2.272831723439330265e-01,-4.015755867908136351e-02,-1.478873144888972861e-02,-2.518121201872991488e-01,2.171101974223228481e-01,-6.978154330981070630e-02,6.526681893681501867e-01,1.062682220839813174e-01,2.871983452862124642e-01,-5.225214513607265819e-03,-1.319058561413658515e-01,6.642252513391884161e-01,1.000000000000000000e+00,2.789219210412431926e-01,7.115916558413580839e-01,3.953787941789915217e-01,2.180659155678857652e-01,5.667397082320192458e-01,5.632816350801115313e-01,5.634439836062119511e-01,-1.259847978483062680e-01,5.001413780185000046e-01,-7.158400883681854954e-02,1.752280519749959131e-01,1.972415024716304699e-01,1.659977408202858162e-01,-5.193549434244485591e-02,3.051741912255127587e-01,1.230015263570429507e-01,5.639617927990352164e-02,-2.100029538297257248e-01,7.548781314149252686e-02,-1.299723130904326673e-01,6.166405931238143623e-01,2.076129937657109417e-02,-2.148655797302247497e-02,-3.476853380875108424e-02,5.523649212374439621e-01,1.922746433305965730e-01
4.331946398784480845e-01,6.521025545446436089e-01,4.094027041537643963e-01,-3.184518119607430142e-01,5.142966532120410994e-01,2.470299033674940581e-01,3.737856814736881250e-01,-3.285876838710096726e-01,5.321582688287536111e-01,7.230650252729018401e-01,4.402316878896052610e-01,5.640060335179779560e-01,2.789219210412431926e-01,1.000000000000000000e+00,4.891910720407178226e-01,3.241601603833830225e-01,5.711313203685315365e-01,3.366318904229683162e-01,4.503927772996639822e-01,2.625545774669143517e-01,3.135408483265454960e-01,4.451440817199101008e-01,4.968070775138904716e-01,6.265017223987475736e-01,5.228604843191170248e-01,6.878502069848099199e-01,4.895872200199410940e-01,7.469986560403932829e-01,6.854408479145145394e-01,1.618659854410782473e-01,5.801942467017496829e-01,4.214789511287968526e-01,4.366095707303205842e-01,6.417341082702435751e-01,5.255216505424883389e-01,4.374101203278184524e-01,4.622078112736430211e-01,1.957565550598201198e-01,2.866855214707834665e-01
4.583137758788006777e-01,2.733265346096517279e-01,2.354180751476987188e-01,-4.837210035205513070e-01,4.656225202538564201e-01,-7.650408493889841732e-02,8.581608391550475945e-01,-1.279626124958693489e-01,6.132881281483958391e-01,2.707478191003935830e-01,-8.614725056572332396e-02,8.422481894387948698e-01,7.115916558413580839e-01,4.891910720407178226e-01,1.000000000000000000e+00,5.528521736951982346e-01,2.686003183391569848e-01,6.260286763367560736e-01,7.857736534707625564e-01,7.068386043289618392e-01,2.283611442206091302e-01,8.075922284245277138e-01,1.797569757223068665e-01,4.355753356797655851e-01,4.779152940871914113e-01,4.586967421982405813e-01,2.226388170965065416e-01,6.456791807423833962e-01,3.367204859541691464e-01,1.495942075473710442e-01,2.380139083705192227e-01,2.144165498989198670e-01,1.516873589684794854e-01,8.455870615991296635e-01,2.618213654056344986e-01,8.028520772498513869e-02,1.882601079080407913e-01,6.820705789253012075e-01,4.085815561459733014e-01
7.949094150313965601e-01,2.885675525992684731e-01,5.161476224585122008e-01,-3.070749396943999732e-01,6.999573888820843637e-01,-5.148389287752147547e-01,5.800776328784009728e-01,-4.679803485559007048e-01,7.773547305439011401e-01,3.892079312804362923e-01,-3.237882364944119629e-01,3.147040873405916317e-01,3.953787941789915217e-01,3.241601603833830225e-01,5.528521736951982346e-01,1.000000000000000000e+00,2.161119629139650056e-01,5.162964740849220746e-01,6.879751474198642081e-01,5.904383414034087840e-01,3.266979574975801826e-01,4.825864184810836344e-01,4.094459853692931084e-01,6.313348955250017713e-01,5.663181293235696190e-01,3.274398746787003378e-01,-2.605838892766440713e-03,4.492133576009911256e-01,1.095462911279617563e-01,7.755954892585636973e-01,7.670726429415132552e-02,9.222121249623082412e-03,-1.132383535133935221e-01,4.095255858308008978e-01,-8.092633225657495932e-02,-2.196521600009041508e-01,-1.280759476195803825e-01,7.918142507507319738e-01,6.976099143046236017e-01
3.986116027511441562e-01,4.180174536038450128e-01,1.434199099944996059e-01,-3.669992761225854272e-01,2.565411957481646965e-01,4.424234570187510762e-01,1.320862784226828068e-01,-7.378445891602976314e-02,2.950344015459929192e-01,4.577581503902896642e-01,5.307120777116675070e-01,2.969906803615038338e-01,2.180659155678857652e-01,5.711313203685315365e-01,2.686003183391569848e-01,2.161119629139650056e-01,1.000000000000000000e+00,1.853736031974672349e-01,2.240619773489839206e-01,4.622817314456648813e-02,9.297166333756394507e-02,1.229853330930092137e-01,2.538162191821660141e-01,3.947392685215594943e-01,1.316039473595786713e-01,6.881602884616945248e-01,4.684544375264904081e-01,5.131689736917984801e-01,6.940399045501064457e-01,1.464170493663878581e-01,2.373517389696401525e-01,3.570822003646256237e-01,3.181116911928086322e-01,3.564788113976302686e-01,4.890194144024014311e-01,3.580402499805965810e-01,3.936665744093162389e-01,1.123984652979484467e-01,1.559943835866552109e-02
4.406049641862019861e-01,2.746116877056655609e-02,2.512023497800575655e-01,-7.681155968870219397e-02,4.240073389531651693e-01,-1.845827456183764259e-01,6.256567084676679658e-01,-1.580969276293136272e-01,4.888223104498213289e-01,1.362554054541174064e-01,-1.346454716223393633e-01,5.492601240058500034e-01,5.667397082320192458e-01,3.366318904229683162e-01,6.260286763367560736e-01,5.162964740849220746e-01,1.853736031974672349e-01,1.000000000000000000e+00,6.841583823522181529e-01,6.648755777146995172e-01,2.241726441083600752e-01,5.733638128000109191e-01,1.841154238958859490e-01,2.881273847372352592e-01,3.841310404253892585e-01,2.512801728707048654e-01,3.684246471609675666e-02,4.403878354166511078e-01,1.070858770921972736e-01,1.917446136711767890e-01,4.147950901272193236e-02,1.553036224148331979e-01,-2.535002558915606594e-02,5.375617148476333762e-01,2.046908045554573369e-02,7.987148992070119968e-02,-1.397519905996390775e-02,6.563017669436703727e-01,4.333931286563398877e-01
5.788501157013999920e-01,2.335187422226771281e-01,5.047722946034981506e-01,-3.924542116300857586e-01,6.783087899144565336e-01,-2.915731357229230380e-01,7.870158738936995357e-01,-4.191472336258454945e-01,7.272609650007917370e-01,2.985545926818339857e-01,-1.709616399941811249e-01,6.141121398691462563e-01,5.632816350801115313e-01,4.503927772996639822e-01,7.857736534707625564e-01,6.879751474198642081e-01,2.240619773489839206e-01,6.841583823522181529e-01,1.000000000000000000e+00,6.986055782807044645e-01,3.954958496986220595e-01,7.020227484765836357e-01,3.195244706670271051e-01,4.754447293584065926e-01,5.556146867708158243e-01,4.000942575861489714e-01,1.492313607471644765e-01,6.448880698950060220e-01,2.229484359964480911e-01,3.750311922261020947e-01,2.612881029995426374e-01,1.449563532818881340e-01,1.646650929426080323e-01,6.906913933863909616e-01,8.256485391807841245e-02,-7.249155190406285365e-02,1.578415243052220043e-02,7.485296987720206907e-01,6.121389175907665514e-01
4.952427850397663756e-01,1.209270640739877750e-01,2.374360511144515684e-01,-1.148460690637868181e-01,3.942025020054906737e-01,-3.405521190282667088e-01,7.256759830177385018e-01,-1.657563185741810219e-01,5.495543617453725327e-01,1.495308695976995117e-01,-2.774029953427068484e-01,5.995697526845062963e-01,5.634439836062119511e-01,2.625545774669143517e-01,7.068386043289618392e-01,5.904383414034087840e-01,4.622817314456648813e-02,6.648755777146995172e-01,6.986055782807044645e-01,1.000000000000000000e+00,3.114530193437953787e-01,7.464099049073044112e-01,1.459587395296706169e-01,3.568965366477413470e-01,4.178317381381844720e-01,2.565395336905173518e-01,2.404512742577256945e-02,4.421031914280991182e-01,4.150617331334644639e-02,2.668146070079627785e-01,3.812809982588875879e-02,-7.336901736794119999e-02,-7.772022910198388146e-02,5.975881892317543853e-01,-5.013572685308444882e-02,-7.849619163203555572e-02,-9.387325042369287775e-02,7.333610841061450891e-01,4.866786579607583207e-01
3.954919817740681354e-01,2.269518745492840606e-01,6.139719977054493016e-01,-1.561901203367804802e-01,4.817032707283968596e-01,-2.021111091422861938e-01,2.121493206639523121e-01,-5.866228749785631358e-01,4.658770617871132447e-01,3.262761752128748305e-01,6.090778369084503228e-03,1.636329433694927171e-01,-1.259847978483062680e-01,3.135408483265454960e-01,2.283611442206091302e-01,3.266979574975801826e-01,9.297166333756394507e-02,2.241726441083600752e-01,3.954958496986220595e-01,3.114530193437953787e-01,1.000000000000000000e+00,4.339248726167037051e-01,4.219618589025305733e-01,3.808219187745641721e-01,3.901930711073968716e-01,3.412666454865188048e-01,2.096806902025387387e-01,5.010964222025724446e-01,1.819367798468242425e-01,2.284432023584247184e-01,4.946349775586005304e-01,-2.648047205047440386e-02,3.457999324169268585e-01,2.805530729489851827e-01,5.985594239856636967e-02,1.730953105412408322e-02,2.660938705498266943e-02,2.720939420855269519e-01,4.307763060422771795e-01
4.226678711720974757e-01,2.773042752264250899e-01,2.792628911969635697e-01,-3.856985053742263414e-01,4.319805572862965848e-01,-1.570212906968520561e-01,7.700721285930914872e-01,-1.934632399900308719e-01,5.895982313480038206e-01,2.584030510941343062e-01,-1.382624648866861983e-01,7.730663656937309947e-01,5.001413780185000046e-01,4.451440817199101008e-01,8.075922284245277138e-01,4.825864184810836344e-01,1.229853330930092137e-01,5.733638128000109191e-01,7.020227484765836357e-01,7.464099049073044112e-01,4.339248726167037051e-01,1.000000000000000000e+00,2.335485791621073060e-01,4.723730692025035482e-01,4.979169597885746978e-01,4.563861521229176654e-01,2.871418151182612011e-01,6.428549089373182257e-01,2.828100141846986992e-01,1.088306254043321514e-01,3.760837301263173504e-01,7.790480258851992246e-02,1.845284463919800166e-01,7.881404656175162726e-01,2.434975011756857766e-01,6.985092743257471926e-02,1.828355728695917337e-01,6.071664843220400121e-01,4.570239594072393885e-01
4.981478688058824100e-01,5.021285078695492121e-01,4.944199624103161050e-01,-1.214097510959547543e-01,5.167589279063479202e-01,-7.117727523756132990e-02,1.911609384332609574e-01,-4.572018455937542081e-01,4.278043908777746096e-01,6.188969040659026977e-01,2.665352786568928045e-01,1.260375673792578644e-01,-7.158400883681854954e-02,4.968070775138904716e-01,1.797569757223068665e-01,4.094459853692931084e-01,2.538162191821660141e-01,1.841154238958859490e-01,3.195244706670271051e-01,1.459587395296706169e-01,4.219618589025305733e-01,2.335485791621073060e-01,1.000000000000000000e+00,5.892078347244330550e-01,5.661364067963116087e-01,3.582144775136160697e-01,3.360957363488860650e-01,3.987555655869153837e-01,2.151808006920839234e-01,4.294275784027737908e-01,4.773810555794832378e-01,2.164846584113543637e-01,8.343660038939318402e-02,2.444788580468446049e-01,3.115466755187578096e-01,1.690497044007856220e-01,2.754526539508374561e-01,1.738764094013089123e-01,5.426686557113531428e-01
6.687233931245134544e-01,6.453981891066350451e-01,4.769474368212883730e-01,-3.370006006560490874e-01,5.935229484383979237e-01,-1.844011691226782046e-01,3.991977134890221102e-01,-4.383458702946315677e-01,6.932747532860020767e-01,6.679727390226984918e-01,3.193702744537871979e-02,3.571022594943554229e-01,1.752280519749959131e-01,6.265017223987475736e-01,4.355753356797655851e-01,6.313348955250017713e-01,3.947392685215594943e-01,2.881273847372352592e-01,4.754447293584065926e-01,3.568965366477413470e-01,3.808219187745641721e-01,4.723730692025035482e-01,5.892078347244330550e-01,1.000000000000000000e+00,6.402841877084307631e-01,5.940455972943977647e-01,3.299107189404325569e-01,5.848671993498673061e-01,4.288656688061356359e-01,5.819417908778798942e-01,4.541530113545030889e-01,2.304750203820083720e-01,1.929854679016704544e-01,4.652513308129164749e-01,3.003128873624761330e-01,5.034536109443116247e-02,3.048504985551926394e-01,4.182698380329451515e-01,5.056874700652251864e-01
5.579553730331809902e-01,4.245377129552521112e-01,4.914210193829333106e-01,-2.438873745276814997e-01,5.883316275640116944e-01,-2.630348371052341760e-01,4.337482808241790999e-01,-4.455193334983551523e-01,6.681367966349039955e-01,4.919135164859732567e-01,-1.396165172227101237e-01,3.666509163932639148e-01,1.972415024716304699e-01,5.228604843191170248e-01,4.779152940871914113e-01,5.663181293235696190e-01,1.316039473595786713e-01,3.841310404253892585e-01,5.556146867708158243e-01,4.178317381381844720e-01,3.901930711073968716e-01,4.979169597885746978e-01,5.661364067963116087e-01,6.402841877084307631e-01,1.000000000000000000e+00,3.901709199399371886e-01,1.706127997443107058e-01,5.452796874898457880e-01,2.692144680223079178e-01,4.362702728375810746e-01,4.270777773968679747e-01,1.647537147106411803e-01,2.564351368036763001e-01,4.731346903657122072e-01,1.253104656010433915e-01,2.851891574544493380e-02,1.363450869983834635e-01,4.663600884101446464e-01,6.069787685155709767e-01
4.871901370293688083e-01,6.095413822189015285e-01,2.789062041078440579e-01,-5.096815962009610956e-01,4.208936950529727494e-01,2.625223365808589948e-01,3.245540546010390326e-01,-2.198675645536949663e-01,5.362395761009229878e-01,5.867163651460473028e-01,3.429218693361155701e-01,4.950943110894591159e-01,1.659977408202858162e-01,6.878502069848099199e-01,4.586967421982405813e-01,3.274398746787003378e-01,6.881602884616945248e-01,2.512801728707048654e-01,4.000942575861489714e-01,2.565395336905173518e-01,3.412666454865188048e-01,4.563861521229176654e-01,3.582144775136160697e-01,5.940455972943977647e-01,3.901709199399371886e-01,1.000000000000000000e+00,7.092688957306643172e-01,7.479611365073065565e-01,7.676080214832319282e-01,1.663680383602947344e-01,5.476492137941814109e-01,4.264614674993434940e-01,4.605565331628483916e-01,5.668333859356419202e-01,6.066257581990506242e-01,4.206740191859575373e-01,5.006096066062962757e-01,2.574837356476277206e-01,1.724343231707551605e-01
1.753815555363357481e-01,4.136425662719218632e-01,8.440625602566005636e-02,-2.941935359566004160e-01,1.730180080445504753e-01,3.669993047701846645e-01,1.503473333672136758e-01,-5.255298742336573375e-02,2.429965394450304961e-01,3.766718038595204265e-01,4.580245802075389450e-01,3.415375287879597321e-01,-5.193549434244485591e-02,4.895872200199410940e-01,2.226388170965065416e-01,-2.605838892766440713e-03,4.684544375264904081e-01,3.684246471609675666e-02,1.492313607471644765e-01,2.404512742577256945e-02,2.096806902025387387e-01,2.871418151182612011e-01,3.360957363488860650e-01,3.299107189404325569e-01,1.706127997443107058e-01,7.092688957306643172e-01,1.000000000000000000e+00,4.979911428105619486e-01,5.714107943571193893e-01,-5.757105921706002355e-02,5.511945061901192267e-01,4.120045555639501589e-01,4.089155741144849809e-01,3.700535030337494535e-01,6.002742714831510451e-01,4.425300501653719465e-01,4.656354617882212388e-01,2.286852963473903419e-02,4.155360481484370039e-02
5.346631907613064172e-01,5.548931480243914915e-01,5.211573219043386107e-01,-5.020600704462432340e-01,6.137902291200246774e-01,7.776049061079336189e-02,5.624826436319451117e-01,-4.403653178036623372e-01,7.061541689876378314e-01,5.819623886404704516e-01,1.966811387237243081e-01,6.392696222737752620e-01,3.051741912255127587e-01,7.469986560403932829e-01,6.456791807423833962e-01,4.492133576009911256e-01,5.131689736917984801e-01,4.403878354166511078e-01,6.448880698950060220e-01,4.421031914280991182e-01,5.010964222025724446e-01,6.428549089373182257e-01,3.987555655869153837e-01,5.848671993498673061e-01,5.452796874898457880e-01,7.479611365073065565e-01,4.979911428105619486e-01,1.000000000000000000e+00,6.770312635562568682e-01,2.039755366303350748e-01,6.587287653667905918e-01,3.198736178391394236e-01,5.732565810815825058e-01,7.573505772693439608e-01,4.336062776380126826e-01,2.439273988242560420e-01,3.673572523985628169e-01,4.065035534361710612e-01,4.462065356834907792e-01
2.991087458547789790e-01,5.930808812266836760e-01,1.393658495952720122e-01,-4.201455866575111719e-01,2.331871716318319188e-01,4.959340024301668315e-01,1.891494690221558195e-01,-8.301998176793343176e-02,3.771430910112734680e-01,5.584547654302102204e-01,4.964047108996064162e-01,4.361499718497681144e-01,1.230015263570429507e-01,6.854408479145145394e-01,3.367204859541691464e-01,1.095462911279617563e-01,6.940399045501064457e-01,1.070858770921972736e-01,2.229484359964480911e-01,4.150617331334644639e-02,1.819367798468242425e-01,2.828100141846986992e-01,2.151808006920839234e-01,4.288656688061356359e-01,2.692144680223079178e-01,7.676080214832319282e-01,5.714107943571193893e-01,6.770312635562568682e-01,1.000000000000000000e+00,4.108204323063371043e-03,5.155924241248637241e-01,5.339588642173173083e-01,5.792939132621328646e-01,4.921935312151356490e-01,6.261009836347679602e-01,4.396568165010897311e-01,5.621502460480477525e-01,1.848724058708900095e-02,-2.599546301951285304e-02
7.164263413703783057e-01,3.093258792882436770e-01,4.741685951681682276e-01,-8.699664532680347062e-02,5.692816818717703065e-01,-5.499409223248428180e-01,2.401173045186045796e-01,-4.804826162038942083e-01,6.197186485923970034e-01,3.949837564216860386e-01,-2.801115775718712730e-01,-8.221328489545542961e-02,5.639617927990352164e-02,1.618659854410782473e-01,1.495942075473710442e-01,7.755954892585636973e-01,1.464170493663878581e-01,1.917446136711767890e-01,3.750311922261020947e-01,2.668146070079627785e-01,2.284432023584247184e-01,1.088306254043321514e-01,4.294275784027737908e-01,5.819417908778798942e-01,4.362702728375810746e-01,1.663680383602947344e-01,-5.757105921706002355e-02,2.039755366303350748e-01,4.108204323063371043e-03,1.000000000000000000e+00,1.338120500531395606e-02,-5.508164632532829008e-02,-1.473857421125845113e-01,3.612254032218693151e-02,-1.958872042462632967e-01,-2.999365233280530951e-01,-2.163923201892421211e-01,5.174769374786718501e-01,5.909993542148582746e-01
2.270850873016459492e-01,5.945032580012078460e-01,5.006950253523572147e-01,-3.405315623426993787e-01,4.256438305228050778e-01,1.358652224370363315e-01,2.087572066033353269e-01,-4.790526711564881412e-01,4.293512774948609612e-01,5.309049524410305310e-01,2.951284702380811420e-01,3.101080127739200831e-01,-2.100029538297257248e-01,5.801942467017496829e-01,2.380139083705192227e-01,7.670726429415132552e-02,2.373517389696401525e-01,4.147950901272193236e-02,2.612881029995426374e-01,3.812809982588875879e-02,4.946349775586005304e-01,3.760837301263173504e-01,4.773810555794832378e-01,4.541530113545030889e-01,4.270777773968679747e-01,5.476492137941814109e-01,5.511945061901192267e-01,6.587287653667905918e-01,5.155924241248637241e-01,1.338120500531395606e-02,1.000000000000000000e+00,3.454364643949645597e-01,6.476578080287230810e-01,4.522497396946872361e-01,4.942491704686379217e-01,2.295402681336970452e-01,4.819629071519511143e-01,-4.117172996371028237e-02,3.381978753429719098e-01
5.320315042422928825e-02,3.606362811152920012e-01,-5.488335441110574892e-02,-2.392324949851206140e-01,6.960153172488182938e-02,4.196986017072057429e-01,1.441900595914467342e-01,9.174441685150316883e-02,1.764720792031605756e-01,2.980653550612385461e-01,4.115065792784639576e-01,2.718597714980843238e-01,7.548781314149252686e-02,4.214789511287968526e-01,2.144165498989198670e-01,9.222121249623082412e-03,3.570822003646256237e-01,1.553036224148331979e-01,1.449563532818881340e-01,-7.336901736794119999e-02,-2.648047205047440386e-02,7.790480258851992246e-02,2.164846584113543637e-01,2.304750203820083720e-01,1.647537147106411803e-01,4.264614674993434940e-01,4.120045555639501589e-01,3.198736178391394236e-01,5.339588642173173083e-01,-5.508164632532829008e-02,3.454364643949645597e-01,1.000000000000000000e+00,2.762368001959782937e-01,2.495613595463193057e-01,5.619175902330105776e-01,4.365168986341355639e-01,6.170282205360315686e-01,-2.734220620518720141e-02,-6.671469394350323934e-02
5.172097531884167765e-02,3.496668519806082065e-01,3.670415850944147018e-01,-3.018514173233912135e-01,2.422962133378960548e-01,2.658939702305517239e-01,7.927267210002719722e-02,-3.536215477941297425e-01,3.064724765631483550e-01,3.112095766407811381e-01,2.680102000121729056e-01,2.310523743483497150e-01,-1.299723130904326673e-01,4.366095707303205842e-01,1.516873589684794854e-01,-1.132383535133935221e-01,3.181116911928086322e-01,-2.535002558915606594e-02,1.646650929426080323e-01,-7.772022910198388146e-02,3.457999324169268585e-01,1.845284463919800166e-01,8.343660038939318402e-02,1.929854679016704544e-01,2.564351368036763001e-01,4.605565331628483916e-01,4.089155741144849809e-01,5.732565810815825058e-01,5.792939132621328646e-01,-1.473857421125845113e-01,6.476578080287230810e-01,2.762368001959782937e-01,1.000000000000000000e+00,3.693904912955398023e-01,3.563661678887575790e-01,1.872508846938864269e-01,2.999939238250849960e-01,-1.341882756429902679e-01,5.246153055072663718e-02
4.039578730150423236e-01,4.165294034149598090e-01,3.001310201187694648e-01,-4.772496596053426576e-01,4.854523300760186233e-01,6.225927967795094609e-02,7.659525523643869738e-01,-1.959670027670200043e-01,5.877174709983880030e-01,4.042861530392948821e-01,7.839360187463093044e-02,8.698083537496753559e-01,6.166405931238143623e-01,6.417341082702435751e-01,8.455870615991296635e-01,4.095255858308008978e-01,3.564788113976302686e-01,5.375617148476333762e-01,6.906913933863909616e-01,5.975881892317543853e-01,2.805530729489851827e-01,7.881404656175162726e-01,2.444788580468446049e-01,4.652513308129164749e-01,4.731346903657122072e-01,5.668333859356419202e-01,3.700535030337494535e-01,7.573505772693439608e-01,4.921935312151356490e-01,3.612254032218693151e-02,4.522497396946872361e-01,2.495613595463193057e-01,3.693904912955398023e-01,1.000000000000000000e+00,4.048708602116831701e-01,2.114660149601892136e-01,3.257363085478170439e-01,4.887095298701044643e-01,3.541512198574593984e-01
9.610349011296794031e-02,5.328809025482522665e-01,-3.568036890724329835e-02,-4.002487765026588873e-01,4.087153445183212136e-02,5.967833857272984988e-01,1.584742157891942949e-01,9.836496974086626766e-02,1.019924508876058067e-01,4.114999209087171206e-01,5.752696612205910887e-01,4.320521576101958305e-01,2.076129937657109417e-02,5.255216505424883389e-01,2.618213654056344986e-01,-8.092633225657495932e-02,4.890194144024014311e-01,2.046908045554573369e-02,8.256485391807841245e-02,-5.013572685308444882e-02,5.985594239856636967e-02,2.434975011756857766e-01,3.115466755187578096e-01,3.003128873624761330e-01,1.253104656010433915e-01,6.066257581990506242e-01,6.002742714831510451e-01,4.336062776380126826e-01,6.261009836347679602e-01,-1.958872042462632967e-01,4.942491704686379217e-01,5.619175902330105776e-01,3.563661678887575790e-01,4.048708602116831701e-01,1.000000000000000000e+00,5.729306399526838955e-01,8.180436167369213862e-01,-1.451498522713289274e-01,-1.437478249221888493e-01
-3.369531469123360906e-02,3.072710701086717733e-01,-1.427828238772088365e-01,-3.500423766695667099e-02,-2.094781131138114677e-02,5.590090595657797312e-01,-3.503841528269478756e-02,2.045063142782923005e-01,-4.483920414027817158e-02,3.390554214544354017e-01,5.366395454343725335e-01,2.700122389019676272e-01,-2.148655797302247497e-02,4.374101203278184524e-01,8.028520772498513869e-02,-2.196521600009041508e-01,3.580402499805965810e-01,7.987148992070119968e-02,-7.249155190406285365e-02,-7.849619163203555572e-02,1.730953105412408322e-02,6.985092743257471926e-02,1.690497044007856220e-01,5.034536109443116247e-02,2.851891574544493380e-02,4.206740191859575373e-01,4.425300501653719465e-01,2.439273988242560420e-01,4.396568165010897311e-01,-2.999365233280530951e-01,2.295402681336970452e-01,4.365168986341355639e-01,1.872508846938864269e-01,2.114660149601892136e-01,5.729306399526838955e-01,1.000000000000000000e+00,5.210437215849191839e-01,-2.094791655854914281e-01,-2.992680457026821728e-01
1.855638443939217064e-02,4.955461958584934656e-01,-9.854328672115206245e-02,-3.734528751831089899e-01,-4.434640373428602386e-03,5.886165413277979486e-01,1.019881248462196910e-01,1.472883220415671657e-01,2.822191699685586835e-02,3.556665695867932686e-01,5.262988849852892059e-01,3.545086978306041248e-01,-3.476853380875108424e-02,4.622078112736430211e-01,1.882601079080407913e-01,-1.280759476195803825e-01,3.936665744093162389e-01,-1.397519905996390775e-02,1.578415243052220043e-02,-9.387325042369287775e-02,2.660938705498266943e-02,1.828355728695917337e-01,2.754526539508374561e-01,3.048504985551926394e-01,1.363450869983834635e-01,5.006096066062962757e-01,4.656354617882212388e-01,3.673572523985628169e-01,5.621502460480477525e-01,-2.163923201892421211e-01,4.819629071519511143e-01,6.170282205360315686e-01,2.999939238250849960e-01,3.257363085478170439e-01,8.180436167369213862e-01,5.210437215849191839e-01,1.000000000000000000e+00,-2.199886332739026673e-01,-1.583154567206034036e-01
6.514863800584586029e-01,4.590020396078925424e-02,3.348197686059289913e-01,-2.557754171319978620e-01,5.459800562879008057e-01,-4.668704270272400758e-01,6.958090643874573766e-01,-2.716589893526208943e-01,6.846738002023204928e-01,1.159027327309853084e-01,-3.848262014317120339e-01,4.708542177192081568e-01,5.523649212374439621e-01,1.957565550598201198e-01,6.820705789253012075e-01,7.918142507507319738e-01,1.123984652979484467e-01,6.563017669436703727e-01,7.485296987720206907e-01,7.333610841061450891e-01,2.720939420855269519e-01,6.071664843220400121e-01,1.738764094013089123e-01,4.182698380329451515e-01,4.663600884101446464e-01,2.574837356476277206e-01,2.286852963473903419e-02,4.065035534361710612e-01,1.848724058708900095e-02,5.174769374786718501e-01,-4.117172996371028237e-02,-2.734220620518720141e-02,-1.341882756429902679e-01,4.887095298701044643e-01,-1.451498522713289274e-01,-2.094791655854914281e-01,-2.199886332739026673e-01,1.000000000000000000e+00,6.062549585584023903e-01
5.947144053810126119e-01,2.055239378633005876e-01,6.460721738475900811e-01,-2.183625102700920695e-01,6.864008989806030803e-01,-5.483750474407144138e-01,4.803196146408534872e-01,-6.232354382471542165e-01,6.782399620197849810e-01,3.099765107057937952e-01,-2.308598424940932481e-01,2.138743199927206073e-01,1.922746433305965730e-01,2.866855214707834665e-01,4.085815561459733014e-01,6.976099143046236017e-01,1.559943835866552109e-02,4.333931286563398877e-01,6.121389175907665514e-01,4.866786579607583207e-01,4.307763060422771795e-01,4.570239594072393885e-01,5.426686557113531428e-01,5.056874700652251864e-01,6.069787685155709767e-01,1.724343231707551605e-01,4.155360481484370039e-02,4.462065356834907792e-01,-2.599546301951285304e-02,5.909993542148582746e-01,3.381978753429719098e-01,-6.671469394350323934e-02,5.246153055072663718e-02,3.541512198574593984e-01,-1.437478249221888493e-01,-2.992680457026821728e-01,-1.583154567206034036e-01,6.062549585584023903e-01,1.000000000000000000e+00
