1.000000000000000000e+00,-3.235388994585127742e-01,-2.936464684459513808e-01,8.854953873815379906e-03,-1.225915388850432400e-02,-4.063394302957363258e-01,-3.216741788775925315e-01,3.979962099815587684e-01,2.040617758518977476e-01,-2.601872456142365064e-02,-6.498236575963058925e-01,-4.212689922854497837e-01,2.285905100106406518e-01,-3.423139599665041555e-01,1.502005787165154871e-01,6.928430943741107351e-01,-4.620668309438080712e-01,-8.559589165493101948e-02,-4.278444986396531813e-01,-3.026861554639116991e-01,-2.320536491296402437e-01,-2.710387490015070400e-01,-3.637359934161500385e-01,1.284978570741349135e-02,-4.433666178218040321e-02,5.844064831279657257e-01,-5.496460648503500579e-01,3.510047749370869274e-01,5.202640172583721245e-01,6.562529953474390831e-01,-6.795810337494060382e-01,-6.045637977923391526e-01,-6.570145347697298188e-01,-1.483528341677423368e-01,-7.571337596489936816e-02,3.794983201595918815e-02,-5.886132260938399252e-01,4.984597235157535167e-01,-4.990225672682815361e-01
-3.235388994585127742e-01,1.000000000000000000e+00,5.093694617050413820e-01,5.909169388984605309e-01,4.764753126619366008e-01,1.167831017932449145e-01,4.202868912244813737e-01,-6.050444092957211195e-01,4.668879218278957910e-01,6.532660575268077752e-01,5.251739135623708643e-01,7.448785240118490636e-01,2.260100954435079190e-02,6.699391931160550984e-01,-1.562546160444934495e-01,-1.693114912750962042e-01,2.018775394189437633e-01,6.855059539315891959e-01,8.066633582891696852e-01,6.266363521864874997e-01,2.511874631763179044e-01,7.211428275318038095e-01,6.042168321164590461e-01,1.334870227319512048e-01,1.260502696121386101e-01,-4.104326998840870377e-01,8.600916769804652917e-01,-4.829779628232315214e-01,-6.850218901491752499e-01,-3.539725526844879067e-01,7.785273052486466616e-01,8.526151065291828202e-01,5.099566506968472579e-01,5.606767123496998462e-01,-4.224870435495511334e-01,4.228973700487639320e-01,7.981115050694774782e-01,-4.188871120064774356e-01,7.847479753663302304e-01
-2.936464684459513808e-01,5.093694617050413820e-01,1.000000000000000000e+00,4.882021775829256671e-01,6.919107723388369102e-01,3.159270969766898862e-02,3.419596143072779482e-01,-9.100227032214404099e-01,5.007546320414991703e-01,5.374381916395094549e-01,3.192648818929162413e-01,5.154298639992215270e-01,-1.188265412931943099e-01,7.737639933780112722e-01,-1.668093107185110724e-01,1.256554290059683776e-01,9.620618896906640849e-02,5.973236627201264914e-01,7.093531827692136638e-01,2.202240259233258224e-01,2.045116442638398868e-01,3.593066738924686754e-01,4.745435951370077787e-01,3.784405239047526348e-01,3.558887886127736766e-01,-4.798275569485647291e-02,5.983694833078105901e-01,7.158544567927561941e-02,-3.603237408199962410e-01,-9.597471697204862373e-02,5.527657282393257931e-01,5.108982740052666616e-01,4.284486519517436975e-01,6.873017982355211775e-01,-1.242271697769113115e-01,4.449600872974934784e-01,5.077312648425299502e-01,-6.948586396562547729e-02,6.031397234329963775e-01
8.854953873815379906e-03,5.909169388984605309e-01,4.882021775829256671e-01,1.000000000000000000e+00,4.525267787724422952e-01,-1.789374690058107009e-01,4.893412885437090631e-01,-5.057033668013879435e-01,5.057150368569407473e-01,5.616224440833401665e-01,1.006421595898248506e-01,4.678357429790601651e-01,1.099695235193906828e-01,5.073031812937672802e-01,-2.121458306826116691e-01,1.525385529527608364e-01,-1.467686579899279697e-01,6.430779254560163860e-01,6.011815683765682206e-01,5.500467005093558903e-01,2.120330581762930044e-01,5.286890684676283092e-01,3.078128092001554128e-01,1.437864918354160026e-01,1.381563398606709958e-01,-2.101477546882015435e-01,4.628887721599926897e-01,-2.153293445625653613e-01,-3.900347200291367500e-01,-4.389008888557523191e-02,4.555748000745832860e-01,4.340441022958913542e-01,1.626128944437501278e-01,4.843893713636878706e-01,-4.615609745282545084e-01,3.819790315381121348e-01,3.984349048228388868e-01,-1.697954043037044614e-01,5.214499829095123884e-01
-1.225915388850432400e-02,4.764753126619366008e-01,6.919107723388369102e-01,4.525267787724422952e-01,1.000000000000000000e+00,1.837752231027987015e-01,2.684667055841432060e-01,-7.089217978950065335e-01,6.239159883414665542e-01,5.592565195475023287e-01,2.939446206384218607e-01,4.073001592509186697e-01,-7.973666623555381028e-02,6.847374800711722997e-01,-2.622363060075998953e-01,3.589149865603707967e-01,2.333521835458858273e-01,6.341003836496081902e-01,5.773975546632975631e-01,1.056235678061873996e-02,1.334640738061370624e-01,3.044513219954188554e-01,5.175756444147405766e-01,2.941029348250001618e-01,3.962229105461781420e-01,1.934664131935221743e-01,4.595041162711076543e-01,1.393032915724161935e-01,-8.604928803571250395e-02,2.267292573287630619e-01,3.823720719997792949e-01,4.108568297203424313e-01,3.635480489575590446e-01,7.129569358243111887e-01,-6.981983091682118260e-03,6.213097435751736564e-01,4.416913120747332222e-01,-1.472030862818747912e-02,3.986721627369921861e-01
-4.063394302957363258e-01,1.167831017932449145e-01,3.159270969766898862e-02,-1.789374690058107009e-01,1.837752231027987015e-01,1.000000000000000000e+00,1.422053836386367454e-01,-1.400214660591476978e-01,-2.450226340395111890e-01,1.369745963163456481e-01,7.660247527700199122e-01,6.144825446271968972e-02,-4.296605947617728183e-01,1.668242058768642788e-01,-3.543081618257292176e-01,-2.374398064536231978e-01,8.883511745901834233e-01,6.244033663301021492e-04,5.674143665361168487e-02,-1.511988599787496002e-01,4.324797471552332961e-01,-4.650998992114122044e-02,5.688647251335435806e-01,-1.879140974572664213e-01,3.017327290560186670e-01,4.811684174332232083e-02,3.113156055740023964e-01,1.335309456578495091e-01,3.740827525080512445e-02,-1.091772970958894140e-01,4.078866688535881524e-01,3.834122772885250607e-01,6.845013237813851736e-01,5.322654167067750880e-02,6.292762277532299997e-01,2.253083269142742151e-01,4.992033037993225952e-01,-3.996225012321560910e-01,1.416113483044286305e-03
-3.216741788775925315e-01,4.202868912244813737e-01,3.419596143072779482e-01,4.893412885437090631e-01,2.684667055841432060e-01,1.422053836386367454e-01,1.000000000000000000e+00,-4.091091174960635457e-01,9.075101663572550381e-02,4.508795405753348584e-01,3.150313147164837679e-01,1.361107246318022934e-01,-1.427340824227843197e-01,3.752188129911243619e-01,-3.272919519445698922e-01,-1.251998478773935497e-01,1.516492613195260797e-01,1.655802543338373012e-01,3.574527847432262817e-01,2.662014862901858070e-01,1.233177525662418200e-01,1.948385684798970563e-01,3.417506434150879291e-01,-3.910078241166370372e-02,2.385627110946389740e-01,-3.454750617513998590e-01,4.215834117909106338e-01,-2.695174269065929717e-01,-2.996710424969697417e-01,-7.958047225932567137e-02,5.526855285327827438e-01,4.413580434474405623e-01,3.136070846889567609e-01,2.682381319775342110e-01,-1.032066739828005619e-01,2.691005475207107756e-01,4.374494241523320115e-01,-5.479755488590877244e-01,3.682327995874979387e-01
3.979962099815587684e-01,-6.050444092957211195e-01,-9.100227032214404099e-01,-5.057033668013879435e-01,-7.089217978950065335e-01,-1.400214660591476978e-01,-4.091091174960635457e-01,1.000000000000000000e+00,-5.104417303142183560e-01,-5.891254711568170155e-01,-4.446832444514343119e-01,-5.819700865871654250e-01,1.425251464305805904e-01,-8.152623967021045415e-01,1.873831207777919561e-01,-4.679316546449346914e-02,-2.159758271752509617e-01,-6.386403353230997171e-01,-7.672123439208211604e-01,-2.671243976486928351e-01,-2.210427317549673032e-01,-4.201263304905694662e-01,-5.881253025130962486e-01,-3.497379605603003760e-01,-3.805240003484421374e-01,1.515768196896405129e-01,-6.893188390378806041e-01,3.890147936363951009e-02,4.322078655104917844e-01,1.543720831625603751e-01,-6.657759906736271382e-01,-6.354699051127515874e-01,-5.542314186513855878e-01,-7.412506339142248546e-01,1.314058907529115361e-01,-4.586445886434394326e-01,-6.358745886725242213e-01,1.893926432899356860e-01,-6.774568595871343080e-01
2.040617758518977476e-01,4.668879218278957910e-01,5.007546320414991703e-01,5.057150368569407473e-01,6.239159883414665542e-01,-2.450226340395111890e-01,9.075101663572550381e-02,-5.104417303142183560e-01,1.000000000000000000e+00,4.824883897176468484e-01,-8.395174672003344329e-02,4.825274505884797893e-01,1.945497725620804197e-01,5.437114572894636844e-01,1.866531718637435278e-01,4.837237735970359997e-01,-2.081999046702709966e-01,7.481077227423922338e-01,6.008962708440510614e-01,2.459274534927961831e-01,-1.938492561645675794e-02,4.693214173270310874e-01,2.973981981558075915e-01,3.695392669967574317e-01,1.556942166996625743e-01,1.740199922246146169e-01,3.156741376886441075e-01,3.034378805381841501e-02,-1.456159276291646432e-01,2.464683082912285661e-01,1.898121054064104973e-01,2.597269682468358321e-01,9.384237257870677029e-02,7.508710382498644531e-01,-3.873687546898972878e-01,5.229751942502618434e-01,2.309919156665686812e-01,3.110903523135895021e-01,4.493481970383268465e-01
-2.601872456142365064e-02,6.532660575268077752e-01,5.374381916395094549e-01,5.616224440833401665e-01,5.592565195475023287e-01,1.369745963163456481e-01,4.508795405753348584e-01,-5.891254711568170155e-01,4.824883897176468484e-01,1.000000000000000000e+00,3.158067513161342266e-01,3.754634201809162186e-01,-1.007165330474857762e-01,5.677958803694913570e-01,-2.850504473298569597e-01,3.160920276481520852e-01,1.669009514016251416e-01,5.584225628048126167e-01,5.491321262218041843e-01,3.062509039433874425e-01,2.481641059072875188e-01,3.798386251945342074e-01,6.441680488173254782e-01,1.528540404947061893e-01,3.924864671388008652e-01,2.238537052617918174e-02,5.997059387458842927e-01,-8.621207500342935315e-02,-2.845704761118736381e-01,1.603948667081613599e-01,5.342042259781206726e-01,5.460234576216420610e-01,4.167554924537763550e-01,4.959326438093701328e-01,-9.384056775573282327e-02,6.140373221659145564e-01,5.874442781081665732e-01,-2.476757483279517780e-01,4.693233699723081687e-01
-6.498236575963058925e-01,5.251739135623708643e-01,3.192648818929162413e-01,1.006421595898248506e-01,2.939446206384218607e-01,7.660247527700199122e-01,3.150313147164837679e-01,-4.446832444514343119e-01,-8.395174672003344329e-02,3.158067513161342266e-01,1.000000000000000000e+00,4.468620517026003491e-01,-3.692898821019628963e-01,4.617508431423459347e-01,-3.613980829020960739e-01,-4.482803297986361346e-01,8.196930440423201292e-01,2.356599960707815300e-01,4.359341559226987961e-01,2.256280724525090431e-01,4.644232381006986876e-01,3.202179823180022478e-01,6.962998079977296140e-01,-1.461679662583259716e-02,2.825101521323685749e-01,-3.284054970180184108e-01,7.162235068317098774e-01,-2.186394273568378621e-01,-4.413071805639848244e-01,-4.769439995473551130e-01,7.673512968594298211e-01,7.553855233117018342e-01,8.240207039387191790e-01,2.780740548495109210e-01,2.447088738713506517e-01,1.992151448492102128e-01,8.057208663261591353e-01,-6.096904991880894853e-01,4.756652461657394637e-01
-4.212689922854497837e-01,7.448785240118490636e-01,5.154298639992215270e-01,4.678357429790601651e-01,4.073001592509186697e-01,6.144825446271968972e-02,1.361107246318022934e-01,-5.819700865871654250e-01,4.825274505884797893e-01,3.754634201809162186e-01,4.468620517026003491e-01,1.000000000000000000e+00,2.231614892146194240e-01,6.916780043716780346e-01,1.708708754124864670e-01,-2.321188038071215487e-01,1.409577546147484095e-01,7.165488682465842585e-01,8.125585020118936130e-01,6.348443689049029226e-01,2.370782386275405995e-01,8.190692213072517935e-01,5.300385340008729740e-01,3.294381402841198292e-01,8.191710262632741213e-02,-4.555295114242627341e-01,7.318209984185829464e-01,-4.601582561005473915e-01,-6.852972053414503328e-01,-4.791827354092574320e-01,6.530505473924944626e-01,7.213861960983213306e-01,5.395753603825039768e-01,6.045806736175600715e-01,-4.420238132918103413e-01,2.930051996555704252e-01,6.788386224682460002e-01,-1.000613336361585587e-01,8.242455291286143737e-01
2.285905100106406518e-01,2.260100954435079190e-02,-1.188265412931943099e-01,1.099695235193906828e-01,-7.973666623555381028e-02,-4.296605947617728183e-01,-1.427340824227843197e-01,1.425251464305805904e-01,1.945497725620804197e-01,-1.007165330474857762e-01,-3.692898821019628963e-01,2.231614892146194240e-01,1.000000000000000000e+00,4.534725678384890490e-02,3.841588254535630020e-01,6.208732708573084375e-02,-3.843536702419672046e-01,8.861072455581563145e-02,5.207442602280715205e-02,2.492207610339735313e-01,-6.570487905255605054e-02,3.657516980522856898e-01,-1.839322855650671606e-01,1.296318919914809520e-01,-1.084526918040299021e-01,-1.790394665494948467e-01,-1.409510389902264016e-01,-2.844971999475816027e-01,-1.418164979104927226e-01,-3.054677072970808996e-02,-2.314595566943448979e-01,-1.648059276011429042e-01,-2.775017251977617838e-01,-1.171864496808176781e-02,-3.926023173613131245e-01,-6.669156028515901835e-02,-2.338645797424374062e-01,2.837318038007820009e-01,1.085011347493498868e-01
-3.423139599665041555e-01,6.699391931160550984e-01,7.737639933780112722e-01,5.073031812937672802e-01,6.847374800711722997e-01,1.668242058768642788e-01,3.752188129911243619e-01,-8.152623967021045415e-01,5.437114572894636844e-01,5.677958803694913570e-01,4.617508431423459347e-01,6.916780043716780346e-01,4.534725678384890490e-02,1.000000000000000000e+00,-1.850761140990166490e-02,-2.155756257031230059e-03,2.172066609327199249e-01,6.714962991482802401e-01,7.909646717318847831e-01,3.776108707337322290e-01,2.022541433826484658e-01,5.520130442152036965e-01,6.347507177844770032e-01,4.060781481589798014e-01,3.734960624085087444e-01,-2.223537337447412943e-01,6.964478142679704220e-01,-1.586008356048857482e-01,-4.616051345834974451e-01,-1.951963190718654095e-01,6.592533874183849063e-01,6.579293665685923553e-01,5.808463772143848125e-01,7.288861862176125861e-01,-1.996929652964853086e-01,5.031570861535583639e-01,6.775092011857283270e-01,-1.274946499675485567e-01,7.235078629407790674e-01
1.502005787165154871e-01,-1.562546160444934495e-01,-1.668093107185110724e-01,-2.121458306826116691e-01,-2.622363060075998953e-01,-3.543081618257292176e-01,-3.272919519445698922e-01,1.873831207777919561e-01,1.866531718637435278e-01,-2.850504473298569597e-01,-3.613980829020960739e-01,1.708708754124864670e-01,3.841588254535630020e-01,-1.850761140990166490e-02,1.000000000000000000e+00,2.813329573560142613e-02,-3.754733650467918515e-01,3.760112954694753984e-02,-1.013895692573184466e-02,1.979841651477314279e-01,-2.630573643016760332e-01,1.153869184766413286e-01,-1.908286476706795853e-01,1.925029730130929928e-01,-1.690953966736783165e-01,-5.891303618241428008e-02,-2.278949511485070800e-01,-9.680334137597695898e-02,-1.889887917739523429e-02,-1.690731247628639647e-02,-2.767438496375325130e-01,-2.168368627181179453e-01,-1.971610746405982051e-01,1.104722653654358067e-01,-3.308546490360387282e-01,-1.084197067792738167e-01,-2.366945260405714235e-01,5.861974668561066304e-01,4.866730231183011984e-02
6.928430943741107351e-01,-1.693114912750962042e-01,1.256554290059683776e-01,1.525385529527608364e-01,3.589149865603707967e-01,-2.374398064536231978e-01,-1.251998478773935497e-01,-4.679316546449346914e-02,4.837237735970359997e-01,3.160920276481520852e-01,-4.482803297986361346e-01,-2.321188038071215487e-01,6.208732708573084375e-02,-2.155756257031230059e-03,2.813329573560142613e-02,1.000000000000000000e+00,-2.738635695925601965e-01,1.880768046326748988e-01,-1.231851374292890211e-01,-3.645136565022182307e-01,-1.399374199543942099e-01,-2.119820687053279029e-01,1.005604905853019898e-02,1.226533515037746547e-01,1.900190713230246742e-01,7.100138632718994147e-01,-3.136619232054061457e-01,4.605637738188724795e-01,4.695457276021799409e-01,7.717480533298731737e-01,-4.029678044313159124e-01,-3.847845968511899861e-01,-3.415208049066884022e-01,2.059488616450805276e-01,5.496376814749148049e-02,3.566336912079390298e-01,-3.420167951041026555e-01,5.021863798202121920e-01,-2.765798770634298465e-01
-4.620668309438080712e-01,2.018775394189437633e-01,9.620618896906640849e-02,-1.467686579899279697e-01,2.333521835458858273e-01,8.883511745901834233e-01,1.516492613195260797e-01,-2.159758271752509617e-01,-2.081999046702709966e-01,1.669009514016251416e-01,8.196930440423201292e-01,1.409577546147484095e-01,-3.843536702419672046e-01,2.172066609327199249e-01,-3.754733650467918515e-01,-2.738635695925601965e-01,1.000000000000000000e+00,3.453952383786809688e-02,1.302482424681272455e-01,-1.180211605565906763e-01,4.111028191599833681e-01,4.143509596972055897e-02,6.149103059874254651e-01,-8.338366510936599807e-02,3.607140013120810895e-01,-1.986865079999715344e-02,4.116599221992459645e-01,3.308848726293785181e-02,-7.887208225884106971e-02,-1.927032922585160402e-01,4.804095878527584462e-01,4.666539726054321213e-01,7.133860780631222642e-01,1.160831415460644722e-01,5.433270625871038373e-01,2.028243148831694598e-01,5.624182994522166634e-01,-4.587536363163385866e-01,1.129760360274103120e-01
-8.559589165493101948e-02,6.855059539315891959e-01,5.973236627201264914e-01,6.430779254560163860e-01,6.341003836496081902e-01,6.244033663301021492e-04,1.655802543338373012e-01,-6.386403353230997171e-01,7.481077227423922338e-01,5.584225628048126167e-01,2.356599960707815300e-01,7.165488682465842585e-01,8.861072455581563145e-02,6.714962991482802401e-01,3.760112954694753984e-02,1.880768046326748988e-01,3.453952383786809688e-02,1.000000000000000000e+00,8.032127544497456029e-01,4.807373606139534461e-01,1.965222819076964111e-01,6.579319076499754448e-01,4.954539717897167850e-01,2.737523246909662755e-01,8.684510085630749165e-02,2.156919508577504526e-05,6.008093956942486269e-01,-9.393005914919874688e-02,-3.526820476911817215e-01,-1.335262659309352160e-02,4.815009702120348623e-01,5.865010353567167156e-01,3.823587047629196101e-01,7.254469175578410756e-01,-3.201157309858216338e-01,5.353468937255851934e-01,5.553010705837175820e-01,8.925864151821048809e-02,5.834249931425178337e-01
-4.278444986396531813e-01,8.066633582891696852e-01,7.093531827692136638e-01,6.011815683765682206e-01,5.773975546632975631e-01,5.674143665361168487e-02,3.574527847432262817e-01,-7.672123439208211604e-01,6.008962708440510614e-01,5.491321262218041843e-01,4.359341559226987961e-01,8.125585020118936130e-01,5.207442602280715205e-02,7.909646717318847831e-01,-1.013895692573184466e-02,-1.231851374292890211e-01,1.302482424681272455e-01,8.032127544497456029e-01,1.000000000000000000e+00,5.986375315866148128e-01,2.534367974137411994e-01,7.170298859124715207e-01,5.460872299452728118e-01,2.341051265366289880e-01,1.537026471801056504e-01,-3.238197330640232297e-01,7.920866050770363209e-01,-2.920249858331494530e-01,-6.167176999195276288e-01,-3.330697855640480931e-01,7.369935562024090281e-01,7.672120999270030106e-01,5.429521736093936291e-01,7.313471474512089898e-01,-3.897109903457852131e-01,4.889384914861681919e-01,7.180768501457814867e-01,-1.694800851434573596e-01,8.325700510462453741e-01
-3.026861554639116991e-01,6.266363521864874997e-01,2.202240259233258224e-01,5.500467005093558903e-01,1.056235678061873996e-02,-1.511988599787496002e-01,2.662014862901858070e-01,-2.671243976486928351e-01,2.459274534927961831e-01,3.062509039433874425e-01,2.256280724525090431e-01,6.348443689049029226e-01,2.492207610339735313e-01,3.776108707337322290e-01,1.979841651477314279e-01,-3.645136565022182307e-01,-1.180211605565906763e-01,4.807373606139534461e-01,5.986375315866148128e-01,1.000000000000000000e+00,2.559464972031184615e-01,6.986530067609600936e-01,2.257577280716610568e-01,-1.979380577116270426e-02,-1.685740987919989997e-01,-5.480978257187572034e-01,5.758178943821165019e-01,-4.791501313163256670e-01,-6.348835992170028808e-01,-4.925643232314864117e-01,5.354317629008024104e-01,5.752287718208507483e-01,2.586460637672572394e-01,2.743371402563504202e-01,-5.236798022113540174e-01,1.507084773653432630e-01,4.958038637052490927e-01,-1.915063222579633517e-01,6.498597875797522683e-01
-2.320536491296402437e-01,2.511874631763179044e-01,2.045116442638398868e-01,2.120330581762930044e-01,1.334640738061370624e-01,4.324797471552332961e-01,1.233177525662418200e-01,-2.210427317549673032e-01,-1.938492561645675794e-02,2.481641059072875188e-01,4.644232381006986876e-01,2.370782386275405995e-01,-6.570487905255605054e-02,2.022541433826484658e-01,-2.630573643016760332e-01,-1.399374199543942099e-01,4.111028191599833681e-01,1.965222819076964111e-01,2.534367974137411994e-01,2.559464972031184615e-01,1.000000000000000000e+00,2.695604448662984876e-01,3.852293474982700361e-01,-1.250963941273374458e-01,1.622962532156214666e-01,-8.928757719815509641e-02,3.532210862761673287e-01,1.983581904799950474e-02,-2.329237519843939397e-01,-2.203818901072357728e-01,3.708673919156728616e-01,3.382926367772978171e-01,4.104555977518633547e-01,1.340797131549781307e-01,1.512953228474987200e-01,2.117274155341145880e-01,3.626102394825250208e-01,-2.507276405535733832e-01,2.461792396508028224e-01
-2.710387490015070400e-01,7.211428275318038095e-01,3.593066738924686754e-01,5.286890684676283092e-01,3.044513219954188554e-01,-4.650998992114122044e-02,1.948385684798970563e-01,-4.201263304905694662e-01,4.693214173270310874e-01,3.798386251945342074e-01,3.202179823180022478e-01,8.190692213072517935e-01,3.657516980522856898e-01,5.520130442152036965e-01,1.153869184766413286e-01,-2.119820687053279029e-01,4.143509596972055897e-02,6.579319076499754448e-01,7.170298859124715207e-01,6.986530067609600936e-01,2.695604448662984876e-01,1.000000000000000000e+00,4.265549515008225656e-01,2.615314313754303344e-01,6.598606908307481922e-02,-4.635298241783233353e-01,6.522324295235253366e-01,-5.073528336225824331e-01,-6.426464237379132527e-01,-4.299776947356363510e-01,5.618961993762670026e-01,6.344116328582165565e-01,4.081460310576571215e-01,4.997109577039080541e-01,-4.881343436879049813e-01,2.190723387408388401e-01,5.726230713604931744e-01,-1.492385640827214865e-01,7.302840638510641469e-01
-3.637359934161500385e-01,6.042168321164590461e-01,4.745435951370077787e-01,3.078128092001554128e-01,5.175756444147405766e-01,5.688647251335435806e-01,3.417506434150879291e-01,-5.881253025130962486e-01,2.973981981558075915e-01,6.441680488173254782e-01,6.962998079977296140e-01,5.300385340008729740e-01,-1.839322855650671606e-01,6.347507177844770032e-01,-1.908286476706795853e-01,1.005604905853019898e-02,6.149103059874254651e-01,4.954539717897167850e-01,5.460872299452728118e-01,2.257577280716610568e-01,3.852293474982700361e-01,4.265549515008225656e-01,1.000000000000000000e+00,2.232229173058431215e-01,5.580938659802119339e-01,-9.477008850635114390e-02,6.909471783097322906e-01,-1.543927447332674174e-01,-3.477332458694059603e-01,-1.172427850427297802e-01,6.972068518384871849e-01,6.833522044256236105e-01,7.644543411345582351e-01,5.163337404035206468e-01,1.325454070283885732e-01,4.743968762727966415e-01,7.721445422739491304e-01,-3.074091744603388854e-01,5.229205368797898990e-01
1.284978570741349135e-02,1.334870227319512048e-01,3.784405239047526348e-01,1.437864918354160026e-01,2.941029348250001618e-01,-1.879140974572664213e-01,-3.910078241166370372e-02,-3.497379605603003760e-01,3.695392669967574317e-01,1.528540404947061893e-01,-1.461679662583259716e-02,3.294381402841198292e-01,1.296318919914809520e-01,4.060781481589798014e-01,1.925029730130929928e-01,1.226533515037746547e-01,-8.338366510936599807e-02,2.737523246909662755e-01,2.341051265366289880e-01,-1.979380577116270426e-02,-1.250963941273374458e-01,2.615314313754303344e-01,2.232229173058431215e-01,1.000000000000000000e+00,3.840254763775773350e-01,-8.288121276767267120e-02,1.453843329037461662e-01,-5.777697038592070206e-02,-1.817553916177409579e-01,-5.879702858735274401e-02,7.348666298397311947e-02,9.152741924108170890e-02,1.756753569251267022e-01,4.245567967999597236e-01,-2.035600643436683288e-01,-5.619750219139846986e-02,1.258201791346372223e-01,1.498111481902838493e-01,2.924254342909062276e-01
-4.433666178218040321e-02,1.260502696121386101e-01,3.558887886127736766e-01,1.381563398606709958e-01,3.962229105461781420e-01,3.017327290560186670e-01,2.385627110946389740e-01,-3.805240003484421374e-01,1.556942166996625743e-01,3.924864671388008652e-01,2.825101521323685749e-01,8.191710262632741213e-02,-1.084526918040299021e-01,3.734960624085087444e-01,-1.690953966736783165e-01,1.900190713230246742e-01,3.607140013120810895e-01,8.684510085630749165e-02,1.537026471801056504e-01,-1.685740987919989997e-01,1.622962532156214666e-01,6.598606908307481922e-02,5.580938659802119339e-01,3.840254763775773350e-01,1.000000000000000000e+00,8.364146191484143900e-02,2.145230107320630908e-01,1.145922052773631766e-01,-8.608466216379907429e-03,1.117968854236387338e-01,2.651504715797888267e-01,1.393551943917833713e-01,4.120702130045122979e-01,3.594775123528549110e-01,2.120417997489195128e-01,2.306477318323588155e-01,2.673026871616307476e-01,-1.195381098289536592e-01,2.010270212371337850e-01
5.844064831279657257e-01,-4.104326998840870377e-01,-4.798275569485647291e-02,-2.101477546882015435e-01,1.934664131935221743e-01,4.811684174332232083e-02,-3.454750617513998590e-01,1.515768196896405129e-01,1.740199922246146169e-01,2.238537052617918174e-02,-3.284054970180184108e-01,-4.555295114242627341e-01,-1.790394665494948467e-01,-2.223537337447412943e-01,-5.891303618241428008e-02,7.100138632718994147e-01,-1.986865079999715344e-02,2.156919508577504526e-05,-3.238197330640232297e-01,-5.480978257187572034e-01,-8.928757719815509641e-02,-4.635298241783233353e-01,-9.477008850635114390e-02,-8.288121276767267120e-02,8.364146191484143900e-02,1.000000000000000000e+00,-4.139397560918397501e-01,7.675223637381028974e-01,7.462596404189957289e-01,7.651574154511752157e-01,-5.008679969370303242e-01,-4.678745567606507061e-01,-2.884092404561930945e-01,-5.950064307907738242e-02,4.931818431743142939e-01,2.944741850658029181e-01,-3.967305547531317367e-01,5.493035669588258729e-01,-5.801874493892040796e-01
-5.496460648503500579e-01,8.600916769804652917e-01,5.983694833078105901e-01,4.628887721599926897e-01,4.595041162711076543e-01,3.113156055740023964e-01,4.215834117909106338e-01,-6.893188390378806041e-01,3.156741376886441075e-01,5.997059387458842927e-01,7.162235068317098774e-01,7.318209984185829464e-01,-1.409510389902264016e-01,6.964478142679704220e-01,-2.278949511485070800e-01,-3.136619232054061457e-01,4.116599221992459645e-01,6.008093956942486269e-01,7.920866050770363209e-01,5.758178943821165019e-01,3.532210862761673287e-01,6.522324295235253366e-01,6.909471783097322906e-01,1.453843329037461662e-01,2.145230107320630908e-01,-4.139397560918397501e-01,1.000000000000000000e+00,-4.059109265806774003e-01,-7.018651067345801353e-01,-4.630752355002850651e-01,8.744493559918323777e-01,9.105996459207771343e-01,6.880948319336318564e-01,5.234392673550718467e-01,-2.071016106705201032e-01,3.771301795771603294e-01,8.869343597722283423e-01,-4.912690236808312516e-01,7.969377372425680006e-01
3.510047749370869274e-01,-4.829779628232315214e-01,7.158544567927561941e-02,-2.153293445625653613e-01,1.393032915724161935e-01,1.335309456578495091e-01,-2.695174269065929717e-01,3.890147936363951009e-02,3.034378805381841501e-02,-8.621207500342935315e-02,-2.186394273568378621e-01,-4.601582561005473915e-01,-2.844971999475816027e-01,-1.586008356048857482e-01,-9.680334137597695898e-02,4.605637738188724795e-01,3.308848726293785181e-02,-9.393005914919874688e-02,-2.920249858331494530e-01,-4.791501313163256670e-01,1.983581904799950474e-02,-5.073528336225824331e-01,-1.543927447332674174e-01,-5.777697038592070206e-02,1.145922052773631766e-01,7.675223637381028974e-01,-4.059109265806774003e-01,1.000000000000000000e+00,7.282900269425979234e-01,5.776784853376045747e-01,-3.980599818251995270e-01,-4.416374581399069021e-01,-1.396053356487297614e-01,-6.502864791690654567e-04,5.650232238567295395e-01,2.111517259414091019e-01,-3.575041641489756228e-01,4.528249924903365309e-01,-5.358592058745540454e-01
5.202640172583721245e-01,-6.850218901491752499e-01,-3.603237408199962410e-01,-3.900347200291367500e-01,-8.604928803571250395e-02,3.740827525080512445e-02,-2.996710424969697417e-01,4.322078655104917844e-01,-1.456159276291646432e-01,-2.845704761118736381e-01,-4.413071805639848244e-01,-6.852972053414503328e-01,-1.418164979104927226e-01,-4.616051345834974451e-01,-1.889887917739523429e-02,4.695457276021799409e-01,-7.887208225884106971e-02,-3.526820476911817215e-01,-6.167176999195276288e-01,-6.348835992170028808e-01,-2.329237519843939397e-01,-6.426464237379132527e-01,-3.477332458694059603e-01,-1.817553916177409579e-01,-8.608466216379907429e-03,7.462596404189957289e-01,-7.018651067345801353e-01,7.282900269425979234e-01,1.000000000000000000e+00,7.142607587028733107e-01,-6.533582860506175205e-01,-6.748145272630237113e-01,-3.625748443736627191e-01,-2.962478673822537822e-01,5.872108723508858708e-01,3.587440580379593763e-02,-5.906145845581477483e-01,4.722598244224263109e-01,-7.975096160347124874e-01
6.562529953474390831e-01,-3.539725526844879067e-01,-9.597471697204862373e-02,-4.389008888557523191e-02,2.267292573287630619e-01,-1.091772970958894140e-01,-7.958047225932567137e-02,1.543720831625603751e-01,2.464683082912285661e-01,1.603948667081613599e-01,-4.769439995473551130e-01,-4.791827354092574320e-01,-3.054677072970808996e-02,-1.951963190718654095e-01,-1.690731247628639647e-02,7.717480533298731737e-01,-1.927032922585160402e-01,-1.335262659309352160e-02,-3.330697855640480931e-01,-4.925643232314864117e-01,-2.203818901072357728e-01,-4.299776947356363510e-01,-1.172427850427297802e-01,-5.879702858735274401e-02,1.117968854236387338e-01,7.651574154511752157e-01,-4.630752355002850651e-01,5.776784853376045747e-01,7.142607587028733107e-01,1.000000000000000000e+00,-5.092164973092495606e-01,-4.935351433462703552e-01,-3.800716961263229110e-01,-1.695527470258377870e-02,3.138007192255666267e-01,3.606447440181166364e-01,-4.105786858309263820e-01,4.493800751912248592e-01,-5.620331823638371471e-01
-6.795810337494060382e-01,7.785273052486466616e-01,5.527657282393257931e-01,4.555748000745832860e-01,3.823720719997792949e-01,4.078866688535881524e-01,5.526855285327827438e-01,-6.657759906736271382e-01,1.898121054064104973e-01,5.342042259781206726e-01,7.673512968594298211e-01,6.530505473924944626e-01,-2.314595566943448979e-01,6.592533874183849063e-01,-2.767438496375325130e-01,-4.029678044313159124e-01,4.804095878527584462e-01,4.815009702120348623e-01,7.369935562024090281e-01,5.354317629008024104e-01,3.708673919156728616e-01,5.618961993762670026e-01,6.972068518384871849e-01,7.348666298397311947e-02,2.651504715797888267e-01,-5.008679969370303242e-01,8.744493559918323777e-01,-3.980599818251995270e-01,-6.533582860506175205e-01,-5.092164973092495606e-01,1.000000000000000000e+00,8.925511833729530276e-01,7.532193075449653552e-01,4.868997379566650796e-01,-1.212145491183645868e-01,3.234112200725871022e-01,8.863592254312606666e-01,-5.941192698077299994e-01,7.565724343100155291e-01
-6.045637977923391526e-01,8.526151065291828202e-01,5.108982740052666616e-01,4.340441022958913542e-01,4.108568297203424313e-01,3.834122772885250607e-01,4.413580434474405623e-01,-6.354699051127515874e-01,2.597269682468358321e-01,5.460234576216420610e-01,7.553855233117018342e-01,7.213861960983213306e-01,-1.648059276011429042e-01,6.579293665685923553e-01,-2.168368627181179453e-01,-3.847845968511899861e-01,4.666539726054321213e-01,5.865010353567167156e-01,7.672120999270030106e-01,5.752287718208507483e-01,3.382926367772978171e-01,6.344116328582165565e-01,6.833522044256236105e-01,9.152741924108170890e-02,1.393551943917833713e-01,-4.678745567606507061e-01,9.105996459207771343e-01,-4.416374581399069021e-01,-6.748145272630237113e-01,-4.935351433462703552e-01,8.925511833729530276e-01,1.000000000000000000e+00,7.299429298653100640e-01,5.007504250069925167e-01,-1.739055416738194415e-01,3.450160892205030305e-01,9.132291703354877832e-01,-5.385752327999208111e-01,7.556663820190882008e-01
-6.570145347697298188e-01,5.099566506968472579e-01,4.284486519517436975e-01,1.626128944437501278e-01,3.635480489575590446e-01,6.845013237813851736e-01,3.136070846889567609e-01,-5.542314186513855878e-01,9.384237257870677029e-02,4.167554924537763550e-01,8.240207039387191790e-01,5.395753603825039768e-01,-2.775017251977617838e-01,5.808463772143848125e-01,-1.971610746405982051e-01,-3.415208049066884022e-01,7.133860780631222642e-01,3.823587047629196101e-01,5.429521736093936291e-01,2.586460637672572394e-01,4.104555977518633547e-01,4.081460310576571215e-01,7.644543411345582351e-01,1.756753569251267022e-01,4.120702130045122979e-01,-2.884092404561930945e-01,6.880948319336318564e-01,-1.396053356487297614e-01,-3.625748443736627191e-01,-3.800716961263229110e-01,7.532193075449653552e-01,7.299429298653100640e-01,1.000000000000000000e+00,4.673611150315481466e-01,2.572911004090702169e-01,3.170387868125075781e-01,8.078047932735563652e-01,-4.202874523468973500e-01,5.273821636577308292e-01
-1.483528341677423368e-01,5.606767123496998462e-01,6.873017982355211775e-01,4.843893713636878706e-01,7.129569358243111887e-01,5.322654167067750880e-02,2.682381319775342110e-01,-7.412506339142248546e-01,7.508710382498644531e-01,4.959326438093701328e-01,2.780740548495109210e-01,6.045806736175600715e-01,-1.171864496808176781e-02,7.288861862176125861e-01,1.104722653654358067e-01,2.059488616450805276e-01,1.160831415460644722e-01,7.254469175578410756e-01,7.313471474512089898e-01,2.743371402563504202e-01,1.340797131549781307e-01,4.997109577039080541e-01,5.163337404035206468e-01,4.245567967999597236e-01,3.594775123528549110e-01,-5.950064307907738242e-02,5.234392673550718467e-01,-6.502864791690654567e-04,-2.962478673822537822e-01,-1.695527470258377870e-02,4.868997379566650796e-01,5.007504250069925167e-01,4.673611150315481466e-01,1.000000000000000000e+00,-2.750923364699943696e-01,4.655120710528112271e-01,4.957493174396960800e-01,5.811688281542107953e-02,6.206490292761005501e-01
-7.571337596489936816e-02,-4.224870435495511334e-01,-1.242271697769113115e-01,-4.615609745282545084e-01,-6.981983091682118260e-03,6.292762277532299997e-01,-1.032066739828005619e-01,1.314058907529115361e-01,-3.873687546898972878e-01,-9.384056775573282327e-02,2.447088738713506517e-01,-4.420238132918103413e-01,-3.926023173613131245e-01,-1.996929652964853086e-01,-3.308546490360387282e-01,5.496376814749148049e-02,5.433270625871038373e-01,-3.201157309858216338e-01,-3.897109903457852131e-01,-5.236798022113540174e-01,1.512953228474987200e-01,-4.881343436879049813e-01,1.325454070283885732e-01,-2.035600643436683288e-01,2.120417997489195128e-01,4.931818431743142939e-01,-2.071016106705201032e-01,5.650232238567295395e-01,5.872108723508858708e-01,3.138007192255666267e-01,-1.212145491183645868e-01,-1.739055416738194415e-01,2.572911004090702169e-01,-2.750923364699943696e-01,1.000000000000000000e+00,8.641603178775204841e-02,-3.779021766038320046e-02,-1.393958073273578353e-02,-5.196509824832777902e-01
3.794983201595918815e-02,4.228973700487639320e-01,4.449600872974934784e-01,3.819790315381121348e-01,6.213097435751736564e-01,2.253083269142742151e-01,2.691005475207107756e-01,-4.586445886434394326e-01,5.229751942502618434e-01,6.140373221659145564e-01,1.992151448492102128e-01,2.930051996555704252e-01,-6.669156028515901835e-02,5.031570861535583639e-01,-1.084197067792738167e-01,3.566336912079390298e-01,2.028243148831694598e-01,5.353468937255851934e-01,4.889384914861681919e-01,1.507084773653432630e-01,2.117274155341145880e-01,2.190723387408388401e-01,4.743968762727966415e-01,-5.619750219139846986e-02,2.306477318323588155e-01,2.944741850658029181e-01,3.771301795771603294e-01,2.111517259414091019e-01,3.587440580379593763e-02,3.606447440181166364e-01,3.234112200725871022e-01,3.450160892205030305e-01,3.170387868125075781e-01,4.655120710528112271e-01,8.641603178775204841e-02,1.000000000000000000e+00,4.036164364710509433e-01,9.297334280472144274e-02,2.599644492749236813e-01
-5.886132260938399252e-01,7.981115050694774782e-01,5.077312648425299502e-01,3.984349048228388868e-01,4.416913120747332222e-01,4.992033037993225952e-01,4.374494241523320115e-01,-6.358745886725242213e-01,2.309919156665686812e-01,5.874442781081665732e-01,8.057208663261591353e-01,6.788386224682460002e-01,-2.338645797424374062e-01,6.775092011857283270e-01,-2.366945260405714235e-01,-3.420167951041026555e-01,5.624182994522166634e-01,5.553010705837175820e-01,7.180768501457814867e-01,4.958038637052490927e-01,3.626102394825250208e-01,5.726230713604931744e-01,7.721445422739491304e-01,1.258201791346372223e-01,2.673026871616307476e-01,-3.967305547531317367e-01,8.869343597722283423e-01,-3.575041641489756228e-01,-5.906145845581477483e-01,-4.105786858309263820e-01,8.863592254312606666e-01,9.132291703354877832e-01,8.078047932735563652e-01,4.957493174396960800e-01,-3.779021766038320046e-02,4.036164364710509433e-01,1.000000000000000000e+00,-5.306074623532336387e-01,6.999781069693978841e-01
4.984597235157535167e-01,-4.188871120064774356e-01,-6.948586396562547729e-02,-1.697954043037044614e-01,-1.472030862818747912e-02,-3.996225012321560910e-01,-5.479755488590877244e-01,1.893926432899356860e-01,3.110903523135895021e-01,-2.476757483279517780e-01,-6.096904991880894853e-01,-1.000613336361585587e-01,2.837318038007820009e-01,-1.274946499675485567e-01,5.861974668561066304e-01,5.021863798202121920e-01,-4.587536363163385866e-01,8.925864151821048809e-02,-1.694800851434573596e-01,-1.915063222579633517e-01,-2.507276405535733832e-01,-1.492385640827214865e-01,-3.074091744603388854e-01,1.498111481902838493e-01,-1.195381098289536592e-01,5.493035669588258729e-01,-4.912690236808312516e-01,4.528249924903365309e-01,4.722598244224263109e-01,4.493800751912248592e-01,-5.941192698077299994e-01,-5.385752327999208111e-01,-4.202874523468973500e-01,5.811688281542107953e-02,-1.393958073273578353e-02,9.297334280472144274e-02,-5.306074623532336387e-01,1.000000000000000000e+00,-2.949541393652134191e-01
-4.990225672682815361e-01,7.847479753663302304e-01,6.031397234329963775e-01,5.214499829095123884e-01,3.986721627369921861e-01,1.416113483044286305e-03,3.682327995874979387e-01,-6.774568595871343080e-01,4.493481970383268465e-01,4.693233699723081687e-01,4.756652461657394637e-01,8.242455291286143737e-01,1.085011347493498868e-01,7.235078629407790674e-01,4.866730231183011984e-02,-2.765798770634298465e-01,1.129760360274103120e-01,5.834249931425178337e-01,8.325700510462453741e-01,6.498597875797522683e-01,2.461792396508028224e-01,7.302840638510641469e-01,5.229205368797898990e-01,2.924254342909062276e-01,2.010270212371337850e-01,-5.801874493892040796e-01,7.969377372425680006e-01,-5.358592058745540454e-01,-7.975096160347124874e-01,-5.620331823638371471e-01,7.565724343100155291e-01,7.556663820190882008e-01,5.273821636577308292e-01,6.206490292761005501e-01,-5.196509824832777902e-01,2.599644492749236813e-01,6.999781069693978841e-01,-2.949541393652134191e-01,1.000000000000000000e+00
