1.000000000000000000e+00,8.370265353684359644e-01,5.318718372906419134e-01,3.651444851589233931e-01,5.430588049424556196e-01,1.246093841731848728e-01,4.536320395868654320e-01,-4.948494237199163592e-01,7.229672171480413523e-01,8.159390529368160117e-01,3.443800864062226408e-01,5.818847045329135215e-01,-5.087844952666628062e-01,7.181937252289546381e-01,5.339190189464807501e-01,7.743508085061573398e-01,4.149944014308715734e-01,4.868266664819791978e-01,5.545270853738729633e-01,1.845667043215162006e-01,3.478789277768669086e-01,5.841580070520434598e-01,7.568924681010192890e-01,4.684967655508031070e-01,6.924922474808580253e-01,6.627143065730920490e-01,7.088134318040265613e-01,4.972465561332495843e-01,6.932086367961893814e-01,7.282956546930298147e-01,6.985934557907876874e-01,6.044958392071686504e-01,4.774061027526007028e-01,5.241110129692794217e-01,6.031300830088367482e-01,5.004581997571145857e-01,4.361829482143566028e-01,4.249419217894926937e-01,5.922889793939544179e-01
8.370265353684359644e-01,1.000000000000000000e+00,6.080711402484857420e-01,4.834055802286599257e-01,5.689986265350243100e-01,2.171479220050828163e-01,5.550234756398492175e-01,-5.581507835930376027e-01,7.824433473939256256e-01,7.962493490512230210e-01,4.448757949491140562e-01,7.187891079984840559e-01,-6.057210412501156105e-01,7.771294366484560179e-01,6.273841969644023964e-01,7.784513815724987129e-01,4.350508713378037906e-01,5.295426837020970057e-01,6.372932183326025513e-01,1.654104870732097665e-01,2.767666213945844111e-01,7.126213802670842146e-01,8.440580198647322785e-01,5.135836800467984409e-01,7.703945839749281044e-01,5.466592596088043488e-01,7.456970175545116764e-01,4.062377590252259640e-01,7.097967518199246317e-01,7.030775517393528240e-01,7.925115558976062458e-01,6.994690402848168231e-01,6.019324051220882321e-01,6.176408353913096505e-01,6.077985089665086660e-01,4.349117235191209407e-01,4.680407480746061055e-01,3.953262393687019260e-01,7.395156463120403645e-01
5.318718372906419134e-01,6.080711402484857420e-01,1.000000000000000000e+00,3.724029485752300417e-01,6.938309552435428795e-01,2.369786571023212718e-01,4.655057282108497896e-01,-9.262814770652859631e-01,6.178406278647837757e-01,6.522679569915980080e-01,3.828542692973388450e-01,6.033675771103320651e-01,-5.482382776514669320e-01,7.438048793656911739e-01,5.543483916289932978e-01,6.792619328386726441e-01,4.050974104126445208e-01,5.957791094543212207e-01,5.009473130116306461e-01,3.173055894032424384e-01,6.020319302709856712e-01,6.399093691737292033e-01,6.848370773139731416e-01,4.527842575971424144e-01,6.906670679192482565e-01,5.933494357544367714e-01,6.209144867914508925e-01,6.726080077449613226e-01,6.830921625073086423e-01,5.467534779991285454e-01,6.756013195430068397e-01,5.392983892409028979e-01,7.213288341851928909e-01,6.009777012225506754e-01,6.032900544189503389e-01,4.243533525031387144e-01,3.300579603359454772e-01,5.913276191012649674e-01,6.610610248172654746e-01
3.651444851589233931e-01,4.834055802286599257e-01,3.724029485752300417e-01,1.000000000000000000e+00,1.881987666698188288e-01,2.379197609023557813e-01,7.035116188227801270e-01,-3.785144772455945605e-01,3.864057114414473637e-01,4.367162047706714678e-01,4.094316142417486204e-01,7.917852210454066064e-01,-3.763551008869649994e-01,3.833090745545880140e-01,7.326968042978375673e-01,6.002207670908463744e-01,3.708970077154354339e-01,4.813225476869723019e-01,6.462774130039601328e-01,6.425400609660694151e-01,2.342366017769640929e-01,7.423729221721651061e-01,6.346241471536001599e-01,3.112482796343828961e-01,4.855659961150785575e-01,2.393247668567127506e-01,5.964548441324021288e-01,1.108387799224533482e-01,3.722290246837934857e-01,1.869882265573922231e-01,4.313075141647436661e-01,4.844972496997059230e-01,3.605877518112513558e-01,4.466318093808483991e-01,4.656594139598010940e-01,3.454220664567720922e-01,1.658758257943701298e-01,1.601002997068816935e-01,6.677905008187656755e-01
5.430588049424556196e-01,5.689986265350243100e-01,6.938309552435428795e-01,1.881987666698188288e-01,1.000000000000000000e+00,1.121234031763429784e-01,2.993933550146123390e-01,-7.072595477198694303e-01,7.086886942346672935e-01,6.412434044560926250e-01,2.339707687022758997e-01,3.745764828480076525e-01,-3.724549713645582405e-01,7.297559750121099809e-01,3.568054454662478170e-01,5.896287751921285292e-01,3.175359500953637837e-01,3.194915357643042797e-01,3.183946827217673525e-01,5.781417851019581694e-03,3.642461797427548609e-01,3.452161632698143023e-01,5.094214525939114724e-01,3.635130768584318717e-01,5.983377318838647430e-01,5.064032969757147340e-01,4.554418083137778406e-01,6.414418679803188805e-01,5.990291122956116210e-01,6.289790617238788517e-01,5.777684393339277413e-01,3.618963350583506711e-01,6.051335412526940294e-01,6.744583844056674105e-01,4.247743824685873970e-01,3.399191396608763904e-01,3.033849130607519373e-01,5.643979671794503439e-01,5.194784402643596311e-01
1.246093841731848728e-01,2.171479220050828163e-01,2.369786571023212718e-01,2.379197609023557813e-01,1.121234031763429784e-01,1.000000000000000000e+00,2.752216103212332121e-01,-2.447227209461217412e-01,1.192315959685868176e-01,1.568648008584406783e-01,7.032484685026519911e-01,2.465060607139723525e-01,-5.712754092489313873e-01,2.410927929232550559e-01,2.731872988178487560e-01,6.835236231926597461e-02,6.608696083436307323e-01,-5.195533090254290942e-02,1.398408469471565940e-01,1.939604335098903953e-01,6.125029743144758121e-02,3.924496549360723119e-01,3.874414508302137516e-01,4.452674762886218440e-01,4.453891712950586723e-01,6.850691569443280449e-02,3.688766525318507572e-01,1.570724168056577552e-01,3.968141817551978923e-01,-1.783770213843940966e-02,4.238685024786226774e-01,6.191124575008298825e-01,4.390418429186705440e-01,3.410612113499082443e-01,5.133885025775138944e-01,-1.049549355362389136e-01,5.974767153408939713e-01,-6.084602738972853114e-02,1.538924244834347088e-01
4.536320395868654320e-01,5.550234756398492175e-01,4.655057282108497896e-01,7.035116188227801270e-01,2.993933550146123390e-01,2.752216103212332121e-01,1.000000000000000000e+00,-4.762907755239558227e-01,4.487339139542080857e-01,5.180406511905037981e-01,4.269633038487598564e-01,6.861581300664231220e-01,-3.888869719351125132e-01,4.816813094521416594e-01,6.760573325650803822e-01,6.127489129086323150e-01,4.524687423591527424e-01,4.532745421579865708e-01,6.889793007480542464e-01,4.781689362463104054e-01,3.556995840138383325e-01,7.040419376475873792e-01,6.827879470217657065e-01,3.686578939051775028e-01,5.975324332131113358e-01,3.303590800226017810e-01,6.320979814551122011e-01,2.722970780349121545e-01,4.756492378097025853e-01,3.083354671397458557e-01,5.776061412498931791e-01,5.297181392560709190e-01,4.945123224668910855e-01,5.070566690503788276e-01,5.621704429424305705e-01,4.183372631564284960e-01,2.193139740826341721e-01,2.714578341729602107e-01,6.749629424379477438e-01
-4.948494237199163592e-01,-5.581507835930376027e-01,-9.262814770652859631e-01,-3.785144772455945605e-01,-7.072595477198694303e-01,-2.447227209461217412e-01,-4.762907755239558227e-01,1.000000000000000000e+00,-5.773546029717850914e-01,-6.443084857220463535e-01,-3.707244563534670134e-01,-5.638387793306689488e-01,5.275537629908882975e-01,-7.147629150678518339e-01,-4.984921258934671418e-01,-6.663876043540940541e-01,-4.257888247414548522e-01,-5.613464169501155565e-01,-4.679883944785181993e-01,-3.074477179362054557e-01,-6.559555717514410356e-01,-6.037129614314791226e-01,-6.416797403695601032e-01,-4.521944344922151360e-01,-6.679625675973799304e-01,-5.727285557615512390e-01,-5.915692263276817187e-01,-6.827293660089043259e-01,-6.648936441676843723e-01,-5.299110295692727179e-01,-6.445329060387789966e-01,-5.219361232693685571e-01,-6.846858089825910154e-01,-5.879268005515937423e-01,-6.056567588184630369e-01,-4.212982575673740460e-01,-3.319232542558165355e-01,-5.903402112909601485e-01,-6.335477338484066800e-01
7.229672171480413523e-01,7.824433473939256256e-01,6.178406278647837757e-01,3.864057114414473637e-01,7.086886942346672935e-01,1.192315959685868176e-01,4.487339139542080857e-01,-5.773546029717850914e-01,1.000000000000000000e+00,7.345332741864448733e-01,3.575661125609154722e-01,6.060223166609890466e-01,-3.780218247184587987e-01,8.192903749882302078e-01,6.315331459644940582e-01,7.253791600072257983e-01,4.179124965635326872e-01,4.924321121217861141e-01,5.593701351637394570e-01,1.755135467114686265e-01,2.216092086777919634e-01,5.138556748654813378e-01,7.111449592878734682e-01,4.861343135679985217e-01,7.111424433648102506e-01,5.815408958442431775e-01,6.040780479039530304e-01,5.453717327663583081e-01,6.619914409773679509e-01,7.412259461234351754e-01,6.481379613911151250e-01,5.197237551192935845e-01,6.525220947504830615e-01,8.078312258057412931e-01,4.058341214605593050e-01,3.220414548289606271e-01,2.721058015701036670e-01,6.069474430309689250e-01,6.819449380994335730e-01
8.159390529368160117e-01,7.962493490512230210e-01,6.522679569915980080e-01,4.367162047706714678e-01,6.412434044560926250e-01,1.568648008584406783e-01,5.180406511905037981e-01,-6.443084857220463535e-01,7.345332741864448733e-01,1.000000000000000000e+00,3.496129220197385368e-01,5.661133620984214465e-01,-5.729959959007179249e-01,8.060515974181269305e-01,5.440227400236391508e-01,8.660316270748363854e-01,4.298756602400308768e-01,5.165905982761475057e-01,5.706181414136206609e-01,2.767841926650639328e-01,5.028775880657609942e-01,6.101454137102149122e-01,7.474476464996169245e-01,5.302255060798971575e-01,7.465112525694902468e-01,6.572725746882870368e-01,6.884011935329447107e-01,5.795937538834128322e-01,7.396789674211681209e-01,7.817745375444683509e-01,7.442994610629342089e-01,6.317197768344897657e-01,6.013357727320282065e-01,5.899749076444281704e-01,6.947558991241709059e-01,5.285393403944136370e-01,5.036851118288392382e-01,4.713246763688316854e-01,6.003116302278342920e-01
3.443800864062226408e-01,4.448757949491140562e-01,3.828542692973388450e-01,4.094316142417486204e-01,2.339707687022758997e-01,7.032484685026519911e-01,4.269633038487598564e-01,-3.707244563534670134e-01,3.575661125609154722e-01,3.496129220197385368e-01,1.000000000000000000e+00,4.439311810070403763e-01,-6.184350298426209980e-01,4.892909471132170784e-01,4.857306983778924003e-01,2.767755427422802228e-01,7.743540625652388654e-01,9.911747242408540381e-02,3.904646652839690035e-01,2.255421169184560759e-01,1.230915087471074060e-01,5.367260322454696642e-01,5.944216618553204157e-01,6.333138943988696479e-01,5.552980176991952899e-01,2.599287721195634449e-01,5.774815006473387191e-01,2.289857816657292489e-01,5.155919017862040654e-01,1.638063808267709587e-01,5.670675832372752412e-01,6.686135039722519435e-01,5.815706817969693576e-01,5.483533403766276404e-01,5.521592051568060544e-01,-3.701788616028329343e-02,4.773740388479397745e-01,2.051926475778905468e-01,4.193935185317969050e-01
5.818847045329135215e-01,7.187891079984840559e-01,6.033675771103320651e-01,7.917852210454066064e-01,3.745764828480076525e-01,2.465060607139723525e-01,6.861581300664231220e-01,-5.638387793306689488e-01,6.060223166609890466e-01,5.661133620984214465e-01,4.439311810070403763e-01,1.000000000000000000e+00,-4.883380258326609491e-01,6.002253986744685577e-01,8.555717215830029865e-01,7.352501132091967539e-01,4.184859733101097823e-01,6.220235257937113404e-01,6.988408269735270073e-01,4.792525041698999511e-01,2.869089759465264233e-01,8.565306431415073973e-01,8.071449349068988699e-01,3.765956993869162273e-01,6.477754268409137151e-01,4.326140816176929360e-01,7.455677341561350868e-01,3.076413382895561432e-01,5.387361297588266762e-01,3.769987116275960171e-01,6.118955777790278105e-01,5.905576221252192282e-01,5.424145992396631755e-01,5.979652488319133763e-01,5.528323037907705295e-01,4.708826130615861860e-01,2.148762713889365850e-01,3.394955141942075372e-01,8.430071475010229021e-01
-5.087844952666628062e-01,-6.057210412501156105e-01,-5.482382776514669320e-01,-3.763551008869649994e-01,-3.724549713645582405e-01,-5.712754092489313873e-01,-3.888869719351125132e-01,5.275537629908882975e-01,-3.780218247184587987e-01,-5.729959959007179249e-01,-6.184350298426209980e-01,-4.883380258326609491e-01,1.000000000000000000e+00,-5.713109896693835399e-01,-3.973883681101161303e-01,-4.604909519343854396e-01,-4.726677154903838329e-01,-3.144587722830753385e-01,-3.973699924943399076e-01,-2.559330220893526464e-01,-2.490741604916398289e-01,-6.310345004225835774e-01,-6.258744895934487129e-01,-4.755293104074803101e-01,-5.563776097522671327e-01,-2.692130912915020047e-01,-6.099634336013896041e-01,-3.234083852776051260e-01,-5.599157585148337724e-01,-2.997152511215690485e-01,-7.340802494553577695e-01,-7.306152603047224581e-01,-6.160572358234236434e-01,-4.546071783250340559e-01,-6.870380493459972149e-01,-2.292578902047597844e-01,-6.336451803580218645e-01,-1.714088768996064605e-01,-4.806703009710241448e-01
7.181937252289546381e-01,7.771294366484560179e-01,7.438048793656911739e-01,3.833090745545880140e-01,7.297559750121099809e-01,2.410927929232550559e-01,4.816813094521416594e-01,-7.147629150678518339e-01,8.192903749882302078e-01,8.060515974181269305e-01,4.892909471132170784e-01,6.002253986744685577e-01,-5.713109896693835399e-01,1.000000000000000000e+00,6.093230760686674241e-01,7.721827237418433798e-01,5.112683747503776743e-01,5.368744789950713470e-01,5.819347643211142396e-01,1.750690197190851172e-01,3.698350274039244878e-01,5.913807625719640360e-01,7.755669949451625689e-01,6.274444176885631830e-01,7.578370192369555669e-01,6.297674876504203434e-01,6.985941125179309097e-01,5.887282807197746770e-01,7.635589364471054852e-01,7.002472289599361854e-01,7.449969607915043479e-01,6.346822148612700776e-01,7.663958730236712924e-01,7.400825874934843229e-01,6.155991028787546337e-01,4.007396227034148439e-01,4.140320396596379737e-01,5.638475418038090270e-01,6.685091371163814911e-01
5.339190189464807501e-01,6.273841969644023964e-01,5.543483916289932978e-01,7.326968042978375673e-01,3.568054454662478170e-01,2.731872988178487560e-01,6.760573325650803822e-01,-4.984921258934671418e-01,6.315331459644940582e-01,5.440227400236391508e-01,4.857306983778924003e-01,8.555717215830029865e-01,-3.973883681101161303e-01,6.093230760686674241e-01,1.000000000000000000e+00,6.844141148659085294e-01,4.891018501693704668e-01,5.007973944016808066e-01,7.023776463004405279e-01,5.218815109462312529e-01,2.288915766355858195e-01,7.820338269584633517e-01,7.629713991715265653e-01,3.902370512704248506e-01,6.617004890924067517e-01,4.641005221942778869e-01,7.022786889704637492e-01,3.442581043043789202e-01,5.415888384441990278e-01,3.628512121504027799e-01,5.548486201916728033e-01,5.563266846034468083e-01,5.813541062513790658e-01,6.795886245946415327e-01,5.006842322217286423e-01,3.838430480208802620e-01,1.936225617085032547e-01,4.112564151785566557e-01,7.547726651687416410e-01
7.743508085061573398e-01,7.784513815724987129e-01,6.792619328386726441e-01,6.002207670908463744e-01,5.896287751921285292e-01,6.835236231926597461e-02,6.127489129086323150e-01,-6.663876043540940541e-01,7.253791600072257983e-01,8.660316270748363854e-01,2.767755427422802228e-01,7.352501132091967539e-01,-4.604909519343854396e-01,7.721827237418433798e-01,6.844141148659085294e-01,1.000000000000000000e+00,3.854502943312180796e-01,6.771407326882591393e-01,6.844416687513726893e-01,3.906794844787803145e-01,5.023177568684406014e-01,7.059012350485369680e-01,7.967671540327133650e-01,4.704790217932900975e-01,7.308019239587221216e-01,6.759164002389378423e-01,7.206018720375427788e-01,5.255728802647979814e-01,7.019815656378792790e-01,7.235934101488534775e-01,6.666289229794009064e-01,5.614404332808717868e-01,5.410714815268709010e-01,5.681160796508865074e-01,6.531012988901244709e-01,6.211087249732295534e-01,3.134760986273851247e-01,4.964298055599061787e-01,7.185965325590797370e-01
4.149944014308715734e-01,4.350508713378037906e-01,4.050974104126445208e-01,3.708970077154354339e-01,3.175359500953637837e-01,6.608696083436307323e-01,4.524687423591527424e-01,-4.257888247414548522e-01,4.179124965635326872e-01,4.298756602400308768e-01,7.743540625652388654e-01,4.184859733101097823e-01,-4.726677154903838329e-01,5.112683747503776743e-01,4.891018501693704668e-01,3.854502943312180796e-01,1.000000000000000000e+00,1.240158830984343652e-01,4.162289628963457000e-01,2.222928390572226631e-01,2.491076969087480386e-01,4.754025205295109857e-01,6.040825814808276073e-01,6.621406867590798884e-01,6.597882119774431953e-01,4.258380202232429079e-01,5.763072707257594907e-01,3.122176595238947416e-01,5.917141880396549203e-01,2.671710816989246728e-01,5.367052935523970447e-01,6.334349053159871179e-01,5.621630366149721336e-01,5.536109314544022109e-01,5.966329483277038603e-01,7.133615195602127645e-02,4.420903834212663308e-01,2.652482527324269701e-01,3.665892466238858671e-01
4.868266664819791978e-01,5.295426837020970057e-01,5.957791094543212207e-01,4.813225476869723019e-01,3.194915357643042797e-01,-5.195533090254290942e-02,4.532745421579865708e-01,-5.613464169501155565e-01,4.924321121217861141e-01,5.165905982761475057e-01,9.911747242408540381e-02,6.220235257937113404e-01,-3.144587722830753385e-01,5.368744789950713470e-01,5.007973944016808066e-01,6.771407326882591393e-01,1.240158830984343652e-01,1.000000000000000000e+00,6.694710543433570749e-01,4.109098591912396237e-01,3.607518561767155685e-01,5.848065106462998486e-01,5.823931246721720800e-01,2.752481950923488796e-01,4.463877492228390254e-01,4.777807825197729064e-01,4.941383526721761510e-01,4.145230611643331287e-01,4.308473872388219883e-01,4.577170953909076023e-01,4.175827943646834850e-01,3.510296452956787050e-01,3.127588144439703011e-01,2.640231906140080298e-01,3.526624837684622649e-01,5.250296657585644677e-01,3.436797084393844459e-02,4.484531913146409532e-01,6.187629140614564482e-01
5.545270853738729633e-01,6.372932183326025513e-01,5.009473130116306461e-01,6.462774130039601328e-01,3.183946827217673525e-01,1.398408469471565940e-01,6.889793007480542464e-01,-4.679883944785181993e-01,5.593701351637394570e-01,5.706181414136206609e-01,3.904646652839690035e-01,6.988408269735270073e-01,-3.973699924943399076e-01,5.819347643211142396e-01,7.023776463004405279e-01,6.844416687513726893e-01,4.162289628963457000e-01,6.694710543433570749e-01,1.000000000000000000e+00,4.331336277448228911e-01,2.546398290911539020e-01,7.086695170602377303e-01,7.505626810440255703e-01,3.819278532441906515e-01,6.069231396392212874e-01,4.259155463557226518e-01,6.617033022414784416e-01,2.705805447037893385e-01,4.609883461305262498e-01,3.919015328638359441e-01,5.606526758233789653e-01,4.985610334098538599e-01,4.057079377662864417e-01,4.337162022281206841e-01,4.607673214036007714e-01,4.680635881829207645e-01,1.162514576473209632e-01,4.230055693226225100e-01,7.456556983775133318e-01
1.845667043215162006e-01,1.654104870732097665e-01,3.173055894032424384e-01,6.425400609660694151e-01,5.781417851019581694e-03,1.939604335098903953e-01,4.781689362463104054e-01,-3.074477179362054557e-01,1.755135467114686265e-01,2.767841926650639328e-01,2.255421169184560759e-01,4.792525041698999511e-01,-2.559330220893526464e-01,1.750690197190851172e-01,5.218815109462312529e-01,3.906794844787803145e-01,2.222928390572226631e-01,4.109098591912396237e-01,4.331336277448228911e-01,1.000000000000000000e+00,3.380403270908485802e-01,5.150285250025259387e-01,3.629851837950328064e-01,2.254560545047375464e-01,3.207948309883997817e-01,2.291739220434585167e-01,3.292974009743717123e-01,2.743838207192817458e-01,2.793184415255363096e-01,1.266490337041907555e-01,2.709865087606823097e-01,3.548242639739640492e-01,2.612430207974620888e-01,2.313274597010757938e-01,3.636201842451385335e-01,2.194027898616648098e-01,1.901504860730050261e-01,2.036420558916941514e-01,3.578364312314006312e-01
3.478789277768669086e-01,2.767666213945844111e-01,6.020319302709856712e-01,2.342366017769640929e-01,3.642461797427548609e-01,6.125029743144758121e-02,3.556995840138383325e-01,-6.559555717514410356e-01,2.216092086777919634e-01,5.028775880657609942e-01,1.230915087471074060e-01,2.869089759465264233e-01,-2.490741604916398289e-01,3.698350274039244878e-01,2.288915766355858195e-01,5.023177568684406014e-01,2.491076969087480386e-01,3.607518561767155685e-01,2.546398290911539020e-01,3.380403270908485802e-01,1.000000000000000000e+00,3.939212098796425199e-01,3.552192607449445316e-01,2.762260816151846932e-01,4.039624809670372962e-01,5.371841204559441030e-01,4.036743231985121527e-01,5.929015648437858665e-01,4.989624941801830138e-01,4.084902722559188293e-01,4.441803497681392487e-01,2.863927782612367134e-01,3.536451356893816622e-01,1.911675651768174888e-01,5.478442779729313372e-01,4.405292893802786325e-01,2.628504867065899475e-01,3.461069816147185341e-01,3.183012374769784159e-01
5.841580070520434598e-01,7.126213802670842146e-01,6.399093691737292033e-01,7.423729221721651061e-01,3.452161632698143023e-01,3.924496549360723119e-01,7.040419376475873792e-01,-6.037129614314791226e-01,5.138556748654813378e-01,6.101454137102149122e-01,5.367260322454696642e-01,8.565306431415073973e-01,-6.310345004225835774e-01,5.913807625719640360e-01,7.820338269584633517e-01,7.059012350485369680e-01,4.754025205295109857e-01,5.848065106462998486e-01,7.086695170602377303e-01,5.150285250025259387e-01,3.939212098796425199e-01,1.000000000000000000e+00,8.369775449339280637e-01,4.523717809781188648e-01,6.989581082322255945e-01,4.251864468849899659e-01,7.862614959672901138e-01,3.770060609679319330e-01,5.806803108683540326e-01,3.791232143565614332e-01,7.112987178918837028e-01,6.932314415797002916e-01,5.597859029071776682e-01,5.224482649569646142e-01,6.900305945357728676e-01,4.587316316611426137e-01,4.032702822798678866e-01,2.728850319080795006e-01,7.654576715380363439e-01
7.568924681010192890e-01,8.440580198647322785e-01,6.848370773139731416e-01,6.346241471536001599e-01,5.094214525939114724e-01,3.874414508302137516e-01,6.827879470217657065e-01,-6.416797403695601032e-01,7.111449592878734682e-01,7.474476464996169245e-01,5.944216618553204157e-01,8.071449349068988699e-01,-6.258744895934487129e-01,7.755669949451625689e-01,7.629713991715265653e-01,7.967671540327133650e-01,6.040825814808276073e-01,5.823931246721720800e-01,7.505626810440255703e-01,3.629851837950328064e-01,3.552192607449445316e-01,8.369775449339280637e-01,1.000000000000000000e+00,6.241269682049791490e-01,8.559990483852921717e-01,5.344902877741953828e-01,8.163794295938073819e-01,4.403017419571732538e-01,7.262610101546326247e-01,5.775583668257898706e-01,7.843961451001478791e-01,7.418479844396795864e-01,6.722181601646239901e-01,6.520016774464453269e-01,7.071000886031678645e-01,4.267694052080883704e-01,4.456308390892683713e-01,4.046071573380405906e-01,7.927014071008338103e-01
4.684967655508031070e-01,5.135836800467984409e-01,4.527842575971424144e-01,3.112482796343828961e-01,3.635130768584318717e-01,4.452674762886218440e-01,3.686578939051775028e-01,-4.521944344922151360e-01,4.861343135679985217e-01,5.302255060798971575e-01,6.333138943988696479e-01,3.765956993869162273e-01,-4.755293104074803101e-01,6.274444176885631830e-01,3.902370512704248506e-01,4.704790217932900975e-01,6.621406867590798884e-01,2.752481950923488796e-01,3.819278532441906515e-01,2.254560545047375464e-01,2.762260816151846932e-01,4.523717809781188648e-01,6.241269682049791490e-01,1.000000000000000000e+00,6.474432354451852278e-01,3.671344357023742511e-01,4.779503263958628789e-01,3.598765874668053977e-01,6.157632525776353116e-01,4.407772962988844578e-01,5.184670645997301319e-01,6.132485778016062428e-01,5.310944035689511011e-01,4.698458045254442217e-01,5.665107045744171010e-01,-3.478353702754456017e-02,5.171524585292823772e-01,2.324326352765092862e-01,3.681355235961564776e-01
6.924922474808580253e-01,7.703945839749281044e-01,6.906670679192482565e-01,4.855659961150785575e-01,5.983377318838647430e-01,4.453891712950586723e-01,5.975324332131113358e-01,-6.679625675973799304e-01,7.111424433648102506e-01,7.465112525694902468e-01,5.552980176991952899e-01,6.477754268409137151e-01,-5.563776097522671327e-01,7.578370192369555669e-01,6.617004890924067517e-01,7.308019239587221216e-01,6.597882119774431953e-01,4.463877492228390254e-01,6.069231396392212874e-01,3.207948309883997817e-01,4.039624809670372962e-01,6.989581082322255945e-01,8.559990483852921717e-01,6.474432354451852278e-01,1.000000000000000000e+00,5.503402079658324952e-01,6.969982713507639760e-01,5.286362157801733908e-01,7.545400023213141294e-01,6.143994002707329205e-01,7.628773718580122987e-01,7.024353519196591122e-01,7.208631248608066144e-01,6.867739938690902157e-01,6.968841966088523687e-01,3.372388732426042646e-01,5.303174319406835924e-01,4.463710084340284379e-01,6.619626959294532265e-01
6.627143065730920490e-01,5.466592596088043488e-01,5.933494357544367714e-01,2.393247668567127506e-01,5.064032969757147340e-01,6.850691569443280449e-02,3.303590800226017810e-01,-5.727285557615512390e-01,5.815408958442431775e-01,6.572725746882870368e-01,2.599287721195634449e-01,4.326140816176929360e-01,-2.692130912915020047e-01,6.297674876504203434e-01,4.641005221942778869e-01,6.759164002389378423e-01,4.258380202232429079e-01,4.777807825197729064e-01,4.259155463557226518e-01,2.291739220434585167e-01,5.371841204559441030e-01,4.251864468849899659e-01,5.344902877741953828e-01,3.671344357023742511e-01,5.503402079658324952e-01,1.000000000000000000e+00,6.368075511844399905e-01,6.444125752531542073e-01,6.982382715986575894e-01,6.585191197279249842e-01,5.424732121803993445e-01,4.633906163385667631e-01,4.467906708662515713e-01,4.082479578952358801e-01,5.104286574831304879e-01,5.309064233381304287e-01,2.615208062140521039e-01,5.989074183571049259e-01,4.392719248959620626e-01
7.088134318040265613e-01,7.456970175545116764e-01,6.209144867914508925e-01,5.964548441324021288e-01,4.554418083137778406e-01,3.688766525318507572e-01,6.320979814551122011e-01,-5.915692263276817187e-01,6.040780479039530304e-01,6.884011935329447107e-01,5.774815006473387191e-01,7.455677341561350868e-01,-6.099634336013896041e-01,6.985941125179309097e-01,7.022786889704637492e-01,7.206018720375427788e-01,5.763072707257594907e-01,4.941383526721761510e-01,6.617033022414784416e-01,3.292974009743717123e-01,4.036743231985121527e-01,7.862614959672901138e-01,8.163794295938073819e-01,4.779503263958628789e-01,6.969982713507639760e-01,6.368075511844399905e-01,1.000000000000000000e+00,4.478336084262237726e-01,6.774557407630202865e-01,4.981891154608162342e-01,8.050296538266381585e-01,7.649171417698522601e-01,5.923235166590189449e-01,5.723041907091670488e-01,7.265295940419574938e-01,5.592170358592295498e-01,4.175845037408403293e-01,4.024489663101824544e-01,7.460771388707264640e-01
4.972465561332495843e-01,4.062377590252259640e-01,6.726080077449613226e-01,1.108387799224533482e-01,6.414418679803188805e-01,1.570724168056577552e-01,2.722970780349121545e-01,-6.827293660089043259e-01,5.453717327663583081e-01,5.795937538834128322e-01,2.289857816657292489e-01,3.076413382895561432e-01,-3.234083852776051260e-01,5.887282807197746770e-01,3.442581043043789202e-01,5.255728802647979814e-01,3.122176595238947416e-01,4.145230611643331287e-01,2.705805447037893385e-01,2.743838207192817458e-01,5.929015648437858665e-01,3.770060609679319330e-01,4.403017419571732538e-01,3.598765874668053977e-01,5.286362157801733908e-01,6.444125752531542073e-01,4.478336084262237726e-01,1.000000000000000000e+00,5.862035211573566329e-01,5.438110677653431591e-01,5.651470035643859635e-01,3.871158635079766097e-01,4.996165071988696860e-01,5.192072315750626554e-01,5.029495228645843863e-01,2.986436801297108201e-01,3.418092222547318149e-01,5.469965986405163072e-01,3.609393149489613650e-01
6.932086367961893814e-01,7.097967518199246317e-01,6.830921625073086423e-01,3.722290246837934857e-01,5.990291122956116210e-01,3.968141817551978923e-01,4.756492378097025853e-01,-6.648936441676843723e-01,6.619914409773679509e-01,7.396789674211681209e-01,5.155919017862040654e-01,5.387361297588266762e-01,-5.599157585148337724e-01,7.635589364471054852e-01,5.415888384441990278e-01,7.019815656378792790e-01,5.917141880396549203e-01,4.308473872388219883e-01,4.609883461305262498e-01,2.793184415255363096e-01,4.989624941801830138e-01,5.806803108683540326e-01,7.262610101546326247e-01,6.157632525776353116e-01,7.545400023213141294e-01,6.982382715986575894e-01,6.774557407630202865e-01,5.862035211573566329e-01,1.000000000000000000e+00,7.163664018438081760e-01,7.349680836666974137e-01,7.499270975710234932e-01,7.061569489170699265e-01,5.899693520781723599e-01,7.296305554792520409e-01,3.972061865758806376e-01,6.246059576962857962e-01,4.585795748987062659e-01,5.312380946729418074e-01
7.282956546930298147e-01,7.030775517393528240e-01,5.467534779991285454e-01,1.869882265573922231e-01,6.289790617238788517e-01,-1.783770213843940966e-02,3.083354671397458557e-01,-5.299110295692727179e-01,7.412259461234351754e-01,7.817745375444683509e-01,1.638063808267709587e-01,3.769987116275960171e-01,-2.997152511215690485e-01,7.002472289599361854e-01,3.628512121504027799e-01,7.235934101488534775e-01,2.671710816989246728e-01,4.577170953909076023e-01,3.919015328638359441e-01,1.266490337041907555e-01,4.084902722559188293e-01,3.791232143565614332e-01,5.775583668257898706e-01,4.407772962988844578e-01,6.143994002707329205e-01,6.585191197279249842e-01,4.981891154608162342e-01,5.438110677653431591e-01,7.163664018438081760e-01,1.000000000000000000e+00,5.719317543734682152e-01,4.816421943383186188e-01,4.646145794859092293e-01,4.770064152845323036e-01,4.607098073692934004e-01,4.302079351474861757e-01,4.113399568051566146e-01,5.184366396951578526e-01,4.348973863801693929e-01
6.985934557907876874e-01,7.925115558976062458e-01,6.756013195430068397e-01,4.313075141647436661e-01,5.777684393339277413e-01,4.238685024786226774e-01,5.776061412498931791e-01,-6.445329060387789966e-01,6.481379613911151250e-01,7.442994610629342089e-01,5.670675832372752412e-01,6.118955777790278105e-01,-7.340802494553577695e-01,7.449969607915043479e-01,5.548486201916728033e-01,6.666289229794009064e-01,5.367052935523970447e-01,4.175827943646834850e-01,5.606526758233789653e-01,2.709865087606823097e-01,4.441803497681392487e-01,7.112987178918837028e-01,7.843961451001478791e-01,5.184670645997301319e-01,7.628773718580122987e-01,5.424732121803993445e-01,8.050296538266381585e-01,5.651470035643859635e-01,7.349680836666974137e-01,5.719317543734682152e-01,1.000000000000000000e+00,7.870471399959589887e-01,7.071567292614394651e-01,6.240806592056235003e-01,7.745725274111797676e-01,3.718609938012694127e-01,5.877677718751860292e-01,4.257024380753639536e-01,6.846194852483000748e-01
6.044958392071686504e-01,6.994690402848168231e-01,5.392983892409028979e-01,4.844972496997059230e-01,3.618963350583506711e-01,6.191124575008298825e-01,5.297181392560709190e-01,-5.219361232693685571e-01,5.197237551192935845e-01,6.317197768344897657e-01,6.686135039722519435e-01,5.905576221252192282e-01,-7.306152603047224581e-01,6.346822148612700776e-01,5.563266846034468083e-01,5.614404332808717868e-01,6.334349053159871179e-01,3.510296452956787050e-01,4.985610334098538599e-01,3.548242639739640492e-01,2.863927782612367134e-01,6.932314415797002916e-01,7.418479844396795864e-01,6.132485778016062428e-01,7.024353519196591122e-01,4.633906163385667631e-01,7.649171417698522601e-01,3.871158635079766097e-01,7.499270975710234932e-01,4.816421943383186188e-01,7.870471399959589887e-01,1.000000000000000000e+00,6.306122677256534859e-01,5.290921477108946336e-01,7.340582961987436317e-01,2.816227069672614935e-01,7.398959685762618310e-01,2.742182433283407716e-01,5.582642210877166722e-01
4.774061027526007028e-01,6.019324051220882321e-01,7.213288341851928909e-01,3.605877518112513558e-01,6.051335412526940294e-01,4.390418429186705440e-01,4.945123224668910855e-01,-6.846858089825910154e-01,6.525220947504830615e-01,6.013357727320282065e-01,5.815706817969693576e-01,5.424145992396631755e-01,-6.160572358234236434e-01,7.663958730236712924e-01,5.813541062513790658e-01,5.410714815268709010e-01,5.621630366149721336e-01,3.127588144439703011e-01,4.057079377662864417e-01,2.612430207974620888e-01,3.536451356893816622e-01,5.597859029071776682e-01,6.722181601646239901e-01,5.310944035689511011e-01,7.208631248608066144e-01,4.467906708662515713e-01,5.923235166590189449e-01,4.996165071988696860e-01,7.061569489170699265e-01,4.646145794859092293e-01,7.071567292614394651e-01,6.306122677256534859e-01,1.000000000000000000e+00,7.755583355267926526e-01,6.167146392073310501e-01,2.335488929348746023e-01,4.715937803446840215e-01,4.589629354390560301e-01,5.903042758671508405e-01
5.241110129692794217e-01,6.176408353913096505e-01,6.009777012225506754e-01,4.466318093808483991e-01,6.744583844056674105e-01,3.410612113499082443e-01,5.070566690503788276e-01,-5.879268005515937423e-01,8.078312258057412931e-01,5.899749076444281704e-01,5.483533403766276404e-01,5.979652488319133763e-01,-4.546071783250340559e-01,7.400825874934843229e-01,6.795886245946415327e-01,5.681160796508865074e-01,5.536109314544022109e-01,2.640231906140080298e-01,4.337162022281206841e-01,2.313274597010757938e-01,1.911675651768174888e-01,5.224482649569646142e-01,6.520016774464453269e-01,4.698458045254442217e-01,6.867739938690902157e-01,4.082479578952358801e-01,5.723041907091670488e-01,5.192072315750626554e-01,5.899693520781723599e-01,4.770064152845323036e-01,6.240806592056235003e-01,5.290921477108946336e-01,7.755583355267926526e-01,1.000000000000000000e+00,4.537299279664478990e-01,1.743332224271122444e-01,3.152195584435519282e-01,5.180719953546412126e-01,6.377461807665518734e-01
6.031300830088367482e-01,6.077985089665086660e-01,6.032900544189503389e-01,4.656594139598010940e-01,4.247743824685873970e-01,5.133885025775138944e-01,5.621704429424305705e-01,-6.056567588184630369e-01,4.058341214605593050e-01,6.947558991241709059e-01,5.521592051568060544e-01,5.528323037907705295e-01,-6.870380493459972149e-01,6.155991028787546337e-01,5.006842322217286423e-01,6.531012988901244709e-01,5.966329483277038603e-01,3.526624837684622649e-01,4.607673214036007714e-01,3.636201842451385335e-01,5.478442779729313372e-01,6.900305945357728676e-01,7.071000886031678645e-01,5.665107045744171010e-01,6.968841966088523687e-01,5.104286574831304879e-01,7.265295940419574938e-01,5.029495228645843863e-01,7.296305554792520409e-01,4.607098073692934004e-01,7.745725274111797676e-01,7.340582961987436317e-01,6.167146392073310501e-01,4.537299279664478990e-01,1.000000000000000000e+00,3.856681767861280807e-01,6.653080477250292724e-01,1.914886358500701991e-01,4.901729454166275368e-01
5.004581997571145857e-01,4.349117235191209407e-01,4.243533525031387144e-01,3.454220664567720922e-01,3.399191396608763904e-01,-1.049549355362389136e-01,4.183372631564284960e-01,-4.212982575673740460e-01,3.220414548289606271e-01,5.285393403944136370e-01,-3.701788616028329343e-02,4.708826130615861860e-01,-2.292578902047597844e-01,4.007396227034148439e-01,3.838430480208802620e-01,6.211087249732295534e-01,7.133615195602127645e-02,5.250296657585644677e-01,4.680635881829207645e-01,2.194027898616648098e-01,4.405292893802786325e-01,4.587316316611426137e-01,4.267694052080883704e-01,-3.478353702754456017e-02,3.372388732426042646e-01,5.309064233381304287e-01,5.592170358592295498e-01,2.986436801297108201e-01,3.972061865758806376e-01,4.302079351474861757e-01,3.718609938012694127e-01,2.816227069672614935e-01,2.335488929348746023e-01,1.743332224271122444e-01,3.856681767861280807e-01,1.000000000000000000e+00,9.074413018063337555e-02,3.517826150350071845e-01,5.079872377768679392e-01
4.361829482143566028e-01,4.680407480746061055e-01,3.300579603359454772e-01,1.658758257943701298e-01,3.033849130607519373e-01,5.974767153408939713e-01,2.193139740826341721e-01,-3.319232542558165355e-01,2.721058015701036670e-01,5.036851118288392382e-01,4.773740388479397745e-01,2.148762713889365850e-01,-6.336451803580218645e-01,4.140320396596379737e-01,1.936225617085032547e-01,3.134760986273851247e-01,4.420903834212663308e-01,3.436797084393844459e-02,1.162514576473209632e-01,1.901504860730050261e-01,2.628504867065899475e-01,4.032702822798678866e-01,4.456308390892683713e-01,5.171524585292823772e-01,5.303174319406835924e-01,2.615208062140521039e-01,4.175845037408403293e-01,3.418092222547318149e-01,6.246059576962857962e-01,4.113399568051566146e-01,5.877677718751860292e-01,7.398959685762618310e-01,4.715937803446840215e-01,3.152195584435519282e-01,6.653080477250292724e-01,9.074413018063337555e-02,1.000000000000000000e+00,4.642924239574094600e-03,1.604298139133890633e-01
4.249419217894926937e-01,3.953262393687019260e-01,5.913276191012649674e-01,1.601002997068816935e-01,5.643979671794503439e-01,-6.084602738972853114e-02,2.714578341729602107e-01,-5.903402112909601485e-01,6.069474430309689250e-01,4.713246763688316854e-01,2.051926475778905468e-01,3.394955141942075372e-01,-1.714088768996064605e-01,5.638475418038090270e-01,4.112564151785566557e-01,4.964298055599061787e-01,2.652482527324269701e-01,4.484531913146409532e-01,4.230055693226225100e-01,2.036420558916941514e-01,3.461069816147185341e-01,2.728850319080795006e-01,4.046071573380405906e-01,2.324326352765092862e-01,4.463710084340284379e-01,5.989074183571049259e-01,4.024489663101824544e-01,5.469965986405163072e-01,4.585795748987062659e-01,5.184366396951578526e-01,4.257024380753639536e-01,2.742182433283407716e-01,4.589629354390560301e-01,5.180719953546412126e-01,1.914886358500701991e-01,3.517826150350071845e-01,4.642924239574094600e-03,1.000000000000000000e+00,5.641127543570673142e-01
5.922889793939544179e-01,7.395156463120403645e-01,6.610610248172654746e-01,6.677905008187656755e-01,5.194784402643596311e-01,1.538924244834347088e-01,6.749629424379477438e-01,-6.335477338484066800e-01,6.819449380994335730e-01,6.003116302278342920e-01,4.193935185317969050e-01,8.430071475010229021e-01,-4.806703009710241448e-01,6.685091371163814911e-01,7.547726651687416410e-01,7.185965325590797370e-01,3.665892466238858671e-01,6.187629140614564482e-01,7.456556983775133318e-01,3.578364312314006312e-01,3.183012374769784159e-01,7.654576715380363439e-01,7.927014071008338103e-01,3.681355235961564776e-01,6.619626959294532265e-01,4.392719248959620626e-01,7.460771388707264640e-01,3.609393149489613650e-01,5.312380946729418074e-01,4.348973863801693929e-01,6.846194852483000748e-01,5.582642210877166722e-01,5.903042758671508405e-01,6.377461807665518734e-01,4.901729454166275368e-01,5.079872377768679392e-01,1.604298139133890633e-01,5.641127543570673142e-01,1.000000000000000000e+00
