1.000000000000000000e+00,8.008792571855258835e-01,3.458506940148914910e-01,-1.588832529214310174e-01,6.344543216310721823e-01,2.001700939253809874e-01,1.370378676591372524e-01,-3.146105047158204715e-01,6.734592655271240957e-01,8.499019295093577231e-01,6.970617140519974608e-02,9.517198427349532475e-02,-4.959658193371542789e-01,7.505477708078007737e-01,1.857813870617329166e-01,8.261260325194882403e-01,3.269182721908576728e-01,-9.357995544662429943e-02,5.753205418028801282e-02,-3.472375208216821885e-01,-5.733027404939165100e-02,-1.265903185246759488e-01,8.098923648234001016e-01,7.535293753490791557e-01,7.858832920803170419e-01,7.667055125132009596e-01,3.455169773331616678e-01,3.789884611655235935e-01,5.554737853016805671e-01,7.955598169604745085e-01,6.012406598606967467e-01,5.212820996757537850e-01,3.931124063133139002e-01,5.178813436550296911e-01,3.530859990808878912e-01,6.213476938441622188e-01,4.821310601697589293e-01,5.997571413821606301e-01,6.186028322293424253e-01
8.008792571855258835e-01,1.000000000000000000e+00,5.137779807572905311e-01,1.078322389356227706e-01,6.606081146254857428e-01,4.821891848153736504e-01,2.474689561697458462e-01,-4.813179594864746558e-01,5.728070752196148252e-01,8.251547206128725387e-01,3.253578976059877115e-01,-1.536697003772641117e-02,-6.730037319535741025e-01,6.457860537335039508e-01,-1.704564743804827184e-02,6.596269086959840600e-01,5.362349264258100545e-01,6.984209953516353452e-03,1.989990837799238965e-01,-3.527372159204706370e-01,2.196191215114326190e-01,9.558022958982327622e-02,6.547189002872275676e-01,7.788138434469921156e-01,6.833906468338557527e-01,7.198925651645937673e-01,5.756273925913220069e-01,5.286148743404928130e-01,4.747174044702368034e-01,7.325452107361812848e-01,7.413358556033317059e-01,7.296815268487619743e-01,5.294507459336982302e-01,3.259623833148775907e-01,2.805887575425352609e-01,5.248388769870223625e-01,6.763335588495675843e-01,2.965225147539329309e-01,5.671433500596607669e-01
3.458506940148914910e-01,5.137779807572905311e-01,1.000000000000000000e+00,5.632566236510141433e-01,6.812713284201113995e-01,6.072399050865221470e-01,6.001922334579176121e-01,-9.308646589645550584e-01,3.523001947014881008e-01,4.739509906442155307e-01,2.165010440197965291e-01,-1.089271370142369383e-01,-7.186189557510094250e-01,1.775708992450292789e-01,2.618183590853150888e-01,2.019539228036627276e-01,3.555245818832474813e-01,6.437333909239975061e-01,7.254588227568863346e-01,-7.089221404138211502e-02,7.131337287093217903e-01,5.468107228373286777e-01,2.032305633979315240e-01,5.876648283041560061e-01,2.923027421712362517e-01,6.167668107496819818e-01,7.870208948614934030e-01,8.404765394720264959e-01,5.930272780417656930e-01,3.928350599807315380e-01,7.342049776677030959e-01,5.773832868484701786e-01,8.045794238974024459e-01,2.668299938579721808e-01,3.704528294758415163e-01,3.118373099825592076e-01,6.701478007070592602e-01,3.062225952748301797e-02,5.244877377410633867e-01
-1.588832529214310174e-01,1.078322389356227706e-01,5.632566236510141433e-01,1.000000000000000000e+00,2.693094075160752943e-01,5.689760477232388425e-01,4.261770701163089536e-01,-5.694651996603713462e-01,-1.448906289218905574e-01,-5.090355175436971774e-02,3.137120614240226368e-01,-3.452199772631970864e-01,-3.030752860324943954e-01,-2.344220022449024499e-01,-4.720590555898696028e-02,-3.492384673737272127e-01,3.076145541101690806e-01,6.502814739795864662e-01,5.575985945274922750e-01,2.333796159305541462e-01,6.590121130180409681e-01,5.215731748775347398e-01,-2.770071686285346946e-01,9.943134439177227224e-02,-2.247621309335278705e-01,1.073299072498578172e-01,4.998413941460553289e-01,4.050614224699439769e-01,1.396099611783554184e-01,-8.445315171848771785e-02,2.643600980948850876e-01,3.554888867171752675e-01,4.380247227955824108e-01,-1.532643734090697041e-01,1.231687500967870996e-01,-1.803047158141108386e-01,3.886262892814831282e-01,-4.000451274724691753e-01,3.773905943578950012e-02
6.344543216310721823e-01,6.606081146254857428e-01,6.812713284201113995e-01,2.693094075160752943e-01,1.000000000000000000e+00,3.277493515714028915e-01,2.352166349291045511e-01,-6.679456349151586814e-01,7.236576107623766685e-01,7.058740860615705381e-01,1.165401697223669708e-01,-8.370246472693864542e-03,-7.355971690040339350e-01,5.316448509281992418e-01,3.662513883740143861e-01,5.890380554688819936e-01,2.740632340739264650e-01,2.609000933770670994e-01,2.903826112494914957e-01,-1.629044614895858167e-01,2.377343107970326386e-01,4.342367979474515832e-02,5.738149688534871506e-01,7.490580814248867236e-01,5.972961789942576871e-01,8.698446438894453792e-01,5.218362247709865676e-01,5.704024212235510038e-01,4.180276405838598830e-01,7.585280161933077858e-01,7.805947513241558999e-01,5.237528148021713958e-01,5.379710373578758809e-01,6.412189267738988008e-01,1.713506342136745797e-01,5.659665654118823941e-01,5.157651799656658431e-01,4.338577480836458555e-01,5.855024020418125863e-01
2.001700939253809874e-01,4.821891848153736504e-01,6.072399050865221470e-01,5.689760477232388425e-01,3.277493515714028915e-01,1.000000000000000000e+00,3.697946773044507029e-01,-6.012634295122176731e-01,-7.012722327189093406e-03,2.824849863096353109e-01,4.215026644845812909e-01,-2.590520398793585422e-01,-5.881226594856644452e-01,2.111739165972703336e-01,-2.168683046813836557e-01,-5.649527204761058130e-02,7.432137230567900099e-01,3.750493483730198419e-01,4.847870656561525382e-01,-5.304253478420673656e-02,7.183835000132654525e-01,4.162814069118072058e-01,5.836349868279067793e-02,4.642340283378178500e-01,1.390180383327390412e-01,2.818953999602571980e-01,7.394171809103005089e-01,6.242253380926695572e-01,4.310836644910071569e-01,1.196606063526923086e-01,5.887796807361115325e-01,7.371131685326880456e-01,6.532964219830288410e-01,-1.773867452480957785e-01,4.460082762458074668e-01,1.401897241739342471e-02,8.010917720295105404e-01,-3.469030088669140532e-01,1.630621793785108631e-01
1.370378676591372524e-01,2.474689561697458462e-01,6.001922334579176121e-01,4.261770701163089536e-01,2.352166349291045511e-01,3.697946773044507029e-01,1.000000000000000000e+00,-5.754464249736012116e-01,-5.419226796901640240e-03,2.004924019490886278e-01,1.817995017930180701e-01,3.674058674486183063e-02,-2.479401024866442205e-01,-3.886514964019862402e-03,7.208322210754725123e-02,-2.817300636672981362e-02,2.767246441280605818e-01,6.216571212943043934e-01,7.503255162659967503e-01,-1.801589774046495063e-01,5.968688623197310195e-01,6.707488676807530359e-01,3.197033928534583763e-02,2.114520725407983137e-01,6.333515142782621121e-02,1.819333485217816127e-01,6.427322346007390275e-01,5.890305289626429630e-01,5.584121193971447461e-01,-1.458392642496684696e-02,3.006798694704214681e-01,4.011901062749349545e-01,6.602081936070532953e-01,-9.349348083389173725e-02,3.943780285268743135e-01,1.138397308652673995e-01,4.840960457108600679e-01,-1.250886894502014623e-01,4.245258808138720474e-01
-3.146105047158204715e-01,-4.813179594864746558e-01,-9.308646589645550584e-01,-5.694651996603713462e-01,-6.679456349151586814e-01,-6.012634295122176731e-01,-5.754464249736012116e-01,1.000000000000000000e+00,-3.479363815909082835e-01,-4.522732740970409893e-01,-1.812739201847984594e-01,1.335152784313735075e-01,7.065025381529527193e-01,-1.447755805181249744e-01,-2.896652136584019210e-01,-1.848459658131419991e-01,-3.187793302542675233e-01,-6.593803448114370358e-01,-7.272698577228635664e-01,2.892282690237796966e-02,-7.184561900353717556e-01,-5.418522894872961349e-01,-1.756886393257333090e-01,-5.711056746743290446e-01,-2.715485524514170135e-01,-6.002786196010855280e-01,-7.650947122865771055e-01,-8.417052712363179978e-01,-5.694849890465669695e-01,-3.756154478286133358e-01,-7.158269105660618470e-01,-5.399161480273328984e-01,-7.854903355333902049e-01,-2.802128306881286335e-01,-3.507168681816170697e-01,-2.858971374346842009e-01,-6.442651045701222046e-01,-2.643449595165867430e-02,-5.140099865116096733e-01
6.734592655271240957e-01,5.728070752196148252e-01,3.523001947014881008e-01,-1.448906289218905574e-01,7.236576107623766685e-01,-7.012722327189093406e-03,-5.419226796901640240e-03,-3.479363815909082835e-01,1.000000000000000000e+00,7.084964679435378221e-01,-2.162463338011741676e-01,3.274792380130881744e-04,-4.823660988080674117e-01,5.125549221031389102e-01,5.540267301346383233e-01,7.760506440484687962e-01,-3.416301891751304110e-02,1.456374997154658880e-02,7.000816987615690601e-02,-1.335994212037680817e-01,-1.134257154649646743e-01,-2.573749833241317786e-01,7.159287606366844248e-01,6.628901921866711122e-01,7.315847518731577459e-01,7.624986171828079806e-01,1.927436281896182657e-01,3.108749057390861603e-01,2.380549627836797688e-01,8.081456417035746131e-01,5.384597709103560170e-01,1.904791176330487279e-01,1.807386674360983159e-01,8.252901427121558386e-01,-6.445103988652148286e-02,6.299450498640409846e-01,2.095183233575177439e-01,7.274076691079846002e-01,6.949636557076001031e-01
8.499019295093577231e-01,8.251547206128725387e-01,4.739509906442155307e-01,-5.090355175436971774e-02,7.058740860615705381e-01,2.824849863096353109e-01,2.004924019490886278e-01,-4.522732740970409893e-01,7.084964679435378221e-01,1.000000000000000000e+00,4.985434183834536181e-02,4.137590045228278779e-02,-5.742365754754579221e-01,7.179571904835289065e-01,2.469047388185248160e-01,8.287009974356102093e-01,3.562800335189479362e-01,4.016660403508172383e-02,1.874651274123532718e-01,-2.934936284368027670e-01,8.234633743737529432e-02,-5.195948464326464317e-02,7.866809614288803321e-01,8.156812525443326578e-01,8.306150194270532916e-01,7.681750373923379449e-01,4.425768745383693581e-01,5.368624004611542988e-01,5.461441531580528697e-01,8.180521773226379079e-01,6.810496995811035070e-01,5.157818061061671955e-01,4.696112562220846609e-01,5.318587123109371761e-01,3.102030253008413174e-01,6.668759923671719880e-01,5.430666968523927274e-01,5.383781688946484012e-01,6.595928336788960955e-01
6.970617140519974608e-02,3.253578976059877115e-01,2.165010440197965291e-01,3.137120614240226368e-01,1.165401697223669708e-01,4.215026644845812909e-01,1.817995017930180701e-01,-1.812739201847984594e-01,-2.162463338011741676e-01,4.985434183834536181e-02,1.000000000000000000e+00,1.834790055461444497e-02,-3.288293548564166224e-01,4.594306982718612820e-02,-6.169939713028447237e-01,-2.110238457664901091e-01,6.240185646270673958e-01,-1.270372062088162834e-01,-6.458115917848740450e-02,-2.875238706183471660e-01,3.299910754482974218e-01,3.179641766944437120e-01,-1.475072173581840340e-01,1.092666311337959911e-01,-1.117754140052809736e-01,1.117247469027627671e-01,3.951826605591406416e-01,1.287713420657161101e-01,1.844277256811391319e-02,-9.307322246483007433e-03,3.158204716029212600e-01,6.000951551627755620e-01,2.645993360450266674e-01,-4.307525632808711924e-01,4.201047948936842413e-02,-5.862987384766448623e-02,3.483766961509979776e-01,-4.754694521221889958e-01,-2.699664803332412211e-01
9.517198427349532475e-02,-1.536697003772641117e-02,-1.089271370142369383e-01,-3.452199772631970864e-01,-8.370246472693864542e-03,-2.590520398793585422e-01,3.674058674486183063e-02,1.335152784313735075e-01,3.274792380130881744e-04,4.137590045228278779e-02,1.834790055461444497e-02,1.000000000000000000e+00,5.741390593238167306e-02,1.104614749276061764e-01,-6.536338725372717318e-02,1.583959533957533805e-01,-4.970801428981910103e-02,-2.111467042581692821e-01,-1.499033724790058975e-01,-3.233206113045856145e-01,-1.391840886120744025e-01,2.175023129455150653e-02,1.395784866270420588e-01,-9.255989249454743550e-02,1.184283214677776530e-01,-2.117300245459712363e-02,-7.373808353398772497e-02,-6.200296288290322450e-02,1.621055407696975204e-01,-4.862004011819745335e-03,-2.543930550366135714e-03,-1.182835738645697000e-02,5.467228813599642190e-02,6.946272141107789379e-03,1.078705537098808703e-01,2.062883336179132387e-01,-6.631353611129835179e-02,9.859644099289213703e-02,1.005505007654284091e-02
-4.959658193371542789e-01,-6.730037319535741025e-01,-7.186189557510094250e-01,-3.030752860324943954e-01,-7.355971690040339350e-01,-5.881226594856644452e-01,-2.479401024866442205e-01,7.065025381529527193e-01,-4.823660988080674117e-01,-5.742365754754579221e-01,-3.288293548564166224e-01,5.741390593238167306e-02,1.000000000000000000e+00,-4.228385544130809914e-01,-6.874671771588693192e-02,-3.745541425954599379e-01,-4.743747302578854574e-01,-1.860429085222093937e-01,-3.004310050520723196e-01,2.413170570430899498e-01,-4.404477028543189454e-01,-1.829369973498645163e-01,-3.568582821096445978e-01,-7.019139091720406620e-01,-4.191776927801312835e-01,-7.071735929685661892e-01,-6.529643004866247935e-01,-6.467424148439828713e-01,-3.832868006091573188e-01,-5.803878896019151190e-01,-8.816661835582366713e-01,-6.723075814487250446e-01,-6.180832071124743310e-01,-3.341562054218686906e-01,-2.214419794045922874e-01,-4.117366687376021184e-01,-6.612438604263751740e-01,-1.177754182386768628e-01,-3.970572923334383941e-01
7.505477708078007737e-01,6.457860537335039508e-01,1.775708992450292789e-01,-2.344220022449024499e-01,5.316448509281992418e-01,2.111739165972703336e-01,-3.886514964019862402e-03,-1.447755805181249744e-01,5.125549221031389102e-01,7.179571904835289065e-01,4.594306982718612820e-02,1.104614749276061764e-01,-4.228385544130809914e-01,1.000000000000000000e+00,4.994386941119072915e-02,7.143224950791668970e-01,4.495557476688179510e-01,-2.299912881960790856e-01,-6.521569270274740759e-02,-3.098822081367935133e-01,-1.425744599822987291e-01,-3.013705853025480108e-01,7.748666871139047174e-01,7.294936293370748448e-01,7.235772456283980913e-01,5.878130807693651150e-01,2.641593809822226357e-01,2.401246929887435877e-01,4.597271927932619073e-01,6.736361304806145478e-01,5.388974882349113482e-01,5.108831792011168105e-01,3.090284489463308581e-01,3.660090479010207898e-01,4.269525856997415381e-01,5.863029329895562691e-01,4.870090042442996037e-01,4.595029611612710396e-01,4.139177726695270065e-01
1.857813870617329166e-01,-1.704564743804827184e-02,2.618183590853150888e-01,-4.720590555898696028e-02,3.662513883740143861e-01,-2.168683046813836557e-01,7.208322210754725123e-02,-2.896652136584019210e-01,5.540267301346383233e-01,2.469047388185248160e-01,-6.169939713028447237e-01,-6.536338725372717318e-02,-6.874671771588693192e-02,4.994386941119072915e-02,1.000000000000000000e+00,3.679068952317547381e-01,-4.242209924564084300e-01,4.236702167508760164e-01,3.252042307695545698e-01,3.440446032515218078e-01,-2.900853282814934084e-02,-7.253284434583230633e-02,3.035710744765285907e-01,2.190287136627351028e-01,3.066045295568991524e-01,3.626242681823471647e-01,-8.638720325797485944e-02,2.155612536110893818e-01,1.617627256900358579e-01,3.385731897033317228e-01,8.927489179822904741e-02,-2.922007561751904792e-01,3.154342208786042184e-02,7.508645820192160203e-01,-9.651756828889948570e-02,2.455676320820400216e-01,-1.435004764581419012e-01,6.737739249679998155e-01,5.588571085618055934e-01
8.261260325194882403e-01,6.596269086959840600e-01,2.019539228036627276e-01,-3.492384673737272127e-01,5.890380554688819936e-01,-5.649527204761058130e-02,-2.817300636672981362e-02,-1.848459658131419991e-01,7.760506440484687962e-01,8.287009974356102093e-01,-2.110238457664901091e-01,1.583959533957533805e-01,-3.745541425954599379e-01,7.143224950791668970e-01,3.679068952317547381e-01,1.000000000000000000e+00,5.906733958603006124e-02,-1.626443142260645680e-01,-4.556576938879066535e-02,-2.729798031834896888e-01,-2.426827740006060607e-01,-3.081794367549862690e-01,8.533764668845962298e-01,6.830925653801960262e-01,8.476459624482707289e-01,6.940383863595240843e-01,1.211438076857922763e-01,2.751665057528826508e-01,3.913465171222760830e-01,8.256841137515271711e-01,4.794782730807309878e-01,2.324976994411221132e-01,2.013545604223776486e-01,6.753958282180015926e-01,1.696451864015927902e-01,7.199399550967715555e-01,2.563053538423687439e-01,7.414015194507997952e-01,6.261697407002836391e-01
3.269182721908576728e-01,5.362349264258100545e-01,3.555245818832474813e-01,3.076145541101690806e-01,2.740632340739264650e-01,7.432137230567900099e-01,2.767246441280605818e-01,-3.187793302542675233e-01,-3.416301891751304110e-02,3.562800335189479362e-01,6.240185646270673958e-01,-4.970801428981910103e-02,-4.743747302578854574e-01,4.495557476688179510e-01,-4.242209924564084300e-01,5.906733958603006124e-02,1.000000000000000000e+00,2.960379177836752057e-02,1.766838316111427054e-01,-2.516123221496721629e-01,4.512360532846015349e-01,2.317840190014448798e-01,2.179716315631968493e-01,4.733244269003258897e-01,2.533507797587215560e-01,2.607445035978506187e-01,5.936859047246375587e-01,3.853904398183685687e-01,3.741965862491489214e-01,1.829099452371719114e-01,5.280248309882551450e-01,7.888131049824127494e-01,4.947205175493611384e-01,-2.799251236318704983e-01,4.173772213202971981e-01,1.444559243633537216e-01,7.128979272591806637e-01,-2.814256760829565440e-01,2.653776990996492557e-02
-9.357995544662429943e-02,6.984209953516353452e-03,6.437333909239975061e-01,6.502814739795864662e-01,2.609000933770670994e-01,3.750493483730198419e-01,6.216571212943043934e-01,-6.593803448114370358e-01,1.456374997154658880e-02,4.016660403508172383e-02,-1.270372062088162834e-01,-2.111467042581692821e-01,-1.860429085222093937e-01,-2.299912881960790856e-01,4.236702167508760164e-01,-1.626443142260645680e-01,2.960379177836752057e-02,1.000000000000000000e+00,8.448816120018322051e-01,2.893299664047788711e-01,6.589664236371319816e-01,6.201529020079818988e-01,-1.542677319839706740e-01,9.519411153164444861e-02,-9.402892768728163264e-02,1.518133800480040152e-01,4.416360744247070924e-01,5.687621910605932252e-01,4.099545838434793255e-01,-4.754314949721708677e-02,1.720087250594941886e-01,1.261856265525846954e-01,5.218372973260052561e-01,1.100162758487415599e-01,2.644947066833839844e-01,-7.146125110622073007e-02,2.942292971750372077e-01,-6.265312606456861777e-02,3.674151876890024981e-01
5.753205418028801282e-02,1.989990837799238965e-01,7.254588227568863346e-01,5.575985945274922750e-01,2.903826112494914957e-01,4.847870656561525382e-01,7.503255162659967503e-01,-7.272698577228635664e-01,7.000816987615690601e-02,1.874651274123532718e-01,-6.458115917848740450e-02,-1.499033724790058975e-01,-3.004310050520723196e-01,-6.521569270274740759e-02,3.252042307695545698e-01,-4.556576938879066535e-02,1.766838316111427054e-01,8.448816120018322051e-01,1.000000000000000000e+00,8.941567000837076507e-02,7.187098240422267192e-01,6.777553374345164361e-01,-9.753637076000666595e-03,2.566280599260633011e-01,5.429069982781716680e-02,2.068790139647050941e-01,6.432232475789653181e-01,7.033726664956664321e-01,5.669734311020075967e-01,1.462909501890404668e-02,3.252505014989895971e-01,3.121467400450614882e-01,6.807666801936038681e-01,5.044073818185235147e-02,4.108899944535789328e-01,3.659971544685171330e-02,5.076816937378997308e-01,-6.736802337787871353e-02,5.191797543118241709e-01
-3.472375208216821885e-01,-3.527372159204706370e-01,-7.089221404138211502e-02,2.333796159305541462e-01,-1.629044614895858167e-01,-5.304253478420673656e-02,-1.801589774046495063e-01,2.892282690237796966e-02,-1.335994212037680817e-01,-2.934936284368027670e-01,-2.875238706183471660e-01,-3.233206113045856145e-01,2.413170570430899498e-01,-3.098822081367935133e-01,3.440446032515218078e-01,-2.729798031834896888e-01,-2.516123221496721629e-01,2.893299664047788711e-01,8.941567000837076507e-02,1.000000000000000000e+00,1.023757089689210781e-01,8.801785265210285147e-02,-3.034173016371750076e-01,-2.289931328854608317e-01,-2.588835278811697505e-01,-2.229713159894156638e-01,-2.868084206844718209e-01,-7.599681653061057807e-02,-2.715240955682872714e-01,-2.181784783632055580e-01,-2.892325961148511371e-01,-3.897015648984480940e-01,-2.862544674427407454e-01,5.429165316627240778e-02,-2.700684830086996224e-01,-3.109686351843130026e-01,-3.010120872479457033e-01,2.673924596202208528e-03,-1.643511878956691596e-01
-5.733027404939165100e-02,2.196191215114326190e-01,7.131337287093217903e-01,6.590121130180409681e-01,2.377343107970326386e-01,7.183835000132654525e-01,5.968688623197310195e-01,-7.184561900353717556e-01,-1.134257154649646743e-01,8.234633743737529432e-02,3.299910754482974218e-01,-1.391840886120744025e-01,-4.404477028543189454e-01,-1.425744599822987291e-01,-2.900853282814934084e-02,-2.426827740006060607e-01,4.512360532846015349e-01,6.589664236371319816e-01,7.187098240422267192e-01,1.023757089689210781e-01,1.000000000000000000e+00,7.476250564976411050e-01,-2.084356920859916917e-01,2.287331105075390836e-01,-6.718817036706377366e-02,1.368600972705621421e-01,7.027368045198015833e-01,7.111211611399181898e-01,4.091588550030770266e-01,-9.653613899774868279e-02,4.042579967878978664e-01,4.804142763132102645e-01,6.537324910871761263e-01,-2.032801515080294164e-01,3.138390044156864067e-01,-6.539736175640463445e-02,5.871783597001231092e-01,-4.050642640578754894e-01,1.668060705327704119e-01
-1.265903185246759488e-01,9.558022958982327622e-02,5.468107228373286777e-01,5.215731748775347398e-01,4.342367979474515832e-02,4.162814069118072058e-01,6.707488676807530359e-01,-5.418522894872961349e-01,-2.573749833241317786e-01,-5.195948464326464317e-02,3.179641766944437120e-01,2.175023129455150653e-02,-1.829369973498645163e-01,-3.013705853025480108e-01,-7.253284434583230633e-02,-3.081794367549862690e-01,2.317840190014448798e-01,6.201529020079818988e-01,6.777553374345164361e-01,8.801785265210285147e-02,7.476250564976411050e-01,1.000000000000000000e+00,-3.086426298960718295e-01,-1.855223457579832647e-02,-2.084205035081418134e-01,-3.715158030385997540e-02,5.133401026241747322e-01,5.294240041384549178e-01,3.518973851026925836e-01,-2.327391779334421484e-01,1.563682690486937477e-01,2.995117126898290127e-01,4.904586398137683600e-01,-3.064630705188173820e-01,2.536208064535216966e-01,-1.392395622846539782e-01,3.318167122341232345e-01,-4.047566153793514254e-01,1.131049040280182050e-01
8.098923648234001016e-01,6.547189002872275676e-01,2.032305633979315240e-01,-2.770071686285346946e-01,5.738149688534871506e-01,5.836349868279067793e-02,3.197033928534583763e-02,-1.756886393257333090e-01,7.159287606366844248e-01,7.866809614288803321e-01,-1.475072173581840340e-01,1.395784866270420588e-01,-3.568582821096445978e-01,7.748666871139047174e-01,3.035710744765285907e-01,8.533764668845962298e-01,2.179716315631968493e-01,-1.542677319839706740e-01,-9.753637076000666595e-03,-3.034173016371750076e-01,-2.084356920859916917e-01,-3.086426298960718295e-01,1.000000000000000000e+00,7.324925049519381837e-01,8.849906955235987693e-01,6.543712734403591691e-01,2.068096219612590159e-01,2.370018861370109253e-01,4.359339674961940636e-01,7.700112011216498908e-01,5.099424211289588227e-01,3.528043172010091322e-01,2.446038449423988126e-01,5.856867178958267139e-01,2.672967148244050906e-01,7.253507291967328241e-01,3.623849756594884619e-01,6.550294452495895037e-01,6.186864570878771730e-01
7.535293753490791557e-01,7.788138434469921156e-01,5.876648283041560061e-01,9.943134439177227224e-02,7.490580814248867236e-01,4.642340283378178500e-01,2.114520725407983137e-01,-5.711056746743290446e-01,6.628901921866711122e-01,8.156812525443326578e-01,1.092666311337959911e-01,-9.255989249454743550e-02,-7.019139091720406620e-01,7.294936293370748448e-01,2.190287136627351028e-01,6.830925653801960262e-01,4.733244269003258897e-01,9.519411153164444861e-02,2.566280599260633011e-01,-2.289931328854608317e-01,2.287331105075390836e-01,-1.855223457579832647e-02,7.324925049519381837e-01,1.000000000000000000e+00,7.600787497418958205e-01,7.708484910825624814e-01,5.890107142632750037e-01,6.069515126927378379e-01,5.247521431022762473e-01,7.708134761569847004e-01,7.949500207923348993e-01,6.271785322360101667e-01,5.482511519619072127e-01,4.726575022140163118e-01,3.404154052743165737e-01,6.347952602890323259e-01,6.732404644998216670e-01,3.933882728810601526e-01,6.084448625057079507e-01
7.858832920803170419e-01,6.833906468338557527e-01,2.923027421712362517e-01,-2.247621309335278705e-01,5.972961789942576871e-01,1.390180383327390412e-01,6.333515142782621121e-02,-2.715485524514170135e-01,7.315847518731577459e-01,8.306150194270532916e-01,-1.117754140052809736e-01,1.184283214677776530e-01,-4.191776927801312835e-01,7.235772456283980913e-01,3.066045295568991524e-01,8.476459624482707289e-01,2.533507797587215560e-01,-9.402892768728163264e-02,5.429069982781716680e-02,-2.588835278811697505e-01,-6.718817036706377366e-02,-2.084205035081418134e-01,8.849906955235987693e-01,7.600787497418958205e-01,1.000000000000000000e+00,6.623885117609806805e-01,2.785058594090958350e-01,3.741485092861128181e-01,4.513538836243962682e-01,7.696185623246072360e-01,5.563865559287843876e-01,3.492454147245888652e-01,2.846907087331294051e-01,5.601778856966708187e-01,2.463268875376729006e-01,7.458823948181401153e-01,4.054096157453577209e-01,5.953189142707433490e-01,6.107870982242997737e-01
7.667055125132009596e-01,7.198925651645937673e-01,6.167668107496819818e-01,1.073299072498578172e-01,8.698446438894453792e-01,2.818953999602571980e-01,1.819333485217816127e-01,-6.002786196010855280e-01,7.624986171828079806e-01,7.681750373923379449e-01,1.117247469027627671e-01,-2.117300245459712363e-02,-7.071735929685661892e-01,5.878130807693651150e-01,3.626242681823471647e-01,6.940383863595240843e-01,2.607445035978506187e-01,1.518133800480040152e-01,2.068790139647050941e-01,-2.229713159894156638e-01,1.368600972705621421e-01,-3.715158030385997540e-02,6.543712734403591691e-01,7.708484910825624814e-01,6.623885117609806805e-01,1.000000000000000000e+00,4.657046987238956381e-01,5.294171477257371139e-01,4.874428520411380750e-01,8.252686385996429452e-01,7.581516068646168005e-01,5.233314238821432651e-01,5.162821022357739764e-01,6.592975282277357962e-01,2.204332589715067292e-01,6.039675789847352982e-01,4.954159449076879218e-01,5.513726000784786585e-01,6.069846128204610114e-01
3.455169773331616678e-01,5.756273925913220069e-01,7.870208948614934030e-01,4.998413941460553289e-01,5.218362247709865676e-01,7.394171809103005089e-01,6.427322346007390275e-01,-7.650947122865771055e-01,1.927436281896182657e-01,4.425768745383693581e-01,3.951826605591406416e-01,-7.373808353398772497e-02,-6.529643004866247935e-01,2.641593809822226357e-01,-8.638720325797485944e-02,1.211438076857922763e-01,5.936859047246375587e-01,4.416360744247070924e-01,6.432232475789653181e-01,-2.868084206844718209e-01,7.027368045198015833e-01,5.133401026241747322e-01,2.068096219612590159e-01,5.890107142632750037e-01,2.785058594090958350e-01,4.657046987238956381e-01,1.000000000000000000e+00,7.871546056647434897e-01,6.071966842562778188e-01,2.494970598268525519e-01,7.039302823980183588e-01,7.645928843837226374e-01,8.400794250023599918e-01,-3.786091006273229614e-02,4.791615567771678186e-01,2.513898366149945329e-01,8.532360627407022946e-01,-1.953994461149811401e-01,4.414743963852029718e-01
3.789884611655235935e-01,5.286148743404928130e-01,8.404765394720264959e-01,4.050614224699439769e-01,5.704024212235510038e-01,6.242253380926695572e-01,5.890305289626429630e-01,-8.417052712363179978e-01,3.108749057390861603e-01,5.368624004611542988e-01,1.287713420657161101e-01,-6.200296288290322450e-02,-6.467424148439828713e-01,2.401246929887435877e-01,2.155612536110893818e-01,2.751665057528826508e-01,3.853904398183685687e-01,5.687621910605932252e-01,7.033726664956664321e-01,-7.599681653061057807e-02,7.111211611399181898e-01,5.294240041384549178e-01,2.370018861370109253e-01,6.069515126927378379e-01,3.741485092861128181e-01,5.294171477257371139e-01,7.871546056647434897e-01,1.000000000000000000e+00,6.502517992294023497e-01,3.416713402862979754e-01,6.865962678859000023e-01,5.402146239268640349e-01,8.026419973847995770e-01,1.918755693931844253e-01,4.250563295033721878e-01,3.110045480600631684e-01,7.170763285044544633e-01,3.056108269529424215e-02,5.316741761988765802e-01
5.554737853016805671e-01,4.747174044702368034e-01,5.930272780417656930e-01,1.396099611783554184e-01,4.180276405838598830e-01,4.310836644910071569e-01,5.584121193971447461e-01,-5.694849890465669695e-01,2.380549627836797688e-01,5.461441531580528697e-01,1.844277256811391319e-02,1.621055407696975204e-01,-3.832868006091573188e-01,4.597271927932619073e-01,1.617627256900358579e-01,3.913465171222760830e-01,3.741965862491489214e-01,4.099545838434793255e-01,5.669734311020075967e-01,-2.715240955682872714e-01,4.091588550030770266e-01,3.518973851026925836e-01,4.359339674961940636e-01,5.247521431022762473e-01,4.513538836243962682e-01,4.874428520411380750e-01,6.071966842562778188e-01,6.502517992294023497e-01,1.000000000000000000e+00,3.438847538694870254e-01,4.848893616243223903e-01,5.360880169763130310e-01,7.552170442946530837e-01,1.552555722911879710e-01,8.048592085239232308e-01,3.952263486568221018e-01,6.584116575389490356e-01,1.965103707388239640e-01,5.115769159458979365e-01
7.955598169604745085e-01,7.325452107361812848e-01,3.928350599807315380e-01,-8.445315171848771785e-02,7.585280161933077858e-01,1.196606063526923086e-01,-1.458392642496684696e-02,-3.756154478286133358e-01,8.081456417035746131e-01,8.180521773226379079e-01,-9.307322246483007433e-03,-4.862004011819745335e-03,-5.803878896019151190e-01,6.736361304806145478e-01,3.385731897033317228e-01,8.256841137515271711e-01,1.829099452371719114e-01,-4.754314949721708677e-02,1.462909501890404668e-02,-2.181784783632055580e-01,-9.653613899774868279e-02,-2.327391779334421484e-01,7.700112011216498908e-01,7.708134761569847004e-01,7.696185623246072360e-01,8.252686385996429452e-01,2.494970598268525519e-01,3.416713402862979754e-01,3.438847538694870254e-01,1.000000000000000000e+00,6.419170670206111318e-01,3.817355060082937013e-01,2.842391299718853293e-01,6.910485081788358963e-01,1.123532672587737868e-01,7.120542382289318795e-01,3.405895722342144882e-01,6.453810856780453076e-01,5.755823953519468850e-01
6.012406598606967467e-01,7.413358556033317059e-01,7.342049776677030959e-01,2.643600980948850876e-01,7.805947513241558999e-01,5.887796807361115325e-01,3.006798694704214681e-01,-7.158269105660618470e-01,5.384597709103560170e-01,6.810496995811035070e-01,3.158204716029212600e-01,-2.543930550366135714e-03,-8.816661835582366713e-01,5.388974882349113482e-01,8.927489179822904741e-02,4.794782730807309878e-01,5.280248309882551450e-01,1.720087250594941886e-01,3.252505014989895971e-01,-2.892325961148511371e-01,4.042579967878978664e-01,1.563682690486937477e-01,5.099424211289588227e-01,7.949500207923348993e-01,5.563865559287843876e-01,7.581516068646168005e-01,7.039302823980183588e-01,6.865962678859000023e-01,4.848893616243223903e-01,6.419170670206111318e-01,1.000000000000000000e+00,7.183134511371106479e-01,6.760165145440715229e-01,3.622072777983430525e-01,3.059737014548364331e-01,5.063064808187642818e-01,7.247780741178644348e-01,1.761368676762659902e-01,4.899374470407111826e-01
5.212820996757537850e-01,7.296815268487619743e-01,5.773832868484701786e-01,3.554888867171752675e-01,5.237528148021713958e-01,7.371131685326880456e-01,4.011901062749349545e-01,-5.399161480273328984e-01,1.904791176330487279e-01,5.157818061061671955e-01,6.000951551627755620e-01,-1.182835738645697000e-02,-6.723075814487250446e-01,5.108831792011168105e-01,-2.922007561751904792e-01,2.324976994411221132e-01,7.888131049824127494e-01,1.261856265525846954e-01,3.121467400450614882e-01,-3.897015648984480940e-01,4.804142763132102645e-01,2.995117126898290127e-01,3.528043172010091322e-01,6.271785322360101667e-01,3.492454147245888652e-01,5.233314238821432651e-01,7.645928843837226374e-01,5.402146239268640349e-01,5.360880169763130310e-01,3.817355060082937013e-01,7.183134511371106479e-01,1.000000000000000000e+00,7.035610476860721940e-01,-4.893085528368182335e-02,4.877158695446284775e-01,2.734580201485079520e-01,8.394350387857428819e-01,-1.352134203963649695e-01,3.003532540348212709e-01
3.931124063133139002e-01,5.294507459336982302e-01,8.045794238974024459e-01,4.380247227955824108e-01,5.379710373578758809e-01,6.532964219830288410e-01,6.602081936070532953e-01,-7.854903355333902049e-01,1.807386674360983159e-01,4.696112562220846609e-01,2.645993360450266674e-01,5.467228813599642190e-02,-6.180832071124743310e-01,3.090284489463308581e-01,3.154342208786042184e-02,2.013545604223776486e-01,4.947205175493611384e-01,5.218372973260052561e-01,6.807666801936038681e-01,-2.862544674427407454e-01,6.537324910871761263e-01,4.904586398137683600e-01,2.446038449423988126e-01,5.482511519619072127e-01,2.846907087331294051e-01,5.162821022357739764e-01,8.400794250023599918e-01,8.026419973847995770e-01,7.552170442946530837e-01,2.842391299718853293e-01,6.760165145440715229e-01,7.035610476860721940e-01,1.000000000000000000e+00,6.045806546217013383e-02,6.108094802942251045e-01,2.906257995686843953e-01,8.076987653796252609e-01,-6.175681980610679689e-02,4.658660081342281822e-01
5.178813436550296911e-01,3.259623833148775907e-01,2.668299938579721808e-01,-1.532643734090697041e-01,6.412189267738988008e-01,-1.773867452480957785e-01,-9.349348083389173725e-02,-2.802128306881286335e-01,8.252901427121558386e-01,5.318587123109371761e-01,-4.307525632808711924e-01,6.946272141107789379e-03,-3.341562054218686906e-01,3.660090479010207898e-01,7.508645820192160203e-01,6.753958282180015926e-01,-2.799251236318704983e-01,1.100162758487415599e-01,5.044073818185235147e-02,5.429165316627240778e-02,-2.032801515080294164e-01,-3.064630705188173820e-01,5.856867178958267139e-01,4.726575022140163118e-01,5.601778856966708187e-01,6.592975282277357962e-01,-3.786091006273229614e-02,1.918755693931844253e-01,1.552555722911879710e-01,6.910485081788358963e-01,3.622072777983430525e-01,-4.893085528368182335e-02,6.045806546217013383e-02,1.000000000000000000e+00,-1.178660942178027249e-01,4.850839568476876806e-01,-1.782921741773391480e-02,8.010768141695072675e-01,6.246840859393416601e-01
3.530859990808878912e-01,2.805887575425352609e-01,3.704528294758415163e-01,1.231687500967870996e-01,1.713506342136745797e-01,4.460082762458074668e-01,3.943780285268743135e-01,-3.507168681816170697e-01,-6.445103988652148286e-02,3.102030253008413174e-01,4.201047948936842413e-02,1.078705537098808703e-01,-2.214419794045922874e-01,4.269525856997415381e-01,-9.651756828889948570e-02,1.696451864015927902e-01,4.173772213202971981e-01,2.644947066833839844e-01,4.108899944535789328e-01,-2.700684830086996224e-01,3.138390044156864067e-01,2.536208064535216966e-01,2.672967148244050906e-01,3.404154052743165737e-01,2.463268875376729006e-01,2.204332589715067292e-01,4.791615567771678186e-01,4.250563295033721878e-01,8.048592085239232308e-01,1.123532672587737868e-01,3.059737014548364331e-01,4.877158695446284775e-01,6.108094802942251045e-01,-1.178660942178027249e-01,1.000000000000000000e+00,2.303119847520955499e-01,6.096338824624184527e-01,-6.079485132242730405e-02,2.127555801172647532e-01
6.213476938441622188e-01,5.248388769870223625e-01,3.118373099825592076e-01,-1.803047158141108386e-01,5.659665654118823941e-01,1.401897241739342471e-02,1.138397308652673995e-01,-2.858971374346842009e-01,6.299450498640409846e-01,6.668759923671719880e-01,-5.862987384766448623e-02,2.062883336179132387e-01,-4.117366687376021184e-01,5.863029329895562691e-01,2.455676320820400216e-01,7.199399550967715555e-01,1.444559243633537216e-01,-7.146125110622073007e-02,3.659971544685171330e-02,-3.109686351843130026e-01,-6.539736175640463445e-02,-1.392395622846539782e-01,7.253507291967328241e-01,6.347952602890323259e-01,7.458823948181401153e-01,6.039675789847352982e-01,2.513898366149945329e-01,3.110045480600631684e-01,3.952263486568221018e-01,7.120542382289318795e-01,5.063064808187642818e-01,2.734580201485079520e-01,2.906257995686843953e-01,4.850839568476876806e-01,2.303119847520955499e-01,1.000000000000000000e+00,3.164317380570176863e-01,4.785323684663240207e-01,4.411082641835444851e-01
4.821310601697589293e-01,6.763335588495675843e-01,6.701478007070592602e-01,3.886262892814831282e-01,5.157651799656658431e-01,8.010917720295105404e-01,4.840960457108600679e-01,-6.442651045701222046e-01,2.095183233575177439e-01,5.430666968523927274e-01,3.483766961509979776e-01,-6.631353611129835179e-02,-6.612438604263751740e-01,4.870090042442996037e-01,-1.435004764581419012e-01,2.563053538423687439e-01,7.128979272591806637e-01,2.942292971750372077e-01,5.076816937378997308e-01,-3.010120872479457033e-01,5.871783597001231092e-01,3.318167122341232345e-01,3.623849756594884619e-01,6.732404644998216670e-01,4.054096157453577209e-01,4.954159449076879218e-01,8.532360627407022946e-01,7.170763285044544633e-01,6.584116575389490356e-01,3.405895722342144882e-01,7.247780741178644348e-01,8.394350387857428819e-01,8.076987653796252609e-01,-1.782921741773391480e-02,6.096338824624184527e-01,3.164317380570176863e-01,1.000000000000000000e+00,-1.144332069457956180e-01,4.088312032257884754e-01
5.997571413821606301e-01,2.965225147539329309e-01,3.062225952748301797e-02,-4.000451274724691753e-01,4.338577480836458555e-01,-3.469030088669140532e-01,-1.250886894502014623e-01,-2.643449595165867430e-02,7.274076691079846002e-01,5.383781688946484012e-01,-4.754694521221889958e-01,9.859644099289213703e-02,-1.177754182386768628e-01,4.595029611612710396e-01,6.737739249679998155e-01,7.414015194507997952e-01,-2.814256760829565440e-01,-6.265312606456861777e-02,-6.736802337787871353e-02,2.673924596202208528e-03,-4.050642640578754894e-01,-4.047566153793514254e-01,6.550294452495895037e-01,3.933882728810601526e-01,5.953189142707433490e-01,5.513726000784786585e-01,-1.953994461149811401e-01,3.056108269529424215e-02,1.965103707388239640e-01,6.453810856780453076e-01,1.761368676762659902e-01,-1.352134203963649695e-01,-6.175681980610679689e-02,8.010768141695072675e-01,-6.079485132242730405e-02,4.785323684663240207e-01,-1.144332069457956180e-01,1.000000000000000000e+00,5.912340456791160825e-01
6.186028322293424253e-01,5.671433500596607669e-01,5.244877377410633867e-01,3.773905943578950012e-02,5.855024020418125863e-01,1.630621793785108631e-01,4.245258808138720474e-01,-5.140099865116096733e-01,6.949636557076001031e-01,6.595928336788960955e-01,-2.699664803332412211e-01,1.005505007654284091e-02,-3.970572923334383941e-01,4.139177726695270065e-01,5.588571085618055934e-01,6.261697407002836391e-01,2.653776990996492557e-02,3.674151876890024981e-01,5.191797543118241709e-01,-1.643511878956691596e-01,1.668060705327704119e-01,1.131049040280182050e-01,6.186864570878771730e-01,6.084448625057079507e-01,6.107870982242997737e-01,6.069846128204610114e-01,4.414743963852029718e-01,5.316741761988765802e-01,5.115769159458979365e-01,5.755823953519468850e-01,4.899374470407111826e-01,3.003532540348212709e-01,4.658660081342281822e-01,6.246840859393416601e-01,2.127555801172647532e-01,4.411082641835444851e-01,4.088312032257884754e-01,5.912340456791160825e-01,1.000000000000000000e+00
