1.000000000000000000e+00,-4.299824659693803897e-01,4.833742496086578244e-01,-4.705078897615006528e-01,2.752563464797048165e-01,-5.376597902526069062e-01,5.100066501740082581e-01,-5.111517471929831746e-01,4.539572790533063507e-01,1.911078666384460889e-01,1.878287693551453363e-01,-5.217894806794205476e-01,-2.987132973464942109e-01,1.937995378551598813e-01,6.813789883392513680e-01,2.985255773477957231e-02,9.523870385563630581e-02,5.970252751949604031e-01,-4.259236444624920903e-01,-2.512039211945266137e-01,2.005121100657923927e-01,-3.335110939557772158e-01,-4.120290624260856127e-01,-1.499442346477853627e-01,7.054556335685140400e-01,7.688128260689314208e-01,-5.574586578744228360e-01,-5.862006960521902454e-02,6.857585628497828711e-01,6.851070109275549935e-01,-2.615907552357830124e-01,-5.672626125456170509e-01,-3.257720498932430431e-01,2.762757118413300406e-01,6.111510009092947504e-01,-2.766758620949190117e-01,-5.544172985098037021e-01,7.418767167542758001e-01,-5.016991040212905872e-01
-4.299824659693803897e-01,1.000000000000000000e+00,-2.118072414026038741e-01,6.984867471723135157e-01,2.503207502008464869e-01,7.790921376063484338e-01,-6.935136532595304049e-01,2.763643693273368784e-01,1.486285029973233585e-01,4.234018892293857084e-01,-1.431060168979930193e-02,7.815911468886217461e-01,4.684024860896618958e-01,2.063664685634715168e-01,-7.871911575375848402e-01,5.233191847394256246e-01,-3.834217763511349204e-03,-7.225518625776498061e-01,6.694552214774650567e-01,3.429065971268132063e-01,7.902503493718157634e-02,6.605085395818686145e-01,7.969542017819739588e-01,2.733448167066280798e-01,-4.931131431539863552e-01,-7.430727227044467975e-01,8.171445300652225852e-01,7.950430187113513569e-02,-6.535720327255740703e-01,-1.285521703611221256e-01,3.785415145568472584e-01,8.080946457580596709e-01,6.399079715571382998e-01,1.246974899636079381e-01,-6.306028822705836978e-01,4.062632967933855199e-01,7.965657837989803536e-01,-7.578173416650663130e-01,8.052842098201565824e-01
4.833742496086578244e-01,-2.118072414026038741e-01,1.000000000000000000e+00,-1.854210747525224245e-01,5.768438340578206924e-01,-3.703128677844510497e-01,2.998853896028418897e-01,-8.909927185553530027e-01,5.487940646791266142e-01,3.651161764365978835e-01,1.727125319309176232e-01,-1.902297301107857830e-01,-3.107886804232406486e-01,3.965362468309403532e-01,3.639708478728804208e-01,2.034064988435346222e-01,-7.146147379561362811e-02,2.834626973265039207e-01,-6.053793715289861044e-02,-4.079330555946005243e-01,5.238887669233892597e-01,-1.213504338780572595e-01,-7.040708602646814085e-02,2.076017014549905171e-01,5.991343199664899144e-01,4.813429265014880776e-01,-2.249694048147742598e-01,3.357903713454626904e-01,4.100198232958903177e-01,5.762737683240388709e-01,3.249415402607116476e-01,-3.259874923618575893e-01,1.457473269416481865e-01,5.237291908719184930e-01,3.861856991191740529e-01,2.516509462138732389e-01,-2.843721630448806659e-01,3.364586230663822453e-01,-2.489239669516525866e-01
-4.705078897615006528e-01,6.984867471723135157e-01,-1.854210747525224245e-01,1.000000000000000000e+00,3.168067759579352161e-01,7.377217372776738724e-01,-7.045917178291795091e-01,2.162794432308001447e-01,8.671895137756366334e-02,3.299271212063487613e-01,-1.196173304213460770e-01,8.072980196902455052e-01,2.700606874580476213e-01,2.296398052158621639e-01,-6.588057149960120373e-01,4.326396205764901914e-01,-1.047569272662452061e-01,-4.871025153783247741e-01,7.748118345468508750e-01,4.377703360407649846e-01,4.473923511976056477e-02,4.350222241081851404e-01,7.283552929539602872e-01,1.581300080713718414e-01,-5.928336408759031784e-01,-6.861769001907834786e-01,8.145832971826765245e-01,2.159278582346652320e-01,-7.566376053042052074e-01,-1.512428097474656230e-01,9.029443503210611566e-02,7.878031659587728663e-01,4.524243508765218302e-01,2.867770603343739455e-01,-7.246605308765683429e-01,5.098500979957950596e-01,7.946816207744981098e-01,-6.867443579073361226e-01,8.237174783858637328e-01
2.752563464797048165e-01,2.503207502008464869e-01,5.768438340578206924e-01,3.168067759579352161e-01,1.000000000000000000e+00,1.258150625452154059e-01,-1.434146413975334877e-01,-5.747891503177829930e-01,6.369143931141021397e-01,4.834469998496356835e-01,1.562296847040881009e-01,2.912514544449258946e-01,-1.296611923147613366e-01,5.585227181338964231e-01,-6.753605100460510768e-03,4.231483659428185717e-01,1.421389548965357012e-03,-6.479361393946420078e-02,3.103457670301663640e-01,-5.540950028095814606e-02,2.840440100440077553e-01,1.205682661215062429e-01,3.206055841470404899e-01,8.844198735830301195e-02,1.965930494437167775e-01,7.699352484728100299e-02,2.771813193534790609e-01,4.019104079032748689e-01,-6.995135142448996590e-02,4.959095094877000731e-01,2.063786279204350704e-01,1.922241933966845340e-01,2.725468190074558095e-01,7.578316367086143091e-01,-9.820100309026975893e-02,3.859255808282585076e-01,2.042517999122923089e-01,-2.917157384250993607e-02,2.730475466992460243e-01
-5.376597902526069062e-01,7.790921376063484338e-01,-3.703128677844510497e-01,7.377217372776738724e-01,1.258150625452154059e-01,1.000000000000000000e+00,-7.325935631270510395e-01,4.478626187176767415e-01,-3.604355773664845355e-03,3.198173806297629485e-01,-1.657377456545281735e-01,7.558941163236663208e-01,4.159922373826416275e-01,2.313565131524036866e-01,-7.201938418627187311e-01,4.267227726862342085e-01,1.370596739754726956e-01,-6.273763237751758259e-01,6.596291801316809256e-01,4.752585429395870809e-01,-3.681487597474126378e-02,5.844288780282930196e-01,7.850959963910352224e-01,2.353415202488461089e-01,-6.993683378131647643e-01,-7.197948306798744866e-01,8.273367434054503811e-01,9.996351702361550018e-02,-6.841286681855740515e-01,-3.181827498952535249e-01,1.650836991818246946e-01,8.689871538015710994e-01,6.015860330216561414e-01,2.944079068662187534e-02,-6.144141285710595923e-01,3.082164083969396451e-01,8.736465077839522531e-01,-7.230876074844181378e-01,7.763193864658272103e-01
5.100066501740082581e-01,-6.935136532595304049e-01,2.998853896028418897e-01,-7.045917178291795091e-01,-1.434146413975334877e-01,-7.325935631270510395e-01,1.000000000000000000e+00,-3.385903834133634493e-01,-1.149154175696785601e-01,-3.461378130968794653e-01,2.384155979668740322e-01,-8.232209798999809980e-01,-2.807318316610015185e-01,-2.450614509654064077e-01,5.922839233919768853e-01,-4.793189151682300531e-01,1.849856818488565535e-01,4.543967077107054497e-01,-7.452226957533336638e-01,-3.818141221041566613e-01,4.315494580338515018e-02,-4.587667635768868379e-01,-6.670907357725535114e-01,-1.707402711173077459e-01,6.187066212325238457e-01,6.873335678205775290e-01,-7.988916765012258336e-01,-3.031930327142806636e-01,7.549883275402486937e-01,2.122256951522093760e-01,-3.902844990552432891e-02,-7.560808760446284804e-01,-4.086788491235851528e-01,-2.405383135290146690e-01,7.532790168916335682e-01,-4.193982010371256064e-01,-7.691259357222709481e-01,6.598819702198839288e-01,-8.001262560588434658e-01
-5.111517471929831746e-01,2.763643693273368784e-01,-8.909927185553530027e-01,2.162794432308001447e-01,-5.747891503177829930e-01,4.478626187176767415e-01,-3.385903834133634493e-01,1.000000000000000000e+00,-5.274407993444246712e-01,-2.984796524041488097e-01,-1.673520428861159093e-01,2.370793527186045857e-01,3.736359459441054298e-01,-3.616580905784274602e-01,-4.100006112218868015e-01,-1.554034258161176574e-01,1.033974096563852890e-01,-3.252597026720889239e-01,9.868511168878496553e-02,4.344400201370870462e-01,-4.442754165652884057e-01,2.076931070268769886e-01,1.491113590109371945e-01,-1.249971049005953877e-01,-6.239993113082177301e-01,-5.079334361323789571e-01,2.774653851853581266e-01,-3.488873348361493654e-01,-4.040288925995496605e-01,-5.880268946506260752e-01,-2.516366462079144273e-01,3.843599839363880388e-01,-1.219525050134735202e-02,-5.532696469008001605e-01,-3.576811454434382642e-01,-2.250114153996214950e-01,3.539230042787286923e-01,-3.833640719593446877e-01,2.823972005879185065e-01
4.539572790533063507e-01,1.486285029973233585e-01,5.487940646791266142e-01,8.671895137756366334e-02,6.369143931141021397e-01,-3.604355773664845355e-03,-1.149154175696785601e-01,-5.274407993444246712e-01,1.000000000000000000e+00,6.206317668494073514e-01,7.074016059750188115e-03,1.767193053379746415e-01,-3.051574707340876796e-02,4.891670495209555214e-01,1.873792740736439644e-01,5.237070184071569434e-01,-8.400607642852686574e-02,1.261092902900316781e-01,2.322974738745263446e-01,-1.572692349218815233e-01,2.949768817216927852e-01,4.212735028359440581e-02,2.280729056689336787e-01,5.484507356322301797e-02,4.113610763011996685e-01,2.416942766855404157e-01,9.764354804576283464e-02,2.252923059504700343e-01,1.171889747001986781e-01,6.973451240615473612e-01,9.956312739095593556e-02,1.478044047416728242e-02,1.841518355943192464e-01,6.365642806167034484e-01,8.903042156237807314e-02,2.362434685724464078e-01,5.180308772169511106e-02,1.879780891968243772e-01,1.509206801176050938e-01
1.911078666384460889e-01,4.234018892293857084e-01,3.651161764365978835e-01,3.299271212063487613e-01,4.834469998496356835e-01,3.198173806297629485e-01,-3.461378130968794653e-01,-2.984796524041488097e-01,6.206317668494073514e-01,1.000000000000000000e+00,-1.878264235065395249e-01,3.657791978029734103e-01,1.222084789155027384e-01,5.354846175672540731e-01,-1.347253847891975720e-01,7.707458694119175835e-01,-3.714799335226343785e-02,-1.260315337346039899e-01,3.976174862754139339e-01,1.333546515803603616e-01,3.242335218340177128e-01,2.256273235679935041e-01,5.218462815513740249e-01,2.714429470418089907e-01,1.126152512665405669e-01,-7.119971412152747980e-02,3.571773125316571873e-01,2.599937769838581159e-01,-1.152067966247019432e-01,4.934545898208013703e-01,1.924733026971739980e-01,2.957408438636325299e-01,4.455841203418798857e-01,4.507480373040120281e-01,-1.072366132115997739e-01,3.515170703473402547e-01,3.457880660647485449e-01,-1.467743192122640539e-01,3.719009102570139391e-01
1.878287693551453363e-01,-1.431060168979930193e-02,1.727125319309176232e-01,-1.196173304213460770e-01,1.562296847040881009e-01,-1.657377456545281735e-01,2.384155979668740322e-01,-1.673520428861159093e-01,7.074016059750188115e-03,-1.878264235065395249e-01,1.000000000000000000e+00,-1.620748900031644957e-01,-1.674674172879790646e-01,-3.138829137552748283e-02,1.071010304550143281e-02,-2.806645827741386934e-01,1.857148533179138472e-01,-8.472745222222768935e-02,-2.202862366795524385e-01,-1.948981195092479302e-01,1.519425872237812059e-01,6.433023620881024585e-02,-1.306823616240315733e-01,1.928365382779273773e-01,1.994753761371652612e-01,1.761332403585967599e-01,-9.190979250239721121e-02,-9.564915648090951961e-02,2.271693788240252143e-01,1.225936077795238693e-01,1.128126629300497119e-01,-1.077189699492978880e-01,6.611762000851156840e-02,-3.242886503868699227e-02,1.591365498414337443e-01,-2.568976973355489857e-02,-1.616435149794907822e-01,6.763882884869087952e-02,-1.684339209417979322e-01
-5.217894806794205476e-01,7.815911468886217461e-01,-1.902297301107857830e-01,8.072980196902455052e-01,2.912514544449258946e-01,7.558941163236663208e-01,-8.232209798999809980e-01,2.370793527186045857e-01,1.767193053379746415e-01,3.657791978029734103e-01,-1.620748900031644957e-01,1.000000000000000000e+00,3.151679745984439784e-01,2.516476304448779233e-01,-6.768871982743480675e-01,5.157054429988258137e-01,-1.914799211131099077e-01,-5.481786336344699473e-01,8.335321813978701089e-01,3.643437750736503999e-01,4.138477491074905174e-02,5.600224774220403656e-01,7.654981648247694004e-01,2.084676865396967171e-01,-6.005924525319801255e-01,-7.486130925417840976e-01,8.684358599027327541e-01,2.970326341981034957e-01,-7.995543804484448458e-01,-1.511811447868921243e-01,2.262830439207113020e-01,8.291903930273651913e-01,5.301071241140155044e-01,3.299629566269777770e-01,-7.714569133393275324e-01,5.310157356951821228e-01,8.325004504816065909e-01,-7.298448912890959095e-01,8.864564548600477600e-01
-2.987132973464942109e-01,4.684024860896618958e-01,-3.107886804232406486e-01,2.700606874580476213e-01,-1.296611923147613366e-01,4.159922373826416275e-01,-2.807318316610015185e-01,3.736359459441054298e-01,-3.051574707340876796e-02,1.222084789155027384e-01,-1.674674172879790646e-01,3.151679745984439784e-01,1.000000000000000000e+00,-2.580261051407616857e-01,-4.738831342677767289e-01,1.271691038740077884e-01,2.571084321348194868e-01,-4.034384622194836512e-01,2.722130478911437557e-01,1.658352938250017283e-01,-6.751744307571684589e-02,3.958382666362899038e-01,3.597099851468176235e-01,2.711092902725448228e-02,-2.850022995838358830e-01,-4.431059382075999142e-01,3.064962825681981085e-01,-3.775260153161732468e-01,-2.385234619011377122e-01,-2.023836990928893353e-01,1.276349937247787947e-01,3.702851420112036052e-01,2.562532396062435214e-01,-3.251138262321906502e-01,-1.739653166855746891e-01,-1.584021762725030813e-01,3.720234289581337284e-01,-4.197630124230803950e-01,3.275396730689352220e-01
1.937995378551598813e-01,2.063664685634715168e-01,3.965362468309403532e-01,2.296398052158621639e-01,5.585227181338964231e-01,2.313565131524036866e-01,-2.450614509654064077e-01,-3.616580905784274602e-01,4.891670495209555214e-01,5.354846175672540731e-01,-3.138829137552748283e-02,2.516476304448779233e-01,-2.580261051407616857e-01,1.000000000000000000e+00,1.025248921662162867e-02,5.492918564063565823e-01,8.196407224881681330e-02,-3.680322798220121705e-02,2.981280082411639221e-01,1.194588939736927619e-01,2.066649774730794642e-01,1.078680726384819710e-01,3.746421074154899777e-01,4.176740683594339920e-01,8.096589850951425860e-02,5.780955359289333823e-02,2.861327773607792446e-01,4.791672398957719792e-01,-7.221500291058557952e-02,3.012149217227106379e-01,1.097406334969581454e-01,2.452162777836281449e-01,3.677152745111202936e-01,5.195724423038312612e-01,-7.433903462628198289e-02,4.439339644019371645e-01,2.816310003238549631e-01,-2.753618766295618317e-02,2.611338838457843425e-01
6.813789883392513680e-01,-7.871911575375848402e-01,3.639708478728804208e-01,-6.588057149960120373e-01,-6.753605100460510768e-03,-7.201938418627187311e-01,5.922839233919768853e-01,-4.100006112218868015e-01,1.873792740736439644e-01,-1.347253847891975720e-01,1.071010304550143281e-02,-6.768871982743480675e-01,-4.738831342677767289e-01,1.025248921662162867e-02,1.000000000000000000e+00,-2.448280610941308000e-01,1.943469720287012079e-02,8.370330922251325578e-01,-5.806733252610336571e-01,-2.951089472967743377e-01,3.594546265690658216e-02,-5.804477307995236091e-01,-6.795997651872967005e-01,-2.589177058949537757e-01,6.029922591945015009e-01,8.449079434858646209e-01,-7.563130842854853819e-01,3.687316451409267115e-02,6.877169996822500853e-01,4.426384300628103396e-01,-4.369518900396220928e-01,-7.495648898261898507e-01,-5.899597785543073680e-01,1.637630450050571729e-01,6.397250397586548010e-01,-3.538941794645029670e-01,-7.223740585650283430e-01,8.772306359596586667e-01,-7.031800043012952361e-01
2.985255773477957231e-02,5.233191847394256246e-01,2.034064988435346222e-01,4.326396205764901914e-01,4.231483659428185717e-01,4.267227726862342085e-01,-4.793189151682300531e-01,-1.554034258161176574e-01,5.237070184071569434e-01,7.707458694119175835e-01,-2.806645827741386934e-01,5.157054429988258137e-01,1.271691038740077884e-01,5.492918564063565823e-01,-2.448280610941308000e-01,1.000000000000000000e+00,-1.272114544819770987e-01,-2.086443723248832816e-01,5.347922997115868160e-01,2.123180018267458169e-01,2.321081852987290917e-01,2.847145114648594877e-01,6.196848638358740669e-01,2.899521495662909509e-01,-7.910874641833359755e-02,-2.608252278535813651e-01,4.802737506438347070e-01,3.194393504883559221e-01,-3.188736724540343070e-01,3.544206279979716934e-01,2.057066030893452691e-01,4.272685894761650283e-01,4.495482632039461413e-01,4.600289519745848765e-01,-3.055052059165196954e-01,4.113279394392126420e-01,4.719182596259273721e-01,-2.695426815913103957e-01,5.272560039772857809e-01
9.523870385563630581e-02,-3.834217763511349204e-03,-7.146147379561362811e-02,-1.047569272662452061e-01,1.421389548965357012e-03,1.370596739754726956e-01,1.849856818488565535e-01,1.033974096563852890e-01,-8.400607642852686574e-02,-3.714799335226343785e-02,1.857148533179138472e-01,-1.914799211131099077e-01,2.571084321348194868e-01,8.196407224881681330e-02,1.943469720287012079e-02,-1.272114544819770987e-01,1.000000000000000000e+00,-1.219990768897342287e-01,-2.222643072417704591e-01,3.782328471401669862e-02,-1.555540343879508181e-01,-1.687811237400322923e-03,4.879668719504394458e-02,7.694526619067285078e-02,-1.900342019471316923e-02,1.100623408718671425e-01,-7.944669731584565187e-02,-3.039351208121621739e-01,2.094114766198344468e-01,-1.029431627102244950e-01,-7.842743765380759402e-02,7.070584179640355960e-02,4.163533928592105110e-02,-2.606746169565306026e-01,2.579963426383830583e-01,-3.020627444639255588e-01,4.296483808507237795e-02,8.801986902158323578e-02,-1.437296862020600863e-01
5.970252751949604031e-01,-7.225518625776498061e-01,2.834626973265039207e-01,-4.871025153783247741e-01,-6.479361393946420078e-02,-6.273763237751758259e-01,4.543967077107054497e-01,-3.252597026720889239e-01,1.261092902900316781e-01,-1.260315337346039899e-01,-8.472745222222768935e-02,-5.481786336344699473e-01,-4.034384622194836512e-01,-3.680322798220121705e-02,8.370330922251325578e-01,-2.086443723248832816e-01,-1.219990768897342287e-01,1.000000000000000000e+00,-3.931751996258187609e-01,-2.098429365048216089e-01,9.334123908514085910e-02,-5.450276441583751241e-01,-6.095436369627350581e-01,-2.761633113945148876e-01,4.659694524820567896e-01,7.342109038263068266e-01,-6.555124487934680388e-01,3.727605574438312003e-02,5.535728013291525418e-01,4.019742254493975375e-01,-5.313308508349545711e-01,-6.526521426434650497e-01,-5.880539085091638363e-01,1.653597135092142179e-01,5.096491353651796397e-01,-3.080921026245261873e-01,-6.051818944806728329e-01,7.806450680415795151e-01,-5.841192357296389748e-01
-4.259236444624920903e-01,6.694552214774650567e-01,-6.053793715289861044e-02,7.748118345468508750e-01,3.103457670301663640e-01,6.596291801316809256e-01,-7.452226957533336638e-01,9.868511168878496553e-02,2.322974738745263446e-01,3.976174862754139339e-01,-2.202862366795524385e-01,8.335321813978701089e-01,2.722130478911437557e-01,2.981280082411639221e-01,-5.806733252610336571e-01,5.347922997115868160e-01,-2.222643072417704591e-01,-3.931751996258187609e-01,1.000000000000000000e+00,2.837184832727255857e-01,1.010352947375617455e-01,4.444061542370842943e-01,7.158854630171106459e-01,2.191477219080789629e-01,-5.133467387799652837e-01,-6.409499225052155413e-01,7.891887211698640492e-01,2.971241969971961661e-01,-7.275131385197787237e-01,-7.201056118832509234e-02,2.006328218583450229e-01,7.366311995912050437e-01,4.674031266349128466e-01,3.719759297427827072e-01,-6.885432905619903732e-01,5.087998538382220159e-01,7.551461019630824056e-01,-6.391358834612582696e-01,8.125255057436531203e-01
-2.512039211945266137e-01,3.429065971268132063e-01,-4.079330555946005243e-01,4.377703360407649846e-01,-5.540950028095814606e-02,4.752585429395870809e-01,-3.818141221041566613e-01,4.344400201370870462e-01,-1.572692349218815233e-01,1.333546515803603616e-01,-1.948981195092479302e-01,3.643437750736503999e-01,1.658352938250017283e-01,1.194588939736927619e-01,-2.951089472967743377e-01,2.123180018267458169e-01,3.782328471401669862e-02,-2.098429365048216089e-01,2.837184832727255857e-01,1.000000000000000000e+00,-1.574980894155239008e-01,3.467540196952975662e-01,3.632902464517862584e-01,1.471594107163333165e-01,-4.887664050108375680e-01,-3.493736151459516659e-01,4.232951201904223137e-01,4.258823615031538667e-02,-4.420128280750584282e-01,-2.184718573335202862e-01,-2.153871180527756890e-01,4.654556339405012677e-01,1.397249284963356375e-01,-6.510056784263706930e-02,-4.046540663938973936e-01,1.750663319755058622e-01,4.715291312791858869e-01,-2.973762162624918326e-01,4.349464075531717100e-01
2.005121100657923927e-01,7.902503493718157634e-02,5.238887669233892597e-01,4.473923511976056477e-02,2.840440100440077553e-01,-3.681487597474126378e-02,4.315494580338515018e-02,-4.442754165652884057e-01,2.949768817216927852e-01,3.242335218340177128e-01,1.519425872237812059e-01,4.138477491074905174e-02,-6.751744307571684589e-02,2.066649774730794642e-01,3.594546265690658216e-02,2.321081852987290917e-01,-1.555540343879508181e-01,9.334123908514085910e-02,1.010352947375617455e-01,-1.574980894155239008e-01,1.000000000000000000e+00,2.513526276343560073e-01,1.550663070909995001e-01,3.694059421659030562e-01,2.349413598431820682e-01,1.471824977970269122e-01,7.453828080594225754e-03,9.907058546763086726e-02,2.138705862207485042e-01,3.730917520688579736e-01,3.579135123426895881e-01,-5.149117971061779181e-02,4.057721173414763904e-01,2.371313923802665924e-01,2.224515836806669478e-01,2.804193085578869926e-01,1.690270855852242515e-02,2.342029152997460173e-02,-2.994328451722397949e-02
-3.335110939557772158e-01,6.605085395818686145e-01,-1.213504338780572595e-01,4.350222241081851404e-01,1.205682661215062429e-01,5.844288780282930196e-01,-4.587667635768868379e-01,2.076931070268769886e-01,4.212735028359440581e-02,2.256273235679935041e-01,6.433023620881024585e-02,5.600224774220403656e-01,3.958382666362899038e-01,1.078680726384819710e-01,-5.804477307995236091e-01,2.847145114648594877e-01,-1.687811237400322923e-03,-5.450276441583751241e-01,4.444061542370842943e-01,3.467540196952975662e-01,2.513526276343560073e-01,1.000000000000000000e+00,5.824348746500930263e-01,3.719643220751792101e-01,-4.088239014005084493e-01,-5.195828415619514473e-01,5.909299459190509030e-01,6.480071305642202961e-02,-4.110606453161440577e-01,-1.532801941086240349e-01,4.287513205722282561e-01,5.913044429305549521e-01,6.130713154113669461e-01,1.803390352092237078e-03,-3.638151896747686687e-01,2.862674955518427211e-01,5.975908708735124808e-01,-5.699464205385896820e-01,5.422960932687284075e-01
-4.120290624260856127e-01,7.969542017819739588e-01,-7.040708602646814085e-02,7.283552929539602872e-01,3.206055841470404899e-01,7.850959963910352224e-01,-6.670907357725535114e-01,1.491113590109371945e-01,2.280729056689336787e-01,5.218462815513740249e-01,-1.306823616240315733e-01,7.654981648247694004e-01,3.597099851468176235e-01,3.746421074154899777e-01,-6.795997651872967005e-01,6.196848638358740669e-01,4.879668719504394458e-02,-6.095436369627350581e-01,7.158854630171106459e-01,3.632902464517862584e-01,1.550663070909995001e-01,5.824348746500930263e-01,1.000000000000000000e+00,4.387948978233268682e-01,-4.571146989691207141e-01,-6.584410385481138661e-01,8.006021218468966083e-01,1.937693534002775664e-01,-6.249821241391334548e-01,-8.131054144610497247e-02,3.528811009724370784e-01,8.092346366284715042e-01,6.951024383855113342e-01,2.180261593718962887e-01,-5.718923915357947418e-01,4.911124841635340355e-01,8.238292959747491873e-01,-6.978782672775869500e-01,7.791820641350966081e-01
-1.499442346477853627e-01,2.733448167066280798e-01,2.076017014549905171e-01,1.581300080713718414e-01,8.844198735830301195e-02,2.353415202488461089e-01,-1.707402711173077459e-01,-1.249971049005953877e-01,5.484507356322301797e-02,2.714429470418089907e-01,1.928365382779273773e-01,2.084676865396967171e-01,2.711092902725448228e-02,4.176740683594339920e-01,-2.589177058949537757e-01,2.899521495662909509e-01,7.694526619067285078e-02,-2.761633113945148876e-01,2.191477219080789629e-01,1.471594107163333165e-01,3.694059421659030562e-01,3.719643220751792101e-01,4.387948978233268682e-01,1.000000000000000000e+00,-8.536734199129639156e-02,-1.690500746371317031e-01,2.634687847352034651e-01,2.307104186685868252e-01,-7.234939426142754371e-02,-4.692975756349664074e-02,3.921113620772704866e-01,2.787816978911733523e-01,5.598827797863544786e-01,-1.945702989675714145e-02,-5.193744899062290726e-02,3.670819154670420525e-01,3.124438101481630814e-01,-2.917319987140264970e-01,1.835584989286606905e-01
7.054556335685140400e-01,-4.931131431539863552e-01,5.991343199664899144e-01,-5.928336408759031784e-01,1.965930494437167775e-01,-6.993683378131647643e-01,6.187066212325238457e-01,-6.239993113082177301e-01,4.113610763011996685e-01,1.126152512665405669e-01,1.994753761371652612e-01,-6.005924525319801255e-01,-2.850022995838358830e-01,8.096589850951425860e-02,6.029922591945015009e-01,-7.910874641833359755e-02,-1.900342019471316923e-02,4.659694524820567896e-01,-5.133467387799652837e-01,-4.887664050108375680e-01,2.349413598431820682e-01,-4.088239014005084493e-01,-4.571146989691207141e-01,-8.536734199129639156e-02,1.000000000000000000e+00,7.145264350039395307e-01,-6.549343132037347415e-01,-7.056581884675285077e-02,7.279340149470716614e-01,6.103619199453271804e-01,1.675511954354627978e-02,-7.053415818847286189e-01,-2.647490231197719979e-01,1.670476162409920973e-01,6.443608733947090439e-01,-1.361064749946213626e-01,-6.908064705835863517e-01,6.446527790434060101e-01,-6.123539363800470925e-01
7.688128260689314208e-01,-7.430727227044467975e-01,4.813429265014880776e-01,-6.861769001907834786e-01,7.699352484728100299e-02,-7.197948306798744866e-01,6.873335678205775290e-01,-5.079334361323789571e-01,2.416942766855404157e-01,-7.119971412152747980e-02,1.761332403585967599e-01,-7.486130925417840976e-01,-4.431059382075999142e-01,5.780955359289333823e-02,8.449079434858646209e-01,-2.608252278535813651e-01,1.100623408718671425e-01,7.342109038263068266e-01,-6.409499225052155413e-01,-3.493736151459516659e-01,1.471824977970269122e-01,-5.195828415619514473e-01,-6.584410385481138661e-01,-1.690500746371317031e-01,7.145264350039395307e-01,1.000000000000000000e+00,-7.709940582175581758e-01,-4.157260745947480990e-02,8.185080472326383694e-01,4.914506554176236164e-01,-2.878986246395263127e-01,-7.779694005229536025e-01,-4.476066711668307274e-01,1.084508233802345539e-01,7.736015592996616785e-01,-3.651396409210758698e-01,-7.517201988878625674e-01,8.597673207722399402e-01,-7.688182766206997920e-01
-5.574586578744228360e-01,8.171445300652225852e-01,-2.249694048147742598e-01,8.145832971826765245e-01,2.771813193534790609e-01,8.273367434054503811e-01,-7.988916765012258336e-01,2.774653851853581266e-01,9.764354804576283464e-02,3.571773125316571873e-01,-9.190979250239721121e-02,8.684358599027327541e-01,3.064962825681981085e-01,2.861327773607792446e-01,-7.563130842854853819e-01,4.802737506438347070e-01,-7.944669731584565187e-02,-6.555124487934680388e-01,7.891887211698640492e-01,4.232951201904223137e-01,7.453828080594225754e-03,5.909299459190509030e-01,8.006021218468966083e-01,2.634687847352034651e-01,-6.549343132037347415e-01,-7.709940582175581758e-01,1.000000000000000000e+00,2.740101655497754196e-01,-8.023026710139983253e-01,-2.472981567306017925e-01,2.558804766903927663e-01,8.765538707001815366e-01,5.922640655949517052e-01,2.365173464937207759e-01,-7.648334036755058962e-01,4.975696755397995275e-01,8.697001374818296160e-01,-7.868587645122515628e-01,8.763137454971831053e-01
-5.862006960521902454e-02,7.950430187113513569e-02,3.357903713454626904e-01,2.159278582346652320e-01,4.019104079032748689e-01,9.996351702361550018e-02,-3.031930327142806636e-01,-3.488873348361493654e-01,2.252923059504700343e-01,2.599937769838581159e-01,-9.564915648090951961e-02,2.970326341981034957e-01,-3.775260153161732468e-01,4.791672398957719792e-01,3.687316451409267115e-02,3.194393504883559221e-01,-3.039351208121621739e-01,3.727605574438312003e-02,2.971241969971961661e-01,4.258823615031538667e-02,9.907058546763086726e-02,6.480071305642202961e-02,1.937693534002775664e-01,2.307104186685868252e-01,-7.056581884675285077e-02,-4.157260745947480990e-02,2.740101655497754196e-01,1.000000000000000000e+00,-2.622755277892772074e-01,5.243398510929611622e-02,1.063417317098328679e-01,1.658955945520419750e-01,1.635371866498525339e-01,5.972525735529160551e-01,-2.984043128024009284e-01,4.727763756142713270e-01,1.927964496038437614e-01,-7.982341845343673969e-02,2.616009510303801688e-01
6.857585628497828711e-01,-6.535720327255740703e-01,4.100198232958903177e-01,-7.566376053042052074e-01,-6.995135142448996590e-02,-6.841286681855740515e-01,7.549883275402486937e-01,-4.040288925995496605e-01,1.171889747001986781e-01,-1.152067966247019432e-01,2.271693788240252143e-01,-7.995543804484448458e-01,-2.385234619011377122e-01,-7.221500291058557952e-02,6.877169996822500853e-01,-3.188736724540343070e-01,2.094114766198344468e-01,5.535728013291525418e-01,-7.275131385197787237e-01,-4.420128280750584282e-01,2.138705862207485042e-01,-4.110606453161440577e-01,-6.249821241391334548e-01,-7.234939426142754371e-02,7.279340149470716614e-01,8.185080472326383694e-01,-8.023026710139983253e-01,-2.622755277892772074e-01,1.000000000000000000e+00,3.997914320806666977e-01,-8.625108082456386938e-02,-7.730760183025098264e-01,-2.923645637025329425e-01,-1.549166049138411272e-01,8.749267832274023604e-01,-4.569785861840224284e-01,-7.515258607258867851e-01,7.436567746308383464e-01,-8.246535218930653999e-01
6.851070109275549935e-01,-1.285521703611221256e-01,5.762737683240388709e-01,-1.512428097474656230e-01,4.959095094877000731e-01,-3.181827498952535249e-01,2.122256951522093760e-01,-5.880268946506260752e-01,6.973451240615473612e-01,4.934545898208013703e-01,1.225936077795238693e-01,-1.511811447868921243e-01,-2.023836990928893353e-01,3.012149217227106379e-01,4.426384300628103396e-01,3.544206279979716934e-01,-1.029431627102244950e-01,4.019742254493975375e-01,-7.201056118832509234e-02,-2.184718573335202862e-01,3.730917520688579736e-01,-1.532801941086240349e-01,-8.131054144610497247e-02,-4.692975756349664074e-02,6.103619199453271804e-01,4.914506554176236164e-01,-2.472981567306017925e-01,5.243398510929611622e-02,3.997914320806666977e-01,1.000000000000000000e+00,-4.452712752397988694e-02,-2.897474835051722653e-01,-5.883276741658013259e-02,5.119186806359392605e-01,3.335540376314555799e-01,6.565962450646894988e-02,-2.599671050224640623e-01,4.526159771602975557e-01,-1.683613593657888874e-01
-2.615907552357830124e-01,3.785415145568472584e-01,3.249415402607116476e-01,9.029443503210611566e-02,2.063786279204350704e-01,1.650836991818246946e-01,-3.902844990552432891e-02,-2.516366462079144273e-01,9.956312739095593556e-02,1.924733026971739980e-01,1.128126629300497119e-01,2.262830439207113020e-01,1.276349937247787947e-01,1.097406334969581454e-01,-4.369518900396220928e-01,2.057066030893452691e-01,-7.842743765380759402e-02,-5.313308508349545711e-01,2.006328218583450229e-01,-2.153871180527756890e-01,3.579135123426895881e-01,4.287513205722282561e-01,3.528811009724370784e-01,3.921113620772704866e-01,1.675511954354627978e-02,-2.878986246395263127e-01,2.558804766903927663e-01,1.063417317098328679e-01,-8.625108082456386938e-02,-4.452712752397988694e-02,1.000000000000000000e+00,2.021139342695981445e-01,6.364331473029045672e-01,1.737524186264447976e-02,-1.905070056697776709e-02,3.290029545956459911e-01,2.106465160963339467e-01,-4.208614261942051904e-01,1.734565080137560611e-01
-5.672626125456170509e-01,8.080946457580596709e-01,-3.259874923618575893e-01,7.878031659587728663e-01,1.922241933966845340e-01,8.689871538015710994e-01,-7.560808760446284804e-01,3.843599839363880388e-01,1.478044047416728242e-02,2.957408438636325299e-01,-1.077189699492978880e-01,8.291903930273651913e-01,3.702851420112036052e-01,2.452162777836281449e-01,-7.495648898261898507e-01,4.272685894761650283e-01,7.070584179640355960e-02,-6.526521426434650497e-01,7.366311995912050437e-01,4.654556339405012677e-01,-5.149117971061779181e-02,5.913044429305549521e-01,8.092346366284715042e-01,2.787816978911733523e-01,-7.053415818847286189e-01,-7.779694005229536025e-01,8.765538707001815366e-01,1.658955945520419750e-01,-7.730760183025098264e-01,-2.897474835051722653e-01,2.021139342695981445e-01,1.000000000000000000e+00,5.854830571793587790e-01,1.178694305412245069e-01,-7.163522908829573765e-01,4.118140718383633270e-01,8.998801345145912567e-01,-7.681405030174360826e-01,8.473002150069290916e-01
-3.257720498932430431e-01,6.399079715571382998e-01,1.457473269416481865e-01,4.524243508765218302e-01,2.725468190074558095e-01,6.015860330216561414e-01,-4.086788491235851528e-01,-1.219525050134735202e-02,1.841518355943192464e-01,4.455841203418798857e-01,6.611762000851156840e-02,5.301071241140155044e-01,2.562532396062435214e-01,3.677152745111202936e-01,-5.899597785543073680e-01,4.495482632039461413e-01,4.163533928592105110e-02,-5.880539085091638363e-01,4.674031266349128466e-01,1.397249284963356375e-01,4.057721173414763904e-01,6.130713154113669461e-01,6.951024383855113342e-01,5.598827797863544786e-01,-2.647490231197719979e-01,-4.476066711668307274e-01,5.922640655949517052e-01,1.635371866498525339e-01,-2.923645637025329425e-01,-5.883276741658013259e-02,6.364331473029045672e-01,5.854830571793587790e-01,1.000000000000000000e+00,6.711112153945725245e-02,-2.109464600549935120e-01,4.389656437559495972e-01,6.171428162732429668e-01,-5.921110760228993630e-01,4.904563839646978729e-01
2.762757118413300406e-01,1.246974899636079381e-01,5.237291908719184930e-01,2.867770603343739455e-01,7.578316367086143091e-01,2.944079068662187534e-02,-2.405383135290146690e-01,-5.532696469008001605e-01,6.365642806167034484e-01,4.507480373040120281e-01,-3.242886503868699227e-02,3.299629566269777770e-01,-3.251138262321906502e-01,5.195724423038312612e-01,1.637630450050571729e-01,4.600289519745848765e-01,-2.606746169565306026e-01,1.653597135092142179e-01,3.719759297427827072e-01,-6.510056784263706930e-02,2.371313923802665924e-01,1.803390352092237078e-03,2.180261593718962887e-01,-1.945702989675714145e-02,1.670476162409920973e-01,1.084508233802345539e-01,2.365173464937207759e-01,5.972525735529160551e-01,-1.549166049138411272e-01,5.119186806359392605e-01,1.737524186264447976e-02,1.178694305412245069e-01,6.711112153945725245e-02,1.000000000000000000e+00,-2.229277805354922537e-01,4.409793615461942151e-01,1.384483627696146135e-01,8.205360144819238977e-02,2.957586566403204165e-01
6.111510009092947504e-01,-6.306028822705836978e-01,3.861856991191740529e-01,-7.246605308765683429e-01,-9.820100309026975893e-02,-6.144141285710595923e-01,7.532790168916335682e-01,-3.576811454434382642e-01,8.903042156237807314e-02,-1.072366132115997739e-01,1.591365498414337443e-01,-7.714569133393275324e-01,-1.739653166855746891e-01,-7.433903462628198289e-02,6.397250397586548010e-01,-3.055052059165196954e-01,2.579963426383830583e-01,5.096491353651796397e-01,-6.885432905619903732e-01,-4.046540663938973936e-01,2.224515836806669478e-01,-3.638151896747686687e-01,-5.718923915357947418e-01,-5.193744899062290726e-02,6.443608733947090439e-01,7.736015592996616785e-01,-7.648334036755058962e-01,-2.984043128024009284e-01,8.749267832274023604e-01,3.335540376314555799e-01,-1.905070056697776709e-02,-7.163522908829573765e-01,-2.109464600549935120e-01,-2.229277805354922537e-01,1.000000000000000000e+00,-4.528232755422105793e-01,-6.848688655861281394e-01,6.982810849371818840e-01,-7.952418441237162350e-01
-2.766758620949190117e-01,4.062632967933855199e-01,2.516509462138732389e-01,5.098500979957950596e-01,3.859255808282585076e-01,3.082164083969396451e-01,-4.193982010371256064e-01,-2.250114153996214950e-01,2.362434685724464078e-01,3.515170703473402547e-01,-2.568976973355489857e-02,5.310157356951821228e-01,-1.584021762725030813e-01,4.439339644019371645e-01,-3.538941794645029670e-01,4.113279394392126420e-01,-3.020627444639255588e-01,-3.080921026245261873e-01,5.087998538382220159e-01,1.750663319755058622e-01,2.804193085578869926e-01,2.862674955518427211e-01,4.911124841635340355e-01,3.670819154670420525e-01,-1.361064749946213626e-01,-3.651396409210758698e-01,4.975696755397995275e-01,4.727763756142713270e-01,-4.569785861840224284e-01,6.565962450646894988e-02,3.290029545956459911e-01,4.118140718383633270e-01,4.389656437559495972e-01,4.409793615461942151e-01,-4.528232755422105793e-01,1.000000000000000000e+00,4.389487342696186678e-01,-4.003006860870208516e-01,5.169483563158381312e-01
-5.544172985098037021e-01,7.965657837989803536e-01,-2.843721630448806659e-01,7.946816207744981098e-01,2.042517999122923089e-01,8.736465077839522531e-01,-7.691259357222709481e-01,3.539230042787286923e-01,5.180308772169511106e-02,3.457880660647485449e-01,-1.616435149794907822e-01,8.325004504816065909e-01,3.720234289581337284e-01,2.816310003238549631e-01,-7.223740585650283430e-01,4.719182596259273721e-01,4.296483808507237795e-02,-6.051818944806728329e-01,7.551461019630824056e-01,4.715291312791858869e-01,1.690270855852242515e-02,5.975908708735124808e-01,8.238292959747491873e-01,3.124438101481630814e-01,-6.908064705835863517e-01,-7.517201988878625674e-01,8.697001374818296160e-01,1.927964496038437614e-01,-7.515258607258867851e-01,-2.599671050224640623e-01,2.106465160963339467e-01,8.998801345145912567e-01,6.171428162732429668e-01,1.384483627696146135e-01,-6.848688655861281394e-01,4.389487342696186678e-01,1.000000000000000000e+00,-7.512022174325481139e-01,8.391450540685068127e-01
7.418767167542758001e-01,-7.578173416650663130e-01,3.364586230663822453e-01,-6.867443579073361226e-01,-2.917157384250993607e-02,-7.230876074844181378e-01,6.598819702198839288e-01,-3.833640719593446877e-01,1.879780891968243772e-01,-1.467743192122640539e-01,6.763882884869087952e-02,-7.298448912890959095e-01,-4.197630124230803950e-01,-2.753618766295618317e-02,8.772306359596586667e-01,-2.695426815913103957e-01,8.801986902158323578e-02,7.806450680415795151e-01,-6.391358834612582696e-01,-2.973762162624918326e-01,2.342029152997460173e-02,-5.699464205385896820e-01,-6.978782672775869500e-01,-2.917319987140264970e-01,6.446527790434060101e-01,8.597673207722399402e-01,-7.868587645122515628e-01,-7.982341845343673969e-02,7.436567746308383464e-01,4.526159771602975557e-01,-4.208614261942051904e-01,-7.681405030174360826e-01,-5.921110760228993630e-01,8.205360144819238977e-02,6.982810849371818840e-01,-4.003006860870208516e-01,-7.512022174325481139e-01,1.000000000000000000e+00,-7.249084474242911691e-01
-5.016991040212905872e-01,8.052842098201565824e-01,-2.489239669516525866e-01,8.237174783858637328e-01,2.730475466992460243e-01,7.763193864658272103e-01,-8.001262560588434658e-01,2.823972005879185065e-01,1.509206801176050938e-01,3.719009102570139391e-01,-1.684339209417979322e-01,8.864564548600477600e-01,3.275396730689352220e-01,2.611338838457843425e-01,-7.031800043012952361e-01,5.272560039772857809e-01,-1.437296862020600863e-01,-5.841192357296389748e-01,8.125255057436531203e-01,4.349464075531717100e-01,-2.994328451722397949e-02,5.422960932687284075e-01,7.791820641350966081e-01,1.835584989286606905e-01,-6.123539363800470925e-01,-7.688182766206997920e-01,8.763137454971831053e-01,2.616009510303801688e-01,-8.246535218930653999e-01,-1.683613593657888874e-01,1.734565080137560611e-01,8.473002150069290916e-01,4.904563839646978729e-01,2.957586566403204165e-01,-7.952418441237162350e-01,5.169483563158381312e-01,8.391450540685068127e-01,-7.249084474242911691e-01,1.000000000000000000e+00
