1.000000000000000000e+00,3.020868401971766315e-01,4.311791825778575338e-01,2.772146170005943544e-01,5.060514651252162599e-01,-1.124651725694505722e-01,1.805950112009244435e-01,-5.793435740034328374e-01,5.210413953889605487e-01,5.623455944549391461e-01,5.859918288676040365e-01,1.200577117541113542e-01,1.420292669649516823e-02,3.993031583128430761e-01,6.195644533306756685e-01,4.476737382247569785e-01,2.252209429112350392e-01,5.739808649394355644e-01,3.810274572442706731e-01,4.277099743162309786e-01,4.796033619782912871e-01,5.663732238775879280e-01,3.992587397753920575e-01,4.212222647395661435e-01,5.609400275470257657e-01,6.164027414117337900e-01,-3.566193880673680372e-01,4.084728215825500497e-01,8.202394926296958655e-01,5.701599011204450118e-01,6.671348784753940338e-03,-4.675871759211139983e-02,1.906598438798058903e-01,4.914132038043861894e-01,-2.446006259655549575e-01,3.254887790031665840e-01,-2.362867914015764348e-01,7.135776393187100997e-01,2.928339985990965899e-01
3.020868401971766315e-01,1.000000000000000000e+00,7.242708888499764519e-02,7.766568794877294624e-02,5.164904387538321595e-01,2.810139170056595859e-01,4.151996922636491671e-01,-4.978614554327125963e-01,5.586738774740708235e-01,6.743293205499231169e-01,2.399916508180339469e-01,5.349356807112890522e-01,4.013348270098948123e-01,5.247707534673562435e-01,3.998973968194236700e-02,6.646809884873706720e-01,3.076304686024021739e-01,4.128500315329869386e-01,5.170872350750627122e-01,-4.107257411468724362e-01,-3.598701520778156970e-01,1.655716155904239928e-01,6.604656110236267752e-01,3.630214058062790072e-01,4.520789946433018680e-01,-7.835734756082035624e-02,-7.931014738117599105e-02,-3.848538148125862923e-01,2.225406363723570480e-01,4.203123863848326480e-01,7.798481218220496003e-02,6.815260175962367661e-01,-3.990809571698692992e-01,5.650634323813875648e-01,3.907049205199240177e-02,7.021897718728511428e-01,3.604210688647522809e-01,1.454699016328449557e-01,7.729277558001830251e-01
4.311791825778575338e-01,7.242708888499764519e-02,1.000000000000000000e+00,1.805367492984021049e-01,4.247747892706977835e-01,3.384413674739875644e-01,-3.548296622486489527e-02,-5.918265227062766698e-01,6.264423898274714686e-01,5.401329930250766687e-01,2.272472525149923095e-01,-3.664991812047661002e-01,-4.027653770479187045e-01,5.611633947044657456e-01,1.083489285454481837e-01,4.914196824294546073e-01,2.308263883458816224e-01,3.642834740881416566e-01,1.778338835439506327e-01,4.869283373688592653e-01,5.731879580794232432e-01,2.399533835543505578e-01,2.988387051464740929e-01,5.202626713209178577e-01,3.854971636197169205e-01,6.667355171407873815e-01,3.649647608142120858e-01,6.882086980004322729e-01,4.938632075709394331e-01,7.061102230964754201e-01,5.132918567522659625e-01,-1.662741674653208379e-01,6.571956934723152122e-01,1.764378422967802784e-01,2.941177510908100645e-01,3.694200193950682165e-02,2.566463139523671999e-01,3.588740653479223219e-01,-1.455200940709085733e-01
2.772146170005943544e-01,7.766568794877294624e-02,1.805367492984021049e-01,1.000000000000000000e+00,2.914978840565666252e-01,-1.857148971496583867e-01,5.866484429208169704e-01,-3.864680359283017563e-01,1.071020650015591380e-01,2.876448871117828210e-01,3.426491376844500447e-01,2.290398257542182736e-01,1.303896161286524913e-01,9.158864269581183659e-02,3.773696910746096034e-01,2.767541235894864227e-01,6.503906696078595728e-02,5.844487690097647237e-01,5.028507554776656674e-01,2.999020819524850223e-01,3.867548900469783280e-01,5.082767479851156844e-01,2.872564281970252376e-01,6.593068293655738286e-03,2.798054932089218405e-01,8.112891327775612060e-02,-3.044495543732536613e-01,2.374501481304472639e-01,2.960668849097540245e-01,1.298933975377329630e-01,-1.648988959965363432e-01,3.138012470145595811e-02,6.248245913511528415e-02,4.058833736142111182e-01,-1.196522247572335274e-01,1.970229399691675876e-01,-1.597511242743464288e-01,7.473218610910416226e-02,9.888036399182133229e-02
5.060514651252162599e-01,5.164904387538321595e-01,4.247747892706977835e-01,2.914978840565666252e-01,1.000000000000000000e+00,1.726196591571466377e-01,2.831664063324570990e-01,-6.650815430925087757e-01,5.837248019072329708e-01,5.737120645131825736e-01,3.626210645641591013e-01,1.603591121574651779e-01,1.293677137785465836e-01,5.388066096856535259e-01,1.912837304828193807e-01,4.871020174465502950e-01,2.223989592375217872e-01,5.479229321069893910e-01,4.015423282789739035e-01,-8.806828484278562963e-02,2.375335332432790963e-02,1.629535568777189247e-01,5.022443534160645484e-01,3.551903995397341918e-01,5.468317671901338217e-01,2.638896608764177976e-01,-1.617371594964183146e-01,8.861785667245200560e-02,5.561767671117818779e-01,5.054855085061342734e-01,8.252941841650777988e-02,2.634875220833651221e-01,-5.466443877392724443e-02,5.511184752248837748e-01,-7.433544803521292821e-02,4.465373086410880932e-01,4.182223849723713804e-02,3.110808207612207887e-01,3.971688879313158282e-01
-1.124651725694505722e-01,2.810139170056595859e-01,3.384413674739875644e-01,-1.857148971496583867e-01,1.726196591571466377e-01,1.000000000000000000e+00,2.269133935148605688e-02,-1.951548716832220420e-01,3.663858131282652364e-01,3.150972002928539295e-01,8.415996504024941816e-02,-2.239581915372198251e-01,-9.879245225187195667e-02,4.723061172019455967e-01,-4.289381896440546682e-01,3.751395043522663952e-01,5.905495152218068755e-01,-7.923261207002055273e-02,-6.017920952225196130e-02,-1.622570381438037113e-01,-8.098851134571476151e-02,-1.800144328998703191e-01,2.301336000856218644e-01,2.456636765577055459e-01,-2.302177073596831103e-02,8.516126021101289023e-02,6.276741096883122761e-01,6.557263498804005719e-02,-1.090258320529404745e-01,4.485023237464579871e-01,4.497267335847767167e-01,4.427023023460125439e-01,1.519241247746120904e-01,-1.037635884529876235e-01,6.698735567185232220e-01,-3.785060337271273917e-02,7.283492645305403856e-01,-1.552782813593213129e-01,4.135213555541144442e-04
1.805950112009244435e-01,4.151996922636491671e-01,-3.548296622486489527e-02,5.866484429208169704e-01,2.831664063324570990e-01,2.269133935148605688e-02,1.000000000000000000e+00,-5.352178164680478911e-01,2.038158616882473073e-01,4.278738472833488737e-01,4.664305036860310061e-01,6.095511052736821700e-01,5.693557510500502072e-01,1.489805317631419379e-01,3.680942805810719642e-01,4.974006688840411639e-01,3.530179822583970894e-01,6.721980567680810870e-01,7.649820084334303383e-01,-7.625992946985413190e-02,1.564412951356619619e-02,5.342774688931324345e-01,5.171995406297222875e-01,1.569900105393461642e-01,3.136186910891091140e-01,-2.048058673193136892e-01,-3.763703585292106912e-01,-2.532862782852906558e-01,1.134538599353265426e-01,8.602232759260523831e-02,-3.353867965236837501e-01,5.056152147274142195e-01,-4.016198657353755030e-01,6.917484152247358464e-01,5.011662989105444832e-02,4.569371371610588817e-01,8.894680647394793971e-02,1.367812329444237883e-02,5.439186706138213756e-01
-5.793435740034328374e-01,-4.978614554327125963e-01,-5.918265227062766698e-01,-3.864680359283017563e-01,-6.650815430925087757e-01,-1.951548716832220420e-01,-5.352178164680478911e-01,1.000000000000000000e+00,-6.465119840871179635e-01,-7.518377957638797682e-01,-5.854656686458302728e-01,-2.735825404179489384e-01,-1.662553210412198446e-01,-4.895141971551529858e-01,-4.157459388902126629e-01,-7.317932564577778187e-01,-4.047592525662263019e-01,-7.623500863163613639e-01,-6.752112943092479780e-01,-1.573740261288607001e-01,-2.828807291436825633e-01,-5.090496123394681049e-01,-6.493851559679951757e-01,-5.643210906188296239e-01,-6.149410677824055371e-01,-3.594660664235592162e-01,1.702488420417637149e-01,-1.860746157896409070e-01,-5.660859447463900684e-01,-6.093537973720007939e-01,-1.111025581575579985e-01,-2.658343544085917665e-01,8.376668706833706457e-03,-7.056530342269332623e-01,-1.591627536438947402e-02,-4.838917874985260714e-01,-8.413440253914671041e-02,-4.165485807872646440e-01,-4.625099625686183713e-01
5.210413953889605487e-01,5.586738774740708235e-01,6.264423898274714686e-01,1.071020650015591380e-01,5.837248019072329708e-01,3.663858131282652364e-01,2.038158616882473073e-01,-6.465119840871179635e-01,1.000000000000000000e+00,7.909289531823082697e-01,3.788155514868543072e-01,7.094176345412825380e-02,9.483485807349935001e-03,7.081774980277675269e-01,1.490725305747721552e-01,7.521810656668448392e-01,3.742529346353160036e-01,5.086993849410793578e-01,4.350128281934665386e-01,1.150860521106120971e-01,2.204132280381085607e-01,2.844713624879521841e-01,5.758005597989946933e-01,5.224542919644060701e-01,4.821131118772336577e-01,4.518377500064456043e-01,2.147660514297946577e-01,2.741759215551758389e-01,5.187372762688690075e-01,7.728089337838123241e-01,3.015392464348389256e-01,3.335085602292041096e-01,2.425702669816939272e-01,4.576114402882699439e-01,2.512387381861985736e-01,3.796248274789159605e-01,4.167836850766631351e-01,4.101709278993869168e-01,3.876632996569103762e-01
5.623455944549391461e-01,6.743293205499231169e-01,5.401329930250766687e-01,2.876448871117828210e-01,5.737120645131825736e-01,3.150972002928539295e-01,4.278738472833488737e-01,-7.518377957638797682e-01,7.909289531823082697e-01,1.000000000000000000e+00,5.074665669311900773e-01,2.872293568967193567e-01,1.471034817560103181e-01,6.831844618663552859e-01,2.847015341858583626e-01,8.611263148173491366e-01,4.652878388455177205e-01,6.435802780950934388e-01,6.100055382165140427e-01,1.112969757749174005e-01,2.020553504342439410e-01,4.536837996834017228e-01,6.754445582023704819e-01,5.848813993824287794e-01,6.623015730864910688e-01,3.964094596810274207e-01,6.953105237996140553e-02,1.777446338646069268e-01,5.369022890353951638e-01,7.162548296307346130e-01,2.379517263622470402e-01,4.090591907245387238e-01,7.432644595100428020e-02,5.722598687130777684e-01,2.015211079720288789e-01,5.147188076018349712e-01,3.746327722576690555e-01,4.274399565515169530e-01,5.451326745293532117e-01
5.859918288676040365e-01,2.399916508180339469e-01,2.272472525149923095e-01,3.426491376844500447e-01,3.626210645641591013e-01,8.415996504024941816e-02,4.664305036860310061e-01,-5.854656686458302728e-01,3.788155514868543072e-01,5.074665669311900773e-01,1.000000000000000000e+00,2.791328880668073609e-01,2.534655660543957412e-01,2.580544910600799935e-01,5.715467524348630812e-01,5.085044237311941995e-01,6.341300870150063940e-01,6.286916669706144045e-01,4.859450280689481816e-01,3.230662340754842377e-01,3.703226658752538092e-01,6.313685820651474545e-01,4.358678071343899396e-01,3.951922075339898144e-01,3.210884813452162256e-01,3.704473482112146110e-01,-2.966230818453574059e-01,2.266984321908673550e-01,5.844041207790428016e-01,3.813540711572765973e-01,-1.514692078637522588e-01,3.055411809472852736e-01,-1.650982160437884996e-02,5.099546954932689946e-01,7.045865403424707817e-03,2.139844387418534388e-01,-2.776403461407494361e-02,4.800444745504626187e-01,3.411794587185718597e-01
1.200577117541113542e-01,5.349356807112890522e-01,-3.664991812047661002e-01,2.290398257542182736e-01,1.603591121574651779e-01,-2.239581915372198251e-01,6.095511052736821700e-01,-2.735825404179489384e-01,7.094176345412825380e-02,2.872293568967193567e-01,2.791328880668073609e-01,1.000000000000000000e+00,7.765954688107817860e-01,1.191910709537939879e-02,4.738296661784744401e-01,3.809677676768388754e-01,2.021992044152431250e-02,5.049407725415508974e-01,7.121819627849839129e-01,-2.397187900942794048e-01,-2.931742429931553651e-01,4.462364492180251330e-01,5.232988957083900550e-01,4.715046355145859069e-02,3.822830856886190731e-01,-3.574814707821147297e-01,-5.624417537870501915e-01,-5.682284309554297419e-01,3.430993140634417543e-02,-1.543173137936464101e-01,-5.788507905217897820e-01,4.728979650858550210e-01,-6.382462044678416380e-01,6.692232312407137007e-01,-2.485073574425363807e-01,6.952949987358313377e-01,-8.984189424954086567e-02,7.426972535376349938e-02,7.780685138319908267e-01
1.420292669649516823e-02,4.013348270098948123e-01,-4.027653770479187045e-01,1.303896161286524913e-01,1.293677137785465836e-01,-9.879245225187195667e-02,5.693557510500502072e-01,-1.662553210412198446e-01,9.483485807349935001e-03,1.471034817560103181e-01,2.534655660543957412e-01,7.765954688107817860e-01,1.000000000000000000e+00,-1.531049998893292512e-02,3.182123151139967798e-01,2.629935567180451961e-01,1.553269800758340924e-01,3.490299159681500285e-01,5.792856087899778128e-01,-2.867173769436676678e-01,-3.295231166078610996e-01,3.313307970763325061e-01,3.930292517571264965e-01,-1.033499700459549614e-02,3.128467459848227050e-01,-3.911032160238972488e-01,-4.573323105007356948e-01,-5.663731683212670509e-01,-6.217256915455519201e-02,-2.037868705211131615e-01,-7.148954230979489566e-01,5.382995017074276856e-01,-5.744542338230579359e-01,5.031320077908728594e-01,-6.274287327815188109e-02,4.704839617132666185e-01,1.876574322728951499e-02,-5.633481507910866222e-03,6.176045778681005238e-01
3.993031583128430761e-01,5.247707534673562435e-01,5.611633947044657456e-01,9.158864269581183659e-02,5.388066096856535259e-01,4.723061172019455967e-01,1.489805317631419379e-01,-4.895141971551529858e-01,7.081774980277675269e-01,6.831844618663552859e-01,2.580544910600799935e-01,1.191910709537939879e-02,-1.531049998893292512e-02,1.000000000000000000e+00,3.950276450057235017e-02,6.689366786179056223e-01,3.986627443748491095e-01,2.879937302510393593e-01,2.577776800253035461e-01,-2.539454778793031817e-02,1.175512262962593035e-01,1.320965270972090100e-01,5.840785661371932225e-01,5.766392183304843710e-01,5.181510287822784777e-01,3.949491024917916038e-01,2.920456694385319407e-01,2.721035279040473487e-01,4.881825870260145250e-01,7.197652984353475336e-01,4.046676074171085546e-01,3.661320787619135597e-01,2.852691922212438613e-01,2.778799633529803748e-01,4.508503475207841782e-01,3.669311180844462839e-01,5.098788101913056536e-01,3.788683978081842096e-01,2.968668937356684356e-01
6.195644533306756685e-01,3.998973968194236700e-02,1.083489285454481837e-01,3.773696910746096034e-01,1.912837304828193807e-01,-4.289381896440546682e-01,3.680942805810719642e-01,-4.157459388902126629e-01,1.490725305747721552e-01,2.847015341858583626e-01,5.715467524348630812e-01,4.738296661784744401e-01,3.182123151139967798e-01,3.950276450057235017e-02,1.000000000000000000e+00,2.894506811857425754e-01,1.661546386962022698e-02,6.460970014997468036e-01,5.631480236118273641e-01,4.962453095083564358e-01,4.980006204248367263e-01,7.550576448988798317e-01,3.374194878531691644e-01,1.925640665915937244e-01,4.863478348297586851e-01,3.887087722455357941e-01,-6.537726116813052935e-01,2.415277022568125265e-01,6.143818410973326261e-01,1.023651732557314398e-01,-4.441572027644846710e-01,-1.494537618397792367e-01,-4.668492655264008090e-04,5.950720117291640188e-01,-3.842947426322085303e-01,3.571593273621221365e-01,-4.881972307389328414e-01,6.430638081778772275e-01,3.285719033142600609e-01
4.476737382247569785e-01,6.646809884873706720e-01,4.914196824294546073e-01,2.767541235894864227e-01,4.871020174465502950e-01,3.751395043522663952e-01,4.974006688840411639e-01,-7.317932564577778187e-01,7.521810656668448392e-01,8.611263148173491366e-01,5.085044237311941995e-01,3.809677676768388754e-01,2.629935567180451961e-01,6.689366786179056223e-01,2.894506811857425754e-01,1.000000000000000000e+00,4.892772741348952459e-01,6.482576827553045984e-01,6.724105353781755223e-01,1.010457400632058383e-01,1.686020868872512846e-01,4.816805613344968817e-01,7.754114259917991303e-01,5.367674547854458522e-01,5.830229224651100051e-01,3.025195623664322930e-01,7.298669547052366591e-02,9.156540918625516445e-02,4.127143796753897087e-01,6.593715797914785348e-01,1.308183512031269036e-01,5.099408559277119890e-01,2.177831551584437711e-02,5.896126613016859919e-01,2.598610178479401345e-01,5.658071749306186060e-01,4.371769173945307396e-01,3.743706818627165478e-01,5.801497086917773993e-01
2.252209429112350392e-01,3.076304686024021739e-01,2.308263883458816224e-01,6.503906696078595728e-02,2.223989592375217872e-01,5.905495152218068755e-01,3.530179822583970894e-01,-4.047592525662263019e-01,3.742529346353160036e-01,4.652878388455177205e-01,6.341300870150063940e-01,2.021992044152431250e-02,1.553269800758340924e-01,3.986627443748491095e-01,1.661546386962022698e-02,4.892772741348952459e-01,1.000000000000000000e+00,2.585262889691157251e-01,2.054726983846160981e-01,4.324960218472895940e-02,1.045542397011307023e-01,2.602998739446685805e-01,3.059982845294982878e-01,4.004657593041305308e-01,7.892955482022290248e-02,2.024503103730145581e-01,2.133705420047254664e-01,1.083661441360115885e-01,2.047988138112804835e-01,4.457241166293091084e-01,1.897782176768759155e-01,5.892061250110218751e-01,3.253287996936041898e-02,1.835982995693729025e-01,4.969757284896611504e-01,6.200816783239622952e-04,4.881700429273671538e-01,1.581508614465911289e-01,2.040501355271667483e-01
5.739808649394355644e-01,4.128500315329869386e-01,3.642834740881416566e-01,5.844487690097647237e-01,5.479229321069893910e-01,-7.923261207002055273e-02,6.721980567680810870e-01,-7.623500863163613639e-01,5.086993849410793578e-01,6.435802780950934388e-01,6.286916669706144045e-01,5.049407725415508974e-01,3.490299159681500285e-01,2.879937302510393593e-01,6.460970014997468036e-01,6.482576827553045984e-01,2.585262889691157251e-01,1.000000000000000000e+00,8.510937982953337144e-01,3.116154985965755575e-01,3.678347118764032087e-01,7.596900731583123845e-01,6.029330988985623918e-01,3.927019552175183281e-01,5.516509096654802491e-01,2.689408132071613444e-01,-3.963152406995790744e-01,1.302168916580581648e-01,5.275644864671529266e-01,3.506083232706999619e-01,-2.347883610808731703e-01,2.048794782488806698e-01,-8.478259859069581239e-02,8.328973034320971136e-01,-1.519750182523506021e-01,5.239471039244792960e-01,-7.825806728426934478e-02,3.454658076164621172e-01,4.861609643261921576e-01
3.810274572442706731e-01,5.170872350750627122e-01,1.778338835439506327e-01,5.028507554776656674e-01,4.015423282789739035e-01,-6.017920952225196130e-02,7.649820084334303383e-01,-6.752112943092479780e-01,4.350128281934665386e-01,6.100055382165140427e-01,4.859450280689481816e-01,7.121819627849839129e-01,5.792856087899778128e-01,2.577776800253035461e-01,5.631480236118273641e-01,6.724105353781755223e-01,2.054726983846160981e-01,8.510937982953337144e-01,1.000000000000000000e+00,1.099535980514143724e-01,1.358312206538122568e-01,7.021637165859818674e-01,6.608557657528530971e-01,3.148790052979144050e-01,5.726630885753470901e-01,2.504831332483666365e-03,-3.993595614880348088e-01,-1.397452099561412309e-01,2.988199216536041036e-01,2.114399210667876894e-01,-3.576116631490776077e-01,3.751163836660652007e-01,-2.734366202870424645e-01,8.358031301038348904e-01,-6.621676087579421444e-02,6.393589059389043205e-01,3.923818775495286487e-02,1.913435062520894570e-01,6.295035297188243950e-01
4.277099743162309786e-01,-4.107257411468724362e-01,4.869283373688592653e-01,2.999020819524850223e-01,-8.806828484278562963e-02,-1.622570381438037113e-01,-7.625992946985413190e-02,-1.573740261288607001e-01,1.150860521106120971e-01,1.112969757749174005e-01,3.230662340754842377e-01,-2.397187900942794048e-01,-2.867173769436676678e-01,-2.539454778793031817e-02,4.962453095083564358e-01,1.010457400632058383e-01,4.324960218472895940e-02,3.116154985965755575e-01,1.099535980514143724e-01,1.000000000000000000e+00,8.562998706842330776e-01,5.548367640866280759e-01,-5.257660318701953134e-02,1.261056948644817266e-01,1.552569936018993457e-01,6.398757449219129034e-01,-1.714827051439391653e-02,7.348979360795862004e-01,3.876004831793531946e-01,2.025812278698842506e-01,-2.435344469497648795e-02,-4.899497901914022235e-01,6.280098665614242126e-01,1.386838848574492751e-02,-2.554991867534845557e-02,-2.243176142301869236e-01,-2.081862280907283980e-01,3.957697245391718077e-01,-3.546323689084240893e-01
4.796033619782912871e-01,-3.598701520778156970e-01,5.731879580794232432e-01,3.867548900469783280e-01,2.375335332432790963e-02,-8.098851134571476151e-02,1.564412951356619619e-02,-2.828807291436825633e-01,2.204132280381085607e-01,2.020553504342439410e-01,3.703226658752538092e-01,-2.931742429931553651e-01,-3.295231166078610996e-01,1.175512262962593035e-01,4.980006204248367263e-01,1.686020868872512846e-01,1.045542397011307023e-01,3.678347118764032087e-01,1.358312206538122568e-01,8.562998706842330776e-01,1.000000000000000000e+00,5.475112786078879523e-01,1.884061790637717171e-02,2.032680009616578964e-01,2.044500473549714925e-01,6.993217978401914392e-01,1.045777328211261979e-02,8.075719666128233776e-01,5.117867488237713980e-01,3.546872545449092362e-01,7.394043239057351835e-02,-4.636282215288081709e-01,6.563174244910562338e-01,6.536475576788113029e-02,3.303557074287193779e-02,-2.087812865485290659e-01,-1.772334315422934570e-01,4.564986434769222612e-01,-3.462505037865826196e-01
5.663732238775879280e-01,1.655716155904239928e-01,2.399533835543505578e-01,5.082767479851156844e-01,1.629535568777189247e-01,-1.800144328998703191e-01,5.342774688931324345e-01,-5.090496123394681049e-01,2.844713624879521841e-01,4.536837996834017228e-01,6.313685820651474545e-01,4.462364492180251330e-01,3.313307970763325061e-01,1.320965270972090100e-01,7.550576448988798317e-01,4.816805613344968817e-01,2.602998739446685805e-01,7.596900731583123845e-01,7.021637165859818674e-01,5.548367640866280759e-01,5.475112786078879523e-01,1.000000000000000000e+00,4.458875471055347428e-01,3.292979821329948265e-01,4.593089816045423102e-01,3.250964299240288180e-01,-4.256027463226499941e-01,2.406791255105523442e-01,4.801951284600780023e-01,2.165980445640011964e-01,-3.099435251670250024e-01,5.915698359341999002e-02,7.877677708150875036e-02,6.138228352271262178e-01,-1.302381993919699277e-01,3.219400988965959720e-01,-1.554124261491171000e-01,4.038858736042613695e-01,3.011319948439185601e-01
3.992587397753920575e-01,6.604656110236267752e-01,2.988387051464740929e-01,2.872564281970252376e-01,5.022443534160645484e-01,2.301336000856218644e-01,5.171995406297222875e-01,-6.493851559679951757e-01,5.758005597989946933e-01,6.754445582023704819e-01,4.358678071343899396e-01,5.232988957083900550e-01,3.930292517571264965e-01,5.840785661371932225e-01,3.374194878531691644e-01,7.754114259917991303e-01,3.059982845294982878e-01,6.029330988985623918e-01,6.608557657528530971e-01,-5.257660318701953134e-02,1.884061790637717171e-02,4.458875471055347428e-01,1.000000000000000000e+00,5.292464564015272321e-01,5.949366801120223869e-01,1.036873103841618321e-01,-1.491146002756977562e-01,-9.405042066604028805e-02,3.818576810004065680e-01,4.816151697240840246e-01,-2.851014012740572812e-02,5.180343187591438525e-01,-1.525405525669945861e-01,6.536416559369730983e-01,9.062213118686246460e-02,7.135687833351875842e-01,2.604570104005269893e-01,2.766236497423951723e-01,6.420139120262376986e-01
4.212222647395661435e-01,3.630214058062790072e-01,5.202626713209178577e-01,6.593068293655738286e-03,3.551903995397341918e-01,2.456636765577055459e-01,1.569900105393461642e-01,-5.643210906188296239e-01,5.224542919644060701e-01,5.848813993824287794e-01,3.951922075339898144e-01,4.715046355145859069e-02,-1.033499700459549614e-02,5.766392183304843710e-01,1.925640665915937244e-01,5.367674547854458522e-01,4.004657593041305308e-01,3.927019552175183281e-01,3.148790052979144050e-01,1.261056948644817266e-01,2.032680009616578964e-01,3.292979821329948265e-01,5.292464564015272321e-01,1.000000000000000000e+00,4.955897251488304844e-01,3.915860386074534460e-01,1.222374473140277473e-01,2.444758502213189577e-01,4.614090135900112410e-01,5.318109626197664586e-01,3.358662708785150053e-01,1.909849837172828413e-01,2.013889648742078764e-01,3.440007733312978599e-01,2.147060080443099206e-01,3.160413712388662755e-01,2.735344928133454645e-01,3.082435096897436777e-01,2.380980332811432065e-01
5.609400275470257657e-01,4.520789946433018680e-01,3.854971636197169205e-01,2.798054932089218405e-01,5.468317671901338217e-01,-2.302177073596831103e-02,3.136186910891091140e-01,-6.149410677824055371e-01,4.821131118772336577e-01,6.623015730864910688e-01,3.210884813452162256e-01,3.822830856886190731e-01,3.128467459848227050e-01,5.181510287822784777e-01,4.863478348297586851e-01,5.830229224651100051e-01,7.892955482022290248e-02,5.516509096654802491e-01,5.726630885753470901e-01,1.552569936018993457e-01,2.044500473549714925e-01,4.593089816045423102e-01,5.949366801120223869e-01,4.955897251488304844e-01,1.000000000000000000e+00,3.310717401794156522e-01,-2.514631126416194684e-01,1.321373343952579327e-01,5.689254349915696674e-01,4.251031140861356583e-01,-9.404806326477861689e-02,9.980781970685904947e-02,2.411809271791841985e-02,5.318088785947133745e-01,-5.279193837790523147e-02,5.617123244313632080e-01,-8.707341486866969219e-04,4.847894491953507190e-01,4.587982233035783342e-01
6.164027414117337900e-01,-7.835734756082035624e-02,6.667355171407873815e-01,8.112891327775612060e-02,2.638896608764177976e-01,8.516126021101289023e-02,-2.048058673193136892e-01,-3.594660664235592162e-01,4.518377500064456043e-01,3.964094596810274207e-01,3.704473482112146110e-01,-3.574814707821147297e-01,-3.911032160238972488e-01,3.949491024917916038e-01,3.887087722455357941e-01,3.025195623664322930e-01,2.024503103730145581e-01,2.689408132071613444e-01,2.504831332483666365e-03,6.398757449219129034e-01,6.993217978401914392e-01,3.250964299240288180e-01,1.036873103841618321e-01,3.915860386074534460e-01,3.310717401794156522e-01,1.000000000000000000e+00,1.392567703078304575e-01,7.809734360176795454e-01,7.172739440063403693e-01,5.668403802566314154e-01,3.024850230964689080e-01,-3.331042357268526599e-01,6.515779733773024995e-01,6.034972081469158756e-02,2.681968845713454674e-02,-9.635680715787946216e-02,-4.945434173776334930e-02,7.180480733931888793e-01,-1.505567194126993524e-01
-3.566193880673680372e-01,-7.931014738117599105e-02,3.649647608142120858e-01,-3.044495543732536613e-01,-1.617371594964183146e-01,6.276741096883122761e-01,-3.763703585292106912e-01,1.702488420417637149e-01,2.147660514297946577e-01,6.953105237996140553e-02,-2.966230818453574059e-01,-5.624417537870501915e-01,-4.573323105007356948e-01,2.920456694385319407e-01,-6.537726116813052935e-01,7.298669547052366591e-02,2.133705420047254664e-01,-3.963152406995790744e-01,-3.993595614880348088e-01,-1.714827051439391653e-02,1.045777328211261979e-02,-4.256027463226499941e-01,-1.491146002756977562e-01,1.222374473140277473e-01,-2.514631126416194684e-01,1.392567703078304575e-01,1.000000000000000000e+00,2.636079691087203081e-01,-2.898948952115196764e-01,2.885364417758263800e-01,6.004893789316628760e-01,4.919575580987930324e-02,4.813134180013387553e-01,-5.155740473776261323e-01,6.808180674166915969e-01,-3.718424831305801592e-01,7.151982305299723341e-01,-2.776174413584772127e-01,-3.725918770732496998e-01
4.084728215825500497e-01,-3.848538148125862923e-01,6.882086980004322729e-01,2.374501481304472639e-01,8.861785667245200560e-02,6.557263498804005719e-02,-2.532862782852906558e-01,-1.860746157896409070e-01,2.741759215551758389e-01,1.777446338646069268e-01,2.266984321908673550e-01,-5.682284309554297419e-01,-5.663731683212670509e-01,2.721035279040473487e-01,2.415277022568125265e-01,9.156540918625516445e-02,1.083661441360115885e-01,1.302168916580581648e-01,-1.397452099561412309e-01,7.348979360795862004e-01,8.075719666128233776e-01,2.406791255105523442e-01,-9.405042066604028805e-02,2.444758502213189577e-01,1.321373343952579327e-01,7.809734360176795454e-01,2.636079691087203081e-01,1.000000000000000000e+00,5.221304809051217077e-01,4.514473400652235791e-01,3.712343995830603705e-01,-4.939638536250327561e-01,8.436615800125585318e-01,-1.559198039588618467e-01,1.644792978269283834e-01,-3.548369673061095853e-01,-4.914569649648689587e-02,4.396803986264229414e-01,-5.047793010609660236e-01
8.202394926296958655e-01,2.225406363723570480e-01,4.938632075709394331e-01,2.960668849097540245e-01,5.561767671117818779e-01,-1.090258320529404745e-01,1.134538599353265426e-01,-5.660859447463900684e-01,5.187372762688690075e-01,5.369022890353951638e-01,5.844041207790428016e-01,3.430993140634417543e-02,-6.217256915455519201e-02,4.881825870260145250e-01,6.143818410973326261e-01,4.127143796753897087e-01,2.047988138112804835e-01,5.275644864671529266e-01,2.988199216536041036e-01,3.876004831793531946e-01,5.117867488237713980e-01,4.801951284600780023e-01,3.818576810004065680e-01,4.614090135900112410e-01,5.689254349915696674e-01,7.172739440063403693e-01,-2.898948952115196764e-01,5.221304809051217077e-01,1.000000000000000000e+00,5.884309589725000844e-01,8.716178544037568587e-02,-9.424190797085399418e-02,3.015599041820393178e-01,4.441497473304574783e-01,-1.846023845661401153e-01,2.907633041439500188e-01,-2.264608806944268249e-01,7.914644083046176171e-01,2.130418627940958709e-01
5.701599011204450118e-01,4.203123863848326480e-01,7.061102230964754201e-01,1.298933975377329630e-01,5.054855085061342734e-01,4.485023237464579871e-01,8.602232759260523831e-02,-6.093537973720007939e-01,7.728089337838123241e-01,7.162548296307346130e-01,3.813540711572765973e-01,-1.543173137936464101e-01,-2.037868705211131615e-01,7.197652984353475336e-01,1.023651732557314398e-01,6.593715797914785348e-01,4.457241166293091084e-01,3.506083232706999619e-01,2.114399210667876894e-01,2.025812278698842506e-01,3.546872545449092362e-01,2.165980445640011964e-01,4.816151697240840246e-01,5.318109626197664586e-01,4.251031140861356583e-01,5.668403802566314154e-01,2.885364417758263800e-01,4.514473400652235791e-01,5.884309589725000844e-01,1.000000000000000000e+00,4.680253681167048652e-01,1.845069332214778202e-01,3.812920724821723395e-01,2.650276583514554196e-01,3.170065501771583416e-01,2.598296475786430748e-01,3.705356847863397474e-01,4.766874421799496275e-01,1.698394602888970706e-01
6.671348784753940338e-03,7.798481218220496003e-02,5.132918567522659625e-01,-1.648988959965363432e-01,8.252941841650777988e-02,4.497267335847767167e-01,-3.353867965236837501e-01,-1.111025581575579985e-01,3.015392464348389256e-01,2.379517263622470402e-01,-1.514692078637522588e-01,-5.788507905217897820e-01,-7.148954230979489566e-01,4.046676074171085546e-01,-4.441572027644846710e-01,1.308183512031269036e-01,1.897782176768759155e-01,-2.347883610808731703e-01,-3.576116631490776077e-01,-2.435344469497648795e-02,7.394043239057351835e-02,-3.099435251670250024e-01,-2.851014012740572812e-02,3.358662708785150053e-01,-9.404806326477861689e-02,3.024850230964689080e-01,6.004893789316628760e-01,3.712343995830603705e-01,8.716178544037568587e-02,4.680253681167048652e-01,1.000000000000000000e+00,-5.468822022030590119e-02,4.328554190612654562e-01,-2.939614331521561152e-01,3.266459308058008437e-01,-1.934061854640048983e-01,3.830057978614421765e-01,-9.505766065216039729e-03,-2.677952157574004510e-01
-4.675871759211139983e-02,6.815260175962367661e-01,-1.662741674653208379e-01,3.138012470145595811e-02,2.634875220833651221e-01,4.427023023460125439e-01,5.056152147274142195e-01,-2.658343544085917665e-01,3.335085602292041096e-01,4.090591907245387238e-01,3.055411809472852736e-01,4.728979650858550210e-01,5.382995017074276856e-01,3.661320787619135597e-01,-1.494537618397792367e-01,5.099408559277119890e-01,5.892061250110218751e-01,2.048794782488806698e-01,3.751163836660652007e-01,-4.899497901914022235e-01,-4.636282215288081709e-01,5.915698359341999002e-02,5.180343187591438525e-01,1.909849837172828413e-01,9.980781970685904947e-02,-3.331042357268526599e-01,4.919575580987930324e-02,-4.939638536250327561e-01,-9.424190797085399418e-02,1.845069332214778202e-01,-5.468822022030590119e-02,1.000000000000000000e+00,-4.538970456566466249e-01,3.432976708144861444e-01,3.261360580504649165e-01,4.116972165197052558e-01,5.419125382490358467e-01,-1.167626412266048741e-01,6.225927873755410236e-01
1.906598438798058903e-01,-3.990809571698692992e-01,6.571956934723152122e-01,6.248245913511528415e-02,-5.466443877392724443e-02,1.519241247746120904e-01,-4.016198657353755030e-01,8.376668706833706457e-03,2.425702669816939272e-01,7.432644595100428020e-02,-1.650982160437884996e-02,-6.382462044678416380e-01,-5.744542338230579359e-01,2.852691922212438613e-01,-4.668492655264008090e-04,2.177831551584437711e-02,3.253287996936041898e-02,-8.478259859069581239e-02,-2.734366202870424645e-01,6.280098665614242126e-01,6.563174244910562338e-01,7.877677708150875036e-02,-1.525405525669945861e-01,2.013889648742078764e-01,2.411809271791841985e-02,6.515779733773024995e-01,4.813134180013387553e-01,8.436615800125585318e-01,3.015599041820393178e-01,3.812920724821723395e-01,4.328554190612654562e-01,-4.538970456566466249e-01,1.000000000000000000e+00,-3.213413097235341409e-01,3.405596513301689110e-01,-4.308756727115383711e-01,1.527244606004770355e-01,2.667973868774520807e-01,-5.675929383413016449e-01
4.914132038043861894e-01,5.650634323813875648e-01,1.764378422967802784e-01,4.058833736142111182e-01,5.511184752248837748e-01,-1.037635884529876235e-01,6.917484152247358464e-01,-7.056530342269332623e-01,4.576114402882699439e-01,5.722598687130777684e-01,5.099546954932689946e-01,6.692232312407137007e-01,5.031320077908728594e-01,2.778799633529803748e-01,5.950720117291640188e-01,5.896126613016859919e-01,1.835982995693729025e-01,8.328973034320971136e-01,8.358031301038348904e-01,1.386838848574492751e-02,6.536475576788113029e-02,6.138228352271262178e-01,6.536416559369730983e-01,3.440007733312978599e-01,5.318088785947133745e-01,6.034972081469158756e-02,-5.155740473776261323e-01,-1.559198039588618467e-01,4.441497473304574783e-01,2.650276583514554196e-01,-2.939614331521561152e-01,3.432976708144861444e-01,-3.213413097235341409e-01,1.000000000000000000e+00,-2.047900968020940904e-01,6.918567261777827104e-01,-9.590369862769310139e-02,3.120805061720536844e-01,6.872117510859199196e-01
-2.446006259655549575e-01,3.907049205199240177e-02,2.941177510908100645e-01,-1.196522247572335274e-01,-7.433544803521292821e-02,6.698735567185232220e-01,5.011662989105444832e-02,-1.591627536438947402e-02,2.512387381861985736e-01,2.015211079720288789e-01,7.045865403424707817e-03,-2.485073574425363807e-01,-6.274287327815188109e-02,4.508503475207841782e-01,-3.842947426322085303e-01,2.598610178479401345e-01,4.969757284896611504e-01,-1.519750182523506021e-01,-6.621676087579421444e-02,-2.554991867534845557e-02,3.303557074287193779e-02,-1.302381993919699277e-01,9.062213118686246460e-02,2.147060080443099206e-01,-5.279193837790523147e-02,2.681968845713454674e-02,6.808180674166915969e-01,1.644792978269283834e-01,-1.846023845661401153e-01,3.170065501771583416e-01,3.266459308058008437e-01,3.261360580504649165e-01,3.405596513301689110e-01,-2.047900968020940904e-01,1.000000000000000000e+00,-2.023914943002329547e-01,8.059685304297673492e-01,-1.989006548644277894e-01,-1.674224956529651587e-01
3.254887790031665840e-01,7.021897718728511428e-01,3.694200193950682165e-02,1.970229399691675876e-01,4.465373086410880932e-01,-3.785060337271273917e-02,4.569371371610588817e-01,-4.838917874985260714e-01,3.796248274789159605e-01,5.147188076018349712e-01,2.139844387418534388e-01,6.952949987358313377e-01,4.704839617132666185e-01,3.669311180844462839e-01,3.571593273621221365e-01,5.658071749306186060e-01,6.200816783239622952e-04,5.239471039244792960e-01,6.393589059389043205e-01,-2.243176142301869236e-01,-2.087812865485290659e-01,3.219400988965959720e-01,7.135687833351875842e-01,3.160413712388662755e-01,5.617123244313632080e-01,-9.635680715787946216e-02,-3.718424831305801592e-01,-3.548369673061095853e-01,2.907633041439500188e-01,2.598296475786430748e-01,-1.934061854640048983e-01,4.116972165197052558e-01,-4.308756727115383711e-01,6.918567261777827104e-01,-2.023914943002329547e-01,1.000000000000000000e+00,2.855716990606863709e-02,2.297047591327060490e-01,7.465608994142326482e-01
-2.362867914015764348e-01,3.604210688647522809e-01,2.566463139523671999e-01,-1.597511242743464288e-01,4.182223849723713804e-02,7.283492645305403856e-01,8.894680647394793971e-02,-8.413440253914671041e-02,4.167836850766631351e-01,3.746327722576690555e-01,-2.776403461407494361e-02,-8.984189424954086567e-02,1.876574322728951499e-02,5.098788101913056536e-01,-4.881972307389328414e-01,4.371769173945307396e-01,4.881700429273671538e-01,-7.825806728426934478e-02,3.923818775495286487e-02,-2.081862280907283980e-01,-1.772334315422934570e-01,-1.554124261491171000e-01,2.604570104005269893e-01,2.735344928133454645e-01,-8.707341486866969219e-04,-4.945434173776334930e-02,7.151982305299723341e-01,-4.914569649648689587e-02,-2.264608806944268249e-01,3.705356847863397474e-01,3.830057978614421765e-01,5.419125382490358467e-01,1.527244606004770355e-01,-9.590369862769310139e-02,8.059685304297673492e-01,2.855716990606863709e-02,1.000000000000000000e+00,-2.490108200996929144e-01,9.718109578089852152e-02
7.135776393187100997e-01,1.454699016328449557e-01,3.588740653479223219e-01,7.473218610910416226e-02,3.110808207612207887e-01,-1.552782813593213129e-01,1.367812329444237883e-02,-4.165485807872646440e-01,4.101709278993869168e-01,4.274399565515169530e-01,4.800444745504626187e-01,7.426972535376349938e-02,-5.633481507910866222e-03,3.788683978081842096e-01,6.430638081778772275e-01,3.743706818627165478e-01,1.581508614465911289e-01,3.454658076164621172e-01,1.913435062520894570e-01,3.957697245391718077e-01,4.564986434769222612e-01,4.038858736042613695e-01,2.766236497423951723e-01,3.082435096897436777e-01,4.847894491953507190e-01,7.180480733931888793e-01,-2.776174413584772127e-01,4.396803986264229414e-01,7.914644083046176171e-01,4.766874421799496275e-01,-9.505766065216039729e-03,-1.167626412266048741e-01,2.667973868774520807e-01,3.120805061720536844e-01,-1.989006548644277894e-01,2.297047591327060490e-01,-2.490108200996929144e-01,1.000000000000000000e+00,2.798685919993490478e-01
2.928339985990965899e-01,7.729277558001830251e-01,-1.455200940709085733e-01,9.888036399182133229e-02,3.971688879313158282e-01,4.135213555541144442e-04,5.439186706138213756e-01,-4.625099625686183713e-01,3.876632996569103762e-01,5.451326745293532117e-01,3.411794587185718597e-01,7.780685138319908267e-01,6.176045778681005238e-01,2.968668937356684356e-01,3.285719033142600609e-01,5.801497086917773993e-01,2.040501355271667483e-01,4.861609643261921576e-01,6.295035297188243950e-01,-3.546323689084240893e-01,-3.462505037865826196e-01,3.011319948439185601e-01,6.420139120262376986e-01,2.380980332811432065e-01,4.587982233035783342e-01,-1.505567194126993524e-01,-3.725918770732496998e-01,-5.047793010609660236e-01,2.130418627940958709e-01,1.698394602888970706e-01,-2.677952157574004510e-01,6.225927873755410236e-01,-5.675929383413016449e-01,6.872117510859199196e-01,-1.674224956529651587e-01,7.465608994142326482e-01,9.718109578089852152e-02,2.798685919993490478e-01,1.000000000000000000e+00
