1.000000000000000000e+00,6.721617027605600869e-01,-3.143640333370454482e-02,2.200592819631696229e-01,5.245092492585022859e-01,2.793791058480667444e-01,1.049178944245291178e-01,-1.076945155267148603e-02,5.015628771433332522e-01,5.701996792881846021e-01,2.144473362127424787e-01,-1.963156351678088662e-01,8.925480408348475392e-02,6.005256036852634205e-01,2.339188520082863543e-01,5.542778535160363118e-01,5.222416012914427030e-01,2.657026439562864550e-01,-4.794381437359608589e-02,-2.932377768301901444e-01,-1.689493832451998967e-01,-2.049456982763011859e-01,3.288784041143500425e-01,4.130762673316157874e-01,4.764128931391908850e-01,2.784447725452524058e-01,-2.585115114507062217e-01,-1.149466688081416527e-01,5.647841380962166369e-01,6.579480856629891239e-01,-2.682930411671169413e-01,-1.271482061915738815e-01,3.326722756893954469e-01,3.634377289735511996e-01,3.356017220583741301e-01,5.587222765287880311e-01,3.328032839443212931e-01,5.058918870329846135e-02,-2.384383641068290316e-01
6.721617027605600869e-01,1.000000000000000000e+00,-2.735231133667552217e-01,3.118356908762202062e-01,3.847764387032198696e-01,3.401189053422233322e-01,8.269160961817316469e-02,2.304385283725619016e-01,4.234683982771288990e-01,4.930193508439599248e-01,1.955691825738194167e-01,-1.493934570346232282e-01,1.405812760646756032e-01,5.259190464505563156e-01,3.559599842479831827e-02,2.861469163476180189e-01,4.389925418664430978e-01,1.118346642875051450e-01,-3.064056664094038651e-01,-3.765112812347711224e-01,-3.555327488696147786e-01,-3.877447672194300754e-01,9.461981956545091610e-02,4.042382556561934792e-01,3.737376466302682609e-01,-7.059552147741518513e-02,-2.764894909497592201e-01,-3.481936039278423767e-01,5.317284240553639130e-01,3.880626667190674728e-01,-3.386683795943317143e-01,1.518688385633482074e-02,2.935785048847600609e-01,4.097851759337360344e-01,3.648448998100193297e-01,5.080099494644096936e-01,4.487296397540224691e-01,-2.576461444501579878e-01,-2.617311801503330870e-01
-3.143640333370454482e-02,-2.735231133667552217e-01,1.000000000000000000e+00,-7.194645075235059917e-01,-1.283033694942898317e-01,-7.283938817322888060e-01,-2.522523909672200193e-01,-9.233559177034507126e-01,1.117225043938119000e-01,-4.219337491407697538e-01,1.398623859897066557e-01,3.687988618939449514e-01,-6.369035240898480721e-01,-1.259251534686979535e-01,9.438571755170854782e-02,2.754578284991763271e-01,-3.607777245333587124e-01,-3.325041813179403505e-01,7.955807412078843566e-01,7.552211104560621058e-01,8.430913170030707171e-01,7.598537026000556915e-01,4.252067550118112105e-01,-5.987972504819390890e-02,-4.520753019333091371e-01,6.646940461615397089e-01,7.076092635091715266e-01,8.627861214282926960e-01,-6.389386592945607291e-01,1.177447588146826457e-01,8.038997208212455003e-01,5.261102463442443034e-01,-4.253565103676559822e-01,-1.604624184956078281e-01,-5.989404943472927956e-01,-6.529518283116760025e-02,-7.147408308620861739e-01,6.136818199597072754e-01,5.612717151486410483e-01
2.200592819631696229e-01,3.118356908762202062e-01,-7.194645075235059917e-01,1.000000000000000000e+00,4.418930079969664027e-01,8.397879099027292238e-01,3.624323381174422432e-01,6.826732787043403583e-01,-3.133967819198284210e-02,6.248176228828103973e-01,-1.794805391666764172e-01,-3.637350413275832750e-01,5.867654016858154797e-01,3.373295662460439326e-01,-1.826169594365268101e-01,-6.669543984053491470e-02,3.552446298508828981e-01,5.636634561786018072e-01,-6.032855614912309150e-01,-7.100312187239392614e-01,-8.428679967198364764e-01,-7.956140961978592774e-01,-1.394283202989357040e-01,2.993962602937092488e-01,6.793847482374515412e-01,-5.489711124251968055e-01,-7.039293910926998077e-01,-8.387031474430528544e-01,6.923752063058296047e-01,1.493108283702642980e-01,-7.280316550938223941e-01,-4.441558721954977917e-01,6.168348224840262128e-01,2.349673687338262318e-01,7.027021023107599129e-01,1.310343205189259952e-01,8.097965155605691967e-01,-6.076813561915218598e-01,-5.282536052981742225e-01
5.245092492585022859e-01,3.847764387032198696e-01,-1.283033694942898317e-01,4.418930079969664027e-01,1.000000000000000000e+00,4.925140885190919526e-01,-3.446626269985128554e-02,6.920783903908388213e-02,5.619686660938962852e-01,6.863080162426767883e-01,1.969648800076462536e-01,6.320968420474524715e-03,3.527914371367618651e-01,7.319868465191134987e-01,2.857770519799960329e-01,5.201697872656078081e-01,4.423481468827031859e-01,5.614004075546905614e-01,-7.457574450527838794e-02,-4.405318873396401047e-01,-3.848637427851059889e-01,-3.702072958057608387e-01,3.925755642832581271e-01,5.991324436411776810e-01,6.737311052526623323e-01,1.817111776535945689e-01,-3.186203770312445172e-01,-3.638843456268344156e-01,5.841569567759904436e-01,6.431458448195817024e-01,-4.286408111683869260e-01,-1.206519885124035796e-01,5.895632595030945167e-01,6.914060351030418827e-01,5.456938019947983332e-01,4.338750457605732858e-01,5.082873472785213176e-01,7.624157802363812353e-02,-8.032745870742236116e-02
2.793791058480667444e-01,3.401189053422233322e-01,-7.283938817322888060e-01,8.397879099027292238e-01,4.925140885190919526e-01,1.000000000000000000e+00,3.101803508806463827e-01,6.937354211563133699e-01,2.794358205706431314e-02,7.206534435646150261e-01,7.740246515351079104e-02,-3.982683087333372951e-01,6.184914298340827843e-01,4.597692043877411594e-01,-8.178621574897937396e-02,-4.461799591991365277e-02,5.792342749978526273e-01,6.009348253543785878e-01,-6.316112012678036791e-01,-7.875424274928987112e-01,-8.518639720400557058e-01,-7.966857830413659469e-01,-7.254113630213476771e-02,3.896777471687074557e-01,8.107638812473446643e-01,-4.244886150209395970e-01,-7.082209537084290796e-01,-8.217272817774660121e-01,8.086274375815837301e-01,2.220135212505728040e-01,-7.856999253028734698e-01,-4.401320925148912155e-01,7.988535784407440055e-01,2.886937675754269184e-01,8.224002923190025793e-01,1.472758635428997598e-01,8.806358509667199241e-01,-5.637094933926536378e-01,-5.930917033552693951e-01
1.049178944245291178e-01,8.269160961817316469e-02,-2.522523909672200193e-01,3.624323381174422432e-01,-3.446626269985128554e-02,3.101803508806463827e-01,1.000000000000000000e+00,2.602021862442784883e-01,-3.779262971132094640e-01,1.611502677316366261e-01,-1.846663099378038631e-01,-8.055124162784189634e-01,2.537638955497277804e-01,-1.198921993929311508e-01,-5.464820536645600413e-01,-8.856720957740014943e-02,4.754265608634421214e-02,7.696434979590835446e-02,-2.033468393739647773e-01,-2.870130316742889875e-01,-2.407988522261262365e-01,-2.316912541890613630e-01,-2.678609497179988974e-01,-1.489332159519962673e-01,1.976064633156037198e-01,-4.909034679962542280e-01,-5.582898312818840303e-01,-2.775787572122395686e-01,2.012599768767630859e-01,1.994290751427775857e-02,-2.954200939711462692e-01,-4.828912452599748995e-01,9.422588400570085232e-02,-3.404814658918624004e-01,2.417942939825219739e-01,-9.779111101628137903e-02,1.838451558944909636e-01,-5.616922869899854120e-01,-6.599573021484842483e-01
-1.076945155267148603e-02,2.304385283725619016e-01,-9.233559177034507126e-01,6.826732787043403583e-01,6.920783903908388213e-02,6.937354211563133699e-01,2.602021862442784883e-01,1.000000000000000000e+00,-1.420070574903613270e-01,3.791689701263702972e-01,-1.426751770243476769e-01,-3.709789336202949372e-01,6.060603593038276227e-01,6.948562956927795131e-02,-1.055477461057906935e-01,-3.008647778314857413e-01,3.288839488621890239e-01,3.001061362393103171e-01,-7.756569668376119830e-01,-7.275909572397017966e-01,-8.052074284312890073e-01,-7.068342594437332371e-01,-4.555909702947303908e-01,1.546021911031157832e-02,4.082232938645755094e-01,-6.726117240323610247e-01,-6.895212420033579592e-01,-8.343028803543444116e-01,6.039416922341125371e-01,-1.480349731272689318e-01,-7.789923672603931148e-01,-5.386451201206362560e-01,3.860807429371401756e-01,1.211542777586039066e-01,5.746287807925541946e-01,4.173489645535519849e-02,6.720060039381328121e-01,-6.039562720153500708e-01,-5.496527373363322422e-01
5.015628771433332522e-01,4.234683982771288990e-01,1.117225043938119000e-01,-3.133967819198284210e-02,5.619686660938962852e-01,2.794358205706431314e-02,-3.779262971132094640e-01,-1.420070574903613270e-01,1.000000000000000000e+00,4.575873571350292379e-01,3.541660795723887145e-01,3.285569798454677781e-01,-3.031497127498991237e-02,5.873111305358983403e-01,4.215079695963355189e-01,6.704629428041727346e-01,3.154085452930213140e-01,1.917278231021487256e-01,1.281770872861333899e-01,-7.369138697757306178e-02,-2.140956739326539682e-02,1.335700886888466395e-02,4.732588746759893161e-01,5.010398742266249927e-01,2.635691718184501875e-01,4.438868894610527027e-01,1.064803158417549078e-01,1.285750982193587834e-02,2.614062500513152920e-01,6.220893819575501471e-01,-8.051439907841305421e-02,1.933379728296250322e-01,2.250261963660976916e-01,7.375547965492962321e-01,1.755534242865628980e-01,4.257865844944158096e-01,1.269790065835068593e-01,3.915539245647521316e-01,3.143323684902470938e-01
5.701996792881846021e-01,4.930193508439599248e-01,-4.219337491407697538e-01,6.248176228828103973e-01,6.863080162426767883e-01,7.206534435646150261e-01,1.611502677316366261e-01,3.791689701263702972e-01,4.575873571350292379e-01,1.000000000000000000e+00,2.347512775765256132e-01,-2.472171874314155471e-01,3.964250734914320784e-01,6.476704622945599343e-01,4.555979375235564427e-02,4.635473704344673096e-01,6.006588947929887290e-01,5.629849473850128128e-01,-3.262012546027597826e-01,-6.125959546590048488e-01,-6.274485908288246483e-01,-5.969932205095631605e-01,2.559710661802285236e-01,5.549770571234916572e-01,8.061173474420613161e-01,-6.153044028711398411e-02,-4.836256980114176929e-01,-5.770169392560368093e-01,7.629613030262061280e-01,5.676381311374705252e-01,-5.992713767640521771e-01,-2.867444459916408395e-01,7.683436382275284915e-01,5.547575707754082153e-01,7.533520501395776225e-01,3.554922494197572669e-01,7.360838490300893877e-01,-2.378477432922595225e-01,-2.986782997698624875e-01
2.144473362127424787e-01,1.955691825738194167e-01,1.398623859897066557e-01,-1.794805391666764172e-01,1.969648800076462536e-01,7.740246515351079104e-02,-1.846663099378038631e-01,-1.426751770243476769e-01,3.541660795723887145e-01,2.347512775765256132e-01,1.000000000000000000e+00,9.296591096178542790e-02,-1.224127087962909449e-01,3.447308885082928098e-01,1.762241499804525491e-01,1.723252103151311498e-01,5.585806199959316709e-01,3.484419826921495572e-02,1.139523629737254212e-01,-7.294037921594255514e-02,1.097636961413159112e-01,1.110339487316581303e-01,3.970873710481276353e-01,3.837045870633065681e-01,2.275733207650754986e-01,3.651006566421641231e-01,1.932589418295279082e-01,1.165595443068159764e-01,1.692506675754048562e-01,2.858632603197359123e-01,5.252089025794953736e-02,3.523241114244689554e-01,3.262423148415038443e-01,1.610741995794789938e-01,2.352445168099878137e-01,1.460003232798358641e-01,9.034410503330565778e-02,1.530553605498968517e-01,1.012501389019776071e-01
-1.963156351678088662e-01,-1.493934570346232282e-01,3.687988618939449514e-01,-3.637350413275832750e-01,6.320968420474524715e-03,-3.982683087333372951e-01,-8.055124162784189634e-01,-3.709789336202949372e-01,3.285569798454677781e-01,-2.472171874314155471e-01,9.296591096178542790e-02,1.000000000000000000e+00,-3.582683608351053817e-01,9.608027741200458882e-02,5.379488754365480130e-01,9.912301354350722127e-02,-2.023976056975532178e-01,-1.139647746291970465e-02,3.870499281229631272e-01,4.321044779735671026e-01,3.293003781855867729e-01,3.338096656383939820e-01,3.337115213051144447e-01,1.641917627437524951e-01,-2.749524407457475950e-01,5.115777757757592470e-01,6.813827830418619502e-01,3.541645256570989941e-01,-3.513682855655483328e-01,-7.679512775031120675e-02,4.555343322889965907e-01,6.132738024149951839e-01,-1.879493707126508595e-01,2.505788152659310097e-01,-3.053560114028396333e-01,8.596484130748505148e-02,-2.887647845219420417e-01,5.844997862104791553e-01,7.738958710532393148e-01
8.925480408348475392e-02,1.405812760646756032e-01,-6.369035240898480721e-01,5.867654016858154797e-01,3.527914371367618651e-01,6.184914298340827843e-01,2.537638955497277804e-01,6.060603593038276227e-01,-3.031497127498991237e-02,3.964250734914320784e-01,-1.224127087962909449e-01,-3.582683608351053817e-01,1.000000000000000000e+00,2.611601882188251955e-01,6.255252964487799383e-02,-7.504296965255852214e-02,2.830354658446714300e-01,3.846605133302532509e-01,-5.726094320507105762e-01,-5.871352704762985431e-01,-6.501410685739963391e-01,-6.105950789929692757e-01,-2.066417401592836878e-01,1.319850938941151963e-01,5.154647921156244594e-01,-3.928085610158610907e-01,-6.854231052104401423e-01,-6.656581125029586987e-01,5.689637641567470983e-01,1.770724672835835289e-01,-8.067779791452193150e-01,-5.636665648623666591e-01,4.046997549002325778e-01,2.087443833863094900e-01,5.033505088825138696e-01,1.275508742417881813e-01,5.224692196288833745e-01,-3.240189555230122420e-01,-4.885709728818362074e-01
6.005256036852634205e-01,5.259190464505563156e-01,-1.259251534686979535e-01,3.373295662460439326e-01,7.319868465191134987e-01,4.597692043877411594e-01,-1.198921993929311508e-01,6.948562956927795131e-02,5.873111305358983403e-01,6.476704622945599343e-01,3.447308885082928098e-01,9.608027741200458882e-02,2.611601882188251955e-01,1.000000000000000000e+00,3.655769018203967047e-01,4.750786812338543275e-01,5.318422549879021632e-01,4.355175797589581066e-01,-1.421931372181129138e-01,-3.779408627551648081e-01,-3.504204695691602311e-01,-3.328977307183343393e-01,4.545186937064301103e-01,7.243002890833921681e-01,6.517773832616844398e-01,2.701193474946619877e-01,-2.121692891130287084e-01,-2.970462849524497795e-01,5.900806491570762535e-01,6.284476296223460157e-01,-3.611774750924736654e-01,3.442224241738684604e-02,6.248865101334856176e-01,6.179380226036803592e-01,4.988005580509423109e-01,6.062897098659986161e-01,5.027311949806447799e-01,5.205454575797500288e-02,-8.257996862114642955e-02
2.339188520082863543e-01,3.559599842479831827e-02,9.438571755170854782e-02,-1.826169594365268101e-01,2.857770519799960329e-01,-8.178621574897937396e-02,-5.464820536645600413e-01,-1.055477461057906935e-01,4.215079695963355189e-01,4.555979375235564427e-02,1.762241499804525491e-01,5.379488754365480130e-01,6.255252964487799383e-02,3.655769018203967047e-01,1.000000000000000000e+00,2.706574533489455869e-01,2.730759399580001134e-01,3.003840521918437756e-01,1.787228965797287572e-01,4.111500503822902719e-02,9.984074224043928969e-02,1.285122313721464293e-01,2.578114604081557237e-01,2.082897285890507599e-01,7.581706506987956340e-02,5.751101341066754413e-01,1.891691085228395519e-01,1.274524153551153949e-01,1.850061052925958405e-01,2.612242108744557978e-01,-4.360531459903086576e-02,9.682768855581762313e-02,3.272693434282564207e-02,3.572445593082259618e-01,1.044256761825705128e-02,3.840697807516619267e-01,-4.001810664004514656e-02,6.074110727937184206e-01,2.834513578114055687e-01
5.542778535160363118e-01,2.861469163476180189e-01,2.754578284991763271e-01,-6.669543984053491470e-02,5.201697872656078081e-01,-4.461799591991365277e-02,-8.856720957740014943e-02,-3.008647778314857413e-01,6.704629428041727346e-01,4.635473704344673096e-01,1.723252103151311498e-01,9.912301354350722127e-02,-7.504296965255852214e-02,4.750786812338543275e-01,2.706574533489455869e-01,1.000000000000000000e+00,1.758793963788658488e-01,2.090481856487402534e-01,3.192840178447833854e-01,2.399014173680472789e-02,1.031508260161475427e-01,1.031758061874841620e-01,5.344325169453238988e-01,3.563932668176828522e-01,2.485386512773074819e-01,4.490959221677593427e-01,4.727752846856796490e-03,1.239557210072670529e-01,1.835433282796010146e-01,7.300809595047975664e-01,6.452713987385199322e-03,-9.866938217081200682e-03,1.587816858436241485e-01,4.907982670186955554e-01,1.267183927338807192e-01,4.302608212759914119e-01,4.880761843874456676e-05,4.065522833637970068e-01,2.003969361840506613e-01
5.222416012914427030e-01,4.389925418664430978e-01,-3.607777245333587124e-01,3.552446298508828981e-01,4.423481468827031859e-01,5.792342749978526273e-01,4.754265608634421214e-02,3.288839488621890239e-01,3.154085452930213140e-01,6.006588947929887290e-01,5.585806199959316709e-01,-2.023976056975532178e-01,2.830354658446714300e-01,5.318422549879021632e-01,2.730759399580001134e-01,1.758793963788658488e-01,1.000000000000000000e+00,4.120471739208393935e-01,-3.263873628603968791e-01,-5.708353257311669093e-01,-4.413720324993482547e-01,-4.505195328453157622e-01,1.292146044014795270e-01,4.390307788377771914e-01,5.975607379014129528e-01,7.421235980270431132e-02,-3.534538382004794865e-01,-3.807534072783805845e-01,7.178854181377002375e-01,3.547065564394241699e-01,-4.809614436547867133e-01,-1.598824902341728638e-01,6.340347374680460613e-01,2.971302826926587315e-01,6.369452007403121341e-01,3.797484106410257132e-01,6.238956412529080842e-01,-1.485939863704340835e-01,-3.559415555778268070e-01
2.657026439562864550e-01,1.118346642875051450e-01,-3.325041813179403505e-01,5.636634561786018072e-01,5.614004075546905614e-01,6.009348253543785878e-01,7.696434979590835446e-02,3.001061362393103171e-01,1.917278231021487256e-01,5.629849473850128128e-01,3.484419826921495572e-02,-1.139647746291970465e-02,3.846605133302532509e-01,4.355175797589581066e-01,3.003840521918437756e-01,2.090481856487402534e-01,4.120471739208393935e-01,1.000000000000000000e+00,-2.962033806758378879e-02,-4.493922473825269770e-01,-5.037087568199867249e-01,-4.420753361704723994e-01,2.815055825507500331e-01,4.410518625470177811e-01,6.755760270485957619e-01,5.553249416467952171e-02,-3.854321739357775001e-01,-4.592793115484371524e-01,5.813727238175400158e-01,3.408377177189043095e-01,-4.594822869775858076e-01,-2.501498873474069518e-01,5.905047095093212128e-01,2.372576561854694843e-01,5.537708015232696290e-01,1.508677926177921513e-01,5.417429067586218006e-01,-1.493122896480479633e-02,-1.974194678790772428e-01
-4.794381437359608589e-02,-3.064056664094038651e-01,7.955807412078843566e-01,-6.032855614912309150e-01,-7.457574450527838794e-02,-6.316112012678036791e-01,-2.033468393739647773e-01,-7.756569668376119830e-01,1.281770872861333899e-01,-3.262012546027597826e-01,1.139523629737254212e-01,3.870499281229631272e-01,-5.726094320507105762e-01,-1.421931372181129138e-01,1.787228965797287572e-01,3.192840178447833854e-01,-3.263873628603968791e-01,-2.962033806758378879e-02,1.000000000000000000e+00,6.547500152966491127e-01,7.397682209783907892e-01,7.014802990301705066e-01,4.488998247407550712e-01,-4.443535111276695343e-02,-3.554163541642363922e-01,6.404452352570263463e-01,6.268899153435368854e-01,7.420694630715819473e-01,-5.354571383207299418e-01,1.293301764708751633e-01,7.080544514701820891e-01,4.318267790836388675e-01,-3.895225912245446342e-01,-1.892667704568118947e-01,-4.845274482213388634e-01,-4.861990906376661981e-02,-6.467707584732468318e-01,6.485160578665983833e-01,5.655951974945875316e-01
-2.932377768301901444e-01,-3.765112812347711224e-01,7.552211104560621058e-01,-7.100312187239392614e-01,-4.405318873396401047e-01,-7.875424274928987112e-01,-2.870130316742889875e-01,-7.275909572397017966e-01,-7.369138697757306178e-02,-6.125959546590048488e-01,-7.294037921594255514e-02,4.321044779735671026e-01,-5.871352704762985431e-01,-3.779408627551648081e-01,4.111500503822902719e-02,2.399014173680472789e-02,-5.708353257311669093e-01,-4.493922473825269770e-01,6.547500152966491127e-01,1.000000000000000000e+00,7.962718824364621861e-01,7.473437712999997373e-01,2.344634964883981487e-01,-2.777941551746751503e-01,-6.234064396660450313e-01,4.663275582934096608e-01,7.218852358025188432e-01,7.928501765956823544e-01,-7.619413277496518422e-01,-1.669674589604788206e-01,7.905718750938854900e-01,4.967588326869185611e-01,-5.958373613867324892e-01,-3.001484415489834023e-01,-7.142964622934830921e-01,-2.052586686790150439e-01,-7.730522985511117939e-01,5.152754130626133744e-01,5.709149740694865471e-01
-1.689493832451998967e-01,-3.555327488696147786e-01,8.430913170030707171e-01,-8.428679967198364764e-01,-3.848637427851059889e-01,-8.518639720400557058e-01,-2.407988522261262365e-01,-8.052074284312890073e-01,-2.140956739326539682e-02,-6.274485908288246483e-01,1.097636961413159112e-01,3.293003781855867729e-01,-6.501410685739963391e-01,-3.504204695691602311e-01,9.984074224043928969e-02,1.031508260161475427e-01,-4.413720324993482547e-01,-5.037087568199867249e-01,7.397682209783907892e-01,7.962718824364621861e-01,1.000000000000000000e+00,8.745477646667055849e-01,2.169087637572489624e-01,-2.933732718725819977e-01,-6.541139588058764165e-01,5.699670300048667038e-01,7.133082783743246447e-01,9.028822039282842216e-01,-7.327057957545995981e-01,-6.648837652773428863e-02,8.133742258810439107e-01,4.492996275850551502e-01,-6.373687781497333615e-01,-3.180376009904928858e-01,-7.105142863715364632e-01,-1.287622618271760666e-01,-8.519544732441738377e-01,6.033508756564448516e-01,5.322380802587696191e-01
-2.049456982763011859e-01,-3.877447672194300754e-01,7.598537026000556915e-01,-7.956140961978592774e-01,-3.702072958057608387e-01,-7.966857830413659469e-01,-2.316912541890613630e-01,-7.068342594437332371e-01,1.335700886888466395e-02,-5.969932205095631605e-01,1.110339487316581303e-01,3.338096656383939820e-01,-6.105950789929692757e-01,-3.328977307183343393e-01,1.285122313721464293e-01,1.031758061874841620e-01,-4.505195328453157622e-01,-4.420753361704723994e-01,7.014802990301705066e-01,7.473437712999997373e-01,8.745477646667055849e-01,1.000000000000000000e+00,1.885212402514518659e-01,-2.804878433061174237e-01,-6.112225864180029777e-01,5.315137428818440535e-01,6.447075933158801231e-01,8.295843017511779216e-01,-6.740463390459818793e-01,-2.288800132429365600e-02,7.365682221331570911e-01,3.654651370489361284e-01,-5.880962862504052202e-01,-2.784139285089839433e-01,-6.518779966810915871e-01,-1.230037180739242397e-01,-8.166240168257011822e-01,6.075117382439171321e-01,5.151417422845812055e-01
3.288784041143500425e-01,9.461981956545091610e-02,4.252067550118112105e-01,-1.394283202989357040e-01,3.925755642832581271e-01,-7.254113630213476771e-02,-2.678609497179988974e-01,-4.555909702947303908e-01,4.732588746759893161e-01,2.559710661802285236e-01,3.970873710481276353e-01,3.337115213051144447e-01,-2.066417401592836878e-01,4.545186937064301103e-01,2.578114604081557237e-01,5.344325169453238988e-01,1.292146044014795270e-01,2.815055825507500331e-01,4.488998247407550712e-01,2.344634964883981487e-01,2.169087637572489624e-01,1.885212402514518659e-01,1.000000000000000000e+00,5.206252177156245331e-01,2.989425251042356901e-01,5.894362494018418053e-01,2.794100617001239462e-01,2.656471529749122040e-01,-8.025962060070722034e-03,5.243292186383888831e-01,2.344381648896318449e-01,4.020554718759777879e-01,2.487004509482416692e-01,2.889273856620853120e-01,1.530255866677355386e-02,1.195751319176349414e-01,-6.489316309212446454e-02,4.404878510023416682e-01,3.741187689845934528e-01
4.130762673316157874e-01,4.042382556561934792e-01,-5.987972504819390890e-02,2.993962602937092488e-01,5.991324436411776810e-01,3.896777471687074557e-01,-1.489332159519962673e-01,1.546021911031157832e-02,5.010398742266249927e-01,5.549770571234916572e-01,3.837045870633065681e-01,1.641917627437524951e-01,1.319850938941151963e-01,7.243002890833921681e-01,2.082897285890507599e-01,3.563932668176828522e-01,4.390307788377771914e-01,4.410518625470177811e-01,-4.443535111276695343e-02,-2.777941551746751503e-01,-2.933732718725819977e-01,-2.804878433061174237e-01,5.206252177156245331e-01,1.000000000000000000e+00,5.859889441478592920e-01,2.212737280445074284e-01,-9.241955669812577934e-02,-2.422484186120647531e-01,4.320016093712986671e-01,5.049494574591761875e-01,-2.179888587694888691e-01,2.176912575925996907e-01,6.137686980297120121e-01,5.325173454622331715e-01,4.339871772177381071e-01,3.471564050735204132e-01,4.461291745113520890e-01,3.011556978778985594e-02,4.662978294124452833e-02
4.764128931391908850e-01,3.737376466302682609e-01,-4.520753019333091371e-01,6.793847482374515412e-01,6.737311052526623323e-01,8.107638812473446643e-01,1.976064633156037198e-01,4.082232938645755094e-01,2.635691718184501875e-01,8.061173474420613161e-01,2.275733207650754986e-01,-2.749524407457475950e-01,5.154647921156244594e-01,6.517773832616844398e-01,7.581706506987956340e-02,2.485386512773074819e-01,5.975607379014129528e-01,6.755760270485957619e-01,-3.554163541642363922e-01,-6.234064396660450313e-01,-6.541139588058764165e-01,-6.112225864180029777e-01,2.989425251042356901e-01,5.859889441478592920e-01,1.000000000000000000e+00,-7.067360289153461206e-02,-5.648418196175246653e-01,-5.965179848426394038e-01,7.811591068059802190e-01,5.295920198494086240e-01,-6.544351375933973314e-01,-3.359197477194646453e-01,8.480016044116110985e-01,4.268074244691145713e-01,7.512006752210552696e-01,2.416616935246858333e-01,7.456278537213663071e-01,-2.599443347389223113e-01,-4.088557323338807836e-01
2.784447725452524058e-01,-7.059552147741518513e-02,6.646940461615397089e-01,-5.489711124251968055e-01,1.817111776535945689e-01,-4.244886150209395970e-01,-4.909034679962542280e-01,-6.726117240323610247e-01,4.438868894610527027e-01,-6.153044028711398411e-02,3.651006566421641231e-01,5.115777757757592470e-01,-3.928085610158610907e-01,2.701193474946619877e-01,5.751101341066754413e-01,4.490959221677593427e-01,7.421235980270431132e-02,5.553249416467952171e-02,6.404452352570263463e-01,4.663275582934096608e-01,5.699670300048667038e-01,5.315137428818440535e-01,5.894362494018418053e-01,2.212737280445074284e-01,-7.067360289153461206e-02,1.000000000000000000e+00,5.764708370937714488e-01,6.439590404162983672e-01,-1.932913985727070794e-01,3.689472895175509581e-01,4.666265475281322073e-01,4.312014796418375817e-01,-6.839501743715541149e-02,1.617227293126705934e-01,-2.656532436092792770e-01,2.179466950661114177e-01,-3.939790378710112950e-01,8.061330891961773215e-01,5.242992377368406176e-01
-2.585115114507062217e-01,-2.764894909497592201e-01,7.076092635091715266e-01,-7.039293910926998077e-01,-3.186203770312445172e-01,-7.082209537084290796e-01,-5.582898312818840303e-01,-6.895212420033579592e-01,1.064803158417549078e-01,-4.836256980114176929e-01,1.932589418295279082e-01,6.813827830418619502e-01,-6.854231052104401423e-01,-2.121692891130287084e-01,1.891691085228395519e-01,4.727752846856796490e-03,-3.534538382004794865e-01,-3.854321739357775001e-01,6.268899153435368854e-01,7.218852358025188432e-01,7.133082783743246447e-01,6.447075933158801231e-01,2.794100617001239462e-01,-9.241955669812577934e-02,-5.648418196175246653e-01,5.764708370937714488e-01,1.000000000000000000e+00,7.365503065982753617e-01,-6.839352068347320790e-01,-2.418175404332467693e-01,8.220813169326810499e-01,7.537849582352151856e-01,-4.454868665139846695e-01,-1.285407046116215646e-01,-5.691276132583715786e-01,-1.289457191122985458e-01,-6.160889102614219848e-01,5.637172859882660925e-01,7.725533878724955006e-01
-1.149466688081416527e-01,-3.481936039278423767e-01,8.627861214282926960e-01,-8.387031474430528544e-01,-3.638843456268344156e-01,-8.217272817774660121e-01,-2.775787572122395686e-01,-8.343028803543444116e-01,1.285750982193587834e-02,-5.770169392560368093e-01,1.165595443068159764e-01,3.541645256570989941e-01,-6.656581125029586987e-01,-2.970462849524497795e-01,1.274524153551153949e-01,1.239557210072670529e-01,-3.807534072783805845e-01,-4.592793115484371524e-01,7.420694630715819473e-01,7.928501765956823544e-01,9.028822039282842216e-01,8.295843017511779216e-01,2.656471529749122040e-01,-2.422484186120647531e-01,-5.965179848426394038e-01,6.439590404162983672e-01,7.365503065982753617e-01,1.000000000000000000e+00,-7.001955142834195289e-01,-5.029232232034707567e-02,8.232435907212843906e-01,4.754859206958059747e-01,-5.636787605862523254e-01,-2.976925624729483966e-01,-6.965543820325881263e-01,-1.283016913787154711e-01,-8.146992744714849355e-01,6.265306212706848177e-01,5.339481519380848695e-01
5.647841380962166369e-01,5.317284240553639130e-01,-6.389386592945607291e-01,6.923752063058296047e-01,5.841569567759904436e-01,8.086274375815837301e-01,2.012599768767630859e-01,6.039416922341125371e-01,2.614062500513152920e-01,7.629613030262061280e-01,1.692506675754048562e-01,-3.513682855655483328e-01,5.689637641567470983e-01,5.900806491570762535e-01,1.850061052925958405e-01,1.835433282796010146e-01,7.178854181377002375e-01,5.813727238175400158e-01,-5.354571383207299418e-01,-7.619413277496518422e-01,-7.327057957545995981e-01,-6.740463390459818793e-01,-8.025962060070722034e-03,4.320016093712986671e-01,7.811591068059802190e-01,-1.932913985727070794e-01,-6.839352068347320790e-01,-7.001955142834195289e-01,1.000000000000000000e+00,4.352602987191895867e-01,-7.879827919044165574e-01,-4.744612383740918204e-01,7.138854950375673747e-01,4.107424717947184556e-01,7.800548598150688351e-01,4.306636353052299970e-01,8.050767097639509595e-01,-3.298755852413496892e-01,-5.586408266844413717e-01
6.579480856629891239e-01,3.880626667190674728e-01,1.177447588146826457e-01,1.493108283702642980e-01,6.431458448195817024e-01,2.220135212505728040e-01,1.994290751427775857e-02,-1.480349731272689318e-01,6.220893819575501471e-01,5.676381311374705252e-01,2.858632603197359123e-01,-7.679512775031120675e-02,1.770724672835835289e-01,6.284476296223460157e-01,2.612242108744557978e-01,7.300809595047975664e-01,3.547065564394241699e-01,3.408377177189043095e-01,1.293301764708751633e-01,-1.669674589604788206e-01,-6.648837652773428863e-02,-2.288800132429365600e-02,5.243292186383888831e-01,5.049494574591761875e-01,5.295920198494086240e-01,3.689472895175509581e-01,-2.418175404332467693e-01,-5.029232232034707567e-02,4.352602987191895867e-01,1.000000000000000000e+00,-2.562138075048670527e-01,-1.623064734379791874e-01,3.981667024828324797e-01,5.140498343413476556e-01,3.135385921858410696e-01,4.481592658881037305e-01,1.998806462385706861e-01,2.597225897654500404e-01,-4.324577371359425437e-02
-2.682930411671169413e-01,-3.386683795943317143e-01,8.038997208212455003e-01,-7.280316550938223941e-01,-4.286408111683869260e-01,-7.856999253028734698e-01,-2.954200939711462692e-01,-7.789923672603931148e-01,-8.051439907841305421e-02,-5.992713767640521771e-01,5.252089025794953736e-02,4.555343322889965907e-01,-8.067779791452193150e-01,-3.611774750924736654e-01,-4.360531459903086576e-02,6.452713987385199322e-03,-4.809614436547867133e-01,-4.594822869775858076e-01,7.080544514701820891e-01,7.905718750938854900e-01,8.133742258810439107e-01,7.365682221331570911e-01,2.344381648896318449e-01,-2.179888587694888691e-01,-6.544351375933973314e-01,4.666265475281322073e-01,8.220813169326810499e-01,8.232435907212843906e-01,-7.879827919044165574e-01,-2.562138075048670527e-01,1.000000000000000000e+00,6.565857744412422203e-01,-5.598433472783813647e-01,-3.421122786127314130e-01,-6.812387807654869398e-01,-2.153733653972919604e-01,-7.270516157256800005e-01,4.458791914536230361e-01,6.111795613665971239e-01
-1.271482061915738815e-01,1.518688385633482074e-02,5.261102463442443034e-01,-4.441558721954977917e-01,-1.206519885124035796e-01,-4.401320925148912155e-01,-4.828912452599748995e-01,-5.386451201206362560e-01,1.933379728296250322e-01,-2.867444459916408395e-01,3.523241114244689554e-01,6.132738024149951839e-01,-5.636665648623666591e-01,3.442224241738684604e-02,9.682768855581762313e-02,-9.866938217081200682e-03,-1.598824902341728638e-01,-2.501498873474069518e-01,4.318267790836388675e-01,4.967588326869185611e-01,4.492996275850551502e-01,3.654651370489361284e-01,4.020554718759777879e-01,2.176912575925996907e-01,-3.359197477194646453e-01,4.312014796418375817e-01,7.537849582352151856e-01,4.754859206958059747e-01,-4.744612383740918204e-01,-1.623064734379791874e-01,6.565857744412422203e-01,1.000000000000000000e+00,-1.967917033672530458e-01,-1.795453045166700264e-03,-3.413353443520537600e-01,-8.141257068438713385e-02,-3.253754533833673745e-01,2.933891392239754703e-01,5.822184485933016296e-01
3.326722756893954469e-01,2.935785048847600609e-01,-4.253565103676559822e-01,6.168348224840262128e-01,5.895632595030945167e-01,7.988535784407440055e-01,9.422588400570085232e-02,3.860807429371401756e-01,2.250261963660976916e-01,7.683436382275284915e-01,3.262423148415038443e-01,-1.879493707126508595e-01,4.046997549002325778e-01,6.248865101334856176e-01,3.272693434282564207e-02,1.587816858436241485e-01,6.340347374680460613e-01,5.905047095093212128e-01,-3.895225912245446342e-01,-5.958373613867324892e-01,-6.373687781497333615e-01,-5.880962862504052202e-01,2.487004509482416692e-01,6.137686980297120121e-01,8.480016044116110985e-01,-6.839501743715541149e-02,-4.454868665139846695e-01,-5.636787605862523254e-01,7.138854950375673747e-01,3.981667024828324797e-01,-5.598433472783813647e-01,-1.967917033672530458e-01,1.000000000000000000e+00,4.224139868320102020e-01,7.700912421888852499e-01,1.676910070568851663e-01,7.782915321859277258e-01,-2.901989045781664944e-01,-3.397390894288738195e-01
3.634377289735511996e-01,4.097851759337360344e-01,-1.604624184956078281e-01,2.349673687338262318e-01,6.914060351030418827e-01,2.886937675754269184e-01,-3.404814658918624004e-01,1.211542777586039066e-01,7.375547965492962321e-01,5.547575707754082153e-01,1.610741995794789938e-01,2.505788152659310097e-01,2.087443833863094900e-01,6.179380226036803592e-01,3.572445593082259618e-01,4.907982670186955554e-01,2.971302826926587315e-01,2.372576561854694843e-01,-1.892667704568118947e-01,-3.001484415489834023e-01,-3.180376009904928858e-01,-2.784139285089839433e-01,2.889273856620853120e-01,5.325173454622331715e-01,4.268074244691145713e-01,1.617227293126705934e-01,-1.285407046116215646e-01,-2.976925624729483966e-01,4.107424717947184556e-01,5.140498343413476556e-01,-3.421122786127314130e-01,-1.795453045166700264e-03,4.224139868320102020e-01,1.000000000000000000e+00,3.648545739948070854e-01,3.744354044737654430e-01,3.810461082817845901e-01,1.604214692977329604e-01,1.694051243915601634e-01
3.356017220583741301e-01,3.648448998100193297e-01,-5.989404943472927956e-01,7.027021023107599129e-01,5.456938019947983332e-01,8.224002923190025793e-01,2.417942939825219739e-01,5.746287807925541946e-01,1.755534242865628980e-01,7.533520501395776225e-01,2.352445168099878137e-01,-3.053560114028396333e-01,5.033505088825138696e-01,4.988005580509423109e-01,1.044256761825705128e-02,1.267183927338807192e-01,6.369452007403121341e-01,5.537708015232696290e-01,-4.845274482213388634e-01,-7.142964622934830921e-01,-7.105142863715364632e-01,-6.518779966810915871e-01,1.530255866677355386e-02,4.339871772177381071e-01,7.512006752210552696e-01,-2.656532436092792770e-01,-5.691276132583715786e-01,-6.965543820325881263e-01,7.800548598150688351e-01,3.135385921858410696e-01,-6.812387807654869398e-01,-3.413353443520537600e-01,7.700912421888852499e-01,3.648545739948070854e-01,1.000000000000000000e+00,2.277564515520490995e-01,8.173688503711639131e-01,-4.142754390161868527e-01,-4.556596993177683408e-01
5.587222765287880311e-01,5.080099494644096936e-01,-6.529518283116760025e-02,1.310343205189259952e-01,4.338750457605732858e-01,1.472758635428997598e-01,-9.779111101628137903e-02,4.173489645535519849e-02,4.257865844944158096e-01,3.554922494197572669e-01,1.460003232798358641e-01,8.596484130748505148e-02,1.275508742417881813e-01,6.062897098659986161e-01,3.840697807516619267e-01,4.302608212759914119e-01,3.797484106410257132e-01,1.508677926177921513e-01,-4.861990906376661981e-02,-2.052586686790150439e-01,-1.287622618271760666e-01,-1.230037180739242397e-01,1.195751319176349414e-01,3.471564050735204132e-01,2.416616935246858333e-01,2.179466950661114177e-01,-1.289457191122985458e-01,-1.283016913787154711e-01,4.306636353052299970e-01,4.481592658881037305e-01,-2.153733653972919604e-01,-8.141257068438713385e-02,1.676910070568851663e-01,3.744354044737654430e-01,2.277564515520490995e-01,1.000000000000000000e+00,2.333622804563688091e-01,1.571266906948051989e-01,-4.268086644625565529e-02
3.328032839443212931e-01,4.487296397540224691e-01,-7.147408308620861739e-01,8.097965155605691967e-01,5.082873472785213176e-01,8.806358509667199241e-01,1.838451558944909636e-01,6.720060039381328121e-01,1.269790065835068593e-01,7.360838490300893877e-01,9.034410503330565778e-02,-2.887647845219420417e-01,5.224692196288833745e-01,5.027311949806447799e-01,-4.001810664004514656e-02,4.880761843874456676e-05,6.238956412529080842e-01,5.417429067586218006e-01,-6.467707584732468318e-01,-7.730522985511117939e-01,-8.519544732441738377e-01,-8.166240168257011822e-01,-6.489316309212446454e-02,4.461291745113520890e-01,7.456278537213663071e-01,-3.939790378710112950e-01,-6.160889102614219848e-01,-8.146992744714849355e-01,8.050767097639509595e-01,1.998806462385706861e-01,-7.270516157256800005e-01,-3.253754533833673745e-01,7.782915321859277258e-01,3.810461082817845901e-01,8.173688503711639131e-01,2.333622804563688091e-01,1.000000000000000000e+00,-5.346498619909753058e-01,-4.867886399407724829e-01
5.058918870329846135e-02,-2.576461444501579878e-01,6.136818199597072754e-01,-6.076813561915218598e-01,7.624157802363812353e-02,-5.637094933926536378e-01,-5.616922869899854120e-01,-6.039562720153500708e-01,3.915539245647521316e-01,-2.378477432922595225e-01,1.530553605498968517e-01,5.844997862104791553e-01,-3.240189555230122420e-01,5.205454575797500288e-02,6.074110727937184206e-01,4.065522833637970068e-01,-1.485939863704340835e-01,-1.493122896480479633e-02,6.485160578665983833e-01,5.152754130626133744e-01,6.033508756564448516e-01,6.075117382439171321e-01,4.404878510023416682e-01,3.011556978778985594e-02,-2.599443347389223113e-01,8.061330891961773215e-01,5.637172859882660925e-01,6.265306212706848177e-01,-3.298755852413496892e-01,2.597225897654500404e-01,4.458791914536230361e-01,2.933891392239754703e-01,-2.901989045781664944e-01,1.604214692977329604e-01,-4.142754390161868527e-01,1.571266906948051989e-01,-5.346498619909753058e-01,1.000000000000000000e+00,6.642143661836708013e-01
-2.384383641068290316e-01,-2.617311801503330870e-01,5.612717151486410483e-01,-5.282536052981742225e-01,-8.032745870742236116e-02,-5.930917033552693951e-01,-6.599573021484842483e-01,-5.496527373363322422e-01,3.143323684902470938e-01,-2.986782997698624875e-01,1.012501389019776071e-01,7.738958710532393148e-01,-4.885709728818362074e-01,-8.257996862114642955e-02,2.834513578114055687e-01,2.003969361840506613e-01,-3.559415555778268070e-01,-1.974194678790772428e-01,5.655951974945875316e-01,5.709149740694865471e-01,5.322380802587696191e-01,5.151417422845812055e-01,3.741187689845934528e-01,4.662978294124452833e-02,-4.088557323338807836e-01,5.242992377368406176e-01,7.725533878724955006e-01,5.339481519380848695e-01,-5.586408266844413717e-01,-4.324577371359425437e-02,6.111795613665971239e-01,5.822184485933016296e-01,-3.397390894288738195e-01,1.694051243915601634e-01,-4.556596993177683408e-01,-4.268086644625565529e-02,-4.867886399407724829e-01,6.642143661836708013e-01,1.000000000000000000e+00
