1.000000000000000000e+00,2.680329317551157220e-01,1.760894116920487806e-01,-3.271259470745498943e-01,1.437534574630126016e-01,-1.390390074201444150e-02,-2.708044577850133861e-01,-4.291385320861810238e-01,1.013180146694759171e-01,5.214586939587408099e-02,2.847000812381405566e-01,-1.808041721109107935e-01,-3.003673419301309822e-01,2.295766977601918293e-02,3.272643450260217385e-02,-5.263661336269109120e-02,1.637197033936471646e-01,-1.105103578885905935e-01,8.295352331501666676e-02,-2.893490318396553795e-01,-3.205885757623638810e-01,-2.914758894148442581e-01,-9.825929762047656921e-04,2.292131598338462695e-01,6.909541775663803100e-03,2.133243464211148077e-01,6.998713266275986833e-02,-1.112795261923363865e-01,1.077540197388407034e-01,-5.147530813164414437e-02,2.099975637044940446e-01,5.228393902846058261e-02,2.171986529179582570e-01,3.987041545718258972e-02,2.358972865956659726e-01,8.662086740664243223e-02,-8.421248511808375470e-02,4.642115136933566144e-01,6.620606041559225219e-02
2.680329317551157220e-01,1.000000000000000000e+00,3.533721568807157709e-01,-3.382705024962299328e-02,-3.687908490542374240e-02,3.519578951601191608e-01,1.150922750622348084e-01,-1.909922741254083400e-01,1.505971339775761808e-01,2.829402171234405294e-01,-3.467938002700504674e-02,3.341515740994018824e-01,1.632649868252735448e-01,-2.887776291335296744e-02,1.668046668824031964e-01,3.107149805781583840e-01,1.721332964756984441e-01,2.204266063898874806e-01,2.212573711062696888e-02,1.704674519698081148e-01,-2.407276396178258462e-03,1.776968470698748193e-01,3.114585719335116187e-01,6.212398102869396560e-02,3.584149358294457244e-01,5.713739581372768300e-02,1.386291105770596221e-01,3.423531910453034288e-01,4.430452929548638341e-01,1.310612745864527529e-01,5.059513749771612362e-02,5.452778450667590260e-01,1.326845300924908988e-01,1.377204593387399145e-01,2.059512408523427041e-01,1.306407494821146820e-01,4.128483759589264279e-01,3.759533633759406385e-02,3.595816307163039460e-01
1.760894116920487806e-01,3.533721568807157709e-01,1.000000000000000000e+00,1.795128883824954613e-01,3.550478230495129339e-01,1.972724599900780307e-01,1.439295464707297800e-01,-3.726840569241612333e-01,5.002532635935187377e-01,2.747855838626331870e-01,-1.089709589779562643e-01,5.252857853379920838e-01,1.562019950427016857e-01,9.233493933013969812e-02,4.566395166140002626e-01,3.285938099130172318e-01,2.738955246653095310e-01,5.729580154195592634e-01,6.230929435845399267e-01,1.716676574946075229e-01,1.299040386530090907e-01,2.582091886166891226e-01,2.665237585217213878e-01,-9.492771783949831288e-02,3.062566836661677616e-01,5.939357796115325439e-01,5.590473216125756428e-01,5.554131258879506650e-01,4.927267561715643618e-01,3.008532517004089968e-01,3.388575470727505090e-01,3.881761289452837493e-01,-1.281877436081642063e-01,7.080762084482381535e-01,1.205461920070112769e-01,3.132307024609644608e-01,3.763950874770414234e-01,9.253262714621802651e-03,2.017889327062898919e-01
-3.271259470745498943e-01,-3.382705024962299328e-02,1.795128883824954613e-01,1.000000000000000000e+00,1.896409369728276617e-01,3.190074609986627840e-01,6.751815443376898429e-01,3.393560944757931241e-01,-2.878084491372244480e-02,-1.312971602654363079e-01,-4.751859753512492901e-01,4.710202233590570775e-01,6.097163878705862405e-01,-2.113047573627293008e-01,4.345861971871578522e-02,2.158400520657961091e-02,1.325904750480391414e-01,2.422990480443766026e-01,5.958107097139347247e-02,6.232300524173586265e-01,3.226822357478184022e-01,5.942585445112150699e-01,-1.083652486610968413e-01,-2.752135845323009367e-01,-6.535935536572835824e-02,-7.944744092606077432e-03,-3.481940387749844074e-02,4.298924994561966195e-01,2.767561912232884280e-01,8.595622429227621486e-02,-2.565330669505366812e-01,2.015029397356714602e-01,-3.213933091604141978e-01,1.623027095496721306e-01,-1.677615933310407093e-01,-5.179068564574327432e-02,4.291679657427107664e-01,-1.832763232699491651e-01,-4.948693051142225713e-02
1.437534574630126016e-01,-3.687908490542374240e-02,3.550478230495129339e-01,1.896409369728276617e-01,1.000000000000000000e+00,-3.472861567016452544e-02,1.524768641893598786e-01,-2.055924749730290435e-01,1.828411328758506871e-01,-1.013868524078702787e-01,9.671538926330756902e-02,3.525269172720433414e-02,-7.181439779695840409e-02,1.330252899915078946e-01,-6.085085447685623788e-02,-7.561203388227470679e-02,3.685438759182686486e-01,1.434070066535048094e-01,5.987096291581804897e-01,-3.726892121287534582e-02,7.319092319001875568e-02,4.873535740935915073e-02,5.335976807389489901e-02,-8.540424551517082630e-02,-7.800892485721723502e-02,2.204031486067387358e-01,3.194812350512969412e-01,-5.681083263212060447e-02,6.042615962985199707e-02,-3.787559715386688928e-03,1.248490047878742099e-01,-6.561932014547110226e-02,-2.492449965092709274e-01,3.915197816687273069e-01,2.988511903253387308e-02,2.498154410279830873e-01,-6.570620954879175836e-03,2.650375392900073401e-01,1.301579626541381762e-01
-1.390390074201444150e-02,3.519578951601191608e-01,1.972724599900780307e-01,3.190074609986627840e-01,-3.472861567016452544e-02,1.000000000000000000e+00,4.303402230343213453e-01,2.324141833268685287e-01,6.267869846318725735e-02,1.269161797366006872e-01,-4.750688964775031664e-01,4.944704452150108231e-01,6.249518996670521132e-01,-4.500849286935166282e-01,2.996123076693067433e-01,2.884941436611682675e-01,2.616756683348855361e-01,2.803521729217275937e-01,-8.651204973727290651e-03,5.870997670376871813e-01,1.878219786965073523e-01,5.565079486841186807e-01,6.693527228666797113e-02,-5.100960775422255233e-01,2.634704860313706876e-01,-8.747949682173768171e-02,-1.470570326679940809e-01,5.249931725878618227e-01,4.566684821017083507e-01,1.064960380645087606e-01,-3.194057442162688831e-01,5.440607904100364101e-01,-1.338471618222624171e-01,1.251121538270490441e-01,1.732557333062798854e-01,1.957250646214949708e-01,6.162766566262335433e-01,-2.494623953340248043e-02,1.680183302241241572e-01
-2.708044577850133861e-01,1.150922750622348084e-01,1.439295464707297800e-01,6.751815443376898429e-01,1.524768641893598786e-01,4.303402230343213453e-01,1.000000000000000000e+00,3.789078269480425920e-01,2.671257128925996847e-03,1.762851086315635890e-02,-4.911402705484518294e-01,4.258199435436762492e-01,6.041161794962208731e-01,-2.494857321672373507e-01,1.100192165681199014e-01,1.454987306238675615e-01,2.042724722427010642e-01,2.299422365378885891e-01,6.101151103275906373e-02,6.823178601805612864e-01,3.724472660345884978e-01,6.390434917150084049e-01,1.511835008707746453e-01,-2.894419950648124407e-01,2.891083862505083868e-03,-1.598585695950617835e-01,-2.075724292167957855e-02,4.052955929848887640e-01,2.886888664884544875e-01,3.210442793769904130e-02,-2.303478673050067260e-01,2.275212533343860255e-01,-2.364754446336923555e-01,1.250773219173444417e-01,-2.589329650484636924e-02,-1.645987544597089791e-02,4.105363969585971717e-01,-1.242231250505874407e-01,1.227010031708543336e-01
-4.291385320861810238e-01,-1.909922741254083400e-01,-3.726840569241612333e-01,3.393560944757931241e-01,-2.055924749730290435e-01,2.324141833268685287e-01,3.789078269480425920e-01,1.000000000000000000e+00,-8.871187124199718388e-02,9.532010177410694951e-02,-5.313796222083496668e-01,2.962628433924955340e-01,5.662813859606671274e-01,-1.364549091255641555e-01,2.216497417270129056e-01,1.620085342905147052e-01,-6.038580620441032915e-02,-4.546210427733700377e-02,-3.225169020031884437e-01,5.726622497365425613e-01,5.506828951730527999e-01,6.017254723161949981e-01,-2.724133055538341397e-02,-3.315159282965906562e-01,1.176879350265073454e-01,-3.309960559232942856e-01,-4.095900418979857016e-01,2.594952663272497850e-01,4.064446431904294305e-02,1.415084731432691423e-01,-4.652409566889066928e-01,3.325113866211990704e-02,-3.387023726574616145e-01,-1.535144134731978444e-02,-1.755378869052574009e-01,-2.618742816150665953e-01,2.535652835918760784e-01,6.825125129048288664e-02,1.622987263715011327e-02
1.013180146694759171e-01,1.505971339775761808e-01,5.002532635935187377e-01,-2.878084491372244480e-02,1.828411328758506871e-01,6.267869846318725735e-02,2.671257128925996847e-03,-8.871187124199718388e-02,1.000000000000000000e+00,4.512697314313502961e-01,-1.795459128555030870e-01,4.148791276902016878e-01,4.703354548334061358e-02,3.089264760354325512e-01,5.418827104844735620e-01,4.492882774898577236e-01,8.917692360849232072e-03,5.303866945525681498e-01,4.042934116296805214e-01,1.018003581094921450e-01,1.937240896879716956e-01,1.941130481600123747e-01,3.263712161524606747e-01,-2.340331998977586078e-02,3.058723505058416059e-01,5.271924152581765055e-01,3.420258013593311386e-01,3.535810295611193088e-01,3.447761047632212361e-01,4.447963583519038422e-01,2.979885825431050073e-01,2.086964253074429509e-01,8.589973521834530501e-02,6.159165877845620418e-01,-7.751650773975853059e-02,4.297438767221725131e-01,1.705764333410865752e-01,1.994402172400490947e-01,3.750634011314862293e-01
5.214586939587408099e-02,2.829402171234405294e-01,2.747855838626331870e-01,-1.312971602654363079e-01,-1.013868524078702787e-01,1.269161797366006872e-01,1.762851086315635890e-02,9.532010177410694951e-02,4.512697314313502961e-01,1.000000000000000000e+00,-2.276156125693859500e-01,3.729445150875698722e-01,5.963879387263742310e-02,1.163305498222394208e-01,5.344208547647698593e-01,7.559656923103165171e-01,-8.873547627440363239e-02,3.466259510945747802e-01,1.923495301154993509e-01,1.625076667147050957e-01,2.731860815867614978e-01,2.580640664378528459e-01,3.438828436924263876e-01,-1.452827151308809794e-01,3.339722773158363411e-01,2.401052056444035188e-01,1.361769063740355667e-01,3.622410469623602580e-01,1.820693227788210689e-01,3.694431761795052283e-01,1.480855643445310454e-01,2.651824511843429155e-01,1.282525051722711029e-01,3.746230196433819049e-01,3.762543690092672033e-02,2.980234833589512355e-01,1.961991363470746430e-01,1.485121481591069881e-01,3.061490930374347608e-01
2.847000812381405566e-01,-3.467938002700504674e-02,-1.089709589779562643e-01,-4.751859753512492901e-01,9.671538926330756902e-02,-4.750688964775031664e-01,-4.911402705484518294e-01,-5.313796222083496668e-01,-1.795459128555030870e-01,-2.276156125693859500e-01,1.000000000000000000e+00,-6.267236146399723928e-01,-6.561241531194308418e-01,2.529422126596614917e-01,-3.746430175213323333e-01,-3.822103352266302267e-01,1.687863642734107050e-01,-4.221343812010998620e-01,7.883194757909344277e-03,-7.486109241784036916e-01,-3.356291795810492085e-01,-6.910245900070335345e-01,-1.218301056923905418e-01,3.874393397102360859e-01,-2.764500847763695646e-01,8.358609209649658922e-02,1.562647233802817726e-01,-5.599891362662775540e-01,-3.339095768909369766e-01,-4.009273422034674295e-01,1.549368401155930552e-01,-3.115044801922495776e-01,3.068204549556962854e-02,-2.919362363677629468e-01,6.493847482992332054e-02,3.539164711627115767e-02,-4.723812009682160640e-01,1.939487800473395085e-01,-4.508066536928619084e-02
-1.808041721109107935e-01,3.341515740994018824e-01,5.252857853379920838e-01,4.710202233590570775e-01,3.525269172720433414e-02,4.944704452150108231e-01,4.258199435436762492e-01,2.962628433924955340e-01,4.148791276902016878e-01,3.729445150875698722e-01,-6.267236146399723928e-01,1.000000000000000000e+00,6.341455354469223149e-01,-8.701436205987633787e-02,6.360125773955426220e-01,5.093155191174706387e-01,7.427481822822862290e-02,6.525205665234601327e-01,2.499201858337090076e-01,6.541941918561695601e-01,4.755672351024485267e-01,7.288706597348695304e-01,2.716615749825370685e-01,-3.058823708275526521e-01,4.142739408161716930e-01,1.907577627631759365e-01,1.036365876745290460e-01,7.837242733519100835e-01,5.858964765842689104e-01,4.689800974661212374e-01,-1.364094984538397580e-02,5.947172296925296031e-01,-1.895615863603151985e-01,6.020514318024156042e-01,-7.596241276083073868e-02,1.913242142030092408e-01,6.570206884532477920e-01,-9.280054456211914160e-02,2.116808845877125866e-01
-3.003673419301309822e-01,1.632649868252735448e-01,1.562019950427016857e-01,6.097163878705862405e-01,-7.181439779695840409e-02,6.249518996670521132e-01,6.041161794962208731e-01,5.662813859606671274e-01,4.703354548334061358e-02,5.963879387263742310e-02,-6.561241531194308418e-01,6.341455354469223149e-01,1.000000000000000000e+00,-2.892340686845041309e-01,3.398426434262733498e-01,2.514954158232110548e-01,1.740486955634362454e-01,3.119333147329709788e-01,-9.042013394140541171e-02,7.901048109514507978e-01,4.349128405911211193e-01,7.913705500128337400e-01,4.244593342006439118e-02,-4.253051475965022310e-01,2.191201545711403964e-01,-9.528393574056438775e-02,-1.814330460707782866e-01,6.373218619962500719e-01,4.479853946754880356e-01,1.883254416926341268e-01,-4.192796378479758945e-01,4.259721697253998629e-01,-3.499213022575954346e-01,2.184221281907853529e-01,-1.797838926315800667e-02,-8.850159779371746804e-02,6.561572246960339916e-01,-9.957135100700813257e-02,7.530679718785689147e-02
2.295766977601918293e-02,-2.887776291335296744e-02,9.233493933013969812e-02,-2.113047573627293008e-01,1.330252899915078946e-01,-4.500849286935166282e-01,-2.494857321672373507e-01,-1.364549091255641555e-01,3.089264760354325512e-01,1.163305498222394208e-01,2.529422126596614917e-01,-8.701436205987633787e-02,-2.892340686845041309e-01,1.000000000000000000e+00,-1.044764284545513303e-02,-1.637574325282128984e-02,9.522092836423906928e-03,3.816087893276701865e-02,1.103352788255454464e-01,-2.790840758571201397e-01,6.764216133237163642e-02,-2.004872329575356216e-01,2.071743994739734251e-01,5.124265687808244873e-01,1.036654470792759686e-01,2.226099924219274995e-01,2.760531983230407604e-01,-1.292685975098835649e-01,-1.004591635582159498e-01,1.660068970042525294e-01,2.926742510493783866e-01,-1.059859896380281330e-01,3.169334320713824288e-02,1.069025650026520086e-01,-1.945416385534826653e-01,-7.298321116033192578e-03,-2.363809400885012457e-01,1.497820701509850194e-01,1.386836077700497050e-01
3.272643450260217385e-02,1.668046668824031964e-01,4.566395166140002626e-01,4.345861971871578522e-02,-6.085085447685623788e-02,2.996123076693067433e-01,1.100192165681199014e-01,2.216497417270129056e-01,5.418827104844735620e-01,5.344208547647698593e-01,-3.746430175213323333e-01,6.360125773955426220e-01,3.398426434262733498e-01,-1.044764284545513303e-02,1.000000000000000000e+00,5.437342946220836692e-01,1.649145498528004419e-02,5.258046460800421817e-01,3.144280160657128564e-01,3.142597457291492757e-01,3.914988077277928857e-01,4.654561029897319457e-01,2.727268154401031319e-01,-2.221039402531914397e-01,4.055147710573855369e-01,3.449772549473037464e-01,1.422112064870451227e-02,6.174465957338616251e-01,4.738458388346751815e-01,4.389526947993913630e-01,2.386382734793112033e-03,3.641511515991082693e-01,-1.844214112875089129e-01,6.291669838976282625e-01,-8.834515086908982517e-02,2.907174681921630977e-01,4.482597552609625668e-01,2.321430548188823106e-01,2.652453726768085329e-01
-5.263661336269109120e-02,3.107149805781583840e-01,3.285938099130172318e-01,2.158400520657961091e-02,-7.561203388227470679e-02,2.884941436611682675e-01,1.454987306238675615e-01,1.620085342905147052e-01,4.492882774898577236e-01,7.559656923103165171e-01,-3.822103352266302267e-01,5.093155191174706387e-01,2.514954158232110548e-01,-1.637574325282128984e-02,5.437342946220836692e-01,1.000000000000000000e+00,-9.242560334690047563e-02,4.810955303082086187e-01,2.508752838425357679e-01,3.479729002132398441e-01,3.073296762214294264e-01,4.062229631626601556e-01,3.827519775472080776e-01,-2.532925626809773845e-01,4.491591496955006368e-01,2.440320458327752962e-01,1.432357594763466746e-01,5.013964986221410847e-01,3.141267982564452943e-01,4.248439496848289143e-01,6.585454404440956033e-02,4.059759224032857827e-01,1.782422487926100529e-01,4.185529172085546423e-01,5.744911837462233356e-02,3.230249734744785051e-01,3.774223944241186790e-01,2.562634838485036010e-02,3.499481049497631946e-01
1.637197033936471646e-01,1.721332964756984441e-01,2.738955246653095310e-01,1.325904750480391414e-01,3.685438759182686486e-01,2.616756683348855361e-01,2.042724722427010642e-01,-6.038580620441032915e-02,8.917692360849232072e-03,-8.873547627440363239e-02,1.687863642734107050e-01,7.427481822822862290e-02,1.740486955634362454e-01,9.522092836423906928e-03,1.649145498528004419e-02,-9.242560334690047563e-02,1.000000000000000000e+00,-3.857300129402890798e-02,1.429043173913014664e-01,1.239197848645650218e-01,1.404029784843330020e-01,2.266982859890241675e-01,6.004385092666025131e-03,-5.797518696723830828e-02,1.999689706395750555e-02,3.020666162406797015e-02,1.326873488051052707e-01,1.700517780880270169e-01,2.301664585828662457e-01,-1.640950718789616347e-01,-1.131985103692034894e-01,2.072008475079616940e-01,-3.655543645486420412e-01,1.442596464676254575e-01,2.777777175780391516e-01,-4.625129476639922022e-02,2.816451008894359509e-01,2.705579946843491013e-01,1.005769088626922297e-01
-1.105103578885905935e-01,2.204266063898874806e-01,5.729580154195592634e-01,2.422990480443766026e-01,1.434070066535048094e-01,2.803521729217275937e-01,2.299422365378885891e-01,-4.546210427733700377e-02,5.303866945525681498e-01,3.466259510945747802e-01,-4.221343812010998620e-01,6.525205665234601327e-01,3.119333147329709788e-01,3.816087893276701865e-02,5.258046460800421817e-01,4.810955303082086187e-01,-3.857300129402890798e-02,1.000000000000000000e+00,5.173508280190598496e-01,3.095828646302274945e-01,2.044507699220812491e-01,3.650571892860050016e-01,2.108829419833592178e-01,-1.545164786634132259e-01,3.152247891985499595e-01,3.792829676342064360e-01,2.366697660452110608e-01,5.462863629275483968e-01,5.093781343255209260e-01,3.988500128247371435e-01,2.171630683303929499e-01,4.262911446236732349e-01,5.379184874300176750e-02,5.839860400177455668e-01,-1.575703223018806443e-01,2.933048766224309323e-01,4.471846683483259866e-01,-2.379813625797865539e-01,8.760584145844813042e-02
8.295352331501666676e-02,2.212573711062696888e-02,6.230929435845399267e-01,5.958107097139347247e-02,5.987096291581804897e-01,-8.651204973727290651e-03,6.101151103275906373e-02,-3.225169020031884437e-01,4.042934116296805214e-01,1.923495301154993509e-01,7.883194757909344277e-03,2.499201858337090076e-01,-9.042013394140541171e-02,1.103352788255454464e-01,3.144280160657128564e-01,2.508752838425357679e-01,1.429043173913014664e-01,5.173508280190598496e-01,1.000000000000000000e+00,-5.250875800078147471e-02,7.339389632106925465e-02,5.778245950607301812e-02,1.502344900206833422e-01,-1.237101079223831279e-01,9.529067140710224815e-02,4.930814704693540773e-01,4.811254385761605801e-01,2.149207363724507380e-01,1.939004125632237396e-01,1.287963433078476438e-01,2.467943739102876899e-01,8.574164922200232242e-02,-1.034033290527969773e-01,6.270047735835666547e-01,-4.651764675967331314e-02,3.946456196965767438e-01,9.108876014550754130e-02,1.753748060418624036e-02,5.242802834136048307e-02
-2.893490318396553795e-01,1.704674519698081148e-01,1.716676574946075229e-01,6.232300524173586265e-01,-3.726892121287534582e-02,5.870997670376871813e-01,6.823178601805612864e-01,5.726622497365425613e-01,1.018003581094921450e-01,1.625076667147050957e-01,-7.486109241784036916e-01,6.541941918561695601e-01,7.901048109514507978e-01,-2.790840758571201397e-01,3.142597457291492757e-01,3.479729002132398441e-01,1.239197848645650218e-01,3.095828646302274945e-01,-5.250875800078147471e-02,1.000000000000000000e+00,4.776203645103132556e-01,8.166686051125533474e-01,1.490234726549463928e-01,-4.131742370188516422e-01,2.408112407637114094e-01,-1.240497332077084292e-01,-1.029547748200172058e-01,6.642142589606844227e-01,4.159801023891453453e-01,2.280326278029520537e-01,-2.536058762284988943e-01,4.291438458475016482e-01,-2.230682166897153818e-01,2.579962393616446192e-01,4.839921299988519249e-02,-9.890524669053175899e-02,5.959692482412342063e-01,-1.342263847557221557e-01,1.266578232033730989e-01
-3.205885757623638810e-01,-2.407276396178258462e-03,1.299040386530090907e-01,3.226822357478184022e-01,7.319092319001875568e-02,1.878219786965073523e-01,3.724472660345884978e-01,5.506828951730527999e-01,1.937240896879716956e-01,2.731860815867614978e-01,-3.356291795810492085e-01,4.755672351024485267e-01,4.349128405911211193e-01,6.764216133237163642e-02,3.914988077277928857e-01,3.073296762214294264e-01,1.404029784843330020e-01,2.044507699220812491e-01,7.339389632106925465e-02,4.776203645103132556e-01,1.000000000000000000e+00,6.148044024990952927e-01,2.849275343851440101e-01,-3.141999390026459227e-01,2.689451229652419784e-01,-5.156428326789272432e-02,1.396904321990183676e-02,4.311539996107495165e-01,1.886649302321765087e-01,2.300387906110722136e-01,-1.334430752321968672e-01,2.132155487590119136e-01,-3.926578119027253622e-01,3.130212130480631294e-01,-1.085967690963061255e-01,-2.786628117743088912e-02,3.332276435420267746e-01,1.456170119089259529e-01,2.172589403132872410e-01
-2.914758894148442581e-01,1.776968470698748193e-01,2.582091886166891226e-01,5.942585445112150699e-01,4.873535740935915073e-02,5.565079486841186807e-01,6.390434917150084049e-01,6.017254723161949981e-01,1.941130481600123747e-01,2.580640664378528459e-01,-6.910245900070335345e-01,7.288706597348695304e-01,7.913705500128337400e-01,-2.004872329575356216e-01,4.654561029897319457e-01,4.062229631626601556e-01,2.266982859890241675e-01,3.650571892860050016e-01,5.778245950607301812e-02,8.166686051125533474e-01,6.148044024990952927e-01,1.000000000000000000e+00,1.637621928886540679e-01,-4.463680003552278897e-01,2.950133506522626403e-01,-4.903614075147157136e-02,-6.658086538395620313e-02,6.953993902976088881e-01,4.442581816608470735e-01,3.161773792517844628e-01,-3.209071551572437730e-01,4.355901340794139931e-01,-3.627449318233623710e-01,4.075522525505326787e-01,-1.434228590774107304e-02,4.102209334460292685e-03,6.416244970719825469e-01,9.254384514620636951e-03,1.835945244256425579e-01
-9.825929762047656921e-04,3.114585719335116187e-01,2.665237585217213878e-01,-1.083652486610968413e-01,5.335976807389489901e-02,6.693527228666797113e-02,1.511835008707746453e-01,-2.724133055538341397e-02,3.263712161524606747e-01,3.438828436924263876e-01,-1.218301056923905418e-01,2.716615749825370685e-01,4.244593342006439118e-02,2.071743994739734251e-01,2.727268154401031319e-01,3.827519775472080776e-01,6.004385092666025131e-03,2.108829419833592178e-01,1.502344900206833422e-01,1.490234726549463928e-01,2.849275343851440101e-01,1.637621928886540679e-01,1.000000000000000000e+00,1.603765752567266056e-01,4.718926510071007052e-01,3.952215850857482179e-05,1.942995376269132934e-01,2.045796862121436188e-01,2.964209473509272219e-01,2.602013513534117140e-01,3.748413012558096113e-01,3.596011936967387634e-01,1.819238055784844765e-01,2.380296833029855175e-01,2.119353499120258943e-01,1.641513407261258606e-01,2.115047928652332987e-01,9.066813334113962841e-02,4.787485710176220821e-01
2.292131598338462695e-01,6.212398102869396560e-02,-9.492771783949831288e-02,-2.752135845323009367e-01,-8.540424551517082630e-02,-5.100960775422255233e-01,-2.894419950648124407e-01,-3.315159282965906562e-01,-2.340331998977586078e-02,-1.452827151308809794e-01,3.874393397102360859e-01,-3.058823708275526521e-01,-4.253051475965022310e-01,5.124265687808244873e-01,-2.221039402531914397e-01,-2.532925626809773845e-01,-5.797518696723830828e-02,-1.545164786634132259e-01,-1.237101079223831279e-01,-4.131742370188516422e-01,-3.141999390026459227e-01,-4.463680003552278897e-01,1.603765752567266056e-01,1.000000000000000000e+00,4.848311367947832906e-03,-5.406420998458923849e-02,-6.941102479985983287e-02,-3.260783764759179193e-01,3.124852179827122822e-02,-1.057767866994897832e-01,2.521562241131202198e-01,-2.298110871717195039e-02,2.672647533727436908e-01,-2.386614472084911676e-01,5.247922788877971284e-02,-2.287172458354704563e-01,-1.901441892641818621e-01,3.784878269069238965e-02,-1.237940650695776579e-01
6.909541775663803100e-03,3.584149358294457244e-01,3.062566836661677616e-01,-6.535935536572835824e-02,-7.800892485721723502e-02,2.634704860313706876e-01,2.891083862505083868e-03,1.176879350265073454e-01,3.058723505058416059e-01,3.339722773158363411e-01,-2.764500847763695646e-01,4.142739408161716930e-01,2.191201545711403964e-01,1.036654470792759686e-01,4.055147710573855369e-01,4.491591496955006368e-01,1.999689706395750555e-02,3.152247891985499595e-01,9.529067140710224815e-02,2.408112407637114094e-01,2.689451229652419784e-01,2.950133506522626403e-01,4.718926510071007052e-01,4.848311367947832906e-03,1.000000000000000000e+00,1.193927904233256232e-01,7.514651514378993535e-02,4.524370517213837650e-01,4.587877184966278055e-01,4.898393504818076005e-01,8.390438644410029567e-02,4.890120816756199362e-01,8.876459558455983279e-02,2.987376869896091192e-01,1.675064592448652079e-01,2.963008622812258325e-02,4.466107033807221183e-01,6.403311676086428927e-02,2.581463786166124375e-01
2.133243464211148077e-01,5.713739581372768300e-02,5.939357796115325439e-01,-7.944744092606077432e-03,2.204031486067387358e-01,-8.747949682173768171e-02,-1.598585695950617835e-01,-3.309960559232942856e-01,5.271924152581765055e-01,2.401052056444035188e-01,8.358609209649658922e-02,1.907577627631759365e-01,-9.528393574056438775e-02,2.226099924219274995e-01,3.449772549473037464e-01,2.440320458327752962e-01,3.020666162406797015e-02,3.792829676342064360e-01,4.930814704693540773e-01,-1.240497332077084292e-01,-5.156428326789272432e-02,-4.903614075147157136e-02,3.952215850857482179e-05,-5.406420998458923849e-02,1.193927904233256232e-01,1.000000000000000000e+00,5.032814872825781549e-01,2.990987397458384489e-01,1.882559204683326715e-01,1.977409913024676946e-01,2.334171624361496000e-01,2.505336773722115565e-02,-9.451468444171341743e-02,5.224660352353452941e-01,-8.952528621868478809e-02,2.792390351904953660e-01,4.915158352139517572e-02,1.501378980853181333e-01,8.685242419585538498e-02
6.998713266275986833e-02,1.386291105770596221e-01,5.590473216125756428e-01,-3.481940387749844074e-02,3.194812350512969412e-01,-1.470570326679940809e-01,-2.075724292167957855e-02,-4.095900418979857016e-01,3.420258013593311386e-01,1.361769063740355667e-01,1.562647233802817726e-01,1.036365876745290460e-01,-1.814330460707782866e-01,2.760531983230407604e-01,1.422112064870451227e-02,1.432357594763466746e-01,1.326873488051052707e-01,2.366697660452110608e-01,4.811254385761605801e-01,-1.029547748200172058e-01,1.396904321990183676e-02,-6.658086538395620313e-02,1.942995376269132934e-01,-6.941102479985983287e-02,7.514651514378993535e-02,5.032814872825781549e-01,1.000000000000000000e+00,1.149756647273531135e-01,-3.749349397513821597e-02,1.249516003939417363e-01,4.444574362664157063e-01,-5.131459686577655166e-02,2.502073637748920571e-03,4.162479813655334260e-01,-1.910791742166548582e-02,2.480911926867779838e-01,-1.602806372502206533e-01,-4.611544439872040935e-02,2.496767525234058482e-01
-1.112795261923363865e-01,3.423531910453034288e-01,5.554131258879506650e-01,4.298924994561966195e-01,-5.681083263212060447e-02,5.249931725878618227e-01,4.052955929848887640e-01,2.594952663272497850e-01,3.535810295611193088e-01,3.622410469623602580e-01,-5.599891362662775540e-01,7.837242733519100835e-01,6.373218619962500719e-01,-1.292685975098835649e-01,6.174465957338616251e-01,5.013964986221410847e-01,1.700517780880270169e-01,5.462863629275483968e-01,2.149207363724507380e-01,6.642142589606844227e-01,4.311539996107495165e-01,6.953993902976088881e-01,2.045796862121436188e-01,-3.260783764759179193e-01,4.524370517213837650e-01,2.990987397458384489e-01,1.149756647273531135e-01,1.000000000000000000e+00,5.844970541871671310e-01,3.851245047378633046e-01,-5.715435186631123016e-02,5.862772257246438024e-01,-2.398843763557461373e-01,5.452252182277850245e-01,3.326088767957367104e-02,5.571367023918921690e-02,6.857081716184418863e-01,-4.191063584717821811e-02,1.696764149381630449e-01
1.077540197388407034e-01,4.430452929548638341e-01,4.927267561715643618e-01,2.767561912232884280e-01,6.042615962985199707e-02,4.566684821017083507e-01,2.886888664884544875e-01,4.064446431904294305e-02,3.447761047632212361e-01,1.820693227788210689e-01,-3.339095768909369766e-01,5.858964765842689104e-01,4.479853946754880356e-01,-1.004591635582159498e-01,4.738458388346751815e-01,3.141267982564452943e-01,2.301664585828662457e-01,5.093781343255209260e-01,1.939004125632237396e-01,4.159801023891453453e-01,1.886649302321765087e-01,4.442581816608470735e-01,2.964209473509272219e-01,3.124852179827122822e-02,4.587877184966278055e-01,1.882559204683326715e-01,-3.749349397513821597e-02,5.844970541871671310e-01,1.000000000000000000e+00,2.811805403261321556e-01,-1.276793224911710635e-02,6.399416304586718063e-01,-9.793690133787967544e-02,3.888088533068155273e-01,1.654389433560807809e-01,1.058265536821380026e-01,7.101858125153094337e-01,4.297128289411366459e-02,1.673374652743867819e-01
-5.147530813164414437e-02,1.310612745864527529e-01,3.008532517004089968e-01,8.595622429227621486e-02,-3.787559715386688928e-03,1.064960380645087606e-01,3.210442793769904130e-02,1.415084731432691423e-01,4.447963583519038422e-01,3.694431761795052283e-01,-4.009273422034674295e-01,4.689800974661212374e-01,1.883254416926341268e-01,1.660068970042525294e-01,4.389526947993913630e-01,4.248439496848289143e-01,-1.640950718789616347e-01,3.988500128247371435e-01,1.287963433078476438e-01,2.280326278029520537e-01,2.300387906110722136e-01,3.161773792517844628e-01,2.602013513534117140e-01,-1.057767866994897832e-01,4.898393504818076005e-01,1.977409913024676946e-01,1.249516003939417363e-01,3.851245047378633046e-01,2.811805403261321556e-01,1.000000000000000000e+00,2.217655885702719820e-01,2.333050074472358126e-01,1.087628151253489245e-01,4.309342413364802837e-01,-1.664305537666648516e-01,2.282885614030626675e-01,2.481153204152903580e-01,5.724195242825111385e-02,2.744538978248141636e-01
2.099975637044940446e-01,5.059513749771612362e-02,3.388575470727505090e-01,-2.565330669505366812e-01,1.248490047878742099e-01,-3.194057442162688831e-01,-2.303478673050067260e-01,-4.652409566889066928e-01,2.979885825431050073e-01,1.480855643445310454e-01,1.549368401155930552e-01,-1.364094984538397580e-02,-4.192796378479758945e-01,2.926742510493783866e-01,2.386382734793112033e-03,6.585454404440956033e-02,-1.131985103692034894e-01,2.171630683303929499e-01,2.467943739102876899e-01,-2.536058762284988943e-01,-1.334430752321968672e-01,-3.209071551572437730e-01,3.748413012558096113e-01,2.521562241131202198e-01,8.390438644410029567e-02,2.334171624361496000e-01,4.444574362664157063e-01,-5.715435186631123016e-02,-1.276793224911710635e-02,2.217655885702719820e-01,1.000000000000000000e+00,5.282678546348788329e-04,3.784798338012815289e-01,2.282425807357444381e-01,9.015103705685981184e-02,6.819513480020274188e-02,-2.547060335980200763e-01,-6.322649519985285016e-02,1.457870714890872887e-01
5.228393902846058261e-02,5.452778450667590260e-01,3.881761289452837493e-01,2.015029397356714602e-01,-6.561932014547110226e-02,5.440607904100364101e-01,2.275212533343860255e-01,3.325113866211990704e-02,2.086964253074429509e-01,2.651824511843429155e-01,-3.115044801922495776e-01,5.947172296925296031e-01,4.259721697253998629e-01,-1.059859896380281330e-01,3.641511515991082693e-01,4.059759224032857827e-01,2.072008475079616940e-01,4.262911446236732349e-01,8.574164922200232242e-02,4.291438458475016482e-01,2.132155487590119136e-01,4.355901340794139931e-01,3.596011936967387634e-01,-2.298110871717195039e-02,4.890120816756199362e-01,2.505336773722115565e-02,-5.131459686577655166e-02,5.862772257246438024e-01,6.399416304586718063e-01,2.333050074472358126e-01,5.282678546348788329e-04,1.000000000000000000e+00,-2.825470386215421167e-02,2.332425180472075810e-01,2.621449741862152405e-01,7.232853831405877676e-02,7.060459410472601505e-01,-9.251567426058336652e-02,1.191248112969114370e-01
2.171986529179582570e-01,1.326845300924908988e-01,-1.281877436081642063e-01,-3.213933091604141978e-01,-2.492449965092709274e-01,-1.338471618222624171e-01,-2.364754446336923555e-01,-3.387023726574616145e-01,8.589973521834530501e-02,1.282525051722711029e-01,3.068204549556962854e-02,-1.895615863603151985e-01,-3.499213022575954346e-01,3.169334320713824288e-02,-1.844214112875089129e-01,1.782422487926100529e-01,-3.655543645486420412e-01,5.379184874300176750e-02,-1.034033290527969773e-01,-2.230682166897153818e-01,-3.926578119027253622e-01,-3.627449318233623710e-01,1.819238055784844765e-01,2.672647533727436908e-01,8.876459558455983279e-02,-9.451468444171341743e-02,2.502073637748920571e-03,-2.398843763557461373e-01,-9.793690133787967544e-02,1.087628151253489245e-01,3.784798338012815289e-01,-2.825470386215421167e-02,1.000000000000000000e+00,-2.341701358197885996e-01,9.676420062963900226e-02,6.041070636820350392e-02,-2.207617249420807115e-01,-2.169244391079675760e-01,5.203397245428548201e-02
3.987041545718258972e-02,1.377204593387399145e-01,7.080762084482381535e-01,1.623027095496721306e-01,3.915197816687273069e-01,1.251121538270490441e-01,1.250773219173444417e-01,-1.535144134731978444e-02,6.159165877845620418e-01,3.746230196433819049e-01,-2.919362363677629468e-01,6.020514318024156042e-01,2.184221281907853529e-01,1.069025650026520086e-01,6.291669838976282625e-01,4.185529172085546423e-01,1.442596464676254575e-01,5.839860400177455668e-01,6.270047735835666547e-01,2.579962393616446192e-01,3.130212130480631294e-01,4.075522525505326787e-01,2.380296833029855175e-01,-2.386614472084911676e-01,2.987376869896091192e-01,5.224660352353452941e-01,4.162479813655334260e-01,5.452252182277850245e-01,3.888088533068155273e-01,4.309342413364802837e-01,2.282425807357444381e-01,2.332425180472075810e-01,-2.341701358197885996e-01,1.000000000000000000e+00,-1.721354047758645242e-02,3.326394382634311753e-01,3.053718001832702589e-01,1.627296782256097141e-01,2.698034062861479065e-01
2.358972865956659726e-01,2.059512408523427041e-01,1.205461920070112769e-01,-1.677615933310407093e-01,2.988511903253387308e-02,1.732557333062798854e-01,-2.589329650484636924e-02,-1.755378869052574009e-01,-7.751650773975853059e-02,3.762543690092672033e-02,6.493847482992332054e-02,-7.596241276083073868e-02,-1.797838926315800667e-02,-1.945416385534826653e-01,-8.834515086908982517e-02,5.744911837462233356e-02,2.777777175780391516e-01,-1.575703223018806443e-01,-4.651764675967331314e-02,4.839921299988519249e-02,-1.085967690963061255e-01,-1.434228590774107304e-02,2.119353499120258943e-01,5.247922788877971284e-02,1.675064592448652079e-01,-8.952528621868478809e-02,-1.910791742166548582e-02,3.326088767957367104e-02,1.654389433560807809e-01,-1.664305537666648516e-01,9.015103705685981184e-02,2.621449741862152405e-01,9.676420062963900226e-02,-1.721354047758645242e-02,1.000000000000000000e+00,-1.367537511618042989e-01,1.888440961500837956e-01,5.943101097277370820e-02,2.651498870700436453e-02
8.662086740664243223e-02,1.306407494821146820e-01,3.132307024609644608e-01,-5.179068564574327432e-02,2.498154410279830873e-01,1.957250646214949708e-01,-1.645987544597089791e-02,-2.618742816150665953e-01,4.297438767221725131e-01,2.980234833589512355e-01,3.539164711627115767e-02,1.913242142030092408e-01,-8.850159779371746804e-02,-7.298321116033192578e-03,2.907174681921630977e-01,3.230249734744785051e-01,-4.625129476639922022e-02,2.933048766224309323e-01,3.946456196965767438e-01,-9.890524669053175899e-02,-2.786628117743088912e-02,4.102209334460292685e-03,1.641513407261258606e-01,-2.287172458354704563e-01,2.963008622812258325e-02,2.792390351904953660e-01,2.480911926867779838e-01,5.571367023918921690e-02,1.058265536821380026e-01,2.282885614030626675e-01,6.819513480020274188e-02,7.232853831405877676e-02,6.041070636820350392e-02,3.326394382634311753e-01,-1.367537511618042989e-01,1.000000000000000000e+00,1.043996129776612707e-02,1.270557640229702800e-01,4.059309110286842270e-01
-8.421248511808375470e-02,4.128483759589264279e-01,3.763950874770414234e-01,4.291679657427107664e-01,-6.570620954879175836e-03,6.162766566262335433e-01,4.105363969585971717e-01,2.535652835918760784e-01,1.705764333410865752e-01,1.961991363470746430e-01,-4.723812009682160640e-01,6.570206884532477920e-01,6.561572246960339916e-01,-2.363809400885012457e-01,4.482597552609625668e-01,3.774223944241186790e-01,2.816451008894359509e-01,4.471846683483259866e-01,9.108876014550754130e-02,5.959692482412342063e-01,3.332276435420267746e-01,6.416244970719825469e-01,2.115047928652332987e-01,-1.901441892641818621e-01,4.466107033807221183e-01,4.915158352139517572e-02,-1.602806372502206533e-01,6.857081716184418863e-01,7.101858125153094337e-01,2.481153204152903580e-01,-2.547060335980200763e-01,7.060459410472601505e-01,-2.207617249420807115e-01,3.053718001832702589e-01,1.888440961500837956e-01,1.043996129776612707e-02,1.000000000000000000e+00,-6.224453120751010336e-03,1.220523222885670639e-01
4.642115136933566144e-01,3.759533633759406385e-02,9.253262714621802651e-03,-1.832763232699491651e-01,2.650375392900073401e-01,-2.494623953340248043e-02,-1.242231250505874407e-01,6.825125129048288664e-02,1.994402172400490947e-01,1.485121481591069881e-01,1.939487800473395085e-01,-9.280054456211914160e-02,-9.957135100700813257e-02,1.497820701509850194e-01,2.321430548188823106e-01,2.562634838485036010e-02,2.705579946843491013e-01,-2.379813625797865539e-01,1.753748060418624036e-02,-1.342263847557221557e-01,1.456170119089259529e-01,9.254384514620636951e-03,9.066813334113962841e-02,3.784878269069238965e-02,6.403311676086428927e-02,1.501378980853181333e-01,-4.611544439872040935e-02,-4.191063584717821811e-02,4.297128289411366459e-02,5.724195242825111385e-02,-6.322649519985285016e-02,-9.251567426058336652e-02,-2.169244391079675760e-01,1.627296782256097141e-01,5.943101097277370820e-02,1.270557640229702800e-01,-6.224453120751010336e-03,1.000000000000000000e+00,3.893998925741675166e-01
6.620606041559225219e-02,3.595816307163039460e-01,2.017889327062898919e-01,-4.948693051142225713e-02,1.301579626541381762e-01,1.680183302241241572e-01,1.227010031708543336e-01,1.622987263715011327e-02,3.750634011314862293e-01,3.061490930374347608e-01,-4.508066536928619084e-02,2.116808845877125866e-01,7.530679718785689147e-02,1.386836077700497050e-01,2.652453726768085329e-01,3.499481049497631946e-01,1.005769088626922297e-01,8.760584145844813042e-02,5.242802834136048307e-02,1.266578232033730989e-01,2.172589403132872410e-01,1.835945244256425579e-01,4.787485710176220821e-01,-1.237940650695776579e-01,2.581463786166124375e-01,8.685242419585538498e-02,2.496767525234058482e-01,1.696764149381630449e-01,1.673374652743867819e-01,2.744538978248141636e-01,1.457870714890872887e-01,1.191248112969114370e-01,5.203397245428548201e-02,2.698034062861479065e-01,2.651498870700436453e-02,4.059309110286842270e-01,1.220523222885670639e-01,3.893998925741675166e-01,1.000000000000000000e+00
