1.000000000000000000e+00,8.956215135107967740e-01,6.634675927189560563e-01,-3.364391903830792341e-01,4.231057429876991516e-01,5.218945803579344567e-01,3.866380065979548863e-01,-6.646070938409049944e-01,-9.356752285706761152e-02,7.577436310015035481e-01,5.737495917023814895e-01,-4.318434447700569279e-01,-3.936018219116579897e-01,7.930409973973511217e-01,-3.654054148725250917e-01,8.378341097147476990e-01,5.971487585964052602e-01,-1.929516956155089003e-01,-5.215095423882611936e-01,-1.124934080202373426e-01,5.141100636797171219e-01,1.684104826356690732e-01,7.150429136757555648e-01,7.431594585096646943e-01,6.273641650033900952e-01,7.466913554120947483e-01,3.562592142179394350e-01,6.017332090895768371e-01,6.894391612916320744e-01,6.730166053512778301e-01,6.655127607050810301e-01,6.921527598212465771e-01,5.723896895518051364e-01,-1.636698525899544232e-01,5.803768328503907670e-01,7.537360854425780854e-01,6.303168808398514900e-01,-1.171516829060353058e-02,3.883253384991237206e-02
8.956215135107967740e-01,1.000000000000000000e+00,6.198370902764692714e-01,-4.119629688008691337e-01,3.391270849652068264e-01,5.678764007176361206e-01,4.648771520355577391e-01,-6.278725623051026883e-01,-2.018189683255864342e-01,7.267106834645945534e-01,6.301675398485714341e-01,-5.395544976783939184e-01,-3.775663862286312011e-01,8.041582395999837818e-01,-4.793291755867947201e-01,7.895699321174403096e-01,6.434776418008593124e-01,-3.389823048291313312e-01,-6.554269489772638346e-01,-2.073634101260128093e-01,4.931203475375854350e-01,1.122747251460397555e-01,6.211788728202328747e-01,7.085142203320602405e-01,6.057348101171305954e-01,6.634159950465097211e-01,2.011942202678495828e-01,5.590654055175543480e-01,7.137699798492873615e-01,5.578693757749358939e-01,6.617923312997867624e-01,6.815715319112338744e-01,5.965209106141600159e-01,-2.475050710619584038e-01,6.268823550044134718e-01,7.652237831876295138e-01,6.733056717869175811e-01,-1.852759836339960275e-01,-9.160068255763850753e-02
6.634675927189560563e-01,6.198370902764692714e-01,1.000000000000000000e+00,-3.507992797363946452e-02,5.561710295228462497e-01,4.557415345362729187e-01,2.870907774524049660e-01,-9.387489927690798597e-01,4.503275405275519727e-02,6.490143833930630546e-01,5.030009920738239826e-01,-2.513363357627275141e-01,-4.557608665110289836e-01,7.272617979334551341e-01,-1.892404030822402161e-01,7.082884387416975569e-01,4.898466327506472151e-01,1.331195557455455425e-01,-2.996545314734099796e-01,-1.090457340648553174e-02,7.392677602637522938e-01,3.368386534635544050e-01,5.631234094722781247e-01,6.600802158955081378e-01,6.130674580674378982e-01,7.435811427296042941e-01,4.548585928678546275e-01,7.215984689976351341e-01,5.786630604724053439e-01,6.334637943629441992e-01,7.050859532596958079e-01,4.978427348953425868e-01,6.342635874825566233e-01,8.565958648228308957e-04,5.083600654620471504e-01,6.922859447527586196e-01,5.578193639806132698e-01,4.308030885695152828e-02,4.957391377960913142e-02
-3.364391903830792341e-01,-4.119629688008691337e-01,-3.507992797363946452e-02,1.000000000000000000e+00,-8.296284896819396126e-02,-1.033043023758652840e-01,-2.586688421806493943e-01,1.338127217931300850e-01,1.434841328168924846e-01,-5.198728790579194847e-02,-1.734772559025992422e-01,3.184783282201993360e-01,2.071398668444111302e-01,-2.674197507117254125e-01,2.741584653642403779e-01,-1.692575007722758873e-01,-2.105138623185086322e-01,6.336882267546694036e-01,5.054216968185398784e-01,4.496447910673769255e-01,1.465629863656176257e-01,2.339145596773187785e-01,-3.684634387982153592e-01,-1.654784272783029475e-01,-1.480726317890105337e-01,-7.993323881101216388e-02,5.532010189794455551e-02,-4.057513370365915112e-02,-1.729563916845427429e-01,2.541317355145965295e-02,-1.547639911943690938e-01,-4.584269601995571985e-01,-3.410028854568122186e-02,4.267444480452068506e-02,-1.516674277556144534e-01,-2.109242369560095365e-01,-1.638369436710171156e-01,8.684638115502649192e-02,2.627521184288604192e-02
4.231057429876991516e-01,3.391270849652068264e-01,5.561710295228462497e-01,-8.296284896819396126e-02,1.000000000000000000e+00,-1.410495018909180831e-01,-2.362459350858623075e-01,-6.407810349593368038e-01,5.447870227677243937e-01,2.244510755418238357e-01,-1.080762770631333303e-01,2.582984850548540878e-01,-2.674341508915175636e-01,3.429889251737802680e-01,3.472493549286831960e-01,4.657745816543024109e-01,-1.079049680808696621e-01,4.124418071611681835e-01,6.953481057604790627e-02,-6.485723215819813592e-02,2.268748062617392258e-01,1.654389395563353737e-01,6.277619194640514655e-01,4.386680479169710600e-01,2.556859868841749872e-01,2.460479686151042233e-01,1.770242898509752638e-01,1.267818302702833078e-01,-2.217804309185638766e-03,4.068253204488492814e-01,1.245332041172805410e-01,3.718172673991838595e-01,-1.520100601002840994e-02,6.061243514233509710e-01,-1.010229876350693945e-01,3.106949793390647585e-01,7.247350422514595852e-03,3.881893425518056495e-01,5.803100825468593404e-01
5.218945803579344567e-01,5.678764007176361206e-01,4.557415345362729187e-01,-1.033043023758652840e-01,-1.410495018909180831e-01,1.000000000000000000e+00,7.543040392683777462e-01,-3.670093621212432433e-01,-7.034978924464053707e-01,7.623248684565649969e-01,9.108995058432649561e-01,-8.291693231615628878e-01,-2.021977874428856070e-01,7.413081187211604250e-01,-7.813385353289565849e-01,4.720091354694508912e-01,9.087160978490237406e-01,-4.643010332614295743e-01,-7.020096101706908565e-01,-9.303968578364417430e-02,5.443678857276020855e-01,1.390662797495581526e-01,1.201258840500624425e-01,4.217604997800896705e-01,6.894046471630870254e-01,6.763526236596010266e-01,2.585639273282325235e-01,7.150526120797815466e-01,8.994701043608662738e-01,3.581001184049318331e-01,8.009612405641878263e-01,3.166717795402420599e-01,8.620940102347608436e-01,-7.517984875291526814e-01,9.318386924882162692e-01,6.523795581534175270e-01,9.000947580817388882e-01,-4.999416877496059564e-01,-6.841257091751533626e-01
3.866380065979548863e-01,4.648771520355577391e-01,2.870907774524049660e-01,-2.586688421806493943e-01,-2.362459350858623075e-01,7.543040392683777462e-01,1.000000000000000000e+00,-2.013703772374776657e-01,-7.590531410470334750e-01,5.243280232546563280e-01,7.615781179329517148e-01,-8.600350888036127905e-01,-9.261895368842089360e-02,5.752139511983574982e-01,-7.806443071517094046e-01,2.635315318601119672e-01,7.782170480550896219e-01,-6.030595912700960071e-01,-7.181879392364924897e-01,-6.143911034285155087e-02,3.947888747570317824e-01,1.759269801856010781e-03,3.816483471631213105e-03,2.044995406469969912e-01,4.442712437341665432e-01,4.697846075333252935e-01,-1.044138254262470464e-03,6.440248735062281682e-01,7.458606170978641092e-01,1.668944002549059280e-01,6.077308205680755915e-01,3.195076313874472551e-01,7.415177711912518399e-01,-7.322576444202005819e-01,8.081965122857532879e-01,4.789704687008000672e-01,7.389922588828355954e-01,-5.935208425014424360e-01,-6.932836092909872017e-01
-6.646070938409049944e-01,-6.278725623051026883e-01,-9.387489927690798597e-01,1.338127217931300850e-01,-6.407810349593368038e-01,-3.670093621212432433e-01,-2.013703772374776657e-01,1.000000000000000000e+00,-1.325491621100459982e-01,-6.036242716774592454e-01,-4.358672241279805681e-01,2.002395235333195855e-01,4.694766794759691608e-01,-7.053500331549895641e-01,1.457176377365046183e-01,-7.046784618344442697e-01,-4.214107549526886487e-01,-1.239824075233807305e-01,3.141024428356174458e-01,1.199034301602213554e-01,-6.398820111163981972e-01,-2.370091131907767767e-01,-6.204092696708767285e-01,-6.533124838601361839e-01,-5.788047537170512014e-01,-6.790915465987051869e-01,-4.283076243059276700e-01,-6.166611253996693298e-01,-5.008602215702786520e-01,-6.142895658275755455e-01,-6.333615418793083762e-01,-4.946785312459586748e-01,-5.219273949378729904e-01,-1.006941438225524843e-01,-4.115408651631492498e-01,-6.481370922754843278e-01,-4.863057172553504337e-01,-1.038907916452640745e-01,-1.382354452994501437e-01
-9.356752285706761152e-02,-2.018189683255864342e-01,4.503275405275519727e-02,1.434841328168924846e-01,5.447870227677243937e-01,-7.034978924464053707e-01,-7.590531410470334750e-01,-1.325491621100459982e-01,1.000000000000000000e+00,-3.062582514585564519e-01,-6.946848436765559187e-01,8.483653103884359892e-01,-1.508846069609840190e-01,-2.908961082003595489e-01,8.319348347680517453e-01,4.588857291319278775e-02,-7.033202198041712538e-01,7.118386804735998830e-01,6.828511946018394063e-01,1.545085002059534418e-01,-1.473911617496579396e-01,1.000233438600378749e-01,3.272600110713340671e-01,7.813480009494394585e-02,-2.500717148953260915e-01,-1.927118364365756342e-01,1.748597509093077207e-01,-4.088313992681597009e-01,-5.905578408650956623e-01,1.652729718980516238e-01,-3.760414810696352528e-01,-2.710186840396244107e-02,-5.906566931942168752e-01,8.834043761663159522e-01,-6.989196466087398418e-01,-2.106153030232717493e-01,-5.934743040605822140e-01,7.484573422241201923e-01,9.060789188498933333e-01
7.577436310015035481e-01,7.267106834645945534e-01,6.490143833930630546e-01,-5.198728790579194847e-02,2.244510755418238357e-01,7.623248684565649969e-01,5.243280232546563280e-01,-6.036242716774592454e-01,-3.062582514585564519e-01,1.000000000000000000e+00,7.467431339314017924e-01,-5.716738225880092505e-01,-2.451342925716447629e-01,7.878247854240322257e-01,-5.238204917606291700e-01,8.005183275440413970e-01,7.312560926094835434e-01,-1.398315420657081920e-01,-5.162795086152892621e-01,-1.051065630280190177e-01,5.697511947150432077e-01,1.244286094349134203e-01,4.814690997598255473e-01,6.410824020704194437e-01,7.755675791055379742e-01,7.905013911537592808e-01,3.467870197189049097e-01,7.265272985043863541e-01,8.029472433178900248e-01,6.900894572929083814e-01,7.867784200212354362e-01,3.649118253786473032e-01,7.259996035248980073e-01,-4.161620929105528388e-01,7.625956091425152295e-01,7.654079537771785180e-01,7.574153244873133017e-01,-2.082759726246538878e-01,-2.451255823412691881e-01
5.737495917023814895e-01,6.301675398485714341e-01,5.030009920738239826e-01,-1.734772559025992422e-01,-1.080762770631333303e-01,9.108995058432649561e-01,7.615781179329517148e-01,-4.358672241279805681e-01,-6.946848436765559187e-01,7.467431339314017924e-01,1.000000000000000000e+00,-8.591745174130854812e-01,-1.940450103713616536e-01,7.602252302760245106e-01,-7.986259685934810060e-01,4.669437154415496671e-01,9.468006665866187666e-01,-4.985606819816739699e-01,-7.756067343926266178e-01,-1.189060486742178208e-01,5.899514732733611710e-01,1.184767794932339441e-01,1.294579009750785881e-01,4.683340487663574803e-01,6.390402670904905547e-01,6.928551834458499536e-01,2.823831672250298186e-01,6.843180905425882976e-01,8.911711966210648095e-01,3.407735795992310468e-01,7.871025489101899364e-01,3.438503481867753453e-01,8.756434990763679593e-01,-7.271018965012777668e-01,8.969622559283303431e-01,6.230099579405787846e-01,8.769363286718470096e-01,-4.622216328600918800e-01,-6.560531577265946712e-01
-4.318434447700569279e-01,-5.395544976783939184e-01,-2.513363357627275141e-01,3.184783282201993360e-01,2.582984850548540878e-01,-8.291693231615628878e-01,-8.600350888036127905e-01,2.002395235333195855e-01,8.483653103884359892e-01,-5.716738225880092505e-01,-8.591745174130854812e-01,1.000000000000000000e+00,5.430724324211980147e-02,-6.049313470646636715e-01,9.018031974482609847e-01,-2.713388755306647138e-01,-8.687787650665127481e-01,7.284158834746135014e-01,8.705750052304260800e-01,2.140889859587979949e-01,-3.448064757230367983e-01,6.706708193559324238e-02,1.356531164820761089e-02,-2.166355725796938470e-01,-4.815776775071803351e-01,-4.637362283313017364e-01,3.098386840303985618e-02,-5.753985875449830756e-01,-7.840578903337992456e-01,-1.531994091224458121e-01,-5.997954374676985889e-01,-2.631860705064039685e-01,-7.562714929571351385e-01,8.187323083094031340e-01,-8.359545926109833713e-01,-4.884757647736353570e-01,-7.784313908931628223e-01,6.549895160212410028e-01,7.995294021704864029e-01
-3.936018219116579897e-01,-3.775663862286312011e-01,-4.557608665110289836e-01,2.071398668444111302e-01,-2.674341508915175636e-01,-2.021977874428856070e-01,-9.261895368842089360e-02,4.694766794759691608e-01,-1.508846069609840190e-01,-2.451342925716447629e-01,-1.940450103713616536e-01,5.430724324211980147e-02,1.000000000000000000e+00,-4.120350853391128720e-01,4.276993050774519772e-02,-4.205863674678112507e-01,-2.055134390753566298e-01,-1.978248657454267576e-02,1.466491049837022054e-01,5.666125682774291600e-02,-3.317450394263978808e-01,-1.669444993923156206e-01,-3.849196289600783638e-01,-4.772922126525936948e-01,-2.882944284068503782e-01,-4.674299077561490101e-01,-4.422336411471553541e-01,-2.933506128066705188e-01,-3.037837906841862612e-01,-3.687367293982720673e-01,-4.996960688849216292e-01,-4.491965677178382799e-01,-2.544566482788750972e-01,-1.033311108044027149e-01,-2.204585288522137310e-01,-3.651902166473802724e-01,-3.399843092371748199e-01,-1.787327334378581989e-01,-1.357321779091867353e-01
7.930409973973511217e-01,8.041582395999837818e-01,7.272617979334551341e-01,-2.674197507117254125e-01,3.429889251737802680e-01,7.413081187211604250e-01,5.752139511983574982e-01,-7.053500331549895641e-01,-2.908961082003595489e-01,7.878247854240322257e-01,7.602252302760245106e-01,-6.049313470646636715e-01,-4.120350853391128720e-01,1.000000000000000000e+00,-5.231042777884482575e-01,7.257420691090352705e-01,7.670309488768822792e-01,-2.667271774089129965e-01,-6.293521192544531129e-01,-9.185843388271644483e-02,6.453352870160865562e-01,1.953551127600444970e-01,4.998272072548004541e-01,7.269476629345809071e-01,7.088905492606302206e-01,7.755898662031723845e-01,3.583357647882986496e-01,7.133396682232818753e-01,8.511263010360475834e-01,5.586606473993900313e-01,7.941111681989428961e-01,6.457257748204972003e-01,7.627986354787072987e-01,-3.316900243913448731e-01,7.891536488329804477e-01,7.957997274458983306e-01,8.127288548598589069e-01,-2.047682467063446365e-01,-2.430929639131516329e-01
-3.654054148725250917e-01,-4.793291755867947201e-01,-1.892404030822402161e-01,2.741584653642403779e-01,3.472493549286831960e-01,-7.813385353289565849e-01,-7.806443071517094046e-01,1.457176377365046183e-01,8.319348347680517453e-01,-5.238204917606291700e-01,-7.986259685934810060e-01,9.018031974482609847e-01,4.276993050774519772e-02,-5.231042777884482575e-01,1.000000000000000000e+00,-2.568935467004749285e-01,-7.910694253492520644e-01,7.377826561259862581e-01,8.397845937761259094e-01,2.785914400752769193e-01,-2.294044410163950665e-01,1.176322233636036413e-01,3.116124893876730251e-02,-1.483458180938188320e-01,-4.520788227643369184e-01,-3.816801734156541337e-01,1.042692492170571930e-02,-4.942251324256384803e-01,-7.259647943296756445e-01,-1.534598690271634369e-01,-5.838942958693289498e-01,-2.058083834333421791e-01,-6.541802479975865614e-01,8.586257154533569746e-01,-7.884565609945199949e-01,-4.428068658394618828e-01,-7.164070852589629057e-01,7.195639385150792711e-01,7.955950646071834331e-01
8.378341097147476990e-01,7.895699321174403096e-01,7.082884387416975569e-01,-1.692575007722758873e-01,4.657745816543024109e-01,4.720091354694508912e-01,2.635315318601119672e-01,-7.046784618344442697e-01,4.588857291319278775e-02,8.005183275440413970e-01,4.669437154415496671e-01,-2.713388755306647138e-01,-4.205863674678112507e-01,7.257420691090352705e-01,-2.568935467004749285e-01,1.000000000000000000e+00,4.513254134262740802e-01,2.714385406578822407e-02,-3.582050807920224567e-01,-8.304041139596131382e-02,4.769274721450671994e-01,2.038138382200910814e-01,7.455561440629150383e-01,7.290492240017655279e-01,6.701947630953586366e-01,7.159211011353187049e-01,3.746060400672429624e-01,5.947332830613326626e-01,6.133377979355637555e-01,7.694899813599461735e-01,6.864771198586416823e-01,5.392251092426296744e-01,4.778945842286299595e-01,-6.172780022786735626e-02,5.186648533280101558e-01,7.633438005169062013e-01,5.830759801725721170e-01,1.733246497842825043e-02,1.150093425884445159e-01
5.971487585964052602e-01,6.434776418008593124e-01,4.898466327506472151e-01,-2.105138623185086322e-01,-1.079049680808696621e-01,9.087160978490237406e-01,7.782170480550896219e-01,-4.214107549526886487e-01,-7.033202198041712538e-01,7.312560926094835434e-01,9.468006665866187666e-01,-8.687787650665127481e-01,-2.055134390753566298e-01,7.670309488768822792e-01,-7.910694253492520644e-01,4.513254134262740802e-01,1.000000000000000000e+00,-5.231912064228533277e-01,-7.682249897426526308e-01,-1.233970993044081477e-01,5.763437286370690638e-01,1.066999780686446464e-01,1.294760343100218314e-01,4.663057984526288169e-01,6.070742711306124084e-01,7.097960888489470710e-01,2.791341233827135948e-01,7.035534494824583485e-01,9.045421916381318761e-01,3.476399244190629956e-01,7.715744122719220277e-01,4.054800750445750612e-01,8.785525111091565531e-01,-7.337242520341218377e-01,9.067293257025083042e-01,6.296481484329931044e-01,8.765421283705965294e-01,-4.324200847966692685e-01,-6.538221302076779873e-01
-1.929516956155089003e-01,-3.389823048291313312e-01,1.331195557455455425e-01,6.336882267546694036e-01,4.124418071611681835e-01,-4.643010332614295743e-01,-6.030595912700960071e-01,-1.239824075233807305e-01,7.118386804735998830e-01,-1.398315420657081920e-01,-4.985606819816739699e-01,7.284158834746135014e-01,-1.978248657454267576e-02,-2.667271774089129965e-01,7.377826561259862581e-01,2.714385406578822407e-02,-5.231912064228533277e-01,1.000000000000000000e+00,7.629576315189202651e-01,3.916331374464264714e-01,8.489863166320005261e-02,2.292375951546047341e-01,7.562251087766234947e-02,2.955629878287095377e-02,-1.512737792718901464e-01,-4.665508038638289251e-02,2.198422709776952644e-01,-1.536637743794893041e-01,-4.080788180261497589e-01,1.896454986252853192e-01,-2.603190985077210029e-01,-2.439328373544805417e-01,-3.163947435661862984e-01,6.147268052951684325e-01,-4.787513407239908925e-01,-2.070259355838983406e-01,-4.278002926859856281e-01,6.357247346110809216e-01,6.200917723333416731e-01
-5.215095423882611936e-01,-6.554269489772638346e-01,-2.996545314734099796e-01,5.054216968185398784e-01,6.953481057604790627e-02,-7.020096101706908565e-01,-7.181879392364924897e-01,3.141024428356174458e-01,6.828511946018394063e-01,-5.162795086152892621e-01,-7.756067343926266178e-01,8.705750052304260800e-01,1.466491049837022054e-01,-6.293521192544531129e-01,8.397845937761259094e-01,-3.582050807920224567e-01,-7.682249897426526308e-01,7.629576315189202651e-01,1.000000000000000000e+00,3.700424699009889906e-01,-2.561218860871729008e-01,1.221076538992103694e-01,-1.523018212642397451e-01,-2.618548933658709221e-01,-4.405255478565824334e-01,-3.910865291135449673e-01,8.563638007999747892e-02,-4.555316593110350643e-01,-7.065526354600386583e-01,-1.504797971344216112e-01,-5.464657090601211520e-01,-3.458981651463417517e-01,-6.083233386292284939e-01,6.164831525986100846e-01,-7.161460268492293446e-01,-5.122920748623730480e-01,-7.156830996714805826e-01,6.026883618165128631e-01,6.171238697485421643e-01
-1.124934080202373426e-01,-2.073634101260128093e-01,-1.090457340648553174e-02,4.496447910673769255e-01,-6.485723215819813592e-02,-9.303968578364417430e-02,-6.143911034285155087e-02,1.199034301602213554e-01,1.545085002059534418e-01,-1.051065630280190177e-01,-1.189060486742178208e-01,2.140889859587979949e-01,5.666125682774291600e-02,-9.185843388271644483e-02,2.785914400752769193e-01,-8.304041139596131382e-02,-1.233970993044081477e-01,3.916331374464264714e-01,3.700424699009889906e-01,1.000000000000000000e+00,3.153793269854233694e-01,4.376561118335238754e-01,-1.859757355738002327e-01,-3.346180812922443237e-02,-1.286668900968786222e-01,6.327640108899365567e-02,1.943873365488550387e-01,2.784873440493210520e-02,-4.266066289169653802e-02,5.657670010061575244e-02,-6.026706827511590231e-02,-7.516014299217103900e-02,5.534403439580259931e-02,7.661992952481043451e-02,-7.928503054892985236e-02,-1.096848166077744741e-01,-6.460723678925936464e-02,2.069667341497589408e-01,9.188380225551762148e-02
5.141100636797171219e-01,4.931203475375854350e-01,7.392677602637522938e-01,1.465629863656176257e-01,2.268748062617392258e-01,5.443678857276020855e-01,3.947888747570317824e-01,-6.398820111163981972e-01,-1.473911617496579396e-01,5.697511947150432077e-01,5.899514732733611710e-01,-3.448064757230367983e-01,-3.317450394263978808e-01,6.453352870160865562e-01,-2.294044410163950665e-01,4.769274721450671994e-01,5.763437286370690638e-01,8.489863166320005261e-02,-2.561218860871729008e-01,3.153793269854233694e-01,1.000000000000000000e+00,5.861938708106209095e-01,2.545828344617456773e-01,5.591350929790593893e-01,5.450472497878453559e-01,7.024729590696204840e-01,4.404790730124475973e-01,6.386307851267506441e-01,6.300445010865526330e-01,4.271381967488063203e-01,6.430269458230791768e-01,4.096588055125921501e-01,7.570381408358053399e-01,-1.978878123890190910e-01,5.804365301995476623e-01,5.195097758774016583e-01,6.000084399186509376e-01,-1.880931382880178873e-02,-1.542198283104812551e-01
1.684104826356690732e-01,1.122747251460397555e-01,3.368386534635544050e-01,2.339145596773187785e-01,1.654389395563353737e-01,1.390662797495581526e-01,1.759269801856010781e-03,-2.370091131907767767e-01,1.000233438600378749e-01,1.244286094349134203e-01,1.184767794932339441e-01,6.706708193559324238e-02,-1.669444993923156206e-01,1.953551127600444970e-01,1.176322233636036413e-01,2.038138382200910814e-01,1.066999780686446464e-01,2.292375951546047341e-01,1.221076538992103694e-01,4.376561118335238754e-01,5.861938708106209095e-01,1.000000000000000000e+00,1.848297808961070487e-01,3.107690403762224385e-01,2.700455993343821581e-01,3.279977686692749916e-01,3.554463167926638634e-01,2.452821957483373450e-01,1.991524333716194473e-01,1.900219079416441414e-01,2.736575825946704343e-01,2.012639691274605291e-01,3.141130563011838572e-01,7.644356943122662673e-02,1.684574290402569563e-01,1.561989356639391646e-01,1.949819210458718088e-01,1.242097766184787344e-01,1.097978332760044112e-01
7.150429136757555648e-01,6.211788728202328747e-01,5.631234094722781247e-01,-3.684634387982153592e-01,6.277619194640514655e-01,1.201258840500624425e-01,3.816483471631213105e-03,-6.204092696708767285e-01,3.272600110713340671e-01,4.814690997598255473e-01,1.294579009750785881e-01,1.356531164820761089e-02,-3.849196289600783638e-01,4.998272072548004541e-01,3.116124893876730251e-02,7.455561440629150383e-01,1.294760343100218314e-01,7.562251087766234947e-02,-1.523018212642397451e-01,-1.859757355738002327e-01,2.545828344617456773e-01,1.848297808961070487e-01,1.000000000000000000e+00,6.390844327726629137e-01,5.481977429060858054e-01,4.796576591493389441e-01,3.204016980186951691e-01,3.102104502575753764e-01,2.685696698876870459e-01,6.347139087194689777e-01,4.015887882765016292e-01,5.820227333602076003e-01,1.612449488184438950e-01,2.714461239959445882e-01,1.606680666032695159e-01,5.419183074547168077e-01,2.469189131900031975e-01,2.430025815935314970e-01,4.551262526412934717e-01
7.431594585096646943e-01,7.085142203320602405e-01,6.600802158955081378e-01,-1.654784272783029475e-01,4.386680479169710600e-01,4.217604997800896705e-01,2.044995406469969912e-01,-6.533124838601361839e-01,7.813480009494394585e-02,6.410824020704194437e-01,4.683340487663574803e-01,-2.166355725796938470e-01,-4.772922126525936948e-01,7.269476629345809071e-01,-1.483458180938188320e-01,7.290492240017655279e-01,4.663057984526288169e-01,2.955629878287095377e-02,-2.618548933658709221e-01,-3.346180812922443237e-02,5.591350929790593893e-01,3.107690403762224385e-01,6.390844327726629137e-01,1.000000000000000000e+00,6.459141643998048687e-01,6.661045053261517301e-01,4.783036373994632440e-01,4.627935978612235379e-01,5.596215893960729826e-01,5.892033235475154784e-01,6.226649733040391377e-01,5.894913391870327812e-01,5.126438683356261405e-01,-1.821072198236878270e-02,4.530654296170204542e-01,6.788510463500714298e-01,5.228976330957922913e-01,1.419061739210430717e-01,1.385834362039114476e-01
6.273641650033900952e-01,6.057348101171305954e-01,6.130674580674378982e-01,-1.480726317890105337e-01,2.556859868841749872e-01,6.894046471630870254e-01,4.442712437341665432e-01,-5.788047537170512014e-01,-2.500717148953260915e-01,7.755675791055379742e-01,6.390402670904905547e-01,-4.815776775071803351e-01,-2.882944284068503782e-01,7.088905492606302206e-01,-4.520788227643369184e-01,6.701947630953586366e-01,6.070742711306124084e-01,-1.512737792718901464e-01,-4.405255478565824334e-01,-1.286668900968786222e-01,5.450472497878453559e-01,2.700455993343821581e-01,5.481977429060858054e-01,6.459141643998048687e-01,1.000000000000000000e+00,7.203351737771792607e-01,3.802100958864940150e-01,6.487580131502764802e-01,6.961126438161185925e-01,5.008705969077819065e-01,7.251291709168442567e-01,3.532121515419897051e-01,6.528011568180175361e-01,-3.249848333632334163e-01,6.650862199849105760e-01,6.597276934010573024e-01,6.500907683641710122e-01,-1.749322187772811565e-01,-2.051250280874708232e-01
7.466913554120947483e-01,6.634159950465097211e-01,7.435811427296042941e-01,-7.993323881101216388e-02,2.460479686151042233e-01,6.763526236596010266e-01,4.697846075333252935e-01,-6.790915465987051869e-01,-1.927118364365756342e-01,7.905013911537592808e-01,6.928551834458499536e-01,-4.637362283313017364e-01,-4.674299077561490101e-01,7.755898662031723845e-01,-3.816801734156541337e-01,7.159211011353187049e-01,7.097960888489470710e-01,-4.665508038638289251e-02,-3.910865291135449673e-01,6.327640108899365567e-02,7.024729590696204840e-01,3.279977686692749916e-01,4.796576591493389441e-01,6.661045053261517301e-01,7.203351737771792607e-01,1.000000000000000000e+00,5.972604788830768729e-01,7.892746118977208569e-01,7.823480113889249576e-01,6.605230146074455577e-01,7.984156433152226340e-01,4.973580944900244938e-01,7.623888048870061107e-01,-3.107636895450771042e-01,7.024402938955252029e-01,6.594069132550696155e-01,6.906717194327317566e-01,4.785520372820713242e-02,-1.556400325485046976e-01
3.562592142179394350e-01,2.011942202678495828e-01,4.548585928678546275e-01,5.532010189794455551e-02,1.770242898509752638e-01,2.585639273282325235e-01,-1.044138254262470464e-03,-4.283076243059276700e-01,1.748597509093077207e-01,3.467870197189049097e-01,2.823831672250298186e-01,3.098386840303985618e-02,-4.422336411471553541e-01,3.583357647882986496e-01,1.042692492170571930e-02,3.746060400672429624e-01,2.791341233827135948e-01,2.198422709776952644e-01,8.563638007999747892e-02,1.943873365488550387e-01,4.404790730124475973e-01,3.554463167926638634e-01,3.204016980186951691e-01,4.783036373994632440e-01,3.802100958864940150e-01,5.972604788830768729e-01,1.000000000000000000e+00,3.044541816893887587e-01,3.194534687424597785e-01,4.352983966320539411e-01,5.257534718247204308e-01,3.367306528193582116e-01,3.051276950344004035e-01,-7.838597191826638874e-03,2.349969648046972559e-01,2.758909897539699729e-01,2.907999294143607250e-01,4.044361479801130144e-01,1.777016369635728843e-01
6.017332090895768371e-01,5.590654055175543480e-01,7.215984689976351341e-01,-4.057513370365915112e-02,1.267818302702833078e-01,7.150526120797815466e-01,6.440248735062281682e-01,-6.166611253996693298e-01,-4.088313992681597009e-01,7.265272985043863541e-01,6.843180905425882976e-01,-5.753985875449830756e-01,-2.933506128066705188e-01,7.133396682232818753e-01,-4.942251324256384803e-01,5.947332830613326626e-01,7.035534494824583485e-01,-1.536637743794893041e-01,-4.555316593110350643e-01,2.784873440493210520e-02,6.386307851267506441e-01,2.452821957483373450e-01,3.102104502575753764e-01,4.627935978612235379e-01,6.487580131502764802e-01,7.892746118977208569e-01,3.044541816893887587e-01,1.000000000000000000e+00,7.886640450357259580e-01,5.228284848281615771e-01,7.733613342947046609e-01,4.079489042776157093e-01,8.036933992794419446e-01,-4.461365219891218481e-01,7.840870203623881984e-01,7.051662776928053766e-01,7.325164487440354311e-01,-2.778205263943114289e-01,-3.745692095608897376e-01
6.894391612916320744e-01,7.137699798492873615e-01,5.786630604724053439e-01,-1.729563916845427429e-01,-2.217804309185638766e-03,8.994701043608662738e-01,7.458606170978641092e-01,-5.008602215702786520e-01,-5.905578408650956623e-01,8.029472433178900248e-01,8.911711966210648095e-01,-7.840578903337992456e-01,-3.037837906841862612e-01,8.511263010360475834e-01,-7.259647943296756445e-01,6.133377979355637555e-01,9.045421916381318761e-01,-4.080788180261497589e-01,-7.065526354600386583e-01,-4.266066289169653802e-02,6.300445010865526330e-01,1.991524333716194473e-01,2.685696698876870459e-01,5.596215893960729826e-01,6.961126438161185925e-01,7.823480113889249576e-01,3.194534687424597785e-01,7.886640450357259580e-01,1.000000000000000000e+00,4.583518215006384677e-01,8.342359081692835021e-01,5.100420125710459773e-01,8.725446682296756906e-01,-6.447342306378933685e-01,9.338617963099731245e-01,7.153388608717097252e-01,9.005088074298864820e-01,-3.865888667021155078e-01,-5.376175386922416033e-01
6.730166053512778301e-01,5.578693757749358939e-01,6.334637943629441992e-01,2.541317355145965295e-02,4.068253204488492814e-01,3.581001184049318331e-01,1.668944002549059280e-01,-6.142895658275755455e-01,1.652729718980516238e-01,6.900894572929083814e-01,3.407735795992310468e-01,-1.531994091224458121e-01,-3.687367293982720673e-01,5.586606473993900313e-01,-1.534598690271634369e-01,7.694899813599461735e-01,3.476399244190629956e-01,1.896454986252853192e-01,-1.504797971344216112e-01,5.657670010061575244e-02,4.271381967488063203e-01,1.900219079416441414e-01,6.347139087194689777e-01,5.892033235475154784e-01,5.008705969077819065e-01,6.605230146074455577e-01,4.352983966320539411e-01,5.228284848281615771e-01,4.583518215006384677e-01,1.000000000000000000e+00,5.666515015627782148e-01,3.652232577055778973e-01,4.156931784643200234e-01,-4.340216345790717800e-02,3.729378919911942036e-01,6.207037891778470762e-01,4.359465623378145360e-01,1.724700222732485633e-01,1.649484170117725412e-01
6.655127607050810301e-01,6.617923312997867624e-01,7.050859532596958079e-01,-1.547639911943690938e-01,1.245332041172805410e-01,8.009612405641878263e-01,6.077308205680755915e-01,-6.333615418793083762e-01,-3.760414810696352528e-01,7.867784200212354362e-01,7.871025489101899364e-01,-5.997954374676985889e-01,-4.996960688849216292e-01,7.941111681989428961e-01,-5.838942958693289498e-01,6.864771198586416823e-01,7.715744122719220277e-01,-2.603190985077210029e-01,-5.464657090601211520e-01,-6.026706827511590231e-02,6.430269458230791768e-01,2.736575825946704343e-01,4.015887882765016292e-01,6.226649733040391377e-01,7.251291709168442567e-01,7.984156433152226340e-01,5.257534718247204308e-01,7.733613342947046609e-01,8.342359081692835021e-01,5.666515015627782148e-01,1.000000000000000000e+00,5.260775365485625965e-01,8.041694004028484555e-01,-4.590764364544740461e-01,8.233133555630277600e-01,7.456540615738554978e-01,8.473728085338748661e-01,-2.880378631025126146e-01,-3.401093690469766395e-01
6.921527598212465771e-01,6.815715319112338744e-01,4.978427348953425868e-01,-4.584269601995571985e-01,3.718172673991838595e-01,3.166717795402420599e-01,3.195076313874472551e-01,-4.946785312459586748e-01,-2.710186840396244107e-02,3.649118253786473032e-01,3.438503481867753453e-01,-2.631860705064039685e-01,-4.491965677178382799e-01,6.457257748204972003e-01,-2.058083834333421791e-01,5.392251092426296744e-01,4.054800750445750612e-01,-2.439328373544805417e-01,-3.458981651463417517e-01,-7.516014299217103900e-02,4.096588055125921501e-01,2.012639691274605291e-01,5.820227333602076003e-01,5.894913391870327812e-01,3.532121515419897051e-01,4.973580944900244938e-01,3.367306528193582116e-01,4.079489042776157093e-01,5.100420125710459773e-01,3.652232577055778973e-01,5.260775365485625965e-01,1.000000000000000000e+00,4.036745343302766686e-01,-7.162709829732308645e-03,4.407765227654427687e-01,5.274109520727265910e-01,4.851896116270451031e-01,6.823772353214982954e-03,1.108894590102411093e-01
5.723896895518051364e-01,5.965209106141600159e-01,6.342635874825566233e-01,-3.410028854568122186e-02,-1.520100601002840994e-02,8.620940102347608436e-01,7.415177711912518399e-01,-5.219273949378729904e-01,-5.906566931942168752e-01,7.259996035248980073e-01,8.756434990763679593e-01,-7.562714929571351385e-01,-2.544566482788750972e-01,7.627986354787072987e-01,-6.541802479975865614e-01,4.778945842286299595e-01,8.785525111091565531e-01,-3.163947435661862984e-01,-6.083233386292284939e-01,5.534403439580259931e-02,7.570381408358053399e-01,3.141130563011838572e-01,1.612449488184438950e-01,5.126438683356261405e-01,6.528011568180175361e-01,7.623888048870061107e-01,3.051276950344004035e-01,8.036933992794419446e-01,8.725446682296756906e-01,4.156931784643200234e-01,8.041694004028484555e-01,4.036745343302766686e-01,1.000000000000000000e+00,-6.245831563580193091e-01,8.818172195116243950e-01,6.463787083337957373e-01,8.415473399913663277e-01,-3.769285771049451506e-01,-5.659450630179044817e-01
-1.636698525899544232e-01,-2.475050710619584038e-01,8.565958648228308957e-04,4.267444480452068506e-02,6.061243514233509710e-01,-7.517984875291526814e-01,-7.322576444202005819e-01,-1.006941438225524843e-01,8.834043761663159522e-01,-4.161620929105528388e-01,-7.271018965012777668e-01,8.187323083094031340e-01,-1.033311108044027149e-01,-3.316900243913448731e-01,8.586257154533569746e-01,-6.172780022786735626e-02,-7.337242520341218377e-01,6.147268052951684325e-01,6.164831525986100846e-01,7.661992952481043451e-02,-1.978878123890190910e-01,7.644356943122662673e-02,2.714461239959445882e-01,-1.821072198236878270e-02,-3.249848333632334163e-01,-3.107636895450771042e-01,-7.838597191826638874e-03,-4.461365219891218481e-01,-6.447342306378933685e-01,-4.340216345790717800e-02,-4.590764364544740461e-01,-7.162709829732308645e-03,-6.245831563580193091e-01,1.000000000000000000e+00,-7.263010196537950103e-01,-2.903898360536117940e-01,-6.232885431086677697e-01,6.494949219907145688e-01,8.732454568847646259e-01
5.803768328503907670e-01,6.268823550044134718e-01,5.083600654620471504e-01,-1.516674277556144534e-01,-1.010229876350693945e-01,9.318386924882162692e-01,8.081965122857532879e-01,-4.115408651631492498e-01,-6.989196466087398418e-01,7.625956091425152295e-01,8.969622559283303431e-01,-8.359545926109833713e-01,-2.204585288522137310e-01,7.891536488329804477e-01,-7.884565609945199949e-01,5.186648533280101558e-01,9.067293257025083042e-01,-4.787513407239908925e-01,-7.161460268492293446e-01,-7.928503054892985236e-02,5.804365301995476623e-01,1.684574290402569563e-01,1.606680666032695159e-01,4.530654296170204542e-01,6.650862199849105760e-01,7.024402938955252029e-01,2.349969648046972559e-01,7.840870203623881984e-01,9.338617963099731245e-01,3.729378919911942036e-01,8.233133555630277600e-01,4.407765227654427687e-01,8.818172195116243950e-01,-7.263010196537950103e-01,1.000000000000000000e+00,6.816884578013031604e-01,9.058290969248741220e-01,-5.219721296701936852e-01,-6.509909955449302288e-01
7.537360854425780854e-01,7.652237831876295138e-01,6.922859447527586196e-01,-2.109242369560095365e-01,3.106949793390647585e-01,6.523795581534175270e-01,4.789704687008000672e-01,-6.481370922754843278e-01,-2.106153030232717493e-01,7.654079537771785180e-01,6.230099579405787846e-01,-4.884757647736353570e-01,-3.651902166473802724e-01,7.957997274458983306e-01,-4.428068658394618828e-01,7.633438005169062013e-01,6.296481484329931044e-01,-2.070259355838983406e-01,-5.122920748623730480e-01,-1.096848166077744741e-01,5.195097758774016583e-01,1.561989356639391646e-01,5.419183074547168077e-01,6.788510463500714298e-01,6.597276934010573024e-01,6.594069132550696155e-01,2.758909897539699729e-01,7.051662776928053766e-01,7.153388608717097252e-01,6.207037891778470762e-01,7.456540615738554978e-01,5.274109520727265910e-01,6.463787083337957373e-01,-2.903898360536117940e-01,6.816884578013031604e-01,1.000000000000000000e+00,7.241972619737712114e-01,-2.628085385471622404e-01,-1.733069542635461147e-01
6.303168808398514900e-01,6.733056717869175811e-01,5.578193639806132698e-01,-1.638369436710171156e-01,7.247350422514595852e-03,9.000947580817388882e-01,7.389922588828355954e-01,-4.863057172553504337e-01,-5.934743040605822140e-01,7.574153244873133017e-01,8.769363286718470096e-01,-7.784313908931628223e-01,-3.399843092371748199e-01,8.127288548598589069e-01,-7.164070852589629057e-01,5.830759801725721170e-01,8.765421283705965294e-01,-4.278002926859856281e-01,-7.156830996714805826e-01,-6.460723678925936464e-02,6.000084399186509376e-01,1.949819210458718088e-01,2.469189131900031975e-01,5.228976330957922913e-01,6.500907683641710122e-01,6.906717194327317566e-01,2.907999294143607250e-01,7.325164487440354311e-01,9.005088074298864820e-01,4.359465623378145360e-01,8.473728085338748661e-01,4.851896116270451031e-01,8.415473399913663277e-01,-6.232885431086677697e-01,9.058290969248741220e-01,7.241972619737712114e-01,1.000000000000000000e+00,-4.535070760917589427e-01,-5.562770492632660435e-01
-1.171516829060353058e-02,-1.852759836339960275e-01,4.308030885695152828e-02,8.684638115502649192e-02,3.881893425518056495e-01,-4.999416877496059564e-01,-5.935208425014424360e-01,-1.038907916452640745e-01,7.484573422241201923e-01,-2.082759726246538878e-01,-4.622216328600918800e-01,6.549895160212410028e-01,-1.787327334378581989e-01,-2.047682467063446365e-01,7.195639385150792711e-01,1.733246497842825043e-02,-4.324200847966692685e-01,6.357247346110809216e-01,6.026883618165128631e-01,2.069667341497589408e-01,-1.880931382880178873e-02,1.242097766184787344e-01,2.430025815935314970e-01,1.419061739210430717e-01,-1.749322187772811565e-01,4.785520372820713242e-02,4.044361479801130144e-01,-2.778205263943114289e-01,-3.865888667021155078e-01,1.724700222732485633e-01,-2.880378631025126146e-01,6.823772353214982954e-03,-3.769285771049451506e-01,6.494949219907145688e-01,-5.219721296701936852e-01,-2.628085385471622404e-01,-4.535070760917589427e-01,1.000000000000000000e+00,7.193125094134582564e-01
3.883253384991237206e-02,-9.160068255763850753e-02,4.957391377960913142e-02,2.627521184288604192e-02,5.803100825468593404e-01,-6.841257091751533626e-01,-6.932836092909872017e-01,-1.382354452994501437e-01,9.060789188498933333e-01,-2.451255823412691881e-01,-6.560531577265946712e-01,7.995294021704864029e-01,-1.357321779091867353e-01,-2.430929639131516329e-01,7.955950646071834331e-01,1.150093425884445159e-01,-6.538221302076779873e-01,6.200917723333416731e-01,6.171238697485421643e-01,9.188380225551762148e-02,-1.542198283104812551e-01,1.097978332760044112e-01,4.551262526412934717e-01,1.385834362039114476e-01,-2.051250280874708232e-01,-1.556400325485046976e-01,1.777016369635728843e-01,-3.745692095608897376e-01,-5.376175386922416033e-01,1.649484170117725412e-01,-3.401093690469766395e-01,1.108894590102411093e-01,-5.659450630179044817e-01,8.732454568847646259e-01,-6.509909955449302288e-01,-1.733069542635461147e-01,-5.562770492632660435e-01,7.193125094134582564e-01,1.000000000000000000e+00
