1.000000000000000000e+00,6.896786871245365047e-01,3.415807972475218279e-01,2.392197389094019300e-01,2.884201623844490636e-01,5.248410660953164442e-01,1.832532758387309391e-01,-4.245680631281264494e-01,3.274401079206957776e-01,6.283558380065152882e-01,4.708705006414461991e-01,-4.197097492132690899e-01,-5.572510420009503251e-01,4.125815554442485156e-01,-1.803402845588957526e-01,6.396732300824194972e-01,5.705480280697728945e-01,1.220980585353019926e-01,1.323772108032778561e-01,3.513238958878606155e-01,-2.916487767472181192e-01,-1.747029358024617673e-01,4.522607822218399631e-01,3.105207618003461012e-01,6.069941340696718424e-01,6.450328190435251630e-01,3.471144864271133446e-01,5.244680827544554447e-01,6.619299971417230699e-01,4.574975898519011985e-01,2.276882223778304293e-01,6.227026916222710984e-01,3.361612620355518000e-01,8.936529699397130488e-02,5.587966610114043498e-01,3.048517384018799015e-01,4.745515066749511623e-01,2.949244505751206225e-01,7.315545085886220045e-02
6.896786871245365047e-01,1.000000000000000000e+00,3.772691146408334584e-01,2.797991705793652084e-01,4.141455734002583156e-01,2.723766381870950104e-01,1.431460716107005593e-01,-4.224658709704242621e-01,5.327450330193856942e-01,5.401082727397613636e-01,3.491308515497317799e-01,-9.631691057908312037e-02,-5.290400163296021807e-01,4.257167172170397973e-01,-2.578485013684193861e-02,4.495299890209124571e-01,2.115614970016853336e-01,7.019355340245772568e-02,2.192759760900243604e-01,-1.563212068467997873e-02,-1.423314563907128460e-01,1.417711660566622033e-02,5.221973721765379439e-01,3.070805057530940907e-01,5.445390348484157039e-01,3.746215220533060664e-01,3.020308457519020329e-01,3.795756671131123583e-01,5.285762405990367396e-01,5.771554752669501021e-01,2.023880088596304583e-01,5.061448014964450293e-01,1.429675489634320840e-01,2.903363786595439811e-01,2.631685623200435420e-01,4.477849283799566482e-01,2.143784569324021783e-01,2.800125102618534756e-01,2.768258195331282923e-01
3.415807972475218279e-01,3.772691146408334584e-01,1.000000000000000000e+00,1.607909735067729329e-01,7.906290045564144942e-01,1.927526414734906102e-01,4.083703817234253797e-01,-8.713231836660169094e-01,3.897795074384629022e-01,5.461728495105012682e-01,2.842783954134995850e-01,-1.378700572698275395e-01,-3.078898811615822240e-01,5.497304549607986424e-01,-4.181636772579151451e-01,4.677190562815123354e-01,1.607756654295303678e-01,2.264533499393200089e-01,-3.365140666082858806e-02,-1.069736147561943795e-01,8.149160332643985705e-02,3.486100351207969683e-01,3.531185192935113459e-01,2.051036995333037627e-01,4.663380153650004134e-01,2.641087204522706289e-01,3.378573114661977961e-01,3.777641865376325514e-01,2.683865036440272189e-01,4.861857858801413301e-01,4.468121851941782574e-01,3.847069836586293201e-01,5.110134397548381502e-01,6.434694261983556762e-01,3.241656818335573731e-01,3.698384072769676512e-01,2.745840967914645603e-01,4.557966987537572789e-01,4.056189606939428205e-01
2.392197389094019300e-01,2.797991705793652084e-01,1.607909735067729329e-01,1.000000000000000000e+00,2.194297786056813859e-01,3.627091967438844100e-01,2.881259513914807835e-01,-2.547028177591357245e-01,3.754728101698782128e-01,3.893816276083269523e-01,1.240165154511554957e-01,-1.197231545585000778e-01,-4.930582687010433007e-01,2.597951296403790966e-01,-2.069018234022257652e-01,3.859506167512688490e-01,5.297088671718508390e-02,3.540669777664871565e-01,6.172855788079584238e-01,2.171812338501359629e-01,-4.144268539415852937e-01,-1.061072032217713346e-01,6.364544405205729838e-01,4.189160179627429703e-01,4.666932995629542447e-01,2.079801115216382001e-01,1.267822725185650257e-01,4.587029113387488533e-01,2.503928454080585064e-01,1.213277093373184151e-01,-7.847715652198021530e-02,2.252697210685637719e-01,3.632459385868648527e-02,1.085536595704060803e-01,1.446469799674138419e-02,-6.311676267296843779e-02,4.643553917952220056e-02,2.450012751974368352e-01,2.521485381042402607e-01
2.884201623844490636e-01,4.141455734002583156e-01,7.906290045564144942e-01,2.194297786056813859e-01,1.000000000000000000e+00,2.355787557238483432e-01,3.130828086650008224e-01,-7.962765225134140756e-01,5.364930227767510384e-01,5.139952800979354919e-01,3.210480902641684176e-01,-8.811858082960390137e-02,-3.379125747780952760e-01,6.413930354736566697e-01,-2.637254272809078093e-01,4.721790229920972415e-01,1.392856110875294873e-01,3.452623041887364908e-01,8.888304165123656064e-02,-1.868984506840478399e-01,-5.873572981092767958e-02,2.983687202125149263e-01,4.944675714300850178e-01,2.950045932364928625e-01,4.943793706290117718e-01,2.022785633730479760e-01,2.199680997851007902e-01,3.078250501544461670e-01,2.401338498719239600e-01,4.318884046200701654e-01,2.560589513789295335e-01,3.815420779963107911e-01,4.012327964968949723e-01,7.392133282021305929e-01,2.532687115708341374e-01,3.783181518615774674e-01,2.189084403090881814e-01,5.506269388315221391e-01,4.906516891104847344e-01
5.248410660953164442e-01,2.723766381870950104e-01,1.927526414734906102e-01,3.627091967438844100e-01,2.355787557238483432e-01,1.000000000000000000e+00,3.807681729389223446e-01,-3.670760123214014681e-01,-7.620996911011201913e-02,6.056891483420234756e-01,6.402467671092135770e-01,-6.851815875091363806e-01,-5.053081279207592980e-01,4.391739859701610516e-01,-3.298805776738908957e-01,7.465588786829207013e-01,7.703348877412974360e-01,3.299884644287241486e-01,3.661087926790796976e-01,4.556836187215734801e-01,-6.846585119355732552e-01,-4.697500265773485451e-01,5.976667120835232883e-01,4.609862410374245822e-01,6.468961676840125907e-01,6.293971822603511290e-01,4.706208628986889853e-01,4.243819315832504380e-01,5.811315776875084493e-01,-5.372191617946332071e-02,-2.276636073085806788e-02,7.049073274095267738e-01,4.629816866279098941e-01,-1.478230619000910351e-01,6.396582329262665567e-01,5.382719128543166087e-02,6.806571566997533518e-01,2.281961506594795408e-01,2.995042268497517812e-02
1.832532758387309391e-01,1.431460716107005593e-01,4.083703817234253797e-01,2.881259513914807835e-01,3.130828086650008224e-01,3.807681729389223446e-01,1.000000000000000000e+00,-4.604201877696932899e-01,1.423451516836138631e-01,4.490993878970731545e-01,3.001582071149132558e-01,-2.710426858360869828e-01,-3.919925216092042808e-01,3.029186175047122176e-01,-2.708557274737759535e-01,3.653104478219497686e-01,2.582478088220411805e-01,3.224462496237005538e-01,2.652257782305283418e-01,1.312085051302079586e-01,-3.042996000353621611e-01,9.070164269249925137e-02,4.525578929821815199e-01,3.295122756447286250e-01,4.344754947245234034e-01,2.700346470728428039e-01,3.935923051356690072e-01,4.741200711029774362e-01,2.720168712367229125e-01,1.232997024191431201e-01,2.506419736229207884e-01,2.778877285674177244e-01,4.708541185670235829e-01,1.897212038018871449e-01,1.591902139380360903e-01,1.394416338955131174e-01,2.012426123881349282e-01,2.761281569117933210e-01,1.800011255784814690e-01
-4.245680631281264494e-01,-4.224658709704242621e-01,-8.713231836660169094e-01,-2.547028177591357245e-01,-7.962765225134140756e-01,-3.670760123214014681e-01,-4.604201877696932899e-01,1.000000000000000000e+00,-3.913146970467269448e-01,-6.191142279573216278e-01,-3.800740110747690692e-01,2.697572263137971715e-01,4.464556697578660471e-01,-6.189476377336499135e-01,4.151897964088244186e-01,-5.856509146010857592e-01,-2.936883826346531889e-01,-3.261675422893934861e-01,-8.336482411600600051e-02,1.952216918474564524e-03,1.432910899265345817e-01,-1.944991554458528893e-01,-5.103292486233542702e-01,-3.234775751154587153e-01,-5.904504262635603684e-01,-3.856439831827234710e-01,-3.574638750307252977e-01,-4.427771504152841486e-01,-3.533236111789279654e-01,-4.039577219667749852e-01,-3.352077328808950596e-01,-4.812685657464311761e-01,-5.376929920645443506e-01,-5.876081869810072522e-01,-3.878479582850519192e-01,-3.159170482923112644e-01,-3.414338134127092306e-01,-5.165311500056841698e-01,-3.825965749938827765e-01
3.274401079206957776e-01,5.327450330193856942e-01,3.897795074384629022e-01,3.754728101698782128e-01,5.364930227767510384e-01,-7.620996911011201913e-02,1.423451516836138631e-01,-3.913146970467269448e-01,1.000000000000000000e+00,2.742735934124780894e-01,5.345802178845832087e-02,2.079151225654207180e-01,-4.256718657344448209e-01,3.982869533263621031e-01,1.169016593728914588e-01,1.552777557654665685e-01,-1.324980740868628992e-01,3.126205533846425078e-01,2.557088501120749480e-01,-2.731464391110287049e-01,-3.029860520041559313e-02,3.436519931508817960e-01,4.592498634762235965e-01,2.328076680108093488e-01,3.281810497010180239e-01,4.525181445399857616e-02,-6.316640843487734969e-02,3.026899626225992845e-01,2.179658281036017664e-01,5.667629600427270820e-01,9.301115609957746888e-02,1.351916225211046430e-01,-1.599883235079764196e-02,6.073264693483276799e-01,-1.220037935791034034e-01,3.357638242184466937e-01,-1.496300733533394711e-01,5.280992694803499088e-01,4.644928693714677204e-01
6.283558380065152882e-01,5.401082727397613636e-01,5.461728495105012682e-01,3.893816276083269523e-01,5.139952800979354919e-01,6.056891483420234756e-01,4.490993878970731545e-01,-6.191142279573216278e-01,2.742735934124780894e-01,1.000000000000000000e+00,5.530759299596046397e-01,-3.671207180979847995e-01,-5.187803906890576799e-01,4.950216473641658732e-01,-4.115252051760207586e-01,7.995502016727176198e-01,4.513423009570654565e-01,3.351981730608711851e-01,2.735114799259522611e-01,2.922965049452246333e-01,-3.361417526394208100e-01,2.163391259254269020e-02,6.485544701700060033e-01,4.303348949347506891e-01,7.439900658674746259e-01,5.378739639394125582e-01,5.156257777490212968e-01,5.562223085539836909e-01,5.238032227772629890e-01,4.090762309859325430e-01,2.747108560076819139e-01,6.311598626647793031e-01,5.054522896271238519e-01,2.425469418444503866e-01,4.934428675213858861e-01,3.031053993954838655e-01,4.314754642250761552e-01,4.110338359143051457e-01,3.571167306852257584e-01
4.708705006414461991e-01,3.491308515497317799e-01,2.842783954134995850e-01,1.240165154511554957e-01,3.210480902641684176e-01,6.402467671092135770e-01,3.001582071149132558e-01,-3.800740110747690692e-01,5.345802178845832087e-02,5.530759299596046397e-01,1.000000000000000000e+00,-4.305010380779799029e-01,-4.633498829702267230e-01,5.114509835070136790e-01,-2.193046980978203275e-01,5.948104071816147087e-01,6.734336838981299644e-01,1.822103585900853029e-01,1.237667879262532300e-01,1.272410149682833280e-01,-3.719490825073401008e-01,-1.527773114310895242e-01,5.038716118043149450e-01,4.575904701877235303e-01,5.522603024741684630e-01,5.521001356113448555e-01,5.456494105146719731e-01,4.108924187276739581e-01,4.576480649454222616e-01,6.444561419968640459e-02,2.639791564192837670e-01,6.654360040912705720e-01,4.849703814715972672e-01,3.535263386277369413e-02,3.841387406224601175e-01,1.238109142315839128e-01,4.404801671129661145e-01,2.259819337259204863e-01,1.071230890478263170e-01
-4.197097492132690899e-01,-9.631691057908312037e-02,-1.378700572698275395e-01,-1.197231545585000778e-01,-8.811858082960390137e-02,-6.851815875091363806e-01,-2.710426858360869828e-01,2.697572263137971715e-01,2.079151225654207180e-01,-3.671207180979847995e-01,-4.305010380779799029e-01,1.000000000000000000e+00,2.128288186390684400e-01,-2.656657693381383467e-01,5.251326045883845106e-01,-5.739875201429635032e-01,-7.198005545311536579e-01,-9.172701997750483394e-02,-1.381583586995904431e-02,-3.790569340284175581e-01,5.100324258345465545e-01,5.488007816736865108e-01,-3.069039653856874827e-01,-3.015800498576864386e-01,-5.170777538326853939e-01,-5.615022098828090780e-01,-2.490120143585984047e-01,-1.882303148279648175e-01,-4.991540614360668870e-01,4.999536784969881714e-02,1.740257474636229817e-01,-4.377678831959651573e-01,-4.424861520276341942e-01,2.585090018603650175e-01,-6.494218517086467468e-01,-2.204700213128321998e-02,-6.542450462169211445e-01,-2.287149405238834143e-01,1.516846302298608395e-01
-5.572510420009503251e-01,-5.290400163296021807e-01,-3.078898811615822240e-01,-4.930582687010433007e-01,-3.379125747780952760e-01,-5.053081279207592980e-01,-3.919925216092042808e-01,4.464556697578660471e-01,-4.256718657344448209e-01,-5.187803906890576799e-01,-4.633498829702267230e-01,2.128288186390684400e-01,1.000000000000000000e+00,-4.800773371106008547e-01,1.128720841238293054e-01,-5.154330124064991914e-01,-3.875470600424672507e-01,-4.125156508113793086e-01,-4.710820329884957691e-01,-2.076472879610747613e-01,5.063863431501731682e-01,1.266861088218506071e-01,-7.017847914611862192e-01,-4.452952735625293479e-01,-5.998104559709331873e-01,-5.289540150445605216e-01,-3.920357240033223722e-01,-6.205717830808827884e-01,-5.056381879439376670e-01,-1.908005970959860409e-01,-2.274912054173136577e-01,-5.579086998292617228e-01,-2.528810336141817938e-01,-1.935865778205677901e-01,-2.190533238036614372e-01,-7.825870630772863157e-02,-2.755257903517970286e-01,-3.677177305320900591e-01,-2.469951940739678331e-01
4.125815554442485156e-01,4.257167172170397973e-01,5.497304549607986424e-01,2.597951296403790966e-01,6.413930354736566697e-01,4.391739859701610516e-01,3.029186175047122176e-01,-6.189476377336499135e-01,3.982869533263621031e-01,4.950216473641658732e-01,5.114509835070136790e-01,-2.656657693381383467e-01,-4.800773371106008547e-01,1.000000000000000000e+00,-1.913501391452747669e-01,5.344731455051693336e-01,4.082639855176153909e-01,3.328905565406191647e-01,2.157689932080467943e-01,-7.717191821634236670e-02,-2.761372142506365868e-01,-8.068870786041121637e-03,6.006543372234216527e-01,7.015865721016746326e-01,5.051622569268318097e-01,2.980694272032534675e-01,2.098947643618824799e-01,3.431886121563514913e-01,4.472259492003319847e-01,2.882092698395745112e-01,1.274709281690797336e-01,5.914216527309367200e-01,4.675023602467578976e-01,4.460409119208476603e-01,3.089819658461192553e-01,2.641451579037545350e-01,4.368968990562310251e-01,3.889140514719085506e-01,2.698094510598670892e-01
-1.803402845588957526e-01,-2.578485013684193861e-02,-4.181636772579151451e-01,-2.069018234022257652e-01,-2.637254272809078093e-01,-3.298805776738908957e-01,-2.708557274737759535e-01,4.151897964088244186e-01,1.169016593728914588e-01,-4.115252051760207586e-01,-2.193046980978203275e-01,5.251326045883845106e-01,1.128720841238293054e-01,-1.913501391452747669e-01,1.000000000000000000e+00,-4.226703136205032796e-01,-2.776997236751693743e-01,-7.145846132217646696e-02,7.266852196796265428e-02,-2.043441567710515827e-01,1.000626597907704890e-01,1.053964924115260854e-01,-1.829509286414449376e-01,-1.233662680176027676e-01,-3.905700812710807268e-01,-2.840692160017879164e-01,-2.646936122024089455e-01,-2.164268891581709597e-01,-2.702559545259037854e-01,-5.639979816663270168e-02,-1.694056098003783872e-01,-2.449461574999255431e-01,-4.553422644886697679e-01,-1.094273599864144242e-02,-4.335480466789847220e-01,-3.217650109264720559e-02,-4.123677928876191556e-01,-1.685357880426821275e-01,-1.101289626033692508e-02
6.396732300824194972e-01,4.495299890209124571e-01,4.677190562815123354e-01,3.859506167512688490e-01,4.721790229920972415e-01,7.465588786829207013e-01,3.653104478219497686e-01,-5.856509146010857592e-01,1.552777557654665685e-01,7.995502016727176198e-01,5.948104071816147087e-01,-5.739875201429635032e-01,-5.154330124064991914e-01,5.344731455051693336e-01,-4.226703136205032796e-01,1.000000000000000000e+00,6.374610851822964941e-01,4.131734963803495586e-01,3.078748574805909577e-01,3.655437385475195922e-01,-4.843223269803239583e-01,-2.043580956712286179e-01,6.570955717332556123e-01,4.692058419373317246e-01,7.520508645095952405e-01,6.676623435278461471e-01,4.730654760492599697e-01,5.474603709306999910e-01,5.156245661947758130e-01,2.700593070372244164e-01,9.279171210610311082e-02,6.856781224511243611e-01,4.842549021125522324e-01,1.218155281988154981e-01,6.263167114514730516e-01,2.481419183654925975e-01,5.929749836757416404e-01,4.813788641556315806e-01,2.530119209316799012e-01
5.705480280697728945e-01,2.115614970016853336e-01,1.607756654295303678e-01,5.297088671718508390e-02,1.392856110875294873e-01,7.703348877412974360e-01,2.582478088220411805e-01,-2.936883826346531889e-01,-1.324980740868628992e-01,4.513423009570654565e-01,6.734336838981299644e-01,-7.198005545311536579e-01,-3.875470600424672507e-01,4.082639855176153909e-01,-2.776997236751693743e-01,6.374610851822964941e-01,1.000000000000000000e+00,2.079592960634156773e-01,7.766272985452436772e-02,3.857865503043879651e-01,-5.065911956834350249e-01,-4.504631733837747842e-01,3.594700036638251439e-01,3.632386801871078097e-01,5.163133134620864206e-01,7.018389261410510338e-01,4.294266640441370964e-01,3.496276616433464657e-01,5.538825492462633449e-01,-5.681680017003815780e-02,3.740378924808523964e-02,6.886166313745932799e-01,4.714503955807252122e-01,-1.856731988051270876e-01,6.604725760143961288e-01,6.573046386574660227e-02,7.020159284614573281e-01,2.012567243726345045e-01,-1.142254344215679479e-01
1.220980585353019926e-01,7.019355340245772568e-02,2.264533499393200089e-01,3.540669777664871565e-01,3.452623041887364908e-01,3.299884644287241486e-01,3.224462496237005538e-01,-3.261675422893934861e-01,3.126205533846425078e-01,3.351981730608711851e-01,1.822103585900853029e-01,-9.172701997750483394e-02,-4.125156508113793086e-01,3.328905565406191647e-01,-7.145846132217646696e-02,4.131734963803495586e-01,2.079592960634156773e-01,1.000000000000000000e+00,6.200821785567752764e-01,2.615283934974506341e-02,-5.156026644345097498e-01,-8.235146977695982640e-02,5.037242029151469680e-01,3.480122907900530804e-01,3.476078006890943040e-01,2.611635601466871792e-01,1.349866614910525953e-01,4.302564823139712336e-01,1.321369755711685468e-01,-5.304130430297333831e-02,-1.611219567006031139e-01,3.199630225627789204e-01,8.140127185050367864e-02,1.498219950820392776e-01,6.223267860202776058e-02,4.791308175503268540e-02,1.529688542781572069e-01,5.976227068145669730e-01,3.062153190795054436e-01
1.323772108032778561e-01,2.192759760900243604e-01,-3.365140666082858806e-02,6.172855788079584238e-01,8.888304165123656064e-02,3.661087926790796976e-01,2.652257782305283418e-01,-8.336482411600600051e-02,2.557088501120749480e-01,2.735114799259522611e-01,1.237667879262532300e-01,-1.381583586995904431e-02,-4.710820329884957691e-01,2.157689932080467943e-01,7.266852196796265428e-02,3.078748574805909577e-01,7.766272985452436772e-02,6.200821785567752764e-01,1.000000000000000000e+00,1.035865686859941404e-01,-5.689217921491058760e-01,-2.818266104390483306e-01,5.803938440397906628e-01,4.495599607945309772e-01,3.245161268889908968e-01,1.367623973486070121e-01,9.113578870754558692e-02,3.235721516046083379e-01,2.462306886125997796e-01,-6.721379458183476818e-02,-2.814799152486337497e-01,2.793868216529595272e-01,-1.865878565856941562e-01,-1.323926704808975618e-01,-1.971806829759747623e-02,-5.285781851948402263e-03,8.367265055564873655e-02,2.160211839094265396e-01,1.881965700996651447e-01
3.513238958878606155e-01,-1.563212068467997873e-02,-1.069736147561943795e-01,2.171812338501359629e-01,-1.868984506840478399e-01,4.556836187215734801e-01,1.312085051302079586e-01,1.952216918474564524e-03,-2.731464391110287049e-01,2.922965049452246333e-01,1.272410149682833280e-01,-3.790569340284175581e-01,-2.076472879610747613e-01,-7.717191821634236670e-02,-2.043441567710515827e-01,3.655437385475195922e-01,3.857865503043879651e-01,2.615283934974506341e-02,1.035865686859941404e-01,1.000000000000000000e+00,-3.080115524156555873e-01,-2.817501678715746416e-01,1.150469374295883945e-01,6.371212672004988864e-02,2.129079312116391176e-01,4.396828747240323354e-01,1.346322700833711417e-01,3.163094647142842830e-01,2.244731290555232184e-01,-1.159601350734585784e-01,-5.546717478280465199e-03,2.007332765161650157e-01,2.238958617741660939e-01,-3.362334383738943555e-01,3.868536508591990386e-01,-1.311074401871491768e-01,3.584164487319997372e-01,-1.130882173293737414e-01,-2.783581454947151035e-01
-2.916487767472181192e-01,-1.423314563907128460e-01,8.149160332643985705e-02,-4.144268539415852937e-01,-5.873572981092767958e-02,-6.846585119355732552e-01,-3.042996000353621611e-01,1.432910899265345817e-01,-3.029860520041559313e-02,-3.361417526394208100e-01,-3.719490825073401008e-01,5.100324258345465545e-01,5.063863431501731682e-01,-2.761372142506365868e-01,1.000626597907704890e-01,-4.843223269803239583e-01,-5.065911956834350249e-01,-5.156026644345097498e-01,-5.689217921491058760e-01,-3.080115524156555873e-01,1.000000000000000000e+00,5.740028057111209447e-01,-5.916568347179095300e-01,-4.584639429187482018e-01,-5.020002879336428192e-01,-4.146956089610021601e-01,-1.898680302177897239e-01,-2.909964249312295137e-01,-3.788328346578755390e-01,1.923853715383907481e-01,3.519335573522448524e-01,-4.343836134825176387e-01,-1.187965923304521582e-01,2.403854704771108686e-01,-2.510253864118380807e-01,1.060276019916030210e-01,-3.269162990559058013e-01,-2.671450483311530455e-01,3.956271716464909889e-03
-1.747029358024617673e-01,1.417711660566622033e-02,3.486100351207969683e-01,-1.061072032217713346e-01,2.983687202125149263e-01,-4.697500265773485451e-01,9.070164269249925137e-02,-1.944991554458528893e-01,3.436519931508817960e-01,2.163391259254269020e-02,-1.527773114310895242e-01,5.488007816736865108e-01,1.266861088218506071e-01,-8.068870786041121637e-03,1.053964924115260854e-01,-2.043580956712286179e-01,-4.504631733837747842e-01,-8.235146977695982640e-02,-2.818266104390483306e-01,-2.817501678715746416e-01,5.740028057111209447e-01,1.000000000000000000e+00,-1.129908042089192849e-01,-2.111426100662900651e-01,-1.718976005077327007e-01,-2.837145412191550697e-01,2.331808552670284335e-02,9.941735358120808164e-02,-3.114969984273848191e-01,3.493727466789658398e-01,4.734949345478981497e-01,-2.411825592528084317e-01,1.153610991914118256e-01,5.826604234413588213e-01,-3.431193526664358395e-01,2.356509272831828761e-01,-3.782547205946337199e-01,1.316121159171748933e-01,3.573097650078097542e-01
4.522607822218399631e-01,5.221973721765379439e-01,3.531185192935113459e-01,6.364544405205729838e-01,4.944675714300850178e-01,5.976667120835232883e-01,4.525578929821815199e-01,-5.103292486233542702e-01,4.592498634762235965e-01,6.485544701700060033e-01,5.038716118043149450e-01,-3.069039653856874827e-01,-7.017847914611862192e-01,6.006543372234216527e-01,-1.829509286414449376e-01,6.570955717332556123e-01,3.594700036638251439e-01,5.037242029151469680e-01,5.803938440397906628e-01,1.150469374295883945e-01,-5.916568347179095300e-01,-1.129908042089192849e-01,1.000000000000000000e+00,6.592678516956668178e-01,7.534051271275011841e-01,4.230379971602696298e-01,3.691140868364971572e-01,5.579539442874419386e-01,4.685808523699169226e-01,2.168302525898501143e-01,-8.544553850749574825e-03,5.575676578521360227e-01,3.199773234012871503e-01,2.711931842812491111e-01,2.058803094570469672e-01,1.234492060406758157e-01,2.740669817040620182e-01,5.283328958390072216e-01,4.348744343419567726e-01
3.105207618003461012e-01,3.070805057530940907e-01,2.051036995333037627e-01,4.189160179627429703e-01,2.950045932364928625e-01,4.609862410374245822e-01,3.295122756447286250e-01,-3.234775751154587153e-01,2.328076680108093488e-01,4.303348949347506891e-01,4.575904701877235303e-01,-3.015800498576864386e-01,-4.452952735625293479e-01,7.015865721016746326e-01,-1.233662680176027676e-01,4.692058419373317246e-01,3.632386801871078097e-01,3.480122907900530804e-01,4.495599607945309772e-01,6.371212672004988864e-02,-4.584639429187482018e-01,-2.111426100662900651e-01,6.592678516956668178e-01,1.000000000000000000e+00,4.935410858128612688e-01,2.467117179679894357e-01,1.671493292925151364e-01,3.129742103841424150e-01,4.407659223871660537e-01,1.184799902748962241e-01,-1.109392474179681926e-01,4.905853371879521641e-01,3.264860965514527757e-01,9.049974980508297684e-02,1.605889051984602522e-01,1.762251267333859311e-02,3.347347429852448042e-01,2.719876706347710282e-01,2.149799474979088021e-01
6.069941340696718424e-01,5.445390348484157039e-01,4.663380153650004134e-01,4.666932995629542447e-01,4.943793706290117718e-01,6.468961676840125907e-01,4.344754947245234034e-01,-5.904504262635603684e-01,3.281810497010180239e-01,7.439900658674746259e-01,5.522603024741684630e-01,-5.170777538326853939e-01,-5.998104559709331873e-01,5.051622569268318097e-01,-3.905700812710807268e-01,7.520508645095952405e-01,5.163133134620864206e-01,3.476078006890943040e-01,3.245161268889908968e-01,2.129079312116391176e-01,-5.020002879336428192e-01,-1.718976005077327007e-01,7.534051271275011841e-01,4.935410858128612688e-01,1.000000000000000000e+00,5.419349217866678003e-01,4.937883242072645396e-01,5.327535571479691257e-01,5.606887099734974012e-01,3.535580517979569071e-01,1.111151391919334985e-01,5.927255423563416725e-01,4.387582419881319584e-01,2.095795463814902615e-01,4.896990387664914013e-01,1.549682754388622963e-01,4.292131885344502296e-01,5.343321608200278794e-01,3.724591752423532243e-01
6.450328190435251630e-01,3.746215220533060664e-01,2.641087204522706289e-01,2.079801115216382001e-01,2.022785633730479760e-01,6.293971822603511290e-01,2.700346470728428039e-01,-3.856439831827234710e-01,4.525181445399857616e-02,5.378739639394125582e-01,5.521001356113448555e-01,-5.615022098828090780e-01,-5.289540150445605216e-01,2.980694272032534675e-01,-2.840692160017879164e-01,6.676623435278461471e-01,7.018389261410510338e-01,2.611635601466871792e-01,1.367623973486070121e-01,4.396828747240323354e-01,-4.146956089610021601e-01,-2.837145412191550697e-01,4.230379971602696298e-01,2.467117179679894357e-01,5.419349217866678003e-01,1.000000000000000000e+00,4.693156934717054307e-01,5.578147580611059198e-01,5.462852895368472961e-01,5.743523680079878208e-02,1.765927072839212908e-01,6.454061198321816573e-01,3.773372621373461411e-01,-6.067864094118290141e-02,5.766518321564345628e-01,1.081106938905415232e-01,5.680984156019031062e-01,2.972911074185319302e-01,-2.939752537741820507e-02
3.471144864271133446e-01,3.020308457519020329e-01,3.378573114661977961e-01,1.267822725185650257e-01,2.199680997851007902e-01,4.706208628986889853e-01,3.935923051356690072e-01,-3.574638750307252977e-01,-6.316640843487734969e-02,5.156257777490212968e-01,5.456494105146719731e-01,-2.490120143585984047e-01,-3.920357240033223722e-01,2.098947643618824799e-01,-2.646936122024089455e-01,4.730654760492599697e-01,4.294266640441370964e-01,1.349866614910525953e-01,9.113578870754558692e-02,1.346322700833711417e-01,-1.898680302177897239e-01,2.331808552670284335e-02,3.691140868364971572e-01,1.671493292925151364e-01,4.937883242072645396e-01,4.693156934717054307e-01,1.000000000000000000e+00,4.901941105572660828e-01,2.775817520861879606e-01,5.046235820690000984e-02,5.210313056888622452e-01,5.478615500953659678e-01,5.162480263662776458e-01,9.362389354965962307e-02,3.548477498684216580e-01,6.971890277495734756e-02,3.382313662925899300e-01,2.060923931041411250e-01,3.234581538058807770e-01
5.244680827544554447e-01,3.795756671131123583e-01,3.777641865376325514e-01,4.587029113387488533e-01,3.078250501544461670e-01,4.243819315832504380e-01,4.741200711029774362e-01,-4.427771504152841486e-01,3.026899626225992845e-01,5.562223085539836909e-01,4.108924187276739581e-01,-1.882303148279648175e-01,-6.205717830808827884e-01,3.431886121563514913e-01,-2.164268891581709597e-01,5.474603709306999910e-01,3.496276616433464657e-01,4.302564823139712336e-01,3.235721516046083379e-01,3.163094647142842830e-01,-2.909964249312295137e-01,9.941735358120808164e-02,5.579539442874419386e-01,3.129742103841424150e-01,5.327535571479691257e-01,5.578147580611059198e-01,4.901941105572660828e-01,1.000000000000000000e+00,3.720360415466830717e-01,2.270160816486210542e-01,3.847459582219462937e-01,4.382123957883007903e-01,4.631142168264655301e-01,2.347578252026467360e-01,1.956927733684387105e-01,7.237658187576562208e-02,2.284553250451517858e-01,4.222264365091151217e-01,2.179376411207464281e-01
6.619299971417230699e-01,5.285762405990367396e-01,2.683865036440272189e-01,2.503928454080585064e-01,2.401338498719239600e-01,5.811315776875084493e-01,2.720168712367229125e-01,-3.533236111789279654e-01,2.179658281036017664e-01,5.238032227772629890e-01,4.576480649454222616e-01,-4.991540614360668870e-01,-5.056381879439376670e-01,4.472259492003319847e-01,-2.702559545259037854e-01,5.156245661947758130e-01,5.538825492462633449e-01,1.321369755711685468e-01,2.462306886125997796e-01,2.244731290555232184e-01,-3.788328346578755390e-01,-3.114969984273848191e-01,4.685808523699169226e-01,4.407659223871660537e-01,5.606887099734974012e-01,5.462852895368472961e-01,2.775817520861879606e-01,3.720360415466830717e-01,1.000000000000000000e+00,2.551443146193485001e-01,9.937428935742431690e-02,6.237068675963824971e-01,3.183314289900707195e-01,-5.106103690501259673e-02,6.008701500311555144e-01,2.182973231947535064e-01,6.386738312544366636e-01,1.708193354959768595e-01,-2.755530960031881901e-02
4.574975898519011985e-01,5.771554752669501021e-01,4.861857858801413301e-01,1.213277093373184151e-01,4.318884046200701654e-01,-5.372191617946332071e-02,1.232997024191431201e-01,-4.039577219667749852e-01,5.667629600427270820e-01,4.090762309859325430e-01,6.444561419968640459e-02,4.999536784969881714e-02,-1.908005970959860409e-01,2.882092698395745112e-01,-5.639979816663270168e-02,2.700593070372244164e-01,-5.681680017003815780e-02,-5.304130430297333831e-02,-6.721379458183476818e-02,-1.159601350734585784e-01,1.923853715383907481e-01,3.493727466789658398e-01,2.168302525898501143e-01,1.184799902748962241e-01,3.535580517979569071e-01,5.743523680079878208e-02,5.046235820690000984e-02,2.270160816486210542e-01,2.551443146193485001e-01,1.000000000000000000e+00,2.541881723189581832e-01,1.665420067579404251e-01,1.228161619577183145e-01,4.406289686967310160e-01,1.192710455955556942e-01,5.008450788460586667e-01,1.656141085889675443e-02,3.033411831650844048e-01,3.241370481844143003e-01
2.276882223778304293e-01,2.023880088596304583e-01,4.468121851941782574e-01,-7.847715652198021530e-02,2.560589513789295335e-01,-2.276636073085806788e-02,2.506419736229207884e-01,-3.352077328808950596e-01,9.301115609957746888e-02,2.747108560076819139e-01,2.639791564192837670e-01,1.740257474636229817e-01,-2.274912054173136577e-01,1.274709281690797336e-01,-1.694056098003783872e-01,9.279171210610311082e-02,3.740378924808523964e-02,-1.611219567006031139e-01,-2.814799152486337497e-01,-5.546717478280465199e-03,3.519335573522448524e-01,4.734949345478981497e-01,-8.544553850749574825e-03,-1.109392474179681926e-01,1.111151391919334985e-01,1.765927072839212908e-01,5.210313056888622452e-01,3.847459582219462937e-01,9.937428935742431690e-02,2.541881723189581832e-01,1.000000000000000000e+00,2.015144830503459716e-01,4.367321945948022810e-01,3.501117355088685934e-01,9.677070973888818317e-02,1.233582266349291523e-01,7.414376040507326959e-02,-1.293399549971398742e-02,1.704194997977490078e-01
6.227026916222710984e-01,5.061448014964450293e-01,3.847069836586293201e-01,2.252697210685637719e-01,3.815420779963107911e-01,7.049073274095267738e-01,2.778877285674177244e-01,-4.812685657464311761e-01,1.351916225211046430e-01,6.311598626647793031e-01,6.654360040912705720e-01,-4.377678831959651573e-01,-5.579086998292617228e-01,5.914216527309367200e-01,-2.449461574999255431e-01,6.856781224511243611e-01,6.886166313745932799e-01,3.199630225627789204e-01,2.793868216529595272e-01,2.007332765161650157e-01,-4.343836134825176387e-01,-2.411825592528084317e-01,5.575676578521360227e-01,4.905853371879521641e-01,5.927255423563416725e-01,6.454061198321816573e-01,5.478615500953659678e-01,4.382123957883007903e-01,6.237068675963824971e-01,1.665420067579404251e-01,2.015144830503459716e-01,1.000000000000000000e+00,4.546015673881214081e-01,6.567000581494102096e-02,5.610519200476246082e-01,2.263445428193674724e-01,6.722663094685562557e-01,2.480491714267053505e-01,1.438044686699362362e-01
3.361612620355518000e-01,1.429675489634320840e-01,5.110134397548381502e-01,3.632459385868648527e-02,4.012327964968949723e-01,4.629816866279098941e-01,4.708541185670235829e-01,-5.376929920645443506e-01,-1.599883235079764196e-02,5.054522896271238519e-01,4.849703814715972672e-01,-4.424861520276341942e-01,-2.528810336141817938e-01,4.675023602467578976e-01,-4.553422644886697679e-01,4.842549021125522324e-01,4.714503955807252122e-01,8.140127185050367864e-02,-1.865878565856941562e-01,2.238958617741660939e-01,-1.187965923304521582e-01,1.153610991914118256e-01,3.199773234012871503e-01,3.264860965514527757e-01,4.387582419881319584e-01,3.773372621373461411e-01,5.162480263662776458e-01,4.631142168264655301e-01,3.183314289900707195e-01,1.228161619577183145e-01,4.367321945948022810e-01,4.546015673881214081e-01,1.000000000000000000e+00,3.103650398636517149e-01,4.058250959256778923e-01,2.996039330719553126e-02,4.671150610592152419e-01,2.798650561175406448e-01,2.010189350868896163e-01
8.936529699397130488e-02,2.903363786595439811e-01,6.434694261983556762e-01,1.085536595704060803e-01,7.392133282021305929e-01,-1.478230619000910351e-01,1.897212038018871449e-01,-5.876081869810072522e-01,6.073264693483276799e-01,2.425469418444503866e-01,3.535263386277369413e-02,2.585090018603650175e-01,-1.935865778205677901e-01,4.460409119208476603e-01,-1.094273599864144242e-02,1.218155281988154981e-01,-1.856731988051270876e-01,1.498219950820392776e-01,-1.323926704808975618e-01,-3.362334383738943555e-01,2.403854704771108686e-01,5.826604234413588213e-01,2.711931842812491111e-01,9.049974980508297684e-02,2.095795463814902615e-01,-6.067864094118290141e-02,9.362389354965962307e-02,2.347578252026467360e-01,-5.106103690501259673e-02,4.406289686967310160e-01,3.501117355088685934e-01,6.567000581494102096e-02,3.103650398636517149e-01,1.000000000000000000e+00,-7.966135805581081586e-02,2.515638440897486894e-01,-1.452955740487544833e-01,4.521955610136121906e-01,5.469771710684465660e-01
5.587966610114043498e-01,2.631685623200435420e-01,3.241656818335573731e-01,1.446469799674138419e-02,2.532687115708341374e-01,6.396582329262665567e-01,1.591902139380360903e-01,-3.878479582850519192e-01,-1.220037935791034034e-01,4.934428675213858861e-01,3.841387406224601175e-01,-6.494218517086467468e-01,-2.190533238036614372e-01,3.089819658461192553e-01,-4.335480466789847220e-01,6.263167114514730516e-01,6.604725760143961288e-01,6.223267860202776058e-02,-1.971806829759747623e-02,3.868536508591990386e-01,-2.510253864118380807e-01,-3.431193526664358395e-01,2.058803094570469672e-01,1.605889051984602522e-01,4.896990387664914013e-01,5.766518321564345628e-01,3.548477498684216580e-01,1.956927733684387105e-01,6.008701500311555144e-01,1.192710455955556942e-01,9.677070973888818317e-02,5.610519200476246082e-01,4.058250959256778923e-01,-7.966135805581081586e-02,1.000000000000000000e+00,2.371277065924974337e-01,7.891576040587858776e-01,1.698885681345394250e-01,-6.409511588873367804e-02
3.048517384018799015e-01,4.477849283799566482e-01,3.698384072769676512e-01,-6.311676267296843779e-02,3.783181518615774674e-01,5.382719128543166087e-02,1.394416338955131174e-01,-3.159170482923112644e-01,3.357638242184466937e-01,3.031053993954838655e-01,1.238109142315839128e-01,-2.204700213128321998e-02,-7.825870630772863157e-02,2.641451579037545350e-01,-3.217650109264720559e-02,2.481419183654925975e-01,6.573046386574660227e-02,4.791308175503268540e-02,-5.285781851948402263e-03,-1.311074401871491768e-01,1.060276019916030210e-01,2.356509272831828761e-01,1.234492060406758157e-01,1.762251267333859311e-02,1.549682754388622963e-01,1.081106938905415232e-01,6.971890277495734756e-02,7.237658187576562208e-02,2.182973231947535064e-01,5.008450788460586667e-01,1.233582266349291523e-01,2.263445428193674724e-01,2.996039330719553126e-02,2.515638440897486894e-01,2.371277065924974337e-01,1.000000000000000000e+00,1.845679616545166657e-01,2.140926903522393510e-01,6.459186589420258529e-02
4.745515066749511623e-01,2.143784569324021783e-01,2.745840967914645603e-01,4.643553917952220056e-02,2.189084403090881814e-01,6.806571566997533518e-01,2.012426123881349282e-01,-3.414338134127092306e-01,-1.496300733533394711e-01,4.314754642250761552e-01,4.404801671129661145e-01,-6.542450462169211445e-01,-2.755257903517970286e-01,4.368968990562310251e-01,-4.123677928876191556e-01,5.929749836757416404e-01,7.020159284614573281e-01,1.529688542781572069e-01,8.367265055564873655e-02,3.584164487319997372e-01,-3.269162990559058013e-01,-3.782547205946337199e-01,2.740669817040620182e-01,3.347347429852448042e-01,4.292131885344502296e-01,5.680984156019031062e-01,3.382313662925899300e-01,2.284553250451517858e-01,6.386738312544366636e-01,1.656141085889675443e-02,7.414376040507326959e-02,6.722663094685562557e-01,4.671150610592152419e-01,-1.452955740487544833e-01,7.891576040587858776e-01,1.845679616545166657e-01,1.000000000000000000e+00,1.192160056383382155e-01,-1.091349777474728555e-01
2.949244505751206225e-01,2.800125102618534756e-01,4.557966987537572789e-01,2.450012751974368352e-01,5.506269388315221391e-01,2.281961506594795408e-01,2.761281569117933210e-01,-5.165311500056841698e-01,5.280992694803499088e-01,4.110338359143051457e-01,2.259819337259204863e-01,-2.287149405238834143e-01,-3.677177305320900591e-01,3.889140514719085506e-01,-1.685357880426821275e-01,4.813788641556315806e-01,2.012567243726345045e-01,5.976227068145669730e-01,2.160211839094265396e-01,-1.130882173293737414e-01,-2.671450483311530455e-01,1.316121159171748933e-01,5.283328958390072216e-01,2.719876706347710282e-01,5.343321608200278794e-01,2.972911074185319302e-01,2.060923931041411250e-01,4.222264365091151217e-01,1.708193354959768595e-01,3.033411831650844048e-01,-1.293399549971398742e-02,2.480491714267053505e-01,2.798650561175406448e-01,4.521955610136121906e-01,1.698885681345394250e-01,2.140926903522393510e-01,1.192160056383382155e-01,1.000000000000000000e+00,5.826065686485177864e-01
7.315545085886220045e-02,2.768258195331282923e-01,4.056189606939428205e-01,2.521485381042402607e-01,4.906516891104847344e-01,2.995042268497517812e-02,1.800011255784814690e-01,-3.825965749938827765e-01,4.644928693714677204e-01,3.571167306852257584e-01,1.071230890478263170e-01,1.516846302298608395e-01,-2.469951940739678331e-01,2.698094510598670892e-01,-1.101289626033692508e-02,2.530119209316799012e-01,-1.142254344215679479e-01,3.062153190795054436e-01,1.881965700996651447e-01,-2.783581454947151035e-01,3.956271716464909889e-03,3.573097650078097542e-01,4.348744343419567726e-01,2.149799474979088021e-01,3.724591752423532243e-01,-2.939752537741820507e-02,3.234581538058807770e-01,2.179376411207464281e-01,-2.755530960031881901e-02,3.241370481844143003e-01,1.704194997977490078e-01,1.438044686699362362e-01,2.010189350868896163e-01,5.469771710684465660e-01,-6.409511588873367804e-02,6.459186589420258529e-02,-1.091349777474728555e-01,5.826065686485177864e-01,1.000000000000000000e+00
