1.000000000000000000e+00,8.156512379287171877e-01,6.103389087048932682e-01,-2.559916782095185694e-01,8.111741661749504173e-01,1.609968031355505369e-01,-6.635736184081673095e-01,-5.785627979095024909e-01,8.245066971198151684e-01,7.672442745585444923e-01,6.017224017295490501e-01,6.707164531490213966e-01,-2.225176969894341050e-01,7.731545707985305604e-01,2.192723032114659298e-01,8.181091008530574360e-01,7.912048205962105563e-01,3.725305943862177727e-01,6.417025417817008304e-01,2.077334367006224702e-01,6.209487888109110898e-01,5.826331362181922380e-01,7.168454048299041093e-01,5.133331827586916640e-01,6.107017030914646538e-01,5.905519951151104729e-01,6.363844715852455813e-01,7.087045930730457854e-01,1.967542545733450832e-01,8.458592101215799408e-01,7.329343358060209646e-01,5.556081101022198876e-01,5.004011929699818673e-01,7.369316860758925447e-01,-2.432106590412612956e-01,6.533751891348683616e-01,4.854911655276081817e-01,4.013812525937948128e-01,7.832590071039955415e-01
8.156512379287171877e-01,1.000000000000000000e+00,4.981430796310510889e-01,-1.046962908047812391e-01,6.890088270413023963e-01,2.266810523247105580e-01,-5.253473260849409465e-01,-4.547863006115638873e-01,6.986072778164118535e-01,7.954394229265090432e-01,6.492091002215474305e-01,6.139855210288165388e-01,-9.929546907920167031e-02,7.744232669063805252e-01,3.314516462450267098e-01,8.684905227728754173e-01,7.473576411903606331e-01,2.678460251342176801e-01,5.428178017696064783e-01,1.871403928661066196e-01,5.214092589733299032e-01,6.326634322114554898e-01,7.676276998866592427e-01,5.853089004896110392e-01,6.571795245467618729e-01,3.766774810759452308e-01,6.169939393200301048e-01,6.407964626115205675e-01,2.259479496453274117e-01,7.655970124646650499e-01,6.654701331953567500e-01,6.871064783180297342e-01,5.772497879002451704e-01,5.703448944408399113e-01,-1.897604541096207798e-01,6.829616202797920144e-01,6.087450050404330515e-01,1.181141780192043744e-01,6.881003453961400673e-01
6.103389087048932682e-01,4.981430796310510889e-01,1.000000000000000000e+00,-3.338068457909007525e-01,7.558507366899733793e-01,-2.341437979438046324e-01,-4.744135050594505687e-01,-9.493193485176296686e-01,7.057401850454100289e-01,5.323845756476128788e-01,2.740241976820674830e-01,4.986029453562063063e-01,-2.661983804377198171e-01,5.047332556047861019e-01,2.284852928758979718e-01,5.434049548529554796e-01,5.046120972365396584e-01,6.631145502971353967e-01,6.783048059125914575e-01,4.409471297164634790e-02,7.029484212068281002e-01,4.075967383542261624e-01,3.827533946324793712e-01,1.777792930922480752e-01,3.938063457029143399e-01,8.064085021897735572e-01,2.978370575881785220e-01,6.929700809888003077e-01,-1.269331036441908277e-02,6.474753141397974199e-01,6.075566507072467370e-01,1.488387870320541650e-01,4.883415360258317461e-01,6.851650735103258505e-01,-1.460685511822229221e-01,3.390892403391728149e-01,1.193133224155115413e-01,5.731989241220757370e-01,5.417535927846204302e-01
-2.559916782095185694e-01,-1.046962908047812391e-01,-3.338068457909007525e-01,1.000000000000000000e+00,-3.311575700617993001e-01,-4.471692602425903634e-02,2.616022715447591795e-01,3.165207320756684428e-01,-2.630877401537359828e-01,-8.479735609003180574e-02,-1.297570040973797245e-01,-2.416513695748330817e-02,3.586990173201612953e-01,-1.624316204737062397e-01,-1.160513630641964722e-01,-8.468689780061769423e-02,-1.428055311795855264e-01,4.649628969461983702e-02,-1.942209597946946142e-01,1.940119573346742732e-01,-3.157080889224435638e-01,9.516712451116753069e-02,-1.517485586391006339e-03,3.432244802327715644e-02,-1.268771317135537480e-01,-4.407970067709555684e-01,2.157476763844516296e-02,-3.036929937150807390e-01,-1.362773683549931003e-01,-2.148036135052961426e-01,-2.413754157764819996e-01,1.842448543922687795e-02,-1.299378521678346554e-01,-3.069805208686133824e-01,-4.002715544416472759e-02,-4.638475252304505303e-02,-1.096051137449560453e-01,-2.494359716555600848e-01,-1.507301557480777987e-01
8.111741661749504173e-01,6.890088270413023963e-01,7.558507366899733793e-01,-3.311575700617993001e-01,1.000000000000000000e+00,5.235068754664225915e-02,-7.236202208640050149e-01,-7.090159564549163296e-01,9.144471654765377044e-01,7.287756213181187936e-01,5.388463179788652857e-01,7.305307070480114850e-01,-3.030840135841816330e-01,7.989851118633430893e-01,1.821866905043608986e-01,7.581125349655866152e-01,7.726010595481346277e-01,5.089448431845177145e-01,8.038199292077132796e-01,2.038626511102733241e-01,7.291778033626387101e-01,5.638156302913093221e-01,7.087872601535670780e-01,4.471599866642452237e-01,6.723755950884670041e-01,6.923687927707832257e-01,5.915566949916558626e-01,7.919612754822742406e-01,3.592819250024063132e-02,8.040202815273232995e-01,7.860831067307313402e-01,4.783745076269797503e-01,6.120440374122594340e-01,8.560209381359545899e-01,-2.792729286941940114e-01,5.812707360378509547e-01,3.844497983474030600e-01,4.269860785224512401e-01,8.205153850125451731e-01
1.609968031355505369e-01,2.266810523247105580e-01,-2.341437979438046324e-01,-4.471692602425903634e-02,5.235068754664225915e-02,1.000000000000000000e+00,-5.096119197254622701e-02,2.918211805553239668e-01,-4.138474686550019238e-02,2.791809804343070023e-01,5.320409685056707305e-01,-5.423486416759049078e-02,-1.390532461933911557e-01,3.755023152684960897e-01,-9.696323186649168091e-02,2.191401455229932960e-01,2.447437905545006009e-01,-5.618934924260897690e-01,-7.152266689458888424e-03,-5.383303506241312458e-02,6.864472521885411904e-02,8.139296683901599272e-03,3.438752565256124605e-01,4.138276712262448642e-01,4.428675884158111420e-01,-9.615736638816850534e-02,3.025231432127675202e-01,5.166562843776120045e-02,6.445569172960864401e-01,1.173636882715844293e-01,2.819323279762592782e-01,5.874652267298974273e-01,4.118319621411870579e-01,-1.816687510312551546e-01,4.686963305808281022e-01,4.246582486463130190e-01,7.239146456057523604e-01,-4.995549800237720772e-01,1.026443924780253841e-01
-6.635736184081673095e-01,-5.253473260849409465e-01,-4.744135050594505687e-01,2.616022715447591795e-01,-7.236202208640050149e-01,-5.096119197254622701e-02,1.000000000000000000e+00,4.457183954902691481e-01,-7.752979296914130902e-01,-5.592364727404435243e-01,-4.124987401612129068e-01,-7.486402930030450209e-01,1.732098254681163074e-01,-6.427355747984234702e-01,8.355849282240064568e-02,-6.213498113904428743e-01,-6.560731316892176590e-01,-4.208536941118401487e-01,-5.849062861984416495e-01,-4.006617959771326953e-01,-5.524043417764171737e-01,-4.768429374208386085e-01,-5.941017031681951055e-01,-4.502528738660540042e-01,-5.483797416741301722e-01,-5.159001580526050290e-01,-6.147129839749182478e-01,-6.837289936458245121e-01,5.777524190274035965e-02,-6.006331426435765897e-01,-6.886666431076483574e-01,-4.001031156693353186e-01,-3.619320073165799845e-01,-7.257240600172262246e-01,4.079804762534606222e-01,-5.134292698850044800e-01,-2.450023505984534611e-01,-3.648891872528687297e-01,-7.830418478806071558e-01
-5.785627979095024909e-01,-4.547863006115638873e-01,-9.493193485176296686e-01,3.165207320756684428e-01,-7.090159564549163296e-01,2.918211805553239668e-01,4.457183954902691481e-01,1.000000000000000000e+00,-6.648001143598321061e-01,-4.845482873027118775e-01,-2.172912691177033284e-01,-4.663628115219520254e-01,2.350309190853381858e-01,-4.432713273121460795e-01,-2.254113808804364683e-01,-4.954934225404021841e-01,-4.567830806789777709e-01,-6.882667615816766560e-01,-6.438638062332781020e-01,-4.587771977498240200e-02,-6.693684458757375166e-01,-3.834814248006701010e-01,-3.214232516490035385e-01,-1.463794097997945243e-01,-3.354053895321104650e-01,-8.051440869853430105e-01,-2.540340314944609657e-01,-6.610159978948892956e-01,3.749814406643178083e-02,-6.021047397871129858e-01,-5.624132467052087581e-01,-8.940942859017830813e-02,-4.224174328754516927e-01,-6.585324451254973566e-01,1.436312596445560863e-01,-3.035441594380809405e-01,-5.103655969612407722e-02,-6.134241545028077391e-01,-4.970897369568648694e-01
8.245066971198151684e-01,6.986072778164118535e-01,7.057401850454100289e-01,-2.630877401537359828e-01,9.144471654765377044e-01,-4.138474686550019238e-02,-7.752979296914130902e-01,-6.648001143598321061e-01,1.000000000000000000e+00,7.218248374207508755e-01,4.796763912262062557e-01,8.016140711039043687e-01,-2.927872870705743313e-01,7.703884114909758107e-01,1.837775617265856032e-01,7.662231633330880420e-01,7.764415098768649992e-01,5.869074285922598611e-01,7.982248987685571784e-01,2.446889597433202501e-01,6.825148608684753482e-01,5.986767071911843763e-01,7.184406144346596745e-01,4.471255092933333342e-01,6.291902281135453023e-01,6.607513151316913858e-01,6.157279202608320068e-01,7.677225560109767200e-01,-5.158619383938389813e-02,8.104026401671826640e-01,7.676644601393686207e-01,4.353233462016667943e-01,5.177946777185800098e-01,8.998459017193412013e-01,-4.070217246114742893e-01,5.612871289182207457e-01,3.207210990812786600e-01,4.810363755143620690e-01,8.588390980522335738e-01
7.672442745585444923e-01,7.954394229265090432e-01,5.323845756476128788e-01,-8.479735609003180574e-02,7.287756213181187936e-01,2.791809804343070023e-01,-5.592364727404435243e-01,-4.845482873027118775e-01,7.218248374207508755e-01,1.000000000000000000e+00,6.734313199930005434e-01,6.944754522267052588e-01,-1.152309418130517404e-01,8.380881837675339119e-01,2.315230634329543402e-01,9.025416154089291876e-01,7.541043916946995607e-01,3.002516449858494418e-01,7.321515039170974903e-01,2.524211824006904470e-01,5.460235908228010526e-01,6.891691884023249948e-01,8.439343197385954509e-01,6.997440696220058598e-01,7.962073602350007162e-01,4.088104398166767517e-01,7.324892012138068953e-01,6.832184505915325223e-01,2.492988077781895795e-01,7.877247507705718021e-01,7.920867289993118732e-01,7.468833490531318064e-01,6.664785942113498063e-01,5.873801638660473001e-01,-1.517425147234404970e-01,6.909113497225725098e-01,6.274978989763373427e-01,4.479163998808264463e-02,8.102113885137448568e-01
6.017224017295490501e-01,6.492091002215474305e-01,2.740241976820674830e-01,-1.297570040973797245e-01,5.388463179788652857e-01,5.320409685056707305e-01,-4.124987401612129068e-01,-2.172912691177033284e-01,4.796763912262062557e-01,6.734313199930005434e-01,1.000000000000000000e+00,5.372926866573656257e-01,-1.930642310000015363e-02,7.281654679093527704e-01,8.514836830709815452e-02,6.926160124992576383e-01,7.964571678556972012e-01,-6.734132127691506986e-02,4.053116798914360164e-01,2.990301910507198735e-01,3.170366257727457171e-01,4.717891076468665457e-01,7.582464082843365372e-01,5.534517921591245448e-01,6.997746322294028376e-01,2.117843017317466159e-01,7.307811259113630165e-01,5.074795290221653099e-01,2.596485595747762831e-01,5.240261774877317258e-01,7.255752060583288143e-01,7.601523374290267698e-01,6.172860629657541676e-01,3.505196404017948408e-01,-2.100836400367176934e-02,6.903634705008040440e-01,6.289769935940443535e-01,-2.087155191434092172e-01,6.416347177075711894e-01
6.707164531490213966e-01,6.139855210288165388e-01,4.986029453562063063e-01,-2.416513695748330817e-02,7.305307070480114850e-01,-5.423486416759049078e-02,-7.486402930030450209e-01,-4.663628115219520254e-01,8.016140711039043687e-01,6.944754522267052588e-01,5.372926866573656257e-01,1.000000000000000000e+00,3.237310740678153720e-02,7.162183545997117262e-01,1.205199818956955438e-01,7.718774648875690314e-01,7.896041294074619410e-01,5.140339176262458398e-01,6.400809036419405906e-01,5.808374106491318578e-01,4.275140940917391830e-01,7.042715359255249385e-01,7.577379859051773803e-01,4.937503737533160408e-01,5.902840282083482437e-01,3.386276586514817000e-01,8.333094406720511493e-01,7.177495213145479447e-01,-2.312227527476943267e-01,6.054678975763390092e-01,7.716911967271764539e-01,5.646683303941476550e-01,4.923802260776612427e-01,7.835660863412622357e-01,-5.653020553739959153e-01,6.229694391422276878e-01,2.323864003737410033e-01,2.569699335701542409e-01,9.024917151802759330e-01
-2.225176969894341050e-01,-9.929546907920167031e-02,-2.661983804377198171e-01,3.586990173201612953e-01,-3.030840135841816330e-01,-1.390532461933911557e-01,1.732098254681163074e-01,2.350309190853381858e-01,-2.927872870705743313e-01,-1.152309418130517404e-01,-1.930642310000015363e-02,3.237310740678153720e-02,1.000000000000000000e+00,-2.820345861500173079e-01,-6.950809871699467624e-02,-1.073506830584643329e-01,-9.235166598591955378e-02,-1.410831598575664272e-02,-3.544995875103125194e-01,4.831704149530467451e-01,-3.032567198232304917e-01,1.133754359324280897e-01,-1.484061812204317266e-01,-1.443873503863561392e-01,-2.775750671802308944e-01,-3.819306383306433350e-01,7.121980094627618219e-02,-2.822775513630625815e-02,-1.940247418208802810e-01,-3.132485956641969937e-01,-2.357879652599648712e-01,-2.060682968419768127e-02,-1.239440325313922592e-01,-2.089040564684259138e-01,-2.040084226690085378e-01,-1.804135112102231708e-01,-3.148865364592775551e-01,-1.538122943003656096e-01,-1.122427989621687106e-01
7.731545707985305604e-01,7.744232669063805252e-01,5.047332556047861019e-01,-1.624316204737062397e-01,7.989851118633430893e-01,3.755023152684960897e-01,-6.427355747984234702e-01,-4.432713273121460795e-01,7.703884114909758107e-01,8.380881837675339119e-01,7.281654679093527704e-01,7.162183545997117262e-01,-2.820345861500173079e-01,1.000000000000000000e+00,1.473700199796278698e-01,8.534261647188542410e-01,8.316729635852790903e-01,2.587845179224710357e-01,7.349725479459570110e-01,2.586465402421450621e-01,5.364582348166407888e-01,5.772287979732568797e-01,8.861559431481429439e-01,6.411747659564698276e-01,8.221934023706920502e-01,4.029191652544251157e-01,7.574511219236436110e-01,6.746711968883029042e-01,2.470945514668734522e-01,7.725791471726093373e-01,8.332568081189639653e-01,7.804460622425415384e-01,6.882452756606985966e-01,6.402362723680705692e-01,-1.065463862326942041e-01,7.716875251054663432e-01,6.642227313391171339e-01,5.591209945720623797e-02,8.209927854150597115e-01
2.192723032114659298e-01,3.314516462450267098e-01,2.284852928758979718e-01,-1.160513630641964722e-01,1.821866905043608986e-01,-9.696323186649168091e-02,8.355849282240064568e-02,-2.254113808804364683e-01,1.837775617265856032e-01,2.315230634329543402e-01,8.514836830709815452e-02,1.205199818956955438e-01,-6.950809871699467624e-02,1.473700199796278698e-01,1.000000000000000000e+00,2.604241580673584133e-01,1.499271209721950993e-01,1.318202296080401015e-01,2.123020457949311157e-01,-6.003920173899106316e-02,1.718611138810456351e-01,3.021849394920853027e-01,1.828617862471433320e-01,4.793953702682680375e-03,1.201296869633989711e-01,1.008503370984843162e-01,7.795001571562217013e-02,2.024733735197112861e-01,1.026408790909668772e-01,1.516529055011160143e-01,8.564609206132897667e-02,1.803341208779667415e-01,3.175687118848572466e-01,2.208130167992504722e-01,-5.834598054275141193e-02,1.568382770338417886e-01,1.366746080429019350e-01,1.044355269128760949e-01,9.709877981063030905e-02
8.181091008530574360e-01,8.684905227728754173e-01,5.434049548529554796e-01,-8.468689780061769423e-02,7.581125349655866152e-01,2.191401455229932960e-01,-6.213498113904428743e-01,-4.954934225404021841e-01,7.662231633330880420e-01,9.025416154089291876e-01,6.926160124992576383e-01,7.718774648875690314e-01,-1.073506830584643329e-01,8.534261647188542410e-01,2.604241580673584133e-01,1.000000000000000000e+00,8.030938009605108618e-01,3.274837498602384822e-01,6.723756208656652689e-01,3.357838694990947781e-01,5.461367782218854439e-01,7.354931645999907008e-01,8.707082260150567077e-01,6.739413768536641758e-01,7.709452775634135779e-01,3.858557294017162520e-01,7.921649315659048396e-01,7.376552313777345882e-01,1.539027316922715050e-01,7.952988074408492425e-01,8.086544430940199035e-01,7.654338234985602618e-01,6.758723863975092394e-01,6.472474171673847643e-01,-2.737878528897206842e-01,7.430265165277744055e-01,5.960808452326444851e-01,7.734994704526738929e-02,8.434866003878127572e-01
7.912048205962105563e-01,7.473576411903606331e-01,5.046120972365396584e-01,-1.428055311795855264e-01,7.726010595481346277e-01,2.447437905545006009e-01,-6.560731316892176590e-01,-4.567830806789777709e-01,7.764415098768649992e-01,7.541043916946995607e-01,7.964571678556972012e-01,7.896041294074619410e-01,-9.235166598591955378e-02,8.316729635852790903e-01,1.499271209721950993e-01,8.030938009605108618e-01,1.000000000000000000e+00,2.777264376195971995e-01,6.294530983414210468e-01,3.885848321335023114e-01,4.738622924734389175e-01,5.959341578505316095e-01,8.234016441807998632e-01,5.424775974123112743e-01,6.973712097745256022e-01,4.125294719252212139e-01,8.072673351627879246e-01,6.891985654883789891e-01,3.911145814830537665e-02,6.945995607374735314e-01,8.220436477205730341e-01,6.906401419147764065e-01,5.732392021056994524e-01,6.891458658873610421e-01,-3.177743806520683667e-01,7.258877824304628135e-01,4.933413176941071066e-01,1.578629337619149864e-01,8.430325288682959384e-01
3.725305943862177727e-01,2.678460251342176801e-01,6.631145502971353967e-01,4.649628969461983702e-02,5.089448431845177145e-01,-5.618934924260897690e-01,-4.208536941118401487e-01,-6.882667615816766560e-01,5.869074285922598611e-01,3.002516449858494418e-01,-6.734132127691506986e-02,5.140339176262458398e-01,-1.410831598575664272e-02,2.587845179224710357e-01,1.318202296080401015e-01,3.274837498602384822e-01,2.777264376195971995e-01,1.000000000000000000e+00,5.709764229579135097e-01,2.584646936702301168e-01,4.171552339842394819e-01,3.759619124980925209e-01,2.098405124900231677e-01,4.836418533488591291e-03,1.201452438805933470e-01,5.559421668495619917e-01,1.712939598804044949e-01,4.740622891125293448e-01,-2.900955953288153477e-01,4.265349394922129389e-01,3.033702620438774589e-01,-1.004432631410830667e-01,1.739237987229504678e-01,6.048277899310081640e-01,-3.534328219417756101e-01,9.579435428410848496e-02,-2.608924281440082038e-01,6.960431151530075411e-01,4.212740060920273644e-01
6.417025417817008304e-01,5.428178017696064783e-01,6.783048059125914575e-01,-1.942209597946946142e-01,8.038199292077132796e-01,-7.152266689458888424e-03,-5.849062861984416495e-01,-6.438638062332781020e-01,7.982248987685571784e-01,7.321515039170974903e-01,4.053116798914360164e-01,6.400809036419405906e-01,-3.544995875103125194e-01,7.349725479459570110e-01,2.123020457949311157e-01,6.723756208656652689e-01,6.294530983414210468e-01,5.709764229579135097e-01,1.000000000000000000e+00,1.058905096954530917e-01,6.331821485904141067e-01,5.514010809947327285e-01,6.589165797141377512e-01,4.436778679275412141e-01,6.754630895808951818e-01,6.297067188444148700e-01,5.011651065963839136e-01,6.309092389295788417e-01,9.474891793503933957e-02,6.831102497225924886e-01,7.183155228507317469e-01,4.439354261070198593e-01,5.680378789187018329e-01,7.087694146779826010e-01,-1.337234144713061734e-01,4.477374631520378290e-01,3.484654564598182458e-01,3.631332941503493394e-01,7.418108408242174434e-01
2.077334367006224702e-01,1.871403928661066196e-01,4.409471297164634790e-02,1.940119573346742732e-01,2.038626511102733241e-01,-5.383303506241312458e-02,-4.006617959771326953e-01,-4.587771977498240200e-02,2.446889597433202501e-01,2.524211824006904470e-01,2.990301910507198735e-01,5.808374106491318578e-01,4.831704149530467451e-01,2.586465402421450621e-01,-6.003920173899106316e-02,3.357838694990947781e-01,3.885848321335023114e-01,2.584646936702301168e-01,1.058905096954530917e-01,1.000000000000000000e+00,8.241610965540446115e-04,3.606671247862790475e-01,3.468560764311816591e-01,1.589481480955052539e-01,1.811518148634429226e-01,-8.665704243061425616e-02,5.794160896026651075e-01,4.280954630242751469e-01,-2.011895838216229415e-01,1.217952344672856846e-01,3.689871889006963168e-01,3.491820145314092350e-01,2.075083801988392151e-01,2.684556248247945698e-01,-4.558428225619982066e-01,2.626187621746165490e-01,-7.699128660298107385e-02,1.481679953616722766e-03,4.582908332980241140e-01
6.209487888109110898e-01,5.214092589733299032e-01,7.029484212068281002e-01,-3.157080889224435638e-01,7.291778033626387101e-01,6.864472521885411904e-02,-5.524043417764171737e-01,-6.693684458757375166e-01,6.825148608684753482e-01,5.460235908228010526e-01,3.170366257727457171e-01,4.275140940917391830e-01,-3.032567198232304917e-01,5.364582348166407888e-01,1.718611138810456351e-01,5.461367782218854439e-01,4.738622924734389175e-01,4.171552339842394819e-01,6.331821485904141067e-01,8.241610965540446115e-04,1.000000000000000000e+00,5.256445588056750662e-01,4.447604936978823975e-01,3.227235467837525906e-01,5.355189049291608772e-01,7.074598641667467769e-01,2.787931203822603954e-01,7.080748631719350206e-01,1.781918710949722540e-01,6.174519540381823157e-01,5.850536318786389023e-01,2.717083943478081909e-01,5.298062139421151340e-01,5.992581244950104802e-01,-1.143569519956001840e-01,3.781781054449865342e-01,3.334842142152571465e-01,3.591100181006281478e-01,5.388247509307984018e-01
5.826331362181922380e-01,6.326634322114554898e-01,4.075967383542261624e-01,9.516712451116753069e-02,5.638156302913093221e-01,8.139296683901599272e-03,-4.768429374208386085e-01,-3.834814248006701010e-01,5.986767071911843763e-01,6.891691884023249948e-01,4.717891076468665457e-01,7.042715359255249385e-01,1.133754359324280897e-01,5.772287979732568797e-01,3.021849394920853027e-01,7.354931645999907008e-01,5.959341578505316095e-01,3.759619124980925209e-01,5.514010809947327285e-01,3.606671247862790475e-01,5.256445588056750662e-01,1.000000000000000000e+00,6.617367534816592789e-01,4.974121611242687258e-01,5.890723343865907902e-01,2.402233630727246827e-01,6.541288331160167724e-01,6.315896893897671172e-01,2.296218958207702290e-02,4.803909775302017127e-01,5.972987955724773368e-01,5.807114869649941946e-01,5.456617472499782906e-01,5.358136830946143014e-01,-3.971028805895353009e-01,5.424047374652692932e-01,3.335442692257133412e-01,4.751917913909300961e-02,6.907866587231515920e-01
7.168454048299041093e-01,7.676276998866592427e-01,3.827533946324793712e-01,-1.517485586391006339e-03,7.087872601535670780e-01,3.438752565256124605e-01,-5.941017031681951055e-01,-3.214232516490035385e-01,7.184406144346596745e-01,8.439343197385954509e-01,7.582464082843365372e-01,7.577379859051773803e-01,-1.484061812204317266e-01,8.861559431481429439e-01,1.828617862471433320e-01,8.707082260150567077e-01,8.234016441807998632e-01,2.098405124900231677e-01,6.589165797141377512e-01,3.468560764311816591e-01,4.447604936978823975e-01,6.617367534816592789e-01,1.000000000000000000e+00,6.765510120894666635e-01,8.290826330908037667e-01,2.434363442703384728e-01,8.146809039245939132e-01,6.196513247734174445e-01,1.339246848302673154e-01,7.203662326171252905e-01,7.895141648305744608e-01,8.078126804590297638e-01,6.673163710241357682e-01,5.941993685687813054e-01,-2.281758233261275970e-01,7.767313104153623637e-01,6.314836424745394750e-01,-6.612613766477590249e-02,8.298895478781568302e-01
5.133331827586916640e-01,5.853089004896110392e-01,1.777792930922480752e-01,3.432244802327715644e-02,4.471599866642452237e-01,4.138276712262448642e-01,-4.502528738660540042e-01,-1.463794097997945243e-01,4.471255092933333342e-01,6.997440696220058598e-01,5.534517921591245448e-01,4.937503737533160408e-01,-1.443873503863561392e-01,6.411747659564698276e-01,4.793953702682680375e-03,6.739413768536641758e-01,5.424775974123112743e-01,4.836418533488591291e-03,4.436778679275412141e-01,1.589481480955052539e-01,3.227235467837525906e-01,4.974121611242687258e-01,6.765510120894666635e-01,1.000000000000000000e+00,7.135704224502659176e-01,1.735623984069507852e-01,6.087020417632710290e-01,4.196075847263271430e-01,2.782060974158511724e-01,5.084292645329119287e-01,6.083586153068401003e-01,6.955472090429852816e-01,4.921226950660869126e-01,2.903426082021327015e-01,-2.937732424887828930e-02,6.148809097303737925e-01,6.312156070990010415e-01,-1.850743733016531611e-01,5.931925332542525853e-01
6.107017030914646538e-01,6.571795245467618729e-01,3.938063457029143399e-01,-1.268771317135537480e-01,6.723755950884670041e-01,4.428675884158111420e-01,-5.483797416741301722e-01,-3.354053895321104650e-01,6.291902281135453023e-01,7.962073602350007162e-01,6.997746322294028376e-01,5.902840282083482437e-01,-2.775750671802308944e-01,8.221934023706920502e-01,1.201296869633989711e-01,7.709452775634135779e-01,6.973712097745256022e-01,1.201452438805933470e-01,6.754630895808951818e-01,1.811518148634429226e-01,5.355189049291608772e-01,5.890723343865907902e-01,8.290826330908037667e-01,7.135704224502659176e-01,1.000000000000000000e+00,3.572817610017814394e-01,6.669143429947586021e-01,6.111796959104420779e-01,2.665686584726546515e-01,6.266087996732734311e-01,7.660885748572311416e-01,7.641617930142408088e-01,7.086970029662578163e-01,4.715532533578900010e-01,-5.914138492623550666e-03,7.203529653272959798e-01,7.018244749524564785e-01,-1.238455968006433872e-01,7.181215635175763889e-01
5.905519951151104729e-01,3.766774810759452308e-01,8.064085021897735572e-01,-4.407970067709555684e-01,6.923687927707832257e-01,-9.615736638816850534e-02,-5.159001580526050290e-01,-8.051440869853430105e-01,6.607513151316913858e-01,4.088104398166767517e-01,2.117843017317466159e-01,3.386276586514817000e-01,-3.819306383306433350e-01,4.029191652544251157e-01,1.008503370984843162e-01,3.858557294017162520e-01,4.125294719252212139e-01,5.559421668495619917e-01,6.297067188444148700e-01,-8.665704243061425616e-02,7.074598641667467769e-01,2.402233630727246827e-01,2.434363442703384728e-01,1.735623984069507852e-01,3.572817610017814394e-01,1.000000000000000000e+00,1.634809467194806021e-01,5.838072512452312512e-01,1.349942371539137043e-01,5.840789764722105204e-01,5.272256840664051314e-01,2.995992933884230464e-02,3.469297372768038734e-01,6.357638880358200684e-01,-1.740460039957949026e-02,2.410870597490344103e-01,1.149530244983699295e-01,6.663822781571540066e-01,4.492855060586907201e-01
6.363844715852455813e-01,6.169939393200301048e-01,2.978370575881785220e-01,2.157476763844516296e-02,5.915566949916558626e-01,3.025231432127675202e-01,-6.147129839749182478e-01,-2.540340314944609657e-01,6.157279202608320068e-01,7.324892012138068953e-01,7.307811259113630165e-01,8.333094406720511493e-01,7.121980094627618219e-02,7.574511219236436110e-01,7.795001571562217013e-02,7.921649315659048396e-01,8.072673351627879246e-01,1.712939598804044949e-01,5.011651065963839136e-01,5.794160896026651075e-01,2.787931203822603954e-01,6.541288331160167724e-01,8.146809039245939132e-01,6.087020417632710290e-01,6.669143429947586021e-01,1.634809467194806021e-01,1.000000000000000000e+00,6.257661143644305257e-01,3.843020543531053268e-02,5.343038422670653986e-01,8.060996654341031631e-01,7.913195824187326810e-01,5.650887911227061577e-01,5.485740136965580049e-01,-3.440304360674577566e-01,7.117225870360993634e-01,4.839118955779868059e-01,-6.185673722917630485e-02,8.429625244519306504e-01
7.087045930730457854e-01,6.407964626115205675e-01,6.929700809888003077e-01,-3.036929937150807390e-01,7.919612754822742406e-01,5.166562843776120045e-02,-6.837289936458245121e-01,-6.610159978948892956e-01,7.677225560109767200e-01,6.832184505915325223e-01,5.074795290221653099e-01,7.177495213145479447e-01,-2.822775513630625815e-02,6.746711968883029042e-01,2.024733735197112861e-01,7.376552313777345882e-01,6.891985654883789891e-01,4.740622891125293448e-01,6.309092389295788417e-01,4.280954630242751469e-01,7.080748631719350206e-01,6.315896893897671172e-01,6.196513247734174445e-01,4.196075847263271430e-01,6.111796959104420779e-01,5.838072512452312512e-01,6.257661143644305257e-01,1.000000000000000000e+00,6.644520221592534193e-02,6.395233801239862403e-01,7.490174956278677909e-01,4.917833339124119685e-01,6.838489395718648778e-01,7.325917215709940589e-01,-3.089424575281113361e-01,5.712915705283304613e-01,3.268316223034115064e-01,3.030473424458270948e-01,7.563014626144536345e-01
1.967542545733450832e-01,2.259479496453274117e-01,-1.269331036441908277e-02,-1.362773683549931003e-01,3.592819250024063132e-02,6.445569172960864401e-01,5.777524190274035965e-02,3.749814406643178083e-02,-5.158619383938389813e-02,2.492988077781895795e-01,2.596485595747762831e-01,-2.312227527476943267e-01,-1.940247418208802810e-01,2.470945514668734522e-01,1.026408790909668772e-01,1.539027316922715050e-01,3.911145814830537665e-02,-2.900955953288153477e-01,9.474891793503933957e-02,-2.011895838216229415e-01,1.781918710949722540e-01,2.296218958207702290e-02,1.339246848302673154e-01,2.782060974158511724e-01,2.665686584726546515e-01,1.349942371539137043e-01,3.843020543531053268e-02,6.644520221592534193e-02,1.000000000000000000e+00,1.699623971836075054e-01,1.628892735402277803e-01,3.667914542603309402e-01,3.601573838630938162e-01,-1.883171868861577558e-01,6.173327393472279878e-01,1.870211954899705653e-01,6.087744222073208089e-01,-2.032826897818296175e-01,-3.717787621912550106e-02
8.458592101215799408e-01,7.655970124646650499e-01,6.474753141397974199e-01,-2.148036135052961426e-01,8.040202815273232995e-01,1.173636882715844293e-01,-6.006331426435765897e-01,-6.021047397871129858e-01,8.104026401671826640e-01,7.877247507705718021e-01,5.240261774877317258e-01,6.054678975763390092e-01,-3.132485956641969937e-01,7.725791471726093373e-01,1.516529055011160143e-01,7.952988074408492425e-01,6.945995607374735314e-01,4.265349394922129389e-01,6.831102497225924886e-01,1.217952344672856846e-01,6.174519540381823157e-01,4.803909775302017127e-01,7.203662326171252905e-01,5.084292645329119287e-01,6.266087996732734311e-01,5.840789764722105204e-01,5.343038422670653986e-01,6.395233801239862403e-01,1.699623971836075054e-01,1.000000000000000000e+00,6.935683852350799095e-01,4.767458201470018975e-01,4.860566740503955430e-01,6.969825152286961423e-01,-2.126913889245536926e-01,6.013714479141853975e-01,4.702529200423201106e-01,3.429168156430407732e-01,7.268574498152309271e-01
7.329343358060209646e-01,6.654701331953567500e-01,6.075566507072467370e-01,-2.413754157764819996e-01,7.860831067307313402e-01,2.819323279762592782e-01,-6.886666431076483574e-01,-5.624132467052087581e-01,7.676644601393686207e-01,7.920867289993118732e-01,7.255752060583288143e-01,7.716911967271764539e-01,-2.357879652599648712e-01,8.332568081189639653e-01,8.564609206132897667e-02,8.086544430940199035e-01,8.220436477205730341e-01,3.033702620438774589e-01,7.183155228507317469e-01,3.689871889006963168e-01,5.850536318786389023e-01,5.972987955724773368e-01,7.895141648305744608e-01,6.083586153068401003e-01,7.660885748572311416e-01,5.272256840664051314e-01,8.060996654341031631e-01,7.490174956278677909e-01,1.628892735402277803e-01,6.935683852350799095e-01,1.000000000000000000e+00,7.000291685549903109e-01,6.655106705403980305e-01,6.518936729494037019e-01,-1.719072691215457471e-01,6.987937595227264875e-01,5.279114433198486278e-01,1.151131967264345662e-01,8.630809080881082229e-01
5.556081101022198876e-01,6.871064783180297342e-01,1.488387870320541650e-01,1.842448543922687795e-02,4.783745076269797503e-01,5.874652267298974273e-01,-4.001031156693353186e-01,-8.940942859017830813e-02,4.353233462016667943e-01,7.468833490531318064e-01,7.601523374290267698e-01,5.646683303941476550e-01,-2.060682968419768127e-02,7.804460622425415384e-01,1.803341208779667415e-01,7.654338234985602618e-01,6.906401419147764065e-01,-1.004432631410830667e-01,4.439354261070198593e-01,3.491820145314092350e-01,2.717083943478081909e-01,5.807114869649941946e-01,8.078126804590297638e-01,6.955472090429852816e-01,7.641617930142408088e-01,2.995992933884230464e-02,7.913195824187326810e-01,4.917833339124119685e-01,3.667914542603309402e-01,4.767458201470018975e-01,7.000291685549903109e-01,1.000000000000000000e+00,6.794639435325644516e-01,2.923805668661060286e-01,1.941882947582011581e-03,7.068976695900418550e-01,7.757930993334624103e-01,-3.403201185182852528e-01,6.489354847908017643e-01
5.004011929699818673e-01,5.772497879002451704e-01,4.883415360258317461e-01,-1.299378521678346554e-01,6.120440374122594340e-01,4.118319621411870579e-01,-3.619320073165799845e-01,-4.224174328754516927e-01,5.177946777185800098e-01,6.664785942113498063e-01,6.172860629657541676e-01,4.923802260776612427e-01,-1.239440325313922592e-01,6.882452756606985966e-01,3.175687118848572466e-01,6.758723863975092394e-01,5.732392021056994524e-01,1.739237987229504678e-01,5.680378789187018329e-01,2.075083801988392151e-01,5.298062139421151340e-01,5.456617472499782906e-01,6.673163710241357682e-01,4.921226950660869126e-01,7.086970029662578163e-01,3.469297372768038734e-01,5.650887911227061577e-01,6.838489395718648778e-01,3.601573838630938162e-01,4.860566740503955430e-01,6.655106705403980305e-01,6.794639435325644516e-01,1.000000000000000000e+00,4.264002303860196519e-01,1.056175274376320861e-01,5.863331562115858819e-01,6.013755417926405222e-01,-8.626214447073318747e-02,5.570582159774247755e-01
7.369316860758925447e-01,5.703448944408399113e-01,6.851650735103258505e-01,-3.069805208686133824e-01,8.560209381359545899e-01,-1.816687510312551546e-01,-7.257240600172262246e-01,-6.585324451254973566e-01,8.998459017193412013e-01,5.873801638660473001e-01,3.505196404017948408e-01,7.835660863412622357e-01,-2.089040564684259138e-01,6.402362723680705692e-01,2.208130167992504722e-01,6.472474171673847643e-01,6.891458658873610421e-01,6.048277899310081640e-01,7.087694146779826010e-01,2.684556248247945698e-01,5.992581244950104802e-01,5.358136830946143014e-01,5.941993685687813054e-01,2.903426082021327015e-01,4.715532533578900010e-01,6.357638880358200684e-01,5.485740136965580049e-01,7.325917215709940589e-01,-1.883171868861577558e-01,6.969825152286961423e-01,6.518936729494037019e-01,2.923805668661060286e-01,4.264002303860196519e-01,1.000000000000000000e+00,-4.980885158976734450e-01,4.818418999628587551e-01,1.207693541061071185e-01,5.914515670605876574e-01,7.877236181596039000e-01
-2.432106590412612956e-01,-1.897604541096207798e-01,-1.460685511822229221e-01,-4.002715544416472759e-02,-2.792729286941940114e-01,4.686963305808281022e-01,4.079804762534606222e-01,1.436312596445560863e-01,-4.070217246114742893e-01,-1.517425147234404970e-01,-2.100836400367176934e-02,-5.653020553739959153e-01,-2.040084226690085378e-01,-1.065463862326942041e-01,-5.834598054275141193e-02,-2.737878528897206842e-01,-3.177743806520683667e-01,-3.534328219417756101e-01,-1.337234144713061734e-01,-4.558428225619982066e-01,-1.143569519956001840e-01,-3.971028805895353009e-01,-2.281758233261275970e-01,-2.937732424887828930e-02,-5.914138492623550666e-03,-1.740460039957949026e-02,-3.440304360674577566e-01,-3.089424575281113361e-01,6.173327393472279878e-01,-2.126913889245536926e-01,-1.719072691215457471e-01,1.941882947582011581e-03,1.056175274376320861e-01,-4.980885158976734450e-01,1.000000000000000000e+00,-1.118490880656866915e-01,3.095274693501252616e-01,-2.513249032013864515e-01,-4.186628981924971904e-01
6.533751891348683616e-01,6.829616202797920144e-01,3.390892403391728149e-01,-4.638475252304505303e-02,5.812707360378509547e-01,4.246582486463130190e-01,-5.134292698850044800e-01,-3.035441594380809405e-01,5.612871289182207457e-01,6.909113497225725098e-01,6.903634705008040440e-01,6.229694391422276878e-01,-1.804135112102231708e-01,7.716875251054663432e-01,1.568382770338417886e-01,7.430265165277744055e-01,7.258877824304628135e-01,9.579435428410848496e-02,4.477374631520378290e-01,2.626187621746165490e-01,3.781781054449865342e-01,5.424047374652692932e-01,7.767313104153623637e-01,6.148809097303737925e-01,7.203529653272959798e-01,2.410870597490344103e-01,7.117225870360993634e-01,5.712915705283304613e-01,1.870211954899705653e-01,6.013714479141853975e-01,6.987937595227264875e-01,7.068976695900418550e-01,5.863331562115858819e-01,4.818418999628587551e-01,-1.118490880656866915e-01,1.000000000000000000e+00,5.934080597150974690e-01,-4.296147369178741904e-02,6.767624959283962127e-01
4.854911655276081817e-01,6.087450050404330515e-01,1.193133224155115413e-01,-1.096051137449560453e-01,3.844497983474030600e-01,7.239146456057523604e-01,-2.450023505984534611e-01,-5.103655969612407722e-02,3.207210990812786600e-01,6.274978989763373427e-01,6.289769935940443535e-01,2.323864003737410033e-01,-3.148865364592775551e-01,6.642227313391171339e-01,1.366746080429019350e-01,5.960808452326444851e-01,4.933413176941071066e-01,-2.608924281440082038e-01,3.484654564598182458e-01,-7.699128660298107385e-02,3.334842142152571465e-01,3.335442692257133412e-01,6.314836424745394750e-01,6.312156070990010415e-01,7.018244749524564785e-01,1.149530244983699295e-01,4.839118955779868059e-01,3.268316223034115064e-01,6.087744222073208089e-01,4.702529200423201106e-01,5.279114433198486278e-01,7.757930993334624103e-01,6.013755417926405222e-01,1.207693541061071185e-01,3.095274693501252616e-01,5.934080597150974690e-01,1.000000000000000000e+00,-3.652738248013861488e-01,4.114557634346494019e-01
4.013812525937948128e-01,1.181141780192043744e-01,5.731989241220757370e-01,-2.494359716555600848e-01,4.269860785224512401e-01,-4.995549800237720772e-01,-3.648891872528687297e-01,-6.134241545028077391e-01,4.810363755143620690e-01,4.479163998808264463e-02,-2.087155191434092172e-01,2.569699335701542409e-01,-1.538122943003656096e-01,5.591209945720623797e-02,1.044355269128760949e-01,7.734994704526738929e-02,1.578629337619149864e-01,6.960431151530075411e-01,3.631332941503493394e-01,1.481679953616722766e-03,3.591100181006281478e-01,4.751917913909300961e-02,-6.612613766477590249e-02,-1.850743733016531611e-01,-1.238455968006433872e-01,6.663822781571540066e-01,-6.185673722917630485e-02,3.030473424458270948e-01,-2.032826897818296175e-01,3.429168156430407732e-01,1.151131967264345662e-01,-3.403201185182852528e-01,-8.626214447073318747e-02,5.914515670605876574e-01,-2.513249032013864515e-01,-4.296147369178741904e-02,-3.652738248013861488e-01,1.000000000000000000e+00,2.295330335731935734e-01
7.832590071039955415e-01,6.881003453961400673e-01,5.417535927846204302e-01,-1.507301557480777987e-01,8.205153850125451731e-01,1.026443924780253841e-01,-7.830418478806071558e-01,-4.970897369568648694e-01,8.588390980522335738e-01,8.102113885137448568e-01,6.416347177075711894e-01,9.024917151802759330e-01,-1.122427989621687106e-01,8.209927854150597115e-01,9.709877981063030905e-02,8.434866003878127572e-01,8.430325288682959384e-01,4.212740060920273644e-01,7.418108408242174434e-01,4.582908332980241140e-01,5.388247509307984018e-01,6.907866587231515920e-01,8.298895478781568302e-01,5.931925332542525853e-01,7.181215635175763889e-01,4.492855060586907201e-01,8.429625244519306504e-01,7.563014626144536345e-01,-3.717787621912550106e-02,7.268574498152309271e-01,8.630809080881082229e-01,6.489354847908017643e-01,5.570582159774247755e-01,7.877236181596039000e-01,-4.186628981924971904e-01,6.767624959283962127e-01,4.114557634346494019e-01,2.295330335731935734e-01,1.000000000000000000e+00
