1.000000000000000000e+00,5.782245562980001807e-01,1.857475263796906362e-01,5.086184403951942157e-01,3.961241058673947713e-01,-3.976414317428014211e-01,1.131601747885265380e-01,-2.839979546634916474e-01,4.770201307645009492e-01,-5.222798968513178014e-02,7.439943954224717548e-02,2.020757426918922683e-01,7.510585592960571100e-02,1.222859210185178458e-01,2.067462854223632227e-02,2.546101310975695253e-01,5.664587947421462905e-02,3.667133914500246838e-01,1.244543510769004907e-01,2.565256651054756420e-01,-5.891628803480648824e-02,1.221265386437984934e-01,-5.883424732131440488e-02,1.399069918792291145e-01,-1.491435697810264416e-01,2.945332249887179163e-02,2.239745811370051076e-01,-1.995757199935600801e-01,6.217229721770513029e-01,-1.139999373262942789e-01,-8.096185387694592242e-03,2.935414520844745745e-01,-2.189592119081812949e-01,3.825704255401557452e-01,-3.373278561865460379e-01,1.704876866061252327e-01,1.636674505194440354e-01,4.250438920134890775e-01,5.254130753099811590e-01
5.782245562980001807e-01,1.000000000000000000e+00,2.774186111137891264e-01,4.503745330014012893e-01,4.249989128157136697e-01,-4.147401160617698035e-01,4.988951303877200982e-01,-2.966717066091891786e-01,4.814066599654834855e-01,1.225641932791492611e-01,6.891481168120880407e-02,4.908693698402732397e-01,3.996451242104520074e-01,3.945619881786075478e-01,-2.186630157192567814e-01,4.591096649107340166e-01,1.124314657475788543e-01,2.523854864694988764e-01,3.073490841662337436e-01,2.595355364409037136e-01,-1.933081089631031591e-01,4.863646313043885616e-01,1.774254165419017759e-01,2.436379064762557722e-01,2.261566279939291324e-01,-2.013821229785942579e-01,5.674933343759295257e-01,-4.100918360972562460e-01,2.278792595965958012e-01,-1.168986987760089330e-01,4.596705821663391589e-01,4.670788400468242063e-01,1.431037611676667931e-01,4.118144264766252505e-01,-3.684137072381994393e-01,-3.084724192704402582e-02,3.383352815501597388e-01,1.160422202664916080e-01,7.120929043967224592e-01
1.857475263796906362e-01,2.774186111137891264e-01,1.000000000000000000e+00,2.310147334352209980e-01,6.136554319827939308e-01,-3.255823575388574476e-01,2.888393486720061132e-01,-8.676880017670030032e-01,4.387583336820352065e-01,4.366232355653478781e-01,-1.910759842291965757e-02,2.944020066483077347e-01,6.899648157855496622e-02,3.157754829717059342e-01,-9.561293895033440293e-02,4.860032554854758491e-01,-6.989367701173591907e-02,5.031776571689112743e-01,6.539892719136689569e-01,2.058528959973334738e-01,3.485369113028753407e-01,5.630148419213606426e-01,2.156015988642387415e-01,7.016552635282212458e-02,1.650660924714099642e-01,-5.320339987437147991e-03,2.319960264206052114e-01,3.716984687980447177e-02,-6.827955510341611467e-02,3.079732700889606933e-01,4.074755725535725293e-01,3.474416483436197356e-01,2.067064292119060454e-01,5.173575474753903114e-01,-1.228260971310285721e-01,2.330956819146178804e-01,6.153612801909737196e-02,1.958910414509535403e-01,3.054054036000762307e-01
5.086184403951942157e-01,4.503745330014012893e-01,2.310147334352209980e-01,1.000000000000000000e+00,5.228825861729814450e-01,-4.105100931306183143e-01,5.525411868108209834e-01,-2.343703195063468192e-01,4.435314865621333702e-01,3.326472061361676613e-02,7.169978901412359107e-02,4.034390519829939015e-01,2.320181100634332860e-01,1.421181960979359671e-01,-1.709536219678692848e-01,2.559332163492959444e-01,1.647186405383823382e-01,3.730154488408582436e-01,1.739514458683365794e-01,3.071333170661679213e-01,-1.742260719436414251e-01,4.128180960238869712e-01,4.873652517945317730e-02,2.095040633923568596e-01,1.557380175608170936e-01,-2.994456875722242839e-01,4.499902889784125337e-01,-3.938531759789871689e-01,3.313933323783196383e-01,-5.053807063521593285e-02,2.146225246338840376e-01,3.665260093674750363e-01,-7.173542149414081914e-02,4.289196119892321191e-01,-3.016091899675843457e-01,-9.386876240937806759e-02,3.355246265029596109e-01,5.203372114818288069e-02,5.345906513846269137e-01
3.961241058673947713e-01,4.249989128157136697e-01,6.136554319827939308e-01,5.228825861729814450e-01,1.000000000000000000e+00,-3.602950728025150484e-01,4.386558881928094844e-01,-6.672447437686949145e-01,5.912989327850811661e-01,2.415353739513055042e-01,4.859988459667408112e-02,4.544703943874197072e-01,1.767225243197620976e-01,2.974402150489581231e-01,-4.044072857877116685e-03,4.251556723228004375e-01,8.427567596033375130e-02,5.794920534654053323e-01,4.321525648037847778e-01,3.961708869880852663e-02,3.846822279237639003e-02,4.549274829309010726e-01,2.057020837349584630e-01,2.517386919260414802e-01,1.648835348977141235e-01,-5.213094034426357659e-02,4.669717936988270757e-01,-2.417942371118398104e-01,1.583579204704721188e-01,1.445876446421887895e-01,3.594045479390003961e-01,5.184627926832011680e-01,5.263605873121778717e-02,6.088308276388604279e-01,-2.219178685604573098e-01,8.074015594694729236e-02,2.321598817688193539e-01,2.312350680005597903e-01,4.713069800320600633e-01
-3.976414317428014211e-01,-4.147401160617698035e-01,-3.255823575388574476e-01,-4.105100931306183143e-01,-3.602950728025150484e-01,1.000000000000000000e+00,-3.266690717107003095e-01,4.258126571557052098e-01,-5.580836293415536442e-01,4.025452294333143471e-02,6.913733860113033258e-02,-5.548083342325835776e-01,-2.065036215516171392e-01,-1.040839951584577039e-01,-1.005554891672067741e-01,-2.874180861890688887e-01,-2.196301832193788689e-02,-5.128953213203722994e-01,-4.564878443150148790e-01,-9.411839890122029872e-02,5.796785705996822247e-02,-3.622326318918296373e-01,2.286699919899240208e-01,2.338074889307077686e-01,2.206898943738687946e-01,2.632867520570800757e-01,-3.479895553866663716e-01,4.197630792428555524e-01,-7.799456282466603330e-02,3.195221900905261259e-01,-2.530195799492901965e-01,-3.383897062845302450e-01,3.077681233437505326e-01,-6.044344917526671690e-01,7.316702281405644825e-01,2.847401597078484323e-02,1.460341410510475335e-01,-2.476778366167902146e-01,-5.052616949146149228e-01
1.131601747885265380e-01,4.988951303877200982e-01,2.888393486720061132e-01,5.525411868108209834e-01,4.386558881928094844e-01,-3.266690717107003095e-01,1.000000000000000000e+00,-2.062408648241775000e-01,2.457913884431376372e-01,2.513321371105554092e-01,1.054970829380580122e-01,5.094093483740043116e-01,5.217342584378923398e-01,3.772803650210351800e-01,-3.864652214975634048e-01,2.601311610739664992e-01,1.355151249326246032e-02,1.933904542901146162e-01,3.388694650855799684e-01,3.517895974064191855e-01,-1.377631221869582978e-01,6.759088915825156585e-01,1.440487853534593299e-01,1.742489316709147362e-01,3.593332840549225971e-01,-4.141539001203576875e-01,6.079895256691880689e-01,-3.867288266210936465e-01,3.694755227923665706e-03,-1.043054651117010928e-01,6.110878735590681288e-01,3.130205418202998691e-01,2.965071605077805872e-01,3.480808775240423203e-01,-2.370563971948781434e-01,-2.633340307763099020e-01,4.546019338479038718e-01,-3.163847928319176162e-01,5.208848963553919242e-01
-2.839979546634916474e-01,-2.966717066091891786e-01,-8.676880017670030032e-01,-2.343703195063468192e-01,-6.672447437686949145e-01,4.258126571557052098e-01,-2.062408648241775000e-01,1.000000000000000000e+00,-5.169175632011440147e-01,-3.422038279443739284e-01,-1.748327877207387845e-02,-3.342750376860866290e-01,-4.529370803033924697e-02,-2.886209882238207625e-01,1.689649862602605329e-02,-4.671587662010718844e-01,1.621736559742049250e-02,-5.563752529657508550e-01,-5.972442425096174956e-01,-4.889946910356110510e-02,-3.017261834164734480e-01,-4.681821580744078837e-01,-1.428280587726380169e-01,-7.537371046919466577e-02,-4.609185010073509059e-02,-5.139093531209917853e-02,-2.411262685157178620e-01,4.381241705086014876e-02,-2.890556051522290282e-02,-1.982199371049948589e-01,-3.569239388583443917e-01,-3.892526560694767324e-01,-4.850977090928809687e-02,-5.750958905808256638e-01,2.696166301814286181e-01,-2.203637430726523849e-01,2.642949294236542762e-02,-3.257529835649589089e-01,-3.446770601522011201e-01
4.770201307645009492e-01,4.814066599654834855e-01,4.387583336820352065e-01,4.435314865621333702e-01,5.912989327850811661e-01,-5.580836293415536442e-01,2.457913884431376372e-01,-5.169175632011440147e-01,1.000000000000000000e+00,1.362583293699305975e-01,-2.978696257265606509e-02,5.103105920291107767e-01,1.262487939489693733e-01,3.493778887533657285e-01,9.790574118175622564e-02,4.846551496874540454e-01,1.750586281134734190e-01,6.671382686385582961e-01,5.264143548776474280e-01,-2.842840540475879973e-02,-1.102734669086540831e-01,3.167928293097804215e-01,1.869187470519908800e-01,2.249162529686948298e-01,1.035414933371456014e-01,-1.659977460686695439e-01,4.441800889428609844e-01,-3.497356243880180848e-01,1.573485810237292004e-01,1.276484797289920148e-01,2.309200904218729755e-01,6.105759709734156493e-01,-1.320950300076171105e-02,6.885506392736966408e-01,-3.896259418232052019e-01,1.313198640212600299e-01,1.108611639963556911e-01,3.272469629331719587e-01,6.044101609877471359e-01
-5.222798968513178014e-02,1.225641932791492611e-01,4.366232355653478781e-01,3.326472061361676613e-02,2.415353739513055042e-01,4.025452294333143471e-02,2.513321371105554092e-01,-3.422038279443739284e-01,1.362583293699305975e-01,1.000000000000000000e+00,2.139103624655351588e-01,3.672353951481495127e-01,1.254865949777910772e-01,3.179897798421125188e-01,-2.395614163061957347e-01,4.960688806114586513e-01,-2.572904227034546534e-02,2.843627548436934438e-01,5.992383216399024271e-01,1.191874005447466911e-01,-9.633536208569817849e-02,3.141092135559491738e-01,5.297283752682874214e-01,2.705536108888602076e-01,5.024846295659263218e-01,-1.800750367686702880e-01,2.319903722637083887e-01,-6.228360053404403962e-02,-1.032097292419955348e-01,4.678277064869407753e-01,5.552572302579047436e-01,-1.680227840328259951e-03,5.559796996543756586e-01,3.929286824747663109e-01,6.001537198311347049e-02,5.624479898804252836e-02,1.794229575886361894e-01,-1.889631690771633940e-02,1.967660888828265398e-01
7.439943954224717548e-02,6.891481168120880407e-02,-1.910759842291965757e-02,7.169978901412359107e-02,4.859988459667408112e-02,6.913733860113033258e-02,1.054970829380580122e-01,-1.748327877207387845e-02,-2.978696257265606509e-02,2.139103624655351588e-01,1.000000000000000000e+00,1.640670314227168636e-01,2.283969779096927111e-01,7.395085685598777603e-02,-2.067588163682213265e-01,9.591668277025770795e-02,2.783072352503117575e-01,-8.982856468539689165e-02,-5.646017789104051943e-02,2.806644781092667434e-02,-2.481663468159188146e-01,4.333583079512487446e-02,1.907380525927141746e-01,3.019369852282533517e-01,1.804588128172422701e-01,-7.861763322683171240e-02,1.713547969306008223e-01,-2.059809206438266704e-01,1.556924097531328377e-01,-1.505772742876808172e-02,2.189278703205463084e-01,4.856372601774005399e-02,1.694702236170436693e-01,7.832038960633029567e-02,-8.512999435061754938e-02,-2.937017816171041407e-01,2.244145336406981051e-01,2.645052593497709825e-02,2.106551282004797965e-01
2.020757426918922683e-01,4.908693698402732397e-01,2.944020066483077347e-01,4.034390519829939015e-01,4.544703943874197072e-01,-5.548083342325835776e-01,5.094093483740043116e-01,-3.342750376860866290e-01,5.103105920291107767e-01,3.672353951481495127e-01,1.640670314227168636e-01,1.000000000000000000e+00,5.723962756867161383e-01,3.683539516485194176e-01,-3.909557119259928631e-02,4.373547736977889122e-01,2.000719568747293953e-01,4.436699169617426830e-01,4.860094835283108039e-01,2.731980626988689959e-02,-4.441350008826826512e-01,5.176368615337398893e-01,2.856308685504838629e-01,2.574053407728132958e-01,3.689740153845076365e-01,-4.270556121563363061e-01,7.405927433598750165e-01,-7.142567637674165359e-01,3.065959169894946421e-02,-1.770003519312966511e-01,6.384447294344357537e-01,3.859058654185180681e-01,2.001881629533389939e-01,7.093716669087313242e-01,-5.873494453037938490e-01,-3.756506247358779582e-01,2.978028951470128582e-01,8.136014875706437666e-02,6.263147122047016957e-01
7.510585592960571100e-02,3.996451242104520074e-01,6.899648157855496622e-02,2.320181100634332860e-01,1.767225243197620976e-01,-2.065036215516171392e-01,5.217342584378923398e-01,-4.529370803033924697e-02,1.262487939489693733e-01,1.254865949777910772e-01,2.283969779096927111e-01,5.723962756867161383e-01,1.000000000000000000e+00,3.258600530638749992e-01,-3.930256174024058802e-01,1.437511714559238929e-01,3.148911505677391420e-01,-5.627324968825540147e-02,8.966165874361688159e-02,1.302404064710788456e-01,-4.232795186471375315e-01,3.670226038690519998e-01,2.477064281821562963e-01,3.483347393432295602e-01,4.352330016408136881e-01,-3.540045960388951141e-01,7.002361513979878938e-01,-5.987160510996005769e-01,-1.483886547499305500e-02,-3.013635028894106616e-01,5.324239624990874109e-01,2.801041197393891458e-01,3.223073403647738755e-01,2.156703295756960681e-01,-3.511977341523865870e-01,-5.704848325249786134e-01,5.171591517101515878e-01,-3.003774601560152968e-01,5.054637795977681147e-01
1.222859210185178458e-01,3.945619881786075478e-01,3.157754829717059342e-01,1.421181960979359671e-01,2.974402150489581231e-01,-1.040839951584577039e-01,3.772803650210351800e-01,-2.886209882238207625e-01,3.493778887533657285e-01,3.179897798421125188e-01,7.395085685598777603e-02,3.683539516485194176e-01,3.258600530638749992e-01,1.000000000000000000e+00,-1.394199306313082809e-01,3.217153614702592535e-01,1.011810489125600648e-01,2.462616837888490784e-01,3.348731666747438718e-01,9.463753726058514448e-02,-6.190232547842514782e-02,4.255632515324235809e-01,3.044038075179554825e-01,3.255444361305298018e-01,3.141722409187199250e-01,-1.130093885672143611e-01,4.185181653298735704e-01,-2.007631193661152114e-01,7.429568875339034872e-02,1.051883297956754809e-01,4.237562297375045972e-01,3.566882643177919365e-01,3.849388005039898752e-01,3.232677953298458418e-01,-1.343091033678808499e-01,-7.184563443375026337e-02,2.939405975295298901e-01,-4.818858490548046103e-02,3.785772003037692901e-01
2.067462854223632227e-02,-2.186630157192567814e-01,-9.561293895033440293e-02,-1.709536219678692848e-01,-4.044072857877116685e-03,-1.005554891672067741e-01,-3.864652214975634048e-01,1.689649862602605329e-02,9.790574118175622564e-02,-2.395614163061957347e-01,-2.067588163682213265e-01,-3.909557119259928631e-02,-3.930256174024058802e-01,-1.394199306313082809e-01,1.000000000000000000e+00,-8.057169419203574073e-03,-4.493642777450460729e-02,3.316367255974080330e-01,-1.498435325713718715e-02,-1.684527253924069656e-01,2.130997657849266202e-01,-1.831802767205982507e-01,-1.432173619312744062e-01,-2.093904883720555943e-01,-3.840588450672660636e-01,4.370421672537015412e-01,-3.328306184075188190e-01,2.428850713780332515e-01,6.694460823864982479e-02,-5.489842297131095061e-02,-4.189723128069460789e-01,-1.526637755141456443e-01,-2.702546196275150137e-01,1.677640249871865941e-01,-1.168347533764918095e-01,2.280003559098745247e-01,-3.967116797412755247e-01,4.597960115686003379e-01,-3.563194087448322001e-01
2.546101310975695253e-01,4.591096649107340166e-01,4.860032554854758491e-01,2.559332163492959444e-01,4.251556723228004375e-01,-2.874180861890688887e-01,2.601311610739664992e-01,-4.671587662010718844e-01,4.846551496874540454e-01,4.960688806114586513e-01,9.591668277025770795e-02,4.373547736977889122e-01,1.437511714559238929e-01,3.217153614702592535e-01,-8.057169419203574073e-03,1.000000000000000000e+00,2.046075776734093410e-01,5.539259746714847443e-01,5.631765571647450175e-01,9.050383991466891265e-02,-1.248342907285547067e-02,3.954993380616215748e-01,5.721081968043313370e-01,2.358944736510898144e-01,3.203988751597077744e-01,-7.819379167687861426e-03,3.016595585961422965e-01,-1.162427479563225841e-01,-1.502697928756496493e-01,3.214113637107421928e-01,4.292231284385359946e-01,4.020231998998046175e-01,2.047906869517037154e-01,5.595731022455927572e-01,-2.578413595577483397e-01,1.843326420830471990e-01,1.204584723805717794e-01,3.218152272259742763e-01,4.080468270541722786e-01
5.664587947421462905e-02,1.124314657475788543e-01,-6.989367701173591907e-02,1.647186405383823382e-01,8.427567596033375130e-02,-2.196301832193788689e-02,1.355151249326246032e-02,1.621736559742049250e-02,1.750586281134734190e-01,-2.572904227034546534e-02,2.783072352503117575e-01,2.000719568747293953e-01,3.148911505677391420e-01,1.011810489125600648e-01,-4.493642777450460729e-02,2.046075776734093410e-01,1.000000000000000000e+00,-5.543003802619663779e-03,-1.239359431250751514e-01,-9.446107041586690456e-02,-3.775511552111501801e-01,4.286670132179956627e-02,3.514204756039686073e-01,4.862247381756250042e-01,3.136568925005872033e-01,-2.207909026828158705e-02,2.841626756601431936e-01,-3.142729344417740101e-01,-4.458433799103308365e-02,-1.127372902184319188e-02,6.743793580500553886e-02,3.677101843078099952e-01,1.077000896742393715e-01,1.080784984815664068e-01,-1.282995502145966027e-01,-2.789507538976484513e-01,2.657382858436944106e-01,4.142999534486589697e-02,2.478377001312986605e-01
3.667133914500246838e-01,2.523854864694988764e-01,5.031776571689112743e-01,3.730154488408582436e-01,5.794920534654053323e-01,-5.128953213203722994e-01,1.933904542901146162e-01,-5.563752529657508550e-01,6.671382686385582961e-01,2.843627548436934438e-01,-8.982856468539689165e-02,4.436699169617426830e-01,-5.627324968825540147e-02,2.462616837888490784e-01,3.316367255974080330e-01,5.539259746714847443e-01,-5.543003802619663779e-03,1.000000000000000000e+00,6.063928379899028442e-01,4.277704098987484410e-02,1.092770658434988468e-01,2.878336061084428854e-01,1.571519848446929490e-01,3.600467105669081375e-02,-5.198574540310575698e-02,3.777863901266319269e-02,1.846010938725191619e-01,-1.004150567922761084e-01,1.367331978535052395e-01,2.361248403547067110e-01,1.749507227624352013e-01,3.125174613350356068e-01,-1.172644072829733125e-01,7.191201768421857654e-01,-3.399490574949481925e-01,2.950149057451250112e-01,-3.602858134872578139e-02,3.831352686109545380e-01,2.822346094732046673e-01
1.244543510769004907e-01,3.073490841662337436e-01,6.539892719136689569e-01,1.739514458683365794e-01,4.321525648037847778e-01,-4.564878443150148790e-01,3.388694650855799684e-01,-5.972442425096174956e-01,5.264143548776474280e-01,5.992383216399024271e-01,-5.646017789104051943e-02,4.860094835283108039e-01,8.966165874361688159e-02,3.348731666747438718e-01,-1.498435325713718715e-02,5.631765571647450175e-01,-1.239359431250751514e-01,6.063928379899028442e-01,1.000000000000000000e+00,7.584956814060682395e-02,1.008874529019857247e-01,4.830491745505403056e-01,2.990818529752202748e-01,-8.580524627287748618e-03,2.186026501160532043e-01,-2.637494113078066027e-01,2.382717618944871774e-01,-9.557884819276428467e-02,-1.973308105921098010e-01,2.745988639940951104e-01,5.114012837183695703e-01,3.069183144079665748e-01,2.488413658507923620e-01,6.780780677962373604e-01,-2.051583417227147987e-01,2.186881582294228632e-01,-6.727538240261674192e-03,1.575728030745832953e-01,3.889738424031283781e-01
2.565256651054756420e-01,2.595355364409037136e-01,2.058528959973334738e-01,3.071333170661679213e-01,3.961708869880852663e-02,-9.411839890122029872e-02,3.517895974064191855e-01,-4.889946910356110510e-02,-2.842840540475879973e-02,1.191874005447466911e-01,2.806644781092667434e-02,2.731980626988689959e-02,1.302404064710788456e-01,9.463753726058514448e-02,-1.684527253924069656e-01,9.050383991466891265e-02,-9.446107041586690456e-02,4.277704098987484410e-02,7.584956814060682395e-02,1.000000000000000000e+00,1.297960905422303468e-01,4.193298620890570372e-01,-6.875016213468318482e-02,-3.740677160632852050e-02,8.232311957226774723e-02,-2.237129867029994182e-02,1.282653518985308605e-01,1.137382312684056818e-01,2.670208915377679237e-01,6.709354740845607790e-02,1.512676234088971561e-01,-1.522603521512535529e-01,2.535310683934289266e-01,-2.749807103133348595e-03,2.101587940037793686e-02,-4.437732642153983421e-03,3.202937135016545867e-01,-8.448399426582695049e-02,1.597898519387603578e-01
-5.891628803480648824e-02,-1.933081089631031591e-01,3.485369113028753407e-01,-1.742260719436414251e-01,3.846822279237639003e-02,5.796785705996822247e-02,-1.377631221869582978e-01,-3.017261834164734480e-01,-1.102734669086540831e-01,-9.633536208569817849e-02,-2.481663468159188146e-01,-4.441350008826826512e-01,-4.232795186471375315e-01,-6.190232547842514782e-02,2.130997657849266202e-01,-1.248342907285547067e-02,-3.775511552111501801e-01,1.092770658434988468e-01,1.008874529019857247e-01,1.297960905422303468e-01,1.000000000000000000e+00,1.542020108066114448e-01,-2.936646555081363075e-01,-4.272389862450969855e-01,-4.280711090137729880e-01,5.038830314247716435e-01,-4.913718431389325625e-01,7.203059261688228299e-01,-8.888255568596775680e-02,1.370660647508205876e-01,-1.606429733646593527e-01,-1.239885092303283226e-01,-1.564718019700020168e-01,-1.546895433195839553e-01,1.903188995378832238e-01,4.647739778138103017e-01,-3.807905676434001352e-01,1.960143839889798567e-01,-3.774337861035544917e-01
1.221265386437984934e-01,4.863646313043885616e-01,5.630148419213606426e-01,4.128180960238869712e-01,4.549274829309010726e-01,-3.622326318918296373e-01,6.759088915825156585e-01,-4.681821580744078837e-01,3.167928293097804215e-01,3.141092135559491738e-01,4.333583079512487446e-02,5.176368615337398893e-01,3.670226038690519998e-01,4.255632515324235809e-01,-1.831802767205982507e-01,3.954993380616215748e-01,4.286670132179956627e-02,2.878336061084428854e-01,4.830491745505403056e-01,4.193298620890570372e-01,1.542020108066114448e-01,1.000000000000000000e+00,1.640652919174548363e-01,1.105568397115920670e-01,2.997853676767837650e-01,-1.892003986535731042e-01,5.180361282645530308e-01,-1.957612426291811258e-01,-5.862199260721840527e-02,-2.507539351534134736e-02,6.534134034619201170e-01,3.691645117584206881e-01,3.726847186837173864e-01,4.522295362869456770e-01,-2.326147424604813330e-01,-1.462724226250525505e-01,3.093154959770713086e-01,-3.469065711886618747e-02,4.640172293572768503e-01
-5.883424732131440488e-02,1.774254165419017759e-01,2.156015988642387415e-01,4.873652517945317730e-02,2.057020837349584630e-01,2.286699919899240208e-01,1.440487853534593299e-01,-1.428280587726380169e-01,1.869187470519908800e-01,5.297283752682874214e-01,1.907380525927141746e-01,2.856308685504838629e-01,2.477064281821562963e-01,3.044038075179554825e-01,-1.432173619312744062e-01,5.721081968043313370e-01,3.514204756039686073e-01,1.571519848446929490e-01,2.990818529752202748e-01,-6.875016213468318482e-02,-2.936646555081363075e-01,1.640652919174548363e-01,1.000000000000000000e+00,6.250808907582444673e-01,7.419072124360606146e-01,-1.561181817228777524e-01,2.979366371991790663e-01,-1.731276050371357289e-01,-2.590636898469053651e-01,4.390065495586450428e-01,3.267117518395485920e-01,2.869820043316224645e-01,5.141737186029149420e-01,2.699693055529000518e-01,1.342235957103454502e-01,-2.805314529234769622e-02,3.406279831000433300e-01,2.191178334818750031e-02,2.329163411411074025e-01
1.399069918792291145e-01,2.436379064762557722e-01,7.016552635282212458e-02,2.095040633923568596e-01,2.517386919260414802e-01,2.338074889307077686e-01,1.742489316709147362e-01,-7.537371046919466577e-02,2.249162529686948298e-01,2.705536108888602076e-01,3.019369852282533517e-01,2.574053407728132958e-01,3.483347393432295602e-01,3.255444361305298018e-01,-2.093904883720555943e-01,2.358944736510898144e-01,4.862247381756250042e-01,3.600467105669081375e-02,-8.580524627287748618e-03,-3.740677160632852050e-02,-4.272389862450969855e-01,1.105568397115920670e-01,6.250808907582444673e-01,1.000000000000000000e+00,6.528332259146404359e-01,-9.348032542485554264e-02,4.655274475883873220e-01,-3.153457432259245685e-01,1.529698991466455771e-01,2.532073136908024047e-01,2.241437238572182578e-01,3.220295762617770841e-01,4.914364313057937306e-01,2.111192092557284128e-01,1.278746094596890370e-01,-2.550049690220661525e-01,5.320213292478912503e-01,-2.963874818065466779e-02,3.197032330768966313e-01
-1.491435697810264416e-01,2.261566279939291324e-01,1.650660924714099642e-01,1.557380175608170936e-01,1.648835348977141235e-01,2.206898943738687946e-01,3.593332840549225971e-01,-4.609185010073509059e-02,1.035414933371456014e-01,5.024846295659263218e-01,1.804588128172422701e-01,3.689740153845076365e-01,4.352330016408136881e-01,3.141722409187199250e-01,-3.840588450672660636e-01,3.203988751597077744e-01,3.136568925005872033e-01,-5.198574540310575698e-02,2.186026501160532043e-01,8.232311957226774723e-02,-4.280711090137729880e-01,2.997853676767837650e-01,7.419072124360606146e-01,6.528332259146404359e-01,1.000000000000000000e+00,-4.120468142785495558e-01,5.043262272293702608e-01,-3.544675966158137292e-01,-2.261073500224673738e-01,3.036601668366284978e-01,4.367298826419799274e-01,2.483708656644700863e-01,6.807916129063572575e-01,1.657489945996604985e-01,1.534885945589169742e-01,-2.777069747293168245e-01,5.202415049421520443e-01,-2.790408087593937991e-01,3.172035148118453884e-01
2.945332249887179163e-02,-2.013821229785942579e-01,-5.320339987437147991e-03,-2.994456875722242839e-01,-5.213094034426357659e-02,2.632867520570800757e-01,-4.141539001203576875e-01,-5.139093531209917853e-02,-1.659977460686695439e-01,-1.800750367686702880e-01,-7.861763322683171240e-02,-4.270556121563363061e-01,-3.540045960388951141e-01,-1.130093885672143611e-01,4.370421672537015412e-01,-7.819379167687861426e-03,-2.207909026828158705e-02,3.777863901266319269e-02,-2.637494113078066027e-01,-2.237129867029994182e-02,5.038830314247716435e-01,-1.892003986535731042e-01,-1.561181817228777524e-01,-9.348032542485554264e-02,-4.120468142785495558e-01,1.000000000000000000e+00,-4.079926479932230454e-01,6.142162484322208904e-01,2.143993541423342697e-01,1.240614227890604188e-01,-2.808931030293657649e-01,-2.683574875240372637e-01,-1.015949514502265671e-01,-1.891492584662942122e-01,1.402720753453694513e-01,2.785199066633893827e-01,-2.433566263028124621e-01,4.306288804655504787e-01,-4.348711488894088650e-01
2.239745811370051076e-01,5.674933343759295257e-01,2.319960264206052114e-01,4.499902889784125337e-01,4.669717936988270757e-01,-3.479895553866663716e-01,6.079895256691880689e-01,-2.411262685157178620e-01,4.441800889428609844e-01,2.319903722637083887e-01,1.713547969306008223e-01,7.405927433598750165e-01,7.002361513979878938e-01,4.185181653298735704e-01,-3.328306184075188190e-01,3.016595585961422965e-01,2.841626756601431936e-01,1.846010938725191619e-01,2.382717618944871774e-01,1.282653518985308605e-01,-4.913718431389325625e-01,5.180361282645530308e-01,2.979366371991790663e-01,4.655274475883873220e-01,5.043262272293702608e-01,-4.079926479932230454e-01,1.000000000000000000e+00,-7.138161795760890049e-01,1.092602797253496988e-01,-1.666002253827053858e-01,6.324508519292656450e-01,4.916198246409883565e-01,3.377102921133671165e-01,4.541316895325432923e-01,-3.893628717556189556e-01,-4.449090443422822894e-01,5.277474238544364038e-01,-1.245133054827300273e-01,7.024273632780375642e-01
-1.995757199935600801e-01,-4.100918360972562460e-01,3.716984687980447177e-02,-3.938531759789871689e-01,-2.417942371118398104e-01,4.197630792428555524e-01,-3.867288266210936465e-01,4.381241705086014876e-02,-3.497356243880180848e-01,-6.228360053404403962e-02,-2.059809206438266704e-01,-7.142567637674165359e-01,-5.987160510996005769e-01,-2.007631193661152114e-01,2.428850713780332515e-01,-1.162427479563225841e-01,-3.142729344417740101e-01,-1.004150567922761084e-01,-9.557884819276428467e-02,1.137382312684056818e-01,7.203059261688228299e-01,-1.957612426291811258e-01,-1.731276050371357289e-01,-3.153457432259245685e-01,-3.544675966158137292e-01,6.142162484322208904e-01,-7.138161795760890049e-01,1.000000000000000000e+00,-9.317000442034127639e-02,3.355227717876121396e-01,-3.593463754158678913e-01,-3.886641843952339248e-01,-6.095544860758159676e-03,-3.893055627887309078e-01,5.028330558760620850e-01,5.032933214870928262e-01,-3.732045061899409433e-01,1.447834284177147157e-01,-6.071384956472593020e-01
6.217229721770513029e-01,2.278792595965958012e-01,-6.827955510341611467e-02,3.313933323783196383e-01,1.583579204704721188e-01,-7.799456282466603330e-02,3.694755227923665706e-03,-2.890556051522290282e-02,1.573485810237292004e-01,-1.032097292419955348e-01,1.556924097531328377e-01,3.065959169894946421e-02,-1.483886547499305500e-02,7.429568875339034872e-02,6.694460823864982479e-02,-1.502697928756496493e-01,-4.458433799103308365e-02,1.367331978535052395e-01,-1.973308105921098010e-01,2.670208915377679237e-01,-8.888255568596775680e-02,-5.862199260721840527e-02,-2.590636898469053651e-01,1.529698991466455771e-01,-2.261073500224673738e-01,2.143993541423342697e-01,1.092602797253496988e-01,-9.317000442034127639e-02,1.000000000000000000e+00,-1.294468115869407965e-01,-1.242238780540902005e-01,-7.020631249663675244e-02,-1.535505526248246433e-01,9.103510390257549267e-02,-1.554041232276456852e-01,-3.323959000914682854e-02,2.250896209224539368e-01,2.471394795929738319e-01,1.762392656015639714e-01
-1.139999373262942789e-01,-1.168986987760089330e-01,3.079732700889606933e-01,-5.053807063521593285e-02,1.445876446421887895e-01,3.195221900905261259e-01,-1.043054651117010928e-01,-1.982199371049948589e-01,1.276484797289920148e-01,4.678277064869407753e-01,-1.505772742876808172e-02,-1.770003519312966511e-01,-3.013635028894106616e-01,1.051883297956754809e-01,-5.489842297131095061e-02,3.214113637107421928e-01,-1.127372902184319188e-02,2.361248403547067110e-01,2.745988639940951104e-01,6.709354740845607790e-02,1.370660647508205876e-01,-2.507539351534134736e-02,4.390065495586450428e-01,2.532073136908024047e-01,3.036601668366284978e-01,1.240614227890604188e-01,-1.666002253827053858e-01,3.355227717876121396e-01,-1.294468115869407965e-01,1.000000000000000000e+00,-8.184814223381901843e-03,1.939822274253493459e-04,3.673903658313575904e-01,7.706720081455602223e-02,4.636575893357899325e-01,4.378971945910311581e-01,5.843319556871216097e-02,3.257795715146633714e-02,-1.388287660990819572e-01
-8.096185387694592242e-03,4.596705821663391589e-01,4.074755725535725293e-01,2.146225246338840376e-01,3.594045479390003961e-01,-2.530195799492901965e-01,6.110878735590681288e-01,-3.569239388583443917e-01,2.309200904218729755e-01,5.552572302579047436e-01,2.189278703205463084e-01,6.384447294344357537e-01,5.324239624990874109e-01,4.237562297375045972e-01,-4.189723128069460789e-01,4.292231284385359946e-01,6.743793580500553886e-02,1.749507227624352013e-01,5.114012837183695703e-01,1.512676234088971561e-01,-1.606429733646593527e-01,6.534134034619201170e-01,3.267117518395485920e-01,2.241437238572182578e-01,4.367298826419799274e-01,-2.808931030293657649e-01,6.324508519292656450e-01,-3.593463754158678913e-01,-1.242238780540902005e-01,-8.184814223381901843e-03,1.000000000000000000e+00,3.004550720875118208e-01,4.600329007684605953e-01,4.356824293021581140e-01,-2.451391744696552466e-01,-2.839764119011844445e-01,3.663735571721965512e-01,-8.919593051073561318e-02,5.440594382822266928e-01
2.935414520844745745e-01,4.670788400468242063e-01,3.474416483436197356e-01,3.665260093674750363e-01,5.184627926832011680e-01,-3.383897062845302450e-01,3.130205418202998691e-01,-3.892526560694767324e-01,6.105759709734156493e-01,-1.680227840328259951e-03,4.856372601774005399e-02,3.859058654185180681e-01,2.801041197393891458e-01,3.566882643177919365e-01,-1.526637755141456443e-01,4.020231998998046175e-01,3.677101843078099952e-01,3.125174613350356068e-01,3.069183144079665748e-01,-1.522603521512535529e-01,-1.239885092303283226e-01,3.691645117584206881e-01,2.869820043316224645e-01,3.220295762617770841e-01,2.483708656644700863e-01,-2.683574875240372637e-01,4.916198246409883565e-01,-3.886641843952339248e-01,-7.020631249663675244e-02,1.939822274253493459e-04,3.004550720875118208e-01,1.000000000000000000e+00,-1.290188982009387100e-02,4.064864124361372566e-01,-1.830193440572756847e-01,-1.233598577233027335e-02,2.614660510341023092e-01,8.905177782365175654e-02,5.790207683524860593e-01
-2.189592119081812949e-01,1.431037611676667931e-01,2.067064292119060454e-01,-7.173542149414081914e-02,5.263605873121778717e-02,3.077681233437505326e-01,2.965071605077805872e-01,-4.850977090928809687e-02,-1.320950300076171105e-02,5.559796996543756586e-01,1.694702236170436693e-01,2.001881629533389939e-01,3.223073403647738755e-01,3.849388005039898752e-01,-2.702546196275150137e-01,2.047906869517037154e-01,1.077000896742393715e-01,-1.172644072829733125e-01,2.488413658507923620e-01,2.535310683934289266e-01,-1.564718019700020168e-01,3.726847186837173864e-01,5.141737186029149420e-01,4.914364313057937306e-01,6.807916129063572575e-01,-1.015949514502265671e-01,3.377102921133671165e-01,-6.095544860758159676e-03,-1.535505526248246433e-01,3.673903658313575904e-01,4.600329007684605953e-01,-1.290188982009387100e-02,1.000000000000000000e+00,9.575272706683551904e-02,2.851903991297847774e-01,-2.069610600086480845e-01,4.183241680475809354e-01,-2.364858093506669867e-01,1.412501143131315029e-01
3.825704255401557452e-01,4.118144264766252505e-01,5.173575474753903114e-01,4.289196119892321191e-01,6.088308276388604279e-01,-6.044344917526671690e-01,3.480808775240423203e-01,-5.750958905808256638e-01,6.885506392736966408e-01,3.929286824747663109e-01,7.832038960633029567e-02,7.093716669087313242e-01,2.156703295756960681e-01,3.232677953298458418e-01,1.677640249871865941e-01,5.595731022455927572e-01,1.080784984815664068e-01,7.191201768421857654e-01,6.780780677962373604e-01,-2.749807103133348595e-03,-1.546895433195839553e-01,4.522295362869456770e-01,2.699693055529000518e-01,2.111192092557284128e-01,1.657489945996604985e-01,-1.891492584662942122e-01,4.541316895325432923e-01,-3.893055627887309078e-01,9.103510390257549267e-02,7.706720081455602223e-02,4.356824293021581140e-01,4.064864124361372566e-01,9.575272706683551904e-02,1.000000000000000000e+00,-4.849242886639408834e-01,-1.539135984816909254e-02,8.078958300427858952e-02,3.543330469179570841e-01,5.324184230125237338e-01
-3.373278561865460379e-01,-3.684137072381994393e-01,-1.228260971310285721e-01,-3.016091899675843457e-01,-2.219178685604573098e-01,7.316702281405644825e-01,-2.370563971948781434e-01,2.696166301814286181e-01,-3.896259418232052019e-01,6.001537198311347049e-02,-8.512999435061754938e-02,-5.873494453037938490e-01,-3.511977341523865870e-01,-1.343091033678808499e-01,-1.168347533764918095e-01,-2.578413595577483397e-01,-1.282995502145966027e-01,-3.399490574949481925e-01,-2.051583417227147987e-01,2.101587940037793686e-02,1.903188995378832238e-01,-2.326147424604813330e-01,1.342235957103454502e-01,1.278746094596890370e-01,1.534885945589169742e-01,1.402720753453694513e-01,-3.893628717556189556e-01,5.028330558760620850e-01,-1.554041232276456852e-01,4.636575893357899325e-01,-2.451391744696552466e-01,-1.830193440572756847e-01,2.851903991297847774e-01,-4.849242886639408834e-01,1.000000000000000000e+00,2.328200718260843849e-01,1.650856915237817468e-01,-2.652970993476753137e-01,-4.470402701921095123e-01
1.704876866061252327e-01,-3.084724192704402582e-02,2.330956819146178804e-01,-9.386876240937806759e-02,8.074015594694729236e-02,2.847401597078484323e-02,-2.633340307763099020e-01,-2.203637430726523849e-01,1.313198640212600299e-01,5.624479898804252836e-02,-2.937017816171041407e-01,-3.756506247358779582e-01,-5.704848325249786134e-01,-7.184563443375026337e-02,2.280003559098745247e-01,1.843326420830471990e-01,-2.789507538976484513e-01,2.950149057451250112e-01,2.186881582294228632e-01,-4.437732642153983421e-03,4.647739778138103017e-01,-1.462724226250525505e-01,-2.805314529234769622e-02,-2.550049690220661525e-01,-2.777069747293168245e-01,2.785199066633893827e-01,-4.449090443422822894e-01,5.032933214870928262e-01,-3.323959000914682854e-02,4.378971945910311581e-01,-2.839764119011844445e-01,-1.233598577233027335e-02,-2.069610600086480845e-01,-1.539135984816909254e-02,2.328200718260843849e-01,1.000000000000000000e+00,-3.960408106394563421e-01,2.758645179719906859e-01,-1.530979294489016873e-01
1.636674505194440354e-01,3.383352815501597388e-01,6.153612801909737196e-02,3.355246265029596109e-01,2.321598817688193539e-01,1.460341410510475335e-01,4.546019338479038718e-01,2.642949294236542762e-02,1.108611639963556911e-01,1.794229575886361894e-01,2.244145336406981051e-01,2.978028951470128582e-01,5.171591517101515878e-01,2.939405975295298901e-01,-3.967116797412755247e-01,1.204584723805717794e-01,2.657382858436944106e-01,-3.602858134872578139e-02,-6.727538240261674192e-03,3.202937135016545867e-01,-3.807905676434001352e-01,3.093154959770713086e-01,3.406279831000433300e-01,5.320213292478912503e-01,5.202415049421520443e-01,-2.433566263028124621e-01,5.277474238544364038e-01,-3.732045061899409433e-01,2.250896209224539368e-01,5.843319556871216097e-02,3.663735571721965512e-01,2.614660510341023092e-01,4.183241680475809354e-01,8.078958300427858952e-02,1.650856915237817468e-01,-3.960408106394563421e-01,1.000000000000000000e+00,-2.188618766992274367e-01,3.884824018717691341e-01
4.250438920134890775e-01,1.160422202664916080e-01,1.958910414509535403e-01,5.203372114818288069e-02,2.312350680005597903e-01,-2.476778366167902146e-01,-3.163847928319176162e-01,-3.257529835649589089e-01,3.272469629331719587e-01,-1.889631690771633940e-02,2.645052593497709825e-02,8.136014875706437666e-02,-3.003774601560152968e-01,-4.818858490548046103e-02,4.597960115686003379e-01,3.218152272259742763e-01,4.142999534486589697e-02,3.831352686109545380e-01,1.575728030745832953e-01,-8.448399426582695049e-02,1.960143839889798567e-01,-3.469065711886618747e-02,2.191178334818750031e-02,-2.963874818065466779e-02,-2.790408087593937991e-01,4.306288804655504787e-01,-1.245133054827300273e-01,1.447834284177147157e-01,2.471394795929738319e-01,3.257795715146633714e-02,-8.919593051073561318e-02,8.905177782365175654e-02,-2.364858093506669867e-01,3.543330469179570841e-01,-2.652970993476753137e-01,2.758645179719906859e-01,-2.188618766992274367e-01,1.000000000000000000e+00,1.272847041434630733e-01
5.254130753099811590e-01,7.120929043967224592e-01,3.054054036000762307e-01,5.345906513846269137e-01,4.713069800320600633e-01,-5.052616949146149228e-01,5.208848963553919242e-01,-3.446770601522011201e-01,6.044101609877471359e-01,1.967660888828265398e-01,2.106551282004797965e-01,6.263147122047016957e-01,5.054637795977681147e-01,3.785772003037692901e-01,-3.563194087448322001e-01,4.080468270541722786e-01,2.478377001312986605e-01,2.822346094732046673e-01,3.889738424031283781e-01,1.597898519387603578e-01,-3.774337861035544917e-01,4.640172293572768503e-01,2.329163411411074025e-01,3.197032330768966313e-01,3.172035148118453884e-01,-4.348711488894088650e-01,7.024273632780375642e-01,-6.071384956472593020e-01,1.762392656015639714e-01,-1.388287660990819572e-01,5.440594382822266928e-01,5.790207683524860593e-01,1.412501143131315029e-01,5.324184230125237338e-01,-4.470402701921095123e-01,-1.530979294489016873e-01,3.884824018717691341e-01,1.272847041434630733e-01,1.000000000000000000e+00
