1.000000000000000000e+00,-2.164039065410167106e-01,1.978073883051958415e-01,-1.124176104568777035e-01,2.539540925675232708e-01,2.434790633399758486e-01,-4.698094580411275034e-01,-5.943072422575628594e-02,2.153992857112145276e-01,2.192848331232577774e-01,1.261137210163797429e-01,-2.816057788197591782e-01,-1.731454361018772148e-01,3.932520950946974958e-01,2.096729946853475093e-02,3.307961689731822585e-01,2.767710815035743233e-01,6.162060909007319176e-02,-1.796239230358961658e-01,2.895820133993893264e-01,-2.667330631905366900e-01,-2.751958192899472966e-01,2.855315012826428189e-01,3.366663097792983554e-03,2.390039057132166689e-01,5.049814309768901888e-01,-3.589697395791119905e-01,4.426360536804251899e-01,3.888476134674281326e-01,4.222593796773012054e-01,-2.778197494665807787e-01,-1.307074590152536853e-01,2.568866867830743028e-01,2.696604515486542564e-01,3.067354951892425352e-01,1.507002918923431856e-01,2.095256952301627340e-01,2.081137491876625667e-01,-2.709491616152397420e-01
-2.164039065410167106e-01,1.000000000000000000e+00,2.404583561830426763e-01,3.658137279100177192e-02,-8.411279767231136240e-02,2.547068009907579311e-01,7.935303476171354231e-02,-1.693536403225200382e-01,-2.248160266351286185e-01,4.409881837967213336e-01,3.473772866344841947e-01,-8.896004292513771949e-02,3.066015906209467734e-01,1.348494456026954891e-01,-5.074690551463253430e-01,3.228843756441188151e-01,1.759806317180876989e-01,-3.239228765615052574e-01,-1.921336220252323201e-01,1.784983654803746489e-01,-1.361175939935465040e-01,2.681522060758729231e-01,2.734906457932629320e-01,-5.848805212826667377e-02,3.287828778562016940e-01,-3.525763145915064012e-01,4.959518131348611414e-01,-3.615689429386392262e-01,-1.136961876526727533e-01,2.508577625281055989e-01,5.264652901086565029e-01,6.466858819945903170e-01,2.801842534858924871e-01,-3.351436889631361216e-01,2.940729546979443110e-01,4.432242419119228893e-01,3.054040413692623024e-01,-4.455494316313077241e-01,1.060514795504646501e-01
1.978073883051958415e-01,2.404583561830426763e-01,1.000000000000000000e+00,2.949622676142231170e-01,5.887976305017668111e-01,1.105098818615889711e-01,-1.798227097921727968e-01,-7.672928917963369733e-01,1.686505051064915717e-01,5.398729247553299970e-01,5.605465210676061072e-02,1.648261950606218218e-02,-1.363455688656958209e-01,2.488933427555747036e-01,-3.443047440393384728e-01,5.367631935357243256e-01,7.172713623008193651e-02,9.681325029852823338e-02,6.887205455960551670e-02,5.032131928117148378e-01,-1.272575888363947473e-03,2.719456305211313540e-01,2.611458106692040593e-01,2.346879466668354008e-01,2.540836894775050370e-01,5.457834568478364679e-02,9.219037399737088287e-03,7.727275924609888769e-02,-6.505826782683409026e-02,5.669767190536428858e-01,1.931272344433491717e-01,1.513377640779353106e-01,3.777388250902067868e-01,2.327970314005339547e-01,4.232276210724428972e-02,3.511748037344309958e-01,2.988484818445798219e-02,3.112901450062295280e-02,1.151543477786057534e-01
-1.124176104568777035e-01,3.658137279100177192e-02,2.949622676142231170e-01,1.000000000000000000e+00,3.322641282716131128e-01,-3.286130538181596394e-01,1.834849948085732207e-01,-3.034608020142852691e-01,5.281533614651759967e-01,-1.650036133547787554e-01,-4.147181324603167463e-01,4.831613414762963021e-01,-2.362959305674791899e-01,-5.399447365557834277e-02,-8.247165129416630935e-02,-1.692075214491665369e-01,-4.323335408249512346e-01,5.162116520719889357e-01,4.423164433948883478e-01,3.068272875504150787e-02,2.627036493712162427e-03,4.770151285801173952e-02,-2.818932735822554103e-01,5.014854113690526694e-01,-2.941102297198999738e-01,8.551398530094600492e-02,-3.247247867118836784e-02,-1.236412988852430284e-01,2.396532374961632406e-01,-6.485396066881270183e-02,-1.912013248620025307e-01,-1.883036639682686975e-01,-3.801903179802514354e-01,3.200287048344395147e-01,-3.587705999177475125e-01,-1.504393970366777467e-01,-3.662033979375823867e-01,2.166323427802149537e-01,3.868175835515270666e-01
2.539540925675232708e-01,-8.411279767231136240e-02,5.887976305017668111e-01,3.322641282716131128e-01,1.000000000000000000e+00,-2.318383819556155412e-01,5.986397829396488540e-02,-5.924245803108569852e-01,3.614622152521373977e-01,4.953537786067688936e-02,-2.530699371258520181e-01,2.535312048107398741e-01,-3.113619689113435451e-01,1.004174204631433087e-01,6.842157586990040008e-02,8.270533301948800042e-02,-1.790392631112275867e-01,3.518337222079127580e-01,3.437834942825221951e-01,1.957844217560943123e-01,2.761151309580018864e-01,2.588994027414802113e-01,-8.296310241448527634e-02,3.121730369842933839e-01,-1.310316202343028980e-01,2.653559765899743961e-01,-1.296780323987940971e-02,2.849934746871663482e-01,1.505528819541603336e-01,1.683179314059643772e-01,2.691488461882800970e-02,-1.488552129979449010e-02,9.120033587010783344e-03,6.278106224987021200e-01,-1.940212974442468985e-01,-3.368078216864837243e-02,-1.979506765882834418e-01,3.695075643845915359e-01,2.740725307797493571e-01
2.434790633399758486e-01,2.547068009907579311e-01,1.105098818615889711e-01,-3.286130538181596394e-01,-2.318383819556155412e-01,1.000000000000000000e+00,-5.790895730940895936e-01,1.608327050958836268e-01,-5.451075280003806478e-01,6.452361356662177361e-01,8.415541915221713687e-01,-7.600428070531513036e-01,3.813156921710590952e-01,5.091450756822504253e-01,-4.944894951860284160e-01,5.999822827061553898e-01,8.665424006515759503e-01,-6.659423708738895220e-01,-7.563340849107911268e-01,5.293031489605034556e-01,-5.037695989711005184e-01,-1.753653374030204881e-01,7.827283637303565911e-01,-5.013293468215777038e-01,8.466498448496694307e-01,6.236863598278195170e-02,1.540791884842553083e-02,-3.444635319031792708e-02,-2.411231482215261956e-02,5.996062698136517266e-01,2.070943291190868452e-01,4.443878420759745929e-01,7.558165225800601572e-01,-4.001552503357578838e-01,7.945760336937099932e-01,5.331706917007694724e-01,8.099555294047389165e-01,-5.460982374342010504e-01,-6.373198409133272735e-01
-4.698094580411275034e-01,7.935303476171354231e-02,-1.798227097921727968e-01,1.834849948085732207e-01,5.986397829396488540e-02,-5.790895730940895936e-01,1.000000000000000000e+00,-1.300677823783517872e-01,6.835198558282466925e-03,-3.961136756996719299e-01,-5.141517899653049728e-01,4.513585932966410197e-01,1.457749836370816621e-01,-4.490048315741705931e-01,2.528103643521988908e-01,-4.004662796109417777e-01,-6.037173258111857566e-01,2.416502477604689780e-01,4.174485642631595717e-01,-4.234928733472970719e-01,7.182518132712776282e-01,5.311485171156468121e-01,-5.221074736030446584e-01,3.747591849031152167e-01,-5.920651774155075708e-01,-1.098899152440566684e-01,3.591440666058558495e-01,1.635476639989525416e-01,8.339701747481050031e-02,-5.001504130353864319e-01,1.476531276994930975e-01,-9.139299452072965901e-02,-5.223883148050179059e-01,9.694347947858680814e-02,-3.851575717108813857e-01,-2.140683873370450852e-01,-5.625220412100119249e-01,1.430603355531643098e-02,3.895933691141384436e-01
-5.943072422575628594e-02,-1.693536403225200382e-01,-7.672928917963369733e-01,-3.034608020142852691e-01,-5.924245803108569852e-01,1.608327050958836268e-01,-1.300677823783517872e-01,1.000000000000000000e+00,-1.509090062849046676e-01,-3.233726763821077599e-01,1.846991447722042268e-01,-1.490049469239353719e-01,1.827809966611799175e-01,4.710736467590224269e-02,1.434610650204328208e-01,-3.025696197417566125e-01,1.724476310395497147e-01,-1.718291889955446683e-01,-1.571343486740333362e-01,-3.224273452162599307e-01,-3.351697888200946829e-01,-4.607630852169536384e-01,1.651340411919315423e-02,-4.208931947513070426e-01,3.355924992000736823e-02,-8.943206078370619094e-02,-2.252141371771690034e-02,-1.838208500469649120e-01,-2.363468012495381111e-03,-3.068091617444097530e-01,-1.283867085105078465e-01,-3.037046710345038536e-02,-7.374305890935493879e-02,-2.643474209113150786e-01,2.114687508980212238e-01,-1.724909181796333846e-01,2.601476898675311178e-01,-9.170722151130109023e-02,-1.996585273612400124e-01
2.153992857112145276e-01,-2.248160266351286185e-01,1.686505051064915717e-01,5.281533614651759967e-01,3.614622152521373977e-01,-5.451075280003806478e-01,6.835198558282466925e-03,-1.509090062849046676e-01,1.000000000000000000e+00,-4.036699369787885017e-01,-6.293828904266026703e-01,6.546239704790475233e-01,-5.493963130959126362e-01,-2.424674761084267757e-02,2.825898003150504323e-01,-2.928530771122732634e-01,-5.716361585769664799e-01,7.776542923075060454e-01,6.758103508628310330e-01,-2.410163781682087836e-01,-6.304531900507441555e-02,-2.041376644564158738e-01,-4.167345444897251894e-01,5.110201674328230803e-01,-4.945998951888264661e-01,1.468871967298590042e-01,-2.136661013948924770e-01,-3.463364090007296781e-02,2.084930025003567111e-01,-1.967885769355836034e-01,-3.324554238382864124e-01,-4.777508612650449571e-01,-4.710824742875645010e-01,5.829555430049827569e-01,-5.006659981477269428e-01,-3.997172491326592136e-01,-5.095507107051638895e-01,6.331822834041116455e-01,5.360249030848209806e-01
2.192848331232577774e-01,4.409881837967213336e-01,5.398729247553299970e-01,-1.650036133547787554e-01,4.953537786067688936e-02,6.452361356662177361e-01,-3.961136756996719299e-01,-3.233726763821077599e-01,-4.036699369787885017e-01,1.000000000000000000e+00,6.537268509547585760e-01,-5.872129903010081531e-01,2.021012163274087114e-01,3.448786175182643743e-01,-6.173349743417576585e-01,8.129968771759484847e-01,6.094359350290681210e-01,-4.961866406263676921e-01,-5.321877817376052811e-01,6.658636102707513604e-01,-2.334417431506219665e-01,1.749610229381549920e-01,6.579981122860677489e-01,-2.437552213365910825e-01,7.364989023384732603e-01,-2.843502673997797339e-02,-1.104724434223082301e-02,5.371621691148640437e-02,-1.413948484920369564e-01,8.096781225233694590e-01,2.874034391230071983e-01,4.391289318980510781e-01,7.525231023517544582e-01,-3.073694511393004203e-01,5.461452273563669468e-01,6.996573644984933615e-01,5.881799488463762549e-01,-4.348037051313977663e-01,-3.859988927273331205e-01
1.261137210163797429e-01,3.473772866344841947e-01,5.605465210676061072e-02,-4.147181324603167463e-01,-2.530699371258520181e-01,8.415541915221713687e-01,-5.141517899653049728e-01,1.846991447722042268e-01,-6.293828904266026703e-01,6.537268509547585760e-01,1.000000000000000000e+00,-7.740575089679510024e-01,4.335547192398544469e-01,4.248385186086867660e-01,-5.580398384078353313e-01,5.510647246881080763e-01,8.381577151006466275e-01,-7.446424546182316417e-01,-7.717271239803733529e-01,5.226647465187206354e-01,-4.476327413241311670e-01,-1.062980930681112907e-01,7.022612272601516104e-01,-6.171543531335551558e-01,8.406234237819688593e-01,-1.098751051189421762e-01,3.396867710837133542e-02,-1.249600537020980895e-01,-1.747620388518391077e-01,5.538823819378771995e-01,2.448625736415890597e-01,5.140382195927616360e-01,7.572006695223874040e-01,-4.563242977419362245e-01,7.205795951230693497e-01,5.397032334210105642e-01,8.251762322370758129e-01,-5.884290351313126166e-01,-6.029474241980410376e-01
-2.816057788197591782e-01,-8.896004292513771949e-02,1.648261950606218218e-02,4.831613414762963021e-01,2.535312048107398741e-01,-7.600428070531513036e-01,4.513585932966410197e-01,-1.490049469239353719e-01,6.546239704790475233e-01,-5.872129903010081531e-01,-7.740575089679510024e-01,1.000000000000000000e+00,-3.618377028247504179e-01,-3.504560398808190813e-01,3.957293860918974504e-01,-4.811742079061558375e-01,-7.714953368487279528e-01,7.013262355494298550e-01,8.267062107963050188e-01,-5.216391988324730056e-01,3.043035296823686231e-01,1.336205141492870785e-01,-5.737603471769474606e-01,5.871503725100054583e-01,-7.242442875748291709e-01,-1.124877242576972913e-01,1.732175053053704727e-01,-1.939598836974981422e-01,2.080983749570826380e-02,-5.227113476861369179e-01,-1.602989474495650213e-02,-2.855930305681212422e-01,-6.688346211856438517e-01,3.930729221144259600e-01,-6.421580754944810066e-01,-4.895358978256483806e-01,-6.989558945261605816e-01,5.514400908008546542e-01,8.036230009876550451e-01
-1.731454361018772148e-01,3.066015906209467734e-01,-1.363455688656958209e-01,-2.362959305674791899e-01,-3.113619689113435451e-01,3.813156921710590952e-01,1.457749836370816621e-01,1.827809966611799175e-01,-5.493963130959126362e-01,2.021012163274087114e-01,4.335547192398544469e-01,-3.618377028247504179e-01,1.000000000000000000e+00,1.492049267146080826e-01,-2.669346973687078406e-01,1.091539829946597123e-01,3.451185766120151710e-01,-4.805177971404268611e-01,-4.146569876960415901e-01,1.012821458876139308e-01,6.331983810129473977e-02,1.771922069028022684e-01,2.366674126403490452e-01,-3.396390479313502464e-01,3.124767239728580281e-01,-8.769259487831679301e-02,3.401266829407350034e-01,2.228416039211566710e-02,6.310603839309292251e-02,6.282210169779497977e-02,2.581284677462006294e-01,3.953319189619075580e-01,2.875007190818370528e-01,-3.735712351160291878e-01,4.742133043682917326e-01,3.164564372692371674e-01,3.371903937198263423e-01,-5.157253568390335330e-01,-2.786913226456291803e-01
3.932520950946974958e-01,1.348494456026954891e-01,2.488933427555747036e-01,-5.399447365557834277e-02,1.004174204631433087e-01,5.091450756822504253e-01,-4.490048315741705931e-01,4.710736467590224269e-02,-2.424674761084267757e-02,3.448786175182643743e-01,4.248385186086867660e-01,-3.504560398808190813e-01,1.492049267146080826e-01,1.000000000000000000e+00,-2.008359246351078820e-01,3.873597961809224777e-01,4.673842310922967092e-01,-1.708151781372587719e-01,-3.310021452274167220e-01,3.791201303724638927e-01,-4.347953191740229206e-01,-1.945567399728920510e-01,4.739269015895882786e-01,-2.279129689916197798e-01,4.952926325157910314e-01,1.977804763782423370e-01,1.942600286322720970e-02,3.879848840736772192e-02,1.926297664368868401e-01,4.288327042544357592e-01,9.264254023548816608e-02,2.058322551339662465e-01,5.565133770125434420e-01,4.259574317652200376e-02,5.017344780249783920e-01,2.972863745682833292e-01,4.247891749004486517e-01,-1.241654260999705134e-01,-3.016822328894360750e-01
2.096729946853475093e-02,-5.074690551463253430e-01,-3.443047440393384728e-01,-8.247165129416630935e-02,6.842157586990040008e-02,-4.944894951860284160e-01,2.528103643521988908e-01,1.434610650204328208e-01,2.825898003150504323e-01,-6.173349743417576585e-01,-5.580398384078353313e-01,3.957293860918974504e-01,-2.669346973687078406e-01,-2.008359246351078820e-01,1.000000000000000000e+00,-5.221632639540673138e-01,-4.346055236703036395e-01,4.070395694476051651e-01,3.956169927490374438e-01,-5.206613481164155122e-01,3.266904913258463772e-01,-4.652778682720128123e-02,-4.846775960321202947e-01,1.883289517844281280e-01,-6.087050272977443388e-01,2.605469031226838594e-01,3.498449300157317754e-02,2.280558118325962391e-01,1.409113730173369439e-01,-5.364282104705271337e-01,-1.715816725462649683e-01,-3.736505576064711454e-01,-4.631981830330904049e-01,3.237864910839426402e-01,-4.043283595002915565e-01,-4.970571339963336110e-01,-4.586685313112670581e-01,5.094064528874914233e-01,2.090417162565698928e-01
3.307961689731822585e-01,3.228843756441188151e-01,5.367631935357243256e-01,-1.692075214491665369e-01,8.270533301948800042e-02,5.999822827061553898e-01,-4.004662796109417777e-01,-3.025696197417566125e-01,-2.928530771122732634e-01,8.129968771759484847e-01,5.510647246881080763e-01,-4.811742079061558375e-01,1.091539829946597123e-01,3.873597961809224777e-01,-5.221632639540673138e-01,1.000000000000000000e+00,5.621244007111334540e-01,-4.305200655402979248e-01,-4.383705075805173212e-01,6.175609297673967379e-01,-2.306228769080234109e-01,1.760269918026710345e-01,7.289497091842792598e-01,-7.984427538306453076e-02,6.664012790916601370e-01,2.488616808520363252e-02,2.221670508362503030e-02,4.903429581030272627e-02,-5.887064347876939940e-02,8.149204220195629400e-01,3.113111388764437382e-01,3.827596402474175430e-01,7.264949366902252459e-01,-1.961256155968861825e-01,5.597984967248825772e-01,6.858317787799830256e-01,5.110952392022313218e-01,-3.586732090590576960e-01,-3.366935827211283705e-01
2.767710815035743233e-01,1.759806317180876989e-01,7.172713623008193651e-02,-4.323335408249512346e-01,-1.790392631112275867e-01,8.665424006515759503e-01,-6.037173258111857566e-01,1.724476310395497147e-01,-5.716361585769664799e-01,6.094359350290681210e-01,8.381577151006466275e-01,-7.714953368487279528e-01,3.451185766120151710e-01,4.673842310922967092e-01,-4.346055236703036395e-01,5.621244007111334540e-01,1.000000000000000000e+00,-6.844433369297310277e-01,-7.480323796530912173e-01,5.121864835326603860e-01,-4.493060072174865915e-01,-1.569502899356677583e-01,7.705188790657185871e-01,-5.654244972852170426e-01,8.118806929444566389e-01,7.912010563976254462e-02,-1.120501896167802776e-02,4.331645632335505425e-03,-6.236817909389619219e-02,5.646056132498448177e-01,2.105576715859626413e-01,4.660517018618791085e-01,7.585530767733695834e-01,-3.622635880275820730e-01,7.647008529930530152e-01,4.786986645998564383e-01,8.036930909462171035e-01,-4.511734930513486841e-01,-6.242822750807831556e-01
6.162060909007319176e-02,-3.239228765615052574e-01,9.681325029852823338e-02,5.162116520719889357e-01,3.518337222079127580e-01,-6.659423708738895220e-01,2.416502477604689780e-01,-1.718291889955446683e-01,7.776542923075060454e-01,-4.961866406263676921e-01,-7.446424546182316417e-01,7.013262355494298550e-01,-4.805177971404268611e-01,-1.708151781372587719e-01,4.070395694476051651e-01,-4.305200655402979248e-01,-6.844433369297310277e-01,1.000000000000000000e+00,7.681572182915287206e-01,-3.896902531815858994e-01,1.867393131721948041e-01,-9.451165596787962364e-02,-5.497180942136720150e-01,5.146300733596295141e-01,-6.355288080528953554e-01,2.201076148337136051e-01,-1.158374541815336001e-01,1.485827958376358948e-01,1.639716899700257857e-01,-3.525803732063539364e-01,-2.616958425288454237e-01,-5.425606036398564758e-01,-5.642147977357335753e-01,4.697843896374030437e-01,-6.148056967642261395e-01,-5.011516601036598573e-01,-6.507423500015022677e-01,7.014824759224345119e-01,5.808248310228337763e-01
-1.796239230358961658e-01,-1.921336220252323201e-01,6.887205455960551670e-02,4.423164433948883478e-01,3.437834942825221951e-01,-7.563340849107911268e-01,4.174485642631595717e-01,-1.571343486740333362e-01,6.758103508628310330e-01,-5.321877817376052811e-01,-7.717271239803733529e-01,8.267062107963050188e-01,-4.146569876960415901e-01,-3.310021452274167220e-01,3.956169927490374438e-01,-4.383705075805173212e-01,-7.480323796530912173e-01,7.681572182915287206e-01,1.000000000000000000e+00,-4.920407217164450842e-01,3.479989874700630259e-01,1.191956816632405575e-01,-5.521088368101163546e-01,5.252507348376371787e-01,-6.967794029870257866e-01,-3.337972106593953964e-02,7.672624020753400498e-02,-1.217179876250294897e-02,1.223741627062289224e-03,-4.679761961177290042e-01,-2.301951227485148424e-02,-3.606292508759476600e-01,-6.008304224428833162e-01,4.580226669773813097e-01,-6.457581901302331673e-01,-5.036425439664963255e-01,-6.959345727274643956e-01,6.543943258988611511e-01,7.955998034585635148e-01
2.895820133993893264e-01,1.784983654803746489e-01,5.032131928117148378e-01,3.068272875504150787e-02,1.957844217560943123e-01,5.293031489605034556e-01,-4.234928733472970719e-01,-3.224273452162599307e-01,-2.410163781682087836e-01,6.658636102707513604e-01,5.226647465187206354e-01,-5.216391988324730056e-01,1.012821458876139308e-01,3.791201303724638927e-01,-5.206613481164155122e-01,6.175609297673967379e-01,5.121864835326603860e-01,-3.896902531815858994e-01,-4.920407217164450842e-01,1.000000000000000000e+00,-2.596155293953803511e-01,4.659369026189296575e-02,5.207413338412598680e-01,-1.670358519621759352e-01,6.282665906466428085e-01,1.329462551019685024e-01,-1.643821410229313884e-01,8.708178672331139125e-02,4.927832685829545978e-03,6.999029569491748148e-01,1.831647450389223362e-03,2.557395067320514803e-01,5.744350190399051259e-01,-9.899347838885431961e-02,3.884097523600388846e-01,5.708760181344921802e-01,4.547332454151784553e-01,-3.838447796416895597e-01,-4.514029875999842067e-01
-2.667330631905366900e-01,-1.361175939935465040e-01,-1.272575888363947473e-03,2.627036493712162427e-03,2.761151309580018864e-01,-5.037695989711005184e-01,7.182518132712776282e-01,-3.351697888200946829e-01,-6.304531900507441555e-02,-2.334417431506219665e-01,-4.476327413241311670e-01,3.043035296823686231e-01,6.331983810129473977e-02,-4.347953191740229206e-01,3.266904913258463772e-01,-2.306228769080234109e-01,-4.493060072174865915e-01,1.867393131721948041e-01,3.479989874700630259e-01,-2.596155293953803511e-01,1.000000000000000000e+00,6.684477752325936883e-01,-4.015922876929798879e-01,3.083291356048276088e-01,-4.962338536143716672e-01,4.527465543876315474e-02,1.917184448048802614e-01,4.243195237748254023e-01,5.349190229315241296e-02,-3.258852958802160860e-01,1.422990063492658996e-01,-1.348561837413232989e-01,-3.346032089738606996e-01,2.258381794877367399e-01,-3.551014754166958443e-01,-1.759462275946524490e-01,-5.101185617723360544e-01,1.754074987198002145e-01,2.857923288448993571e-01
-2.751958192899472966e-01,2.681522060758729231e-01,2.719456305211313540e-01,4.770151285801173952e-02,2.588994027414802113e-01,-1.753653374030204881e-01,5.311485171156468121e-01,-4.607630852169536384e-01,-2.041376644564158738e-01,1.749610229381549920e-01,-1.062980930681112907e-01,1.336205141492870785e-01,1.771922069028022684e-01,-1.945567399728920510e-01,-4.652778682720128123e-02,1.760269918026710345e-01,-1.569502899356677583e-01,-9.451165596787962364e-02,1.191956816632405575e-01,4.659369026189296575e-02,6.684477752325936883e-01,1.000000000000000000e+00,-5.249815786934393380e-02,1.776652545294405139e-01,-1.332598094084022633e-01,-1.900957269051907483e-01,3.299344149339534793e-01,2.000985017988967107e-01,-8.307383413193535071e-02,4.261533508061080000e-02,4.028183568799547087e-01,2.409492956115561746e-01,5.641396426045966646e-03,4.908958569654152393e-02,-5.313954611467049810e-02,2.330894901562235166e-01,-1.950738156772648668e-01,-1.108021658347786292e-01,2.200029444270207579e-01
2.855315012826428189e-01,2.734906457932629320e-01,2.611458106692040593e-01,-2.818932735822554103e-01,-8.296310241448527634e-02,7.827283637303565911e-01,-5.221074736030446584e-01,1.651340411919315423e-02,-4.167345444897251894e-01,6.579981122860677489e-01,7.022612272601516104e-01,-5.737603471769474606e-01,2.366674126403490452e-01,4.739269015895882786e-01,-4.846775960321202947e-01,7.289497091842792598e-01,7.705188790657185871e-01,-5.497180942136720150e-01,-5.521088368101163546e-01,5.207413338412598680e-01,-4.015922876929798879e-01,-5.249815786934393380e-02,1.000000000000000000e+00,-2.707157482964018258e-01,7.964151622432720234e-01,5.846578288278800328e-02,1.023133582412376896e-01,-3.804660038283505519e-02,-4.713254274019380158e-02,6.127148485421309854e-01,3.747245415669965274e-01,4.680691880283069373e-01,7.436968915019591675e-01,-2.645064216721175754e-01,7.499454194959761510e-01,4.862038809994286281e-01,6.831375806896552438e-01,-3.668265615944233393e-01,-3.921363561867924341e-01
3.366663097792983554e-03,-5.848805212826667377e-02,2.346879466668354008e-01,5.014854113690526694e-01,3.121730369842933839e-01,-5.013293468215777038e-01,3.747591849031152167e-01,-4.208931947513070426e-01,5.110201674328230803e-01,-2.437552213365910825e-01,-6.171543531335551558e-01,5.871503725100054583e-01,-3.396390479313502464e-01,-2.279129689916197798e-01,1.883289517844281280e-01,-7.984427538306453076e-02,-5.654244972852170426e-01,5.146300733596295141e-01,5.252507348376371787e-01,-1.670358519621759352e-01,3.083291356048276088e-01,1.776652545294405139e-01,-2.707157482964018258e-01,1.000000000000000000e+00,-4.495587751107861796e-01,1.862140703059082525e-01,3.061966426445833153e-02,7.689171716208985374e-02,2.792841660119266267e-01,-1.348039227373370452e-01,-8.076154507945380867e-02,-2.748282942700701614e-01,-4.654394263057914372e-01,3.879174469255380342e-01,-4.138627735306699140e-01,-2.498656853394362054e-01,-5.857259344088657782e-01,3.255215286011320375e-01,4.630754275348529236e-01
2.390039057132166689e-01,3.287828778562016940e-01,2.540836894775050370e-01,-2.941102297198999738e-01,-1.310316202343028980e-01,8.466498448496694307e-01,-5.920651774155075708e-01,3.355924992000736823e-02,-4.945998951888264661e-01,7.364989023384732603e-01,8.406234237819688593e-01,-7.242442875748291709e-01,3.124767239728580281e-01,4.952926325157910314e-01,-6.087050272977443388e-01,6.664012790916601370e-01,8.118806929444566389e-01,-6.355288080528953554e-01,-6.967794029870257866e-01,6.282665906466428085e-01,-4.962338536143716672e-01,-1.332598094084022633e-01,7.964151622432720234e-01,-4.495587751107861796e-01,1.000000000000000000e+00,-3.127298217187109847e-02,-2.728687208011900886e-02,-8.899309518496274773e-02,-1.499082956038370606e-01,6.598721134054144066e-01,2.403073435672286040e-01,4.603235057233655558e-01,7.873777531058795409e-01,-3.715109279075186066e-01,7.046011609323872271e-01,5.652416713683742211e-01,7.772555305479665888e-01,-5.115227383149100193e-01,-5.366419443486196705e-01
5.049814309768901888e-01,-3.525763145915064012e-01,5.457834568478364679e-02,8.551398530094600492e-02,2.653559765899743961e-01,6.236863598278195170e-02,-1.098899152440566684e-01,-8.943206078370619094e-02,1.468871967298590042e-01,-2.843502673997797339e-02,-1.098751051189421762e-01,-1.124877242576972913e-01,-8.769259487831679301e-02,1.977804763782423370e-01,2.605469031226838594e-01,2.488616808520363252e-02,7.912010563976254462e-02,2.201076148337136051e-01,-3.337972106593953964e-02,1.329462551019685024e-01,4.527465543876315474e-02,-1.900957269051907483e-01,5.846578288278800328e-02,1.862140703059082525e-01,-3.127298217187109847e-02,1.000000000000000000e+00,-1.450077865293045998e-01,5.585357810799485012e-01,6.332191170083606435e-01,1.306757289677602518e-01,-3.142168758712272636e-01,-1.653557326385692583e-01,-1.657061889451552639e-02,2.647362736464680122e-01,1.236661586519211264e-01,-1.520147664571315635e-03,-2.517638867850876400e-02,2.477818567576345332e-01,-2.200687546270723438e-01
-3.589697395791119905e-01,4.959518131348611414e-01,9.219037399737088287e-03,-3.247247867118836784e-02,-1.296780323987940971e-02,1.540791884842553083e-02,3.591440666058558495e-01,-2.252141371771690034e-02,-2.136661013948924770e-01,-1.104724434223082301e-02,3.396867710837133542e-02,1.732175053053704727e-01,3.401266829407350034e-01,1.942600286322720970e-02,3.498449300157317754e-02,2.221670508362503030e-02,-1.120501896167802776e-02,-1.158374541815336001e-01,7.672624020753400498e-02,-1.643821410229313884e-01,1.917184448048802614e-01,3.299344149339534793e-01,1.023133582412376896e-01,3.061966426445833153e-02,-2.728687208011900886e-02,-1.450077865293045998e-01,1.000000000000000000e+00,-2.235008740670484662e-01,-1.004973223702404633e-01,-1.454997376371883200e-01,7.470770888969040513e-01,5.426399524270969499e-01,9.324725961445540223e-02,-1.807825334759713132e-01,1.463243089107384709e-01,1.547405504673498022e-01,7.694828086737534600e-02,-2.250419614547993774e-01,2.310823770384414499e-01
4.426360536804251899e-01,-3.615689429386392262e-01,7.727275924609888769e-02,-1.236412988852430284e-01,2.849934746871663482e-01,-3.444635319031792708e-02,1.635476639989525416e-01,-1.838208500469649120e-01,-3.463364090007296781e-02,5.371621691148640437e-02,-1.249600537020980895e-01,-1.939598836974981422e-01,2.228416039211566710e-02,3.879848840736772192e-02,2.280558118325962391e-01,4.903429581030272627e-02,4.331645632335505425e-03,1.485827958376358948e-01,-1.217179876250294897e-02,8.708178672331139125e-02,4.243195237748254023e-01,2.000985017988967107e-01,-3.804660038283505519e-02,7.689171716208985374e-02,-8.899309518496274773e-02,5.585357810799485012e-01,-2.235008740670484662e-01,1.000000000000000000e+00,3.646411356007986937e-01,1.057574359257859031e-01,-1.999745927160122005e-01,-2.907338902209077314e-01,2.740023032399020730e-02,2.705266105441848645e-01,1.023221412974292671e-01,-2.961039113205070697e-02,-1.171564753324527142e-01,1.726926328880673822e-01,-2.186932073225563988e-01
3.888476134674281326e-01,-1.136961876526727533e-01,-6.505826782683409026e-02,2.396532374961632406e-01,1.505528819541603336e-01,-2.411231482215261956e-02,8.339701747481050031e-02,-2.363468012495381111e-03,2.084930025003567111e-01,-1.413948484920369564e-01,-1.747620388518391077e-01,2.080983749570826380e-02,6.310603839309292251e-02,1.926297664368868401e-01,1.409113730173369439e-01,-5.887064347876939940e-02,-6.236817909389619219e-02,1.639716899700257857e-01,1.223741627062289224e-03,4.927832685829545978e-03,5.349190229315241296e-02,-8.307383413193535071e-02,-4.713254274019380158e-02,2.792841660119266267e-01,-1.499082956038370606e-01,6.332191170083606435e-01,-1.004973223702404633e-01,3.646411356007986937e-01,1.000000000000000000e+00,1.639134240032383283e-02,-3.502513724468803158e-01,-1.107825922734917284e-01,-2.049981558193022524e-01,2.461456194912761408e-01,1.457854464791435711e-01,1.003673963951588928e-02,-1.092563929713948889e-01,1.106343821594618637e-01,-9.149334995519564639e-02
4.222593796773012054e-01,2.508577625281055989e-01,5.669767190536428858e-01,-6.485396066881270183e-02,1.683179314059643772e-01,5.996062698136517266e-01,-5.001504130353864319e-01,-3.068091617444097530e-01,-1.967885769355836034e-01,8.096781225233694590e-01,5.538823819378771995e-01,-5.227113476861369179e-01,6.282210169779497977e-02,4.288327042544357592e-01,-5.364282104705271337e-01,8.149204220195629400e-01,5.646056132498448177e-01,-3.525803732063539364e-01,-4.679761961177290042e-01,6.999029569491748148e-01,-3.258852958802160860e-01,4.261533508061080000e-02,6.127148485421309854e-01,-1.348039227373370452e-01,6.598721134054144066e-01,1.306757289677602518e-01,-1.454997376371883200e-01,1.057574359257859031e-01,1.639134240032383283e-02,1.000000000000000000e+00,7.070961814788631616e-02,3.086269870840565033e-01,6.995977062629615828e-01,-1.575624429268304982e-01,5.282410209679944124e-01,6.908884067945785246e-01,5.493957644754425829e-01,-3.299732864435293012e-01,-4.262990967448319068e-01
-2.778197494665807787e-01,5.264652901086565029e-01,1.931272344433491717e-01,-1.912013248620025307e-01,2.691488461882800970e-02,2.070943291190868452e-01,1.476531276994930975e-01,-1.283867085105078465e-01,-3.324554238382864124e-01,2.874034391230071983e-01,2.448625736415890597e-01,-1.602989474495650213e-02,2.581284677462006294e-01,9.264254023548816608e-02,-1.715816725462649683e-01,3.113111388764437382e-01,2.105576715859626413e-01,-2.616958425288454237e-01,-2.301951227485148424e-02,1.831647450389223362e-03,1.422990063492658996e-01,4.028183568799547087e-01,3.747245415669965274e-01,-8.076154507945380867e-02,2.403073435672286040e-01,-3.142168758712272636e-01,7.470770888969040513e-01,-1.999745927160122005e-01,-3.502513724468803158e-01,7.070961814788631616e-02,1.000000000000000000e+00,5.718713027676801675e-01,3.715766342239724684e-01,-2.079803831783551549e-01,2.576339876053730937e-01,2.490883207275575717e-01,2.269639341464185223e-01,-2.174759126814828636e-01,1.924106725213874380e-01
-1.307074590152536853e-01,6.466858819945903170e-01,1.513377640779353106e-01,-1.883036639682686975e-01,-1.488552129979449010e-02,4.443878420759745929e-01,-9.139299452072965901e-02,-3.037046710345038536e-02,-4.777508612650449571e-01,4.391289318980510781e-01,5.140382195927616360e-01,-2.855930305681212422e-01,3.953319189619075580e-01,2.058322551339662465e-01,-3.736505576064711454e-01,3.827596402474175430e-01,4.660517018618791085e-01,-5.425606036398564758e-01,-3.606292508759476600e-01,2.557395067320514803e-01,-1.348561837413232989e-01,2.409492956115561746e-01,4.680691880283069373e-01,-2.748282942700701614e-01,4.603235057233655558e-01,-1.653557326385692583e-01,5.426399524270969499e-01,-2.907338902209077314e-01,-1.107825922734917284e-01,3.086269870840565033e-01,5.718713027676801675e-01,1.000000000000000000e+00,4.614685061256122989e-01,-3.585039803222293542e-01,4.861312638045277579e-01,5.007144564847311186e-01,5.248066889852855965e-01,-4.292949654729529274e-01,-9.017001168244428988e-02
2.568866867830743028e-01,2.801842534858924871e-01,3.777388250902067868e-01,-3.801903179802514354e-01,9.120033587010783344e-03,7.558165225800601572e-01,-5.223883148050179059e-01,-7.374305890935493879e-02,-4.710824742875645010e-01,7.525231023517544582e-01,7.572006695223874040e-01,-6.688346211856438517e-01,2.875007190818370528e-01,5.565133770125434420e-01,-4.631981830330904049e-01,7.264949366902252459e-01,7.585530767733695834e-01,-5.642147977357335753e-01,-6.008304224428833162e-01,5.744350190399051259e-01,-3.346032089738606996e-01,5.641396426045966646e-03,7.436968915019591675e-01,-4.654394263057914372e-01,7.873777531058795409e-01,-1.657061889451552639e-02,9.324725961445540223e-02,2.740023032399020730e-02,-2.049981558193022524e-01,6.995977062629615828e-01,3.715766342239724684e-01,4.614685061256122989e-01,1.000000000000000000e+00,-2.552233679934550747e-01,6.716669179596771455e-01,5.778168903719954619e-01,7.226597843340193394e-01,-4.078980414497782592e-01,-4.980266157880737232e-01
2.696604515486542564e-01,-3.351436889631361216e-01,2.327970314005339547e-01,3.200287048344395147e-01,6.278106224987021200e-01,-4.001552503357578838e-01,9.694347947858680814e-02,-2.643474209113150786e-01,5.829555430049827569e-01,-3.073694511393004203e-01,-4.563242977419362245e-01,3.930729221144259600e-01,-3.735712351160291878e-01,4.259574317652200376e-02,3.237864910839426402e-01,-1.961256155968861825e-01,-3.622635880275820730e-01,4.697843896374030437e-01,4.580226669773813097e-01,-9.899347838885431961e-02,2.258381794877367399e-01,4.908958569654152393e-02,-2.645064216721175754e-01,3.879174469255380342e-01,-3.715109279075186066e-01,2.647362736464680122e-01,-1.807825334759713132e-01,2.705266105441848645e-01,2.461456194912761408e-01,-1.575624429268304982e-01,-2.079803831783551549e-01,-3.585039803222293542e-01,-2.552233679934550747e-01,1.000000000000000000e+00,-3.241291368928902461e-01,-3.792016143825154839e-01,-3.804522910239157008e-01,5.024060978992177517e-01,2.878310183799936417e-01
3.067354951892425352e-01,2.940729546979443110e-01,4.232276210724428972e-02,-3.587705999177475125e-01,-1.940212974442468985e-01,7.945760336937099932e-01,-3.851575717108813857e-01,2.114687508980212238e-01,-5.006659981477269428e-01,5.461452273563669468e-01,7.205795951230693497e-01,-6.421580754944810066e-01,4.742133043682917326e-01,5.017344780249783920e-01,-4.043283595002915565e-01,5.597984967248825772e-01,7.647008529930530152e-01,-6.148056967642261395e-01,-6.457581901302331673e-01,3.884097523600388846e-01,-3.551014754166958443e-01,-5.313954611467049810e-02,7.499454194959761510e-01,-4.138627735306699140e-01,7.046011609323872271e-01,1.236661586519211264e-01,1.463243089107384709e-01,1.023221412974292671e-01,1.457854464791435711e-01,5.282410209679944124e-01,2.576339876053730937e-01,4.861312638045277579e-01,6.716669179596771455e-01,-3.241291368928902461e-01,1.000000000000000000e+00,5.036115593486840680e-01,7.509728937279864791e-01,-4.913339971199309764e-01,-5.132499166948231162e-01
1.507002918923431856e-01,4.432242419119228893e-01,3.511748037344309958e-01,-1.504393970366777467e-01,-3.368078216864837243e-02,5.331706917007694724e-01,-2.140683873370450852e-01,-1.724909181796333846e-01,-3.997172491326592136e-01,6.996573644984933615e-01,5.397032334210105642e-01,-4.895358978256483806e-01,3.164564372692371674e-01,2.972863745682833292e-01,-4.970571339963336110e-01,6.858317787799830256e-01,4.786986645998564383e-01,-5.011516601036598573e-01,-5.036425439664963255e-01,5.708760181344921802e-01,-1.759462275946524490e-01,2.330894901562235166e-01,4.862038809994286281e-01,-2.498656853394362054e-01,5.652416713683742211e-01,-1.520147664571315635e-03,1.547405504673498022e-01,-2.961039113205070697e-02,1.003673963951588928e-02,6.908884067945785246e-01,2.490883207275575717e-01,5.007144564847311186e-01,5.778168903719954619e-01,-3.792016143825154839e-01,5.036115593486840680e-01,1.000000000000000000e+00,5.057977988557327276e-01,-5.452920003240724345e-01,-3.938687192999478226e-01
2.095256952301627340e-01,3.054040413692623024e-01,2.988484818445798219e-02,-3.662033979375823867e-01,-1.979506765882834418e-01,8.099555294047389165e-01,-5.625220412100119249e-01,2.601476898675311178e-01,-5.095507107051638895e-01,5.881799488463762549e-01,8.251762322370758129e-01,-6.989558945261605816e-01,3.371903937198263423e-01,4.247891749004486517e-01,-4.586685313112670581e-01,5.110952392022313218e-01,8.036930909462171035e-01,-6.507423500015022677e-01,-6.959345727274643956e-01,4.547332454151784553e-01,-5.101185617723360544e-01,-1.950738156772648668e-01,6.831375806896552438e-01,-5.857259344088657782e-01,7.772555305479665888e-01,-2.517638867850876400e-02,7.694828086737534600e-02,-1.171564753324527142e-01,-1.092563929713948889e-01,5.493957644754425829e-01,2.269639341464185223e-01,5.248066889852855965e-01,7.226597843340193394e-01,-3.804522910239157008e-01,7.509728937279864791e-01,5.057977988557327276e-01,1.000000000000000000e+00,-5.195108970285207128e-01,-5.853579729394958742e-01
2.081137491876625667e-01,-4.455494316313077241e-01,3.112901450062295280e-02,2.166323427802149537e-01,3.695075643845915359e-01,-5.460982374342010504e-01,1.430603355531643098e-02,-9.170722151130109023e-02,6.331822834041116455e-01,-4.348037051313977663e-01,-5.884290351313126166e-01,5.514400908008546542e-01,-5.157253568390335330e-01,-1.241654260999705134e-01,5.094064528874914233e-01,-3.586732090590576960e-01,-4.511734930513486841e-01,7.014824759224345119e-01,6.543943258988611511e-01,-3.838447796416895597e-01,1.754074987198002145e-01,-1.108021658347786292e-01,-3.668265615944233393e-01,3.255215286011320375e-01,-5.115227383149100193e-01,2.477818567576345332e-01,-2.250419614547993774e-01,1.726926328880673822e-01,1.106343821594618637e-01,-3.299732864435293012e-01,-2.174759126814828636e-01,-4.292949654729529274e-01,-4.078980414497782592e-01,5.024060978992177517e-01,-4.913339971199309764e-01,-5.452920003240724345e-01,-5.195108970285207128e-01,1.000000000000000000e+00,5.542420055211445540e-01
-2.709491616152397420e-01,1.060514795504646501e-01,1.151543477786057534e-01,3.868175835515270666e-01,2.740725307797493571e-01,-6.373198409133272735e-01,3.895933691141384436e-01,-1.996585273612400124e-01,5.360249030848209806e-01,-3.859988927273331205e-01,-6.029474241980410376e-01,8.036230009876550451e-01,-2.786913226456291803e-01,-3.016822328894360750e-01,2.090417162565698928e-01,-3.366935827211283705e-01,-6.242822750807831556e-01,5.808248310228337763e-01,7.955998034585635148e-01,-4.514029875999842067e-01,2.857923288448993571e-01,2.200029444270207579e-01,-3.921363561867924341e-01,4.630754275348529236e-01,-5.366419443486196705e-01,-2.200687546270723438e-01,2.310823770384414499e-01,-2.186932073225563988e-01,-9.149334995519564639e-02,-4.262990967448319068e-01,1.924106725213874380e-01,-9.017001168244428988e-02,-4.980266157880737232e-01,2.878310183799936417e-01,-5.132499166948231162e-01,-3.938687192999478226e-01,-5.853579729394958742e-01,5.542420055211445540e-01,1.000000000000000000e+00
