1.000000000000000000e+00,7.973757100112283114e-01,5.507793844497780311e-01,-8.851394070037588158e-02,7.497263189439835607e-01,-9.318971316899514468e-02,-4.142766043858424063e-01,-5.498172454521429442e-01,7.359821639470262022e-01,7.343728050588380629e-01,3.942354589166599532e-01,4.530175313105520574e-01,-4.477128201777938465e-02,7.115761426743365536e-01,5.387908513851555892e-01,7.980959555898532454e-01,6.437117723630815247e-01,4.259990336383689402e-01,5.164281834394927051e-01,-5.796942505621324043e-02,2.086734158308910514e-01,-1.862066326875076727e-01,6.921260478797928162e-01,4.119620288279496889e-01,7.943417992310864983e-01,5.410884351808490367e-01,5.792611979949571221e-01,6.104599779364355827e-01,4.544291122089602619e-02,3.429648093112453444e-01,2.594664542792246564e-01,5.554978060009505558e-01,5.661460343215535956e-02,7.529848567142107818e-01,-1.540467783574928640e-01,7.036759731524955264e-01,3.274345620130793555e-01,8.405133657147562110e-01,7.334045948577326834e-01
7.973757100112283114e-01,1.000000000000000000e+00,5.734106799143252609e-01,1.874759922525499542e-02,7.354008573891523959e-01,-7.533229755449881437e-02,-3.029927322935618283e-01,-5.754491201436596759e-01,7.932313469881321355e-01,8.104149755095860774e-01,4.073822938718222875e-01,5.688407550586973560e-01,-2.324996831295614019e-01,7.167227389094448231e-01,5.451948431964713793e-01,8.480134093169281462e-01,4.907529723016900158e-01,5.527280940199531534e-01,6.635736291204565873e-01,-2.102940416627146758e-01,2.590882473367838168e-01,-3.991710753988693405e-02,7.186570626642051485e-01,4.724844961809585020e-01,7.288639794676169403e-01,4.697499413409098601e-01,7.223768701212212040e-01,4.985229267707258494e-01,4.829998166550795308e-02,4.704199442278482746e-01,3.743682956896880465e-01,7.884352864931046811e-01,1.776958584113101092e-01,8.013364758092981210e-01,-5.275162941216332557e-02,6.951098164373241683e-01,4.586731712855213750e-01,7.013246475026710947e-01,7.193414995908125054e-01
5.507793844497780311e-01,5.734106799143252609e-01,1.000000000000000000e+00,-7.834385593157782574e-03,7.054619653233652476e-01,1.804047732018991546e-01,-1.545685969715023256e-01,-8.391504583519624472e-01,6.755050915534306366e-01,6.412176259002916323e-01,5.650469132445792297e-01,4.017632355328183413e-01,-5.413719778627956725e-01,7.870375467565637884e-01,2.432500448409793403e-01,6.087685490534037180e-01,5.378065311858071240e-01,2.905710919804689873e-01,5.726317111360993417e-01,-2.710759270746615490e-01,6.007034295621020981e-01,-1.848800339080681476e-01,5.851696622949724702e-01,6.797566755375632486e-01,6.964447786245767658e-01,7.284808812676348833e-01,6.588257425464346673e-01,7.058437134449206951e-01,3.153149783563922171e-01,4.996143814080362122e-01,7.902990564278413732e-01,4.463743726974400694e-01,5.354118137731096461e-01,6.842896132300694267e-01,2.015339912645787990e-01,6.251707419716228120e-01,5.165846232776277747e-01,4.469758578977759411e-01,6.127200243307999727e-01
-8.851394070037588158e-02,1.874759922525499542e-02,-7.834385593157782574e-03,1.000000000000000000e+00,7.574623181809322925e-02,9.975514020568648776e-02,5.242284734535482826e-01,1.338952592196412661e-01,1.706303023427033494e-01,3.968057396809132088e-03,6.755770515536503595e-02,4.332851041930702030e-02,-4.319559191147892552e-02,-3.993414607883029321e-02,-2.773565849168481701e-01,8.628677850406149541e-02,-7.373400402467909787e-02,3.353684826056650969e-01,2.429583870658392486e-01,-5.934383484091730609e-02,9.114017142028091323e-02,9.159943160462759304e-02,-6.346438280355605477e-02,2.937966032069747740e-02,-8.339792486613174793e-02,1.823376360911856953e-01,1.062582392552375576e-01,-2.459511654966854421e-01,2.503461143677723211e-01,3.262591892306737074e-01,-8.352511001241402777e-02,1.654277044320463519e-01,3.013151135842880302e-01,-4.677887445402926364e-02,2.994178884954031283e-01,-8.411153826730932703e-02,-7.589342399256121877e-03,-9.761638418520213190e-02,-1.237762451055799892e-02
7.497263189439835607e-01,7.354008573891523959e-01,7.054619653233652476e-01,7.574623181809322925e-02,1.000000000000000000e+00,7.058233196019653155e-02,-2.087608919292864018e-01,-6.868198029933092474e-01,7.904409706216320997e-01,7.190822787970451158e-01,6.124720077410098495e-01,3.801936954477152519e-01,-2.456416707618381268e-01,7.992412525259984246e-01,2.931892062574683600e-01,7.665094993112580024e-01,6.246365265185123139e-01,3.717436617347891770e-01,5.860874974910236235e-01,-1.378063405812781639e-01,3.108428137223182008e-01,-1.232141837900397607e-01,6.698921517127987002e-01,5.858588724424710348e-01,7.848791052907295729e-01,6.757267818458543296e-01,6.340568781552157196e-01,5.529399420496519113e-01,2.125550068035821361e-01,4.749302678754909190e-01,4.383003759497352547e-01,5.674783477338202209e-01,2.996630262286317237e-01,7.050224528409679836e-01,6.496844163850795661e-02,6.566441703397229990e-01,3.724457175624085181e-01,6.829505772353272608e-01,7.516356911086986559e-01
-9.318971316899514468e-02,-7.533229755449881437e-02,1.804047732018991546e-01,9.975514020568648776e-02,7.058233196019653155e-02,1.000000000000000000e+00,3.524053524538414695e-01,-2.374167800242221738e-01,1.587424918213261871e-01,-8.139943673590990803e-02,3.040063245944726322e-01,-4.061797332298309193e-01,-1.343860809871461892e-01,1.573721714579515985e-01,-4.898844353709824739e-01,-1.194346001530718071e-01,-1.808976635176376968e-01,-2.064454554333351455e-01,-1.965691032318936937e-01,-3.391891398063313079e-01,6.543821362614246073e-01,-1.630684992400666944e-01,-4.325527395304812339e-02,5.741706731179805345e-01,7.443326609454117837e-02,3.914110585432324929e-01,-2.237397943610270820e-02,1.342417189328213023e-01,7.380295100766233185e-01,4.492398723196437405e-01,2.995236445442146511e-01,-1.396247450566273085e-01,5.517892382846684152e-01,-3.002267023105739674e-01,7.185824705201627749e-01,-3.720967128688671549e-02,4.102517646570577603e-01,-1.137766649687112080e-01,9.424067658260837366e-02
-4.142766043858424063e-01,-3.029927322935618283e-01,-1.545685969715023256e-01,5.242284734535482826e-01,-2.087608919292864018e-01,3.524053524538414695e-01,1.000000000000000000e+00,3.566835788695770226e-01,-1.546808792863169635e-01,-2.435777360645863254e-01,-8.508469340807982284e-02,-4.844201977837384043e-01,-2.229804043379044753e-01,-3.131844017468855546e-01,-4.427146271555909007e-01,-2.599734546500055976e-01,-4.864702595008871810e-01,6.604131058941763166e-02,-4.761908183784912402e-02,-5.849642557564573020e-02,1.376847450993235744e-01,6.212568715506495975e-02,-4.440825201670204336e-01,3.290882136611981978e-02,-3.831439542239105100e-01,9.033298041216003549e-02,-3.604543127167069150e-01,-5.242505602316820390e-01,5.555366281179772159e-01,3.371740516754198613e-01,-1.211219315059976348e-01,-1.540107178022401269e-01,4.364519065777952567e-01,-4.442352596242606921e-01,6.752851632230781886e-01,-3.130758316401801022e-01,-3.342395208514365584e-02,-4.012772287855765896e-01,-3.974784097015899298e-01
-5.498172454521429442e-01,-5.754491201436596759e-01,-8.391504583519624472e-01,1.338952592196412661e-01,-6.868198029933092474e-01,-2.374167800242221738e-01,3.566835788695770226e-01,1.000000000000000000e+00,-6.057581002548392268e-01,-6.260122318834246968e-01,-6.004509080979056890e-01,-3.715869696003678002e-01,3.399121516194480441e-01,-8.097912529350439481e-01,-2.148433036762316672e-01,-5.458827491395434883e-01,-5.894180051093645956e-01,-1.221751974323295881e-01,-4.179907745908886807e-01,3.102754992368976783e-01,-5.441022899819597525e-01,9.456279485158060327e-02,-6.374865127769235862e-01,-6.755176329159418014e-01,-7.155082498794916868e-01,-6.029494653228146817e-01,-6.608346762953951625e-01,-8.216226680880488464e-01,-1.463988910179209180e-01,-3.190497863563774850e-01,-7.231693879859443230e-01,-3.967226213797417911e-01,-3.045837911900262651e-01,-6.426070860102892635e-01,-3.693271711544442171e-02,-6.491062855840753487e-01,-5.307988423295028069e-01,-4.784594684237953310e-01,-6.812771046532136721e-01
7.359821639470262022e-01,7.932313469881321355e-01,6.755050915534306366e-01,1.706303023427033494e-01,7.904409706216320997e-01,1.587424918213261871e-01,-1.546808792863169635e-01,-6.057581002548392268e-01,1.000000000000000000e+00,6.949907358810224478e-01,5.792813518958516150e-01,4.792602351399757321e-01,-2.609604608006849125e-01,7.627820183804669973e-01,2.734771554273436323e-01,7.856064783679149732e-01,5.436196347821309338e-01,4.602374446818740528e-01,5.869910413917173164e-01,-2.348344921926558415e-01,4.571037403102595764e-01,-2.333164066505824530e-01,6.986648483844846158e-01,6.350422680694244315e-01,7.376953338972372931e-01,7.368842893881364375e-01,7.434534889068423746e-01,5.167902024386088478e-01,3.293953901686041963e-01,6.397362695902358842e-01,5.063763547248613106e-01,6.897739356233585362e-01,4.649628605908347478e-01,6.826502096787574470e-01,2.174977740130005777e-01,6.645826474482743329e-01,5.216858222100640985e-01,6.763471367637474696e-01,7.914508693282392704e-01
7.343728050588380629e-01,8.104149755095860774e-01,6.412176259002916323e-01,3.968057396809132088e-03,7.190822787970451158e-01,-8.139943673590990803e-02,-2.435777360645863254e-01,-6.260122318834246968e-01,6.949907358810224478e-01,1.000000000000000000e+00,3.520206723941058380e-01,5.173387169096917981e-01,-2.797397817931610575e-01,7.108648389395653133e-01,5.036265666207704328e-01,8.695196366810317157e-01,4.903111667432838994e-01,4.934296836542774733e-01,6.685890547958982522e-01,-1.748588673258512360e-01,2.751056750882664992e-01,1.228301639843476165e-02,6.668030046867511329e-01,4.983617480677661749e-01,7.418974462266675340e-01,4.860184850789034394e-01,6.372550289600776852e-01,5.403320970865805872e-01,3.257892896773062485e-02,4.330521480273160639e-01,4.175685771013374903e-01,6.585576078542757505e-01,1.751616437517166669e-01,7.919102066412756491e-01,-5.511282751771957172e-02,7.212253776173632724e-01,4.373114791022514325e-01,6.151639713933545472e-01,6.232339442338015179e-01
3.942354589166599532e-01,4.073822938718222875e-01,5.650469132445792297e-01,6.755770515536503595e-02,6.124720077410098495e-01,3.040063245944726322e-01,-8.508469340807982284e-02,-6.004509080979056890e-01,5.792813518958516150e-01,3.520206723941058380e-01,1.000000000000000000e+00,7.106116773980351853e-02,-2.285995699280435056e-01,6.389475285288901407e-01,-1.434688548275444286e-01,3.735101422284996531e-01,6.178581878134173921e-01,-1.371800533603843852e-01,1.377668193344261660e-01,5.510117978201876932e-02,3.765788538180859235e-01,-6.858427564533879639e-02,4.814197687789270597e-01,6.219614726079656375e-01,4.905364553669323002e-01,6.614079323466408589e-01,4.489034588007569937e-01,4.000060198170181103e-01,3.294884886956419012e-01,3.320384032817026987e-01,5.218644223396657900e-01,2.938764632097005669e-01,3.903779395690523124e-01,3.161958614503555531e-01,2.334061927224390376e-01,3.354269456052882403e-01,2.183548405809978277e-01,4.804571718975792494e-01,6.429399336376975249e-01
4.530175313105520574e-01,5.688407550586973560e-01,4.017632355328183413e-01,4.332851041930702030e-02,3.801936954477152519e-01,-4.061797332298309193e-01,-4.844201977837384043e-01,-3.715869696003678002e-01,4.792602351399757321e-01,5.173387169096917981e-01,7.106116773980351853e-02,1.000000000000000000e+00,-1.173699515846059332e-01,4.081996542366879144e-01,5.854556052711731295e-01,6.107371491489456128e-01,4.244110810139580803e-01,5.492751272642276694e-01,6.164421853013760666e-01,-1.896962952404707692e-01,6.356555254748498529e-02,-2.380823912175890691e-02,6.181684552681179223e-01,1.332129987725127751e-01,4.568992394063322027e-01,1.041363780803787054e-01,7.780932099754340747e-01,4.177478807029589847e-01,-3.693544896565568170e-01,9.017154662624826678e-02,3.055069068016668665e-01,6.566546273025535285e-01,3.699512336334974394e-02,7.359610016189256365e-01,-4.271816672175138274e-01,4.097989890786021272e-01,2.634980857414284117e-01,3.834449837764835611e-01,4.604864289533792121e-01
-4.477128201777938465e-02,-2.324996831295614019e-01,-5.413719778627956725e-01,-4.319559191147892552e-02,-2.456416707618381268e-01,-1.343860809871461892e-01,-2.229804043379044753e-01,3.399121516194480441e-01,-2.609604608006849125e-01,-2.797397817931610575e-01,-2.285995699280435056e-01,-1.173699515846059332e-01,1.000000000000000000e+00,-3.027765965182314112e-01,-1.157123893839465262e-01,-2.396536895171842985e-01,1.446075184216296695e-02,-2.621592844353154428e-01,-4.399768363791348724e-01,2.124695456394821436e-01,-3.518352960738533874e-01,8.038100485295347764e-02,-1.113628872143793413e-01,-3.742762570092590391e-01,-1.155930652187544955e-01,-3.616634388160819835e-01,-2.845414773481274029e-01,-8.844074607995836002e-02,-3.830523632783213173e-01,-4.442534013585217045e-01,-6.521498206122698926e-01,-3.810552940553456058e-01,-5.572724992554757284e-01,-3.070697290871448049e-01,-4.132216510763859763e-01,-1.925569668254219768e-01,-4.077870038294041932e-01,8.279609334718540659e-02,-2.777326933391044764e-02
7.115761426743365536e-01,7.167227389094448231e-01,7.870375467565637884e-01,-3.993414607883029321e-02,7.992412525259984246e-01,1.573721714579515985e-01,-3.131844017468855546e-01,-8.097912529350439481e-01,7.627820183804669973e-01,7.108648389395653133e-01,6.389475285288901407e-01,4.081996542366879144e-01,-3.027765965182314112e-01,1.000000000000000000e+00,3.001887513100696125e-01,7.057729303904318741e-01,6.276172004178415254e-01,2.710741761878825429e-01,5.110204182556201680e-01,-2.252727834801627749e-01,4.744308428681468515e-01,-1.874147136351431431e-01,7.122264084366305426e-01,7.078031060231281257e-01,7.951204292103014604e-01,6.822145125541851929e-01,6.931586771026353455e-01,7.201532720211217820e-01,2.200219313063554449e-01,4.346721394639087022e-01,6.197485973020052663e-01,5.413996809825415424e-01,3.474977295919551290e-01,7.089639284671144237e-01,7.343503526244393731e-02,7.075263700400028499e-01,5.216741689258027614e-01,6.362605148738589289e-01,7.554708575162165651e-01
5.387908513851555892e-01,5.451948431964713793e-01,2.432500448409793403e-01,-2.773565849168481701e-01,2.931892062574683600e-01,-4.898844353709824739e-01,-4.427146271555909007e-01,-2.148433036762316672e-01,2.734771554273436323e-01,5.036265666207704328e-01,-1.434688548275444286e-01,5.854556052711731295e-01,-1.157123893839465262e-01,3.001887513100696125e-01,1.000000000000000000e+00,5.201262609165839823e-01,2.606989110109159680e-01,5.194129947233475653e-01,4.897951782797095865e-01,-1.017970998662707932e-01,-1.430738015278297248e-01,7.539517244536797502e-02,4.585460774943175277e-01,2.370952232854174613e-02,4.220740237788560001e-01,2.017107095513514820e-03,3.926516115896792058e-01,2.844732722820983994e-01,-3.788220085743673193e-01,1.037671794943828898e-02,5.351696614886392034e-02,4.908998868865669385e-01,-2.309194524622547873e-01,6.797653487124387661e-01,-4.492687212118841034e-01,4.277175858754469484e-01,7.565917540344238579e-02,4.603942509253189930e-01,2.287959275776284274e-01
7.980959555898532454e-01,8.480134093169281462e-01,6.087685490534037180e-01,8.628677850406149541e-02,7.665094993112580024e-01,-1.194346001530718071e-01,-2.599734546500055976e-01,-5.458827491395434883e-01,7.856064783679149732e-01,8.695196366810317157e-01,3.735101422284996531e-01,6.107371491489456128e-01,-2.396536895171842985e-01,7.057729303904318741e-01,5.201262609165839823e-01,1.000000000000000000e+00,5.329319264919981647e-01,5.699934071914101175e-01,6.967624920906173580e-01,-1.590710217371347490e-01,2.753724614543943128e-01,-8.035917861742185309e-02,7.101931318523919678e-01,4.693716250106083065e-01,7.558659578970374771e-01,5.148671281528964805e-01,7.111325483494165267e-01,5.017320161660666633e-01,5.491964208832732230e-02,4.549325010709361350e-01,3.624117038714846917e-01,7.317044272112422920e-01,2.265355935150721589e-01,8.088797307983389695e-01,-7.054759944870120369e-02,6.786983694280267487e-01,4.250313476389372958e-01,6.690365728925429245e-01,6.726581785964846905e-01
6.437117723630815247e-01,4.907529723016900158e-01,5.378065311858071240e-01,-7.373400402467909787e-02,6.246365265185123139e-01,-1.808976635176376968e-01,-4.864702595008871810e-01,-5.894180051093645956e-01,5.436196347821309338e-01,4.903111667432838994e-01,6.178581878134173921e-01,4.244110810139580803e-01,1.446075184216296695e-02,6.276172004178415254e-01,2.606989110109159680e-01,5.329319264919981647e-01,1.000000000000000000e+00,3.984742113221687726e-02,2.936699868985856443e-01,1.528175295914817045e-01,9.191274972424348655e-02,-7.102454146849004890e-02,6.484861955188544469e-01,3.277422929814717834e-01,6.203804491238087415e-01,4.843337702657842803e-01,5.316673142283989684e-01,6.182017857601629363e-01,-1.805037581279395065e-01,3.049619900278731366e-02,3.674218893134454378e-01,3.193961188029220688e-01,-1.964420297848768621e-02,6.103577609996183595e-01,-3.330603468065718165e-01,4.851260861436001992e-01,5.675080989597936637e-02,6.863404030387988408e-01,6.703907606991844625e-01
4.259990336383689402e-01,5.527280940199531534e-01,2.905710919804689873e-01,3.353684826056650969e-01,3.717436617347891770e-01,-2.064454554333351455e-01,6.604131058941763166e-02,-1.221751974323295881e-01,4.602374446818740528e-01,4.934296836542774733e-01,-1.371800533603843852e-01,5.492751272642276694e-01,-2.621592844353154428e-01,2.710741761878825429e-01,5.194129947233475653e-01,5.699934071914101175e-01,3.984742113221687726e-02,1.000000000000000000e+00,8.076803480343256458e-01,-3.472927907835553496e-01,1.152130219833817359e-01,-5.490059636386274838e-02,3.753966982813333741e-01,1.551737409016522296e-01,3.412452131384786091e-01,1.769357286149043085e-01,4.375955605352233047e-01,7.894382116005033145e-02,2.865792823500000128e-02,4.864631841529796219e-01,9.000026822718532049e-02,6.251976558947717200e-01,2.018020272693563932e-01,5.901079022283749476e-01,1.602936931558766528e-02,3.814544260331459435e-01,2.755793901771654841e-01,2.024728759878453299e-01,1.615588708770933080e-01
5.164281834394927051e-01,6.635736291204565873e-01,5.726317111360993417e-01,2.429583870658392486e-01,5.860874974910236235e-01,-1.965691032318936937e-01,-4.761908183784912402e-02,-4.179907745908886807e-01,5.869910413917173164e-01,6.685890547958982522e-01,1.377668193344261660e-01,6.164421853013760666e-01,-4.399768363791348724e-01,5.110204182556201680e-01,4.897951782797095865e-01,6.967624920906173580e-01,2.936699868985856443e-01,8.076803480343256458e-01,1.000000000000000000e+00,-2.766512882636350534e-01,1.934229058900427123e-01,-3.233961158420189247e-02,5.372053184588017061e-01,3.174728640941519853e-01,5.124780593978002230e-01,3.609568102151224922e-01,5.956428688934823912e-01,2.879050562231137422e-01,3.131661887664781430e-02,5.166709400920452833e-01,3.769907703642690899e-01,6.809750510331911144e-01,2.906831903470435963e-01,7.651780716293316020e-01,2.520839024443749087e-03,5.128066139321588723e-01,3.346780176325416800e-01,3.192083163348767294e-01,3.410922926128512334e-01
-5.796942505621324043e-02,-2.102940416627146758e-01,-2.710759270746615490e-01,-5.934383484091730609e-02,-1.378063405812781639e-01,-3.391891398063313079e-01,-5.849642557564573020e-02,3.102754992368976783e-01,-2.348344921926558415e-01,-1.748588673258512360e-01,5.510117978201876932e-02,-1.896962952404707692e-01,2.124695456394821436e-01,-2.252727834801627749e-01,-1.017970998662707932e-01,-1.590710217371347490e-01,1.528175295914817045e-01,-3.472927907835553496e-01,-2.766512882636350534e-01,1.000000000000000000e+00,-4.219010211205269090e-01,1.105045418117672901e-01,-1.615708914025985043e-01,-3.400874414593336725e-01,-1.129146276785334829e-01,-1.875069932346248858e-01,-3.293287800304162682e-01,-2.420579092300066126e-01,-2.628266051712134233e-01,-3.520696000771943446e-01,-3.022005177683948496e-01,-2.762694532485790999e-01,-3.261881495954261911e-01,-1.689602426174678929e-01,-2.913001783579943771e-01,-1.916994032132574299e-01,-5.169715238688391556e-01,1.220695719308780569e-01,-9.290515201385268762e-02
2.086734158308910514e-01,2.590882473367838168e-01,6.007034295621020981e-01,9.114017142028091323e-02,3.108428137223182008e-01,6.543821362614246073e-01,1.376847450993235744e-01,-5.441022899819597525e-01,4.571037403102595764e-01,2.751056750882664992e-01,3.765788538180859235e-01,6.356555254748498529e-02,-3.518352960738533874e-01,4.744308428681468515e-01,-1.430738015278297248e-01,2.753724614543943128e-01,9.191274972424348655e-02,1.152130219833817359e-01,1.934229058900427123e-01,-4.219010211205269090e-01,1.000000000000000000e+00,-1.882388031311887644e-01,2.568586435539501611e-01,6.879891339428607644e-01,3.805421705973074387e-01,5.928042904172294847e-01,4.090271526997409368e-01,4.999535110902491031e-01,6.124288477560452248e-01,5.314683470253495079e-01,6.202941483744666140e-01,1.675376938774067181e-01,7.138560638372072331e-01,1.716840975579405348e-01,5.455890317814241497e-01,3.100001465617246987e-01,6.315203395505786244e-01,8.982163575555326962e-02,3.436341615544157846e-01
-1.862066326875076727e-01,-3.991710753988693405e-02,-1.848800339080681476e-01,9.159943160462759304e-02,-1.232141837900397607e-01,-1.630684992400666944e-01,6.212568715506495975e-02,9.456279485158060327e-02,-2.333164066505824530e-01,1.228301639843476165e-02,-6.858427564533879639e-02,-2.380823912175890691e-02,8.038100485295347764e-02,-1.874147136351431431e-01,7.539517244536797502e-02,-8.035917861742185309e-02,-7.102454146849004890e-02,-5.490059636386274838e-02,-3.233961158420189247e-02,1.105045418117672901e-01,-1.882388031311887644e-01,1.000000000000000000e+00,-1.322596867898137400e-02,-1.562272574117609392e-01,-6.481927319109463681e-02,-2.810061128081956516e-01,-8.955925543182569060e-02,-2.185242079266941917e-01,-2.761899082842850794e-01,-2.262939888207983197e-01,-2.231638448889679271e-01,-1.276380869294359722e-03,-2.369968109439385684e-01,-4.259565471483019172e-02,-1.785065757239021333e-01,-1.857260057924094709e-01,-2.629747438649808755e-01,-8.207017705890150283e-02,-1.218964545150749840e-01
6.921260478797928162e-01,7.186570626642051485e-01,5.851696622949724702e-01,-6.346438280355605477e-02,6.698921517127987002e-01,-4.325527395304812339e-02,-4.440825201670204336e-01,-6.374865127769235862e-01,6.986648483844846158e-01,6.668030046867511329e-01,4.814197687789270597e-01,6.181684552681179223e-01,-1.113628872143793413e-01,7.122264084366305426e-01,4.585460774943175277e-01,7.101931318523919678e-01,6.484861955188544469e-01,3.753966982813333741e-01,5.372053184588017061e-01,-1.615708914025985043e-01,2.568586435539501611e-01,-1.322596867898137400e-02,1.000000000000000000e+00,5.641952850209251968e-01,7.970083968140657671e-01,4.426114210202118371e-01,7.102880816954788568e-01,5.832425945662885747e-01,-7.110970494097781924e-02,3.005184074165891950e-01,3.966811248270863399e-01,6.043194845393163872e-01,1.600237329232852834e-01,7.428698557260521307e-01,-1.849387289626353570e-01,5.928169893131496337e-01,3.452310085307351839e-01,6.703963828584905693e-01,7.184175132151261467e-01
4.119620288279496889e-01,4.724844961809585020e-01,6.797566755375632486e-01,2.937966032069747740e-02,5.858588724424710348e-01,5.741706731179805345e-01,3.290882136611981978e-02,-6.755176329159418014e-01,6.350422680694244315e-01,4.983617480677661749e-01,6.219614726079656375e-01,1.332129987725127751e-01,-3.742762570092590391e-01,7.078031060231281257e-01,2.370952232854174613e-02,4.693716250106083065e-01,3.277422929814717834e-01,1.551737409016522296e-01,3.174728640941519853e-01,-3.400874414593336725e-01,6.879891339428607644e-01,-1.562272574117609392e-01,5.641952850209251968e-01,1.000000000000000000e+00,6.118427790295135615e-01,7.088631748513715136e-01,5.024841696587760698e-01,5.096540071909166913e-01,5.630243341532076284e-01,6.065788632487042475e-01,6.219870178859073784e-01,3.618115027533969630e-01,6.146019843310245312e-01,3.758689481491088724e-01,4.670003941528284575e-01,4.234467321946192020e-01,5.572957060986315492e-01,3.357973892310695541e-01,5.303463585856575957e-01
7.943417992310864983e-01,7.288639794676169403e-01,6.964447786245767658e-01,-8.339792486613174793e-02,7.848791052907295729e-01,7.443326609454117837e-02,-3.831439542239105100e-01,-7.155082498794916868e-01,7.376953338972372931e-01,7.418974462266675340e-01,4.905364553669323002e-01,4.568992394063322027e-01,-1.155930652187544955e-01,7.951204292103014604e-01,4.220740237788560001e-01,7.558659578970374771e-01,6.203804491238087415e-01,3.412452131384786091e-01,5.124780593978002230e-01,-1.129146276785334829e-01,3.805421705973074387e-01,-6.481927319109463681e-02,7.970083968140657671e-01,6.118427790295135615e-01,1.000000000000000000e+00,5.927738889582484516e-01,6.324915654347162963e-01,6.956151095008299423e-01,9.716420715365527150e-02,3.868488037043106842e-01,4.282288203693856987e-01,4.816550322621620528e-01,1.978591242151981899e-01,7.396555220172642553e-01,-7.009652405075238180e-02,6.981092933285392155e-01,3.718896535148924487e-01,7.343375630254399544e-01,7.689376778059056061e-01
5.410884351808490367e-01,4.697499413409098601e-01,7.284808812676348833e-01,1.823376360911856953e-01,6.757267818458543296e-01,3.914110585432324929e-01,9.033298041216003549e-02,-6.029494653228146817e-01,7.368842893881364375e-01,4.860184850789034394e-01,6.614079323466408589e-01,1.041363780803787054e-01,-3.616634388160819835e-01,6.822145125541851929e-01,2.017107095513514820e-03,5.148671281528964805e-01,4.843337702657842803e-01,1.769357286149043085e-01,3.609568102151224922e-01,-1.875069932346248858e-01,5.928042904172294847e-01,-2.810061128081956516e-01,4.426114210202118371e-01,7.088631748513715136e-01,5.927738889582484516e-01,1.000000000000000000e+00,4.912751223087412078e-01,4.848709329086059450e-01,6.033662804356911824e-01,6.466133964286278069e-01,6.012765903050376615e-01,3.325241429232633217e-01,6.362017224155490647e-01,4.193957592440166748e-01,4.937146806953430778e-01,4.930465092163910934e-01,4.368682264893708478e-01,4.856435958309360812e-01,5.969989367501994382e-01
5.792611979949571221e-01,7.223768701212212040e-01,6.588257425464346673e-01,1.062582392552375576e-01,6.340568781552157196e-01,-2.237397943610270820e-02,-3.604543127167069150e-01,-6.608346762953951625e-01,7.434534889068423746e-01,6.372550289600776852e-01,4.489034588007569937e-01,7.780932099754340747e-01,-2.845414773481274029e-01,6.931586771026353455e-01,3.926516115896792058e-01,7.111325483494165267e-01,5.316673142283989684e-01,4.375955605352233047e-01,5.956428688934823912e-01,-3.293287800304162682e-01,4.090271526997409368e-01,-8.955925543182569060e-02,7.102880816954788568e-01,5.024841696587760698e-01,6.324915654347162963e-01,4.912751223087412078e-01,1.000000000000000000e+00,5.971264395983832962e-01,1.808674436167949373e-02,3.471192784353658300e-01,5.748622267900234117e-01,7.587594410539868495e-01,3.489365553743409842e-01,7.429917519852818897e-01,-6.911452721824774825e-02,5.481668524189672320e-01,5.437716809102686177e-01,5.161927357793847371e-01,7.208408436674850206e-01
6.104599779364355827e-01,4.985229267707258494e-01,7.058437134449206951e-01,-2.459511654966854421e-01,5.529399420496519113e-01,1.342417189328213023e-01,-5.242505602316820390e-01,-8.216226680880488464e-01,5.167902024386088478e-01,5.403320970865805872e-01,4.000060198170181103e-01,4.177478807029589847e-01,-8.844074607995836002e-02,7.201532720211217820e-01,2.844732722820983994e-01,5.017320161660666633e-01,6.182017857601629363e-01,7.894382116005033145e-02,2.879050562231137422e-01,-2.420579092300066126e-01,4.999535110902491031e-01,-2.185242079266941917e-01,5.832425945662885747e-01,5.096540071909166913e-01,6.956151095008299423e-01,4.848709329086059450e-01,5.971264395983832962e-01,1.000000000000000000e+00,-2.133108570636282463e-03,1.326276865014599238e-01,5.907720428034058946e-01,2.456927138068980832e-01,1.166789926933875232e-01,6.064539786950463585e-01,-1.676561805333315613e-01,6.474548026007015400e-01,4.790950302009771566e-01,5.289040873427459655e-01,6.394082205935939234e-01
4.544291122089602619e-02,4.829998166550795308e-02,3.153149783563922171e-01,2.503461143677723211e-01,2.125550068035821361e-01,7.380295100766233185e-01,5.555366281179772159e-01,-1.463988910179209180e-01,3.293953901686041963e-01,3.257892896773062485e-02,3.294884886956419012e-01,-3.693544896565568170e-01,-3.830523632783213173e-01,2.200219313063554449e-01,-3.788220085743673193e-01,5.491964208832732230e-02,-1.805037581279395065e-01,2.865792823500000128e-02,3.131661887664781430e-02,-2.628266051712134233e-01,6.124288477560452248e-01,-2.761899082842850794e-01,-7.110970494097781924e-02,5.630243341532076284e-01,9.716420715365527150e-02,6.033662804356911824e-01,1.808674436167949373e-02,-2.133108570636282463e-03,1.000000000000000000e+00,6.597039638479635926e-01,3.369221780381664311e-01,3.135111432012788885e-02,7.611897379132622765e-01,-1.680667238995196544e-01,8.854638204147680103e-01,3.989611444279306252e-02,4.335222773952137065e-01,-1.890071336442925715e-02,1.051078722333671917e-01
3.429648093112453444e-01,4.704199442278482746e-01,4.996143814080362122e-01,3.262591892306737074e-01,4.749302678754909190e-01,4.492398723196437405e-01,3.371740516754198613e-01,-3.190497863563774850e-01,6.397362695902358842e-01,4.330521480273160639e-01,3.320384032817026987e-01,9.017154662624826678e-02,-4.442534013585217045e-01,4.346721394639087022e-01,1.037671794943828898e-02,4.549325010709361350e-01,3.049619900278731366e-02,4.864631841529796219e-01,5.166709400920452833e-01,-3.520696000771943446e-01,5.314683470253495079e-01,-2.262939888207983197e-01,3.005184074165891950e-01,6.065788632487042475e-01,3.868488037043106842e-01,6.466133964286278069e-01,3.471192784353658300e-01,1.326276865014599238e-01,6.597039638479635926e-01,1.000000000000000000e+00,4.509743128703522230e-01,4.309636171746125677e-01,6.695744153234611806e-01,3.001394543367208456e-01,6.542854870392795785e-01,3.603260903535185355e-01,4.680482594112829742e-01,2.244761868781747216e-01,3.314667402727149992e-01
2.594664542792246564e-01,3.743682956896880465e-01,7.902990564278413732e-01,-8.352511001241402777e-02,4.383003759497352547e-01,2.995236445442146511e-01,-1.211219315059976348e-01,-7.231693879859443230e-01,5.063763547248613106e-01,4.175685771013374903e-01,5.218644223396657900e-01,3.055069068016668665e-01,-6.521498206122698926e-01,6.197485973020052663e-01,5.351696614886392034e-02,3.624117038714846917e-01,3.674218893134454378e-01,9.000026822718532049e-02,3.769907703642690899e-01,-3.022005177683948496e-01,6.202941483744666140e-01,-2.231638448889679271e-01,3.966811248270863399e-01,6.219870178859073784e-01,4.282288203693856987e-01,6.012765903050376615e-01,5.748622267900234117e-01,5.907720428034058946e-01,3.369221780381664311e-01,4.509743128703522230e-01,1.000000000000000000e+00,3.388576924991279493e-01,5.869940209307025203e-01,4.587048543285672242e-01,3.062622842725448713e-01,4.219653919287963406e-01,5.454641757117913992e-01,1.871483103361849254e-01,4.173055860703566711e-01
5.554978060009505558e-01,7.884352864931046811e-01,4.463743726974400694e-01,1.654277044320463519e-01,5.674783477338202209e-01,-1.396247450566273085e-01,-1.540107178022401269e-01,-3.967226213797417911e-01,6.897739356233585362e-01,6.585576078542757505e-01,2.938764632097005669e-01,6.566546273025535285e-01,-3.810552940553456058e-01,5.413996809825415424e-01,4.908998868865669385e-01,7.317044272112422920e-01,3.193961188029220688e-01,6.251976558947717200e-01,6.809750510331911144e-01,-2.762694532485790999e-01,1.675376938774067181e-01,-1.276380869294359722e-03,6.043194845393163872e-01,3.618115027533969630e-01,4.816550322621620528e-01,3.325241429232633217e-01,7.587594410539868495e-01,2.456927138068980832e-01,3.135111432012788885e-02,4.309636171746125677e-01,3.388576924991279493e-01,1.000000000000000000e+00,2.698975742668022759e-01,6.981855195375301637e-01,3.835485639627748359e-03,5.169091629102858798e-01,5.204209613139475499e-01,4.736088807807069534e-01,5.583879398442169739e-01
5.661460343215535956e-02,1.776958584113101092e-01,5.354118137731096461e-01,3.013151135842880302e-01,2.996630262286317237e-01,5.517892382846684152e-01,4.364519065777952567e-01,-3.045837911900262651e-01,4.649628605908347478e-01,1.751616437517166669e-01,3.903779395690523124e-01,3.699512336334974394e-02,-5.572724992554757284e-01,3.474977295919551290e-01,-2.309194524622547873e-01,2.265355935150721589e-01,-1.964420297848768621e-02,2.018020272693563932e-01,2.906831903470435963e-01,-3.261881495954261911e-01,7.138560638372072331e-01,-2.369968109439385684e-01,1.600237329232852834e-01,6.146019843310245312e-01,1.978591242151981899e-01,6.362017224155490647e-01,3.489365553743409842e-01,1.166789926933875232e-01,7.611897379132622765e-01,6.695744153234611806e-01,5.869940209307025203e-01,2.698975742668022759e-01,1.000000000000000000e+00,8.811196449722756563e-02,7.487501310552736600e-01,1.273024800745500007e-01,5.134607653321557885e-01,-1.918572234416906011e-02,2.189310752420093042e-01
7.529848567142107818e-01,8.013364758092981210e-01,6.842896132300694267e-01,-4.677887445402926364e-02,7.050224528409679836e-01,-3.002267023105739674e-01,-4.442352596242606921e-01,-6.426070860102892635e-01,6.826502096787574470e-01,7.919102066412756491e-01,3.161958614503555531e-01,7.359610016189256365e-01,-3.070697290871448049e-01,7.089639284671144237e-01,6.797653487124387661e-01,8.088797307983389695e-01,6.103577609996183595e-01,5.901079022283749476e-01,7.651780716293316020e-01,-1.689602426174678929e-01,1.716840975579405348e-01,-4.259565471483019172e-02,7.428698557260521307e-01,3.758689481491088724e-01,7.396555220172642553e-01,4.193957592440166748e-01,7.429917519852818897e-01,6.064539786950463585e-01,-1.680667238995196544e-01,3.001394543367208456e-01,4.587048543285672242e-01,6.981855195375301637e-01,8.811196449722756563e-02,1.000000000000000000e+00,-2.765545505374554791e-01,6.949082014075362856e-01,3.307534077109399728e-01,6.389977947022406068e-01,6.253221643542753450e-01
-1.540467783574928640e-01,-5.275162941216332557e-02,2.015339912645787990e-01,2.994178884954031283e-01,6.496844163850795661e-02,7.185824705201627749e-01,6.752851632230781886e-01,-3.693271711544442171e-02,2.174977740130005777e-01,-5.511282751771957172e-02,2.334061927224390376e-01,-4.271816672175138274e-01,-4.132216510763859763e-01,7.343503526244393731e-02,-4.492687212118841034e-01,-7.054759944870120369e-02,-3.330603468065718165e-01,1.602936931558766528e-02,2.520839024443749087e-03,-2.913001783579943771e-01,5.455890317814241497e-01,-1.785065757239021333e-01,-1.849387289626353570e-01,4.670003941528284575e-01,-7.009652405075238180e-02,4.937146806953430778e-01,-6.911452721824774825e-02,-1.676561805333315613e-01,8.854638204147680103e-01,6.542854870392795785e-01,3.062622842725448713e-01,3.835485639627748359e-03,7.487501310552736600e-01,-2.765545505374554791e-01,1.000000000000000000e+00,-4.850957936556114791e-02,3.809470200671767337e-01,-1.964067737551052351e-01,-4.186295780676645845e-02
7.036759731524955264e-01,6.951098164373241683e-01,6.251707419716228120e-01,-8.411153826730932703e-02,6.566441703397229990e-01,-3.720967128688671549e-02,-3.130758316401801022e-01,-6.491062855840753487e-01,6.645826474482743329e-01,7.212253776173632724e-01,3.354269456052882403e-01,4.097989890786021272e-01,-1.925569668254219768e-01,7.075263700400028499e-01,4.277175858754469484e-01,6.786983694280267487e-01,4.851260861436001992e-01,3.814544260331459435e-01,5.128066139321588723e-01,-1.916994032132574299e-01,3.100001465617246987e-01,-1.857260057924094709e-01,5.928169893131496337e-01,4.234467321946192020e-01,6.981092933285392155e-01,4.930465092163910934e-01,5.481668524189672320e-01,6.474548026007015400e-01,3.989611444279306252e-02,3.603260903535185355e-01,4.219653919287963406e-01,5.169091629102858798e-01,1.273024800745500007e-01,6.949082014075362856e-01,-4.850957936556114791e-02,1.000000000000000000e+00,5.343426324906974667e-01,6.209045786441350634e-01,6.526934545789530029e-01
3.274345620130793555e-01,4.586731712855213750e-01,5.165846232776277747e-01,-7.589342399256121877e-03,3.724457175624085181e-01,4.102517646570577603e-01,-3.342395208514365584e-02,-5.307988423295028069e-01,5.216858222100640985e-01,4.373114791022514325e-01,2.183548405809978277e-01,2.634980857414284117e-01,-4.077870038294041932e-01,5.216741689258027614e-01,7.565917540344238579e-02,4.250313476389372958e-01,5.675080989597936637e-02,2.755793901771654841e-01,3.346780176325416800e-01,-5.169715238688391556e-01,6.315203395505786244e-01,-2.629747438649808755e-01,3.452310085307351839e-01,5.572957060986315492e-01,3.718896535148924487e-01,4.368682264893708478e-01,5.437716809102686177e-01,4.790950302009771566e-01,4.335222773952137065e-01,4.680482594112829742e-01,5.454641757117913992e-01,5.204209613139475499e-01,5.134607653321557885e-01,3.307534077109399728e-01,3.809470200671767337e-01,5.343426324906974667e-01,1.000000000000000000e+00,1.866133693082213385e-01,4.130915588975370145e-01
8.405133657147562110e-01,7.013246475026710947e-01,4.469758578977759411e-01,-9.761638418520213190e-02,6.829505772353272608e-01,-1.137766649687112080e-01,-4.012772287855765896e-01,-4.784594684237953310e-01,6.763471367637474696e-01,6.151639713933545472e-01,4.804571718975792494e-01,3.834449837764835611e-01,8.279609334718540659e-02,6.362605148738589289e-01,4.603942509253189930e-01,6.690365728925429245e-01,6.863404030387988408e-01,2.024728759878453299e-01,3.192083163348767294e-01,1.220695719308780569e-01,8.982163575555326962e-02,-8.207017705890150283e-02,6.703963828584905693e-01,3.357973892310695541e-01,7.343375630254399544e-01,4.856435958309360812e-01,5.161927357793847371e-01,5.289040873427459655e-01,-1.890071336442925715e-02,2.244761868781747216e-01,1.871483103361849254e-01,4.736088807807069534e-01,-1.918572234416906011e-02,6.389977947022406068e-01,-1.964067737551052351e-01,6.209045786441350634e-01,1.866133693082213385e-01,1.000000000000000000e+00,7.844977212598830407e-01
7.334045948577326834e-01,7.193414995908125054e-01,6.127200243307999727e-01,-1.237762451055799892e-02,7.516356911086986559e-01,9.424067658260837366e-02,-3.974784097015899298e-01,-6.812771046532136721e-01,7.914508693282392704e-01,6.232339442338015179e-01,6.429399336376975249e-01,4.604864289533792121e-01,-2.777326933391044764e-02,7.554708575162165651e-01,2.287959275776284274e-01,6.726581785964846905e-01,6.703907606991844625e-01,1.615588708770933080e-01,3.410922926128512334e-01,-9.290515201385268762e-02,3.436341615544157846e-01,-1.218964545150749840e-01,7.184175132151261467e-01,5.303463585856575957e-01,7.689376778059056061e-01,5.969989367501994382e-01,7.208408436674850206e-01,6.394082205935939234e-01,1.051078722333671917e-01,3.314667402727149992e-01,4.173055860703566711e-01,5.583879398442169739e-01,2.189310752420093042e-01,6.253221643542753450e-01,-4.186295780676645845e-02,6.526934545789530029e-01,4.130915588975370145e-01,7.844977212598830407e-01,1.000000000000000000e+00
