1.000000000000000000e+00,7.850055607978747574e-01,1.911742833970381528e-01,-4.556025045238130088e-03,4.107302778852135461e-01,2.919254843919335748e-02,5.587898850906492659e-02,-1.790299377169278228e-01,5.909177702107891728e-01,6.371344267373679759e-01,2.214332111222387656e-01,5.578573995658738655e-02,-1.415137809945881953e-01,5.883458229143905260e-01,1.865679071843301950e-01,6.442864113455201158e-01,6.186147462207221975e-02,1.096463132043895700e-01,-5.578664500137615195e-02,1.724688020882534645e-01,-1.436753954713936854e-01,1.964422478742217093e-01,4.827562203941572760e-01,4.809861805341378860e-01,7.170652707356599542e-01,5.306662466027841640e-01,8.785180527304312093e-02,4.499879143784742963e-01,3.908382739245029325e-01,8.030849470328248474e-01,7.451583803423265928e-02,8.270352897417995730e-02,2.607250566051822482e-01,3.669864874373934827e-01,6.824830786040121666e-02,4.907454993651940156e-01,9.437595056434390506e-02,3.725949452338659373e-01,1.346850070033530078e-01
7.850055607978747574e-01,1.000000000000000000e+00,3.595204000780138354e-01,2.624962079757778288e-03,4.473467867593702851e-01,-1.091487200502945093e-01,2.742373764077075671e-01,8.188488236609553494e-02,6.796881682712131445e-01,7.621945350398033892e-01,4.760258299086582712e-01,3.946516936293024691e-01,1.451855797046587848e-01,7.009712446973083155e-01,4.394517899669471706e-01,7.713680470156025759e-01,3.519746037726241839e-01,-8.016607963978647500e-02,2.708296846643264977e-01,4.204659168224620935e-01,-2.238093426944040842e-01,3.367250253068034271e-01,7.201839206763220869e-01,6.362130162638979236e-01,7.045897987651804639e-01,1.920557298462894635e-01,4.165202250701999231e-01,1.305996361479090928e-01,5.627411682332306153e-01,6.510466435361534909e-01,3.449875637739923118e-01,3.963442653285852435e-01,3.227330613580160490e-01,3.753217478784536265e-01,3.124154224105120670e-01,6.505248100945186795e-01,3.649829125326606860e-01,1.045938036009070732e-01,4.905247073541286751e-01
1.911742833970381528e-01,3.595204000780138354e-01,1.000000000000000000e+00,6.302613898390595736e-03,5.822058951253187287e-01,-4.760275158468445511e-01,5.094188171133009480e-01,2.303397865525305954e-01,4.692737462395919490e-01,3.863519624941334496e-01,5.602925010148953611e-01,6.535730110304359686e-01,3.930112319218686534e-01,3.953812938922866005e-01,6.137891318566621734e-01,4.359517758673512877e-01,4.681835598022762723e-01,-3.424872902420317833e-01,5.350258756435881669e-01,3.485903577109566442e-01,3.664409040254423267e-01,5.652459555491541332e-01,5.224751162807278471e-01,3.552041326179118386e-01,2.084978158574920248e-01,-1.602780360216186084e-01,7.146727118249717181e-01,1.612403553733862405e-01,5.383170536858078448e-01,4.571381722299549394e-02,7.823987338058223662e-01,5.913954561789700470e-01,4.055912895696671128e-01,4.090730456976106599e-01,2.990927449793713833e-01,4.874164673241038748e-01,4.813813719047347894e-01,-2.974549230423797486e-01,7.123355239945301509e-01
-4.556025045238130088e-03,2.624962079757778288e-03,6.302613898390595736e-03,1.000000000000000000e+00,1.024509789426716055e-01,5.699423034714999614e-02,3.302345451797172315e-01,7.695659457584425045e-02,-7.931137131537474572e-02,-6.930188158409148098e-03,5.466408470280258169e-02,8.801605694683102554e-02,9.806841223743868741e-02,-4.931622750422791357e-02,1.009322573220149954e-01,-1.906300705574337506e-02,2.461601664175256873e-02,1.333363215204377006e-01,2.765869849924586926e-02,1.232703083071920863e-01,6.941265392263816503e-02,-1.277033479715992126e-01,-9.939777727745123526e-02,-9.496610116189153905e-02,-1.919131187154805461e-03,6.916954424973162374e-02,-1.023576570245987027e-01,1.839919352971761679e-01,-7.083241854400577084e-04,3.948191769047373900e-02,1.184505437857442424e-02,-3.658589849865885590e-02,-1.041240111662749546e-01,4.130142704588420782e-02,3.328220471749019499e-02,2.362577618758454623e-02,-2.634233574118146140e-02,3.562540060208706921e-02,-8.373334441641466785e-02
4.107302778852135461e-01,4.473467867593702851e-01,5.822058951253187287e-01,1.024509789426716055e-01,1.000000000000000000e+00,-1.956021287456500002e-01,3.735772634137039527e-01,-1.078583102679051831e-01,6.304681640244781393e-01,5.251775964535234653e-01,3.738362640061798081e-01,3.870781582353486905e-01,2.531576917209496166e-02,6.286326855056932894e-01,3.957261415884116285e-01,5.348651323826357773e-01,1.836783680171294175e-01,-3.203921547763372707e-02,1.598070306392792850e-01,2.542956696127560701e-01,9.860203188726421319e-03,1.641526886658069839e-01,3.816383960638070061e-01,3.542306848526010632e-01,4.654190739731901560e-01,1.587829949243905192e-01,2.908432539918378579e-01,3.198160787227929402e-01,3.423291150746745060e-01,4.117860915158771395e-01,4.440316172903397418e-01,2.071220938810605372e-01,2.820360436534944393e-01,7.468909795887215264e-01,1.017577404226929910e-01,4.574555089917121675e-01,1.722563430056595069e-01,1.603897604748133754e-01,4.350240352752613449e-01
2.919254843919335748e-02,-1.091487200502945093e-01,-4.760275158468445511e-01,5.699423034714999614e-02,-1.956021287456500002e-01,1.000000000000000000e+00,-1.904526226403440436e-01,-4.190045608789862847e-02,-1.386039429400277301e-01,3.127905057368769726e-02,5.953458590831520181e-02,-2.550330692182556924e-01,-1.617762449186082585e-01,1.468286135851050722e-01,-1.567778506847090358e-01,2.512352421981146194e-02,7.295185597177394898e-02,1.351092767227410063e-01,-2.112482509204409165e-01,7.998990764317256974e-02,-3.849787138427061550e-01,-2.811260243525223745e-01,-5.899093070196107652e-02,1.288366121060700586e-01,1.928178071535250060e-01,2.622820249901629541e-01,-2.809904460508217960e-01,1.380909588834221824e-01,6.638410781436616948e-02,8.103345941212282411e-02,-2.654538756003700373e-01,-7.569030082316720309e-02,1.787299178532145982e-01,-2.233229335779737257e-01,1.871460609927270979e-01,-1.123450299512562534e-01,5.093936477573572652e-02,2.026403360533472198e-01,-3.622524431806486978e-01
5.587898850906492659e-02,2.742373764077075671e-01,5.094188171133009480e-01,3.302345451797172315e-01,3.735772634137039527e-01,-1.904526226403440436e-01,1.000000000000000000e+00,4.249945257134988275e-01,1.520065438587062667e-01,3.458583610547083520e-01,6.365921885934722191e-01,6.325131836936328522e-01,4.964476697257129145e-01,2.131539361147911371e-01,5.435050324311118120e-01,3.505352683874383146e-01,6.414251783973848875e-01,-5.007047167696633272e-01,5.435649203569126175e-01,5.282512309302983544e-01,1.548202848487824079e-01,3.913894289923735559e-01,4.361458246938835770e-01,2.804776139130427670e-01,1.502128265346575897e-01,-4.222150822351798949e-01,6.142956338386273973e-01,-7.867391971046588939e-02,4.603337263016268333e-01,-6.499103463590115426e-02,7.019413691039874115e-01,6.048526510142113732e-01,8.495304121541423503e-02,3.590550624489864673e-02,4.848853269454402315e-01,3.461859420353225469e-01,5.774579384179336916e-01,-4.204018015416858267e-01,6.180635688427392749e-01
-1.790299377169278228e-01,8.188488236609553494e-02,2.303397865525305954e-01,7.695659457584425045e-02,-1.078583102679051831e-01,-4.190045608789862847e-02,4.249945257134988275e-01,1.000000000000000000e+00,-4.134492824466626248e-02,2.094995276775602766e-01,6.429389031154578715e-01,7.130186795302869696e-01,8.025312480287215555e-01,4.217627693557625401e-02,6.648208457769955171e-01,2.271481825734699145e-01,6.735525401597730610e-01,-4.784569604849951419e-01,8.178207820389546967e-01,6.769399131532697345e-01,-2.405605914658267563e-01,4.886280385405146753e-01,4.747461801121721781e-01,2.209637855916015137e-01,5.665065377098674193e-02,-6.251466623197041717e-01,6.454684335526136296e-01,-4.687957775579089659e-01,5.959596921877010622e-01,-3.476337409147050583e-01,5.119907108782515426e-01,7.127329175425977104e-01,3.785310641351158911e-01,-3.123976742414099061e-01,5.898440181403207250e-01,1.981716408516392136e-01,6.766369561612800565e-01,-6.480300563323673213e-01,5.941009475910545845e-01
5.909177702107891728e-01,6.796881682712131445e-01,4.692737462395919490e-01,-7.931137131537474572e-02,6.304681640244781393e-01,-1.386039429400277301e-01,1.520065438587062667e-01,-4.134492824466626248e-02,1.000000000000000000e+00,6.940142813293712631e-01,4.201892667325572983e-01,4.013429544119877512e-01,5.589736023533448117e-02,7.841234502702264519e-01,4.853235395096549554e-01,7.117783512163455839e-01,2.572551242025814533e-01,1.096863806025961258e-01,2.318147285443472039e-01,3.713816957121512385e-01,-1.331813377844319468e-01,2.656286150193610807e-01,6.093260108389425556e-01,6.662417113798531076e-01,6.712916643398637584e-01,3.223221180192202273e-01,3.647006761662368035e-01,2.968318117645504239e-01,5.133093139192272947e-01,6.130609860718699844e-01,3.735583147105326352e-01,3.151678100544082484e-01,4.059678041658710268e-01,6.760004414572190479e-01,2.179933280974868381e-01,5.553933653314689911e-01,2.669372890130453646e-01,2.715673080858393429e-01,4.938076075712274360e-01
6.371344267373679759e-01,7.621945350398033892e-01,3.863519624941334496e-01,-6.930188158409148098e-03,5.251775964535234653e-01,3.127905057368769726e-02,3.458583610547083520e-01,2.094995276775602766e-01,6.940142813293712631e-01,1.000000000000000000e+00,6.236476660299092867e-01,5.274622495131124911e-01,3.212827668355333621e-01,7.785747426432557683e-01,6.202842958724944511e-01,9.054831049451321778e-01,5.152408741652549917e-01,-1.495096155823435191e-01,4.180753433839453082e-01,6.091728594803484942e-01,-3.155334592059654275e-01,4.269259869405812036e-01,7.763545949611534436e-01,7.248795340876579285e-01,8.033057320319451078e-01,7.964091853280003130e-02,4.617426697901392818e-01,1.381225665608986908e-01,7.105000453810228489e-01,5.562148285557759753e-01,4.153501776967782888e-01,5.128808114545948538e-01,4.208928144053845077e-01,3.406436886364133665e-01,5.324401190525462901e-01,6.551707590491543387e-01,5.460009976162714107e-01,5.023120197376314787e-03,5.312030648381154130e-01
2.214332111222387656e-01,4.760258299086582712e-01,5.602925010148953611e-01,5.466408470280258169e-02,3.738362640061798081e-01,5.953458590831520181e-02,6.365921885934722191e-01,6.429389031154578715e-01,4.201892667325572983e-01,6.236476660299092867e-01,1.000000000000000000e+00,8.294313907144028608e-01,6.951991950818957600e-01,5.706340579653502720e-01,8.136439733818501274e-01,6.428228481259187221e-01,8.810860422350658139e-01,-4.951088778033792548e-01,7.730221819480332934e-01,8.462284676012428175e-01,-1.798561516456461951e-01,5.970870667330916426e-01,7.768498059260373623e-01,6.647788818101839636e-01,4.818434110577359264e-01,-3.678029305036185637e-01,7.905840535373519495e-01,-1.078869242070784051e-01,8.903945427762726128e-01,4.765345768799696818e-02,7.580915156274373734e-01,8.914026822075433731e-01,5.283709009043123794e-01,3.348194739891464933e-02,7.729911920337938502e-01,4.856270169528973946e-01,8.819660505197274292e-01,-4.628803194607270521e-01,7.746322976603144950e-01
5.578573995658738655e-02,3.946516936293024691e-01,6.535730110304359686e-01,8.801605694683102554e-02,3.870781582353486905e-01,-2.550330692182556924e-01,6.325131836936328522e-01,7.130186795302869696e-01,4.013429544119877512e-01,5.274622495131124911e-01,8.294313907144028608e-01,1.000000000000000000e+00,7.861976560961797533e-01,4.483806000206161935e-01,8.847646780988843718e-01,5.529062181093793438e-01,7.757695595838269842e-01,-5.281028526383940713e-01,8.806765984417257442e-01,8.034911795161694403e-01,-8.379529184348659399e-02,5.902183268145498873e-01,7.263074912914473380e-01,4.842409616198385391e-01,3.183735618540123324e-01,-5.253400291043367476e-01,8.513016051826360897e-01,-2.685266013821845377e-01,7.595438226994529751e-01,-1.279991353778988095e-01,8.219376053678522087e-01,8.463685475790865276e-01,4.682113833316745577e-01,1.711192000492592347e-01,6.385934415682908982e-01,5.102955759027311133e-01,7.806629782950723628e-01,-5.671020641611578261e-01,8.847392749028175629e-01
-1.415137809945881953e-01,1.451855797046587848e-01,3.930112319218686534e-01,9.806841223743868741e-02,2.531576917209496166e-02,-1.617762449186082585e-01,4.964476697257129145e-01,8.025312480287215555e-01,5.589736023533448117e-02,3.212827668355333621e-01,6.951991950818957600e-01,7.861976560961797533e-01,1.000000000000000000e+00,1.300518720243641624e-01,7.619056542316418046e-01,3.224938802200864041e-01,6.848641156428393328e-01,-4.945490511579612725e-01,8.311766799448430110e-01,7.443620810817928035e-01,-1.109050169626426968e-01,5.500803726919827330e-01,5.074207126305186888e-01,2.470262815187172778e-01,1.111569795024451163e-01,-6.465406097413983755e-01,6.779087903075002863e-01,-4.073437188345120918e-01,6.401314472265399180e-01,-3.215796809482228680e-01,5.349433268306401645e-01,7.655518803759734370e-01,2.876642768881274570e-01,-2.606210370427847201e-01,6.212898299257574308e-01,2.618819890472773859e-01,7.455318131765523715e-01,-6.643034366319831019e-01,6.495141152793030281e-01
5.883458229143905260e-01,7.009712446973083155e-01,3.953812938922866005e-01,-4.931622750422791357e-02,6.286326855056932894e-01,1.468286135851050722e-01,2.131539361147911371e-01,4.217627693557625401e-02,7.841234502702264519e-01,7.785747426432557683e-01,5.706340579653502720e-01,4.483806000206161935e-01,1.300518720243641624e-01,1.000000000000000000e+00,5.309590898164738837e-01,7.959883397672382621e-01,4.406143279350678843e-01,-1.488211822379577505e-02,2.927008718480150762e-01,5.060544354747766871e-01,-2.650872327295488162e-01,2.454576061380931984e-01,6.878787115861130230e-01,7.806660115998957927e-01,7.630282515807677024e-01,2.317944227853484251e-01,3.922638405171870457e-01,2.594255953655624225e-01,6.374323854449777116e-01,5.426865670376350703e-01,4.129528254588073488e-01,4.324120108201255364e-01,5.055600405677871390e-01,5.436949757428288788e-01,4.263532042658182974e-01,5.677245110337535428e-01,4.577533140357342156e-01,1.399065839208993578e-01,4.690934404895790166e-01
1.865679071843301950e-01,4.394517899669471706e-01,6.137891318566621734e-01,1.009322573220149954e-01,3.957261415884116285e-01,-1.567778506847090358e-01,5.435050324311118120e-01,6.648208457769955171e-01,4.853235395096549554e-01,6.202842958724944511e-01,8.136439733818501274e-01,8.847646780988843718e-01,7.619056542316418046e-01,5.309590898164738837e-01,1.000000000000000000e+00,6.350321759364373486e-01,7.323871627590521349e-01,-3.898459858527012489e-01,8.208468949713184637e-01,7.995498232345883416e-01,-1.174476623273346676e-01,5.778460528703623922e-01,7.346530314757819813e-01,5.582045716513298617e-01,4.594123841877095771e-01,-3.372085265948256416e-01,7.635474942786071306e-01,-9.185710674492314487e-02,8.097094608442494401e-01,4.281646709158743597e-02,7.102397830102413767e-01,7.996750781549459841e-01,5.301231601981324371e-01,1.965106648777512899e-01,6.399514292855427167e-01,5.219203752269329089e-01,7.638407830438348478e-01,-3.864710007031237349e-01,7.867399634585929835e-01
6.442864113455201158e-01,7.713680470156025759e-01,4.359517758673512877e-01,-1.906300705574337506e-02,5.348651323826357773e-01,2.512352421981146194e-02,3.505352683874383146e-01,2.271481825734699145e-01,7.117783512163455839e-01,9.054831049451321778e-01,6.428228481259187221e-01,5.529062181093793438e-01,3.224938802200864041e-01,7.959883397672382621e-01,6.350321759364373486e-01,1.000000000000000000e+00,5.076999412693711244e-01,-1.577286829721719352e-01,4.284869071169842836e-01,6.028688073768834199e-01,-3.008007249043472831e-01,4.425546300076719231e-01,7.930413041991977163e-01,7.119011444247911324e-01,7.900180598853079328e-01,8.838849376107868472e-02,5.049341477830858738e-01,1.560483593735856322e-01,7.276105995310225838e-01,5.443300107243439490e-01,4.481464668559937414e-01,5.322108886414044226e-01,4.868480697146376768e-01,3.651381751913547746e-01,5.173730300498796675e-01,7.234938532989850790e-01,5.565391897039706492e-01,5.573663867253678995e-03,5.700316954260760127e-01
6.186147462207221975e-02,3.519746037726241839e-01,4.681835598022762723e-01,2.461601664175256873e-02,1.836783680171294175e-01,7.295185597177394898e-02,6.414251783973848875e-01,6.735525401597730610e-01,2.572551242025814533e-01,5.152408741652549917e-01,8.810860422350658139e-01,7.757695595838269842e-01,6.848641156428393328e-01,4.406143279350678843e-01,7.323871627590521349e-01,5.076999412693711244e-01,1.000000000000000000e+00,-5.715875215902724849e-01,7.640755505285249383e-01,7.637815479961475029e-01,-8.386729157200063789e-02,5.594147453134534764e-01,7.285911407925307337e-01,6.177910721166645081e-01,3.098759730398555345e-01,-4.765607786633080933e-01,8.063442698919401908e-01,-2.319728780113704258e-01,8.030080450769701006e-01,-1.184667620621287221e-01,7.512893951520380753e-01,9.054764833290793735e-01,4.272590988159857273e-01,-1.227090018910461516e-01,8.114015010345749790e-01,3.785682984316000033e-01,8.984235151919852669e-01,-5.674296656532676897e-01,7.225210809215257823e-01
1.096463132043895700e-01,-8.016607963978647500e-02,-3.424872902420317833e-01,1.333363215204377006e-01,-3.203921547763372707e-02,1.351092767227410063e-01,-5.007047167696633272e-01,-4.784569604849951419e-01,1.096863806025961258e-01,-1.495096155823435191e-01,-4.951088778033792548e-01,-5.281028526383940713e-01,-4.945490511579612725e-01,-1.488211822379577505e-02,-3.898459858527012489e-01,-1.577286829721719352e-01,-5.715875215902724849e-01,1.000000000000000000e+00,-5.054005315993276293e-01,-4.703094616730965627e-01,-2.539543690664790992e-02,-3.750959509904978617e-01,-4.077568364082927443e-01,-1.434098652798120321e-01,-1.145950626764632475e-02,6.217494678864583513e-01,-6.119198734602406820e-01,3.992459080448423347e-01,-4.082258776097344999e-01,3.796870026032735934e-01,-5.973233448402441859e-01,-5.889690272737271304e-01,-2.520305312210707194e-01,2.023750205237376254e-01,-4.502162178108681800e-01,-3.207701305145320703e-01,-5.794980452592055631e-01,6.378200164205150013e-01,-5.244935140316024924e-01
-5.578664500137615195e-02,2.708296846643264977e-01,5.350258756435881669e-01,2.765869849924586926e-02,1.598070306392792850e-01,-2.112482509204409165e-01,5.435649203569126175e-01,8.178207820389546967e-01,2.318147285443472039e-01,4.180753433839453082e-01,7.730221819480332934e-01,8.806765984417257442e-01,8.311766799448430110e-01,2.927008718480150762e-01,8.208468949713184637e-01,4.284869071169842836e-01,7.640755505285249383e-01,-5.054005315993276293e-01,1.000000000000000000e+00,7.754276791939596070e-01,-1.286558172261923760e-01,5.376034377143356080e-01,6.753071546262819913e-01,4.146287232115636878e-01,2.043812990059269141e-01,-6.102592091378502559e-01,8.135649336211929761e-01,-4.088890832300061673e-01,7.255991036411446604e-01,-2.418647168799898384e-01,7.341586459516854513e-01,8.372209585657779396e-01,4.419113725820567051e-01,-6.751566176131480745e-02,5.975895305973168981e-01,3.453709569395491119e-01,7.615392943105201429e-01,-6.722689488913737854e-01,7.908401592180684947e-01
1.724688020882534645e-01,4.204659168224620935e-01,3.485903577109566442e-01,1.232703083071920863e-01,2.542956696127560701e-01,7.998990764317256974e-02,5.282512309302983544e-01,6.769399131532697345e-01,3.713816957121512385e-01,6.091728594803484942e-01,8.462284676012428175e-01,8.034911795161694403e-01,7.443620810817928035e-01,5.060544354747766871e-01,7.995498232345883416e-01,6.028688073768834199e-01,7.637815479961475029e-01,-4.703094616730965627e-01,7.754276791939596070e-01,1.000000000000000000e+00,-3.403034717477365079e-01,4.822053092116185824e-01,7.332267092380101436e-01,5.654739851575769638e-01,4.984793541521642668e-01,-4.211008926011660658e-01,6.708110959730476663e-01,-2.550533147803817902e-01,8.113688713468749647e-01,1.380219475266153926e-02,5.965766292235044066e-01,7.929565053031182309e-01,4.531342458022099562e-01,-3.694845866414223773e-02,7.105910768143985923e-01,4.349258437490102769e-01,8.002935953783177903e-01,-4.821545936076830352e-01,6.875089208076262670e-01
-1.436753954713936854e-01,-2.238093426944040842e-01,3.664409040254423267e-01,6.941265392263816503e-02,9.860203188726421319e-03,-3.849787138427061550e-01,1.548202848487824079e-01,-2.405605914658267563e-01,-1.331813377844319468e-01,-3.155334592059654275e-01,-1.798561516456461951e-01,-8.379529184348659399e-02,-1.109050169626426968e-01,-2.650872327295488162e-01,-1.174476623273346676e-01,-3.008007249043472831e-01,-8.386729157200063789e-02,-2.539543690664790992e-02,-1.286558172261923760e-01,-3.403034717477365079e-01,1.000000000000000000e+00,5.685683091190147503e-02,-1.954872609469966438e-01,-2.215495823910320905e-01,-3.254574059984370327e-01,2.820808303835577180e-02,4.948758423356266339e-02,1.939659659585184215e-01,-2.136366613687043226e-01,-1.303688493284424210e-01,1.602328079884689227e-01,-4.697739026156035058e-02,-3.664146987393818167e-01,2.175194176554627601e-02,-1.577555945737811050e-01,-2.301948853778031379e-01,-1.103874825415539773e-01,-7.124112281447417261e-02,-3.053184693710252889e-02
1.964422478742217093e-01,3.367250253068034271e-01,5.652459555491541332e-01,-1.277033479715992126e-01,1.641526886658069839e-01,-2.811260243525223745e-01,3.913894289923735559e-01,4.886280385405146753e-01,2.656286150193610807e-01,4.269259869405812036e-01,5.970870667330916426e-01,5.902183268145498873e-01,5.500803726919827330e-01,2.454576061380931984e-01,5.778460528703623922e-01,4.425546300076719231e-01,5.594147453134534764e-01,-3.750959509904978617e-01,5.376034377143356080e-01,4.822053092116185824e-01,5.685683091190147503e-02,1.000000000000000000e+00,5.142318210236985765e-01,3.667462338395729993e-01,2.129226209872689402e-01,-3.225113851484267546e-01,6.706857872954614663e-01,-5.657760459749886124e-03,5.919729401110049860e-01,-3.654828493560646503e-03,5.805751517891374336e-01,6.607497194966777121e-01,3.208895700521556260e-01,-5.924834970432956566e-02,5.258983081663941572e-01,3.774329220062888068e-01,6.265818934403238893e-01,-3.987117181838151780e-01,6.448528923986650563e-01
4.827562203941572760e-01,7.201839206763220869e-01,5.224751162807278471e-01,-9.939777727745123526e-02,3.816383960638070061e-01,-5.899093070196107652e-02,4.361458246938835770e-01,4.747461801121721781e-01,6.093260108389425556e-01,7.763545949611534436e-01,7.768498059260373623e-01,7.263074912914473380e-01,5.074207126305186888e-01,6.878787115861130230e-01,7.346530314757819813e-01,7.930413041991977163e-01,7.285911407925307337e-01,-4.077568364082927443e-01,6.753071546262819913e-01,7.332267092380101436e-01,-1.954872609469966438e-01,5.142318210236985765e-01,1.000000000000000000e+00,7.366771268040255283e-01,6.712031100221570457e-01,-1.780467362480614713e-01,7.582915777419338976e-01,-1.064601576397362914e-01,8.249125404112516158e-01,2.949840887729716088e-01,6.516593248460027521e-01,7.678819825313886183e-01,5.251869024869073588e-01,2.033314861744564273e-01,6.003336642255491240e-01,6.427846761463769099e-01,7.278174403657697855e-01,-3.077208704390639316e-01,7.486143993338829628e-01
4.809861805341378860e-01,6.362130162638979236e-01,3.552041326179118386e-01,-9.496610116189153905e-02,3.542306848526010632e-01,1.288366121060700586e-01,2.804776139130427670e-01,2.209637855916015137e-01,6.662417113798531076e-01,7.248795340876579285e-01,6.647788818101839636e-01,4.842409616198385391e-01,2.470262815187172778e-01,7.806660115998957927e-01,5.582045716513298617e-01,7.119011444247911324e-01,6.177910721166645081e-01,-1.434098652798120321e-01,4.146287232115636878e-01,5.654739851575769638e-01,-2.215495823910320905e-01,3.667462338395729993e-01,7.366771268040255283e-01,1.000000000000000000e+00,6.562305324505576243e-01,7.304437891751568157e-02,4.994730386682902368e-01,1.347115603383793880e-01,7.137392913765699953e-01,4.092431156406284298e-01,4.747104469302226293e-01,5.885327284514356716e-01,4.578481824913195330e-01,2.377188688649913006e-01,5.959414092092502058e-01,4.534011959440881201e-01,6.047500792222901822e-01,-3.421498422697177161e-02,5.068346209442636807e-01
7.170652707356599542e-01,7.045897987651804639e-01,2.084978158574920248e-01,-1.919131187154805461e-03,4.654190739731901560e-01,1.928178071535250060e-01,1.502128265346575897e-01,5.665065377098674193e-02,6.712916643398637584e-01,8.033057320319451078e-01,4.818434110577359264e-01,3.183735618540123324e-01,1.111569795024451163e-01,7.630282515807677024e-01,4.594123841877095771e-01,7.900180598853079328e-01,3.098759730398555345e-01,-1.145950626764632475e-02,2.043812990059269141e-01,4.984793541521642668e-01,-3.254574059984370327e-01,2.129226209872689402e-01,6.712031100221570457e-01,6.562305324505576243e-01,1.000000000000000000e+00,3.015889979253228437e-01,2.268311917051251958e-01,2.701464176837913289e-01,6.118287130606157032e-01,6.907515539437302232e-01,2.031268098309106929e-01,3.088120573992457762e-01,4.000124460719789998e-01,3.627254392736748989e-01,3.655280363872799865e-01,5.459139291075758571e-01,3.714394107731829320e-01,2.001443068493746480e-01,3.146462017020938973e-01
5.306662466027841640e-01,1.920557298462894635e-01,-1.602780360216186084e-01,6.916954424973162374e-02,1.587829949243905192e-01,2.622820249901629541e-01,-4.222150822351798949e-01,-6.251466623197041717e-01,3.223221180192202273e-01,7.964091853280003130e-02,-3.678029305036185637e-01,-5.253400291043367476e-01,-6.465406097413983755e-01,2.317944227853484251e-01,-3.372085265948256416e-01,8.838849376107868472e-02,-4.765607786633080933e-01,6.217494678864583513e-01,-6.102592091378502559e-01,-4.211008926011660658e-01,2.820808303835577180e-02,-3.225113851484267546e-01,-1.780467362480614713e-01,7.304437891751568157e-02,3.015889979253228437e-01,1.000000000000000000e+00,-4.979832952461919482e-01,7.289692617284345699e-01,-1.818137863002116106e-01,6.609096166015318019e-01,-4.161356118700018647e-01,-5.084447990810724294e-01,4.680683485694518003e-02,3.980617099700407002e-01,-3.656953371864633540e-01,4.417088982345452469e-02,-4.730496203704662728e-01,8.117411841766561942e-01,-4.842414348109927436e-01
8.785180527304312093e-02,4.165202250701999231e-01,7.146727118249717181e-01,-1.023576570245987027e-01,2.908432539918378579e-01,-2.809904460508217960e-01,6.142956338386273973e-01,6.454684335526136296e-01,3.647006761662368035e-01,4.617426697901392818e-01,7.905840535373519495e-01,8.513016051826360897e-01,6.779087903075002863e-01,3.922638405171870457e-01,7.635474942786071306e-01,5.049341477830858738e-01,8.063442698919401908e-01,-6.119198734602406820e-01,8.135649336211929761e-01,6.708110959730476663e-01,4.948758423356266339e-02,6.706857872954614663e-01,7.582915777419338976e-01,4.994730386682902368e-01,2.268311917051251958e-01,-4.979832952461919482e-01,1.000000000000000000e+00,-2.585075756647181588e-01,7.367497277780684639e-01,-1.305675520995717986e-01,8.749450758532590910e-01,8.872791430491199227e-01,4.904652531931318893e-01,7.253704978731796704e-02,6.105946583638360847e-01,5.395044206527155328e-01,7.918602535413516996e-01,-5.772280960892014479e-01,8.975000594599327197e-01
4.499879143784742963e-01,1.305996361479090928e-01,1.612403553733862405e-01,1.839919352971761679e-01,3.198160787227929402e-01,1.380909588834221824e-01,-7.867391971046588939e-02,-4.687957775579089659e-01,2.968318117645504239e-01,1.381225665608986908e-01,-1.078869242070784051e-01,-2.685266013821845377e-01,-4.073437188345120918e-01,2.594255953655624225e-01,-9.185710674492314487e-02,1.560483593735856322e-01,-2.319728780113704258e-01,3.992459080448423347e-01,-4.088890832300061673e-01,-2.550533147803817902e-01,1.939659659585184215e-01,-5.657760459749886124e-03,-1.064601576397362914e-01,1.347115603383793880e-01,2.701464176837913289e-01,7.289692617284345699e-01,-2.585075756647181588e-01,1.000000000000000000e+00,-1.100996579541858172e-02,4.911483145944115503e-01,-9.021727015966386765e-02,-2.454901498439598095e-01,1.743593715757903173e-01,4.041186192004974087e-01,-1.268480057582284659e-01,1.304698487665012230e-01,-1.926052580236887746e-01,5.644214050974554198e-01,-2.666360487485074371e-01
3.908382739245029325e-01,5.627411682332306153e-01,5.383170536858078448e-01,-7.083241854400577084e-04,3.423291150746745060e-01,6.638410781436616948e-02,4.603337263016268333e-01,5.959596921877010622e-01,5.133093139192272947e-01,7.105000453810228489e-01,8.903945427762726128e-01,7.595438226994529751e-01,6.401314472265399180e-01,6.374323854449777116e-01,8.097094608442494401e-01,7.276105995310225838e-01,8.030080450769701006e-01,-4.082258776097344999e-01,7.255991036411446604e-01,8.113688713468749647e-01,-2.136366613687043226e-01,5.919729401110049860e-01,8.249125404112516158e-01,7.137392913765699953e-01,6.118287130606157032e-01,-1.818137863002116106e-01,7.367497277780684639e-01,-1.100996579541858172e-02,1.000000000000000000e+00,2.187557478764711738e-01,6.593379742286334944e-01,8.332480293171274921e-01,6.223658702634332629e-01,6.204549479305877802e-02,7.359267337616511861e-01,5.491472427344022966e-01,8.311704231890670869e-01,-3.402947243670700894e-01,7.042561747478615075e-01
8.030849470328248474e-01,6.510466435361534909e-01,4.571381722299549394e-02,3.948191769047373900e-02,4.117860915158771395e-01,8.103345941212282411e-02,-6.499103463590115426e-02,-3.476337409147050583e-01,6.130609860718699844e-01,5.562148285557759753e-01,4.765345768799696818e-02,-1.279991353778988095e-01,-3.215796809482228680e-01,5.426865670376350703e-01,4.281646709158743597e-02,5.443300107243439490e-01,-1.184667620621287221e-01,3.796870026032735934e-01,-2.418647168799898384e-01,1.380219475266153926e-02,-1.303688493284424210e-01,-3.654828493560646503e-03,2.949840887729716088e-01,4.092431156406284298e-01,6.907515539437302232e-01,6.609096166015318019e-01,-1.305675520995717986e-01,4.911483145944115503e-01,2.187557478764711738e-01,1.000000000000000000e+00,-1.316969780942125745e-01,-1.263897949319326974e-01,7.316992699391269839e-02,4.203779487284172722e-01,-3.722542202144537432e-02,3.312941653013429244e-01,-9.762919528873469088e-02,5.966954840011168271e-01,-2.771368083564131404e-02
7.451583803423265928e-02,3.449875637739923118e-01,7.823987338058223662e-01,1.184505437857442424e-02,4.440316172903397418e-01,-2.654538756003700373e-01,7.019413691039874115e-01,5.119907108782515426e-01,3.735583147105326352e-01,4.153501776967782888e-01,7.580915156274373734e-01,8.219376053678522087e-01,5.349433268306401645e-01,4.129528254588073488e-01,7.102397830102413767e-01,4.481464668559937414e-01,7.512893951520380753e-01,-5.973233448402441859e-01,7.341586459516854513e-01,5.965766292235044066e-01,1.602328079884689227e-01,5.805751517891374336e-01,6.516593248460027521e-01,4.747104469302226293e-01,2.031268098309106929e-01,-4.161356118700018647e-01,8.749450758532590910e-01,-9.021727015966386765e-02,6.593379742286334944e-01,-1.316969780942125745e-01,1.000000000000000000e+00,8.003045717850608698e-01,4.742025712917380398e-01,2.435329926295777270e-01,5.475698630336727213e-01,5.086487467172915444e-01,7.093355391484637007e-01,-5.163468498540458862e-01,8.426141563952611602e-01
8.270352897417995730e-02,3.963442653285852435e-01,5.913954561789700470e-01,-3.658589849865885590e-02,2.071220938810605372e-01,-7.569030082316720309e-02,6.048526510142113732e-01,7.127329175425977104e-01,3.151678100544082484e-01,5.128808114545948538e-01,8.914026822075433731e-01,8.463685475790865276e-01,7.655518803759734370e-01,4.324120108201255364e-01,7.996750781549459841e-01,5.322108886414044226e-01,9.054764833290793735e-01,-5.889690272737271304e-01,8.372209585657779396e-01,7.929565053031182309e-01,-4.697739026156035058e-02,6.607497194966777121e-01,7.678819825313886183e-01,5.885327284514356716e-01,3.088120573992457762e-01,-5.084447990810724294e-01,8.872791430491199227e-01,-2.454901498439598095e-01,8.332480293171274921e-01,-1.263897949319326974e-01,8.003045717850608698e-01,1.000000000000000000e+00,4.867106481941793628e-01,-8.934564296285872620e-02,7.694088968148631302e-01,4.446421575303024509e-01,9.150907909072332203e-01,-6.163066222972261032e-01,8.156311820073746111e-01
2.607250566051822482e-01,3.227330613580160490e-01,4.055912895696671128e-01,-1.041240111662749546e-01,2.820360436534944393e-01,1.787299178532145982e-01,8.495304121541423503e-02,3.785310641351158911e-01,4.059678041658710268e-01,4.208928144053845077e-01,5.283709009043123794e-01,4.682113833316745577e-01,2.876642768881274570e-01,5.055600405677871390e-01,5.301231601981324371e-01,4.868480697146376768e-01,4.272590988159857273e-01,-2.520305312210707194e-01,4.419113725820567051e-01,4.531342458022099562e-01,-3.664146987393818167e-01,3.208895700521556260e-01,5.251869024869073588e-01,4.578481824913195330e-01,4.000124460719789998e-01,4.680683485694518003e-02,4.904652531931318893e-01,1.743593715757903173e-01,6.223658702634332629e-01,7.316992699391269839e-02,4.742025712917380398e-01,4.867106481941793628e-01,1.000000000000000000e+00,2.813083948490632813e-01,3.805790554941669845e-01,5.809585430722786770e-01,4.645789623812777713e-01,-9.704595093072576617e-02,4.518819103468502685e-01
3.669864874373934827e-01,3.753217478784536265e-01,4.090730456976106599e-01,4.130142704588420782e-02,7.468909795887215264e-01,-2.233229335779737257e-01,3.590550624489864673e-02,-3.123976742414099061e-01,6.760004414572190479e-01,3.406436886364133665e-01,3.348194739891464933e-02,1.711192000492592347e-01,-2.606210370427847201e-01,5.436949757428288788e-01,1.965106648777512899e-01,3.651381751913547746e-01,-1.227090018910461516e-01,2.023750205237376254e-01,-6.751566176131480745e-02,-3.694845866414223773e-02,2.175194176554627601e-02,-5.924834970432956566e-02,2.033314861744564273e-01,2.377188688649913006e-01,3.627254392736748989e-01,3.980617099700407002e-01,7.253704978731796704e-02,4.041186192004974087e-01,6.204549479305877802e-02,4.203779487284172722e-01,2.435329926295777270e-01,-8.934564296285872620e-02,2.813083948490632813e-01,1.000000000000000000e+00,-1.655249046470920193e-01,4.270857530310728234e-01,-1.493281575923187388e-01,4.006511309475340177e-01,2.419794044980654868e-01
6.824830786040121666e-02,3.124154224105120670e-01,2.990927449793713833e-01,3.328220471749019499e-02,1.017577404226929910e-01,1.871460609927270979e-01,4.848853269454402315e-01,5.898440181403207250e-01,2.179933280974868381e-01,5.324401190525462901e-01,7.729911920337938502e-01,6.385934415682908982e-01,6.212898299257574308e-01,4.263532042658182974e-01,6.399514292855427167e-01,5.173730300498796675e-01,8.114015010345749790e-01,-4.502162178108681800e-01,5.975895305973168981e-01,7.105910768143985923e-01,-1.577555945737811050e-01,5.258983081663941572e-01,6.003336642255491240e-01,5.959414092092502058e-01,3.655280363872799865e-01,-3.656953371864633540e-01,6.105946583638360847e-01,-1.268480057582284659e-01,7.359267337616511861e-01,-3.722542202144537432e-02,5.475698630336727213e-01,7.694088968148631302e-01,3.805790554941669845e-01,-1.655249046470920193e-01,1.000000000000000000e+00,3.508715541601840071e-01,8.559561132946246209e-01,-4.655544378630786517e-01,5.435038139316807904e-01
4.907454993651940156e-01,6.505248100945186795e-01,4.874164673241038748e-01,2.362577618758454623e-02,4.574555089917121675e-01,-1.123450299512562534e-01,3.461859420353225469e-01,1.981716408516392136e-01,5.553933653314689911e-01,6.551707590491543387e-01,4.856270169528973946e-01,5.102955759027311133e-01,2.618819890472773859e-01,5.677245110337535428e-01,5.219203752269329089e-01,7.234938532989850790e-01,3.785682984316000033e-01,-3.207701305145320703e-01,3.453709569395491119e-01,4.349258437490102769e-01,-2.301948853778031379e-01,3.774329220062888068e-01,6.427846761463769099e-01,4.534011959440881201e-01,5.459139291075758571e-01,4.417088982345452469e-02,5.395044206527155328e-01,1.304698487665012230e-01,5.491472427344022966e-01,3.312941653013429244e-01,5.086487467172915444e-01,4.446421575303024509e-01,5.809585430722786770e-01,4.270857530310728234e-01,3.508715541601840071e-01,1.000000000000000000e+00,4.250732793462906334e-01,-1.456885339273091343e-02,5.802092927808273348e-01
9.437595056434390506e-02,3.649829125326606860e-01,4.813813719047347894e-01,-2.634233574118146140e-02,1.722563430056595069e-01,5.093936477573572652e-02,5.774579384179336916e-01,6.766369561612800565e-01,2.669372890130453646e-01,5.460009976162714107e-01,8.819660505197274292e-01,7.806629782950723628e-01,7.455318131765523715e-01,4.577533140357342156e-01,7.638407830438348478e-01,5.565391897039706492e-01,8.984235151919852669e-01,-5.794980452592055631e-01,7.615392943105201429e-01,8.002935953783177903e-01,-1.103874825415539773e-01,6.265818934403238893e-01,7.278174403657697855e-01,6.047500792222901822e-01,3.714394107731829320e-01,-4.730496203704662728e-01,7.918602535413516996e-01,-1.926052580236887746e-01,8.311704231890670869e-01,-9.762919528873469088e-02,7.093355391484637007e-01,9.150907909072332203e-01,4.645789623812777713e-01,-1.493281575923187388e-01,8.559561132946246209e-01,4.250732793462906334e-01,1.000000000000000000e+00,-5.973959444642604755e-01,7.155323679923699665e-01
3.725949452338659373e-01,1.045938036009070732e-01,-2.974549230423797486e-01,3.562540060208706921e-02,1.603897604748133754e-01,2.026403360533472198e-01,-4.204018015416858267e-01,-6.480300563323673213e-01,2.715673080858393429e-01,5.023120197376314787e-03,-4.628803194607270521e-01,-5.671020641611578261e-01,-6.643034366319831019e-01,1.399065839208993578e-01,-3.864710007031237349e-01,5.573663867253678995e-03,-5.674296656532676897e-01,6.378200164205150013e-01,-6.722689488913737854e-01,-4.821545936076830352e-01,-7.124112281447417261e-02,-3.987117181838151780e-01,-3.077208704390639316e-01,-3.421498422697177161e-02,2.001443068493746480e-01,8.117411841766561942e-01,-5.772280960892014479e-01,5.644214050974554198e-01,-3.402947243670700894e-01,5.966954840011168271e-01,-5.163468498540458862e-01,-6.163066222972261032e-01,-9.704595093072576617e-02,4.006511309475340177e-01,-4.655544378630786517e-01,-1.456885339273091343e-02,-5.973959444642604755e-01,1.000000000000000000e+00,-4.697021197286735394e-01
1.346850070033530078e-01,4.905247073541286751e-01,7.123355239945301509e-01,-8.373334441641466785e-02,4.350240352752613449e-01,-3.622524431806486978e-01,6.180635688427392749e-01,5.941009475910545845e-01,4.938076075712274360e-01,5.312030648381154130e-01,7.746322976603144950e-01,8.847392749028175629e-01,6.495141152793030281e-01,4.690934404895790166e-01,7.867399634585929835e-01,5.700316954260760127e-01,7.225210809215257823e-01,-5.244935140316024924e-01,7.908401592180684947e-01,6.875089208076262670e-01,-3.053184693710252889e-02,6.448528923986650563e-01,7.486143993338829628e-01,5.068346209442636807e-01,3.146462017020938973e-01,-4.842414348109927436e-01,8.975000594599327197e-01,-2.666360487485074371e-01,7.042561747478615075e-01,-2.771368083564131404e-02,8.426141563952611602e-01,8.156311820073746111e-01,4.518819103468502685e-01,2.419794044980654868e-01,5.435038139316807904e-01,5.802092927808273348e-01,7.155323679923699665e-01,-4.697021197286735394e-01,1.000000000000000000e+00
