1.000000000000000000e+00,7.698366235661784351e-01,4.865466954311966075e-01,1.787837812857758120e-03,5.190444519989719785e-01,-7.934464686024825242e-02,-1.934655897709284811e-01,-4.989064482762123887e-01,7.026041314549011929e-01,7.110797378094337873e-01,-1.171012508953029295e-02,2.431001628076129850e-01,-1.443677257804495684e-01,4.287883002318328973e-01,2.150681407955691571e-01,6.082017131458216097e-01,9.793362829050641927e-02,-1.050291871488166912e-01,9.971735714047438859e-02,1.680720793641825306e-01,2.991425089026917283e-01,3.272764697726545657e-01,6.331439592500921476e-01,3.729368125525123201e-01,4.552590763202594148e-01,6.497622158668574510e-01,3.648504917187633811e-01,1.833633113044744190e-01,4.736950447217851412e-01,7.628408833469919603e-01,6.110563615300613760e-01,4.006377714139329194e-01,4.425529016901118551e-01,5.882648245100093876e-01,1.997553050064014013e-01,4.217535656377037756e-01,4.647691856968066970e-01,4.600743687349699296e-01,5.712683303892801545e-01
7.698366235661784351e-01,1.000000000000000000e+00,3.643600199420121144e-01,1.271623702681866364e-01,3.876056211381017080e-01,-2.347350928586825758e-01,-9.535799936891718731e-02,-3.861155859232854870e-01,5.982869898445011270e-01,7.475168741939048900e-01,-1.463265967760336017e-01,3.343897278722871569e-01,-3.227459556339397073e-01,3.510568829643863631e-01,1.812118849715261548e-01,6.673117833283093159e-01,-1.073157578553481650e-01,-6.512095253521289762e-02,1.137996536268121167e-01,1.869128119757891560e-01,2.672660022333885332e-01,4.086458624936917250e-01,5.385460513498210311e-01,2.986275015104186692e-01,3.714076130562420919e-01,4.646119843756127410e-01,3.509121412286300146e-01,-4.745688294558742665e-02,4.309297335188776445e-01,6.668259428811895706e-01,5.977263104348204958e-01,4.409290382307705647e-01,2.542103829671387150e-01,4.505396067504631175e-01,1.315855951246546196e-01,4.681059288095774651e-01,3.411871022984024893e-01,3.484559660727179486e-01,5.970484111393618010e-01
4.865466954311966075e-01,3.643600199420121144e-01,1.000000000000000000e+00,1.526100717543386887e-02,8.050250819121541612e-01,7.991552933487108823e-02,-2.522550928192674458e-01,-9.095517141544593454e-01,6.509637161088832613e-01,4.869797056505105193e-01,1.711004221709676032e-01,2.536528038812131958e-01,-7.517023022495646079e-02,4.965038651957240923e-01,2.142600264024183132e-01,3.364998247196735459e-01,2.208533610861427854e-01,1.508013874607183058e-01,2.735570996693538204e-01,2.630600350729351833e-01,5.735218401865186388e-01,5.075115491145330004e-01,3.083740035823233083e-01,3.012011288427534628e-01,2.982821383053675390e-01,4.874572692603818536e-01,3.144548723094975351e-01,3.340450160690703885e-01,3.036379171047784431e-01,4.528225821189817424e-01,4.975366982613407263e-01,2.851781564816336378e-01,6.896020523574901695e-01,5.574175885622659754e-01,2.720080385158918923e-01,2.759337711290019146e-01,4.083609162636756551e-01,4.442759936243459440e-01,4.666501848568835875e-01
1.787837812857758120e-03,1.271623702681866364e-01,1.526100717543386887e-02,1.000000000000000000e+00,1.152799719525928190e-01,-3.175692645405781556e-01,1.867860607955958985e-01,5.375316403171396216e-03,2.313354392792539016e-01,6.673866083389379256e-02,-1.137492217425595392e-01,4.196181880604181735e-01,-3.131244689362167044e-01,1.938893228174111416e-01,3.322010040392540109e-01,1.676057953938271117e-01,-2.591879479587122156e-02,2.563449138047180775e-01,2.141199080297493396e-01,-2.104684021910147862e-01,-1.968246665971462583e-01,1.231517943014109051e-01,5.272592930472967676e-02,7.704241787128461583e-02,7.938801616585131060e-02,1.726384685627609106e-01,2.562069378326805036e-01,-3.365259165680818398e-01,1.692814554394042326e-01,7.889781527515307702e-02,1.066609721518883974e-01,3.176897769623194256e-01,-6.080274150794016258e-02,2.247986022095648795e-01,5.259658461655017381e-02,1.122063071673180257e-01,-1.178291047882321779e-02,1.754933548490684447e-01,3.248434070310136645e-01
5.190444519989719785e-01,3.876056211381017080e-01,8.050250819121541612e-01,1.152799719525928190e-01,1.000000000000000000e+00,3.014735271886849477e-02,-2.451802301836326914e-01,-7.761117971712073738e-01,7.117615132297189229e-01,4.503355879280681040e-01,1.453208057631504568e-01,3.247622273679635074e-01,-8.158462202298075172e-02,5.311178478530801383e-01,2.420828159924223455e-01,3.759987000156589376e-01,2.509864032098774733e-01,1.600152282000583126e-01,2.254798052826417765e-01,1.821073470791074456e-01,4.121911806332103634e-01,4.863125118540872482e-01,3.668278246486676442e-01,3.327288823076937074e-01,3.466594662195334187e-01,5.787723156987922835e-01,3.935066013464746382e-01,2.238528486857824518e-01,3.837866670344108888e-01,4.386774188229623506e-01,4.444279755506692631e-01,3.558238536960334764e-01,6.519127894848101290e-01,6.249788785861409846e-01,2.076185735335094040e-01,3.213548654993462761e-01,3.556775528927623720e-01,5.535670147087636828e-01,5.556441655851194206e-01
-7.934464686024825242e-02,-2.347350928586825758e-01,7.991552933487108823e-02,-3.175692645405781556e-01,3.014735271886849477e-02,1.000000000000000000e+00,-1.138453465886558880e-01,-3.143246856432023451e-02,-9.433305597452786018e-02,-1.503492197359618532e-01,6.024428075824355133e-01,-2.393618962710727383e-01,3.895036488813468090e-01,7.384280116260052984e-02,-1.442728379781619830e-01,-3.072131993032811148e-01,3.210011419990524972e-01,4.901614461508740916e-02,-1.265467366532397331e-01,2.935623795343091785e-02,2.584630405960329780e-01,-4.030333271278271207e-02,5.120450654554025566e-02,3.859720935166349037e-02,1.310244811562422118e-01,2.026555655539185111e-02,-3.736531335969819206e-02,4.604179772621300737e-01,1.138955595263042991e-01,-1.461291939630988412e-01,-8.749393764692658948e-02,-4.356195814660806381e-02,2.022013614400927362e-01,-1.393506152228235484e-01,3.128096820358438612e-01,8.308994953233136971e-02,3.990448017042550477e-01,-8.932080970512032078e-03,-2.257848510112321905e-01
-1.934655897709284811e-01,-9.535799936891718731e-02,-2.522550928192674458e-01,1.867860607955958985e-01,-2.451802301836326914e-01,-1.138453465886558880e-01,1.000000000000000000e+00,2.547718920721135372e-01,-2.326163259007729134e-01,-1.587935209588106633e-01,6.275226135936169507e-03,-1.649360697548605537e-01,-3.530884161231404028e-02,-2.483820347116177663e-01,-1.106379096360770586e-01,-1.557578762385528059e-01,-2.165522581884565256e-01,-5.293388108785537088e-02,1.094144114033714366e-01,-1.441856960309773616e-01,-2.542042761972460041e-01,-5.767854017033157560e-02,-2.891405632602890921e-02,-1.883761922995809135e-01,-7.842315763864417255e-02,-2.221677009226052102e-01,-2.257436699118077761e-01,-1.334508865078145867e-01,-1.629656878368400397e-01,-2.352277173964965329e-01,-7.187545214961947593e-02,-8.929302488952403638e-02,-2.582474127749364579e-01,-2.127494645007359797e-01,-2.909293574531609736e-02,-2.811225194206657951e-01,-5.339994555742177268e-02,-2.650723443227989140e-01,-1.997903441030188243e-01
-4.989064482762123887e-01,-3.861155859232854870e-01,-9.095517141544593454e-01,5.375316403171396216e-03,-7.761117971712073738e-01,-3.143246856432023451e-02,2.547718920721135372e-01,1.000000000000000000e+00,-6.414935560641719103e-01,-5.059829953411099090e-01,-1.555885622840914306e-01,-2.228923875718132053e-01,8.180628837437492473e-02,-4.299784435800209637e-01,-1.586605929964771122e-01,-3.514136773078949672e-01,-1.963611276526486260e-01,-9.167756955194443502e-02,-2.545136919684063415e-01,-2.781084012727395582e-01,-5.770352109413182662e-01,-4.676222396538896597e-01,-3.198782392113493911e-01,-2.675017202178884834e-01,-2.973529440761322751e-01,-4.803035392060731601e-01,-3.072256013643009931e-01,-3.241137149130390860e-01,-2.777336459033240557e-01,-4.827242954915484385e-01,-5.219332115345869383e-01,-2.600687913045665600e-01,-6.424612805426800355e-01,-5.201801386373595681e-01,-2.262907388412030429e-01,-2.770627614123382654e-01,-3.731969569588309832e-01,-4.513806879501540692e-01,-4.824311166971039788e-01
7.026041314549011929e-01,5.982869898445011270e-01,6.509637161088832613e-01,2.313354392792539016e-01,7.117615132297189229e-01,-9.433305597452786018e-02,-2.326163259007729134e-01,-6.414935560641719103e-01,1.000000000000000000e+00,6.838146119098716946e-01,2.772785709806845772e-02,3.862462174284743699e-01,-1.123332516999458741e-01,5.376736767703649278e-01,3.715435559457097026e-01,6.017380202468459727e-01,1.338826665321489751e-01,1.963196825367407305e-01,3.730062134807687335e-01,1.482768993281088354e-01,2.557874399562978796e-01,4.643971627920804868e-01,5.824644317650998770e-01,4.458140437130194700e-01,5.173503143479414312e-01,7.204860482142224631e-01,3.717716734864496275e-01,2.392806643362714591e-01,4.296028211521059070e-01,7.401767850971517904e-01,5.536215387818296252e-01,4.171807357814341088e-01,6.015411251366681311e-01,7.540217848527920319e-01,1.599296688719983039e-01,3.367576621713120888e-01,3.802784861611417377e-01,6.774434265919118126e-01,6.992393098300699883e-01
7.110797378094337873e-01,7.475168741939048900e-01,4.869797056505105193e-01,6.673866083389379256e-02,4.503355879280681040e-01,-1.503492197359618532e-01,-1.587935209588106633e-01,-5.059829953411099090e-01,6.838146119098716946e-01,1.000000000000000000e+00,-1.569696424986806171e-01,3.626451019420890431e-01,-3.312668638232835194e-01,4.189834526425300076e-01,2.063108883184644193e-01,8.255601565183334767e-01,-1.069745975634349561e-01,8.365806501432246356e-02,3.649387105679694487e-01,2.847979117674194205e-01,3.911336884498164412e-01,4.860067583822432202e-01,6.652247282022820674e-01,3.919379261998139352e-01,5.553142316139532131e-01,5.218851392673399259e-01,3.073082209986187641e-01,1.040387034929064342e-01,2.733411937835317218e-01,8.001553744380267563e-01,7.308533112984235691e-01,3.607064198012078782e-01,4.520078551186299531e-01,5.596402038408355706e-01,1.315286375686940401e-01,3.338800343895195755e-01,2.837047061329404651e-01,4.218785309908630876e-01,6.366237295116099482e-01
-1.171012508953029295e-02,-1.463265967760336017e-01,1.711004221709676032e-01,-1.137492217425595392e-01,1.453208057631504568e-01,6.024428075824355133e-01,6.275226135936169507e-03,-1.555885622840914306e-01,2.772785709806845772e-02,-1.569696424986806171e-01,1.000000000000000000e+00,-3.130457193670871940e-01,3.714035978285829542e-01,4.286719678077969414e-02,-2.081115555881722090e-01,-3.367556914679714075e-01,5.623158784656147047e-01,-2.228932212226239148e-02,-7.978664527771416048e-02,-7.934087972393133459e-02,2.271017087229358078e-01,-1.245208812869318671e-01,-3.050060018339202650e-02,-4.590087493345827718e-02,-1.116573706996522863e-01,2.804977255578381401e-01,1.643411958172983356e-01,4.861856173166400619e-01,3.783546291713744680e-01,-1.677307267576806649e-01,4.166785432829598484e-02,1.102328472688146599e-01,2.397214626565009055e-01,-1.793366511650126283e-01,4.338450322109192459e-01,6.534734658133085905e-02,4.719368462265934316e-01,2.036891303906754047e-01,-1.609921269585275760e-01
2.431001628076129850e-01,3.343897278722871569e-01,2.536528038812131958e-01,4.196181880604181735e-01,3.247622273679635074e-01,-2.393618962710727383e-01,-1.649360697548605537e-01,-2.228923875718132053e-01,3.862462174284743699e-01,3.626451019420890431e-01,-3.130457193670871940e-01,1.000000000000000000e+00,-6.668000597757722803e-01,6.395596015801788825e-01,6.189444159736087192e-01,5.067204779572329620e-01,2.952884800626581763e-02,6.286686546391663244e-01,3.715925811011632773e-01,1.702288545620048998e-01,1.209449937899072236e-01,5.169827559580588705e-01,1.555918679187388576e-01,3.702794894916250357e-01,2.718040975854207897e-01,3.179749659360467384e-01,6.413768024342373364e-01,-4.849880762234661802e-01,3.647445033786654300e-01,3.155683129381016694e-01,4.324669706554214454e-01,6.691678377190496407e-01,2.600462110167042207e-01,4.665868338493299738e-01,2.904369589145416874e-01,4.297669124727333534e-01,1.822102035337707648e-01,3.011074906327045331e-01,6.530861470328049867e-01
-1.443677257804495684e-01,-3.227459556339397073e-01,-7.517023022495646079e-02,-3.131244689362167044e-01,-8.158462202298075172e-02,3.895036488813468090e-01,-3.530884161231404028e-02,8.180628837437492473e-02,-1.123332516999458741e-01,-3.312668638232835194e-01,3.714035978285829542e-01,-6.668000597757722803e-01,1.000000000000000000e+00,-4.227469908109846575e-01,-3.067561645774478651e-01,-4.726478240845912726e-01,8.723409262954050225e-02,-3.781393301415710284e-01,-2.530571498399802888e-01,-1.019865345772795057e-01,-5.454089611494935402e-02,-3.634509073167767057e-01,-8.487052496728646200e-02,-2.558650145426095701e-01,-7.095374504569353091e-02,-4.912249861655623023e-02,-4.130428910771595796e-01,6.864316566757011628e-01,-1.863183344641085037e-01,-1.861500273251631143e-01,-4.699571289379643746e-01,-4.813404717510029740e-01,-6.936709994396271506e-02,-2.030372305585365911e-01,-2.602490627099942055e-01,-2.438037707677956911e-01,-5.550841931201958013e-02,-4.574985935172977414e-02,-4.308610363952678490e-01
4.287883002318328973e-01,3.510568829643863631e-01,4.965038651957240923e-01,1.938893228174111416e-01,5.311178478530801383e-01,7.384280116260052984e-02,-2.483820347116177663e-01,-4.299784435800209637e-01,5.376736767703649278e-01,4.189834526425300076e-01,4.286719678077969414e-02,6.395596015801788825e-01,-4.227469908109846575e-01,1.000000000000000000e+00,4.740082125755700759e-01,4.661984121910200951e-01,3.387526338016150773e-01,5.332510673762395070e-01,3.621141431936060751e-01,1.046399981785425468e-02,2.513193809474928986e-01,4.066485456884754712e-01,3.580290994695374263e-01,6.549544304290054741e-01,3.818523008733626378e-01,5.077699523522473113e-01,5.657903662398215960e-01,-8.669776809620470537e-02,5.769554355867808626e-01,4.007044420616049929e-01,4.983117340975476983e-01,6.873799642599772719e-01,6.118164086387863909e-01,5.779475631409353165e-01,5.832783491559239142e-01,4.128663217130681407e-01,5.402072985098663738e-01,3.578278676352698584e-01,4.987074465188881534e-01
2.150681407955691571e-01,1.812118849715261548e-01,2.142600264024183132e-01,3.322010040392540109e-01,2.420828159924223455e-01,-1.442728379781619830e-01,-1.106379096360770586e-01,-1.586605929964771122e-01,3.715435559457097026e-01,2.063108883184644193e-01,-2.081115555881722090e-01,6.189444159736087192e-01,-3.067561645774478651e-01,4.740082125755700759e-01,1.000000000000000000e+00,2.723352343481403315e-01,4.285026868088268742e-02,4.133758975051781137e-01,2.708052197901357760e-01,2.478102202595721115e-01,1.612005707412296138e-02,4.244861446716777786e-01,1.542228436024785099e-01,2.922309296029502734e-01,2.122694724196014793e-01,4.229324082144176322e-01,4.672103388777284483e-01,-1.539832542901716228e-01,3.362950792169678849e-01,2.528248256127324511e-01,2.733287865670446792e-01,4.773065614980925297e-01,3.613276081154493946e-01,5.060529029533795686e-01,2.645793609289222581e-01,2.609170645612124417e-01,2.417184720162910416e-01,3.734407956250859195e-01,4.155965403966926375e-01
6.082017131458216097e-01,6.673117833283093159e-01,3.364998247196735459e-01,1.676057953938271117e-01,3.759987000156589376e-01,-3.072131993032811148e-01,-1.557578762385528059e-01,-3.514136773078949672e-01,6.017380202468459727e-01,8.255601565183334767e-01,-3.367556914679714075e-01,5.067204779572329620e-01,-4.726478240845912726e-01,4.661984121910200951e-01,2.723352343481403315e-01,1.000000000000000000e+00,-1.501343144869858592e-01,2.478795405559699461e-01,4.373632599502091933e-01,2.220714143764193904e-01,2.449967258973840267e-01,4.511786034856867800e-01,6.089020398555550218e-01,4.072000128272241781e-01,4.833077499549031653e-01,4.526226871433549626e-01,3.184397754197319519e-01,-1.361585126607466611e-01,2.251426422895568269e-01,7.494116352052944130e-01,6.506561023323836901e-01,3.837932839855390243e-01,3.462539152769756323e-01,4.954229069681265196e-01,6.234595051235292118e-02,3.472223851883387002e-01,1.442442701364941016e-01,4.209095326206375720e-01,6.399653643910095946e-01
9.793362829050641927e-02,-1.073157578553481650e-01,2.208533610861427854e-01,-2.591879479587122156e-02,2.509864032098774733e-01,3.210011419990524972e-01,-2.165522581884565256e-01,-1.963611276526486260e-01,1.338826665321489751e-01,-1.069745975634349561e-01,5.623158784656147047e-01,2.952884800626581763e-02,8.723409262954050225e-02,3.387526338016150773e-01,4.285026868088268742e-02,-1.501343144869858592e-01,1.000000000000000000e+00,1.976084440941909826e-01,-4.733084458592801136e-02,-3.871562887999593222e-02,2.115349352286498563e-01,3.381953659300886064e-03,-1.063096647253538446e-01,1.883083173987089576e-01,-7.875941101147350409e-02,4.339910533357889122e-01,4.067538470988302790e-01,2.638513299351908925e-01,4.735626228401915161e-01,-7.510877786694417947e-03,1.717824983522603377e-01,3.148492323879857890e-01,2.814544178267426311e-01,1.214161076155051699e-01,4.012052798590035052e-01,1.739243125093390407e-01,3.651738703082522686e-01,2.509797976637938022e-01,-4.163284287991934202e-02
-1.050291871488166912e-01,-6.512095253521289762e-02,1.508013874607183058e-01,2.563449138047180775e-01,1.600152282000583126e-01,4.901614461508740916e-02,-5.293388108785537088e-02,-9.167756955194443502e-02,1.963196825367407305e-01,8.365806501432246356e-02,-2.228932212226239148e-02,6.286686546391663244e-01,-3.781393301415710284e-01,5.332510673762395070e-01,4.133758975051781137e-01,2.478795405559699461e-01,1.976084440941909826e-01,1.000000000000000000e+00,5.357122993325263982e-01,9.975080762856922134e-02,9.622629101383147268e-03,2.877972645237417693e-01,-5.634115417298762862e-02,2.498135722889124055e-01,1.026170019438814585e-01,2.207524478242416377e-01,4.097777779224671679e-01,-2.250072921130069070e-01,2.448864166577355839e-01,7.586776707256083496e-02,2.210693561861274414e-01,4.437228526998783229e-01,2.228266227794874210e-01,1.543306411406506762e-01,3.267385287933137206e-01,2.360736326256852313e-01,1.031631288757091369e-01,2.549745502485770143e-01,2.661494869366514693e-01
9.971735714047438859e-02,1.137996536268121167e-01,2.735570996693538204e-01,2.141199080297493396e-01,2.254798052826417765e-01,-1.265467366532397331e-01,1.094144114033714366e-01,-2.545136919684063415e-01,3.730062134807687335e-01,3.649387105679694487e-01,-7.978664527771416048e-02,3.715925811011632773e-01,-2.530571498399802888e-01,3.621141431936060751e-01,2.708052197901357760e-01,4.373632599502091933e-01,-4.733084458592801136e-02,5.357122993325263982e-01,1.000000000000000000e+00,1.896510029872196940e-02,8.116559862535802083e-02,1.872953959577204341e-01,2.757309227465036816e-01,3.403443803877098661e-01,3.561092765187850451e-01,2.588161739270755657e-01,1.208217066838907783e-01,5.437340363775802765e-02,3.523446908750327289e-02,2.779099509865871620e-01,4.650487427198845003e-01,2.273756828200896030e-01,2.845064427980589783e-01,2.509600795948206953e-01,1.811109991648442996e-01,-4.933109584575204321e-02,1.793593306759188322e-01,2.510745123485600971e-01,4.184961020398015319e-01
1.680720793641825306e-01,1.869128119757891560e-01,2.630600350729351833e-01,-2.104684021910147862e-01,1.821073470791074456e-01,2.935623795343091785e-02,-1.441856960309773616e-01,-2.781084012727395582e-01,1.482768993281088354e-01,2.847979117674194205e-01,-7.934087972393133459e-02,1.702288545620048998e-01,-1.019865345772795057e-01,1.046399981785425468e-02,2.478102202595721115e-01,2.220714143764193904e-01,-3.871562887999593222e-02,9.975080762856922134e-02,1.896510029872196940e-02,1.000000000000000000e+00,4.976666951379390413e-01,5.108083850048509289e-01,-4.140107630989088572e-02,-5.312854764112331929e-02,6.194848013065509806e-02,1.618854372390381990e-01,2.079911227656975059e-01,1.098501406578866746e-01,9.350974804586000000e-03,2.255561466451803665e-01,2.661398450790682935e-01,7.982480956026268004e-02,2.056149083910750186e-01,1.200842509074738357e-01,-3.301587016942382751e-03,3.149812586999606867e-01,-3.892827522098295245e-02,1.665156629131909760e-01,1.444348108639656736e-01
2.991425089026917283e-01,2.672660022333885332e-01,5.735218401865186388e-01,-1.968246665971462583e-01,4.121911806332103634e-01,2.584630405960329780e-01,-2.542042761972460041e-01,-5.770352109413182662e-01,2.557874399562978796e-01,3.911336884498164412e-01,2.271017087229358078e-01,1.209449937899072236e-01,-5.454089611494935402e-02,2.513193809474928986e-01,1.612005707412296138e-02,2.449967258973840267e-01,2.115349352286498563e-01,9.622629101383147268e-03,8.116559862535802083e-02,4.976666951379390413e-01,1.000000000000000000e+00,4.870832417386098401e-01,1.072552969424016289e-01,1.307019619571354874e-01,1.218032602178286544e-01,2.443609454146962179e-01,2.383238152700174195e-01,3.500782159291750961e-01,1.551402064101422562e-01,2.889614759726371607e-01,4.547643070807707022e-01,1.387186325504640716e-01,4.361871026786684480e-01,2.283871190683491315e-01,2.654109205446334441e-01,3.303490389403847538e-01,3.279101915963986147e-01,1.599114795989863280e-01,2.166077583579846533e-01
3.272764697726545657e-01,4.086458624936917250e-01,5.075115491145330004e-01,1.231517943014109051e-01,4.863125118540872482e-01,-4.030333271278271207e-02,-5.767854017033157560e-02,-4.676222396538896597e-01,4.643971627920804868e-01,4.860067583822432202e-01,-1.245208812869318671e-01,5.169827559580588705e-01,-3.634509073167767057e-01,4.066485456884754712e-01,4.244861446716777786e-01,4.511786034856867800e-01,3.381953659300886064e-03,2.877972645237417693e-01,1.872953959577204341e-01,5.108083850048509289e-01,4.870832417386098401e-01,1.000000000000000000e+00,1.928026170149211849e-01,2.052430157639028863e-01,2.556164145050064951e-01,2.768404068683765762e-01,3.231543939212674910e-01,-1.189365298863612197e-01,1.841033259752664630e-01,3.900464539795415742e-01,4.271835815035337491e-01,3.617868711703447482e-01,3.959619613635793067e-01,5.256332760332896870e-01,1.530114248167781799e-01,3.140288390087506709e-01,1.773794672237623549e-01,2.664676915121417800e-01,4.656050253202422828e-01
6.331439592500921476e-01,5.385460513498210311e-01,3.083740035823233083e-01,5.272592930472967676e-02,3.668278246486676442e-01,5.120450654554025566e-02,-2.891405632602890921e-02,-3.198782392113493911e-01,5.824644317650998770e-01,6.652247282022820674e-01,-3.050060018339202650e-02,1.555918679187388576e-01,-8.487052496728646200e-02,3.580290994695374263e-01,1.542228436024785099e-01,6.089020398555550218e-01,-1.063096647253538446e-01,-5.634115417298762862e-02,2.757309227465036816e-01,-4.140107630989088572e-02,1.072552969424016289e-01,1.928026170149211849e-01,1.000000000000000000e+00,4.740790978844194870e-01,6.991368090825534898e-01,4.646493421480487052e-01,1.038903708486560024e-01,1.583400397785995062e-01,2.565449586173518814e-01,6.686914889535913176e-01,4.754375449204286119e-01,2.530954713175426751e-01,4.312676401748787303e-01,4.715671519225584363e-01,1.312914834166725719e-01,1.447758064920717236e-01,3.740578953382420746e-01,4.168268466111021420e-01,4.922399956890874950e-01
3.729368125525123201e-01,2.986275015104186692e-01,3.012011288427534628e-01,7.704241787128461583e-02,3.327288823076937074e-01,3.859720935166349037e-02,-1.883761922995809135e-01,-2.675017202178884834e-01,4.458140437130194700e-01,3.919379261998139352e-01,-4.590087493345827718e-02,3.702794894916250357e-01,-2.558650145426095701e-01,6.549544304290054741e-01,2.922309296029502734e-01,4.072000128272241781e-01,1.883083173987089576e-01,2.498135722889124055e-01,3.403443803877098661e-01,-5.312854764112331929e-02,1.307019619571354874e-01,2.052430157639028863e-01,4.740790978844194870e-01,1.000000000000000000e+00,5.337748938099660112e-01,3.147758506588527738e-01,1.964718557442957925e-01,2.091362490430540011e-02,2.906873594492621615e-01,3.492486454148412411e-01,3.820218732675523254e-01,3.893985510832000396e-01,4.892510533491852831e-01,4.863174488428047004e-01,3.680601122687611193e-01,9.150890701470913713e-02,4.347252660222040710e-01,1.579942136390951601e-01,3.220138918862001098e-01
4.552590763202594148e-01,3.714076130562420919e-01,2.982821383053675390e-01,7.938801616585131060e-02,3.466594662195334187e-01,1.310244811562422118e-01,-7.842315763864417255e-02,-2.973529440761322751e-01,5.173503143479414312e-01,5.553142316139532131e-01,-1.116573706996522863e-01,2.718040975854207897e-01,-7.095374504569353091e-02,3.818523008733626378e-01,2.122694724196014793e-01,4.833077499549031653e-01,-7.875941101147350409e-02,1.026170019438814585e-01,3.561092765187850451e-01,6.194848013065509806e-02,1.218032602178286544e-01,2.556164145050064951e-01,6.991368090825534898e-01,5.337748938099660112e-01,1.000000000000000000e+00,3.449079903598690766e-01,9.159183874417134441e-02,1.611971559877797833e-01,8.072307852025628616e-02,5.371851139121905927e-01,4.494225844618454091e-01,2.130210131880986291e-01,4.104048411006806507e-01,5.527831531892791750e-01,6.263164387550643197e-02,7.272360781645949290e-02,3.255151247444095230e-01,2.130921114109678993e-01,4.819129622092545029e-01
6.497622158668574510e-01,4.646119843756127410e-01,4.874572692603818536e-01,1.726384685627609106e-01,5.787723156987922835e-01,2.026555655539185111e-02,-2.221677009226052102e-01,-4.803035392060731601e-01,7.204860482142224631e-01,5.218851392673399259e-01,2.804977255578381401e-01,3.179749659360467384e-01,-4.912249861655623023e-02,5.077699523522473113e-01,4.229324082144176322e-01,4.526226871433549626e-01,4.339910533357889122e-01,2.207524478242416377e-01,2.588161739270755657e-01,1.618854372390381990e-01,2.443609454146962179e-01,2.768404068683765762e-01,4.646493421480487052e-01,3.147758506588527738e-01,3.449079903598690766e-01,1.000000000000000000e+00,6.073574202630521723e-01,3.061657547282944369e-01,6.847284382701849248e-01,5.957882525736145629e-01,5.744202554255716242e-01,5.495158432114022329e-01,5.922054107738401463e-01,5.757576398416009988e-01,3.864426246855418579e-01,4.258471898458764393e-01,4.785237883506662793e-01,7.440046238203429363e-01,5.223619363225057155e-01
3.648504917187633811e-01,3.509121412286300146e-01,3.144548723094975351e-01,2.562069378326805036e-01,3.935066013464746382e-01,-3.736531335969819206e-02,-2.257436699118077761e-01,-3.072256013643009931e-01,3.717716734864496275e-01,3.073082209986187641e-01,1.643411958172983356e-01,6.413768024342373364e-01,-4.130428910771595796e-01,5.657903662398215960e-01,4.672103388777284483e-01,3.184397754197319519e-01,4.067538470988302790e-01,4.097777779224671679e-01,1.208217066838907783e-01,2.079911227656975059e-01,2.383238152700174195e-01,3.231543939212674910e-01,1.038903708486560024e-01,1.964718557442957925e-01,9.159183874417134441e-02,6.073574202630521723e-01,1.000000000000000000e+00,-1.826460724533602031e-01,7.206591932298404002e-01,2.718937265168360762e-01,4.904253063610191643e-01,8.104682817892867597e-01,3.337761921146918942e-01,3.194548678556625720e-01,5.331905472346781805e-01,6.248049815149471220e-01,3.974462917229545367e-01,4.437264008958418660e-01,5.205862753565966283e-01
1.833633113044744190e-01,-4.745688294558742665e-02,3.340450160690703885e-01,-3.365259165680818398e-01,2.238528486857824518e-01,4.604179772621300737e-01,-1.334508865078145867e-01,-3.241137149130390860e-01,2.392806643362714591e-01,1.040387034929064342e-01,4.861856173166400619e-01,-4.849880762234661802e-01,6.864316566757011628e-01,-8.669776809620470537e-02,-1.539832542901716228e-01,-1.361585126607466611e-01,2.638513299351908925e-01,-2.250072921130069070e-01,5.437340363775802765e-02,1.098501406578866746e-01,3.500782159291750961e-01,-1.189365298863612197e-01,1.583400397785995062e-01,2.091362490430540011e-02,1.611971559877797833e-01,3.061657547282944369e-01,-1.826460724533602031e-01,1.000000000000000000e+00,1.252985363539270772e-02,1.744971126916340098e-01,8.067557044397613564e-02,-2.731535701928706761e-01,3.438063965324812399e-01,1.123427928099879763e-01,4.224975315727647063e-02,-8.302968697009693866e-02,2.743518854818386976e-01,1.818895503209173869e-01,-1.668250583687570787e-01
4.736950447217851412e-01,4.309297335188776445e-01,3.036379171047784431e-01,1.692814554394042326e-01,3.837866670344108888e-01,1.138955595263042991e-01,-1.629656878368400397e-01,-2.777336459033240557e-01,4.296028211521059070e-01,2.733411937835317218e-01,3.783546291713744680e-01,3.647445033786654300e-01,-1.863183344641085037e-01,5.769554355867808626e-01,3.362950792169678849e-01,2.251426422895568269e-01,4.735626228401915161e-01,2.448864166577355839e-01,3.523446908750327289e-02,9.350974804586000000e-03,1.551402064101422562e-01,1.841033259752664630e-01,2.565449586173518814e-01,2.906873594492621615e-01,8.072307852025628616e-02,6.847284382701849248e-01,7.206591932298404002e-01,1.252985363539270772e-02,1.000000000000000000e+00,2.672448119519578169e-01,3.736673047562202865e-01,7.662829978700003153e-01,4.327823405716092475e-01,2.832390489506901310e-01,6.381140587057742009e-01,5.538341342092804043e-01,5.938169286595055274e-01,5.100544369102019138e-01,3.559202143482734781e-01
7.628408833469919603e-01,6.668259428811895706e-01,4.528225821189817424e-01,7.889781527515307702e-02,4.386774188229623506e-01,-1.461291939630988412e-01,-2.352277173964965329e-01,-4.827242954915484385e-01,7.401767850971517904e-01,8.001553744380267563e-01,-1.677307267576806649e-01,3.155683129381016694e-01,-1.861500273251631143e-01,4.007044420616049929e-01,2.528248256127324511e-01,7.494116352052944130e-01,-7.510877786694417947e-03,7.586776707256083496e-02,2.779099509865871620e-01,2.255561466451803665e-01,2.889614759726371607e-01,3.900464539795415742e-01,6.686914889535913176e-01,3.492486454148412411e-01,5.371851139121905927e-01,5.957882525736145629e-01,2.718937265168360762e-01,1.744971126916340098e-01,2.672448119519578169e-01,1.000000000000000000e+00,6.094413386470922678e-01,3.005930433792832757e-01,4.266531036606772687e-01,6.269784384212552242e-01,2.698432515114308067e-02,3.509726621854561968e-01,2.415346153130253914e-01,5.226436654622661493e-01,6.042547277885375046e-01
6.110563615300613760e-01,5.977263104348204958e-01,4.975366982613407263e-01,1.066609721518883974e-01,4.444279755506692631e-01,-8.749393764692658948e-02,-7.187545214961947593e-02,-5.219332115345869383e-01,5.536215387818296252e-01,7.308533112984235691e-01,4.166785432829598484e-02,4.324669706554214454e-01,-4.699571289379643746e-01,4.983117340975476983e-01,2.733287865670446792e-01,6.506561023323836901e-01,1.717824983522603377e-01,2.210693561861274414e-01,4.650487427198845003e-01,2.661398450790682935e-01,4.547643070807707022e-01,4.271835815035337491e-01,4.754375449204286119e-01,3.820218732675523254e-01,4.494225844618454091e-01,5.744202554255716242e-01,4.904253063610191643e-01,8.067557044397613564e-02,3.736673047562202865e-01,6.094413386470922678e-01,1.000000000000000000e+00,4.955748485423604466e-01,4.624384542064053361e-01,4.752186817696671395e-01,3.757920166686914976e-01,3.315996397252469752e-01,4.677963069192659362e-01,3.498170307064574769e-01,5.932102407145083411e-01
4.006377714139329194e-01,4.409290382307705647e-01,2.851781564816336378e-01,3.176897769623194256e-01,3.558238536960334764e-01,-4.356195814660806381e-02,-8.929302488952403638e-02,-2.600687913045665600e-01,4.171807357814341088e-01,3.607064198012078782e-01,1.102328472688146599e-01,6.691678377190496407e-01,-4.813404717510029740e-01,6.873799642599772719e-01,4.773065614980925297e-01,3.837932839855390243e-01,3.148492323879857890e-01,4.437228526998783229e-01,2.273756828200896030e-01,7.982480956026268004e-02,1.387186325504640716e-01,3.617868711703447482e-01,2.530954713175426751e-01,3.893985510832000396e-01,2.130210131880986291e-01,5.495158432114022329e-01,8.104682817892867597e-01,-2.731535701928706761e-01,7.662829978700003153e-01,3.005930433792832757e-01,4.955748485423604466e-01,1.000000000000000000e+00,3.750382702946123414e-01,3.712247441288131777e-01,6.222526688827111352e-01,5.496458910843866619e-01,5.315105420745660503e-01,3.674623008173161232e-01,5.257991517943013671e-01
4.425529016901118551e-01,2.542103829671387150e-01,6.896020523574901695e-01,-6.080274150794016258e-02,6.519127894848101290e-01,2.022013614400927362e-01,-2.582474127749364579e-01,-6.424612805426800355e-01,6.015411251366681311e-01,4.520078551186299531e-01,2.397214626565009055e-01,2.600462110167042207e-01,-6.936709994396271506e-02,6.118164086387863909e-01,3.613276081154493946e-01,3.462539152769756323e-01,2.814544178267426311e-01,2.228266227794874210e-01,2.845064427980589783e-01,2.056149083910750186e-01,4.361871026786684480e-01,3.959619613635793067e-01,4.312676401748787303e-01,4.892510533491852831e-01,4.104048411006806507e-01,5.922054107738401463e-01,3.337761921146918942e-01,3.438063965324812399e-01,4.327823405716092475e-01,4.266531036606772687e-01,4.624384542064053361e-01,3.750382702946123414e-01,1.000000000000000000e+00,5.814927525901063543e-01,4.374704101283328206e-01,1.822429122784859357e-01,5.104989612382038189e-01,5.133860274980504013e-01,3.384982924068604682e-01
5.882648245100093876e-01,4.505396067504631175e-01,5.574175885622659754e-01,2.247986022095648795e-01,6.249788785861409846e-01,-1.393506152228235484e-01,-2.127494645007359797e-01,-5.201801386373595681e-01,7.540217848527920319e-01,5.596402038408355706e-01,-1.793366511650126283e-01,4.665868338493299738e-01,-2.030372305585365911e-01,5.779475631409353165e-01,5.060529029533795686e-01,4.954229069681265196e-01,1.214161076155051699e-01,1.543306411406506762e-01,2.509600795948206953e-01,1.200842509074738357e-01,2.283871190683491315e-01,5.256332760332896870e-01,4.715671519225584363e-01,4.863174488428047004e-01,5.527831531892791750e-01,5.757576398416009988e-01,3.194548678556625720e-01,1.123427928099879763e-01,2.832390489506901310e-01,6.269784384212552242e-01,4.752186817696671395e-01,3.712247441288131777e-01,5.814927525901063543e-01,1.000000000000000000e+00,1.200819981008022647e-01,1.747411099737524454e-01,3.285385372348152977e-01,4.389744654666634105e-01,5.982222826178014152e-01
1.997553050064014013e-01,1.315855951246546196e-01,2.720080385158918923e-01,5.259658461655017381e-02,2.076185735335094040e-01,3.128096820358438612e-01,-2.909293574531609736e-02,-2.262907388412030429e-01,1.599296688719983039e-01,1.315286375686940401e-01,4.338450322109192459e-01,2.904369589145416874e-01,-2.602490627099942055e-01,5.832783491559239142e-01,2.645793609289222581e-01,6.234595051235292118e-02,4.012052798590035052e-01,3.267385287933137206e-01,1.811109991648442996e-01,-3.301587016942382751e-03,2.654109205446334441e-01,1.530114248167781799e-01,1.312914834166725719e-01,3.680601122687611193e-01,6.263164387550643197e-02,3.864426246855418579e-01,5.331905472346781805e-01,4.224975315727647063e-02,6.381140587057742009e-01,2.698432515114308067e-02,3.757920166686914976e-01,6.222526688827111352e-01,4.374704101283328206e-01,1.200819981008022647e-01,1.000000000000000000e+00,2.986259501268157535e-01,7.086906500955002519e-01,1.948499967396846999e-01,1.504040718708430646e-01
4.217535656377037756e-01,4.681059288095774651e-01,2.759337711290019146e-01,1.122063071673180257e-01,3.213548654993462761e-01,8.308994953233136971e-02,-2.811225194206657951e-01,-2.770627614123382654e-01,3.367576621713120888e-01,3.338800343895195755e-01,6.534734658133085905e-02,4.297669124727333534e-01,-2.438037707677956911e-01,4.128663217130681407e-01,2.609170645612124417e-01,3.472223851883387002e-01,1.739243125093390407e-01,2.360736326256852313e-01,-4.933109584575204321e-02,3.149812586999606867e-01,3.303490389403847538e-01,3.140288390087506709e-01,1.447758064920717236e-01,9.150890701470913713e-02,7.272360781645949290e-02,4.258471898458764393e-01,6.248049815149471220e-01,-8.302968697009693866e-02,5.538341342092804043e-01,3.509726621854561968e-01,3.315996397252469752e-01,5.496458910843866619e-01,1.822429122784859357e-01,1.747411099737524454e-01,2.986259501268157535e-01,1.000000000000000000e+00,2.433324231331201182e-01,3.621190060087502438e-01,4.204104469206211281e-01
4.647691856968066970e-01,3.411871022984024893e-01,4.083609162636756551e-01,-1.178291047882321779e-02,3.556775528927623720e-01,3.990448017042550477e-01,-5.339994555742177268e-02,-3.731969569588309832e-01,3.802784861611417377e-01,2.837047061329404651e-01,4.719368462265934316e-01,1.822102035337707648e-01,-5.550841931201958013e-02,5.402072985098663738e-01,2.417184720162910416e-01,1.442442701364941016e-01,3.651738703082522686e-01,1.031631288757091369e-01,1.793593306759188322e-01,-3.892827522098295245e-02,3.279101915963986147e-01,1.773794672237623549e-01,3.740578953382420746e-01,4.347252660222040710e-01,3.255151247444095230e-01,4.785237883506662793e-01,3.974462917229545367e-01,2.743518854818386976e-01,5.938169286595055274e-01,2.415346153130253914e-01,4.677963069192659362e-01,5.315105420745660503e-01,5.104989612382038189e-01,3.285385372348152977e-01,7.086906500955002519e-01,2.433324231331201182e-01,1.000000000000000000e+00,2.579056321088611381e-01,3.021080919507683760e-01
4.600743687349699296e-01,3.484559660727179486e-01,4.442759936243459440e-01,1.754933548490684447e-01,5.535670147087636828e-01,-8.932080970512032078e-03,-2.650723443227989140e-01,-4.513806879501540692e-01,6.774434265919118126e-01,4.218785309908630876e-01,2.036891303906754047e-01,3.011074906327045331e-01,-4.574985935172977414e-02,3.578278676352698584e-01,3.734407956250859195e-01,4.209095326206375720e-01,2.509797976637938022e-01,2.549745502485770143e-01,2.510745123485600971e-01,1.665156629131909760e-01,1.599114795989863280e-01,2.664676915121417800e-01,4.168268466111021420e-01,1.579942136390951601e-01,2.130921114109678993e-01,7.440046238203429363e-01,4.437264008958418660e-01,1.818895503209173869e-01,5.100544369102019138e-01,5.226436654622661493e-01,3.498170307064574769e-01,3.674623008173161232e-01,5.133860274980504013e-01,4.389744654666634105e-01,1.948499967396846999e-01,3.621190060087502438e-01,2.579056321088611381e-01,1.000000000000000000e+00,5.665024789945531936e-01
5.712683303892801545e-01,5.970484111393618010e-01,4.666501848568835875e-01,3.248434070310136645e-01,5.556441655851194206e-01,-2.257848510112321905e-01,-1.997903441030188243e-01,-4.824311166971039788e-01,6.992393098300699883e-01,6.366237295116099482e-01,-1.609921269585275760e-01,6.530861470328049867e-01,-4.308610363952678490e-01,4.987074465188881534e-01,4.155965403966926375e-01,6.399653643910095946e-01,-4.163284287991934202e-02,2.661494869366514693e-01,4.184961020398015319e-01,1.444348108639656736e-01,2.166077583579846533e-01,4.656050253202422828e-01,4.922399956890874950e-01,3.220138918862001098e-01,4.819129622092545029e-01,5.223619363225057155e-01,5.205862753565966283e-01,-1.668250583687570787e-01,3.559202143482734781e-01,6.042547277885375046e-01,5.932102407145083411e-01,5.257991517943013671e-01,3.384982924068604682e-01,5.982222826178014152e-01,1.504040718708430646e-01,4.204104469206211281e-01,3.021080919507683760e-01,5.665024789945531936e-01,1.000000000000000000e+00
