1.000000000000000000e+00,7.203697668339922311e-01,3.297982618061812317e-03,3.026945445178944594e-01,7.263319891552802998e-01,-3.011996113207377479e-01,4.199906765577150480e-01,7.024780443043360245e-02,7.389670790210095541e-01,7.491580110164689499e-01,2.878370782983271092e-01,4.463149209238352344e-01,-4.898987272008843985e-01,7.083353113435034709e-01,-7.945951489029134951e-02,7.473208320227363588e-01,3.670802860059160233e-01,-3.001322264511654403e-01,-3.213608667218343512e-02,-3.486690733164442974e-02,-1.187558309179929800e-01,4.056712790104698430e-01,7.605921286462528075e-01,4.734369298571102780e-01,6.861149566411600675e-01,6.138752875650581586e-01,3.949724554978260582e-01,2.311477474488904671e-01,2.700781991183002773e-01,8.053464332998253594e-01,5.526190462373439249e-01,4.789418065342506137e-01,4.031386897650154899e-01,6.496194719638701542e-01,-2.438837414002145709e-01,3.465331978876120544e-01,-2.713604938339951415e-03,3.999019401445154109e-01,5.453444354989299692e-01
7.203697668339922311e-01,1.000000000000000000e+00,-3.409379062111209668e-01,4.850523415980758091e-01,7.262135721073987860e-01,-3.108103102805069851e-01,5.597763048247743622e-01,3.948753062637143096e-01,7.332952963634582488e-01,7.458935082782018888e-01,1.176961010104556615e-01,6.592230750545373663e-01,-7.602922426865604821e-01,6.529511048450438171e-01,-1.870986300913946576e-01,8.180993039928573518e-01,2.789251883735534565e-01,-4.146686479999124875e-01,-2.379014907683295876e-01,2.404441933335571893e-02,-2.442504096694438631e-01,7.272769730543201527e-01,7.523191366343826569e-01,2.837825265414314346e-01,6.609728178991828296e-01,2.938314160675173925e-01,2.208381046057159569e-01,3.491881695264741903e-01,1.583311196592847025e-01,7.140643300704526686e-01,5.026286899368342942e-01,5.173874065532708677e-01,5.201220341835487426e-01,5.950671474746453971e-01,-5.415398216500829642e-01,4.325070308020098619e-01,-2.215555294800145847e-01,2.275230748596011043e-01,7.092442503268742149e-01
3.297982618061812317e-03,-3.409379062111209668e-01,1.000000000000000000e+00,-6.103661818158340191e-01,-2.449127611395829907e-01,1.881745308928366722e-01,-4.317347130448946357e-01,-9.395085748379699009e-01,-2.850660641424712094e-01,-1.031136898046819544e-01,1.610641139337676830e-01,-6.121817959327037206e-01,5.354447799416401921e-01,-5.359241538181310632e-02,4.836042297427086134e-01,-2.337340464471646118e-01,-4.756087891589248079e-02,2.312509066315330264e-01,4.322532574064917865e-01,-3.173902947578032818e-01,4.900721380018508433e-01,-5.625598204262345359e-01,-1.838672207853119245e-01,3.597872383354648873e-01,-2.937393198671168007e-02,5.213117142013393712e-01,5.863386530063631197e-01,-1.818262590225516173e-01,2.993425677485875847e-01,-5.961785696933785683e-02,4.024751364637141893e-01,-3.650608703254112908e-01,-5.973826207812096278e-01,-1.359096071650714999e-01,6.112043050348153761e-01,-2.788590450262889431e-01,4.425107026357950613e-01,-1.311296918002307632e-01,-6.040050358858648494e-01
3.026945445178944594e-01,4.850523415980758091e-01,-6.103661818158340191e-01,1.000000000000000000e+00,5.867656500657898455e-01,-3.485390893042711324e-01,5.951132759930102267e-01,6.434725036135012788e-01,5.943978914759160403e-01,3.719351179881340008e-01,-3.551027917394940919e-02,7.355871339001721632e-01,-6.461360007414351792e-01,3.732608823790755648e-01,-6.239216651629908572e-01,4.629204272565593525e-01,1.509214905000292040e-01,-2.618786467178254029e-01,-4.687049422032018020e-01,2.430601831761619314e-01,-4.744494816054743991e-01,6.360416525438591373e-01,4.551250001274474433e-01,-8.961498326269748405e-02,3.023565405841724396e-01,-9.193918934408296106e-02,-2.629677525146652539e-01,1.857074691977152470e-01,-2.183895042281892018e-01,3.609134729512912254e-01,-1.771170257717136556e-02,3.997580119885176808e-01,6.400713894175504848e-01,4.829872098263651159e-01,-6.040795808719159332e-01,4.889247326015403461e-01,-4.259770185844728996e-01,3.701565843220034902e-01,7.053765289620451684e-01
7.263319891552802998e-01,7.262135721073987860e-01,-2.449127611395829907e-01,5.867656500657898455e-01,1.000000000000000000e+00,-3.100760939016563023e-01,6.289491975633769716e-01,3.113659990748515738e-01,8.568362406772851436e-01,6.490372108064347278e-01,2.635245221863393716e-01,6.767277973425401827e-01,-7.593447955789235371e-01,7.858711492633888573e-01,-2.566175320255289494e-01,7.445538426088341710e-01,4.220347520875682990e-01,-3.893938419276574137e-01,-2.467473069546683995e-01,2.485834341844467971e-02,-4.070053140912656686e-01,5.992154284555566424e-01,7.256293502430846143e-01,3.905913110694734236e-01,6.208786573639833994e-01,3.910433364621141439e-01,1.787104251126510890e-01,1.605916443476750055e-01,-1.153746926735268498e-02,7.329515979374986445e-01,5.352477838404389177e-01,5.291563299259992581e-01,6.484107580245709324e-01,7.988802723443334530e-01,-4.484005685169213384e-01,5.198530098020049950e-01,-2.863060351457556996e-01,4.466917203482737020e-01,7.429615688021165010e-01
-3.011996113207377479e-01,-3.108103102805069851e-01,1.881745308928366722e-01,-3.485390893042711324e-01,-3.100760939016563023e-01,1.000000000000000000e+00,-3.836209384623022745e-01,-2.089609002933635051e-01,-3.141880082583042300e-01,-3.083738005003736626e-01,6.287323674024625220e-02,-3.393405835822482786e-01,2.499631147350655502e-01,-1.336261200046530706e-01,2.645860381498103542e-01,-3.662113378969792388e-01,1.379211392979345918e-01,3.375028502717043466e-01,1.563572238234237077e-01,-1.896352542596243806e-01,1.268945121932107678e-01,-2.868449020668860094e-01,-4.305873729658490356e-01,3.422323184023108589e-02,-4.759372591877377157e-01,8.706159368535756589e-04,3.935465747716197088e-02,-8.939537511349822385e-02,2.792252591471469647e-01,-2.226694271523316782e-01,-6.397706898371807727e-02,2.146436240015344443e-01,-3.383130884977162411e-01,-3.123339335103070824e-01,5.223364743237733920e-01,8.311419278649989639e-02,4.888062117499695214e-01,6.110795977528633155e-03,-2.396485898559235772e-01
4.199906765577150480e-01,5.597763048247743622e-01,-4.317347130448946357e-01,5.951132759930102267e-01,6.289491975633769716e-01,-3.836209384623022745e-01,1.000000000000000000e+00,4.777409775959649552e-01,6.538681283440216374e-01,4.299216498385954877e-01,4.747332032372485883e-02,5.795140431654265400e-01,-6.208780902851167571e-01,4.883442283105252080e-01,-1.993287113106380348e-01,5.760369551506155927e-01,3.572008777743752028e-01,-3.997370241433981231e-01,-1.949402945171081480e-01,1.828589990886190786e-01,-5.844311716965741033e-01,5.274749729159321499e-01,5.833918523021560665e-01,4.077668285884015684e-03,4.530929387115086304e-01,5.851392367625087021e-02,2.727153453051878521e-02,-3.847843602158310811e-02,-2.380611119758342387e-01,4.116036950817398288e-01,2.529549930599912511e-01,2.963883476483323842e-01,5.628650746615284639e-01,5.972171871111455754e-01,-5.330161709301846074e-01,5.620343169973210928e-01,-3.766564417277641907e-01,3.826459298964678402e-01,6.974168651146704923e-01
7.024780443043360245e-02,3.948753062637143096e-01,-9.395085748379699009e-01,6.434725036135012788e-01,3.113659990748515738e-01,-2.089609002933635051e-01,4.777409775959649552e-01,1.000000000000000000e+00,3.629475750353494123e-01,1.789912753781328081e-01,-1.490849253986827050e-01,6.830214966861291037e-01,-5.801121979473091717e-01,1.407498460574501398e-01,-4.781702493341907223e-01,3.072696174687944981e-01,9.548398304682426119e-02,-2.585799359652808382e-01,-4.369854310702319111e-01,3.099088384145732289e-01,-5.274809085969871525e-01,5.936955646342457760e-01,2.666703880188400211e-01,-3.047987539841505722e-01,9.235803024925452742e-02,-4.763712046709521752e-01,-5.397530691254714963e-01,1.917740193703570684e-01,-2.786643694490047451e-01,1.250625592336389036e-01,-3.386308105082863062e-01,4.203115255083358925e-01,6.329585589680316593e-01,2.069034871239935902e-01,-6.157567903409195686e-01,3.451401805519112020e-01,-4.259492584240315294e-01,1.681722345290599663e-01,6.611742520435686110e-01
7.389670790210095541e-01,7.332952963634582488e-01,-2.850660641424712094e-01,5.943978914759160403e-01,8.568362406772851436e-01,-3.141880082583042300e-01,6.538681283440216374e-01,3.629475750353494123e-01,1.000000000000000000e+00,6.726388139995961302e-01,1.792862016757782173e-01,7.331703007778067605e-01,-7.318875005736146244e-01,8.005317809632328530e-01,-2.675304198330932803e-01,7.688164074479689747e-01,4.026858951273509790e-01,-4.063046637122085802e-01,-1.900882576485172226e-01,9.770999067486904610e-02,-4.434726223295452630e-01,5.890204825999645344e-01,7.930655669787546325e-01,3.787817996321370950e-01,6.364182007902853266e-01,3.788946561532229307e-01,2.674989178040603766e-01,1.945344821503067201e-01,-2.598838933542900118e-02,7.500960156909869392e-01,4.845948958588817690e-01,5.851623633626931165e-01,6.881504070667194828e-01,8.210870856525559480e-01,-4.118595569782947940e-01,6.298685809975124172e-01,-1.854314373105776514e-01,5.170275672147404133e-01,8.071464980198851391e-01
7.491580110164689499e-01,7.458935082782018888e-01,-1.031136898046819544e-01,3.719351179881340008e-01,6.490372108064347278e-01,-3.083738005003736626e-01,4.299216498385954877e-01,1.789912753781328081e-01,6.726388139995961302e-01,1.000000000000000000e+00,1.231357347557515552e-01,5.406851889759441976e-01,-5.738924528058714225e-01,6.621632238775535528e-01,-7.821097893803630186e-02,8.641428423745149967e-01,2.219861097484444323e-01,-2.975398689613946712e-01,-1.151628750844474608e-01,6.801252729220190474e-02,-2.618325116518274154e-01,4.436439418910720356e-01,7.381871723981126010e-01,4.616795999162432995e-01,7.112637623982710489e-01,4.267782342443775523e-01,3.808844740735095602e-01,2.279088972567518967e-01,2.952118501477143941e-01,7.030218653691138186e-01,5.266827656976889038e-01,4.471254234394687055e-01,4.270602381499739031e-01,5.998540095246045478e-01,-3.251201597068175686e-01,3.790579662166809749e-01,-9.990746806976348593e-02,2.888160746891352826e-01,5.284076327919234872e-01
2.878370782983271092e-01,1.176961010104556615e-01,1.610641139337676830e-01,-3.551027917394940919e-02,2.635245221863393716e-01,6.287323674024625220e-02,4.747332032372485883e-02,-1.490849253986827050e-01,1.792862016757782173e-01,1.231357347557515552e-01,1.000000000000000000e+00,-4.643470933043104126e-02,-2.481315018034653541e-02,3.500567000984932675e-01,6.675765268782823947e-02,9.464772091728579362e-02,5.700593520333155917e-01,4.468929273456995893e-02,5.056608030855169744e-02,-1.200963737971307288e-01,-2.264382392171685257e-02,-8.736711090568496929e-02,8.238165969668477528e-02,3.824051536536808293e-01,2.020694503820290311e-02,2.107717339960995806e-01,1.240934490636411147e-02,-1.581236848819590479e-01,3.453165888664395111e-01,3.454371658166992543e-01,2.418010330299319444e-01,4.228716128696039522e-01,1.557819915203355887e-01,1.861352094848087169e-01,8.117694468572261846e-02,7.485468366848489763e-02,1.281036389169034895e-01,3.542539782835975037e-01,1.834843816471626310e-01
4.463149209238352344e-01,6.592230750545373663e-01,-6.121817959327037206e-01,7.355871339001721632e-01,6.767277973425401827e-01,-3.393405835822482786e-01,5.795140431654265400e-01,6.830214966861291037e-01,7.331703007778067605e-01,5.406851889759441976e-01,-4.643470933043104126e-02,1.000000000000000000e+00,-7.852419101638092869e-01,5.816067941087028625e-01,-4.126992487847715996e-01,6.475034316966746806e-01,2.482171908680868289e-01,-4.015161483855417268e-01,-4.650846786091027973e-01,1.572637646636690090e-01,-5.343599965132473928e-01,7.248662252438379250e-01,6.408757346681851486e-01,8.928104489740369687e-02,4.596240711488533415e-01,-6.439203163086465453e-02,-1.113432697285583195e-01,2.593497540470856566e-01,-1.746324969226843715e-01,4.601846961077901699e-01,1.921303028821948478e-01,5.174954536028032459e-01,6.957467842798541469e-01,6.211269279023071688e-01,-6.065070617564680688e-01,5.866296120197992403e-01,-3.594892307446677648e-01,2.797304159174162641e-01,7.925775880326745293e-01
-4.898987272008843985e-01,-7.602922426865604821e-01,5.354447799416401921e-01,-6.461360007414351792e-01,-7.593447955789235371e-01,2.499631147350655502e-01,-6.208780902851167571e-01,-5.801121979473091717e-01,-7.318875005736146244e-01,-5.738924528058714225e-01,-2.481315018034653541e-02,-7.852419101638092869e-01,1.000000000000000000e+00,-5.848006979950878259e-01,2.943893816786188888e-01,-6.928282479259533222e-01,-2.641818250968835380e-01,4.672660667062312201e-01,4.196893364410418381e-01,-1.340330646890403599e-01,4.708439850615790956e-01,-7.787043099796904233e-01,-5.768938848753517590e-01,-9.706350688814709138e-02,-4.357404981273677036e-01,-2.338016784838477941e-02,3.697237274421143888e-02,-2.498666914354913671e-01,8.989507794530196549e-02,-5.522485421071680056e-01,-3.901917176200121462e-01,-4.965120282511244487e-01,-6.235348036716603648e-01,-6.247115550422196462e-01,6.366506171497177125e-01,-5.208665200870440382e-01,4.572268590936385824e-01,-3.045990378364071827e-01,-7.800096900386634946e-01
7.083353113435034709e-01,6.529511048450438171e-01,-5.359241538181310632e-02,3.732608823790755648e-01,7.858711492633888573e-01,-1.336261200046530706e-01,4.883442283105252080e-01,1.407498460574501398e-01,8.005317809632328530e-01,6.621632238775535528e-01,3.500567000984932675e-01,5.816067941087028625e-01,-5.848006979950878259e-01,1.000000000000000000e+00,-8.086446895883282748e-02,7.188730674663860176e-01,5.148852050584846740e-01,-2.783335236025418769e-01,-8.217192354767617612e-02,-1.129534706820311957e-01,-3.369362897008444935e-01,4.043342544641839176e-01,7.144456602293594027e-01,5.926079132289154838e-01,5.973763355939337716e-01,4.768918149515176119e-01,3.695392329428197065e-01,1.338636938646965702e-01,1.879972977826787073e-01,7.274526767795104210e-01,5.958917362756578351e-01,6.267932621263679893e-01,4.981117925332717022e-01,7.208509644855001230e-01,-1.910279950904849866e-01,5.932907983584952971e-01,3.568355496636078233e-02,4.696040023548999631e-01,6.470821384982015090e-01
-7.945951489029134951e-02,-1.870986300913946576e-01,4.836042297427086134e-01,-6.239216651629908572e-01,-2.566175320255289494e-01,2.645860381498103542e-01,-1.993287113106380348e-01,-4.781702493341907223e-01,-2.675304198330932803e-01,-7.821097893803630186e-02,6.675765268782823947e-02,-4.126992487847715996e-01,2.943893816786188888e-01,-8.086446895883282748e-02,1.000000000000000000e+00,-1.319946850057853727e-01,1.651065288747773085e-02,-2.211809970482669363e-01,2.657527369597195710e-01,-3.093187939489896454e-01,1.299818036235341479e-01,-3.588212558201326896e-01,-1.365924759815483058e-01,1.989628654990574508e-01,-1.196594308672228185e-01,1.007989710617541862e-01,4.332079955927445880e-01,-3.173169909513107734e-01,2.603568543130311275e-01,-1.753196659881519903e-01,3.376993330954802808e-01,-2.419341477813860830e-01,-3.246336079991795076e-01,-4.320106726601376929e-02,4.728235319250170821e-01,-8.678594188011076738e-02,3.328686313233858995e-01,-3.027510697774462023e-01,-4.094935019134930965e-01
7.473208320227363588e-01,8.180993039928573518e-01,-2.337340464471646118e-01,4.629204272565593525e-01,7.445538426088341710e-01,-3.662113378969792388e-01,5.760369551506155927e-01,3.072696174687944981e-01,7.688164074479689747e-01,8.641428423745149967e-01,9.464772091728579362e-02,6.475034316966746806e-01,-6.928282479259533222e-01,7.188730674663860176e-01,-1.319946850057853727e-01,1.000000000000000000e+00,2.595837593088542450e-01,-3.925409874012036338e-01,-1.402859256592388637e-01,6.888448083208223438e-02,-3.760869043546957169e-01,5.291730658031565948e-01,8.335539422577249447e-01,4.272956042147742495e-01,7.399887927292106982e-01,3.607676344664978441e-01,3.506945574068986438e-01,1.993083577823436536e-01,1.029416311489220470e-01,7.099307192549872969e-01,5.419447662893566164e-01,4.651174844968744004e-01,5.147091517574895470e-01,6.628722157535843484e-01,-4.709077247678875033e-01,4.616065559345668978e-01,-1.974059393664938100e-01,2.451347681651584454e-01,6.341141983904980961e-01
3.670802860059160233e-01,2.789251883735534565e-01,-4.756087891589248079e-02,1.509214905000292040e-01,4.220347520875682990e-01,1.379211392979345918e-01,3.572008777743752028e-01,9.548398304682426119e-02,4.026858951273509790e-01,2.219861097484444323e-01,5.700593520333155917e-01,2.482171908680868289e-01,-2.641818250968835380e-01,5.148852050584846740e-01,1.651065288747773085e-02,2.595837593088542450e-01,1.000000000000000000e+00,-7.152569570089863105e-02,-1.171759279376778304e-02,-1.648344233513379109e-01,-3.271525714395472906e-01,1.033806838284486024e-01,2.951496668484486219e-01,2.462042925735685173e-01,2.083590069495799835e-01,1.972040427577456678e-01,6.386719046269752342e-02,-1.638570660058333017e-01,2.396188582683238533e-01,4.273808616284031081e-01,3.449984128502938119e-01,5.758307492955500040e-01,2.073622054391722203e-01,3.277249129335076394e-01,-7.146085164345397645e-02,4.360214053615276142e-01,7.397227376327834836e-02,4.453196572848933110e-01,4.429774641592589823e-01
-3.001322264511654403e-01,-4.146686479999124875e-01,2.312509066315330264e-01,-2.618786467178254029e-01,-3.893938419276574137e-01,3.375028502717043466e-01,-3.997370241433981231e-01,-2.585799359652808382e-01,-4.063046637122085802e-01,-2.975398689613946712e-01,4.468929273456995893e-02,-4.015161483855417268e-01,4.672660667062312201e-01,-2.783335236025418769e-01,-2.211809970482669363e-01,-3.925409874012036338e-01,-7.152569570089863105e-02,1.000000000000000000e+00,5.445324767481080075e-01,9.412996745935095499e-02,3.033416819648270257e-01,-4.230075698968598918e-01,-4.275302867902449622e-01,-1.254351230161348807e-01,-2.885579874297430902e-01,7.231593546266236461e-02,-1.239550489542923933e-01,-9.178504394440931830e-03,7.961698430202349130e-02,-2.224131232877600839e-01,-3.420210762702303731e-01,-8.596036614060720282e-02,-4.584983407591188276e-01,-5.924427055497966110e-01,2.607201144849982666e-01,-3.289831520664915909e-01,1.345513212819589022e-01,1.288219565411882206e-01,-3.424483493806735335e-01
-3.213608667218343512e-02,-2.379014907683295876e-01,4.322532574064917865e-01,-4.687049422032018020e-01,-2.467473069546683995e-01,1.563572238234237077e-01,-1.949402945171081480e-01,-4.369854310702319111e-01,-1.900882576485172226e-01,-1.151628750844474608e-01,5.056608030855169744e-02,-4.650846786091027973e-01,4.196893364410418381e-01,-8.217192354767617612e-02,2.657527369597195710e-01,-1.402859256592388637e-01,-1.171759279376778304e-02,5.445324767481080075e-01,1.000000000000000000e+00,-3.048458105848205184e-03,1.682106162589657727e-01,-5.050094240466531659e-01,-1.266508819888945148e-01,6.625813987638351499e-02,9.414391679369476726e-03,2.916800709099047206e-01,3.598381345546950438e-01,-2.297292598534063368e-01,1.342614435762792546e-01,-4.051084890399046096e-02,2.607805983975385392e-02,-1.649716945938400903e-01,-3.592644685024433682e-01,-3.413833868766650848e-01,3.045168187712535834e-01,-2.878278354863259558e-01,1.742314551405611256e-01,5.255804971141474213e-02,-3.310377877875931851e-01
-3.486690733164442974e-02,2.404441933335571893e-02,-3.173902947578032818e-01,2.430601831761619314e-01,2.485834341844467971e-02,-1.896352542596243806e-01,1.828589990886190786e-01,3.099088384145732289e-01,9.770999067486904610e-02,6.801252729220190474e-02,-1.200963737971307288e-01,1.572637646636690090e-01,-1.340330646890403599e-01,-1.129534706820311957e-01,-3.093187939489896454e-01,6.888448083208223438e-02,-1.648344233513379109e-01,9.412996745935095499e-02,-3.048458105848205184e-03,1.000000000000000000e+00,-1.037065186330678040e-01,1.726247029271553990e-01,6.836850909075003861e-03,-1.742522998669003287e-01,2.973747111567313917e-02,-1.188380536222064243e-01,-2.140865915561684929e-01,1.350766773071571669e-01,-1.035982053963713928e-01,5.243888677194229186e-02,-2.563801049739940496e-01,3.225862877828283848e-02,2.396625802218238788e-01,-6.501030665165265406e-03,-2.018275397424284523e-01,-7.308350739491131787e-02,-2.028540627311343769e-01,2.355717947858053107e-01,1.952120578461261080e-01
-1.187558309179929800e-01,-2.442504096694438631e-01,4.900721380018508433e-01,-4.744494816054743991e-01,-4.070053140912656686e-01,1.268945121932107678e-01,-5.844311716965741033e-01,-5.274809085969871525e-01,-4.434726223295452630e-01,-2.618325116518274154e-01,-2.264382392171685257e-02,-5.343599965132473928e-01,4.708439850615790956e-01,-3.369362897008444935e-01,1.299818036235341479e-01,-3.760869043546957169e-01,-3.271525714395472906e-01,3.033416819648270257e-01,1.682106162589657727e-01,-1.037065186330678040e-01,1.000000000000000000e+00,-2.148596342467449793e-01,-3.299252045748837792e-01,9.240881106131694847e-03,-1.918782382598463176e-01,2.948402371949671585e-01,1.220664657085022697e-01,4.331571764466540797e-01,1.879049809985768316e-01,-1.264250889644438491e-01,-1.777724262499994975e-02,-3.341968272893430236e-01,-5.771401593659704066e-01,-3.905710270884233393e-01,3.533325150074506094e-01,-4.539130192106349826e-01,3.111973972473283112e-01,-2.115425071407683322e-01,-5.329168359584526282e-01
4.056712790104698430e-01,7.272769730543201527e-01,-5.625598204262345359e-01,6.360416525438591373e-01,5.992154284555566424e-01,-2.868449020668860094e-01,5.274749729159321499e-01,5.936955646342457760e-01,5.890204825999645344e-01,4.436439418910720356e-01,-8.736711090568496929e-02,7.248662252438379250e-01,-7.787043099796904233e-01,4.043342544641839176e-01,-3.588212558201326896e-01,5.291730658031565948e-01,1.033806838284486024e-01,-4.230075698968598918e-01,-5.050094240466531659e-01,1.726247029271553990e-01,-2.148596342467449793e-01,1.000000000000000000e+00,5.098275326156036513e-01,-3.134115416282001743e-02,3.475138295829386381e-01,-2.183327015553877468e-02,-1.293133782336797488e-01,4.773871897515203355e-01,-1.337804966133265827e-01,4.110746945324865176e-01,2.311276693264139037e-01,3.810299388105305440e-01,5.774112227903763772e-01,4.977986631011268592e-01,-5.973778480316092043e-01,4.280364604757602720e-01,-3.734911395543750734e-01,1.713616220805820600e-01,6.822928601000013416e-01
7.605921286462528075e-01,7.523191366343826569e-01,-1.838672207853119245e-01,4.551250001274474433e-01,7.256293502430846143e-01,-4.305873729658490356e-01,5.833918523021560665e-01,2.666703880188400211e-01,7.930655669787546325e-01,7.381871723981126010e-01,8.238165969668477528e-02,6.408757346681851486e-01,-5.768938848753517590e-01,7.144456602293594027e-01,-1.365924759815483058e-01,8.335539422577249447e-01,2.951496668484486219e-01,-4.275302867902449622e-01,-1.266508819888945148e-01,6.836850909075003861e-03,-3.299252045748837792e-01,5.098275326156036513e-01,1.000000000000000000e+00,4.117062413310487168e-01,8.051795825453752498e-01,3.902849733323534576e-01,3.805910719288355115e-01,2.141241112796645751e-01,7.446887050919202833e-02,6.928637687423331304e-01,5.057693981616920853e-01,4.320175179832198009e-01,5.301688019174054523e-01,6.917900868332340636e-01,-4.135736429624647936e-01,4.869495769132836660e-01,-1.171348203451227643e-01,2.281378079243413792e-01,6.213622863641871108e-01
4.734369298571102780e-01,2.837825265414314346e-01,3.597872383354648873e-01,-8.961498326269748405e-02,3.905913110694734236e-01,3.422323184023108589e-02,4.077668285884015684e-03,-3.047987539841505722e-01,3.787817996321370950e-01,4.616795999162432995e-01,3.824051536536808293e-01,8.928104489740369687e-02,-9.706350688814709138e-02,5.926079132289154838e-01,1.989628654990574508e-01,4.272956042147742495e-01,2.462042925735685173e-01,-1.254351230161348807e-01,6.625813987638351499e-02,-1.742522998669003287e-01,9.240881106131694847e-03,-3.134115416282001743e-02,4.117062413310487168e-01,1.000000000000000000e+00,4.150351744107389496e-01,5.629839021363335361e-01,4.838470673162400537e-01,2.004892318968853199e-02,3.474718991055407713e-01,4.765741937171459885e-01,5.117504305414434240e-01,3.347223381834526501e-01,1.255235493413954795e-01,4.459943487155821340e-01,2.442227671523319876e-01,1.906308827864470201e-01,3.680814817723040422e-01,1.440161704613313332e-01,9.317947181320855587e-02
6.861149566411600675e-01,6.609728178991828296e-01,-2.937393198671168007e-02,3.023565405841724396e-01,6.208786573639833994e-01,-4.759372591877377157e-01,4.530929387115086304e-01,9.235803024925452742e-02,6.364182007902853266e-01,7.112637623982710489e-01,2.020694503820290311e-02,4.596240711488533415e-01,-4.357404981273677036e-01,5.973763355939337716e-01,-1.196594308672228185e-01,7.399887927292106982e-01,2.083590069495799835e-01,-2.885579874297430902e-01,9.414391679369476726e-03,2.973747111567313917e-02,-1.918782382598463176e-01,3.475138295829386381e-01,8.051795825453752498e-01,4.150351744107389496e-01,1.000000000000000000e+00,4.538916844251382199e-01,4.257119821749574817e-01,2.091251551293799027e-01,1.661626688504903027e-01,6.452853310283674926e-01,4.759781617716459801e-01,2.370289412462647238e-01,3.632056302080501897e-01,5.579600557140567130e-01,-3.635048235469762745e-01,2.466229291450806049e-01,-1.441501820822602697e-01,1.419064770646545071e-01,4.207699215312755148e-01
6.138752875650581586e-01,2.938314160675173925e-01,5.213117142013393712e-01,-9.193918934408296106e-02,3.910433364621141439e-01,8.706159368535756589e-04,5.851392367625087021e-02,-4.763712046709521752e-01,3.788946561532229307e-01,4.267782342443775523e-01,2.107717339960995806e-01,-6.439203163086465453e-02,-2.338016784838477941e-02,4.768918149515176119e-01,1.007989710617541862e-01,3.607676344664978441e-01,1.972040427577456678e-01,7.231593546266236461e-02,2.916800709099047206e-01,-1.188380536222064243e-01,2.948402371949671585e-01,-2.183327015553877468e-02,3.902849733323534576e-01,5.629839021363335361e-01,4.538916844251382199e-01,1.000000000000000000e+00,6.328316183112658866e-01,2.124173074046238618e-01,2.672622489137527757e-01,5.483233204735243893e-01,5.753574525371010218e-01,1.667104674599163006e-01,-6.680334244247224107e-02,3.867495665834466689e-01,2.029506497998819770e-01,1.236945851378349337e-01,3.259799020921361201e-01,3.261746945487940530e-01,4.924580404963729147e-02
3.949724554978260582e-01,2.208381046057159569e-01,5.863386530063631197e-01,-2.629677525146652539e-01,1.787104251126510890e-01,3.935465747716197088e-02,2.727153453051878521e-02,-5.397530691254714963e-01,2.674989178040603766e-01,3.808844740735095602e-01,1.240934490636411147e-02,-1.113432697285583195e-01,3.697237274421143888e-02,3.695392329428197065e-01,4.332079955927445880e-01,3.506945574068986438e-01,6.386719046269752342e-02,-1.239550489542923933e-01,3.598381345546950438e-01,-2.140865915561684929e-01,1.220664657085022697e-01,-1.293133782336797488e-01,3.805910719288355115e-01,4.838470673162400537e-01,4.257119821749574817e-01,6.328316183112658866e-01,1.000000000000000000e+00,-3.940273078279594304e-02,2.868757771654778521e-01,3.180078232241115854e-01,6.340622121303765013e-01,-1.882804233254847803e-02,-1.254966015555985803e-01,2.719711618961797028e-01,2.990298513745597297e-01,1.263840304001766224e-01,3.320931483199981438e-01,-2.219301752454368865e-02,-1.077153906555571306e-01
2.311477474488904671e-01,3.491881695264741903e-01,-1.818262590225516173e-01,1.857074691977152470e-01,1.605916443476750055e-01,-8.939537511349822385e-02,-3.847843602158310811e-02,1.917740193703570684e-01,1.945344821503067201e-01,2.279088972567518967e-01,-1.581236848819590479e-01,2.593497540470856566e-01,-2.498666914354913671e-01,1.338636938646965702e-01,-3.173169909513107734e-01,1.993083577823436536e-01,-1.638570660058333017e-01,-9.178504394440931830e-03,-2.297292598534063368e-01,1.350766773071571669e-01,4.331571764466540797e-01,4.773871897515203355e-01,2.141241112796645751e-01,2.004892318968853199e-02,2.091251551293799027e-01,2.124173074046238618e-01,-3.940273078279594304e-02,1.000000000000000000e+00,5.239226600797288608e-02,2.668491554684168654e-01,3.667608336447428230e-02,1.933336203685211974e-01,1.371330760729822518e-01,8.314559786044233014e-02,-1.754444648268561335e-01,3.667551790044462634e-02,2.987153896200309133e-02,3.493564333530468913e-02,1.752336470916521227e-01
2.700781991183002773e-01,1.583311196592847025e-01,2.993425677485875847e-01,-2.183895042281892018e-01,-1.153746926735268498e-02,2.792252591471469647e-01,-2.380611119758342387e-01,-2.786643694490047451e-01,-2.598838933542900118e-02,2.952118501477143941e-01,3.453165888664395111e-01,-1.746324969226843715e-01,8.989507794530196549e-02,1.879972977826787073e-01,2.603568543130311275e-01,1.029416311489220470e-01,2.396188582683238533e-01,7.961698430202349130e-02,1.342614435762792546e-01,-1.035982053963713928e-01,1.879049809985768316e-01,-1.337804966133265827e-01,7.446887050919202833e-02,3.474718991055407713e-01,1.661626688504903027e-01,2.672622489137527757e-01,2.868757771654778521e-01,5.239226600797288608e-02,1.000000000000000000e+00,3.083938271083221938e-01,2.402577682726926289e-01,3.030886840316912578e-01,-1.287085284125742690e-01,-6.763952329057056068e-02,3.533519465285395178e-01,-4.335382993335121921e-02,4.294710832278348378e-01,1.081658829483245210e-01,-8.070272310307710639e-02
8.053464332998253594e-01,7.140643300704526686e-01,-5.961785696933785683e-02,3.609134729512912254e-01,7.329515979374986445e-01,-2.226694271523316782e-01,4.116036950817398288e-01,1.250625592336389036e-01,7.500960156909869392e-01,7.030218653691138186e-01,3.454371658166992543e-01,4.601846961077901699e-01,-5.522485421071680056e-01,7.274526767795104210e-01,-1.753196659881519903e-01,7.099307192549872969e-01,4.273808616284031081e-01,-2.224131232877600839e-01,-4.051084890399046096e-02,5.243888677194229186e-02,-1.264250889644438491e-01,4.110746945324865176e-01,6.928637687423331304e-01,4.765741937171459885e-01,6.452853310283674926e-01,5.483233204735243893e-01,3.180078232241115854e-01,2.668491554684168654e-01,3.083938271083221938e-01,1.000000000000000000e+00,5.178996972491000106e-01,5.637307403441784714e-01,4.163675315850687286e-01,6.324443168870104159e-01,-2.980699834723429253e-01,4.274648002485794684e-01,-4.953257520119672130e-02,5.065202428280521918e-01,6.309854672448790280e-01
5.526190462373439249e-01,5.026286899368342942e-01,4.024751364637141893e-01,-1.771170257717136556e-02,5.352477838404389177e-01,-6.397706898371807727e-02,2.529549930599912511e-01,-3.386308105082863062e-01,4.845948958588817690e-01,5.266827656976889038e-01,2.418010330299319444e-01,1.921303028821948478e-01,-3.901917176200121462e-01,5.958917362756578351e-01,3.376993330954802808e-01,5.419447662893566164e-01,3.449984128502938119e-01,-3.420210762702303731e-01,2.607805983975385392e-02,-2.563801049739940496e-01,-1.777724262499994975e-02,2.311276693264139037e-01,5.057693981616920853e-01,5.117504305414434240e-01,4.759781617716459801e-01,5.753574525371010218e-01,6.340622121303765013e-01,3.667608336447428230e-02,2.402577682726926289e-01,5.178996972491000106e-01,1.000000000000000000e+00,2.039130188165933499e-01,5.731336469152244900e-02,5.513184978786739299e-01,3.561816312885382300e-03,3.120747823637546325e-01,9.358564022762431989e-02,9.742861778841983844e-02,2.147530278834546558e-01
4.789418065342506137e-01,5.173874065532708677e-01,-3.650608703254112908e-01,3.997580119885176808e-01,5.291563299259992581e-01,2.146436240015344443e-01,2.963883476483323842e-01,4.203115255083358925e-01,5.851623633626931165e-01,4.471254234394687055e-01,4.228716128696039522e-01,5.174954536028032459e-01,-4.965120282511244487e-01,6.267932621263679893e-01,-2.419341477813860830e-01,4.651174844968744004e-01,5.758307492955500040e-01,-8.596036614060720282e-02,-1.649716945938400903e-01,3.225862877828283848e-02,-3.341968272893430236e-01,3.810299388105305440e-01,4.320175179832198009e-01,3.347223381834526501e-01,2.370289412462647238e-01,1.667104674599163006e-01,-1.882804233254847803e-02,1.933336203685211974e-01,3.030886840316912578e-01,5.637307403441784714e-01,2.039130188165933499e-01,1.000000000000000000e+00,5.246764203691017814e-01,3.922385954564796551e-01,-1.422546412544220262e-01,5.299068091544295589e-01,1.547174220561101932e-01,4.887758283156385386e-01,6.772386320213077404e-01
4.031386897650154899e-01,5.201220341835487426e-01,-5.973826207812096278e-01,6.400713894175504848e-01,6.484107580245709324e-01,-3.383130884977162411e-01,5.628650746615284639e-01,6.329585589680316593e-01,6.881504070667194828e-01,4.270602381499739031e-01,1.557819915203355887e-01,6.957467842798541469e-01,-6.235348036716603648e-01,4.981117925332717022e-01,-3.246336079991795076e-01,5.147091517574895470e-01,2.073622054391722203e-01,-4.584983407591188276e-01,-3.592644685024433682e-01,2.396625802218238788e-01,-5.771401593659704066e-01,5.774112227903763772e-01,5.301688019174054523e-01,1.255235493413954795e-01,3.632056302080501897e-01,-6.680334244247224107e-02,-1.254966015555985803e-01,1.371330760729822518e-01,-1.287085284125742690e-01,4.163675315850687286e-01,5.731336469152244900e-02,5.246764203691017814e-01,1.000000000000000000e+00,6.273794233279512689e-01,-4.116950218558793617e-01,4.370763340452331058e-01,-2.992848875109402340e-01,3.466904724596492904e-01,7.294746366836279972e-01
6.496194719638701542e-01,5.950671474746453971e-01,-1.359096071650714999e-01,4.829872098263651159e-01,7.988802723443334530e-01,-3.123339335103070824e-01,5.972171871111455754e-01,2.069034871239935902e-01,8.210870856525559480e-01,5.998540095246045478e-01,1.861352094848087169e-01,6.211269279023071688e-01,-6.247115550422196462e-01,7.208509644855001230e-01,-4.320106726601376929e-02,6.628722157535843484e-01,3.277249129335076394e-01,-5.924427055497966110e-01,-3.413833868766650848e-01,-6.501030665165265406e-03,-3.905710270884233393e-01,4.977986631011268592e-01,6.917900868332340636e-01,4.459943487155821340e-01,5.579600557140567130e-01,3.867495665834466689e-01,2.719711618961797028e-01,8.314559786044233014e-02,-6.763952329057056068e-02,6.324443168870104159e-01,5.513184978786739299e-01,3.922385954564796551e-01,6.273794233279512689e-01,1.000000000000000000e+00,-2.806478296136393769e-01,6.242928686329098920e-01,-1.377709929093383079e-01,4.196833411307259176e-01,6.597468002483929395e-01
-2.438837414002145709e-01,-5.415398216500829642e-01,6.112043050348153761e-01,-6.040795808719159332e-01,-4.484005685169213384e-01,5.223364743237733920e-01,-5.330161709301846074e-01,-6.157567903409195686e-01,-4.118595569782947940e-01,-3.251201597068175686e-01,8.117694468572261846e-02,-6.065070617564680688e-01,6.366506171497177125e-01,-1.910279950904849866e-01,4.728235319250170821e-01,-4.709077247678875033e-01,-7.146085164345397645e-02,2.607201144849982666e-01,3.045168187712535834e-01,-2.018275397424284523e-01,3.533325150074506094e-01,-5.973778480316092043e-01,-4.135736429624647936e-01,2.442227671523319876e-01,-3.635048235469762745e-01,2.029506497998819770e-01,2.990298513745597297e-01,-1.754444648268561335e-01,3.533519465285395178e-01,-2.980699834723429253e-01,3.561816312885382300e-03,-1.422546412544220262e-01,-4.116950218558793617e-01,-2.806478296136393769e-01,1.000000000000000000e+00,-1.562983040487521957e-01,7.253929779475882800e-01,-5.780459645438503630e-02,-5.569097502411749501e-01
3.465331978876120544e-01,4.325070308020098619e-01,-2.788590450262889431e-01,4.889247326015403461e-01,5.198530098020049950e-01,8.311419278649989639e-02,5.620343169973210928e-01,3.451401805519112020e-01,6.298685809975124172e-01,3.790579662166809749e-01,7.485468366848489763e-02,5.866296120197992403e-01,-5.208665200870440382e-01,5.932907983584952971e-01,-8.678594188011076738e-02,4.616065559345668978e-01,4.360214053615276142e-01,-3.289831520664915909e-01,-2.878278354863259558e-01,-7.308350739491131787e-02,-4.539130192106349826e-01,4.280364604757602720e-01,4.869495769132836660e-01,1.906308827864470201e-01,2.466229291450806049e-01,1.236945851378349337e-01,1.263840304001766224e-01,3.667551790044462634e-02,-4.335382993335121921e-02,4.274648002485794684e-01,3.120747823637546325e-01,5.299068091544295589e-01,4.370763340452331058e-01,6.242928686329098920e-01,-1.562983040487521957e-01,1.000000000000000000e+00,4.795914938033848940e-02,4.805923021492788938e-01,6.645457450964882273e-01
-2.713604938339951415e-03,-2.215555294800145847e-01,4.425107026357950613e-01,-4.259770185844728996e-01,-2.863060351457556996e-01,4.888062117499695214e-01,-3.766564417277641907e-01,-4.259492584240315294e-01,-1.854314373105776514e-01,-9.990746806976348593e-02,1.281036389169034895e-01,-3.594892307446677648e-01,4.572268590936385824e-01,3.568355496636078233e-02,3.328686313233858995e-01,-1.974059393664938100e-01,7.397227376327834836e-02,1.345513212819589022e-01,1.742314551405611256e-01,-2.028540627311343769e-01,3.111973972473283112e-01,-3.734911395543750734e-01,-1.171348203451227643e-01,3.680814817723040422e-01,-1.441501820822602697e-01,3.259799020921361201e-01,3.320931483199981438e-01,2.987153896200309133e-02,4.294710832278348378e-01,-4.953257520119672130e-02,9.358564022762431989e-02,1.547174220561101932e-01,-2.992848875109402340e-01,-1.377709929093383079e-01,7.253929779475882800e-01,4.795914938033848940e-02,1.000000000000000000e+00,-4.806349349409499289e-02,-3.060111623200500452e-01
3.999019401445154109e-01,2.275230748596011043e-01,-1.311296918002307632e-01,3.701565843220034902e-01,4.466917203482737020e-01,6.110795977528633155e-03,3.826459298964678402e-01,1.681722345290599663e-01,5.170275672147404133e-01,2.888160746891352826e-01,3.542539782835975037e-01,2.797304159174162641e-01,-3.045990378364071827e-01,4.696040023548999631e-01,-3.027510697774462023e-01,2.451347681651584454e-01,4.453196572848933110e-01,1.288219565411882206e-01,5.255804971141474213e-02,2.355717947858053107e-01,-2.115425071407683322e-01,1.713616220805820600e-01,2.281378079243413792e-01,1.440161704613313332e-01,1.419064770646545071e-01,3.261746945487940530e-01,-2.219301752454368865e-02,3.493564333530468913e-02,1.081658829483245210e-01,5.065202428280521918e-01,9.742861778841983844e-02,4.887758283156385386e-01,3.466904724596492904e-01,4.196833411307259176e-01,-5.780459645438503630e-02,4.805923021492788938e-01,-4.806349349409499289e-02,1.000000000000000000e+00,5.765127704306099998e-01
5.453444354989299692e-01,7.092442503268742149e-01,-6.040050358858648494e-01,7.053765289620451684e-01,7.429615688021165010e-01,-2.396485898559235772e-01,6.974168651146704923e-01,6.611742520435686110e-01,8.071464980198851391e-01,5.284076327919234872e-01,1.834843816471626310e-01,7.925775880326745293e-01,-7.800096900386634946e-01,6.470821384982015090e-01,-4.094935019134930965e-01,6.341141983904980961e-01,4.429774641592589823e-01,-3.424483493806735335e-01,-3.310377877875931851e-01,1.952120578461261080e-01,-5.329168359584526282e-01,6.822928601000013416e-01,6.213622863641871108e-01,9.317947181320855587e-02,4.207699215312755148e-01,4.924580404963729147e-02,-1.077153906555571306e-01,1.752336470916521227e-01,-8.070272310307710639e-02,6.309854672448790280e-01,2.147530278834546558e-01,6.772386320213077404e-01,7.294746366836279972e-01,6.597468002483929395e-01,-5.569097502411749501e-01,6.645457450964882273e-01,-3.060111623200500452e-01,5.765127704306099998e-01,1.000000000000000000e+00
