1.000000000000000000e+00,4.674881565749549606e-01,4.386927013864196367e-01,4.928789367510972436e-02,4.796991599134649564e-01,2.229752613035705655e-01,1.404014918430479542e-01,-3.760656798713977733e-01,4.350731748221649542e-01,4.157697175476199880e-01,3.560528093524644166e-01,2.216187220959546789e-01,1.108233425097636254e-01,5.177219344384337285e-01,-4.954832993613463715e-02,5.420443045784149039e-01,5.611178807792647216e-01,3.873743398849028852e-01,4.051163560519154827e-01,7.347609011575369220e-02,1.819223822165620952e-01,8.821015742290484740e-02,3.738367937786310491e-01,4.604326487328043727e-01,2.581342228287420437e-01,6.634496825934741437e-01,5.787668880774384794e-01,4.198650283360926272e-01,4.158847120556061205e-01,3.000624341174684129e-01,4.626974896116953784e-01,6.749587071054320431e-01,3.220608555734283396e-01,2.294456332748921190e-01,4.843213988443684781e-01,5.364234591285884646e-01,4.565321928652617545e-01,7.341850300230619020e-01,5.259452920250463626e-01
4.674881565749549606e-01,1.000000000000000000e+00,1.874575654534107183e-01,2.181951491739445304e-01,1.333258233224455802e-01,-7.181416382235243645e-02,3.172408023467591931e-02,-9.078582775286081485e-02,7.697998762769427961e-01,7.627981416852043228e-01,-2.474829924040548579e-01,5.910496297917198216e-01,-5.591685905019643243e-01,3.332911134209377152e-02,5.629186950240873122e-01,7.289794203945115791e-01,2.155475051695413813e-01,6.506799157716892656e-01,6.006097052476266906e-01,3.935394757598329463e-01,-1.611993204971818305e-01,-2.194777617199767175e-02,-2.016245416398702583e-01,-8.028913520367891507e-03,-3.997037058824104983e-01,2.821687901514208230e-01,-8.114681821034033793e-02,3.625111862641490768e-01,-2.097729426570019706e-01,8.055711379153398521e-01,7.334128948189577724e-01,3.454239975434792442e-01,-2.855776995897759685e-01,7.097385244282320427e-01,2.046836412714244380e-01,-4.884647206324452262e-02,7.664584666046573291e-01,6.345975328867721199e-01,8.133050254246289024e-01
4.386927013864196367e-01,1.874575654534107183e-01,1.000000000000000000e+00,3.296002339114050828e-01,7.660376988774844076e-01,3.820170198293585395e-01,3.493014719089945208e-01,-7.840720096397579830e-01,3.793873536903490939e-01,4.163734545477330018e-01,4.462673709434109015e-01,2.527462845392519086e-01,1.795844483395185043e-01,5.433166235098125796e-01,-1.692852527457804901e-01,4.925691764299428566e-01,4.645676675834777281e-01,5.212122370449707720e-01,5.443484744729971680e-01,2.364204933839358647e-01,6.232502046652644845e-01,6.382266825873532667e-01,3.655973986947776977e-01,5.701148264389445108e-01,3.522858073121402089e-01,4.482059724808443169e-01,3.650005285871441019e-01,3.516792267554100793e-01,2.126303615225708377e-01,2.201881444718150338e-01,2.016765824969359300e-01,3.972046866435453571e-01,6.278330901292754618e-01,3.083176251496597131e-01,1.770651104764913442e-01,3.783358190498709028e-01,1.705950059916581385e-01,5.448518364546545145e-01,3.043169640457050740e-01
4.928789367510972436e-02,2.181951491739445304e-01,3.296002339114050828e-01,1.000000000000000000e+00,3.137255036444307477e-01,2.058159441210882790e-01,5.683253699389667624e-01,-1.625708065561657090e-01,2.059890356767454800e-01,3.204325601149521918e-01,-1.641029604527406149e-01,1.790075365427917509e-01,-2.351532056500866275e-01,-9.131798464577667307e-02,-3.689925840427023956e-02,4.080436809025461131e-01,4.094870640497769165e-02,5.822622915945588895e-01,3.821908978763645104e-01,3.628335894494159608e-01,7.708956402549167752e-02,3.983710825792425858e-01,-4.713603781118408387e-02,6.617881477707335258e-02,-1.287393844301945867e-01,1.244331051431253193e-01,-2.038465487649074315e-01,4.546098556946834290e-01,-2.263213001312062711e-01,2.710389040108055481e-01,6.154141476011503603e-02,-4.232813310663041499e-03,3.215818190235365803e-02,3.471819711835769651e-01,-1.077661364192693955e-01,-1.187273566266921522e-02,1.612468018514354728e-01,2.372492471240279233e-01,1.943719911559395608e-01
4.796991599134649564e-01,1.333258233224455802e-01,7.660376988774844076e-01,3.137255036444307477e-01,1.000000000000000000e+00,3.983867838093860247e-01,2.446238553885212996e-01,-6.619739729576029630e-01,2.793083878926634900e-01,2.950068390152054132e-01,4.589849937573395322e-01,3.899371809913262932e-02,2.064164260896665659e-01,5.224806666709060909e-01,-3.406271048530539747e-01,4.295814979893438634e-01,4.076519659178872712e-01,4.342757079443888002e-01,4.568731473043410873e-01,-2.225456215600545712e-02,5.462511268409189213e-01,4.931570529992894691e-01,4.240141038300929699e-01,5.980327143121354494e-01,4.216751532846135797e-01,4.224436840668633342e-01,4.047275741829830520e-01,3.618294115013045986e-01,2.475907543556296053e-01,8.656521600619558610e-02,1.794015220680308109e-01,3.516140298061949943e-01,7.028075044135106975e-01,1.867894379464390409e-01,1.081686559346162063e-01,5.045218363817249863e-01,1.021773907439234574e-01,5.310132628725238169e-01,2.744369091466398736e-01
2.229752613035705655e-01,-7.181416382235243645e-02,3.820170198293585395e-01,2.058159441210882790e-01,3.983867838093860247e-01,1.000000000000000000e+00,2.416773377812042600e-01,-2.850665301287436115e-01,-6.193189629427393872e-02,1.643578874906974352e-02,5.950442894597476329e-01,-1.524953638714527104e-01,3.488988463131462714e-01,4.482015132386035772e-01,-3.748019225293751644e-01,1.173922119732582064e-01,5.174001357399958811e-01,1.029431168420399112e-01,1.124078097509306762e-01,3.304230285972806908e-02,3.844637197941309648e-01,3.467041226015433741e-01,5.228355692248044528e-01,7.182116137604176442e-01,5.097358267658673725e-01,3.081806123888953253e-01,2.976928365948797173e-01,3.708452291324552119e-01,3.948303998996135489e-01,-1.066389675345430083e-01,1.361246219818722236e-01,2.669653005648837119e-01,4.700109436025015630e-01,-1.779404625826430386e-01,1.904996304065000035e-01,3.500114950511124534e-01,-8.856198614588435547e-02,5.404428972568744993e-02,-3.923396933422657745e-02
1.404014918430479542e-01,3.172408023467591931e-02,3.493014719089945208e-01,5.683253699389667624e-01,2.446238553885212996e-01,2.416773377812042600e-01,1.000000000000000000e+00,-1.721718549442378676e-01,8.287290970799914003e-02,1.105511723863602386e-01,8.974856196147866505e-02,3.998084862676034440e-02,2.665140572879382552e-01,1.149251550058150995e-01,-2.228382696165737975e-01,1.908485896123952585e-01,1.937627131043352935e-01,3.740516071504417783e-01,3.145345883483250393e-01,2.417308635629673297e-01,3.120577067065774535e-02,3.623878733793137186e-01,1.985172006433771619e-01,1.893368860110709595e-01,1.639216146295217613e-01,3.229174319650731650e-01,1.824664343792017640e-01,4.284784660565303382e-01,1.408400656715758648e-01,4.922938524678439898e-02,-6.030104029141273442e-02,4.760120263154045406e-02,8.859987660126923681e-02,2.002167817240306513e-01,2.665707353685088377e-01,2.832436378680107114e-01,8.169626612435235136e-02,1.517724921758167311e-01,-6.100271946004532514e-02
-3.760656798713977733e-01,-9.078582775286081485e-02,-7.840720096397579830e-01,-1.625708065561657090e-01,-6.619739729576029630e-01,-2.850665301287436115e-01,-1.721718549442378676e-01,1.000000000000000000e+00,-1.967379366515610295e-01,-2.463394888625421997e-01,-3.934003735307506910e-01,-7.294143556043151955e-02,-1.162988949954687351e-01,-4.899712807809040727e-01,2.303013465573788832e-01,-2.883698176712302663e-01,-3.813675673502036068e-01,-3.294377544688644188e-01,-3.374472982291797929e-01,8.777593045428640217e-02,-5.122180821821723518e-01,-3.604698746631933570e-01,-3.448542119698979058e-01,-4.424443884826451678e-01,-3.461432881083163493e-01,-3.961909202021650644e-01,-3.861994382409296711e-01,-2.363337057999977953e-01,-2.843337092061870019e-01,-5.710681781812183139e-02,-1.155802587308175644e-01,-3.148653391531145984e-01,-6.286421181789008106e-01,-1.441362739508246504e-01,-2.092344460757683267e-01,-4.242690949029070957e-01,-1.570055865709902854e-01,-4.053028417407821826e-01,-1.619166905741385165e-01
4.350731748221649542e-01,7.697998762769427961e-01,3.793873536903490939e-01,2.059890356767454800e-01,2.793083878926634900e-01,-6.193189629427393872e-02,8.287290970799914003e-02,-1.967379366515610295e-01,1.000000000000000000e+00,8.277131103530384060e-01,-1.071654877478829676e-01,7.289165208856380751e-01,-4.181789403113154169e-01,1.853246274461439747e-01,5.725712968727413310e-01,7.771809861936190833e-01,2.567939022662569792e-01,7.172480815120053643e-01,7.543089152717719070e-01,4.917200799623772656e-01,1.169531699483375778e-02,1.756486263846265550e-01,-1.425866997145846249e-01,9.511382173240058580e-02,-3.149019654520035516e-01,3.004940907092473190e-01,-1.879806513505518153e-02,2.905062347551736757e-01,-2.502331991126370281e-01,8.243646785487500628e-01,6.557477264284923280e-01,3.676440881897834467e-01,-1.606285311590477938e-01,8.289346855930523894e-01,1.236861986460199014e-01,-5.334396485534924348e-02,6.081989969218556391e-01,7.204047131073038068e-01,8.254704020327908731e-01
4.157697175476199880e-01,7.627981416852043228e-01,4.163734545477330018e-01,3.204325601149521918e-01,2.950068390152054132e-01,1.643578874906974352e-02,1.105511723863602386e-01,-2.463394888625421997e-01,8.277131103530384060e-01,1.000000000000000000e+00,-8.528391554998025759e-02,7.889248289433637984e-01,-4.482685369719531243e-01,1.674701086973144903e-01,5.692890397229827260e-01,8.582278480463970682e-01,3.349035661218378590e-01,7.576257809001610832e-01,7.575360296749356070e-01,4.974787326436447277e-01,8.960636314031368566e-02,2.283286897279943606e-01,-1.839016493939827079e-01,1.290300972148365755e-01,-3.435953958111703788e-01,3.015408471135401780e-01,-4.907780761183386242e-02,3.062380046769995756e-01,-3.277408726321205390e-01,8.605010676588635832e-01,6.791759988317362939e-01,4.400648286140020904e-01,-1.190922812200759517e-01,7.475658295525495767e-01,9.522249273994994045e-02,-1.071175795405535369e-01,5.832426394750517273e-01,6.935165820732632769e-01,7.920882495173973137e-01
3.560528093524644166e-01,-2.474829924040548579e-01,4.462673709434109015e-01,-1.641029604527406149e-01,4.589849937573395322e-01,5.950442894597476329e-01,8.974856196147866505e-02,-3.934003735307506910e-01,-1.071654877478829676e-01,-8.528391554998025759e-02,1.000000000000000000e+00,-1.132228394266898974e-01,6.027894308835677339e-01,6.983377617305315255e-01,-4.252868076780764173e-01,2.702698108532723079e-03,5.340167664551881410e-01,-8.190861708547350628e-02,4.046439868389048455e-02,-1.792320282588084068e-01,4.828753164964310618e-01,2.394773830723707642e-01,7.165701005178336525e-01,6.798011869866248391e-01,7.459237927227512222e-01,4.280355210444030667e-01,6.083898651100407839e-01,1.051766872993762231e-01,6.278464557050752459e-01,-2.838152236615952284e-01,-2.605888187105933826e-02,3.790875535239822680e-01,6.494548396895267750e-01,-2.912914820915290526e-01,4.000046957376219847e-01,5.436524630666732527e-01,-1.723810846398036167e-01,1.454805867913776252e-01,-1.441553118149868085e-01
2.216187220959546789e-01,5.910496297917198216e-01,2.527462845392519086e-01,1.790075365427917509e-01,3.899371809913262932e-02,-1.524953638714527104e-01,3.998084862676034440e-02,-7.294143556043151955e-02,7.289165208856380751e-01,7.889248289433637984e-01,-1.132228394266898974e-01,1.000000000000000000e+00,-4.138620989069838885e-01,1.386516092090669117e-01,7.296559678538514504e-01,6.713700617681847005e-01,1.913895766434825507e-01,6.022669115891124969e-01,6.190382565563478101e-01,5.649211723448283040e-01,2.273884355952074041e-02,1.756354530786898571e-01,-2.007219468624236725e-01,-1.248726686346617216e-02,-3.529230566713726369e-01,1.613499150984418207e-01,-1.455453137476005188e-01,5.589031822631288643e-02,-3.726982741847835179e-01,7.609395626474717567e-01,4.994446959214307036e-01,2.997127033935132467e-01,-2.838125360711800660e-01,6.957400999687489707e-01,1.294429710433082359e-01,-2.927417620374284102e-01,4.633586131566022059e-01,4.999378750555955042e-01,6.058890197252948528e-01
1.108233425097636254e-01,-5.591685905019643243e-01,1.795844483395185043e-01,-2.351532056500866275e-01,2.064164260896665659e-01,3.488988463131462714e-01,2.665140572879382552e-01,-1.162988949954687351e-01,-4.181789403113154169e-01,-4.482685369719531243e-01,6.027894308835677339e-01,-4.138620989069838885e-01,1.000000000000000000e+00,3.877987186192873303e-01,-6.524631794186034339e-01,-3.341633615877963592e-01,2.571246928426049183e-01,-3.543822878986758185e-01,-2.051149950283588930e-01,-2.905019645629737801e-01,2.586332881335581813e-01,1.790482391467628220e-01,5.417534564545909426e-01,4.303903764550794375e-01,6.739034189003764164e-01,2.905496188324080964e-01,6.178658055942952698e-01,2.266796500406514578e-02,6.040257573815068781e-01,-5.642252168906967125e-01,-3.516520643003990809e-01,1.619810732978076706e-01,4.899601540367322094e-01,-5.155384227813867293e-01,2.710025967674248859e-01,5.152586866385372444e-01,-4.330181600498218542e-01,-1.368971388536229239e-01,-4.764345129962549441e-01
5.177219344384337285e-01,3.332911134209377152e-02,5.433166235098125796e-01,-9.131798464577667307e-02,5.224806666709060909e-01,4.482015132386035772e-01,1.149251550058150995e-01,-4.899712807809040727e-01,1.853246274461439747e-01,1.674701086973144903e-01,6.983377617305315255e-01,1.386516092090669117e-01,3.877987186192873303e-01,1.000000000000000000e+00,-1.418589262770095505e-01,2.250465384503395894e-01,4.746611935754606049e-01,1.408870373777565133e-01,2.475186654013856735e-01,2.877335063630043210e-02,4.598780960456088640e-01,2.720191850072925521e-01,6.783871297815375900e-01,6.834421609643642759e-01,6.238877326315153127e-01,4.814220798838983462e-01,5.511593758154076372e-01,1.814394939211974311e-01,5.335662987746531138e-01,-1.788714778323468105e-02,1.593614148845544920e-01,4.491183992216388199e-01,5.459331982601529631e-01,3.078889681133852724e-02,4.905111309627802618e-01,4.934622652872785453e-01,1.085144817288797581e-01,3.598778598304971377e-01,1.058079428308431047e-01
-4.954832993613463715e-02,5.629186950240873122e-01,-1.692852527457804901e-01,-3.689925840427023956e-02,-3.406271048530539747e-01,-3.748019225293751644e-01,-2.228382696165737975e-01,2.303013465573788832e-01,5.725712968727413310e-01,5.692890397229827260e-01,-4.252868076780764173e-01,7.296559678538514504e-01,-6.524631794186034339e-01,-1.418589262770095505e-01,1.000000000000000000e+00,3.842573887109545505e-01,-1.436569763186417159e-01,3.245393151715153524e-01,3.267088667780456146e-01,4.987563546758671529e-01,-2.549366745929356193e-01,-1.343418487924090965e-01,-4.322260830090896566e-01,-3.439709694900507375e-01,-5.808800103855691344e-01,-1.607753710075900400e-01,-4.416478616451146033e-01,-1.237083251153815039e-01,-5.330110504609919531e-01,6.813462677499647624e-01,4.351336868050781903e-01,-1.278795748351098036e-02,-6.066333952200964053e-01,6.097728528390088387e-01,-2.532732853094110670e-02,-5.705728953105491108e-01,4.232701746799155673e-01,1.876055721817883881e-01,5.013970025428120536e-01
5.420443045784149039e-01,7.289794203945115791e-01,4.925691764299428566e-01,4.080436809025461131e-01,4.295814979893438634e-01,1.173922119732582064e-01,1.908485896123952585e-01,-2.883698176712302663e-01,7.771809861936190833e-01,8.582278480463970682e-01,2.702698108532723079e-03,6.713700617681847005e-01,-3.341633615877963592e-01,2.250465384503395894e-01,3.842573887109545505e-01,1.000000000000000000e+00,4.508917082199679904e-01,7.983940624665752939e-01,7.493146388998791485e-01,4.808724301353133890e-01,1.529388406385461530e-01,2.940218369048371305e-01,-7.471833903748517636e-02,2.423889517891399670e-01,-2.422266223332008583e-01,4.234544657116707800e-01,5.969360446501276174e-02,4.438625200894310008e-01,-1.905261540925907160e-01,7.904952789578880701e-01,6.578819039581875749e-01,5.418407071484041548e-01,2.354624184703678347e-02,6.653966115844471840e-01,1.383347580575750024e-01,5.308258384721004780e-02,5.766860621668524756e-01,7.636599607487528640e-01,7.687854132011640029e-01
5.611178807792647216e-01,2.155475051695413813e-01,4.645676675834777281e-01,4.094870640497769165e-02,4.076519659178872712e-01,5.174001357399958811e-01,1.937627131043352935e-01,-3.813675673502036068e-01,2.567939022662569792e-01,3.349035661218378590e-01,5.340167664551881410e-01,1.913895766434825507e-01,2.571246928426049183e-01,4.746611935754606049e-01,-1.436569763186417159e-01,4.508917082199679904e-01,1.000000000000000000e+00,2.757785705502971974e-01,3.255039814611334625e-01,8.959410378989779433e-02,3.041984662110066573e-01,1.941793233117208584e-01,2.850141653160766508e-01,5.487050135366553505e-01,2.367619162489432161e-01,5.066016123618056755e-01,5.080053968870463788e-01,2.873088313541842798e-01,3.643789677652305437e-01,2.151217606858014941e-01,4.104276780053081053e-01,6.198923800098081749e-01,4.044521014374155010e-01,4.456415245435951106e-02,4.036730063834422233e-01,4.179866570733447029e-01,1.868785373941238837e-01,4.463159614974182010e-01,2.447736978631910865e-01
3.873743398849028852e-01,6.506799157716892656e-01,5.212122370449707720e-01,5.822622915945588895e-01,4.342757079443888002e-01,1.029431168420399112e-01,3.740516071504417783e-01,-3.294377544688644188e-01,7.172480815120053643e-01,7.576257809001610832e-01,-8.190861708547350628e-02,6.022669115891124969e-01,-3.543822878986758185e-01,1.408870373777565133e-01,3.245393151715153524e-01,7.983940624665752939e-01,2.757785705502971974e-01,1.000000000000000000e+00,8.294471503293260328e-01,5.249870898299628941e-01,1.353904269713025188e-01,3.593744478547516996e-01,-4.695585002185607981e-02,1.817367915166568648e-01,-2.049052760918718963e-01,3.205348264171962169e-01,-4.832969732516344957e-02,5.227475120473331627e-01,-2.173247798772663109e-01,6.929649610387753622e-01,5.032180369603725945e-01,3.339133619427461230e-01,-4.029552577394879785e-03,7.128427898060303303e-01,8.320259960928863552e-02,4.229587271277281818e-02,5.299412021920336668e-01,6.434086823391816923e-01,6.636416383943684050e-01
4.051163560519154827e-01,6.006097052476266906e-01,5.443484744729971680e-01,3.821908978763645104e-01,4.568731473043410873e-01,1.124078097509306762e-01,3.145345883483250393e-01,-3.374472982291797929e-01,7.543089152717719070e-01,7.575360296749356070e-01,4.046439868389048455e-02,6.190382565563478101e-01,-2.051149950283588930e-01,2.475186654013856735e-01,3.267088667780456146e-01,7.493146388998791485e-01,3.255039814611334625e-01,8.294471503293260328e-01,1.000000000000000000e+00,4.844656858279928757e-01,1.786662215595275494e-01,3.598913335130001223e-01,-5.532464927830569278e-03,2.391022672836803920e-01,-1.240381907199552963e-01,3.241821776340035877e-01,6.422975568337759011e-02,4.239237130916931329e-01,-1.664833292297414058e-01,6.680946458392500453e-01,5.030400181684888672e-01,3.354843311999495814e-01,4.801628779570889932e-02,7.013319538783790996e-01,1.074370320903740711e-01,8.704443662096722489e-02,4.348469929198524042e-01,6.596713346506906106e-01,6.596693959621101611e-01
7.347609011575369220e-02,3.935394757598329463e-01,2.364204933839358647e-01,3.628335894494159608e-01,-2.225456215600545712e-02,3.304230285972806908e-02,2.417308635629673297e-01,8.777593045428640217e-02,4.917200799623772656e-01,4.974787326436447277e-01,-1.792320282588084068e-01,5.649211723448283040e-01,-2.905019645629737801e-01,2.877335063630043210e-02,4.987563546758671529e-01,4.808724301353133890e-01,8.959410378989779433e-02,5.249870898299628941e-01,4.844656858279928757e-01,1.000000000000000000e+00,1.128684247314829803e-01,4.489134839995566617e-01,-1.983063117323202729e-01,3.092762309713398272e-02,-2.877325372478986010e-01,-6.437320773945215402e-02,-3.202893237152405481e-01,1.970067651621600913e-01,-3.719982696835129610e-01,5.510448150018157909e-01,2.855013312215593513e-01,1.085277425827988890e-01,-2.658479826947739433e-01,5.203235655661281323e-01,-1.096329030034065150e-01,-3.960248701134275739e-01,2.007996568123554260e-01,2.472860108414795532e-01,4.225684083907131350e-01
1.819223822165620952e-01,-1.611993204971818305e-01,6.232502046652644845e-01,7.708956402549167752e-02,5.462511268409189213e-01,3.844637197941309648e-01,3.120577067065774535e-02,-5.122180821821723518e-01,1.169531699483375778e-02,8.960636314031368566e-02,4.828753164964310618e-01,2.273884355952074041e-02,2.586332881335581813e-01,4.598780960456088640e-01,-2.549366745929356193e-01,1.529388406385461530e-01,3.041984662110066573e-01,1.353904269713025188e-01,1.786662215595275494e-01,1.128684247314829803e-01,1.000000000000000000e+00,7.136181774232770447e-01,3.235562896587884096e-01,5.334190359781664226e-01,4.041295812588110992e-01,9.984718933897190896e-02,2.099374370601168049e-01,2.662491069191144644e-02,1.696955945095851015e-01,-8.742374854136954199e-02,-4.989041619976013892e-02,2.015906844526962061e-01,7.330667281296233684e-01,-9.780027226457668754e-02,-7.327393421970100629e-02,1.931120944035976394e-01,-2.149026659591157518e-01,1.212781479937606322e-01,-1.579330668445677946e-02
8.821015742290484740e-02,-2.194777617199767175e-02,6.382266825873532667e-01,3.983710825792425858e-01,4.931570529992894691e-01,3.467041226015433741e-01,3.623878733793137186e-01,-3.604698746631933570e-01,1.756486263846265550e-01,2.283286897279943606e-01,2.394773830723707642e-01,1.756354530786898571e-01,1.790482391467628220e-01,2.720191850072925521e-01,-1.343418487924090965e-01,2.940218369048371305e-01,1.941793233117208584e-01,3.593744478547516996e-01,3.598913335130001223e-01,4.489134839995566617e-01,7.136181774232770447e-01,1.000000000000000000e+00,1.591657623937742516e-01,4.158423050412334288e-01,1.953990331122597013e-01,7.268887411737325055e-02,1.356515771249803583e-02,1.815013553180707118e-01,-5.017875001733185930e-02,1.114087750195952436e-01,-2.804225565437765133e-02,8.922085107574018181e-02,4.803879815157912070e-01,1.646480844482816341e-01,-1.492724811553495234e-01,9.300620054506750570e-03,-1.288023312635750983e-01,1.751537893192242346e-01,1.069037174216886793e-01
3.738367937786310491e-01,-2.016245416398702583e-01,3.655973986947776977e-01,-4.713603781118408387e-02,4.240141038300929699e-01,5.228355692248044528e-01,1.985172006433771619e-01,-3.448542119698979058e-01,-1.425866997145846249e-01,-1.839016493939827079e-01,7.165701005178336525e-01,-2.007219468624236725e-01,5.417534564545909426e-01,6.783871297815375900e-01,-4.322260830090896566e-01,-7.471833903748517636e-02,2.850141653160766508e-01,-4.695585002185607981e-02,-5.532464927830569278e-03,-1.983063117323202729e-01,3.235562896587884096e-01,1.591657623937742516e-01,1.000000000000000000e+00,6.666817105032999402e-01,8.551130888249559581e-01,4.859886531344003169e-01,5.683104529373734781e-01,2.730787562263756185e-01,7.287022650936824109e-01,-3.703667796572016058e-01,-1.099830019071390691e-01,2.235525104271100794e-01,5.219074181852602079e-01,-2.329611605877522085e-01,4.930894284959242979e-01,6.120364460679103003e-01,-1.956365510106721634e-02,1.298049521435805376e-01,-1.657404460233888599e-01
4.604326487328043727e-01,-8.028913520367891507e-03,5.701148264389445108e-01,6.617881477707335258e-02,5.980327143121354494e-01,7.182116137604176442e-01,1.893368860110709595e-01,-4.424443884826451678e-01,9.511382173240058580e-02,1.290300972148365755e-01,6.798011869866248391e-01,-1.248726686346617216e-02,4.303903764550794375e-01,6.834421609643642759e-01,-3.439709694900507375e-01,2.423889517891399670e-01,5.487050135366553505e-01,1.817367915166568648e-01,2.391022672836803920e-01,3.092762309713398272e-02,5.334190359781664226e-01,4.158423050412334288e-01,6.666817105032999402e-01,1.000000000000000000e+00,6.418178418748855529e-01,4.388244267828951828e-01,4.822511769780313262e-01,3.071229829929048027e-01,5.123878802833521373e-01,-6.007591999283174583e-02,1.449171685923614505e-01,3.994329410990437035e-01,6.148202328427831986e-01,-6.563446709388022493e-02,2.957028840772743528e-01,4.913195115926271561e-01,1.313084259720458460e-02,2.967391251841293154e-01,8.730699406161523957e-02
2.581342228287420437e-01,-3.997037058824104983e-01,3.522858073121402089e-01,-1.287393844301945867e-01,4.216751532846135797e-01,5.097358267658673725e-01,1.639216146295217613e-01,-3.461432881083163493e-01,-3.149019654520035516e-01,-3.435953958111703788e-01,7.459237927227512222e-01,-3.529230566713726369e-01,6.739034189003764164e-01,6.238877326315153127e-01,-5.808800103855691344e-01,-2.422266223332008583e-01,2.367619162489432161e-01,-2.049052760918718963e-01,-1.240381907199552963e-01,-2.877325372478986010e-01,4.041295812588110992e-01,1.953990331122597013e-01,8.551130888249559581e-01,6.418178418748855529e-01,1.000000000000000000e+00,3.573437146551697863e-01,5.827568239519955728e-01,1.080486497426562109e-01,7.136195074583556730e-01,-5.346015661139079667e-01,-2.499178734956268855e-01,1.703562479529611429e-01,6.153234240324572113e-01,-4.041983505081575001e-01,3.882003627524053813e-01,6.192478772150848965e-01,-2.065064712127548385e-01,-2.480646510626586740e-02,-3.426192261069087586e-01
6.634496825934741437e-01,2.821687901514208230e-01,4.482059724808443169e-01,1.244331051431253193e-01,4.224436840668633342e-01,3.081806123888953253e-01,3.229174319650731650e-01,-3.961909202021650644e-01,3.004940907092473190e-01,3.015408471135401780e-01,4.280355210444030667e-01,1.613499150984418207e-01,2.905496188324080964e-01,4.814220798838983462e-01,-1.607753710075900400e-01,4.234544657116707800e-01,5.066016123618056755e-01,3.205348264171962169e-01,3.241821776340035877e-01,-6.437320773945215402e-02,9.984718933897190896e-02,7.268887411737325055e-02,4.859886531344003169e-01,4.388244267828951828e-01,3.573437146551697863e-01,1.000000000000000000e+00,6.991111908057505708e-01,5.272986922320296310e-01,5.556283455450261588e-01,1.675063876168883248e-01,3.180319233886504948e-01,6.209997575145839166e-01,3.114714462637726555e-01,1.575642519662303898e-01,5.649477143552844582e-01,6.224520773633402948e-01,3.941366118949823361e-01,6.035917165613038371e-01,2.971096519352198206e-01
5.787668880774384794e-01,-8.114681821034033793e-02,3.650005285871441019e-01,-2.038465487649074315e-01,4.047275741829830520e-01,2.976928365948797173e-01,1.824664343792017640e-01,-3.861994382409296711e-01,-1.879806513505518153e-02,-4.907780761183386242e-02,6.083898651100407839e-01,-1.455453137476005188e-01,6.178658055942952698e-01,5.511593758154076372e-01,-4.416478616451146033e-01,5.969360446501276174e-02,5.080053968870463788e-01,-4.832969732516344957e-02,6.422975568337759011e-02,-3.202893237152405481e-01,2.099374370601168049e-01,1.356515771249803583e-02,5.683104529373734781e-01,4.822511769780313262e-01,5.827568239519955728e-01,6.991111908057505708e-01,1.000000000000000000e+00,2.386276538491408361e-01,7.186280469575703211e-01,-2.020763715820607376e-01,1.252510547794495055e-01,5.784328054976972666e-01,5.152659498196267007e-01,-2.157774619528815552e-01,5.390106924350347439e-01,7.422350779027988565e-01,8.830712381191707649e-02,3.651481315205157285e-01,1.851060339131845091e-05
4.198650283360926272e-01,3.625111862641490768e-01,3.516792267554100793e-01,4.546098556946834290e-01,3.618294115013045986e-01,3.708452291324552119e-01,4.284784660565303382e-01,-2.363337057999977953e-01,2.905062347551736757e-01,3.062380046769995756e-01,1.051766872993762231e-01,5.589031822631288643e-02,2.266796500406514578e-02,1.814394939211974311e-01,-1.237083251153815039e-01,4.438625200894310008e-01,2.873088313541842798e-01,5.227475120473331627e-01,4.239237130916931329e-01,1.970067651621600913e-01,2.662491069191144644e-02,1.815013553180707118e-01,2.730787562263756185e-01,3.071229829929048027e-01,1.080486497426562109e-01,5.272986922320296310e-01,2.386276538491408361e-01,1.000000000000000000e+00,2.418702871522610820e-01,2.590852196633582349e-01,3.886660162115989636e-01,3.386421456448376888e-01,1.492249850070234141e-01,2.980083186343560064e-01,1.306055758432849156e-01,3.138065821706690905e-01,3.041758586387101615e-01,4.581248873922474374e-01,3.671482006895562256e-01
4.158847120556061205e-01,-2.097729426570019706e-01,2.126303615225708377e-01,-2.263213001312062711e-01,2.475907543556296053e-01,3.948303998996135489e-01,1.408400656715758648e-01,-2.843337092061870019e-01,-2.502331991126370281e-01,-3.277408726321205390e-01,6.278464557050752459e-01,-3.726982741847835179e-01,6.040257573815068781e-01,5.335662987746531138e-01,-5.330110504609919531e-01,-1.905261540925907160e-01,3.643789677652305437e-01,-2.173247798772663109e-01,-1.664833292297414058e-01,-3.719982696835129610e-01,1.696955945095851015e-01,-5.017875001733185930e-02,7.287022650936824109e-01,5.123878802833521373e-01,7.136195074583556730e-01,5.556283455450261588e-01,7.186280469575703211e-01,2.418702871522610820e-01,1.000000000000000000e+00,-4.542191866772068987e-01,-1.232257193634560405e-01,3.146661559927304008e-01,4.815810949236727367e-01,-3.824851071249781853e-01,5.531920200924800302e-01,7.541700462117608694e-01,2.625459575508666543e-02,9.976947667626194505e-02,-2.439631271597231255e-01
3.000624341174684129e-01,8.055711379153398521e-01,2.201881444718150338e-01,2.710389040108055481e-01,8.656521600619558610e-02,-1.066389675345430083e-01,4.922938524678439898e-02,-5.710681781812183139e-02,8.243646785487500628e-01,8.605010676588635832e-01,-2.838152236615952284e-01,7.609395626474717567e-01,-5.642252168906967125e-01,-1.788714778323468105e-02,6.813462677499647624e-01,7.904952789578880701e-01,2.151217606858014941e-01,6.929649610387753622e-01,6.680946458392500453e-01,5.510448150018157909e-01,-8.742374854136954199e-02,1.114087750195952436e-01,-3.703667796572016058e-01,-6.007591999283174583e-02,-5.346015661139079667e-01,1.675063876168883248e-01,-2.020763715820607376e-01,2.590852196633582349e-01,-4.542191866772068987e-01,1.000000000000000000e+00,6.991442609546011377e-01,3.351852463699722673e-01,-3.349986698781138306e-01,7.842736822202259761e-01,2.301406846886224974e-02,-2.745300344335228071e-01,5.994196966593284825e-01,5.942593640012778788e-01,8.003722133772872560e-01
4.626974896116953784e-01,7.334128948189577724e-01,2.016765824969359300e-01,6.154141476011503603e-02,1.794015220680308109e-01,1.361246219818722236e-01,-6.030104029141273442e-02,-1.155802587308175644e-01,6.557477264284923280e-01,6.791759988317362939e-01,-2.605888187105933826e-02,4.994446959214307036e-01,-3.516520643003990809e-01,1.593614148845544920e-01,4.351336868050781903e-01,6.578819039581875749e-01,4.104276780053081053e-01,5.032180369603725945e-01,5.030400181684888672e-01,2.855013312215593513e-01,-4.989041619976013892e-02,-2.804225565437765133e-02,-1.099830019071390691e-01,1.449171685923614505e-01,-2.499178734956268855e-01,3.180319233886504948e-01,1.252510547794495055e-01,3.886660162115989636e-01,-1.232257193634560405e-01,6.991442609546011377e-01,1.000000000000000000e+00,5.135573857135065090e-01,-1.128633568959138828e-01,5.188998552911456841e-01,1.978141245432914475e-01,-9.921520140094786111e-03,5.895972268651212822e-01,5.616395816739225832e-01,7.301967417763118862e-01
6.749587071054320431e-01,3.454239975434792442e-01,3.972046866435453571e-01,-4.232813310663041499e-03,3.516140298061949943e-01,2.669653005648837119e-01,4.760120263154045406e-02,-3.148653391531145984e-01,3.676440881897834467e-01,4.400648286140020904e-01,3.790875535239822680e-01,2.997127033935132467e-01,1.619810732978076706e-01,4.491183992216388199e-01,-1.278795748351098036e-02,5.418407071484041548e-01,6.198923800098081749e-01,3.339133619427461230e-01,3.354843311999495814e-01,1.085277425827988890e-01,2.015906844526962061e-01,8.922085107574018181e-02,2.235525104271100794e-01,3.994329410990437035e-01,1.703562479529611429e-01,6.209997575145839166e-01,5.784328054976972666e-01,3.386421456448376888e-01,3.146661559927304008e-01,3.351852463699722673e-01,5.135573857135065090e-01,1.000000000000000000e+00,2.792979596575854706e-01,1.183628707053128032e-01,3.462278962871375154e-01,4.072234158512840763e-01,3.933393491963879662e-01,5.890395690120816541e-01,4.441333203017722164e-01
3.220608555734283396e-01,-2.855776995897759685e-01,6.278330901292754618e-01,3.215818190235365803e-02,7.028075044135106975e-01,4.700109436025015630e-01,8.859987660126923681e-02,-6.286421181789008106e-01,-1.606285311590477938e-01,-1.190922812200759517e-01,6.494548396895267750e-01,-2.838125360711800660e-01,4.899601540367322094e-01,5.459331982601529631e-01,-6.066333952200964053e-01,2.354624184703678347e-02,4.044521014374155010e-01,-4.029552577394879785e-03,4.801628779570889932e-02,-2.658479826947739433e-01,7.330667281296233684e-01,4.803879815157912070e-01,5.219074181852602079e-01,6.148202328427831986e-01,6.153234240324572113e-01,3.114714462637726555e-01,5.152659498196267007e-01,1.492249850070234141e-01,4.815810949236727367e-01,-3.349986698781138306e-01,-1.128633568959138828e-01,2.792979596575854706e-01,1.000000000000000000e+00,-2.914837180733583222e-01,8.081165526993472348e-02,5.467178622430123314e-01,-2.403517844608343834e-01,1.717416437019186337e-01,-1.448055237349250568e-01
2.294456332748921190e-01,7.097385244282320427e-01,3.083176251496597131e-01,3.471819711835769651e-01,1.867894379464390409e-01,-1.779404625826430386e-01,2.002167817240306513e-01,-1.441362739508246504e-01,8.289346855930523894e-01,7.475658295525495767e-01,-2.912914820915290526e-01,6.957400999687489707e-01,-5.155384227813867293e-01,3.078889681133852724e-02,6.097728528390088387e-01,6.653966115844471840e-01,4.456415245435951106e-02,7.128427898060303303e-01,7.013319538783790996e-01,5.203235655661281323e-01,-9.780027226457668754e-02,1.646480844482816341e-01,-2.329611605877522085e-01,-6.563446709388022493e-02,-4.041983505081575001e-01,1.575642519662303898e-01,-2.157774619528815552e-01,2.980083186343560064e-01,-3.824851071249781853e-01,7.842736822202259761e-01,5.188998552911456841e-01,1.183628707053128032e-01,-2.914837180733583222e-01,1.000000000000000000e+00,2.336020139759597061e-02,-2.035772150033381689e-01,5.541132616274390132e-01,5.916344701002140827e-01,7.163149574493874461e-01
4.843213988443684781e-01,2.046836412714244380e-01,1.770651104764913442e-01,-1.077661364192693955e-01,1.081686559346162063e-01,1.904996304065000035e-01,2.665707353685088377e-01,-2.092344460757683267e-01,1.236861986460199014e-01,9.522249273994994045e-02,4.000046957376219847e-01,1.294429710433082359e-01,2.710025967674248859e-01,4.905111309627802618e-01,-2.532732853094110670e-02,1.383347580575750024e-01,4.036730063834422233e-01,8.320259960928863552e-02,1.074370320903740711e-01,-1.096329030034065150e-01,-7.327393421970100629e-02,-1.492724811553495234e-01,4.930894284959242979e-01,2.957028840772743528e-01,3.882003627524053813e-01,5.649477143552844582e-01,5.390106924350347439e-01,1.306055758432849156e-01,5.531920200924800302e-01,2.301406846886224974e-02,1.978141245432914475e-01,3.462278962871375154e-01,8.081165526993472348e-02,2.336020139759597061e-02,1.000000000000000000e+00,5.061527920423912752e-01,4.405768637692801803e-01,2.584089268506820081e-01,4.178689887175521256e-02
5.364234591285884646e-01,-4.884647206324452262e-02,3.783358190498709028e-01,-1.187273566266921522e-02,5.045218363817249863e-01,3.500114950511124534e-01,2.832436378680107114e-01,-4.242690949029070957e-01,-5.334396485534924348e-02,-1.071175795405535369e-01,5.436524630666732527e-01,-2.927417620374284102e-01,5.152586866385372444e-01,4.934622652872785453e-01,-5.705728953105491108e-01,5.308258384721004780e-02,4.179866570733447029e-01,4.229587271277281818e-02,8.704443662096722489e-02,-3.960248701134275739e-01,1.931120944035976394e-01,9.300620054506750570e-03,6.120364460679103003e-01,4.913195115926271561e-01,6.192478772150848965e-01,6.224520773633402948e-01,7.422350779027988565e-01,3.138065821706690905e-01,7.541700462117608694e-01,-2.745300344335228071e-01,-9.921520140094786111e-03,4.072234158512840763e-01,5.467178622430123314e-01,-2.035772150033381689e-01,5.061527920423912752e-01,1.000000000000000000e+00,1.709607877828924205e-01,3.223929091003662761e-01,-6.871277089487641543e-02
4.565321928652617545e-01,7.664584666046573291e-01,1.705950059916581385e-01,1.612468018514354728e-01,1.021773907439234574e-01,-8.856198614588435547e-02,8.169626612435235136e-02,-1.570055865709902854e-01,6.081989969218556391e-01,5.832426394750517273e-01,-1.723810846398036167e-01,4.633586131566022059e-01,-4.330181600498218542e-01,1.085144817288797581e-01,4.232701746799155673e-01,5.766860621668524756e-01,1.868785373941238837e-01,5.299412021920336668e-01,4.348469929198524042e-01,2.007996568123554260e-01,-2.149026659591157518e-01,-1.288023312635750983e-01,-1.956365510106721634e-02,1.313084259720458460e-02,-2.065064712127548385e-01,3.941366118949823361e-01,8.830712381191707649e-02,3.041758586387101615e-01,2.625459575508666543e-02,5.994196966593284825e-01,5.895972268651212822e-01,3.933393491963879662e-01,-2.403517844608343834e-01,5.541132616274390132e-01,4.405768637692801803e-01,1.709607877828924205e-01,1.000000000000000000e+00,5.548331431346672504e-01,6.190555976009450845e-01
7.341850300230619020e-01,6.345975328867721199e-01,5.448518364546545145e-01,2.372492471240279233e-01,5.310132628725238169e-01,5.404428972568744993e-02,1.517724921758167311e-01,-4.053028417407821826e-01,7.204047131073038068e-01,6.935165820732632769e-01,1.454805867913776252e-01,4.999378750555955042e-01,-1.368971388536229239e-01,3.598778598304971377e-01,1.876055721817883881e-01,7.636599607487528640e-01,4.463159614974182010e-01,6.434086823391816923e-01,6.596713346506906106e-01,2.472860108414795532e-01,1.212781479937606322e-01,1.751537893192242346e-01,1.298049521435805376e-01,2.967391251841293154e-01,-2.480646510626586740e-02,6.035917165613038371e-01,3.651481315205157285e-01,4.581248873922474374e-01,9.976947667626194505e-02,5.942593640012778788e-01,5.616395816739225832e-01,5.890395690120816541e-01,1.717416437019186337e-01,5.916344701002140827e-01,2.584089268506820081e-01,3.223929091003662761e-01,5.548331431346672504e-01,1.000000000000000000e+00,7.539043534328492280e-01
5.259452920250463626e-01,8.133050254246289024e-01,3.043169640457050740e-01,1.943719911559395608e-01,2.744369091466398736e-01,-3.923396933422657745e-02,-6.100271946004532514e-02,-1.619166905741385165e-01,8.254704020327908731e-01,7.920882495173973137e-01,-1.441553118149868085e-01,6.058890197252948528e-01,-4.764345129962549441e-01,1.058079428308431047e-01,5.013970025428120536e-01,7.687854132011640029e-01,2.447736978631910865e-01,6.636416383943684050e-01,6.596693959621101611e-01,4.225684083907131350e-01,-1.579330668445677946e-02,1.069037174216886793e-01,-1.657404460233888599e-01,8.730699406161523957e-02,-3.426192261069087586e-01,2.971096519352198206e-01,1.851060339131845091e-05,3.671482006895562256e-01,-2.439631271597231255e-01,8.003722133772872560e-01,7.301967417763118862e-01,4.441333203017722164e-01,-1.448055237349250568e-01,7.163149574493874461e-01,4.178689887175521256e-02,-6.871277089487641543e-02,6.190555976009450845e-01,7.539043534328492280e-01,1.000000000000000000e+00
