1.000000000000000000e+00,-2.785613216139891102e-01,3.623708753731078036e-01,4.167668329008941686e-02,6.615006569278459973e-03,-3.077432515325297102e-02,5.262185475292473491e-01,-4.451436681666858242e-01,-3.113811734224260497e-01,-5.445383006030439788e-01,6.776410000416185353e-01,-6.462694790675016510e-01,2.005199328365539768e-01,1.618565480092168038e-02,-1.465695244476744770e-02,-3.308906457771710885e-01,6.813270048194681738e-01,-4.506148677571850114e-01,-3.341730341277189820e-01,-1.339288210431439641e-01,-2.531063975471569139e-01,-5.073656240261600336e-01,-5.340764740380622433e-01,3.400090172607017625e-01,2.878063247883914100e-01,6.355907579421226083e-01,1.528898459056077797e-01,6.560633897917202140e-02,7.352704385656595454e-01,-6.270110103119124201e-01,3.118906029694507726e-02,-3.793519044791842654e-01,2.422042720002903771e-02,-3.409127833990241441e-01,2.593618334437500228e-01,-4.121218366462036653e-01,-2.818098708006029351e-01,3.078569745877988706e-01,-3.307575814789128765e-01
-2.785613216139891102e-01,1.000000000000000000e+00,1.871754937135318986e-01,5.041049687590133666e-02,2.512438757933694311e-01,3.679675713914327684e-01,-1.335465686837209176e-01,1.252745805722267070e-01,5.088500907752473434e-01,5.859401372535689712e-01,-4.108440679089648828e-01,5.895628502947850569e-01,5.895434924665399201e-02,9.263864373191242618e-02,3.362312321077093324e-01,5.784274087540732801e-01,-4.442935840389081736e-01,4.489586183843568556e-01,4.701034794598864530e-01,4.002818372040388706e-01,1.289853388550840918e-01,6.087534747517958644e-01,6.735885153915092127e-01,-2.493734504952282993e-01,1.097247357019415573e-02,-2.491194575658574328e-01,1.070999157474955554e-01,4.556693433932117454e-01,-3.529141701366434458e-01,5.594202614382415284e-01,3.064925769911830411e-01,6.517474778210379238e-01,3.012450566522036355e-01,5.297507505586716015e-01,-1.988206007738349892e-02,5.172878073989383152e-01,5.538930137418492938e-01,2.176121366368952148e-01,5.745359326750493212e-01
3.623708753731078036e-01,1.871754937135318986e-01,1.000000000000000000e+00,3.519606735441834222e-01,4.754553669068214972e-01,1.982476186263514573e-01,3.866224621465822464e-01,-6.639135635715811556e-01,2.469318625875538409e-01,-1.093879468479773825e-01,2.340538302072688315e-01,3.480832277429574823e-02,3.945978533452823567e-01,1.595177092990215095e-01,2.877476471532595670e-01,1.932721935814577796e-01,2.117773539111965364e-01,2.652809062938866203e-01,3.925937972691078692e-01,1.629350998708797571e-01,-2.105774368086970605e-01,9.020626182450156016e-03,7.766652735218174120e-02,1.575924983344337837e-01,1.929338577819988410e-01,5.912858137392081881e-01,4.793068922210575455e-01,6.144552848054268823e-01,3.686468980462100364e-01,-1.729084960334551224e-01,3.190294558227814714e-01,2.585676663079473636e-01,2.334151072186106124e-01,3.875494195159481237e-01,2.738164792566076255e-01,1.747829496125875848e-01,2.996175026610676806e-01,1.195888104209195946e-01,9.351395445686749852e-02
4.167668329008941686e-02,5.041049687590133666e-02,3.519606735441834222e-01,1.000000000000000000e+00,4.454380701237339868e-01,-4.752183090188458192e-02,3.791507835792827796e-01,-7.688940599660866460e-02,1.204844427790338068e-01,-1.043384697749646971e-03,-3.954206569139603888e-02,1.498358558967858023e-01,3.471914703314359918e-01,2.055399408134371830e-01,-1.372096306535496857e-01,2.580497561134409423e-02,-6.097073311374528320e-02,2.727900381719036704e-01,3.186956855312954029e-01,2.135453287480836015e-01,6.904373013357173461e-02,2.219363159673531927e-01,8.773518944575520173e-02,5.700544891018184679e-02,-1.616144753984187776e-01,1.168845152686932842e-01,2.657793224753811079e-01,1.257363042033739220e-01,-2.132572144918924370e-02,-4.516917376857680633e-02,1.739756560914782792e-03,8.422861675872531095e-02,1.425726279488062631e-01,2.589504439182173101e-01,-6.782391969049242353e-02,8.630748043695742056e-02,1.387253890447233129e-01,1.459934998692654085e-01,9.112947972471255320e-02
6.615006569278459973e-03,2.512438757933694311e-01,4.754553669068214972e-01,4.454380701237339868e-01,1.000000000000000000e+00,6.831722448770446987e-02,1.767383318440219064e-01,-1.463935722455459720e-01,4.735750525452854243e-01,2.529564254788693178e-01,-1.534105896108537148e-01,2.574005132149727593e-01,1.406114847061712414e-01,3.745644400144618746e-01,5.240664235231919099e-02,2.779100527855113412e-01,-1.887664177187948489e-01,3.897451520967874505e-01,5.869575767564212398e-01,3.155930715406201070e-01,2.257586068475326280e-01,3.513598558546585093e-01,3.116568480537961205e-01,-3.808186501345844910e-02,7.043243945522463523e-02,2.030720945605609951e-01,5.257922112988686614e-01,2.787766488333699444e-01,-5.515106494382877866e-02,2.139411010559859883e-01,2.948092285517164846e-01,1.606649415843891260e-01,3.031060364006697427e-01,6.351890152394030764e-01,8.604378992084583955e-02,3.450425757622975209e-01,1.319857178707461720e-01,3.015102162653994222e-01,3.730695651308304495e-01
-3.077432515325297102e-02,3.679675713914327684e-01,1.982476186263514573e-01,-4.752183090188458192e-02,6.831722448770446987e-02,1.000000000000000000e+00,1.096604155329224395e-01,-3.958874501196782414e-02,1.835406725788396032e-01,3.040117164135828220e-01,-1.825289298042802599e-01,2.052916566250999886e-01,1.643512446271738203e-01,-2.781892093152308343e-01,3.042587103028117079e-01,3.955657595494903034e-01,-1.993196276457350757e-01,1.446614558235081727e-01,2.121721948357625231e-01,2.137523210670423390e-01,-1.349634724412272502e-01,2.440988928441146233e-01,3.549211143433045890e-01,-4.387496933692465739e-01,7.849064657325111050e-02,-9.378015495560322601e-02,-6.598777238630214315e-02,3.120147642663700926e-01,-1.318936770304994684e-02,9.071952375886525866e-02,8.156293138691744771e-02,4.392369439214587334e-01,1.532780454557915450e-01,2.430451617253215346e-01,2.208622681787773823e-01,3.336202723527341152e-01,3.827142630566773840e-01,1.043828851552826564e-01,2.071935056350060478e-01
5.262185475292473491e-01,-1.335465686837209176e-01,3.866224621465822464e-01,3.791507835792827796e-01,1.767383318440219064e-01,1.096604155329224395e-01,1.000000000000000000e+00,-3.727539523475980610e-01,-2.788962776414687372e-01,-3.481761266886811423e-01,4.706402559452856904e-01,-5.051111004539852178e-01,4.164014231483640360e-01,8.376690264493073801e-02,-1.282081938253255560e-01,-1.422186103907814581e-01,4.394458017593483867e-01,-2.663748580785794129e-01,-9.133317705089025185e-02,2.799106457026993844e-02,-2.343467847962683870e-01,-2.361801406426656535e-01,-3.212496694233418770e-01,3.147679757017767255e-01,2.382174953124209793e-01,4.724107270603171704e-01,7.563309550430157013e-02,1.276144755094608396e-01,5.712502416317281062e-01,-4.899230758854180023e-01,-1.552992597920498929e-01,-1.891195103087736917e-01,1.718328181325761428e-01,-1.752920783482374290e-01,2.023810801822035488e-01,-2.884389384078074325e-01,-5.162279739919042182e-02,6.212455331570119338e-02,-2.880206766156296894e-01
-4.451436681666858242e-01,1.252745805722267070e-01,-6.639135635715811556e-01,-7.688940599660866460e-02,-1.463935722455459720e-01,-3.958874501196782414e-02,-3.727539523475980610e-01,1.000000000000000000e+00,1.576236722928650302e-01,4.737999872140114532e-01,-3.233347048110971622e-01,2.748420253440435612e-01,-1.185568528390711779e-01,6.235494174916807880e-02,-1.821518572703424987e-01,1.753357892560110098e-01,-3.248193682118752923e-01,-1.792284544773516120e-02,-1.089904250120036777e-01,3.568276063851993363e-01,5.755914442147095356e-01,4.812805557149917868e-01,2.749335066707134789e-01,-3.419241447852622851e-01,-9.816014707388949490e-02,-6.363187853643916814e-01,-9.816235119520828889e-02,-2.938241512864124827e-01,-4.819811657755742051e-01,4.513062006475887511e-01,-1.376304218999627460e-01,3.258572995193631527e-02,1.846907690181490425e-01,1.318399982390751346e-02,-2.329674120369311652e-01,7.677404123085965204e-02,-1.492581574687109891e-01,1.880695118328823412e-01,2.910544469899079556e-01
-3.113811734224260497e-01,5.088500907752473434e-01,2.469318625875538409e-01,1.204844427790338068e-01,4.735750525452854243e-01,1.835406725788396032e-01,-2.788962776414687372e-01,1.576236722928650302e-01,1.000000000000000000e+00,5.908480071125333799e-01,-3.746589792578681744e-01,6.008104432649835625e-01,5.758891125824008861e-02,2.882260900233735712e-01,4.387362211325874228e-01,6.091037855048442307e-01,-4.183182288843687036e-01,5.712452105691917525e-01,4.957093269349840958e-01,4.703677928461612590e-01,3.565084169898351529e-01,5.918029483235557331e-01,6.573757260644544909e-01,-1.677139835529334322e-01,1.695094767936588809e-01,-7.897836328045680643e-02,4.250422899574268221e-01,3.953687331796793547e-01,-2.971406683581566122e-01,5.880080078109066744e-01,3.352490622954308330e-01,4.994238972711759206e-01,4.101653399224149399e-01,7.006308616214255158e-01,6.057685903865311916e-02,5.816877523612173917e-01,3.984910587331089715e-01,3.076553082493430624e-01,6.950889669279107785e-01
-5.445383006030439788e-01,5.859401372535689712e-01,-1.093879468479773825e-01,-1.043384697749646971e-03,2.529564254788693178e-01,3.040117164135828220e-01,-3.481761266886811423e-01,4.737999872140114532e-01,5.908480071125333799e-01,1.000000000000000000e+00,-5.299384455418078010e-01,6.730635514587177681e-01,1.755840470665778752e-02,1.150829484052964119e-01,3.310234645919967744e-01,7.546485971098749745e-01,-5.614843300955920657e-01,4.762130073425369092e-01,4.070615174488263488e-01,4.429875836051547777e-01,4.822951543795656604e-01,7.386501987035622996e-01,7.098111365813555285e-01,-4.156747688759178105e-01,-1.872615176750573162e-03,-4.933035416867895262e-01,1.629284658142591824e-01,2.161474954716842145e-01,-5.109118316749862165e-01,7.488628542795635612e-01,1.403298186683245019e-01,5.500736963611766450e-01,3.489259142853479712e-01,6.167585952092230484e-01,-6.704682543591064525e-02,5.962391198136264281e-01,3.322459736140878084e-01,1.917362360201069205e-01,6.824661872985657851e-01
6.776410000416185353e-01,-4.108440679089648828e-01,2.340538302072688315e-01,-3.954206569139603888e-02,-1.534105896108537148e-01,-1.825289298042802599e-01,4.706402559452856904e-01,-3.233347048110971622e-01,-3.746589792578681744e-01,-5.299384455418078010e-01,1.000000000000000000e+00,-7.165503097976121394e-01,3.214480428852813376e-01,8.378089189030202277e-02,-1.104634743328432173e-01,-3.267421882813018597e-01,8.531802474074819953e-01,-5.576548878967039213e-01,-4.992670700940263218e-01,-1.373074249311474204e-01,-1.289441473760176426e-01,-4.990286809604987939e-01,-6.091422901857964645e-01,4.129487358048654633e-01,4.047127964961240720e-01,6.060373954097425520e-01,1.758676904564164256e-01,1.261352509854785087e-01,7.785848106510914191e-01,-6.247368654546414657e-01,-8.333353553167488492e-02,-4.043865950370107432e-01,1.880166549006527521e-01,-4.562736310108518878e-01,2.912640518306545134e-01,-4.781624471544382304e-01,-3.697076244562891301e-01,5.974528746363357012e-02,-3.553347160417807959e-01
-6.462694790675016510e-01,5.895628502947850569e-01,3.480832277429574823e-02,1.498358558967858023e-01,2.574005132149727593e-01,2.052916566250999886e-01,-5.051111004539852178e-01,2.748420253440435612e-01,6.008104432649835625e-01,6.730635514587177681e-01,-7.165503097976121394e-01,1.000000000000000000e+00,-8.624764530049472411e-02,6.595537974100358636e-02,3.730475203952813845e-01,5.611300787982881344e-01,-7.370647250625396163e-01,7.383264089679738573e-01,6.384745223630279298e-01,2.887849137368888042e-01,2.603752331053360569e-01,6.997702023905995050e-01,7.628590049545642682e-01,-3.916913575658738655e-01,-3.129398069976327412e-01,-4.975919218566687285e-01,1.283303113664269746e-01,2.697621955940090466e-01,-7.057282927587017474e-01,7.255248120525947808e-01,2.570929973942996938e-01,6.567176828423426649e-01,9.572401731834218053e-02,6.773958329020324243e-01,-2.406630159121953272e-01,6.437504889681663345e-01,4.921600983539964891e-01,8.374946375266494047e-02,6.141154146110172629e-01
2.005199328365539768e-01,5.895434924665399201e-02,3.945978533452823567e-01,3.471914703314359918e-01,1.406114847061712414e-01,1.643512446271738203e-01,4.164014231483640360e-01,-1.185568528390711779e-01,5.758891125824008861e-02,1.755840470665778752e-02,3.214480428852813376e-01,-8.624764530049472411e-02,1.000000000000000000e+00,9.722952637366437389e-02,5.665019567625310254e-02,2.027784840070697980e-01,2.866940027006222858e-01,4.172259747358703086e-02,1.563768364332149274e-02,3.549527434919482194e-01,3.497224727045129822e-02,1.455658866375660609e-01,3.438061021122443967e-02,1.525854991272638794e-01,3.151334848450187964e-01,2.792912794824146117e-01,2.011075298634025510e-01,3.544724466292875631e-01,3.676609339061576165e-01,-1.584711404280745306e-01,-2.702403887543107230e-01,1.958728994168773552e-01,4.612474392307873150e-01,1.032194927151121738e-01,3.211919019199973580e-01,-3.348378483880350837e-02,2.288152602224346743e-01,5.045178538134402479e-02,5.348244672947249229e-02
1.618565480092168038e-02,9.263864373191242618e-02,1.595177092990215095e-01,2.055399408134371830e-01,3.745644400144618746e-01,-2.781892093152308343e-01,8.376690264493073801e-02,6.235494174916807880e-02,2.882260900233735712e-01,1.150829484052964119e-01,8.378089189030202277e-02,6.595537974100358636e-02,9.722952637366437389e-02,1.000000000000000000e+00,-5.043327030408987187e-03,1.252545417319896326e-01,5.645401187192736203e-02,1.505764524469905830e-01,1.686574454214512242e-01,1.626870161296093409e-01,3.245237242939771338e-01,1.768098759348054050e-01,9.827219699729217162e-02,3.145925010008509548e-01,9.448601152527161262e-02,1.516979070633185378e-01,4.721387839186899082e-01,1.379268282259997758e-01,2.501865189468941569e-02,1.561104532333303097e-01,1.334440084236746260e-01,-6.376696795949939045e-02,2.106507801940828706e-01,2.309463545641325666e-01,-3.951369547417231398e-02,1.130709255170164323e-01,-1.245927993372194509e-01,1.867299634938722752e-01,2.930905418948545615e-01
-1.465695244476744770e-02,3.362312321077093324e-01,2.877476471532595670e-01,-1.372096306535496857e-01,5.240664235231919099e-02,3.042587103028117079e-01,-1.282081938253255560e-01,-1.821518572703424987e-01,4.387362211325874228e-01,3.310234645919967744e-01,-1.104634743328432173e-01,3.730475203952813845e-01,5.665019567625310254e-02,-5.043327030408987187e-03,1.000000000000000000e+00,4.866755788004165639e-01,-1.804568717024295499e-01,4.562635612208064684e-01,3.637458751318559114e-01,1.226634120301595653e-02,-1.091887536574701403e-02,1.968376347796005621e-01,4.134618248841070987e-01,-4.609460244154719999e-02,1.268607066770940373e-01,1.304199733303790416e-02,1.309757652931135552e-01,4.593610383688256360e-01,1.301460183044698612e-02,2.803821409037161039e-01,2.499689757373443899e-01,4.803521229473645682e-01,1.584942177476461600e-01,4.242471039064905081e-01,8.780601149398101213e-02,4.250338138066191429e-01,3.939836857615898191e-01,2.194165423449817298e-01,4.367711434188370490e-01
-3.308906457771710885e-01,5.784274087540732801e-01,1.932721935814577796e-01,2.580497561134409423e-02,2.779100527855113412e-01,3.955657595494903034e-01,-1.422186103907814581e-01,1.753357892560110098e-01,6.091037855048442307e-01,7.546485971098749745e-01,-3.267421882813018597e-01,5.611300787982881344e-01,2.027784840070697980e-01,1.252545417319896326e-01,4.866755788004165639e-01,1.000000000000000000e+00,-3.648271718355896032e-01,5.034040986241528071e-01,4.347171049009844745e-01,4.314067668404740763e-01,3.138327210204242546e-01,6.360599764821633917e-01,6.736977269532671286e-01,-2.814554575908778666e-01,1.939207907291397581e-01,-1.892223461517804628e-01,2.572472377108975805e-01,4.812258260240424579e-01,-2.395006008335053005e-01,5.915531118673171829e-01,1.413385191781185712e-01,6.396049061492369292e-01,4.848067485311257641e-01,6.225429658443016878e-01,1.009290458301150550e-01,5.902901169995468100e-01,4.884772279573537657e-01,2.023748478676944129e-01,6.490443196051685071e-01
6.813270048194681738e-01,-4.442935840389081736e-01,2.117773539111965364e-01,-6.097073311374528320e-02,-1.887664177187948489e-01,-1.993196276457350757e-01,4.394458017593483867e-01,-3.248193682118752923e-01,-4.183182288843687036e-01,-5.614843300955920657e-01,8.531802474074819953e-01,-7.370647250625396163e-01,2.866940027006222858e-01,5.645401187192736203e-02,-1.804568717024295499e-01,-3.648271718355896032e-01,1.000000000000000000e+00,-5.785888726247485625e-01,-5.162479488051673338e-01,-1.535000167752801625e-01,-1.367595496864232874e-01,-5.423218302010516245e-01,-6.398278829257758593e-01,3.804590279151195409e-01,4.014874856348004117e-01,5.951506688614355278e-01,1.311073993505460222e-01,5.962170516743516696e-02,7.694316659099080802e-01,-6.431160460918357025e-01,-1.337185321614470790e-01,-4.419732652590749877e-01,1.288107988191461717e-01,-5.011412109448741825e-01,2.846402734251896605e-01,-4.984327831124855668e-01,-3.905514583223473335e-01,2.439762634034647187e-02,-4.251087167774197928e-01
-4.506148677571850114e-01,4.489586183843568556e-01,2.652809062938866203e-01,2.727900381719036704e-01,3.897451520967874505e-01,1.446614558235081727e-01,-2.663748580785794129e-01,-1.792284544773516120e-02,5.712452105691917525e-01,4.762130073425369092e-01,-5.576548878967039213e-01,7.383264089679738573e-01,4.172259747358703086e-02,1.505764524469905830e-01,4.562635612208064684e-01,5.034040986241528071e-01,-5.785888726247485625e-01,1.000000000000000000e+00,7.372522692659052579e-01,1.672366129625612041e-01,1.049453775873232936e-01,4.773689463611746620e-01,6.426975339061996584e-01,-1.797140455332413289e-01,-1.826915897244429932e-01,-2.166376046310170556e-01,1.977705112055312131e-01,3.429445710598654218e-01,-4.618164461825344791e-01,5.358980138759585898e-01,2.089286350008716098e-01,5.514968436494989135e-01,5.732937758777016668e-02,6.830334505951937141e-01,-1.062514145462802179e-01,5.542899354887202978e-01,4.878070165407880632e-01,-1.170273500561173560e-02,4.769220632200010801e-01
-3.341730341277189820e-01,4.701034794598864530e-01,3.925937972691078692e-01,3.186956855312954029e-01,5.869575767564212398e-01,2.121721948357625231e-01,-9.133317705089025185e-02,-1.089904250120036777e-01,4.957093269349840958e-01,4.070615174488263488e-01,-4.992670700940263218e-01,6.384745223630279298e-01,1.563768364332149274e-02,1.686574454214512242e-01,3.637458751318559114e-01,4.347171049009844745e-01,-5.162479488051673338e-01,7.372522692659052579e-01,1.000000000000000000e+00,1.856937146716510223e-01,6.820520068044977346e-02,4.919601795502451247e-01,6.145950876939293428e-01,-1.989000309430562496e-01,-1.821271020995989531e-01,-1.078338817415934042e-01,2.778802937167701437e-01,4.058502044343286208e-01,-4.015889224056590767e-01,4.679786281461993380e-01,3.562155472280218449e-01,5.140357530415491372e-01,1.358052907905668849e-01,7.225453051848199637e-01,-1.064917121800241229e-01,5.519850550543026202e-01,4.034734935537014899e-01,8.066433157944308263e-02,4.159211519040575400e-01
-1.339288210431439641e-01,4.002818372040388706e-01,1.629350998708797571e-01,2.135453287480836015e-01,3.155930715406201070e-01,2.137523210670423390e-01,2.799106457026993844e-02,3.568276063851993363e-01,4.703677928461612590e-01,4.429875836051547777e-01,-1.373074249311474204e-01,2.887849137368888042e-01,3.549527434919482194e-01,1.626870161296093409e-01,1.226634120301595653e-02,4.314067668404740763e-01,-1.535000167752801625e-01,1.672366129625612041e-01,1.856937146716510223e-01,1.000000000000000000e+00,5.092253291247180735e-01,6.022105543337928912e-01,3.712825351441597643e-01,-2.891075075083208157e-01,2.129643952031352039e-01,-9.255503069037596120e-02,3.684675463187602751e-01,2.927571273504488425e-01,-1.340319832297945379e-01,3.713962206146587119e-01,1.033888735131881925e-01,2.831436859990748012e-01,5.418362427580304397e-01,4.087321860862040968e-01,1.099278727773087133e-01,2.449135007400918551e-01,1.788355365398346941e-01,3.517333528238392182e-01,4.243414508139589092e-01
-2.531063975471569139e-01,1.289853388550840918e-01,-2.105774368086970605e-01,6.904373013357173461e-02,2.257586068475326280e-01,-1.349634724412272502e-01,-2.343467847962683870e-01,5.755914442147095356e-01,3.565084169898351529e-01,4.822951543795656604e-01,-1.289441473760176426e-01,2.603752331053360569e-01,3.497224727045129822e-02,3.245237242939771338e-01,-1.091887536574701403e-02,3.138327210204242546e-01,-1.367595496864232874e-01,1.049453775873232936e-01,6.820520068044977346e-02,5.092253291247180735e-01,1.000000000000000000e+00,5.308960954837280699e-01,2.398448796367393665e-01,-2.847953733331640702e-01,1.211014921371411368e-01,-3.367737928290693294e-01,3.257622283898558013e-01,-3.027571140847847703e-02,-2.332853675066053067e-01,4.896436884599313366e-01,2.213824792341252592e-03,1.698078861599735048e-02,4.134088745718921265e-01,2.932487209575358467e-01,-2.001928860232660146e-01,2.523378516129131111e-01,-1.548138849160522468e-01,3.483881791048947241e-01,4.509318645234688949e-01
-5.073656240261600336e-01,6.087534747517958644e-01,9.020626182450156016e-03,2.219363159673531927e-01,3.513598558546585093e-01,2.440988928441146233e-01,-2.361801406426656535e-01,4.812805557149917868e-01,5.918029483235557331e-01,7.386501987035622996e-01,-4.990286809604987939e-01,6.997702023905995050e-01,1.455658866375660609e-01,1.768098759348054050e-01,1.968376347796005621e-01,6.360599764821633917e-01,-5.423218302010516245e-01,4.773689463611746620e-01,4.919601795502451247e-01,6.022105543337928912e-01,5.308960954837280699e-01,1.000000000000000000e+00,7.174023725449897304e-01,-3.984579348440996927e-01,-7.673808673152587856e-02,-4.547165436230185542e-01,2.642081449689853145e-01,3.038470184249594808e-01,-5.295161549092979314e-01,7.150419291436161950e-01,1.611278163197642777e-01,5.833068983512285088e-01,4.625923037901645829e-01,6.189430324126591332e-01,-2.090252000639245267e-01,5.505033621978989711e-01,3.572079236437564753e-01,3.162970695049153735e-01,6.764132564090996613e-01
-5.340764740380622433e-01,6.735885153915092127e-01,7.766652735218174120e-02,8.773518944575520173e-02,3.116568480537961205e-01,3.549211143433045890e-01,-3.212496694233418770e-01,2.749335066707134789e-01,6.573757260644544909e-01,7.098111365813555285e-01,-6.091422901857964645e-01,7.628590049545642682e-01,3.438061021122443967e-02,9.827219699729217162e-02,4.134618248841070987e-01,6.736977269532671286e-01,-6.398278829257758593e-01,6.426975339061996584e-01,6.145950876939293428e-01,3.712825351441597643e-01,2.398448796367393665e-01,7.174023725449897304e-01,1.000000000000000000e+00,-2.902896753067134572e-01,1.781650397165100708e-02,-4.089221104550366803e-01,1.040517158522880209e-01,3.875753693039130088e-01,-5.361324858316198760e-01,7.015670614579205822e-01,2.880587720468194557e-01,7.363278809419445681e-01,3.521268966632922770e-01,6.280558947762548971e-01,-3.893558970816606707e-02,6.184333068509439979e-01,5.713468627156947921e-01,1.545732459763400068e-01,6.480538805114969270e-01
3.400090172607017625e-01,-2.493734504952282993e-01,1.575924983344337837e-01,5.700544891018184679e-02,-3.808186501345844910e-02,-4.387496933692465739e-01,3.147679757017767255e-01,-3.419241447852622851e-01,-1.677139835529334322e-01,-4.156747688759178105e-01,4.129487358048654633e-01,-3.916913575658738655e-01,1.525854991272638794e-01,3.145925010008509548e-01,-4.609460244154719999e-02,-2.814554575908778666e-01,3.804590279151195409e-01,-1.797140455332413289e-01,-1.989000309430562496e-01,-2.891075075083208157e-01,-2.847953733331640702e-01,-3.984579348440996927e-01,-2.902896753067134572e-01,1.000000000000000000e+00,2.331429672997261671e-01,3.762861850244729744e-01,-4.712518385063588222e-02,6.149991883253705036e-03,4.547843305257910917e-01,-3.495320990576725184e-01,-1.973994938490495829e-02,-1.914881365410752434e-01,3.802296722140240809e-02,-2.612649195358774379e-01,1.269129677160669156e-01,-4.259082549293949915e-01,-3.416793130604062201e-02,-1.922015874776868694e-01,-2.817205768312698866e-01
2.878063247883914100e-01,1.097247357019415573e-02,1.929338577819988410e-01,-1.616144753984187776e-01,7.043243945522463523e-02,7.849064657325111050e-02,2.382174953124209793e-01,-9.816014707388949490e-02,1.695094767936588809e-01,-1.872615176750573162e-03,4.047127964961240720e-01,-3.129398069976327412e-01,3.151334848450187964e-01,9.448601152527161262e-02,1.268607066770940373e-01,1.939207907291397581e-01,4.014874856348004117e-01,-1.826915897244429932e-01,-1.821271020995989531e-01,2.129643952031352039e-01,1.211014921371411368e-01,-7.673808673152587856e-02,1.781650397165100708e-02,2.331429672997261671e-01,1.000000000000000000e+00,3.254045816328541285e-01,1.510467227628960463e-01,2.855070081763712020e-01,5.160286389143400321e-01,-4.897071918920018613e-02,4.995618379782056778e-02,1.109105393619932815e-02,5.773717390266477345e-01,-2.142502146547288835e-02,4.953110373591843585e-01,-1.128767089717912647e-01,4.177902775913763800e-02,9.446918616433858107e-02,6.708431578843963849e-02
6.355907579421226083e-01,-2.491194575658574328e-01,5.912858137392081881e-01,1.168845152686932842e-01,2.030720945605609951e-01,-9.378015495560322601e-02,4.724107270603171704e-01,-6.363187853643916814e-01,-7.897836328045680643e-02,-4.933035416867895262e-01,6.060373954097425520e-01,-4.975919218566687285e-01,2.792912794824146117e-01,1.516979070633185378e-01,1.304199733303790416e-02,-1.892223461517804628e-01,5.951506688614355278e-01,-2.166376046310170556e-01,-1.078338817415934042e-01,-9.255503069037596120e-02,-3.367737928290693294e-01,-4.547165436230185542e-01,-4.089221104550366803e-01,3.762861850244729744e-01,3.254045816328541285e-01,1.000000000000000000e+00,3.995811021053900514e-01,2.716614992366320203e-01,6.578953835399262706e-01,-5.650258295734467140e-01,6.708929789765935570e-02,-2.747208017989388740e-01,7.855000977984406829e-02,-1.189107303341343236e-01,3.334060222307767551e-01,-2.458114194904499616e-01,-1.334509369715878024e-01,7.186522202762919698e-02,-2.154845978475347645e-01
1.528898459056077797e-01,1.070999157474955554e-01,4.793068922210575455e-01,2.657793224753811079e-01,5.257922112988686614e-01,-6.598777238630214315e-02,7.563309550430157013e-02,-9.816235119520828889e-02,4.250422899574268221e-01,1.629284658142591824e-01,1.758676904564164256e-01,1.283303113664269746e-01,2.011075298634025510e-01,4.721387839186899082e-01,1.309757652931135552e-01,2.572472377108975805e-01,1.311073993505460222e-01,1.977705112055312131e-01,2.778802937167701437e-01,3.684675463187602751e-01,3.257622283898558013e-01,2.642081449689853145e-01,1.040517158522880209e-01,-4.712518385063588222e-02,1.510467227628960463e-01,3.995811021053900514e-01,1.000000000000000000e+00,3.996049545282679416e-01,8.675516825454575309e-02,1.057483410664222800e-01,3.738888851461770191e-01,1.120061062969208814e-02,3.090148304737211360e-01,4.277446307347042564e-01,5.618979699788621135e-02,2.516337911471349109e-01,-1.676481139671292253e-01,3.927460379140346736e-01,4.218511952456900915e-01
6.560633897917202140e-02,4.556693433932117454e-01,6.144552848054268823e-01,1.257363042033739220e-01,2.787766488333699444e-01,3.120147642663700926e-01,1.276144755094608396e-01,-2.938241512864124827e-01,3.953687331796793547e-01,2.161474954716842145e-01,1.261352509854785087e-01,2.697621955940090466e-01,3.544724466292875631e-01,1.379268282259997758e-01,4.593610383688256360e-01,4.812258260240424579e-01,5.962170516743516696e-02,3.429445710598654218e-01,4.058502044343286208e-01,2.927571273504488425e-01,-3.027571140847847703e-02,3.038470184249594808e-01,3.875753693039130088e-01,6.149991883253705036e-03,2.855070081763712020e-01,2.716614992366320203e-01,3.996049545282679416e-01,1.000000000000000000e+00,1.317023686168043439e-01,1.775088824297686996e-01,4.273463542956913441e-01,5.366080224440509250e-01,4.864366532841108426e-01,4.121929894630597668e-01,2.655350245631465378e-01,3.210985897344455497e-01,4.331501850147832511e-01,1.982797404991994417e-01,4.180048219643853202e-01
7.352704385656595454e-01,-3.529141701366434458e-01,3.686468980462100364e-01,-2.132572144918924370e-02,-5.515106494382877866e-02,-1.318936770304994684e-02,5.712502416317281062e-01,-4.819811657755742051e-01,-2.971406683581566122e-01,-5.109118316749862165e-01,7.785848106510914191e-01,-7.057282927587017474e-01,3.676609339061576165e-01,2.501865189468941569e-02,1.301460183044698612e-02,-2.395006008335053005e-01,7.694316659099080802e-01,-4.618164461825344791e-01,-4.015889224056590767e-01,-1.340319832297945379e-01,-2.332853675066053067e-01,-5.295161549092979314e-01,-5.361324858316198760e-01,4.547843305257910917e-01,5.160286389143400321e-01,6.578953835399262706e-01,8.675516825454575309e-02,1.317023686168043439e-01,1.000000000000000000e+00,-6.231890096490699804e-01,-1.194102394745815005e-01,-3.049353990599493747e-01,1.920534669104519698e-01,-3.653662977278845370e-01,4.094707483752186294e-01,-4.283154871500911010e-01,-1.585868326625849978e-01,5.791812554259796048e-02,-3.578406702656412586e-01
-6.270110103119124201e-01,5.594202614382415284e-01,-1.729084960334551224e-01,-4.516917376857680633e-02,2.139411010559859883e-01,9.071952375886525866e-02,-4.899230758854180023e-01,4.513062006475887511e-01,5.880080078109066744e-01,7.488628542795635612e-01,-6.247368654546414657e-01,7.255248120525947808e-01,-1.584711404280745306e-01,1.561104532333303097e-01,2.803821409037161039e-01,5.915531118673171829e-01,-6.431160460918357025e-01,5.358980138759585898e-01,4.679786281461993380e-01,3.713962206146587119e-01,4.896436884599313366e-01,7.150419291436161950e-01,7.015670614579205822e-01,-3.495320990576725184e-01,-4.897071918920018613e-02,-5.650258295734467140e-01,1.057483410664222800e-01,1.775088824297686996e-01,-6.231890096490699804e-01,1.000000000000000000e+00,2.253944717938968501e-01,5.030670756863522275e-01,2.477528365022085843e-01,5.780510361484823001e-01,-2.039228034801056633e-01,5.692838207964990849e-01,3.101396261703840418e-01,1.669391317729176372e-01,6.548011655307129919e-01
3.118906029694507726e-02,3.064925769911830411e-01,3.190294558227814714e-01,1.739756560914782792e-03,2.948092285517164846e-01,8.156293138691744771e-02,-1.552992597920498929e-01,-1.376304218999627460e-01,3.352490622954308330e-01,1.403298186683245019e-01,-8.333353553167488492e-02,2.570929973942996938e-01,-2.702403887543107230e-01,1.334440084236746260e-01,2.499689757373443899e-01,1.413385191781185712e-01,-1.337185321614470790e-01,2.089286350008716098e-01,3.562155472280218449e-01,1.033888735131881925e-01,2.213824792341252592e-03,1.611278163197642777e-01,2.880587720468194557e-01,-1.973994938490495829e-02,4.995618379782056778e-02,6.708929789765935570e-02,3.738888851461770191e-01,4.273463542956913441e-01,-1.194102394745815005e-01,2.253944717938968501e-01,1.000000000000000000e+00,2.320597122231894960e-01,1.292623201408175937e-01,3.513673930732050810e-01,7.949723949681652968e-02,1.998877013457330265e-01,4.491070819953216220e-02,2.206465986541055746e-01,2.910680068660746467e-01
-3.793519044791842654e-01,6.517474778210379238e-01,2.585676663079473636e-01,8.422861675872531095e-02,1.606649415843891260e-01,4.392369439214587334e-01,-1.891195103087736917e-01,3.258572995193631527e-02,4.994238972711759206e-01,5.500736963611766450e-01,-4.043865950370107432e-01,6.567176828423426649e-01,1.958728994168773552e-01,-6.376696795949939045e-02,4.803521229473645682e-01,6.396049061492369292e-01,-4.419732652590749877e-01,5.514968436494989135e-01,5.140357530415491372e-01,2.831436859990748012e-01,1.698078861599735048e-02,5.833068983512285088e-01,7.363278809419445681e-01,-1.914881365410752434e-01,1.109105393619932815e-02,-2.747208017989388740e-01,1.120061062969208814e-02,5.366080224440509250e-01,-3.049353990599493747e-01,5.030670756863522275e-01,2.320597122231894960e-01,1.000000000000000000e+00,3.418891925542678067e-01,5.289583863120336238e-01,7.744723210931753199e-02,5.515822658700605396e-01,7.476570185117444867e-01,7.583293017380328405e-02,5.043502515400430930e-01
2.422042720002903771e-02,3.012450566522036355e-01,2.334151072186106124e-01,1.425726279488062631e-01,3.031060364006697427e-01,1.532780454557915450e-01,1.718328181325761428e-01,1.846907690181490425e-01,4.101653399224149399e-01,3.489259142853479712e-01,1.880166549006527521e-01,9.572401731834218053e-02,4.612474392307873150e-01,2.106507801940828706e-01,1.584942177476461600e-01,4.848067485311257641e-01,1.288107988191461717e-01,5.732937758777016668e-02,1.358052907905668849e-01,5.418362427580304397e-01,4.134088745718921265e-01,4.625923037901645829e-01,3.521268966632922770e-01,3.802296722140240809e-02,5.773717390266477345e-01,7.855000977984406829e-02,3.090148304737211360e-01,4.864366532841108426e-01,1.920534669104519698e-01,2.477528365022085843e-01,1.292623201408175937e-01,3.418891925542678067e-01,1.000000000000000000e+00,3.073965585225582609e-01,2.717996665518238597e-01,1.392176497398492918e-01,2.300252027833401269e-01,3.143542932243181265e-01,4.028568652875822997e-01
-3.409127833990241441e-01,5.297507505586716015e-01,3.875494195159481237e-01,2.589504439182173101e-01,6.351890152394030764e-01,2.430451617253215346e-01,-1.752920783482374290e-01,1.318399982390751346e-02,7.006308616214255158e-01,6.167585952092230484e-01,-4.562736310108518878e-01,6.773958329020324243e-01,1.032194927151121738e-01,2.309463545641325666e-01,4.242471039064905081e-01,6.225429658443016878e-01,-5.011412109448741825e-01,6.830334505951937141e-01,7.225453051848199637e-01,4.087321860862040968e-01,2.932487209575358467e-01,6.189430324126591332e-01,6.280558947762548971e-01,-2.612649195358774379e-01,-2.142502146547288835e-02,-1.189107303341343236e-01,4.277446307347042564e-01,4.121929894630597668e-01,-3.653662977278845370e-01,5.780510361484823001e-01,3.513673930732050810e-01,5.289583863120336238e-01,3.073965585225582609e-01,1.000000000000000000e+00,1.254660402213336572e-02,6.355788423482010563e-01,3.947015906004622821e-01,1.757777880774590851e-01,6.001836408370539999e-01
2.593618334437500228e-01,-1.988206007738349892e-02,2.738164792566076255e-01,-6.782391969049242353e-02,8.604378992084583955e-02,2.208622681787773823e-01,2.023810801822035488e-01,-2.329674120369311652e-01,6.057685903865311916e-02,-6.704682543591064525e-02,2.912640518306545134e-01,-2.406630159121953272e-01,3.211919019199973580e-01,-3.951369547417231398e-02,8.780601149398101213e-02,1.009290458301150550e-01,2.846402734251896605e-01,-1.062514145462802179e-01,-1.064917121800241229e-01,1.099278727773087133e-01,-2.001928860232660146e-01,-2.090252000639245267e-01,-3.893558970816606707e-02,1.269129677160669156e-01,4.953110373591843585e-01,3.334060222307767551e-01,5.618979699788621135e-02,2.655350245631465378e-01,4.094707483752186294e-01,-2.039228034801056633e-01,7.949723949681652968e-02,7.744723210931753199e-02,2.717996665518238597e-01,1.254660402213336572e-02,1.000000000000000000e+00,-1.052471509662010613e-01,1.480040367125091960e-01,-4.304610584941705176e-02,-1.397353767888971122e-02
-4.121218366462036653e-01,5.172878073989383152e-01,1.747829496125875848e-01,8.630748043695742056e-02,3.450425757622975209e-01,3.336202723527341152e-01,-2.884389384078074325e-01,7.677404123085965204e-02,5.816877523612173917e-01,5.962391198136264281e-01,-4.781624471544382304e-01,6.437504889681663345e-01,-3.348378483880350837e-02,1.130709255170164323e-01,4.250338138066191429e-01,5.902901169995468100e-01,-4.984327831124855668e-01,5.542899354887202978e-01,5.519850550543026202e-01,2.449135007400918551e-01,2.523378516129131111e-01,5.505033621978989711e-01,6.184333068509439979e-01,-4.259082549293949915e-01,-1.128767089717912647e-01,-2.458114194904499616e-01,2.516337911471349109e-01,3.210985897344455497e-01,-4.283154871500911010e-01,5.692838207964990849e-01,1.998877013457330265e-01,5.515822658700605396e-01,1.392176497398492918e-01,6.355788423482010563e-01,-1.052471509662010613e-01,1.000000000000000000e+00,3.922361110587221367e-01,1.864617384158810398e-01,6.028194451663035913e-01
-2.818098708006029351e-01,5.538930137418492938e-01,2.996175026610676806e-01,1.387253890447233129e-01,1.319857178707461720e-01,3.827142630566773840e-01,-5.162279739919042182e-02,-1.492581574687109891e-01,3.984910587331089715e-01,3.322459736140878084e-01,-3.697076244562891301e-01,4.921600983539964891e-01,2.288152602224346743e-01,-1.245927993372194509e-01,3.939836857615898191e-01,4.884772279573537657e-01,-3.905514583223473335e-01,4.878070165407880632e-01,4.034734935537014899e-01,1.788355365398346941e-01,-1.548138849160522468e-01,3.572079236437564753e-01,5.713468627156947921e-01,-3.416793130604062201e-02,4.177902775913763800e-02,-1.334509369715878024e-01,-1.676481139671292253e-01,4.331501850147832511e-01,-1.585868326625849978e-01,3.101396261703840418e-01,4.491070819953216220e-02,7.476570185117444867e-01,2.300252027833401269e-01,3.947015906004622821e-01,1.480040367125091960e-01,3.922361110587221367e-01,1.000000000000000000e+00,-4.577208843392770177e-02,3.149298136737794795e-01
3.078569745877988706e-01,2.176121366368952148e-01,1.195888104209195946e-01,1.459934998692654085e-01,3.015102162653994222e-01,1.043828851552826564e-01,6.212455331570119338e-02,1.880695118328823412e-01,3.076553082493430624e-01,1.917362360201069205e-01,5.974528746363357012e-02,8.374946375266494047e-02,5.045178538134402479e-02,1.867299634938722752e-01,2.194165423449817298e-01,2.023748478676944129e-01,2.439762634034647187e-02,-1.170273500561173560e-02,8.066433157944308263e-02,3.517333528238392182e-01,3.483881791048947241e-01,3.162970695049153735e-01,1.545732459763400068e-01,-1.922015874776868694e-01,9.446918616433858107e-02,7.186522202762919698e-02,3.927460379140346736e-01,1.982797404991994417e-01,5.791812554259796048e-02,1.669391317729176372e-01,2.206465986541055746e-01,7.583293017380328405e-02,3.143542932243181265e-01,1.757777880774590851e-01,-4.304610584941705176e-02,1.864617384158810398e-01,-4.577208843392770177e-02,1.000000000000000000e+00,4.785476185281525852e-01
-3.307575814789128765e-01,5.745359326750493212e-01,9.351395445686749852e-02,9.112947972471255320e-02,3.730695651308304495e-01,2.071935056350060478e-01,-2.880206766156296894e-01,2.910544469899079556e-01,6.950889669279107785e-01,6.824661872985657851e-01,-3.553347160417807959e-01,6.141154146110172629e-01,5.348244672947249229e-02,2.930905418948545615e-01,4.367711434188370490e-01,6.490443196051685071e-01,-4.251087167774197928e-01,4.769220632200010801e-01,4.159211519040575400e-01,4.243414508139589092e-01,4.509318645234688949e-01,6.764132564090996613e-01,6.480538805114969270e-01,-2.817205768312698866e-01,6.708431578843963849e-02,-2.154845978475347645e-01,4.218511952456900915e-01,4.180048219643853202e-01,-3.578406702656412586e-01,6.548011655307129919e-01,2.910680068660746467e-01,5.043502515400430930e-01,4.028568652875822997e-01,6.001836408370539999e-01,-1.397353767888971122e-02,6.028194451663035913e-01,3.149298136737794795e-01,4.785476185281525852e-01,1.000000000000000000e+00
