1.000000000000000000e+00,-6.492691124803194602e-02,7.921192943194692582e-01,8.649189553384621920e-01,7.293926225678637465e-01,1.504671070484135120e-01,4.140008753873875569e-01,2.541273686466774540e-02,8.889160369264791361e-01,-2.310975769622574394e-01,-8.288654863093446457e-01,-1.526519219533660487e-01,3.788859958873776468e-01,6.062926252105900193e-01,7.828905908504935063e-01,5.376234856918854499e-01,3.125739850245157769e-01,8.965386735676829089e-01,8.950815971743180111e-01,8.197491826064751130e-01,-3.835193920989753980e-01,-8.772937334100172624e-01,-3.261196593088063755e-01,6.926646338121961177e-01,6.854638733036321208e-01,8.664637275194454480e-01,-8.928198353815387511e-01,8.489725986772881372e-01,9.043491878050313737e-01,8.509110618654970315e-01,-8.913740428096031954e-01,-7.243103265709133209e-01,-5.800564102529977006e-01,5.796476566341955960e-01,-5.403206706974569284e-01,-1.887129781356733649e-01,-4.905413636868861116e-01,9.074883797070434355e-01,-6.267547922437098906e-01
-6.492691124803194602e-02,1.000000000000000000e+00,-2.627843609018419221e-02,-2.716251092047601290e-01,8.163184707018474040e-02,4.079124696707451259e-01,-9.919372184586147667e-02,-4.840512121916590305e-01,-1.519756412593823436e-01,5.542803413096883958e-01,3.632546555053667303e-01,-3.554563514389426082e-01,4.535397477110647557e-02,2.461927125572375696e-01,-2.457295325919625073e-01,4.628294834005955427e-01,3.773097021837821807e-01,-2.402439348886882542e-01,-2.106280142848204195e-01,-2.977193479916430685e-01,1.858700169034988858e-01,1.698745277044105551e-01,4.638648724977690874e-01,1.227955705912308210e-01,1.412666589690178276e-01,2.184900427924366811e-02,2.062540600015957681e-01,-3.294725317739966713e-02,2.537084066599704438e-02,2.974863877934147763e-02,2.289695615298224241e-01,3.719882086194683524e-01,3.959716863993081315e-01,-3.819095223888818724e-02,5.029846668767395945e-01,6.044191650353621936e-01,5.213569304151804973e-01,-2.039486435190885349e-01,1.434404000319955408e-01
7.921192943194692582e-01,-2.627843609018419221e-02,1.000000000000000000e+00,7.294002730320641170e-01,8.325799944073497549e-01,1.701560177146173580e-01,5.921105816456356807e-01,-8.583830078664875241e-02,8.198249668108538168e-01,4.870000549947389040e-02,-7.299854632038105251e-01,1.357162151351208046e-01,1.563222023430438923e-01,6.628607732165301414e-01,7.122232596953000927e-01,6.458563716450419490e-01,9.253461517705173500e-02,7.975482695791566989e-01,8.153095619818157003e-01,7.850163324685960342e-01,-1.251253839055105344e-01,-6.544092578643679881e-01,-1.538198090958721453e-01,6.373479921238140999e-01,7.175572700115596669e-01,7.911148776263222659e-01,-7.066738391433013966e-01,7.893340634509198317e-01,7.821636867576080565e-01,8.266711174516806482e-01,-6.830164931009056195e-01,-5.000920957709122927e-01,-2.921869298731256115e-01,6.713730934679175144e-01,-3.595328449098016410e-01,-4.327150303473495385e-02,-2.498301182212526450e-01,7.924728550729519538e-01,-3.437916948665543093e-01
8.649189553384621920e-01,-2.716251092047601290e-01,7.294002730320641170e-01,1.000000000000000000e+00,6.081954462223148061e-01,-2.040468369426370540e-02,4.808110151342451788e-01,2.215350424789144790e-01,8.549563199870513497e-01,-4.128637999989109852e-01,-8.827611823316032780e-01,-2.254127832634766904e-02,3.067750021257040216e-01,4.473095147768081925e-01,7.228829590111842673e-01,3.711376568397882214e-01,1.208844716147835230e-01,8.986666178655353665e-01,8.905740540086484192e-01,8.606538926788456223e-01,-3.885127703716828029e-01,-8.536594608918615101e-01,-4.519495574920299186e-01,5.959986955357656768e-01,5.481894386187149415e-01,7.853954069498532142e-01,-8.868294190406693644e-01,7.975553625968778704e-01,8.044042945387733790e-01,7.591447213724757948e-01,-8.906701986527345571e-01,-7.765292820126011852e-01,-6.737240000517430438e-01,4.760601752404719500e-01,-6.376392365704698362e-01,-3.688661171298825980e-01,-5.745108124225296597e-01,8.929246418099995308e-01,-6.157762500921245552e-01
7.293926225678637465e-01,8.163184707018474040e-02,8.325799944073497549e-01,6.081954462223148061e-01,1.000000000000000000e+00,6.856391280571889901e-02,4.416614873400308561e-01,-3.250379906015874454e-01,8.021925013398023552e-01,1.404726006372397085e-01,-6.082603404414922421e-01,1.728272867635222976e-01,2.673180794782665237e-01,8.051779732207478002e-01,6.629647756285769189e-01,6.823271104510654217e-01,2.580826435381275430e-01,7.177019252991171383e-01,7.443005564910974980e-01,6.100414609650134379e-01,-3.403389934684314944e-01,-6.448857284826969849e-01,1.036584995094864481e-03,6.706753386689161545e-01,7.784769342398624170e-01,6.626616498483832718e-01,-6.165088240477930581e-01,6.278124482323135247e-01,7.301555731717116471e-01,7.612984750417810531e-01,-6.191105233268533459e-01,-4.124477397387270039e-01,-2.932767613920630456e-01,7.996836542250119750e-01,-4.032165120133852088e-01,7.076388462224040155e-04,-2.402021852863664431e-01,7.154902169216799113e-01,-1.506373413567584363e-01
1.504671070484135120e-01,4.079124696707451259e-01,1.701560177146173580e-01,-2.040468369426370540e-02,6.856391280571889901e-02,1.000000000000000000e+00,-4.340410298682669671e-02,2.870970213402872923e-02,-1.739000711382068798e-02,3.643690626473271577e-01,1.216403222081445246e-01,-5.311270813320974060e-01,1.096739486382106443e-01,7.024091832918705203e-02,1.151443310940321041e-01,2.153116130888777791e-01,3.290299664281466363e-01,2.940016372943781570e-02,1.357909707934278933e-02,9.787411753759908684e-02,3.578039330511920135e-01,-2.549592333260259497e-02,2.511134249826650275e-02,1.108952648273865832e-01,1.921348826024633361e-01,3.122110859710964803e-01,-8.539896445806428871e-02,2.929281621752725662e-01,2.901667315473471231e-01,2.350407898336082935e-01,-3.194411844135200407e-02,6.170602991453116859e-02,3.253909348795364642e-01,-3.146394237779293751e-02,4.212680564817301021e-01,4.272012195888841291e-01,2.738544209913416627e-01,5.119374220107077156e-02,-3.624786187226167744e-01
4.140008753873875569e-01,-9.919372184586147667e-02,5.921105816456356807e-01,4.808110151342451788e-01,4.416614873400308561e-01,-4.340410298682669671e-02,1.000000000000000000e+00,1.901465925277669999e-01,4.940267818026182756e-01,-5.927182771082473850e-02,-5.222571086905786197e-01,3.962078755656343043e-01,-1.633383907076511321e-01,2.870346423180423212e-01,3.964608265106981944e-01,3.657972343569678153e-01,-4.036378356664109268e-01,4.848012570906131691e-01,5.205810634819586502e-01,5.750309720707652561e-01,-2.658592079713088807e-02,-3.281929385469128380e-01,-1.409548603312824888e-01,2.941250711351453551e-01,3.624764987453835685e-01,4.254217580814934618e-01,-3.945317742551973650e-01,4.090379437332520296e-01,3.542613250796437518e-01,4.648203144667204523e-01,-3.683340145596234461e-01,-2.755576776830937491e-01,-1.757034328691312874e-01,4.239746851005001815e-01,-1.950977197319097856e-01,-1.759956294055078918e-01,-8.496031077537280485e-02,4.646210316875734048e-01,-1.504775153022226974e-01
2.541273686466774540e-02,-4.840512121916590305e-01,-8.583830078664875241e-02,2.215350424789144790e-01,-3.250379906015874454e-01,2.870970213402872923e-02,1.901465925277669999e-01,1.000000000000000000e+00,-4.507938074070462833e-03,-3.881159038333206190e-01,-2.337610662171978326e-01,1.000849487237800289e-01,-1.209837716316040368e-01,-3.897821165944411748e-01,1.034101040338287897e-01,-4.151227042235421383e-01,-4.429564904336507070e-01,1.417250894403225547e-01,8.291565373349095436e-02,3.152036211691405243e-01,1.746196826400677471e-01,-4.315763834297963591e-02,-4.286447281205960635e-01,-1.155662560605440065e-01,-1.592016658079283831e-01,4.792665994288981129e-02,-1.379289677698647965e-01,1.396706004921798583e-01,-1.477470731349186592e-02,-9.732884123037712637e-03,-1.441630249041263023e-01,-1.807993097840162600e-01,-1.903177579566837918e-01,-1.744488083563642267e-01,-9.705136499334292288e-02,-3.093849643290396134e-01,-1.454162921820540133e-01,1.032065360321032105e-01,-3.574564462166428536e-01
8.889160369264791361e-01,-1.519756412593823436e-01,8.198249668108538168e-01,8.549563199870513497e-01,8.021925013398023552e-01,-1.739000711382068798e-02,4.940267818026182756e-01,-4.507938074070462833e-03,1.000000000000000000e+00,-2.201835551653902323e-01,-8.430314944433147106e-01,7.457393370175821601e-02,3.193575362437382492e-01,6.627213043102969658e-01,7.828290259797701101e-01,5.370986132831706561e-01,2.130827150947304238e-01,9.030020505305557110e-01,9.125146618094052142e-01,8.159600895287162370e-01,-4.578589060544299705e-01,-8.560874352173281077e-01,-2.702020609479905966e-01,7.188644967308703837e-01,7.203707025768406602e-01,7.966838406002758610e-01,-8.515044077923188404e-01,7.709218243462601095e-01,8.456652162263003092e-01,8.394693953894429850e-01,-8.595312188830637190e-01,-6.922965203071727025e-01,-6.000150375331958497e-01,7.050473290983655383e-01,-6.089055189661835010e-01,-2.707817798435904200e-01,-4.980883436899072314e-01,9.011811978062802542e-01,-4.615737795975705104e-01
-2.310975769622574394e-01,5.542803413096883958e-01,4.870000549947389040e-02,-4.128637999989109852e-01,1.404726006372397085e-01,3.643690626473271577e-01,-5.927182771082473850e-02,-3.881159038333206190e-01,-2.201835551653902323e-01,1.000000000000000000e+00,4.167021358410695209e-01,8.826427171514580894e-02,-7.598580667820124812e-02,2.336929027374239909e-01,-1.518511646909810331e-01,3.607000447682398581e-01,1.303819703972695920e-01,-2.930106055364041784e-01,-2.994493552449313811e-01,-2.942080653660093525e-01,3.589562424239379768e-01,3.926051921370494746e-01,6.153130483200458523e-01,-4.354526771303873084e-02,2.680396851204418507e-01,-1.647405685735578718e-01,4.087216653019744572e-01,-1.616185493226923175e-01,-1.224262063655089522e-01,1.254355741333079699e-02,4.158186588873050149e-01,5.897799693860427128e-01,5.652518445662296775e-01,2.052223323476826955e-01,4.979166745580108633e-01,7.206963789633186179e-01,6.216841363015866984e-01,-3.118916204466751774e-01,4.459878419299606045e-01
-8.288654863093446457e-01,3.632546555053667303e-01,-7.299854632038105251e-01,-8.827611823316032780e-01,-6.082603404414922421e-01,1.216403222081445246e-01,-5.222571086905786197e-01,-2.337610662171978326e-01,-8.430314944433147106e-01,4.167021358410695209e-01,1.000000000000000000e+00,-1.026969380716774433e-01,-1.879847770621066727e-01,-4.111716339599572057e-01,-7.585453518727945932e-01,-3.471838784669940003e-01,1.442485092288810743e-02,-8.799718330146633072e-01,-8.739723594649845273e-01,-8.625921122242755645e-01,3.548944562397752800e-01,8.081480858655593069e-01,5.027478688596189738e-01,-5.169320873885856482e-01,-5.164084583163863762e-01,-7.435842756303387979e-01,8.572922397520579274e-01,-7.746949721746400064e-01,-7.528049336109573497e-01,-7.289278807378477554e-01,8.537642446859733392e-01,7.799368701607096721e-01,6.538910652016891589e-01,-5.137236001983938039e-01,6.814913837055789347e-01,4.196030894700417124e-01,6.077890222709181334e-01,-8.765738208381254060e-01,5.759999660985428704e-01
-1.526519219533660487e-01,-3.554563514389426082e-01,1.357162151351208046e-01,-2.254127832634766904e-02,1.728272867635222976e-01,-5.311270813320974060e-01,3.962078755656343043e-01,1.000849487237800289e-01,7.457393370175821601e-02,8.826427171514580894e-02,-1.026969380716774433e-01,1.000000000000000000e+00,-3.571046354232220721e-01,6.217491616228981721e-02,1.804369541860315757e-02,-6.224401978470294437e-03,-6.062301626873286553e-01,2.705134963126016104e-02,3.455347151925189375e-02,8.559093611710837102e-02,-8.849852615237881540e-03,1.775437874209101208e-01,1.402308679617626508e-01,-2.921587521748784944e-02,7.919725784052415729e-02,-2.150151968734808905e-01,1.923398631741591036e-01,-1.733259542177531809e-01,-2.220004389620285068e-01,-5.103854465247028432e-02,1.543462990016177538e-01,1.795169780934810222e-01,-4.097132756714056724e-03,3.436341580486168557e-01,-1.556469417499959651e-01,-1.794710910217820199e-01,6.594549585125863977e-02,-3.082052912772414652e-02,5.447383652742795457e-01
3.788859958873776468e-01,4.535397477110647557e-02,1.563222023430438923e-01,3.067750021257040216e-01,2.673180794782665237e-01,1.096739486382106443e-01,-1.633383907076511321e-01,-1.209837716316040368e-01,3.193575362437382492e-01,-7.598580667820124812e-02,-1.879847770621066727e-01,-3.571046354232220721e-01,1.000000000000000000e+00,3.311875922557765417e-01,3.531270507661579128e-01,2.403415146695893345e-02,4.908995439683845330e-01,3.312735870917949410e-01,3.154917503076090646e-01,1.264091612583086444e-01,-5.106426619477474338e-01,-4.698454732810467549e-01,-1.854496431935941450e-02,2.043470238026818264e-01,3.411395126983126080e-01,2.036121718308780415e-01,-3.679012766200918660e-01,1.815187681133861031e-01,3.670141880567236448e-01,2.993717128736784749e-01,-4.298068945174982614e-01,-2.208084989224008698e-01,-3.496425710949362387e-01,2.597949262091055478e-01,-3.085742859410583461e-01,4.779361490894533382e-02,-2.535876391619614756e-01,2.920000522396016818e-01,-2.529373763517333562e-01
6.062926252105900193e-01,2.461927125572375696e-01,6.628607732165301414e-01,4.473095147768081925e-01,8.051779732207478002e-01,7.024091832918705203e-02,2.870346423180423212e-01,-3.897821165944411748e-01,6.627213043102969658e-01,2.336929027374239909e-01,-4.111716339599572057e-01,6.217491616228981721e-02,3.311875922557765417e-01,1.000000000000000000e+00,4.848608111020538680e-01,6.623036451750642373e-01,3.532764896201541771e-01,5.617508267840501945e-01,5.775392287739332664e-01,3.820393035633558032e-01,-3.247509286005533791e-01,-5.305276391429092353e-01,2.229582045194072881e-01,6.797985891205907683e-01,7.646397225865442238e-01,5.286171666840534522e-01,-4.612199631035854841e-01,4.901162020170329869e-01,6.306550933853738439e-01,6.298532618154677465e-01,-4.838814906528686732e-01,-1.793601751747878614e-01,-1.773102729551522261e-01,7.262217004414515120e-01,-2.369338048835499533e-01,1.829299998712481112e-01,7.905821073403039231e-03,5.521593738972905285e-01,-6.961633612902348722e-02
7.828905908504935063e-01,-2.457295325919625073e-01,7.122232596953000927e-01,7.228829590111842673e-01,6.629647756285769189e-01,1.151443310940321041e-01,3.964608265106981944e-01,1.034101040338287897e-01,7.828290259797701101e-01,-1.518511646909810331e-01,-7.585453518727945932e-01,1.804369541860315757e-02,3.531270507661579128e-01,4.848608111020538680e-01,1.000000000000000000e+00,3.233836968402123979e-01,1.584999948747214671e-01,7.976246568305281892e-01,7.913320651706631237e-01,7.493095839052100748e-01,-3.804550916514068404e-01,-7.535350678337101593e-01,-3.802835668401602365e-01,4.971398508507443026e-01,6.411554852229400803e-01,6.701245855276690699e-01,-7.652608028576661781e-01,6.817084607786877415e-01,7.441984061243624993e-01,7.474284158731068217e-01,-7.733672811456516749e-01,-6.201413233257279112e-01,-5.282151173720707193e-01,6.662257005511716956e-01,-5.849960352899005178e-01,-2.546418310120324158e-01,-5.060072124080607914e-01,7.782860879624952100e-01,-5.118309733426564812e-01
5.376234856918854499e-01,4.628294834005955427e-01,6.458563716450419490e-01,3.711376568397882214e-01,6.823271104510654217e-01,2.153116130888777791e-01,3.657972343569678153e-01,-4.151227042235421383e-01,5.370986132831706561e-01,3.607000447682398581e-01,-3.471838784669940003e-01,-6.224401978470294437e-03,2.403415146695893345e-02,6.623036451750642373e-01,3.233836968402123979e-01,1.000000000000000000e+00,2.917511249767623660e-01,4.402044618830848743e-01,4.766201842518236198e-01,3.954124421299141101e-01,-1.815756756582893525e-02,-3.740384794466922180e-01,2.820200403586181070e-01,6.026581825585006769e-01,6.188492479737196517e-01,6.052506235987251682e-01,-3.833891280465260842e-01,5.502784008945811323e-01,5.925869112920707504e-01,6.170706393881766338e-01,-3.544420992360717837e-01,-1.675053245853779238e-01,-1.753133372655897929e-02,4.845678438172425495e-01,-1.348780710167473210e-02,2.926515072383986671e-01,9.730706049435981775e-02,4.879861959003133909e-01,-9.957019713259533666e-02
3.125739850245157769e-01,3.773097021837821807e-01,9.253461517705173500e-02,1.208844716147835230e-01,2.580826435381275430e-01,3.290299664281466363e-01,-4.036378356664109268e-01,-4.429564904336507070e-01,2.130827150947304238e-01,1.303819703972695920e-01,1.442485092288810743e-02,-6.062301626873286553e-01,4.908995439683845330e-01,3.532764896201541771e-01,1.584999948747214671e-01,2.917511249767623660e-01,1.000000000000000000e+00,1.674413995229476482e-01,1.578464504660981871e-01,-2.492334684938984218e-02,-3.590393057458066139e-01,-3.513135627426024477e-01,1.163056809648743140e-01,3.362220649887444068e-01,2.858641086744154181e-01,2.703848258304791807e-01,-2.537617163430710976e-01,1.913047968089874318e-01,3.930535367826745174e-01,2.622652372548620603e-01,-2.690519186041971933e-01,-1.952830340074097892e-01,-1.788327074615481960e-01,1.595354345437757226e-01,-1.099702446186409666e-01,1.890058420964990382e-01,-1.727397584760417548e-01,1.993253638356588253e-01,-2.634149191487590858e-01
8.965386735676829089e-01,-2.402439348886882542e-01,7.975482695791566989e-01,8.986666178655353665e-01,7.177019252991171383e-01,2.940016372943781570e-02,4.848012570906131691e-01,1.417250894403225547e-01,9.030020505305557110e-01,-2.930106055364041784e-01,-8.799718330146633072e-01,2.705134963126016104e-02,3.312735870917949410e-01,5.617508267840501945e-01,7.976246568305281892e-01,4.402044618830848743e-01,1.674413995229476482e-01,1.000000000000000000e+00,9.171745292895961965e-01,8.649557629645121537e-01,-4.118566792409141808e-01,-8.671246433753242444e-01,-3.757461708400661737e-01,6.542082134853899333e-01,6.592142684677047004e-01,8.071785185719678735e-01,-8.832470119836487443e-01,8.124743133349840996e-01,8.524978264752417489e-01,8.214867591169604522e-01,-8.925262075502368164e-01,-7.368490653988293282e-01,-6.485568937667302025e-01,6.150989147470529161e-01,-6.313750996164974039e-01,-2.977566622529856377e-01,-5.446926641176819128e-01,9.144700339195832584e-01,-5.668499764213928982e-01
8.950815971743180111e-01,-2.106280142848204195e-01,8.153095619818157003e-01,8.905740540086484192e-01,7.443005564910974980e-01,1.357909707934278933e-02,5.205810634819586502e-01,8.291565373349095436e-02,9.125146618094052142e-01,-2.994493552449313811e-01,-8.739723594649845273e-01,3.455347151925189375e-02,3.154917503076090646e-01,5.775392287739332664e-01,7.913320651706631237e-01,4.766201842518236198e-01,1.578464504660981871e-01,9.171745292895961965e-01,1.000000000000000000e+00,8.535982341104442206e-01,-4.299408279592891735e-01,-8.698311791370996193e-01,-3.578358179750073531e-01,6.668928942417982064e-01,6.571061122041298441e-01,8.097848352994616583e-01,-8.847091936467339490e-01,7.963463750502465244e-01,8.432328916085197745e-01,8.223009084701941029e-01,-8.859246804951685927e-01,-7.402483215254659354e-01,-6.272789488469547869e-01,6.241812641700462683e-01,-6.232509119785488716e-01,-3.170041728170754358e-01,-5.387141197668527948e-01,9.128053448232771316e-01,-5.391231626914489983e-01
8.197491826064751130e-01,-2.977193479916430685e-01,7.850163324685960342e-01,8.606538926788456223e-01,6.100414609650134379e-01,9.787411753759908684e-02,5.750309720707652561e-01,3.152036211691405243e-01,8.159600895287162370e-01,-2.942080653660093525e-01,-8.625921122242755645e-01,8.559093611710837102e-02,1.264091612583086444e-01,3.820393035633558032e-01,7.493095839052100748e-01,3.954124421299141101e-01,-2.492334684938984218e-02,8.649557629645121537e-01,8.535982341104442206e-01,1.000000000000000000e+00,-1.722044740018419118e-01,-7.403971146517213109e-01,-4.478607399952930224e-01,5.788609313544598178e-01,5.593251718367157066e-01,8.110209821744388536e-01,-8.208011669959998091e-01,8.304094322944776119e-01,7.793083326611207617e-01,7.848273567987014143e-01,-8.052200747491390365e-01,-7.121707497027625067e-01,-5.278427694536981241e-01,4.966832850210831651e-01,-5.090451213688619303e-01,-3.141170267996472587e-01,-4.876613622691766126e-01,8.641953010509078048e-01,-5.866629214484999633e-01
-3.835193920989753980e-01,1.858700169034988858e-01,-1.251253839055105344e-01,-3.885127703716828029e-01,-3.403389934684314944e-01,3.578039330511920135e-01,-2.658592079713088807e-02,1.746196826400677471e-01,-4.578589060544299705e-01,3.589562424239379768e-01,3.548944562397752800e-01,-8.849852615237881540e-03,-5.106426619477474338e-01,-3.247509286005533791e-01,-3.804550916514068404e-01,-1.815756756582893525e-02,-3.590393057458066139e-01,-4.118566792409141808e-01,-4.299408279592891735e-01,-1.722044740018419118e-01,1.000000000000000000e+00,6.013330624484750642e-01,1.525328039914313760e-01,-2.694479601578563255e-01,-2.613386392852167783e-01,-1.243294883950320090e-01,4.326607025689999109e-01,-4.684545556031324831e-02,-3.071597176854075073e-01,-2.304529665884828549e-01,5.054302653910727194e-01,4.381951362405845374e-01,6.870716354878831922e-01,-3.993117169426636526e-01,6.671707842586449555e-01,3.977496949920421576e-01,5.553407141683148751e-01,-3.852558899172601192e-01,1.233720540865888560e-01
-8.772937334100172624e-01,1.698745277044105551e-01,-6.544092578643679881e-01,-8.536594608918615101e-01,-6.448857284826969849e-01,-2.549592333260259497e-02,-3.281929385469128380e-01,-4.315763834297963591e-02,-8.560874352173281077e-01,3.926051921370494746e-01,8.081480858655593069e-01,1.775437874209101208e-01,-4.698454732810467549e-01,-5.305276391429092353e-01,-7.535350678337101593e-01,-3.740384794466922180e-01,-3.513135627426024477e-01,-8.671246433753242444e-01,-8.698311791370996193e-01,-7.403971146517213109e-01,6.013330624484750642e-01,1.000000000000000000e+00,4.029397665483087088e-01,-6.200298247090139103e-01,-5.815056016851185561e-01,-7.474216144705451148e-01,8.978028598569081087e-01,-7.167989167804034167e-01,-8.299948209623477791e-01,-7.415926762285357521e-01,9.131424202100951737e-01,7.889998329468984606e-01,7.263146296978477690e-01,-5.349700229563506548e-01,6.749663050983550905e-01,3.447091936939317147e-01,6.312369409591840341e-01,-8.699743793307495032e-01,6.234915463068071428e-01
-3.261196593088063755e-01,4.638648724977690874e-01,-1.538198090958721453e-01,-4.519495574920299186e-01,1.036584995094864481e-03,2.511134249826650275e-02,-1.409548603312824888e-01,-4.286447281205960635e-01,-2.702020609479905966e-01,6.153130483200458523e-01,5.027478688596189738e-01,1.402308679617626508e-01,-1.854496431935941450e-02,2.229582045194072881e-01,-3.802835668401602365e-01,2.820200403586181070e-01,1.163056809648743140e-01,-3.757461708400661737e-01,-3.578358179750073531e-01,-4.478607399952930224e-01,1.525328039914313760e-01,4.029397665483087088e-01,1.000000000000000000e+00,7.564021995387947006e-02,1.796407192213604065e-01,-2.780769213028284614e-01,4.872121150013541402e-01,-3.654227629811595546e-01,-2.497030973363651707e-01,-1.211479970376426740e-01,4.505986051083502031e-01,6.543043378382207287e-01,4.143684028141864650e-01,3.734203233593701848e-02,5.141514089523248066e-01,5.952168023143644682e-01,6.548731452275357023e-01,-3.803524874814192547e-01,5.861379015653738200e-01
6.926646338121961177e-01,1.227955705912308210e-01,6.373479921238140999e-01,5.959986955357656768e-01,6.706753386689161545e-01,1.108952648273865832e-01,2.941250711351453551e-01,-1.155662560605440065e-01,7.188644967308703837e-01,-4.354526771303873084e-02,-5.169320873885856482e-01,-2.921587521748784944e-02,2.043470238026818264e-01,6.797985891205907683e-01,4.971398508507443026e-01,6.026581825585006769e-01,3.362220649887444068e-01,6.542082134853899333e-01,6.668928942417982064e-01,5.788609313544598178e-01,-2.694479601578563255e-01,-6.200298247090139103e-01,7.564021995387947006e-02,1.000000000000000000e+00,7.243814047083438901e-01,7.017234359865116566e-01,-5.955955831615162843e-01,6.115402183828551053e-01,7.183466447820847645e-01,7.325901967369390366e-01,-6.060913162937959786e-01,-4.012002827984648690e-01,-3.520461831326250346e-01,5.523429965309351042e-01,-2.231605099303473616e-01,-3.728849731997573025e-02,-1.698727204991451467e-01,6.732022102841270783e-01,-2.990409401528723032e-01
6.854638733036321208e-01,1.412666589690178276e-01,7.175572700115596669e-01,5.481894386187149415e-01,7.784769342398624170e-01,1.921348826024633361e-01,3.624764987453835685e-01,-1.592016658079283831e-01,7.203707025768406602e-01,2.680396851204418507e-01,-5.164084583163863762e-01,7.919725784052415729e-02,3.411395126983126080e-01,7.646397225865442238e-01,6.411554852229400803e-01,6.188492479737196517e-01,2.858641086744154181e-01,6.592142684677047004e-01,6.571061122041298441e-01,5.593251718367157066e-01,-2.613386392852167783e-01,-5.815056016851185561e-01,1.796407192213604065e-01,7.243814047083438901e-01,1.000000000000000000e+00,6.191123082893492668e-01,-5.469239025841069468e-01,5.846552644724054559e-01,7.142139683837308572e-01,7.880965496568016482e-01,-5.730899850310947619e-01,-2.595828808260691734e-01,-2.619658446231428739e-01,7.605290970977627296e-01,-2.452329654703293282e-01,1.753576075171839888e-01,-5.011548871719871678e-02,6.398237079277095951e-01,-1.975515119124658658e-01
8.664637275194454480e-01,2.184900427924366811e-02,7.911148776263222659e-01,7.853954069498532142e-01,6.626616498483832718e-01,3.122110859710964803e-01,4.254217580814934618e-01,4.792665994288981129e-02,7.966838406002758610e-01,-1.647405685735578718e-01,-7.435842756303387979e-01,-2.150151968734808905e-01,2.036121718308780415e-01,5.286171666840534522e-01,6.701245855276690699e-01,6.052506235987251682e-01,2.703848258304791807e-01,8.071785185719678735e-01,8.097848352994616583e-01,8.110209821744388536e-01,-1.243294883950320090e-01,-7.474216144705451148e-01,-2.780769213028284614e-01,7.017234359865116566e-01,6.191123082893492668e-01,1.000000000000000000e+00,-8.140637902450117425e-01,8.842860440358080165e-01,8.815312172875298113e-01,8.409852564331148361e-01,-7.812154081647255666e-01,-6.564714830242388555e-01,-3.757844883430287442e-01,4.481671693922162358e-01,-3.082466184318023439e-01,-8.760265838511871461e-02,-3.470981852473791207e-01,8.458758226461486895e-01,-6.520864542429910538e-01
-8.928198353815387511e-01,2.062540600015957681e-01,-7.066738391433013966e-01,-8.868294190406693644e-01,-6.165088240477930581e-01,-8.539896445806428871e-02,-3.945317742551973650e-01,-1.379289677698647965e-01,-8.515044077923188404e-01,4.087216653019744572e-01,8.572922397520579274e-01,1.923398631741591036e-01,-3.679012766200918660e-01,-4.612199631035854841e-01,-7.652608028576661781e-01,-3.833891280465260842e-01,-2.537617163430710976e-01,-8.832470119836487443e-01,-8.847091936467339490e-01,-8.208011669959998091e-01,4.326607025689999109e-01,8.978028598569081087e-01,4.872121150013541402e-01,-5.955955831615162843e-01,-5.469239025841069468e-01,-8.140637902450117425e-01,1.000000000000000000e+00,-8.063037176353942126e-01,-8.474067728833989399e-01,-7.727604162214686268e-01,9.165041777100865206e-01,8.300199326918155096e-01,6.633268151436704230e-01,-4.726934597543455130e-01,6.297797172249768316e-01,3.575420624412539161e-01,6.261131463478806225e-01,-8.970747612356335665e-01,7.024269946511789708e-01
8.489725986772881372e-01,-3.294725317739966713e-02,7.893340634509198317e-01,7.975553625968778704e-01,6.278124482323135247e-01,2.929281621752725662e-01,4.090379437332520296e-01,1.396706004921798583e-01,7.709218243462601095e-01,-1.616185493226923175e-01,-7.746949721746400064e-01,-1.733259542177531809e-01,1.815187681133861031e-01,4.901162020170329869e-01,6.817084607786877415e-01,5.502784008945811323e-01,1.913047968089874318e-01,8.124743133349840996e-01,7.963463750502465244e-01,8.304094322944776119e-01,-4.684545556031324831e-02,-7.167989167804034167e-01,-3.654227629811595546e-01,6.115402183828551053e-01,5.846552644724054559e-01,8.842860440358080165e-01,-8.063037176353942126e-01,1.000000000000000000e+00,8.549871180763675138e-01,7.898903181113150485e-01,-7.746265548709618809e-01,-6.444647159798242431e-01,-3.827239010238104311e-01,4.297922971536160541e-01,-3.641179396252161027e-01,-9.956816862941439417e-02,-3.537206269136605741e-01,8.363248628702256715e-01,-6.585970548308095474e-01
9.043491878050313737e-01,2.537084066599704438e-02,7.821636867576080565e-01,8.044042945387733790e-01,7.301555731717116471e-01,2.901667315473471231e-01,3.542613250796437518e-01,-1.477470731349186592e-02,8.456652162263003092e-01,-1.224262063655089522e-01,-7.528049336109573497e-01,-2.220004389620285068e-01,3.670141880567236448e-01,6.306550933853738439e-01,7.441984061243624993e-01,5.925869112920707504e-01,3.930535367826745174e-01,8.524978264752417489e-01,8.432328916085197745e-01,7.793083326611207617e-01,-3.071597176854075073e-01,-8.299948209623477791e-01,-2.497030973363651707e-01,7.183466447820847645e-01,7.142139683837308572e-01,8.815312172875298113e-01,-8.474067728833989399e-01,8.549871180763675138e-01,1.000000000000000000e+00,8.575349415543751519e-01,-8.398038925497746110e-01,-6.573259977878140869e-01,-4.817678530750889587e-01,5.608068375756635193e-01,-4.305232042994724950e-01,-7.500421829452939837e-02,-3.968346169768313669e-01,8.703838746896447320e-01,-6.227995345979979724e-01
8.509110618654970315e-01,2.974863877934147763e-02,8.266711174516806482e-01,7.591447213724757948e-01,7.612984750417810531e-01,2.350407898336082935e-01,4.648203144667204523e-01,-9.732884123037712637e-03,8.394693953894429850e-01,1.254355741333079699e-02,-7.289278807378477554e-01,-5.103854465247028432e-02,2.993717128736784749e-01,6.298532618154677465e-01,7.474284158731068217e-01,6.170706393881766338e-01,2.622652372548620603e-01,8.214867591169604522e-01,8.223009084701941029e-01,7.848273567987014143e-01,-2.304529665884828549e-01,-7.415926762285357521e-01,-1.211479970376426740e-01,7.325901967369390366e-01,7.880965496568016482e-01,8.409852564331148361e-01,-7.727604162214686268e-01,7.898903181113150485e-01,8.575349415543751519e-01,1.000000000000000000e+00,-7.622985587889939962e-01,-5.507337419716036298e-01,-4.068740672633410771e-01,6.440405165650140429e-01,-3.484211590826183924e-01,4.132406800238391104e-03,-2.902065861644493872e-01,8.275214270068415034e-01,-4.786323971638460351e-01
-8.913740428096031954e-01,2.289695615298224241e-01,-6.830164931009056195e-01,-8.906701986527345571e-01,-6.191105233268533459e-01,-3.194411844135200407e-02,-3.683340145596234461e-01,-1.441630249041263023e-01,-8.595312188830637190e-01,4.158186588873050149e-01,8.537642446859733392e-01,1.543462990016177538e-01,-4.298068945174982614e-01,-4.838814906528686732e-01,-7.733672811456516749e-01,-3.544420992360717837e-01,-2.690519186041971933e-01,-8.925262075502368164e-01,-8.859246804951685927e-01,-8.052200747491390365e-01,5.054302653910727194e-01,9.131424202100951737e-01,4.505986051083502031e-01,-6.060913162937959786e-01,-5.730899850310947619e-01,-7.812154081647255666e-01,9.165041777100865206e-01,-7.746265548709618809e-01,-8.398038925497746110e-01,-7.622985587889939962e-01,1.000000000000000000e+00,8.072744766144346329e-01,7.188415255797053760e-01,-5.017722573127050278e-01,6.699956036837170226e-01,3.498241481263302810e-01,6.322086911385126351e-01,-8.956716488033470425e-01,6.651184153822752299e-01
-7.243103265709133209e-01,3.719882086194683524e-01,-5.000920957709122927e-01,-7.765292820126011852e-01,-4.124477397387270039e-01,6.170602991453116859e-02,-2.755576776830937491e-01,-1.807993097840162600e-01,-6.922965203071727025e-01,5.897799693860427128e-01,7.799368701607096721e-01,1.795169780934810222e-01,-2.208084989224008698e-01,-1.793601751747878614e-01,-6.201413233257279112e-01,-1.675053245853779238e-01,-1.952830340074097892e-01,-7.368490653988293282e-01,-7.402483215254659354e-01,-7.121707497027625067e-01,4.381951362405845374e-01,7.889998329468984606e-01,6.543043378382207287e-01,-4.012002827984648690e-01,-2.595828808260691734e-01,-6.564714830242388555e-01,8.300199326918155096e-01,-6.444647159798242431e-01,-6.573259977878140869e-01,-5.507337419716036298e-01,8.072744766144346329e-01,1.000000000000000000e+00,6.884617653094555756e-01,-2.806096042267146040e-01,7.010745034517052998e-01,5.670217742476749700e-01,8.145125641451416154e-01,-7.707894603792677657e-01,6.777297354233475790e-01
-5.800564102529977006e-01,3.959716863993081315e-01,-2.921869298731256115e-01,-6.737240000517430438e-01,-2.932767613920630456e-01,3.253909348795364642e-01,-1.757034328691312874e-01,-1.903177579566837918e-01,-6.000150375331958497e-01,5.652518445662296775e-01,6.538910652016891589e-01,-4.097132756714056724e-03,-3.496425710949362387e-01,-1.773102729551522261e-01,-5.282151173720707193e-01,-1.753133372655897929e-02,-1.788327074615481960e-01,-6.485568937667302025e-01,-6.272789488469547869e-01,-5.278427694536981241e-01,6.870716354878831922e-01,7.263146296978477690e-01,4.143684028141864650e-01,-3.520461831326250346e-01,-2.619658446231428739e-01,-3.757844883430287442e-01,6.633268151436704230e-01,-3.827239010238104311e-01,-4.817678530750889587e-01,-4.068740672633410771e-01,7.188415255797053760e-01,6.884617653094555756e-01,1.000000000000000000e+00,-2.897851794071851228e-01,7.755741609578911122e-01,4.986112011534755140e-01,7.307912464974128941e-01,-6.252139266578449206e-01,4.279072765568450176e-01
5.796476566341955960e-01,-3.819095223888818724e-02,6.713730934679175144e-01,4.760601752404719500e-01,7.996836542250119750e-01,-3.146394237779293751e-02,4.239746851005001815e-01,-1.744488083563642267e-01,7.050473290983655383e-01,2.052223323476826955e-01,-5.137236001983938039e-01,3.436341580486168557e-01,2.597949262091055478e-01,7.262217004414515120e-01,6.662257005511716956e-01,4.845678438172425495e-01,1.595354345437757226e-01,6.150989147470529161e-01,6.241812641700462683e-01,4.966832850210831651e-01,-3.993117169426636526e-01,-5.349700229563506548e-01,3.734203233593701848e-02,5.523429965309351042e-01,7.605290970977627296e-01,4.481671693922162358e-01,-4.726934597543455130e-01,4.297922971536160541e-01,5.608068375756635193e-01,6.440405165650140429e-01,-5.017722573127050278e-01,-2.806096042267146040e-01,-2.897851794071851228e-01,1.000000000000000000e+00,-4.302203149204513188e-01,-6.070250364533570642e-02,-2.008936424647934926e-01,5.789061666757334690e-01,-3.145902928588515529e-02
-5.403206706974569284e-01,5.029846668767395945e-01,-3.595328449098016410e-01,-6.376392365704698362e-01,-4.032165120133852088e-01,4.212680564817301021e-01,-1.950977197319097856e-01,-9.705136499334292288e-02,-6.089055189661835010e-01,4.979166745580108633e-01,6.814913837055789347e-01,-1.556469417499959651e-01,-3.085742859410583461e-01,-2.369338048835499533e-01,-5.849960352899005178e-01,-1.348780710167473210e-02,-1.099702446186409666e-01,-6.313750996164974039e-01,-6.232509119785488716e-01,-5.090451213688619303e-01,6.671707842586449555e-01,6.749663050983550905e-01,5.141514089523248066e-01,-2.231605099303473616e-01,-2.452329654703293282e-01,-3.082466184318023439e-01,6.297797172249768316e-01,-3.641179396252161027e-01,-4.305232042994724950e-01,-3.484211590826183924e-01,6.699956036837170226e-01,7.010745034517052998e-01,7.755741609578911122e-01,-4.302203149204513188e-01,1.000000000000000000e+00,5.955511982755121725e-01,7.883091838612434898e-01,-6.088390781548805863e-01,3.222432595435522629e-01
-1.887129781356733649e-01,6.044191650353621936e-01,-4.327150303473495385e-02,-3.688661171298825980e-01,7.076388462224040155e-04,4.272012195888841291e-01,-1.759956294055078918e-01,-3.093849643290396134e-01,-2.707817798435904200e-01,7.206963789633186179e-01,4.196030894700417124e-01,-1.794710910217820199e-01,4.779361490894533382e-02,1.829299998712481112e-01,-2.546418310120324158e-01,2.926515072383986671e-01,1.890058420964990382e-01,-2.977566622529856377e-01,-3.170041728170754358e-01,-3.141170267996472587e-01,3.977496949920421576e-01,3.447091936939317147e-01,5.952168023143644682e-01,-3.728849731997573025e-02,1.753576075171839888e-01,-8.760265838511871461e-02,3.575420624412539161e-01,-9.956816862941439417e-02,-7.500421829452939837e-02,4.132406800238391104e-03,3.498241481263302810e-01,5.670217742476749700e-01,4.986112011534755140e-01,-6.070250364533570642e-02,5.955511982755121725e-01,1.000000000000000000e+00,6.601504025628878169e-01,-2.966554418162868356e-01,2.685716718373530321e-01
-4.905413636868861116e-01,5.213569304151804973e-01,-2.498301182212526450e-01,-5.745108124225296597e-01,-2.402021852863664431e-01,2.738544209913416627e-01,-8.496031077537280485e-02,-1.454162921820540133e-01,-4.980883436899072314e-01,6.216841363015866984e-01,6.077890222709181334e-01,6.594549585125863977e-02,-2.535876391619614756e-01,7.905821073403039231e-03,-5.060072124080607914e-01,9.730706049435981775e-02,-1.727397584760417548e-01,-5.446926641176819128e-01,-5.387141197668527948e-01,-4.876613622691766126e-01,5.553407141683148751e-01,6.312369409591840341e-01,6.548731452275357023e-01,-1.698727204991451467e-01,-5.011548871719871678e-02,-3.470981852473791207e-01,6.261131463478806225e-01,-3.537206269136605741e-01,-3.968346169768313669e-01,-2.902065861644493872e-01,6.322086911385126351e-01,8.145125641451416154e-01,7.307912464974128941e-01,-2.008936424647934926e-01,7.883091838612434898e-01,6.601504025628878169e-01,1.000000000000000000e+00,-5.559307413686176425e-01,4.765931234958414309e-01
9.074883797070434355e-01,-2.039486435190885349e-01,7.924728550729519538e-01,8.929246418099995308e-01,7.154902169216799113e-01,5.119374220107077156e-02,4.646210316875734048e-01,1.032065360321032105e-01,9.011811978062802542e-01,-3.118916204466751774e-01,-8.765738208381254060e-01,-3.082052912772414652e-02,2.920000522396016818e-01,5.521593738972905285e-01,7.782860879624952100e-01,4.879861959003133909e-01,1.993253638356588253e-01,9.144700339195832584e-01,9.128053448232771316e-01,8.641953010509078048e-01,-3.852558899172601192e-01,-8.699743793307495032e-01,-3.803524874814192547e-01,6.732022102841270783e-01,6.398237079277095951e-01,8.458758226461486895e-01,-8.970747612356335665e-01,8.363248628702256715e-01,8.703838746896447320e-01,8.275214270068415034e-01,-8.956716488033470425e-01,-7.707894603792677657e-01,-6.252139266578449206e-01,5.789061666757334690e-01,-6.088390781548805863e-01,-2.966554418162868356e-01,-5.559307413686176425e-01,1.000000000000000000e+00,-5.937484483585228068e-01
-6.267547922437098906e-01,1.434404000319955408e-01,-3.437916948665543093e-01,-6.157762500921245552e-01,-1.506373413567584363e-01,-3.624786187226167744e-01,-1.504775153022226974e-01,-3.574564462166428536e-01,-4.615737795975705104e-01,4.459878419299606045e-01,5.759999660985428704e-01,5.447383652742795457e-01,-2.529373763517333562e-01,-6.961633612902348722e-02,-5.118309733426564812e-01,-9.957019713259533666e-02,-2.634149191487590858e-01,-5.668499764213928982e-01,-5.391231626914489983e-01,-5.866629214484999633e-01,1.233720540865888560e-01,6.234915463068071428e-01,5.861379015653738200e-01,-2.990409401528723032e-01,-1.975515119124658658e-01,-6.520864542429910538e-01,7.024269946511789708e-01,-6.585970548308095474e-01,-6.227995345979979724e-01,-4.786323971638460351e-01,6.651184153822752299e-01,6.777297354233475790e-01,4.279072765568450176e-01,-3.145902928588515529e-02,3.222432595435522629e-01,2.685716718373530321e-01,4.765931234958414309e-01,-5.937484483585228068e-01,1.000000000000000000e+00
