1.000000000000000000e+00,-2.136774807826576084e-01,-5.528741382030684381e-02,-9.575253737132269349e-02,5.521671837487778650e-02,2.633543959038727733e-01,-1.912245598138854474e-01,5.978891861836924115e-02,1.345409749015158973e-01,1.638161262796012374e-01,3.333189247734045235e-01,-3.405697832849688411e-01,-3.184748581795288636e-01,4.905258245887341717e-01,3.701863463941156285e-01,4.068760375859092893e-01,4.140835565060070333e-01,-7.792657030825789199e-02,2.297693189919571832e-01,2.491696764918170937e-01,5.061925693144952998e-01,-1.894842274019989392e-01,3.160480477856225101e-01,4.209375675080382906e-01,3.983047811905867652e-01,7.951368837062052775e-01,-3.134963978544235141e-01,6.184728080039797460e-01,6.032698418742059587e-01,6.493529412615721419e-02,-3.605608488624361119e-01,-1.043393103563673707e-01,1.932931780183057835e-01,-6.921444383627230190e-02,4.849288776176049476e-01,3.744595164588857550e-01,1.697798848108906522e-01,4.056130521025492208e-01,-2.864314998029799941e-01
-2.136774807826576084e-01,1.000000000000000000e+00,4.548116259752941204e-01,4.024406743251804919e-01,6.218192749466019409e-01,-5.550190796986133046e-01,4.258024830533327365e-01,-3.842525235568125530e-01,6.990440777990657439e-01,5.836480786116556851e-01,-8.808632750001331446e-02,6.792477611978010588e-01,-6.130857315527415974e-02,3.587534516507114718e-02,1.490401345348531525e-01,1.993767371338623640e-01,-5.419658045957340686e-01,7.145073240234789402e-02,-6.614433330654923004e-01,1.307218773437796022e-01,1.441661054164593281e-01,1.338215965942001762e-01,4.977427204176447240e-01,3.145432830538091307e-01,-3.753765178434285144e-01,-1.918987725530757193e-01,7.490387830398886893e-01,-2.733164279267741303e-01,-2.301916048744138965e-01,6.573102775215378113e-01,6.131347140434649789e-01,5.224205022527971254e-01,1.778692840145673359e-01,4.807169942826114428e-01,-2.430416418888804719e-01,-6.318008223192658757e-02,3.419339259304921552e-01,3.342345624712612095e-01,7.193319195340479588e-01
-5.528741382030684381e-02,4.548116259752941204e-01,1.000000000000000000e+00,1.566059585207077998e-01,7.920690501909097847e-01,-2.998838206656069816e-01,4.681549615686617649e-01,-9.225272410338861695e-01,5.878225508050815007e-01,1.188797736757055551e-01,-4.311659834547196257e-01,5.768318465986224108e-01,1.958186869946076381e-01,-1.244335032543988501e-01,3.695424041668107229e-01,7.792034552531132419e-02,-4.617990349423302110e-01,2.137694349142796584e-04,-5.764525265991579106e-01,2.074778470519803020e-01,4.722148829807275572e-01,4.414536518096031648e-01,3.604044530959327752e-01,1.562740428838358397e-01,-1.628365532737658661e-01,1.736191355457994759e-02,7.551545516623188181e-01,5.291116468893446861e-02,-3.691146789764164771e-01,4.638082674304181419e-01,7.932250504200176744e-01,2.821913650623081998e-03,6.983240407213606726e-01,8.030832880322116285e-01,-2.790886855402966438e-01,-1.795765068927728247e-01,1.560284110807393793e-02,6.053345876011588800e-01,7.210994781567445777e-01
-9.575253737132269349e-02,4.024406743251804919e-01,1.566059585207077998e-01,1.000000000000000000e+00,1.782164925059191440e-01,-4.776585095068888731e-01,3.223651456051351283e-01,-8.239844095330040030e-02,3.199679957901226945e-01,2.324335600425153636e-01,-2.722397855518911003e-01,4.575640585124752802e-01,8.877083392209299262e-02,-2.226031838604874691e-01,-7.719716186593217344e-02,-7.948763218236405692e-02,-4.535005046395481632e-01,1.697248434033809747e-02,-4.803040298632877958e-01,2.039033389746292002e-01,9.794385151720420846e-02,2.612982186624794867e-01,8.783306605855858984e-02,8.902842317082691748e-02,-3.216983962281902976e-01,-3.163458118020416321e-01,3.076030242290873629e-01,-5.058943453437376725e-01,-2.830659112540325206e-01,2.314800240531410258e-01,2.550937433374312890e-01,1.253423817073948121e-01,-2.060647290223214245e-01,2.208949107485082830e-01,-2.881646687546237651e-01,-2.386152822981306154e-01,5.044938300335195802e-02,1.540612897863524733e-01,4.041703826980144743e-01
5.521671837487778650e-02,6.218192749466019409e-01,7.920690501909097847e-01,1.782164925059191440e-01,1.000000000000000000e+00,-3.839498404354050320e-01,4.368220094834969203e-01,-7.595971514047744622e-01,8.334632556320317187e-01,3.910110331412287588e-01,-2.000879228803293108e-01,5.551532226576482154e-01,5.369883573561187728e-02,1.078125004792852976e-01,3.194210905497867348e-01,2.577843236560197759e-01,-4.273361280954722785e-01,-8.415992362241403457e-02,-6.172103793264761551e-01,2.479151520059497404e-01,4.060262089880594116e-01,2.245451056147999003e-01,5.180274021170045984e-01,3.665935003904134959e-01,-2.127602714328900024e-01,1.076938594887567463e-01,7.323748228208815103e-01,9.461930861823267258e-02,-1.720159715618949092e-01,7.334806196378690357e-01,7.060907173076699239e-01,2.688760533845946377e-01,6.559580410507426240e-01,7.458628263708676487e-01,-1.840711676345303249e-01,-3.341211405038573695e-02,1.803962109286103010e-01,6.891595487507006235e-01,7.306890653747695197e-01
2.633543959038727733e-01,-5.550190796986133046e-01,-2.998838206656069816e-01,-4.776585095068888731e-01,-3.839498404354050320e-01,1.000000000000000000e+00,-4.585227649998785404e-01,2.312665327720519470e-01,-5.210373539368401419e-01,-1.945692964144001003e-01,5.572115868747481437e-01,-6.371768669441388866e-01,-3.351570019144897716e-01,5.017442718217255404e-01,-8.343551772927570997e-02,2.208289042949868886e-01,7.888301715592037633e-01,3.695898242039102714e-03,7.066253862327173119e-01,-1.542433258763153403e-01,-4.304705634726866369e-03,-2.256828749376182108e-01,2.345359386131116303e-02,1.035062017517569682e-01,7.182133129985764919e-01,5.060360494129692022e-01,-4.359987488315834603e-01,5.171173760121106078e-01,6.441057079774910044e-01,-3.919881196617618357e-01,-4.788788851809596681e-01,7.978763974463130848e-02,1.689805411595872442e-01,-5.028181378624254627e-01,7.157558090587214927e-01,4.979706985062808400e-01,2.965995714736412991e-01,-2.655926077364207383e-01,-6.881076061439215241e-01
-1.912245598138854474e-01,4.258024830533327365e-01,4.681549615686617649e-01,3.223651456051351283e-01,4.368220094834969203e-01,-4.585227649998785404e-01,1.000000000000000000e+00,-4.072564695901421117e-01,4.027785872495128205e-01,1.969027226879234982e-01,-4.005926471700523850e-01,3.840169099170037681e-01,3.212874125543593862e-01,-2.539541889807394037e-01,1.109813645373637081e-01,3.029493731678147700e-02,-5.051108485898879730e-01,9.381403542387772854e-02,-4.437151999650759127e-01,3.437647956981500219e-02,1.993505079836939975e-01,3.726170062482498380e-01,1.616035321119193569e-01,-3.521293630643650835e-02,-3.679325413854477866e-01,-2.403241930077237021e-01,5.364621262594833073e-01,-2.639529906161108275e-01,-3.663831315680177725e-01,3.474386399217387900e-01,5.117317069715366928e-01,3.298121767245978248e-02,1.467067654177876823e-01,4.463064241751076300e-01,-3.819957717499815608e-01,-2.401542153463391005e-01,-5.431799733662649038e-02,2.366187924151850197e-01,5.502807495238686286e-01
5.978891861836924115e-02,-3.842525235568125530e-01,-9.225272410338861695e-01,-8.239844095330040030e-02,-7.595971514047744622e-01,2.312665327720519470e-01,-4.072564695901421117e-01,1.000000000000000000e+00,-5.322621007025056805e-01,-7.338495047640082591e-02,4.055721482803631428e-01,-5.130082754319573723e-01,-1.984591404169532003e-01,1.171942996232781947e-01,-3.286557331597357301e-01,-8.608833324700733425e-02,3.914965786348159060e-01,2.783167463933926625e-02,5.059484645291936200e-01,-1.871654397911212686e-01,-4.051921251150424896e-01,-3.968814907112976353e-01,-3.354059981401069090e-01,-1.068050555824713727e-01,1.082076109171117295e-01,-5.754620170223617714e-02,-7.040911212744555003e-01,-1.138096675221317994e-01,3.450266946707887805e-01,-4.333930434301824230e-01,-7.625070309122643497e-01,2.292780122896937237e-02,-7.329283707257023828e-01,-7.770812344173924080e-01,2.466744203829889515e-01,1.285548408722778368e-01,-5.853216989099662912e-03,-5.567637934038589531e-01,-6.497533947135437637e-01
1.345409749015158973e-01,6.990440777990657439e-01,5.878225508050815007e-01,3.199679957901226945e-01,8.334632556320317187e-01,-5.210373539368401419e-01,4.027785872495128205e-01,-5.322621007025056805e-01,1.000000000000000000e+00,5.536538358650949787e-01,-1.303211250834800938e-01,5.834838317755211001e-01,-2.203306369443671156e-02,1.565364003981183638e-01,2.701373703509085678e-01,3.286928944379555739e-01,-4.531395385092010231e-01,-5.457680983351953508e-02,-6.549612036210215038e-01,2.870696823976066625e-01,3.717983670415035413e-01,1.318790226754334716e-01,5.444745900909090386e-01,4.353173476686084675e-01,-2.882884543222998253e-01,9.581425635406962127e-02,6.287409366965875934e-01,-3.714328092172593590e-03,-1.227946297479264315e-01,8.316086341537313187e-01,5.650497869987569644e-01,3.618336414101282483e-01,4.257502479422920483e-01,6.492928237241423206e-01,-2.202628709888335423e-01,2.971207809337158764e-02,1.845298193683768684e-01,6.461069325548133291e-01,6.982479093689291094e-01
1.638161262796012374e-01,5.836480786116556851e-01,1.188797736757055551e-01,2.324335600425153636e-01,3.910110331412287588e-01,-1.945692964144001003e-01,1.969027226879234982e-01,-7.338495047640082591e-02,5.536538358650949787e-01,1.000000000000000000e+00,3.229835383419468742e-01,2.459766193077660146e-01,-2.923476138539600755e-01,4.320441757831559593e-01,7.265882762987607713e-02,7.417345003690277716e-01,-1.151438493346018527e-01,1.766430085192725319e-01,-2.386134521173066680e-01,1.390518818070357598e-01,2.139406643018301746e-01,-6.017590311481249565e-02,5.673695537660821131e-01,5.510976823437651051e-01,4.038208822100961687e-02,2.025801475401901863e-01,2.943989864054331052e-01,5.106233394723177360e-02,2.600636201234790557e-01,6.232524456173789140e-01,9.728667212945311948e-02,6.056113647162660873e-01,1.211522709302545603e-01,1.031382917142785044e-01,1.406586268132593298e-01,3.355148892323283616e-01,4.712880601348744536e-01,1.305719516010226400e-01,2.191247841036051691e-01
3.333189247734045235e-01,-8.808632750001331446e-02,-4.311659834547196257e-01,-2.722397855518911003e-01,-2.000879228803293108e-01,5.572115868747481437e-01,-4.005926471700523850e-01,4.055721482803631428e-01,-1.303211250834800938e-01,3.229835383419468742e-01,1.000000000000000000e+00,-4.554430744607829151e-01,-5.253478340272762503e-01,7.131305383325532432e-01,-1.669435955429029450e-01,4.313816430597626761e-01,7.160590356462798178e-01,-2.705295658408452333e-02,4.921050751059263817e-01,-1.132015945562603459e-01,-8.332256542436919378e-02,-4.202775354779799133e-01,3.205878912181647777e-01,3.859027022995057399e-01,5.071966644678634895e-01,4.835496345247912164e-01,-3.195299663942391954e-01,3.555985866669151840e-01,7.641073330783261230e-01,2.027398019878584590e-02,-4.772809270577101914e-01,5.491325983219361717e-01,-2.633150565485731925e-02,-5.339667568061248204e-01,6.956528926990266370e-01,6.360683259607493589e-01,4.932355438776496737e-01,-2.460724828950550946e-01,-5.558789731025541858e-01
-3.405697832849688411e-01,6.792477611978010588e-01,5.768318465986224108e-01,4.575640585124752802e-01,5.551532226576482154e-01,-6.371768669441388866e-01,3.840169099170037681e-01,-5.130082754319573723e-01,5.834838317755211001e-01,2.459766193077660146e-01,-4.554430744607829151e-01,1.000000000000000000e+00,1.519019358674505438e-01,-3.386352361368971109e-01,1.889231677149665611e-01,-1.151782756689456316e-01,-6.933841961921554109e-01,3.084347617197820066e-02,-8.309378748203817278e-01,6.891310501937956967e-02,1.880349881370195209e-01,3.714359456334181409e-01,2.102306604045330596e-01,7.005010950739762321e-02,-4.885458587208953429e-01,-4.060286996305729756e-01,7.118099093000260780e-01,-4.332569296236348233e-01,-5.524854296889867289e-01,4.536500037396515861e-01,7.292381896774826622e-01,1.705254950449353046e-01,1.561821678802061963e-01,6.676569961304095191e-01,-5.140964528662819166e-01,-3.404440909371662660e-01,-5.757710391761999662e-03,3.780509497708109956e-01,8.085267543338553464e-01
-3.184748581795288636e-01,-6.130857315527415974e-02,1.958186869946076381e-01,8.877083392209299262e-02,5.369883573561187728e-02,-3.351570019144897716e-01,3.212874125543593862e-01,-1.984591404169532003e-01,-2.203306369443671156e-02,-2.923476138539600755e-01,-5.253478340272762503e-01,1.519019358674505438e-01,1.000000000000000000e+00,-5.191197185233495937e-01,3.639244183803932997e-02,-3.117468857332717502e-01,-3.725803462647102604e-01,-1.128714968334776358e-01,-2.179583165826985414e-01,1.067004066968454401e-01,-1.102690434050834223e-01,1.860891733417949778e-01,-3.670010350356546769e-01,-4.427917364811368994e-01,-4.698100370261884540e-01,-3.949005003537461866e-01,1.351163887087059590e-01,-2.484440295884098593e-01,-5.169118908507636112e-01,6.759703488531144076e-03,2.392458367928253504e-01,-3.605322824518270575e-01,-6.903224528631628221e-02,2.413069533202355510e-01,-5.800166116402044603e-01,-3.723491881576581619e-01,-4.588266889099552048e-01,1.583930930625413250e-02,2.804519020797965334e-01
4.905258245887341717e-01,3.587534516507114718e-02,-1.244335032543988501e-01,-2.226031838604874691e-01,1.078125004792852976e-01,5.017442718217255404e-01,-2.539541889807394037e-01,1.171942996232781947e-01,1.565364003981183638e-01,4.320441757831559593e-01,7.131305383325532432e-01,-3.386352361368971109e-01,-5.191197185233495937e-01,1.000000000000000000e+00,9.219139276314620990e-02,5.689783922833594465e-01,5.286600175012030611e-01,4.349767591566526537e-02,3.185730659002448673e-01,4.242769496912578153e-02,2.273734649003859021e-01,-3.562215404233835536e-01,5.352674543566937615e-01,7.004218542548718007e-01,5.448813232865143963e-01,6.533460610132812985e-01,-1.016940595151229337e-01,5.112612109161431828e-01,7.654510051532875670e-01,2.421910694223378679e-01,-3.215675380570696684e-01,5.276511319974926950e-01,3.081220463554202871e-01,-2.654289567516385784e-01,7.337756335115023232e-01,6.035403135948689268e-01,6.258633093920012991e-01,5.790298975878033216e-02,-3.357631943722835799e-01
3.701863463941156285e-01,1.490401345348531525e-01,3.695424041668107229e-01,-7.719716186593217344e-02,3.194210905497867348e-01,-8.343551772927570997e-02,1.109813645373637081e-01,-3.286557331597357301e-01,2.701373703509085678e-01,7.265882762987607713e-02,-1.669435955429029450e-01,1.889231677149665611e-01,3.639244183803932997e-02,9.219139276314620990e-02,1.000000000000000000e+00,7.154018959837830927e-02,-1.225122363939721293e-01,-1.382036758740724236e-01,-1.948426458881998558e-01,2.156850545453552481e-01,5.232272688309869135e-01,1.127557436074522468e-01,2.386910998509200466e-01,2.000522167671547336e-01,-2.484043224220953971e-02,2.628306764539066753e-01,2.105712714226083138e-01,2.376105313207449166e-01,1.346574239017439209e-02,1.251193929128003313e-01,1.802677632781798100e-01,-1.398838368721551095e-01,2.803215494797277607e-01,3.675484456578192449e-01,3.531766749024484869e-02,1.615180416595478341e-02,5.546464147362971386e-02,5.055937057696043846e-01,2.629007161122544622e-01
4.068760375859092893e-01,1.993767371338623640e-01,7.792034552531132419e-02,-7.948763218236405692e-02,2.577843236560197759e-01,2.208289042949868886e-01,3.029493731678147700e-02,-8.608833324700733425e-02,3.286928944379555739e-01,7.417345003690277716e-01,4.313816430597626761e-01,-1.151782756689456316e-01,-3.117468857332717502e-01,5.689783922833594465e-01,7.154018959837830927e-02,1.000000000000000000e+00,2.571473638581867616e-01,1.372791171259164500e-01,1.226042368813268502e-01,1.873244453094395912e-01,2.685866063086760347e-01,-1.460782845059863666e-01,5.659471679262558785e-01,5.404447947767241356e-01,3.906248215273345759e-01,5.732134918324565120e-01,5.635236338141889900e-02,4.813387620804951972e-01,5.295960867667591776e-01,4.820216454641659820e-01,-9.597536016469689069e-02,4.236871267221028470e-01,3.227845396634260733e-01,-2.045019946933783125e-02,4.131205067850297064e-01,5.575764538430326711e-01,4.870044167832573989e-01,1.205086320938708183e-01,-8.999550169223752283e-02
4.140835565060070333e-01,-5.419658045957340686e-01,-4.617990349423302110e-01,-4.535005046395481632e-01,-4.273361280954722785e-01,7.888301715592037633e-01,-5.051108485898879730e-01,3.914965786348159060e-01,-4.531395385092010231e-01,-1.151438493346018527e-01,7.160590356462798178e-01,-6.933841961921554109e-01,-3.725803462647102604e-01,5.286600175012030611e-01,-1.225122363939721293e-01,2.571473638581867616e-01,1.000000000000000000e+00,-1.333629444447033408e-01,7.276398218975176357e-01,-1.054783037831847903e-01,-7.306494190940375499e-02,-3.966727156937186471e-01,8.124676826338796121e-02,1.222358023759198414e-01,6.774810203719586754e-01,5.698270790577978362e-01,-5.707159922171310962e-01,5.230618318064750305e-01,7.193719623078541625e-01,-3.135295867129662684e-01,-6.123046288548975591e-01,6.486351752019098305e-02,1.013959422135237050e-02,-5.709435380365602830e-01,7.071620712375721318e-01,5.707325374364194959e-01,2.312219758063543407e-01,-2.673721507405508735e-01,-7.654291316668242473e-01
-7.792657030825789199e-02,7.145073240234789402e-02,2.137694349142796584e-04,1.697248434033809747e-02,-8.415992362241403457e-02,3.695898242039102714e-03,9.381403542387772854e-02,2.783167463933926625e-02,-5.457680983351953508e-02,1.766430085192725319e-01,-2.705295658408452333e-02,3.084347617197820066e-02,-1.128714968334776358e-01,4.349767591566526537e-02,-1.382036758740724236e-01,1.372791171259164500e-01,-1.333629444447033408e-01,1.000000000000000000e+00,5.774668380575920940e-02,2.877546264904275869e-02,1.796652847188126290e-01,-1.857898165943951130e-02,-5.099773608435474725e-02,4.204810656290496572e-03,-3.305140229780784145e-02,-2.860644395024665443e-02,-2.954297517391816716e-02,5.101488997942473652e-02,-1.869739239008238324e-02,-4.393565388779920727e-02,-3.470095569059680057e-02,7.336179882420730547e-02,2.991972440692061697e-02,-1.053307969771055119e-01,-2.871547198016506305e-02,5.325114066338233233e-03,3.667284675012676826e-02,-3.251150131259942233e-01,-7.314069469294556813e-02
2.297693189919571832e-01,-6.614433330654923004e-01,-5.764525265991579106e-01,-4.803040298632877958e-01,-6.172103793264761551e-01,7.066253862327173119e-01,-4.437151999650759127e-01,5.059484645291936200e-01,-6.549612036210215038e-01,-2.386134521173066680e-01,4.921050751059263817e-01,-8.309378748203817278e-01,-2.179583165826985414e-01,3.185730659002448673e-01,-1.948426458881998558e-01,1.226042368813268502e-01,7.276398218975176357e-01,5.774668380575920940e-02,1.000000000000000000e+00,-1.568775122656056453e-01,-1.873975583494075781e-01,-3.527357546120628573e-01,-1.947106711749074237e-01,-7.738495834512079674e-02,5.270764140711891033e-01,3.487666480388068591e-01,-6.927861439391203024e-01,4.049384244287705381e-01,5.557831641092662034e-01,-5.175878038846424278e-01,-7.160413608181577239e-01,-1.000826090212955655e-01,-1.737395261580469141e-01,-7.086851016929551772e-01,5.531186423851633949e-01,3.625202062962471494e-01,8.068626862513403331e-02,-4.890210854525550710e-01,-8.517793445828276688e-01
2.491696764918170937e-01,1.307218773437796022e-01,2.074778470519803020e-01,2.039033389746292002e-01,2.479151520059497404e-01,-1.542433258763153403e-01,3.437647956981500219e-02,-1.871654397911212686e-01,2.870696823976066625e-01,1.390518818070357598e-01,-1.132015945562603459e-01,6.891310501937956967e-02,1.067004066968454401e-01,4.242769496912578153e-02,2.156850545453552481e-01,1.873244453094395912e-01,-1.054783037831847903e-01,2.877546264904275869e-02,-1.568775122656056453e-01,1.000000000000000000e+00,3.262455048501406996e-01,9.929774712869809949e-02,2.214697336763691293e-01,8.555508853675616865e-02,-4.652641848616218684e-02,1.534099469084527767e-01,1.190200043794202855e-01,1.167755401554557010e-01,-2.877159752982890351e-04,1.933686597082318048e-01,9.874426179218177835e-02,-2.587924292909498519e-02,1.684079767149332385e-01,1.911987629325138105e-01,-5.668304985876884347e-03,4.500908269755387464e-02,7.979219965938719183e-02,2.911165474228567529e-01,1.895728929474334024e-01
5.061925693144952998e-01,1.441661054164593281e-01,4.722148829807275572e-01,9.794385151720420846e-02,4.060262089880594116e-01,-4.304705634726866369e-03,1.993505079836939975e-01,-4.051921251150424896e-01,3.717983670415035413e-01,2.139406643018301746e-01,-8.332256542436919378e-02,1.880349881370195209e-01,-1.102690434050834223e-01,2.273734649003859021e-01,5.232272688309869135e-01,2.685866063086760347e-01,-7.306494190940375499e-02,1.796652847188126290e-01,-1.873975583494075781e-01,3.262455048501406996e-01,1.000000000000000000e+00,3.125134601672479584e-01,3.324034045839526774e-01,4.164642924369840182e-01,6.651695693448025914e-02,4.125131702757607877e-01,2.311155063840475976e-01,3.311110073643483975e-01,1.645749281741714365e-01,2.220631621544453538e-01,1.775615655032836970e-01,-1.807150489087282165e-03,4.400461666980948761e-01,3.295121345048335204e-01,1.125832008423544028e-01,4.016969069229876094e-02,1.398776455133508845e-01,5.171150617495987589e-01,2.402304827310070556e-01
-1.894842274019989392e-01,1.338215965942001762e-01,4.414536518096031648e-01,2.612982186624794867e-01,2.245451056147999003e-01,-2.256828749376182108e-01,3.726170062482498380e-01,-3.968814907112976353e-01,1.318790226754334716e-01,-6.017590311481249565e-02,-4.202775354779799133e-01,3.714359456334181409e-01,1.860891733417949778e-01,-3.562215404233835536e-01,1.127557436074522468e-01,-1.460782845059863666e-01,-3.966727156937186471e-01,-1.857898165943951130e-02,-3.527357546120628573e-01,9.929774712869809949e-02,3.125134601672479584e-01,1.000000000000000000e+00,-4.368824010472256020e-02,-1.575098423408057696e-02,-1.361711609412045443e-01,-2.375440968721647950e-01,4.323213080793343321e-01,-3.440046631243365294e-01,-3.775167267350223455e-01,3.089740342465460352e-02,4.327923305984696101e-01,-1.217376809312810948e-01,1.198117022460990916e-01,3.307830082703538399e-01,-2.854767336100654251e-01,-3.722991844140515205e-01,-1.404515227034270619e-01,1.680799813131333698e-01,3.909124530168488487e-01
3.160480477856225101e-01,4.977427204176447240e-01,3.604044530959327752e-01,8.783306605855858984e-02,5.180274021170045984e-01,2.345359386131116303e-02,1.616035321119193569e-01,-3.354059981401069090e-01,5.444745900909090386e-01,5.673695537660821131e-01,3.205878912181647777e-01,2.102306604045330596e-01,-3.670010350356546769e-01,5.352674543566937615e-01,2.386910998509200466e-01,5.659471679262558785e-01,8.124676826338796121e-02,-5.099773608435474725e-02,-1.947106711749074237e-01,2.214697336763691293e-01,3.324034045839526774e-01,-4.368824010472256020e-02,1.000000000000000000e+00,6.356200484307139575e-01,3.898789095717384301e-01,4.388631915723603671e-01,4.273934533190650309e-01,2.963435037104234504e-01,3.441637401657195450e-01,5.172522438942905865e-01,2.578662788390793659e-01,4.899447112137259586e-01,4.245649932942183735e-01,2.579052300368672723e-01,3.862911730877185423e-01,3.501355903806979142e-01,6.227090130708416993e-01,4.190450244320311213e-01,2.490211489294271996e-01
4.209375675080382906e-01,3.145432830538091307e-01,1.562740428838358397e-01,8.902842317082691748e-02,3.665935003904134959e-01,1.035062017517569682e-01,-3.521293630643650835e-02,-1.068050555824713727e-01,4.353173476686084675e-01,5.510976823437651051e-01,3.859027022995057399e-01,7.005010950739762321e-02,-4.427917364811368994e-01,7.004218542548718007e-01,2.000522167671547336e-01,5.404447947767241356e-01,1.222358023759198414e-01,4.204810656290496572e-03,-7.738495834512079674e-02,8.555508853675616865e-02,4.164642924369840182e-01,-1.575098423408057696e-02,6.356200484307139575e-01,1.000000000000000000e+00,3.089222076600071087e-01,4.850101635718959692e-01,2.330908642896399596e-01,2.870687004048709245e-01,5.075158478863411871e-01,4.502337809672593005e-01,8.144229006610520516e-03,5.078196514051249721e-01,3.266212472208394058e-01,5.791101546276719580e-02,4.471137850561882621e-01,2.612435538763285825e-01,5.763201054604659701e-01,3.314971253970130372e-01,8.918263681276468458e-02
3.983047811905867652e-01,-3.753765178434285144e-01,-1.628365532737658661e-01,-3.216983962281902976e-01,-2.127602714328900024e-01,7.182133129985764919e-01,-3.679325413854477866e-01,1.082076109171117295e-01,-2.882884543222998253e-01,4.038208822100961687e-02,5.071966644678634895e-01,-4.885458587208953429e-01,-4.698100370261884540e-01,5.448813232865143963e-01,-2.484043224220953971e-02,3.906248215273345759e-01,6.774810203719586754e-01,-3.305140229780784145e-02,5.270764140711891033e-01,-4.652641848616218684e-02,6.651695693448025914e-02,-1.361711609412045443e-01,3.898789095717384301e-01,3.089222076600071087e-01,1.000000000000000000e+00,5.720047980507276808e-01,-3.084683564700856362e-01,4.796878495365478612e-01,6.064663010140894928e-01,-2.109869991380900756e-01,-3.833878511418595814e-01,6.597974481684579229e-02,2.022395010789103664e-01,-3.238645696463336443e-01,7.449735132162595974e-01,4.756468548835243171e-01,4.021475517645648479e-01,-1.042495256523231356e-01,-5.421121783116491510e-01
7.951368837062052775e-01,-1.918987725530757193e-01,1.736191355457994759e-02,-3.163458118020416321e-01,1.076938594887567463e-01,5.060360494129692022e-01,-2.403241930077237021e-01,-5.754620170223617714e-02,9.581425635406962127e-02,2.025801475401901863e-01,4.835496345247912164e-01,-4.060286996305729756e-01,-3.949005003537461866e-01,6.533460610132812985e-01,2.628306764539066753e-01,5.732134918324565120e-01,5.698270790577978362e-01,-2.860644395024665443e-02,3.487666480388068591e-01,1.534099469084527767e-01,4.125131702757607877e-01,-2.375440968721647950e-01,4.388631915723603671e-01,4.850101635718959692e-01,5.720047980507276808e-01,1.000000000000000000e+00,-1.957493804862836528e-01,8.196299920636863634e-01,7.427404174336769138e-01,1.364582525869857677e-01,-2.736889562708480494e-01,9.446394974062742589e-02,4.485074717993979276e-01,-7.931354180970309753e-02,6.552454330104368063e-01,5.488220970101126417e-01,3.674155849545893138e-01,2.851224109779895710e-01,-3.487343456654324325e-01
-3.134963978544235141e-01,7.490387830398886893e-01,7.551545516623188181e-01,3.076030242290873629e-01,7.323748228208815103e-01,-4.359987488315834603e-01,5.364621262594833073e-01,-7.040911212744555003e-01,6.287409366965875934e-01,2.943989864054331052e-01,-3.195299663942391954e-01,7.118099093000260780e-01,1.351163887087059590e-01,-1.016940595151229337e-01,2.105712714226083138e-01,5.635236338141889900e-02,-5.707159922171310962e-01,-2.954297517391816716e-02,-6.927861439391203024e-01,1.190200043794202855e-01,2.311155063840475976e-01,4.323213080793343321e-01,4.273934533190650309e-01,2.330908642896399596e-01,-3.084683564700856362e-01,-1.957493804862836528e-01,1.000000000000000000e+00,-2.454730031998463846e-01,-3.770357381556030951e-01,5.470595130302413622e-01,8.551167254102780557e-01,3.342535081125558860e-01,4.699805734786338118e-01,6.839066739261844274e-01,-2.756435396618645561e-01,-1.810962563690023674e-01,2.497433162088597280e-01,4.422172946694569173e-01,8.160464213590200577e-01
6.184728080039797460e-01,-2.733164279267741303e-01,5.291116468893446861e-02,-5.058943453437376725e-01,9.461930861823267258e-02,5.171173760121106078e-01,-2.639529906161108275e-01,-1.138096675221317994e-01,-3.714328092172593590e-03,5.106233394723177360e-02,3.555985866669151840e-01,-4.332569296236348233e-01,-2.484440295884098593e-01,5.112612109161431828e-01,2.376105313207449166e-01,4.813387620804951972e-01,5.230618318064750305e-01,5.101488997942473652e-02,4.049384244287705381e-01,1.167755401554557010e-01,3.311110073643483975e-01,-3.440046631243365294e-01,2.963435037104234504e-01,2.870687004048709245e-01,4.796878495365478612e-01,8.196299920636863634e-01,-2.454730031998463846e-01,1.000000000000000000e+00,6.168161405024183974e-01,6.392238667698066368e-02,-2.390600129720736600e-01,-1.543480341451350900e-02,5.154420928811231928e-01,-5.250721434277114824e-02,5.430049344416501000e-01,4.648092581393350464e-01,2.518032463368053975e-01,2.196641487108405566e-01,-3.411949358165876633e-01
6.032698418742059587e-01,-2.301916048744138965e-01,-3.691146789764164771e-01,-2.830659112540325206e-01,-1.720159715618949092e-01,6.441057079774910044e-01,-3.663831315680177725e-01,3.450266946707887805e-01,-1.227946297479264315e-01,2.600636201234790557e-01,7.641073330783261230e-01,-5.524854296889867289e-01,-5.169118908507636112e-01,7.654510051532875670e-01,1.346574239017439209e-02,5.295960867667591776e-01,7.193719623078541625e-01,-1.869739239008238324e-02,5.557831641092662034e-01,-2.877159752982890351e-04,1.645749281741714365e-01,-3.775167267350223455e-01,3.441637401657195450e-01,5.075158478863411871e-01,6.064663010140894928e-01,7.427404174336769138e-01,-3.770357381556030951e-01,6.168161405024183974e-01,1.000000000000000000e+00,-1.331530630736572039e-02,-5.421919142021862648e-01,3.916946746450312156e-01,1.049845830814291059e-01,-4.869387131193952944e-01,8.212888134287111841e-01,6.306701860166536999e-01,5.624864074386063395e-01,-3.743555849202570562e-02,-5.804552575343597809e-01
6.493529412615721419e-02,6.573102775215378113e-01,4.638082674304181419e-01,2.314800240531410258e-01,7.334806196378690357e-01,-3.919881196617618357e-01,3.474386399217387900e-01,-4.333930434301824230e-01,8.316086341537313187e-01,6.232524456173789140e-01,2.027398019878584590e-02,4.536500037396515861e-01,6.759703488531144076e-03,2.421910694223378679e-01,1.251193929128003313e-01,4.820216454641659820e-01,-3.135295867129662684e-01,-4.393565388779920727e-02,-5.175878038846424278e-01,1.933686597082318048e-01,2.220631621544453538e-01,3.089740342465460352e-02,5.172522438942905865e-01,4.502337809672593005e-01,-2.109869991380900756e-01,1.364582525869857677e-01,5.470595130302413622e-01,6.392238667698066368e-02,-1.331530630736572039e-02,1.000000000000000000e+00,4.433037553222793359e-01,4.609034034474838171e-01,4.190368871332083578e-01,5.020006142844279928e-01,-1.485850771740141463e-01,2.074855575567756127e-01,2.405658058063723792e-01,4.330006086504736285e-01,5.513291737845974483e-01
-3.605608488624361119e-01,6.131347140434649789e-01,7.932250504200176744e-01,2.550937433374312890e-01,7.060907173076699239e-01,-4.788788851809596681e-01,5.117317069715366928e-01,-7.625070309122643497e-01,5.650497869987569644e-01,9.728667212945311948e-02,-4.772809270577101914e-01,7.292381896774826622e-01,2.392458367928253504e-01,-3.215675380570696684e-01,1.802677632781798100e-01,-9.597536016469689069e-02,-6.123046288548975591e-01,-3.470095569059680057e-02,-7.160413608181577239e-01,9.874426179218177835e-02,1.775615655032836970e-01,4.327923305984696101e-01,2.578662788390793659e-01,8.144229006610520516e-03,-3.833878511418595814e-01,-2.736889562708480494e-01,8.551167254102780557e-01,-2.390600129720736600e-01,-5.421919142021862648e-01,4.433037553222793359e-01,1.000000000000000000e+00,1.141866978524228998e-01,4.829583004451623029e-01,7.905239200249220000e-01,-4.416859031702971006e-01,-3.042441843634833831e-01,7.914850900248860885e-03,4.553392004963610629e-01,8.384079730007932829e-01
-1.043393103563673707e-01,5.224205022527971254e-01,2.821913650623081998e-03,1.253423817073948121e-01,2.688760533845946377e-01,7.978763974463130848e-02,3.298121767245978248e-02,2.292780122896937237e-02,3.618336414101282483e-01,6.056113647162660873e-01,5.491325983219361717e-01,1.705254950449353046e-01,-3.605322824518270575e-01,5.276511319974926950e-01,-1.398838368721551095e-01,4.236871267221028470e-01,6.486351752019098305e-02,7.336179882420730547e-02,-1.000826090212955655e-01,-2.587924292909498519e-02,-1.807150489087282165e-03,-1.217376809312810948e-01,4.899447112137259586e-01,5.078196514051249721e-01,6.597974481684579229e-02,9.446394974062742589e-02,3.342535081125558860e-01,-1.543480341451350900e-02,3.916946746450312156e-01,4.609034034474838171e-01,1.141866978524228998e-01,1.000000000000000000e+00,1.229331996978468705e-01,-1.050254013024610050e-01,3.324693678098655791e-01,4.114534810174418911e-01,6.867108445180306608e-01,-2.789283550870111025e-02,1.039310393289524376e-01
1.932931780183057835e-01,1.778692840145673359e-01,6.983240407213606726e-01,-2.060647290223214245e-01,6.559580410507426240e-01,1.689805411595872442e-01,1.467067654177876823e-01,-7.329283707257023828e-01,4.257502479422920483e-01,1.211522709302545603e-01,-2.633150565485731925e-02,1.561821678802061963e-01,-6.903224528631628221e-02,3.081220463554202871e-01,2.803215494797277607e-01,3.227845396634260733e-01,1.013959422135237050e-02,2.991972440692061697e-02,-1.737395261580469141e-01,1.684079767149332385e-01,4.400461666980948761e-01,1.198117022460990916e-01,4.245649932942183735e-01,3.266212472208394058e-01,2.022395010789103664e-01,4.485074717993979276e-01,4.699805734786338118e-01,5.154420928811231928e-01,1.049845830814291059e-01,4.190368871332083578e-01,4.829583004451623029e-01,1.229331996978468705e-01,1.000000000000000000e+00,5.463207865334014368e-01,1.878622758783564939e-01,2.141788649016168056e-01,2.451306820492204774e-01,4.605171464940656656e-01,3.103604874483076870e-01
-6.921444383627230190e-02,4.807169942826114428e-01,8.030832880322116285e-01,2.208949107485082830e-01,7.458628263708676487e-01,-5.028181378624254627e-01,4.463064241751076300e-01,-7.770812344173924080e-01,6.492928237241423206e-01,1.031382917142785044e-01,-5.339667568061248204e-01,6.676569961304095191e-01,2.413069533202355510e-01,-2.654289567516385784e-01,3.675484456578192449e-01,-2.045019946933783125e-02,-5.709435380365602830e-01,-1.053307969771055119e-01,-7.086851016929551772e-01,1.911987629325138105e-01,3.295121345048335204e-01,3.307830082703538399e-01,2.579052300368672723e-01,5.791101546276719580e-02,-3.238645696463336443e-01,-7.931354180970309753e-02,6.839066739261844274e-01,-5.250721434277114824e-02,-4.869387131193952944e-01,5.020006142844279928e-01,7.905239200249220000e-01,-1.050254013024610050e-01,5.463207865334014368e-01,1.000000000000000000e+00,-4.515802082283904006e-01,-2.893894151876278409e-01,-1.562004643301538598e-01,6.584746280701807564e-01,7.966309276714315102e-01
4.849288776176049476e-01,-2.430416418888804719e-01,-2.790886855402966438e-01,-2.881646687546237651e-01,-1.840711676345303249e-01,7.157558090587214927e-01,-3.819957717499815608e-01,2.466744203829889515e-01,-2.202628709888335423e-01,1.406586268132593298e-01,6.956528926990266370e-01,-5.140964528662819166e-01,-5.800166116402044603e-01,7.337756335115023232e-01,3.531766749024484869e-02,4.131205067850297064e-01,7.071620712375721318e-01,-2.871547198016506305e-02,5.531186423851633949e-01,-5.668304985876884347e-03,1.125832008423544028e-01,-2.854767336100654251e-01,3.862911730877185423e-01,4.471137850561882621e-01,7.449735132162595974e-01,6.552454330104368063e-01,-2.756435396618645561e-01,5.430049344416501000e-01,8.212888134287111841e-01,-1.485850771740141463e-01,-4.416859031702971006e-01,3.324693678098655791e-01,1.878622758783564939e-01,-4.515802082283904006e-01,1.000000000000000000e+00,6.151513697710738748e-01,6.689417225513990539e-01,-8.632362515760078070e-02,-5.606806689569393543e-01
3.744595164588857550e-01,-6.318008223192658757e-02,-1.795765068927728247e-01,-2.386152822981306154e-01,-3.341211405038573695e-02,4.979706985062808400e-01,-2.401542153463391005e-01,1.285548408722778368e-01,2.971207809337158764e-02,3.355148892323283616e-01,6.360683259607493589e-01,-3.404440909371662660e-01,-3.723491881576581619e-01,6.035403135948689268e-01,1.615180416595478341e-02,5.575764538430326711e-01,5.707325374364194959e-01,5.325114066338233233e-03,3.625202062962471494e-01,4.500908269755387464e-02,4.016969069229876094e-02,-3.722991844140515205e-01,3.501355903806979142e-01,2.612435538763285825e-01,4.756468548835243171e-01,5.488220970101126417e-01,-1.810962563690023674e-01,4.648092581393350464e-01,6.306701860166536999e-01,2.074855575567756127e-01,-3.042441843634833831e-01,4.114534810174418911e-01,2.141788649016168056e-01,-2.893894151876278409e-01,6.151513697710738748e-01,1.000000000000000000e+00,4.654665045987737004e-01,-8.870300819868780218e-02,-3.929166950110133394e-01
1.697798848108906522e-01,3.419339259304921552e-01,1.560284110807393793e-02,5.044938300335195802e-02,1.803962109286103010e-01,2.965995714736412991e-01,-5.431799733662649038e-02,-5.853216989099662912e-03,1.845298193683768684e-01,4.712880601348744536e-01,4.932355438776496737e-01,-5.757710391761999662e-03,-4.588266889099552048e-01,6.258633093920012991e-01,5.546464147362971386e-02,4.870044167832573989e-01,2.312219758063543407e-01,3.667284675012676826e-02,8.068626862513403331e-02,7.979219965938719183e-02,1.398776455133508845e-01,-1.404515227034270619e-01,6.227090130708416993e-01,5.763201054604659701e-01,4.021475517645648479e-01,3.674155849545893138e-01,2.497433162088597280e-01,2.518032463368053975e-01,5.624864074386063395e-01,2.405658058063723792e-01,7.914850900248860885e-03,6.867108445180306608e-01,2.451306820492204774e-01,-1.562004643301538598e-01,6.689417225513990539e-01,4.654665045987737004e-01,1.000000000000000000e+00,5.633956317446424389e-02,-4.163238702023371041e-02
4.056130521025492208e-01,3.342345624712612095e-01,6.053345876011588800e-01,1.540612897863524733e-01,6.891595487507006235e-01,-2.655926077364207383e-01,2.366187924151850197e-01,-5.567637934038589531e-01,6.461069325548133291e-01,1.305719516010226400e-01,-2.460724828950550946e-01,3.780509497708109956e-01,1.583930930625413250e-02,5.790298975878033216e-02,5.055937057696043846e-01,1.205086320938708183e-01,-2.673721507405508735e-01,-3.251150131259942233e-01,-4.890210854525550710e-01,2.911165474228567529e-01,5.171150617495987589e-01,1.680799813131333698e-01,4.190450244320311213e-01,3.314971253970130372e-01,-1.042495256523231356e-01,2.851224109779895710e-01,4.422172946694569173e-01,2.196641487108405566e-01,-3.743555849202570562e-02,4.330006086504736285e-01,4.553392004963610629e-01,-2.789283550870111025e-02,4.605171464940656656e-01,6.584746280701807564e-01,-8.632362515760078070e-02,-8.870300819868780218e-02,5.633956317446424389e-02,1.000000000000000000e+00,5.716081965199208970e-01
-2.864314998029799941e-01,7.193319195340479588e-01,7.210994781567445777e-01,4.041703826980144743e-01,7.306890653747695197e-01,-6.881076061439215241e-01,5.502807495238686286e-01,-6.497533947135437637e-01,6.982479093689291094e-01,2.191247841036051691e-01,-5.558789731025541858e-01,8.085267543338553464e-01,2.804519020797965334e-01,-3.357631943722835799e-01,2.629007161122544622e-01,-8.999550169223752283e-02,-7.654291316668242473e-01,-7.314069469294556813e-02,-8.517793445828276688e-01,1.895728929474334024e-01,2.402304827310070556e-01,3.909124530168488487e-01,2.490211489294271996e-01,8.918263681276468458e-02,-5.421121783116491510e-01,-3.487343456654324325e-01,8.160464213590200577e-01,-3.411949358165876633e-01,-5.804552575343597809e-01,5.513291737845974483e-01,8.384079730007932829e-01,1.039310393289524376e-01,3.103604874483076870e-01,7.966309276714315102e-01,-5.606806689569393543e-01,-3.929166950110133394e-01,-4.163238702023371041e-02,5.716081965199208970e-01,1.000000000000000000e+00
