1.000000000000000000e+00,-1.724651449234713418e-01,-6.505542520749828250e-02,-6.329704216760397018e-02,4.875916258143822568e-01,1.692801642862715450e-01,-4.756088666393905040e-01,-7.292461083062513616e-01,2.389658573834360922e-01,5.142702180056046846e-01,-7.691032550895904318e-02,-2.729443215224054975e-01,4.921961883977343799e-01,6.220788372160146462e-01,3.541453942425205198e-02,5.255999240160971198e-01,3.343324143435580931e-01,-3.714502216187727524e-02,-2.363113717751784970e-01,-3.868256325238009774e-01,2.473873346432448744e-02,-4.559854773061211008e-01,2.423493057179134658e-01,4.420825789101768266e-01,5.083847262945231371e-01,7.286604358922835756e-01,-3.980831372327915951e-01,5.857083503757645193e-01,6.408890901635234671e-01,7.555190187256187739e-01,-5.913944099370419538e-01,-1.168215035064898710e-01,3.295071271905045673e-01,3.697532993513443222e-01,4.985876950804329355e-01,3.777602928345007993e-01,-3.125694276678722683e-01,6.760102998285890674e-01,-2.321626553791802938e-01
-1.724651449234713418e-01,1.000000000000000000e+00,1.938833837955946382e-01,1.403289495247120600e-01,6.670943698920983600e-02,-7.744375963039190625e-01,5.531632687383941649e-01,1.602471849814300631e-01,7.119226183137037367e-01,2.105674695392534823e-01,-4.422958545691233478e-01,8.103569425483901911e-01,1.844982330788873526e-01,7.786019860026500983e-02,5.062374419343357301e-01,2.624380235103521142e-01,-6.546816738272879244e-01,2.858377973944374317e-01,7.597905527079298338e-01,3.657567322275684374e-02,-5.697210003060473316e-01,6.470785698314329704e-02,6.441837078592378418e-01,3.447626977512883995e-02,-5.729055107571152661e-01,-4.172411800440561369e-01,2.876690987425860602e-01,-6.690059958663512329e-01,-5.712723514947952719e-01,-2.309752723919556716e-01,-6.023159099971505184e-04,8.439291470224794534e-01,-6.242828254064072130e-02,4.931192039025135143e-01,-4.024852288853075222e-01,4.316348624366538878e-01,-2.431209950299632327e-01,-1.011751666412265410e-01,8.656320064990229435e-01
-6.505542520749828250e-02,1.938833837955946382e-01,1.000000000000000000e+00,5.299234299844732821e-01,4.484869993238091435e-01,-1.779704984383202182e-01,5.165018038545097223e-01,-4.912083507941821664e-02,2.786167665954930595e-01,1.464286615923419133e-01,-1.667127047542500407e-01,3.618566720010250037e-01,-3.418542709132645907e-01,-1.103248366377594797e-01,3.646780345084425085e-02,-1.274041073856410355e-01,-2.492186895714228467e-01,4.896120788167609428e-01,4.026813604190255247e-01,5.121719726466498201e-01,4.668874150341909002e-01,6.836929285065933559e-01,-6.096925006815519243e-02,-4.244705260012307524e-02,-2.713348244491432526e-01,-7.384759305056119716e-02,4.582718647162784542e-01,3.778414174619790233e-02,-2.357855455365220620e-01,-1.178919893328309043e-01,3.747997885992370160e-01,1.358269382181532536e-01,2.532954385735571301e-01,2.723073912239433736e-01,-2.703152470549337050e-01,-5.113745857264195838e-02,2.168508056947998641e-01,-2.091848161357584904e-02,2.616621298259373951e-01
-6.329704216760397018e-02,1.403289495247120600e-01,5.299234299844732821e-01,1.000000000000000000e+00,-8.912132127443836427e-03,-2.532908663794316007e-01,5.980754708528270847e-01,2.628725529790130744e-01,3.967097375990107366e-01,-1.951998525423176145e-01,-3.003657138964173634e-01,3.175824884921187308e-01,-2.429828641190844296e-01,-3.849312189961759390e-01,2.725586858153095093e-01,-3.271098007262842056e-01,-1.950028222465985395e-01,6.623201211661406962e-01,5.062161439199860391e-01,7.361095680517516504e-01,2.134335718636999613e-01,4.548949059328037392e-01,-1.920514128724136182e-01,-3.198191219604309410e-01,-4.192251342555233795e-01,-2.688010221116001186e-01,-5.791639771143323318e-02,-1.949456185823598975e-01,-1.832992562088352484e-01,-3.089509685440380848e-01,-1.999850095063927281e-03,-4.975101154264878478e-02,-3.544146088854229770e-01,5.126408518413500676e-02,-5.619729236562680530e-01,-1.998475734256185410e-01,-2.298895485909254466e-01,-2.335241320158678094e-02,2.463641853192989617e-01
4.875916258143822568e-01,6.670943698920983600e-02,4.484869993238091435e-01,-8.912132127443836427e-03,1.000000000000000000e+00,-1.113882088608824121e-03,-1.193296613889265612e-01,-6.835731237081336120e-01,3.389828339705395210e-01,5.729586715245341688e-01,-2.770215087926951314e-02,1.649489273571742159e-02,2.431125547967087630e-01,5.955905137040570230e-01,-4.537538848465041269e-02,4.099897940768715277e-01,1.227538039975966389e-01,1.993847145104100382e-01,4.749465406473235563e-02,-1.866111509281693781e-01,1.942239556622786523e-01,-8.382382071238869692e-02,2.587366707843556379e-01,4.344566021454694393e-01,3.663624055943882629e-01,4.661689363778312445e-01,9.961975791257961232e-02,3.470884245090265496e-01,3.411759414115743128e-01,5.269491919877983266e-01,-1.490431333523573043e-01,1.163959029036039095e-01,5.731152996945609868e-01,6.364920561460551962e-01,2.899951508504131081e-01,3.271626962354878820e-01,-2.490375639381705794e-02,4.964940350898218724e-01,4.031967701960006978e-02
1.692801642862715450e-01,-7.744375963039190625e-01,-1.779704984383202182e-01,-2.532908663794316007e-01,-1.113882088608824121e-03,1.000000000000000000e+00,-5.436245292285333264e-01,-1.826013645389466256e-01,-6.646852356209722590e-01,-1.098315482259992620e-01,6.401695202357422509e-01,-8.061062499737692288e-01,-1.611742146662128172e-01,7.990324619023103647e-02,-4.576990456535197094e-01,-2.249817674383526311e-01,6.867712392741236460e-01,-2.716452589790827599e-01,-7.583542649751491282e-01,-3.309581140020441403e-02,5.602206552532299488e-01,-1.321168655320935359e-01,-5.947972438859302491e-01,1.233780962431857003e-01,6.971102766790244765e-01,3.829069639324139684e-01,-1.110689985012896369e-01,5.902012576616756379e-01,6.224569443680247893e-01,2.681793177239443215e-01,7.770650958000802078e-02,-7.443767347066233553e-01,1.278072105159764604e-01,-5.107526428206554669e-01,4.773392741224522506e-01,-3.224524745743138632e-01,4.595403567564980696e-01,-3.311915073758844169e-02,-8.407883288689516066e-01
-4.756088666393905040e-01,5.531632687383941649e-01,5.165018038545097223e-01,5.980754708528270847e-01,-1.193296613889265612e-01,-5.436245292285333264e-01,1.000000000000000000e+00,5.337283929468006338e-01,4.121417356748099392e-01,-1.270795045190096506e-01,-3.605272353275688069e-01,6.722623738043007613e-01,-3.587673108713541059e-01,-3.769051481194893305e-01,3.102268339090707427e-01,-2.446378556290340622e-01,-5.971290057605957990e-01,4.892816808147180674e-01,7.475129813305410043e-01,6.149793484824920275e-01,-3.859287644778734705e-02,6.285468610675871703e-01,1.154734781606867877e-01,-2.960383204640995580e-01,-7.370081353003458124e-01,-6.391099686693157977e-01,3.753962812867520094e-01,-5.557221875130107236e-01,-6.773566453089028272e-01,-5.536454536815388350e-01,3.637439002916298403e-01,4.286650662873462414e-01,-2.647087902842961693e-01,1.568105970940821547e-01,-6.600364052615703692e-01,-7.497094874897193562e-02,1.552981877252642903e-02,-3.522886922457834080e-01,6.445355993343004908e-01
-7.292461083062513616e-01,1.602471849814300631e-01,-4.912083507941821664e-02,2.628725529790130744e-01,-6.835731237081336120e-01,-1.826013645389466256e-01,5.337283929468006338e-01,1.000000000000000000e+00,-1.801885875396229131e-01,-5.671341044506632567e-01,5.068148080337476873e-03,2.334978259818407398e-01,-5.772922112210020495e-01,-6.954739730187444735e-01,3.420333164819220478e-02,-5.886710265184340596e-01,-3.107743553801226577e-01,1.055332479127399498e-01,2.631280719574861648e-01,5.387996421224828802e-01,-6.067213346953333891e-02,4.596485424497336880e-01,-2.845266408317540519e-01,-5.224852503481283161e-01,-5.812171105325057985e-01,-7.683806344766198615e-01,2.594517445960231594e-01,-5.520107069614844653e-01,-5.876881706996663901e-01,-7.847653238645554419e-01,5.292454285854168994e-01,1.906107108222491325e-02,-5.844187488930581154e-01,-4.556768834594154272e-01,-6.315340642939558657e-01,-4.214488403767865377e-01,2.320161784550361372e-01,-6.848948792184076373e-01,2.235599278246328536e-01
2.389658573834360922e-01,7.119226183137037367e-01,2.786167665954930595e-01,3.967097375990107366e-01,3.389828339705395210e-01,-6.646852356209722590e-01,4.121417356748099392e-01,-1.801885875396229131e-01,1.000000000000000000e+00,3.738993411149518775e-01,-4.792412423706353120e-01,6.364526757073261098e-01,3.901086423065621145e-01,2.850690849728738097e-01,5.968364393313740912e-01,4.015374583749040105e-01,-4.017330950648532739e-01,5.877278075787359946e-01,7.508874731388601731e-01,6.674000492550738461e-02,-4.048450481663910527e-01,-9.980087082578592561e-02,6.055630720147683332e-01,1.692817240831799575e-01,-3.189292685747529554e-01,-3.228861574281597507e-02,2.515149221924218095e-03,-3.692515896161155942e-01,-1.802231859045227147e-01,8.634524250289155045e-02,-3.689351609639562324e-01,6.255169781865417278e-01,2.215774131829492677e-02,6.573185238471070946e-01,-2.934685031074243389e-01,4.461664063889317355e-01,-5.270143106638724984e-01,3.726056537995844353e-01,6.984679820176974419e-01
5.142702180056046846e-01,2.105674695392534823e-01,1.464286615923419133e-01,-1.951998525423176145e-01,5.729586715245341688e-01,-1.098315482259992620e-01,-1.270795045190096506e-01,-5.671341044506632567e-01,3.738993411149518775e-01,1.000000000000000000e+00,-2.966032616903691577e-01,2.085434947168649800e-01,4.441913340317713010e-01,7.044752537851278751e-01,1.004608684689395001e-02,8.191328342015389286e-01,-1.945225590159584683e-01,2.287276667824067466e-02,1.578177997774562746e-01,-4.343590220786341383e-01,-9.438648760494217083e-03,-1.954567587320966415e-01,6.390418910043386136e-01,4.408784183809639767e-01,3.051137003958142024e-01,4.910268661468772389e-01,1.197696844771963948e-01,3.315785263280323081e-01,1.347086093484606284e-01,6.976561383139895378e-01,-1.710620516354257048e-01,3.757384501398987053e-01,6.662245572358590495e-01,5.795446712285572399e-01,5.195382621003908907e-01,7.073017933749704556e-01,-7.018904377749184652e-04,6.169788410646824817e-01,2.510448264299862120e-01
-7.691032550895904318e-02,-4.422958545691233478e-01,-1.667127047542500407e-01,-3.003657138964173634e-01,-2.770215087926951314e-02,6.401695202357422509e-01,-3.605272353275688069e-01,5.068148080337476873e-03,-4.792412423706353120e-01,-2.966032616903691577e-01,1.000000000000000000e+00,-6.443948894076837464e-01,-2.618033864508451658e-01,-2.468082425261356946e-02,-3.271529918251334657e-01,-4.217999635475208620e-01,7.388310406166986866e-01,-6.164325615851212053e-02,-5.527780625140599202e-01,9.203320523196660552e-02,2.763838046141255944e-01,-1.527195423886089365e-01,-5.244793654585966358e-01,1.488853828440744320e-01,4.872506709318293328e-01,7.836034868833628708e-02,1.405602560914746280e-01,1.299107603957108947e-01,4.727141266953618914e-01,-6.290736359700280222e-02,1.633710201552708297e-01,-4.973050232765116041e-01,-1.083483227984224084e-01,-4.800618002234071646e-01,7.215556181050201967e-02,-4.197832736796355269e-01,3.762118009820807907e-01,-2.598104602009076447e-01,-5.893861034100761342e-01
-2.729443215224054975e-01,8.103569425483901911e-01,3.618566720010250037e-01,3.175824884921187308e-01,1.649489273571742159e-02,-8.061062499737692288e-01,6.722623738043007613e-01,2.334978259818407398e-01,6.364526757073261098e-01,2.085434947168649800e-01,-6.443948894076837464e-01,1.000000000000000000e+00,9.801440490224594404e-02,-9.307370315623689216e-02,4.774082024197336960e-01,2.370391425246763384e-01,-8.231718968407863990e-01,3.008942251363028175e-01,8.305578825424756451e-01,1.623195094055173981e-01,-3.969236546652790687e-01,3.005403768032629541e-01,5.922919796305380347e-01,-9.850541695524868413e-02,-7.006567240858964096e-01,-4.447848057445243919e-01,2.741089229173961361e-01,-5.913472356909926786e-01,-7.423512956099994620e-01,-2.772149941162642128e-01,8.221043874515755745e-02,8.056047532067347472e-01,-6.579639963231339282e-03,4.774471278413039421e-01,-4.079805756840126363e-01,3.755651755037190398e-01,-2.137125330478623075e-01,-8.401417455725615491e-02,8.858566742835445318e-01
4.921961883977343799e-01,1.844982330788873526e-01,-3.418542709132645907e-01,-2.429828641190844296e-01,2.431125547967087630e-01,-1.611742146662128172e-01,-3.587673108713541059e-01,-5.772922112210020495e-01,3.901086423065621145e-01,4.441913340317713010e-01,-2.618033864508451658e-01,9.801440490224594404e-02,1.000000000000000000e+00,5.676579301071983386e-01,2.949712986680176896e-01,6.418893763841250211e-01,-5.021798872051915635e-02,-1.303795534864059802e-01,6.086469666140533613e-02,-5.865669715736459011e-01,-4.520437262456724614e-01,-6.762457252906156624e-01,5.392726204165061432e-01,3.988635393924744865e-01,2.201878974095297647e-01,4.385014637541329030e-01,-4.249776804321657719e-01,8.036509290945229034e-02,2.328394390736888420e-01,5.591948374552998535e-01,-7.447633741619179570e-01,3.300931953799831620e-01,2.828827181618773223e-01,4.343316779669531003e-01,4.437010393852712786e-01,5.394571442786867399e-01,-5.396563066327096925e-01,5.537409044933805369e-01,1.311602027521139024e-01
6.220788372160146462e-01,7.786019860026500983e-02,-1.103248366377594797e-01,-3.849312189961759390e-01,5.955905137040570230e-01,7.990324619023103647e-02,-3.769051481194893305e-01,-6.954739730187444735e-01,2.850690849728738097e-01,7.044752537851278751e-01,-2.468082425261356946e-02,-9.307370315623689216e-02,5.676579301071983386e-01,1.000000000000000000e+00,2.018062756896185986e-02,7.310762725510683291e-01,1.430712983975958863e-01,-1.033772248282408823e-01,-1.128480121059667052e-01,-5.883977205418423617e-01,-1.324379618947721660e-01,-4.977233867661532973e-01,5.119525680026135728e-01,7.006698876159748179e-01,4.997878010227496115e-01,6.033098105159437896e-01,-1.058083089670811133e-01,3.813234019403536901e-01,4.442544354982965182e-01,7.528886631303117749e-01,-3.943862334846007234e-01,2.244047018936163873e-01,5.681865573500571864e-01,5.177109950565581542e-01,6.090360656180827670e-01,5.888308903146333151e-01,-5.575905967224766002e-02,5.896524267535883101e-01,-2.141560633217013537e-02
3.541453942425205198e-02,5.062374419343357301e-01,3.646780345084425085e-02,2.725586858153095093e-01,-4.537538848465041269e-02,-4.576990456535197094e-01,3.102268339090707427e-01,3.420333164819220478e-02,5.968364393313740912e-01,1.004608684689395001e-02,-3.271529918251334657e-01,4.774082024197336960e-01,2.949712986680176896e-01,2.018062756896185986e-02,1.000000000000000000e+00,1.563860533408921449e-01,-2.733631602647543790e-01,3.511027900625152687e-01,5.277854685916982813e-01,1.427078942206116419e-01,-4.377135571018942461e-01,-1.319011841812505470e-01,3.501697655892491157e-01,7.024662028459634222e-02,-3.320996439800686928e-01,-1.289161018193694663e-01,-8.862905974297491385e-02,-4.652703769668419809e-01,-2.000446729909343413e-01,-1.483433050386875618e-01,-3.693574529643045001e-01,4.428119246759620320e-01,-2.459721177217814858e-01,2.826232306593343124e-01,-3.253758913839560063e-01,1.962151393171088776e-01,-4.165139897248522072e-01,3.698072916270324362e-02,4.679150276084848015e-01
5.255999240160971198e-01,2.624380235103521142e-01,-1.274041073856410355e-01,-3.271098007262842056e-01,4.099897940768715277e-01,-2.249817674383526311e-01,-2.446378556290340622e-01,-5.886710265184340596e-01,4.015374583749040105e-01,8.191328342015389286e-01,-4.217999635475208620e-01,2.370391425246763384e-01,6.418893763841250211e-01,7.310762725510683291e-01,1.563860533408921449e-01,1.000000000000000000e+00,-2.468207817323332387e-01,-1.333839410386157553e-01,1.383272415703314384e-01,-6.303437656048345161e-01,-2.986993938321277353e-01,-4.178100792765047644e-01,7.685337684463841024e-01,4.847795064938982823e-01,2.404949415741731711e-01,4.964249455073566075e-01,-1.319651958644569856e-01,2.322409258750364747e-01,1.013557214412858232e-01,7.102475577567933795e-01,-4.171450523490479734e-01,4.696329254261497055e-01,5.644138396541859004e-01,5.923399143847229986e-01,5.580776252592142272e-01,7.640085479877116725e-01,-2.387685225204604911e-01,6.494571821607679762e-01,2.758721234233224573e-01
3.343324143435580931e-01,-6.546816738272879244e-01,-2.492186895714228467e-01,-1.950028222465985395e-01,1.227538039975966389e-01,6.867712392741236460e-01,-5.971290057605957990e-01,-3.107743553801226577e-01,-4.017330950648532739e-01,-1.945225590159584683e-01,7.388310406166986866e-01,-8.231718968407863990e-01,-5.021798872051915635e-02,1.430712983975958863e-01,-2.733631602647543790e-01,-2.468207817323332387e-01,1.000000000000000000e+00,-5.672284611741140042e-02,-6.928496263298984381e-01,-5.999578648901240929e-02,3.094055559000480349e-01,-3.608266570299357712e-01,-5.171612062728783155e-01,1.882588763853674796e-01,6.730598747133392790e-01,4.560084747913214498e-01,-2.374585241708641881e-01,4.441739916507351782e-01,8.125205415682358323e-01,2.478425207209717651e-01,-2.085217584166902394e-01,-6.961744024542373399e-01,-6.524616232324324805e-02,-3.543985020778550044e-01,2.465309660760595101e-01,-3.221209827189502328e-01,8.805784000683473944e-02,1.254001097950386001e-01,-7.759051701436187054e-01
-3.714502216187727524e-02,2.858377973944374317e-01,4.896120788167609428e-01,6.623201211661406962e-01,1.993847145104100382e-01,-2.716452589790827599e-01,4.892816808147180674e-01,1.055332479127399498e-01,5.877278075787359946e-01,2.287276667824067466e-02,-6.164325615851212053e-02,3.008942251363028175e-01,-1.303795534864059802e-01,-1.033772248282408823e-01,3.511027900625152687e-01,-1.333839410386157553e-01,-5.672284611741140042e-02,1.000000000000000000e+00,5.990376273300256349e-01,5.636478839284494446e-01,1.078255916456361402e-01,2.418710855871532006e-01,9.690331053009030920e-04,-1.061046637451088376e-01,-2.203713306227384205e-01,-1.323440738393125982e-01,1.420673147716867979e-01,-2.751049792470367517e-01,-4.449044171455639185e-02,-1.988992648574392508e-01,-6.338030872794317427e-03,9.287605246036714779e-02,-1.564507146712602048e-01,1.672943193644569060e-01,-5.241699697238656475e-01,-6.417430256068651362e-02,-2.114079495089594973e-01,1.981337686854273694e-01,3.374677192566319928e-01
-2.363113717751784970e-01,7.597905527079298338e-01,4.026813604190255247e-01,5.062161439199860391e-01,4.749465406473235563e-02,-7.583542649751491282e-01,7.475129813305410043e-01,2.631280719574861648e-01,7.508874731388601731e-01,1.578177997774562746e-01,-5.527780625140599202e-01,8.305578825424756451e-01,6.086469666140533613e-02,-1.128480121059667052e-01,5.277854685916982813e-01,1.383272415703314384e-01,-6.928496263298984381e-01,5.990376273300256349e-01,1.000000000000000000e+00,3.345363743197838913e-01,-3.234191589404968870e-01,2.951261479535107757e-01,4.728376463358324178e-01,-1.357823002847312333e-01,-6.605871111400840601e-01,-4.338965391664610372e-01,2.375264408435520391e-01,-5.990030850617269476e-01,-6.160928841666177824e-01,-3.004255360742236758e-01,3.147219363312596385e-02,6.786058260706846479e-01,-1.172267655767265937e-01,4.253801133763622788e-01,-5.418119628030215740e-01,2.363114133408665274e-01,-3.130320627949817469e-01,2.454788766127186800e-02,8.445373732713136183e-01
-3.868256325238009774e-01,3.657567322275684374e-02,5.121719726466498201e-01,7.361095680517516504e-01,-1.866111509281693781e-01,-3.309581140020441403e-02,6.149793484824920275e-01,5.387996421224828802e-01,6.674000492550738461e-02,-4.343590220786341383e-01,9.203320523196660552e-02,1.623195094055173981e-01,-5.865669715736459011e-01,-5.883977205418423617e-01,1.427078942206116419e-01,-6.303437656048345161e-01,-5.999578648901240929e-02,5.636478839284494446e-01,3.345363743197838913e-01,1.000000000000000000e+00,3.249087118158209275e-01,6.034187574589412462e-01,-4.534860543721850878e-01,-3.568514451516299757e-01,-3.972422380689216714e-01,-5.053698889558945195e-01,1.983736236130095310e-01,-3.049678315636466519e-01,-2.598720393986358457e-01,-5.825244627297169187e-01,3.561590427702234773e-01,-1.831890140338334194e-01,-4.825568609127312558e-01,-2.618714164054456450e-01,-6.652930576699175313e-01,-4.863522412021835106e-01,1.373143028118799791e-01,-4.232111572373464803e-01,9.886873674857557526e-02
2.473873346432448744e-02,-5.697210003060473316e-01,4.668874150341909002e-01,2.134335718636999613e-01,1.942239556622786523e-01,5.602206552532299488e-01,-3.859287644778734705e-02,-6.067213346953333891e-02,-4.048450481663910527e-01,-9.438648760494217083e-03,2.763838046141255944e-01,-3.969236546652790687e-01,-4.520437262456724614e-01,-1.324379618947721660e-01,-4.377135571018942461e-01,-2.986993938321277353e-01,3.094055559000480349e-01,1.078255916456361402e-01,-3.234191589404968870e-01,3.249087118158209275e-01,1.000000000000000000e+00,5.029281652602178854e-01,-5.694193758282234397e-01,-6.051927104696656901e-02,2.959294003668751505e-01,2.322859430708315576e-01,2.452247013837747236e-01,5.536804866416255022e-01,2.503591548084042051e-01,8.340602157248665216e-02,4.063177157510646231e-01,-5.713689727592236034e-01,3.219835716263841907e-01,-2.513653494274635247e-01,1.711463967033657885e-01,-3.521002726284173656e-01,5.098043302627746076e-01,3.352876938024394130e-03,-4.838399487361085272e-01
-4.559854773061211008e-01,6.470785698314329704e-02,6.836929285065933559e-01,4.548949059328037392e-01,-8.382382071238869692e-02,-1.321168655320935359e-01,6.285468610675871703e-01,4.596485424497336880e-01,-9.980087082578592561e-02,-1.954567587320966415e-01,-1.527195423886089365e-01,3.005403768032629541e-01,-6.762457252906156624e-01,-4.977233867661532973e-01,-1.319011841812505470e-01,-4.178100792765047644e-01,-3.608266570299357712e-01,2.418710855871532006e-01,2.951261479535107757e-01,6.034187574589412462e-01,5.029281652602178854e-01,1.000000000000000000e+00,-2.815670547776173427e-01,-3.336831222350021831e-01,-4.943282410760753143e-01,-3.896945890090879328e-01,5.413968636880527319e-01,-6.987160753288156056e-02,-5.113473178815430842e-01,-4.653579948629547602e-01,6.892496292418779369e-01,1.498143807123492044e-02,-1.348893635919288679e-03,-1.277250104523142693e-01,-3.962571341209077391e-01,-3.288586132484369595e-01,4.255093409124053316e-01,-3.974866379928366777e-01,1.925887944725945822e-01
2.423493057179134658e-01,6.441837078592378418e-01,-6.096925006815519243e-02,-1.920514128724136182e-01,2.587366707843556379e-01,-5.947972438859302491e-01,1.154734781606867877e-01,-2.845266408317540519e-01,6.055630720147683332e-01,6.390418910043386136e-01,-5.244793654585966358e-01,5.922919796305380347e-01,5.392726204165061432e-01,5.119525680026135728e-01,3.501697655892491157e-01,7.685337684463841024e-01,-5.171612062728783155e-01,9.690331053009030920e-04,4.728376463358324178e-01,-4.534860543721850878e-01,-5.694193758282234397e-01,-2.815670547776173427e-01,1.000000000000000000e+00,3.483531958614907165e-01,-1.541800519892065624e-01,9.905328653632042291e-02,2.351948076123219419e-02,-2.060166902943401657e-01,-2.782566160338634798e-01,3.322498453362350279e-01,-3.006218791389287937e-01,7.842834646788854336e-01,3.163375811906972146e-01,6.579748992691596410e-01,1.547186369612411072e-01,7.249318646539576472e-01,-3.183630578410768797e-01,3.793504665635311635e-01,6.542643558710544704e-01
4.420825789101768266e-01,3.447626977512883995e-02,-4.244705260012307524e-02,-3.198191219604309410e-01,4.344566021454694393e-01,1.233780962431857003e-01,-2.960383204640995580e-01,-5.224852503481283161e-01,1.692817240831799575e-01,4.408784183809639767e-01,1.488853828440744320e-01,-9.850541695524868413e-02,3.988635393924744865e-01,7.006698876159748179e-01,7.024662028459634222e-02,4.847795064938982823e-01,1.882588763853674796e-01,-1.061046637451088376e-01,-1.357823002847312333e-01,-3.568514451516299757e-01,-6.051927104696656901e-02,-3.336831222350021831e-01,3.483531958614907165e-01,1.000000000000000000e+00,4.291611999534733490e-01,4.410597564781519875e-01,-2.865780354694651491e-02,2.805076095341920150e-01,3.403993142736809197e-01,5.248318281248554040e-01,-3.182122615993699943e-01,1.821521443716552779e-01,4.345480794834477023e-01,3.667180789950650888e-01,4.645793446371897506e-01,2.825970305501880331e-01,1.303874691912799977e-02,3.237994478009671995e-01,-8.889615664460026601e-02
5.083847262945231371e-01,-5.729055107571152661e-01,-2.713348244491432526e-01,-4.192251342555233795e-01,3.663624055943882629e-01,6.971102766790244765e-01,-7.370081353003458124e-01,-5.812171105325057985e-01,-3.189292685747529554e-01,3.051137003958142024e-01,4.872506709318293328e-01,-7.006567240858964096e-01,2.201878974095297647e-01,4.997878010227496115e-01,-3.320996439800686928e-01,2.404949415741731711e-01,6.730598747133392790e-01,-2.203713306227384205e-01,-6.605871111400840601e-01,-3.972422380689216714e-01,2.959294003668751505e-01,-4.943282410760753143e-01,-1.541800519892065624e-01,4.291611999534733490e-01,1.000000000000000000e+00,6.463026754409142427e-01,-2.322095259075034890e-01,6.285614932207848060e-01,7.832597441920766679e-01,6.199162532774959988e-01,-2.340030780951849743e-01,-5.003532701032672447e-01,3.845492652085473750e-01,-5.294219044086791170e-02,6.633236045559531835e-01,6.391176222149515251e-02,1.746528451383078662e-01,4.036921473128188831e-01,-6.482766025548921673e-01
7.286604358922835756e-01,-4.172411800440561369e-01,-7.384759305056119716e-02,-2.688010221116001186e-01,4.661689363778312445e-01,3.829069639324139684e-01,-6.391099686693157977e-01,-7.683806344766198615e-01,-3.228861574281597507e-02,4.910268661468772389e-01,7.836034868833628708e-02,-4.447848057445243919e-01,4.385014637541329030e-01,6.033098105159437896e-01,-1.289161018193694663e-01,4.964249455073566075e-01,4.560084747913214498e-01,-1.323440738393125982e-01,-4.338965391664610372e-01,-5.053698889558945195e-01,2.322859430708315576e-01,-3.896945890090879328e-01,9.905328653632042291e-02,4.410597564781519875e-01,6.463026754409142427e-01,1.000000000000000000e+00,-2.045025843122775244e-01,7.561177483527842247e-01,6.925814582212443948e-01,7.852559267329960457e-01,-4.211396207326612573e-01,-2.469346342707272879e-01,5.599300379331126898e-01,1.986553303184381003e-01,6.864662391137452691e-01,2.754263983268530613e-01,-8.846101763162672604e-02,7.098009253789545614e-01,-4.500616880172397805e-01
-3.980831372327915951e-01,2.876690987425860602e-01,4.582718647162784542e-01,-5.791639771143323318e-02,9.961975791257961232e-02,-1.110689985012896369e-01,3.753962812867520094e-01,2.594517445960231594e-01,2.515149221924218095e-03,1.197696844771963948e-01,1.405602560914746280e-01,2.741089229173961361e-01,-4.249776804321657719e-01,-1.058083089670811133e-01,-8.862905974297491385e-02,-1.319651958644569856e-01,-2.374585241708641881e-01,1.420673147716867979e-01,2.375264408435520391e-01,1.983736236130095310e-01,2.452247013837747236e-01,5.413968636880527319e-01,2.351948076123219419e-02,-2.865780354694651491e-02,-2.322095259075034890e-01,-2.045025843122775244e-01,1.000000000000000000e+00,-1.631473161873050470e-01,-3.759780549907455471e-01,-2.992534409167424414e-01,7.004661425844438405e-01,2.943069038077430477e-01,2.546425206365420246e-01,1.286986705817885421e-02,-1.994572844836794701e-01,-4.177600387341362520e-02,5.708240734210454637e-01,-3.148905140658789237e-01,2.888189517744077506e-01
5.857083503757645193e-01,-6.690059958663512329e-01,3.778414174619790233e-02,-1.949456185823598975e-01,3.470884245090265496e-01,5.902012576616756379e-01,-5.557221875130107236e-01,-5.520107069614844653e-01,-3.692515896161155942e-01,3.315785263280323081e-01,1.299107603957108947e-01,-5.913472356909926786e-01,8.036509290945229034e-02,3.813234019403536901e-01,-4.652703769668419809e-01,2.322409258750364747e-01,4.441739916507351782e-01,-2.751049792470367517e-01,-5.990030850617269476e-01,-3.049678315636466519e-01,5.536804866416255022e-01,-6.987160753288156056e-02,-2.060166902943401657e-01,2.805076095341920150e-01,6.285614932207848060e-01,7.561177483527842247e-01,-1.631473161873050470e-01,1.000000000000000000e+00,6.097155707505088618e-01,6.499535754948881916e-01,-9.490227766581760260e-02,-5.145763087063840446e-01,5.258016047383089475e-01,-1.013072231422923117e-02,6.814466067603164312e-01,1.405648181019208270e-02,1.977524900601964897e-01,4.751006530290169949e-01,-6.363019198746939775e-01
6.408890901635234671e-01,-5.712723514947952719e-01,-2.357855455365220620e-01,-1.832992562088352484e-01,3.411759414115743128e-01,6.224569443680247893e-01,-6.773566453089028272e-01,-5.876881706996663901e-01,-1.802231859045227147e-01,1.347086093484606284e-01,4.727141266953618914e-01,-7.423512956099994620e-01,2.328394390736888420e-01,4.442544354982965182e-01,-2.000446729909343413e-01,1.013557214412858232e-01,8.125205415682358323e-01,-4.449044171455639185e-02,-6.160928841666177824e-01,-2.598720393986358457e-01,2.503591548084042051e-01,-5.113473178815430842e-01,-2.782566160338634798e-01,3.403993142736809197e-01,7.832597441920766679e-01,6.925814582212443948e-01,-3.759780549907455471e-01,6.097155707505088618e-01,1.000000000000000000e+00,5.740455483020029392e-01,-4.255007525891116305e-01,-5.850805111606901532e-01,1.453323901312791322e-01,-9.137561420897864772e-02,4.736390043129199978e-01,-1.532523174946010501e-02,-5.066941902084217547e-02,4.523280987769681127e-01,-6.919820127537038568e-01
7.555190187256187739e-01,-2.309752723919556716e-01,-1.178919893328309043e-01,-3.089509685440380848e-01,5.269491919877983266e-01,2.681793177239443215e-01,-5.536454536815388350e-01,-7.847653238645554419e-01,8.634524250289155045e-02,6.976561383139895378e-01,-6.290736359700280222e-02,-2.772149941162642128e-01,5.591948374552998535e-01,7.528886631303117749e-01,-1.483433050386875618e-01,7.102475577567933795e-01,2.478425207209717651e-01,-1.988992648574392508e-01,-3.004255360742236758e-01,-5.825244627297169187e-01,8.340602157248665216e-02,-4.653579948629547602e-01,3.322498453362350279e-01,5.248318281248554040e-01,6.199162532774959988e-01,7.852559267329960457e-01,-2.992534409167424414e-01,6.499535754948881916e-01,5.740455483020029392e-01,1.000000000000000000e+00,-4.735372431731240117e-01,-4.806526818212705082e-02,5.868672566494592679e-01,3.557235687951370573e-01,7.549611011291280649e-01,4.948523077711743379e-01,-1.346575913751741072e-01,7.309443252228547960e-01,-2.647001994121879198e-01
-5.913944099370419538e-01,-6.023159099971505184e-04,3.747997885992370160e-01,-1.999850095063927281e-03,-1.490431333523573043e-01,7.770650958000802078e-02,3.637439002916298403e-01,5.292454285854168994e-01,-3.689351609639562324e-01,-1.710620516354257048e-01,1.633710201552708297e-01,8.221043874515755745e-02,-7.447633741619179570e-01,-3.943862334846007234e-01,-3.693574529643045001e-01,-4.171450523490479734e-01,-2.085217584166902394e-01,-6.338030872794317427e-03,3.147219363312596385e-02,3.561590427702234773e-01,4.063177157510646231e-01,6.892496292418779369e-01,-3.006218791389287937e-01,-3.182122615993699943e-01,-2.340030780951849743e-01,-4.211396207326612573e-01,7.004661425844438405e-01,-9.490227766581760260e-02,-4.255007525891116305e-01,-4.735372431731240117e-01,1.000000000000000000e+00,-5.576164195182305855e-02,6.217768274548334667e-02,-2.960288451460736936e-01,-2.557140266738395229e-01,-2.936511637758726923e-01,7.275232289068053193e-01,-5.353818126327295479e-01,5.982954428004436109e-02
-1.168215035064898710e-01,8.439291470224794534e-01,1.358269382181532536e-01,-4.975101154264878478e-02,1.163959029036039095e-01,-7.443767347066233553e-01,4.286650662873462414e-01,1.906107108222491325e-02,6.255169781865417278e-01,3.757384501398987053e-01,-4.973050232765116041e-01,8.056047532067347472e-01,3.300931953799831620e-01,2.244047018936163873e-01,4.428119246759620320e-01,4.696329254261497055e-01,-6.961744024542373399e-01,9.287605246036714779e-02,6.786058260706846479e-01,-1.831890140338334194e-01,-5.713689727592236034e-01,1.498143807123492044e-02,7.842834646788854336e-01,1.821521443716552779e-01,-5.003532701032672447e-01,-2.469346342707272879e-01,2.943069038077430477e-01,-5.145763087063840446e-01,-5.850805111606901532e-01,-4.806526818212705082e-02,-5.576164195182305855e-02,1.000000000000000000e+00,1.531110645695640538e-01,5.688435853575413148e-01,-1.578149064801140922e-01,5.330006656722189318e-01,-2.130356559983627163e-01,2.037495198199416185e-02,8.297264090524237856e-01
3.295071271905045673e-01,-6.242828254064072130e-02,2.532954385735571301e-01,-3.544146088854229770e-01,5.731152996945609868e-01,1.278072105159764604e-01,-2.647087902842961693e-01,-5.844187488930581154e-01,2.215774131829492677e-02,6.662245572358590495e-01,-1.083483227984224084e-01,-6.579639963231339282e-03,2.828827181618773223e-01,5.681865573500571864e-01,-2.459721177217814858e-01,5.644138396541859004e-01,-6.524616232324324805e-02,-1.564507146712602048e-01,-1.172267655767265937e-01,-4.825568609127312558e-01,3.219835716263841907e-01,-1.348893635919288679e-03,3.163375811906972146e-01,4.345480794834477023e-01,3.845492652085473750e-01,5.599300379331126898e-01,2.546425206365420246e-01,5.258016047383089475e-01,1.453323901312791322e-01,5.868672566494592679e-01,6.217768274548334667e-02,1.531110645695640538e-01,1.000000000000000000e+00,4.465980716842725684e-01,6.218137236819677449e-01,3.919680402261828123e-01,2.297294185470001859e-01,4.715998020156914605e-01,-3.140454338561447789e-02
3.697532993513443222e-01,4.931192039025135143e-01,2.723073912239433736e-01,5.126408518413500676e-02,6.364920561460551962e-01,-5.107526428206554669e-01,1.568105970940821547e-01,-4.556768834594154272e-01,6.573185238471070946e-01,5.795446712285572399e-01,-4.800618002234071646e-01,4.774471278413039421e-01,4.343316779669531003e-01,5.177109950565581542e-01,2.826232306593343124e-01,5.923399143847229986e-01,-3.543985020778550044e-01,1.672943193644569060e-01,4.253801133763622788e-01,-2.618714164054456450e-01,-2.513653494274635247e-01,-1.277250104523142693e-01,6.579748992691596410e-01,3.667180789950650888e-01,-5.294219044086791170e-02,1.986553303184381003e-01,1.286986705817885421e-02,-1.013072231422923117e-02,-9.137561420897864772e-02,3.557235687951370573e-01,-2.960288451460736936e-01,5.688435853575413148e-01,4.465980716842725684e-01,1.000000000000000000e+00,1.123593503168293234e-01,5.275459410284446538e-01,-3.448329303280166513e-01,4.679900346492862351e-01,5.222965375914224717e-01
4.985876950804329355e-01,-4.024852288853075222e-01,-2.703152470549337050e-01,-5.619729236562680530e-01,2.899951508504131081e-01,4.773392741224522506e-01,-6.600364052615703692e-01,-6.315340642939558657e-01,-2.934685031074243389e-01,5.195382621003908907e-01,7.215556181050201967e-02,-4.079805756840126363e-01,4.437010393852712786e-01,6.090360656180827670e-01,-3.253758913839560063e-01,5.580776252592142272e-01,2.465309660760595101e-01,-5.241699697238656475e-01,-5.418119628030215740e-01,-6.652930576699175313e-01,1.711463967033657885e-01,-3.962571341209077391e-01,1.547186369612411072e-01,4.645793446371897506e-01,6.633236045559531835e-01,6.864662391137452691e-01,-1.994572844836794701e-01,6.814466067603164312e-01,4.736390043129199978e-01,7.549611011291280649e-01,-2.557140266738395229e-01,-1.578149064801140922e-01,6.218137236819677449e-01,1.123593503168293234e-01,1.000000000000000000e+00,3.462864674625254491e-01,1.644870193917615797e-01,4.619729273926938551e-01,-4.295241131527121059e-01
3.777602928345007993e-01,4.316348624366538878e-01,-5.113745857264195838e-02,-1.998475734256185410e-01,3.271626962354878820e-01,-3.224524745743138632e-01,-7.497094874897193562e-02,-4.214488403767865377e-01,4.461664063889317355e-01,7.073017933749704556e-01,-4.197832736796355269e-01,3.755651755037190398e-01,5.394571442786867399e-01,5.888308903146333151e-01,1.962151393171088776e-01,7.640085479877116725e-01,-3.221209827189502328e-01,-6.417430256068651362e-02,2.363114133408665274e-01,-4.863522412021835106e-01,-3.521002726284173656e-01,-3.288586132484369595e-01,7.249318646539576472e-01,2.825970305501880331e-01,6.391176222149515251e-02,2.754263983268530613e-01,-4.177600387341362520e-02,1.405648181019208270e-02,-1.532523174946010501e-02,4.948523077711743379e-01,-2.936511637758726923e-01,5.330006656722189318e-01,3.919680402261828123e-01,5.275459410284446538e-01,3.462864674625254491e-01,1.000000000000000000e+00,-1.515706985297096687e-01,4.321518737441633062e-01,4.089025751710068657e-01
-3.125694276678722683e-01,-2.431209950299632327e-01,2.168508056947998641e-01,-2.298895485909254466e-01,-2.490375639381705794e-02,4.595403567564980696e-01,1.552981877252642903e-02,2.320161784550361372e-01,-5.270143106638724984e-01,-7.018904377749184652e-04,3.762118009820807907e-01,-2.137125330478623075e-01,-5.396563066327096925e-01,-5.575905967224766002e-02,-4.165139897248522072e-01,-2.387685225204604911e-01,8.805784000683473944e-02,-2.114079495089594973e-01,-3.130320627949817469e-01,1.373143028118799791e-01,5.098043302627746076e-01,4.255093409124053316e-01,-3.183630578410768797e-01,1.303874691912799977e-02,1.746528451383078662e-01,-8.846101763162672604e-02,5.708240734210454637e-01,1.977524900601964897e-01,-5.066941902084217547e-02,-1.346575913751741072e-01,7.275232289068053193e-01,-2.130356559983627163e-01,2.297294185470001859e-01,-3.448329303280166513e-01,1.644870193917615797e-01,-1.515706985297096687e-01,1.000000000000000000e+00,-4.320123967029959600e-01,-2.611949477330414160e-01
6.760102998285890674e-01,-1.011751666412265410e-01,-2.091848161357584904e-02,-2.335241320158678094e-02,4.964940350898218724e-01,-3.311915073758844169e-02,-3.522886922457834080e-01,-6.848948792184076373e-01,3.726056537995844353e-01,6.169788410646824817e-01,-2.598104602009076447e-01,-8.401417455725615491e-02,5.537409044933805369e-01,5.896524267535883101e-01,3.698072916270324362e-02,6.494571821607679762e-01,1.254001097950386001e-01,1.981337686854273694e-01,2.454788766127186800e-02,-4.232111572373464803e-01,3.352876938024394130e-03,-3.974866379928366777e-01,3.793504665635311635e-01,3.237994478009671995e-01,4.036921473128188831e-01,7.098009253789545614e-01,-3.148905140658789237e-01,4.751006530290169949e-01,4.523280987769681127e-01,7.309443252228547960e-01,-5.353818126327295479e-01,2.037495198199416185e-02,4.715998020156914605e-01,4.679900346492862351e-01,4.619729273926938551e-01,4.321518737441633062e-01,-4.320123967029959600e-01,1.000000000000000000e+00,-2.911595374063699962e-02
-2.321626553791802938e-01,8.656320064990229435e-01,2.616621298259373951e-01,2.463641853192989617e-01,4.031967701960006978e-02,-8.407883288689516066e-01,6.445355993343004908e-01,2.235599278246328536e-01,6.984679820176974419e-01,2.510448264299862120e-01,-5.893861034100761342e-01,8.858566742835445318e-01,1.311602027521139024e-01,-2.141560633217013537e-02,4.679150276084848015e-01,2.758721234233224573e-01,-7.759051701436187054e-01,3.374677192566319928e-01,8.445373732713136183e-01,9.886873674857557526e-02,-4.838399487361085272e-01,1.925887944725945822e-01,6.542643558710544704e-01,-8.889615664460026601e-02,-6.482766025548921673e-01,-4.500616880172397805e-01,2.888189517744077506e-01,-6.363019198746939775e-01,-6.919820127537038568e-01,-2.647001994121879198e-01,5.982954428004436109e-02,8.297264090524237856e-01,-3.140454338561447789e-02,5.222965375914224717e-01,-4.295241131527121059e-01,4.089025751710068657e-01,-2.611949477330414160e-01,-2.911595374063699962e-02,1.000000000000000000e+00
