1.000000000000000000e+00,4.041497100645592422e-01,2.664989208040417501e-01,2.751325699028628891e-01,1.961100488771092831e-01,3.477052377399261207e-01,-2.899068283311742600e-01,-2.396172816199071132e-01,9.069821529114785452e-02,3.695861565778138513e-01,2.738005085237539826e-01,-4.447470670849293373e-02,-1.559545409881681055e-01,2.286151647113339458e-01,-3.004026437677309591e-01,2.588200529336201483e-01,9.790237339374438519e-02,5.274133122287165687e-01,4.243685971351959796e-01,1.720805354703667800e-01,-9.900873072276586417e-02,-1.793524312561290968e-01,5.077383113639045709e-01,2.939004503405705931e-02,2.645563740678539277e-01,3.383344541611651990e-01,1.918631349431781374e-01,3.374263194805964816e-01,3.799957476491793718e-01,4.770133907830875208e-01,3.498486684725671814e-01,-1.259422468070887750e-02,-4.029231834452187688e-02,3.792054320901328685e-02,4.584956124965817170e-01,-1.259442196498692344e-02,2.277105776569059714e-01,4.726886538745526112e-01,-4.716342140754770096e-02
4.041497100645592422e-01,1.000000000000000000e+00,2.729099024584970556e-01,2.170527858626944140e-01,2.095364362528978619e-01,-1.626129937429631189e-01,2.872848829517001268e-01,-1.026499947627224490e-01,2.997204763670726080e-01,3.484693348836529481e-01,-1.267348160585181904e-01,1.788997400927000159e-01,5.736622374616674458e-01,3.223195345084727825e-01,5.203828628471170864e-02,5.316155521717970123e-01,2.639188480182055180e-02,1.592822448837453650e-02,9.627088899637079034e-02,3.340275761834479162e-01,1.736228830181899829e-01,3.349975631333009241e-01,4.593574704673866749e-01,-4.590286912953979448e-02,3.660439251313854503e-01,4.848502099199127335e-01,5.788204308913537099e-01,3.267712739906020181e-01,-1.450832743889318432e-01,-7.485597425755485812e-02,4.335456322043694244e-01,2.697096004547273052e-01,2.991532017397279808e-01,2.528108008315189115e-01,5.742587965042954545e-01,5.735946936278969455e-01,5.458835191543054410e-01,5.024263965507684837e-01,5.033303821299541791e-01
2.664989208040417501e-01,2.729099024584970556e-01,1.000000000000000000e+00,8.846969107105982777e-02,5.708071996747757781e-01,5.538172967904507471e-02,7.710195508325114189e-02,-7.175767021756732644e-01,1.840247751104847895e-01,4.317446517735634703e-01,1.237673600339613267e-01,1.093007279337319532e-01,3.128251566440024556e-01,4.391102989769419263e-01,-2.877341153393317974e-01,3.469353860115211297e-01,1.034832664553626408e-01,3.082833347610828278e-01,3.357788236346067046e-01,2.137779933600325311e-01,2.228554439891773098e-01,3.768667447119219971e-01,3.309853179518160715e-01,-3.238864442016172948e-03,4.079968005875901360e-01,3.801283131620939448e-01,3.347021501420673339e-01,2.437706572184169529e-01,8.988542810051441956e-02,1.463076914264928585e-01,2.758023060430315754e-01,1.147994386018794111e-01,6.158648081179644018e-01,3.477561583497800757e-01,3.537234103738736701e-01,2.526440061962360595e-01,3.476833975103343910e-01,3.347811058330946166e-01,2.160695835283998334e-01
2.751325699028628891e-01,2.170527858626944140e-01,8.846969107105982777e-02,1.000000000000000000e+00,1.917781808696497337e-01,-3.229507132250410972e-01,3.356589742820469957e-01,-6.197926616177109466e-02,5.104482182031782056e-01,-2.100857693644160307e-01,-3.289499312503437189e-01,4.264197564755443648e-01,1.316828603390117203e-01,1.591436341014792200e-01,1.502188475631156539e-01,1.209214641846358129e-01,-8.182224806109016091e-02,2.752142192436946022e-01,3.557462713320277414e-01,4.279966196211886786e-01,-3.196747168066419592e-02,-4.412068577369660655e-02,-4.840255538018310016e-02,2.916977923465075007e-01,4.332640107224328824e-02,3.182781944140590236e-01,1.808574856449731705e-01,9.905382595195005857e-02,-3.772054992910441884e-01,-8.572783561455707413e-02,2.797959165079233479e-02,9.131873778851143375e-02,-8.982387001736208063e-03,2.648223608542862317e-01,1.666270490298973617e-01,-3.317097860726454794e-02,2.715710393996164859e-02,4.568431714598739091e-01,3.296546713542278240e-01
1.961100488771092831e-01,2.095364362528978619e-01,5.708071996747757781e-01,1.917781808696497337e-01,1.000000000000000000e+00,-1.790997356235139171e-01,3.909957456948205956e-01,-2.835594392788707840e-01,5.118673355982333861e-01,2.215415437157480794e-01,-1.931846782390960748e-01,4.507518674776092027e-01,3.727982423631566733e-01,6.199230357602329988e-01,8.703592611490143516e-02,4.168001412222951396e-01,-2.333881251061928341e-02,1.397367703508215209e-01,4.896364868060292252e-01,2.215577744846218555e-01,5.002361899854605998e-01,5.300244215805119952e-01,1.280934375841160100e-01,3.106692304514607761e-01,2.072695901485658299e-01,3.843155751116066332e-01,2.936303548041812594e-01,3.076156282468102687e-01,-1.747295708642103429e-01,6.050348055283842619e-02,2.846259544045320888e-01,1.826942543991585954e-01,6.429612710605775439e-01,6.443616766533243334e-01,1.565518756348927010e-01,7.155529126178321320e-02,1.425688896044225162e-01,5.029896466833212454e-01,4.450896463222084876e-01
3.477052377399261207e-01,-1.626129937429631189e-01,5.538172967904507471e-02,-3.229507132250410972e-01,-1.790997356235139171e-01,1.000000000000000000e+00,-7.653196078222240795e-01,-1.585587233358279335e-01,-6.348144356022695778e-01,4.135396185829558480e-01,8.712456629544139686e-01,-5.764564089105687072e-01,-5.357931745453360373e-01,-1.716463492125929954e-02,-7.026700952858542237e-01,-1.344703134284108148e-01,4.814245451823447874e-01,4.319932080497383975e-01,5.006352455024491027e-02,-2.359577923926005072e-01,-4.185265782205503382e-01,-3.576776293548695196e-01,4.678831297755046137e-01,-3.389007262724303970e-01,1.697312012092430655e-01,-3.756368050973092343e-01,-3.166110350587728606e-01,-1.027685548573521596e-01,8.671943565703847945e-01,6.866375633056063243e-01,-1.183788920248943083e-01,-1.410591960968761160e-01,-3.027567828483594958e-01,-4.390954967298984490e-01,1.334880508433658464e-01,-2.517515490188401150e-01,-1.534719262504620138e-02,-3.558082588174093508e-01,-6.929686631792736362e-01
-2.899068283311742600e-01,2.872848829517001268e-01,7.710195508325114189e-02,3.356589742820469957e-01,3.909957456948205956e-01,-7.653196078222240795e-01,1.000000000000000000e+00,1.091633378062818460e-01,6.466710198204221882e-01,-2.441592385052241410e-01,-7.380964116324395530e-01,5.448243821874277915e-01,6.837034044895359264e-01,2.091705854890393290e-01,6.261667125872425466e-01,2.183655744647882146e-01,-2.433447074885015660e-01,-3.875528644045745374e-01,3.435026395638220847e-02,4.201057349869189994e-01,4.894295664895711440e-01,5.906614597486919971e-01,-2.439773729064075303e-01,2.351873554856762083e-01,-4.240538935551373817e-02,4.460203610472062707e-01,3.893003856495442228e-01,2.521748598087196203e-01,-8.080379061901985516e-01,-6.452953132302724493e-01,1.613805873895282628e-01,3.387122052125208782e-01,4.520224369897191119e-01,5.644384117785818944e-01,5.044953934866759637e-02,3.446827097243608251e-01,1.948261194725670054e-01,3.425879980538666936e-01,6.996346264706693185e-01
-2.396172816199071132e-01,-1.026499947627224490e-01,-7.175767021756732644e-01,-6.197926616177109466e-02,-2.835594392788707840e-01,-1.585587233358279335e-01,1.091633378062818460e-01,1.000000000000000000e+00,2.827149165889123253e-02,-2.335548293001544762e-01,-2.546833291280266587e-01,9.618039542983602974e-02,-4.895425761846696616e-02,-1.820204025295279193e-01,3.269416707784179033e-01,-4.994689348022724601e-02,-9.124147096351907515e-02,-2.854080919476105205e-01,-2.297442350372004560e-01,-2.329790632053687360e-01,1.006199820769837217e-01,-1.161463902317072666e-01,-1.935154093470269066e-01,1.175304708552760841e-01,-1.906907934418767825e-01,-2.425115782564711553e-01,-1.747131302489167703e-01,-3.816442653946031799e-02,-1.809522745122733034e-01,-1.236063443483386842e-01,-2.407568824478116820e-01,-1.811086813534433515e-01,-2.052578577290502526e-01,-4.536364457787692844e-02,-3.081676127055221204e-01,-1.764830654598501525e-01,-2.592582336705546164e-01,-1.194089252289567971e-01,-4.579118377996416189e-02
9.069821529114785452e-02,2.997204763670726080e-01,1.840247751104847895e-01,5.104482182031782056e-01,5.118673355982333861e-01,-6.348144356022695778e-01,6.466710198204221882e-01,2.827149165889123253e-02,1.000000000000000000e+00,-2.316762448168893929e-01,-6.653814182092888663e-01,6.767906566062058538e-01,4.563544133434180861e-01,3.247456782493234884e-01,5.037466338064741089e-01,2.588224268199330602e-01,-2.386635754194819381e-01,-8.363877726986533589e-02,4.300256550039396330e-01,4.305419959457052470e-01,4.678751535663696060e-01,3.932231238964851716e-01,-1.585187980997260493e-01,4.932185310846653459e-01,5.262115533175317633e-02,5.142603969304160305e-01,4.087155156073963846e-01,2.570555730034996822e-01,-5.939365487733104798e-01,-2.672272978219398243e-01,2.239558793004872428e-01,1.752810760127598844e-01,3.689822619551955118e-01,6.571779470329540684e-01,1.410513330483973704e-01,1.727344351580869519e-01,7.786810043882129440e-02,6.132145551200052225e-01,6.765728281887336548e-01
3.695861565778138513e-01,3.484693348836529481e-01,4.317446517735634703e-01,-2.100857693644160307e-01,2.215415437157480794e-01,4.135396185829558480e-01,-2.441592385052241410e-01,-2.335548293001544762e-01,-2.316762448168893929e-01,1.000000000000000000e+00,4.367959895117330404e-01,-1.536209266232314019e-01,1.734219773657241503e-01,2.977436479869092767e-01,-5.227939600829706324e-01,5.022396354898401860e-01,2.520337131892925187e-01,4.464797066796701852e-01,3.051357193199700779e-01,-1.170898698433246038e-02,1.397326344537897225e-01,1.905975605373105564e-01,5.797808038220290117e-01,-3.637589680380458046e-01,4.608954044151082341e-01,1.502370461552400283e-01,2.739702710216124770e-01,3.904343572017632269e-01,4.253206071766352792e-01,3.739450317384896971e-01,2.704531194273568917e-01,7.100730358645982246e-03,3.147832066326272660e-01,-1.123955033007092708e-01,3.121696123618039054e-01,3.261292713053406955e-01,3.835437219046091695e-01,1.729681493830145522e-01,-3.290977553940614697e-02
2.738005085237539826e-01,-1.267348160585181904e-01,1.237673600339613267e-01,-3.289499312503437189e-01,-1.931846782390960748e-01,8.712456629544139686e-01,-7.380964116324395530e-01,-2.546833291280266587e-01,-6.653814182092888663e-01,4.367959895117330404e-01,1.000000000000000000e+00,-5.779198616732947880e-01,-4.598255781848935575e-01,4.211727468493686732e-03,-7.295636501963286280e-01,-1.400190482105005962e-01,5.332671224910832120e-01,4.155681969494920969e-01,-1.748705809173434558e-02,-1.987466007594898276e-01,-4.588221855419026274e-01,-3.104418077978596813e-01,4.464638577166110123e-01,-3.974763961628579034e-01,1.695177528441512982e-01,-3.996536981965942426e-01,-2.882890252892529315e-01,-1.711650152397151958e-01,8.243581131824507802e-01,6.122717021854973130e-01,-1.432605339618727158e-01,-1.152653041056051625e-01,-2.532775553035982452e-01,-4.500140424531378081e-01,9.815237159402605271e-02,-1.710969158552765323e-01,-2.097939059812257284e-02,-3.668788516385786957e-01,-6.471917025303337567e-01
-4.447470670849293373e-02,1.788997400927000159e-01,1.093007279337319532e-01,4.264197564755443648e-01,4.507518674776092027e-01,-5.764564089105687072e-01,5.448243821874277915e-01,9.618039542983602974e-02,6.767906566062058538e-01,-1.536209266232314019e-01,-5.779198616732947880e-01,1.000000000000000000e+00,4.343683875457433619e-01,2.574491454194664519e-01,4.345269574731506768e-01,2.912387811568084017e-01,-3.137007140135948946e-01,-6.040236554995916107e-02,3.000615364440683552e-01,6.737417902629731781e-02,3.787126676692486038e-01,2.848610886900367900e-01,-3.372578378598398152e-01,3.792162582205390042e-01,-9.144684476301363774e-02,3.018699594740795744e-01,4.234564395538403248e-01,2.269809225349560811e-01,-5.710371881111981907e-01,-2.037415916822764295e-01,1.578522325629823919e-01,-4.242390636266926696e-02,3.359754216497110035e-01,3.985325752687397527e-01,-3.326841326733680215e-02,7.344306941325216831e-02,-1.146060058206454374e-01,4.721738149596202971e-01,6.163844576441243062e-01
-1.559545409881681055e-01,5.736622374616674458e-01,3.128251566440024556e-01,1.316828603390117203e-01,3.727982423631566733e-01,-5.357931745453360373e-01,6.837034044895359264e-01,-4.895425761846696616e-02,4.563544133434180861e-01,1.734219773657241503e-01,-4.598255781848935575e-01,4.343683875457433619e-01,1.000000000000000000e+00,3.254921492951788897e-01,3.609666376573499869e-01,4.365567603589267098e-01,-1.177509105996623201e-01,-2.954181953268661398e-01,2.065945945999185865e-02,3.563932405767116229e-01,4.655894002325894343e-01,6.528780878455180403e-01,1.417816267778788386e-01,5.298702497601803785e-02,2.878749630525724856e-01,4.650803468051414868e-01,6.508478791790367479e-01,3.182736916140903038e-01,-5.739070258917450262e-01,-4.933687063074480572e-01,2.981008723554623985e-01,3.709120386267842906e-01,6.124802405067047983e-01,4.871397542422861715e-01,3.129056133178466093e-01,6.020216841889108883e-01,4.378447744384232343e-01,4.125060704606041684e-01,7.302616054985876515e-01
2.286151647113339458e-01,3.223195345084727825e-01,4.391102989769419263e-01,1.591436341014792200e-01,6.199230357602329988e-01,-1.716463492125929954e-02,2.091705854890393290e-01,-1.820204025295279193e-01,3.247456782493234884e-01,2.977436479869092767e-01,4.211727468493686732e-03,2.574491454194664519e-01,3.254921492951788897e-01,1.000000000000000000e+00,4.353408885278458630e-03,3.054743650451211545e-01,5.742632071369990765e-02,7.440688864193793772e-02,2.786400683912600429e-01,3.044727207930625901e-01,3.466100476703485866e-01,4.706276424076871190e-01,3.154190495822609686e-01,3.239997256651721003e-01,4.280057122244798617e-01,3.242271355059263005e-01,2.452644644784131023e-01,7.828050704226841017e-02,-4.179333978215350742e-02,5.258682191380454479e-02,2.737373960886374524e-01,4.138788609887741887e-01,5.935415036916675824e-01,5.275715721385868529e-01,3.112444692715036210e-01,2.580594421112382686e-01,3.219509883568605346e-01,3.949220503931907822e-01,3.564937186569652749e-01
-3.004026437677309591e-01,5.203828628471170864e-02,-2.877341153393317974e-01,1.502188475631156539e-01,8.703592611490143516e-02,-7.026700952858542237e-01,6.261667125872425466e-01,3.269416707784179033e-01,5.037466338064741089e-01,-5.227939600829706324e-01,-7.295636501963286280e-01,4.345269574731506768e-01,3.609666376573499869e-01,4.353408885278458630e-03,1.000000000000000000e+00,-1.343078743682073750e-01,-4.238279710088891372e-01,-6.659699264371437000e-01,-2.319468582408253376e-01,2.038269967308304065e-01,2.642748496682244541e-01,2.030972397419720799e-01,-4.202038044380242976e-01,4.021361680136332772e-01,-1.946809880300813811e-01,2.385809877949697788e-01,1.971416954685235312e-01,-1.774724014183281379e-02,-6.992463899277295836e-01,-6.064619268828917997e-01,1.057825300591842127e-01,2.413916448209702525e-01,1.204690673748081697e-01,4.407762330460217592e-01,-1.253015196056389835e-01,1.130055528873595561e-01,-2.717374296304230635e-02,1.976428250735442205e-01,4.870466884803008600e-01
2.588200529336201483e-01,5.316155521717970123e-01,3.469353860115211297e-01,1.209214641846358129e-01,4.168001412222951396e-01,-1.344703134284108148e-01,2.183655744647882146e-01,-4.994689348022724601e-02,2.588224268199330602e-01,5.022396354898401860e-01,-1.400190482105005962e-01,2.912387811568084017e-01,4.365567603589267098e-01,3.054743650451211545e-01,-1.343078743682073750e-01,1.000000000000000000e+00,7.413935676497399041e-02,2.529909308641460353e-01,3.306246178526335844e-01,2.657497194227760942e-02,4.238099839717466288e-01,4.128971773347537844e-01,3.518749085453577452e-01,4.681066545992251804e-02,2.017024435736028687e-01,2.755101796202179543e-01,3.636027174927530248e-01,5.079352239826957494e-01,-8.826184531562923652e-02,2.100713657458860018e-01,2.661707838906088308e-01,-3.908131435594006803e-02,4.555008644493484526e-01,2.201184054328790274e-01,1.790983654516273005e-01,2.702144238570258206e-01,1.581667480664565861e-01,4.678227986490406387e-01,4.051519747059724730e-01
9.790237339374438519e-02,2.639188480182055180e-02,1.034832664553626408e-01,-8.182224806109016091e-02,-2.333881251061928341e-02,4.814245451823447874e-01,-2.433447074885015660e-01,-9.124147096351907515e-02,-2.386635754194819381e-01,2.520337131892925187e-01,5.332671224910832120e-01,-3.137007140135948946e-01,-1.177509105996623201e-01,5.742632071369990765e-02,-4.238279710088891372e-01,7.413935676497399041e-02,1.000000000000000000e+00,2.684281544257783314e-01,2.864916902447451827e-02,9.978681339203984701e-02,-1.648082339674646069e-01,4.631260025387350793e-02,3.512796673110274437e-01,-1.471877905231324946e-01,7.212133410594105676e-02,-2.698645505708295866e-01,-1.166714772419639445e-01,2.063984504988326460e-02,4.018792042227877781e-01,4.242063842063680812e-01,-2.696768494295970209e-01,1.292268547127120581e-02,-5.819384920572907849e-02,-1.516301747465940430e-01,-3.384351161465382063e-02,-1.074903601643334428e-01,-1.104659538705713151e-01,-2.685151710906630851e-01,-3.696410102590940161e-01
5.274133122287165687e-01,1.592822448837453650e-02,3.082833347610828278e-01,2.752142192436946022e-01,1.397367703508215209e-01,4.319932080497383975e-01,-3.875528644045745374e-01,-2.854080919476105205e-01,-8.363877726986533589e-02,4.464797066796701852e-01,4.155681969494920969e-01,-6.040236554995916107e-02,-2.954181953268661398e-01,7.440688864193793772e-02,-6.659699264371437000e-01,2.529909308641460353e-01,2.684281544257783314e-01,1.000000000000000000e+00,5.616998537831200400e-01,-5.024200884233794712e-02,-1.108542110700026367e-01,-2.037075857893973496e-01,3.409913484492313462e-01,-1.961056574710142997e-01,2.034991213120420639e-01,7.762611484938805595e-02,-2.539136482073357098e-02,2.956264911211847202e-01,4.416532879057224470e-01,5.677067314847901169e-01,-1.300284755050890376e-02,-2.959646180473278210e-01,-6.275300172037119595e-02,-2.663455744875731779e-01,1.713510834604141941e-01,-1.918666151338422610e-01,2.765509311855107039e-02,1.899142537488056059e-01,-2.500002841512544149e-01
4.243685971351959796e-01,9.627088899637079034e-02,3.357788236346067046e-01,3.557462713320277414e-01,4.896364868060292252e-01,5.006352455024491027e-02,3.435026395638220847e-02,-2.297442350372004560e-01,4.300256550039396330e-01,3.051357193199700779e-01,-1.748705809173434558e-02,3.000615364440683552e-01,2.065945945999185865e-02,2.786400683912600429e-01,-2.319468582408253376e-01,3.306246178526335844e-01,2.864916902447451827e-02,5.616998537831200400e-01,1.000000000000000000e+00,2.707267884748671416e-01,2.415890911778816597e-01,1.483506187370942642e-01,1.499100929399959647e-01,1.611885953851417697e-01,1.943493220785940112e-01,2.348480600946094010e-01,1.297013390799963417e-01,2.813805161437743507e-01,4.827781000053691512e-02,3.407654220184250238e-01,1.141849583934595319e-01,1.005877153363633758e-02,1.547879328918806696e-01,1.911529511607986953e-01,1.971732421556786075e-01,-1.111867429434190979e-01,2.447536328270351683e-02,4.077896106064216597e-01,2.348150161596187502e-01
1.720805354703667800e-01,3.340275761834479162e-01,2.137779933600325311e-01,4.279966196211886786e-01,2.215577744846218555e-01,-2.359577923926005072e-01,4.201057349869189994e-01,-2.329790632053687360e-01,4.305419959457052470e-01,-1.170898698433246038e-02,-1.987466007594898276e-01,6.737417902629731781e-02,3.563932405767116229e-01,3.044727207930625901e-01,2.038269967308304065e-01,2.657497194227760942e-02,9.978681339203984701e-02,-5.024200884233794712e-02,2.707267884748671416e-01,1.000000000000000000e+00,1.205037300150862134e-01,3.573594509861798829e-01,1.823692501846528868e-01,1.321701107418834786e-01,2.074194610882767742e-01,4.167888710720564771e-01,2.685602372074781807e-01,7.598165724367544893e-02,-3.049179563393601966e-01,-2.700700939806545131e-01,1.659277306507803973e-01,5.790309373345584598e-01,1.670895283447835777e-01,4.167828151252861990e-01,3.596830378258850658e-01,3.551909674729158417e-01,3.745660580402249695e-01,2.863091007348566586e-01,3.721201004643582833e-01
-9.900873072276586417e-02,1.736228830181899829e-01,2.228554439891773098e-01,-3.196747168066419592e-02,5.002361899854605998e-01,-4.185265782205503382e-01,4.894295664895711440e-01,1.006199820769837217e-01,4.678751535663696060e-01,1.397326344537897225e-01,-4.588221855419026274e-01,3.787126676692486038e-01,4.655894002325894343e-01,3.466100476703485866e-01,2.642748496682244541e-01,4.238099839717466288e-01,-1.648082339674646069e-01,-1.108542110700026367e-01,2.415890911778816597e-01,1.205037300150862134e-01,1.000000000000000000e+00,7.310233219921503656e-01,1.363288491968777825e-03,1.654402033035917707e-01,7.991450450601836342e-02,3.414436145508008558e-01,2.789212878899122172e-01,3.001799412435661729e-01,-3.826599219921508199e-01,-2.397613732259595287e-01,1.338477540279568168e-01,1.122516622668437991e-01,6.469445400321420792e-01,4.573715157626601635e-01,-2.992166589242914454e-02,3.028449264930636042e-01,1.259498606862692327e-01,3.897914881783723362e-01,5.074968544370934698e-01
-1.793524312561290968e-01,3.349975631333009241e-01,3.768667447119219971e-01,-4.412068577369660655e-02,5.300244215805119952e-01,-3.576776293548695196e-01,5.906614597486919971e-01,-1.161463902317072666e-01,3.932231238964851716e-01,1.905975605373105564e-01,-3.104418077978596813e-01,2.848610886900367900e-01,6.528780878455180403e-01,4.706276424076871190e-01,2.030972397419720799e-01,4.128971773347537844e-01,4.631260025387350793e-02,-2.037075857893973496e-01,1.483506187370942642e-01,3.573594509861798829e-01,7.310233219921503656e-01,1.000000000000000000e+00,1.411227999023926538e-01,5.037039442893134766e-02,1.525942170721412139e-01,3.061701735763416310e-01,3.257874892587908633e-01,2.104688741351579129e-01,-3.880213609342842984e-01,-3.112648931004638464e-01,1.462004703471413425e-01,4.087710223488541517e-01,7.157799389153242098e-01,5.150744915922139677e-01,1.381556273462607454e-01,4.785651825225475386e-01,3.114272998290498751e-01,2.741120217256566849e-01,5.670825727654380533e-01
5.077383113639045709e-01,4.593574704673866749e-01,3.309853179518160715e-01,-4.840255538018310016e-02,1.280934375841160100e-01,4.678831297755046137e-01,-2.439773729064075303e-01,-1.935154093470269066e-01,-1.585187980997260493e-01,5.797808038220290117e-01,4.464638577166110123e-01,-3.372578378598398152e-01,1.417816267778788386e-01,3.154190495822609686e-01,-4.202038044380242976e-01,3.518749085453577452e-01,3.512796673110274437e-01,3.409913484492313462e-01,1.499100929399959647e-01,1.823692501846528868e-01,1.363288491968777825e-03,1.411227999023926538e-01,1.000000000000000000e+00,-1.888995662618231097e-01,5.419837603365824652e-01,1.868969316674128911e-01,2.001478465881062485e-01,2.805629044146889517e-01,4.453239859155284086e-01,3.761236002755938279e-01,2.580468122391612606e-01,2.084279986524581185e-01,1.971460502796410219e-01,7.317376248985094089e-02,5.458942788487811670e-01,2.370455860229294109e-01,4.866243521121002558e-01,2.335784049026821407e-01,-8.649149455790340613e-02
2.939004503405705931e-02,-4.590286912953979448e-02,-3.238864442016172948e-03,2.916977923465075007e-01,3.106692304514607761e-01,-3.389007262724303970e-01,2.351873554856762083e-01,1.175304708552760841e-01,4.932185310846653459e-01,-3.637589680380458046e-01,-3.974763961628579034e-01,3.792162582205390042e-01,5.298702497601803785e-02,3.239997256651721003e-01,4.021361680136332772e-01,4.681066545992251804e-02,-1.471877905231324946e-01,-1.961056574710142997e-01,1.611885953851417697e-01,1.321701107418834786e-01,1.654402033035917707e-01,5.037039442893134766e-02,-1.888995662618231097e-01,1.000000000000000000e+00,6.369991941441967287e-02,6.832167704670340236e-02,-1.841922619862066887e-02,-1.080184134560442100e-01,-2.738511801261154788e-01,-2.162664450187687382e-03,-2.191483133307987885e-02,1.689312169895430538e-01,1.164483834050888816e-01,4.902430947958774099e-01,-1.078534473490231765e-01,-2.847812894796890593e-01,-2.659096286914238716e-01,2.625114217221991009e-01,2.735029336832278668e-01
2.645563740678539277e-01,3.660439251313854503e-01,4.079968005875901360e-01,4.332640107224328824e-02,2.072695901485658299e-01,1.697312012092430655e-01,-4.240538935551373817e-02,-1.906907934418767825e-01,5.262115533175317633e-02,4.608954044151082341e-01,1.695177528441512982e-01,-9.144684476301363774e-02,2.878749630525724856e-01,4.280057122244798617e-01,-1.946809880300813811e-01,2.017024435736028687e-01,7.212133410594105676e-02,2.034991213120420639e-01,1.943493220785940112e-01,2.074194610882767742e-01,7.991450450601836342e-02,1.525942170721412139e-01,5.419837603365824652e-01,6.369991941441967287e-02,1.000000000000000000e+00,3.026303018469065353e-01,2.596992803469354572e-01,1.062376731042272426e-01,1.500602816479404689e-01,5.946042616164815692e-02,2.636232806387204253e-01,2.588312135998185326e-01,3.510909616470127559e-01,2.391049096051137413e-01,3.871205044657016758e-01,2.730654837377834987e-01,4.922932624241778687e-01,3.051598685341186390e-01,1.445856185290982920e-01
3.383344541611651990e-01,4.848502099199127335e-01,3.801283131620939448e-01,3.182781944140590236e-01,3.843155751116066332e-01,-3.756368050973092343e-01,4.460203610472062707e-01,-2.425115782564711553e-01,5.142603969304160305e-01,1.502370461552400283e-01,-3.996536981965942426e-01,3.018699594740795744e-01,4.650803468051414868e-01,3.242271355059263005e-01,2.385809877949697788e-01,2.755101796202179543e-01,-2.698645505708295866e-01,7.762611484938805595e-02,2.348480600946094010e-01,4.167888710720564771e-01,3.414436145508008558e-01,3.061701735763416310e-01,1.868969316674128911e-01,6.832167704670340236e-02,3.026303018469065353e-01,1.000000000000000000e+00,6.795682841028786170e-01,5.939399235332011306e-01,-3.179289806655319905e-01,-3.201854255434534169e-01,6.159939550260790098e-01,2.597620864838684485e-01,3.982975297706061735e-01,4.256217136758945752e-01,4.353071774369282054e-01,4.489837955134998726e-01,5.502886952918651930e-01,5.958680817002619534e-01,4.714293455513854370e-01
1.918631349431781374e-01,5.788204308913537099e-01,3.347021501420673339e-01,1.808574856449731705e-01,2.936303548041812594e-01,-3.166110350587728606e-01,3.893003856495442228e-01,-1.747131302489167703e-01,4.087155156073963846e-01,2.739702710216124770e-01,-2.882890252892529315e-01,4.234564395538403248e-01,6.508478791790367479e-01,2.452644644784131023e-01,1.971416954685235312e-01,3.636027174927530248e-01,-1.166714772419639445e-01,-2.539136482073357098e-02,1.297013390799963417e-01,2.685602372074781807e-01,2.789212878899122172e-01,3.257874892587908633e-01,2.001478465881062485e-01,-1.841922619862066887e-02,2.596992803469354572e-01,6.795682841028786170e-01,1.000000000000000000e+00,5.250864371218932902e-01,-2.981574317063878099e-01,-2.322604686745052549e-01,5.475606830956839532e-01,1.542960232055389791e-01,3.482760895775243726e-01,2.561472951819986354e-01,3.770759643554850160e-01,5.310750585211714281e-01,4.161920268660982414e-01,4.383199054173935738e-01,4.845734659949969547e-01
3.374263194805964816e-01,3.267712739906020181e-01,2.437706572184169529e-01,9.905382595195005857e-02,3.076156282468102687e-01,-1.027685548573521596e-01,2.521748598087196203e-01,-3.816442653946031799e-02,2.570555730034996822e-01,3.904343572017632269e-01,-1.711650152397151958e-01,2.269809225349560811e-01,3.182736916140903038e-01,7.828050704226841017e-02,-1.774724014183281379e-02,5.079352239826957494e-01,2.063984504988326460e-02,2.956264911211847202e-01,2.813805161437743507e-01,7.598165724367544893e-02,3.001799412435661729e-01,2.104688741351579129e-01,2.805629044146889517e-01,-1.080184134560442100e-01,1.062376731042272426e-01,5.939399235332011306e-01,5.250864371218932902e-01,1.000000000000000000e+00,-6.230110023575371331e-02,4.363586704015985640e-02,4.620731717636649138e-01,-7.007722027542312437e-02,2.698548701348763013e-01,1.234503543651667284e-01,2.502724448048062600e-01,1.771804616385928288e-01,2.976030903478279477e-01,3.855030592952227719e-01,1.678791389066087991e-01
3.799957476491793718e-01,-1.450832743889318432e-01,8.988542810051441956e-02,-3.772054992910441884e-01,-1.747295708642103429e-01,8.671943565703847945e-01,-8.080379061901985516e-01,-1.809522745122733034e-01,-5.939365487733104798e-01,4.253206071766352792e-01,8.243581131824507802e-01,-5.710371881111981907e-01,-5.739070258917450262e-01,-4.179333978215350742e-02,-6.992463899277295836e-01,-8.826184531562923652e-02,4.018792042227877781e-01,4.416532879057224470e-01,4.827781000053691512e-02,-3.049179563393601966e-01,-3.826599219921508199e-01,-3.880213609342842984e-01,4.453239859155284086e-01,-2.738511801261154788e-01,1.500602816479404689e-01,-3.179289806655319905e-01,-2.981574317063878099e-01,-6.230110023575371331e-02,1.000000000000000000e+00,7.219189132694859845e-01,-5.808932991389616218e-02,-2.033368368574274831e-01,-2.949245628681593789e-01,-4.279373195864466517e-01,1.142592401646239930e-01,-2.498409608760469303e-01,-3.911181425558019065e-02,-2.883057557139235838e-01,-6.850232730932176439e-01
4.770133907830875208e-01,-7.485597425755485812e-02,1.463076914264928585e-01,-8.572783561455707413e-02,6.050348055283842619e-02,6.866375633056063243e-01,-6.452953132302724493e-01,-1.236063443483386842e-01,-2.672272978219398243e-01,3.739450317384896971e-01,6.122717021854973130e-01,-2.037415916822764295e-01,-4.933687063074480572e-01,5.258682191380454479e-02,-6.064619268828917997e-01,2.100713657458860018e-01,4.242063842063680812e-01,5.677067314847901169e-01,3.407654220184250238e-01,-2.700700939806545131e-01,-2.397613732259595287e-01,-3.112648931004638464e-01,3.761236002755938279e-01,-2.162664450187687382e-03,5.946042616164815692e-02,-3.201854255434534169e-01,-2.322604686745052549e-01,4.363586704015985640e-02,7.219189132694859845e-01,1.000000000000000000e+00,-1.519139622594842254e-01,-3.555915031309748175e-01,-2.202362412932406255e-01,-2.895648755870204871e-01,4.263768415019410229e-02,-3.895605744828451455e-01,-2.351501703329820780e-01,-9.767614795746314138e-02,-4.836264989663998648e-01
3.498486684725671814e-01,4.335456322043694244e-01,2.758023060430315754e-01,2.797959165079233479e-02,2.846259544045320888e-01,-1.183788920248943083e-01,1.613805873895282628e-01,-2.407568824478116820e-01,2.239558793004872428e-01,2.704531194273568917e-01,-1.432605339618727158e-01,1.578522325629823919e-01,2.981008723554623985e-01,2.737373960886374524e-01,1.057825300591842127e-01,2.661707838906088308e-01,-2.696768494295970209e-01,-1.300284755050890376e-02,1.141849583934595319e-01,1.659277306507803973e-01,1.338477540279568168e-01,1.462004703471413425e-01,2.580468122391612606e-01,-2.191483133307987885e-02,2.636232806387204253e-01,6.159939550260790098e-01,5.475606830956839532e-01,4.620731717636649138e-01,-5.808932991389616218e-02,-1.519139622594842254e-01,1.000000000000000000e+00,2.203832485462377255e-01,2.501634125292099831e-01,2.833206263380717016e-01,3.973731549969050092e-01,3.888862015131647198e-01,4.987680667167403437e-01,4.683891022324804254e-01,3.337167385317541535e-01
-1.259422468070887750e-02,2.697096004547273052e-01,1.147994386018794111e-01,9.131873778851143375e-02,1.826942543991585954e-01,-1.410591960968761160e-01,3.387122052125208782e-01,-1.811086813534433515e-01,1.752810760127598844e-01,7.100730358645982246e-03,-1.152653041056051625e-01,-4.242390636266926696e-02,3.709120386267842906e-01,4.138788609887741887e-01,2.413916448209702525e-01,-3.908131435594006803e-02,1.292268547127120581e-02,-2.959646180473278210e-01,1.005877153363633758e-02,5.790309373345584598e-01,1.122516622668437991e-01,4.087710223488541517e-01,2.084279986524581185e-01,1.689312169895430538e-01,2.588312135998185326e-01,2.597620864838684485e-01,1.542960232055389791e-01,-7.007722027542312437e-02,-2.033368368574274831e-01,-3.555915031309748175e-01,2.203832485462377255e-01,1.000000000000000000e+00,2.451532956509538397e-01,4.119919844261341613e-01,3.999178062975866643e-01,3.989274270408049716e-01,4.283580965839820509e-01,1.289122351622129237e-01,3.534539110386032412e-01
-4.029231834452187688e-02,2.991532017397279808e-01,6.158648081179644018e-01,-8.982387001736208063e-03,6.429612710605775439e-01,-3.027567828483594958e-01,4.520224369897191119e-01,-2.052578577290502526e-01,3.689822619551955118e-01,3.147832066326272660e-01,-2.532775553035982452e-01,3.359754216497110035e-01,6.124802405067047983e-01,5.935415036916675824e-01,1.204690673748081697e-01,4.555008644493484526e-01,-5.819384920572907849e-02,-6.275300172037119595e-02,1.547879328918806696e-01,1.670895283447835777e-01,6.469445400321420792e-01,7.157799389153242098e-01,1.971460502796410219e-01,1.164483834050888816e-01,3.510909616470127559e-01,3.982975297706061735e-01,3.482760895775243726e-01,2.698548701348763013e-01,-2.949245628681593789e-01,-2.202362412932406255e-01,2.501634125292099831e-01,2.451532956509538397e-01,1.000000000000000000e+00,6.147961587006199879e-01,1.853921206161912583e-01,3.948710231557772121e-01,3.547248424898891139e-01,4.506079518754604329e-01,5.249403195740975914e-01
3.792054320901328685e-02,2.528108008315189115e-01,3.477561583497800757e-01,2.648223608542862317e-01,6.443616766533243334e-01,-4.390954967298984490e-01,5.644384117785818944e-01,-4.536364457787692844e-02,6.571779470329540684e-01,-1.123955033007092708e-01,-4.500140424531378081e-01,3.985325752687397527e-01,4.871397542422861715e-01,5.275715721385868529e-01,4.407762330460217592e-01,2.201184054328790274e-01,-1.516301747465940430e-01,-2.663455744875731779e-01,1.911529511607986953e-01,4.167828151252861990e-01,4.573715157626601635e-01,5.150744915922139677e-01,7.317376248985094089e-02,4.902430947958774099e-01,2.391049096051137413e-01,4.256217136758945752e-01,2.561472951819986354e-01,1.234503543651667284e-01,-4.279373195864466517e-01,-2.895648755870204871e-01,2.833206263380717016e-01,4.119919844261341613e-01,6.147961587006199879e-01,1.000000000000000000e+00,1.597564825194030536e-01,1.905851100114407948e-01,2.065485960812669941e-01,5.550666738268619227e-01,5.771925380753644141e-01
4.584956124965817170e-01,5.742587965042954545e-01,3.537234103738736701e-01,1.666270490298973617e-01,1.565518756348927010e-01,1.334880508433658464e-01,5.044953934866759637e-02,-3.081676127055221204e-01,1.410513330483973704e-01,3.121696123618039054e-01,9.815237159402605271e-02,-3.326841326733680215e-02,3.129056133178466093e-01,3.112444692715036210e-01,-1.253015196056389835e-01,1.790983654516273005e-01,-3.384351161465382063e-02,1.713510834604141941e-01,1.971732421556786075e-01,3.596830378258850658e-01,-2.992166589242914454e-02,1.381556273462607454e-01,5.458942788487811670e-01,-1.078534473490231765e-01,3.871205044657016758e-01,4.353071774369282054e-01,3.770759643554850160e-01,2.502724448048062600e-01,1.142592401646239930e-01,4.263768415019410229e-02,3.973731549969050092e-01,3.999178062975866643e-01,1.853921206161912583e-01,1.597564825194030536e-01,1.000000000000000000e+00,4.189402464218192068e-01,7.067010536641911145e-01,3.341670400607801295e-01,2.263942819094031944e-01
-1.259442196498692344e-02,5.735946936278969455e-01,2.526440061962360595e-01,-3.317097860726454794e-02,7.155529126178321320e-02,-2.517515490188401150e-01,3.446827097243608251e-01,-1.764830654598501525e-01,1.727344351580869519e-01,3.261292713053406955e-01,-1.710969158552765323e-01,7.344306941325216831e-02,6.020216841889108883e-01,2.580594421112382686e-01,1.130055528873595561e-01,2.702144238570258206e-01,-1.074903601643334428e-01,-1.918666151338422610e-01,-1.111867429434190979e-01,3.551909674729158417e-01,3.028449264930636042e-01,4.785651825225475386e-01,2.370455860229294109e-01,-2.847812894796890593e-01,2.730654837377834987e-01,4.489837955134998726e-01,5.310750585211714281e-01,1.771804616385928288e-01,-2.498409608760469303e-01,-3.895605744828451455e-01,3.888862015131647198e-01,3.989274270408049716e-01,3.948710231557772121e-01,1.905851100114407948e-01,4.189402464218192068e-01,1.000000000000000000e+00,6.414650903654537384e-01,2.796590387327989591e-01,4.794025192101502575e-01
2.277105776569059714e-01,5.458835191543054410e-01,3.476833975103343910e-01,2.715710393996164859e-02,1.425688896044225162e-01,-1.534719262504620138e-02,1.948261194725670054e-01,-2.592582336705546164e-01,7.786810043882129440e-02,3.835437219046091695e-01,-2.097939059812257284e-02,-1.146060058206454374e-01,4.378447744384232343e-01,3.219509883568605346e-01,-2.717374296304230635e-02,1.581667480664565861e-01,-1.104659538705713151e-01,2.765509311855107039e-02,2.447536328270351683e-02,3.745660580402249695e-01,1.259498606862692327e-01,3.114272998290498751e-01,4.866243521121002558e-01,-2.659096286914238716e-01,4.922932624241778687e-01,5.502886952918651930e-01,4.161920268660982414e-01,2.976030903478279477e-01,-3.911181425558019065e-02,-2.351501703329820780e-01,4.987680667167403437e-01,4.283580965839820509e-01,3.547248424898891139e-01,2.065485960812669941e-01,7.067010536641911145e-01,6.414650903654537384e-01,1.000000000000000000e+00,3.100012017065630898e-01,3.002353580528276944e-01
4.726886538745526112e-01,5.024263965507684837e-01,3.347811058330946166e-01,4.568431714598739091e-01,5.029896466833212454e-01,-3.558082588174093508e-01,3.425879980538666936e-01,-1.194089252289567971e-01,6.132145551200052225e-01,1.729681493830145522e-01,-3.668788516385786957e-01,4.721738149596202971e-01,4.125060704606041684e-01,3.949220503931907822e-01,1.976428250735442205e-01,4.678227986490406387e-01,-2.685151710906630851e-01,1.899142537488056059e-01,4.077896106064216597e-01,2.863091007348566586e-01,3.897914881783723362e-01,2.741120217256566849e-01,2.335784049026821407e-01,2.625114217221991009e-01,3.051598685341186390e-01,5.958680817002619534e-01,4.383199054173935738e-01,3.855030592952227719e-01,-2.883057557139235838e-01,-9.767614795746314138e-02,4.683891022324804254e-01,1.289122351622129237e-01,4.506079518754604329e-01,5.550666738268619227e-01,3.341670400607801295e-01,2.796590387327989591e-01,3.100012017065630898e-01,1.000000000000000000e+00,6.360137077183447563e-01
-4.716342140754770096e-02,5.033303821299541791e-01,2.160695835283998334e-01,3.296546713542278240e-01,4.450896463222084876e-01,-6.929686631792736362e-01,6.996346264706693185e-01,-4.579118377996416189e-02,6.765728281887336548e-01,-3.290977553940614697e-02,-6.471917025303337567e-01,6.163844576441243062e-01,7.302616054985876515e-01,3.564937186569652749e-01,4.870466884803008600e-01,4.051519747059724730e-01,-3.696410102590940161e-01,-2.500002841512544149e-01,2.348150161596187502e-01,3.721201004643582833e-01,5.074968544370934698e-01,5.670825727654380533e-01,-8.649149455790340613e-02,2.735029336832278668e-01,1.445856185290982920e-01,4.714293455513854370e-01,4.845734659949969547e-01,1.678791389066087991e-01,-6.850232730932176439e-01,-4.836264989663998648e-01,3.337167385317541535e-01,3.534539110386032412e-01,5.249403195740975914e-01,5.771925380753644141e-01,2.263942819094031944e-01,4.794025192101502575e-01,3.002353580528276944e-01,6.360137077183447563e-01,1.000000000000000000e+00
