1.000000000000000000e+00,5.892746275333635708e-01,-2.238651056689688890e-01,2.511277938319233030e-02,-1.215956761137249043e-02,5.320486881270803936e-01,3.253605271837937130e-01,3.004929829365122762e-01,3.188454180483474842e-01,5.272264102946871978e-01,4.229035298128323572e-01,-4.107108933267839546e-01,-6.447441269172224376e-02,2.288354529061422671e-01,7.260799417735369632e-02,1.069800603892308022e-01,4.015146093935568761e-01,-3.738459279404336422e-01,-3.640986244411507644e-01,4.013546224477766017e-02,-4.483831623225352225e-01,-2.541782609520257252e-01,5.588958926139169225e-01,4.966840733931471852e-01,3.276927127366798809e-01,5.397842483166265248e-01,-4.651393931447760366e-01,2.953065020433264798e-01,6.505497511532378763e-01,5.497999554848220782e-01,1.093560744601560358e-01,4.998032499156970787e-01,-4.589099752291666001e-01,1.809783635978539085e-01,5.061468215082518540e-01,7.500901580134966551e-02,5.131166324974310022e-01,6.232809416572612227e-01,1.588810539081328133e-01
5.892746275333635708e-01,1.000000000000000000e+00,2.510757743464815499e-03,1.261369100297518309e-01,-7.768479260869020839e-03,6.289246958105205731e-01,2.806958211504334000e-01,1.634170014848371488e-01,2.029671684244820362e-01,2.949756358567549031e-01,4.076166549263510741e-01,-3.658683079595284049e-01,1.744407648730214311e-01,1.169506021899991838e-01,-1.276299694454394174e-01,-2.017912429047101497e-01,4.199149748995221199e-01,-3.336110694542647748e-01,-2.814431550708850760e-01,1.241121979600292441e-01,-3.814904638378771584e-01,-1.508948582407267369e-01,6.259176275389030097e-01,6.303302205159178051e-01,4.670763301895196062e-01,4.172647785801319453e-01,-6.328109635854822779e-01,3.226340614042361721e-01,6.769954163017993798e-01,5.731186779645075502e-01,-2.087193660317347987e-01,5.873938476171538525e-01,-3.737739658965710254e-01,2.263604764453115703e-01,4.976133766073077003e-01,-1.169243525332127887e-01,6.785857470518412704e-01,5.466809431655912377e-01,2.706177031869882454e-01
-2.238651056689688890e-01,2.510757743464815499e-03,1.000000000000000000e+00,2.886384945525556356e-01,1.716584382583574986e-01,-2.734559878878153882e-01,-2.295184613429814696e-02,-8.474357303142908693e-01,-1.843045255896158530e-01,-2.745979302624738660e-01,-2.697168810051122079e-01,3.875910662791455241e-01,1.483524940935036507e-01,-4.428759170117904653e-01,-2.151942256627250305e-01,-2.597212480700332171e-01,-3.947145891635596149e-01,4.156609534025761943e-01,4.531206162933930082e-01,1.368495819797921342e-01,6.850366297439525187e-01,6.045891770745109861e-01,-3.463608156543631078e-01,-2.420089123265423414e-01,-2.803164627804527465e-01,-2.035612255612405663e-01,2.464586423406012194e-01,-1.212182028292884683e-01,-2.878829118034628154e-01,-2.048682959289811201e-01,-6.865529459512120791e-02,-2.256534470386524494e-01,7.770802610102216512e-01,-1.408423485419701450e-02,-4.494328767444457640e-01,-1.979050128471992187e-01,-3.342624685574536181e-01,-2.976742082348102225e-01,-2.945115258455629700e-02
2.511277938319233030e-02,1.261369100297518309e-01,2.886384945525556356e-01,1.000000000000000000e+00,2.128400052799682141e-01,1.097716115199497654e-02,5.251186186022590574e-01,-2.568309522898410413e-01,-4.442651714771439497e-02,1.599619948339379982e-01,-7.766272330180278016e-02,2.147856563552799636e-01,1.365737808563610711e-01,-3.232538037248657292e-01,-1.079189819725354937e-01,-1.410007853404046836e-02,-7.690168864624682965e-02,1.196632634310979826e-01,2.102914794271669996e-01,6.193634678345247974e-02,2.682410580957334326e-02,2.594704974403179154e-01,-5.734509852878671987e-02,-6.968977996104772088e-02,-1.904411793897281269e-01,-3.974996484421415566e-02,-3.775855139452555936e-02,1.320905942372386233e-01,-3.916500449743993972e-02,1.039518628250667848e-01,-8.255049758155383333e-02,-3.172177846569748660e-02,2.037486118583099193e-01,1.554507745478141412e-01,-3.063610188521007430e-02,-6.823419785567261253e-02,-1.543036005112710836e-03,9.116255280713299325e-02,1.003703210692587916e-01
-1.215956761137249043e-02,-7.768479260869020839e-03,1.716584382583574986e-01,2.128400052799682141e-01,1.000000000000000000e+00,-2.675571326040996900e-01,-3.120425728802046772e-02,-2.501732960835598707e-01,5.165959300278194499e-01,1.935881168041090616e-01,-3.217053567746963605e-02,5.187444650052378536e-01,6.567978018602478596e-02,2.398963494053149847e-01,2.884323092468722982e-01,2.909162436764459736e-01,-8.399302602733131617e-02,4.642193376906149638e-01,4.654866332652338179e-01,-2.055621278999896773e-01,8.325846133337702626e-02,2.515287198132740154e-01,-1.732673419282240168e-01,-2.302812885526394349e-01,-5.512237692739193479e-02,2.847427339876336116e-01,4.035375278010419620e-01,7.658719069250619071e-02,-1.695427214850878661e-01,2.274693742795786955e-01,2.499178589471721668e-01,-2.066153129728893478e-01,1.690746138624217021e-01,5.105056965247516398e-01,-2.281772557443936811e-01,4.248228471389206007e-01,-2.006878535690823917e-01,1.140858278617431776e-01,5.318385513953163279e-01
5.320486881270803936e-01,6.289246958105205731e-01,-2.734559878878153882e-01,1.097716115199497654e-02,-2.675571326040996900e-01,1.000000000000000000e+00,2.787314011991415263e-01,4.726153430980777892e-01,1.114161878059611102e-02,1.838229395343991823e-01,3.752301426162724662e-01,-7.124323743393256025e-01,7.976415333389827444e-02,3.852621863106223815e-02,-2.422142333365296940e-01,-2.144820339537761578e-01,5.051225071083220719e-01,-6.106196476604570655e-01,-5.634708640041923289e-01,9.286456931004465065e-02,-5.592945127068712496e-01,-4.871492608285254988e-01,8.527242546495233944e-01,8.615622696236061584e-01,6.329076864131756297e-01,2.088694082240905026e-01,-7.864195684205923520e-01,2.427890891541904794e-01,8.077097561036129525e-01,5.799367766637437693e-01,-3.307554735183063643e-01,6.753110554347355743e-01,-5.656023451387245382e-01,2.601051719999697420e-01,8.239432658315294367e-01,-3.366087126629702109e-01,8.380258427129618770e-01,4.662242893246440478e-01,-9.773054736633364492e-02
3.253605271837937130e-01,2.806958211504334000e-01,-2.295184613429814696e-02,5.251186186022590574e-01,-3.120425728802046772e-02,2.787314011991415263e-01,1.000000000000000000e+00,8.684955134794924980e-02,3.034604868649099906e-03,3.030330322256173381e-01,3.848691267972699781e-01,-2.584682628151139805e-01,9.905502547378301770e-02,-1.395168304843621976e-01,7.361921186640985049e-02,1.382601754942543865e-02,3.779852779656499573e-01,-2.409755918858028367e-01,-1.992791224653620574e-01,1.405168880695660261e-01,-1.589414916677691914e-01,2.428176709512645803e-02,2.671534172971035126e-01,1.928322002692127723e-01,-4.250926189388040677e-02,1.974927765295520776e-01,-3.066495804945282844e-01,4.998215684214526444e-01,3.267726909397590251e-01,2.897587985642640085e-01,4.380919871580207098e-02,4.156543610416778001e-01,-1.343299382298142608e-01,1.624513655626770026e-01,2.078040869860904305e-01,-1.226738639385675485e-03,2.737964128179660728e-01,2.789104169839000114e-01,-7.821651894291760387e-02
3.004929829365122762e-01,1.634170014848371488e-01,-8.474357303142908693e-01,-2.568309522898410413e-01,-2.501732960835598707e-01,4.726153430980777892e-01,8.684955134794924980e-02,1.000000000000000000e+00,1.296873207577733389e-01,2.495140527267339647e-01,3.216582545775517610e-01,-5.211714633019202125e-01,-1.420997830913200977e-01,3.748009811505875755e-01,1.051608771967841582e-01,1.232648944360886650e-01,4.799257457370185165e-01,-5.317437097029030779e-01,-5.502430108174631851e-01,-8.575130917331109937e-02,-7.237588708421318628e-01,-6.597513070114774392e-01,5.286783633488436607e-01,4.441086282099878657e-01,4.145571715421139669e-01,2.136892866593746443e-01,-4.231850310077063249e-01,1.766046944254793527e-01,4.622144872735663990e-01,3.196585079811598562e-01,-2.033898110502699308e-02,3.753178367010305272e-01,-8.145087505071663125e-01,7.821663395214936698e-02,6.020119256630439564e-01,6.517873161882327404e-02,5.020977332320211151e-01,3.739384389042867407e-01,-2.000062863727836843e-02
3.188454180483474842e-01,2.029671684244820362e-01,-1.843045255896158530e-01,-4.442651714771439497e-02,5.165959300278194499e-01,1.114161878059611102e-02,3.034604868649099906e-03,1.296873207577733389e-01,1.000000000000000000e+00,4.643707895202093816e-01,1.545090062479335946e-01,1.738199326120362931e-01,8.542173101873670737e-02,3.847927797976778974e-01,2.766893373176416149e-01,3.537875260736225713e-01,1.376792704020901870e-01,5.962237680877807006e-02,1.183038407401624040e-02,-1.500727451466508655e-01,-2.479399951378741529e-01,4.493191672784819374e-02,1.556552040657095404e-01,4.845574431686842237e-02,1.687605107084505507e-01,4.249487797340951167e-01,7.350027916593727950e-02,1.324842574898227321e-01,1.133311606687586875e-01,4.203697952616344824e-01,1.606816649604105307e-01,1.536019813902706616e-02,-2.271175206335589725e-01,3.786611674428231322e-01,1.194700322816593108e-01,4.667543718607854997e-01,1.002207495155368472e-01,3.933171328125149024e-01,5.961416469344433811e-01
5.272264102946871978e-01,2.949756358567549031e-01,-2.745979302624738660e-01,1.599619948339379982e-01,1.935881168041090616e-01,1.838229395343991823e-01,3.030330322256173381e-01,2.495140527267339647e-01,4.643707895202093816e-01,1.000000000000000000e+00,2.299166720451818746e-01,-4.165309612579454895e-02,1.352337807391880697e-01,2.246056338392013463e-01,1.716512981647136948e-01,5.966373193261574892e-01,2.593247237518023773e-01,-1.192982378987479247e-01,-6.514904189576080362e-02,4.888594069313733498e-02,-3.651683940599645961e-01,-1.274308903802906338e-02,2.667882401013995652e-01,1.548829039537838737e-01,1.559389397276481626e-01,4.164891751915850704e-01,-1.900058877735290308e-01,2.481241784687728824e-01,2.422851487438045237e-01,4.256137997835905962e-01,3.271751898950427812e-02,1.604461508072584364e-01,-3.500159302215044566e-01,2.235599749157389238e-01,2.615272562584652905e-01,3.710250063172608193e-01,2.573995617759258780e-01,4.964628107462525919e-01,4.126349200392056549e-01
4.229035298128323572e-01,4.076166549263510741e-01,-2.697168810051122079e-01,-7.766272330180278016e-02,-3.217053567746963605e-02,3.752301426162724662e-01,3.848691267972699781e-01,3.216582545775517610e-01,1.545090062479335946e-01,2.299166720451818746e-01,1.000000000000000000e+00,-4.094063524158978451e-01,1.377762929281286519e-01,3.299976836640988731e-01,4.191484382122303565e-01,-4.349144078105717653e-02,7.293728646271734339e-01,-1.790897541261242398e-01,-2.880246315331335683e-01,-2.115958410154934050e-02,-2.666930243191933392e-01,-2.216851072131424960e-01,4.060013717961477586e-01,3.646319228971508508e-01,1.127234706534019637e-01,5.859856300405121843e-01,-3.916851619151116015e-01,4.899588372156530869e-01,6.076798664945564088e-01,3.743330563178719483e-01,2.038869080629065189e-01,7.833939894004144922e-01,-4.857444812941498213e-01,1.648671506448776414e-01,2.605950725681677738e-01,6.654007802798309057e-02,4.715293858637050750e-01,3.319422446346049771e-01,1.500416451520767969e-01
-4.107108933267839546e-01,-3.658683079595284049e-01,3.875910662791455241e-01,2.147856563552799636e-01,5.187444650052378536e-01,-7.124323743393256025e-01,-2.584682628151139805e-01,-5.211714633019202125e-01,1.738199326120362931e-01,-4.165309612579454895e-02,-4.094063524158978451e-01,1.000000000000000000e+00,-6.813651560876325848e-03,6.732914571401263544e-03,2.227499831385145457e-01,1.989663108396065305e-01,-4.846737389454325862e-01,6.099924737212765180e-01,6.304528179463175785e-01,-1.466869573432040552e-01,4.454883915874488509e-01,4.888710927333115852e-01,-6.851727136463263701e-01,-6.905764849987662268e-01,-4.423402944432381911e-01,-1.300713160160106574e-01,6.675548014723681201e-01,-1.466031701419737709e-01,-6.730851067606972160e-01,-3.088950224840933401e-01,2.372223567214801487e-01,-6.220114852405572714e-01,5.610386210736100221e-01,4.290633726827425276e-02,-6.793821186370723186e-01,3.397059819271685543e-01,-6.638786944679546664e-01,-2.173346928210557749e-01,3.606287601978583890e-01
-6.447441269172224376e-02,1.744407648730214311e-01,1.483524940935036507e-01,1.365737808563610711e-01,6.567978018602478596e-02,7.976415333389827444e-02,9.905502547378301770e-02,-1.420997830913200977e-01,8.542173101873670737e-02,1.352337807391880697e-01,1.377762929281286519e-01,-6.813651560876325848e-03,1.000000000000000000e+00,6.500575321785087568e-02,2.566231007338211356e-02,6.818452817042908176e-02,1.836184026934482572e-01,1.625516666998177706e-01,2.184805085514780476e-01,-1.310438173507239568e-01,-4.537565086133910075e-02,1.031193435995372276e-01,7.941956739550601330e-02,1.421611931909390059e-01,1.443626780895431450e-01,-5.782761946775061279e-02,-2.236884763119782460e-01,1.510213696037355224e-01,2.249059796046328288e-02,1.015300140136549817e-01,-4.592601960852781273e-01,1.478882199196265290e-01,4.788538835830253269e-04,1.773557506319878019e-01,3.144414788828635288e-02,-1.290902998245840594e-01,2.495749172241147062e-01,2.098246825267043036e-02,2.046036397495001602e-01
2.288354529061422671e-01,1.169506021899991838e-01,-4.428759170117904653e-01,-3.232538037248657292e-01,2.398963494053149847e-01,3.852621863106223815e-02,-1.395168304843621976e-01,3.748009811505875755e-01,3.847927797976778974e-01,2.246056338392013463e-01,3.299976836640988731e-01,6.732914571401263544e-03,6.500575321785087568e-02,1.000000000000000000e+00,5.450771141064506553e-01,2.445184577282229210e-01,3.136098288535031364e-01,-4.965662902019202241e-02,-1.083017841262250702e-01,-3.383977849083852352e-01,-3.666184349793848996e-01,-4.355120206989602227e-01,1.433515796106441809e-01,1.066218775200118152e-01,3.111261543810140973e-01,4.501835690484138341e-01,2.763710746247854608e-02,2.720516109785562353e-01,1.868987062443389358e-01,3.085609959509308386e-01,2.999070533768253832e-01,1.581915696456256404e-01,-4.669250848868214399e-01,1.159124778546587464e-01,8.652050218871858156e-02,3.713187920664175468e-01,1.824373643227341357e-01,3.257346886270446884e-01,4.187593074198088239e-01
7.260799417735369632e-02,-1.276299694454394174e-01,-2.151942256627250305e-01,-1.079189819725354937e-01,2.884323092468722982e-01,-2.422142333365296940e-01,7.361921186640985049e-02,1.051608771967841582e-01,2.766893373176416149e-01,1.716512981647136948e-01,4.191484382122303565e-01,2.227499831385145457e-01,2.566231007338211356e-02,5.450771141064506553e-01,1.000000000000000000e+00,2.742745921628381156e-01,3.218987300323939427e-01,1.581093131229049931e-01,6.355214997798541710e-02,-2.987815016620659070e-01,-2.713411641483508274e-02,-9.438790328164894938e-02,-1.539099765501130423e-01,-2.347972579899899603e-01,-1.651865273135176559e-01,4.052431859015875881e-01,2.221028566313215658e-01,3.095265881889107673e-01,-1.235927333800119175e-02,1.052701787350311252e-01,4.726957760009260490e-01,1.370713702086796826e-01,-1.685878790277658412e-01,1.455858172365568637e-01,-2.253826542909267427e-01,3.846225173181078705e-01,-1.140746521503171601e-01,1.207768077915065408e-01,2.913221180796172205e-01
1.069800603892308022e-01,-2.017912429047101497e-01,-2.597212480700332171e-01,-1.410007853404046836e-02,2.909162436764459736e-01,-2.144820339537761578e-01,1.382601754942543865e-02,1.232648944360886650e-01,3.537875260736225713e-01,5.966373193261574892e-01,-4.349144078105717653e-02,1.989663108396065305e-01,6.818452817042908176e-02,2.445184577282229210e-01,2.742745921628381156e-01,1.000000000000000000e+00,1.719139031576858920e-02,1.243902886779392064e-01,1.175979193396468198e-01,-6.387057836686585444e-02,-1.129453577310620543e-01,7.393137927149129318e-02,-9.703812884158929952e-02,-2.143042573116755167e-01,3.011316368156838688e-02,1.714356795090264673e-01,2.565258225722767960e-01,6.421724244217746902e-02,-1.817987894492495149e-01,1.445577936667623020e-01,1.280774492824648947e-01,-2.325370311202549778e-01,-1.259281913876635906e-01,6.556346893810839627e-02,-4.506138731457053764e-02,4.870331239617404773e-01,-1.366634723172431565e-01,1.482743170668194277e-01,3.292300426597634666e-01
4.015146093935568761e-01,4.199149748995221199e-01,-3.947145891635596149e-01,-7.690168864624682965e-02,-8.399302602733131617e-02,5.051225071083220719e-01,3.779852779656499573e-01,4.799257457370185165e-01,1.376792704020901870e-01,2.593247237518023773e-01,7.293728646271734339e-01,-4.846737389454325862e-01,1.836184026934482572e-01,3.136098288535031364e-01,3.218987300323939427e-01,1.719139031576858920e-02,1.000000000000000000e+00,-3.373098444791352013e-01,-3.641920226753221912e-01,-5.847959356697074451e-02,-4.172784393223304411e-01,-3.697903346641429612e-01,5.439467072643718870e-01,4.998070760333394036e-01,3.270897448471321578e-01,4.479495842561193042e-01,-4.789500146816637050e-01,5.098841472830220045e-01,6.310097195687331961e-01,4.756595412642883880e-01,2.574008579626831106e-02,7.220478532063859811e-01,-5.802021684478781971e-01,2.664723994668107276e-01,4.484111845966214371e-01,-3.507822668091561957e-02,5.908572156594925628e-01,4.023916576164118242e-01,1.176766031659065709e-01
-3.738459279404336422e-01,-3.336110694542647748e-01,4.156609534025761943e-01,1.196632634310979826e-01,4.642193376906149638e-01,-6.106196476604570655e-01,-2.409755918858028367e-01,-5.317437097029030779e-01,5.962237680877807006e-02,-1.192982378987479247e-01,-1.790897541261242398e-01,6.099924737212765180e-01,1.625516666998177706e-01,-4.965662902019202241e-02,1.581093131229049931e-01,1.243902886779392064e-01,-3.373098444791352013e-01,1.000000000000000000e+00,7.735216377557183609e-01,-2.093054189492737083e-01,5.126896334310795389e-01,5.318154982163928457e-01,-5.890487496996882344e-01,-5.583686797006740532e-01,-4.519280039514512737e-01,2.988117717603406415e-02,5.446405926763994154e-01,-1.332078633954656699e-01,-4.831087628480105201e-01,-3.666585538481071938e-01,1.971987150635758079e-01,-4.013424904459720333e-01,4.985260165921364117e-01,-4.146149154983537477e-02,-6.004136144478821047e-01,2.264945369651857887e-01,-5.299328572557090444e-01,-4.382494480511370250e-01,3.155870418636556041e-01
-3.640986244411507644e-01,-2.814431550708850760e-01,4.531206162933930082e-01,2.102914794271669996e-01,4.654866332652338179e-01,-5.634708640041923289e-01,-1.992791224653620574e-01,-5.502430108174631851e-01,1.183038407401624040e-02,-6.514904189576080362e-02,-2.880246315331335683e-01,6.304528179463175785e-01,2.184805085514780476e-01,-1.083017841262250702e-01,6.355214997798541710e-02,1.175979193396468198e-01,-3.641920226753221912e-01,7.735216377557183609e-01,1.000000000000000000e+00,-1.813123924043204549e-01,4.481958613167168481e-01,5.049476415367128990e-01,-5.628238079845825359e-01,-5.305945691233365791e-01,-3.875152231697822081e-01,-1.119317997811539456e-01,4.930335255002314399e-01,-1.560201404177705697e-01,-5.255642267873703588e-01,-3.142812197343462510e-01,6.312542818966199176e-02,-4.478532954135725497e-01,5.128255396477372496e-01,-2.171976793530752334e-02,-5.731827213902541684e-01,2.537733381894590190e-01,-4.937870213662006180e-01,-3.311004316140347958e-01,2.529311421729555365e-01
4.013546224477766017e-02,1.241121979600292441e-01,1.368495819797921342e-01,6.193634678345247974e-02,-2.055621278999896773e-01,9.286456931004465065e-02,1.405168880695660261e-01,-8.575130917331109937e-02,-1.500727451466508655e-01,4.888594069313733498e-02,-2.115958410154934050e-02,-1.466869573432040552e-01,-1.310438173507239568e-01,-3.383977849083852352e-01,-2.987815016620659070e-01,-6.387057836686585444e-02,-5.847959356697074451e-02,-2.093054189492737083e-01,-1.813123924043204549e-01,1.000000000000000000e+00,1.327442908160178792e-01,2.346903892774001299e-01,3.151765204919877023e-02,4.466867870757908199e-02,-7.761273492046760758e-02,-7.258633885557069787e-02,-1.256350030630384584e-01,2.124532731608426081e-02,5.059439450392892723e-02,-4.524921598625661345e-02,-8.391893446393838829e-02,6.098808031895010945e-02,1.053732450689223304e-01,-7.067390390298614045e-02,3.313304736150109869e-02,-8.778515286156456099e-02,-1.922728561402433723e-03,6.463778172548180490e-03,-2.574681504950142585e-01
-4.483831623225352225e-01,-3.814904638378771584e-01,6.850366297439525187e-01,2.682410580957334326e-02,8.325846133337702626e-02,-5.592945127068712496e-01,-1.589414916677691914e-01,-7.237588708421318628e-01,-2.479399951378741529e-01,-3.651683940599645961e-01,-2.666930243191933392e-01,4.454883915874488509e-01,-4.537565086133910075e-02,-3.666184349793848996e-01,-2.713411641483508274e-02,-1.129453577310620543e-01,-4.172784393223304411e-01,5.126896334310795389e-01,4.481958613167168481e-01,1.327442908160178792e-01,1.000000000000000000e+00,6.096514714896781317e-01,-5.989418562357899933e-01,-5.223948490520894383e-01,-4.621058127358827483e-01,-2.447714517422426017e-01,5.268851903262545822e-01,-1.614482128879342893e-01,-4.954682108047248623e-01,-4.841538233964191029e-01,1.865519858942470688e-01,-3.686658674714676232e-01,7.858212112572708907e-01,-1.933762965617726592e-01,-6.585747780098518689e-01,-6.680798020068058618e-02,-6.206879203717061699e-01,-5.231359935909585257e-01,-1.466061575798247585e-01
-2.541782609520257252e-01,-1.508948582407267369e-01,6.045891770745109861e-01,2.594704974403179154e-01,2.515287198132740154e-01,-4.871492608285254988e-01,2.428176709512645803e-02,-6.597513070114774392e-01,4.493191672784819374e-02,-1.274308903802906338e-02,-2.216851072131424960e-01,4.888710927333115852e-01,1.031193435995372276e-01,-4.355120206989602227e-01,-9.438790328164894938e-02,7.393137927149129318e-02,-3.697903346641429612e-01,5.318154982163928457e-01,5.049476415367128990e-01,2.346903892774001299e-01,6.096514714896781317e-01,1.000000000000000000e+00,-5.035597642413752739e-01,-5.152718435670549102e-01,-5.331313601455802687e-01,-5.811076703225173667e-02,4.173212231199896483e-01,-6.981097451217628536e-02,-4.357084102960707694e-01,-3.288593853944375978e-01,8.837184537029461884e-02,-3.356128966683584736e-01,6.243383129706238099e-01,-1.157497180317788726e-01,-5.442918808682725151e-01,1.395193650541128594e-01,-4.932438844194825256e-01,-3.328596845912493718e-01,1.315745524570703651e-01
5.588958926139169225e-01,6.259176275389030097e-01,-3.463608156543631078e-01,-5.734509852878671987e-02,-1.732673419282240168e-01,8.527242546495233944e-01,2.671534172971035126e-01,5.286783633488436607e-01,1.556552040657095404e-01,2.667882401013995652e-01,4.060013717961477586e-01,-6.851727136463263701e-01,7.941956739550601330e-02,1.433515796106441809e-01,-1.539099765501130423e-01,-9.703812884158929952e-02,5.439467072643718870e-01,-5.890487496996882344e-01,-5.628238079845825359e-01,3.151765204919877023e-02,-5.989418562357899933e-01,-5.035597642413752739e-01,1.000000000000000000e+00,8.526295119945018763e-01,6.928855507527208468e-01,2.792926325148231692e-01,-7.355213837614011929e-01,2.558586372207024562e-01,7.983099547414790331e-01,6.656378251830483705e-01,-2.725940904216694882e-01,6.567071018409048611e-01,-6.185692763387772297e-01,3.263961500091184242e-01,8.250038006789105482e-01,-2.215439135192030506e-01,8.310030685898183167e-01,5.298034709901034978e-01,1.252472440532109363e-02
4.966840733931471852e-01,6.303302205159178051e-01,-2.420089123265423414e-01,-6.968977996104772088e-02,-2.302812885526394349e-01,8.615622696236061584e-01,1.928322002692127723e-01,4.441086282099878657e-01,4.845574431686842237e-02,1.548829039537838737e-01,3.646319228971508508e-01,-6.905764849987662268e-01,1.421611931909390059e-01,1.066218775200118152e-01,-2.347972579899899603e-01,-2.143042573116755167e-01,4.998070760333394036e-01,-5.583686797006740532e-01,-5.305945691233365791e-01,4.466867870757908199e-02,-5.223948490520894383e-01,-5.152718435670549102e-01,8.526295119945018763e-01,1.000000000000000000e+00,7.107046908223382253e-01,1.996997568877935114e-01,-7.709235283675269779e-01,2.186965719582284473e-01,7.922084352591672873e-01,5.931099114340900869e-01,-3.637375989380605690e-01,6.587835107069942575e-01,-5.400048861201768302e-01,3.073951295057588129e-01,8.055715015255525691e-01,-3.683925010912547648e-01,8.403229561860533492e-01,4.476739265284592761e-01,-4.647270300735474591e-02
3.276927127366798809e-01,4.670763301895196062e-01,-2.803164627804527465e-01,-1.904411793897281269e-01,-5.512237692739193479e-02,6.329076864131756297e-01,-4.250926189388040677e-02,4.145571715421139669e-01,1.687605107084505507e-01,1.559389397276481626e-01,1.127234706534019637e-01,-4.423402944432381911e-01,1.443626780895431450e-01,3.111261543810140973e-01,-1.651865273135176559e-01,3.011316368156838688e-02,3.270897448471321578e-01,-4.519280039514512737e-01,-3.875152231697822081e-01,-7.761273492046760758e-02,-4.621058127358827483e-01,-5.331313601455802687e-01,6.928855507527208468e-01,7.107046908223382253e-01,1.000000000000000000e+00,9.314007870990505256e-02,-5.084644024727084100e-01,1.463102249482965966e-01,5.302685532855282435e-01,5.774581032645156320e-01,-3.246913326499825669e-01,3.374609217552742568e-01,-4.625411941619981815e-01,2.984760512137103472e-01,6.467880939805475959e-01,-1.953805089720901389e-01,6.459266915514713103e-01,4.365604125328070850e-01,1.277076746108121441e-01
5.397842483166265248e-01,4.172647785801319453e-01,-2.035612255612405663e-01,-3.974996484421415566e-02,2.847427339876336116e-01,2.088694082240905026e-01,1.974927765295520776e-01,2.136892866593746443e-01,4.249487797340951167e-01,4.164891751915850704e-01,5.859856300405121843e-01,-1.300713160160106574e-01,-5.782761946775061279e-02,4.501835690484138341e-01,4.052431859015875881e-01,1.714356795090264673e-01,4.479495842561193042e-01,2.988117717603406415e-02,-1.119317997811539456e-01,-7.258633885557069787e-02,-2.447714517422426017e-01,-5.811076703225173667e-02,2.792926325148231692e-01,1.996997568877935114e-01,9.314007870990505256e-02,1.000000000000000000e+00,-7.317621985288533248e-02,3.610966568643149688e-01,4.939145388306764306e-01,4.707467241276908076e-01,4.628543662954289761e-01,4.416634188581643472e-01,-4.045217628087820483e-01,8.242236599844213196e-02,1.635621611555611588e-01,3.579295275948414790e-01,2.597885055181149427e-01,3.868411124411819113e-01,4.407167839172341783e-01
-4.651393931447760366e-01,-6.328109635854822779e-01,2.464586423406012194e-01,-3.775855139452555936e-02,4.035375278010419620e-01,-7.864195684205923520e-01,-3.066495804945282844e-01,-4.231850310077063249e-01,7.350027916593727950e-02,-1.900058877735290308e-01,-3.916851619151116015e-01,6.675548014723681201e-01,-2.236884763119782460e-01,2.763710746247854608e-02,2.221028566313215658e-01,2.565258225722767960e-01,-4.789500146816637050e-01,5.446405926763994154e-01,4.930335255002314399e-01,-1.256350030630384584e-01,5.268851903262545822e-01,4.173212231199896483e-01,-7.355213837614011929e-01,-7.709235283675269779e-01,-5.084644024727084100e-01,-7.317621985288533248e-02,1.000000000000000000e+00,-2.318333898275102278e-01,-7.041610391947633607e-01,-4.052942837320434588e-01,4.764870232596786215e-01,-6.668957935692562122e-01,5.258036719734267006e-01,-1.922010338309026178e-01,-7.081627996508913503e-01,4.154563930271235606e-01,-8.117316095285609379e-01,-4.034334269666094985e-01,1.043338257755876269e-01
2.953065020433264798e-01,3.226340614042361721e-01,-1.212182028292884683e-01,1.320905942372386233e-01,7.658719069250619071e-02,2.427890891541904794e-01,4.998215684214526444e-01,1.766046944254793527e-01,1.324842574898227321e-01,2.481241784687728824e-01,4.899588372156530869e-01,-1.466031701419737709e-01,1.510213696037355224e-01,2.720516109785562353e-01,3.095265881889107673e-01,6.421724244217746902e-02,5.098841472830220045e-01,-1.332078633954656699e-01,-1.560201404177705697e-01,2.124532731608426081e-02,-1.614482128879342893e-01,-6.981097451217628536e-02,2.558586372207024562e-01,2.186965719582284473e-01,1.463102249482965966e-01,3.610966568643149688e-01,-2.318333898275102278e-01,1.000000000000000000e+00,3.856081697654175633e-01,3.110707204736252174e-01,1.584951396710013449e-01,4.497128144865185084e-01,-2.513659292383467747e-01,2.159613813926821446e-01,1.566296723390550039e-01,9.591153445624064910e-02,3.114295419797796227e-01,3.430668223660480742e-01,1.946158407468747964e-01
6.505497511532378763e-01,6.769954163017993798e-01,-2.878829118034628154e-01,-3.916500449743993972e-02,-1.695427214850878661e-01,8.077097561036129525e-01,3.267726909397590251e-01,4.622144872735663990e-01,1.133311606687586875e-01,2.422851487438045237e-01,6.076798664945564088e-01,-6.730851067606972160e-01,2.249059796046328288e-02,1.868987062443389358e-01,-1.235927333800119175e-02,-1.817987894492495149e-01,6.310097195687331961e-01,-4.831087628480105201e-01,-5.255642267873703588e-01,5.059439450392892723e-02,-4.954682108047248623e-01,-4.357084102960707694e-01,7.983099547414790331e-01,7.922084352591672873e-01,5.302685532855282435e-01,4.939145388306764306e-01,-7.041610391947633607e-01,3.856081697654175633e-01,1.000000000000000000e+00,6.041846306540717970e-01,-6.033204479211538851e-02,7.947178723452161808e-01,-6.055742404535399137e-01,2.353139977213510314e-01,7.206826928508813790e-01,-2.134187237932588521e-01,7.888760145490421039e-01,4.971958212656971687e-01,3.265678583868336649e-02
5.497999554848220782e-01,5.731186779645075502e-01,-2.048682959289811201e-01,1.039518628250667848e-01,2.274693742795786955e-01,5.799367766637437693e-01,2.897587985642640085e-01,3.196585079811598562e-01,4.203697952616344824e-01,4.256137997835905962e-01,3.743330563178719483e-01,-3.088950224840933401e-01,1.015300140136549817e-01,3.085609959509308386e-01,1.052701787350311252e-01,1.445577936667623020e-01,4.756595412642883880e-01,-3.666585538481071938e-01,-3.142812197343462510e-01,-4.524921598625661345e-02,-4.841538233964191029e-01,-3.288593853944375978e-01,6.656378251830483705e-01,5.931099114340900869e-01,5.774581032645156320e-01,4.707467241276908076e-01,-4.052942837320434588e-01,3.110707204736252174e-01,6.041846306540717970e-01,1.000000000000000000e+00,-2.771727014259249902e-02,4.724703212500372396e-01,-4.561842183260302885e-01,4.220197564496745990e-01,5.800682899972849915e-01,1.153072038817402750e-01,6.063679056789010868e-01,6.038919285026452810e-01,3.047400019503174740e-01
1.093560744601560358e-01,-2.087193660317347987e-01,-6.865529459512120791e-02,-8.255049758155383333e-02,2.499178589471721668e-01,-3.307554735183063643e-01,4.380919871580207098e-02,-2.033898110502699308e-02,1.606816649604105307e-01,3.271751898950427812e-02,2.038869080629065189e-01,2.372223567214801487e-01,-4.592601960852781273e-01,2.999070533768253832e-01,4.726957760009260490e-01,1.280774492824648947e-01,2.574008579626831106e-02,1.971987150635758079e-01,6.312542818966199176e-02,-8.391893446393838829e-02,1.865519858942470688e-01,8.837184537029461884e-02,-2.725940904216694882e-01,-3.637375989380605690e-01,-3.246913326499825669e-01,4.628543662954289761e-01,4.764870232596786215e-01,1.584951396710013449e-01,-6.033204479211538851e-02,-2.771727014259249902e-02,1.000000000000000000e+00,-3.977008147119565074e-02,4.563259272860865912e-02,-1.568324014872921612e-01,-3.162917189730193313e-01,4.072406996069673490e-01,-3.799309670225234359e-01,-5.063003695003415183e-02,1.246601639345586016e-01
4.998032499156970787e-01,5.873938476171538525e-01,-2.256534470386524494e-01,-3.172177846569748660e-02,-2.066153129728893478e-01,6.753110554347355743e-01,4.156543610416778001e-01,3.753178367010305272e-01,1.536019813902706616e-02,1.604461508072584364e-01,7.833939894004144922e-01,-6.220114852405572714e-01,1.478882199196265290e-01,1.581915696456256404e-01,1.370713702086796826e-01,-2.325370311202549778e-01,7.220478532063859811e-01,-4.013424904459720333e-01,-4.478532954135725497e-01,6.098808031895010945e-02,-3.686658674714676232e-01,-3.356128966683584736e-01,6.567071018409048611e-01,6.587835107069942575e-01,3.374609217552742568e-01,4.416634188581643472e-01,-6.668957935692562122e-01,4.497128144865185084e-01,7.947178723452161808e-01,4.724703212500372396e-01,-3.977008147119565074e-02,1.000000000000000000e+00,-5.266690971039621472e-01,2.100782445972799450e-01,5.381479171320751043e-01,-2.048663768389389073e-01,7.107444120031598533e-01,3.803160404737377376e-01,-2.530116338340453880e-02
-4.589099752291666001e-01,-3.737739658965710254e-01,7.770802610102216512e-01,2.037486118583099193e-01,1.690746138624217021e-01,-5.656023451387245382e-01,-1.343299382298142608e-01,-8.145087505071663125e-01,-2.271175206335589725e-01,-3.500159302215044566e-01,-4.857444812941498213e-01,5.610386210736100221e-01,4.788538835830253269e-04,-4.669250848868214399e-01,-1.685878790277658412e-01,-1.259281913876635906e-01,-5.802021684478781971e-01,4.985260165921364117e-01,5.128255396477372496e-01,1.053732450689223304e-01,7.858212112572708907e-01,6.243383129706238099e-01,-6.185692763387772297e-01,-5.400048861201768302e-01,-4.625411941619981815e-01,-4.045217628087820483e-01,5.258036719734267006e-01,-2.513659292383467747e-01,-6.055742404535399137e-01,-4.561842183260302885e-01,4.563259272860865912e-02,-5.266690971039621472e-01,1.000000000000000000e+00,-9.640929282473496842e-02,-6.449365527007867582e-01,-8.947047192279698746e-02,-6.449205191256636160e-01,-4.742833513302675552e-01,-1.306582090828058151e-01
1.809783635978539085e-01,2.263604764453115703e-01,-1.408423485419701450e-02,1.554507745478141412e-01,5.105056965247516398e-01,2.601051719999697420e-01,1.624513655626770026e-01,7.821663395214936698e-02,3.786611674428231322e-01,2.235599749157389238e-01,1.648671506448776414e-01,4.290633726827425276e-02,1.773557506319878019e-01,1.159124778546587464e-01,1.455858172365568637e-01,6.556346893810839627e-02,2.664723994668107276e-01,-4.146149154983537477e-02,-2.171976793530752334e-02,-7.067390390298614045e-02,-1.933762965617726592e-01,-1.157497180317788726e-01,3.263961500091184242e-01,3.073951295057588129e-01,2.984760512137103472e-01,8.242236599844213196e-02,-1.922010338309026178e-01,2.159613813926821446e-01,2.353139977213510314e-01,4.220197564496745990e-01,-1.568324014872921612e-01,2.100782445972799450e-01,-9.640929282473496842e-02,1.000000000000000000e+00,2.682516408592336976e-01,-2.298306561640987497e-02,2.968297663672819775e-01,3.658161337225711018e-01,2.524534736270041546e-01
5.061468215082518540e-01,4.976133766073077003e-01,-4.494328767444457640e-01,-3.063610188521007430e-02,-2.281772557443936811e-01,8.239432658315294367e-01,2.078040869860904305e-01,6.020119256630439564e-01,1.194700322816593108e-01,2.615272562584652905e-01,2.605950725681677738e-01,-6.793821186370723186e-01,3.144414788828635288e-02,8.652050218871858156e-02,-2.253826542909267427e-01,-4.506138731457053764e-02,4.484111845966214371e-01,-6.004136144478821047e-01,-5.731827213902541684e-01,3.313304736150109869e-02,-6.585747780098518689e-01,-5.442918808682725151e-01,8.250038006789105482e-01,8.055715015255525691e-01,6.467880939805475959e-01,1.635621611555611588e-01,-7.081627996508913503e-01,1.566296723390550039e-01,7.206826928508813790e-01,5.800682899972849915e-01,-3.162917189730193313e-01,5.381479171320751043e-01,-6.449365527007867582e-01,2.682516408592336976e-01,1.000000000000000000e+00,-2.300599636082743260e-01,7.925209614285754212e-01,4.427872675727405616e-01,-7.016076059548424781e-02
7.500901580134966551e-02,-1.169243525332127887e-01,-1.979050128471992187e-01,-6.823419785567261253e-02,4.248228471389206007e-01,-3.366087126629702109e-01,-1.226738639385675485e-03,6.517873161882327404e-02,4.667543718607854997e-01,3.710250063172608193e-01,6.654007802798309057e-02,3.397059819271685543e-01,-1.290902998245840594e-01,3.713187920664175468e-01,3.846225173181078705e-01,4.870331239617404773e-01,-3.507822668091561957e-02,2.264945369651857887e-01,2.537733381894590190e-01,-8.778515286156456099e-02,-6.680798020068058618e-02,1.395193650541128594e-01,-2.215439135192030506e-01,-3.683925010912547648e-01,-1.953805089720901389e-01,3.579295275948414790e-01,4.154563930271235606e-01,9.591153445624064910e-02,-2.134187237932588521e-01,1.153072038817402750e-01,4.072406996069673490e-01,-2.048663768389389073e-01,-8.947047192279698746e-02,-2.298306561640987497e-02,-2.300599636082743260e-01,1.000000000000000000e+00,-2.711973206160371852e-01,1.955377342750961034e-01,3.576827577373957179e-01
5.131166324974310022e-01,6.785857470518412704e-01,-3.342624685574536181e-01,-1.543036005112710836e-03,-2.006878535690823917e-01,8.380258427129618770e-01,2.737964128179660728e-01,5.020977332320211151e-01,1.002207495155368472e-01,2.573995617759258780e-01,4.715293858637050750e-01,-6.638786944679546664e-01,2.495749172241147062e-01,1.824373643227341357e-01,-1.140746521503171601e-01,-1.366634723172431565e-01,5.908572156594925628e-01,-5.299328572557090444e-01,-4.937870213662006180e-01,-1.922728561402433723e-03,-6.206879203717061699e-01,-4.932438844194825256e-01,8.310030685898183167e-01,8.403229561860533492e-01,6.459266915514713103e-01,2.597885055181149427e-01,-8.117316095285609379e-01,3.114295419797796227e-01,7.888760145490421039e-01,6.063679056789010868e-01,-3.799309670225234359e-01,7.107444120031598533e-01,-6.449205191256636160e-01,2.968297663672819775e-01,7.925209614285754212e-01,-2.711973206160371852e-01,1.000000000000000000e+00,4.916488829622944756e-01,5.950197779336646731e-02
6.232809416572612227e-01,5.466809431655912377e-01,-2.976742082348102225e-01,9.116255280713299325e-02,1.140858278617431776e-01,4.662242893246440478e-01,2.789104169839000114e-01,3.739384389042867407e-01,3.933171328125149024e-01,4.964628107462525919e-01,3.319422446346049771e-01,-2.173346928210557749e-01,2.098246825267043036e-02,3.257346886270446884e-01,1.207768077915065408e-01,1.482743170668194277e-01,4.023916576164118242e-01,-4.382494480511370250e-01,-3.311004316140347958e-01,6.463778172548180490e-03,-5.231359935909585257e-01,-3.328596845912493718e-01,5.298034709901034978e-01,4.476739265284592761e-01,4.365604125328070850e-01,3.868411124411819113e-01,-4.034334269666094985e-01,3.430668223660480742e-01,4.971958212656971687e-01,6.038919285026452810e-01,-5.063003695003415183e-02,3.803160404737377376e-01,-4.742833513302675552e-01,3.658161337225711018e-01,4.427872675727405616e-01,1.955377342750961034e-01,4.916488829622944756e-01,1.000000000000000000e+00,3.535417552291410526e-01
1.588810539081328133e-01,2.706177031869882454e-01,-2.945115258455629700e-02,1.003703210692587916e-01,5.318385513953163279e-01,-9.773054736633364492e-02,-7.821651894291760387e-02,-2.000062863727836843e-02,5.961416469344433811e-01,4.126349200392056549e-01,1.500416451520767969e-01,3.606287601978583890e-01,2.046036397495001602e-01,4.187593074198088239e-01,2.913221180796172205e-01,3.292300426597634666e-01,1.176766031659065709e-01,3.155870418636556041e-01,2.529311421729555365e-01,-2.574681504950142585e-01,-1.466061575798247585e-01,1.315745524570703651e-01,1.252472440532109363e-02,-4.647270300735474591e-02,1.277076746108121441e-01,4.407167839172341783e-01,1.043338257755876269e-01,1.946158407468747964e-01,3.265678583868336649e-02,3.047400019503174740e-01,1.246601639345586016e-01,-2.530116338340453880e-02,-1.306582090828058151e-01,2.524534736270041546e-01,-7.016076059548424781e-02,3.576827577373957179e-01,5.950197779336646731e-02,3.535417552291410526e-01,1.000000000000000000e+00
