1.000000000000000000e+00,7.395181693161072545e-01,4.957021860580851369e-01,2.372636260890469972e-01,2.552029225424490289e-01,1.526339946156119454e-01,1.563335193531948109e-01,-4.614744139442114590e-01,4.088666017720131163e-01,1.726217780582187389e-01,2.245980093768006891e-01,-4.753676141840590397e-02,2.821401176515314635e-01,1.678086558573625153e-01,-5.084826511906147262e-02,4.457932953894909733e-01,3.277550707649397044e-01,1.930117473751292306e-02,3.832623821588441726e-01,8.473676500513113719e-02,4.698063615381189440e-01,2.451795357714920687e-01,3.074030617030392709e-01,7.884131320568173174e-02,2.646965040401628722e-01,2.819480902554795665e-01,3.121474747247816039e-01,-2.101235691557568758e-02,5.769887181627145756e-01,3.184218673290298285e-01,1.768147612331577856e-01,4.884231198688895881e-01,2.328761785132426043e-01,4.808070300611639314e-01,4.965385934824339542e-01,5.928340246324215190e-01,6.441685774883296745e-01,2.473564555732477299e-01,6.099749563798892993e-01
7.395181693161072545e-01,1.000000000000000000e+00,5.549614882749588363e-01,4.126557346242125668e-01,2.079872704487940871e-01,3.419364807783403237e-01,3.095320967926130096e-01,-5.140095886632972677e-01,4.629050240653627690e-01,1.964918654858768543e-01,5.154966828088350939e-01,-6.628557304048066437e-03,4.120018830551133715e-01,3.743377372643674206e-01,1.503253504360659021e-01,5.580462151740780419e-01,5.371964664975734660e-01,-3.797308937567052400e-02,5.276997711162970672e-01,2.127051938306961376e-01,5.378826160701235537e-01,4.785235686102391472e-01,5.328703276161580460e-01,1.242980498165584952e-01,4.065348026586459440e-01,3.876026893662339878e-01,3.983285509770113086e-01,5.345737513436529809e-02,6.766699749593070301e-01,3.562563324459460667e-01,4.022964632493620241e-01,6.077382310095856832e-01,3.934489123073671712e-01,3.859583726746247945e-01,5.867756097005241145e-01,6.490035834219877175e-01,7.135404824969077131e-01,1.662276534432738373e-01,6.326105476670189631e-01
4.957021860580851369e-01,5.549614882749588363e-01,1.000000000000000000e+00,2.724831767328494414e-01,6.721480742320015134e-01,3.282652184017902375e-01,5.313192741242236394e-01,-8.951636896795709397e-01,4.754402047468828663e-01,4.927647514750954083e-01,3.814594283863547708e-01,2.466545316628256657e-01,4.951548577867577183e-01,5.259085117425738032e-01,2.629796309540273491e-02,4.930697111230182839e-01,4.374660196523047495e-01,2.317846788885267462e-01,4.427435512100884041e-01,5.038570458328839319e-01,6.847267070816664969e-01,7.189289092045323404e-01,6.130912449292097444e-01,2.544151737560363391e-01,6.242030348246064841e-01,3.868922937328054812e-01,4.043831950298389932e-01,1.990770893749825021e-01,5.007108459389892907e-01,5.225763328219238391e-01,4.578759965606961635e-01,4.220735357408479382e-01,6.304054313158176104e-01,5.014503400401225663e-01,4.054251778958282704e-01,3.840331686787020748e-01,4.487388437141769382e-01,3.498889409171381804e-01,6.030534760400665384e-01
2.372636260890469972e-01,4.126557346242125668e-01,2.724831767328494414e-01,1.000000000000000000e+00,2.065747393009905453e-01,7.581491606813868522e-02,3.483207842806751442e-01,-1.964516645722959587e-01,4.130193244935639885e-01,2.926681622183986420e-01,1.931026424228880489e-01,3.980360293719037990e-01,2.732156794758582863e-01,1.905445955477478859e-01,-1.439106429436809442e-01,2.173717969904319647e-01,1.540147129711759710e-01,3.462765952099181033e-01,2.029302773712653996e-01,2.180765561206991221e-01,1.604376588260547631e-01,2.826017648967212303e-01,4.004311195735977824e-01,1.550301816545504585e-01,2.674895119017481893e-01,-3.041860695981315685e-02,2.419913678759581244e-01,-2.356558747416723498e-01,1.384451014427633408e-01,1.593371624942400144e-01,7.299771693033595132e-02,2.401242281855678340e-01,1.905311583154624747e-02,2.822471591292128323e-01,1.663008917467602432e-01,1.421003226184481827e-01,1.830287424034997279e-01,3.746654840888770654e-01,5.853184074399693237e-01
2.552029225424490289e-01,2.079872704487940871e-01,6.721480742320015134e-01,2.065747393009905453e-01,1.000000000000000000e+00,6.199464488444011989e-02,6.429781777728209580e-01,-6.805318808163358657e-01,3.999514623456884577e-01,7.415955854584173057e-01,4.940907114415166168e-02,3.147158964520722635e-01,2.515374370299192641e-01,4.149978909646721559e-01,-1.469720771589022035e-01,4.521172763860708543e-01,2.238998116953480055e-01,3.345208833488872990e-01,4.893746467917851617e-01,5.427579838347157404e-01,2.301035093474840809e-01,4.304812369180945897e-01,4.439002895839831431e-01,2.229752675213469981e-01,4.014997706229014307e-01,3.198736801570186694e-01,3.631046585952494854e-01,2.862596867207542473e-01,1.543860722450359768e-01,5.713162462710534850e-01,3.766991946277853387e-01,1.584025356558197151e-01,4.033172500207600208e-01,5.027727259917255109e-01,8.561619886576854466e-02,1.282085742278499252e-01,1.702246853121044678e-01,6.438189579720052791e-01,4.163114501227403452e-01
1.526339946156119454e-01,3.419364807783403237e-01,3.282652184017902375e-01,7.581491606813868522e-02,6.199464488444011989e-02,1.000000000000000000e+00,2.163938381473270445e-01,-3.523815818898264896e-01,2.151872887413567859e-01,-2.417554432436252315e-02,6.250045098375770491e-01,-3.011044755335390288e-02,4.070561252128239160e-01,5.992232517574861417e-01,2.639783694355021249e-01,1.946306616056982797e-01,5.162715610781024589e-01,-1.570886348041515834e-01,1.446907346115858806e-01,2.413862635573749416e-01,4.325442035034138821e-01,4.641254370480241143e-01,3.447862092990575111e-01,8.357070174101638438e-02,3.320977737156341481e-01,3.347604724306061375e-01,8.678594819632197421e-02,2.203340031449956271e-01,4.879572880046593730e-01,2.804379681636041122e-01,4.330748779921011482e-01,2.805757911804788729e-01,4.256169891429139596e-01,1.359853347990440942e-01,1.442882807826318392e-01,2.035029544620510500e-01,2.655956156526194656e-01,-2.190811811940823750e-01,1.521418358558212780e-01
1.563335193531948109e-01,3.095320967926130096e-01,5.313192741242236394e-01,3.483207842806751442e-01,6.429781777728209580e-01,2.163938381473270445e-01,1.000000000000000000e+00,-4.708750481978321578e-01,5.570713748622148076e-01,6.475309792878780613e-01,2.650699553903871908e-01,4.448706141923597923e-01,4.385152573169703305e-01,5.999242673822462457e-01,3.284454022569088111e-02,4.621939231562970374e-01,3.985187343733391230e-01,3.254958269549611538e-01,5.859729870864631707e-01,6.657301417376161323e-01,1.833221388135445051e-01,6.235339962807218139e-01,5.084839637735509843e-01,3.220062284593147028e-01,3.855691196425712897e-01,4.447427115140362708e-01,3.930475202875480800e-01,4.313040380052871603e-01,2.098503567934760505e-01,5.915588745878554988e-01,5.441272927851541485e-01,1.805374398919465384e-01,4.574395390712417964e-01,5.086095858403066883e-01,1.243095957246118377e-01,8.720253075855946556e-02,1.716764127910579418e-01,5.475098150963344512e-01,4.830197635988773830e-01
-4.614744139442114590e-01,-5.140095886632972677e-01,-8.951636896795709397e-01,-1.964516645722959587e-01,-6.805318808163358657e-01,-3.523815818898264896e-01,-4.708750481978321578e-01,1.000000000000000000e+00,-3.923216461993699333e-01,-4.759935503896906006e-01,-3.556674911416815021e-01,-1.353306802132119568e-01,-4.522484848656750378e-01,-4.963959368393184302e-01,-2.307207241369827952e-02,-4.861186728435943905e-01,-4.016281483709342459e-01,-1.638439939544737711e-01,-4.404320374804653881e-01,-4.707764026971776872e-01,-6.741395880486602543e-01,-6.729740759210104395e-01,-5.606029015327089748e-01,-2.363703615182475015e-01,-5.928538907038958250e-01,-3.806127661695561937e-01,-4.023988262295078444e-01,-2.044514889326812801e-01,-4.846179830116582599e-01,-4.890338845914747878e-01,-4.735607819679344410e-01,-4.083011827224987678e-01,-6.360367094733063720e-01,-4.397524919024593526e-01,-3.663200811523654732e-01,-3.628256845317681667e-01,-4.163225149703513317e-01,-3.033515524233986738e-01,-4.978804829509835272e-01
4.088666017720131163e-01,4.629050240653627690e-01,4.754402047468828663e-01,4.130193244935639885e-01,3.999514623456884577e-01,2.151872887413567859e-01,5.570713748622148076e-01,-3.923216461993699333e-01,1.000000000000000000e+00,4.778071770890998660e-01,8.525158562741771973e-02,3.366149019686642818e-01,3.577797758197112654e-01,4.342508195803739812e-01,-3.500182854739790628e-01,5.713081132347046509e-01,2.546535172752295573e-01,5.595705431202542268e-01,5.437929134194238179e-01,3.575390573395578753e-01,2.952286957890478680e-01,4.249731229380437902e-01,3.984096559753218525e-01,3.222948988974415618e-01,1.027301839113152065e-01,4.132780173052861827e-01,1.042008742310544453e-02,3.721372282256470432e-01,1.276032652031716952e-01,5.930843431375896202e-01,2.617740009586022043e-01,-5.172083267603983740e-04,2.803379221950114131e-01,8.061331783902478954e-01,-9.942063924238431563e-03,4.222254083900534027e-02,1.475695991130832330e-01,4.930609859870652700e-01,7.087396813597479639e-01
1.726217780582187389e-01,1.964918654858768543e-01,4.927647514750954083e-01,2.926681622183986420e-01,7.415955854584173057e-01,-2.417554432436252315e-02,6.475309792878780613e-01,-4.759935503896906006e-01,4.778071770890998660e-01,1.000000000000000000e+00,2.891214356108515529e-02,3.483013316666984660e-01,1.601499087004709387e-01,3.751101415108983872e-01,-3.309611640691142997e-01,5.555967188311414784e-01,1.784193811339177538e-01,4.986267535071410295e-01,4.819216846734749038e-01,5.094076498308170997e-01,1.713689249373899770e-01,3.459854634474556767e-01,4.140151939401204295e-01,3.850355482390567796e-01,2.310329974002748588e-01,3.444391006290214441e-01,2.575607910242021514e-01,3.092229640808499824e-01,3.883509160429898799e-02,4.946755308693758790e-01,3.089227108000498490e-01,1.930991528359376694e-02,3.115599605497807456e-01,4.832983165374248880e-01,-6.390981894645417216e-03,-7.496919461182570757e-03,9.690933012720753803e-02,7.362390180481958035e-01,4.505124296539859130e-01
2.245980093768006891e-01,5.154966828088350939e-01,3.814594283863547708e-01,1.931026424228880489e-01,4.940907114415166168e-02,6.250045098375770491e-01,2.650699553903871908e-01,-3.556674911416815021e-01,8.525158562741771973e-02,2.891214356108515529e-02,1.000000000000000000e+00,-1.672463886577992996e-03,4.638777733734385511e-01,5.168327551767233352e-01,5.103305919465357388e-01,2.223630886058172995e-01,7.461237465403317559e-01,-3.418657041911574712e-01,2.422302359009052553e-01,2.735496550317416120e-01,4.583633071895915623e-01,5.270704677937361193e-01,4.893262592936718502e-01,1.398378711365174179e-02,4.862354528232464279e-01,3.944449151600236680e-01,4.326790479118224897e-01,1.668498505408188559e-01,6.123984572963268036e-01,1.944232321260860874e-01,5.810617548818274303e-01,6.089400858594804511e-01,4.899838033817379701e-01,-1.139568623767497901e-02,4.517588631821699563e-01,4.948594880519673889e-01,4.309156780153096666e-01,-1.623313496220792074e-01,1.765029315771645679e-01
-4.753676141840590397e-02,-6.628557304048066437e-03,2.466545316628256657e-01,3.980360293719037990e-01,3.147158964520722635e-01,-3.011044755335390288e-02,4.448706141923597923e-01,-1.353306802132119568e-01,3.366149019686642818e-01,3.483013316666984660e-01,-1.672463886577992996e-03,1.000000000000000000e+00,4.355605647598579377e-01,4.151494041253362410e-01,3.208982314195981539e-02,1.128424710499324746e-01,2.540093612899404704e-02,5.339725295435244767e-01,-1.026981644283469636e-01,5.012340962524733934e-01,-7.305134494055293137e-02,3.673004835675430235e-01,3.646744834353366493e-01,4.516933990814350208e-01,1.781457827668564420e-01,9.407262334150770511e-02,1.134052533840180649e-01,1.080450733999414464e-01,-1.280785420482917214e-01,3.959290233338942921e-01,2.108211404026863744e-01,-1.742719276428829345e-01,3.269043254724500469e-02,2.510487171251157834e-01,-2.098055258890825503e-02,-2.261351655450221654e-01,-1.339969546390618049e-01,3.780564568729974373e-01,4.720981167238562093e-01
2.821401176515314635e-01,4.120018830551133715e-01,4.951548577867577183e-01,2.732156794758582863e-01,2.515374370299192641e-01,4.070561252128239160e-01,4.385152573169703305e-01,-4.522484848656750378e-01,3.577797758197112654e-01,1.601499087004709387e-01,4.638777733734385511e-01,4.355605647598579377e-01,1.000000000000000000e+00,6.503787247680925532e-01,3.480710918575773971e-01,3.954105783005276153e-01,4.730202862925891871e-01,7.180795670070140579e-02,1.218610895936978883e-01,3.809015637771105411e-01,3.580572859852026446e-01,6.307418378929769975e-01,6.163703455204563308e-01,4.345941812357173584e-01,4.923240714004781804e-01,4.976803796111299860e-01,4.774330245998907873e-01,2.535260960825763132e-01,3.645956133136118438e-01,5.652457744167139753e-01,6.481594625466690074e-01,3.323591225342985567e-01,3.429290170844753738e-01,2.477978138150747633e-01,3.890925810437492749e-01,2.821162224677409291e-01,2.130310560582437396e-01,1.195153452459805504e-01,4.627348575948119214e-01
1.678086558573625153e-01,3.743377372643674206e-01,5.259085117425738032e-01,1.905445955477478859e-01,4.149978909646721559e-01,5.992232517574861417e-01,5.999242673822462457e-01,-4.963959368393184302e-01,4.342508195803739812e-01,3.751101415108983872e-01,5.168327551767233352e-01,4.151494041253362410e-01,6.503787247680925532e-01,1.000000000000000000e+00,2.487068862876228303e-01,5.294242848837215076e-01,5.617432994232451904e-01,1.967918856712001230e-01,2.978673726219949192e-01,6.284033108995923378e-01,3.774464565491018053e-01,7.272741852444406518e-01,6.601931116731265536e-01,4.689187923667875180e-01,4.589681017796614637e-01,5.815704658363253232e-01,3.159361997538017719e-01,5.094479011525500090e-01,3.584207545587125288e-01,6.675771232166750613e-01,6.844081835340610764e-01,1.938235198477101240e-01,5.404389383894293575e-01,3.007433916383828731e-01,2.307565813460078497e-01,1.759149143525998715e-01,2.354877979561788293e-01,2.173549023357820575e-01,3.996549535152797983e-01
-5.084826511906147262e-02,1.503253504360659021e-01,2.629796309540273491e-02,-1.439106429436809442e-01,-1.469720771589022035e-01,2.639783694355021249e-01,3.284454022569088111e-02,-2.307207241369827952e-02,-3.500182854739790628e-01,-3.309611640691142997e-01,5.103305919465357388e-01,3.208982314195981539e-02,3.480710918575773971e-01,2.487068862876228303e-01,1.000000000000000000e+00,-1.771862627886497676e-01,3.635285055421528244e-01,-5.796625419840163440e-01,-8.424507340771650310e-02,7.163716532600114539e-02,6.121668914003187967e-02,2.696177872768431572e-01,2.161428895003824346e-01,-1.139251262622461430e-01,3.921867984843294130e-01,7.777947353167420641e-02,4.632418204077399793e-01,-3.896954939043021510e-02,3.928905135794458769e-01,-4.113491943471553336e-02,4.286156034224193334e-01,4.621606774357375214e-01,2.093696154738787785e-01,-3.438823162821698087e-01,4.705910124378323012e-01,3.599738341627884419e-01,2.937858917904732636e-01,-4.098817228296949278e-01,-1.459199094099876415e-01
4.457932953894909733e-01,5.580462151740780419e-01,4.930697111230182839e-01,2.173717969904319647e-01,4.521172763860708543e-01,1.946306616056982797e-01,4.621939231562970374e-01,-4.861186728435943905e-01,5.713081132347046509e-01,5.555967188311414784e-01,2.223630886058172995e-01,1.128424710499324746e-01,3.954105783005276153e-01,5.294242848837215076e-01,-1.771862627886497676e-01,1.000000000000000000e+00,5.074077793128610736e-01,2.968067351539610543e-01,5.340082758485789061e-01,4.275082955920356809e-01,3.918276849822583396e-01,4.420986312341336766e-01,5.750904357045264481e-01,4.228080635768698414e-01,1.805113854286074238e-01,7.084764809063686108e-01,1.781503316011442406e-01,5.417029115619909074e-01,3.000103988637065067e-01,7.254459887064096391e-01,4.030103276038606297e-01,1.383685618928650052e-01,4.186820433315330825e-01,4.470191808233771047e-01,1.917900730861994973e-01,2.992264200605304625e-01,2.822620959775168359e-01,5.474448774551732289e-01,4.808717131833333824e-01
3.277550707649397044e-01,5.371964664975734660e-01,4.374660196523047495e-01,1.540147129711759710e-01,2.238998116953480055e-01,5.162715610781024589e-01,3.985187343733391230e-01,-4.016281483709342459e-01,2.546535172752295573e-01,1.784193811339177538e-01,7.461237465403317559e-01,2.540093612899404704e-02,4.730202862925891871e-01,5.617432994232451904e-01,3.635285055421528244e-01,5.074077793128610736e-01,1.000000000000000000e+00,-2.332947136391968768e-01,3.711991615218266372e-01,3.555927428747563401e-01,4.436417766687439368e-01,5.055402298189557442e-01,5.680081118259752149e-01,1.169638751231295570e-01,4.160639993459955277e-01,6.610998323407629718e-01,3.765724518648071450e-01,4.127108474003759464e-01,6.373799565232588504e-01,4.806353587408066508e-01,5.707858900351701070e-01,5.334317216490696012e-01,5.467432425227823911e-01,1.944475452764479750e-01,4.252330672531273725e-01,5.386975775164238867e-01,4.402361635957816599e-01,1.480175405984418546e-01,2.522596779677594436e-01
1.930117473751292306e-02,-3.797308937567052400e-02,2.317846788885267462e-01,3.462765952099181033e-01,3.345208833488872990e-01,-1.570886348041515834e-01,3.254958269549611538e-01,-1.638439939544737711e-01,5.595705431202542268e-01,4.986267535071410295e-01,-3.418657041911574712e-01,5.339725295435244767e-01,7.180795670070140579e-02,1.967918856712001230e-01,-5.796625419840163440e-01,2.968067351539610543e-01,-2.332947136391968768e-01,1.000000000000000000e+00,1.161605305631847190e-01,3.267896755852736645e-01,1.639976398491691661e-02,1.742362878498984746e-01,1.933246447473360996e-01,4.037079744453338503e-01,-9.717217218609186524e-02,2.567726830541461336e-02,-3.004623531598249464e-01,1.516601692800309820e-01,-3.097961370113923030e-01,3.791018843103619029e-01,-8.736807591964756980e-02,-4.671738725324107722e-01,-3.708433594015323603e-03,4.354771261942287919e-01,-2.805267577169142657e-01,-3.676287166769943715e-01,-1.983386973774791950e-01,4.800094907617451501e-01,4.869619083583847652e-01
3.832623821588441726e-01,5.276997711162970672e-01,4.427435512100884041e-01,2.029302773712653996e-01,4.893746467917851617e-01,1.446907346115858806e-01,5.859729870864631707e-01,-4.404320374804653881e-01,5.437929134194238179e-01,4.819216846734749038e-01,2.422302359009052553e-01,-1.026981644283469636e-01,1.218610895936978883e-01,2.978673726219949192e-01,-8.424507340771650310e-02,5.340082758485789061e-01,3.711991615218266372e-01,1.161605305631847190e-01,1.000000000000000000e+00,3.546354704454731110e-01,2.540339208122853187e-01,3.973195316501202390e-01,3.433559965774956591e-01,-4.950032753599875254e-03,2.242933284364539981e-01,4.079246309747969201e-01,3.264689780473545300e-01,3.581421350005599136e-01,3.203458552598580922e-01,3.920490931788011002e-01,3.755956758764931180e-01,3.398337460988418157e-01,4.229268929090376217e-01,5.496519904033747572e-01,1.744538861826336329e-01,3.575073437974133350e-01,3.893173954362508238e-01,4.402501711735019030e-01,3.680226337928874658e-01
8.473676500513113719e-02,2.127051938306961376e-01,5.038570458328839319e-01,2.180765561206991221e-01,5.427579838347157404e-01,2.413862635573749416e-01,6.657301417376161323e-01,-4.707764026971776872e-01,3.575390573395578753e-01,5.094076498308170997e-01,2.735496550317416120e-01,5.012340962524733934e-01,3.809015637771105411e-01,6.284033108995923378e-01,7.163716532600114539e-02,4.275082955920356809e-01,3.555927428747563401e-01,3.267896755852736645e-01,3.546354704454731110e-01,1.000000000000000000e+00,2.394411857557993406e-01,6.550708712259637467e-01,5.024175815328595363e-01,4.093105222498788498e-01,3.344252023373658900e-01,4.141518167146925333e-01,2.835339442500882101e-01,4.469039342936283465e-01,1.355753794139998858e-01,5.405905125260013211e-01,4.612139722120169871e-01,5.102907954586890366e-02,4.580688026224760678e-01,3.112990291965225254e-01,1.056555772972954665e-01,1.078211755531082242e-02,9.058818730294314336e-02,4.176338852518702849e-01,3.675752931672556789e-01
4.698063615381189440e-01,5.378826160701235537e-01,6.847267070816664969e-01,1.604376588260547631e-01,2.301035093474840809e-01,4.325442035034138821e-01,1.833221388135445051e-01,-6.741395880486602543e-01,2.952286957890478680e-01,1.713689249373899770e-01,4.583633071895915623e-01,-7.305134494055293137e-02,3.580572859852026446e-01,3.774464565491018053e-01,6.121668914003187967e-02,3.918276849822583396e-01,4.436417766687439368e-01,1.639976398491691661e-02,2.540339208122853187e-01,2.394411857557993406e-01,1.000000000000000000e+00,6.193700363481792204e-01,4.190517236767150600e-01,1.466421668766359487e-01,4.368027370489513395e-01,3.427977807322886150e-01,2.350306917157258813e-01,1.136148423171998850e-01,5.196941192694815026e-01,2.590390121114556909e-01,3.291229966059737722e-01,3.999683084214130657e-01,6.827011970923460016e-01,2.902185091648022408e-01,3.773125677503216813e-01,4.150551891247340475e-01,4.095325952641009071e-01,6.550206853494756898e-03,3.890875465130506083e-01
2.451795357714920687e-01,4.785235686102391472e-01,7.189289092045323404e-01,2.826017648967212303e-01,4.304812369180945897e-01,4.641254370480241143e-01,6.235339962807218139e-01,-6.729740759210104395e-01,4.249731229380437902e-01,3.459854634474556767e-01,5.270704677937361193e-01,3.673004835675430235e-01,6.307418378929769975e-01,7.272741852444406518e-01,2.696177872768431572e-01,4.420986312341336766e-01,5.055402298189557442e-01,1.742362878498984746e-01,3.973195316501202390e-01,6.550708712259637467e-01,6.193700363481792204e-01,1.000000000000000000e+00,6.439124678418859382e-01,3.244273003183071880e-01,5.884933196461086258e-01,4.424013351642141489e-01,4.216455138095609456e-01,3.474095664814468298e-01,3.865374122356169395e-01,5.233012737468224485e-01,6.350327443932867189e-01,3.083153883536612350e-01,7.051107496238459005e-01,3.200894140833010493e-01,3.599309072502681062e-01,3.014922843701746125e-01,2.994561522002373577e-01,1.520311497413491530e-01,4.746655626111794257e-01
3.074030617030392709e-01,5.328703276161580460e-01,6.130912449292097444e-01,4.004311195735977824e-01,4.439002895839831431e-01,3.447862092990575111e-01,5.084839637735509843e-01,-5.606029015327089748e-01,3.984096559753218525e-01,4.140151939401204295e-01,4.893262592936718502e-01,3.646744834353366493e-01,6.163703455204563308e-01,6.601931116731265536e-01,2.161428895003824346e-01,5.750904357045264481e-01,5.680081118259752149e-01,1.933246447473360996e-01,3.433559965774956591e-01,5.024175815328595363e-01,4.190517236767150600e-01,6.439124678418859382e-01,1.000000000000000000e+00,3.932990458867258732e-01,6.911230314307079681e-01,4.356336490902107395e-01,4.731847191637354455e-01,1.697055858612788459e-01,4.701542612423882939e-01,5.743106089155302074e-01,5.612694331415006843e-01,4.604978300997134011e-01,3.907592521257801654e-01,2.488351858371010417e-01,4.980542456939271445e-01,4.167406990894110264e-01,4.536010182087193421e-01,3.439504470881865061e-01,5.208969001983614344e-01
7.884131320568173174e-02,1.242980498165584952e-01,2.544151737560363391e-01,1.550301816545504585e-01,2.229752675213469981e-01,8.357070174101638438e-02,3.220062284593147028e-01,-2.363703615182475015e-01,3.222948988974415618e-01,3.850355482390567796e-01,1.398378711365174179e-02,4.516933990814350208e-01,4.345941812357173584e-01,4.689187923667875180e-01,-1.139251262622461430e-01,4.228080635768698414e-01,1.169638751231295570e-01,4.037079744453338503e-01,-4.950032753599875254e-03,4.093105222498788498e-01,1.466421668766359487e-01,3.244273003183071880e-01,3.932990458867258732e-01,1.000000000000000000e+00,6.758057025173491716e-02,3.881760114832722985e-01,1.608126736727392703e-01,2.852352904686882851e-01,-1.218171379374619924e-02,4.181588366024371339e-01,3.298314516937586593e-01,-1.165232843016674735e-01,1.231817700561634865e-01,2.101345595300206925e-01,8.419966438481721327e-02,-2.005302350724573746e-01,-4.033642276027900320e-02,3.374546541542398082e-01,3.694312837799298421e-01
2.646965040401628722e-01,4.065348026586459440e-01,6.242030348246064841e-01,2.674895119017481893e-01,4.014997706229014307e-01,3.320977737156341481e-01,3.855691196425712897e-01,-5.928538907038958250e-01,1.027301839113152065e-01,2.310329974002748588e-01,4.862354528232464279e-01,1.781457827668564420e-01,4.923240714004781804e-01,4.589681017796614637e-01,3.921867984843294130e-01,1.805113854286074238e-01,4.160639993459955277e-01,-9.717217218609186524e-02,2.242933284364539981e-01,3.344252023373658900e-01,4.368027370489513395e-01,5.884933196461086258e-01,6.911230314307079681e-01,6.758057025173491716e-02,1.000000000000000000e+00,1.638477051769894333e-01,5.941137622149942343e-01,-1.107460138568713143e-01,5.821913112303206406e-01,2.572092068165529044e-01,4.702289499732258959e-01,6.287949318677349408e-01,3.659832804093848813e-01,8.729075952822916429e-02,6.327014212008897909e-01,5.077207966765047154e-01,5.506074097669191314e-01,7.885903621445901346e-02,3.366742750597976896e-01
2.819480902554795665e-01,3.876026893662339878e-01,3.868922937328054812e-01,-3.041860695981315685e-02,3.198736801570186694e-01,3.347604724306061375e-01,4.447427115140362708e-01,-3.806127661695561937e-01,4.132780173052861827e-01,3.444391006290214441e-01,3.944449151600236680e-01,9.407262334150770511e-02,4.976803796111299860e-01,5.815704658363253232e-01,7.777947353167420641e-02,7.084764809063686108e-01,6.610998323407629718e-01,2.567726830541461336e-02,4.079246309747969201e-01,4.141518167146925333e-01,3.427977807322886150e-01,4.424013351642141489e-01,4.356336490902107395e-01,3.881760114832722985e-01,1.638477051769894333e-01,1.000000000000000000e+00,2.394034965123699177e-01,6.946646380542478294e-01,3.770812098284744840e-01,6.950044500472102316e-01,5.928481247474436389e-01,1.835693581715375777e-01,4.313474261398773102e-01,3.499051909986851672e-01,2.186734906309673321e-01,2.546581273310199456e-01,1.951229183215885954e-01,3.113522767397252644e-01,2.386273434714546171e-01
3.121474747247816039e-01,3.983285509770113086e-01,4.043831950298389932e-01,2.419913678759581244e-01,3.631046585952494854e-01,8.678594819632197421e-02,3.930475202875480800e-01,-4.023988262295078444e-01,1.042008742310544453e-02,2.575607910242021514e-01,4.326790479118224897e-01,1.134052533840180649e-01,4.774330245998907873e-01,3.159361997538017719e-01,4.632418204077399793e-01,1.781503316011442406e-01,3.765724518648071450e-01,-3.004623531598249464e-01,3.264689780473545300e-01,2.835339442500882101e-01,2.350306917157258813e-01,4.216455138095609456e-01,4.731847191637354455e-01,1.608126736727392703e-01,5.941137622149942343e-01,2.394034965123699177e-01,1.000000000000000000e+00,-5.411330571341146228e-02,4.143542043139444853e-01,1.542407243878191614e-01,5.695549831140732655e-01,7.074261696776822372e-01,2.657469305517708436e-01,6.683898937889637404e-02,5.585662154178940852e-01,5.251049879119741304e-01,4.011665949116862140e-01,2.113167213432013136e-01,2.318453308609695895e-01
-2.101235691557568758e-02,5.345737513436529809e-02,1.990770893749825021e-01,-2.356558747416723498e-01,2.862596867207542473e-01,2.203340031449956271e-01,4.313040380052871603e-01,-2.044514889326812801e-01,3.721372282256470432e-01,3.092229640808499824e-01,1.668498505408188559e-01,1.080450733999414464e-01,2.535260960825763132e-01,5.094479011525500090e-01,-3.896954939043021510e-02,5.417029115619909074e-01,4.127108474003759464e-01,1.516601692800309820e-01,3.581421350005599136e-01,4.469039342936283465e-01,1.136148423171998850e-01,3.474095664814468298e-01,1.697055858612788459e-01,2.852352904686882851e-01,-1.107460138568713143e-01,6.946646380542478294e-01,-5.411330571341146228e-02,1.000000000000000000e+00,-2.476658781081218785e-02,6.195297841137565875e-01,4.458331368412222218e-01,-2.088112238857724734e-01,4.637007637820881878e-01,2.922509850085095451e-01,-1.912779369884315406e-01,-6.520618452159561429e-02,-1.596911295637722938e-01,2.808399260423747323e-01,1.806625418095704136e-02
5.769887181627145756e-01,6.766699749593070301e-01,5.007108459389892907e-01,1.384451014427633408e-01,1.543860722450359768e-01,4.879572880046593730e-01,2.098503567934760505e-01,-4.846179830116582599e-01,1.276032652031716952e-01,3.883509160429898799e-02,6.123984572963268036e-01,-1.280785420482917214e-01,3.645956133136118438e-01,3.584207545587125288e-01,3.928905135794458769e-01,3.000103988637065067e-01,6.373799565232588504e-01,-3.097961370113923030e-01,3.203458552598580922e-01,1.355753794139998858e-01,5.196941192694815026e-01,3.865374122356169395e-01,4.701542612423882939e-01,-1.218171379374619924e-02,5.821913112303206406e-01,3.770812098284744840e-01,4.143542043139444853e-01,-2.476658781081218785e-02,1.000000000000000000e+00,2.279079192726658487e-01,3.983799779737225433e-01,7.419425155312432407e-01,3.825906482081272153e-01,1.670879560844315825e-01,7.029051204521027385e-01,6.966883522756126546e-01,8.105458337288866666e-01,-4.816561730674767672e-02,3.387179156662807333e-01
3.184218673290298285e-01,3.562563324459460667e-01,5.225763328219238391e-01,1.593371624942400144e-01,5.713162462710534850e-01,2.804379681636041122e-01,5.915588745878554988e-01,-4.890338845914747878e-01,5.930843431375896202e-01,4.946755308693758790e-01,1.944232321260860874e-01,3.959290233338942921e-01,5.652457744167139753e-01,6.675771232166750613e-01,-4.113491943471553336e-02,7.254459887064096391e-01,4.806353587408066508e-01,3.791018843103619029e-01,3.920490931788011002e-01,5.405905125260013211e-01,2.590390121114556909e-01,5.233012737468224485e-01,5.743106089155302074e-01,4.181588366024371339e-01,2.572092068165529044e-01,6.950044500472102316e-01,1.542407243878191614e-01,6.195297841137565875e-01,2.279079192726658487e-01,1.000000000000000000e+00,5.416323038230951292e-01,1.947552939413401199e-02,4.093821592643571705e-01,4.898960998217123386e-01,1.357229087993994388e-01,1.711987849682344576e-01,1.595700386016381256e-01,4.887434363489601696e-01,4.951912192769359899e-01
1.768147612331577856e-01,4.022964632493620241e-01,4.578759965606961635e-01,7.299771693033595132e-02,3.766991946277853387e-01,4.330748779921011482e-01,5.441272927851541485e-01,-4.735607819679344410e-01,2.617740009586022043e-01,3.089227108000498490e-01,5.810617548818274303e-01,2.108211404026863744e-01,6.481594625466690074e-01,6.844081835340610764e-01,4.286156034224193334e-01,4.030103276038606297e-01,5.707858900351701070e-01,-8.736807591964756980e-02,3.755956758764931180e-01,4.612139722120169871e-01,3.291229966059737722e-01,6.350327443932867189e-01,5.612694331415006843e-01,3.298314516937586593e-01,4.702289499732258959e-01,5.928481247474436389e-01,5.695549831140732655e-01,4.458331368412222218e-01,3.983799779737225433e-01,5.416323038230951292e-01,1.000000000000000000e+00,3.997424677299309947e-01,5.302744796849019338e-01,1.653078837790835087e-01,3.818542074919627494e-01,3.530378412511574471e-01,2.815478393412421676e-01,9.452371286083204038e-02,2.500823746870808328e-01
4.884231198688895881e-01,6.077382310095856832e-01,4.220735357408479382e-01,2.401242281855678340e-01,1.584025356558197151e-01,2.805757911804788729e-01,1.805374398919465384e-01,-4.083011827224987678e-01,-5.172083267603983740e-04,1.930991528359376694e-02,6.089400858594804511e-01,-1.742719276428829345e-01,3.323591225342985567e-01,1.938235198477101240e-01,4.621606774357375214e-01,1.383685618928650052e-01,5.334317216490696012e-01,-4.671738725324107722e-01,3.398337460988418157e-01,5.102907954586890366e-02,3.999683084214130657e-01,3.083153883536612350e-01,4.604978300997134011e-01,-1.165232843016674735e-01,6.287949318677349408e-01,1.835693581715375777e-01,7.074261696776822372e-01,-2.088112238857724734e-01,7.419425155312432407e-01,1.947552939413401199e-02,3.997424677299309947e-01,1.000000000000000000e+00,2.681599375045102818e-01,6.010621076571057847e-02,7.062112281581942597e-01,7.330998196357239038e-01,7.110355099600539353e-01,-5.118480768920165291e-03,2.435508604007328159e-01
2.328761785132426043e-01,3.934489123073671712e-01,6.304054313158176104e-01,1.905311583154624747e-02,4.033172500207600208e-01,4.256169891429139596e-01,4.574395390712417964e-01,-6.360367094733063720e-01,2.803379221950114131e-01,3.115599605497807456e-01,4.899838033817379701e-01,3.269043254724500469e-02,3.429290170844753738e-01,5.404389383894293575e-01,2.093696154738787785e-01,4.186820433315330825e-01,5.467432425227823911e-01,-3.708433594015323603e-03,4.229268929090376217e-01,4.580688026224760678e-01,6.827011970923460016e-01,7.051107496238459005e-01,3.907592521257801654e-01,1.231817700561634865e-01,3.659832804093848813e-01,4.313474261398773102e-01,2.657469305517708436e-01,4.637007637820881878e-01,3.825906482081272153e-01,4.093821592643571705e-01,5.302744796849019338e-01,2.681599375045102818e-01,1.000000000000000000e+00,2.725184945067264386e-01,2.237822318491186346e-01,3.485394417369220288e-01,2.645041922110312194e-01,9.307352738014001980e-02,2.403458762771659152e-01
4.808070300611639314e-01,3.859583726746247945e-01,5.014503400401225663e-01,2.822471591292128323e-01,5.027727259917255109e-01,1.359853347990440942e-01,5.086095858403066883e-01,-4.397524919024593526e-01,8.061331783902478954e-01,4.832983165374248880e-01,-1.139568623767497901e-02,2.510487171251157834e-01,2.477978138150747633e-01,3.007433916383828731e-01,-3.438823162821698087e-01,4.470191808233771047e-01,1.944475452764479750e-01,4.354771261942287919e-01,5.496519904033747572e-01,3.112990291965225254e-01,2.902185091648022408e-01,3.200894140833010493e-01,2.488351858371010417e-01,2.101345595300206925e-01,8.729075952822916429e-02,3.499051909986851672e-01,6.683898937889637404e-02,2.922509850085095451e-01,1.670879560844315825e-01,4.898960998217123386e-01,1.653078837790835087e-01,6.010621076571057847e-02,2.725184945067264386e-01,1.000000000000000000e+00,-7.643456741833598751e-03,6.924361938559960017e-02,1.782190247818607742e-01,5.193183243061982868e-01,6.524920300505737680e-01
4.965385934824339542e-01,5.867756097005241145e-01,4.054251778958282704e-01,1.663008917467602432e-01,8.561619886576854466e-02,1.442882807826318392e-01,1.243095957246118377e-01,-3.663200811523654732e-01,-9.942063924238431563e-03,-6.390981894645417216e-03,4.517588631821699563e-01,-2.098055258890825503e-02,3.890925810437492749e-01,2.307565813460078497e-01,4.705910124378323012e-01,1.917900730861994973e-01,4.252330672531273725e-01,-2.805267577169142657e-01,1.744538861826336329e-01,1.056555772972954665e-01,3.773125677503216813e-01,3.599309072502681062e-01,4.980542456939271445e-01,8.419966438481721327e-02,6.327014212008897909e-01,2.186734906309673321e-01,5.585662154178940852e-01,-1.912779369884315406e-01,7.029051204521027385e-01,1.357229087993994388e-01,3.818542074919627494e-01,7.062112281581942597e-01,2.237822318491186346e-01,-7.643456741833598751e-03,1.000000000000000000e+00,6.523757898655994092e-01,7.847960481361347940e-01,-8.565525056722024522e-02,3.354060538571279615e-01
5.928340246324215190e-01,6.490035834219877175e-01,3.840331686787020748e-01,1.421003226184481827e-01,1.282085742278499252e-01,2.035029544620510500e-01,8.720253075855946556e-02,-3.628256845317681667e-01,4.222254083900534027e-02,-7.496919461182570757e-03,4.948594880519673889e-01,-2.261351655450221654e-01,2.821162224677409291e-01,1.759149143525998715e-01,3.599738341627884419e-01,2.992264200605304625e-01,5.386975775164238867e-01,-3.676287166769943715e-01,3.575073437974133350e-01,1.078211755531082242e-02,4.150551891247340475e-01,3.014922843701746125e-01,4.167406990894110264e-01,-2.005302350724573746e-01,5.077207966765047154e-01,2.546581273310199456e-01,5.251049879119741304e-01,-6.520618452159561429e-02,6.966883522756126546e-01,1.711987849682344576e-01,3.530378412511574471e-01,7.330998196357239038e-01,3.485394417369220288e-01,6.924361938559960017e-02,6.523757898655994092e-01,1.000000000000000000e+00,6.923857439738183572e-01,-2.974712686439443671e-02,2.264700111809547778e-01
6.441685774883296745e-01,7.135404824969077131e-01,4.487388437141769382e-01,1.830287424034997279e-01,1.702246853121044678e-01,2.655956156526194656e-01,1.716764127910579418e-01,-4.163225149703513317e-01,1.475695991130832330e-01,9.690933012720753803e-02,4.309156780153096666e-01,-1.339969546390618049e-01,2.130310560582437396e-01,2.354877979561788293e-01,2.937858917904732636e-01,2.822620959775168359e-01,4.402361635957816599e-01,-1.983386973774791950e-01,3.893173954362508238e-01,9.058818730294314336e-02,4.095325952641009071e-01,2.994561522002373577e-01,4.536010182087193421e-01,-4.033642276027900320e-02,5.506074097669191314e-01,1.951229183215885954e-01,4.011665949116862140e-01,-1.596911295637722938e-01,8.105458337288866666e-01,1.595700386016381256e-01,2.815478393412421676e-01,7.110355099600539353e-01,2.645041922110312194e-01,1.782190247818607742e-01,7.847960481361347940e-01,6.923857439738183572e-01,1.000000000000000000e+00,2.039357139407871333e-02,4.180449676806413106e-01
2.473564555732477299e-01,1.662276534432738373e-01,3.498889409171381804e-01,3.746654840888770654e-01,6.438189579720052791e-01,-2.190811811940823750e-01,5.475098150963344512e-01,-3.033515524233986738e-01,4.930609859870652700e-01,7.362390180481958035e-01,-1.623313496220792074e-01,3.780564568729974373e-01,1.195153452459805504e-01,2.173549023357820575e-01,-4.098817228296949278e-01,5.474448774551732289e-01,1.480175405984418546e-01,4.800094907617451501e-01,4.402501711735019030e-01,4.176338852518702849e-01,6.550206853494756898e-03,1.520311497413491530e-01,3.439504470881865061e-01,3.374546541542398082e-01,7.885903621445901346e-02,3.113522767397252644e-01,2.113167213432013136e-01,2.808399260423747323e-01,-4.816561730674767672e-02,4.887434363489601696e-01,9.452371286083204038e-02,-5.118480768920165291e-03,9.307352738014001980e-02,5.193183243061982868e-01,-8.565525056722024522e-02,-2.974712686439443671e-02,2.039357139407871333e-02,1.000000000000000000e+00,4.732393805149988641e-01
6.099749563798892993e-01,6.326105476670189631e-01,6.030534760400665384e-01,5.853184074399693237e-01,4.163114501227403452e-01,1.521418358558212780e-01,4.830197635988773830e-01,-4.978804829509835272e-01,7.087396813597479639e-01,4.505124296539859130e-01,1.765029315771645679e-01,4.720981167238562093e-01,4.627348575948119214e-01,3.996549535152797983e-01,-1.459199094099876415e-01,4.808717131833333824e-01,2.522596779677594436e-01,4.869619083583847652e-01,3.680226337928874658e-01,3.675752931672556789e-01,3.890875465130506083e-01,4.746655626111794257e-01,5.208969001983614344e-01,3.694312837799298421e-01,3.366742750597976896e-01,2.386273434714546171e-01,2.318453308609695895e-01,1.806625418095704136e-02,3.387179156662807333e-01,4.951912192769359899e-01,2.500823746870808328e-01,2.435508604007328159e-01,2.403458762771659152e-01,6.524920300505737680e-01,3.354060538571279615e-01,2.264700111809547778e-01,4.180449676806413106e-01,4.732393805149988641e-01,1.000000000000000000e+00
