1.000000000000000000e+00,-4.514715674909094284e-02,6.038941777230519836e-01,6.641181104784782407e-01,6.850324741516969906e-01,-3.689317145788198471e-02,4.616160467115802968e-01,-5.370348038958698833e-01,7.771948118697438179e-01,1.863864230499545083e-01,9.514038010154240999e-03,-4.472718078163667732e-01,2.539499779538225144e-01,4.680553503421040484e-01,7.559460186446650409e-01,5.714785142489661185e-01,2.188232100168227001e-01,7.382219987938842820e-01,5.416956852286779478e-01,6.275715722472596791e-01,1.171245210716121143e-01,-2.846530590137635319e-01,3.811825244908084165e-01,3.830926651168136132e-01,4.818626636133395702e-01,8.978057511987886929e-01,-3.918737036959968334e-01,5.119939483988235063e-01,8.292857973229117441e-01,4.710309542841710773e-01,-3.509497723328441898e-01,-3.598626100060074995e-01,2.390917408684611889e-01,3.936707806310293378e-01,2.787592240923258413e-01,-1.813199150135362536e-01,-2.206037275898665995e-01,8.823197930415708212e-01,3.168818849702135787e-01
-4.514715674909094284e-02,1.000000000000000000e+00,3.477724926984212539e-01,-4.857457686100602468e-02,4.281204265925708241e-01,2.009528908515120504e-01,5.272371435961691749e-02,-3.338987090791175061e-01,4.062997382321764106e-01,7.106420734887648472e-01,1.120723179635900457e-01,5.209652261767904191e-01,-2.552247981459173087e-01,3.213216048720901052e-01,-9.725362554489658251e-02,4.349961304033789777e-01,2.703983263003383319e-01,5.445238197962854604e-02,1.787765330878059167e-01,-1.374038985355372222e-01,1.163136037481588281e-01,2.816526303304646706e-01,4.691084249599200007e-01,2.350690117133460988e-01,1.855514259961668633e-01,9.950619245207212304e-02,7.078563717251776799e-01,-7.176891135719377923e-02,-6.368988518907586771e-02,5.563369800419891709e-01,5.010421874009955978e-01,6.109121591869752788e-01,2.191670337940445634e-01,3.170948457112360286e-01,2.595870488666519038e-01,4.657557959424056260e-01,3.283566461137668036e-01,5.207705791000179218e-02,5.840818495977405655e-01
6.038941777230519836e-01,3.477724926984212539e-01,1.000000000000000000e+00,2.240055711449516485e-01,8.853239774536934004e-01,3.470533716383038259e-02,1.335683486545486409e-01,-9.278494731616536706e-01,7.212176389165753099e-01,5.127465923357218403e-01,-1.278263525426182878e-01,7.211241216422227540e-02,-2.936807944543104454e-01,5.939446960807142073e-01,3.753188776708225038e-01,7.461118648487500282e-01,3.527558257595059810e-01,3.525225979123260411e-01,1.641334581978887985e-01,2.650034146963236026e-01,5.522415769657574858e-01,1.573539273189602516e-01,6.008698715080292851e-01,5.669928896252325323e-01,4.323181087198832429e-01,7.290661337514284801e-01,1.927517438574029851e-01,6.454204013460224099e-01,5.634204319760570678e-01,7.874350628588248080e-01,3.061176523824388207e-01,3.647506693693505081e-02,7.251595539613061581e-01,8.216864154546287269e-01,4.764366101022207145e-01,-8.448892733085289208e-02,7.944279254974498383e-02,7.065883404281041447e-01,4.337542468814870600e-01
6.641181104784782407e-01,-4.857457686100602468e-02,2.240055711449516485e-01,1.000000000000000000e+00,3.907895648886925977e-01,2.495923192169609839e-01,8.344997133310443349e-01,-9.067582847236649313e-02,6.150529872456024227e-01,1.147911767306974834e-01,4.243340905274037289e-01,-4.901769262441476593e-01,6.808745239027244045e-01,4.481901245089008889e-01,8.253400835515477540e-01,2.814482134232823562e-01,2.164126461123145606e-01,9.126919545566766212e-01,8.736717046984963098e-01,7.465591551914819712e-01,-4.376056986308231589e-01,-4.031412503840126615e-01,3.539249326891594771e-01,2.214924267167506788e-01,5.195890009075571081e-01,5.674153897989888673e-01,-3.828325333436333744e-01,-9.723925021144932956e-02,6.281823574876842509e-01,1.421366435964590558e-01,-6.590811903849869147e-01,-9.830134889911021356e-02,-1.082560150453923536e-01,-1.917506521730307292e-02,2.098654835846703037e-01,1.267205609363199204e-01,1.729379991035190703e-02,5.901420756426409842e-01,5.314548169914961040e-01
6.850324741516969906e-01,4.281204265925708241e-01,8.853239774536934004e-01,3.907895648886925977e-01,1.000000000000000000e+00,1.369619182390997003e-01,2.875924532671556566e-01,-8.399289424175629959e-01,8.318304116354410249e-01,5.863309038644050064e-01,2.005151137851683002e-02,-3.286355512982715166e-02,-1.267124857133195004e-01,6.764384712195939953e-01,4.693183846156436245e-01,7.808835997023869657e-01,4.428728313175345765e-01,5.228776947937615605e-01,3.656155387966155135e-01,3.418378950771905900e-01,3.549693574243221739e-01,-2.861954846774120154e-02,6.530718933524427561e-01,5.569800121225972900e-01,5.257326049627392139e-01,7.992550384733823066e-01,1.885359615379609000e-01,5.229731996989550602e-01,6.391544988256732118e-01,8.179409089874074557e-01,1.652897781045698511e-01,1.023673836813696336e-01,5.728241650178143018e-01,7.093646927877907959e-01,5.211305437337717672e-01,4.081733952109147662e-02,1.236675191271700974e-01,7.555969375651049313e-01,5.528808482905870347e-01
-3.689317145788198471e-02,2.009528908515120504e-01,3.470533716383038259e-02,2.495923192169609839e-01,1.369619182390997003e-01,1.000000000000000000e+00,4.522511429158982410e-01,3.315961283043458718e-02,5.617544077623139176e-02,3.288281258923478334e-01,8.187161393440177681e-01,-3.265845772334443065e-01,2.867845354284142001e-01,6.631980433331747804e-01,1.091274762375518681e-01,1.149224040108624556e-01,7.715805253846094169e-01,3.008987478983839448e-01,3.254293539380349043e-01,2.160223408121584587e-01,-4.486042152586256493e-01,-9.895112600331922026e-02,5.566532233232985849e-01,4.312666465119886494e-01,6.550899438899956406e-01,2.802188728532986617e-02,4.008739347566824818e-01,-3.769524164182807557e-01,2.368936370511000589e-01,1.780929514037451478e-01,-1.032573419456423863e-01,6.318229473547112285e-01,2.413329956719330871e-01,-1.988257742723011090e-01,7.141005981786782142e-01,5.881518014130463490e-01,8.538104097923588931e-01,-6.892458502992505898e-02,4.452341955430912934e-01
4.616160467115802968e-01,5.272371435961691749e-02,1.335683486545486409e-01,8.344997133310443349e-01,2.875924532671556566e-01,4.522511429158982410e-01,1.000000000000000000e+00,1.623991801468201157e-02,4.583640283008777461e-01,2.361272962041535972e-01,6.037730585416537510e-01,-4.535184356691431828e-01,7.344757302883823114e-01,5.315500708750121595e-01,7.096503297634226826e-01,2.750132826145371689e-01,3.514939829447450981e-01,8.223429133183953743e-01,8.705362257252459157e-01,6.596984669381581456e-01,-5.357591248440809473e-01,-3.033346916515249903e-01,4.333629912559686104e-01,2.986129632484547658e-01,5.834316882893586520e-01,4.001355993626159457e-01,-2.018932725570246611e-01,-2.670485694690570289e-01,5.565213207251287209e-01,1.182415065333630444e-01,-5.651525179822723954e-01,1.844308754192882926e-01,-3.084073556869162611e-02,-1.318590206360862327e-01,3.617011037142073837e-01,3.283102425548492520e-01,2.228713761693515705e-01,3.879408164527076153e-01,6.163245321109886987e-01
-5.370348038958698833e-01,-3.338987090791175061e-01,-9.278494731616536706e-01,-9.067582847236649313e-02,-8.399289424175629959e-01,3.315961283043458718e-02,1.623991801468201157e-02,1.000000000000000000e+00,-6.453296928280415345e-01,-4.743145999144328662e-01,2.077155324553657534e-01,-1.144090640460847796e-01,3.955986999524327974e-01,-5.255187076452388917e-01,-2.600899648820421683e-01,-7.010736285535524859e-01,-3.079480307679640649e-01,-2.262775806430318282e-01,-2.250625811727182887e-02,-1.631673452075718123e-01,-6.235175790197736712e-01,-2.075368208460295072e-01,-5.420759764386677837e-01,-5.264663569140033417e-01,-3.628201104280598388e-01,-6.657384187572856771e-01,-2.228157316501495344e-01,-6.782169694535417070e-01,-4.817391676349040419e-01,-7.693844822510000903e-01,-3.896503386387344392e-01,-1.835928224282461566e-02,-7.350648595060826906e-01,-8.323128614723261931e-01,-4.244482340239031926e-01,1.337523948798200746e-01,-4.369490460908650314e-02,-6.563414510815126501e-01,-3.495538666129764938e-01
7.771948118697438179e-01,4.062997382321764106e-01,7.212176389165753099e-01,6.150529872456024227e-01,8.318304116354410249e-01,5.617544077623139176e-02,4.583640283008777461e-01,-6.453296928280415345e-01,1.000000000000000000e+00,4.719195169887492880e-01,9.893294326681116579e-02,-1.285585674955755098e-01,1.028971705912284373e-01,5.466724240753394470e-01,6.147384292926857396e-01,6.523459871227912377e-01,2.858995057814226470e-01,7.165820471673518544e-01,5.990318217628565201e-01,4.634695857862544122e-01,1.356572201065918692e-01,-1.584453248991467278e-01,5.335890528906108710e-01,3.621364873256384120e-01,4.764582031465707246e-01,7.966877119699350418e-01,-7.338495022946438587e-03,3.367710550503685840e-01,6.471650711713196058e-01,6.772867642460771442e-01,-1.088618246258679090e-01,-4.434542890798039844e-02,2.659798254892258851e-01,5.273225957790218521e-01,3.120779845717209788e-01,6.161087921875412626e-02,-2.184260819348290625e-02,7.847137452608524688e-01,5.983110749726500144e-01
1.863864230499545083e-01,7.106420734887648472e-01,5.127465923357218403e-01,1.147911767306974834e-01,5.863309038644050064e-01,3.288281258923478334e-01,2.361272962041535972e-01,-4.743145999144328662e-01,4.719195169887492880e-01,1.000000000000000000e+00,1.998214514601781844e-01,2.234780957215478370e-01,-2.407526339875191157e-01,5.761848276252401480e-01,5.990760119131768868e-02,7.360457555437960320e-01,4.684189976383314469e-01,2.495019898721124729e-01,3.045108039334406547e-01,1.241506683233341152e-01,1.892223671182710065e-01,3.269733432785565386e-01,6.864720349795083720e-01,4.889671828541122811e-01,4.705079630081043240e-01,3.385934907617104139e-01,6.261633523938769930e-01,1.531029945687605309e-01,2.407048069931376211e-01,7.648123172063182595e-01,4.768716799625077885e-01,5.688870627582304218e-01,4.323329836712437313e-01,3.548890746185657807e-01,5.605940387847606621e-01,4.612091039800005898e-01,3.755926595138012192e-01,3.225272941829747109e-01,6.273691322289839389e-01
9.514038010154240999e-03,1.120723179635900457e-01,-1.278263525426182878e-01,4.243340905274037289e-01,2.005151137851683002e-02,8.187161393440177681e-01,6.037730585416537510e-01,2.077155324553657534e-01,9.893294326681116579e-02,1.998214514601781844e-01,1.000000000000000000e+00,-4.697254166865595382e-01,5.484203965933236447e-01,5.349572331865098951e-01,2.164068873638911317e-01,-5.880494609328133088e-02,6.444367749072509310e-01,4.574941200145665188e-01,5.122237360556558539e-01,3.183120447253457441e-01,-6.819580136345800847e-01,-2.574878412417989648e-01,3.757279135328541186e-01,2.641917394548290443e-01,5.952181294127413258e-01,-1.374803805030941697e-02,1.708242051085362978e-01,-5.886816309834467242e-01,2.581550867670324156e-01,8.722742562523859433e-03,-3.765449848375297393e-01,5.140890377837896708e-01,-4.501580460226954628e-02,-3.628577102611095229e-01,4.947314146592078354e-01,5.744791578265083798e-01,6.807968151392526091e-01,-6.436661944064378527e-02,5.049255187779135845e-01
-4.472718078163667732e-01,5.209652261767904191e-01,7.211241216422227540e-02,-4.901769262441476593e-01,-3.286355512982715166e-02,-3.265845772334443065e-01,-4.535184356691431828e-01,-1.144090640460847796e-01,-1.285585674955755098e-01,2.234780957215478370e-01,-4.697254166865595382e-01,1.000000000000000000e+00,-5.831673445878629014e-01,-3.008818975776338944e-01,-4.182100299982126068e-01,1.962074415470775254e-02,-3.163609696327011611e-01,-5.112252635457105177e-01,-3.788732883305248045e-01,-4.323649289708386689e-01,4.188692151046559675e-01,5.489785082588292120e-01,-7.652424890425402193e-02,-1.294010292141550555e-01,-4.238344694478439756e-01,-3.198330525062474949e-01,4.984101775148850333e-01,8.320753992168766766e-02,-5.470602564157261982e-01,1.073741478516716114e-01,6.763523766184821318e-01,2.292852219259726709e-01,9.230747282168912105e-02,3.177670871177141199e-01,-2.421105811639564509e-01,-3.278672282704574430e-03,-7.484345406820268332e-02,-2.937233916653777532e-01,-1.057459466185746259e-02
2.539499779538225144e-01,-2.552247981459173087e-01,-2.936807944543104454e-01,6.808745239027244045e-01,-1.267124857133195004e-01,2.867845354284142001e-01,7.344757302883823114e-01,3.955986999524327974e-01,1.028971705912284373e-01,-2.407526339875191157e-01,5.484203965933236447e-01,-5.831673445878629014e-01,1.000000000000000000e+00,1.660912684011828511e-01,5.622191397025216864e-01,-1.888030360381506845e-01,1.133575393532542941e-01,6.080350407590170425e-01,6.694648494237731562e-01,4.757711174313030700e-01,-7.570525731710646689e-01,-5.593289553882185849e-01,2.750385675549575984e-02,-2.074626061706149466e-02,3.186917797540751440e-01,1.094383228499928168e-01,-4.955101198888475222e-01,-4.914736029455041844e-01,3.537687633328147618e-01,-3.317564836657134753e-01,-8.315826402186792254e-01,-2.585540691847639308e-02,-3.867002459412814397e-01,-4.652352630529201227e-01,2.883598406023701009e-03,2.063985160205341896e-01,3.685509200576840561e-02,9.545419973593850804e-02,2.801775738814323846e-01
4.680553503421040484e-01,3.213216048720901052e-01,5.939446960807142073e-01,4.481901245089008889e-01,6.764384712195939953e-01,6.631980433331747804e-01,5.315500708750121595e-01,-5.255187076452388917e-01,5.466724240753394470e-01,5.761848276252401480e-01,5.349572331865098951e-01,-3.008818975776338944e-01,1.660912684011828511e-01,1.000000000000000000e+00,4.306138825008373194e-01,5.958821075746514317e-01,7.908814753322388480e-01,5.637758620353480188e-01,4.686566474717644426e-01,4.123315927021766192e-01,-8.093364340208809848e-02,-9.963262136962368343e-02,8.097151371797018937e-01,7.426837016057855623e-01,8.286017329916222085e-01,5.866454831558982619e-01,2.821940791326599807e-01,1.307021934461913004e-01,6.815870152281142680e-01,6.266998974839564918e-01,1.048985962977492343e-03,4.610214629391504171e-01,5.881060745797911382e-01,3.173647399816099113e-01,8.228637612535990575e-01,4.165282565188557218e-01,6.061113808404231529e-01,4.965518586179945570e-01,6.521438968889040622e-01
7.559460186446650409e-01,-9.725362554489658251e-02,3.753188776708225038e-01,8.253400835515477540e-01,4.693183846156436245e-01,1.091274762375518681e-01,7.096503297634226826e-01,-2.600899648820421683e-01,6.147384292926857396e-01,5.990760119131768868e-02,2.164068873638911317e-01,-4.182100299982126068e-01,5.622191397025216864e-01,4.306138825008373194e-01,1.000000000000000000e+00,3.588169892773488412e-01,1.890310116053181000e-01,8.199000371296595313e-01,7.177976912619538075e-01,7.347568381199902632e-01,-2.293873716838418786e-01,-3.441976009006736392e-01,3.543919710646197263e-01,3.137467953896784234e-01,4.854847271200291026e-01,6.828772981204765946e-01,-4.367107685577397702e-01,1.554919855555721153e-01,6.898891593308278392e-01,1.954373356442418719e-01,-5.562628685719069876e-01,-2.222576776028512557e-01,7.858020960695299983e-02,1.914898970431593017e-01,2.119324074848118744e-01,-7.860263600640557402e-02,-1.020695809828034012e-01,6.933416766508814222e-01,4.337979646138853118e-01
5.714785142489661185e-01,4.349961304033789777e-01,7.461118648487500282e-01,2.814482134232823562e-01,7.808835997023869657e-01,1.149224040108624556e-01,2.750132826145371689e-01,-7.010736285535524859e-01,6.523459871227912377e-01,7.360457555437960320e-01,-5.880494609328133088e-02,1.962074415470775254e-02,-1.888030360381506845e-01,5.958821075746514317e-01,3.588169892773488412e-01,1.000000000000000000e+00,3.636559238383684778e-01,4.067743073025738010e-01,3.335715216681454653e-01,3.249426049002615557e-01,4.159379897894081579e-01,2.124047683064102798e-01,6.898635091965215071e-01,5.264545184161160130e-01,5.063830951209334907e-01,6.943408587865077530e-01,2.720900287846094723e-01,5.576010582566409690e-01,5.330073295798319899e-01,7.994029940895691633e-01,3.129876748654291108e-01,1.947982175215849099e-01,5.907617634373620863e-01,5.566710274599194763e-01,5.363277059566593508e-01,1.192701107006697570e-01,7.868664714028372753e-02,6.650997633652927510e-01,4.597570371299374292e-01
2.188232100168227001e-01,2.703983263003383319e-01,3.527558257595059810e-01,2.164126461123145606e-01,4.428728313175345765e-01,7.715805253846094169e-01,3.514939829447450981e-01,-3.079480307679640649e-01,2.858995057814226470e-01,4.684189976383314469e-01,6.444367749072509310e-01,-3.163609696327011611e-01,1.133575393532542941e-01,7.908814753322388480e-01,1.890310116053181000e-01,3.636559238383684778e-01,1.000000000000000000e+00,3.479617502552347363e-01,2.674557093873856650e-01,2.169659089697528187e-01,-1.666523837148159437e-01,-1.188171235024311212e-01,6.749571160871723485e-01,6.716171583977033066e-01,7.410035518269212362e-01,3.260738655025903210e-01,3.630411057286621057e-01,-1.881484640650379209e-02,4.861990793896227014e-01,4.555328751504292284e-01,5.516877667106252076e-02,5.573827818161978254e-01,4.731852744939464839e-01,1.491987609279042115e-01,8.212438591901898288e-01,4.012549302557867348e-01,7.219973633438578897e-01,2.217671975518619443e-01,4.641971502126789328e-01
7.382219987938842820e-01,5.445238197962854604e-02,3.525225979123260411e-01,9.126919545566766212e-01,5.228776947937615605e-01,3.008987478983839448e-01,8.223429133183953743e-01,-2.262775806430318282e-01,7.165820471673518544e-01,2.495019898721124729e-01,4.574941200145665188e-01,-5.112252635457105177e-01,6.080350407590170425e-01,5.637758620353480188e-01,8.199000371296595313e-01,4.067743073025738010e-01,3.479617502552347363e-01,1.000000000000000000e+00,8.776578374572404639e-01,7.081443507675894145e-01,-3.670636366332742373e-01,-3.977415751670281274e-01,4.608749729306220178e-01,3.142050637486887843e-01,6.207289159975002413e-01,6.694804795380298046e-01,-2.798411904591795452e-01,-1.415125845265068072e-02,7.161937686264671088e-01,2.981558855587476131e-01,-5.685205432205837628e-01,-3.271425029427538211e-02,1.397462991745042869e-02,7.019049446512000412e-02,3.309649706636534350e-01,1.562256672909087818e-01,8.305363631676493386e-02,6.761392738540429326e-01,6.002199206144900323e-01
5.416956852286779478e-01,1.787765330878059167e-01,1.641334581978887985e-01,8.736717046984963098e-01,3.656155387966155135e-01,3.254293539380349043e-01,8.705362257252459157e-01,-2.250625811727182887e-02,5.990318217628565201e-01,3.045108039334406547e-01,5.122237360556558539e-01,-3.788732883305248045e-01,6.694648494237731562e-01,4.686566474717644426e-01,7.177976912619538075e-01,3.335715216681454653e-01,2.674557093873856650e-01,8.776578374572404639e-01,1.000000000000000000e+00,6.471529950239308659e-01,-5.056704204507704858e-01,-3.242178067823175414e-01,4.105510593288466681e-01,2.073620189818118353e-01,5.286515307579775502e-01,4.755557941960060764e-01,-1.712965527221632089e-01,-2.289670406812882586e-01,5.331118490305003510e-01,1.847110185584426856e-01,-5.431338406314204503e-01,1.218079687053987420e-01,-1.382512113044063740e-01,-1.045551783440396981e-01,2.505776342841554150e-01,3.053748417507836099e-01,1.123412923482403347e-01,4.734006196374843101e-01,6.565512758252426417e-01
6.275715722472596791e-01,-1.374038985355372222e-01,2.650034146963236026e-01,7.465591551914819712e-01,3.418378950771905900e-01,2.160223408121584587e-01,6.596984669381581456e-01,-1.631673452075718123e-01,4.634695857862544122e-01,1.241506683233341152e-01,3.183120447253457441e-01,-4.323649289708386689e-01,4.757711174313030700e-01,4.123315927021766192e-01,7.347568381199902632e-01,3.249426049002615557e-01,2.169659089697528187e-01,7.081443507675894145e-01,6.471529950239308659e-01,1.000000000000000000e+00,-2.473666113237410202e-01,-5.213528224899897229e-02,3.350421202697103640e-01,2.984417840541147005e-01,4.972755840969597663e-01,5.382914943059875501e-01,-3.457428331708559122e-01,9.402127647038743818e-02,5.758516212262335676e-01,1.873205863930400006e-01,-4.896628952276805835e-01,-1.701467372338298922e-01,5.635234035400433356e-02,8.769109525597405808e-02,2.689881069069475772e-01,1.031572867413921152e-01,-5.155800741484815874e-02,5.730185438627529715e-01,4.086018338903907865e-01
1.171245210716121143e-01,1.163136037481588281e-01,5.522415769657574858e-01,-4.376056986308231589e-01,3.549693574243221739e-01,-4.486042152586256493e-01,-5.357591248440809473e-01,-6.235175790197736712e-01,1.356572201065918692e-01,1.892223671182710065e-01,-6.819580136345800847e-01,4.188692151046559675e-01,-7.570525731710646689e-01,-8.093364340208809848e-02,-2.293873716838418786e-01,4.159379897894081579e-01,-1.666523837148159437e-01,-3.670636366332742373e-01,-5.056704204507704858e-01,-2.473666113237410202e-01,1.000000000000000000e+00,4.926679566550520861e-01,4.666276314616382009e-02,1.491045225326662615e-01,-2.271671039681944781e-01,2.327816217059579806e-01,1.743575683093219475e-01,7.907091852169778612e-01,-7.335791844312172620e-03,4.325612954490398732e-01,6.522136543432153211e-01,-1.956208750664575891e-01,5.468101952874119265e-01,6.730943182662501023e-01,1.968226245194252752e-02,-3.779896897578324255e-01,-2.848069303209277980e-01,2.495323773232177300e-01,-2.592727649442546078e-01
-2.846530590137635319e-01,2.816526303304646706e-01,1.573539273189602516e-01,-4.031412503840126615e-01,-2.861954846774120154e-02,-9.895112600331922026e-02,-3.033346916515249903e-01,-2.075368208460295072e-01,-1.584453248991467278e-01,3.269733432785565386e-01,-2.574878412417989648e-01,5.489785082588292120e-01,-5.593289553882185849e-01,-9.963262136962368343e-02,-3.441976009006736392e-01,2.124047683064102798e-01,-1.188171235024311212e-01,-3.977415751670281274e-01,-3.242178067823175414e-01,-5.213528224899897229e-02,4.926679566550520861e-01,1.000000000000000000e+00,1.204528347993586435e-01,9.954613972337104932e-02,-1.287485080649258817e-01,-2.038474506327704050e-01,4.462837408670138339e-01,2.358620087616286332e-01,-3.276110606423420224e-01,2.024211068382713030e-01,6.367118881351560011e-01,2.011751599825613579e-01,3.617839611081420936e-01,2.813652195123509392e-01,5.543609134273769223e-02,8.595063912178663168e-02,1.913933152436567489e-02,-1.332735344340990613e-01,-8.513636114846943144e-04
3.811825244908084165e-01,4.691084249599200007e-01,6.008698715080292851e-01,3.539249326891594771e-01,6.530718933524427561e-01,5.566532233232985849e-01,4.333629912559686104e-01,-5.420759764386677837e-01,5.335890528906108710e-01,6.864720349795083720e-01,3.757279135328541186e-01,-7.652424890425402193e-02,2.750385675549575984e-02,8.097151371797018937e-01,3.543919710646197263e-01,6.898635091965215071e-01,6.749571160871723485e-01,4.608749729306220178e-01,4.105510593288466681e-01,3.350421202697103640e-01,4.666276314616382009e-02,1.204528347993586435e-01,1.000000000000000000e+00,7.163619391604018061e-01,7.946677977848856100e-01,5.033461824928920914e-01,3.935665590008962655e-01,1.833555266914848603e-01,5.141495419922227361e-01,6.911648384819693014e-01,1.909386201435281372e-01,4.767856052440794801e-01,6.096077017529130115e-01,4.162233887071934424e-01,7.173683854320228592e-01,4.075714001064661418e-01,5.179200501363747655e-01,4.934876325865820146e-01,6.874494784661870916e-01
3.830926651168136132e-01,2.350690117133460988e-01,5.669928896252325323e-01,2.214924267167506788e-01,5.569800121225972900e-01,4.312666465119886494e-01,2.986129632484547658e-01,-5.264663569140033417e-01,3.621364873256384120e-01,4.889671828541122811e-01,2.641917394548290443e-01,-1.294010292141550555e-01,-2.074626061706149466e-02,7.426837016057855623e-01,3.137467953896784234e-01,5.264545184161160130e-01,6.716171583977033066e-01,3.142050637486887843e-01,2.073620189818118353e-01,2.984417840541147005e-01,1.491045225326662615e-01,9.954613972337104932e-02,7.163619391604018061e-01,1.000000000000000000e+00,6.365931115881567903e-01,4.925115571104553003e-01,1.985381531945583922e-01,3.264998503645414329e-01,5.875934571857863720e-01,5.464460433430636810e-01,1.765507107271208909e-01,3.402898396792758406e-01,6.662836860301575292e-01,4.374537134430040997e-01,7.103268653455138137e-01,2.375411061263023871e-01,4.497019723428791749e-01,4.507719090462455891e-01,4.409162073103168322e-01
4.818626636133395702e-01,1.855514259961668633e-01,4.323181087198832429e-01,5.195890009075571081e-01,5.257326049627392139e-01,6.550899438899956406e-01,5.834316882893586520e-01,-3.628201104280598388e-01,4.764582031465707246e-01,4.705079630081043240e-01,5.952181294127413258e-01,-4.238344694478439756e-01,3.186917797540751440e-01,8.286017329916222085e-01,4.854847271200291026e-01,5.063830951209334907e-01,7.410035518269212362e-01,6.207289159975002413e-01,5.286515307579775502e-01,4.972755840969597663e-01,-2.271671039681944781e-01,-1.287485080649258817e-01,7.946677977848856100e-01,6.365931115881567903e-01,1.000000000000000000e+00,5.247809207817364374e-01,1.381589753526314968e-01,4.307951789109865787e-02,6.707457473972533446e-01,5.258317200306422690e-01,-1.551893241650204036e-01,3.190385530882773879e-01,4.445551665286847087e-01,1.810246350086319733e-01,7.143354494656179998e-01,4.029309838726064519e-01,5.021492526234967446e-01,5.236093636418261976e-01,6.510005802417377918e-01
8.978057511987886929e-01,9.950619245207212304e-02,7.290661337514284801e-01,5.674153897989888673e-01,7.992550384733823066e-01,2.802188728532986617e-02,4.001355993626159457e-01,-6.657384187572856771e-01,7.966877119699350418e-01,3.385934907617104139e-01,-1.374803805030941697e-02,-3.198330525062474949e-01,1.094383228499928168e-01,5.866454831558982619e-01,6.828772981204765946e-01,6.943408587865077530e-01,3.260738655025903210e-01,6.694804795380298046e-01,4.755557941960060764e-01,5.382914943059875501e-01,2.327816217059579806e-01,-2.038474506327704050e-01,5.033461824928920914e-01,4.925115571104553003e-01,5.247809207817364374e-01,1.000000000000000000e+00,-1.870635614660738355e-01,5.932060811075792195e-01,8.395156643876453550e-01,6.129388958642145724e-01,-1.597737737985855944e-01,-1.986246213524155424e-01,4.071535587938359124e-01,5.044734437294441376e-01,4.196709176254005969e-01,-1.123294210061155374e-01,-9.220809426507088624e-02,8.684562937869036992e-01,3.709862614224515576e-01
-3.918737036959968334e-01,7.078563717251776799e-01,1.927517438574029851e-01,-3.828325333436333744e-01,1.885359615379609000e-01,4.008739347566824818e-01,-2.018932725570246611e-01,-2.228157316501495344e-01,-7.338495022946438587e-03,6.261633523938769930e-01,1.708242051085362978e-01,4.984101775148850333e-01,-4.955101198888475222e-01,2.821940791326599807e-01,-4.367107685577397702e-01,2.720900287846094723e-01,3.630411057286621057e-01,-2.798411904591795452e-01,-1.712965527221632089e-01,-3.457428331708559122e-01,1.743575683093219475e-01,4.462837408670138339e-01,3.935665590008962655e-01,1.985381531945583922e-01,1.381589753526314968e-01,-1.870635614660738355e-01,1.000000000000000000e+00,-1.090789412910975476e-01,-3.068671623928910241e-01,4.138981181538035625e-01,7.022626029634848610e-01,7.411238376281337192e-01,3.446260341302300190e-01,1.575623617058588832e-01,3.994337384700418769e-01,4.251707845034221611e-01,6.011754380020151167e-01,-2.619727076727075832e-01,3.140874494977228815e-01
5.119939483988235063e-01,-7.176891135719377923e-02,6.454204013460224099e-01,-9.723925021144932956e-02,5.229731996989550602e-01,-3.769524164182807557e-01,-2.670485694690570289e-01,-6.782169694535417070e-01,3.367710550503685840e-01,1.531029945687605309e-01,-5.886816309834467242e-01,8.320753992168766766e-02,-4.914736029455041844e-01,1.307021934461913004e-01,1.554919855555721153e-01,5.576010582566409690e-01,-1.881484640650379209e-02,-1.415125845265068072e-02,-2.289670406812882586e-01,9.402127647038743818e-02,7.907091852169778612e-01,2.358620087616286332e-01,1.833555266914848603e-01,3.264998503645414329e-01,4.307951789109865787e-02,5.932060811075792195e-01,-1.090789412910975476e-01,1.000000000000000000e+00,3.967540465844325293e-01,4.775094331272460302e-01,3.484882146422489946e-01,-3.823135249024640081e-01,5.697323798862896638e-01,6.698671628293794145e-01,1.675595113386893764e-01,-4.430955218369217463e-01,-3.513539608796903968e-01,5.867815678039141059e-01,-1.865370134068445596e-01
8.292857973229117441e-01,-6.368988518907586771e-02,5.634204319760570678e-01,6.281823574876842509e-01,6.391544988256732118e-01,2.368936370511000589e-01,5.565213207251287209e-01,-4.817391676349040419e-01,6.471650711713196058e-01,2.407048069931376211e-01,2.581550867670324156e-01,-5.470602564157261982e-01,3.537687633328147618e-01,6.815870152281142680e-01,6.898891593308278392e-01,5.330073295798319899e-01,4.861990793896227014e-01,7.161937686264671088e-01,5.331118490305003510e-01,5.758516212262335676e-01,-7.335791844312172620e-03,-3.276110606423420224e-01,5.141495419922227361e-01,5.875934571857863720e-01,6.707457473972533446e-01,8.395156643876453550e-01,-3.068671623928910241e-01,3.967540465844325293e-01,1.000000000000000000e+00,4.679037237829044016e-01,-3.419569133408404404e-01,-1.156518800855698414e-01,3.816715250008214100e-01,3.116465201971622689e-01,5.289480833631839962e-01,1.906398678613212966e-02,6.835306147918110420e-02,7.643318449195609654e-01,3.859065040684390713e-01
4.710309542841710773e-01,5.563369800419891709e-01,7.874350628588248080e-01,1.421366435964590558e-01,8.179409089874074557e-01,1.780929514037451478e-01,1.182415065333630444e-01,-7.693844822510000903e-01,6.772867642460771442e-01,7.648123172063182595e-01,8.722742562523859433e-03,1.073741478516716114e-01,-3.317564836657134753e-01,6.266998974839564918e-01,1.954373356442418719e-01,7.994029940895691633e-01,4.555328751504292284e-01,2.981558855587476131e-01,1.847110185584426856e-01,1.873205863930400006e-01,4.325612954490398732e-01,2.024211068382713030e-01,6.911648384819693014e-01,5.464460433430636810e-01,5.258317200306422690e-01,6.129388958642145724e-01,4.138981181538035625e-01,4.775094331272460302e-01,4.679037237829044016e-01,1.000000000000000000e+00,4.209852610611872215e-01,2.392083981817734462e-01,6.003073338824835847e-01,6.695430020664544513e-01,5.374593215127464463e-01,2.079380191218846152e-01,2.084188039308543516e-01,6.096163233809639426e-01,5.348558700214526285e-01
-3.509497723328441898e-01,5.010421874009955978e-01,3.061176523824388207e-01,-6.590811903849869147e-01,1.652897781045698511e-01,-1.032573419456423863e-01,-5.651525179822723954e-01,-3.896503386387344392e-01,-1.088618246258679090e-01,4.768716799625077885e-01,-3.765449848375297393e-01,6.763523766184821318e-01,-8.315826402186792254e-01,1.048985962977492343e-03,-5.562628685719069876e-01,3.129876748654291108e-01,5.516877667106252076e-02,-5.685205432205837628e-01,-5.431338406314204503e-01,-4.896628952276805835e-01,6.522136543432153211e-01,6.367118881351560011e-01,1.909386201435281372e-01,1.765507107271208909e-01,-1.551893241650204036e-01,-1.597737737985855944e-01,7.022626029634848610e-01,3.484882146422489946e-01,-3.419569133408404404e-01,4.209852610611872215e-01,1.000000000000000000e+00,3.747962977786277183e-01,4.995566969532811430e-01,4.651333877746094969e-01,1.551878735876595639e-01,1.817373944945156750e-02,1.536286344646885516e-01,-1.487402994949683088e-01,-2.321080893633121686e-02
-3.598626100060074995e-01,6.109121591869752788e-01,3.647506693693505081e-02,-9.830134889911021356e-02,1.023673836813696336e-01,6.318229473547112285e-01,1.844308754192882926e-01,-1.835928224282461566e-02,-4.434542890798039844e-02,5.688870627582304218e-01,5.140890377837896708e-01,2.292852219259726709e-01,-2.585540691847639308e-02,4.610214629391504171e-01,-2.222576776028512557e-01,1.947982175215849099e-01,5.573827818161978254e-01,-3.271425029427538211e-02,1.218079687053987420e-01,-1.701467372338298922e-01,-1.956208750664575891e-01,2.011751599825613579e-01,4.767856052440794801e-01,3.402898396792758406e-01,3.190385530882773879e-01,-1.986246213524155424e-01,7.411238376281337192e-01,-3.823135249024640081e-01,-1.156518800855698414e-01,2.392083981817734462e-01,3.747962977786277183e-01,1.000000000000000000e+00,2.577344335137943809e-01,-6.361751868867651649e-02,5.110866965789629957e-01,6.019771247870931985e-01,7.380727923813564795e-01,-2.855686856183990430e-01,4.598827792028441497e-01
2.390917408684611889e-01,2.191670337940445634e-01,7.251595539613061581e-01,-1.082560150453923536e-01,5.728241650178143018e-01,2.413329956719330871e-01,-3.084073556869162611e-02,-7.350648595060826906e-01,2.659798254892258851e-01,4.323329836712437313e-01,-4.501580460226954628e-02,9.230747282168912105e-02,-3.867002459412814397e-01,5.881060745797911382e-01,7.858020960695299983e-02,5.907617634373620863e-01,4.731852744939464839e-01,1.397462991745042869e-02,-1.382512113044063740e-01,5.635234035400433356e-02,5.468101952874119265e-01,3.617839611081420936e-01,6.096077017529130115e-01,6.662836860301575292e-01,4.445551665286847087e-01,4.071535587938359124e-01,3.446260341302300190e-01,5.697323798862896638e-01,3.816715250008214100e-01,6.003073338824835847e-01,4.995566969532811430e-01,2.577344335137943809e-01,1.000000000000000000e+00,6.571073739362340849e-01,6.047536786328283620e-01,1.267716438609893179e-02,3.411011574188397844e-01,3.676837624569345708e-01,2.392757632739844209e-01
3.936707806310293378e-01,3.170948457112360286e-01,8.216864154546287269e-01,-1.917506521730307292e-02,7.093646927877907959e-01,-1.988257742723011090e-01,-1.318590206360862327e-01,-8.323128614723261931e-01,5.273225957790218521e-01,3.548890746185657807e-01,-3.628577102611095229e-01,3.177670871177141199e-01,-4.652352630529201227e-01,3.173647399816099113e-01,1.914898970431593017e-01,5.566710274599194763e-01,1.491987609279042115e-01,7.019049446512000412e-02,-1.045551783440396981e-01,8.769109525597405808e-02,6.730943182662501023e-01,2.813652195123509392e-01,4.162233887071934424e-01,4.374537134430040997e-01,1.810246350086319733e-01,5.044734437294441376e-01,1.575623617058588832e-01,6.698671628293794145e-01,3.116465201971622689e-01,6.695430020664544513e-01,4.651333877746094969e-01,-6.361751868867651649e-02,6.571073739362340849e-01,1.000000000000000000e+00,2.198608580772990484e-01,-2.254676284323840485e-01,-1.008621562706578517e-01,5.733364492955598246e-01,2.832324822692501853e-01
2.787592240923258413e-01,2.595870488666519038e-01,4.764366101022207145e-01,2.098654835846703037e-01,5.211305437337717672e-01,7.141005981786782142e-01,3.617011037142073837e-01,-4.244482340239031926e-01,3.120779845717209788e-01,5.605940387847606621e-01,4.947314146592078354e-01,-2.421105811639564509e-01,2.883598406023701009e-03,8.228637612535990575e-01,2.119324074848118744e-01,5.363277059566593508e-01,8.212438591901898288e-01,3.309649706636534350e-01,2.505776342841554150e-01,2.689881069069475772e-01,1.968226245194252752e-02,5.543609134273769223e-02,7.173683854320228592e-01,7.103268653455138137e-01,7.143354494656179998e-01,4.196709176254005969e-01,3.994337384700418769e-01,1.675595113386893764e-01,5.289480833631839962e-01,5.374593215127464463e-01,1.551878735876595639e-01,5.110866965789629957e-01,6.047536786328283620e-01,2.198608580772990484e-01,1.000000000000000000e+00,3.652534480430087438e-01,6.759173572676417940e-01,2.998001571044012770e-01,4.358192630884498708e-01
-1.813199150135362536e-01,4.657557959424056260e-01,-8.448892733085289208e-02,1.267205609363199204e-01,4.081733952109147662e-02,5.881518014130463490e-01,3.283102425548492520e-01,1.337523948798200746e-01,6.161087921875412626e-02,4.612091039800005898e-01,5.744791578265083798e-01,-3.278672282704574430e-03,2.063985160205341896e-01,4.165282565188557218e-01,-7.860263600640557402e-02,1.192701107006697570e-01,4.012549302557867348e-01,1.562256672909087818e-01,3.053748417507836099e-01,1.031572867413921152e-01,-3.779896897578324255e-01,8.595063912178663168e-02,4.075714001064661418e-01,2.375411061263023871e-01,4.029309838726064519e-01,-1.123294210061155374e-01,4.251707845034221611e-01,-4.430955218369217463e-01,1.906398678613212966e-02,2.079380191218846152e-01,1.817373944945156750e-02,6.019771247870931985e-01,1.267716438609893179e-02,-2.254676284323840485e-01,3.652534480430087438e-01,1.000000000000000000e+00,5.343727362184977903e-01,-1.667084485778003444e-01,4.775604973296883049e-01
-2.206037275898665995e-01,3.283566461137668036e-01,7.944279254974498383e-02,1.729379991035190703e-02,1.236675191271700974e-01,8.538104097923588931e-01,2.228713761693515705e-01,-4.369490460908650314e-02,-2.184260819348290625e-02,3.755926595138012192e-01,6.807968151392526091e-01,-7.484345406820268332e-02,3.685509200576840561e-02,6.061113808404231529e-01,-1.020695809828034012e-01,7.868664714028372753e-02,7.219973633438578897e-01,8.305363631676493386e-02,1.123412923482403347e-01,-5.155800741484815874e-02,-2.848069303209277980e-01,1.913933152436567489e-02,5.179200501363747655e-01,4.497019723428791749e-01,5.021492526234967446e-01,-9.220809426507088624e-02,6.011754380020151167e-01,-3.513539608796903968e-01,6.835306147918110420e-02,2.084188039308543516e-01,1.536286344646885516e-01,7.380727923813564795e-01,3.411011574188397844e-01,-1.008621562706578517e-01,6.759173572676417940e-01,5.343727362184977903e-01,1.000000000000000000e+00,-2.088950043588154171e-01,3.804274957416645120e-01
8.823197930415708212e-01,5.207705791000179218e-02,7.065883404281041447e-01,5.901420756426409842e-01,7.555969375651049313e-01,-6.892458502992505898e-02,3.879408164527076153e-01,-6.563414510815126501e-01,7.847137452608524688e-01,3.225272941829747109e-01,-6.436661944064378527e-02,-2.937233916653777532e-01,9.545419973593850804e-02,4.965518586179945570e-01,6.933416766508814222e-01,6.650997633652927510e-01,2.217671975518619443e-01,6.761392738540429326e-01,4.734006196374843101e-01,5.730185438627529715e-01,2.495323773232177300e-01,-1.332735344340990613e-01,4.934876325865820146e-01,4.507719090462455891e-01,5.236093636418261976e-01,8.684562937869036992e-01,-2.619727076727075832e-01,5.867815678039141059e-01,7.643318449195609654e-01,6.096163233809639426e-01,-1.487402994949683088e-01,-2.855686856183990430e-01,3.676837624569345708e-01,5.733364492955598246e-01,2.998001571044012770e-01,-1.667084485778003444e-01,-2.088950043588154171e-01,1.000000000000000000e+00,4.139898158222193869e-01
3.168818849702135787e-01,5.840818495977405655e-01,4.337542468814870600e-01,5.314548169914961040e-01,5.528808482905870347e-01,4.452341955430912934e-01,6.163245321109886987e-01,-3.495538666129764938e-01,5.983110749726500144e-01,6.273691322289839389e-01,5.049255187779135845e-01,-1.057459466185746259e-02,2.801775738814323846e-01,6.521438968889040622e-01,4.337979646138853118e-01,4.597570371299374292e-01,4.641971502126789328e-01,6.002199206144900323e-01,6.565512758252426417e-01,4.086018338903907865e-01,-2.592727649442546078e-01,-8.513636114846943144e-04,6.874494784661870916e-01,4.409162073103168322e-01,6.510005802417377918e-01,3.709862614224515576e-01,3.140874494977228815e-01,-1.865370134068445596e-01,3.859065040684390713e-01,5.348558700214526285e-01,-2.321080893633121686e-02,4.598827792028441497e-01,2.392757632739844209e-01,2.832324822692501853e-01,4.358192630884498708e-01,4.775604973296883049e-01,3.804274957416645120e-01,4.139898158222193869e-01,1.000000000000000000e+00
