1.000000000000000000e+00,8.104548813668188689e-01,5.682132964045638612e-01,4.753700051490654666e-01,6.902482715186291085e-01,2.641634884234527747e-01,5.263388447290556771e-01,-5.829159824173704152e-01,7.544458256151929110e-01,7.553135153352615871e-01,1.886003880183964310e-01,-4.193014011331982482e-01,1.675642705510696773e-01,7.717266415176217143e-01,-2.332853400140298961e-01,7.618616448698825039e-01,-2.414407299884084590e-02,4.478791502749037146e-01,6.013101214428918651e-01,-2.723564398376474016e-01,-2.371874892172529392e-01,8.091985622527989030e-02,6.355389042499851593e-01,6.637306654312137288e-01,6.577686605692510957e-01,6.277790187896299390e-01,5.974436393173189197e-01,-1.831392627181108457e-01,5.247789152183981454e-01,6.983019261858486315e-01,-4.004936399128775082e-02,-1.417147913432814377e-01,5.838830962891252696e-01,7.036065204002327489e-01,5.200281099949511932e-01,3.732173479531173954e-01,5.089910363956862138e-01,7.780039854501606955e-01,7.851039866958878788e-01
8.104548813668188689e-01,1.000000000000000000e+00,4.595103614693362704e-01,6.721061647130289751e-01,7.008250822310502226e-01,3.970101251598737724e-01,5.770404484843686399e-01,-5.178848718636747117e-01,8.582607649342239853e-01,8.725888787568861771e-01,3.235007721249346657e-01,-4.098306951158652844e-01,3.528761359629746241e-01,8.720053462045884718e-01,-3.751921386039377970e-01,7.759945747090513102e-01,1.253165333624852752e-02,5.614371518231257019e-01,6.363108859501921399e-01,-4.331644567234271825e-01,-5.264584990391213415e-01,4.230866637323140236e-03,7.660349328237054944e-01,7.491574450143460018e-01,7.251742483284280283e-01,6.013650809786662554e-01,5.841419878433138368e-01,-4.484187572970759206e-01,5.496904490318235137e-01,7.412483299216956478e-01,-2.203806075451203161e-01,-5.193474259317758940e-02,6.448204234261496470e-01,7.254984714351994102e-01,4.916486996035051016e-01,3.256977566515489309e-01,6.325490505608013514e-01,8.281063486067210544e-01,8.351732501410392695e-01
5.682132964045638612e-01,4.595103614693362704e-01,1.000000000000000000e+00,1.801011985942348181e-01,6.983653483129022010e-01,2.062950354516278062e-01,3.597602107249445180e-01,-9.391569061242873717e-01,5.588539211820336972e-01,5.357812939133995700e-01,1.500293300796617380e-01,-2.624622690697255289e-01,-2.546007374412626589e-01,5.357142926339848454e-01,5.456536288809181109e-03,5.961343855873225683e-01,2.024692174511603937e-02,1.823395438581388028e-01,4.182137930804344372e-01,1.249384169118539500e-01,2.421377679661486926e-01,2.934342169443204806e-01,4.703721424549969221e-01,5.013026063716912173e-01,5.120829945486680135e-01,5.305933871472844343e-01,6.285176376482952687e-01,3.002026683286959652e-01,3.601727979672713076e-01,5.884439798841348823e-01,4.332687755791860273e-01,3.478446937708543074e-02,5.868556418420423082e-01,6.848479664876130357e-01,5.172528160084026716e-01,3.038931986331295798e-01,4.263844878420883222e-01,4.577895195215681556e-01,5.033152901867744555e-01
4.753700051490654666e-01,6.721061647130289751e-01,1.801011985942348181e-01,1.000000000000000000e+00,5.009913108234876900e-01,4.246711719825675413e-01,4.765615021776051230e-01,-2.398114446291569890e-01,6.861645891217008630e-01,5.998081440230519368e-01,3.587910599934005518e-01,-2.536523774665027653e-01,3.455523476552959106e-01,6.558163333752147217e-01,-5.338708290209495111e-01,5.019976042399265648e-01,8.892740192579821901e-02,6.757026973268804859e-01,5.740150614208170410e-01,-3.909991627080485199e-01,-5.618122825800838660e-01,-1.007809973493217909e-01,5.868389733729221236e-01,5.515007451615985268e-01,5.242014281173499324e-01,3.995564175124155515e-01,3.218716894635214043e-01,-5.729438284750717481e-01,3.621497147781793657e-01,4.659402799677809792e-01,-2.635244560309533135e-01,2.916672976723794566e-02,5.035213772278450683e-01,5.047614779637061844e-01,2.834149809783255147e-01,1.577526953542388033e-01,5.555094748711237873e-01,6.943349565689705960e-01,6.233864057153375438e-01
6.902482715186291085e-01,7.008250822310502226e-01,6.983653483129022010e-01,5.009913108234876900e-01,1.000000000000000000e+00,4.000789705561672571e-01,5.064478319219457569e-01,-7.122573617660449274e-01,7.570150435775160336e-01,7.831013270701879803e-01,3.397099029840193185e-01,-3.577441540332134684e-01,-8.846839346531547299e-02,7.346522754755809848e-01,-3.364457464938481746e-01,7.841570287297459085e-01,1.643484330641479807e-01,4.224972375323306495e-01,5.056529733813232008e-01,-2.171379290479410751e-01,-2.415550738202021930e-01,-1.979007681587425724e-02,6.721910776761536033e-01,6.140537893594060215e-01,6.662602684768221817e-01,7.047076591851749727e-01,7.260645864552150996e-01,-1.632475121727925416e-01,6.167195636465617747e-01,7.789572543105790503e-01,1.860450607425612468e-01,2.246248205930397590e-01,6.564528263152168419e-01,7.603330026564458777e-01,5.833347406901489007e-01,4.826059270148231328e-01,6.317665379457664265e-01,6.509292779308049059e-01,6.383745169801060548e-01
2.641634884234527747e-01,3.970101251598737724e-01,2.062950354516278062e-01,4.246711719825675413e-01,4.000789705561672571e-01,1.000000000000000000e+00,1.187153351803471868e-01,-2.714146570886971643e-01,4.166165062509581407e-01,4.324266205414420416e-01,9.186718151928973120e-01,-1.220593927531703482e-01,-4.302225470849925688e-03,5.166143852016094051e-01,-5.613226479455903917e-01,4.295893628689116950e-01,7.885198808096527401e-01,4.557184413070763385e-01,7.505788320742837194e-02,-4.618800538779266329e-01,-4.130064902594310916e-01,-3.978590595608456626e-01,7.710029196086387593e-01,5.773581705159411825e-01,7.522816977208832689e-01,5.348389549636475282e-01,4.211276881355578983e-01,-2.465126467234070862e-01,4.962770976962876390e-01,5.197885186014783443e-01,1.286739379302762228e-02,4.467253664894930143e-01,7.443954799659406874e-01,2.449306405151978616e-01,6.841505603925951418e-01,3.016488040649497118e-02,7.874866521979922984e-01,5.007926670744259345e-01,2.010959860570554203e-01
5.263388447290556771e-01,5.770404484843686399e-01,3.597602107249445180e-01,4.765615021776051230e-01,5.064478319219457569e-01,1.187153351803471868e-01,1.000000000000000000e+00,-3.676416475460305699e-01,6.172696985921911628e-01,5.858259170659250170e-01,6.133395598414798089e-02,-3.750615777787307814e-01,2.027277893551502064e-01,6.149934807540616832e-01,-7.443654948585139153e-02,5.572503234535564065e-01,-2.098710570444434487e-01,5.042315990645498403e-01,6.953828596100782855e-01,-7.656754952530187008e-02,-2.897571385745739136e-01,2.066121439484284450e-01,4.415912904224359448e-01,5.079724187777930888e-01,3.903815322895608508e-01,3.682820137347086464e-01,4.212576399019776763e-01,-1.534986566129555585e-01,3.000598103597223454e-01,4.246093673937721413e-01,1.622074233501056423e-02,-1.908148745010896097e-01,3.566536642867241258e-01,5.734039807561336355e-01,2.216994083432934914e-01,2.855288265637456191e-01,3.451389686729547934e-01,5.560810823228503619e-01,6.557113343882893242e-01
-5.829159824173704152e-01,-5.178848718636747117e-01,-9.391569061242873717e-01,-2.398114446291569890e-01,-7.122573617660449274e-01,-2.714146570886971643e-01,-3.676416475460305699e-01,1.000000000000000000e+00,-6.142658779434641003e-01,-5.763915548291279611e-01,-2.062319179916496381e-01,2.837257839798421055e-01,1.895117653096579646e-01,-5.942984752456762498e-01,5.904583614252556512e-02,-6.111230902140191157e-01,-4.590279053987866148e-02,-2.342970451913247987e-01,-4.245003401176714042e-01,-5.884016192247396027e-02,-1.563255207513774003e-01,-2.490625267786384933e-01,-5.294892068855987510e-01,-5.525923779915873357e-01,-5.665882274332862956e-01,-5.289514114934403821e-01,-6.276903376440238214e-01,-2.235572974359242571e-01,-3.679340434386012548e-01,-6.090521259304104706e-01,-3.775975674519396752e-01,-2.875081427818236210e-02,-6.446295691683805451e-01,-7.159128373290853942e-01,-5.371446102961624502e-01,-2.546200605747973578e-01,-4.867120889154160079e-01,-5.216971478759785397e-01,-5.496832686224910614e-01
7.544458256151929110e-01,8.582607649342239853e-01,5.588539211820336972e-01,6.861645891217008630e-01,7.570150435775160336e-01,4.166165062509581407e-01,6.172696985921911628e-01,-6.142658779434641003e-01,1.000000000000000000e+00,8.552539208853998653e-01,3.382835139825164927e-01,-3.907017850498330502e-01,2.647327965949589634e-01,8.571105787567531165e-01,-3.800536659323894284e-01,8.099509649551062118e-01,2.740396479291583309e-02,6.456827361748679328e-01,6.880447668274926043e-01,-3.103440946923213817e-01,-4.014971426885940442e-01,1.118461564991436313e-01,7.481195715133598378e-01,7.531812383755971396e-01,7.169583846505022118e-01,6.262811529428052859e-01,6.505580411675898622e-01,-2.815477485703783422e-01,5.560926931350306246e-01,7.339563175427515906e-01,-7.092329065148628153e-02,-4.172192316239314164e-02,7.299180037226783435e-01,8.307000697327432404e-01,5.349743350239828388e-01,2.677672329714758104e-01,6.754151078151353627e-01,8.609957891120552098e-01,8.337156993409053918e-01
7.553135153352615871e-01,8.725888787568861771e-01,5.357812939133995700e-01,5.998081440230519368e-01,7.831013270701879803e-01,4.324266205414420416e-01,5.858259170659250170e-01,-5.763915548291279611e-01,8.552539208853998653e-01,1.000000000000000000e+00,3.470741961930887687e-01,-3.957868219460233261e-01,1.675895794158049346e-01,8.372277205172835579e-01,-3.961696691450645180e-01,9.049391480815334177e-01,7.275109385000883000e-02,5.775140982551831836e-01,6.131423936293105559e-01,-3.237656661512471890e-01,-4.601150347750165848e-01,3.902367984770382242e-02,8.012127068666650143e-01,7.198625784528213112e-01,7.433592249993762335e-01,6.969029669029308538e-01,6.855920462612952182e-01,-2.702442107322517995e-01,6.320041119792391138e-01,8.710632680084455792e-01,-1.194726489221913275e-02,7.545970872583661337e-02,6.773551684543125395e-01,7.371276008233120791e-01,5.804422614426788529e-01,4.966371154877233796e-01,6.905354461722424952e-01,7.410466781480263831e-01,7.262984898147004653e-01
1.886003880183964310e-01,3.235007721249346657e-01,1.500293300796617380e-01,3.587910599934005518e-01,3.397099029840193185e-01,9.186718151928973120e-01,6.133395598414798089e-02,-2.062319179916496381e-01,3.382835139825164927e-01,3.470741961930887687e-01,1.000000000000000000e+00,-1.014179817446796833e-01,-1.148280490776342096e-02,4.155954387206943212e-01,-5.471613323066455425e-01,3.367935971465418343e-01,8.469910979193552292e-01,3.607908918193231118e-01,-5.463194729314548026e-02,-4.990450080849691550e-01,-3.762864868322817746e-01,-4.616597905288007397e-01,7.025483972173012237e-01,5.196668639619653751e-01,6.904033644843804440e-01,4.872432490596556587e-01,3.688298332892743780e-01,-2.672060989721306012e-01,4.433925603096544044e-01,4.462087632551003380e-01,-2.599477181864602235e-02,4.866156755742349627e-01,6.772461988706888203e-01,1.795770980581995191e-01,6.100396342072539335e-01,-6.316393967961154987e-02,6.986538623151797855e-01,4.441030451773178012e-01,1.156016759275915878e-01
-4.193014011331982482e-01,-4.098306951158652844e-01,-2.624622690697255289e-01,-2.536523774665027653e-01,-3.577441540332134684e-01,-1.220593927531703482e-01,-3.750615777787307814e-01,2.837257839798421055e-01,-3.907017850498330502e-01,-3.957868219460233261e-01,-1.014179817446796833e-01,1.000000000000000000e+00,1.859871704923064806e-02,-3.959571730507925880e-01,4.047074325059603628e-01,-3.838792102399699036e-01,-7.330012707338072128e-03,-1.911185546912710920e-01,-3.631722295106983855e-01,2.344276835240264312e-01,2.418440845255594163e-01,2.028619421755784580e-01,-3.463306469869640303e-01,-2.665312939593287855e-01,-2.959462365028875386e-01,-3.413327558986791188e-01,-3.316573220932154120e-01,2.165107339390482943e-01,-3.283832654961279518e-01,-3.857880763117034206e-01,1.801720478171073975e-02,5.945889954374584951e-02,-2.783787951647893055e-01,-2.552601343627950992e-01,-2.441008885219679847e-01,-1.487629659188999254e-01,-2.556865736522891952e-01,-4.250339979640758159e-01,-4.572270865197893830e-01
1.675642705510696773e-01,3.528761359629746241e-01,-2.546007374412626589e-01,3.455523476552959106e-01,-8.846839346531547299e-02,-4.302225470849925688e-03,2.027277893551502064e-01,1.895117653096579646e-01,2.647327965949589634e-01,1.675895794158049346e-01,-1.148280490776342096e-02,1.859871704923064806e-02,1.000000000000000000e+00,2.187471996321060652e-01,-1.636111573205261127e-01,4.632047083709640856e-02,-1.977188334851365248e-01,3.357555179258104316e-01,1.334285575204627039e-01,-4.375343881826422310e-01,-4.974787421720258673e-01,-9.260897330021325424e-02,1.047018374886195674e-01,1.559210959407666408e-01,3.989597319992532060e-02,-2.564375635670642847e-02,-2.575760417649368694e-01,-4.980784768066968682e-01,-4.019476797363236154e-02,-5.754258308474131250e-02,-8.209457918825330269e-01,-3.944639866505386117e-01,-1.700800721394109954e-02,1.343550054806030014e-01,-2.647450049843939612e-01,-2.225403194107836991e-01,-3.763752291624401086e-02,3.684617751672004116e-01,3.304427793555689830e-01
7.717266415176217143e-01,8.720053462045884718e-01,5.357142926339848454e-01,6.558163333752147217e-01,7.346522754755809848e-01,5.166143852016094051e-01,6.149934807540616832e-01,-5.942984752456762498e-01,8.571105787567531165e-01,8.372277205172835579e-01,4.155954387206943212e-01,-3.959571730507925880e-01,2.187471996321060652e-01,1.000000000000000000e+00,-3.437635502758564776e-01,7.737181183013568386e-01,1.354124269352865451e-01,5.707362138830947007e-01,6.438098999878392181e-01,-3.656473778112194206e-01,-4.306367307880437090e-01,8.505380035982284745e-03,8.224110998934155425e-01,8.093957865385228434e-01,8.133835049741797718e-01,6.328496046258009766e-01,6.285139657139560132e-01,-3.636076465406131164e-01,5.632378022411479446e-01,7.619307891292658175e-01,-6.925818850717951891e-02,-9.755246080745422904e-03,7.705827943972606286e-01,7.621177294894172505e-01,6.089920782393301035e-01,3.401636126558673645e-01,7.244492453215334304e-01,8.312690215364126889e-01,8.142569722527134291e-01
-2.332853400140298961e-01,-3.751921386039377970e-01,5.456536288809181109e-03,-5.338708290209495111e-01,-3.364457464938481746e-01,-5.613226479455903917e-01,-7.443654948585139153e-02,5.904583614252556512e-02,-3.800536659323894284e-01,-3.961696691450645180e-01,-5.471613323066455425e-01,4.047074325059603628e-01,-1.636111573205261127e-01,-3.437635502758564776e-01,1.000000000000000000e+00,-3.784122437553880669e-01,-4.509121234033199310e-01,-4.779244756646284231e-01,-6.610230529213062534e-02,6.034338827276763961e-01,6.134609782987404669e-01,6.047449496448502604e-01,-5.413019005506273240e-01,-3.409685799125378725e-01,-4.252505731198512606e-01,-4.229290482387830230e-01,-1.903524877124230796e-01,4.646808243187083853e-01,-3.913603016306750337e-01,-4.259697084748643725e-01,2.956906695562435128e-01,-2.579722422204653309e-01,-4.084554400796551743e-01,-1.121728576502020736e-01,-2.799392641743762011e-01,1.631921761047734273e-02,-4.502765333056696351e-01,-4.594342156260781129e-01,-2.114700279734296473e-01
7.618616448698825039e-01,7.759945747090513102e-01,5.961343855873225683e-01,5.019976042399265648e-01,7.841570287297459085e-01,4.295893628689116950e-01,5.572503234535564065e-01,-6.111230902140191157e-01,8.099509649551062118e-01,9.049391480815334177e-01,3.367935971465418343e-01,-3.838792102399699036e-01,4.632047083709640856e-02,7.737181183013568386e-01,-3.784122437553880669e-01,1.000000000000000000e+00,1.023111247720001199e-01,5.573287164146240036e-01,5.816113347906585185e-01,-2.535755339702288613e-01,-3.636914486675946190e-01,5.531971743203861064e-02,7.784934539580277146e-01,7.001152108754838954e-01,7.182048016866882101e-01,7.417953638418647300e-01,7.056434527528008260e-01,-9.641072684122815872e-02,6.546895092332879473e-01,8.744161131004863918e-01,1.076590734378032183e-01,7.625858387203558741e-02,6.853219198776790977e-01,6.995948945161435395e-01,6.418207714838120026e-01,5.300772846070461730e-01,6.661532572853647860e-01,6.798807172574928837e-01,6.392942079917978138e-01
-2.414407299884084590e-02,1.253165333624852752e-02,2.024692174511603937e-02,8.892740192579821901e-02,1.643484330641479807e-01,7.885198808096527401e-01,-2.098710570444434487e-01,-4.590279053987866148e-02,2.740396479291583309e-02,7.275109385000883000e-02,8.469910979193552292e-01,-7.330012707338072128e-03,-1.977188334851365248e-01,1.354124269352865451e-01,-4.509121234033199310e-01,1.023111247720001199e-01,1.000000000000000000e+00,1.278523064552755106e-01,-3.134125030706743642e-01,-3.896911848212333274e-01,-1.762156567260081130e-01,-5.314708967855389377e-01,4.681516087465942277e-01,2.312823731016922790e-01,4.897222741238215771e-01,4.221815142473547833e-01,2.507406841654215013e-01,-1.297793118870029516e-01,4.058806559505955813e-01,2.522400098465353291e-01,6.714828049681706434e-02,6.269702280534786842e-01,4.713877049024381982e-01,-6.630000852137785117e-02,5.214257675041902296e-01,-8.559495222222616995e-02,5.054616377452189058e-01,1.660181354530627373e-01,-1.711390696414736567e-01
4.478791502749037146e-01,5.614371518231257019e-01,1.823395438581388028e-01,6.757026973268804859e-01,4.224972375323306495e-01,4.557184413070763385e-01,5.042315990645498403e-01,-2.342970451913247987e-01,6.456827361748679328e-01,5.775140982551831836e-01,3.607908918193231118e-01,-1.911185546912710920e-01,3.357555179258104316e-01,5.707362138830947007e-01,-4.779244756646284231e-01,5.573287164146240036e-01,1.278523064552755106e-01,1.000000000000000000e+00,6.125915951312730368e-01,-2.619309968311672732e-01,-5.052795946416326345e-01,-1.414787198340092429e-03,5.594340772004335882e-01,5.346533278881725471e-01,4.718118939428369574e-01,5.015756766956398494e-01,3.490870025035265889e-01,-2.002325768092712288e-01,4.677511841346662647e-01,4.217979437307443069e-01,-1.731718105847129541e-01,6.157813666936412522e-02,4.756753227466563039e-01,4.267183181744938492e-01,3.211492949184975854e-01,1.676697252028146179e-01,5.664789552959320629e-01,6.236952255655420219e-01,5.366660152086839553e-01
6.013101214428918651e-01,6.363108859501921399e-01,4.182137930804344372e-01,5.740150614208170410e-01,5.056529733813232008e-01,7.505788320742837194e-02,6.953828596100782855e-01,-4.245003401176714042e-01,6.880447668274926043e-01,6.131423936293105559e-01,-5.463194729314548026e-02,-3.631722295106983855e-01,1.334285575204627039e-01,6.438098999878392181e-01,-6.610230529213062534e-02,5.816113347906585185e-01,-3.134125030706743642e-01,6.125915951312730368e-01,1.000000000000000000e+00,7.108177846446023240e-02,-2.092471058424276720e-01,4.120252597629575630e-01,4.052044759610488600e-01,5.080297882701091394e-01,3.762040605862772003e-01,4.112170157266534787e-01,5.245233851221049459e-01,-9.627428127795126245e-02,3.576558508095490363e-01,4.205265936907200408e-01,8.162589090052450869e-02,-1.514127299230560164e-01,3.789954490015781663e-01,6.141565408230882372e-01,3.008837482949568987e-01,3.722189839951871582e-01,4.542743806342309232e-01,6.008888207802505210e-01,7.702445369739013836e-01
-2.723564398376474016e-01,-4.331644567234271825e-01,1.249384169118539500e-01,-3.909991627080485199e-01,-2.171379290479410751e-01,-4.618800538779266329e-01,-7.656754952530187008e-02,-5.884016192247396027e-02,-3.103440946923213817e-01,-3.237656661512471890e-01,-4.990450080849691550e-01,2.344276835240264312e-01,-4.375343881826422310e-01,-3.656473778112194206e-01,6.034338827276763961e-01,-2.535755339702288613e-01,-3.896911848212333274e-01,-2.619309968311672732e-01,7.108177846446023240e-02,1.000000000000000000e+00,6.541243447532119060e-01,6.640743376490191308e-01,-4.674817142148577354e-01,-3.510855851461375798e-01,-4.206258158883831588e-01,-3.015871557018932614e-01,-7.260085808888280812e-02,6.803974692135834612e-01,-2.399283713374242566e-01,-3.089540205127064287e-01,6.067793644438430611e-01,-6.582741259369659370e-02,-3.484671615308518322e-01,-1.010735671203986108e-01,-7.411656765775487266e-02,1.486810691843186982e-01,-2.249531021768388372e-01,-4.494569455775016542e-01,-2.573870302925546083e-01
-2.371874892172529392e-01,-5.264584990391213415e-01,2.421377679661486926e-01,-5.618122825800838660e-01,-2.415550738202021930e-01,-4.130064902594310916e-01,-2.897571385745739136e-01,-1.563255207513774003e-01,-4.014971426885940442e-01,-4.601150347750165848e-01,-3.762864868322817746e-01,2.418440845255594163e-01,-4.974787421720258673e-01,-4.306367307880437090e-01,6.134609782987404669e-01,-3.636914486675946190e-01,-1.762156567260081130e-01,-5.052795946416326345e-01,-2.092471058424276720e-01,6.541243447532119060e-01,1.000000000000000000e+00,4.898650980567019753e-01,-4.942268486908392155e-01,-3.715813500943612180e-01,-3.433284855691437487e-01,-2.790568589540692868e-01,-5.816097480476403042e-02,6.861754705227566253e-01,-3.453073383045406342e-01,-3.191484788365033243e-01,5.800231242384764618e-01,-6.475047057756948277e-02,-2.452773690610076662e-01,-1.206205934840672289e-01,-8.889434391257751422e-02,-2.933721775674300383e-02,-3.493652862174124185e-01,-4.300972740930960603e-01,-3.106581008635175833e-01
8.091985622527989030e-02,4.230866637323140236e-03,2.934342169443204806e-01,-1.007809973493217909e-01,-1.979007681587425724e-02,-3.978590595608456626e-01,2.066121439484284450e-01,-2.490625267786384933e-01,1.118461564991436313e-01,3.902367984770382242e-02,-4.616597905288007397e-01,2.028619421755784580e-01,-9.260897330021325424e-02,8.505380035982284745e-03,6.047449496448502604e-01,5.531971743203861064e-02,-5.314708967855389377e-01,-1.414787198340092429e-03,4.120252597629575630e-01,6.640743376490191308e-01,4.898650980567019753e-01,1.000000000000000000e+00,-2.030455621784002795e-01,-2.512291387542024690e-02,-1.418070757662424630e-01,-1.101163609706963670e-01,2.029860527772044398e-01,4.773091914835030924e-01,-1.618812334324406521e-01,-8.114031710076288761e-02,4.106030059333959925e-01,-2.647481484515700201e-01,-5.982958162069677843e-02,3.263692695617680384e-01,4.034868550723630376e-02,2.059978304563809259e-01,-4.593934866285661472e-02,-4.129463161006500377e-02,1.805988773535128766e-01
6.355389042499851593e-01,7.660349328237054944e-01,4.703721424549969221e-01,5.868389733729221236e-01,6.721910776761536033e-01,7.710029196086387593e-01,4.415912904224359448e-01,-5.294892068855987510e-01,7.481195715133598378e-01,8.012127068666650143e-01,7.025483972173012237e-01,-3.463306469869640303e-01,1.047018374886195674e-01,8.224110998934155425e-01,-5.413019005506273240e-01,7.784934539580277146e-01,4.681516087465942277e-01,5.594340772004335882e-01,4.052044759610488600e-01,-4.674817142148577354e-01,-4.942268486908392155e-01,-2.030455621784002795e-01,1.000000000000000000e+00,8.172915426965445818e-01,8.980379533309545970e-01,7.341206705632283835e-01,6.454160030775916157e-01,-3.073597707646766874e-01,6.367907169162519976e-01,8.080302286867105943e-01,-1.958957384984737204e-02,2.199667941876857213e-01,8.527109030554974600e-01,5.962402196554552614e-01,7.304331634687276642e-01,2.607958284231983170e-01,8.215496705044855741e-01,7.573385744422576060e-01,5.906420248496823122e-01
6.637306654312137288e-01,7.491574450143460018e-01,5.013026063716912173e-01,5.515007451615985268e-01,6.140537893594060215e-01,5.773581705159411825e-01,5.079724187777930888e-01,-5.525923779915873357e-01,7.531812383755971396e-01,7.198625784528213112e-01,5.196668639619653751e-01,-2.665312939593287855e-01,1.559210959407666408e-01,8.093957865385228434e-01,-3.409685799125378725e-01,7.001152108754838954e-01,2.312823731016922790e-01,5.346533278881725471e-01,5.080297882701091394e-01,-3.510855851461375798e-01,-3.715813500943612180e-01,-2.512291387542024690e-02,8.172915426965445818e-01,1.000000000000000000e+00,8.181125947761029860e-01,5.426090280936379795e-01,5.525207012847950239e-01,-2.568273133056573898e-01,4.114503129511187240e-01,6.739662252083640226e-01,-3.967801519398846816e-02,-3.457078031089456938e-02,8.008601348685003840e-01,6.468396539193277395e-01,5.811134934782918871e-01,1.207221479163007455e-01,6.596655814978834576e-01,7.574916166496523662e-01,6.791675718325543842e-01
6.577686605692510957e-01,7.251742483284280283e-01,5.120829945486680135e-01,5.242014281173499324e-01,6.662602684768221817e-01,7.522816977208832689e-01,3.903815322895608508e-01,-5.665882274332862956e-01,7.169583846505022118e-01,7.433592249993762335e-01,6.904033644843804440e-01,-2.959462365028875386e-01,3.989597319992532060e-02,8.133835049741797718e-01,-4.252505731198512606e-01,7.182048016866882101e-01,4.897222741238215771e-01,4.718118939428369574e-01,3.762040605862772003e-01,-4.206258158883831588e-01,-3.433284855691437487e-01,-1.418070757662424630e-01,8.980379533309545970e-01,8.181125947761029860e-01,1.000000000000000000e+00,6.744992695654399295e-01,6.724913359719491002e-01,-2.623840291385783896e-01,5.489290622197298131e-01,7.757694875564643544e-01,5.736099841791356124e-02,1.871611061501523288e-01,8.851730979256947629e-01,6.310270109154503260e-01,7.382196735174064717e-01,2.216316642283458760e-01,7.858950543126981270e-01,7.453223089373547383e-01,6.015328010319100915e-01
6.277790187896299390e-01,6.013650809786662554e-01,5.305933871472844343e-01,3.995564175124155515e-01,7.047076591851749727e-01,5.348389549636475282e-01,3.682820137347086464e-01,-5.289514114934403821e-01,6.262811529428052859e-01,6.969029669029308538e-01,4.872432490596556587e-01,-3.413327558986791188e-01,-2.564375635670642847e-02,6.328496046258009766e-01,-4.229290482387830230e-01,7.417953638418647300e-01,4.221815142473547833e-01,5.015756766956398494e-01,4.112170157266534787e-01,-3.015871557018932614e-01,-2.790568589540692868e-01,-1.101163609706963670e-01,7.341206705632283835e-01,5.426090280936379795e-01,6.744992695654399295e-01,1.000000000000000000e+00,7.634978738958667632e-01,-9.112288044088158456e-02,8.129774866311459958e-01,7.091663677884979533e-01,8.068495634470186639e-02,3.512214206150492402e-01,6.460044170799458252e-01,5.375140838980564384e-01,6.902248335325015249e-01,4.645188723098956363e-01,6.879660770873469167e-01,6.307297164969122294e-01,4.948401247408665826e-01
5.974436393173189197e-01,5.841419878433138368e-01,6.285176376482952687e-01,3.218716894635214043e-01,7.260645864552150996e-01,4.211276881355578983e-01,4.212576399019776763e-01,-6.276903376440238214e-01,6.505580411675898622e-01,6.855920462612952182e-01,3.688298332892743780e-01,-3.316573220932154120e-01,-2.575760417649368694e-01,6.285139657139560132e-01,-1.903524877124230796e-01,7.056434527528008260e-01,2.507406841654215013e-01,3.490870025035265889e-01,5.245233851221049459e-01,-7.260085808888280812e-02,-5.816097480476403042e-02,2.029860527772044398e-01,6.454160030775916157e-01,5.525207012847950239e-01,6.724913359719491002e-01,7.634978738958667632e-01,1.000000000000000000e+00,2.866932796273468156e-02,6.051363324969737389e-01,6.928033080401809762e-01,3.833120633704840130e-01,3.420899224838944153e-01,6.766594880370143672e-01,6.696738933188253196e-01,7.421094327624502274e-01,4.896828797413974033e-01,6.850845328590202676e-01,5.715244495021950533e-01,5.454283790815324107e-01
-1.831392627181108457e-01,-4.484187572970759206e-01,3.002026683286959652e-01,-5.729438284750717481e-01,-1.632475121727925416e-01,-2.465126467234070862e-01,-1.534986566129555585e-01,-2.235572974359242571e-01,-2.815477485703783422e-01,-2.702442107322517995e-01,-2.672060989721306012e-01,2.165107339390482943e-01,-4.980784768066968682e-01,-3.636076465406131164e-01,4.646808243187083853e-01,-9.641072684122815872e-02,-1.297793118870029516e-01,-2.002325768092712288e-01,-9.627428127795126245e-02,6.803974692135834612e-01,6.861754705227566253e-01,4.773091914835030924e-01,-3.073597707646766874e-01,-2.568273133056573898e-01,-2.623840291385783896e-01,-9.112288044088158456e-02,2.866932796273468156e-02,1.000000000000000000e+00,-1.383275969173393405e-01,-1.600185328648047745e-01,6.481577526171911074e-01,-3.546306429309074339e-03,-1.506066889539246501e-01,-1.019090730735897482e-01,3.105617094858818469e-02,5.686616687965927175e-02,-1.933049004857624320e-01,-4.060081945800604886e-01,-3.357866464179351529e-01
5.247789152183981454e-01,5.496904490318235137e-01,3.601727979672713076e-01,3.621497147781793657e-01,6.167195636465617747e-01,4.962770976962876390e-01,3.000598103597223454e-01,-3.679340434386012548e-01,5.560926931350306246e-01,6.320041119792391138e-01,4.433925603096544044e-01,-3.283832654961279518e-01,-4.019476797363236154e-02,5.632378022411479446e-01,-3.913603016306750337e-01,6.546895092332879473e-01,4.058806559505955813e-01,4.677511841346662647e-01,3.576558508095490363e-01,-2.399283713374242566e-01,-3.453073383045406342e-01,-1.618812334324406521e-01,6.367907169162519976e-01,4.114503129511187240e-01,5.489290622197298131e-01,8.129774866311459958e-01,6.051363324969737389e-01,-1.383275969173393405e-01,1.000000000000000000e+00,6.381447625097742549e-01,4.689307464509601120e-02,4.675218939642521443e-01,5.023071092217787914e-01,4.078759119166276426e-01,6.533696475563329775e-01,4.624162814995722570e-01,6.836588163623411596e-01,4.983634596112248571e-01,3.843532396283348973e-01
6.983019261858486315e-01,7.412483299216956478e-01,5.884439798841348823e-01,4.659402799677809792e-01,7.789572543105790503e-01,5.197885186014783443e-01,4.246093673937721413e-01,-6.090521259304104706e-01,7.339563175427515906e-01,8.710632680084455792e-01,4.462087632551003380e-01,-3.857880763117034206e-01,-5.754258308474131250e-02,7.619307891292658175e-01,-4.259697084748643725e-01,8.744161131004863918e-01,2.522400098465353291e-01,4.217979437307443069e-01,4.205265936907200408e-01,-3.089540205127064287e-01,-3.191484788365033243e-01,-8.114031710076288761e-02,8.080302286867105943e-01,6.739662252083640226e-01,7.757694875564643544e-01,7.091663677884979533e-01,6.928033080401809762e-01,-1.600185328648047745e-01,6.381447625097742549e-01,1.000000000000000000e+00,1.362740523573788831e-01,1.972059946925132923e-01,7.180736847473490059e-01,6.215527573157569874e-01,6.877624834685577282e-01,5.279561161226564714e-01,6.979692483816487547e-01,6.261680431571261529e-01,5.566989180902246481e-01
-4.004936399128775082e-02,-2.203806075451203161e-01,4.332687755791860273e-01,-2.635244560309533135e-01,1.860450607425612468e-01,1.286739379302762228e-02,1.622074233501056423e-02,-3.775975674519396752e-01,-7.092329065148628153e-02,-1.194726489221913275e-02,-2.599477181864602235e-02,1.801720478171073975e-02,-8.209457918825330269e-01,-6.925818850717951891e-02,2.956906695562435128e-01,1.076590734378032183e-01,6.714828049681706434e-02,-1.731718105847129541e-01,8.162589090052450869e-02,6.067793644438430611e-01,5.800231242384764618e-01,4.106030059333959925e-01,-1.958957384984737204e-02,-3.967801519398846816e-02,5.736099841791356124e-02,8.068495634470186639e-02,3.833120633704840130e-01,6.481577526171911074e-01,4.689307464509601120e-02,1.362740523573788831e-01,1.000000000000000000e+00,2.824469129599782025e-01,1.363082512187890616e-01,1.142877707651203112e-01,3.663321334911957550e-01,3.001931564572230537e-01,1.543923170095210240e-01,-2.273939532884643733e-01,-1.500355635563481171e-01
-1.417147913432814377e-01,-5.193474259317758940e-02,3.478446937708543074e-02,2.916672976723794566e-02,2.246248205930397590e-01,4.467253664894930143e-01,-1.908148745010896097e-01,-2.875081427818236210e-02,-4.172192316239314164e-02,7.545970872583661337e-02,4.866156755742349627e-01,5.945889954374584951e-02,-3.944639866505386117e-01,-9.755246080745422904e-03,-2.579722422204653309e-01,7.625858387203558741e-02,6.269702280534786842e-01,6.157813666936412522e-02,-1.514127299230560164e-01,-6.582741259369659370e-02,-6.475047057756948277e-02,-2.647481484515700201e-01,2.199667941876857213e-01,-3.457078031089456938e-02,1.871611061501523288e-01,3.512214206150492402e-01,3.420899224838944153e-01,-3.546306429309074339e-03,4.675218939642521443e-01,1.972059946925132923e-01,2.824469129599782025e-01,1.000000000000000000e+00,1.586004857877616192e-01,-9.014582385653140129e-02,3.752528150630407011e-01,2.250639791245679922e-01,4.246245604667853724e-01,-1.055433039304657650e-01,-2.588693102374934329e-01
5.838830962891252696e-01,6.448204234261496470e-01,5.868556418420423082e-01,5.035213772278450683e-01,6.564528263152168419e-01,7.443954799659406874e-01,3.566536642867241258e-01,-6.446295691683805451e-01,7.299180037226783435e-01,6.773551684543125395e-01,6.772461988706888203e-01,-2.783787951647893055e-01,-1.700800721394109954e-02,7.705827943972606286e-01,-4.084554400796551743e-01,6.853219198776790977e-01,4.713877049024381982e-01,4.756753227466563039e-01,3.789954490015781663e-01,-3.484671615308518322e-01,-2.452773690610076662e-01,-5.982958162069677843e-02,8.527109030554974600e-01,8.008601348685003840e-01,8.851730979256947629e-01,6.460044170799458252e-01,6.766594880370143672e-01,-1.506066889539246501e-01,5.023071092217787914e-01,7.180736847473490059e-01,1.363082512187890616e-01,1.586004857877616192e-01,1.000000000000000000e+00,6.747008116362983587e-01,7.438068572603079298e-01,1.290849141831171831e-01,7.809438364890561868e-01,7.391435664892537227e-01,5.718203164559146900e-01
7.036065204002327489e-01,7.254984714351994102e-01,6.848479664876130357e-01,5.047614779637061844e-01,7.603330026564458777e-01,2.449306405151978616e-01,5.734039807561336355e-01,-7.159128373290853942e-01,8.307000697327432404e-01,7.371276008233120791e-01,1.795770980581995191e-01,-2.552601343627950992e-01,1.343550054806030014e-01,7.621177294894172505e-01,-1.121728576502020736e-01,6.995948945161435395e-01,-6.630000852137785117e-02,4.267183181744938492e-01,6.141565408230882372e-01,-1.010735671203986108e-01,-1.206205934840672289e-01,3.263692695617680384e-01,5.962402196554552614e-01,6.468396539193277395e-01,6.310270109154503260e-01,5.375140838980564384e-01,6.696738933188253196e-01,-1.019090730735897482e-01,4.078759119166276426e-01,6.215527573157569874e-01,1.142877707651203112e-01,-9.014582385653140129e-02,6.747008116362983587e-01,1.000000000000000000e+00,4.903462252508737351e-01,2.842230142142013194e-01,5.448365210841317197e-01,7.493448740002970343e-01,7.821514583139824728e-01
5.200281099949511932e-01,4.916486996035051016e-01,5.172528160084026716e-01,2.834149809783255147e-01,5.833347406901489007e-01,6.841505603925951418e-01,2.216994083432934914e-01,-5.371446102961624502e-01,5.349743350239828388e-01,5.804422614426788529e-01,6.100396342072539335e-01,-2.441008885219679847e-01,-2.647450049843939612e-01,6.089920782393301035e-01,-2.799392641743762011e-01,6.418207714838120026e-01,5.214257675041902296e-01,3.211492949184975854e-01,3.008837482949568987e-01,-7.411656765775487266e-02,-8.889434391257751422e-02,4.034868550723630376e-02,7.304331634687276642e-01,5.811134934782918871e-01,7.382196735174064717e-01,6.902248335325015249e-01,7.421094327624502274e-01,3.105617094858818469e-02,6.533696475563329775e-01,6.877624834685577282e-01,3.663321334911957550e-01,3.752528150630407011e-01,7.438068572603079298e-01,4.903462252508737351e-01,1.000000000000000000e+00,3.845999557365680777e-01,8.340445717471091092e-01,5.225722911318357866e-01,3.641684494842936104e-01
3.732173479531173954e-01,3.256977566515489309e-01,3.038931986331295798e-01,1.577526953542388033e-01,4.826059270148231328e-01,3.016488040649497118e-02,2.855288265637456191e-01,-2.546200605747973578e-01,2.677672329714758104e-01,4.966371154877233796e-01,-6.316393967961154987e-02,-1.487629659188999254e-01,-2.225403194107836991e-01,3.401636126558673645e-01,1.631921761047734273e-02,5.300772846070461730e-01,-8.559495222222616995e-02,1.676697252028146179e-01,3.722189839951871582e-01,1.486810691843186982e-01,-2.933721775674300383e-02,2.059978304563809259e-01,2.607958284231983170e-01,1.207221479163007455e-01,2.216316642283458760e-01,4.645188723098956363e-01,4.896828797413974033e-01,5.686616687965927175e-02,4.624162814995722570e-01,5.279561161226564714e-01,3.001931564572230537e-01,2.250639791245679922e-01,1.290849141831171831e-01,2.842230142142013194e-01,3.845999557365680777e-01,1.000000000000000000e+00,3.391031639085518856e-01,1.226003900269510144e-01,2.334583119850452138e-01
5.089910363956862138e-01,6.325490505608013514e-01,4.263844878420883222e-01,5.555094748711237873e-01,6.317665379457664265e-01,7.874866521979922984e-01,3.451389686729547934e-01,-4.867120889154160079e-01,6.754151078151353627e-01,6.905354461722424952e-01,6.986538623151797855e-01,-2.556865736522891952e-01,-3.763752291624401086e-02,7.244492453215334304e-01,-4.502765333056696351e-01,6.661532572853647860e-01,5.054616377452189058e-01,5.664789552959320629e-01,4.542743806342309232e-01,-2.249531021768388372e-01,-3.493652862174124185e-01,-4.593934866285661472e-02,8.215496705044855741e-01,6.596655814978834576e-01,7.858950543126981270e-01,6.879660770873469167e-01,6.850845328590202676e-01,-1.933049004857624320e-01,6.836588163623411596e-01,6.979692483816487547e-01,1.543923170095210240e-01,4.246245604667853724e-01,7.809438364890561868e-01,5.448365210841317197e-01,8.340445717471091092e-01,3.391031639085518856e-01,1.000000000000000000e+00,6.550436213655942419e-01,4.946406566863726373e-01
7.780039854501606955e-01,8.281063486067210544e-01,4.577895195215681556e-01,6.943349565689705960e-01,6.509292779308049059e-01,5.007926670744259345e-01,5.560810823228503619e-01,-5.216971478759785397e-01,8.609957891120552098e-01,7.410466781480263831e-01,4.441030451773178012e-01,-4.250339979640758159e-01,3.684617751672004116e-01,8.312690215364126889e-01,-4.594342156260781129e-01,6.798807172574928837e-01,1.660181354530627373e-01,6.236952255655420219e-01,6.008888207802505210e-01,-4.494569455775016542e-01,-4.300972740930960603e-01,-4.129463161006500377e-02,7.573385744422576060e-01,7.574916166496523662e-01,7.453223089373547383e-01,6.307297164969122294e-01,5.715244495021950533e-01,-4.060081945800604886e-01,4.983634596112248571e-01,6.261680431571261529e-01,-2.273939532884643733e-01,-1.055433039304657650e-01,7.391435664892537227e-01,7.493448740002970343e-01,5.225722911318357866e-01,1.226003900269510144e-01,6.550436213655942419e-01,1.000000000000000000e+00,8.495490124921449837e-01
7.851039866958878788e-01,8.351732501410392695e-01,5.033152901867744555e-01,6.233864057153375438e-01,6.383745169801060548e-01,2.010959860570554203e-01,6.557113343882893242e-01,-5.496832686224910614e-01,8.337156993409053918e-01,7.262984898147004653e-01,1.156016759275915878e-01,-4.572270865197893830e-01,3.304427793555689830e-01,8.142569722527134291e-01,-2.114700279734296473e-01,6.392942079917978138e-01,-1.711390696414736567e-01,5.366660152086839553e-01,7.702445369739013836e-01,-2.573870302925546083e-01,-3.106581008635175833e-01,1.805988773535128766e-01,5.906420248496823122e-01,6.791675718325543842e-01,6.015328010319100915e-01,4.948401247408665826e-01,5.454283790815324107e-01,-3.357866464179351529e-01,3.843532396283348973e-01,5.566989180902246481e-01,-1.500355635563481171e-01,-2.588693102374934329e-01,5.718203164559146900e-01,7.821514583139824728e-01,3.641684494842936104e-01,2.334583119850452138e-01,4.946406566863726373e-01,8.495490124921449837e-01,1.000000000000000000e+00
