1.000000000000000000e+00,7.986968305096052712e-01,3.911760851746101664e-01,-3.161455134845329584e-01,6.366763400512587268e-01,-3.165585532463791041e-01,2.684762133478332258e-01,-4.442362248818358395e-01,7.477015234444877034e-01,7.264884961355260184e-01,1.900383107804578531e-01,2.668190057805941984e-01,4.444353079017792502e-02,4.914562310088640973e-01,3.113811899344994250e-01,7.262816903384539113e-01,-4.930222187150149274e-03,9.145134028999431230e-02,2.477364550849966429e-01,-2.633357451020612583e-01,-2.136656240184746716e-02,1.715787898283607782e-01,4.891371235391974714e-01,7.707504827638334000e-02,1.734105009286657506e-01,6.987749783216691268e-01,4.620092229762179370e-01,1.317121867591261875e-01,9.499332504060159499e-02,5.971168752774126398e-01,3.088688362075621141e-01,6.234482269411597555e-01,1.894031621143166255e-01,5.364380501792022082e-01,-7.149932081139691309e-02,4.392948553590860228e-01,4.998221847574619292e-01,4.078981182047005660e-01,3.604186158589393618e-01
7.986968305096052712e-01,1.000000000000000000e+00,4.998350794800711094e-01,-4.032088350838933799e-01,5.324971259957376191e-01,-4.293374690294947116e-01,4.455116900689238268e-01,-4.923966637426237525e-01,6.765355337966035831e-01,8.131248677866761421e-01,5.073580767293345284e-02,4.472450813157232141e-01,-1.046410150850687892e-02,5.426080208211051525e-01,3.893639852588134942e-01,8.197968011388049314e-01,-1.401294970621346780e-01,-6.450023654908548787e-02,3.719027670095164106e-01,-3.131041741618399432e-01,-2.038511655705275705e-01,3.612358514832192391e-01,6.352308316653590969e-01,6.986168260487228554e-02,1.890686084435883596e-01,5.545876778110939709e-01,5.649436118367880955e-01,5.803337761249281052e-03,-6.292873532201832820e-02,6.089123182745395102e-01,4.714888657221144030e-01,6.659727310243609422e-01,2.457014421775602919e-01,6.548764039550976079e-01,-1.238971455567576541e-01,3.993756631815981728e-01,4.331789730997388510e-01,2.021348208500786392e-01,4.922462405045269218e-01
3.911760851746101664e-01,4.998350794800711094e-01,1.000000000000000000e+00,-4.364661795349896178e-01,7.260239178759626821e-02,-7.179504396305556035e-01,8.162378673013124253e-01,-8.480447864849678385e-01,3.028857266976454077e-01,3.881394149532964022e-01,-3.521559125877175012e-01,8.125758080753754387e-01,-4.645880979003701450e-01,4.791919277089158324e-01,4.291115280957924494e-01,6.150646568846281914e-01,-5.268171789311697495e-01,-3.946652770823408374e-01,6.027151965419619284e-01,-5.553936152061027531e-01,-6.430425515191260377e-01,7.354639719861776337e-01,7.004650224866161290e-01,4.724905475779551667e-01,1.654775141153851936e-01,1.814095860919536507e-01,7.847844971623558763e-01,-7.407937259282533493e-02,-3.980033517671816568e-01,5.673294771044119084e-02,8.240604086865096489e-01,5.075190675186816991e-01,5.385544910759045845e-01,8.249077897771841528e-01,-2.707104989346968416e-01,7.301322001713164700e-02,-2.559960100939459582e-02,-3.139704077061774012e-01,7.713602275171274059e-01
-3.161455134845329584e-01,-4.032088350838933799e-01,-4.364661795349896178e-01,1.000000000000000000e+00,8.678623369993122838e-02,3.930694316111694175e-01,-4.204269450069575975e-01,4.064835749355135697e-01,-1.458944405777104492e-01,-2.453490041819708922e-01,7.699761219521920885e-02,-5.055529129519935605e-01,2.153920647588068726e-01,-3.259981272592182844e-01,-4.455131966405963539e-01,-4.072987554411146571e-01,1.917924083635746679e-01,5.289167879052578680e-01,-2.766647981300131010e-01,1.119586591475674880e-01,3.391655161780999794e-01,-3.553883617168048792e-01,-4.200574963715475452e-01,-1.502812333338848505e-01,-3.018361017606470062e-02,-8.218055788342713830e-02,-4.681388726259625432e-01,2.527868125502178431e-01,7.464465572082257250e-02,-1.413757689723794397e-01,-5.206728642907729743e-01,-3.686798333252896409e-01,-2.977292744680776204e-01,-5.083623000330569353e-01,-1.026254949038409546e-02,-1.431884863290247001e-01,-1.121834439741369871e-01,1.370514019482004520e-01,-3.996282277314193720e-01
6.366763400512587268e-01,5.324971259957376191e-01,7.260239178759626821e-02,8.678623369993122838e-02,1.000000000000000000e+00,-8.531830853038703533e-02,-5.195843628987901336e-02,-1.460441224816211581e-01,7.858036891871701402e-01,5.563450030416988712e-01,1.423673904544965341e-01,-1.029336282187155588e-01,1.721701125960103940e-01,4.754720677678187513e-01,-8.630643854324754338e-02,4.559310787109891461e-01,7.857098028197638528e-02,5.073649958584776076e-01,1.791050750865358365e-01,-1.481666120286589394e-01,2.549248896824600208e-01,-1.071725055708101920e-01,3.300673422423761050e-01,1.129311768621666379e-01,2.590398248237791856e-01,6.073186147133609047e-01,9.086865814224794058e-02,2.029171780970774885e-01,1.226569889172768879e-01,4.409476912742262278e-01,-8.397454892572818463e-02,4.162039126224744701e-01,-1.817041483975507729e-02,1.721424994752469573e-01,-1.147748455741820078e-01,3.275488698714747460e-01,4.508761178871171782e-01,4.886651300936654674e-01,1.006603163699532205e-01
-3.165585532463791041e-01,-4.293374690294947116e-01,-7.179504396305556035e-01,3.930694316111694175e-01,-8.531830853038703533e-02,1.000000000000000000e+00,-7.537307257575239783e-01,5.336174465638692244e-01,-3.377142951607257637e-01,-3.063980152768956411e-01,6.772328439454373683e-01,-7.591002457100602951e-01,3.871415522594649494e-01,-3.146441428271495311e-01,-1.943480105361091448e-01,-6.406892260240432124e-01,7.545473795194792554e-01,3.710354462562013289e-01,-6.622975242280673136e-01,4.689502224750657366e-01,7.029205084924131652e-01,-6.682555879953500089e-01,-6.560343542800368688e-01,-2.702952989727596123e-01,1.410257000734781718e-01,6.176059135526623667e-02,-7.634677901435616976e-01,2.667412649243902090e-01,6.278025291074351699e-01,-1.086522808511332094e-01,-7.307712920111070209e-01,-4.972486128418709961e-01,-1.498893058998841954e-01,-7.000930241520252340e-01,5.981209420752010564e-01,1.034672752558089687e-01,2.384046558145409000e-01,3.208837183768384338e-01,-8.144427797896628407e-01
2.684762133478332258e-01,4.455116900689238268e-01,8.162378673013124253e-01,-4.204269450069575975e-01,-5.195843628987901336e-02,-7.537307257575239783e-01,1.000000000000000000e+00,-6.397417263532683140e-01,1.725810417270778330e-01,3.249658239340684207e-01,-4.711478949628103430e-01,8.793379185622645089e-01,-4.102107546102737312e-01,3.338128725464972191e-01,3.855316488832654098e-01,5.881149341629566818e-01,-6.024217709110544217e-01,-5.231307247706459274e-01,6.569407173052745907e-01,-5.051435694272694565e-01,-7.694308917887009436e-01,8.069203644063838166e-01,7.230577411251017939e-01,3.218818802448729088e-01,2.219182261772371587e-02,-6.566274627183427137e-02,8.340701697233847689e-01,-2.639722571042761867e-01,-4.979092530207402945e-01,2.151493098924714409e-02,8.661268885702821940e-01,5.458661374944556721e-01,4.615606726124516501e-01,8.053497893893823978e-01,-3.571269438188863221e-01,-2.695638636345003974e-02,-5.900142232567872486e-02,-4.735432801577235118e-01,8.362992561259539048e-01
-4.442362248818358395e-01,-4.923966637426237525e-01,-8.480447864849678385e-01,4.064835749355135697e-01,-1.460441224816211581e-01,5.336174465638692244e-01,-6.397417263532683140e-01,1.000000000000000000e+00,-3.690060745765293970e-01,-4.102937328200385592e-01,1.126449519363146717e-01,-6.218003017475420835e-01,3.241132055148044921e-01,-5.641330467547175376e-01,-5.344598547637837704e-01,-5.267917362532588132e-01,2.902243516925637756e-01,2.975124430053126545e-01,-3.942542084645560552e-01,3.694319274931005537e-01,4.670323961171806704e-01,-5.116589057845155608e-01,-5.735394701446430155e-01,-4.630070666450388783e-01,-3.753359996227105810e-01,-4.030510310283406117e-01,-5.909751676188327307e-01,-9.324323839640119571e-02,1.464204159342319955e-01,-1.399216267447022377e-01,-6.412598859652257621e-01,-3.634128396961882057e-01,-4.603783278087441588e-01,-7.448180134170051536e-01,6.645346286151934678e-02,-2.287472395178450080e-01,-4.388688810310723692e-02,8.331778365422903843e-02,-5.630755403156619820e-01
7.477015234444877034e-01,6.765355337966035831e-01,3.028857266976454077e-01,-1.458944405777104492e-01,7.858036891871701402e-01,-3.377142951607257637e-01,1.725810417270778330e-01,-3.690060745765293970e-01,1.000000000000000000e+00,7.041378520731870205e-01,3.676763364846966781e-02,1.467400024699583305e-01,1.425849477616397964e-01,6.219836121698627540e-01,1.576488241925894929e-01,6.357849947660411116e-01,-7.661562722163230144e-02,2.951729949458883340e-01,3.394352856448824007e-01,-1.627550390481581899e-01,2.963051913711162166e-02,4.696523291982331039e-02,5.193141042272455543e-01,1.826752621424413969e-01,3.001475389092909118e-01,6.459768602207691668e-01,3.120011902381978341e-01,1.253138687242600358e-01,4.864086628503670739e-02,5.962201380323858269e-01,1.370588068204767473e-01,5.141878124071056488e-01,-1.437075740219446833e-02,3.904727374404315388e-01,-2.032278421271306312e-01,4.391803323271610271e-01,3.786856045108373814e-01,4.701188086037079161e-01,3.358777178641240702e-01
7.264884961355260184e-01,8.131248677866761421e-01,3.881394149532964022e-01,-2.453490041819708922e-01,5.563450030416988712e-01,-3.063980152768956411e-01,3.249658239340684207e-01,-4.102937328200385592e-01,7.041378520731870205e-01,1.000000000000000000e+00,1.180733031714320674e-01,2.959778896823510030e-01,7.732881075396171033e-02,5.973827098844451955e-01,3.234072034204510393e-01,7.420272378994137163e-01,-4.618236659135217803e-02,6.697793033903018389e-02,3.380691204921995041e-01,-2.404891250059703056e-01,-1.066464820874978292e-01,2.244018337553791709e-01,5.836545612410747319e-01,1.097760761701204457e-01,3.365770472650337353e-01,5.930194245918148921e-01,4.141056791886493782e-01,1.378980503044661965e-01,6.712991306163257343e-02,6.803031444870678568e-01,3.179258969114503453e-01,5.265405566966898654e-01,2.042335507997888877e-01,4.876443640018817138e-01,-3.737390607659691472e-02,4.869152059639283991e-01,4.558138834273599005e-01,3.279675771808169271e-01,3.817760467742518093e-01
1.900383107804578531e-01,5.073580767293345284e-02,-3.521559125877175012e-01,7.699761219521920885e-02,1.423673904544965341e-01,6.772328439454373683e-01,-4.711478949628103430e-01,1.126449519363146717e-01,3.676763364846966781e-02,1.180733031714320674e-01,1.000000000000000000e+00,-4.670643040298981252e-01,3.758392776302855731e-01,5.025932982012192712e-02,1.891262473155954082e-01,-2.310775701303426910e-01,7.651025151662728119e-01,2.455290940370107311e-01,-5.327782807321181924e-01,3.770954710374543883e-01,5.782732151609323301e-01,-4.512371420133438060e-01,-3.018450763131636516e-01,-1.006762437843299468e-01,3.366289638824764840e-01,4.657092436451791828e-01,-4.108497920379380886e-01,3.578844106075504961e-01,7.128661808703075087e-01,2.064684548940084463e-01,-4.277945445924904999e-01,-1.754300622549933852e-01,7.597896836320053304e-02,-2.492690860632986172e-01,6.212431465470565906e-01,4.355504060107094344e-01,5.284627829345047711e-01,4.773366757977969832e-01,-5.136126707002141023e-01
2.668190057805941984e-01,4.472450813157232141e-01,8.125758080753754387e-01,-5.055529129519935605e-01,-1.029336282187155588e-01,-7.591002457100602951e-01,8.793379185622645089e-01,-6.218003017475420835e-01,1.467400024699583305e-01,2.959778896823510030e-01,-4.670643040298981252e-01,1.000000000000000000e+00,-4.729420983561807845e-01,3.142090601774339964e-01,4.194639298188890808e-01,5.745764615388112562e-01,-6.148047410812106373e-01,-5.769163420086795835e-01,6.220783608207640647e-01,-5.143843928957056999e-01,-7.542896608891773713e-01,8.201826981912403447e-01,7.069234638403151250e-01,3.141491993488071954e-01,-5.283785972435253719e-02,-9.088837091010194824e-02,8.477492945556935888e-01,-3.134200229310706853e-01,-5.112104778899599911e-01,4.107186332999349099e-03,8.864640815494495563e-01,5.466879403372854052e-01,4.922049513675207377e-01,8.212102738440948402e-01,-3.425078602095814051e-01,-1.464746248082313650e-02,-6.207756863298270755e-02,-5.030818302135223741e-01,8.403637478533478866e-01
4.444353079017792502e-02,-1.046410150850687892e-02,-4.645880979003701450e-01,2.153920647588068726e-01,1.721701125960103940e-01,3.871415522594649494e-01,-4.102107546102737312e-01,3.241132055148044921e-01,1.425849477616397964e-01,7.732881075396171033e-02,3.758392776302855731e-01,-4.729420983561807845e-01,1.000000000000000000e+00,-2.892736385884881259e-02,7.037637622408991767e-02,-1.656319165443305153e-01,4.342581425880611135e-01,1.738729131442408593e-01,-4.025113862924054042e-01,4.627850643569022537e-01,3.518523439274321429e-01,-5.104833041988540154e-01,-2.850630215360376862e-01,-3.098016699521716766e-01,1.784432855221126379e-01,1.541217639134997153e-01,-4.157585915852340386e-01,1.403396556144657914e-01,3.561350103210296769e-01,3.350861886573597848e-01,-5.112174731215446410e-01,-1.867183814287278198e-01,-4.823268043481165335e-01,-3.186345869128823227e-01,1.819531759991831199e-01,2.067254152756660690e-01,1.564094342327511655e-01,4.651245085844166738e-01,-3.952272855789062400e-01
4.914562310088640973e-01,5.426080208211051525e-01,4.791919277089158324e-01,-3.259981272592182844e-01,4.754720677678187513e-01,-3.146441428271495311e-01,3.338128725464972191e-01,-5.641330467547175376e-01,6.219836121698627540e-01,5.973827098844451955e-01,5.025932982012192712e-02,3.142090601774339964e-01,-2.892736385884881259e-02,1.000000000000000000e+00,4.343186866144816971e-01,4.782027988147300457e-01,-1.001548756564478622e-02,-2.845163824131895919e-02,2.886221820396883686e-01,-8.083917035109432214e-02,-1.091403279392794967e-01,1.503408206512746037e-01,5.027193089653779756e-01,4.737301533836484890e-01,4.997490771692162936e-01,5.163253290227012293e-01,2.886675829663309378e-01,2.380488653542398025e-01,1.159521711846919073e-01,3.869739872036322414e-01,2.763042734701490755e-01,2.966740561756213146e-01,2.505538482152798174e-01,4.949351480906520329e-01,8.796784509186905687e-02,4.853777015543355722e-01,2.863339746865605773e-01,3.009532458654167186e-01,3.394664823660190067e-01
3.113811899344994250e-01,3.893639852588134942e-01,4.291115280957924494e-01,-4.455131966405963539e-01,-8.630643854324754338e-02,-1.943480105361091448e-01,3.855316488832654098e-01,-5.344598547637837704e-01,1.576488241925894929e-01,3.234072034204510393e-01,1.891262473155954082e-01,4.194639298188890808e-01,7.037637622408991767e-02,4.343186866144816971e-01,1.000000000000000000e+00,2.457362535990459673e-01,1.260058682584414280e-01,-5.157040342471093108e-01,-3.960663180668047567e-02,1.060313058025171562e-01,-2.311895962044157316e-01,1.835026292875560350e-01,2.144228547042611455e-01,7.436059909917558386e-02,2.919686947040562308e-01,3.363426344858186923e-01,2.619834128510294957e-01,1.284948317258252370e-01,1.739515058967153749e-01,2.680848895015757183e-01,3.425615469187073825e-01,9.021946994965986122e-02,1.734411958729256131e-01,5.686624100670206738e-01,2.524372557740007239e-01,4.361279395155480687e-01,1.191759188800640828e-01,1.174284542433777778e-01,1.993489126251686283e-01
7.262816903384539113e-01,8.197968011388049314e-01,6.150646568846281914e-01,-4.072987554411146571e-01,4.559310787109891461e-01,-6.406892260240432124e-01,5.881149341629566818e-01,-5.267917362532588132e-01,6.357849947660411116e-01,7.420272378994137163e-01,-2.310775701303426910e-01,5.745764615388112562e-01,-1.656319165443305153e-01,4.782027988147300457e-01,2.457362535990459673e-01,1.000000000000000000e+00,-4.166129559342511834e-01,-1.175231727148310229e-01,5.507638501328416814e-01,-4.838863025244821703e-01,-4.186406253970271774e-01,4.907600926726994328e-01,7.379418995221621591e-01,1.427963454514181996e-01,7.192134907844315028e-02,3.898435069686089216e-01,7.131700411670071071e-01,-9.568388929074771176e-02,-3.068149280512348365e-01,4.908029039181700526e-01,6.135025176435223715e-01,7.149218593779830266e-01,2.549624312125305936e-01,6.896902293939596307e-01,-3.779525236737734106e-01,2.029521424404222285e-01,2.669666191667671162e-01,2.099608594244174037e-02,6.768199784355524162e-01
-4.930222187150149274e-03,-1.401294970621346780e-01,-5.268171789311697495e-01,1.917924083635746679e-01,7.857098028197638528e-02,7.545473795194792554e-01,-6.024217709110544217e-01,2.902243516925637756e-01,-7.661562722163230144e-02,-4.618236659135217803e-02,7.651025151662728119e-01,-6.148047410812106373e-01,4.342581425880611135e-01,-1.001548756564478622e-02,1.260058682584414280e-01,-4.166129559342511834e-01,1.000000000000000000e+00,2.956806453506611310e-01,-6.344419609675401306e-01,5.008089944407801974e-01,7.045441708405506542e-01,-6.113339794386464243e-01,-5.164872234355466496e-01,-2.333894441658086183e-01,2.394287802142811006e-01,3.824289144424236619e-01,-6.468801960142213092e-01,4.565387443720577143e-01,8.360417847059826713e-01,1.765740286254068869e-01,-6.319467519893992025e-01,-3.604530723305703899e-01,-1.518819185718004727e-01,-4.352017260343968297e-01,7.422632740759363967e-01,3.598168313656170403e-01,4.370932532436428430e-01,5.782334692277949495e-01,-7.197580515293041659e-01
9.145134028999431230e-02,-6.450023654908548787e-02,-3.946652770823408374e-01,5.289167879052578680e-01,5.073649958584776076e-01,3.710354462562013289e-01,-5.231307247706459274e-01,2.975124430053126545e-01,2.951729949458883340e-01,6.697793033903018389e-02,2.455290940370107311e-01,-5.769163420086795835e-01,1.738729131442408593e-01,-2.845163824131895919e-02,-5.157040342471093108e-01,-1.175231727148310229e-01,2.956806453506611310e-01,1.000000000000000000e+00,-6.496949820052207170e-02,4.363347271062980454e-02,5.428415097660684863e-01,-4.106355982077311562e-01,-2.318876322434056392e-01,-8.885954553821003021e-02,7.503030049781383992e-02,3.423510797469611067e-01,-4.215766994685781199e-01,2.478224968858473432e-01,2.642160369779575357e-01,1.440718359924734737e-01,-5.368133115043501880e-01,-9.360978923587311151e-02,-2.523426705775591583e-01,-4.809121682548850307e-01,7.528807557857790378e-02,6.820914151966036079e-03,1.859710911336410477e-01,5.032951549752848752e-01,-3.937436307475700725e-01
2.477364550849966429e-01,3.719027670095164106e-01,6.027151965419619284e-01,-2.766647981300131010e-01,1.791050750865358365e-01,-6.622975242280673136e-01,6.569407173052745907e-01,-3.942542084645560552e-01,3.394352856448824007e-01,3.380691204921995041e-01,-5.327782807321181924e-01,6.220783608207640647e-01,-4.025113862924054042e-01,2.886221820396883686e-01,-3.960663180668047567e-02,5.507638501328416814e-01,-6.344419609675401306e-01,-6.496949820052207170e-02,1.000000000000000000e+00,-5.792450969039655284e-01,-5.683784508687661496e-01,6.722769790219851327e-01,6.799049137882208216e-01,3.291216302322512166e-01,-6.749114348040838318e-02,-5.904665237508077702e-02,6.885424158745608869e-01,-3.260964864715180656e-01,-5.160521450571022850e-01,3.868807265312171340e-02,6.587806416717539859e-01,6.266288618111884867e-01,3.215348360839227482e-01,4.875917549049078037e-01,-4.742429139562859275e-01,-1.795196175721215648e-01,-3.315692070076838721e-02,-3.162237256281625331e-01,7.272412274527211284e-01
-2.633357451020612583e-01,-3.131041741618399432e-01,-5.553936152061027531e-01,1.119586591475674880e-01,-1.481666120286589394e-01,4.689502224750657366e-01,-5.051435694272694565e-01,3.694319274931005537e-01,-1.627550390481581899e-01,-2.404891250059703056e-01,3.770954710374543883e-01,-5.143843928957056999e-01,4.627850643569022537e-01,-8.083917035109432214e-02,1.060313058025171562e-01,-4.838863025244821703e-01,5.008089944407801974e-01,4.363347271062980454e-02,-5.792450969039655284e-01,1.000000000000000000e+00,3.809522524632081852e-01,-6.066869714635797495e-01,-5.009074751054471974e-01,-2.817230481374020101e-01,2.271861755195015153e-01,-4.651084179339999547e-04,-6.090962096232587220e-01,1.534982149132067819e-01,4.613079444405128737e-01,9.128155522680608813e-02,-5.894625188000092164e-01,-5.739764556566480103e-01,-4.927446204512558880e-01,-4.371227820799172270e-01,3.896472865441330535e-01,2.877410902815389915e-01,-7.314386235204080322e-02,3.623125987818672789e-01,-5.793822710084772787e-01
-2.136656240184746716e-02,-2.038511655705275705e-01,-6.430425515191260377e-01,3.391655161780999794e-01,2.549248896824600208e-01,7.029205084924131652e-01,-7.694308917887009436e-01,4.670323961171806704e-01,2.963051913711162166e-02,-1.066464820874978292e-01,5.782732151609323301e-01,-7.542896608891773713e-01,3.518523439274321429e-01,-1.091403279392794967e-01,-2.311895962044157316e-01,-4.186406253970271774e-01,7.045441708405506542e-01,5.428415097660684863e-01,-5.683784508687661496e-01,3.809522524632081852e-01,1.000000000000000000e+00,-6.677891375504948490e-01,-5.592962194397118614e-01,-1.662446999025210814e-01,7.277447467373623913e-02,3.164305110595196369e-01,-6.903672354156926705e-01,4.925131838496013548e-01,6.209327966335437265e-01,9.307070935293340619e-02,-7.588081231764046697e-01,-3.170397014420552884e-01,-2.129569697273131779e-01,-5.970878602852794925e-01,4.734649001452631012e-01,2.546511723245756809e-01,3.741141877336453536e-01,5.497501839004230728e-01,-7.384263144766705089e-01
1.715787898283607782e-01,3.612358514832192391e-01,7.354639719861776337e-01,-3.553883617168048792e-01,-1.071725055708101920e-01,-6.682555879953500089e-01,8.069203644063838166e-01,-5.116589057845155608e-01,4.696523291982331039e-02,2.244018337553791709e-01,-4.512371420133438060e-01,8.201826981912403447e-01,-5.104833041988540154e-01,1.503408206512746037e-01,1.835026292875560350e-01,4.907600926726994328e-01,-6.113339794386464243e-01,-4.106355982077311562e-01,6.722769790219851327e-01,-6.066869714635797495e-01,-6.677891375504948490e-01,1.000000000000000000e+00,6.419095173813925692e-01,2.853027418785000213e-01,-1.286172632259920123e-01,-1.572344207538100003e-01,7.983854237842867851e-01,-3.401922800363289534e-01,-5.300142410485203515e-01,-7.078450158187679642e-02,8.358542678978935214e-01,5.502201172902311255e-01,5.596282324271502073e-01,6.836116777700367297e-01,-3.448678261190433747e-01,-1.809396584527919460e-01,-4.861725886438603844e-02,-5.778194700119339000e-01,7.791933036040000760e-01
4.891371235391974714e-01,6.352308316653590969e-01,7.004650224866161290e-01,-4.200574963715475452e-01,3.300673422423761050e-01,-6.560343542800368688e-01,7.230577411251017939e-01,-5.735394701446430155e-01,5.193141042272455543e-01,5.836545612410747319e-01,-3.018450763131636516e-01,7.069234638403151250e-01,-2.850630215360376862e-01,5.027193089653779756e-01,2.144228547042611455e-01,7.379418995221621591e-01,-5.164872234355466496e-01,-2.318876322434056392e-01,6.799049137882208216e-01,-5.009074751054471974e-01,-5.592962194397118614e-01,6.419095173813925692e-01,1.000000000000000000e+00,4.110248770244272487e-01,2.311634967720052614e-01,1.755122296164075002e-01,7.701748261635005255e-01,-2.755719644133716173e-01,-3.694151277063968952e-01,2.155628694773364662e-01,7.184115078197260695e-01,7.026222056446980169e-01,4.410873420163516356e-01,7.190049003638000480e-01,-3.834657893200935641e-01,1.189176130573303403e-01,1.922213419097671128e-01,-2.396391216955386649e-01,7.922681162340829975e-01
7.707504827638334000e-02,6.986168260487228554e-02,4.724905475779551667e-01,-1.502812333338848505e-01,1.129311768621666379e-01,-2.702952989727596123e-01,3.218818802448729088e-01,-4.630070666450388783e-01,1.826752621424413969e-01,1.097760761701204457e-01,-1.006762437843299468e-01,3.141491993488071954e-01,-3.098016699521716766e-01,4.737301533836484890e-01,7.436059909917558386e-02,1.427963454514181996e-01,-2.333894441658086183e-01,-8.885954553821003021e-02,3.291216302322512166e-01,-2.817230481374020101e-01,-1.662446999025210814e-01,2.853027418785000213e-01,4.110248770244272487e-01,1.000000000000000000e+00,3.891440884320161442e-01,5.943440866453555266e-02,3.002191846713482271e-01,1.818659870693110636e-01,-1.448575486657851519e-01,-2.146822523293949736e-01,3.226873087038539256e-01,1.782355364045139223e-01,4.870068133315184622e-01,3.067283465086047545e-01,-6.325664861388723137e-02,1.085115728340066699e-01,7.387374364847737462e-02,-1.442889763248656199e-01,3.463977299641334273e-01
1.734105009286657506e-01,1.890686084435883596e-01,1.654775141153851936e-01,-3.018361017606470062e-02,2.590398248237791856e-01,1.410257000734781718e-01,2.219182261772371587e-02,-3.753359996227105810e-01,3.001475389092909118e-01,3.365770472650337353e-01,3.366289638824764840e-01,-5.283785972435253719e-02,1.784432855221126379e-01,4.997490771692162936e-01,2.919686947040562308e-01,7.192134907844315028e-02,2.394287802142811006e-01,7.503030049781383992e-02,-6.749114348040838318e-02,2.271861755195015153e-01,7.277447467373623913e-02,-1.286172632259920123e-01,2.311634967720052614e-01,3.891440884320161442e-01,1.000000000000000000e+00,4.375814013510294087e-01,-8.325129086418481261e-02,2.937286331198830092e-01,3.228597272000600649e-01,1.534717673826653250e-01,-5.685272650102424913e-02,-8.431738893881116081e-02,1.758436978886863400e-01,1.235088712595155541e-01,3.298212805728379937e-01,4.169610931792493425e-01,1.818630238478542716e-01,2.917426499530598738e-01,-4.953567921717039191e-02
6.987749783216691268e-01,5.545876778110939709e-01,1.814095860919536507e-01,-8.218055788342713830e-02,6.073186147133609047e-01,6.176059135526623667e-02,-6.566274627183427137e-02,-4.030510310283406117e-01,6.459768602207691668e-01,5.930194245918148921e-01,4.657092436451791828e-01,-9.088837091010194824e-02,1.541217639134997153e-01,5.163253290227012293e-01,3.363426344858186923e-01,3.898435069686089216e-01,3.824289144424236619e-01,3.423510797469611067e-01,-5.904665237508077702e-02,-4.651084179339999547e-04,3.164305110595196369e-01,-1.572344207538100003e-01,1.755122296164075002e-01,5.943440866453555266e-02,4.375814013510294087e-01,1.000000000000000000e+00,1.616059864139714544e-02,4.634019690792102741e-01,4.728860308583398564e-01,5.339954471849638340e-01,-6.483370220831288777e-02,2.306861014975598034e-01,1.040599242788394913e-01,2.398639293237174452e-01,3.021285174071935975e-01,5.214766357537626851e-01,4.883677628996477282e-01,6.544289467643590319e-01,-7.165585777531324752e-02
4.620092229762179370e-01,5.649436118367880955e-01,7.847844971623558763e-01,-4.681388726259625432e-01,9.086865814224794058e-02,-7.634677901435616976e-01,8.340701697233847689e-01,-5.909751676188327307e-01,3.120011902381978341e-01,4.141056791886493782e-01,-4.108497920379380886e-01,8.477492945556935888e-01,-4.157585915852340386e-01,2.886675829663309378e-01,2.619834128510294957e-01,7.131700411670071071e-01,-6.468801960142213092e-01,-4.215766994685781199e-01,6.885424158745608869e-01,-6.090962096232587220e-01,-6.903672354156926705e-01,7.983854237842867851e-01,7.701748261635005255e-01,3.002191846713482271e-01,-8.325129086418481261e-02,1.616059864139714544e-02,1.000000000000000000e+00,-3.127441690904069205e-01,-5.312400781118732374e-01,1.061412784626790395e-01,8.774770095096638967e-01,7.176749856858781751e-01,4.942149316124989089e-01,7.910851296615877271e-01,-4.621992581053013249e-01,-1.907236964109727123e-02,7.179366705028356055e-02,-4.311222826915423467e-01,8.841549586224578539e-01
1.317121867591261875e-01,5.803337761249281052e-03,-7.407937259282533493e-02,2.527868125502178431e-01,2.029171780970774885e-01,2.667412649243902090e-01,-2.639722571042761867e-01,-9.324323839640119571e-02,1.253138687242600358e-01,1.378980503044661965e-01,3.578844106075504961e-01,-3.134200229310706853e-01,1.403396556144657914e-01,2.380488653542398025e-01,1.284948317258252370e-01,-9.568388929074771176e-02,4.565387443720577143e-01,2.478224968858473432e-01,-3.260964864715180656e-01,1.534982149132067819e-01,4.925131838496013548e-01,-3.401922800363289534e-01,-2.755719644133716173e-01,1.818659870693110636e-01,2.937286331198830092e-01,4.634019690792102741e-01,-3.127441690904069205e-01,1.000000000000000000e+00,4.063092826602172636e-01,7.967609032843066263e-02,-3.327716619868854586e-01,-2.804640045467619580e-01,6.975214491614614709e-02,-1.329711328973365303e-01,3.412160757544149825e-01,3.523793038380846343e-01,2.271611496138944974e-01,4.543034545837832394e-01,-3.490779135217718099e-01
9.499332504060159499e-02,-6.292873532201832820e-02,-3.980033517671816568e-01,7.464465572082257250e-02,1.226569889172768879e-01,6.278025291074351699e-01,-4.979092530207402945e-01,1.464204159342319955e-01,4.864086628503670739e-02,6.712991306163257343e-02,7.128661808703075087e-01,-5.112104778899599911e-01,3.561350103210296769e-01,1.159521711846919073e-01,1.739515058967153749e-01,-3.068149280512348365e-01,8.360417847059826713e-01,2.642160369779575357e-01,-5.160521450571022850e-01,4.613079444405128737e-01,6.209327966335437265e-01,-5.300142410485203515e-01,-3.694151277063968952e-01,-1.448575486657851519e-01,3.228597272000600649e-01,4.728860308583398564e-01,-5.312400781118732374e-01,4.063092826602172636e-01,1.000000000000000000e+00,2.733211813052640049e-01,-5.344748941698973521e-01,-2.751459249134586282e-01,-9.670570052433492825e-02,-3.372098391222407843e-01,7.842112669924775625e-01,4.361508493605180670e-01,4.894146403247466859e-01,5.888853855273517013e-01,-5.948930761881359164e-01
5.971168752774126398e-01,6.089123182745395102e-01,5.673294771044119084e-02,-1.413757689723794397e-01,4.409476912742262278e-01,-1.086522808511332094e-01,2.151493098924714409e-02,-1.399216267447022377e-01,5.962201380323858269e-01,6.803031444870678568e-01,2.064684548940084463e-01,4.107186332999349099e-03,3.350861886573597848e-01,3.869739872036322414e-01,2.680848895015757183e-01,4.908029039181700526e-01,1.765740286254068869e-01,1.440718359924734737e-01,3.868807265312171340e-02,9.128155522680608813e-02,9.307070935293340619e-02,-7.078450158187679642e-02,2.155628694773364662e-01,-2.146822523293949736e-01,1.534717673826653250e-01,5.339954471849638340e-01,1.061412784626790395e-01,7.967609032843066263e-02,2.733211813052640049e-01,1.000000000000000000e+00,-9.998261342330316478e-03,2.914949439117364149e-01,-2.045869610926964455e-01,1.968362118409011929e-01,1.111198269800111466e-01,5.206046530852546095e-01,3.853793036219909096e-01,5.327110501713204771e-01,7.648976055024053755e-02
3.088688362075621141e-01,4.714888657221144030e-01,8.240604086865096489e-01,-5.206728642907729743e-01,-8.397454892572818463e-02,-7.307712920111070209e-01,8.661268885702821940e-01,-6.412598859652257621e-01,1.370588068204767473e-01,3.179258969114503453e-01,-4.277945445924904999e-01,8.864640815494495563e-01,-5.112174731215446410e-01,2.763042734701490755e-01,3.425615469187073825e-01,6.135025176435223715e-01,-6.319467519893992025e-01,-5.368133115043501880e-01,6.587806416717539859e-01,-5.894625188000092164e-01,-7.588081231764046697e-01,8.358542678978935214e-01,7.184115078197260695e-01,3.226873087038539256e-01,-5.685272650102424913e-02,-6.483370220831288777e-02,8.774770095096638967e-01,-3.327716619868854586e-01,-5.344748941698973521e-01,-9.998261342330316478e-03,1.000000000000000000e+00,6.030141206530010844e-01,5.519865639895707998e-01,7.950044914477962799e-01,-3.692968501172881335e-01,-7.612100230031758341e-02,-3.267439688846915380e-02,-5.231546550505468129e-01,8.395706850331211557e-01
6.234482269411597555e-01,6.659727310243609422e-01,5.075190675186816991e-01,-3.686798333252896409e-01,4.162039126224744701e-01,-4.972486128418709961e-01,5.458661374944556721e-01,-3.634128396961882057e-01,5.141878124071056488e-01,5.265405566966898654e-01,-1.754300622549933852e-01,5.466879403372854052e-01,-1.867183814287278198e-01,2.966740561756213146e-01,9.021946994965986122e-02,7.149218593779830266e-01,-3.604530723305703899e-01,-9.360978923587311151e-02,6.266288618111884867e-01,-5.739764556566480103e-01,-3.170397014420552884e-01,5.502201172902311255e-01,7.026222056446980169e-01,1.782355364045139223e-01,-8.431738893881116081e-02,2.306861014975598034e-01,7.176749856858781751e-01,-2.804640045467619580e-01,-2.751459249134586282e-01,2.914949439117364149e-01,6.030141206530010844e-01,1.000000000000000000e+00,3.895290636218105562e-01,5.855924149900014752e-01,-3.299882352919913941e-01,6.203145993403236247e-02,4.471274502496734859e-01,-1.385967160640054208e-01,6.447029325089146390e-01
1.894031621143166255e-01,2.457014421775602919e-01,5.385544910759045845e-01,-2.977292744680776204e-01,-1.817041483975507729e-02,-1.498893058998841954e-01,4.615606726124516501e-01,-4.603783278087441588e-01,-1.437075740219446833e-02,2.042335507997888877e-01,7.597896836320053304e-02,4.922049513675207377e-01,-4.823268043481165335e-01,2.505538482152798174e-01,1.734411958729256131e-01,2.549624312125305936e-01,-1.518819185718004727e-01,-2.523426705775591583e-01,3.215348360839227482e-01,-4.927446204512558880e-01,-2.129569697273131779e-01,5.596282324271502073e-01,4.410873420163516356e-01,4.870068133315184622e-01,1.758436978886863400e-01,1.040599242788394913e-01,4.942149316124989089e-01,6.975214491614614709e-02,-9.670570052433492825e-02,-2.045869610926964455e-01,5.519865639895707998e-01,3.895290636218105562e-01,1.000000000000000000e+00,4.509834536062929389e-01,9.117179506192696348e-02,8.542729030950882430e-02,3.063973072959328969e-01,-3.765415468722365655e-01,4.124988200360354407e-01
5.364380501792022082e-01,6.548764039550976079e-01,8.249077897771841528e-01,-5.083623000330569353e-01,1.721424994752469573e-01,-7.000930241520252340e-01,8.053497893893823978e-01,-7.448180134170051536e-01,3.904727374404315388e-01,4.876443640018817138e-01,-2.492690860632986172e-01,8.212102738440948402e-01,-3.186345869128823227e-01,4.949351480906520329e-01,5.686624100670206738e-01,6.896902293939596307e-01,-4.352017260343968297e-01,-4.809121682548850307e-01,4.875917549049078037e-01,-4.371227820799172270e-01,-5.970878602852794925e-01,6.836116777700367297e-01,7.190049003638000480e-01,3.067283465086047545e-01,1.235088712595155541e-01,2.398639293237174452e-01,7.910851296615877271e-01,-1.329711328973365303e-01,-3.372098391222407843e-01,1.968362118409011929e-01,7.950044914477962799e-01,5.855924149900014752e-01,4.509834536062929389e-01,1.000000000000000000e+00,-2.525473318079196061e-01,1.959478398339155047e-01,1.007688636975750673e-01,-2.257201689287994806e-01,7.533521146794267542e-01
-7.149932081139691309e-02,-1.238971455567576541e-01,-2.707104989346968416e-01,-1.026254949038409546e-02,-1.147748455741820078e-01,5.981209420752010564e-01,-3.571269438188863221e-01,6.645346286151934678e-02,-2.032278421271306312e-01,-3.737390607659691472e-02,6.212431465470565906e-01,-3.425078602095814051e-01,1.819531759991831199e-01,8.796784509186905687e-02,2.524372557740007239e-01,-3.779525236737734106e-01,7.422632740759363967e-01,7.528807557857790378e-02,-4.742429139562859275e-01,3.896472865441330535e-01,4.734649001452631012e-01,-3.448678261190433747e-01,-3.834657893200935641e-01,-6.325664861388723137e-02,3.298212805728379937e-01,3.021285174071935975e-01,-4.621992581053013249e-01,3.412160757544149825e-01,7.842112669924775625e-01,1.111198269800111466e-01,-3.692968501172881335e-01,-3.299882352919913941e-01,9.117179506192696348e-02,-2.525473318079196061e-01,1.000000000000000000e+00,3.125911499745810396e-01,3.564296089705912829e-01,3.703874111423675619e-01,-5.381393349096480483e-01
4.392948553590860228e-01,3.993756631815981728e-01,7.301322001713164700e-02,-1.431884863290247001e-01,3.275488698714747460e-01,1.034672752558089687e-01,-2.695638636345003974e-02,-2.287472395178450080e-01,4.391803323271610271e-01,4.869152059639283991e-01,4.355504060107094344e-01,-1.464746248082313650e-02,2.067254152756660690e-01,4.853777015543355722e-01,4.361279395155480687e-01,2.029521424404222285e-01,3.598168313656170403e-01,6.820914151966036079e-03,-1.795196175721215648e-01,2.877410902815389915e-01,2.546511723245756809e-01,-1.809396584527919460e-01,1.189176130573303403e-01,1.085115728340066699e-01,4.169610931792493425e-01,5.214766357537626851e-01,-1.907236964109727123e-02,3.523793038380846343e-01,4.361508493605180670e-01,5.206046530852546095e-01,-7.612100230031758341e-02,6.203145993403236247e-02,8.542729030950882430e-02,1.959478398339155047e-01,3.125911499745810396e-01,1.000000000000000000e+00,4.636440249944456249e-01,4.687083304516506677e-01,-4.075915357287524660e-02
4.998221847574619292e-01,4.331789730997388510e-01,-2.559960100939459582e-02,-1.121834439741369871e-01,4.508761178871171782e-01,2.384046558145409000e-01,-5.900142232567872486e-02,-4.388688810310723692e-02,3.786856045108373814e-01,4.558138834273599005e-01,5.284627829345047711e-01,-6.207756863298270755e-02,1.564094342327511655e-01,2.863339746865605773e-01,1.191759188800640828e-01,2.669666191667671162e-01,4.370932532436428430e-01,1.859710911336410477e-01,-3.315692070076838721e-02,-7.314386235204080322e-02,3.741141877336453536e-01,-4.861725886438603844e-02,1.922213419097671128e-01,7.387374364847737462e-02,1.818630238478542716e-01,4.883677628996477282e-01,7.179366705028356055e-02,2.271611496138944974e-01,4.894146403247466859e-01,3.853793036219909096e-01,-3.267439688846915380e-02,4.471274502496734859e-01,3.063973072959328969e-01,1.007688636975750673e-01,3.564296089705912829e-01,4.636440249944456249e-01,1.000000000000000000e+00,2.989523153802456368e-01,-3.271214029236804710e-02
4.078981182047005660e-01,2.021348208500786392e-01,-3.139704077061774012e-01,1.370514019482004520e-01,4.886651300936654674e-01,3.208837183768384338e-01,-4.735432801577235118e-01,8.331778365422903843e-02,4.701188086037079161e-01,3.279675771808169271e-01,4.773366757977969832e-01,-5.030818302135223741e-01,4.651245085844166738e-01,3.009532458654167186e-01,1.174284542433777778e-01,2.099608594244174037e-02,5.782334692277949495e-01,5.032951549752848752e-01,-3.162237256281625331e-01,3.623125987818672789e-01,5.497501839004230728e-01,-5.778194700119339000e-01,-2.396391216955386649e-01,-1.442889763248656199e-01,2.917426499530598738e-01,6.544289467643590319e-01,-4.311222826915423467e-01,4.543034545837832394e-01,5.888853855273517013e-01,5.327110501713204771e-01,-5.231546550505468129e-01,-1.385967160640054208e-01,-3.765415468722365655e-01,-2.257201689287994806e-01,3.703874111423675619e-01,4.687083304516506677e-01,2.989523153802456368e-01,1.000000000000000000e+00,-4.456649972996912790e-01
3.604186158589393618e-01,4.922462405045269218e-01,7.713602275171274059e-01,-3.996282277314193720e-01,1.006603163699532205e-01,-8.144427797896628407e-01,8.362992561259539048e-01,-5.630755403156619820e-01,3.358777178641240702e-01,3.817760467742518093e-01,-5.136126707002141023e-01,8.403637478533478866e-01,-3.952272855789062400e-01,3.394664823660190067e-01,1.993489126251686283e-01,6.768199784355524162e-01,-7.197580515293041659e-01,-3.937436307475700725e-01,7.272412274527211284e-01,-5.793822710084772787e-01,-7.384263144766705089e-01,7.791933036040000760e-01,7.922681162340829975e-01,3.463977299641334273e-01,-4.953567921717039191e-02,-7.165585777531324752e-02,8.841549586224578539e-01,-3.490779135217718099e-01,-5.948930761881359164e-01,7.648976055024053755e-02,8.395706850331211557e-01,6.447029325089146390e-01,4.124988200360354407e-01,7.533521146794267542e-01,-5.381393349096480483e-01,-4.075915357287524660e-02,-3.271214029236804710e-02,-4.456649972996912790e-01,1.000000000000000000e+00
