1.000000000000000000e+00,8.253750464660671859e-01,2.939296307655925311e-01,-3.233030301132674422e-01,3.358439578730296748e-01,4.078274307223573869e-01,4.660167567463934790e-01,-3.160163802452690684e-01,6.569105144347358038e-01,7.473689313111020471e-01,3.447315959493067461e-01,-8.718798881926975719e-03,-3.587376012197327491e-01,6.149370217170828656e-01,6.500318430340408238e-01,7.555618365365200928e-01,4.793450355726164291e-01,7.210635163130199032e-01,4.018232972237021916e-01,4.149967447339281135e-01,6.808677731794702259e-01,6.220201029208424215e-01,6.435411420808713201e-01,3.815634091555994423e-01,6.650299634975247454e-01,7.906703902051449573e-01,3.495763401419598737e-01,6.352215438484550836e-01,7.204378793038781481e-01,7.258081438468734214e-01,2.496243361578624753e-01,6.241011210956007860e-01,3.517449212724696461e-01,4.757634710532372968e-01,6.040679040666475652e-01,6.066554443074020364e-01,5.794724256084785585e-01,7.006899631764610392e-01,5.616324295102790298e-01
8.253750464660671859e-01,1.000000000000000000e+00,3.044917670069228754e-01,-4.426972367772033512e-01,4.347177216990856241e-01,6.601486840726288330e-01,4.873113834222248530e-01,-3.208692687848538894e-01,6.562842566760740404e-01,7.462208588324715786e-01,5.698375743471281174e-01,-6.108250144435991430e-02,-3.129609983700175624e-01,7.174376334474822370e-01,5.753684928507061258e-01,7.346198984097477291e-01,6.110997901819883449e-01,7.011434862968487502e-01,4.007486618021056657e-01,2.419453005132927992e-01,6.803958757668688850e-01,6.128163484555340101e-01,7.578117785167166609e-01,3.749927255204864029e-01,8.133391521652869605e-01,8.357505069516211194e-01,3.747823211652898112e-01,6.309549352393392097e-01,6.658333710305174291e-01,6.431798818380399796e-01,3.635577941095622934e-01,8.262565983585592466e-01,4.997739435580685341e-01,4.587027946756055963e-01,7.321607383790615931e-01,7.570822639034519019e-01,7.812334522352107902e-01,7.702223345076416594e-01,7.387135356176429690e-01
2.939296307655925311e-01,3.044917670069228754e-01,1.000000000000000000e+00,-5.706578386536366176e-01,8.182830324276594292e-01,4.193785136555055471e-01,2.800438820102397197e-01,-9.546879439526446687e-01,7.446884256378117906e-01,3.889382751742547217e-01,4.188493975879926667e-01,1.021061140953993113e-01,-2.520843820441247551e-01,7.081643558891247414e-01,4.293612432778223242e-01,4.967201477145345989e-01,3.582358969068779042e-01,4.918881372916352746e-01,2.703884928255572695e-01,-3.696579781545418220e-01,4.938640662263868442e-01,2.407378654000128515e-01,5.268973334933350072e-01,4.951321223680975603e-01,4.788656381983722454e-01,5.152137996982838475e-01,3.061320087868063533e-01,5.991262958165084473e-01,2.005480864508751848e-01,4.496314985792805308e-01,6.558907658529193885e-01,4.737233990121840765e-01,5.988973618262798393e-01,7.716793688217177261e-01,1.939696120210147590e-01,4.001697207279962254e-01,4.030385119800132809e-01,6.038364847534078983e-01,5.254393680846398684e-01
-3.233030301132674422e-01,-4.426972367772033512e-01,-5.706578386536366176e-01,1.000000000000000000e+00,-4.858391806898827436e-01,-5.827700088233999098e-01,-2.931780367881350966e-03,5.206074248248885317e-01,-5.928098035147864042e-01,-3.701209914760884012e-01,-5.337707643261935253e-01,-1.987299226418531850e-01,3.436988456064712927e-01,-5.764460715967475446e-01,-4.284431228757157317e-01,-3.847800534216161417e-01,-5.138618921826659802e-01,-2.847523655493446881e-01,-1.352507328173292445e-01,3.061437657045764649e-01,-2.744540244142693042e-01,-2.507860604507076707e-01,-4.724470262701566670e-01,-3.833914969081425594e-01,-4.183941808730160528e-01,-6.281627693351716779e-01,-4.439622546415851745e-01,-5.879081495338173147e-01,-2.583078747470943792e-01,-3.987182966562366482e-01,-6.868733056415385896e-01,-6.400609687758651578e-01,-5.666612077505042144e-01,-4.856406325289254200e-01,-3.262556188474836083e-01,-5.398870333546699207e-01,-5.024973526369940213e-01,-6.613891969769351009e-01,-6.026766497935300837e-01
3.358439578730296748e-01,4.347177216990856241e-01,8.182830324276594292e-01,-4.858391806898827436e-01,1.000000000000000000e+00,4.988302087227191595e-01,3.912192597526232829e-01,-8.218298186014296736e-01,7.580796692595576092e-01,4.831961447073390148e-01,4.813261562653768921e-01,6.509356718836903193e-03,-2.650713979474669801e-01,7.867707754419440702e-01,4.182013078747368606e-01,5.560531715060033076e-01,3.727488281091038691e-01,6.418529462330929691e-01,4.199615037701440734e-01,-3.220842408867179429e-01,5.300100699425818185e-01,2.603686348054454758e-01,6.022684066193602082e-01,3.802414210219413615e-01,5.896585656397487218e-01,5.548545732687165666e-01,2.326022763319953723e-01,5.642110803271199737e-01,2.190644754125480043e-01,4.679500949124572040e-01,5.883604712648174973e-01,5.634101784294827109e-01,5.432231608191683270e-01,8.285997001586695720e-01,3.043354880808180618e-01,4.968722555609473290e-01,4.875168851388552715e-01,6.229010868279328816e-01,6.402079334952206491e-01
4.078274307223573869e-01,6.601486840726288330e-01,4.193785136555055471e-01,-5.827700088233999098e-01,4.988302087227191595e-01,1.000000000000000000e+00,2.654273725747920420e-01,-4.101406877203808143e-01,4.676003098912096534e-01,4.366268326134754019e-01,7.342618976789768714e-01,-8.122234092024701322e-04,-2.300261116417836108e-02,6.930988032395789533e-01,3.511972349025176965e-01,5.392607098049834180e-01,7.158048397674294794e-01,4.172356495420805333e-01,3.305802544325557313e-01,-1.944621248443363926e-01,4.541440304831263486e-01,4.394238884657957200e-01,7.461052386737700992e-01,3.815010687197326611e-01,7.769027441553153501e-01,7.011667014377461760e-01,3.598461778589628901e-01,5.559093330995458215e-01,3.228268652650766457e-01,3.443599534040694965e-01,5.357390796387196952e-01,8.192565573390718781e-01,7.022838542451592669e-01,3.303851587417280800e-01,6.714907569027219747e-01,6.738899317394388966e-01,7.124777819016218094e-01,6.089084001006966895e-01,6.756423304721745904e-01
4.660167567463934790e-01,4.873113834222248530e-01,2.800438820102397197e-01,-2.931780367881350966e-03,3.912192597526232829e-01,2.654273725747920420e-01,1.000000000000000000e+00,-3.631939680729900366e-01,3.419204802334208093e-01,3.605124514944258451e-01,3.912822533337895203e-01,-5.845258562302447780e-01,6.051575083319644943e-02,4.390880786858436524e-01,2.369729627203823741e-01,3.983578883510246471e-01,4.011434228669255031e-01,5.662931646152314924e-01,2.670479015434482628e-01,2.420655124601041319e-01,6.594507830221267852e-01,5.113026593143333853e-01,4.093652073744344366e-01,1.669842946577300424e-01,4.545807538135107628e-01,3.628493927056255508e-01,-1.941712779806369915e-01,2.387848118051479618e-01,2.885540601138825156e-01,2.512766190064364968e-01,-1.583514262701269867e-02,3.941603181403798839e-01,1.813249385149878212e-01,3.323501316856704024e-01,4.740007428362838504e-01,4.828173329359287114e-01,4.293533101316129308e-01,3.961657867147769241e-01,3.196085410928578008e-01
-3.160163802452690684e-01,-3.208692687848538894e-01,-9.546879439526446687e-01,5.206074248248885317e-01,-8.218298186014296736e-01,-4.101406877203808143e-01,-3.631939680729900366e-01,1.000000000000000000e+00,-7.311098747945014020e-01,-3.652908424302367396e-01,-4.188083257032921281e-01,-3.857206560461720612e-02,2.153024025691916699e-01,-7.189389405412824896e-01,-4.400357773630133029e-01,-4.839569258496176918e-01,-3.542999844055924052e-01,-5.365225973055062214e-01,-2.653183435718314276e-01,3.140402060842621967e-01,-5.674630875770647620e-01,-3.006863323989043546e-01,-5.324089862055504385e-01,-4.989327633718290134e-01,-4.887468072411879638e-01,-5.090325113222913256e-01,-2.349826240927935517e-01,-5.777218165657864724e-01,-2.098988514782618164e-01,-4.096105490797081750e-01,-5.892722973813167009e-01,-4.703580184233419614e-01,-5.795809461082324088e-01,-7.847440937116054727e-01,-2.207894465323272104e-01,-4.128888916218566574e-01,-4.190548050544048997e-01,-6.013806250265396613e-01,-5.285061469178737870e-01
6.569105144347358038e-01,6.562842566760740404e-01,7.446884256378117906e-01,-5.928098035147864042e-01,7.580796692595576092e-01,4.676003098912096534e-01,3.419204802334208093e-01,-7.311098747945014020e-01,1.000000000000000000e+00,7.349425704492968947e-01,4.374133629619652575e-01,1.839526624880999384e-01,-4.676256173804123617e-01,8.218617437301086737e-01,7.225086666528591772e-01,7.644744117874789913e-01,4.394909246390498181e-01,7.779105849553372698e-01,4.575031661551878792e-01,-2.186829858693371126e-02,6.695759315651562682e-01,4.226786336336703642e-01,6.706864200809002918e-01,4.476577216493513589e-01,6.604061014066959778e-01,7.785294178164817724e-01,4.102753725491977144e-01,7.693258941375993309e-01,5.374870985325660433e-01,7.493448957234276619e-01,5.977198257078406574e-01,6.664030970935715947e-01,5.257302011111074647e-01,8.384330905906612896e-01,4.245563011813494048e-01,5.734889466724708562e-01,5.798010785329654748e-01,8.334150824634620758e-01,7.629012039355711483e-01
7.473689313111020471e-01,7.462208588324715786e-01,3.889382751742547217e-01,-3.701209914760884012e-01,4.831961447073390148e-01,4.366268326134754019e-01,3.605124514944258451e-01,-3.652908424302367396e-01,7.349425704492968947e-01,1.000000000000000000e+00,3.917243543137025052e-01,3.392474201794173222e-02,-4.446133483691472321e-01,6.292023020225088192e-01,5.450536280809515910e-01,8.717019775622358857e-01,4.943850991980985321e-01,6.799973495287707781e-01,4.731097271359775425e-01,2.362717849588925334e-01,5.481902209969029549e-01,4.580964382335490082e-01,6.433803393029356998e-01,2.674445693265885549e-01,6.843969215838907605e-01,7.251801252121063968e-01,4.757552128923192569e-01,6.702070206962771337e-01,5.904424910487594547e-01,8.631685887325915019e-01,4.304108691203667458e-01,5.737753714907569691e-01,4.072771798978309654e-01,4.715110987752872962e-01,4.650238153185515255e-01,5.557373757705119655e-01,5.041442098943581529e-01,6.913065287045437879e-01,5.544492683174475633e-01
3.447315959493067461e-01,5.698375743471281174e-01,4.188493975879926667e-01,-5.337707643261935253e-01,4.813261562653768921e-01,7.342618976789768714e-01,3.912822533337895203e-01,-4.188083257032921281e-01,4.374133629619652575e-01,3.917243543137025052e-01,1.000000000000000000e+00,-2.523122676337858361e-01,-7.721673977622124652e-02,5.751883453647310684e-01,1.647601587004392520e-01,3.954790694743576251e-01,8.373064883705764183e-01,3.719564097212293419e-01,1.415536780681835582e-01,-1.511072943002560731e-01,4.163038664487695439e-01,4.835718787014434694e-01,5.021804081466467728e-01,8.685100895325272019e-02,5.575796533885789552e-01,5.572805097085499204e-01,2.881121536888618384e-01,4.138136236992806527e-01,2.095739347498613847e-01,3.178220182654587500e-01,5.298693243325207636e-01,7.305377569597544252e-01,6.290633434585513051e-01,3.203435854642928127e-01,5.783131026633998584e-01,5.903283873282397787e-01,6.559514412016473894e-01,5.664080753812066327e-01,5.338328221872030710e-01
-8.718798881926975719e-03,-6.108250144435991430e-02,1.021061140953993113e-01,-1.987299226418531850e-01,6.509356718836903193e-03,-8.122234092024701322e-04,-5.845258562302447780e-01,-3.857206560461720612e-02,1.839526624880999384e-01,3.392474201794173222e-02,-2.523122676337858361e-01,1.000000000000000000e+00,-2.690523835293941457e-01,-2.794158887253538146e-03,4.451157662372620671e-01,7.842192399113111223e-02,-2.452673152659156641e-01,2.749669946780269533e-02,5.256466319560290645e-02,-1.038432683495901510e-01,-1.462274239572243784e-01,-1.065708946165828813e-01,2.973077532047288182e-02,1.758184425871453793e-01,-1.316509550041467316e-02,1.358057363820784902e-01,3.619320629489490293e-01,2.560039983650836959e-01,-2.440289593658126130e-02,1.301000414588412701e-01,2.372393469114961739e-01,-2.269461934865257477e-02,5.920425112757421449e-03,2.063980545439429715e-01,-1.424613613206590357e-01,-5.510936339743056217e-02,-7.975466833211082573e-02,1.010232282016997468e-01,2.427548012904243713e-01
-3.587376012197327491e-01,-3.129609983700175624e-01,-2.520843820441247551e-01,3.436988456064712927e-01,-2.650713979474669801e-01,-2.300261116417836108e-02,6.051575083319644943e-02,2.153024025691916699e-01,-4.676256173804123617e-01,-4.446133483691472321e-01,-7.721673977622124652e-02,-2.690523835293941457e-01,1.000000000000000000e+00,-2.559805961793627516e-01,-2.747909960584817290e-01,-3.109296775959875525e-01,-8.674287148371704823e-03,-2.806338442262779620e-01,-1.641771816512004600e-01,1.132220249945905047e-02,-1.767365255421186054e-01,-1.450178438081090870e-01,-1.976091365055429039e-01,-2.708852193802191444e-01,-1.776012456087603109e-01,-3.609471325182872503e-01,-4.472438447248858751e-01,-4.480304280008291506e-01,-2.654952812236477944e-01,-4.630280503169614814e-01,-4.756602079715334663e-01,-2.608091422572673124e-01,-1.265041998730384587e-01,-3.605135147453525368e-01,1.397321206847834847e-02,-2.146511926861533470e-01,-2.323541872811729914e-01,-4.483803936356649533e-01,-4.221408404444982887e-01
6.149370217170828656e-01,7.174376334474822370e-01,7.081643558891247414e-01,-5.764460715967475446e-01,7.867707754419440702e-01,6.930988032395789533e-01,4.390880786858436524e-01,-7.189389405412824896e-01,8.218617437301086737e-01,6.292023020225088192e-01,5.751883453647310684e-01,-2.794158887253538146e-03,-2.559805961793627516e-01,1.000000000000000000e+00,5.842197250969183298e-01,6.993851566373346929e-01,5.498600329750948923e-01,7.582704652178118288e-01,4.297280079414536602e-01,-1.118078851553531844e-01,7.466975850577048934e-01,4.635068192027416156e-01,8.019005585837996053e-01,5.717506161731249481e-01,7.807859520627499217e-01,7.824268359944500650e-01,2.904077116133534364e-01,6.598657577344080316e-01,6.022693632888368453e-01,5.995875546072015894e-01,5.184988099348256663e-01,7.992452824259600463e-01,6.107506474700107324e-01,7.622347283240715754e-01,6.102475441814524393e-01,6.985506138104502494e-01,7.165786536405236440e-01,7.941234271996260308e-01,7.705584600557434660e-01
6.500318430340408238e-01,5.753684928507061258e-01,4.293612432778223242e-01,-4.284431228757157317e-01,4.182013078747368606e-01,3.511972349025176965e-01,2.369729627203823741e-01,-4.400357773630133029e-01,7.225086666528591772e-01,5.450536280809515910e-01,1.647601587004392520e-01,4.451157662372620671e-01,-2.747909960584817290e-01,5.842197250969183298e-01,1.000000000000000000e+00,6.105437589836717471e-01,2.802622710688738028e-01,7.500714342346294083e-01,3.610888955306527093e-01,2.674613193781839038e-01,6.130807789877422698e-01,4.409104603604571126e-01,5.531653714557227541e-01,4.091921920605439134e-01,5.111087393169542192e-01,7.036339570149144906e-01,2.006520704554497214e-01,6.762824894419026123e-01,5.379931152634344071e-01,5.670307159884852011e-01,2.213897479368798493e-01,5.029598213090771264e-01,2.288419678491142029e-01,6.606391808547938949e-01,4.680391163264993049e-01,4.888249743069727482e-01,4.220624370503125444e-01,7.085280679767193002e-01,6.689235496603013198e-01
7.555618365365200928e-01,7.346198984097477291e-01,4.967201477145345989e-01,-3.847800534216161417e-01,5.560531715060033076e-01,5.392607098049834180e-01,3.983578883510246471e-01,-4.839569258496176918e-01,7.644744117874789913e-01,8.717019775622358857e-01,3.954790694743576251e-01,7.842192399113111223e-02,-3.109296775959875525e-01,6.993851566373346929e-01,6.105437589836717471e-01,1.000000000000000000e+00,4.943007401398295531e-01,7.039931084092163616e-01,5.376174786027303476e-01,1.703123892393915984e-01,6.155578282988591887e-01,4.965937203533894451e-01,7.763928037299856477e-01,3.824678839057908397e-01,7.704316390197601949e-01,7.881149308091599526e-01,4.470136775717142852e-01,7.149960857872871278e-01,5.383849990255025197e-01,7.916127391989653539e-01,4.646932455724004929e-01,6.164810739741695134e-01,5.059536138147084916e-01,5.294132618207854080e-01,5.361209403674142004e-01,5.777076711904526318e-01,5.463179501566932661e-01,7.276982536096552323e-01,6.156247388217690464e-01
4.793450355726164291e-01,6.110997901819883449e-01,3.582358969068779042e-01,-5.138618921826659802e-01,3.727488281091038691e-01,7.158048397674294794e-01,4.011434228669255031e-01,-3.542999844055924052e-01,4.394909246390498181e-01,4.943850991980985321e-01,8.373064883705764183e-01,-2.452673152659156641e-01,-8.674287148371704823e-03,5.498600329750948923e-01,2.802622710688738028e-01,4.943007401398295531e-01,1.000000000000000000e+00,3.982918331164628789e-01,2.199204139503636857e-01,8.509406880085078340e-03,4.038170070727832850e-01,5.548223543403500990e-01,5.145578009261467800e-01,1.245868618808556177e-01,5.722039943902417214e-01,6.340132047835261853e-01,2.936393262730550568e-01,4.645721919938847200e-01,3.115482643764279080e-01,4.365427273367434302e-01,4.579165497565607645e-01,7.210894463851151848e-01,5.967699406725438527e-01,2.432984454538849317e-01,6.352703998167850141e-01,5.409009957009482950e-01,5.639219465980782608e-01,5.680758510998530353e-01,4.404027299317324617e-01
7.210635163130199032e-01,7.011434862968487502e-01,4.918881372916352746e-01,-2.847523655493446881e-01,6.418529462330929691e-01,4.172356495420805333e-01,5.662931646152314924e-01,-5.365225973055062214e-01,7.779105849553372698e-01,6.799973495287707781e-01,3.719564097212293419e-01,2.749669946780269533e-02,-2.806338442262779620e-01,7.582704652178118288e-01,7.500714342346294083e-01,7.039931084092163616e-01,3.982918331164628789e-01,1.000000000000000000e+00,4.995945496925944251e-01,2.581048596797384520e-01,8.196675988287126513e-01,5.344131522526891498e-01,6.547012506316097769e-01,3.503268658484726128e-01,6.565888481899659901e-01,7.015679684946263261e-01,8.323999428981328219e-02,6.399629799903381322e-01,6.217141450895687926e-01,6.253073352983229416e-01,2.286825475591894030e-01,6.163314049761552393e-01,3.096474549043943814e-01,7.344784457678644740e-01,5.640013266183168117e-01,6.107927231441170335e-01,5.950799011425372820e-01,7.561454755800675054e-01,7.196655528952622394e-01
4.018232972237021916e-01,4.007486618021056657e-01,2.703884928255572695e-01,-1.352507328173292445e-01,4.199615037701440734e-01,3.305802544325557313e-01,2.670479015434482628e-01,-2.653183435718314276e-01,4.575031661551878792e-01,4.731097271359775425e-01,1.415536780681835582e-01,5.256466319560290645e-02,-1.641771816512004600e-01,4.297280079414536602e-01,3.610888955306527093e-01,5.376174786027303476e-01,2.199204139503636857e-01,4.995945496925944251e-01,1.000000000000000000e+00,-8.298695179917180142e-02,2.718599000712821345e-01,1.899608799495562383e-01,5.061472098295243249e-01,2.685339209766248736e-01,4.816299848076469048e-01,4.838386076964443783e-01,2.941094279349060203e-01,4.441673976512357513e-01,2.729031343930959919e-01,4.246766074011736891e-01,3.296112200493805933e-01,3.898296633602535421e-01,3.461252469205444160e-01,2.942088831938660110e-01,3.069115914971813908e-01,2.085879344558587700e-01,2.797878407555793867e-01,3.542464281567482831e-01,4.310241278955086464e-01
4.149967447339281135e-01,2.419453005132927992e-01,-3.696579781545418220e-01,3.061437657045764649e-01,-3.220842408867179429e-01,-1.944621248443363926e-01,2.420655124601041319e-01,3.140402060842621967e-01,-2.186829858693371126e-02,2.362717849588925334e-01,-1.511072943002560731e-01,-1.038432683495901510e-01,1.132220249945905047e-02,-1.118078851553531844e-01,2.674613193781839038e-01,1.703123892393915984e-01,8.509406880085078340e-03,2.581048596797384520e-01,-8.298695179917180142e-02,1.000000000000000000e+00,2.943299083343892120e-01,3.777873697838899369e-01,-2.229642306629348730e-02,-1.410236529114450021e-01,3.898558465555247016e-02,9.493812557619320247e-02,-1.715855138825265747e-01,7.187874955214347550e-02,3.096270203993540249e-01,1.503844178430171485e-01,-4.695552612466221687e-01,-6.494438330664346892e-02,-2.615209330219884221e-01,-1.026169483427797902e-01,2.031309949058519304e-01,8.844333555064044783e-02,5.429713959002147039e-02,2.200305844618842543e-02,-6.290484488487978199e-02
6.808677731794702259e-01,6.803958757668688850e-01,4.938640662263868442e-01,-2.744540244142693042e-01,5.300100699425818185e-01,4.541440304831263486e-01,6.594507830221267852e-01,-5.674630875770647620e-01,6.695759315651562682e-01,5.481902209969029549e-01,4.163038664487695439e-01,-1.462274239572243784e-01,-1.767365255421186054e-01,7.466975850577048934e-01,6.130807789877422698e-01,6.155578282988591887e-01,4.038170070727832850e-01,8.196675988287126513e-01,2.718599000712821345e-01,2.943299083343892120e-01,1.000000000000000000e+00,6.495754031977423182e-01,6.587705170446693792e-01,4.472644212550141996e-01,6.657160286511369929e-01,6.447896038795992713e-01,1.776818734948520939e-02,5.792084853760545160e-01,6.072671750784504052e-01,4.752096937699227253e-01,1.469966686563114189e-01,6.121429277482921538e-01,3.941236154248665691e-01,6.366720296706213089e-01,5.901461332102043711e-01,6.140215161866918736e-01,6.736115362151797736e-01,6.871116812429679532e-01,6.553132049741091647e-01
6.220201029208424215e-01,6.128163484555340101e-01,2.407378654000128515e-01,-2.507860604507076707e-01,2.603686348054454758e-01,4.394238884657957200e-01,5.113026593143333853e-01,-3.006863323989043546e-01,4.226786336336703642e-01,4.580964382335490082e-01,4.835718787014434694e-01,-1.065708946165828813e-01,-1.450178438081090870e-01,4.635068192027416156e-01,4.409104603604571126e-01,4.965937203533894451e-01,5.548223543403500990e-01,5.344131522526891498e-01,1.899608799495562383e-01,3.777873697838899369e-01,6.495754031977423182e-01,1.000000000000000000e+00,4.502335486763103800e-01,2.311053301234025359e-01,5.069788842287952235e-01,6.211749971581707053e-01,1.850422093189445505e-01,4.123166067808783364e-01,3.192616122069245055e-01,3.786769292067083681e-01,1.777782867631768349e-01,5.463889949044671290e-01,4.007069402516458267e-01,3.038312031460711493e-01,5.659653032182114796e-01,4.981792997818549895e-01,5.323582651783645980e-01,5.184551163167379073e-01,4.833556130356227443e-01
6.435411420808713201e-01,7.578117785167166609e-01,5.268973334933350072e-01,-4.724470262701566670e-01,6.022684066193602082e-01,7.461052386737700992e-01,4.093652073744344366e-01,-5.324089862055504385e-01,6.706864200809002918e-01,6.433803393029356998e-01,5.021804081466467728e-01,2.973077532047288182e-02,-1.976091365055429039e-01,8.019005585837996053e-01,5.531653714557227541e-01,7.763928037299856477e-01,5.145578009261467800e-01,6.547012506316097769e-01,5.061472098295243249e-01,-2.229642306629348730e-02,6.587705170446693792e-01,4.502335486763103800e-01,1.000000000000000000e+00,6.333949881246999647e-01,9.004094675834409811e-01,7.948712576333384350e-01,3.535956045517228974e-01,6.874973866331383077e-01,5.579931331329294197e-01,5.384132725603817393e-01,4.848208404427652440e-01,7.689718187902728763e-01,6.040697460732983304e-01,5.693010729135919989e-01,6.907539717840256444e-01,6.642414626134396372e-01,7.141004372036858783e-01,7.148691055850691090e-01,7.156324252218769777e-01
3.815634091555994423e-01,3.749927255204864029e-01,4.951321223680975603e-01,-3.833914969081425594e-01,3.802414210219413615e-01,3.815010687197326611e-01,1.669842946577300424e-01,-4.989327633718290134e-01,4.476577216493513589e-01,2.674445693265885549e-01,8.685100895325272019e-02,1.758184425871453793e-01,-2.708852193802191444e-01,5.717506161731249481e-01,4.091921920605439134e-01,3.824678839057908397e-01,1.245868618808556177e-01,3.503268658484726128e-01,2.685339209766248736e-01,-1.410236529114450021e-01,4.472644212550141996e-01,2.311053301234025359e-01,6.333949881246999647e-01,1.000000000000000000e+00,5.567699335905398339e-01,5.092368004916094648e-01,2.896291891532057905e-01,4.590404075877622114e-01,4.015632319896631497e-01,2.791793773837296100e-01,3.415097622284075651e-01,4.395984801465339653e-01,4.155538242760513645e-01,4.552179175871060579e-01,3.415543566863522562e-01,3.407881187395410683e-01,4.144098881642451770e-01,4.486247420237899908e-01,4.593433314224387165e-01
6.650299634975247454e-01,8.133391521652869605e-01,4.788656381983722454e-01,-4.183941808730160528e-01,5.896585656397487218e-01,7.769027441553153501e-01,4.545807538135107628e-01,-4.887468072411879638e-01,6.604061014066959778e-01,6.843969215838907605e-01,5.575796533885789552e-01,-1.316509550041467316e-02,-1.776012456087603109e-01,7.807859520627499217e-01,5.111087393169542192e-01,7.704316390197601949e-01,5.722039943902417214e-01,6.565888481899659901e-01,4.816299848076469048e-01,3.898558465555247016e-02,6.657160286511369929e-01,5.069788842287952235e-01,9.004094675834409811e-01,5.567699335905398339e-01,1.000000000000000000e+00,7.950878137204373530e-01,3.962004086028100280e-01,6.846415374173244750e-01,5.302506620076763433e-01,5.742293029508607205e-01,4.686806933602676306e-01,7.809433354798009930e-01,6.611225476491446873e-01,5.248634759611303657e-01,7.059385541865593749e-01,6.718156909885731887e-01,7.406734620314092687e-01,7.022380856269460070e-01,7.146591801296644508e-01
7.906703902051449573e-01,8.357505069516211194e-01,5.152137996982838475e-01,-6.281627693351716779e-01,5.548545732687165666e-01,7.011667014377461760e-01,3.628493927056255508e-01,-5.090325113222913256e-01,7.785294178164817724e-01,7.251801252121063968e-01,5.572805097085499204e-01,1.358057363820784902e-01,-3.609471325182872503e-01,7.824268359944500650e-01,7.036339570149144906e-01,7.881149308091599526e-01,6.340132047835261853e-01,7.015679684946263261e-01,4.838386076964443783e-01,9.493812557619320247e-02,6.447896038795992713e-01,6.211749971581707053e-01,7.948712576333384350e-01,5.092368004916094648e-01,7.950878137204373530e-01,1.000000000000000000e+00,5.193510063331225890e-01,7.994557762946431501e-01,5.759825733055877750e-01,6.826434586197983601e-01,5.635907486348905593e-01,8.291011221471471515e-01,6.594894727069996465e-01,5.824641806227247587e-01,6.446075288633974498e-01,6.746510478966012414e-01,6.872754891454917470e-01,8.432344886926527172e-01,7.788837000562028878e-01
3.495763401419598737e-01,3.747823211652898112e-01,3.061320087868063533e-01,-4.439622546415851745e-01,2.326022763319953723e-01,3.598461778589628901e-01,-1.941712779806369915e-01,-2.349826240927935517e-01,4.102753725491977144e-01,4.757552128923192569e-01,2.881121536888618384e-01,3.619320629489490293e-01,-4.472438447248858751e-01,2.904077116133534364e-01,2.006520704554497214e-01,4.470136775717142852e-01,2.936393262730550568e-01,8.323999428981328219e-02,2.941094279349060203e-01,-1.715855138825265747e-01,1.776818734948520939e-02,1.850422093189445505e-01,3.535956045517228974e-01,2.896291891532057905e-01,3.962004086028100280e-01,5.193510063331225890e-01,1.000000000000000000e+00,5.130995431114558913e-01,1.162917740610152767e-01,4.605045381418261807e-01,6.799518487127936828e-01,3.818007119276796701e-01,5.458577374793330828e-01,2.020466468837604501e-01,8.937515599160943125e-02,1.709394328217886116e-01,2.019058513477090255e-01,3.097446884980106230e-01,3.189638985050700648e-01
6.352215438484550836e-01,6.309549352393392097e-01,5.991262958165084473e-01,-5.879081495338173147e-01,5.642110803271199737e-01,5.559093330995458215e-01,2.387848118051479618e-01,-5.777218165657864724e-01,7.693258941375993309e-01,6.702070206962771337e-01,4.138136236992806527e-01,2.560039983650836959e-01,-4.480304280008291506e-01,6.598657577344080316e-01,6.762824894419026123e-01,7.149960857872871278e-01,4.645721919938847200e-01,6.399629799903381322e-01,4.441673976512357513e-01,7.187874955214347550e-02,5.792084853760545160e-01,4.123166067808783364e-01,6.874973866331383077e-01,4.590404075877622114e-01,6.846415374173244750e-01,7.994557762946431501e-01,5.130995431114558913e-01,1.000000000000000000e+00,4.530352672870353037e-01,6.525504383921597595e-01,6.326118937927148744e-01,6.625162655310221638e-01,6.178033837758230007e-01,6.342166039986654180e-01,4.157274466457976936e-01,5.625287300464890672e-01,5.582999396040163598e-01,7.383860725999744634e-01,7.062744568699726999e-01
7.204378793038781481e-01,6.658333710305174291e-01,2.005480864508751848e-01,-2.583078747470943792e-01,2.190644754125480043e-01,3.228268652650766457e-01,2.885540601138825156e-01,-2.098988514782618164e-01,5.374870985325660433e-01,5.904424910487594547e-01,2.095739347498613847e-01,-2.440289593658126130e-02,-2.654952812236477944e-01,6.022693632888368453e-01,5.379931152634344071e-01,5.383849990255025197e-01,3.115482643764279080e-01,6.217141450895687926e-01,2.729031343930959919e-01,3.096270203993540249e-01,6.072671750784504052e-01,3.192616122069245055e-01,5.579931331329294197e-01,4.015632319896631497e-01,5.302506620076763433e-01,5.759825733055877750e-01,1.162917740610152767e-01,4.530352672870353037e-01,1.000000000000000000e+00,5.957963101880493495e-01,5.974057540071239791e-02,5.386620358678572140e-01,1.823603718262769013e-01,4.040700879878122431e-01,5.573228507177800939e-01,5.033900679321298144e-01,5.361039191118174285e-01,6.077187492368563149e-01,4.567486252053383766e-01
7.258081438468734214e-01,6.431798818380399796e-01,4.496314985792805308e-01,-3.987182966562366482e-01,4.679500949124572040e-01,3.443599534040694965e-01,2.512766190064364968e-01,-4.096105490797081750e-01,7.493448957234276619e-01,8.631685887325915019e-01,3.178220182654587500e-01,1.301000414588412701e-01,-4.630280503169614814e-01,5.995875546072015894e-01,5.670307159884852011e-01,7.916127391989653539e-01,4.365427273367434302e-01,6.253073352983229416e-01,4.246766074011736891e-01,1.503844178430171485e-01,4.752096937699227253e-01,3.786769292067083681e-01,5.384132725603817393e-01,2.791793773837296100e-01,5.742293029508607205e-01,6.826434586197983601e-01,4.605045381418261807e-01,6.525504383921597595e-01,5.957963101880493495e-01,1.000000000000000000e+00,4.240068621281632422e-01,4.883886107536398180e-01,3.700865830014424818e-01,4.913188986569621552e-01,3.715455177688761768e-01,4.996042939148598871e-01,4.103078739698357014e-01,6.748249301644549947e-01,4.782072016756738209e-01
2.496243361578624753e-01,3.635577941095622934e-01,6.558907658529193885e-01,-6.868733056415385896e-01,5.883604712648174973e-01,5.357390796387196952e-01,-1.583514262701269867e-02,-5.892722973813167009e-01,5.977198257078406574e-01,4.304108691203667458e-01,5.298693243325207636e-01,2.372393469114961739e-01,-4.756602079715334663e-01,5.184988099348256663e-01,2.213897479368798493e-01,4.646932455724004929e-01,4.579165497565607645e-01,2.286825475591894030e-01,3.296112200493805933e-01,-4.695552612466221687e-01,1.469966686563114189e-01,1.777782867631768349e-01,4.848208404427652440e-01,3.415097622284075651e-01,4.686806933602676306e-01,5.635907486348905593e-01,6.799518487127936828e-01,6.326118937927148744e-01,5.974057540071239791e-02,4.240068621281632422e-01,1.000000000000000000e+00,5.723938500892907788e-01,6.768649861101195819e-01,4.753116961602216750e-01,1.796367290241544512e-01,3.873473361639955814e-01,4.173593485204990516e-01,5.573596598167301908e-01,5.495793485870545947e-01
6.241011210956007860e-01,8.262565983585592466e-01,4.737233990121840765e-01,-6.400609687758651578e-01,5.634101784294827109e-01,8.192565573390718781e-01,3.941603181403798839e-01,-4.703580184233419614e-01,6.664030970935715947e-01,5.737753714907569691e-01,7.305377569597544252e-01,-2.269461934865257477e-02,-2.608091422572673124e-01,7.992452824259600463e-01,5.029598213090771264e-01,6.164810739741695134e-01,7.210894463851151848e-01,6.163314049761552393e-01,3.898296633602535421e-01,-6.494438330664346892e-02,6.121429277482921538e-01,5.463889949044671290e-01,7.689718187902728763e-01,4.395984801465339653e-01,7.809433354798009930e-01,8.291011221471471515e-01,3.818007119276796701e-01,6.625162655310221638e-01,5.386620358678572140e-01,4.883886107536398180e-01,5.723938500892907788e-01,1.000000000000000000e+00,6.531745864651207212e-01,5.256316189871732547e-01,7.335198537889163761e-01,7.549894348345956852e-01,8.390451191679875187e-01,7.890722560606950875e-01,8.144722571464004801e-01
3.517449212724696461e-01,4.997739435580685341e-01,5.988973618262798393e-01,-5.666612077505042144e-01,5.432231608191683270e-01,7.022838542451592669e-01,1.813249385149878212e-01,-5.795809461082324088e-01,5.257302011111074647e-01,4.072771798978309654e-01,6.290633434585513051e-01,5.920425112757421449e-03,-1.265041998730384587e-01,6.107506474700107324e-01,2.288419678491142029e-01,5.059536138147084916e-01,5.967699406725438527e-01,3.096474549043943814e-01,3.461252469205444160e-01,-2.615209330219884221e-01,3.941236154248665691e-01,4.007069402516458267e-01,6.040697460732983304e-01,4.155538242760513645e-01,6.611225476491446873e-01,6.594894727069996465e-01,5.458577374793330828e-01,6.178033837758230007e-01,1.823603718262769013e-01,3.700865830014424818e-01,6.768649861101195819e-01,6.531745864651207212e-01,1.000000000000000000e+00,3.682696653363899397e-01,3.962722157239374488e-01,3.879687042207292103e-01,5.603296413756079231e-01,5.213701402312913569e-01,5.348531664187219370e-01
4.757634710532372968e-01,4.587027946756055963e-01,7.716793688217177261e-01,-4.856406325289254200e-01,8.285997001586695720e-01,3.303851587417280800e-01,3.323501316856704024e-01,-7.847440937116054727e-01,8.384330905906612896e-01,4.715110987752872962e-01,3.203435854642928127e-01,2.063980545439429715e-01,-3.605135147453525368e-01,7.622347283240715754e-01,6.606391808547938949e-01,5.294132618207854080e-01,2.432984454538849317e-01,7.344784457678644740e-01,2.942088831938660110e-01,-1.026169483427797902e-01,6.366720296706213089e-01,3.038312031460711493e-01,5.693010729135919989e-01,4.552179175871060579e-01,5.248634759611303657e-01,5.824641806227247587e-01,2.020466468837604501e-01,6.342166039986654180e-01,4.040700879878122431e-01,4.913188986569621552e-01,4.753116961602216750e-01,5.256316189871732547e-01,3.682696653363899397e-01,1.000000000000000000e+00,3.037702083885428506e-01,5.075022485402050920e-01,4.670673488311882227e-01,6.768472803291614159e-01,6.691652798371994226e-01
6.040679040666475652e-01,7.321607383790615931e-01,1.939696120210147590e-01,-3.262556188474836083e-01,3.043354880808180618e-01,6.714907569027219747e-01,4.740007428362838504e-01,-2.207894465323272104e-01,4.245563011813494048e-01,4.650238153185515255e-01,5.783131026633998584e-01,-1.424613613206590357e-01,1.397321206847834847e-02,6.102475441814524393e-01,4.680391163264993049e-01,5.361209403674142004e-01,6.352703998167850141e-01,5.640013266183168117e-01,3.069115914971813908e-01,2.031309949058519304e-01,5.901461332102043711e-01,5.659653032182114796e-01,6.907539717840256444e-01,3.415543566863522562e-01,7.059385541865593749e-01,6.446075288633974498e-01,8.937515599160943125e-02,4.157274466457976936e-01,5.573228507177800939e-01,3.715455177688761768e-01,1.796367290241544512e-01,7.335198537889163761e-01,3.962722157239374488e-01,3.037702083885428506e-01,1.000000000000000000e+00,6.439186583004076203e-01,7.551111031734673018e-01,6.052060822165996612e-01,5.795226280700455090e-01
6.066554443074020364e-01,7.570822639034519019e-01,4.001697207279962254e-01,-5.398870333546699207e-01,4.968722555609473290e-01,6.738899317394388966e-01,4.828173329359287114e-01,-4.128888916218566574e-01,5.734889466724708562e-01,5.557373757705119655e-01,5.903283873282397787e-01,-5.510936339743056217e-02,-2.146511926861533470e-01,6.985506138104502494e-01,4.888249743069727482e-01,5.777076711904526318e-01,5.409009957009482950e-01,6.107927231441170335e-01,2.085879344558587700e-01,8.844333555064044783e-02,6.140215161866918736e-01,4.981792997818549895e-01,6.642414626134396372e-01,3.407881187395410683e-01,6.718156909885731887e-01,6.746510478966012414e-01,1.709394328217886116e-01,5.625287300464890672e-01,5.033900679321298144e-01,4.996042939148598871e-01,3.873473361639955814e-01,7.549894348345956852e-01,3.879687042207292103e-01,5.075022485402050920e-01,6.439186583004076203e-01,1.000000000000000000e+00,7.540538682999640141e-01,7.310387842711588702e-01,7.092207792214725304e-01
5.794724256084785585e-01,7.812334522352107902e-01,4.030385119800132809e-01,-5.024973526369940213e-01,4.875168851388552715e-01,7.124777819016218094e-01,4.293533101316129308e-01,-4.190548050544048997e-01,5.798010785329654748e-01,5.041442098943581529e-01,6.559514412016473894e-01,-7.975466833211082573e-02,-2.323541872811729914e-01,7.165786536405236440e-01,4.220624370503125444e-01,5.463179501566932661e-01,5.639219465980782608e-01,5.950799011425372820e-01,2.797878407555793867e-01,5.429713959002147039e-02,6.736115362151797736e-01,5.323582651783645980e-01,7.141004372036858783e-01,4.144098881642451770e-01,7.406734620314092687e-01,6.872754891454917470e-01,2.019058513477090255e-01,5.582999396040163598e-01,5.361039191118174285e-01,4.103078739698357014e-01,4.173593485204990516e-01,8.390451191679875187e-01,5.603296413756079231e-01,4.670673488311882227e-01,7.551111031734673018e-01,7.540538682999640141e-01,1.000000000000000000e+00,7.388464854417478023e-01,7.840375060346600478e-01
7.006899631764610392e-01,7.702223345076416594e-01,6.038364847534078983e-01,-6.613891969769351009e-01,6.229010868279328816e-01,6.089084001006966895e-01,3.961657867147769241e-01,-6.013806250265396613e-01,8.334150824634620758e-01,6.913065287045437879e-01,5.664080753812066327e-01,1.010232282016997468e-01,-4.483803936356649533e-01,7.941234271996260308e-01,7.085280679767193002e-01,7.276982536096552323e-01,5.680758510998530353e-01,7.561454755800675054e-01,3.542464281567482831e-01,2.200305844618842543e-02,6.871116812429679532e-01,5.184551163167379073e-01,7.148691055850691090e-01,4.486247420237899908e-01,7.022380856269460070e-01,8.432344886926527172e-01,3.097446884980106230e-01,7.383860725999744634e-01,6.077187492368563149e-01,6.748249301644549947e-01,5.573596598167301908e-01,7.890722560606950875e-01,5.213701402312913569e-01,6.768472803291614159e-01,6.052060822165996612e-01,7.310387842711588702e-01,7.388464854417478023e-01,1.000000000000000000e+00,8.280344836469984982e-01
5.616324295102790298e-01,7.387135356176429690e-01,5.254393680846398684e-01,-6.026766497935300837e-01,6.402079334952206491e-01,6.756423304721745904e-01,3.196085410928578008e-01,-5.285061469178737870e-01,7.629012039355711483e-01,5.544492683174475633e-01,5.338328221872030710e-01,2.427548012904243713e-01,-4.221408404444982887e-01,7.705584600557434660e-01,6.689235496603013198e-01,6.156247388217690464e-01,4.404027299317324617e-01,7.196655528952622394e-01,4.310241278955086464e-01,-6.290484488487978199e-02,6.553132049741091647e-01,4.833556130356227443e-01,7.156324252218769777e-01,4.593433314224387165e-01,7.146591801296644508e-01,7.788837000562028878e-01,3.189638985050700648e-01,7.062744568699726999e-01,4.567486252053383766e-01,4.782072016756738209e-01,5.495793485870545947e-01,8.144722571464004801e-01,5.348531664187219370e-01,6.691652798371994226e-01,5.795226280700455090e-01,7.092207792214725304e-01,7.840375060346600478e-01,8.280344836469984982e-01,1.000000000000000000e+00
