1.000000000000000000e+00,8.245509569753479706e-01,6.466463516144937973e-01,2.412143262270282501e-02,7.148223708545614619e-01,3.308211535257607472e-01,3.190244103559057576e-02,-1.916829347568534403e-01,7.734264893162732246e-01,7.476885038029422725e-01,6.035659295123074752e-01,4.714050413604247147e-01,3.704341691378962298e-01,5.378290299478458714e-01,6.904031268512174357e-02,7.774826524630913394e-01,3.512681269001103335e-01,3.706064431890042088e-01,5.308019744367312720e-01,2.335849445641655642e-01,6.300778394433176333e-01,5.201431339385951258e-01,7.375077214394510916e-01,3.666372829617609574e-01,7.751020570735275284e-01,7.201015635843097673e-01,7.155737409467308741e-01,6.018955948431359282e-01,7.374106556392596712e-01,7.815019262671853983e-01,6.182705102867158686e-01,5.265862505755050105e-01,6.064177986658421116e-01,5.908252964481537362e-01,1.546753645871067617e-01,5.234680043360911972e-01,6.313174347563330624e-01,2.923579042855269927e-01,6.742531259104672658e-01
8.245509569753479706e-01,1.000000000000000000e+00,6.342850780729528681e-01,1.067045080235164284e-01,7.020840406580267645e-01,3.580453853650298335e-01,1.156498932431620497e-01,-2.070136119805798536e-01,7.092801058757217669e-01,7.702858643465814170e-01,6.389699068394331105e-01,4.854340673064886369e-01,5.552364728506880009e-01,6.086815890212048386e-01,-1.324750094332240447e-01,7.387065519511071265e-01,2.908878776436658042e-01,2.741923502533862300e-01,3.608151301772134500e-01,3.137305769714501813e-01,6.119375180220654187e-01,6.410126436115329840e-01,6.830938100915994182e-01,4.249031986851746767e-01,7.088199658217446686e-01,5.267905445123347574e-01,7.104291964540884186e-01,6.752809361953591161e-01,7.221997645411059041e-01,6.302423750894879939e-01,5.963810190049967375e-01,6.098792718203338570e-01,6.607518493750309529e-01,5.518523872657988827e-01,1.896461306183122586e-01,5.224731376816437178e-01,6.899718753279969752e-01,1.195711995521643069e-02,7.698801731916837809e-01
6.466463516144937973e-01,6.342850780729528681e-01,1.000000000000000000e+00,3.022805834488913324e-02,8.155696874062685620e-01,4.084857349302573742e-02,1.810729756447446992e-01,-4.481560695187035148e-01,7.871607471925141652e-01,7.376992645436373230e-01,6.802702148608403832e-01,3.861463175682574023e-01,3.723768550018445311e-01,5.276035905561408113e-01,-5.040211945497721779e-02,7.322434920064019304e-01,4.491455717304998485e-01,4.218560561229521833e-01,7.161663275022857045e-01,1.320768083212283395e-01,6.038185871355932210e-01,6.500482335290937996e-01,6.731556629028814243e-01,5.035189237322136302e-01,6.130860491690675040e-01,5.963037484437260227e-01,6.165688019835392497e-01,6.292769020010794412e-01,4.765922783565801901e-01,7.161396819483146770e-01,7.379348362012323470e-01,3.687850767060468216e-01,7.073130685727772038e-01,6.673851333303992828e-01,1.680046638001640447e-01,4.961666842069603067e-01,4.419727112376519162e-01,1.160295034569306105e-01,6.290458564267498165e-01
2.412143262270282501e-02,1.067045080235164284e-01,3.022805834488913324e-02,1.000000000000000000e+00,4.368819154355540330e-02,1.336203888783039084e-01,6.521985632585995951e-01,3.815280752902177608e-01,-4.258528077431997932e-02,1.516321173591072824e-01,9.964344736328553664e-02,-3.335696721472840298e-02,3.169380531621222019e-01,2.527734620376732855e-02,-2.640968058234273164e-01,5.797359636479858941e-02,-6.836496292804201957e-02,2.029667337503423263e-01,-7.441902879489856182e-02,3.324993691956017461e-01,1.295374050650109632e-01,6.122375137343286089e-02,-7.827923606275856427e-02,1.764810212842812531e-01,5.396582206262289828e-03,-7.651352593269690472e-02,7.487413868806731820e-02,3.400180272623488237e-02,1.250317296572610037e-01,-1.652993563728409609e-02,4.080825210351000931e-02,1.258033828716623170e-01,3.595591726243486247e-02,-1.361904294273047836e-02,-3.656107991000668699e-03,6.951817049524067205e-02,1.086146990248789829e-01,-2.878879644852040953e-01,1.477779025700216853e-01
7.148223708545614619e-01,7.020840406580267645e-01,8.155696874062685620e-01,4.368819154355540330e-02,1.000000000000000000e+00,1.261365514171573776e-01,1.010100121555876085e-01,-4.429765280891955204e-01,8.072029265168669809e-01,7.523491011737873935e-01,6.291211553162588954e-01,4.512200437061337777e-01,3.454383924877528766e-01,5.854172444086692684e-01,-7.060975931346231624e-03,7.726541888386684320e-01,3.647472992811796599e-01,4.983718123201377748e-01,6.710552126957077812e-01,3.404051116134183125e-02,6.069503627351668928e-01,5.555805304283256696e-01,6.822306804401238045e-01,3.740629787128638140e-01,6.812286799113504987e-01,6.185229265246574570e-01,6.611631701756528479e-01,6.320478611424759086e-01,5.253143021496839982e-01,7.312675695273973542e-01,6.918832031152162276e-01,3.893678038531635521e-01,6.785323207405200563e-01,7.018129564436291767e-01,1.950415607117155503e-01,5.555691289498383423e-01,4.877024248107026394e-01,1.538055561306197749e-01,6.703408681925083767e-01
3.308211535257607472e-01,3.580453853650298335e-01,4.084857349302573742e-02,1.336203888783039084e-01,1.261365514171573776e-01,1.000000000000000000e+00,-4.389096466228945004e-02,4.073201353644144707e-01,6.256567971721038735e-02,3.873689760518069791e-01,2.810328843798989840e-01,2.058570918225948732e-01,3.977926362644624847e-01,2.540918965945963004e-01,-2.351859190842399971e-01,2.319135633633823967e-01,-3.057475773321550322e-02,1.054613348633629266e-01,-8.396096800304746199e-02,2.699863686128797235e-01,2.809381935372360917e-01,2.910500374915904187e-01,4.454771081851320313e-01,2.917900787642749294e-01,3.414927530481650653e-01,2.044009039869401079e-01,4.672538368655197449e-01,3.762295005646545953e-01,6.795694827436880026e-01,1.259729569526307491e-01,2.775147509475292540e-01,6.432715633349861406e-01,2.807591499699606530e-01,-1.299352256375244929e-01,3.118133898040141849e-01,8.330662140087574663e-02,6.431297834277731607e-01,-9.661614640117478781e-02,2.554298463856445323e-01
3.190244103559057576e-02,1.156498932431620497e-01,1.810729756447446992e-01,6.521985632585995951e-01,1.010100121555876085e-01,-4.389096466228945004e-02,1.000000000000000000e+00,2.111765792095904662e-02,-2.191189146811796731e-02,1.725589679719184977e-01,2.621636630310499316e-01,-1.961896028842576578e-01,3.051273963024505598e-01,7.799919214910805421e-02,-4.120694865890353054e-01,4.917178765552029929e-02,1.208702151354525828e-01,-1.887453842869383364e-02,-6.844013881195255833e-02,3.091859104068407360e-01,-5.677561095927740817e-03,1.870983427372934771e-01,-9.539890594542993485e-02,3.037133558300318947e-01,1.034609701126903113e-02,1.067442834747730496e-01,7.712701461625715016e-02,7.176850086505665027e-02,7.523485949393927952e-02,3.106221415215542833e-02,1.509513582620966854e-01,1.017624959721570022e-01,6.317056183154737270e-02,-4.319394123092419602e-02,9.238922277378415482e-02,1.122592028714647638e-01,1.190687246022618939e-01,-2.430463177616255521e-01,6.178155889478668950e-02
-1.916829347568534403e-01,-2.070136119805798536e-01,-4.481560695187035148e-01,3.815280752902177608e-01,-4.429765280891955204e-01,4.073201353644144707e-01,2.111765792095904662e-02,1.000000000000000000e+00,-4.615857977799536216e-01,-2.101142197136728340e-01,-2.484567334655626014e-01,-9.112877553191582602e-02,3.955028282822119906e-02,-3.225041339926028039e-01,4.064467653451959983e-02,-3.351774408508639835e-01,-1.872796228882666614e-01,-1.334636655737571342e-01,-3.563013099278983242e-01,3.413036307346876685e-01,-1.747354823175784888e-01,-1.435548041353213178e-01,-2.079616757370596480e-01,-8.666213265272848520e-02,-2.410817901891988135e-01,-1.966996831566454607e-01,-7.349569912302503227e-02,-1.762224162578435727e-01,9.064696808447482435e-02,-3.479011385358710684e-01,-2.501215757880030921e-01,1.628345903132330796e-01,-2.540718880945063152e-01,-4.211213087481104900e-01,-5.464297084834955631e-02,-3.592458828308817131e-01,8.520358125506262426e-02,-1.216622531037047233e-01,-2.311585292099684330e-01
7.734264893162732246e-01,7.092801058757217669e-01,7.871607471925141652e-01,-4.258528077431997932e-02,8.072029265168669809e-01,6.256567971721038735e-02,-2.191189146811796731e-02,-4.615857977799536216e-01,1.000000000000000000e+00,7.408767691471473960e-01,5.461539721232364641e-01,5.398214917290485859e-01,2.457313869354226243e-01,5.929985765713117196e-01,2.039398257980777618e-01,8.373882708105770956e-01,3.166582530928274686e-01,5.209162357830664503e-01,7.516574213854307907e-01,1.539049496816482891e-02,6.842822873365135283e-01,4.599234753665443765e-01,6.986451580606406475e-01,3.351998822795781985e-01,7.275613848215167767e-01,6.460172597418407658e-01,5.812644547744919565e-01,5.611585497659901112e-01,4.944678676079694024e-01,8.515269604617410337e-01,6.323936690522353743e-01,2.835514083238557803e-01,6.624491518358412989e-01,8.317666512544307222e-01,1.806703673292207601e-01,6.278020623824983604e-01,3.975249438406276425e-01,3.102832446285382906e-01,6.930875795280017071e-01
7.476885038029422725e-01,7.702858643465814170e-01,7.376992645436373230e-01,1.516321173591072824e-01,7.523491011737873935e-01,3.873689760518069791e-01,1.725589679719184977e-01,-2.101142197136728340e-01,7.408767691471473960e-01,1.000000000000000000e+00,6.344619777373676772e-01,4.650566120968142036e-01,5.402539371977819194e-01,6.842658258004029603e-01,-8.992637195798873495e-02,8.445375760831689282e-01,2.539085186858428544e-01,4.052829830307848047e-01,5.630802329325895750e-01,1.997976977400160448e-01,6.439733175603491455e-01,6.471337417614615450e-01,7.565919252093312730e-01,4.873319320441810709e-01,7.855092978816525795e-01,6.030171715938920096e-01,6.546834594955575071e-01,6.922344271148478390e-01,6.823533330638898997e-01,7.357057806363709318e-01,7.094632169101039443e-01,5.113997089632938975e-01,6.988176603220391803e-01,5.541998377107285600e-01,3.633614154311582412e-01,5.991924213308559288e-01,6.204013330936861692e-01,1.358756418146835621e-01,7.486214610725715479e-01
6.035659295123074752e-01,6.389699068394331105e-01,6.802702148608403832e-01,9.964344736328553664e-02,6.291211553162588954e-01,2.810328843798989840e-01,2.621636630310499316e-01,-2.484567334655626014e-01,5.461539721232364641e-01,6.344619777373676772e-01,1.000000000000000000e+00,3.669673088065963373e-01,5.723510339891223486e-01,4.760074986313193590e-01,-3.172967589937837340e-01,5.587996221431732469e-01,6.900821458343741055e-01,1.997007234058254255e-01,3.749675389235438416e-01,2.982362675702475707e-01,5.271444927721048446e-01,6.567471192267810842e-01,6.141803656906330566e-01,6.465321993909658449e-01,5.352035719960371862e-01,4.846366608563492107e-01,6.992456718717723341e-01,6.866754485451807000e-01,6.341446304273694601e-01,4.701698437296714106e-01,7.075661442711803639e-01,6.291749464748075393e-01,7.360950377551228607e-01,4.056221269003940644e-01,3.672041481147710063e-02,3.370051790404002268e-01,6.298774382725805809e-01,-8.879057671576429112e-02,6.010807213094473411e-01
4.714050413604247147e-01,4.854340673064886369e-01,3.861463175682574023e-01,-3.335696721472840298e-02,4.512200437061337777e-01,2.058570918225948732e-01,-1.961896028842576578e-01,-9.112877553191582602e-02,5.398214917290485859e-01,4.650566120968142036e-01,3.669673088065963373e-01,1.000000000000000000e+00,4.211798252859947356e-01,5.294238600139212769e-01,3.306438131312443018e-01,6.059676928976810428e-01,3.002888837075810557e-01,4.641879672572541971e-01,3.701618813336296498e-01,1.092588436608413344e-01,4.495077818693087313e-01,4.316946904251659500e-01,5.847266464500785466e-01,1.771459869542215959e-01,5.229180469228421613e-01,2.259082587614296422e-01,5.942351347207499579e-01,4.688127603855699599e-01,3.171855011748084263e-01,5.202632374205393706e-01,3.598938324707232073e-01,4.856433542967660832e-01,4.972221143350069594e-01,5.702570898787585607e-01,-5.110013766478247246e-03,6.280639222038959524e-01,4.750382366641499043e-01,2.433673586243840781e-01,6.669921302228813964e-01
3.704341691378962298e-01,5.552364728506880009e-01,3.723768550018445311e-01,3.169380531621222019e-01,3.454383924877528766e-01,3.977926362644624847e-01,3.051273963024505598e-01,3.955028282822119906e-02,2.457313869354226243e-01,5.402539371977819194e-01,5.723510339891223486e-01,4.211798252859947356e-01,1.000000000000000000e+00,3.629240237170636707e-01,-3.878715258365864060e-01,4.378214770801989175e-01,2.878772739329437669e-01,4.092545389393655031e-02,1.607564593954399768e-02,3.802475277273897336e-01,2.957874490421291691e-01,5.673339942337704001e-01,5.098861321477656805e-01,3.478219441617154684e-01,3.508912901640146020e-01,4.717379935845412986e-02,5.208573422505898831e-01,4.979683387363181835e-01,4.878660365483944439e-01,2.355576909148877907e-01,3.511403198536997006e-01,6.419665939473002680e-01,4.563128278536640048e-01,1.386289445199560544e-01,6.108339199889729898e-02,2.863602631787541264e-01,6.039340825027889048e-01,-1.703004826662939397e-01,6.141909997573263835e-01
5.378290299478458714e-01,6.086815890212048386e-01,5.276035905561408113e-01,2.527734620376732855e-02,5.854172444086692684e-01,2.540918965945963004e-01,7.799919214910805421e-02,-3.225041339926028039e-01,5.929985765713117196e-01,6.842658258004029603e-01,4.760074986313193590e-01,5.294238600139212769e-01,3.629240237170636707e-01,1.000000000000000000e+00,-7.532364359649257150e-03,6.351842359366680624e-01,1.545797628600052431e-01,3.481444274018791196e-01,3.301972455198914913e-01,4.177943193252976750e-02,5.324558819576162838e-01,4.554538717353125987e-01,5.709451059094440284e-01,5.720559158948327338e-01,6.915103288881675470e-01,4.051919979886111634e-01,5.105570580391172175e-01,6.212027764537652041e-01,4.813561613238620529e-01,5.155734639306535083e-01,5.252703209315022770e-01,4.465256103282309041e-01,6.756050094197612044e-01,4.729318172108979423e-01,5.243645590758316821e-01,6.715400683655114999e-01,5.663090596781752417e-01,-3.287413323489313949e-02,6.232041320384029692e-01
6.904031268512174357e-02,-1.324750094332240447e-01,-5.040211945497721779e-02,-2.640968058234273164e-01,-7.060975931346231624e-03,-2.351859190842399971e-01,-4.120694865890353054e-01,4.064467653451959983e-02,2.039398257980777618e-01,-8.992637195798873495e-02,-3.172967589937837340e-01,3.306438131312443018e-01,-3.878715258365864060e-01,-7.532364359649257150e-03,1.000000000000000000e+00,7.390214072085242447e-02,-6.348179975113624196e-02,4.019534959586481548e-01,2.983078529409576851e-01,-1.647727153665942967e-01,2.949845496097599704e-02,-2.487690600428894283e-01,-1.414806776125446947e-02,-3.131887877797412956e-01,5.349887161119895596e-02,1.886083843422876882e-01,-1.255342323682034633e-01,-1.591357541000172626e-01,-1.905987319631098076e-01,2.313572394849561786e-01,-1.738517300614669525e-01,-3.073518268848662860e-01,-8.417536044087815805e-02,3.392352950544011980e-01,-4.292947607385192571e-02,2.211238185124326239e-01,-2.551185998807692923e-01,5.601835689204087698e-01,-1.162945607661098057e-01
7.774826524630913394e-01,7.387065519511071265e-01,7.322434920064019304e-01,5.797359636479858941e-02,7.726541888386684320e-01,2.319135633633823967e-01,4.917178765552029929e-02,-3.351774408508639835e-01,8.373882708105770956e-01,8.445375760831689282e-01,5.587996221431732469e-01,6.059676928976810428e-01,4.378214770801989175e-01,6.351842359366680624e-01,7.390214072085242447e-02,1.000000000000000000e+00,2.677374060566206637e-01,4.911131673235159534e-01,6.390628582592648987e-01,9.816488248978456899e-02,6.478411735824981532e-01,5.311393254340118775e-01,7.711866749141417232e-01,3.287106851676080965e-01,7.795932213700124125e-01,5.374966405932923852e-01,6.373020748978213135e-01,5.852569547856955046e-01,5.548521791218682386e-01,8.432204920797794490e-01,6.572852045083811268e-01,4.019528568914510491e-01,6.307695027264527132e-01,7.114193880360106803e-01,1.850721253154052337e-01,6.932556674288291587e-01,4.997815624441545590e-01,2.540135141464778257e-01,7.473975904802495629e-01
3.512681269001103335e-01,2.908878776436658042e-01,4.491455717304998485e-01,-6.836496292804201957e-02,3.647472992811796599e-01,-3.057475773321550322e-02,1.208702151354525828e-01,-1.872796228882666614e-01,3.166582530928274686e-01,2.539085186858428544e-01,6.900821458343741055e-01,3.002888837075810557e-01,2.878772739329437669e-01,1.545797628600052431e-01,-6.348179975113624196e-02,2.677374060566206637e-01,1.000000000000000000e+00,8.382705498648375386e-02,3.362858296398084090e-01,2.328206955562193703e-01,2.752153181011190441e-01,4.471628512662612631e-01,3.935827329615947945e-01,4.168902370872806240e-01,3.037075895915234969e-01,3.204658890629580315e-01,4.843024645962684671e-01,4.975790055774981235e-01,2.688310777228221649e-01,3.042967511016583249e-01,4.476106606897402029e-01,4.298412127556737738e-01,5.403488157422030591e-01,2.810036683421829329e-01,-3.315207288775622319e-01,2.048438112786571674e-01,3.684485839938158036e-01,5.637903455769909672e-02,2.898361971381753222e-01
3.706064431890042088e-01,2.741923502533862300e-01,4.218560561229521833e-01,2.029667337503423263e-01,4.983718123201377748e-01,1.054613348633629266e-01,-1.887453842869383364e-02,-1.334636655737571342e-01,5.209162357830664503e-01,4.052829830307848047e-01,1.997007234058254255e-01,4.641879672572541971e-01,4.092545389393655031e-02,3.481444274018791196e-01,4.019534959586481548e-01,4.911131673235159534e-01,8.382705498648375386e-02,1.000000000000000000e+00,5.288653237240938942e-01,-7.478680760913741787e-02,4.011097271586022694e-01,1.825254094144113381e-01,3.627398358876152140e-01,7.952821910316659748e-02,3.826243948229871572e-01,3.728164105661939121e-01,3.654686008312660328e-01,2.782641228097230135e-01,2.374012385036194661e-01,5.069920668651561879e-01,3.727464746215974900e-01,1.402081452838969122e-01,3.027051338040375739e-01,4.758096593516037420e-01,6.963897040086665380e-02,4.382282858779733004e-01,1.890906886225900974e-01,1.540491953226763855e-01,2.809199018045311913e-01
5.308019744367312720e-01,3.608151301772134500e-01,7.161663275022857045e-01,-7.441902879489856182e-02,6.710552126957077812e-01,-8.396096800304746199e-02,-6.844013881195255833e-02,-3.563013099278983242e-01,7.516574213854307907e-01,5.630802329325895750e-01,3.749675389235438416e-01,3.701618813336296498e-01,1.607564593954399768e-02,3.301972455198914913e-01,2.983078529409576851e-01,6.390628582592648987e-01,3.362858296398084090e-01,5.288653237240938942e-01,1.000000000000000000e+00,-1.877201905224956113e-01,4.681745797173802459e-01,3.447808273674549673e-01,5.514764744808832164e-01,1.629207109639709827e-01,5.479869319198626965e-01,6.198205643025361811e-01,4.285468835561042633e-01,3.865264189234038361e-01,2.476905575546867744e-01,7.520900867789100941e-01,6.100701471893833494e-01,6.598387026399962774e-02,4.812689722319112295e-01,6.740406065197133145e-01,6.109622642823676203e-02,4.408633508929258316e-01,1.463573488788735000e-01,3.980750330163055350e-01,4.436758088324936344e-01
2.335849445641655642e-01,3.137305769714501813e-01,1.320768083212283395e-01,3.324993691956017461e-01,3.404051116134183125e-02,2.699863686128797235e-01,3.091859104068407360e-01,3.413036307346876685e-01,1.539049496816482891e-02,1.997976977400160448e-01,2.982362675702475707e-01,1.092588436608413344e-01,3.802475277273897336e-01,4.177943193252976750e-02,-1.647727153665942967e-01,9.816488248978456899e-02,2.328206955562193703e-01,-7.478680760913741787e-02,-1.877201905224956113e-01,1.000000000000000000e+00,3.506244910711739937e-01,2.640924671985723782e-01,1.197968396259180140e-01,3.398410702963090557e-01,1.303620617033519891e-01,5.582569986550580537e-02,2.583809900979760488e-01,2.751961372532533701e-01,3.973833622449836622e-01,-2.149281855611800268e-02,3.877073106180002615e-02,4.120857444814175485e-01,2.804547282734669023e-01,6.566316586971279734e-02,-1.577703521797680641e-01,5.227092278171528716e-02,3.637032753922548323e-01,-1.440674867743657328e-01,2.047125886188874422e-01
6.300778394433176333e-01,6.119375180220654187e-01,6.038185871355932210e-01,1.295374050650109632e-01,6.069503627351668928e-01,2.809381935372360917e-01,-5.677561095927740817e-03,-1.747354823175784888e-01,6.842822873365135283e-01,6.439733175603491455e-01,5.271444927721048446e-01,4.495077818693087313e-01,2.957874490421291691e-01,5.324558819576162838e-01,2.949845496097599704e-02,6.478411735824981532e-01,2.752153181011190441e-01,4.011097271586022694e-01,4.681745797173802459e-01,3.506244910711739937e-01,1.000000000000000000e+00,3.775567679857472214e-01,5.713596074758019450e-01,4.819847178311327807e-01,6.515441283613122581e-01,4.459653783658390491e-01,5.024365687824207116e-01,6.721921825192649358e-01,6.342694885802706573e-01,5.689642406263285546e-01,4.602051042446081430e-01,3.966003013411492084e-01,7.434030068316758166e-01,6.438668970232417355e-01,1.526111604716643422e-01,5.226107542199340816e-01,4.607811723026806749e-01,1.878880600860942385e-01,6.697222729292784393e-01
5.201431339385951258e-01,6.410126436115329840e-01,6.500482335290937996e-01,6.122375137343286089e-02,5.555805304283256696e-01,2.910500374915904187e-01,1.870983427372934771e-01,-1.435548041353213178e-01,4.599234753665443765e-01,6.471337417614615450e-01,6.567471192267810842e-01,4.316946904251659500e-01,5.673339942337704001e-01,4.554538717353125987e-01,-2.487690600428894283e-01,5.311393254340118775e-01,4.471628512662612631e-01,1.825254094144113381e-01,3.447808273674549673e-01,2.640924671985723782e-01,3.775567679857472214e-01,1.000000000000000000e+00,6.495215525406549117e-01,4.879353437966838514e-01,4.891534143684564961e-01,3.906056510033076301e-01,7.430336469452952786e-01,6.113300619515872336e-01,5.269696920482691560e-01,4.338465502353782699e-01,7.057317943891078249e-01,6.911910398057556915e-01,5.947142589114549072e-01,3.156521021654150605e-01,1.243321961677401610e-01,3.766835508203826288e-01,6.819200851766504812e-01,-1.286851880932468606e-01,6.174147412834014581e-01
7.375077214394510916e-01,6.830938100915994182e-01,6.731556629028814243e-01,-7.827923606275856427e-02,6.822306804401238045e-01,4.454771081851320313e-01,-9.539890594542993485e-02,-2.079616757370596480e-01,6.986451580606406475e-01,7.565919252093312730e-01,6.141803656906330566e-01,5.847266464500785466e-01,5.098861321477656805e-01,5.709451059094440284e-01,-1.414806776125446947e-02,7.711866749141417232e-01,3.935827329615947945e-01,3.627398358876152140e-01,5.514764744808832164e-01,1.197968396259180140e-01,5.713596074758019450e-01,6.495215525406549117e-01,1.000000000000000000e+00,3.968195228058790103e-01,7.435289059254495125e-01,4.959168209592891285e-01,7.585366927983322460e-01,6.221576914074631315e-01,6.492280039208047082e-01,7.121341824186514513e-01,6.862453284657471508e-01,6.256166079579403849e-01,6.693434638675548332e-01,4.966313253008963202e-01,1.909892815420699552e-01,5.056960681221974729e-01,6.756078738497879321e-01,2.546048292723713247e-01,7.218399063020987105e-01
3.666372829617609574e-01,4.249031986851746767e-01,5.035189237322136302e-01,1.764810212842812531e-01,3.740629787128638140e-01,2.917900787642749294e-01,3.037133558300318947e-01,-8.666213265272848520e-02,3.351998822795781985e-01,4.873319320441810709e-01,6.465321993909658449e-01,1.771459869542215959e-01,3.478219441617154684e-01,5.720559158948327338e-01,-3.131887877797412956e-01,3.287106851676080965e-01,4.168902370872806240e-01,7.952821910316659748e-02,1.629207109639709827e-01,3.398410702963090557e-01,4.819847178311327807e-01,4.879353437966838514e-01,3.968195228058790103e-01,1.000000000000000000e+00,3.744963222700606331e-01,3.495340269382934961e-01,4.526083672904612776e-01,5.769912165464637921e-01,5.383514491167747940e-01,2.190663284281774148e-01,5.079366436448994326e-01,5.034187538726656586e-01,6.693808088250081667e-01,2.095963695557361839e-01,3.527838360570300091e-01,3.017188483115071373e-01,5.493264838712706988e-01,-2.294292948794588172e-01,3.629722846278210513e-01
7.751020570735275284e-01,7.088199658217446686e-01,6.130860491690675040e-01,5.396582206262289828e-03,6.812286799113504987e-01,3.414927530481650653e-01,1.034609701126903113e-02,-2.410817901891988135e-01,7.275613848215167767e-01,7.855092978816525795e-01,5.352035719960371862e-01,5.229180469228421613e-01,3.508912901640146020e-01,6.915103288881675470e-01,5.349887161119895596e-02,7.795932213700124125e-01,3.037075895915234969e-01,3.826243948229871572e-01,5.479869319198626965e-01,1.303620617033519891e-01,6.515441283613122581e-01,4.891534143684564961e-01,7.435289059254495125e-01,3.744963222700606331e-01,1.000000000000000000e+00,6.099721600128644727e-01,6.579862861262496532e-01,6.992924654278898089e-01,6.354844016139871155e-01,7.623361966846603499e-01,6.269441948400585884e-01,4.738693537699695257e-01,7.027795154665347210e-01,6.033662496368951134e-01,2.855430800761775689e-01,6.815590292360066416e-01,5.788582662788683830e-01,2.515207645977553530e-01,7.188891766674034844e-01
7.201015635843097673e-01,5.267905445123347574e-01,5.963037484437260227e-01,-7.651352593269690472e-02,6.185229265246574570e-01,2.044009039869401079e-01,1.067442834747730496e-01,-1.966996831566454607e-01,6.460172597418407658e-01,6.030171715938920096e-01,4.846366608563492107e-01,2.259082587614296422e-01,4.717379935845412986e-02,4.051919979886111634e-01,1.886083843422876882e-01,5.374966405932923852e-01,3.204658890629580315e-01,3.728164105661939121e-01,6.198205643025361811e-01,5.582569986550580537e-02,4.459653783658390491e-01,3.906056510033076301e-01,4.959168209592891285e-01,3.495340269382934961e-01,6.099721600128644727e-01,1.000000000000000000e+00,5.663379007362204787e-01,4.976013437594375977e-01,5.799261840385747657e-01,6.689236134771431308e-01,6.305616016702298987e-01,2.996553033469293581e-01,4.691021520759010022e-01,4.755875853126175223e-01,3.341863674061041900e-01,3.793969450496632589e-01,4.574429159889946694e-01,3.848071539403512542e-01,3.594663199125661679e-01
7.155737409467308741e-01,7.104291964540884186e-01,6.165688019835392497e-01,7.487413868806731820e-02,6.611631701756528479e-01,4.672538368655197449e-01,7.712701461625715016e-02,-7.349569912302503227e-02,5.812644547744919565e-01,6.546834594955575071e-01,6.992456718717723341e-01,5.942351347207499579e-01,5.208573422505898831e-01,5.105570580391172175e-01,-1.255342323682034633e-01,6.373020748978213135e-01,4.843024645962684671e-01,3.654686008312660328e-01,4.285468835561042633e-01,2.583809900979760488e-01,5.024365687824207116e-01,7.430336469452952786e-01,7.585366927983322460e-01,4.526083672904612776e-01,6.579862861262496532e-01,5.663379007362204787e-01,1.000000000000000000e+00,6.973891136499268395e-01,6.815348611758275110e-01,5.946508090174447148e-01,7.388024363628939994e-01,8.041428077024421750e-01,6.588986688520189761e-01,4.297881327341523394e-01,7.793605129866189307e-02,4.587442999737614269e-01,8.260016376268412008e-01,4.412867955316137833e-03,6.848524747967906778e-01
6.018955948431359282e-01,6.752809361953591161e-01,6.292769020010794412e-01,3.400180272623488237e-02,6.320478611424759086e-01,3.762295005646545953e-01,7.176850086505665027e-02,-1.762224162578435727e-01,5.611585497659901112e-01,6.922344271148478390e-01,6.866754485451807000e-01,4.688127603855699599e-01,4.979683387363181835e-01,6.212027764537652041e-01,-1.591357541000172626e-01,5.852569547856955046e-01,4.975790055774981235e-01,2.782641228097230135e-01,3.865264189234038361e-01,2.751961372532533701e-01,6.721921825192649358e-01,6.113300619515872336e-01,6.221576914074631315e-01,5.769912165464637921e-01,6.992924654278898089e-01,4.976013437594375977e-01,6.973891136499268395e-01,1.000000000000000000e+00,6.618518967029042299e-01,5.194080255004657198e-01,6.256531504383208153e-01,6.649303070811910521e-01,8.397565221050600215e-01,4.859449835622186575e-01,1.677702982512600804e-01,5.120483432050656480e-01,7.083653359869165334e-01,-4.165223287714308470e-02,6.724436904615526123e-01
7.374106556392596712e-01,7.221997645411059041e-01,4.765922783565801901e-01,1.250317296572610037e-01,5.253143021496839982e-01,6.795694827436880026e-01,7.523485949393927952e-02,9.064696808447482435e-02,4.944678676079694024e-01,6.823533330638898997e-01,6.341446304273694601e-01,3.171855011748084263e-01,4.878660365483944439e-01,4.813561613238620529e-01,-1.905987319631098076e-01,5.548521791218682386e-01,2.688310777228221649e-01,2.374012385036194661e-01,2.476905575546867744e-01,3.973833622449836622e-01,6.342694885802706573e-01,5.269696920482691560e-01,6.492280039208047082e-01,5.383514491167747940e-01,6.354844016139871155e-01,5.799261840385747657e-01,6.815348611758275110e-01,6.618518967029042299e-01,1.000000000000000000e+00,4.850427220792027372e-01,5.676363704463643911e-01,6.939134470200549742e-01,5.953509385607131943e-01,2.843005778603895917e-01,3.049108229242066259e-01,2.921092172766231454e-01,7.554744473922073711e-01,3.492460998737784844e-02,5.646180861690077712e-01
7.815019262671853983e-01,6.302423750894879939e-01,7.161396819483146770e-01,-1.652993563728409609e-02,7.312675695273973542e-01,1.259729569526307491e-01,3.106221415215542833e-02,-3.479011385358710684e-01,8.515269604617410337e-01,7.357057806363709318e-01,4.701698437296714106e-01,5.202632374205393706e-01,2.355576909148877907e-01,5.155734639306535083e-01,2.313572394849561786e-01,8.432204920797794490e-01,3.042967511016583249e-01,5.069920668651561879e-01,7.520900867789100941e-01,-2.149281855611800268e-02,5.689642406263285546e-01,4.338465502353782699e-01,7.121341824186514513e-01,2.190663284281774148e-01,7.623361966846603499e-01,6.689236134771431308e-01,5.946508090174447148e-01,5.194080255004657198e-01,4.850427220792027372e-01,1.000000000000000000e+00,6.039527582941072170e-01,2.927892190139996242e-01,5.465303359554241069e-01,7.280706957730196383e-01,1.336035161093809265e-01,6.483943891879546673e-01,4.027189759620296017e-01,3.936478774981588269e-01,6.342481190953814796e-01
6.182705102867158686e-01,5.963810190049967375e-01,7.379348362012323470e-01,4.080825210351000931e-02,6.918832031152162276e-01,2.775147509475292540e-01,1.509513582620966854e-01,-2.501215757880030921e-01,6.323936690522353743e-01,7.094632169101039443e-01,7.075661442711803639e-01,3.598938324707232073e-01,3.511403198536997006e-01,5.252703209315022770e-01,-1.738517300614669525e-01,6.572852045083811268e-01,4.476106606897402029e-01,3.727464746215974900e-01,6.100701471893833494e-01,3.877073106180002615e-02,4.602051042446081430e-01,7.057317943891078249e-01,6.862453284657471508e-01,5.079366436448994326e-01,6.269441948400585884e-01,6.305616016702298987e-01,7.388024363628939994e-01,6.256531504383208153e-01,5.676363704463643911e-01,6.039527582941072170e-01,1.000000000000000000e+00,5.386199578170938196e-01,6.251238731005572813e-01,4.143982307918979702e-01,2.304301045386493718e-01,4.039388623795275302e-01,6.142940549313712362e-01,3.361349262112148240e-02,5.620031591671776905e-01
5.265862505755050105e-01,6.098792718203338570e-01,3.687850767060468216e-01,1.258033828716623170e-01,3.893678038531635521e-01,6.432715633349861406e-01,1.017624959721570022e-01,1.628345903132330796e-01,2.835514083238557803e-01,5.113997089632938975e-01,6.291749464748075393e-01,4.856433542967660832e-01,6.419665939473002680e-01,4.465256103282309041e-01,-3.073518268848662860e-01,4.019528568914510491e-01,4.298412127556737738e-01,1.402081452838969122e-01,6.598387026399962774e-02,4.120857444814175485e-01,3.966003013411492084e-01,6.911910398057556915e-01,6.256166079579403849e-01,5.034187538726656586e-01,4.738693537699695257e-01,2.996553033469293581e-01,8.041428077024421750e-01,6.649303070811910521e-01,6.939134470200549742e-01,2.927892190139996242e-01,5.386199578170938196e-01,1.000000000000000000e+00,5.717713130773823815e-01,1.131312971428899833e-01,8.696408175096531634e-02,2.877920760522673649e-01,8.996523839083542251e-01,-2.009610088694249730e-01,5.620731272113204113e-01
6.064177986658421116e-01,6.607518493750309529e-01,7.073130685727772038e-01,3.595591726243486247e-02,6.785323207405200563e-01,2.807591499699606530e-01,6.317056183154737270e-02,-2.540718880945063152e-01,6.624491518358412989e-01,6.988176603220391803e-01,7.360950377551228607e-01,4.972221143350069594e-01,4.563128278536640048e-01,6.756050094197612044e-01,-8.417536044087815805e-02,6.307695027264527132e-01,5.403488157422030591e-01,3.027051338040375739e-01,4.812689722319112295e-01,2.804547282734669023e-01,7.434030068316758166e-01,5.947142589114549072e-01,6.693434638675548332e-01,6.693808088250081667e-01,7.027795154665347210e-01,4.691021520759010022e-01,6.588986688520189761e-01,8.397565221050600215e-01,5.953509385607131943e-01,5.465303359554241069e-01,6.251238731005572813e-01,5.717713130773823815e-01,1.000000000000000000e+00,6.005962808894356186e-01,1.858631575397677316e-01,5.506873227331166021e-01,6.079842238184840486e-01,8.359904746562242615e-04,6.873160150345900554e-01
5.908252964481537362e-01,5.518523872657988827e-01,6.673851333303992828e-01,-1.361904294273047836e-02,7.018129564436291767e-01,-1.299352256375244929e-01,-4.319394123092419602e-02,-4.211213087481104900e-01,8.317666512544307222e-01,5.541998377107285600e-01,4.056221269003940644e-01,5.702570898787585607e-01,1.386289445199560544e-01,4.729318172108979423e-01,3.392352950544011980e-01,7.114193880360106803e-01,2.810036683421829329e-01,4.758096593516037420e-01,6.740406065197133145e-01,6.566316586971279734e-02,6.438668970232417355e-01,3.156521021654150605e-01,4.966313253008963202e-01,2.095963695557361839e-01,6.033662496368951134e-01,4.755875853126175223e-01,4.297881327341523394e-01,4.859449835622186575e-01,2.843005778603895917e-01,7.280706957730196383e-01,4.143982307918979702e-01,1.131312971428899833e-01,6.005962808894356186e-01,1.000000000000000000e+00,4.141921034636671106e-02,6.304025911094917056e-01,2.027130823156692296e-01,2.947886569374275068e-01,6.256673946580986190e-01
1.546753645871067617e-01,1.896461306183122586e-01,1.680046638001640447e-01,-3.656107991000668699e-03,1.950415607117155503e-01,3.118133898040141849e-01,9.238922277378415482e-02,-5.464297084834955631e-02,1.806703673292207601e-01,3.633614154311582412e-01,3.672041481147710063e-02,-5.110013766478247246e-03,6.108339199889729898e-02,5.243645590758316821e-01,-4.292947607385192571e-02,1.850721253154052337e-01,-3.315207288775622319e-01,6.963897040086665380e-02,6.109622642823676203e-02,-1.577703521797680641e-01,1.526111604716643422e-01,1.243321961677401610e-01,1.909892815420699552e-01,3.527838360570300091e-01,2.855430800761775689e-01,3.341863674061041900e-01,7.793605129866189307e-02,1.677702982512600804e-01,3.049108229242066259e-01,1.336035161093809265e-01,2.304301045386493718e-01,8.696408175096531634e-02,1.858631575397677316e-01,4.141921034636671106e-02,1.000000000000000000e+00,2.275102031958726734e-01,2.706312559583917698e-01,1.943835157265231530e-03,1.278792332538892518e-01
5.234680043360911972e-01,5.224731376816437178e-01,4.961666842069603067e-01,6.951817049524067205e-02,5.555691289498383423e-01,8.330662140087574663e-02,1.122592028714647638e-01,-3.592458828308817131e-01,6.278020623824983604e-01,5.991924213308559288e-01,3.370051790404002268e-01,6.280639222038959524e-01,2.863602631787541264e-01,6.715400683655114999e-01,2.211238185124326239e-01,6.932556674288291587e-01,2.048438112786571674e-01,4.382282858779733004e-01,4.408633508929258316e-01,5.227092278171528716e-02,5.226107542199340816e-01,3.766835508203826288e-01,5.056960681221974729e-01,3.017188483115071373e-01,6.815590292360066416e-01,3.793969450496632589e-01,4.587442999737614269e-01,5.120483432050656480e-01,2.921092172766231454e-01,6.483943891879546673e-01,4.039388623795275302e-01,2.877920760522673649e-01,5.506873227331166021e-01,6.304025911094917056e-01,2.275102031958726734e-01,1.000000000000000000e+00,3.827195930758894304e-01,2.478511889186540418e-01,6.021751679297374649e-01
6.313174347563330624e-01,6.899718753279969752e-01,4.419727112376519162e-01,1.086146990248789829e-01,4.877024248107026394e-01,6.431297834277731607e-01,1.190687246022618939e-01,8.520358125506262426e-02,3.975249438406276425e-01,6.204013330936861692e-01,6.298774382725805809e-01,4.750382366641499043e-01,6.039340825027889048e-01,5.663090596781752417e-01,-2.551185998807692923e-01,4.997815624441545590e-01,3.684485839938158036e-01,1.890906886225900974e-01,1.463573488788735000e-01,3.637032753922548323e-01,4.607811723026806749e-01,6.819200851766504812e-01,6.756078738497879321e-01,5.493264838712706988e-01,5.788582662788683830e-01,4.574429159889946694e-01,8.260016376268412008e-01,7.083653359869165334e-01,7.554744473922073711e-01,4.027189759620296017e-01,6.142940549313712362e-01,8.996523839083542251e-01,6.079842238184840486e-01,2.027130823156692296e-01,2.706312559583917698e-01,3.827195930758894304e-01,1.000000000000000000e+00,-1.174183100844056610e-01,6.067244894189181004e-01
2.923579042855269927e-01,1.195711995521643069e-02,1.160295034569306105e-01,-2.878879644852040953e-01,1.538055561306197749e-01,-9.661614640117478781e-02,-2.430463177616255521e-01,-1.216622531037047233e-01,3.102832446285382906e-01,1.358756418146835621e-01,-8.879057671576429112e-02,2.433673586243840781e-01,-1.703004826662939397e-01,-3.287413323489313949e-02,5.601835689204087698e-01,2.540135141464778257e-01,5.637903455769909672e-02,1.540491953226763855e-01,3.980750330163055350e-01,-1.440674867743657328e-01,1.878880600860942385e-01,-1.286851880932468606e-01,2.546048292723713247e-01,-2.294292948794588172e-01,2.515207645977553530e-01,3.848071539403512542e-01,4.412867955316137833e-03,-4.165223287714308470e-02,3.492460998737784844e-02,3.936478774981588269e-01,3.361349262112148240e-02,-2.009610088694249730e-01,8.359904746562242615e-04,2.947886569374275068e-01,1.943835157265231530e-03,2.478511889186540418e-01,-1.174183100844056610e-01,1.000000000000000000e+00,1.261481027097140495e-01
6.742531259104672658e-01,7.698801731916837809e-01,6.290458564267498165e-01,1.477779025700216853e-01,6.703408681925083767e-01,2.554298463856445323e-01,6.178155889478668950e-02,-2.311585292099684330e-01,6.930875795280017071e-01,7.486214610725715479e-01,6.010807213094473411e-01,6.669921302228813964e-01,6.141909997573263835e-01,6.232041320384029692e-01,-1.162945607661098057e-01,7.473975904802495629e-01,2.898361971381753222e-01,2.809199018045311913e-01,4.436758088324936344e-01,2.047125886188874422e-01,6.697222729292784393e-01,6.174147412834014581e-01,7.218399063020987105e-01,3.629722846278210513e-01,7.188891766674034844e-01,3.594663199125661679e-01,6.848524747967906778e-01,6.724436904615526123e-01,5.646180861690077712e-01,6.342481190953814796e-01,5.620031591671776905e-01,5.620731272113204113e-01,6.873160150345900554e-01,6.256673946580986190e-01,1.278792332538892518e-01,6.021751679297374649e-01,6.067244894189181004e-01,1.261481027097140495e-01,1.000000000000000000e+00
