1.000000000000000000e+00,9.263254927441920694e-01,9.007782510945857579e-01,9.114321912012752769e-01,9.099957631883749398e-01,9.412865480442959010e-01,9.549588931386825408e-01,9.814895070226116180e-01,9.406132007276946094e-01,9.250853479289228298e-01,9.095400437649908687e-01,8.969121682692856590e-01,8.820852990084213641e-01,9.727117070594969439e-01,9.482244877737844302e-01,9.615695686305222312e-01,8.943666533730212365e-01,9.500658327019591010e-01,9.737252332204339167e-01,9.122301110639735588e-01,9.286787959750754107e-01,9.115388061788674001e-01,9.625174651789610847e-01,9.723162319942248999e-01,9.743600185217192733e-01,9.802244422231229937e-01,8.965381395322595814e-01,9.129624074456323957e-01,9.823497025351745071e-01,9.541063182484936789e-01,9.104213100888569610e-01,9.638198299044058448e-01,9.586302602670621065e-01,9.705566828209635233e-01,9.180798503940542643e-01,9.001751932700096104e-01,9.840321451567061173e-01,9.722860898196792334e-01,9.654939482472163492e-01
9.263254927441920694e-01,1.000000000000000000e+00,8.589113976335092104e-01,8.621856738616795468e-01,8.628338866923590533e-01,8.802913327083600192e-01,9.516980907028451675e-01,9.185491873406654850e-01,8.828564683592882156e-01,9.806569017145897460e-01,9.643221979998991555e-01,8.502421017114436541e-01,8.886303725579560719e-01,9.100624679131471551e-01,9.614475404829836425e-01,9.407484924572213636e-01,8.515841178510514808e-01,8.945939431543090681e-01,9.122244083880073351e-01,8.673736360194203021e-01,8.750304587376874776e-01,8.653515135246809820e-01,9.043442173991549371e-01,9.272425541143957117e-01,9.239130337029344275e-01,9.193829980403428470e-01,8.514851863018747524e-01,8.673361843760258871e-01,9.189478000571308369e-01,9.538667974150817352e-01,8.647110446127094230e-01,9.357987500221526256e-01,9.448367539059071563e-01,9.302075118784836061e-01,9.741605963354584841e-01,8.537747333781711134e-01,9.256359894457578674e-01,9.104151585713045058e-01,9.367387413498267090e-01
9.007782510945857579e-01,8.589113976335092104e-01,1.000000000000000000e+00,9.802943384837354834e-01,9.691622308270512187e-01,9.415370690197399917e-01,8.801651895288234995e-01,9.007227410591751582e-01,9.393926614408455444e-01,8.579454654229607957e-01,8.534080826537493447e-01,9.728123987459115218e-01,9.298034605837148803e-01,9.084454049807700882e-01,8.807215057458437357e-01,8.826178421645379801e-01,9.724525905992196240e-01,9.311208605114374981e-01,9.100336173497545200e-01,9.788242823759262246e-01,9.560519025658131831e-01,9.680009082242974072e-01,9.221433298367713860e-01,8.855696884866491869e-01,8.820360502935404856e-01,9.017264569735023994e-01,9.765770287375028502e-01,9.646325503347658037e-01,9.015382800234482685e-01,8.834149871693954825e-01,9.750865411913771652e-01,8.870194532788118202e-01,8.786712759499828440e-01,8.815892115385548511e-01,8.529515156914945218e-01,9.753285777366801357e-01,8.971312388826425677e-01,9.060004660610742055e-01,8.809229611198403642e-01
9.114321912012752769e-01,8.621856738616795468e-01,9.802943384837354834e-01,1.000000000000000000e+00,9.743304926583070680e-01,9.485630461565048854e-01,8.891024058751492154e-01,9.102802645279338689e-01,9.468676667910989053e-01,8.613817139111265009e-01,8.562204031867830523e-01,9.687977336691810937e-01,9.278156202296277133e-01,9.171566717946665337e-01,8.879643876684483184e-01,8.935932735320152309e-01,9.674823887950475543e-01,9.364123940444152305e-01,9.179570412197766149e-01,9.847246904780524446e-01,9.645372551717555920e-01,9.735146753912992112e-01,9.287109334625849311e-01,8.968555943950676790e-01,8.949638283965757335e-01,9.115961740794490398e-01,9.717729825287099166e-01,9.695664761618126848e-01,9.123830511804098542e-01,8.923024391302559755e-01,9.812709901847271876e-01,8.977687882523974761e-01,8.891466403946752806e-01,8.942394622318822206e-01,8.562848368171067648e-01,9.716264430459377044e-01,9.079259339544013541e-01,9.139856710743951007e-01,8.922084554926376088e-01
9.099957631883749398e-01,8.628338866923590533e-01,9.691622308270512187e-01,9.743304926583070680e-01,1.000000000000000000e+00,9.494011469590065699e-01,8.882214043630289879e-01,9.125271887954014005e-01,9.474449902503333520e-01,8.616761754760392522e-01,8.566317615573282307e-01,9.586237190921499396e-01,9.252216447099140817e-01,9.197026075444010296e-01,8.889855733557250339e-01,8.929010072709836487e-01,9.573797157918694234e-01,9.330554390136430731e-01,9.194307084970019250e-01,9.773493953196726869e-01,9.667704871603899353e-01,9.853072097825148479e-01,9.267235215604793241e-01,8.949565701485898694e-01,8.922300405849959981e-01,9.138984822501144967e-01,9.618137769142071081e-01,9.816819719998183258e-01,9.128899418049932768e-01,8.930879233384461102e-01,9.798116362044940741e-01,8.949415916391241232e-01,8.888984890339630685e-01,8.911796261212262538e-01,8.568410018604791789e-01,9.616726733709412001e-01,9.063510644525251125e-01,9.178576733744102656e-01,8.900256468251556141e-01
9.412865480442959010e-01,8.802913327083600192e-01,9.415370690197399917e-01,9.485630461565048854e-01,9.494011469590065699e-01,1.000000000000000000e+00,9.082502604954424408e-01,9.438145144177532142e-01,9.847350155062517540e-01,8.788409806072803310e-01,8.678321397497531509e-01,9.339237297780169644e-01,8.959159013854194331e-01,9.532970113972190074e-01,9.070714543011088038e-01,9.169679113405003745e-01,9.306865694830515068e-01,9.691302347202640499e-01,9.542987583182512834e-01,9.506656336813309460e-01,9.670955605981231828e-01,9.510044922391037714e-01,9.630327291358803388e-01,9.216426636611818601e-01,9.211477831486379886e-01,9.427134003103475601e-01,9.348787355744485605e-01,9.507753227560068465e-01,9.418589617715268369e-01,9.090042801234587966e-01,9.491250189147071303e-01,9.187248381691950350e-01,9.090766636110839682e-01,9.213424280955302414e-01,8.690004003347686634e-01,9.376034393470038530e-01,9.386884628077158954e-01,9.526509010942115774e-01,9.179809341173007509e-01
9.549588931386825408e-01,9.516980907028451675e-01,8.801651895288234995e-01,8.891024058751492154e-01,8.882214043630289879e-01,9.082502604954424408e-01,1.000000000000000000e+00,9.476880851072495560e-01,9.080499543078128788e-01,9.493958632180042878e-01,9.306637050845064651e-01,8.760861797485367530e-01,8.925906751305391351e-01,9.399272949221105788e-01,9.772881595918233577e-01,9.755637048394928401e-01,8.736032663265250742e-01,9.200342720007932407e-01,9.395036645956856836e-01,8.920032464992950771e-01,9.036682249470892048e-01,8.910475415401621913e-01,9.290547101963579912e-01,9.615368068999149420e-01,9.594972287722828286e-01,9.489266212019941138e-01,8.753042259902490407e-01,8.931191575927625026e-01,9.489255839866603814e-01,9.792308704685921406e-01,8.897434389282793399e-01,9.715070627953010796e-01,9.775762043777034282e-01,9.664635226086141229e-01,9.397931613052319388e-01,8.778389331556030184e-01,9.537170609424571177e-01,9.387514157682336213e-01,9.705925814937997886e-01
9.814895070226116180e-01,9.185491873406654850e-01,9.007227410591751582e-01,9.102802645279338689e-01,9.125271887954014005e-01,9.438145144177532142e-01,9.476880851072495560e-01,1.000000000000000000e+00,9.428350160420593262e-01,9.162549075752552952e-01,9.007191472379459940e-01,8.961626079704798631e-01,8.779519437868279486e-01,9.774363179385500144e-01,9.404760773374880589e-01,9.548040915388273930e-01,8.943081105322907565e-01,9.534796545080231889e-01,9.785051897936404286e-01,9.119123637997973431e-01,9.296244269260315329e-01,9.133118091589407239e-01,9.656552311036851188e-01,9.671867950912411693e-01,9.690725043106875880e-01,9.838430190565384814e-01,8.951654268164468409e-01,9.156216357174630227e-01,9.828567055736237013e-01,9.458118547072544846e-01,9.116270171508938924e-01,9.568665317397043735e-01,9.509438008307102841e-01,9.651531285100580781e-01,9.098134586621743347e-01,8.998671555364305963e-01,9.796891228927031570e-01,9.768929852545142900e-01,9.587005608195686701e-01
9.406132007276946094e-01,8.828564683592882156e-01,9.393926614408455444e-01,9.468676667910989053e-01,9.474449902503333520e-01,9.847350155062517540e-01,9.080499543078128788e-01,9.428350160420593262e-01,1.000000000000000000e+00,8.810093556294021910e-01,8.697164270664472507e-01,9.309699085513210015e-01,8.964419144355235680e-01,9.516931108726524036e-01,9.082278723456086444e-01,9.179745796916218836e-01,9.278263741613875792e-01,9.675173363573337237e-01,9.528535816104904965e-01,9.486832244085198207e-01,9.675016814989525482e-01,9.491528179797260600e-01,9.618148508243592465e-01,9.232356237984680192e-01,9.219294883062706392e-01,9.412505630844587579e-01,9.321607363792490109e-01,9.489616883060848496e-01,9.401887251220166775e-01,9.094739138111564980e-01,9.474288318112247254e-01,9.192645480480200471e-01,9.100975865810555510e-01,9.226543294940086071e-01,8.718578432687603685e-01,9.349562145652405842e-01,9.380884116131071870e-01,9.507655019361682669e-01,9.184612377333811750e-01
9.250853479289228298e-01,9.806569017145897460e-01,8.579454654229607957e-01,8.613817139111265009e-01,8.616761754760392522e-01,8.788409806072803310e-01,9.493958632180042878e-01,9.162549075752552952e-01,8.810093556294021910e-01,1.000000000000000000e+00,9.628193870744942151e-01,8.495483443010235503e-01,8.870704941239569985e-01,9.074078109992201879e-01,9.602811142488871798e-01,9.371973350010079917e-01,8.525673441622433346e-01,8.906363781523791712e-01,9.102964927772827508e-01,8.660875211145915298e-01,8.728743757766400657e-01,8.643013237517515046e-01,9.027244127623751391e-01,9.259472431998042596e-01,9.219683094868164064e-01,9.180132788543158284e-01,8.513109020182044739e-01,8.646106010970434630e-01,9.172314097654820086e-01,9.524016675586483016e-01,8.637283241794906363e-01,9.322773646540595260e-01,9.410972287141492476e-01,9.289073065670370166e-01,9.754124013998093368e-01,8.531643533329751339e-01,9.234750680166945447e-01,9.080284180012409001e-01,9.339383387928761326e-01
9.095400437649908687e-01,9.643221979998991555e-01,8.534080826537493447e-01,8.562204031867830523e-01,8.566317615573282307e-01,8.678321397497531509e-01,9.306637050845064651e-01,9.007191472379459940e-01,8.697164270664472507e-01,9.628193870744942151e-01,1.000000000000000000e+00,8.478585354010991226e-01,8.837015983050933166e-01,8.885725562609413375e-01,9.402865255291121827e-01,9.198136263412898250e-01,8.485980440393545710e-01,8.775467884836568588e-01,8.914021556143369995e-01,8.612353505735634851e-01,8.612937494806075511e-01,8.595377541791620057e-01,8.864365437333653341e-01,9.089671867432425056e-01,9.044770670286457204e-01,9.014154884519104405e-01,8.474432919480641146e-01,8.582723908710416794e-01,9.031740675582349276e-01,9.339105774866112153e-01,8.592014088595519850e-01,9.166163338641428737e-01,9.236932066043834766e-01,9.109289404309077742e-01,9.755823169008406293e-01,8.503950213652484713e-01,9.086450879290605132e-01,8.886085986245200186e-01,9.168471085434191092e-01
8.969121682692856590e-01,8.502421017114436541e-01,9.728123987459115218e-01,9.687977336691810937e-01,9.586237190921499396e-01,9.339237297780169644e-01,8.760861797485367530e-01,8.961626079704798631e-01,9.309699085513210015e-01,8.495483443010235503e-01,8.478585354010991226e-01,1.000000000000000000e+00,9.305494645859317959e-01,9.045875082712266924e-01,8.773484100058360768e-01,8.766284998273309315e-01,9.844125002059856966e-01,9.263872537913940830e-01,9.044482576353312098e-01,9.664231810514685161e-01,9.455189541341921799e-01,9.579187868574126075e-01,9.160689506029180418e-01,8.839229940224843096e-01,8.807648656537861998e-01,8.958357015706128745e-01,9.830210935173547826e-01,9.534477838143115003e-01,8.979755636663645513e-01,8.793435768401374197e-01,9.625060594708398920e-01,8.802815361046273379e-01,8.731347483997489167e-01,8.798862608510088501e-01,8.444848392089332467e-01,9.849086350591796934e-01,8.943204037248899674e-01,9.019047529766018867e-01,8.749627377820375917e-01
8.820852990084213641e-01,8.886303725579560719e-01,9.298034605837148803e-01,9.278156202296277133e-01,9.252216447099140817e-01,8.959159013854194331e-01,8.925906751305391351e-01,8.779519437868279486e-01,8.964419144355235680e-01,8.870704941239569985e-01,8.837015983050933166e-01,9.305494645859317959e-01,1.000000000000000000e+00,8.796568857477207182e-01,8.944111331492664574e-01,8.885093750250191436e-01,9.295164295782483155e-01,8.900834121619577433e-01,8.801879241687340372e-01,9.307340100265000249e-01,9.132966092313091755e-01,9.260312160929987657e-01,8.834973975777749011e-01,8.820758161934605379e-01,8.777489682238676094e-01,8.803266421469200242e-01,9.300225948228569850e-01,9.220180931413967107e-01,8.804627188368941981e-01,9.015345661032333480e-01,9.250010189581211462e-01,8.890232674366348453e-01,8.905075826241052317e-01,8.785343088882688889e-01,8.845133071645941980e-01,9.312511519114217151e-01,8.826854499099828777e-01,8.770499393395527754e-01,8.836060119524533629e-01
9.727117070594969439e-01,9.100624679131471551e-01,9.084454049807700882e-01,9.171566717946665337e-01,9.197026075444010296e-01,9.532970113972190074e-01,9.399272949221105788e-01,9.774363179385500144e-01,9.516931108726524036e-01,9.074078109992201879e-01,8.885725562609413375e-01,9.045875082712266924e-01,8.796568857477207182e-01,1.000000000000000000e+00,9.353916008868148335e-01,9.492406586090172960e-01,9.027853183780309987e-01,9.647496165191625783e-01,9.845670396384614831e-01,9.191528715450578702e-01,9.357290169260250590e-01,9.216980074903828868e-01,9.736804982340293568e-01,9.578702728691991242e-01,9.597748881774096352e-01,9.769551992789266004e-01,9.046129623043018819e-01,9.226351901424947322e-01,9.753449068100088493e-01,9.390995477602360753e-01,9.176702043907981610e-01,9.482893038907604932e-01,9.432435497532366542e-01,9.566800693619651463e-01,8.972305744568631614e-01,9.074427841382191051e-01,9.706032879088455356e-01,9.850429021504798488e-01,9.511080690913554792e-01
9.482244877737844302e-01,9.614475404829836425e-01,8.807215057458437357e-01,8.879643876684483184e-01,8.889855733557250339e-01,9.070714543011088038e-01,9.772881595918233577e-01,9.404760773374880589e-01,9.082278723456086444e-01,9.602811142488871798e-01,9.402865255291121827e-01,8.773484100058360768e-01,8.944111331492664574e-01,9.353916008868148335e-01,1.000000000000000000e+00,9.675091553326058413e-01,8.774650407167642330e-01,9.175955747213245806e-01,9.357561966629628358e-01,8.912662451508931438e-01,9.007474279263595340e-01,8.916138670024578161e-01,9.258729864443545621e-01,9.538209394585542844e-01,9.505325737885186310e-01,9.420044784862756648e-01,8.764564643543382161e-01,8.938047635304500194e-01,9.420038671741192138e-01,9.781399809244691879e-01,8.885914365140004101e-01,9.620849014523507048e-01,9.693615436008863329e-01,9.573180618296375233e-01,9.488551678085385133e-01,8.792992868166078502e-01,9.455692537816480225e-01,9.345385099363090475e-01,9.612327716060855565e-01
9.615695686305222312e-01,9.407484924572213636e-01,8.826178421645379801e-01,8.935932735320152309e-01,8.929010072709836487e-01,9.169679113405003745e-01,9.755637048394928401e-01,9.548040915388273930e-01,9.179745796916218836e-01,9.371973350010079917e-01,9.198136263412898250e-01,8.766284998273309315e-01,8.885093750250191436e-01,9.492406586090172960e-01,9.675091553326058413e-01,1.000000000000000000e+00,8.711096176317550954e-01,9.271873493011867362e-01,9.476297834526447028e-01,8.963931313156134895e-01,9.101680413802178959e-01,8.952819129184300673e-01,9.376131602685734423e-01,9.715294437501634794e-01,9.689990397602619154e-01,9.551961306303704546e-01,8.768377689782443918e-01,8.969463198752397615e-01,9.562665573329988122e-01,9.733474336275593775e-01,8.943692130272344887e-01,9.825260389982296561e-01,9.824264524788332009e-01,9.751668177075599742e-01,9.291763603602267718e-01,8.783821965274200005e-01,9.605112313040584660e-01,9.477475111981018552e-01,9.815548942747939209e-01
8.943666533730212365e-01,8.515841178510514808e-01,9.724525905992196240e-01,9.674823887950475543e-01,9.573797157918694234e-01,9.306865694830515068e-01,8.736032663265250742e-01,8.943081105322907565e-01,9.278263741613875792e-01,8.525673441622433346e-01,8.485980440393545710e-01,9.844125002059856966e-01,9.295164295782483155e-01,9.027853183780309987e-01,8.774650407167642330e-01,8.711096176317550954e-01,1.000000000000000000e+00,9.241220092535524788e-01,9.035287826788804821e-01,9.651289229954713722e-01,9.426281955570193771e-01,9.567770197540242938e-01,9.139247125866470922e-01,8.799298364404054551e-01,8.773816951060041669e-01,8.938034619361397981e-01,9.815818473641526598e-01,9.522412900854468898e-01,8.957563131810014623e-01,8.772160162654211168e-01,9.611424765442048157e-01,8.756303840118839776e-01,8.691080443549658030e-01,8.755788127210606397e-01,8.461796410122506273e-01,9.833585060486034202e-01,8.916428165808453210e-01,9.002524469633165216e-01,8.697781691068985355e-01
9.500658327019591010e-01,8.945939431543090681e-01,9.311208605114374981e-01,9.364123940444152305e-01,9.330554390136430731e-01,9.691302347202640499e-01,9.200342720007932407e-01,9.534796545080231889e-01,9.675173363573337237e-01,8.906363781523791712e-01,8.775467884836568588e-01,9.263872537913940830e-01,8.900834121619577433e-01,9.647496165191625783e-01,9.175955747213245806e-01,9.271873493011867362e-01,9.241220092535524788e-01,1.000000000000000000e+00,9.642055932889296299e-01,9.369498341404004504e-01,9.509987313149802501e-01,9.348814747432688810e-01,9.774721817829318260e-01,9.341951332810501940e-01,9.338559666855734687e-01,9.530843443227302592e-01,9.275510745244536226e-01,9.352500287604426088e-01,9.524962591116872268e-01,9.189928968418296096e-01,9.354096041163768582e-01,9.300123594598064258e-01,9.215279533682699808e-01,9.348569675419928782e-01,8.803133233478414033e-01,9.297138908748970865e-01,9.483894435851398796e-01,9.641287824093529579e-01,9.307905067981240288e-01
9.737252332204339167e-01,9.122244083880073351e-01,9.100336173497545200e-01,9.179570412197766149e-01,9.194307084970019250e-01,9.542987583182512834e-01,9.395036645956856836e-01,9.785051897936404286e-01,9.528535816104904965e-01,9.102964927772827508e-01,8.914021556143369995e-01,9.044482576353312098e-01,8.801879241687340372e-01,9.845670396384614831e-01,9.357561966629628358e-01,9.476297834526447028e-01,9.035287826788804821e-01,9.642055932889296299e-01,1.000000000000000000e+00,9.197552671672291069e-01,9.356492770163111761e-01,9.207076291177533900e-01,9.730411837897894323e-01,9.571379993002829822e-01,9.587484638160120864e-01,9.775503529907882960e-01,9.050480439722211612e-01,9.222417268292566472e-01,9.754303685977581129e-01,9.385559569452708306e-01,9.183231245243563823e-01,9.479704023444625038e-01,9.424677289537255476e-01,9.562660290212552372e-01,9.003368970113314607e-01,9.078047051097033471e-01,9.716870388214849941e-01,9.840793825927087735e-01,9.509605331615225143e-01
9.122301110639735588e-01,8.673736360194203021e-01,9.788242823759262246e-01,9.847246904780524446e-01,9.773493953196726869e-01,9.506656336813309460e-01,8.920032464992950771e-01,9.119123637997973431e-01,9.486832244085198207e-01,8.660875211145915298e-01,8.612353505735634851e-01,9.664231810514685161e-01,9.307340100265000249e-01,9.191528715450578702e-01,8.912662451508931438e-01,8.963931313156134895e-01,9.651289229954713722e-01,9.369498341404004504e-01,9.197552671672291069e-01,1.000000000000000000e+00,9.654439201012167127e-01,9.765191267346993165e-01,9.294020860478506840e-01,8.985364461457847618e-01,8.962336131752912660e-01,9.131228743106888368e-01,9.699681084651566865e-01,9.729776170786161860e-01,9.126784543648787107e-01,8.948382555986892362e-01,9.827806743757976360e-01,8.998837093897249506e-01,8.923125381987007110e-01,8.961481677400667811e-01,8.612326404215522313e-01,9.698516097505028855e-01,9.079437386349545891e-01,9.165682989054572127e-01,8.951606609460532882e-01
9.286787959750754107e-01,8.750304587376874776e-01,9.560519025658131831e-01,9.645372551717555920e-01,9.667704871603899353e-01,9.670955605981231828e-01,9.036682249470892048e-01,9.296244269260315329e-01,9.675016814989525482e-01,8.728743757766400657e-01,8.612937494806075511e-01,9.455189541341921799e-01,9.132966092313091755e-01,9.357290169260250590e-01,9.007474279263595340e-01,9.101680413802178959e-01,9.426281955570193771e-01,9.509987313149802501e-01,9.356492770163111761e-01,9.654439201012167127e-01,1.000000000000000000e+00,9.687639997606277698e-01,9.452899824548347540e-01,9.131810154264519142e-01,9.113372262290384551e-01,9.298535279080548666e-01,9.463753693545399193e-01,9.685379281761835601e-01,9.298881486375881744e-01,9.060883167719491205e-01,9.652607196148811353e-01,9.124259483078104305e-01,9.041461829469065181e-01,9.114404936736802965e-01,8.661193212729252355e-01,9.488529574719679616e-01,9.258240816232214954e-01,9.343872055965154466e-01,9.078964834185876409e-01
9.115388061788674001e-01,8.653515135246809820e-01,9.680009082242974072e-01,9.735146753912992112e-01,9.853072097825148479e-01,9.510044922391037714e-01,8.910475415401621913e-01,9.133118091589407239e-01,9.491528179797260600e-01,8.643013237517515046e-01,8.595377541791620057e-01,9.579187868574126075e-01,9.260312160929987657e-01,9.216980074903828868e-01,8.916138670024578161e-01,8.952819129184300673e-01,9.567770197540242938e-01,9.348814747432688810e-01,9.207076291177533900e-01,9.765191267346993165e-01,9.687639997606277698e-01,1.000000000000000000e+00,9.292372095572423163e-01,8.965487070916625667e-01,8.938529057419571933e-01,9.146895942029286131e-01,9.613366348375314008e-01,9.822606363863828349e-01,9.138936881931473133e-01,8.956951296674934282e-01,9.790532510113341136e-01,8.969203080674734707e-01,8.911926540735223279e-01,8.929070733520826364e-01,8.600369790519426516e-01,9.612687474350584127e-01,9.076371707617614248e-01,9.198490225833246825e-01,8.924970447862984324e-01
9.625174651789610847e-01,9.043442173991549371e-01,9.221433298367713860e-01,9.287109334625849311e-01,9.267235215604793241e-01,9.630327291358803388e-01,9.290547101963579912e-01,9.656552311036851188e-01,9.618148508243592465e-01,9.027244127623751391e-01,8.864365437333653341e-01,9.160689506029180418e-01,8.834973975777749011e-01,9.736804982340293568e-01,9.258729864443545621e-01,9.376131602685734423e-01,9.139247125866470922e-01,9.774721817829318260e-01,9.730411837897894323e-01,9.294020860478506840e-01,9.452899824548347540e-01,9.292372095572423163e-01,1.000000000000000000e+00,9.448750185380637712e-01,9.447615446131838457e-01,9.645061293737490216e-01,9.170400261684142906e-01,9.298770411907179012e-01,9.637609048230237896e-01,9.286421172725141115e-01,9.274542493931626774e-01,9.399108962481409479e-01,9.315724313882337571e-01,9.447629370621702938e-01,8.937466520326475816e-01,9.196134266107686139e-01,9.604896658878174787e-01,9.735181610777722261e-01,9.427159206696056337e-01
9.723162319942248999e-01,9.272425541143957117e-01,8.855696884866491869e-01,8.968555943950676790e-01,8.949565701485898694e-01,9.216426636611818601e-01,9.615368068999149420e-01,9.671867950912411693e-01,9.232356237984680192e-01,9.259472431998042596e-01,9.089671867432425056e-01,8.839229940224843096e-01,8.820758161934605379e-01,9.578702728691991242e-01,9.538209394585542844e-01,9.715294437501634794e-01,8.799298364404054551e-01,9.341951332810501940e-01,9.571379993002829822e-01,8.985364461457847618e-01,9.131810154264519142e-01,8.965487070916625667e-01,9.448750185380637712e-01,1.000000000000000000e+00,9.837232676120147845e-01,9.662820873666088106e-01,8.824303184105175557e-01,8.991986723077389776e-01,9.680710272441302999e-01,9.605109240191581632e-01,8.967762283427793690e-01,9.731487203187977331e-01,9.679678912347688957e-01,9.833384935145124128e-01,9.193653901051074273e-01,8.866491714705975191e-01,9.729418149465574039e-01,9.560204285444200423e-01,9.749592056517452088e-01
9.743600185217192733e-01,9.239130337029344275e-01,8.820360502935404856e-01,8.949638283965757335e-01,8.922300405849959981e-01,9.211477831486379886e-01,9.594972287722828286e-01,9.690725043106875880e-01,9.219294883062706392e-01,9.219683094868164064e-01,9.044770670286457204e-01,8.807648656537861998e-01,8.777489682238676094e-01,9.597748881774096352e-01,9.505325737885186310e-01,9.689990397602619154e-01,8.773816951060041669e-01,9.338559666855734687e-01,9.587484638160120864e-01,8.962336131752912660e-01,9.113372262290384551e-01,8.938529057419571933e-01,9.447615446131838457e-01,9.837232676120147845e-01,1.000000000000000000e+00,9.689125381619296817e-01,8.791168219398366457e-01,8.971501762071782959e-01,9.706791898073495739e-01,9.566956393052831187e-01,8.946991587786281563e-01,9.709231420116172240e-01,9.652072086256726635e-01,9.817254876280318010e-01,9.147466564990909266e-01,8.831641503163979445e-01,9.754023100359942022e-01,9.573335079720343144e-01,9.731667244887667323e-01
9.802244422231229937e-01,9.193829980403428470e-01,9.017264569735023994e-01,9.115961740794490398e-01,9.138984822501144967e-01,9.427134003103475601e-01,9.489266212019941138e-01,9.838430190565384814e-01,9.412505630844587579e-01,9.180132788543158284e-01,9.014154884519104405e-01,8.958357015706128745e-01,8.803266421469200242e-01,9.769551992789266004e-01,9.420044784862756648e-01,9.551961306303704546e-01,8.938034619361397981e-01,9.530843443227302592e-01,9.775503529907882960e-01,9.131228743106888368e-01,9.298535279080548666e-01,9.146895942029286131e-01,9.645061293737490216e-01,9.662820873666088106e-01,9.689125381619296817e-01,1.000000000000000000e+00,8.952397317007469990e-01,9.166773666802113807e-01,9.836066155825544666e-01,9.472106659748169566e-01,9.125144688997776088e-01,9.562732696180793468e-01,9.512963466296240345e-01,9.644248141891572645e-01,9.115417985326785821e-01,8.994960599212036279e-01,9.784350303651341285e-01,9.768598811252776626e-01,9.587407421500491189e-01
8.965381395322595814e-01,8.514851863018747524e-01,9.765770287375028502e-01,9.717729825287099166e-01,9.618137769142071081e-01,9.348787355744485605e-01,8.753042259902490407e-01,8.951654268164468409e-01,9.321607363792490109e-01,8.513109020182044739e-01,8.474432919480641146e-01,9.830210935173547826e-01,9.300225948228569850e-01,9.046129623043018819e-01,8.764564643543382161e-01,8.768377689782443918e-01,9.815818473641526598e-01,9.275510745244536226e-01,9.050480439722211612e-01,9.699681084651566865e-01,9.463753693545399193e-01,9.613366348375314008e-01,9.170400261684142906e-01,8.824303184105175557e-01,8.791168219398366457e-01,8.952397317007469990e-01,1.000000000000000000e+00,9.561765070110122000e-01,8.973089129134625974e-01,8.791569901419867827e-01,9.658174160057673152e-01,8.808186822590999832e-01,8.738134665712045113e-01,8.788203738744043703e-01,8.448125117046045851e-01,9.837952985584145216e-01,8.932074603738444640e-01,9.022382473336509889e-01,8.753009388897227128e-01
9.129624074456323957e-01,8.673361843760258871e-01,9.646325503347658037e-01,9.695664761618126848e-01,9.816819719998183258e-01,9.507753227560068465e-01,8.931191575927625026e-01,9.156216357174630227e-01,9.489616883060848496e-01,8.646106010970434630e-01,8.582723908710416794e-01,9.534477838143115003e-01,9.220180931413967107e-01,9.226351901424947322e-01,8.938047635304500194e-01,8.969463198752397615e-01,9.522412900854468898e-01,9.352500287604426088e-01,9.222417268292566472e-01,9.729776170786161860e-01,9.685379281761835601e-01,9.822606363863828349e-01,9.298770411907179012e-01,8.991986723077389776e-01,8.971501762071782959e-01,9.166773666802113807e-01,9.561765070110122000e-01,1.000000000000000000e+00,9.148663766522886487e-01,8.973563602799576877e-01,9.759189250500177604e-01,8.994235837306961967e-01,8.937173324336071811e-01,8.954624089573213208e-01,8.603656148399915216e-01,9.568743116999240961e-01,9.093030376043751417e-01,9.209823028416622703e-01,8.942269479914942698e-01
9.823497025351745071e-01,9.189478000571308369e-01,9.015382800234482685e-01,9.123830511804098542e-01,9.128899418049932768e-01,9.418589617715268369e-01,9.489255839866603814e-01,9.828567055736237013e-01,9.401887251220166775e-01,9.172314097654820086e-01,9.031740675582349276e-01,8.979755636663645513e-01,8.804627188368941981e-01,9.753449068100088493e-01,9.420038671741192138e-01,9.562665573329988122e-01,8.957563131810014623e-01,9.524962591116872268e-01,9.754303685977581129e-01,9.126784543648787107e-01,9.298881486375881744e-01,9.138936881931473133e-01,9.637609048230237896e-01,9.680710272441302999e-01,9.706791898073495739e-01,9.836066155825544666e-01,8.973089129134625974e-01,9.148663766522886487e-01,1.000000000000000000e+00,9.487799756252943695e-01,9.117359817276794454e-01,9.584742951421683088e-01,9.526512158182610657e-01,9.659856360118319607e-01,9.118251517825999297e-01,9.011918840188933855e-01,9.816168443071338068e-01,9.745943036109740998e-01,9.596062299286685082e-01
9.541063182484936789e-01,9.538667974150817352e-01,8.834149871693954825e-01,8.923024391302559755e-01,8.930879233384461102e-01,9.090042801234587966e-01,9.792308704685921406e-01,9.458118547072544846e-01,9.094739138111564980e-01,9.524016675586483016e-01,9.339105774866112153e-01,8.793435768401374197e-01,9.015345661032333480e-01,9.390995477602360753e-01,9.781399809244691879e-01,9.733474336275593775e-01,8.772160162654211168e-01,9.189928968418296096e-01,9.385559569452708306e-01,8.948382555986892362e-01,9.060883167719491205e-01,8.956951296674934282e-01,9.286421172725141115e-01,9.605109240191581632e-01,9.566956393052831187e-01,9.472106659748169566e-01,8.791569901419867827e-01,8.973563602799576877e-01,9.487799756252943695e-01,1.000000000000000000e+00,8.921953178707144883e-01,9.689652388160896468e-01,9.754429116821405898e-01,9.625328312790539798e-01,9.441361394095084680e-01,8.814776873188692186e-01,9.523439496427794637e-01,9.371803850663956714e-01,9.675376075658616015e-01
9.104213100888569610e-01,8.647110446127094230e-01,9.750865411913771652e-01,9.812709901847271876e-01,9.798116362044940741e-01,9.491250189147071303e-01,8.897434389282793399e-01,9.116270171508938924e-01,9.474288318112247254e-01,8.637283241794906363e-01,8.592014088595519850e-01,9.625060594708398920e-01,9.250010189581211462e-01,9.176702043907981610e-01,8.885914365140004101e-01,8.943692130272344887e-01,9.611424765442048157e-01,9.354096041163768582e-01,9.183231245243563823e-01,9.827806743757976360e-01,9.652607196148811353e-01,9.790532510113341136e-01,9.274542493931626774e-01,8.967762283427793690e-01,8.946991587786281563e-01,9.125144688997776088e-01,9.658174160057673152e-01,9.759189250500177604e-01,9.117359817276794454e-01,8.921953178707144883e-01,1.000000000000000000e+00,8.974586572299907417e-01,8.894364442432415307e-01,8.945617558305910544e-01,8.595726767605418317e-01,9.659518986806041596e-01,9.057728142096745927e-01,9.148888363268258272e-01,8.932082964623572208e-01
9.638198299044058448e-01,9.357987500221526256e-01,8.870194532788118202e-01,8.977687882523974761e-01,8.949415916391241232e-01,9.187248381691950350e-01,9.715070627953010796e-01,9.568665317397043735e-01,9.192645480480200471e-01,9.322773646540595260e-01,9.166163338641428737e-01,8.802815361046273379e-01,8.890232674366348453e-01,9.482893038907604932e-01,9.620849014523507048e-01,9.825260389982296561e-01,8.756303840118839776e-01,9.300123594598064258e-01,9.479704023444625038e-01,8.998837093897249506e-01,9.124259483078104305e-01,8.969203080674734707e-01,9.399108962481409479e-01,9.731487203187977331e-01,9.709231420116172240e-01,9.562732696180793468e-01,8.808186822590999832e-01,8.994235837306961967e-01,9.584742951421683088e-01,9.689652388160896468e-01,8.974586572299907417e-01,1.000000000000000000e+00,9.795606208581182361e-01,9.768982679296591698e-01,9.250115428029475062e-01,8.822237190938918561e-01,9.632763527042487173e-01,9.469560686700264629e-01,9.823069678830843587e-01
9.586302602670621065e-01,9.448367539059071563e-01,8.786712759499828440e-01,8.891466403946752806e-01,8.888984890339630685e-01,9.090766636110839682e-01,9.775762043777034282e-01,9.509438008307102841e-01,9.100975865810555510e-01,9.410972287141492476e-01,9.236932066043834766e-01,8.731347483997489167e-01,8.905075826241052317e-01,9.432435497532366542e-01,9.693615436008863329e-01,9.824264524788332009e-01,8.691080443549658030e-01,9.215279533682699808e-01,9.424677289537255476e-01,8.923125381987007110e-01,9.041461829469065181e-01,8.911926540735223279e-01,9.315724313882337571e-01,9.679678912347688957e-01,9.652072086256726635e-01,9.512963466296240345e-01,8.738134665712045113e-01,8.937173324336071811e-01,9.526512158182610657e-01,9.754429116821405898e-01,8.894364442432415307e-01,9.795606208581182361e-01,1.000000000000000000e+00,9.713095302706494794e-01,9.334113837548205783e-01,8.756085750442487159e-01,9.578215621350665288e-01,9.415475916957054547e-01,9.778980391829508179e-01
9.705566828209635233e-01,9.302075118784836061e-01,8.815892115385548511e-01,8.942394622318822206e-01,8.911796261212262538e-01,9.213424280955302414e-01,9.664635226086141229e-01,9.651531285100580781e-01,9.226543294940086071e-01,9.289073065670370166e-01,9.109289404309077742e-01,8.798862608510088501e-01,8.785343088882688889e-01,9.566800693619651463e-01,9.573180618296375233e-01,9.751668177075599742e-01,8.755788127210606397e-01,9.348569675419928782e-01,9.562660290212552372e-01,8.961481677400667811e-01,9.114404936736802965e-01,8.929070733520826364e-01,9.447629370621702938e-01,9.833384935145124128e-01,9.817254876280318010e-01,9.644248141891572645e-01,8.788203738744043703e-01,8.954624089573213208e-01,9.659856360118319607e-01,9.625328312790539798e-01,8.945617558305910544e-01,9.768982679296591698e-01,9.713095302706494794e-01,1.000000000000000000e+00,9.208543254188797933e-01,8.823745982617311467e-01,9.703644013176584426e-01,9.554279479130113328e-01,9.793860758923793597e-01
9.180798503940542643e-01,9.741605963354584841e-01,8.529515156914945218e-01,8.562848368171067648e-01,8.568410018604791789e-01,8.690004003347686634e-01,9.397931613052319388e-01,9.098134586621743347e-01,8.718578432687603685e-01,9.754124013998093368e-01,9.755823169008406293e-01,8.444848392089332467e-01,8.845133071645941980e-01,8.972305744568631614e-01,9.488551678085385133e-01,9.291763603602267718e-01,8.461796410122506273e-01,8.803133233478414033e-01,9.003368970113314607e-01,8.612326404215522313e-01,8.661193212729252355e-01,8.600369790519426516e-01,8.937466520326475816e-01,9.193653901051074273e-01,9.147466564990909266e-01,9.115417985326785821e-01,8.448125117046045851e-01,8.603656148399915216e-01,9.118251517825999297e-01,9.441361394095084680e-01,8.595726767605418317e-01,9.250115428029475062e-01,9.334113837548205783e-01,9.208543254188797933e-01,1.000000000000000000e+00,8.480536880066106287e-01,9.162428775896817035e-01,8.972559107145953172e-01,9.263308173954970526e-01
9.001751932700096104e-01,8.537747333781711134e-01,9.753285777366801357e-01,9.716264430459377044e-01,9.616726733709412001e-01,9.376034393470038530e-01,8.778389331556030184e-01,8.998671555364305963e-01,9.349562145652405842e-01,8.531643533329751339e-01,8.503950213652484713e-01,9.849086350591796934e-01,9.312511519114217151e-01,9.074427841382191051e-01,8.792992868166078502e-01,8.783821965274200005e-01,9.833585060486034202e-01,9.297138908748970865e-01,9.078047051097033471e-01,9.698516097505028855e-01,9.488529574719679616e-01,9.612687474350584127e-01,9.196134266107686139e-01,8.866491714705975191e-01,8.831641503163979445e-01,8.994960599212036279e-01,9.837952985584145216e-01,9.568743116999240961e-01,9.011918840188933855e-01,8.814776873188692186e-01,9.659518986806041596e-01,8.822237190938918561e-01,8.756085750442487159e-01,8.823745982617311467e-01,8.480536880066106287e-01,1.000000000000000000e+00,8.976086967804347561e-01,9.047629211959217210e-01,8.777998141025418199e-01
9.840321451567061173e-01,9.256359894457578674e-01,8.971312388826425677e-01,9.079259339544013541e-01,9.063510644525251125e-01,9.386884628077158954e-01,9.537170609424571177e-01,9.796891228927031570e-01,9.380884116131071870e-01,9.234750680166945447e-01,9.086450879290605132e-01,8.943204037248899674e-01,8.826854499099828777e-01,9.706032879088455356e-01,9.455692537816480225e-01,9.605112313040584660e-01,8.916428165808453210e-01,9.483894435851398796e-01,9.716870388214849941e-01,9.079437386349545891e-01,9.258240816232214954e-01,9.076371707617614248e-01,9.604896658878174787e-01,9.729418149465574039e-01,9.754023100359942022e-01,9.784350303651341285e-01,8.932074603738444640e-01,9.093030376043751417e-01,9.816168443071338068e-01,9.523439496427794637e-01,9.057728142096745927e-01,9.632763527042487173e-01,9.578215621350665288e-01,9.703644013176584426e-01,9.162428775896817035e-01,8.976086967804347561e-01,1.000000000000000000e+00,9.696781905598238493e-01,9.649020231992176955e-01
9.722860898196792334e-01,9.104151585713045058e-01,9.060004660610742055e-01,9.139856710743951007e-01,9.178576733744102656e-01,9.526509010942115774e-01,9.387514157682336213e-01,9.768929852545142900e-01,9.507655019361682669e-01,9.080284180012409001e-01,8.886085986245200186e-01,9.019047529766018867e-01,8.770499393395527754e-01,9.850429021504798488e-01,9.345385099363090475e-01,9.477475111981018552e-01,9.002524469633165216e-01,9.641287824093529579e-01,9.840793825927087735e-01,9.165682989054572127e-01,9.343872055965154466e-01,9.198490225833246825e-01,9.735181610777722261e-01,9.560204285444200423e-01,9.573335079720343144e-01,9.768598811252776626e-01,9.022382473336509889e-01,9.209823028416622703e-01,9.745943036109740998e-01,9.371803850663956714e-01,9.148888363268258272e-01,9.469560686700264629e-01,9.415475916957054547e-01,9.554279479130113328e-01,8.972559107145953172e-01,9.047629211959217210e-01,9.696781905598238493e-01,1.000000000000000000e+00,9.504870562693593650e-01
9.654939482472163492e-01,9.367387413498267090e-01,8.809229611198403642e-01,8.922084554926376088e-01,8.900256468251556141e-01,9.179809341173007509e-01,9.705925814937997886e-01,9.587005608195686701e-01,9.184612377333811750e-01,9.339383387928761326e-01,9.168471085434191092e-01,8.749627377820375917e-01,8.836060119524533629e-01,9.511080690913554792e-01,9.612327716060855565e-01,9.815548942747939209e-01,8.697781691068985355e-01,9.307905067981240288e-01,9.509605331615225143e-01,8.951606609460532882e-01,9.078964834185876409e-01,8.924970447862984324e-01,9.427159206696056337e-01,9.749592056517452088e-01,9.731667244887667323e-01,9.587407421500491189e-01,8.753009388897227128e-01,8.942269479914942698e-01,9.596062299286685082e-01,9.675376075658616015e-01,8.932082964623572208e-01,9.823069678830843587e-01,9.778980391829508179e-01,9.793860758923793597e-01,9.263308173954970526e-01,8.777998141025418199e-01,9.649020231992176955e-01,9.504870562693593650e-01,1.000000000000000000e+00
