1.000000000000000000e+00,1.396125827889652393e-01,5.535521061507961971e-01,-1.776344929375907045e-01,3.158316525075997028e-01,6.317558443778273913e-01,-2.837314806333094963e-01,4.719834469470697569e-02,3.776911204354370111e-01,-3.136569397973992812e-02,5.121473377420016071e-01,3.598940406686048504e-02,-4.659921736429888939e-01,6.529029001707280511e-01,2.778650282212749567e-01,-2.162957856671639534e-01,-3.037675650660693338e-01,5.040285894991235194e-02,-3.883120338528206483e-01,2.505623649101081790e-02,5.545751843841429940e-01,3.422186450471376151e-01,5.649298948169098056e-01,6.915048224172940516e-01,5.663793462434856263e-01,4.940361475173012384e-01,3.973064763556011236e-01,6.728806992568394651e-01,7.492387441337213794e-01,6.928631848402043714e-01,3.386818745755335036e-01,4.139664557269138179e-01,3.981853021891623712e-01,-3.213560938049015991e-01,7.095669199237970570e-01,-1.044431045006214975e-01,4.931860115783269771e-01,4.202139672761225908e-01,-4.973233403790739970e-01
1.396125827889652393e-01,1.000000000000000000e+00,2.060211064714030094e-01,-2.612843746853564797e-01,5.598242479143237249e-01,1.894023651367397754e-01,2.560593986406185449e-02,-2.431836556177006947e-01,5.411807150641969599e-01,4.314916028416097560e-01,4.974241834426025854e-01,2.465988338866069440e-01,2.320237729939273463e-01,4.697540426393561619e-01,-9.431553916504342716e-02,2.130517998581247519e-01,3.416199320857510324e-01,-2.163709751367992595e-01,1.054988873473558242e-01,-5.150559372094834498e-02,7.099568281481573317e-02,2.011838302638545850e-01,5.807242126332071708e-01,2.768682541063873237e-01,5.134791215631649974e-01,2.636882994966679994e-01,7.004169050610838942e-01,-1.361590069960658955e-01,4.690543569960708287e-02,3.130019064255988304e-01,4.224667256211598332e-01,6.743973800791284168e-01,3.242464791919366096e-01,2.414509807249760540e-02,7.312485326652015671e-02,2.722389926859778986e-01,6.156317640360465804e-01,2.262117135905089560e-01,5.735968910233839591e-01
5.535521061507961971e-01,2.060211064714030094e-01,1.000000000000000000e+00,-6.623273057843415135e-01,8.689441234325885610e-02,8.702698143101946782e-01,-5.868098845783725759e-01,1.013220132354603481e-01,8.458991595363973826e-02,-2.733379319501058058e-01,6.814365757317440986e-01,5.633191262509520403e-01,-4.287827631187564603e-01,4.739157983099893112e-01,5.047505582456182083e-01,-5.475432878383601487e-01,-5.413751562543468454e-01,-5.245937925158241644e-01,-6.517129278228491751e-01,3.831413048405676869e-01,8.996904050355613025e-01,8.032830067715130973e-01,6.171464899438957596e-01,8.431709137767370299e-01,6.834480470754623616e-01,7.677247908025315593e-02,2.739281652169719417e-01,6.475599177203129608e-01,7.724801807805578013e-01,5.607542596195280726e-01,5.139036777694427904e-01,6.914717092912299190e-01,8.303767527742478283e-01,-1.061183666656225211e-01,7.026213789305056912e-01,-4.812026313472350103e-01,6.874575681037824459e-01,4.975263635640107540e-01,-3.940473567549424017e-01
-1.776344929375907045e-01,-2.612843746853564797e-01,-6.623273057843415135e-01,1.000000000000000000e+00,-2.678356710931947479e-02,-5.220117246338737971e-01,5.246142312840208488e-01,-7.437975912572149240e-02,-1.250222779644984406e-01,1.683350517294411597e-01,-3.825169328087935638e-01,-7.108813457537996872e-01,4.273491618097148559e-02,-1.429676785985190268e-01,-7.117041880240637663e-01,3.118085144424936339e-01,2.617547445649250348e-01,6.392792875432160571e-01,5.730093157911286816e-01,-4.657508491907562109e-01,-6.104163317398778599e-01,-5.915891705737030826e-01,-3.926397865921369412e-01,-4.708520314969658616e-01,-5.292392258879767830e-01,-1.154947161410098538e-01,-3.058753197795555101e-02,-2.733177021290912334e-01,-3.519493475483357892e-01,-2.241511599959463696e-01,-8.003026793365852765e-02,-4.979501984163706707e-01,-7.407251104454111168e-01,-3.524274350958653268e-01,-2.082483270319311075e-01,2.494874214890963615e-01,-4.966026496896131515e-01,-6.731321864761300455e-01,2.857537932882996817e-02
3.158316525075997028e-01,5.598242479143237249e-01,8.689441234325885610e-02,-2.678356710931947479e-02,1.000000000000000000e+00,1.358422060193602010e-01,2.611123410846536430e-01,1.126642928054374659e-01,7.156000782321887410e-01,4.595839516119640256e-01,3.186712626667882464e-01,-1.399174816674123301e-01,-4.787918170567462273e-02,6.063402726115625363e-01,4.372943439885477318e-02,3.221193693821239878e-01,2.171348955413567039e-01,3.327639389176084150e-01,2.747320038094570593e-01,-2.896259335043859240e-01,8.787709740377057377e-02,3.486389831691502628e-02,5.666864184035632634e-01,2.642134610963332575e-01,4.730043364917904114e-01,7.333285022820971166e-01,6.454180722956373017e-01,1.460452268757519434e-01,1.605752669421476875e-01,5.498117703726801420e-01,2.743287524482155848e-01,3.746722190137595221e-01,1.150530730614171410e-01,8.549499137247534852e-02,1.365277460318564118e-01,4.119761749530455597e-01,4.116377195387199706e-01,3.017724016383248054e-01,3.020811265986292904e-01
6.317558443778273913e-01,1.894023651367397754e-01,8.702698143101946782e-01,-5.220117246338737971e-01,1.358422060193602010e-01,1.000000000000000000e+00,-6.457144344580741935e-01,-1.792340369630890037e-02,1.045103431092004459e-01,-2.881091283351021048e-01,7.515519527133925903e-01,4.280584917109220289e-01,-5.672098290936140597e-01,5.930486570841609906e-01,3.260533168652017255e-01,-5.988816806573368234e-01,-5.644138842330156391e-01,-4.633394251810621367e-01,-6.722555387418693851e-01,2.440237724764818261e-01,8.325248313102904252e-01,7.414529035437882332e-01,6.678182009464128654e-01,9.150350527815871438e-01,7.045743420968375581e-01,1.259341313373991134e-01,3.535845713254051059e-01,6.424544728595136256e-01,8.746471196107244994e-01,6.139013720506242278e-01,6.138704489807642606e-01,7.250041205896795571e-01,7.340165316830492559e-01,-2.895714364608333313e-01,8.395489124991246666e-01,-5.354985235179179348e-01,7.354523212677701594e-01,4.013898477804732634e-01,-5.186160356633324753e-01
-2.837314806333094963e-01,2.560593986406185449e-02,-5.868098845783725759e-01,5.246142312840208488e-01,2.611123410846536430e-01,-6.457144344580741935e-01,1.000000000000000000e+00,3.845395803081141928e-01,1.777696519427277855e-01,2.852600211630672566e-01,-4.549194699460185065e-01,-5.622444797466102928e-01,4.158792939411168343e-01,-1.996918009476211231e-01,-2.289380500818888053e-01,4.949932080617673869e-01,4.055847084289548876e-01,6.318232356079792611e-01,7.279420521271894318e-01,-3.620258347409880950e-01,-5.144936337769613344e-01,-5.097474588737657131e-01,-3.351924167284330847e-01,-5.798706299180285129e-01,-4.089862076089307852e-01,1.904118638732244517e-01,8.404799178111441171e-02,-2.723921703114028925e-01,-5.348091311805925896e-01,-2.296860957198695319e-01,-2.924432342628203174e-01,-3.963624435717227890e-01,-5.059688105510681266e-01,8.123457577189464873e-02,-5.141583217649948745e-01,5.316727687506720423e-01,-3.544601332079888589e-01,-3.272740891666518492e-01,4.515660846317677835e-01
4.719834469470697569e-02,-2.431836556177006947e-01,1.013220132354603481e-01,-7.437975912572149240e-02,1.126642928054374659e-01,-1.792340369630890037e-02,3.845395803081141928e-01,1.000000000000000000e+00,-1.353462966733879301e-02,-1.662725054193262275e-01,-1.752625902810590330e-01,-1.458510091035233880e-01,8.517199907218110351e-04,-1.131933931374121682e-01,4.168230172331811034e-01,-3.666176069212139649e-02,-1.767918304776713023e-01,2.625962075718571986e-01,8.586606974419497273e-02,-1.056264335370823426e-01,2.279814176618038812e-01,6.408091692393182159e-02,-1.286617587100600812e-01,-4.807927468117458719e-02,-1.083364417358636811e-01,2.125232434817495297e-01,-9.970488602011641499e-02,3.427592839997692375e-01,4.248032551656145961e-02,5.342368624739243094e-03,-1.870233036888593325e-01,-1.498059100785372744e-01,4.941406033014866805e-02,2.231714394301246573e-01,-4.290215007324407748e-02,-9.681798977193303846e-03,-4.556975440180223436e-02,9.423892205433424818e-02,-1.097589450624278096e-01
3.776911204354370111e-01,5.411807150641969599e-01,8.458991595363973826e-02,-1.250222779644984406e-01,7.156000782321887410e-01,1.045103431092004459e-01,1.777696519427277855e-01,-1.353462966733879301e-02,1.000000000000000000e+00,4.943291879849770476e-01,2.781533968293997128e-01,-9.228504398634250830e-03,1.485115719259186562e-01,5.052651952160267523e-01,1.700579343675601152e-01,3.635449884519066921e-01,3.020932465852266824e-01,2.295659026229148469e-01,1.352410265751580742e-01,-1.778923810142649942e-01,7.530942883486749229e-02,3.584128943848697429e-02,5.532810057710551011e-01,2.252869181310752089e-01,5.111724057797202292e-01,6.719421515639091291e-01,4.794977049714735373e-01,1.448060441145032073e-01,1.242817681806932112e-01,5.079756900747939286e-01,6.175021366472181056e-02,3.293990065860383232e-01,1.733511735255860720e-01,1.497955731281692959e-01,1.006834413906495390e-01,3.456834770875052976e-01,3.692074955698703698e-01,5.097833381943935871e-01,2.828455657114826161e-01
-3.136569397973992812e-02,4.314916028416097560e-01,-2.733379319501058058e-01,1.683350517294411597e-01,4.595839516119640256e-01,-2.881091283351021048e-01,2.852600211630672566e-01,-1.662725054193262275e-01,4.943291879849770476e-01,1.000000000000000000e+00,-1.450227524793827050e-01,-1.621916233619975500e-01,2.438656373402573185e-01,2.111256721338514442e-01,-1.460535069051769608e-01,8.029130824013419598e-01,3.908226257407542703e-01,3.152924225740156294e-01,4.450466782372460850e-01,-2.216604344788418723e-01,-3.274804036220727022e-01,-2.496491109484493542e-01,2.229761672541665241e-01,-1.512191441273595671e-01,2.364708778899319297e-01,2.452541340954975391e-01,1.396493145377856737e-01,-2.759577685986220885e-01,-2.984679650862015476e-01,2.560506564575196209e-01,-5.424563900133139160e-02,-5.510350392317190510e-02,-2.549086436441753145e-01,2.960112443013114270e-01,-2.548512401870653421e-01,6.695757800086583611e-01,-4.734186112619181291e-02,2.036546915538526570e-01,5.432721504804620682e-01
5.121473377420016071e-01,4.974241834426025854e-01,6.814365757317440986e-01,-3.825169328087935638e-01,3.186712626667882464e-01,7.515519527133925903e-01,-4.549194699460185065e-01,-1.752625902810590330e-01,2.781533968293997128e-01,-1.450227524793827050e-01,1.000000000000000000e+00,4.783353868239626494e-01,-2.925273142392665338e-01,5.899542232865763181e-01,3.116508038119127078e-02,-4.838121346479642981e-01,-8.383843690932481219e-02,-4.636342564509851605e-01,-4.842728377868735778e-01,1.065624322756605485e-01,6.348988949074861887e-01,5.966587468313370168e-01,7.775242733710618914e-01,7.731664519963650228e-01,6.786854641895806450e-01,2.087564033891927129e-01,5.946115438764666417e-01,3.607794108831879898e-01,6.590419687180222308e-01,6.011345158841571168e-01,6.612015631770894464e-01,8.389460990084275371e-01,6.951821438597647340e-01,-3.892295555618503489e-01,6.476512008594890180e-01,-3.889605946437241779e-01,7.202848010654588906e-01,2.649844342656590412e-01,-2.124838550449784091e-01
3.598940406686048504e-02,2.465988338866069440e-01,5.633191262509520403e-01,-7.108813457537996872e-01,-1.399174816674123301e-01,4.280584917109220289e-01,-5.622444797466102928e-01,-1.458510091035233880e-01,-9.228504398634250830e-03,-1.621916233619975500e-01,4.783353868239626494e-01,1.000000000000000000e+00,8.979475976443977714e-02,-1.767622872382674376e-02,3.825518674258282514e-01,-3.264140616025831276e-01,-6.238067971385560795e-02,-7.861222109325040064e-01,-6.284422279291833613e-01,5.913047360008348852e-01,5.353083262349271898e-01,6.096001019173531432e-01,3.580281199966016126e-01,3.574572256087177324e-01,4.067862573408866922e-01,-1.437501881120058222e-01,-7.503674015454958601e-02,9.802645835299923782e-02,2.319064520591416767e-01,1.610351650409343471e-01,1.304944834798328901e-01,4.490645300835546805e-01,7.211039535269416767e-01,2.421793509995809890e-01,1.253172682492930956e-01,-3.222508792432146607e-01,3.113915317916080561e-01,4.476397325587594955e-01,-1.482981797841017267e-02
-4.659921736429888939e-01,2.320237729939273463e-01,-4.287827631187564603e-01,4.273491618097148559e-02,-4.787918170567462273e-02,-5.672098290936140597e-01,4.158792939411168343e-01,8.517199907218110351e-04,1.485115719259186562e-01,2.438656373402573185e-01,-2.925273142392665338e-01,8.979475976443977714e-02,1.000000000000000000e+00,-4.132451623574765476e-01,-3.454962297286978679e-02,3.969243974439388700e-01,6.390969492709405175e-01,3.258109555105452408e-03,3.448141502775752265e-01,2.059207757012110687e-02,-4.373251494298737163e-01,-2.930418253165988363e-01,-2.892961469845163891e-01,-5.661847513621235395e-01,-3.065243435555601303e-01,-5.913342052397911608e-02,-1.074399596086478698e-01,-4.295282755089464555e-01,-6.565795382033317029e-01,-4.493984068706556867e-01,-4.638534649413386668e-01,-2.092027987724194016e-01,-1.407311375053164892e-01,2.753159023012870521e-01,-6.414965053554926300e-01,3.008027056786750641e-01,-2.485885062030543935e-01,-1.064067279909073835e-02,5.979657630098347276e-01
6.529029001707280511e-01,4.697540426393561619e-01,4.739157983099893112e-01,-1.429676785985190268e-01,6.063402726115625363e-01,5.930486570841609906e-01,-1.996918009476211231e-01,-1.131933931374121682e-01,5.052651952160267523e-01,2.111256721338514442e-01,5.899542232865763181e-01,-1.767622872382674376e-02,-4.132451623574765476e-01,1.000000000000000000e+00,4.389682061331013491e-02,-8.389817339670600782e-02,-2.186120526655648821e-01,3.989435670035393344e-02,-1.598939494449507781e-01,-1.588883645664946054e-01,4.020993163306468277e-01,3.007518796802066685e-01,7.273526640615808336e-01,6.932942961612416077e-01,6.563215081215867386e-01,5.149335320944857797e-01,6.714135766025084440e-01,4.260425445129442101e-01,6.192141915810930319e-01,6.701268681365807334e-01,6.007585160415666037e-01,6.301776675999457566e-01,3.727504952127921878e-01,-3.038040217478292782e-01,6.739142545348664193e-01,-6.119090604231121333e-02,7.006945652955697268e-01,3.083434555022769863e-01,-1.465070400066148248e-01
2.778650282212749567e-01,-9.431553916504342716e-02,5.047505582456182083e-01,-7.117041880240637663e-01,4.372943439885477318e-02,3.260533168652017255e-01,-2.289380500818888053e-01,4.168230172331811034e-01,1.700579343675601152e-01,-1.460535069051769608e-01,3.116508038119127078e-02,3.825518674258282514e-01,-3.454962297286978679e-02,4.389682061331013491e-02,1.000000000000000000e+00,-1.396773752223295917e-01,-3.635077058500414959e-01,-1.881216043794517734e-01,-3.824138046210079911e-01,3.636974592821178298e-01,5.485978088156915344e-01,3.947387547252438345e-01,1.522843112908350838e-01,2.955661741250642516e-01,3.237423750269611267e-01,3.094057363992521736e-01,-1.824026361146005581e-01,5.315328511626251640e-01,3.117740729915827735e-01,2.267889182228423062e-01,-2.551690191080975278e-01,1.185349022241452277e-01,5.054145398926997990e-01,4.313305365697794325e-01,1.444981617290288234e-01,-1.108030729506349343e-01,2.321220937002462514e-01,7.213846561941281710e-01,-2.044950884454799500e-01
-2.162957856671639534e-01,2.130517998581247519e-01,-5.475432878383601487e-01,3.118085144424936339e-01,3.221193693821239878e-01,-5.988816806573368234e-01,4.949932080617673869e-01,-3.666176069212139649e-02,3.635449884519066921e-01,8.029130824013419598e-01,-4.838121346479642981e-01,-3.264140616025831276e-01,3.969243974439388700e-01,-8.389817339670600782e-02,-1.396773752223295917e-01,1.000000000000000000e+00,4.765048050093013687e-01,4.829518499444852564e-01,5.958290840004938360e-01,-2.215382199168479671e-01,-5.517208846343943929e-01,-4.578495442233768142e-01,-1.081041247935715238e-01,-4.868085419932620672e-01,-1.001105177974135479e-01,2.237270497944706948e-01,-8.089300377513466977e-02,-3.870842110637884859e-01,-5.578089061597275577e-01,-1.884942340191809312e-02,-3.854153673809431746e-01,-3.972120446638392477e-01,-4.809736765133791891e-01,4.194259463045098557e-01,-5.507036918158185745e-01,7.826324233435631994e-01,-3.539353696412830819e-01,9.048444881610184787e-02,5.948907202310617093e-01
-3.037675650660693338e-01,3.416199320857510324e-01,-5.413751562543468454e-01,2.617547445649250348e-01,2.171348955413567039e-01,-5.644138842330156391e-01,4.055847084289548876e-01,-1.767918304776713023e-01,3.020932465852266824e-01,3.908226257407542703e-01,-8.383843690932481219e-02,-6.238067971385560795e-02,6.390969492709405175e-01,-2.186120526655648821e-01,-3.635077058500414959e-01,4.765048050093013687e-01,1.000000000000000000e+00,1.618396974661479304e-01,4.085376040375343076e-01,-2.136724008237886330e-01,-5.441144266307667010e-01,-4.330585428968761197e-01,-5.830663744993209302e-02,-5.016473774905163552e-01,-1.900271240028340858e-01,1.710096528960286799e-01,1.181766543984842932e-01,-5.572676777627726397e-01,-6.173017478899450738e-01,-1.998662295387074461e-01,-2.790896657210251708e-01,-1.526622719242944348e-01,-2.819631742155221943e-01,7.526175877367799472e-02,-5.837394282842266469e-01,4.332936168965805246e-01,-2.867873816756246197e-01,-1.257968099471117873e-01,5.683069482446655440e-01
5.040285894991235194e-02,-2.163709751367992595e-01,-5.245937925158241644e-01,6.392792875432160571e-01,3.327639389176084150e-01,-4.633394251810621367e-01,6.318232356079792611e-01,2.625962075718571986e-01,2.295659026229148469e-01,3.152924225740156294e-01,-4.636342564509851605e-01,-7.861222109325040064e-01,3.258109555105452408e-03,3.989435670035393344e-02,-1.881216043794517734e-01,4.829518499444852564e-01,1.618396974661479304e-01,1.000000000000000000e+00,6.893389555188046414e-01,-5.203010763431402674e-01,-4.491497815375714020e-01,-5.682289080957162453e-01,-2.621637902733877645e-01,-3.646867326666191622e-01,-3.031134713928440028e-01,3.355928341097300094e-01,5.121335075959129041e-02,1.912482393632593952e-02,-2.562832933935271784e-01,2.807777951310074568e-03,-2.286373370449605591e-01,-5.047041756394544665e-01,-6.328559963693050072e-01,1.085374372351501603e-02,-2.034033812950731268e-01,4.613614243694740824e-01,-3.875581751688521592e-01,-2.549565276642677403e-01,8.731650448500140327e-02
-3.883120338528206483e-01,1.054988873473558242e-01,-6.517129278228491751e-01,5.730093157911286816e-01,2.747320038094570593e-01,-6.722555387418693851e-01,7.279420521271894318e-01,8.586606974419497273e-02,1.352410265751580742e-01,4.450466782372460850e-01,-4.842728377868735778e-01,-6.284422279291833613e-01,3.448141502775752265e-01,-1.598939494449507781e-01,-3.824138046210079911e-01,5.958290840004938360e-01,4.085376040375343076e-01,6.893389555188046414e-01,1.000000000000000000e+00,-4.679653165412020477e-01,-6.576969168010025069e-01,-5.926496066230801940e-01,-3.350331781518799956e-01,-5.817445940428089823e-01,-3.895555667364152819e-01,3.257331123080077495e-02,1.600942891694263348e-01,-3.922275296716459803e-01,-6.128499770865751817e-01,-2.745828685314062323e-01,-1.437604615840357425e-01,-3.928638556613454069e-01,-6.412401050328104812e-01,1.343282541236684724e-01,-5.194599342943458931e-01,5.757156876731774897e-01,-3.703980137116769655e-01,-4.002736161655511826e-01,6.015931540400126787e-01
2.505623649101081790e-02,-5.150559372094834498e-02,3.831413048405676869e-01,-4.657508491907562109e-01,-2.896259335043859240e-01,2.440237724764818261e-01,-3.620258347409880950e-01,-1.056264335370823426e-01,-1.778923810142649942e-01,-2.216604344788418723e-01,1.065624322756605485e-01,5.913047360008348852e-01,2.059207757012110687e-02,-1.588883645664946054e-01,3.636974592821178298e-01,-2.215382199168479671e-01,-2.136724008237886330e-01,-5.203010763431402674e-01,-4.679653165412020477e-01,1.000000000000000000e+00,3.846091288575178013e-01,4.778509389576929833e-01,2.284892026030484538e-02,1.746267720572290683e-01,1.622449713040075570e-01,-2.093200358618110268e-01,-2.503565788589641183e-01,1.440770980506851651e-01,1.282065635833415373e-01,-2.254860546163427182e-02,-1.196654786063516274e-01,8.519974683496779611e-02,4.482627761076951600e-01,2.096706224131125174e-01,2.486771243040617960e-02,-1.965156479179983595e-01,4.000604114036647452e-02,2.896294729665678802e-01,-1.352490674970036055e-01
5.545751843841429940e-01,7.099568281481573317e-02,8.996904050355613025e-01,-6.104163317398778599e-01,8.787709740377057377e-02,8.325248313102904252e-01,-5.144936337769613344e-01,2.279814176618038812e-01,7.530942883486749229e-02,-3.274804036220727022e-01,6.348988949074861887e-01,5.353083262349271898e-01,-4.373251494298737163e-01,4.020993163306468277e-01,5.485978088156915344e-01,-5.517208846343943929e-01,-5.441144266307667010e-01,-4.491497815375714020e-01,-6.576969168010025069e-01,3.846091288575178013e-01,1.000000000000000000e+00,7.843600603839503416e-01,5.646139149691814518e-01,8.010468267990868974e-01,6.222488911332192396e-01,1.401612753097661312e-01,1.862501726818271142e-01,7.258727760025459608e-01,7.808602545947200824e-01,5.739417196489069450e-01,3.991245011770371276e-01,5.887693471809888335e-01,8.210587575601795418e-01,-9.739943983672479100e-02,6.836333898857754887e-01,-5.049756636642487306e-01,5.935818236031686901e-01,5.073740685524424920e-01,-4.867536479866902410e-01
3.422186450471376151e-01,2.011838302638545850e-01,8.032830067715130973e-01,-5.915891705737030826e-01,3.486389831691502628e-02,7.414529035437882332e-01,-5.097474588737657131e-01,6.408091692393182159e-02,3.584128943848697429e-02,-2.496491109484493542e-01,5.966587468313370168e-01,6.096001019173531432e-01,-2.930418253165988363e-01,3.007518796802066685e-01,3.947387547252438345e-01,-4.578495442233768142e-01,-4.330585428968761197e-01,-5.682289080957162453e-01,-5.926496066230801940e-01,4.778509389576929833e-01,7.843600603839503416e-01,1.000000000000000000e+00,5.378432026819064404e-01,6.949437137992845459e-01,6.018725354326618371e-01,-2.922012763972756805e-02,1.674150381353967099e-01,4.931578543485048427e-01,6.070347353408824809e-01,4.236158944269226567e-01,4.216313527519953697e-01,6.094229504054157198e-01,7.795855985168121949e-01,-3.447652320304882972e-02,5.226698039965014253e-01,-4.557958533472133422e-01,5.664996743825062575e-01,4.576252072940236726e-01,-2.843246690333218751e-01
5.649298948169098056e-01,5.807242126332071708e-01,6.171464899438957596e-01,-3.926397865921369412e-01,5.666864184035632634e-01,6.678182009464128654e-01,-3.351924167284330847e-01,-1.286617587100600812e-01,5.532810057710551011e-01,2.229761672541665241e-01,7.775242733710618914e-01,3.580281199966016126e-01,-2.892961469845163891e-01,7.273526640615808336e-01,1.522843112908350838e-01,-1.081041247935715238e-01,-5.830663744993209302e-02,-2.621637902733877645e-01,-3.350331781518799956e-01,2.284892026030484538e-02,5.646139149691814518e-01,5.378432026819064404e-01,1.000000000000000000e+00,7.526418979488633809e-01,8.688096285576628608e-01,4.512563257358506164e-01,5.900925014457276685e-01,3.474488411442190894e-01,5.909773135340437022e-01,7.903130238714106692e-01,5.562148722607079820e-01,7.593130412952291408e-01,6.190147653665737382e-01,-1.734877591151054999e-01,5.616894735091936264e-01,-9.911900041147440887e-02,7.024027682665027195e-01,5.150128910793864145e-01,-5.329564109573094871e-02
6.915048224172940516e-01,2.768682541063873237e-01,8.431709137767370299e-01,-4.708520314969658616e-01,2.642134610963332575e-01,9.150350527815871438e-01,-5.798706299180285129e-01,-4.807927468117458719e-02,2.252869181310752089e-01,-1.512191441273595671e-01,7.731664519963650228e-01,3.574572256087177324e-01,-5.661847513621235395e-01,6.932942961612416077e-01,2.955661741250642516e-01,-4.868085419932620672e-01,-5.016473774905163552e-01,-3.646867326666191622e-01,-5.817445940428089823e-01,1.746267720572290683e-01,8.010468267990868974e-01,6.949437137992845459e-01,7.526418979488633809e-01,1.000000000000000000e+00,7.748286348228077269e-01,2.268957231877083702e-01,4.483069468034939220e-01,6.422639041180978614e-01,8.796717129510263078e-01,7.091381538548384711e-01,6.358343415572025314e-01,7.525010223856191116e-01,7.039979588625180362e-01,-3.031057875217432196e-01,8.549819377729102055e-01,-4.245714441261603245e-01,7.676272011856580813e-01,4.309077666749898117e-01,-4.575002839757273398e-01
5.663793462434856263e-01,5.134791215631649974e-01,6.834480470754623616e-01,-5.292392258879767830e-01,4.730043364917904114e-01,7.045743420968375581e-01,-4.089862076089307852e-01,-1.083364417358636811e-01,5.111724057797202292e-01,2.364708778899319297e-01,6.786854641895806450e-01,4.067862573408866922e-01,-3.065243435555601303e-01,6.563215081215867386e-01,3.237423750269611267e-01,-1.001105177974135479e-01,-1.900271240028340858e-01,-3.031134713928440028e-01,-3.895555667364152819e-01,1.622449713040075570e-01,6.222488911332192396e-01,6.018725354326618371e-01,8.688096285576628608e-01,7.748286348228077269e-01,1.000000000000000000e+00,3.858379657692759812e-01,4.633015680900824940e-01,4.126227272479731090e-01,6.069650594790643172e-01,7.701274867916945155e-01,4.629146416584027923e-01,7.064351023269143104e-01,6.489383136538533492e-01,-2.712097674498657393e-02,5.609593898373461673e-01,-8.274892614892073728e-02,6.862261926319715988e-01,6.189900754897218471e-01,-9.064920234462235660e-02
4.940361475173012384e-01,2.636882994966679994e-01,7.677247908025315593e-02,-1.154947161410098538e-01,7.333285022820971166e-01,1.259341313373991134e-01,1.904118638732244517e-01,2.125232434817495297e-01,6.719421515639091291e-01,2.452541340954975391e-01,2.087564033891927129e-01,-1.437501881120058222e-01,-5.913342052397911608e-02,5.149335320944857797e-01,3.094057363992521736e-01,2.237270497944706948e-01,1.710096528960286799e-01,3.355928341097300094e-01,3.257331123080077495e-02,-2.093200358618110268e-01,1.401612753097661312e-01,-2.922012763972756805e-02,4.512563257358506164e-01,2.268957231877083702e-01,3.858379657692759812e-01,1.000000000000000000e+00,4.117953851213887462e-01,3.279287214120615301e-01,2.487011620412418467e-01,5.005292180811616864e-01,-7.557109197641355414e-02,1.932747255396700392e-01,1.498989293526473143e-01,3.666988213943001701e-02,1.570561367017758170e-01,2.914033438202042747e-01,2.804810810890284167e-01,4.877314883549228042e-01,-1.976252011289717295e-02
3.973064763556011236e-01,7.004169050610838942e-01,2.739281652169719417e-01,-3.058753197795555101e-02,6.454180722956373017e-01,3.535845713254051059e-01,8.404799178111441171e-02,-9.970488602011641499e-02,4.794977049714735373e-01,1.396493145377856737e-01,5.946115438764666417e-01,-7.503674015454958601e-02,-1.074399596086478698e-01,6.714135766025084440e-01,-1.824026361146005581e-01,-8.089300377513466977e-02,1.181766543984842932e-01,5.121335075959129041e-02,1.600942891694263348e-01,-2.503565788589641183e-01,1.862501726818271142e-01,1.674150381353967099e-01,5.900925014457276685e-01,4.483069468034939220e-01,4.633015680900824940e-01,4.117953851213887462e-01,1.000000000000000000e+00,1.816292591389156164e-01,3.221383121126936699e-01,4.230579628741523157e-01,6.298446974136342469e-01,6.837158095825808246e-01,2.805708292272900972e-01,-3.419525478709490307e-01,3.894537479952241976e-01,7.606203132176177217e-02,6.652279873915315500e-01,3.722082341456636745e-02,2.184396456408012333e-01
6.728806992568394651e-01,-1.361590069960658955e-01,6.475599177203129608e-01,-2.733177021290912334e-01,1.460452268757519434e-01,6.424544728595136256e-01,-2.723921703114028925e-01,3.427592839997692375e-01,1.448060441145032073e-01,-2.759577685986220885e-01,3.607794108831879898e-01,9.802645835299923782e-02,-4.295282755089464555e-01,4.260425445129442101e-01,5.315328511626251640e-01,-3.870842110637884859e-01,-5.572676777627726397e-01,1.912482393632593952e-02,-3.922275296716459803e-01,1.440770980506851651e-01,7.258727760025459608e-01,4.931578543485048427e-01,3.474488411442190894e-01,6.422639041180978614e-01,4.126227272479731090e-01,3.279287214120615301e-01,1.816292591389156164e-01,1.000000000000000000e+00,7.384695932962921372e-01,5.124413009200838864e-01,1.902674820795433042e-01,3.002192347762349112e-01,4.914816137579263167e-01,-1.582183538259320510e-01,6.752019664052175685e-01,-3.518420209190227799e-01,4.260877533159825314e-01,4.066633021285125382e-01,-6.088459244467850917e-01
7.492387441337213794e-01,4.690543569960708287e-02,7.724801807805578013e-01,-3.519493475483357892e-01,1.605752669421476875e-01,8.746471196107244994e-01,-5.348091311805925896e-01,4.248032551656145961e-02,1.242817681806932112e-01,-2.984679650862015476e-01,6.590419687180222308e-01,2.319064520591416767e-01,-6.565795382033317029e-01,6.192141915810930319e-01,3.117740729915827735e-01,-5.578089061597275577e-01,-6.173017478899450738e-01,-2.562832933935271784e-01,-6.128499770865751817e-01,1.282065635833415373e-01,7.808602545947200824e-01,6.070347353408824809e-01,5.909773135340437022e-01,8.796717129510263078e-01,6.069650594790643172e-01,2.487011620412418467e-01,3.221383121126936699e-01,7.384695932962921372e-01,1.000000000000000000e+00,6.521253035452968527e-01,5.314734745004160432e-01,5.976236347653842707e-01,5.983549105368678456e-01,-3.637908531727475636e-01,8.975009625272075686e-01,-4.766628805013701231e-01,6.589355188713914568e-01,3.561021415572446225e-01,-6.546104855355759922e-01
6.928631848402043714e-01,3.130019064255988304e-01,5.607542596195280726e-01,-2.241511599959463696e-01,5.498117703726801420e-01,6.139013720506242278e-01,-2.296860957198695319e-01,5.342368624739243094e-03,5.079756900747939286e-01,2.560506564575196209e-01,6.011345158841571168e-01,1.610351650409343471e-01,-4.493984068706556867e-01,6.701268681365807334e-01,2.267889182228423062e-01,-1.884942340191809312e-02,-1.998662295387074461e-01,2.807777951310074568e-03,-2.745828685314062323e-01,-2.254860546163427182e-02,5.739417196489069450e-01,4.236158944269226567e-01,7.903130238714106692e-01,7.091381538548384711e-01,7.701274867916945155e-01,5.005292180811616864e-01,4.230579628741523157e-01,5.124413009200838864e-01,6.521253035452968527e-01,1.000000000000000000e+00,4.237194480815149600e-01,5.155878654487479062e-01,4.544661011490865321e-01,-1.552289408043336372e-01,5.952050267590033306e-01,5.735198353669666849e-02,5.082769773054820472e-01,5.046133155321999020e-01,-2.552234150924664879e-01
3.386818745755335036e-01,4.224667256211598332e-01,5.139036777694427904e-01,-8.003026793365852765e-02,2.743287524482155848e-01,6.138704489807642606e-01,-2.924432342628203174e-01,-1.870233036888593325e-01,6.175021366472181056e-02,-5.424563900133139160e-02,6.612015631770894464e-01,1.304944834798328901e-01,-4.638534649413386668e-01,6.007585160415666037e-01,-2.551690191080975278e-01,-3.854153673809431746e-01,-2.790896657210251708e-01,-2.286373370449605591e-01,-1.437604615840357425e-01,-1.196654786063516274e-01,3.991245011770371276e-01,4.216313527519953697e-01,5.562148722607079820e-01,6.358343415572025314e-01,4.629146416584027923e-01,-7.557109197641355414e-02,6.298446974136342469e-01,1.902674820795433042e-01,5.314734745004160432e-01,4.237194480815149600e-01,1.000000000000000000e+00,6.918189244787320558e-01,3.656098500838185772e-01,-4.150497632530532055e-01,6.275055911694562560e-01,-2.868176473804739390e-01,6.328736092829990723e-01,-1.057023484864608454e-01,-8.147897646963039864e-02
4.139664557269138179e-01,6.743973800791284168e-01,6.914717092912299190e-01,-4.979501984163706707e-01,3.746722190137595221e-01,7.250041205896795571e-01,-3.963624435717227890e-01,-1.498059100785372744e-01,3.293990065860383232e-01,-5.510350392317190510e-02,8.389460990084275371e-01,4.490645300835546805e-01,-2.092027987724194016e-01,6.301776675999457566e-01,1.185349022241452277e-01,-3.972120446638392477e-01,-1.526622719242944348e-01,-5.047041756394544665e-01,-3.928638556613454069e-01,8.519974683496779611e-02,5.887693471809888335e-01,6.094229504054157198e-01,7.593130412952291408e-01,7.525010223856191116e-01,7.064351023269143104e-01,1.932747255396700392e-01,6.837158095825808246e-01,3.002192347762349112e-01,5.976236347653842707e-01,5.155878654487479062e-01,6.918189244787320558e-01,1.000000000000000000e+00,7.099470139350497755e-01,-2.574164428918019887e-01,6.019857529814279795e-01,-2.960583310713021388e-01,8.883892206940923186e-01,3.203907046294022232e-01,-4.839263802745073437e-03
3.981853021891623712e-01,3.242464791919366096e-01,8.303767527742478283e-01,-7.407251104454111168e-01,1.150530730614171410e-01,7.340165316830492559e-01,-5.059688105510681266e-01,4.941406033014866805e-02,1.733511735255860720e-01,-2.549086436441753145e-01,6.951821438597647340e-01,7.211039535269416767e-01,-1.407311375053164892e-01,3.727504952127921878e-01,5.054145398926997990e-01,-4.809736765133791891e-01,-2.819631742155221943e-01,-6.328559963693050072e-01,-6.412401050328104812e-01,4.482627761076951600e-01,8.210587575601795418e-01,7.795855985168121949e-01,6.190147653665737382e-01,7.039979588625180362e-01,6.489383136538533492e-01,1.498989293526473143e-01,2.805708292272900972e-01,4.914816137579263167e-01,5.983549105368678456e-01,4.544661011490865321e-01,3.656098500838185772e-01,7.099470139350497755e-01,1.000000000000000000e+00,-2.988543520074171678e-02,5.077321341111460384e-01,-4.559307158823997508e-01,6.631088946816013907e-01,5.585694226459526623e-01,-2.120437398761642056e-01
-3.213560938049015991e-01,2.414509807249760540e-02,-1.061183666656225211e-01,-3.524274350958653268e-01,8.549499137247534852e-02,-2.895714364608333313e-01,8.123457577189464873e-02,2.231714394301246573e-01,1.497955731281692959e-01,2.960112443013114270e-01,-3.892295555618503489e-01,2.421793509995809890e-01,2.753159023012870521e-01,-3.038040217478292782e-01,4.313305365697794325e-01,4.194259463045098557e-01,7.526175877367799472e-02,1.085374372351501603e-02,1.343282541236684724e-01,2.096706224131125174e-01,-9.739943983672479100e-02,-3.447652320304882972e-02,-1.734877591151054999e-01,-3.031057875217432196e-01,-2.712097674498657393e-02,3.666988213943001701e-02,-3.419525478709490307e-01,-1.582183538259320510e-01,-3.637908531727475636e-01,-1.552289408043336372e-01,-4.150497632530532055e-01,-2.574164428918019887e-01,-2.988543520074171678e-02,1.000000000000000000e+00,-4.878023455666031793e-01,3.655800766901286525e-01,-2.112269107609573704e-01,3.445355883916131345e-01,4.293787381551964488e-01
7.095669199237970570e-01,7.312485326652015671e-02,7.026213789305056912e-01,-2.082483270319311075e-01,1.365277460318564118e-01,8.395489124991246666e-01,-5.141583217649948745e-01,-4.290215007324407748e-02,1.006834413906495390e-01,-2.548512401870653421e-01,6.476512008594890180e-01,1.253172682492930956e-01,-6.414965053554926300e-01,6.739142545348664193e-01,1.444981617290288234e-01,-5.507036918158185745e-01,-5.837394282842266469e-01,-2.034033812950731268e-01,-5.194599342943458931e-01,2.486771243040617960e-02,6.836333898857754887e-01,5.226698039965014253e-01,5.616894735091936264e-01,8.549819377729102055e-01,5.609593898373461673e-01,1.570561367017758170e-01,3.894537479952241976e-01,6.752019664052175685e-01,8.975009625272075686e-01,5.952050267590033306e-01,6.275055911694562560e-01,6.019857529814279795e-01,5.077321341111460384e-01,-4.878023455666031793e-01,1.000000000000000000e+00,-5.099762656705980612e-01,6.676222749161957459e-01,2.175482590619498280e-01,-6.289002479111944766e-01
-1.044431045006214975e-01,2.722389926859778986e-01,-4.812026313472350103e-01,2.494874214890963615e-01,4.119761749530455597e-01,-5.354985235179179348e-01,5.316727687506720423e-01,-9.681798977193303846e-03,3.456834770875052976e-01,6.695757800086583611e-01,-3.889605946437241779e-01,-3.222508792432146607e-01,3.008027056786750641e-01,-6.119090604231121333e-02,-1.108030729506349343e-01,7.826324233435631994e-01,4.332936168965805246e-01,4.613614243694740824e-01,5.757156876731774897e-01,-1.965156479179983595e-01,-5.049756636642487306e-01,-4.557958533472133422e-01,-9.911900041147440887e-02,-4.245714441261603245e-01,-8.274892614892073728e-02,2.914033438202042747e-01,7.606203132176177217e-02,-3.518420209190227799e-01,-4.766628805013701231e-01,5.735198353669666849e-02,-2.868176473804739390e-01,-2.960583310713021388e-01,-4.559307158823997508e-01,3.655800766901286525e-01,-5.099762656705980612e-01,1.000000000000000000e+00,-2.684110387924854568e-01,4.774031712457136450e-02,5.713317117267056044e-01
4.931860115783269771e-01,6.156317640360465804e-01,6.874575681037824459e-01,-4.966026496896131515e-01,4.116377195387199706e-01,7.354523212677701594e-01,-3.544601332079888589e-01,-4.556975440180223436e-02,3.692074955698703698e-01,-4.734186112619181291e-02,7.202848010654588906e-01,3.113915317916080561e-01,-2.485885062030543935e-01,7.006945652955697268e-01,2.321220937002462514e-01,-3.539353696412830819e-01,-2.867873816756246197e-01,-3.875581751688521592e-01,-3.703980137116769655e-01,4.000604114036647452e-02,5.935818236031686901e-01,5.664996743825062575e-01,7.024027682665027195e-01,7.676272011856580813e-01,6.862261926319715988e-01,2.804810810890284167e-01,6.652279873915315500e-01,4.260877533159825314e-01,6.589355188713914568e-01,5.082769773054820472e-01,6.328736092829990723e-01,8.883892206940923186e-01,6.631088946816013907e-01,-2.112269107609573704e-01,6.676222749161957459e-01,-2.684110387924854568e-01,1.000000000000000000e+00,3.752756404240534804e-01,-6.561458426820648837e-02
4.202139672761225908e-01,2.262117135905089560e-01,4.975263635640107540e-01,-6.731321864761300455e-01,3.017724016383248054e-01,4.013898477804732634e-01,-3.272740891666518492e-01,9.423892205433424818e-02,5.097833381943935871e-01,2.036546915538526570e-01,2.649844342656590412e-01,4.476397325587594955e-01,-1.064067279909073835e-02,3.083434555022769863e-01,7.213846561941281710e-01,9.048444881610184787e-02,-1.257968099471117873e-01,-2.549565276642677403e-01,-4.002736161655511826e-01,2.896294729665678802e-01,5.073740685524424920e-01,4.576252072940236726e-01,5.150128910793864145e-01,4.309077666749898117e-01,6.189900754897218471e-01,4.877314883549228042e-01,3.722082341456636745e-02,4.066633021285125382e-01,3.561021415572446225e-01,5.046133155321999020e-01,-1.057023484864608454e-01,3.203907046294022232e-01,5.585694226459526623e-01,3.445355883916131345e-01,2.175482590619498280e-01,4.774031712457136450e-02,3.752756404240534804e-01,1.000000000000000000e+00,-6.251476959649260312e-02
-4.973233403790739970e-01,5.735968910233839591e-01,-3.940473567549424017e-01,2.857537932882996817e-02,3.020811265986292904e-01,-5.186160356633324753e-01,4.515660846317677835e-01,-1.097589450624278096e-01,2.828455657114826161e-01,5.432721504804620682e-01,-2.124838550449784091e-01,-1.482981797841017267e-02,5.979657630098347276e-01,-1.465070400066148248e-01,-2.044950884454799500e-01,5.948907202310617093e-01,5.683069482446655440e-01,8.731650448500140327e-02,6.015931540400126787e-01,-1.352490674970036055e-01,-4.867536479866902410e-01,-2.843246690333218751e-01,-5.329564109573094871e-02,-4.575002839757273398e-01,-9.064920234462235660e-02,-1.976252011289717295e-02,2.184396456408012333e-01,-6.088459244467850917e-01,-6.546104855355759922e-01,-2.552234150924664879e-01,-8.147897646963039864e-02,-4.839263802745073437e-03,-2.120437398761642056e-01,4.293787381551964488e-01,-6.289002479111944766e-01,5.713317117267056044e-01,-6.561458426820648837e-02,-6.251476959649260312e-02,1.000000000000000000e+00
