1.000000000000000000e+00,5.245127079852106300e-03,3.903969769503446985e-01,1.369465563465792901e-01,9.673444428965292941e-02,9.172371153049856118e-02,1.721707302254167626e-01,-3.194642049836092790e-01,3.888645064223981151e-01,1.415669445722982922e-01,2.831587730208185438e-01,-3.373004320131176015e-02,6.606834604775742303e-02,2.748449724815952844e-01,4.335170594067497829e-01,3.166968179916819781e-01,3.096151216885193458e-01,1.436371506966953315e-01,1.117140660158645327e-01,4.396012750250568035e-01,4.355691875574629890e-01,2.971679332921536298e-01,1.219577892392044310e-01,2.272285835934904352e-01,4.525112807924802083e-01,6.112336753093340347e-01,4.028935968158779968e-01,5.091397391501203407e-01,6.132772675226114689e-01,4.692956146711288468e-01,1.487234267446861102e-01,-4.597479147332433208e-02,3.723180465969799235e-01,3.139391920204041564e-01,2.341551330317489243e-01,2.578867674207454552e-01,1.136240032439736758e-01,5.486961313087019843e-01,1.678715419933047015e-01
5.245127079852106300e-03,1.000000000000000000e+00,-1.503222089725585464e-01,-2.297566575324794802e-01,-3.839364887061989806e-02,3.263919553004848706e-01,-1.466382458954812174e-01,1.658222064098864301e-01,-1.275977000920731630e-01,3.335866146155984091e-01,2.799673153165099879e-03,3.541374536676749479e-02,-5.176869696138415300e-01,-7.538470251842999126e-02,-5.181052107760653058e-01,-3.276137077117222823e-02,6.963930858084096953e-03,-2.243742542033089205e-01,-3.203282435272433171e-01,-4.820265814345943700e-01,-3.200072950446136155e-01,-3.650410634038645519e-01,4.935823749713758590e-01,9.273946252647363719e-02,-8.456578951677050371e-02,-2.716359447655153914e-01,1.736308824498320469e-01,-3.565182658313336694e-01,-2.283398124529336937e-01,-5.981046477153347668e-02,3.474124595597950504e-01,4.808934189478910048e-01,-1.239084666086636699e-01,-1.590913708604318466e-01,6.700852032197851527e-02,-9.062375533538145900e-02,2.543323215126894743e-01,-2.307256768033006944e-01,4.921010589263604684e-01
3.903969769503446985e-01,-1.503222089725585464e-01,1.000000000000000000e+00,6.191199979314498947e-01,4.229342974209912009e-01,-8.918519918348949416e-02,3.308711376464448795e-01,-6.084592545048169709e-01,4.526939480909887292e-01,3.842687799868419463e-01,1.686911837610433618e-01,3.204075702405284609e-01,4.298419579399490043e-02,3.777763414474508141e-01,5.272363743555634752e-01,4.957215650124008333e-01,1.271608802036710562e-01,6.493397057487624302e-01,5.599203409143371779e-01,4.977766254398157675e-01,5.765832237912869029e-01,4.513266009343548935e-01,1.479276387253939187e-02,2.527485956019854818e-01,2.445794743740483668e-01,6.249720294700271683e-01,4.637995401705970466e-01,6.169381804528210056e-01,4.556262356121399404e-01,5.580177077880319469e-01,4.470786507622457884e-01,9.809103849143174184e-04,5.835963531452247333e-01,6.297474940656827558e-01,3.203048863070174224e-01,5.485301302361819120e-01,2.909743104515236656e-01,3.010830617310101265e-01,-1.499661168997798444e-01
1.369465563465792901e-01,-2.297566575324794802e-01,6.191199979314498947e-01,1.000000000000000000e+00,2.871640314963218032e-01,-1.532307540843415583e-01,4.880581050588438941e-01,-3.705838205797597484e-01,2.549359502623843587e-01,2.053600916029754142e-01,5.181435107758565473e-02,4.304024297427710977e-01,1.992368872956804329e-02,3.257096780968111172e-01,4.018527827087335358e-01,3.970251323288200296e-01,6.849552936577328610e-02,4.932834472146913063e-01,5.317807762278580208e-01,4.357260410396332495e-01,4.390904930289068475e-01,3.491078415089580167e-01,-9.008666315260682733e-02,2.577307863513583763e-01,7.703635160722482889e-02,4.391460128783774008e-01,3.554780030250992984e-01,5.364597435149526250e-01,2.815687455896301317e-01,4.987556199028407855e-01,3.207493141880806142e-01,-2.972094302925303022e-02,4.586975970537621183e-01,3.980749081393754607e-01,2.232453483096005498e-01,4.423910875367583206e-01,2.422865610480304799e-01,2.633698166637841176e-01,-1.698456671220311964e-01
9.673444428965292941e-02,-3.839364887061989806e-02,4.229342974209912009e-01,2.871640314963218032e-01,1.000000000000000000e+00,-4.230295429822262254e-01,3.730127963747570385e-01,-6.300805798878130748e-01,4.520588573988387204e-01,4.476979337319823005e-01,6.666073797462288009e-02,1.148713752387496428e-01,1.025538475376408382e-01,4.340027791576693827e-01,1.363316988073633163e-01,3.928249150516485155e-01,-1.636574895474491864e-01,5.827054942991205522e-01,1.964289717270438773e-01,-3.229921364139946849e-02,-5.664385189021290887e-03,-1.160958280930351888e-01,4.398821206562739117e-02,-1.891267805096913945e-01,2.720256796709940583e-01,1.381508704652168185e-01,-4.507327475444698750e-02,2.568326512495066605e-01,-1.153750954408354068e-01,3.057389136151646980e-01,5.905997961952035719e-02,-2.739034831723413665e-01,-2.997668305222376400e-02,6.544822310247232489e-01,-3.192233775288369491e-01,3.625419282695267476e-01,-2.124067251858358096e-01,9.522959625914978465e-02,1.129318405327198321e-01
9.172371153049856118e-02,3.263919553004848706e-01,-8.918519918348949416e-02,-1.532307540843415583e-01,-4.230295429822262254e-01,1.000000000000000000e+00,-3.113013424219387981e-01,2.653938825124947942e-01,-2.117794027464873219e-01,-1.718719465724385109e-01,1.648289763330405000e-01,-7.029958427368751539e-02,-2.490885963422430627e-01,-3.116510763707484033e-01,-2.023587208383751668e-01,-3.562690795091110196e-01,4.658547717695417090e-01,-2.846275329379734376e-01,-2.141039215573835031e-01,-7.078040083061523657e-02,1.062128554653192641e-01,5.960112595479943876e-02,2.969617001812840384e-01,3.518246321098669194e-01,-1.419157022810042246e-01,5.290587265904631714e-02,2.783519843535911531e-01,-1.536900826107052143e-01,2.715955856321245476e-01,-1.115701437459380857e-01,3.055245323775021005e-01,6.376091867462514440e-01,2.268649562409197351e-01,-3.407308378612180499e-01,5.560215228081241134e-01,-1.109555118869117590e-01,4.970930226394251750e-01,-1.575848081033657255e-01,1.725156184043822594e-01
1.721707302254167626e-01,-1.466382458954812174e-01,3.308711376464448795e-01,4.880581050588438941e-01,3.730127963747570385e-01,-3.113013424219387981e-01,1.000000000000000000e+00,-2.860866746152094242e-01,1.604314527631893472e-01,1.373449184887214347e-01,2.177453135948695384e-01,-1.000284142525042878e-02,1.020883293780112666e-01,3.378696045380059076e-01,1.923131723565752738e-01,3.678812513573023191e-01,3.502143503554255854e-02,2.805503695599004810e-01,8.722355948551245575e-02,1.955810916966350677e-01,2.009156689482156088e-01,5.213423187405510223e-02,-1.408869601990440923e-01,6.572801026092693621e-02,1.657404552825165744e-01,2.393989751958196244e-01,4.262849025027506955e-02,4.961010522083790786e-01,7.605946358915731398e-02,3.606850896859022382e-01,3.068569028577021462e-02,-3.000446320330666383e-01,1.320155883614125281e-01,3.274867607338128872e-01,-1.462105891231844090e-01,1.570904335024353726e-01,-1.940680290742620440e-01,3.211079698672339999e-01,1.229348315077954112e-01
-3.194642049836092790e-01,1.658222064098864301e-01,-6.084592545048169709e-01,-3.705838205797597484e-01,-6.300805798878130748e-01,2.653938825124947942e-01,-2.860866746152094242e-01,1.000000000000000000e+00,-5.290864143789689722e-01,-3.337651061598558289e-01,-1.568688069225372683e-01,-8.578640860705068205e-02,-1.924788338580654679e-01,-3.491888755056581917e-01,-3.340717304927455777e-01,-3.452129961776594924e-01,-4.564789004208857220e-02,-6.934984807630399928e-01,-3.125793370671235971e-01,-2.171633080755570877e-01,-2.682225101415048329e-01,-1.662480791640805755e-01,1.835554561734075926e-02,1.015161234302190546e-01,-3.232083697784532417e-01,-4.024905211981428255e-01,-1.248466713125045563e-01,-3.911772965035639760e-01,-1.996157342950694580e-01,-3.650160743957788778e-01,-1.810362519949895999e-01,2.421492966682814163e-01,-2.143607255709205905e-01,-6.670909036182388618e-01,8.990596231490423362e-02,-4.364401676186525636e-01,1.047818167229420810e-01,-1.817798536555959299e-01,-3.738992117632366097e-03
3.888645064223981151e-01,-1.275977000920731630e-01,4.526939480909887292e-01,2.549359502623843587e-01,4.520588573988387204e-01,-2.117794027464873219e-01,1.604314527631893472e-01,-5.290864143789689722e-01,1.000000000000000000e+00,4.136886746106063772e-01,9.181315718061225373e-02,2.082773190803114405e-01,1.648399198697085288e-01,5.016575262460073459e-01,4.395387620045956845e-01,4.908065440018553049e-01,8.667134286477348737e-02,3.900119533602241506e-01,3.234560092234871065e-01,3.102353551387111441e-01,2.288861959528687151e-01,1.372652066728232145e-01,2.347618845200486470e-01,5.210986958349965448e-02,5.714579497104723682e-01,4.504900992149025174e-01,1.934395851765082219e-01,4.163118770423218651e-01,2.504329883789832567e-01,5.394581223258254621e-01,9.521712801377434088e-02,-2.300244006356182702e-01,2.045775276470221116e-01,5.650892395868053475e-01,-4.387922520321824171e-02,4.138806349761481873e-01,-1.817315486915478326e-02,4.614676082205340091e-01,1.201108871640576004e-01
1.415669445722982922e-01,3.335866146155984091e-01,3.842687799868419463e-01,2.053600916029754142e-01,4.476979337319823005e-01,-1.718719465724385109e-01,1.373449184887214347e-01,-3.337651061598558289e-01,4.136886746106063772e-01,1.000000000000000000e+00,-3.704819425944445160e-02,3.083608346197027061e-01,-1.903060923542286009e-01,3.861357926790286443e-01,9.647717988943634027e-02,6.209132923073246157e-01,-1.250684620651906775e-01,3.171031676800098453e-01,2.391217049475769518e-01,-1.897441210961494165e-02,4.895137096129193593e-02,-1.623868789936416118e-02,3.671295087068587315e-01,4.239360064921273569e-02,2.518698587537973599e-01,1.308068752743581087e-01,1.942024405590440927e-01,1.530680727405324959e-01,-5.518491605332768307e-02,3.843963171511905474e-01,3.569125522882887758e-01,1.856569014667242348e-02,1.559567170736063935e-01,4.414261921680158740e-01,-3.263121845975128828e-03,3.819247608056183796e-01,1.462384156482783304e-01,1.493040585674806076e-01,2.374779752234844055e-01
2.831587730208185438e-01,2.799673153165099879e-03,1.686911837610433618e-01,5.181435107758565473e-02,6.666073797462288009e-02,1.648289763330405000e-01,2.177453135948695384e-01,-1.568688069225372683e-01,9.181315718061225373e-02,-3.704819425944445160e-02,1.000000000000000000e+00,-1.172827840749981199e-01,5.593332100175713029e-02,9.913603063077607025e-02,7.523437533393698140e-02,-1.795781176303086479e-02,4.109462414448178946e-01,7.477342129562676576e-02,-1.139748140721845021e-01,1.097187824687347879e-01,2.300706386762223221e-01,1.250940660495662715e-01,4.060540915753941063e-03,1.357848097541333177e-01,1.599581008888814604e-01,2.484403170076002476e-01,1.514243783777549368e-01,2.236949258837642451e-01,2.808730437624381016e-01,1.812999816961120836e-01,1.691942286713262189e-01,6.072996163862654645e-02,2.410612231264908922e-01,1.083544602725823591e-01,1.769203057356088238e-01,1.196890279155029962e-01,-1.364132334647255237e-02,1.347981460087626648e-01,1.677258779519655296e-01
-3.373004320131176015e-02,3.541374536676749479e-02,3.204075702405284609e-01,4.304024297427710977e-01,1.148713752387496428e-01,-7.029958427368751539e-02,-1.000284142525042878e-02,-8.578640860705068205e-02,2.082773190803114405e-01,3.083608346197027061e-01,-1.172827840749981199e-01,1.000000000000000000e+00,-1.501642187595245981e-01,2.237831045726173251e-01,2.363431386278315172e-01,3.139926664915906884e-01,-2.032856997687467193e-01,2.508633242057713431e-01,5.539910482773982014e-01,1.515608084388249677e-01,8.483555495495044563e-02,1.732068238635584567e-01,3.615233552164793390e-02,1.691427736782245839e-01,-1.152916248949466954e-01,8.915510103416222909e-02,2.868400583206524579e-01,8.077770670079970072e-02,2.053706972043694082e-02,3.358458616278065523e-01,4.170105094419783720e-01,1.645192637425489657e-01,2.114744352598663668e-01,2.681373944309808355e-01,1.333309748502813918e-01,3.941783459459847760e-01,3.396181639302786603e-01,1.284186438064326974e-01,-7.154632364172032466e-02
6.606834604775742303e-02,-5.176869696138415300e-01,4.298419579399490043e-02,1.992368872956804329e-02,1.025538475376408382e-01,-2.490885963422430627e-01,1.020883293780112666e-01,-1.924788338580654679e-01,1.648399198697085288e-01,-1.903060923542286009e-01,5.593332100175713029e-02,-1.501642187595245981e-01,1.000000000000000000e+00,1.128993687029097026e-01,3.464849776984760266e-01,3.904602316479865998e-02,9.032784713926754472e-02,1.315900121071720552e-01,8.495482972654486153e-02,2.717129545988771766e-01,2.013980305955971328e-01,2.555474573895940016e-01,-3.131832302439400140e-01,-1.983992168024847347e-01,1.831766082048663091e-01,1.717160289097685311e-01,-2.728813740686559797e-01,2.308456051277788801e-01,1.247473308979417106e-01,-1.855536262484770705e-04,-4.052936197561829434e-01,-4.461530513873850357e-01,2.808568954086923530e-02,1.208990925494880103e-01,-1.842747249853955160e-01,-2.689708204505630515e-02,-3.522640203130672498e-01,2.469041680429539809e-01,-1.654265598432410611e-01
2.748449724815952844e-01,-7.538470251842999126e-02,3.777763414474508141e-01,3.257096780968111172e-01,4.340027791576693827e-01,-3.116510763707484033e-01,3.378696045380059076e-01,-3.491888755056581917e-01,5.016575262460073459e-01,3.861357926790286443e-01,9.913603063077607025e-02,2.237831045726173251e-01,1.128993687029097026e-01,1.000000000000000000e+00,3.291485445936738197e-01,4.788366113181183881e-01,3.650962779903860200e-02,2.551876463244848181e-01,2.706636061386512582e-01,2.437917459474917836e-01,1.611755531088694959e-01,3.886310275325787628e-02,2.622818285478807909e-01,2.975231858495075987e-01,5.691807031095836855e-01,3.969731458366520527e-01,2.970277027878650000e-01,4.582321466313000191e-01,1.720929554076024159e-01,4.240979118592086428e-01,4.628360040754078697e-02,-1.914863850881099172e-01,1.176399224046288661e-01,4.318268695328696394e-01,-5.478514285403848771e-02,2.616215017267958243e-01,6.681142712765785786e-03,4.515557909777628831e-01,6.031965543956543940e-02
4.335170594067497829e-01,-5.181052107760653058e-01,5.272363743555634752e-01,4.018527827087335358e-01,1.363316988073633163e-01,-2.023587208383751668e-01,1.923131723565752738e-01,-3.340717304927455777e-01,4.395387620045956845e-01,9.647717988943634027e-02,7.523437533393698140e-02,2.363431386278315172e-01,3.464849776984760266e-01,3.291485445936738197e-01,1.000000000000000000e+00,4.501669311122090122e-01,1.123148576706292506e-01,3.746616119039735682e-01,5.973196342591017283e-01,7.397729214995186764e-01,5.973504857509742694e-01,5.945818480095410585e-01,-2.328557376200171003e-01,1.590854685033711857e-01,3.191264909168768371e-01,6.471168739131923919e-01,2.359775825441593200e-01,6.492423389143842094e-01,5.632772235169558606e-01,4.988182104944143824e-01,3.326095712288634071e-02,-3.064344681511706470e-01,4.781280717593386353e-01,4.393567474738123702e-01,2.254047418118975132e-01,4.044469149996260948e-01,6.827755913554560407e-02,5.728729497871316578e-01,-3.424543919606676812e-01
3.166968179916819781e-01,-3.276137077117222823e-02,4.957215650124008333e-01,3.970251323288200296e-01,3.928249150516485155e-01,-3.562690795091110196e-01,3.678812513573023191e-01,-3.452129961776594924e-01,4.908065440018553049e-01,6.209132923073246157e-01,-1.795781176303086479e-02,3.139926664915906884e-01,3.904602316479865998e-02,4.788366113181183881e-01,4.501669311122090122e-01,1.000000000000000000e+00,-1.265535760449569003e-01,3.645273661109397767e-01,4.266983680926793032e-01,3.502358610837498776e-01,3.135846399531295736e-01,2.536960356368258562e-01,8.534702486340728367e-02,9.048965071151861272e-02,3.618596154392691999e-01,3.804329995000565456e-01,2.173572289633270982e-01,4.953099530182547006e-01,1.822144349582425493e-01,5.523378572907915451e-01,1.645180508030109623e-01,-2.459528586606870570e-01,3.018867002196762295e-01,5.148296972975032748e-01,-8.352187479475057380e-03,4.507278124217108939e-01,5.704259267374219705e-02,4.520403427549213871e-01,5.777655440907536466e-02
3.096151216885193458e-01,6.963930858084096953e-03,1.271608802036710562e-01,6.849552936577328610e-02,-1.636574895474491864e-01,4.658547717695417090e-01,3.502143503554255854e-02,-4.564789004208857220e-02,8.667134286477348737e-02,-1.250684620651906775e-01,4.109462414448178946e-01,-2.032856997687467193e-01,9.032784713926754472e-02,3.650962779903860200e-02,1.123148576706292506e-01,-1.265535760449569003e-01,1.000000000000000000e+00,-8.088286062288897738e-02,-1.308874849025580822e-01,2.053636857406279381e-01,3.338409301949240571e-01,1.940861312937640637e-01,1.768275390686908366e-01,3.327559514600883506e-01,2.146180313811041906e-01,3.730616297148348637e-01,2.224476178181623021e-01,2.429727169131712938e-01,4.427709209872267571e-01,1.509363936332796807e-01,1.106477969284018065e-01,2.292162873493936992e-01,3.221820246283884637e-01,-9.225845736748405912e-02,4.079359034528386441e-01,-4.409038307603679180e-02,1.827375639691310727e-01,2.334257721186601409e-01,1.364277849094982786e-01
1.436371506966953315e-01,-2.243742542033089205e-01,6.493397057487624302e-01,4.932834472146913063e-01,5.827054942991205522e-01,-2.846275329379734376e-01,2.805503695599004810e-01,-6.934984807630399928e-01,3.900119533602241506e-01,3.171031676800098453e-01,7.477342129562676576e-02,2.508633242057713431e-01,1.315900121071720552e-01,2.551876463244848181e-01,3.746616119039735682e-01,3.645273661109397767e-01,-8.088286062288897738e-02,1.000000000000000000e+00,5.033980316539365951e-01,2.509054787435605061e-01,2.943409654373368989e-01,2.263862458703851943e-01,-1.571289254738147956e-01,-5.865411943800464406e-02,1.155166884480670342e-01,3.464040983253154349e-01,1.311671404015048170e-01,3.937701162846671266e-01,1.484928345459939625e-01,3.782459817205332531e-01,2.292426541321461453e-01,-1.948336833044812255e-01,2.552802121045191774e-01,6.338838148990221244e-01,-2.384565631140118588e-02,5.070604846483596218e-01,-7.042764795446248768e-03,6.616557824392903242e-02,-2.030433904565847325e-01
1.117140660158645327e-01,-3.203282435272433171e-01,5.599203409143371779e-01,5.317807762278580208e-01,1.964289717270438773e-01,-2.141039215573835031e-01,8.722355948551245575e-02,-3.125793370671235971e-01,3.234560092234871065e-01,2.391217049475769518e-01,-1.139748140721845021e-01,5.539910482773982014e-01,8.495482972654486153e-02,2.706636061386512582e-01,5.973196342591017283e-01,4.266983680926793032e-01,-1.308874849025580822e-01,5.033980316539365951e-01,1.000000000000000000e+00,5.398283353982122890e-01,3.949774853503799088e-01,4.851117223449982196e-01,-1.613527749024200042e-01,1.069941715815520833e-01,5.114484749270804820e-02,4.154623926346573959e-01,3.279208290451781638e-01,4.065439259478767497e-01,2.978538853919969198e-01,4.216704634589233947e-01,2.917357970285845425e-01,-7.525800819612382675e-02,3.995082803484965583e-01,4.129217062297727558e-01,2.199310865922099734e-01,4.786175640571361245e-01,2.670596939543259385e-01,2.307352528312636708e-01,-4.849359051146014399e-01
4.396012750250568035e-01,-4.820265814345943700e-01,4.977766254398157675e-01,4.357260410396332495e-01,-3.229921364139946849e-02,-7.078040083061523657e-02,1.955810916966350677e-01,-2.171633080755570877e-01,3.102353551387111441e-01,-1.897441210961494165e-02,1.097187824687347879e-01,1.515608084388249677e-01,2.717129545988771766e-01,2.437917459474917836e-01,7.397729214995186764e-01,3.502358610837498776e-01,2.053636857406279381e-01,2.509054787435605061e-01,5.398283353982122890e-01,1.000000000000000000e+00,6.583263894451840681e-01,6.547207148426658074e-01,-2.052160798282886001e-01,2.348954996471841195e-01,2.807918543749944318e-01,6.701250528045126220e-01,3.593929801909748756e-01,6.560511418484988866e-01,6.426626468133171954e-01,4.463817436370341452e-01,8.421918963856310503e-02,-1.872886470319265473e-01,5.578177043875028884e-01,2.690604519508320025e-01,3.634629321400055235e-01,3.147725503568041261e-01,1.796765474294142739e-01,5.212138544069324642e-01,-3.878634229223340557e-01
4.355691875574629890e-01,-3.200072950446136155e-01,5.765832237912869029e-01,4.390904930289068475e-01,-5.664385189021290887e-03,1.062128554653192641e-01,2.009156689482156088e-01,-2.682225101415048329e-01,2.288861959528687151e-01,4.895137096129193593e-02,2.300706386762223221e-01,8.483555495495044563e-02,2.013980305955971328e-01,1.611755531088694959e-01,5.973504857509742694e-01,3.135846399531295736e-01,3.338409301949240571e-01,2.943409654373368989e-01,3.949774853503799088e-01,6.583263894451840681e-01,1.000000000000000000e+00,6.995929817255264194e-01,-1.717543705032557044e-01,3.373751630345951380e-01,1.745795021396951974e-01,6.658883117929570439e-01,3.979194636180681255e-01,6.478660367661527308e-01,6.862362552250781400e-01,3.858763099880017644e-01,2.421831463756220493e-01,2.018469834461598250e-02,7.364960331385425052e-01,2.959460377877389248e-01,5.178656479865818563e-01,3.475853643932676484e-01,3.215872736332786030e-01,4.119022866931118521e-01,-2.011297217970158258e-01
2.971679332921536298e-01,-3.650410634038645519e-01,4.513266009343548935e-01,3.491078415089580167e-01,-1.160958280930351888e-01,5.960112595479943876e-02,5.213423187405510223e-02,-1.662480791640805755e-01,1.372652066728232145e-01,-1.623868789936416118e-02,1.250940660495662715e-01,1.732068238635584567e-01,2.555474573895940016e-01,3.886310275325787628e-02,5.945818480095410585e-01,2.536960356368258562e-01,1.940861312937640637e-01,2.263862458703851943e-01,4.851117223449982196e-01,6.547207148426658074e-01,6.995929817255264194e-01,1.000000000000000000e+00,-2.804311109696990267e-01,1.477870583810305394e-01,1.663938436403484752e-02,5.060264526691579112e-01,3.121621141439700486e-01,4.814098193064804687e-01,5.867174797210027437e-01,2.193988974237006118e-01,2.228763017731404672e-01,1.078416129359573627e-03,6.541324840034701271e-01,2.251269185775842119e-01,4.466863871251448570e-01,2.780373652299888976e-01,2.967797706040151695e-01,3.038873990709671791e-01,-3.519203279220773917e-01
1.219577892392044310e-01,4.935823749713758590e-01,1.479276387253939187e-02,-9.008666315260682733e-02,4.398821206562739117e-02,2.969617001812840384e-01,-1.408869601990440923e-01,1.835554561734075926e-02,2.347618845200486470e-01,3.671295087068587315e-01,4.060540915753941063e-03,3.615233552164793390e-02,-3.131832302439400140e-01,2.622818285478807909e-01,-2.328557376200171003e-01,8.534702486340728367e-02,1.768275390686908366e-01,-1.571289254738147956e-01,-1.613527749024200042e-01,-2.052160798282886001e-01,-1.717543705032557044e-01,-2.804311109696990267e-01,1.000000000000000000e+00,3.015618225730142266e-01,3.680733941600105585e-01,3.945524949299245715e-02,2.777309041557410318e-01,-9.420651017855088960e-02,-2.813852190185934729e-02,1.422579766310889116e-01,2.497789367439220698e-01,3.479354496447487621e-01,4.431319948313577374e-03,-5.096056765928085042e-02,1.893971912126152790e-01,4.535825314540015835e-02,2.963204332177608591e-01,2.119290557981529446e-02,3.231190644858972227e-01
2.272285835934904352e-01,9.273946252647363719e-02,2.527485956019854818e-01,2.577307863513583763e-01,-1.891267805096913945e-01,3.518246321098669194e-01,6.572801026092693621e-02,1.015161234302190546e-01,5.210986958349965448e-02,4.239360064921273569e-02,1.357848097541333177e-01,1.691427736782245839e-01,-1.983992168024847347e-01,2.975231858495075987e-01,1.590854685033711857e-01,9.048965071151861272e-02,3.327559514600883506e-01,-5.865411943800464406e-02,1.069941715815520833e-01,2.348954996471841195e-01,3.373751630345951380e-01,1.477870583810305394e-01,3.015618225730142266e-01,1.000000000000000000e+00,1.894931756197207884e-01,4.035659264136666757e-01,5.182910905202565699e-01,3.414965112602920128e-01,4.150171192482998705e-01,2.970885748943921101e-01,2.611655337567024282e-01,3.689916504554990317e-01,3.600360565005358837e-01,-6.063956912562716572e-02,5.383752595915263228e-01,9.974145000021522600e-02,5.070689575482518752e-01,2.720256446339136547e-01,4.845463538195909220e-02
4.525112807924802083e-01,-8.456578951677050371e-02,2.445794743740483668e-01,7.703635160722482889e-02,2.720256796709940583e-01,-1.419157022810042246e-01,1.657404552825165744e-01,-3.232083697784532417e-01,5.714579497104723682e-01,2.518698587537973599e-01,1.599581008888814604e-01,-1.152916248949466954e-01,1.831766082048663091e-01,5.691807031095836855e-01,3.191264909168768371e-01,3.618596154392691999e-01,2.146180313811041906e-01,1.155166884480670342e-01,5.114484749270804820e-02,2.807918543749944318e-01,1.745795021396951974e-01,1.663938436403484752e-02,3.680733941600105585e-01,1.894931756197207884e-01,1.000000000000000000e+00,4.527285422916886848e-01,2.128060268971741775e-01,4.221583523873491117e-01,3.044321942730153219e-01,3.953723856720497976e-01,-1.275861785067649301e-01,-2.389870339675728428e-01,9.772726915409925275e-02,2.982234980064945029e-01,-1.036336494564879009e-02,2.209591941044992403e-01,-8.337104361002017905e-02,4.798263573010949079e-01,1.270007404918805094e-01
6.112336753093340347e-01,-2.716359447655153914e-01,6.249720294700271683e-01,4.391460128783774008e-01,1.381508704652168185e-01,5.290587265904631714e-02,2.393989751958196244e-01,-4.024905211981428255e-01,4.504900992149025174e-01,1.308068752743581087e-01,2.484403170076002476e-01,8.915510103416222909e-02,1.717160289097685311e-01,3.969731458366520527e-01,6.471168739131923919e-01,3.804329995000565456e-01,3.730616297148348637e-01,3.464040983253154349e-01,4.154623926346573959e-01,6.701250528045126220e-01,6.658883117929570439e-01,5.060264526691579112e-01,3.945524949299245715e-02,4.035659264136666757e-01,4.527285422916886848e-01,1.000000000000000000e+00,5.250696197914028751e-01,7.127159949572037245e-01,7.108193022364944769e-01,5.553730144475202968e-01,1.915504482104021522e-01,-4.960407528110934855e-02,5.907362858186540056e-01,3.910683710891563192e-01,4.262660066757016364e-01,3.690966082394258607e-01,2.550697158482600480e-01,5.522378429348382411e-01,-1.513918191248850575e-01
4.028935968158779968e-01,1.736308824498320469e-01,4.637995401705970466e-01,3.554780030250992984e-01,-4.507327475444698750e-02,2.783519843535911531e-01,4.262849025027506955e-02,-1.248466713125045563e-01,1.934395851765082219e-01,1.942024405590440927e-01,1.514243783777549368e-01,2.868400583206524579e-01,-2.728813740686559797e-01,2.970277027878650000e-01,2.359775825441593200e-01,2.173572289633270982e-01,2.224476178181623021e-01,1.311671404015048170e-01,3.279208290451781638e-01,3.593929801909748756e-01,3.979194636180681255e-01,3.121621141439700486e-01,2.777309041557410318e-01,5.182910905202565699e-01,2.128060268971741775e-01,5.250696197914028751e-01,1.000000000000000000e+00,3.736045932303048711e-01,4.981771131514218798e-01,3.708419356353456209e-01,4.726750209432724059e-01,3.984674285434339214e-01,4.844183935472129443e-01,1.447371460872308169e-01,5.350591089957018598e-01,2.493139796267011821e-01,5.722654955868642368e-01,2.232590765880207995e-01,-4.226473278369878572e-02
5.091397391501203407e-01,-3.565182658313336694e-01,6.169381804528210056e-01,5.364597435149526250e-01,2.568326512495066605e-01,-1.536900826107052143e-01,4.961010522083790786e-01,-3.911772965035639760e-01,4.163118770423218651e-01,1.530680727405324959e-01,2.236949258837642451e-01,8.077770670079970072e-02,2.308456051277788801e-01,4.582321466313000191e-01,6.492423389143842094e-01,4.953099530182547006e-01,2.429727169131712938e-01,3.937701162846671266e-01,4.065439259478767497e-01,6.560511418484988866e-01,6.478660367661527308e-01,4.814098193064804687e-01,-9.420651017855088960e-02,3.414965112602920128e-01,4.221583523873491117e-01,7.127159949572037245e-01,3.736045932303048711e-01,1.000000000000000000e+00,5.853619769865860967e-01,5.604794339414007620e-01,8.516824005944456655e-02,-2.201527671988926238e-01,5.257230293215485739e-01,4.474316071741717971e-01,2.549063410967465360e-01,3.597093771873054457e-01,1.127731988169344834e-01,5.945727868012272710e-01,-1.350272572332937016e-01
6.132772675226114689e-01,-2.283398124529336937e-01,4.556262356121399404e-01,2.815687455896301317e-01,-1.153750954408354068e-01,2.715955856321245476e-01,7.605946358915731398e-02,-1.996157342950694580e-01,2.504329883789832567e-01,-5.518491605332768307e-02,2.808730437624381016e-01,2.053706972043694082e-02,1.247473308979417106e-01,1.720929554076024159e-01,5.632772235169558606e-01,1.822144349582425493e-01,4.427709209872267571e-01,1.484928345459939625e-01,2.978538853919969198e-01,6.426626468133171954e-01,6.862362552250781400e-01,5.867174797210027437e-01,-2.813852190185934729e-02,4.150171192482998705e-01,3.044321942730153219e-01,7.108193022364944769e-01,4.981771131514218798e-01,5.853619769865860967e-01,1.000000000000000000e+00,3.936338332794533934e-01,1.999687466684006432e-01,1.350464036487975250e-01,6.233631636295611234e-01,1.965322924899863821e-01,5.684382155625405941e-01,2.749203614341865776e-01,3.770411597496039491e-01,4.716493502726739062e-01,-1.451459217731730089e-01
4.692956146711288468e-01,-5.981046477153347668e-02,5.580177077880319469e-01,4.987556199028407855e-01,3.057389136151646980e-01,-1.115701437459380857e-01,3.606850896859022382e-01,-3.650160743957788778e-01,5.394581223258254621e-01,3.843963171511905474e-01,1.812999816961120836e-01,3.358458616278065523e-01,-1.855536262484770705e-04,4.240979118592086428e-01,4.988182104944143824e-01,5.523378572907915451e-01,1.509363936332796807e-01,3.782459817205332531e-01,4.216704634589233947e-01,4.463817436370341452e-01,3.858763099880017644e-01,2.193988974237006118e-01,1.422579766310889116e-01,2.970885748943921101e-01,3.953723856720497976e-01,5.553730144475202968e-01,3.708419356353456209e-01,5.604794339414007620e-01,3.936338332794533934e-01,1.000000000000000000e+00,2.422091254070759536e-01,-8.193332511118832373e-02,3.850616138845178171e-01,4.672718366043414062e-01,1.933886777411754909e-01,5.360017344689966823e-01,1.764760132992802544e-01,5.218533730344152577e-01,6.353067080048752091e-02
1.487234267446861102e-01,3.474124595597950504e-01,4.470786507622457884e-01,3.207493141880806142e-01,5.905997961952035719e-02,3.055245323775021005e-01,3.068569028577021462e-02,-1.810362519949895999e-01,9.521712801377434088e-02,3.569125522882887758e-01,1.691942286713262189e-01,4.170105094419783720e-01,-4.052936197561829434e-01,4.628360040754078697e-02,3.326095712288634071e-02,1.645180508030109623e-01,1.106477969284018065e-01,2.292426541321461453e-01,2.917357970285845425e-01,8.421918963856310503e-02,2.421831463756220493e-01,2.228763017731404672e-01,2.497789367439220698e-01,2.611655337567024282e-01,-1.275861785067649301e-01,1.915504482104021522e-01,4.726750209432724059e-01,8.516824005944456655e-02,1.999687466684006432e-01,2.422091254070759536e-01,1.000000000000000000e+00,4.562504026416918101e-01,4.357816598995519763e-01,2.349785500711949748e-01,4.396642533692636245e-01,2.868875662178420605e-01,5.150297390898719296e-01,-7.790082515221555259e-02,5.131600214193525467e-02
-4.597479147332433208e-02,4.808934189478910048e-01,9.809103849143174184e-04,-2.972094302925303022e-02,-2.739034831723413665e-01,6.376091867462514440e-01,-3.000446320330666383e-01,2.421492966682814163e-01,-2.300244006356182702e-01,1.856569014667242348e-02,6.072996163862654645e-02,1.645192637425489657e-01,-4.461530513873850357e-01,-1.914863850881099172e-01,-3.064344681511706470e-01,-2.459528586606870570e-01,2.292162873493936992e-01,-1.948336833044812255e-01,-7.525800819612382675e-02,-1.872886470319265473e-01,2.018469834461598250e-02,1.078416129359573627e-03,3.479354496447487621e-01,3.689916504554990317e-01,-2.389870339675728428e-01,-4.960407528110934855e-02,3.984674285434339214e-01,-2.201527671988926238e-01,1.350464036487975250e-01,-8.193332511118832373e-02,4.562504026416918101e-01,1.000000000000000000e+00,2.270104183439566603e-01,-2.150613798263397436e-01,5.322878490560695175e-01,-1.434029736603119679e-02,6.800810404018888811e-01,-2.877906009402264598e-01,1.449850025445436896e-01
3.723180465969799235e-01,-1.239084666086636699e-01,5.835963531452247333e-01,4.586975970537621183e-01,-2.997668305222376400e-02,2.268649562409197351e-01,1.320155883614125281e-01,-2.143607255709205905e-01,2.045775276470221116e-01,1.559567170736063935e-01,2.410612231264908922e-01,2.114744352598663668e-01,2.808568954086923530e-02,1.176399224046288661e-01,4.781280717593386353e-01,3.018867002196762295e-01,3.221820246283884637e-01,2.552802121045191774e-01,3.995082803484965583e-01,5.578177043875028884e-01,7.364960331385425052e-01,6.541324840034701271e-01,4.431319948313577374e-03,3.600360565005358837e-01,9.772726915409925275e-02,5.907362858186540056e-01,4.844183935472129443e-01,5.257230293215485739e-01,6.233631636295611234e-01,3.850616138845178171e-01,4.357816598995519763e-01,2.270104183439566603e-01,1.000000000000000000e+00,2.750034269335385750e-01,6.249198972449732103e-01,4.166375723381041674e-01,4.909243781145724572e-01,3.015871043558249198e-01,-1.289339078430097041e-01
3.139391920204041564e-01,-1.590913708604318466e-01,6.297474940656827558e-01,3.980749081393754607e-01,6.544822310247232489e-01,-3.407308378612180499e-01,3.274867607338128872e-01,-6.670909036182388618e-01,5.650892395868053475e-01,4.414261921680158740e-01,1.083544602725823591e-01,2.681373944309808355e-01,1.208990925494880103e-01,4.318268695328696394e-01,4.393567474738123702e-01,5.148296972975032748e-01,-9.225845736748405912e-02,6.338838148990221244e-01,4.129217062297727558e-01,2.690604519508320025e-01,2.959460377877389248e-01,2.251269185775842119e-01,-5.096056765928085042e-02,-6.063956912562716572e-02,2.982234980064945029e-01,3.910683710891563192e-01,1.447371460872308169e-01,4.474316071741717971e-01,1.965322924899863821e-01,4.672718366043414062e-01,2.349785500711949748e-01,-2.150613798263397436e-01,2.750034269335385750e-01,1.000000000000000000e+00,-6.834915120714972481e-02,5.052346508288698690e-01,-1.373575716530488558e-02,2.733478707251172368e-01,9.677592771437560151e-03
2.341551330317489243e-01,6.700852032197851527e-02,3.203048863070174224e-01,2.232453483096005498e-01,-3.192233775288369491e-01,5.560215228081241134e-01,-1.462105891231844090e-01,8.990596231490423362e-02,-4.387922520321824171e-02,-3.263121845975128828e-03,1.769203057356088238e-01,1.333309748502813918e-01,-1.842747249853955160e-01,-5.478514285403848771e-02,2.254047418118975132e-01,-8.352187479475057380e-03,4.079359034528386441e-01,-2.384565631140118588e-02,2.199310865922099734e-01,3.634629321400055235e-01,5.178656479865818563e-01,4.466863871251448570e-01,1.893971912126152790e-01,5.383752595915263228e-01,-1.036336494564879009e-02,4.262660066757016364e-01,5.350591089957018598e-01,2.549063410967465360e-01,5.684382155625405941e-01,1.933886777411754909e-01,4.396642533692636245e-01,5.322878490560695175e-01,6.249198972449732103e-01,-6.834915120714972481e-02,1.000000000000000000e+00,1.920167479041857694e-01,6.728971199315187945e-01,9.863058310172433119e-02,-1.375423561546004481e-01
2.578867674207454552e-01,-9.062375533538145900e-02,5.485301302361819120e-01,4.423910875367583206e-01,3.625419282695267476e-01,-1.109555118869117590e-01,1.570904335024353726e-01,-4.364401676186525636e-01,4.138806349761481873e-01,3.819247608056183796e-01,1.196890279155029962e-01,3.941783459459847760e-01,-2.689708204505630515e-02,2.616215017267958243e-01,4.044469149996260948e-01,4.507278124217108939e-01,-4.409038307603679180e-02,5.070604846483596218e-01,4.786175640571361245e-01,3.147725503568041261e-01,3.475853643932676484e-01,2.780373652299888976e-01,4.535825314540015835e-02,9.974145000021522600e-02,2.209591941044992403e-01,3.690966082394258607e-01,2.493139796267011821e-01,3.597093771873054457e-01,2.749203614341865776e-01,5.360017344689966823e-01,2.868875662178420605e-01,-1.434029736603119679e-02,4.166375723381041674e-01,5.052346508288698690e-01,1.920167479041857694e-01,1.000000000000000000e+00,2.099693246249736689e-01,2.223232230334480086e-01,-6.722074896949499501e-02
1.136240032439736758e-01,2.543323215126894743e-01,2.909743104515236656e-01,2.422865610480304799e-01,-2.124067251858358096e-01,4.970930226394251750e-01,-1.940680290742620440e-01,1.047818167229420810e-01,-1.817315486915478326e-02,1.462384156482783304e-01,-1.364132334647255237e-02,3.396181639302786603e-01,-3.522640203130672498e-01,6.681142712765785786e-03,6.827755913554560407e-02,5.704259267374219705e-02,1.827375639691310727e-01,-7.042764795446248768e-03,2.670596939543259385e-01,1.796765474294142739e-01,3.215872736332786030e-01,2.967797706040151695e-01,2.963204332177608591e-01,5.070689575482518752e-01,-8.337104361002017905e-02,2.550697158482600480e-01,5.722654955868642368e-01,1.127731988169344834e-01,3.770411597496039491e-01,1.764760132992802544e-01,5.150297390898719296e-01,6.800810404018888811e-01,4.909243781145724572e-01,-1.373575716530488558e-02,6.728971199315187945e-01,2.099693246249736689e-01,1.000000000000000000e+00,-2.944933415673199606e-02,-5.957995221920855955e-02
5.486961313087019843e-01,-2.307256768033006944e-01,3.010830617310101265e-01,2.633698166637841176e-01,9.522959625914978465e-02,-1.575848081033657255e-01,3.211079698672339999e-01,-1.817798536555959299e-01,4.614676082205340091e-01,1.493040585674806076e-01,1.347981460087626648e-01,1.284186438064326974e-01,2.469041680429539809e-01,4.515557909777628831e-01,5.728729497871316578e-01,4.520403427549213871e-01,2.334257721186601409e-01,6.616557824392903242e-02,2.307352528312636708e-01,5.212138544069324642e-01,4.119022866931118521e-01,3.038873990709671791e-01,2.119290557981529446e-02,2.720256446339136547e-01,4.798263573010949079e-01,5.522378429348382411e-01,2.232590765880207995e-01,5.945727868012272710e-01,4.716493502726739062e-01,5.218533730344152577e-01,-7.790082515221555259e-02,-2.877906009402264598e-01,3.015871043558249198e-01,2.733478707251172368e-01,9.863058310172433119e-02,2.223232230334480086e-01,-2.944933415673199606e-02,1.000000000000000000e+00,1.071288090923300379e-01
1.678715419933047015e-01,4.921010589263604684e-01,-1.499661168997798444e-01,-1.698456671220311964e-01,1.129318405327198321e-01,1.725156184043822594e-01,1.229348315077954112e-01,-3.738992117632366097e-03,1.201108871640576004e-01,2.374779752234844055e-01,1.677258779519655296e-01,-7.154632364172032466e-02,-1.654265598432410611e-01,6.031965543956543940e-02,-3.424543919606676812e-01,5.777655440907536466e-02,1.364277849094982786e-01,-2.030433904565847325e-01,-4.849359051146014399e-01,-3.878634229223340557e-01,-2.011297217970158258e-01,-3.519203279220773917e-01,3.231190644858972227e-01,4.845463538195909220e-02,1.270007404918805094e-01,-1.513918191248850575e-01,-4.226473278369878572e-02,-1.350272572332937016e-01,-1.451459217731730089e-01,6.353067080048752091e-02,5.131600214193525467e-02,1.449850025445436896e-01,-1.289339078430097041e-01,9.677592771437560151e-03,-1.375423561546004481e-01,-6.722074896949499501e-02,-5.957995221920855955e-02,1.071288090923300379e-01,1.000000000000000000e+00
