1.000000000000000000e+00,8.564875989088110986e-02,2.303459987433970346e-01,5.745348747250594856e-01,5.336263955741478160e-01,2.356130707754877374e-01,4.187082472638432168e-02,-4.093535520759818969e-01,4.580465804552878994e-01,6.172508392667014343e-01,1.985082591420450349e-01,-1.338429742716834014e-01,-5.896649842697292143e-02,4.783869906408124151e-01,-1.769550581070585271e-01,7.039853056162415079e-01,2.990914194329555298e-01,6.973513485590298044e-01,5.204154081730210102e-01,-5.150509419719937615e-02,2.509731674931404144e-01,6.841481205259657139e-02,4.603647758178757710e-01,5.443869156219443006e-01,5.903578202964543387e-01,5.874853581785972612e-01,-3.834640969891898732e-01,5.522408064942592176e-01,6.215522780500165601e-01,5.566796752940291748e-01,-6.211515750477368536e-02,-2.147502767559149872e-01,1.835630908797747374e-01,6.606569690388828242e-01,2.631664547473533955e-01,5.625073816206023203e-01,2.439117708159661835e-01,6.256719465842747185e-01,-1.470995951891709286e-01
8.564875989088110986e-02,1.000000000000000000e+00,5.804893266019954812e-01,-3.390319984259549391e-01,2.895373738181118983e-01,-2.238576339290848927e-01,2.684887827584457320e-01,-4.912989992293416708e-01,4.731924864434765565e-01,5.852364532045430945e-01,-5.081277031955380025e-02,6.488188403021968864e-02,-4.639431935770139681e-01,2.949999376732715950e-01,-1.026859282110883891e-02,5.140196568458406112e-01,-2.632247498575103761e-01,-2.982309691401249241e-01,5.362908346611249266e-01,-1.354644147777246121e-01,-3.527927113280668880e-01,-2.967614207736921084e-01,3.719165800919119746e-01,2.437345934897530708e-01,1.936818622091529274e-01,2.685860399768340984e-02,6.900414685768334611e-01,-8.561579746267469759e-02,-1.622408470734720831e-01,5.183867017526851972e-01,5.924960889924442142e-01,5.666460331234641767e-01,-1.117594718459836572e-01,2.123099124457772102e-01,-2.698229353079103499e-01,6.360996604236152097e-01,-6.557173969656686884e-03,-5.497515266176885435e-02,6.565344209130697939e-01
2.303459987433970346e-01,5.804893266019954812e-01,1.000000000000000000e+00,-9.245574466885776721e-02,4.485557618384629630e-01,-1.203077592984696104e-01,2.488197409794851989e-01,-8.791468901945346248e-01,4.303549050100146101e-01,5.588524434863042512e-01,-3.889893565573318557e-02,-2.538903371255675223e-01,-5.203994159719887991e-01,4.108737088134220561e-01,-1.271894452125129360e-01,5.040417779865272729e-01,-1.409855084916717682e-01,-1.045842034107563601e-01,6.331472000933927591e-01,-3.108895116796345920e-02,-1.049167083638884862e-02,-7.456248402717217949e-02,3.670394936315498069e-01,4.598654624540568503e-01,3.372775509796718252e-01,2.762488711772964067e-01,4.499771714312607584e-01,2.401195372075888845e-01,-7.608571073633111498e-03,4.692576042549243542e-01,5.479537507817318076e-01,2.929458144891396443e-01,1.889790914032853930e-01,3.236013343669720266e-01,-1.348171882692720536e-01,4.427433683310229018e-01,2.117833095033399421e-02,-7.360266138113551182e-02,2.625052871847693425e-01
5.745348747250594856e-01,-3.390319984259549391e-01,-9.245574466885776721e-02,1.000000000000000000e+00,3.131525172831710613e-01,3.077635415930330964e-01,2.222724936505801330e-01,-9.809111732286188157e-02,1.471507194243051597e-01,2.168513248597156995e-01,1.948418410673198597e-01,2.954981380600537819e-02,2.914560135529893903e-01,2.281701470625921713e-01,-2.898938003896512905e-01,2.955891133244801239e-01,3.789922688419557484e-01,8.103276727499418852e-01,2.399569996505268865e-01,2.225865115008962003e-01,4.348554744572331598e-01,1.580621437862010370e-01,1.294198499044897921e-01,2.082078932638610769e-01,4.064943746699445359e-01,4.297826403832407660e-01,-5.014571139488050999e-01,4.548920785355463070e-01,5.292176607212252248e-01,1.425763671880743988e-01,-3.434764428115202328e-01,-4.086326339426153975e-01,2.538040913253803987e-01,4.022592454694096653e-01,3.763410552672543652e-01,7.932957350605730762e-02,2.658502941319574875e-01,5.579156509853261392e-01,-3.076076814571460649e-01
5.336263955741478160e-01,2.895373738181118983e-01,4.485557618384629630e-01,3.131525172831710613e-01,1.000000000000000000e+00,8.136214930158262859e-02,2.402141877438253581e-01,-5.997717223496775718e-01,5.934911089693633013e-01,6.605035890699273438e-01,1.226386078042405042e-01,-1.394849748550006929e-01,-3.246320534631224608e-01,4.851251238163620805e-01,-4.795795865931506974e-01,6.956021630549311663e-01,1.645256484115299456e-01,4.185957962409919686e-01,7.941782154113844472e-01,-2.877937941651907972e-01,-1.683098283159342456e-01,-3.116887496215015041e-01,4.726829201595314500e-01,3.781082119987635437e-01,4.638548223046819463e-01,2.648492271120916897e-01,-1.620991618746293536e-02,3.913018773264614891e-01,2.940050558617505194e-01,6.462850195320173352e-01,2.632089292865296137e-01,5.029772297192890151e-02,-5.528013354043023742e-02,7.083550607987154635e-01,1.110798036478813366e-01,4.778680953423111721e-01,1.493107368967375170e-01,2.393194475400213517e-01,1.304239030844628056e-01
2.356130707754877374e-01,-2.238576339290848927e-01,-1.203077592984696104e-01,3.077635415930330964e-01,8.136214930158262859e-02,1.000000000000000000e+00,1.457705347008846075e-01,-9.579918915895467568e-02,-4.329896450506393601e-01,9.316004588445420120e-02,8.813439982468188605e-01,-1.481940622894937776e-01,-1.293262020740322260e-01,5.817264154216539307e-01,-2.619765101419905817e-01,7.296585751881158599e-02,8.816434783501059247e-01,3.681523561336412231e-01,-8.132859227524610879e-02,6.241478395312994448e-02,6.307870466474049254e-01,6.061152413675792161e-01,5.414352909655503199e-01,4.809005498591772954e-01,5.831239325050410205e-01,5.789967798687276623e-01,-1.317936058197554106e-01,5.689261931525327887e-01,7.493071553950202413e-01,-1.504365150861551037e-01,1.984406187740191119e-01,3.583064518099593476e-01,6.971887023459415467e-01,-5.105883315974378556e-02,8.896109245989036740e-01,-1.781539081074001718e-02,8.495029244073333263e-01,-1.907901034914457894e-01,-6.426911713064789033e-01
4.187082472638432168e-02,2.684887827584457320e-01,2.488197409794851989e-01,2.222724936505801330e-01,2.402141877438253581e-01,1.457705347008846075e-01,1.000000000000000000e+00,-2.783595175048885761e-01,5.121490524401411948e-02,2.896169657527226660e-01,1.650366778142940138e-01,-1.650222669233913364e-01,-9.237103373299138109e-02,2.281871543723098805e-01,-1.575785984856977462e-01,2.442780351021092422e-01,1.505619808339377641e-01,6.878479095612299865e-02,3.355607696459622646e-01,5.942774509066667266e-02,8.181676709719791496e-02,4.107524951105506056e-02,1.563598187971411146e-01,9.467761522669955465e-02,2.451296977285517820e-01,1.299437956532077942e-01,3.123617929358200040e-01,4.811835984282413631e-02,6.505685200365504683e-02,1.792948604962610049e-01,1.714203978025699293e-01,2.705909497230056804e-01,1.980320486294380455e-01,8.859450545165925561e-02,1.431057712333710930e-01,2.360493433123225238e-01,2.358691099299197180e-01,1.497260524840309144e-02,1.673670429747440569e-01
-4.093535520759818969e-01,-4.912989992293416708e-01,-8.791468901945346248e-01,-9.809111732286188157e-02,-5.997717223496775718e-01,-9.579918915895467568e-02,-2.783595175048885761e-01,1.000000000000000000e+00,-4.569335825789496708e-01,-6.476263644112282281e-01,-1.576186880480705821e-01,2.701459979682948043e-01,5.411319188214458453e-01,-5.806397412457477980e-01,2.843974070093784334e-01,-6.173892439923539532e-01,-9.153296787871159634e-02,-1.416152540085634792e-01,-7.160964322956314687e-01,1.049838467600143488e-01,-9.122378736253977660e-02,2.111316401968060114e-02,-5.288107212791018918e-01,-6.156686193383638095e-01,-5.324333767622927427e-01,-4.224684561398406868e-01,-3.015414228251739326e-01,-4.391649622399018127e-01,-2.370833420455706608e-01,-5.084293751798556471e-01,-5.438513435718370648e-01,-2.696538436440455433e-01,-2.771003809707303089e-01,-4.799609803672004182e-01,-8.565795942571367838e-02,-4.980192177241278273e-01,-2.243478619048690503e-01,-2.119389217848690211e-03,-1.176443071707121008e-01
4.580465804552878994e-01,4.731924864434765565e-01,4.303549050100146101e-01,1.471507194243051597e-01,5.934911089693633013e-01,-4.329896450506393601e-01,5.121490524401411948e-02,-4.569335825789496708e-01,1.000000000000000000e+00,5.703195448239959386e-01,-3.655484157348886098e-01,1.223583764723777390e-01,-2.048728387137967177e-01,1.096809759728600148e-01,-2.603476136741511016e-01,6.556603585257652078e-01,-3.489050790517790879e-01,2.906941362115125216e-01,7.505353712208440164e-01,-2.172022367370878004e-01,-4.261717982505860425e-01,-5.611938461881034179e-01,2.149164284145453352e-01,1.777817405216753910e-01,1.850199039389074096e-01,4.624745514968683913e-02,7.273550163210884545e-02,9.521481557574881793e-02,-3.878327600698152494e-02,6.973205639266201183e-01,1.464570824910289282e-01,-1.752303065478313659e-01,-4.090840699297843552e-01,7.332911806147761613e-01,-3.912995914948557141e-01,6.080911785379391477e-01,-2.831645437032319079e-01,4.946080168574121250e-01,6.088848183418853477e-01
6.172508392667014343e-01,5.852364532045430945e-01,5.588524434863042512e-01,2.168513248597156995e-01,6.605035890699273438e-01,9.316004588445420120e-02,2.896169657527226660e-01,-6.476263644112282281e-01,5.703195448239959386e-01,1.000000000000000000e+00,1.698060097191953222e-01,-4.716462664564177037e-02,-3.684988870285585971e-01,6.397610861780063107e-01,-2.795945981019553050e-01,8.709112415459502321e-01,9.937060544268562501e-02,2.957776278063695696e-01,7.302263502212912316e-01,-8.581114409163816126e-02,-3.802491760724935332e-02,-1.844459358082694012e-01,5.864880462022904473e-01,5.454357127632600832e-01,6.216938932992291944e-01,4.224314164363139334e-01,2.083815854492326036e-01,3.892791630197181552e-01,3.694305793139288085e-01,7.717208726948088238e-01,4.070345936417769095e-01,2.510317475205088855e-01,1.094137605232736316e-01,5.831385893290260691e-01,1.184511619392065174e-01,7.358684298487132569e-01,2.882308328208809112e-01,2.756210000024109097e-01,2.514055316152726816e-01
1.985082591420450349e-01,-5.081277031955380025e-02,-3.889893565573318557e-02,1.948418410673198597e-01,1.226386078042405042e-01,8.813439982468188605e-01,1.650366778142940138e-01,-1.576186880480705821e-01,-3.655484157348886098e-01,1.698060097191953222e-01,1.000000000000000000e+00,-9.580516952092889282e-02,-2.661278570875307281e-01,6.366827347197604459e-01,-2.787391344120643821e-01,1.243582651788892324e-01,8.658451744643558268e-01,2.659741394694209449e-01,-2.648670696556698970e-02,1.615215273722732034e-02,5.376973174813416412e-01,5.293727748971713831e-01,5.792851639071716630e-01,4.831382940972844264e-01,5.633252811249959136e-01,5.803113479787761486e-01,3.630665405866009832e-02,5.075792673709471625e-01,7.043613613714247990e-01,-6.253709191379777654e-02,3.905804152627962988e-01,5.290366578258774988e-01,6.770458971960238159e-01,-4.679266385688515134e-02,8.467377831443282377e-01,6.576890593718794087e-02,8.537204425258556606e-01,-2.709518593150171406e-01,-5.319206324874596881e-01
-1.338429742716834014e-01,6.488188403021968864e-02,-2.538903371255675223e-01,2.954981380600537819e-02,-1.394849748550006929e-01,-1.481940622894937776e-01,-1.650222669233913364e-01,2.701459979682948043e-01,1.223583764723777390e-01,-4.716462664564177037e-02,-9.580516952092889282e-02,1.000000000000000000e+00,1.696993013949784496e-02,-1.803214214736037213e-01,1.410412724676477804e-02,-3.823029615703523593e-02,-1.638331662213194095e-01,1.054628508399877013e-01,-1.471006952771822807e-01,1.720800854432359348e-02,-2.422279190261820980e-01,-2.650603822864712744e-01,-1.858859902195920122e-01,-1.965776597644961210e-01,-1.556062903644605255e-01,-3.120716724329815617e-01,-5.922706117059449438e-02,-2.422440281478099866e-01,-1.293356976349892273e-01,-2.997706928322995193e-02,7.347027059045044273e-02,-1.082640485144366893e-01,-2.582480760390404861e-01,1.370278067980223446e-01,-1.548579274780479131e-01,-7.768092195477782624e-02,-1.406299379052174392e-01,3.028658429429319232e-02,2.336115504174916813e-01
-5.896649842697292143e-02,-4.639431935770139681e-01,-5.203994159719887991e-01,2.914560135529893903e-01,-3.246320534631224608e-01,-1.293262020740322260e-01,-9.237103373299138109e-02,5.411319188214458453e-01,-2.048728387137967177e-01,-3.684988870285585971e-01,-2.661278570875307281e-01,1.696993013949784496e-02,1.000000000000000000e+00,-4.539610403904877356e-01,1.849249150888369331e-01,-3.166850543817369967e-01,-1.259432276955064767e-01,1.304004910244574156e-01,-3.754779626077143773e-01,2.594419218265198723e-01,1.319715942963941291e-01,1.345738812438641852e-01,-3.601026658210989551e-01,-3.890377579422388266e-01,-2.490850299668790901e-01,-1.837646723211078248e-01,-4.437025862641109653e-01,-2.039618271228889890e-01,-1.148202308778348002e-01,-2.352609204037170720e-01,-7.734372348110375439e-01,-4.729297274347026847e-01,-1.437437608302002401e-01,-2.456319990947057608e-01,-1.425949867233097246e-01,-2.067184544607534591e-01,-2.686144102606824458e-01,3.271430624632190032e-01,-1.300385398507228896e-01
4.783869906408124151e-01,2.949999376732715950e-01,4.108737088134220561e-01,2.281701470625921713e-01,4.851251238163620805e-01,5.817264154216539307e-01,2.281871543723098805e-01,-5.806397412457477980e-01,1.096809759728600148e-01,6.397610861780063107e-01,6.366827347197604459e-01,-1.803214214736037213e-01,-4.539610403904877356e-01,1.000000000000000000e+00,-3.591603076348619528e-01,5.864051861117282050e-01,5.705969454607023872e-01,2.984903361583574055e-01,4.553719071535882179e-01,-9.281976382505695289e-02,2.810611249240679843e-01,1.788243310449581236e-01,7.125251119557540758e-01,7.020247028030754954e-01,7.568483205557241522e-01,6.234674143043164030e-01,1.348236626204322997e-01,6.125175727945509907e-01,6.572845524505912529e-01,4.053244702188866788e-01,5.213828131223180451e-01,4.417802226436584045e-01,5.041831686100900489e-01,2.962872867346670880e-01,6.025251515115453982e-01,4.534027605547651940e-01,6.952632118291196539e-01,-3.974047828858844750e-02,-2.400738445661002307e-01
-1.769550581070585271e-01,-1.026859282110883891e-02,-1.271894452125129360e-01,-2.898938003896512905e-01,-4.795795865931506974e-01,-2.619765101419905817e-01,-1.575785984856977462e-01,2.843974070093784334e-01,-2.603476136741511016e-01,-2.795945981019553050e-01,-2.787391344120643821e-01,1.410412724676477804e-02,1.849249150888369331e-01,-3.591603076348619528e-01,1.000000000000000000e+00,-3.107494068120127961e-01,-2.977082856713876291e-01,-3.910601584298136757e-01,-4.000296547237940370e-01,6.881744342768746081e-02,-2.234959594455413617e-02,6.534485412421789374e-02,-4.272265440029122674e-01,-3.285800767654753485e-01,-4.059977051810880200e-01,-2.049966428279610120e-01,1.392392195319894915e-02,-2.596791104267575090e-01,-3.306977041035841225e-01,-2.724684312382248397e-01,-2.139901808332793920e-01,-7.821553934420204246e-02,-1.080332836373518873e-01,-3.281762165179439861e-01,-2.423816280466502271e-01,-1.948721105320215530e-01,-3.074708734168768998e-01,6.621755272464183162e-02,3.339987293068233387e-02
7.039853056162415079e-01,5.140196568458406112e-01,5.040417779865272729e-01,2.955891133244801239e-01,6.956021630549311663e-01,7.296585751881158599e-02,2.442780351021092422e-01,-6.173892439923539532e-01,6.556603585257652078e-01,8.709112415459502321e-01,1.243582651788892324e-01,-3.823029615703523593e-02,-3.166850543817369967e-01,5.864051861117282050e-01,-3.107494068120127961e-01,1.000000000000000000e+00,1.007653892936635903e-01,4.078535769875653028e-01,7.621536979038556758e-01,-1.161573063507313625e-01,-4.575805797585098811e-02,-2.236993617194465711e-01,6.019700935957977839e-01,5.580412681923083706e-01,6.132435818704204955e-01,4.482506491057982045e-01,7.266602766190502494e-02,4.341543562506337550e-01,4.078180004980230811e-01,7.835302375515397211e-01,3.166031710972000424e-01,1.199352277839566827e-01,5.042753808998384768e-02,6.794512336889132476e-01,9.971462221923636793e-02,7.728226997630934791e-01,2.252738466628356473e-01,3.904957268424686934e-01,2.327759117563360514e-01
2.990914194329555298e-01,-2.632247498575103761e-01,-1.409855084916717682e-01,3.789922688419557484e-01,1.645256484115299456e-01,8.816434783501059247e-01,1.505619808339377641e-01,-9.153296787871159634e-02,-3.489050790517790879e-01,9.937060544268562501e-02,8.658451744643558268e-01,-1.638331662213194095e-01,-1.259432276955064767e-01,5.705969454607023872e-01,-2.977082856713876291e-01,1.007653892936635903e-01,1.000000000000000000e+00,4.329601106647145148e-01,-2.771098718024650465e-02,1.815187377570704960e-02,6.141608673699899823e-01,5.496668257279925252e-01,5.186819692976882834e-01,4.541065168753546377e-01,5.453436913546744202e-01,6.313540073738157510e-01,-1.747888510319313138e-01,6.133884510390767986e-01,7.717339406184782202e-01,-9.272620367461766044e-02,1.818745717218331892e-01,2.971198086022429630e-01,6.829653425467807626e-01,9.243096216933246664e-03,8.953594258645148907e-01,-1.606115209054153822e-02,8.051284371406899343e-01,-1.128448703579871815e-01,-6.398849780869407811e-01
6.973513485590298044e-01,-2.982309691401249241e-01,-1.045842034107563601e-01,8.103276727499418852e-01,4.185957962409919686e-01,3.681523561336412231e-01,6.878479095612299865e-02,-1.416152540085634792e-01,2.906941362115125216e-01,2.957776278063695696e-01,2.659741394694209449e-01,1.054628508399877013e-01,1.304004910244574156e-01,2.984903361583574055e-01,-3.910601584298136757e-01,4.078535769875653028e-01,4.329601106647145148e-01,1.000000000000000000e+00,3.353896977017203906e-01,6.149711812047724963e-02,3.577338982324250738e-01,1.288649049755911380e-01,2.940543586962415801e-01,3.541665602592839468e-01,5.147699733064586836e-01,4.591140463581400710e-01,-5.783808634346192523e-01,5.467020837549643186e-01,6.382822354466914927e-01,2.412470912656041744e-01,-2.354450768705909636e-01,-4.066189474133147241e-01,1.932581373736965979e-01,5.954490850483127318e-01,4.106094545376218763e-01,2.022031098637576407e-01,3.201858012264636177e-01,5.531503492039261394e-01,-3.002780386658682743e-01
5.204154081730210102e-01,5.362908346611249266e-01,6.331472000933927591e-01,2.399569996505268865e-01,7.941782154113844472e-01,-8.132859227524610879e-02,3.355607696459622646e-01,-7.160964322956314687e-01,7.505353712208440164e-01,7.302263502212912316e-01,-2.648670696556698970e-02,-1.471006952771822807e-01,-3.754779626077143773e-01,4.553719071535882179e-01,-4.000296547237940370e-01,7.621536979038556758e-01,-2.771098718024650465e-02,3.353896977017203906e-01,1.000000000000000000e+00,-1.748583081002516582e-01,-1.899103568176719325e-01,-3.156593644619752337e-01,4.924234449068384811e-01,4.194114531687754832e-01,4.753381943737268744e-01,3.002612002260303670e-01,2.159663948774446784e-01,3.633760286086487046e-01,1.826370546068332712e-01,7.157221863551949115e-01,3.424215672394185228e-01,1.161697330628216063e-01,-5.775970189327740006e-02,7.016249689158168268e-01,-6.323852502646150342e-02,6.588375480377142157e-01,6.778741791744109790e-02,3.147671813481824898e-01,3.980397971620970865e-01
-5.150509419719937615e-02,-1.354644147777246121e-01,-3.108895116796345920e-02,2.225865115008962003e-01,-2.877937941651907972e-01,6.241478395312994448e-02,5.942774509066667266e-02,1.049838467600143488e-01,-2.172022367370878004e-01,-8.581114409163816126e-02,1.615215273722732034e-02,1.720800854432359348e-02,2.594419218265198723e-01,-9.281976382505695289e-02,6.881744342768746081e-02,-1.161573063507313625e-01,1.815187377570704960e-02,6.149711812047724963e-02,-1.748583081002516582e-01,1.000000000000000000e+00,4.614657309728304457e-01,4.241427659770679037e-01,-7.771795963797456519e-02,-3.455608954569228120e-02,6.514014486620235689e-02,2.425470997575256693e-01,3.658587530199342713e-02,1.030688651673284939e-01,9.995168812018254134e-02,-8.874275924372558577e-02,-1.318683622218444762e-01,-5.778935131375317197e-02,3.808964775385554336e-01,-2.408348038724061058e-01,9.329492654427638809e-02,-9.471507767694709035e-02,8.420559508442332364e-02,9.215896538391690762e-02,-1.217750345742336787e-01
2.509731674931404144e-01,-3.527927113280668880e-01,-1.049167083638884862e-02,4.348554744572331598e-01,-1.683098283159342456e-01,6.307870466474049254e-01,8.181676709719791496e-02,-9.122378736253977660e-02,-4.261717982505860425e-01,-3.802491760724935332e-02,5.376973174813416412e-01,-2.422279190261820980e-01,1.319715942963941291e-01,2.810611249240679843e-01,-2.234959594455413617e-02,-4.575805797585098811e-02,6.141608673699899823e-01,3.577338982324250738e-01,-1.899103568176719325e-01,4.614657309728304457e-01,1.000000000000000000e+00,8.042784373114856278e-01,2.678903548479196761e-01,3.819274680920365928e-01,4.313009196677337065e-01,6.497637140611917106e-01,-1.917750327040870506e-01,5.317613217790448932e-01,5.839680095360922918e-01,-1.914201951011739733e-01,-7.115129787740115397e-02,4.496354565414838883e-02,8.118633671437203159e-01,-1.842420653682903253e-01,6.422266161416120278e-01,-1.217329082709893845e-01,5.531313438109206615e-01,6.174874952446758082e-03,-6.373800020950937117e-01
6.841481205259657139e-02,-2.967614207736921084e-01,-7.456248402717217949e-02,1.580621437862010370e-01,-3.116887496215015041e-01,6.061152413675792161e-01,4.107524951105506056e-02,2.111316401968060114e-02,-5.611938461881034179e-01,-1.844459358082694012e-01,5.293727748971713831e-01,-2.650603822864712744e-01,1.345738812438641852e-01,1.788243310449581236e-01,6.534485412421789374e-02,-2.236993617194465711e-01,5.496668257279925252e-01,1.288649049755911380e-01,-3.156593644619752337e-01,4.241427659770679037e-01,8.042784373114856278e-01,1.000000000000000000e+00,2.654122023426155885e-01,3.312183016505442223e-01,3.193956878083260564e-01,5.057332784758488131e-01,-7.141111641138160604e-02,3.494607388619558885e-01,4.389552899032483912e-01,-3.208319922957822423e-01,-4.091518247965604538e-02,1.966927992673419001e-01,7.754268198337529450e-01,-3.713321961038896224e-01,5.419013770679700359e-01,-1.725367379875920315e-01,4.885411236712156047e-01,-1.731989830972978650e-01,-5.898945325372864090e-01
4.603647758178757710e-01,3.719165800919119746e-01,3.670394936315498069e-01,1.294198499044897921e-01,4.726829201595314500e-01,5.414352909655503199e-01,1.563598187971411146e-01,-5.288107212791018918e-01,2.149164284145453352e-01,5.864880462022904473e-01,5.792851639071716630e-01,-1.858859902195920122e-01,-3.601026658210989551e-01,7.125251119557540758e-01,-4.272265440029122674e-01,6.019700935957977839e-01,5.186819692976882834e-01,2.940543586962415801e-01,4.924234449068384811e-01,-7.771795963797456519e-02,2.678903548479196761e-01,2.654122023426155885e-01,1.000000000000000000e+00,7.647741214145739042e-01,7.882918030675996057e-01,6.106151546459259727e-01,1.984442205330029241e-01,5.821596981243232216e-01,6.144583105903520526e-01,4.280343780204740600e-01,4.860599485314841539e-01,4.788884298312095500e-01,4.530270852034242179e-01,3.182719295369473289e-01,4.890422157270707948e-01,5.330881618874129257e-01,6.182424399353037003e-01,-2.735726114178583038e-02,-8.687420592187605761e-02
5.443869156219443006e-01,2.437345934897530708e-01,4.598654624540568503e-01,2.082078932638610769e-01,3.781082119987635437e-01,4.809005498591772954e-01,9.467761522669955465e-02,-6.156686193383638095e-01,1.777817405216753910e-01,5.454357127632600832e-01,4.831382940972844264e-01,-1.965776597644961210e-01,-3.890377579422388266e-01,7.020247028030754954e-01,-3.285800767654753485e-01,5.580412681923083706e-01,4.541065168753546377e-01,3.541665602592839468e-01,4.194114531687754832e-01,-3.455608954569228120e-02,3.819274680920365928e-01,3.312183016505442223e-01,7.647741214145739042e-01,1.000000000000000000e+00,7.891267783316373574e-01,5.972502347349835095e-01,5.435514581166452780e-02,5.836411990260643723e-01,6.257786674310140684e-01,3.242537493835435103e-01,4.148327621622915906e-01,2.686046331418172617e-01,4.988059000132709087e-01,3.793145426260172148e-01,4.495016012777110492e-01,4.427265601515396054e-01,5.633456557571728807e-01,3.041245325071683867e-02,-2.236851472470016422e-01
5.903578202964543387e-01,1.936818622091529274e-01,3.372775509796718252e-01,4.064943746699445359e-01,4.638548223046819463e-01,5.831239325050410205e-01,2.451296977285517820e-01,-5.324333767622927427e-01,1.850199039389074096e-01,6.216938932992291944e-01,5.633252811249959136e-01,-1.556062903644605255e-01,-2.490850299668790901e-01,7.568483205557241522e-01,-4.059977051810880200e-01,6.132435818704204955e-01,5.453436913546744202e-01,5.147699733064586836e-01,4.753381943737268744e-01,6.514014486620235689e-02,4.313009196677337065e-01,3.193956878083260564e-01,7.882918030675996057e-01,7.891267783316373574e-01,1.000000000000000000e+00,6.717551498995983916e-01,1.717744211565296747e-02,6.635644196788957894e-01,7.323853137669723568e-01,3.908003679161464183e-01,3.216124745231017101e-01,2.498371660189772359e-01,5.308198128214339784e-01,4.001710173192354336e-01,5.643958098015997571e-01,4.743661513647761119e-01,6.827314856769860496e-01,1.332304905155752284e-01,-2.204893210073396448e-01
5.874853581785972612e-01,2.685860399768340984e-02,2.762488711772964067e-01,4.297826403832407660e-01,2.648492271120916897e-01,5.789967798687276623e-01,1.299437956532077942e-01,-4.224684561398406868e-01,4.624745514968683913e-02,4.224314164363139334e-01,5.803113479787761486e-01,-3.120716724329815617e-01,-1.837646723211078248e-01,6.234674143043164030e-01,-2.049966428279610120e-01,4.482506491057982045e-01,6.313540073738157510e-01,4.591140463581400710e-01,3.002612002260303670e-01,2.425470997575256693e-01,6.497637140611917106e-01,5.057332784758488131e-01,6.106151546459259727e-01,5.972502347349835095e-01,6.717551498995983916e-01,1.000000000000000000e+00,-2.213021751708386595e-02,7.236150793553433047e-01,7.518927992304801355e-01,3.034121865568402687e-01,2.306009698442702260e-01,2.161993267912228622e-01,7.122067846040729400e-01,1.680562770930118521e-01,6.255625799820969668e-01,3.481565225329870672e-01,6.059972080310103149e-01,2.340880196150297299e-01,-3.699095455255178577e-01
-3.834640969891898732e-01,6.900414685768334611e-01,4.499771714312607584e-01,-5.014571139488050999e-01,-1.620991618746293536e-02,-1.317936058197554106e-01,3.123617929358200040e-01,-3.015414228251739326e-01,7.273550163210884545e-02,2.083815854492326036e-01,3.630665405866009832e-02,-5.922706117059449438e-02,-4.437025862641109653e-01,1.348236626204322997e-01,1.392392195319894915e-02,7.266602766190502494e-02,-1.747888510319313138e-01,-5.783808634346192523e-01,2.159663948774446784e-01,3.658587530199342713e-02,-1.917750327040870506e-01,-7.141111641138160604e-02,1.984442205330029241e-01,5.435514581166452780e-02,1.717744211565296747e-02,-2.213021751708386595e-02,1.000000000000000000e+00,-1.665842509804709437e-01,-2.730026091601203686e-01,1.358611881472887029e-01,6.354183976935529055e-01,7.229388496195738867e-01,7.678247420897661712e-02,-2.242363272039164246e-01,-1.514070832889710116e-01,2.255334795617634502e-01,9.185800844520813913e-02,-3.961446878885842571e-01,5.213070669556687520e-01
5.522408064942592176e-01,-8.561579746267469759e-02,2.401195372075888845e-01,4.548920785355463070e-01,3.913018773264614891e-01,5.689261931525327887e-01,4.811835984282413631e-02,-4.391649622399018127e-01,9.521481557574881793e-02,3.892791630197181552e-01,5.075792673709471625e-01,-2.422440281478099866e-01,-2.039618271228889890e-01,6.125175727945509907e-01,-2.596791104267575090e-01,4.341543562506337550e-01,6.133884510390767986e-01,5.467020837549643186e-01,3.633760286086487046e-01,1.030688651673284939e-01,5.317613217790448932e-01,3.494607388619558885e-01,5.821596981243232216e-01,5.836411990260643723e-01,6.635644196788957894e-01,7.236150793553433047e-01,-1.665842509804709437e-01,1.000000000000000000e+00,7.243728910059593629e-01,2.180878421436268921e-01,1.859773064293086808e-01,5.295637844976307240e-02,5.754442980026317489e-01,3.464407008767175777e-01,6.486949710959915016e-01,2.507224994639336568e-01,5.997180086213874661e-01,2.167152965821036725e-01,-4.072703619992313895e-01
6.215522780500165601e-01,-1.622408470734720831e-01,-7.608571073633111498e-03,5.292176607212252248e-01,2.940050558617505194e-01,7.493071553950202413e-01,6.505685200365504683e-02,-2.370833420455706608e-01,-3.878327600698152494e-02,3.694305793139288085e-01,7.043613613714247990e-01,-1.293356976349892273e-01,-1.148202308778348002e-01,6.572845524505912529e-01,-3.306977041035841225e-01,4.078180004980230811e-01,7.717339406184782202e-01,6.382822354466914927e-01,1.826370546068332712e-01,9.995168812018254134e-02,5.839680095360922918e-01,4.389552899032483912e-01,6.144583105903520526e-01,6.257786674310140684e-01,7.323853137669723568e-01,7.518927992304801355e-01,-2.730026091601203686e-01,7.243728910059593629e-01,1.000000000000000000e+00,1.816454415362935004e-01,1.298967543061424201e-01,9.043809514278931816e-02,5.831412671417717242e-01,3.005484190456308435e-01,7.840270316843926945e-01,2.526983332011588090e-01,7.541680778201586000e-01,2.525449069006360792e-01,-5.038833237394408915e-01
5.566796752940291748e-01,5.183867017526851972e-01,4.692576042549243542e-01,1.425763671880743988e-01,6.462850195320173352e-01,-1.504365150861551037e-01,1.792948604962610049e-01,-5.084293751798556471e-01,6.973205639266201183e-01,7.717208726948088238e-01,-6.253709191379777654e-02,-2.997706928322995193e-02,-2.352609204037170720e-01,4.053244702188866788e-01,-2.724684312382248397e-01,7.835302375515397211e-01,-9.272620367461766044e-02,2.412470912656041744e-01,7.157221863551949115e-01,-8.874275924372558577e-02,-1.914201951011739733e-01,-3.208319922957822423e-01,4.280343780204740600e-01,3.242537493835435103e-01,3.908003679161464183e-01,3.034121865568402687e-01,1.358611881472887029e-01,2.180878421436268921e-01,1.816454415362935004e-01,1.000000000000000000e+00,2.590406933476087081e-01,9.234586483059602224e-02,-8.573195650777808152e-02,5.578034487666287955e-01,-1.166833065589673313e-01,7.393337205411261159e-01,-1.113513616197189283e-02,3.708991974726794094e-01,3.708943774568631557e-01
-6.211515750477368536e-02,5.924960889924442142e-01,5.479537507817318076e-01,-3.434764428115202328e-01,2.632089292865296137e-01,1.984406187740191119e-01,1.714203978025699293e-01,-5.438513435718370648e-01,1.464570824910289282e-01,4.070345936417769095e-01,3.905804152627962988e-01,7.347027059045044273e-02,-7.734372348110375439e-01,5.213828131223180451e-01,-2.139901808332793920e-01,3.166031710972000424e-01,1.818745717218331892e-01,-2.354450768705909636e-01,3.424215672394185228e-01,-1.318683622218444762e-01,-7.115129787740115397e-02,-4.091518247965604538e-02,4.860599485314841539e-01,4.148327621622915906e-01,3.216124745231017101e-01,2.306009698442702260e-01,6.354183976935529055e-01,1.859773064293086808e-01,1.298967543061424201e-01,2.590406933476087081e-01,1.000000000000000000e+00,6.993429805314868020e-01,2.593556886011894602e-01,1.103297966944043196e-01,1.907974684723717507e-01,2.977316400347786995e-01,3.648523126123819904e-01,-4.216290148323974529e-01,1.942899153821189273e-01
-2.147502767559149872e-01,5.666460331234641767e-01,2.929458144891396443e-01,-4.086326339426153975e-01,5.029772297192890151e-02,3.583064518099593476e-01,2.705909497230056804e-01,-2.696538436440455433e-01,-1.752303065478313659e-01,2.510317475205088855e-01,5.290366578258774988e-01,-1.082640485144366893e-01,-4.729297274347026847e-01,4.417802226436584045e-01,-7.821553934420204246e-02,1.199352277839566827e-01,2.971198086022429630e-01,-4.066189474133147241e-01,1.161697330628216063e-01,-5.778935131375317197e-02,4.496354565414838883e-02,1.966927992673419001e-01,4.788884298312095500e-01,2.686046331418172617e-01,2.498371660189772359e-01,2.161993267912228622e-01,7.229388496195738867e-01,5.295637844976307240e-02,9.043809514278931816e-02,9.234586483059602224e-02,6.993429805314868020e-01,1.000000000000000000e+00,3.595892939413063982e-01,-2.534890792366686352e-01,2.875940500000155331e-01,2.287139026523422325e-01,4.730525955879930633e-01,-5.194581928771753176e-01,1.259768422633547047e-01
1.835630908797747374e-01,-1.117594718459836572e-01,1.889790914032853930e-01,2.538040913253803987e-01,-5.528013354043023742e-02,6.971887023459415467e-01,1.980320486294380455e-01,-2.771003809707303089e-01,-4.090840699297843552e-01,1.094137605232736316e-01,6.770458971960238159e-01,-2.582480760390404861e-01,-1.437437608302002401e-01,5.041831686100900489e-01,-1.080332836373518873e-01,5.042753808998384768e-02,6.829653425467807626e-01,1.932581373736965979e-01,-5.775970189327740006e-02,3.808964775385554336e-01,8.118633671437203159e-01,7.754268198337529450e-01,4.530270852034242179e-01,4.988059000132709087e-01,5.308198128214339784e-01,7.122067846040729400e-01,7.678247420897661712e-02,5.754442980026317489e-01,5.831412671417717242e-01,-8.573195650777808152e-02,2.593556886011894602e-01,3.595892939413063982e-01,1.000000000000000000e+00,-2.266086442220779651e-01,6.985107762682062349e-01,-1.415861324009035777e-02,6.656227000679333372e-01,-2.011809725814066863e-01,-5.692954545607705752e-01
6.606569690388828242e-01,2.123099124457772102e-01,3.236013343669720266e-01,4.022592454694096653e-01,7.083550607987154635e-01,-5.105883315974378556e-02,8.859450545165925561e-02,-4.799609803672004182e-01,7.332911806147761613e-01,5.831385893290260691e-01,-4.679266385688515134e-02,1.370278067980223446e-01,-2.456319990947057608e-01,2.962872867346670880e-01,-3.281762165179439861e-01,6.794512336889132476e-01,9.243096216933246664e-03,5.954490850483127318e-01,7.016249689158168268e-01,-2.408348038724061058e-01,-1.842420653682903253e-01,-3.713321961038896224e-01,3.182719295369473289e-01,3.793145426260172148e-01,4.001710173192354336e-01,1.680562770930118521e-01,-2.242363272039164246e-01,3.464407008767175777e-01,3.005484190456308435e-01,5.578034487666287955e-01,1.103297966944043196e-01,-2.534890792366686352e-01,-2.266086442220779651e-01,1.000000000000000000e+00,-2.533309848634112890e-02,5.083075423620448952e-01,2.394361735106458750e-02,5.002720819097334903e-01,2.193446749056797984e-01
2.631664547473533955e-01,-2.698229353079103499e-01,-1.348171882692720536e-01,3.763410552672543652e-01,1.110798036478813366e-01,8.896109245989036740e-01,1.431057712333710930e-01,-8.565795942571367838e-02,-3.912995914948557141e-01,1.184511619392065174e-01,8.467377831443282377e-01,-1.548579274780479131e-01,-1.425949867233097246e-01,6.025251515115453982e-01,-2.423816280466502271e-01,9.971462221923636793e-02,8.953594258645148907e-01,4.106094545376218763e-01,-6.323852502646150342e-02,9.329492654427638809e-02,6.422266161416120278e-01,5.419013770679700359e-01,4.890422157270707948e-01,4.495016012777110492e-01,5.643958098015997571e-01,6.255625799820969668e-01,-1.514070832889710116e-01,6.486949710959915016e-01,7.840270316843926945e-01,-1.166833065589673313e-01,1.907974684723717507e-01,2.875940500000155331e-01,6.985107762682062349e-01,-2.533309848634112890e-02,1.000000000000000000e+00,-4.906546073360414095e-02,8.576335076308537753e-01,-1.163430048121628368e-01,-6.512166440914270993e-01
5.625073816206023203e-01,6.360996604236152097e-01,4.427433683310229018e-01,7.932957350605730762e-02,4.778680953423111721e-01,-1.781539081074001718e-02,2.360493433123225238e-01,-4.980192177241278273e-01,6.080911785379391477e-01,7.358684298487132569e-01,6.576890593718794087e-02,-7.768092195477782624e-02,-2.067184544607534591e-01,4.534027605547651940e-01,-1.948721105320215530e-01,7.728226997630934791e-01,-1.606115209054153822e-02,2.022031098637576407e-01,6.588375480377142157e-01,-9.471507767694709035e-02,-1.217329082709893845e-01,-1.725367379875920315e-01,5.330881618874129257e-01,4.427265601515396054e-01,4.743661513647761119e-01,3.481565225329870672e-01,2.255334795617634502e-01,2.507224994639336568e-01,2.526983332011588090e-01,7.393337205411261159e-01,2.977316400347786995e-01,2.287139026523422325e-01,-1.415861324009035777e-02,5.083075423620448952e-01,-4.906546073360414095e-02,1.000000000000000000e+00,1.260645217406889118e-01,3.709264055034235952e-01,3.987774327609068248e-01
2.439117708159661835e-01,-6.557173969656686884e-03,2.117833095033399421e-02,2.658502941319574875e-01,1.493107368967375170e-01,8.495029244073333263e-01,2.358691099299197180e-01,-2.243478619048690503e-01,-2.831645437032319079e-01,2.882308328208809112e-01,8.537204425258556606e-01,-1.406299379052174392e-01,-2.686144102606824458e-01,6.952632118291196539e-01,-3.074708734168768998e-01,2.252738466628356473e-01,8.051284371406899343e-01,3.201858012264636177e-01,6.778741791744109790e-02,8.420559508442332364e-02,5.531313438109206615e-01,4.885411236712156047e-01,6.182424399353037003e-01,5.633456557571728807e-01,6.827314856769860496e-01,6.059972080310103149e-01,9.185800844520813913e-02,5.997180086213874661e-01,7.541680778201586000e-01,-1.113513616197189283e-02,3.648523126123819904e-01,4.730525955879930633e-01,6.656227000679333372e-01,2.394361735106458750e-02,8.576335076308537753e-01,1.260645217406889118e-01,1.000000000000000000e+00,-1.802294368419657122e-01,-4.542197329976894737e-01
6.256719465842747185e-01,-5.497515266176885435e-02,-7.360266138113551182e-02,5.579156509853261392e-01,2.393194475400213517e-01,-1.907901034914457894e-01,1.497260524840309144e-02,-2.119389217848690211e-03,4.946080168574121250e-01,2.756210000024109097e-01,-2.709518593150171406e-01,3.028658429429319232e-02,3.271430624632190032e-01,-3.974047828858844750e-02,6.621755272464183162e-02,3.904957268424686934e-01,-1.128448703579871815e-01,5.531503492039261394e-01,3.147671813481824898e-01,9.215896538391690762e-02,6.174874952446758082e-03,-1.731989830972978650e-01,-2.735726114178583038e-02,3.041245325071683867e-02,1.332304905155752284e-01,2.340880196150297299e-01,-3.961446878885842571e-01,2.167152965821036725e-01,2.525449069006360792e-01,3.708991974726794094e-01,-4.216290148323974529e-01,-5.194581928771753176e-01,-2.011809725814066863e-01,5.002720819097334903e-01,-1.163430048121628368e-01,3.709264055034235952e-01,-1.802294368419657122e-01,1.000000000000000000e+00,1.847883256202495772e-01
-1.470995951891709286e-01,6.565344209130697939e-01,2.625052871847693425e-01,-3.076076814571460649e-01,1.304239030844628056e-01,-6.426911713064789033e-01,1.673670429747440569e-01,-1.176443071707121008e-01,6.088848183418853477e-01,2.514055316152726816e-01,-5.319206324874596881e-01,2.336115504174916813e-01,-1.300385398507228896e-01,-2.400738445661002307e-01,3.339987293068233387e-02,2.327759117563360514e-01,-6.398849780869407811e-01,-3.002780386658682743e-01,3.980397971620970865e-01,-1.217750345742336787e-01,-6.373800020950937117e-01,-5.898945325372864090e-01,-8.687420592187605761e-02,-2.236851472470016422e-01,-2.204893210073396448e-01,-3.699095455255178577e-01,5.213070669556687520e-01,-4.072703619992313895e-01,-5.038833237394408915e-01,3.708943774568631557e-01,1.942899153821189273e-01,1.259768422633547047e-01,-5.692954545607705752e-01,2.193446749056797984e-01,-6.512166440914270993e-01,3.987774327609068248e-01,-4.542197329976894737e-01,1.847883256202495772e-01,1.000000000000000000e+00
