1.000000000000000000e+00,8.206451748098240184e-01,3.659858150930055953e-01,3.112111891094576643e-01,3.466113529470430388e-01,3.038598125783935067e-01,2.972281733403310811e-01,-3.527662412648844281e-01,-4.471559133407547459e-02,7.982136342913056515e-01,4.122324110431780930e-01,-2.468023423946893169e-01,5.122833486804183600e-01,5.480548808734267974e-01,-3.586046212956807144e-01,7.172777141071239315e-01,3.575003757455556541e-01,-6.705179269186364865e-02,-1.320927240403924063e-01,2.405908228947020167e-01,5.719708645017601567e-01,4.571057550889446319e-01,4.908089450766053297e-01,3.035096966173330552e-02,4.784918753270722136e-01,4.324455981692363338e-01,4.779661720100962241e-01,4.781796743748407685e-01,5.271599780462647988e-01,5.565759966680565718e-01,5.719327270490363047e-01,6.917731503970432350e-01,5.037103600201585651e-01,-1.142934189139822726e-01,4.952512985161426906e-01,7.301177202543264189e-01,4.458631235737320897e-01,2.049816927453020909e-01,5.593702988959148303e-02
8.206451748098240184e-01,1.000000000000000000e+00,3.749286705258937924e-01,3.792962810243821759e-01,3.552594820905102257e-01,2.279984939470438843e-01,3.742072361772364464e-01,-3.742589379008509076e-01,1.158299555690694427e-01,7.486056017515935190e-01,3.039140504945149757e-01,-9.063948262472762418e-02,5.037252771218136971e-01,5.931195358142794527e-01,-1.832791558365790552e-01,7.384763198798554029e-01,2.517653382639080117e-01,8.985959288463481187e-02,-2.606517891061297526e-02,4.010498123770418477e-01,3.664042422805747212e-01,4.689276226255643110e-01,5.710579534112060207e-01,1.467545946514785538e-01,4.949812777457244239e-01,3.783549524505675499e-01,4.811719389444413797e-01,3.766986173946469951e-01,5.970621008923283624e-01,4.812238685722766696e-01,4.307883281525674568e-01,6.661054667614869640e-01,4.281377355617225211e-01,1.879633976261185432e-02,3.982379752696482700e-01,6.927835676338139903e-01,4.196707055609551484e-01,2.272623449510027538e-01,2.197440477694666550e-01
3.659858150930055953e-01,3.749286705258937924e-01,1.000000000000000000e+00,5.286757739255821820e-01,8.966932442402112402e-01,-3.709080013673558551e-01,4.037690615689524809e-01,-7.913483628158151095e-01,5.932939222012164615e-01,2.686888118953935645e-01,-2.396962278169079141e-01,4.325167321756505090e-01,4.567674433789258859e-01,6.027359364055344670e-01,3.350042404896208525e-01,2.941885776033819622e-01,-2.655033190336794080e-01,6.433148963718233748e-01,5.873495591527521098e-01,5.432803584754747339e-01,1.981172444827555279e-01,6.431876212823707251e-01,5.374075336389242397e-01,5.288083211884040402e-01,4.436658334235717427e-01,3.141745217375518373e-01,4.774549592517907115e-01,5.648326180791194417e-01,3.602623463246621416e-01,1.725472687194798682e-01,1.890297175130087881e-01,2.068498052379981467e-01,6.998036657923785153e-01,6.406426163840449606e-01,-1.039384417717359455e-01,2.464992039710189597e-01,-9.142785436225188411e-02,5.761971030113864911e-01,5.352015816603183929e-01
3.112111891094576643e-01,3.792962810243821759e-01,5.286757739255821820e-01,1.000000000000000000e+00,5.437961432201230405e-01,-2.246392070155698584e-01,7.549352026882705236e-01,-4.213743694881077473e-01,5.120781071024300690e-01,3.073704681949084860e-01,-8.457464719578915158e-02,3.914395545002523069e-01,4.665888735072212246e-01,5.919753857455974932e-01,2.660982425764710224e-01,4.266131184687921296e-01,-1.486820266051945005e-01,5.922768539982939950e-01,4.688116214905748702e-01,5.905875907950342008e-01,-1.605253370837390198e-02,4.761082311284124957e-01,4.527891352029564387e-01,5.948982982380713880e-01,3.670026613614734146e-01,2.909136434582951236e-01,4.271819993381290592e-01,4.362404962658515961e-01,5.051810196514017193e-01,2.515072544124569709e-01,1.815210038319953201e-01,1.985887354303155772e-01,5.187760853050160659e-01,5.157251077077277257e-01,-9.935006487412651605e-03,1.712795306085704572e-01,2.423657300928324862e-02,4.687974896675856096e-01,4.370520979549236129e-01
3.466113529470430388e-01,3.552594820905102257e-01,8.966932442402112402e-01,5.437961432201230405e-01,1.000000000000000000e+00,-3.206020184423337693e-01,4.410635828201574515e-01,-7.715104126431148179e-01,5.757571789193868250e-01,2.577546152991834760e-01,-2.027055568341311620e-01,4.241082409259698260e-01,4.436298710904530984e-01,5.678101199195286775e-01,3.056768330097876518e-01,2.544779341862821176e-01,-2.207565680804846886e-01,6.227044583801516486e-01,5.594001460912485513e-01,5.358964495235778447e-01,1.923483092701642749e-01,5.744116099728875380e-01,4.969610570908788438e-01,4.720267318777741083e-01,4.272998899227706260e-01,3.173735275643382314e-01,4.762414669824873159e-01,5.889154171356697498e-01,3.249886617595554861e-01,1.629727349645856693e-01,1.963663289728315997e-01,2.238668552496096420e-01,6.690415959333492202e-01,6.212481364304857090e-01,-9.419529829360220874e-02,2.716133134960890261e-01,-8.730047138875884905e-02,5.412281886810482723e-01,4.945826507012745510e-01
3.038598125783935067e-01,2.279984939470438843e-01,-3.709080013673558551e-01,-2.246392070155698584e-01,-3.206020184423337693e-01,1.000000000000000000e+00,-2.569697786839189591e-01,1.686929186412680082e-01,-7.865044241568842631e-01,3.332592389986876458e-01,8.615440260186411070e-01,-6.771327124907549067e-01,1.485698742892398450e-01,-3.617544057935977858e-02,-7.483512453446156121e-01,9.960227099213994628e-02,8.848767458845978595e-01,-7.069880840497012597e-01,-7.003500226747160218e-01,-3.922249893183735181e-01,6.290911168891467620e-01,-1.114617626386255195e-01,-4.436664222712264488e-02,-5.903788072406241927e-01,1.846009660657373097e-01,3.222778381189508878e-01,1.994218739812972027e-02,2.550477813037548835e-01,1.598413810373228994e-01,1.201714258780448574e-01,5.196579418200705236e-01,5.449281958954718119e-01,2.266722097276486353e-02,-8.043762777891265703e-01,7.722357158301537128e-01,2.346220074004744527e-01,7.012576629482230040e-01,-5.026481315773154712e-01,-6.931180330381574439e-01
2.972281733403310811e-01,3.742072361772364464e-01,4.037690615689524809e-01,7.549352026882705236e-01,4.410635828201574515e-01,-2.569697786839189591e-01,1.000000000000000000e+00,-2.715715836338501998e-01,4.530416984069642883e-01,3.282951207775920976e-01,-1.159552407616716851e-01,3.155755541787788054e-01,4.130711142917640188e-01,5.696563823768773238e-01,2.055916982893390144e-01,4.735483410001870008e-01,-2.187185080289289207e-01,4.735141113481329267e-01,4.519185063951229875e-01,6.120174403559084375e-01,-6.654661356553212559e-02,4.200861464970787607e-01,4.625319891282074769e-01,5.215088662929782126e-01,2.960641438454560403e-01,-5.644819419570231561e-03,2.274999179128726901e-01,1.893320630941546789e-01,4.327027500837535845e-01,3.408960340376811504e-01,4.739847381096679718e-02,1.360424168003832035e-01,4.007271661960306042e-01,4.278101618976097864e-01,-1.214734061415728358e-02,1.788586957636963404e-01,4.290597082901399448e-04,2.341626524374767759e-01,3.952382704525823631e-01
-3.527662412648844281e-01,-3.742589379008509076e-01,-7.913483628158151095e-01,-4.213743694881077473e-01,-7.715104126431148179e-01,1.686929186412680082e-01,-2.715715836338501998e-01,1.000000000000000000e+00,-4.176262219644312212e-01,-2.103886863561772180e-01,5.702173431580957741e-02,-3.280551851270376851e-01,-4.760968387678322089e-01,-5.148328649045167404e-01,-2.152418044445941758e-01,-1.537143202388121799e-01,7.559248288537023797e-02,-4.900942697191449926e-01,-4.061624995139025973e-01,-4.616030725511971466e-01,-2.595233697433256270e-01,-5.641115090783189734e-01,-4.501417778052246854e-01,-3.639171588240780464e-01,-4.395149873751027503e-01,-3.895981705328643852e-01,-4.133200146924734253e-01,-5.917991910505238096e-01,-3.762353307327787055e-01,-6.863979337849272777e-02,-1.585351196100517335e-01,-2.790904033597538247e-01,-5.181950843117106853e-01,-4.281415572378542977e-01,-5.001521831495635284e-02,-1.804055620615876709e-01,-6.493509394544422220e-02,-4.692784460795824120e-01,-4.021969390061315708e-01
-4.471559133407547459e-02,1.158299555690694427e-01,5.932939222012164615e-01,5.120781071024300690e-01,5.757571789193868250e-01,-7.865044241568842631e-01,4.530416984069642883e-01,-4.176262219644312212e-01,1.000000000000000000e+00,-1.054574432256052130e-01,-7.272293525255371094e-01,7.971531020321068750e-01,1.588954015528051822e-01,3.808336988841944937e-01,8.045495763639846087e-01,1.252736817588226692e-01,-7.453826360480011459e-01,8.889717899633795550e-01,7.617329794555425249e-01,6.649917099161387624e-01,-5.237073105569142184e-01,3.623142856980897109e-01,3.427092171982142887e-01,7.465748114711371342e-01,1.061165193320801892e-01,-2.306861708825893708e-03,2.738645590761002446e-01,5.916670231586398931e-02,1.966766556146608280e-01,5.443860935498831544e-02,-3.469043660533908113e-01,-2.266494924803708622e-01,2.148775951057663169e-01,9.084640485224066975e-01,-6.014135851958145595e-01,2.058445410047266000e-02,-4.600153252596773656e-01,6.756398715970134417e-01,8.384546404695371047e-01
7.982136342913056515e-01,7.486056017515935190e-01,2.686888118953935645e-01,3.073704681949084860e-01,2.577546152991834760e-01,3.332592389986876458e-01,3.282951207775920976e-01,-2.103886863561772180e-01,-1.054574432256052130e-01,1.000000000000000000e+00,4.762943941664348202e-01,-2.316175231222611097e-01,5.524170200863384173e-01,5.210485389964005787e-01,-4.073927761088797506e-01,7.529420584247060733e-01,3.726439961560030212e-01,-9.368026893894965124e-02,-5.076686824516474933e-02,2.491592879277659822e-01,5.497636958224223491e-01,4.678508814674589011e-01,5.034544051223190930e-01,5.019514084500035361e-02,5.754692862056154379e-01,3.383367045455754063e-01,4.991485476173586067e-01,4.566126897215831426e-01,5.094744173873394510e-01,6.167283082084428214e-01,6.803524212797613657e-01,7.339803481120200646e-01,5.248371902632342767e-01,-1.431522677683566558e-01,5.332713102391775095e-01,5.953050661849941250e-01,4.402349365578172025e-01,1.315341908510086477e-01,5.488678853246880401e-02
4.122324110431780930e-01,3.039140504945149757e-01,-2.396962278169079141e-01,-8.457464719578915158e-02,-2.027055568341311620e-01,8.615440260186411070e-01,-1.159552407616716851e-01,5.702173431580957741e-02,-7.272293525255371094e-01,4.762943941664348202e-01,1.000000000000000000e+00,-6.218436157250185614e-01,3.279753780212326109e-01,1.065732307985150784e-01,-7.726842083742493372e-01,1.853476772654239491e-01,8.989845369336638692e-01,-6.335139898515900203e-01,-5.877834011684978099e-01,-2.586456792645811520e-01,6.927267973130132317e-01,5.384246861267695528e-02,1.238438424660965737e-01,-5.151702254996008978e-01,3.442092725117605889e-01,3.567849683557461904e-01,1.644420979091562041e-01,3.502437826550311439e-01,2.742881991974098210e-01,2.225656389386997114e-01,6.605372343186515227e-01,6.640157967597304367e-01,2.145008606995678635e-01,-7.403244858031681197e-01,8.427089441073536413e-01,2.424565992727359953e-01,6.980649985802216406e-01,-3.626082222269786381e-01,-5.699057864698513498e-01
-2.468023423946893169e-01,-9.063948262472762418e-02,4.325167321756505090e-01,3.914395545002523069e-01,4.241082409259698260e-01,-6.771327124907549067e-01,3.155755541787788054e-01,-3.280551851270376851e-01,7.971531020321068750e-01,-2.316175231222611097e-01,-6.218436157250185614e-01,1.000000000000000000e+00,2.516025626030597984e-01,3.513216423582612991e-01,8.614727182065521349e-01,-1.952202154183305463e-02,-6.519912057421981544e-01,8.049919156150004973e-01,7.129925126872967978e-01,6.590770892847843676e-01,-5.542574659152480487e-01,4.026806383155928648e-01,2.881296591983519284e-01,7.014845655132544433e-01,1.046824708508095753e-01,5.096225593674077320e-02,2.872979311550041825e-01,5.901352979508240476e-02,2.721982255649721960e-01,-3.859228574265724521e-02,-3.742701075888181239e-01,-2.255285426478251809e-01,1.569055174548408815e-01,7.721351382486165704e-01,-5.315795842781643188e-01,-2.371323079718375693e-01,-4.095163037154590513e-01,5.442407710292148648e-01,7.361397894825093546e-01
5.122833486804183600e-01,5.037252771218136971e-01,4.567674433789258859e-01,4.665888735072212246e-01,4.436298710904530984e-01,1.485698742892398450e-01,4.130711142917640188e-01,-4.760968387678322089e-01,1.588954015528051822e-01,5.524170200863384173e-01,3.279753780212326109e-01,2.516025626030597984e-01,1.000000000000000000e+00,7.362182024272295733e-01,1.952258472176104237e-02,5.125206777638481315e-01,2.509768757328013078e-01,2.205564331855820737e-01,1.680020799660376651e-01,6.239556034788014127e-01,3.398971190646483675e-01,7.645443784078066463e-01,6.275663369078959830e-01,3.198135836140956756e-01,7.042855414480538867e-01,5.296059764254766877e-01,6.225756643198224749e-01,6.048311469262767082e-01,7.986103079716276865e-01,5.211559049567939805e-01,4.402761245272819313e-01,6.851610574727647895e-01,6.296853492528132756e-01,1.157501145534171882e-01,4.688153718623351840e-01,2.645040640054492354e-01,4.856969397845867231e-01,2.634602719929081127e-01,2.885666652016329325e-01
5.480548808734267974e-01,5.931195358142794527e-01,6.027359364055344670e-01,5.919753857455974932e-01,5.678101199195286775e-01,-3.617544057935977858e-02,5.696563823768773238e-01,-5.148328649045167404e-01,3.808336988841944937e-01,5.210485389964005787e-01,1.065732307985150784e-01,3.513216423582612991e-01,7.362182024272295733e-01,1.000000000000000000e+00,1.564004054305859481e-01,6.012842609784417869e-01,2.266249419457465678e-02,4.434182038054155783e-01,3.424225926559960609e-01,7.405423018027408322e-01,1.898445619962778885e-01,7.490310350886710822e-01,7.844201870812645971e-01,5.131686648293983799e-01,6.706293736688320184e-01,3.315931753105185731e-01,5.456356885216590014e-01,5.117313146733282192e-01,7.795509557987210236e-01,4.925555808390771895e-01,3.089470065018067868e-01,5.485103395950411409e-01,6.583168963505801052e-01,3.347285248251483103e-01,2.981851344786535796e-01,3.789908244656215452e-01,3.465569586535025559e-01,3.291740241043831228e-01,4.337193992020595412e-01
-3.586046212956807144e-01,-1.832791558365790552e-01,3.350042404896208525e-01,2.660982425764710224e-01,3.056768330097876518e-01,-7.483512453446156121e-01,2.055916982893390144e-01,-2.152418044445941758e-01,8.045495763639846087e-01,-4.073927761088797506e-01,-7.726842083742493372e-01,8.614727182065521349e-01,1.952258472176104237e-02,1.564004054305859481e-01,1.000000000000000000e+00,-1.492674143608595794e-01,-7.436855382479365950e-01,7.616696537679424894e-01,6.524754154946205142e-01,5.107466887859457572e-01,-6.621820226511866414e-01,2.118727474125808308e-01,1.166248713201255283e-01,6.349581508746072744e-01,-1.144607396405302041e-01,-2.820757400495940356e-02,1.180880507030226123e-01,-1.071204539708803249e-01,8.926648221032615349e-02,-1.900045864519871175e-01,-5.512856759471241874e-01,-4.321668813967519673e-01,-4.266894437844324928e-02,7.859635100879170944e-01,-7.075944708408800077e-01,-2.697715795074173695e-01,-5.397163825084902999e-01,5.465928724488809953e-01,6.908454692609374836e-01
7.172777141071239315e-01,7.384763198798554029e-01,2.941885776033819622e-01,4.266131184687921296e-01,2.544779341862821176e-01,9.960227099213994628e-02,4.735483410001870008e-01,-1.537143202388121799e-01,1.252736817588226692e-01,7.529420584247060733e-01,1.853476772654239491e-01,-1.952202154183305463e-02,5.125206777638481315e-01,6.012842609784417869e-01,-1.492674143608595794e-01,1.000000000000000000e+00,9.971556354911580156e-02,1.194600144224516325e-01,2.798479839736852173e-02,4.477082344397360636e-01,2.831255503656852635e-01,5.296118935248653736e-01,4.716192869974365487e-01,2.691611316112884067e-01,4.116658235858608461e-01,2.735370656194713312e-01,3.731600237823296529e-01,2.971983970513696338e-01,6.019035627594534477e-01,6.541511906352440731e-01,3.886963357411100106e-01,5.358562379656671704e-01,4.425353957995118437e-01,4.660645484208120887e-02,3.270069480073994339e-01,5.650310677294547723e-01,3.398079917256664473e-01,1.130232996023124853e-01,1.811211824052738339e-01
3.575003757455556541e-01,2.517653382639080117e-01,-2.655033190336794080e-01,-1.486820266051945005e-01,-2.207565680804846886e-01,8.848767458845978595e-01,-2.187185080289289207e-01,7.559248288537023797e-02,-7.453826360480011459e-01,3.726439961560030212e-01,8.989845369336638692e-01,-6.519912057421981544e-01,2.509768757328013078e-01,2.266249419457465678e-02,-7.436855382479365950e-01,9.971556354911580156e-02,1.000000000000000000e+00,-6.712186673803165471e-01,-6.683534485394115876e-01,-3.341327873863948472e-01,6.765098040740558094e-01,-1.742191254193388439e-02,4.414884347750194782e-02,-5.771655896735465863e-01,2.751166065212072298e-01,4.220887587584160050e-01,1.464053984505906680e-01,3.416909571289294401e-01,2.228919818227735605e-01,1.525966549311568721e-01,6.152104377751156372e-01,6.126713254711423362e-01,1.619593054397939214e-01,-7.493151635660327825e-01,7.990340731293502641e-01,2.529683217005549434e-01,6.783577310777516578e-01,-3.901021463228875330e-01,-6.442304718184876933e-01
-6.705179269186364865e-02,8.985959288463481187e-02,6.433148963718233748e-01,5.922768539982939950e-01,6.227044583801516486e-01,-7.069880840497012597e-01,4.735141113481329267e-01,-4.900942697191449926e-01,8.889717899633795550e-01,-9.368026893894965124e-02,-6.335139898515900203e-01,8.049919156150004973e-01,2.205564331855820737e-01,4.434182038054155783e-01,7.616696537679424894e-01,1.194600144224516325e-01,-6.712186673803165471e-01,1.000000000000000000e+00,8.196170197771185384e-01,6.688177751303323593e-01,-4.388701936419709959e-01,3.986858053704780969e-01,3.733277867740582012e-01,7.560757143291642057e-01,1.815222739641184913e-01,6.172597599798321233e-02,2.842097679208030470e-01,1.892405023158748034e-01,2.427613659895783704e-01,6.328186236228728820e-03,-2.602509631102724041e-01,-1.911232999210541739e-01,3.121265460420621363e-01,8.822418023063408610e-01,-5.107376106571290819e-01,-8.528943827531820787e-02,-3.788737280879183600e-01,6.498378130780230189e-01,7.758936934245190820e-01
-1.320927240403924063e-01,-2.606517891061297526e-02,5.873495591527521098e-01,4.688116214905748702e-01,5.594001460912485513e-01,-7.003500226747160218e-01,4.519185063951229875e-01,-4.061624995139025973e-01,7.617329794555425249e-01,-5.076686824516474933e-02,-5.877834011684978099e-01,7.129925126872967978e-01,1.680020799660376651e-01,3.424225926559960609e-01,6.524754154946205142e-01,2.798479839736852173e-02,-6.683534485394115876e-01,8.196170197771185384e-01,1.000000000000000000e+00,5.545095445654436572e-01,-3.749550713122493661e-01,3.252821089336837557e-01,3.002213868223330140e-01,6.770651258409932094e-01,1.617210439074464323e-01,-1.184369043507430969e-01,1.703484039827876939e-01,1.122646307195360321e-01,7.118073769295379938e-02,-3.603762514469814604e-02,-1.863420784219609327e-01,-2.231602508751446834e-01,3.113278873650890399e-01,8.116366010678534026e-01,-5.247814581645057208e-01,-2.275703013209643411e-01,-4.567086752684244022e-01,5.465353415077499610e-01,6.959856142726379424e-01
2.405908228947020167e-01,4.010498123770418477e-01,5.432803584754747339e-01,5.905875907950342008e-01,5.358964495235778447e-01,-3.922249893183735181e-01,6.120174403559084375e-01,-4.616030725511971466e-01,6.649917099161387624e-01,2.491592879277659822e-01,-2.586456792645811520e-01,6.590770892847843676e-01,6.239556034788014127e-01,7.405423018027408322e-01,5.107466887859457572e-01,4.477082344397360636e-01,-3.341327873863948472e-01,6.688177751303323593e-01,5.545095445654436572e-01,1.000000000000000000e+00,-2.274320913635320685e-01,6.773303225047292431e-01,6.557172542735199006e-01,6.892935365329809771e-01,5.039615002769717300e-01,1.329503050909493500e-01,4.224933360918871061e-01,2.220384505110075124e-01,6.870569810387054943e-01,3.600229690739177313e-01,-7.305315172389997835e-02,2.507937696861390897e-01,4.245923348382850127e-01,5.947861485985241892e-01,-4.643515135736028809e-02,1.421156408015174233e-01,7.256661666560759727e-02,4.228616216076355183e-01,7.058218487844100109e-01
5.719708645017601567e-01,3.664042422805747212e-01,1.981172444827555279e-01,-1.605253370837390198e-02,1.923483092701642749e-01,6.290911168891467620e-01,-6.654661356553212559e-02,-2.595233697433256270e-01,-5.237073105569142184e-01,5.497636958224223491e-01,6.927267973130132317e-01,-5.542574659152480487e-01,3.398971190646483675e-01,1.898445619962778885e-01,-6.621820226511866414e-01,2.831255503656852635e-01,6.765098040740558094e-01,-4.388701936419709959e-01,-3.749550713122493661e-01,-2.274320913635320685e-01,1.000000000000000000e+00,2.602065519572789865e-01,1.164863144421278279e-01,-3.443037251884563110e-01,3.415335516659271375e-01,4.331708018748861022e-01,2.382165032798836957e-01,5.844491484287835936e-01,2.204477876997738561e-01,2.374163683671660086e-01,7.004340724659415818e-01,5.825664154881001755e-01,4.614054906634781905e-01,-4.613843719276283784e-01,6.627515153710681339e-01,3.806709831934302346e-01,5.285640788681900126e-01,-1.747666291741318545e-01,-4.854661333582185878e-01
4.571057550889446319e-01,4.689276226255643110e-01,6.431876212823707251e-01,4.761082311284124957e-01,5.744116099728875380e-01,-1.114617626386255195e-01,4.200861464970787607e-01,-5.641115090783189734e-01,3.623142856980897109e-01,4.678508814674589011e-01,5.384246861267695528e-02,4.026806383155928648e-01,7.645443784078066463e-01,7.490310350886710822e-01,2.118727474125808308e-01,5.296118935248653736e-01,-1.742191254193388439e-02,3.986858053704780969e-01,3.252821089336837557e-01,6.773303225047292431e-01,2.602065519572789865e-01,1.000000000000000000e+00,6.538287821951915824e-01,5.098241493657963419e-01,5.930870461391404280e-01,4.011807943166698642e-01,5.546028966883960187e-01,5.215598507874971146e-01,7.143195223981992914e-01,4.972397129598908894e-01,2.949293158023631456e-01,5.130647990839468653e-01,6.765187766990989893e-01,3.594590495299977984e-01,2.427522233067708202e-01,2.568990658512863567e-01,2.577963363821598186e-01,3.690908119571234547e-01,4.373279183498171574e-01
4.908089450766053297e-01,5.710579534112060207e-01,5.374075336389242397e-01,4.527891352029564387e-01,4.969610570908788438e-01,-4.436664222712264488e-02,4.625319891282074769e-01,-4.501417778052246854e-01,3.427092171982142887e-01,5.034544051223190930e-01,1.238438424660965737e-01,2.881296591983519284e-01,6.275663369078959830e-01,7.844201870812645971e-01,1.166248713201255283e-01,4.716192869974365487e-01,4.414884347750194782e-02,3.733277867740582012e-01,3.002213868223330140e-01,6.557172542735199006e-01,1.164863144421278279e-01,6.538287821951915824e-01,1.000000000000000000e+00,4.029338065470081109e-01,7.369112901460570519e-01,1.897882587028063839e-01,4.939886348461500210e-01,3.381374430184746482e-01,6.296163294167330671e-01,4.598144917799202314e-01,2.560076180470968743e-01,5.310040294578144415e-01,6.148880101039378987e-01,2.827966127774206306e-01,2.996203212756567424e-01,3.636349600065214571e-01,2.871403959345713575e-01,3.267140758149134627e-01,4.844561295353460029e-01
3.035096966173330552e-02,1.467545946514785538e-01,5.288083211884040402e-01,5.948982982380713880e-01,4.720267318777741083e-01,-5.903788072406241927e-01,5.215088662929782126e-01,-3.639171588240780464e-01,7.465748114711371342e-01,5.019514084500035361e-02,-5.151702254996008978e-01,7.014845655132544433e-01,3.198135836140956756e-01,5.131686648293983799e-01,6.349581508746072744e-01,2.691611316112884067e-01,-5.771655896735465863e-01,7.560757143291642057e-01,6.770651258409932094e-01,6.892935365329809771e-01,-3.443037251884563110e-01,5.098241493657963419e-01,4.029338065470081109e-01,1.000000000000000000e+00,2.644843259513542932e-01,1.873453340231504005e-02,3.112906513414487875e-01,1.371379428690773783e-01,3.721019165215208035e-01,2.009486225936227832e-01,-1.886320894807332338e-01,-5.993052051388149393e-02,3.237485663630459976e-01,7.381873569320465123e-01,-3.399792836825179521e-01,-3.899657189981960842e-02,-2.056065735909742287e-01,5.250806482443585166e-01,7.027924619232924774e-01
4.784918753270722136e-01,4.949812777457244239e-01,4.436658334235717427e-01,3.670026613614734146e-01,4.272998899227706260e-01,1.846009660657373097e-01,2.960641438454560403e-01,-4.395149873751027503e-01,1.061165193320801892e-01,5.754692862056154379e-01,3.442092725117605889e-01,1.046824708508095753e-01,7.042855414480538867e-01,6.706293736688320184e-01,-1.144607396405302041e-01,4.116658235858608461e-01,2.751166065212072298e-01,1.815222739641184913e-01,1.617210439074464323e-01,5.039615002769717300e-01,3.415335516659271375e-01,5.930870461391404280e-01,7.369112901460570519e-01,2.644843259513542932e-01,1.000000000000000000e+00,3.388645388219855281e-01,5.675887614795271929e-01,5.128904156089704180e-01,6.287879333690253869e-01,4.520364026494438359e-01,4.828411661113165554e-01,6.513080451427841755e-01,6.130965572014225318e-01,8.755470229505235569e-02,4.988615384707782985e-01,3.132630026388600331e-01,4.871607978413365347e-01,2.097569563439331264e-01,2.600846432253995366e-01
4.324455981692363338e-01,3.783549524505675499e-01,3.141745217375518373e-01,2.909136434582951236e-01,3.173735275643382314e-01,3.222778381189508878e-01,-5.644819419570231561e-03,-3.895981705328643852e-01,-2.306861708825893708e-03,3.383367045455754063e-01,3.567849683557461904e-01,5.096225593674077320e-02,5.296059764254766877e-01,3.315931753105185731e-01,-2.820757400495940356e-02,2.735370656194713312e-01,4.220887587584160050e-01,6.172597599798321233e-02,-1.184369043507430969e-01,1.329503050909493500e-01,4.331708018748861022e-01,4.011807943166698642e-01,1.897882587028063839e-01,1.873453340231504005e-02,3.388645388219855281e-01,1.000000000000000000e+00,5.908133308293032071e-01,6.998496157811038287e-01,5.214522863428702193e-01,2.107465927517309101e-01,4.868246738292855702e-01,5.015941527199605510e-01,4.119311443748648882e-01,-2.420922263361115906e-02,3.003434083820314404e-01,3.095066178082409580e-01,3.448631918000427121e-01,3.249694837748360876e-01,-4.008007058042431514e-02
4.779661720100962241e-01,4.811719389444413797e-01,4.774549592517907115e-01,4.271819993381290592e-01,4.762414669824873159e-01,1.994218739812972027e-02,2.274999179128726901e-01,-4.133200146924734253e-01,2.738645590761002446e-01,4.991485476173586067e-01,1.644420979091562041e-01,2.872979311550041825e-01,6.225756643198224749e-01,5.456356885216590014e-01,1.180880507030226123e-01,3.731600237823296529e-01,1.464053984505906680e-01,2.842097679208030470e-01,1.703484039827876939e-01,4.224933360918871061e-01,2.382165032798836957e-01,5.546028966883960187e-01,4.939886348461500210e-01,3.112906513414487875e-01,5.675887614795271929e-01,5.908133308293032071e-01,1.000000000000000000e+00,5.826191722838904852e-01,5.834878541912205119e-01,2.282913113410517114e-01,5.344406073780080257e-01,5.512142645744299019e-01,5.394626719233927004e-01,2.482261644040833770e-01,2.057616556700841981e-01,4.063775104889210121e-01,1.788017977956901372e-01,5.311094566852861965e-01,3.807276238323270001e-01
4.781796743748407685e-01,3.766986173946469951e-01,5.648326180791194417e-01,4.362404962658515961e-01,5.889154171356697498e-01,2.550477813037548835e-01,1.893320630941546789e-01,-5.917991910505238096e-01,5.916670231586398931e-02,4.566126897215831426e-01,3.502437826550311439e-01,5.901352979508240476e-02,6.048311469262767082e-01,5.117313146733282192e-01,-1.071204539708803249e-01,2.971983970513696338e-01,3.416909571289294401e-01,1.892405023158748034e-01,1.122646307195360321e-01,2.220384505110075124e-01,5.844491484287835936e-01,5.215598507874971146e-01,3.381374430184746482e-01,1.371379428690773783e-01,5.128904156089704180e-01,6.998496157811038287e-01,5.826191722838904852e-01,1.000000000000000000e+00,4.652053334235953241e-01,2.781685230861992153e-01,6.469901242225325477e-01,4.970764882666325324e-01,6.824401286045822523e-01,1.140512080725969296e-01,3.719810807236786365e-01,3.091058358159878283e-01,3.467769212259143585e-01,3.281599955759689768e-01,1.889044541593995876e-04
5.271599780462647988e-01,5.970621008923283624e-01,3.602623463246621416e-01,5.051810196514017193e-01,3.249886617595554861e-01,1.598413810373228994e-01,4.327027500837535845e-01,-3.762353307327787055e-01,1.966766556146608280e-01,5.094744173873394510e-01,2.742881991974098210e-01,2.721982255649721960e-01,7.986103079716276865e-01,7.795509557987210236e-01,8.926648221032615349e-02,6.019035627594534477e-01,2.228919818227735605e-01,2.427613659895783704e-01,7.118073769295379938e-02,6.870569810387054943e-01,2.204477876997738561e-01,7.143195223981992914e-01,6.296163294167330671e-01,3.721019165215208035e-01,6.287879333690253869e-01,5.214522863428702193e-01,5.834878541912205119e-01,4.652053334235953241e-01,1.000000000000000000e+00,4.716985287052404274e-01,3.266125481770799643e-01,6.367128059872978474e-01,4.955241573207613826e-01,1.150493112715848254e-01,4.266827211416877597e-01,3.445594266674703032e-01,5.422785102165336157e-01,2.195059317058177251e-01,2.882871345211856506e-01
5.565759966680565718e-01,4.812238685722766696e-01,1.725472687194798682e-01,2.515072544124569709e-01,1.629727349645856693e-01,1.201714258780448574e-01,3.408960340376811504e-01,-6.863979337849272777e-02,5.443860935498831544e-02,6.167283082084428214e-01,2.225656389386997114e-01,-3.859228574265724521e-02,5.211559049567939805e-01,4.925555808390771895e-01,-1.900045864519871175e-01,6.541511906352440731e-01,1.525966549311568721e-01,6.328186236228728820e-03,-3.603762514469814604e-02,3.600229690739177313e-01,2.374163683671660086e-01,4.972397129598908894e-01,4.598144917799202314e-01,2.009486225936227832e-01,4.520364026494438359e-01,2.107465927517309101e-01,2.282913113410517114e-01,2.781685230861992153e-01,4.716985287052404274e-01,1.000000000000000000e+00,3.214996687797262997e-01,5.220151023705580373e-01,4.185479521519264723e-01,-1.078459259936820520e-02,4.110997356129925673e-01,4.691105109773318071e-01,3.783805700071412037e-01,9.585418397809586377e-02,1.393860273653681481e-01
5.719327270490363047e-01,4.307883281525674568e-01,1.890297175130087881e-01,1.815210038319953201e-01,1.963663289728315997e-01,5.196579418200705236e-01,4.739847381096679718e-02,-1.585351196100517335e-01,-3.469043660533908113e-01,6.803524212797613657e-01,6.605372343186515227e-01,-3.742701075888181239e-01,4.402761245272819313e-01,3.089470065018067868e-01,-5.512856759471241874e-01,3.886963357411100106e-01,6.152104377751156372e-01,-2.602509631102724041e-01,-1.863420784219609327e-01,-7.305315172389997835e-02,7.004340724659415818e-01,2.949293158023631456e-01,2.560076180470968743e-01,-1.886320894807332338e-01,4.828411661113165554e-01,4.868246738292855702e-01,5.344406073780080257e-01,6.469901242225325477e-01,3.266125481770799643e-01,3.214996687797262997e-01,1.000000000000000000e+00,6.509108675316098713e-01,5.721293602169975623e-01,-2.927624684847403014e-01,6.039605190300751936e-01,3.970621047955577021e-01,4.714791857361002037e-01,4.841933959009234872e-02,-2.653107047019461762e-01
6.917731503970432350e-01,6.661054667614869640e-01,2.068498052379981467e-01,1.985887354303155772e-01,2.238668552496096420e-01,5.449281958954718119e-01,1.360424168003832035e-01,-2.790904033597538247e-01,-2.266494924803708622e-01,7.339803481120200646e-01,6.640157967597304367e-01,-2.255285426478251809e-01,6.851610574727647895e-01,5.485103395950411409e-01,-4.321668813967519673e-01,5.358562379656671704e-01,6.126713254711423362e-01,-1.911232999210541739e-01,-2.231602508751446834e-01,2.507937696861390897e-01,5.825664154881001755e-01,5.130647990839468653e-01,5.310040294578144415e-01,-5.993052051388149393e-02,6.513080451427841755e-01,5.015941527199605510e-01,5.512142645744299019e-01,4.970764882666325324e-01,6.367128059872978474e-01,5.220151023705580373e-01,6.509108675316098713e-01,1.000000000000000000e+00,4.949615585488876812e-01,-2.909574836145594756e-01,7.271507063430115991e-01,5.457630791755117006e-01,7.030306872687357433e-01,4.430116213339552189e-02,-2.122112552791811935e-02
5.037103600201585651e-01,4.281377355617225211e-01,6.998036657923785153e-01,5.187760853050160659e-01,6.690415959333492202e-01,2.266722097276486353e-02,4.007271661960306042e-01,-5.181950843117106853e-01,2.148775951057663169e-01,5.248371902632342767e-01,2.145008606995678635e-01,1.569055174548408815e-01,6.296853492528132756e-01,6.583168963505801052e-01,-4.266894437844324928e-02,4.425353957995118437e-01,1.619593054397939214e-01,3.121265460420621363e-01,3.113278873650890399e-01,4.245923348382850127e-01,4.614054906634781905e-01,6.765187766990989893e-01,6.148880101039378987e-01,3.237485663630459976e-01,6.130965572014225318e-01,4.119311443748648882e-01,5.394626719233927004e-01,6.824401286045822523e-01,4.955241573207613826e-01,4.185479521519264723e-01,5.721293602169975623e-01,4.949615585488876812e-01,1.000000000000000000e+00,2.777280716593357179e-01,3.286904573326653312e-01,3.119334911669652821e-01,2.210990547413860530e-01,3.315857745718868710e-01,2.110976178205602738e-01
-1.142934189139822726e-01,1.879633976261185432e-02,6.406426163840449606e-01,5.157251077077277257e-01,6.212481364304857090e-01,-8.043762777891265703e-01,4.278101618976097864e-01,-4.281415572378542977e-01,9.084640485224066975e-01,-1.431522677683566558e-01,-7.403244858031681197e-01,7.721351382486165704e-01,1.157501145534171882e-01,3.347285248251483103e-01,7.859635100879170944e-01,4.660645484208120887e-02,-7.493151635660327825e-01,8.822418023063408610e-01,8.116366010678534026e-01,5.947861485985241892e-01,-4.613843719276283784e-01,3.594590495299977984e-01,2.827966127774206306e-01,7.381873569320465123e-01,8.755470229505235569e-02,-2.420922263361115906e-02,2.482261644040833770e-01,1.140512080725969296e-01,1.150493112715848254e-01,-1.078459259936820520e-02,-2.927624684847403014e-01,-2.909574836145594756e-01,2.777280716593357179e-01,1.000000000000000000e+00,-6.326398480123570645e-01,-6.523278536843730990e-02,-5.231281914651511045e-01,6.695989256210779228e-01,7.800907067337372602e-01
4.952512985161426906e-01,3.982379752696482700e-01,-1.039384417717359455e-01,-9.935006487412651605e-03,-9.419529829360220874e-02,7.722357158301537128e-01,-1.214734061415728358e-02,-5.001521831495635284e-02,-6.014135851958145595e-01,5.332713102391775095e-01,8.427089441073536413e-01,-5.315795842781643188e-01,4.688153718623351840e-01,2.981851344786535796e-01,-7.075944708408800077e-01,3.270069480073994339e-01,7.990340731293502641e-01,-5.107376106571290819e-01,-5.247814581645057208e-01,-4.643515135736028809e-02,6.627515153710681339e-01,2.427522233067708202e-01,2.996203212756567424e-01,-3.399792836825179521e-01,4.988615384707782985e-01,3.003434083820314404e-01,2.057616556700841981e-01,3.719810807236786365e-01,4.266827211416877597e-01,4.110997356129925673e-01,6.039605190300751936e-01,7.271507063430115991e-01,3.286904573326653312e-01,-6.326398480123570645e-01,1.000000000000000000e+00,3.346419470787403427e-01,8.175943780224127488e-01,-3.584875057877969229e-01,-4.270053863880736156e-01
7.301177202543264189e-01,6.927835676338139903e-01,2.464992039710189597e-01,1.712795306085704572e-01,2.716133134960890261e-01,2.346220074004744527e-01,1.788586957636963404e-01,-1.804055620615876709e-01,2.058445410047266000e-02,5.953050661849941250e-01,2.424565992727359953e-01,-2.371323079718375693e-01,2.645040640054492354e-01,3.789908244656215452e-01,-2.697715795074173695e-01,5.650310677294547723e-01,2.529683217005549434e-01,-8.528943827531820787e-02,-2.275703013209643411e-01,1.421156408015174233e-01,3.806709831934302346e-01,2.568990658512863567e-01,3.636349600065214571e-01,-3.899657189981960842e-02,3.132630026388600331e-01,3.095066178082409580e-01,4.063775104889210121e-01,3.091058358159878283e-01,3.445594266674703032e-01,4.691105109773318071e-01,3.970621047955577021e-01,5.457630791755117006e-01,3.119334911669652821e-01,-6.523278536843730990e-02,3.346419470787403427e-01,1.000000000000000000e+00,3.576937373280081878e-01,1.634727905625419919e-01,6.179071914429998952e-02
4.458631235737320897e-01,4.196707055609551484e-01,-9.142785436225188411e-02,2.423657300928324862e-02,-8.730047138875884905e-02,7.012576629482230040e-01,4.290597082901399448e-04,-6.493509394544422220e-02,-4.600153252596773656e-01,4.402349365578172025e-01,6.980649985802216406e-01,-4.095163037154590513e-01,4.856969397845867231e-01,3.465569586535025559e-01,-5.397163825084902999e-01,3.398079917256664473e-01,6.783577310777516578e-01,-3.788737280879183600e-01,-4.567086752684244022e-01,7.256661666560759727e-02,5.285640788681900126e-01,2.577963363821598186e-01,2.871403959345713575e-01,-2.056065735909742287e-01,4.871607978413365347e-01,3.448631918000427121e-01,1.788017977956901372e-01,3.467769212259143585e-01,5.422785102165336157e-01,3.783805700071412037e-01,4.714791857361002037e-01,7.030306872687357433e-01,2.210990547413860530e-01,-5.231281914651511045e-01,8.175943780224127488e-01,3.576937373280081878e-01,1.000000000000000000e+00,-3.277300474916814976e-01,-3.338554044223703832e-01
2.049816927453020909e-01,2.272623449510027538e-01,5.761971030113864911e-01,4.687974896675856096e-01,5.412281886810482723e-01,-5.026481315773154712e-01,2.341626524374767759e-01,-4.692784460795824120e-01,6.756398715970134417e-01,1.315341908510086477e-01,-3.626082222269786381e-01,5.442407710292148648e-01,2.634602719929081127e-01,3.291740241043831228e-01,5.465928724488809953e-01,1.130232996023124853e-01,-3.901021463228875330e-01,6.498378130780230189e-01,5.465353415077499610e-01,4.228616216076355183e-01,-1.747666291741318545e-01,3.690908119571234547e-01,3.267140758149134627e-01,5.250806482443585166e-01,2.097569563439331264e-01,3.249694837748360876e-01,5.311094566852861965e-01,3.281599955759689768e-01,2.195059317058177251e-01,9.585418397809586377e-02,4.841933959009234872e-02,4.430116213339552189e-02,3.315857745718868710e-01,6.695989256210779228e-01,-3.584875057877969229e-01,1.634727905625419919e-01,-3.277300474916814976e-01,1.000000000000000000e+00,7.155637323293742025e-01
5.593702988959148303e-02,2.197440477694666550e-01,5.352015816603183929e-01,4.370520979549236129e-01,4.945826507012745510e-01,-6.931180330381574439e-01,3.952382704525823631e-01,-4.021969390061315708e-01,8.384546404695371047e-01,5.488678853246880401e-02,-5.699057864698513498e-01,7.361397894825093546e-01,2.885666652016329325e-01,4.337193992020595412e-01,6.908454692609374836e-01,1.811211824052738339e-01,-6.442304718184876933e-01,7.758936934245190820e-01,6.959856142726379424e-01,7.058218487844100109e-01,-4.854661333582185878e-01,4.373279183498171574e-01,4.844561295353460029e-01,7.027924619232924774e-01,2.600846432253995366e-01,-4.008007058042431514e-02,3.807276238323270001e-01,1.889044541593995876e-04,2.882871345211856506e-01,1.393860273653681481e-01,-2.653107047019461762e-01,-2.122112552791811935e-02,2.110976178205602738e-01,7.800907067337372602e-01,-4.270053863880736156e-01,6.179071914429998952e-02,-3.338554044223703832e-01,7.155637323293742025e-01,1.000000000000000000e+00
