1.000000000000000000e+00,4.498256443711589614e-01,2.553974843634960745e-01,-1.721099006742744242e-01,3.577102725709391806e-01,-5.571765552967642560e-02,-4.531922847768887069e-02,-2.674011405936692620e-01,5.944120348118357988e-01,5.832817807864343340e-01,1.184230220695589725e-01,1.354083516143310753e-02,-1.556222714302462305e-02,1.004620142805273952e-01,1.444468518584767769e-01,7.285023640933685485e-01,1.137972570108370524e-01,3.704681237341760774e-02,2.237748285786531413e-02,-2.081999971245043490e-01,1.789087533286960185e-01,2.290642124312251490e-02,6.319076833183215891e-01,8.265315838748548555e-03,4.763112784402553923e-01,4.727147350077460231e-01,1.076822842454097512e-01,-1.998320044755118596e-01,3.575664183502108018e-01,-1.745051879705065978e-01,-1.006717803261711758e-01,1.164037587094723658e-01,9.511413720330745558e-02,4.635744532720184052e-01,3.528886472167009347e-01,6.695056709706405096e-01,3.197114876109013459e-01,6.695571114363904064e-01,5.781599892051103584e-01
4.498256443711589614e-01,1.000000000000000000e+00,5.040428460446206849e-01,3.595874854279147437e-01,3.196932784550711171e-01,3.929632543707429759e-01,5.909985525881387147e-01,-5.454356538762943352e-01,5.863384539878797597e-01,7.079195288098640848e-01,6.305176326081549654e-01,4.229811071594193894e-01,6.882022874036950455e-01,6.639361901504443608e-01,-1.386710093370976948e-01,1.129761462111386616e-01,2.703884111096467868e-01,6.761677049210020884e-01,6.579516202658968194e-01,5.106663505758679555e-02,3.655936206721446813e-01,5.798013704048201600e-01,2.432045402196226364e-02,3.853075430326411976e-01,5.718211813081964801e-01,2.586328957410182205e-01,7.784225034256713194e-01,-1.339442079714944778e-01,8.530285120526465148e-02,-2.833663028463627720e-01,6.646926295648579730e-01,7.125969697085331456e-01,2.454762805855712493e-01,3.688315839848550493e-01,6.000871844919452025e-01,2.864228456532316169e-01,7.221572183564185510e-01,4.257778141783481740e-02,8.122217525812046590e-01
2.553974843634960745e-01,5.040428460446206849e-01,1.000000000000000000e+00,9.851219308613881620e-02,7.520282951350879541e-01,5.190839584996393974e-01,4.367558170584788235e-01,-9.361177210347852995e-01,6.747452387027289555e-01,3.128001368557632444e-01,7.084249098200791073e-01,1.654778150109388057e-01,3.999278631610469481e-01,7.754374868729158043e-01,-2.645518150522453427e-01,4.008939452007967419e-02,4.504648201423246401e-01,6.677353312140036357e-01,4.863014505951714916e-01,3.153647150098727314e-01,8.185893934045089804e-01,7.251311616931869208e-01,2.676873048068039163e-01,5.556031953093147902e-01,6.105586792259004580e-01,5.217968387562780253e-01,6.393540014607839161e-01,3.177446262451435466e-01,4.250366547195954525e-01,-4.954624003254378684e-01,5.790092427192482516e-01,5.539473884005956528e-01,8.146873852981242337e-01,4.518930283299006923e-01,6.181466085169825542e-01,4.833506308157453635e-01,6.270859805727543312e-01,-8.985719179760978670e-02,5.139964573800643866e-01
-1.721099006742744242e-01,3.595874854279147437e-01,9.851219308613881620e-02,1.000000000000000000e+00,-4.996518410001892820e-03,3.845974291563670350e-02,3.532408263804356907e-01,-1.257750262952319897e-01,-1.823708623872493219e-03,1.669881819099550690e-01,2.319035567105743600e-01,2.137250408172094440e-01,4.937480974499313668e-01,2.917545361597625453e-01,-4.399569316195312552e-01,-3.721315074975707349e-01,-1.417252526007660163e-01,4.114903261997203132e-01,3.868784583081428252e-01,2.944943441221316294e-02,5.685436851458711832e-02,3.128225565238888506e-01,-2.632940720687941272e-01,1.039214156486381324e-01,2.199927529196836484e-01,-2.339597161119597313e-01,3.908409112879228653e-01,-3.538436561369586175e-01,-3.202469906149271739e-01,-5.648732142642903103e-02,3.407571782996601795e-01,2.818802439376426050e-01,8.519502494932527231e-03,-8.292987986276481593e-02,2.459464874021720648e-01,-3.161463200765632364e-01,3.198219827140110771e-01,-3.796147718163131457e-01,1.709817136718539965e-01
3.577102725709391806e-01,3.196932784550711171e-01,7.520282951350879541e-01,-4.996518410001892820e-03,1.000000000000000000e+00,3.280447335804796971e-01,2.516319592245159220e-01,-7.227146243296823647e-01,7.054663900417863509e-01,4.097040211041318436e-01,5.998618875687800056e-01,-2.946542512042445161e-02,1.164546645368598060e-01,5.684208225729120434e-01,-2.574934023570495945e-01,2.663078218326673796e-01,4.141720661600337139e-01,4.675686821528762249e-01,2.249065252027701856e-01,1.350358673558797462e-01,5.240848479741585519e-01,4.004830756501887024e-01,5.781152912281209977e-01,5.539697710845991052e-01,7.666729863739126793e-01,6.673161360835366818e-01,4.085274647229667488e-01,3.012045092447764305e-01,5.115565894477632769e-01,-5.150429816163242247e-01,3.502824081348331897e-01,3.857134143348343591e-01,7.196273919305768985e-01,3.096499173293590923e-01,5.233330510612006492e-01,6.171785009020803736e-01,4.852193145540681374e-01,8.116591931872695065e-02,4.749809290120708405e-01
-5.571765552967642560e-02,3.929632543707429759e-01,5.190839584996393974e-01,3.845974291563670350e-02,3.280447335804796971e-01,1.000000000000000000e+00,4.176869722673041685e-01,-5.186868041098611215e-01,3.009220774779936547e-01,2.064456044360958586e-01,6.447012475765883099e-01,5.633078786094027068e-02,3.042095065624666472e-01,6.246443810916958439e-01,-4.023431799390058683e-01,-1.603117030229163908e-01,5.446679358488281109e-01,5.539629792891613835e-01,3.875048321269597418e-01,2.774887351815057968e-01,3.716374677498054391e-01,4.950516614954117989e-01,-1.269430501115548747e-02,6.283921555619745858e-01,3.338202174747933459e-01,3.048954747254212228e-01,5.376886669518244899e-01,5.362054261726552085e-01,3.516787885542947412e-01,-4.572521368634352434e-01,6.516387242005040603e-01,5.931402141271636674e-01,4.539255489248562592e-01,3.171551389369068469e-02,4.234317252107048235e-01,1.853164252274231150e-01,4.858481606976057798e-01,-3.364225590059242155e-01,2.747118115213905143e-01
-4.531922847768887069e-02,5.909985525881387147e-01,4.367558170584788235e-01,3.532408263804356907e-01,2.516319592245159220e-01,4.176869722673041685e-01,1.000000000000000000e+00,-4.506799909164870277e-01,2.990725532294278288e-01,2.983761071633049267e-01,6.367503361792592464e-01,1.684362561412765247e-01,6.964551757421901801e-01,6.340239657860170519e-01,-2.101524941041597871e-01,-2.853123764955847186e-01,2.087411630449305666e-01,6.555193517691048077e-01,6.320664307998002940e-01,2.137391051816432130e-01,3.720507773236154114e-01,6.296828545271571098e-01,-2.812101012092213526e-01,4.643858580950477322e-01,3.149130556007289083e-01,9.394185108015570829e-02,7.024747186967852386e-01,8.629107811486932955e-02,-4.230140649788724505e-02,-2.375387843005043742e-01,7.004421920041544736e-01,5.905137849676624917e-01,3.071206067806889206e-01,1.971232735909599909e-01,4.091337245920422250e-01,-4.360378657121653095e-02,5.150447975360836761e-01,-2.535313556935032686e-01,4.618261479942260550e-01
-2.674011405936692620e-01,-5.454356538762943352e-01,-9.361177210347852995e-01,-1.257750262952319897e-01,-7.227146243296823647e-01,-5.186868041098611215e-01,-4.506799909164870277e-01,1.000000000000000000e+00,-6.666762500339920017e-01,-3.289353392318036251e-01,-7.173394744140957346e-01,-1.972601344182724481e-01,-4.274795109718892427e-01,-7.916080418107830363e-01,2.629484714626389441e-01,-3.333279599386505809e-02,-4.515067196500032187e-01,-6.830607245056635746e-01,-5.174100880435805738e-01,-3.042159442901806177e-01,-8.142584137071154915e-01,-7.303864811171928428e-01,-2.421802578442337484e-01,-5.569834875271622021e-01,-6.082010015137435666e-01,-5.188126563541093361e-01,-6.615679848934594709e-01,-2.869127854803723565e-01,-4.063889419705269956e-01,4.900439372650288172e-01,-5.932793544884055192e-01,-5.726887777329986440e-01,-7.951541247373307142e-01,-4.456466554267495273e-01,-6.332366480717382951e-01,-4.689125956180022481e-01,-6.547466073528982466e-01,1.004151509999021280e-01,-5.382807388075974142e-01
5.944120348118357988e-01,5.863384539878797597e-01,6.747452387027289555e-01,-1.823708623872493219e-03,7.054663900417863509e-01,3.009220774779936547e-01,2.990725532294278288e-01,-6.666762500339920017e-01,1.000000000000000000e+00,6.391644578818058697e-01,5.433575643010150058e-01,1.399705268702426397e-01,2.157247011583582619e-01,5.362050259534706376e-01,-2.444898680216022607e-02,4.336809860119267279e-01,3.897125453920240457e-01,4.465801638799193340e-01,3.677660768366147748e-01,5.278467981296818684e-02,4.249057268226144601e-01,3.752613628049897843e-01,4.525122735453201983e-01,3.176012003066082112e-01,6.609567761285828347e-01,4.921409809448933914e-01,4.704122585810963098e-01,2.476144137364669900e-02,4.059421980806512953e-01,-3.187895731690631451e-01,3.677353733844966888e-01,4.678432794394998262e-01,4.679196161498616613e-01,6.269524918587301432e-01,5.012826810735536709e-01,6.700902504131244219e-01,5.228832317545776265e-01,3.388286887108614143e-01,7.462700875247396670e-01
5.832817807864343340e-01,7.079195288098640848e-01,3.128001368557632444e-01,1.669881819099550690e-01,4.097040211041318436e-01,2.064456044360958586e-01,2.983761071633049267e-01,-3.289353392318036251e-01,6.391644578818058697e-01,1.000000000000000000e+00,4.294166063008486578e-01,2.030084025829481942e-01,2.667038183428984133e-01,3.384792128779217646e-01,-7.531907866849207878e-02,5.291619537715305244e-01,2.393432010169914970e-01,3.861094728257252751e-01,3.166629771509484326e-01,-1.605006012810023808e-01,6.371406906709940754e-02,1.859067305006089077e-01,3.877510163930388831e-01,2.025522117173352565e-01,6.739353595557266985e-01,2.699106680222810861e-01,4.031943587644483129e-01,-2.173539540639053969e-01,1.116170778002866376e-01,-2.039982171501830421e-01,3.249319818989740427e-01,4.588836455753660393e-01,7.392110820506180013e-02,3.440482011142962371e-01,3.751032474403542816e-01,4.532237807969744514e-01,4.594330044192406759e-01,3.298046627534954034e-01,7.539464698952252908e-01
1.184230220695589725e-01,6.305176326081549654e-01,7.084249098200791073e-01,2.319035567105743600e-01,5.998618875687800056e-01,6.447012475765883099e-01,6.367503361792592464e-01,-7.173394744140957346e-01,5.433575643010150058e-01,4.294166063008486578e-01,1.000000000000000000e+00,2.194986824879162080e-01,5.674930009924559204e-01,8.373463147461520650e-01,-3.615943267446386500e-01,-1.447391929366372565e-01,4.987702950969155058e-01,7.788927593006258476e-01,5.961153759832567012e-01,2.835364990974725274e-01,5.493134045668552901e-01,6.739395321451837617e-01,4.306593104673404893e-02,7.355525827828321983e-01,6.218941759668072944e-01,4.626269361419387272e-01,7.973176278995542932e-01,2.787601164331723336e-01,2.638164331452294564e-01,-4.573670468963799696e-01,7.993058839443630825e-01,7.405947797659596654e-01,6.011022656412065013e-01,2.458721808671539832e-01,6.548061093804546928e-01,2.662365540595834634e-01,7.035991973045065961e-01,-2.844517679655464426e-01,5.707464981285621519e-01
1.354083516143310753e-02,4.229811071594193894e-01,1.654778150109388057e-01,2.137250408172094440e-01,-2.946542512042445161e-02,5.633078786094027068e-02,1.684362561412765247e-01,-1.972601344182724481e-01,1.399705268702426397e-01,2.030084025829481942e-01,2.194986824879162080e-01,1.000000000000000000e+00,4.620399514469579194e-01,3.219999395545323218e-01,4.245111243516243305e-02,-1.730439902549570086e-01,1.081942221611686961e-01,3.284968237978144190e-01,2.651945766037870356e-01,2.695233777574009698e-02,1.525314934240177001e-01,3.210712038179148742e-01,-2.251126388963045899e-01,5.997180704557488612e-02,6.969954305390543836e-02,-3.835403971459152433e-02,4.351943602999189253e-01,-5.554033882575740849e-02,-1.952943645650029314e-01,9.427521031761917913e-02,3.945877399378185379e-01,3.566281548619695263e-01,5.576144889254133763e-02,1.720868214589222345e-01,1.692250735542546736e-01,-6.806192045468616170e-02,2.225770633207414251e-01,-1.204821661300101571e-01,3.098420910073945711e-01
-1.556222714302462305e-02,6.882022874036950455e-01,3.999278631610469481e-01,4.937480974499313668e-01,1.164546645368598060e-01,3.042095065624666472e-01,6.964551757421901801e-01,-4.274795109718892427e-01,2.157247011583582619e-01,2.667038183428984133e-01,5.674930009924559204e-01,4.620399514469579194e-01,1.000000000000000000e+00,6.422233756270604443e-01,-1.838182789585314780e-01,-3.693326127575857765e-01,7.798500245848069556e-02,6.882655873957596038e-01,7.254849932069521445e-01,2.885834075034043322e-01,4.424694394564509525e-01,7.461045638079000231e-01,-3.850508457717718436e-01,3.844404573158539118e-01,2.556401677046245546e-01,-1.035297636631083394e-02,7.735402227852719026e-01,-7.628893680452007720e-02,-2.045596222427764899e-01,-1.204092255011470214e-01,6.969836231983812525e-01,5.636223762528694836e-01,2.456776341113129924e-01,2.049191790451072026e-01,4.807674607551445378e-01,-1.755954399401989385e-01,5.695779149674025099e-01,-2.732471538564570368e-01,5.077000012241911220e-01
1.004620142805273952e-01,6.639361901504443608e-01,7.754374868729158043e-01,2.917545361597625453e-01,5.684208225729120434e-01,6.246443810916958439e-01,6.340239657860170519e-01,-7.916080418107830363e-01,5.362050259534706376e-01,3.384792128779217646e-01,8.373463147461520650e-01,3.219999395545323218e-01,6.422233756270604443e-01,1.000000000000000000e+00,-3.093838286789733494e-01,-2.423715147177870066e-01,4.415064784907027362e-01,8.198868980277084217e-01,6.552231904568358578e-01,3.035215127631055720e-01,6.317145254477173344e-01,7.579569754125605741e-01,1.795287810056490430e-03,7.392394178285202067e-01,5.955310175814588769e-01,4.485448447680727702e-01,8.568547041575236278e-01,2.832991281763259650e-01,3.001061313367902050e-01,-4.773538295179939328e-01,8.168338972065545267e-01,7.706864458339429680e-01,6.893180990882286086e-01,2.840365964866421455e-01,7.202999288629765573e-01,2.420284931710933174e-01,7.790740649280480934e-01,-3.424996064006245455e-01,5.395972843741536629e-01
1.444468518584767769e-01,-1.386710093370976948e-01,-2.645518150522453427e-01,-4.399569316195312552e-01,-2.574934023570495945e-01,-4.023431799390058683e-01,-2.101524941041597871e-01,2.629484714626389441e-01,-2.444898680216022607e-02,-7.531907866849207878e-02,-3.615943267446386500e-01,4.245111243516243305e-02,-1.838182789585314780e-01,-3.093838286789733494e-01,1.000000000000000000e+00,2.084739263833233769e-01,-2.035774094069232043e-01,-4.522240594716950834e-01,-1.499917595697596862e-01,-9.643881734334197597e-02,-2.172660875051109497e-01,-2.785448566547302218e-01,-2.749038960978597915e-02,-3.967434437064346064e-01,-2.731634493212712900e-01,-1.491715132652584319e-01,-3.048365788765547424e-01,-2.291958820057051482e-01,-3.132168699914834875e-02,4.082273868583379262e-01,-3.717630520963092766e-01,-2.555304121650369131e-01,-3.010801626320196989e-01,2.729670649578607167e-01,-3.206687904331648187e-01,5.732608040768231300e-02,-2.710823424194144238e-01,4.601779535201862004e-01,8.684468318103405471e-03
7.285023640933685485e-01,1.129761462111386616e-01,4.008939452007967419e-02,-3.721315074975707349e-01,2.663078218326673796e-01,-1.603117030229163908e-01,-2.853123764955847186e-01,-3.333279599386505809e-02,4.336809860119267279e-01,5.291619537715305244e-01,-1.447391929366372565e-01,-1.730439902549570086e-01,-3.693326127575857765e-01,-2.423715147177870066e-01,2.084739263833233769e-01,1.000000000000000000e+00,1.530165757108054581e-01,-2.375903371265108976e-01,-2.656226262998577226e-01,-2.276096116004417136e-01,-6.791335947469644141e-02,-2.806249355965138026e-01,7.197730641432373844e-01,-1.864073682072450444e-01,3.038193062944175571e-01,3.215059980672190232e-01,-2.758530351000643699e-01,-9.227100014969134845e-02,3.284436198432147402e-01,-4.763209122875020768e-02,-3.630315717746371296e-01,-1.247945125896146590e-01,-6.463686896677049709e-02,3.217936258418770401e-01,-3.531506708648021048e-02,6.862661569740271528e-01,-3.645149980431704184e-02,7.280424935753613269e-01,3.334160081236373641e-01
1.137972570108370524e-01,2.703884111096467868e-01,4.504648201423246401e-01,-1.417252526007660163e-01,4.141720661600337139e-01,5.446679358488281109e-01,2.087411630449305666e-01,-4.515067196500032187e-01,3.897125453920240457e-01,2.393432010169914970e-01,4.987702950969155058e-01,1.081942221611686961e-01,7.798500245848069556e-02,4.415064784907027362e-01,-2.035774094069232043e-01,1.530165757108054581e-01,1.000000000000000000e+00,4.279647443544533636e-01,2.125073443025054798e-01,1.805541230228034089e-01,3.261682002779391909e-01,2.648041960309358012e-01,2.605120413329190532e-01,4.952260191522974142e-01,2.938987510921688417e-01,5.152102252503298896e-01,3.279604017992038267e-01,5.761806927769771436e-01,5.528845951762189070e-01,-3.373160895331577258e-01,4.278263779468314820e-01,5.378635974735523906e-01,4.140647587096563109e-01,8.142110522185131110e-05,2.600366496028369556e-01,4.360877109824726205e-01,3.352556998351140516e-01,-9.003885754793772289e-02,3.256179088340114824e-01
3.704681237341760774e-02,6.761677049210020884e-01,6.677353312140036357e-01,4.114903261997203132e-01,4.675686821528762249e-01,5.539629792891613835e-01,6.555193517691048077e-01,-6.830607245056635746e-01,4.465801638799193340e-01,3.861094728257252751e-01,7.788927593006258476e-01,3.284968237978144190e-01,6.882655873957596038e-01,8.198868980277084217e-01,-4.522240594716950834e-01,-2.375903371265108976e-01,4.279647443544533636e-01,1.000000000000000000e+00,7.352441445628314920e-01,2.376519232849780283e-01,5.773576175221855067e-01,7.420480253457141240e-01,-6.891031388810868463e-02,6.555007061985343997e-01,5.216633265408039399e-01,3.434300926045966706e-01,8.294791489724444578e-01,2.339905366291689104e-01,1.616952807406077941e-01,-4.063466931565034024e-01,8.328000094632842520e-01,7.480602494498236332e-01,5.647223570223776079e-01,1.453615753785598708e-01,6.375458936989060188e-01,1.414653548242835734e-01,7.147462186378703564e-01,-4.033249774006347765e-01,5.336631341055695366e-01
2.237748285786531413e-02,6.579516202658968194e-01,4.863014505951714916e-01,3.868784583081428252e-01,2.249065252027701856e-01,3.875048321269597418e-01,6.320664307998002940e-01,-5.174100880435805738e-01,3.677660768366147748e-01,3.166629771509484326e-01,5.961153759832567012e-01,2.651945766037870356e-01,7.254849932069521445e-01,6.552231904568358578e-01,-1.499917595697596862e-01,-2.656226262998577226e-01,2.125073443025054798e-01,7.352441445628314920e-01,1.000000000000000000e+00,2.557894936292050558e-01,4.735080453635189257e-01,6.755140377796540196e-01,-2.599660489571196109e-01,4.249129416943439597e-01,3.047493559789105078e-01,9.307171351554363592e-02,7.322769194315722485e-01,-2.590969016217475104e-03,-2.217098759284233823e-03,-1.808473571251640877e-01,7.096314753317515267e-01,6.314921482907774886e-01,3.028415283092799060e-01,2.208574440905438918e-01,5.148263178483627467e-01,-7.019110963255616176e-03,6.137325667296252840e-01,-2.348421561531669199e-01,5.366605920142469843e-01
-2.081999971245043490e-01,5.106663505758679555e-02,3.153647150098727314e-01,2.944943441221316294e-02,1.350358673558797462e-01,2.774887351815057968e-01,2.137391051816432130e-01,-3.042159442901806177e-01,5.278467981296818684e-02,-1.605006012810023808e-01,2.835364990974725274e-01,2.695233777574009698e-02,2.885834075034043322e-01,3.035215127631055720e-01,-9.643881734334197597e-02,-2.276096116004417136e-01,1.805541230228034089e-01,2.376519232849780283e-01,2.557894936292050558e-01,1.000000000000000000e+00,3.567556723480071468e-01,4.213444084640499132e-01,-1.921610312684599031e-01,1.939733481976468332e-01,-2.819239126497074394e-02,3.683415376099177102e-02,2.179025395866475978e-01,3.091974158607816436e-01,4.242764281362990109e-02,-1.320805335530026714e-01,2.567127038102191561e-01,1.725576354489662123e-01,2.486484617490885562e-01,1.648767346970353431e-01,5.456695003871873256e-02,-1.473848691496837046e-02,5.923915571801201263e-02,-1.512431203624108322e-01,6.721052885868734894e-02
1.789087533286960185e-01,3.655936206721446813e-01,8.185893934045089804e-01,5.685436851458711832e-02,5.240848479741585519e-01,3.716374677498054391e-01,3.720507773236154114e-01,-8.142584137071154915e-01,4.249057268226144601e-01,6.371406906709940754e-02,5.493134045668552901e-01,1.525314934240177001e-01,4.424694394564509525e-01,6.317145254477173344e-01,-2.172660875051109497e-01,-6.791335947469644141e-02,3.261682002779391909e-01,5.773576175221855067e-01,4.735080453635189257e-01,3.567556723480071468e-01,1.000000000000000000e+00,7.848467649329098350e-01,1.125927515360256592e-01,4.317262915578090055e-01,3.340659387049625950e-01,3.766599338261296670e-01,5.350430861581622066e-01,3.011285966368045797e-01,2.530431341307652349e-01,-3.513103696173800472e-01,4.705859990018183558e-01,3.641080507620049200e-01,7.378671242650800544e-01,3.710586946860028323e-01,5.142192083581325068e-01,3.093950607167284539e-01,4.919989636726744830e-01,-9.417437052792854146e-02,3.440019249724568517e-01
2.290642124312251490e-02,5.798013704048201600e-01,7.251311616931869208e-01,3.128225565238888506e-01,4.004830756501887024e-01,4.950516614954117989e-01,6.296828545271571098e-01,-7.303864811171928428e-01,3.752613628049897843e-01,1.859067305006089077e-01,6.739395321451837617e-01,3.210712038179148742e-01,7.461045638079000231e-01,7.579569754125605741e-01,-2.785448566547302218e-01,-2.806249355965138026e-01,2.648041960309358012e-01,7.420480253457141240e-01,6.755140377796540196e-01,4.213444084640499132e-01,7.848467649329098350e-01,1.000000000000000000e+00,-1.624160088175327921e-01,5.080900272127132355e-01,3.464724806803072266e-01,1.948651033377116482e-01,7.642711049645813937e-01,2.343581563325398964e-01,2.980687827581594840e-02,-3.631054465248756413e-01,7.156481914536718669e-01,5.622098945553611893e-01,5.925306775107803681e-01,3.150885592249242917e-01,5.481832182731612990e-01,8.671434583193418644e-02,5.888335243938198627e-01,-2.728546003668729791e-01,4.707597065025108662e-01
6.319076833183215891e-01,2.432045402196226364e-02,2.676873048068039163e-01,-2.632940720687941272e-01,5.781152912281209977e-01,-1.269430501115548747e-02,-2.812101012092213526e-01,-2.421802578442337484e-01,4.525122735453201983e-01,3.877510163930388831e-01,4.306593104673404893e-02,-2.251126388963045899e-01,-3.850508457717718436e-01,1.795287810056490430e-03,-2.749038960978597915e-02,7.197730641432373844e-01,2.605120413329190532e-01,-6.891031388810868463e-02,-2.599660489571196109e-01,-1.921610312684599031e-01,1.125927515360256592e-01,-1.624160088175327921e-01,1.000000000000000000e+00,1.485626316088445587e-01,5.742655176380992987e-01,6.315267229450105546e-01,-1.432439632806634389e-01,1.205325929280767483e-01,5.616390076868582604e-01,-3.223719232545387836e-01,-2.468192933064757288e-01,-7.644840767495379719e-03,2.836921050044098336e-01,1.632265582351735134e-01,2.226520320974578748e-01,7.358320535693986253e-01,1.538577618467877606e-01,4.692846052420410752e-01,2.228409416154273071e-01
8.265315838748548555e-03,3.853075430326411976e-01,5.556031953093147902e-01,1.039214156486381324e-01,5.539697710845991052e-01,6.283921555619745858e-01,4.643858580950477322e-01,-5.569834875271622021e-01,3.176012003066082112e-01,2.025522117173352565e-01,7.355525827828321983e-01,5.997180704557488612e-02,3.844404573158539118e-01,7.392394178285202067e-01,-3.967434437064346064e-01,-1.864073682072450444e-01,4.952260191522974142e-01,6.555007061985343997e-01,4.249129416943439597e-01,1.939733481976468332e-01,4.317262915578090055e-01,5.080900272127132355e-01,1.485626316088445587e-01,1.000000000000000000e+00,5.663296149967189663e-01,6.173060356912769553e-01,6.459678155670114386e-01,5.161747714089133243e-01,4.672615810325701502e-01,-5.160029995674296766e-01,6.702058235854040369e-01,6.511872397158335879e-01,6.492082451714455971e-01,-4.345070014501971334e-02,6.646672687771771892e-01,2.492031337555136450e-01,6.757684395277643308e-01,-3.964756131080376389e-01,2.867308301636478096e-01
4.763112784402553923e-01,5.718211813081964801e-01,6.105586792259004580e-01,2.199927529196836484e-01,7.666729863739126793e-01,3.338202174747933459e-01,3.149130556007289083e-01,-6.082010015137435666e-01,6.609567761285828347e-01,6.739353595557266985e-01,6.218941759668072944e-01,6.969954305390543836e-02,2.556401677046245546e-01,5.955310175814588769e-01,-2.731634493212712900e-01,3.038193062944175571e-01,2.938987510921688417e-01,5.216633265408039399e-01,3.047493559789105078e-01,-2.819239126497074394e-02,3.340659387049625950e-01,3.464724806803072266e-01,5.742655176380992987e-01,5.663296149967189663e-01,1.000000000000000000e+00,6.076266551309578157e-01,5.287666998719759981e-01,3.183847723924166512e-02,3.805663816253759268e-01,-4.881248679738174334e-01,4.151961449264633952e-01,5.223915445934719237e-01,5.245321293490212700e-01,2.821839810967072260e-01,6.287899983639001489e-01,5.175824013397946066e-01,6.465869285901721941e-01,6.807194574320465930e-02,6.029337642882962589e-01
4.727147350077460231e-01,2.586328957410182205e-01,5.217968387562780253e-01,-2.339597161119597313e-01,6.673161360835366818e-01,3.048954747254212228e-01,9.394185108015570829e-02,-5.188126563541093361e-01,4.921409809448933914e-01,2.699106680222810861e-01,4.626269361419387272e-01,-3.835403971459152433e-02,-1.035297636631083394e-02,4.485448447680727702e-01,-1.491715132652584319e-01,3.215059980672190232e-01,5.152102252503298896e-01,3.434300926045966706e-01,9.307171351554363592e-02,3.683415376099177102e-02,3.766599338261296670e-01,1.948651033377116482e-01,6.315267229450105546e-01,6.173060356912769553e-01,6.076266551309578157e-01,1.000000000000000000e+00,3.385054836239674292e-01,4.773057691344778641e-01,7.412593208818689661e-01,-4.816524500923582419e-01,2.669087649445421317e-01,4.116872012157666294e-01,5.975451583368163178e-01,1.571994762159181769e-01,5.685961845300190332e-01,6.541307682782154798e-01,5.167161192845622919e-01,9.857871063645470833e-02,3.035852307900030467e-01
1.076822842454097512e-01,7.784225034256713194e-01,6.393540014607839161e-01,3.908409112879228653e-01,4.085274647229667488e-01,5.376886669518244899e-01,7.024747186967852386e-01,-6.615679848934594709e-01,4.704122585810963098e-01,4.031943587644483129e-01,7.973176278995542932e-01,4.351943602999189253e-01,7.735402227852719026e-01,8.568547041575236278e-01,-3.048365788765547424e-01,-2.758530351000643699e-01,3.279604017992038267e-01,8.294791489724444578e-01,7.322769194315722485e-01,2.179025395866475978e-01,5.350430861581622066e-01,7.642711049645813937e-01,-1.432439632806634389e-01,6.459678155670114386e-01,5.287666998719759981e-01,3.385054836239674292e-01,1.000000000000000000e+00,1.554705969284224387e-01,1.169376823392886677e-01,-3.774441772609720136e-01,8.863969562759655973e-01,7.990610045054102883e-01,5.125015920076211318e-01,2.530331137885983850e-01,7.198962932863949282e-01,1.179023201368249729e-01,7.864343590859478317e-01,-3.381575145578538111e-01,5.891482673162362627e-01
-1.998320044755118596e-01,-1.339442079714944778e-01,3.177446262451435466e-01,-3.538436561369586175e-01,3.012045092447764305e-01,5.362054261726552085e-01,8.629107811486932955e-02,-2.869127854803723565e-01,2.476144137364669900e-02,-2.173539540639053969e-01,2.787601164331723336e-01,-5.554033882575740849e-02,-7.628893680452007720e-02,2.832991281763259650e-01,-2.291958820057051482e-01,-9.227100014969134845e-02,5.761806927769771436e-01,2.339905366291689104e-01,-2.590969016217475104e-03,3.091974158607816436e-01,3.011285966368045797e-01,2.343581563325398964e-01,1.205325929280767483e-01,5.161747714089133243e-01,3.183847723924166512e-02,4.773057691344778641e-01,1.554705969284224387e-01,1.000000000000000000e+00,5.352606535489479178e-01,-3.546787952096392971e-01,3.180965336173066649e-01,2.688940516409177861e-01,5.102158646001284659e-01,-1.844782457738864678e-01,1.173472484737725779e-01,2.538973843041040790e-01,1.108325874218033108e-01,-2.860122703843736014e-01,-1.516332933294442242e-01
3.575664183502108018e-01,8.530285120526465148e-02,4.250366547195954525e-01,-3.202469906149271739e-01,5.115565894477632769e-01,3.516787885542947412e-01,-4.230140649788724505e-02,-4.063889419705269956e-01,4.059421980806512953e-01,1.116170778002866376e-01,2.638164331452294564e-01,-1.952943645650029314e-01,-2.045596222427764899e-01,3.001061313367902050e-01,-3.132168699914834875e-02,3.284436198432147402e-01,5.528845951762189070e-01,1.616952807406077941e-01,-2.217098759284233823e-03,4.242764281362990109e-02,2.530431341307652349e-01,2.980687827581594840e-02,5.616390076868582604e-01,4.672615810325701502e-01,3.805663816253759268e-01,7.412593208818689661e-01,1.169376823392886677e-01,5.352606535489479178e-01,1.000000000000000000e+00,-4.233426704188358314e-01,9.878330881245836470e-02,3.720316594028358903e-01,5.000912684585434587e-01,7.704045968826236934e-02,3.924464121164606412e-01,6.774595631894209102e-01,4.053737541190982063e-01,1.241243485656338963e-01,1.672533746728923354e-01
-1.745051879705065978e-01,-2.833663028463627720e-01,-4.954624003254378684e-01,-5.648732142642903103e-02,-5.150429816163242247e-01,-4.572521368634352434e-01,-2.375387843005043742e-01,4.900439372650288172e-01,-3.187895731690631451e-01,-2.039982171501830421e-01,-4.573670468963799696e-01,9.427521031761917913e-02,-1.204092255011470214e-01,-4.773538295179939328e-01,4.082273868583379262e-01,-4.763209122875020768e-02,-3.373160895331577258e-01,-4.063466931565034024e-01,-1.808473571251640877e-01,-1.320805335530026714e-01,-3.513103696173800472e-01,-3.631054465248756413e-01,-3.223719232545387836e-01,-5.160029995674296766e-01,-4.881248679738174334e-01,-4.816524500923582419e-01,-3.774441772609720136e-01,-3.546787952096392971e-01,-4.233426704188358314e-01,1.000000000000000000e+00,-3.527984219336114391e-01,-3.874780987940239507e-01,-4.971849724414414973e-01,1.117110434062741457e-02,-4.254185200688482271e-01,-4.095955489549437667e-01,-4.659865708671526718e-01,1.758649056814266254e-01,-1.978232118877183976e-01
-1.006717803261711758e-01,6.646926295648579730e-01,5.790092427192482516e-01,3.407571782996601795e-01,3.502824081348331897e-01,6.516387242005040603e-01,7.004421920041544736e-01,-5.932793544884055192e-01,3.677353733844966888e-01,3.249319818989740427e-01,7.993058839443630825e-01,3.945877399378185379e-01,6.969836231983812525e-01,8.168338972065545267e-01,-3.717630520963092766e-01,-3.630315717746371296e-01,4.278263779468314820e-01,8.328000094632842520e-01,7.096314753317515267e-01,2.567127038102191561e-01,4.705859990018183558e-01,7.156481914536718669e-01,-2.468192933064757288e-01,6.702058235854040369e-01,4.151961449264633952e-01,2.669087649445421317e-01,8.863969562759655973e-01,3.180965336173066649e-01,9.878330881245836470e-02,-3.527984219336114391e-01,1.000000000000000000e+00,8.107908278458004769e-01,4.888957839657015469e-01,1.144594480741252251e-01,5.803465788164741124e-01,3.858457253648873986e-02,6.645189887759317404e-01,-4.815116022096201931e-01,4.600442853566660828e-01
1.164037587094723658e-01,7.125969697085331456e-01,5.539473884005956528e-01,2.818802439376426050e-01,3.857134143348343591e-01,5.931402141271636674e-01,5.905137849676624917e-01,-5.726887777329986440e-01,4.678432794394998262e-01,4.588836455753660393e-01,7.405947797659596654e-01,3.566281548619695263e-01,5.636223762528694836e-01,7.706864458339429680e-01,-2.555304121650369131e-01,-1.247945125896146590e-01,5.378635974735523906e-01,7.480602494498236332e-01,6.314921482907774886e-01,1.725576354489662123e-01,3.641080507620049200e-01,5.622098945553611893e-01,-7.644840767495379719e-03,6.511872397158335879e-01,5.223915445934719237e-01,4.116872012157666294e-01,7.990610045054102883e-01,2.688940516409177861e-01,3.720316594028358903e-01,-3.874780987940239507e-01,8.107908278458004769e-01,1.000000000000000000e+00,4.334777846958559056e-01,1.515446992205845556e-01,6.051818570784904816e-01,2.841705788690779833e-01,7.358621284742016266e-01,-3.220424186511450793e-01,5.520987222235580472e-01
9.511413720330745558e-02,2.454762805855712493e-01,8.146873852981242337e-01,8.519502494932527231e-03,7.196273919305768985e-01,4.539255489248562592e-01,3.071206067806889206e-01,-7.951541247373307142e-01,4.679196161498616613e-01,7.392110820506180013e-02,6.011022656412065013e-01,5.576144889254133763e-02,2.456776341113129924e-01,6.893180990882286086e-01,-3.010801626320196989e-01,-6.463686896677049709e-02,4.140647587096563109e-01,5.647223570223776079e-01,3.028415283092799060e-01,2.486484617490885562e-01,7.378671242650800544e-01,5.925306775107803681e-01,2.836921050044098336e-01,6.492082451714455971e-01,5.245321293490212700e-01,5.975451583368163178e-01,5.125015920076211318e-01,5.102158646001284659e-01,5.000912684585434587e-01,-4.971849724414414973e-01,4.888957839657015469e-01,4.334777846958559056e-01,1.000000000000000000e+00,1.857579089878206302e-01,5.779296832063917089e-01,4.181957834384228412e-01,5.541626879130548966e-01,-2.484906662155650092e-01,2.364693999134226954e-01
4.635744532720184052e-01,3.688315839848550493e-01,4.518930283299006923e-01,-8.292987986276481593e-02,3.096499173293590923e-01,3.171551389369068469e-02,1.971232735909599909e-01,-4.456466554267495273e-01,6.269524918587301432e-01,3.440482011142962371e-01,2.458721808671539832e-01,1.720868214589222345e-01,2.049191790451072026e-01,2.840365964866421455e-01,2.729670649578607167e-01,3.217936258418770401e-01,8.142110522185131110e-05,1.453615753785598708e-01,2.208574440905438918e-01,1.648767346970353431e-01,3.710586946860028323e-01,3.150885592249242917e-01,1.632265582351735134e-01,-4.345070014501971334e-02,2.821839810967072260e-01,1.571994762159181769e-01,2.530331137885983850e-01,-1.844782457738864678e-01,7.704045968826236934e-02,1.117110434062741457e-02,1.144594480741252251e-01,1.515446992205845556e-01,1.857579089878206302e-01,1.000000000000000000e+00,2.082824358384854357e-01,3.570510027741423675e-01,2.006460199863661920e-01,4.289696668173298977e-01,5.024730651943652981e-01
3.528886472167009347e-01,6.000871844919452025e-01,6.181466085169825542e-01,2.459464874021720648e-01,5.233330510612006492e-01,4.234317252107048235e-01,4.091337245920422250e-01,-6.332366480717382951e-01,5.012826810735536709e-01,3.751032474403542816e-01,6.548061093804546928e-01,1.692250735542546736e-01,4.807674607551445378e-01,7.202999288629765573e-01,-3.206687904331648187e-01,-3.531506708648021048e-02,2.600366496028369556e-01,6.375458936989060188e-01,5.148263178483627467e-01,5.456695003871873256e-02,5.142192083581325068e-01,5.481832182731612990e-01,2.226520320974578748e-01,6.646672687771771892e-01,6.287899983639001489e-01,5.685961845300190332e-01,7.198962932863949282e-01,1.173472484737725779e-01,3.924464121164606412e-01,-4.254185200688482271e-01,5.803465788164741124e-01,6.051818570784904816e-01,5.779296832063917089e-01,2.082824358384854357e-01,1.000000000000000000e+00,3.077492311320411122e-01,8.747823939062575604e-01,-1.434054006204331377e-01,5.036267754878411829e-01
6.695056709706405096e-01,2.864228456532316169e-01,4.833506308157453635e-01,-3.161463200765632364e-01,6.171785009020803736e-01,1.853164252274231150e-01,-4.360378657121653095e-02,-4.689125956180022481e-01,6.700902504131244219e-01,4.532237807969744514e-01,2.662365540595834634e-01,-6.806192045468616170e-02,-1.755954399401989385e-01,2.420284931710933174e-01,5.732608040768231300e-02,6.862661569740271528e-01,4.360877109824726205e-01,1.414653548242835734e-01,-7.019110963255616176e-03,-1.473848691496837046e-02,3.093950607167284539e-01,8.671434583193418644e-02,7.358320535693986253e-01,2.492031337555136450e-01,5.175824013397946066e-01,6.541307682782154798e-01,1.179023201368249729e-01,2.538973843041040790e-01,6.774595631894209102e-01,-4.095955489549437667e-01,3.858457253648873986e-02,2.841705788690779833e-01,4.181957834384228412e-01,3.570510027741423675e-01,3.077492311320411122e-01,1.000000000000000000e+00,3.258692298553766409e-01,4.460212403619208676e-01,4.442102619986567080e-01
3.197114876109013459e-01,7.221572183564185510e-01,6.270859805727543312e-01,3.198219827140110771e-01,4.852193145540681374e-01,4.858481606976057798e-01,5.150447975360836761e-01,-6.547466073528982466e-01,5.228832317545776265e-01,4.594330044192406759e-01,7.035991973045065961e-01,2.225770633207414251e-01,5.695779149674025099e-01,7.790740649280480934e-01,-2.710823424194144238e-01,-3.645149980431704184e-02,3.352556998351140516e-01,7.147462186378703564e-01,6.137325667296252840e-01,5.923915571801201263e-02,4.919989636726744830e-01,5.888335243938198627e-01,1.538577618467877606e-01,6.757684395277643308e-01,6.465869285901721941e-01,5.167161192845622919e-01,7.864343590859478317e-01,1.108325874218033108e-01,4.053737541190982063e-01,-4.659865708671526718e-01,6.645189887759317404e-01,7.358621284742016266e-01,5.541626879130548966e-01,2.006460199863661920e-01,8.747823939062575604e-01,3.258692298553766409e-01,1.000000000000000000e+00,-1.670417637543588907e-01,5.870274183522631306e-01
6.695571114363904064e-01,4.257778141783481740e-02,-8.985719179760978670e-02,-3.796147718163131457e-01,8.116591931872695065e-02,-3.364225590059242155e-01,-2.535313556935032686e-01,1.004151509999021280e-01,3.388286887108614143e-01,3.298046627534954034e-01,-2.844517679655464426e-01,-1.204821661300101571e-01,-2.732471538564570368e-01,-3.424996064006245455e-01,4.601779535201862004e-01,7.280424935753613269e-01,-9.003885754793772289e-02,-4.033249774006347765e-01,-2.348421561531669199e-01,-1.512431203624108322e-01,-9.417437052792854146e-02,-2.728546003668729791e-01,4.692846052420410752e-01,-3.964756131080376389e-01,6.807194574320465930e-02,9.857871063645470833e-02,-3.381575145578538111e-01,-2.860122703843736014e-01,1.241243485656338963e-01,1.758649056814266254e-01,-4.815116022096201931e-01,-3.220424186511450793e-01,-2.484906662155650092e-01,4.289696668173298977e-01,-1.434054006204331377e-01,4.460212403619208676e-01,-1.670417637543588907e-01,1.000000000000000000e+00,3.161813703366047612e-01
5.781599892051103584e-01,8.122217525812046590e-01,5.139964573800643866e-01,1.709817136718539965e-01,4.749809290120708405e-01,2.747118115213905143e-01,4.618261479942260550e-01,-5.382807388075974142e-01,7.462700875247396670e-01,7.539464698952252908e-01,5.707464981285621519e-01,3.098420910073945711e-01,5.077000012241911220e-01,5.395972843741536629e-01,8.684468318103405471e-03,3.334160081236373641e-01,3.256179088340114824e-01,5.336631341055695366e-01,5.366605920142469843e-01,6.721052885868734894e-02,3.440019249724568517e-01,4.707597065025108662e-01,2.228409416154273071e-01,2.867308301636478096e-01,6.029337642882962589e-01,3.035852307900030467e-01,5.891482673162362627e-01,-1.516332933294442242e-01,1.672533746728923354e-01,-1.978232118877183976e-01,4.600442853566660828e-01,5.520987222235580472e-01,2.364693999134226954e-01,5.024730651943652981e-01,5.036267754878411829e-01,4.442102619986567080e-01,5.870274183522631306e-01,3.161813703366047612e-01,1.000000000000000000e+00
