1.000000000000000000e+00,9.021656579366229556e-01,9.637307127220594571e-01,9.522618512792004886e-01,9.715308444205075222e-01,9.248772931580134804e-01,9.629277019202341359e-01,8.839148484747247903e-01,9.657142245011889337e-01,9.330315864151992322e-01,9.470052080905768666e-01,9.527618131637304311e-01,9.754851359935977628e-01,9.253946923491669363e-01,9.115868801330433424e-01,9.150269442605160064e-01,8.747673375981899202e-01,9.111566500306637062e-01,9.063518942439346970e-01,9.518678062415604213e-01,9.645588765458655844e-01,9.509788132808389971e-01,9.473068767804079249e-01,8.653168344915878052e-01,8.759499705999327368e-01,9.800464700272406571e-01,8.854831356932910680e-01,9.106043706787099179e-01,9.841772434306426121e-01,9.181353344959860552e-01,9.665021766395649472e-01,9.294175177698206225e-01,9.152149934462066039e-01,9.180386645380658184e-01,8.687841363210800916e-01,9.299561810139500562e-01,9.101993929703605657e-01,9.572316578713722102e-01,9.171825078937246856e-01
9.021656579366229556e-01,1.000000000000000000e+00,8.934815076930667788e-01,8.856669109358807912e-01,8.933954792830476332e-01,9.426219684166219359e-01,8.909447621290230712e-01,8.999625585952766293e-01,9.094020644193198111e-01,8.703928146086871154e-01,8.800553706852850544e-01,8.878091328968599205e-01,8.996041545890118840e-01,9.451217140397584204e-01,9.733520292244153271e-01,9.569247990453974007e-01,9.252320328416357986e-01,9.706911908150173129e-01,8.723393722892399671e-01,8.882764206722453260e-01,8.916875424893607738e-01,9.270885616827349018e-01,9.289898286102319380e-01,9.536255015689454329e-01,9.670169126176815233e-01,8.984431586424693750e-01,9.146275574084758997e-01,8.687138612043242558e-01,8.990508386307257682e-01,9.487693995499598687e-01,8.961654615380910682e-01,9.389786104180865012e-01,9.553741118557156353e-01,9.504636432800055434e-01,9.606648424643184914e-01,8.646724037755764147e-01,9.772409158181170064e-01,8.905329892565289063e-01,9.542139466166417172e-01
9.637307127220594571e-01,8.934815076930667788e-01,1.000000000000000000e+00,9.757344193235053531e-01,9.753766309537779122e-01,9.076231747332692557e-01,9.844993524018497144e-01,8.901944708991863520e-01,9.464102797424478464e-01,9.535427382319229261e-01,9.668342275369438132e-01,9.749398289967132758e-01,9.730163146776900085e-01,9.112538639179366129e-01,9.025333141047400254e-01,8.995101631289176281e-01,8.768860338762146656e-01,9.005631075077509262e-01,9.244528945343318815e-01,9.733165394903399159e-01,9.841764032327294798e-01,9.316343979494821070e-01,9.298253318327954764e-01,8.603857916899562142e-01,8.692902318612195645e-01,9.703891670580798712e-01,8.900864929507759093e-01,9.291690834773870256e-01,9.613529629411582400e-01,9.038608259522018518e-01,9.838509871108332971e-01,9.145105475718234844e-01,8.980512910311778674e-01,9.027830257486442189e-01,8.621123557706223961e-01,9.491703751041469239e-01,9.023576762949412355e-01,9.809999846051018491e-01,8.996027940285847846e-01
9.522618512792004886e-01,8.856669109358807912e-01,9.757344193235053531e-01,1.000000000000000000e+00,9.641521363175202808e-01,8.979803968031284667e-01,9.771241473779023190e-01,8.862347511895050101e-01,9.331325751424862647e-01,9.588960497137756223e-01,9.726201409787146313e-01,9.852570566589115009e-01,9.622174795695777050e-01,9.005064486147287273e-01,8.968260160192511599e-01,8.963111918060862049e-01,8.728323059268526807e-01,8.958789310006791684e-01,9.277145887356353926e-01,9.814521017442474626e-01,9.748196559937319927e-01,9.212264348191449015e-01,9.189548166624784686e-01,8.544017403595752791e-01,8.631630419292509737e-01,9.602714393252643754e-01,8.857129850830908202e-01,9.282521954103130080e-01,9.499389215821437693e-01,8.937974151668842682e-01,9.736069997666533249e-01,9.039380711844848815e-01,8.941676517415797498e-01,8.931392028489584245e-01,8.553978773052447471e-01,9.521478555687292733e-01,8.951379078448948867e-01,9.804634814723762748e-01,8.956092588674547939e-01
9.715308444205075222e-01,8.933954792830476332e-01,9.753766309537779122e-01,9.641521363175202808e-01,1.000000000000000000e+00,9.127876521519183717e-01,9.746793335079338982e-01,8.802352499273454756e-01,9.520630800990074194e-01,9.433351899894139025e-01,9.575259089693552994e-01,9.637043362296577875e-01,9.830617918429505053e-01,9.143389144789313416e-01,9.017654187934057708e-01,9.044009084760933348e-01,8.695239323761240202e-01,9.027255826664465355e-01,9.141965962904518017e-01,9.631959789337778410e-01,9.767299673346435673e-01,9.361058627533063170e-01,9.348146879178238500e-01,8.566032123234854634e-01,8.676621389808923945e-01,9.787375336154380268e-01,8.822893645063577539e-01,9.207358435479595649e-01,9.690681785899600831e-01,9.064474973330935992e-01,9.774206337308847248e-01,9.173269112859379071e-01,9.035132217002804778e-01,9.066186114388758988e-01,8.588131181841176520e-01,9.376343466587911957e-01,9.014760202106743003e-01,9.687763314195185771e-01,9.043337543578647830e-01
9.248772931580134804e-01,9.426219684166219359e-01,9.076231747332692557e-01,8.979803968031284667e-01,9.127876521519183717e-01,1.000000000000000000e+00,9.062705895427919378e-01,8.827921936662802560e-01,9.376979330403406587e-01,8.805475370527328094e-01,8.942421913291559443e-01,8.983518239034512520e-01,9.177063265159468575e-01,9.838665460707003430e-01,9.607882828125251518e-01,9.702016010912601907e-01,8.962931929940757270e-01,9.635889677344864346e-01,8.701231274862573084e-01,8.985033916369682405e-01,9.057992816426241323e-01,9.609898009770274641e-01,9.606956928090176762e-01,9.113990791654413837e-01,9.277825183061680914e-01,9.191727042190966923e-01,9.050393725791686661e-01,8.711563942670815797e-01,9.265261887603442048e-01,9.798227217651120924e-01,9.101192463455224368e-01,9.796923501860239636e-01,9.708713231045926761e-01,9.796762266268331798e-01,9.152373478401528706e-01,8.756887106453693503e-01,9.548324888627278684e-01,9.019319807085558471e-01,9.729950990884335127e-01
9.629277019202341359e-01,8.909447621290230712e-01,9.844993524018497144e-01,9.771241473779023190e-01,9.746793335079338982e-01,9.062705895427919378e-01,1.000000000000000000e+00,8.897828706508230656e-01,9.457488754856985258e-01,9.537338367015587570e-01,9.674662752697438250e-01,9.762168295131047335e-01,9.722302679122792890e-01,9.097651401345973055e-01,9.010972887656026886e-01,8.984235391253301284e-01,8.742362822209579498e-01,8.992689972481350269e-01,9.249067288100060180e-01,9.747726788042226920e-01,9.836157257981210655e-01,9.302479393376261729e-01,9.281662822352805264e-01,8.580638517586537395e-01,8.671859781748296747e-01,9.693179601375073728e-01,8.878110378984422901e-01,9.285139446782942896e-01,9.603271974365262809e-01,9.021134071950583921e-01,9.832260977734823548e-01,9.129295541459692132e-01,8.967455430774010638e-01,9.006166985923698132e-01,8.601229141068699180e-01,9.485259329802699924e-01,9.007275521959572373e-01,9.818621523403698870e-01,8.982754040001724727e-01
8.839148484747247903e-01,8.999625585952766293e-01,8.901944708991863520e-01,8.862347511895050101e-01,8.802352499273454756e-01,8.827921936662802560e-01,8.897828706508230656e-01,1.000000000000000000e+00,8.964736268012166720e-01,8.989023489899806707e-01,8.963945719558654712e-01,8.871384605842604909e-01,8.837664794576702842e-01,8.832700015163965634e-01,8.944018352556371010e-01,8.698122811761174189e-01,8.969314485165934547e-01,8.860054622908185573e-01,9.150086932810190810e-01,8.907984065848926214e-01,8.886516309399132840e-01,8.881661007810931485e-01,8.914814600382516829e-01,9.045391561400898395e-01,9.015826185173164697e-01,8.824009108981454297e-01,9.441011382594425294e-01,9.216052427932662772e-01,8.837075046079869711e-01,8.782529422086478021e-01,8.878100287343426711e-01,8.938315702519236128e-01,8.696604190891078501e-01,8.770327182358912399e-01,9.026236675205226989e-01,9.003378006335782668e-01,8.896016899846677095e-01,8.896505043529003842e-01,8.744404256179523216e-01
9.657142245011889337e-01,9.094020644193198111e-01,9.464102797424478464e-01,9.331325751424862647e-01,9.520630800990074194e-01,9.376979330403406587e-01,9.457488754856985258e-01,8.964736268012166720e-01,1.000000000000000000e+00,9.214935972262144892e-01,9.342711576618522029e-01,9.337474751198260314e-01,9.559659411503889093e-01,9.368596647017951584e-01,9.207986475611895649e-01,9.230523430727080036e-01,8.802189487319570516e-01,9.216518620318833177e-01,9.011363379555342723e-01,9.358376914325805540e-01,9.463421035638478473e-01,9.630324721092403673e-01,9.604737223334750551e-01,8.756132702384180622e-01,8.901270603952619043e-01,9.596283722483079925e-01,8.939727733107500907e-01,9.101301008149759175e-01,9.675997761864354452e-01,9.297059945756632748e-01,9.479284942948044135e-01,9.414330304802370764e-01,9.234209238959092403e-01,9.298879158123375399e-01,8.812050780534144145e-01,9.159985233686491757e-01,9.180371611096870277e-01,9.412786452496739731e-01,9.267488753618541297e-01
9.330315864151992322e-01,8.703928146086871154e-01,9.535427382319229261e-01,9.588960497137756223e-01,9.433351899894139025e-01,8.805475370527328094e-01,9.537338367015587570e-01,8.989023489899806707e-01,9.214935972262144892e-01,1.000000000000000000e+00,9.708991000308259123e-01,9.585910230884486793e-01,9.407569075118632496e-01,8.803634535534180516e-01,8.789032670711469653e-01,8.762718881441606822e-01,8.598895397927442952e-01,8.761989338354473356e-01,9.496075444541841604e-01,9.637856481187708768e-01,9.535981031747734482e-01,9.023297383128250360e-01,8.984094548690118032e-01,8.393659260197317007e-01,8.472373913273620882e-01,9.392260431502399420e-01,8.823439145900292546e-01,9.548420440096411221e-01,9.313834668354172841e-01,8.729157782312512159e-01,9.513604822142727180e-01,8.868512954513513291e-01,8.740626138583273974e-01,8.744523292505967937e-01,8.391890375046635597e-01,9.805979784581053682e-01,8.747073917833246837e-01,9.545152551886590953e-01,8.771580675898924540e-01
9.470052080905768666e-01,8.800553706852850544e-01,9.668342275369438132e-01,9.726201409787146313e-01,9.575259089693552994e-01,8.942421913291559443e-01,9.674662752697438250e-01,8.963945719558654712e-01,9.342711576618522029e-01,9.708991000308259123e-01,1.000000000000000000e+00,9.714121584048037716e-01,9.557527651008640435e-01,8.959286572487448197e-01,8.912441045042018839e-01,8.915537737056600243e-01,8.718315272593525345e-01,8.898959651508392410e-01,9.369904779575675136e-01,9.772041064573732116e-01,9.668940677089116198e-01,9.164485690819160757e-01,9.125611927448724625e-01,8.510050411727871911e-01,8.620435881026450309e-01,9.536590987932680452e-01,8.901708414593898500e-01,9.407928420333305786e-01,9.461050580438572499e-01,8.892626036796310585e-01,9.656624552227556224e-01,9.016514688940577837e-01,8.897220500440099489e-01,8.887184447899274531e-01,8.535989719446748225e-01,9.651812601877950426e-01,8.872004237037541818e-01,9.691663673754130626e-01,8.918127158281896616e-01
9.527618131637304311e-01,8.878091328968599205e-01,9.749398289967132758e-01,9.852570566589115009e-01,9.637043362296577875e-01,8.983518239034512520e-01,9.762168295131047335e-01,8.871384605842604909e-01,9.337474751198260314e-01,9.585910230884486793e-01,9.714121584048037716e-01,1.000000000000000000e+00,9.623402675755644564e-01,9.004240040006116219e-01,8.981648346529979010e-01,8.969716020559519443e-01,8.734758864619773799e-01,8.965715318639280174e-01,9.266586154131957187e-01,9.812303339823579273e-01,9.738148861307616144e-01,9.211052079642665369e-01,9.182974820157341345e-01,8.559539437978562759e-01,8.644903212534412740e-01,9.600982384932781333e-01,8.854698743668105720e-01,9.285528523266771694e-01,9.504475975187940406e-01,8.942256681442248833e-01,9.729448739308631522e-01,9.038379824093245585e-01,8.947101789591183074e-01,8.934547788071073304e-01,8.568321972494590266e-01,9.518129441765071919e-01,8.965767398608657235e-01,9.798771403609873865e-01,8.961968677966307695e-01
9.754851359935977628e-01,8.996041545890118840e-01,9.730163146776900085e-01,9.622174795695777050e-01,9.830617918429505053e-01,9.177063265159468575e-01,9.722302679122792890e-01,8.837664794576702842e-01,9.559659411503889093e-01,9.407569075118632496e-01,9.557527651008640435e-01,9.623402675755644564e-01,1.000000000000000000e+00,9.196622359300645755e-01,9.071992943037999746e-01,9.090358505765102626e-01,8.747390361045727092e-01,9.070701601488549981e-01,9.133520513260539042e-01,9.612764552874409896e-01,9.743407794258475141e-01,9.416077081159143214e-01,9.394109426004807473e-01,8.615386294360293240e-01,8.730069990093826116e-01,9.816987684278236648e-01,8.859224801684388861e-01,9.215532108313123638e-01,9.737284511409275423e-01,9.111641226555133866e-01,9.755179149948621786e-01,9.224605669556077414e-01,9.084293660125257741e-01,9.110205562447046823e-01,8.648180514896498527e-01,9.364255599310991052e-01,9.065264941776213226e-01,9.668216865703408436e-01,9.096252557906424618e-01
9.253946923491669363e-01,9.451217140397584204e-01,9.112538639179366129e-01,9.005064486147287273e-01,9.143389144789313416e-01,9.838665460707003430e-01,9.097651401345973055e-01,8.832700015163965634e-01,9.368596647017951584e-01,8.803634535534180516e-01,8.959286572487448197e-01,9.004240040006116219e-01,9.196622359300645755e-01,1.000000000000000000e+00,9.626448436127577057e-01,9.718447841767091644e-01,8.967743715416274242e-01,9.649817306971706365e-01,8.689532224991559639e-01,9.007292771396876452e-01,9.087655242422958413e-01,9.621472446592174155e-01,9.624282519804886471e-01,9.131796620775504136e-01,9.294497113242844444e-01,9.201024167370389639e-01,9.065226719601796601e-01,8.726495044568708392e-01,9.261973564124460490e-01,9.808700027203117733e-01,9.133033388887563664e-01,9.801384430309817430e-01,9.727092327235582481e-01,9.806465137245578001e-01,9.173778069886362463e-01,8.762402665093481646e-01,9.572281066314842768e-01,9.052855941638988657e-01,9.746633657555260344e-01
9.115868801330433424e-01,9.733520292244153271e-01,9.025333141047400254e-01,8.968260160192511599e-01,9.017654187934057708e-01,9.607882828125251518e-01,9.010972887656026886e-01,8.944018352556371010e-01,9.207986475611895649e-01,8.789032670711469653e-01,8.912441045042018839e-01,8.981648346529979010e-01,9.071992943037999746e-01,9.626448436127577057e-01,1.000000000000000000e+00,9.732271185676254488e-01,9.170471727249345228e-01,9.823087747218560706e-01,8.747669850259418567e-01,8.985558218886225967e-01,9.006938798060535323e-01,9.414162983145133445e-01,9.423023324944148627e-01,9.415496966134511148e-01,9.569349262820685542e-01,9.068994489699843120e-01,9.126679966047842596e-01,8.719999028732799973e-01,9.088462299575854608e-01,9.660441889418736050e-01,9.051017800598728513e-01,9.570695209044206564e-01,9.718475687284143794e-01,9.674675532568108860e-01,9.478640651776137904e-01,8.754463859235838141e-01,9.826491641921061282e-01,9.006238592139615973e-01,9.711493073833138423e-01
9.150269442605160064e-01,9.569247990453974007e-01,8.995101631289176281e-01,8.963111918060862049e-01,9.044009084760933348e-01,9.702016010912601907e-01,8.984235391253301284e-01,8.698122811761174189e-01,9.230523430727080036e-01,8.762718881441606822e-01,8.915537737056600243e-01,8.969716020559519443e-01,9.090358505765102626e-01,9.718447841767091644e-01,9.732271185676254488e-01,1.000000000000000000e+00,9.011752314005763154e-01,9.768383463692985602e-01,8.625986536811915961e-01,8.969104592465884096e-01,8.977753886990871290e-01,9.469606061532520602e-01,9.472424748647541026e-01,9.221060985651160502e-01,9.382273658721638210e-01,9.094571991482996998e-01,9.039448931550004840e-01,8.624128698269216686e-01,9.119141812589132146e-01,9.753456442504191415e-01,9.031789280727694491e-01,9.648028482982992093e-01,9.842558722594954013e-01,9.771755194717652859e-01,9.267517256326015529e-01,8.706790978351625077e-01,9.688827408847401346e-01,8.968423996947402221e-01,9.831869970061976050e-01
8.747673375981899202e-01,9.252320328416357986e-01,8.768860338762146656e-01,8.728323059268526807e-01,8.695239323761240202e-01,8.962931929940757270e-01,8.742362822209579498e-01,8.969314485165934547e-01,8.802189487319570516e-01,8.598895397927442952e-01,8.718315272593525345e-01,8.734758864619773799e-01,8.747390361045727092e-01,8.967743715416274242e-01,9.170471727249345228e-01,9.011752314005763154e-01,1.000000000000000000e+00,9.152593852560206855e-01,8.796512199700751156e-01,8.803546266520269059e-01,8.752391197947970713e-01,8.906080562873543993e-01,8.919997800656733755e-01,9.483801789931259885e-01,9.379581603620422703e-01,8.710270478254161786e-01,9.244090510485876155e-01,8.706656406866377651e-01,8.718921509026374972e-01,8.973742066968967146e-01,8.781459780951498262e-01,8.961684025616691862e-01,8.986036947387417984e-01,8.986894874971921299e-01,9.408701708115331241e-01,8.600856807139690696e-01,9.180597109224608587e-01,8.750455967879580133e-01,8.996833287235493914e-01
9.111566500306637062e-01,9.706911908150173129e-01,9.005631075077509262e-01,8.958789310006791684e-01,9.027255826664465355e-01,9.635889677344864346e-01,8.992689972481350269e-01,8.860054622908185573e-01,9.216518620318833177e-01,8.761989338354473356e-01,8.898959651508392410e-01,8.965715318639280174e-01,9.070701601488549981e-01,9.649817306971706365e-01,9.823087747218560706e-01,9.768383463692985602e-01,9.152593852560206855e-01,1.000000000000000000e+00,8.710570457274832146e-01,8.973194816586961275e-01,8.983481385945822906e-01,9.439217476645738181e-01,9.456924946776726904e-01,9.404815621756971167e-01,9.538766824287404633e-01,9.059121737658835105e-01,9.117847678057053873e-01,8.669454098298902123e-01,9.080851709057254917e-01,9.686805075647596519e-01,9.032280629020167373e-01,9.598113750563739277e-01,9.757868416962938163e-01,9.712657698694733277e-01,9.443303320070262075e-01,8.712177595961976273e-01,9.792525432154555176e-01,8.987287474007731314e-01,9.745746412280813509e-01
9.063518942439346970e-01,8.723393722892399671e-01,9.244528945343318815e-01,9.277145887356353926e-01,9.141965962904518017e-01,8.701231274862573084e-01,9.249067288100060180e-01,9.150086932810190810e-01,9.011363379555342723e-01,9.496075444541841604e-01,9.369904779575675136e-01,9.266586154131957187e-01,9.133520513260539042e-01,8.689532224991559639e-01,8.747669850259418567e-01,8.625986536811915961e-01,8.796512199700751156e-01,8.710570457274832146e-01,1.000000000000000000e+00,9.333507842379588082e-01,9.235903374853916548e-01,8.894231495225416451e-01,8.912831527629236916e-01,8.539209603396186177e-01,8.574193013167165089e-01,9.150094597124365237e-01,9.016128113862046378e-01,9.453069361852648456e-01,9.056295301984761403e-01,8.592152700227257967e-01,9.230969302441095481e-01,8.782266539712708653e-01,8.620888273843863026e-01,8.614240913448992787e-01,8.502406332897485264e-01,9.515899604886078889e-01,8.735386821808199809e-01,9.254852315172098498e-01,8.655830957165817630e-01
9.518678062415604213e-01,8.882764206722453260e-01,9.733165394903399159e-01,9.814521017442474626e-01,9.631959789337778410e-01,8.985033916369682405e-01,9.747726788042226920e-01,8.907984065848926214e-01,9.358376914325805540e-01,9.637856481187708768e-01,9.772041064573732116e-01,9.812303339823579273e-01,9.612764552874409896e-01,9.007292771396876452e-01,8.985558218886225967e-01,8.969104592465884096e-01,8.803546266520269059e-01,8.973194816586961275e-01,9.333507842379588082e-01,1.000000000000000000e+00,9.732401089340810829e-01,9.222980345154375703e-01,9.185809339630855996e-01,8.600076875061568593e-01,8.688733352292711265e-01,9.587140677615243467e-01,8.883083060624711313e-01,9.326304342443672013e-01,9.498022184363907883e-01,8.946002092730556132e-01,9.724816865446825886e-01,9.046216185011078936e-01,8.951755204434679314e-01,8.941383421708494206e-01,8.608576721619914940e-01,9.570926966887272069e-01,8.963568593408912655e-01,9.767398055900874398e-01,8.965790537928268744e-01
9.645588765458655844e-01,8.916875424893607738e-01,9.841764032327294798e-01,9.748196559937319927e-01,9.767299673346435673e-01,9.057992816426241323e-01,9.836157257981210655e-01,8.886516309399132840e-01,9.463421035638478473e-01,9.535981031747734482e-01,9.668940677089116198e-01,9.738148861307616144e-01,9.743407794258475141e-01,9.087655242422958413e-01,9.006938798060535323e-01,8.977753886990871290e-01,8.752391197947970713e-01,8.983481385945822906e-01,9.235903374853916548e-01,9.732401089340810829e-01,1.000000000000000000e+00,9.298009040133318193e-01,9.273105806354059455e-01,8.595464736689888419e-01,8.675972895349427505e-01,9.711766806222729143e-01,8.878638820092750183e-01,9.279288149167526090e-01,9.625865064370416890e-01,9.013542388893278634e-01,9.847922427170466841e-01,9.111692479288376889e-01,8.962401219171789446e-01,9.003327708727202339e-01,8.607235860405909600e-01,9.496816315707276024e-01,9.006339267355697453e-01,9.803489491665006161e-01,8.980558527939993541e-01
9.509788132808389971e-01,9.270885616827349018e-01,9.316343979494821070e-01,9.212264348191449015e-01,9.361058627533063170e-01,9.609898009770274641e-01,9.302479393376261729e-01,8.881661007810931485e-01,9.630324721092403673e-01,9.023297383128250360e-01,9.164485690819160757e-01,9.211052079642665369e-01,9.416077081159143214e-01,9.621472446592174155e-01,9.414162983145133445e-01,9.469606061532520602e-01,8.906080562873543993e-01,9.439217476645738181e-01,8.894231495225416451e-01,9.222980345154375703e-01,9.298009040133318193e-01,1.000000000000000000e+00,9.825504563784233092e-01,8.898025638570160600e-01,9.086386341010178613e-01,9.451188710724877096e-01,9.036305466555217825e-01,8.908589210560383664e-01,9.521369256551133198e-01,9.531339218053169748e-01,9.318164532826933577e-01,9.659704778337110387e-01,9.463282098474613546e-01,9.533772081661060493e-01,8.976769406833088327e-01,8.982253786681339003e-01,9.362532466573963985e-01,9.279935229763144333e-01,9.489612553043028642e-01
9.473068767804079249e-01,9.289898286102319380e-01,9.298253318327954764e-01,9.189548166624784686e-01,9.348146879178238500e-01,9.606956928090176762e-01,9.281662822352805264e-01,8.914814600382516829e-01,9.604737223334750551e-01,8.984094548690118032e-01,9.125611927448724625e-01,9.182974820157341345e-01,9.394109426004807473e-01,9.624282519804886471e-01,9.423023324944148627e-01,9.472424748647541026e-01,8.919997800656733755e-01,9.456924946776726904e-01,8.912831527629236916e-01,9.185809339630855996e-01,9.273105806354059455e-01,9.825504563784233092e-01,1.000000000000000000e+00,8.939414147980813130e-01,9.114717437303503367e-01,9.423338653638978490e-01,9.066155835940296059e-01,8.879504430401866655e-01,9.481974782655577805e-01,9.533723954948450929e-01,9.297098449078800009e-01,9.656917015347040723e-01,9.472998295887062881e-01,9.535764224411620305e-01,9.007010836630195971e-01,8.937940121651790637e-01,9.381959512103185128e-01,9.258895038805412536e-01,9.490942250720302287e-01
8.653168344915878052e-01,9.536255015689454329e-01,8.603857916899562142e-01,8.544017403595752791e-01,8.566032123234854634e-01,9.113990791654413837e-01,8.580638517586537395e-01,9.045391561400898395e-01,8.756132702384180622e-01,8.393659260197317007e-01,8.510050411727871911e-01,8.559539437978562759e-01,8.615386294360293240e-01,9.131796620775504136e-01,9.415496966134511148e-01,9.221060985651160502e-01,9.483801789931259885e-01,9.404815621756971167e-01,8.539209603396186177e-01,8.600076875061568593e-01,8.595464736689888419e-01,8.898025638570160600e-01,8.939414147980813130e-01,1.000000000000000000e+00,9.744233939039733672e-01,8.577211877506100146e-01,9.214051435172579962e-01,8.465894705563141720e-01,8.607762398208147481e-01,9.186817464203568262e-01,8.639715222747844647e-01,9.067516106885947780e-01,9.221741588401756173e-01,9.197462782189012032e-01,9.790084742865433620e-01,8.347910183669742246e-01,9.444629197024762002e-01,8.576281544738955098e-01,9.212934388517769468e-01
8.759499705999327368e-01,9.670169126176815233e-01,8.692902318612195645e-01,8.631630419292509737e-01,8.676621389808923945e-01,9.277825183061680914e-01,8.671859781748296747e-01,9.015826185173164697e-01,8.901270603952619043e-01,8.472373913273620882e-01,8.620435881026450309e-01,8.644903212534412740e-01,8.730069990093826116e-01,9.294497113242844444e-01,9.569349262820685542e-01,9.382273658721638210e-01,9.379581603620422703e-01,9.538766824287404633e-01,8.574193013167165089e-01,8.688733352292711265e-01,8.675972895349427505e-01,9.086386341010178613e-01,9.114717437303503367e-01,9.744233939039733672e-01,1.000000000000000000e+00,8.705352688445738840e-01,9.195263105024537031e-01,8.484973097732866343e-01,8.726500065992246480e-01,9.324407588779775047e-01,8.730175155059166636e-01,9.213839185307453050e-01,9.370656831063772785e-01,9.335013079562918259e-01,9.805309283340954973e-01,8.411196326265234502e-01,9.589974114822992224e-01,8.664432637511030322e-01,9.356805050444768623e-01
9.800464700272406571e-01,8.984431586424693750e-01,9.703891670580798712e-01,9.602714393252643754e-01,9.787375336154380268e-01,9.191727042190966923e-01,9.693179601375073728e-01,8.824009108981454297e-01,9.596283722483079925e-01,9.392260431502399420e-01,9.536590987932680452e-01,9.600982384932781333e-01,9.816987684278236648e-01,9.201024167370389639e-01,9.068994489699843120e-01,9.094571991482996998e-01,8.710270478254161786e-01,9.059121737658835105e-01,9.150094597124365237e-01,9.587140677615243467e-01,9.711766806222729143e-01,9.451188710724877096e-01,9.423338653638978490e-01,8.577211877506100146e-01,8.705352688445738840e-01,1.000000000000000000e+00,8.843612542679628596e-01,9.185836746987424695e-01,9.786388342765323101e-01,9.115613179225160456e-01,9.721086290434344246e-01,9.246891129762149220e-01,9.096411934737843596e-01,9.108572666758310010e-01,8.625348513823664076e-01,9.363217519571289671e-01,9.066544840726754595e-01,9.643543988174068105e-01,9.105784684587941991e-01
8.854831356932910680e-01,9.146275574084758997e-01,8.900864929507759093e-01,8.857129850830908202e-01,8.822893645063577539e-01,9.050393725791686661e-01,8.878110378984422901e-01,9.441011382594425294e-01,8.939727733107500907e-01,8.823439145900292546e-01,8.901708414593898500e-01,8.854698743668105720e-01,8.859224801684388861e-01,9.065226719601796601e-01,9.126679966047842596e-01,9.039448931550004840e-01,9.244090510485876155e-01,9.117847678057053873e-01,9.016128113862046378e-01,8.883083060624711313e-01,8.878638820092750183e-01,9.036305466555217825e-01,9.066155835940296059e-01,9.214051435172579962e-01,9.195263105024537031e-01,8.843612542679628596e-01,1.000000000000000000e+00,9.094978811920724215e-01,8.812948262427771073e-01,9.016349891050403631e-01,8.886914365611692235e-01,9.101274655834271643e-01,8.997337762071517808e-01,9.033206436739038558e-01,9.171685838934310331e-01,8.834032739329131800e-01,9.092992419178932417e-01,8.912371115460043791e-01,9.023468712329697494e-01
9.106043706787099179e-01,8.687138612043242558e-01,9.291690834773870256e-01,9.282521954103130080e-01,9.207358435479595649e-01,8.711563942670815797e-01,9.285139446782942896e-01,9.216052427932662772e-01,9.101301008149759175e-01,9.548420440096411221e-01,9.407928420333305786e-01,9.285528523266771694e-01,9.215532108313123638e-01,8.726495044568708392e-01,8.719999028732799973e-01,8.624128698269216686e-01,8.706656406866377651e-01,8.669454098298902123e-01,9.453069361852648456e-01,9.326304342443672013e-01,9.279288149167526090e-01,8.908589210560383664e-01,8.879504430401866655e-01,8.465894705563141720e-01,8.484973097732866343e-01,9.185836746987424695e-01,9.094978811920724215e-01,1.000000000000000000e+00,9.094509054185833108e-01,8.627576442684220526e-01,9.267069207922187246e-01,8.820358066529031538e-01,8.605623159968385227e-01,8.629721725300106838e-01,8.447619749537380596e-01,9.553139278406413970e-01,8.680177759889291522e-01,9.319704666464010412e-01,8.660288094595113284e-01
9.841772434306426121e-01,8.990508386307257682e-01,9.613529629411582400e-01,9.499389215821437693e-01,9.690681785899600831e-01,9.265261887603442048e-01,9.603271974365262809e-01,8.837075046079869711e-01,9.675997761864354452e-01,9.313834668354172841e-01,9.461050580438572499e-01,9.504475975187940406e-01,9.737284511409275423e-01,9.261973564124460490e-01,9.088462299575854608e-01,9.119141812589132146e-01,8.718921509026374972e-01,9.080851709057254917e-01,9.056295301984761403e-01,9.498022184363907883e-01,9.625865064370416890e-01,9.521369256551133198e-01,9.481974782655577805e-01,8.607762398208147481e-01,8.726500065992246480e-01,9.786388342765323101e-01,8.812948262427771073e-01,9.094509054185833108e-01,1.000000000000000000e+00,9.170621347362143405e-01,9.640447574521647800e-01,9.295504994487356898e-01,9.125518323695027689e-01,9.165309717857393901e-01,8.649478589429316910e-01,9.289141650533083716e-01,9.068320534916882725e-01,9.559321756096781364e-01,9.150145138205535433e-01
9.181353344959860552e-01,9.487693995499598687e-01,9.038608259522018518e-01,8.937974151668842682e-01,9.064474973330935992e-01,9.798227217651120924e-01,9.021134071950583921e-01,8.782529422086478021e-01,9.297059945756632748e-01,8.729157782312512159e-01,8.892626036796310585e-01,8.942256681442248833e-01,9.111641226555133866e-01,9.808700027203117733e-01,9.660441889418736050e-01,9.753456442504191415e-01,8.973742066968967146e-01,9.686805075647596519e-01,8.592152700227257967e-01,8.946002092730556132e-01,9.013542388893278634e-01,9.531339218053169748e-01,9.533723954948450929e-01,9.186817464203568262e-01,9.324407588779775047e-01,9.115613179225160456e-01,9.016349891050403631e-01,8.627576442684220526e-01,9.170621347362143405e-01,1.000000000000000000e+00,9.067350411340793226e-01,9.740173657275215113e-01,9.767899877831406341e-01,9.827937978148141296e-01,9.224760524192393563e-01,8.680263803982871673e-01,9.614252833028029688e-01,8.983024586549422930e-01,9.778012427894569036e-01
9.665021766395649472e-01,8.961654615380910682e-01,9.838509871108332971e-01,9.736069997666533249e-01,9.774206337308847248e-01,9.101192463455224368e-01,9.832260977734823548e-01,8.878100287343426711e-01,9.479284942948044135e-01,9.513604822142727180e-01,9.656624552227556224e-01,9.729448739308631522e-01,9.755179149948621786e-01,9.133033388887563664e-01,9.051017800598728513e-01,9.031789280727694491e-01,8.781459780951498262e-01,9.032280629020167373e-01,9.230969302441095481e-01,9.724816865446825886e-01,9.847922427170466841e-01,9.318164532826933577e-01,9.297098449078800009e-01,8.639715222747844647e-01,8.730175155059166636e-01,9.721086290434344246e-01,8.886914365611692235e-01,9.267069207922187246e-01,9.640447574521647800e-01,9.067350411340793226e-01,1.000000000000000000e+00,9.151698363101445910e-01,9.022157586708740018e-01,9.058379402572950267e-01,8.657860607117462415e-01,9.471555307872394636e-01,9.052706491897722918e-01,9.790398324633606819e-01,9.039190265708922922e-01
9.294175177698206225e-01,9.389786104180865012e-01,9.145105475718234844e-01,9.039380711844848815e-01,9.173269112859379071e-01,9.796923501860239636e-01,9.129295541459692132e-01,8.938315702519236128e-01,9.414330304802370764e-01,8.868512954513513291e-01,9.016514688940577837e-01,9.038379824093245585e-01,9.224605669556077414e-01,9.801384430309817430e-01,9.570695209044206564e-01,9.648028482982992093e-01,8.961684025616691862e-01,9.598113750563739277e-01,8.782266539712708653e-01,9.046216185011078936e-01,9.111692479288376889e-01,9.659704778337110387e-01,9.656917015347040723e-01,9.067516106885947780e-01,9.213839185307453050e-01,9.246891129762149220e-01,9.101274655834271643e-01,8.820358066529031538e-01,9.295504994487356898e-01,9.740173657275215113e-01,9.151698363101445910e-01,1.000000000000000000e+00,9.657947656506243872e-01,9.734231528990017202e-01,9.111132745490945206e-01,8.850893729958502210e-01,9.503250204514358535e-01,9.089390722538467360e-01,9.677034680997046445e-01
9.152149934462066039e-01,9.553741118557156353e-01,8.980512910311778674e-01,8.941676517415797498e-01,9.035132217002804778e-01,9.708713231045926761e-01,8.967455430774010638e-01,8.696604190891078501e-01,9.234209238959092403e-01,8.740626138583273974e-01,8.897220500440099489e-01,8.947101789591183074e-01,9.084293660125257741e-01,9.727092327235582481e-01,9.718475687284143794e-01,9.842558722594954013e-01,8.986036947387417984e-01,9.757868416962938163e-01,8.620888273843863026e-01,8.951755204434679314e-01,8.962401219171789446e-01,9.463282098474613546e-01,9.472998295887062881e-01,9.221741588401756173e-01,9.370656831063772785e-01,9.096411934737843596e-01,8.997337762071517808e-01,8.605623159968385227e-01,9.125518323695027689e-01,9.767899877831406341e-01,9.022157586708740018e-01,9.657947656506243872e-01,1.000000000000000000e+00,9.788397880796804174e-01,9.266566814166775634e-01,8.690713222738531973e-01,9.670949768413587000e-01,8.947226298524578736e-01,9.841197246321539138e-01
9.180386645380658184e-01,9.504636432800055434e-01,9.027830257486442189e-01,8.931392028489584245e-01,9.066186114388758988e-01,9.796762266268331798e-01,9.006166985923698132e-01,8.770327182358912399e-01,9.298879158123375399e-01,8.744523292505967937e-01,8.887184447899274531e-01,8.934547788071073304e-01,9.110205562447046823e-01,9.806465137245578001e-01,9.674675532568108860e-01,9.771755194717652859e-01,8.986894874971921299e-01,9.712657698694733277e-01,8.614240913448992787e-01,8.941383421708494206e-01,9.003327708727202339e-01,9.533772081661060493e-01,9.535764224411620305e-01,9.197462782189012032e-01,9.335013079562918259e-01,9.108572666758310010e-01,9.033206436739038558e-01,8.629721725300106838e-01,9.165309717857393901e-01,9.827937978148141296e-01,9.058379402572950267e-01,9.734231528990017202e-01,9.788397880796804174e-01,1.000000000000000000e+00,9.225357436479952877e-01,8.686740382724388310e-01,9.621905574202176403e-01,8.956044276679238081e-01,9.802719424832929684e-01
8.687841363210800916e-01,9.606648424643184914e-01,8.621123557706223961e-01,8.553978773052447471e-01,8.588131181841176520e-01,9.152373478401528706e-01,8.601229141068699180e-01,9.026236675205226989e-01,8.812050780534144145e-01,8.391890375046635597e-01,8.535989719446748225e-01,8.568321972494590266e-01,8.648180514896498527e-01,9.173778069886362463e-01,9.478640651776137904e-01,9.267517256326015529e-01,9.408701708115331241e-01,9.443303320070262075e-01,8.502406332897485264e-01,8.608576721619914940e-01,8.607235860405909600e-01,8.976769406833088327e-01,9.007010836630195971e-01,9.790084742865433620e-01,9.805309283340954973e-01,8.625348513823664076e-01,9.171685838934310331e-01,8.447619749537380596e-01,8.649478589429316910e-01,9.224760524192393563e-01,8.657860607117462415e-01,9.111132745490945206e-01,9.266566814166775634e-01,9.225357436479952877e-01,1.000000000000000000e+00,8.334593037660081860e-01,9.502399065446109905e-01,8.597525796073318682e-01,9.252467162972399795e-01
9.299561810139500562e-01,8.646724037755764147e-01,9.491703751041469239e-01,9.521478555687292733e-01,9.376343466587911957e-01,8.756887106453693503e-01,9.485259329802699924e-01,9.003378006335782668e-01,9.159985233686491757e-01,9.805979784581053682e-01,9.651812601877950426e-01,9.518129441765071919e-01,9.364255599310991052e-01,8.762402665093481646e-01,8.754463859235838141e-01,8.706790978351625077e-01,8.600856807139690696e-01,8.712177595961976273e-01,9.515899604886078889e-01,9.570926966887272069e-01,9.496816315707276024e-01,8.982253786681339003e-01,8.937940121651790637e-01,8.347910183669742246e-01,8.411196326265234502e-01,9.363217519571289671e-01,8.834032739329131800e-01,9.553139278406413970e-01,9.289141650533083716e-01,8.680263803982871673e-01,9.471555307872394636e-01,8.850893729958502210e-01,8.690713222738531973e-01,8.686740382724388310e-01,8.334593037660081860e-01,1.000000000000000000e+00,8.705578239864766310e-01,9.502797250519974259e-01,8.717434993511827823e-01
9.101993929703605657e-01,9.772409158181170064e-01,9.023576762949412355e-01,8.951379078448948867e-01,9.014760202106743003e-01,9.548324888627278684e-01,9.007275521959572373e-01,8.896016899846677095e-01,9.180371611096870277e-01,8.747073917833246837e-01,8.872004237037541818e-01,8.965767398608657235e-01,9.065264941776213226e-01,9.572281066314842768e-01,9.826491641921061282e-01,9.688827408847401346e-01,9.180597109224608587e-01,9.792525432154555176e-01,8.735386821808199809e-01,8.963568593408912655e-01,9.006339267355697453e-01,9.362532466573963985e-01,9.381959512103185128e-01,9.444629197024762002e-01,9.589974114822992224e-01,9.066544840726754595e-01,9.092992419178932417e-01,8.680177759889291522e-01,9.068320534916882725e-01,9.614252833028029688e-01,9.052706491897722918e-01,9.503250204514358535e-01,9.670949768413587000e-01,9.621905574202176403e-01,9.502399065446109905e-01,8.705578239864766310e-01,1.000000000000000000e+00,8.996952951494208151e-01,9.660908803013722457e-01
9.572316578713722102e-01,8.905329892565289063e-01,9.809999846051018491e-01,9.804634814723762748e-01,9.687763314195185771e-01,9.019319807085558471e-01,9.818621523403698870e-01,8.896505043529003842e-01,9.412786452496739731e-01,9.545152551886590953e-01,9.691663673754130626e-01,9.798771403609873865e-01,9.668216865703408436e-01,9.052855941638988657e-01,9.006238592139615973e-01,8.968423996947402221e-01,8.750455967879580133e-01,8.987287474007731314e-01,9.254852315172098498e-01,9.767398055900874398e-01,9.803489491665006161e-01,9.279935229763144333e-01,9.258895038805412536e-01,8.576281544738955098e-01,8.664432637511030322e-01,9.643543988174068105e-01,8.912371115460043791e-01,9.319704666464010412e-01,9.559321756096781364e-01,8.983024586549422930e-01,9.790398324633606819e-01,9.089390722538467360e-01,8.947226298524578736e-01,8.956044276679238081e-01,8.597525796073318682e-01,9.502797250519974259e-01,8.996952951494208151e-01,1.000000000000000000e+00,8.964991671722639666e-01
9.171825078937246856e-01,9.542139466166417172e-01,8.996027940285847846e-01,8.956092588674547939e-01,9.043337543578647830e-01,9.729950990884335127e-01,8.982754040001724727e-01,8.744404256179523216e-01,9.267488753618541297e-01,8.771580675898924540e-01,8.918127158281896616e-01,8.961968677966307695e-01,9.096252557906424618e-01,9.746633657555260344e-01,9.711493073833138423e-01,9.831869970061976050e-01,8.996833287235493914e-01,9.745746412280813509e-01,8.655830957165817630e-01,8.965790537928268744e-01,8.980558527939993541e-01,9.489612553043028642e-01,9.490942250720302287e-01,9.212934388517769468e-01,9.356805050444768623e-01,9.105784684587941991e-01,9.023468712329697494e-01,8.660288094595113284e-01,9.150145138205535433e-01,9.778012427894569036e-01,9.039190265708922922e-01,9.677034680997046445e-01,9.841197246321539138e-01,9.802719424832929684e-01,9.252467162972399795e-01,8.717434993511827823e-01,9.660908803013722457e-01,8.964991671722639666e-01,1.000000000000000000e+00
