1.000000000000000000e+00,8.838253721225692860e-01,8.072627970275172427e-01,-4.882910783432838076e-02,7.900433389711397636e-01,-2.570858106013201860e-01,-6.818996082207075260e-02,3.249393988590672522e-01,8.330780758365363692e-01,8.244880907935366876e-01,5.034335775382933198e-01,4.920418366935471743e-01,-4.310381619542109077e-01,6.453541911578786205e-01,7.583986408505193344e-01,8.526049401089474955e-01,6.487486412845188122e-01,3.848752851421560761e-01,6.576002515952226180e-01,2.443838881007207031e-01,6.174788750847857166e-01,6.318017792779613284e-01,7.995367278310229198e-01,6.566602948184492305e-01,7.448714668996312405e-01,8.093068181048258536e-01,5.146762519670223801e-01,4.058488772276946377e-01,6.735329620252795690e-01,7.338558903090126595e-01,3.809452545493978159e-01,4.132291143061936345e-01,5.162851554375297303e-01,7.754608033409134960e-01,3.492295415190149743e-01,7.992487541926159844e-01,2.581534551260061816e-01,8.188411522758246575e-01,7.572370713340632609e-01
8.838253721225692860e-01,1.000000000000000000e+00,7.539637875790199395e-01,3.979253534010607218e-02,7.698939281667086520e-01,-1.538682051846890497e-01,2.325736624945613090e-02,3.158359813592708232e-01,8.613746576031843238e-01,8.566287922789406206e-01,4.075307567860884661e-01,5.973879513924600371e-01,-4.394602087803874402e-01,6.707865979311448124e-01,7.108692916474479429e-01,8.529546229608508945e-01,5.565528521716095467e-01,4.593996717503238125e-01,5.884010867319126037e-01,3.302008791903913720e-01,5.878051319579880030e-01,6.532013145651350827e-01,8.271370458165210326e-01,7.038580099230367093e-01,7.919384958687465392e-01,7.277704042335030321e-01,5.730554099099474108e-01,4.042119639314614710e-01,6.507961200679152070e-01,7.592498025001666040e-01,4.760275315534648888e-01,5.277590364557698255e-01,5.275589616136514559e-01,7.285991354544736343e-01,3.261222904489662344e-01,7.906461568874231238e-01,3.676544358817379621e-01,7.348671064382643614e-01,7.919029753030369934e-01
8.072627970275172427e-01,7.539637875790199395e-01,1.000000000000000000e+00,5.649373265442309000e-02,8.485362347060823041e-01,-2.110373114457250732e-01,-1.762347328667965632e-02,3.528395101368816400e-01,7.529242954930435161e-01,7.829834306070503347e-01,4.707209183900937788e-01,4.465242993795626725e-01,-4.048102504397355084e-01,7.001488109251262637e-01,6.632436454357446554e-01,7.786845329560843076e-01,5.977502639052088007e-01,4.358352057485737618e-01,7.545076725809193308e-01,3.089916321852215209e-01,6.655256913602989322e-01,7.180980702868405841e-01,7.072423559943498139e-01,5.702295825006757912e-01,6.814352171155639848e-01,7.482507756394758403e-01,4.996961746170473506e-01,4.117140876234215985e-01,5.299743958252219889e-01,6.399585597103373269e-01,3.402920225673664034e-01,3.496199775881690952e-01,5.977523352343654395e-01,8.546187639054209084e-01,2.178639806860213357e-01,6.868367203530921783e-01,2.127580127146989353e-01,6.826698834799455051e-01,6.839298689560473488e-01
-4.882910783432838076e-02,3.979253534010607218e-02,5.649373265442309000e-02,1.000000000000000000e+00,7.780326935471282290e-02,5.249833004726608271e-02,7.658046870394168426e-01,1.086640553437093620e-01,1.465865340394249816e-01,1.079998760360555143e-01,-6.626702017720900728e-02,-1.147431170554036040e-01,6.903804967801685510e-02,-2.601701444313113398e-02,-3.640197730786647878e-01,2.634462924645022269e-02,1.231920459424989261e-01,2.657870523121765860e-01,6.525904746080124497e-02,4.229838892299192521e-01,2.154058114769265564e-01,2.897569668387875996e-01,-1.508561986056209669e-01,2.092866324703710479e-01,-9.749446891452497044e-02,1.552776034507985514e-01,3.701268083013979915e-01,4.182272318592561433e-01,2.226429509707653909e-01,5.459982486541726382e-02,4.846786149634991769e-01,3.049820271505509495e-01,2.248882221377107582e-01,-1.629944931451674517e-01,2.730933158813523831e-01,-1.394231411289565958e-01,3.851610046251677799e-01,-2.004776707461943253e-01,1.300200336724985084e-01
7.900433389711397636e-01,7.698939281667086520e-01,8.485362347060823041e-01,7.780326935471282290e-02,1.000000000000000000e+00,-2.546331170581957459e-01,-9.641801189944051997e-03,1.171127662916057882e-01,7.863583956782428386e-01,7.286460649691175462e-01,4.377351413942462410e-01,4.795724104185821735e-01,-4.301961045441008991e-01,6.382867905430167355e-01,6.545141877530813446e-01,7.420684233946459596e-01,5.211325866560569953e-01,5.258925106806022765e-01,7.179780767869994307e-01,3.667074077029096602e-01,4.944853397108124882e-01,5.816778316824977590e-01,6.994695379916140432e-01,6.101327375019600652e-01,6.680745068389294383e-01,6.726101492523183234e-01,4.880271175349255031e-01,3.140321909233809161e-01,4.866800478464688995e-01,6.213827951494039770e-01,3.266180436377799645e-01,3.829497299099781649e-01,4.444764271814526380e-01,7.679041078050344860e-01,1.509365038607647092e-01,7.131758903666991500e-01,2.429226413852763056e-01,6.863792892326087136e-01,7.155664757977758805e-01
-2.570858106013201860e-01,-1.538682051846890497e-01,-2.110373114457250732e-01,5.249833004726608271e-02,-2.546331170581957459e-01,1.000000000000000000e+00,2.753077809530655173e-01,2.236753107794279827e-01,-1.565745890850055999e-01,-8.729288201336725395e-02,-3.337963519277303837e-01,1.248192021349604636e-01,2.242870549265464919e-01,1.081459432358008177e-01,-1.141218288482811066e-01,-1.131810108151318217e-01,-9.400330353896840796e-02,1.174246258900098622e-01,-2.542114932773105185e-01,2.115092200722072380e-01,-4.933107572567648402e-04,1.532661086893373492e-01,-1.488175166670080082e-02,5.956083386044514101e-03,5.644207435630154562e-02,-1.974321622789225184e-01,1.634914443313381371e-01,1.700092559929424763e-01,3.937351656183533943e-02,-4.228365286295721753e-02,2.124381233338683284e-01,3.263586694636153585e-01,2.485971886551788523e-01,-1.823681677863570882e-01,8.715332667623325313e-02,-1.930249015206944863e-01,4.523350866703257367e-01,-2.988078913909300582e-01,-1.412694677652797104e-01
-6.818996082207075260e-02,2.325736624945613090e-02,-1.762347328667965632e-02,7.658046870394168426e-01,-9.641801189944051997e-03,2.753077809530655173e-01,1.000000000000000000e+00,3.358740511172383925e-01,1.400931310858810341e-01,1.157243131952997300e-01,-1.682740397085991935e-01,-1.178091464167691643e-01,1.932296697079257386e-01,6.679815439957560719e-02,-2.033159089529070485e-01,5.065730294975755166e-02,1.025684401413986813e-01,1.670812393043158151e-01,-4.270824075441660012e-02,4.062685000498170163e-01,3.003325314829808912e-01,3.704919313140334070e-01,-1.444666975886151339e-01,3.232578181608856127e-01,-1.140722980841983869e-01,1.680960532510986927e-01,4.255810468929786539e-01,5.448979909395031962e-01,3.360895533370572008e-01,6.308777778084088961e-02,5.644237069445064980e-01,4.224281445229266518e-01,3.393484507510277637e-01,-1.706191166227365719e-01,4.221340335834877222e-01,-1.539957801233017287e-01,5.535748034494556435e-01,-2.330028917594549054e-01,5.777346032390361791e-02
3.249393988590672522e-01,3.158359813592708232e-01,3.528395101368816400e-01,1.086640553437093620e-01,1.171127662916057882e-01,2.236753107794279827e-01,3.358740511172383925e-01,1.000000000000000000e+00,3.802073339464201451e-01,4.204106982853653696e-01,1.270803689336669762e-01,2.435525582261487132e-01,-1.073533917844724309e-02,4.366086196066009673e-01,3.665604441377045553e-01,4.030233052440312380e-01,4.258140168939716919e-01,-1.704904555132240014e-03,2.683853621048145621e-01,1.453589957229446845e-02,7.297881534073776821e-01,7.026345663624622429e-01,2.814780643025275308e-01,4.090311689494773306e-01,2.629822158790152131e-01,5.563417719395521432e-01,5.218369274628024135e-01,6.818606126682315027e-01,5.564698939476391271e-01,3.803948362760838919e-01,6.006556917756467051e-01,4.597170548037157189e-01,6.939835081766364544e-01,3.570293206154809273e-01,5.418998999484065937e-01,1.950586716495088524e-01,4.504989300359338311e-01,1.996168431330085924e-01,2.817119010450982453e-01
8.330780758365363692e-01,8.613746576031843238e-01,7.529242954930435161e-01,1.465865340394249816e-01,7.863583956782428386e-01,-1.565745890850055999e-01,1.400931310858810341e-01,3.802073339464201451e-01,1.000000000000000000e+00,8.279026960928118628e-01,3.783185007297246716e-01,6.088406911280415112e-01,-3.838400514478007564e-01,6.620843897373570597e-01,7.282612022774429539e-01,8.025298732764940546e-01,5.888586174313636956e-01,4.599197622790315854e-01,6.965939718115516932e-01,3.757482425497737921e-01,6.704542099233316010e-01,7.317372612475985250e-01,8.023191431712769495e-01,7.286865309093522036e-01,7.672057228212039171e-01,8.076480894128377219e-01,6.601311702271869253e-01,5.160857730841348356e-01,7.225375639799717087e-01,8.036519571399357575e-01,5.903084971041596685e-01,5.893957243202367913e-01,5.876866393032756930e-01,7.467936765974764191e-01,4.274556552223547912e-01,7.476284931836206793e-01,4.492111729607032866e-01,7.580503898049940625e-01,8.648872232179297681e-01
8.244880907935366876e-01,8.566287922789406206e-01,7.829834306070503347e-01,1.079998760360555143e-01,7.286460649691175462e-01,-8.729288201336725395e-02,1.157243131952997300e-01,4.204106982853653696e-01,8.279026960928118628e-01,1.000000000000000000e+00,2.695292560711241570e-01,4.872099759294241661e-01,-4.348158973978230590e-01,7.280531555150094869e-01,6.322422376324738913e-01,8.993661351685154903e-01,5.094497522177390270e-01,3.973148071336526921e-01,6.341062336047120773e-01,4.067083728144140209e-01,6.143037708426938304e-01,7.059084471033936214e-01,7.902223878904680587e-01,6.232185566363874774e-01,7.492716349324931580e-01,6.888502922673431783e-01,5.491851609001427992e-01,4.589634547456468705e-01,6.407746615030658344e-01,7.285272314853239450e-01,4.800957796663332666e-01,4.906487363411690672e-01,6.585579012753985939e-01,7.790151485684652100e-01,3.510600173937488133e-01,7.346769477648104063e-01,3.652993649675885801e-01,6.463799894042214778e-01,7.661605862093523456e-01
5.034335775382933198e-01,4.075307567860884661e-01,4.707209183900937788e-01,-6.626702017720900728e-02,4.377351413942462410e-01,-3.337963519277303837e-01,-1.682740397085991935e-01,1.270803689336669762e-01,3.783185007297246716e-01,2.695292560711241570e-01,1.000000000000000000e+00,2.525120283572208080e-01,-2.101577018775655295e-02,2.385963610545866198e-01,3.853075133036963362e-01,2.314113589100512958e-01,6.387414118180639866e-01,6.860053003105638647e-03,3.129548639725207582e-01,-1.841430506883813822e-01,4.545800715328244812e-01,2.665825059430360078e-01,3.298545484972776887e-01,3.356496480843019770e-01,3.418528748111082094e-01,5.585637208462278513e-01,3.119104225294441202e-01,2.966004501897036572e-01,2.755020614254267697e-01,2.112584171048640935e-01,8.244539428762727440e-02,1.390975395369258016e-01,6.942943521484279401e-02,3.832864474323036674e-01,9.297003153756802640e-02,3.321396843930862208e-01,-1.545858919010082051e-02,5.496530367381844417e-01,4.099780717688951137e-01
4.920418366935471743e-01,5.973879513924600371e-01,4.465242993795626725e-01,-1.147431170554036040e-01,4.795724104185821735e-01,1.248192021349604636e-01,-1.178091464167691643e-01,2.435525582261487132e-01,6.088406911280415112e-01,4.872099759294241661e-01,2.525120283572208080e-01,1.000000000000000000e+00,-8.534982323155355932e-02,5.584264444058746335e-01,5.852833229673751747e-01,4.853405346431678979e-01,2.535345908193511466e-01,5.771580852468444212e-01,3.012197809555015593e-01,2.954973276346915534e-01,3.639210142652873348e-01,5.509931150581471870e-01,5.866601180613705280e-01,5.904289895690996159e-01,7.074776630589899584e-01,4.260408422745208812e-01,6.756052194051288540e-01,2.905843008517314252e-01,3.971251890675498997e-01,4.983459058129728336e-01,5.246180473759343155e-01,6.743933351514099783e-01,4.647997610920983069e-01,4.323877007385408811e-01,7.808902425120871349e-02,6.074179479479085986e-01,5.590995332067048018e-01,4.576707171422284559e-01,6.592504313212985689e-01
-4.310381619542109077e-01,-4.394602087803874402e-01,-4.048102504397355084e-01,6.903804967801685510e-02,-4.301961045441008991e-01,2.242870549265464919e-01,1.932296697079257386e-01,-1.073533917844724309e-02,-3.838400514478007564e-01,-4.348158973978230590e-01,-2.101577018775655295e-02,-8.534982323155355932e-02,1.000000000000000000e+00,-2.416725519694002955e-01,-3.491978877052765440e-01,-4.555888678055300400e-01,-1.546911314487512401e-01,-9.058045921295569680e-02,-4.855774693175049506e-01,-6.314726261201387969e-02,-1.546243329310048320e-01,-1.615025418255432998e-01,-4.833528196193925819e-01,-1.453691324528171291e-01,-3.147266938863255148e-01,-2.649195010996223121e-01,6.528764587352066558e-03,1.204608792188272964e-01,-2.431910626718192525e-01,-4.688379055846052523e-01,-9.803314762875570479e-03,1.169486773894652804e-01,-8.999656055807893351e-02,-5.096694548105359379e-01,-7.305618948625282327e-02,-3.916621517692347454e-01,2.176060315475720486e-01,-4.604167392721349450e-01,-3.342895907816715861e-01
6.453541911578786205e-01,6.707865979311448124e-01,7.001488109251262637e-01,-2.601701444313113398e-02,6.382867905430167355e-01,1.081459432358008177e-01,6.679815439957560719e-02,4.366086196066009673e-01,6.620843897373570597e-01,7.280531555150094869e-01,2.385963610545866198e-01,5.584264444058746335e-01,-2.416725519694002955e-01,1.000000000000000000e+00,5.903400118373967054e-01,7.122240195968677634e-01,4.086709211270064257e-01,3.744041378424545763e-01,4.469514988600885030e-01,3.121985578189477861e-01,5.602202265405598069e-01,7.123791890425524853e-01,6.904954802044930284e-01,6.807736574920755235e-01,7.066167398369355146e-01,5.521126013529120691e-01,5.559855230613246491e-01,4.435308013893867196e-01,4.686071413503440919e-01,5.364886267866665337e-01,4.939571368669909979e-01,5.228429163010962499e-01,7.169235291244576702e-01,6.913453123411645862e-01,2.010438571207549818e-01,5.478565711056367915e-01,4.725851721776841985e-01,4.639191358056150571e-01,6.319553544971698855e-01
7.583986408505193344e-01,7.108692916474479429e-01,6.632436454357446554e-01,-3.640197730786647878e-01,6.545141877530813446e-01,-1.141218288482811066e-01,-2.033159089529070485e-01,3.665604441377045553e-01,7.282612022774429539e-01,6.322422376324738913e-01,3.853075133036963362e-01,5.852833229673751747e-01,-3.491978877052765440e-01,5.903400118373967054e-01,1.000000000000000000e+00,6.763261108196862992e-01,5.417232275987499124e-01,2.568721755134861229e-01,5.862931846953540749e-01,7.889734256263407353e-02,5.793315209942099253e-01,5.648745444762780510e-01,7.488031480796683015e-01,5.537792216455574845e-01,6.673618176850591999e-01,7.026069191788573143e-01,3.979538210504918183e-01,3.152443554112668855e-01,5.967823571855692677e-01,6.791008433671475997e-01,2.814724622887753158e-01,3.744560502232914811e-01,4.740815993877682266e-01,7.437529552985467918e-01,3.555390235911806140e-01,7.301822886004510904e-01,2.200538502678085484e-01,7.916305863614968574e-01,5.703311368309694762e-01
8.526049401089474955e-01,8.529546229608508945e-01,7.786845329560843076e-01,2.634462924645022269e-02,7.420684233946459596e-01,-1.131810108151318217e-01,5.065730294975755166e-02,4.030233052440312380e-01,8.025298732764940546e-01,8.993661351685154903e-01,2.314113589100512958e-01,4.853405346431678979e-01,-4.555888678055300400e-01,7.122240195968677634e-01,6.763261108196862992e-01,1.000000000000000000e+00,4.894810167599061845e-01,4.293670021806587078e-01,5.964938604495026997e-01,3.939061976724194114e-01,5.883799696630334086e-01,6.874935264171925242e-01,7.852380374218315140e-01,6.033314506896153562e-01,7.120365892713500511e-01,6.760650995702401911e-01,4.949153101925407583e-01,4.237834076409334183e-01,6.232394506103112741e-01,7.121858770038879127e-01,4.319629976911784075e-01,4.528757014215865628e-01,6.672221166119529645e-01,7.767250187198883049e-01,3.356034059208924947e-01,7.413361454189861810e-01,3.379431794345988949e-01,6.533163478615651165e-01,7.103196364495253379e-01
6.487486412845188122e-01,5.565528521716095467e-01,5.977502639052088007e-01,1.231920459424989261e-01,5.211325866560569953e-01,-9.400330353896840796e-02,1.025684401413986813e-01,4.258140168939716919e-01,5.888586174313636956e-01,5.094497522177390270e-01,6.387414118180639866e-01,2.535345908193511466e-01,-1.546911314487512401e-01,4.086709211270064257e-01,5.417232275987499124e-01,4.894810167599061845e-01,1.000000000000000000e+00,1.145819612304366519e-01,4.862404115449347475e-01,5.439811043081799191e-02,6.979752765014097804e-01,6.043081494327116054e-01,5.038667121897008050e-01,4.633521720422499879e-01,4.220524252823613098e-01,7.975432293695299268e-01,4.633674972862193431e-01,5.279368873121117467e-01,7.013099449279875941e-01,5.060000170987368762e-01,4.103030680801838526e-01,3.783857926414918027e-01,4.785809543727260751e-01,4.896624942693714733e-01,5.746124588814799372e-01,3.883845359303705891e-01,2.549523424326075594e-01,6.385054659955688994e-01,4.697244914993370379e-01
3.848752851421560761e-01,4.593996717503238125e-01,4.358352057485737618e-01,2.657870523121765860e-01,5.258925106806022765e-01,1.174246258900098622e-01,1.670812393043158151e-01,-1.704904555132240014e-03,4.599197622790315854e-01,3.973148071336526921e-01,6.860053003105638647e-03,5.771580852468444212e-01,-9.058045921295569680e-02,3.744041378424545763e-01,2.568721755134861229e-01,4.293670021806587078e-01,1.145819612304366519e-01,1.000000000000000000e+00,3.767959380876542141e-01,7.012420167929376280e-01,1.284257093678738415e-01,4.451681895043631543e-01,3.875160538938456911e-01,4.617859580773570061e-01,5.175894641441344257e-01,2.892729845527725607e-01,5.519954827646622597e-01,1.738167986352599226e-01,2.956051046522402137e-01,4.090995691150995928e-01,4.646789443955618992e-01,5.551443758606797729e-01,3.795465118243891989e-01,2.289299886926726979e-01,-8.719625420883845082e-03,4.732498260621720299e-01,5.386589448081802178e-01,1.512898106557994948e-01,4.510043220936373332e-01
6.576002515952226180e-01,5.884010867319126037e-01,7.545076725809193308e-01,6.525904746080124497e-02,7.179780767869994307e-01,-2.542114932773105185e-01,-4.270824075441660012e-02,2.683853621048145621e-01,6.965939718115516932e-01,6.341062336047120773e-01,3.129548639725207582e-01,3.012197809555015593e-01,-4.855774693175049506e-01,4.469514988600885030e-01,5.862931846953540749e-01,5.964938604495026997e-01,4.862404115449347475e-01,3.767959380876542141e-01,1.000000000000000000e+00,2.790717023088683524e-01,5.188681507182928421e-01,5.297427706263020397e-01,5.969151096107180310e-01,4.221267611946488141e-01,5.515702852512991416e-01,6.667243300620515623e-01,3.699500939418839951e-01,2.642248956148382510e-01,5.124137542793500977e-01,6.143125351600446926e-01,2.744799393619819505e-01,2.452997977201248625e-01,3.971408558537466438e-01,7.368175262349543342e-01,3.069501207262526066e-01,5.789922840179853036e-01,1.014226898070827304e-01,6.148921438666636874e-01,5.881837056777515782e-01
2.443838881007207031e-01,3.302008791903913720e-01,3.089916321852215209e-01,4.229838892299192521e-01,3.667074077029096602e-01,2.115092200722072380e-01,4.062685000498170163e-01,1.453589957229446845e-02,3.757482425497737921e-01,4.067083728144140209e-01,-1.841430506883813822e-01,2.954973276346915534e-01,-6.314726261201387969e-02,3.121985578189477861e-01,7.889734256263407353e-02,3.939061976724194114e-01,5.439811043081799191e-02,7.012420167929376280e-01,2.790717023088683524e-01,1.000000000000000000e+00,8.467318958107403204e-02,4.074609789601385534e-01,2.841719797992664498e-01,3.816478414043278367e-01,3.812388479737137681e-01,1.784173958954176353e-01,4.439542766239757410e-01,1.939103392868195275e-01,3.215684751475501035e-01,3.442473003093400319e-01,4.438642960114895786e-01,5.057864835618884891e-01,4.187986803859858331e-01,1.679990685602181233e-01,1.623579200071048056e-01,3.303439150443319150e-01,5.403434243856111152e-01,8.849924334185415783e-03,3.506523626510317238e-01
6.174788750847857166e-01,5.878051319579880030e-01,6.655256913602989322e-01,2.154058114769265564e-01,4.944853397108124882e-01,-4.933107572567648402e-04,3.003325314829808912e-01,7.297881534073776821e-01,6.704542099233316010e-01,6.143037708426938304e-01,4.545800715328244812e-01,3.639210142652873348e-01,-1.546243329310048320e-01,5.602202265405598069e-01,5.793315209942099253e-01,5.883799696630334086e-01,6.979752765014097804e-01,1.284257093678738415e-01,5.188681507182928421e-01,8.467318958107403204e-02,1.000000000000000000e+00,8.114306359269879421e-01,5.182162217034257390e-01,5.899041945039517065e-01,4.515557683015589685e-01,8.364964579922762322e-01,6.086627790778776914e-01,7.888330884007148658e-01,7.095218326904650930e-01,5.736088801462997377e-01,5.984226042438709481e-01,4.737775535962893136e-01,6.818817105719611193e-01,5.948482152938022738e-01,5.871162611710477597e-01,4.051210311022463983e-01,3.874090111280091842e-01,5.824979967147613236e-01,5.627166106813054069e-01
6.318017792779613284e-01,6.532013145651350827e-01,7.180980702868405841e-01,2.897569668387875996e-01,5.816778316824977590e-01,1.532661086893373492e-01,3.704919313140334070e-01,7.026345663624622429e-01,7.317372612475985250e-01,7.059084471033936214e-01,2.665825059430360078e-01,5.509931150581471870e-01,-1.615025418255432998e-01,7.123791890425524853e-01,5.648745444762780510e-01,6.874935264171925242e-01,6.043081494327116054e-01,4.451681895043631543e-01,5.297427706263020397e-01,4.074609789601385534e-01,8.114306359269879421e-01,1.000000000000000000e+00,5.815605882703898111e-01,7.009430901279352089e-01,5.982748853654206167e-01,7.663938802079343082e-01,7.746154481086651167e-01,7.131623337963721720e-01,7.133015734303069788e-01,6.370487265415948341e-01,7.561533930705054418e-01,7.015415963899271912e-01,8.648421398148844474e-01,6.113507748536538555e-01,5.171051500614116669e-01,5.132167816997367238e-01,6.379774754386239310e-01,4.713431918375435847e-01,6.370790973882552999e-01
7.995367278310229198e-01,8.271370458165210326e-01,7.072423559943498139e-01,-1.508561986056209669e-01,6.994695379916140432e-01,-1.488175166670080082e-02,-1.444666975886151339e-01,2.814780643025275308e-01,8.023191431712769495e-01,7.902223878904680587e-01,3.298545484972776887e-01,5.866601180613705280e-01,-4.833528196193925819e-01,6.904954802044930284e-01,7.488031480796683015e-01,7.852380374218315140e-01,5.038667121897008050e-01,3.875160538938456911e-01,5.969151096107180310e-01,2.841719797992664498e-01,5.182162217034257390e-01,5.815605882703898111e-01,1.000000000000000000e+00,5.860161313608537315e-01,8.436534325803678458e-01,6.313436626123209994e-01,4.343324499072201417e-01,2.777739896274643017e-01,5.722412549341492349e-01,7.725853109195368607e-01,3.398382742692413472e-01,4.068255558848675735e-01,4.966344988039210762e-01,7.759451417890681491e-01,2.609701757086974050e-01,7.515488888574620718e-01,2.584275046481358529e-01,7.373882116753016636e-01,7.483116482635404632e-01
6.566602948184492305e-01,7.038580099230367093e-01,5.702295825006757912e-01,2.092866324703710479e-01,6.101327375019600652e-01,5.956083386044514101e-03,3.232578181608856127e-01,4.090311689494773306e-01,7.286865309093522036e-01,6.232185566363874774e-01,3.356496480843019770e-01,5.904289895690996159e-01,-1.453691324528171291e-01,6.807736574920755235e-01,5.537792216455574845e-01,6.033314506896153562e-01,4.633521720422499879e-01,4.617859580773570061e-01,4.221267611946488141e-01,3.816478414043278367e-01,5.899041945039517065e-01,7.009430901279352089e-01,5.860161313608537315e-01,1.000000000000000000e+00,6.484735542059822944e-01,6.609411945450213155e-01,7.770061124608761416e-01,5.505001157231892428e-01,6.575705221815174584e-01,5.802830095345158368e-01,7.036284326524454569e-01,7.199484910963688256e-01,5.773835296590372756e-01,4.742568818644684048e-01,3.900450059103787170e-01,5.751708785565670112e-01,6.597601082806336947e-01,4.969417179316439337e-01,7.100250762109929781e-01
7.448714668996312405e-01,7.919384958687465392e-01,6.814352171155639848e-01,-9.749446891452497044e-02,6.680745068389294383e-01,5.644207435630154562e-02,-1.140722980841983869e-01,2.629822158790152131e-01,7.672057228212039171e-01,7.492716349324931580e-01,3.418528748111082094e-01,7.074776630589899584e-01,-3.147266938863255148e-01,7.066167398369355146e-01,6.673618176850591999e-01,7.120365892713500511e-01,4.220524252823613098e-01,5.175894641441344257e-01,5.515702852512991416e-01,3.812388479737137681e-01,4.515557683015589685e-01,5.982748853654206167e-01,8.436534325803678458e-01,6.484735542059822944e-01,1.000000000000000000e+00,5.850698458043445127e-01,5.696828211059914437e-01,2.995056731207432765e-01,4.841901312749072872e-01,7.103065728551222202e-01,4.057306662439909006e-01,5.266941869255660214e-01,5.015237703965836902e-01,7.000399876329455040e-01,1.386410851794028509e-01,7.677072043909953791e-01,3.985256227940268681e-01,6.221154292087403004e-01,7.738072295002793588e-01
8.093068181048258536e-01,7.277704042335030321e-01,7.482507756394758403e-01,1.552776034507985514e-01,6.726101492523183234e-01,-1.974321622789225184e-01,1.680960532510986927e-01,5.563417719395521432e-01,8.076480894128377219e-01,6.888502922673431783e-01,5.585637208462278513e-01,4.260408422745208812e-01,-2.649195010996223121e-01,5.521126013529120691e-01,7.026069191788573143e-01,6.760650995702401911e-01,7.975432293695299268e-01,2.892729845527725607e-01,6.667243300620515623e-01,1.784173958954176353e-01,8.364964579922762322e-01,7.663938802079343082e-01,6.313436626123209994e-01,6.609411945450213155e-01,5.850698458043445127e-01,1.000000000000000000e+00,6.376943802097049252e-01,6.511789184300047495e-01,8.032167036853616882e-01,7.042044192897114474e-01,5.810564055394706884e-01,4.986525625770772963e-01,6.042333919404916376e-01,6.564982037887138189e-01,5.956610061851663751e-01,6.089359541745613669e-01,3.699829769247070521e-01,7.574741049929804015e-01,6.855389093534576261e-01
5.146762519670223801e-01,5.730554099099474108e-01,4.996961746170473506e-01,3.701268083013979915e-01,4.880271175349255031e-01,1.634914443313381371e-01,4.255810468929786539e-01,5.218369274628024135e-01,6.601311702271869253e-01,5.491851609001427992e-01,3.119104225294441202e-01,6.756052194051288540e-01,6.528764587352066558e-03,5.559855230613246491e-01,3.979538210504918183e-01,4.949153101925407583e-01,4.633674972862193431e-01,5.519954827646622597e-01,3.699500939418839951e-01,4.439542766239757410e-01,6.086627790778776914e-01,7.746154481086651167e-01,4.343324499072201417e-01,7.770061124608761416e-01,5.696828211059914437e-01,6.376943802097049252e-01,1.000000000000000000e+00,6.472679269835835969e-01,6.366299361293407122e-01,4.755736866229888227e-01,8.516170639592304248e-01,8.509706396592692235e-01,6.651410336612918472e-01,3.480724026476496591e-01,3.915274520942992331e-01,4.765607029860361998e-01,8.055805446744527254e-01,3.551187022618204070e-01,6.970692407699240478e-01
4.058488772276946377e-01,4.042119639314614710e-01,4.117140876234215985e-01,4.182272318592561433e-01,3.140321909233809161e-01,1.700092559929424763e-01,5.448979909395031962e-01,6.818606126682315027e-01,5.160857730841348356e-01,4.589634547456468705e-01,2.966004501897036572e-01,2.905843008517314252e-01,1.204608792188272964e-01,4.435308013893867196e-01,3.152443554112668855e-01,4.237834076409334183e-01,5.279368873121117467e-01,1.738167986352599226e-01,2.642248956148382510e-01,1.939103392868195275e-01,7.888330884007148658e-01,7.131623337963721720e-01,2.777739896274643017e-01,5.505001157231892428e-01,2.995056731207432765e-01,6.511789184300047495e-01,6.472679269835835969e-01,1.000000000000000000e+00,6.099556516536565054e-01,4.004418060782384825e-01,6.778791625297013734e-01,5.714355235938849420e-01,6.083917186112117736e-01,2.962290553426630835e-01,5.427807833178643904e-01,2.498481592427709008e-01,5.815928564174881465e-01,3.010664993570740799e-01,4.585603251421993543e-01
6.735329620252795690e-01,6.507961200679152070e-01,5.299743958252219889e-01,2.226429509707653909e-01,4.866800478464688995e-01,3.937351656183533943e-02,3.360895533370572008e-01,5.564698939476391271e-01,7.225375639799717087e-01,6.407746615030658344e-01,2.755020614254267697e-01,3.971251890675498997e-01,-2.431910626718192525e-01,4.686071413503440919e-01,5.967823571855692677e-01,6.232394506103112741e-01,7.013099449279875941e-01,2.956051046522402137e-01,5.124137542793500977e-01,3.215684751475501035e-01,7.095218326904650930e-01,7.133015734303069788e-01,5.722412549341492349e-01,6.575705221815174584e-01,4.841901312749072872e-01,8.032167036853616882e-01,6.366299361293407122e-01,6.099556516536565054e-01,1.000000000000000000e+00,6.760830796571184464e-01,6.747765585509830633e-01,6.386317735351394465e-01,6.436378211887299194e-01,4.558431829227300724e-01,7.979310621457993413e-01,5.019163812333979902e-01,5.599151126531052292e-01,6.224178171746911348e-01,5.976062245439974774e-01
7.338558903090126595e-01,7.592498025001666040e-01,6.399585597103373269e-01,5.459982486541726382e-02,6.213827951494039770e-01,-4.228365286295721753e-02,6.308777778084088961e-02,3.803948362760838919e-01,8.036519571399357575e-01,7.285272314853239450e-01,2.112584171048640935e-01,4.983459058129728336e-01,-4.688379055846052523e-01,5.364886267866665337e-01,6.791008433671475997e-01,7.121858770038879127e-01,5.060000170987368762e-01,4.090995691150995928e-01,6.143125351600446926e-01,3.442473003093400319e-01,5.736088801462997377e-01,6.370487265415948341e-01,7.725853109195368607e-01,5.802830095345158368e-01,7.103065728551222202e-01,7.042044192897114474e-01,4.755736866229888227e-01,4.004418060782384825e-01,6.760830796571184464e-01,1.000000000000000000e+00,4.745065313322266998e-01,4.387779570673064899e-01,4.727522418870467313e-01,6.690348688328219273e-01,4.474947702362339630e-01,6.829677754557410552e-01,3.074608288226624575e-01,6.909973792930881320e-01,6.887557025710447922e-01
3.809452545493978159e-01,4.760275315534648888e-01,3.402920225673664034e-01,4.846786149634991769e-01,3.266180436377799645e-01,2.124381233338683284e-01,5.644237069445064980e-01,6.006556917756467051e-01,5.903084971041596685e-01,4.800957796663332666e-01,8.244539428762727440e-02,5.246180473759343155e-01,-9.803314762875570479e-03,4.939571368669909979e-01,2.814724622887753158e-01,4.319629976911784075e-01,4.103030680801838526e-01,4.646789443955618992e-01,2.744799393619819505e-01,4.438642960114895786e-01,5.984226042438709481e-01,7.561533930705054418e-01,3.398382742692413472e-01,7.036284326524454569e-01,4.057306662439909006e-01,5.810564055394706884e-01,8.516170639592304248e-01,6.778791625297013734e-01,6.747765585509830633e-01,4.745065313322266998e-01,1.000000000000000000e+00,8.211495847522214397e-01,6.916834425652542695e-01,2.083067363997490595e-01,5.452961455332658858e-01,3.162532014745897957e-01,8.222090055528106234e-01,2.138151725670899839e-01,5.527128417352560330e-01
4.132291143061936345e-01,5.277590364557698255e-01,3.496199775881690952e-01,3.049820271505509495e-01,3.829497299099781649e-01,3.263586694636153585e-01,4.224281445229266518e-01,4.597170548037157189e-01,5.893957243202367913e-01,4.906487363411690672e-01,1.390975395369258016e-01,6.743933351514099783e-01,1.169486773894652804e-01,5.228429163010962499e-01,3.744560502232914811e-01,4.528757014215865628e-01,3.783857926414918027e-01,5.551443758606797729e-01,2.452997977201248625e-01,5.057864835618884891e-01,4.737775535962893136e-01,7.015415963899271912e-01,4.068255558848675735e-01,7.199484910963688256e-01,5.266941869255660214e-01,4.986525625770772963e-01,8.509706396592692235e-01,5.714355235938849420e-01,6.386317735351394465e-01,4.387779570673064899e-01,8.211495847522214397e-01,1.000000000000000000e+00,6.611252547695365411e-01,2.366732341762315950e-01,4.582112314595817026e-01,4.281578374444775514e-01,8.964317820865459474e-01,2.564464299403950154e-01,5.740012853375692226e-01
5.162851554375297303e-01,5.275589616136514559e-01,5.977523352343654395e-01,2.248882221377107582e-01,4.444764271814526380e-01,2.485971886551788523e-01,3.393484507510277637e-01,6.939835081766364544e-01,5.876866393032756930e-01,6.585579012753985939e-01,6.942943521484279401e-02,4.647997610920983069e-01,-8.999656055807893351e-02,7.169235291244576702e-01,4.740815993877682266e-01,6.672221166119529645e-01,4.785809543727260751e-01,3.795465118243891989e-01,3.971408558537466438e-01,4.187986803859858331e-01,6.818817105719611193e-01,8.648421398148844474e-01,4.966344988039210762e-01,5.773835296590372756e-01,5.015237703965836902e-01,6.042333919404916376e-01,6.651410336612918472e-01,6.083917186112117736e-01,6.436378211887299194e-01,4.727522418870467313e-01,6.916834425652542695e-01,6.611252547695365411e-01,1.000000000000000000e+00,5.280451441419173886e-01,5.130866527157935675e-01,4.036611428158694559e-01,6.462362984597870286e-01,3.122283357743892984e-01,4.896475763098152578e-01
7.754608033409134960e-01,7.285991354544736343e-01,8.546187639054209084e-01,-1.629944931451674517e-01,7.679041078050344860e-01,-1.823681677863570882e-01,-1.706191166227365719e-01,3.570293206154809273e-01,7.467936765974764191e-01,7.790151485684652100e-01,3.832864474323036674e-01,4.323877007385408811e-01,-5.096694548105359379e-01,6.913453123411645862e-01,7.437529552985467918e-01,7.767250187198883049e-01,4.896624942693714733e-01,2.289299886926726979e-01,7.368175262349543342e-01,1.679990685602181233e-01,5.948482152938022738e-01,6.113507748536538555e-01,7.759451417890681491e-01,4.742568818644684048e-01,7.000399876329455040e-01,6.564982037887138189e-01,3.480724026476496591e-01,2.962290553426630835e-01,4.558431829227300724e-01,6.690348688328219273e-01,2.083067363997490595e-01,2.366732341762315950e-01,5.280451441419173886e-01,1.000000000000000000e+00,1.717276326610133186e-01,6.989738756364932692e-01,8.081279235248524373e-02,7.103735860786879464e-01,6.579174974491104333e-01
3.492295415190149743e-01,3.261222904489662344e-01,2.178639806860213357e-01,2.730933158813523831e-01,1.509365038607647092e-01,8.715332667623325313e-02,4.221340335834877222e-01,5.418998999484065937e-01,4.274556552223547912e-01,3.510600173937488133e-01,9.297003153756802640e-02,7.808902425120871349e-02,-7.305618948625282327e-02,2.010438571207549818e-01,3.555390235911806140e-01,3.356034059208924947e-01,5.746124588814799372e-01,-8.719625420883845082e-03,3.069501207262526066e-01,1.623579200071048056e-01,5.871162611710477597e-01,5.171051500614116669e-01,2.609701757086974050e-01,3.900450059103787170e-01,1.386410851794028509e-01,5.956610061851663751e-01,3.915274520942992331e-01,5.427807833178643904e-01,7.979310621457993413e-01,4.474947702362339630e-01,5.452961455332658858e-01,4.582112314595817026e-01,5.130866527157935675e-01,1.717276326610133186e-01,1.000000000000000000e+00,1.702221801479690821e-01,4.273734975398494340e-01,3.787995849437792995e-01,2.616977923607133882e-01
7.992487541926159844e-01,7.906461568874231238e-01,6.868367203530921783e-01,-1.394231411289565958e-01,7.131758903666991500e-01,-1.930249015206944863e-01,-1.539957801233017287e-01,1.950586716495088524e-01,7.476284931836206793e-01,7.346769477648104063e-01,3.321396843930862208e-01,6.074179479479085986e-01,-3.916621517692347454e-01,5.478565711056367915e-01,7.301822886004510904e-01,7.413361454189861810e-01,3.883845359303705891e-01,4.732498260621720299e-01,5.789922840179853036e-01,3.303439150443319150e-01,4.051210311022463983e-01,5.132167816997367238e-01,7.515488888574620718e-01,5.751708785565670112e-01,7.677072043909953791e-01,6.089359541745613669e-01,4.765607029860361998e-01,2.498481592427709008e-01,5.019163812333979902e-01,6.829677754557410552e-01,3.162532014745897957e-01,4.281578374444775514e-01,4.036611428158694559e-01,6.989738756364932692e-01,1.702221801479690821e-01,1.000000000000000000e+00,2.692012973866897974e-01,7.039345609778184798e-01,7.038164653866724185e-01
2.581534551260061816e-01,3.676544358817379621e-01,2.127580127146989353e-01,3.851610046251677799e-01,2.429226413852763056e-01,4.523350866703257367e-01,5.535748034494556435e-01,4.504989300359338311e-01,4.492111729607032866e-01,3.652993649675885801e-01,-1.545858919010082051e-02,5.590995332067048018e-01,2.176060315475720486e-01,4.725851721776841985e-01,2.200538502678085484e-01,3.379431794345988949e-01,2.549523424326075594e-01,5.386589448081802178e-01,1.014226898070827304e-01,5.403434243856111152e-01,3.874090111280091842e-01,6.379774754386239310e-01,2.584275046481358529e-01,6.597601082806336947e-01,3.985256227940268681e-01,3.699829769247070521e-01,8.055805446744527254e-01,5.815928564174881465e-01,5.599151126531052292e-01,3.074608288226624575e-01,8.222090055528106234e-01,8.964317820865459474e-01,6.462362984597870286e-01,8.081279235248524373e-02,4.273734975398494340e-01,2.692012973866897974e-01,1.000000000000000000e+00,6.954263910578738217e-02,4.405424463682054426e-01
8.188411522758246575e-01,7.348671064382643614e-01,6.826698834799455051e-01,-2.004776707461943253e-01,6.863792892326087136e-01,-2.988078913909300582e-01,-2.330028917594549054e-01,1.996168431330085924e-01,7.580503898049940625e-01,6.463799894042214778e-01,5.496530367381844417e-01,4.576707171422284559e-01,-4.604167392721349450e-01,4.639191358056150571e-01,7.916305863614968574e-01,6.533163478615651165e-01,6.385054659955688994e-01,1.512898106557994948e-01,6.148921438666636874e-01,8.849924334185415783e-03,5.824979967147613236e-01,4.713431918375435847e-01,7.373882116753016636e-01,4.969417179316439337e-01,6.221154292087403004e-01,7.574741049929804015e-01,3.551187022618204070e-01,3.010664993570740799e-01,6.224178171746911348e-01,6.909973792930881320e-01,2.138151725670899839e-01,2.564464299403950154e-01,3.122283357743892984e-01,7.103735860786879464e-01,3.787995849437792995e-01,7.039345609778184798e-01,6.954263910578738217e-02,1.000000000000000000e+00,6.977316086206968304e-01
7.572370713340632609e-01,7.919029753030369934e-01,6.839298689560473488e-01,1.300200336724985084e-01,7.155664757977758805e-01,-1.412694677652797104e-01,5.777346032390361791e-02,2.817119010450982453e-01,8.648872232179297681e-01,7.661605862093523456e-01,4.099780717688951137e-01,6.592504313212985689e-01,-3.342895907816715861e-01,6.319553544971698855e-01,5.703311368309694762e-01,7.103196364495253379e-01,4.697244914993370379e-01,4.510043220936373332e-01,5.881837056777515782e-01,3.506523626510317238e-01,5.627166106813054069e-01,6.370790973882552999e-01,7.483116482635404632e-01,7.100250762109929781e-01,7.738072295002793588e-01,6.855389093534576261e-01,6.970692407699240478e-01,4.585603251421993543e-01,5.976062245439974774e-01,6.887557025710447922e-01,5.527128417352560330e-01,5.740012853375692226e-01,4.896475763098152578e-01,6.579174974491104333e-01,2.616977923607133882e-01,7.038164653866724185e-01,4.405424463682054426e-01,6.977316086206968304e-01,1.000000000000000000e+00
