1.000000000000000000e+00,7.006185560162571102e-01,2.683467086279486824e-01,3.279355257000873269e-01,5.763544622758782765e-01,6.115787541161021856e-01,2.342799579114253072e-01,-2.784745795860845141e-01,5.497455414911472937e-01,7.149431037503269915e-01,3.565764807277202464e-02,4.634822878141602875e-01,4.500094428582471773e-01,4.494698923562437387e-01,-7.773495644891383061e-02,4.519427999158288634e-01,7.387502811821342608e-01,2.080231998474447175e-01,2.543997295422994465e-01,3.264687592145418260e-01,2.420447430047885928e-01,3.873040349591181375e-01,7.285684689672101699e-01,6.725505033453968995e-01,5.269431848239833904e-01,6.510640293249928545e-01,1.474028437434546542e-02,1.906166624154498057e-01,6.981222710950770738e-01,6.260283910215185266e-01,6.828247089153626215e-01,5.914657864389247788e-01,4.033204382489933848e-01,3.886858475649598299e-01,6.555212214130398118e-01,-1.043147098461337796e-01,4.844131793162695931e-01,7.468030226868872523e-01,6.490419027282777753e-01
7.006185560162571102e-01,1.000000000000000000e+00,1.817505750518790264e-01,2.033007092611648081e-01,4.403185843637231200e-01,6.010135390771609298e-01,1.772530770875731798e-01,-1.985803549464061901e-01,5.638260219707762477e-01,7.058291297495906669e-01,1.892132676395654745e-01,4.166116026767185954e-01,5.182187843358786461e-01,4.528071500019422713e-01,-1.138114635838788496e-01,5.587371759867503229e-01,6.383495390675302250e-01,1.112370232692755229e-01,1.661479638003756643e-01,2.600624453395237734e-01,2.152974883905525716e-01,3.337043636540085734e-01,6.584359280736253872e-01,6.221775159015004997e-01,5.470070252098688801e-01,4.813450796097767381e-01,9.131099987970719978e-02,1.831168136738820784e-01,5.747960100937281602e-01,6.313997331623322218e-01,6.354316908886218362e-01,6.275070918938848719e-01,3.904346361095312190e-01,2.492486708614529145e-01,5.957451798449144853e-01,1.671047847711469234e-02,6.111719380895423992e-01,6.404784560011287375e-01,7.423679339916164910e-01
2.683467086279486824e-01,1.817505750518790264e-01,1.000000000000000000e+00,3.317819069097233675e-01,4.395698536058437189e-01,6.048601820208754885e-03,4.503433823103216160e-01,-9.241267322576689480e-01,3.219468820471589332e-01,1.149880377088547956e-01,3.070268419997441711e-01,5.194418155266991022e-01,3.084187212012380803e-04,1.589707080466830902e-01,2.475192078541549878e-01,1.700106808539414427e-01,1.823806514070351326e-01,5.110035310667945252e-01,4.852220413955765088e-01,-4.232223491584599095e-01,2.927600290897454660e-01,5.513353934567029047e-01,1.288640599091418759e-01,1.739585910518814116e-01,1.325714880969944554e-01,4.511644972388737518e-01,5.511762963653490388e-01,6.505150096590220921e-01,3.873003162354667073e-02,2.181396539327283557e-01,2.863420361141288950e-01,6.215924312736496177e-02,6.382597002592346191e-01,5.379369947822656428e-01,5.693216210923417175e-02,1.404467708958263561e-01,1.450574399313395157e-01,9.310180606248921742e-02,2.124004317951479204e-01
3.279355257000873269e-01,2.033007092611648081e-01,3.317819069097233675e-01,1.000000000000000000e+00,4.641486595130598358e-01,2.490295612010210713e-01,5.039306013880454627e-01,-2.870596097445441974e-01,1.404225962814663331e-01,1.551690885660237107e-01,5.920145697610660479e-02,2.352010179947415514e-01,1.147814207925584723e-01,1.139493931135845267e-01,-8.248574544871416225e-02,3.947125793807793048e-02,3.770890189825060190e-01,4.674622326703169461e-01,3.478921525584688923e-01,-1.037518869927410298e-01,-7.508384945185235526e-02,2.335086055052195964e-01,3.530953419842722818e-01,2.585678835186706048e-01,1.099166342920572526e-01,2.417067657781127588e-01,-1.334377994940927348e-01,1.659471676900081405e-01,2.616700275355571259e-01,3.004171068140806811e-01,2.867961646536156817e-01,2.118415887754178939e-01,2.460648787632966072e-01,3.999124857331093352e-01,2.107080023229738197e-01,-7.270123596041645764e-02,1.174990050938025110e-01,2.418677759076117428e-01,2.296678913126017352e-01
5.763544622758782765e-01,4.403185843637231200e-01,4.395698536058437189e-01,4.641486595130598358e-01,1.000000000000000000e+00,3.110436704890625625e-01,2.221919446331626358e-01,-4.384419111708853789e-01,5.841893715599641990e-01,5.852991106256534293e-01,1.654840626335705306e-02,5.208513149055055136e-01,1.461616728942546628e-01,4.913658249851222681e-01,1.634169184505228911e-01,5.214737184892940247e-01,4.626079511225981156e-01,6.236086302051544461e-01,4.379323559318337167e-01,-7.159892994459107762e-02,1.872694703189851650e-01,2.921096146595156262e-01,5.401694057849282249e-01,4.878103086088446672e-01,5.018425688498370230e-01,6.056303157055404895e-01,1.573432668578415017e-01,3.198719497432530035e-01,3.926832636393866038e-01,6.245944484723389145e-01,5.529291974908884244e-01,3.604925292967771644e-01,3.808299412326373035e-01,7.910767834744807381e-01,3.963077736436156906e-01,1.558679194035975379e-01,3.606065917899715090e-01,4.238660540080844696e-01,3.766021259934836385e-01
6.115787541161021856e-01,6.010135390771609298e-01,6.048601820208754885e-03,2.490295612010210713e-01,3.110436704890625625e-01,1.000000000000000000e+00,3.853159999881370923e-01,1.353966684788958028e-02,3.818680158768635868e-01,6.276420981732676596e-01,2.588602849175743181e-02,3.929298329763017961e-01,7.051254743470282138e-01,3.117213053037917736e-01,-5.561533601964536999e-02,3.018485100513157993e-01,8.203576974230795127e-01,2.465772700636767109e-03,2.397705096563451654e-01,5.550571953108321965e-01,1.988528445799589428e-01,4.760084376159705033e-01,7.861868190103347143e-01,8.105725997709900543e-01,3.881616366242298666e-01,4.308138528048250371e-01,-1.575496336190440327e-01,-2.346421002577996420e-02,8.293911090035483991e-01,5.188926841530587808e-01,7.573121676396855628e-01,8.284129353693201470e-01,4.033821910598039961e-01,4.033318639090597429e-02,8.275927610205884299e-01,-3.355547999463478481e-01,6.003312213079734505e-01,4.185402365739062658e-01,5.766958005045795810e-01
2.342799579114253072e-01,1.772530770875731798e-01,4.503433823103216160e-01,5.039306013880454627e-01,2.221919446331626358e-01,3.853159999881370923e-01,1.000000000000000000e+00,-3.731623150238966846e-01,1.089929066667215396e-01,1.736540423621859008e-01,-1.090640229353045769e-02,3.148462956946408431e-01,3.467301139756229778e-01,8.225438100143893372e-02,3.352320911447762009e-02,7.141905627768856124e-02,4.479009089876287986e-01,3.315213630520312815e-01,6.217917110237238809e-01,7.930568964310592134e-03,3.405308411081486852e-02,5.835586355646140699e-01,3.966557328354912149e-01,3.664959304928530059e-01,7.265668403309355483e-02,2.780886082040435747e-01,1.324605839697834686e-01,2.013341112619016771e-01,3.270252467701911248e-01,2.504093325118725288e-01,4.802094567019962734e-01,3.805629011800064077e-01,3.931877760936562383e-01,7.504005405882478719e-02,3.230322953715111800e-01,-1.323390905222899816e-01,1.589879317664082692e-01,2.131253068324221768e-03,1.716554136899359762e-01
-2.784745795860845141e-01,-1.985803549464061901e-01,-9.241267322576689480e-01,-2.870596097445441974e-01,-4.384419111708853789e-01,1.353966684788958028e-02,-3.731623150238966846e-01,1.000000000000000000e+00,-3.360792940611421198e-01,-1.344014575237085229e-01,-3.011462106901268143e-01,-5.365826072608806951e-01,-4.895496847746370439e-05,-1.745423555378528557e-01,-2.484283472914205482e-01,-1.934590197795652278e-01,-1.650554708985136065e-01,-5.005162821067453693e-01,-4.589518218877907674e-01,4.362883877413927247e-01,-3.266754008573026780e-01,-5.164097222707907386e-01,-1.168564497066732211e-01,-1.619731307258276687e-01,-1.292020735831488909e-01,-4.612201634313548571e-01,-5.606965652116535637e-01,-6.348833505167565949e-01,-3.743839778500228366e-02,-2.257366743418404431e-01,-2.867498920672855722e-01,-5.263865380918689163e-02,-6.371682219673275860e-01,-5.467379641051752781e-01,-6.747017228530950705e-02,-1.497798843357782961e-01,-1.616374005788288326e-01,-1.129704342076271462e-01,-2.087221532169400984e-01
5.497455414911472937e-01,5.638260219707762477e-01,3.219468820471589332e-01,1.404225962814663331e-01,5.841893715599641990e-01,3.818680158768635868e-01,1.089929066667215396e-01,-3.360792940611421198e-01,1.000000000000000000e+00,6.055686226092592550e-01,2.506617423670810529e-01,5.626605105466648826e-01,2.975707523193439341e-01,5.548640483390270273e-01,2.808670544982344031e-01,6.164868064275437209e-01,4.958627112355598610e-01,2.723092784459061888e-01,2.405943319083872212e-01,1.422712288453961693e-01,1.952879798031964265e-01,2.229369148841479908e-01,5.995911850558308664e-01,5.805667479644064377e-01,6.388218282086290944e-01,6.579401671059753598e-01,3.622470496122663364e-01,4.274926160911153850e-01,4.490608616375831308e-01,6.016425199463175666e-01,5.680476607013694723e-01,4.683258194929077467e-01,5.096189464543161574e-01,4.152902124730367128e-01,4.700941914997190940e-01,2.385356962062621933e-01,5.322091018698948961e-01,4.930079480869749009e-01,6.277304696525422001e-01
7.149431037503269915e-01,7.058291297495906669e-01,1.149880377088547956e-01,1.551690885660237107e-01,5.852991106256534293e-01,6.276420981732676596e-01,1.736540423621859008e-01,-1.344014575237085229e-01,6.055686226092592550e-01,1.000000000000000000e+00,-6.159039880068666040e-02,4.906889253816740792e-01,5.156174759619251979e-01,5.540488625160676639e-01,4.515271035075753975e-02,7.344544820392636675e-01,6.768567887119656401e-01,2.379657122222882393e-01,2.904097069971240397e-01,3.586744760058611647e-01,1.965508315539051809e-01,2.977370879167641760e-01,7.725103844314791246e-01,7.351637914875596147e-01,6.283876525240112976e-01,6.458377380287664282e-01,1.193248009345918570e-01,1.315000250419316730e-01,6.797065989934480967e-01,7.572414221152585778e-01,7.354138998673193095e-01,6.657346231575645978e-01,3.200982184044426360e-01,3.205872242554698714e-01,6.985287478530638472e-01,2.911149093178635669e-02,5.765287814463828653e-01,5.277887926052670098e-01,5.613986387789920984e-01
3.565764807277202464e-02,1.892132676395654745e-01,3.070268419997441711e-01,5.920145697610660479e-02,1.654840626335705306e-02,2.588602849175743181e-02,-1.090640229353045769e-02,-3.011462106901268143e-01,2.506617423670810529e-01,-6.159039880068666040e-02,1.000000000000000000e+00,7.703484732798394907e-02,-2.803118323031379353e-02,1.892168636229819290e-01,-1.187491999602309223e-01,8.829660297641594990e-02,8.450469281199916860e-02,-7.708561716289802357e-02,-1.248641680656174258e-01,-1.088787201231308094e-01,-6.374543745203543887e-02,-2.042707332952176796e-02,-4.171065705822007974e-02,9.009404695825065645e-02,1.483458718083387196e-02,-4.839814134592056172e-02,2.393278597222674997e-01,3.486018652348915059e-01,-3.550098712058529556e-03,-5.298739022741546373e-02,-2.621792772855140955e-03,-3.763263962808062468e-02,2.628609590169524446e-01,8.578075202152211920e-02,-8.134274682981927629e-02,2.111776380881954518e-01,9.020527193823502099e-02,2.308599853842912275e-01,3.493574442816169134e-01
4.634822878141602875e-01,4.166116026767185954e-01,5.194418155266991022e-01,2.352010179947415514e-01,5.208513149055055136e-01,3.929298329763017961e-01,3.148462956946408431e-01,-5.365826072608806951e-01,5.626605105466648826e-01,4.906889253816740792e-01,7.703484732798394907e-02,1.000000000000000000e+00,4.137337220894857226e-01,3.770327447901636875e-01,4.633214153599245488e-01,3.819685965948811379e-01,4.411856930304846047e-01,3.596812098939242697e-01,5.174137715056936759e-01,7.653209336534545250e-03,3.091666574605201889e-01,5.627233972462750700e-01,5.101227309248406172e-01,5.284905956765580948e-01,3.721378180307596817e-01,5.398258263997351980e-01,4.838912020536818570e-01,3.052347574401223507e-01,3.712203918969732008e-01,4.386132884937899989e-01,5.682490080134335875e-01,4.982375171176536277e-01,5.327397821229514774e-01,5.177354262554837439e-01,4.743546655303963466e-01,-1.993783983899567736e-02,5.293637366593656468e-01,2.614366315253339734e-01,4.844767620081802395e-01
4.500094428582471773e-01,5.182187843358786461e-01,3.084187212012380803e-04,1.147814207925584723e-01,1.461616728942546628e-01,7.051254743470282138e-01,3.467301139756229778e-01,-4.895496847746370439e-05,2.975707523193439341e-01,5.156174759619251979e-01,-2.803118323031379353e-02,4.137337220894857226e-01,1.000000000000000000e+00,1.555879983472630013e-01,7.216725847261300621e-04,1.866376906432131166e-01,6.558051178315600360e-01,-9.030078214568153239e-02,2.109771586861475257e-01,4.050178412780221504e-01,1.990618262336379674e-01,4.496409824007385758e-01,5.957665517780295072e-01,6.310390376959249537e-01,2.017894719450244456e-01,3.118221570504408069e-01,-1.709828693543869946e-02,-2.360858578473934780e-02,6.446902093100611575e-01,3.459744512997480759e-01,6.231962926878694686e-01,7.392331540454453176e-01,4.046897468357134597e-01,-8.526113098724573403e-02,7.171694720286482250e-01,-3.760981479216251588e-01,5.544142531512178396e-01,2.871655065357697767e-01,4.850266100199569497e-01
4.494698923562437387e-01,4.528071500019422713e-01,1.589707080466830902e-01,1.139493931135845267e-01,4.913658249851222681e-01,3.117213053037917736e-01,8.225438100143893372e-02,-1.745423555378528557e-01,5.548640483390270273e-01,5.540488625160676639e-01,1.892168636229819290e-01,3.770327447901636875e-01,1.555879983472630013e-01,1.000000000000000000e+00,2.010744683312461478e-01,6.211323808321068674e-01,3.852639708155422560e-01,1.732044251912913113e-01,1.226250160902616071e-01,1.892807903066361930e-01,1.002239119860242299e-02,1.584595149807533493e-02,4.773933897356467115e-01,5.796775047405824388e-01,5.241800138804961762e-01,5.315489152626478031e-01,2.696544406434175922e-01,3.142359502033090224e-01,4.297083236196463929e-01,4.674077404574756289e-01,4.810131149383216065e-01,4.106502025450690652e-01,2.561597017539671839e-01,3.542676027840986896e-01,4.236982406573232551e-01,2.326915483658910100e-01,5.500230901276240703e-01,4.473430675099582809e-01,4.388616518239287223e-01
-7.773495644891383061e-02,-1.138114635838788496e-01,2.475192078541549878e-01,-8.248574544871416225e-02,1.634169184505228911e-01,-5.561533601964536999e-02,3.352320911447762009e-02,-2.484283472914205482e-01,2.808670544982344031e-01,4.515271035075753975e-02,-1.187491999602309223e-01,4.633214153599245488e-01,7.216725847261300621e-04,2.010744683312461478e-01,1.000000000000000000e+00,1.478831089181663894e-01,-1.033127608982860324e-01,2.528555533017802226e-01,2.544643304218724977e-01,-1.647434568937384269e-01,1.614416868655362269e-01,1.518247251150675048e-01,1.177365891491373613e-02,1.370074449287661533e-01,1.863162167749947418e-01,3.371721814352404145e-01,4.557915835791184755e-01,3.532140098742007628e-01,-3.646038652352820431e-02,7.958302302359147873e-02,5.379224572022738710e-02,8.526206882478838678e-02,2.867989849495277688e-01,2.254242968347182630e-01,5.706588128659896564e-02,9.827125510707920841e-02,2.777403972303595925e-01,-1.834130574187457230e-01,-1.365448569371274096e-02
4.519427999158288634e-01,5.587371759867503229e-01,1.700106808539414427e-01,3.947125793807793048e-02,5.214737184892940247e-01,3.018485100513157993e-01,7.141905627768856124e-02,-1.934590197795652278e-01,6.164868064275437209e-01,7.344544820392636675e-01,8.829660297641594990e-02,3.819685965948811379e-01,1.866376906432131166e-01,6.211323808321068674e-01,1.478831089181663894e-01,1.000000000000000000e+00,3.409421333873230431e-01,2.469239684754777342e-01,1.996486956169007121e-01,1.471397414231019052e-01,2.999344066992446628e-02,8.758140002837745686e-02,5.186251149215292955e-01,4.930814560705732430e-01,6.672100345661848841e-01,5.648570791743244834e-01,3.437192102352116252e-01,3.155903257931402250e-01,3.424462327349307444e-01,7.151364938002614524e-01,4.935042615525487286e-01,3.402979870912729021e-01,2.116934656704869688e-01,3.374664546389250508e-01,4.040879893720405458e-01,2.791825456281704643e-01,4.329970721022464164e-01,3.576797571473303572e-01,4.345999056838630303e-01
7.387502811821342608e-01,6.383495390675302250e-01,1.823806514070351326e-01,3.770890189825060190e-01,4.626079511225981156e-01,8.203576974230795127e-01,4.479009089876287986e-01,-1.650554708985136065e-01,4.958627112355598610e-01,6.768567887119656401e-01,8.450469281199916860e-02,4.411856930304846047e-01,6.558051178315600360e-01,3.852639708155422560e-01,-1.033127608982860324e-01,3.409421333873230431e-01,1.000000000000000000e+00,1.604341193524211617e-01,3.451972101964582706e-01,4.419264400894630795e-01,1.700984523531272330e-01,4.888653974344179809e-01,8.414431062020579777e-01,8.129533417109299220e-01,3.619230399274658838e-01,5.450863409025751283e-01,-6.688203523355619462e-02,3.950056841245191269e-02,8.009433677850031907e-01,5.454779354032905925e-01,8.138230033471464120e-01,8.003601925787225957e-01,4.786664809890129324e-01,1.872507452176063181e-01,7.817658074996943762e-01,-2.718781880007184459e-01,5.347075015303208723e-01,5.509547246509811647e-01,6.275320269894713032e-01
2.080231998474447175e-01,1.112370232692755229e-01,5.110035310667945252e-01,4.674622326703169461e-01,6.236086302051544461e-01,2.465772700636767109e-03,3.315213630520312815e-01,-5.005162821067453693e-01,2.723092784459061888e-01,2.379657122222882393e-01,-7.708561716289802357e-02,3.596812098939242697e-01,-9.030078214568153239e-02,1.732044251912913113e-01,2.528555533017802226e-01,2.469239684754777342e-01,1.604341193524211617e-01,1.000000000000000000e+00,7.402794852360454758e-01,-3.939088558600217227e-01,1.506290770039691862e-01,3.223000157445423675e-01,2.435560612770381328e-01,1.265525306810877937e-01,2.446700367340626792e-01,4.174689520166849910e-01,2.301660186032253030e-01,3.272166672341719207e-01,7.371232835193090860e-02,3.671739411799215813e-01,2.724887104499245649e-01,8.058707348682504767e-02,2.536446604602294319e-01,5.745885929030574157e-01,7.489019997355830793e-02,2.236067038279883068e-01,6.932792216915323324e-02,-5.561345167553320007e-02,-2.661842144363189486e-02
2.543997295422994465e-01,1.661479638003756643e-01,4.852220413955765088e-01,3.478921525584688923e-01,4.379323559318337167e-01,2.397705096563451654e-01,6.217917110237238809e-01,-4.589518218877907674e-01,2.405943319083872212e-01,2.904097069971240397e-01,-1.248641680656174258e-01,5.174137715056936759e-01,2.109771586861475257e-01,1.226250160902616071e-01,2.544643304218724977e-01,1.996486956169007121e-01,3.451972101964582706e-01,7.402794852360454758e-01,1.000000000000000000e+00,-1.944718649756922157e-01,1.979388382220968468e-01,6.147954831775521711e-01,4.063699178056393024e-01,2.904887648114385934e-01,2.050366932512767970e-01,4.061189121752902809e-01,2.957210122948467079e-01,1.588904952976814833e-01,2.319920363537267827e-01,3.439961717371751160e-01,4.801877142873217652e-01,3.366280291119700396e-01,3.214908488471540648e-01,3.153283680928531951e-01,2.717659189624045402e-01,3.330495636723610625e-02,1.781133158963378871e-01,-9.870504278614432303e-02,6.772156643591906167e-02
3.264687592145418260e-01,2.600624453395237734e-01,-4.232223491584599095e-01,-1.037518869927410298e-01,-7.159892994459107762e-02,5.550571953108321965e-01,7.930568964310592134e-03,4.362883877413927247e-01,1.422712288453961693e-01,3.586744760058611647e-01,-1.088787201231308094e-01,7.653209336534545250e-03,4.050178412780221504e-01,1.892807903066361930e-01,-1.647434568937384269e-01,1.471397414231019052e-01,4.419264400894630795e-01,-3.939088558600217227e-01,-1.944718649756922157e-01,1.000000000000000000e+00,1.260330270932410145e-02,7.868769474455211688e-02,4.327467126018234023e-01,4.599035206753417926e-01,2.365872249515712511e-01,1.269116347634611786e-01,-2.386250793076994670e-01,-3.154075161605969790e-01,4.837911269869578645e-01,2.149282440385150705e-01,3.356881066940153313e-01,4.764209633202081684e-01,-9.576604506429955109e-04,-2.953470154357910049e-01,4.715701033658888930e-01,-3.891299061506215962e-01,2.678784922589911299e-01,2.795554051175355714e-01,2.919012437485153932e-01
2.420447430047885928e-01,2.152974883905525716e-01,2.927600290897454660e-01,-7.508384945185235526e-02,1.872694703189851650e-01,1.988528445799589428e-01,3.405308411081486852e-02,-3.266754008573026780e-01,1.952879798031964265e-01,1.965508315539051809e-01,-6.374543745203543887e-02,3.091666574605201889e-01,1.990618262336379674e-01,1.002239119860242299e-02,1.614416868655362269e-01,2.999344066992446628e-02,1.700984523531272330e-01,1.506290770039691862e-01,1.979388382220968468e-01,1.260330270932410145e-02,1.000000000000000000e+00,5.429715057694235458e-01,1.357051023715158677e-01,2.066647341075415201e-01,8.865088833531312162e-02,2.892153706859430518e-01,1.660094465165152799e-01,2.166193916181071433e-01,1.947403653516079636e-01,1.135425242286594999e-01,2.448326760553553860e-01,2.442301918053308429e-01,3.890396913033447035e-01,1.439618437962595643e-01,2.257347687302188322e-01,-1.423324444039815173e-01,2.205959503363263408e-01,6.154821543211839996e-02,1.515258802243981406e-01
3.873040349591181375e-01,3.337043636540085734e-01,5.513353934567029047e-01,2.335086055052195964e-01,2.921096146595156262e-01,4.760084376159705033e-01,5.835586355646140699e-01,-5.164097222707907386e-01,2.229369148841479908e-01,2.977370879167641760e-01,-2.042707332952176796e-02,5.627233972462750700e-01,4.496409824007385758e-01,1.584595149807533493e-02,1.518247251150675048e-01,8.758140002837745686e-02,4.888653974344179809e-01,3.223000157445423675e-01,6.147954831775521711e-01,7.868769474455211688e-02,5.429715057694235458e-01,1.000000000000000000e+00,4.517488382513634160e-01,4.564810245236746722e-01,1.776096760936090591e-01,4.058012122329414662e-01,2.516224828199233876e-01,1.965599875881249847e-01,3.929965717624779309e-01,2.998685981257652178e-01,5.620088916247756305e-01,4.829762831577467108e-01,5.611638776209624258e-01,1.825859930585340130e-01,4.479961151796173491e-01,-2.960255098161971299e-01,2.785632064608698499e-01,4.427821820170935868e-02,2.761535554771715750e-01
7.285684689672101699e-01,6.584359280736253872e-01,1.288640599091418759e-01,3.530953419842722818e-01,5.401694057849282249e-01,7.861868190103347143e-01,3.966557328354912149e-01,-1.168564497066732211e-01,5.995911850558308664e-01,7.725103844314791246e-01,-4.171065705822007974e-02,5.101227309248406172e-01,5.957665517780295072e-01,4.773933897356467115e-01,1.177365891491373613e-02,5.186251149215292955e-01,8.414431062020579777e-01,2.435560612770381328e-01,4.063699178056393024e-01,4.327467126018234023e-01,1.357051023715158677e-01,4.517488382513634160e-01,1.000000000000000000e+00,8.203676727478470543e-01,5.877785819754147711e-01,6.322631853519069534e-01,9.851983979387413104e-03,4.431016338246556580e-02,7.777543813522708183e-01,6.821296771738906140e-01,8.215401452938232429e-01,7.952812718591212304e-01,3.934680377194079703e-01,2.327120813942730460e-01,7.919002555768680507e-01,-1.497210283497308614e-01,6.036346135029124760e-01,5.001615736432815096e-01,5.921241103375105563e-01
6.725505033453968995e-01,6.221775159015004997e-01,1.739585910518814116e-01,2.585678835186706048e-01,4.878103086088446672e-01,8.105725997709900543e-01,3.664959304928530059e-01,-1.619731307258276687e-01,5.805667479644064377e-01,7.351637914875596147e-01,9.009404695825065645e-02,5.284905956765580948e-01,6.310390376959249537e-01,5.796775047405824388e-01,1.370074449287661533e-01,4.930814560705732430e-01,8.129533417109299220e-01,1.265525306810877937e-01,2.904887648114385934e-01,4.599035206753417926e-01,2.066647341075415201e-01,4.564810245236746722e-01,8.203676727478470543e-01,1.000000000000000000e+00,5.303820683725384288e-01,6.539332020708450433e-01,1.095151181772338195e-01,1.559727669149068852e-01,8.206042977539520500e-01,6.142705300800059831e-01,8.321543604724632726e-01,8.256268658337431177e-01,4.958184091071097255e-01,2.091081519511599762e-01,8.363300332121776925e-01,-1.925226925832668190e-01,7.085691541341447852e-01,4.721664252946841112e-01,5.971381881299439032e-01
5.269431848239833904e-01,5.470070252098688801e-01,1.325714880969944554e-01,1.099166342920572526e-01,5.018425688498370230e-01,3.881616366242298666e-01,7.265668403309355483e-02,-1.292020735831488909e-01,6.388218282086290944e-01,6.283876525240112976e-01,1.483458718083387196e-02,3.721378180307596817e-01,2.017894719450244456e-01,5.241800138804961762e-01,1.863162167749947418e-01,6.672100345661848841e-01,3.619230399274658838e-01,2.446700367340626792e-01,2.050366932512767970e-01,2.365872249515712511e-01,8.865088833531312162e-02,1.776096760936090591e-01,5.877785819754147711e-01,5.303820683725384288e-01,1.000000000000000000e+00,5.944147496528846553e-01,2.148621919726873553e-01,2.885920130565748920e-01,4.253799161919386007e-01,6.649491415720196752e-01,4.605328835659001085e-01,3.557068513855793368e-01,2.066351313747563367e-01,3.243892539816897735e-01,4.538079214762648639e-01,2.746397366607644108e-01,4.489631293987855210e-01,3.735791607252300084e-01,4.250862891869579552e-01
6.510640293249928545e-01,4.813450796097767381e-01,4.511644972388737518e-01,2.417067657781127588e-01,6.056303157055404895e-01,4.308138528048250371e-01,2.780886082040435747e-01,-4.612201634313548571e-01,6.579401671059753598e-01,6.458377380287664282e-01,-4.839814134592056172e-02,5.398258263997351980e-01,3.118221570504408069e-01,5.315489152626478031e-01,3.371721814352404145e-01,5.648570791743244834e-01,5.450863409025751283e-01,4.174689520166849910e-01,4.061189121752902809e-01,1.269116347634611786e-01,2.892153706859430518e-01,4.058012122329414662e-01,6.322631853519069534e-01,6.539332020708450433e-01,5.944147496528846553e-01,1.000000000000000000e+00,4.325590093261908464e-01,4.525741682633462881e-01,5.779319580607441553e-01,6.551453071980732901e-01,6.671710308263815170e-01,5.116467051442499248e-01,5.654614217627812467e-01,4.039251695876105996e-01,5.931528816733422360e-01,-2.824340658359521684e-04,5.330669680101720598e-01,3.644950122967467454e-01,3.983515796528865338e-01
1.474028437434546542e-02,9.131099987970719978e-02,5.511762963653490388e-01,-1.334377994940927348e-01,1.573432668578415017e-01,-1.575496336190440327e-01,1.324605839697834686e-01,-5.606965652116535637e-01,3.622470496122663364e-01,1.193248009345918570e-01,2.393278597222674997e-01,4.838912020536818570e-01,-1.709828693543869946e-02,2.696544406434175922e-01,4.557915835791184755e-01,3.437192102352116252e-01,-6.688203523355619462e-02,2.301660186032253030e-01,2.957210122948467079e-01,-2.386250793076994670e-01,1.660094465165152799e-01,2.516224828199233876e-01,9.851983979387413104e-03,1.095151181772338195e-01,2.148621919726873553e-01,4.325590093261908464e-01,1.000000000000000000e+00,4.603854513537558590e-01,-1.449592982050559309e-01,1.331443492153606967e-01,1.432732619053897760e-01,2.515181272271944588e-02,4.046535056618489334e-01,2.037971953287965599e-01,-4.991889720669266672e-02,2.114030077087205584e-01,2.387449991986601572e-01,-8.718037191801260299e-02,1.255171145622974715e-01
1.906166624154498057e-01,1.831168136738820784e-01,6.505150096590220921e-01,1.659471676900081405e-01,3.198719497432530035e-01,-2.346421002577996420e-02,2.013341112619016771e-01,-6.348833505167565949e-01,4.274926160911153850e-01,1.315000250419316730e-01,3.486018652348915059e-01,3.052347574401223507e-01,-2.360858578473934780e-02,3.142359502033090224e-01,3.532140098742007628e-01,3.155903257931402250e-01,3.950056841245191269e-02,3.272166672341719207e-01,1.588904952976814833e-01,-3.154075161605969790e-01,2.166193916181071433e-01,1.965599875881249847e-01,4.431016338246556580e-02,1.559727669149068852e-01,2.885920130565748920e-01,4.525741682633462881e-01,4.603854513537558590e-01,1.000000000000000000e+00,6.345252959061049858e-02,2.319932875605502376e-01,1.029718332765548749e-01,-1.968757875763964271e-02,5.349068040713591543e-01,4.139854462857214812e-01,3.856302749415733283e-02,3.715343757257018598e-01,2.396604477360577690e-01,1.184916132667514221e-01,2.683797976407439334e-01
6.981222710950770738e-01,5.747960100937281602e-01,3.873003162354667073e-02,2.616700275355571259e-01,3.926832636393866038e-01,8.293911090035483991e-01,3.270252467701911248e-01,-3.743839778500228366e-02,4.490608616375831308e-01,6.797065989934480967e-01,-3.550098712058529556e-03,3.712203918969732008e-01,6.446902093100611575e-01,4.297083236196463929e-01,-3.646038652352820431e-02,3.424462327349307444e-01,8.009433677850031907e-01,7.371232835193090860e-02,2.319920363537267827e-01,4.837911269869578645e-01,1.947403653516079636e-01,3.929965717624779309e-01,7.777543813522708183e-01,8.206042977539520500e-01,4.253799161919386007e-01,5.779319580607441553e-01,-1.449592982050559309e-01,6.345252959061049858e-02,1.000000000000000000e+00,5.790777879028975450e-01,7.681472039301997512e-01,7.558174564029227493e-01,3.931524930255511086e-01,1.204482902885125467e-01,8.744505748832344105e-01,-2.491274286610995481e-01,5.900502904246444080e-01,4.932835736345069222e-01,4.999105511457632156e-01
6.260283910215185266e-01,6.313997331623322218e-01,2.181396539327283557e-01,3.004171068140806811e-01,6.245944484723389145e-01,5.188926841530587808e-01,2.504093325118725288e-01,-2.257366743418404431e-01,6.016425199463175666e-01,7.572414221152585778e-01,-5.298739022741546373e-02,4.386132884937899989e-01,3.459744512997480759e-01,4.674077404574756289e-01,7.958302302359147873e-02,7.151364938002614524e-01,5.454779354032905925e-01,3.671739411799215813e-01,3.439961717371751160e-01,2.149282440385150705e-01,1.135425242286594999e-01,2.998685981257652178e-01,6.821296771738906140e-01,6.142705300800059831e-01,6.649491415720196752e-01,6.551453071980732901e-01,1.331443492153606967e-01,2.319932875605502376e-01,5.790777879028975450e-01,1.000000000000000000e+00,6.571194806635032304e-01,4.946798127363404296e-01,3.324437240527153836e-01,3.879031815905654157e-01,6.069131914706740183e-01,5.787597710052105882e-02,4.465094300774749003e-01,4.782776993204722049e-01,4.897680467300508100e-01
6.828247089153626215e-01,6.354316908886218362e-01,2.863420361141288950e-01,2.867961646536156817e-01,5.529291974908884244e-01,7.573121676396855628e-01,4.802094567019962734e-01,-2.867498920672855722e-01,5.680476607013694723e-01,7.354138998673193095e-01,-2.621792772855140955e-03,5.682490080134335875e-01,6.231962926878694686e-01,4.810131149383216065e-01,5.379224572022738710e-02,4.935042615525487286e-01,8.138230033471464120e-01,2.724887104499245649e-01,4.801877142873217652e-01,3.356881066940153313e-01,2.448326760553553860e-01,5.620088916247756305e-01,8.215401452938232429e-01,8.321543604724632726e-01,4.605328835659001085e-01,6.671710308263815170e-01,1.432732619053897760e-01,1.029718332765548749e-01,7.681472039301997512e-01,6.571194806635032304e-01,1.000000000000000000e+00,8.129880275291886393e-01,5.403970506670342511e-01,2.500480513264551896e-01,8.162301227117572111e-01,-2.138225111981428006e-01,6.150203510069326418e-01,4.501201309550457719e-01,5.582635158346258564e-01
5.914657864389247788e-01,6.275070918938848719e-01,6.215924312736496177e-02,2.118415887754178939e-01,3.604925292967771644e-01,8.284129353693201470e-01,3.805629011800064077e-01,-5.263865380918689163e-02,4.683258194929077467e-01,6.657346231575645978e-01,-3.763263962808062468e-02,4.982375171176536277e-01,7.392331540454453176e-01,4.106502025450690652e-01,8.526206882478838678e-02,3.402979870912729021e-01,8.003601925787225957e-01,8.058707348682504767e-02,3.366280291119700396e-01,4.764209633202081684e-01,2.442301918053308429e-01,4.829762831577467108e-01,7.952812718591212304e-01,8.256268658337431177e-01,3.557068513855793368e-01,5.116467051442499248e-01,2.515181272271944588e-02,-1.968757875763964271e-02,7.558174564029227493e-01,4.946798127363404296e-01,8.129880275291886393e-01,1.000000000000000000e+00,4.796434485306121931e-01,7.364444226246152914e-02,8.194793938462748839e-01,-3.251390116692162158e-01,7.669257218902532092e-01,3.923470613562634601e-01,5.891050164623476970e-01
4.033204382489933848e-01,3.904346361095312190e-01,6.382597002592346191e-01,2.460648787632966072e-01,3.808299412326373035e-01,4.033821910598039961e-01,3.931877760936562383e-01,-6.371682219673275860e-01,5.096189464543161574e-01,3.200982184044426360e-01,2.628609590169524446e-01,5.327397821229514774e-01,4.046897468357134597e-01,2.561597017539671839e-01,2.867989849495277688e-01,2.116934656704869688e-01,4.786664809890129324e-01,2.536446604602294319e-01,3.214908488471540648e-01,-9.576604506429955109e-04,3.890396913033447035e-01,5.611638776209624258e-01,3.934680377194079703e-01,4.958184091071097255e-01,2.066351313747563367e-01,5.654614217627812467e-01,4.046535056618489334e-01,5.349068040713591543e-01,3.931524930255511086e-01,3.324437240527153836e-01,5.403970506670342511e-01,4.796434485306121931e-01,1.000000000000000000e+00,2.774663213661646699e-01,4.770432751843044494e-01,-1.411390686056086807e-01,5.105048487568750737e-01,2.408774378466357891e-01,4.272936494146469255e-01
3.886858475649598299e-01,2.492486708614529145e-01,5.379369947822656428e-01,3.999124857331093352e-01,7.910767834744807381e-01,4.033318639090597429e-02,7.504005405882478719e-02,-5.467379641051752781e-01,4.152902124730367128e-01,3.205872242554698714e-01,8.578075202152211920e-02,5.177354262554837439e-01,-8.526113098724573403e-02,3.542676027840986896e-01,2.254242968347182630e-01,3.374664546389250508e-01,1.872507452176063181e-01,5.745885929030574157e-01,3.153283680928531951e-01,-2.953470154357910049e-01,1.439618437962595643e-01,1.825859930585340130e-01,2.327120813942730460e-01,2.091081519511599762e-01,3.243892539816897735e-01,4.039251695876105996e-01,2.037971953287965599e-01,4.139854462857214812e-01,1.204482902885125467e-01,3.879031815905654157e-01,2.500480513264551896e-01,7.364444226246152914e-02,2.774663213661646699e-01,1.000000000000000000e+00,1.171123636270492846e-01,2.775448345151322327e-01,1.949391317645776667e-01,3.174684498310287872e-01,2.836342078034951864e-01
6.555212214130398118e-01,5.957451798449144853e-01,5.693216210923417175e-02,2.107080023229738197e-01,3.963077736436156906e-01,8.275927610205884299e-01,3.230322953715111800e-01,-6.747017228530950705e-02,4.700941914997190940e-01,6.985287478530638472e-01,-8.134274682981927629e-02,4.743546655303963466e-01,7.171694720286482250e-01,4.236982406573232551e-01,5.706588128659896564e-02,4.040879893720405458e-01,7.817658074996943762e-01,7.489019997355830793e-02,2.717659189624045402e-01,4.715701033658888930e-01,2.257347687302188322e-01,4.479961151796173491e-01,7.919002555768680507e-01,8.363300332121776925e-01,4.538079214762648639e-01,5.931528816733422360e-01,-4.991889720669266672e-02,3.856302749415733283e-02,8.744505748832344105e-01,6.069131914706740183e-01,8.162301227117572111e-01,8.194793938462748839e-01,4.770432751843044494e-01,1.171123636270492846e-01,1.000000000000000000e+00,-3.159025988593149870e-01,6.946053014251872826e-01,4.292547135067325548e-01,5.003373870377881838e-01
-1.043147098461337796e-01,1.671047847711469234e-02,1.404467708958263561e-01,-7.270123596041645764e-02,1.558679194035975379e-01,-3.355547999463478481e-01,-1.323390905222899816e-01,-1.497798843357782961e-01,2.385356962062621933e-01,2.911149093178635669e-02,2.111776380881954518e-01,-1.993783983899567736e-02,-3.760981479216251588e-01,2.326915483658910100e-01,9.827125510707920841e-02,2.791825456281704643e-01,-2.718781880007184459e-01,2.236067038279883068e-01,3.330495636723610625e-02,-3.891299061506215962e-01,-1.423324444039815173e-01,-2.960255098161971299e-01,-1.497210283497308614e-01,-1.925226925832668190e-01,2.746397366607644108e-01,-2.824340658359521684e-04,2.114030077087205584e-01,3.715343757257018598e-01,-2.491274286610995481e-01,5.787597710052105882e-02,-2.138225111981428006e-01,-3.251390116692162158e-01,-1.411390686056086807e-01,2.775448345151322327e-01,-3.159025988593149870e-01,1.000000000000000000e+00,-9.110858084301026727e-02,1.554072530510455753e-03,-4.293919443756196060e-03
4.844131793162695931e-01,6.111719380895423992e-01,1.450574399313395157e-01,1.174990050938025110e-01,3.606065917899715090e-01,6.003312213079734505e-01,1.589879317664082692e-01,-1.616374005788288326e-01,5.322091018698948961e-01,5.765287814463828653e-01,9.020527193823502099e-02,5.293637366593656468e-01,5.544142531512178396e-01,5.500230901276240703e-01,2.777403972303595925e-01,4.329970721022464164e-01,5.347075015303208723e-01,6.932792216915323324e-02,1.781133158963378871e-01,2.678784922589911299e-01,2.205959503363263408e-01,2.785632064608698499e-01,6.036346135029124760e-01,7.085691541341447852e-01,4.489631293987855210e-01,5.330669680101720598e-01,2.387449991986601572e-01,2.396604477360577690e-01,5.900502904246444080e-01,4.465094300774749003e-01,6.150203510069326418e-01,7.669257218902532092e-01,5.105048487568750737e-01,1.949391317645776667e-01,6.946053014251872826e-01,-9.110858084301026727e-02,1.000000000000000000e+00,3.722734192343644666e-01,5.425527824790806752e-01
7.468030226868872523e-01,6.404784560011287375e-01,9.310180606248921742e-02,2.418677759076117428e-01,4.238660540080844696e-01,4.185402365739062658e-01,2.131253068324221768e-03,-1.129704342076271462e-01,4.930079480869749009e-01,5.277887926052670098e-01,2.308599853842912275e-01,2.614366315253339734e-01,2.871655065357697767e-01,4.473430675099582809e-01,-1.834130574187457230e-01,3.576797571473303572e-01,5.509547246509811647e-01,-5.561345167553320007e-02,-9.870504278614432303e-02,2.795554051175355714e-01,6.154821543211839996e-02,4.427821820170935868e-02,5.001615736432815096e-01,4.721664252946841112e-01,3.735791607252300084e-01,3.644950122967467454e-01,-8.718037191801260299e-02,1.184916132667514221e-01,4.932835736345069222e-01,4.782776993204722049e-01,4.501201309550457719e-01,3.923470613562634601e-01,2.408774378466357891e-01,3.174684498310287872e-01,4.292547135067325548e-01,1.554072530510455753e-03,3.722734192343644666e-01,1.000000000000000000e+00,6.958014664682291572e-01
6.490419027282777753e-01,7.423679339916164910e-01,2.124004317951479204e-01,2.296678913126017352e-01,3.766021259934836385e-01,5.766958005045795810e-01,1.716554136899359762e-01,-2.087221532169400984e-01,6.277304696525422001e-01,5.613986387789920984e-01,3.493574442816169134e-01,4.844767620081802395e-01,4.850266100199569497e-01,4.388616518239287223e-01,-1.365448569371274096e-02,4.345999056838630303e-01,6.275320269894713032e-01,-2.661842144363189486e-02,6.772156643591906167e-02,2.919012437485153932e-01,1.515258802243981406e-01,2.761535554771715750e-01,5.921241103375105563e-01,5.971381881299439032e-01,4.250862891869579552e-01,3.983515796528865338e-01,1.255171145622974715e-01,2.683797976407439334e-01,4.999105511457632156e-01,4.897680467300508100e-01,5.582635158346258564e-01,5.891050164623476970e-01,4.272936494146469255e-01,2.836342078034951864e-01,5.003373870377881838e-01,-4.293919443756196060e-03,5.425527824790806752e-01,6.958014664682291572e-01,1.000000000000000000e+00
