1.000000000000000000e+00,3.701110163161274724e-01,2.601549142390448544e-01,3.930064496059879620e-01,2.046570213588241594e-01,4.502612880569916709e-01,7.785138197863504528e-02,-2.930783366101400444e-01,5.634691412578586300e-01,2.987297051584473229e-01,4.165352108022802868e-01,4.930206757454373978e-01,-4.932513741894206105e-01,3.915519882870528434e-01,5.802566042840584526e-01,5.926618676088194482e-01,3.580747890846021630e-01,6.452155184222285733e-01,4.587131874024680811e-01,5.726612739606296021e-01,-2.807032587726353626e-02,1.212151778485094228e-01,5.114491971281949212e-01,4.344551645464710954e-01,3.970742000266733740e-01,5.844646244787780054e-01,3.484521804816291812e-01,1.567618609179816380e-01,2.733786002495914857e-01,3.752388883893836291e-01,3.460605911081489627e-01,6.586248082597002951e-02,-1.580671475033673667e-01,4.117494645666359143e-01,2.524184366943445501e-01,4.069602714579961256e-01,2.812367746689903303e-01,6.681576880374253680e-01,5.354415914844316005e-01
3.701110163161274724e-01,1.000000000000000000e+00,1.283462360056950580e-01,5.976792136208891604e-02,1.485668372731179243e-01,2.765318273178064001e-01,5.211506464263491178e-01,2.053004446260270344e-02,7.295167916567830702e-01,7.018323295354137459e-01,2.134870270835787232e-01,7.218540154517083529e-01,2.509117214176755928e-01,5.177549293607289771e-01,4.620146117854793122e-01,4.457417322765424572e-01,-3.754503278949848644e-04,6.623417876270969451e-01,7.644247219950702776e-01,2.789009811924446081e-01,-1.702849522646785740e-01,5.723124304018748498e-01,4.070453924175414517e-01,1.870546016086463148e-01,3.136327554874208667e-01,1.388195692559549832e-01,6.608658454907387902e-01,-4.171616538807530472e-01,-2.812618557171305267e-01,5.080673619997804202e-01,5.256729608683304855e-01,5.612911023382594067e-01,-2.229212717021926693e-01,4.441369958721388955e-01,3.123478382335633241e-01,3.939363447194434431e-01,3.111042689107565984e-01,6.536223921146856464e-01,7.756961083108595556e-01
2.601549142390448544e-01,1.283462360056950580e-01,1.000000000000000000e+00,4.303256377817256673e-01,7.790442107371917668e-01,-1.863840289789705784e-01,3.792169528712880933e-01,-7.668961813892110069e-01,7.277527782471432394e-02,3.786147914041932405e-01,-2.174864015542946338e-01,-1.043154270506523040e-01,-1.884116284442944808e-02,4.483503944381144746e-01,-3.439407710944424653e-03,4.010192508410534429e-01,-7.709001925074844552e-02,1.974423276378638736e-01,1.483188418755612692e-01,9.273441569187484967e-02,5.775197111048825382e-01,4.136384418826344889e-01,6.554921407130785693e-02,1.214196857008733726e-01,-9.176028675228949105e-02,5.160932027121089005e-01,1.409767340220003662e-01,4.396756876794596924e-01,4.409849248396893184e-01,3.177560540491754515e-01,1.850719817578370952e-01,-8.680214317002038493e-02,6.991867318516398200e-01,1.292245659528452884e-01,-2.099318462448399210e-03,6.198819873988715701e-01,2.758599871172707774e-01,1.288415947881064311e-02,-1.832621440842642155e-02
3.930064496059879620e-01,5.976792136208891604e-02,4.303256377817256673e-01,1.000000000000000000e+00,3.591422837595194539e-01,-1.398403480389832920e-01,3.018617982319211634e-01,-2.694619358643137175e-01,2.308841165078817648e-01,3.429557200126313599e-01,-1.614747347856327897e-01,7.705843064354345184e-02,-2.691195051495698376e-01,9.356159578680461886e-02,1.358891136161839153e-01,5.217854220495279360e-01,-1.033565064090070235e-01,4.269807245154713105e-01,3.383577187417371457e-01,3.542739630905836767e-01,2.083956199227274819e-01,3.224973877386588250e-01,1.379836753356285771e-02,8.794839924482472648e-02,-1.049158032460363321e-01,1.983415324344811048e-01,-1.161306784150223231e-01,2.813289483894509946e-01,1.279334030317672288e-01,4.392708123464121317e-01,-1.275646585441947249e-02,-3.378714818322355318e-01,1.897844618293964836e-01,-7.006303080696053842e-02,-1.217616041826954237e-01,3.119128911186173636e-01,3.293577873132266104e-02,1.394961369491481140e-01,8.788257965038830111e-02
2.046570213588241594e-01,1.485668372731179243e-01,7.790442107371917668e-01,3.591422837595194539e-01,1.000000000000000000e+00,-8.150566986511058321e-02,4.234513764148851167e-01,-6.026224363013091834e-01,9.839628048953763528e-02,4.419260089599245100e-01,-1.579499750408347725e-01,-6.284514071042066052e-02,5.825852838152717483e-02,4.803976766757691030e-01,-2.604481500663174617e-02,3.950146470437660429e-01,-4.907516197861282181e-02,2.078423249637080250e-01,1.979479331511315998e-01,6.294385589892211030e-02,3.500403795659423611e-01,3.380971392570367717e-01,8.802041229350007767e-02,2.068589223723499571e-01,-3.311450682517963484e-02,4.844535841803483400e-01,2.353793644994643108e-01,4.420100367621166981e-01,3.798050404181312900e-01,3.198291246093817319e-01,3.605105541542910075e-01,6.332304919510578500e-02,5.544505993658225274e-01,1.928461890850970695e-01,4.018720711546041463e-02,5.183292487540891447e-01,2.841481219819960713e-01,2.751521797714876968e-02,3.042860527359738873e-02
4.502612880569916709e-01,2.765318273178064001e-01,-1.863840289789705784e-01,-1.398403480389832920e-01,-8.150566986511058321e-02,1.000000000000000000e+00,-1.403072919056227164e-01,1.127333008183455387e-01,4.692343974438226706e-01,7.253807100971790094e-03,8.624290291452283430e-01,5.847675217304812989e-01,-1.867597630083273341e-01,4.810900429402545364e-01,5.474219618877325111e-01,-1.166361825310545212e-02,7.214326265368038449e-01,4.598578644585825104e-01,2.985567738370191182e-01,5.675228291170447692e-01,-3.648989246124998420e-01,5.954964291235208262e-02,8.044991751694725579e-01,6.804815540143265284e-01,8.385403173487901984e-01,2.435219916749272462e-01,5.059536865751146362e-01,-1.374060643323990749e-01,6.850655000305910791e-02,-1.968483397441823379e-01,3.674913581981096300e-01,5.289831844622806534e-01,-4.534591228197575874e-01,5.409872862757908463e-01,4.811896451727601942e-01,1.165502048577006511e-01,3.422343671207999649e-01,6.440452673595782329e-01,5.621831266281344108e-01
7.785138197863504528e-02,5.211506464263491178e-01,3.792169528712880933e-01,3.018617982319211634e-01,4.234513764148851167e-01,-1.403072919056227164e-01,1.000000000000000000e+00,-8.707427327975000853e-02,3.638521850924278378e-01,7.651612979844160112e-01,-1.584360769823149606e-01,2.627331246298907907e-01,2.986846449575190077e-01,3.727280071481920976e-01,1.305570588707664070e-01,5.103350336751629746e-01,-2.494009794119471934e-01,4.089147979479821893e-01,5.182217091852466817e-01,-5.858292758919803750e-02,-1.279960520436566537e-02,5.120024568513770191e-01,8.842245790145000783e-02,-3.926321252315343596e-02,-2.844323177724229074e-02,3.039694270959921590e-02,3.307539473494663373e-01,-8.156723412799449235e-02,-1.780965457285604847e-01,5.461573555167702487e-01,4.033896114105550157e-01,2.418319212974650301e-01,1.521919495896401353e-01,2.084227078278017287e-01,-2.343858611542824419e-02,4.726313573477703978e-01,1.365665823542928092e-01,1.779643795539624651e-01,3.258710894637650290e-01
-2.930783366101400444e-01,2.053004446260270344e-02,-7.668961813892110069e-01,-2.694619358643137175e-01,-6.026224363013091834e-01,1.127333008183455387e-01,-8.707427327975000853e-02,1.000000000000000000e+00,1.372949529173162972e-02,-1.736822908569026769e-01,9.202873951360725224e-02,1.664326171997579096e-01,1.767597599677205034e-01,-3.232995428666353144e-01,-3.802344429175916890e-02,-3.235073106094037421e-01,-7.805247265024413406e-02,-8.421868573890442522e-02,4.585225177280236736e-02,-6.062984045749610779e-02,-4.971983505482015508e-01,-1.396186302627026032e-01,-8.938458722263989409e-02,-6.780824345107473727e-02,5.974674311449851283e-02,-5.121417832060638498e-01,9.692376638829098071e-03,-4.597847678719036435e-01,-5.014960459965838169e-01,-1.860104237198298982e-01,-3.670970535997739037e-02,1.544578096754802843e-01,-6.274128154699983861e-01,-5.658102198017896101e-02,-2.477205987426865305e-02,-5.607459331111186440e-01,-2.304671448743084439e-01,-5.511166727806426739e-03,9.423265809477988919e-02
5.634691412578586300e-01,7.295167916567830702e-01,7.277527782471432394e-02,2.308841165078817648e-01,9.839628048953763528e-02,4.692343974438226706e-01,3.638521850924278378e-01,1.372949529173162972e-02,1.000000000000000000e+00,6.102012775746162854e-01,4.010280348382795346e-01,8.621581451062880763e-01,-9.490279947074065081e-02,4.979102270992254442e-01,7.696407272878649231e-01,5.498490131597491004e-01,1.605464413752903108e-01,8.590790240050498738e-01,8.241151695800675858e-01,5.355878889916517727e-01,-3.581097417096492097e-01,3.901334779385325913e-01,5.330750949668288108e-01,3.401602122239014703e-01,4.714930978135516981e-01,2.084485821073981393e-01,5.845355473524062040e-01,-3.385756110813964437e-01,-1.993765289453405809e-01,5.401047436169591487e-01,4.684420320113711900e-01,4.615241728760829387e-01,-3.891370571620484942e-01,5.995278834750595864e-01,3.716121819272278914e-01,2.987086650819743006e-01,3.840280599205559975e-01,8.378721731848924881e-01,8.662142659940719192e-01
2.987297051584473229e-01,7.018323295354137459e-01,3.786147914041932405e-01,3.429557200126313599e-01,4.419260089599245100e-01,7.253807100971790094e-03,7.651612979844160112e-01,-1.736822908569026769e-01,6.102012775746162854e-01,1.000000000000000000e+00,-6.426745246212244023e-02,5.009092723462644781e-01,1.759032272203465141e-01,4.996678754933939204e-01,3.717441186557988719e-01,7.009749440954957667e-01,-1.782745047202483335e-01,6.253350029821492795e-01,6.992848070570067964e-01,1.106691823805357050e-01,-1.355760639080003938e-01,5.063585969176674917e-01,1.976300851865964436e-01,6.271647760134978211e-02,6.308306001007463193e-02,1.542758436846332348e-01,4.154346128219744139e-01,-1.305338440085309915e-01,-2.042735795201696125e-01,7.337411247734015873e-01,5.040681370324030519e-01,3.088911964719761039e-01,1.864561709596642552e-02,3.623401176858502826e-01,1.017944698354421723e-01,4.968075726351938171e-01,2.444163983990637334e-01,4.344104675590987896e-01,5.579256861491912467e-01
4.165352108022802868e-01,2.134870270835787232e-01,-2.174864015542946338e-01,-1.614747347856327897e-01,-1.579499750408347725e-01,8.624290291452283430e-01,-1.584360769823149606e-01,9.202873951360725224e-02,4.010280348382795346e-01,-6.426745246212244023e-02,1.000000000000000000e+00,5.286140970421888685e-01,-1.775538251306256476e-01,4.073092761044470045e-01,4.982041673765486567e-01,-6.583682812906131721e-02,7.199876064134203002e-01,4.029199144123517540e-01,2.253600516965865441e-01,5.213033874151338232e-01,-3.415067221193466840e-01,2.022252123559763540e-02,7.883317814151579173e-01,5.903235310180670048e-01,8.266402434860741222e-01,1.724294354833163512e-01,4.543260017814681473e-01,-1.863960623140465400e-01,5.055368864283437541e-02,-2.781659995053860079e-01,2.431211697596120658e-01,4.650924519108256550e-01,-4.316684815539133524e-01,4.666578381103898554e-01,4.432208838268442697e-01,1.361817185991682500e-01,2.699841564995832388e-01,6.015470329949000883e-01,5.016104378342317593e-01
4.930206757454373978e-01,7.218540154517083529e-01,-1.043154270506523040e-01,7.705843064354345184e-02,-6.284514071042066052e-02,5.847675217304812989e-01,2.627331246298907907e-01,1.664326171997579096e-01,8.621581451062880763e-01,5.009092723462644781e-01,5.286140970421888685e-01,1.000000000000000000e+00,-3.504811966984833910e-02,4.731706703107417811e-01,7.481975847701569649e-01,3.800795532013080957e-01,2.659430250591402478e-01,7.981348306616292687e-01,7.750664476981848905e-01,5.440846343175225197e-01,-4.403606030411036376e-01,3.658549009832923193e-01,5.990703433284143564e-01,3.823987571195345825e-01,5.777690145536045208e-01,1.047862709740944032e-01,6.218391218469928594e-01,-4.713754399849261478e-01,-2.946338765897973389e-01,3.662947162335221662e-01,4.423261502050836458e-01,5.608631644527365401e-01,-5.183043028214737724e-01,6.036380822536725477e-01,4.342416706412083327e-01,2.022174439580843031e-01,3.607095693649864376e-01,8.464037744913045502e-01,8.843098558602062731e-01
-4.932513741894206105e-01,2.509117214176755928e-01,-1.884116284442944808e-02,-2.691195051495698376e-01,5.825852838152717483e-02,-1.867597630083273341e-01,2.986846449575190077e-01,1.767597599677205034e-01,-9.490279947074065081e-02,1.759032272203465141e-01,-1.775538251306256476e-01,-3.504811966984833910e-02,1.000000000000000000e+00,8.368145237267053671e-02,-2.620535591586102830e-01,-2.658468590718139901e-01,-1.658054664515778709e-01,-1.721669852282235735e-01,4.716889085659197595e-02,-3.026786950083565353e-01,5.733872082652916730e-02,3.392887777034389596e-01,-1.074503402071620151e-01,-1.659625318745816536e-01,-1.102705937109305229e-01,-2.769681712018701170e-01,1.895997786875489310e-01,-2.167271316393250269e-01,-2.336736259538843286e-01,-7.627838608292079881e-02,1.133552116325179382e-01,3.236855262027745206e-01,1.570407902854916715e-01,-5.457152668087570518e-02,3.653430224185563735e-02,-9.563131464043151883e-03,2.666891909720794929e-02,-1.813582937668318518e-01,-7.329971872474889440e-03
3.915519882870528434e-01,5.177549293607289771e-01,4.483503944381144746e-01,9.356159578680461886e-02,4.803976766757691030e-01,4.810900429402545364e-01,3.727280071481920976e-01,-3.232995428666353144e-01,4.979102270992254442e-01,4.996678754933939204e-01,4.073092761044470045e-01,4.731706703107417811e-01,8.368145237267053671e-02,1.000000000000000000e+00,4.200792866449192253e-01,3.536332738097678341e-01,3.421822790450432805e-01,5.224043627047143534e-01,4.596002723095113929e-01,4.076098039175269361e-01,4.389487709080577144e-02,4.517647439738151638e-01,6.099259194788657634e-01,5.343416134875239587e-01,5.158837482103879601e-01,4.808458026300643229e-01,5.830925150841750337e-01,5.798434016851960332e-02,2.113892913444390953e-01,2.074450099874350362e-01,5.513260212638920743e-01,4.780984083014827579e-01,1.311336128163433923e-01,5.855712624426220314e-01,3.231302417081610701e-01,5.713850293421564031e-01,4.501904218888024833e-01,5.250955230545675256e-01,5.121245614805315371e-01
5.802566042840584526e-01,4.620146117854793122e-01,-3.439407710944424653e-03,1.358891136161839153e-01,-2.604481500663174617e-02,5.474219618877325111e-01,1.305570588707664070e-01,-3.802344429175916890e-02,7.696407272878649231e-01,3.717441186557988719e-01,4.982041673765486567e-01,7.481975847701569649e-01,-2.620535591586102830e-01,4.200792866449192253e-01,1.000000000000000000e+00,4.277849576698915524e-01,3.574063787088807564e-01,7.189908763236672051e-01,5.957261456789239018e-01,5.793389812157975216e-01,-3.950547145751507339e-01,1.649581925517019099e-01,5.649425022582889033e-01,4.124376057635047443e-01,5.165484143506143822e-01,2.911031665889338704e-01,4.277314992570201424e-01,-1.459499033690275227e-01,-3.109799544087242865e-02,3.877169991800735738e-01,4.039318406509046500e-01,3.532377306105285997e-01,-3.901249304412943153e-01,6.606959802255424341e-01,3.782053586316520000e-01,1.899684261573555411e-01,4.289372291891063727e-01,7.653619240454814232e-01,7.154622435973911898e-01
5.926618676088194482e-01,4.457417322765424572e-01,4.010192508410534429e-01,5.217854220495279360e-01,3.950146470437660429e-01,-1.166361825310545212e-02,5.103350336751629746e-01,-3.235073106094037421e-01,5.498490131597491004e-01,7.009749440954957667e-01,-6.583682812906131721e-02,3.800795532013080957e-01,-2.658468590718139901e-01,3.536332738097678341e-01,4.277849576698915524e-01,1.000000000000000000e+00,-1.227465462826569514e-01,6.247218210653779913e-01,5.554745959780776898e-01,2.024858576181819969e-01,-5.930916364952432129e-02,1.813383307333669703e-01,1.210103462714356426e-01,6.298350813905000123e-02,-4.393692333278002848e-02,3.836226827194129663e-01,1.569777371859232828e-01,1.577036117326826303e-01,5.577142075080722405e-02,7.822989101256742073e-01,3.652664271069117063e-01,-4.394491346438907098e-02,2.417877241302765490e-02,2.731836150522434781e-01,-1.661450680727223151e-03,4.572557448572706629e-01,1.672549997613326234e-01,4.430509291987552722e-01,4.285615048458355503e-01
3.580747890846021630e-01,-3.754503278949848644e-04,-7.709001925074844552e-02,-1.033565064090070235e-01,-4.907516197861282181e-02,7.214326265368038449e-01,-2.494009794119471934e-01,-7.805247265024413406e-02,1.605464413752903108e-01,-1.782745047202483335e-01,7.199876064134203002e-01,2.659430250591402478e-01,-1.658054664515778709e-01,3.421822790450432805e-01,3.574063787088807564e-01,-1.227465462826569514e-01,1.000000000000000000e+00,2.030149802661855296e-01,-1.304740672087998515e-02,4.753801700559403542e-01,-1.688302074229936778e-01,-4.259798164344536647e-03,6.674319198217147919e-01,5.031966000666326932e-01,6.489974842566282875e-01,2.591074811714426107e-01,1.986039543278937947e-01,1.805868949896829168e-01,3.198786611278418568e-01,-3.576410208651947809e-01,1.923941526615461084e-01,3.260641905591168399e-01,-1.908080892896427960e-01,4.460044219450974845e-01,2.651521079620289267e-01,1.473655733336281803e-01,2.280253335283224381e-01,3.626910198947624342e-01,2.469647915800314286e-01
6.452155184222285733e-01,6.623417876270969451e-01,1.974423276378638736e-01,4.269807245154713105e-01,2.078423249637080250e-01,4.598578644585825104e-01,4.089147979479821893e-01,-8.421868573890442522e-02,8.590790240050498738e-01,6.253350029821492795e-01,4.029199144123517540e-01,7.981348306616292687e-01,-1.721669852282235735e-01,5.224043627047143534e-01,7.189908763236672051e-01,6.247218210653779913e-01,2.030149802661855296e-01,1.000000000000000000e+00,8.192391930121886157e-01,5.873590563973083434e-01,-2.431174559780703848e-01,4.399939524210669806e-01,5.697858485247961902e-01,3.863635899076396929e-01,4.775468076631309011e-01,2.685686468861145371e-01,5.083075501128800910e-01,-2.115265257063018711e-01,-1.133964955495241067e-01,5.387661874385625271e-01,4.315283080208334732e-01,3.569502488371596449e-01,-2.772916384320012750e-01,5.329214372070968375e-01,3.215770315318313144e-01,4.166930552974508206e-01,3.631206487439087582e-01,8.084121698586885785e-01,8.019644618151089421e-01
4.587131874024680811e-01,7.644247219950702776e-01,1.483188418755612692e-01,3.383577187417371457e-01,1.979479331511315998e-01,2.985567738370191182e-01,5.182217091852466817e-01,4.585225177280236736e-02,8.241151695800675858e-01,6.992848070570067964e-01,2.253600516965865441e-01,7.750664476981848905e-01,4.716889085659197595e-02,4.596002723095113929e-01,5.957261456789239018e-01,5.554745959780776898e-01,-1.304740672087998515e-02,8.192391930121886157e-01,1.000000000000000000e+00,4.785926437784799314e-01,-2.383561477720039790e-01,5.367875010175958694e-01,3.909435345280677931e-01,2.519926395668022345e-01,3.295316598434312461e-01,1.700706256442257314e-01,5.849649551603059994e-01,-3.556741583545716678e-01,-2.749872564588455859e-01,5.932201537641845768e-01,5.030278611050336135e-01,4.476052246702557080e-01,-2.967023009284699975e-01,4.674717649035299849e-01,3.396593330773900465e-01,3.414279771399423291e-01,3.597772681717322785e-01,7.198063547580443311e-01,7.926828693134532200e-01
5.726612739606296021e-01,2.789009811924446081e-01,9.273441569187484967e-02,3.542739630905836767e-01,6.294385589892211030e-02,5.675228291170447692e-01,-5.858292758919803750e-02,-6.062984045749610779e-02,5.355878889916517727e-01,1.106691823805357050e-01,5.213033874151338232e-01,5.440846343175225197e-01,-3.026786950083565353e-01,4.076098039175269361e-01,5.793389812157975216e-01,2.024858576181819969e-01,4.753801700559403542e-01,5.873590563973083434e-01,4.785926437784799314e-01,1.000000000000000000e+00,-8.392029254341180911e-02,3.512186179999007840e-01,5.640754988138423354e-01,5.419666513560240650e-01,5.278193839315521441e-01,3.810986065557807057e-01,3.657913967802280397e-01,8.504784521313701884e-03,1.640018907419080463e-01,5.540753410095469039e-02,2.763127770182788323e-01,2.517268384156428063e-01,-2.632069220030287537e-01,4.379525095971839033e-01,3.741545095726345194e-01,2.062869206172765479e-01,3.756468226396479371e-01,6.319124062401072495e-01,5.175503765891028563e-01
-2.807032587726353626e-02,-1.702849522646785740e-01,5.775197111048825382e-01,2.083956199227274819e-01,3.500403795659423611e-01,-3.648989246124998420e-01,-1.279960520436566537e-02,-4.971983505482015508e-01,-3.581097417096492097e-01,-1.355760639080003938e-01,-3.415067221193466840e-01,-4.403606030411036376e-01,5.733872082652916730e-02,4.389487709080577144e-02,-3.950547145751507339e-01,-5.930916364952432129e-02,-1.688302074229936778e-01,-2.431174559780703848e-01,-2.383561477720039790e-01,-8.392029254341180911e-02,1.000000000000000000e+00,2.748743077814346236e-01,-2.181151659145292854e-01,-7.103737848517231723e-02,-2.952068438227829494e-01,2.910486303066823210e-01,-1.820658651463668010e-01,3.710334158645548497e-01,4.140538141925641513e-01,-7.830032235982400945e-02,-1.452409263386372495e-01,-2.827497718745443644e-01,7.459844061266869275e-01,-2.936331611928028051e-01,-1.681062284133949536e-01,3.420259369659297555e-01,1.323901954662751526e-02,-3.518127499893598520e-01,-4.025058479684525681e-01
1.212151778485094228e-01,5.723124304018748498e-01,4.136384418826344889e-01,3.224973877386588250e-01,3.380971392570367717e-01,5.954964291235208262e-02,5.120024568513770191e-01,-1.396186302627026032e-01,3.901334779385325913e-01,5.063585969176674917e-01,2.022252123559763540e-02,3.658549009832923193e-01,3.392887777034389596e-01,4.517647439738151638e-01,1.649581925517019099e-01,1.813383307333669703e-01,-4.259798164344536647e-03,4.399939524210669806e-01,5.367875010175958694e-01,3.512186179999007840e-01,2.748743077814346236e-01,1.000000000000000000e+00,2.649489296327648957e-01,1.669977423062420085e-01,1.645907434167902805e-01,6.698490567094345094e-02,4.066216315561873018e-01,-1.582989869907889535e-01,-1.278249273515837114e-01,2.637586820043867908e-01,2.674942723640670317e-01,3.551821572693883988e-01,2.099145062308727105e-01,2.477686103281655783e-01,1.590100012377424488e-01,4.872369277498348472e-01,2.787507278882908057e-01,2.983188803377240239e-01,3.999498148384110774e-01
5.114491971281949212e-01,4.070453924175414517e-01,6.554921407130785693e-02,1.379836753356285771e-02,8.802041229350007767e-02,8.044991751694725579e-01,8.842245790145000783e-02,-8.938458722263989409e-02,5.330750949668288108e-01,1.976300851865964436e-01,7.883317814151579173e-01,5.990703433284143564e-01,-1.074503402071620151e-01,6.099259194788657634e-01,5.649425022582889033e-01,1.210103462714356426e-01,6.674319198217147919e-01,5.697858485247961902e-01,3.909435345280677931e-01,5.640754988138423354e-01,-2.181151659145292854e-01,2.649489296327648957e-01,1.000000000000000000e+00,6.685211874941976440e-01,8.552163682485255380e-01,3.137686898097072907e-01,5.710724689432696843e-01,-1.225375034344224207e-01,1.066616632034841500e-01,-8.785071387496135031e-02,3.773709920158053732e-01,5.134603925442551287e-01,-2.504681174352750839e-01,5.696347268989718771e-01,4.282763027419598245e-01,3.781957663894887078e-01,3.893478019404443824e-01,6.735941190887954066e-01,6.023523061163590375e-01
4.344551645464710954e-01,1.870546016086463148e-01,1.214196857008733726e-01,8.794839924482472648e-02,2.068589223723499571e-01,6.804815540143265284e-01,-3.926321252315343596e-02,-6.780824345107473727e-02,3.401602122239014703e-01,6.271647760134978211e-02,5.903235310180670048e-01,3.823987571195345825e-01,-1.659625318745816536e-01,5.343416134875239587e-01,4.124376057635047443e-01,6.298350813905000123e-02,5.031966000666326932e-01,3.863635899076396929e-01,2.519926395668022345e-01,5.419666513560240650e-01,-7.103737848517231723e-02,1.669977423062420085e-01,6.685211874941976440e-01,1.000000000000000000e+00,6.610824639032845118e-01,4.429211864579736257e-01,4.698021392149799857e-01,9.384520675659153988e-02,2.368995641483584158e-01,-1.004312284425837032e-01,4.362525505758399480e-01,3.675942700868520263e-01,-1.461279612908199521e-01,4.274537549274117221e-01,3.617470007802890963e-01,1.695517635765497189e-01,4.038555870924687152e-01,4.568800997800362973e-01,3.807722387712164092e-01
3.970742000266733740e-01,3.136327554874208667e-01,-9.176028675228949105e-02,-1.049158032460363321e-01,-3.311450682517963484e-02,8.385403173487901984e-01,-2.844323177724229074e-02,5.974674311449851283e-02,4.714930978135516981e-01,6.308306001007463193e-02,8.266402434860741222e-01,5.777690145536045208e-01,-1.102705937109305229e-01,5.158837482103879601e-01,5.165484143506143822e-01,-4.393692333278002848e-02,6.489974842566282875e-01,4.775468076631309011e-01,3.295316598434312461e-01,5.278193839315521441e-01,-2.952068438227829494e-01,1.645907434167902805e-01,8.552163682485255380e-01,6.610824639032845118e-01,1.000000000000000000e+00,2.108974002146130344e-01,5.635169384026181838e-01,-2.242767115805204270e-01,2.161678374847223263e-02,-2.185844938011161642e-01,3.337925532925785088e-01,5.249804711509891142e-01,-3.629882216698103736e-01,5.193524582095095932e-01,4.515783006650362363e-01,2.144128273108284466e-01,3.494656440542195375e-01,6.251831176724345074e-01,5.595627704643612033e-01
5.844646244787780054e-01,1.388195692559549832e-01,5.160932027121089005e-01,1.983415324344811048e-01,4.844535841803483400e-01,2.435219916749272462e-01,3.039694270959921590e-02,-5.121417832060638498e-01,2.084485821073981393e-01,1.542758436846332348e-01,1.724294354833163512e-01,1.047862709740944032e-01,-2.769681712018701170e-01,4.808458026300643229e-01,2.911031665889338704e-01,3.836226827194129663e-01,2.591074811714426107e-01,2.685686468861145371e-01,1.700706256442257314e-01,3.810986065557807057e-01,2.910486303066823210e-01,6.698490567094345094e-02,3.137686898097072907e-01,4.429211864579736257e-01,2.108974002146130344e-01,1.000000000000000000e+00,3.436869205362468871e-01,4.977836814228960294e-01,6.464868607710201331e-01,2.112448035695329296e-01,5.189200182730310251e-01,8.449867562311300095e-02,2.544175843865781328e-01,3.487591244129728540e-01,2.757550113458546170e-01,4.088187025739815628e-01,4.417677321955766345e-01,3.106985880973764380e-01,1.771251550885743209e-01
3.484521804816291812e-01,6.608658454907387902e-01,1.409767340220003662e-01,-1.161306784150223231e-01,2.353793644994643108e-01,5.059536865751146362e-01,3.307539473494663373e-01,9.692376638829098071e-03,5.845355473524062040e-01,4.154346128219744139e-01,4.543260017814681473e-01,6.218391218469928594e-01,1.895997786875489310e-01,5.830925150841750337e-01,4.277314992570201424e-01,1.569777371859232828e-01,1.986039543278937947e-01,5.083075501128800910e-01,5.849649551603059994e-01,3.657913967802280397e-01,-1.820658651463668010e-01,4.066216315561873018e-01,5.710724689432696843e-01,4.698021392149799857e-01,5.635169384026181838e-01,3.436869205362468871e-01,1.000000000000000000e+00,-3.197914398323294938e-01,-3.622568837091580396e-02,1.522350768814479394e-01,6.155948865479010657e-01,6.818598199677324834e-01,-2.381702457751507240e-01,5.344038030091153857e-01,5.753687447224192786e-01,2.986734962075880961e-01,5.308236343213742492e-01,6.327598386534648567e-01,6.866324804226143774e-01
1.567618609179816380e-01,-4.171616538807530472e-01,4.396756876794596924e-01,2.813289483894509946e-01,4.420100367621166981e-01,-1.374060643323990749e-01,-8.156723412799449235e-02,-4.597847678719036435e-01,-3.385756110813964437e-01,-1.305338440085309915e-01,-1.863960623140465400e-01,-4.713754399849261478e-01,-2.167271316393250269e-01,5.798434016851960332e-02,-1.459499033690275227e-01,1.577036117326826303e-01,1.805868949896829168e-01,-2.115265257063018711e-01,-3.556741583545716678e-01,8.504784521313701884e-03,3.710334158645548497e-01,-1.582989869907889535e-01,-1.225375034344224207e-01,9.384520675659153988e-02,-2.242767115805204270e-01,4.977836814228960294e-01,-3.197914398323294938e-01,1.000000000000000000e+00,6.668140361453963605e-01,2.945950049125897752e-02,7.515860804487489721e-02,-3.485706773218459342e-01,5.051888631240020189e-01,-4.512296478761804175e-02,-1.679617278941427649e-01,1.474631039073019123e-01,5.556247204212152319e-02,-2.966445665096227313e-01,-4.211158621452537054e-01
2.733786002495914857e-01,-2.812618557171305267e-01,4.409849248396893184e-01,1.279334030317672288e-01,3.798050404181312900e-01,6.850655000305910791e-02,-1.780965457285604847e-01,-5.014960459965838169e-01,-1.993765289453405809e-01,-2.042735795201696125e-01,5.055368864283437541e-02,-2.946338765897973389e-01,-2.336736259538843286e-01,2.113892913444390953e-01,-3.109799544087242865e-02,5.577142075080722405e-02,3.198786611278418568e-01,-1.133964955495241067e-01,-2.749872564588455859e-01,1.640018907419080463e-01,4.140538141925641513e-01,-1.278249273515837114e-01,1.066616632034841500e-01,2.368995641483584158e-01,2.161678374847223263e-02,6.464868607710201331e-01,-3.622568837091580396e-02,6.668140361453963605e-01,1.000000000000000000e+00,-1.324332452400499571e-01,1.498272463436649549e-01,-1.035632693411692451e-01,4.447756396806288870e-01,5.060841609933901947e-02,9.799210313831067942e-02,2.289550643238171257e-01,3.316522200386213814e-01,-9.673429944153899562e-02,-2.499441055628949804e-01
3.752388883893836291e-01,5.080673619997804202e-01,3.177560540491754515e-01,4.392708123464121317e-01,3.198291246093817319e-01,-1.968483397441823379e-01,5.461573555167702487e-01,-1.860104237198298982e-01,5.401047436169591487e-01,7.337411247734015873e-01,-2.781659995053860079e-01,3.662947162335221662e-01,-7.627838608292079881e-02,2.074450099874350362e-01,3.877169991800735738e-01,7.822989101256742073e-01,-3.576410208651947809e-01,5.387661874385625271e-01,5.932201537641845768e-01,5.540753410095469039e-02,-7.830032235982400945e-02,2.637586820043867908e-01,-8.785071387496135031e-02,-1.004312284425837032e-01,-2.185844938011161642e-01,2.112448035695329296e-01,1.522350768814479394e-01,2.945950049125897752e-02,-1.324332452400499571e-01,1.000000000000000000e+00,3.523763052099212478e-01,-8.972460453984393292e-04,1.634467241891602099e-02,2.265972085715448614e-01,-2.764017970654704393e-02,2.862695772046622289e-01,1.165033480253092335e-01,3.366029872741416740e-01,4.129135707721213744e-01
3.460605911081489627e-01,5.256729608683304855e-01,1.850719817578370952e-01,-1.275646585441947249e-02,3.605105541542910075e-01,3.674913581981096300e-01,4.033896114105550157e-01,-3.670970535997739037e-02,4.684420320113711900e-01,5.040681370324030519e-01,2.431211697596120658e-01,4.423261502050836458e-01,1.133552116325179382e-01,5.513260212638920743e-01,4.039318406509046500e-01,3.652664271069117063e-01,1.923941526615461084e-01,4.315283080208334732e-01,5.030278611050336135e-01,2.763127770182788323e-01,-1.452409263386372495e-01,2.674942723640670317e-01,3.773709920158053732e-01,4.362525505758399480e-01,3.337925532925785088e-01,5.189200182730310251e-01,6.155948865479010657e-01,7.515860804487489721e-02,1.498272463436649549e-01,3.523763052099212478e-01,1.000000000000000000e+00,5.631862611449269806e-01,-1.167008557379787953e-01,5.219641924378013442e-01,3.305536254380802563e-01,2.623560206969333120e-01,4.321377265874229989e-01,4.431260198991908150e-01,5.010129906584044335e-01
6.586248082597002951e-02,5.612911023382594067e-01,-8.680214317002038493e-02,-3.378714818322355318e-01,6.332304919510578500e-02,5.289831844622806534e-01,2.418319212974650301e-01,1.544578096754802843e-01,4.615241728760829387e-01,3.088911964719761039e-01,4.650924519108256550e-01,5.608631644527365401e-01,3.236855262027745206e-01,4.780984083014827579e-01,3.532377306105285997e-01,-4.394491346438907098e-02,3.260641905591168399e-01,3.569502488371596449e-01,4.476052246702557080e-01,2.517268384156428063e-01,-2.827497718745443644e-01,3.551821572693883988e-01,5.134603925442551287e-01,3.675942700868520263e-01,5.249804711509891142e-01,8.449867562311300095e-02,6.818598199677324834e-01,-3.485706773218459342e-01,-1.035632693411692451e-01,-8.972460453984393292e-04,5.631862611449269806e-01,1.000000000000000000e+00,-2.637133319592004921e-01,4.788867554706586760e-01,4.950137825264757652e-01,1.765579722659170459e-01,4.711943223287295424e-01,4.808013415246478739e-01,5.735715352558556912e-01
-1.580671475033673667e-01,-2.229212717021926693e-01,6.991867318516398200e-01,1.897844618293964836e-01,5.544505993658225274e-01,-4.534591228197575874e-01,1.521919495896401353e-01,-6.274128154699983861e-01,-3.891370571620484942e-01,1.864561709596642552e-02,-4.316684815539133524e-01,-5.183043028214737724e-01,1.570407902854916715e-01,1.311336128163433923e-01,-3.901249304412943153e-01,2.417877241302765490e-02,-1.908080892896427960e-01,-2.772916384320012750e-01,-2.967023009284699975e-01,-2.632069220030287537e-01,7.459844061266869275e-01,2.099145062308727105e-01,-2.504681174352750839e-01,-1.461279612908199521e-01,-3.629882216698103736e-01,2.544175843865781328e-01,-2.381702457751507240e-01,5.051888631240020189e-01,4.447756396806288870e-01,1.634467241891602099e-02,-1.167008557379787953e-01,-2.637133319592004921e-01,1.000000000000000000e+00,-2.205944029358231084e-01,-2.567410268663583017e-01,4.011347334650883223e-01,6.352310289573181307e-03,-4.504276478256123428e-01,-4.700600856470287248e-01
4.117494645666359143e-01,4.441369958721388955e-01,1.292245659528452884e-01,-7.006303080696053842e-02,1.928461890850970695e-01,5.409872862757908463e-01,2.084227078278017287e-01,-5.658102198017896101e-02,5.995278834750595864e-01,3.623401176858502826e-01,4.666578381103898554e-01,6.036380822536725477e-01,-5.457152668087570518e-02,5.855712624426220314e-01,6.606959802255424341e-01,2.731836150522434781e-01,4.460044219450974845e-01,5.329214372070968375e-01,4.674717649035299849e-01,4.379525095971839033e-01,-2.936331611928028051e-01,2.477686103281655783e-01,5.696347268989718771e-01,4.274537549274117221e-01,5.193524582095095932e-01,3.487591244129728540e-01,5.344038030091153857e-01,-4.512296478761804175e-02,5.060841609933901947e-02,2.265972085715448614e-01,5.219641924378013442e-01,4.788867554706586760e-01,-2.205944029358231084e-01,1.000000000000000000e+00,3.330643476881343101e-01,2.292364253997017376e-01,3.756656510526591441e-01,6.139105887314282306e-01,6.104767745947604629e-01
2.524184366943445501e-01,3.123478382335633241e-01,-2.099318462448399210e-03,-1.217616041826954237e-01,4.018720711546041463e-02,4.811896451727601942e-01,-2.343858611542824419e-02,-2.477205987426865305e-02,3.716121819272278914e-01,1.017944698354421723e-01,4.432208838268442697e-01,4.342416706412083327e-01,3.653430224185563735e-02,3.231302417081610701e-01,3.782053586316520000e-01,-1.661450680727223151e-03,2.651521079620289267e-01,3.215770315318313144e-01,3.396593330773900465e-01,3.741545095726345194e-01,-1.681062284133949536e-01,1.590100012377424488e-01,4.282763027419598245e-01,3.617470007802890963e-01,4.515783006650362363e-01,2.757550113458546170e-01,5.753687447224192786e-01,-1.679617278941427649e-01,9.799210313831067942e-02,-2.764017970654704393e-02,3.305536254380802563e-01,4.950137825264757652e-01,-2.567410268663583017e-01,3.330643476881343101e-01,1.000000000000000000e+00,1.063361912303544266e-01,7.134049034055219840e-01,4.918906579129238010e-01,4.496641610378728227e-01
4.069602714579961256e-01,3.939363447194434431e-01,6.198819873988715701e-01,3.119128911186173636e-01,5.183292487540891447e-01,1.165502048577006511e-01,4.726313573477703978e-01,-5.607459331111186440e-01,2.987086650819743006e-01,4.968075726351938171e-01,1.361817185991682500e-01,2.022174439580843031e-01,-9.563131464043151883e-03,5.713850293421564031e-01,1.899684261573555411e-01,4.572557448572706629e-01,1.473655733336281803e-01,4.166930552974508206e-01,3.414279771399423291e-01,2.062869206172765479e-01,3.420259369659297555e-01,4.872369277498348472e-01,3.781957663894887078e-01,1.695517635765497189e-01,2.144128273108284466e-01,4.088187025739815628e-01,2.986734962075880961e-01,1.474631039073019123e-01,2.289550643238171257e-01,2.862695772046622289e-01,2.623560206969333120e-01,1.765579722659170459e-01,4.011347334650883223e-01,2.292364253997017376e-01,1.063361912303544266e-01,1.000000000000000000e+00,3.171531840358184362e-01,3.179342848509569275e-01,2.770480944244392840e-01
2.812367746689903303e-01,3.111042689107565984e-01,2.758599871172707774e-01,3.293577873132266104e-02,2.841481219819960713e-01,3.422343671207999649e-01,1.365665823542928092e-01,-2.304671448743084439e-01,3.840280599205559975e-01,2.444163983990637334e-01,2.699841564995832388e-01,3.607095693649864376e-01,2.666891909720794929e-02,4.501904218888024833e-01,4.289372291891063727e-01,1.672549997613326234e-01,2.280253335283224381e-01,3.631206487439087582e-01,3.597772681717322785e-01,3.756468226396479371e-01,1.323901954662751526e-02,2.787507278882908057e-01,3.893478019404443824e-01,4.038555870924687152e-01,3.494656440542195375e-01,4.417677321955766345e-01,5.308236343213742492e-01,5.556247204212152319e-02,3.316522200386213814e-01,1.165033480253092335e-01,4.321377265874229989e-01,4.711943223287295424e-01,6.352310289573181307e-03,3.756656510526591441e-01,7.134049034055219840e-01,3.171531840358184362e-01,1.000000000000000000e+00,4.322449560936882373e-01,3.876533266439151082e-01
6.681576880374253680e-01,6.536223921146856464e-01,1.288415947881064311e-02,1.394961369491481140e-01,2.751521797714876968e-02,6.440452673595782329e-01,1.779643795539624651e-01,-5.511166727806426739e-03,8.378721731848924881e-01,4.344104675590987896e-01,6.015470329949000883e-01,8.464037744913045502e-01,-1.813582937668318518e-01,5.250955230545675256e-01,7.653619240454814232e-01,4.430509291987552722e-01,3.626910198947624342e-01,8.084121698586885785e-01,7.198063547580443311e-01,6.319124062401072495e-01,-3.518127499893598520e-01,2.983188803377240239e-01,6.735941190887954066e-01,4.568800997800362973e-01,6.251831176724345074e-01,3.106985880973764380e-01,6.327598386534648567e-01,-2.966445665096227313e-01,-9.673429944153899562e-02,3.366029872741416740e-01,4.431260198991908150e-01,4.808013415246478739e-01,-4.504276478256123428e-01,6.139105887314282306e-01,4.918906579129238010e-01,3.179342848509569275e-01,4.322449560936882373e-01,1.000000000000000000e+00,8.563132330532993164e-01
5.354415914844316005e-01,7.756961083108595556e-01,-1.832621440842642155e-02,8.788257965038830111e-02,3.042860527359738873e-02,5.621831266281344108e-01,3.258710894637650290e-01,9.423265809477988919e-02,8.662142659940719192e-01,5.579256861491912467e-01,5.016104378342317593e-01,8.843098558602062731e-01,-7.329971872474889440e-03,5.121245614805315371e-01,7.154622435973911898e-01,4.285615048458355503e-01,2.469647915800314286e-01,8.019644618151089421e-01,7.926828693134532200e-01,5.175503765891028563e-01,-4.025058479684525681e-01,3.999498148384110774e-01,6.023523061163590375e-01,3.807722387712164092e-01,5.595627704643612033e-01,1.771251550885743209e-01,6.866324804226143774e-01,-4.211158621452537054e-01,-2.499441055628949804e-01,4.129135707721213744e-01,5.010129906584044335e-01,5.735715352558556912e-01,-4.700600856470287248e-01,6.104767745947604629e-01,4.496641610378728227e-01,2.770480944244392840e-01,3.876533266439151082e-01,8.563132330532993164e-01,1.000000000000000000e+00
