1.000000000000000000e+00,8.024280999440128737e-01,-4.147004224774991088e-01,4.248681715725057262e-01,2.422264483130359136e-01,4.823917486111045649e-01,3.774783192769595730e-02,-2.783983402007976227e-01,6.323793570846240053e-01,8.580977710805622882e-01,6.043562655039083076e-01,-9.653104906411601183e-02,-3.214481027953922099e-01,4.429098813291281189e-01,-4.718812617874131865e-01,8.453406201354544125e-01,6.415212038380087023e-01,3.972685354047997830e-01,1.547086461641364874e-01,-6.523679375199334385e-02,2.752361364477039496e-01,2.843273525318623998e-03,6.062683555801546831e-01,1.844333009691846714e-01,6.205894316001689948e-01,6.145453318804595666e-01,-1.054083688944034841e-01,4.693825486117272350e-01,6.844470095240647867e-01,8.410108346428259996e-01,-1.435691434623435903e-01,6.585214269777308616e-01,3.886351564996263219e-01,6.822882296540319635e-02,4.163614934328891959e-01,1.882544883537506375e-01,3.297759438493860218e-01,6.821228220079919025e-01,3.082022488838107588e-01
8.024280999440128737e-01,1.000000000000000000e+00,-1.392435593315198283e-01,2.507795549124168799e-01,2.812728223626309032e-01,2.502339612994409768e-01,6.522794410463883530e-02,-2.466751777929783451e-01,6.553256948822613337e-01,7.688627471827329529e-01,4.462148441811370492e-01,-2.085964582769853082e-01,-8.704486384383178232e-02,2.546158332081977504e-01,-5.924447913842864066e-01,7.746459530571375707e-01,4.410137307095948200e-01,3.076314557401262917e-01,2.853266819799662457e-01,-6.092581556449094826e-02,1.817800938236011354e-01,1.705065752070143437e-01,4.616475592122716853e-01,7.410488499291151276e-02,4.409624552565283295e-01,5.371339140904025644e-01,-5.112473564674294840e-02,4.124113256217027956e-01,4.300506197274428510e-01,6.676168232529330337e-01,9.705188236163236892e-02,7.027963690684921882e-01,2.843648954502718262e-01,2.667054693101958973e-01,2.535624083058555245e-01,7.056732268880587522e-02,3.756870144105257658e-01,5.964735679398065482e-01,6.002521963250904147e-01
-4.147004224774991088e-01,-1.392435593315198283e-01,1.000000000000000000e+00,-4.372887989918286533e-01,2.109519713942943075e-01,-6.343876497565906769e-01,-1.766170363087737338e-01,4.869561811819708708e-02,-7.698297545831098154e-02,-4.004748794031020021e-01,-5.167183193482368653e-01,4.214583538044242711e-02,2.953019014026901923e-01,-2.279903340626920349e-01,1.012746857492509006e-01,-3.743423679642529089e-01,-4.822908454955126545e-01,-3.134499751905941989e-01,1.437445120648306596e-01,3.498116720036770211e-02,-1.828956474519350672e-01,3.650812109967282448e-01,-4.167348606598914595e-01,-4.559923592155261385e-02,-3.962804126389942172e-01,-1.445100319427183866e-01,2.999892370091535310e-01,-1.051753425139599490e-01,-4.922203309416714467e-01,-4.376374814308455763e-01,4.797034466998608138e-01,-2.245305284258825029e-01,-2.279840355483153114e-01,4.011986939378217598e-01,-2.617855232403810128e-01,-9.496459339709699410e-02,2.611050988879921875e-02,-2.684254136853048145e-01,3.751406191656562750e-01
4.248681715725057262e-01,2.507795549124168799e-01,-4.372887989918286533e-01,1.000000000000000000e+00,1.105261733605662905e-01,4.055364852884403848e-01,1.110366650229565183e-01,-1.373046647174656076e-01,3.070798841443184157e-01,3.854185219622320857e-01,4.207786166488787227e-01,-1.160835260567881153e-02,-4.430306084802100308e-01,3.976448045655215924e-01,-3.452081069502829225e-01,3.771979961588071695e-01,4.832288860882605341e-01,4.887912017843272783e-01,2.091017438420263996e-01,-5.712592767290142204e-02,1.826191196079365864e-01,-2.396985395518724249e-01,4.570282057777888540e-01,2.912713412195633289e-01,3.469522606139559540e-01,3.627819028927433687e-01,2.040763132961649629e-02,-7.356910191679844058e-02,5.176283716628304887e-01,4.021942681880034676e-01,-3.077705582410564245e-01,3.769416786168496847e-01,2.981311799669297824e-01,-1.652144160039646370e-01,2.759081818750949155e-01,2.065430886050411141e-01,1.947531828181175151e-01,3.697150728465022906e-01,-1.834144905648443791e-02
2.422264483130359136e-01,2.812728223626309032e-01,2.109519713942943075e-01,1.105261733605662905e-01,1.000000000000000000e+00,-1.052659966620111791e-02,-4.951505947062650320e-02,-3.045809089159756677e-02,6.801604667536816917e-01,2.606685059776682190e-01,6.060334139346464088e-02,6.200416637651797597e-02,-2.087441712452819120e-01,5.755888080700585219e-01,-1.880371365439560127e-01,2.976019363406075535e-01,3.076814392944232091e-01,1.036540554591908331e-01,5.106174360128082901e-01,-1.443033742762709348e-01,9.931758620978001217e-02,5.368178178806965600e-02,4.705364215408181505e-01,5.303968891986823309e-01,3.964812764487928298e-01,6.801168812943142461e-01,6.913904373574270013e-01,1.868298437200381912e-01,1.699802539677905955e-01,2.511353839368469232e-01,1.280731770498092226e-01,1.550964628346065688e-01,2.146844287290710085e-01,5.906064849563497088e-01,2.272009685210282792e-01,5.243063323052060687e-01,1.954259240245109219e-01,1.565785024954067794e-01,3.589258462584367093e-01
4.823917486111045649e-01,2.502339612994409768e-01,-6.343876497565906769e-01,4.055364852884403848e-01,-1.052659966620111791e-02,1.000000000000000000e+00,2.078957417531501414e-02,-1.258896436848167544e-01,2.260463127419792551e-01,4.834801404495596144e-01,7.969973251195967556e-01,-9.825802099878234996e-02,-4.459700947050665443e-01,5.026297614517069023e-01,-1.432673927743492448e-01,4.857902624814403048e-01,7.878790006433122883e-01,1.599398494773162371e-01,-2.185274546992591327e-01,-1.452073960293802646e-01,3.294416580078081136e-01,-2.385245975474744873e-01,6.606798518944879683e-01,4.041049805835496556e-01,5.709899163832597990e-01,4.175275274605084741e-01,-4.786568541827140866e-02,2.281513536166723533e-01,7.335702633765172065e-01,5.842307945963560734e-01,-2.662714907987601687e-01,5.359794685978892526e-01,3.099399729196508635e-01,-3.360494742301913251e-01,6.807300451636429939e-01,4.134872580482720772e-01,4.979585605672972592e-01,2.548507217585440077e-01,-3.447695373740287117e-01
3.774783192769595730e-02,6.522794410463883530e-02,-1.766170363087737338e-01,1.110366650229565183e-01,-4.951505947062650320e-02,2.078957417531501414e-02,1.000000000000000000e+00,-5.420871298777781878e-03,6.272832214933689310e-02,8.867076790809096110e-02,-3.557735461634376622e-02,-2.680254819826303203e-01,1.673072419244021614e-01,-6.158310935113669310e-02,-3.541793339287131748e-02,8.077875064501807700e-02,4.861966010333691919e-03,1.361865033786570645e-01,1.391641683956008624e-01,-1.829456174516713440e-01,1.176798883215798321e-02,6.893505558836111879e-02,6.252102066641213214e-03,-1.638260566807923230e-02,4.892650816951255727e-02,7.021481039337092167e-03,-1.143304029483129675e-01,7.953040826515168915e-02,-7.748392654209899574e-03,4.782200098993082821e-02,8.362592359504188166e-02,6.958350496754359127e-02,1.293922636861028486e-01,1.684043549326234152e-02,-5.273419520894132018e-02,-2.876560960520587254e-02,-6.018292841741969268e-02,7.423673326508017922e-02,5.388570000849932096e-02
-2.783983402007976227e-01,-2.466751777929783451e-01,4.869561811819708708e-02,-1.373046647174656076e-01,-3.045809089159756677e-02,-1.258896436848167544e-01,-5.420871298777781878e-03,1.000000000000000000e+00,-3.012412155440294947e-01,-3.035336749714114823e-01,-1.170816647142225025e-01,-8.500722931237604529e-02,1.622046589362176605e-01,-1.825145951134362621e-01,1.478137716217289566e-01,-2.973474497474631884e-01,-2.049481950969141986e-01,-1.352436636157102468e-01,-1.688281773246340656e-01,-1.841492487117070420e-01,5.034384523757721996e-02,6.552862789531183930e-03,-1.986601382210882727e-01,-9.065850933987437688e-02,-1.862785563615331486e-01,-1.527232556668097208e-01,-3.001981591599585733e-02,-1.646740568244224046e-01,-1.924251241754257047e-01,-2.934099468439384517e-01,3.033664017638008914e-02,-1.936548974036940707e-01,-1.209525956964881133e-01,-2.248565753820086499e-01,-9.054933761150305016e-02,-1.752074745316585525e-01,-9.867941174437955265e-02,-3.187307946201371478e-01,-1.769034054230735897e-01
6.323793570846240053e-01,6.553256948822613337e-01,-7.698297545831098154e-02,3.070798841443184157e-01,6.801604667536816917e-01,2.260463127419792551e-01,6.272832214933689310e-02,-3.012412155440294947e-01,1.000000000000000000e+00,6.863461474535565987e-01,3.112821545747370688e-01,-4.251647332498208892e-02,-2.601126816081961723e-01,6.025583301333109487e-01,-4.777218931598001816e-01,7.105544405939961949e-01,5.135956865136817040e-01,3.224127786358581549e-01,5.104541003509438513e-01,-1.387914477538641222e-01,1.137162119440533470e-01,9.005209493868140957e-02,6.553551977170238851e-01,4.567871720519671719e-01,6.326808777911486770e-01,7.511476964039738302e-01,3.810720298772303227e-01,3.735096222783885200e-01,4.267256011952947348e-01,6.321194601285197168e-01,9.493167625296820844e-02,4.851436175110288573e-01,3.578037132665085052e-01,5.494325512124244026e-01,3.364678295476062342e-01,5.108580384426522070e-01,3.383783864023129917e-01,5.287286630211356364e-01,5.083791331641897004e-01
8.580977710805622882e-01,7.688627471827329529e-01,-4.004748794031020021e-01,3.854185219622320857e-01,2.606685059776682190e-01,4.834801404495596144e-01,8.867076790809096110e-02,-3.035336749714114823e-01,6.863461474535565987e-01,1.000000000000000000e+00,5.411851596134718001e-01,-1.149563356194138464e-01,-2.652270518209597361e-01,4.828124127034142954e-01,-4.474205082261279443e-01,9.112469809877136173e-01,6.050515205579211075e-01,3.813934083767951400e-01,2.335760393441672633e-01,-5.233823225814343560e-02,2.244825672705577091e-01,6.816760733598555000e-02,6.520035640122617826e-01,2.534068041267068527e-01,7.187861995674368343e-01,6.205165804642754912e-01,-4.714326860618307108e-02,4.861239931022506289e-01,6.448839759499640500e-01,8.657256523207895738e-01,-8.164258604565054200e-02,6.175780798182868292e-01,3.774989690086295036e-01,1.360705739474568909e-01,3.879952087672394745e-01,2.850446957102791279e-01,3.267733431270070099e-01,6.572105910188881239e-01,3.076015826185992119e-01
6.043562655039083076e-01,4.462148441811370492e-01,-5.167183193482368653e-01,4.207786166488787227e-01,6.060334139346464088e-02,7.969973251195967556e-01,-3.557735461634376622e-02,-1.170816647142225025e-01,3.112821545747370688e-01,5.411851596134718001e-01,1.000000000000000000e+00,-7.377169026950604336e-02,-4.130851499900308754e-01,5.173664706006296798e-01,-2.972748927985390810e-01,5.371570132980737489e-01,8.103847438286427840e-01,2.916339395483996122e-01,-1.144034028099482903e-01,-1.054382325791134167e-01,3.291873619215845426e-01,-1.584256575104575626e-01,6.347941078089824885e-01,4.018602781000603641e-01,5.026320348971645702e-01,4.715109521053889030e-01,-7.636646201610676477e-02,2.271789169860852220e-01,7.624048822086932908e-01,6.208014474988021725e-01,-2.649725324951301975e-01,7.397472380708467465e-01,3.278853564817582611e-01,-2.963485306145797193e-01,6.972398317938571788e-01,2.591281787653685331e-01,5.642733105075727895e-01,4.415021473551592468e-01,-6.863871089150615223e-02
-9.653104906411601183e-02,-2.085964582769853082e-01,4.214583538044242711e-02,-1.160835260567881153e-02,6.200416637651797597e-02,-9.825802099878234996e-02,-2.680254819826303203e-01,-8.500722931237604529e-02,-4.251647332498208892e-02,-1.149563356194138464e-01,-7.377169026950604336e-02,1.000000000000000000e+00,-2.541873939989654912e-02,1.360427348736943653e-01,2.041709691835077167e-01,-1.331859673788808318e-01,-7.724776168135813470e-02,2.130412772928780840e-01,3.659718555823637115e-02,9.199086307911497062e-02,-7.040211775515754777e-02,-4.617732862204104033e-02,-1.833947726361627581e-03,1.381954449883555924e-02,-7.090288875104021338e-02,-2.400981131480612110e-02,1.228489476243751072e-01,-1.611462982306552660e-01,-1.625323170982767573e-02,-1.037866904125834544e-01,-2.073653900032201569e-01,-2.135083286087333387e-01,-1.548043731227650710e-01,1.721187616687187283e-01,-1.888885485435130851e-01,-3.412932008929404210e-02,-2.435594249278676682e-01,7.946249468127578042e-02,-2.087485994343795878e-02
-3.214481027953922099e-01,-8.704486384383178232e-02,2.953019014026901923e-01,-4.430306084802100308e-01,-2.087441712452819120e-01,-4.459700947050665443e-01,1.673072419244021614e-01,1.622046589362176605e-01,-2.601126816081961723e-01,-2.652270518209597361e-01,-4.130851499900308754e-01,-2.541873939989654912e-02,1.000000000000000000e+00,-5.257877408439002309e-01,1.073978310066286135e-01,-2.770406662140027509e-01,-5.385612956094790738e-01,-3.141861273638020813e-01,-2.094345143888208180e-02,-1.629896556281556011e-02,-2.832408872950180068e-01,2.667482453938894715e-01,-4.369880990498110629e-01,-4.362848554395059586e-01,-4.037438507749712135e-01,-4.144695889816800149e-01,-1.525184574269241033e-01,1.080433990364833112e-02,-5.634278725329001647e-01,-3.756983096102775588e-01,3.257876385093980143e-01,-2.548042448704870844e-01,-3.469647270654379612e-01,1.472888337767463141e-01,-4.939437989409753427e-01,-3.593725165322045334e-01,-3.116615797916769126e-01,-2.525595563841000479e-01,1.867968070502794564e-01
4.429098813291281189e-01,2.546158332081977504e-01,-2.279903340626920349e-01,3.976448045655215924e-01,5.755888080700585219e-01,5.026297614517069023e-01,-6.158310935113669310e-02,-1.825145951134362621e-01,6.025583301333109487e-01,4.828124127034142954e-01,5.173664706006296798e-01,1.360427348736943653e-01,-5.257877408439002309e-01,1.000000000000000000e+00,-1.749879492372539425e-01,4.952698140291033058e-01,6.826807050197452043e-01,3.083203205963006011e-01,2.351952521965971210e-01,-1.305232931404670116e-01,2.608724790790558634e-01,-2.196772977603776711e-01,7.547182560957252928e-01,7.722399295788385798e-01,6.982055073430055714e-01,6.848177718728798435e-01,4.199481362535004147e-01,2.134126902840879358e-01,6.010401508688214545e-01,5.743648095556224131e-01,-1.883403254629311963e-01,3.656618365194501674e-01,3.301051860659349746e-01,1.466331318945427731e-01,6.537875691727916827e-01,6.218507180856067684e-01,4.179983574567495697e-01,3.640521122773450746e-01,2.138763325454397582e-02
-4.718812617874131865e-01,-5.924447913842864066e-01,1.012746857492509006e-01,-3.452081069502829225e-01,-1.880371365439560127e-01,-1.432673927743492448e-01,-3.541793339287131748e-02,1.478137716217289566e-01,-4.777218931598001816e-01,-4.474205082261279443e-01,-2.972748927985390810e-01,2.041709691835077167e-01,1.073978310066286135e-01,-1.749879492372539425e-01,1.000000000000000000e+00,-4.875044206852842676e-01,-2.721679855324827813e-01,-3.926207861264827681e-01,-3.186105657313207939e-01,1.169841715983702957e-01,-6.535241078254173941e-02,-1.159030251336837063e-02,-3.283888142665279397e-01,-5.892760462417075129e-02,-2.812065682415931800e-01,-3.609031746783080141e-01,2.280843067701456006e-02,-1.777204606066895287e-01,-2.187804531676759145e-01,-4.076206373609929656e-01,2.663141114687546732e-03,-4.926555581675389206e-01,-2.416084921993467138e-01,-1.104281624249428967e-01,-1.963774268965311209e-01,4.977834707036902367e-02,-2.518240798914739842e-01,-4.356115491779253279e-01,-5.170058453407834209e-01
8.453406201354544125e-01,7.746459530571375707e-01,-3.743423679642529089e-01,3.771979961588071695e-01,2.976019363406075535e-01,4.857902624814403048e-01,8.077875064501807700e-02,-2.973474497474631884e-01,7.105544405939961949e-01,9.112469809877136173e-01,5.371570132980737489e-01,-1.331859673788808318e-01,-2.770406662140027509e-01,4.952698140291033058e-01,-4.875044206852842676e-01,1.000000000000000000e+00,6.164871242149759789e-01,3.682551151477125306e-01,2.369256449640932960e-01,-7.752008123514261828e-02,1.975466432016050600e-01,9.295948321107463941e-02,6.695854860962161537e-01,2.767764462994790620e-01,7.337425639811550049e-01,6.305515669045037574e-01,-2.626871139924425932e-02,4.784816765643327696e-01,6.430950422649025500e-01,8.631481159106088041e-01,-3.197097334709279176e-02,6.255159226610605971e-01,3.819285708334719254e-01,1.513156818112429969e-01,4.220720971437647573e-01,3.107939160499990638e-01,3.867408246473219569e-01,6.352851488796070756e-01,3.158085545517232418e-01
6.415212038380087023e-01,4.410137307095948200e-01,-4.822908454955126545e-01,4.832288860882605341e-01,3.076814392944232091e-01,7.878790006433122883e-01,4.861966010333691919e-03,-2.049481950969141986e-01,5.135956865136817040e-01,6.050515205579211075e-01,8.103847438286427840e-01,-7.724776168135813470e-02,-5.385612956094790738e-01,6.826807050197452043e-01,-2.721679855324827813e-01,6.164871242149759789e-01,1.000000000000000000e+00,2.566557747854830152e-01,1.050545355566432498e-02,-1.612983502477447484e-01,3.838240858287958468e-01,-1.833984479999600237e-01,8.003536482650208672e-01,5.789389257225434626e-01,6.536494772704850575e-01,6.850463929681805952e-01,1.989195097752124997e-01,3.083199412051542687e-01,8.165956751458256502e-01,6.941604892332875476e-01,-1.524410543281705388e-01,6.529836035386348270e-01,3.911965839772483799e-01,-9.276339915592100860e-02,7.686696904420931009e-01,5.477558428061183315e-01,6.075457592965600728e-01,3.918911097545279554e-01,-1.093152854017035991e-01
3.972685354047997830e-01,3.076314557401262917e-01,-3.134499751905941989e-01,4.887912017843272783e-01,1.036540554591908331e-01,1.599398494773162371e-01,1.361865033786570645e-01,-1.352436636157102468e-01,3.224127786358581549e-01,3.813934083767951400e-01,2.916339395483996122e-01,2.130412772928780840e-01,-3.141861273638020813e-01,3.083203205963006011e-01,-3.926207861264827681e-01,3.682551151477125306e-01,2.566557747854830152e-01,1.000000000000000000e+00,5.387623477714509335e-01,1.348145332947408258e-02,1.724997243528659518e-01,-1.421971019400311287e-01,3.021452490425931559e-01,1.659346438735774809e-01,2.519034844730149159e-01,2.919395547660321166e-01,-8.698584541186317465e-02,4.672693796833646968e-02,4.476914307403311866e-01,3.675162843685293446e-01,-3.477483260086402517e-01,3.435952211722966276e-01,2.480270697546479719e-01,-1.014377860097417372e-01,-1.578460442166618877e-02,-1.240839320553045882e-01,-5.251437870065941288e-02,6.723270065132614937e-01,3.274669812184258788e-01
1.547086461641364874e-01,2.853266819799662457e-01,1.437445120648306596e-01,2.091017438420263996e-01,5.106174360128082901e-01,-2.185274546992591327e-01,1.391641683956008624e-01,-1.688281773246340656e-01,5.104541003509438513e-01,2.335760393441672633e-01,-1.144034028099482903e-01,3.659718555823637115e-02,-2.094345143888208180e-02,2.351952521965971210e-01,-3.186105657313207939e-01,2.369256449640932960e-01,1.050545355566432498e-02,5.387623477714509335e-01,1.000000000000000000e+00,4.740989112920632881e-02,-4.452652014347985299e-02,3.352086967038615112e-02,1.885745171878945858e-01,2.011861742527906727e-01,1.480407545958042637e-01,3.660730919349028945e-01,3.814103392845012985e-01,1.147534543560406600e-01,6.103694880834880515e-02,1.233962579570462847e-01,3.575974432498177369e-02,1.454318404402539233e-01,1.420101415068472650e-01,4.311278039281533081e-01,-2.199855222289511247e-01,5.078198433549668128e-02,-1.280081655172284616e-01,4.367573511686859145e-01,5.924919790195714020e-01
-6.523679375199334385e-02,-6.092581556449094826e-02,3.498116720036770211e-02,-5.712592767290142204e-02,-1.443033742762709348e-01,-1.452073960293802646e-01,-1.829456174516713440e-01,-1.841492487117070420e-01,-1.387914477538641222e-01,-5.233823225814343560e-02,-1.054382325791134167e-01,9.199086307911497062e-02,-1.629896556281556011e-02,-1.305232931404670116e-01,1.169841715983702957e-01,-7.752008123514261828e-02,-1.612983502477447484e-01,1.348145332947408258e-02,4.740989112920632881e-02,1.000000000000000000e+00,-1.263850502470910409e-01,-1.148593615194990064e-01,-2.016332027669471283e-01,-2.091057662842658316e-01,-1.007530391122257174e-01,-2.132935681132185901e-01,-7.054939603707921503e-02,-2.238303834302975692e-01,-6.075126569814141148e-02,-1.160941357220264675e-01,-2.949266018431934699e-01,-1.238505747930236656e-01,-1.234726181693636127e-01,-5.272511857314445688e-02,-2.108818751895033816e-01,-1.176703699503151707e-01,-1.812841390635589189e-01,4.538789051438547190e-02,2.824228447001226466e-02
2.752361364477039496e-01,1.817800938236011354e-01,-1.828956474519350672e-01,1.826191196079365864e-01,9.931758620978001217e-02,3.294416580078081136e-01,1.176798883215798321e-02,5.034384523757721996e-02,1.137162119440533470e-01,2.244825672705577091e-01,3.291873619215845426e-01,-7.040211775515754777e-02,-2.832408872950180068e-01,2.608724790790558634e-01,-6.535241078254173941e-02,1.975466432016050600e-01,3.838240858287958468e-01,1.724997243528659518e-01,-4.452652014347985299e-02,-1.263850502470910409e-01,1.000000000000000000e+00,-3.453345022771726197e-02,2.578088843928475482e-01,1.152258938025442075e-01,1.682008912275178014e-01,3.296364016407347108e-01,1.365966223948423229e-02,1.351683823729058764e-01,3.673557896378132903e-01,2.904911942836960748e-01,-1.447955837432143011e-01,2.936656004043403656e-01,1.957035056124835359e-01,-1.601329653234739581e-01,3.413547986676764290e-01,1.055302963939176303e-01,2.081207524242523477e-01,1.701026280327785078e-01,-8.392303305977655281e-02
2.843273525318623998e-03,1.705065752070143437e-01,3.650812109967282448e-01,-2.396985395518724249e-01,5.368178178806965600e-02,-2.385245975474744873e-01,6.893505558836111879e-02,6.552862789531183930e-03,9.005209493868140957e-02,6.816760733598555000e-02,-1.584256575104575626e-01,-4.617732862204104033e-02,2.667482453938894715e-01,-2.196772977603776711e-01,-1.159030251336837063e-02,9.295948321107463941e-02,-1.833984479999600237e-01,-1.421971019400311287e-01,3.352086967038615112e-02,-1.148593615194990064e-01,-3.453345022771726197e-02,1.000000000000000000e+00,-1.599946058734957322e-01,-1.520218197294285478e-01,-1.005998055204007091e-01,-5.722503287925956306e-02,-7.058316469586550790e-02,1.708313104350668576e-01,-1.932956668087258689e-01,2.563106283195265220e-02,4.190945943155220399e-01,3.685034869381590555e-02,-4.836920416825934294e-02,2.680438604961348226e-01,-1.671355920106296633e-01,-4.980502838488507639e-02,2.144434745506516513e-02,1.518691135622733494e-02,3.115026376543439945e-01
6.062683555801546831e-01,4.616475592122716853e-01,-4.167348606598914595e-01,4.570282057777888540e-01,4.705364215408181505e-01,6.606798518944879683e-01,6.252102066641213214e-03,-1.986601382210882727e-01,6.553551977170238851e-01,6.520035640122617826e-01,6.347941078089824885e-01,-1.833947726361627581e-03,-4.369880990498110629e-01,7.547182560957252928e-01,-3.283888142665279397e-01,6.695854860962161537e-01,8.003536482650208672e-01,3.021452490425931559e-01,1.885745171878945858e-01,-2.016332027669471283e-01,2.578088843928475482e-01,-1.599946058734957322e-01,1.000000000000000000e+00,6.679246718498138558e-01,8.142039437021488801e-01,7.348371385885850149e-01,2.808221289128517428e-01,3.037700370051364396e-01,6.893687961075736226e-01,7.065788272519161195e-01,-8.251431957549847096e-02,5.493044919560152728e-01,4.050687896468223026e-01,9.285337652146297138e-02,6.524703847938798651e-01,6.239484936975473461e-01,4.981134520786487108e-01,3.915784631510303426e-01,2.441341811509465179e-02
1.844333009691846714e-01,7.410488499291151276e-02,-4.559923592155261385e-02,2.912713412195633289e-01,5.303968891986823309e-01,4.041049805835496556e-01,-1.638260566807923230e-02,-9.065850933987437688e-02,4.567871720519671719e-01,2.534068041267068527e-01,4.018602781000603641e-01,1.381954449883555924e-02,-4.362848554395059586e-01,7.722399295788385798e-01,-5.892760462417075129e-02,2.767764462994790620e-01,5.789389257225434626e-01,1.659346438735774809e-01,2.011861742527906727e-01,-2.091057662842658316e-01,1.152258938025442075e-01,-1.520218197294285478e-01,6.679246718498138558e-01,1.000000000000000000e+00,5.568093625714719552e-01,5.590131756719625145e-01,4.832949506073061507e-01,1.565106742798478001e-01,4.702354343219517507e-01,3.610735507310331438e-01,3.384633230075391463e-02,3.184253757328282530e-01,2.612963010704973943e-01,1.028744099193523581e-01,6.143998010418447731e-01,6.262352612426179688e-01,4.818804733952023467e-01,1.443873831411719433e-01,-5.329650827485565845e-02
6.205894316001689948e-01,4.409624552565283295e-01,-3.962804126389942172e-01,3.469522606139559540e-01,3.964812764487928298e-01,5.709899163832597990e-01,4.892650816951255727e-02,-1.862785563615331486e-01,6.326808777911486770e-01,7.187861995674368343e-01,5.026320348971645702e-01,-7.090288875104021338e-02,-4.037438507749712135e-01,6.982055073430055714e-01,-2.812065682415931800e-01,7.337425639811550049e-01,6.536494772704850575e-01,2.519034844730149159e-01,1.480407545958042637e-01,-1.007530391122257174e-01,1.682008912275178014e-01,-1.005998055204007091e-01,8.142039437021488801e-01,5.568093625714719552e-01,1.000000000000000000e+00,6.527516770591245132e-01,1.406681087793108242e-01,3.996808197071945457e-01,6.587875466018641157e-01,7.779359774012469808e-01,-9.281198696892080380e-02,4.257985218693854379e-01,4.341927473110548941e-01,5.031812709670954037e-02,5.860958760672996259e-01,5.486945529859352799e-01,4.019841622134819326e-01,4.329337505287786381e-01,1.295147266951282398e-02
6.145453318804595666e-01,5.371339140904025644e-01,-1.445100319427183866e-01,3.627819028927433687e-01,6.801168812943142461e-01,4.175275274605084741e-01,7.021481039337092167e-03,-1.527232556668097208e-01,7.511476964039738302e-01,6.205165804642754912e-01,4.715109521053889030e-01,-2.400981131480612110e-02,-4.144695889816800149e-01,6.848177718728798435e-01,-3.609031746783080141e-01,6.305515669045037574e-01,6.850463929681805952e-01,2.919395547660321166e-01,3.660730919349028945e-01,-2.132935681132185901e-01,3.296364016407347108e-01,-5.722503287925956306e-02,7.348371385885850149e-01,5.590131756719625145e-01,6.527516770591245132e-01,1.000000000000000000e+00,5.234068449105341303e-01,3.621295912245033333e-01,5.760785506131027578e-01,6.327360833935783413e-01,5.872043794251454070e-03,5.071832762469483669e-01,3.893064104132707981e-01,2.877848481127071589e-01,5.279584509510851786e-01,5.552280080982671118e-01,4.463135810147730309e-01,3.912967906909900484e-01,2.522964054448486038e-01
-1.054083688944034841e-01,-5.112473564674294840e-02,2.999892370091535310e-01,2.040763132961649629e-02,6.913904373574270013e-01,-4.786568541827140866e-02,-1.143304029483129675e-01,-3.001981591599585733e-02,3.810720298772303227e-01,-4.714326860618307108e-02,-7.636646201610676477e-02,1.228489476243751072e-01,-1.525184574269241033e-01,4.199481362535004147e-01,2.280843067701456006e-02,-2.626871139924425932e-02,1.989195097752124997e-01,-8.698584541186317465e-02,3.814103392845012985e-01,-7.054939603707921503e-02,1.365966223948423229e-02,-7.058316469586550790e-02,2.808221289128517428e-01,4.832949506073061507e-01,1.406681087793108242e-01,5.234068449105341303e-01,1.000000000000000000e+00,-3.076405960438163834e-02,-1.640785520073328660e-02,-7.566484997431095760e-02,1.635902506581176918e-01,-8.379282162532078471e-02,6.856590984626446950e-02,5.004514740636430981e-01,1.405147349852036431e-01,5.308755118219777858e-01,1.256990326531509383e-01,-1.612710608824834690e-01,1.024066581558638056e-01
4.693825486117272350e-01,4.124113256217027956e-01,-1.051753425139599490e-01,-7.356910191679844058e-02,1.868298437200381912e-01,2.281513536166723533e-01,7.953040826515168915e-02,-1.646740568244224046e-01,3.735096222783885200e-01,4.861239931022506289e-01,2.271789169860852220e-01,-1.611462982306552660e-01,1.080433990364833112e-02,2.134126902840879358e-01,-1.777204606066895287e-01,4.784816765643327696e-01,3.083199412051542687e-01,4.672693796833646968e-02,1.147534543560406600e-01,-2.238303834302975692e-01,1.351683823729058764e-01,1.708313104350668576e-01,3.037700370051364396e-01,1.565106742798478001e-01,3.996808197071945457e-01,3.621295912245033333e-01,-3.076405960438163834e-02,1.000000000000000000e+00,3.039693491079920595e-01,5.139117699710106235e-01,2.387233861155448611e-01,2.569095207443444773e-01,2.091149615078894131e-01,1.114496193173353245e-01,2.427411987427565421e-01,1.452029573970877174e-01,1.482048305476999783e-01,3.470933235701157971e-01,1.430557139087826057e-01
6.844470095240647867e-01,4.300506197274428510e-01,-4.922203309416714467e-01,5.176283716628304887e-01,1.699802539677905955e-01,7.335702633765172065e-01,-7.748392654209899574e-03,-1.924251241754257047e-01,4.267256011952947348e-01,6.448839759499640500e-01,7.624048822086932908e-01,-1.625323170982767573e-02,-5.634278725329001647e-01,6.010401508688214545e-01,-2.187804531676759145e-01,6.430950422649025500e-01,8.165956751458256502e-01,4.476914307403311866e-01,6.103694880834880515e-02,-6.075126569814141148e-02,3.673557896378132903e-01,-1.932956668087258689e-01,6.893687961075736226e-01,4.702354343219517507e-01,6.587875466018641157e-01,5.760785506131027578e-01,-1.640785520073328660e-02,3.039693491079920595e-01,1.000000000000000000e+00,7.499199922831624177e-01,-2.534058718688035339e-01,6.624236590167839056e-01,4.450162815404268279e-01,-2.470620352558164645e-01,6.321612416541504409e-01,3.481573323927361630e-01,5.264704690301524881e-01,5.858968053970415868e-01,-7.094965435124452047e-02
8.410108346428259996e-01,6.676168232529330337e-01,-4.376374814308455763e-01,4.021942681880034676e-01,2.511353839368469232e-01,5.842307945963560734e-01,4.782200098993082821e-02,-2.934099468439384517e-01,6.321194601285197168e-01,8.657256523207895738e-01,6.208014474988021725e-01,-1.037866904125834544e-01,-3.756983096102775588e-01,5.743648095556224131e-01,-4.076206373609929656e-01,8.631481159106088041e-01,6.941604892332875476e-01,3.675162843685293446e-01,1.233962579570462847e-01,-1.160941357220264675e-01,2.904911942836960748e-01,2.563106283195265220e-02,7.065788272519161195e-01,3.610735507310331438e-01,7.779359774012469808e-01,6.327360833935783413e-01,-7.566484997431095760e-02,5.139117699710106235e-01,7.499199922831624177e-01,1.000000000000000000e+00,-1.342221698572870214e-01,6.176226578188387384e-01,4.303478651270679634e-01,-1.953118905744927192e-02,5.491066396351429457e-01,3.355099085426396233e-01,4.190399201365718196e-01,6.456756596267250181e-01,1.662174996735736321e-01
-1.435691434623435903e-01,9.705188236163236892e-02,4.797034466998608138e-01,-3.077705582410564245e-01,1.280731770498092226e-01,-2.662714907987601687e-01,8.362592359504188166e-02,3.033664017638008914e-02,9.493167625296820844e-02,-8.164258604565054200e-02,-2.649725324951301975e-01,-2.073653900032201569e-01,3.257876385093980143e-01,-1.883403254629311963e-01,2.663141114687546732e-03,-3.197097334709279176e-02,-1.524410543281705388e-01,-3.477483260086402517e-01,3.575974432498177369e-02,-2.949266018431934699e-01,-1.447955837432143011e-01,4.190945943155220399e-01,-8.251431957549847096e-02,3.384633230075391463e-02,-9.281198696892080380e-02,5.872043794251454070e-03,1.635902506581176918e-01,2.387233861155448611e-01,-2.534058718688035339e-01,-1.342221698572870214e-01,1.000000000000000000e+00,6.640925721721623216e-03,-5.652118680095474107e-02,3.264693550244695541e-01,-1.054336247030474016e-01,8.385624564322839702e-02,1.910014247333643445e-01,-2.226260095573782405e-01,1.928919227445985152e-01
6.585214269777308616e-01,7.027963690684921882e-01,-2.245305284258825029e-01,3.769416786168496847e-01,1.550964628346065688e-01,5.359794685978892526e-01,6.958350496754359127e-02,-1.936548974036940707e-01,4.851436175110288573e-01,6.175780798182868292e-01,7.397472380708467465e-01,-2.135083286087333387e-01,-2.548042448704870844e-01,3.656618365194501674e-01,-4.926555581675389206e-01,6.255159226610605971e-01,6.529836035386348270e-01,3.435952211722966276e-01,1.454318404402539233e-01,-1.238505747930236656e-01,2.936656004043403656e-01,3.685034869381590555e-02,5.493044919560152728e-01,3.184253757328282530e-01,4.257985218693854379e-01,5.071832762469483669e-01,-8.379282162532078471e-02,2.569095207443444773e-01,6.624236590167839056e-01,6.176226578188387384e-01,6.640925721721623216e-03,1.000000000000000000e+00,3.222231900861688425e-01,-3.748401667279765981e-02,5.268963601857424850e-01,1.406014018724564552e-01,6.483769828688646930e-01,5.686594887246446683e-01,3.659297326296936936e-01
3.886351564996263219e-01,2.843648954502718262e-01,-2.279840355483153114e-01,2.981311799669297824e-01,2.146844287290710085e-01,3.099399729196508635e-01,1.293922636861028486e-01,-1.209525956964881133e-01,3.578037132665085052e-01,3.774989690086295036e-01,3.278853564817582611e-01,-1.548043731227650710e-01,-3.469647270654379612e-01,3.301051860659349746e-01,-2.416084921993467138e-01,3.819285708334719254e-01,3.911965839772483799e-01,2.480270697546479719e-01,1.420101415068472650e-01,-1.234726181693636127e-01,1.957035056124835359e-01,-4.836920416825934294e-02,4.050687896468223026e-01,2.612963010704973943e-01,4.341927473110548941e-01,3.893064104132707981e-01,6.856590984626446950e-02,2.091149615078894131e-01,4.450162815404268279e-01,4.303478651270679634e-01,-5.652118680095474107e-02,3.222231900861688425e-01,1.000000000000000000e+00,-1.123290781838250790e-02,3.006956812742342944e-01,2.404874269530488662e-01,2.366407381145430311e-01,3.341901310073560616e-01,4.167742535904866291e-02
6.822882296540319635e-02,2.667054693101958973e-01,4.011986939378217598e-01,-1.652144160039646370e-01,5.906064849563497088e-01,-3.360494742301913251e-01,1.684043549326234152e-02,-2.248565753820086499e-01,5.494325512124244026e-01,1.360705739474568909e-01,-2.963485306145797193e-01,1.721187616687187283e-01,1.472888337767463141e-01,1.466331318945427731e-01,-1.104281624249428967e-01,1.513156818112429969e-01,-9.276339915592100860e-02,-1.014377860097417372e-01,4.311278039281533081e-01,-5.272511857314445688e-02,-1.601329653234739581e-01,2.680438604961348226e-01,9.285337652146297138e-02,1.028744099193523581e-01,5.031812709670954037e-02,2.877848481127071589e-01,5.004514740636430981e-01,1.114496193173353245e-01,-2.470620352558164645e-01,-1.953118905744927192e-02,3.264693550244695541e-01,-3.748401667279765981e-02,-1.123290781838250790e-02,1.000000000000000000e+00,-1.924117241044072668e-01,2.496893216270972549e-01,-6.985908485437235249e-02,8.409074323688082997e-02,5.402907814515098828e-01
4.163614934328891959e-01,2.535624083058555245e-01,-2.617855232403810128e-01,2.759081818750949155e-01,2.272009685210282792e-01,6.807300451636429939e-01,-5.273419520894132018e-02,-9.054933761150305016e-02,3.364678295476062342e-01,3.879952087672394745e-01,6.972398317938571788e-01,-1.888885485435130851e-01,-4.939437989409753427e-01,6.537875691727916827e-01,-1.963774268965311209e-01,4.220720971437647573e-01,7.686696904420931009e-01,-1.578460442166618877e-02,-2.199855222289511247e-01,-2.108818751895033816e-01,3.413547986676764290e-01,-1.671355920106296633e-01,6.524703847938798651e-01,6.143998010418447731e-01,5.860958760672996259e-01,5.279584509510851786e-01,1.405147349852036431e-01,2.427411987427565421e-01,6.321612416541504409e-01,5.491066396351429457e-01,-1.054336247030474016e-01,5.268963601857424850e-01,3.006956812742342944e-01,-1.924117241044072668e-01,1.000000000000000000e+00,5.209028260758925555e-01,7.146465546338349739e-01,1.757156961124884953e-01,-1.979263442491391023e-01
1.882544883537506375e-01,7.056732268880587522e-02,-9.496459339709699410e-02,2.065430886050411141e-01,5.243063323052060687e-01,4.134872580482720772e-01,-2.876560960520587254e-02,-1.752074745316585525e-01,5.108580384426522070e-01,2.850446957102791279e-01,2.591281787653685331e-01,-3.412932008929404210e-02,-3.593725165322045334e-01,6.218507180856067684e-01,4.977834707036902367e-02,3.107939160499990638e-01,5.477558428061183315e-01,-1.240839320553045882e-01,5.078198433549668128e-02,-1.176703699503151707e-01,1.055302963939176303e-01,-4.980502838488507639e-02,6.239484936975473461e-01,6.262352612426179688e-01,5.486945529859352799e-01,5.552280080982671118e-01,5.308755118219777858e-01,1.452029573970877174e-01,3.481573323927361630e-01,3.355099085426396233e-01,8.385624564322839702e-02,1.406014018724564552e-01,2.404874269530488662e-01,2.496893216270972549e-01,5.209028260758925555e-01,1.000000000000000000e+00,4.159748205508741470e-01,-6.290532940741992707e-02,-1.896607826608153469e-01
3.297759438493860218e-01,3.756870144105257658e-01,2.611050988879921875e-02,1.947531828181175151e-01,1.954259240245109219e-01,4.979585605672972592e-01,-6.018292841741969268e-02,-9.867941174437955265e-02,3.383783864023129917e-01,3.267733431270070099e-01,5.642733105075727895e-01,-2.435594249278676682e-01,-3.116615797916769126e-01,4.179983574567495697e-01,-2.518240798914739842e-01,3.867408246473219569e-01,6.075457592965600728e-01,-5.251437870065941288e-02,-1.280081655172284616e-01,-1.812841390635589189e-01,2.081207524242523477e-01,2.144434745506516513e-02,4.981134520786487108e-01,4.818804733952023467e-01,4.019841622134819326e-01,4.463135810147730309e-01,1.256990326531509383e-01,1.482048305476999783e-01,5.264704690301524881e-01,4.190399201365718196e-01,1.910014247333643445e-01,6.483769828688646930e-01,2.366407381145430311e-01,-6.985908485437235249e-02,7.146465546338349739e-01,4.159748205508741470e-01,1.000000000000000000e+00,1.151741352739588109e-01,4.199598537405301035e-02
6.821228220079919025e-01,5.964735679398065482e-01,-2.684254136853048145e-01,3.697150728465022906e-01,1.565785024954067794e-01,2.548507217585440077e-01,7.423673326508017922e-02,-3.187307946201371478e-01,5.287286630211356364e-01,6.572105910188881239e-01,4.415021473551592468e-01,7.946249468127578042e-02,-2.525595563841000479e-01,3.640521122773450746e-01,-4.356115491779253279e-01,6.352851488796070756e-01,3.918911097545279554e-01,6.723270065132614937e-01,4.367573511686859145e-01,4.538789051438547190e-02,1.701026280327785078e-01,1.518691135622733494e-02,3.915784631510303426e-01,1.443873831411719433e-01,4.329337505287786381e-01,3.912967906909900484e-01,-1.612710608824834690e-01,3.470933235701157971e-01,5.858968053970415868e-01,6.456756596267250181e-01,-2.226260095573782405e-01,5.686594887246446683e-01,3.341901310073560616e-01,8.409074323688082997e-02,1.757156961124884953e-01,-6.290532940741992707e-02,1.151741352739588109e-01,1.000000000000000000e+00,4.834062739883460136e-01
3.082022488838107588e-01,6.002521963250904147e-01,3.751406191656562750e-01,-1.834144905648443791e-02,3.589258462584367093e-01,-3.447695373740287117e-01,5.388570000849932096e-02,-1.769034054230735897e-01,5.083791331641897004e-01,3.076015826185992119e-01,-6.863871089150615223e-02,-2.087485994343795878e-02,1.867968070502794564e-01,2.138763325454397582e-02,-5.170058453407834209e-01,3.158085545517232418e-01,-1.093152854017035991e-01,3.274669812184258788e-01,5.924919790195714020e-01,2.824228447001226466e-02,-8.392303305977655281e-02,3.115026376543439945e-01,2.441341811509465179e-02,-5.329650827485565845e-02,1.295147266951282398e-02,2.522964054448486038e-01,1.024066581558638056e-01,1.430557139087826057e-01,-7.094965435124452047e-02,1.662174996735736321e-01,1.928919227445985152e-01,3.659297326296936936e-01,4.167742535904866291e-02,5.402907814515098828e-01,-1.979263442491391023e-01,-1.896607826608153469e-01,4.199598537405301035e-02,4.834062739883460136e-01,1.000000000000000000e+00
