1.000000000000000000e+00,5.032827890004374360e-01,2.976570885069868555e-01,3.448265131680822160e-01,4.203665928895847781e-01,-2.571064926943553708e-01,2.551862077740124080e-01,-2.746506480372428727e-01,5.493059514909912622e-01,4.938919694423244411e-01,-3.086672149569415491e-01,-3.485890838496430444e-01,-4.235347330811706917e-02,1.937924640673563959e-01,-3.611800285243073616e-01,5.229349054831370358e-01,-1.369569604599042700e-01,3.487704825977007705e-01,3.009811154382881493e-01,1.099726768858265008e-01,-3.153184363731734718e-01,-2.093038971493678402e-01,-1.352556001513855188e-01,2.172440599128873107e-01,1.841908333817318579e-03,3.143166315900086105e-01,2.514948420522235550e-01,-2.114038104634587689e-01,-4.132237142782549388e-02,3.512378002119303511e-01,-3.351018160420968228e-01,-1.438889532972034702e-01,-8.330040876638948426e-04,3.563441007022028484e-01,-3.062371117013843597e-02,1.781662746526720478e-02,-2.668445606535914671e-01,5.931983668474247740e-01,5.043483239935977469e-01
5.032827890004374360e-01,1.000000000000000000e+00,2.176408153833964410e-01,3.880384234019786382e-01,3.828664158255257743e-01,7.731746609521171487e-02,7.806623093435059724e-02,-2.292451396625334592e-01,4.365885787844724364e-01,7.457108280022562985e-01,8.499354368622234757e-02,-3.813529870042956516e-01,1.619174972210745897e-02,4.368460095250845110e-01,-3.933549277439463143e-01,4.989315155147378555e-01,4.847729332795301660e-02,2.703044400500712041e-01,2.753732834124557050e-01,-1.266790228072583180e-01,-4.746041245865299518e-01,-3.655115638171146375e-01,1.489934897033526884e-01,4.116302361080129146e-01,1.655492675225616606e-01,2.654597823734439754e-01,4.706852086695881843e-01,-4.206032466407185755e-01,1.602687544244590645e-01,4.422737129974693704e-01,-3.348032836956014169e-01,2.443565616077849612e-01,7.683233899596453309e-02,2.640590316031013376e-03,9.136654206714867055e-02,2.586044262598448107e-01,1.614462866720634548e-01,4.286703356772369466e-01,3.733505109849175607e-01
2.976570885069868555e-01,2.176408153833964410e-01,1.000000000000000000e+00,-9.501927283173230987e-02,6.961272695754897599e-01,2.441145316696321788e-01,8.226570394180235390e-02,-8.930698012865693203e-01,2.738706291725169772e-01,3.922612152814975439e-01,1.914821978677082037e-01,-2.699203911289191002e-02,-3.389785630091463053e-01,4.346763273591164323e-01,-1.000313643337578245e-01,4.882677978617119829e-01,1.789896922907082133e-01,-4.296215680693499933e-02,-1.124718423257000527e-02,2.923559943537593075e-01,1.073099720972768567e-01,5.388433239578724332e-02,3.334376900674410615e-01,2.493533779424887964e-01,4.010524579544851864e-01,3.129240503564214015e-01,3.863870678308705675e-01,2.637619229087858064e-01,2.092685853089920334e-01,5.103559326228753745e-01,2.266486304264149210e-01,7.984947052265480016e-02,5.305670840591899529e-01,5.193186385642030167e-01,3.294473580014887770e-01,1.379410056428541920e-01,2.537322378466065897e-01,1.419390735626412381e-01,2.189728996939768191e-01
3.448265131680822160e-01,3.880384234019786382e-01,-9.501927283173230987e-02,1.000000000000000000e+00,2.064257646851373473e-01,-2.467155477872660652e-01,3.815558575455403889e-01,7.766036082474511715e-02,5.023703361066595985e-01,3.504560739178947948e-01,-2.337213651109367463e-01,-4.503796317247703573e-01,1.145472901780784786e-01,-3.424727067676010261e-02,-4.383544778300424993e-01,1.194217705486176617e-01,-2.507151976627413070e-01,5.526895706037746603e-01,5.740902525262464584e-01,-4.815504225539464500e-02,-4.613298698918383289e-01,-1.903797494392559242e-01,-2.689669111381612354e-01,-6.337308484368854578e-02,-2.649394262519911281e-01,2.428801478013202161e-02,7.267304046951574004e-02,-6.723754899490708148e-01,-2.151010932667526965e-01,-2.992564483159570327e-02,-4.753634258860497952e-01,-2.327007795706614174e-02,-1.766863743099118533e-01,1.847438856111193947e-02,-3.377222937654098533e-01,-3.215047700244565154e-02,-2.458599033012680291e-01,5.552839418273469718e-01,4.636683048153648623e-01
4.203665928895847781e-01,3.828664158255257743e-01,6.961272695754897599e-01,2.064257646851373473e-01,1.000000000000000000e+00,2.076918276868374991e-01,2.973071691139938522e-01,-6.750199726060466254e-01,4.774391930500924142e-01,5.170718853586127040e-01,1.866111469397428446e-01,-2.819104244392172109e-01,-3.703184710460178941e-01,4.038986845680624382e-01,-3.413654629415726061e-01,4.780713726312249001e-01,1.354076715802195741e-01,2.069242341130018981e-01,2.579707713676111513e-01,1.686451411621726071e-01,-2.144600351490587309e-01,-2.201766055742369887e-01,1.528090810896172991e-01,1.728710292704009610e-01,2.241952437360135719e-01,3.314695224969991805e-01,4.553003101007755959e-01,-9.514548174476990250e-02,1.756248751058135660e-01,4.513992021132157140e-01,7.766158306930985404e-03,1.884621828412559041e-01,3.756952233311225409e-01,4.643891381336546775e-01,1.803852109563896799e-01,1.748339228537431622e-01,1.998067818827685971e-01,3.637891801808456060e-01,3.895121428300660216e-01
-2.571064926943553708e-01,7.731746609521171487e-02,2.441145316696321788e-01,-2.467155477872660652e-01,2.076918276868374991e-01,1.000000000000000000e+00,-1.477631245918779868e-01,-2.657261020334039103e-01,-2.765882900522081411e-01,1.024387619424344149e-02,8.618236817141239348e-01,1.071278299730460543e-01,-1.896390557078938277e-01,5.035465080853264164e-01,-1.796598985313202779e-01,1.504706713755383507e-01,7.499539880168141215e-01,-7.238241895086677813e-02,-2.601476906339729167e-01,-1.950726617954036957e-01,5.652013393670000940e-02,-2.460818855117380688e-01,7.122278128974732780e-01,3.593609188927857079e-01,6.856100143603460761e-01,3.604378419961029034e-01,3.263026738506247804e-01,3.232621869347053756e-01,5.981863194520654625e-01,2.870937829176150036e-01,3.469398650656462246e-01,3.639170612059883791e-01,6.586290829401129088e-01,-2.113834463144877163e-01,6.130104007855760040e-01,2.842780452007371284e-01,7.536172656105737389e-01,-2.535060047222825741e-01,-3.089292858806489406e-01
2.551862077740124080e-01,7.806623093435059724e-02,8.226570394180235390e-02,3.815558575455403889e-01,2.973071691139938522e-01,-1.477631245918779868e-01,1.000000000000000000e+00,-7.372186910828067152e-02,4.753776036243373415e-01,1.922215260331434639e-01,-7.973837264934403868e-02,-4.516680359234426789e-01,-1.757411507597725353e-01,-1.672109091629348510e-01,-4.021670046608841198e-01,1.211558882921990044e-01,-1.891240983323148883e-01,4.483627310611627559e-01,4.299124470226133865e-01,2.113860913210418024e-01,-3.020496977992492282e-01,-1.713429012263446016e-01,-1.987439967666790319e-01,-1.531824509267542822e-01,-2.124883062600494976e-01,6.635230513541910680e-02,-2.314802770307273355e-02,-2.409366743414831369e-01,-2.136964121664229332e-01,-2.444484206199995686e-03,-1.526882929717120752e-01,-2.501215839548089348e-01,-6.561066537478768557e-02,1.397569753874669807e-01,-2.147488030612293153e-01,-1.704189491399201450e-01,-1.750270808616861684e-01,4.492539613612971383e-01,3.122394082972428930e-01
-2.746506480372428727e-01,-2.292451396625334592e-01,-8.930698012865693203e-01,7.766036082474511715e-02,-6.750199726060466254e-01,-2.657261020334039103e-01,-7.372186910828067152e-02,1.000000000000000000e+00,-2.689383538654234185e-01,-3.676363397456848814e-01,-2.047968235058775233e-01,3.638975868534335967e-02,3.006535611952050324e-01,-4.642839501114480183e-01,1.200288643843328007e-01,-4.451756348367001404e-01,-1.690456369842799622e-01,3.960471694360512274e-02,6.445774247847930148e-03,-2.557242917417644201e-01,-9.773729913422930793e-02,-2.514528550692527592e-02,-3.453414674949644159e-01,-2.581799677000105597e-01,-4.205476300578913640e-01,-2.783063082092597784e-01,-3.647731753930783527e-01,-2.298292562834996777e-01,-1.830069560656775729e-01,-4.827577179384185957e-01,-2.054264559742253748e-01,-5.821338534252755437e-02,-5.563309679642403083e-01,-5.089800882959061301e-01,-3.112568006834114942e-01,-1.030841819938765613e-01,-2.562774002340297841e-01,-1.506287283298373691e-01,-2.420551544479468964e-01
5.493059514909912622e-01,4.365885787844724364e-01,2.738706291725169772e-01,5.023703361066595985e-01,4.774391930500924142e-01,-2.765882900522081411e-01,4.753776036243373415e-01,-2.689383538654234185e-01,1.000000000000000000e+00,5.237875662696230838e-01,-2.655986353820083967e-01,-6.473520813497123383e-01,-3.001977530503894265e-01,-1.471626181079447107e-02,-5.427481893136711921e-01,3.152167690227277164e-01,-2.878589333193531385e-01,5.817582265216698634e-01,6.189316974694523132e-01,2.320986665520006487e-01,-5.255648945549503681e-01,-2.405291350872554856e-01,-2.986686902423878465e-01,-3.516582764615087259e-02,-2.319930547605569271e-01,1.599822915863593764e-01,1.897481217804063980e-01,-4.434054572156133633e-01,-1.981555777794923312e-01,2.085945280436950211e-01,-4.055917777061125440e-01,-1.457865446946767125e-02,-1.030656940778316120e-02,3.463061553220551647e-01,-2.093300776630766802e-01,-2.386087941506092880e-01,-1.986537648350453489e-01,8.114507122879676126e-01,6.132566264664210953e-01
4.938919694423244411e-01,7.457108280022562985e-01,3.922612152814975439e-01,3.504560739178947948e-01,5.170718853586127040e-01,1.024387619424344149e-02,1.922215260331434639e-01,-3.676363397456848814e-01,5.237875662696230838e-01,1.000000000000000000e+00,-1.140515468305604470e-02,-3.037438603790909020e-01,-1.077726953476510485e-01,4.689167837866642374e-01,-2.981894622908530801e-01,7.270813576538243117e-01,1.999500302260790591e-02,2.899807262824562470e-01,2.603224628915779548e-01,9.219599666839008167e-02,-3.513695342024347190e-01,-2.075952578650814007e-01,1.725688468315449142e-01,3.642368366002931013e-01,1.278080325460013711e-01,3.415991861887146541e-01,4.972126135814473602e-01,-2.494870927904386804e-01,2.225619214305506466e-01,6.410875805141449391e-01,-1.824384923499938194e-01,3.681040008403017039e-01,6.378571541029098846e-02,1.541036821344060337e-01,1.355336574241128855e-01,4.068590164126323350e-01,2.073652861490378474e-01,3.777869307681056554e-01,2.874045646971836176e-01
-3.086672149569415491e-01,8.499354368622234757e-02,1.914821978677082037e-01,-2.337213651109367463e-01,1.866111469397428446e-01,8.618236817141239348e-01,-7.973837264934403868e-02,-2.047968235058775233e-01,-2.655986353820083967e-01,-1.140515468305604470e-02,1.000000000000000000e+00,3.863750029926282109e-02,-2.226695304638398598e-01,3.751199119845952668e-01,-2.211986885397368152e-01,7.279712152673316339e-02,7.567648558149139282e-01,-6.168250694040734033e-02,-2.294680292668381250e-01,-2.181645293180977108e-01,-2.293856305913092100e-02,-2.936043454433041600e-01,6.458524303531948396e-01,2.546568920211444986e-01,6.162137121321071831e-01,3.718900475968873187e-01,3.404121559197882951e-01,2.704481519483294405e-01,5.500350383870497017e-01,1.981071938766069129e-01,3.167039318375243218e-01,3.529904737259361713e-01,5.914778723889322354e-01,-2.641019892443468575e-01,5.437807774839931163e-01,2.295279002430911375e-01,7.127581212025567714e-01,-2.394191906930664693e-01,-3.078681329343888606e-01
-3.485890838496430444e-01,-3.813529870042956516e-01,-2.699203911289191002e-02,-4.503796317247703573e-01,-2.819104244392172109e-01,1.071278299730460543e-01,-4.516680359234426789e-01,3.638975868534335967e-02,-6.473520813497123383e-01,-3.037438603790909020e-01,3.863750029926282109e-02,1.000000000000000000e+00,2.612370073613658472e-01,1.581993530673766191e-01,6.908122539120735706e-01,-1.676142384901330509e-02,1.954898404590455496e-01,-5.849889342826906091e-01,-6.204373165071405127e-01,-1.111261824821921720e-02,6.906283637898105177e-01,4.988679123480508903e-01,3.253194786045753295e-01,1.348456432479294143e-01,2.250490968035108452e-01,-4.461593021711214579e-02,-9.933480188377181649e-03,5.622843597348218259e-01,2.677724380702482532e-01,2.249527717226717030e-02,5.009597007065785812e-01,1.018249269795234585e-01,1.053809635123033883e-01,3.884700546945551308e-02,3.112712522591425945e-01,3.956145522323956110e-01,1.742155908691617183e-01,-7.349400620261028472e-01,-4.979297827944031418e-01
-4.235347330811706917e-02,1.619174972210745897e-02,-3.389785630091463053e-01,1.145472901780784786e-01,-3.703184710460178941e-01,-1.896390557078938277e-01,-1.757411507597725353e-01,3.006535611952050324e-01,-3.001977530503894265e-01,-1.077726953476510485e-01,-2.226695304638398598e-01,2.612370073613658472e-01,1.000000000000000000e+00,6.554004645051177830e-03,1.335270784144432510e-01,-8.832651603481275759e-02,-1.622721552373837806e-01,-6.716484555258477214e-03,-1.480119951992706073e-01,-2.888897410010856648e-01,-1.101612336940738408e-03,2.958407434630245386e-02,-3.828350412328036800e-02,6.199441044816631635e-02,-1.361810281187759430e-01,-1.018615042657079611e-01,-2.664734356412795102e-01,-1.594255244477222888e-01,-5.240361498512619703e-02,-2.115957654557836798e-01,-3.397418163407397440e-01,-2.100658546292923645e-01,-2.811240076805083254e-01,-2.878125922713508644e-01,-1.910846595394513625e-01,9.627782357848463368e-02,-2.371532419491453880e-01,-1.876423077224425029e-01,-1.675269923477339939e-01
1.937924640673563959e-01,4.368460095250845110e-01,4.346763273591164323e-01,-3.424727067676010261e-02,4.038986845680624382e-01,5.035465080853264164e-01,-1.672109091629348510e-01,-4.642839501114480183e-01,-1.471626181079447107e-02,4.689167837866642374e-01,3.751199119845952668e-01,1.581993530673766191e-01,6.554004645051177830e-03,1.000000000000000000e+00,-3.889863749359066813e-02,5.579189102354995544e-01,4.158072061672045683e-01,-9.788834372937527117e-02,-1.428938383000635803e-01,-1.079741974835017049e-01,1.177412442778192347e-01,-8.223444602411780768e-02,6.339166835895395646e-01,6.482287213966162476e-01,6.391160556591368724e-01,3.383751860046969040e-01,5.150408290898907948e-01,1.515955833727694324e-01,5.270640731735365403e-01,6.235443265808238156e-01,2.154816629135874462e-01,3.807267010762601100e-01,5.512886301170201175e-01,1.565240094770272150e-01,5.676422421016266151e-01,5.523268414763136125e-01,5.830919087802027834e-01,-7.889375138840558355e-02,5.343408401738285185e-02
-3.611800285243073616e-01,-3.933549277439463143e-01,-1.000313643337578245e-01,-4.383544778300424993e-01,-3.413654629415726061e-01,-1.796598985313202779e-01,-4.021670046608841198e-01,1.200288643843328007e-01,-5.427481893136711921e-01,-2.981894622908530801e-01,-2.211986885397368152e-01,6.908122539120735706e-01,1.335270784144432510e-01,-3.889863749359066813e-02,1.000000000000000000e+00,-1.496022030686545712e-01,-1.291682766417282524e-01,-7.179543401717607409e-01,-4.918084376882929099e-01,9.852959688455044385e-02,6.848999965592956762e-01,6.357563998914342873e-01,2.463411633621964344e-02,4.468837044931377872e-03,-1.624659486637248379e-02,-3.692926736580736113e-01,-9.044088585701497152e-02,3.943296435240729036e-01,-4.068256244860132126e-02,-6.811058620904085481e-02,4.798163282606831004e-01,5.803505261556846095e-02,-1.026921492518819146e-01,1.694999601819940638e-01,1.083011072958626475e-01,2.360742242250036815e-01,-6.032781167585658105e-03,-6.608561146665744568e-01,-3.353627756338432575e-01
5.229349054831370358e-01,4.989315155147378555e-01,4.882677978617119829e-01,1.194217705486176617e-01,4.780713726312249001e-01,1.504706713755383507e-01,1.211558882921990044e-01,-4.451756348367001404e-01,3.152167690227277164e-01,7.270813576538243117e-01,7.279712152673316339e-02,-1.676142384901330509e-02,-8.832651603481275759e-02,5.579189102354995544e-01,-1.496022030686545712e-01,1.000000000000000000e+00,2.297907489001553838e-01,1.652451279533479200e-01,3.653525924902391309e-02,1.840557359916448754e-01,-4.192697271882401405e-02,-1.702294055185546440e-02,4.131911046031593315e-01,5.065064198832296416e-01,3.624900239920013090e-01,5.265060973281169288e-01,4.997953284376378535e-01,1.341808254937802425e-01,4.504154698309064675e-01,7.539792350845847535e-01,1.018361515566382630e-01,2.916673559640117763e-01,2.834282998404898390e-01,2.281132691085083208e-01,4.529609406321088994e-01,5.446814763709431073e-01,3.118642661258667070e-01,1.569688461652280487e-01,9.415100127434870847e-02
-1.369569604599042700e-01,4.847729332795301660e-02,1.789896922907082133e-01,-2.507151976627413070e-01,1.354076715802195741e-01,7.499539880168141215e-01,-1.891240983323148883e-01,-1.690456369842799622e-01,-2.878589333193531385e-01,1.999500302260790591e-02,7.567648558149139282e-01,1.954898404590455496e-01,-1.622721552373837806e-01,4.158072061672045683e-01,-1.291682766417282524e-01,2.297907489001553838e-01,1.000000000000000000e+00,-7.448928057137522984e-02,-3.110935293291179349e-01,-2.323082836581019384e-01,1.006332157399526250e-01,-1.939803143955282916e-01,6.875328660909859613e-01,2.944188520672159082e-01,6.232030775345989149e-01,6.130166260129872313e-01,4.285413756396174723e-01,3.946514389483581908e-01,7.350330846665698026e-01,3.168992313938273075e-01,3.570796644250147089e-01,4.515719540331286086e-01,5.512988324706771248e-01,-2.312403311793911065e-01,6.503528927260205927e-01,3.919945452080482173e-01,6.634937882153032485e-01,-2.695894079799129872e-01,-3.514192713168706739e-01
3.487704825977007705e-01,2.703044400500712041e-01,-4.296215680693499933e-02,5.526895706037746603e-01,2.069242341130018981e-01,-7.238241895086677813e-02,4.483627310611627559e-01,3.960471694360512274e-02,5.817582265216698634e-01,2.899807262824562470e-01,-6.168250694040734033e-02,-5.849889342826906091e-01,-6.716484555258477214e-03,-9.788834372937527117e-02,-7.179543401717607409e-01,1.652451279533479200e-01,-7.448928057137522984e-02,1.000000000000000000e+00,6.321182606115270941e-01,6.444726088322021151e-02,-5.739018870138371531e-01,-3.741840615768051714e-01,-1.771245690854898469e-01,-4.425769901806109879e-02,-2.223937518067951036e-01,2.970798705729827405e-01,1.103868321894349407e-02,-4.201078284511069461e-01,-3.117692448960958720e-02,-1.103190327148639328e-02,-4.798709555603339894e-01,-5.405437465764352523e-02,-1.085088201271067754e-01,-1.701790189151822230e-01,-2.117194449662869737e-01,-2.183159675669509303e-01,-1.223686161134380224e-01,6.560319662523981243e-01,3.357291292989309506e-01
3.009811154382881493e-01,2.753732834124557050e-01,-1.124718423257000527e-02,5.740902525262464584e-01,2.579707713676111513e-01,-2.601476906339729167e-01,4.299124470226133865e-01,6.445774247847930148e-03,6.189316974694523132e-01,2.603224628915779548e-01,-2.294680292668381250e-01,-6.204373165071405127e-01,-1.480119951992706073e-01,-1.428938383000635803e-01,-4.918084376882929099e-01,3.653525924902391309e-02,-3.110935293291179349e-01,6.321182606115270941e-01,1.000000000000000000e+00,1.509374925825359981e-01,-4.352191259785159194e-01,-8.740400101589461401e-02,-3.718592943872719991e-01,-1.753825757205046965e-01,-3.163442243140875965e-01,3.526231664933857785e-02,1.445109106388966780e-01,-5.429535228531290336e-01,-2.612707516409987774e-01,-1.450455826281304705e-01,-3.510360625317234251e-01,-5.889885949099733786e-02,-1.438158737884653315e-01,7.073096756374837313e-02,-2.767260360694789312e-01,-2.748530453701555354e-01,-1.952330364109506888e-01,6.428464468823632538e-01,6.309732099429831154e-01
1.099726768858265008e-01,-1.266790228072583180e-01,2.923559943537593075e-01,-4.815504225539464500e-02,1.686451411621726071e-01,-1.950726617954036957e-01,2.113860913210418024e-01,-2.557242917417644201e-01,2.320986665520006487e-01,9.219599666839008167e-02,-2.181645293180977108e-01,-1.111261824821921720e-02,-2.888897410010856648e-01,-1.079741974835017049e-01,9.852959688455044385e-02,1.840557359916448754e-01,-2.323082836581019384e-01,6.444726088322021151e-02,1.509374925825359981e-01,1.000000000000000000e+00,1.788804969988566362e-01,3.406976163569054861e-01,-1.270642127323485804e-01,-9.933647109414201534e-04,-1.277558975298427046e-01,-4.455422761640798895e-02,-2.502428877194307760e-02,2.538029960454569189e-01,-9.582683557735444113e-02,1.444116766035237198e-01,2.518433534913832039e-01,-1.543499077866446745e-01,1.481065184899846808e-02,2.645021138379177739e-01,4.973194731295094845e-02,-3.770109563202984904e-02,-6.487363164170358021e-02,6.452856580567309375e-02,1.679851980144375298e-02
-3.153184363731734718e-01,-4.746041245865299518e-01,1.073099720972768567e-01,-4.613298698918383289e-01,-2.144600351490587309e-01,5.652013393670000940e-02,-3.020496977992492282e-01,-9.773729913422930793e-02,-5.255648945549503681e-01,-3.513695342024347190e-01,-2.293856305913092100e-02,6.906283637898105177e-01,-1.101612336940738408e-03,1.177412442778192347e-01,6.848999965592956762e-01,-4.192697271882401405e-02,1.006332157399526250e-01,-5.739018870138371531e-01,-4.352191259785159194e-01,1.788804969988566362e-01,1.000000000000000000e+00,7.067307929444547332e-01,3.015443636148005258e-01,1.609348705462065876e-01,2.780974471278203630e-01,-1.561770301363398783e-01,1.943554089206567248e-02,6.310285395032564359e-01,1.306375511982689475e-01,8.294221215362218569e-02,7.108376406697809458e-01,-6.647866464229870709e-02,2.263683312485197385e-01,2.253731918117836963e-01,3.775633359860747773e-01,2.302228881278328143e-01,1.717431718869756596e-01,-6.103874256231429651e-01,-2.624971230212735929e-01
-2.093038971493678402e-01,-3.655115638171146375e-01,5.388433239578724332e-02,-1.903797494392559242e-01,-2.201766055742369887e-01,-2.460818855117380688e-01,-1.713429012263446016e-01,-2.514528550692527592e-02,-2.405291350872554856e-01,-2.075952578650814007e-01,-2.936043454433041600e-01,4.988679123480508903e-01,2.958407434630245386e-02,-8.223444602411780768e-02,6.357563998914342873e-01,-1.702294055185546440e-02,-1.939803143955282916e-01,-3.741840615768051714e-01,-8.740400101589461401e-02,3.406976163569054861e-01,7.067307929444547332e-01,1.000000000000000000e+00,-1.729052581290515091e-03,-1.426279901040076840e-02,-2.705016588346339720e-02,-2.263457726777028667e-01,2.710195406413326569e-02,3.647480981950882994e-01,-9.687141787160323536e-02,-5.119206022318390642e-02,5.066610613889855896e-01,-1.067432482025931911e-01,3.024225587360697756e-02,3.210898113252750874e-01,1.806274630232934386e-01,1.013574783299198423e-01,-3.029302007372528319e-02,-3.629353082201888792e-01,-7.338092927145555000e-02
-1.352556001513855188e-01,1.489934897033526884e-01,3.334376900674410615e-01,-2.689669111381612354e-01,1.528090810896172991e-01,7.122278128974732780e-01,-1.987439967666790319e-01,-3.453414674949644159e-01,-2.986686902423878465e-01,1.725688468315449142e-01,6.458524303531948396e-01,3.253194786045753295e-01,-3.828350412328036800e-02,6.339166835895395646e-01,2.463411633621964344e-02,4.131911046031593315e-01,6.875328660909859613e-01,-1.771245690854898469e-01,-3.718592943872719991e-01,-1.270642127323485804e-01,3.015443636148005258e-01,-1.729052581290515091e-03,1.000000000000000000e+00,5.763927699884544564e-01,7.867029305817084817e-01,4.571230889144826670e-01,4.112931926148861161e-01,4.628889042286447597e-01,6.792337129696357501e-01,5.154442034642285897e-01,4.761826699596992118e-01,3.259481987330970498e-01,6.491293099974281278e-01,-8.700123033484205570e-02,7.348683194588864209e-01,4.911613202557648106e-01,7.216684105319624010e-01,-3.514614366387009414e-01,-2.916949768820801814e-01
2.172440599128873107e-01,4.116302361080129146e-01,2.493533779424887964e-01,-6.337308484368854578e-02,1.728710292704009610e-01,3.593609188927857079e-01,-1.531824509267542822e-01,-2.581799677000105597e-01,-3.516582764615087259e-02,3.642368366002931013e-01,2.546568920211444986e-01,1.348456432479294143e-01,6.199441044816631635e-02,6.482287213966162476e-01,4.468837044931377872e-03,5.065064198832296416e-01,2.944188520672159082e-01,-4.425769901806109879e-02,-1.753825757205046965e-01,-9.933647109414201534e-04,1.609348705462065876e-01,-1.426279901040076840e-02,5.763927699884544564e-01,1.000000000000000000e+00,5.941493711131224931e-01,2.077072465566935922e-01,3.955868273698562865e-01,1.714225579379373698e-01,4.145346752715169947e-01,5.809495859839400866e-01,2.174763908896004405e-01,1.727150016739585070e-01,4.613288088274097865e-01,1.673312323486245839e-02,5.473870254047498163e-01,4.225681304971470320e-01,4.674908848520223925e-01,-3.963664368476895600e-02,2.202603293984461974e-02
1.841908333817318579e-03,1.655492675225616606e-01,4.010524579544851864e-01,-2.649394262519911281e-01,2.241952437360135719e-01,6.856100143603460761e-01,-2.124883062600494976e-01,-4.205476300578913640e-01,-2.319930547605569271e-01,1.278080325460013711e-01,6.162137121321071831e-01,2.250490968035108452e-01,-1.361810281187759430e-01,6.391160556591368724e-01,-1.624659486637248379e-02,3.624900239920013090e-01,6.232030775345989149e-01,-2.223937518067951036e-01,-3.163442243140875965e-01,-1.277558975298427046e-01,2.780974471278203630e-01,-2.705016588346339720e-02,7.867029305817084817e-01,5.941493711131224931e-01,1.000000000000000000e+00,3.560500426245128414e-01,4.518206422027469804e-01,4.146250923847771830e-01,5.185609880803415672e-01,4.992500106323387032e-01,4.741303185733434788e-01,2.034006724709411240e-01,7.681982989090152536e-01,9.010612013595049874e-02,6.888716498713155501e-01,3.278636434525960541e-01,6.178117161332304930e-01,-2.365440924062052197e-01,-8.034473933856149663e-02
3.143166315900086105e-01,2.654597823734439754e-01,3.129240503564214015e-01,2.428801478013202161e-02,3.314695224969991805e-01,3.604378419961029034e-01,6.635230513541910680e-02,-2.783063082092597784e-01,1.599822915863593764e-01,3.415991861887146541e-01,3.718900475968873187e-01,-4.461593021711214579e-02,-1.018615042657079611e-01,3.383751860046969040e-01,-3.692926736580736113e-01,5.265060973281169288e-01,6.130166260129872313e-01,2.970798705729827405e-01,3.526231664933857785e-02,-4.455422761640798895e-02,-1.561770301363398783e-01,-2.263457726777028667e-01,4.571230889144826670e-01,2.077072465566935922e-01,3.560500426245128414e-01,1.000000000000000000e+00,5.466506871147669422e-01,2.059191524424948960e-01,6.624025470417113093e-01,4.044837855136449445e-01,2.961655314634247319e-02,3.581831541459051804e-01,3.415597147471439721e-01,-2.781181364678092863e-02,4.901990908686844062e-01,3.581812458179817193e-01,3.877877783067257278e-01,1.423824019152903630e-01,-6.704984000040836722e-02
2.514948420522235550e-01,4.706852086695881843e-01,3.863870678308705675e-01,7.267304046951574004e-02,4.553003101007755959e-01,3.263026738506247804e-01,-2.314802770307273355e-02,-3.647731753930783527e-01,1.897481217804063980e-01,4.972126135814473602e-01,3.404121559197882951e-01,-9.933480188377181649e-03,-2.664734356412795102e-01,5.150408290898907948e-01,-9.044088585701497152e-02,4.997953284376378535e-01,4.285413756396174723e-01,1.103868321894349407e-02,1.445109106388966780e-01,-2.502428877194307760e-02,1.943554089206567248e-02,2.710195406413326569e-02,4.112931926148861161e-01,3.955868273698562865e-01,4.518206422027469804e-01,5.466506871147669422e-01,1.000000000000000000e+00,6.083992245606940907e-02,4.611096501339521092e-01,4.577146020312051200e-01,2.630588557424726193e-01,4.985046646605548748e-01,4.497711869696207065e-01,2.447755421536469689e-01,5.249971577571175274e-01,4.675079210932302498e-01,4.976676576768214177e-01,1.038755291694702099e-01,2.239931716924977723e-01
-2.114038104634587689e-01,-4.206032466407185755e-01,2.637619229087858064e-01,-6.723754899490708148e-01,-9.514548174476990250e-02,3.232621869347053756e-01,-2.409366743414831369e-01,-2.298292562834996777e-01,-4.434054572156133633e-01,-2.494870927904386804e-01,2.704481519483294405e-01,5.622843597348218259e-01,-1.594255244477222888e-01,1.515955833727694324e-01,3.943296435240729036e-01,1.341808254937802425e-01,3.946514389483581908e-01,-4.201078284511069461e-01,-5.429535228531290336e-01,2.538029960454569189e-01,6.310285395032564359e-01,3.647480981950882994e-01,4.628889042286447597e-01,1.714225579379373698e-01,4.146250923847771830e-01,2.059191524424948960e-01,6.083992245606940907e-02,1.000000000000000000e+00,3.872110073238204109e-01,1.992463378846962840e-01,6.880756196762617405e-01,3.886075083070371361e-02,3.412802964233068725e-01,1.112746545043656887e-01,5.349138101393349221e-01,2.366576749135398394e-01,3.609294564734045196e-01,-5.435972698348113807e-01,-5.009748687087780539e-01
-4.132237142782549388e-02,1.602687544244590645e-01,2.092685853089920334e-01,-2.151010932667526965e-01,1.756248751058135660e-01,5.981863194520654625e-01,-2.136964121664229332e-01,-1.830069560656775729e-01,-1.981555777794923312e-01,2.225619214305506466e-01,5.500350383870497017e-01,2.677724380702482532e-01,-5.240361498512619703e-02,5.270640731735365403e-01,-4.068256244860132126e-02,4.504154698309064675e-01,7.350330846665698026e-01,-3.117692448960958720e-02,-2.612707516409987774e-01,-9.582683557735444113e-02,1.306375511982689475e-01,-9.687141787160323536e-02,6.792337129696357501e-01,4.145346752715169947e-01,5.185609880803415672e-01,6.624025470417113093e-01,4.611096501339521092e-01,3.872110073238204109e-01,1.000000000000000000e+00,4.999858632088234889e-01,3.146788837096752278e-01,5.769701206961146411e-01,4.131901460218397326e-01,-1.866410578019711830e-01,7.145455866458615413e-01,5.625426674758888801e-01,6.944553430921206472e-01,-2.853580309528970238e-01,-3.516649421510429918e-01
3.512378002119303511e-01,4.422737129974693704e-01,5.103559326228753745e-01,-2.992564483159570327e-02,4.513992021132157140e-01,2.870937829176150036e-01,-2.444484206199995686e-03,-4.827577179384185957e-01,2.085945280436950211e-01,6.410875805141449391e-01,1.981071938766069129e-01,2.249527717226717030e-02,-2.115957654557836798e-01,6.235443265808238156e-01,-6.811058620904085481e-02,7.539792350845847535e-01,3.168992313938273075e-01,-1.103190327148639328e-02,-1.450455826281304705e-01,1.444116766035237198e-01,8.294221215362218569e-02,-5.119206022318390642e-02,5.154442034642285897e-01,5.809495859839400866e-01,4.992500106323387032e-01,4.044837855136449445e-01,4.577146020312051200e-01,1.992463378846962840e-01,4.999858632088234889e-01,1.000000000000000000e+00,2.213353161828582050e-01,3.599683060537238743e-01,3.973471064926024643e-01,2.156381013001538172e-01,5.560751587349428426e-01,5.184415926149342768e-01,4.461003070120074243e-01,4.521311582601766910e-02,3.479361346990992448e-02
-3.351018160420968228e-01,-3.348032836956014169e-01,2.266486304264149210e-01,-4.753634258860497952e-01,7.766158306930985404e-03,3.469398650656462246e-01,-1.526882929717120752e-01,-2.054264559742253748e-01,-4.055917777061125440e-01,-1.824384923499938194e-01,3.167039318375243218e-01,5.009597007065785812e-01,-3.397418163407397440e-01,2.154816629135874462e-01,4.798163282606831004e-01,1.018361515566382630e-01,3.570796644250147089e-01,-4.798709555603339894e-01,-3.510360625317234251e-01,2.518433534913832039e-01,7.108376406697809458e-01,5.066610613889855896e-01,4.761826699596992118e-01,2.174763908896004405e-01,4.741303185733434788e-01,2.961655314634247319e-02,2.630588557424726193e-01,6.880756196762617405e-01,3.146788837096752278e-01,2.213353161828582050e-01,1.000000000000000000e+00,1.610093114475559251e-01,4.326121189957485291e-01,1.933254302133261826e-01,5.638457309777020754e-01,3.193783498424151435e-01,4.663803216052946343e-01,-5.619309673209120781e-01,-2.833014633493973755e-01
-1.438889532972034702e-01,2.443565616077849612e-01,7.984947052265480016e-02,-2.327007795706614174e-02,1.884621828412559041e-01,3.639170612059883791e-01,-2.501215839548089348e-01,-5.821338534252755437e-02,-1.457865446946767125e-02,3.681040008403017039e-01,3.529904737259361713e-01,1.018249269795234585e-01,-2.100658546292923645e-01,3.807267010762601100e-01,5.803505261556846095e-02,2.916673559640117763e-01,4.515719540331286086e-01,-5.405437465764352523e-02,-5.889885949099733786e-02,-1.543499077866446745e-01,-6.647866464229870709e-02,-1.067432482025931911e-01,3.259481987330970498e-01,1.727150016739585070e-01,2.034006724709411240e-01,3.581831541459051804e-01,4.985046646605548748e-01,3.886075083070371361e-02,5.769701206961146411e-01,3.599683060537238743e-01,1.610093114475559251e-01,1.000000000000000000e+00,1.460579828133372338e-01,-9.912595302390256324e-02,3.800298711205004065e-01,4.926331599715258469e-01,5.914769483754872548e-01,-1.630146419394807311e-01,-1.976138385569332356e-01
-8.330040876638948426e-04,7.683233899596453309e-02,5.305670840591899529e-01,-1.766863743099118533e-01,3.756952233311225409e-01,6.586290829401129088e-01,-6.561066537478768557e-02,-5.563309679642403083e-01,-1.030656940778316120e-02,6.378571541029098846e-02,5.914778723889322354e-01,1.053809635123033883e-01,-2.811240076805083254e-01,5.512886301170201175e-01,-1.026921492518819146e-01,2.834282998404898390e-01,5.512988324706771248e-01,-1.085088201271067754e-01,-1.438158737884653315e-01,1.481065184899846808e-02,2.263683312485197385e-01,3.024225587360697756e-02,6.491293099974281278e-01,4.613288088274097865e-01,7.681982989090152536e-01,3.415597147471439721e-01,4.497711869696207065e-01,3.412802964233068725e-01,4.131901460218397326e-01,3.973471064926024643e-01,4.326121189957485291e-01,1.460579828133372338e-01,1.000000000000000000e+00,2.911000518938631210e-01,6.312144230771593589e-01,1.597088105195285934e-01,5.670550248972067164e-01,-3.771771277011600615e-02,5.488265824658079828e-02
3.563441007022028484e-01,2.640590316031013376e-03,5.193186385642030167e-01,1.847438856111193947e-02,4.643891381336546775e-01,-2.113834463144877163e-01,1.397569753874669807e-01,-5.089800882959061301e-01,3.463061553220551647e-01,1.541036821344060337e-01,-2.641019892443468575e-01,3.884700546945551308e-02,-2.878125922713508644e-01,1.565240094770272150e-01,1.694999601819940638e-01,2.281132691085083208e-01,-2.312403311793911065e-01,-1.701790189151822230e-01,7.073096756374837313e-02,2.645021138379177739e-01,2.253731918117836963e-01,3.210898113252750874e-01,-8.700123033484205570e-02,1.673312323486245839e-02,9.010612013595049874e-02,-2.781181364678092863e-02,2.447755421536469689e-01,1.112746545043656887e-01,-1.866410578019711830e-01,2.156381013001538172e-01,1.933254302133261826e-01,-9.912595302390256324e-02,2.911000518938631210e-01,1.000000000000000000e+00,7.500362603320714916e-02,-3.921945657151357928e-02,-1.215920445807445321e-01,2.317088958099323970e-01,4.128654963769598507e-01
-3.062371117013843597e-02,9.136654206714867055e-02,3.294473580014887770e-01,-3.377222937654098533e-01,1.803852109563896799e-01,6.130104007855760040e-01,-2.147488030612293153e-01,-3.112568006834114942e-01,-2.093300776630766802e-01,1.355336574241128855e-01,5.437807774839931163e-01,3.112712522591425945e-01,-1.910846595394513625e-01,5.676422421016266151e-01,1.083011072958626475e-01,4.529609406321088994e-01,6.503528927260205927e-01,-2.117194449662869737e-01,-2.767260360694789312e-01,4.973194731295094845e-02,3.775633359860747773e-01,1.806274630232934386e-01,7.348683194588864209e-01,5.473870254047498163e-01,6.888716498713155501e-01,4.901990908686844062e-01,5.249971577571175274e-01,5.349138101393349221e-01,7.145455866458615413e-01,5.560751587349428426e-01,5.638457309777020754e-01,3.800298711205004065e-01,6.312144230771593589e-01,7.500362603320714916e-02,1.000000000000000000e+00,4.846153862415370495e-01,7.399272143499231458e-01,-2.899898212760909644e-01,-2.329203292186135532e-01
1.781662746526720478e-02,2.586044262598448107e-01,1.379410056428541920e-01,-3.215047700244565154e-02,1.748339228537431622e-01,2.842780452007371284e-01,-1.704189491399201450e-01,-1.030841819938765613e-01,-2.386087941506092880e-01,4.068590164126323350e-01,2.295279002430911375e-01,3.956145522323956110e-01,9.627782357848463368e-02,5.523268414763136125e-01,2.360742242250036815e-01,5.446814763709431073e-01,3.919945452080482173e-01,-2.183159675669509303e-01,-2.748530453701555354e-01,-3.770109563202984904e-02,2.302228881278328143e-01,1.013574783299198423e-01,4.911613202557648106e-01,4.225681304971470320e-01,3.278636434525960541e-01,3.581812458179817193e-01,4.675079210932302498e-01,2.366576749135398394e-01,5.625426674758888801e-01,5.184415926149342768e-01,3.193783498424151435e-01,4.926331599715258469e-01,1.597088105195285934e-01,-3.921945657151357928e-02,4.846153862415370495e-01,1.000000000000000000e+00,4.674864199665006437e-01,-3.556976184698619758e-01,-2.801653261692400587e-01
-2.668445606535914671e-01,1.614462866720634548e-01,2.537322378466065897e-01,-2.458599033012680291e-01,1.998067818827685971e-01,7.536172656105737389e-01,-1.750270808616861684e-01,-2.562774002340297841e-01,-1.986537648350453489e-01,2.073652861490378474e-01,7.127581212025567714e-01,1.742155908691617183e-01,-2.371532419491453880e-01,5.830919087802027834e-01,-6.032781167585658105e-03,3.118642661258667070e-01,6.634937882153032485e-01,-1.223686161134380224e-01,-1.952330364109506888e-01,-6.487363164170358021e-02,1.717431718869756596e-01,-3.029302007372528319e-02,7.216684105319624010e-01,4.674908848520223925e-01,6.178117161332304930e-01,3.877877783067257278e-01,4.976676576768214177e-01,3.609294564734045196e-01,6.944553430921206472e-01,4.461003070120074243e-01,4.663803216052946343e-01,5.914769483754872548e-01,5.670550248972067164e-01,-1.215920445807445321e-01,7.399272143499231458e-01,4.674864199665006437e-01,1.000000000000000000e+00,-2.908212692849498349e-01,-3.001821102325371027e-01
5.931983668474247740e-01,4.286703356772369466e-01,1.419390735626412381e-01,5.552839418273469718e-01,3.637891801808456060e-01,-2.535060047222825741e-01,4.492539613612971383e-01,-1.506287283298373691e-01,8.114507122879676126e-01,3.777869307681056554e-01,-2.394191906930664693e-01,-7.349400620261028472e-01,-1.876423077224425029e-01,-7.889375138840558355e-02,-6.608561146665744568e-01,1.569688461652280487e-01,-2.695894079799129872e-01,6.560319662523981243e-01,6.428464468823632538e-01,6.452856580567309375e-02,-6.103874256231429651e-01,-3.629353082201888792e-01,-3.514614366387009414e-01,-3.963664368476895600e-02,-2.365440924062052197e-01,1.423824019152903630e-01,1.038755291694702099e-01,-5.435972698348113807e-01,-2.853580309528970238e-01,4.521311582601766910e-02,-5.619309673209120781e-01,-1.630146419394807311e-01,-3.771771277011600615e-02,2.317088958099323970e-01,-2.899898212760909644e-01,-3.556976184698619758e-01,-2.908212692849498349e-01,1.000000000000000000e+00,6.665289873259641062e-01
5.043483239935977469e-01,3.733505109849175607e-01,2.189728996939768191e-01,4.636683048153648623e-01,3.895121428300660216e-01,-3.089292858806489406e-01,3.122394082972428930e-01,-2.420551544479468964e-01,6.132566264664210953e-01,2.874045646971836176e-01,-3.078681329343888606e-01,-4.979297827944031418e-01,-1.675269923477339939e-01,5.343408401738285185e-02,-3.353627756338432575e-01,9.415100127434870847e-02,-3.514192713168706739e-01,3.357291292989309506e-01,6.309732099429831154e-01,1.679851980144375298e-02,-2.624971230212735929e-01,-7.338092927145555000e-02,-2.916949768820801814e-01,2.202603293984461974e-02,-8.034473933856149663e-02,-6.704984000040836722e-02,2.239931716924977723e-01,-5.009748687087780539e-01,-3.516649421510429918e-01,3.479361346990992448e-02,-2.833014633493973755e-01,-1.976138385569332356e-01,5.488265824658079828e-02,4.128654963769598507e-01,-2.329203292186135532e-01,-2.801653261692400587e-01,-3.001821102325371027e-01,6.665289873259641062e-01,1.000000000000000000e+00
