1.000000000000000000e+00,7.591914397132573100e-01,5.909231570300061964e-01,2.599847511244256504e-01,5.415892344728560071e-01,-1.071559164803915359e-01,5.424007874846965560e-01,-5.312423203957187257e-01,5.264863572147907567e-01,6.365235722477393665e-01,2.756708071386886894e-01,4.424546349958765612e-01,5.454582018837865753e-01,6.147833377741074301e-01,1.217266661745939615e-01,5.419077437283770227e-01,5.113663685772441153e-02,3.735900774843667338e-01,3.915532275511827698e-01,2.464379604379609012e-01,5.762739672037447969e-01,4.981909405731525520e-01,5.054291312356045118e-01,5.449214595316180798e-01,3.196713242483648632e-01,6.597768981847591530e-01,5.565494766071175103e-01,3.367018549144871198e-01,6.512542179048671498e-01,5.284869490028852868e-01,6.711965863696763845e-01,7.029340149045558706e-01,3.947688493749803018e-01,4.761495972907572871e-01,3.068493856200112391e-01,6.719108482806720462e-01,5.887374059965857498e-01,3.708502777609872791e-01,5.257899575373450318e-01
7.591914397132573100e-01,1.000000000000000000e+00,7.109760212911110377e-01,5.772579392008998500e-01,6.323192907333947677e-01,-3.962784428259323866e-01,8.550216477327580167e-01,-4.979065287060883138e-01,8.028934771935370973e-01,7.160422238608206147e-01,8.942347812616041614e-02,7.625505542659574143e-01,7.921483028362782397e-01,7.675659872610570700e-01,2.755498403004650876e-01,6.212852939693056520e-01,-3.175994482538452846e-01,5.932970067756425658e-01,6.702958949463447835e-01,5.348824266382904424e-01,7.178554689997326266e-01,8.231411623654023568e-01,4.328114622844674853e-01,7.158367108641893184e-01,1.083805720244194054e-01,5.945601347676868764e-01,8.465798978907377315e-01,4.217137960165038835e-01,7.679341622583081284e-01,7.005540783138448635e-01,8.223698663836227496e-01,8.379537267584079574e-01,3.426223849964831203e-01,7.687884892522754976e-01,1.058499337694950027e-01,4.821990984676178260e-01,4.498955846868837871e-01,4.608896386308234394e-01,8.228019236082669829e-01
5.909231570300061964e-01,7.109760212911110377e-01,1.000000000000000000e+00,4.309169022921622294e-01,8.491483850903666086e-01,-4.063215592218281658e-01,7.389445524086615258e-01,-7.847369650116433615e-01,8.345713421241878205e-01,8.017680501437409735e-01,5.888053968609763267e-02,5.600675611171360702e-01,7.345774058544252139e-01,7.886013730280371226e-01,2.703777605613812418e-01,6.693740702602705150e-01,-1.954881446043654214e-01,7.086726263275370252e-01,7.430105455984494789e-01,4.431260228331247997e-01,8.207752437482940255e-01,7.842043527323788732e-01,4.162198028246779091e-01,6.606516089257643554e-01,3.037920247464074297e-01,4.825755886474845102e-01,7.165383250919065139e-01,5.736695075643217789e-01,5.177413632037867197e-01,8.143206200900197089e-01,7.504810886014220417e-01,6.281044710311767254e-01,7.113071535361642495e-01,8.410098853401497543e-01,-6.010097991451786303e-02,4.222078379658492087e-01,1.896087435179571734e-01,5.759374457043849871e-01,7.484969153861082969e-01
2.599847511244256504e-01,5.772579392008998500e-01,4.309169022921622294e-01,1.000000000000000000e+00,2.470492289456963919e-01,-6.952367441089033484e-01,7.838770152483405251e-01,-1.099078063115029591e-01,7.340544637326400501e-01,4.905166647619538800e-01,-5.434084567318147041e-01,6.899451365568228800e-01,4.574856989632447024e-01,4.816218121338811109e-01,2.703524915568144005e-01,3.581860537751058726e-01,-7.189305323273272874e-01,7.127684061593495546e-01,7.402039770796619012e-01,8.410827195518421062e-01,6.013943319543062493e-01,7.756982519600611470e-01,2.015606195717712379e-01,3.891621954974553987e-01,1.320499199410314073e-01,1.808861350838877335e-01,6.608292650168995364e-01,4.249813696313617939e-01,6.011379159354804935e-01,5.270219622935425896e-01,5.938837134124153039e-01,3.666413714787649658e-01,-5.555111636834812044e-02,6.217785347555895292e-01,-2.585837618137777905e-01,-1.512621034533331854e-01,1.786374983618883860e-02,6.176753575170818022e-01,7.517619238298428597e-01
5.415892344728560071e-01,6.323192907333947677e-01,8.491483850903666086e-01,2.470492289456963919e-01,1.000000000000000000e+00,-2.353522566212078171e-01,6.232340154365902940e-01,-7.099435385095937967e-01,7.059151801300261875e-01,7.574747985205516621e-01,2.335564556590919161e-01,5.115682526507343564e-01,7.036907183440798130e-01,7.627552141636494420e-01,2.721258657674886505e-01,5.880182063133083670e-01,-1.528659031187134913e-02,5.967531734936897259e-01,6.238678863055800994e-01,2.564362987769074342e-01,6.575807293710310697e-01,6.192726543553546126e-01,3.484449949751324827e-01,6.463466743512874535e-01,2.484166248685511780e-01,5.847875830612990766e-01,6.633977935465422693e-01,5.341389991067666543e-01,4.911922410461724287e-01,7.528950108565705124e-01,7.185480009195569506e-01,6.609497501219753213e-01,7.814137908504776853e-01,7.807355881034513390e-01,5.492360557205678423e-02,4.919533872957694842e-01,2.787959034867770192e-01,4.593446593319282512e-01,6.285118189471078365e-01
-1.071559164803915359e-01,-3.962784428259323866e-01,-4.063215592218281658e-01,-6.952367441089033484e-01,-2.353522566212078171e-01,1.000000000000000000e+00,-5.952318621445914504e-01,1.748594642270418498e-01,-6.304905149785006158e-01,-4.366580077818398298e-01,7.191898769122002655e-01,-6.035989707163851303e-01,-2.364502834498040384e-01,-2.496821957414476767e-01,-3.220248632348976514e-01,-2.079129123937542289e-01,6.408589996139708589e-01,-6.687465995148829112e-01,-6.734898380466014522e-01,-6.357403821268602373e-01,-4.932575837971669985e-01,-6.008359655294847057e-01,8.369281240028743352e-02,-2.116652532134243592e-01,-1.219264683357686695e-02,-1.600752225995790701e-01,-4.871278132172010000e-01,-3.977057947530657778e-01,-2.616558901387374680e-01,-5.150054819207272594e-01,-5.032543642253313187e-01,-1.535228103607270689e-01,-1.346288941651427040e-01,-5.209958539938311928e-01,5.089670963375918511e-01,1.878947242457935096e-01,2.742300804325584762e-01,-7.163588762062195192e-01,-6.556828561090805030e-01
5.424007874846965560e-01,8.550216477327580167e-01,7.389445524086615258e-01,7.838770152483405251e-01,6.232340154365902940e-01,-5.952318621445914504e-01,1.000000000000000000e+00,-4.493376364959819624e-01,9.067686326785275863e-01,7.618385694286714527e-01,-1.722378758253506059e-01,7.853605827075814672e-01,7.957045195497197687e-01,7.441510363720551524e-01,3.043167692428074278e-01,6.107098206067689272e-01,-5.276552242046765873e-01,7.695950125960751009e-01,8.397789557614820932e-01,6.994601950686684111e-01,7.674135655075386975e-01,9.164957112238664161e-01,3.669611394446631314e-01,6.386014478191980315e-01,1.094624418617191758e-01,4.421606862529998128e-01,8.738972965649253188e-01,4.753005752515118698e-01,6.990236670763884108e-01,7.750331583299798766e-01,8.129658069440345303e-01,7.046494267735748940e-01,3.078193246324833487e-01,8.527845675165063311e-01,-1.619046001405189117e-01,2.140451107695401645e-01,1.848968369833863812e-01,5.947691851314759193e-01,9.078187518209970275e-01
-5.312423203957187257e-01,-4.979065287060883138e-01,-7.847369650116433615e-01,-1.099078063115029591e-01,-7.099435385095937967e-01,1.748594642270418498e-01,-4.493376364959819624e-01,1.000000000000000000e+00,-5.487878115155874204e-01,-5.803065971918520694e-01,-2.789129162243134119e-01,-2.867856391731664067e-01,-4.701196519219462133e-01,-6.298873970587653970e-01,-1.218405270799270551e-01,-4.399306270617543424e-01,-1.848971117095113414e-01,-3.249446960854338595e-01,-3.698843465030582367e-01,-2.151339193463083499e-01,-5.992655771510730922e-01,-4.487132500741535801e-01,-3.680702518079170260e-01,-5.017397648142613020e-01,-1.421011463534631036e-01,-4.288282586702245047e-01,-4.304307757267241685e-01,-3.370823780403999770e-01,-3.571589831762088108e-01,-5.807103293119930676e-01,-4.815214296744160793e-01,-5.198250218500494180e-01,-7.238417597314689145e-01,-5.774617482544208702e-01,1.143384539651280951e-01,-5.258291500408499575e-01,-1.400153494061334714e-01,-3.000690341010610052e-01,-4.143386751099140675e-01
5.264863572147907567e-01,8.028934771935370973e-01,8.345713421241878205e-01,7.340544637326400501e-01,7.059151801300261875e-01,-6.304905149785006158e-01,9.067686326785275863e-01,-5.487878115155874204e-01,1.000000000000000000e+00,7.840004052232223408e-01,-1.993484832541860541e-01,7.628646194886835596e-01,7.429895986004610986e-01,7.857274096938966501e-01,3.825634002135973044e-01,6.202386793123018105e-01,-4.662379836662580712e-01,8.481853708337581121e-01,8.936764215512731369e-01,7.059240183862539597e-01,8.184105176451732522e-01,9.176082247138628301e-01,3.546466589775917333e-01,6.913127082626696618e-01,1.960596322016233128e-01,4.499506960625488383e-01,8.552332028022087140e-01,5.964731936330383011e-01,6.598772676724066200e-01,8.516252856393274895e-01,8.255330157347137154e-01,6.529976483373898244e-01,4.320703437388240808e-01,9.079590815161597828e-01,-2.064006915001866393e-01,2.041343997124736853e-01,1.184898520977456099e-01,6.839801414643104094e-01,9.060509663558163895e-01
6.365235722477393665e-01,7.160422238608206147e-01,8.017680501437409735e-01,4.905166647619538800e-01,7.574747985205516621e-01,-4.366580077818398298e-01,7.618385694286714527e-01,-5.803065971918520694e-01,7.840004052232223408e-01,1.000000000000000000e+00,1.483668475408071556e-02,5.868963661397433862e-01,7.240344256353720143e-01,7.421589305509168621e-01,2.980500940698267431e-01,7.974703070881069555e-01,-2.081853679796070999e-01,7.687730078543465462e-01,7.824980658592590732e-01,4.302905875776896205e-01,7.400735724775218127e-01,7.301522784609654204e-01,4.128881597890713961e-01,5.885382997301672470e-01,3.810172411471409726e-01,5.977401701917155474e-01,7.236356679166457972e-01,5.485174722779779799e-01,5.626391509972549221e-01,8.316908030213800984e-01,7.957307227565456609e-01,6.503701447707380678e-01,5.972995569863193133e-01,7.325731668774531080e-01,-1.104758651486919749e-02,3.671225182509313401e-01,2.671880379373255399e-01,6.668395435079068623e-01,7.768546860675846766e-01
2.756708071386886894e-01,8.942347812616041614e-02,5.888053968609763267e-02,-5.434084567318147041e-01,2.335564556590919161e-01,7.191898769122002655e-01,-1.722378758253506059e-01,-2.789129162243134119e-01,-1.993484832541860541e-01,1.483668475408071556e-02,1.000000000000000000e+00,-1.798810901580957244e-01,2.031579863119817864e-01,1.827141904124081340e-01,-1.057165926445740312e-01,1.229418794181277030e-01,7.209109390914699711e-01,-4.057195243748092373e-01,-3.575867069173465640e-01,-4.736135026845459395e-01,-8.905987119050359779e-02,-2.117921497506287110e-01,2.585740853262448180e-01,2.175321527196241167e-01,-1.476824192291934304e-02,2.708070902623188059e-01,-2.060280283951546054e-02,-1.727250154982921948e-01,4.566246248449309236e-02,-1.247234422338757732e-02,-7.199206568572501241e-02,3.263367316543586139e-01,2.657092298816218778e-01,-8.631266022525997672e-02,4.727640649812915874e-01,5.476341691404575940e-01,4.238475880813120100e-01,-4.852668278554266301e-01,-2.305579794279130623e-01
4.424546349958765612e-01,7.625505542659574143e-01,5.600675611171360702e-01,6.899451365568228800e-01,5.115682526507343564e-01,-6.035989707163851303e-01,7.853605827075814672e-01,-2.867856391731664067e-01,7.628646194886835596e-01,5.868963661397433862e-01,-1.798810901580957244e-01,1.000000000000000000e+00,5.706051311144367810e-01,6.452900587566879897e-01,6.301439867901336145e-01,4.506668333129074111e-01,-4.113748308724798353e-01,6.403133589974904227e-01,7.037511203257660330e-01,6.419042688022387200e-01,6.916387518986688576e-01,8.090353424982946740e-01,2.120390011069027969e-01,5.973787213929036000e-01,-9.503252797964706691e-03,5.492211031240394892e-01,8.603362140831302129e-01,5.492022193923296047e-01,6.070039742868789112e-01,7.045988874186955853e-01,7.387873314921070689e-01,6.030468718743381418e-01,2.206967782333240646e-01,7.017588677768185068e-01,-1.090512820270527344e-01,1.441237753278828693e-01,1.354078542694504839e-01,5.098770178572451517e-01,7.950918716689499011e-01
5.454582018837865753e-01,7.921483028362782397e-01,7.345774058544252139e-01,4.574856989632447024e-01,7.036907183440798130e-01,-2.364502834498040384e-01,7.957045195497197687e-01,-4.701196519219462133e-01,7.429895986004610986e-01,7.240344256353720143e-01,2.031579863119817864e-01,5.706051311144367810e-01,1.000000000000000000e+00,7.390301574242719163e-01,1.364774644787028202e-01,6.478403468839328827e-01,-2.859105445768205245e-01,6.032424469395561983e-01,6.824374866008453555e-01,3.812574808779126134e-01,6.201160325831178710e-01,7.623526332942011097e-01,4.301382603174155328e-01,6.599618176352231025e-01,1.842589560635087831e-01,3.942768966421253407e-01,7.431939523790824786e-01,2.985196590520531323e-01,5.878307190685484462e-01,6.902752230371491660e-01,6.827182960282874857e-01,7.207455914897906712e-01,4.538670510754491128e-01,7.682881803907710694e-01,1.010431783396302241e-01,3.899553474372511319e-01,3.534543349580127058e-01,3.442721497506201489e-01,7.558439272864685421e-01
6.147833377741074301e-01,7.675659872610570700e-01,7.886013730280371226e-01,4.816218121338811109e-01,7.627552141636494420e-01,-2.496821957414476767e-01,7.441510363720551524e-01,-6.298873970587653970e-01,7.857274096938966501e-01,7.421589305509168621e-01,1.827141904124081340e-01,6.452900587566879897e-01,7.390301574242719163e-01,1.000000000000000000e+00,3.460072892354295604e-01,6.529260600091958411e-01,-1.279803162057773225e-01,6.183633394716889775e-01,6.613923112837151175e-01,5.136020680732997779e-01,7.590856549103457418e-01,7.601946157600723009e-01,5.621623468213906571e-01,7.587620513848474246e-01,2.148163150943091793e-01,5.757978199423070542e-01,7.614040437207130196e-01,5.314654035308610247e-01,6.880903241113125457e-01,7.573929363784219770e-01,7.243795142528037800e-01,7.494292131032631588e-01,5.401599129743448469e-01,7.700517856892680202e-01,7.049571304533105987e-02,4.572127526223790372e-01,3.304445388633571734e-01,4.415548271829019544e-01,7.143437553432163689e-01
1.217266661745939615e-01,2.755498403004650876e-01,2.703777605613812418e-01,2.703524915568144005e-01,2.721258657674886505e-01,-3.220248632348976514e-01,3.043167692428074278e-01,-1.218405270799270551e-01,3.825634002135973044e-01,2.980500940698267431e-01,-1.057165926445740312e-01,6.301439867901336145e-01,1.364774644787028202e-01,3.460072892354295604e-01,1.000000000000000000e+00,2.777178008029699274e-01,-8.019580055054634227e-02,4.050346368216188320e-01,4.117107991213477813e-01,3.220809755887797943e-01,4.402810669150760692e-01,3.857123559916146305e-01,-3.023915136335988615e-02,2.755699246797905788e-01,-1.169944004451634219e-02,4.445476945959380699e-01,5.016488553296311048e-01,6.286967651333594809e-01,1.642039432906510776e-01,4.637160978752802309e-01,4.086066639573325832e-01,1.973681446191235533e-01,1.785266149972069838e-01,2.984596280468553298e-01,-8.639594877076695045e-02,-2.632189140211306164e-02,-1.119256686889848057e-01,3.120489951604855094e-01,3.497547767647130601e-01
5.419077437283770227e-01,6.212852939693056520e-01,6.693740702602705150e-01,3.581860537751058726e-01,5.880182063133083670e-01,-2.079129123937542289e-01,6.107098206067689272e-01,-4.399306270617543424e-01,6.202386793123018105e-01,7.974703070881069555e-01,1.229418794181277030e-01,4.506668333129074111e-01,6.478403468839328827e-01,6.529260600091958411e-01,2.777178008029699274e-01,1.000000000000000000e+00,-1.515915170084400909e-01,6.456554233700687595e-01,6.243714584262255451e-01,3.018878975412040422e-01,6.216393776377328040e-01,6.212492780021297012e-01,4.037750615024479628e-01,4.932379536186266011e-01,3.503630020631242625e-01,5.075897636794711731e-01,6.170804222786120397e-01,5.532700801510417321e-01,4.066806056187175500e-01,6.970236282713379028e-01,6.499742025621552122e-01,5.400146153448019959e-01,4.040051996814462143e-01,5.715609383728943449e-01,1.136640724025305554e-01,3.075267760555204788e-01,2.448716586291069253e-01,4.924989964162257428e-01,6.041037252909389199e-01
5.113663685772441153e-02,-3.175994482538452846e-01,-1.954881446043654214e-01,-7.189305323273272874e-01,-1.528659031187134913e-02,6.408589996139708589e-01,-5.276552242046765873e-01,-1.848971117095113414e-01,-4.662379836662580712e-01,-2.081853679796070999e-01,7.209109390914699711e-01,-4.113748308724798353e-01,-2.859105445768205245e-01,-1.279803162057773225e-01,-8.019580055054634227e-02,-1.515915170084400909e-01,1.000000000000000000e+00,-5.444724001383638434e-01,-5.606309596391787498e-01,-6.004215173944499329e-01,-3.191932916125417297e-01,-5.570790904622382467e-01,1.450703380563553475e-02,-9.264355767840669331e-02,-2.416792366135212325e-02,1.802985903708428650e-01,-3.871224115861979231e-01,-1.968787198372885794e-01,-2.984435185649921829e-01,-1.936072125028101554e-01,-3.397429023206636756e-01,-6.093895038698057126e-02,2.067172652639109875e-01,-4.238820544593782658e-01,2.394592081649060400e-01,3.542389854606048938e-01,1.107079536964501454e-01,-4.422237645858507205e-01,-5.297739900310151073e-01
3.735900774843667338e-01,5.932970067756425658e-01,7.086726263275370252e-01,7.127684061593495546e-01,5.967531734936897259e-01,-6.687465995148829112e-01,7.695950125960751009e-01,-3.249446960854338595e-01,8.481853708337581121e-01,7.687730078543465462e-01,-4.057195243748092373e-01,6.403133589974904227e-01,6.032424469395561983e-01,6.183633394716889775e-01,4.050346368216188320e-01,6.456554233700687595e-01,-5.444724001383638434e-01,1.000000000000000000e+00,9.332561305049351663e-01,6.482413691255408672e-01,7.135934180056494602e-01,7.979983472125604660e-01,2.386492074411457054e-01,4.815476717863569900e-01,3.786122399767345992e-01,3.632869398688413076e-01,7.076924928755733424e-01,6.782406630650792412e-01,4.760645939899276757e-01,7.865917202922625417e-01,7.582013323694370976e-01,3.925716796116024976e-01,3.431044125691464775e-01,7.447164186759968052e-01,-1.852528146023424416e-01,-3.112329135615622688e-02,1.737563426288064525e-02,8.283401995433790077e-01,8.382908266547589582e-01
3.915532275511827698e-01,6.702958949463447835e-01,7.430105455984494789e-01,7.402039770796619012e-01,6.238678863055800994e-01,-6.734898380466014522e-01,8.397789557614820932e-01,-3.698843465030582367e-01,8.936764215512731369e-01,7.824980658592590732e-01,-3.575867069173465640e-01,7.037511203257660330e-01,6.824374866008453555e-01,6.613923112837151175e-01,4.117107991213477813e-01,6.243714584262255451e-01,-5.606309596391787498e-01,9.332561305049351663e-01,1.000000000000000000e+00,6.788517022421536318e-01,7.539253312243395788e-01,8.620340818143370498e-01,2.258824823046835795e-01,5.177896483509834002e-01,2.792235845399786420e-01,3.630793993190843394e-01,7.748361868260416063e-01,6.095744106010353436e-01,5.140301719266799907e-01,8.059254314189229218e-01,7.740566709060520134e-01,4.703565999667650432e-01,3.528076312869887210e-01,7.940129224879612924e-01,-2.331393313803688527e-01,2.917323543614657247e-02,5.541413668396419183e-03,7.548936300806211586e-01,8.919784959167276206e-01
2.464379604379609012e-01,5.348824266382904424e-01,4.431260228331247997e-01,8.410827195518421062e-01,2.564362987769074342e-01,-6.357403821268602373e-01,6.994601950686684111e-01,-2.151339193463083499e-01,7.059240183862539597e-01,4.302905875776896205e-01,-4.736135026845459395e-01,6.419042688022387200e-01,3.812574808779126134e-01,5.136020680732997779e-01,3.220809755887797943e-01,3.018878975412040422e-01,-6.004215173944499329e-01,6.482413691255408672e-01,6.788517022421536318e-01,1.000000000000000000e+00,6.388798908790027653e-01,7.507904120995094743e-01,1.990902510537117531e-01,3.677026830221710174e-01,9.473499543453200999e-02,1.699258917327904073e-01,6.180917961376306557e-01,4.465660488233331171e-01,5.529042514135587005e-01,5.240875764425850791e-01,4.939075152716179695e-01,3.486806665021121021e-01,-6.331792241337742821e-02,5.712121064672563975e-01,-3.631471091881239288e-01,-5.576081247423838455e-02,-5.282454209839198417e-02,6.041759299096676195e-01,7.163775668590278700e-01
5.762739672037447969e-01,7.178554689997326266e-01,8.207752437482940255e-01,6.013943319543062493e-01,6.575807293710310697e-01,-4.932575837971669985e-01,7.674135655075386975e-01,-5.992655771510730922e-01,8.184105176451732522e-01,7.400735724775218127e-01,-8.905987119050359779e-02,6.916387518986688576e-01,6.201160325831178710e-01,7.590856549103457418e-01,4.402810669150760692e-01,6.216393776377328040e-01,-3.191932916125417297e-01,7.135934180056494602e-01,7.539253312243395788e-01,6.388798908790027653e-01,1.000000000000000000e+00,8.333730189887879058e-01,3.946047435946241078e-01,5.692983870524030987e-01,2.265928960228258682e-01,4.838711567435952099e-01,7.574073929011557738e-01,6.214161023308346632e-01,5.714392826815478665e-01,7.801511461651060575e-01,7.413726655971834001e-01,5.813202603890658127e-01,4.726883220843573485e-01,7.674668258613901450e-01,-1.219764120047678035e-01,3.455874799973632783e-01,1.205208931229222458e-01,5.957416626077056687e-01,7.837731342805787094e-01
4.981909405731525520e-01,8.231411623654023568e-01,7.842043527323788732e-01,7.756982519600611470e-01,6.192726543553546126e-01,-6.008359655294847057e-01,9.164957112238664161e-01,-4.487132500741535801e-01,9.176082247138628301e-01,7.301522784609654204e-01,-2.117921497506287110e-01,8.090353424982946740e-01,7.623526332942011097e-01,7.601946157600723009e-01,3.857123559916146305e-01,6.212492780021297012e-01,-5.570790904622382467e-01,7.979983472125604660e-01,8.620340818143370498e-01,7.507904120995094743e-01,8.333730189887879058e-01,1.000000000000000000e+00,3.668271344351158869e-01,6.397508555509981987e-01,1.497949906888559890e-01,3.824325282982875551e-01,8.707186373701411020e-01,5.325270162207501601e-01,6.474952877792818917e-01,7.827957263501608143e-01,7.734953126804925416e-01,6.270563300750497948e-01,3.166353472025949523e-01,8.586623438800542463e-01,-1.669703496210268312e-01,1.826904631869200879e-01,1.221829582675075104e-01,6.047067249177144888e-01,9.139747474347071909e-01
5.054291312356045118e-01,4.328114622844674853e-01,4.162198028246779091e-01,2.015606195717712379e-01,3.484449949751324827e-01,8.369281240028743352e-02,3.669611394446631314e-01,-3.680702518079170260e-01,3.546466589775917333e-01,4.128881597890713961e-01,2.585740853262448180e-01,2.120390011069027969e-01,4.301382603174155328e-01,5.621623468213906571e-01,-3.023915136335988615e-02,4.037750615024479628e-01,1.450703380563553475e-02,2.386492074411457054e-01,2.258824823046835795e-01,1.990902510537117531e-01,3.946047435946241078e-01,3.668271344351158869e-01,1.000000000000000000e+00,5.250593632930242727e-01,4.443454690046783062e-01,2.497802981050166182e-01,3.369396365897094348e-01,9.485368307175451319e-02,4.767422740850894569e-01,2.790722110151688806e-01,3.822048045677826078e-01,4.005081019885363136e-01,2.387598320508723670e-01,4.038355152294148542e-01,3.198395230534125111e-01,3.617794912047741507e-01,3.887794582935720222e-01,1.032653108382958762e-01,3.067224781611067597e-01
5.449214595316180798e-01,7.158367108641893184e-01,6.606516089257643554e-01,3.891621954974553987e-01,6.463466743512874535e-01,-2.116652532134243592e-01,6.386014478191980315e-01,-5.017397648142613020e-01,6.913127082626696618e-01,5.885382997301672470e-01,2.175321527196241167e-01,5.973787213929036000e-01,6.599618176352231025e-01,7.587620513848474246e-01,2.755699246797905788e-01,4.932379536186266011e-01,-9.264355767840669331e-02,4.815476717863569900e-01,5.177896483509834002e-01,3.677026830221710174e-01,5.692983870524030987e-01,6.397508555509981987e-01,5.250593632930242727e-01,1.000000000000000000e+00,1.543259256233627530e-01,4.897819557913496435e-01,6.691323567371817438e-01,4.391512068602230201e-01,6.798295014524657898e-01,6.244287514042397014e-01,7.045838978240293038e-01,7.352073464272864678e-01,4.413876213885470357e-01,7.264244194079373385e-01,1.146496048470336537e-01,3.675629975178826836e-01,3.860406091584770438e-01,3.398838343387503014e-01,6.164739310871935052e-01
3.196713242483648632e-01,1.083805720244194054e-01,3.037920247464074297e-01,1.320499199410314073e-01,2.484166248685511780e-01,-1.219264683357686695e-02,1.094624418617191758e-01,-1.421011463534631036e-01,1.960596322016233128e-01,3.810172411471409726e-01,-1.476824192291934304e-02,-9.503252797964706691e-03,1.842589560635087831e-01,2.148163150943091793e-01,-1.169944004451634219e-02,3.503630020631242625e-01,-2.416792366135212325e-02,3.786122399767345992e-01,2.792235845399786420e-01,9.473499543453200999e-02,2.265928960228258682e-01,1.497949906888559890e-01,4.443454690046783062e-01,1.543259256233627530e-01,1.000000000000000000e+00,1.261593232745540916e-01,1.034189008235104484e-01,2.748341072222529324e-01,1.966814292442579937e-01,1.980594043272236870e-01,2.544893348301002778e-01,-1.111781402390252900e-03,2.016155149166899141e-01,1.929638972707523603e-01,3.904232125801770370e-01,5.334406402437215367e-02,3.132247547699686940e-01,4.075386887598461128e-01,2.068743993307496087e-01
6.597768981847591530e-01,5.945601347676868764e-01,4.825755886474845102e-01,1.808861350838877335e-01,5.847875830612990766e-01,-1.600752225995790701e-01,4.421606862529998128e-01,-4.288282586702245047e-01,4.499506960625488383e-01,5.977401701917155474e-01,2.708070902623188059e-01,5.492211031240394892e-01,3.942768966421253407e-01,5.757978199423070542e-01,4.445476945959380699e-01,5.075897636794711731e-01,1.802985903708428650e-01,3.632869398688413076e-01,3.630793993190843394e-01,1.699258917327904073e-01,4.838711567435952099e-01,3.824325282982875551e-01,2.497802981050166182e-01,4.897819557913496435e-01,1.261593232745540916e-01,1.000000000000000000e+00,6.087315352335013197e-01,5.818475944569997393e-01,5.387440454294242231e-01,5.796977571605356205e-01,6.499845123443264150e-01,6.880702889890571994e-01,4.724118944659975172e-01,4.059193397910469403e-01,2.400571880202502784e-01,5.735072780150752836e-01,4.220380927957090855e-01,3.648355777167322511e-01,4.412820910435227284e-01
5.565494766071175103e-01,8.465798978907377315e-01,7.165383250919065139e-01,6.608292650168995364e-01,6.633977935465422693e-01,-4.871278132172010000e-01,8.738972965649253188e-01,-4.304307757267241685e-01,8.552332028022087140e-01,7.236356679166457972e-01,-2.060280283951546054e-02,8.603362140831302129e-01,7.431939523790824786e-01,7.614040437207130196e-01,5.016488553296311048e-01,6.170804222786120397e-01,-3.871224115861979231e-01,7.076924928755733424e-01,7.748361868260416063e-01,6.180917961376306557e-01,7.574073929011557738e-01,8.707186373701411020e-01,3.369396365897094348e-01,6.691323567371817438e-01,1.034189008235104484e-01,6.087315352335013197e-01,1.000000000000000000e+00,5.917059967029608680e-01,7.138695295912411698e-01,7.864096885150588800e-01,8.278267095711875356e-01,7.591238041104065859e-01,3.252988997287573625e-01,8.163858905658876175e-01,-2.739705670092861672e-02,2.869951900907254383e-01,2.597310973193375228e-01,5.334314885914478443e-01,8.651293559580549575e-01
3.367018549144871198e-01,4.217137960165038835e-01,5.736695075643217789e-01,4.249813696313617939e-01,5.341389991067666543e-01,-3.977057947530657778e-01,4.753005752515118698e-01,-3.370823780403999770e-01,5.964731936330383011e-01,5.485174722779779799e-01,-1.727250154982921948e-01,5.492022193923296047e-01,2.985196590520531323e-01,5.314654035308610247e-01,6.286967651333594809e-01,5.532700801510417321e-01,-1.968787198372885794e-01,6.782406630650792412e-01,6.095744106010353436e-01,4.465660488233331171e-01,6.214161023308346632e-01,5.325270162207501601e-01,9.485368307175451319e-02,4.391512068602230201e-01,2.748341072222529324e-01,5.818475944569997393e-01,5.917059967029608680e-01,1.000000000000000000e+00,3.935723669882835174e-01,6.069074224949284613e-01,6.532809042745485462e-01,3.701769868386482476e-01,3.852929881196751061e-01,5.372221607551310729e-01,5.223016960824430899e-03,5.808507593050835777e-02,9.598255636767145937e-02,6.659436296805633093e-01,5.291163643764085212e-01
6.512542179048671498e-01,7.679341622583081284e-01,5.177413632037867197e-01,6.011379159354804935e-01,4.911922410461724287e-01,-2.616558901387374680e-01,6.990236670763884108e-01,-3.571589831762088108e-01,6.598772676724066200e-01,5.626391509972549221e-01,4.566246248449309236e-02,6.070039742868789112e-01,5.878307190685484462e-01,6.880903241113125457e-01,1.642039432906510776e-01,4.066806056187175500e-01,-2.984435185649921829e-01,4.760645939899276757e-01,5.140301719266799907e-01,5.529042514135587005e-01,5.714392826815478665e-01,6.474952877792818917e-01,4.767422740850894569e-01,6.798295014524657898e-01,1.966814292442579937e-01,5.387440454294242231e-01,7.138695295912411698e-01,3.935723669882835174e-01,1.000000000000000000e+00,5.210805206033151116e-01,6.969585807167468783e-01,7.920080614024780363e-01,2.011960708823864463e-01,6.433731737442879295e-01,2.331470363537312684e-01,3.752968539004964410e-01,6.236674421304434501e-01,4.131676337080901207e-01,6.546033207558753508e-01
5.284869490028852868e-01,7.005540783138448635e-01,8.143206200900197089e-01,5.270219622935425896e-01,7.528950108565705124e-01,-5.150054819207272594e-01,7.750331583299798766e-01,-5.807103293119930676e-01,8.516252856393274895e-01,8.316908030213800984e-01,-1.247234422338757732e-02,7.045988874186955853e-01,6.902752230371491660e-01,7.573929363784219770e-01,4.637160978752802309e-01,6.970236282713379028e-01,-1.936072125028101554e-01,7.865917202922625417e-01,8.059254314189229218e-01,5.240875764425850791e-01,7.801511461651060575e-01,7.827957263501608143e-01,2.790722110151688806e-01,6.244287514042397014e-01,1.980594043272236870e-01,5.796977571605356205e-01,7.864096885150588800e-01,6.069074224949284613e-01,5.210805206033151116e-01,1.000000000000000000e+00,7.554436696947084418e-01,6.321473781669110226e-01,5.367474632201171270e-01,7.757456956539788839e-01,-1.657365328317657871e-01,2.888232346732009792e-01,1.141258438242864770e-01,6.587349335180902044e-01,8.010106389428780505e-01
6.711965863696763845e-01,8.223698663836227496e-01,7.504810886014220417e-01,5.938837134124153039e-01,7.185480009195569506e-01,-5.032543642253313187e-01,8.129658069440345303e-01,-4.815214296744160793e-01,8.255330157347137154e-01,7.957307227565456609e-01,-7.199206568572501241e-02,7.387873314921070689e-01,6.827182960282874857e-01,7.243795142528037800e-01,4.086066639573325832e-01,6.499742025621552122e-01,-3.397429023206636756e-01,7.582013323694370976e-01,7.740566709060520134e-01,4.939075152716179695e-01,7.413726655971834001e-01,7.734953126804925416e-01,3.822048045677826078e-01,7.045838978240293038e-01,2.544893348301002778e-01,6.499845123443264150e-01,8.278267095711875356e-01,6.532809042745485462e-01,6.969585807167468783e-01,7.554436696947084418e-01,1.000000000000000000e+00,7.172132912561567375e-01,4.553216629125500514e-01,7.880905859944656866e-01,7.363334626433613861e-02,3.164131054304910595e-01,3.404149442275498094e-01,6.616804452128166592e-01,8.137653110471857465e-01
7.029340149045558706e-01,8.379537267584079574e-01,6.281044710311767254e-01,3.666413714787649658e-01,6.609497501219753213e-01,-1.535228103607270689e-01,7.046494267735748940e-01,-5.198250218500494180e-01,6.529976483373898244e-01,6.503701447707380678e-01,3.263367316543586139e-01,6.030468718743381418e-01,7.207455914897906712e-01,7.494292131032631588e-01,1.973681446191235533e-01,5.400146153448019959e-01,-6.093895038698057126e-02,3.925716796116024976e-01,4.703565999667650432e-01,3.486806665021121021e-01,5.813202603890658127e-01,6.270563300750497948e-01,4.005081019885363136e-01,7.352073464272864678e-01,-1.111781402390252900e-03,6.880702889890571994e-01,7.591238041104065859e-01,3.701769868386482476e-01,7.920080614024780363e-01,6.321473781669110226e-01,7.172132912561567375e-01,1.000000000000000000e+00,4.310176288154098923e-01,6.720136427484683095e-01,2.002287097277018757e-01,5.963904221896394464e-01,5.778246767737150735e-01,2.802685605261163171e-01,6.313615462542830903e-01
3.947688493749803018e-01,3.426223849964831203e-01,7.113071535361642495e-01,-5.555111636834812044e-02,7.814137908504776853e-01,-1.346288941651427040e-01,3.078193246324833487e-01,-7.238417597314689145e-01,4.320703437388240808e-01,5.972995569863193133e-01,2.657092298816218778e-01,2.206967782333240646e-01,4.538670510754491128e-01,5.401599129743448469e-01,1.785266149972069838e-01,4.040051996814462143e-01,2.067172652639109875e-01,3.431044125691464775e-01,3.528076312869887210e-01,-6.331792241337742821e-02,4.726883220843573485e-01,3.166353472025949523e-01,2.387598320508723670e-01,4.413876213885470357e-01,2.016155149166899141e-01,4.724118944659975172e-01,3.252988997287573625e-01,3.852929881196751061e-01,2.011960708823864463e-01,5.367474632201171270e-01,4.553216629125500514e-01,4.310176288154098923e-01,1.000000000000000000e+00,5.375455300607477893e-01,4.816552681853633611e-02,4.675157327939161167e-01,1.737358535921610936e-01,2.692799110193884182e-01,2.946501565852902016e-01
4.761495972907572871e-01,7.687884892522754976e-01,8.410098853401497543e-01,6.217785347555895292e-01,7.807355881034513390e-01,-5.209958539938311928e-01,8.527845675165063311e-01,-5.774617482544208702e-01,9.079590815161597828e-01,7.325731668774531080e-01,-8.631266022525997672e-02,7.017588677768185068e-01,7.682881803907710694e-01,7.700517856892680202e-01,2.984596280468553298e-01,5.715609383728943449e-01,-4.238820544593782658e-01,7.447164186759968052e-01,7.940129224879612924e-01,5.712121064672563975e-01,7.674668258613901450e-01,8.586623438800542463e-01,4.038355152294148542e-01,7.264244194079373385e-01,1.929638972707523603e-01,4.059193397910469403e-01,8.163858905658876175e-01,5.372221607551310729e-01,6.433731737442879295e-01,7.757456956539788839e-01,7.880905859944656866e-01,6.720136427484683095e-01,5.375455300607477893e-01,1.000000000000000000e+00,-1.076667293853841578e-01,2.469500130804824500e-01,1.820282347353258390e-01,5.591668537674293615e-01,8.261611496335131699e-01
3.068493856200112391e-01,1.058499337694950027e-01,-6.010097991451786303e-02,-2.585837618137777905e-01,5.492360557205678423e-02,5.089670963375918511e-01,-1.619046001405189117e-01,1.143384539651280951e-01,-2.064006915001866393e-01,-1.104758651486919749e-02,4.727640649812915874e-01,-1.090512820270527344e-01,1.010431783396302241e-01,7.049571304533105987e-02,-8.639594877076695045e-02,1.136640724025305554e-01,2.394592081649060400e-01,-1.852528146023424416e-01,-2.331393313803688527e-01,-3.631471091881239288e-01,-1.219764120047678035e-01,-1.669703496210268312e-01,3.198395230534125111e-01,1.146496048470336537e-01,3.904232125801770370e-01,2.400571880202502784e-01,-2.739705670092861672e-02,5.223016960824430899e-03,2.331470363537312684e-01,-1.657365328317657871e-01,7.363334626433613861e-02,2.002287097277018757e-01,4.816552681853633611e-02,-1.076667293853841578e-01,1.000000000000000000e+00,2.772805433994699476e-01,7.295164037476692398e-01,-1.804885524210316228e-01,-1.574515988423307311e-01
6.719108482806720462e-01,4.821990984676178260e-01,4.222078379658492087e-01,-1.512621034533331854e-01,4.919533872957694842e-01,1.878947242457935096e-01,2.140451107695401645e-01,-5.258291500408499575e-01,2.041343997124736853e-01,3.671225182509313401e-01,5.476341691404575940e-01,1.441237753278828693e-01,3.899553474372511319e-01,4.572127526223790372e-01,-2.632189140211306164e-02,3.075267760555204788e-01,3.542389854606048938e-01,-3.112329135615622688e-02,2.917323543614657247e-02,-5.576081247423838455e-02,3.455874799973632783e-01,1.826904631869200879e-01,3.617794912047741507e-01,3.675629975178826836e-01,5.334406402437215367e-02,5.735072780150752836e-01,2.869951900907254383e-01,5.808507593050835777e-02,3.752968539004964410e-01,2.888232346732009792e-01,3.164131054304910595e-01,5.963904221896394464e-01,4.675157327939161167e-01,2.469500130804824500e-01,2.772805433994699476e-01,1.000000000000000000e+00,4.591113201326894044e-01,-1.505285944164369213e-02,1.945203560136021803e-01
5.887374059965857498e-01,4.498955846868837871e-01,1.896087435179571734e-01,1.786374983618883860e-02,2.787959034867770192e-01,2.742300804325584762e-01,1.848968369833863812e-01,-1.400153494061334714e-01,1.184898520977456099e-01,2.671880379373255399e-01,4.238475880813120100e-01,1.354078542694504839e-01,3.534543349580127058e-01,3.304445388633571734e-01,-1.119256686889848057e-01,2.448716586291069253e-01,1.107079536964501454e-01,1.737563426288064525e-02,5.541413668396419183e-03,-5.282454209839198417e-02,1.205208931229222458e-01,1.221829582675075104e-01,3.887794582935720222e-01,3.860406091584770438e-01,3.132247547699686940e-01,4.220380927957090855e-01,2.597310973193375228e-01,9.598255636767145937e-02,6.236674421304434501e-01,1.141258438242864770e-01,3.404149442275498094e-01,5.778246767737150735e-01,1.737358535921610936e-01,1.820282347353258390e-01,7.295164037476692398e-01,4.591113201326894044e-01,1.000000000000000000e+00,2.098392435280045307e-02,1.477130323172667903e-01
3.708502777609872791e-01,4.608896386308234394e-01,5.759374457043849871e-01,6.176753575170818022e-01,4.593446593319282512e-01,-7.163588762062195192e-01,5.947691851314759193e-01,-3.000690341010610052e-01,6.839801414643104094e-01,6.668395435079068623e-01,-4.852668278554266301e-01,5.098770178572451517e-01,3.442721497506201489e-01,4.415548271829019544e-01,3.120489951604855094e-01,4.924989964162257428e-01,-4.422237645858507205e-01,8.283401995433790077e-01,7.548936300806211586e-01,6.041759299096676195e-01,5.957416626077056687e-01,6.047067249177144888e-01,1.032653108382958762e-01,3.398838343387503014e-01,4.075386887598461128e-01,3.648355777167322511e-01,5.334314885914478443e-01,6.659436296805633093e-01,4.131676337080901207e-01,6.587349335180902044e-01,6.616804452128166592e-01,2.802685605261163171e-01,2.692799110193884182e-01,5.591668537674293615e-01,-1.804885524210316228e-01,-1.505285944164369213e-02,2.098392435280045307e-02,1.000000000000000000e+00,7.214585634959218563e-01
5.257899575373450318e-01,8.228019236082669829e-01,7.484969153861082969e-01,7.517619238298428597e-01,6.285118189471078365e-01,-6.556828561090805030e-01,9.078187518209970275e-01,-4.143386751099140675e-01,9.060509663558163895e-01,7.768546860675846766e-01,-2.305579794279130623e-01,7.950918716689499011e-01,7.558439272864685421e-01,7.143437553432163689e-01,3.497547767647130601e-01,6.041037252909389199e-01,-5.297739900310151073e-01,8.382908266547589582e-01,8.919784959167276206e-01,7.163775668590278700e-01,7.837731342805787094e-01,9.139747474347071909e-01,3.067224781611067597e-01,6.164739310871935052e-01,2.068743993307496087e-01,4.412820910435227284e-01,8.651293559580549575e-01,5.291163643764085212e-01,6.546033207558753508e-01,8.010106389428780505e-01,8.137653110471857465e-01,6.313615462542830903e-01,2.946501565852902016e-01,8.261611496335131699e-01,-1.574515988423307311e-01,1.945203560136021803e-01,1.477130323172667903e-01,7.214585634959218563e-01,1.000000000000000000e+00
