1.000000000000000000e+00,8.620013297953466047e-01,8.379700252118011949e-01,5.700506655692693103e-01,8.241497066285002893e-01,7.188844688743711853e-01,7.488277748094588349e-01,-8.074922854151319607e-01,-5.350204933501458981e-01,-5.079356122284872654e-01,-6.988653814282570764e-02,-4.273293874006100501e-01,-7.838945524247318275e-01,-6.036022600382980052e-02,5.512697854219181792e-01,4.957527269255471158e-01,-5.597930918546939472e-01,8.556696795271203637e-01,8.232762582834679543e-01,-8.532953233154049189e-01,8.773576914263735427e-01,8.382603456646370299e-01,8.525023659390469355e-01,8.586358521944718047e-01,7.196906712786832472e-01,7.265697580769783226e-01,1.981416081996384138e-01,8.709129225110400219e-01,8.436071103065082566e-01,-5.518057025365086243e-01,7.883649983924505555e-01,-5.866150446913472871e-01,8.221914553567898354e-01,-9.350951796323742071e-02,-8.595125905787220910e-01,-5.045874759185823288e-01,8.536475387941163673e-01,-3.087382285085871758e-01,-6.555993930892746180e-01
8.620013297953466047e-01,1.000000000000000000e+00,8.058362827753682289e-01,5.242905451002614070e-01,8.731962978622159754e-01,6.803932377205111903e-01,6.692870591242948697e-01,-7.977367800081384130e-01,-3.537457404073792167e-01,-2.688521172269490167e-01,-3.281745035834738450e-02,-2.130556358576649045e-01,-8.370897782014495858e-01,-1.693431688528197754e-01,6.540173096836399136e-01,6.575365463114268838e-01,-6.577814827056928104e-01,7.732178323465275227e-01,8.549734886357112096e-01,-7.600715552537220532e-01,8.287431637113502614e-01,7.708739216452764609e-01,8.964268408767745999e-01,8.673519478537871086e-01,8.616804039907307589e-01,6.274690442362256260e-01,1.142641973043286192e-02,8.429586193953104711e-01,7.593115333376400100e-01,-3.469594490765620098e-01,8.520303560350060978e-01,-5.792799569682857141e-01,7.809840121133720947e-01,7.106953430632474700e-02,-6.811253196764595064e-01,-3.875183234779528418e-01,8.113262399255755097e-01,-7.660660712332739708e-02,-4.717069317796339645e-01
8.379700252118011949e-01,8.058362827753682289e-01,1.000000000000000000e+00,6.768259968087313450e-01,8.328208908777534614e-01,5.862062748964385062e-01,8.745817304371769074e-01,-9.596099140191505228e-01,-6.296127295588714867e-01,-5.711492057784973708e-01,1.453664325091760245e-01,-2.793894908412932199e-01,-8.780153406381635550e-01,-2.476009752990820656e-01,5.002122465325037348e-01,2.947555830648269093e-01,-5.989086915975753156e-01,8.537517180088451951e-01,8.699910304023599217e-01,-7.610673397476080959e-01,9.216999410015442873e-01,9.530205327736356313e-01,7.752229371665876334e-01,8.676641022301907480e-01,6.134816569245078455e-01,6.078785227263886481e-01,2.118479676380227803e-03,8.997608221785551308e-01,7.019851048712402175e-01,-5.732672689257785059e-01,9.103698248745288879e-01,-5.290527399048703394e-01,7.450864215487337239e-01,-6.996533094840613753e-02,-8.165920082030400096e-01,-6.111373488419442612e-01,8.081190729505485226e-01,-4.766461621074636890e-01,-7.204065528343601699e-01
5.700506655692693103e-01,5.242905451002614070e-01,6.768259968087313450e-01,1.000000000000000000e+00,5.145479122340367306e-01,3.931206063156199582e-01,6.213947902528674794e-01,-6.787368796964505790e-01,-6.019400972556787632e-01,-4.657686665395687764e-01,1.180899506955124523e-01,-5.280767431602100687e-02,-5.847047838128677233e-01,-2.887820574558405129e-01,-7.974287108880876579e-03,1.323200435223845228e-01,-4.209871510159142183e-01,5.177576764583856628e-01,5.111698156642774382e-01,-4.578903728355484537e-01,6.444355147508615822e-01,6.970428991765623694e-01,4.439623576727766419e-01,5.838117583884441242e-01,3.360993943204907408e-01,3.055367595888375254e-01,3.155399357291654300e-02,5.609820691092377576e-01,4.584539475269563402e-01,-4.468653847286713776e-01,6.305350547513565163e-01,-3.382627225392618175e-01,4.199199534130058642e-01,-2.692738841874732780e-01,-5.422888505530718550e-01,-5.003149688213495150e-01,4.896910010545496017e-01,-4.908620985070126230e-01,-6.094954072869379624e-01
8.241497066285002893e-01,8.731962978622159754e-01,8.328208908777534614e-01,5.145479122340367306e-01,1.000000000000000000e+00,5.690139276054441142e-01,7.755789599941654844e-01,-8.078218619997464822e-01,-2.949865899135143410e-01,-3.291162229861016586e-01,4.169739516324139778e-02,-3.012677444178727959e-01,-7.972261730816171399e-01,6.024681734023084462e-02,6.773482068753700069e-01,5.278954048324463466e-01,-5.346506590608969267e-01,8.801356111234645008e-01,9.332601904298813977e-01,-8.338317735114041396e-01,7.986950720452694608e-01,8.106700720460127130e-01,8.373372481989859173e-01,7.847484007410372442e-01,7.919628852268444374e-01,7.501122847763402879e-01,2.687640928968526022e-01,8.385026950686704783e-01,6.446905861658350778e-01,-2.483620721681938648e-01,8.259877497079654018e-01,-5.390865558597838225e-01,7.527491050012258267e-01,2.287629659946670835e-01,-6.635017882787197507e-01,-2.829752705758069586e-01,7.072045131618960312e-01,-1.393806684759170134e-01,-5.345004537699103997e-01
7.188844688743711853e-01,6.803932377205111903e-01,5.862062748964385062e-01,3.931206063156199582e-01,5.690139276054441142e-01,1.000000000000000000e+00,4.450459989903736147e-01,-5.965108856509773183e-01,-4.675322527301683517e-01,-4.212761034482248035e-01,-3.890336718037425423e-01,-3.199694253680728240e-01,-6.128137913202940101e-01,-2.915290827919155836e-01,3.214775772407624799e-01,4.210495789847488179e-01,-7.440812611883647065e-01,4.620860965834711620e-01,5.376386027971833403e-01,-6.728166836774478465e-01,7.304507220964508996e-01,5.730651644684399137e-01,7.999611479135064762e-01,7.654473061562757641e-01,7.071518557858496035e-01,2.629482415356357849e-01,-8.971363423676960436e-02,6.245158282036604724e-01,6.096720430338073982e-01,-4.190265442477886237e-01,5.806492844473869486e-01,-7.829825054227133041e-01,7.039449607433664324e-01,-2.540515331861672443e-01,-5.481386221849542384e-01,-5.206097401600682240e-01,6.813365145429046699e-01,-5.350497641426986417e-02,-5.566115383073708678e-01
7.488277748094588349e-01,6.692870591242948697e-01,8.745817304371769074e-01,6.213947902528674794e-01,7.755789599941654844e-01,4.450459989903736147e-01,1.000000000000000000e+00,-8.454388373532382150e-01,-5.680520974521656719e-01,-5.991421174913755809e-01,1.962755142974658973e-01,-4.870021149327037335e-01,-7.329431028853049535e-01,-3.289328667065907763e-02,3.959038359403480589e-01,1.471258422218580386e-01,-3.997322579161186606e-01,8.452688374706455177e-01,8.296790548720370806e-01,-7.389975054579883684e-01,7.872103360273525752e-01,8.850415417112688088e-01,6.406082793287602994e-01,7.005328222221711698e-01,4.711946162422913642e-01,6.775851402010314439e-01,1.796440949875088289e-01,7.891905879237163246e-01,5.615938611187933915e-01,-4.810523158560248147e-01,7.636486765493166740e-01,-4.352179913616394114e-01,6.606679634126632061e-01,-1.039498869581556399e-02,-7.596820429939371566e-01,-4.301638714534054553e-01,6.718318358624061348e-01,-5.521180428864479461e-01,-7.418248118933578050e-01
-8.074922854151319607e-01,-7.977367800081384130e-01,-9.596099140191505228e-01,-6.787368796964505790e-01,-8.078218619997464822e-01,-5.965108856509773183e-01,-8.454388373532382150e-01,1.000000000000000000e+00,6.338729863311485246e-01,5.559790471195561468e-01,-1.418916254307174551e-01,2.252978928594445984e-01,8.910956110332567404e-01,3.299692393518164901e-01,-4.841499894199404741e-01,-2.919717660145835780e-01,6.469755381000356076e-01,-8.074951156864854651e-01,-8.452021163054452835e-01,7.174925735418093975e-01,-9.207729056739518692e-01,-9.396702065876106902e-01,-7.743288024877551523e-01,-8.791691106594019534e-01,-6.103253106185124732e-01,-5.367197681493511841e-01,8.274008132299848217e-02,-8.926264768520606463e-01,-6.884963243449537806e-01,5.744314817621251068e-01,-9.246240540972225919e-01,5.360734292957961555e-01,-7.235748856295707299e-01,9.157125452153770662e-02,7.895971281390006258e-01,6.442639399015124280e-01,-8.094814836887066489e-01,4.577825633820583051e-01,7.004487944852324510e-01
-5.350204933501458981e-01,-3.537457404073792167e-01,-6.296127295588714867e-01,-6.019400972556787632e-01,-2.949865899135143410e-01,-4.675322527301683517e-01,-5.680520974521656719e-01,6.338729863311485246e-01,1.000000000000000000e+00,8.378635906350281326e-01,-1.071369203650394952e-02,3.215941324058833595e-01,5.288939602330996470e-01,3.900046325096778732e-01,1.174733076898708539e-01,2.227840672420167423e-01,4.941054172638127406e-01,-4.278780285702625807e-01,-3.526983504517426926e-01,4.582194244570208519e-01,-6.787720654988768088e-01,-6.619572884849799221e-01,-3.716249681897807466e-01,-6.342974613009271234e-01,-1.854594173674389557e-01,-2.319565130062497260e-01,9.956624161014009100e-02,-5.869758290653847022e-01,-4.811743837324020667e-01,7.999454744259707484e-01,-5.326114317029645440e-01,5.206218232404480339e-01,-5.096888126900250837e-01,6.609941259973259875e-01,7.021850749099263211e-01,8.038140627647292202e-01,-5.808710617859438319e-01,7.901001006311005881e-01,8.293504131441984395e-01
-5.079356122284872654e-01,-2.688521172269490167e-01,-5.711492057784973708e-01,-4.657686665395687764e-01,-3.291162229861016586e-01,-4.212761034482248035e-01,-5.991421174913755809e-01,5.559790471195561468e-01,8.378635906350281326e-01,1.000000000000000000e+00,9.695743916282288655e-02,5.274171176767745717e-01,4.568219165266083071e-01,1.380694624054292496e-01,6.561904032676975362e-02,3.757540109582526711e-01,3.892259883247145558e-01,-4.871255109296876995e-01,-3.856488573451403168e-01,5.184920459690596228e-01,-6.145089838722722630e-01,-6.111378079579485867e-01,-3.281844531331041814e-01,-5.314357741576958283e-01,-1.673018592239733093e-01,-3.186574409430245058e-01,-1.422374907829270507e-01,-5.301611318952400564e-01,-4.088654270088718512e-01,7.189204785154102995e-01,-4.336256973919286883e-01,5.252930914997006040e-01,-4.759245167754760919e-01,4.872509212569939296e-01,6.835622948998457682e-01,6.438954527606829403e-01,-4.698671444194360558e-01,7.314355528263193351e-01,8.672819422115709553e-01
-6.988653814282570764e-02,-3.281745035834738450e-02,1.453664325091760245e-01,1.180899506955124523e-01,4.169739516324139778e-02,-3.890336718037425423e-01,1.962755142974658973e-01,-1.418916254307174551e-01,-1.071369203650394952e-02,9.695743916282288655e-02,1.000000000000000000e+00,2.102544024533921918e-01,-8.187038511939535856e-02,4.086377835396282077e-02,1.501013856008495684e-03,-3.955709564752988433e-02,3.695760680445558943e-01,1.274589144559780673e-01,1.186480110128022153e-01,1.137885314733603909e-01,-5.279479454551314066e-02,1.491208408646776951e-01,-1.466360603544331065e-01,-6.349785260298197731e-02,-2.397699405136666240e-01,1.076867601470200136e-01,-2.971284083942996035e-02,1.076755832715648072e-02,-5.730011573864252084e-02,5.297893745858459763e-02,1.252910721562081608e-01,4.170094947767128968e-01,-1.034545650140284434e-01,8.748297584616818168e-02,-2.804795385993021431e-02,5.690555813736674490e-02,-2.231514298274287975e-02,-2.487426567839208236e-01,5.864914938968469882e-02
-4.273293874006100501e-01,-2.130556358576649045e-01,-2.793894908412932199e-01,-5.280767431602100687e-02,-3.012677444178727959e-01,-3.199694253680728240e-01,-4.870021149327037335e-01,2.252978928594445984e-01,3.215941324058833595e-01,5.274171176767745717e-01,2.102544024533921918e-01,1.000000000000000000e+00,1.667727922251758532e-01,-3.672670617113209524e-01,-7.928780570433600905e-02,8.839948825982442415e-02,4.518629276510556514e-02,-4.394022792528779475e-01,-3.314352912352359071e-01,4.874705144080536678e-01,-3.241070781535678180e-01,-3.155016349954743449e-01,-2.949119590701940741e-01,-2.432578307168256626e-01,-2.118359682659232968e-01,-5.130975557162009704e-01,-4.120986005605080105e-01,-3.295909732556011051e-01,-3.179393524574177232e-01,2.666508343734149133e-01,-1.177559942300060031e-01,3.593572538950580708e-01,-4.078311988446186032e-01,6.922843896523635243e-02,4.679715830375549279e-01,5.183956294433002265e-02,-2.918119527077825959e-01,3.369367930647326204e-01,5.712468315133598651e-01
-7.838945524247318275e-01,-8.370897782014495858e-01,-8.780153406381635550e-01,-5.847047838128677233e-01,-7.972261730816171399e-01,-6.128137913202940101e-01,-7.329431028853049535e-01,8.910956110332567404e-01,5.288939602330996470e-01,4.568219165266083071e-01,-8.187038511939535856e-02,1.667727922251758532e-01,1.000000000000000000e+00,3.584652472088120656e-01,-5.461993893621279739e-01,-4.057370518751179933e-01,7.036484747813105400e-01,-7.418342849471762923e-01,-8.208159054399657428e-01,6.719399366570453225e-01,-8.723580563895899642e-01,-8.376716184017829470e-01,-8.092368304630169762e-01,-8.722138642644545747e-01,-7.106622396138646547e-01,-4.835958745420838034e-01,9.202482299469180727e-02,-8.600721593820234157e-01,-7.056674330265676476e-01,4.966120198247761519e-01,-9.242279341730883502e-01,5.341289593911803246e-01,-7.032275229655892135e-01,4.735722759354576983e-02,6.991811453487484229e-01,5.905939227206468134e-01,-7.969106766923876872e-01,2.812774624490498310e-01,6.007164056767216875e-01
-6.036022600382980052e-02,-1.693431688528197754e-01,-2.476009752990820656e-01,-2.887820574558405129e-01,6.024681734023084462e-02,-2.915290827919155836e-01,-3.289328667065907763e-02,3.299692393518164901e-01,3.900046325096778732e-01,1.380694624054292496e-01,4.086377835396282077e-02,-3.672670617113209524e-01,3.584652472088120656e-01,1.000000000000000000e+00,3.276303028505993947e-02,-1.328871557901822181e-02,5.523026358133298341e-01,1.389468507167272160e-01,-2.826254823919063883e-03,-1.201625457009412451e-01,-2.976987357846268001e-01,-1.956960466593483383e-01,-1.798317469711469274e-01,-3.443819426143991946e-01,-1.184776813157866204e-01,4.704818026989692759e-01,7.705154818020272245e-01,-1.742651562396641818e-01,-1.306223270536629455e-01,4.204273964423552168e-01,-3.527026688122457676e-01,2.179986283088731769e-01,-3.943165388118290149e-02,3.150745392574885728e-01,8.360045231632765028e-02,5.979214875167061516e-01,-2.669813375457138482e-01,1.286530258652396064e-01,1.274360177218547552e-01
5.512697854219181792e-01,6.540173096836399136e-01,5.002122465325037348e-01,-7.974287108880876579e-03,6.773482068753700069e-01,3.214775772407624799e-01,3.959038359403480589e-01,-4.841499894199404741e-01,1.174733076898708539e-01,6.561904032676975362e-02,1.501013856008495684e-03,-7.928780570433600905e-02,-5.461993893621279739e-01,3.276303028505993947e-02,1.000000000000000000e+00,6.153498796643149804e-01,-3.148993925991099840e-01,6.128183183156957758e-01,6.832356741708049963e-01,-5.057990226382191867e-01,4.763674994529332185e-01,4.371537723458049363e-01,6.393180308826893476e-01,4.761636349567741067e-01,6.114645274071028869e-01,5.397711197491025237e-01,7.611611662311144888e-02,5.748407885600909095e-01,5.070570630448589799e-01,-7.202232229379772199e-02,5.561172237750207081e-01,-1.919678181890913105e-01,4.578156733364776021e-01,5.133634963955033825e-01,-3.885660123140765587e-01,-4.077102530919765599e-02,5.143548162371212040e-01,2.218974378601074882e-01,-4.138195915221474369e-02
4.957527269255471158e-01,6.575365463114268838e-01,2.947555830648269093e-01,1.323200435223845228e-01,5.278954048324463466e-01,4.210495789847488179e-01,1.471258422218580386e-01,-2.919717660145835780e-01,2.227840672420167423e-01,3.757540109582526711e-01,-3.955709564752988433e-02,8.839948825982442415e-02,-4.057370518751179933e-01,-1.328871557901822181e-02,6.153498796643149804e-01,1.000000000000000000e+00,-3.301186789061757443e-01,3.651361547845378697e-01,4.747213363417682741e-01,-3.791270703570646661e-01,3.348019332432882744e-01,2.388969774533897805e-01,6.275457779692379390e-01,4.325162982969498748e-01,6.692947586292093964e-01,3.605596460832853900e-01,-4.464019765388010409e-03,3.996197303330178419e-01,5.139477465929036537e-01,1.217482608676973416e-01,4.317799519273818332e-01,-1.793310670334268830e-01,4.357575822234747709e-01,2.942381788538986354e-01,-1.965140250005230904e-01,9.161369441632077892e-02,4.784837420372755057e-01,4.289236490255912138e-01,1.404139958773008290e-01
-5.597930918546939472e-01,-6.577814827056928104e-01,-5.989086915975753156e-01,-4.209871510159142183e-01,-5.346506590608969267e-01,-7.440812611883647065e-01,-3.997322579161186606e-01,6.469755381000356076e-01,4.941054172638127406e-01,3.892259883247145558e-01,3.695760680445558943e-01,4.518629276510556514e-02,7.036484747813105400e-01,5.523026358133298341e-01,-3.148993925991099840e-01,-3.301186789061757443e-01,1.000000000000000000e+00,-3.635969271993882423e-01,-5.080056613542875965e-01,4.706884877091060404e-01,-7.181111472190961909e-01,-5.495424274140616738e-01,-7.214534136955306209e-01,-7.828460629312132824e-01,-6.838390124573402451e-01,-9.617741187270133219e-02,3.094553925542764539e-01,-6.453290954462910234e-01,-4.848371046701834830e-01,4.302581423024829932e-01,-7.040839584265692341e-01,7.296527575622753226e-01,-5.379979777508087091e-01,2.558509855919929854e-01,4.469184106103221699e-01,6.053122243790649559e-01,-6.372775406858829372e-01,7.102805440281392824e-02,4.706962125653837425e-01
8.556696795271203637e-01,7.732178323465275227e-01,8.537517180088451951e-01,5.177576764583856628e-01,8.801356111234645008e-01,4.620860965834711620e-01,8.452688374706455177e-01,-8.074951156864854651e-01,-4.278780285702625807e-01,-4.871255109296876995e-01,1.274589144559780673e-01,-4.394022792528779475e-01,-7.418342849471762923e-01,1.389468507167272160e-01,6.128183183156957758e-01,3.651361547845378697e-01,-3.635969271993882423e-01,1.000000000000000000e+00,9.063218413399511952e-01,-8.582927574334050513e-01,8.012891236324907185e-01,8.558378150346303004e-01,7.314424341730063617e-01,7.305006246506430267e-01,6.098032776023752932e-01,8.461790975469462017e-01,3.568786405896646752e-01,8.523096737007624935e-01,7.055264541827895863e-01,-4.288652979582731617e-01,7.706062524127842428e-01,-4.158813193973059374e-01,7.359424404573667866e-01,1.436090463646718662e-01,-8.079850931005531089e-01,-3.390113414273019377e-01,7.260769089809757659e-01,-3.832090042754646708e-01,-6.335080619307108529e-01
8.232762582834679543e-01,8.549734886357112096e-01,8.699910304023599217e-01,5.111698156642774382e-01,9.332601904298813977e-01,5.376386027971833403e-01,8.296790548720370806e-01,-8.452021163054452835e-01,-3.526983504517426926e-01,-3.856488573451403168e-01,1.186480110128022153e-01,-3.314352912352359071e-01,-8.208159054399657428e-01,-2.826254823919063883e-03,6.832356741708049963e-01,4.747213363417682741e-01,-5.080056613542875965e-01,9.063218413399511952e-01,1.000000000000000000e+00,-8.275200456414361083e-01,8.092231953031437941e-01,8.440411063649061463e-01,8.151680987250932153e-01,7.824472567467989359e-01,7.409940546089545110e-01,7.346366034128882783e-01,2.131808013758851317e-01,8.406478140336343108e-01,6.641715077940382184e-01,-3.297620515582502243e-01,8.506798858536910313e-01,-4.745183364828433059e-01,7.314437810827145725e-01,2.044363410906281375e-01,-7.039729938364027717e-01,-3.198884543776186473e-01,7.266335039049194311e-01,-2.314010302408540387e-01,-5.802440401447285234e-01
-8.532953233154049189e-01,-7.600715552537220532e-01,-7.610673397476080959e-01,-4.578903728355484537e-01,-8.338317735114041396e-01,-6.728166836774478465e-01,-7.389975054579883684e-01,7.174925735418093975e-01,4.582194244570208519e-01,5.184920459690596228e-01,1.137885314733603909e-01,4.874705144080536678e-01,6.719399366570453225e-01,-1.201625457009412451e-01,-5.057990226382191867e-01,-3.791270703570646661e-01,4.706884877091060404e-01,-8.582927574334050513e-01,-8.275200456414361083e-01,1.000000000000000000e+00,-7.775298885976876795e-01,-7.687755732578817058e-01,-7.911497674422616200e-01,-7.556352337194577329e-01,-7.087461261736542895e-01,-7.373810624731140795e-01,-3.440154090726073033e-01,-7.746941052760399904e-01,-6.640123630183643044e-01,4.323051473163606606e-01,-6.789043129243720331e-01,6.295944445724734884e-01,-8.004140949168522257e-01,-3.302809254984737791e-02,7.430193783534269070e-01,3.589013927837923501e-01,-7.074848602101256878e-01,2.836334684237196702e-01,6.755750811516642029e-01
8.773576914263735427e-01,8.287431637113502614e-01,9.216999410015442873e-01,6.444355147508615822e-01,7.986950720452694608e-01,7.304507220964508996e-01,7.872103360273525752e-01,-9.207729056739518692e-01,-6.787720654988768088e-01,-6.145089838722722630e-01,-5.279479454551314066e-02,-3.241070781535678180e-01,-8.723580563895899642e-01,-2.976987357846268001e-01,4.763674994529332185e-01,3.348019332432882744e-01,-7.181111472190961909e-01,8.012891236324907185e-01,8.092231953031437941e-01,-7.775298885976876795e-01,1.000000000000000000e+00,9.109751577653171228e-01,8.343440722753683314e-01,9.260451708826884509e-01,6.862620524086849860e-01,5.579437484972099570e-01,-2.645574078000137441e-02,9.199641464962156068e-01,7.596846386455631261e-01,-6.204694598718659693e-01,8.833974757001852307e-01,-6.723372083955757583e-01,7.984569953155695732e-01,-1.909876206903774465e-01,-8.409078898459999563e-01,-6.757382552208640591e-01,8.558803005936833630e-01,-4.206558223770988092e-01,-7.419562808471005244e-01
8.382603456646370299e-01,7.708739216452764609e-01,9.530205327736356313e-01,6.970428991765623694e-01,8.106700720460127130e-01,5.730651644684399137e-01,8.850415417112688088e-01,-9.396702065876106902e-01,-6.619572884849799221e-01,-6.111378079579485867e-01,1.491208408646776951e-01,-3.155016349954743449e-01,-8.376716184017829470e-01,-1.956960466593483383e-01,4.371537723458049363e-01,2.388969774533897805e-01,-5.495424274140616738e-01,8.558378150346303004e-01,8.440411063649061463e-01,-7.687755732578817058e-01,9.109751577653171228e-01,1.000000000000000000e+00,7.321789637109242799e-01,8.434177869389507531e-01,5.616992023180351623e-01,6.277461992040653804e-01,6.345002074565227190e-02,8.823516486294459282e-01,6.776208484552190825e-01,-5.838248814981318313e-01,8.702202089399803109e-01,-5.353939005779406735e-01,7.424983595880255693e-01,-1.184623938426725975e-01,-8.324006007369564308e-01,-6.115510118064975131e-01,7.790592777665295010e-01,-5.316412676315578345e-01,-7.584615948834824151e-01
8.525023659390469355e-01,8.964268408767745999e-01,7.752229371665876334e-01,4.439623576727766419e-01,8.373372481989859173e-01,7.999611479135064762e-01,6.406082793287602994e-01,-7.743288024877551523e-01,-3.716249681897807466e-01,-3.281844531331041814e-01,-1.466360603544331065e-01,-2.949119590701940741e-01,-8.092368304630169762e-01,-1.798317469711469274e-01,6.393180308826893476e-01,6.275457779692379390e-01,-7.214534136955306209e-01,7.314424341730063617e-01,8.151680987250932153e-01,-7.911497674422616200e-01,8.343440722753683314e-01,7.321789637109242799e-01,1.000000000000000000e+00,8.769898065583749958e-01,8.786176627683893736e-01,5.523609014376148485e-01,9.625856486218007605e-04,8.330632955508683324e-01,7.651781613883288369e-01,-3.861671327637595796e-01,8.170497724799526962e-01,-6.480594982238155888e-01,7.835078352080501185e-01,1.936584137057993649e-02,-6.752303553847198714e-01,-4.307494214551983447e-01,8.236158920426805974e-01,-5.376403986621774295e-02,-5.105144642752702522e-01
8.586358521944718047e-01,8.673519478537871086e-01,8.676641022301907480e-01,5.838117583884441242e-01,7.847484007410372442e-01,7.654473061562757641e-01,7.005328222221711698e-01,-8.791691106594019534e-01,-6.342974613009271234e-01,-5.314357741576958283e-01,-6.349785260298197731e-02,-2.432578307168256626e-01,-8.722138642644545747e-01,-3.443819426143991946e-01,4.761636349567741067e-01,4.325162982969498748e-01,-7.828460629312132824e-01,7.305006246506430267e-01,7.824472567467989359e-01,-7.556352337194577329e-01,9.260451708826884509e-01,8.434177869389507531e-01,8.769898065583749958e-01,1.000000000000000000e+00,7.615419503201172891e-01,5.112041384659161691e-01,-9.841598531470943656e-02,9.007629288400472722e-01,7.804235535543956326e-01,-5.836162935700931476e-01,8.916320285212219199e-01,-7.047331801269806073e-01,8.223083405598643481e-01,-2.233491156775174180e-01,-7.888804921138286019e-01,-6.673800356321891725e-01,8.853612976288866010e-01,-3.181337513319456023e-01,-6.608554309044009090e-01
7.196906712786832472e-01,8.616804039907307589e-01,6.134816569245078455e-01,3.360993943204907408e-01,7.919628852268444374e-01,7.071518557858496035e-01,4.711946162422913642e-01,-6.103253106185124732e-01,-1.854594173674389557e-01,-1.673018592239733093e-01,-2.397699405136666240e-01,-2.118359682659232968e-01,-7.106622396138646547e-01,-1.184776813157866204e-01,6.114645274071028869e-01,6.692947586292093964e-01,-6.838390124573402451e-01,6.098032776023752932e-01,7.409940546089545110e-01,-7.087461261736542895e-01,6.862620524086849860e-01,5.616992023180351623e-01,8.786176627683893736e-01,7.615419503201172891e-01,1.000000000000000000e+00,4.717274412145768814e-01,4.037484287611381450e-02,6.769462122354032996e-01,5.956212965869630560e-01,-1.838082608573269883e-01,7.010321120889523305e-01,-6.675966466719569503e-01,6.970142028777807086e-01,1.429594792944933190e-01,-4.663556510792594145e-01,-2.341628240236008907e-01,6.498458732225337320e-01,1.648891156868662888e-01,-3.665045816915913912e-01
7.265697580769783226e-01,6.274690442362256260e-01,6.078785227263886481e-01,3.055367595888375254e-01,7.501122847763402879e-01,2.629482415356357849e-01,6.775851402010314439e-01,-5.367197681493511841e-01,-2.319565130062497260e-01,-3.186574409430245058e-01,1.076867601470200136e-01,-5.130975557162009704e-01,-4.835958745420838034e-01,4.704818026989692759e-01,5.397711197491025237e-01,3.605596460832853900e-01,-9.617741187270133219e-02,8.461790975469462017e-01,7.346366034128882783e-01,-7.373810624731140795e-01,5.579437484972099570e-01,6.277461992040653804e-01,5.523609014376148485e-01,5.112041384659161691e-01,4.717274412145768814e-01,1.000000000000000000e+00,5.806099027559042947e-01,6.861534916367584280e-01,6.215708953843828155e-01,-2.174269677484624574e-01,5.147544040290172873e-01,-2.627486407841089222e-01,6.711525794677661860e-01,1.893203512734605853e-01,-6.978855477799169593e-01,-9.791154114030076183e-02,5.808706350079595460e-01,-2.969679268994481203e-01,-4.443914967601847454e-01
1.981416081996384138e-01,1.142641973043286192e-02,2.118479676380227803e-03,3.155399357291654300e-02,2.687640928968526022e-01,-8.971363423676960436e-02,1.796440949875088289e-01,8.274008132299848217e-02,9.956624161014009100e-02,-1.422374907829270507e-01,-2.971284083942996035e-02,-4.120986005605080105e-01,9.202482299469180727e-02,7.705154818020272245e-01,7.611611662311144888e-02,-4.464019765388010409e-03,3.094553925542764539e-01,3.568786405896646752e-01,2.131808013758851317e-01,-3.440154090726073033e-01,-2.645574078000137441e-02,6.345002074565227190e-02,9.625856486218007605e-04,-9.841598531470943656e-02,4.037484287611381450e-02,5.806099027559042947e-01,1.000000000000000000e+00,6.667462199660308120e-02,4.911313966279187704e-02,1.884991990289265340e-01,-1.088348997860050238e-01,-5.836450911069955561e-03,1.168445811391023298e-01,1.816401709822832722e-01,-1.542095892475531249e-01,2.939092646876995119e-01,-1.088930440519340903e-01,-9.643918058359456091e-02,-1.975124609360116579e-01
8.709129225110400219e-01,8.429586193953104711e-01,8.997608221785551308e-01,5.609820691092377576e-01,8.385026950686704783e-01,6.245158282036604724e-01,7.891905879237163246e-01,-8.926264768520606463e-01,-5.869758290653847022e-01,-5.301611318952400564e-01,1.076755832715648072e-02,-3.295909732556011051e-01,-8.600721593820234157e-01,-1.742651562396641818e-01,5.748407885600909095e-01,3.996197303330178419e-01,-6.453290954462910234e-01,8.523096737007624935e-01,8.406478140336343108e-01,-7.746941052760399904e-01,9.199641464962156068e-01,8.823516486294459282e-01,8.330632955508683324e-01,9.007629288400472722e-01,6.769462122354032996e-01,6.861534916367584280e-01,6.667462199660308120e-02,1.000000000000000000e+00,7.979209477955973018e-01,-5.547407304597260502e-01,8.904957200368291970e-01,-5.738607417625063434e-01,8.033353408092240855e-01,-9.079070492052834784e-02,-8.510231998198324321e-01,-5.972141300651686580e-01,8.773207020966062863e-01,-3.994850630894480892e-01,-6.565239550078030284e-01
8.436071103065082566e-01,7.593115333376400100e-01,7.019851048712402175e-01,4.584539475269563402e-01,6.446905861658350778e-01,6.096720430338073982e-01,5.615938611187933915e-01,-6.884963243449537806e-01,-4.811743837324020667e-01,-4.088654270088718512e-01,-5.730011573864252084e-02,-3.179393524574177232e-01,-7.056674330265676476e-01,-1.306223270536629455e-01,5.070570630448589799e-01,5.139477465929036537e-01,-4.848371046701834830e-01,7.055264541827895863e-01,6.641715077940382184e-01,-6.640123630183643044e-01,7.596846386455631261e-01,6.776208484552190825e-01,7.651781613883288369e-01,7.804235535543956326e-01,5.956212965869630560e-01,6.215708953843828155e-01,4.911313966279187704e-02,7.979209477955973018e-01,1.000000000000000000e+00,-5.621681853521486305e-01,7.210485197338282193e-01,-3.560635846487938960e-01,7.664408818141469348e-01,-1.576597312291650455e-01,-8.011523552349973931e-01,-5.096754670127513487e-01,8.902355709457071553e-01,-2.699244631621634527e-01,-4.923331301132211069e-01
-5.518057025365086243e-01,-3.469594490765620098e-01,-5.732672689257785059e-01,-4.468653847286713776e-01,-2.483620721681938648e-01,-4.190265442477886237e-01,-4.810523158560248147e-01,5.744314817621251068e-01,7.999454744259707484e-01,7.189204785154102995e-01,5.297893745858459763e-02,2.666508343734149133e-01,4.966120198247761519e-01,4.204273964423552168e-01,-7.202232229379772199e-02,1.217482608676973416e-01,4.302581423024829932e-01,-4.288652979582731617e-01,-3.297620515582502243e-01,4.323051473163606606e-01,-6.204694598718659693e-01,-5.838248814981318313e-01,-3.861671327637595796e-01,-5.836162935700931476e-01,-1.838082608573269883e-01,-2.174269677484624574e-01,1.884991990289265340e-01,-5.547407304597260502e-01,-5.621681853521486305e-01,1.000000000000000000e+00,-4.998282617122682958e-01,3.917250582534769765e-01,-4.396418883296867031e-01,4.792165451348867622e-01,6.924607749033730997e-01,7.858398701719563340e-01,-6.227720026800828146e-01,6.110640244983946978e-01,6.415398365220986721e-01
7.883649983924505555e-01,8.520303560350060978e-01,9.103698248745288879e-01,6.305350547513565163e-01,8.259877497079654018e-01,5.806492844473869486e-01,7.636486765493166740e-01,-9.246240540972225919e-01,-5.326114317029645440e-01,-4.336256973919286883e-01,1.252910721562081608e-01,-1.177559942300060031e-01,-9.242279341730883502e-01,-3.527026688122457676e-01,5.561172237750207081e-01,4.317799519273818332e-01,-7.040839584265692341e-01,7.706062524127842428e-01,8.506798858536910313e-01,-6.789043129243720331e-01,8.833974757001852307e-01,8.702202089399803109e-01,8.170497724799526962e-01,8.916320285212219199e-01,7.010321120889523305e-01,5.147544040290172873e-01,-1.088348997860050238e-01,8.904957200368291970e-01,7.210485197338282193e-01,-4.998282617122682958e-01,1.000000000000000000e+00,-4.990241622099790275e-01,7.086417952378039065e-01,-4.650092715283094674e-02,-7.164629729780742640e-01,-5.841564588759767807e-01,8.282899058370736256e-01,-3.086159351294991970e-01,-5.813930385271797174e-01
-5.866150446913472871e-01,-5.792799569682857141e-01,-5.290527399048703394e-01,-3.382627225392618175e-01,-5.390865558597838225e-01,-7.829825054227133041e-01,-4.352179913616394114e-01,5.360734292957961555e-01,5.206218232404480339e-01,5.252930914997006040e-01,4.170094947767128968e-01,3.593572538950580708e-01,5.341289593911803246e-01,2.179986283088731769e-01,-1.919678181890913105e-01,-1.793310670334268830e-01,7.296527575622753226e-01,-4.158813193973059374e-01,-4.745183364828433059e-01,6.295944445724734884e-01,-6.723372083955757583e-01,-5.353939005779406735e-01,-6.480594982238155888e-01,-7.047331801269806073e-01,-6.675966466719569503e-01,-2.627486407841089222e-01,-5.836450911069955561e-03,-5.738607417625063434e-01,-3.560635846487938960e-01,3.917250582534769765e-01,-4.990241622099790275e-01,1.000000000000000000e+00,-6.508243747451475381e-01,2.697682491740774346e-01,4.958530706696984702e-01,5.106434039988028140e-01,-5.089435245391650264e-01,1.545482350357264834e-01,6.264619216919002920e-01
8.221914553567898354e-01,7.809840121133720947e-01,7.450864215487337239e-01,4.199199534130058642e-01,7.527491050012258267e-01,7.039449607433664324e-01,6.606679634126632061e-01,-7.235748856295707299e-01,-5.096888126900250837e-01,-4.759245167754760919e-01,-1.034545650140284434e-01,-4.078311988446186032e-01,-7.032275229655892135e-01,-3.943165388118290149e-02,4.578156733364776021e-01,4.357575822234747709e-01,-5.379979777508087091e-01,7.359424404573667866e-01,7.314437810827145725e-01,-8.004140949168522257e-01,7.984569953155695732e-01,7.424983595880255693e-01,7.835078352080501185e-01,8.223083405598643481e-01,6.970142028777807086e-01,6.711525794677661860e-01,1.168445811391023298e-01,8.033353408092240855e-01,7.664408818141469348e-01,-4.396418883296867031e-01,7.086417952378039065e-01,-6.508243747451475381e-01,1.000000000000000000e+00,-1.164538586600868397e-01,-7.585720161465785427e-01,-4.823028718066931786e-01,8.180971953149991371e-01,-2.815534735477129846e-01,-6.059517609421689599e-01
-9.350951796323742071e-02,7.106953430632474700e-02,-6.996533094840613753e-02,-2.692738841874732780e-01,2.287629659946670835e-01,-2.540515331861672443e-01,-1.039498869581556399e-02,9.157125452153770662e-02,6.609941259973259875e-01,4.872509212569939296e-01,8.748297584616818168e-02,6.922843896523635243e-02,4.735722759354576983e-02,3.150745392574885728e-01,5.133634963955033825e-01,2.942381788538986354e-01,2.558509855919929854e-01,1.436090463646718662e-01,2.044363410906281375e-01,-3.302809254984737791e-02,-1.909876206903774465e-01,-1.184623938426725975e-01,1.936584137057993649e-02,-2.233491156775174180e-01,1.429594792944933190e-01,1.893203512734605853e-01,1.816401709822832722e-01,-9.079070492052834784e-02,-1.576597312291650455e-01,4.792165451348867622e-01,-4.650092715283094674e-02,2.697682491740774346e-01,-1.164538586600868397e-01,1.000000000000000000e+00,2.472539403628118138e-01,5.396525549693429458e-01,-1.866256878334941749e-01,4.988978566732590880e-01,4.004010956689939005e-01
-8.595125905787220910e-01,-6.811253196764595064e-01,-8.165920082030400096e-01,-5.422888505530718550e-01,-6.635017882787197507e-01,-5.481386221849542384e-01,-7.596820429939371566e-01,7.895971281390006258e-01,7.021850749099263211e-01,6.835622948998457682e-01,-2.804795385993021431e-02,4.679715830375549279e-01,6.991811453487484229e-01,8.360045231632765028e-02,-3.885660123140765587e-01,-1.965140250005230904e-01,4.469184106103221699e-01,-8.079850931005531089e-01,-7.039729938364027717e-01,7.430193783534269070e-01,-8.409078898459999563e-01,-8.324006007369564308e-01,-6.752303553847198714e-01,-7.888804921138286019e-01,-4.663556510792594145e-01,-6.978855477799169593e-01,-1.542095892475531249e-01,-8.510231998198324321e-01,-8.011523552349973931e-01,6.924607749033730997e-01,-7.164629729780742640e-01,4.958530706696984702e-01,-7.585720161465785427e-01,2.472539403628118138e-01,1.000000000000000000e+00,6.269032952897798383e-01,-8.206683192136619009e-01,6.017115201095485366e-01,7.395473887582162398e-01
-5.045874759185823288e-01,-3.875183234779528418e-01,-6.111373488419442612e-01,-5.003149688213495150e-01,-2.829752705758069586e-01,-5.206097401600682240e-01,-4.301638714534054553e-01,6.442639399015124280e-01,8.038140627647292202e-01,6.438954527606829403e-01,5.690555813736674490e-02,5.183956294433002265e-02,5.905939227206468134e-01,5.979214875167061516e-01,-4.077102530919765599e-02,9.161369441632077892e-02,6.053122243790649559e-01,-3.390113414273019377e-01,-3.198884543776186473e-01,3.589013927837923501e-01,-6.757382552208640591e-01,-6.115510118064975131e-01,-4.307494214551983447e-01,-6.673800356321891725e-01,-2.341628240236008907e-01,-9.791154114030076183e-02,2.939092646876995119e-01,-5.972141300651686580e-01,-5.096754670127513487e-01,7.858398701719563340e-01,-5.841564588759767807e-01,5.106434039988028140e-01,-4.823028718066931786e-01,5.396525549693429458e-01,6.269032952897798383e-01,1.000000000000000000e+00,-6.162453619186442078e-01,5.462418201504640747e-01,6.190759835617353213e-01
8.536475387941163673e-01,8.113262399255755097e-01,8.081190729505485226e-01,4.896910010545496017e-01,7.072045131618960312e-01,6.813365145429046699e-01,6.718318358624061348e-01,-8.094814836887066489e-01,-5.808710617859438319e-01,-4.698671444194360558e-01,-2.231514298274287975e-02,-2.918119527077825959e-01,-7.969106766923876872e-01,-2.669813375457138482e-01,5.143548162371212040e-01,4.784837420372755057e-01,-6.372775406858829372e-01,7.260769089809757659e-01,7.266335039049194311e-01,-7.074848602101256878e-01,8.558803005936833630e-01,7.790592777665295010e-01,8.236158920426805974e-01,8.853612976288866010e-01,6.498458732225337320e-01,5.808706350079595460e-01,-1.088930440519340903e-01,8.773207020966062863e-01,8.902355709457071553e-01,-6.227720026800828146e-01,8.282899058370736256e-01,-5.089435245391650264e-01,8.180971953149991371e-01,-1.866256878334941749e-01,-8.206683192136619009e-01,-6.162453619186442078e-01,1.000000000000000000e+00,-3.226968693277629252e-01,-5.608723499158126957e-01
-3.087382285085871758e-01,-7.660660712332739708e-02,-4.766461621074636890e-01,-4.908620985070126230e-01,-1.393806684759170134e-01,-5.350497641426986417e-02,-5.521180428864479461e-01,4.577825633820583051e-01,7.901001006311005881e-01,7.314355528263193351e-01,-2.487426567839208236e-01,3.369367930647326204e-01,2.812774624490498310e-01,1.286530258652396064e-01,2.218974378601074882e-01,4.289236490255912138e-01,7.102805440281392824e-02,-3.832090042754646708e-01,-2.314010302408540387e-01,2.836334684237196702e-01,-4.206558223770988092e-01,-5.316412676315578345e-01,-5.376403986621774295e-02,-3.181337513319456023e-01,1.648891156868662888e-01,-2.969679268994481203e-01,-9.643918058359456091e-02,-3.994850630894480892e-01,-2.699244631621634527e-01,6.110640244983946978e-01,-3.086159351294991970e-01,1.545482350357264834e-01,-2.815534735477129846e-01,4.988978566732590880e-01,6.017115201095485366e-01,5.462418201504640747e-01,-3.226968693277629252e-01,1.000000000000000000e+00,7.161638859270069712e-01
-6.555993930892746180e-01,-4.717069317796339645e-01,-7.204065528343601699e-01,-6.094954072869379624e-01,-5.345004537699103997e-01,-5.566115383073708678e-01,-7.418248118933578050e-01,7.004487944852324510e-01,8.293504131441984395e-01,8.672819422115709553e-01,5.864914938968469882e-02,5.712468315133598651e-01,6.007164056767216875e-01,1.274360177218547552e-01,-4.138195915221474369e-02,1.404139958773008290e-01,4.706962125653837425e-01,-6.335080619307108529e-01,-5.802440401447285234e-01,6.755750811516642029e-01,-7.419562808471005244e-01,-7.584615948834824151e-01,-5.105144642752702522e-01,-6.608554309044009090e-01,-3.665045816915913912e-01,-4.443914967601847454e-01,-1.975124609360116579e-01,-6.565239550078030284e-01,-4.923331301132211069e-01,6.415398365220986721e-01,-5.813930385271797174e-01,6.264619216919002920e-01,-6.059517609421689599e-01,4.004010956689939005e-01,7.395473887582162398e-01,6.190759835617353213e-01,-5.608723499158126957e-01,7.161638859270069712e-01,1.000000000000000000e+00
