1.000000000000000000e+00,8.861610637042177663e-01,9.241785053907566327e-01,9.491897569362919285e-01,9.333688889336817507e-01,8.984945211305811474e-01,9.069311897530039079e-01,9.645824442145931599e-01,8.778090570981850194e-01,8.858363342298567478e-01,9.375923421388503431e-01,9.172110941965758713e-01,8.793052504132593539e-01,9.759893031475131986e-01,9.023436640356879979e-01,9.411791651602148256e-01,9.182237555869959822e-01,9.640155962450629445e-01,9.454792019970919004e-01,9.374157930318858245e-01,9.635019028620022130e-01,9.620784818190574184e-01,9.147570197768156719e-01,9.330174462659868162e-01,9.504854166441063512e-01,9.825456346407188679e-01,8.936687137991933261e-01,9.175002376847056773e-01,9.325047916401271175e-01,9.353740108936418052e-01,9.126150051222721160e-01,9.381510593493810335e-01,8.929663051348928349e-01,9.027500182277902185e-01,9.769332209726034888e-01,8.908266910547782969e-01,9.558924913731986495e-01,9.762056452360056147e-01,8.887737064502744255e-01
8.861610637042177663e-01,1.000000000000000000e+00,9.370504856178824005e-01,9.136412195845469153e-01,9.244030663437511341e-01,9.651071349100935892e-01,9.597162379169482671e-01,9.043664128946712344e-01,9.776926468453061014e-01,9.856414223924655493e-01,9.222836556195993518e-01,9.356965784060373714e-01,9.853566597523120141e-01,8.856169666573634469e-01,9.637379982835313497e-01,8.612237568072106386e-01,9.406434992172443277e-01,8.820839666274744584e-01,8.682398368192036919e-01,9.168200930514021074e-01,8.801837965230731031e-01,8.837624813009778979e-01,9.404618962418948014e-01,9.229402029119901929e-01,9.111146835822862000e-01,8.827066672088176302e-01,9.754082558757815047e-01,9.442128808334753209e-01,9.262557230129646602e-01,9.241718478666192116e-01,9.531677618023719489e-01,9.228095773523223855e-01,9.690056274220052446e-01,9.607311696322214933e-01,8.867557049868795005e-01,9.748928114273891499e-01,9.097523137190328679e-01,8.851501617926843535e-01,9.829282186734735749e-01
9.241785053907566327e-01,9.370504856178824005e-01,1.000000000000000000e+00,9.616686794470669097e-01,9.722688468894818969e-01,9.515880044641644719e-01,9.561097206443438523e-01,9.462804600977013925e-01,9.298626706663029040e-01,9.369976875118927184e-01,9.685812568533853639e-01,9.831295477843999819e-01,9.332949050601011542e-01,9.301346921047478622e-01,9.549844894636719816e-01,8.898735286373612441e-01,9.815656814601448898e-01,9.138113294498362293e-01,8.977986773722197444e-01,9.654766109452735945e-01,9.135974059429278205e-01,9.142628588685421942e-01,9.820546806037374621e-01,9.709604095936238410e-01,9.597586109294052870e-01,9.282579178128002040e-01,9.415952086672253474e-01,9.772053780292698777e-01,9.735885046731997949e-01,9.688974098233213983e-01,9.680667398176588945e-01,9.718161123249829947e-01,9.375519198339412608e-01,9.538469234157158638e-01,9.199682714735535338e-01,9.399778966908679534e-01,9.532604560223019163e-01,9.186825485871836783e-01,9.390387329924587689e-01
9.491897569362919285e-01,9.136412195845469153e-01,9.616686794470669097e-01,1.000000000000000000e+00,9.750768173715466114e-01,9.314958478230577210e-01,9.356490607094499756e-01,9.697093338470902379e-01,9.075978483664250973e-01,9.133561057608763356e-01,9.800180229609068983e-01,9.610337687184089539e-01,9.088979593031465409e-01,9.566578690947952213e-01,9.331548771873142689e-01,9.127334431787305080e-01,9.578245158653515556e-01,9.343591787834866214e-01,9.175177483948848689e-01,9.798367925742872409e-01,9.345769119666799130e-01,9.356942625201096764e-01,9.577877015544042916e-01,9.781715191134940923e-01,9.831634032384842792e-01,9.526064905587975362e-01,9.182253528784872776e-01,9.531657197959042538e-01,9.715761751469494945e-01,9.787518669829262663e-01,9.460208927359795572e-01,9.776252953418423930e-01,9.170509880572328409e-01,9.323765226310137821e-01,9.434133793106928012e-01,9.168214178166146366e-01,9.780008365210467458e-01,9.409472739860931245e-01,9.146571542618201489e-01
9.333688889336817507e-01,9.244030663437511341e-01,9.722688468894818969e-01,9.750768173715466114e-01,1.000000000000000000e+00,9.423854917043015256e-01,9.448810596932271100e-01,9.564818441734757037e-01,9.165908538334662792e-01,9.243902583458996070e-01,9.805629389430797760e-01,9.724037222831481975e-01,9.205850257554361038e-01,9.414803473191641903e-01,9.432934023225902909e-01,8.995887383839318296e-01,9.681162260283648902e-01,9.221917474332228526e-01,9.063118179050876355e-01,9.802769870955053699e-01,9.225838232053262811e-01,9.231618106773807897e-01,9.682224494986130248e-01,9.835893599345421068e-01,9.719830731191214657e-01,9.364992012169990332e-01,9.284297576783314687e-01,9.628180342018363147e-01,9.817011270610246365e-01,9.813433327192849775e-01,9.539080917048358144e-01,9.839274491221375873e-01,9.257825076211991799e-01,9.427442727441769366e-01,9.290711624482287379e-01,9.266053780278185048e-01,9.661283830285831709e-01,9.272896352235450168e-01,9.244716443960099284e-01
8.984945211305811474e-01,9.651071349100935892e-01,9.515880044641644719e-01,9.314958478230577210e-01,9.423854917043015256e-01,1.000000000000000000e+00,9.813897897488583766e-01,9.202958890656385282e-01,9.568458240861197339e-01,9.662442903632829649e-01,9.391914583209712841e-01,9.497050772729875856e-01,9.627220076420245354e-01,9.050898277493517607e-01,9.831545682970339595e-01,8.698142601708810373e-01,9.535828937230165225e-01,8.974637564546054103e-01,8.784840105792739440e-01,9.356842975921630945e-01,8.950808537946308707e-01,8.993659105646255592e-01,9.541011952916962358e-01,9.418578688593510773e-01,9.297671761349886044e-01,8.978681197060386365e-01,9.709732873242565843e-01,9.603249484246542123e-01,9.423282066067065754e-01,9.414057234173680566e-01,9.713117148997738592e-01,9.405927584833659871e-01,9.746429952832299515e-01,9.822650488631813337e-01,9.003673951997004377e-01,9.717690522607559389e-01,9.271934343028875869e-01,9.000764424253080431e-01,9.674987254341483878e-01
9.069311897530039079e-01,9.597162379169482671e-01,9.561097206443438523e-01,9.356490607094499756e-01,9.448810596932271100e-01,9.813897897488583766e-01,1.000000000000000000e+00,9.261801036934436127e-01,9.515751236840958027e-01,9.610875823801066087e-01,9.426923585320543530e-01,9.533880759236554869e-01,9.559161808545570960e-01,9.121009175464693808e-01,9.832475240635935032e-01,8.778334977193122945e-01,9.587457871996030168e-01,9.048646166612405173e-01,8.850662685607615376e-01,9.394691706711220114e-01,9.026317792573352872e-01,9.067121401724975716e-01,9.581382585248344741e-01,9.453031498115562758e-01,9.336195252133330236e-01,9.063407578143293231e-01,9.651757721342048013e-01,9.652420963113970132e-01,9.455459019747574079e-01,9.439230107124882974e-01,9.758377505949601405e-01,9.439744165093139072e-01,9.684737549954246516e-01,9.850306439620698518e-01,9.065362208002006872e-01,9.663549961504228625e-01,9.319997499922542117e-01,9.061965459537385525e-01,9.621788757251631408e-01
9.645824442145931599e-01,9.043664128946712344e-01,9.462804600977013925e-01,9.697093338470902379e-01,9.564818441734757037e-01,9.202958890656385282e-01,9.261801036934436127e-01,1.000000000000000000e+00,8.951678599874943743e-01,9.038144339316835918e-01,9.609090524149279666e-01,9.418554009465458510e-01,8.983931929619232148e-01,9.728331492054232976e-01,9.226960385701460376e-01,9.275490909330909028e-01,9.411288093678069622e-01,9.489609888419938688e-01,9.296212143306119557e-01,9.600796556798411041e-01,9.465251351342405250e-01,9.483642567222271280e-01,9.388546232356751453e-01,9.574828232469864142e-01,9.719227173142559462e-01,9.692567365665673007e-01,9.101818911538345214e-01,9.387713698353266079e-01,9.523914356385126956e-01,9.597835811549533247e-01,9.317658719245996979e-01,9.596153023181756003e-01,9.072145228297058273e-01,9.220725229538809797e-01,9.604480021279571123e-01,9.079421807537888522e-01,9.779451868110849988e-01,9.598599594514067856e-01,9.044195156022837301e-01
8.778090570981850194e-01,9.776926468453061014e-01,9.298626706663029040e-01,9.075978483664250973e-01,9.165908538334662792e-01,9.568458240861197339e-01,9.515751236840958027e-01,8.951678599874943743e-01,1.000000000000000000e+00,9.764973664733029857e-01,9.163679077422618446e-01,9.291403509389226656e-01,9.801254026259421659e-01,8.773568776001168246e-01,9.555000968247279181e-01,8.517949590290762041e-01,9.340077384788514347e-01,8.738710779301431808e-01,8.609034221136332432e-01,9.098237762927962047e-01,8.750431933188692613e-01,8.786406069691858889e-01,9.338257867334673890e-01,9.162591634627911263e-01,9.032759474322552551e-01,8.727607481571886261e-01,9.682109216916164884e-01,9.374646006994445946e-01,9.185337692674238053e-01,9.191826619224759964e-01,9.448666937922226561e-01,9.160973789089511543e-01,9.643594555435422988e-01,9.521756131030367776e-01,8.778266212941202573e-01,9.690039324096947349e-01,8.991177403474180929e-01,8.777069640307597620e-01,9.748752919885050883e-01
8.858363342298567478e-01,9.856414223924655493e-01,9.369976875118927184e-01,9.133561057608763356e-01,9.243902583458996070e-01,9.662442903632829649e-01,9.610875823801066087e-01,9.038144339316835918e-01,9.764973664733029857e-01,1.000000000000000000e+00,9.215902354837518518e-01,9.356865718709189705e-01,9.843936930447361178e-01,8.855525683799393422e-01,9.646445290596580291e-01,8.602985998833064807e-01,9.407656445924476030e-01,8.825341276948155400e-01,8.675073208858543605e-01,9.166797151720821324e-01,8.797736480741868981e-01,8.839203946652851585e-01,9.408168392158127169e-01,9.230167526466904748e-01,9.110413065560637458e-01,8.826730865507129709e-01,9.756828835861950378e-01,9.445106717405831187e-01,9.263607509650114702e-01,9.238031996149718150e-01,9.538631718094920942e-01,9.230327431737672672e-01,9.709941663606910245e-01,9.621261505240180645e-01,8.869268797927706283e-01,9.755913425351627755e-01,9.095757706484464133e-01,8.852017291286113920e-01,9.835010303943851895e-01
9.375923421388503431e-01,9.222836556195993518e-01,9.685812568533853639e-01,9.800180229609068983e-01,9.805629389430797760e-01,9.391914583209712841e-01,9.426923585320543530e-01,9.609090524149279666e-01,9.163679077422618446e-01,9.215902354837518518e-01,1.000000000000000000e+00,9.692325581905484322e-01,9.183556927280104309e-01,9.461437876547608150e-01,9.405337454131369457e-01,8.993117690319418767e-01,9.653948852807956449e-01,9.248117337691305062e-01,9.064724190668123072e-01,9.840060166196412661e-01,9.247419320415404265e-01,9.257647834189282054e-01,9.645661178176596628e-01,9.837817594670292820e-01,9.769383173355431493e-01,9.420871300509466861e-01,9.266803352221090195e-01,9.598072989962568302e-01,9.762860094448134740e-01,9.845408529428643085e-01,9.542278408562459013e-01,9.827186852195403111e-01,9.243541290519402542e-01,9.401842563539517528e-01,9.329709456352732744e-01,9.255162031579865500e-01,9.718277826978155565e-01,9.315320809488987219e-01,9.229076833022791249e-01
9.172110941965758713e-01,9.356965784060373714e-01,9.831295477843999819e-01,9.610337687184089539e-01,9.724037222831481975e-01,9.497050772729875856e-01,9.533880759236554869e-01,9.418554009465458510e-01,9.291403509389226656e-01,9.356865718709189705e-01,9.692325581905484322e-01,1.000000000000000000e+00,9.323132142685234269e-01,9.244131245060787094e-01,9.518637350976895117e-01,8.851306737630862953e-01,9.796888101546086247e-01,9.084787564230031309e-01,8.934299746840732581e-01,9.664485380799342495e-01,9.093931786698876696e-01,9.087813970295838262e-01,9.805851938534994039e-01,9.715975944547804444e-01,9.587753301221267899e-01,9.217264848421686807e-01,9.396814719484015699e-01,9.739678219670772075e-01,9.756151702615528665e-01,9.695136842182923154e-01,9.656463970600547286e-01,9.729414386322984276e-01,9.356991634180206185e-01,9.510322736928736864e-01,9.132275028711684950e-01,9.380615648938248619e-01,9.507041377689240402e-01,9.115864361889960410e-01,9.374840238373787216e-01
8.793052504132593539e-01,9.853566597523120141e-01,9.332949050601011542e-01,9.088979593031465409e-01,9.205850257554361038e-01,9.627220076420245354e-01,9.559161808545570960e-01,8.983931929619232148e-01,9.801254026259421659e-01,9.843936930447361178e-01,9.183556927280104309e-01,9.323132142685234269e-01,1.000000000000000000e+00,8.790498700249924635e-01,9.603927223987434036e-01,8.555354549314128088e-01,9.375248434851273238e-01,8.774469376513014396e-01,8.633031508446036284e-01,9.127818689201326885e-01,8.760709140820562846e-01,8.791337473682987458e-01,9.375061844056495897e-01,9.193027319892924654e-01,9.062377414912471396e-01,8.755747803349204217e-01,9.739784548501054795e-01,9.406996627937384003e-01,9.225859312047414162e-01,9.207556195694077683e-01,9.496183035993507326e-01,9.190271783593639832e-01,9.679193585413286005e-01,9.572391939823119422e-01,8.813948973762727457e-01,9.737495298316662939e-01,9.041901810099020054e-01,8.801889447776961584e-01,9.817324237116017427e-01
9.759893031475131986e-01,8.856169666573634469e-01,9.301346921047478622e-01,9.566578690947952213e-01,9.414803473191641903e-01,9.050898277493517607e-01,9.121009175464693808e-01,9.728331492054232976e-01,8.773568776001168246e-01,8.855525683799393422e-01,9.461437876547608150e-01,9.244131245060787094e-01,8.790498700249924635e-01,1.000000000000000000e+00,9.084989030811002619e-01,9.311078395370850913e-01,9.245008204904344717e-01,9.567676981263146807e-01,9.346760586339474264e-01,9.456154570995471964e-01,9.541180387277324870e-01,9.560616387455933562e-01,9.207241584886313168e-01,9.421049503113887447e-01,9.582304534966905596e-01,9.802597062121520821e-01,8.943212025548786803e-01,9.211649947208825351e-01,9.396060225356538398e-01,9.443450412783120917e-01,9.155382808494463287e-01,9.454928433569861346e-01,8.915936301206952574e-01,9.079584467879369125e-01,9.676935162173013749e-01,8.918742378005886096e-01,9.652486104368105391e-01,9.688698646808068249e-01,8.878520111876779808e-01
9.023436640356879979e-01,9.637379982835313497e-01,9.549844894636719816e-01,9.331548771873142689e-01,9.432934023225902909e-01,9.831545682970339595e-01,9.832475240635935032e-01,9.226960385701460376e-01,9.555000968247279181e-01,9.646445290596580291e-01,9.405337454131369457e-01,9.518637350976895117e-01,9.603927223987434036e-01,9.084989030811002619e-01,1.000000000000000000e+00,8.730459704724637948e-01,9.577933507895547427e-01,8.983616661087988620e-01,8.802153939223327228e-01,9.362399495218258760e-01,8.958647722538071179e-01,9.002420076157858775e-01,9.576398659288422044e-01,9.429144002555398529e-01,9.315610323734525577e-01,9.017167408773303361e-01,9.700075613552615605e-01,9.647293938027090565e-01,9.434624579762145302e-01,9.419707072053994379e-01,9.745774228138006645e-01,9.412261694521697475e-01,9.722155053185230766e-01,9.844862732139487704e-01,9.009243339465294875e-01,9.709606368455995229e-01,9.287086467603803408e-01,9.015285390998880599e-01,9.664861726028176614e-01
9.411791651602148256e-01,8.612237568072106386e-01,8.898735286373612441e-01,9.127334431787305080e-01,8.995887383839318296e-01,8.698142601708810373e-01,8.778334977193122945e-01,9.275490909330909028e-01,8.517949590290762041e-01,8.602985998833064807e-01,8.993117690319418767e-01,8.851306737630862953e-01,8.555354549314128088e-01,9.311078395370850913e-01,8.730459704724637948e-01,1.000000000000000000e+00,8.875807341720548527e-01,9.636312911501864198e-01,9.813242738155876221e-01,9.013721788041204608e-01,9.699115860537317335e-01,9.665402541405021530e-01,8.816231165514489820e-01,8.976688365731244623e-01,9.154510964356521452e-01,9.361698500731623351e-01,8.671017582252185107e-01,8.808537250330846780e-01,8.988862650925272257e-01,8.992975845090486198e-01,8.790499362367261149e-01,9.028864817551981448e-01,8.656119366170045293e-01,8.754965106630465677e-01,9.532879485316554380e-01,8.656929820425118827e-01,9.181930865185418122e-01,9.516944390672713583e-01,8.613381090879743684e-01
9.182237555869959822e-01,9.406434992172443277e-01,9.815656814601448898e-01,9.578245158653515556e-01,9.681162260283648902e-01,9.535828937230165225e-01,9.587457871996030168e-01,9.411288093678069622e-01,9.340077384788514347e-01,9.407656445924476030e-01,9.653948852807956449e-01,9.796888101546086247e-01,9.375248434851273238e-01,9.245008204904344717e-01,9.577933507895547427e-01,8.875807341720548527e-01,1.000000000000000000e+00,9.094741268284364244e-01,8.951077392143134137e-01,9.619639168117302130e-01,9.091323017723956790e-01,9.106953452701509466e-01,9.851297987638835130e-01,9.672992275848348864e-01,9.546482817749150085e-01,9.218459484907347568e-01,9.438510298691441536e-01,9.794314561632493366e-01,9.687300960200886379e-01,9.660218863112655097e-01,9.700927915486794451e-01,9.672009445446456688e-01,9.413247740875264613e-01,9.560230007987882139e-01,9.139367243138186714e-01,9.425879428936603244e-01,9.486926349008261150e-01,9.114615102864193075e-01,9.424507231041654443e-01
9.640155962450629445e-01,8.820839666274744584e-01,9.138113294498362293e-01,9.343591787834866214e-01,9.221917474332228526e-01,8.974637564546054103e-01,9.048646166612405173e-01,9.489609888419938688e-01,8.738710779301431808e-01,8.825341276948155400e-01,9.248117337691305062e-01,9.084787564230031309e-01,8.774469376513014396e-01,9.567676981263146807e-01,8.983616661087988620e-01,9.636312911501864198e-01,9.094741268284364244e-01,1.000000000000000000e+00,9.695095271325123720e-01,9.266113605123773578e-01,9.818947510003804835e-01,9.827952012755744038e-01,9.053010350443554399e-01,9.227894606430092628e-01,9.361728348465802041e-01,9.605346150491497204e-01,8.874095550484850659e-01,9.060575063388065509e-01,9.203871716097419275e-01,9.233747457426068062e-01,9.059279131414954556e-01,9.270947710251952190e-01,8.888640577140682897e-01,9.005429289473152465e-01,9.744596681044238595e-01,8.870718772173681321e-01,9.418243523898310876e-01,9.754620780783996858e-01,8.830523143909128070e-01
9.454792019970919004e-01,8.682398368192036919e-01,8.977986773722197444e-01,9.175177483948848689e-01,9.063118179050876355e-01,8.784840105792739440e-01,8.850662685607615376e-01,9.296212143306119557e-01,8.609034221136332432e-01,8.675073208858543605e-01,9.064724190668123072e-01,8.934299746840732581e-01,8.633031508446036284e-01,9.346760586339474264e-01,8.802153939223327228e-01,9.813242738155876221e-01,8.951077392143134137e-01,9.695095271325123720e-01,1.000000000000000000e+00,9.082602884854674707e-01,9.746893414935496880e-01,9.715518909982986395e-01,8.894045419199299030e-01,9.047403297028673297e-01,9.180339790447578086e-01,9.396820348966887781e-01,8.734541714317695105e-01,8.884621081148083022e-01,9.059839521276173979e-01,9.061174614236381375e-01,8.879159988516088786e-01,9.097833476312877643e-01,8.751718349151746956e-01,8.824261115180526138e-01,9.574072155168353859e-01,8.723369741433483204e-01,9.213047724107553682e-01,9.556972761830073715e-01,8.687876726927548088e-01
9.374157930318858245e-01,9.168200930514021074e-01,9.654766109452735945e-01,9.798367925742872409e-01,9.802769870955053699e-01,9.356842975921630945e-01,9.394691706711220114e-01,9.600796556798411041e-01,9.098237762927962047e-01,9.166797151720821324e-01,9.840060166196412661e-01,9.664485380799342495e-01,9.127818689201326885e-01,9.456154570995471964e-01,9.362399495218258760e-01,9.013721788041204608e-01,9.619639168117302130e-01,9.266113605123773578e-01,9.082602884854674707e-01,1.000000000000000000e+00,9.266662539689065614e-01,9.276893455730133020e-01,9.618045248414539561e-01,9.833990830380072712e-01,9.777028977935138254e-01,9.414531380064373733e-01,9.220869181204534026e-01,9.563970990029648789e-01,9.754170918131446211e-01,9.828907203852091934e-01,9.502465883868737029e-01,9.823988141482086212e-01,9.208884603050515594e-01,9.362868290730765874e-01,9.344847988357327662e-01,9.207870727386908705e-01,9.713310980505011072e-01,9.323701341842914880e-01,9.174340618460902208e-01
9.635019028620022130e-01,8.801837965230731031e-01,9.135974059429278205e-01,9.345769119666799130e-01,9.225838232053262811e-01,8.950808537946308707e-01,9.026317792573352872e-01,9.465251351342405250e-01,8.750431933188692613e-01,8.797736480741868981e-01,9.247419320415404265e-01,9.093931786698876696e-01,8.760709140820562846e-01,9.541180387277324870e-01,8.958647722538071179e-01,9.699115860537317335e-01,9.091323017723956790e-01,9.818947510003804835e-01,9.746893414935496880e-01,9.266662539689065614e-01,1.000000000000000000e+00,9.834764584022985812e-01,9.039762815117928785e-01,9.224172125087010121e-01,9.360880571336630540e-01,9.588296860545998390e-01,8.855233511239866129e-01,9.056405434064392912e-01,9.210767272809827766e-01,9.240476667652366416e-01,9.044478859117464076e-01,9.271746026939157170e-01,8.870315257095576778e-01,8.986735017780425050e-01,9.727432896032693899e-01,8.855069908821885383e-01,9.388838525730417439e-01,9.737209780596485231e-01,8.813738371950301520e-01
9.620784818190574184e-01,8.837624813009778979e-01,9.142628588685421942e-01,9.356942625201096764e-01,9.231618106773807897e-01,8.993659105646255592e-01,9.067121401724975716e-01,9.483642567222271280e-01,8.786406069691858889e-01,8.839203946652851585e-01,9.257647834189282054e-01,9.087813970295838262e-01,8.791337473682987458e-01,9.560616387455933562e-01,9.002420076157858775e-01,9.665402541405021530e-01,9.106953452701509466e-01,9.827952012755744038e-01,9.715518909982986395e-01,9.276893455730133020e-01,9.834764584022985812e-01,1.000000000000000000e+00,9.054497405141583855e-01,9.236902706296901133e-01,9.367141018683767806e-01,9.583724907764574752e-01,8.890876935450965357e-01,9.071698615487018280e-01,9.206417284618548802e-01,9.256541794707544568e-01,9.070101278390227950e-01,9.275687661122565819e-01,8.902496099919227079e-01,9.023730693057420149e-01,9.720040721722384980e-01,8.894382626740259257e-01,9.404202195882317428e-01,9.730674830261629715e-01,8.848132552407088625e-01
9.147570197768156719e-01,9.404618962418948014e-01,9.820546806037374621e-01,9.577877015544042916e-01,9.682224494986130248e-01,9.541011952916962358e-01,9.581382585248344741e-01,9.388546232356751453e-01,9.338257867334673890e-01,9.408168392158127169e-01,9.645661178176596628e-01,9.805851938534994039e-01,9.375061844056495897e-01,9.207241584886313168e-01,9.576398659288422044e-01,8.816231165514489820e-01,9.851297987638835130e-01,9.053010350443554399e-01,8.894045419199299030e-01,9.618045248414539561e-01,9.039762815117928785e-01,9.054497405141583855e-01,1.000000000000000000e+00,9.679671433496426225e-01,9.545097596846054966e-01,9.181386206061368238e-01,9.442329929819842649e-01,9.789533955971519985e-01,9.689243119016606176e-01,9.654018983149682542e-01,9.689505923128370890e-01,9.674436319861414724e-01,9.415706517712487678e-01,9.556935895767912914e-01,9.105139560382621289e-01,9.428162788258326321e-01,9.474587426112562882e-01,9.080289397548898522e-01,9.424642168515007246e-01
9.330174462659868162e-01,9.229402029119901929e-01,9.709604095936238410e-01,9.781715191134940923e-01,9.835893599345421068e-01,9.418578688593510773e-01,9.453031498115562758e-01,9.574828232469864142e-01,9.162591634627911263e-01,9.230167526466904748e-01,9.837817594670292820e-01,9.715975944547804444e-01,9.193027319892924654e-01,9.421049503113887447e-01,9.429144002555398529e-01,8.976688365731244623e-01,9.672992275848348864e-01,9.227894606430092628e-01,9.047403297028673297e-01,9.833990830380072712e-01,9.224172125087010121e-01,9.236902706296901133e-01,9.679671433496426225e-01,1.000000000000000000e+00,9.749561203557759459e-01,9.367693894206525762e-01,9.273151697396162518e-01,9.621540494552196510e-01,9.798627751477800851e-01,9.838158597917990855e-01,9.549784989454315198e-01,9.840998294918863465e-01,9.260064484386645312e-01,9.428235340437054468e-01,9.291907568615462854e-01,9.262251490636908002e-01,9.680203769285911086e-01,9.279078579834639795e-01,9.232504278848367996e-01
9.504854166441063512e-01,9.111146835822862000e-01,9.597586109294052870e-01,9.831634032384842792e-01,9.719830731191214657e-01,9.297671761349886044e-01,9.336195252133330236e-01,9.719227173142559462e-01,9.032759474322552551e-01,9.110413065560637458e-01,9.769383173355431493e-01,9.587753301221267899e-01,9.062377414912471396e-01,9.582304534966905596e-01,9.315610323734525577e-01,9.154510964356521452e-01,9.546482817749150085e-01,9.361728348465802041e-01,9.180339790447578086e-01,9.777028977935138254e-01,9.360880571336630540e-01,9.367141018683767806e-01,9.545097596846054966e-01,9.749561203557759459e-01,1.000000000000000000e+00,9.544830619178563680e-01,9.178758545998947360e-01,9.506000721654710439e-01,9.687520799384110592e-01,9.761130533263511211e-01,9.435744667847812961e-01,9.749129149402344652e-01,9.155379695972066800e-01,9.309107526965709756e-01,9.464597880955374354e-01,9.157223032018187991e-01,9.793264049659841097e-01,9.443800925859983098e-01,9.128099037036951913e-01
9.825456346407188679e-01,8.827066672088176302e-01,9.282579178128002040e-01,9.526064905587975362e-01,9.364992012169990332e-01,8.978681197060386365e-01,9.063407578143293231e-01,9.692567365665673007e-01,8.727607481571886261e-01,8.826730865507129709e-01,9.420871300509466861e-01,9.217264848421686807e-01,8.755747803349204217e-01,9.802597062121520821e-01,9.017167408773303361e-01,9.361698500731623351e-01,9.218459484907347568e-01,9.605346150491497204e-01,9.396820348966887781e-01,9.414531380064373733e-01,9.588296860545998390e-01,9.583724907764574752e-01,9.181386206061368238e-01,9.367693894206525762e-01,9.544830619178563680e-01,1.000000000000000000e+00,8.911979666815609269e-01,9.194538840948918157e-01,9.360346620507036253e-01,9.398511439958984193e-01,9.127336170123379055e-01,9.419876923812120495e-01,8.881320975947498697e-01,9.018970749082669824e-01,9.727893005962527928e-01,8.876997705657341253e-01,9.604718387125615875e-01,9.728077021716723394e-01,8.854837664822381438e-01
8.936687137991933261e-01,9.754082558757815047e-01,9.415952086672253474e-01,9.182253528784872776e-01,9.284297576783314687e-01,9.709732873242565843e-01,9.651757721342048013e-01,9.101818911538345214e-01,9.682109216916164884e-01,9.756828835861950378e-01,9.266803352221090195e-01,9.396814719484015699e-01,9.739784548501054795e-01,8.943212025548786803e-01,9.700075613552615605e-01,8.671017582252185107e-01,9.438510298691441536e-01,8.874095550484850659e-01,8.734541714317695105e-01,9.220869181204534026e-01,8.855233511239866129e-01,8.890876935450965357e-01,9.442329929819842649e-01,9.273151697396162518e-01,9.178758545998947360e-01,8.911979666815609269e-01,1.000000000000000000e+00,9.489167707671846141e-01,9.307158900998203643e-01,9.276156579169965166e-01,9.575930877275968811e-01,9.277027695514622474e-01,9.788472284316177552e-01,9.669566001060728722e-01,8.947404438219588307e-01,9.844193668873200131e-01,9.150786009208465854e-01,8.940317595154172459e-01,9.788366889874550170e-01
9.175002376847056773e-01,9.442128808334753209e-01,9.772053780292698777e-01,9.531657197959042538e-01,9.628180342018363147e-01,9.603249484246542123e-01,9.652420963113970132e-01,9.387713698353266079e-01,9.374646006994445946e-01,9.445106717405831187e-01,9.598072989962568302e-01,9.739678219670772075e-01,9.406996627937384003e-01,9.211649947208825351e-01,9.647293938027090565e-01,8.808537250330846780e-01,9.794314561632493366e-01,9.060575063388065509e-01,8.884621081148083022e-01,9.563970990029648789e-01,9.056405434064392912e-01,9.071698615487018280e-01,9.789533955971519985e-01,9.621540494552196510e-01,9.506000721654710439e-01,9.194538840948918157e-01,9.489167707671846141e-01,1.000000000000000000e+00,9.624995161918076247e-01,9.601667703755276673e-01,9.763466706164380948e-01,9.608477166739165520e-01,9.477371794564650731e-01,9.637736008445881852e-01,9.114450241030596089e-01,9.478867117922139540e-01,9.451193607922167006e-01,9.109030160715910762e-01,9.466481604163921038e-01
9.325047916401271175e-01,9.262557230129646602e-01,9.735885046731997949e-01,9.715761751469494945e-01,9.817011270610246365e-01,9.423282066067065754e-01,9.455459019747574079e-01,9.523914356385126956e-01,9.185337692674238053e-01,9.263607509650114702e-01,9.762860094448134740e-01,9.756151702615528665e-01,9.225859312047414162e-01,9.396060225356538398e-01,9.434624579762145302e-01,8.988862650925272257e-01,9.687300960200886379e-01,9.203871716097419275e-01,9.059839521276173979e-01,9.754170918131446211e-01,9.210767272809827766e-01,9.206417284618548802e-01,9.689243119016606176e-01,9.798627751477800851e-01,9.687520799384110592e-01,9.360346620507036253e-01,9.307158900998203643e-01,9.624995161918076247e-01,1.000000000000000000e+00,9.772911005653432959e-01,9.549654613259632718e-01,9.814729048402623945e-01,9.279793973985216438e-01,9.432611904492596011e-01,9.264781487763837919e-01,9.275820353475837665e-01,9.617038056357547493e-01,9.243677766247604399e-01,9.264565676824985108e-01
9.353740108936418052e-01,9.241718478666192116e-01,9.688974098233213983e-01,9.787518669829262663e-01,9.813433327192849775e-01,9.414057234173680566e-01,9.439230107124882974e-01,9.597835811549533247e-01,9.191826619224759964e-01,9.238031996149718150e-01,9.845408529428643085e-01,9.695136842182923154e-01,9.207556195694077683e-01,9.443450412783120917e-01,9.419707072053994379e-01,8.992975845090486198e-01,9.660218863112655097e-01,9.233747457426068062e-01,9.061174614236381375e-01,9.828907203852091934e-01,9.240476667652366416e-01,9.256541794707544568e-01,9.654018983149682542e-01,9.838158597917990855e-01,9.761130533263511211e-01,9.398511439958984193e-01,9.276156579169965166e-01,9.601667703755276673e-01,9.772911005653432959e-01,1.000000000000000000e+00,9.539285022947632253e-01,9.827433399838291228e-01,9.256229694553320675e-01,9.416280810056387729e-01,9.310928526996780086e-01,9.263645482151233734e-01,9.691611924574721204e-01,9.302213606175733229e-01,9.246083232715768263e-01
9.126150051222721160e-01,9.531677618023719489e-01,9.680667398176588945e-01,9.460208927359795572e-01,9.539080917048358144e-01,9.713117148997738592e-01,9.758377505949601405e-01,9.317658719245996979e-01,9.448666937922226561e-01,9.538631718094920942e-01,9.542278408562459013e-01,9.656463970600547286e-01,9.496183035993507326e-01,9.155382808494463287e-01,9.745774228138006645e-01,8.790499362367261149e-01,9.700927915486794451e-01,9.059279131414954556e-01,8.879159988516088786e-01,9.502465883868737029e-01,9.044478859117464076e-01,9.070101278390227950e-01,9.689505923128370890e-01,9.549784989454315198e-01,9.435744667847812961e-01,9.127336170123379055e-01,9.575930877275968811e-01,9.763466706164380948e-01,9.549654613259632718e-01,9.539285022947632253e-01,1.000000000000000000e+00,9.535244975851198124e-01,9.590899944895373563e-01,9.744964071084287749e-01,9.077914889990676972e-01,9.579293042461682894e-01,9.401160945648880940e-01,9.086841819670350429e-01,9.564844362721595106e-01
9.381510593493810335e-01,9.228095773523223855e-01,9.718161123249829947e-01,9.776252953418423930e-01,9.839274491221375873e-01,9.405927584833659871e-01,9.439744165093139072e-01,9.596153023181756003e-01,9.160973789089511543e-01,9.230327431737672672e-01,9.827186852195403111e-01,9.729414386322984276e-01,9.190271783593639832e-01,9.454928433569861346e-01,9.412261694521697475e-01,9.028864817551981448e-01,9.672009445446456688e-01,9.270947710251952190e-01,9.097833476312877643e-01,9.823988141482086212e-01,9.271746026939157170e-01,9.275687661122565819e-01,9.674436319861414724e-01,9.840998294918863465e-01,9.749129149402344652e-01,9.419876923812120495e-01,9.277027695514622474e-01,9.608477166739165520e-01,9.814729048402623945e-01,9.827433399838291228e-01,9.535244975851198124e-01,1.000000000000000000e+00,9.256635922518200443e-01,9.414385196873721329e-01,9.350391036338826511e-01,9.255913945698656109e-01,9.693272015917063777e-01,9.329014530305130837e-01,9.238225044575085754e-01
8.929663051348928349e-01,9.690056274220052446e-01,9.375519198339412608e-01,9.170509880572328409e-01,9.257825076211991799e-01,9.746429952832299515e-01,9.684737549954246516e-01,9.072145228297058273e-01,9.643594555435422988e-01,9.709941663606910245e-01,9.243541290519402542e-01,9.356991634180206185e-01,9.679193585413286005e-01,8.915936301206952574e-01,9.722155053185230766e-01,8.656119366170045293e-01,9.413247740875264613e-01,8.888640577140682897e-01,8.751718349151746956e-01,9.208884603050515594e-01,8.870315257095576778e-01,8.902496099919227079e-01,9.415706517712487678e-01,9.260064484386645312e-01,9.155379695972066800e-01,8.881320975947498697e-01,9.788472284316177552e-01,9.477371794564650731e-01,9.279793973985216438e-01,9.256229694553320675e-01,9.590899944895373563e-01,9.256635922518200443e-01,1.000000000000000000e+00,9.704656422821174022e-01,8.939955607038092555e-01,9.801503770805007898e-01,9.134843277976893994e-01,8.930569415748892403e-01,9.738426216929800816e-01
9.027500182277902185e-01,9.607311696322214933e-01,9.538469234157158638e-01,9.323765226310137821e-01,9.427442727441769366e-01,9.822650488631813337e-01,9.850306439620698518e-01,9.220725229538809797e-01,9.521756131030367776e-01,9.621261505240180645e-01,9.401842563539517528e-01,9.510322736928736864e-01,9.572391939823119422e-01,9.079584467879369125e-01,9.844862732139487704e-01,8.754965106630465677e-01,9.560230007987882139e-01,9.005429289473152465e-01,8.824261115180526138e-01,9.362868290730765874e-01,8.986735017780425050e-01,9.023730693057420149e-01,9.556935895767912914e-01,9.428235340437054468e-01,9.309107526965709756e-01,9.018970749082669824e-01,9.669566001060728722e-01,9.637736008445881852e-01,9.432611904492596011e-01,9.416280810056387729e-01,9.744964071084287749e-01,9.414385196873721329e-01,9.704656422821174022e-01,1.000000000000000000e+00,9.024016245706818484e-01,9.678347085281948647e-01,9.285309360779420151e-01,9.027864246218180178e-01,9.634435319311118739e-01
9.769332209726034888e-01,8.867557049868795005e-01,9.199682714735535338e-01,9.434133793106928012e-01,9.290711624482287379e-01,9.003673951997004377e-01,9.065362208002006872e-01,9.604480021279571123e-01,8.778266212941202573e-01,8.869268797927706283e-01,9.329709456352732744e-01,9.132275028711684950e-01,8.813948973762727457e-01,9.676935162173013749e-01,9.009243339465294875e-01,9.532879485316554380e-01,9.139367243138186714e-01,9.744596681044238595e-01,9.574072155168353859e-01,9.344847988357327662e-01,9.727432896032693899e-01,9.720040721722384980e-01,9.105139560382621289e-01,9.291907568615462854e-01,9.464597880955374354e-01,9.727893005962527928e-01,8.947404438219588307e-01,9.114450241030596089e-01,9.264781487763837919e-01,9.310928526996780086e-01,9.077914889990676972e-01,9.350391036338826511e-01,8.939955607038092555e-01,9.024016245706818484e-01,1.000000000000000000e+00,8.921346768004763117e-01,9.519467149583071830e-01,9.832121491141878611e-01,8.888613280842463382e-01
8.908266910547782969e-01,9.748928114273891499e-01,9.399778966908679534e-01,9.168214178166146366e-01,9.266053780278185048e-01,9.717690522607559389e-01,9.663549961504228625e-01,9.079421807537888522e-01,9.690039324096947349e-01,9.755913425351627755e-01,9.255162031579865500e-01,9.380615648938248619e-01,9.737495298316662939e-01,8.918742378005886096e-01,9.709606368455995229e-01,8.656929820425118827e-01,9.425879428936603244e-01,8.870718772173681321e-01,8.723369741433483204e-01,9.207870727386908705e-01,8.855069908821885383e-01,8.894382626740259257e-01,9.428162788258326321e-01,9.262251490636908002e-01,9.157223032018187991e-01,8.876997705657341253e-01,9.844193668873200131e-01,9.478867117922139540e-01,9.275820353475837665e-01,9.263645482151233734e-01,9.579293042461682894e-01,9.255913945698656109e-01,9.801503770805007898e-01,9.678347085281948647e-01,8.921346768004763117e-01,1.000000000000000000e+00,9.130805310186951296e-01,8.924619200696493060e-01,9.788339283674182267e-01
9.558924913731986495e-01,9.097523137190328679e-01,9.532604560223019163e-01,9.780008365210467458e-01,9.661283830285831709e-01,9.271934343028875869e-01,9.319997499922542117e-01,9.779451868110849988e-01,8.991177403474180929e-01,9.095757706484464133e-01,9.718277826978155565e-01,9.507041377689240402e-01,9.041901810099020054e-01,9.652486104368105391e-01,9.287086467603803408e-01,9.181930865185418122e-01,9.486926349008261150e-01,9.418243523898310876e-01,9.213047724107553682e-01,9.713310980505011072e-01,9.388838525730417439e-01,9.404202195882317428e-01,9.474587426112562882e-01,9.680203769285911086e-01,9.793264049659841097e-01,9.604718387125615875e-01,9.150786009208465854e-01,9.451193607922167006e-01,9.617038056357547493e-01,9.691611924574721204e-01,9.401160945648880940e-01,9.693272015917063777e-01,9.134843277976893994e-01,9.285309360779420151e-01,9.519467149583071830e-01,9.130805310186951296e-01,1.000000000000000000e+00,9.496009116804993155e-01,9.101065134993661099e-01
9.762056452360056147e-01,8.851501617926843535e-01,9.186825485871836783e-01,9.409472739860931245e-01,9.272896352235450168e-01,9.000764424253080431e-01,9.061965459537385525e-01,9.598599594514067856e-01,8.777069640307597620e-01,8.852017291286113920e-01,9.315320809488987219e-01,9.115864361889960410e-01,8.801889447776961584e-01,9.688698646808068249e-01,9.015285390998880599e-01,9.516944390672713583e-01,9.114615102864193075e-01,9.754620780783996858e-01,9.556972761830073715e-01,9.323701341842914880e-01,9.737209780596485231e-01,9.730674830261629715e-01,9.080289397548898522e-01,9.279078579834639795e-01,9.443800925859983098e-01,9.728077021716723394e-01,8.940317595154172459e-01,9.109030160715910762e-01,9.243677766247604399e-01,9.302213606175733229e-01,9.086841819670350429e-01,9.329014530305130837e-01,8.930569415748892403e-01,9.027864246218180178e-01,9.832121491141878611e-01,8.924619200696493060e-01,9.496009116804993155e-01,1.000000000000000000e+00,8.879664958694986066e-01
8.887737064502744255e-01,9.829282186734735749e-01,9.390387329924587689e-01,9.146571542618201489e-01,9.244716443960099284e-01,9.674987254341483878e-01,9.621788757251631408e-01,9.044195156022837301e-01,9.748752919885050883e-01,9.835010303943851895e-01,9.229076833022791249e-01,9.374840238373787216e-01,9.817324237116017427e-01,8.878520111876779808e-01,9.664861726028176614e-01,8.613381090879743684e-01,9.424507231041654443e-01,8.830523143909128070e-01,8.687876726927548088e-01,9.174340618460902208e-01,8.813738371950301520e-01,8.848132552407088625e-01,9.424642168515007246e-01,9.232504278848367996e-01,9.128099037036951913e-01,8.854837664822381438e-01,9.788366889874550170e-01,9.466481604163921038e-01,9.264565676824985108e-01,9.246083232715768263e-01,9.564844362721595106e-01,9.238225044575085754e-01,9.738426216929800816e-01,9.634435319311118739e-01,8.888613280842463382e-01,9.788339283674182267e-01,9.101065134993661099e-01,8.879664958694986066e-01,1.000000000000000000e+00
