1.000000000000000000e+00,8.485534234893997718e-01,6.400107643195331875e-01,4.585539983162029154e-01,5.559322653010178028e-01,-2.463858719985632592e-02,1.338364042354036332e-01,-4.358688436278196354e-01,7.667801138027149355e-01,8.173401973628147132e-01,4.724795430586026246e-01,5.547412746166943132e-01,-5.054256754051277278e-01,7.063254442362593144e-01,5.724681553738276696e-01,7.806905503014998082e-01,5.709903911037412794e-01,5.592930853454864959e-01,2.400571698119541020e-01,7.500972439239964040e-02,3.398163624564145557e-01,3.503663704316208327e-01,7.113057634677149021e-01,6.198585095109692134e-01,7.007856647003612993e-01,7.352059649839048916e-01,5.915408990195804018e-01,6.591836001816921975e-01,5.496409397658900131e-01,8.804023346033130748e-01,4.167912521757253796e-01,4.927464001913421376e-01,6.503808018839242200e-01,6.905148112048689057e-01,-3.886825633640809963e-02,5.774967299214244232e-01,-1.205216478533113061e-01,6.431372547319483823e-01,6.323312127719223907e-01
8.485534234893997718e-01,1.000000000000000000e+00,5.417130522549268301e-01,3.007173731756958568e-01,5.521856215892922970e-01,2.178672829795262889e-01,9.829586597992458208e-02,-5.191674980999976263e-01,7.302318948339382443e-01,7.596783771933469653e-01,5.207415268612602954e-01,5.328604999269154208e-01,-4.723553560223875403e-01,7.547751465460209586e-01,4.704075755136855053e-01,7.460381011606136425e-01,5.767931204895662134e-01,3.850225423887703724e-01,1.989385733267778344e-01,6.569690435010840102e-02,2.337948330496444072e-01,2.550455726600509010e-01,7.670565498952101047e-01,6.844622285029428044e-01,7.545528026801499033e-01,5.985665113916648350e-01,6.821490305930694165e-01,5.703862700870595548e-01,4.027442690664902458e-01,8.096814975148983740e-01,5.234662262519348408e-01,5.847160093115610913e-01,6.510343871105679359e-01,6.620147567578585912e-01,-8.268171559197663723e-02,6.126024696553664661e-01,7.377951167941519672e-02,4.898054253487940102e-01,6.661913792346021435e-01
6.400107643195331875e-01,5.417130522549268301e-01,1.000000000000000000e+00,5.717980414218981622e-01,7.089524958452592118e-01,-2.375354131339276614e-02,2.480270372949063828e-01,-6.268935366147198041e-01,7.326522288545848083e-01,6.743649925988832727e-01,5.100057368569307359e-01,5.667645001104812952e-01,-5.308775645116512454e-01,6.872243885288286114e-01,6.396068728494218592e-01,6.415897641794710005e-01,5.688549936565815424e-01,6.760512029356549046e-01,2.876360834145414991e-01,-1.530739797255084578e-01,6.738205811443102045e-01,4.326989964481486317e-01,5.728060920040822790e-01,4.921098034599869497e-01,5.034853959200173978e-01,7.868960587085370717e-01,5.809825373546008143e-01,8.376629988775387003e-01,4.874514914149811751e-01,6.957072481638173489e-01,5.722245834842502044e-01,4.790577525900129308e-01,7.131639600992880634e-01,7.631342855430821581e-01,-6.385598449100843288e-02,4.923556563850128298e-01,-2.072321701967018426e-01,7.424939663008880419e-01,6.372252616448977891e-01
4.585539983162029154e-01,3.007173731756958568e-01,5.717980414218981622e-01,1.000000000000000000e+00,3.047951968341668927e-01,-1.658117229652735503e-01,5.330853365618775097e-01,-2.612374633571991067e-01,4.645015764446613349e-01,5.819310432345720097e-01,3.018500254518705628e-01,7.842417183597503172e-01,-1.627062156830183237e-01,2.324827931161549399e-01,8.338124537759445953e-01,5.403071762191488103e-01,4.932556494188286011e-01,7.403755183980881283e-01,5.068214530931074435e-01,2.949652610064361080e-01,5.072813901283341753e-01,4.282493274752698365e-01,4.771246441891711654e-01,1.912147248774457575e-01,1.508306279305078323e-01,5.416473215278736486e-01,4.244744437656028935e-01,7.365813813125479115e-01,2.128816959072793724e-01,4.351454243298196189e-01,-1.637605947214011010e-02,4.089953649244227329e-01,4.897937174135783001e-01,4.960550002388532942e-01,-3.314121389250812566e-01,4.060964395818639217e-01,-4.502697840387129835e-01,6.786991900287709933e-01,6.120239476437090431e-01
5.559322653010178028e-01,5.521856215892922970e-01,7.089524958452592118e-01,3.047951968341668927e-01,1.000000000000000000e+00,2.239460018590576709e-02,3.220778676011473718e-01,-5.360384333619698793e-01,6.974311768920239407e-01,5.069327039598646722e-01,5.084092905164711018e-01,3.298104524657142211e-01,-6.473293234853716438e-01,7.128165198720601836e-01,3.034645785064774004e-01,4.888860583012153427e-01,4.437367704417764513e-01,4.091902813996697308e-01,6.343083012010287958e-02,-1.810509132517931774e-01,4.896566330553978608e-01,4.040073705029665480e-02,4.379111066771867455e-01,4.740562982720308849e-01,5.427959470419975174e-01,6.264404738265937356e-01,4.636760527155982525e-01,5.913249628759453813e-01,4.130055401785089897e-01,6.402546758970676377e-01,6.939275938368194563e-01,3.378648451884646020e-01,5.252743717406134216e-01,7.952548813910971237e-01,7.320546937453129011e-02,3.559377497974191007e-01,-9.685605978624951817e-03,5.525034707309183224e-01,5.091529567946810886e-01
-2.463858719985632592e-02,2.178672829795262889e-01,-2.375354131339276614e-02,-1.658117229652735503e-01,2.239460018590576709e-02,1.000000000000000000e+00,-2.943291096830117932e-03,-2.409313891688936449e-01,4.804416559669340975e-02,1.070005267760229389e-01,3.300678805013712025e-01,1.694368382135070239e-01,1.082049438223731813e-01,2.717227597600458400e-01,6.400905090882313096e-03,1.665253940811608491e-01,3.059505709225474046e-01,-2.533556293410558768e-01,8.405147221558000037e-02,1.688523901732201515e-01,-1.054343479072081952e-01,3.744922417561450528e-02,3.701465855690723172e-01,3.277441780561010098e-01,2.176667723760801476e-01,-9.005070583188011513e-02,4.972877044811118696e-01,1.160134381753180205e-01,-2.206620186927781835e-01,-2.307078010038535534e-02,3.477237431728176786e-01,5.488384396035668189e-01,3.051379421859964913e-01,2.511587933898608294e-02,-1.624735520162924607e-01,3.825887256077195597e-01,5.443053007252042219e-01,-1.793926485323666942e-01,2.257594396253501390e-01
1.338364042354036332e-01,9.829586597992458208e-02,2.480270372949063828e-01,5.330853365618775097e-01,3.220778676011473718e-01,-2.943291096830117932e-03,1.000000000000000000e+00,-2.161449517754315125e-02,1.263365829068787416e-01,2.701435030834643536e-01,2.572801618069527341e-01,3.580783761550515587e-01,-1.424389508576605068e-01,7.185994637593234868e-02,3.437405938418073847e-01,2.469023433799861778e-01,3.057484239938834114e-01,2.852870787741431102e-01,1.886782081781520626e-01,2.264057875293106759e-01,3.301290858313830623e-01,1.438612779290036336e-01,1.839293809528746992e-01,1.252419872026070136e-01,-1.257189359826445252e-02,1.767246798625070059e-01,2.665430029297141679e-01,4.355562444022646473e-01,-5.061706443118330068e-02,2.149245321799981567e-01,1.316622360524597746e-01,2.591535433142923561e-01,1.703606229292299046e-01,2.034028277858680456e-01,-1.094102403299038462e-01,2.113872652285356812e-01,-8.732119491701308134e-02,2.744859081177116189e-01,3.471066367923679175e-01
-4.358688436278196354e-01,-5.191674980999976263e-01,-6.268935366147198041e-01,-2.612374633571991067e-01,-5.360384333619698793e-01,-2.409313891688936449e-01,-2.161449517754315125e-02,1.000000000000000000e+00,-6.576499535618752779e-01,-5.594335172444862003e-01,-3.501879414556779979e-01,-4.537216041764802199e-01,2.877014840857471389e-01,-6.295356385061054993e-01,-3.625251663610646879e-01,-5.840399954841325458e-01,-4.200880365395018856e-01,-3.119274052883536652e-01,-2.447997524178389672e-01,-3.984878189228126949e-02,-4.442645134404802354e-01,-1.701187924154195508e-01,-6.424380429850968799e-01,-4.557868717537048031e-01,-5.704332784359728015e-01,-3.958190143099816205e-01,-6.148967062554009377e-01,-5.354844645940970427e-01,-1.530008723139160975e-01,-4.709889422487110178e-01,-5.063121765520870454e-01,-5.160577900729990120e-01,-4.801903453916772091e-01,-5.896919397731003043e-01,2.238898008505047776e-01,-4.914676500485445354e-01,-1.190112976502385456e-01,-3.393789817336651526e-01,-6.033521768026820498e-01
7.667801138027149355e-01,7.302318948339382443e-01,7.326522288545848083e-01,4.645015764446613349e-01,6.974311768920239407e-01,4.804416559669340975e-02,1.263365829068787416e-01,-6.576499535618752779e-01,1.000000000000000000e+00,7.795161837578317154e-01,4.843475893252269238e-01,6.296911407768587265e-01,-5.034852505917122301e-01,7.751107502688284745e-01,5.721444129428795433e-01,7.371185197205082362e-01,5.573502568272915569e-01,6.085772790919690145e-01,3.106292313612726286e-01,5.203840414103563100e-02,4.622420699461972093e-01,2.669570696709579471e-01,7.370894719945413343e-01,5.888374453068045966e-01,6.734847370905560071e-01,6.978869414767988610e-01,6.730182846730110580e-01,6.979643727635310713e-01,4.184347495157756391e-01,8.235231487341385659e-01,5.164142732542330583e-01,5.391556985659288204e-01,6.240508911487164800e-01,8.575017982261585736e-01,-1.605472707400059373e-01,5.469292613507288348e-01,-6.869656556779007994e-02,6.387827634286710188e-01,7.690353872319971584e-01
8.173401973628147132e-01,7.596783771933469653e-01,6.743649925988832727e-01,5.819310432345720097e-01,5.069327039598646722e-01,1.070005267760229389e-01,2.701435030834643536e-01,-5.594335172444862003e-01,7.795161837578317154e-01,1.000000000000000000e+00,4.367560500663649758e-01,7.391789055478920067e-01,-3.755818045564730534e-01,6.551483878262176486e-01,6.882318721438681619e-01,9.027682537285032227e-01,5.930823525590154244e-01,5.788950939172802235e-01,4.193072971010684546e-01,2.047347158354426988e-01,5.016824645434442287e-01,4.516804195292182245e-01,8.399851583434161384e-01,5.717528529939875925e-01,6.362546210968059723e-01,6.033357372601021451e-01,7.444500913253941921e-01,7.493203121283750212e-01,2.783862524807190764e-01,7.946103820641510218e-01,3.956053698954293818e-01,6.484604417275817712e-01,6.733749963440975872e-01,6.956580874089680622e-01,-3.029948407471546590e-01,6.896145222795692087e-01,-9.572886911295798440e-02,5.529885189365272291e-01,7.918421299241615863e-01
4.724795430586026246e-01,5.207415268612602954e-01,5.100057368569307359e-01,3.018500254518705628e-01,5.084092905164711018e-01,3.300678805013712025e-01,2.572801618069527341e-01,-3.501879414556779979e-01,4.843475893252269238e-01,4.367560500663649758e-01,1.000000000000000000e+00,2.961047305547899744e-01,-4.808053405804610936e-01,6.261756214626136297e-01,3.392634108472589727e-01,4.165829722331594875e-01,7.961251314084479835e-01,3.977414943393414171e-01,1.483836492003848262e-01,7.696280243465442039e-02,2.181537333590297667e-01,2.775458257444082463e-02,4.733050956782488550e-01,7.303308844044122949e-01,5.199326894043885261e-01,5.827786756447237426e-01,4.421612304537890781e-01,4.948621388130073351e-01,5.167963104899451210e-01,5.185008932375577695e-01,5.041041746318410954e-01,6.543394405279440162e-01,5.308533715930486840e-01,4.525954749110689401e-01,1.986366092906176328e-01,3.045574697558013355e-01,3.474400042595508498e-01,4.935656504996931981e-01,4.020049985857482855e-01
5.547412746166943132e-01,5.328604999269154208e-01,5.667645001104812952e-01,7.842417183597503172e-01,3.298104524657142211e-01,1.694368382135070239e-01,3.580783761550515587e-01,-4.537216041764802199e-01,6.296911407768587265e-01,7.391789055478920067e-01,2.961047305547899744e-01,1.000000000000000000e+00,-1.520576285794666416e-01,4.436799385698915743e-01,8.436405548522805109e-01,7.173808330535644817e-01,5.357973200703063377e-01,5.752056826423617153e-01,5.641368434840213775e-01,3.432405385358598404e-01,4.248848959720937235e-01,4.977566647026990809e-01,7.500394565389150170e-01,3.366253392924548060e-01,3.333466028260541614e-01,4.605975902339440320e-01,7.147326348063951507e-01,7.606257690915233516e-01,4.877987129955371065e-02,5.116985531301767587e-01,2.116199808427329243e-01,6.178978294099127799e-01,6.583017525001982895e-01,6.486622451087480368e-01,-5.203537593806247807e-01,6.589989115287008259e-01,-2.784318144163993591e-01,5.457221346756087055e-01,8.285464322730168307e-01
-5.054256754051277278e-01,-4.723553560223875403e-01,-5.308775645116512454e-01,-1.627062156830183237e-01,-6.473293234853716438e-01,1.082049438223731813e-01,-1.424389508576605068e-01,2.877014840857471389e-01,-5.034852505917122301e-01,-3.755818045564730534e-01,-4.808053405804610936e-01,-1.520576285794666416e-01,1.000000000000000000e+00,-5.776889508482236923e-01,-1.263419128626143140e-01,-3.038214656012092618e-01,-4.716571559063648666e-01,-2.366667079477895452e-01,1.499840533458743352e-01,2.682249676132462679e-01,-2.289247284245509440e-01,2.653148236157039722e-02,-2.812794787484270143e-01,-3.945731415311028445e-01,-4.363959019405603268e-01,-5.287695114349261205e-01,-2.625837422613311323e-01,-3.647001668021045973e-01,-5.152757011906140550e-01,-5.478790448919232947e-01,-6.256124618829116413e-01,-1.551787344400659130e-01,-4.304482310202483175e-01,-6.095456458321312221e-01,-3.333094525118164286e-01,-2.346115278705118157e-01,5.895268655845551514e-02,-4.406754250051043154e-01,-2.804897867620073093e-01
7.063254442362593144e-01,7.547751465460209586e-01,6.872243885288286114e-01,2.324827931161549399e-01,7.128165198720601836e-01,2.717227597600458400e-01,7.185994637593234868e-02,-6.295356385061054993e-01,7.751107502688284745e-01,6.551483878262176486e-01,6.261756214626136297e-01,4.436799385698915743e-01,-5.776889508482236923e-01,1.000000000000000000e+00,3.998453736151748039e-01,6.463438454154479818e-01,6.665417862318341324e-01,4.077766889974707709e-01,2.128715005208302868e-01,-1.135475819592113161e-01,2.926510970743827489e-01,8.967416653773259416e-02,6.538205981677335243e-01,7.327452053693613854e-01,7.292356754802405971e-01,6.727762642083656708e-01,6.335517651839717157e-01,6.240444137477251241e-01,5.191461987651100340e-01,7.096104432615220059e-01,7.318252970046856820e-01,5.512246715600612745e-01,7.081962427723227371e-01,7.811379410645485910e-01,7.711127281919535892e-02,5.410977617469663326e-01,1.424724787494674461e-01,5.382109109819632753e-01,5.967467624256433956e-01
5.724681553738276696e-01,4.704075755136855053e-01,6.396068728494218592e-01,8.338124537759445953e-01,3.034645785064774004e-01,6.400905090882313096e-03,3.437405938418073847e-01,-3.625251663610646879e-01,5.721444129428795433e-01,6.882318721438681619e-01,3.392634108472589727e-01,8.436405548522805109e-01,-1.263419128626143140e-01,3.998453736151748039e-01,1.000000000000000000e+00,6.501824323160991792e-01,5.645880419896605051e-01,7.220091635971322974e-01,5.940506128991623891e-01,3.024554997281441726e-01,4.923209440576791218e-01,5.397684023610234139e-01,6.253961559391572056e-01,3.627695196522031651e-01,3.217923684505311077e-01,6.300141064178548245e-01,5.690644412907852612e-01,8.262966443563403152e-01,2.679949445157598364e-01,5.437287602798420716e-01,1.058690528177357731e-01,5.289022742870150839e-01,6.601514102682021212e-01,5.671778608257835863e-01,-3.784194425731985945e-01,5.435433251765335871e-01,-3.676788210817099056e-01,7.386110797387320792e-01,7.005718128435037828e-01
7.806905503014998082e-01,7.460381011606136425e-01,6.415897641794710005e-01,5.403071762191488103e-01,4.888860583012153427e-01,1.665253940811608491e-01,2.469023433799861778e-01,-5.840399954841325458e-01,7.371185197205082362e-01,9.027682537285032227e-01,4.165829722331594875e-01,7.173808330535644817e-01,-3.038214656012092618e-01,6.463438454154479818e-01,6.501824323160991792e-01,1.000000000000000000e+00,5.375682992530084192e-01,5.125177886715223119e-01,3.915619121233515632e-01,2.337662581908686588e-01,4.751799826475816002e-01,4.774814547702221357e-01,8.392280761627749497e-01,5.464653391902364321e-01,6.106797657370414134e-01,5.412643465232419571e-01,7.689891632228674778e-01,7.261313985286502737e-01,2.134946130443856893e-01,7.290820165611788806e-01,4.097384065272819398e-01,6.953704169595141815e-01,6.953254871437094531e-01,6.787009924705225128e-01,-3.600286554687317508e-01,7.237817981165055592e-01,7.206859133841300377e-03,4.896495396487847707e-01,7.981859861884947893e-01
5.709903911037412794e-01,5.767931204895662134e-01,5.688549936565815424e-01,4.932556494188286011e-01,4.437367704417764513e-01,3.059505709225474046e-01,3.057484239938834114e-01,-4.200880365395018856e-01,5.573502568272915569e-01,5.930823525590154244e-01,7.961251314084479835e-01,5.357973200703063377e-01,-4.716571559063648666e-01,6.665417862318341324e-01,5.645880419896605051e-01,5.375682992530084192e-01,1.000000000000000000e+00,4.788724724650716968e-01,2.915551865383952390e-01,1.412907455040584015e-01,3.112704604462058766e-01,1.416205322242952147e-01,6.220315802347364809e-01,7.254191537168506176e-01,5.736358088323071369e-01,6.557076124374908721e-01,5.852521461737548725e-01,6.554610126654476510e-01,5.511817969000448736e-01,5.734256943978031096e-01,4.509651915627148622e-01,6.481930698939306623e-01,6.347979330910077378e-01,5.302605718362845000e-01,1.578676687830367076e-01,4.536265729242062728e-01,1.263520834796755810e-01,6.153219288580059620e-01,5.436936971069481483e-01
5.592930853454864959e-01,3.850225423887703724e-01,6.760512029356549046e-01,7.403755183980881283e-01,4.091902813996697308e-01,-2.533556293410558768e-01,2.852870787741431102e-01,-3.119274052883536652e-01,6.085772790919690145e-01,5.788950939172802235e-01,3.977414943393414171e-01,5.752056826423617153e-01,-2.366667079477895452e-01,4.077766889974707709e-01,7.220091635971322974e-01,5.125177886715223119e-01,4.788724724650716968e-01,1.000000000000000000e+00,5.599653671831349433e-01,3.289290283299398793e-02,4.884226509742092825e-01,3.604570065132286505e-01,3.966736208518373275e-01,3.266556087701021904e-01,2.557123290823481998e-01,7.317790255213965089e-01,3.247001613333024839e-01,6.989770840056949153e-01,4.589330066871528668e-01,5.863302481409133904e-01,4.056245323958322657e-02,3.336718674432899157e-01,4.655554660718735360e-01,5.456083818122112739e-01,-1.168840441543887027e-01,1.946327676587067956e-01,-4.262458146870465869e-01,7.695987766071329395e-01,5.287571873871990125e-01
2.400571698119541020e-01,1.989385733267778344e-01,2.876360834145414991e-01,5.068214530931074435e-01,6.343083012010287958e-02,8.405147221558000037e-02,1.886782081781520626e-01,-2.447997524178389672e-01,3.106292313612726286e-01,4.193072971010684546e-01,1.483836492003848262e-01,5.641368434840213775e-01,1.499840533458743352e-01,2.128715005208302868e-01,5.940506128991623891e-01,3.915619121233515632e-01,2.915551865383952390e-01,5.599653671831349433e-01,1.000000000000000000e+00,2.158510117133767003e-01,2.054620061500817274e-01,1.771407883588251575e-01,3.715794373074344237e-01,1.560675216329984183e-01,9.725426446221874244e-02,2.649581058814255430e-01,3.392443592570138500e-01,4.218156358913580650e-01,2.188856386301439930e-02,1.921371357501687749e-01,-4.096546268642744376e-02,3.770737105475462370e-01,3.442014414812855083e-01,2.739096301486405594e-01,-3.933386871064205592e-01,1.799365733661691114e-01,-2.475788363622416499e-01,3.315046883145904566e-01,4.212400346766605463e-01
7.500972439239964040e-02,6.569690435010840102e-02,-1.530739797255084578e-01,2.949652610064361080e-01,-1.810509132517931774e-01,1.688523901732201515e-01,2.264057875293106759e-01,-3.984878189228126949e-02,5.203840414103563100e-02,2.047347158354426988e-01,7.696280243465442039e-02,3.432405385358598404e-01,2.682249676132462679e-01,-1.135475819592113161e-01,3.024554997281441726e-01,2.337662581908686588e-01,1.412907455040584015e-01,3.289290283299398793e-02,2.158510117133767003e-01,1.000000000000000000e+00,2.073197396733342246e-02,1.327945924263448096e-01,3.102614182392230968e-01,6.982711819995400526e-02,7.803645612159565426e-02,-9.111418137636771719e-02,2.674928081462065732e-01,1.479427167918824781e-01,-2.193451052036501370e-01,2.914417048673711638e-02,-2.059775797457660262e-01,2.930382778950466061e-01,2.573067059159759445e-02,-8.416831877631320014e-02,-3.228584691734643353e-01,1.946299030044632283e-01,1.393186418847084940e-01,-2.517949109098719870e-03,1.962937756221243002e-01
3.398163624564145557e-01,2.337948330496444072e-01,6.738205811443102045e-01,5.072813901283341753e-01,4.896566330553978608e-01,-1.054343479072081952e-01,3.301290858313830623e-01,-4.442645134404802354e-01,4.622420699461972093e-01,5.016824645434442287e-01,2.181537333590297667e-01,4.248848959720937235e-01,-2.289247284245509440e-01,2.926510970743827489e-01,4.923209440576791218e-01,4.751799826475816002e-01,3.112704604462058766e-01,4.884226509742092825e-01,2.054620061500817274e-01,2.073197396733342246e-02,1.000000000000000000e+00,3.800949111852097717e-01,4.044206083579635069e-01,1.961928489846413715e-01,3.163348374031668131e-01,4.642883896673339339e-01,4.497511264187550872e-01,6.271025763983518742e-01,1.909272978561342982e-01,4.627418526446759328e-01,2.652625195939839475e-01,3.528381509071662481e-01,3.109274782939633330e-01,4.314283568939700220e-01,-1.440691219740672935e-01,2.657879003490082326e-01,-1.669510656918031521e-01,4.661185362188868808e-01,4.830142418132120086e-01
3.503663704316208327e-01,2.550455726600509010e-01,4.326989964481486317e-01,4.282493274752698365e-01,4.040073705029665480e-02,3.744922417561450528e-02,1.438612779290036336e-01,-1.701187924154195508e-01,2.669570696709579471e-01,4.516804195292182245e-01,2.775458257444082463e-02,4.977566647026990809e-01,2.653148236157039722e-02,8.967416653773259416e-02,5.397684023610234139e-01,4.774814547702221357e-01,1.416205322242952147e-01,3.604570065132286505e-01,1.771407883588251575e-01,1.327945924263448096e-01,3.800949111852097717e-01,1.000000000000000000e+00,4.390071798377935264e-01,4.804069784670816912e-02,4.384270032673447809e-02,2.318576262853584979e-01,4.668279663710602212e-01,5.232169781966814481e-01,-9.090506288883802577e-02,3.059189478472357226e-01,7.032684875604627633e-04,3.477309128281134143e-01,4.005006026818614950e-01,2.265626233617260010e-01,-4.511129960144859008e-01,4.125569970088909799e-01,-2.740629864705214636e-01,2.777069307519462460e-01,5.019073680474066546e-01
7.113057634677149021e-01,7.670565498952101047e-01,5.728060920040822790e-01,4.771246441891711654e-01,4.379111066771867455e-01,3.701465855690723172e-01,1.839293809528746992e-01,-6.424380429850968799e-01,7.370894719945413343e-01,8.399851583434161384e-01,4.733050956782488550e-01,7.500394565389150170e-01,-2.812794787484270143e-01,6.538205981677335243e-01,6.253961559391572056e-01,8.392280761627749497e-01,6.220315802347364809e-01,3.966736208518373275e-01,3.715794373074344237e-01,3.102614182392230968e-01,4.044206083579635069e-01,4.390071798377935264e-01,1.000000000000000000e+00,5.989506977509941876e-01,6.853110441984421319e-01,4.660748043536998009e-01,8.565757490045770028e-01,6.721159976875904496e-01,1.377643751962543406e-01,6.722475544366998124e-01,4.278731672617055448e-01,7.724142631826620420e-01,6.774226539317946827e-01,6.295510122019326582e-01,-3.789302074221247429e-01,7.422791130388410874e-01,8.253458241294975295e-02,4.204232985214900742e-01,8.330691720061511596e-01
6.198585095109692134e-01,6.844622285029428044e-01,4.921098034599869497e-01,1.912147248774457575e-01,4.740562982720308849e-01,3.277441780561010098e-01,1.252419872026070136e-01,-4.557868717537048031e-01,5.888374453068045966e-01,5.717528529939875925e-01,7.303308844044122949e-01,3.366253392924548060e-01,-3.945731415311028445e-01,7.327452053693613854e-01,3.627695196522031651e-01,5.464653391902364321e-01,7.254191537168506176e-01,3.266556087701021904e-01,1.560675216329984183e-01,6.982711819995400526e-02,1.961928489846413715e-01,4.804069784670816912e-02,5.989506977509941876e-01,1.000000000000000000e+00,7.406104011500065365e-01,6.019570993329304009e-01,5.163342937280356315e-01,5.044752702728017013e-01,5.272368640190392419e-01,6.346305213392161582e-01,5.500615969092553792e-01,6.027497310244818163e-01,5.537919592342845920e-01,4.878718537540351341e-01,1.808458155042586835e-01,4.245454368534674061e-01,3.057752107479360659e-01,4.393150598548679064e-01,4.272974590858194532e-01
7.007856647003612993e-01,7.545528026801499033e-01,5.034853959200173978e-01,1.508306279305078323e-01,5.427959470419975174e-01,2.176667723760801476e-01,-1.257189359826445252e-02,-5.704332784359728015e-01,6.734847370905560071e-01,6.362546210968059723e-01,5.199326894043885261e-01,3.333466028260541614e-01,-4.363959019405603268e-01,7.292356754802405971e-01,3.217923684505311077e-01,6.106797657370414134e-01,5.736358088323071369e-01,2.557123290823481998e-01,9.725426446221874244e-02,7.803645612159565426e-02,3.163348374031668131e-01,4.384270032673447809e-02,6.853110441984421319e-01,7.406104011500065365e-01,1.000000000000000000e+00,5.655324080011159271e-01,5.553344656502238186e-01,4.683026173625410848e-01,4.934924157262030042e-01,7.168702101289673445e-01,5.413268687495980114e-01,4.835444699040895022e-01,4.711464206044381764e-01,5.469914529955358651e-01,9.074346615217192269e-02,4.751518646253112266e-01,2.084220273028452586e-01,4.311386493028053768e-01,4.823724612595335914e-01
7.352059649839048916e-01,5.985665113916648350e-01,7.868960587085370717e-01,5.416473215278736486e-01,6.264404738265937356e-01,-9.005070583188011513e-02,1.767246798625070059e-01,-3.958190143099816205e-01,6.978869414767988610e-01,6.033357372601021451e-01,5.827786756447237426e-01,4.605975902339440320e-01,-5.287695114349261205e-01,6.727762642083656708e-01,6.300141064178548245e-01,5.412643465232419571e-01,6.557076124374908721e-01,7.317790255213965089e-01,2.649581058814255430e-01,-9.111418137636771719e-02,4.642883896673339339e-01,2.318576262853584979e-01,4.660748043536998009e-01,6.019570993329304009e-01,5.655324080011159271e-01,1.000000000000000000e+00,4.242076477993027006e-01,7.498339629215530211e-01,7.590535764732724289e-01,7.647092417259638841e-01,4.280628159856739168e-01,3.590875957858736256e-01,6.537969950883990577e-01,6.812463408421872701e-01,1.834161508882483915e-01,3.775213879735959122e-01,-2.304855888586710977e-01,8.856205530415941496e-01,4.685033437444896531e-01
5.915408990195804018e-01,6.821490305930694165e-01,5.809825373546008143e-01,4.244744437656028935e-01,4.636760527155982525e-01,4.972877044811118696e-01,2.665430029297141679e-01,-6.148967062554009377e-01,6.730182846730110580e-01,7.444500913253941921e-01,4.421612304537890781e-01,7.147326348063951507e-01,-2.625837422613311323e-01,6.335517651839717157e-01,5.690644412907852612e-01,7.689891632228674778e-01,5.852521461737548725e-01,3.247001613333024839e-01,3.392443592570138500e-01,2.674928081462065732e-01,4.497511264187550872e-01,4.668279663710602212e-01,8.565757490045770028e-01,5.163342937280356315e-01,5.553344656502238186e-01,4.242076477993027006e-01,1.000000000000000000e+00,7.014774507337625531e-01,4.788024285961467452e-02,5.936074081383911905e-01,5.390721726076522780e-01,7.824738120627687810e-01,6.966771995757795599e-01,6.081050273498261882e-01,-3.683116950104829423e-01,7.286399631650697373e-01,1.417537457817699131e-01,3.643552978446478186e-01,8.321201903133994549e-01
6.591836001816921975e-01,5.703862700870595548e-01,8.376629988775387003e-01,7.365813813125479115e-01,5.913249628759453813e-01,1.160134381753180205e-01,4.355562444022646473e-01,-5.354844645940970427e-01,6.979643727635310713e-01,7.493203121283750212e-01,4.948621388130073351e-01,7.606257690915233516e-01,-3.647001668021045973e-01,6.240444137477251241e-01,8.262966443563403152e-01,7.261313985286502737e-01,6.554610126654476510e-01,6.989770840056949153e-01,4.218156358913580650e-01,1.479427167918824781e-01,6.271025763983518742e-01,5.232169781966814481e-01,6.721159976875904496e-01,5.044752702728017013e-01,4.683026173625410848e-01,7.498339629215530211e-01,7.014774507337625531e-01,1.000000000000000000e+00,3.618580991242687506e-01,6.811710620766371349e-01,4.460575110736998417e-01,6.021088020843053945e-01,7.639818413550909515e-01,7.218664953417570640e-01,-2.013658224115449369e-01,6.216577740402700059e-01,-1.938091825566570503e-01,7.544524123874776222e-01,7.346073340828858100e-01
5.496409397658900131e-01,4.027442690664902458e-01,4.874514914149811751e-01,2.128816959072793724e-01,4.130055401785089897e-01,-2.206620186927781835e-01,-5.061706443118330068e-02,-1.530008723139160975e-01,4.184347495157756391e-01,2.783862524807190764e-01,5.167963104899451210e-01,4.877987129955371065e-02,-5.152757011906140550e-01,5.191461987651100340e-01,2.679949445157598364e-01,2.134946130443856893e-01,5.511817969000448736e-01,4.589330066871528668e-01,2.188856386301439930e-02,-2.193451052036501370e-01,1.909272978561342982e-01,-9.090506288883802577e-02,1.377643751962543406e-01,5.272368640190392419e-01,4.934924157262030042e-01,7.590535764732724289e-01,4.788024285961467452e-02,3.618580991242687506e-01,1.000000000000000000e+00,5.566356997259940265e-01,2.819510278519494761e-01,1.185158807328742792e-01,3.384919669211769455e-01,3.775054063655260972e-01,5.879356939512970781e-01,6.426650898606600659e-02,-5.553936304296825527e-02,6.711534539969276070e-01,6.997325569541154588e-02
8.804023346033130748e-01,8.096814975148983740e-01,6.957072481638173489e-01,4.351454243298196189e-01,6.402546758970676377e-01,-2.307078010038535534e-02,2.149245321799981567e-01,-4.709889422487110178e-01,8.235231487341385659e-01,7.946103820641510218e-01,5.185008932375577695e-01,5.116985531301767587e-01,-5.478790448919232947e-01,7.096104432615220059e-01,5.437287602798420716e-01,7.290820165611788806e-01,5.734256943978031096e-01,5.863302481409133904e-01,1.921371357501687749e-01,2.914417048673711638e-02,4.627418526446759328e-01,3.059189478472357226e-01,6.722475544366998124e-01,6.346305213392161582e-01,7.168702101289673445e-01,7.647092417259638841e-01,5.936074081383911905e-01,6.811710620766371349e-01,5.566356997259940265e-01,1.000000000000000000e+00,4.710890461902934034e-01,4.732337925120463362e-01,5.750454464750244243e-01,7.077947187384353578e-01,4.926902902450799350e-03,5.103731580111462440e-01,-9.139239043507574323e-02,6.842231950930148798e-01,6.450406880387435926e-01
4.167912521757253796e-01,5.234662262519348408e-01,5.722245834842502044e-01,-1.637605947214011010e-02,6.939275938368194563e-01,3.477237431728176786e-01,1.316622360524597746e-01,-5.063121765520870454e-01,5.164142732542330583e-01,3.956053698954293818e-01,5.041041746318410954e-01,2.116199808427329243e-01,-6.256124618829116413e-01,7.318252970046856820e-01,1.058690528177357731e-01,4.097384065272819398e-01,4.509651915627148622e-01,4.056245323958322657e-02,-4.096546268642744376e-02,-2.059775797457660262e-01,2.652625195939839475e-01,7.032684875604627633e-04,4.278731672617055448e-01,5.500615969092553792e-01,5.413268687495980114e-01,4.280628159856739168e-01,5.390721726076522780e-01,4.460575110736998417e-01,2.819510278519494761e-01,4.710890461902934034e-01,1.000000000000000000e+00,3.956886816858660727e-01,5.852304412753590590e-01,6.404987322262060134e-01,1.202975607428335564e-01,4.457448133132868584e-01,2.529332506482278586e-01,2.728266427817148676e-01,3.906293586774575166e-01
4.927464001913421376e-01,5.847160093115610913e-01,4.790577525900129308e-01,4.089953649244227329e-01,3.378648451884646020e-01,5.488384396035668189e-01,2.591535433142923561e-01,-5.160577900729990120e-01,5.391556985659288204e-01,6.484604417275817712e-01,6.543394405279440162e-01,6.178978294099127799e-01,-1.551787344400659130e-01,5.512246715600612745e-01,5.289022742870150839e-01,6.953704169595141815e-01,6.481930698939306623e-01,3.336718674432899157e-01,3.770737105475462370e-01,2.930382778950466061e-01,3.528381509071662481e-01,3.477309128281134143e-01,7.724142631826620420e-01,6.027497310244818163e-01,4.835444699040895022e-01,3.590875957858736256e-01,7.824738120627687810e-01,6.021088020843053945e-01,1.185158807328742792e-01,4.732337925120463362e-01,3.956886816858660727e-01,1.000000000000000000e+00,6.228200148053324448e-01,4.495523899597083095e-01,-2.697216737664665520e-01,6.227098921993786673e-01,4.090789332356153385e-01,3.056922549773330444e-01,7.141305918874450986e-01
6.503808018839242200e-01,6.510343871105679359e-01,7.131639600992880634e-01,4.897937174135783001e-01,5.252743717406134216e-01,3.051379421859964913e-01,1.703606229292299046e-01,-4.801903453916772091e-01,6.240508911487164800e-01,6.733749963440975872e-01,5.308533715930486840e-01,6.583017525001982895e-01,-4.304482310202483175e-01,7.081962427723227371e-01,6.601514102682021212e-01,6.953254871437094531e-01,6.347979330910077378e-01,4.655554660718735360e-01,3.442014414812855083e-01,2.573067059159759445e-02,3.109274782939633330e-01,4.005006026818614950e-01,6.774226539317946827e-01,5.537919592342845920e-01,4.711464206044381764e-01,6.537969950883990577e-01,6.966771995757795599e-01,7.639818413550909515e-01,3.384919669211769455e-01,5.750454464750244243e-01,5.852304412753590590e-01,6.228200148053324448e-01,1.000000000000000000e+00,7.219795653813372294e-01,-1.629679703999984131e-01,7.215290828041752702e-01,-5.137574731074873863e-02,5.960560916830311973e-01,6.718334574246396240e-01
6.905148112048689057e-01,6.620147567578585912e-01,7.631342855430821581e-01,4.960550002388532942e-01,7.952548813910971237e-01,2.511587933898608294e-02,2.034028277858680456e-01,-5.896919397731003043e-01,8.575017982261585736e-01,6.956580874089680622e-01,4.525954749110689401e-01,6.486622451087480368e-01,-6.095456458321312221e-01,7.811379410645485910e-01,5.671778608257835863e-01,6.787009924705225128e-01,5.302605718362845000e-01,5.456083818122112739e-01,2.739096301486405594e-01,-8.416831877631320014e-02,4.314283568939700220e-01,2.265626233617260010e-01,6.295510122019326582e-01,4.878718537540351341e-01,5.469914529955358651e-01,6.812463408421872701e-01,6.081050273498261882e-01,7.218664953417570640e-01,3.775054063655260972e-01,7.077947187384353578e-01,6.404987322262060134e-01,4.495523899597083095e-01,7.219795653813372294e-01,1.000000000000000000e+00,-1.523128967221167862e-01,5.728722602516499451e-01,-1.781893148550196815e-01,6.579125074201939150e-01,7.315968255382871988e-01
-3.886825633640809963e-02,-8.268171559197663723e-02,-6.385598449100843288e-02,-3.314121389250812566e-01,7.320546937453129011e-02,-1.624735520162924607e-01,-1.094102403299038462e-01,2.238898008505047776e-01,-1.605472707400059373e-01,-3.029948407471546590e-01,1.986366092906176328e-01,-5.203537593806247807e-01,-3.333094525118164286e-01,7.711127281919535892e-02,-3.784194425731985945e-01,-3.600286554687317508e-01,1.578676687830367076e-01,-1.168840441543887027e-01,-3.933386871064205592e-01,-3.228584691734643353e-01,-1.440691219740672935e-01,-4.511129960144859008e-01,-3.789302074221247429e-01,1.808458155042586835e-01,9.074346615217192269e-02,1.834161508882483915e-01,-3.683116950104829423e-01,-2.013658224115449369e-01,5.879356939512970781e-01,4.926902902450799350e-03,1.202975607428335564e-01,-2.697216737664665520e-01,-1.629679703999984131e-01,-1.523128967221167862e-01,1.000000000000000000e+00,-3.431517420924314332e-01,2.267063149671245670e-01,6.419984702025965939e-02,-4.762289624438034163e-01
5.774967299214244232e-01,6.126024696553664661e-01,4.923556563850128298e-01,4.060964395818639217e-01,3.559377497974191007e-01,3.825887256077195597e-01,2.113872652285356812e-01,-4.914676500485445354e-01,5.469292613507288348e-01,6.896145222795692087e-01,3.045574697558013355e-01,6.589989115287008259e-01,-2.346115278705118157e-01,5.410977617469663326e-01,5.435433251765335871e-01,7.237817981165055592e-01,4.536265729242062728e-01,1.946327676587067956e-01,1.799365733661691114e-01,1.946299030044632283e-01,2.657879003490082326e-01,4.125569970088909799e-01,7.422791130388410874e-01,4.245454368534674061e-01,4.751518646253112266e-01,3.775213879735959122e-01,7.286399631650697373e-01,6.216577740402700059e-01,6.426650898606600659e-02,5.103731580111462440e-01,4.457448133132868584e-01,6.227098921993786673e-01,7.215290828041752702e-01,5.728722602516499451e-01,-3.431517420924314332e-01,1.000000000000000000e+00,8.403615334889942556e-02,3.623240674884952717e-01,6.992337668399897233e-01
-1.205216478533113061e-01,7.377951167941519672e-02,-2.072321701967018426e-01,-4.502697840387129835e-01,-9.685605978624951817e-03,5.443053007252042219e-01,-8.732119491701308134e-02,-1.190112976502385456e-01,-6.869656556779007994e-02,-9.572886911295798440e-02,3.474400042595508498e-01,-2.784318144163993591e-01,5.895268655845551514e-02,1.424724787494674461e-01,-3.676788210817099056e-01,7.206859133841300377e-03,1.263520834796755810e-01,-4.262458146870465869e-01,-2.475788363622416499e-01,1.393186418847084940e-01,-1.669510656918031521e-01,-2.740629864705214636e-01,8.253458241294975295e-02,3.057752107479360659e-01,2.084220273028452586e-01,-2.304855888586710977e-01,1.417537457817699131e-01,-1.938091825566570503e-01,-5.553936304296825527e-02,-9.139239043507574323e-02,2.529332506482278586e-01,4.090789332356153385e-01,-5.137574731074873863e-02,-1.781893148550196815e-01,2.267063149671245670e-01,8.403615334889942556e-02,1.000000000000000000e+00,-3.834641406550606257e-01,-7.357059183196705543e-02
6.431372547319483823e-01,4.898054253487940102e-01,7.424939663008880419e-01,6.786991900287709933e-01,5.525034707309183224e-01,-1.793926485323666942e-01,2.744859081177116189e-01,-3.393789817336651526e-01,6.387827634286710188e-01,5.529885189365272291e-01,4.935656504996931981e-01,5.457221346756087055e-01,-4.406754250051043154e-01,5.382109109819632753e-01,7.386110797387320792e-01,4.896495396487847707e-01,6.153219288580059620e-01,7.695987766071329395e-01,3.315046883145904566e-01,-2.517949109098719870e-03,4.661185362188868808e-01,2.777069307519462460e-01,4.204232985214900742e-01,4.393150598548679064e-01,4.311386493028053768e-01,8.856205530415941496e-01,3.643552978446478186e-01,7.544524123874776222e-01,6.711534539969276070e-01,6.842231950930148798e-01,2.728266427817148676e-01,3.056922549773330444e-01,5.960560916830311973e-01,6.579125074201939150e-01,6.419984702025965939e-02,3.623240674884952717e-01,-3.834641406550606257e-01,1.000000000000000000e+00,5.128049197657863489e-01
6.323312127719223907e-01,6.661913792346021435e-01,6.372252616448977891e-01,6.120239476437090431e-01,5.091529567946810886e-01,2.257594396253501390e-01,3.471066367923679175e-01,-6.033521768026820498e-01,7.690353872319971584e-01,7.918421299241615863e-01,4.020049985857482855e-01,8.285464322730168307e-01,-2.804897867620073093e-01,5.967467624256433956e-01,7.005718128435037828e-01,7.981859861884947893e-01,5.436936971069481483e-01,5.287571873871990125e-01,4.212400346766605463e-01,1.962937756221243002e-01,4.830142418132120086e-01,5.019073680474066546e-01,8.330691720061511596e-01,4.272974590858194532e-01,4.823724612595335914e-01,4.685033437444896531e-01,8.321201903133994549e-01,7.346073340828858100e-01,6.997325569541154588e-02,6.450406880387435926e-01,3.906293586774575166e-01,7.141305918874450986e-01,6.718334574246396240e-01,7.315968255382871988e-01,-4.762289624438034163e-01,6.992337668399897233e-01,-7.357059183196705543e-02,5.128049197657863489e-01,1.000000000000000000e+00
