1.000000000000000000e+00,9.506484623073054030e-03,4.944633791764774244e-01,1.289701868452792777e-01,7.680996252252676737e-02,-5.822826429455186803e-01,1.139113303635779229e-01,-3.753313749198258220e-01,3.637780971889286175e-01,5.164452948613885985e-02,6.707196740396420553e-01,-3.007220160039335566e-01,4.296495048740826550e-01,4.949639807720983553e-01,7.602457445785116841e-01,5.043668339888630614e-01,2.969587602939843252e-01,4.288888142497429001e-01,-9.748628391760123107e-03,5.151929732115163585e-01,5.551009518806617610e-02,3.631166778430536257e-01,-1.094271026924115570e-01,-4.216369620266612883e-01,-4.683038989252382156e-01,8.230541797466052190e-01,-7.100719923296088254e-01,7.705721246938568303e-01,7.544279467311066911e-01,7.237377026292405313e-01,-4.350257012417454439e-01,-6.449898859546437935e-01,5.049367718484281120e-01,2.246595137065250658e-01,4.998346760191895721e-01,1.658617773292467568e-01,-3.937726266859790103e-01,7.795701015595163375e-01,-1.954309061007894754e-01
9.506484623073054030e-03,1.000000000000000000e+00,-8.014781751366699403e-02,1.504492527343376240e-01,3.097253979683734643e-03,9.907525216392232270e-02,-2.273553982525376022e-02,6.532107653962354599e-02,2.610781687109480220e-01,3.996174499973092487e-01,-2.243745436595322440e-01,5.474531588860485909e-02,-1.069268851501358059e-01,-3.096167471984347802e-02,-2.666447445209200184e-01,1.425414459611104301e-01,3.044672042088142350e-01,1.428263450985730980e-02,8.378375831799093551e-03,-8.717498246247125382e-02,1.330327636346211595e-01,2.284849932300659081e-01,2.831016317786981817e-01,1.563897786134240131e-01,3.024672087115740648e-01,-1.043898551621972315e-01,2.736675222721774436e-01,-4.406147918180378792e-02,-5.162634145003303088e-02,-2.106453914615391901e-02,3.005927102660740369e-01,3.548176713966661455e-01,-7.293289908008414313e-02,9.887649594434089195e-02,-1.608791563127098256e-01,5.374327657170151901e-02,3.252072584632084706e-01,-1.204732593078373382e-01,2.979669482843719241e-01
4.944633791764774244e-01,-8.014781751366699403e-02,1.000000000000000000e+00,4.756004273918691960e-01,5.016471328626486148e-01,-6.545279621379024304e-01,5.995710264443675219e-02,-8.707338720416657463e-01,5.860107674473692407e-01,2.080920582188746093e-01,3.973356161498730055e-01,1.715380485377347997e-01,1.658433752466609845e-01,6.622137890573559504e-01,4.511559813823934340e-01,5.054660894584516173e-01,1.414356320714252047e-01,6.598161168490751516e-01,3.165786580540066453e-01,2.205463898889741814e-01,-7.478288097708434001e-02,2.258968407191822014e-01,6.458625624072419913e-02,-2.890989789874591209e-01,-3.427979137597327308e-01,5.506123606004383886e-01,-2.399832410226996338e-01,5.912655318720083653e-01,2.899424374804995264e-01,5.173422208368100295e-01,1.594348672333740780e-01,-3.291372796637260234e-01,5.306952637957635943e-01,6.305194255994881480e-01,3.308739283278485654e-01,4.919659917911435865e-01,-1.716068318096631573e-01,4.111828949448839698e-01,2.375985833657237867e-01
1.289701868452792777e-01,1.504492527343376240e-01,4.756004273918691960e-01,1.000000000000000000e+00,6.302528596733050215e-01,-2.412659192198199354e-01,2.279450320078114101e-01,-5.411714882517728586e-01,4.260949374989140281e-01,5.194424246968795122e-01,-4.085625559410516888e-02,5.125991662415212147e-02,-4.907365343738163965e-02,1.476051101392378273e-01,-1.101266310137161836e-01,4.354254189071439241e-01,-1.041697086293023045e-01,6.767821104298054058e-01,5.101660526781373051e-01,1.160352774977326112e-01,1.309973580469707133e-01,2.007801269062849392e-01,1.917343622407603754e-01,-1.004950044438656098e-01,7.829243895502367712e-02,1.395047690807159346e-01,1.073589302615457486e-01,1.655505499075410891e-01,-5.365455746097889250e-02,1.714516057157723927e-01,2.101731410414382772e-01,2.212409449316252857e-02,2.521781978132229263e-01,5.621655312364631785e-01,2.935510196402635330e-02,2.608250664073632485e-01,1.552404471154499588e-01,-1.767068033691593376e-01,7.687482452751803752e-02
7.680996252252676737e-02,3.097253979683734643e-03,5.016471328626486148e-01,6.302528596733050215e-01,1.000000000000000000e+00,-2.437468348741581303e-01,1.136532070489138929e-01,-5.905217880356089521e-01,5.763592704856734805e-01,4.741664700715223502e-01,3.377246617083098229e-02,1.176785062614034566e-01,-7.509064122250197482e-02,2.917491983092010965e-01,-4.019173582473201112e-02,3.914447655071920940e-01,-1.300195885872214643e-02,6.407815419506085464e-01,5.143749380365876256e-01,-1.765731609439645244e-01,-3.582002303137614418e-02,-1.410735500709950074e-01,2.538987399526826394e-01,-3.267304111198719024e-02,7.658200900096574781e-02,4.986173317903101754e-02,9.998759946395892328e-02,1.338594982778061881e-01,-1.610410545985589137e-01,1.869159610802293148e-01,3.234340539550785154e-01,-2.059367851903848301e-02,4.336987504233383306e-02,7.330604938286244820e-01,-1.785575017322906244e-01,3.854049050990862035e-01,-1.283243100001110228e-02,-1.581041022865937173e-01,1.518565118468602204e-01
-5.822826429455186803e-01,9.907525216392232270e-02,-6.545279621379024304e-01,-2.412659192198199354e-01,-2.437468348741581303e-01,1.000000000000000000e+00,5.247860149584777922e-02,5.256339886298352360e-01,-3.947571793763130499e-01,-1.347283568794922226e-01,-3.724499611234111107e-01,-9.141223764988702649e-02,-2.964819661703701481e-01,-4.931157706681704722e-01,-5.241021968906658390e-01,-5.044051796646930041e-01,3.372344647323134020e-02,-3.644035608080622990e-01,-5.089195712676734124e-02,-2.099382468035365934e-01,3.808648683525425738e-01,-3.522922715273027472e-01,2.617865176000363503e-01,6.590258447468986258e-01,7.324547368238586431e-01,-5.761700741941859771e-01,4.243421508941283560e-01,-5.276358222135272280e-01,-2.317683011344646160e-01,-4.665926702110206326e-01,8.509873584698141036e-02,6.317767557762826724e-01,-2.841912995937271313e-01,-4.301166019227973258e-01,-1.960199571614924530e-01,-2.321017992132541619e-01,5.418997259253446330e-01,-5.238666586064424369e-01,-1.710462126270871075e-01
1.139113303635779229e-01,-2.273553982525376022e-02,5.995710264443675219e-02,2.279450320078114101e-01,1.136532070489138929e-01,5.247860149584777922e-02,1.000000000000000000e+00,-9.443957774695781182e-02,9.810644497612534820e-03,1.100935121261748112e-01,6.480821265543813825e-02,-3.410582174139363820e-01,1.734505560128349611e-01,-4.010441986428759514e-02,4.337901520254239252e-02,2.412894300069897691e-01,3.595601876121808094e-02,1.511700248856557849e-01,9.984469981742578881e-02,2.628110136394236629e-01,2.048100930530385999e-01,1.078676859411835665e-01,-2.476940815246765279e-02,3.965148061059473733e-02,7.703165816137862165e-02,1.077405231230397220e-01,-1.454693211337851066e-01,9.239792731278168025e-02,1.485073043529070158e-01,1.402708411403200406e-01,-9.274229086892804563e-02,-7.261855326335253658e-02,1.056127663301626024e-01,-4.420438079933767389e-02,2.025529520535726824e-01,-8.389153131112279949e-02,1.713350812458197536e-02,-7.703553353778185009e-02,-2.886963545590309765e-01
-3.753313749198258220e-01,6.532107653962354599e-02,-8.707338720416657463e-01,-5.411714882517728586e-01,-5.905217880356089521e-01,5.256339886298352360e-01,-9.443957774695781182e-02,1.000000000000000000e+00,-5.590078135212273036e-01,-2.351605795916432429e-01,-2.934699463939802744e-01,-1.121981296046760668e-01,-6.178795886078531502e-02,-5.458745531231923298e-01,-3.057454408143798763e-01,-4.423805573453818973e-01,-4.960221394123592864e-02,-6.973013746387959344e-01,-3.693456530512969627e-01,-1.758897526436815628e-01,-3.004120706342492536e-02,-1.426635795731490131e-01,-8.157481570222753497e-02,2.055417267000304027e-01,1.996105044428722053e-01,-4.115442780621844654e-01,1.797926940344677926e-01,-5.081345442860190076e-01,-1.903497219028520704e-01,-4.113469253582280882e-01,-2.357132954388594381e-01,2.529716556455369747e-01,-4.180239441770792208e-01,-6.643679263940207580e-01,-1.971980524638660692e-01,-5.120882528948154100e-01,1.428436251644026600e-01,-2.526946745181473664e-01,-2.041857383522944491e-01
3.637780971889286175e-01,2.610781687109480220e-01,5.860107674473692407e-01,4.260949374989140281e-01,5.763592704856734805e-01,-3.947571793763130499e-01,9.810644497612534820e-03,-5.590078135212273036e-01,1.000000000000000000e+00,4.897640100507856808e-01,1.779853181812751373e-01,2.096752795273088832e-01,-3.736919787812077731e-02,4.613686128390954710e-01,1.919017629670567993e-01,5.203567842976055680e-01,2.708241831407937061e-01,4.465401610151363276e-01,3.139703030684921625e-01,-1.567128714134817177e-02,-4.905558359412826031e-02,7.718205302658918965e-02,3.485290947524078420e-01,-3.867924674014858871e-02,-1.509564316626409858e-02,3.253293893062518816e-01,4.269015142621052777e-02,3.781182879631395100e-01,6.600629791254072898e-02,4.099782491247844773e-01,3.552561888135574719e-01,-6.978818033508070451e-02,2.496739943353891711e-01,6.662229212109174181e-01,2.805616357790216911e-02,3.941971749608800812e-01,-1.094039876317475608e-03,2.397537890202974531e-01,3.947942689127086902e-01
5.164452948613885985e-02,3.996174499973092487e-01,2.080920582188746093e-01,5.194424246968795122e-01,4.741664700715223502e-01,-1.347283568794922226e-01,1.100935121261748112e-01,-2.351605795916432429e-01,4.897640100507856808e-01,1.000000000000000000e+00,-1.291458379380686083e-01,5.539735486280029236e-02,-1.571340666934548380e-01,7.727360801121174738e-02,-1.637872273655470723e-01,6.068858596766141256e-01,2.822860654517685489e-02,2.825887609247170751e-01,2.844087731044890321e-01,-1.007139463378618621e-01,1.371791467576096227e-02,1.515460404106640409e-02,3.644009137801172415e-01,8.248354594078938229e-03,1.474916179815986272e-01,3.926586751502453981e-02,1.886403057178830944e-01,5.755591600644657108e-02,-1.959429503707418585e-01,1.904209714544221332e-01,3.541890224161936551e-01,7.974730446363112457e-02,1.558893443005314738e-01,4.550257883329978381e-01,-7.812204150746267228e-02,3.082190475432026178e-01,1.395542389210247536e-01,-2.603497188940488982e-01,7.482468153202705141e-02
6.707196740396420553e-01,-2.243745436595322440e-01,3.973356161498730055e-01,-4.085625559410516888e-02,3.377246617083098229e-02,-3.724499611234111107e-01,6.480821265543813825e-02,-2.934699463939802744e-01,1.779853181812751373e-01,-1.291458379380686083e-01,1.000000000000000000e+00,-1.381827647091080913e-01,3.716721851302534629e-01,5.781871087429836242e-01,7.152009705772180981e-01,3.232410484726923050e-01,3.869289617896281563e-01,3.511427222974122797e-01,1.343265666403536604e-02,3.108553859055984137e-01,4.751973318847802809e-03,8.557552032435498945e-02,-2.066499495210671195e-02,-2.375857230337067028e-01,-3.555580873627761651e-01,6.504963786933137815e-01,-6.251731424172732865e-01,6.345768585665481076e-01,6.640451908214564103e-01,5.723720473411745280e-01,-3.583779475926947566e-01,-4.975921691788204315e-01,4.671433168338083863e-01,8.970112462561100064e-02,4.364081058011075043e-01,2.743072911813385084e-01,-3.259635250533219342e-01,6.825935197264545451e-01,-1.301626777661917811e-01
-3.007220160039335566e-01,5.474531588860485909e-02,1.715380485377347997e-01,5.125991662415212147e-02,1.176785062614034566e-01,-9.141223764988702649e-02,-3.410582174139363820e-01,-1.121981296046760668e-01,2.096752795273088832e-01,5.539735486280029236e-02,-1.381827647091080913e-01,1.000000000000000000e+00,-1.554785417081051280e-01,2.090465131076021943e-01,-3.655728979892416269e-02,-9.115421056300924973e-02,9.421625250574186539e-02,2.619479879631683369e-02,4.595482624940028793e-01,-3.633493541049961362e-01,-8.564127293915373140e-02,-1.613085176580717206e-01,3.713414867717251822e-01,5.988179758076552645e-02,-8.689163018805031932e-03,-3.255887935853866710e-01,4.393563795751191381e-01,-1.702553394462491820e-01,-4.134377771734863427e-01,-1.758329873411591249e-01,4.958929876189412389e-01,4.293797339603098173e-01,-5.735209821316442774e-02,3.326132083302245634e-01,-2.838882812164486569e-01,3.200397675348468640e-01,3.255126106323079638e-01,-1.053173632199216753e-01,7.082898169269945532e-01
4.296495048740826550e-01,-1.069268851501358059e-01,1.658433752466609845e-01,-4.907365343738163965e-02,-7.509064122250197482e-02,-2.964819661703701481e-01,1.734505560128349611e-01,-6.178795886078531502e-02,-3.736919787812077731e-02,-1.571340666934548380e-01,3.716721851302534629e-01,-1.554785417081051280e-01,1.000000000000000000e+00,1.795563519581347134e-01,4.762656856260173432e-01,1.585289514379701614e-01,8.685018942919182916e-02,1.322508464400053707e-01,-1.176065852535469920e-02,2.621781692383628459e-01,-1.668528598766368110e-01,1.875927049770533817e-01,-2.771266253618172581e-01,-3.793660520825902771e-01,-3.971425648816274134e-01,4.333533816895438484e-01,-5.174015653837257256e-01,2.427795351376666744e-01,4.699134445576563790e-01,3.739815967416896814e-01,-5.286797799497362504e-01,-4.479715507614316361e-01,2.583129720910079530e-01,-1.099003637035436409e-01,3.815671850559881895e-01,-1.250201484099084659e-01,-3.327097704496714825e-01,4.330502071747165949e-01,-1.826254144639231636e-01
4.949639807720983553e-01,-3.096167471984347802e-02,6.622137890573559504e-01,1.476051101392378273e-01,2.917491983092010965e-01,-4.931157706681704722e-01,-4.010441986428759514e-02,-5.458745531231923298e-01,4.613686128390954710e-01,7.727360801121174738e-02,5.781871087429836242e-01,2.090465131076021943e-01,1.795563519581347134e-01,1.000000000000000000e+00,5.710661522879546537e-01,4.664355629010689674e-01,4.182666968544253017e-01,4.656161465598616100e-01,1.910274482457091916e-01,1.367546522309438517e-01,-1.187597252217224147e-01,1.723224456269658589e-01,2.020687585270127262e-01,-3.189934777949184064e-02,-2.649903076359849119e-01,5.681380229932033732e-01,-2.505566195885683967e-01,6.041254920551503149e-01,4.006907538344813835e-01,5.842925059813703914e-01,9.882860121581450719e-02,-2.370648314290505487e-01,4.470624572089214599e-01,4.338401672257988229e-01,3.424330953535139610e-01,5.694419425035334159e-01,-1.145450754652838632e-01,5.228592424179769882e-01,2.404289340868027980e-01
7.602457445785116841e-01,-2.666447445209200184e-01,4.511559813823934340e-01,-1.101266310137161836e-01,-4.019173582473201112e-02,-5.241021968906658390e-01,4.337901520254239252e-02,-3.057454408143798763e-01,1.919017629670567993e-01,-1.637872273655470723e-01,7.152009705772180981e-01,-3.655728979892416269e-02,4.762656856260173432e-01,5.710661522879546537e-01,1.000000000000000000e+00,3.579643681282303480e-01,2.312126033481199383e-01,3.233589306389039186e-01,9.818221691067420542e-02,4.342431274060948310e-01,3.791873324672970919e-02,1.641334789804875793e-01,-1.139318215025847958e-01,-3.600460787518613981e-01,-5.360202097280962752e-01,7.170072747199701668e-01,-7.140489495000900133e-01,6.874763802045453787e-01,7.020421716630224074e-01,6.653048682610909204e-01,-4.363756610526291491e-01,-5.791974653277746077e-01,4.816582795087203106e-01,1.717274623203582373e-01,5.149350173648860052e-01,2.279720438061211552e-01,-3.636859029152800793e-01,7.957964657448679535e-01,-1.501030598023821994e-01
5.043668339888630614e-01,1.425414459611104301e-01,5.054660894584516173e-01,4.354254189071439241e-01,3.914447655071920940e-01,-5.044051796646930041e-01,2.412894300069897691e-01,-4.423805573453818973e-01,5.203567842976055680e-01,6.068858596766141256e-01,3.232410484726923050e-01,-9.115421056300924973e-02,1.585289514379701614e-01,4.664355629010689674e-01,3.579643681282303480e-01,1.000000000000000000e+00,8.778302496147015466e-02,4.461060354339907996e-01,1.970281474746374828e-01,1.707741126683286481e-01,-4.997271618256252795e-02,2.344372334060567664e-01,1.177893322261958642e-01,-2.391305843822920663e-01,-2.529099096110689060e-01,5.372309853093120147e-01,-2.731716312037004712e-01,4.997939339486029975e-01,2.261693009458132786e-01,5.992116483901881452e-01,3.058028130729313968e-02,-3.789294192627374325e-01,3.602078354807139449e-01,4.879829768460229866e-01,2.568604589481569556e-01,3.399597101206349725e-01,-1.931503668371854221e-01,2.566876283229512223e-01,-5.064483810728562935e-02
2.969587602939843252e-01,3.044672042088142350e-01,1.414356320714252047e-01,-1.041697086293023045e-01,-1.300195885872214643e-02,3.372344647323134020e-02,3.595601876121808094e-02,-4.960221394123592864e-02,2.708241831407937061e-01,2.822860654517685489e-02,3.869289617896281563e-01,9.421625250574186539e-02,8.685018942919182916e-02,4.182666968544253017e-01,2.312126033481199383e-01,8.778302496147015466e-02,1.000000000000000000e+00,1.219851771160925524e-01,1.521631933902323555e-02,-4.087551245010862672e-02,8.773866707559430100e-02,4.886288779166952229e-02,4.658357049373650915e-01,2.009517319243633582e-01,1.124716797234247279e-01,1.744017439725987495e-01,-3.947169423965350699e-02,2.845843674739403917e-01,3.448110961991895929e-01,3.171378278163284326e-01,1.156142072021774519e-01,1.574658884379099844e-01,2.602448228881587000e-01,5.214181237820704473e-02,1.693337896232119943e-01,2.524543492784342424e-01,1.768737033072124432e-01,3.067121018662413157e-01,2.050879729031898913e-01
4.288888142497429001e-01,1.428263450985730980e-02,6.598161168490751516e-01,6.767821104298054058e-01,6.407815419506085464e-01,-3.644035608080622990e-01,1.511700248856557849e-01,-6.973013746387959344e-01,4.465401610151363276e-01,2.825887609247170751e-01,3.511427222974122797e-01,2.619479879631683369e-02,1.322508464400053707e-01,4.656161465598616100e-01,3.233589306389039186e-01,4.461060354339907996e-01,1.219851771160925524e-01,1.000000000000000000e+00,6.039462774187565053e-01,2.618272063835342944e-01,2.233524051672635402e-01,2.073271753966401676e-01,2.077973851616335688e-01,-1.556776792244105867e-01,-9.064968296226622035e-02,3.887484131239538065e-01,-2.441967798118865329e-01,4.712232526811496180e-01,2.977730545118953964e-01,4.332987114855678668e-01,2.958063340207786260e-02,-1.757086468695789327e-01,3.774917580373394754e-01,6.353938715692977190e-01,1.867014070048295671e-01,4.553018686336033904e-01,-3.695550150769450447e-03,2.132767020603742736e-01,3.020712601323249924e-02
-9.748628391760123107e-03,8.378375831799093551e-03,3.165786580540066453e-01,5.101660526781373051e-01,5.143749380365876256e-01,-5.089195712676734124e-02,9.984469981742578881e-02,-3.693456530512969627e-01,3.139703030684921625e-01,2.844087731044890321e-01,1.343265666403536604e-02,4.595482624940028793e-01,-1.176065852535469920e-02,1.910274482457091916e-01,9.818221691067420542e-02,1.970281474746374828e-01,1.521631933902323555e-02,6.039462774187565053e-01,1.000000000000000000e+00,-2.928497617846448700e-02,2.631162377731525726e-01,-6.897949177813939015e-02,3.957409499867060587e-01,2.531666305995437793e-02,9.226624919342524267e-02,-9.859465482990976970e-02,1.229813309865256804e-01,3.946581536792138911e-02,-1.195793934990261737e-01,1.089374202971436639e-01,2.272848480631690093e-01,2.267066142056847755e-01,8.348766094788258318e-02,5.187145761148821421e-01,-1.190794343039133230e-01,3.696223302141964373e-01,2.964470222983147107e-01,-1.199265209511896496e-01,2.704547631581704081e-01
5.151929732115163585e-01,-8.717498246247125382e-02,2.205463898889741814e-01,1.160352774977326112e-01,-1.765731609439645244e-01,-2.099382468035365934e-01,2.628110136394236629e-01,-1.758897526436815628e-01,-1.567128714134817177e-02,-1.007139463378618621e-01,3.108553859055984137e-01,-3.633493541049961362e-01,2.621781692383628459e-01,1.367546522309438517e-01,4.342431274060948310e-01,1.707741126683286481e-01,-4.087551245010862672e-02,2.618272063835342944e-01,-2.928497617846448700e-02,1.000000000000000000e+00,2.976143160895701190e-01,3.350020307002031794e-01,-1.770772438012127858e-01,-1.193863186128016757e-01,-1.285041086685183020e-01,5.116214413360802293e-01,-4.697318878560811095e-01,4.866702960707194325e-01,5.764620472849928401e-01,3.416027472435810841e-01,-4.435636065377526194e-01,-3.243140105089650782e-01,4.475622068315514013e-01,-6.373256345158238856e-02,4.938231963710899008e-01,1.308839664661366579e-02,-6.784718121498779786e-02,3.895904344210051051e-01,-3.435573216422723730e-01
5.551009518806617610e-02,1.330327636346211595e-01,-7.478288097708434001e-02,1.309973580469707133e-01,-3.582002303137614418e-02,3.808648683525425738e-01,2.048100930530385999e-01,-3.004120706342492536e-02,-4.905558359412826031e-02,1.371791467576096227e-02,4.751973318847802809e-03,-8.564127293915373140e-02,-1.668528598766368110e-01,-1.187597252217224147e-01,3.791873324672970919e-02,-4.997271618256252795e-02,8.773866707559430100e-02,2.233524051672635402e-01,2.631162377731525726e-01,2.976143160895701190e-01,1.000000000000000000e+00,7.940537182860464560e-02,3.030338178885024769e-01,3.935046593773594559e-01,4.667547586956647399e-01,-8.726508743692612535e-02,-1.616718346807442114e-02,1.874166041903695401e-01,1.983612752969667326e-01,4.425304400619555628e-02,-3.916941939836166529e-04,2.847769976778550816e-01,1.330949928530332504e-01,9.489838878446979487e-02,5.316403126237825155e-02,1.649220900568484638e-01,4.263365723081899428e-01,-4.944296985196242750e-02,-1.914475524812217222e-01
3.631166778430536257e-01,2.284849932300659081e-01,2.258968407191822014e-01,2.007801269062849392e-01,-1.410735500709950074e-01,-3.522922715273027472e-01,1.078676859411835665e-01,-1.426635795731490131e-01,7.718205302658918965e-02,1.515460404106640409e-02,8.557552032435498945e-02,-1.613085176580717206e-01,1.875927049770533817e-01,1.723224456269658589e-01,1.641334789804875793e-01,2.344372334060567664e-01,4.886288779166952229e-02,2.073271753966401676e-01,-6.897949177813939015e-02,3.350020307002031794e-01,7.940537182860464560e-02,1.000000000000000000e+00,-1.626836171390154129e-01,-1.952411753036135678e-01,-2.338248778940907047e-01,3.970376890001474091e-01,-1.472059017159671468e-01,3.606955994084924955e-01,2.975215166866739258e-01,2.764892882993322254e-01,-1.186200765693897069e-01,-2.244264354356116375e-01,2.191974017404309805e-01,2.403001965983564414e-02,3.466085304878950835e-01,-4.063332455365632756e-02,-4.780278505328179606e-02,3.187812641040496664e-01,1.549327816837823765e-02
-1.094271026924115570e-01,2.831016317786981817e-01,6.458625624072419913e-02,1.917343622407603754e-01,2.538987399526826394e-01,2.617865176000363503e-01,-2.476940815246765279e-02,-8.157481570222753497e-02,3.485290947524078420e-01,3.644009137801172415e-01,-2.066499495210671195e-02,3.713414867717251822e-01,-2.771266253618172581e-01,2.020687585270127262e-01,-1.139318215025847958e-01,1.177893322261958642e-01,4.658357049373650915e-01,2.077973851616335688e-01,3.957409499867060587e-01,-1.770772438012127858e-01,3.030338178885024769e-01,-1.626836171390154129e-01,1.000000000000000000e+00,4.787890316999319773e-01,5.018079289252125319e-01,-2.111159659688853496e-01,3.858739566723681236e-01,7.307694553236794045e-03,-1.501423989538908377e-01,6.101057014055757954e-02,4.303185710736042724e-01,5.302843771965993769e-01,9.228301754956259872e-02,2.811834540233077995e-01,-1.030308501238197255e-01,3.956385472972676620e-01,5.574639775671942354e-01,-1.776278665339900975e-01,2.731722702917778745e-01
-4.216369620266612883e-01,1.563897786134240131e-01,-2.890989789874591209e-01,-1.004950044438656098e-01,-3.267304111198719024e-02,6.590258447468986258e-01,3.965148061059473733e-02,2.055417267000304027e-01,-3.867924674014858871e-02,8.248354594078938229e-03,-2.375857230337067028e-01,5.988179758076552645e-02,-3.793660520825902771e-01,-3.189934777949184064e-02,-3.600460787518613981e-01,-2.391305843822920663e-01,2.009517319243633582e-01,-1.556776792244105867e-01,2.531666305995437793e-02,-1.193863186128016757e-01,3.935046593773594559e-01,-1.952411753036135678e-01,4.787890316999319773e-01,1.000000000000000000e+00,7.717609638781932624e-01,-3.500436649829398172e-01,4.943245536106275484e-01,-2.204466728438292389e-01,-1.477246170708655937e-01,-2.147432196385067049e-01,3.176772182897001362e-01,6.272566972462396695e-01,-9.203479956491870950e-02,-9.069516306367587932e-02,-6.271618455744062959e-02,1.652852846694422839e-01,5.723350401326605663e-01,-3.723368876704408748e-01,3.737943633537379323e-02
-4.683038989252382156e-01,3.024672087115740648e-01,-3.427979137597327308e-01,7.829243895502367712e-02,7.658200900096574781e-02,7.324547368238586431e-01,7.703165816137862165e-02,1.996105044428722053e-01,-1.509564316626409858e-02,1.474916179815986272e-01,-3.555580873627761651e-01,-8.689163018805031932e-03,-3.971425648816274134e-01,-2.649903076359849119e-01,-5.360202097280962752e-01,-2.529099096110689060e-01,1.124716797234247279e-01,-9.064968296226622035e-02,9.226624919342524267e-02,-1.285041086685183020e-01,4.667547586956647399e-01,-2.338248778940907047e-01,5.018079289252125319e-01,7.717609638781932624e-01,1.000000000000000000e+00,-4.683536157322379934e-01,5.384924256473244686e-01,-3.351817757978833856e-01,-2.452164891120518220e-01,-3.205456306920149712e-01,3.038364481860456046e-01,6.856278416287180377e-01,-1.518893169369117668e-01,-5.578460679190803961e-02,-1.733799362589542870e-01,5.067179742055508140e-02,6.490006261348856276e-01,-5.381255757053455824e-01,1.353364651452401007e-02
8.230541797466052190e-01,-1.043898551621972315e-01,5.506123606004383886e-01,1.395047690807159346e-01,4.986173317903101754e-02,-5.761700741941859771e-01,1.077405231230397220e-01,-4.115442780621844654e-01,3.253293893062518816e-01,3.926586751502453981e-02,6.504963786933137815e-01,-3.255887935853866710e-01,4.333533816895438484e-01,5.681380229932033732e-01,7.170072747199701668e-01,5.372309853093120147e-01,1.744017439725987495e-01,3.887484131239538065e-01,-9.859465482990976970e-02,5.116214413360802293e-01,-8.726508743692612535e-02,3.970376890001474091e-01,-2.111159659688853496e-01,-3.500436649829398172e-01,-4.683536157322379934e-01,1.000000000000000000e+00,-6.430216417313878718e-01,7.419497956225964419e-01,7.516609019608996300e-01,7.359425425573603574e-01,-4.206973578450523554e-01,-6.647875875823360259e-01,6.051413501368229086e-01,1.671263604339203179e-01,6.603927692681690331e-01,1.522237274727054335e-01,-3.886230991994657491e-01,7.410886935600411451e-01,-2.368273979575780119e-01
-7.100719923296088254e-01,2.736675222721774436e-01,-2.399832410226996338e-01,1.073589302615457486e-01,9.998759946395892328e-02,4.243421508941283560e-01,-1.454693211337851066e-01,1.797926940344677926e-01,4.269015142621052777e-02,1.886403057178830944e-01,-6.251731424172732865e-01,4.393563795751191381e-01,-5.174015653837257256e-01,-2.505566195885683967e-01,-7.140489495000900133e-01,-2.731716312037004712e-01,-3.947169423965350699e-02,-2.441967798118865329e-01,1.229813309865256804e-01,-4.697318878560811095e-01,-1.616718346807442114e-02,-1.472059017159671468e-01,3.858739566723681236e-01,4.943245536106275484e-01,5.384924256473244686e-01,-6.430216417313878718e-01,1.000000000000000000e+00,-5.112730373029646946e-01,-7.090540662704362118e-01,-5.236015222154397630e-01,6.177404965798979353e-01,7.694474549889939174e-01,-3.318007701627981310e-01,2.761598968436886417e-02,-4.618770532848038290e-01,-3.811534351025649275e-02,5.991765821701418027e-01,-6.491635171834624352e-01,4.352621889825723511e-01
7.705721246938568303e-01,-4.406147918180378792e-02,5.912655318720083653e-01,1.655505499075410891e-01,1.338594982778061881e-01,-5.276358222135272280e-01,9.239792731278168025e-02,-5.081345442860190076e-01,3.781182879631395100e-01,5.755591600644657108e-02,6.345768585665481076e-01,-1.702553394462491820e-01,2.427795351376666744e-01,6.041254920551503149e-01,6.874763802045453787e-01,4.997939339486029975e-01,2.845843674739403917e-01,4.712232526811496180e-01,3.946581536792138911e-02,4.866702960707194325e-01,1.874166041903695401e-01,3.606955994084924955e-01,7.307694553236794045e-03,-2.204466728438292389e-01,-3.351817757978833856e-01,7.419497956225964419e-01,-5.112730373029646946e-01,1.000000000000000000e+00,6.295266894395783464e-01,6.845778136566617045e-01,-1.895458546537820976e-01,-4.755188996122435841e-01,5.750322780960346325e-01,3.562180805794063487e-01,4.448849622199620990e-01,3.587276124868463145e-01,-2.087133706954419077e-01,6.688689824873653711e-01,-1.225117402873026756e-01
7.544279467311066911e-01,-5.162634145003303088e-02,2.899424374804995264e-01,-5.365455746097889250e-02,-1.610410545985589137e-01,-2.317683011344646160e-01,1.485073043529070158e-01,-1.903497219028520704e-01,6.600629791254072898e-02,-1.959429503707418585e-01,6.640451908214564103e-01,-4.134377771734863427e-01,4.699134445576563790e-01,4.006907538344813835e-01,7.020421716630224074e-01,2.261693009458132786e-01,3.448110961991895929e-01,2.977730545118953964e-01,-1.195793934990261737e-01,5.764620472849928401e-01,1.983612752969667326e-01,2.975215166866739258e-01,-1.501423989538908377e-01,-1.477246170708655937e-01,-2.452164891120518220e-01,7.516609019608996300e-01,-7.090540662704362118e-01,6.295266894395783464e-01,1.000000000000000000e+00,6.151427371712314685e-01,-5.641747455309262804e-01,-4.816357952277853793e-01,5.702305699043449527e-01,-6.141977704247073705e-02,6.759228407077376710e-01,7.408049339116196119e-02,-2.226014865896777106e-01,7.244756703858652447e-01,-3.430728383057750075e-01
7.237377026292405313e-01,-2.106453914615391901e-02,5.173422208368100295e-01,1.714516057157723927e-01,1.869159610802293148e-01,-4.665926702110206326e-01,1.402708411403200406e-01,-4.113469253582280882e-01,4.099782491247844773e-01,1.904209714544221332e-01,5.723720473411745280e-01,-1.758329873411591249e-01,3.739815967416896814e-01,5.842925059813703914e-01,6.653048682610909204e-01,5.992116483901881452e-01,3.171378278163284326e-01,4.332987114855678668e-01,1.089374202971436639e-01,3.416027472435810841e-01,4.425304400619555628e-02,2.764892882993322254e-01,6.101057014055757954e-02,-2.147432196385067049e-01,-3.205456306920149712e-01,7.359425425573603574e-01,-5.236015222154397630e-01,6.845778136566617045e-01,6.151427371712314685e-01,1.000000000000000000e+00,-2.781253173597675876e-01,-5.102983439219096473e-01,4.477075336637705294e-01,2.829691135275642644e-01,4.816179384419534970e-01,2.837890896986127731e-01,-2.934788377263073400e-01,6.195437458329413616e-01,-1.494307220491482291e-01
-4.350257012417454439e-01,3.005927102660740369e-01,1.594348672333740780e-01,2.101731410414382772e-01,3.234340539550785154e-01,8.509873584698141036e-02,-9.274229086892804563e-02,-2.357132954388594381e-01,3.552561888135574719e-01,3.541890224161936551e-01,-3.583779475926947566e-01,4.958929876189412389e-01,-5.286797799497362504e-01,9.882860121581450719e-02,-4.363756610526291491e-01,3.058028130729313968e-02,1.156142072021774519e-01,2.958063340207786260e-02,2.272848480631690093e-01,-4.435636065377526194e-01,-3.916941939836166529e-04,-1.186200765693897069e-01,4.303185710736042724e-01,3.176772182897001362e-01,3.038364481860456046e-01,-4.206973578450523554e-01,6.177404965798979353e-01,-1.895458546537820976e-01,-5.641747455309262804e-01,-2.781253173597675876e-01,1.000000000000000000e+00,5.154326232729564694e-01,-1.275736391783402757e-01,4.337582129981109036e-01,-3.975545699534561161e-01,3.698958546903794997e-01,3.415932625678669288e-01,-4.294742785176935973e-01,5.514078895746773457e-01
-6.449898859546437935e-01,3.548176713966661455e-01,-3.291372796637260234e-01,2.212409449316252857e-02,-2.059367851903848301e-02,6.317767557762826724e-01,-7.261855326335253658e-02,2.529716556455369747e-01,-6.978818033508070451e-02,7.974730446363112457e-02,-4.975921691788204315e-01,4.293797339603098173e-01,-4.479715507614316361e-01,-2.370648314290505487e-01,-5.791974653277746077e-01,-3.789294192627374325e-01,1.574658884379099844e-01,-1.757086468695789327e-01,2.267066142056847755e-01,-3.243140105089650782e-01,2.847769976778550816e-01,-2.244264354356116375e-01,5.302843771965993769e-01,6.272566972462396695e-01,6.856278416287180377e-01,-6.647875875823360259e-01,7.694474549889939174e-01,-4.755188996122435841e-01,-4.816357952277853793e-01,-5.102983439219096473e-01,5.154326232729564694e-01,1.000000000000000000e+00,-2.143372549786161652e-01,-4.865456944965267094e-02,-3.459428957030264429e-01,1.924687330457619527e-02,7.970886397604144413e-01,-5.715461507094609095e-01,3.623979642394364875e-01
5.049367718484281120e-01,-7.293289908008414313e-02,5.306952637957635943e-01,2.521781978132229263e-01,4.336987504233383306e-02,-2.841912995937271313e-01,1.056127663301626024e-01,-4.180239441770792208e-01,2.496739943353891711e-01,1.558893443005314738e-01,4.671433168338083863e-01,-5.735209821316442774e-02,2.583129720910079530e-01,4.470624572089214599e-01,4.816582795087203106e-01,3.602078354807139449e-01,2.602448228881587000e-01,3.774917580373394754e-01,8.348766094788258318e-02,4.475622068315514013e-01,1.330949928530332504e-01,2.191974017404309805e-01,9.228301754956259872e-02,-9.203479956491870950e-02,-1.518893169369117668e-01,6.051413501368229086e-01,-3.318007701627981310e-01,5.750322780960346325e-01,5.702305699043449527e-01,4.477075336637705294e-01,-1.275736391783402757e-01,-2.143372549786161652e-01,1.000000000000000000e+00,1.737187276841400119e-01,6.798639793577619939e-01,3.454675190691042785e-01,9.530071789243488301e-02,4.261579566845389855e-01,-1.271326893914291600e-01
2.246595137065250658e-01,9.887649594434089195e-02,6.305194255994881480e-01,5.621655312364631785e-01,7.330604938286244820e-01,-4.301166019227973258e-01,-4.420438079933767389e-02,-6.643679263940207580e-01,6.662229212109174181e-01,4.550257883329978381e-01,8.970112462561100064e-02,3.326132083302245634e-01,-1.099003637035436409e-01,4.338401672257988229e-01,1.717274623203582373e-01,4.879829768460229866e-01,5.214181237820704473e-02,6.353938715692977190e-01,5.187145761148821421e-01,-6.373256345158238856e-02,9.489838878446979487e-02,2.403001965983564414e-02,2.811834540233077995e-01,-9.069516306367587932e-02,-5.578460679190803961e-02,1.671263604339203179e-01,2.761598968436886417e-02,3.562180805794063487e-01,-6.141977704247073705e-02,2.829691135275642644e-01,4.337582129981109036e-01,-4.865456944965267094e-02,1.737187276841400119e-01,1.000000000000000000e+00,-1.001671544416029430e-01,5.425032595426666493e-01,-1.368385105693283553e-02,5.914100535467094882e-02,3.357314028023595243e-01
4.998346760191895721e-01,-1.608791563127098256e-01,3.308739283278485654e-01,2.935510196402635330e-02,-1.785575017322906244e-01,-1.960199571614924530e-01,2.025529520535726824e-01,-1.971980524638660692e-01,2.805616357790216911e-02,-7.812204150746267228e-02,4.364081058011075043e-01,-2.838882812164486569e-01,3.815671850559881895e-01,3.424330953535139610e-01,5.149350173648860052e-01,2.568604589481569556e-01,1.693337896232119943e-01,1.867014070048295671e-01,-1.190794343039133230e-01,4.938231963710899008e-01,5.316403126237825155e-02,3.466085304878950835e-01,-1.030308501238197255e-01,-6.271618455744062959e-02,-1.733799362589542870e-01,6.603927692681690331e-01,-4.618770532848038290e-01,4.448849622199620990e-01,6.759228407077376710e-01,4.816179384419534970e-01,-3.975545699534561161e-01,-3.459428957030264429e-01,6.798639793577619939e-01,-1.001671544416029430e-01,1.000000000000000000e+00,2.486986566366882964e-02,-3.178390313426360247e-02,4.826633380280218599e-01,-3.368928682237259387e-01
1.658617773292467568e-01,5.374327657170151901e-02,4.919659917911435865e-01,2.608250664073632485e-01,3.854049050990862035e-01,-2.321017992132541619e-01,-8.389153131112279949e-02,-5.120882528948154100e-01,3.941971749608800812e-01,3.082190475432026178e-01,2.743072911813385084e-01,3.200397675348468640e-01,-1.250201484099084659e-01,5.694419425035334159e-01,2.279720438061211552e-01,3.399597101206349725e-01,2.524543492784342424e-01,4.553018686336033904e-01,3.696223302141964373e-01,1.308839664661366579e-02,1.649220900568484638e-01,-4.063332455365632756e-02,3.956385472972676620e-01,1.652852846694422839e-01,5.067179742055508140e-02,1.522237274727054335e-01,-3.811534351025649275e-02,3.587276124868463145e-01,7.408049339116196119e-02,2.837890896986127731e-01,3.698958546903794997e-01,1.924687330457619527e-02,3.454675190691042785e-01,5.425032595426666493e-01,2.486986566366882964e-02,1.000000000000000000e+00,3.218456746909342109e-02,1.270312473143498655e-01,3.023837684073615306e-01
-3.937726266859790103e-01,3.252072584632084706e-01,-1.716068318096631573e-01,1.552404471154499588e-01,-1.283243100001110228e-02,5.418997259253446330e-01,1.713350812458197536e-02,1.428436251644026600e-01,-1.094039876317475608e-03,1.395542389210247536e-01,-3.259635250533219342e-01,3.255126106323079638e-01,-3.327097704496714825e-01,-1.145450754652838632e-01,-3.636859029152800793e-01,-1.931503668371854221e-01,1.768737033072124432e-01,-3.695550150769450447e-03,2.964470222983147107e-01,-6.784718121498779786e-02,4.263365723081899428e-01,-4.780278505328179606e-02,5.574639775671942354e-01,5.723350401326605663e-01,6.490006261348856276e-01,-3.886230991994657491e-01,5.991765821701418027e-01,-2.087133706954419077e-01,-2.226014865896777106e-01,-2.934788377263073400e-01,3.415932625678669288e-01,7.970886397604144413e-01,9.530071789243488301e-02,-1.368385105693283553e-02,-3.178390313426360247e-02,3.218456746909342109e-02,1.000000000000000000e+00,-3.972698563070558020e-01,1.764666098756096091e-01
7.795701015595163375e-01,-1.204732593078373382e-01,4.111828949448839698e-01,-1.767068033691593376e-01,-1.581041022865937173e-01,-5.238666586064424369e-01,-7.703553353778185009e-02,-2.526946745181473664e-01,2.397537890202974531e-01,-2.603497188940488982e-01,6.825935197264545451e-01,-1.053173632199216753e-01,4.330502071747165949e-01,5.228592424179769882e-01,7.957964657448679535e-01,2.566876283229512223e-01,3.067121018662413157e-01,2.132767020603742736e-01,-1.199265209511896496e-01,3.895904344210051051e-01,-4.944296985196242750e-02,3.187812641040496664e-01,-1.776278665339900975e-01,-3.723368876704408748e-01,-5.381255757053455824e-01,7.410886935600411451e-01,-6.491635171834624352e-01,6.688689824873653711e-01,7.244756703858652447e-01,6.195437458329413616e-01,-4.294742785176935973e-01,-5.715461507094609095e-01,4.261579566845389855e-01,5.914100535467094882e-02,4.826633380280218599e-01,1.270312473143498655e-01,-3.972698563070558020e-01,1.000000000000000000e+00,6.724815471680877822e-03
-1.954309061007894754e-01,2.979669482843719241e-01,2.375985833657237867e-01,7.687482452751803752e-02,1.518565118468602204e-01,-1.710462126270871075e-01,-2.886963545590309765e-01,-2.041857383522944491e-01,3.947942689127086902e-01,7.482468153202705141e-02,-1.301626777661917811e-01,7.082898169269945532e-01,-1.826254144639231636e-01,2.404289340868027980e-01,-1.501030598023821994e-01,-5.064483810728562935e-02,2.050879729031898913e-01,3.020712601323249924e-02,2.704547631581704081e-01,-3.435573216422723730e-01,-1.914475524812217222e-01,1.549327816837823765e-02,2.731722702917778745e-01,3.737943633537379323e-02,1.353364651452401007e-02,-2.368273979575780119e-01,4.352621889825723511e-01,-1.225117402873026756e-01,-3.430728383057750075e-01,-1.494307220491482291e-01,5.514078895746773457e-01,3.623979642394364875e-01,-1.271326893914291600e-01,3.357314028023595243e-01,-3.368928682237259387e-01,3.023837684073615306e-01,1.764666098756096091e-01,6.724815471680877822e-03,1.000000000000000000e+00
