1.000000000000000000e+00,6.989570526219432978e-01,4.079270669017442952e-01,-6.391566565822781598e-02,5.905765566963079305e-01,-7.928691992141384537e-02,-2.294405478342325180e-02,-2.946857915136612549e-01,6.354362540483443622e-01,5.965975563988130670e-01,-6.250611616352025335e-02,4.907134812992983708e-01,-1.007164539150056000e-02,3.026446259267021044e-01,5.293524808980015761e-01,6.541145820673314182e-01,-6.495710974292494277e-02,4.305588416193942836e-01,3.625210896790079240e-01,2.858739407652256537e-01,2.631007624525299460e-01,3.077496758572812463e-01,5.529100314024801843e-01,6.718471619174197496e-02,4.677931553693470690e-01,5.551255833382601201e-01,3.812356448936781161e-01,4.088087263494454837e-01,5.598842247412204598e-01,3.629281849078827560e-02,2.314315472266641194e-01,4.686159674040246692e-01,5.044983753137839422e-01,5.435687288102563075e-01,-8.908922650121752981e-04,1.962242303616515138e-01,5.791848091868069259e-01,6.971368651158966756e-01,6.360399743517289872e-01
6.989570526219432978e-01,1.000000000000000000e+00,3.186694568490365809e-01,-8.065805660271395394e-02,5.486751406857476310e-01,-3.183557936356171680e-01,-1.080321627102300616e-03,-2.292694446470364689e-01,7.061416586948343621e-01,8.029137441850952017e-01,-4.030150315054129018e-01,8.044657941274785395e-01,-3.139651586750139001e-01,5.980748889717615313e-01,6.364934196699212343e-01,7.938919657504595051e-01,-2.578194410196757991e-01,2.923417745192021799e-01,3.177120603642378249e-01,5.921995092717642351e-01,2.484296430215023332e-01,6.356089720703563817e-01,7.122663595526633751e-01,1.848707410112652993e-01,4.635219399889623504e-01,3.507388090207712028e-01,5.994258513195301896e-01,5.611525550107038240e-01,5.100036022274360148e-01,2.726129485108394479e-01,5.782979075180749717e-01,4.528788113166801188e-01,7.128403208416954628e-01,6.326291850111979143e-01,1.944654377262420852e-01,2.321932154735115439e-01,7.619837289625691623e-01,7.459090477542165143e-01,7.811663628177506480e-01
4.079270669017442952e-01,3.186694568490365809e-01,1.000000000000000000e+00,2.874378932504318418e-01,6.114831052322171612e-01,-8.227693251482794123e-02,4.110490413958044209e-02,-8.731554525613275386e-01,6.135529989276999885e-01,2.490223776119148413e-01,1.108104025302868723e-01,2.477478390218237070e-01,-1.165997805644304053e-01,3.590193169066664969e-01,3.599601114158507698e-01,2.750895773264771527e-01,1.059228825257454570e-01,6.307876154860037055e-01,4.730348579947815102e-01,-9.256136978193117704e-02,4.603704505908630673e-01,-1.268272880865027596e-01,3.696146749293543476e-01,1.108098054766286089e-01,4.559079408440419034e-01,6.400687293341197348e-01,3.395097702700977660e-01,4.996299763136159422e-01,4.288780166213486678e-01,3.320434775923208903e-01,3.932375251589952381e-01,3.165176782624365970e-01,4.696903920466224402e-01,7.047356359051591967e-01,-1.282973605306544640e-01,4.896448692298910332e-01,3.470512157038342371e-01,3.745086990691270379e-01,3.977184107372402910e-01
-6.391566565822781598e-02,-8.065805660271395394e-02,2.874378932504318418e-01,1.000000000000000000e+00,1.376722267743105410e-01,-1.688262277775231246e-01,4.469033967207456381e-01,-2.565037010868434497e-01,2.992863832542268579e-02,-1.589495443773762950e-01,1.953672344010104756e-01,-8.455417237150852916e-02,7.648927534799938865e-02,2.980138486089694422e-02,-1.196606084690159666e-01,-1.389839461713094637e-01,1.224548988255066556e-01,2.927286482417172930e-01,1.846606261025633411e-01,-9.735326585000898814e-02,9.850707053998952745e-02,-1.965393387182455820e-01,-2.093785340997640632e-01,4.196297235028091654e-02,-1.564096322323941524e-01,2.759562197610267997e-01,1.772212513348818685e-01,4.121744137811728659e-01,1.811856975251914248e-01,2.259890279987896988e-01,3.753278650016194512e-02,-5.268610609911852233e-02,3.611826208584205389e-02,9.265686687243195052e-02,-1.536970993863142065e-01,2.865331310097247730e-01,-3.667020581762497899e-02,-1.604473960896277696e-01,-1.681207610242579920e-01
5.905765566963079305e-01,5.486751406857476310e-01,6.114831052322171612e-01,1.376722267743105410e-01,1.000000000000000000e+00,-2.289007820646260516e-01,-1.701191987486774249e-01,-4.178482478900802377e-01,6.501991406232889847e-01,5.576881374239653910e-01,-8.976083331343916172e-02,5.536379242236441067e-01,-2.380366093665327743e-03,3.440538860171987179e-01,6.631664931821019682e-01,5.357687125423127306e-01,-2.093058636608620751e-02,7.149770778060841048e-01,7.087755387675179763e-01,9.267297587421929883e-02,1.326616966112647011e-01,9.277197054804361964e-02,5.294503401505011864e-01,1.121047843410992589e-01,4.879540681190035478e-01,6.872070016673188508e-01,3.521215339201251293e-01,4.036531897534585411e-01,4.345300309325314525e-01,8.829622035240321243e-02,2.743178951422482470e-01,3.926620625075839532e-01,4.910925929294802650e-01,8.327923394181838690e-01,-1.149285984663932642e-01,1.242299352961614978e-01,5.032696887814120945e-01,6.846742256687516903e-01,6.574009436243724025e-01
-7.928691992141384537e-02,-3.183557936356171680e-01,-8.227693251482794123e-02,-1.688262277775231246e-01,-2.289007820646260516e-01,1.000000000000000000e+00,-2.721766680213690004e-02,7.575234450943876818e-02,-5.548747495900269860e-02,-2.185796698793502912e-01,1.044584062150744758e-01,-3.679053137060944723e-01,1.148959359914469985e-01,-2.648171367666412035e-01,-2.687275790478322324e-01,-2.816228532822151465e-01,1.664657019361794055e-02,-6.211736796337940375e-02,-1.385488312982752768e-01,-1.993933822833010572e-01,2.295092830437617595e-02,-3.269190057816392381e-01,-5.142423912062170366e-02,-4.296534923896788150e-01,2.272591610443777943e-01,-5.530517594158522454e-02,-1.705626037822674801e-01,-3.739737837330512904e-01,-2.522043827575402505e-02,-3.664031646138557474e-02,-2.758637435010306560e-01,-1.239856555590157505e-01,-2.156720945632585595e-01,-2.005947330834138564e-01,-5.312005855762007289e-02,3.264577088088355811e-02,-2.058831070721692524e-01,-2.588667847928093346e-01,-2.619185407224003947e-01
-2.294405478342325180e-02,-1.080321627102300616e-03,4.110490413958044209e-02,4.469033967207456381e-01,-1.701191987486774249e-01,-2.721766680213690004e-02,1.000000000000000000e+00,-9.118009506722610236e-02,5.300505359764493690e-02,-2.320255990887558697e-02,1.333307100770668996e-01,-7.733643917259488965e-02,-3.615568664247446884e-02,2.360499444078895948e-01,-2.299227741007527914e-01,-6.202306013090577545e-03,1.642219483910949129e-01,-5.496827236722152954e-02,-1.506143257691882065e-01,2.718143997127372979e-01,1.733527195249107145e-01,2.047523286491976791e-01,4.769620119397181141e-02,-1.133079717089474497e-01,-6.662025166202142912e-02,3.193002846251322135e-02,3.787187478744607483e-01,3.755738735953321195e-01,2.672453608884817755e-01,3.926041752390559969e-01,2.658506817033499670e-01,2.046967824273683012e-01,2.342311618171452337e-01,-1.312472649654121415e-01,2.179658134934237546e-01,3.163913431380991348e-01,1.301915532066604542e-01,-2.761578004412448828e-01,-2.991093631943127495e-01
-2.946857915136612549e-01,-2.292694446470364689e-01,-8.731554525613275386e-01,-2.565037010868434497e-01,-4.178482478900802377e-01,7.575234450943876818e-02,-9.118009506722610236e-02,1.000000000000000000e+00,-4.646176643154748542e-01,-1.197349258942242561e-01,-1.144691156023714129e-01,-1.340940905269928374e-01,1.221090518721412027e-01,-3.002092207855571182e-01,-1.922244587437345054e-01,-1.659677838590931376e-01,-6.960638133303274910e-02,-4.595715867603945015e-01,-2.827877755792264636e-01,1.567952500414394879e-01,-4.934703712265280373e-01,1.067824655125604039e-01,-2.849278828408459141e-01,-1.004346012203428395e-01,-3.561393855409229481e-01,-4.709416242391585294e-01,-2.666413040485228758e-01,-4.835890506624679341e-01,-3.026900366178099655e-01,-3.222690997964970938e-01,-3.527795049241914671e-01,-2.344749194978145712e-01,-3.619449873069336965e-01,-5.445042067918220985e-01,8.880240092395377816e-02,-5.046102244138028770e-01,-2.488782057114987956e-01,-2.444899422866985694e-01,-3.004209046847453046e-01
6.354362540483443622e-01,7.061416586948343621e-01,6.135529989276999885e-01,2.992863832542268579e-02,6.501991406232889847e-01,-5.548747495900269860e-02,5.300505359764493690e-02,-4.646176643154748542e-01,1.000000000000000000e+00,7.151129074523905338e-01,-2.711536996913573860e-01,6.028033683719699054e-01,-2.381506818476165355e-01,6.373810254717543478e-01,6.246425820382542904e-01,6.838451060268555537e-01,-2.235348736979138606e-01,6.130686777873337601e-01,5.752460526363913917e-01,4.608747070608818497e-01,3.948477566480841916e-01,3.557835242009413923e-01,7.588455740670407845e-01,1.112312297156292235e-01,6.679059445962957087e-01,6.392292508209167501e-01,6.850180544235973112e-01,5.084534126508855056e-01,5.460157888598503595e-01,4.279121100729855742e-01,5.230098589800764586e-01,4.033815734698891764e-01,7.443459118916749828e-01,8.065915356111473811e-01,3.141073190114190145e-02,4.888504536085535590e-01,6.274404919767033739e-01,5.948710822565105305e-01,5.977785684483928330e-01
5.965975563988130670e-01,8.029137441850952017e-01,2.490223776119148413e-01,-1.589495443773762950e-01,5.576881374239653910e-01,-2.185796698793502912e-01,-2.320255990887558697e-02,-1.197349258942242561e-01,7.151129074523905338e-01,1.000000000000000000e+00,-5.190281100064673137e-01,7.618300012268262034e-01,-2.721703026378690660e-01,6.399893645052053825e-01,6.766627464045555929e-01,8.836854504582367653e-01,-3.897609897927137856e-01,3.515541500056592605e-01,4.351762514399743487e-01,5.950418656880956947e-01,9.233181657936202769e-02,6.123277122045940324e-01,7.496751129416587833e-01,1.573609351686005853e-01,5.573221587972888580e-01,4.174140941779742597e-01,6.538586396672324552e-01,4.656603644892282068e-01,3.863058468449896421e-01,2.715595441621968531e-01,5.557484075248554367e-01,3.443655118006129778e-01,6.661017603756210770e-01,6.596684760371060996e-01,1.135059273170141436e-01,1.165774131191595758e-01,6.548300298545582931e-01,7.141180787257815910e-01,7.170266343924740493e-01
-6.250611616352025335e-02,-4.030150315054129018e-01,1.108104025302868723e-01,1.953672344010104756e-01,-8.976083331343916172e-02,1.044584062150744758e-01,1.333307100770668996e-01,-1.144691156023714129e-01,-2.711536996913573860e-01,-5.190281100064673137e-01,1.000000000000000000e+00,-4.621331234667043764e-01,2.802868231540173172e-01,-4.057717610916381501e-01,-2.012718576522048719e-01,-4.080056950802667393e-01,8.062407848106410979e-01,6.305584710675510296e-02,-8.081115932157910409e-02,-4.460674407881712877e-01,1.511327776200965534e-01,-4.928426756693969901e-01,-4.268168263803739371e-01,-1.384994977455482890e-01,-2.682985058197042139e-01,1.379258630022162646e-01,-4.300410330340600495e-01,-9.993107560410251222e-02,-1.118333801043621366e-02,-1.817134442025212793e-01,-4.128841692996409463e-01,3.357319052498855538e-01,-2.668768620476363873e-01,-2.284372255533206886e-01,-2.950658077397277229e-02,3.779454364463910587e-02,-2.134850694857338693e-01,-1.812079188821519304e-01,-2.580930894792416996e-01
4.907134812992983708e-01,8.044657941274785395e-01,2.477478390218237070e-01,-8.455417237150852916e-02,5.536379242236441067e-01,-3.679053137060944723e-01,-7.733643917259488965e-02,-1.340940905269928374e-01,6.028033683719699054e-01,7.618300012268262034e-01,-4.621331234667043764e-01,1.000000000000000000e+00,-3.206042313995593473e-01,6.058547050532904210e-01,7.801455043128679989e-01,7.085137757781306833e-01,-2.279297296785758875e-01,3.015657948006993938e-01,4.032648270627605114e-01,6.180674491352222688e-01,1.354724562289314205e-01,6.865584433552630594e-01,6.621835252895778012e-01,1.716638667529487017e-01,3.719298011937360871e-01,2.717498195339643763e-01,5.994966124928102769e-01,5.492205778882794931e-01,5.183711699240924897e-01,2.891126531868802307e-01,6.767684276031096235e-01,4.844115171365659389e-01,7.388065491583905020e-01,6.492096409643860477e-01,2.093929354761990824e-01,3.361867109921078817e-02,7.741481542142045758e-01,7.565622435110516131e-01,7.767226474131145864e-01
-1.007164539150056000e-02,-3.139651586750139001e-01,-1.165997805644304053e-01,7.648927534799938865e-02,-2.380366093665327743e-03,1.148959359914469985e-01,-3.615568664247446884e-02,1.221090518721412027e-01,-2.381506818476165355e-01,-2.721703026378690660e-01,2.802868231540173172e-01,-3.206042313995593473e-01,1.000000000000000000e+00,-3.530508279700840801e-01,-2.169168278600822064e-01,-2.436663785766891854e-01,2.287225424564600651e-01,4.369014610640701429e-02,-5.080865964257871847e-03,-3.616036860544722953e-01,-1.910768738309904513e-01,-3.747687478316865106e-01,-3.046715781682199364e-01,-1.688492423357267069e-02,-1.987094393348826371e-01,-1.101493014312129176e-02,-3.145005268075058980e-01,-3.573653065192593514e-01,-1.523453081961278766e-01,-3.255356588025820619e-01,-4.669859868924519652e-01,-1.433728096965588283e-01,-3.941189881708703213e-01,-1.524020832707254358e-01,-6.418083422413384254e-02,-1.894860453287953161e-01,-2.493356505086299080e-01,-1.590142534123395179e-01,-2.195091803777035888e-01
3.026446259267021044e-01,5.980748889717615313e-01,3.590193169066664969e-01,2.980138486089694422e-02,3.440538860171987179e-01,-2.648171367666412035e-01,2.360499444078895948e-01,-3.002092207855571182e-01,6.373810254717543478e-01,6.399893645052053825e-01,-4.057717610916381501e-01,6.058547050532904210e-01,-3.530508279700840801e-01,1.000000000000000000e+00,4.437634637400802440e-01,6.162116487230709927e-01,-2.914504765570943290e-01,3.145094567648211714e-01,3.042839418316789502e-01,6.333127679658008269e-01,3.362663602433730858e-01,5.468427816563614652e-01,6.954129260489584352e-01,3.525221673337420869e-01,4.963830465084264065e-01,2.656107665400015971e-01,6.807968102609945893e-01,4.651629594000852852e-01,4.334364375715909490e-01,4.868017929428976598e-01,7.302921748300958971e-01,3.012243512322591021e-01,7.527145573323408279e-01,5.432293607275301417e-01,3.301744539969866388e-01,4.588657111465209160e-01,6.333604584970057294e-01,3.527087586433925726e-01,4.038079071717648461e-01
5.293524808980015761e-01,6.364934196699212343e-01,3.599601114158507698e-01,-1.196606084690159666e-01,6.631664931821019682e-01,-2.687275790478322324e-01,-2.299227741007527914e-01,-1.922244587437345054e-01,6.246425820382542904e-01,6.766627464045555929e-01,-2.012718576522048719e-01,7.801455043128679989e-01,-2.169168278600822064e-01,4.437634637400802440e-01,1.000000000000000000e+00,6.672390232275744459e-01,-4.832172982685169205e-02,5.592560557485386497e-01,6.674059184985234872e-01,3.762740620590306895e-01,1.678760908614231051e-01,4.242197791014121200e-01,5.512652107266988732e-01,1.505688029022499708e-01,3.933275046952251497e-01,5.163079893834491285e-01,4.215651337583810609e-01,4.759169515075890033e-01,4.869019647404627116e-01,9.262454633540712079e-02,4.439720762820524858e-01,5.507397892155768693e-01,6.212151729619885820e-01,7.199371834919631175e-01,4.803649551285972541e-02,-7.485856580009377093e-02,6.586583076769244594e-01,8.094013750422656139e-01,7.577908674567291891e-01
6.541145820673314182e-01,7.938919657504595051e-01,2.750895773264771527e-01,-1.389839461713094637e-01,5.357687125423127306e-01,-2.816228532822151465e-01,-6.202306013090577545e-03,-1.659677838590931376e-01,6.838451060268555537e-01,8.836854504582367653e-01,-4.080056950802667393e-01,7.085137757781306833e-01,-2.436663785766891854e-01,6.162116487230709927e-01,6.672390232275744459e-01,1.000000000000000000e+00,-3.065483446733603401e-01,3.573385460436879768e-01,4.035213793242524716e-01,5.545382480023199889e-01,1.009055171288530811e-01,5.840712853659516535e-01,6.775431194184138306e-01,2.320544749964275622e-01,4.644451916374252032e-01,4.447865330146670848e-01,5.932118607240886021e-01,5.014061103561793242e-01,4.094684409125002311e-01,2.126908101667160100e-01,5.006421038396492440e-01,3.944486431802229354e-01,6.354995180525686571e-01,6.252467159211055892e-01,8.385008562053802850e-02,1.112594886228514823e-01,6.272049253302586225e-01,7.253272866741771185e-01,7.190915228826307848e-01
-6.495710974292494277e-02,-2.578194410196757991e-01,1.059228825257454570e-01,1.224548988255066556e-01,-2.093058636608620751e-02,1.664657019361794055e-02,1.642219483910949129e-01,-6.960638133303274910e-02,-2.235348736979138606e-01,-3.897609897927137856e-01,8.062407848106410979e-01,-2.279297296785758875e-01,2.287225424564600651e-01,-2.914504765570943290e-01,-4.832172982685169205e-02,-3.065483446733603401e-01,1.000000000000000000e+00,2.645338476203139277e-02,-6.279098666673049722e-02,-3.251855490288078632e-01,1.315764362654846253e-01,-3.721555681111816116e-01,-3.092964983371420673e-01,-5.374756743336344539e-02,-2.476318143368161917e-01,7.496119068209416980e-02,-3.566009467473026939e-01,-1.180778943902116226e-02,1.222575293791297868e-01,-1.026101214022411140e-01,-2.090260845899686581e-01,5.088378279098230150e-01,-1.143371127854935221e-01,-1.439950695793007773e-01,6.735763653211117308e-02,-1.284295579702267598e-01,-9.772021982064952456e-03,-2.963035677940744142e-02,-8.478967418416195889e-02
4.305588416193942836e-01,2.923417745192021799e-01,6.307876154860037055e-01,2.927286482417172930e-01,7.149770778060841048e-01,-6.211736796337940375e-02,-5.496827236722152954e-02,-4.595715867603945015e-01,6.130686777873337601e-01,3.515541500056592605e-01,6.305584710675510296e-02,3.015657948006993938e-01,4.369014610640701429e-02,3.145094567648211714e-01,5.592560557485386497e-01,3.573385460436879768e-01,2.645338476203139277e-02,1.000000000000000000e+00,8.477143309285173345e-01,2.892175617740924340e-02,2.725383762862648718e-01,-5.591590089833851918e-02,3.988849917249810417e-01,1.031985209205085602e-01,4.495091661290553930e-01,7.495174278442625626e-01,2.856831382727356705e-01,3.253294831490679551e-01,4.283442704010629876e-01,9.948154187723139141e-02,1.695471979039237798e-01,2.963873416117283055e-01,4.228598594447623427e-01,7.072093935503008799e-01,-1.183954019268327884e-01,2.200818789895913896e-01,3.657764558039090508e-01,4.353837621620515463e-01,3.950374995714375226e-01
3.625210896790079240e-01,3.177120603642378249e-01,4.730348579947815102e-01,1.846606261025633411e-01,7.087755387675179763e-01,-1.385488312982752768e-01,-1.506143257691882065e-01,-2.827877755792264636e-01,5.752460526363913917e-01,4.351762514399743487e-01,-8.081115932157910409e-02,4.032648270627605114e-01,-5.080865964257871847e-03,3.042839418316789502e-01,6.674059184985234872e-01,4.035213793242524716e-01,-6.279098666673049722e-02,8.477143309285173345e-01,1.000000000000000000e+00,8.645971374196372017e-02,1.686785867413211348e-01,2.294256857198314487e-02,4.204083626045556632e-01,8.211676933227021746e-02,4.332620175336651669e-01,6.910002039384567363e-01,3.298561472219396218e-01,2.905942453969451167e-01,3.007584960058602985e-01,5.575789105497123976e-02,1.559648941571407932e-01,2.526048299293789379e-01,4.088377680519494906e-01,7.028573225990732976e-01,-1.728666029979071539e-01,6.096471720722645982e-02,3.452532883749765968e-01,4.904468064143518435e-01,4.299727694343639106e-01
2.858739407652256537e-01,5.921995092717642351e-01,-9.256136978193117704e-02,-9.735326585000898814e-02,9.267297587421929883e-02,-1.993933822833010572e-01,2.718143997127372979e-01,1.567952500414394879e-01,4.608747070608818497e-01,5.950418656880956947e-01,-4.460674407881712877e-01,6.180674491352222688e-01,-3.616036860544722953e-01,6.333127679658008269e-01,3.762740620590306895e-01,5.545382480023199889e-01,-3.251855490288078632e-01,2.892175617740924340e-02,8.645971374196372017e-02,1.000000000000000000e+00,1.915580488258818159e-01,7.885168975854469631e-01,5.692229250554617925e-01,1.272291410130599321e-01,2.447661718089580163e-01,3.736828364466573960e-02,6.638398583371706296e-01,3.613243851764536552e-01,4.432412941962431407e-01,4.249608519945617391e-01,5.970549326671388268e-01,3.312722547719371691e-01,6.587907899343969920e-01,2.229057211307165776e-01,3.818982217561287529e-01,2.164078171085678792e-01,5.960984375016831205e-01,2.889117589813156028e-01,2.997997473918036504e-01
2.631007624525299460e-01,2.484296430215023332e-01,4.603704505908630673e-01,9.850707053998952745e-02,1.326616966112647011e-01,2.295092830437617595e-02,1.733527195249107145e-01,-4.934703712265280373e-01,3.948477566480841916e-01,9.233181657936202769e-02,1.511327776200965534e-01,1.354724562289314205e-01,-1.910768738309904513e-01,3.362663602433730858e-01,1.678760908614231051e-01,1.009055171288530811e-01,1.315764362654846253e-01,2.725383762862648718e-01,1.686785867413211348e-01,1.915580488258818159e-01,1.000000000000000000e+00,8.532781602066358273e-02,3.536106166307465548e-01,1.252473118825423448e-01,3.395675916541666117e-01,1.856268511914987984e-01,2.567399764515446714e-01,2.845182207973047106e-01,3.670900663920412810e-01,2.113650111067821302e-01,2.757364366348415974e-01,3.568598520732271240e-01,4.878362490421894737e-01,2.538667419526238200e-01,3.686470663810499371e-01,5.431635017484625072e-01,4.668477827075317443e-01,1.048037353838027486e-01,1.321817173508969823e-01
3.077496758572812463e-01,6.356089720703563817e-01,-1.268272880865027596e-01,-1.965393387182455820e-01,9.277197054804361964e-02,-3.269190057816392381e-01,2.047523286491976791e-01,1.067824655125604039e-01,3.557835242009413923e-01,6.123277122045940324e-01,-4.928426756693969901e-01,6.865584433552630594e-01,-3.747687478316865106e-01,5.468427816563614652e-01,4.242197791014121200e-01,5.840712853659516535e-01,-3.721555681111816116e-01,-5.591590089833851918e-02,2.294256857198314487e-02,7.885168975854469631e-01,8.532781602066358273e-02,1.000000000000000000e+00,4.977559437186144797e-01,1.336889128552763706e-01,1.258710003287980550e-01,-5.786281150800434703e-02,5.767437660114693720e-01,4.391000861234962138e-01,3.553753237951520760e-01,3.296894621869875253e-01,6.089104769032593900e-01,3.215301241402879207e-01,5.777544437045672998e-01,2.210957107100855190e-01,3.593128834207794942e-01,3.182711721102182700e-02,5.772561190713116908e-01,3.976339884589608631e-01,4.057846654445893542e-01
5.529100314024801843e-01,7.122663595526633751e-01,3.696146749293543476e-01,-2.093785340997640632e-01,5.294503401505011864e-01,-5.142423912062170366e-02,4.769620119397181141e-02,-2.849278828408459141e-01,7.588455740670407845e-01,7.496751129416587833e-01,-4.268168263803739371e-01,6.621835252895778012e-01,-3.046715781682199364e-01,6.954129260489584352e-01,5.512652107266988732e-01,6.775431194184138306e-01,-3.092964983371420673e-01,3.988849917249810417e-01,4.204083626045556632e-01,5.692229250554617925e-01,3.536106166307465548e-01,4.977559437186144797e-01,1.000000000000000000e+00,9.179937655243647354e-02,7.833390111402074307e-01,3.800821147225133534e-01,6.287749477562438738e-01,3.751260792456357351e-01,4.689506579718151769e-01,3.863209967226970409e-01,5.817000296501694256e-01,4.097131855263909661e-01,7.524743889617253600e-01,6.457675504498521235e-01,2.656573511539586652e-01,3.847487528058215478e-01,7.163602376068330946e-01,5.638520989226011304e-01,6.026515694606239260e-01
6.718471619174197496e-02,1.848707410112652993e-01,1.108098054766286089e-01,4.196297235028091654e-02,1.121047843410992589e-01,-4.296534923896788150e-01,-1.133079717089474497e-01,-1.004346012203428395e-01,1.112312297156292235e-01,1.573609351686005853e-01,-1.384994977455482890e-01,1.716638667529487017e-01,-1.688492423357267069e-02,3.525221673337420869e-01,1.505688029022499708e-01,2.320544749964275622e-01,-5.374756743336344539e-02,1.031985209205085602e-01,8.211676933227021746e-02,1.272291410130599321e-01,1.252473118825423448e-01,1.336889128552763706e-01,9.179937655243647354e-02,1.000000000000000000e+00,3.380948877866977835e-03,2.447326390367906765e-02,6.065148773263619869e-02,1.060731432087275022e-01,6.118623858788296843e-02,-4.366992654343416352e-02,1.727708430520206728e-01,-7.528099181632546578e-03,6.785790292077159558e-02,1.427775902715209266e-01,8.973174959847401988e-02,9.529911184718466155e-02,1.544274984121490057e-01,1.394466508543385497e-01,1.725772671420952864e-01
4.677931553693470690e-01,4.635219399889623504e-01,4.559079408440419034e-01,-1.564096322323941524e-01,4.879540681190035478e-01,2.272591610443777943e-01,-6.662025166202142912e-02,-3.561393855409229481e-01,6.679059445962957087e-01,5.573221587972888580e-01,-2.682985058197042139e-01,3.719298011937360871e-01,-1.987094393348826371e-01,4.963830465084264065e-01,3.933275046952251497e-01,4.644451916374252032e-01,-2.476318143368161917e-01,4.495091661290553930e-01,4.332620175336651669e-01,2.447661718089580163e-01,3.395675916541666117e-01,1.258710003287980550e-01,7.833390111402074307e-01,3.380948877866977835e-03,1.000000000000000000e+00,4.855690618957832494e-01,4.555631223566936061e-01,1.824035301089352301e-01,3.746224511066290064e-01,2.963291331201628465e-01,3.409677280567041113e-01,2.640386962853424890e-01,5.245192161914236095e-01,5.910655633409604981e-01,7.816502311233930467e-02,4.202270739578098935e-01,4.817162485198681621e-01,4.067488844616913291e-01,4.526580213290481436e-01
5.551255833382601201e-01,3.507388090207712028e-01,6.400687293341197348e-01,2.759562197610267997e-01,6.872070016673188508e-01,-5.530517594158522454e-02,3.193002846251322135e-02,-4.709416242391585294e-01,6.392292508209167501e-01,4.174140941779742597e-01,1.379258630022162646e-01,2.717498195339643763e-01,-1.101493014312129176e-02,2.656107665400015971e-01,5.163079893834491285e-01,4.447865330146670848e-01,7.496119068209416980e-02,7.495174278442625626e-01,6.910002039384567363e-01,3.736828364466573960e-02,1.856268511914987984e-01,-5.786281150800434703e-02,3.800821147225133534e-01,2.447326390367906765e-02,4.855690618957832494e-01,1.000000000000000000e+00,4.178959282305651501e-01,4.399804055422918969e-01,4.464510334991586560e-01,1.491526340484753688e-01,1.382845367563056704e-01,3.725645089749066718e-01,4.014951165342589556e-01,6.785153248343991361e-01,-3.511013313618377429e-01,2.511359526743083825e-01,2.997121678087407148e-01,4.880117404562384076e-01,4.404446206522575902e-01
3.812356448936781161e-01,5.994258513195301896e-01,3.395097702700977660e-01,1.772212513348818685e-01,3.521215339201251293e-01,-1.705626037822674801e-01,3.787187478744607483e-01,-2.666413040485228758e-01,6.850180544235973112e-01,6.538586396672324552e-01,-4.300410330340600495e-01,5.994966124928102769e-01,-3.145005268075058980e-01,6.807968102609945893e-01,4.215651337583810609e-01,5.932118607240886021e-01,-3.566009467473026939e-01,2.856831382727356705e-01,3.298561472219396218e-01,6.638398583371706296e-01,2.567399764515446714e-01,5.767437660114693720e-01,6.287749477562438738e-01,6.065148773263619869e-02,4.555631223566936061e-01,4.178959282305651501e-01,1.000000000000000000e+00,6.057032951347107730e-01,4.776239756018427207e-01,5.203060523003237847e-01,6.524817034456029674e-01,3.010097999006207670e-01,7.229629136455119065e-01,5.282795073639749983e-01,1.249038994827023352e-01,4.382959341965156908e-01,5.504157835917135033e-01,3.426453074422957101e-01,3.625507756316093122e-01
4.088087263494454837e-01,5.611525550107038240e-01,4.996299763136159422e-01,4.121744137811728659e-01,4.036531897534585411e-01,-3.739737837330512904e-01,3.755738735953321195e-01,-4.835890506624679341e-01,5.084534126508855056e-01,4.656603644892282068e-01,-9.993107560410251222e-02,5.492205778882794931e-01,-3.573653065192593514e-01,4.651629594000852852e-01,4.759169515075890033e-01,5.014061103561793242e-01,-1.180778943902116226e-02,3.253294831490679551e-01,2.905942453969451167e-01,3.613243851764536552e-01,2.845182207973047106e-01,4.391000861234962138e-01,3.751260792456357351e-01,1.060731432087275022e-01,1.824035301089352301e-01,4.399804055422918969e-01,6.057032951347107730e-01,1.000000000000000000e+00,5.242446048870056385e-01,4.898297534434287726e-01,6.054139202755608462e-01,4.704701350737160448e-01,6.167756174838334715e-01,4.996870696579510662e-01,1.696601250860525767e-02,2.813301282946035764e-01,5.286805976479677094e-01,4.763724423178902212e-01,4.689352664955020455e-01
5.598842247412204598e-01,5.100036022274360148e-01,4.288780166213486678e-01,1.811856975251914248e-01,4.345300309325314525e-01,-2.522043827575402505e-02,2.672453608884817755e-01,-3.026900366178099655e-01,5.460157888598503595e-01,3.863058468449896421e-01,-1.118333801043621366e-02,5.183711699240924897e-01,-1.523453081961278766e-01,4.334364375715909490e-01,4.869019647404627116e-01,4.094684409125002311e-01,1.222575293791297868e-01,4.283442704010629876e-01,3.007584960058602985e-01,4.432412941962431407e-01,3.670900663920412810e-01,3.553753237951520760e-01,4.689506579718151769e-01,6.118623858788296843e-02,3.746224511066290064e-01,4.464510334991586560e-01,4.776239756018427207e-01,5.242446048870056385e-01,1.000000000000000000e+00,3.267959229974295443e-01,4.805469448794124077e-01,6.150003139160895582e-01,6.370976697083372553e-01,4.550587673935002631e-01,1.387590428197778281e-01,1.985549516723666419e-01,6.801502619704093977e-01,4.481134003053296455e-01,4.249323404550923167e-01
3.629281849078827560e-02,2.726129485108394479e-01,3.320434775923208903e-01,2.259890279987896988e-01,8.829622035240321243e-02,-3.664031646138557474e-02,3.926041752390559969e-01,-3.222690997964970938e-01,4.279121100729855742e-01,2.715595441621968531e-01,-1.817134442025212793e-01,2.891126531868802307e-01,-3.255356588025820619e-01,4.868017929428976598e-01,9.262454633540712079e-02,2.126908101667160100e-01,-1.026101214022411140e-01,9.948154187723139141e-02,5.575789105497123976e-02,4.249608519945617391e-01,2.113650111067821302e-01,3.296894621869875253e-01,3.863209967226970409e-01,-4.366992654343416352e-02,2.963291331201628465e-01,1.491526340484753688e-01,5.203060523003237847e-01,4.898297534434287726e-01,3.267959229974295443e-01,1.000000000000000000e+00,5.765508294889560847e-01,1.730418127391031013e-01,5.146746704970025510e-01,2.528671251575531631e-01,1.331297137988148027e-01,4.803846663589240173e-01,2.793199603786338803e-01,4.380265708955112525e-02,7.660244509137065227e-02
2.314315472266641194e-01,5.782979075180749717e-01,3.932375251589952381e-01,3.753278650016194512e-02,2.743178951422482470e-01,-2.758637435010306560e-01,2.658506817033499670e-01,-3.527795049241914671e-01,5.230098589800764586e-01,5.557484075248554367e-01,-4.128841692996409463e-01,6.767684276031096235e-01,-4.669859868924519652e-01,7.302921748300958971e-01,4.439720762820524858e-01,5.006421038396492440e-01,-2.090260845899686581e-01,1.695471979039237798e-01,1.559648941571407932e-01,5.970549326671388268e-01,2.757364366348415974e-01,6.089104769032593900e-01,5.817000296501694256e-01,1.727708430520206728e-01,3.409677280567041113e-01,1.382845367563056704e-01,6.524817034456029674e-01,6.054139202755608462e-01,4.805469448794124077e-01,5.765508294889560847e-01,1.000000000000000000e+00,3.747749786529133154e-01,7.461627923717879529e-01,4.630788259868007795e-01,3.195338283240087285e-01,2.964698729969613145e-01,6.236744256996884506e-01,4.017291163813530575e-01,4.584989528438467854e-01
4.686159674040246692e-01,4.528788113166801188e-01,3.165176782624365970e-01,-5.268610609911852233e-02,3.926620625075839532e-01,-1.239856555590157505e-01,2.046967824273683012e-01,-2.344749194978145712e-01,4.033815734698891764e-01,3.443655118006129778e-01,3.357319052498855538e-01,4.844115171365659389e-01,-1.433728096965588283e-01,3.012243512322591021e-01,5.507397892155768693e-01,3.944486431802229354e-01,5.088378279098230150e-01,2.963873416117283055e-01,2.526048299293789379e-01,3.312722547719371691e-01,3.568598520732271240e-01,3.215301241402879207e-01,4.097131855263909661e-01,-7.528099181632546578e-03,2.640386962853424890e-01,3.725645089749066718e-01,3.010097999006207670e-01,4.704701350737160448e-01,6.150003139160895582e-01,1.730418127391031013e-01,3.747749786529133154e-01,1.000000000000000000e+00,5.722312957229582775e-01,3.895869365173439403e-01,2.787522418891537068e-01,5.361977348970049101e-02,6.663862589856180962e-01,5.423747557430510513e-01,5.023917076740680443e-01
5.044983753137839422e-01,7.128403208416954628e-01,4.696903920466224402e-01,3.611826208584205389e-02,4.910925929294802650e-01,-2.156720945632585595e-01,2.342311618171452337e-01,-3.619449873069336965e-01,7.443459118916749828e-01,6.661017603756210770e-01,-2.668768620476363873e-01,7.388065491583905020e-01,-3.941189881708703213e-01,7.527145573323408279e-01,6.212151729619885820e-01,6.354995180525686571e-01,-1.143371127854935221e-01,4.228598594447623427e-01,4.088377680519494906e-01,6.587907899343969920e-01,4.878362490421894737e-01,5.777544437045672998e-01,7.524743889617253600e-01,6.785790292077159558e-02,5.245192161914236095e-01,4.014951165342589556e-01,7.229629136455119065e-01,6.167756174838334715e-01,6.370976697083372553e-01,5.146746704970025510e-01,7.461627923717879529e-01,5.722312957229582775e-01,1.000000000000000000e+00,6.512097548861275342e-01,3.440875080067227199e-01,4.225891241853992342e-01,8.169631380963426892e-01,5.473478918775008806e-01,5.550340705015978093e-01
5.435687288102563075e-01,6.326291850111979143e-01,7.047356359051591967e-01,9.265686687243195052e-02,8.327923394181838690e-01,-2.005947330834138564e-01,-1.312472649654121415e-01,-5.445042067918220985e-01,8.065915356111473811e-01,6.596684760371060996e-01,-2.284372255533206886e-01,6.492096409643860477e-01,-1.524020832707254358e-01,5.432293607275301417e-01,7.199371834919631175e-01,6.252467159211055892e-01,-1.439950695793007773e-01,7.072093935503008799e-01,7.028573225990732976e-01,2.229057211307165776e-01,2.538667419526238200e-01,2.210957107100855190e-01,6.457675504498521235e-01,1.427775902715209266e-01,5.910655633409604981e-01,6.785153248343991361e-01,5.282795073639749983e-01,4.996870696579510662e-01,4.550587673935002631e-01,2.528671251575531631e-01,4.630788259868007795e-01,3.895869365173439403e-01,6.512097548861275342e-01,1.000000000000000000e+00,-8.162643946110463566e-02,2.887229611771511273e-01,5.880038840383744470e-01,6.865928346938335869e-01,6.962987765151320563e-01
-8.908922650121752981e-04,1.944654377262420852e-01,-1.282973605306544640e-01,-1.536970993863142065e-01,-1.149285984663932642e-01,-5.312005855762007289e-02,2.179658134934237546e-01,8.880240092395377816e-02,3.141073190114190145e-02,1.135059273170141436e-01,-2.950658077397277229e-02,2.093929354761990824e-01,-6.418083422413384254e-02,3.301744539969866388e-01,4.803649551285972541e-02,8.385008562053802850e-02,6.735763653211117308e-02,-1.183954019268327884e-01,-1.728666029979071539e-01,3.818982217561287529e-01,3.686470663810499371e-01,3.593128834207794942e-01,2.656573511539586652e-01,8.973174959847401988e-02,7.816502311233930467e-02,-3.511013313618377429e-01,1.249038994827023352e-01,1.696601250860525767e-02,1.387590428197778281e-01,1.331297137988148027e-01,3.195338283240087285e-01,2.787522418891537068e-01,3.440875080067227199e-01,-8.162643946110463566e-02,1.000000000000000000e+00,1.952779378261027821e-01,4.551790143386734155e-01,-1.465730107701554777e-02,1.086304108252941075e-02
1.962242303616515138e-01,2.321932154735115439e-01,4.896448692298910332e-01,2.865331310097247730e-01,1.242299352961614978e-01,3.264577088088355811e-02,3.163913431380991348e-01,-5.046102244138028770e-01,4.888504536085535590e-01,1.165774131191595758e-01,3.779454364463910587e-02,3.361867109921078817e-02,-1.894860453287953161e-01,4.588657111465209160e-01,-7.485856580009377093e-02,1.112594886228514823e-01,-1.284295579702267598e-01,2.200818789895913896e-01,6.096471720722645982e-02,2.164078171085678792e-01,5.431635017484625072e-01,3.182711721102182700e-02,3.847487528058215478e-01,9.529911184718466155e-02,4.202270739578098935e-01,2.511359526743083825e-01,4.382959341965156908e-01,2.813301282946035764e-01,1.985549516723666419e-01,4.803846663589240173e-01,2.964698729969613145e-01,5.361977348970049101e-02,4.225891241853992342e-01,2.887229611771511273e-01,1.952779378261027821e-01,1.000000000000000000e+00,2.376162787408671040e-01,-7.797594692914364134e-02,-2.725094376581114683e-02
5.791848091868069259e-01,7.619837289625691623e-01,3.470512157038342371e-01,-3.667020581762497899e-02,5.032696887814120945e-01,-2.058831070721692524e-01,1.301915532066604542e-01,-2.488782057114987956e-01,6.274404919767033739e-01,6.548300298545582931e-01,-2.134850694857338693e-01,7.741481542142045758e-01,-2.493356505086299080e-01,6.333604584970057294e-01,6.586583076769244594e-01,6.272049253302586225e-01,-9.772021982064952456e-03,3.657764558039090508e-01,3.452532883749765968e-01,5.960984375016831205e-01,4.668477827075317443e-01,5.772561190713116908e-01,7.163602376068330946e-01,1.544274984121490057e-01,4.817162485198681621e-01,2.997121678087407148e-01,5.504157835917135033e-01,5.286805976479677094e-01,6.801502619704093977e-01,2.793199603786338803e-01,6.236744256996884506e-01,6.663862589856180962e-01,8.169631380963426892e-01,5.880038840383744470e-01,4.551790143386734155e-01,2.376162787408671040e-01,1.000000000000000000e+00,6.387464436778613752e-01,6.541377500772818099e-01
6.971368651158966756e-01,7.459090477542165143e-01,3.745086990691270379e-01,-1.604473960896277696e-01,6.846742256687516903e-01,-2.588667847928093346e-01,-2.761578004412448828e-01,-2.444899422866985694e-01,5.948710822565105305e-01,7.141180787257815910e-01,-1.812079188821519304e-01,7.565622435110516131e-01,-1.590142534123395179e-01,3.527087586433925726e-01,8.094013750422656139e-01,7.253272866741771185e-01,-2.963035677940744142e-02,4.353837621620515463e-01,4.904468064143518435e-01,2.889117589813156028e-01,1.048037353838027486e-01,3.976339884589608631e-01,5.638520989226011304e-01,1.394466508543385497e-01,4.067488844616913291e-01,4.880117404562384076e-01,3.426453074422957101e-01,4.763724423178902212e-01,4.481134003053296455e-01,4.380265708955112525e-02,4.017291163813530575e-01,5.423747557430510513e-01,5.473478918775008806e-01,6.865928346938335869e-01,-1.465730107701554777e-02,-7.797594692914364134e-02,6.387464436778613752e-01,1.000000000000000000e+00,9.040822873541165539e-01
6.360399743517289872e-01,7.811663628177506480e-01,3.977184107372402910e-01,-1.681207610242579920e-01,6.574009436243724025e-01,-2.619185407224003947e-01,-2.991093631943127495e-01,-3.004209046847453046e-01,5.977785684483928330e-01,7.170266343924740493e-01,-2.580930894792416996e-01,7.767226474131145864e-01,-2.195091803777035888e-01,4.038079071717648461e-01,7.577908674567291891e-01,7.190915228826307848e-01,-8.478967418416195889e-02,3.950374995714375226e-01,4.299727694343639106e-01,2.997997473918036504e-01,1.321817173508969823e-01,4.057846654445893542e-01,6.026515694606239260e-01,1.725772671420952864e-01,4.526580213290481436e-01,4.404446206522575902e-01,3.625507756316093122e-01,4.689352664955020455e-01,4.249323404550923167e-01,7.660244509137065227e-02,4.584989528438467854e-01,5.023917076740680443e-01,5.550340705015978093e-01,6.962987765151320563e-01,1.086304108252941075e-02,-2.725094376581114683e-02,6.541377500772818099e-01,9.040822873541165539e-01,1.000000000000000000e+00
