1.000000000000000000e+00,9.710966119580468625e-01,9.367663860813119081e-01,9.397397577307087246e-01,9.768407030097254751e-01,8.912946508852183092e-01,9.293872532106480788e-01,9.021766388171578166e-01,9.663862407611386596e-01,9.847812687071750837e-01,9.459083937563749211e-01,9.312973217621148825e-01,9.456899034910752899e-01,9.728743551708415316e-01,9.329869038564445605e-01,9.850064561919394945e-01,9.696086291995670292e-01,9.050398470604668066e-01,8.905578192894725298e-01,9.620200183963911744e-01,9.419047005017339158e-01,9.361698493562349288e-01,9.311801309823267703e-01,9.609071494280644332e-01,9.307818419956999101e-01,9.771238379715627698e-01,9.190439966339358779e-01,9.512894821249390231e-01,9.318095477597496679e-01,9.444985016913571840e-01,9.204752323879527021e-01,8.864020068230779037e-01,9.213948889982470636e-01,8.849003316326307100e-01,9.844079148482550723e-01,9.361400837685074361e-01,9.315452284908406488e-01,9.780421013142113207e-01,9.380708589818339549e-01
9.710966119580468625e-01,1.000000000000000000e+00,9.278938108736753954e-01,9.520377140011959671e-01,9.631493176917038657e-01,8.994400052969847570e-01,9.187390318014229118e-01,8.953597371975539065e-01,9.572020359177496607e-01,9.720059052206841965e-01,9.369304867151880822e-01,9.245621940819936935e-01,9.346779728549056143e-01,9.608482220456048273e-01,9.254664663383849188e-01,9.712364631042025298e-01,9.582598963545838622e-01,9.157899301032679240e-01,9.003695420477374478e-01,9.771407209265402516e-01,9.549881866214985360e-01,9.475465938532063870e-01,9.204110101372953157e-01,9.511198005405342437e-01,9.234610649602967847e-01,9.804918478547999250e-01,9.340847746660831952e-01,9.424393828859752853e-01,9.237497574828097413e-01,9.342758947495060085e-01,9.083107599298495538e-01,8.909925979388164663e-01,9.070340670342865730e-01,8.913064614432100186e-01,9.730896651998636182e-01,9.459324798622940067e-01,9.238101485935756862e-01,9.791915773721129312e-01,9.497317361674794123e-01
9.367663860813119081e-01,9.278938108736753954e-01,1.000000000000000000e+00,8.973271815303804910e-01,9.442978417033595084e-01,8.678465358672723395e-01,9.753794491635090491e-01,9.090153142348526005e-01,9.508883862633469297e-01,9.348081056134013300e-01,9.727642436861912989e-01,9.803273754775531090e-01,9.766916182184849360e-01,9.459882345162030637e-01,9.804393140422638098e-01,9.371469512544866598e-01,9.511811598306495474e-01,8.783893374491938966e-01,8.669613887372776828e-01,9.226384817606292366e-01,8.995652050667324318e-01,8.950063090727576887e-01,9.758610269917888935e-01,9.573380958332140533e-01,9.825003262750749977e-01,9.330437471341209710e-01,8.876675072408740652e-01,9.671524630578501869e-01,9.804766512001826806e-01,9.814088689859861159e-01,9.628399194114357629e-01,8.660246651666392292e-01,9.578700450227795038e-01,8.624052878913294196e-01,9.359800929683816939e-01,8.962039929092727730e-01,9.802747938229924296e-01,9.341239585877144647e-01,8.973212453101327979e-01
9.397397577307087246e-01,9.520377140011959671e-01,8.973271815303804910e-01,1.000000000000000000e+00,9.308711617658617099e-01,9.211622225869108282e-01,8.936789487950939082e-01,8.870263677899180577e-01,9.266530927160078202e-01,9.409906560435349343e-01,9.120950797958734535e-01,8.940042822527776156e-01,9.064628454925292012e-01,9.267571803119134533e-01,8.948221929636387406e-01,9.399712923515850527e-01,9.270747410844606406e-01,9.350467713417337512e-01,9.194799266543604022e-01,9.624886998120742998e-01,9.822442978783127998e-01,9.788861295373559868e-01,8.948375997211124311e-01,9.185908160057136840e-01,8.938707987068169603e-01,9.446985140519775781e-01,9.641415793324835670e-01,9.132551308274565738e-01,8.946175648889663767e-01,9.073365642806314746e-01,8.751281245289808108e-01,9.110826222970610511e-01,8.769746892420960949e-01,9.106914850885047263e-01,9.412602011852574391e-01,9.778674484080194240e-01,8.951920739154988205e-01,9.453182369383995587e-01,9.793181475366395938e-01
9.768407030097254751e-01,9.631493176917038657e-01,9.442978417033595084e-01,9.308711617658617099e-01,1.000000000000000000e+00,8.792306433241774410e-01,9.391740292733784523e-01,8.938444854204939949e-01,9.746032848530596926e-01,9.756652606848981168e-01,9.541237539571939541e-01,9.400515574323482504e-01,9.521875864653382981e-01,9.805318369164475190e-01,9.419474433032818395e-01,9.765899216420494966e-01,9.770639542173004122e-01,8.952618208752448625e-01,8.787984094959262471e-01,9.537858696120954383e-01,9.315700807205601341e-01,9.263635190466483760e-01,9.410348689173161363e-01,9.701064217050856531e-01,9.390004090666308478e-01,9.707240761958573216e-01,9.104031113272201825e-01,9.585117567412020367e-01,9.412743748591436699e-01,9.516278928615437005e-01,9.294423389908792466e-01,8.707122549769589215e-01,9.285214617909065549e-01,8.694711853932411971e-01,9.754076527936050844e-01,9.249824246959474916e-01,9.400099523247360533e-01,9.723084080246364724e-01,9.274152424510307968e-01
8.912946508852183092e-01,8.994400052969847570e-01,8.678465358672723395e-01,9.211622225869108282e-01,8.792306433241774410e-01,1.000000000000000000e+00,8.632968709006869634e-01,8.934852430913340360e-01,8.770526414783794689e-01,8.944113182097477299e-01,8.720833906299199079e-01,8.697034914371417624e-01,8.738119119424824222e-01,8.776102560320225843e-01,8.670906497082668807e-01,8.933532612329050382e-01,8.775590733811631239e-01,9.740515527907924742e-01,9.803351655264841424e-01,9.082562058585453846e-01,9.222132409884837845e-01,9.271272046427263547e-01,8.657963936449413200e-01,8.729392618840263740e-01,8.654694534416310647e-01,8.890060793437123410e-01,9.438585569059986247e-01,8.742694503408017237e-01,8.668720602906284656e-01,8.744704645823999645e-01,8.478239423493955096e-01,9.666067319418969461e-01,8.492513137420354408e-01,9.721605798844966673e-01,8.949716995328375058e-01,9.268520476076316239e-01,8.678794560846140316e-01,8.906294450141835073e-01,9.277229231193967474e-01
9.293872532106480788e-01,9.187390318014229118e-01,9.753794491635090491e-01,8.936789487950939082e-01,9.391740292733784523e-01,8.632968709006869634e-01,1.000000000000000000e+00,9.105843727998447212e-01,9.445860530868050997e-01,9.276670834516387298e-01,9.649929013742748474e-01,9.785207526207310158e-01,9.686359319986708183e-01,9.414222929726567823e-01,9.791670718806908535e-01,9.303056969459102543e-01,9.456613903160330237e-01,8.757727196953069004e-01,8.642097824105163806e-01,9.143757287613784035e-01,8.946290020693106193e-01,8.912797139080039788e-01,9.838054905267784589e-01,9.516474232196644456e-01,9.758021625671946531e-01,9.252923403263764168e-01,8.839975250268331530e-01,9.618026692369054942e-01,9.789586814222768218e-01,9.736342667783127736e-01,9.748352678023839424e-01,8.602247930312969526e-01,9.668097652970023548e-01,8.587615334690866797e-01,9.279783350600587788e-01,8.929917497144981287e-01,9.781329017086469735e-01,9.259321675171100496e-01,8.937465519176018836e-01
9.021766388171578166e-01,8.953597371975539065e-01,9.090153142348526005e-01,8.870263677899180577e-01,8.938444854204939949e-01,8.934852430913340360e-01,9.105843727998447212e-01,1.000000000000000000e+00,8.950842572452690771e-01,8.955685557437252919e-01,9.043548262533278592e-01,9.119369323336361521e-01,9.088090297444917365e-01,8.927057712321836425e-01,9.106965858429164618e-01,8.979391433046460813e-01,8.970662466532145496e-01,9.009778672876537220e-01,8.988037631232357327e-01,8.936725370282984082e-01,8.907068157607554992e-01,8.885278578057397292e-01,9.063152978192330345e-01,8.948559993835163429e-01,9.086888402003531207e-01,8.921567761903091975e-01,8.830975316591230806e-01,9.012864428052954624e-01,9.106444221933822636e-01,9.106127630204191581e-01,9.152559803196591570e-01,9.100949634748627393e-01,9.222133957336497989e-01,9.088949835542837752e-01,8.985784858211437465e-01,8.880847322742627670e-01,9.112566950617095873e-01,8.938104088358213017e-01,8.905467653456361488e-01
9.663862407611386596e-01,9.572020359177496607e-01,9.508883862633469297e-01,9.266530927160078202e-01,9.746032848530596926e-01,8.770526414783794689e-01,9.445860530868050997e-01,8.950842572452690771e-01,1.000000000000000000e+00,9.647908248533008102e-01,9.639695915985945218e-01,9.471946422029381418e-01,9.591840774146292992e-01,9.810948088716950899e-01,9.476167488157555274e-01,9.668934550452846777e-01,9.834220446760386647e-01,8.915415846921127541e-01,8.745778844732957635e-01,9.478185985327297614e-01,9.268796797036279456e-01,9.227030804587775803e-01,9.456572007845772676e-01,9.810694465102857142e-01,9.456446154299815721e-01,9.620696058749559354e-01,9.052209602588972004e-01,9.679793816210355839e-01,9.475257644654530020e-01,9.572052922180398493e-01,9.369463445061146922e-01,8.726251076460794787e-01,9.337153295663770391e-01,8.692853653235601552e-01,9.648976451716230196e-01,9.218724581766362114e-01,9.468108606089987722e-01,9.622430332167107858e-01,9.236953678944057611e-01
9.847812687071750837e-01,9.720059052206841965e-01,9.348081056134013300e-01,9.409906560435349343e-01,9.756652606848981168e-01,8.944113182097477299e-01,9.276670834516387298e-01,8.955685557437252919e-01,9.647908248533008102e-01,1.000000000000000000e+00,9.441980433234303804e-01,9.290401624674473613e-01,9.440508199426699276e-01,9.717386542054170517e-01,9.308975373055108360e-01,9.856575425695662807e-01,9.678197527888096063e-01,9.068864632978494988e-01,8.928585689064610920e-01,9.642912471605054048e-01,9.430358309515991522e-01,9.380543742476480373e-01,9.295841073401983623e-01,9.594605572387382431e-01,9.283521802709565618e-01,9.779608397184053059e-01,9.213239754058487607e-01,9.503661168897784561e-01,9.292860833760097083e-01,9.428042788217639858e-01,9.162119296302001503e-01,8.874100153259006918e-01,9.163850682542219461e-01,8.859051623635060269e-01,9.847235350114211805e-01,9.376292428419265024e-01,9.290157645518106744e-01,9.792089452030585672e-01,9.399591346254013713e-01
9.459083937563749211e-01,9.369304867151880822e-01,9.727642436861912989e-01,9.120950797958734535e-01,9.541237539571939541e-01,8.720833906299199079e-01,9.649929013742748474e-01,9.043548262533278592e-01,9.639695915985945218e-01,9.441980433234303804e-01,1.000000000000000000e+00,9.692947192768521791e-01,9.813040573370178654e-01,9.580435093044703532e-01,9.704864179908401223e-01,9.465532118337316447e-01,9.635944905405358085e-01,8.835995983538195153e-01,8.693420606805073447e-01,9.322902814301032848e-01,9.131693252390881144e-01,9.079608729763645192e-01,9.654770373463302802e-01,9.697408014361590389e-01,9.691197606927964836e-01,9.419822999350787596e-01,8.942678287043900331e-01,9.808110019858794493e-01,9.706574325390288083e-01,9.784814130134746879e-01,9.545471090169510564e-01,8.687711249959769733e-01,9.488749368190765310e-01,8.643726958610523647e-01,9.450528797129089664e-01,9.078158866522827442e-01,9.694746292671839738e-01,9.415508496481064249e-01,9.083332964596192438e-01
9.312973217621148825e-01,9.245621940819936935e-01,9.803273754775531090e-01,8.940042822527776156e-01,9.400515574323482504e-01,8.697034914371417624e-01,9.785207526207310158e-01,9.119369323336361521e-01,9.471946422029381418e-01,9.290401624674473613e-01,9.692947192768521791e-01,1.000000000000000000e+00,9.735082453085852627e-01,9.423544427976607851e-01,9.854505404874470686e-01,9.315786032770646541e-01,9.468038117162365097e-01,8.792536334541088960e-01,8.687653642520488662e-01,9.179295114214184315e-01,8.954040725126860556e-01,8.905804694921158893e-01,9.805650738539404276e-01,9.536489247782250489e-01,9.834367767227212287e-01,9.289640236877019230e-01,8.843834541814227235e-01,9.638206265911115622e-01,9.855816619577860704e-01,9.787391829380890362e-01,9.680444033475661403e-01,8.698756262329214728e-01,9.611156292454853256e-01,8.666176586764594569e-01,9.303067614797954077e-01,8.924495290241779566e-01,9.852710486767412013e-01,9.296967684207882998e-01,8.927763017691878744e-01
9.456899034910752899e-01,9.346779728549056143e-01,9.766916182184849360e-01,9.064628454925292012e-01,9.521875864653382981e-01,8.738119119424824222e-01,9.686359319986708183e-01,9.088090297444917365e-01,9.591840774146292992e-01,9.440508199426699276e-01,9.813040573370178654e-01,9.735082453085852627e-01,1.000000000000000000e+00,9.551073581081470643e-01,9.741934975512501760e-01,9.468164328067228963e-01,9.603669042540817768e-01,8.853130665821943301e-01,8.710220418930683106e-01,9.290928749213348548e-01,9.075380822812980641e-01,9.004319659576909274e-01,9.688341924142153117e-01,9.664026172587831809e-01,9.731370024155808762e-01,9.405234306975227554e-01,8.893189718100387164e-01,9.770651187640406743e-01,9.737717470368097983e-01,9.828334818041446486e-01,9.590938956642541813e-01,8.691444246971419263e-01,9.535931945687359246e-01,8.659104195046710695e-01,9.447330878939476095e-01,9.011345892487782061e-01,9.731115290909954085e-01,9.401765633968546254e-01,9.024355918835175183e-01
9.728743551708415316e-01,9.608482220456048273e-01,9.459882345162030637e-01,9.267571803119134533e-01,9.805318369164475190e-01,8.776102560320225843e-01,9.414222929726567823e-01,8.927057712321836425e-01,9.810948088716950899e-01,9.717386542054170517e-01,9.580435093044703532e-01,9.423544427976607851e-01,9.551073581081470643e-01,1.000000000000000000e+00,9.436695253043588805e-01,9.730751878945060884e-01,9.827420518407272709e-01,8.919709413480342297e-01,8.760421865947920494e-01,9.501401521359316149e-01,9.266929473754450530e-01,9.223308563866032816e-01,9.424346960438357845e-01,9.764309414114330510e-01,9.407675275529601144e-01,9.677130131904029264e-01,9.051347035239859506e-01,9.639744660962480394e-01,9.429912997536969987e-01,9.536630546704520928e-01,9.338083865957766960e-01,8.688847395974221843e-01,9.311028860506935789e-01,8.673663403704071628e-01,9.706206238092119909e-01,9.211148733387921617e-01,9.424031814792392936e-01,9.683560732736852250e-01,9.234239460529123367e-01
9.329869038564445605e-01,9.254664663383849188e-01,9.804393140422638098e-01,8.948221929636387406e-01,9.419474433032818395e-01,8.670906497082668807e-01,9.791670718806908535e-01,9.106965858429164618e-01,9.476167488157555274e-01,9.308975373055108360e-01,9.704864179908401223e-01,9.854505404874470686e-01,9.741934975512501760e-01,9.436695253043588805e-01,1.000000000000000000e+00,9.331947833724170138e-01,9.479125320860527504e-01,8.766681063132722995e-01,8.664570416757695348e-01,9.195356920440831416e-01,8.964717220086008131e-01,8.904262456999121333e-01,9.805413761840043874e-01,9.546530194425065785e-01,9.830670894834121487e-01,9.304176298532188527e-01,8.836795418874667796e-01,9.651531282206792239e-01,9.851670276130393145e-01,9.791508983575768488e-01,9.674889980051250005e-01,8.677654243368566611e-01,9.609223466787003565e-01,8.638319882447249576e-01,9.317379523489310866e-01,8.924239221256287102e-01,9.851940921694495312e-01,9.313263111709433328e-01,8.925336022831591443e-01
9.850064561919394945e-01,9.712364631042025298e-01,9.371469512544866598e-01,9.399712923515850527e-01,9.765899216420494966e-01,8.933532612329050382e-01,9.303056969459102543e-01,8.979391433046460813e-01,9.668934550452846777e-01,9.856575425695662807e-01,9.465532118337316447e-01,9.315786032770646541e-01,9.468164328067228963e-01,9.730751878945060884e-01,9.331947833724170138e-01,1.000000000000000000e+00,9.698859565634961877e-01,9.062415885011553263e-01,8.916446521880132536e-01,9.629692317980382832e-01,9.419731888282542043e-01,9.368920504911101288e-01,9.323183515952395695e-01,9.618646367167212885e-01,9.310273647318163537e-01,9.775156455906391928e-01,9.206107763053581472e-01,9.526801361908092680e-01,9.319181629274135847e-01,9.454644459015854041e-01,9.197704372889611291e-01,8.865695303905078983e-01,9.200169120061384431e-01,8.854315339179639199e-01,9.844112132051717756e-01,9.367138606835350156e-01,9.314003613054747666e-01,9.781066157450665211e-01,9.386498766564130847e-01
9.696086291995670292e-01,9.582598963545838622e-01,9.511811598306495474e-01,9.270747410844606406e-01,9.770639542173004122e-01,8.775590733811631239e-01,9.456613903160330237e-01,8.970662466532145496e-01,9.834220446760386647e-01,9.678197527888096063e-01,9.635944905405358085e-01,9.468038117162365097e-01,9.603669042540817768e-01,9.827420518407272709e-01,9.479125320860527504e-01,9.698859565634961877e-01,1.000000000000000000e+00,8.923094729516064527e-01,8.764385101890341812e-01,9.493451763945703892e-01,9.278311804661459883e-01,9.234482832863367685e-01,9.463361540804352545e-01,9.791704626088277852e-01,9.451778676773063825e-01,9.644060738930481103e-01,9.065035227849503885e-01,9.674350834343693473e-01,9.471363982487864819e-01,9.585225017455488716e-01,9.378659928307756521e-01,8.711996056700107571e-01,9.336886847742082995e-01,8.681677431964938130e-01,9.673071841392989478e-01,9.234606179965637596e-01,9.466842040134524350e-01,9.649113767613175519e-01,9.246678601360064365e-01
9.050398470604668066e-01,9.157899301032679240e-01,8.783893374491938966e-01,9.350467713417337512e-01,8.952618208752448625e-01,9.740515527907924742e-01,8.757727196953069004e-01,9.009778672876537220e-01,8.915415846921127541e-01,9.068864632978494988e-01,8.835995983538195153e-01,8.792536334541088960e-01,8.853130665821943301e-01,8.919709413480342297e-01,8.766681063132722995e-01,9.062415885011553263e-01,8.923094729516064527e-01,1.000000000000000000e+00,9.753219692579581102e-01,9.213503305862560389e-01,9.349080732497135893e-01,9.371497999129966283e-01,8.757743646987050656e-01,8.861170275161900367e-01,8.753628619276447864e-01,9.065093527795999861e-01,9.540858289160474293e-01,8.865139045778699378e-01,8.770317800935545360e-01,8.849671188612904249e-01,8.640254898484361901e-01,9.548524800247860655e-01,8.636690090394260055e-01,9.609972690174662935e-01,9.089198771682497346e-01,9.391317748215456396e-01,8.778671348662805407e-01,9.077072295824786252e-01,9.395348690453334539e-01
8.905578192894725298e-01,9.003695420477374478e-01,8.669613887372776828e-01,9.194799266543604022e-01,8.787984094959262471e-01,9.803351655264841424e-01,8.642097824105163806e-01,8.988037631232357327e-01,8.745778844732957635e-01,8.928585689064610920e-01,8.693420606805073447e-01,8.687653642520488662e-01,8.710220418930683106e-01,8.760421865947920494e-01,8.664570416757695348e-01,8.916446521880132536e-01,8.764385101890341812e-01,9.753219692579581102e-01,1.000000000000000000e+00,9.089163628222289848e-01,9.221562956034886627e-01,9.247156242059936249e-01,8.659637240141762060e-01,8.714380601611513288e-01,8.650681508738774506e-01,8.890961866681900139e-01,9.437132207943402795e-01,8.718603543172682713e-01,8.658717425108440890e-01,8.726961236651175069e-01,8.526959074037687714e-01,9.656465013238985096e-01,8.543804630802652733e-01,9.719125659999628963e-01,8.934647039761600684e-01,9.260637928279642495e-01,8.675028213475830530e-01,8.909151710585204720e-01,9.259173298645453354e-01
9.620200183963911744e-01,9.771407209265402516e-01,9.226384817606292366e-01,9.624886998120742998e-01,9.537858696120954383e-01,9.082562058585453846e-01,9.143757287613784035e-01,8.936725370282984082e-01,9.478185985327297614e-01,9.642912471605054048e-01,9.322902814301032848e-01,9.179295114214184315e-01,9.290928749213348548e-01,9.501401521359316149e-01,9.195356920440831416e-01,9.629692317980382832e-01,9.493451763945703892e-01,9.213503305862560389e-01,9.089163628222289848e-01,1.000000000000000000e+00,9.648983967293600639e-01,9.565702672214316804e-01,9.156909713426683028e-01,9.411797700527719801e-01,9.174314725704226792e-01,9.716540147625843948e-01,9.429040426185176793e-01,9.346795257347870756e-01,9.175985823963298538e-01,9.302134967205137883e-01,8.993636711686866514e-01,9.017999559225263750e-01,9.008684250827382334e-01,8.996863661259343337e-01,9.649826994951830050e-01,9.558262607531355926e-01,9.179479092711249066e-01,9.707328054496042746e-01,9.584537175217876515e-01
9.419047005017339158e-01,9.549881866214985360e-01,8.995652050667324318e-01,9.822442978783127998e-01,9.315700807205601341e-01,9.222132409884837845e-01,8.946290020693106193e-01,8.907068157607554992e-01,9.268796797036279456e-01,9.430358309515991522e-01,9.131693252390881144e-01,8.954040725126860556e-01,9.075380822812980641e-01,9.266929473754450530e-01,8.964717220086008131e-01,9.419731888282542043e-01,9.278311804661459883e-01,9.349080732497135893e-01,9.221562956034886627e-01,9.648983967293600639e-01,1.000000000000000000e+00,9.776631505275136247e-01,8.954438448643581294e-01,9.193684994912385555e-01,8.952844723807519278e-01,9.485978036230267030e-01,9.632120604785551210e-01,9.135832717241204604e-01,8.957192552242542183e-01,9.083018250772171287e-01,8.765390339055367797e-01,9.115639321631580083e-01,8.784657919879724775e-01,9.120912094613038423e-01,9.450808142087138153e-01,9.755257306000266748e-01,8.966207583581089491e-01,9.496384833357475186e-01,9.783684875524525371e-01
9.361698493562349288e-01,9.475465938532063870e-01,8.950063090727576887e-01,9.788861295373559868e-01,9.263635190466483760e-01,9.271272046427263547e-01,8.912797139080039788e-01,8.885278578057397292e-01,9.227030804587775803e-01,9.380543742476480373e-01,9.079608729763645192e-01,8.905804694921158893e-01,9.004319659576909274e-01,9.223308563866032816e-01,8.904262456999121333e-01,9.368920504911101288e-01,9.234482832863367685e-01,9.371497999129966283e-01,9.247156242059936249e-01,9.565702672214316804e-01,9.776631505275136247e-01,1.000000000000000000e+00,8.921566420444910772e-01,9.134798417270477700e-01,8.903130544847629446e-01,9.403821373712607512e-01,9.703970651610726028e-01,9.094047649792028620e-01,8.909542891504333983e-01,9.021537778957899878e-01,8.717647063039547506e-01,9.118356245405567773e-01,8.746383363103785724e-01,9.141477380794610363e-01,9.384026180217690527e-01,9.819513534831015855e-01,8.915724760179025710e-01,9.419420139945191561e-01,9.842473508415591210e-01
9.311801309823267703e-01,9.204110101372953157e-01,9.758610269917888935e-01,8.948375997211124311e-01,9.410348689173161363e-01,8.657963936449413200e-01,9.838054905267784589e-01,9.063152978192330345e-01,9.456572007845772676e-01,9.295841073401983623e-01,9.654770373463302802e-01,9.805650738539404276e-01,9.688341924142153117e-01,9.424346960438357845e-01,9.805413761840043874e-01,9.323183515952395695e-01,9.463361540804352545e-01,8.757743646987050656e-01,8.659637240141762060e-01,9.156909713426683028e-01,8.954438448643581294e-01,8.921566420444910772e-01,1.000000000000000000e+00,9.520176428684424819e-01,9.774727493621833130e-01,9.268310184371647553e-01,8.845537339973044144e-01,9.612469134877107413e-01,9.805798011935508152e-01,9.746914327887596929e-01,9.709234481937616401e-01,8.622726028201984638e-01,9.626566913939783587e-01,8.611530537733241841e-01,9.296252088072617381e-01,8.940114380839493391e-01,9.796410475424840447e-01,9.271680948083295126e-01,8.943630096915616834e-01
9.609071494280644332e-01,9.511198005405342437e-01,9.573380958332140533e-01,9.185908160057136840e-01,9.701064217050856531e-01,8.729392618840263740e-01,9.516474232196644456e-01,8.948559993835163429e-01,9.810694465102857142e-01,9.594605572387382431e-01,9.697408014361590389e-01,9.536489247782250489e-01,9.664026172587831809e-01,9.764309414114330510e-01,9.546530194425065785e-01,9.618646367167212885e-01,9.791704626088277852e-01,8.861170275161900367e-01,8.714380601611513288e-01,9.411797700527719801e-01,9.193684994912385555e-01,9.134798417270477700e-01,9.520176428684424819e-01,1.000000000000000000e+00,9.531225140656118811e-01,9.564596270593580529e-01,8.979006271681923002e-01,9.755862687996890159e-01,9.539265795553367733e-01,9.631585150399444295e-01,9.419809566369001796e-01,8.678124863128183764e-01,9.366685605948146254e-01,8.629999175832424596e-01,9.597749827441711679e-01,9.133417017546997529e-01,9.540079579225489992e-01,9.561587274574536721e-01,9.145406210216517895e-01
9.307818419956999101e-01,9.234610649602967847e-01,9.825003262750749977e-01,8.938707987068169603e-01,9.390004090666308478e-01,8.654694534416310647e-01,9.758021625671946531e-01,9.086888402003531207e-01,9.456446154299815721e-01,9.283521802709565618e-01,9.691197606927964836e-01,9.834367767227212287e-01,9.731370024155808762e-01,9.407675275529601144e-01,9.830670894834121487e-01,9.310273647318163537e-01,9.451778676773063825e-01,8.753628619276447864e-01,8.650681508738774506e-01,9.174314725704226792e-01,8.952844723807519278e-01,8.903130544847629446e-01,9.774727493621833130e-01,9.531225140656118811e-01,1.000000000000000000e+00,9.281530321766179314e-01,8.848450435591719287e-01,9.633486652714572385e-01,9.834739690395046807e-01,9.788587153068856184e-01,9.632862517827124327e-01,8.650607349378193200e-01,9.567193290289555119e-01,8.623249855314368828e-01,9.299618236202553678e-01,8.926535018855640269e-01,9.837495156792570583e-01,9.292684204974457352e-01,8.933176709533238169e-01
9.771238379715627698e-01,9.804918478547999250e-01,9.330437471341209710e-01,9.446985140519775781e-01,9.707240761958573216e-01,8.890060793437123410e-01,9.252923403263764168e-01,8.921567761903091975e-01,9.620696058749559354e-01,9.779608397184053059e-01,9.419822999350787596e-01,9.289640236877019230e-01,9.405234306975227554e-01,9.677130131904029264e-01,9.304176298532188527e-01,9.775156455906391928e-01,9.644060738930481103e-01,9.065093527795999861e-01,8.890961866681900139e-01,9.716540147625843948e-01,9.485978036230267030e-01,9.403821373712607512e-01,9.268310184371647553e-01,9.564596270593580529e-01,9.281530321766179314e-01,1.000000000000000000e+00,9.255578376412240127e-01,9.478836243693343766e-01,9.288406382590854715e-01,9.396243722628816464e-01,9.156004697296041828e-01,8.801145796655285292e-01,9.127114825123854303e-01,8.798107323653273637e-01,9.789762519767150062e-01,9.398575423344781576e-01,9.287923805094512320e-01,9.849492572011954161e-01,9.436773830625434512e-01
9.190439966339358779e-01,9.340847746660831952e-01,8.876675072408740652e-01,9.641415793324835670e-01,9.104031113272201825e-01,9.438585569059986247e-01,8.839975250268331530e-01,8.830975316591230806e-01,9.052209602588972004e-01,9.213239754058487607e-01,8.942678287043900331e-01,8.843834541814227235e-01,8.893189718100387164e-01,9.051347035239859506e-01,8.836795418874667796e-01,9.206107763053581472e-01,9.065035227849503885e-01,9.540858289160474293e-01,9.437132207943402795e-01,9.429040426185176793e-01,9.632120604785551210e-01,9.703970651610726028e-01,8.845537339973044144e-01,8.979006271681923002e-01,8.848450435591719287e-01,9.255578376412240127e-01,1.000000000000000000e+00,8.959901271459896899e-01,8.840169468895596738e-01,8.931716659764779020e-01,8.677515948248427646e-01,9.262939158914516025e-01,8.677723329275205399e-01,9.315323887107018752e-01,9.223268541894906747e-01,9.727037483695984976e-01,8.844546811875428904e-01,9.276148388369570563e-01,9.705138505187141940e-01
9.512894821249390231e-01,9.424393828859752853e-01,9.671524630578501869e-01,9.132551308274565738e-01,9.585117567412020367e-01,8.742694503408017237e-01,9.618026692369054942e-01,9.012864428052954624e-01,9.679793816210355839e-01,9.503661168897784561e-01,9.808110019858794493e-01,9.638206265911115622e-01,9.770651187640406743e-01,9.639744660962480394e-01,9.651531282206792239e-01,9.526801361908092680e-01,9.674350834343693473e-01,8.865139045778699378e-01,8.718603543172682713e-01,9.346795257347870756e-01,9.135832717241204604e-01,9.094047649792028620e-01,9.612469134877107413e-01,9.755862687996890159e-01,9.633486652714572385e-01,9.478836243693343766e-01,8.959901271459896899e-01,1.000000000000000000e+00,9.650185099698199709e-01,9.729961081040653381e-01,9.513232588054093553e-01,8.691091479257924135e-01,9.443967246175073438e-01,8.647496361731384917e-01,9.496625027211686998e-01,9.090254788333025360e-01,9.638951664564739952e-01,9.469665555474169327e-01,9.102691132216584879e-01
9.318095477597496679e-01,9.237497574828097413e-01,9.804766512001826806e-01,8.946175648889663767e-01,9.412743748591436699e-01,8.668720602906284656e-01,9.789586814222768218e-01,9.106444221933822636e-01,9.475257644654530020e-01,9.292860833760097083e-01,9.706574325390288083e-01,9.855816619577860704e-01,9.737717470368097983e-01,9.429912997536969987e-01,9.851670276130393145e-01,9.319181629274135847e-01,9.471363982487864819e-01,8.770317800935545360e-01,8.658717425108440890e-01,9.175985823963298538e-01,8.957192552242542183e-01,8.909542891504333983e-01,9.805798011935508152e-01,9.539265795553367733e-01,9.834739690395046807e-01,9.288406382590854715e-01,8.840169468895596738e-01,9.650185099698199709e-01,1.000000000000000000e+00,9.791696278661048414e-01,9.680928060303514160e-01,8.668597402471042157e-01,9.608447536529653998e-01,8.635945227856037798e-01,9.305509626607364471e-01,8.928228146058908576e-01,9.853359097800212796e-01,9.293907251535619141e-01,8.930465764238708637e-01
9.444985016913571840e-01,9.342758947495060085e-01,9.814088689859861159e-01,9.073365642806314746e-01,9.516278928615437005e-01,8.744704645823999645e-01,9.736342667783127736e-01,9.106127630204191581e-01,9.572052922180398493e-01,9.428042788217639858e-01,9.784814130134746879e-01,9.787391829380890362e-01,9.828334818041446486e-01,9.536630546704520928e-01,9.791508983575768488e-01,9.454644459015854041e-01,9.585225017455488716e-01,8.849671188612904249e-01,8.726961236651175069e-01,9.302134967205137883e-01,9.083018250772171287e-01,9.021537778957899878e-01,9.746914327887596929e-01,9.631585150399444295e-01,9.788587153068856184e-01,9.396243722628816464e-01,8.931716659764779020e-01,9.729961081040653381e-01,9.791696278661048414e-01,1.000000000000000000e+00,9.630395898934583920e-01,8.714172854026679405e-01,9.578970685228270776e-01,8.678063178187693794e-01,9.431967649360395445e-01,9.028943671765461421e-01,9.783486530053839836e-01,9.396004833531369504e-01,9.043122901005461456e-01
9.204752323879527021e-01,9.083107599298495538e-01,9.628399194114357629e-01,8.751281245289808108e-01,9.294423389908792466e-01,8.478239423493955096e-01,9.748352678023839424e-01,9.152559803196591570e-01,9.369463445061146922e-01,9.162119296302001503e-01,9.545471090169510564e-01,9.680444033475661403e-01,9.590938956642541813e-01,9.338083865957766960e-01,9.674889980051250005e-01,9.197704372889611291e-01,9.378659928307756521e-01,8.640254898484361901e-01,8.526959074037687714e-01,8.993636711686866514e-01,8.765390339055367797e-01,8.717647063039547506e-01,9.709234481937616401e-01,9.419809566369001796e-01,9.632862517827124327e-01,9.156004697296041828e-01,8.677515948248427646e-01,9.513232588054093553e-01,9.680928060303514160e-01,9.630395898934583920e-01,1.000000000000000000e+00,8.496048598131235030e-01,9.774624755561462930e-01,8.471699698873115247e-01,9.171550832678262433e-01,8.754006486323266945e-01,9.665564503478648595e-01,9.159358274375425379e-01,8.750444003924577885e-01
8.864020068230779037e-01,8.909925979388164663e-01,8.660246651666392292e-01,9.110826222970610511e-01,8.707122549769589215e-01,9.666067319418969461e-01,8.602247930312969526e-01,9.100949634748627393e-01,8.726251076460794787e-01,8.874100153259006918e-01,8.687711249959769733e-01,8.698756262329214728e-01,8.691444246971419263e-01,8.688847395974221843e-01,8.677654243368566611e-01,8.865695303905078983e-01,8.711996056700107571e-01,9.548524800247860655e-01,9.656465013238985096e-01,9.017999559225263750e-01,9.115639321631580083e-01,9.118356245405567773e-01,8.622726028201984638e-01,8.678124863128183764e-01,8.650607349378193200e-01,8.801145796655285292e-01,9.262939158914516025e-01,8.691091479257924135e-01,8.668597402471042157e-01,8.714172854026679405e-01,8.496048598131235030e-01,1.000000000000000000e+00,8.570463826854054501e-01,9.799125269237122238e-01,8.869927041463288031e-01,9.136266479271878405e-01,8.674946657537895289e-01,8.810086226489909356e-01,9.132116664143709039e-01
9.213948889982470636e-01,9.070340670342865730e-01,9.578700450227795038e-01,8.769746892420960949e-01,9.285214617909065549e-01,8.492513137420354408e-01,9.668097652970023548e-01,9.222133957336497989e-01,9.337153295663770391e-01,9.163850682542219461e-01,9.488749368190765310e-01,9.611156292454853256e-01,9.535931945687359246e-01,9.311028860506935789e-01,9.609223466787003565e-01,9.200169120061384431e-01,9.336886847742082995e-01,8.636690090394260055e-01,8.543804630802652733e-01,9.008684250827382334e-01,8.784657919879724775e-01,8.746383363103785724e-01,9.626566913939783587e-01,9.366685605948146254e-01,9.567193290289555119e-01,9.127114825123854303e-01,8.677723329275205399e-01,9.443967246175073438e-01,9.608447536529653998e-01,9.578970685228270776e-01,9.774624755561462930e-01,8.570463826854054501e-01,1.000000000000000000e+00,8.529037913295670625e-01,9.174306279464657932e-01,8.761883620826497188e-01,9.592070800307181955e-01,9.140982485535372737e-01,8.769358088387821937e-01
8.849003316326307100e-01,8.913064614432100186e-01,8.624052878913294196e-01,9.106914850885047263e-01,8.694711853932411971e-01,9.721605798844966673e-01,8.587615334690866797e-01,9.088949835542837752e-01,8.692853653235601552e-01,8.859051623635060269e-01,8.643726958610523647e-01,8.666176586764594569e-01,8.659104195046710695e-01,8.673663403704071628e-01,8.638319882447249576e-01,8.854315339179639199e-01,8.681677431964938130e-01,9.609972690174662935e-01,9.719125659999628963e-01,8.996863661259343337e-01,9.120912094613038423e-01,9.141477380794610363e-01,8.611530537733241841e-01,8.629999175832424596e-01,8.623249855314368828e-01,8.798107323653273637e-01,9.315323887107018752e-01,8.647496361731384917e-01,8.635945227856037798e-01,8.678063178187693794e-01,8.471699698873115247e-01,9.799125269237122238e-01,8.529037913295670625e-01,1.000000000000000000e+00,8.864291052507732305e-01,9.145659581592230358e-01,8.641210746573068091e-01,8.812830469649655107e-01,9.148811036565148713e-01
9.844079148482550723e-01,9.730896651998636182e-01,9.359800929683816939e-01,9.412602011852574391e-01,9.754076527936050844e-01,8.949716995328375058e-01,9.279783350600587788e-01,8.985784858211437465e-01,9.648976451716230196e-01,9.847235350114211805e-01,9.450528797129089664e-01,9.303067614797954077e-01,9.447330878939476095e-01,9.706206238092119909e-01,9.317379523489310866e-01,9.844112132051717756e-01,9.673071841392989478e-01,9.089198771682497346e-01,8.934647039761600684e-01,9.649826994951830050e-01,9.450808142087138153e-01,9.384026180217690527e-01,9.296252088072617381e-01,9.597749827441711679e-01,9.299618236202553678e-01,9.789762519767150062e-01,9.223268541894906747e-01,9.496625027211686998e-01,9.305509626607364471e-01,9.431967649360395445e-01,9.171550832678262433e-01,8.869927041463288031e-01,9.174306279464657932e-01,8.864291052507732305e-01,1.000000000000000000e+00,9.380827449509562266e-01,9.303697936766497367e-01,9.802194908044226107e-01,9.405643207411287232e-01
9.361400837685074361e-01,9.459324798622940067e-01,8.962039929092727730e-01,9.778674484080194240e-01,9.249824246959474916e-01,9.268520476076316239e-01,8.929917497144981287e-01,8.880847322742627670e-01,9.218724581766362114e-01,9.376292428419265024e-01,9.078158866522827442e-01,8.924495290241779566e-01,9.011345892487782061e-01,9.211148733387921617e-01,8.924239221256287102e-01,9.367138606835350156e-01,9.234606179965637596e-01,9.391317748215456396e-01,9.260637928279642495e-01,9.558262607531355926e-01,9.755257306000266748e-01,9.819513534831015855e-01,8.940114380839493391e-01,9.133417017546997529e-01,8.926535018855640269e-01,9.398575423344781576e-01,9.727037483695984976e-01,9.090254788333025360e-01,8.928228146058908576e-01,9.028943671765461421e-01,8.754006486323266945e-01,9.136266479271878405e-01,8.761883620826497188e-01,9.145659581592230358e-01,9.380827449509562266e-01,1.000000000000000000e+00,8.937721129023795674e-01,9.415411305404234321e-01,9.830392433348944525e-01
9.315452284908406488e-01,9.238101485935756862e-01,9.802747938229924296e-01,8.951920739154988205e-01,9.400099523247360533e-01,8.678794560846140316e-01,9.781329017086469735e-01,9.112566950617095873e-01,9.468108606089987722e-01,9.290157645518106744e-01,9.694746292671839738e-01,9.852710486767412013e-01,9.731115290909954085e-01,9.424031814792392936e-01,9.851940921694495312e-01,9.314003613054747666e-01,9.466842040134524350e-01,8.778671348662805407e-01,8.675028213475830530e-01,9.179479092711249066e-01,8.966207583581089491e-01,8.915724760179025710e-01,9.796410475424840447e-01,9.540079579225489992e-01,9.837495156792570583e-01,9.287923805094512320e-01,8.844546811875428904e-01,9.638951664564739952e-01,9.853359097800212796e-01,9.783486530053839836e-01,9.665564503478648595e-01,8.674946657537895289e-01,9.592070800307181955e-01,8.641210746573068091e-01,9.303697936766497367e-01,8.937721129023795674e-01,1.000000000000000000e+00,9.296043694441243899e-01,8.935686681635883755e-01
9.780421013142113207e-01,9.791915773721129312e-01,9.341239585877144647e-01,9.453182369383995587e-01,9.723084080246364724e-01,8.906294450141835073e-01,9.259321675171100496e-01,8.938104088358213017e-01,9.622430332167107858e-01,9.792089452030585672e-01,9.415508496481064249e-01,9.296967684207882998e-01,9.401765633968546254e-01,9.683560732736852250e-01,9.313263111709433328e-01,9.781066157450665211e-01,9.649113767613175519e-01,9.077072295824786252e-01,8.909151710585204720e-01,9.707328054496042746e-01,9.496384833357475186e-01,9.419420139945191561e-01,9.271680948083295126e-01,9.561587274574536721e-01,9.292684204974457352e-01,9.849492572011954161e-01,9.276148388369570563e-01,9.469665555474169327e-01,9.293907251535619141e-01,9.396004833531369504e-01,9.159358274375425379e-01,8.810086226489909356e-01,9.140982485535372737e-01,8.812830469649655107e-01,9.802194908044226107e-01,9.415411305404234321e-01,9.296043694441243899e-01,1.000000000000000000e+00,9.448454780330690639e-01
9.380708589818339549e-01,9.497317361674794123e-01,8.973212453101327979e-01,9.793181475366395938e-01,9.274152424510307968e-01,9.277229231193967474e-01,8.937465519176018836e-01,8.905467653456361488e-01,9.236953678944057611e-01,9.399591346254013713e-01,9.083332964596192438e-01,8.927763017691878744e-01,9.024355918835175183e-01,9.234239460529123367e-01,8.925336022831591443e-01,9.386498766564130847e-01,9.246678601360064365e-01,9.395348690453334539e-01,9.259173298645453354e-01,9.584537175217876515e-01,9.783684875524525371e-01,9.842473508415591210e-01,8.943630096915616834e-01,9.145406210216517895e-01,8.933176709533238169e-01,9.436773830625434512e-01,9.705138505187141940e-01,9.102691132216584879e-01,8.930465764238708637e-01,9.043122901005461456e-01,8.750444003924577885e-01,9.132116664143709039e-01,8.769358088387821937e-01,9.148811036565148713e-01,9.405643207411287232e-01,9.830392433348944525e-01,8.935686681635883755e-01,9.448454780330690639e-01,1.000000000000000000e+00
