1.000000000000000000e+00,3.113065387309044141e-01,4.874965993419519417e-01,-4.374566068878549263e-01,4.381907756356575590e-01,7.367974518285077545e-01,2.364483294508870903e-01,-4.905743141492627246e-01,6.600883765649315782e-01,1.023169089975759644e-01,1.965282498448810700e-01,-5.516366676124823121e-01,-5.930008236605336519e-02,7.827248537974550446e-01,-9.039218629814806116e-02,8.510411718205376785e-02,7.469857453261976588e-01,-5.029430005769778278e-01,-5.433196666684364518e-01,-6.581901481329201220e-02,-2.846818783285828824e-01,-4.390086772350408340e-01,6.102088441798482199e-01,8.034911460717885090e-01,7.525857863243745616e-01,8.180532403546317832e-01,5.916940363659166646e-01,4.497624025081903287e-01,8.398503379792741086e-01,8.575273886202301465e-01,4.026715174440193556e-01,5.162207132215038685e-01,4.796950486011836157e-01,-3.119169774978660659e-01,7.650662332646789299e-01,-2.162508752205972162e-01,6.787878316863852346e-01,8.650595687545288293e-01,-8.924345947506991117e-02
3.113065387309044141e-01,1.000000000000000000e+00,4.527375423805066190e-01,5.662553737780808005e-02,5.202527549274957863e-01,1.322816415399189205e-01,-5.521362786143366730e-01,-4.345550705684377846e-01,6.427040969541629734e-01,6.432415153061379343e-01,2.454172387112210918e-01,4.441560051067953152e-01,-3.488688938236272907e-01,1.492586342835804381e-01,9.331939716805412455e-02,6.005293936617351891e-01,2.891854599794279612e-01,3.417451251137280654e-01,3.891289524178206949e-01,1.894255304509590287e-01,2.608418389725668529e-01,1.357296800434548423e-01,4.246420553179922619e-01,1.803165592880780488e-01,2.743779039251573737e-01,1.228339172958073516e-01,4.524494378310304765e-01,2.461878075738412330e-01,9.308288666167958969e-02,1.624237315208085786e-01,2.730573033405495620e-01,5.341822903188879756e-01,3.099532002646926965e-01,4.531869108487979747e-01,-5.141356704377245124e-02,-1.352570360022154958e-02,2.398597734328181963e-01,1.746162281234499847e-01,7.762851854378841621e-01
4.874965993419519417e-01,4.527375423805066190e-01,1.000000000000000000e+00,-1.364680390335766269e-01,7.068726321690935732e-01,3.216751545790804134e-01,-1.150230006891738710e-01,-9.295393935093957394e-01,5.600149144234468634e-01,2.770405237955547162e-01,2.579227549792809659e-01,-9.147559390523441261e-03,-5.690222418708351659e-01,4.907976910409541649e-01,1.129902497170432729e-01,1.932807033600499325e-01,4.445604716890764752e-01,2.630760050804805197e-02,6.292887737837113415e-02,2.092836511622647166e-01,2.382943333785532969e-01,-7.874997395580982107e-02,4.511889584601647685e-01,4.699122216754397230e-01,5.088648673460429706e-01,5.949601888842429576e-01,5.155836950132536289e-01,3.777179935090020368e-01,4.204690456727913639e-01,4.306600540598743976e-01,7.867031109354709617e-01,4.363076668246662071e-01,5.229037518934581685e-01,2.194876506467586808e-01,3.236830874697671501e-01,2.157739862660802976e-01,3.843869759536010511e-01,3.678703137360898046e-01,2.700455933794839725e-01
-4.374566068878549263e-01,5.662553737780808005e-02,-1.364680390335766269e-01,1.000000000000000000e+00,7.428173042053289044e-02,-5.983758252509628894e-01,-1.377148085531200439e-01,1.480801391112301635e-01,-1.658396061222888185e-01,1.638718353364337632e-01,-1.839297103326542893e-01,5.007490566025724066e-01,-2.457398747161131797e-02,-5.184372589799383091e-01,3.343693670939345552e-01,2.199649730593343788e-01,-4.502524792361216610e-01,5.758412114336309839e-01,5.334649618015544492e-01,3.230564837744721862e-02,3.168214110083146240e-01,2.777007092920120712e-01,-2.406146119696641328e-01,-5.441641592098709346e-01,-4.051170742526044033e-01,-4.319844340389982218e-01,-4.151779031613918036e-01,-1.600709864132918159e-01,-5.582582699983372754e-01,-4.145012919062391887e-01,-2.101165278878051601e-01,-3.693724356434328615e-01,-3.923820030767994349e-01,4.868789543572255574e-01,-5.546408833291490703e-01,2.052258919290288197e-01,-5.079908006591625780e-01,-4.008983291676291305e-01,3.371853206381272283e-01
4.381907756356575590e-01,5.202527549274957863e-01,7.068726321690935732e-01,7.428173042053289044e-02,1.000000000000000000e+00,1.991663607436356953e-01,1.710891871599523953e-02,-6.759685956246822558e-01,6.664444786691076095e-01,5.125146419156181299e-01,2.525567103188036122e-01,-2.023424134898224938e-02,-4.047830865171653802e-01,3.497803783362565255e-01,3.171906048842960124e-01,4.571241938995443399e-01,3.452377891125319453e-01,2.018876488967569771e-01,1.786468116912777737e-01,-3.180271468750128783e-02,3.102033747048375464e-02,-1.144089472230156307e-01,5.793237000969114758e-01,3.052709336045851818e-01,4.925963232472503894e-01,5.086895267911352159e-01,2.656314760876478109e-01,4.120788998195507036e-01,2.454570825772323384e-01,4.611841065515401294e-01,4.978109401260121247e-01,2.366460110819381124e-01,2.014325131530750046e-01,4.531911420057170292e-01,1.371427148281763875e-01,2.781788208771902027e-01,2.078606000901029593e-01,4.170131436827556048e-01,4.192133412161757056e-01
7.367974518285077545e-01,1.322816415399189205e-01,3.216751545790804134e-01,-5.983758252509628894e-01,1.991663607436356953e-01,1.000000000000000000e+00,2.681545509933245253e-01,-3.448995062666512790e-01,3.913967750453833383e-01,-7.970074260136214561e-02,1.716087102846970136e-01,-5.887414323803262794e-01,2.135179393092048461e-01,7.606544686471528038e-01,-4.515424221801266902e-01,-1.931405143554892623e-01,8.000935573507133025e-01,-6.953753452472719587e-01,-6.579336923513788848e-01,-1.455501378963228731e-01,-3.235101995614222958e-01,-2.759647963710061269e-01,5.773108295003712698e-01,8.896209615208223731e-01,7.576380142266783135e-01,6.472342224161933277e-01,6.953976301628165269e-01,3.486835347166911125e-01,8.585941833067082252e-01,7.424030332716725633e-01,2.648901781832114222e-01,6.535935670241207474e-01,6.743548551007136904e-01,-5.794307003579852733e-01,8.439322279231425972e-01,-3.459275241754463659e-01,8.010894169495544892e-01,6.340115805225703394e-01,-2.886411468686711501e-01
2.364483294508870903e-01,-5.521362786143366730e-01,-1.150230006891738710e-01,-1.377148085531200439e-01,1.710891871599523953e-02,2.681545509933245253e-01,1.000000000000000000e+00,1.002048252490998492e-01,-1.225754323507919352e-01,-2.850698626422351611e-01,-1.558769737948065837e-01,-7.282748454006959804e-01,4.390147375821452647e-01,1.769613125793956243e-01,-9.489624669098699339e-02,-2.675148908084873378e-01,7.507779737097346195e-02,-4.212945932570874574e-01,-5.108377783079069978e-01,-4.976458602134573028e-01,-3.115191148080755368e-01,-1.506246780029094900e-01,1.947553838623378719e-01,2.464074966584248461e-01,2.789576403826964923e-01,3.080693364358401132e-01,-2.569216173544062176e-01,-8.591561973749373832e-03,2.882579690750291523e-01,4.031869724186839532e-01,2.233612743346334584e-02,-3.257362551421637553e-01,-7.330994707770382979e-02,-3.571728650166035024e-01,3.507631081954744601e-01,7.176325191457076647e-02,2.012537888492623665e-03,3.206238924318832728e-01,-6.133808473578249432e-01
-4.905743141492627246e-01,-4.345550705684377846e-01,-9.295393935093957394e-01,1.480801391112301635e-01,-6.759685956246822558e-01,-3.448995062666512790e-01,1.002048252490998492e-01,1.000000000000000000e+00,-5.279574423000182870e-01,-2.475983385566591644e-01,-2.366214358944865870e-01,1.367296936017325763e-02,5.311311855211643396e-01,-4.820912571922789658e-01,-6.149885731281709567e-02,-1.557755642122281015e-01,-4.474030400754714365e-01,-2.446383396858469155e-03,-4.485559880849086800e-02,-2.052828519028818133e-01,-2.849962622260668321e-01,3.911131154594623544e-02,-4.484260261395892622e-01,-4.873677664933776521e-01,-5.100463908482507636e-01,-5.810340208698524522e-01,-5.270226140388813985e-01,-3.362020462552616218e-01,-4.389004920703741819e-01,-4.280120899843152804e-01,-7.986174171442381731e-01,-4.505976194676528657e-01,-5.657793108889165312e-01,-1.815036225587461638e-01,-3.485255835636330013e-01,-1.839573008233172935e-01,-3.930907149721477034e-01,-3.495385270992725779e-01,-2.426700747424287707e-01
6.600883765649315782e-01,6.427040969541629734e-01,5.600149144234468634e-01,-1.658396061222888185e-01,6.664444786691076095e-01,3.913967750453833383e-01,-1.225754323507919352e-01,-5.279574423000182870e-01,1.000000000000000000e+00,4.802267237426573465e-01,2.410395234374350382e-01,-8.727365781651938437e-02,-2.812125673605295750e-01,5.442486619448548835e-01,2.382621600012614083e-01,4.664105055780258247e-01,5.266988606075564405e-01,-5.719481455339106048e-03,-3.398447704793909618e-02,1.033070401992631920e-01,-1.439161549970214560e-01,-2.472766252994464120e-01,6.178034238790678367e-01,4.959956657787181755e-01,5.928547242572220766e-01,6.207836295841367980e-01,5.032188306149109058e-01,5.484479649037418136e-01,4.733832333154673333e-01,6.400094680139710723e-01,3.329374335400525631e-01,4.847509502775204093e-01,3.069719185002128259e-01,2.264879599113313047e-01,3.426584117176846300e-01,-9.979041530662126347e-03,4.605451326703084991e-01,6.632928379073401715e-01,4.126858835001608883e-01
1.023169089975759644e-01,6.432415153061379343e-01,2.770405237955547162e-01,1.638718353364337632e-01,5.125146419156181299e-01,-7.970074260136214561e-02,-2.850698626422351611e-01,-2.475983385566591644e-01,4.802267237426573465e-01,1.000000000000000000e+00,6.187346621495383447e-02,3.517261392958160315e-01,-3.067067206816356251e-01,-2.796115757602312540e-02,2.642469917809485702e-01,8.642964219060011999e-01,-3.671113861450293198e-02,4.259317257549266600e-01,3.943322941083921562e-01,-9.104900738506080393e-02,1.551782911565308121e-01,9.346120455364020918e-02,4.936003283938136810e-01,-7.932136270074524598e-02,2.620583842643735006e-01,-3.190937077563067714e-02,1.040070673791556981e-02,1.405523137953796076e-01,-1.619219964286639224e-01,9.594564929783296059e-02,1.818916220553157825e-01,3.233445974231828612e-02,-9.514737930305086633e-02,5.937199329334764686e-01,-2.838978092451840962e-01,3.942118333349460824e-01,-1.478513146811340495e-01,8.512893096132516380e-02,6.901198750475351362e-01
1.965282498448810700e-01,2.454172387112210918e-01,2.579227549792809659e-01,-1.839297103326542893e-01,2.525567103188036122e-01,1.716087102846970136e-01,-1.558769737948065837e-01,-2.366214358944865870e-01,2.410395234374350382e-01,6.187346621495383447e-02,1.000000000000000000e+00,-2.216655061249544340e-02,-2.698056263991456261e-01,2.047081955466791003e-01,7.848160419202093729e-02,5.188534906378133860e-02,2.363616171349924855e-01,4.473369912731534059e-03,6.929046810381284116e-03,4.504961414656456775e-02,-1.216575124158458809e-01,-1.949252394685244694e-01,-8.827809864322622851e-03,1.818204646321686102e-01,1.292480282764914279e-02,2.296118390006373911e-01,2.534821671355697026e-01,3.498749749034671397e-01,1.753567495887718153e-01,1.353730260453136491e-01,1.556762153411877236e-01,2.827949135478433629e-01,1.757226486217518258e-01,4.974381788116089692e-02,1.219939234355993801e-01,-1.155490671311919654e-01,2.691979905723286826e-01,1.972569360889550594e-01,1.681705194739187281e-01
-5.516366676124823121e-01,4.441560051067953152e-01,-9.147559390523441261e-03,5.007490566025724066e-01,-2.023424134898224938e-02,-5.887414323803262794e-01,-7.282748454006959804e-01,1.367296936017325763e-02,-8.727365781651938437e-02,3.517261392958160315e-01,-2.216655061249544340e-02,1.000000000000000000e+00,-2.659846768645321990e-01,-5.657202592366659122e-01,1.775580888726270290e-01,3.533243211308931264e-01,-4.379665970752866788e-01,7.095280591320408670e-01,7.947818137580622277e-01,3.323135847812528354e-01,6.040353127388602417e-01,5.648056164484126507e-01,-2.584911805738550061e-01,-5.757304970774788089e-01,-4.834686851984771883e-01,-6.276997823474425031e-01,-1.345343663434493686e-01,-2.542941583019544538e-01,-6.494847357964779189e-01,-6.685639205043807376e-01,-5.692275080368244811e-02,-1.536547593527638235e-02,-1.185089576920271282e-01,6.182395405929534959e-01,-6.996639260325919762e-01,1.827985730564223865e-01,-4.216500730606438374e-01,-6.392209755095035195e-01,6.976096425370773568e-01
-5.930008236605336519e-02,-3.488688938236272907e-01,-5.690222418708351659e-01,-2.457398747161131797e-02,-4.047830865171653802e-01,2.135179393092048461e-01,4.390147375821452647e-01,5.311311855211643396e-01,-2.812125673605295750e-01,-3.067067206816356251e-01,-2.698056263991456261e-01,-2.659846768645321990e-01,1.000000000000000000e+00,-1.033090925899943363e-01,-4.024197258168238922e-01,-3.480553875982780321e-01,-1.046269928536754448e-02,-3.449171067374862676e-01,-3.376131924197293688e-01,-3.167292938515868794e-01,-1.449861734396242496e-01,2.716411704501097146e-01,1.083752911843076025e-02,8.679450871851174254e-02,2.075684138014568733e-02,-1.996248668626010581e-01,-1.135765158735826535e-01,-2.721304069562054395e-01,7.434453185366567129e-02,4.745932844509138243e-02,-5.083651605035536258e-01,-5.376863507225389943e-02,3.731074917502065491e-02,-4.562921413742635490e-01,1.623701806270493597e-01,-3.181722439425953564e-01,2.101364512525967163e-02,-6.310464879680172112e-02,-4.116609679499289576e-01
7.827248537974550446e-01,1.492586342835804381e-01,4.907976910409541649e-01,-5.184372589799383091e-01,3.497803783362565255e-01,7.606544686471528038e-01,1.769613125793956243e-01,-4.820912571922789658e-01,5.442486619448548835e-01,-2.796115757602312540e-02,2.047081955466791003e-01,-5.657202592366659122e-01,-1.033090925899943363e-01,1.000000000000000000e+00,-2.020159645347739119e-01,-1.033935680849360911e-01,8.043607202727888206e-01,-6.269899299681974680e-01,-6.218730515122872227e-01,5.476604186938378860e-02,-4.202932686043749366e-01,-4.731914555870117556e-01,5.532629650604174998e-01,8.451518619522572218e-01,7.530957875105556143e-01,8.153625140148099693e-01,7.016647770839060660e-01,5.384033971798350970e-01,8.462991856693760084e-01,7.711342749179006528e-01,3.794223306485128289e-01,5.920667820995879627e-01,5.455956033562125995e-01,-4.625937025787806856e-01,8.102790632641001523e-01,-1.285839554929784911e-01,7.808459467529370590e-01,7.516075221087434866e-01,-2.381611670252543056e-01
-9.039218629814806116e-02,9.331939716805412455e-02,1.129902497170432729e-01,3.343693670939345552e-01,3.171906048842960124e-01,-4.515424221801266902e-01,-9.489624669098699339e-02,-6.149885731281709567e-02,2.382621600012614083e-01,2.642469917809485702e-01,7.848160419202093729e-02,1.775580888726270290e-01,-4.024197258168238922e-01,-2.020159645347739119e-01,1.000000000000000000e+00,3.801758247868641249e-01,-2.760277816303655096e-01,4.605362127531699712e-01,3.599595446265334564e-01,1.600755773790359660e-01,-1.321603609323975144e-02,-2.591732045327264644e-01,-6.816968702013966042e-02,-3.589575712119933981e-01,-1.923638732610168378e-01,6.930131056732395656e-02,-3.674628311976068096e-01,2.622972320344051922e-01,-3.206937469967621190e-01,-5.854258319333206784e-02,-5.880427469254520534e-02,-3.852281885797921857e-01,-4.691528663644035646e-01,6.175482604545894372e-01,-3.632515609128907919e-01,2.873810657047521366e-01,-3.345849254276970219e-01,8.219072041493837022e-02,3.346541496940411142e-01
8.510411718205376785e-02,6.005293936617351891e-01,1.932807033600499325e-01,2.199649730593343788e-01,4.571241938995443399e-01,-1.931405143554892623e-01,-2.675148908084873378e-01,-1.557755642122281015e-01,4.664105055780258247e-01,8.642964219060011999e-01,5.188534906378133860e-02,3.533243211308931264e-01,-3.480553875982780321e-01,-1.033935680849360911e-01,3.801758247868641249e-01,1.000000000000000000e+00,-1.267040043462908105e-01,4.862467370082750318e-01,4.185774550019024098e-01,-1.562073192217038609e-01,1.149376824574649819e-01,3.774200582720402264e-02,3.933614372274462645e-01,-1.969831473390117604e-01,1.442656825274769850e-01,-6.414761588113582214e-02,-1.372836622618028857e-01,1.056730352595433298e-01,-2.413797850830111669e-01,4.371279438133909151e-02,1.429403640701655820e-01,-1.042091537906016663e-01,-2.720025636319333140e-01,6.569525832000805421e-01,-3.739767121264050420e-01,3.925083346882963786e-01,-2.714607428645962606e-01,1.116037644613608881e-01,7.004561751670138614e-01
7.469857453261976588e-01,2.891854599794279612e-01,4.445604716890764752e-01,-4.502524792361216610e-01,3.452377891125319453e-01,8.000935573507133025e-01,7.507779737097346195e-02,-4.474030400754714365e-01,5.266988606075564405e-01,-3.671113861450293198e-02,2.363616171349924855e-01,-4.379665970752866788e-01,-1.046269928536754448e-02,8.043607202727888206e-01,-2.760277816303655096e-01,-1.267040043462908105e-01,1.000000000000000000e+00,-5.694228808541710318e-01,-5.256256751774467384e-01,-1.479660341303856751e-03,-3.017138947664678161e-01,-3.353827326505532391e-01,5.665896222477992961e-01,8.316866417452374316e-01,6.832653548832057222e-01,7.152709482512039640e-01,7.479056601141467198e-01,4.544605276404686256e-01,8.069741734744970696e-01,6.986908782556179309e-01,3.566074214093553629e-01,7.266912327818777495e-01,6.364459045053324493e-01,-4.121578048888147605e-01,7.561417439254303208e-01,-3.218077404041011502e-01,7.847589712523800332e-01,6.500060121376823874e-01,-1.099500200752686341e-01
-5.029430005769778278e-01,3.417451251137280654e-01,2.630760050804805197e-02,5.758412114336309839e-01,2.018876488967569771e-01,-6.953753452472719587e-01,-4.212945932570874574e-01,-2.446383396858469155e-03,-5.719481455339106048e-03,4.259317257549266600e-01,4.473369912731534059e-03,7.095280591320408670e-01,-3.449171067374862676e-01,-6.269899299681974680e-01,4.605362127531699712e-01,4.862467370082750318e-01,-5.694228808541710318e-01,1.000000000000000000e+00,9.020331552410377762e-01,1.682472730848976750e-01,4.982937141025131633e-01,3.553947641633308230e-01,-2.320980089149609349e-01,-6.670419256601302083e-01,-4.756370805886535602e-01,-4.939284954719521115e-01,-4.130384150289517775e-01,-1.608144180801291678e-01,-7.006461545692445059e-01,-5.583483393717064702e-01,-6.616113024855782565e-02,-3.187263816416633366e-01,-3.818294088923300800e-01,8.192600065392934283e-01,-7.697205591219111742e-01,2.864048775935556512e-01,-5.892629459171149220e-01,-5.028033028486804668e-01,6.799127409751424267e-01
-5.433196666684364518e-01,3.891289524178206949e-01,6.292887737837113415e-02,5.334649618015544492e-01,1.786468116912777737e-01,-6.579336923513788848e-01,-5.108377783079069978e-01,-4.485559880849086800e-02,-3.398447704793909618e-02,3.943322941083921562e-01,6.929046810381284116e-03,7.947818137580622277e-01,-3.376131924197293688e-01,-6.218730515122872227e-01,3.599595446265334564e-01,4.185774550019024098e-01,-5.256256751774467384e-01,9.020331552410377762e-01,1.000000000000000000e+00,2.417047256438345226e-01,5.700875500457175393e-01,4.684462260648291632e-01,-2.300958969397790821e-01,-6.402129159673197734e-01,-4.754363392635402308e-01,-5.377764072058530687e-01,-3.089736559187903908e-01,-1.896625058185436030e-01,-6.959140759225095341e-01,-6.155404684319433217e-01,-3.124971990718530823e-02,-2.042113078974863716e-01,-2.642799519899455274e-01,7.867069389609800956e-01,-7.632917362184812315e-01,2.670375258642722627e-01,-5.311318441655015210e-01,-5.893063901148816175e-01,6.966238717699302363e-01
-6.581901481329201220e-02,1.894255304509590287e-01,2.092836511622647166e-01,3.230564837744721862e-02,-3.180271468750128783e-02,-1.455501378963228731e-01,-4.976458602134573028e-01,-2.052828519028818133e-01,1.033070401992631920e-01,-9.104900738506080393e-02,4.504961414656456775e-02,3.323135847812528354e-01,-3.167292938515868794e-01,5.476604186938378860e-02,1.600755773790359660e-01,-1.562073192217038609e-01,-1.479660341303856751e-03,1.682472730848976750e-01,2.417047256438345226e-01,1.000000000000000000e+00,2.546286336881137258e-01,9.531555487965633067e-02,-2.501711878108184295e-01,-1.822869796025771219e-02,-1.884160835786966026e-01,4.320965504065852475e-02,3.572306059408842938e-01,3.470122082807176045e-01,-8.135179824618997413e-03,-1.508123291953834821e-01,-4.807752344594320298e-02,3.194826253188950416e-01,2.712546991586106127e-01,6.963036917144621585e-02,-1.609513507661254617e-02,-1.019372401203332279e-01,2.425678114712697397e-01,-1.316601793340576865e-01,1.425091382379082838e-01
-2.846818783285828824e-01,2.608418389725668529e-01,2.382943333785532969e-01,3.168214110083146240e-01,3.102033747048375464e-02,-3.235101995614222958e-01,-3.115191148080755368e-01,-2.849962622260668321e-01,-1.439161549970214560e-01,1.551782911565308121e-01,-1.216575124158458809e-01,6.040353127388602417e-01,-1.449861734396242496e-01,-4.202932686043749366e-01,-1.321603609323975144e-02,1.149376824574649819e-01,-3.017138947664678161e-01,4.982937141025131633e-01,5.700875500457175393e-01,2.546286336881137258e-01,1.000000000000000000e+00,6.549551681110958867e-01,-1.067565427232744640e-01,-2.898892813874062724e-01,-2.645432013058424681e-01,-3.708481488095002887e-01,-6.514691618415453800e-02,-3.866892346007402281e-01,-3.435701245355011757e-01,-4.121939760715845891e-01,2.835332188904844397e-01,-1.850199284613499723e-02,2.183310651322243889e-01,3.968617797694418692e-01,-3.761473836055947984e-01,1.522914900839696661e-01,-3.287996038429503165e-01,-4.953645514869859934e-01,4.074507328002747175e-01
-4.390086772350408340e-01,1.357296800434548423e-01,-7.874997395580982107e-02,2.777007092920120712e-01,-1.144089472230156307e-01,-2.759647963710061269e-01,-1.506246780029094900e-01,3.911131154594623544e-02,-2.472766252994464120e-01,9.346120455364020918e-02,-1.949252394685244694e-01,5.648056164484126507e-01,2.716411704501097146e-01,-4.731914555870117556e-01,-2.591732045327264644e-01,3.774200582720402264e-02,-3.353827326505532391e-01,3.553947641633308230e-01,4.684462260648291632e-01,9.531555487965633067e-02,6.549551681110958867e-01,1.000000000000000000e+00,-7.958424504157403379e-02,-3.151608732979696015e-01,-2.769387751824676780e-01,-5.418470682550357020e-01,-1.239080687870258712e-01,-3.897219970181116655e-01,-4.140401477359677562e-01,-4.644117645547683471e-01,1.021140918548553780e-02,-6.084850088248044443e-03,1.634852820893646641e-01,2.481790183864344967e-01,-4.194613113888115974e-01,1.274412639589947438e-01,-3.274087145695987466e-01,-5.945860403424730878e-01,2.681686914293391344e-01
6.102088441798482199e-01,4.246420553179922619e-01,4.511889584601647685e-01,-2.406146119696641328e-01,5.793237000969114758e-01,5.773108295003712698e-01,1.947553838623378719e-01,-4.484260261395892622e-01,6.178034238790678367e-01,4.936003283938136810e-01,-8.827809864322622851e-03,-2.584911805738550061e-01,1.083752911843076025e-02,5.532629650604174998e-01,-6.816968702013966042e-02,3.933614372274462645e-01,5.665896222477992961e-01,-2.320980089149609349e-01,-2.300958969397790821e-01,-2.501711878108184295e-01,-1.067565427232744640e-01,-7.958424504157403379e-02,1.000000000000000000e+00,5.940206515408965604e-01,8.079354298243790478e-01,5.200889242344011176e-01,4.051241483062992810e-01,3.435646168807022782e-01,4.995165106444499070e-01,6.403680322087862420e-01,3.799449641739798822e-01,3.767230387480914322e-01,3.781894668692478700e-01,1.781750308269944294e-02,4.166351875317291786e-01,1.867938688837160466e-01,3.957790218619352540e-01,5.512067862885926539e-01,1.929284769524032273e-01
8.034911460717885090e-01,1.803165592880780488e-01,4.699122216754397230e-01,-5.441641592098709346e-01,3.052709336045851818e-01,8.896209615208223731e-01,2.464074966584248461e-01,-4.873677664933776521e-01,4.959956657787181755e-01,-7.932136270074524598e-02,1.818204646321686102e-01,-5.757304970774788089e-01,8.679450871851174254e-02,8.451518619522572218e-01,-3.589575712119933981e-01,-1.969831473390117604e-01,8.316866417452374316e-01,-6.670419256601302083e-01,-6.402129159673197734e-01,-1.822869796025771219e-02,-2.898892813874062724e-01,-3.151608732979696015e-01,5.940206515408965604e-01,1.000000000000000000e+00,7.938038204641537643e-01,7.715785409341164858e-01,7.585656337425167317e-01,4.515614903814533232e-01,9.037536559125882718e-01,8.004176092054811065e-01,3.730657895637578547e-01,6.906978508893361068e-01,7.169004218186622035e-01,-5.243894790697820607e-01,8.817100142293342602e-01,-2.769425714412223072e-01,8.463486273311020547e-01,7.058924112086745195e-01,-2.562674647994986898e-01
7.525857863243745616e-01,2.743779039251573737e-01,5.088648673460429706e-01,-4.051170742526044033e-01,4.925963232472503894e-01,7.576380142266783135e-01,2.789576403826964923e-01,-5.100463908482507636e-01,5.928547242572220766e-01,2.620583842643735006e-01,1.292480282764914279e-02,-4.834686851984771883e-01,2.075684138014568733e-02,7.530957875105556143e-01,-1.923638732610168378e-01,1.442656825274769850e-01,6.832653548832057222e-01,-4.756370805886535602e-01,-4.754363392635402308e-01,-1.884160835786966026e-01,-2.645432013058424681e-01,-2.769387751824676780e-01,8.079354298243790478e-01,7.938038204641537643e-01,1.000000000000000000e+00,6.985792599998957852e-01,5.706394240661613049e-01,4.068421924442624515e-01,7.367342330076019907e-01,7.876836984875308367e-01,4.129850293842319275e-01,4.886958635083382685e-01,5.122703501661840519e-01,-2.566374684090088065e-01,6.828415258920562669e-01,5.097468524764973974e-02,6.243460539204316317e-01,6.886713510367570290e-01,-7.208315943602919273e-02
8.180532403546317832e-01,1.228339172958073516e-01,5.949601888842429576e-01,-4.319844340389982218e-01,5.086895267911352159e-01,6.472342224161933277e-01,3.080693364358401132e-01,-5.810340208698524522e-01,6.207836295841367980e-01,-3.190937077563067714e-02,2.296118390006373911e-01,-6.276997823474425031e-01,-1.996248668626010581e-01,8.153625140148099693e-01,6.930131056732395656e-02,-6.414761588113582214e-02,7.152709482512039640e-01,-4.939284954719521115e-01,-5.377764072058530687e-01,4.320965504065852475e-02,-3.708481488095002887e-01,-5.418470682550357020e-01,5.200889242344011176e-01,7.715785409341164858e-01,6.985792599998957852e-01,1.000000000000000000e+00,5.520834683709654467e-01,6.009993752715168114e-01,8.005458691530551452e-01,8.441146133506746141e-01,4.610664224131890143e-01,4.300844737236559912e-01,4.356058231275380943e-01,-2.665768120392453255e-01,7.549164341883285445e-01,-9.129907658560826311e-02,6.698712823720374132e-01,8.327997656679301253e-01,-2.124967039085060017e-01
5.916940363659166646e-01,4.524494378310304765e-01,5.155836950132536289e-01,-4.151779031613918036e-01,2.656314760876478109e-01,6.953976301628165269e-01,-2.569216173544062176e-01,-5.270226140388813985e-01,5.032188306149109058e-01,1.040070673791556981e-02,2.534821671355697026e-01,-1.345343663434493686e-01,-1.135765158735826535e-01,7.016647770839060660e-01,-3.674628311976068096e-01,-1.372836622618028857e-01,7.479056601141467198e-01,-4.130384150289517775e-01,-3.089736559187903908e-01,3.572306059408842938e-01,-6.514691618415453800e-02,-1.239080687870258712e-01,4.051241483062992810e-01,7.585656337425167317e-01,5.706394240661613049e-01,5.520834683709654467e-01,1.000000000000000000e+00,4.593647612313515038e-01,7.025711354125044883e-01,5.239018550729802604e-01,3.138890601561408200e-01,8.885440056707066825e-01,8.068706739306702458e-01,-3.454585066094273405e-01,6.628192361991566139e-01,-3.584843130755850371e-01,8.531919203400890606e-01,4.355724577672184794e-01,3.576426773976216361e-02
4.497624025081903287e-01,2.461878075738412330e-01,3.777179935090020368e-01,-1.600709864132918159e-01,4.120788998195507036e-01,3.486835347166911125e-01,-8.591561973749373832e-03,-3.362020462552616218e-01,5.484479649037418136e-01,1.405523137953796076e-01,3.498749749034671397e-01,-2.542941583019544538e-01,-2.721304069562054395e-01,5.384033971798350970e-01,2.622972320344051922e-01,1.056730352595433298e-01,4.544605276404686256e-01,-1.608144180801291678e-01,-1.896625058185436030e-01,3.470122082807176045e-01,-3.866892346007402281e-01,-3.897219970181116655e-01,3.435646168807022782e-01,4.515614903814533232e-01,4.068421924442624515e-01,6.009993752715168114e-01,4.593647612313515038e-01,1.000000000000000000e+00,4.294384634622770425e-01,5.027413483596666621e-01,7.779345409014397361e-02,3.956708781441677925e-01,2.538912045305225518e-01,-3.064488534835029757e-03,3.735079690097796723e-01,-2.866247099153927322e-02,5.560196383950301025e-01,5.255452744690181088e-01,5.116953224027191022e-02
8.398503379792741086e-01,9.308288666167958969e-02,4.204690456727913639e-01,-5.582582699983372754e-01,2.454570825772323384e-01,8.585941833067082252e-01,2.882579690750291523e-01,-4.389004920703741819e-01,4.733832333154673333e-01,-1.619219964286639224e-01,1.753567495887718153e-01,-6.494847357964779189e-01,7.434453185366567129e-02,8.462991856693760084e-01,-3.206937469967621190e-01,-2.413797850830111669e-01,8.069741734744970696e-01,-7.006461545692445059e-01,-6.959140759225095341e-01,-8.135179824618997413e-03,-3.435701245355011757e-01,-4.140401477359677562e-01,4.995165106444499070e-01,9.037536559125882718e-01,7.367342330076019907e-01,8.005458691530551452e-01,7.025711354125044883e-01,4.294384634622770425e-01,1.000000000000000000e+00,8.222798515870332059e-01,3.520451463725152164e-01,6.164194447696947909e-01,6.380207746568392624e-01,-5.825111392135982058e-01,9.123180394571780427e-01,-3.500241743272500261e-01,8.232790666822916714e-01,7.618309457638028359e-01,-3.480096625207772520e-01
8.575273886202301465e-01,1.624237315208085786e-01,4.306600540598743976e-01,-4.145012919062391887e-01,4.611841065515401294e-01,7.424030332716725633e-01,4.031869724186839532e-01,-4.280120899843152804e-01,6.400094680139710723e-01,9.594564929783296059e-02,1.353730260453136491e-01,-6.685639205043807376e-01,4.745932844509138243e-02,7.711342749179006528e-01,-5.854258319333206784e-02,4.371279438133909151e-02,6.986908782556179309e-01,-5.583483393717064702e-01,-6.155404684319433217e-01,-1.508123291953834821e-01,-4.121939760715845891e-01,-4.644117645547683471e-01,6.403680322087862420e-01,8.004176092054811065e-01,7.876836984875308367e-01,8.441146133506746141e-01,5.239018550729802604e-01,5.027413483596666621e-01,8.222798515870332059e-01,1.000000000000000000e+00,3.218297441197769948e-01,4.214864266285220928e-01,4.237357366506582790e-01,-3.264199126134870732e-01,7.815313568733144312e-01,-1.752362310923348265e-01,6.633592848030238631e-01,8.685477944229896829e-01,-2.176944992029282433e-01
4.026715174440193556e-01,2.730573033405495620e-01,7.867031109354709617e-01,-2.101165278878051601e-01,4.978109401260121247e-01,2.648901781832114222e-01,2.233612743346334584e-02,-7.986174171442381731e-01,3.329374335400525631e-01,1.818916220553157825e-01,1.556762153411877236e-01,-5.692275080368244811e-02,-5.083651605035536258e-01,3.794223306485128289e-01,-5.880427469254520534e-02,1.429403640701655820e-01,3.566074214093553629e-01,-6.616113024855782565e-02,-3.124971990718530823e-02,-4.807752344594320298e-02,2.835332188904844397e-01,1.021140918548553780e-02,3.799449641739798822e-01,3.730657895637578547e-01,4.129850293842319275e-01,4.610664224131890143e-01,3.138890601561408200e-01,7.779345409014397361e-02,3.520451463725152164e-01,3.218297441197769948e-01,1.000000000000000000e+00,2.582861234455115507e-01,4.119613336425164141e-01,1.241743285221229842e-01,2.643609931111010058e-01,2.843005618077567020e-01,1.796740139740108932e-01,2.747114016718364415e-01,1.453146070516015687e-01
5.162207132215038685e-01,5.341822903188879756e-01,4.363076668246662071e-01,-3.693724356434328615e-01,2.366460110819381124e-01,6.535935670241207474e-01,-3.257362551421637553e-01,-4.505976194676528657e-01,4.847509502775204093e-01,3.233445974231828612e-02,2.827949135478433629e-01,-1.536547593527638235e-02,-5.376863507225389943e-02,5.920667820995879627e-01,-3.852281885797921857e-01,-1.042091537906016663e-01,7.266912327818777495e-01,-3.187263816416633366e-01,-2.042113078974863716e-01,3.194826253188950416e-01,-1.850199284613499723e-02,-6.084850088248044443e-03,3.767230387480914322e-01,6.906978508893361068e-01,4.886958635083382685e-01,4.300844737236559912e-01,8.885440056707066825e-01,3.956708781441677925e-01,6.164194447696947909e-01,4.214864266285220928e-01,2.582861234455115507e-01,1.000000000000000000e+00,7.977156190803172953e-01,-2.763473341730967592e-01,5.639124053869319919e-01,-4.111108459552439420e-01,8.079892675031675742e-01,3.448499935496455171e-01,1.564607272435940000e-01
4.796950486011836157e-01,3.099532002646926965e-01,5.229037518934581685e-01,-3.923820030767994349e-01,2.014325131530750046e-01,6.743548551007136904e-01,-7.330994707770382979e-02,-5.657793108889165312e-01,3.069719185002128259e-01,-9.514737930305086633e-02,1.757226486217518258e-01,-1.185089576920271282e-01,3.731074917502065491e-02,5.455956033562125995e-01,-4.691528663644035646e-01,-2.720025636319333140e-01,6.364459045053324493e-01,-3.818294088923300800e-01,-2.642799519899455274e-01,2.712546991586106127e-01,2.183310651322243889e-01,1.634852820893646641e-01,3.781894668692478700e-01,7.169004218186622035e-01,5.122703501661840519e-01,4.356058231275380943e-01,8.068706739306702458e-01,2.538912045305225518e-01,6.380207746568392624e-01,4.237357366506582790e-01,4.119613336425164141e-01,7.977156190803172953e-01,1.000000000000000000e+00,-3.552359034554325445e-01,6.229476670761658896e-01,-3.159417928266457509e-01,7.275527586129847402e-01,2.625369367709898261e-01,-4.301103811739580285e-02
-3.119169774978660659e-01,4.531869108487979747e-01,2.194876506467586808e-01,4.868789543572255574e-01,4.531911420057170292e-01,-5.794307003579852733e-01,-3.571728650166035024e-01,-1.815036225587461638e-01,2.264879599113313047e-01,5.937199329334764686e-01,4.974381788116089692e-02,6.182395405929534959e-01,-4.562921413742635490e-01,-4.625937025787806856e-01,6.175482604545894372e-01,6.569525832000805421e-01,-4.121578048888147605e-01,8.192600065392934283e-01,7.867069389609800956e-01,6.963036917144621585e-02,3.968617797694418692e-01,2.481790183864344967e-01,1.781750308269944294e-02,-5.243894790697820607e-01,-2.566374684090088065e-01,-2.665768120392453255e-01,-3.454585066094273405e-01,-3.064488534835029757e-03,-5.825111392135982058e-01,-3.264199126134870732e-01,1.241743285221229842e-01,-2.763473341730967592e-01,-3.552359034554325445e-01,1.000000000000000000e+00,-6.777767869566035941e-01,4.371625930109766522e-01,-5.168636131074693107e-01,-2.768565234404279374e-01,7.439118726766873468e-01
7.650662332646789299e-01,-5.141356704377245124e-02,3.236830874697671501e-01,-5.546408833291490703e-01,1.371427148281763875e-01,8.439322279231425972e-01,3.507631081954744601e-01,-3.485255835636330013e-01,3.426584117176846300e-01,-2.838978092451840962e-01,1.219939234355993801e-01,-6.996639260325919762e-01,1.623701806270493597e-01,8.102790632641001523e-01,-3.632515609128907919e-01,-3.739767121264050420e-01,7.561417439254303208e-01,-7.697205591219111742e-01,-7.632917362184812315e-01,-1.609513507661254617e-02,-3.761473836055947984e-01,-4.194613113888115974e-01,4.166351875317291786e-01,8.817100142293342602e-01,6.828415258920562669e-01,7.549164341883285445e-01,6.628192361991566139e-01,3.735079690097796723e-01,9.123180394571780427e-01,7.815313568733144312e-01,2.643609931111010058e-01,5.639124053869319919e-01,6.229476670761658896e-01,-6.777767869566035941e-01,1.000000000000000000e+00,-3.842539170089497857e-01,8.158287381619824252e-01,7.054977670675286472e-01,-4.741546341855490398e-01
-2.162508752205972162e-01,-1.352570360022154958e-02,2.157739862660802976e-01,2.052258919290288197e-01,2.781788208771902027e-01,-3.459275241754463659e-01,7.176325191457076647e-02,-1.839573008233172935e-01,-9.979041530662126347e-03,3.942118333349460824e-01,-1.155490671311919654e-01,1.827985730564223865e-01,-3.181722439425953564e-01,-1.285839554929784911e-01,2.873810657047521366e-01,3.925083346882963786e-01,-3.218077404041011502e-01,2.864048775935556512e-01,2.670375258642722627e-01,-1.019372401203332279e-01,1.522914900839696661e-01,1.274412639589947438e-01,1.867938688837160466e-01,-2.769425714412223072e-01,5.097468524764973974e-02,-9.129907658560826311e-02,-3.584843130755850371e-01,-2.866247099153927322e-02,-3.500241743272500261e-01,-1.752362310923348265e-01,2.843005618077567020e-01,-4.111108459552439420e-01,-3.159417928266457509e-01,4.371625930109766522e-01,-3.842539170089497857e-01,1.000000000000000000e+00,-4.368548320095910209e-01,-1.553169371406591670e-01,2.090716194931369620e-01
6.787878316863852346e-01,2.398597734328181963e-01,3.843869759536010511e-01,-5.079908006591625780e-01,2.078606000901029593e-01,8.010894169495544892e-01,2.012537888492623665e-03,-3.930907149721477034e-01,4.605451326703084991e-01,-1.478513146811340495e-01,2.691979905723286826e-01,-4.216500730606438374e-01,2.101364512525967163e-02,7.808459467529370590e-01,-3.345849254276970219e-01,-2.714607428645962606e-01,7.847589712523800332e-01,-5.892629459171149220e-01,-5.311318441655015210e-01,2.425678114712697397e-01,-3.287996038429503165e-01,-3.274087145695987466e-01,3.957790218619352540e-01,8.463486273311020547e-01,6.243460539204316317e-01,6.698712823720374132e-01,8.531919203400890606e-01,5.560196383950301025e-01,8.232790666822916714e-01,6.633592848030238631e-01,1.796740139740108932e-01,8.079892675031675742e-01,7.275527586129847402e-01,-5.168636131074693107e-01,8.158287381619824252e-01,-4.368548320095910209e-01,1.000000000000000000e+00,5.901656522043546849e-01,-1.997260421681329445e-01
8.650595687545288293e-01,1.746162281234499847e-01,3.678703137360898046e-01,-4.008983291676291305e-01,4.170131436827556048e-01,6.340115805225703394e-01,3.206238924318832728e-01,-3.495385270992725779e-01,6.632928379073401715e-01,8.512893096132516380e-02,1.972569360889550594e-01,-6.392209755095035195e-01,-6.310464879680172112e-02,7.516075221087434866e-01,8.219072041493837022e-02,1.116037644613608881e-01,6.500060121376823874e-01,-5.028033028486804668e-01,-5.893063901148816175e-01,-1.316601793340576865e-01,-4.953645514869859934e-01,-5.945860403424730878e-01,5.512067862885926539e-01,7.058924112086745195e-01,6.886713510367570290e-01,8.327997656679301253e-01,4.355724577672184794e-01,5.255452744690181088e-01,7.618309457638028359e-01,8.685477944229896829e-01,2.747114016718364415e-01,3.448499935496455171e-01,2.625369367709898261e-01,-2.768565234404279374e-01,7.054977670675286472e-01,-1.553169371406591670e-01,5.901656522043546849e-01,1.000000000000000000e+00,-1.502507767426593532e-01
-8.924345947506991117e-02,7.762851854378841621e-01,2.700455933794839725e-01,3.371853206381272283e-01,4.192133412161757056e-01,-2.886411468686711501e-01,-6.133808473578249432e-01,-2.426700747424287707e-01,4.126858835001608883e-01,6.901198750475351362e-01,1.681705194739187281e-01,6.976096425370773568e-01,-4.116609679499289576e-01,-2.381611670252543056e-01,3.346541496940411142e-01,7.004561751670138614e-01,-1.099500200752686341e-01,6.799127409751424267e-01,6.966238717699302363e-01,1.425091382379082838e-01,4.074507328002747175e-01,2.681686914293391344e-01,1.929284769524032273e-01,-2.562674647994986898e-01,-7.208315943602919273e-02,-2.124967039085060017e-01,3.576426773976216361e-02,5.116953224027191022e-02,-3.480096625207772520e-01,-2.176944992029282433e-01,1.453146070516015687e-01,1.564607272435940000e-01,-4.301103811739580285e-02,7.439118726766873468e-01,-4.741546341855490398e-01,2.090716194931369620e-01,-1.997260421681329445e-01,-1.502507767426593532e-01,1.000000000000000000e+00
