1.000000000000000000e+00,6.233338256596947513e-01,5.633557799892205953e-01,6.526041747888028377e-01,6.699731981851302365e-01,-5.719891176685099055e-01,6.861593859993909694e-01,-7.028540123229047587e-02,8.182081668647062100e-01,5.709046154297441333e-01,4.509221984642541869e-01,3.463304868914256485e-01,4.802344972581695792e-01,6.876753958846389958e-01,3.333437220869789330e-01,7.031528267309689051e-01,2.177053191396824128e-01,4.369299787081064035e-01,4.522468309564865452e-01,4.325971344436715937e-01,5.584617089651229271e-01,6.325523900503786656e-01,-4.131390762291630159e-01,-2.118620972932769853e-01,-2.423116838522773597e-02,8.133470839178887912e-01,6.667532543106000631e-01,7.523892483250796959e-01,8.328020003803577875e-01,6.530954472343830641e-01,4.433079306811519849e-01,2.405500104975397679e-01,5.510016293139691212e-01,7.124682815869362029e-01,7.486646597770232336e-01,6.598711114505074748e-01,4.426946619031925101e-01,1.774380332872947663e-01,5.601642994238343887e-01
6.233338256596947513e-01,1.000000000000000000e+00,5.011937982599481423e-01,3.836300075105099627e-01,5.468471192245254464e-01,-1.918832531938824970e-01,3.012745962696281032e-01,-3.364378570346207020e-01,6.443220472304601598e-01,5.138643484590630361e-01,1.443579107693790664e-01,4.330337840404820948e-01,8.303253142076967575e-02,4.016907269900747979e-01,3.355779135880899156e-01,4.148373883625935399e-01,7.622861400501051987e-02,2.648573210938390265e-01,2.836962254598985322e-01,2.307789458370281821e-01,4.159549298968092668e-01,4.286719898002517848e-01,-5.174066945558954134e-02,5.325303550161633592e-02,1.214878732745097722e-01,4.794403845779735551e-01,3.029510831881759292e-01,3.594713846373741584e-01,4.971548010627357406e-01,3.279913065364657987e-01,4.063938093341000757e-01,1.733625606376833217e-01,4.254669483706765565e-01,4.738196806245122406e-01,4.137121797691087344e-01,3.809155194339127748e-01,3.696397100552144543e-01,6.232419816066068347e-02,3.462089061292967229e-01
5.633557799892205953e-01,5.011937982599481423e-01,1.000000000000000000e+00,4.928526393350318169e-01,8.500000292740390595e-01,-3.708145224780348137e-01,5.250733747027570564e-01,-5.958530718278125526e-01,5.585433074396535247e-01,6.661556054259930582e-01,1.792357082749398978e-01,1.100950550631654423e-01,1.196464866080243356e-01,5.704664293862853341e-01,-1.574182529696201149e-02,6.456279630360068911e-01,1.344742381687352717e-01,7.370198969251777754e-01,7.023172771526765557e-01,7.697398905687588555e-02,7.874276513416266221e-01,5.854912756955092945e-01,-1.901884343780237130e-01,-7.643018385039551665e-02,-3.145192162928082957e-02,5.283806758518111435e-01,5.082437266869240799e-01,4.613117221249692368e-01,4.622290551912615619e-01,6.137277125195279570e-01,7.473513494172366878e-01,-9.941860647108702320e-02,4.939099772095734697e-01,7.874516594762379640e-01,4.229186644522651140e-01,4.651071644276045802e-01,2.016212123658683852e-01,1.701064262009673034e-01,5.400338504804319539e-01
6.526041747888028377e-01,3.836300075105099627e-01,4.928526393350318169e-01,1.000000000000000000e+00,6.322131012034689634e-01,-7.605745717583130006e-01,8.471167337444117651e-01,1.999662971580307425e-01,6.824474397106453649e-01,2.931406213308313524e-01,6.883417093311307022e-01,3.817788306558440592e-01,6.507300527204173957e-01,7.734046430173850961e-01,1.824527409792121857e-01,5.848764072262113700e-01,4.886722718769967999e-01,5.489052326217026545e-01,4.929374213412060501e-01,1.660531675509056004e-01,7.047448053167122417e-01,5.749239068418996457e-01,-6.242436368873273134e-01,-4.514409879672212633e-01,-3.563750901427767404e-01,7.820416509831805696e-01,7.591727667323175943e-01,8.188443925720557681e-01,7.574723192090752066e-01,4.891822159371124745e-01,5.671937936003410563e-01,2.263271257495564626e-01,5.973336939885636188e-01,6.873925063695057736e-01,7.885356285479203642e-01,7.131963130259256767e-01,3.718358338452520395e-01,-8.556910498478313698e-02,3.226792587136030899e-01
6.699731981851302365e-01,5.468471192245254464e-01,8.500000292740390595e-01,6.322131012034689634e-01,1.000000000000000000e+00,-4.935187145388368335e-01,6.363872120865693427e-01,-4.002731582115989228e-01,6.617290802367834512e-01,6.424971258695878484e-01,3.148244665372287310e-01,2.263851395711304060e-01,2.623674270882587201e-01,7.017420984210513968e-01,5.781450314285913050e-02,6.860907012402033267e-01,1.834503688029352764e-01,7.663563173682493845e-01,6.960228641700296759e-01,1.356515522745962987e-01,7.657161041140602142e-01,6.230490063354177099e-01,-2.998662591387377119e-01,-1.515614898226505247e-01,-1.045352442383082336e-01,6.244428022601259398e-01,5.973401159349495115e-01,5.880226413175400069e-01,5.901137121974162625e-01,7.066288910993349104e-01,7.532063767605973181e-01,1.883021781195800409e-02,5.342853328725999384e-01,8.550410058013497849e-01,5.496076258741364740e-01,6.124524058914472269e-01,2.660220305057469647e-01,1.478706344934993255e-01,5.634463001475372712e-01
-5.719891176685099055e-01,-1.918832531938824970e-01,-3.708145224780348137e-01,-7.605745717583130006e-01,-4.935187145388368335e-01,1.000000000000000000e+00,-8.464898592114743492e-01,-4.081380974404696382e-01,-5.280685092949958248e-01,-1.782515799809385182e-01,-7.664055225780164182e-01,-3.381104076247119505e-01,-7.613301386332685938e-01,-6.858105988852579715e-01,-9.294850422176936799e-02,-4.744494936716350253e-01,-5.240784925547677942e-01,-4.999732180952395355e-01,-4.709980136425934161e-01,-1.032278375005182963e-01,-7.014413466009954412e-01,-5.400737991667199367e-01,8.601002337134932008e-01,7.032932324285726677e-01,5.777329442622852751e-01,-7.550309227792962874e-01,-7.800541014867488077e-01,-8.423410663089732076e-01,-6.939183112686067023e-01,-4.071529960408488691e-01,-4.680581067506784376e-01,-2.460630653302896265e-01,-4.928020003370503499e-01,-6.409494656738240481e-01,-7.135376423230962439e-01,-6.979509724777723800e-01,-1.099329464439358917e-01,1.276466354105922074e-01,-2.856938646436595342e-01
6.861593859993909694e-01,3.012745962696281032e-01,5.250733747027570564e-01,8.471167337444117651e-01,6.363872120865693427e-01,-8.464898592114743492e-01,1.000000000000000000e+00,2.321492406993953539e-01,6.577223162915926125e-01,3.481533849405231140e-01,7.246630732937440200e-01,2.608112784861206790e-01,6.811989122434680688e-01,7.764868126030030071e-01,8.131748300229424409e-02,6.355738976728928513e-01,4.659317924241384024e-01,6.168406651916156225e-01,5.544205270370488048e-01,2.586489166848895405e-01,7.554528525684250928e-01,6.839197047487336478e-01,-7.282557912476880224e-01,-5.866824912321055852e-01,-4.377669166500419151e-01,8.286297696440367844e-01,8.775260004063866193e-01,9.008590213375829991e-01,7.829926623777262451e-01,6.108698958854924532e-01,5.949987331825693504e-01,3.219088491382769979e-01,5.597153351654752251e-01,7.336812780782183685e-01,8.064489385920695641e-01,7.543970417126488748e-01,3.409919513073389474e-01,2.538910887257895752e-02,4.881173925769614064e-01
-7.028540123229047587e-02,-3.364378570346207020e-01,-5.958530718278125526e-01,1.999662971580307425e-01,-4.002731582115989228e-01,-4.081380974404696382e-01,2.321492406993953539e-01,1.000000000000000000e+00,-1.006963793006709212e-01,-4.946315001045392679e-01,4.685844377099794844e-01,2.215916177993427771e-01,5.268161362363334987e-01,7.933770733712189327e-02,1.254976144823628514e-01,-1.828340202406165127e-01,3.400020238516154314e-01,-2.769065053459857650e-01,-2.706608004197270656e-01,2.712198854623089350e-02,-1.652900282704871660e-01,-1.238226805897782445e-01,-5.063252335161874118e-01,-4.663199802649986569e-01,-4.176421633284826407e-01,1.518270150954515452e-01,1.956998658834656346e-01,2.808165150487449413e-01,1.653740536930074778e-01,-2.259517989055999931e-01,-3.012604286408134269e-01,3.220752495012414451e-01,-6.380401896442181725e-03,-1.931944486335501476e-01,2.560802871733870445e-01,1.885010376097422669e-01,1.549193167390559150e-02,-2.952073388638843388e-01,-2.906882780270820810e-01
8.182081668647062100e-01,6.443220472304601598e-01,5.585433074396535247e-01,6.824474397106453649e-01,6.617290802367834512e-01,-5.280685092949958248e-01,6.577223162915926125e-01,-1.006963793006709212e-01,1.000000000000000000e+00,5.677893123720639812e-01,4.566486793789631404e-01,2.318374364854673964e-01,4.782898290504134509e-01,6.507686619328988398e-01,2.129517956340746254e-01,7.120657147185796010e-01,3.181059490805834278e-01,4.651452356481702299e-01,3.991562680856390322e-01,3.161213883922329160e-01,5.521220702454752161e-01,5.757167641847613648e-01,-3.659383595016126867e-01,-1.880588931343631642e-01,-4.423853833926839896e-02,7.255907133863562786e-01,5.667513520022749995e-01,6.725274553097205787e-01,7.507969488705017458e-01,5.969576666772167250e-01,4.192485420425523523e-01,1.564251273810148279e-01,4.574530356566489653e-01,6.349077747932208027e-01,6.818908213354110126e-01,5.789366248518256208e-01,3.493569472968108269e-01,2.207697748493637757e-01,5.666163175006084796e-01
5.709046154297441333e-01,5.138643484590630361e-01,6.661556054259930582e-01,2.931406213308313524e-01,6.424971258695878484e-01,-1.782515799809385182e-01,3.481533849405231140e-01,-4.946315001045392679e-01,5.677893123720639812e-01,1.000000000000000000e+00,9.870573063808698450e-03,1.236261992896546119e-01,-5.418389917266858147e-02,4.431084340681185063e-01,9.723971709274750741e-02,6.766821157905215101e-01,6.082209146010516404e-02,5.456569119245868738e-01,5.886334086875356641e-01,1.008106317456846784e-01,4.928824141238620782e-01,4.037418525935591584e-01,4.450321309195031522e-02,9.703502044333850440e-02,3.910251570924971887e-01,4.088250922655043418e-01,3.841806051143019096e-01,3.183016260971838207e-01,4.077238587926864111e-01,6.988457650561935575e-01,5.695798707607908629e-01,-1.143260895850424785e-01,4.257947275301593448e-01,6.222477780147793736e-01,2.773002480034906236e-01,3.837146848597998705e-01,2.608492571885506761e-01,3.624087499616279184e-01,7.168049291691093172e-01
4.509221984642541869e-01,1.443579107693790664e-01,1.792357082749398978e-01,6.883417093311307022e-01,3.148244665372287310e-01,-7.664055225780164182e-01,7.246630732937440200e-01,4.685844377099794844e-01,4.566486793789631404e-01,9.870573063808698450e-03,1.000000000000000000e+00,2.861774909287578827e-01,7.051313657395987811e-01,5.309375649746691517e-01,1.022183167014261429e-01,3.491509422255045791e-01,6.749456749075042339e-01,2.945286007427856956e-01,2.536837378834853607e-01,1.466428821822718387e-01,4.808972992485799902e-01,4.434051704283988871e-01,-7.611895686135771166e-01,-6.690528322039643871e-01,-5.787657495535671881e-01,6.682601683186897290e-01,6.474089658365509425e-01,7.357248430448392051e-01,6.576141107991145818e-01,2.572136718364489427e-01,2.833853135979786941e-01,4.041122526153744232e-01,3.322927042881390070e-01,4.081619630206607674e-01,6.523935975121711861e-01,5.523204829368097979e-01,1.855371859852205374e-01,-1.510778074730424192e-01,1.393899941137745624e-01
3.463304868914256485e-01,4.330337840404820948e-01,1.100950550631654423e-01,3.817788306558440592e-01,2.263851395711304060e-01,-3.381104076247119505e-01,2.608112784861206790e-01,2.215916177993427771e-01,2.318374364854673964e-01,1.236261992896546119e-01,2.861774909287578827e-01,1.000000000000000000e+00,2.878676489872719624e-01,3.892307798953604792e-01,6.806485166422552302e-01,2.077030714293766900e-01,2.993990676062130984e-01,1.460058557831344361e-01,2.952157860292637381e-01,6.452658626034217526e-02,2.164033067419185441e-01,9.606118390912632421e-02,-2.611130793131881678e-01,-2.069607530721692124e-01,5.930860654859719527e-02,4.429719422997220879e-01,3.971339082004458620e-01,3.836223898980024583e-01,4.052540583784757788e-01,7.923676192918996386e-02,2.545805657575277992e-01,2.243551299590835213e-01,5.501254669161754762e-01,3.555781111570033848e-01,3.982057239708157170e-01,3.767440957423131564e-01,3.913383517098429909e-01,-3.451766434315543530e-01,-4.989314863105741987e-02
4.802344972581695792e-01,8.303253142076967575e-02,1.196464866080243356e-01,6.507300527204173957e-01,2.623674270882587201e-01,-7.613301386332685938e-01,6.811989122434680688e-01,5.268161362363334987e-01,4.782898290504134509e-01,-5.418389917266858147e-02,7.051313657395987811e-01,2.878676489872719624e-01,1.000000000000000000e+00,5.288758790830481171e-01,1.686478422986011083e-01,3.129947797021228051e-01,4.330679881085470750e-01,2.181401312402206638e-01,1.872465789441488115e-01,2.682245900397509653e-01,4.076316235576827873e-01,4.168926624436342099e-01,-7.424414431042314355e-01,-5.860294447030786058e-01,-4.607910290255013419e-01,6.687269363876978678e-01,6.136263916845895450e-01,7.488545794573486791e-01,6.645374464816603544e-01,2.435489799858888416e-01,1.086280780364161785e-01,3.160335603198279331e-01,3.506912454600433771e-01,3.865545646531840518e-01,7.018867671316095791e-01,5.365529104425078577e-01,1.821505765411686184e-01,-1.211940577255610080e-01,1.320503999013307450e-01
6.876753958846389958e-01,4.016907269900747979e-01,5.704664293862853341e-01,7.734046430173850961e-01,7.017420984210513968e-01,-6.858105988852579715e-01,7.764868126030030071e-01,7.933770733712189327e-02,6.507686619328988398e-01,4.431084340681185063e-01,5.309375649746691517e-01,3.892307798953604792e-01,5.288758790830481171e-01,1.000000000000000000e+00,2.644945868315409232e-01,6.938303519094436433e-01,3.751837198936740503e-01,6.263285028444760538e-01,6.084124936834747199e-01,1.766595018003557782e-01,6.657616278154538936e-01,5.151141429832222229e-01,-4.768076034738757407e-01,-2.051261110113160313e-01,-1.993439186410337349e-01,7.412525199273308774e-01,7.274487247155880798e-01,7.462748548358647538e-01,7.297107947825307583e-01,6.051339552262550159e-01,6.228281737711774957e-01,1.530808431695087068e-01,6.945102180855330376e-01,7.940107910382130374e-01,7.439182350058100024e-01,7.798225462595734792e-01,4.593312933439698820e-01,-1.756840142135448687e-02,4.097219901676816822e-01
3.333437220869789330e-01,3.355779135880899156e-01,-1.574182529696201149e-02,1.824527409792121857e-01,5.781450314285913050e-02,-9.294850422176936799e-02,8.131748300229424409e-02,1.254976144823628514e-01,2.129517956340746254e-01,9.723971709274750741e-02,1.022183167014261429e-01,6.806485166422552302e-01,1.686478422986011083e-01,2.644945868315409232e-01,1.000000000000000000e+00,3.077777252253059981e-01,1.595066878930341270e-01,6.168109455528440754e-02,2.129848096706854210e-01,2.951666306568256348e-01,-4.939997649225894016e-02,4.496475268571997752e-02,4.721059035452259550e-02,4.020435487616872555e-02,2.689622272422960703e-01,3.151191398462709348e-01,1.727363205548216041e-01,2.146570766603943248e-01,3.027422441824543231e-01,6.824849420689495239e-02,5.349218205443852930e-02,1.027047629809587220e-01,4.703100196775870656e-01,2.145647168014197248e-01,2.688270317099412110e-01,2.524082535300969932e-01,3.723665477785914057e-01,-2.108453576861131218e-01,-1.095459981410416422e-01
7.031528267309689051e-01,4.148373883625935399e-01,6.456279630360068911e-01,5.848764072262113700e-01,6.860907012402033267e-01,-4.744494936716350253e-01,6.355738976728928513e-01,-1.828340202406165127e-01,7.120657147185796010e-01,6.766821157905215101e-01,3.491509422255045791e-01,2.077030714293766900e-01,3.129947797021228051e-01,6.938303519094436433e-01,3.077777252253059981e-01,1.000000000000000000e+00,3.672708859389554048e-01,6.888419156515256381e-01,6.520652700909386201e-01,2.842085266632557450e-01,5.745115380208503097e-01,5.662739060389193613e-01,-2.075010568843131953e-01,-9.771326998256149587e-02,6.409891625057048681e-02,6.207414747634016905e-01,5.958294384067251981e-01,5.890106487798477675e-01,6.308565480329748620e-01,7.521192393622371242e-01,5.901280533834601938e-01,2.059319136255915311e-02,5.756925724131916056e-01,7.365054858604478394e-01,5.350438683452204414e-01,6.591112038311246479e-01,3.861377905066080696e-01,2.571175818168268679e-01,5.932347611279050748e-01
2.177053191396824128e-01,7.622861400501051987e-02,1.344742381687352717e-01,4.886722718769967999e-01,1.834503688029352764e-01,-5.240784925547677942e-01,4.659317924241384024e-01,3.400020238516154314e-01,3.181059490805834278e-01,6.082209146010516404e-02,6.749456749075042339e-01,2.993990676062130984e-01,4.330679881085470750e-01,3.751837198936740503e-01,1.595066878930341270e-01,3.672708859389554048e-01,1.000000000000000000e+00,2.554756024216792154e-01,2.580838441086342194e-01,-5.653791135451258221e-02,3.444635121902801522e-01,2.082065039480797408e-01,-4.431864275474075576e-01,-4.733906439129579313e-01,-3.494240386651951136e-01,3.461715618652617676e-01,3.791834264051832659e-01,4.095081321806171015e-01,3.573439361635911693e-01,1.663530371526829588e-01,2.566125267444267499e-01,8.487227884637202346e-02,2.708502042818780042e-01,2.868548415087084358e-01,3.630090531182491032e-01,3.567563521302962171e-01,1.126485567156698536e-01,-1.570143976807484298e-01,1.095910374852622840e-02
4.369299787081064035e-01,2.648573210938390265e-01,7.370198969251777754e-01,5.489052326217026545e-01,7.663563173682493845e-01,-4.999732180952395355e-01,6.168406651916156225e-01,-2.769065053459857650e-01,4.651452356481702299e-01,5.456569119245868738e-01,2.945286007427856956e-01,1.460058557831344361e-01,2.181401312402206638e-01,6.263285028444760538e-01,6.168109455528440754e-02,6.888419156515256381e-01,2.554756024216792154e-01,1.000000000000000000e+00,8.725858247307815008e-01,2.354420874030294097e-02,6.944305129686334510e-01,5.336628718455209697e-01,-2.900747255554260717e-01,-2.495482001498701974e-01,-1.369532845996802584e-01,4.677457909576426820e-01,6.063857028273983429e-01,5.166985277561170209e-01,4.062772439617055587e-01,6.811721324620008122e-01,7.740406436298461479e-01,-3.606540712625071893e-02,5.271841057385967533e-01,7.599917888361790164e-01,3.900765322624278331e-01,5.482351885590123208e-01,1.786148942316900801e-01,8.822545954871009732e-02,5.076363620082748884e-01
4.522468309564865452e-01,2.836962254598985322e-01,7.023172771526765557e-01,4.929374213412060501e-01,6.960228641700296759e-01,-4.709980136425934161e-01,5.544205270370488048e-01,-2.706608004197270656e-01,3.991562680856390322e-01,5.886334086875356641e-01,2.536837378834853607e-01,2.952157860292637381e-01,1.872465789441488115e-01,6.084124936834747199e-01,2.129848096706854210e-01,6.520652700909386201e-01,2.580838441086342194e-01,8.725858247307815008e-01,1.000000000000000000e+00,6.732886469317483739e-03,6.535971656418917419e-01,4.487056791629351338e-01,-2.575065365111277593e-01,-2.297718893973838827e-01,3.152618960765566497e-02,4.767863785789326903e-01,6.143357660785431218e-01,4.969063671878645172e-01,4.095084260134241316e-01,6.158989024222549791e-01,7.512555372435227863e-01,-4.877522135617359811e-02,6.101162409650429108e-01,7.360991891640104035e-01,3.847974591262158239e-01,5.115069158930515281e-01,1.975867121612627786e-01,7.472612614194543319e-03,4.218210893012643292e-01
4.325971344436715937e-01,2.307789458370281821e-01,7.697398905687588555e-02,1.660531675509056004e-01,1.356515522745962987e-01,-1.032278375005182963e-01,2.586489166848895405e-01,2.712198854623089350e-02,3.161213883922329160e-01,1.008106317456846784e-01,1.466428821822718387e-01,6.452658626034217526e-02,2.682245900397509653e-01,1.766595018003557782e-01,2.951666306568256348e-01,2.842085266632557450e-01,-5.653791135451258221e-02,2.354420874030294097e-02,6.732886469317483739e-03,1.000000000000000000e+00,-1.586702196599004688e-02,5.281721144180346883e-01,-8.304004014162277847e-02,-1.712983336735269049e-02,9.517559398405626980e-02,3.524199685514595171e-01,2.970532520323037051e-01,3.444471922774332562e-01,3.848571972849951783e-01,3.499979882269158571e-01,-7.936949800517241471e-02,4.379149682431348056e-01,1.016257651097906695e-01,1.331474751117058819e-01,3.571901722801799073e-01,3.127117037761760754e-01,3.496104378982749505e-01,2.859096416129364715e-01,3.406158335141904470e-01
5.584617089651229271e-01,4.159549298968092668e-01,7.874276513416266221e-01,7.047448053167122417e-01,7.657161041140602142e-01,-7.014413466009954412e-01,7.554528525684250928e-01,-1.652900282704871660e-01,5.521220702454752161e-01,4.928824141238620782e-01,4.808972992485799902e-01,2.164033067419185441e-01,4.076316235576827873e-01,6.657616278154538936e-01,-4.939997649225894016e-02,5.745115380208503097e-01,3.444635121902801522e-01,6.944305129686334510e-01,6.535971656418917419e-01,-1.586702196599004688e-02,1.000000000000000000e+00,6.514395198230810147e-01,-5.582571928211785828e-01,-4.280876074535840403e-01,-3.661350120792093987e-01,6.784874733800413393e-01,6.956496065404854656e-01,6.911347185632381596e-01,5.850854036955044357e-01,5.291654158521419404e-01,7.902679940492859378e-01,2.732822886752922856e-02,5.390848207663686553e-01,8.026070098650165408e-01,6.009685258022134935e-01,6.035301239787508321e-01,1.364553399082465146e-01,-2.450979050449374891e-02,4.295383666598994732e-01
6.325523900503786656e-01,4.286719898002517848e-01,5.854912756955092945e-01,5.749239068418996457e-01,6.230490063354177099e-01,-5.400737991667199367e-01,6.839197047487336478e-01,-1.238226805897782445e-01,5.757167641847613648e-01,4.037418525935591584e-01,4.434051704283988871e-01,9.606118390912632421e-02,4.168926624436342099e-01,5.151141429832222229e-01,4.496475268571997752e-02,5.662739060389193613e-01,2.082065039480797408e-01,5.336628718455209697e-01,4.487056791629351338e-01,5.281721144180346883e-01,6.514395198230810147e-01,1.000000000000000000e+00,-4.199938727257083171e-01,-3.229816981368462958e-01,-2.619121075946995170e-01,6.487881221605231730e-01,6.608347507469001236e-01,6.680069514685249565e-01,6.194735187398957565e-01,6.176368764666966271e-01,5.289993572613009842e-01,3.626139644457840872e-01,3.605335916152174192e-01,6.001453939452080499e-01,5.646867120150309560e-01,6.070094095131730594e-01,2.493745814456653775e-01,1.803389350828568105e-01,5.782020612055028819e-01
-4.131390762291630159e-01,-5.174066945558954134e-02,-1.901884343780237130e-01,-6.242436368873273134e-01,-2.998662591387377119e-01,8.601002337134932008e-01,-7.282557912476880224e-01,-5.063252335161874118e-01,-3.659383595016126867e-01,4.450321309195031522e-02,-7.611895686135771166e-01,-2.611130793131881678e-01,-7.424414431042314355e-01,-4.768076034738757407e-01,4.721059035452259550e-02,-2.075010568843131953e-01,-4.431864275474075576e-01,-2.900747255554260717e-01,-2.575065365111277593e-01,-8.304004014162277847e-02,-5.582571928211785828e-01,-4.199938727257083171e-01,1.000000000000000000e+00,7.817458501032216178e-01,6.633264352416173848e-01,-6.591389932599091006e-01,-6.772477612018080739e-01,-7.498119977669874814e-01,-5.766086301353254839e-01,-1.988815205183750989e-01,-2.632703005904665772e-01,-3.111438997123673889e-01,-2.705981535461525755e-01,-4.333681291924617041e-01,-6.230949621723963494e-01,-5.203812717110267716e-01,1.982554373585630053e-02,1.437081794837007653e-01,-1.652353307536150173e-01
-2.118620972932769853e-01,5.325303550161633592e-02,-7.643018385039551665e-02,-4.514409879672212633e-01,-1.515614898226505247e-01,7.032932324285726677e-01,-5.866824912321055852e-01,-4.663199802649986569e-01,-1.880588931343631642e-01,9.703502044333850440e-02,-6.690528322039643871e-01,-2.069607530721692124e-01,-5.860294447030786058e-01,-2.051261110113160313e-01,4.020435487616872555e-02,-9.771326998256149587e-02,-4.733906439129579313e-01,-2.495482001498701974e-01,-2.297718893973838827e-01,-1.712983336735269049e-02,-4.280876074535840403e-01,-3.229816981368462958e-01,7.817458501032216178e-01,1.000000000000000000e+00,5.921712846258303520e-01,-4.617438663042680025e-01,-5.517945851970196269e-01,-5.869296312176988106e-01,-3.548409102762975498e-01,-1.140003572620977568e-01,-2.121323440864959498e-01,-2.601050795075496858e-01,-1.503649048534652366e-01,-2.608788901549071726e-01,-4.089546568781234903e-01,-2.860309169732073720e-01,1.149715747032823976e-01,1.475703513429671154e-01,-8.474475431840260142e-02
-2.423116838522773597e-02,1.214878732745097722e-01,-3.145192162928082957e-02,-3.563750901427767404e-01,-1.045352442383082336e-01,5.777329442622852751e-01,-4.377669166500419151e-01,-4.176421633284826407e-01,-4.423853833926839896e-02,3.910251570924971887e-01,-5.787657495535671881e-01,5.930860654859719527e-02,-4.607910290255013419e-01,-1.993439186410337349e-01,2.689622272422960703e-01,6.409891625057048681e-02,-3.494240386651951136e-01,-1.369532845996802584e-01,3.152618960765566497e-02,9.517559398405626980e-02,-3.661350120792093987e-01,-2.619121075946995170e-01,6.633264352416173848e-01,5.921712846258303520e-01,1.000000000000000000e+00,-2.488819193881051384e-01,-2.706243622713580543e-01,-3.710711253639543683e-01,-1.785593810590613006e-01,7.076863142063477552e-02,-1.083148618817334485e-01,-1.617515604315537536e-01,4.388407607056115517e-02,-1.609833544898987279e-01,-2.819621734175263850e-01,-2.757366939442548182e-01,2.355154119949891545e-01,1.719641809358162243e-01,1.408669629656256472e-01
8.133470839178887912e-01,4.794403845779735551e-01,5.283806758518111435e-01,7.820416509831805696e-01,6.244428022601259398e-01,-7.550309227792962874e-01,8.286297696440367844e-01,1.518270150954515452e-01,7.255907133863562786e-01,4.088250922655043418e-01,6.682601683186897290e-01,4.429719422997220879e-01,6.687269363876978678e-01,7.412525199273308774e-01,3.151191398462709348e-01,6.207414747634016905e-01,3.461715618652617676e-01,4.677457909576426820e-01,4.767863785789326903e-01,3.524199685514595171e-01,6.784874733800413393e-01,6.487881221605231730e-01,-6.591389932599091006e-01,-4.617438663042680025e-01,-2.488819193881051384e-01,1.000000000000000000e+00,8.281574553607388145e-01,8.976910756877175546e-01,8.895053589940791205e-01,5.283931583750238747e-01,4.945099804394302856e-01,3.525592095757206224e-01,6.159142923814441284e-01,7.255414126098405081e-01,8.614349639012037763e-01,7.257961815977281850e-01,4.242925522376862491e-01,-4.085451272923574378e-02,4.547266411337787528e-01
6.667532543106000631e-01,3.029510831881759292e-01,5.082437266869240799e-01,7.591727667323175943e-01,5.973401159349495115e-01,-7.800541014867488077e-01,8.775260004063866193e-01,1.956998658834656346e-01,5.667513520022749995e-01,3.841806051143019096e-01,6.474089658365509425e-01,3.971339082004458620e-01,6.136263916845895450e-01,7.274487247155880798e-01,1.727363205548216041e-01,5.958294384067251981e-01,3.791834264051832659e-01,6.063857028273983429e-01,6.143357660785431218e-01,2.970532520323037051e-01,6.956496065404854656e-01,6.608347507469001236e-01,-6.772477612018080739e-01,-5.517945851970196269e-01,-2.706243622713580543e-01,8.281574553607388145e-01,1.000000000000000000e+00,8.837038036962616694e-01,7.791032045925025962e-01,5.957656629502307011e-01,6.187109505928305442e-01,4.607597672665914579e-01,6.256173250266824359e-01,6.904870393554000119e-01,7.721625069378645900e-01,7.063125227613479273e-01,4.627514522074132608e-01,-1.443240751713544857e-02,5.251331755810066948e-01
7.523892483250796959e-01,3.594713846373741584e-01,4.613117221249692368e-01,8.188443925720557681e-01,5.880226413175400069e-01,-8.423410663089732076e-01,9.008590213375829991e-01,2.808165150487449413e-01,6.725274553097205787e-01,3.183016260971838207e-01,7.357248430448392051e-01,3.836223898980024583e-01,7.488545794573486791e-01,7.462748548358647538e-01,2.146570766603943248e-01,5.890106487798477675e-01,4.095081321806171015e-01,5.166985277561170209e-01,4.969063671878645172e-01,3.444471922774332562e-01,6.911347185632381596e-01,6.680069514685249565e-01,-7.498119977669874814e-01,-5.869296312176988106e-01,-3.710711253639543683e-01,8.976910756877175546e-01,8.837038036962616694e-01,1.000000000000000000e+00,8.551999572761204149e-01,5.535211230323575649e-01,5.075349528437625990e-01,4.190302699671668019e-01,6.166054631585262680e-01,6.976149217739104902e-01,8.641657002523699393e-01,7.350165626065914282e-01,4.182478931560397184e-01,-2.562355723502541052e-02,4.484121526181185091e-01
8.328020003803577875e-01,4.971548010627357406e-01,4.622290551912615619e-01,7.574723192090752066e-01,5.901137121974162625e-01,-6.939183112686067023e-01,7.829926623777262451e-01,1.653740536930074778e-01,7.507969488705017458e-01,4.077238587926864111e-01,6.576141107991145818e-01,4.052540583784757788e-01,6.645374464816603544e-01,7.297107947825307583e-01,3.027422441824543231e-01,6.308565480329748620e-01,3.573439361635911693e-01,4.062772439617055587e-01,4.095084260134241316e-01,3.848571972849951783e-01,5.850854036955044357e-01,6.194735187398957565e-01,-5.766086301353254839e-01,-3.548409102762975498e-01,-1.785593810590613006e-01,8.895053589940791205e-01,7.791032045925025962e-01,8.551999572761204149e-01,1.000000000000000000e+00,5.516270638060066789e-01,4.489945169261265190e-01,4.291564538148933128e-01,5.844367874736242641e-01,6.631454480696856724e-01,8.195834525031930884e-01,7.155742962072947355e-01,5.025067690842204282e-01,5.220905370794556161e-03,4.784743798803352544e-01
6.530954472343830641e-01,3.279913065364657987e-01,6.137277125195279570e-01,4.891822159371124745e-01,7.066288910993349104e-01,-4.071529960408488691e-01,6.108698958854924532e-01,-2.259517989055999931e-01,5.969576666772167250e-01,6.988457650561935575e-01,2.572136718364489427e-01,7.923676192918996386e-02,2.435489799858888416e-01,6.051339552262550159e-01,6.824849420689495239e-02,7.521192393622371242e-01,1.663530371526829588e-01,6.811721324620008122e-01,6.158989024222549791e-01,3.499979882269158571e-01,5.291654158521419404e-01,6.176368764666966271e-01,-1.988815205183750989e-01,-1.140003572620977568e-01,7.076863142063477552e-02,5.283931583750238747e-01,5.957656629502307011e-01,5.535211230323575649e-01,5.516270638060066789e-01,1.000000000000000000e+00,5.522819378363814646e-01,1.019655438936249436e-01,4.280746990597029678e-01,7.097530096269365485e-01,5.000844806548407906e-01,5.866477411868842307e-01,3.727045486985918199e-01,3.337230361058758921e-01,7.211036954111462727e-01
4.433079306811519849e-01,4.063938093341000757e-01,7.473513494172366878e-01,5.671937936003410563e-01,7.532063767605973181e-01,-4.680581067506784376e-01,5.949987331825693504e-01,-3.012604286408134269e-01,4.192485420425523523e-01,5.695798707607908629e-01,2.833853135979786941e-01,2.545805657575277992e-01,1.086280780364161785e-01,6.228281737711774957e-01,5.349218205443852930e-02,5.901280533834601938e-01,2.566125267444267499e-01,7.740406436298461479e-01,7.512555372435227863e-01,-7.936949800517241471e-02,7.902679940492859378e-01,5.289993572613009842e-01,-2.632703005904665772e-01,-2.121323440864959498e-01,-1.083148618817334485e-01,4.945099804394302856e-01,6.187109505928305442e-01,5.075349528437625990e-01,4.489945169261265190e-01,5.522819378363814646e-01,1.000000000000000000e+00,3.226543129056008014e-02,6.238920804748276927e-01,7.612135932021069085e-01,4.097267843385399289e-01,5.314506374742845596e-01,3.197566018790280462e-01,-6.307172877583673912e-03,4.434997023921548598e-01
2.405500104975397679e-01,1.733625606376833217e-01,-9.941860647108702320e-02,2.263271257495564626e-01,1.883021781195800409e-02,-2.460630653302896265e-01,3.219088491382769979e-01,3.220752495012414451e-01,1.564251273810148279e-01,-1.143260895850424785e-01,4.041122526153744232e-01,2.243551299590835213e-01,3.160335603198279331e-01,1.530808431695087068e-01,1.027047629809587220e-01,2.059319136255915311e-02,8.487227884637202346e-02,-3.606540712625071893e-02,-4.877522135617359811e-02,4.379149682431348056e-01,2.732822886752922856e-02,3.626139644457840872e-01,-3.111438997123673889e-01,-2.601050795075496858e-01,-1.617515604315537536e-01,3.525592095757206224e-01,4.607597672665914579e-01,4.190302699671668019e-01,4.291564538148933128e-01,1.019655438936249436e-01,3.226543129056008014e-02,1.000000000000000000e+00,1.676952472628190083e-01,-2.343212983730456195e-02,3.364141123253313048e-01,2.801010235147537997e-01,4.847600038121225863e-01,-8.098741804371166475e-02,1.496980210363179908e-01
5.510016293139691212e-01,4.254669483706765565e-01,4.939099772095734697e-01,5.973336939885636188e-01,5.342853328725999384e-01,-4.928020003370503499e-01,5.597153351654752251e-01,-6.380401896442181725e-03,4.574530356566489653e-01,4.257947275301593448e-01,3.322927042881390070e-01,5.501254669161754762e-01,3.506912454600433771e-01,6.945102180855330376e-01,4.703100196775870656e-01,5.756925724131916056e-01,2.708502042818780042e-01,5.271841057385967533e-01,6.101162409650429108e-01,1.016257651097906695e-01,5.390848207663686553e-01,3.605335916152174192e-01,-2.705981535461525755e-01,-1.503649048534652366e-01,4.388407607056115517e-02,6.159142923814441284e-01,6.256173250266824359e-01,6.166054631585262680e-01,5.844367874736242641e-01,4.280746990597029678e-01,6.238920804748276927e-01,1.676952472628190083e-01,1.000000000000000000e+00,6.719321527163218954e-01,6.044799864142605950e-01,5.871454644938371992e-01,5.802861918847409539e-01,-2.284807077453125113e-01,2.350541783983372546e-01
7.124682815869362029e-01,4.738196806245122406e-01,7.874516594762379640e-01,6.873925063695057736e-01,8.550410058013497849e-01,-6.409494656738240481e-01,7.336812780782183685e-01,-1.931944486335501476e-01,6.349077747932208027e-01,6.222477780147793736e-01,4.081619630206607674e-01,3.555781111570033848e-01,3.865545646531840518e-01,7.940107910382130374e-01,2.145647168014197248e-01,7.365054858604478394e-01,2.868548415087084358e-01,7.599917888361790164e-01,7.360991891640104035e-01,1.331474751117058819e-01,8.026070098650165408e-01,6.001453939452080499e-01,-4.333681291924617041e-01,-2.608788901549071726e-01,-1.609833544898987279e-01,7.255414126098405081e-01,6.904870393554000119e-01,6.976149217739104902e-01,6.631454480696856724e-01,7.097530096269365485e-01,7.612135932021069085e-01,-2.343212983730456195e-02,6.719321527163218954e-01,1.000000000000000000e+00,6.411278932936720354e-01,7.328090597523365668e-01,2.928064826571828982e-01,9.269505964931171182e-02,5.325157775343187794e-01
7.486646597770232336e-01,4.137121797691087344e-01,4.229186644522651140e-01,7.885356285479203642e-01,5.496076258741364740e-01,-7.135376423230962439e-01,8.064489385920695641e-01,2.560802871733870445e-01,6.818908213354110126e-01,2.773002480034906236e-01,6.523935975121711861e-01,3.982057239708157170e-01,7.018867671316095791e-01,7.439182350058100024e-01,2.688270317099412110e-01,5.350438683452204414e-01,3.630090531182491032e-01,3.900765322624278331e-01,3.847974591262158239e-01,3.571901722801799073e-01,6.009685258022134935e-01,5.646867120150309560e-01,-6.230949621723963494e-01,-4.089546568781234903e-01,-2.819621734175263850e-01,8.614349639012037763e-01,7.721625069378645900e-01,8.641657002523699393e-01,8.195834525031930884e-01,5.000844806548407906e-01,4.097267843385399289e-01,3.364141123253313048e-01,6.044799864142605950e-01,6.411278932936720354e-01,1.000000000000000000e+00,6.779673180239192964e-01,5.046469682626626430e-01,-1.121034393063968376e-01,3.395507236759809366e-01
6.598711114505074748e-01,3.809155194339127748e-01,4.651071644276045802e-01,7.131963130259256767e-01,6.124524058914472269e-01,-6.979509724777723800e-01,7.543970417126488748e-01,1.885010376097422669e-01,5.789366248518256208e-01,3.837146848597998705e-01,5.523204829368097979e-01,3.767440957423131564e-01,5.365529104425078577e-01,7.798225462595734792e-01,2.524082535300969932e-01,6.591112038311246479e-01,3.567563521302962171e-01,5.482351885590123208e-01,5.115069158930515281e-01,3.127117037761760754e-01,6.035301239787508321e-01,6.070094095131730594e-01,-5.203812717110267716e-01,-2.860309169732073720e-01,-2.757366939442548182e-01,7.257961815977281850e-01,7.063125227613479273e-01,7.350165626065914282e-01,7.155742962072947355e-01,5.866477411868842307e-01,5.314506374742845596e-01,2.801010235147537997e-01,5.871454644938371992e-01,7.328090597523365668e-01,6.779673180239192964e-01,1.000000000000000000e+00,3.722888696740579428e-01,3.992975325596245101e-02,4.167123309616733717e-01
4.426946619031925101e-01,3.696397100552144543e-01,2.016212123658683852e-01,3.718358338452520395e-01,2.660220305057469647e-01,-1.099329464439358917e-01,3.409919513073389474e-01,1.549193167390559150e-02,3.493569472968108269e-01,2.608492571885506761e-01,1.855371859852205374e-01,3.913383517098429909e-01,1.821505765411686184e-01,4.593312933439698820e-01,3.723665477785914057e-01,3.861377905066080696e-01,1.126485567156698536e-01,1.786148942316900801e-01,1.975867121612627786e-01,3.496104378982749505e-01,1.364553399082465146e-01,2.493745814456653775e-01,1.982554373585630053e-02,1.149715747032823976e-01,2.355154119949891545e-01,4.242925522376862491e-01,4.627514522074132608e-01,4.182478931560397184e-01,5.025067690842204282e-01,3.727045486985918199e-01,3.197566018790280462e-01,4.847600038121225863e-01,5.802861918847409539e-01,2.928064826571828982e-01,5.046469682626626430e-01,3.722888696740579428e-01,1.000000000000000000e+00,-4.325650281255239565e-02,2.796085410511040537e-01
1.774380332872947663e-01,6.232419816066068347e-02,1.701064262009673034e-01,-8.556910498478313698e-02,1.478706344934993255e-01,1.276466354105922074e-01,2.538910887257895752e-02,-2.952073388638843388e-01,2.207697748493637757e-01,3.624087499616279184e-01,-1.510778074730424192e-01,-3.451766434315543530e-01,-1.211940577255610080e-01,-1.756840142135448687e-02,-2.108453576861131218e-01,2.571175818168268679e-01,-1.570143976807484298e-01,8.822545954871009732e-02,7.472612614194543319e-03,2.859096416129364715e-01,-2.450979050449374891e-02,1.803389350828568105e-01,1.437081794837007653e-01,1.475703513429671154e-01,1.719641809358162243e-01,-4.085451272923574378e-02,-1.443240751713544857e-02,-2.562355723502541052e-02,5.220905370794556161e-03,3.337230361058758921e-01,-6.307172877583673912e-03,-8.098741804371166475e-02,-2.284807077453125113e-01,9.269505964931171182e-02,-1.121034393063968376e-01,3.992975325596245101e-02,-4.325650281255239565e-02,1.000000000000000000e+00,5.307748464085816353e-01
5.601642994238343887e-01,3.462089061292967229e-01,5.400338504804319539e-01,3.226792587136030899e-01,5.634463001475372712e-01,-2.856938646436595342e-01,4.881173925769614064e-01,-2.906882780270820810e-01,5.666163175006084796e-01,7.168049291691093172e-01,1.393899941137745624e-01,-4.989314863105741987e-02,1.320503999013307450e-01,4.097219901676816822e-01,-1.095459981410416422e-01,5.932347611279050748e-01,1.095910374852622840e-02,5.076363620082748884e-01,4.218210893012643292e-01,3.406158335141904470e-01,4.295383666598994732e-01,5.782020612055028819e-01,-1.652353307536150173e-01,-8.474475431840260142e-02,1.408669629656256472e-01,4.547266411337787528e-01,5.251331755810066948e-01,4.484121526181185091e-01,4.784743798803352544e-01,7.211036954111462727e-01,4.434997023921548598e-01,1.496980210363179908e-01,2.350541783983372546e-01,5.325157775343187794e-01,3.395507236759809366e-01,4.167123309616733717e-01,2.796085410511040537e-01,5.307748464085816353e-01,1.000000000000000000e+00
