1.000000000000000000e+00,6.772695159337859261e-01,4.110657712704557931e-01,2.431493232003135163e-01,4.125914301606345425e-01,1.757851514294877238e-01,-6.865917373887162056e-02,-3.747804013300326531e-01,5.796467882128251148e-01,6.526621387939944841e-01,5.585875597753418020e-01,5.159911695908570711e-02,-4.607279958819298082e-01,4.495874192184951545e-01,-6.382819998705254426e-03,6.019903456204432901e-01,3.312075705390678526e-01,4.897716984173502985e-02,2.734728568108492075e-01,8.022201265043762616e-03,1.986318887783510290e-01,-3.303420075635286890e-02,3.597537852286166182e-01,1.948940801952942503e-01,3.714359395057879598e-01,6.131951621742637304e-01,5.641504518695968917e-01,-5.325733691102852579e-02,5.433655379296762344e-01,6.288997358314769581e-01,4.323717012707381513e-01,5.436298289661153360e-01,2.106260015447438960e-01,4.420404202983106434e-01,4.964132382729620763e-01,4.727653899564472351e-01,3.912451384228029516e-01,5.936735123649411472e-01,4.288914037508567145e-01
6.772695159337859261e-01,1.000000000000000000e+00,2.271587663548179370e-01,2.455594239136137669e-01,2.470373105087058374e-01,3.129819868006166184e-01,-4.397093917894457499e-02,-2.226991665831606348e-01,4.787091235417993973e-01,6.800035852922049484e-01,5.667499736821939305e-01,1.067960456794603136e-01,-2.570153130101149319e-01,4.489945393561127762e-01,2.614713945370109038e-02,6.653886997487292732e-01,3.594634915933225816e-01,2.349648654016968929e-01,4.364290255907051774e-01,-6.224880701233450990e-03,2.231738831095596010e-01,1.857402814938138511e-02,3.945430681236807846e-01,5.551137951517935709e-02,3.793698738351459765e-01,4.649099936549249690e-01,5.003271122591057551e-01,2.053297416851957921e-02,5.528253423146717305e-01,6.271370391814937717e-01,3.395446218477854994e-01,6.168592319675654245e-01,3.500530489202475226e-01,3.535872524181967180e-01,2.077817172658457390e-01,5.972652678499924539e-01,4.796713749223776024e-01,5.314159251046758348e-01,5.726749835334993266e-01
4.110657712704557931e-01,2.271587663548179370e-01,1.000000000000000000e+00,3.517694707491727524e-01,4.401690025472112522e-01,1.143785071829093482e-02,-2.795754639839420630e-01,-8.508107222771266187e-01,3.581820029634993352e-01,3.034954735288541983e-01,1.368231221711252166e-01,3.516649312227468349e-01,-5.183401810444222546e-01,2.920086426626212206e-01,-1.475024734383616025e-02,2.589315420772337895e-01,1.302809283962259312e-01,2.489476816793797787e-01,2.847758400950270441e-01,2.559430702421862103e-01,1.647288802478289738e-01,5.263128281725440449e-02,2.432112096588470440e-01,2.989418447224345132e-01,3.442301949163531494e-01,6.240260069605590987e-01,4.659755869121351979e-01,7.656393523563422010e-02,3.098169722431821649e-01,1.300244619446828120e-01,5.553881836228956592e-01,2.594791524002907357e-01,3.338923125126134761e-01,2.597401175703790144e-01,3.012295272282474179e-01,3.636398625918870614e-02,3.296651302129696148e-01,4.329154843132428931e-01,2.642340376632559273e-01
2.431493232003135163e-01,2.455594239136137669e-01,3.517694707491727524e-01,1.000000000000000000e+00,1.294439901167875606e-01,5.925492823243362628e-02,-1.145283247964473672e-01,-3.092341611771273202e-01,1.992419771550774377e-01,2.913287616886303666e-01,6.487727653861589949e-02,2.307695388553232529e-01,-2.605679275158413466e-01,1.299480812891502246e-01,-2.505246103610882513e-01,3.254809553905547714e-01,1.425948930826091698e-01,4.046371152194699339e-01,3.318654194580099026e-01,9.447218782229528655e-02,1.546716838398738414e-01,6.429727524849106202e-02,8.513672112868371500e-02,6.479041237127362851e-02,1.602521048023407557e-01,3.141139401081335936e-01,1.721776732067532290e-01,2.364209997337372859e-02,2.174337623871037684e-01,2.399149152833050247e-01,1.935289954086879260e-01,2.166467696813725863e-01,2.486923553639837359e-01,1.377810790949075825e-01,5.528329590654367659e-02,7.430840174502392759e-02,1.044982469438409528e-01,4.190891091598427654e-01,3.606560412996921428e-01
4.125914301606345425e-01,2.470373105087058374e-01,4.401690025472112522e-01,1.294439901167875606e-01,1.000000000000000000e+00,-3.338892406620528885e-01,-2.222398580704006144e-02,-4.278918656422824318e-01,6.900281875200291459e-01,2.093744936212278696e-01,2.734972398553762729e-01,4.041398492909000772e-01,-5.078693038843061780e-01,5.694734315649454537e-01,1.580535142309461849e-01,3.134956923860263145e-01,1.467772631962291907e-01,-2.408069600931119630e-02,2.772000730715049738e-02,-2.965771051364686495e-02,4.655741687671829249e-02,2.006072131063167396e-01,4.667702893622822091e-01,5.154239941852806206e-01,4.765996833920487785e-01,3.758653557861337813e-01,2.469878931790642218e-01,4.486243253447451396e-02,1.446612392749844489e-01,2.623102826268281507e-01,4.040124146995818233e-01,6.441300805552564734e-02,1.227348804952650869e-02,7.561520002893376002e-01,2.161570708061056334e-01,7.539648903494589050e-02,2.578033812333242053e-02,4.550198225992590495e-01,2.914482943874250331e-01
1.757851514294877238e-01,3.129819868006166184e-01,1.143785071829093482e-02,5.925492823243362628e-02,-3.338892406620528885e-01,1.000000000000000000e+00,-4.045801708393161056e-02,2.101193713453879466e-02,-5.706845802760394937e-02,3.258934503149187867e-01,2.501956857418917712e-01,-1.544979161193890324e-02,-1.500240572361427908e-03,1.018111310943533993e-01,3.367593943425300357e-02,1.325773340223409813e-01,3.759673616836408661e-01,3.208375093882305795e-01,3.631282705649978571e-01,-1.231720994668677460e-01,3.380591365599844300e-01,-1.565435638268984908e-01,5.704458139831633523e-02,-2.159328114817248012e-01,1.004283899014910830e-01,3.324603001667124080e-01,3.628198704241950012e-01,2.764954305817893809e-01,5.431643531256299395e-01,1.657918071899183443e-01,3.272986593244736619e-01,5.826554295111632253e-01,5.808569775547313130e-01,-3.058313885093310591e-01,2.551894669210943434e-01,3.723150335061994887e-01,6.383549808245728707e-01,1.090905735127185860e-01,1.243450201407948486e-01
-6.865917373887162056e-02,-4.397093917894457499e-02,-2.795754639839420630e-01,-1.145283247964473672e-01,-2.222398580704006144e-02,-4.045801708393161056e-02,1.000000000000000000e+00,3.091960744454925192e-01,1.291056800256785986e-01,8.627950804644375984e-03,-7.190828434898918764e-02,-2.519490026355784562e-01,2.894280946366537544e-01,9.160376903425024309e-02,-5.381562519153953658e-03,5.743135421452735118e-02,-1.840055377995364339e-02,-1.056483752488382860e-01,-6.520872934319581204e-02,-2.393406923832685704e-02,3.267686412747030679e-03,1.833094180818212460e-01,1.433012231780025902e-01,9.901570060688802410e-02,5.800335758393077024e-02,-1.172606212966843531e-01,-6.497146007008161583e-02,1.859390887028694039e-01,-9.194400144698243460e-02,4.450955816224471534e-02,-2.572391390525501781e-02,-5.823984362309201496e-02,-8.792472018151115121e-02,-1.927346976767157008e-02,-1.147894846914064015e-01,1.359703870213313237e-01,-2.194246164574896740e-01,3.994196886566123671e-03,1.283963932283231080e-01
-3.747804013300326531e-01,-2.226991665831606348e-01,-8.508107222771266187e-01,-3.092341611771273202e-01,-4.278918656422824318e-01,2.101193713453879466e-02,3.091960744454925192e-01,1.000000000000000000e+00,-3.490572748027934158e-01,-2.757817600011535641e-01,-1.179008539452148091e-01,-3.717593846444897654e-01,5.108867854360388261e-01,-2.745784452015243016e-01,2.003740833966716553e-02,-2.716660685220602112e-01,-1.276543727845489140e-01,-2.138728379925297074e-01,-2.119045259324987829e-01,-2.671302287309570977e-01,-1.880335925372682015e-01,-5.439186516443859920e-02,-2.587594592151250539e-01,-3.039037624383519876e-01,-3.636923477138503946e-01,-5.460851789292443526e-01,-4.074131383955671981e-01,-2.027832628926051067e-02,-2.847427386748174194e-01,-1.411862872218591636e-01,-4.988501369549994124e-01,-2.080793654899970035e-01,-3.181349363428130905e-01,-2.839204553837263445e-01,-2.291403198887834725e-01,-2.078470616806252572e-02,-2.668477288098854427e-01,-3.972240759566845747e-01,-2.430939641426231035e-01
5.796467882128251148e-01,4.787091235417993973e-01,3.581820029634993352e-01,1.992419771550774377e-01,6.900281875200291459e-01,-5.706845802760394937e-02,1.291056800256785986e-01,-3.490572748027934158e-01,1.000000000000000000e+00,4.506570122280009194e-01,3.633460386255732422e-01,2.878029402281440108e-01,-4.902775143004127201e-01,7.654728873406424494e-01,1.744068671881711385e-01,5.250680001089973459e-01,2.997068128815195687e-01,2.179014197501604744e-01,3.407369290535657291e-01,-1.055434025321126817e-01,2.833287939166062031e-01,1.848506489297376265e-01,6.743767425568112373e-01,6.180255555341306328e-01,6.616979267400669995e-01,5.749329423000526518e-01,5.322139966480222695e-01,1.984023259140778872e-01,4.190250906667891129e-01,5.148901711001147019e-01,5.925584141472700628e-01,3.630062674054106431e-01,2.657709692951363278e-01,6.457977844438452797e-01,2.491520462769405975e-01,4.125937865084514100e-01,1.850009894181507686e-01,6.670351269027713359e-01,5.843118563749315486e-01
6.526621387939944841e-01,6.800035852922049484e-01,3.034954735288541983e-01,2.913287616886303666e-01,2.093744936212278696e-01,3.258934503149187867e-01,8.627950804644375984e-03,-2.757817600011535641e-01,4.506570122280009194e-01,1.000000000000000000e+00,3.867687517006732634e-01,1.251201055439228049e-01,-3.124214237400967931e-01,4.445819451443172587e-01,8.505621310590900930e-02,8.282490474208299425e-01,3.029785459698371985e-01,2.667029849590953350e-01,4.951905622670461637e-01,1.776774698248740833e-02,2.754157406710501799e-01,2.349034234869279685e-03,4.233732482563837274e-01,6.792090595355954052e-02,4.433795921001131290e-01,6.039473068907476039e-01,5.551110892616483161e-01,7.461471739763228528e-02,6.123277739476473691e-01,7.705192271348427768e-01,4.106600719535840605e-01,5.788415185156889908e-01,3.739643317141845835e-01,3.030662047742122001e-01,2.829441174849691154e-01,5.966824266253719644e-01,4.250580973614568325e-01,6.001475686616629668e-01,5.362941478865198563e-01
5.585875597753418020e-01,5.667499736821939305e-01,1.368231221711252166e-01,6.487727653861589949e-02,2.734972398553762729e-01,2.501956857418917712e-01,-7.190828434898918764e-02,-1.179008539452148091e-01,3.633460386255732422e-01,3.867687517006732634e-01,1.000000000000000000e+00,-4.565902170227079115e-02,-3.456489753668701148e-01,4.639711454968066806e-01,9.289407799216493899e-02,3.423364549386275213e-01,5.815989544332796912e-01,6.415563381398811660e-02,1.888197758576458662e-01,-2.481779117353940523e-01,-1.303918447446008599e-01,-7.087332048574297369e-03,3.775990138808155150e-01,1.688109452066468286e-01,3.029769515082695874e-01,2.942848915279856481e-01,3.412859038310705473e-01,-1.199074977221342847e-01,3.069934800632722061e-01,3.274438487937562647e-01,2.369107967701537254e-01,4.050003490692608010e-01,5.333395230136513121e-02,2.998598093038102319e-01,3.498128196007224133e-01,3.255458021414653347e-01,3.192932262564535661e-01,3.227777068752565870e-01,3.389601652973756041e-01
5.159911695908570711e-02,1.067960456794603136e-01,3.516649312227468349e-01,2.307695388553232529e-01,4.041398492909000772e-01,-1.544979161193890324e-02,-2.519490026355784562e-01,-3.717593846444897654e-01,2.878029402281440108e-01,1.251201055439228049e-01,-4.565902170227079115e-02,1.000000000000000000e+00,-3.985749637989267624e-01,3.597722883048307119e-01,2.706536709181860956e-01,2.103321477343834400e-01,3.209161807460346183e-01,4.216691266076569855e-01,2.264550949180845485e-01,-2.726107021782879069e-03,4.616187244149158042e-01,1.291714415890444223e-01,3.042820128218589049e-01,2.233283774905016617e-01,3.719211277768040280e-01,3.260234557094197627e-01,1.347304475810756075e-01,3.756482684834677732e-01,3.859758270134661107e-01,1.832528417948656452e-01,3.368125357058333047e-01,2.574086408213668853e-01,4.947676272996857638e-01,4.152003867369769008e-01,2.526558565497329795e-02,-4.351895825222023423e-02,2.189502640936296651e-01,3.851285590310620788e-01,1.805835294002876290e-01
-4.607279958819298082e-01,-2.570153130101149319e-01,-5.183401810444222546e-01,-2.605679275158413466e-01,-5.078693038843061780e-01,-1.500240572361427908e-03,2.894280946366537544e-01,5.108867854360388261e-01,-4.902775143004127201e-01,-3.124214237400967931e-01,-3.456489753668701148e-01,-3.985749637989267624e-01,1.000000000000000000e+00,-4.607692036745795194e-01,1.312249250211858231e-02,-2.974282149536084940e-01,-3.671976301791101682e-01,-2.986902026711848457e-01,-3.197982836394995809e-01,1.724110059355302149e-02,-2.533354311680758308e-01,-1.806831423887971314e-02,-4.095201912076520956e-01,-3.696904537386894729e-01,-4.400929923065315386e-01,-4.817957684040126698e-01,-3.337614099114425414e-01,7.848454074283837956e-02,-4.403729216373073463e-01,-3.610013380109121095e-01,-4.293525147198874459e-01,-3.641822111293220310e-01,-3.335108596168342432e-01,-4.546808305664551408e-01,-2.555341241521612572e-01,-9.923456168515636111e-02,-2.687340072738165220e-01,-5.799285061491332716e-01,-3.246269228347926084e-01
4.495874192184951545e-01,4.489945393561127762e-01,2.920086426626212206e-01,1.299480812891502246e-01,5.694734315649454537e-01,1.018111310943533993e-01,9.160376903425024309e-02,-2.745784452015243016e-01,7.654728873406424494e-01,4.445819451443172587e-01,4.639711454968066806e-01,3.597722883048307119e-01,-4.607692036745795194e-01,1.000000000000000000e+00,2.930774977667338077e-01,4.907183283165454935e-01,4.254745112667679963e-01,3.065553932402409476e-01,3.866481565600227710e-01,-2.030179609553869891e-01,2.901849776535457281e-01,8.795300098203424899e-02,7.252732744059279257e-01,6.774983397971134913e-01,6.917304849640981690e-01,5.367076508603036977e-01,5.367918412811706341e-01,2.521842572405284533e-01,4.835729907402663286e-01,4.815629041701358082e-01,5.804726667629307446e-01,4.582075244719166496e-01,3.614915375031184097e-01,5.352294705914723005e-01,2.841069005245059897e-01,3.910800808691990427e-01,3.334391425252296037e-01,6.240414386437123095e-01,5.993157671012149246e-01
-6.382819998705254426e-03,2.614713945370109038e-02,-1.475024734383616025e-02,-2.505246103610882513e-01,1.580535142309461849e-01,3.367593943425300357e-02,-5.381562519153953658e-03,2.003740833966716553e-02,1.744068671881711385e-01,8.505621310590900930e-02,9.289407799216493899e-02,2.706536709181860956e-01,1.312249250211858231e-02,2.930774977667338077e-01,1.000000000000000000e+00,2.835851040932268335e-02,1.966449537276890314e-01,-3.204766338004380599e-02,8.807377455229349617e-02,-1.968492890594106537e-01,3.919413043523987256e-02,-9.886300178155167651e-02,1.462297657575369059e-01,1.862462697017256141e-01,9.992414152795051074e-02,3.968021102183214022e-02,1.227760450765615491e-01,9.439369750168810635e-02,6.477010724208956405e-02,1.367067259061142126e-01,9.357558146609493144e-02,9.294670216889386327e-02,1.355281361318471656e-01,1.833008465170518908e-01,8.040511588411028421e-02,2.345563486411321452e-02,9.720610784367625379e-02,4.867496699456844156e-02,8.623615211201789144e-02
6.019903456204432901e-01,6.653886997487292732e-01,2.589315420772337895e-01,3.254809553905547714e-01,3.134956923860263145e-01,1.325773340223409813e-01,5.743135421452735118e-02,-2.716660685220602112e-01,5.250680001089973459e-01,8.282490474208299425e-01,3.423364549386275213e-01,2.103321477343834400e-01,-2.974282149536084940e-01,4.907183283165454935e-01,2.835851040932268335e-02,1.000000000000000000e+00,2.590951746919223364e-01,2.766114569122173350e-01,4.280186636000851697e-01,7.092619732890846629e-03,2.324803844486922344e-01,2.912118505751952122e-02,5.345125986103577143e-01,1.770584702371914010e-01,5.149110394452326434e-01,5.282673861087827660e-01,4.423209097479385288e-01,7.409770375528158814e-02,5.114539059005983601e-01,7.564741611673057031e-01,3.377430354720005190e-01,4.650646217077172295e-01,2.734385084389915344e-01,4.214204902864971958e-01,2.056619258823481067e-01,5.543770147046496177e-01,2.536003985384294168e-01,6.386368358561712588e-01,5.612950504028132448e-01
3.312075705390678526e-01,3.594634915933225816e-01,1.302809283962259312e-01,1.425948930826091698e-01,1.467772631962291907e-01,3.759673616836408661e-01,-1.840055377995364339e-02,-1.276543727845489140e-01,2.997068128815195687e-01,3.029785459698371985e-01,5.815989544332796912e-01,3.209161807460346183e-01,-3.671976301791101682e-01,4.254745112667679963e-01,1.966449537276890314e-01,2.590951746919223364e-01,1.000000000000000000e+00,4.115358568380207971e-01,3.714964038164358384e-01,-1.481880079441389164e-01,2.473466447535622448e-01,1.339186226188127660e-01,3.519822487650851039e-01,1.653601204205473463e-01,3.845416352712964780e-01,2.785203069139287058e-01,1.929691553842279583e-01,2.772670988005908055e-01,5.052043694809291718e-01,3.143042466326905759e-01,3.472988996536934825e-01,5.525997198895976625e-01,4.496943129952090668e-01,2.574774739994920014e-01,1.719533711594059266e-01,1.318102133771968942e-01,3.644491540346704861e-01,4.329613389264745371e-01,3.779076892725397041e-01
4.897716984173502985e-02,2.349648654016968929e-01,2.489476816793797787e-01,4.046371152194699339e-01,-2.408069600931119630e-02,3.208375093882305795e-01,-1.056483752488382860e-01,-2.138728379925297074e-01,2.179014197501604744e-01,2.667029849590953350e-01,6.415563381398811660e-02,4.216691266076569855e-01,-2.986902026711848457e-01,3.065553932402409476e-01,-3.204766338004380599e-02,2.766114569122173350e-01,4.115358568380207971e-01,1.000000000000000000e+00,6.496947810520918853e-01,7.907738206646496015e-03,4.690275368426932712e-01,1.758772975592853144e-02,3.804925977789481162e-01,1.122864273654249623e-01,4.462274571686857261e-01,3.775443312621131753e-01,2.322832597312320113e-01,3.117406782170767943e-01,4.595357329245698397e-01,1.924769845449658123e-01,3.423860382816786285e-01,3.680017546380987548e-01,6.266716592977585876e-01,-4.379036393146483463e-02,-6.608952216628934812e-03,1.607909590959082091e-01,2.945899770902623560e-01,4.382844043158224401e-01,4.196983059416503625e-01
2.734728568108492075e-01,4.364290255907051774e-01,2.847758400950270441e-01,3.318654194580099026e-01,2.772000730715049738e-02,3.631282705649978571e-01,-6.520872934319581204e-02,-2.119045259324987829e-01,3.407369290535657291e-01,4.951905622670461637e-01,1.888197758576458662e-01,2.264550949180845485e-01,-3.197982836394995809e-01,3.866481565600227710e-01,8.807377455229349617e-02,4.280186636000851697e-01,3.714964038164358384e-01,6.496947810520918853e-01,1.000000000000000000e+00,7.509222848608389234e-02,4.432536505486496803e-01,4.839823931508398236e-02,3.574082078335438784e-01,9.771007955855290361e-02,4.375384862872455094e-01,4.413990448997217597e-01,4.218893891019204201e-01,2.410269144597583235e-01,5.935988741031912319e-01,4.014301093399723630e-01,4.499894192594415809e-01,5.557950780422600268e-01,6.002762170230308003e-01,4.406557345333268760e-02,7.119933610612884378e-02,2.797539920507887690e-01,4.159370520274963123e-01,5.785919786197275538e-01,5.586460934674002399e-01
8.022201265043762616e-03,-6.224880701233450990e-03,2.559430702421862103e-01,9.447218782229528655e-02,-2.965771051364686495e-02,-1.231720994668677460e-01,-2.393406923832685704e-02,-2.671302287309570977e-01,-1.055434025321126817e-01,1.776774698248740833e-02,-2.481779117353940523e-01,-2.726107021782879069e-03,1.724110059355302149e-02,-2.030179609553869891e-01,-1.968492890594106537e-01,7.092619732890846629e-03,-1.481880079441389164e-01,7.907738206646496015e-03,7.509222848608389234e-02,1.000000000000000000e+00,1.287179470050767438e-01,2.215146565080322316e-01,-1.100815994204891735e-01,-1.132605952304248098e-01,4.567043801426566400e-03,7.372120525835745841e-02,-3.173042594863326182e-02,1.459663358936652208e-02,6.162786149585870732e-02,-3.865386498015713906e-02,6.966357270351684894e-02,-3.875793298640592410e-02,9.969209587678160012e-02,-9.199830290825077028e-02,-1.128416524088390882e-01,-1.178788678438618537e-01,1.960038533179041167e-03,6.540952557659655831e-02,-1.765291056239993300e-02
1.986318887783510290e-01,2.231738831095596010e-01,1.647288802478289738e-01,1.546716838398738414e-01,4.655741687671829249e-02,3.380591365599844300e-01,3.267686412747030679e-03,-1.880335925372682015e-01,2.833287939166062031e-01,2.754157406710501799e-01,-1.303918447446008599e-01,4.616187244149158042e-01,-2.533354311680758308e-01,2.901849776535457281e-01,3.919413043523987256e-02,2.324803844486922344e-01,2.473466447535622448e-01,4.690275368426932712e-01,4.432536505486496803e-01,1.287179470050767438e-01,1.000000000000000000e+00,1.472708338263675754e-01,3.099864698891685588e-01,1.042877949241313856e-01,4.169047427552706742e-01,4.614889298381878446e-01,3.443719296171939837e-01,4.358759924712097833e-01,6.762925651733426857e-01,2.972509580212281954e-01,4.502069224871650399e-01,4.785507387884697650e-01,7.085784135304189491e-01,9.324269984724192772e-02,-4.143374785438904036e-03,2.270100520219344442e-01,3.559599935623090627e-01,3.990431152341525900e-01,2.363330800059565140e-01
-3.303420075635286890e-02,1.857402814938138511e-02,5.263128281725440449e-02,6.429727524849106202e-02,2.006072131063167396e-01,-1.565435638268984908e-01,1.833094180818212460e-01,-5.439186516443859920e-02,1.848506489297376265e-01,2.349034234869279685e-03,-7.087332048574297369e-03,1.291714415890444223e-01,-1.806831423887971314e-02,8.795300098203424899e-02,-9.886300178155167651e-02,2.912118505751952122e-02,1.339186226188127660e-01,1.758772975592853144e-02,4.839823931508398236e-02,2.215146565080322316e-01,1.472708338263675754e-01,1.000000000000000000e+00,6.139170502828633635e-02,5.856505826756557703e-02,1.215375698014293099e-01,1.125639542497676969e-02,-2.101349564466754513e-02,2.236932668791887513e-01,4.302924155329355266e-02,2.110944357590575568e-02,2.035068905166788067e-01,2.343586749517493836e-02,4.058161025101819641e-02,2.019275026001374207e-01,-1.677009633618839202e-01,-7.121523833075280030e-02,-8.853744132712829118e-02,1.474126109111463245e-01,1.844016461108432259e-01
3.597537852286166182e-01,3.945430681236807846e-01,2.432112096588470440e-01,8.513672112868371500e-02,4.667702893622822091e-01,5.704458139831633523e-02,1.433012231780025902e-01,-2.587594592151250539e-01,6.743767425568112373e-01,4.233732482563837274e-01,3.775990138808155150e-01,3.042820128218589049e-01,-4.095201912076520956e-01,7.252732744059279257e-01,1.462297657575369059e-01,5.345125986103577143e-01,3.519822487650851039e-01,3.804925977789481162e-01,3.574082078335438784e-01,-1.100815994204891735e-01,3.099864698891685588e-01,6.139170502828633635e-02,1.000000000000000000e+00,5.826377297660777499e-01,8.326837703407449220e-01,5.022715025163914104e-01,4.050454073828460566e-01,1.798510845820059101e-01,4.246342901812450998e-01,4.006349097710154017e-01,4.841846301610056025e-01,2.692764651562195022e-01,3.068838718347442485e-01,3.823577624997901991e-01,1.675115878294838878e-01,3.719233471325519291e-01,1.914612011597733032e-01,5.476075523189631866e-01,4.863929999813831340e-01
1.948940801952942503e-01,5.551137951517935709e-02,2.989418447224345132e-01,6.479041237127362851e-02,5.154239941852806206e-01,-2.159328114817248012e-01,9.901570060688802410e-02,-3.039037624383519876e-01,6.180255555341306328e-01,6.792090595355954052e-02,1.688109452066468286e-01,2.233283774905016617e-01,-3.696904537386894729e-01,6.774983397971134913e-01,1.862462697017256141e-01,1.770584702371914010e-01,1.653601204205473463e-01,1.122864273654249623e-01,9.771007955855290361e-02,-1.132605952304248098e-01,1.042877949241313856e-01,5.856505826756557703e-02,5.826377297660777499e-01,1.000000000000000000e+00,5.681255062482919449e-01,3.655297247165666397e-01,3.822187084342084651e-01,1.079970601911104666e-01,1.173654226854065341e-01,1.429406175061238571e-01,4.573873514618820302e-01,6.664460887502970943e-02,7.989356781560370824e-02,3.497216780871075792e-01,2.710412575414301584e-01,1.042234156424251545e-01,5.758255080873790621e-02,3.280105880317941147e-01,3.225434189026937792e-01
3.714359395057879598e-01,3.793698738351459765e-01,3.442301949163531494e-01,1.602521048023407557e-01,4.765996833920487785e-01,1.004283899014910830e-01,5.800335758393077024e-02,-3.636923477138503946e-01,6.616979267400669995e-01,4.433795921001131290e-01,3.029769515082695874e-01,3.719211277768040280e-01,-4.400929923065315386e-01,6.917304849640981690e-01,9.992414152795051074e-02,5.149110394452326434e-01,3.845416352712964780e-01,4.462274571686857261e-01,4.375384862872455094e-01,4.567043801426566400e-03,4.169047427552706742e-01,1.215375698014293099e-01,8.326837703407449220e-01,5.681255062482919449e-01,1.000000000000000000e+00,5.754773130289212446e-01,4.440707046064348296e-01,2.388621398586662503e-01,5.059739469535936562e-01,4.051247173552223191e-01,5.870469162580060907e-01,2.964209039109576560e-01,3.860518233071842942e-01,3.489244728851388366e-01,1.817225289920113285e-01,3.759573213555641447e-01,2.701888840181889684e-01,5.672058370781484227e-01,4.578738545061604714e-01
6.131951621742637304e-01,4.649099936549249690e-01,6.240260069605590987e-01,3.141139401081335936e-01,3.758653557861337813e-01,3.324603001667124080e-01,-1.172606212966843531e-01,-5.460851789292443526e-01,5.749329423000526518e-01,6.039473068907476039e-01,2.942848915279856481e-01,3.260234557094197627e-01,-4.817957684040126698e-01,5.367076508603036977e-01,3.968021102183214022e-02,5.282673861087827660e-01,2.785203069139287058e-01,3.775443312621131753e-01,4.413990448997217597e-01,7.372120525835745841e-02,4.614889298381878446e-01,1.125639542497676969e-02,5.022715025163914104e-01,3.655297247165666397e-01,5.754773130289212446e-01,1.000000000000000000e+00,7.677290228265949423e-01,2.497567872818953760e-01,6.516231222654591537e-01,4.480537740760363041e-01,7.207794221107911570e-01,5.263130480902249442e-01,5.405299334688061785e-01,2.494575141348136238e-01,4.355520390075476866e-01,4.483641392238428280e-01,5.389853504682080576e-01,5.813678727069988561e-01,3.972905094573034868e-01
5.641504518695968917e-01,5.003271122591057551e-01,4.659755869121351979e-01,1.721776732067532290e-01,2.469878931790642218e-01,3.628198704241950012e-01,-6.497146007008161583e-02,-4.074131383955671981e-01,5.322139966480222695e-01,5.551110892616483161e-01,3.412859038310705473e-01,1.347304475810756075e-01,-3.337614099114425414e-01,5.367918412811706341e-01,1.227760450765615491e-01,4.423209097479385288e-01,1.929691553842279583e-01,2.322832597312320113e-01,4.218893891019204201e-01,-3.173042594863326182e-02,3.443719296171939837e-01,-2.101349564466754513e-02,4.050454073828460566e-01,3.822187084342084651e-01,4.440707046064348296e-01,7.677290228265949423e-01,1.000000000000000000e+00,1.851122124372489575e-01,5.598783836767847744e-01,4.255097362633079583e-01,6.624542772937501711e-01,5.361064586537482857e-01,4.339076853460516192e-01,1.602152157234235930e-01,4.587077082723644006e-01,4.939571113471994401e-01,6.016122797765682817e-01,4.212537543398279238e-01,3.764930330877857001e-01
-5.325733691102852579e-02,2.053297416851957921e-02,7.656393523563422010e-02,2.364209997337372859e-02,4.486243253447451396e-02,2.764954305817893809e-01,1.859390887028694039e-01,-2.027832628926051067e-02,1.984023259140778872e-01,7.461471739763228528e-02,-1.199074977221342847e-01,3.756482684834677732e-01,7.848454074283837956e-02,2.521842572405284533e-01,9.439369750168810635e-02,7.409770375528158814e-02,2.772670988005908055e-01,3.117406782170767943e-01,2.410269144597583235e-01,1.459663358936652208e-02,4.358759924712097833e-01,2.236932668791887513e-01,1.798510845820059101e-01,1.079970601911104666e-01,2.388621398586662503e-01,2.497567872818953760e-01,1.851122124372489575e-01,1.000000000000000000e+00,4.008346946851807924e-01,1.084111825241414542e-02,5.123778220721149079e-01,3.684232632336510993e-01,5.005993484592000664e-01,9.368639544370274685e-02,3.707799046907740009e-02,1.100198203230631916e-01,2.988100404495989681e-01,1.787721062038429565e-01,1.345470019199305756e-01
5.433655379296762344e-01,5.528253423146717305e-01,3.098169722431821649e-01,2.174337623871037684e-01,1.446612392749844489e-01,5.431643531256299395e-01,-9.194400144698243460e-02,-2.847427386748174194e-01,4.190250906667891129e-01,6.123277739476473691e-01,3.069934800632722061e-01,3.859758270134661107e-01,-4.403729216373073463e-01,4.835729907402663286e-01,6.477010724208956405e-02,5.114539059005983601e-01,5.052043694809291718e-01,4.595357329245698397e-01,5.935988741031912319e-01,6.162786149585870732e-02,6.762925651733426857e-01,4.302924155329355266e-02,4.246342901812450998e-01,1.173654226854065341e-01,5.059739469535936562e-01,6.516231222654591537e-01,5.598783836767847744e-01,4.008346946851807924e-01,1.000000000000000000e+00,5.605161860181513411e-01,6.242710411096545897e-01,8.063921049302440469e-01,7.627410762280832923e-01,2.187145037295403494e-01,3.004512220060642225e-01,4.716595841120274080e-01,6.551800992342604602e-01,6.078295909762914118e-01,4.069751140128975431e-01
6.288997358314769581e-01,6.271370391814937717e-01,1.300244619446828120e-01,2.399149152833050247e-01,2.623102826268281507e-01,1.657918071899183443e-01,4.450955816224471534e-02,-1.411862872218591636e-01,5.148901711001147019e-01,7.705192271348427768e-01,3.274438487937562647e-01,1.832528417948656452e-01,-3.610013380109121095e-01,4.815629041701358082e-01,1.367067259061142126e-01,7.564741611673057031e-01,3.143042466326905759e-01,1.924769845449658123e-01,4.014301093399723630e-01,-3.865386498015713906e-02,2.972509580212281954e-01,2.110944357590575568e-02,4.006349097710154017e-01,1.429406175061238571e-01,4.051247173552223191e-01,4.480537740760363041e-01,4.255097362633079583e-01,1.084111825241414542e-02,5.605161860181513411e-01,1.000000000000000000e+00,2.931907085971782179e-01,5.603977166498018692e-01,2.915133666725767125e-01,4.743979619276463833e-01,2.797790173275253034e-01,5.416885466444075758e-01,3.382878084636104510e-01,6.260934216881183234e-01,5.286614278822214796e-01
4.323717012707381513e-01,3.395446218477854994e-01,5.553881836228956592e-01,1.935289954086879260e-01,4.040124146995818233e-01,3.272986593244736619e-01,-2.572391390525501781e-02,-4.988501369549994124e-01,5.925584141472700628e-01,4.106600719535840605e-01,2.369107967701537254e-01,3.368125357058333047e-01,-4.293525147198874459e-01,5.804726667629307446e-01,9.357558146609493144e-02,3.377430354720005190e-01,3.472988996536934825e-01,3.423860382816786285e-01,4.499894192594415809e-01,6.966357270351684894e-02,4.502069224871650399e-01,2.035068905166788067e-01,4.841846301610056025e-01,4.573873514618820302e-01,5.870469162580060907e-01,7.207794221107911570e-01,6.624542772937501711e-01,5.123778220721149079e-01,6.242710411096545897e-01,2.931907085971782179e-01,1.000000000000000000e+00,5.407008118671591257e-01,5.740668553798915497e-01,2.677238860077025828e-01,4.167555045246599810e-01,3.621410501428451445e-01,5.577668741655630313e-01,5.044294244154512441e-01,4.023738583470439223e-01
5.436298289661153360e-01,6.168592319675654245e-01,2.594791524002907357e-01,2.166467696813725863e-01,6.441300805552564734e-02,5.826554295111632253e-01,-5.823984362309201496e-02,-2.080793654899970035e-01,3.630062674054106431e-01,5.788415185156889908e-01,4.050003490692608010e-01,2.574086408213668853e-01,-3.641822111293220310e-01,4.582075244719166496e-01,9.294670216889386327e-02,4.650646217077172295e-01,5.525997198895976625e-01,3.680017546380987548e-01,5.557950780422600268e-01,-3.875793298640592410e-02,4.785507387884697650e-01,2.343586749517493836e-02,2.692764651562195022e-01,6.664460887502970943e-02,2.964209039109576560e-01,5.263130480902249442e-01,5.361064586537482857e-01,3.684232632336510993e-01,8.063921049302440469e-01,5.603977166498018692e-01,5.407008118671591257e-01,1.000000000000000000e+00,6.746905790102170064e-01,2.153281847794061288e-01,3.509685300951225773e-01,4.522180833365374020e-01,7.067576590722296492e-01,5.573206767179681442e-01,4.580435536773586058e-01
2.106260015447438960e-01,3.500530489202475226e-01,3.338923125126134761e-01,2.486923553639837359e-01,1.227348804952650869e-02,5.808569775547313130e-01,-8.792472018151115121e-02,-3.181349363428130905e-01,2.657709692951363278e-01,3.739643317141845835e-01,5.333395230136513121e-02,4.947676272996857638e-01,-3.335108596168342432e-01,3.614915375031184097e-01,1.355281361318471656e-01,2.734385084389915344e-01,4.496943129952090668e-01,6.266716592977585876e-01,6.002762170230308003e-01,9.969209587678160012e-02,7.085784135304189491e-01,4.058161025101819641e-02,3.068838718347442485e-01,7.989356781560370824e-02,3.860518233071842942e-01,5.405299334688061785e-01,4.339076853460516192e-01,5.005993484592000664e-01,7.627410762280832923e-01,2.915133666725767125e-01,5.740668553798915497e-01,6.746905790102170064e-01,1.000000000000000000e+00,4.762941483642596507e-02,9.681928141074698513e-02,2.493221596741466151e-01,6.013607807104387470e-01,4.998038984715933997e-01,3.849867519871856825e-01
4.420404202983106434e-01,3.535872524181967180e-01,2.597401175703790144e-01,1.377810790949075825e-01,7.561520002893376002e-01,-3.058313885093310591e-01,-1.927346976767157008e-02,-2.839204553837263445e-01,6.457977844438452797e-01,3.030662047742122001e-01,2.998598093038102319e-01,4.152003867369769008e-01,-4.546808305664551408e-01,5.352294705914723005e-01,1.833008465170518908e-01,4.214204902864971958e-01,2.574774739994920014e-01,-4.379036393146483463e-02,4.406557345333268760e-02,-9.199830290825077028e-02,9.324269984724192772e-02,2.019275026001374207e-01,3.823577624997901991e-01,3.497216780871075792e-01,3.489244728851388366e-01,2.494575141348136238e-01,1.602152157234235930e-01,9.368639544370274685e-02,2.187145037295403494e-01,4.743979619276463833e-01,2.677238860077025828e-01,2.153281847794061288e-01,4.762941483642596507e-02,1.000000000000000000e+00,7.846143363283634986e-02,9.563823256806996964e-02,2.705742432901160621e-02,5.249414260872702354e-01,3.485662916833339731e-01
4.964132382729620763e-01,2.077817172658457390e-01,3.012295272282474179e-01,5.528329590654367659e-02,2.161570708061056334e-01,2.551894669210943434e-01,-1.147894846914064015e-01,-2.291403198887834725e-01,2.491520462769405975e-01,2.829441174849691154e-01,3.498128196007224133e-01,2.526558565497329795e-02,-2.555341241521612572e-01,2.841069005245059897e-01,8.040511588411028421e-02,2.056619258823481067e-01,1.719533711594059266e-01,-6.608952216628934812e-03,7.119933610612884378e-02,-1.128416524088390882e-01,-4.143374785438904036e-03,-1.677009633618839202e-01,1.675115878294838878e-01,2.710412575414301584e-01,1.817225289920113285e-01,4.355520390075476866e-01,4.587077082723644006e-01,3.707799046907740009e-02,3.004512220060642225e-01,2.797790173275253034e-01,4.167555045246599810e-01,3.509685300951225773e-01,9.681928141074698513e-02,7.846143363283634986e-02,1.000000000000000000e+00,3.003308397184211720e-01,4.827058651832817349e-01,1.723133345961348761e-01,7.510478892510502602e-02
4.727653899564472351e-01,5.972652678499924539e-01,3.636398625918870614e-02,7.430840174502392759e-02,7.539648903494589050e-02,3.723150335061994887e-01,1.359703870213313237e-01,-2.078470616806252572e-02,4.125937865084514100e-01,5.966824266253719644e-01,3.255458021414653347e-01,-4.351895825222023423e-02,-9.923456168515636111e-02,3.910800808691990427e-01,2.345563486411321452e-02,5.543770147046496177e-01,1.318102133771968942e-01,1.607909590959082091e-01,2.797539920507887690e-01,-1.178788678438618537e-01,2.270100520219344442e-01,-7.121523833075280030e-02,3.719233471325519291e-01,1.042234156424251545e-01,3.759573213555641447e-01,4.483641392238428280e-01,4.939571113471994401e-01,1.100198203230631916e-01,4.716595841120274080e-01,5.416885466444075758e-01,3.621410501428451445e-01,4.522180833365374020e-01,2.493221596741466151e-01,9.563823256806996964e-02,3.003308397184211720e-01,1.000000000000000000e+00,4.387119627892102081e-01,2.854329636993288011e-01,3.581222737778844700e-01
3.912451384228029516e-01,4.796713749223776024e-01,3.296651302129696148e-01,1.044982469438409528e-01,2.578033812333242053e-02,6.383549808245728707e-01,-2.194246164574896740e-01,-2.668477288098854427e-01,1.850009894181507686e-01,4.250580973614568325e-01,3.192932262564535661e-01,2.189502640936296651e-01,-2.687340072738165220e-01,3.334391425252296037e-01,9.720610784367625379e-02,2.536003985384294168e-01,3.644491540346704861e-01,2.945899770902623560e-01,4.159370520274963123e-01,1.960038533179041167e-03,3.559599935623090627e-01,-8.853744132712829118e-02,1.914612011597733032e-01,5.758255080873790621e-02,2.701888840181889684e-01,5.389853504682080576e-01,6.016122797765682817e-01,2.988100404495989681e-01,6.551800992342604602e-01,3.382878084636104510e-01,5.577668741655630313e-01,7.067576590722296492e-01,6.013607807104387470e-01,2.705742432901160621e-02,4.827058651832817349e-01,4.387119627892102081e-01,1.000000000000000000e+00,2.856233856904952240e-01,2.155473330991128922e-01
5.936735123649411472e-01,5.314159251046758348e-01,4.329154843132428931e-01,4.190891091598427654e-01,4.550198225992590495e-01,1.090905735127185860e-01,3.994196886566123671e-03,-3.972240759566845747e-01,6.670351269027713359e-01,6.001475686616629668e-01,3.227777068752565870e-01,3.851285590310620788e-01,-5.799285061491332716e-01,6.240414386437123095e-01,4.867496699456844156e-02,6.386368358561712588e-01,4.329613389264745371e-01,4.382844043158224401e-01,5.785919786197275538e-01,6.540952557659655831e-02,3.990431152341525900e-01,1.474126109111463245e-01,5.476075523189631866e-01,3.280105880317941147e-01,5.672058370781484227e-01,5.813678727069988561e-01,4.212537543398279238e-01,1.787721062038429565e-01,6.078295909762914118e-01,6.260934216881183234e-01,5.044294244154512441e-01,5.573206767179681442e-01,4.998038984715933997e-01,5.249414260872702354e-01,1.723133345961348761e-01,2.854329636993288011e-01,2.856233856904952240e-01,1.000000000000000000e+00,7.487260099049276585e-01
4.288914037508567145e-01,5.726749835334993266e-01,2.642340376632559273e-01,3.606560412996921428e-01,2.914482943874250331e-01,1.243450201407948486e-01,1.283963932283231080e-01,-2.430939641426231035e-01,5.843118563749315486e-01,5.362941478865198563e-01,3.389601652973756041e-01,1.805835294002876290e-01,-3.246269228347926084e-01,5.993157671012149246e-01,8.623615211201789144e-02,5.612950504028132448e-01,3.779076892725397041e-01,4.196983059416503625e-01,5.586460934674002399e-01,-1.765291056239993300e-02,2.363330800059565140e-01,1.844016461108432259e-01,4.863929999813831340e-01,3.225434189026937792e-01,4.578738545061604714e-01,3.972905094573034868e-01,3.764930330877857001e-01,1.345470019199305756e-01,4.069751140128975431e-01,5.286614278822214796e-01,4.023738583470439223e-01,4.580435536773586058e-01,3.849867519871856825e-01,3.485662916833339731e-01,7.510478892510502602e-02,3.581222737778844700e-01,2.155473330991128922e-01,7.487260099049276585e-01,1.000000000000000000e+00
