1.000000000000000000e+00,7.922777502049236364e-01,2.433280325356254048e-01,-4.463422153783139223e-01,3.118413534433433498e-01,4.551854553071847387e-01,4.410201902586303735e-01,3.486972319751708432e-02,8.967898589878486870e-02,7.795948812528131766e-01,6.498229803165432861e-01,-3.624080185312346103e-01,-5.704332945193028026e-01,7.281534277079962925e-01,-4.122139524939847366e-01,5.519232153777603456e-01,6.666390107062070136e-01,-1.454901100105566725e-01,-4.411531382182907191e-01,-3.460032318748439417e-01,6.279880863911866395e-01,5.155254040847494501e-01,5.209496649104783383e-01,5.384661427876733519e-01,5.820166962652628673e-01,7.525934579411075465e-01,6.018631138196591790e-01,6.165776766528111574e-01,6.391041872203016005e-01,5.470810403205503825e-01,6.107769188449496678e-01,1.557029854948935588e-01,6.872428190498572897e-01,-3.934037271605551056e-01,6.141672346124306126e-01,2.776057126480039328e-01,5.640756847635335358e-01,2.189708185349370784e-01,3.329645286683282634e-01
7.922777502049236364e-01,1.000000000000000000e+00,1.330499895390045151e-01,-4.913519878464481239e-01,7.311705129999140906e-02,7.020767019099608541e-01,6.865719699871192239e-01,1.838304195675452002e-01,-2.058564621719834453e-01,7.586760894741071404e-01,8.531750360563343794e-01,-5.059721364458914517e-01,-7.932012380283522957e-01,7.501236504187310805e-01,-6.541827584383979044e-01,3.066616543637469827e-01,8.207441134005011296e-01,-3.568224492045117269e-01,-6.957120210535411298e-01,-4.731315297583172375e-01,7.755791765064844467e-01,6.385857197360319537e-01,6.136996331054815901e-01,6.936206716681732054e-01,6.851634613873970325e-01,7.452586038345049291e-01,8.348370360858634598e-01,5.893217118006470745e-01,8.247114032079040369e-01,3.472750109881280745e-01,8.099786433660570717e-01,1.894504643668164512e-01,7.895191346586608594e-01,-6.512414419433335544e-01,7.921201718382954171e-01,1.379275448727945441e-01,7.860976989668150283e-01,1.571382124410431597e-02,3.096840984021381749e-01
2.433280325356254048e-01,1.330499895390045151e-01,1.000000000000000000e+00,3.238711185050474617e-01,7.745174062684215821e-01,-2.574164503180941255e-01,1.048319982652184540e-01,-3.956731847985352490e-01,6.068993195936699392e-01,2.632584018365454193e-01,2.230043072199297538e-02,4.089139899395428102e-01,3.876654030934753581e-02,3.318867636952373967e-01,2.906160209066734890e-01,4.804348257739267103e-01,-6.549454060466240735e-02,5.705113019083343229e-01,2.859889156965877977e-01,1.334772104807300228e-04,3.678473698715430118e-02,2.452675481856356546e-02,9.923073706858952583e-03,-4.507648534665325418e-02,1.454443762311179722e-01,2.325013739448827943e-01,9.458471541511133396e-02,2.857051302003268956e-01,-1.161363000878944396e-01,5.829870158641144995e-01,8.719956926419583643e-02,1.589360239480048786e-01,2.256703464826119443e-01,4.046890499719706935e-01,-1.413005229743329039e-01,2.737082627185760675e-01,-1.671163031666163534e-01,2.419792018445201809e-01,5.466123129518921653e-01
-4.463422153783139223e-01,-4.913519878464481239e-01,3.238711185050474617e-01,1.000000000000000000e+00,2.663854874611945034e-01,-6.257948280693651499e-01,-2.455314836937768919e-01,-1.346841348023626872e-01,4.836806684767731568e-01,-4.210524120086721611e-01,-5.509792286181373067e-01,6.611776273558723771e-01,5.166746553542611586e-01,-3.587491839373317393e-01,5.995166736451267298e-01,-1.282795890026044126e-02,-6.279263943027132422e-01,6.100351937656295354e-01,6.855264878299143216e-01,4.940993210986422413e-01,-4.919326698463252212e-01,-3.232654435995981346e-01,-3.447434545142261109e-01,-4.496270585201450065e-01,-2.488277680160323746e-01,-4.676534979337810816e-01,-4.438341123148241696e-01,-1.980452232905529353e-01,-6.386950446676953330e-01,1.648532983509982675e-01,-4.845192691467149482e-01,1.315879421802559623e-01,-4.490799877055438594e-01,6.561998462213811667e-01,-6.819739525694158422e-01,-4.701999101276838761e-02,-6.503366950102407174e-01,1.553220613005569690e-02,1.409894475406987535e-01
3.118413534433433498e-01,7.311705129999140906e-02,7.745174062684215821e-01,2.663854874611945034e-01,1.000000000000000000e+00,-3.415215474076349067e-01,-1.365756205121021749e-01,-4.586641050129465214e-01,7.696183030915455525e-01,3.077530404251423990e-01,-7.986940407514953044e-02,4.730810821798727139e-01,1.291363174559177762e-01,3.617800448389523749e-01,4.352198252065881401e-01,6.401416438609354165e-01,-9.644360072787773464e-02,6.691774733598711000e-01,4.193940208394555946e-01,1.186689091885754221e-01,-1.143913835406610430e-01,-1.184227842289948401e-01,6.697462805405486608e-02,-7.963342332707644411e-02,1.972647994761576595e-01,2.903517002341556297e-01,-2.749738932491931770e-02,2.688434102845997375e-01,-1.467899525248713977e-01,6.455977255326398323e-01,-1.620364104035105363e-02,1.036382588585897102e-01,1.358598624925015652e-01,5.240347662126476624e-01,-1.915390985833437809e-01,3.844352387735481269e-01,-2.199972781216777418e-01,4.458227644107229937e-01,5.413579994586849020e-01
4.551854553071847387e-01,7.020767019099608541e-01,-2.574164503180941255e-01,-6.257948280693651499e-01,-3.415215474076349067e-01,1.000000000000000000e+00,6.511025681149732458e-01,3.345349138650416387e-01,-6.191100879540352153e-01,5.378635622561975804e-01,8.158657839187928307e-01,-8.040437395135745513e-01,-7.978839911620166925e-01,5.575526057916398992e-01,-8.424379458706521273e-01,-8.190485846561156025e-02,8.467315880677324103e-01,-6.296952941010320881e-01,-8.383889861895720275e-01,-5.193217225883431931e-01,7.060658285382038768e-01,5.377891036803371660e-01,6.483054862246614425e-01,7.365252039345768775e-01,5.788208457590353628e-01,5.598791163505560942e-01,7.415570755668241532e-01,4.074005113080916285e-01,8.610761842860713555e-01,-1.604709991399647095e-01,7.534545505045111558e-01,1.449522706490412316e-01,6.381714581456540136e-01,-8.494279688896754221e-01,8.811952365655041364e-01,-1.560153777658770391e-01,8.931440703120977487e-01,-2.366341603066668686e-01,-1.697581326053984596e-01
4.410201902586303735e-01,6.865719699871192239e-01,1.048319982652184540e-01,-2.455314836937768919e-01,-1.365756205121021749e-01,6.511025681149732458e-01,1.000000000000000000e+00,3.693775854549036231e-01,-2.997931547521670570e-01,5.528332671456982483e-01,6.986613710756699458e-01,-5.938933832392210288e-01,-7.578969593665743076e-01,5.353943425711820137e-01,-7.597691699904530749e-01,9.247591222341459971e-02,6.166689301816977720e-01,-2.557734575763530582e-01,-6.226644542999849596e-01,-4.783399136669815865e-01,7.274073490827365207e-01,6.242134082428496544e-01,5.470154026330071861e-01,5.957882014427968720e-01,6.030161597016513442e-01,5.206318707694501668e-01,7.761894867640071194e-01,6.362571110241360683e-01,6.408544894365074684e-01,9.609283827282003032e-02,7.827151585083063079e-01,2.657586210792780013e-01,6.669586782544717485e-01,-6.124347917753443227e-01,6.698318333711063000e-01,-2.458944274641154948e-01,6.845487613347326361e-01,-1.902955058054337234e-01,1.007871947460164674e-01
3.486972319751708432e-02,1.838304195675452002e-01,-3.956731847985352490e-01,-1.346841348023626872e-01,-4.586641050129465214e-01,3.345349138650416387e-01,3.693775854549036231e-01,1.000000000000000000e+00,-2.980212904340479585e-01,-3.049182990109727473e-02,3.123076773665003913e-01,-2.755848084893492977e-01,-3.680221830005389605e-01,-1.119035718880123653e-01,-3.588017731603238003e-01,-3.007173469482597450e-01,2.357049003912588814e-01,-3.728421193868985961e-01,-2.117787943618379409e-01,-1.223304354943318267e-01,5.077509403595308335e-01,6.443498546202607313e-01,2.041250980372316948e-01,2.357259732422194720e-01,2.234590484875303429e-01,1.134483844490985667e-02,2.832585667932663864e-01,2.767698764549743062e-01,1.911540996049553576e-01,-2.329231756499195449e-01,3.277972131311314707e-01,3.874109936245452857e-01,3.926343919007905248e-01,-2.870132298209129296e-01,2.018219815544707585e-01,-3.499965519793780677e-01,2.522181609597725638e-01,8.305752829763982797e-03,-6.551850727828613385e-02
8.967898589878486870e-02,-2.058564621719834453e-01,6.068993195936699392e-01,4.836806684767731568e-01,7.696183030915455525e-01,-6.191100879540352153e-01,-2.997931547521670570e-01,-2.980212904340479585e-01,1.000000000000000000e+00,5.218108989247351864e-02,-3.589583879382320930e-01,6.803823193792148949e-01,3.354699326160155426e-01,2.445254997450227452e-02,6.268175610715662760e-01,5.800957599737993631e-01,-4.025595190407029178e-01,8.119485858728053840e-01,7.208715175120402607e-01,3.456718028508788398e-01,-2.538982223071276079e-01,-1.536608878013223101e-01,-7.097126338787827782e-02,-3.107168322109067904e-01,6.890090283000151195e-02,-6.041902054527443361e-03,-2.491012903987873672e-01,1.633874998436220249e-01,-4.504162649071573044e-01,6.110994365921014193e-01,-2.296975247123880515e-01,1.211726388070630128e-01,-4.592302125828204296e-02,7.513361279962438299e-01,-4.768339536678524726e-01,2.215344394796860128e-01,-4.988492768354387819e-01,5.661209494853306490e-01,6.100913388905895296e-01
7.795948812528131766e-01,7.586760894741071404e-01,2.632584018365454193e-01,-4.210524120086721611e-01,3.077530404251423990e-01,5.378635622561975804e-01,5.528332671456982483e-01,-3.049182990109727473e-02,5.218108989247351864e-02,1.000000000000000000e+00,6.648844713703611076e-01,-4.690592259828813559e-01,-7.021019385049921402e-01,8.353386249134064911e-01,-5.440626990690430320e-01,6.673684346492112507e-01,6.928959449523550695e-01,-1.345231696549935851e-01,-5.137038692775152127e-01,-4.942669379666033702e-01,5.921436164369926480e-01,4.165131485526177291e-01,6.542410994736693741e-01,7.001712416041767639e-01,6.569405215717588620e-01,8.412141384626971030e-01,6.989648254317371023e-01,7.264401827991767702e-01,7.215780260029853732e-01,5.198381186486603633e-01,7.734221414824528074e-01,1.243746916387053619e-01,7.295183890754102229e-01,-4.375171154747162783e-01,6.978732656347741425e-01,1.637971161379200291e-01,7.015859547269729379e-01,2.124285458031496820e-01,3.130211703596736394e-01
6.498229803165432861e-01,8.531750360563343794e-01,2.230043072199297538e-02,-5.509792286181373067e-01,-7.986940407514953044e-02,8.158657839187928307e-01,6.986613710756699458e-01,3.123076773665003913e-01,-3.589583879382320930e-01,6.648844713703611076e-01,1.000000000000000000e+00,-6.491896784567711132e-01,-8.560786701091253059e-01,6.667026388563440653e-01,-7.676643525588703332e-01,9.256232890976141825e-02,9.014070707398871285e-01,-4.816021674816704512e-01,-7.486882371138364745e-01,-5.463253800181014919e-01,8.260075255912395775e-01,6.829868591171150971e-01,6.442997571116381161e-01,7.259108443233823760e-01,6.250268265582317184e-01,7.047051412843106100e-01,8.526144989101511751e-01,6.077839492578225311e-01,8.298211583308421346e-01,1.179433775118294975e-01,8.510092153687968120e-01,2.848717565044523448e-01,8.011040532598198149e-01,-7.487676964719655048e-01,8.270826177899206488e-01,-5.027389086160713449e-02,8.468463155820629140e-01,-4.691596120642264195e-02,1.376727057485562511e-01
-3.624080185312346103e-01,-5.059721364458914517e-01,4.089139899395428102e-01,6.611776273558723771e-01,4.730810821798727139e-01,-8.040437395135745513e-01,-5.938933832392210288e-01,-2.755848084893492977e-01,6.803823193792148949e-01,-4.690592259828813559e-01,-6.491896784567711132e-01,1.000000000000000000e+00,6.884632854829244586e-01,-4.178905668462270517e-01,8.932663135315346281e-01,1.074730548611711189e-01,-7.159439461749296241e-01,6.618291922525779691e-01,8.238453637160718657e-01,6.055058141953787443e-01,-5.637230624962715764e-01,-3.642699625799743490e-01,-4.887456460989628715e-01,-6.328968307465016041e-01,-3.516817607476974139e-01,-4.974674126682946951e-01,-5.672704253841600597e-01,-4.134963073007955070e-01,-7.257022432575064297e-01,2.507669032317643709e-01,-6.395713969348705286e-01,2.383329640377467376e-02,-4.616916051704885171e-01,8.583691028609399254e-01,-7.829395693606181483e-01,2.933130812545587385e-01,-7.910444743081640473e-01,2.442701554539153386e-01,4.171624171675716308e-01
-5.704332945193028026e-01,-7.932012380283522957e-01,3.876654030934753581e-02,5.166746553542611586e-01,1.291363174559177762e-01,-7.978839911620166925e-01,-7.578969593665743076e-01,-3.680221830005389605e-01,3.354699326160155426e-01,-7.021019385049921402e-01,-8.560786701091253059e-01,6.884632854829244586e-01,1.000000000000000000e+00,-6.796144260628883549e-01,8.182672099415762013e-01,-1.685614669384287168e-01,-8.255178568464416333e-01,4.691215775879195582e-01,7.337716838103686134e-01,6.245660921310178804e-01,-7.947272271638523566e-01,-6.315090230038280517e-01,-6.770924564824792879e-01,-7.592326948374860107e-01,-6.826716429669935637e-01,-7.040489649093465419e-01,-8.764905032901050275e-01,-6.916160801584030349e-01,-8.312884203350610068e-01,-1.011536740618115687e-01,-9.187597427107742076e-01,-2.268391656534956280e-01,-8.041886561146970314e-01,7.245221797874284997e-01,-8.286886613492813192e-01,1.179029244018097444e-01,-8.811807055371003727e-01,8.428746363610526218e-03,-1.631612124031052991e-01
7.281534277079962925e-01,7.501236504187310805e-01,3.318867636952373967e-01,-3.587491839373317393e-01,3.617800448389523749e-01,5.575526057916398992e-01,5.353943425711820137e-01,-1.119035718880123653e-01,2.445254997450227452e-02,8.353386249134064911e-01,6.667026388563440653e-01,-4.178905668462270517e-01,-6.796144260628883549e-01,1.000000000000000000e+00,-4.738171604717503205e-01,5.638383481519460005e-01,6.992510646275590380e-01,-9.699760791372830093e-02,-5.123867020356648316e-01,-4.537502410049866763e-01,5.586799503394498378e-01,3.277744004524097976e-01,5.772593633983725825e-01,6.550448131553997522e-01,6.271392714836757643e-01,8.273104351251699962e-01,6.952824587658232858e-01,6.477647893955723601e-01,7.493225690458061861e-01,4.481660322611046299e-01,7.390387731125692694e-01,6.489782844118532380e-03,7.193367824083061191e-01,-4.233980574375597605e-01,7.107843551325591092e-01,2.886882956410988244e-01,7.060670751525066624e-01,1.219768129771461457e-01,3.021964443253435939e-01
-4.122139524939847366e-01,-6.541827584383979044e-01,2.906160209066734890e-01,5.995166736451267298e-01,4.352198252065881401e-01,-8.424379458706521273e-01,-7.597691699904530749e-01,-3.588017731603238003e-01,6.268175610715662760e-01,-5.440626990690430320e-01,-7.676643525588703332e-01,8.932663135315346281e-01,8.182672099415762013e-01,-4.738171604717503205e-01,1.000000000000000000e+00,7.388242455400910458e-02,-7.714389924487590200e-01,6.288506847852703974e-01,8.568724215290650648e-01,6.251225471733143912e-01,-7.014059946511878030e-01,-5.290115966961927985e-01,-5.783352312185315869e-01,-6.949236678427319625e-01,-4.919838769381619237e-01,-5.277530289471569214e-01,-7.468261826000522907e-01,-5.035023094435727709e-01,-7.811787921994705064e-01,1.673917146707273318e-01,-7.844371339947486810e-01,-9.377358823655165820e-02,-5.959878105976176288e-01,8.818053606916868015e-01,-8.287081640770217472e-01,3.107867806917007369e-01,-8.553030868444849721e-01,2.546582561669806788e-01,1.958252446317212681e-01
5.519232153777603456e-01,3.066616543637469827e-01,4.804348257739267103e-01,-1.282795890026044126e-02,6.401416438609354165e-01,-8.190485846561156025e-02,9.247591222341459971e-02,-3.007173469482597450e-01,5.800957599737993631e-01,6.673684346492112507e-01,9.256232890976141825e-02,1.074730548611711189e-01,-1.685614669384287168e-01,5.638383481519460005e-01,7.388242455400910458e-02,1.000000000000000000e+00,1.336128172749202481e-01,4.084954142326904236e-01,9.834105733663806026e-02,-6.856803028899241537e-02,1.180018701853311480e-01,4.826100035150975714e-02,3.272357813816590411e-01,2.496683672893427741e-01,3.832286947719936721e-01,5.512633222427084645e-01,2.107281767954796714e-01,4.870172920934791039e-01,1.896566274085647597e-01,7.127241213307867751e-01,2.759369106956094941e-01,-4.885274808799543872e-02,3.574664555176860214e-01,1.838772781973455339e-01,1.534663464652491482e-01,3.617069119535475941e-01,1.258363398393016475e-01,5.186946089727071385e-01,4.847634395937036045e-01
6.666390107062070136e-01,8.207441134005011296e-01,-6.549454060466240735e-02,-6.279263943027132422e-01,-9.644360072787773464e-02,8.467315880677324103e-01,6.166689301816977720e-01,2.357049003912588814e-01,-4.025595190407029178e-01,6.928959449523550695e-01,9.014070707398871285e-01,-7.159439461749296241e-01,-8.255178568464416333e-01,6.992510646275590380e-01,-7.714389924487590200e-01,1.336128172749202481e-01,1.000000000000000000e+00,-5.344746567303281237e-01,-7.921656893700910196e-01,-5.388197842456717845e-01,7.494132299229372407e-01,5.805942358474140974e-01,6.781989204799300230e-01,7.785507691331138291e-01,6.120442049348147062e-01,7.587205210037055725e-01,8.082412733402395411e-01,5.762549584337441910e-01,8.712528759612585549e-01,9.248046820791926137e-02,8.150226310809844943e-01,2.178329646859978597e-01,7.396111034695189712e-01,-7.807411387006520931e-01,8.768174352610430544e-01,1.972594640588175643e-02,8.756112813503390546e-01,-2.119097544149585802e-02,2.769008336523549538e-02
-1.454901100105566725e-01,-3.568224492045117269e-01,5.705113019083343229e-01,6.100351937656295354e-01,6.691774733598711000e-01,-6.296952941010320881e-01,-2.557734575763530582e-01,-3.728421193868985961e-01,8.119485858728053840e-01,-1.345231696549935851e-01,-4.816021674816704512e-01,6.618291922525779691e-01,4.691215775879195582e-01,-9.699760791372830093e-02,6.288506847852703974e-01,4.084954142326904236e-01,-5.344746567303281237e-01,1.000000000000000000e+00,7.537777628291368881e-01,4.591588314744355914e-01,-3.518257786851007318e-01,-2.601402414150228437e-01,-1.371234564809856449e-01,-4.236728734790888851e-01,-6.543723709967073400e-03,-1.624306218950503089e-01,-3.461397404812123768e-01,1.249422596753726501e-02,-5.228174536085173907e-01,4.088657649043400677e-01,-3.698856444403483823e-01,2.631758212289683763e-02,-2.271908254831655205e-01,7.356008518503711624e-01,-5.369294146011212021e-01,3.489400124915207485e-02,-5.724076749958216803e-01,3.801246807615997758e-01,3.816676842294834948e-01
-4.411531382182907191e-01,-6.957120210535411298e-01,2.859889156965877977e-01,6.855264878299143216e-01,4.193940208394555946e-01,-8.383889861895720275e-01,-6.226644542999849596e-01,-2.117787943618379409e-01,7.208715175120402607e-01,-5.137038692775152127e-01,-7.486882371138364745e-01,8.238453637160718657e-01,7.337716838103686134e-01,-5.123867020356648316e-01,8.568724215290650648e-01,9.834105733663806026e-02,-7.921656893700910196e-01,7.537777628291368881e-01,1.000000000000000000e+00,5.938485088768195030e-01,-6.290471842067205666e-01,-4.236447092646271062e-01,-4.418207211577007132e-01,-6.653746021881279393e-01,-3.596169184973975197e-01,-5.339587390209885598e-01,-7.034480278892274452e-01,-3.107986470513016686e-01,-8.285617392048376662e-01,1.709361277453841088e-01,-6.935122333240753001e-01,6.686070862894617772e-02,-5.395815192875894617e-01,9.036176902083739026e-01,-8.461577158308279945e-01,2.160701699090792488e-02,-8.529616553299380621e-01,3.377707481272881895e-01,2.018113993613531720e-01
-3.460032318748439417e-01,-4.731315297583172375e-01,1.334772104807300228e-04,4.940993210986422413e-01,1.186689091885754221e-01,-5.193217225883431931e-01,-4.783399136669815865e-01,-1.223304354943318267e-01,3.456718028508788398e-01,-4.942669379666033702e-01,-5.463253800181014919e-01,6.055058141953787443e-01,6.245660921310178804e-01,-4.537502410049866763e-01,6.251225471733143912e-01,-6.856803028899241537e-02,-5.388197842456717845e-01,4.591588314744355914e-01,5.938485088768195030e-01,1.000000000000000000e+00,-4.069976042649385284e-01,-1.916117641978652975e-01,-3.347082230835951022e-01,-4.728985117511652070e-01,-3.120931724377166705e-01,-5.260215089538068378e-01,-4.997200951408393710e-01,-4.694496990559583471e-01,-5.239548820376436211e-01,-2.733229360126795786e-03,-6.175208313548378181e-01,7.113894768658376999e-02,-4.861543859081076668e-01,5.282035894262286924e-01,-5.365785544159581422e-01,8.553844452554787425e-02,-5.981028323561436988e-01,-2.373604115643795399e-03,3.528855759324314029e-02
6.279880863911866395e-01,7.755791765064844467e-01,3.678473698715430118e-02,-4.919326698463252212e-01,-1.143913835406610430e-01,7.060658285382038768e-01,7.274073490827365207e-01,5.077509403595308335e-01,-2.538982223071276079e-01,5.921436164369926480e-01,8.260075255912395775e-01,-5.637230624962715764e-01,-7.947272271638523566e-01,5.586799503394498378e-01,-7.014059946511878030e-01,1.180018701853311480e-01,7.494132299229372407e-01,-3.518257786851007318e-01,-6.290471842067205666e-01,-4.069976042649385284e-01,1.000000000000000000e+00,8.787973240752187110e-01,5.891429948256249327e-01,6.486403622417612480e-01,6.423366002957149323e-01,6.162730581594513257e-01,8.220638340209377448e-01,6.515065976626855937e-01,7.420729423508541922e-01,1.590717132283357149e-01,8.001750732093928509e-01,3.016517141186411122e-01,8.562845430966511406e-01,-6.510401368336631300e-01,7.366942375936765819e-01,-8.166673264378966624e-02,7.520091619431692465e-01,3.438125586443104009e-02,2.326667732633357355e-01
5.155254040847494501e-01,6.385857197360319537e-01,2.452675481856356546e-02,-3.232654435995981346e-01,-1.184227842289948401e-01,5.377891036803371660e-01,6.242134082428496544e-01,6.443498546202607313e-01,-1.536608878013223101e-01,4.165131485526177291e-01,6.829868591171150971e-01,-3.642699625799743490e-01,-6.315090230038280517e-01,3.277744004524097976e-01,-5.290115966961927985e-01,4.826100035150975714e-02,5.805942358474140974e-01,-2.601402414150228437e-01,-4.236447092646271062e-01,-1.916117641978652975e-01,8.787973240752187110e-01,1.000000000000000000e+00,4.942821114422900619e-01,5.213119792071554404e-01,5.546637986960764044e-01,4.159215623370538517e-01,6.774383470299367715e-01,5.696800488583034783e-01,5.392257819252003204e-01,1.602231384042206719e-01,6.388878672530782232e-01,4.955279277052224707e-01,7.480519089921762177e-01,-4.722746511894089783e-01,5.360963654448929194e-01,-1.566433477350074877e-01,5.448415562523304390e-01,7.523137716068420411e-02,2.510475433915301813e-01
5.209496649104783383e-01,6.136996331054815901e-01,9.923073706858952583e-03,-3.447434545142261109e-01,6.697462805405486608e-02,6.483054862246614425e-01,5.470154026330071861e-01,2.041250980372316948e-01,-7.097126338787827782e-02,6.542410994736693741e-01,6.442997571116381161e-01,-4.887456460989628715e-01,-6.770924564824792879e-01,5.772593633983725825e-01,-5.783352312185315869e-01,3.272357813816590411e-01,6.781989204799300230e-01,-1.371234564809856449e-01,-4.418207211577007132e-01,-3.347082230835951022e-01,5.891429948256249327e-01,4.942821114422900619e-01,1.000000000000000000e+00,7.159738587602370030e-01,8.166657838876218989e-01,6.198919721143660855e-01,6.679352310949228100e-01,6.134995508476327464e-01,6.293973340234791936e-01,1.761402275246795601e-01,7.058152861593244287e-01,3.298225448423191541e-01,6.137158828656641418e-01,-4.662270774121042849e-01,6.481328243080397566e-01,-1.761640249092907839e-01,6.586106665735523835e-01,1.852865613018167268e-01,1.642090766578618577e-01
5.384661427876733519e-01,6.936206716681732054e-01,-4.507648534665325418e-02,-4.496270585201450065e-01,-7.963342332707644411e-02,7.365252039345768775e-01,5.957882014427968720e-01,2.357259732422194720e-01,-3.107168322109067904e-01,7.001712416041767639e-01,7.259108443233823760e-01,-6.328968307465016041e-01,-7.592326948374860107e-01,6.550448131553997522e-01,-6.949236678427319625e-01,2.496683672893427741e-01,7.785507691331138291e-01,-4.236728734790888851e-01,-6.653746021881279393e-01,-4.728985117511652070e-01,6.486403622417612480e-01,5.213119792071554404e-01,7.159738587602370030e-01,1.000000000000000000e+00,6.203087292917036644e-01,6.526986172259506835e-01,7.065275964674903042e-01,5.913338683181302846e-01,7.971326060795301816e-01,1.117599494804988186e-01,7.613228272351334480e-01,2.529602787301655220e-01,6.747774032667831490e-01,-6.322823480712164157e-01,7.665645413711994482e-01,-6.989564801520499471e-02,8.011607501830634304e-01,-7.469246513638481272e-03,5.892077006513072972e-03
5.820166962652628673e-01,6.851634613873970325e-01,1.454443762311179722e-01,-2.488277680160323746e-01,1.972647994761576595e-01,5.788208457590353628e-01,6.030161597016513442e-01,2.234590484875303429e-01,6.890090283000151195e-02,6.569405215717588620e-01,6.250268265582317184e-01,-3.516817607476974139e-01,-6.826716429669935637e-01,6.271392714836757643e-01,-4.919838769381619237e-01,3.832286947719936721e-01,6.120442049348147062e-01,-6.543723709967073400e-03,-3.596169184973975197e-01,-3.120931724377166705e-01,6.423366002957149323e-01,5.546637986960764044e-01,8.166657838876218989e-01,6.203087292917036644e-01,1.000000000000000000e+00,6.206134733777027845e-01,7.063889552223668877e-01,6.325268097760857744e-01,6.183298987226485410e-01,3.143787013538193453e-01,7.009685582172955343e-01,3.092999824095004624e-01,6.748398436982103732e-01,-3.832531474939369076e-01,6.007332168603768396e-01,-7.956084769654124533e-02,6.179369485724008904e-01,2.520005471971183963e-01,3.942059675534593244e-01
7.525934579411075465e-01,7.452586038345049291e-01,2.325013739448827943e-01,-4.676534979337810816e-01,2.903517002341556297e-01,5.598791163505560942e-01,5.206318707694501668e-01,1.134483844490985667e-02,-6.041902054527443361e-03,8.412141384626971030e-01,7.047051412843106100e-01,-4.974674126682946951e-01,-7.040489649093465419e-01,8.273104351251699962e-01,-5.277530289471569214e-01,5.512633222427084645e-01,7.587205210037055725e-01,-1.624306218950503089e-01,-5.339587390209885598e-01,-5.260215089538068378e-01,6.162730581594513257e-01,4.159215623370538517e-01,6.198919721143660855e-01,6.526986172259506835e-01,6.206134733777027845e-01,1.000000000000000000e+00,7.379730520671164973e-01,7.395014496714485963e-01,7.484850674636583934e-01,4.323968849582299212e-01,7.537166046993556412e-01,8.542821882425374880e-02,7.463941792765003136e-01,-4.878969477745453975e-01,7.181377209382349136e-01,2.171541379650519799e-01,7.142815380004614578e-01,3.527289961303186061e-01,2.852161522610602851e-01
6.018631138196591790e-01,8.348370360858634598e-01,9.458471541511133396e-02,-4.438341123148241696e-01,-2.749738932491931770e-02,7.415570755668241532e-01,7.761894867640071194e-01,2.832585667932663864e-01,-2.491012903987873672e-01,6.989648254317371023e-01,8.526144989101511751e-01,-5.672704253841600597e-01,-8.764905032901050275e-01,6.952824587658232858e-01,-7.468261826000522907e-01,2.107281767954796714e-01,8.082412733402395411e-01,-3.461397404812123768e-01,-7.034480278892274452e-01,-4.997200951408393710e-01,8.220638340209377448e-01,6.774383470299367715e-01,6.679352310949228100e-01,7.065275964674903042e-01,7.063889552223668877e-01,7.379730520671164973e-01,1.000000000000000000e+00,6.599802477410575685e-01,8.192819366579999762e-01,1.863882712585844259e-01,8.844171742484390197e-01,2.160754632497275118e-01,8.070565328361163360e-01,-6.898428868491139898e-01,7.971323619735544153e-01,1.252538730298265353e-02,8.369818468347363094e-01,2.867388537003882215e-02,3.427597134869498907e-01
6.165776766528111574e-01,5.893217118006470745e-01,2.857051302003268956e-01,-1.980452232905529353e-01,2.688434102845997375e-01,4.074005113080916285e-01,6.362571110241360683e-01,2.767698764549743062e-01,1.633874998436220249e-01,7.264401827991767702e-01,6.077839492578225311e-01,-4.134963073007955070e-01,-6.916160801584030349e-01,6.477647893955723601e-01,-5.035023094435727709e-01,4.870172920934791039e-01,5.762549584337441910e-01,1.249422596753726501e-02,-3.107986470513016686e-01,-4.694496990559583471e-01,6.515065976626855937e-01,5.696800488583034783e-01,6.134995508476327464e-01,5.913338683181302846e-01,6.325268097760857744e-01,7.395014496714485963e-01,6.599802477410575685e-01,1.000000000000000000e+00,5.263501536639764167e-01,4.158937563557099093e-01,7.592181971653838568e-01,3.485964132726216969e-01,7.656823641440949624e-01,-2.970922708464902029e-01,5.236356903522442208e-01,-1.061247766090721995e-01,5.446645861190453353e-01,3.524734869789951652e-01,3.040147441708789811e-01
6.391041872203016005e-01,8.247114032079040369e-01,-1.161363000878944396e-01,-6.386950446676953330e-01,-1.467899525248713977e-01,8.610761842860713555e-01,6.408544894365074684e-01,1.911540996049553576e-01,-4.504162649071573044e-01,7.215780260029853732e-01,8.298211583308421346e-01,-7.257022432575064297e-01,-8.312884203350610068e-01,7.493225690458061861e-01,-7.811787921994705064e-01,1.896566274085647597e-01,8.712528759612585549e-01,-5.228174536085173907e-01,-8.285617392048376662e-01,-5.239548820376436211e-01,7.420729423508541922e-01,5.392257819252003204e-01,6.293973340234791936e-01,7.971326060795301816e-01,6.183298987226485410e-01,7.484850674636583934e-01,8.192819366579999762e-01,5.263501536639764167e-01,1.000000000000000000e+00,7.421927315775510292e-02,8.060645809351231206e-01,4.796843602411784285e-02,7.283809947465532675e-01,-8.072749772737711771e-01,9.226518621248955832e-01,6.580616029056976513e-02,9.313643500792866403e-01,-6.923858482087875965e-02,4.210982837042331894e-02
5.470810403205503825e-01,3.472750109881280745e-01,5.829870158641144995e-01,1.648532983509982675e-01,6.455977255326398323e-01,-1.604709991399647095e-01,9.609283827282003032e-02,-2.329231756499195449e-01,6.110994365921014193e-01,5.198381186486603633e-01,1.179433775118294975e-01,2.507669032317643709e-01,-1.011536740618115687e-01,4.481660322611046299e-01,1.673917146707273318e-01,7.127241213307867751e-01,9.248046820791926137e-02,4.088657649043400677e-01,1.709361277453841088e-01,-2.733229360126795786e-03,1.590717132283357149e-01,1.602231384042206719e-01,1.761402275246795601e-01,1.117599494804988186e-01,3.143787013538193453e-01,4.323968849582299212e-01,1.863882712585844259e-01,4.158937563557099093e-01,7.421927315775510292e-02,1.000000000000000000e+00,1.841016996195614930e-01,2.077102369616901645e-01,3.189321038967868338e-01,2.208673114776492086e-01,1.560812327202364179e-04,3.286630014481877193e-01,-8.792716178260705576e-03,3.641933574968496679e-01,5.701073798983203877e-01
6.107769188449496678e-01,8.099786433660570717e-01,8.719956926419583643e-02,-4.845192691467149482e-01,-1.620364104035105363e-02,7.534545505045111558e-01,7.827151585083063079e-01,3.277972131311314707e-01,-2.296975247123880515e-01,7.734221414824528074e-01,8.510092153687968120e-01,-6.395713969348705286e-01,-9.187597427107742076e-01,7.390387731125692694e-01,-7.844371339947486810e-01,2.759369106956094941e-01,8.150226310809844943e-01,-3.698856444403483823e-01,-6.935122333240753001e-01,-6.175208313548378181e-01,8.001750732093928509e-01,6.388878672530782232e-01,7.058152861593244287e-01,7.613228272351334480e-01,7.009685582172955343e-01,7.537166046993556412e-01,8.844171742484390197e-01,7.592181971653838568e-01,8.060645809351231206e-01,1.841016996195614930e-01,1.000000000000000000e+00,2.306619322974305109e-01,8.662878662976750688e-01,-6.505813532042529213e-01,8.168850842396260248e-01,-8.133356429920304831e-02,8.512381482271003108e-01,4.836044521682057035e-02,2.313196788720473795e-01
1.557029854948935588e-01,1.894504643668164512e-01,1.589360239480048786e-01,1.315879421802559623e-01,1.036382588585897102e-01,1.449522706490412316e-01,2.657586210792780013e-01,3.874109936245452857e-01,1.211726388070630128e-01,1.243746916387053619e-01,2.848717565044523448e-01,2.383329640377467376e-02,-2.268391656534956280e-01,6.489782844118532380e-03,-9.377358823655165820e-02,-4.885274808799543872e-02,2.178329646859978597e-01,2.631758212289683763e-02,6.686070862894617772e-02,7.113894768658376999e-02,3.016517141186411122e-01,4.955279277052224707e-01,3.298225448423191541e-01,2.529602787301655220e-01,3.092999824095004624e-01,8.542821882425374880e-02,2.160754632497275118e-01,3.485964132726216969e-01,4.796843602411784285e-02,2.077102369616901645e-01,2.306619322974305109e-01,1.000000000000000000e+00,2.693276247603075269e-01,2.016557422728226801e-02,2.976911958530393740e-02,-2.820343593676523652e-01,5.904892541673500278e-02,4.234911087206016250e-02,1.205371249587606358e-01
6.872428190498572897e-01,7.895191346586608594e-01,2.256703464826119443e-01,-4.490799877055438594e-01,1.358598624925015652e-01,6.381714581456540136e-01,6.669586782544717485e-01,3.926343919007905248e-01,-4.592302125828204296e-02,7.295183890754102229e-01,8.011040532598198149e-01,-4.616916051704885171e-01,-8.041886561146970314e-01,7.193367824083061191e-01,-5.959878105976176288e-01,3.574664555176860214e-01,7.396111034695189712e-01,-2.271908254831655205e-01,-5.395815192875894617e-01,-4.861543859081076668e-01,8.562845430966511406e-01,7.480519089921762177e-01,6.137158828656641418e-01,6.747774032667831490e-01,6.748398436982103732e-01,7.463941792765003136e-01,8.070565328361163360e-01,7.656823641440949624e-01,7.283809947465532675e-01,3.189321038967868338e-01,8.662878662976750688e-01,2.693276247603075269e-01,1.000000000000000000e+00,-4.819243262201054478e-01,7.190285912076892494e-01,2.784030768607986123e-02,7.277709568171643051e-01,2.090860225673941697e-01,3.622654177865624048e-01
-3.934037271605551056e-01,-6.512414419433335544e-01,4.046890499719706935e-01,6.561998462213811667e-01,5.240347662126476624e-01,-8.494279688896754221e-01,-6.124347917753443227e-01,-2.870132298209129296e-01,7.513361279962438299e-01,-4.375171154747162783e-01,-7.487676964719655048e-01,8.583691028609399254e-01,7.245221797874284997e-01,-4.233980574375597605e-01,8.818053606916868015e-01,1.838772781973455339e-01,-7.807411387006520931e-01,7.356008518503711624e-01,9.036176902083739026e-01,5.282035894262286924e-01,-6.510401368336631300e-01,-4.722746511894089783e-01,-4.662270774121042849e-01,-6.322823480712164157e-01,-3.832531474939369076e-01,-4.878969477745453975e-01,-6.898428868491139898e-01,-2.970922708464902029e-01,-8.072749772737711771e-01,2.208673114776492086e-01,-6.505813532042529213e-01,2.016557422728226801e-02,-4.819243262201054478e-01,1.000000000000000000e+00,-8.239660774514689923e-01,1.686977383770476568e-01,-8.425743499391573632e-01,3.032412031918775841e-01,2.586142922627479024e-01
6.141672346124306126e-01,7.921201718382954171e-01,-1.413005229743329039e-01,-6.819739525694158422e-01,-1.915390985833437809e-01,8.811952365655041364e-01,6.698318333711063000e-01,2.018219815544707585e-01,-4.768339536678524726e-01,6.978732656347741425e-01,8.270826177899206488e-01,-7.829395693606181483e-01,-8.286886613492813192e-01,7.107843551325591092e-01,-8.287081640770217472e-01,1.534663464652491482e-01,8.768174352610430544e-01,-5.369294146011212021e-01,-8.461577158308279945e-01,-5.365785544159581422e-01,7.366942375936765819e-01,5.360963654448929194e-01,6.481328243080397566e-01,7.665645413711994482e-01,6.007332168603768396e-01,7.181377209382349136e-01,7.971323619735544153e-01,5.236356903522442208e-01,9.226518621248955832e-01,1.560812327202364179e-04,8.168850842396260248e-01,2.976911958530393740e-02,7.190285912076892494e-01,-8.239660774514689923e-01,1.000000000000000000e+00,-1.613774996480376797e-02,9.279052313755101755e-01,-1.036715730914664069e-01,-3.229999532023890285e-02
2.776057126480039328e-01,1.379275448727945441e-01,2.737082627185760675e-01,-4.701999101276838761e-02,3.844352387735481269e-01,-1.560153777658770391e-01,-2.458944274641154948e-01,-3.499965519793780677e-01,2.215344394796860128e-01,1.637971161379200291e-01,-5.027389086160713449e-02,2.933130812545587385e-01,1.179029244018097444e-01,2.886882956410988244e-01,3.107867806917007369e-01,3.617069119535475941e-01,1.972594640588175643e-02,3.489400124915207485e-02,2.160701699090792488e-02,8.553844452554787425e-02,-8.166673264378966624e-02,-1.566433477350074877e-01,-1.761640249092907839e-01,-6.989564801520499471e-02,-7.956084769654124533e-02,2.171541379650519799e-01,1.252538730298265353e-02,-1.061247766090721995e-01,6.580616029056976513e-02,3.286630014481877193e-01,-8.133356429920304831e-02,-2.820343593676523652e-01,2.784030768607986123e-02,1.686977383770476568e-01,-1.613774996480376797e-02,1.000000000000000000e+00,-3.794487153245383604e-02,1.641485269281706960e-01,3.849702127543334074e-01
5.640756847635335358e-01,7.860976989668150283e-01,-1.671163031666163534e-01,-6.503366950102407174e-01,-2.199972781216777418e-01,8.931440703120977487e-01,6.845487613347326361e-01,2.522181609597725638e-01,-4.988492768354387819e-01,7.015859547269729379e-01,8.468463155820629140e-01,-7.910444743081640473e-01,-8.811807055371003727e-01,7.060670751525066624e-01,-8.553030868444849721e-01,1.258363398393016475e-01,8.756112813503390546e-01,-5.724076749958216803e-01,-8.529616553299380621e-01,-5.981028323561436988e-01,7.520091619431692465e-01,5.448415562523304390e-01,6.586106665735523835e-01,8.011607501830634304e-01,6.179369485724008904e-01,7.142815380004614578e-01,8.369818468347363094e-01,5.446645861190453353e-01,9.313643500792866403e-01,-8.792716178260705576e-03,8.512381482271003108e-01,5.904892541673500278e-02,7.277709568171643051e-01,-8.425743499391573632e-01,9.279052313755101755e-01,-3.794487153245383604e-02,1.000000000000000000e+00,-1.088613101383458376e-01,3.472469128729868074e-03
2.189708185349370784e-01,1.571382124410431597e-02,2.419792018445201809e-01,1.553220613005569690e-02,4.458227644107229937e-01,-2.366341603066668686e-01,-1.902955058054337234e-01,8.305752829763982797e-03,5.661209494853306490e-01,2.124285458031496820e-01,-4.691596120642264195e-02,2.442701554539153386e-01,8.428746363610526218e-03,1.219768129771461457e-01,2.546582561669806788e-01,5.186946089727071385e-01,-2.119097544149585802e-02,3.801246807615997758e-01,3.377707481272881895e-01,-2.373604115643795399e-03,3.438125586443104009e-02,7.523137716068420411e-02,1.852865613018167268e-01,-7.469246513638481272e-03,2.520005471971183963e-01,3.527289961303186061e-01,2.867388537003882215e-02,3.524734869789951652e-01,-6.923858482087875965e-02,3.641933574968496679e-01,4.836044521682057035e-02,4.234911087206016250e-02,2.090860225673941697e-01,3.032412031918775841e-01,-1.036715730914664069e-01,1.641485269281706960e-01,-1.088613101383458376e-01,1.000000000000000000e+00,4.734220515370536897e-01
3.329645286683282634e-01,3.096840984021381749e-01,5.466123129518921653e-01,1.409894475406987535e-01,5.413579994586849020e-01,-1.697581326053984596e-01,1.007871947460164674e-01,-6.551850727828613385e-02,6.100913388905895296e-01,3.130211703596736394e-01,1.376727057485562511e-01,4.171624171675716308e-01,-1.631612124031052991e-01,3.021964443253435939e-01,1.958252446317212681e-01,4.847634395937036045e-01,2.769008336523549538e-02,3.816676842294834948e-01,2.018113993613531720e-01,3.528855759324314029e-02,2.326667732633357355e-01,2.510475433915301813e-01,1.642090766578618577e-01,5.892077006513072972e-03,3.942059675534593244e-01,2.852161522610602851e-01,3.427597134869498907e-01,3.040147441708789811e-01,4.210982837042331894e-02,5.701073798983203877e-01,2.313196788720473795e-01,1.205371249587606358e-01,3.622654177865624048e-01,2.586142922627479024e-01,-3.229999532023890285e-02,3.849702127543334074e-01,3.472469128729868074e-03,4.734220515370536897e-01,1.000000000000000000e+00
