1.000000000000000000e+00,7.700017085734004452e-01,5.623238441655072917e-01,-3.419813893898661639e-01,4.060553134519465646e-01,-5.650993522043042117e-02,-1.915612087748671255e-01,-3.930177708008467663e-01,6.820083991752695640e-01,7.819476231023964052e-01,1.280133908450759583e-01,2.121051578193767218e-01,-1.440533178754480892e-01,6.074705195046963269e-01,3.900509547217478334e-01,8.440266530323912164e-01,3.289380958878685979e-01,8.904938295029966866e-02,1.016598581120691930e-01,-1.651025308796724989e-01,-1.900400667354661555e-04,-5.672330218612965658e-02,5.972471694443589607e-01,2.552759726155194309e-01,5.030316270566529413e-01,6.880932975467383139e-01,5.665387407853893498e-01,6.136616591808258248e-01,2.892523815393485687e-01,7.434912745125171751e-01,6.404365884725455871e-01,-5.235333897690666594e-02,5.978786351498429630e-01,4.656278691169331019e-01,4.735739846952173315e-01,7.509458238068258407e-01,3.073069101056166152e-01,7.077807784507895716e-01,5.313891173791559508e-01
7.700017085734004452e-01,1.000000000000000000e+00,5.091655708524367441e-01,-1.942560090760559743e-01,3.184245776025400598e-01,1.486121943458011407e-01,-2.972465032920822980e-01,-4.725300175130420222e-01,6.774272715296806302e-01,8.010099101708862968e-01,-1.099023104426137820e-01,3.141306649002728046e-01,-3.326389392420956437e-01,4.762015075259887764e-01,4.207826667141962851e-01,6.622917024878405279e-01,4.772887404170598202e-01,1.944315502547801500e-01,1.043911172016276367e-01,-4.503298122356361177e-02,2.057640624045372624e-01,1.519654426663252511e-01,7.389410158489557734e-01,4.820831742773561412e-01,6.248812779545779295e-01,6.111531688036154764e-01,5.451144266198175714e-01,6.179772931375523415e-01,1.968977835752650785e-01,8.006678826227818790e-01,5.318971652134467654e-01,8.346310597495568140e-02,4.769938085263257799e-01,5.500421231036718428e-01,2.660589960003056365e-01,6.828684542502589938e-01,3.359152486713681829e-01,6.059556983175899969e-01,7.444910992198687794e-01
5.623238441655072917e-01,5.091655708524367441e-01,1.000000000000000000e+00,-2.503961666958280374e-01,6.619108222929356300e-01,-5.695793139464706833e-02,-1.279253884098943972e-01,-8.083352755293435887e-01,7.566053318874205180e-01,5.312609930040830264e-01,5.580109765853154269e-02,4.365952334535919688e-01,-1.559279226781490058e-01,6.690850243531897279e-01,5.960318532018952231e-01,5.835478831976436132e-01,2.815950967004649530e-01,5.460854527323665275e-01,3.612843604827327693e-01,1.037233897171301183e-01,1.317201565820124987e-01,-2.531731231996131037e-01,3.855813970824731873e-01,2.653134195418480057e-01,3.445523412228576610e-01,7.318612162592944559e-01,6.198616500858359357e-01,7.824075242786032724e-01,3.850083532342812864e-01,6.299640558982915195e-01,6.583904581396519129e-01,2.137960635236163254e-01,5.018936467850562133e-01,7.834949650881566363e-01,4.365424466796169467e-01,6.807844920440088154e-01,3.428411709864525037e-01,6.243885827991005888e-01,3.819123875336574159e-01
-3.419813893898661639e-01,-1.942560090760559743e-01,-2.503961666958280374e-01,1.000000000000000000e+00,-2.711243574797108508e-02,3.968618209755108706e-01,2.185244814685097792e-01,5.192352432995032269e-02,-2.989568805499281390e-01,-1.041593075952250702e-01,-2.074467168551846208e-01,-1.302039530630817732e-01,-3.386096408448246997e-01,-3.581456711296443496e-01,-2.709403149609864170e-01,-4.570743231589062816e-01,1.588155521787590618e-01,2.622053639060974994e-01,-1.641588525751050409e-01,2.460872579123186271e-02,4.369218379634122185e-01,4.583753596999134428e-01,3.316098909967920855e-03,2.762450755817508763e-01,1.253938674750583460e-01,-2.551795576091411832e-01,-1.333779534281390455e-01,-1.453455476590408413e-01,-1.043184464582334464e-01,-2.688390984295572217e-01,-2.390844239251377346e-01,1.429955669789273742e-01,-2.812686211677064771e-02,-1.539510569257815931e-01,-3.496021108170535019e-01,-3.826608784759404913e-01,9.410219245201764671e-02,-4.044241513758751738e-01,-7.975619863918741170e-02
4.060553134519465646e-01,3.184245776025400598e-01,6.619108222929356300e-01,-2.711243574797108508e-02,1.000000000000000000e+00,7.437476064707299050e-02,3.180705779722922677e-02,-6.757381350753633997e-01,5.637454822080267824e-01,3.687608429701877966e-01,1.918273766125472013e-01,3.683962781580749635e-01,-3.732056637150284878e-02,5.701949254693308156e-01,4.449773263553237768e-01,4.052362015111314886e-01,3.439330895954997858e-01,6.854802320561571571e-01,3.264623337749686938e-01,3.696699576899068612e-02,-1.687601736158401110e-03,-1.658888710675068823e-01,3.053207616619301734e-01,2.331523038174406759e-01,2.972081220961936832e-01,5.684781297700663982e-01,4.353969405197991582e-01,5.706373231023593728e-01,4.256839483056820139e-01,4.045972305612816067e-01,4.447820704870512065e-01,3.128582731744374845e-01,3.482772570222981701e-01,6.336505728171025753e-01,4.055806363688337357e-01,4.792656614063672271e-01,3.667827121178063865e-01,4.169890551473321438e-01,2.611425056861940153e-01
-5.650993522043042117e-02,1.486121943458011407e-01,-5.695793139464706833e-02,3.968618209755108706e-01,7.437476064707299050e-02,1.000000000000000000e+00,1.622022282511748348e-01,-1.973428764418252157e-01,7.033514669895804539e-02,2.502336338087300383e-01,-3.543199760710840640e-01,1.250289712123112129e-01,-6.228435427935319346e-01,9.085797807708588525e-02,1.127383833933323504e-01,-2.039399744492737809e-01,3.347332133111846630e-01,3.535398711358558876e-01,-4.366875878415441697e-02,-1.821163619065082617e-01,6.080993154821129343e-01,6.193051090399371850e-01,5.116132150130823231e-01,7.618884324948437259e-01,6.380152346308556321e-01,1.096449213984160564e-01,1.577255131943009203e-01,2.390023552309798738e-01,2.951857669800421191e-01,1.356655862604456697e-01,1.264077502774196837e-01,4.489442806882698589e-01,2.722885180160787288e-01,1.790603214509262076e-01,8.014585847536789820e-02,-6.747382134318210753e-03,5.786104897180952555e-01,-7.405937068604025175e-02,1.021873816004996993e-01
-1.915612087748671255e-01,-2.972465032920822980e-01,-1.279253884098943972e-01,2.185244814685097792e-01,3.180705779722922677e-02,1.622022282511748348e-01,1.000000000000000000e+00,1.948272272720388831e-01,-1.348886609975386286e-01,-1.490758817001709147e-01,-3.038630917454582248e-02,-7.273232616970598530e-02,4.839172554356682698e-02,-2.663794863206834368e-02,-2.220029748073453629e-02,-1.261793221563224099e-01,-3.795105038800168917e-01,4.065460089000497851e-02,1.420622627124704385e-01,-4.300874987207527894e-02,-5.656580133542941924e-02,2.297637350767394587e-02,-1.307519478039725347e-01,-2.170069860590402577e-02,-6.239149163184473657e-02,-6.195252160653248741e-02,-6.060696147233649023e-02,-8.261044321531976764e-02,1.979386159349393604e-01,-1.835894837003504976e-01,-1.591096045885989629e-02,1.237675323836090746e-01,-2.948619270332283014e-03,-1.763954504569021919e-01,1.479772339376591583e-01,-6.939859495607052231e-02,1.662867519937405170e-01,-1.659361348686215210e-01,-4.514376214645293706e-01
-3.930177708008467663e-01,-4.725300175130420222e-01,-8.083352755293435887e-01,5.192352432995032269e-02,-6.757381350753633997e-01,-1.973428764418252157e-01,1.948272272720388831e-01,1.000000000000000000e+00,-6.584220118474797268e-01,-4.487474690113150699e-01,5.862550615585774422e-02,-4.354102760736655031e-01,2.962180073908608491e-01,-5.493958323713693526e-01,-4.850258424048253802e-01,-3.426620283569694059e-01,-4.957128049548398252e-01,-7.088680234766460142e-01,-2.030793946830885266e-01,-8.618755705269889877e-02,-3.100560151715259227e-01,-2.966325766543433887e-03,-4.561718460223309624e-01,-4.890975159400091643e-01,-4.654285359451682536e-01,-6.007180203238075000e-01,-4.762611509352627781e-01,-7.108168535811630884e-01,-3.098230623266102213e-01,-5.231481550668005687e-01,-5.055531875413036280e-01,-3.173330478425938073e-01,-3.838769470772092074e-01,-8.465634969478745830e-01,-2.497143600551781084e-01,-4.851225001558496230e-01,-3.592641716436372756e-01,-4.376455542152388190e-01,-4.828966650829040752e-01
6.820083991752695640e-01,6.774272715296806302e-01,7.566053318874205180e-01,-2.989568805499281390e-01,5.637454822080267824e-01,7.033514669895804539e-02,-1.348886609975386286e-01,-6.584220118474797268e-01,1.000000000000000000e+00,6.877030569778329605e-01,-5.580312417038326561e-02,4.303258339999362914e-01,-2.340527616198085914e-01,7.175510658360796379e-01,6.741069994550148436e-01,7.026538178848787952e-01,3.835801624061014325e-01,3.526669058033197190e-01,3.695161100489371409e-01,-1.222386959456648881e-01,6.513850821490813070e-02,-1.293573582606092898e-01,5.954572656341277082e-01,3.665595316705769213e-01,5.137803118630253074e-01,8.434309266750722456e-01,7.031080975228750640e-01,7.537900764015041943e-01,4.566126030547982828e-01,8.143144800735095945e-01,6.858133448771619456e-01,2.712408835763156500e-01,5.623513877329536781e-01,7.646403653575446491e-01,5.398698967312879349e-01,7.676189508110613513e-01,4.340409125313409722e-01,7.414645555477729078e-01,5.305497945988656427e-01
7.819476231023964052e-01,8.010099101708862968e-01,5.312609930040830264e-01,-1.041593075952250702e-01,3.687608429701877966e-01,2.502336338087300383e-01,-1.490758817001709147e-01,-4.487474690113150699e-01,6.877030569778329605e-01,1.000000000000000000e+00,-9.198138369934832914e-02,1.594916461064951330e-01,-4.579582162581283811e-01,4.894766816044553437e-01,4.107494322135624154e-01,7.200252394492653307e-01,3.577726275705804815e-01,1.762628814927891252e-01,3.028974132544617198e-02,-1.475134851268583847e-01,3.192646181462511223e-01,2.199007282470544222e-01,7.930430589640503625e-01,5.037289690721852287e-01,7.454302542123101283e-01,6.556487565198998446e-01,6.074391908013864194e-01,6.931367493435213190e-01,2.686088602928382030e-01,8.052339337398135566e-01,6.278195603202239017e-01,6.509311680626293783e-02,6.574248427520332783e-01,5.389497271739788209e-01,3.609903283109213157e-01,6.743422484877341638e-01,4.393340933300185491e-01,5.620654152839879014e-01,5.296240085304145806e-01
1.280133908450759583e-01,-1.099023104426137820e-01,5.580109765853154269e-02,-2.074467168551846208e-01,1.918273766125472013e-01,-3.543199760710840640e-01,-3.038630917454582248e-02,5.862550615585774422e-02,-5.580312417038326561e-02,-9.198138369934832914e-02,1.000000000000000000e+00,1.242385076953706202e-01,4.853349403862822764e-01,9.840603235419673189e-02,1.101138493724643924e-01,1.744052152940972211e-01,-1.331896195243816583e-01,-9.178949372133973425e-03,1.152683485623953313e-01,1.771729383449383577e-01,-4.087911590150723473e-01,-2.896699450390370911e-01,-2.859678846565837373e-01,-3.609233308236933224e-01,-3.067174922403304027e-01,-1.063645750177377031e-02,-6.421014793635598794e-02,1.892818090979509274e-02,7.692571547202106674e-02,-1.109171416268898425e-01,1.005136921491377525e-02,2.391871243135638286e-02,-1.435169558147031399e-01,-6.171366859268821031e-02,5.532755491969774952e-02,1.972732013146060587e-02,-1.306482519194546998e-01,1.220448980892348129e-01,-7.684843971827870490e-02
2.121051578193767218e-01,3.141306649002728046e-01,4.365952334535919688e-01,-1.302039530630817732e-01,3.683962781580749635e-01,1.250289712123112129e-01,-7.273232616970598530e-02,-4.354102760736655031e-01,4.303258339999362914e-01,1.594916461064951330e-01,1.242385076953706202e-01,1.000000000000000000e+00,3.637565083352237855e-02,5.109400613381569478e-01,6.771076185166559069e-01,1.890601438442049975e-01,2.292286903287881206e-01,4.815590569190201231e-01,6.634463259191625273e-01,1.353294645165152854e-01,-1.401135161626759253e-02,-1.833348998378483974e-01,1.332905391190286060e-01,2.669082006195063195e-01,1.364524579052966147e-01,4.984978418530686128e-01,5.195479412828057919e-01,4.754911598847902376e-01,6.042956105212536899e-01,2.775320942486105280e-01,3.450266162760189381e-01,5.906613379467606784e-01,1.041179078546015796e-01,4.514983290123389392e-01,3.648764274119006834e-01,4.474167373608042841e-01,4.663312982952660946e-01,5.289828342533149375e-01,4.338010945830926279e-01
-1.440533178754480892e-01,-3.326389392420956437e-01,-1.559279226781490058e-01,-3.386096408448246997e-01,-3.732056637150284878e-02,-6.228435427935319346e-01,4.839172554356682698e-02,2.962180073908608491e-01,-2.340527616198085914e-01,-4.579582162581283811e-01,4.853349403862822764e-01,3.637565083352237855e-02,1.000000000000000000e+00,-1.267948827691818547e-01,-9.352411582133060564e-02,-1.556493528252802898e-02,-3.792443621782539132e-01,-2.483089928768066612e-01,1.197375202046983972e-01,3.265086164881156328e-01,-7.238781172677775100e-01,-4.303230445239814017e-01,-5.301791303276511824e-01,-6.612229533291436034e-01,-6.204761783319099333e-01,-2.152941435340459120e-01,-4.000243425844012268e-01,-4.013516729400354310e-01,-1.191300740598077723e-01,-2.989041310078754954e-01,-4.015825859752177873e-01,-2.053769935425643622e-01,-5.152509439773834687e-01,-2.954401466646175978e-01,-5.211102312834001160e-02,-1.608536059564984189e-01,-5.052593326570723464e-01,-3.495169997457177324e-02,-2.059235119615713538e-01
6.074705195046963269e-01,4.762015075259887764e-01,6.690850243531897279e-01,-3.581456711296443496e-01,5.701949254693308156e-01,9.085797807708588525e-02,-2.663794863206834368e-02,-5.493958323713693526e-01,7.175510658360796379e-01,4.894766816044553437e-01,9.840603235419673189e-02,5.109400613381569478e-01,-1.267948827691818547e-01,1.000000000000000000e+00,6.425907089153687357e-01,6.266804434393773438e-01,2.884912199551483702e-01,3.549799635964682731e-01,4.796100916068317677e-01,-3.158962507683347187e-01,-5.334765413050618355e-02,-3.245615607621131216e-01,3.891859730360594516e-01,2.856098998103983599e-01,3.493352431224657217e-01,7.910049720805975015e-01,6.909840009083599854e-01,7.041659087792750960e-01,7.202016793106486015e-01,6.044331976224596170e-01,7.191242976112549590e-01,4.278022410372713247e-01,5.992563968134589913e-01,5.559383767914856112e-01,8.025848588630203340e-01,7.595046012496692311e-01,6.356206023789338078e-01,7.312955965582680351e-01,2.616667036285563186e-01
3.900509547217478334e-01,4.207826667141962851e-01,5.960318532018952231e-01,-2.709403149609864170e-01,4.449773263553237768e-01,1.127383833933323504e-01,-2.220029748073453629e-02,-4.850258424048253802e-01,6.741069994550148436e-01,4.107494322135624154e-01,1.101138493724643924e-01,6.771076185166559069e-01,-9.352411582133060564e-02,6.425907089153687357e-01,1.000000000000000000e+00,4.285643502891664514e-01,2.211906327869276601e-01,4.116952881152579069e-01,6.738143383717221102e-01,7.351364582364044997e-02,1.097068153529293794e-01,-2.100907712697286656e-01,3.161353299650059290e-01,3.197763155183627193e-01,2.809406727774403922e-01,7.314932162929895787e-01,6.236566852106049108e-01,6.940655650602194360e-01,6.233961143922487347e-01,5.740570359789617383e-01,4.821963237930748103e-01,5.026412666675629248e-01,3.860767250431882402e-01,5.881471347728538523e-01,4.747810392801498636e-01,5.925980648010664709e-01,4.762758665634894695e-01,7.127095192817578528e-01,3.513326996760005039e-01
8.440266530323912164e-01,6.622917024878405279e-01,5.835478831976436132e-01,-4.570743231589062816e-01,4.052362015111314886e-01,-2.039399744492737809e-01,-1.261793221563224099e-01,-3.426620283569694059e-01,7.026538178848787952e-01,7.200252394492653307e-01,1.744052152940972211e-01,1.890601438442049975e-01,-1.556493528252802898e-02,6.266804434393773438e-01,4.285643502891664514e-01,1.000000000000000000e+00,1.416406286645798818e-01,8.263502069897234528e-03,1.944844342794530279e-01,-1.937993308528031811e-01,-1.861433250553614083e-01,-2.181459177199928656e-01,5.147800461332943112e-01,7.536141944364352363e-02,3.749222103256213412e-01,6.820262527681245635e-01,5.583661711124030536e-01,5.871683615430129954e-01,2.884904561329473816e-01,7.366353036069455129e-01,6.100646058601595367e-01,-9.326835985984509303e-02,5.203859928180649685e-01,4.360263958110858762e-01,5.257808761274952447e-01,7.855723504725654616e-01,2.451480492581541992e-01,7.133295636883425495e-01,3.942213391466358741e-01
3.289380958878685979e-01,4.772887404170598202e-01,2.815950967004649530e-01,1.588155521787590618e-01,3.439330895954997858e-01,3.347332133111846630e-01,-3.795105038800168917e-01,-4.957128049548398252e-01,3.835801624061014325e-01,3.577726275705804815e-01,-1.331896195243816583e-01,2.292286903287881206e-01,-3.792443621782539132e-01,2.884912199551483702e-01,2.211906327869276601e-01,1.416406286645798818e-01,1.000000000000000000e+00,4.242149612791973334e-01,6.242435609282200037e-02,-1.481593865718568714e-01,2.891345610875363792e-01,2.074200359767355839e-01,4.933654266440126723e-01,5.449355695099118435e-01,4.662002774075683642e-01,3.794666601043867327e-01,2.948179807851390444e-01,3.546224056772803723e-01,1.224644729311132330e-01,4.155714521064900469e-01,2.321486785916556383e-01,2.762047756403074317e-01,2.550875554350837127e-01,4.312367430053808959e-01,3.289332391525703198e-02,2.761417652379324905e-01,2.503566641854878538e-01,3.641849724354667139e-01,5.961850810493117825e-01
8.904938295029966866e-02,1.944315502547801500e-01,5.460854527323665275e-01,2.622053639060974994e-01,6.854802320561571571e-01,3.535398711358558876e-01,4.065460089000497851e-02,-7.088680234766460142e-01,3.526669058033197190e-01,1.762628814927891252e-01,-9.178949372133973425e-03,4.815590569190201231e-01,-2.483089928768066612e-01,3.549799635964682731e-01,4.116952881152579069e-01,8.263502069897234528e-03,4.242149612791973334e-01,1.000000000000000000e+00,3.692784996893384020e-01,1.942201490778771300e-01,3.187427819528975692e-01,7.133940175114221460e-02,2.445038207495299487e-01,4.740388779617082382e-01,3.224662048400048775e-01,3.744730477335699859e-01,3.556142812331173353e-01,5.046559134749891706e-01,3.529169499151627587e-01,1.987096922483280459e-01,3.010172870189437022e-01,4.790907242281768341e-01,2.068782511231738730e-01,5.965491458062852637e-01,1.050515696477886396e-01,2.366744517634916389e-01,4.162062527495263287e-01,2.052610498936397465e-01,2.877398144112832679e-01
1.016598581120691930e-01,1.043911172016276367e-01,3.612843604827327693e-01,-1.641588525751050409e-01,3.264623337749686938e-01,-4.366875878415441697e-02,1.420622627124704385e-01,-2.030793946830885266e-01,3.695161100489371409e-01,3.028974132544617198e-02,1.152683485623953313e-01,6.634463259191625273e-01,1.197375202046983972e-01,4.796100916068317677e-01,6.738143383717221102e-01,1.944844342794530279e-01,6.242435609282200037e-02,3.692784996893384020e-01,1.000000000000000000e+00,8.409585092236676607e-02,-2.047316171052600831e-01,-4.361095912642802275e-01,-1.911383931239708442e-02,2.275885940360108592e-02,-8.098728015798496715e-02,4.680238206561056491e-01,5.449177423462836511e-01,3.427804118441613590e-01,5.698021179401584480e-01,2.374313528283487629e-01,3.134923890686056036e-01,5.068233821590949484e-01,9.689674746435308905e-02,2.103666976879496608e-01,3.995842464715923525e-01,4.191866953802382278e-01,3.806887739540673610e-01,4.971993863068190356e-01,1.269547337764114492e-01
-1.651025308796724989e-01,-4.503298122356361177e-02,1.037233897171301183e-01,2.460872579123186271e-02,3.696699576899068612e-02,-1.821163619065082617e-01,-4.300874987207527894e-02,-8.618755705269889877e-02,-1.222386959456648881e-01,-1.475134851268583847e-01,1.771729383449383577e-01,1.353294645165152854e-01,3.265086164881156328e-01,-3.158962507683347187e-01,7.351364582364044997e-02,-1.937993308528031811e-01,-1.481593865718568714e-01,1.942201490778771300e-01,8.409585092236676607e-02,1.000000000000000000e+00,6.866742980957296627e-02,5.581227991102125086e-02,-1.806560133891890463e-01,-9.241762850482167224e-02,-1.998655024785167267e-01,-1.399430882325044534e-01,-2.500337692136861967e-01,-4.452603835628127227e-02,-2.891032860066448662e-01,-9.957343858244957491e-02,-2.973661547022198315e-01,-1.354074250264869772e-01,-4.046051205386732019e-01,7.974981030118129255e-02,-4.254776744239518460e-01,-1.898478603859860281e-01,-4.135056472629104474e-01,-1.187278544416176668e-01,1.271500095812652387e-01
-1.900400667354661555e-04,2.057640624045372624e-01,1.317201565820124987e-01,4.369218379634122185e-01,-1.687601736158401110e-03,6.080993154821129343e-01,-5.656580133542941924e-02,-3.100560151715259227e-01,6.513850821490813070e-02,3.192646181462511223e-01,-4.087911590150723473e-01,-1.401135161626759253e-02,-7.238781172677775100e-01,-5.334765413050618355e-02,1.097068153529293794e-01,-1.861433250553614083e-01,2.891345610875363792e-01,3.187427819528975692e-01,-2.047316171052600831e-01,6.866742980957296627e-02,1.000000000000000000e+00,5.450086168670553732e-01,3.854568211666842270e-01,6.670312555301749491e-01,5.301978222997011381e-01,1.049769665053389839e-01,1.426605009956234682e-01,3.401011881023420225e-01,2.856007652542224412e-02,1.641778271178850335e-01,1.387119047604047639e-01,1.612333585732274588e-01,3.882827739976001391e-01,2.899533454182556813e-01,-1.554723778150613189e-01,-7.316263274654649651e-02,3.098640553255178620e-01,-8.188077194320048102e-02,1.537195127817513884e-01
-5.672330218612965658e-02,1.519654426663252511e-01,-2.531731231996131037e-01,4.583753596999134428e-01,-1.658888710675068823e-01,6.193051090399371850e-01,2.297637350767394587e-02,-2.966325766543433887e-03,-1.293573582606092898e-01,2.199007282470544222e-01,-2.896699450390370911e-01,-1.833348998378483974e-01,-4.303230445239814017e-01,-3.245615607621131216e-01,-2.100907712697286656e-01,-2.181459177199928656e-01,2.074200359767355839e-01,7.133940175114221460e-02,-4.361095912642802275e-01,5.581227991102125086e-02,5.450086168670553732e-01,1.000000000000000000e+00,4.059938351664580392e-01,5.656230034181159994e-01,5.082878384457059084e-01,-1.757057640190452241e-01,-2.182008912288780911e-01,-4.194124478705601664e-03,-2.315767173303034665e-01,4.034513570559219303e-02,-2.151237581369051521e-01,-5.029210180348411136e-02,-3.018278816840975001e-02,2.740166580093766208e-02,-3.557500662045160467e-01,-2.259349736935566122e-01,6.172352547540894963e-02,-2.861032361888842801e-01,1.933238557445661476e-01
5.972471694443589607e-01,7.389410158489557734e-01,3.855813970824731873e-01,3.316098909967920855e-03,3.053207616619301734e-01,5.116132150130823231e-01,-1.307519478039725347e-01,-4.561718460223309624e-01,5.954572656341277082e-01,7.930430589640503625e-01,-2.859678846565837373e-01,1.332905391190286060e-01,-5.301791303276511824e-01,3.891859730360594516e-01,3.161353299650059290e-01,5.147800461332943112e-01,4.933654266440126723e-01,2.445038207495299487e-01,-1.911383931239708442e-02,-1.806560133891890463e-01,3.854568211666842270e-01,4.059938351664580392e-01,1.000000000000000000e+00,6.933393520845335667e-01,8.421703717163651071e-01,5.302321953298081425e-01,4.467091413731256733e-01,5.694162121842627489e-01,2.027698276266307886e-01,7.374123910010261795e-01,4.329053158987407612e-01,1.417995889624159289e-01,5.178800710622962766e-01,5.124937993139208059e-01,2.377059670960094129e-01,5.424357749438658560e-01,4.442143496858065310e-01,4.175561271670407693e-01,5.619173116978426474e-01
2.552759726155194309e-01,4.820831742773561412e-01,2.653134195418480057e-01,2.762450755817508763e-01,2.331523038174406759e-01,7.618884324948437259e-01,-2.170069860590402577e-02,-4.890975159400091643e-01,3.665595316705769213e-01,5.037289690721852287e-01,-3.609233308236933224e-01,2.669082006195063195e-01,-6.612229533291436034e-01,2.856098998103983599e-01,3.197763155183627193e-01,7.536141944364352363e-02,5.449355695099118435e-01,4.740388779617082382e-01,2.275885940360108592e-02,-9.241762850482167224e-02,6.670312555301749491e-01,5.656230034181159994e-01,6.933393520845335667e-01,1.000000000000000000e+00,7.762584222731568895e-01,3.826017759481846192e-01,3.573679801025665403e-01,5.322838728042069700e-01,2.900394569183872839e-01,4.335483430858121934e-01,3.155547200622177972e-01,4.169060359761764811e-01,3.890236330499031170e-01,4.844880927828116302e-01,1.051700421820419701e-01,2.691945793300662415e-01,5.613609609340858286e-01,2.117978197733194901e-01,4.349801465074126794e-01
5.030316270566529413e-01,6.248812779545779295e-01,3.445523412228576610e-01,1.253938674750583460e-01,2.972081220961936832e-01,6.380152346308556321e-01,-6.239149163184473657e-02,-4.654285359451682536e-01,5.137803118630253074e-01,7.454302542123101283e-01,-3.067174922403304027e-01,1.364524579052966147e-01,-6.204761783319099333e-01,3.493352431224657217e-01,2.809406727774403922e-01,3.749222103256213412e-01,4.662002774075683642e-01,3.224662048400048775e-01,-8.098728015798496715e-02,-1.998655024785167267e-01,5.301978222997011381e-01,5.082878384457059084e-01,8.421703717163651071e-01,7.762584222731568895e-01,1.000000000000000000e+00,4.928848453587699741e-01,4.573812711935463793e-01,5.909787047636344548e-01,2.733277168722269002e-01,6.139354220041550736e-01,4.771965701073362931e-01,2.490466256192303551e-01,5.553379050621655155e-01,5.061619423684554642e-01,2.240339879295469849e-01,4.169868579397609243e-01,5.497496841507019116e-01,3.150823545349123456e-01,4.693112516897845476e-01
6.880932975467383139e-01,6.111531688036154764e-01,7.318612162592944559e-01,-2.551795576091411832e-01,5.684781297700663982e-01,1.096449213984160564e-01,-6.195252160653248741e-02,-6.007180203238075000e-01,8.434309266750722456e-01,6.556487565198998446e-01,-1.063645750177377031e-02,4.984978418530686128e-01,-2.152941435340459120e-01,7.910049720805975015e-01,7.314932162929895787e-01,6.820262527681245635e-01,3.794666601043867327e-01,3.744730477335699859e-01,4.680238206561056491e-01,-1.399430882325044534e-01,1.049769665053389839e-01,-1.757057640190452241e-01,5.302321953298081425e-01,3.826017759481846192e-01,4.928848453587699741e-01,1.000000000000000000e+00,7.516754598482818794e-01,7.773800460238963206e-01,6.310609262541800879e-01,7.645902620495040880e-01,7.124346907507150828e-01,3.592123734430910376e-01,6.370276026166267203e-01,6.611177821411932110e-01,6.615829834527794384e-01,7.754497516213066932e-01,5.501952474357226786e-01,8.182114534766674607e-01,4.347858567447574485e-01
5.665387407853893498e-01,5.451144266198175714e-01,6.198616500858359357e-01,-1.333779534281390455e-01,4.353969405197991582e-01,1.577255131943009203e-01,-6.060696147233649023e-02,-4.762611509352627781e-01,7.031080975228750640e-01,6.074391908013864194e-01,-6.421014793635598794e-02,5.195479412828057919e-01,-4.000243425844012268e-01,6.909840009083599854e-01,6.236566852106049108e-01,5.583661711124030536e-01,2.948179807851390444e-01,3.556142812331173353e-01,5.449177423462836511e-01,-2.500337692136861967e-01,1.426605009956234682e-01,-2.182008912288780911e-01,4.467091413731256733e-01,3.573679801025665403e-01,4.573812711935463793e-01,7.516754598482818794e-01,1.000000000000000000e+00,7.149721362178981243e-01,6.185651989780880378e-01,6.028142607527956498e-01,8.117126962692490233e-01,4.389999229891925481e-01,6.415321824742579171e-01,5.153899144703364410e-01,5.884476565325916786e-01,7.065408708722653586e-01,6.834090633041873808e-01,6.533899012804537110e-01,3.748026176133171239e-01
6.136616591808258248e-01,6.179772931375523415e-01,7.824075242786032724e-01,-1.453455476590408413e-01,5.706373231023593728e-01,2.390023552309798738e-01,-8.261044321531976764e-02,-7.108168535811630884e-01,7.537900764015041943e-01,6.931367493435213190e-01,1.892818090979509274e-02,4.754911598847902376e-01,-4.013516729400354310e-01,7.041659087792750960e-01,6.940655650602194360e-01,5.871683615430129954e-01,3.546224056772803723e-01,5.046559134749891706e-01,3.427804118441613590e-01,-4.452603835628127227e-02,3.401011881023420225e-01,-4.194124478705601664e-03,5.694162121842627489e-01,5.322838728042069700e-01,5.909787047636344548e-01,7.773800460238963206e-01,7.149721362178981243e-01,1.000000000000000000e+00,5.199310342061919110e-01,6.995082052609246093e-01,7.303562592122243569e-01,3.642700300135714997e-01,6.374955316827901619e-01,7.520720722391065483e-01,4.809205666607705432e-01,7.158368922103262033e-01,5.851067351748114875e-01,6.741863243202724787e-01,4.326406059124770498e-01
2.892523815393485687e-01,1.968977835752650785e-01,3.850083532342812864e-01,-1.043184464582334464e-01,4.256839483056820139e-01,2.951857669800421191e-01,1.979386159349393604e-01,-3.098230623266102213e-01,4.566126030547982828e-01,2.686088602928382030e-01,7.692571547202106674e-02,6.042956105212536899e-01,-1.191300740598077723e-01,7.202016793106486015e-01,6.233961143922487347e-01,2.884904561329473816e-01,1.224644729311132330e-01,3.529169499151627587e-01,5.698021179401584480e-01,-2.891032860066448662e-01,2.856007652542224412e-02,-2.315767173303034665e-01,2.027698276266307886e-01,2.900394569183872839e-01,2.733277168722269002e-01,6.310609262541800879e-01,6.185651989780880378e-01,5.199310342061919110e-01,1.000000000000000000e+00,3.246252111110723426e-01,5.565093798269072911e-01,6.919322184354305127e-01,4.985922109610251840e-01,3.086872840619024339e-01,7.709367598730603177e-01,4.831828791655913835e-01,7.817248552738675915e-01,5.497811729773265377e-01,4.419031651690080720e-02
7.434912745125171751e-01,8.006678826227818790e-01,6.299640558982915195e-01,-2.688390984295572217e-01,4.045972305612816067e-01,1.356655862604456697e-01,-1.835894837003504976e-01,-5.231481550668005687e-01,8.143144800735095945e-01,8.052339337398135566e-01,-1.109171416268898425e-01,2.775320942486105280e-01,-2.989041310078754954e-01,6.044331976224596170e-01,5.740570359789617383e-01,7.366353036069455129e-01,4.155714521064900469e-01,1.987096922483280459e-01,2.374313528283487629e-01,-9.957343858244957491e-02,1.641778271178850335e-01,4.034513570559219303e-02,7.374123910010261795e-01,4.335483430858121934e-01,6.139354220041550736e-01,7.645902620495040880e-01,6.028142607527956498e-01,6.995082052609246093e-01,3.246252111110723426e-01,1.000000000000000000e+00,5.842549170729754993e-01,1.455764918043812861e-01,5.633206492315672165e-01,6.164140117746911285e-01,4.270718790331999304e-01,7.514338387183818746e-01,3.696929896584023045e-01,7.043833669772235906e-01,5.623335494636451104e-01
6.404365884725455871e-01,5.318971652134467654e-01,6.583904581396519129e-01,-2.390844239251377346e-01,4.447820704870512065e-01,1.264077502774196837e-01,-1.591096045885989629e-02,-5.055531875413036280e-01,6.858133448771619456e-01,6.278195603202239017e-01,1.005136921491377525e-02,3.450266162760189381e-01,-4.015825859752177873e-01,7.191242976112549590e-01,4.821963237930748103e-01,6.100646058601595367e-01,2.321486785916556383e-01,3.010172870189437022e-01,3.134923890686056036e-01,-2.973661547022198315e-01,1.387119047604047639e-01,-2.151237581369051521e-01,4.329053158987407612e-01,3.155547200622177972e-01,4.771965701073362931e-01,7.124346907507150828e-01,8.117126962692490233e-01,7.303562592122243569e-01,5.565093798269072911e-01,5.842549170729754993e-01,1.000000000000000000e+00,3.228583729306250816e-01,7.282981503423927583e-01,5.344408002093089527e-01,6.361444964966642690e-01,7.055056683247513671e-01,6.439463055401222213e-01,6.032872880409785310e-01,2.684032352476856120e-01
-5.235333897690666594e-02,8.346310597495568140e-02,2.137960635236163254e-01,1.429955669789273742e-01,3.128582731744374845e-01,4.489442806882698589e-01,1.237675323836090746e-01,-3.173330478425938073e-01,2.712408835763156500e-01,6.509311680626293783e-02,2.391871243135638286e-02,5.906613379467606784e-01,-2.053769935425643622e-01,4.278022410372713247e-01,5.026412666675629248e-01,-9.326835985984509303e-02,2.762047756403074317e-01,4.790907242281768341e-01,5.068233821590949484e-01,-1.354074250264869772e-01,1.612333585732274588e-01,-5.029210180348411136e-02,1.417995889624159289e-01,4.169060359761764811e-01,2.490466256192303551e-01,3.592123734430910376e-01,4.389999229891925481e-01,3.642700300135714997e-01,6.919322184354305127e-01,1.455764918043812861e-01,3.228583729306250816e-01,1.000000000000000000e+00,2.094998712942856556e-01,3.101945444784831030e-01,3.869081865585204949e-01,2.030490966242666506e-01,6.701996069810415291e-01,2.570683703058617708e-01,1.026813294857044229e-01
5.978786351498429630e-01,4.769938085263257799e-01,5.018936467850562133e-01,-2.812686211677064771e-02,3.482772570222981701e-01,2.722885180160787288e-01,-2.948619270332283014e-03,-3.838769470772092074e-01,5.623513877329536781e-01,6.574248427520332783e-01,-1.435169558147031399e-01,1.041179078546015796e-01,-5.152509439773834687e-01,5.992563968134589913e-01,3.860767250431882402e-01,5.203859928180649685e-01,2.550875554350837127e-01,2.068782511231738730e-01,9.689674746435308905e-02,-4.046051205386732019e-01,3.882827739976001391e-01,-3.018278816840975001e-02,5.178800710622962766e-01,3.890236330499031170e-01,5.553379050621655155e-01,6.370276026166267203e-01,6.415321824742579171e-01,6.374955316827901619e-01,4.985922109610251840e-01,5.633206492315672165e-01,7.282981503423927583e-01,2.094998712942856556e-01,1.000000000000000000e+00,4.096997809852562789e-01,5.719550359861830247e-01,5.578721109508567588e-01,6.227010213526874560e-01,5.013213333976792585e-01,1.491730830158339571e-01
4.656278691169331019e-01,5.500421231036718428e-01,7.834949650881566363e-01,-1.539510569257815931e-01,6.336505728171025753e-01,1.790603214509262076e-01,-1.763954504569021919e-01,-8.465634969478745830e-01,7.646403653575446491e-01,5.389497271739788209e-01,-6.171366859268821031e-02,4.514983290123389392e-01,-2.954401466646175978e-01,5.559383767914856112e-01,5.881471347728538523e-01,4.360263958110858762e-01,4.312367430053808959e-01,5.965491458062852637e-01,2.103666976879496608e-01,7.974981030118129255e-02,2.899533454182556813e-01,2.740166580093766208e-02,5.124937993139208059e-01,4.844880927828116302e-01,5.061619423684554642e-01,6.611177821411932110e-01,5.153899144703364410e-01,7.520720722391065483e-01,3.086872840619024339e-01,6.164140117746911285e-01,5.344408002093089527e-01,3.101945444784831030e-01,4.096997809852562789e-01,1.000000000000000000e+00,2.867425265983098992e-01,5.553304213672731748e-01,3.442194865145176697e-01,5.095990059312655029e-01,5.275089126380385629e-01
4.735739846952173315e-01,2.660589960003056365e-01,4.365424466796169467e-01,-3.496021108170535019e-01,4.055806363688337357e-01,8.014585847536789820e-02,1.479772339376591583e-01,-2.497143600551781084e-01,5.398698967312879349e-01,3.609903283109213157e-01,5.532755491969774952e-02,3.648764274119006834e-01,-5.211102312834001160e-02,8.025848588630203340e-01,4.747810392801498636e-01,5.257808761274952447e-01,3.289332391525703198e-02,1.050515696477886396e-01,3.995842464715923525e-01,-4.254776744239518460e-01,-1.554723778150613189e-01,-3.557500662045160467e-01,2.377059670960094129e-01,1.051700421820419701e-01,2.240339879295469849e-01,6.615829834527794384e-01,5.884476565325916786e-01,4.809205666607705432e-01,7.709367598730603177e-01,4.270718790331999304e-01,6.361444964966642690e-01,3.869081865585204949e-01,5.719550359861830247e-01,2.867425265983098992e-01,1.000000000000000000e+00,6.298550598000908218e-01,6.425308394839320814e-01,5.954975076595587780e-01,-1.335735184654431723e-02
7.509458238068258407e-01,6.828684542502589938e-01,6.807844920440088154e-01,-3.826608784759404913e-01,4.792656614063672271e-01,-6.747382134318210753e-03,-6.939859495607052231e-02,-4.851225001558496230e-01,7.676189508110613513e-01,6.743422484877341638e-01,1.972732013146060587e-02,4.474167373608042841e-01,-1.608536059564984189e-01,7.595046012496692311e-01,5.925980648010664709e-01,7.855723504725654616e-01,2.761417652379324905e-01,2.366744517634916389e-01,4.191866953802382278e-01,-1.898478603859860281e-01,-7.316263274654649651e-02,-2.259349736935566122e-01,5.424357749438658560e-01,2.691945793300662415e-01,4.169868579397609243e-01,7.754497516213066932e-01,7.065408708722653586e-01,7.158368922103262033e-01,4.831828791655913835e-01,7.514338387183818746e-01,7.055056683247513671e-01,2.030490966242666506e-01,5.578721109508567588e-01,5.553304213672731748e-01,6.298550598000908218e-01,1.000000000000000000e+00,4.758217114403030523e-01,7.954337237545815453e-01,4.508088955943211906e-01
3.073069101056166152e-01,3.359152486713681829e-01,3.428411709864525037e-01,9.410219245201764671e-02,3.667827121178063865e-01,5.786104897180952555e-01,1.662867519937405170e-01,-3.592641716436372756e-01,4.340409125313409722e-01,4.393340933300185491e-01,-1.306482519194546998e-01,4.663312982952660946e-01,-5.052593326570723464e-01,6.356206023789338078e-01,4.762758665634894695e-01,2.451480492581541992e-01,2.503566641854878538e-01,4.162062527495263287e-01,3.806887739540673610e-01,-4.135056472629104474e-01,3.098640553255178620e-01,6.172352547540894963e-02,4.442143496858065310e-01,5.613609609340858286e-01,5.497496841507019116e-01,5.501952474357226786e-01,6.834090633041873808e-01,5.851067351748114875e-01,7.817248552738675915e-01,3.696929896584023045e-01,6.439463055401222213e-01,6.701996069810415291e-01,6.227010213526874560e-01,3.442194865145176697e-01,6.425308394839320814e-01,4.758217114403030523e-01,1.000000000000000000e+00,3.994082885042694042e-01,1.293104668053494388e-01
7.077807784507895716e-01,6.059556983175899969e-01,6.243885827991005888e-01,-4.044241513758751738e-01,4.169890551473321438e-01,-7.405937068604025175e-02,-1.659361348686215210e-01,-4.376455542152388190e-01,7.414645555477729078e-01,5.620654152839879014e-01,1.220448980892348129e-01,5.289828342533149375e-01,-3.495169997457177324e-02,7.312955965582680351e-01,7.127095192817578528e-01,7.133295636883425495e-01,3.641849724354667139e-01,2.052610498936397465e-01,4.971993863068190356e-01,-1.187278544416176668e-01,-8.188077194320048102e-02,-2.861032361888842801e-01,4.175561271670407693e-01,2.117978197733194901e-01,3.150823545349123456e-01,8.182114534766674607e-01,6.533899012804537110e-01,6.741863243202724787e-01,5.497811729773265377e-01,7.043833669772235906e-01,6.032872880409785310e-01,2.570683703058617708e-01,5.013213333976792585e-01,5.095990059312655029e-01,5.954975076595587780e-01,7.954337237545815453e-01,3.994082885042694042e-01,1.000000000000000000e+00,4.877258312629378367e-01
5.313891173791559508e-01,7.444910992198687794e-01,3.819123875336574159e-01,-7.975619863918741170e-02,2.611425056861940153e-01,1.021873816004996993e-01,-4.514376214645293706e-01,-4.828966650829040752e-01,5.305497945988656427e-01,5.296240085304145806e-01,-7.684843971827870490e-02,4.338010945830926279e-01,-2.059235119615713538e-01,2.616667036285563186e-01,3.513326996760005039e-01,3.942213391466358741e-01,5.961850810493117825e-01,2.877398144112832679e-01,1.269547337764114492e-01,1.271500095812652387e-01,1.537195127817513884e-01,1.933238557445661476e-01,5.619173116978426474e-01,4.349801465074126794e-01,4.693112516897845476e-01,4.347858567447574485e-01,3.748026176133171239e-01,4.326406059124770498e-01,4.419031651690080720e-02,5.623335494636451104e-01,2.684032352476856120e-01,1.026813294857044229e-01,1.491730830158339571e-01,5.275089126380385629e-01,-1.335735184654431723e-02,4.508088955943211906e-01,1.293104668053494388e-01,4.877258312629378367e-01,1.000000000000000000e+00
