1.000000000000000000e+00,5.558240284211384691e-02,2.801556564607978195e-01,-3.535123613812813925e-01,3.854825678079732976e-01,5.972115681692249933e-02,3.358740450163068547e-01,-3.535514398883436993e-01,4.643693868046679940e-01,6.705325807703129692e-01,8.654714100985427469e-03,-3.492332135876362043e-01,-4.213684070451196306e-01,3.441935015159039435e-01,2.234411186900472218e-02,2.975287960909489549e-01,4.141885503461912865e-01,5.613798552551815813e-02,-1.507620654459886078e-01,3.317589876725962617e-02,-1.479138768834482587e-01,-1.203959397304830287e-01,3.163029549604361862e-02,5.345260598738869051e-01,4.557339658499864332e-01,5.160783742070534919e-01,-7.956748291137315243e-02,4.570001157712317297e-01,5.918318981136608814e-01,5.090106211173871520e-01,4.684064374334655223e-02,-1.238260362450147589e-01,2.565304872151531468e-01,1.102475740281077948e-01,4.317614758011780740e-01,-4.121594921720692639e-01,4.062625077685724784e-01,3.223972888411656412e-01,-1.864498376053202663e-02
5.558240284211384691e-02,1.000000000000000000e+00,2.623002671441429512e-01,4.649140737191759243e-01,2.677875931902941042e-01,7.092464727158778737e-02,-7.100686677067012953e-01,-1.460619226922621472e-01,5.086474681159760536e-01,3.228753184946846488e-01,4.817086496999521961e-01,7.726162282054960251e-01,4.833618239415887752e-01,4.189296455232445759e-01,1.105883544614325170e-01,5.074821096733661552e-01,-4.747896912851492512e-01,3.205045976051531520e-01,7.204228118720663598e-01,-1.937930584271673473e-01,7.044994822979998572e-01,5.868303559653388346e-01,5.171261113000207299e-01,-3.020733303702231171e-02,2.247519158993426525e-01,1.262574671423552786e-01,7.520794741523059157e-01,-2.350058624004068841e-01,9.283322617036998681e-02,4.920504442354136643e-01,7.323330295018554148e-01,7.047786252095310511e-01,-1.198735302430565669e-01,4.589565187452087081e-01,1.166354397365778062e-01,5.949187011526311242e-01,1.079460606217264307e-01,-2.076179202129388446e-01,6.860961387221009566e-01
2.801556564607978195e-01,2.623002671441429512e-01,1.000000000000000000e+00,1.580739879479838295e-01,6.514947664132818561e-01,3.367451326099486497e-01,9.929734614818348098e-03,-9.039403341165899164e-01,5.887894713017782777e-01,5.562884111790958874e-01,1.471967613034158295e-01,7.875131327389076064e-02,-2.421023532512448506e-01,5.814626057716332230e-01,-2.105595233184450188e-01,5.734087226871055210e-01,1.322991084129192807e-01,1.554417743253581619e-01,1.949017242187614796e-01,1.938839838981255281e-01,1.908071891308728563e-01,3.752263104930816384e-01,4.413762659529256172e-01,3.534271372741846218e-01,3.889888154913287432e-01,4.057233501933424913e-01,3.057530926840384966e-01,2.744667793555674584e-01,1.436848746410080424e-01,4.217086094002966967e-01,5.720744594877051892e-01,1.350212314631241695e-01,5.635073223534643461e-01,5.098376859320726817e-01,2.119452122969381347e-01,3.033227585596536338e-02,4.475889194715187980e-01,2.927866827209913425e-01,3.695405700398943227e-01
-3.535123613812813925e-01,4.649140737191759243e-01,1.580739879479838295e-01,1.000000000000000000e+00,9.885771251822195183e-02,1.129004707777861716e-01,-4.721540111110709148e-01,-4.335778812672044097e-02,1.787836798242882774e-01,-4.971699904910160256e-03,3.080691637506127734e-01,5.444263230169702483e-01,4.403534471921385918e-01,2.395504629710223377e-01,-2.322928737607367344e-01,2.795518381546633901e-01,-4.108164938110400732e-01,1.455514537476717274e-01,4.506454600541729971e-01,1.863580924275927420e-02,4.486512347960659453e-01,4.739056572013704005e-01,4.032536634982767931e-01,-1.778220182434370189e-01,3.269657538102099109e-02,-1.920749713740723674e-01,4.644892467022198601e-01,-2.713039851567171090e-01,-2.159697261411228364e-01,1.216297773017765149e-01,4.715236581453968734e-01,4.010116215222180869e-01,-1.164110748374086735e-01,3.342029026590317975e-01,-1.131147198010111765e-01,5.382611292966635874e-01,-1.410367075398238391e-02,-2.134009453924398947e-01,4.526153664358428252e-01
3.854825678079732976e-01,2.677875931902941042e-01,6.514947664132818561e-01,9.885771251822195183e-02,1.000000000000000000e+00,6.862565882962044783e-02,-2.788762780956304324e-02,-6.430099145203559408e-01,6.297217633785225921e-01,5.892605073947659866e-01,9.516786895844158572e-03,6.328159680724781966e-02,-5.425146177341934328e-02,4.854187580652805645e-01,-9.856999823982115494e-02,5.115376385236668488e-01,-7.520970911103139200e-02,2.023098982002190516e-01,2.117773384765247735e-01,-1.271820836478803002e-03,1.639369126325956050e-01,1.649753335548689026e-01,2.687553884514625180e-01,2.945761408054475838e-01,6.081290823944788260e-01,3.924783946752001818e-01,3.229835091288936755e-01,2.774311742663183034e-01,1.425360801702790781e-01,4.721641306868654131e-01,3.850788697005966821e-01,6.195623749862901736e-02,2.511150405028239607e-01,5.891489754350143215e-01,2.646484896070754322e-01,8.671805023492608344e-02,3.741016426815165774e-01,3.645299486308419268e-01,4.669623418671053350e-01
5.972115681692249933e-02,7.092464727158778737e-02,3.367451326099486497e-01,1.129004707777861716e-01,6.862565882962044783e-02,1.000000000000000000e+00,1.610139482819141488e-01,-2.888524324505022944e-01,1.325005373991076651e-01,9.172671431894258154e-02,2.468057439984714940e-01,-1.990712292478633710e-03,-2.753415727984840911e-01,2.387231524512854752e-01,-6.237938250060254264e-02,3.331438921488934918e-02,3.500698453334220583e-01,1.559752900821024246e-01,2.070172985810563027e-01,6.246020249910854139e-01,-2.967001209318251287e-02,1.214089993076541418e-01,6.168662373327112036e-02,9.936012465622209855e-02,-3.759130798500669862e-02,2.100886170390237062e-01,1.603177521873581923e-01,1.049090728860774396e-01,2.064254224226761969e-01,2.762110563200876820e-02,2.825012249806605480e-01,2.626171413627044204e-01,3.674438671646154120e-01,-1.290215016165703887e-01,3.429898936046227864e-01,1.511488252962637502e-01,5.020550343209039257e-01,-1.215201363469622931e-01,4.293533468091647459e-02
3.358740450163068547e-01,-7.100686677067012953e-01,9.929734614818348098e-03,-4.721540111110709148e-01,-2.788762780956304324e-02,1.610139482819141488e-01,1.000000000000000000e+00,-1.236121759490756145e-01,-2.646108297939587795e-01,6.660333486614235243e-02,-3.415504180521904409e-01,-8.378765269213220845e-01,-6.454348830137204285e-01,-2.069689061757305215e-01,-1.271267961385951495e-01,-2.597750868301419436e-01,6.689274998946705963e-01,-2.683098278161206163e-01,-6.459450453198585240e-01,4.087630556985369368e-01,-6.440666278325261063e-01,-5.133416847464363775e-01,-4.753742824767078767e-01,1.981020702934037925e-01,-1.911399358624452788e-02,1.701714475876553168e-01,-6.535679133403176078e-01,4.274759295521235458e-01,1.634281345178627831e-01,-1.477700504160751049e-01,-5.457946385841598858e-01,-5.569518126908675759e-01,2.144430018721620035e-01,-4.217017611947845857e-01,1.465149358468512408e-01,-6.113364879027791687e-01,1.689696293982957120e-01,3.031400779739428786e-01,-6.329313369256577282e-01
-3.535514398883436993e-01,-1.460619226922621472e-01,-9.039403341165899164e-01,-4.335778812672044097e-02,-6.430099145203559408e-01,-2.888524324505022944e-01,-1.236121759490756145e-01,1.000000000000000000e+00,-5.565879745771803444e-01,-5.778123563934007834e-01,-5.314605956932501318e-02,7.273666821606360189e-02,3.397497078359195677e-01,-5.201203027791626576e-01,2.566210672292514872e-01,-5.379285920182692582e-01,-2.092711301293930515e-01,-1.015924234063019238e-01,-8.991411314390858334e-02,-1.556924497601469282e-01,-7.111467427675456643e-02,-2.285366522220753649e-01,-3.298413773173681784e-01,-3.544207652641482853e-01,-4.155421970719516134e-01,-4.024444635766520895e-01,-1.770146098619317654e-01,-2.885695851884334528e-01,-1.813976409797330158e-01,-4.390974663459652483e-01,-4.565512846669804170e-01,-6.863015863309662561e-03,-5.557131916529276516e-01,-4.424934864867491879e-01,-2.100670040499658109e-01,7.969864780152348394e-02,-4.310552365683401055e-01,-3.464403504382013721e-01,-2.650438916427453329e-01
4.643693868046679940e-01,5.086474681159760536e-01,5.887894713017782777e-01,1.787836798242882774e-01,6.297217633785225921e-01,1.325005373991076651e-01,-2.646108297939587795e-01,-5.565879745771803444e-01,1.000000000000000000e+00,6.734552209150505009e-01,2.666290356215799684e-01,2.974304344468652328e-01,-1.937520018467298391e-02,6.723585672806023927e-01,-3.193109951533755486e-02,7.191902968296287613e-01,-2.176436383997281537e-02,4.739288402775840292e-01,4.710567093326621380e-01,-7.835160617060391020e-02,3.376828026815161810e-01,3.911889824614623867e-01,5.994884945977674295e-01,4.232958665030820411e-01,5.865047921778627771e-01,5.620507950779117801e-01,5.787867480939460352e-01,2.646185822230712748e-01,3.513859471996447215e-01,6.595316757481125558e-01,6.208274002051620277e-01,2.492118576930396068e-01,4.070982711750100180e-01,5.483917618983120690e-01,3.226779981785382612e-01,1.332594640501154060e-01,4.295706590611815812e-01,4.285744788679963224e-01,7.074975485914594131e-01
6.705325807703129692e-01,3.228753184946846488e-01,5.562884111790958874e-01,-4.971699904910160256e-03,5.892605073947659866e-01,9.172671431894258154e-02,6.660333486614235243e-02,-5.778123563934007834e-01,6.734552209150505009e-01,1.000000000000000000e+00,1.396990960810177429e-01,-2.563588166942970190e-02,-2.376492963639152134e-01,5.734191158421841905e-01,-5.542765272509659474e-02,6.812913134082834166e-01,2.035495943100157357e-01,2.579861171519855501e-01,1.562346170657646360e-01,1.798584891436703567e-02,1.413173619720802798e-01,1.452773987789577059e-01,3.353094127003804492e-01,4.216803489713818465e-01,6.468675984226103237e-01,5.347551071492155916e-01,2.471792706828490338e-01,3.386441734624099364e-01,4.933383011029618959e-01,7.530666268518495521e-01,3.611594449070792967e-01,7.299221867391064711e-02,2.998096431699246445e-01,3.666922777533551669e-01,4.139237948199014916e-01,-6.115636242083950791e-02,4.409534351389943763e-01,4.498390407522934176e-01,3.388813497274572595e-01
8.654714100985427469e-03,4.817086496999521961e-01,1.471967613034158295e-01,3.080691637506127734e-01,9.516786895844158572e-03,2.468057439984714940e-01,-3.415504180521904409e-01,-5.314605956932501318e-02,2.666290356215799684e-01,1.396990960810177429e-01,1.000000000000000000e+00,4.801241746097142382e-01,2.816976314494288314e-01,4.000664415031422450e-01,3.991307525720867444e-01,7.661434077806290877e-02,4.304060113699063189e-02,3.132594288645008107e-01,5.323250401460382086e-01,-3.393116612096445939e-02,4.836909830033666591e-01,3.681315311369993681e-01,3.496245417408185285e-01,1.639272248229716178e-01,9.134268836951828176e-05,2.780839323745052938e-01,5.622891009142144680e-01,-1.038574162771214865e-01,3.130374596941923326e-01,1.732636369595355330e-01,3.675382562425534849e-01,7.511888714082108898e-01,1.029500681589292643e-01,1.787126800416711514e-01,2.534284496354431426e-01,2.666682185926497195e-01,9.163146276772880794e-02,-2.840423412843370854e-01,3.669316654257138710e-01
-3.492332135876362043e-01,7.726162282054960251e-01,7.875131327389076064e-02,5.444263230169702483e-01,6.328159680724781966e-02,-1.990712292478633710e-03,-8.378765269213220845e-01,7.273666821606360189e-02,2.974304344468652328e-01,-2.563588166942970190e-02,4.801241746097142382e-01,1.000000000000000000e+00,6.981851989325912333e-01,2.653264284515629567e-01,2.168813525636478778e-01,3.118023936761072923e-01,-6.087936139360123899e-01,3.705885854237657706e-01,7.476436619952211426e-01,-2.011052751638925662e-01,7.605432701344303492e-01,6.328299443322079609e-01,5.005982540326959773e-01,-2.204102358991523736e-01,-1.053294573531456634e-02,-6.528803449584466567e-02,7.658522182188020055e-01,-3.607533517237815346e-01,-1.307051508991318445e-01,1.870926410685875008e-01,6.371469515539441852e-01,7.110078301056912409e-01,-1.627722493053588848e-01,4.054100213583490264e-01,-1.099719783570181214e-01,6.803616751749775871e-01,-1.063239511139659199e-01,-2.928125695079503155e-01,6.926830532305359167e-01
-4.213684070451196306e-01,4.833618239415887752e-01,-2.421023532512448506e-01,4.403534471921385918e-01,-5.425146177341934328e-02,-2.753415727984840911e-01,-6.454348830137204285e-01,3.397497078359195677e-01,-1.937520018467298391e-02,-2.376492963639152134e-01,2.816976314494288314e-01,6.981851989325912333e-01,1.000000000000000000e+00,-5.483278604759132813e-02,2.176922626757835932e-01,3.426444625534540156e-02,-6.817521027668437261e-01,1.618115137098476153e-01,4.598306151437777656e-01,-3.843423636680435296e-01,6.233675276325768566e-01,3.525467413141291639e-01,1.548511554078886021e-01,-3.780916098523807722e-01,-8.536091064783574156e-02,-2.938151710337543188e-01,5.035507957584841598e-01,-3.528022769933403247e-01,-2.865756081369782438e-01,-1.011089316313387200e-02,2.436677691402138468e-01,4.363429978433834844e-01,-5.078741412638376751e-01,2.538461478620488987e-01,-3.107570757889648316e-01,5.476891165005816076e-01,-4.106656961678532558e-01,-3.274448829069218636e-01,4.436541262239894756e-01
3.441935015159039435e-01,4.189296455232445759e-01,5.814626057716332230e-01,2.395504629710223377e-01,4.854187580652805645e-01,2.387231524512854752e-01,-2.069689061757305215e-01,-5.201203027791626576e-01,6.723585672806023927e-01,5.734191158421841905e-01,4.000664415031422450e-01,2.653264284515629567e-01,-5.483278604759132813e-02,1.000000000000000000e+00,1.018271651269773009e-01,5.438203814168309780e-01,1.130952405966333951e-01,3.998391488868565102e-01,4.002619456422517596e-01,1.902777020210611944e-02,3.999655541185767049e-01,3.740281730595384491e-01,6.523809678434896453e-01,5.970010686746487494e-01,5.500909269851692596e-01,4.620635509413548725e-01,4.850573035522476872e-01,1.776860136091657771e-01,4.807206275762698211e-01,4.824906008041702221e-01,5.652983693162516587e-01,3.975033493657940675e-01,4.655386220210979697e-01,5.534925821416456504e-01,4.897332765532739773e-01,1.635896274398512817e-01,5.880120574534065669e-01,1.833360658254066522e-01,4.990744603066521456e-01
2.234411186900472218e-02,1.105883544614325170e-01,-2.105595233184450188e-01,-2.322928737607367344e-01,-9.856999823982115494e-02,-6.237938250060254264e-02,-1.271267961385951495e-01,2.566210672292514872e-01,-3.193109951533755486e-02,-5.542765272509659474e-02,3.991307525720867444e-01,2.168813525636478778e-01,2.176922626757835932e-01,1.018271651269773009e-01,1.000000000000000000e+00,-2.585436343958517624e-01,1.395293518695796264e-01,3.857138482088756093e-01,2.714675365735536583e-01,-6.189718801161259859e-02,2.456912224417128199e-01,-1.128243222118948189e-02,-9.599293050269915029e-03,4.828483046749641044e-02,-1.040572534539272731e-01,2.972931075175706539e-01,2.291504429717851621e-01,1.802599961814856447e-02,2.246305328115905664e-01,-1.019663674291419603e-01,-1.138502000063641578e-01,4.156326333591451871e-01,-6.517979323812557457e-02,-6.425748888456843388e-02,2.374792478784293892e-01,-3.342901219904285872e-03,-1.435319455049273614e-02,-9.233468623793883445e-02,6.642140146183789229e-02
2.975287960909489549e-01,5.074821096733661552e-01,5.734087226871055210e-01,2.795518381546633901e-01,5.115376385236668488e-01,3.331438921488934918e-02,-2.597750868301419436e-01,-5.379285920182692582e-01,7.191902968296287613e-01,6.812913134082834166e-01,7.661434077806290877e-02,3.118023936761072923e-01,3.426444625534540156e-02,5.438203814168309780e-01,-2.585436343958517624e-01,1.000000000000000000e+00,-1.683180204386157397e-01,3.245032971302794222e-01,3.787207426733438798e-01,-8.034416998212863537e-02,3.274554050544269401e-01,4.168871154763184039e-01,6.035672614930156499e-01,2.061034050571433629e-01,5.522141451531269452e-01,3.735424587193088009e-01,4.610794520798651708e-01,1.932258744014848373e-01,1.279286765280814031e-01,7.115928743114442456e-01,6.311808963696967645e-01,1.529638041897639356e-01,2.645936349137396060e-01,5.028834940513341456e-01,7.075837687762663586e-02,2.145027871665063091e-01,2.502055906910224947e-01,4.653733394947488500e-01,5.762382887759246453e-01
4.141885503461912865e-01,-4.747896912851492512e-01,1.322991084129192807e-01,-4.108164938110400732e-01,-7.520970911103139200e-02,3.500698453334220583e-01,6.689274998946705963e-01,-2.092711301293930515e-01,-2.176436383997281537e-02,2.035495943100157357e-01,4.304060113699063189e-02,-6.087936139360123899e-01,-6.817521027668437261e-01,1.130952405966333951e-01,1.395293518695796264e-01,-1.683180204386157397e-01,1.000000000000000000e+00,4.931749536640842035e-02,-3.415098682408010400e-01,4.282106998271317244e-01,-4.733884538142069109e-01,-3.713670510959103388e-01,-1.627091256018763643e-01,4.071036208438211235e-01,8.993216153989250228e-03,4.859785981774308317e-01,-3.656841068179856324e-01,4.469625797434221837e-01,4.553956514178726378e-01,-2.969821746054666228e-02,-3.049810329585264657e-01,-1.769922568939976681e-01,4.271726538261348960e-01,-3.864498754079651044e-01,4.152402432168160740e-01,-5.329982995918606248e-01,3.992659660540685551e-01,2.425829883083925886e-01,-4.564609265688256423e-01
5.613798552551815813e-02,3.205045976051531520e-01,1.554417743253581619e-01,1.455514537476717274e-01,2.023098982002190516e-01,1.559752900821024246e-01,-2.683098278161206163e-01,-1.015924234063019238e-01,4.739288402775840292e-01,2.579861171519855501e-01,3.132594288645008107e-01,3.705885854237657706e-01,1.618115137098476153e-01,3.998391488868565102e-01,3.857138482088756093e-01,3.245032971302794222e-01,4.931749536640842035e-02,1.000000000000000000e+00,6.067916237186766759e-01,5.064708244264573556e-02,2.991702764738833897e-01,1.398557412127108823e-01,3.461077797350194940e-01,9.584517718612819981e-02,1.928476949748705316e-01,4.334404124477251319e-01,5.191587222957859682e-01,6.780661938899903984e-02,2.307824794722747319e-01,1.770438144000422986e-01,2.597928557644396674e-01,3.766701427828152426e-01,1.473590439365633775e-01,1.677032158697457087e-02,2.676769378678097722e-01,1.499599426929316970e-01,2.612262988135966024e-01,2.867786703154509564e-01,5.215403403742563393e-01
-1.507620654459886078e-01,7.204228118720663598e-01,1.949017242187614796e-01,4.506454600541729971e-01,2.117773384765247735e-01,2.070172985810563027e-01,-6.459450453198585240e-01,-8.991411314390858334e-02,4.710567093326621380e-01,1.562346170657646360e-01,5.323250401460382086e-01,7.476436619952211426e-01,4.598306151437777656e-01,4.002619456422517596e-01,2.714675365735536583e-01,3.787207426733438798e-01,-3.415098682408010400e-01,6.067916237186766759e-01,1.000000000000000000e+00,-5.940781252113578464e-02,6.370899179688763736e-01,4.349039029810408685e-01,4.510303318681828655e-01,-7.468160735976288322e-02,1.251644701081862654e-01,1.855197593041900406e-01,7.445617664894155219e-01,-2.832616250074701525e-01,1.046876762127186555e-01,2.942936670649911046e-01,6.026396694477960114e-01,7.208431836902525758e-01,-4.340518796830069442e-02,2.812826464132171522e-01,1.530239534888804542e-01,6.176155681718067392e-01,1.364694517789172001e-01,-1.445434009923745600e-01,7.014686351034914447e-01
3.317589876725962617e-02,-1.937930584271673473e-01,1.938839838981255281e-01,1.863580924275927420e-02,-1.271820836478803002e-03,6.246020249910854139e-01,4.087630556985369368e-01,-1.556924497601469282e-01,-7.835160617060391020e-02,1.798584891436703567e-02,-3.393116612096445939e-02,-2.011052751638925662e-01,-3.843423636680435296e-01,1.902777020210611944e-02,-6.189718801161259859e-02,-8.034416998212863537e-02,4.282106998271317244e-01,5.064708244264573556e-02,-5.940781252113578464e-02,1.000000000000000000e+00,-1.983056091162746781e-01,-4.552746071374307729e-02,-5.791845120136809855e-02,1.079993393511024524e-01,-1.407711430310861211e-01,1.516550415111631578e-01,-1.214249200539927048e-01,1.809496772710875723e-01,1.410634001699800910e-01,-1.176386450708884618e-01,-2.743340147034999555e-03,-1.558110347167903720e-03,3.268666227729239426e-01,-2.732192848202344981e-01,3.246949619775891249e-01,-3.064277017212472046e-02,4.073938038328163147e-01,-3.611200709773655388e-03,-2.106467560421687035e-01
-1.479138768834482587e-01,7.044994822979998572e-01,1.908071891308728563e-01,4.486512347960659453e-01,1.639369126325956050e-01,-2.967001209318251287e-02,-6.440666278325261063e-01,-7.111467427675456643e-02,3.376828026815161810e-01,1.413173619720802798e-01,4.836909830033666591e-01,7.605432701344303492e-01,6.233675276325768566e-01,3.999655541185767049e-01,2.456912224417128199e-01,3.274554050544269401e-01,-4.733884538142069109e-01,2.991702764738833897e-01,6.370899179688763736e-01,-1.983056091162746781e-01,1.000000000000000000e+00,6.011606380811348460e-01,4.804486086880150886e-01,-6.074789422136659539e-02,1.770895206667106314e-01,-6.155566991683353827e-03,7.013560774188744018e-01,-2.021181851665081186e-01,5.400029713668801079e-02,2.733557502187317079e-01,6.472824322475800862e-01,6.633723886131649428e-01,-1.110748879476567974e-01,4.782379305452391094e-01,4.815878244649603873e-02,5.248378907068026455e-01,-1.150181554276747667e-03,-2.601191019847530761e-01,6.113936896563310075e-01
-1.203959397304830287e-01,5.868303559653388346e-01,3.752263104930816384e-01,4.739056572013704005e-01,1.649753335548689026e-01,1.214089993076541418e-01,-5.133416847464363775e-01,-2.285366522220753649e-01,3.911889824614623867e-01,1.452773987789577059e-01,3.681315311369993681e-01,6.328299443322079609e-01,3.525467413141291639e-01,3.740281730595384491e-01,-1.128243222118948189e-02,4.168871154763184039e-01,-3.713670510959103388e-01,1.398557412127108823e-01,4.349039029810408685e-01,-4.552746071374307729e-02,6.011606380811348460e-01,1.000000000000000000e+00,5.597682516298146949e-01,1.118619432115549733e-01,-2.590221828868563558e-02,4.115290239090611812e-02,5.438856683131870762e-01,-5.604935387926734264e-02,-1.456948653377269920e-01,2.671895440673439648e-01,6.790901263906082841e-01,4.488894381248400567e-01,1.600668614363350839e-01,4.415325647216972738e-01,-1.836023434597073845e-01,3.727847338589964643e-01,4.248744003778150841e-02,-1.326398303093053177e-01,5.607811327151074332e-01
3.163029549604361862e-02,5.171261113000207299e-01,4.413762659529256172e-01,4.032536634982767931e-01,2.687553884514625180e-01,6.168662373327112036e-02,-4.753742824767078767e-01,-3.298413773173681784e-01,5.994884945977674295e-01,3.353094127003804492e-01,3.496245417408185285e-01,5.005982540326959773e-01,1.548511554078886021e-01,6.523809678434896453e-01,-9.599293050269915029e-03,6.035672614930156499e-01,-1.627091256018763643e-01,3.461077797350194940e-01,4.510303318681828655e-01,-5.791845120136809855e-02,4.804486086880150886e-01,5.597682516298146949e-01,1.000000000000000000e+00,3.309081299545112431e-01,3.311930584531867505e-01,2.868965345022446156e-01,5.743615591612500904e-01,7.119697328949760318e-02,2.001236943286461012e-01,3.734874848302815464e-01,6.568771412931637688e-01,3.853815188869708086e-01,4.081287789732727656e-01,5.719684240720438462e-01,1.730102085827757430e-01,2.428524443318270942e-01,2.548930860957814293e-01,1.252196125778171631e-01,5.790064352242710877e-01
5.345260598738869051e-01,-3.020733303702231171e-02,3.534271372741846218e-01,-1.778220182434370189e-01,2.945761408054475838e-01,9.936012465622209855e-02,1.981020702934037925e-01,-3.544207652641482853e-01,4.232958665030820411e-01,4.216803489713818465e-01,1.639272248229716178e-01,-2.204102358991523736e-01,-3.780916098523807722e-01,5.970010686746487494e-01,4.828483046749641044e-02,2.061034050571433629e-01,4.071036208438211235e-01,9.584517718612819981e-02,-7.468160735976288322e-02,1.079993393511024524e-01,-6.074789422136659539e-02,1.118619432115549733e-01,3.309081299545112431e-01,1.000000000000000000e+00,3.308915405167598411e-01,4.434748411872540541e-01,2.526188603575540634e-02,3.775868722220623863e-01,4.798714503192649250e-01,2.811460932460047024e-01,1.175188356061986766e-01,-2.569113553691820123e-02,4.991489128893396021e-01,2.281070939689980315e-01,4.327505177517912971e-01,-2.821385757385760917e-01,5.078186156201076606e-01,2.296964217711645051e-01,6.293238960225013001e-02
4.557339658499864332e-01,2.247519158993426525e-01,3.889888154913287432e-01,3.269657538102099109e-02,6.081290823944788260e-01,-3.759130798500669862e-02,-1.911399358624452788e-02,-4.155421970719516134e-01,5.865047921778627771e-01,6.468675984226103237e-01,9.134268836951828176e-05,-1.053294573531456634e-02,-8.536091064783574156e-02,5.500909269851692596e-01,-1.040572534539272731e-01,5.522141451531269452e-01,8.993216153989250228e-03,1.928476949748705316e-01,1.251644701081862654e-01,-1.407711430310861211e-01,1.770895206667106314e-01,-2.590221828868563558e-02,3.311930584531867505e-01,3.308915405167598411e-01,1.000000000000000000e+00,3.170564965562707727e-01,2.523482355881662698e-01,2.418681927438467438e-01,3.632186759433844170e-01,5.116227479179237259e-01,2.944347621427147454e-01,3.249794049660801373e-03,1.935882068942462453e-01,4.888434434041488141e-01,4.341068030997012883e-01,3.465105331718615345e-02,4.274051839513739459e-01,4.489313578785065761e-01,4.193420812368143236e-01
5.160783742070534919e-01,1.262574671423552786e-01,4.057233501933424913e-01,-1.920749713740723674e-01,3.924783946752001818e-01,2.100886170390237062e-01,1.701714475876553168e-01,-4.024444635766520895e-01,5.620507950779117801e-01,5.347551071492155916e-01,2.780839323745052938e-01,-6.528803449584466567e-02,-2.938151710337543188e-01,4.620635509413548725e-01,2.972931075175706539e-01,3.735424587193088009e-01,4.859785981774308317e-01,4.334404124477251319e-01,1.855197593041900406e-01,1.516550415111631578e-01,-6.155566991683353827e-03,4.115290239090611812e-02,2.868965345022446156e-01,4.434748411872540541e-01,3.170564965562707727e-01,1.000000000000000000e+00,3.031596657206065415e-01,5.917827631639226427e-01,4.680153857589678945e-01,3.945150376218817811e-01,1.880182459481842538e-01,1.927561382247625632e-01,4.784749946669513143e-01,1.489119558261917942e-01,4.574447379778808775e-01,-1.609153391120882182e-01,4.461208925233768885e-01,4.792939886556433771e-01,2.380314504951024923e-01
-7.956748291137315243e-02,7.520794741523059157e-01,3.057530926840384966e-01,4.644892467022198601e-01,3.229835091288936755e-01,1.603177521873581923e-01,-6.535679133403176078e-01,-1.770146098619317654e-01,5.787867480939460352e-01,2.471792706828490338e-01,5.622891009142144680e-01,7.658522182188020055e-01,5.035507957584841598e-01,4.850573035522476872e-01,2.291504429717851621e-01,4.610794520798651708e-01,-3.656841068179856324e-01,5.191587222957859682e-01,7.445617664894155219e-01,-1.214249200539927048e-01,7.013560774188744018e-01,5.438856683131870762e-01,5.743615591612500904e-01,2.526188603575540634e-02,2.523482355881662698e-01,3.031596657206065415e-01,1.000000000000000000e+00,-2.547368376905373086e-02,6.345070670158579895e-02,3.395400819842934181e-01,6.805824055698782571e-01,6.914904816011701039e-01,7.337892504902732149e-02,4.759923590019881634e-01,1.638231072617503947e-01,5.683266955988693914e-01,1.336025643599024482e-01,-2.312095047033962611e-02,8.065480866473092592e-01
4.570001157712317297e-01,-2.350058624004068841e-01,2.744667793555674584e-01,-2.713039851567171090e-01,2.774311742663183034e-01,1.049090728860774396e-01,4.274759295521235458e-01,-2.885695851884334528e-01,2.646185822230712748e-01,3.386441734624099364e-01,-1.038574162771214865e-01,-3.607533517237815346e-01,-3.528022769933403247e-01,1.776860136091657771e-01,1.802599961814856447e-02,1.932258744014848373e-01,4.469625797434221837e-01,6.780661938899903984e-02,-2.832616250074701525e-01,1.809496772710875723e-01,-2.021181851665081186e-01,-5.604935387926734264e-02,7.119697328949760318e-02,3.775868722220623863e-01,2.418681927438467438e-01,5.917827631639226427e-01,-2.547368376905373086e-02,1.000000000000000000e+00,2.168466285264385174e-01,1.143919300242773468e-01,-3.139471984752964517e-02,-2.168277776805250245e-01,4.171521394953234818e-01,6.785275020837053250e-02,2.804645277024814809e-01,-3.776938470683815496e-01,3.205642726317807223e-01,4.995308031484273492e-01,-4.611821627358550502e-02
5.918318981136608814e-01,9.283322617036998681e-02,1.436848746410080424e-01,-2.159697261411228364e-01,1.425360801702790781e-01,2.064254224226761969e-01,1.634281345178627831e-01,-1.813976409797330158e-01,3.513859471996447215e-01,4.933383011029618959e-01,3.130374596941923326e-01,-1.307051508991318445e-01,-2.865756081369782438e-01,4.807206275762698211e-01,2.246305328115905664e-01,1.279286765280814031e-01,4.553956514178726378e-01,2.307824794722747319e-01,1.046876762127186555e-01,1.410634001699800910e-01,5.400029713668801079e-02,-1.456948653377269920e-01,2.001236943286461012e-01,4.798714503192649250e-01,3.632186759433844170e-01,4.680153857589678945e-01,6.345070670158579895e-02,2.168466285264385174e-01,1.000000000000000000e+00,3.522393978927041980e-01,9.847667990605170341e-02,2.191661684174097680e-01,3.499372605056561558e-01,7.688051568725140505e-02,6.631677833092756158e-01,-2.218456522094132410e-01,4.634230764930475921e-01,5.863051078309274022e-02,9.555862266105818841e-04
5.090106211173871520e-01,4.920504442354136643e-01,4.217086094002966967e-01,1.216297773017765149e-01,4.721641306868654131e-01,2.762110563200876820e-02,-1.477700504160751049e-01,-4.390974663459652483e-01,6.595316757481125558e-01,7.530666268518495521e-01,1.732636369595355330e-01,1.870926410685875008e-01,-1.011089316313387200e-02,4.824906008041702221e-01,-1.019663674291419603e-01,7.115928743114442456e-01,-2.969821746054666228e-02,1.770438144000422986e-01,2.942936670649911046e-01,-1.176386450708884618e-01,2.733557502187317079e-01,2.671895440673439648e-01,3.734874848302815464e-01,2.811460932460047024e-01,5.116227479179237259e-01,3.945150376218817811e-01,3.395400819842934181e-01,1.143919300242773468e-01,3.522393978927041980e-01,1.000000000000000000e+00,4.855753397104995428e-01,1.929102132930706204e-01,8.602345392999749540e-02,3.780486210853352680e-01,1.830386977406733562e-01,1.493764509279918162e-01,2.413820889365509703e-01,2.639523820081138838e-01,3.904681007019274452e-01
4.684064374334655223e-02,7.323330295018554148e-01,5.720744594877051892e-01,4.715236581453968734e-01,3.850788697005966821e-01,2.825012249806605480e-01,-5.457946385841598858e-01,-4.565512846669804170e-01,6.208274002051620277e-01,3.611594449070792967e-01,3.675382562425534849e-01,6.371469515539441852e-01,2.436677691402138468e-01,5.652983693162516587e-01,-1.138502000063641578e-01,6.311808963696967645e-01,-3.049810329585264657e-01,2.597928557644396674e-01,6.026396694477960114e-01,-2.743340147034999555e-03,6.472824322475800862e-01,6.790901263906082841e-01,6.568771412931637688e-01,1.175188356061986766e-01,2.944347621427147454e-01,1.880182459481842538e-01,6.805824055698782571e-01,-3.139471984752964517e-02,9.847667990605170341e-02,4.855753397104995428e-01,1.000000000000000000e+00,5.335508823204201390e-01,2.853903002500128294e-01,6.128378102131138983e-01,1.071839727762084610e-01,4.581452223606535812e-01,2.906991497738263264e-01,-4.954415904154022693e-02,6.710262835091941325e-01
-1.238260362450147589e-01,7.047786252095310511e-01,1.350212314631241695e-01,4.010116215222180869e-01,6.195623749862901736e-02,2.626171413627044204e-01,-5.569518126908675759e-01,-6.863015863309662561e-03,2.492118576930396068e-01,7.299221867391064711e-02,7.511888714082108898e-01,7.110078301056912409e-01,4.363429978433834844e-01,3.975033493657940675e-01,4.156326333591451871e-01,1.529638041897639356e-01,-1.769922568939976681e-01,3.766701427828152426e-01,7.208431836902525758e-01,-1.558110347167903720e-03,6.633723886131649428e-01,4.488894381248400567e-01,3.853815188869708086e-01,-2.569113553691820123e-02,3.249794049660801373e-03,1.927561382247625632e-01,6.914904816011701039e-01,-2.168277776805250245e-01,2.191661684174097680e-01,1.929102132930706204e-01,5.335508823204201390e-01,1.000000000000000000e+00,-4.063120013370306871e-02,2.387620920736718277e-01,2.788138270452131251e-01,5.296237193128847665e-01,1.672541983478525174e-01,-3.990174423693265138e-01,4.636597039691652822e-01
2.565304872151531468e-01,-1.198735302430565669e-01,5.635073223534643461e-01,-1.164110748374086735e-01,2.511150405028239607e-01,3.674438671646154120e-01,2.144430018721620035e-01,-5.557131916529276516e-01,4.070982711750100180e-01,2.998096431699246445e-01,1.029500681589292643e-01,-1.627722493053588848e-01,-5.078741412638376751e-01,4.655386220210979697e-01,-6.517979323812557457e-02,2.645936349137396060e-01,4.271726538261348960e-01,1.473590439365633775e-01,-4.340518796830069442e-02,3.268666227729239426e-01,-1.110748879476567974e-01,1.600668614363350839e-01,4.081287789732727656e-01,4.991489128893396021e-01,1.935882068942462453e-01,4.784749946669513143e-01,7.337892504902732149e-02,4.171521394953234818e-01,3.499372605056561558e-01,8.602345392999749540e-02,2.853903002500128294e-01,-4.063120013370306871e-02,1.000000000000000000e+00,2.734619750076685563e-01,3.563773188141702297e-01,-3.124606513748997005e-01,5.416543128813680053e-01,3.565206383633728326e-01,1.176881780251204240e-01
1.102475740281077948e-01,4.589565187452087081e-01,5.098376859320726817e-01,3.342029026590317975e-01,5.891489754350143215e-01,-1.290215016165703887e-01,-4.217017611947845857e-01,-4.424934864867491879e-01,5.483917618983120690e-01,3.666922777533551669e-01,1.787126800416711514e-01,4.054100213583490264e-01,2.538461478620488987e-01,5.534925821416456504e-01,-6.425748888456843388e-02,5.028834940513341456e-01,-3.864498754079651044e-01,1.677032158697457087e-02,2.812826464132171522e-01,-2.732192848202344981e-01,4.782379305452391094e-01,4.415325647216972738e-01,5.719684240720438462e-01,2.281070939689980315e-01,4.888434434041488141e-01,1.489119558261917942e-01,4.759923590019881634e-01,6.785275020837053250e-02,7.688051568725140505e-02,3.780486210853352680e-01,6.128378102131138983e-01,2.387620920736718277e-01,2.734619750076685563e-01,1.000000000000000000e+00,1.040702193633777500e-01,2.263427609655192241e-01,1.671785226976889027e-01,9.745554253637951636e-02,5.608854916389622858e-01
4.317614758011780740e-01,1.166354397365778062e-01,2.119452122969381347e-01,-1.131147198010111765e-01,2.646484896070754322e-01,3.429898936046227864e-01,1.465149358468512408e-01,-2.100670040499658109e-01,3.226779981785382612e-01,4.139237948199014916e-01,2.534284496354431426e-01,-1.099719783570181214e-01,-3.107570757889648316e-01,4.897332765532739773e-01,2.374792478784293892e-01,7.075837687762663586e-02,4.152402432168160740e-01,2.676769378678097722e-01,1.530239534888804542e-01,3.246949619775891249e-01,4.815878244649603873e-02,-1.836023434597073845e-01,1.730102085827757430e-01,4.327505177517912971e-01,4.341068030997012883e-01,4.574447379778808775e-01,1.638231072617503947e-01,2.804645277024814809e-01,6.631677833092756158e-01,1.830386977406733562e-01,1.071839727762084610e-01,2.788138270452131251e-01,3.563773188141702297e-01,1.040702193633777500e-01,1.000000000000000000e+00,-5.136974422409223973e-02,7.208740866826439664e-01,1.001022386860608016e-01,8.392339428505835031e-02
-4.121594921720692639e-01,5.949187011526311242e-01,3.033227585596536338e-02,5.382611292966635874e-01,8.671805023492608344e-02,1.511488252962637502e-01,-6.113364879027791687e-01,7.969864780152348394e-02,1.332594640501154060e-01,-6.115636242083950791e-02,2.666682185926497195e-01,6.803616751749775871e-01,5.476891165005816076e-01,1.635896274398512817e-01,-3.342901219904285872e-03,2.145027871665063091e-01,-5.329982995918606248e-01,1.499599426929316970e-01,6.176155681718067392e-01,-3.064277017212472046e-02,5.248378907068026455e-01,3.727847338589964643e-01,2.428524443318270942e-01,-2.821385757385760917e-01,3.465105331718615345e-02,-1.609153391120882182e-01,5.683266955988693914e-01,-3.776938470683815496e-01,-2.218456522094132410e-01,1.493764509279918162e-01,4.581452223606535812e-01,5.296237193128847665e-01,-3.124606513748997005e-01,2.263427609655192241e-01,-5.136974422409223973e-02,1.000000000000000000e+00,5.671378171117590940e-03,-2.992837291256303378e-01,5.185053958845006195e-01
4.062625077685724784e-01,1.079460606217264307e-01,4.475889194715187980e-01,-1.410367075398238391e-02,3.741016426815165774e-01,5.020550343209039257e-01,1.689696293982957120e-01,-4.310552365683401055e-01,4.295706590611815812e-01,4.409534351389943763e-01,9.163146276772880794e-02,-1.063239511139659199e-01,-4.106656961678532558e-01,5.880120574534065669e-01,-1.435319455049273614e-02,2.502055906910224947e-01,3.992659660540685551e-01,2.612262988135966024e-01,1.364694517789172001e-01,4.073938038328163147e-01,-1.150181554276747667e-03,4.248744003778150841e-02,2.548930860957814293e-01,5.078186156201076606e-01,4.274051839513739459e-01,4.461208925233768885e-01,1.336025643599024482e-01,3.205642726317807223e-01,4.634230764930475921e-01,2.413820889365509703e-01,2.906991497738263264e-01,1.672541983478525174e-01,5.416543128813680053e-01,1.671785226976889027e-01,7.208740866826439664e-01,5.671378171117590940e-03,1.000000000000000000e+00,2.231121852310852527e-01,1.788074246886452168e-01
3.223972888411656412e-01,-2.076179202129388446e-01,2.927866827209913425e-01,-2.134009453924398947e-01,3.645299486308419268e-01,-1.215201363469622931e-01,3.031400779739428786e-01,-3.464403504382013721e-01,4.285744788679963224e-01,4.498390407522934176e-01,-2.840423412843370854e-01,-2.928125695079503155e-01,-3.274448829069218636e-01,1.833360658254066522e-01,-9.233468623793883445e-02,4.653733394947488500e-01,2.425829883083925886e-01,2.867786703154509564e-01,-1.445434009923745600e-01,-3.611200709773655388e-03,-2.601191019847530761e-01,-1.326398303093053177e-01,1.252196125778171631e-01,2.296964217711645051e-01,4.489313578785065761e-01,4.792939886556433771e-01,-2.312095047033962611e-02,4.995308031484273492e-01,5.863051078309274022e-02,2.639523820081138838e-01,-4.954415904154022693e-02,-3.990174423693265138e-01,3.565206383633728326e-01,9.745554253637951636e-02,1.001022386860608016e-01,-2.992837291256303378e-01,2.231121852310852527e-01,1.000000000000000000e+00,1.975100934914131856e-01
-1.864498376053202663e-02,6.860961387221009566e-01,3.695405700398943227e-01,4.526153664358428252e-01,4.669623418671053350e-01,4.293533468091647459e-02,-6.329313369256577282e-01,-2.650438916427453329e-01,7.074975485914594131e-01,3.388813497274572595e-01,3.669316654257138710e-01,6.926830532305359167e-01,4.436541262239894756e-01,4.990744603066521456e-01,6.642140146183789229e-02,5.762382887759246453e-01,-4.564609265688256423e-01,5.215403403742563393e-01,7.014686351034914447e-01,-2.106467560421687035e-01,6.113936896563310075e-01,5.607811327151074332e-01,5.790064352242710877e-01,6.293238960225013001e-02,4.193420812368143236e-01,2.380314504951024923e-01,8.065480866473092592e-01,-4.611821627358550502e-02,9.555862266105818841e-04,3.904681007019274452e-01,6.710262835091941325e-01,4.636597039691652822e-01,1.176881780251204240e-01,5.608854916389622858e-01,8.392339428505835031e-02,5.185053958845006195e-01,1.788074246886452168e-01,1.975100934914131856e-01,1.000000000000000000e+00
