1.000000000000000000e+00,6.668674876392163275e-01,3.321063516975517604e-01,5.885072361534198215e-01,3.765031741079822303e-01,-6.213983962106711667e-01,6.668774792892849801e-01,-2.759020116350999197e-01,7.970009071049054539e-01,4.441425813969364644e-01,-6.139815406169736312e-01,3.712189734631492211e-02,-8.771020217286788420e-03,7.923216602970450939e-02,-7.162600970038345283e-01,8.404464752682515583e-01,-2.843966352897955852e-01,8.340349041834246302e-01,7.002718150647829765e-01,5.622546053131596278e-01,9.743362082874838792e-02,2.743644896481319262e-01,-6.035432827513270010e-02,5.217496313207594660e-01,-1.661212048216540726e-01,5.524581475068685021e-01,2.616824670958838306e-01,4.359888920828291492e-01,1.897452990081888446e-01,7.932625492513063481e-01,2.284455390668245212e-01,1.937197484471113729e-01,2.643116032591667081e-02,7.692171196387623811e-01,7.725688841755569414e-02,2.116409202152816638e-01,-2.584282691290276310e-02,8.447232393209523904e-01,7.529780601419140407e-01
6.668674876392163275e-01,1.000000000000000000e+00,4.721841118367383072e-01,6.821629484151824352e-01,5.388385951210029612e-01,-3.621067392872618362e-01,7.786756791689439794e-01,-4.018709377465534693e-01,7.721657690400463014e-01,7.862102277782618831e-01,-2.260307316533063937e-01,3.550394482095561299e-01,3.547657632751879397e-01,4.969108935254075710e-01,-4.709040155884411938e-01,5.378600072855714842e-01,-4.351986938821526540e-01,6.875542836735599739e-01,8.079850202884175658e-01,7.324881765665102185e-01,7.076447348157173696e-03,6.218916680509462003e-01,3.981277470268132501e-01,5.587921304785484766e-01,1.883215720501105195e-01,2.920998011758145219e-01,6.761825058812444000e-01,3.173908045325330440e-01,-1.982274548885391008e-01,7.536950536716813254e-01,5.779309022163083842e-01,4.445236035571690780e-01,9.709234959724756531e-02,7.234926322164910717e-01,4.866603245394647836e-01,4.540931172991266029e-01,3.942699081255230387e-01,5.286096565145064208e-01,7.021995945071853873e-01
3.321063516975517604e-01,4.721841118367383072e-01,1.000000000000000000e+00,5.713148424020420002e-01,7.764036870378624444e-01,-3.633111624211718960e-01,4.513654338620761708e-01,-9.074123584084641259e-01,4.388613030432031437e-01,6.352759911173241347e-01,-1.295367953873100275e-01,3.058371258070743948e-01,2.694688090688155957e-01,4.472268262690231033e-01,-3.666350990643336694e-01,2.517396701327472286e-01,-5.954186388827629184e-01,4.852575011334661625e-01,5.568637590458551667e-01,6.152831797901667787e-01,4.684522551097382026e-01,7.745733091939430714e-01,4.610101069969422816e-01,4.123483533708592885e-01,5.039927260013395971e-01,2.314968430764227370e-01,4.196898277785971465e-01,8.094865721031667405e-02,1.516759618765553194e-02,5.541165913683494537e-01,3.581561961612396705e-01,1.881203614531332391e-01,6.081282392990916552e-01,4.432888412282828816e-01,2.912429486471497797e-01,4.411643068270481027e-01,2.966013112660567108e-01,1.964848186916869355e-01,3.478520152230454299e-01
5.885072361534198215e-01,6.821629484151824352e-01,5.713148424020420002e-01,1.000000000000000000e+00,5.332221030592296795e-01,-5.197375056402548932e-01,7.530395406378649348e-01,-5.405186272276254478e-01,7.006524101222684209e-01,7.108490764904233927e-01,-3.074636657068031687e-01,3.261502613223578040e-01,1.801856584375544357e-01,4.206037455028124872e-01,-5.587185502920842817e-01,5.242710369355612077e-01,-4.965088597117758296e-01,7.075106695418128533e-01,8.234591288045002289e-01,7.182598081276295732e-01,9.207330963729709605e-02,6.380461599384841254e-01,3.150173742317689540e-01,5.268714017692942564e-01,2.960805206658533306e-01,2.317666844455032737e-01,5.160800366604711975e-01,1.623887683942457638e-01,-6.558017759873815966e-02,6.800108029593936454e-01,4.937237540192741525e-01,1.566770228094288842e-01,1.964878160520757144e-01,6.559853849685629568e-01,3.409019626619750332e-01,3.880946007282619070e-01,2.297628880693267650e-01,5.005286633668762919e-01,6.869564050956662449e-01
3.765031741079822303e-01,5.388385951210029612e-01,7.764036870378624444e-01,5.332221030592296795e-01,1.000000000000000000e+00,-2.721770326713754962e-01,4.437873675809325125e-01,-7.252686889564178285e-01,5.322037137526364203e-01,6.352550498295612691e-01,-1.713042852567046581e-01,2.977930508594721082e-01,2.003802472723976991e-01,4.904169182352799417e-01,-3.783905280037108132e-01,2.723393483587962516e-01,-5.176989334209164406e-01,5.179976275498182625e-01,5.807923931793532724e-01,5.970861188240540463e-01,3.414716358834518628e-01,6.860871864464742620e-01,5.456603275527934782e-01,4.981441328140743807e-01,4.664727679353949941e-01,4.321056294925552654e-01,5.636063608314032525e-01,7.966988037360553387e-02,1.205389832780233567e-01,5.807818004514919696e-01,5.616070897465715861e-01,2.665972791746576975e-01,4.939067912633217095e-01,5.066938752383732814e-01,4.140595290697841047e-01,5.592369480359157263e-01,4.242039269193633721e-01,2.407009372214406751e-01,3.819482583451125346e-01
-6.213983962106711667e-01,-3.621067392872618362e-01,-3.633111624211718960e-01,-5.197375056402548932e-01,-2.721770326713754962e-01,1.000000000000000000e+00,-5.189143634295255714e-01,3.438888409686015613e-01,-5.024601674255170236e-01,-3.328169454225464174e-01,6.466383940372208983e-01,8.841745502991751882e-02,1.575969594227411841e-01,1.680291226209241762e-01,4.882326368267663752e-01,-6.104088638822948720e-01,4.577224349813635018e-01,-6.169571721517150831e-01,-5.836815055101439720e-01,-3.416354717524852092e-01,-6.431227224252557273e-02,-2.200125452985990104e-01,1.787986348404344006e-01,-3.883984047513904803e-01,9.205862818738912157e-02,-2.778656575769120618e-01,4.639451946398886507e-03,-1.516182917026551724e-01,-1.578711081528794691e-01,-6.099032103227060020e-01,-1.004938022501414424e-01,1.235656562398799452e-01,-5.557252899058854473e-02,-4.953074198537359973e-01,2.179273471157377740e-01,1.785902422819524854e-02,2.844689878112592885e-01,-5.557603763365565053e-01,-4.854344804512377154e-01
6.668774792892849801e-01,7.786756791689439794e-01,4.513654338620761708e-01,7.530395406378649348e-01,4.437873675809325125e-01,-5.189143634295255714e-01,1.000000000000000000e+00,-3.735769668947300226e-01,7.550943181658678061e-01,7.101932753904812712e-01,-3.063805884334359630e-01,2.500268304848766721e-01,2.580911807417003434e-01,3.698602399974252330e-01,-4.871902768168249742e-01,6.437606295722960725e-01,-4.255764839658843224e-01,7.309180196972124843e-01,8.339730922498517218e-01,7.464910713028473088e-01,-9.874636308842896226e-02,5.683769113833857523e-01,1.935705716726075221e-01,4.131254730815496767e-01,1.283116132840475820e-01,2.587879686910967703e-01,5.238190146492417432e-01,4.074246170366600528e-01,-1.281076928268563286e-01,7.643072992728848769e-01,5.056447781351149917e-01,3.001319482252664539e-01,-1.506382348914418225e-02,7.306715245969538364e-01,3.318786418021265616e-01,2.549665769062671727e-01,2.011211530201240660e-01,5.592243247805346318e-01,7.519927960519666721e-01
-2.759020116350999197e-01,-4.018709377465534693e-01,-9.074123584084641259e-01,-5.405186272276254478e-01,-7.252686889564178285e-01,3.438888409686015613e-01,-3.735769668947300226e-01,1.000000000000000000e+00,-3.691117855975935558e-01,-5.944874303958789241e-01,1.010789061259774746e-01,-3.690999365704065172e-01,-2.298473324188127498e-01,-4.289428833343184588e-01,2.981544075073889188e-01,-1.958493379477891927e-01,5.707317019596671592e-01,-4.030144101192770778e-01,-4.977642891761998034e-01,-5.802821243443432309e-01,-5.294419769229057326e-01,-7.608496393909296440e-01,-4.240121019385086343e-01,-3.970822384781839132e-01,-4.682901425362031023e-01,-1.472840224953900767e-01,-3.770619356705503522e-01,-1.902701143134124737e-02,1.117193840911939740e-02,-4.995710055908353930e-01,-3.409021823546859453e-01,-1.299305713973319398e-01,-6.781206394806875704e-01,-3.477293033726025495e-01,-2.633829973852291340e-01,-4.265386255734701648e-01,-2.682451876403521562e-01,-1.767842658276758960e-01,-2.957698320302842854e-01
7.970009071049054539e-01,7.721657690400463014e-01,4.388613030432031437e-01,7.006524101222684209e-01,5.322037137526364203e-01,-5.024601674255170236e-01,7.550943181658678061e-01,-3.691117855975935558e-01,1.000000000000000000e+00,6.517088057225196573e-01,-4.442720260243881447e-01,2.547721540833411957e-01,1.298446495769071396e-01,3.581655049237516542e-01,-5.944395291004922477e-01,7.345955215355927104e-01,-3.899299108783333412e-01,8.033333624546437068e-01,7.991887605485690216e-01,7.010044270759178131e-01,8.890928697742286890e-03,4.839654441518367323e-01,1.615287580414175583e-01,5.443761375899422994e-01,2.431406833506350243e-02,4.202854936526563834e-01,5.292034510240466449e-01,3.655837842933377102e-01,5.937201028844949630e-02,7.950045469583012503e-01,4.686087969888151350e-01,2.759436865085207469e-01,3.320577520885682060e-02,8.721907458755826514e-01,3.301076324543480434e-01,3.949557337389748568e-01,2.447842273727961482e-01,6.977045560956061099e-01,7.852768565992869210e-01
4.441425813969364644e-01,7.862102277782618831e-01,6.352759911173241347e-01,7.108490764904233927e-01,6.352550498295612691e-01,-3.328169454225464174e-01,7.101932753904812712e-01,-5.944874303958789241e-01,6.517088057225196573e-01,1.000000000000000000e+00,-2.205719295112091791e-02,5.626761735802964237e-01,3.836678151031510109e-01,6.283473462483750716e-01,-3.662364563151232488e-01,3.662842320910215110e-01,-4.860396592706774377e-01,5.578008902731108609e-01,7.673065896164059652e-01,7.865509569040420867e-01,-1.863812138331569918e-02,7.862584513286992038e-01,5.407764277335773695e-01,4.906589451506467858e-01,4.493123888139727851e-01,9.518620325725625497e-02,6.770533666381680638e-01,3.053631378579022004e-01,-3.584227927971497252e-01,7.272129794461859031e-01,6.637108022092249593e-01,2.991227189668319020e-01,2.001338944743110415e-01,6.004503964086292944e-01,4.733239104020278698e-01,4.422844231898336309e-01,3.979530691735388426e-01,3.389448524428298470e-01,5.659201326030480761e-01
-6.139815406169736312e-01,-2.260307316533063937e-01,-1.295367953873100275e-01,-3.074636657068031687e-01,-1.713042852567046581e-01,6.466383940372208983e-01,-3.063805884334359630e-01,1.010789061259774746e-01,-4.442720260243881447e-01,-2.205719295112091791e-02,1.000000000000000000e+00,3.678672973747540986e-01,4.322233534955395862e-01,3.488491310804409662e-01,4.928482458491550422e-01,-6.421659397419998694e-01,3.165826598391437430e-01,-5.620533923916146701e-01,-3.599650659573084832e-01,-9.204015435971309167e-02,-3.454815452392587249e-02,9.127752684215620360e-02,3.148436952811973222e-01,-2.628972388349806732e-01,2.773977136407914101e-01,-4.577434629524849696e-01,1.464453818716314470e-01,-9.185228811424266115e-02,-4.024798618145158380e-01,-4.664764081830379272e-01,7.883595486847159994e-02,2.424053639161322660e-01,9.141761307569030992e-02,-4.921887226787740044e-01,2.246763689974765055e-01,-5.264130382893979221e-02,2.928253805342354577e-01,-5.761102653431191545e-01,-4.672532497973160837e-01
3.712189734631492211e-02,3.550394482095561299e-01,3.058371258070743948e-01,3.261502613223578040e-01,2.977930508594721082e-01,8.841745502991751882e-02,2.500268304848766721e-01,-3.690999365704065172e-01,2.547721540833411957e-01,5.626761735802964237e-01,3.678672973747540986e-01,1.000000000000000000e+00,4.879538041974136320e-01,6.296973408407792183e-01,5.951108862508593285e-03,-8.773585064907793440e-02,-1.894635660496471197e-01,6.844157898151213837e-02,2.527204752415197486e-01,5.515703711599339032e-01,6.029745582872880760e-02,5.757142728032015322e-01,4.108290511441929915e-01,1.621187499109064400e-01,2.644138501643094608e-01,-2.127475013289846784e-01,5.635267808708231962e-01,1.497658289518257746e-01,-4.478796745137185176e-01,2.494146149494406717e-01,5.526343986602629821e-01,3.033960738477011199e-01,2.774855319075696936e-01,1.278560263900350435e-01,5.138452280970366992e-01,2.262879964739155647e-01,4.552778793112357003e-01,-1.455136617760078091e-02,1.209795837098066040e-01
-8.771020217286788420e-03,3.547657632751879397e-01,2.694688090688155957e-01,1.801856584375544357e-01,2.003802472723976991e-01,1.575969594227411841e-01,2.580911807417003434e-01,-2.298473324188127498e-01,1.298446495769071396e-01,3.836678151031510109e-01,4.322233534955395862e-01,4.879538041974136320e-01,1.000000000000000000e+00,6.376119902638908155e-01,1.442502225233946271e-02,-1.474942437537825335e-01,-1.965346119614759246e-01,7.789105144544786197e-02,1.990894847847824167e-01,4.572613109962310740e-01,-1.534361752865933196e-02,5.219025829817972584e-01,3.980605624230953987e-01,1.115043840849065521e-01,2.446625787909837146e-01,-8.038252514427680906e-02,5.936164915024225719e-01,2.243048436751294561e-01,-3.327876299622085088e-01,1.170024183024500619e-01,3.500648143958923209e-01,5.774348194969435299e-01,1.062886492916457065e-01,4.984155117879999347e-02,5.275258003397560458e-01,2.015960546994176872e-01,5.307095536007249148e-01,-1.549012007682251668e-01,3.503605896360561384e-02
7.923216602970450939e-02,4.969108935254075710e-01,4.472268262690231033e-01,4.206037455028124872e-01,4.904169182352799417e-01,1.680291226209241762e-01,3.698602399974252330e-01,-4.289428833343184588e-01,3.581655049237516542e-01,6.283473462483750716e-01,3.488491310804409662e-01,6.296973408407792183e-01,6.376119902638908155e-01,1.000000000000000000e+00,-6.942585146806734553e-02,-6.311569551638246400e-02,-2.629861421352316930e-01,1.677616588593322244e-01,4.051726457725697839e-01,6.262758055949936287e-01,6.746642562452900838e-02,7.072714546382539158e-01,6.278891226406460024e-01,3.607460514249043460e-01,5.101984700089783331e-01,9.079404499770767425e-03,7.905014763135249645e-01,1.006690535373372247e-01,-2.186894324362350095e-01,2.667328453888988538e-01,6.064957511600630458e-01,5.052834431473040011e-01,2.935796775829616068e-01,2.418382588743258343e-01,7.113029177738712239e-01,5.313669043929084568e-01,6.830421315072610078e-01,-6.029133556720580461e-02,2.126212702708120128e-01
-7.162600970038345283e-01,-4.709040155884411938e-01,-3.666350990643336694e-01,-5.587185502920842817e-01,-3.783905280037108132e-01,4.882326368267663752e-01,-4.871902768168249742e-01,2.981544075073889188e-01,-5.944395291004922477e-01,-3.662364563151232488e-01,4.928482458491550422e-01,5.951108862508593285e-03,1.442502225233946271e-02,-6.942585146806734553e-02,1.000000000000000000e+00,-6.983715735385835899e-01,1.864777029850389900e-01,-7.825867446566415753e-01,-5.992042735903100326e-01,-3.959583108159404063e-01,-1.066172343854699112e-01,-2.368421937216041995e-01,6.795471598276174238e-03,-4.553556230781474201e-01,4.982906233317341282e-02,-5.707600124289740062e-01,-1.901665734951278885e-01,-4.466416407841184988e-01,-2.427914897302335950e-01,-6.709553275468603806e-01,-1.624273114266761020e-01,-1.589272496493558950e-01,-9.570913819295114033e-02,-5.715797752335574078e-01,1.304263092266047530e-02,-1.418427269353325637e-01,6.829856703257952688e-02,-6.630314702469988219e-01,-5.644237554035395066e-01
8.404464752682515583e-01,5.378600072855714842e-01,2.517396701327472286e-01,5.242710369355612077e-01,2.723393483587962516e-01,-6.104088638822948720e-01,6.437606295722960725e-01,-1.958493379477891927e-01,7.345955215355927104e-01,3.662842320910215110e-01,-6.421659397419998694e-01,-8.773585064907793440e-02,-1.474942437537825335e-01,-6.311569551638246400e-02,-6.983715735385835899e-01,1.000000000000000000e+00,-1.542813973548868289e-01,7.906638888981721847e-01,6.413096505688368199e-01,4.686733622511911612e-01,1.111314353010556949e-03,1.556983801576908577e-01,-2.257251358411683506e-01,3.668942731959374259e-01,-2.638228603586234011e-01,4.650203165342339795e-01,1.145068358415361337e-01,5.557269696850558605e-01,1.706612539577326837e-01,7.643177881037328536e-01,1.871931191166322506e-01,6.486027075069200620e-02,-1.147306618537935197e-01,7.193620784695525794e-01,-4.628606034693634463e-02,5.140927818998958232e-02,-1.690184789968917911e-01,7.828356026647089738e-01,7.188120238354599456e-01
-2.843966352897955852e-01,-4.351986938821526540e-01,-5.954186388827629184e-01,-4.965088597117758296e-01,-5.176989334209164406e-01,4.577224349813635018e-01,-4.255764839658843224e-01,5.707317019596671592e-01,-3.899299108783333412e-01,-4.860396592706774377e-01,3.165826598391437430e-01,-1.894635660496471197e-01,-1.965346119614759246e-01,-2.629861421352316930e-01,1.864777029850389900e-01,-1.542813973548868289e-01,1.000000000000000000e+00,-3.848465316497196032e-01,-4.661766595149333670e-01,-4.303982934289850015e-01,-1.745011845608070988e-01,-5.275393712845940497e-01,-3.088306513523859653e-01,-3.237722048077371628e-01,-3.422577853527587477e-01,-1.641181283804492297e-01,-3.524412888767436969e-01,2.262757914172536522e-01,8.146109872971030175e-02,-4.055387285315122381e-01,-2.399714283113099922e-01,-1.065611811365237832e-01,-2.587928673130306945e-01,-3.962224263115380896e-01,-2.096329997175188087e-01,-3.565642723432390637e-01,-1.951232760345584238e-01,-1.982072481859693536e-01,-3.488644103543502295e-01
8.340349041834246302e-01,6.875542836735599739e-01,4.852575011334661625e-01,7.075106695418128533e-01,5.179976275498182625e-01,-6.169571721517150831e-01,7.309180196972124843e-01,-4.030144101192770778e-01,8.033333624546437068e-01,5.578008902731108609e-01,-5.620533923916146701e-01,6.844157898151213837e-02,7.789105144544786197e-02,1.677616588593322244e-01,-7.825867446566415753e-01,7.906638888981721847e-01,-3.848465316497196032e-01,1.000000000000000000e+00,7.738602316248195390e-01,6.333820951780939623e-01,7.195365658482752447e-02,4.307385945500727953e-01,6.655231212472698110e-02,5.184271532630431167e-01,-4.555241439324449887e-03,5.149229440621093667e-01,3.459512319902566801e-01,4.490282910042091014e-01,1.465154952220807383e-01,8.334210150170815457e-01,3.064668222747276016e-01,1.576680731546655501e-01,5.550771842285417979e-02,8.088710392373639202e-01,1.537709801057427217e-01,2.481507039935789416e-01,6.259271509080724383e-02,7.173784768227313702e-01,7.286703179157588695e-01
7.002718150647829765e-01,8.079850202884175658e-01,5.568637590458551667e-01,8.234591288045002289e-01,5.807923931793532724e-01,-5.836815055101439720e-01,8.339730922498517218e-01,-4.977642891761998034e-01,7.991887605485690216e-01,7.673065896164059652e-01,-3.599650659573084832e-01,2.527204752415197486e-01,1.990894847847824167e-01,4.051726457725697839e-01,-5.992042735903100326e-01,6.413096505688368199e-01,-4.661766595149333670e-01,7.738602316248195390e-01,1.000000000000000000e+00,7.371788827466240202e-01,2.001571751023023191e-02,6.267405823746095006e-01,2.931170509157239312e-01,6.185587451745545584e-01,2.323784051891156222e-01,3.534621275754315506e-01,5.694290852260041058e-01,3.131682327782462361e-01,-5.311434016174754885e-02,8.024964894653530134e-01,5.478075151618662098e-01,2.888886188107395725e-01,1.333512726714660701e-01,7.262241024269109335e-01,2.938790672260055414e-01,3.618507675473141005e-01,1.790577252949423215e-01,6.049770077581202443e-01,7.549671257936065860e-01
5.622546053131596278e-01,7.324881765665102185e-01,6.152831797901667787e-01,7.182598081276295732e-01,5.970861188240540463e-01,-3.416354717524852092e-01,7.464910713028473088e-01,-5.802821243443432309e-01,7.010044270759178131e-01,7.865509569040420867e-01,-9.204015435971309167e-02,5.515703711599339032e-01,4.572613109962310740e-01,6.262758055949936287e-01,-3.959583108159404063e-01,4.686733622511911612e-01,-4.303982934289850015e-01,6.333820951780939623e-01,7.371788827466240202e-01,1.000000000000000000e+00,9.319018200329803880e-02,7.631436669258854222e-01,3.731026995905677435e-01,3.911943306204490045e-01,2.480572862689963409e-01,1.511388290084290376e-01,6.407213938793353547e-01,4.364154488350763805e-01,-2.560303888062294142e-01,6.994785988653086095e-01,5.849241058228437096e-01,3.225008781083748000e-01,2.076824439448112514e-01,6.166521512209649503e-01,5.113814538857086589e-01,3.823211952913876943e-01,3.821292835524046083e-01,4.125914047360820236e-01,5.824080042598441809e-01
9.743362082874838792e-02,7.076447348157173696e-03,4.684522551097382026e-01,9.207330963729709605e-02,3.414716358834518628e-01,-6.431227224252557273e-02,-9.874636308842896226e-02,-5.294419769229057326e-01,8.890928697742286890e-03,-1.863812138331569918e-02,-3.454815452392587249e-02,6.029745582872880760e-02,-1.534361752865933196e-02,6.746642562452900838e-02,-1.066172343854699112e-01,1.111314353010556949e-03,-1.745011845608070988e-01,7.195365658482752447e-02,2.001571751023023191e-02,9.319018200329803880e-02,1.000000000000000000e+00,3.329513129284559225e-01,1.070063709274877289e-01,1.988952250153955270e-01,1.065137227515035451e-01,1.502698462774771371e-01,-3.442459672378381848e-03,-2.335065261395643244e-01,2.621833886038709149e-01,5.848652141936162840e-02,3.208367126003607885e-03,1.121551678565654298e-01,8.212800220599665302e-01,-5.854161725184635519e-03,2.118409325771741791e-02,3.082306975676587513e-01,7.239627088843794689e-02,-7.134800380854395933e-04,-3.322123796683193464e-02
2.743644896481319262e-01,6.218916680509462003e-01,7.745733091939430714e-01,6.380461599384841254e-01,6.860871864464742620e-01,-2.200125452985990104e-01,5.683769113833857523e-01,-7.608496393909296440e-01,4.839654441518367323e-01,7.862584513286992038e-01,9.127752684215620360e-02,5.757142728032015322e-01,5.219025829817972584e-01,7.072714546382539158e-01,-2.368421937216041995e-01,1.556983801576908577e-01,-5.275393712845940497e-01,4.307385945500727953e-01,6.267405823746095006e-01,7.631436669258854222e-01,3.329513129284559225e-01,1.000000000000000000e+00,5.678108967998471979e-01,4.233298419314687755e-01,5.317791601705487148e-01,3.441305530100503135e-02,6.755116684691532258e-01,1.343274908395873379e-01,-2.158126722268701447e-01,5.498326680751316475e-01,6.024360450467642902e-01,3.812563962286903974e-01,5.220354061213514640e-01,4.194946298460257572e-01,5.599674299349964857e-01,5.328311654661688213e-01,5.196168015338796797e-01,1.081372289469690051e-01,3.846693918856012306e-01
-6.035432827513270010e-02,3.981277470268132501e-01,4.610101069969422816e-01,3.150173742317689540e-01,5.456603275527934782e-01,1.787986348404344006e-01,1.935705716726075221e-01,-4.240121019385086343e-01,1.615287580414175583e-01,5.407764277335773695e-01,3.148436952811973222e-01,4.108290511441929915e-01,3.980605624230953987e-01,6.278891226406460024e-01,6.795471598276174238e-03,-2.257251358411683506e-01,-3.088306513523859653e-01,6.655231212472698110e-02,2.931170509157239312e-01,3.731026995905677435e-01,1.070063709274877289e-01,5.678108967998471979e-01,1.000000000000000000e+00,3.812449987344832536e-01,7.667984137928037791e-01,1.038521192624666939e-01,5.918037373689103431e-01,-1.513444097176978309e-01,-1.658670488675315635e-01,1.668452698351207963e-01,4.187659294923858355e-01,2.933758203250908525e-01,3.310936508684039215e-01,1.628566029258334269e-01,4.972875514153730636e-01,5.725603381648669554e-01,5.718832420616688506e-01,-1.234012421982903229e-01,1.128755127831884281e-01
5.217496313207594660e-01,5.587921304785484766e-01,4.123483533708592885e-01,5.268714017692942564e-01,4.981441328140743807e-01,-3.883984047513904803e-01,4.131254730815496767e-01,-3.970822384781839132e-01,5.443761375899422994e-01,4.906589451506467858e-01,-2.628972388349806732e-01,1.621187499109064400e-01,1.115043840849065521e-01,3.607460514249043460e-01,-4.553556230781474201e-01,3.668942731959374259e-01,-3.237722048077371628e-01,5.184271532630431167e-01,6.185587451745545584e-01,3.911943306204490045e-01,1.988952250153955270e-01,4.233298419314687755e-01,3.812449987344832536e-01,1.000000000000000000e+00,3.058020847261403996e-01,4.916967446370542616e-01,4.934264399526708811e-01,2.925342900690043949e-02,1.739171966383333545e-01,5.174062998881050479e-01,3.952998926934861990e-01,3.115416579664990193e-01,2.715719717024988600e-01,4.460856606158791759e-01,1.950578078950455374e-01,4.106159363840591880e-01,2.063681635167320672e-01,4.299813231364517652e-01,4.570737904992503431e-01
-1.661212048216540726e-01,1.883215720501105195e-01,5.039927260013395971e-01,2.960805206658533306e-01,4.664727679353949941e-01,9.205862818738912157e-02,1.283116132840475820e-01,-4.682901425362031023e-01,2.431406833506350243e-02,4.493123888139727851e-01,2.773977136407914101e-01,2.644138501643094608e-01,2.446625787909837146e-01,5.101984700089783331e-01,4.982906233317341282e-02,-2.638228603586234011e-01,-3.422577853527587477e-01,-4.555241439324449887e-03,2.323784051891156222e-01,2.480572862689963409e-01,1.065137227515035451e-01,5.317791601705487148e-01,7.667984137928037791e-01,3.058020847261403996e-01,1.000000000000000000e+00,1.949958276810942123e-02,4.242219183299953955e-01,-2.466802923819183258e-01,-8.375569937324485459e-02,8.275834198156944987e-02,2.767145305530793187e-01,1.237988835551241673e-01,3.328039670623204049e-01,7.013578927042425637e-02,3.318007141832852724e-01,4.739268395439801829e-01,3.964483703738922449e-01,-2.305350257220113996e-01,5.554355275689806457e-03
5.524581475068685021e-01,2.920998011758145219e-01,2.314968430764227370e-01,2.317666844455032737e-01,4.321056294925552654e-01,-2.778656575769120618e-01,2.587879686910967703e-01,-1.472840224953900767e-01,4.202854936526563834e-01,9.518620325725625497e-02,-4.577434629524849696e-01,-2.127475013289846784e-01,-8.038252514427680906e-02,9.079404499770767425e-03,-5.707600124289740062e-01,4.650203165342339795e-01,-1.641181283804492297e-01,5.149229440621093667e-01,3.534621275754315506e-01,1.511388290084290376e-01,1.502698462774771371e-01,3.441305530100503135e-02,1.038521192624666939e-01,4.916967446370542616e-01,1.949958276810942123e-02,1.000000000000000000e+00,2.194310178041142811e-01,1.798582609737491567e-01,5.453038633879261354e-01,4.060706431578652298e-01,1.071565059731240110e-01,1.977345322605916500e-01,6.825646274242842815e-02,4.314393889970523643e-01,2.259904990185197457e-02,1.731838579663389777e-01,6.096800877398839136e-02,4.805543117005180997e-01,3.641462913391083078e-01
2.616824670958838306e-01,6.761825058812444000e-01,4.196898277785971465e-01,5.160800366604711975e-01,5.636063608314032525e-01,4.639451946398886507e-03,5.238190146492417432e-01,-3.770619356705503522e-01,5.292034510240466449e-01,6.770533666381680638e-01,1.464453818716314470e-01,5.635267808708231962e-01,5.936164915024225719e-01,7.905014763135249645e-01,-1.901665734951278885e-01,1.145068358415361337e-01,-3.524412888767436969e-01,3.459512319902566801e-01,5.694290852260041058e-01,6.407213938793353547e-01,-3.442459672378381848e-03,6.755116684691532258e-01,5.918037373689103431e-01,4.934264399526708811e-01,4.242219183299953955e-01,2.194310178041142811e-01,1.000000000000000000e+00,1.120324451518249775e-01,-1.595620549739114324e-01,4.161069102953366960e-01,7.085623488995804742e-01,5.642473743474358816e-01,1.915219233219912776e-01,4.217493724341542238e-01,7.631290381757976915e-01,5.676294742365611823e-01,7.197647261983607381e-01,9.431804195534053414e-02,3.810423446817012838e-01
4.359888920828291492e-01,3.173908045325330440e-01,8.094865721031667405e-02,1.623887683942457638e-01,7.966988037360553387e-02,-1.516182917026551724e-01,4.074246170366600528e-01,-1.902701143134124737e-02,3.655837842933377102e-01,3.053631378579022004e-01,-9.185228811424266115e-02,1.497658289518257746e-01,2.243048436751294561e-01,1.006690535373372247e-01,-4.466416407841184988e-01,5.557269696850558605e-01,2.262757914172536522e-01,4.490282910042091014e-01,3.131682327782462361e-01,4.364154488350763805e-01,-2.335065261395643244e-01,1.343274908395873379e-01,-1.513444097176978309e-01,2.925342900690043949e-02,-2.466802923819183258e-01,1.798582609737491567e-01,1.120324451518249775e-01,1.000000000000000000e+00,-1.698022095385761931e-01,5.135787944876413214e-01,1.970374103915520370e-01,1.670087652617915919e-01,-2.653502860101960015e-01,3.561543503589220672e-01,5.103726020148310200e-02,-2.030610936651167375e-01,-5.186925905845556767e-02,3.795771958526575340e-01,3.073537158066906305e-01
1.897452990081888446e-01,-1.982274548885391008e-01,1.516759618765553194e-02,-6.558017759873815966e-02,1.205389832780233567e-01,-1.578711081528794691e-01,-1.281076928268563286e-01,1.117193840911939740e-02,5.937201028844949630e-02,-3.584227927971497252e-01,-4.024798618145158380e-01,-4.478796745137185176e-01,-3.327876299622085088e-01,-2.186894324362350095e-01,-2.427914897302335950e-01,1.706612539577326837e-01,8.146109872971030175e-02,1.465154952220807383e-01,-5.311434016174754885e-02,-2.560303888062294142e-01,2.621833886038709149e-01,-2.158126722268701447e-01,-1.658670488675315635e-01,1.739171966383333545e-01,-8.375569937324485459e-02,5.453038633879261354e-01,-1.595620549739114324e-01,-1.698022095385761931e-01,1.000000000000000000e+00,-1.216042656878534543e-02,-2.025162736893252047e-01,-1.820208163026934556e-02,1.409103992880754996e-01,8.814340307928801577e-02,-1.349107149459906063e-01,1.169399803426345030e-01,-3.880666933133510021e-02,1.543214795798621142e-01,3.657594582591593840e-02
7.932625492513063481e-01,7.536950536716813254e-01,5.541165913683494537e-01,6.800108029593936454e-01,5.807818004514919696e-01,-6.099032103227060020e-01,7.643072992728848769e-01,-4.995710055908353930e-01,7.950045469583012503e-01,7.272129794461859031e-01,-4.664764081830379272e-01,2.494146149494406717e-01,1.170024183024500619e-01,2.667328453888988538e-01,-6.709553275468603806e-01,7.643177881037328536e-01,-4.055387285315122381e-01,8.334210150170815457e-01,8.024964894653530134e-01,6.994785988653086095e-01,5.848652141936162840e-02,5.498326680751316475e-01,1.668452698351207963e-01,5.174062998881050479e-01,8.275834198156944987e-02,4.060706431578652298e-01,4.161069102953366960e-01,5.135787944876413214e-01,-1.216042656878534543e-02,1.000000000000000000e+00,4.564488829645134693e-01,2.017099474701391226e-01,1.241691646362142049e-01,7.760951951843182428e-01,2.135777033987880935e-01,2.646105297275876955e-01,1.258771442167598287e-01,6.825866419190214085e-01,7.215957639747291319e-01
2.284455390668245212e-01,5.779309022163083842e-01,3.581561961612396705e-01,4.937237540192741525e-01,5.616070897465715861e-01,-1.004938022501414424e-01,5.056447781351149917e-01,-3.409021823546859453e-01,4.686087969888151350e-01,6.637108022092249593e-01,7.883595486847159994e-02,5.526343986602629821e-01,3.500648143958923209e-01,6.064957511600630458e-01,-1.624273114266761020e-01,1.871931191166322506e-01,-2.399714283113099922e-01,3.064668222747276016e-01,5.478075151618662098e-01,5.849241058228437096e-01,3.208367126003607885e-03,6.024360450467642902e-01,4.187659294923858355e-01,3.952998926934861990e-01,2.767145305530793187e-01,1.071565059731240110e-01,7.085623488995804742e-01,1.970374103915520370e-01,-2.025162736893252047e-01,4.564488829645134693e-01,1.000000000000000000e+00,4.335760852134982746e-01,2.048533220050880732e-01,3.595555358939129809e-01,5.400524883068253956e-01,3.917540663687992253e-01,4.597691639824433296e-01,1.021921460802249076e-01,3.567687456090967713e-01
1.937197484471113729e-01,4.445236035571690780e-01,1.881203614531332391e-01,1.566770228094288842e-01,2.665972791746576975e-01,1.235656562398799452e-01,3.001319482252664539e-01,-1.299305713973319398e-01,2.759436865085207469e-01,2.991227189668319020e-01,2.424053639161322660e-01,3.033960738477011199e-01,5.774348194969435299e-01,5.052834431473040011e-01,-1.589272496493558950e-01,6.486027075069200620e-02,-1.065611811365237832e-01,1.576680731546655501e-01,2.888886188107395725e-01,3.225008781083748000e-01,1.121551678565654298e-01,3.812563962286903974e-01,2.933758203250908525e-01,3.115416579664990193e-01,1.237988835551241673e-01,1.977345322605916500e-01,5.642473743474358816e-01,1.670087652617915919e-01,-1.820208163026934556e-02,2.017099474701391226e-01,4.335760852134982746e-01,1.000000000000000000e+00,1.981570018714702008e-01,1.357969295414990785e-01,4.690496816708097372e-01,2.584537304988328565e-01,5.021277344787702379e-01,1.284384702027878689e-01,2.697741785971787820e-01
2.643116032591667081e-02,9.709234959724756531e-02,6.081282392990916552e-01,1.964878160520757144e-01,4.939067912633217095e-01,-5.557252899058854473e-02,-1.506382348914418225e-02,-6.781206394806875704e-01,3.320577520885682060e-02,2.001338944743110415e-01,9.141761307569030992e-02,2.774855319075696936e-01,1.062886492916457065e-01,2.935796775829616068e-01,-9.570913819295114033e-02,-1.147306618537935197e-01,-2.587928673130306945e-01,5.550771842285417979e-02,1.333512726714660701e-01,2.076824439448112514e-01,8.212800220599665302e-01,5.220354061213514640e-01,3.310936508684039215e-01,2.715719717024988600e-01,3.328039670623204049e-01,6.825646274242842815e-02,1.915219233219912776e-01,-2.653502860101960015e-01,1.409103992880754996e-01,1.241691646362142049e-01,2.048533220050880732e-01,1.981570018714702008e-01,1.000000000000000000e+00,-2.162500993197910559e-02,1.719236642574823448e-01,4.212361131232981171e-01,2.335030587366168919e-01,-5.079974657009499878e-02,3.939917635114620863e-03
7.692171196387623811e-01,7.234926322164910717e-01,4.432888412282828816e-01,6.559853849685629568e-01,5.066938752383732814e-01,-4.953074198537359973e-01,7.306715245969538364e-01,-3.477293033726025495e-01,8.721907458755826514e-01,6.004503964086292944e-01,-4.921887226787740044e-01,1.278560263900350435e-01,4.984155117879999347e-02,2.418382588743258343e-01,-5.715797752335574078e-01,7.193620784695525794e-01,-3.962224263115380896e-01,8.088710392373639202e-01,7.262241024269109335e-01,6.166521512209649503e-01,-5.854161725184635519e-03,4.194946298460257572e-01,1.628566029258334269e-01,4.460856606158791759e-01,7.013578927042425637e-02,4.314393889970523643e-01,4.217493724341542238e-01,3.561543503589220672e-01,8.814340307928801577e-02,7.760951951843182428e-01,3.595555358939129809e-01,1.357969295414990785e-01,-2.162500993197910559e-02,1.000000000000000000e+00,2.575892218214371754e-01,3.762670134558508961e-01,1.873893737379610791e-01,6.540606946113732834e-01,7.443798054961967559e-01
7.725688841755569414e-02,4.866603245394647836e-01,2.912429486471497797e-01,3.409019626619750332e-01,4.140595290697841047e-01,2.179273471157377740e-01,3.318786418021265616e-01,-2.633829973852291340e-01,3.301076324543480434e-01,4.733239104020278698e-01,2.246763689974765055e-01,5.138452280970366992e-01,5.275258003397560458e-01,7.113029177738712239e-01,1.304263092266047530e-02,-4.628606034693634463e-02,-2.096329997175188087e-01,1.537709801057427217e-01,2.938790672260055414e-01,5.113814538857086589e-01,2.118409325771741791e-02,5.599674299349964857e-01,4.972875514153730636e-01,1.950578078950455374e-01,3.318007141832852724e-01,2.259904990185197457e-02,7.631290381757976915e-01,5.103726020148310200e-02,-1.349107149459906063e-01,2.135777033987880935e-01,5.400524883068253956e-01,4.690496816708097372e-01,1.719236642574823448e-01,2.575892218214371754e-01,1.000000000000000000e+00,5.020764078407062847e-01,8.783602300602102453e-01,-7.747745685595824883e-02,2.056050892876857827e-01
2.116409202152816638e-01,4.540931172991266029e-01,4.411643068270481027e-01,3.880946007282619070e-01,5.592369480359157263e-01,1.785902422819524854e-02,2.549665769062671727e-01,-4.265386255734701648e-01,3.949557337389748568e-01,4.422844231898336309e-01,-5.264130382893979221e-02,2.262879964739155647e-01,2.015960546994176872e-01,5.313669043929084568e-01,-1.418427269353325637e-01,5.140927818998958232e-02,-3.565642723432390637e-01,2.481507039935789416e-01,3.618507675473141005e-01,3.823211952913876943e-01,3.082306975676587513e-01,5.328311654661688213e-01,5.725603381648669554e-01,4.106159363840591880e-01,4.739268395439801829e-01,1.731838579663389777e-01,5.676294742365611823e-01,-2.030610936651167375e-01,1.169399803426345030e-01,2.646105297275876955e-01,3.917540663687992253e-01,2.584537304988328565e-01,4.212361131232981171e-01,3.762670134558508961e-01,5.020764078407062847e-01,1.000000000000000000e+00,5.283859182689272238e-01,6.823556209603147404e-02,3.128472338917639983e-01
-2.584282691290276310e-02,3.942699081255230387e-01,2.966013112660567108e-01,2.297628880693267650e-01,4.242039269193633721e-01,2.844689878112592885e-01,2.011211530201240660e-01,-2.682451876403521562e-01,2.447842273727961482e-01,3.979530691735388426e-01,2.928253805342354577e-01,4.552778793112357003e-01,5.307095536007249148e-01,6.830421315072610078e-01,6.829856703257952688e-02,-1.690184789968917911e-01,-1.951232760345584238e-01,6.259271509080724383e-02,1.790577252949423215e-01,3.821292835524046083e-01,7.239627088843794689e-02,5.196168015338796797e-01,5.718832420616688506e-01,2.063681635167320672e-01,3.964483703738922449e-01,6.096800877398839136e-02,7.197647261983607381e-01,-5.186925905845556767e-02,-3.880666933133510021e-02,1.258771442167598287e-01,4.597691639824433296e-01,5.021277344787702379e-01,2.335030587366168919e-01,1.873893737379610791e-01,8.783602300602102453e-01,5.283859182689272238e-01,1.000000000000000000e+00,-1.607373891561917623e-01,1.165569326010372636e-01
8.447232393209523904e-01,5.286096565145064208e-01,1.964848186916869355e-01,5.005286633668762919e-01,2.407009372214406751e-01,-5.557603763365565053e-01,5.592243247805346318e-01,-1.767842658276758960e-01,6.977045560956061099e-01,3.389448524428298470e-01,-5.761102653431191545e-01,-1.455136617760078091e-02,-1.549012007682251668e-01,-6.029133556720580461e-02,-6.630314702469988219e-01,7.828356026647089738e-01,-1.982072481859693536e-01,7.173784768227313702e-01,6.049770077581202443e-01,4.125914047360820236e-01,-7.134800380854395933e-04,1.081372289469690051e-01,-1.234012421982903229e-01,4.299813231364517652e-01,-2.305350257220113996e-01,4.805543117005180997e-01,9.431804195534053414e-02,3.795771958526575340e-01,1.543214795798621142e-01,6.825866419190214085e-01,1.021921460802249076e-01,1.284384702027878689e-01,-5.079974657009499878e-02,6.540606946113732834e-01,-7.747745685595824883e-02,6.823556209603147404e-02,-1.607373891561917623e-01,1.000000000000000000e+00,7.563098585768790461e-01
7.529780601419140407e-01,7.021995945071853873e-01,3.478520152230454299e-01,6.869564050956662449e-01,3.819482583451125346e-01,-4.854344804512377154e-01,7.519927960519666721e-01,-2.957698320302842854e-01,7.852768565992869210e-01,5.659201326030480761e-01,-4.672532497973160837e-01,1.209795837098066040e-01,3.503605896360561384e-02,2.126212702708120128e-01,-5.644237554035395066e-01,7.188120238354599456e-01,-3.488644103543502295e-01,7.286703179157588695e-01,7.549671257936065860e-01,5.824080042598441809e-01,-3.322123796683193464e-02,3.846693918856012306e-01,1.128755127831884281e-01,4.570737904992503431e-01,5.554355275689806457e-03,3.641462913391083078e-01,3.810423446817012838e-01,3.073537158066906305e-01,3.657594582591593840e-02,7.215957639747291319e-01,3.567687456090967713e-01,2.697741785971787820e-01,3.939917635114620863e-03,7.443798054961967559e-01,2.056050892876857827e-01,3.128472338917639983e-01,1.165569326010372636e-01,7.563098585768790461e-01,1.000000000000000000e+00
