1.000000000000000000e+00,8.937126419224044049e-01,6.649856205702443512e-01,4.452623462349336037e-01,7.119789701842278440e-01,1.760557000736892308e-01,-1.729810689458056161e-01,-3.557423342565314006e-01,7.895031142621260489e-01,8.159180598811403007e-01,-4.973134233127624731e-02,5.628092257142438548e-01,-3.581945335336763070e-01,7.483138124146954118e-01,4.982355769521574218e-01,7.598683928975539237e-01,5.276355038659796826e-01,6.605768647363347013e-01,6.033402058754046005e-01,4.774559442951401556e-01,-7.432889154904548379e-02,1.110106857615287546e-01,7.158719402761506423e-01,4.662394043552121059e-01,7.106344688279083721e-01,6.749908733143350492e-01,6.038981457085811355e-01,7.224512349731286864e-01,4.812079835737330669e-01,8.478494247037856590e-01,6.513878247757636242e-01,4.621050369292372118e-01,5.172020539291332097e-01,7.081751521307023678e-01,-1.455896042003315405e-01,4.883225492314757221e-01,4.554265983354299219e-01,6.724361613843135022e-01,7.054182594334756917e-01
8.937126419224044049e-01,1.000000000000000000e+00,5.883082119288879364e-01,4.797342007567638733e-01,6.473654321716151294e-01,1.273846440896822807e-01,-6.655249873911010805e-02,-3.946770734847053763e-01,7.502537213829203466e-01,7.572975879776837616e-01,-1.296156268811962664e-01,4.789001205607016920e-01,-3.229152349636757457e-01,6.280863712092364937e-01,3.972859894232996791e-01,7.152727933906134483e-01,4.483155904757005761e-01,5.522590326340504063e-01,4.797737258406338801e-01,4.478565720686374374e-01,-9.469837156150609503e-02,9.449908127893212606e-02,6.143106729557594736e-01,4.367868346687906467e-01,6.327792015037909668e-01,5.945982234548565781e-01,4.826251411374462008e-01,6.481416529403093429e-01,4.526362614018343278e-01,8.297960485026636412e-01,5.925172496651983645e-01,3.769142104544939698e-01,3.945307456919714961e-01,6.377326006959372906e-01,-1.235287860116088127e-01,4.769574465226323889e-01,4.107544055847983100e-01,6.334586899752980838e-01,6.356841760982642198e-01
6.649856205702443512e-01,5.883082119288879364e-01,1.000000000000000000e+00,2.864784262881447940e-01,8.323988215488876685e-01,1.521277309941291844e-01,-3.511364066136522522e-01,-5.268970610839361912e-01,7.660362705447323339e-01,7.960201228345946678e-01,1.427246372462505136e-03,5.872047011682733908e-01,-3.591925095121570877e-01,6.429485578060617490e-01,5.796828719427127297e-01,6.074879438218654393e-01,6.238428171234053909e-01,7.849456175133058267e-01,7.631818509008978513e-01,5.586860649674402213e-01,3.904153395604228333e-02,2.353581673171746547e-01,6.898578429826657255e-01,5.148214980267287189e-01,7.109541261170941873e-01,6.450466241971619663e-01,5.758774674119556680e-01,7.250734039698404354e-01,2.681902593703246462e-01,7.684865515334442509e-01,6.019029893651743901e-01,3.219865629721019307e-01,6.718162286659723481e-01,8.395536097516097529e-01,-1.895741479734017743e-01,3.632567373394959831e-01,3.668399627368310600e-01,7.173050209844703540e-01,7.063042113045839843e-01
4.452623462349336037e-01,4.797342007567638733e-01,2.864784262881447940e-01,1.000000000000000000e+00,2.214295193724290789e-01,1.216999823202968567e-01,3.129141339564313617e-01,-3.271301138483280191e-01,5.468287920971572902e-01,3.406716595001147985e-01,-1.355006485486102419e-01,1.885762735281993896e-01,-4.409681289617358724e-01,2.856349767074130019e-01,2.042608490099749874e-01,3.627702037212479635e-01,-8.179977710201671859e-02,4.446198083666986212e-01,2.357281290619185066e-01,3.392041612026050479e-01,-4.868150102963650361e-01,-3.416704408826032324e-01,2.813341289023082448e-01,2.660711098110781214e-01,2.126351934215683914e-01,-4.941166271629442164e-02,-9.206273959279664965e-02,1.609373485681339089e-01,-2.702611768910365229e-03,4.960518397201053586e-01,-2.236467021296818444e-02,-1.102129133658108912e-01,-1.049274519474725359e-01,4.446302219615210771e-01,-2.328648412732353123e-01,1.451680053580539087e-01,1.067096619828804549e-01,1.517828347226977126e-01,3.352184758423454869e-01
7.119789701842278440e-01,6.473654321716151294e-01,8.323988215488876685e-01,2.214295193724290789e-01,1.000000000000000000e+00,1.682241010212544019e-01,-3.921873625327622070e-01,-4.456066789926659832e-01,7.531199193079514131e-01,8.093575938759847155e-01,-5.891374489481476101e-02,7.243979735307646273e-01,-2.372728171619476745e-01,7.336469202995185013e-01,6.637067927685913471e-01,6.968733210795324817e-01,7.132555149701709230e-01,7.612326156158093493e-01,8.175894053360588387e-01,5.934371609314257334e-01,1.090792493715729422e-01,3.187739138274459649e-01,8.101439221567585669e-01,5.292360665927576813e-01,7.083791052156982460e-01,7.390685732465999136e-01,6.740003393773766893e-01,8.223271595878963725e-01,4.177929718275832371e-01,7.566722769326235110e-01,7.030653895319476376e-01,5.148800129312919305e-01,6.909848577671898751e-01,7.945563948948771715e-01,-9.519253901513032023e-02,5.424601715396442092e-01,5.373412171542112370e-01,7.959808925380419398e-01,7.736872286675615662e-01
1.760557000736892308e-01,1.273846440896822807e-01,1.521277309941291844e-01,1.216999823202968567e-01,1.682241010212544019e-01,1.000000000000000000e+00,-2.950418889583668602e-01,5.336519923025117434e-02,3.386546632688780534e-01,1.442263032065252415e-01,2.411485720783504982e-01,1.701009565961985048e-01,-5.139651507852841528e-01,2.577008839077499225e-01,4.099083854318094633e-01,-9.023717678687005750e-02,1.645886232750602141e-01,2.521064671760137599e-01,2.815048901833252515e-01,3.003827235540375978e-02,-3.606104755968263520e-01,-2.802817341796369210e-01,1.269135467449572785e-01,4.964126018792565098e-01,3.020665978083992287e-01,1.712448987446279491e-01,2.144732043857790482e-01,1.449491959116945006e-01,8.727884062954754940e-02,1.479104506375088779e-01,8.845882572808740074e-02,1.881632388817285617e-01,1.681382989913673687e-01,2.590962014334736163e-01,-1.902291926154791452e-02,-8.341333790473290377e-03,2.144832021734298655e-01,1.114547828108884420e-01,4.677700905599514736e-02
-1.729810689458056161e-01,-6.655249873911010805e-02,-3.511364066136522522e-01,3.129141339564313617e-01,-3.921873625327622070e-01,-2.950418889583668602e-01,1.000000000000000000e+00,-3.467558152542420113e-02,-3.157262486056525153e-01,-2.835791021029936965e-01,-2.580614355525736592e-01,-4.439517339968471754e-01,3.588428579524767237e-01,-2.280744026229129806e-01,-6.163250884002933194e-01,-7.197328597616563239e-02,-3.332000700155041129e-01,-3.253622562591507172e-01,-5.265496345292380864e-01,-4.937201634100221032e-02,1.557616756110847267e-01,5.568388535486025470e-02,-2.208490670488979235e-01,-2.730433113242313192e-01,-3.827936523525985457e-01,-4.673547945768457557e-01,-4.849745027205905612e-01,-2.967813071921346912e-01,5.467663349376848669e-02,-1.636033155377187853e-01,-1.927888006455363012e-01,-2.668581940925421336e-01,-3.219650549655929117e-01,-3.918985121174484165e-01,3.998845308026667822e-01,-1.026389010538605873e-01,3.855701128389495136e-02,-4.163351628862121401e-01,-3.270238572539396205e-01
-3.557423342565314006e-01,-3.946770734847053763e-01,-5.268970610839361912e-01,-3.271301138483280191e-01,-4.456066789926659832e-01,5.336519923025117434e-02,-3.467558152542420113e-02,1.000000000000000000e+00,-4.664687367363737347e-01,-3.286443402929386526e-01,-8.849916749009917316e-02,-1.590167028958497028e-02,2.417697318858224864e-01,-1.872293266248922228e-01,-7.085010151483786545e-02,-2.948794381191573444e-01,-3.553874371344326044e-01,-3.633093296665922400e-01,-2.586604350430052324e-01,2.818996558842051109e-02,1.132446646124719708e-01,8.684970259952294602e-02,-3.340205757159876998e-01,-2.200042571853903783e-01,-3.180725493570902285e-01,-1.470149263467328549e-01,-1.018718166113513762e-01,-2.373796090892875965e-01,1.890858905443192420e-02,-4.802855215577643833e-01,-1.250551255728429290e-01,-7.395266612920775584e-02,-6.491104538057949902e-02,-3.448699600443868585e-01,2.677913193033690242e-01,-3.801051455694463843e-02,-1.912689028693168383e-02,-3.007182672446652161e-01,-2.806952481577970615e-01
7.895031142621260489e-01,7.502537213829203466e-01,7.660362705447323339e-01,5.468287920971572902e-01,7.531199193079514131e-01,3.386546632688780534e-01,-3.157262486056525153e-01,-4.664687367363737347e-01,1.000000000000000000e+00,8.047954491062044857e-01,6.673526923934491872e-02,5.721573276190686785e-01,-6.578527535917515490e-01,6.542017257231925731e-01,6.688749820630085496e-01,5.854797870749807176e-01,4.775386548060151504e-01,8.355715717159786227e-01,7.642825002951147972e-01,4.595075795865620205e-01,-3.637489232921716220e-01,-1.385823725839701037e-01,6.645652105580842628e-01,6.538492837779729117e-01,7.544262412080913194e-01,5.701967255982984817e-01,4.708289150447768079e-01,6.272160507144270980e-01,1.847130104114136084e-01,8.572908221011132923e-01,4.617804863812515759e-01,2.593471809542430284e-01,4.268120008131033871e-01,8.562174574379971537e-01,-3.703036653783153276e-01,3.613145400345280644e-01,3.001104613614024585e-01,7.028402846648459379e-01,7.372193844945051922e-01
8.159180598811403007e-01,7.572975879776837616e-01,7.960201228345946678e-01,3.406716595001147985e-01,8.093575938759847155e-01,1.442263032065252415e-01,-2.835791021029936965e-01,-3.286443402929386526e-01,8.047954491062044857e-01,1.000000000000000000e+00,-2.840007009868229793e-02,6.655550014802149583e-01,-3.311145327645551584e-01,7.443206350080389111e-01,6.121493697155967473e-01,7.502586556700276965e-01,6.016644076576062039e-01,7.922692944040277130e-01,7.671289090524668897e-01,6.289020263176761105e-01,3.829930431806109065e-02,2.539321441502790933e-01,7.657237759592656623e-01,5.152592809591312051e-01,7.638346493220855571e-01,7.623448608437842777e-01,6.711417520488300870e-01,8.085273308103043677e-01,4.298590167356906022e-01,8.370126361685004124e-01,7.193647128194738949e-01,4.579158396232703154e-01,6.474947404597113376e-01,8.142543485655744373e-01,-9.698450647047622553e-02,5.069347681452842647e-01,4.658144677263627575e-01,7.965574518320708286e-01,8.186665578875912397e-01
-4.973134233127624731e-02,-1.296156268811962664e-01,1.427246372462505136e-03,-1.355006485486102419e-01,-5.891374489481476101e-02,2.411485720783504982e-01,-2.580614355525736592e-01,-8.849916749009917316e-02,6.673526923934491872e-02,-2.840007009868229793e-02,1.000000000000000000e+00,-2.870178678897618296e-02,-2.131107039631211508e-01,-3.804815743319459043e-02,1.651475596690211711e-01,-6.255617457631591771e-02,1.681698784896590582e-01,7.208546966714400595e-02,1.098463281994448704e-01,-2.553769489750901678e-01,-1.627068238068871409e-01,-1.899927397384612304e-01,3.773961918115213005e-02,9.386365438553927187e-02,-7.466990254737107535e-02,5.849511721404286602e-02,7.872147172820420646e-02,-2.889844522723165887e-02,-3.387907461169108458e-01,1.097025666454991451e-02,-1.085434599864563976e-01,1.476499202651105902e-01,-6.020082664668399697e-03,2.550268388637361855e-02,-2.523378391857715730e-01,-4.584056950162276878e-02,-1.101448866795849829e-01,2.774986246836323028e-02,6.537183142385653845e-03
5.628092257142438548e-01,4.789001205607016920e-01,5.872047011682733908e-01,1.885762735281993896e-01,7.243979735307646273e-01,1.701009565961985048e-01,-4.439517339968471754e-01,-1.590167028958497028e-02,5.721573276190686785e-01,6.655550014802149583e-01,-2.870178678897618296e-02,1.000000000000000000e+00,-1.096582525750554732e-01,6.765020441129621087e-01,8.232152200033241440e-01,6.814930181361580352e-01,6.000298683390745680e-01,6.509562417048643246e-01,7.993474742566057945e-01,7.562054431110698527e-01,9.973712200947376649e-02,3.728649554047528403e-01,7.402724102105696646e-01,3.084300775651361848e-01,4.420530173849534505e-01,6.958932087948728196e-01,6.913189450312603457e-01,8.052130681957326841e-01,3.602003932979288559e-01,5.554695232127521143e-01,6.387966712059820473e-01,5.753019267271333170e-01,6.760739034909489797e-01,7.122827356226644202e-01,-8.387543569644151376e-02,6.788778925260611219e-01,5.535644996753247282e-01,7.549360759776854168e-01,8.121015058187559532e-01
-3.581945335336763070e-01,-3.229152349636757457e-01,-3.591925095121570877e-01,-4.409681289617358724e-01,-2.372728171619476745e-01,-5.139651507852841528e-01,3.588428579524767237e-01,2.417697318858224864e-01,-6.578527535917515490e-01,-3.311145327645551584e-01,-2.131107039631211508e-01,-1.096582525750554732e-01,1.000000000000000000e+00,-2.367086230924672074e-01,-4.613181757686138362e-01,2.334418060063676165e-02,2.261031703005379756e-02,-5.112257429787515628e-01,-4.040217710648236205e-01,2.512403128367345431e-02,7.831059507645772300e-01,6.682017588114175233e-01,-9.388814703966440189e-02,-5.690339515666426040e-01,-5.112500235548059768e-01,-1.131933724093554666e-01,-3.970292403981085655e-02,-3.683716340235298342e-02,2.340188630294173233e-01,-4.057132117392751591e-01,1.218111305014347584e-01,1.832705852218255715e-01,5.333622811920696316e-02,-5.345860421017897268e-01,5.702073682486169526e-01,1.694996873875529164e-01,2.164346620340726890e-01,-2.354842180175645006e-01,-2.543305861765220999e-01
7.483138124146954118e-01,6.280863712092364937e-01,6.429485578060617490e-01,2.856349767074130019e-01,7.336469202995185013e-01,2.577008839077499225e-01,-2.280744026229129806e-01,-1.872293266248922228e-01,6.542017257231925731e-01,7.443206350080389111e-01,-3.804815743319459043e-02,6.765020441129621087e-01,-2.367086230924672074e-01,1.000000000000000000e+00,5.983972311276144485e-01,6.884528590064878939e-01,6.278987985828911045e-01,7.016260180648032918e-01,6.952497386045902728e-01,5.767609889055947958e-01,8.784015700151334705e-02,2.590364205377325146e-01,7.608632480616155380e-01,5.761191713025701766e-01,6.749901880190578574e-01,7.229011640370142100e-01,6.941741265147958195e-01,7.924650277084436256e-01,6.160832517800548525e-01,6.332000269123128078e-01,7.133662390686482668e-01,5.623966067208632236e-01,7.047888907588385488e-01,6.624888023891315481e-01,9.841942713067258763e-02,5.976280063016538024e-01,6.383209383137041781e-01,6.500073126641655596e-01,6.784911106633898514e-01
4.982355769521574218e-01,3.972859894232996791e-01,5.796828719427127297e-01,2.042608490099749874e-01,6.637067927685913471e-01,4.099083854318094633e-01,-6.163250884002933194e-01,-7.085010151483786545e-02,6.688749820630085496e-01,6.121493697155967473e-01,1.651475596690211711e-01,8.232152200033241440e-01,-4.613181757686138362e-01,5.983972311276144485e-01,1.000000000000000000e+00,4.454666080513680071e-01,5.013713767078203931e-01,7.234903418313977097e-01,8.475132282432935593e-01,5.492092387565115086e-01,-2.364886599049767502e-01,2.457514926777758235e-02,5.793056723861952362e-01,4.779838986809836210e-01,5.133539540970611936e-01,6.375690873728612207e-01,6.173277130415076863e-01,6.469992554569161669e-01,1.326371918332469868e-01,5.112055006528077872e-01,4.139988032727892064e-01,4.028423271693245544e-01,5.224864588211678429e-01,7.616567525009269035e-01,-3.206133198795076411e-01,4.248111865593975356e-01,2.995549243399669437e-01,6.741400946845933495e-01,7.037187436485321523e-01
7.598683928975539237e-01,7.152727933906134483e-01,6.074879438218654393e-01,3.627702037212479635e-01,6.968733210795324817e-01,-9.023717678687005750e-02,-7.197328597616563239e-02,-2.948794381191573444e-01,5.854797870749807176e-01,7.502586556700276965e-01,-6.255617457631591771e-02,6.814930181361580352e-01,2.334418060063676165e-02,6.884528590064878939e-01,4.454666080513680071e-01,1.000000000000000000e+00,5.770590010461474906e-01,6.026860737563919379e-01,5.834770158930996375e-01,6.151803325300552183e-01,2.126545714955776489e-01,4.052365203242044855e-01,7.968640656440362235e-01,2.095018714576178387e-01,4.628795733972063675e-01,6.378948544620548500e-01,5.825239460024754790e-01,7.735640115561078778e-01,4.532868422085354898e-01,7.483968982103198497e-01,6.749296369586125222e-01,5.390499233115387812e-01,5.617079381739837896e-01,6.102568924419407015e-01,-6.605979615119371776e-03,7.342855945922002192e-01,6.045498803501619944e-01,6.778188199725008189e-01,7.536620340340917101e-01
5.276355038659796826e-01,4.483155904757005761e-01,6.238428171234053909e-01,-8.179977710201671859e-02,7.132555149701709230e-01,1.645886232750602141e-01,-3.332000700155041129e-01,-3.553874371344326044e-01,4.775386548060151504e-01,6.016644076576062039e-01,1.681698784896590582e-01,6.000298683390745680e-01,2.261031703005379756e-02,6.278987985828911045e-01,5.013713767078203931e-01,5.770590010461474906e-01,1.000000000000000000e+00,4.965676838139844729e-01,6.180886568074239751e-01,4.019026377823835539e-01,3.822582015693939961e-01,5.002259341836372553e-01,7.473404046136264967e-01,3.719925527271705779e-01,5.100457532941373717e-01,7.663914797706964377e-01,7.421072211281530828e-01,7.908812489651476652e-01,3.754457240741505553e-01,4.945453002416259070e-01,7.618697360287295384e-01,7.259032691052759168e-01,7.431735896849382961e-01,5.133525933822025156e-01,4.450072471804621815e-02,4.844957878392759931e-01,5.551059931674741099e-01,6.722164722418015881e-01,5.924822412192111143e-01
6.605768647363347013e-01,5.522590326340504063e-01,7.849456175133058267e-01,4.446198083666986212e-01,7.612326156158093493e-01,2.521064671760137599e-01,-3.253622562591507172e-01,-3.633093296665922400e-01,8.355715717159786227e-01,7.922692944040277130e-01,7.208546966714400595e-02,6.509562417048643246e-01,-5.112257429787515628e-01,7.016260180648032918e-01,7.234903418313977097e-01,6.026860737563919379e-01,4.965676838139844729e-01,1.000000000000000000e+00,8.628224473161296704e-01,5.602739000458674123e-01,-2.299736731877457252e-01,-1.366049386095874278e-02,7.097456509303192718e-01,5.982304799937387951e-01,6.966024557227061820e-01,5.776832388774610916e-01,4.911352317525031208e-01,6.684616174335247241e-01,1.877892314207567637e-01,7.497075121616429971e-01,4.712801004529237892e-01,2.723462907728405047e-01,5.266502971280805356e-01,8.428954561879444807e-01,-2.898446757825648978e-01,4.315295725462331422e-01,3.430039298514530599e-01,6.834735534110223387e-01,7.791210668710626397e-01
6.033402058754046005e-01,4.797737258406338801e-01,7.631818509008978513e-01,2.357281290619185066e-01,8.175894053360588387e-01,2.815048901833252515e-01,-5.265496345292380864e-01,-2.586604350430052324e-01,7.642825002951147972e-01,7.671289090524668897e-01,1.098463281994448704e-01,7.993474742566057945e-01,-4.040217710648236205e-01,6.952497386045902728e-01,8.475132282432935593e-01,5.834770158930996375e-01,6.180886568074239751e-01,8.628224473161296704e-01,1.000000000000000000e+00,6.007198396413799824e-01,-9.348403365171646662e-02,1.418317640433385263e-01,7.400428874417810388e-01,5.599110551893050625e-01,6.370677702496757577e-01,6.833957352727024759e-01,6.414997683892720293e-01,7.414072415119570270e-01,1.943572875178706250e-01,6.517392271934997483e-01,5.729864884671723724e-01,4.435939360536730325e-01,6.428573591409527666e-01,8.373514429553990945e-01,-2.603235683970019365e-01,4.717899444007213616e-01,4.170444658505240154e-01,7.715071873267808078e-01,8.169109527083855404e-01
4.774559442951401556e-01,4.478565720686374374e-01,5.586860649674402213e-01,3.392041612026050479e-01,5.934371609314257334e-01,3.003827235540375978e-02,-4.937201634100221032e-02,2.818996558842051109e-02,4.595075795865620205e-01,6.289020263176761105e-01,-2.553769489750901678e-01,7.562054431110698527e-01,2.512403128367345431e-02,5.767609889055947958e-01,5.492092387565115086e-01,6.151803325300552183e-01,4.019026377823835539e-01,5.602739000458674123e-01,6.007198396413799824e-01,1.000000000000000000e+00,2.486926323744413081e-01,5.021918784457832796e-01,6.082316495408407464e-01,2.763530717761449318e-01,3.504393648627622815e-01,5.122068574038500799e-01,4.503644157710882667e-01,7.083072454593908329e-01,4.283362548109397316e-01,5.362951162601963251e-01,5.945903208084253322e-01,3.685562067211944903e-01,6.181305420765529357e-01,6.219291994769242660e-01,1.993286753403304135e-01,5.889775375790847756e-01,5.763640432262359115e-01,5.808119406595664280e-01,6.452193452023065046e-01
-7.432889154904548379e-02,-9.469837156150609503e-02,3.904153395604228333e-02,-4.868150102963650361e-01,1.090792493715729422e-01,-3.606104755968263520e-01,1.557616756110847267e-01,1.132446646124719708e-01,-3.637489232921716220e-01,3.829930431806109065e-02,-1.627068238068871409e-01,9.973712200947376649e-02,7.831059507645772300e-01,8.784015700151334705e-02,-2.364886599049767502e-01,2.126545714955776489e-01,3.822582015693939961e-01,-2.299736731877457252e-01,-9.348403365171646662e-02,2.486926323744413081e-01,1.000000000000000000e+00,8.847988406808524608e-01,1.949433653689691959e-01,-2.665546324897555830e-01,-1.442881328333535662e-01,2.618137290637518877e-01,2.871735921766239152e-01,3.161109344244730224e-01,4.275047991633250666e-01,-1.145300651586973611e-01,4.938034551512203718e-01,4.216480847399163845e-01,4.699953127135987341e-01,-2.092841313060719299e-01,6.331008242421983789e-01,2.528494816423741409e-01,4.292428992100291163e-01,9.095480697079920407e-02,-8.413954722932722981e-04
1.110106857615287546e-01,9.449908127893212606e-02,2.353581673171746547e-01,-3.416704408826032324e-01,3.187739138274459649e-01,-2.802817341796369210e-01,5.568388535486025470e-02,8.684970259952294602e-02,-1.385823725839701037e-01,2.539321441502790933e-01,-1.899927397384612304e-01,3.728649554047528403e-01,6.682017588114175233e-01,2.590364205377325146e-01,2.457514926777758235e-02,4.052365203242044855e-01,5.002259341836372553e-01,-1.366049386095874278e-02,1.418317640433385263e-01,5.021918784457832796e-01,8.847988406808524608e-01,1.000000000000000000e+00,3.647345445892212212e-01,-1.293488686256091535e-01,1.150861314585770699e-02,4.394770049530267175e-01,4.326294049019961396e-01,5.343064285138051650e-01,5.019300543874533060e-01,8.905565575898510833e-02,6.434908460304014088e-01,4.867965393421283538e-01,6.444495019731586449e-01,5.886946840487326804e-02,5.843883768917463861e-01,4.321518549430878320e-01,5.460014692734895814e-01,3.119063085649730893e-01,2.387855693243611244e-01
7.158719402761506423e-01,6.143106729557594736e-01,6.898578429826657255e-01,2.813341289023082448e-01,8.101439221567585669e-01,1.269135467449572785e-01,-2.208490670488979235e-01,-3.340205757159876998e-01,6.645652105580842628e-01,7.657237759592656623e-01,3.773961918115213005e-02,7.402724102105696646e-01,-9.388814703966440189e-02,7.608632480616155380e-01,5.793056723861952362e-01,7.968640656440362235e-01,7.473404046136264967e-01,7.097456509303192718e-01,7.400428874417810388e-01,6.082316495408407464e-01,1.949433653689691959e-01,3.647345445892212212e-01,1.000000000000000000e+00,3.952033488239786174e-01,5.885979014551320221e-01,7.172760022136719371e-01,6.719258050442122876e-01,8.452042194109150586e-01,4.288831188553141605e-01,7.179683008871253769e-01,7.446235647890707687e-01,6.895982799801080310e-01,6.749339405634815492e-01,6.657087443962330653e-01,-4.322132313677150284e-02,6.743334105479970031e-01,6.842848037063218314e-01,7.788802360766520216e-01,8.040463262589133686e-01
4.662394043552121059e-01,4.367868346687906467e-01,5.148214980267287189e-01,2.660711098110781214e-01,5.292360665927576813e-01,4.964126018792565098e-01,-2.730433113242313192e-01,-2.200042571853903783e-01,6.538492837779729117e-01,5.152592809591312051e-01,9.386365438553927187e-02,3.084300775651361848e-01,-5.690339515666426040e-01,5.761191713025701766e-01,4.779838986809836210e-01,2.095018714576178387e-01,3.719925527271705779e-01,5.982304799937387951e-01,5.599110551893050625e-01,2.763530717761449318e-01,-2.665546324897555830e-01,-1.293488686256091535e-01,3.952033488239786174e-01,1.000000000000000000e+00,6.768793473007796990e-01,3.998217819688056895e-01,2.949728511132886366e-01,4.037736149301576760e-01,2.209539652195554593e-01,4.744592940765664513e-01,3.667637967579448488e-01,1.392139882998440492e-01,4.230855761675790250e-01,5.730740666436568986e-01,-4.060608775661368047e-02,1.474300123046631550e-01,2.967918132218367311e-01,3.901176633847558972e-01,3.364679491681040746e-01
7.106344688279083721e-01,6.327792015037909668e-01,7.109541261170941873e-01,2.126351934215683914e-01,7.083791052156982460e-01,3.020665978083992287e-01,-3.827936523525985457e-01,-3.180725493570902285e-01,7.544262412080913194e-01,7.638346493220855571e-01,-7.466990254737107535e-02,4.420530173849534505e-01,-5.112500235548059768e-01,6.749901880190578574e-01,5.133539540970611936e-01,4.628795733972063675e-01,5.100457532941373717e-01,6.966024557227061820e-01,6.370677702496757577e-01,3.504393648627622815e-01,-1.442881328333535662e-01,1.150861314585770699e-02,5.885979014551320221e-01,6.768793473007796990e-01,1.000000000000000000e+00,6.336366774379128541e-01,5.474536126664442115e-01,6.005235263636879983e-01,4.264367652343264981e-01,6.938823258172077679e-01,5.532523767127813796e-01,2.974194965342090713e-01,5.334138425205704470e-01,6.886155685569496088e-01,-1.434062301025132435e-01,2.947651084106096553e-01,3.190955313556932960e-01,6.239925280549978304e-01,5.860487502630743473e-01
6.749908733143350492e-01,5.945982234548565781e-01,6.450466241971619663e-01,-4.941166271629442164e-02,7.390685732465999136e-01,1.712448987446279491e-01,-4.673547945768457557e-01,-1.470149263467328549e-01,5.701967255982984817e-01,7.623448608437842777e-01,5.849511721404286602e-02,6.958932087948728196e-01,-1.131933724093554666e-01,7.229011640370142100e-01,6.375690873728612207e-01,6.378948544620548500e-01,7.663914797706964377e-01,5.776832388774610916e-01,6.833957352727024759e-01,5.122068574038500799e-01,2.618137290637518877e-01,4.394770049530267175e-01,7.172760022136719371e-01,3.998217819688056895e-01,6.336366774379128541e-01,1.000000000000000000e+00,8.784975711099651807e-01,8.627164673792084848e-01,5.215140609269587335e-01,5.887614638667079126e-01,8.065730186894324305e-01,6.661223252466796918e-01,7.501481337533725258e-01,6.324237371142705788e-01,1.027552156522086070e-02,5.247285767896675557e-01,5.136975748627401472e-01,7.917625969230493999e-01,6.971704988980118589e-01
6.038981457085811355e-01,4.826251411374462008e-01,5.758774674119556680e-01,-9.206273959279664965e-02,6.740003393773766893e-01,2.144732043857790482e-01,-4.849745027205905612e-01,-1.018718166113513762e-01,4.708289150447768079e-01,6.711417520488300870e-01,7.872147172820420646e-02,6.913189450312603457e-01,-3.970292403981085655e-02,6.941741265147958195e-01,6.173277130415076863e-01,5.825239460024754790e-01,7.421072211281530828e-01,4.911352317525031208e-01,6.414997683892720293e-01,4.503644157710882667e-01,2.871735921766239152e-01,4.326294049019961396e-01,6.719258050442122876e-01,2.949728511132886366e-01,5.474536126664442115e-01,8.784975711099651807e-01,1.000000000000000000e+00,8.100864415325709222e-01,5.266173466462519270e-01,4.818812832051897477e-01,7.731143725523098587e-01,7.325057927652377510e-01,7.236208269121747749e-01,5.409689736885758826e-01,3.781738956965376847e-02,4.735846457849166025e-01,5.214850469844103387e-01,7.010553858094096258e-01,6.371725424603379428e-01
7.224512349731286864e-01,6.481416529403093429e-01,7.250734039698404354e-01,1.609373485681339089e-01,8.223271595878963725e-01,1.449491959116945006e-01,-2.967813071921346912e-01,-2.373796090892875965e-01,6.272160507144270980e-01,8.085273308103043677e-01,-2.889844522723165887e-02,8.052130681957326841e-01,-3.683716340235298342e-02,7.924650277084436256e-01,6.469992554569161669e-01,7.735640115561078778e-01,7.908812489651476652e-01,6.684616174335247241e-01,7.414072415119570270e-01,7.083072454593908329e-01,3.161109344244730224e-01,5.343064285138051650e-01,8.452042194109150586e-01,4.037736149301576760e-01,6.005235263636879983e-01,8.627164673792084848e-01,8.100864415325709222e-01,1.000000000000000000e+00,5.800085175705713691e-01,6.896237177082091829e-01,8.591989534510054982e-01,7.005282508476399217e-01,8.078248268761294426e-01,7.018540005548479233e-01,9.730606380459820570e-02,6.673024086132446353e-01,6.720274243546487947e-01,8.234613794266136821e-01,7.929337772473110668e-01
4.812079835737330669e-01,4.526362614018343278e-01,2.681902593703246462e-01,-2.702611768910365229e-03,4.177929718275832371e-01,8.727884062954754940e-02,5.467663349376848669e-02,1.890858905443192420e-02,1.847130104114136084e-01,4.298590167356906022e-01,-3.387907461169108458e-01,3.602003932979288559e-01,2.340188630294173233e-01,6.160832517800548525e-01,1.326371918332469868e-01,4.532868422085354898e-01,3.754457240741505553e-01,1.877892314207567637e-01,1.943572875178706250e-01,4.283362548109397316e-01,4.275047991633250666e-01,5.019300543874533060e-01,4.288831188553141605e-01,2.209539652195554593e-01,4.264367652343264981e-01,5.215140609269587335e-01,5.266173466462519270e-01,5.800085175705713691e-01,1.000000000000000000e+00,3.166651245054261654e-01,6.498324217679338766e-01,4.911209289473304485e-01,5.362635580926711221e-01,1.898645479155543769e-01,5.182035227404649946e-01,4.855323390337387135e-01,6.197421101431508372e-01,3.615484966643066067e-01,3.178384707293588352e-01
8.478494247037856590e-01,8.297960485026636412e-01,7.684865515334442509e-01,4.960518397201053586e-01,7.566722769326235110e-01,1.479104506375088779e-01,-1.636033155377187853e-01,-4.802855215577643833e-01,8.572908221011132923e-01,8.370126361685004124e-01,1.097025666454991451e-02,5.554695232127521143e-01,-4.057132117392751591e-01,6.332000269123128078e-01,5.112055006528077872e-01,7.483968982103198497e-01,4.945453002416259070e-01,7.497075121616429971e-01,6.517392271934997483e-01,5.362951162601963251e-01,-1.145300651586973611e-01,8.905565575898510833e-02,7.179683008871253769e-01,4.744592940765664513e-01,6.938823258172077679e-01,5.887614638667079126e-01,4.818812832051897477e-01,6.896237177082091829e-01,3.166651245054261654e-01,1.000000000000000000e+00,5.662889734296673305e-01,3.316361635431299693e-01,4.707731281719910177e-01,7.833231775817673936e-01,-2.136599575258263661e-01,4.861966182877405229e-01,4.037990040480422538e-01,7.198773185152151921e-01,7.442524056155117584e-01
6.513878247757636242e-01,5.925172496651983645e-01,6.019029893651743901e-01,-2.236467021296818444e-02,7.030653895319476376e-01,8.845882572808740074e-02,-1.927888006455363012e-01,-1.250551255728429290e-01,4.617804863812515759e-01,7.193647128194738949e-01,-1.085434599864563976e-01,6.387966712059820473e-01,1.218111305014347584e-01,7.133662390686482668e-01,4.139988032727892064e-01,6.749296369586125222e-01,7.618697360287295384e-01,4.712801004529237892e-01,5.729864884671723724e-01,5.945903208084253322e-01,4.938034551512203718e-01,6.434908460304014088e-01,7.446235647890707687e-01,3.667637967579448488e-01,5.532523767127813796e-01,8.065730186894324305e-01,7.731143725523098587e-01,8.591989534510054982e-01,6.498324217679338766e-01,5.662889734296673305e-01,1.000000000000000000e+00,6.824538106707607188e-01,8.372129748090642032e-01,5.270599652321257267e-01,2.758069865958025502e-01,5.561420684099998013e-01,6.913284047677884514e-01,7.123679254657175886e-01,6.345543376731050955e-01
4.621050369292372118e-01,3.769142104544939698e-01,3.219865629721019307e-01,-1.102129133658108912e-01,5.148800129312919305e-01,1.881632388817285617e-01,-2.668581940925421336e-01,-7.395266612920775584e-02,2.593471809542430284e-01,4.579158396232703154e-01,1.476499202651105902e-01,5.753019267271333170e-01,1.832705852218255715e-01,5.623966067208632236e-01,4.028423271693245544e-01,5.390499233115387812e-01,7.259032691052759168e-01,2.723462907728405047e-01,4.435939360536730325e-01,3.685562067211944903e-01,4.216480847399163845e-01,4.867965393421283538e-01,6.895982799801080310e-01,1.392139882998440492e-01,2.974194965342090713e-01,6.661223252466796918e-01,7.325057927652377510e-01,7.005282508476399217e-01,4.911209289473304485e-01,3.316361635431299693e-01,6.824538106707607188e-01,1.000000000000000000e+00,5.752391038726588635e-01,2.591414969993779960e-01,1.679901248828995497e-01,5.264433269605865995e-01,6.481768100619017536e-01,5.476303697252425939e-01,4.987209044231083466e-01
5.172020539291332097e-01,3.945307456919714961e-01,6.718162286659723481e-01,-1.049274519474725359e-01,6.909848577671898751e-01,1.681382989913673687e-01,-3.219650549655929117e-01,-6.491104538057949902e-02,4.268120008131033871e-01,6.474947404597113376e-01,-6.020082664668399697e-03,6.760739034909489797e-01,5.333622811920696316e-02,7.047888907588385488e-01,5.224864588211678429e-01,5.617079381739837896e-01,7.431735896849382961e-01,5.266502971280805356e-01,6.428573591409527666e-01,6.181305420765529357e-01,4.699953127135987341e-01,6.444495019731586449e-01,6.749339405634815492e-01,4.230855761675790250e-01,5.334138425205704470e-01,7.501481337533725258e-01,7.236208269121747749e-01,8.078248268761294426e-01,5.362635580926711221e-01,4.707731281719910177e-01,8.372129748090642032e-01,5.752391038726588635e-01,1.000000000000000000e+00,5.936460345376366465e-01,2.479884136242821169e-01,4.744481590015197092e-01,6.255289002651498453e-01,6.367912223031580998e-01,5.829822293373384534e-01
7.081751521307023678e-01,6.377326006959372906e-01,8.395536097516097529e-01,4.446302219615210771e-01,7.945563948948771715e-01,2.590962014334736163e-01,-3.918985121174484165e-01,-3.448699600443868585e-01,8.562174574379971537e-01,8.142543485655744373e-01,2.550268388637361855e-02,7.122827356226644202e-01,-5.345860421017897268e-01,6.624888023891315481e-01,7.616567525009269035e-01,6.102568924419407015e-01,5.133525933822025156e-01,8.428954561879444807e-01,8.373514429553990945e-01,6.219291994769242660e-01,-2.092841313060719299e-01,5.886946840487326804e-02,6.657087443962330653e-01,5.730740666436568986e-01,6.886155685569496088e-01,6.324237371142705788e-01,5.409689736885758826e-01,7.018540005548479233e-01,1.898645479155543769e-01,7.833231775817673936e-01,5.270599652321257267e-01,2.591414969993779960e-01,5.936460345376366465e-01,1.000000000000000000e+00,-3.132744916151500858e-01,3.826554548725735194e-01,3.136624768422864862e-01,7.533043842936856249e-01,7.909652857274256377e-01
-1.455896042003315405e-01,-1.235287860116088127e-01,-1.895741479734017743e-01,-2.328648412732353123e-01,-9.519253901513032023e-02,-1.902291926154791452e-02,3.998845308026667822e-01,2.677913193033690242e-01,-3.703036653783153276e-01,-9.698450647047622553e-02,-2.523378391857715730e-01,-8.387543569644151376e-02,5.702073682486169526e-01,9.841942713067258763e-02,-3.206133198795076411e-01,-6.605979615119371776e-03,4.450072471804621815e-02,-2.898446757825648978e-01,-2.603235683970019365e-01,1.993286753403304135e-01,6.331008242421983789e-01,5.843883768917463861e-01,-4.322132313677150284e-02,-4.060608775661368047e-02,-1.434062301025132435e-01,1.027552156522086070e-02,3.781738956965376847e-02,9.730606380459820570e-02,5.182035227404649946e-01,-2.136599575258263661e-01,2.758069865958025502e-01,1.679901248828995497e-01,2.479884136242821169e-01,-3.132744916151500858e-01,1.000000000000000000e+00,1.686946607313681290e-01,5.109436472485953118e-01,-1.597771416678265555e-01,-2.352767934867593114e-01
4.883225492314757221e-01,4.769574465226323889e-01,3.632567373394959831e-01,1.451680053580539087e-01,5.424601715396442092e-01,-8.341333790473290377e-03,-1.026389010538605873e-01,-3.801051455694463843e-02,3.613145400345280644e-01,5.069347681452842647e-01,-4.584056950162276878e-02,6.788778925260611219e-01,1.694996873875529164e-01,5.976280063016538024e-01,4.248111865593975356e-01,7.342855945922002192e-01,4.844957878392759931e-01,4.315295725462331422e-01,4.717899444007213616e-01,5.889775375790847756e-01,2.528494816423741409e-01,4.321518549430878320e-01,6.743334105479970031e-01,1.474300123046631550e-01,2.947651084106096553e-01,5.247285767896675557e-01,4.735846457849166025e-01,6.673024086132446353e-01,4.855323390337387135e-01,4.861966182877405229e-01,5.561420684099998013e-01,5.264433269605865995e-01,4.744481590015197092e-01,3.826554548725735194e-01,1.686946607313681290e-01,1.000000000000000000e+00,6.728342482853832962e-01,5.944873665186684031e-01,6.169551051146442422e-01
4.554265983354299219e-01,4.107544055847983100e-01,3.668399627368310600e-01,1.067096619828804549e-01,5.373412171542112370e-01,2.144832021734298655e-01,3.855701128389495136e-02,-1.912689028693168383e-02,3.001104613614024585e-01,4.658144677263627575e-01,-1.101448866795849829e-01,5.535644996753247282e-01,2.164346620340726890e-01,6.383209383137041781e-01,2.995549243399669437e-01,6.045498803501619944e-01,5.551059931674741099e-01,3.430039298514530599e-01,4.170444658505240154e-01,5.763640432262359115e-01,4.292428992100291163e-01,5.460014692734895814e-01,6.842848037063218314e-01,2.967918132218367311e-01,3.190955313556932960e-01,5.136975748627401472e-01,5.214850469844103387e-01,6.720274243546487947e-01,6.197421101431508372e-01,4.037990040480422538e-01,6.913284047677884514e-01,6.481768100619017536e-01,6.255289002651498453e-01,3.136624768422864862e-01,5.109436472485953118e-01,6.728342482853832962e-01,1.000000000000000000e+00,4.835975696951073655e-01,4.521664715168065007e-01
6.724361613843135022e-01,6.334586899752980838e-01,7.173050209844703540e-01,1.517828347226977126e-01,7.959808925380419398e-01,1.114547828108884420e-01,-4.163351628862121401e-01,-3.007182672446652161e-01,7.028402846648459379e-01,7.965574518320708286e-01,2.774986246836323028e-02,7.549360759776854168e-01,-2.354842180175645006e-01,6.500073126641655596e-01,6.741400946845933495e-01,6.778188199725008189e-01,6.722164722418015881e-01,6.834735534110223387e-01,7.715071873267808078e-01,5.808119406595664280e-01,9.095480697079920407e-02,3.119063085649730893e-01,7.788802360766520216e-01,3.901176633847558972e-01,6.239925280549978304e-01,7.917625969230493999e-01,7.010553858094096258e-01,8.234613794266136821e-01,3.615484966643066067e-01,7.198773185152151921e-01,7.123679254657175886e-01,5.476303697252425939e-01,6.367912223031580998e-01,7.533043842936856249e-01,-1.597771416678265555e-01,5.944873665186684031e-01,4.835975696951073655e-01,1.000000000000000000e+00,8.666049772247165217e-01
7.054182594334756917e-01,6.356841760982642198e-01,7.063042113045839843e-01,3.352184758423454869e-01,7.736872286675615662e-01,4.677700905599514736e-02,-3.270238572539396205e-01,-2.806952481577970615e-01,7.372193844945051922e-01,8.186665578875912397e-01,6.537183142385653845e-03,8.121015058187559532e-01,-2.543305861765220999e-01,6.784911106633898514e-01,7.037187436485321523e-01,7.536620340340917101e-01,5.924822412192111143e-01,7.791210668710626397e-01,8.169109527083855404e-01,6.452193452023065046e-01,-8.413954722932722981e-04,2.387855693243611244e-01,8.040463262589133686e-01,3.364679491681040746e-01,5.860487502630743473e-01,6.971704988980118589e-01,6.371725424603379428e-01,7.929337772473110668e-01,3.178384707293588352e-01,7.442524056155117584e-01,6.345543376731050955e-01,4.987209044231083466e-01,5.829822293373384534e-01,7.909652857274256377e-01,-2.352767934867593114e-01,6.169551051146442422e-01,4.521664715168065007e-01,8.666049772247165217e-01,1.000000000000000000e+00
