1.000000000000000000e+00,8.720334073953985854e-01,5.276114327279269878e-01,4.872527627112344106e-01,5.121314290151459669e-01,4.142603258558342216e-01,2.635025386553863092e-01,-4.758766338448464639e-01,7.220999645929162547e-01,7.588760593773747898e-01,5.556144729821086425e-01,4.432574797811407175e-01,-6.672234046009102304e-01,6.487245475964892316e-01,3.340073909347646142e-01,1.401075310617420078e-01,6.075948806993005658e-01,6.270774998890459306e-01,6.255289533066419327e-01,4.760183291448544796e-01,4.317705242421358558e-01,3.517791171029627795e-01,6.694593331347415965e-01,5.639626242961202074e-01,5.596013908760084643e-01,6.528213339406417903e-01,5.000920311140877317e-01,6.432930913325709543e-01,5.891656575684159902e-01,7.453263771793159354e-01,3.639969167326518873e-01,5.088778028489382432e-01,5.444020612391999858e-01,3.868661471378148087e-01,5.267155911156515824e-01,5.486019246217208045e-02,4.273471753137396134e-01,3.541058886112100623e-01,2.021974180741266391e-01
8.720334073953985854e-01,1.000000000000000000e+00,5.958407011642276041e-01,5.086398710051179828e-01,5.150650153922754493e-01,4.859860883118140018e-01,2.412970591054171277e-01,-5.081225645377369649e-01,7.333700631821827853e-01,6.980021879387686701e-01,6.464970252888923019e-01,5.860970322065203186e-01,-6.826236672550975992e-01,6.688208953289854763e-01,3.882370001363347756e-01,2.093498089982293031e-02,6.631513628307875718e-01,6.570553800717067183e-01,6.413340113401228004e-01,5.344338783604845045e-01,5.143190973689161227e-01,4.681814849291133229e-01,6.882433400882457253e-01,6.109569763816881105e-01,5.479547566159508332e-01,7.324085542076760325e-01,6.167870209340933219e-01,6.923143427366144076e-01,6.420215487818299316e-01,6.779646604722757708e-01,3.889147823571047491e-01,6.149566533256884959e-01,6.417488803703711442e-01,3.951099874266264522e-01,5.829759873408290050e-01,8.996133851880207255e-02,5.320964597863128143e-01,4.064957442699038692e-01,3.816262740173516077e-01
5.276114327279269878e-01,5.958407011642276041e-01,1.000000000000000000e+00,7.368984851827864446e-01,5.753752290554374760e-01,4.674199954182820527e-01,3.505366979393248483e-01,-8.470777253239994975e-01,7.042900229788636723e-01,4.152359644309867592e-01,4.602055434474959239e-01,7.314273363602946665e-01,-7.712166034835123973e-01,6.366198859463105819e-01,2.764541715278198142e-01,-2.514771811254172262e-01,7.590152453885318229e-01,8.166774924748172459e-01,8.437788291646842742e-01,7.622313510257668900e-01,8.999358663933822999e-01,7.352725253849077269e-01,6.104384002785696595e-01,5.966459624748038371e-01,2.604669158349776081e-01,7.887390666179171506e-01,8.539778035212709506e-01,8.674511746451702976e-01,7.885723064997279819e-01,4.578578826440524163e-01,5.908836515615577545e-01,7.429006475087309713e-01,8.826276644948255479e-01,4.007972449496881584e-01,8.240342297360985224e-01,2.379670899247675608e-01,7.661600905911488679e-01,6.963418177832693401e-02,3.149281000406087272e-01
4.872527627112344106e-01,5.086398710051179828e-01,7.368984851827864446e-01,1.000000000000000000e+00,2.524192029702532203e-01,3.228129240693025648e-01,3.022418764974175720e-01,-4.749362864941243934e-01,4.972163365392317513e-01,3.125979907216363540e-01,1.933389219917588664e-01,6.472051952603961045e-01,-5.546464725016434505e-01,4.658893418687145016e-01,-2.967297562182796833e-02,-2.835473691938670826e-01,5.805555556075341350e-01,5.860951932579999690e-01,6.307316962744673461e-01,7.990068943311259275e-01,7.860411792763868366e-01,6.697178533528994615e-01,3.630136016745337257e-01,3.736472985272095704e-01,6.671112674775532547e-02,5.108493205438604523e-01,6.391012024921753909e-01,7.045737559113637305e-01,7.522979617546808884e-01,4.552616018321231639e-01,3.447295910547673592e-01,6.056525177558128581e-01,7.659764064257629235e-01,4.252682242318119726e-02,7.747815794634632658e-01,-4.469856094540974184e-02,6.706876491402524731e-01,-1.983308601948120531e-01,-7.373356303035692727e-02
5.121314290151459669e-01,5.150650153922754493e-01,5.753752290554374760e-01,2.524192029702532203e-01,1.000000000000000000e+00,3.401413962501737553e-01,3.995447043536410336e-01,-7.587057804728161159e-01,6.823593851412240729e-01,4.827334524263134918e-01,5.141354716042848549e-01,2.684150793143573188e-01,-6.139514013716096397e-01,5.202536812988493020e-01,1.721079963138887059e-01,1.341616841375462554e-01,4.712856516016837860e-01,7.838979901419136365e-01,6.567510936272000777e-01,2.474629669211486638e-01,3.606258236051301802e-01,1.119131750509032436e-01,5.368657152494659135e-01,4.896935907260958620e-01,5.389048065845988278e-01,5.046400286437394689e-01,4.681954935839572896e-01,4.964806537608074666e-01,3.213176167504860903e-01,4.838186714534880584e-01,4.592033821899147994e-01,3.913395306005150731e-01,3.929008718722953875e-01,6.692619900122079857e-01,3.151503318284205601e-01,2.255005017981888682e-01,3.066094810649179769e-01,2.701004348537884292e-01,4.232884649739353522e-01
4.142603258558342216e-01,4.859860883118140018e-01,4.674199954182820527e-01,3.228129240693025648e-01,3.401413962501737553e-01,1.000000000000000000e+00,2.462475597896757740e-01,-3.747578133722160865e-01,3.060932006934679595e-01,5.246211972885757302e-02,5.122306033324288688e-01,4.258114809868017714e-01,-5.801768015870443218e-01,3.641575627223015976e-01,3.207352397441624869e-02,-5.012050060978190391e-01,4.870318040272677007e-01,4.922385026203092151e-01,5.279275815359640855e-01,4.239593917476181528e-01,3.457632275355421725e-01,4.399483611352134060e-01,7.155080497905841330e-01,7.344287502243465049e-01,2.712014946929941495e-02,4.852373418671374061e-01,6.464153250138218176e-01,4.670057563388215205e-01,5.401501867607703122e-01,1.149348951485577308e-01,3.534344225376959692e-01,8.049977991314486436e-01,6.419921409035278526e-01,7.572730665973596842e-02,4.801313041851972274e-01,-2.136209184830817343e-01,7.166541173581864044e-01,8.886627507612346322e-02,1.932994748929907636e-01
2.635025386553863092e-01,2.412970591054171277e-01,3.505366979393248483e-01,3.022418764974175720e-01,3.995447043536410336e-01,2.462475597896757740e-01,1.000000000000000000e+00,-4.140396142828934867e-01,3.174416138767950368e-01,2.483953203701942114e-01,4.085638485121436680e-01,7.535660750906489347e-02,-4.787678665421923885e-01,3.263876918435486552e-01,2.290504990340791816e-02,3.364575929735930809e-02,3.840423719479082454e-01,3.417982402445430279e-01,3.749157898695202329e-01,3.963426244312502345e-01,3.707621940050419007e-01,6.721335761791723262e-02,3.232888345396192076e-01,2.785157280854520523e-01,2.992453986646446684e-01,2.885006381293845901e-01,2.665089799582174845e-01,3.209141517777768793e-01,2.454282442124929853e-01,3.740777947116299962e-01,2.013471032141219141e-01,2.927173414169550458e-01,2.641937266448705635e-01,2.001361161399007604e-01,2.737927418223009557e-01,1.977872543436447472e-01,2.617115081776571484e-01,1.240950950458441782e-01,9.631634979727493606e-02
-4.758766338448464639e-01,-5.081225645377369649e-01,-8.470777253239994975e-01,-4.749362864941243934e-01,-7.587057804728161159e-01,-3.747578133722160865e-01,-4.140396142828934867e-01,1.000000000000000000e+00,-7.231259991542734467e-01,-4.950442266305217220e-01,-5.154091886471272588e-01,-5.008423009879275911e-01,7.102871901008805944e-01,-5.858380333638775195e-01,-2.155822873600666545e-01,-8.978300608504397734e-03,-6.019428149480479107e-01,-8.158887264543474016e-01,-7.431625719904659810e-01,-4.584730822335279510e-01,-7.011229420601242657e-01,-4.598294692498479663e-01,-5.977172578059002372e-01,-5.812873091203620834e-01,-3.932429387725524528e-01,-6.597886428663061187e-01,-6.920028266366062830e-01,-6.746726094796924311e-01,-5.282642906449946940e-01,-5.085795588380720433e-01,-5.345177138852408305e-01,-5.707188904708943022e-01,-6.414074520543407987e-01,-6.514891986878728058e-01,-5.676410896354474600e-01,-4.010389919234200184e-01,-5.531516839083392423e-01,-1.449498842493041895e-01,-3.871580157956551749e-01
7.220999645929162547e-01,7.333700631821827853e-01,7.042900229788636723e-01,4.972163365392317513e-01,6.823593851412240729e-01,3.060932006934679595e-01,3.174416138767950368e-01,-7.231259991542734467e-01,1.000000000000000000e+00,7.528148978620409215e-01,5.438102870892751461e-01,5.919125622875452963e-01,-7.010796342425278382e-01,7.765199487862697314e-01,4.564465600055037098e-01,2.445336281606850515e-01,5.895305854897121556e-01,8.207193718157356210e-01,7.088241818744948075e-01,4.889175585649991329e-01,5.841662146781974041e-01,3.549650264419372814e-01,7.053231497831132790e-01,6.342688381136343256e-01,6.782924292660116317e-01,7.455857412421045272e-01,6.811273156382644522e-01,7.617167712501239363e-01,6.015365889415884570e-01,7.691685633070003414e-01,5.416536436800554188e-01,5.348996554602968301e-01,6.148798867236434651e-01,6.714753158009110212e-01,5.859788128631823190e-01,3.646614049911154343e-01,5.139082908387865301e-01,3.667469658718507941e-01,5.236538931698458965e-01
7.588760593773747898e-01,6.980021879387686701e-01,4.152359644309867592e-01,3.125979907216363540e-01,4.827334524263134918e-01,5.246211972885757302e-02,2.483953203701942114e-01,-4.950442266305217220e-01,7.528148978620409215e-01,1.000000000000000000e+00,4.943819135712427260e-01,3.236960449333016188e-01,-4.892170166349835148e-01,6.496018385685283780e-01,3.668097619263816500e-01,5.767782716748958149e-01,4.459988962563336545e-01,5.357010129662935771e-01,4.451047300099477688e-01,2.300809895904847580e-01,3.406769082178619512e-01,1.749106594358048328e-01,5.386632655742460418e-01,4.059079230868968824e-01,7.460763266675605188e-01,5.247605309760040582e-01,3.296517084336970105e-01,5.056251862944947106e-01,3.949407781639308612e-01,8.338153810226004437e-01,4.083956560463453123e-01,2.435773290871064978e-01,3.138396447540760525e-01,6.226438408753010023e-01,3.475060122546850261e-01,4.163334854217771719e-01,1.916133501858847954e-01,3.675474943472974432e-01,2.559701192750890031e-01
5.556144729821086425e-01,6.464970252888923019e-01,4.602055434474959239e-01,1.933389219917588664e-01,5.141354716042848549e-01,5.122306033324288688e-01,4.085638485121436680e-01,-5.154091886471272588e-01,5.438102870892751461e-01,4.943819135712427260e-01,1.000000000000000000e+00,3.610021850647125996e-01,-5.273420755593281051e-01,5.828972273262407189e-01,4.028021871642736840e-01,5.782521861329150553e-02,6.241759580817062281e-01,4.993576134160637170e-01,4.340610304210490433e-01,3.292351470591752260e-01,3.795751624930340795e-01,3.030102825575246017e-01,6.288975311966553683e-01,5.780749471713616527e-01,5.180470890232283798e-01,6.401272784010448857e-01,5.218527498309279977e-01,5.126402382641025435e-01,4.225954110444747336e-01,4.980513386325621239e-01,3.640923693453630428e-01,5.288177131043757528e-01,4.571944807362669505e-01,4.223676236011304486e-01,3.878208156479701629e-01,2.495508223453661023e-01,4.380154037284192392e-01,4.369075809825559431e-01,4.420076164393274554e-01
4.432574797811407175e-01,5.860970322065203186e-01,7.314273363602946665e-01,6.472051952603961045e-01,2.684150793143573188e-01,4.258114809868017714e-01,7.535660750906489347e-02,-5.008423009879275911e-01,5.919125622875452963e-01,3.236960449333016188e-01,3.610021850647125996e-01,1.000000000000000000e+00,-5.610454697784266198e-01,5.989535977840675374e-01,4.136897519443516469e-01,-2.611185952672190336e-01,6.130289274692206636e-01,5.745394813581057303e-01,5.742270618808584803e-01,6.448130837971323137e-01,7.249835271600044706e-01,6.351225426825294340e-01,5.193051679923865738e-01,5.256050185504937966e-01,2.067774508060097327e-01,7.092511598209603196e-01,7.694957912311376491e-01,7.106750553896542533e-01,7.639342277837979367e-01,3.968645622863723466e-01,5.252759607063638425e-01,6.705436129718294058e-01,7.778336854787277765e-01,2.388900796810838612e-01,7.412057937749886305e-01,1.911195345827164938e-01,6.889140458711416892e-01,1.888557433444037204e-01,4.599484446457233755e-01
-6.672234046009102304e-01,-6.826236672550975992e-01,-7.712166034835123973e-01,-5.546464725016434505e-01,-6.139514013716096397e-01,-5.801768015870443218e-01,-4.787678665421923885e-01,7.102871901008805944e-01,-7.010796342425278382e-01,-4.892170166349835148e-01,-5.273420755593281051e-01,-5.610454697784266198e-01,1.000000000000000000e+00,-6.334012592266311525e-01,-2.483106735657061304e-01,1.640502964461385549e-01,-6.612044052463397215e-01,-7.686371214142498909e-01,-7.967983375189742201e-01,-6.179760571148159576e-01,-6.513186286011158899e-01,-4.882418885791565688e-01,-7.199060338055762731e-01,-7.038415940190300146e-01,-3.971754467643572317e-01,-7.032806594381310061e-01,-7.329576212264650170e-01,-7.553170218151348259e-01,-6.779479318174584934e-01,-5.178665840984889579e-01,-6.322550829176410980e-01,-7.110641730464635213e-01,-7.494179701649449354e-01,-4.513115213049126440e-01,-6.527389509755342489e-01,-1.051952674225802853e-01,-6.619821825904972368e-01,-2.004695191588148073e-01,-2.870271532730584996e-01
6.487245475964892316e-01,6.688208953289854763e-01,6.366198859463105819e-01,4.658893418687145016e-01,5.202536812988493020e-01,3.641575627223015976e-01,3.263876918435486552e-01,-5.858380333638775195e-01,7.765199487862697314e-01,6.496018385685283780e-01,5.828972273262407189e-01,5.989535977840675374e-01,-6.334012592266311525e-01,1.000000000000000000e+00,3.971714441435845178e-01,1.617782960160997208e-01,6.893338844108257701e-01,6.775284366300667882e-01,6.525877384833084216e-01,4.988407902989089870e-01,5.735112728617458577e-01,3.834930955004027808e-01,7.063880208799745430e-01,6.612402234941453516e-01,5.817546238710229467e-01,7.165216312495288342e-01,6.625544265960519041e-01,7.313482050436781456e-01,6.964675637208515013e-01,6.366539320287737391e-01,6.185423596067388674e-01,6.034193763824383661e-01,6.307579479350340357e-01,4.433029495403903453e-01,6.370099307172104597e-01,3.255192552791004723e-01,5.801999687320530397e-01,3.368064736811519633e-01,4.278964829354632848e-01
3.340073909347646142e-01,3.882370001363347756e-01,2.764541715278198142e-01,-2.967297562182796833e-02,1.721079963138887059e-01,3.207352397441624869e-02,2.290504990340791816e-02,-2.155822873600666545e-01,4.564465600055037098e-01,3.668097619263816500e-01,4.028021871642736840e-01,4.136897519443516469e-01,-2.483106735657061304e-01,3.971714441435845178e-01,1.000000000000000000e+00,1.329087873163455891e-01,3.481696850133564336e-01,2.145766189410591440e-01,2.583162072193019854e-01,2.595493247613711585e-01,2.508587756918324030e-01,1.565598230608379882e-01,3.141985823834251845e-01,1.862721960158902346e-01,5.207320301680407049e-01,5.717412243280599604e-01,2.849206889650048313e-01,4.424312964590453867e-01,2.618786396161766339e-01,3.026612521633957331e-01,2.685997506620266262e-01,1.306965543602051638e-01,2.634916712762803148e-01,3.439563342526341660e-01,2.300845455553725272e-01,3.184734138374921142e-01,1.221114610573913878e-01,6.213186715174909835e-01,5.860214899015763201e-01
1.401075310617420078e-01,2.093498089982293031e-02,-2.514771811254172262e-01,-2.835473691938670826e-01,1.341616841375462554e-01,-5.012050060978190391e-01,3.364575929735930809e-02,-8.978300608504397734e-03,2.445336281606850515e-01,5.767782716748958149e-01,5.782521861329150553e-02,-2.611185952672190336e-01,1.640502964461385549e-01,1.617782960160997208e-01,1.329087873163455891e-01,1.000000000000000000e+00,-2.190459192694710622e-01,-5.906690473134024871e-02,-2.372890044019884404e-01,-4.175072792655707410e-01,-2.674137929245326006e-01,-4.422793315842080131e-01,-1.333774562854600845e-02,-1.109557144764259373e-01,5.881121396084425523e-01,-1.437805613874027777e-01,-3.277541754681578823e-01,-2.037667891555566546e-01,-3.132214810679769812e-01,4.819859946949104912e-01,-1.992146351068323565e-02,-4.346547382847678054e-01,-4.267929874589010963e-01,4.945383311260085346e-01,-3.491610875677104708e-01,5.222943309918108845e-01,-4.454090498194754888e-01,2.720884280036045544e-01,9.413697923192629324e-02
6.075948806993005658e-01,6.631513628307875718e-01,7.590152453885318229e-01,5.805555556075341350e-01,4.712856516016837860e-01,4.870318040272677007e-01,3.840423719479082454e-01,-6.019428149480479107e-01,5.895305854897121556e-01,4.459988962563336545e-01,6.241759580817062281e-01,6.130289274692206636e-01,-6.612044052463397215e-01,6.893338844108257701e-01,3.481696850133564336e-01,-2.190459192694710622e-01,1.000000000000000000e+00,6.366271311393035814e-01,7.389136840512651183e-01,7.189939464504223610e-01,7.535517914420052366e-01,6.457377906301061676e-01,6.025898784811656306e-01,5.141170562254965271e-01,3.254800980007043765e-01,8.304014023967650759e-01,7.281969367378332558e-01,8.154809246129202105e-01,7.824820405896040221e-01,4.129948601442038902e-01,5.486928298051667596e-01,6.775498980339135224e-01,7.776676702163423105e-01,1.914444751274239354e-01,7.998232104115881036e-01,1.281575327879200532e-01,6.598245501045725270e-01,2.385567083545453160e-01,3.002211166144118648e-01
6.270774998890459306e-01,6.570553800717067183e-01,8.166774924748172459e-01,5.860951932579999690e-01,7.838979901419136365e-01,4.922385026203092151e-01,3.417982402445430279e-01,-8.158887264543474016e-01,8.207193718157356210e-01,5.357010129662935771e-01,4.993576134160637170e-01,5.745394813581057303e-01,-7.686371214142498909e-01,6.775284366300667882e-01,2.145766189410591440e-01,-5.906690473134024871e-02,6.366271311393035814e-01,1.000000000000000000e+00,8.597445807498109716e-01,5.513735525101103319e-01,6.553990833168811259e-01,4.841592477429215724e-01,6.851942431300698244e-01,6.555510550813895554e-01,4.201248640286496250e-01,7.232609470887888525e-01,7.674086027940034693e-01,7.859850034866593393e-01,6.547131536207783098e-01,5.509542493485580783e-01,5.817130188670037727e-01,6.669213966205796984e-01,7.309171798112583662e-01,5.555744122760712944e-01,6.587105748615913470e-01,1.660448792492743852e-01,6.349789203558111605e-01,1.220820995163232753e-01,3.581135382413156987e-01
6.255289533066419327e-01,6.413340113401228004e-01,8.437788291646842742e-01,6.307316962744673461e-01,6.567510936272000777e-01,5.279275815359640855e-01,3.749157898695202329e-01,-7.431625719904659810e-01,7.088241818744948075e-01,4.451047300099477688e-01,4.340610304210490433e-01,5.742270618808584803e-01,-7.967983375189742201e-01,6.525877384833084216e-01,2.583162072193019854e-01,-2.372890044019884404e-01,7.389136840512651183e-01,8.597445807498109716e-01,1.000000000000000000e+00,7.048621953225882031e-01,7.217061047830877207e-01,5.727607055311535467e-01,6.670919714527494548e-01,6.092916025509936828e-01,3.179383662525817056e-01,7.511759072271233517e-01,7.682336351492421445e-01,8.514841160725720171e-01,7.619376371222407185e-01,4.160361587297571329e-01,6.340094975448136161e-01,7.102437844286497715e-01,8.090751352652890693e-01,3.407254578644175469e-01,7.647144114978686735e-01,5.780718503455466867e-02,6.948461206924020361e-01,7.812973918456649070e-02,2.548669817496307388e-01
4.760183291448544796e-01,5.344338783604845045e-01,7.622313510257668900e-01,7.990068943311259275e-01,2.474629669211486638e-01,4.239593917476181528e-01,3.963426244312502345e-01,-4.584730822335279510e-01,4.889175585649991329e-01,2.300809895904847580e-01,3.292351470591752260e-01,6.448130837971323137e-01,-6.179760571148159576e-01,4.988407902989089870e-01,2.595493247613711585e-01,-4.175072792655707410e-01,7.189939464504223610e-01,5.513735525101103319e-01,7.048621953225882031e-01,1.000000000000000000e+00,8.258701177668732463e-01,7.384595083445333330e-01,4.341826584865456362e-01,4.041962825214641675e-01,8.400917566012441884e-02,6.808569469433799481e-01,7.242346913160347954e-01,8.216232501191212956e-01,7.896985170788922703e-01,3.268740281448549445e-01,3.457904258271403686e-01,6.834810848677863593e-01,8.308273469848103110e-01,-1.168141129101168962e-02,8.327822378400131509e-01,-4.709489881356506737e-03,7.497000031274682064e-01,4.202971831540468911e-02,1.508017591194751872e-01
4.317705242421358558e-01,5.143190973689161227e-01,8.999358663933822999e-01,7.860411792763868366e-01,3.606258236051301802e-01,3.457632275355421725e-01,3.707621940050419007e-01,-7.011229420601242657e-01,5.841662146781974041e-01,3.406769082178619512e-01,3.795751624930340795e-01,7.249835271600044706e-01,-6.513186286011158899e-01,5.735112728617458577e-01,2.508587756918324030e-01,-2.674137929245326006e-01,7.535517914420052366e-01,6.553990833168811259e-01,7.217061047830877207e-01,8.258701177668732463e-01,1.000000000000000000e+00,8.016647964339442822e-01,4.784298201839033982e-01,4.547804558093616056e-01,1.689696439894756985e-01,7.249692003936318851e-01,7.972354889944063272e-01,8.288392000114422897e-01,7.753452424923159558e-01,4.155110575031845110e-01,4.683470506036636061e-01,6.793173702439816442e-01,8.586065934440048064e-01,2.414168507122341489e-01,8.429319608181587986e-01,2.737175335268776655e-01,7.468334115886344771e-01,6.586981252236594891e-03,2.313718969496463551e-01
3.517791171029627795e-01,4.681814849291133229e-01,7.352725253849077269e-01,6.697178533528994615e-01,1.119131750509032436e-01,4.399483611352134060e-01,6.721335761791723262e-02,-4.598294692498479663e-01,3.549650264419372814e-01,1.749106594358048328e-01,3.030102825575246017e-01,6.351225426825294340e-01,-4.882418885791565688e-01,3.834930955004027808e-01,1.565598230608379882e-01,-4.422793315842080131e-01,6.457377906301061676e-01,4.841592477429215724e-01,5.727607055311535467e-01,7.384595083445333330e-01,8.016647964339442822e-01,1.000000000000000000e+00,4.030636790908004308e-01,4.030463909180290183e-01,-8.261845102800370599e-02,6.475734070695366995e-01,7.575038002445874108e-01,7.186871909227764421e-01,7.219840489544311346e-01,1.849378499294206391e-01,3.094015044112987667e-01,7.077774121826742038e-01,8.205562472183416389e-01,-7.026981225030322353e-03,7.770657812081966931e-01,3.483026287259856357e-02,7.619523269097082663e-01,-6.206804907645518954e-02,8.887768858022103424e-02
6.694593331347415965e-01,6.882433400882457253e-01,6.104384002785696595e-01,3.630136016745337257e-01,5.368657152494659135e-01,7.155080497905841330e-01,3.232888345396192076e-01,-5.977172578059002372e-01,7.053231497831132790e-01,5.386632655742460418e-01,6.288975311966553683e-01,5.193051679923865738e-01,-7.199060338055762731e-01,7.063880208799745430e-01,3.141985823834251845e-01,-1.333774562854600845e-02,6.025898784811656306e-01,6.851942431300698244e-01,6.670919714527494548e-01,4.341826584865456362e-01,4.784298201839033982e-01,4.030636790908004308e-01,1.000000000000000000e+00,8.675329636518119836e-01,5.068525210789376345e-01,7.028741317082083384e-01,7.039730734655582634e-01,6.609092756601443464e-01,6.516598693174734391e-01,5.322022396024457258e-01,5.774467789776402959e-01,7.375598312546693958e-01,6.735297725199701491e-01,4.762952806609771494e-01,5.795343584504398793e-01,1.874371784866905588e-01,6.670402664692360872e-01,3.413891168594048175e-01,3.808278149263962242e-01
5.639626242961202074e-01,6.109569763816881105e-01,5.966459624748038371e-01,3.736472985272095704e-01,4.896935907260958620e-01,7.344287502243465049e-01,2.785157280854520523e-01,-5.812873091203620834e-01,6.342688381136343256e-01,4.059079230868968824e-01,5.780749471713616527e-01,5.256050185504937966e-01,-7.038415940190300146e-01,6.612402234941453516e-01,1.862721960158902346e-01,-1.109557144764259373e-01,5.141170562254965271e-01,6.555510550813895554e-01,6.092916025509936828e-01,4.041962825214641675e-01,4.547804558093616056e-01,4.030463909180290183e-01,8.675329636518119836e-01,1.000000000000000000e+00,3.750085634086361419e-01,6.212072269624622223e-01,7.301435168924108599e-01,5.924338257255693518e-01,6.067522904268558559e-01,4.523591315710112637e-01,5.551442190845377045e-01,7.929036135122933260e-01,6.673624002189083582e-01,4.078611774203785845e-01,5.223399539421345050e-01,1.312193470587184052e-01,7.142061567431486901e-01,2.733486471764042247e-01,3.577029876920994611e-01
5.596013908760084643e-01,5.479547566159508332e-01,2.604669158349776081e-01,6.671112674775532547e-02,5.389048065845988278e-01,2.712014946929941495e-02,2.992453986646446684e-01,-3.932429387725524528e-01,6.782924292660116317e-01,7.460763266675605188e-01,5.180470890232283798e-01,2.067774508060097327e-01,-3.971754467643572317e-01,5.817546238710229467e-01,5.207320301680407049e-01,5.881121396084425523e-01,3.254800980007043765e-01,4.201248640286496250e-01,3.179383662525817056e-01,8.400917566012441884e-02,1.689696439894756985e-01,-8.261845102800370599e-02,5.068525210789376345e-01,3.750085634086361419e-01,1.000000000000000000e+00,4.296331680734674086e-01,2.007566963484377631e-01,3.613276553368361954e-01,2.085043725974074225e-01,6.860131356512891854e-01,4.065396776812011947e-01,1.034925716946316215e-01,1.614993286077671952e-01,6.751434374042143416e-01,1.228284521607112822e-01,4.048642501563616269e-01,3.438548189809172151e-02,5.282778309576312559e-01,4.508732406629621936e-01
6.528213339406417903e-01,7.324085542076760325e-01,7.887390666179171506e-01,5.108493205438604523e-01,5.046400286437394689e-01,4.852373418671374061e-01,2.885006381293845901e-01,-6.597886428663061187e-01,7.455857412421045272e-01,5.247605309760040582e-01,6.401272784010448857e-01,7.092511598209603196e-01,-7.032806594381310061e-01,7.165216312495288342e-01,5.717412243280599604e-01,-1.437805613874027777e-01,8.304014023967650759e-01,7.232609470887888525e-01,7.511759072271233517e-01,6.808569469433799481e-01,7.249692003936318851e-01,6.475734070695366995e-01,7.028741317082083384e-01,6.212072269624622223e-01,4.296331680734674086e-01,1.000000000000000000e+00,8.136196266518381792e-01,8.650465751105982370e-01,7.876338405778881002e-01,5.001161649611992610e-01,5.626834337775628025e-01,6.897992933108181290e-01,7.903844232555300442e-01,3.419386152168928938e-01,7.854459261239757906e-01,2.030552717897652626e-01,6.664161366419624200e-01,4.529575488882319201e-01,5.332401118004445051e-01
5.000920311140877317e-01,6.167870209340933219e-01,8.539778035212709506e-01,6.391012024921753909e-01,4.681954935839572896e-01,6.464153250138218176e-01,2.665089799582174845e-01,-6.920028266366062830e-01,6.811273156382644522e-01,3.296517084336970105e-01,5.218527498309279977e-01,7.694957912311376491e-01,-7.329576212264650170e-01,6.625544265960519041e-01,2.849206889650048313e-01,-3.277541754681578823e-01,7.281969367378332558e-01,7.674086027940034693e-01,7.682336351492421445e-01,7.242346913160347954e-01,7.972354889944063272e-01,7.575038002445874108e-01,7.039730734655582634e-01,7.301435168924108599e-01,2.007566963484377631e-01,8.136196266518381792e-01,1.000000000000000000e+00,8.467026225526493866e-01,7.973962223944013328e-01,3.901979503644915637e-01,5.675143488677013570e-01,8.871828199734199671e-01,8.986580940481624369e-01,2.851587816134681375e-01,8.023422208653334664e-01,1.566844126494464084e-01,8.928335334242275545e-01,1.783990957475841965e-01,4.467415121895539909e-01
6.432930913325709543e-01,6.923143427366144076e-01,8.674511746451702976e-01,7.045737559113637305e-01,4.964806537608074666e-01,4.670057563388215205e-01,3.209141517777768793e-01,-6.746726094796924311e-01,7.617167712501239363e-01,5.056251862944947106e-01,5.126402382641025435e-01,7.106750553896542533e-01,-7.553170218151348259e-01,7.313482050436781456e-01,4.424312964590453867e-01,-2.037667891555566546e-01,8.154809246129202105e-01,7.859850034866593393e-01,8.514841160725720171e-01,8.216232501191212956e-01,8.288392000114422897e-01,7.186871909227764421e-01,6.609092756601443464e-01,5.924338257255693518e-01,3.613276553368361954e-01,8.650465751105982370e-01,8.467026225526493866e-01,1.000000000000000000e+00,8.499847299287229818e-01,4.989613253152059835e-01,5.923633145124117538e-01,7.399095614810078381e-01,8.844033929077297351e-01,3.092459409511870150e-01,8.575666703870798990e-01,1.469866118266314747e-01,7.649006171058738701e-01,1.944829298316572697e-01,3.434312630010327161e-01
5.891656575684159902e-01,6.420215487818299316e-01,7.885723064997279819e-01,7.522979617546808884e-01,3.213176167504860903e-01,5.401501867607703122e-01,2.454282442124929853e-01,-5.282642906449946940e-01,6.015365889415884570e-01,3.949407781639308612e-01,4.225954110444747336e-01,7.639342277837979367e-01,-6.779479318174584934e-01,6.964675637208515013e-01,2.618786396161766339e-01,-3.132214810679769812e-01,7.824820405896040221e-01,6.547131536207783098e-01,7.619376371222407185e-01,7.896985170788922703e-01,7.753452424923159558e-01,7.219840489544311346e-01,6.516598693174734391e-01,6.067522904268558559e-01,2.085043725974074225e-01,7.876338405778881002e-01,7.973962223944013328e-01,8.499847299287229818e-01,1.000000000000000000e+00,3.999731075612427134e-01,6.381286791177156470e-01,7.756513113724322617e-01,8.756588333511158284e-01,9.668241770039859295e-02,9.176462763013858437e-01,-3.270843759483289467e-03,7.923566028562886165e-01,7.521368087347884979e-02,2.203862347640387909e-01
7.453263771793159354e-01,6.779646604722757708e-01,4.578578826440524163e-01,4.552616018321231639e-01,4.838186714534880584e-01,1.149348951485577308e-01,3.740777947116299962e-01,-5.085795588380720433e-01,7.691685633070003414e-01,8.338153810226004437e-01,4.980513386325621239e-01,3.968645622863723466e-01,-5.178665840984889579e-01,6.366539320287737391e-01,3.026612521633957331e-01,4.819859946949104912e-01,4.129948601442038902e-01,5.509542493485580783e-01,4.160361587297571329e-01,3.268740281448549445e-01,4.155110575031845110e-01,1.849378499294206391e-01,5.322022396024457258e-01,4.523591315710112637e-01,6.860131356512891854e-01,5.001161649611992610e-01,3.901979503644915637e-01,4.989613253152059835e-01,3.999731075612427134e-01,1.000000000000000000e+00,2.945279697538903396e-01,3.154051211409023558e-01,3.638397200429211442e-01,5.724017105988229437e-01,3.709748462413554049e-01,3.730710258598316509e-01,2.725900021947769702e-01,3.483240094592860436e-01,2.671966438994388127e-01
3.639969167326518873e-01,3.889147823571047491e-01,5.908836515615577545e-01,3.447295910547673592e-01,4.592033821899147994e-01,3.534344225376959692e-01,2.013471032141219141e-01,-5.345177138852408305e-01,5.416536436800554188e-01,4.083956560463453123e-01,3.640923693453630428e-01,5.252759607063638425e-01,-6.322550829176410980e-01,6.185423596067388674e-01,2.685997506620266262e-01,-1.992146351068323565e-02,5.486928298051667596e-01,5.817130188670037727e-01,6.340094975448136161e-01,3.457904258271403686e-01,4.683470506036636061e-01,3.094015044112987667e-01,5.774467789776402959e-01,5.551442190845377045e-01,4.065396776812011947e-01,5.626834337775628025e-01,5.675143488677013570e-01,5.923633145124117538e-01,6.381286791177156470e-01,2.945279697538903396e-01,1.000000000000000000e+00,5.070929088434559251e-01,5.675370428212124230e-01,3.740277302427624795e-01,5.432209995567977012e-01,1.829359038707802920e-01,4.684978297405655301e-01,1.033902818012067126e-01,2.869260044074269378e-01
5.088778028489382432e-01,6.149566533256884959e-01,7.429006475087309713e-01,6.056525177558128581e-01,3.913395306005150731e-01,8.049977991314486436e-01,2.927173414169550458e-01,-5.707188904708943022e-01,5.348996554602968301e-01,2.435773290871064978e-01,5.288177131043757528e-01,6.705436129718294058e-01,-7.110641730464635213e-01,6.034193763824383661e-01,1.306965543602051638e-01,-4.346547382847678054e-01,6.775498980339135224e-01,6.669213966205796984e-01,7.102437844286497715e-01,6.834810848677863593e-01,6.793173702439816442e-01,7.077774121826742038e-01,7.375598312546693958e-01,7.929036135122933260e-01,1.034925716946316215e-01,6.897992933108181290e-01,8.871828199734199671e-01,7.399095614810078381e-01,7.756513113724322617e-01,3.154051211409023558e-01,5.070929088434559251e-01,1.000000000000000000e+00,8.640327654292352388e-01,1.457326515652203058e-01,7.439327598483297388e-01,-1.225152638301411565e-02,9.279280749017003727e-01,9.518215789027727192e-02,2.870042103514396370e-01
5.444020612391999858e-01,6.417488803703711442e-01,8.826276644948255479e-01,7.659764064257629235e-01,3.929008718722953875e-01,6.419921409035278526e-01,2.641937266448705635e-01,-6.414074520543407987e-01,6.148798867236434651e-01,3.138396447540760525e-01,4.571944807362669505e-01,7.778336854787277765e-01,-7.494179701649449354e-01,6.307579479350340357e-01,2.634916712762803148e-01,-4.267929874589010963e-01,7.776676702163423105e-01,7.309171798112583662e-01,8.090751352652890693e-01,8.308273469848103110e-01,8.586065934440048064e-01,8.205562472183416389e-01,6.735297725199701491e-01,6.673624002189083582e-01,1.614993286077671952e-01,7.903844232555300442e-01,8.986580940481624369e-01,8.844033929077297351e-01,8.756588333511158284e-01,3.638397200429211442e-01,5.675370428212124230e-01,8.640327654292352388e-01,1.000000000000000000e+00,1.957076028481027907e-01,8.757984600943976572e-01,4.906516826969796463e-02,8.812090001711301301e-01,5.177676471712296807e-02,2.497640563594638041e-01
3.868661471378148087e-01,3.951099874266264522e-01,4.007972449496881584e-01,4.252682242318119726e-02,6.692619900122079857e-01,7.572730665973596842e-02,2.001361161399007604e-01,-6.514891986878728058e-01,6.714753158009110212e-01,6.226438408753010023e-01,4.223676236011304486e-01,2.388900796810838612e-01,-4.513115213049126440e-01,4.433029495403903453e-01,3.439563342526341660e-01,4.945383311260085346e-01,1.914444751274239354e-01,5.555744122760712944e-01,3.407254578644175469e-01,-1.168141129101168962e-02,2.414168507122341489e-01,-7.026981225030322353e-03,4.762952806609771494e-01,4.078611774203785845e-01,6.751434374042143416e-01,3.419386152168928938e-01,2.851587816134681375e-01,3.092459409511870150e-01,9.668241770039859295e-02,5.724017105988229437e-01,3.740277302427624795e-01,1.457326515652203058e-01,1.957076028481027907e-01,1.000000000000000000e+00,7.012582662201216621e-02,5.873813601258982553e-01,1.007321847932837605e-01,3.166021120666612787e-01,4.479743141093330827e-01
5.267155911156515824e-01,5.829759873408290050e-01,8.240342297360985224e-01,7.747815794634632658e-01,3.151503318284205601e-01,4.801313041851972274e-01,2.737927418223009557e-01,-5.676410896354474600e-01,5.859788128631823190e-01,3.475060122546850261e-01,3.878208156479701629e-01,7.412057937749886305e-01,-6.527389509755342489e-01,6.370099307172104597e-01,2.300845455553725272e-01,-3.491610875677104708e-01,7.998232104115881036e-01,6.587105748615913470e-01,7.647144114978686735e-01,8.327822378400131509e-01,8.429319608181587986e-01,7.770657812081966931e-01,5.795343584504398793e-01,5.223399539421345050e-01,1.228284521607112822e-01,7.854459261239757906e-01,8.023422208653334664e-01,8.575666703870798990e-01,9.176462763013858437e-01,3.709748462413554049e-01,5.432209995567977012e-01,7.439327598483297388e-01,8.757984600943976572e-01,7.012582662201216621e-02,1.000000000000000000e+00,4.250796083463238839e-02,7.956254406028124837e-01,2.499306352359383088e-02,2.175965080611855229e-01
5.486019246217208045e-02,8.996133851880207255e-02,2.379670899247675608e-01,-4.469856094540974184e-02,2.255005017981888682e-01,-2.136209184830817343e-01,1.977872543436447472e-01,-4.010389919234200184e-01,3.646614049911154343e-01,4.163334854217771719e-01,2.495508223453661023e-01,1.911195345827164938e-01,-1.051952674225802853e-01,3.255192552791004723e-01,3.184734138374921142e-01,5.222943309918108845e-01,1.281575327879200532e-01,1.660448792492743852e-01,5.780718503455466867e-02,-4.709489881356506737e-03,2.737175335268776655e-01,3.483026287259856357e-02,1.874371784866905588e-01,1.312193470587184052e-01,4.048642501563616269e-01,2.030552717897652626e-01,1.566844126494464084e-01,1.469866118266314747e-01,-3.270843759483289467e-03,3.730710258598316509e-01,1.829359038707802920e-01,-1.225152638301411565e-02,4.906516826969796463e-02,5.873813601258982553e-01,4.250796083463238839e-02,1.000000000000000000e+00,3.001929253669833111e-02,3.022098692862222324e-01,3.993947652643863866e-01
4.273471753137396134e-01,5.320964597863128143e-01,7.661600905911488679e-01,6.706876491402524731e-01,3.066094810649179769e-01,7.166541173581864044e-01,2.617115081776571484e-01,-5.531516839083392423e-01,5.139082908387865301e-01,1.916133501858847954e-01,4.380154037284192392e-01,6.889140458711416892e-01,-6.619821825904972368e-01,5.801999687320530397e-01,1.221114610573913878e-01,-4.454090498194754888e-01,6.598245501045725270e-01,6.349789203558111605e-01,6.948461206924020361e-01,7.497000031274682064e-01,7.468334115886344771e-01,7.619523269097082663e-01,6.670402664692360872e-01,7.142061567431486901e-01,3.438548189809172151e-02,6.664161366419624200e-01,8.928335334242275545e-01,7.649006171058738701e-01,7.923566028562886165e-01,2.725900021947769702e-01,4.684978297405655301e-01,9.279280749017003727e-01,8.812090001711301301e-01,1.007321847932837605e-01,7.956254406028124837e-01,3.001929253669833111e-02,1.000000000000000000e+00,2.038568248709959896e-02,2.562782212433105666e-01
3.541058886112100623e-01,4.064957442699038692e-01,6.963418177832693401e-02,-1.983308601948120531e-01,2.701004348537884292e-01,8.886627507612346322e-02,1.240950950458441782e-01,-1.449498842493041895e-01,3.667469658718507941e-01,3.675474943472974432e-01,4.369075809825559431e-01,1.888557433444037204e-01,-2.004695191588148073e-01,3.368064736811519633e-01,6.213186715174909835e-01,2.720884280036045544e-01,2.385567083545453160e-01,1.220820995163232753e-01,7.812973918456649070e-02,4.202971831540468911e-02,6.586981252236594891e-03,-6.206804907645518954e-02,3.413891168594048175e-01,2.733486471764042247e-01,5.282778309576312559e-01,4.529575488882319201e-01,1.783990957475841965e-01,1.944829298316572697e-01,7.521368087347884979e-02,3.483240094592860436e-01,1.033902818012067126e-01,9.518215789027727192e-02,5.177676471712296807e-02,3.166021120666612787e-01,2.499306352359383088e-02,3.022098692862222324e-01,2.038568248709959896e-02,1.000000000000000000e+00,6.759321487508868076e-01
2.021974180741266391e-01,3.816262740173516077e-01,3.149281000406087272e-01,-7.373356303035692727e-02,4.232884649739353522e-01,1.932994748929907636e-01,9.631634979727493606e-02,-3.871580157956551749e-01,5.236538931698458965e-01,2.559701192750890031e-01,4.420076164393274554e-01,4.599484446457233755e-01,-2.870271532730584996e-01,4.278964829354632848e-01,5.860214899015763201e-01,9.413697923192629324e-02,3.002211166144118648e-01,3.581135382413156987e-01,2.548669817496307388e-01,1.508017591194751872e-01,2.313718969496463551e-01,8.887768858022103424e-02,3.808278149263962242e-01,3.577029876920994611e-01,4.508732406629621936e-01,5.332401118004445051e-01,4.467415121895539909e-01,3.434312630010327161e-01,2.203862347640387909e-01,2.671966438994388127e-01,2.869260044074269378e-01,2.870042103514396370e-01,2.497640563594638041e-01,4.479743141093330827e-01,2.175965080611855229e-01,3.993947652643863866e-01,2.562782212433105666e-01,6.759321487508868076e-01,1.000000000000000000e+00
