1.000000000000000000e+00,5.552518071491191476e-01,3.570069714801425986e-01,3.509730917429485508e-01,3.456418193298239072e-01,1.199299415232675664e-01,3.784013762621071808e-01,-1.413333782129283234e-01,4.839893925069271297e-01,2.082271364270347758e-01,2.593808849912948022e-01,9.332152146821930117e-02,2.536464162440725811e-01,4.028179187733350597e-01,1.412701134111743126e-02,2.178164988988189332e-01,3.806304964435344718e-01,2.062408242637338018e-01,2.554703714097665834e-01,5.000334148541881740e-01,1.567035633591693788e-01,3.492934747464500611e-01,1.988986173146074232e-01,7.316598925876442727e-02,1.539182387476702163e-01,4.801608804124379848e-01,4.054978768430016478e-01,4.712905723955351789e-01,4.202416983359488767e-01,1.239405794366300190e-01,3.021888628835735502e-01,4.026816159976404075e-01,3.113390580419400644e-01,1.344698374541357933e-01,3.347993915708310508e-01,1.568371742373533273e-01,3.882501103062753756e-01,4.077571698159947466e-01,4.627029359348285298e-01
5.552518071491191476e-01,1.000000000000000000e+00,3.611671572312079581e-01,3.490149334971588413e-01,3.345794315077527670e-01,2.222702883948702579e-01,3.152071958552117303e-01,-2.947343709508803422e-01,4.374056452295378428e-01,3.991002198038716142e-01,2.408335164421157859e-01,7.882956915648660356e-02,1.060043740964654452e-01,3.777767403597024343e-01,-9.758785690529589441e-02,4.298067444802444736e-01,1.348818063736061390e-01,3.129194459548367835e-01,2.900387679911497485e-01,3.900362133911449702e-01,2.735665928539776637e-01,3.952320294041062332e-01,3.542828607947087760e-01,2.948016533378666204e-01,3.471389477002241319e-01,4.016928720672349740e-01,3.060843325028724804e-01,3.489812749041692475e-01,3.531029333001247661e-01,3.428076124224964660e-01,3.029783890140775315e-01,3.452868221164022700e-01,3.748354924667302024e-01,1.639651338839529238e-01,3.685305625529918250e-01,3.431763083530801062e-01,3.749504450995800875e-01,1.466305233306587075e-01,3.417389666026305339e-01
3.570069714801425986e-01,3.611671572312079581e-01,1.000000000000000000e+00,4.766858368666999635e-01,5.960218727813934025e-01,7.452416441743599240e-02,5.010987443576817579e-01,-4.737452004864802779e-01,5.249580613329600798e-01,3.203399455840214016e-01,2.299688827078362197e-01,1.900370429043304610e-01,1.931128648776253565e-01,4.510070956880209425e-01,-1.594577975105455347e-01,3.096031687582864178e-01,1.928906575140574564e-01,3.555497635107529586e-01,5.236447613255789113e-01,5.276236184478182434e-01,2.095959182750075367e-01,4.555879090897593797e-01,3.333251317232820421e-01,2.886495028922208550e-01,3.406870369760939821e-01,5.253131106384417714e-01,4.760427852660440440e-01,5.148732848072198331e-01,3.729845087267707471e-01,2.116096970746082495e-01,5.329325310216190825e-01,4.350339207923679119e-01,4.687969319286720005e-01,2.867885904741642733e-01,4.123292086396510570e-01,3.157727964841240409e-01,4.300669396245923592e-01,2.165244213634653359e-01,2.732819388114088310e-01
3.509730917429485508e-01,3.490149334971588413e-01,4.766858368666999635e-01,1.000000000000000000e+00,4.543916152235496497e-01,1.858337854189238414e-01,5.089893018102966682e-01,-2.503688520978730736e-01,4.946710337232895771e-01,3.388449660818337317e-01,3.034769720108076441e-01,-4.063937577242368593e-03,3.968972772605594002e-01,4.217308090289759726e-01,-2.612681571934520885e-01,3.011335364486629196e-01,2.877875190249611914e-01,3.979634176295606673e-01,4.330467411790042132e-01,5.379815735314041891e-01,2.263796549575195771e-01,4.709835581876790078e-01,3.758085447454803107e-01,2.915124260984013893e-01,3.311409342903671171e-01,4.285034587090290059e-01,3.899758201359084242e-01,5.082374100182549537e-01,4.569996755499257657e-01,2.391007871791675510e-01,3.700543690533180663e-01,4.810163166149558633e-01,4.655149915896907853e-01,6.481256545704307259e-02,4.530364054087900882e-01,2.539847160708148532e-01,4.553135356803886258e-01,1.892944165307285098e-01,3.426521984767701978e-01
3.456418193298239072e-01,3.345794315077527670e-01,5.960218727813934025e-01,4.543916152235496497e-01,1.000000000000000000e+00,1.197709360767087172e-01,3.736204748481765647e-01,-4.634112232918422003e-01,5.057571733145627135e-01,2.836914176920772857e-01,2.612408473731310798e-01,5.549735713246031765e-02,1.935222505348752897e-01,3.663266320014696986e-01,-6.395932174012954052e-02,2.500707105649622730e-01,1.906441215892528407e-01,4.250533828303984518e-01,4.572457632685884010e-01,4.717776689056871198e-01,2.404508672833463034e-01,3.605431112906535840e-01,2.883454372941705035e-01,2.239225397150124697e-01,2.670576241057578404e-01,4.331907229317440988e-01,3.084673426480616931e-01,4.004197163452852815e-01,3.145350545135393028e-01,2.363992791064880583e-01,3.271381391845941677e-01,3.224638142691489406e-01,3.494960237412743087e-01,3.986542419458873887e-01,2.895187407289737669e-01,2.438423375211131450e-01,3.219338267346542604e-01,2.162179648567302825e-01,2.388610103553245045e-01
1.199299415232675664e-01,2.222702883948702579e-01,7.452416441743599240e-02,1.858337854189238414e-01,1.197709360767087172e-01,1.000000000000000000e+00,4.748132022548142567e-02,-2.070341689713812439e-01,1.433790474334137310e-01,4.348467750959068012e-01,4.828654863232269001e-01,-1.958282809875483144e-01,9.929567039877322532e-02,3.195751549874470965e-01,-2.567314771581056254e-01,3.562408931742550577e-01,-5.419768884372797718e-02,4.692411405112899558e-01,-5.121402052082681816e-02,2.487734877120143795e-01,6.022349562897078012e-01,4.411182491851375342e-01,5.334743640454819857e-01,5.077930409218712748e-01,5.252319203423456706e-01,1.618859124269544369e-01,4.275734238167071960e-02,4.178110694777505824e-02,4.699063110209841798e-01,4.499206581347239831e-01,-1.021024825165567362e-01,3.442252261473701114e-01,4.114273393208041085e-01,-7.036089515873673872e-02,4.144718200915198936e-01,3.314519878237448536e-01,3.886583557417305768e-01,-6.247113919524085318e-02,-7.171767153919331172e-02
3.784013762621071808e-01,3.152071958552117303e-01,5.010987443576817579e-01,5.089893018102966682e-01,3.736204748481765647e-01,4.748132022548142567e-02,1.000000000000000000e+00,-4.875404430239232978e-02,5.344193232757569190e-01,1.888552378363758111e-01,1.937694149740284422e-01,1.423447974014023232e-01,4.458718680898641207e-01,5.255091550397553712e-01,-1.420653880948651582e-01,2.241449114789218766e-01,3.885860696167093842e-01,3.184255523070155802e-01,3.850806326214063491e-01,5.580225422134986735e-01,1.179722765735508570e-02,3.939102061412341760e-01,2.323475206841204843e-01,1.984589027384127402e-01,2.106851364464114584e-01,5.768551034996681759e-01,5.512628777536184854e-01,6.155639900717283508e-01,4.856157915337817044e-01,1.178277509194114100e-02,5.693224275077722885e-01,5.727562314610235017e-01,4.990539746066911531e-01,-1.331469058941626427e-01,5.405407434599749372e-01,1.815985606011481512e-01,5.548232999876527849e-01,2.631512796715310687e-01,2.262544373700754452e-01
-1.413333782129283234e-01,-2.947343709508803422e-01,-4.737452004864802779e-01,-2.503688520978730736e-01,-4.634112232918422003e-01,-2.070341689713812439e-01,-4.875404430239232978e-02,1.000000000000000000e+00,-2.056521077674585973e-01,-3.957606650670669746e-01,-2.230963095736982482e-01,5.477453937317790233e-02,2.062413238335059629e-01,-1.326153945803241752e-01,2.504464643841619043e-01,-3.212337512764519842e-01,2.338264215144667812e-01,-3.445807535766268748e-01,-3.451717812870626623e-01,-1.772560648822454621e-01,-3.897735707850880638e-01,-3.035259018588604696e-01,-3.767484251085520541e-01,-3.407402900061552442e-01,-3.900038899360396827e-01,-1.569024208834631506e-01,-8.254903673780507323e-02,-5.570355105967896014e-02,-1.001226821846185749e-01,-4.402823140384781175e-01,-1.479423996942807462e-01,-8.864069887229235334e-02,-2.326339791968058957e-01,-4.698769081526756319e-01,-1.508498741713765745e-01,-3.266315293391315322e-01,-1.092370912005708322e-01,1.009330051854946675e-01,-1.302067096427861614e-01
4.839893925069271297e-01,4.374056452295378428e-01,5.249580613329600798e-01,4.946710337232895771e-01,5.057571733145627135e-01,1.433790474334137310e-01,5.344193232757569190e-01,-2.056521077674585973e-01,1.000000000000000000e+00,2.601446631610005999e-01,2.919703702751944574e-01,2.074671425487647491e-01,3.882577981401975631e-01,5.180351878779834163e-01,5.726478458462531951e-02,2.662689046764109557e-01,3.951651897450369488e-01,3.743563708601059248e-01,4.466229930255605773e-01,6.014740229146392503e-01,1.758843154095076911e-01,4.297456275521301383e-01,2.835697386013691923e-01,2.001982286358299501e-01,2.670255780885414376e-01,6.273860744708336101e-01,4.867966517383980340e-01,5.639783067850371312e-01,4.877054280994670976e-01,1.379418112083831138e-01,4.956321322123856121e-01,5.028144874495776850e-01,4.610085885751666890e-01,1.931205939996560039e-01,4.643735903498933948e-01,2.220110936655345923e-01,5.092282137405143017e-01,3.949800626436845707e-01,4.423479003111450703e-01
2.082271364270347758e-01,3.991002198038716142e-01,3.203399455840214016e-01,3.388449660818337317e-01,2.836914176920772857e-01,4.348467750959068012e-01,1.888552378363758111e-01,-3.957606650670669746e-01,2.601446631610005999e-01,1.000000000000000000e+00,3.488338080784471051e-01,-1.522916471348847445e-01,5.536506028892436426e-02,3.362666297124720649e-01,-2.446893370616761709e-01,6.599898925796521265e-01,-2.427395751635993970e-02,4.265545280718551213e-01,2.424846072517229667e-01,3.224955673946661161e-01,5.371803068570890627e-01,4.871112823650765034e-01,6.290535253784997893e-01,6.248167320107484990e-01,6.369273075024117770e-01,2.372439828969276909e-01,1.012668814202636186e-01,1.902227412835993114e-01,3.550831853275220329e-01,6.485168104754340801e-01,1.104145287127220459e-01,2.773664843374153421e-01,5.314613434380812684e-01,1.120074603381671918e-01,3.906383602028187241e-01,6.207693882485886272e-01,3.624429232297661230e-01,-1.131483785838296452e-01,9.969259262942214983e-02
2.593808849912948022e-01,2.408335164421157859e-01,2.299688827078362197e-01,3.034769720108076441e-01,2.612408473731310798e-01,4.828654863232269001e-01,1.937694149740284422e-01,-2.230963095736982482e-01,2.919703702751944574e-01,3.488338080784471051e-01,1.000000000000000000e+00,-1.528799556997473552e-01,2.149516873106142034e-01,3.691562818800551149e-01,-2.100650486258701377e-01,2.730756845654465081e-01,1.430792768903931533e-01,3.669442115260688753e-01,1.588413071967907930e-01,3.969650270835577976e-01,4.512895415684787803e-01,4.739703439133862717e-01,4.195234565830442408e-01,3.649275847758894908e-01,4.138037090641991100e-01,2.956919316265658182e-01,1.800550615762373519e-01,2.408091725256343574e-01,4.840265590522277450e-01,3.064034043408834784e-01,6.637935525604157783e-02,3.804851556921690636e-01,4.089897177406807138e-01,2.227613162500295327e-02,3.977181736208081353e-01,2.537556828956049615e-01,3.995846996826091790e-01,1.480727184580414857e-01,1.522628493870922528e-01
9.332152146821930117e-02,7.882956915648660356e-02,1.900370429043304610e-01,-4.063937577242368593e-03,5.549735713246031765e-02,-1.958282809875483144e-01,1.423447974014023232e-01,5.477453937317790233e-02,2.074671425487647491e-01,-1.522916471348847445e-01,-1.528799556997473552e-01,1.000000000000000000e+00,9.434583975555872748e-02,2.152535929293122596e-01,2.225210883383486049e-01,-8.045170617186088446e-02,1.134648523257754255e-01,-1.628478252415166694e-01,6.905633651079154389e-02,7.898088868064762069e-02,-1.942939537550989471e-01,2.018387178832066822e-02,-8.327405562508929937e-02,-8.006903560229090833e-02,-6.561711391407275273e-02,2.047913100034538247e-01,4.411668211920533045e-01,2.155974897890713948e-01,5.296210679128878634e-02,-2.643087610751640448e-01,3.738536803231594097e-01,1.997019631213816648e-01,6.465695351936937008e-02,7.387640129849017134e-02,1.033362460341568784e-01,-1.799743084121692080e-02,1.634699416904105695e-01,3.441404161483018753e-01,1.613772460387772889e-01
2.536464162440725811e-01,1.060043740964654452e-01,1.931128648776253565e-01,3.968972772605594002e-01,1.935222505348752897e-01,9.929567039877322532e-02,4.458718680898641207e-01,2.062413238335059629e-01,3.882577981401975631e-01,5.536506028892436426e-02,2.149516873106142034e-01,9.434583975555872748e-02,1.000000000000000000e+00,3.973626754106031611e-01,4.279058692116819579e-02,9.606327920598073389e-02,5.133919752675777382e-01,2.106740228345952426e-01,1.439595649290396906e-01,4.514705336405029912e-01,-1.297487621054536043e-02,2.685387102123903968e-01,1.273605587996031741e-01,1.069229944637885704e-01,7.815150596084390056e-02,3.840195829726429366e-01,3.366935431197323747e-01,4.704175766431411554e-01,4.316059906645245414e-01,-7.530514315638182909e-02,2.299202743644918889e-01,4.277927165817746458e-01,3.374093293290345574e-01,-2.328661811591908049e-01,3.762827922657002722e-01,1.046885758882700468e-01,4.072622334845785175e-01,3.410598427854734660e-01,1.721413477772201217e-01
4.028179187733350597e-01,3.777767403597024343e-01,4.510070956880209425e-01,4.217308090289759726e-01,3.663266320014696986e-01,3.195751549874470965e-01,5.255091550397553712e-01,-1.326153945803241752e-01,5.180351878779834163e-01,3.362666297124720649e-01,3.691562818800551149e-01,2.152535929293122596e-01,3.973626754106031611e-01,1.000000000000000000e+00,-6.404193451463151276e-02,3.604884098777692558e-01,3.459160357712098843e-01,3.792467581434198487e-01,2.383297908412978228e-01,5.608573427217944385e-01,2.763717478003812067e-01,5.223790814776294589e-01,4.452465861034508587e-01,3.948905693496115865e-01,4.048367003808699960e-01,5.562993744368758264e-01,5.210756146091621854e-01,5.531907304619263499e-01,6.170281013618600374e-01,1.890280491816572483e-01,4.155171414042158617e-01,6.224993701274429414e-01,5.840692026049880692e-01,-5.981492136852971375e-02,5.923223318548658245e-01,3.613271643333313410e-01,6.371635443721037628e-01,3.262733692079040626e-01,1.897573302135927287e-01
1.412701134111743126e-02,-9.758785690529589441e-02,-1.594577975105455347e-01,-2.612681571934520885e-01,-6.395932174012954052e-02,-2.567314771581056254e-01,-1.420653880948651582e-01,2.504464643841619043e-01,5.726478458462531951e-02,-2.446893370616761709e-01,-2.100650486258701377e-01,2.225210883383486049e-01,4.279058692116819579e-02,-6.404193451463151276e-02,1.000000000000000000e+00,-1.644854458482564730e-01,2.445895121430316232e-01,-2.470385081008171224e-01,-1.531552058631293067e-01,-1.122157024961576155e-01,-2.869191843757482041e-01,-2.670971527336563622e-01,-2.892675270910597951e-01,-2.592344215046683553e-01,-3.108037445656787745e-01,4.844286393944249175e-02,-9.638724252565585016e-02,-1.878909258661022944e-02,-1.614092213236544560e-01,-2.317897385856265147e-01,-9.388810689407407761e-02,-2.204617823093872053e-01,-2.327238949249245958e-01,1.562047694647920315e-01,-2.578391757812341645e-01,-8.900589419825405413e-02,-1.963556272253327573e-01,3.364312585920207765e-01,4.976614013923597035e-02
2.178164988988189332e-01,4.298067444802444736e-01,3.096031687582864178e-01,3.011335364486629196e-01,2.500707105649622730e-01,3.562408931742550577e-01,2.241449114789218766e-01,-3.212337512764519842e-01,2.662689046764109557e-01,6.599898925796521265e-01,2.730756845654465081e-01,-8.045170617186088446e-02,9.606327920598073389e-02,3.604884098777692558e-01,-1.644854458482564730e-01,1.000000000000000000e+00,1.713518727705147515e-02,3.863937885434474140e-01,2.034925097993799947e-01,3.163230970676962350e-01,4.575752271077085931e-01,4.577650476884915220e-01,5.887017625041691682e-01,6.193101635441100594e-01,5.890785071299785569e-01,2.557879508626736964e-01,1.259440086155833860e-01,2.232730669398929058e-01,3.290944419750669869e-01,5.947767878622960414e-01,1.535864435064439315e-01,2.735553405995808651e-01,5.429003459306895873e-01,4.515583908257860685e-02,3.919515450183744254e-01,6.519094331491217531e-01,3.745327773571282548e-01,-9.156054017165023151e-02,5.493730578943178955e-02
3.806304964435344718e-01,1.348818063736061390e-01,1.928906575140574564e-01,2.877875190249611914e-01,1.906441215892528407e-01,-5.419768884372797718e-02,3.885860696167093842e-01,2.338264215144667812e-01,3.951651897450369488e-01,-2.427395751635993970e-02,1.430792768903931533e-01,1.134648523257754255e-01,5.133919752675777382e-01,3.459160357712098843e-01,2.445895121430316232e-01,1.713518727705147515e-02,1.000000000000000000e+00,3.832414300562492215e-02,1.621891856775450891e-01,4.695822459222566692e-01,-1.017210624050174511e-01,2.403989392864065988e-01,-3.881733850425783672e-02,-9.556899124071571716e-02,-5.572765320308413484e-02,4.229627041485014005e-01,3.164966072930309182e-01,5.276800045250507054e-01,3.429320786850729164e-01,-1.511106636872299458e-01,2.468838194974259936e-01,3.164768514973561597e-01,2.231660602485587841e-01,-7.693620071477999534e-02,2.038609929437414370e-01,3.250167023639642661e-02,2.994270833630890416e-01,4.855660795821816755e-01,3.076667932605948175e-01
2.062408242637338018e-01,3.129194459548367835e-01,3.555497635107529586e-01,3.979634176295606673e-01,4.250533828303984518e-01,4.692411405112899558e-01,3.184255523070155802e-01,-3.445807535766268748e-01,3.743563708601059248e-01,4.265545280718551213e-01,3.669442115260688753e-01,-1.628478252415166694e-01,2.106740228345952426e-01,3.792467581434198487e-01,-2.470385081008171224e-01,3.863937885434474140e-01,3.832414300562492215e-02,1.000000000000000000e+00,2.090434014409933705e-01,4.052451510557000813e-01,4.578583143884711326e-01,4.222029256312361811e-01,4.730106464344961958e-01,4.635517394489574450e-01,4.232916239407759629e-01,3.483506101870833538e-01,1.682933154182533197e-01,2.399396755097398803e-01,4.442068964418488530e-01,4.024108777571024365e-01,1.603837112615315308e-01,3.887069921936870953e-01,4.671719712996943996e-01,4.007257197500457835e-02,4.656363121149831863e-01,3.275023102464576508e-01,4.270189289381169373e-01,-5.924563681243637941e-02,1.280099548896670297e-02
2.554703714097665834e-01,2.900387679911497485e-01,5.236447613255789113e-01,4.330467411790042132e-01,4.572457632685884010e-01,-5.121402052082681816e-02,3.850806326214063491e-01,-3.451717812870626623e-01,4.466229930255605773e-01,2.424846072517229667e-01,1.588413071967907930e-01,6.905633651079154389e-02,1.439595649290396906e-01,2.383297908412978228e-01,-1.531552058631293067e-01,2.034925097993799947e-01,1.621891856775450891e-01,2.090434014409933705e-01,1.000000000000000000e+00,4.063912417431514434e-01,9.145133901756902217e-02,2.730808446830731984e-01,1.908910394971789493e-01,1.404830176415494958e-01,2.453981223260975064e-01,3.806838553199534680e-01,2.860503992197391820e-01,3.837318014435306956e-01,2.093155635324953912e-01,1.472291031270084871e-01,4.729792383441498993e-01,2.246401463670324450e-01,3.029416303408852262e-01,3.002495857992699135e-01,2.628057508319287527e-01,1.613497102184224818e-01,2.561238645758522336e-01,5.990160405061040888e-02,3.729720431862447727e-01
5.000334148541881740e-01,3.900362133911449702e-01,5.276236184478182434e-01,5.379815735314041891e-01,4.717776689056871198e-01,2.487734877120143795e-01,5.580225422134986735e-01,-1.772560648822454621e-01,6.014740229146392503e-01,3.224955673946661161e-01,3.969650270835577976e-01,7.898088868064762069e-02,4.514705336405029912e-01,5.608573427217944385e-01,-1.122157024961576155e-01,3.163230970676962350e-01,4.695822459222566692e-01,4.052451510557000813e-01,4.063912417431514434e-01,1.000000000000000000e+00,2.907679052724256863e-01,5.709390374875574770e-01,3.563310493507246823e-01,2.767618627422359090e-01,3.455813603167596781e-01,6.023052742806406235e-01,4.932436130230056781e-01,6.283347859453167761e-01,5.992481083217421345e-01,1.794518892397762300e-01,4.400508639412374357e-01,5.820686107640017370e-01,5.625339786311817081e-01,5.663484693701596739e-02,5.299745495950975993e-01,2.822146465237780899e-01,5.888684730916747823e-01,3.628461717901029782e-01,3.620691526878673239e-01
1.567035633591693788e-01,2.735665928539776637e-01,2.095959182750075367e-01,2.263796549575195771e-01,2.404508672833463034e-01,6.022349562897078012e-01,1.179722765735508570e-02,-3.897735707850880638e-01,1.758843154095076911e-01,5.371803068570890627e-01,4.512895415684787803e-01,-1.942939537550989471e-01,-1.297487621054536043e-02,2.763717478003812067e-01,-2.869191843757482041e-01,4.575752271077085931e-01,-1.017210624050174511e-01,4.578583143884711326e-01,9.145133901756902217e-02,2.907679052724256863e-01,1.000000000000000000e+00,4.946967596650851395e-01,5.619679808532473952e-01,5.364983715551484567e-01,5.741858583205110556e-01,1.620188258886075261e-01,4.046977104108611528e-02,6.692970383755802999e-02,3.931888915097401793e-01,5.485100046583303302e-01,-5.602529992220497274e-02,2.771114889255118507e-01,4.328257792444670793e-01,1.525511589732029272e-01,3.430395970722340815e-01,4.316733731879587310e-01,3.387059814150115145e-01,-1.014684976790320575e-01,2.763043947518252497e-02
3.492934747464500611e-01,3.952320294041062332e-01,4.555879090897593797e-01,4.709835581876790078e-01,3.605431112906535840e-01,4.411182491851375342e-01,3.939102061412341760e-01,-3.035259018588604696e-01,4.297456275521301383e-01,4.871112823650765034e-01,4.739703439133862717e-01,2.018387178832066822e-02,2.685387102123903968e-01,5.223790814776294589e-01,-2.670971527336563622e-01,4.577650476884915220e-01,2.403989392864065988e-01,4.222029256312361811e-01,2.730808446830731984e-01,5.709390374875574770e-01,4.946967596650851395e-01,1.000000000000000000e+00,5.158807249484455015e-01,4.786324459953280042e-01,5.494787327702453927e-01,4.643960525321129684e-01,3.928456992395767400e-01,4.711667231757020180e-01,5.677476860178624074e-01,3.733492375734078772e-01,3.199513781143940583e-01,5.431156705662079087e-01,6.052827939058736950e-01,3.709094641658876312e-02,5.326798741935557802e-01,4.401122154007090503e-01,5.615694391605906555e-01,1.766479451262052691e-01,2.264381510398115471e-01
1.988986173146074232e-01,3.542828607947087760e-01,3.333251317232820421e-01,3.758085447454803107e-01,2.883454372941705035e-01,5.334743640454819857e-01,2.323475206841204843e-01,-3.767484251085520541e-01,2.835697386013691923e-01,6.290535253784997893e-01,4.195234565830442408e-01,-8.327405562508929937e-02,1.273605587996031741e-01,4.452465861034508587e-01,-2.892675270910597951e-01,5.887017625041691682e-01,-3.881733850425783672e-02,4.730106464344961958e-01,1.908910394971789493e-01,3.563310493507246823e-01,5.619679808532473952e-01,5.158807249484455015e-01,1.000000000000000000e+00,6.526489512515102343e-01,6.565220185782089102e-01,2.609165405022871309e-01,1.911214620581065948e-01,2.143293095956134431e-01,4.731152384717656756e-01,5.907684149090109971e-01,1.291237002627680097e-01,4.068924694956285171e-01,5.667692299182577331e-01,3.578767140781475425e-02,4.952834310699908982e-01,5.576050124738513025e-01,4.658378822789053797e-01,-3.938898352880722958e-02,6.470012282769832535e-02
7.316598925876442727e-02,2.948016533378666204e-01,2.886495028922208550e-01,2.915124260984013893e-01,2.239225397150124697e-01,5.077930409218712748e-01,1.984589027384127402e-01,-3.407402900061552442e-01,2.001982286358299501e-01,6.248167320107484990e-01,3.649275847758894908e-01,-8.006903560229090833e-02,1.069229944637885704e-01,3.948905693496115865e-01,-2.592344215046683553e-01,6.193101635441100594e-01,-9.556899124071571716e-02,4.635517394489574450e-01,1.404830176415494958e-01,2.767618627422359090e-01,5.364983715551484567e-01,4.786324459953280042e-01,6.526489512515102343e-01,1.000000000000000000e+00,6.496668349799215036e-01,2.264763537107018221e-01,1.355676773396826684e-01,1.572246004783317275e-01,4.096240396446547694e-01,5.751231972772608003e-01,1.047090820432799996e-01,3.466954637178667475e-01,5.675997863113485531e-01,-2.456565539351337341e-02,4.746235686982133162e-01,6.072222662670295756e-01,4.246696304836286018e-01,-1.358058636922175044e-01,-8.561002041769817661e-02
1.539182387476702163e-01,3.471389477002241319e-01,3.406870369760939821e-01,3.311409342903671171e-01,2.670576241057578404e-01,5.252319203423456706e-01,2.106851364464114584e-01,-3.900038899360396827e-01,2.670255780885414376e-01,6.369273075024117770e-01,4.138037090641991100e-01,-6.561711391407275273e-02,7.815150596084390056e-02,4.048367003808699960e-01,-3.108037445656787745e-01,5.890785071299785569e-01,-5.572765320308413484e-02,4.232916239407759629e-01,2.453981223260975064e-01,3.455813603167596781e-01,5.741858583205110556e-01,5.494787327702453927e-01,6.565220185782089102e-01,6.496668349799215036e-01,1.000000000000000000e+00,2.765586383993661190e-01,1.973140086022696083e-01,2.014611906349933756e-01,4.428585538962476198e-01,5.752963065365863660e-01,1.647122494827415462e-01,3.827566980959611342e-01,5.773938582624515981e-01,7.194898068887643772e-02,4.812019295091354287e-01,5.646507657961581383e-01,4.577299587500082700e-01,-8.238325403387482260e-02,6.160683353206698049e-02
4.801608804124379848e-01,4.016928720672349740e-01,5.253131106384417714e-01,4.285034587090290059e-01,4.331907229317440988e-01,1.618859124269544369e-01,5.768551034996681759e-01,-1.569024208834631506e-01,6.273860744708336101e-01,2.372439828969276909e-01,2.956919316265658182e-01,2.047913100034538247e-01,3.840195829726429366e-01,5.562993744368758264e-01,4.844286393944249175e-02,2.557879508626736964e-01,4.229627041485014005e-01,3.483506101870833538e-01,3.806838553199534680e-01,6.023052742806406235e-01,1.620188258886075261e-01,4.643960525321129684e-01,2.609165405022871309e-01,2.264763537107018221e-01,2.765586383993661190e-01,1.000000000000000000e+00,5.435641341052684927e-01,6.076446784252304001e-01,5.377468894671333377e-01,8.782457449603914279e-02,5.336751060951538950e-01,5.502640212987850443e-01,5.109462877845232232e-01,7.546999116007205299e-02,5.234613330836980216e-01,2.476267701880584260e-01,5.486378310015919135e-01,3.947836890902728380e-01,3.448394529607519132e-01
4.054978768430016478e-01,3.060843325028724804e-01,4.760427852660440440e-01,3.899758201359084242e-01,3.084673426480616931e-01,4.275734238167071960e-02,5.512628777536184854e-01,-8.254903673780507323e-02,4.867966517383980340e-01,1.012668814202636186e-01,1.800550615762373519e-01,4.411668211920533045e-01,3.366935431197323747e-01,5.210756146091621854e-01,-9.638724252565585016e-02,1.259440086155833860e-01,3.164966072930309182e-01,1.682933154182533197e-01,2.860503992197391820e-01,4.932436130230056781e-01,4.046977104108611528e-02,3.928456992395767400e-01,1.911214620581065948e-01,1.355676773396826684e-01,1.973140086022696083e-01,5.435641341052684927e-01,1.000000000000000000e+00,5.536309849608515021e-01,4.607833364780848373e-01,-8.818978707971593389e-02,5.804442400577989325e-01,5.878949096387234841e-01,4.413535791132984221e-01,-2.573859359688682527e-02,4.945960792189289523e-01,1.297182720848455151e-01,5.430686254570390448e-01,4.097564587694789706e-01,3.199166659863049711e-01
4.712905723955351789e-01,3.489812749041692475e-01,5.148732848072198331e-01,5.082374100182549537e-01,4.004197163452852815e-01,4.178110694777505824e-02,6.155639900717283508e-01,-5.570355105967896014e-02,5.639783067850371312e-01,1.902227412835993114e-01,2.408091725256343574e-01,2.155974897890713948e-01,4.704175766431411554e-01,5.531907304619263499e-01,-1.878909258661022944e-02,2.232730669398929058e-01,5.276800045250507054e-01,2.399396755097398803e-01,3.837318014435306956e-01,6.283347859453167761e-01,6.692970383755802999e-02,4.711667231757020180e-01,2.143293095956134431e-01,1.572246004783317275e-01,2.014611906349933756e-01,6.076446784252304001e-01,5.536309849608515021e-01,1.000000000000000000e+00,5.077289318810684904e-01,1.885501340813418997e-02,5.343120697542650399e-01,5.530445274369280018e-01,4.818527905953275403e-01,-1.146479426452838481e-03,4.652047087743882425e-01,2.144410337518770637e-01,5.250710975279354598e-01,4.170656074097608412e-01,3.521445684792037234e-01
4.202416983359488767e-01,3.531029333001247661e-01,3.729845087267707471e-01,4.569996755499257657e-01,3.145350545135393028e-01,4.699063110209841798e-01,4.856157915337817044e-01,-1.001226821846185749e-01,4.877054280994670976e-01,3.550831853275220329e-01,4.840265590522277450e-01,5.296210679128878634e-02,4.316059906645245414e-01,6.170281013618600374e-01,-1.614092213236544560e-01,3.290944419750669869e-01,3.429320786850729164e-01,4.442068964418488530e-01,2.093155635324953912e-01,5.992481083217421345e-01,3.931888915097401793e-01,5.677476860178624074e-01,4.731152384717656756e-01,4.096240396446547694e-01,4.428585538962476198e-01,5.377468894671333377e-01,4.607833364780848373e-01,5.077289318810684904e-01,1.000000000000000000e+00,2.328645387233604369e-01,3.066214452074476626e-01,6.491161417687474344e-01,6.019153885565817763e-01,-1.250452673782014024e-01,6.375987216730182316e-01,3.055889938916357962e-01,6.603464643054439698e-01,2.961833990992450705e-01,2.037376030804748106e-01
1.239405794366300190e-01,3.428076124224964660e-01,2.116096970746082495e-01,2.391007871791675510e-01,2.363992791064880583e-01,4.499206581347239831e-01,1.178277509194114100e-02,-4.402823140384781175e-01,1.379418112083831138e-01,6.485168104754340801e-01,3.064034043408834784e-01,-2.643087610751640448e-01,-7.530514315638182909e-02,1.890280491816572483e-01,-2.317897385856265147e-01,5.947767878622960414e-01,-1.511106636872299458e-01,4.024108777571024365e-01,1.472291031270084871e-01,1.794518892397762300e-01,5.485100046583303302e-01,3.733492375734078772e-01,5.907684149090109971e-01,5.751231972772608003e-01,5.752963065365863660e-01,8.782457449603914279e-02,-8.818978707971593389e-02,1.885501340813418997e-02,2.328645387233604369e-01,1.000000000000000000e+00,-6.792730263658698642e-02,1.157837809974264220e-01,3.854511297843190021e-01,1.726293763908008372e-01,2.504737795607659967e-01,5.549135964203965043e-01,2.000359871380201771e-01,-2.005733233811478333e-01,4.001109145673956147e-02
3.021888628835735502e-01,3.029783890140775315e-01,5.329325310216190825e-01,3.700543690533180663e-01,3.271381391845941677e-01,-1.021024825165567362e-01,5.693224275077722885e-01,-1.479423996942807462e-01,4.956321322123856121e-01,1.104145287127220459e-01,6.637935525604157783e-02,3.738536803231594097e-01,2.299202743644918889e-01,4.155171414042158617e-01,-9.388810689407407761e-02,1.535864435064439315e-01,2.468838194974259936e-01,1.603837112615315308e-01,4.729792383441498993e-01,4.400508639412374357e-01,-5.602529992220497274e-02,3.199513781143940583e-01,1.291237002627680097e-01,1.047090820432799996e-01,1.647122494827415462e-01,5.336751060951538950e-01,5.804442400577989325e-01,5.343120697542650399e-01,3.066214452074476626e-01,-6.792730263658698642e-02,1.000000000000000000e+00,4.480181372410292906e-01,3.937894684203728790e-01,3.122213358224053964e-02,4.198155226822615771e-01,1.313839020456641637e-01,4.312115838263794187e-01,2.453831916721199158e-01,3.026744308472215650e-01
4.026816159976404075e-01,3.452868221164022700e-01,4.350339207923679119e-01,4.810163166149558633e-01,3.224638142691489406e-01,3.442252261473701114e-01,5.727562314610235017e-01,-8.864069887229235334e-02,5.028144874495776850e-01,2.773664843374153421e-01,3.804851556921690636e-01,1.997019631213816648e-01,4.277927165817746458e-01,6.224993701274429414e-01,-2.204617823093872053e-01,2.735553405995808651e-01,3.164768514973561597e-01,3.887069921936870953e-01,2.246401463670324450e-01,5.820686107640017370e-01,2.771114889255118507e-01,5.431156705662079087e-01,4.068924694956285171e-01,3.466954637178667475e-01,3.827566980959611342e-01,5.502640212987850443e-01,5.878949096387234841e-01,5.530445274369280018e-01,6.491161417687474344e-01,1.157837809974264220e-01,4.480181372410292906e-01,1.000000000000000000e+00,5.876107355418236367e-01,-1.532473928290117582e-01,6.416784620591063915e-01,2.448048526262231739e-01,6.741125761343005340e-01,3.151858517789784542e-01,2.033408999096688041e-01
3.113390580419400644e-01,3.748354924667302024e-01,4.687969319286720005e-01,4.655149915896907853e-01,3.494960237412743087e-01,4.114273393208041085e-01,4.990539746066911531e-01,-2.326339791968058957e-01,4.610085885751666890e-01,5.314613434380812684e-01,4.089897177406807138e-01,6.465695351936937008e-02,3.374093293290345574e-01,5.840692026049880692e-01,-2.327238949249245958e-01,5.429003459306895873e-01,2.231660602485587841e-01,4.671719712996943996e-01,3.029416303408852262e-01,5.625339786311817081e-01,4.328257792444670793e-01,6.052827939058736950e-01,5.667692299182577331e-01,5.675997863113485531e-01,5.773938582624515981e-01,5.109462877845232232e-01,4.413535791132984221e-01,4.818527905953275403e-01,6.019153885565817763e-01,3.854511297843190021e-01,3.937894684203728790e-01,5.876107355418236367e-01,1.000000000000000000e+00,-8.365509249181803109e-02,6.387544373422207045e-01,5.152519521934623148e-01,6.432414182471355435e-01,1.247679950187478570e-01,1.279999362947638886e-01
1.344698374541357933e-01,1.639651338839529238e-01,2.867885904741642733e-01,6.481256545704307259e-02,3.986542419458873887e-01,-7.036089515873673872e-02,-1.331469058941626427e-01,-4.698769081526756319e-01,1.931205939996560039e-01,1.120074603381671918e-01,2.227613162500295327e-02,7.387640129849017134e-02,-2.328661811591908049e-01,-5.981492136852971375e-02,1.562047694647920315e-01,4.515583908257860685e-02,-7.693620071477999534e-02,4.007257197500457835e-02,3.002495857992699135e-01,5.663484693701596739e-02,1.525511589732029272e-01,3.709094641658876312e-02,3.578767140781475425e-02,-2.456565539351337341e-02,7.194898068887643772e-02,7.546999116007205299e-02,-2.573859359688682527e-02,-1.146479426452838481e-03,-1.250452673782014024e-01,1.726293763908008372e-01,3.122213358224053964e-02,-1.532473928290117582e-01,-8.365509249181803109e-02,1.000000000000000000e+00,-1.845487189700583952e-01,7.604192255590737359e-02,-1.478981967176735968e-01,1.129575953804058397e-01,2.676421904564347254e-01
3.347993915708310508e-01,3.685305625529918250e-01,4.123292086396510570e-01,4.530364054087900882e-01,2.895187407289737669e-01,4.144718200915198936e-01,5.405407434599749372e-01,-1.508498741713765745e-01,4.643735903498933948e-01,3.906383602028187241e-01,3.977181736208081353e-01,1.033362460341568784e-01,3.762827922657002722e-01,5.923223318548658245e-01,-2.578391757812341645e-01,3.919515450183744254e-01,2.038609929437414370e-01,4.656363121149831863e-01,2.628057508319287527e-01,5.299745495950975993e-01,3.430395970722340815e-01,5.326798741935557802e-01,4.952834310699908982e-01,4.746235686982133162e-01,4.812019295091354287e-01,5.234613330836980216e-01,4.945960792189289523e-01,4.652047087743882425e-01,6.375987216730182316e-01,2.504737795607659967e-01,4.198155226822615771e-01,6.416784620591063915e-01,6.387544373422207045e-01,-1.845487189700583952e-01,1.000000000000000000e+00,3.512686240535123350e-01,6.706816106647597309e-01,1.492281945684899580e-01,1.317219262645119293e-01
1.568371742373533273e-01,3.431763083530801062e-01,3.157727964841240409e-01,2.539847160708148532e-01,2.438423375211131450e-01,3.314519878237448536e-01,1.815985606011481512e-01,-3.266315293391315322e-01,2.220110936655345923e-01,6.207693882485886272e-01,2.537556828956049615e-01,-1.799743084121692080e-02,1.046885758882700468e-01,3.613271643333313410e-01,-8.900589419825405413e-02,6.519094331491217531e-01,3.250167023639642661e-02,3.275023102464576508e-01,1.613497102184224818e-01,2.822146465237780899e-01,4.316733731879587310e-01,4.401122154007090503e-01,5.576050124738513025e-01,6.072222662670295756e-01,5.646507657961581383e-01,2.476267701880584260e-01,1.297182720848455151e-01,2.144410337518770637e-01,3.055889938916357962e-01,5.549135964203965043e-01,1.313839020456641637e-01,2.448048526262231739e-01,5.152519521934623148e-01,7.604192255590737359e-02,3.512686240535123350e-01,1.000000000000000000e+00,3.316066372890725811e-01,-5.212715602407766435e-02,1.452239945209015878e-02
3.882501103062753756e-01,3.749504450995800875e-01,4.300669396245923592e-01,4.553135356803886258e-01,3.219338267346542604e-01,3.886583557417305768e-01,5.548232999876527849e-01,-1.092370912005708322e-01,5.092282137405143017e-01,3.624429232297661230e-01,3.995846996826091790e-01,1.634699416904105695e-01,4.072622334845785175e-01,6.371635443721037628e-01,-1.963556272253327573e-01,3.745327773571282548e-01,2.994270833630890416e-01,4.270189289381169373e-01,2.561238645758522336e-01,5.888684730916747823e-01,3.387059814150115145e-01,5.615694391605906555e-01,4.658378822789053797e-01,4.246696304836286018e-01,4.577299587500082700e-01,5.486378310015919135e-01,5.430686254570390448e-01,5.250710975279354598e-01,6.603464643054439698e-01,2.000359871380201771e-01,4.312115838263794187e-01,6.741125761343005340e-01,6.432414182471355435e-01,-1.478981967176735968e-01,6.706816106647597309e-01,3.316066372890725811e-01,1.000000000000000000e+00,2.430926220758614087e-01,1.696434202830478799e-01
4.077571698159947466e-01,1.466305233306587075e-01,2.165244213634653359e-01,1.892944165307285098e-01,2.162179648567302825e-01,-6.247113919524085318e-02,2.631512796715310687e-01,1.009330051854946675e-01,3.949800626436845707e-01,-1.131483785838296452e-01,1.480727184580414857e-01,3.441404161483018753e-01,3.410598427854734660e-01,3.262733692079040626e-01,3.364312585920207765e-01,-9.156054017165023151e-02,4.855660795821816755e-01,-5.924563681243637941e-02,5.990160405061040888e-02,3.628461717901029782e-01,-1.014684976790320575e-01,1.766479451262052691e-01,-3.938898352880722958e-02,-1.358058636922175044e-01,-8.238325403387482260e-02,3.947836890902728380e-01,4.097564587694789706e-01,4.170656074097608412e-01,2.961833990992450705e-01,-2.005733233811478333e-01,2.453831916721199158e-01,3.151858517789784542e-01,1.247679950187478570e-01,1.129575953804058397e-01,1.492281945684899580e-01,-5.212715602407766435e-02,2.430926220758614087e-01,1.000000000000000000e+00,3.856149822424377871e-01
4.627029359348285298e-01,3.417389666026305339e-01,2.732819388114088310e-01,3.426521984767701978e-01,2.388610103553245045e-01,-7.171767153919331172e-02,2.262544373700754452e-01,-1.302067096427861614e-01,4.423479003111450703e-01,9.969259262942214983e-02,1.522628493870922528e-01,1.613772460387772889e-01,1.721413477772201217e-01,1.897573302135927287e-01,4.976614013923597035e-02,5.493730578943178955e-02,3.076667932605948175e-01,1.280099548896670297e-02,3.729720431862447727e-01,3.620691526878673239e-01,2.763043947518252497e-02,2.264381510398115471e-01,6.470012282769832535e-02,-8.561002041769817661e-02,6.160683353206698049e-02,3.448394529607519132e-01,3.199166659863049711e-01,3.521445684792037234e-01,2.037376030804748106e-01,4.001109145673956147e-02,3.026744308472215650e-01,2.033408999096688041e-01,1.279999362947638886e-01,2.676421904564347254e-01,1.317219262645119293e-01,1.452239945209015878e-02,1.696434202830478799e-01,3.856149822424377871e-01,1.000000000000000000e+00
