1.000000000000000000e+00,1.897279064135896365e-01,4.523721204605509749e-01,-3.451875665354226519e-01,5.528053541832665951e-01,2.596155151369348713e-01,1.449102015724235970e-01,-4.211071512691359486e-01,5.865277740780570070e-01,8.515004242671033730e-01,2.484652616520340584e-01,-3.705886649998597071e-01,1.543767202909329325e-02,7.381394185879853742e-01,6.421592288446612562e-01,8.155568736179752420e-01,6.209993051777759066e-01,5.276431002991983643e-01,2.532677414201554011e-01,7.912818283569904299e-02,4.899113795168743013e-01,1.301391347895896056e-01,6.975690841701610578e-01,5.839867653368518985e-01,7.374152851010752352e-01,8.444640065789278394e-01,1.544066392766394180e-01,7.870332565587220275e-01,8.115849388950078236e-01,7.362311042603488787e-01,1.387139972513077441e-02,-2.305437006322110516e-01,4.302051444555457516e-01,3.559154726227746757e-01,6.519224190480267245e-01,4.458361198313498530e-01,3.587440938384753863e-01,7.258011109385255066e-01,-1.255553424913745386e-01
1.897279064135896365e-01,1.000000000000000000e+00,3.335192390951350894e-01,-2.280448174745034751e-01,3.782557070291536205e-01,6.187730396933993626e-02,8.822335483247659496e-03,-3.243091196147322441e-01,4.640022775435350133e-01,2.613535583250098382e-01,5.394304007021046010e-02,2.536673183844583290e-01,-3.730097550824078567e-01,2.179262158293009677e-01,-1.504749686799966291e-01,4.069382959045698689e-01,1.232433346103373739e-01,-2.156299980419805473e-02,-2.039153051054778953e-01,-2.191472819517827630e-01,7.304140736858907856e-02,3.155039911580423406e-01,3.729209679589643445e-01,2.245708881960671865e-01,8.423213174187511865e-02,-1.207628793487062757e-01,1.924953347952959304e-01,-3.620577786096249029e-02,-1.006884484018569087e-01,4.442109485879110475e-01,3.586988280802833606e-01,4.824354508383716933e-01,1.745668449413474710e-01,2.075638478040651991e-01,-5.268257772249423931e-02,6.445641700446212707e-02,4.356006745826574988e-01,-6.484789056886153258e-02,3.008667775941062383e-01
4.523721204605509749e-01,3.335192390951350894e-01,1.000000000000000000e+00,-4.636546676578581216e-01,7.607444890231211954e-01,2.546374112270897161e-01,2.880656933233022299e-02,-9.367012053653382964e-01,4.426071894225072079e-01,5.578481482672824621e-01,3.393940309073760209e-01,1.834646905689613083e-01,-2.059209916157556941e-01,6.759368467834782068e-01,3.670592095091921858e-01,5.141280404569671392e-01,4.491217743333675294e-01,5.713428837481498209e-04,-1.572924088943774001e-01,-2.327868533623737024e-01,7.250884962828809677e-01,5.609294770515005357e-01,6.664503168096087560e-01,6.123483536276083106e-01,5.811191983278448658e-01,4.029057286324876919e-01,4.687052828715415620e-01,6.213278432178622745e-01,3.560700204106640454e-01,4.601208249002801676e-01,5.460616605551517067e-01,1.466555142517650678e-01,7.449684840241385109e-01,6.975344906966871594e-01,4.829312680390801527e-01,4.305186381325825651e-01,4.364403943500896332e-01,3.284302214150646715e-01,2.442060912823930952e-01
-3.451875665354226519e-01,-2.280448174745034751e-01,-4.636546676578581216e-01,1.000000000000000000e+00,-3.612174673062267249e-01,-2.572685900172892448e-01,3.571555856822326569e-01,4.598280809761546295e-01,-3.504036364049114005e-01,-4.410158663919603317e-01,-4.083639006592051368e-01,-1.783927839614452837e-01,3.300562800776231653e-01,-3.149578025603054221e-01,-3.087879076673166745e-01,-4.254837054115381823e-01,-3.639007796077867729e-01,-1.090490545550526665e-02,-1.190644003596111056e-01,2.611447333578681418e-01,-3.387673243605743845e-01,-3.994429823805453195e-01,-4.160336469496820344e-01,-2.885004760902809551e-01,-2.717183835318650598e-01,-3.521141714689710600e-01,-4.167699681160165204e-01,-4.057056674953520847e-01,-3.243764834867379210e-01,-3.926809518710583924e-01,-3.855498833153428451e-01,-2.486988076638151079e-01,-4.831395258783575675e-01,-3.186259108735773893e-01,-3.454736125947912018e-01,-2.840373648718136357e-01,-4.592950560794480941e-01,-3.195647322784069821e-01,-2.311682548936960097e-02
5.528053541832665951e-01,3.782557070291536205e-01,7.607444890231211954e-01,-3.612174673062267249e-01,1.000000000000000000e+00,1.235423585854894118e-01,-3.155581106482516912e-02,-7.558135705089905620e-01,6.490725884309043181e-01,6.020697752098685962e-01,2.761083357243383496e-01,1.625524592976027582e-01,-1.683898076535261801e-01,7.142391769959597347e-01,4.617472424721055790e-01,5.991264635024909913e-01,4.839486520453595286e-01,2.081044820202370971e-01,-2.631347494715597507e-02,-1.909321086299460568e-02,4.577221682972681394e-01,4.405192506762871663e-01,6.165866721496482405e-01,6.540189377828415918e-01,5.779198784191318383e-01,4.610230810090255038e-01,3.288413847070624230e-01,6.092476270959805706e-01,3.962491047815391854e-01,5.895816113904936984e-01,3.107483178965909643e-01,8.395909665405119904e-02,5.617275466321370869e-01,7.415485565580313132e-01,4.666157032106099112e-01,3.492639522866879953e-01,4.196124663300226376e-01,4.965010795086470252e-01,1.854734155651927285e-01
2.596155151369348713e-01,6.187730396933993626e-02,2.546374112270897161e-01,-2.572685900172892448e-01,1.235423585854894118e-01,1.000000000000000000e+00,1.020555149757547686e-01,-1.897541103802388718e-01,-7.687510644814403438e-02,3.979460882485691964e-01,4.239497864423230067e-01,-1.548059164281809577e-02,1.000922163358759082e-01,3.836675358974816485e-01,1.487448911965617016e-01,3.836313806670573201e-01,4.077939513761881796e-01,2.439256473936467218e-01,-5.303427070756008832e-02,-8.242426888069652458e-02,3.204790273975299253e-01,1.718766772164719292e-01,4.784961151386692424e-01,1.529469551763862067e-01,3.454175256053507725e-01,2.471847637668350139e-01,3.514975873483324742e-01,2.632388623163878782e-01,4.751266146547388214e-01,1.500185280942032684e-01,2.442517307681558447e-01,2.006729547444232598e-01,5.416252263127728783e-01,5.927276881140056131e-02,4.817077051893701722e-01,7.089172449588146963e-01,5.187814967279451572e-01,1.222655314012602995e-01,-1.401060243408049910e-01
1.449102015724235970e-01,8.822335483247659496e-03,2.880656933233022299e-02,3.571555856822326569e-01,-3.155581106482516912e-02,1.020555149757547686e-01,1.000000000000000000e+00,2.451021141523703623e-03,-1.142812728113629245e-01,8.430946513449119606e-02,2.706140659224299822e-03,-3.709457371940073078e-01,2.317311453215441241e-01,8.124668572809734535e-02,-3.954786073561923979e-03,7.666173032151894773e-02,1.163798137112542763e-02,1.639114892258152212e-01,-1.598171266376702815e-01,1.810745112843882842e-01,1.745612797095670576e-01,-1.691470224577759640e-01,7.216418093508217280e-02,-5.494023760910559176e-03,1.782444924689337851e-01,6.469771268439071521e-02,-2.166182812762284804e-01,1.009584617426226572e-01,1.011820936766149037e-01,-3.741055685932491437e-02,-1.294380732593928829e-01,-2.350353281757841528e-01,-8.906220175964447983e-02,-1.444054748257846410e-01,8.076046605530573519e-02,5.949745381117071963e-02,-1.723078641658824239e-01,-7.155994509927318670e-02,-1.737460210256210058e-01
-4.211071512691359486e-01,-3.243091196147322441e-01,-9.367012053653382964e-01,4.598280809761546295e-01,-7.558135705089905620e-01,-1.897541103802388718e-01,2.451021141523703623e-03,1.000000000000000000e+00,-4.323547633011453062e-01,-5.164848595081741323e-01,-3.028876102606761767e-01,-2.086271541721616274e-01,2.088741276471847430e-01,-6.480807473354558423e-01,-3.618679009617968290e-01,-4.705703973705631649e-01,-4.140910043705547938e-01,4.763949984803051568e-02,1.726884579236228900e-01,2.335465462006462156e-01,-7.097951039989890409e-01,-5.699240266424936419e-01,-6.229070133003145049e-01,-6.018139152439591077e-01,-5.523477507805397702e-01,-3.742539760454648423e-01,-4.372178060576437653e-01,-6.009300775319388332e-01,-3.118993921687374660e-01,-4.383554290939593590e-01,-5.233755235619330648e-01,-1.324616656357275601e-01,-7.202399734617435101e-01,-7.215031096652578801e-01,-4.438379595828371160e-01,-3.931593125667000033e-01,-4.067731096838758109e-01,-3.130043221125839992e-01,-2.568971575140351904e-01
5.865277740780570070e-01,4.640022775435350133e-01,4.426071894225072079e-01,-3.504036364049114005e-01,6.490725884309043181e-01,-7.687510644814403438e-02,-1.142812728113629245e-01,-4.323547633011453062e-01,1.000000000000000000e+00,5.881124659120491316e-01,8.792318431624679409e-02,7.159357076935399244e-02,-2.967306318346248362e-01,6.087796286471293117e-01,4.506409256587937118e-01,6.658990699924737244e-01,4.314065599558762898e-01,3.702640285233883555e-01,2.528245480500800890e-01,5.566605118281568731e-02,1.049845799996283330e-01,3.369600992003108364e-01,5.687392794218711911e-01,6.369953344067265100e-01,4.601187556194917261e-01,4.705962288332809496e-01,1.660813460273254938e-01,4.954482900140120272e-01,3.748798443875496766e-01,8.098083698100344563e-01,1.715814661190728785e-01,8.220138017056052848e-02,2.855425531127280814e-01,5.528519990988692845e-01,3.503612185403858770e-01,1.297284833147978600e-01,3.997593428273240046e-01,6.211073047300585959e-01,2.333276407866289315e-01
8.515004242671033730e-01,2.613535583250098382e-01,5.578481482672824621e-01,-4.410158663919603317e-01,6.020697752098685962e-01,3.979460882485691964e-01,8.430946513449119606e-02,-5.164848595081741323e-01,5.881124659120491316e-01,1.000000000000000000e+00,2.947438346639689177e-01,-1.955188845421973465e-01,-1.007219745182411363e-01,7.777934310060230505e-01,5.979486162024445495e-01,8.867057804071375449e-01,5.740464850318146572e-01,4.837409258107989163e-01,2.130132357867018655e-01,7.052416248668624821e-02,5.060314674062381668e-01,2.260699993036164035e-01,7.775446006693376155e-01,6.005665445636009236e-01,7.752637912642629248e-01,7.834532409683614418e-01,3.111559697793101487e-01,7.850361176743787528e-01,7.906179628567757689e-01,7.676296373356893410e-01,2.028348895310605471e-01,-1.124507018886046344e-01,5.715898153782641433e-01,4.266148676999241274e-01,6.665117138157647947e-01,5.463258840918274739e-01,5.022443386087993566e-01,6.444867062031112148e-01,-1.105370801295047986e-02
2.484652616520340584e-01,5.394304007021046010e-02,3.393940309073760209e-01,-4.083639006592051368e-01,2.761083357243383496e-01,4.239497864423230067e-01,2.706140659224299822e-03,-3.028876102606761767e-01,8.792318431624679409e-02,2.947438346639689177e-01,1.000000000000000000e+00,1.108469879560367716e-01,-4.911965841976258240e-02,2.431760180359684720e-01,2.124265861158997348e-01,2.592452475603596040e-01,4.804478056344235193e-01,2.050541291088241735e-01,1.821727329354089209e-01,-9.433639796416698475e-02,3.417871050284758128e-01,3.318712558991972483e-01,3.572777584708364262e-01,1.845404661201938412e-01,2.166576038338832166e-01,2.588538547962903613e-01,3.846202024044557133e-01,2.706406731605646154e-01,3.424705514621178559e-01,1.610976038466939986e-01,3.626859184626037846e-01,2.753525246086505063e-01,4.307218644907582772e-01,1.027636716628665403e-01,3.215048901382036028e-01,3.623776655942039793e-01,3.600259617636072385e-01,2.180791645675555501e-01,1.817447327460484582e-02
-3.705886649998597071e-01,2.536673183844583290e-01,1.834646905689613083e-01,-1.783927839614452837e-01,1.625524592976027582e-01,-1.548059164281809577e-02,-3.709457371940073078e-01,-2.086271541721616274e-01,7.159357076935399244e-02,-1.955188845421973465e-01,1.108469879560367716e-01,1.000000000000000000e+00,-3.748919343190209585e-01,-1.294882953205801213e-01,-1.826579341545274959e-01,-1.099104012386390439e-01,-3.135772386458413052e-02,-2.578105762843757032e-01,-9.522035378309423592e-02,-2.584112830753310108e-01,-9.129806927671021977e-02,5.574130237477417094e-01,-7.244849774314522650e-02,-6.110690910735996906e-02,-3.139164842570758562e-01,-3.882486070125514277e-01,4.727483977756039013e-01,-2.643470198008417982e-01,-3.964767596728598908e-01,-7.966156580414930632e-02,5.303056791236065992e-01,6.394025365174162978e-01,2.302987747881340141e-01,2.923163250069807928e-01,-2.186184207255642553e-01,3.988834540297402781e-02,3.737238230077508105e-01,-1.892230635773807790e-01,4.228206123469087085e-01
1.543767202909329325e-02,-3.730097550824078567e-01,-2.059209916157556941e-01,3.300562800776231653e-01,-1.683898076535261801e-01,1.000922163358759082e-01,2.317311453215441241e-01,2.088741276471847430e-01,-2.967306318346248362e-01,-1.007219745182411363e-01,-4.911965841976258240e-02,-3.748919343190209585e-01,1.000000000000000000e+00,4.058568204761390380e-02,2.096567937667457304e-01,-1.785716670890928337e-01,-1.351684236796894534e-01,3.089145566533206821e-01,1.056607766302780499e-01,2.298572095341004096e-01,-5.456024933653508963e-02,-4.129963015347633548e-01,-3.551132755121267498e-02,-3.827700454989228090e-02,2.008997483594279487e-01,6.101850018782212920e-02,-3.663959446413813659e-01,-5.014171290029403177e-02,1.425304479125623081e-01,-2.465953098276264799e-01,-5.775793155976446380e-01,-5.148188113873461980e-01,-1.729050376167736158e-01,-2.176609955449342326e-01,6.338189325461239532e-02,1.149965601378263313e-01,-4.375545618552953431e-01,4.742186484582783246e-02,-1.953257552313041323e-01
7.381394185879853742e-01,2.179262158293009677e-01,6.759368467834782068e-01,-3.149578025603054221e-01,7.142391769959597347e-01,3.836675358974816485e-01,8.124668572809734535e-02,-6.480807473354558423e-01,6.087796286471293117e-01,7.777934310060230505e-01,2.431760180359684720e-01,-1.294882953205801213e-01,4.058568204761390380e-02,1.000000000000000000e+00,6.294221982755453526e-01,7.403946434772137319e-01,6.240473903812434608e-01,4.151107495905117517e-01,7.511878424877851956e-02,2.937012258534437217e-02,5.193608414867098011e-01,3.388654711363121019e-01,7.649811075409191918e-01,7.476001379500742949e-01,7.523170368094723726e-01,6.892828789677232226e-01,2.424408907733805185e-01,7.829272426498242732e-01,6.996390853368804619e-01,6.895741207545010854e-01,2.086923023447015690e-01,-9.774980377515062047e-02,6.418661793453279696e-01,6.355015072669565335e-01,6.835945416503820260e-01,5.521321071441119832e-01,4.783265591716970300e-01,6.208308941698640337e-01,-3.051973795101638881e-02
6.421592288446612562e-01,-1.504749686799966291e-01,3.670592095091921858e-01,-3.087879076673166745e-01,4.617472424721055790e-01,1.487448911965617016e-01,-3.954786073561923979e-03,-3.618679009617968290e-01,4.506409256587937118e-01,5.979486162024445495e-01,2.124265861158997348e-01,-1.826579341545274959e-01,2.096567937667457304e-01,6.294221982755453526e-01,1.000000000000000000e+00,4.818115507222700544e-01,3.837116093265418026e-01,5.476689227397923965e-01,2.707089302350947913e-01,2.897507502414997105e-01,2.843032606496656012e-01,9.997112842578576020e-02,4.494018398975982986e-01,5.527623793198330748e-01,6.266375289539130033e-01,7.661598727165903622e-01,-1.213084627503902002e-02,7.418260023580184326e-01,7.169259431123845561e-01,4.587871856809709326e-01,-1.630377750882181231e-01,-4.268575825491954245e-01,4.228836382076872069e-01,4.578655207644914960e-01,6.334953683043117456e-01,3.437886426376988158e-01,1.454204287819442221e-01,7.225945926909018713e-01,-2.287014961167481431e-01
8.155568736179752420e-01,4.069382959045698689e-01,5.141280404569671392e-01,-4.254837054115381823e-01,5.991264635024909913e-01,3.836313806670573201e-01,7.666173032151894773e-02,-4.705703973705631649e-01,6.658990699924737244e-01,8.867057804071375449e-01,2.592452475603596040e-01,-1.099104012386390439e-01,-1.785716670890928337e-01,7.403946434772137319e-01,4.818115507222700544e-01,1.000000000000000000e+00,6.040339398151475248e-01,4.862070191599152658e-01,2.627459837291881151e-01,4.836734162080420785e-03,4.083980597411357438e-01,2.953361646335160295e-01,7.788597442012976657e-01,5.559840466986247787e-01,6.643157543097071294e-01,6.769063723191132143e-01,3.263027420150852453e-01,6.649529137409784241e-01,6.829892211205178532e-01,8.258460001306953124e-01,2.425428842605003577e-01,7.027675608718689237e-02,5.100358847227416392e-01,3.827335155141636247e-01,5.774418063606916451e-01,5.177203805800077996e-01,5.636502138348601365e-01,6.080216020312424474e-01,4.099344889839524192e-02
6.209993051777759066e-01,1.232433346103373739e-01,4.491217743333675294e-01,-3.639007796077867729e-01,4.839486520453595286e-01,4.077939513761881796e-01,1.163798137112542763e-02,-4.140910043705547938e-01,4.314065599558762898e-01,5.740464850318146572e-01,4.804478056344235193e-01,-3.135772386458413052e-02,-1.351684236796894534e-01,6.240473903812434608e-01,3.837116093265418026e-01,6.040339398151475248e-01,1.000000000000000000e+00,2.683628049200521004e-01,1.914146139301415861e-01,-2.072917565293142805e-01,4.567748508232130078e-01,4.911687448974728643e-01,5.909480040399684997e-01,4.875413266219286168e-01,4.160701624247835628e-01,5.831150616961378041e-01,3.589779292000635502e-01,5.787042123577231800e-01,5.804353756398611397e-01,5.659532129516851029e-01,3.418402847924724708e-01,2.188775274839197538e-01,5.152175755740544538e-01,4.020658115754811579e-01,5.898524683613595165e-01,4.999288940575174478e-01,5.291230636348491778e-01,5.644026862820925583e-01,-8.707196145039888813e-02
5.276431002991983643e-01,-2.156299980419805473e-02,5.713428837481498209e-04,-1.090490545550526665e-02,2.081044820202370971e-01,2.439256473936467218e-01,1.639114892258152212e-01,4.763949984803051568e-02,3.702640285233883555e-01,4.837409258107989163e-01,2.050541291088241735e-01,-2.578105762843757032e-01,3.089145566533206821e-01,4.151107495905117517e-01,5.476689227397923965e-01,4.862070191599152658e-01,2.683628049200521004e-01,1.000000000000000000e+00,5.511101679353447302e-01,3.484213908740301235e-01,-6.501198757693098240e-02,-1.430800233271047883e-01,3.529153828997876885e-01,2.539646913981640775e-01,4.035110116629966326e-01,5.485927905708644081e-01,-7.529808136200578927e-02,3.975194541096377931e-01,5.979664878864580091e-01,4.321307109517250611e-01,-2.784135242739465554e-01,-2.421600394867402528e-01,6.035982808352823720e-02,-6.837789272700021959e-02,3.313175593070681879e-01,2.251067877687847885e-01,1.427373568283589189e-01,5.819112776597515913e-01,-1.850468550948734525e-01
2.532677414201554011e-01,-2.039153051054778953e-01,-1.572924088943774001e-01,-1.190644003596111056e-01,-2.631347494715597507e-02,-5.303427070756008832e-02,-1.598171266376702815e-01,1.726884579236228900e-01,2.528245480500800890e-01,2.130132357867018655e-01,1.821727329354089209e-01,-9.522035378309423592e-02,1.056607766302780499e-01,7.511878424877851956e-02,2.707089302350947913e-01,2.627459837291881151e-01,1.914146139301415861e-01,5.511101679353447302e-01,1.000000000000000000e+00,7.185331038718885399e-02,-1.658175662709095721e-01,-1.034629451771608422e-01,1.183349284744083518e-01,-8.049162577681078651e-03,7.999040054811566713e-02,3.372101609431748526e-01,6.399442659170730130e-02,1.103484847331563240e-01,2.987001765174179813e-01,2.651699302923163359e-01,-1.944331817786170147e-01,-6.727383368540097719e-02,-1.077457482979429781e-01,-2.427442281490304887e-01,4.449856843699268039e-02,5.251359633194240678e-03,3.115105916733862043e-02,5.379751444140858929e-01,1.032638280500148553e-01
7.912818283569904299e-02,-2.191472819517827630e-01,-2.327868533623737024e-01,2.611447333578681418e-01,-1.909321086299460568e-02,-8.242426888069652458e-02,1.810745112843882842e-01,2.335465462006462156e-01,5.566605118281568731e-02,7.052416248668624821e-02,-9.433639796416698475e-02,-2.584112830753310108e-01,2.298572095341004096e-01,2.937012258534437217e-02,2.897507502414997105e-01,4.836734162080420785e-03,-2.072917565293142805e-01,3.484213908740301235e-01,7.185331038718885399e-02,1.000000000000000000e+00,-3.233972317692924148e-01,-3.186522699999459474e-01,-1.134052411789201742e-01,2.792134693726925146e-02,1.275436186200502309e-01,1.603894031885070015e-01,-4.334470961481838858e-01,1.436237500334200667e-01,1.790254195200901843e-01,2.784494342521608070e-03,-4.809858960693339514e-01,-4.652755705266048980e-01,-1.778739476740927583e-01,-1.587048685269094872e-02,1.101069336865730525e-01,-1.113581556611996093e-01,-2.305660693204735767e-01,1.552081871692932713e-01,-2.644558927071692378e-01
4.899113795168743013e-01,7.304140736858907856e-02,7.250884962828809677e-01,-3.387673243605743845e-01,4.577221682972681394e-01,3.204790273975299253e-01,1.745612797095670576e-01,-7.097951039989890409e-01,1.049845799996283330e-01,5.060314674062381668e-01,3.417871050284758128e-01,-9.129806927671021977e-02,-5.456024933653508963e-02,5.193608414867098011e-01,2.843032606496656012e-01,4.083980597411357438e-01,4.567748508232130078e-01,-6.501198757693098240e-02,-1.658175662709095721e-01,-3.233972317692924148e-01,1.000000000000000000e+00,3.735758542059868237e-01,5.402763581495015899e-01,4.032783663833315879e-01,5.638824623286006199e-01,4.953496085391309589e-01,4.418995605447184616e-01,5.789197605115518064e-01,4.476267952882353462e-01,2.651215603686106204e-01,4.507784427189984178e-01,-5.694184289651856717e-02,6.747419852797823525e-01,4.411427365924482924e-01,4.776011059695972061e-01,4.857375265658789298e-01,2.570173715154969729e-01,2.390042948436440218e-01,9.710596682465810758e-02
1.301391347895896056e-01,3.155039911580423406e-01,5.609294770515005357e-01,-3.994429823805453195e-01,4.405192506762871663e-01,1.718766772164719292e-01,-1.691470224577759640e-01,-5.699240266424936419e-01,3.369600992003108364e-01,2.260699993036164035e-01,3.318712558991972483e-01,5.574130237477417094e-01,-4.129963015347633548e-01,3.388654711363121019e-01,9.997112842578576020e-02,2.953361646335160295e-01,4.911687448974728643e-01,-1.430800233271047883e-01,-1.034629451771608422e-01,-3.186522699999459474e-01,3.735758542059868237e-01,1.000000000000000000e+00,3.068191723584705044e-01,3.862771954851714207e-01,7.077374629765012526e-02,9.452512646272499819e-02,4.427310498994198040e-01,2.643100687668555882e-01,3.307925809480491419e-02,3.498476793683621411e-01,6.678796910238172790e-01,5.026719762941749270e-01,5.682346767397902232e-01,5.773768769112055388e-01,2.357354412242560759e-01,3.115483558589691171e-01,5.673006816290011578e-01,1.363972664280499458e-01,2.607893278660459169e-01
6.975690841701610578e-01,3.729209679589643445e-01,6.664503168096087560e-01,-4.160336469496820344e-01,6.165866721496482405e-01,4.784961151386692424e-01,7.216418093508217280e-02,-6.229070133003145049e-01,5.687392794218711911e-01,7.775446006693376155e-01,3.572777584708364262e-01,-7.244849774314522650e-02,-3.551132755121267498e-02,7.649811075409191918e-01,4.494018398975982986e-01,7.788597442012976657e-01,5.909480040399684997e-01,3.529153828997876885e-01,1.183349284744083518e-01,-1.134052411789201742e-01,5.402763581495015899e-01,3.068191723584705044e-01,1.000000000000000000e+00,6.600946524696392759e-01,7.808556909089433562e-01,5.887639261346091502e-01,4.900832115669352396e-01,6.109590116991920894e-01,6.259152046443859918e-01,6.799177917658301151e-01,3.144637192668909842e-01,1.003612413634148576e-01,6.497135419439484805e-01,4.562957713819204564e-01,5.875009970740650012e-01,6.088610943674742648e-01,5.175618496058662643e-01,5.557769013801335811e-01,2.429068358519621551e-01
5.839867653368518985e-01,2.245708881960671865e-01,6.123483536276083106e-01,-2.885004760902809551e-01,6.540189377828415918e-01,1.529469551763862067e-01,-5.494023760910559176e-03,-6.018139152439591077e-01,6.369953344067265100e-01,6.005665445636009236e-01,1.845404661201938412e-01,-6.110690910735996906e-02,-3.827700454989228090e-02,7.476001379500742949e-01,5.527623793198330748e-01,5.559840466986247787e-01,4.875413266219286168e-01,2.539646913981640775e-01,-8.049162577681078651e-03,2.792134693726925146e-02,4.032783663833315879e-01,3.862771954851714207e-01,6.600946524696392759e-01,1.000000000000000000e+00,6.596510628164742318e-01,5.457010312447667655e-01,2.306323099410907962e-01,6.542383917234760871e-01,4.907616997046149176e-01,6.044016717895701607e-01,2.095909461327530032e-01,-6.115763929555332462e-02,5.614634514679971433e-01,6.792303081582217184e-01,6.169982281046806349e-01,3.861153515632517741e-01,4.328292578003922197e-01,5.620854748192428696e-01,1.524643285724446573e-01
7.374152851010752352e-01,8.423213174187511865e-02,5.811191983278448658e-01,-2.717183835318650598e-01,5.779198784191318383e-01,3.454175256053507725e-01,1.782444924689337851e-01,-5.523477507805397702e-01,4.601187556194917261e-01,7.752637912642629248e-01,2.166576038338832166e-01,-3.139164842570758562e-01,2.008997483594279487e-01,7.523170368094723726e-01,6.266375289539130033e-01,6.643157543097071294e-01,4.160701624247835628e-01,4.035110116629966326e-01,7.999040054811566713e-02,1.275436186200502309e-01,5.638824623286006199e-01,7.077374629765012526e-02,7.808556909089433562e-01,6.596510628164742318e-01,1.000000000000000000e+00,7.223059967969768236e-01,2.371783536204328524e-01,7.259437700378726932e-01,7.279908176935102615e-01,5.685851083457984512e-01,1.721047700234273198e-02,-3.552419013902988754e-01,5.567860837207171398e-01,4.775942025455687800e-01,6.588929888234561494e-01,5.362074063188992934e-01,2.299743119969543670e-01,5.967244397483183471e-01,1.180568491887395155e-01
8.444640065789278394e-01,-1.207628793487062757e-01,4.029057286324876919e-01,-3.521141714689710600e-01,4.610230810090255038e-01,2.471847637668350139e-01,6.469771268439071521e-02,-3.742539760454648423e-01,4.705962288332809496e-01,7.834532409683614418e-01,2.588538547962903613e-01,-3.882486070125514277e-01,6.101850018782212920e-02,6.892828789677232226e-01,7.661598727165903622e-01,6.769063723191132143e-01,5.831150616961378041e-01,5.485927905708644081e-01,3.372101609431748526e-01,1.603894031885070015e-01,4.953496085391309589e-01,9.452512646272499819e-02,5.887639261346091502e-01,5.457010312447667655e-01,7.223059967969768236e-01,1.000000000000000000e+00,1.342966155125910332e-01,8.580828797846908884e-01,8.756193080659365746e-01,5.959396256918668699e-01,-3.847428874881188982e-02,-3.972674907030833147e-01,4.753485798702001275e-01,3.743585119588213606e-01,7.185819231383756556e-01,4.366276806465537175e-01,2.420172776118858782e-01,8.045066745045325041e-01,-1.945057260818826572e-01
1.544066392766394180e-01,1.924953347952959304e-01,4.687052828715415620e-01,-4.167699681160165204e-01,3.288413847070624230e-01,3.514975873483324742e-01,-2.166182812762284804e-01,-4.372178060576437653e-01,1.660813460273254938e-01,3.111559697793101487e-01,3.846202024044557133e-01,4.727483977756039013e-01,-3.663959446413813659e-01,2.424408907733805185e-01,-1.213084627503902002e-02,3.263027420150852453e-01,3.589779292000635502e-01,-7.529808136200578927e-02,6.399442659170730130e-02,-4.334470961481838858e-01,4.418995605447184616e-01,4.427310498994198040e-01,4.900832115669352396e-01,2.306323099410907962e-01,2.371783536204328524e-01,1.342966155125910332e-01,1.000000000000000000e+00,1.644316833066820360e-01,1.338564457918621220e-01,1.825408103794167458e-01,7.054053229053144358e-01,5.252374321718609185e-01,5.925630304731941411e-01,2.754828175374268162e-01,1.950142172977440691e-01,4.496765950146040525e-01,5.681666351217347088e-01,1.586098641129338183e-01,5.102029426617897823e-01
7.870332565587220275e-01,-3.620577786096249029e-02,6.213278432178622745e-01,-4.057056674953520847e-01,6.092476270959805706e-01,2.632388623163878782e-01,1.009584617426226572e-01,-6.009300775319388332e-01,4.954482900140120272e-01,7.850361176743787528e-01,2.706406731605646154e-01,-2.643470198008417982e-01,-5.014171290029403177e-02,7.829272426498242732e-01,7.418260023580184326e-01,6.649529137409784241e-01,5.787042123577231800e-01,3.975194541096377931e-01,1.103484847331563240e-01,1.436237500334200667e-01,5.789197605115518064e-01,2.643100687668555882e-01,6.109590116991920894e-01,6.542383917234760871e-01,7.259437700378726932e-01,8.580828797846908884e-01,1.644316833066820360e-01,1.000000000000000000e+00,7.995479360211827924e-01,5.986191640834035432e-01,1.399570627003605405e-01,-3.047608773971651752e-01,6.028862653320424814e-01,5.684374527008196898e-01,7.530671472814159939e-01,4.468627642293316327e-01,3.451408695589075482e-01,6.953121680520097936e-01,-2.041726760579384570e-01
8.115849388950078236e-01,-1.006884484018569087e-01,3.560700204106640454e-01,-3.243764834867379210e-01,3.962491047815391854e-01,4.751266146547388214e-01,1.011820936766149037e-01,-3.118993921687374660e-01,3.748798443875496766e-01,7.906179628567757689e-01,3.424705514621178559e-01,-3.964767596728598908e-01,1.425304479125623081e-01,6.996390853368804619e-01,7.169259431123845561e-01,6.829892211205178532e-01,5.804353756398611397e-01,5.979664878864580091e-01,2.987001765174179813e-01,1.790254195200901843e-01,4.476267952882353462e-01,3.307925809480491419e-02,6.259152046443859918e-01,4.907616997046149176e-01,7.279908176935102615e-01,8.756193080659365746e-01,1.338564457918621220e-01,7.995479360211827924e-01,1.000000000000000000e+00,5.543777922093852117e-01,-5.047946483745421875e-02,-3.327325186543178548e-01,5.009952600798471822e-01,2.797137350422403412e-01,7.455305345487259761e-01,5.454229966101986626e-01,3.424685447120337511e-01,7.264735165646770687e-01,-2.686176375990208531e-01
7.362311042603488787e-01,4.442109485879110475e-01,4.601208249002801676e-01,-3.926809518710583924e-01,5.895816113904936984e-01,1.500185280942032684e-01,-3.741055685932491437e-02,-4.383554290939593590e-01,8.098083698100344563e-01,7.676296373356893410e-01,1.610976038466939986e-01,-7.966156580414930632e-02,-2.465953098276264799e-01,6.895741207545010854e-01,4.587871856809709326e-01,8.258460001306953124e-01,5.659532129516851029e-01,4.321307109517250611e-01,2.651699302923163359e-01,2.784494342521608070e-03,2.651215603686106204e-01,3.498476793683621411e-01,6.799177917658301151e-01,6.044016717895701607e-01,5.685851083457984512e-01,5.959396256918668699e-01,1.825408103794167458e-01,5.986191640834035432e-01,5.543777922093852117e-01,1.000000000000000000e+00,1.812866632125062216e-01,5.642744470094859799e-02,3.672815488424566177e-01,4.424472633468569116e-01,4.662510384278650277e-01,3.432378906086743231e-01,4.751478204062580257e-01,6.183875759439952935e-01,1.085087692293780909e-01
1.387139972513077441e-02,3.586988280802833606e-01,5.460616605551517067e-01,-3.855498833153428451e-01,3.107483178965909643e-01,2.442517307681558447e-01,-1.294380732593928829e-01,-5.233755235619330648e-01,1.715814661190728785e-01,2.028348895310605471e-01,3.626859184626037846e-01,5.303056791236065992e-01,-5.775793155976446380e-01,2.086923023447015690e-01,-1.630377750882181231e-01,2.425428842605003577e-01,3.418402847924724708e-01,-2.784135242739465554e-01,-1.944331817786170147e-01,-4.809858960693339514e-01,4.507784427189984178e-01,6.678796910238172790e-01,3.144637192668909842e-01,2.095909461327530032e-01,1.721047700234273198e-02,-3.847428874881188982e-02,7.054053229053144358e-01,1.399570627003605405e-01,-5.047946483745421875e-02,1.812866632125062216e-01,1.000000000000000000e+00,6.414377601576798371e-01,5.525603804957047727e-01,3.474868564060029641e-01,1.016165391092395121e-01,2.129231711529027404e-01,6.001703609667112804e-01,-1.059400061206337562e-01,3.347193878343814322e-01
-2.305437006322110516e-01,4.824354508383716933e-01,1.466555142517650678e-01,-2.486988076638151079e-01,8.395909665405119904e-02,2.006729547444232598e-01,-2.350353281757841528e-01,-1.324616656357275601e-01,8.220138017056052848e-02,-1.124507018886046344e-01,2.753525246086505063e-01,6.394025365174162978e-01,-5.148188113873461980e-01,-9.774980377515062047e-02,-4.268575825491954245e-01,7.027675608718689237e-02,2.188775274839197538e-01,-2.421600394867402528e-01,-6.727383368540097719e-02,-4.652755705266048980e-01,-5.694184289651856717e-02,5.026719762941749270e-01,1.003612413634148576e-01,-6.115763929555332462e-02,-3.552419013902988754e-01,-3.972674907030833147e-01,5.252374321718609185e-01,-3.047608773971651752e-01,-3.327325186543178548e-01,5.642744470094859799e-02,6.414377601576798371e-01,1.000000000000000000e+00,1.625801024126734828e-01,1.315249890811714430e-02,-2.098941139738433603e-01,8.547396330879469817e-02,5.493049373565720428e-01,-2.421118203970946958e-01,3.142248850427510898e-01
4.302051444555457516e-01,1.745668449413474710e-01,7.449684840241385109e-01,-4.831395258783575675e-01,5.617275466321370869e-01,5.416252263127728783e-01,-8.906220175964447983e-02,-7.202399734617435101e-01,2.855425531127280814e-01,5.715898153782641433e-01,4.307218644907582772e-01,2.302987747881340141e-01,-1.729050376167736158e-01,6.418661793453279696e-01,4.228836382076872069e-01,5.100358847227416392e-01,5.152175755740544538e-01,6.035982808352823720e-02,-1.077457482979429781e-01,-1.778739476740927583e-01,6.747419852797823525e-01,5.682346767397902232e-01,6.497135419439484805e-01,5.614634514679971433e-01,5.567860837207171398e-01,4.753485798702001275e-01,5.925630304731941411e-01,6.028862653320424814e-01,5.009952600798471822e-01,3.672815488424566177e-01,5.525603804957047727e-01,1.625801024126734828e-01,1.000000000000000000e+00,6.496855673833498157e-01,6.492440907348399071e-01,6.687086861230209234e-01,6.082485818941286704e-01,3.594490520583624171e-01,1.669844473720611677e-01
3.559154726227746757e-01,2.075638478040651991e-01,6.975344906966871594e-01,-3.186259108735773893e-01,7.415485565580313132e-01,5.927276881140056131e-02,-1.444054748257846410e-01,-7.215031096652578801e-01,5.528519990988692845e-01,4.266148676999241274e-01,1.027636716628665403e-01,2.923163250069807928e-01,-2.176609955449342326e-01,6.355015072669565335e-01,4.578655207644914960e-01,3.827335155141636247e-01,4.020658115754811579e-01,-6.837789272700021959e-02,-2.427442281490304887e-01,-1.587048685269094872e-02,4.411427365924482924e-01,5.773768769112055388e-01,4.562957713819204564e-01,6.792303081582217184e-01,4.775942025455687800e-01,3.743585119588213606e-01,2.754828175374268162e-01,5.684374527008196898e-01,2.797137350422403412e-01,4.424472633468569116e-01,3.474868564060029641e-01,1.315249890811714430e-02,6.496855673833498157e-01,1.000000000000000000e+00,5.016704977040329361e-01,3.447481565870383347e-01,3.909660186631095935e-01,3.870967688791460692e-01,1.830090638416910220e-01
6.519224190480267245e-01,-5.268257772249423931e-02,4.829312680390801527e-01,-3.454736125947912018e-01,4.666157032106099112e-01,4.817077051893701722e-01,8.076046605530573519e-02,-4.438379595828371160e-01,3.503612185403858770e-01,6.665117138157647947e-01,3.215048901382036028e-01,-2.186184207255642553e-01,6.338189325461239532e-02,6.835945416503820260e-01,6.334953683043117456e-01,5.774418063606916451e-01,5.898524683613595165e-01,3.313175593070681879e-01,4.449856843699268039e-02,1.101069336865730525e-01,4.776011059695972061e-01,2.357354412242560759e-01,5.875009970740650012e-01,6.169982281046806349e-01,6.588929888234561494e-01,7.185819231383756556e-01,1.950142172977440691e-01,7.530671472814159939e-01,7.455305345487259761e-01,4.662510384278650277e-01,1.016165391092395121e-01,-2.098941139738433603e-01,6.492440907348399071e-01,5.016704977040329361e-01,1.000000000000000000e+00,5.881457444925323186e-01,4.129094351998611190e-01,5.914218466441683031e-01,-2.193200406536586766e-01
4.458361198313498530e-01,6.445641700446212707e-02,4.305186381325825651e-01,-2.840373648718136357e-01,3.492639522866879953e-01,7.089172449588146963e-01,5.949745381117071963e-02,-3.931593125667000033e-01,1.297284833147978600e-01,5.463258840918274739e-01,3.623776655942039793e-01,3.988834540297402781e-02,1.149965601378263313e-01,5.521321071441119832e-01,3.437886426376988158e-01,5.177203805800077996e-01,4.999288940575174478e-01,2.251067877687847885e-01,5.251359633194240678e-03,-1.113581556611996093e-01,4.857375265658789298e-01,3.115483558589691171e-01,6.088610943674742648e-01,3.861153515632517741e-01,5.362074063188992934e-01,4.366276806465537175e-01,4.496765950146040525e-01,4.468627642293316327e-01,5.454229966101986626e-01,3.432378906086743231e-01,2.129231711529027404e-01,8.547396330879469817e-02,6.687086861230209234e-01,3.447481565870383347e-01,5.881457444925323186e-01,1.000000000000000000e+00,4.625867396199329629e-01,3.596542901633529299e-01,5.799745510679922555e-02
3.587440938384753863e-01,4.356006745826574988e-01,4.364403943500896332e-01,-4.592950560794480941e-01,4.196124663300226376e-01,5.187814967279451572e-01,-1.723078641658824239e-01,-4.067731096838758109e-01,3.997593428273240046e-01,5.022443386087993566e-01,3.600259617636072385e-01,3.737238230077508105e-01,-4.375545618552953431e-01,4.783265591716970300e-01,1.454204287819442221e-01,5.636502138348601365e-01,5.291230636348491778e-01,1.427373568283589189e-01,3.115105916733862043e-02,-2.305660693204735767e-01,2.570173715154969729e-01,5.673006816290011578e-01,5.175618496058662643e-01,4.328292578003922197e-01,2.299743119969543670e-01,2.420172776118858782e-01,5.681666351217347088e-01,3.451408695589075482e-01,3.424685447120337511e-01,4.751478204062580257e-01,6.001703609667112804e-01,5.493049373565720428e-01,6.082485818941286704e-01,3.909660186631095935e-01,4.129094351998611190e-01,4.625867396199329629e-01,1.000000000000000000e+00,2.678117082331898380e-01,1.433669096936561194e-01
7.258011109385255066e-01,-6.484789056886153258e-02,3.284302214150646715e-01,-3.195647322784069821e-01,4.965010795086470252e-01,1.222655314012602995e-01,-7.155994509927318670e-02,-3.130043221125839992e-01,6.211073047300585959e-01,6.444867062031112148e-01,2.180791645675555501e-01,-1.892230635773807790e-01,4.742186484582783246e-02,6.208308941698640337e-01,7.225945926909018713e-01,6.080216020312424474e-01,5.644026862820925583e-01,5.819112776597515913e-01,5.379751444140858929e-01,1.552081871692932713e-01,2.390042948436440218e-01,1.363972664280499458e-01,5.557769013801335811e-01,5.620854748192428696e-01,5.967244397483183471e-01,8.045066745045325041e-01,1.586098641129338183e-01,6.953121680520097936e-01,7.264735165646770687e-01,6.183875759439952935e-01,-1.059400061206337562e-01,-2.421118203970946958e-01,3.594490520583624171e-01,3.870967688791460692e-01,5.914218466441683031e-01,3.596542901633529299e-01,2.678117082331898380e-01,1.000000000000000000e+00,2.159187219256847659e-02
-1.255553424913745386e-01,3.008667775941062383e-01,2.442060912823930952e-01,-2.311682548936960097e-02,1.854734155651927285e-01,-1.401060243408049910e-01,-1.737460210256210058e-01,-2.568971575140351904e-01,2.333276407866289315e-01,-1.105370801295047986e-02,1.817447327460484582e-02,4.228206123469087085e-01,-1.953257552313041323e-01,-3.051973795101638881e-02,-2.287014961167481431e-01,4.099344889839524192e-02,-8.707196145039888813e-02,-1.850468550948734525e-01,1.032638280500148553e-01,-2.644558927071692378e-01,9.710596682465810758e-02,2.607893278660459169e-01,2.429068358519621551e-01,1.524643285724446573e-01,1.180568491887395155e-01,-1.945057260818826572e-01,5.102029426617897823e-01,-2.041726760579384570e-01,-2.686176375990208531e-01,1.085087692293780909e-01,3.347193878343814322e-01,3.142248850427510898e-01,1.669844473720611677e-01,1.830090638416910220e-01,-2.193200406536586766e-01,5.799745510679922555e-02,1.433669096936561194e-01,2.159187219256847659e-02,1.000000000000000000e+00
