1.000000000000000000e+00,9.203591805849918872e-01,8.879485085904981201e-01,8.978366977678888805e-01,9.061692825438533161e-01,8.948175535249748291e-01,9.036879416746381732e-01,9.077373094284504340e-01,9.593279293647754002e-01,8.838942275692580619e-01,8.974788796320587458e-01,9.182451975127189359e-01,9.127891385724089535e-01,9.482487927196809885e-01,8.798528010065559402e-01,8.880964932694005443e-01,9.482086835692118409e-01,9.666250222776262557e-01,9.751466234838149783e-01,8.685235766474382890e-01,8.643129442261172635e-01,9.040409641732387591e-01,9.012846986808137340e-01,8.889927879684474954e-01,9.057220088989288431e-01,9.412506247161437356e-01,8.641693927406770559e-01,8.743882016336987917e-01,9.177933350387901257e-01,9.393085721349823114e-01,8.952400360688392844e-01,9.607756788088698263e-01,9.281231075757827576e-01,8.783268288611586483e-01,8.966831085145349212e-01,9.004772027935529222e-01,9.540001947237969349e-01,9.639861051327072161e-01,8.699174828792416436e-01
9.203591805849918872e-01,1.000000000000000000e+00,8.799956383884521838e-01,8.880556037561335714e-01,8.875566695618195556e-01,8.817497377300996808e-01,8.872005511572850223e-01,8.931345019750254188e-01,9.480613660985656166e-01,8.782218913028286833e-01,8.826927416451104680e-01,8.965928073912530216e-01,8.955492332396446375e-01,9.569725082187119369e-01,8.710678977940161660e-01,8.838536436882324931e-01,9.187684254571365505e-01,9.162581075649097739e-01,9.378297112249944778e-01,8.728457562473319609e-01,8.754573715954450108e-01,8.863646081665148557e-01,8.854071969250532081e-01,8.799168139079014406e-01,8.889945640274828920e-01,9.061199329774318745e-01,8.736828854477124429e-01,8.750846712312021491e-01,9.419728301313846641e-01,9.401678322547732947e-01,8.861160133445998843e-01,9.145201389219923538e-01,9.580360344220200108e-01,8.716542881292979050e-01,8.858403191565736856e-01,8.854625716289791226e-01,9.563937106606575922e-01,9.147185669616815229e-01,8.778172925734948340e-01
8.879485085904981201e-01,8.799956383884521838e-01,1.000000000000000000e+00,9.693368339440293635e-01,9.578923960864877962e-01,9.656005246618920568e-01,9.666835052254806326e-01,9.533023279347833112e-01,8.834436774043507024e-01,9.744447056584167877e-01,9.689757709093995697e-01,9.343569689175277304e-01,9.496274385005845087e-01,8.812695364022484767e-01,9.515267551094022114e-01,9.774799498518305096e-01,9.084937901581540132e-01,8.995662959461264707e-01,8.910619777263150132e-01,9.573478836614416343e-01,9.527565677639956432e-01,9.534158143479328773e-01,9.591553943577680874e-01,9.768183782864631182e-01,9.686978103553742780e-01,9.222618407180860345e-01,9.549642474730818398e-01,9.664488343592038122e-01,8.493954031240050773e-01,8.648935860204456372e-01,9.760236551766808821e-01,9.072128575809200735e-01,8.759270352458815578e-01,9.682022980693656411e-01,9.673992735982837043e-01,9.667193307559032167e-01,8.792284485099458591e-01,9.073990666673587002e-01,9.387610849976255611e-01
8.978366977678888805e-01,8.880556037561335714e-01,9.693368339440293635e-01,1.000000000000000000e+00,9.750562720768318759e-01,9.768330596976316782e-01,9.808368206673778733e-01,9.671842980900799969e-01,8.915502323285102726e-01,9.625484340277254969e-01,9.726680139954159143e-01,9.499459996478113455e-01,9.628868734661856221e-01,8.921272828720799852e-01,9.484848901739486582e-01,9.643695073637756909e-01,9.221552545009218393e-01,9.128224961332902510e-01,9.003903520820399908e-01,9.446952354784110550e-01,9.404430675580672805e-01,9.668539817635490863e-01,9.748049867696466642e-01,9.749873931440105057e-01,9.820077796000344916e-01,9.381727370761269169e-01,9.418351684124329770e-01,9.555604268705829574e-01,8.593804134462681432e-01,8.734286535912079152e-01,9.765507606091633486e-01,9.227842148776366216e-01,8.794025016794022598e-01,9.535472614925163404e-01,9.808109147156177654e-01,9.814882903877941711e-01,8.932608047108702154e-01,9.221784067803525664e-01,9.285666256887734615e-01
9.061692825438533161e-01,8.875566695618195556e-01,9.578923960864877962e-01,9.750562720768318759e-01,1.000000000000000000e+00,9.741495732599063651e-01,9.770045719088654712e-01,9.775855216167580464e-01,8.922009500102539015e-01,9.557073425106767939e-01,9.694980116951505966e-01,9.565759168962892911e-01,9.720926039958835974e-01,8.920563027382747423e-01,9.442591690626941370e-01,9.566517423506202267e-01,9.217303548016986259e-01,9.204157572666985532e-01,9.055431949389532997e-01,9.390160188836947919e-01,9.332598418969888510e-01,9.782647574810241498e-01,9.777314159279122396e-01,9.635829344230417703e-01,9.755120583309854210e-01,9.464347970454641823e-01,9.341093201752501685e-01,9.486245784018856320e-01,8.579631893668215881e-01,8.714854229131380192e-01,9.695358399198598098e-01,9.322667377941926681e-01,8.797361795983681398e-01,9.483859692086986648e-01,9.761963767922797741e-01,9.769584144840131046e-01,8.946157311157810765e-01,9.289425394734581731e-01,9.213370711781764255e-01
8.948175535249748291e-01,8.817497377300996808e-01,9.656005246618920568e-01,9.768330596976316782e-01,9.741495732599063651e-01,1.000000000000000000e+00,9.733706250476088506e-01,9.675586808272018668e-01,8.852009784723234853e-01,9.573987199831778261e-01,9.748826747552593597e-01,9.502904878700756397e-01,9.622731327057595374e-01,8.821649701772694696e-01,9.457143566470023188e-01,9.593147892947573308e-01,9.178036322095375343e-01,9.087723709335000510e-01,8.958163821722298081e-01,9.402327819396816277e-01,9.358428529355442560e-01,9.670067030990900925e-01,9.738575330817227371e-01,9.736908121731926435e-01,9.742947296191690754e-01,9.367787434422004678e-01,9.371525355053924589e-01,9.481248399067234711e-01,8.515366118043320443e-01,8.657247591629925187e-01,9.696570534478839987e-01,9.170256018365235962e-01,8.724231512286894086e-01,9.514298542516429480e-01,9.807622931262411914e-01,9.773409269877029182e-01,8.816828028473361334e-01,9.184217313848905828e-01,9.240471934928661257e-01
9.036879416746381732e-01,8.872005511572850223e-01,9.666835052254806326e-01,9.808368206673778733e-01,9.770045719088654712e-01,9.733706250476088506e-01,1.000000000000000000e+00,9.693228252472172457e-01,8.918175357403821391e-01,9.623017258387532857e-01,9.684992888347767614e-01,9.514448090918367074e-01,9.640526333913143064e-01,8.913049631947752571e-01,9.465357965930315531e-01,9.637825306930748459e-01,9.224655117183870878e-01,9.171769942548058108e-01,9.050254966355131270e-01,9.462409544243947090e-01,9.411503239508433039e-01,9.695729914049506792e-01,9.745979712271486406e-01,9.717285359199102635e-01,9.829159050031022193e-01,9.391480386615357334e-01,9.421611269403243893e-01,9.560451305457418059e-01,8.597340008012829271e-01,8.734511804878256624e-01,9.768647586802711169e-01,9.266865882595045623e-01,8.805150833458168513e-01,9.546372328099723692e-01,9.781333534534046859e-01,9.817841880690444389e-01,8.947602173009532311e-01,9.257028050804629871e-01,9.271143017759549965e-01
9.077373094284504340e-01,8.931345019750254188e-01,9.533023279347833112e-01,9.671842980900799969e-01,9.775855216167580464e-01,9.675586808272018668e-01,9.693228252472172457e-01,1.000000000000000000e+00,8.964589978114811952e-01,9.507368178807231729e-01,9.677364733856091972e-01,9.653408509262293435e-01,9.791271348423113974e-01,8.924599663498760105e-01,9.434358742710774459e-01,9.541971421096723249e-01,9.253811575794965716e-01,9.228883362574946680e-01,9.065273001701952271e-01,9.373331301868630394e-01,9.311471968368071339e-01,9.842844405878978797e-01,9.748521209744015481e-01,9.587278391646060216e-01,9.680164897758731790e-01,9.516384127597415921e-01,9.319655098430476015e-01,9.435639000944998633e-01,8.612206690674140130e-01,8.776415249108480143e-01,9.625949962214367384e-01,9.329443431703370315e-01,8.857387436562016436e-01,9.451406405971723990e-01,9.684473848770619453e-01,9.678037558049764622e-01,8.952253742337484832e-01,9.319673673212018894e-01,9.210829062484351404e-01
9.593279293647754002e-01,9.480613660985656166e-01,8.834436774043507024e-01,8.915502323285102726e-01,8.922009500102539015e-01,8.852009784723234853e-01,8.918175357403821391e-01,8.964589978114811952e-01,1.000000000000000000e+00,8.767872004965171495e-01,8.885203030353457931e-01,9.056661393884632982e-01,8.994550440346759101e-01,9.730703052417875032e-01,8.756555229784859229e-01,8.849156698878055671e-01,9.448979408800312063e-01,9.523593858164276504e-01,9.680442896851613188e-01,8.677747463331663136e-01,8.679856062101197756e-01,8.913607961974564509e-01,8.893280944321685366e-01,8.837027497803092713e-01,8.952921808029528083e-01,9.283413949331512649e-01,8.677760356692483246e-01,8.730022106944229643e-01,9.513997365943936968e-01,9.662146507135417339e-01,8.890834051697200646e-01,9.430910623596144848e-01,9.546414397142490849e-01,8.716300876197848879e-01,8.885065109856603582e-01,8.886339288965763306e-01,9.724909338304107420e-01,9.488778656075661511e-01,8.740667280114068349e-01
8.838942275692580619e-01,8.782218913028286833e-01,9.744447056584167877e-01,9.625484340277254969e-01,9.557073425106767939e-01,9.573987199831778261e-01,9.623017258387532857e-01,9.507368178807231729e-01,8.767872004965171495e-01,1.000000000000000000e+00,9.636473644174792241e-01,9.325161092536009555e-01,9.480644514028351288e-01,8.753539437168320614e-01,9.655479112384112161e-01,9.809876727692183884e-01,9.097153556456192280e-01,8.963083335158537057e-01,8.852477060556876998e-01,9.687694567997837680e-01,9.640352865029098162e-01,9.494719544570756620e-01,9.539256426077935558e-01,9.673679511427377697e-01,9.624538422579029806e-01,9.160861788178151777e-01,9.657940479774068665e-01,9.790415978788030715e-01,8.447391133702433219e-01,8.618835661593904351e-01,9.700517178838214960e-01,9.019464107908624628e-01,8.682574316617907018e-01,9.771496099065110075e-01,9.595276342524399205e-01,9.605691253567195664e-01,8.731701272080758525e-01,9.027208591668405280e-01,9.527717199876979404e-01
8.974788796320587458e-01,8.826927416451104680e-01,9.689757709093995697e-01,9.726680139954159143e-01,9.694980116951505966e-01,9.748826747552593597e-01,9.684992888347767614e-01,9.677364733856091972e-01,8.885203030353457931e-01,9.636473644174792241e-01,1.000000000000000000e+00,9.528580305772150760e-01,9.635112070914946258e-01,8.827608596387184203e-01,9.471607833661938036e-01,9.671348052865725853e-01,9.211616700528176827e-01,9.147096202747544424e-01,8.934821182186325483e-01,9.439703427026291394e-01,9.389897152783394096e-01,9.664723051799850584e-01,9.719985503327454035e-01,9.714530664841168894e-01,9.701820449404850999e-01,9.384293104149651343e-01,9.410889158909696572e-01,9.544168654392670703e-01,8.503756515580088715e-01,8.648652143341115650e-01,9.666132180842386123e-01,9.227854890796886034e-01,8.773134374801979662e-01,9.562184846678811745e-01,9.744173423835101877e-01,9.719465176491439706e-01,8.829751146900476355e-01,9.218371238393573419e-01,9.280787960900314104e-01
9.182451975127189359e-01,8.965928073912530216e-01,9.343569689175277304e-01,9.499459996478113455e-01,9.565759168962892911e-01,9.502904878700756397e-01,9.514448090918367074e-01,9.653408509262293435e-01,9.056661393884632982e-01,9.325161092536009555e-01,9.528580305772150760e-01,1.000000000000000000e+00,9.726511068447811770e-01,9.022767313207029627e-01,9.293552973631109548e-01,9.370479341180951716e-01,9.418088631502199437e-01,9.349562397658219837e-01,9.148323072681950885e-01,9.215121367544810704e-01,9.159818801278347689e-01,9.648075838392428105e-01,9.590125540349501154e-01,9.413269700762794123e-01,9.505138753196348267e-01,9.635985570623017971e-01,9.152649946538953252e-01,9.249348918534546771e-01,8.704249226873193024e-01,8.858329808452343190e-01,9.448329258891221549e-01,9.407845486585456607e-01,8.950422591124235216e-01,9.281720535566639896e-01,9.505217699242414220e-01,9.505661254264139437e-01,9.056634356678066045e-01,9.435156530520218965e-01,9.047947709730251864e-01
9.127891385724089535e-01,8.955492332396446375e-01,9.496274385005845087e-01,9.628868734661856221e-01,9.720926039958835974e-01,9.622731327057595374e-01,9.640526333913143064e-01,9.791271348423113974e-01,8.994550440346759101e-01,9.480644514028351288e-01,9.635112070914946258e-01,9.726511068447811770e-01,1.000000000000000000e+00,8.974137121308931597e-01,9.379297208120496165e-01,9.513184562504233277e-01,9.328250400907653894e-01,9.289705358366798782e-01,9.099160942656283613e-01,9.342967208685152292e-01,9.280016778959360169e-01,9.798382545051295134e-01,9.719099672779122345e-01,9.553450578996226517e-01,9.641593345882510935e-01,9.572692035047029036e-01,9.276445102256710706e-01,9.406929723223826922e-01,8.648427166434887736e-01,8.796319824426036549e-01,9.599141173840741725e-01,9.377347433066850479e-01,8.896660721470378563e-01,9.420236938914215985e-01,9.628713788430387499e-01,9.631214170577181433e-01,9.005272772435718442e-01,9.365150540999692685e-01,9.174502732336693445e-01
9.482487927196809885e-01,9.569725082187119369e-01,8.812695364022484767e-01,8.921272828720799852e-01,8.920563027382747423e-01,8.821649701772694696e-01,8.913049631947752571e-01,8.924599663498760105e-01,9.730703052417875032e-01,8.753539437168320614e-01,8.827608596387184203e-01,9.022767313207029627e-01,8.974137121308931597e-01,1.000000000000000000e+00,8.712137638316974630e-01,8.822165865254744110e-01,9.353589493920937414e-01,9.395824214712480416e-01,9.619045355563602406e-01,8.665657031211236871e-01,8.661449593342338549e-01,8.881758083468673792e-01,8.898629195478515719e-01,8.804534158220890250e-01,8.947623404816070769e-01,9.205017262092697328e-01,8.660874923970212080e-01,8.740866673636843442e-01,9.598022251783360215e-01,9.622226072537392039e-01,8.896474455263903014e-01,9.335094448171414871e-01,9.620140325502579692e-01,8.684536334467798380e-01,8.892874721654383530e-01,8.890267795380628613e-01,9.805636371419315100e-01,9.365866462304276441e-01,8.725035197068343740e-01
8.798528010065559402e-01,8.710678977940161660e-01,9.515267551094022114e-01,9.484848901739486582e-01,9.442591690626941370e-01,9.457143566470023188e-01,9.465357965930315531e-01,9.434358742710774459e-01,8.756555229784859229e-01,9.655479112384112161e-01,9.471607833661938036e-01,9.293552973631109548e-01,9.379297208120496165e-01,8.712137638316974630e-01,1.000000000000000000e+00,9.616486991292227948e-01,9.051414399826240853e-01,8.907265839591550494e-01,8.816286855922326193e-01,9.633292377557843844e-01,9.593644762184123653e-01,9.412685250968085837e-01,9.392980965473566313e-01,9.501984149110223044e-01,9.472669560949874556e-01,9.093994036738798359e-01,9.608987667083533912e-01,9.660168199267651357e-01,8.457634155151918520e-01,8.639050228685775101e-01,9.532249422500393976e-01,8.947124746019480268e-01,8.645809568407345491e-01,9.693306565846523393e-01,9.457622919583400511e-01,9.436370625124882450e-01,8.692978797701990112e-01,8.980136850312900876e-01,9.471135246042432509e-01
8.880964932694005443e-01,8.838536436882324931e-01,9.774799498518305096e-01,9.643695073637756909e-01,9.566517423506202267e-01,9.593147892947573308e-01,9.637825306930748459e-01,9.541971421096723249e-01,8.849156698878055671e-01,9.809876727692183884e-01,9.671348052865725853e-01,9.370479341180951716e-01,9.513184562504233277e-01,8.822165865254744110e-01,9.616486991292227948e-01,1.000000000000000000e+00,9.118701467832179830e-01,9.011576487095102062e-01,8.910385166244445543e-01,9.663143737775758968e-01,9.610263342112633778e-01,9.531391703221223644e-01,9.556012865960448188e-01,9.707442163869617335e-01,9.650950090863770203e-01,9.224817336828666781e-01,9.631527658593547203e-01,9.768928233055919064e-01,8.511959234292703069e-01,8.670426293733687340e-01,9.719647080920901239e-01,9.061641928926186251e-01,8.781520707151220240e-01,9.782653586533481826e-01,9.610596239428084164e-01,9.620199500193753472e-01,8.803234242927245878e-01,9.073739899916071217e-01,9.470678066556932340e-01
9.482086835692118409e-01,9.187684254571365505e-01,9.084937901581540132e-01,9.221552545009218393e-01,9.217303548016986259e-01,9.178036322095375343e-01,9.224655117183870878e-01,9.253811575794965716e-01,9.448979408800312063e-01,9.097153556456192280e-01,9.211616700528176827e-01,9.418088631502199437e-01,9.328250400907653894e-01,9.353589493920937414e-01,9.051414399826240853e-01,9.118701467832179830e-01,1.000000000000000000e+00,9.599819296240461597e-01,9.491931558208734909e-01,8.952968415250116552e-01,8.959340196629701492e-01,9.216915072366490547e-01,9.212286708675606617e-01,9.152732338472545637e-01,9.246687956448859103e-01,9.571091993121673136e-01,8.916672285997087055e-01,9.026152654997016134e-01,9.125489725142076347e-01,9.310600520617963172e-01,9.196341732166498639e-01,9.522701177447584486e-01,9.266346372462779257e-01,9.011242104671497444e-01,9.195451367265825571e-01,9.198065741047184440e-01,9.400901834020954917e-01,9.625080171668679574e-01,8.964644396396416193e-01
9.666250222776262557e-01,9.162581075649097739e-01,8.995662959461264707e-01,9.128224961332902510e-01,9.204157572666985532e-01,9.087723709335000510e-01,9.171769942548058108e-01,9.228883362574946680e-01,9.523593858164276504e-01,8.963083335158537057e-01,9.147096202747544424e-01,9.349562397658219837e-01,9.289705358366798782e-01,9.395824214712480416e-01,8.907265839591550494e-01,9.011576487095102062e-01,9.599819296240461597e-01,1.000000000000000000e+00,9.620032923144659076e-01,8.864308503616643575e-01,8.851128744780285551e-01,9.194525790915366592e-01,9.163015346645863035e-01,9.047782733217177853e-01,9.180325493496542810e-01,9.595693912029402695e-01,8.825937075196449433e-01,8.895048859322201018e-01,9.114779200696760952e-01,9.337830864037923728e-01,9.113190381032189036e-01,9.725756802695219028e-01,9.244736920375328237e-01,8.899313895204461478e-01,9.113062557335108727e-01,9.135152603731607757e-01,9.462422968788601896e-01,9.812697157365423140e-01,8.875756004119662590e-01
9.751466234838149783e-01,9.378297112249944778e-01,8.910619777263150132e-01,9.003903520820399908e-01,9.055431949389532997e-01,8.958163821722298081e-01,9.050254966355131270e-01,9.065273001701952271e-01,9.680442896851613188e-01,8.852477060556876998e-01,8.934821182186325483e-01,9.148323072681950885e-01,9.099160942656283613e-01,9.619045355563602406e-01,8.816286855922326193e-01,8.910385166244445543e-01,9.491931558208734909e-01,9.620032923144659076e-01,1.000000000000000000e+00,8.728211479747184365e-01,8.702547858233661282e-01,9.014035088042033905e-01,9.008798279525875863e-01,8.926399308758148354e-01,9.075968686106495875e-01,9.384691324604772511e-01,8.690148653160740810e-01,8.788431793064109820e-01,9.332667095194037143e-01,9.515499462277088316e-01,8.988598072072213618e-01,9.545324601378554208e-01,9.432408967818949330e-01,8.798339142613974539e-01,8.990484626432093673e-01,9.010396323086558024e-01,9.672864667544657236e-01,9.608473853724353031e-01,8.732683434725696525e-01
8.685235766474382890e-01,8.728457562473319609e-01,9.573478836614416343e-01,9.446952354784110550e-01,9.390160188836947919e-01,9.402327819396816277e-01,9.462409544243947090e-01,9.373331301868630394e-01,8.677747463331663136e-01,9.687694567997837680e-01,9.439703427026291394e-01,9.215121367544810704e-01,9.342967208685152292e-01,8.665657031211236871e-01,9.633292377557843844e-01,9.663143737775758968e-01,8.952968415250116552e-01,8.864308503616643575e-01,8.728211479747184365e-01,1.000000000000000000e+00,9.828610125598883362e-01,9.355106030000054362e-01,9.354350693015430762e-01,9.510051274548116940e-01,9.468699884237147257e-01,9.030857354172350249e-01,9.838072591059578986e-01,9.744925562291821830e-01,8.322775768332953961e-01,8.520859451841688026e-01,9.556239056500924756e-01,8.883204356280854919e-01,8.603417451760906332e-01,9.726702382923974044e-01,9.424065340727805218e-01,9.409308823703772529e-01,8.629852092044790757e-01,8.924591538485108222e-01,9.635523996700356975e-01
8.643129442261172635e-01,8.754573715954450108e-01,9.527565677639956432e-01,9.404430675580672805e-01,9.332598418969888510e-01,9.358428529355442560e-01,9.411503239508433039e-01,9.311471968368071339e-01,8.679856062101197756e-01,9.640352865029098162e-01,9.389897152783394096e-01,9.159818801278347689e-01,9.280016778959360169e-01,8.661449593342338549e-01,9.593644762184123653e-01,9.610263342112633778e-01,8.959340196629701492e-01,8.851128744780285551e-01,8.702547858233661282e-01,9.828610125598883362e-01,1.000000000000000000e+00,9.283629446964954957e-01,9.288940192481109914e-01,9.470693606245093044e-01,9.420203151417924081e-01,9.016339918091380579e-01,9.839319440447997778e-01,9.704250893868373584e-01,8.342704238721588839e-01,8.520452902459477729e-01,9.506403104033983587e-01,8.848526118107251648e-01,8.614254880602443265e-01,9.668935803188934974e-01,9.378389509665510104e-01,9.364050498568650127e-01,8.621754278550942674e-01,8.897235480104189742e-01,9.637531667701398908e-01
9.040409641732387591e-01,8.863646081665148557e-01,9.534158143479328773e-01,9.668539817635490863e-01,9.782647574810241498e-01,9.670067030990900925e-01,9.695729914049506792e-01,9.842844405878978797e-01,8.913607961974564509e-01,9.494719544570756620e-01,9.664723051799850584e-01,9.648075838392428105e-01,9.798382545051295134e-01,8.881758083468673792e-01,9.412685250968085837e-01,9.531391703221223644e-01,9.216915072366490547e-01,9.194525790915366592e-01,9.014035088042033905e-01,9.355106030000054362e-01,9.283629446964954957e-01,1.000000000000000000e+00,9.758930057378303324e-01,9.577250968155338606e-01,9.678252484515729170e-01,9.482623852936404862e-01,9.288615995127953440e-01,9.430622357951906620e-01,8.557315173667916497e-01,8.695079524677222782e-01,9.627885499051292983e-01,9.299019954814685684e-01,8.809913743707049605e-01,9.454482045763202835e-01,9.684003914283952907e-01,9.677815689228678186e-01,8.912073240311952915e-01,9.281662562617574164e-01,9.144377792968353402e-01
9.012846986808137340e-01,8.854071969250532081e-01,9.591553943577680874e-01,9.748049867696466642e-01,9.777314159279122396e-01,9.738575330817227371e-01,9.745979712271486406e-01,9.748521209744015481e-01,8.893280944321685366e-01,9.539256426077935558e-01,9.719985503327454035e-01,9.590125540349501154e-01,9.719099672779122345e-01,8.898629195478515719e-01,9.392980965473566313e-01,9.556012865960448188e-01,9.212286708675606617e-01,9.163015346645863035e-01,9.008798279525875863e-01,9.354350693015430762e-01,9.288940192481109914e-01,9.758930057378303324e-01,1.000000000000000000e+00,9.635544085215717036e-01,9.743094061487242996e-01,9.435633778446679276e-01,9.318729308843669568e-01,9.465479376434352554e-01,8.582985851809009636e-01,8.699584048815435233e-01,9.682822851921722984e-01,9.262414950366114619e-01,8.819520717671955889e-01,9.459578557424811462e-01,9.774102594319358239e-01,9.777201766188283738e-01,8.919028567895996851e-01,9.255433255703169326e-01,9.162226447789776351e-01
8.889927879684474954e-01,8.799168139079014406e-01,9.768183782864631182e-01,9.749873931440105057e-01,9.635829344230417703e-01,9.736908121731926435e-01,9.717285359199102635e-01,9.587278391646060216e-01,8.837027497803092713e-01,9.673679511427377697e-01,9.714530664841168894e-01,9.413269700762794123e-01,9.553450578996226517e-01,8.804534158220890250e-01,9.501984149110223044e-01,9.707442163869617335e-01,9.152732338472545637e-01,9.047782733217177853e-01,8.926399308758148354e-01,9.510051274548116940e-01,9.470693606245093044e-01,9.577250968155338606e-01,9.635544085215717036e-01,1.000000000000000000e+00,9.736651675397171024e-01,9.275750567787012235e-01,9.481188431915706927e-01,9.592338741639728772e-01,8.486469610491543802e-01,8.654382949037034978e-01,9.785998483709087425e-01,9.103103951939747196e-01,8.752747025843057305e-01,9.616215254946931523e-01,9.732973070828196960e-01,9.712431387386625259e-01,8.796458247058949187e-01,9.117633573064699570e-01,9.329364136365128068e-01
9.057220088989288431e-01,8.889945640274828920e-01,9.686978103553742780e-01,9.820077796000344916e-01,9.755120583309854210e-01,9.742947296191690754e-01,9.829159050031022193e-01,9.680164897758731790e-01,8.952921808029528083e-01,9.624538422579029806e-01,9.701820449404850999e-01,9.505138753196348267e-01,9.641593345882510935e-01,8.947623404816070769e-01,9.472669560949874556e-01,9.650950090863770203e-01,9.246687956448859103e-01,9.180325493496542810e-01,9.075968686106495875e-01,9.468699884237147257e-01,9.420203151417924081e-01,9.678252484515729170e-01,9.743094061487242996e-01,9.736651675397171024e-01,1.000000000000000000e+00,9.396045692758044909e-01,9.429469201028489733e-01,9.567686138444061461e-01,8.615006927055213204e-01,8.760220638649978131e-01,9.775929954691046087e-01,9.270681237641006378e-01,8.820291868300412785e-01,9.547296764797675861e-01,9.786207017823403964e-01,9.815379707435586409e-01,8.966131625241764436e-01,9.266734217602146106e-01,9.261884993117857068e-01
9.412506247161437356e-01,9.061199329774318745e-01,9.222618407180860345e-01,9.381727370761269169e-01,9.464347970454641823e-01,9.367787434422004678e-01,9.391480386615357334e-01,9.516384127597415921e-01,9.283413949331512649e-01,9.160861788178151777e-01,9.384293104149651343e-01,9.635985570623017971e-01,9.572692035047029036e-01,9.205017262092697328e-01,9.093994036738798359e-01,9.224817336828666781e-01,9.571091993121673136e-01,9.595693912029402695e-01,9.384691324604772511e-01,9.030857354172350249e-01,9.016339918091380579e-01,9.482623852936404862e-01,9.435633778446679276e-01,9.275750567787012235e-01,9.396045692758044909e-01,1.000000000000000000e+00,8.997710073798406150e-01,9.079615342880317241e-01,8.879751746407099633e-01,9.078593992068403340e-01,9.337843045605751513e-01,9.669853280270613860e-01,9.071486825880759053e-01,9.082211478582906672e-01,9.382685109490574993e-01,9.381766163377096568e-01,9.254036985911117119e-01,9.659142527545840906e-01,8.986445002139648031e-01
8.641693927406770559e-01,8.736828854477124429e-01,9.549642474730818398e-01,9.418351684124329770e-01,9.341093201752501685e-01,9.371525355053924589e-01,9.421611269403243893e-01,9.319655098430476015e-01,8.677760356692483246e-01,9.657940479774068665e-01,9.410889158909696572e-01,9.152649946538953252e-01,9.276445102256710706e-01,8.660874923970212080e-01,9.608987667083533912e-01,9.631527658593547203e-01,8.916672285997087055e-01,8.825937075196449433e-01,8.690148653160740810e-01,9.838072591059578986e-01,9.839319440447997778e-01,9.288615995127953440e-01,9.318729308843669568e-01,9.481188431915706927e-01,9.429469201028489733e-01,8.997710073798406150e-01,1.000000000000000000e+00,9.724201252014934571e-01,8.333172739186883726e-01,8.512927120648188239e-01,9.521831540348150158e-01,8.835894720107312361e-01,8.619875984001572622e-01,9.682173071071977777e-01,9.398585682871861691e-01,9.381682133585519390e-01,8.622410860970991520e-01,8.874549050730579092e-01,9.647493494105344736e-01
8.743882016336987917e-01,8.750846712312021491e-01,9.664488343592038122e-01,9.555604268705829574e-01,9.486245784018856320e-01,9.481248399067234711e-01,9.560451305457418059e-01,9.435639000944998633e-01,8.730022106944229643e-01,9.790415978788030715e-01,9.544168654392670703e-01,9.249348918534546771e-01,9.406929723223826922e-01,8.740866673636843442e-01,9.660168199267651357e-01,9.768928233055919064e-01,9.026152654997016134e-01,8.895048859322201018e-01,8.788431793064109820e-01,9.744925562291821830e-01,9.704250893868373584e-01,9.430622357951906620e-01,9.465479376434352554e-01,9.592338741639728772e-01,9.567686138444061461e-01,9.079615342880317241e-01,9.724201252014934571e-01,1.000000000000000000e+00,8.430643164697730896e-01,8.583502783270131609e-01,9.644986473608665456e-01,8.943339903082644371e-01,8.690745283214774686e-01,9.778084196950432849e-01,9.512478925887249970e-01,9.523019012887196100e-01,8.715731823267999223e-01,8.951331344742282647e-01,9.520799409281959225e-01
9.177933350387901257e-01,9.419728301313846641e-01,8.493954031240050773e-01,8.593804134462681432e-01,8.579631893668215881e-01,8.515366118043320443e-01,8.597340008012829271e-01,8.612206690674140130e-01,9.513997365943936968e-01,8.447391133702433219e-01,8.503756515580088715e-01,8.704249226873193024e-01,8.648427166434887736e-01,9.598022251783360215e-01,8.457634155151918520e-01,8.511959234292703069e-01,9.125489725142076347e-01,9.114779200696760952e-01,9.332667095194037143e-01,8.322775768332953961e-01,8.342704238721588839e-01,8.557315173667916497e-01,8.582985851809009636e-01,8.486469610491543802e-01,8.615006927055213204e-01,8.879751746407099633e-01,8.333172739186883726e-01,8.430643164697730896e-01,1.000000000000000000e+00,9.669189253240931814e-01,8.566905222335415848e-01,9.067776645212822784e-01,9.586620226049230586e-01,8.345428288300549280e-01,8.574295910522725661e-01,8.577195858771196058e-01,9.568697984556268077e-01,9.082302943797057049e-01,8.488481798341618312e-01
9.393085721349823114e-01,9.401678322547732947e-01,8.648935860204456372e-01,8.734286535912079152e-01,8.714854229131380192e-01,8.657247591629925187e-01,8.734511804878256624e-01,8.776415249108480143e-01,9.662146507135417339e-01,8.618835661593904351e-01,8.648652143341115650e-01,8.858329808452343190e-01,8.796319824426036549e-01,9.622226072537392039e-01,8.639050228685775101e-01,8.670426293733687340e-01,9.310600520617963172e-01,9.337830864037923728e-01,9.515499462277088316e-01,8.520859451841688026e-01,8.520452902459477729e-01,8.695079524677222782e-01,8.699584048815435233e-01,8.654382949037034978e-01,8.760220638649978131e-01,9.078593992068403340e-01,8.512927120648188239e-01,8.583502783270131609e-01,9.669189253240931814e-01,1.000000000000000000e+00,8.717595112867195795e-01,9.257290665756354731e-01,9.546949955515408037e-01,8.526077719799831645e-01,8.686405773842709177e-01,8.698852503830654115e-01,9.591800140915750505e-01,9.300834040228797006e-01,8.637112793914829556e-01
8.952400360688392844e-01,8.861160133445998843e-01,9.760236551766808821e-01,9.765507606091633486e-01,9.695358399198598098e-01,9.696570534478839987e-01,9.768647586802711169e-01,9.625949962214367384e-01,8.890834051697200646e-01,9.700517178838214960e-01,9.666132180842386123e-01,9.448329258891221549e-01,9.599141173840741725e-01,8.896474455263903014e-01,9.532249422500393976e-01,9.719647080920901239e-01,9.196341732166498639e-01,9.113190381032189036e-01,8.988598072072213618e-01,9.556239056500924756e-01,9.506403104033983587e-01,9.627885499051292983e-01,9.682822851921722984e-01,9.785998483709087425e-01,9.775929954691046087e-01,9.337843045605751513e-01,9.521831540348150158e-01,9.644986473608665456e-01,8.566905222335415848e-01,8.717595112867195795e-01,1.000000000000000000e+00,9.189784475933657770e-01,8.818657396933745618e-01,9.634038588715546636e-01,9.734523438705448006e-01,9.744789462196737917e-01,8.903868798202981827e-01,9.190711883085994627e-01,9.369386703047314358e-01
9.607756788088698263e-01,9.145201389219923538e-01,9.072128575809200735e-01,9.227842148776366216e-01,9.322667377941926681e-01,9.170256018365235962e-01,9.266865882595045623e-01,9.329443431703370315e-01,9.430910623596144848e-01,9.019464107908624628e-01,9.227854890796886034e-01,9.407845486585456607e-01,9.377347433066850479e-01,9.335094448171414871e-01,8.947124746019480268e-01,9.061641928926186251e-01,9.522701177447584486e-01,9.725756802695219028e-01,9.545324601378554208e-01,8.883204356280854919e-01,8.848526118107251648e-01,9.299019954814685684e-01,9.262414950366114619e-01,9.103103951939747196e-01,9.270681237641006378e-01,9.669853280270613860e-01,8.835894720107312361e-01,8.943339903082644371e-01,9.067776645212822784e-01,9.257290665756354731e-01,9.189784475933657770e-01,1.000000000000000000e+00,9.199354648664107570e-01,8.936351369805858313e-01,9.208327380363311443e-01,9.221892994580608294e-01,9.394281727304729657e-01,9.770066907145503743e-01,8.880736426432271902e-01
9.281231075757827576e-01,9.580360344220200108e-01,8.759270352458815578e-01,8.794025016794022598e-01,8.797361795983681398e-01,8.724231512286894086e-01,8.805150833458168513e-01,8.857387436562016436e-01,9.546414397142490849e-01,8.682574316617907018e-01,8.773134374801979662e-01,8.950422591124235216e-01,8.896660721470378563e-01,9.620140325502579692e-01,8.645809568407345491e-01,8.781520707151220240e-01,9.266346372462779257e-01,9.244736920375328237e-01,9.432408967818949330e-01,8.603417451760906332e-01,8.614254880602443265e-01,8.809913743707049605e-01,8.819520717671955889e-01,8.752747025843057305e-01,8.820291868300412785e-01,9.071486825880759053e-01,8.619875984001572622e-01,8.690745283214774686e-01,9.586620226049230586e-01,9.546949955515408037e-01,8.818657396933745618e-01,9.199354648664107570e-01,1.000000000000000000e+00,8.651930204708496719e-01,8.773459159397332119e-01,8.788316794929111886e-01,9.602268769710772256e-01,9.205334639832233323e-01,8.638101728875082763e-01
8.783268288611586483e-01,8.716542881292979050e-01,9.682022980693656411e-01,9.535472614925163404e-01,9.483859692086986648e-01,9.514298542516429480e-01,9.546372328099723692e-01,9.451406405971723990e-01,8.716300876197848879e-01,9.771496099065110075e-01,9.562184846678811745e-01,9.281720535566639896e-01,9.420236938914215985e-01,8.684536334467798380e-01,9.693306565846523393e-01,9.782653586533481826e-01,9.011242104671497444e-01,8.899313895204461478e-01,8.798339142613974539e-01,9.726702382923974044e-01,9.668935803188934974e-01,9.454482045763202835e-01,9.459578557424811462e-01,9.616215254946931523e-01,9.547296764797675861e-01,9.082211478582906672e-01,9.682173071071977777e-01,9.778084196950432849e-01,8.345428288300549280e-01,8.526077719799831645e-01,9.634038588715546636e-01,8.936351369805858313e-01,8.651930204708496719e-01,1.000000000000000000e+00,9.514973758361122691e-01,9.504560133114452469e-01,8.661261249661025285e-01,8.962801335942379710e-01,9.502605435290353286e-01
8.966831085145349212e-01,8.858403191565736856e-01,9.673992735982837043e-01,9.808109147156177654e-01,9.761963767922797741e-01,9.807622931262411914e-01,9.781333534534046859e-01,9.684473848770619453e-01,8.885065109856603582e-01,9.595276342524399205e-01,9.744173423835101877e-01,9.505217699242414220e-01,9.628713788430387499e-01,8.892874721654383530e-01,9.457622919583400511e-01,9.610596239428084164e-01,9.195451367265825571e-01,9.113062557335108727e-01,8.990484626432093673e-01,9.424065340727805218e-01,9.378389509665510104e-01,9.684003914283952907e-01,9.774102594319358239e-01,9.732973070828196960e-01,9.786207017823403964e-01,9.382685109490574993e-01,9.398585682871861691e-01,9.512478925887249970e-01,8.574295910522725661e-01,8.686405773842709177e-01,9.734523438705448006e-01,9.208327380363311443e-01,8.773459159397332119e-01,9.514973758361122691e-01,1.000000000000000000e+00,9.806266147440909631e-01,8.906553287073682990e-01,9.204276132344906269e-01,9.256644465921539666e-01
9.004772027935529222e-01,8.854625716289791226e-01,9.667193307559032167e-01,9.814882903877941711e-01,9.769584144840131046e-01,9.773409269877029182e-01,9.817841880690444389e-01,9.678037558049764622e-01,8.886339288965763306e-01,9.605691253567195664e-01,9.719465176491439706e-01,9.505661254264139437e-01,9.631214170577181433e-01,8.890267795380628613e-01,9.436370625124882450e-01,9.620199500193753472e-01,9.198065741047184440e-01,9.135152603731607757e-01,9.010396323086558024e-01,9.409308823703772529e-01,9.364050498568650127e-01,9.677815689228678186e-01,9.777201766188283738e-01,9.712431387386625259e-01,9.815379707435586409e-01,9.381766163377096568e-01,9.381682133585519390e-01,9.523019012887196100e-01,8.577195858771196058e-01,8.698852503830654115e-01,9.744789462196737917e-01,9.221892994580608294e-01,8.788316794929111886e-01,9.504560133114452469e-01,9.806266147440909631e-01,1.000000000000000000e+00,8.914899026106620772e-01,9.217452588331630503e-01,9.223012378031102410e-01
9.540001947237969349e-01,9.563937106606575922e-01,8.792284485099458591e-01,8.932608047108702154e-01,8.946157311157810765e-01,8.816828028473361334e-01,8.947602173009532311e-01,8.952253742337484832e-01,9.724909338304107420e-01,8.731701272080758525e-01,8.829751146900476355e-01,9.056634356678066045e-01,9.005272772435718442e-01,9.805636371419315100e-01,8.692978797701990112e-01,8.803234242927245878e-01,9.400901834020954917e-01,9.462422968788601896e-01,9.672864667544657236e-01,8.629852092044790757e-01,8.621754278550942674e-01,8.912073240311952915e-01,8.919028567895996851e-01,8.796458247058949187e-01,8.966131625241764436e-01,9.254036985911117119e-01,8.622410860970991520e-01,8.715731823267999223e-01,9.568697984556268077e-01,9.591800140915750505e-01,8.903868798202981827e-01,9.394281727304729657e-01,9.602268769710772256e-01,8.661261249661025285e-01,8.906553287073682990e-01,8.914899026106620772e-01,1.000000000000000000e+00,9.427332514043479383e-01,8.668944540101838347e-01
9.639861051327072161e-01,9.147185669616815229e-01,9.073990666673587002e-01,9.221784067803525664e-01,9.289425394734581731e-01,9.184217313848905828e-01,9.257028050804629871e-01,9.319673673212018894e-01,9.488778656075661511e-01,9.027208591668405280e-01,9.218371238393573419e-01,9.435156530520218965e-01,9.365150540999692685e-01,9.365866462304276441e-01,8.980136850312900876e-01,9.073739899916071217e-01,9.625080171668679574e-01,9.812697157365423140e-01,9.608473853724353031e-01,8.924591538485108222e-01,8.897235480104189742e-01,9.281662562617574164e-01,9.255433255703169326e-01,9.117633573064699570e-01,9.266734217602146106e-01,9.659142527545840906e-01,8.874549050730579092e-01,8.951331344742282647e-01,9.082302943797057049e-01,9.300834040228797006e-01,9.190711883085994627e-01,9.770066907145503743e-01,9.205334639832233323e-01,8.962801335942379710e-01,9.204276132344906269e-01,9.217452588331630503e-01,9.427332514043479383e-01,1.000000000000000000e+00,8.913520933719764061e-01
8.699174828792416436e-01,8.778172925734948340e-01,9.387610849976255611e-01,9.285666256887734615e-01,9.213370711781764255e-01,9.240471934928661257e-01,9.271143017759549965e-01,9.210829062484351404e-01,8.740667280114068349e-01,9.527717199876979404e-01,9.280787960900314104e-01,9.047947709730251864e-01,9.174502732336693445e-01,8.725035197068343740e-01,9.471135246042432509e-01,9.470678066556932340e-01,8.964644396396416193e-01,8.875756004119662590e-01,8.732683434725696525e-01,9.635523996700356975e-01,9.637531667701398908e-01,9.144377792968353402e-01,9.162226447789776351e-01,9.329364136365128068e-01,9.261884993117857068e-01,8.986445002139648031e-01,9.647493494105344736e-01,9.520799409281959225e-01,8.488481798341618312e-01,8.637112793914829556e-01,9.369386703047314358e-01,8.880736426432271902e-01,8.638101728875082763e-01,9.502605435290353286e-01,9.256644465921539666e-01,9.223012378031102410e-01,8.668944540101838347e-01,8.913520933719764061e-01,1.000000000000000000e+00
