1.000000000000000000e+00,3.962472707887025880e-01,2.615125021176578635e-01,1.391698655487695613e-01,3.894245315539586749e-01,1.716703802127408571e-02,4.897957764170991074e-02,-3.786011202735018455e-01,3.094282737296001895e-01,4.823049024497727544e-01,-2.309943935785041969e-03,2.293282614996496396e-02,1.034859914601477388e-01,4.505472129865331632e-01,-2.142689352256540447e-01,4.423095213883200816e-01,-2.749972055924471484e-02,-3.140378515290148664e-02,-6.957119177248352604e-02,1.135748305490623528e-01,1.960657985120037305e-01,1.529332353641223163e-01,3.088828681047394165e-01,3.259072967978747237e-01,4.667533232433138113e-01,6.624413597061795667e-02,1.634268531670106384e-01,2.575697298086058185e-01,3.866369391588233007e-01,5.536582368219153949e-01,2.014511568499486038e-01,1.697692259826815986e-01,2.995563249587684940e-01,3.138379308788839528e-01,8.789012257521053306e-02,3.320204687438212399e-01,1.734696131056585322e-01,-3.864635506377013530e-02,2.058761103681024662e-01
3.962472707887025880e-01,1.000000000000000000e+00,4.941627137208586262e-01,6.646418901530855017e-01,3.628973212129258386e-01,-3.912703463561320039e-01,6.023300375695246345e-01,-1.988255093987340572e-01,7.745005889577595282e-01,4.671138263975345706e-01,-3.586591483314994777e-01,7.391662114260578731e-01,5.046446364592578337e-01,2.348051551338075638e-01,4.596113715091331153e-01,4.364955026394921611e-01,-3.576085430263923892e-01,4.189432998022039611e-01,5.953275352463616166e-01,5.084449155853300040e-01,4.277106628731629223e-02,5.207025368899900197e-01,6.886037035163449227e-01,6.673578346100597636e-02,1.519685868591140465e-01,-2.534629302599881728e-01,2.682486545762893804e-01,-4.481466226956347665e-01,-2.671541821441398290e-01,1.993689870856783508e-01,-9.813976995414508409e-02,6.101105300576536994e-01,2.644429255654588418e-01,6.674721152970964910e-01,-2.864453219104975412e-01,3.881915368322117477e-01,-3.966310831604245579e-01,3.785772943865314821e-02,7.787909980841680735e-01
2.615125021176578635e-01,4.941627137208586262e-01,1.000000000000000000e+00,5.419312425844317049e-01,5.418225586019441709e-01,8.642551066866791670e-03,5.478824588746558089e-01,-6.600690952793389910e-01,4.608910425300544178e-01,5.226611344056597552e-01,-3.616188086256988954e-01,5.224465378235245705e-01,5.473242190953724329e-01,2.775506531602016103e-01,3.031805645809415584e-01,5.961514520689819019e-01,-3.330605698887088573e-01,4.557081931623139792e-01,4.905950897643851505e-01,5.533146156812389638e-01,5.808662114117871811e-01,6.837062061791433498e-01,4.233872694488700072e-01,2.654943456220612008e-01,3.562709418023362606e-01,9.327877910437769315e-02,1.016529582297499013e-01,1.992007326890767038e-02,-8.481832884511866788e-02,3.937684900981302527e-01,-8.104389934936415130e-02,5.230338244377068513e-01,6.986728303378416660e-01,5.868907801906024790e-01,2.023673468188573188e-01,2.186129192374096364e-01,-1.971373154645701675e-01,2.580282560969136552e-01,4.721172804618186114e-01
1.391698655487695613e-01,6.646418901530855017e-01,5.419312425844317049e-01,1.000000000000000000e+00,1.351656472465576353e-01,-2.962629019171011957e-01,7.168492908669371610e-01,-6.380910742879171427e-02,6.256963083805221482e-01,3.721735864492983215e-01,-5.816223648249161382e-01,7.820397994156499388e-01,5.099562073725488753e-01,-6.286137858697529723e-02,5.665238686074004493e-01,3.634660780120740342e-01,-5.489758076957176325e-01,5.373123188129576011e-01,7.341551346281195434e-01,6.985491198299216276e-01,1.858870107615765987e-01,6.427417552514432808e-01,5.571439807049433091e-01,-1.023448205723847537e-01,2.558515178165351317e-02,-2.788673146131354641e-01,-9.010093990873835074e-04,-4.580113892721240365e-01,-4.748725483252989599e-01,1.072881123764269501e-01,-2.585988562376117517e-01,4.929435191096495639e-01,3.122727542541127721e-01,5.447315737821534221e-01,-2.056854757733349581e-01,2.177499992150688790e-01,-5.595525951640917262e-01,1.699125898884338015e-01,7.264663325861657750e-01
3.894245315539586749e-01,3.628973212129258386e-01,5.418225586019441709e-01,1.351656472465576353e-01,1.000000000000000000e+00,-1.743367236909958984e-01,1.595922891061070936e-01,-6.405674399028286059e-01,4.910842511452203629e-01,3.781324653481548115e-01,1.490211535216245942e-01,1.642078587986494087e-01,2.136838933633858351e-01,5.524052968029177224e-01,-4.980824010912417860e-02,4.259288983253332050e-01,1.006990711493859353e-01,3.905567799703014154e-01,1.931742359218179550e-01,3.059673949645135352e-02,1.507378864426162646e-01,1.469631177458609606e-01,4.302519194165553285e-01,4.354236194441128416e-01,4.359923131952305186e-01,1.945360952618922223e-01,3.693056296722704857e-01,1.130866146030243824e-01,2.224075052248809803e-01,4.138945183239870484e-01,1.368149495924892156e-01,2.910938186025006646e-01,3.388734201542577540e-01,6.348923820429744902e-01,-4.522929722627715143e-02,1.837239272259080514e-01,-9.788449106290153176e-03,3.096224522168006810e-01,3.075097247938783918e-01
1.716703802127408571e-02,-3.912703463561320039e-01,8.642551066866791670e-03,-2.962629019171011957e-01,-1.743367236909958984e-01,1.000000000000000000e+00,-1.908738900937139993e-01,-1.005904957989368076e-01,-5.392677432261553383e-01,1.232916466163007652e-01,1.264831843152879332e-01,-4.030664966338657895e-01,8.937834986116183905e-03,1.167727836554571935e-01,-3.030948152834860299e-01,1.611085545651432527e-01,4.251327863058717432e-02,-3.808447985465047703e-01,-3.274449827425567894e-01,5.945873897951251680e-02,5.234533972850353711e-01,4.134017474605627962e-02,-4.129936776315376590e-01,2.401883578257051066e-01,3.013128223088394897e-01,2.681972154617500714e-01,-1.674451556147142917e-01,5.603510856360491843e-01,4.208172743358088996e-01,3.284042798908848870e-01,5.500789912335506127e-02,2.960459617563108992e-02,3.437936076293472420e-01,-4.584368243534494569e-01,7.638400665543274570e-01,2.370924641851997194e-02,6.084957723846498023e-01,-1.861953608324447285e-01,-5.396945851803212069e-01
4.897957764170991074e-02,6.023300375695246345e-01,5.478824588746558089e-01,7.168492908669371610e-01,1.595922891061070936e-01,-1.908738900937139993e-01,1.000000000000000000e+00,-8.844163036783977971e-02,5.569735132499502583e-01,4.570772832065538305e-01,-4.650695006907091256e-01,7.256917731466500099e-01,4.813725996662149287e-01,8.655199490076179170e-02,6.021931548569808834e-01,4.267562859824438615e-01,-3.368945351835350710e-01,4.980881349960925020e-01,7.127439122009415762e-01,6.921654079734954612e-01,2.694576895149546347e-01,6.813455117070192912e-01,5.433298144082928660e-01,1.796208057640149777e-02,1.360372886548912030e-01,-1.774950768109433696e-01,4.124915393505077660e-02,-3.326924460578226106e-01,-3.907891718973035555e-01,1.364210495559688985e-01,-1.684741442995837668e-01,5.674467696556231289e-01,3.693508312580864872e-01,5.095028460192877473e-01,-6.367148767858747671e-02,2.697450541249164502e-01,-4.398848636973868853e-01,2.062609888845403361e-01,6.622685512797374940e-01
-3.786011202735018455e-01,-1.988255093987340572e-01,-6.600690952793389910e-01,-6.380910742879171427e-02,-6.405674399028286059e-01,-1.005904957989368076e-01,-8.844163036783977971e-02,1.000000000000000000e+00,-1.983974601628157031e-01,-3.599139817311384770e-01,3.311811926129267034e-03,-5.058751623080088439e-02,-3.223507628663236368e-01,-4.690478147188348323e-01,1.506115556821638057e-01,-4.392438230219561923e-01,-2.790818504871704631e-02,-9.424510111576035742e-02,-3.420967058327330804e-05,-8.148678698889394445e-02,-4.325356005565772488e-01,-2.524014149718044053e-01,-1.668799103850619470e-01,-3.840951125042502690e-01,-3.708485791536509368e-01,-2.412216276994620379e-01,-1.046756353923491839e-01,-2.949028558646057951e-01,-2.877812345309329056e-01,-4.133878661631067430e-01,-6.067109753074165918e-02,-2.748335351103471380e-01,-5.234458510299362377e-01,-3.775683262331602785e-01,-2.656628489732992815e-01,-1.367923891009314996e-01,-1.508382744915373330e-01,-1.058771515047084860e-01,-9.404743940368413824e-02
3.094282737296001895e-01,7.745005889577595282e-01,4.608910425300544178e-01,6.256963083805221482e-01,4.910842511452203629e-01,-5.392677432261553383e-01,5.569735132499502583e-01,-1.983974601628157031e-01,1.000000000000000000e+00,3.814623624145667691e-01,-2.370758628474476104e-01,6.936519274771405508e-01,4.043566116546070122e-01,2.641374103005010854e-01,4.960311826303654970e-01,3.767447841374847450e-01,-1.851243477438873630e-01,6.492058746803561764e-01,6.675688456917884261e-01,3.991543248564632940e-01,-1.175474448906786984e-01,3.768664926332540022e-01,7.434707451669886336e-01,1.030483105499207935e-01,1.470764314954529639e-01,-9.780461663171927111e-02,3.652666732132469063e-01,-4.487062446156079298e-01,-2.328031274248848204e-01,1.929152978948594221e-01,-1.413698043725832576e-01,5.144258018233923702e-01,1.440908588258215106e-01,7.537899427001937269e-01,-4.368899077120306229e-01,3.050312575742851751e-01,-5.051752521342341984e-01,3.095115241758657487e-01,7.807685115084822547e-01
4.823049024497727544e-01,4.671138263975345706e-01,5.226611344056597552e-01,3.721735864492983215e-01,3.781324653481548115e-01,1.232916466163007652e-01,4.570772832065538305e-01,-3.599139817311384770e-01,3.814623624145667691e-01,1.000000000000000000e+00,-2.281098807143858431e-01,3.567314674744789804e-01,2.626618398451948111e-01,5.298339070827078334e-01,1.237134729262395066e-01,8.062576422842314683e-01,-1.637572626265971498e-01,2.900466929207586309e-01,3.887068360280777624e-01,4.862088419533268091e-01,5.320842544058734802e-01,5.857370175203183704e-01,6.068162712596301134e-01,3.844821830391470519e-01,6.656805699682368793e-01,2.343718037304379220e-01,3.064321923935165448e-01,2.450546799894428029e-01,1.780247015022981272e-01,7.114322857910626574e-01,2.941332219864780662e-01,5.441394379149819827e-01,6.247864536103735489e-01,3.183136706404311456e-01,3.586375126560706894e-01,5.747327609022874206e-01,1.552752784858470181e-01,2.945501688548305963e-01,4.354054834809837904e-01
-2.309943935785041969e-03,-3.586591483314994777e-01,-3.616188086256988954e-01,-5.816223648249161382e-01,1.490211535216245942e-01,1.264831843152879332e-01,-4.650695006907091256e-01,3.311811926129267034e-03,-2.370758628474476104e-01,-2.281098807143858431e-01,1.000000000000000000e+00,-5.169063294712624712e-01,-3.177292499939251003e-01,2.297308704101776733e-01,-3.226611384032198049e-01,-2.845089699741596978e-01,6.782182963548736288e-01,-2.477890778830930674e-01,-4.652220776486445386e-01,-5.150420635934529479e-01,-2.812596499859868482e-01,-5.332298790284978329e-01,-2.714144858223500600e-01,2.314796317828030914e-01,-7.507629051197115162e-03,3.060008616554865113e-01,2.591286686555913099e-01,2.476080408702990843e-01,4.599384934099137734e-01,6.776432291980424849e-03,1.840978865114484830e-01,-2.146881007964876464e-01,-2.953685851047702648e-01,-2.090119388542583112e-01,-2.483690740706597649e-02,-1.193565265307749701e-01,3.569596511710077524e-01,-3.542741295063051021e-02,-4.446809006260946107e-01
2.293282614996496396e-02,7.391662114260578731e-01,5.224465378235245705e-01,7.820397994156499388e-01,1.642078587986494087e-01,-4.030664966338657895e-01,7.256917731466500099e-01,-5.058751623080088439e-02,6.936519274771405508e-01,3.567314674744789804e-01,-5.169063294712624712e-01,1.000000000000000000e+00,5.156040548333602480e-01,-2.712840967129741959e-02,6.767884686913706593e-01,3.442953118082891506e-01,-4.519752903807248146e-01,5.779895071615228641e-01,7.740784887442585527e-01,6.321059766061980500e-01,9.313829252502320299e-02,6.356849220809386303e-01,6.252516194117030413e-01,-1.002181076514611635e-01,-1.070367301011385282e-02,-2.605771570334529108e-01,1.393577093429566316e-01,-5.524549621318409764e-01,-5.338135038340896532e-01,1.836176678464804257e-02,-2.250229351284517565e-01,5.833617210803071496e-01,2.595770762353454830e-01,5.943632262794511512e-01,-2.877236520795577457e-01,2.750818865996258467e-01,-5.915588187168745460e-01,1.960208409342041047e-01,8.012679081558031768e-01
1.034859914601477388e-01,5.046446364592578337e-01,5.473242190953724329e-01,5.099562073725488753e-01,2.136838933633858351e-01,8.937834986116183905e-03,4.813725996662149287e-01,-3.223507628663236368e-01,4.043566116546070122e-01,2.626618398451948111e-01,-3.177292499939251003e-01,5.156040548333602480e-01,1.000000000000000000e+00,2.037082817959532111e-01,4.326231447703890454e-01,2.818052002799079636e-01,-2.213386901650946648e-01,2.114423369633356975e-01,4.285456102663785516e-01,5.263999061332327312e-01,2.794844804559655227e-01,3.987356337815143315e-01,3.304040721945633030e-01,2.549068024820014822e-01,8.673993772480247111e-02,-1.112509312547204088e-01,-4.137664202032284577e-02,-2.642601386551264864e-01,-1.264344061225525506e-01,1.443154480910312509e-01,-4.111294067339553715e-01,5.917361431199484878e-01,4.410129534365724302e-01,4.145713532960996206e-01,8.920649855727427746e-02,2.457414676570899292e-01,-2.400654285986617564e-01,-2.708945073863858188e-02,3.908112709547977293e-01
4.505472129865331632e-01,2.348051551338075638e-01,2.775506531602016103e-01,-6.286137858697529723e-02,5.524052968029177224e-01,1.167727836554571935e-01,8.655199490076179170e-02,-4.690478147188348323e-01,2.641374103005010854e-01,5.298339070827078334e-01,2.297308704101776733e-01,-2.712840967129741959e-02,2.037082817959532111e-01,1.000000000000000000e+00,-1.292927974468389696e-01,5.182079521642509734e-01,3.159746623689136946e-01,6.156184774026316614e-02,-1.305135424149365432e-02,2.169227576528999155e-02,2.224540332016741728e-01,4.043405307141115929e-02,3.731284168267157697e-01,6.842312416152896981e-01,5.892539325183431265e-01,3.391914322312388208e-01,3.401428032898674569e-01,3.416576863041939083e-01,5.405989855054705862e-01,5.872195576839487341e-01,1.917155627649085037e-01,3.749770036449193711e-01,3.552472531952993173e-01,2.858959720799155169e-01,2.732633982781988990e-01,5.092870338070966119e-01,4.156891317092292759e-01,1.461766006646031957e-01,8.849788910338279857e-02
-2.142689352256540447e-01,4.596113715091331153e-01,3.031805645809415584e-01,5.665238686074004493e-01,-4.980824010912417860e-02,-3.030948152834860299e-01,6.021931548569808834e-01,1.506115556821638057e-01,4.960311826303654970e-01,1.237134729262395066e-01,-3.226611384032198049e-01,6.767884686913706593e-01,4.326231447703890454e-01,-1.292927974468389696e-01,1.000000000000000000e+00,1.201596057159073916e-01,-1.965883239713213937e-01,5.047619047340351495e-01,6.740084641622628991e-01,5.528940755326067213e-01,3.809515435846978076e-02,4.862263349170944937e-01,3.953338679084618112e-01,-8.994822733906469858e-02,-1.414195394842055475e-01,-2.076266670708985448e-02,9.101387009959520380e-02,-5.087467440986698231e-01,-3.830987008854478404e-01,-1.075984881299122536e-01,-3.770179632156999694e-01,4.423322028132943284e-01,1.495120740609847676e-01,3.541828097876418280e-01,-2.183361612355841364e-01,1.305291078240948810e-01,-5.677850278660653283e-01,2.827811528939747077e-01,5.435571959318140633e-01
4.423095213883200816e-01,4.364955026394921611e-01,5.961514520689819019e-01,3.634660780120740342e-01,4.259288983253332050e-01,1.611085545651432527e-01,4.267562859824438615e-01,-4.392438230219561923e-01,3.767447841374847450e-01,8.062576422842314683e-01,-2.845089699741596978e-01,3.442953118082891506e-01,2.818052002799079636e-01,5.182079521642509734e-01,1.201596057159073916e-01,1.000000000000000000e+00,-1.968897318179948785e-01,3.781469741726086187e-01,4.058969524349710922e-01,4.612362637968764334e-01,5.823742450855899921e-01,6.159075465049919096e-01,5.688252165607410316e-01,4.018123571234885061e-01,6.594255797237568162e-01,2.988009905606513472e-01,2.476621433060225419e-01,2.518889295095615988e-01,2.015768804698423733e-01,7.051269978101075697e-01,2.076582300826036731e-01,5.393913506266158064e-01,6.856368045219879415e-01,3.466829247579837903e-01,3.955552111953594685e-01,4.848550749788561598e-01,1.364970758053740962e-01,3.656389228536474634e-01,3.860185200797023874e-01
-2.749972055924471484e-02,-3.576085430263923892e-01,-3.330605698887088573e-01,-5.489758076957176325e-01,1.006990711493859353e-01,4.251327863058717432e-02,-3.368945351835350710e-01,-2.790818504871704631e-02,-1.851243477438873630e-01,-1.637572626265971498e-01,6.782182963548736288e-01,-4.519752903807248146e-01,-2.213386901650946648e-01,3.159746623689136946e-01,-1.965883239713213937e-01,-1.968897318179948785e-01,1.000000000000000000e+00,-1.794864566640205217e-01,-3.797554053714966016e-01,-4.262598515062554494e-01,-2.526314777835868552e-01,-5.076444874664787221e-01,-1.589878823343678915e-01,3.015245543596979938e-01,2.618662195098238679e-02,4.378039123940918320e-01,2.330518085967914765e-01,2.599048790101488038e-01,5.122922168132975074e-01,3.291371039949033545e-02,7.302576665748311546e-02,-1.042939654669055027e-01,-2.374173401355256507e-01,-1.899132815989133249e-01,-2.710956629756789728e-03,-9.495006941937885608e-03,3.014931784538062431e-01,1.488579613002177782e-01,-3.786952120480358008e-01
-3.140378515290148664e-02,4.189432998022039611e-01,4.557081931623139792e-01,5.373123188129576011e-01,3.905567799703014154e-01,-3.808447985465047703e-01,4.980881349960925020e-01,-9.424510111576035742e-02,6.492058746803561764e-01,2.900466929207586309e-01,-2.477890778830930674e-01,5.779895071615228641e-01,2.114423369633356975e-01,6.156184774026316614e-02,5.047619047340351495e-01,3.781469741726086187e-01,-1.794864566640205217e-01,1.000000000000000000e+00,7.325911255561250446e-01,3.956808200956579147e-01,4.316480722523730051e-02,4.328626964461121385e-01,5.742947356436143291e-01,2.283452033281280213e-02,1.458737311263106073e-01,1.427828737036893614e-01,3.126743457113138613e-01,-2.575786624216608867e-01,-2.776925567732398958e-01,1.645933932619203510e-01,-8.720219802757320227e-02,3.531439256374194202e-01,2.239858063030526480e-01,5.678845403424498395e-01,-2.470780410571688512e-01,1.116177734251562331e-01,-4.941004206066713089e-01,6.653225229645693961e-01,5.924875131191607025e-01
-6.957119177248352604e-02,5.953275352463616166e-01,4.905950897643851505e-01,7.341551346281195434e-01,1.931742359218179550e-01,-3.274449827425567894e-01,7.127439122009415762e-01,-3.420967058327330804e-05,6.675688456917884261e-01,3.887068360280777624e-01,-4.652220776486445386e-01,7.740784887442585527e-01,4.285456102663785516e-01,-1.305135424149365432e-02,6.740084641622628991e-01,4.058969524349710922e-01,-3.797554053714966016e-01,7.325911255561250446e-01,1.000000000000000000e+00,6.298667889779945295e-01,1.224303248216419421e-01,6.156739599382337058e-01,6.258271184685376687e-01,-5.797555172031407245e-02,8.349028012804347865e-02,-6.178936004394289250e-02,1.969628020461554607e-01,-4.497649974445721566e-01,-4.703350760297154154e-01,9.642359012155676812e-02,-2.201171211197292255e-01,5.689367072101061407e-01,2.782431408630898773e-01,5.209503548298587416e-01,-1.928128472734324250e-01,1.831441220701877093e-01,-5.769086088949773039e-01,4.453932928222908427e-01,7.430696078145599959e-01
1.135748305490623528e-01,5.084449155853300040e-01,5.533146156812389638e-01,6.985491198299216276e-01,3.059673949645135352e-02,5.945873897951251680e-02,6.921654079734954612e-01,-8.148678698889394445e-02,3.991543248564632940e-01,4.862088419533268091e-01,-5.150420635934529479e-01,6.321059766061980500e-01,5.263999061332327312e-01,2.169227576528999155e-02,5.528940755326067213e-01,4.612362637968764334e-01,-4.262598515062554494e-01,3.956808200956579147e-01,6.298667889779945295e-01,1.000000000000000000e+00,4.569532547229286368e-01,7.151623068380957848e-01,4.405381836064620193e-01,6.848758348523129036e-02,2.098554049720781078e-01,-1.064431078513217444e-01,-4.303532254878860569e-02,-1.744039975892763827e-01,-2.900697689186149675e-01,2.535784302203889506e-01,-2.285160063183966361e-01,5.574060276325110141e-01,4.750634615874141931e-01,3.337150337717466053e-01,1.665710389403907143e-01,2.728484002248643958e-01,-2.804036108141691463e-01,1.588391080750899687e-01,5.213580996614973762e-01
1.960657985120037305e-01,4.277106628731629223e-02,5.808662114117871811e-01,1.858870107615765987e-01,1.507378864426162646e-01,5.234533972850353711e-01,2.694576895149546347e-01,-4.325356005565772488e-01,-1.175474448906786984e-01,5.320842544058734802e-01,-2.812596499859868482e-01,9.313829252502320299e-02,2.794844804559655227e-01,2.224540332016741728e-01,3.809515435846978076e-02,5.823742450855899921e-01,-2.526314777835868552e-01,4.316480722523730051e-02,1.224303248216419421e-01,4.569532547229286368e-01,1.000000000000000000e+00,6.063103965781916349e-01,4.631986164845801335e-02,3.127721709540250417e-01,4.923593869647754917e-01,2.992531334049106095e-01,-5.431950120053399833e-02,4.819420797864863437e-01,2.134077513302266582e-01,4.908233789497064015e-01,1.620302228775994113e-01,3.122986087855914028e-01,8.033956975542597689e-01,1.108942540070927824e-02,7.048794896010118771e-01,2.233916746731602065e-01,2.850234166762418142e-01,1.439802715314217885e-01,4.281613458876267798e-03
1.529332353641223163e-01,5.207025368899900197e-01,6.837062061791433498e-01,6.427417552514432808e-01,1.469631177458609606e-01,4.134017474605627962e-02,6.813455117070192912e-01,-2.524014149718044053e-01,3.768664926332540022e-01,5.857370175203183704e-01,-5.332298790284978329e-01,6.356849220809386303e-01,3.987356337815143315e-01,4.043405307141115929e-02,4.862263349170944937e-01,6.159075465049919096e-01,-5.076444874664787221e-01,4.328626964461121385e-01,6.156739599382337058e-01,7.151623068380957848e-01,6.063103965781916349e-01,1.000000000000000000e+00,4.419648990432742952e-01,2.819179679727418925e-02,3.019519803851655193e-01,2.820303833702943186e-02,5.994581480297334064e-02,-8.612142065772968036e-02,-2.584041715668762285e-01,3.289795776994383081e-01,-1.758859959136400627e-02,5.468345851053116879e-01,6.429357809528740697e-01,3.581501421818485409e-01,2.404821314598284132e-01,2.322502796726690910e-01,-2.536362944097537708e-01,2.478357055416463561e-01,5.521663982730203868e-01
3.088828681047394165e-01,6.886037035163449227e-01,4.233872694488700072e-01,5.571439807049433091e-01,4.302519194165553285e-01,-4.129936776315376590e-01,5.433298144082928660e-01,-1.668799103850619470e-01,7.434707451669886336e-01,6.068162712596301134e-01,-2.714144858223500600e-01,6.252516194117030413e-01,3.304040721945633030e-01,3.731284168267157697e-01,3.953338679084618112e-01,5.688252165607410316e-01,-1.589878823343678915e-01,5.742947356436143291e-01,6.258271184685376687e-01,4.405381836064620193e-01,4.631986164845801335e-02,4.419648990432742952e-01,1.000000000000000000e+00,2.144146808801662696e-01,3.797919333506090123e-01,1.751250056794086130e-02,3.813192273728749915e-01,-2.759023991955085187e-01,-1.532268403022522263e-01,3.839966918529346129e-01,2.548588093204910698e-02,5.563178886146844526e-01,2.670459449321271883e-01,6.001023617089150664e-01,-2.140863523883724251e-01,4.381910996477115239e-01,-3.072352290838744615e-01,3.910345999900325942e-01,7.298173460683888836e-01
3.259072967978747237e-01,6.673578346100597636e-02,2.654943456220612008e-01,-1.023448205723847537e-01,4.354236194441128416e-01,2.401883578257051066e-01,1.796208057640149777e-02,-3.840951125042502690e-01,1.030483105499207935e-01,3.844821830391470519e-01,2.314796317828030914e-01,-1.002181076514611635e-01,2.549068024820014822e-01,6.842312416152896981e-01,-8.994822733906469858e-02,4.018123571234885061e-01,3.015245543596979938e-01,2.283452033281280213e-02,-5.797555172031407245e-02,6.848758348523129036e-02,3.127721709540250417e-01,2.819179679727418925e-02,2.144146808801662696e-01,1.000000000000000000e+00,6.007065149807632176e-01,3.365865368993264384e-01,1.764066041771754634e-01,3.624947029313578262e-01,5.207942964816604237e-01,5.040866059416871936e-01,1.902459254686059836e-02,2.789832282671733665e-01,3.788282902668636543e-01,2.254318145718839372e-01,3.788844818479637500e-01,2.982375683570630542e-01,3.483067738107260003e-01,1.472119058911273981e-01,-7.974310985239806138e-02
4.667533232433138113e-01,1.519685868591140465e-01,3.562709418023362606e-01,2.558515178165351317e-02,4.359923131952305186e-01,3.013128223088394897e-01,1.360372886548912030e-01,-3.708485791536509368e-01,1.470764314954529639e-01,6.656805699682368793e-01,-7.507629051197115162e-03,-1.070367301011385282e-02,8.673993772480247111e-02,5.892539325183431265e-01,-1.414195394842055475e-01,6.594255797237568162e-01,2.618662195098238679e-02,1.458737311263106073e-01,8.349028012804347865e-02,2.098554049720781078e-01,4.923593869647754917e-01,3.019519803851655193e-01,3.797919333506090123e-01,6.007065149807632176e-01,1.000000000000000000e+00,3.585295637887942477e-01,2.355122981526211468e-01,4.715423642752995526e-01,4.204515538230409466e-01,7.115048327074690038e-01,2.738174435623898506e-01,2.679825537538375047e-01,5.303296514671427264e-01,1.850987543997923146e-01,4.855312482957315212e-01,3.759576543985077013e-01,3.635489341807788821e-01,2.634888659522977572e-01,9.019507984694738467e-02
6.624413597061795667e-02,-2.534629302599881728e-01,9.327877910437769315e-02,-2.788673146131354641e-01,1.945360952618922223e-01,2.681972154617500714e-01,-1.774950768109433696e-01,-2.412216276994620379e-01,-9.780461663171927111e-02,2.343718037304379220e-01,3.060008616554865113e-01,-2.605771570334529108e-01,-1.112509312547204088e-01,3.391914322312388208e-01,-2.076266670708985448e-02,2.988009905606513472e-01,4.378039123940918320e-01,1.427828737036893614e-01,-6.178936004394289250e-02,-1.064431078513217444e-01,2.992531334049106095e-01,2.820303833702943186e-02,1.751250056794086130e-02,3.365865368993264384e-01,3.585295637887942477e-01,1.000000000000000000e+00,4.578572125572330509e-01,4.876981752837500905e-01,5.797434588888947804e-01,4.277449839922743413e-01,1.702893396705328355e-01,1.143642405370407789e-01,3.246770739167109121e-01,-1.684544762047859578e-01,3.869273705470454017e-01,1.131436727624438726e-01,3.313453638390461142e-01,5.004336072279566006e-01,-2.244110652701173658e-01
1.634268531670106384e-01,2.682486545762893804e-01,1.016529582297499013e-01,-9.010093990873835074e-04,3.693056296722704857e-01,-1.674451556147142917e-01,4.124915393505077660e-02,-1.046756353923491839e-01,3.652666732132469063e-01,3.064321923935165448e-01,2.591286686555913099e-01,1.393577093429566316e-01,-4.137664202032284577e-02,3.401428032898674569e-01,9.101387009959520380e-02,2.476621433060225419e-01,2.330518085967914765e-01,3.126743457113138613e-01,1.969628020461554607e-01,-4.303532254878860569e-02,-5.431950120053399833e-02,5.994581480297334064e-02,3.813192273728749915e-01,1.764066041771754634e-01,2.355122981526211468e-01,4.578572125572330509e-01,1.000000000000000000e+00,3.217703517320140427e-02,2.383892130508610263e-01,2.584996341129800479e-01,2.671274396186733568e-01,3.467919011307576405e-01,1.027922740246797056e-01,1.801047136811632920e-01,-9.153865909032667114e-02,2.905309772726213935e-01,8.167973578171806859e-02,3.515071812294335296e-01,2.597256840577306658e-01
2.575697298086058185e-01,-4.481466226956347665e-01,1.992007326890767038e-02,-4.580113892721240365e-01,1.130866146030243824e-01,5.603510856360491843e-01,-3.326924460578226106e-01,-2.949028558646057951e-01,-4.487062446156079298e-01,2.450546799894428029e-01,2.476080408702990843e-01,-5.524549621318409764e-01,-2.642601386551264864e-01,3.416576863041939083e-01,-5.087467440986698231e-01,2.518889295095615988e-01,2.599048790101488038e-01,-2.575786624216608867e-01,-4.497649974445721566e-01,-1.744039975892763827e-01,4.819420797864863437e-01,-8.612142065772968036e-02,-2.759023991955085187e-01,3.624947029313578262e-01,4.715423642752995526e-01,4.876981752837500905e-01,3.217703517320140427e-02,1.000000000000000000e+00,6.199110319638223565e-01,4.534292710126348047e-01,5.007840510012089297e-01,-2.227746924475991763e-01,3.805275763485016505e-01,-3.106561975561643596e-01,6.408884965817345236e-01,1.363356781627321768e-01,6.887462483392027268e-01,1.147781021706902466e-01,-4.875100934965710398e-01
3.866369391588233007e-01,-2.671541821441398290e-01,-8.481832884511866788e-02,-4.748725483252989599e-01,2.224075052248809803e-01,4.208172743358088996e-01,-3.907891718973035555e-01,-2.877812345309329056e-01,-2.328031274248848204e-01,1.780247015022981272e-01,4.599384934099137734e-01,-5.338135038340896532e-01,-1.264344061225525506e-01,5.405989855054705862e-01,-3.830987008854478404e-01,2.015768804698423733e-01,5.122922168132975074e-01,-2.776925567732398958e-01,-4.703350760297154154e-01,-2.900697689186149675e-01,2.134077513302266582e-01,-2.584041715668762285e-01,-1.532268403022522263e-01,5.207942964816604237e-01,4.204515538230409466e-01,5.797434588888947804e-01,2.383892130508610263e-01,6.199110319638223565e-01,1.000000000000000000e+00,4.890935295867692711e-01,2.020394928671947754e-01,-7.484958358216874108e-02,2.020952564514817973e-01,-2.264298977156841697e-01,4.323774797437539008e-01,2.141077509534381473e-01,6.362038039736538364e-01,4.033767547025527561e-02,-4.633561930696965536e-01
5.536582368219153949e-01,1.993689870856783508e-01,3.937684900981302527e-01,1.072881123764269501e-01,4.138945183239870484e-01,3.284042798908848870e-01,1.364210495559688985e-01,-4.133878661631067430e-01,1.929152978948594221e-01,7.114322857910626574e-01,6.776432291980424849e-03,1.836176678464804257e-02,1.443154480910312509e-01,5.872195576839487341e-01,-1.075984881299122536e-01,7.051269978101075697e-01,3.291371039949033545e-02,1.645933932619203510e-01,9.642359012155676812e-02,2.535784302203889506e-01,4.908233789497064015e-01,3.289795776994383081e-01,3.839966918529346129e-01,5.040866059416871936e-01,7.115048327074690038e-01,4.277449839922743413e-01,2.584996341129800479e-01,4.534292710126348047e-01,4.890935295867692711e-01,1.000000000000000000e+00,2.118522319139750365e-01,3.444513527987342338e-01,5.483113345250093529e-01,1.885723742128549429e-01,4.701192599318340104e-01,4.206020231848922042e-01,3.603228387970490720e-01,2.915620833312838611e-01,9.584738344831451873e-02
2.014511568499486038e-01,-9.813976995414508409e-02,-8.104389934936415130e-02,-2.585988562376117517e-01,1.368149495924892156e-01,5.500789912335506127e-02,-1.684741442995837668e-01,-6.067109753074165918e-02,-1.413698043725832576e-01,2.941332219864780662e-01,1.840978865114484830e-01,-2.250229351284517565e-01,-4.111294067339553715e-01,1.917155627649085037e-01,-3.770179632156999694e-01,2.076582300826036731e-01,7.302576665748311546e-02,-8.720219802757320227e-02,-2.201171211197292255e-01,-2.285160063183966361e-01,1.620302228775994113e-01,-1.758859959136400627e-02,2.548588093204910698e-02,1.902459254686059836e-02,2.738174435623898506e-01,1.702893396705328355e-01,2.671274396186733568e-01,5.007840510012089297e-01,2.020394928671947754e-01,2.118522319139750365e-01,1.000000000000000000e+00,-1.837100696388294374e-01,1.812846727011432624e-01,-1.110744964986381256e-01,1.734961277662886159e-01,2.072326148985288163e-01,4.199770801024182432e-01,1.191242083821982822e-01,-4.682728074945143731e-02
1.697692259826815986e-01,6.101105300576536994e-01,5.230338244377068513e-01,4.929435191096495639e-01,2.910938186025006646e-01,2.960459617563108992e-02,5.674467696556231289e-01,-2.748335351103471380e-01,5.144258018233923702e-01,5.441394379149819827e-01,-2.146881007964876464e-01,5.833617210803071496e-01,5.917361431199484878e-01,3.749770036449193711e-01,4.423322028132943284e-01,5.393913506266158064e-01,-1.042939654669055027e-01,3.531439256374194202e-01,5.689367072101061407e-01,5.574060276325110141e-01,3.122986087855914028e-01,5.468345851053116879e-01,5.563178886146844526e-01,2.789832282671733665e-01,2.679825537538375047e-01,1.143642405370407789e-01,3.467919011307576405e-01,-2.227746924475991763e-01,-7.484958358216874108e-02,3.444513527987342338e-01,-1.837100696388294374e-01,1.000000000000000000e+00,4.494006887672507000e-01,4.012331526730588127e-01,1.426115446933927389e-01,3.912178501075906922e-01,-1.285264805402753230e-01,1.856917685164593268e-01,5.315516182970618786e-01
2.995563249587684940e-01,2.644429255654588418e-01,6.986728303378416660e-01,3.122727542541127721e-01,3.388734201542577540e-01,3.437936076293472420e-01,3.693508312580864872e-01,-5.234458510299362377e-01,1.440908588258215106e-01,6.247864536103735489e-01,-2.953685851047702648e-01,2.595770762353454830e-01,4.410129534365724302e-01,3.552472531952993173e-01,1.495120740609847676e-01,6.856368045219879415e-01,-2.374173401355256507e-01,2.239858063030526480e-01,2.782431408630898773e-01,4.750634615874141931e-01,8.033956975542597689e-01,6.429357809528740697e-01,2.670459449321271883e-01,3.788282902668636543e-01,5.303296514671427264e-01,3.246770739167109121e-01,1.027922740246797056e-01,3.805275763485016505e-01,2.020952564514817973e-01,5.483113345250093529e-01,1.812846727011432624e-01,4.494006887672507000e-01,1.000000000000000000e+00,2.577478053313861928e-01,5.658814579221053132e-01,3.363236902416869012e-01,1.642491480597600140e-01,2.689112042544808956e-01,2.126802624151579724e-01
3.138379308788839528e-01,6.674721152970964910e-01,5.868907801906024790e-01,5.447315737821534221e-01,6.348923820429744902e-01,-4.584368243534494569e-01,5.095028460192877473e-01,-3.775683262331602785e-01,7.537899427001937269e-01,3.183136706404311456e-01,-2.090119388542583112e-01,5.943632262794511512e-01,4.145713532960996206e-01,2.858959720799155169e-01,3.541828097876418280e-01,3.466829247579837903e-01,-1.899132815989133249e-01,5.678845403424498395e-01,5.209503548298587416e-01,3.337150337717466053e-01,1.108942540070927824e-02,3.581501421818485409e-01,6.001023617089150664e-01,2.254318145718839372e-01,1.850987543997923146e-01,-1.684544762047859578e-01,1.801047136811632920e-01,-3.106561975561643596e-01,-2.264298977156841697e-01,1.885723742128549429e-01,-1.110744964986381256e-01,4.012331526730588127e-01,2.577478053313861928e-01,1.000000000000000000e+00,-3.445183885003231805e-01,2.127453654544003148e-01,-4.560875821306799027e-01,2.642781628337499966e-01,6.596698276098839075e-01
8.789012257521053306e-02,-2.864453219104975412e-01,2.023673468188573188e-01,-2.056854757733349581e-01,-4.522929722627715143e-02,7.638400665543274570e-01,-6.367148767858747671e-02,-2.656628489732992815e-01,-4.368899077120306229e-01,3.586375126560706894e-01,-2.483690740706597649e-02,-2.877236520795577457e-01,8.920649855727427746e-02,2.732633982781988990e-01,-2.183361612355841364e-01,3.955552111953594685e-01,-2.710956629756789728e-03,-2.470780410571688512e-01,-1.928128472734324250e-01,1.665710389403907143e-01,7.048794896010118771e-01,2.404821314598284132e-01,-2.140863523883724251e-01,3.788844818479637500e-01,4.855312482957315212e-01,3.869273705470454017e-01,-9.153865909032667114e-02,6.408884965817345236e-01,4.323774797437539008e-01,4.701192599318340104e-01,1.734961277662886159e-01,1.426115446933927389e-01,5.658814579221053132e-01,-3.445183885003231805e-01,1.000000000000000000e+00,1.535558741368781288e-01,6.094933836634525148e-01,2.474145183268122716e-02,-3.676706073402014052e-01
3.320204687438212399e-01,3.881915368322117477e-01,2.186129192374096364e-01,2.177499992150688790e-01,1.837239272259080514e-01,2.370924641851997194e-02,2.697450541249164502e-01,-1.367923891009314996e-01,3.050312575742851751e-01,5.747327609022874206e-01,-1.193565265307749701e-01,2.750818865996258467e-01,2.457414676570899292e-01,5.092870338070966119e-01,1.305291078240948810e-01,4.848550749788561598e-01,-9.495006941937885608e-03,1.116177734251562331e-01,1.831441220701877093e-01,2.728484002248643958e-01,2.233916746731602065e-01,2.322502796726690910e-01,4.381910996477115239e-01,2.982375683570630542e-01,3.759576543985077013e-01,1.131436727624438726e-01,2.905309772726213935e-01,1.363356781627321768e-01,2.141077509534381473e-01,4.206020231848922042e-01,2.072326148985288163e-01,3.912178501075906922e-01,3.363236902416869012e-01,2.127453654544003148e-01,1.535558741368781288e-01,1.000000000000000000e+00,2.127881457768390217e-01,3.703633222228677746e-02,2.847981055307023945e-01
1.734696131056585322e-01,-3.966310831604245579e-01,-1.971373154645701675e-01,-5.595525951640917262e-01,-9.788449106290153176e-03,6.084957723846498023e-01,-4.398848636973868853e-01,-1.508382744915373330e-01,-5.051752521342341984e-01,1.552752784858470181e-01,3.569596511710077524e-01,-5.915588187168745460e-01,-2.400654285986617564e-01,4.156891317092292759e-01,-5.677850278660653283e-01,1.364970758053740962e-01,3.014931784538062431e-01,-4.941004206066713089e-01,-5.769086088949773039e-01,-2.804036108141691463e-01,2.850234166762418142e-01,-2.536362944097537708e-01,-3.072352290838744615e-01,3.483067738107260003e-01,3.635489341807788821e-01,3.313453638390461142e-01,8.167973578171806859e-02,6.887462483392027268e-01,6.362038039736538364e-01,3.603228387970490720e-01,4.199770801024182432e-01,-1.285264805402753230e-01,1.642491480597600140e-01,-4.560875821306799027e-01,6.094933836634525148e-01,2.127881457768390217e-01,1.000000000000000000e+00,-1.833318884224354461e-01,-5.482447314231960744e-01
-3.864635506377013530e-02,3.785772943865314821e-02,2.580282560969136552e-01,1.699125898884338015e-01,3.096224522168006810e-01,-1.861953608324447285e-01,2.062609888845403361e-01,-1.058771515047084860e-01,3.095115241758657487e-01,2.945501688548305963e-01,-3.542741295063051021e-02,1.960208409342041047e-01,-2.708945073863858188e-02,1.461766006646031957e-01,2.827811528939747077e-01,3.656389228536474634e-01,1.488579613002177782e-01,6.653225229645693961e-01,4.453932928222908427e-01,1.588391080750899687e-01,1.439802715314217885e-01,2.478357055416463561e-01,3.910345999900325942e-01,1.472119058911273981e-01,2.634888659522977572e-01,5.004336072279566006e-01,3.515071812294335296e-01,1.147781021706902466e-01,4.033767547025527561e-02,2.915620833312838611e-01,1.191242083821982822e-01,1.856917685164593268e-01,2.689112042544808956e-01,2.642781628337499966e-01,2.474145183268122716e-02,3.703633222228677746e-02,-1.833318884224354461e-01,1.000000000000000000e+00,2.865672926152121325e-01
2.058761103681024662e-01,7.787909980841680735e-01,4.721172804618186114e-01,7.264663325861657750e-01,3.075097247938783918e-01,-5.396945851803212069e-01,6.622685512797374940e-01,-9.404743940368413824e-02,7.807685115084822547e-01,4.354054834809837904e-01,-4.446809006260946107e-01,8.012679081558031768e-01,3.908112709547977293e-01,8.849788910338279857e-02,5.435571959318140633e-01,3.860185200797023874e-01,-3.786952120480358008e-01,5.924875131191607025e-01,7.430696078145599959e-01,5.213580996614973762e-01,4.281613458876267798e-03,5.521663982730203868e-01,7.298173460683888836e-01,-7.974310985239806138e-02,9.019507984694738467e-02,-2.244110652701173658e-01,2.597256840577306658e-01,-4.875100934965710398e-01,-4.633561930696965536e-01,9.584738344831451873e-02,-4.682728074945143731e-02,5.315516182970618786e-01,2.126802624151579724e-01,6.596698276098839075e-01,-3.676706073402014052e-01,2.847981055307023945e-01,-5.482447314231960744e-01,2.865672926152121325e-01,1.000000000000000000e+00
