1.000000000000000000e+00,4.123427190925390423e-02,3.041867495727085813e-01,2.868697626229834707e-01,3.018981712155314745e-01,-1.033305340088058466e-01,-1.153572987196895966e-01,-1.046729353423881959e-01,3.601638812547197643e-01,2.750447337702177086e-01,-1.622076099807433919e-02,-1.398557436343974003e-01,-3.579819641041752654e-01,3.157136780415515376e-01,-1.457283657755233941e-01,5.312450876940878475e-01,1.982260750121987158e-01,2.991954818609020572e-01,2.072500455458465840e-01,4.766818987582290695e-02,3.028283513579210218e-01,-1.933305389812873254e-01,3.293741996714107390e-01,3.751353492516869559e-01,1.604570611087527410e-01,6.700646575402569027e-01,1.993126452878225124e-02,5.358548659087294386e-01,4.810704731695526482e-01,6.283362167512397400e-01,9.926379061078605126e-02,8.428758232553715257e-02,3.058338551868273192e-01,6.561469015001709926e-02,-3.940787645988887145e-02,3.625851460856315267e-01,1.656089954432773403e-01,6.665052469785917033e-01,2.618340472342262082e-01
4.123427190925390423e-02,1.000000000000000000e+00,6.443757686490295677e-01,5.371300387419272182e-01,6.197847212578015963e-01,-6.065002117378539559e-01,8.425075446028045256e-01,-5.574660738491101775e-01,7.681567842791662271e-01,5.634658016216894660e-01,-5.847720758211094605e-01,8.232365823656552228e-01,4.985259455254247851e-01,4.076279404849897370e-01,6.079884649674959229e-01,5.392248931534647793e-01,-6.959901300758425391e-01,7.477058747221374535e-01,7.843225965418786361e-01,7.620854623078471279e-01,2.110990658593976943e-01,6.911731072978293255e-01,6.258834103042792973e-01,2.360557355023279180e-01,6.096754314549872600e-01,2.430730230400045822e-01,8.206447433627090948e-01,2.606270353356440195e-01,-1.863016781063827343e-01,5.675926671567463333e-02,7.159149790087431242e-01,7.622810591778120815e-01,-5.680787162441285065e-02,7.453418888553562383e-01,2.562628759970845271e-01,5.196638417165755364e-01,4.988240574321889942e-01,3.817263625109237335e-01,8.275236132053315208e-01
3.041867495727085813e-01,6.443757686490295677e-01,1.000000000000000000e+00,6.199943936626090002e-01,8.646420150844937869e-01,-4.326396755303052455e-01,6.363315054404337090e-01,-5.152295781183199308e-01,7.612002507125695816e-01,6.510742670434727097e-01,-3.214601969313473639e-01,5.568608659930480709e-01,2.141604874297075578e-01,6.029475262955336090e-01,3.042318491634604105e-01,6.372987828248676268e-01,-3.447385098634890843e-01,7.326847534388067906e-01,7.130783220582505022e-01,6.785974096973953484e-01,4.281215822978933216e-01,5.409329911416812520e-01,6.536487021954832111e-01,4.225903634530926989e-01,5.937813100209127226e-01,5.077919562769804829e-01,6.743080630229333350e-01,5.942332568327157727e-01,-4.178754387481695837e-02,4.648500144416539692e-01,6.783749156104776912e-01,6.324352991241548594e-01,3.905706552761264994e-01,6.996073663773622053e-01,2.656749277702292189e-01,4.576367525650650303e-01,4.358262620090030959e-01,5.618103005608007239e-01,7.753555104618301552e-01
2.868697626229834707e-01,5.371300387419272182e-01,6.199943936626090002e-01,1.000000000000000000e+00,7.268394549550406536e-01,-4.784088221347342906e-01,5.827347462764579378e-01,-2.348717920476484922e-01,7.134896255026790257e-01,4.672711469123290717e-01,-3.822998025332628447e-01,6.034704674346417219e-01,2.560102088544574106e-01,3.919297103913367830e-01,9.730680176173832352e-02,6.839489609636506540e-01,-3.217428810056519595e-01,8.156866711660641922e-01,7.537226895887280120e-01,5.847929277360770506e-01,2.945182751878536731e-01,3.706922646275203626e-01,6.071508770629964191e-01,4.134630967748679220e-01,4.476826745869725843e-01,6.303833998519662307e-01,4.559693048168106388e-01,6.037319272365189171e-01,-1.402097585170069827e-01,3.914411660688202343e-01,4.718232100460016398e-01,4.170378576816373140e-01,1.524994538845692305e-01,5.810547924949626131e-01,5.004250375090412567e-02,3.914871040129853652e-01,2.733537654308643150e-01,7.461156122291362491e-01,6.825574183393388061e-01
3.018981712155314745e-01,6.197847212578015963e-01,8.646420150844937869e-01,7.268394549550406536e-01,1.000000000000000000e+00,-4.572662425459256275e-01,6.250618321289159729e-01,-4.821310328140442913e-01,8.084714225802631660e-01,5.542422667628025268e-01,-3.146466165789671976e-01,5.823593131322531979e-01,2.180793029548582784e-01,5.694422769018800956e-01,2.523374543101723488e-01,6.101261527214532077e-01,-3.239964331438786038e-01,7.807044730275758404e-01,7.658414985992532120e-01,6.292031379680196324e-01,3.678739697453574098e-01,4.664075205297677496e-01,6.437050686862310078e-01,4.093029233701695468e-01,5.897449188872078141e-01,5.018813652091355104e-01,6.065600742506136456e-01,5.953934910889697729e-01,-1.186987315692551170e-01,4.321928126862554786e-01,6.333210940347422380e-01,6.055180904240206052e-01,3.612820864401320997e-01,7.353458573681462829e-01,1.799380148165932725e-01,4.429387946150301070e-01,3.559946661373029619e-01,6.477019528113656666e-01,7.810706671394663791e-01
-1.033305340088058466e-01,-6.065002117378539559e-01,-4.326396755303052455e-01,-4.784088221347342906e-01,-4.572662425459256275e-01,1.000000000000000000e+00,-6.629443111643995579e-01,5.124324972432312553e-01,-6.872118596445569993e-01,-1.385735698066385968e-01,7.381581540525525842e-01,-7.136911314405881557e-01,-2.449272100372585359e-01,6.615424985271196878e-02,-6.635791369781950388e-01,-2.720327648267249487e-01,7.011945745912497863e-01,-6.905826936296530771e-01,-7.264477857080240408e-01,-6.201280765507440895e-01,7.051102079772454678e-02,-3.722757557501282233e-01,-3.012503308539700719e-01,-8.763222161802174115e-02,-2.885749641300289769e-01,-1.933194132797173004e-01,-4.524427511666450075e-01,-1.505805737780564757e-01,4.446225850614469177e-01,2.425466575911387063e-02,-3.051759746783280214e-01,-2.664469699109364709e-01,3.524609442615133648e-01,-6.722849945552367146e-01,3.767878127679901712e-01,-2.647002270561104598e-01,8.977446475752605404e-02,-5.226192119057362362e-01,-6.518010370574001122e-01
-1.153572987196895966e-01,8.425075446028045256e-01,6.363315054404337090e-01,5.827347462764579378e-01,6.250618321289159729e-01,-6.629443111643995579e-01,1.000000000000000000e+00,-4.891027355508746344e-01,7.459424673066785694e-01,4.751749202799849248e-01,-7.020439399279875259e-01,9.067444415330294660e-01,5.905320782707994542e-01,2.580311769216602769e-01,6.978456673348319983e-01,4.520013465055319202e-01,-7.762031942489846514e-01,7.815434946213603018e-01,8.241201517688991895e-01,8.680251007114667683e-01,2.302102217116670790e-01,7.909755018706913221e-01,5.773916007563687502e-01,2.255253043219191955e-01,5.604504916743509035e-01,1.447406726815515243e-01,7.677728297789347955e-01,2.579705836604488933e-01,-3.684532359671419122e-01,-2.044734819101206094e-02,6.742135870007619491e-01,6.099621969786367393e-01,-1.111107477638594160e-01,8.023072017373125142e-01,1.244511347970605059e-01,3.585468652292723712e-01,3.299064808040593766e-01,3.624492865922108731e-01,8.041754769459297236e-01
-1.046729353423881959e-01,-5.574660738491101775e-01,-5.152295781183199308e-01,-2.348717920476484922e-01,-4.821310328140442913e-01,5.124324972432312553e-01,-4.891027355508746344e-01,1.000000000000000000e+00,-5.221324288800214264e-01,-2.202082606324604896e-01,3.104434072079890750e-01,-4.621405095136495444e-01,-1.586449022729412295e-01,-2.278341767045780619e-01,-4.093203555078384626e-01,-1.149466513628851355e-01,3.907678480734212978e-01,-4.613639266833960417e-01,-4.886011328971347489e-01,-3.086981188022001610e-01,2.290860046887197299e-01,-2.087712686954596442e-01,-3.838635608564622825e-01,-2.124550132642628320e-01,-3.146158576029375320e-01,-1.112096330216979928e-01,-4.683561372525395505e-01,-1.250738087822553767e-02,1.373680179445747052e-01,-8.718009371198806590e-03,-3.315281860523768276e-01,-4.847839600391272707e-01,2.405630573104111103e-01,-4.809810285801272012e-01,9.383820804507356228e-02,-3.776633513061616876e-01,-6.437439189362495484e-02,-2.890482867492704666e-01,-5.801730523941540651e-01
3.601638812547197643e-01,7.681567842791662271e-01,7.612002507125695816e-01,7.134896255026790257e-01,8.084714225802631660e-01,-6.872118596445569993e-01,7.459424673066785694e-01,-5.221324288800214264e-01,1.000000000000000000e+00,5.110420933143098310e-01,-5.803581773024657497e-01,7.541122596310129156e-01,2.931869997400931016e-01,4.256595216130437676e-01,5.337930615502224363e-01,6.210774345354289627e-01,-5.491471215733783051e-01,8.996035466592662289e-01,8.943629103231957034e-01,7.449657892972914031e-01,2.745463302035261455e-01,4.970570323383511901e-01,6.499939989968658294e-01,4.378136824321719467e-01,6.527886081043826616e-01,4.641631821293951132e-01,6.813870507855800396e-01,4.799643275566810585e-01,-1.395472106759758635e-01,2.871327893730780123e-01,6.202159226995946906e-01,6.007828900920729742e-01,6.417680159828124953e-02,8.575477290883436465e-01,7.190633849322737581e-02,4.986633474367075936e-01,3.312727121646240613e-01,7.286289017564937520e-01,8.989195681616426459e-01
2.750447337702177086e-01,5.634658016216894660e-01,6.510742670434727097e-01,4.672711469123290717e-01,5.542422667628025268e-01,-1.385735698066385968e-01,4.751749202799849248e-01,-2.202082606324604896e-01,5.110420933143098310e-01,1.000000000000000000e+00,-1.348885536101333826e-01,3.972685550454345682e-01,1.457768627580793008e-01,7.182044356082453174e-01,1.479528491556448000e-01,7.318586386060256244e-01,-1.924544200922458648e-01,4.777181561103482910e-01,4.548871805805894120e-01,5.763584449627372486e-01,5.832788800822051867e-01,5.480450850992804046e-01,6.512038638166994797e-01,4.207250470550858434e-01,5.410166488650092198e-01,5.464376599169025184e-01,6.694735967866700665e-01,5.727070929374471486e-01,1.493790091838950729e-01,3.873976739312240403e-01,6.999070950156645043e-01,6.154849744493807728e-01,4.003702976049603457e-01,3.914744065598716460e-01,4.603714517762688696e-01,5.351608082930234822e-01,5.964541972793292457e-01,3.815869470954583176e-01,5.989297679659324469e-01
-1.622076099807433919e-02,-5.847720758211094605e-01,-3.214601969313473639e-01,-3.822998025332628447e-01,-3.146466165789671976e-01,7.381581540525525842e-01,-7.020439399279875259e-01,3.104434072079890750e-01,-5.803581773024657497e-01,-1.348885536101333826e-01,1.000000000000000000e+00,-7.089552283351943096e-01,-4.814746181701282102e-01,5.643467683413433411e-02,-7.226485795857948702e-01,-2.813543409646191429e-01,8.630968426664047399e-01,-6.395173930770108317e-01,-6.746136965952544973e-01,-6.955324778752264292e-01,-8.610578711207794722e-02,-5.042612037670842762e-01,-3.072231764052143488e-01,-5.809932930820251723e-02,-3.285044369971215628e-01,-4.736400135779807868e-02,-4.671887695614665437e-01,-1.063757645274504560e-01,3.044563800494411998e-01,3.268044610829162755e-02,-3.047291716931397887e-01,-2.215192809993387357e-01,3.133488991980549199e-01,-6.111738593875288839e-01,1.657234505888657561e-01,-2.768034048033287120e-01,-1.289293568296537296e-01,-3.727847476440026009e-01,-5.454617072422416335e-01
-1.398557436343974003e-01,8.232365823656552228e-01,5.568608659930480709e-01,6.034704674346417219e-01,5.823593131322531979e-01,-7.136911314405881557e-01,9.067444415330294660e-01,-4.621405095136495444e-01,7.541122596310129156e-01,3.972685550454345682e-01,-7.089552283351943096e-01,1.000000000000000000e+00,6.179402761875125716e-01,1.741537255470711754e-01,7.161759974842930587e-01,3.999352278766215019e-01,-7.843495734142376108e-01,7.764888830016963839e-01,8.226321232999991295e-01,8.133420219274952734e-01,1.281166708955399081e-01,7.156919053102765993e-01,5.265226131656123298e-01,2.031414940474679243e-01,5.134501628192607026e-01,1.359522563134003548e-01,7.423379684602117168e-01,1.911274303158437271e-01,-3.826875952907661804e-01,-1.160447467785373638e-01,5.913288346611736968e-01,5.730082410719961050e-01,-1.991235022581705205e-01,8.123400945746345192e-01,4.329711938048873276e-02,3.272851058312338801e-01,2.403459076587141641e-01,3.890933914647486946e-01,7.914187780139519957e-01
-3.579819641041752654e-01,4.985259455254247851e-01,2.141604874297075578e-01,2.560102088544574106e-01,2.180793029548582784e-01,-2.449272100372585359e-01,5.905320782707994542e-01,-1.586449022729412295e-01,2.931869997400931016e-01,1.457768627580793008e-01,-4.814746181701282102e-01,6.179402761875125716e-01,1.000000000000000000e+00,4.424073402718686765e-02,3.950682630412588048e-01,1.322313230193430944e-01,-5.950201724833555916e-01,3.907580797980019782e-01,4.033732699360595420e-01,4.694029303927036434e-01,1.275404094758370854e-01,6.102515120536576854e-01,3.206538239699379123e-01,1.045244173364477669e-01,3.324683670140947678e-01,-1.784316960212275482e-01,4.941840989740428625e-01,-3.910847915444046197e-02,-2.420901313186047676e-01,-2.570016896726932121e-01,3.922681604049769732e-01,3.763864096299789352e-01,-5.745047474799512555e-02,4.214280730675061259e-01,2.171435818451665778e-01,1.230573440477831793e-01,2.570819838588666029e-01,-2.923080515309187111e-02,3.982743232473970885e-01
3.157136780415515376e-01,4.076279404849897370e-01,6.029475262955336090e-01,3.919297103913367830e-01,5.694422769018800956e-01,6.615424985271196878e-02,2.580311769216602769e-01,-2.278341767045780619e-01,4.256595216130437676e-01,7.182044356082453174e-01,5.643467683413433411e-02,1.741537255470711754e-01,4.424073402718686765e-02,1.000000000000000000e+00,-8.173811389875365596e-02,6.097158426183807434e-01,1.982627576459208146e-02,3.588421440968553866e-01,3.298841465896950043e-01,3.241899930579791866e-01,5.365514774466161319e-01,3.361691997631215956e-01,5.340779294753708051e-01,4.675426309367995414e-01,4.867556977923773176e-01,4.458266785660025544e-01,4.995329067834261005e-01,5.073411320971145111e-01,3.544738005312458307e-01,5.187830308784774358e-01,5.532063071117425679e-01,6.018772612121493504e-01,5.917356690204101932e-01,2.633616102123874647e-01,5.452748277315946357e-01,6.039627713080226723e-01,6.749026909983519840e-01,3.470227606323608160e-01,4.608116619277046744e-01
-1.457283657755233941e-01,6.079884649674959229e-01,3.042318491634604105e-01,9.730680176173832352e-02,2.523374543101723488e-01,-6.635791369781950388e-01,6.978456673348319983e-01,-4.093203555078384626e-01,5.337930615502224363e-01,1.479528491556448000e-01,-7.226485795857948702e-01,7.161759974842930587e-01,3.950682630412588048e-01,-8.173811389875365596e-02,1.000000000000000000e+00,5.537472218946073999e-02,-7.471753425454481512e-01,4.504315999761878131e-01,5.640921122905593332e-01,6.716465483044633533e-01,-2.947033307043978728e-02,5.347090965647665062e-01,2.143438748878648270e-01,2.097817595021815237e-02,3.179292748861089479e-01,-1.436475616549998946e-01,5.519371645829680428e-01,-7.388837953292780314e-02,-3.375808568713527524e-01,-2.891117515132116678e-01,3.591751678488491195e-01,3.331225853746792587e-01,-3.770921429877680531e-01,6.664142411725889614e-01,-1.298699715060862570e-01,1.582901456205907109e-01,3.037835801559370802e-02,1.260899507760985250e-01,5.289270979364176783e-01
5.312450876940878475e-01,5.392248931534647793e-01,6.372987828248676268e-01,6.839489609636506540e-01,6.101261527214532077e-01,-2.720327648267249487e-01,4.520013465055319202e-01,-1.149466513628851355e-01,6.210774345354289627e-01,7.318586386060256244e-01,-2.813543409646191429e-01,3.999352278766215019e-01,1.322313230193430944e-01,6.097158426183807434e-01,5.537472218946073999e-02,1.000000000000000000e+00,-2.143804734744246265e-01,6.590034340742469965e-01,5.770549407890959159e-01,5.715658910643666157e-01,6.236261067739738984e-01,4.764245299406190126e-01,7.015777279237433994e-01,3.911118391391103510e-01,5.517415844757816989e-01,6.947873088146865328e-01,5.121248309390109554e-01,6.842479579927916999e-01,2.190164526386413901e-01,6.193233049958505321e-01,5.819690065639804288e-01,5.073942533251429854e-01,4.372413727865034350e-01,4.298663774002922655e-01,2.843821665145986888e-01,5.547021302754620020e-01,5.550689525433818439e-01,6.696502657587561913e-01,6.202808723303592231e-01
1.982260750121987158e-01,-6.959901300758425391e-01,-3.447385098634890843e-01,-3.217428810056519595e-01,-3.239964331438786038e-01,7.011945745912497863e-01,-7.762031942489846514e-01,3.907678480734212978e-01,-5.491471215733783051e-01,-1.924544200922458648e-01,8.630968426664047399e-01,-7.843495734142376108e-01,-5.950201724833555916e-01,1.982627576459208146e-02,-7.471753425454481512e-01,-2.143804734744246265e-01,1.000000000000000000e+00,-6.022209925538826170e-01,-6.684668658030504806e-01,-7.042119487513840426e-01,-7.570017100879430916e-02,-6.400747338150140076e-01,-2.838173575860655773e-01,3.218697061829353667e-02,-3.393044441324933880e-01,7.729633497260743336e-02,-6.017297121036067065e-01,2.077269023141393306e-02,3.768916646409186111e-01,1.652012741659620032e-01,-4.262446453622132370e-01,-3.715000832039342393e-01,3.083071852974355598e-01,-6.184561974264142226e-01,4.810944567141516720e-02,-2.974214555430309548e-01,-2.046594519028459846e-01,-2.100961843103592575e-01,-5.822305748231233480e-01
2.991954818609020572e-01,7.477058747221374535e-01,7.326847534388067906e-01,8.156866711660641922e-01,7.807044730275758404e-01,-6.905826936296530771e-01,7.815434946213603018e-01,-4.613639266833960417e-01,8.996035466592662289e-01,4.777181561103482910e-01,-6.395173930770108317e-01,7.764888830016963839e-01,3.907580797980019782e-01,3.588421440968553866e-01,4.504315999761878131e-01,6.590034340742469965e-01,-6.022209925538826170e-01,1.000000000000000000e+00,9.213024328127233931e-01,7.731933907773866910e-01,3.074133201726134690e-01,5.519273539957046948e-01,6.666122937939225057e-01,4.102187989732393181e-01,6.101492252395211979e-01,4.706601378018662185e-01,6.423052649661268321e-01,5.077437861603538716e-01,-1.851434162427931795e-01,3.098206576016218072e-01,6.136962652180431022e-01,5.428359421227485493e-01,5.800939312086642041e-02,7.998161925684733609e-01,6.800604811597010801e-02,4.509609143964767308e-01,3.367757655736362543e-01,7.469401301159741546e-01,8.737825166886166173e-01
2.072500455458465840e-01,7.843225965418786361e-01,7.130783220582505022e-01,7.537226895887280120e-01,7.658414985992532120e-01,-7.264477857080240408e-01,8.241201517688991895e-01,-4.886011328971347489e-01,8.943629103231957034e-01,4.548871805805894120e-01,-6.746136965952544973e-01,8.226321232999991295e-01,4.033732699360595420e-01,3.298841465896950043e-01,5.640921122905593332e-01,5.770549407890959159e-01,-6.684668658030504806e-01,9.213024328127233931e-01,1.000000000000000000e+00,7.940712750590093183e-01,2.646028514361076223e-01,5.935714270429206518e-01,6.109718824665840708e-01,3.424396137288471254e-01,5.947505075807769659e-01,3.663291788826741335e-01,6.878748893032782252e-01,4.153210895074521680e-01,-2.578248186657183250e-01,2.244199135508735399e-01,6.498434840586551076e-01,5.635431296103641241e-01,6.358324282959348060e-03,8.105328657064265752e-01,4.533091547243272429e-02,4.362412821323887191e-01,3.041516098123823175e-01,6.983700159118254591e-01,8.869747531476810387e-01
4.766818987582290695e-02,7.620854623078471279e-01,6.785974096973953484e-01,5.847929277360770506e-01,6.292031379680196324e-01,-6.201280765507440895e-01,8.680251007114667683e-01,-3.086981188022001610e-01,7.449657892972914031e-01,5.763584449627372486e-01,-6.955324778752264292e-01,8.133420219274952734e-01,4.694029303927036434e-01,3.241899930579791866e-01,6.716465483044633533e-01,5.715658910643666157e-01,-7.042119487513840426e-01,7.731933907773866910e-01,7.940712750590093183e-01,1.000000000000000000e+00,4.239970965684133897e-01,7.888504467334842563e-01,5.798765298178484295e-01,3.018440131367459145e-01,5.497217686021782512e-01,2.918602097725653821e-01,7.540579352931218171e-01,4.673065050013892607e-01,-2.573198297786947197e-01,1.268846350236803866e-01,6.916089305395283215e-01,5.601237609318366895e-01,4.893919983386483402e-02,7.800932169002169347e-01,1.883260278329158544e-01,3.543155215152227200e-01,4.034734889821102177e-01,4.284962517328965714e-01,7.526921935030113087e-01
3.028283513579210218e-01,2.110990658593976943e-01,4.281215822978933216e-01,2.945182751878536731e-01,3.678739697453574098e-01,7.051102079772454678e-02,2.302102217116670790e-01,2.290860046887197299e-01,2.745463302035261455e-01,5.832788800822051867e-01,-8.610578711207794722e-02,1.281166708955399081e-01,1.275404094758370854e-01,5.365514774466161319e-01,-2.947033307043978728e-02,6.236261067739738984e-01,-7.570017100879430916e-02,3.074133201726134690e-01,2.646028514361076223e-01,4.239970965684133897e-01,1.000000000000000000e+00,5.521037889604371030e-01,4.478220171746409850e-01,2.644075958652359337e-01,3.328745106656960107e-01,3.697635829195624058e-01,3.155532322829066594e-01,5.400067235975379853e-01,2.493328168618471063e-01,5.275185599472529407e-01,4.693217664099634812e-01,2.741819192575066233e-01,7.303043136638192045e-01,1.475619217964352636e-01,3.752046087595692914e-01,2.649283376552643010e-01,5.053891349287942258e-01,2.911536385089582013e-01,2.888788949282304896e-01
-1.933305389812873254e-01,6.911731072978293255e-01,5.409329911416812520e-01,3.706922646275203626e-01,4.664075205297677496e-01,-3.722757557501282233e-01,7.909755018706913221e-01,-2.087712686954596442e-01,4.970570323383511901e-01,5.480450850992804046e-01,-5.042612037670842762e-01,7.156919053102765993e-01,6.102515120536576854e-01,3.361691997631215956e-01,5.347090965647665062e-01,4.764245299406190126e-01,-6.400747338150140076e-01,5.519273539957046948e-01,5.935714270429206518e-01,7.888504467334842563e-01,5.521037889604371030e-01,1.000000000000000000e+00,5.039208826974849176e-01,1.089779310366828097e-01,4.740222216816842860e-01,4.426051787090029555e-02,7.284885109401004755e-01,2.593454375077244856e-01,-2.104284827519148360e-01,3.288925463211513772e-02,7.160958342800131105e-01,5.520607464102375017e-01,2.083472199606895003e-01,5.582843513806829971e-01,3.292997570088914139e-01,2.836428046695910199e-01,4.454318229613601354e-01,1.279694296492217553e-01,6.052701334059443772e-01
3.293741996714107390e-01,6.258834103042792973e-01,6.536487021954832111e-01,6.071508770629964191e-01,6.437050686862310078e-01,-3.012503308539700719e-01,5.773916007563687502e-01,-3.838635608564622825e-01,6.499939989968658294e-01,6.512038638166994797e-01,-3.072231764052143488e-01,5.265226131656123298e-01,3.206538239699379123e-01,5.340779294753708051e-01,2.143438748878648270e-01,7.015777279237433994e-01,-2.838173575860655773e-01,6.666122937939225057e-01,6.109718824665840708e-01,5.798765298178484295e-01,4.478220171746409850e-01,5.039208826974849176e-01,1.000000000000000000e+00,4.633681486835792285e-01,7.273977990803456306e-01,4.531748371938533193e-01,5.291838422224814931e-01,4.676359543111816564e-01,2.610044461111594993e-02,4.296729861663942107e-01,6.202356930763661680e-01,5.659144821679107373e-01,2.359535348580644454e-01,5.642586447656724458e-01,2.077832258751217687e-01,4.887348474566711176e-01,4.306519266475881125e-01,5.288182844475810551e-01,6.975029690684686479e-01
3.751353492516869559e-01,2.360557355023279180e-01,4.225903634530926989e-01,4.134630967748679220e-01,4.093029233701695468e-01,-8.763222161802174115e-02,2.255253043219191955e-01,-2.124550132642628320e-01,4.378136824321719467e-01,4.207250470550858434e-01,-5.809932930820251723e-02,2.031414940474679243e-01,1.045244173364477669e-01,4.675426309367995414e-01,2.097817595021815237e-02,3.911118391391103510e-01,3.218697061829353667e-02,4.102187989732393181e-01,3.424396137288471254e-01,3.018440131367459145e-01,2.644075958652359337e-01,1.089779310366828097e-01,4.633681486835792285e-01,1.000000000000000000e+00,3.956926050195331279e-01,4.465280457859889252e-01,2.745910584058575687e-01,4.955360362149081044e-01,1.435056640745675793e-01,2.818337153205868750e-01,3.308466007258290542e-01,2.621551033484798010e-01,2.274922116632292768e-01,3.023271777420643569e-01,2.164330768087076862e-01,1.634258984894026712e-01,2.676493655445004727e-01,4.242606210325004512e-01,4.112920769482361627e-01
1.604570611087527410e-01,6.096754314549872600e-01,5.937813100209127226e-01,4.476826745869725843e-01,5.897449188872078141e-01,-2.885749641300289769e-01,5.604504916743509035e-01,-3.146158576029375320e-01,6.527886081043826616e-01,5.410166488650092198e-01,-3.285044369971215628e-01,5.134501628192607026e-01,3.324683670140947678e-01,4.867556977923773176e-01,3.179292748861089479e-01,5.517415844757816989e-01,-3.393044441324933880e-01,6.101492252395211979e-01,5.947505075807769659e-01,5.497217686021782512e-01,3.328745106656960107e-01,4.740222216816842860e-01,7.273977990803456306e-01,3.956926050195331279e-01,1.000000000000000000e+00,2.238718879138099360e-01,5.278291793268689025e-01,3.156087939015970179e-01,-4.270183034712966841e-02,2.694405797291386517e-01,5.873579478311001800e-01,5.205485623202420475e-01,1.883930397392817035e-01,6.295862587673449751e-01,2.806533243593339888e-01,4.083788918468927998e-01,4.320232242224605335e-01,4.100722844109584431e-01,6.582515050317603311e-01
6.700646575402569027e-01,2.430730230400045822e-01,5.077919562769804829e-01,6.303833998519662307e-01,5.018813652091355104e-01,-1.933194132797173004e-01,1.447406726815515243e-01,-1.112096330216979928e-01,4.641631821293951132e-01,5.464376599169025184e-01,-4.736400135779807868e-02,1.359522563134003548e-01,-1.784316960212275482e-01,4.458266785660025544e-01,-1.436475616549998946e-01,6.947873088146865328e-01,7.729633497260743336e-02,4.706601378018662185e-01,3.663291788826741335e-01,2.918602097725653821e-01,3.697635829195624058e-01,4.426051787090029555e-02,4.531748371938533193e-01,4.465280457859889252e-01,2.238718879138099360e-01,1.000000000000000000e+00,3.171778585400035211e-01,7.632359023107440077e-01,2.679296024278109423e-01,5.778832157003247483e-01,2.631984432648493688e-01,2.682564429904895076e-01,3.135917731412394827e-01,1.993801873655536017e-01,9.485776532967117591e-02,3.831188870743262309e-01,2.833812382185318390e-01,6.670396468772659127e-01,3.967838797039440757e-01
1.993126452878225124e-02,8.206447433627090948e-01,6.743080630229333350e-01,4.559693048168106388e-01,6.065600742506136456e-01,-4.524427511666450075e-01,7.677728297789347955e-01,-4.683561372525395505e-01,6.813870507855800396e-01,6.694735967866700665e-01,-4.671887695614665437e-01,7.423379684602117168e-01,4.941840989740428625e-01,4.995329067834261005e-01,5.519371645829680428e-01,5.121248309390109554e-01,-6.017297121036067065e-01,6.423052649661268321e-01,6.878748893032782252e-01,7.540579352931218171e-01,3.155532322829066594e-01,7.284885109401004755e-01,5.291838422224814931e-01,2.745910584058575687e-01,5.278291793268689025e-01,3.171778585400035211e-01,1.000000000000000000e+00,3.423483809724065519e-01,-6.806906975624923972e-02,5.056575140816831071e-02,7.668821615423346838e-01,7.666976392284485797e-01,9.757867972395584122e-02,6.429939511400543095e-01,3.887198995671050650e-01,4.883447831185919741e-01,5.252645192933034224e-01,2.972682400140376213e-01,7.653290790239505315e-01
5.358548659087294386e-01,2.606270353356440195e-01,5.942332568327157727e-01,6.037319272365189171e-01,5.953934910889697729e-01,-1.505805737780564757e-01,2.579705836604488933e-01,-1.250738087822553767e-02,4.799643275566810585e-01,5.727070929374471486e-01,-1.063757645274504560e-01,1.911274303158437271e-01,-3.910847915444046197e-02,5.073411320971145111e-01,-7.388837953292780314e-02,6.842479579927916999e-01,2.077269023141393306e-02,5.077437861603538716e-01,4.153210895074521680e-01,4.673065050013892607e-01,5.400067235975379853e-01,2.593454375077244856e-01,4.676359543111816564e-01,4.955360362149081044e-01,3.156087939015970179e-01,7.632359023107440077e-01,3.423483809724065519e-01,1.000000000000000000e+00,7.343192439116194570e-02,5.276848968800076367e-01,4.854695729176720653e-01,2.308901802588791130e-01,5.090542573091829670e-01,3.292621080454593008e-01,3.035108436507694685e-01,1.935117624001403136e-01,4.162211749658212279e-01,5.722923589479494977e-01,4.128759137477142072e-01
4.810704731695526482e-01,-1.863016781063827343e-01,-4.178754387481695837e-02,-1.402097585170069827e-01,-1.186987315692551170e-01,4.446225850614469177e-01,-3.684532359671419122e-01,1.373680179445747052e-01,-1.395472106759758635e-01,1.493790091838950729e-01,3.044563800494411998e-01,-3.826875952907661804e-01,-2.420901313186047676e-01,3.544738005312458307e-01,-3.375808568713527524e-01,2.190164526386413901e-01,3.768916646409186111e-01,-1.851434162427931795e-01,-2.578248186657183250e-01,-2.573198297786947197e-01,2.493328168618471063e-01,-2.104284827519148360e-01,2.610044461111594993e-02,1.435056640745675793e-01,-4.270183034712966841e-02,2.679296024278109423e-01,-6.806906975624923972e-02,7.343192439116194570e-02,1.000000000000000000e+00,3.210969234015942919e-01,-1.349399493749222356e-01,1.740413667713400225e-01,3.296869795365311440e-01,-3.400007214431681191e-01,2.843874121113838527e-01,3.411625095530487761e-01,3.386611844966002649e-01,3.893340250777559824e-02,-1.677052795524128503e-01
6.283362167512397400e-01,5.675926671567463333e-02,4.648500144416539692e-01,3.914411660688202343e-01,4.321928126862554786e-01,2.425466575911387063e-02,-2.044734819101206094e-02,-8.718009371198806590e-03,2.871327893730780123e-01,3.873976739312240403e-01,3.268044610829162755e-02,-1.160447467785373638e-01,-2.570016896726932121e-01,5.187830308784774358e-01,-2.891117515132116678e-01,6.193233049958505321e-01,1.652012741659620032e-01,3.098206576016218072e-01,2.244199135508735399e-01,1.268846350236803866e-01,5.275185599472529407e-01,3.288925463211513772e-02,4.296729861663942107e-01,2.818337153205868750e-01,2.694405797291386517e-01,5.778832157003247483e-01,5.056575140816831071e-02,5.276848968800076367e-01,3.210969234015942919e-01,1.000000000000000000e+00,2.039273153603435307e-01,1.383790729417057885e-01,5.717946184848063940e-01,3.653847742983026836e-02,1.217773573822820837e-01,4.312339180135353889e-01,3.132339917482543923e-01,5.659612384753088810e-01,2.410491452107477728e-01
9.926379061078605126e-02,7.159149790087431242e-01,6.783749156104776912e-01,4.718232100460016398e-01,6.333210940347422380e-01,-3.051759746783280214e-01,6.742135870007619491e-01,-3.315281860523768276e-01,6.202159226995946906e-01,6.999070950156645043e-01,-3.047291716931397887e-01,5.913288346611736968e-01,3.922681604049769732e-01,5.532063071117425679e-01,3.591751678488491195e-01,5.819690065639804288e-01,-4.262446453622132370e-01,6.136962652180431022e-01,6.498434840586551076e-01,6.916089305395283215e-01,4.693217664099634812e-01,7.160958342800131105e-01,6.202356930763661680e-01,3.308466007258290542e-01,5.873579478311001800e-01,2.631984432648493688e-01,7.668821615423346838e-01,4.854695729176720653e-01,-1.349399493749222356e-01,2.039273153603435307e-01,1.000000000000000000e+00,6.575294624953844647e-01,3.299239408520489025e-01,5.895655833934964063e-01,4.794245630984833584e-01,3.532706643673397262e-01,5.912010052016581918e-01,3.476145794934730748e-01,7.419460788154778053e-01
8.428758232553715257e-02,7.622810591778120815e-01,6.324352991241548594e-01,4.170378576816373140e-01,6.055180904240206052e-01,-2.664469699109364709e-01,6.099621969786367393e-01,-4.847839600391272707e-01,6.007828900920729742e-01,6.154849744493807728e-01,-2.215192809993387357e-01,5.730082410719961050e-01,3.763864096299789352e-01,6.018772612121493504e-01,3.331225853746792587e-01,5.073942533251429854e-01,-3.715000832039342393e-01,5.428359421227485493e-01,5.635431296103641241e-01,5.601237609318366895e-01,2.741819192575066233e-01,5.520607464102375017e-01,5.659144821679107373e-01,2.621551033484798010e-01,5.205485623202420475e-01,2.682564429904895076e-01,7.666976392284485797e-01,2.308901802588791130e-01,1.740413667713400225e-01,1.383790729417057885e-01,6.575294624953844647e-01,1.000000000000000000e+00,1.988089814125616195e-01,5.569477931164956708e-01,4.551913048248916738e-01,5.835572292893819180e-01,6.161977370244924312e-01,2.759282569306152344e-01,6.849750466672421823e-01
3.058338551868273192e-01,-5.680787162441285065e-02,3.905706552761264994e-01,1.524994538845692305e-01,3.612820864401320997e-01,3.524609442615133648e-01,-1.111107477638594160e-01,2.405630573104111103e-01,6.417680159828124953e-02,4.003702976049603457e-01,3.133488991980549199e-01,-1.991235022581705205e-01,-5.745047474799512555e-02,5.917356690204101932e-01,-3.770921429877680531e-01,4.372413727865034350e-01,3.083071852974355598e-01,5.800939312086642041e-02,6.358324282959348060e-03,4.893919983386483402e-02,7.303043136638192045e-01,2.083472199606895003e-01,2.359535348580644454e-01,2.274922116632292768e-01,1.883930397392817035e-01,3.135917731412394827e-01,9.757867972395584122e-02,5.090542573091829670e-01,3.296869795365311440e-01,5.717946184848063940e-01,3.299239408520489025e-01,1.988089814125616195e-01,1.000000000000000000e+00,-4.321423324048526832e-02,4.483826786476647341e-01,1.162932580776288444e-01,4.434390694576700320e-01,1.862570523609366480e-01,7.595135793126092660e-02
6.561469015001709926e-02,7.453418888553562383e-01,6.996073663773622053e-01,5.810547924949626131e-01,7.353458573681462829e-01,-6.722849945552367146e-01,8.023072017373125142e-01,-4.809810285801272012e-01,8.575477290883436465e-01,3.914744065598716460e-01,-6.111738593875288839e-01,8.123400945746345192e-01,4.214280730675061259e-01,2.633616102123874647e-01,6.664142411725889614e-01,4.298663774002922655e-01,-6.184561974264142226e-01,7.998161925684733609e-01,8.105328657064265752e-01,7.800932169002169347e-01,1.475619217964352636e-01,5.582843513806829971e-01,5.642586447656724458e-01,3.023271777420643569e-01,6.295862587673449751e-01,1.993801873655536017e-01,6.429939511400543095e-01,3.292621080454593008e-01,-3.400007214431681191e-01,3.653847742983026836e-02,5.895655833934964063e-01,5.569477931164956708e-01,-4.321423324048526832e-02,1.000000000000000000e+00,6.374078031783438070e-02,3.110182884547778026e-01,2.405500618380650435e-01,4.780319185468492882e-01,8.099480001776602212e-01
-3.940787645988887145e-02,2.562628759970845271e-01,2.656749277702292189e-01,5.004250375090412567e-02,1.799380148165932725e-01,3.767878127679901712e-01,1.244511347970605059e-01,9.383820804507356228e-02,7.190633849322737581e-02,4.603714517762688696e-01,1.657234505888657561e-01,4.329711938048873276e-02,2.171435818451665778e-01,5.452748277315946357e-01,-1.298699715060862570e-01,2.843821665145986888e-01,4.810944567141516720e-02,6.800604811597010801e-02,4.533091547243272429e-02,1.883260278329158544e-01,3.752046087595692914e-01,3.292997570088914139e-01,2.077832258751217687e-01,2.164330768087076862e-01,2.806533243593339888e-01,9.485776532967117591e-02,3.887198995671050650e-01,3.035108436507694685e-01,2.843874121113838527e-01,1.217773573822820837e-01,4.794245630984833584e-01,4.551913048248916738e-01,4.483826786476647341e-01,6.374078031783438070e-02,1.000000000000000000e+00,1.222911778365257385e-01,7.841422090375229637e-01,-1.446797477994934411e-01,1.429737899670813495e-01
3.625851460856315267e-01,5.196638417165755364e-01,4.576367525650650303e-01,3.914871040129853652e-01,4.429387946150301070e-01,-2.647002270561104598e-01,3.585468652292723712e-01,-3.776633513061616876e-01,4.986633474367075936e-01,5.351608082930234822e-01,-2.768034048033287120e-01,3.272851058312338801e-01,1.230573440477831793e-01,6.039627713080226723e-01,1.582901456205907109e-01,5.547021302754620020e-01,-2.974214555430309548e-01,4.509609143964767308e-01,4.362412821323887191e-01,3.543155215152227200e-01,2.649283376552643010e-01,2.836428046695910199e-01,4.887348474566711176e-01,1.634258984894026712e-01,4.083788918468927998e-01,3.831188870743262309e-01,4.883447831185919741e-01,1.935117624001403136e-01,3.411625095530487761e-01,4.312339180135353889e-01,3.532706643673397262e-01,5.835572292893819180e-01,1.162932580776288444e-01,3.110182884547778026e-01,1.222911778365257385e-01,1.000000000000000000e+00,4.053216325156764888e-01,4.445539535846291801e-01,5.142011886018811317e-01
1.656089954432773403e-01,4.988240574321889942e-01,4.358262620090030959e-01,2.733537654308643150e-01,3.559946661373029619e-01,8.977446475752605404e-02,3.299064808040593766e-01,-6.437439189362495484e-02,3.312727121646240613e-01,5.964541972793292457e-01,-1.289293568296537296e-01,2.403459076587141641e-01,2.570819838588666029e-01,6.749026909983519840e-01,3.037835801559370802e-02,5.550689525433818439e-01,-2.046594519028459846e-01,3.367757655736362543e-01,3.041516098123823175e-01,4.034734889821102177e-01,5.053891349287942258e-01,4.454318229613601354e-01,4.306519266475881125e-01,2.676493655445004727e-01,4.320232242224605335e-01,2.833812382185318390e-01,5.252645192933034224e-01,4.162211749658212279e-01,3.386611844966002649e-01,3.132339917482543923e-01,5.912010052016581918e-01,6.161977370244924312e-01,4.434390694576700320e-01,2.405500618380650435e-01,7.841422090375229637e-01,4.053216325156764888e-01,1.000000000000000000e+00,1.593698157699361684e-01,3.887013251361449706e-01
6.665052469785917033e-01,3.817263625109237335e-01,5.618103005608007239e-01,7.461156122291362491e-01,6.477019528113656666e-01,-5.226192119057362362e-01,3.624492865922108731e-01,-2.890482867492704666e-01,7.286289017564937520e-01,3.815869470954583176e-01,-3.727847476440026009e-01,3.890933914647486946e-01,-2.923080515309187111e-02,3.470227606323608160e-01,1.260899507760985250e-01,6.696502657587561913e-01,-2.100961843103592575e-01,7.469401301159741546e-01,6.983700159118254591e-01,4.284962517328965714e-01,2.911536385089582013e-01,1.279694296492217553e-01,5.288182844475810551e-01,4.242606210325004512e-01,4.100722844109584431e-01,6.670396468772659127e-01,2.972682400140376213e-01,5.722923589479494977e-01,3.893340250777559824e-02,5.659612384753088810e-01,3.476145794934730748e-01,2.759282569306152344e-01,1.862570523609366480e-01,4.780319185468492882e-01,-1.446797477994934411e-01,4.445539535846291801e-01,1.593698157699361684e-01,1.000000000000000000e+00,6.649462528916442183e-01
2.618340472342262082e-01,8.275236132053315208e-01,7.753555104618301552e-01,6.825574183393388061e-01,7.810706671394663791e-01,-6.518010370574001122e-01,8.041754769459297236e-01,-5.801730523941540651e-01,8.989195681616426459e-01,5.989297679659324469e-01,-5.454617072422416335e-01,7.914187780139519957e-01,3.982743232473970885e-01,4.608116619277046744e-01,5.289270979364176783e-01,6.202808723303592231e-01,-5.822305748231233480e-01,8.737825166886166173e-01,8.869747531476810387e-01,7.526921935030113087e-01,2.888788949282304896e-01,6.052701334059443772e-01,6.975029690684686479e-01,4.112920769482361627e-01,6.582515050317603311e-01,3.967838797039440757e-01,7.653290790239505315e-01,4.128759137477142072e-01,-1.677052795524128503e-01,2.410491452107477728e-01,7.419460788154778053e-01,6.849750466672421823e-01,7.595135793126092660e-02,8.099480001776602212e-01,1.429737899670813495e-01,5.142011886018811317e-01,3.887013251361449706e-01,6.649462528916442183e-01,1.000000000000000000e+00
