1.000000000000000000e+00,5.895991617725421241e-01,2.342529854247183685e-01,8.311693193638795829e-02,4.104667689855265311e-01,2.496454246254999343e-01,4.041089929230733957e-01,-1.752871361038527975e-01,5.862577497958492145e-01,3.592995622071120665e-01,5.177032207670154706e-01,7.492882289442273636e-02,-1.813512179100651156e-01,4.194184343137403181e-01,4.894286402704829952e-01,2.683627048021196559e-01,4.466853375904543122e-01,-1.646738120535016225e-01,3.587605017486392156e-01,2.972570050612214354e-01,1.839925700423641064e-01,5.003003815481276151e-01,3.953432235505219272e-01,4.370377502293364969e-01,4.052740414905437460e-01,5.688779697095991406e-01,3.037803711884558000e-01,3.426186936954566109e-01,3.989526311047991158e-01,4.849747476337719077e-01,7.789924384098625976e-02,4.465346380147600658e-01,3.205299883429068020e-01,5.457576627263595048e-01,1.422664458806880972e-01,1.420611144727918496e-01,4.471990887124151492e-01,6.415079865291705152e-01,5.366452548860433103e-01
5.895991617725421241e-01,1.000000000000000000e+00,3.993822383503398132e-01,1.492950547180184051e-01,4.206006201984933690e-01,9.352012053010586023e-02,6.291711662218362200e-01,-3.853634192820189486e-01,5.729528960736453014e-01,3.122480170374665187e-01,5.544074135323190378e-01,3.957460506023687263e-01,1.043621393339850267e-01,5.277208692324669714e-01,5.196609556820463993e-01,1.841383642290854716e-01,3.942381968737171394e-01,1.311119664546818442e-01,3.527913259685904745e-01,3.714034893446684360e-01,1.273242372013292933e-01,7.134686666795255761e-01,4.709496915609633905e-01,4.680407369577923027e-01,1.974891985119067161e-01,5.327889655306496941e-01,6.278166869920016602e-01,2.146608402477817867e-01,4.412049269547289043e-01,2.691048579491688852e-01,4.712075941886291752e-01,5.788135673788672442e-01,5.296521556186467583e-01,4.392688670236696291e-01,4.000425579002335197e-01,1.320206787041111329e-01,5.314265809745611913e-01,6.266182922313959791e-01,6.439533204335550209e-01
2.342529854247183685e-01,3.993822383503398132e-01,1.000000000000000000e+00,-5.109897048500866047e-04,5.332727663122587280e-01,1.709979756363231573e-01,2.893576105612408189e-01,-8.806589583556976297e-01,3.611096965185612295e-01,1.807870659724005735e-01,2.152579680807323870e-01,-4.719326969606982281e-02,-3.225335336560425370e-02,5.047256616320513478e-01,1.086699503643430847e-01,1.342452292884611653e-01,9.277764625076420635e-02,6.973780752390743021e-02,4.852933370203421637e-01,-9.234005389859438126e-03,4.587537055224775728e-01,2.751857059693930130e-01,4.593632139718757390e-01,4.105514105565269967e-01,3.949587057430866688e-01,1.850183219555494030e-01,2.365211020220177318e-01,2.586629762989843817e-01,1.612327275014919514e-01,2.310066473425069211e-01,6.891610377506879326e-01,1.699776168873172733e-01,6.294461464322714805e-01,4.312749678598857273e-01,2.715736232746041590e-01,5.031872936850158295e-02,2.534514037564212230e-01,2.881661813835363350e-01,5.127759830102116556e-01
8.311693193638795829e-02,1.492950547180184051e-01,-5.109897048500866047e-04,1.000000000000000000e+00,-2.706786383042792191e-02,9.803696014550809801e-02,2.361439447740230346e-01,2.623607597365414101e-03,1.713661772758373891e-01,-8.420022126725347500e-02,2.229547299266316784e-01,2.335750822137781235e-01,5.732574657833690995e-02,1.300290928350444353e-01,1.860546759439715148e-01,-3.588635218647198005e-02,2.262093200764488943e-01,1.732182713280669140e-01,3.549567036729426445e-02,2.622609682988266688e-01,4.565076188671016860e-02,2.122619287974754909e-01,-5.761391766505385460e-03,-6.977270376616302207e-03,-2.383921009799700175e-01,1.357295215370320652e-03,3.772020625269816713e-02,-1.592172879439400501e-01,1.785136747047601571e-02,6.828118834053224784e-02,-7.445689138613802638e-04,1.054135228752653142e-01,8.820718141255956546e-02,-2.197386384603934595e-02,-7.282650851538786940e-02,4.934780914198214075e-02,-2.688677470159885410e-02,1.971769747750339308e-01,1.013905536806071622e-01
4.104667689855265311e-01,4.206006201984933690e-01,5.332727663122587280e-01,-2.706786383042792191e-02,1.000000000000000000e+00,3.249608125964388861e-01,4.200591856685162995e-01,-4.835957105868294859e-01,6.217957807952423366e-01,3.152116175187342773e-01,4.805368368870884810e-01,-5.014991011251233866e-02,-1.422584355833541037e-01,6.368881907976036150e-01,3.620615999372338578e-01,2.874429819538007469e-01,3.674513891765449625e-01,-9.273761183641483774e-02,5.681465241029975966e-01,1.418383825776147467e-01,2.109746682656170325e-01,4.482279708238182669e-01,4.663602138850337919e-01,3.516201726768287128e-01,3.747821196174002112e-01,4.467768568924704864e-01,3.819314919967217170e-01,2.962609538518665153e-01,3.590580659989202617e-01,4.939369061026493979e-01,5.030713419107396556e-01,4.022033343496082547e-01,3.833733999577120799e-01,6.917534937118172689e-01,1.981671575825589005e-01,2.734582322665610743e-01,3.481391437950853707e-01,3.813109401360201822e-01,4.857701881723191506e-01
2.496454246254999343e-01,9.352012053010586023e-02,1.709979756363231573e-01,9.803696014550809801e-02,3.249608125964388861e-01,1.000000000000000000e+00,1.620188663774703997e-01,-1.336494597369126958e-01,3.949603168633868400e-01,1.472433410405182275e-01,5.244745268946821026e-01,-1.436662323287546672e-01,-1.835927554554492858e-01,4.623025112675861470e-01,1.702262102106736619e-01,5.260278252941211902e-02,4.751864821772820435e-01,-6.451561387136971193e-02,3.858647128798637915e-01,2.552326809288474885e-01,1.107024441191846592e-01,1.583518359274363463e-01,1.965292405966474476e-01,1.780549149408468257e-01,1.234584107202418291e-01,2.052761891431434671e-01,6.618467052121759786e-02,4.196535072442450498e-02,3.220193436935399611e-01,4.173292069687455363e-01,4.237815737368778174e-02,3.846893583768849489e-01,3.083335788419565016e-01,4.076575401704862212e-01,1.915343427883954563e-01,2.696430651706476778e-01,3.012636389039807239e-01,2.223858553270857408e-01,2.070474564341057977e-01
4.041089929230733957e-01,6.291711662218362200e-01,2.893576105612408189e-01,2.361439447740230346e-01,4.200591856685162995e-01,1.620188663774703997e-01,1.000000000000000000e+00,-2.841230880771541956e-01,6.303741301751458748e-01,2.884626582345445889e-01,5.313512966423443729e-01,2.957900894088454913e-01,1.548769688015604329e-01,5.158427338120455952e-01,5.121843664555585374e-01,1.124523432602143325e-01,4.726268741170202570e-01,2.331129581104838533e-01,4.243687490244515415e-01,3.300512275993025546e-01,1.250145586200045733e-01,6.338949805458997666e-01,3.479116480820897417e-01,3.040000118545465035e-01,2.188639270878972240e-02,3.370880777793992533e-01,4.318308661139592664e-01,1.486689755864191165e-01,2.392424852228107468e-01,3.322110674412414033e-01,3.458155507176522980e-01,3.921472605876986095e-01,4.225753032445747071e-01,4.035493016771299346e-01,1.432964538461796167e-01,4.795035394505739457e-02,2.909125918632703978e-01,5.273328329668067749e-01,5.162569907815270920e-01
-1.752871361038527975e-01,-3.853634192820189486e-01,-8.806589583556976297e-01,2.623607597365414101e-03,-4.835957105868294859e-01,-1.336494597369126958e-01,-2.841230880771541956e-01,1.000000000000000000e+00,-3.221976899372616110e-01,-1.580171587996395954e-01,-1.785593773135667750e-01,3.551417058792584458e-02,-3.770764930837363499e-02,-4.679624637263284370e-01,-7.480810803894649696e-02,-9.261593526347376704e-02,-5.864572985048025627e-02,-9.868424610247739093e-02,-4.443557943847010749e-01,1.185265644493802874e-02,-4.062276428986990595e-01,-2.427457381910237688e-01,-4.168016826816136611e-01,-3.647369020337390411e-01,-3.529443392810390212e-01,-1.534983310532580802e-01,-2.303862176805907824e-01,-2.699468819842743006e-01,-1.313704632496602298e-01,-1.881779882810035720e-01,-7.013240124800668163e-01,-1.404803049986788621e-01,-6.446749574376865466e-01,-3.738496753741917256e-01,-2.652580889575730794e-01,-3.214246679692149555e-02,-2.290108708829411976e-01,-2.458613508591875330e-01,-4.807945240684414756e-01
5.862577497958492145e-01,5.729528960736453014e-01,3.611096965185612295e-01,1.713661772758373891e-01,6.217957807952423366e-01,3.949603168633868400e-01,6.303741301751458748e-01,-3.221976899372616110e-01,1.000000000000000000e+00,3.496834759330543774e-01,6.778802178107966592e-01,1.479146095544072170e-01,-1.408960557902548018e-02,6.926114441475232919e-01,6.152834902241299808e-01,2.517912183331179055e-01,6.079264226109485358e-01,-9.416965304647405624e-03,5.946800121581912180e-01,4.148016922997598277e-01,1.625149854281298933e-01,6.523439062302669456e-01,5.220651298514223937e-01,4.038584052598562790e-01,2.797169574334223419e-01,4.277911189852126594e-01,3.834650326200443327e-01,3.372522965427306452e-01,3.223385343014205651e-01,6.419358685908375106e-01,2.713204262003648948e-01,4.586459759972466577e-01,4.449229206962787564e-01,7.077946327102160318e-01,9.220367141973309644e-02,1.340141241788073700e-01,3.371458721272420633e-01,6.565592090572524020e-01,6.155770598693128814e-01
3.592995622071120665e-01,3.122480170374665187e-01,1.807870659724005735e-01,-8.420022126725347500e-02,3.152116175187342773e-01,1.472433410405182275e-01,2.884626582345445889e-01,-1.580171587996395954e-01,3.496834759330543774e-01,1.000000000000000000e+00,3.255746995726531146e-01,8.643322817164464378e-02,-2.524297867035296128e-01,2.023375030557470755e-01,3.147477330221041814e-01,7.212066361837039530e-01,3.985910969821307437e-01,5.623681587161339507e-02,2.948920360224822068e-01,1.503085049583355037e-01,1.649310428174567342e-02,2.861671738170632473e-01,4.350438066278634053e-01,2.075546917394209545e-01,3.994499566737818030e-01,3.596822039006534188e-01,2.860893519660519524e-01,2.937354565165624654e-01,4.022229058594177231e-01,4.657076286797099951e-01,3.114046947200560522e-01,3.556391476280664765e-01,6.411956384082292959e-02,3.247652331077662824e-01,3.317105581072359866e-01,3.251109281820112051e-01,3.504709157431278865e-01,1.980178184626461835e-01,1.818724249035847951e-01
5.177032207670154706e-01,5.544074135323190378e-01,2.152579680807323870e-01,2.229547299266316784e-01,4.805368368870884810e-01,5.244745268946821026e-01,5.313512966423443729e-01,-1.785593773135667750e-01,6.778802178107966592e-01,3.255746995726531146e-01,1.000000000000000000e+00,2.038318113835516643e-01,-1.526281144560047431e-02,5.576776158436842490e-01,5.219363220917206947e-01,2.143187144193196836e-01,7.792498543822274915e-01,-3.635661448206223972e-02,3.647826112833772449e-01,4.342441304222498522e-01,9.184735985936462108e-03,5.588166515183957683e-01,3.903634689974813110e-01,3.334643201158151160e-01,1.062606889134289495e-01,4.138898680016381837e-01,3.821218466472359743e-01,1.008657520616657172e-01,4.934076653156490577e-01,5.287071434648612511e-01,2.456484496563275388e-01,5.596409415959331390e-01,3.206699447882324083e-01,4.808350020017260751e-01,1.369630565672136091e-01,2.801044201279629942e-01,4.184727007989568759e-01,5.100664568537085497e-01,4.605484840231861554e-01
7.492882289442273636e-02,3.957460506023687263e-01,-4.719326969606982281e-02,2.335750822137781235e-01,-5.014991011251233866e-02,-1.436662323287546672e-01,2.957900894088454913e-01,3.551417058792584458e-02,1.479146095544072170e-01,8.643322817164464378e-02,2.038318113835516643e-01,1.000000000000000000e+00,2.190484635083918830e-01,4.024561628295351273e-02,4.486792280110619147e-01,5.117325771150834507e-02,2.139096758533456932e-01,3.683476177896107817e-01,-1.769426807425360793e-01,3.809465660324806713e-01,-1.124342853466765886e-02,5.139356472254604791e-01,1.705583795972178962e-01,8.939082532058048591e-02,-2.417254434584897027e-01,1.905837274731479181e-01,4.245234142676362898e-01,1.329207264712388703e-01,1.305853305230063877e-01,-6.487961979913003940e-02,1.710576083582676377e-01,2.340753160489904838e-01,4.586520411733361474e-02,-6.707982375193706492e-02,2.077460818732254078e-01,2.371161660187950590e-02,4.239071348582732629e-02,1.548200646649245671e-01,-6.896664413377739944e-02
-1.813512179100651156e-01,1.043621393339850267e-01,-3.225335336560425370e-02,5.732574657833690995e-02,-1.422584355833541037e-01,-1.835927554554492858e-01,1.548769688015604329e-01,-3.770764930837363499e-02,-1.408960557902548018e-02,-2.524297867035296128e-01,-1.526281144560047431e-02,2.190484635083918830e-01,1.000000000000000000e+00,5.811535125345940883e-02,-4.205544753802770847e-02,-2.696553287545644384e-01,-1.338919870092973238e-02,2.497434740192783220e-01,-1.227282678875756539e-01,7.831007837819663198e-02,-2.397528793394163027e-01,8.066546929270383692e-02,-1.066079426020557497e-01,-2.385550712709459675e-02,-2.865370122555678800e-01,-1.324956664418709129e-01,4.424651412049308841e-02,5.633868090135130818e-02,-2.766782013283441422e-01,-1.324420905254963289e-02,-5.361819950046891464e-02,-1.202450102822199551e-01,2.305079749712525827e-01,-2.293901647574357328e-01,-1.141224621429087621e-01,-6.707677202775519376e-02,-2.040720870598909109e-01,-6.530698033997120455e-02,-1.352407080085028974e-02
4.194184343137403181e-01,5.277208692324669714e-01,5.047256616320513478e-01,1.300290928350444353e-01,6.368881907976036150e-01,4.623025112675861470e-01,5.158427338120455952e-01,-4.679624637263284370e-01,6.926114441475232919e-01,2.023375030557470755e-01,5.576776158436842490e-01,4.024561628295351273e-02,5.811535125345940883e-02,1.000000000000000000e+00,3.703144244324961254e-01,1.061093474934762387e-01,4.695069431261364445e-01,8.537617739886242674e-02,5.822058298199148663e-01,2.351207143403470090e-01,1.679219884339040458e-01,5.269375529256078439e-01,4.859855364852606607e-01,5.196952784783526180e-01,2.322229692486974528e-01,4.112721664274904820e-01,4.304652003247997349e-01,2.025291657553159874e-01,3.594514282164649188e-01,4.806930453287154292e-01,3.961202599940522595e-01,4.871469089349933501e-01,6.325957208530003095e-01,6.115769765756606802e-01,3.377121102082356052e-01,1.638742509415673509e-01,4.607956906618714266e-01,5.522891814353846351e-01,5.947287958484220871e-01
4.894286402704829952e-01,5.196609556820463993e-01,1.086699503643430847e-01,1.860546759439715148e-01,3.620615999372338578e-01,1.702262102106736619e-01,5.121843664555585374e-01,-7.480810803894649696e-02,6.152834902241299808e-01,3.147477330221041814e-01,5.219363220917206947e-01,4.486792280110619147e-01,-4.205544753802770847e-02,3.703144244324961254e-01,1.000000000000000000e+00,2.005733953504680034e-01,4.634441477320127567e-01,-2.614284274527525070e-02,3.005282696705974810e-01,5.468205476244268892e-01,1.534577058273539352e-01,6.705734829043693557e-01,3.514399188698161813e-01,2.585446116955827933e-01,9.997882789592348052e-02,3.406986847384180228e-01,3.517469029465842278e-01,2.483523167511151319e-01,2.896281347133589645e-01,2.994305175194610924e-01,1.324392231289629462e-01,3.375635631433760997e-01,1.500489071445555156e-01,4.669599837205627990e-01,9.659179862281350171e-02,4.577684884116921954e-02,1.988062924485212712e-01,5.526074437906562942e-01,3.644548092954316143e-01
2.683627048021196559e-01,1.841383642290854716e-01,1.342452292884611653e-01,-3.588635218647198005e-02,2.874429819538007469e-01,5.260278252941211902e-02,1.124523432602143325e-01,-9.261593526347376704e-02,2.517912183331179055e-01,7.212066361837039530e-01,2.143187144193196836e-01,5.117325771150834507e-02,-2.696553287545644384e-01,1.061093474934762387e-01,2.005733953504680034e-01,1.000000000000000000e+00,2.809876436247575326e-01,7.109224409632607100e-02,2.272479741652858598e-01,4.531778552081264233e-02,6.240614218524569851e-02,2.079804761375290689e-01,4.386005638539578477e-01,2.233649595985014169e-01,4.248412128271952248e-01,3.426834899579963012e-01,2.719568236393723470e-01,1.988293642316029675e-01,3.553829541497005029e-01,5.143330995917587689e-01,2.311129371212590489e-01,3.076364967204249234e-01,-6.533651002765693272e-02,2.670822473418030807e-01,2.359063185942099350e-01,4.428400984403278451e-01,1.949745695003168855e-01,9.956450150237791674e-02,1.018464203648451888e-01
4.466853375904543122e-01,3.942381968737171394e-01,9.277764625076420635e-02,2.262093200764488943e-01,3.674513891765449625e-01,4.751864821772820435e-01,4.726268741170202570e-01,-5.864572985048025627e-02,6.079264226109485358e-01,3.985910969821307437e-01,7.792498543822274915e-01,2.139096758533456932e-01,-1.338919870092973238e-02,4.695069431261364445e-01,4.634441477320127567e-01,2.809876436247575326e-01,1.000000000000000000e+00,2.327962686868220374e-02,2.683163351560406418e-01,3.287502168307406269e-01,-6.664178479145954626e-02,4.361719077548734114e-01,3.277612945294061109e-01,2.054636558155097936e-01,4.733455148158133285e-02,3.933089236796399879e-01,2.936044865350294075e-01,6.163223394527215376e-02,4.708100231213755427e-01,5.363374596658305737e-01,1.414778517807339098e-01,4.759461458469304018e-01,2.125329885886332315e-01,3.517500803793753850e-01,1.173611715075848910e-01,2.832370652196330996e-01,3.537468015728704729e-01,3.670871687975056363e-01,2.893397481332996013e-01
-1.646738120535016225e-01,1.311119664546818442e-01,6.973780752390743021e-02,1.732182713280669140e-01,-9.273761183641483774e-02,-6.451561387136971193e-02,2.331129581104838533e-01,-9.868424610247739093e-02,-9.416965304647405624e-03,5.623681587161339507e-02,-3.635661448206223972e-02,3.683476177896107817e-01,2.497434740192783220e-01,8.537617739886242674e-02,-2.614284274527525070e-02,7.109224409632607100e-02,2.327962686868220374e-02,1.000000000000000000e+00,8.317832787946138895e-02,2.529189171169479502e-05,2.665065781342555382e-02,2.298209837351235796e-01,1.879418942154603145e-01,8.692970398195069837e-02,-8.745707007622761930e-02,1.439780003333705483e-01,3.469491336298390349e-01,1.898457176689156145e-01,7.312133368415216217e-02,1.018108486474349900e-02,2.003551648358085635e-01,1.643328628079750442e-01,1.758688207697349237e-01,-2.243513217410045002e-01,1.969771322302784899e-01,1.711232468318370503e-01,4.874212363373176676e-02,-3.534250646215987557e-02,-1.081266073920993942e-01
3.587605017486392156e-01,3.527913259685904745e-01,4.852933370203421637e-01,3.549567036729426445e-02,5.681465241029975966e-01,3.858647128798637915e-01,4.243687490244515415e-01,-4.443557943847010749e-01,5.946800121581912180e-01,2.948920360224822068e-01,3.647826112833772449e-01,-1.769426807425360793e-01,-1.227282678875756539e-01,5.822058298199148663e-01,3.005282696705974810e-01,2.272479741652858598e-01,2.683163351560406418e-01,8.317832787946138895e-02,1.000000000000000000e+00,9.551247384197235346e-02,3.175283068599087377e-01,4.189174405161591452e-01,5.465284049243125386e-01,4.155004341658665723e-01,4.319023869257164749e-01,2.969501268788411474e-01,2.942085413160115959e-01,2.949313784277655115e-01,2.428465579149280129e-01,4.556317446555087081e-01,3.447833262610416338e-01,3.175213490475095601e-01,4.225530076746587538e-01,6.482751176976014884e-01,1.971745817395500200e-01,8.699499280477021590e-02,2.614728704435088646e-01,4.097350874631581208e-01,4.763425253035226681e-01
2.972570050612214354e-01,3.714034893446684360e-01,-9.234005389859438126e-03,2.622609682988266688e-01,1.418383825776147467e-01,2.552326809288474885e-01,3.300512275993025546e-01,1.185265644493802874e-02,4.148016922997598277e-01,1.503085049583355037e-01,4.342441304222498522e-01,3.809465660324806713e-01,7.831007837819663198e-02,2.351207143403470090e-01,5.468205476244268892e-01,4.531778552081264233e-02,3.287502168307406269e-01,2.529189171169479502e-05,9.551247384197235346e-02,1.000000000000000000e+00,-4.868151962259982535e-02,5.400810411680501133e-01,1.840695791195101072e-01,1.806806572437029967e-01,-3.359166620258419167e-02,2.755313647777737907e-01,2.937591879213533042e-01,2.413116740849211017e-01,2.912687867424396115e-01,2.100676947722457111e-01,6.381741042519571694e-02,4.168634978060163920e-01,2.335631195622136780e-01,2.532455294244182475e-01,7.839777429180043444e-02,1.005582329986936252e-01,2.559035012318819358e-01,4.688231724147737811e-01,2.313224980012184295e-01
1.839925700423641064e-01,1.273242372013292933e-01,4.587537055224775728e-01,4.565076188671016860e-02,2.109746682656170325e-01,1.107024441191846592e-01,1.250145586200045733e-01,-4.062276428986990595e-01,1.625149854281298933e-01,1.649310428174567342e-02,9.184735985936462108e-03,-1.124342853466765886e-02,-2.397528793394163027e-01,1.679219884339040458e-01,1.534577058273539352e-01,6.240614218524569851e-02,-6.664178479145954626e-02,2.665065781342555382e-02,3.175283068599087377e-01,-4.868151962259982535e-02,1.000000000000000000e+00,1.890002795265996738e-01,2.299731914251530174e-01,2.792339306469093230e-01,2.807680536390752546e-01,3.203190277427295403e-03,-5.268156608534033808e-02,1.076535701847372711e-01,-3.015682030466278890e-02,4.822077014267398681e-02,1.803823582643387380e-01,-4.381929026468234234e-02,1.810021118729384093e-01,3.267974844414383018e-01,6.756506558269521900e-02,-1.445432510941784543e-01,1.431235321590332461e-02,2.155359156459648318e-01,2.535327340369327165e-01
5.003003815481276151e-01,7.134686666795255761e-01,2.751857059693930130e-01,2.122619287974754909e-01,4.482279708238182669e-01,1.583518359274363463e-01,6.338949805458997666e-01,-2.427457381910237688e-01,6.523439062302669456e-01,2.861671738170632473e-01,5.588166515183957683e-01,5.139356472254604791e-01,8.066546929270383692e-02,5.269375529256078439e-01,6.705734829043693557e-01,2.079804761375290689e-01,4.361719077548734114e-01,2.298209837351235796e-01,4.189174405161591452e-01,5.400810411680501133e-01,1.890002795265996738e-01,1.000000000000000000e+00,5.068650925469027069e-01,4.731590807258138631e-01,1.517914827139301426e-01,5.076111723591983926e-01,6.202855521475247880e-01,3.329647371594438576e-01,3.873252274729482858e-01,3.458770253928812322e-01,3.228847259048552853e-01,5.688437324735469147e-01,3.880493997593943423e-01,4.908820198630523546e-01,2.597832966595824411e-01,1.613084626591158588e-01,4.046877949954124642e-01,6.505124583871422228e-01,4.822545763273813346e-01
3.953432235505219272e-01,4.709496915609633905e-01,4.593632139718757390e-01,-5.761391766505385460e-03,4.663602138850337919e-01,1.965292405966474476e-01,3.479116480820897417e-01,-4.168016826816136611e-01,5.220651298514223937e-01,4.350438066278634053e-01,3.903634689974813110e-01,1.705583795972178962e-01,-1.066079426020557497e-01,4.859855364852606607e-01,3.514399188698161813e-01,4.386005638539578477e-01,3.277612945294061109e-01,1.879418942154603145e-01,5.465284049243125386e-01,1.840695791195101072e-01,2.299731914251530174e-01,5.068650925469027069e-01,1.000000000000000000e+00,5.387811148692905894e-01,6.571906033939527436e-01,4.022215702118608349e-01,4.629721326966588779e-01,4.435825463480351227e-01,3.001191326763807399e-01,4.298446468433723133e-01,4.593169000658427481e-01,3.453206054149422499e-01,3.348994858472890690e-01,5.399373858150676719e-01,2.545376476469538018e-01,1.496620966698736233e-01,2.509419904270219215e-01,4.378532476167811827e-01,4.387284011857458532e-01
4.370377502293364969e-01,4.680407369577923027e-01,4.105514105565269967e-01,-6.977270376616302207e-03,3.516201726768287128e-01,1.780549149408468257e-01,3.040000118545465035e-01,-3.647369020337390411e-01,4.038584052598562790e-01,2.075546917394209545e-01,3.334643201158151160e-01,8.939082532058048591e-02,-2.385550712709459675e-02,5.196952784783526180e-01,2.585446116955827933e-01,2.233649595985014169e-01,2.054636558155097936e-01,8.692970398195069837e-02,4.155004341658665723e-01,1.806806572437029967e-01,2.792339306469093230e-01,4.731590807258138631e-01,5.387811148692905894e-01,1.000000000000000000e+00,4.586206425120090691e-01,3.968867934208545889e-01,3.857131814608258935e-01,2.777322849126582227e-01,2.766322106235506451e-01,3.587374672071875770e-01,2.353768743404519026e-01,3.565372601069956571e-01,4.384619312989855855e-01,4.067134934800923918e-01,3.519328129155288032e-01,-5.771062384860716626e-02,3.758763243902913942e-01,4.611224129438632469e-01,4.458099343606738429e-01
4.052740414905437460e-01,1.974891985119067161e-01,3.949587057430866688e-01,-2.383921009799700175e-01,3.747821196174002112e-01,1.234584107202418291e-01,2.188639270878972240e-02,-3.529443392810390212e-01,2.797169574334223419e-01,3.994499566737818030e-01,1.062606889134289495e-01,-2.417254434584897027e-01,-2.865370122555678800e-01,2.322229692486974528e-01,9.997882789592348052e-02,4.248412128271952248e-01,4.733455148158133285e-02,-8.745707007622761930e-02,4.319023869257164749e-01,-3.359166620258419167e-02,2.807680536390752546e-01,1.517914827139301426e-01,6.571906033939527436e-01,4.586206425120090691e-01,1.000000000000000000e+00,3.106938746905574811e-01,1.585004874555184795e-01,4.581044332173749845e-01,2.051185391320055895e-01,3.945016526914518762e-01,2.493762901892049577e-01,1.362996235158382419e-01,1.708039056731255889e-01,4.638177293694026315e-01,1.269504259162080595e-01,9.297930810224619425e-02,2.032170653162512219e-01,2.769230400223597344e-01,3.566750278797743423e-01
5.688779697095991406e-01,5.327889655306496941e-01,1.850183219555494030e-01,1.357295215370320652e-03,4.467768568924704864e-01,2.052761891431434671e-01,3.370880777793992533e-01,-1.534983310532580802e-01,4.277911189852126594e-01,3.596822039006534188e-01,4.138898680016381837e-01,1.905837274731479181e-01,-1.324956664418709129e-01,4.112721664274904820e-01,3.406986847384180228e-01,3.426834899579963012e-01,3.933089236796399879e-01,1.439780003333705483e-01,2.969501268788411474e-01,2.755313647777737907e-01,3.203190277427295403e-03,5.076111723591983926e-01,4.022215702118608349e-01,3.968867934208545889e-01,3.106938746905574811e-01,1.000000000000000000e+00,7.273952887237233877e-01,3.761737917548459986e-01,6.734936624154244100e-01,4.013204409625474312e-01,2.685403860989847291e-01,7.304424915546819941e-01,3.372286682880728526e-01,4.079727674906932222e-01,4.520398172699926498e-01,3.547807820968850168e-01,6.359052255676128640e-01,4.085940777791647882e-01,2.634552378786374494e-01
3.037803711884558000e-01,6.278166869920016602e-01,2.365211020220177318e-01,3.772020625269816713e-02,3.819314919967217170e-01,6.618467052121759786e-02,4.318308661139592664e-01,-2.303862176805907824e-01,3.834650326200443327e-01,2.860893519660519524e-01,3.821218466472359743e-01,4.245234142676362898e-01,4.424651412049308841e-02,4.304652003247997349e-01,3.517469029465842278e-01,2.719568236393723470e-01,2.936044865350294075e-01,3.469491336298390349e-01,2.942085413160115959e-01,2.937591879213533042e-01,-5.268156608534033808e-02,6.202855521475247880e-01,4.629721326966588779e-01,3.857131814608258935e-01,1.585004874555184795e-01,7.273952887237233877e-01,1.000000000000000000e+00,2.918817186684369291e-01,6.028898700188523030e-01,2.105316251203168121e-01,4.761308929257071498e-01,7.079465480260552779e-01,3.750392380856587549e-01,3.171727955657969722e-01,5.326727744969461664e-01,3.093760395291886844e-01,5.603075483538159096e-01,3.495714291378078653e-01,2.593721862796301014e-01
3.426186936954566109e-01,2.146608402477817867e-01,2.586629762989843817e-01,-1.592172879439400501e-01,2.962609538518665153e-01,4.196535072442450498e-02,1.486689755864191165e-01,-2.699468819842743006e-01,3.372522965427306452e-01,2.937354565165624654e-01,1.008657520616657172e-01,1.329207264712388703e-01,5.633868090135130818e-02,2.025291657553159874e-01,2.483523167511151319e-01,1.988293642316029675e-01,6.163223394527215376e-02,1.898457176689156145e-01,2.949313784277655115e-01,2.413116740849211017e-01,1.076535701847372711e-01,3.329647371594438576e-01,4.435825463480351227e-01,2.777322849126582227e-01,4.581044332173749845e-01,3.761737917548459986e-01,2.918817186684369291e-01,1.000000000000000000e+00,1.344831931733879438e-01,3.163626663881908829e-01,2.257120703378124593e-01,1.707423433438262639e-01,2.810660872922485232e-01,3.544163998116793279e-01,7.282506951141803908e-02,4.501584516848654294e-02,1.482338816158916273e-01,2.540244945112334896e-01,1.046987273609973762e-01
3.989526311047991158e-01,4.412049269547289043e-01,1.612327275014919514e-01,1.785136747047601571e-02,3.590580659989202617e-01,3.220193436935399611e-01,2.392424852228107468e-01,-1.313704632496602298e-01,3.223385343014205651e-01,4.022229058594177231e-01,4.934076653156490577e-01,1.305853305230063877e-01,-2.766782013283441422e-01,3.594514282164649188e-01,2.896281347133589645e-01,3.553829541497005029e-01,4.708100231213755427e-01,7.312133368415216217e-02,2.428465579149280129e-01,2.912687867424396115e-01,-3.015682030466278890e-02,3.873252274729482858e-01,3.001191326763807399e-01,2.766322106235506451e-01,2.051185391320055895e-01,6.734936624154244100e-01,6.028898700188523030e-01,1.344831931733879438e-01,1.000000000000000000e+00,3.020660176755687321e-01,3.145798480160579280e-01,7.713329363929504190e-01,2.350200045011519023e-01,3.232327058860580138e-01,5.421308762016967542e-01,4.767974444854704008e-01,7.182486735762425578e-01,2.729447387878922715e-01,2.072154904538381637e-01
4.849747476337719077e-01,2.691048579491688852e-01,2.310066473425069211e-01,6.828118834053224784e-02,4.939369061026493979e-01,4.173292069687455363e-01,3.322110674412414033e-01,-1.881779882810035720e-01,6.419358685908375106e-01,4.657076286797099951e-01,5.287071434648612511e-01,-6.487961979913003940e-02,-1.324420905254963289e-02,4.806930453287154292e-01,2.994305175194610924e-01,5.143330995917587689e-01,5.363374596658305737e-01,1.018108486474349900e-02,4.556317446555087081e-01,2.100676947722457111e-01,4.822077014267398681e-02,3.458770253928812322e-01,4.298446468433723133e-01,3.587374672071875770e-01,3.945016526914518762e-01,4.013204409625474312e-01,2.105316251203168121e-01,3.163626663881908829e-01,3.020660176755687321e-01,1.000000000000000000e+00,8.082494868004519439e-02,3.721876902957952926e-01,2.914718149446176021e-01,5.117531971654771805e-01,3.741083550518847084e-02,3.588193112295888221e-01,2.117174612714226023e-01,3.690906468320317990e-01,3.599016014897197246e-01
7.789924384098625976e-02,4.712075941886291752e-01,6.891610377506879326e-01,-7.445689138613802638e-04,5.030713419107396556e-01,4.237815737368778174e-02,3.458155507176522980e-01,-7.013240124800668163e-01,2.713204262003648948e-01,3.114046947200560522e-01,2.456484496563275388e-01,1.710576083582676377e-01,-5.361819950046891464e-02,3.961202599940522595e-01,1.324392231289629462e-01,2.311129371212590489e-01,1.414778517807339098e-01,2.003551648358085635e-01,3.447833262610416338e-01,6.381741042519571694e-02,1.803823582643387380e-01,3.228847259048552853e-01,4.593169000658427481e-01,2.353768743404519026e-01,2.493762901892049577e-01,2.685403860989847291e-01,4.761308929257071498e-01,2.257120703378124593e-01,3.145798480160579280e-01,8.082494868004519439e-02,1.000000000000000000e+00,2.941730123557551035e-01,4.901220266502512857e-01,3.031038398061045580e-01,3.843743703374306042e-01,1.717185453444568244e-01,3.270134349358417292e-01,1.571881260982156414e-01,3.712115588223753870e-01
4.465346380147600658e-01,5.788135673788672442e-01,1.699776168873172733e-01,1.054135228752653142e-01,4.022033343496082547e-01,3.846893583768849489e-01,3.921472605876986095e-01,-1.404803049986788621e-01,4.586459759972466577e-01,3.556391476280664765e-01,5.596409415959331390e-01,2.340753160489904838e-01,-1.202450102822199551e-01,4.871469089349933501e-01,3.375635631433760997e-01,3.076364967204249234e-01,4.759461458469304018e-01,1.643328628079750442e-01,3.175213490475095601e-01,4.168634978060163920e-01,-4.381929026468234234e-02,5.688437324735469147e-01,3.453206054149422499e-01,3.565372601069956571e-01,1.362996235158382419e-01,7.304424915546819941e-01,7.079465480260552779e-01,1.707423433438262639e-01,7.713329363929504190e-01,3.721876902957952926e-01,2.941730123557551035e-01,1.000000000000000000e+00,3.701068420941518444e-01,3.924461768822092855e-01,5.460337279212473804e-01,4.702779606957380731e-01,7.457028602864240741e-01,4.472986212902060332e-01,3.332527260689394089e-01
3.205299883429068020e-01,5.296521556186467583e-01,6.294461464322714805e-01,8.820718141255956546e-02,3.833733999577120799e-01,3.083335788419565016e-01,4.225753032445747071e-01,-6.446749574376865466e-01,4.449229206962787564e-01,6.411956384082292959e-02,3.206699447882324083e-01,4.586520411733361474e-02,2.305079749712525827e-01,6.325957208530003095e-01,1.500489071445555156e-01,-6.533651002765693272e-02,2.125329885886332315e-01,1.758688207697349237e-01,4.225530076746587538e-01,2.335631195622136780e-01,1.810021118729384093e-01,3.880493997593943423e-01,3.348994858472890690e-01,4.384619312989855855e-01,1.708039056731255889e-01,3.372286682880728526e-01,3.750392380856587549e-01,2.810660872922485232e-01,2.350200045011519023e-01,2.914718149446176021e-01,4.901220266502512857e-01,3.701068420941518444e-01,1.000000000000000000e+00,3.677443812747150376e-01,3.802955799299223560e-01,7.300375826225978526e-02,4.396776993306131254e-01,4.401087031242510439e-01,5.688072771024430541e-01
5.457576627263595048e-01,4.392688670236696291e-01,4.312749678598857273e-01,-2.197386384603934595e-02,6.917534937118172689e-01,4.076575401704862212e-01,4.035493016771299346e-01,-3.738496753741917256e-01,7.077946327102160318e-01,3.247652331077662824e-01,4.808350020017260751e-01,-6.707982375193706492e-02,-2.293901647574357328e-01,6.115769765756606802e-01,4.669599837205627990e-01,2.670822473418030807e-01,3.517500803793753850e-01,-2.243513217410045002e-01,6.482751176976014884e-01,2.532455294244182475e-01,3.267974844414383018e-01,4.908820198630523546e-01,5.399373858150676719e-01,4.067134934800923918e-01,4.638177293694026315e-01,4.079727674906932222e-01,3.171727955657969722e-01,3.544163998116793279e-01,3.232327058860580138e-01,5.117531971654771805e-01,3.031038398061045580e-01,3.924461768822092855e-01,3.677443812747150376e-01,1.000000000000000000e+00,1.645457749118794943e-01,1.175405571470989480e-01,3.050868313204127547e-01,5.422301174608676888e-01,5.573643377513544106e-01
1.422664458806880972e-01,4.000425579002335197e-01,2.715736232746041590e-01,-7.282650851538786940e-02,1.981671575825589005e-01,1.915343427883954563e-01,1.432964538461796167e-01,-2.652580889575730794e-01,9.220367141973309644e-02,3.317105581072359866e-01,1.369630565672136091e-01,2.077460818732254078e-01,-1.141224621429087621e-01,3.377121102082356052e-01,9.659179862281350171e-02,2.359063185942099350e-01,1.173611715075848910e-01,1.969771322302784899e-01,1.971745817395500200e-01,7.839777429180043444e-02,6.756506558269521900e-02,2.597832966595824411e-01,2.545376476469538018e-01,3.519328129155288032e-01,1.269504259162080595e-01,4.520398172699926498e-01,5.326727744969461664e-01,7.282506951141803908e-02,5.421308762016967542e-01,3.741083550518847084e-02,3.843743703374306042e-01,5.460337279212473804e-01,3.802955799299223560e-01,1.645457749118794943e-01,1.000000000000000000e+00,3.039928799446451335e-01,6.302733723613008765e-01,1.191504625275541518e-01,1.366730730517976000e-01
1.420611144727918496e-01,1.320206787041111329e-01,5.031872936850158295e-02,4.934780914198214075e-02,2.734582322665610743e-01,2.696430651706476778e-01,4.795035394505739457e-02,-3.214246679692149555e-02,1.340141241788073700e-01,3.251109281820112051e-01,2.801044201279629942e-01,2.371161660187950590e-02,-6.707677202775519376e-02,1.638742509415673509e-01,4.577684884116921954e-02,4.428400984403278451e-01,2.832370652196330996e-01,1.711232468318370503e-01,8.699499280477021590e-02,1.005582329986936252e-01,-1.445432510941784543e-01,1.613084626591158588e-01,1.496620966698736233e-01,-5.771062384860716626e-02,9.297930810224619425e-02,3.547807820968850168e-01,3.093760395291886844e-01,4.501584516848654294e-02,4.767974444854704008e-01,3.588193112295888221e-01,1.717185453444568244e-01,4.702779606957380731e-01,7.300375826225978526e-02,1.175405571470989480e-01,3.039928799446451335e-01,1.000000000000000000e+00,3.580505058656531236e-01,4.411731113103552204e-02,5.181710086739817894e-02
4.471990887124151492e-01,5.314265809745611913e-01,2.534514037564212230e-01,-2.688677470159885410e-02,3.481391437950853707e-01,3.012636389039807239e-01,2.909125918632703978e-01,-2.290108708829411976e-01,3.371458721272420633e-01,3.504709157431278865e-01,4.184727007989568759e-01,4.239071348582732629e-02,-2.040720870598909109e-01,4.607956906618714266e-01,1.988062924485212712e-01,1.949745695003168855e-01,3.537468015728704729e-01,4.874212363373176676e-02,2.614728704435088646e-01,2.559035012318819358e-01,1.431235321590332461e-02,4.046877949954124642e-01,2.509419904270219215e-01,3.758763243902913942e-01,2.032170653162512219e-01,6.359052255676128640e-01,5.603075483538159096e-01,1.482338816158916273e-01,7.182486735762425578e-01,2.117174612714226023e-01,3.270134349358417292e-01,7.457028602864240741e-01,4.396776993306131254e-01,3.050868313204127547e-01,6.302733723613008765e-01,3.580505058656531236e-01,1.000000000000000000e+00,4.220026622195883204e-01,3.866995248108274774e-01
6.415079865291705152e-01,6.266182922313959791e-01,2.881661813835363350e-01,1.971769747750339308e-01,3.813109401360201822e-01,2.223858553270857408e-01,5.273328329668067749e-01,-2.458613508591875330e-01,6.565592090572524020e-01,1.980178184626461835e-01,5.100664568537085497e-01,1.548200646649245671e-01,-6.530698033997120455e-02,5.522891814353846351e-01,5.526074437906562942e-01,9.956450150237791674e-02,3.670871687975056363e-01,-3.534250646215987557e-02,4.097350874631581208e-01,4.688231724147737811e-01,2.155359156459648318e-01,6.505124583871422228e-01,4.378532476167811827e-01,4.611224129438632469e-01,2.769230400223597344e-01,4.085940777791647882e-01,3.495714291378078653e-01,2.540244945112334896e-01,2.729447387878922715e-01,3.690906468320317990e-01,1.571881260982156414e-01,4.472986212902060332e-01,4.401087031242510439e-01,5.422301174608676888e-01,1.191504625275541518e-01,4.411731113103552204e-02,4.220026622195883204e-01,1.000000000000000000e+00,7.285018728761394335e-01
5.366452548860433103e-01,6.439533204335550209e-01,5.127759830102116556e-01,1.013905536806071622e-01,4.857701881723191506e-01,2.070474564341057977e-01,5.162569907815270920e-01,-4.807945240684414756e-01,6.155770598693128814e-01,1.818724249035847951e-01,4.605484840231861554e-01,-6.896664413377739944e-02,-1.352407080085028974e-02,5.947287958484220871e-01,3.644548092954316143e-01,1.018464203648451888e-01,2.893397481332996013e-01,-1.081266073920993942e-01,4.763425253035226681e-01,2.313224980012184295e-01,2.535327340369327165e-01,4.822545763273813346e-01,4.387284011857458532e-01,4.458099343606738429e-01,3.566750278797743423e-01,2.634552378786374494e-01,2.593721862796301014e-01,1.046987273609973762e-01,2.072154904538381637e-01,3.599016014897197246e-01,3.712115588223753870e-01,3.332527260689394089e-01,5.688072771024430541e-01,5.573643377513544106e-01,1.366730730517976000e-01,5.181710086739817894e-02,3.866995248108274774e-01,7.285018728761394335e-01,1.000000000000000000e+00
