1.000000000000000000e+00,4.524200229600436329e-01,5.704411208931930988e-01,-1.335012376109731280e-01,3.187965093478322132e-01,1.094805534542755976e-01,-2.175304850284053709e-02,-5.585263649977133538e-01,3.048984156029251325e-01,5.003013089541170633e-01,1.440683069905975000e-03,1.019540434948533608e-01,7.735292341908418801e-02,4.021626590051234351e-01,2.222706384682962277e-01,4.658577957525529278e-01,-2.907408048738221451e-01,1.338523323602923698e-01,8.378775144377727246e-02,2.535443704653543295e-01,4.704030083457949041e-01,3.224376780252053987e-01,2.284224290462891771e-01,3.244684548388929168e-01,5.422805548613126581e-01,3.531047953748531198e-01,2.108107298566855581e-01,4.913230862112907826e-01,4.076046117165105231e-01,4.858025919586433372e-01,3.441381646926386373e-01,-2.809578832878523169e-02,5.525216864984596743e-01,2.249731136649364693e-01,2.552976095761311792e-01,1.185000089348201835e-01,2.658118244303089850e-01,5.566315107864316936e-01,4.359723568999200327e-01
4.524200229600436329e-01,1.000000000000000000e+00,1.762352796519138787e-01,3.064548374473579848e-02,2.735251607485844061e-01,1.496764767565485488e-01,-6.568902397907529223e-02,-1.896011151598025746e-01,3.638033088556188455e-01,5.028612523162806491e-01,1.775183624711736963e-01,3.137079457853378384e-02,8.432232914583269456e-02,1.157053918795832581e-01,2.428588025404617226e-02,4.077960768164805017e-01,-2.437504197475609258e-01,1.642482005428278213e-01,7.040591337049648124e-02,6.742259616073578710e-02,2.323603160664230727e-01,1.091367379219409933e-01,2.418109420217608718e-01,1.532411277206926492e-01,4.433898431869038315e-01,9.945798736813139806e-02,-2.626802035023844198e-02,2.178088736145613880e-01,1.657807422768078909e-01,4.301843267333467224e-01,1.850629593289474795e-01,2.368738122896945075e-01,1.112050885810037526e-01,2.944379531979961495e-01,5.881582635544864435e-02,2.017778657723618418e-01,1.190542170749655099e-01,4.597738534550285805e-01,6.306365680954725272e-01
5.704411208931930988e-01,1.762352796519138787e-01,1.000000000000000000e+00,6.249493984992313816e-02,4.614598757299538390e-01,1.691650290354066444e-01,-4.738206040268284208e-02,-8.508768306577181306e-01,4.218156243192292543e-01,4.130862144373017575e-01,-1.913359184237688471e-01,6.670407951700960125e-02,-1.335583378989388392e-01,5.765690517239328017e-01,9.510747551393158861e-02,3.288122140842965058e-01,-4.114664360135351640e-01,2.531609641219133566e-01,2.204082206740982097e-01,1.592554312989784004e-01,3.284910818074068262e-01,1.373721550901953192e-01,2.900970191783475705e-01,3.924384756866197699e-01,6.124064583911806858e-01,5.712458898296716159e-01,5.641513497977687086e-01,5.886069287420541141e-01,4.182571293133368062e-01,5.214336342793257639e-01,4.582931806590597179e-01,-1.359308032568455893e-01,5.287993535775813436e-01,2.045507723052551186e-01,3.474743171052069868e-01,1.453665650543172205e-01,3.605088364881098850e-01,1.957453808898175773e-01,3.089254396404692016e-01
-1.335012376109731280e-01,3.064548374473579848e-02,6.249493984992313816e-02,1.000000000000000000e+00,3.007085551021059233e-01,2.026854224325755349e-01,4.574735817755098966e-01,-1.206399478915710782e-01,1.117893586145445178e-01,1.722680859294794739e-02,1.496057468708504590e-01,-5.423505711910020510e-01,-9.510235521645904466e-02,2.086060259144633874e-02,-6.072463437147269660e-01,9.259303062872259460e-02,-9.574971923835319532e-02,6.377468731486731768e-01,3.548318704871132878e-01,-1.827980399083221075e-01,-2.163545441817028066e-03,-1.125713264364128358e-01,2.214916168702064370e-01,2.121308061533254130e-01,8.158123603701904203e-02,4.155987420556520040e-02,1.213001203757093499e-01,2.117603757411427590e-01,9.949849337469160448e-02,1.884356150243613748e-01,1.564114358535126370e-01,4.286136775693287493e-02,-8.628399835704253507e-02,3.201722051081148934e-02,1.613999282375169764e-01,-1.281144585022922777e-01,1.195521707045400783e-01,-4.090866194351246987e-01,-2.845458727433573531e-01
3.187965093478322132e-01,2.735251607485844061e-01,4.614598757299538390e-01,3.007085551021059233e-01,1.000000000000000000e+00,2.133322080642233443e-01,8.968863573053220684e-02,-4.616976942833421749e-01,3.949366899635195494e-01,4.029932253882774207e-01,-1.516053268492115018e-02,-1.846579161611953401e-01,-9.143726820010621148e-02,4.517376007312796649e-01,-1.472250428039157677e-01,3.686197182135181327e-01,-1.505474131318923492e-01,4.508407860378271237e-01,4.776053826363710342e-01,-1.704151117397217363e-01,7.124235307096038472e-02,-5.889178948186908624e-02,3.280865732079235042e-01,3.266033154962674212e-01,3.718690837185439912e-01,2.371370597459425966e-01,2.606497091709078506e-01,3.759053438003514547e-01,2.067313173386402803e-01,4.638413471327534343e-01,2.870428962025207142e-01,6.853711124450241610e-02,1.064174854710913110e-01,5.520586189448990488e-01,2.291023543212281632e-01,9.253962013958832999e-02,2.272849065606498131e-01,9.375110482518159150e-02,1.327706820526033671e-01
1.094805534542755976e-01,1.496764767565485488e-01,1.691650290354066444e-01,2.026854224325755349e-01,2.133322080642233443e-01,1.000000000000000000e+00,2.356992651121206095e-01,-3.843006797078911685e-01,-4.266595884047406917e-02,-1.459777756367299506e-01,4.971909009808507807e-01,-5.844995858308914549e-01,2.545087195537691915e-01,3.281962715667262054e-01,-5.442315975132963057e-01,-9.819923256344183227e-02,-3.556665902307606375e-01,3.356637927315248571e-01,-2.157346820104273366e-01,-2.252096881793987093e-01,2.013794116029155590e-01,2.495516598376051887e-01,7.957125806412965741e-01,7.239285699614795844e-01,4.565981705940749258e-01,2.823581402004080587e-01,2.277261701442482578e-01,5.616209554971692830e-01,7.334401126257782400e-01,5.087742100082843777e-01,3.341377426847268461e-01,6.762014065626278381e-01,1.897198127077012464e-01,-2.467026964454436810e-01,7.398366578614761213e-01,-5.892994238151600950e-01,6.991713676289698087e-01,-7.659548687114629828e-02,-1.083950803166749133e-01
-2.175304850284053709e-02,-6.568902397907529223e-02,-4.738206040268284208e-02,4.574735817755098966e-01,8.968863573053220684e-02,2.356992651121206095e-01,1.000000000000000000e+00,-6.356122492958814207e-02,-1.633727386242062596e-01,-1.202952889245734458e-01,3.701947162983288409e-01,-4.234001093275570615e-01,3.703945996478654745e-01,-1.104846679445287139e-01,-3.556095078640718610e-01,1.113361435864780452e-01,1.045345335721625524e-01,3.923510101360495606e-01,2.362878922104184598e-01,-8.986141914797965901e-04,2.022041108168335100e-01,3.997548103670826580e-01,1.472727231236624079e-01,1.081806560226516306e-01,-3.799762962548737522e-02,-2.387768114605758607e-01,-2.848413842543263685e-01,2.066188020345609833e-01,1.147460793424844167e-01,1.695182892673544883e-01,2.509926811473746633e-01,1.944449027808429209e-01,1.679354778780628721e-01,6.859458254533730426e-02,1.020325573282349074e-01,-9.400965501387519019e-02,1.584949135070562107e-02,-1.201339614112673648e-01,-3.442763355226743927e-01
-5.585263649977133538e-01,-1.896011151598025746e-01,-8.508768306577181306e-01,-1.206399478915710782e-01,-4.616976942833421749e-01,-3.843006797078911685e-01,-6.356122492958814207e-02,1.000000000000000000e+00,-3.390874602861167486e-01,-3.035081073016474007e-01,1.094600935856651462e-02,1.263597060195258415e-01,2.047118852752461207e-02,-5.833544781673065671e-01,8.813760663390331207e-02,-2.699638293136550904e-01,4.996839005063047900e-01,-3.422154172060399846e-01,-1.287556728163614939e-01,-9.475791864332863690e-02,-4.008668273008202387e-01,-2.326222666915674364e-01,-4.567511666389514335e-01,-5.697539912940284834e-01,-6.695707048651441395e-01,-5.740393512552981470e-01,-5.668426191466108266e-01,-7.136754431146412614e-01,-6.017360635666502144e-01,-6.119297138460554342e-01,-5.160847209335220898e-01,-4.873868509880525252e-02,-5.677235533676903145e-01,-1.049905323045742661e-01,-5.212728015379808344e-01,6.182746484561493089e-02,-5.171375169513505732e-01,-1.338126777355868879e-01,-2.414719048788581124e-01
3.048984156029251325e-01,3.638033088556188455e-01,4.218156243192292543e-01,1.117893586145445178e-01,3.949366899635195494e-01,-4.266595884047406917e-02,-1.633727386242062596e-01,-3.390874602861167486e-01,1.000000000000000000e+00,5.854673435057707875e-01,-2.778855143486311241e-01,2.561711347118228455e-01,-7.018828126833689951e-02,3.802588251118922402e-01,2.050991445591460183e-01,5.352250437569294750e-01,-1.831575214024338538e-01,3.250899704286360214e-01,4.607885310365623099e-01,3.100494687641068906e-02,1.559476079098426615e-01,-1.101396569791688804e-02,1.309204789084461584e-01,1.118397462006345822e-01,3.444545175099394396e-01,3.764934949610013182e-01,3.270295435835255948e-01,2.488247148297665357e-01,4.041136810223721482e-02,4.159028057257314615e-01,2.423085368592458044e-01,-8.090366769994072893e-02,2.439548342961969374e-01,4.729068137464866317e-01,3.611861043614469913e-02,3.969704060773340260e-01,9.116800161761499932e-02,3.070020295811686784e-01,3.968707167499062605e-01
5.003013089541170633e-01,5.028612523162806491e-01,4.130862144373017575e-01,1.722680859294794739e-02,4.029932253882774207e-01,-1.459777756367299506e-01,-1.202952889245734458e-01,-3.035081073016474007e-01,5.854673435057707875e-01,1.000000000000000000e+00,-1.776102351415318192e-01,2.978557641905801301e-01,7.773651217608584275e-03,3.352023851086475825e-01,2.923477537327837661e-01,7.580431847393074296e-01,-6.429934005127445340e-02,1.049395251763085568e-01,3.903768381595501546e-01,1.391506480451962235e-01,2.046169983569537665e-01,7.633367259234616342e-02,4.460341726658634959e-02,2.364637579164166614e-02,4.183324601491307804e-01,1.060596384862130537e-01,5.241464866042679083e-02,1.874221981923247238e-01,-5.266340235756329646e-02,3.909921019195397585e-01,1.464879409641187125e-01,-1.129150236058059087e-01,2.528144614083666641e-01,5.568053595015167723e-01,-9.123961706408126315e-02,4.946707685231732099e-01,-6.104387613124345052e-02,4.608662593623820691e-01,4.369360361423057504e-01
1.440683069905975000e-03,1.775183624711736963e-01,-1.913359184237688471e-01,1.496057468708504590e-01,-1.516053268492115018e-02,4.971909009808507807e-01,3.701947162983288409e-01,1.094600935856651462e-02,-2.778855143486311241e-01,-1.776102351415318192e-01,1.000000000000000000e+00,-4.384462988904669900e-01,3.359883123987466025e-01,-8.725761109185392606e-02,-4.049597344359444628e-01,-8.869903199943188210e-02,-1.070314625494174499e-02,8.675469209646001489e-02,-2.333219848355128634e-01,-4.189309059652215200e-02,1.301099703472736457e-01,2.925443746256412014e-01,3.655958178349738574e-01,2.760014844636110021e-01,1.099289283730587596e-01,-9.982887300760023841e-02,-2.169161490333874343e-01,2.350973162130576277e-01,3.800719987719042847e-01,2.505372460779192734e-01,1.419510643242245518e-01,5.748880047772583213e-01,-1.242417573840106509e-02,-1.886866401910235469e-01,2.531921878882222865e-01,-3.450894678902656221e-01,1.823978734496948528e-01,-1.113229675444434713e-02,-1.494363598528251069e-01
1.019540434948533608e-01,3.137079457853378384e-02,6.670407951700960125e-02,-5.423505711910020510e-01,-1.846579161611953401e-01,-5.844995858308914549e-01,-4.234001093275570615e-01,1.263597060195258415e-01,2.561711347118228455e-01,2.978557641905801301e-01,-4.384462988904669900e-01,1.000000000000000000e+00,2.285179207038658469e-02,-7.497542901479972710e-02,8.124951894441977407e-01,1.787844386836252297e-01,1.732267812566354315e-01,-4.569715984970718070e-01,1.422472647301619431e-01,3.557170447946192970e-01,4.794856109041874953e-02,5.832783407026458783e-02,-5.326667009786493212e-01,-5.535427641194207160e-01,-1.690395723298079300e-01,-9.314671783112341008e-02,-1.257473669233139246e-01,-3.364310075315354309e-01,-4.850905755494356320e-01,-2.860111257655538197e-01,-6.678408659144904891e-02,-4.346394819266650167e-01,1.310723760749195888e-01,3.317682957124899468e-01,-5.468224081596280151e-01,6.390275734591790435e-01,-4.919847609554035550e-01,4.104978017535594881e-01,4.376312514883475280e-01
7.735292341908418801e-02,8.432232914583269456e-02,-1.335583378989388392e-01,-9.510235521645904466e-02,-9.143726820010621148e-02,2.545087195537691915e-01,3.703945996478654745e-01,2.047118852752461207e-02,-7.018828126833689951e-02,7.773651217608584275e-03,3.359883123987466025e-01,2.285179207038658469e-02,1.000000000000000000e+00,-1.700174314043965407e-01,7.354932197085434220e-02,2.149711264817421863e-01,-7.780097900008429469e-03,1.091112338820423994e-01,8.878896574347913684e-02,3.038666731091385076e-01,5.227084836549744651e-01,7.035981830996947961e-01,1.256028989881855795e-01,1.357965438989961263e-02,6.275552277360450792e-02,-3.638454975190506535e-01,-4.810597406252183905e-01,1.568611534252206119e-01,1.011400371296582862e-01,6.932781390918545117e-02,1.637035621080375480e-01,2.933047410002718181e-01,4.181312965550385563e-01,1.958084441811026033e-01,-3.398188795887575366e-03,6.692911744907565491e-03,-8.449146903826607047e-02,1.788127875961007252e-01,3.012508306657978724e-02
4.021626590051234351e-01,1.157053918795832581e-01,5.765690517239328017e-01,2.086060259144633874e-02,4.517376007312796649e-01,3.281962715667262054e-01,-1.104846679445287139e-01,-5.833544781673065671e-01,3.802588251118922402e-01,3.352023851086475825e-01,-8.725761109185392606e-02,-7.497542901479972710e-02,-1.700174314043965407e-01,1.000000000000000000e+00,-1.153053574101952673e-02,2.433745910078535524e-01,-2.868798696037664908e-01,2.350381408303450215e-01,1.061631615720423361e-01,-2.499735214471960620e-01,-4.042536996962383528e-02,-6.605153339133516821e-02,4.653450356953853784e-01,5.673284755290192161e-01,5.215614096889965579e-01,5.507606849520655379e-01,5.084206015681383972e-01,4.385564280091174827e-01,4.924521826370198974e-01,5.340362858882575781e-01,2.835894155662355143e-01,1.973415841435982032e-01,2.201214194085425180e-01,1.130092950018462272e-01,5.514415186226150345e-01,-1.214896022992340979e-01,5.642923286001331196e-01,1.633479667631688170e-01,1.360121126814687609e-01
2.222706384682962277e-01,2.428588025404617226e-02,9.510747551393158861e-02,-6.072463437147269660e-01,-1.472250428039157677e-01,-5.442315975132963057e-01,-3.556095078640718610e-01,8.813760663390331207e-02,2.050991445591460183e-01,2.923477537327837661e-01,-4.049597344359444628e-01,8.124951894441977407e-01,7.354932197085434220e-02,-1.153053574101952673e-02,1.000000000000000000e+00,1.939046051477759380e-01,2.613748244278363830e-01,-3.989265154342394037e-01,2.061749258426262554e-01,3.677777844034043064e-01,5.777058416284577141e-02,1.235265732797523053e-01,-4.973904012066664437e-01,-5.150933906138210894e-01,-1.435650466337228259e-01,-4.472783384705103504e-02,-1.728823387729018501e-01,-2.908014630336670514e-01,-3.993079698042626413e-01,-2.427367437555974228e-01,-2.900525229510551167e-02,-3.838169446138852137e-01,1.630556207087924814e-01,3.788955172406375804e-01,-4.941146894386339583e-01,6.040469488884363525e-01,-4.627969018359879838e-01,4.951441233152986121e-01,3.932496644829809873e-01
4.658577957525529278e-01,4.077960768164805017e-01,3.288122140842965058e-01,9.259303062872259460e-02,3.686197182135181327e-01,-9.819923256344183227e-02,1.113361435864780452e-01,-2.699638293136550904e-01,5.352250437569294750e-01,7.580431847393074296e-01,-8.869903199943188210e-02,1.787844386836252297e-01,2.149711264817421863e-01,2.433745910078535524e-01,1.939046051477759380e-01,1.000000000000000000e+00,-5.521888184705801839e-02,2.482880213692509053e-01,4.458983666106031141e-01,1.336750356975065501e-01,3.531571354636540150e-01,2.702380372599845759e-01,3.858441592323526986e-02,4.983482278373035229e-02,3.355119262674846614e-01,-6.604653395555853956e-02,-1.026996358471022608e-01,2.624472996672637115e-01,-3.241196025515264562e-02,3.924097199727176188e-01,2.033255952356545493e-01,-9.072535262255904120e-02,3.918065627082320534e-01,5.883269278965462812e-01,-6.573558628998266151e-02,4.154949808231150343e-01,-7.483631290912999556e-02,3.705908822507944511e-01,2.887060117918803792e-01
-2.907408048738221451e-01,-2.437504197475609258e-01,-4.114664360135351640e-01,-9.574971923835319532e-02,-1.505474131318923492e-01,-3.556665902307606375e-01,1.045345335721625524e-01,4.996839005063047900e-01,-1.831575214024338538e-01,-6.429934005127445340e-02,-1.070314625494174499e-02,1.732267812566354315e-01,-7.780097900008429469e-03,-2.868798696037664908e-01,2.613748244278363830e-01,-5.521888184705801839e-02,1.000000000000000000e+00,-1.788544375274656872e-01,2.146688434155924197e-01,-1.320169160374992379e-01,-3.806837549123188169e-01,-1.463456342525470411e-01,-3.904786356388184054e-01,-5.121429507055538233e-01,-4.559370131003512849e-01,-4.130577794976290074e-01,-4.890780316299305763e-01,-5.431215960954631772e-01,-5.111147188427710431e-01,-3.879575073666737262e-01,-3.312595928825715630e-01,-1.945202201226221561e-01,-3.874148015217500074e-01,1.827766304935628527e-01,-4.678500648266762374e-01,2.772776879169996933e-01,-4.979983307796718162e-01,-3.094648453138579974e-02,-2.543943458134090285e-01
1.338523323602923698e-01,1.642482005428278213e-01,2.531609641219133566e-01,6.377468731486731768e-01,4.508407860378271237e-01,3.356637927315248571e-01,3.923510101360495606e-01,-3.422154172060399846e-01,3.250899704286360214e-01,1.049395251763085568e-01,8.675469209646001489e-02,-4.569715984970718070e-01,1.091112338820423994e-01,2.350381408303450215e-01,-3.989265154342394037e-01,2.482880213692509053e-01,-1.788544375274656872e-01,1.000000000000000000e+00,4.777526176792455948e-01,-1.593383879078438814e-01,1.693181111292365870e-01,1.118521602270705767e-01,3.440732832878806158e-01,3.696437314759047355e-01,2.594805986866557390e-01,1.871041871673473911e-01,1.808734937610037008e-01,4.044554678246179424e-01,3.192162350921280978e-01,3.841048444473448287e-01,2.829602675261467248e-01,1.640603117532616895e-01,1.655698226345218849e-01,2.201255729409969941e-01,3.288749700023677613e-01,-1.274088197947684242e-01,2.836601008424782799e-01,-2.060959412932221180e-01,-1.443473430003943715e-02
8.378775144377727246e-02,7.040591337049648124e-02,2.204082206740982097e-01,3.548318704871132878e-01,4.776053826363710342e-01,-2.157346820104273366e-01,2.362878922104184598e-01,-1.287556728163614939e-01,4.607885310365623099e-01,3.903768381595501546e-01,-2.333219848355128634e-01,1.422472647301619431e-01,8.878896574347913684e-02,1.061631615720423361e-01,2.061749258426262554e-01,4.458983666106031141e-01,2.146688434155924197e-01,4.777526176792455948e-01,1.000000000000000000e+00,1.012364455932021762e-01,1.007681304086542051e-01,7.805859274620706445e-02,-1.572206518774670603e-01,-2.041970496484754038e-01,-3.694223440129619507e-02,-4.002584164952684154e-02,-5.538751102806528659e-02,3.639784636490137754e-02,-2.686440841093985510e-01,9.831568291247277935e-02,1.963013343678897404e-01,-2.441983313553485468e-01,1.159237480814744453e-01,6.758975020961842661e-01,-2.644694923119070284e-01,4.774004791080632693e-01,-2.906329326526319035e-01,3.578094480403092720e-02,1.953140114081611256e-02
2.535443704653543295e-01,6.742259616073578710e-02,1.592554312989784004e-01,-1.827980399083221075e-01,-1.704151117397217363e-01,-2.252096881793987093e-01,-8.986141914797965901e-04,-9.475791864332863690e-02,3.100494687641068906e-02,1.391506480451962235e-01,-4.189309059652215200e-02,3.557170447946192970e-01,3.038666731091385076e-01,-2.499735214471960620e-01,3.677777844034043064e-01,1.336750356975065501e-01,-1.320169160374992379e-01,-1.593383879078438814e-01,1.012364455932021762e-01,1.000000000000000000e+00,5.178615470092928774e-01,4.715376400881464702e-01,-2.298597508194868688e-01,-2.715537404223160589e-01,8.331512907334632026e-03,-3.517043332333748273e-02,-8.751095731001216904e-02,8.751830429685504564e-02,-1.335248593123312955e-01,-4.153028636741391832e-02,1.324445642414455171e-01,-2.159780739796657856e-01,4.092212927536919564e-01,1.119585957376289104e-01,-2.997775976567846334e-01,3.375521321509961092e-01,-3.099055333601046791e-01,1.562653091088165302e-01,2.056604414400418357e-01
4.704030083457949041e-01,2.323603160664230727e-01,3.284910818074068262e-01,-2.163545441817028066e-03,7.124235307096038472e-02,2.013794116029155590e-01,2.022041108168335100e-01,-4.008668273008202387e-01,1.559476079098426615e-01,2.046169983569537665e-01,1.301099703472736457e-01,4.794856109041874953e-02,5.227084836549744651e-01,-4.042536996962383528e-02,5.777058416284577141e-02,3.531571354636540150e-01,-3.806837549123188169e-01,1.693181111292365870e-01,1.007681304086542051e-01,5.178615470092928774e-01,1.000000000000000000e+00,7.106507994311622722e-01,1.586721302451500892e-01,1.916390537700222718e-01,3.325390242029674370e-01,5.180401007077947012e-02,-2.941999166807571058e-03,5.134270685571257209e-01,3.015736061162567760e-01,2.388097399974406787e-01,4.557000122203623271e-01,-2.462855353992015467e-02,7.553353596114830149e-01,1.789358424702769956e-01,1.230399074011216676e-01,4.013404916770558356e-02,7.438011974663670534e-02,2.461527310191999329e-01,2.145592072299162822e-01
3.224376780252053987e-01,1.091367379219409933e-01,1.373721550901953192e-01,-1.125713264364128358e-01,-5.889178948186908624e-02,2.495516598376051887e-01,3.997548103670826580e-01,-2.326222666915674364e-01,-1.101396569791688804e-02,7.633367259234616342e-02,2.925443746256412014e-01,5.832783407026458783e-02,7.035981830996947961e-01,-6.605153339133516821e-02,1.235265732797523053e-01,2.702380372599845759e-01,-1.463456342525470411e-01,1.118521602270705767e-01,7.805859274620706445e-02,4.715376400881464702e-01,7.106507994311622722e-01,1.000000000000000000e+00,1.401116779293468118e-01,1.156029452800546586e-01,1.809955205774808062e-01,-1.131741238105585939e-01,-2.425950688692675994e-01,3.831424436474553663e-01,2.569077191935849602e-01,1.797236806346603211e-01,3.812581854090374422e-01,1.564603175107945332e-01,6.789221826158683415e-01,1.631850955678103843e-01,1.020204738598135125e-01,5.753355926689955602e-03,1.680607447166334797e-02,2.124678922773113043e-01,8.693741819497199930e-02
2.284224290462891771e-01,2.418109420217608718e-01,2.900970191783475705e-01,2.214916168702064370e-01,3.280865732079235042e-01,7.957125806412965741e-01,1.472727231236624079e-01,-4.567511666389514335e-01,1.309204789084461584e-01,4.460341726658634959e-02,3.655958178349738574e-01,-5.326667009786493212e-01,1.256028989881855795e-01,4.653450356953853784e-01,-4.973904012066664437e-01,3.858441592323526986e-02,-3.904786356388184054e-01,3.440732832878806158e-01,-1.572206518774670603e-01,-2.298597508194868688e-01,1.586721302451500892e-01,1.401116779293468118e-01,1.000000000000000000e+00,7.775419441533787390e-01,5.646519780465427685e-01,4.150179406594327602e-01,3.337353700289343861e-01,5.955506644195039945e-01,7.118548021710034979e-01,6.353371601955584147e-01,3.334576136820719405e-01,6.232903491725387823e-01,1.757005933238536821e-01,-1.836599049706454101e-01,7.685007882319724315e-01,-4.861980269823359957e-01,7.571829625348037718e-01,5.364048941544977134e-03,-3.217822474349089912e-02
3.244684548388929168e-01,1.532411277206926492e-01,3.924384756866197699e-01,2.121308061533254130e-01,3.266033154962674212e-01,7.239285699614795844e-01,1.081806560226516306e-01,-5.697539912940284834e-01,1.118397462006345822e-01,2.364637579164166614e-02,2.760014844636110021e-01,-5.535427641194207160e-01,1.357965438989961263e-02,5.673284755290192161e-01,-5.150933906138210894e-01,4.983482278373035229e-02,-5.121429507055538233e-01,3.696437314759047355e-01,-2.041970496484754038e-01,-2.715537404223160589e-01,1.916390537700222718e-01,1.156029452800546586e-01,7.775419441533787390e-01,1.000000000000000000e+00,6.014375157867866140e-01,4.745702108358337834e-01,4.906519189173828566e-01,6.834046480457773853e-01,8.096401393435337379e-01,6.301997416209899061e-01,3.324753666165405352e-01,4.873632869154023162e-01,2.883966334824452082e-01,-2.406622787193992141e-01,8.461540181577064113e-01,-5.987674040957565724e-01,8.406499982296852247e-01,-5.029796909507367603e-02,-2.952321369776377685e-02
5.422805548613126581e-01,4.433898431869038315e-01,6.124064583911806858e-01,8.158123603701904203e-02,3.718690837185439912e-01,4.565981705940749258e-01,-3.799762962548737522e-02,-6.695707048651441395e-01,3.444545175099394396e-01,4.183324601491307804e-01,1.099289283730587596e-01,-1.690395723298079300e-01,6.275552277360450792e-02,5.215614096889965579e-01,-1.435650466337228259e-01,3.355119262674846614e-01,-4.559370131003512849e-01,2.594805986866557390e-01,-3.694223440129619507e-02,8.331512907334632026e-03,3.325390242029674370e-01,1.809955205774808062e-01,5.646519780465427685e-01,6.014375157867866140e-01,1.000000000000000000e+00,4.100842008260326410e-01,3.890450592610399383e-01,5.671901011901049339e-01,5.906351662945338310e-01,6.330050738340605720e-01,3.574763102909785384e-01,2.105354916753207073e-01,4.511289071441395016e-01,8.306465236250612505e-02,5.062047137993372914e-01,-9.379840670018610438e-02,5.161151683743748775e-01,2.401447681671249612e-01,4.087031969039831569e-01
3.531047953748531198e-01,9.945798736813139806e-02,5.712458898296716159e-01,4.155987420556520040e-02,2.371370597459425966e-01,2.823581402004080587e-01,-2.387768114605758607e-01,-5.740393512552981470e-01,3.764934949610013182e-01,1.060596384862130537e-01,-9.982887300760023841e-02,-9.314671783112341008e-02,-3.638454975190506535e-01,5.507606849520655379e-01,-4.472783384705103504e-02,-6.604653395555853956e-02,-4.130577794976290074e-01,1.871041871673473911e-01,-4.002584164952684154e-02,-3.517043332333748273e-02,5.180401007077947012e-02,-1.131741238105585939e-01,4.150179406594327602e-01,4.745702108358337834e-01,4.100842008260326410e-01,1.000000000000000000e+00,7.601269779969200835e-01,5.057613385591327448e-01,5.404754082468844478e-01,4.140938133591300363e-01,3.738962337955726856e-01,1.104168737557056357e-01,1.988214602049518387e-01,-1.664765508797537152e-01,5.229026690581590753e-01,-1.636924544123609104e-01,5.467141394181530556e-01,6.829462382912224183e-02,1.422505731666402207e-01
2.108107298566855581e-01,-2.626802035023844198e-02,5.641513497977687086e-01,1.213001203757093499e-01,2.606497091709078506e-01,2.277261701442482578e-01,-2.848413842543263685e-01,-5.668426191466108266e-01,3.270295435835255948e-01,5.241464866042679083e-02,-2.169161490333874343e-01,-1.257473669233139246e-01,-4.810597406252183905e-01,5.084206015681383972e-01,-1.728823387729018501e-01,-1.026996358471022608e-01,-4.890780316299305763e-01,1.808734937610037008e-01,-5.538751102806528659e-02,-8.751095731001216904e-02,-2.941999166807571058e-03,-2.425950688692675994e-01,3.337353700289343861e-01,4.906519189173828566e-01,3.890450592610399383e-01,7.601269779969200835e-01,1.000000000000000000e+00,4.371828379699968514e-01,4.559054398149831044e-01,3.552314332979699674e-01,2.096556607337723421e-01,-3.537964226093106429e-02,1.542937740665427104e-01,-1.990077536758299015e-01,4.906965274831903701e-01,-2.259946114553238738e-01,5.480023400096214470e-01,-1.494615763556611798e-01,8.039921677518706289e-02
4.913230862112907826e-01,2.178088736145613880e-01,5.886069287420541141e-01,2.117603757411427590e-01,3.759053438003514547e-01,5.616209554971692830e-01,2.066188020345609833e-01,-7.136754431146412614e-01,2.488247148297665357e-01,1.874221981923247238e-01,2.350973162130576277e-01,-3.364310075315354309e-01,1.568611534252206119e-01,4.385564280091174827e-01,-2.908014630336670514e-01,2.624472996672637115e-01,-5.431215960954631772e-01,4.044554678246179424e-01,3.639784636490137754e-02,8.751830429685504564e-02,5.134270685571257209e-01,3.831424436474553663e-01,5.955506644195039945e-01,6.834046480457773853e-01,5.671901011901049339e-01,5.057613385591327448e-01,4.371828379699968514e-01,1.000000000000000000e+00,7.082905274985394906e-01,6.342612002685622530e-01,5.951584564134988486e-01,2.968751103000250025e-01,5.602549174527908793e-01,-6.332380955502789170e-03,6.227210218319975121e-01,-2.817975189793766599e-01,6.012553464552382598e-01,1.116328706176152041e-01,8.704301186632444620e-02
4.076046117165105231e-01,1.657807422768078909e-01,4.182571293133368062e-01,9.949849337469160448e-02,2.067313173386402803e-01,7.334401126257782400e-01,1.147460793424844167e-01,-6.017360635666502144e-01,4.041136810223721482e-02,-5.266340235756329646e-02,3.800719987719042847e-01,-4.850905755494356320e-01,1.011400371296582862e-01,4.924521826370198974e-01,-3.993079698042626413e-01,-3.241196025515264562e-02,-5.111147188427710431e-01,3.192162350921280978e-01,-2.686440841093985510e-01,-1.335248593123312955e-01,3.015736061162567760e-01,2.569077191935849602e-01,7.118548021710034979e-01,8.096401393435337379e-01,5.906351662945338310e-01,5.404754082468844478e-01,4.559054398149831044e-01,7.082905274985394906e-01,1.000000000000000000e+00,5.760758696216177199e-01,4.196348276184768689e-01,4.822165921781680908e-01,3.906487863173129793e-01,-2.915026468105301749e-01,8.046891666055507875e-01,-5.667230997550011251e-01,7.696539388914166446e-01,3.730530937435067029e-02,3.089560975014547795e-02
4.858025919586433372e-01,4.301843267333467224e-01,5.214336342793257639e-01,1.884356150243613748e-01,4.638413471327534343e-01,5.087742100082843777e-01,1.695182892673544883e-01,-6.119297138460554342e-01,4.159028057257314615e-01,3.909921019195397585e-01,2.505372460779192734e-01,-2.860111257655538197e-01,6.932781390918545117e-02,5.340362858882575781e-01,-2.427367437555974228e-01,3.924097199727176188e-01,-3.879575073666737262e-01,3.841048444473448287e-01,9.831568291247277935e-02,-4.153028636741391832e-02,2.388097399974406787e-01,1.797236806346603211e-01,6.353371601955584147e-01,6.301997416209899061e-01,6.330050738340605720e-01,4.140938133591300363e-01,3.552314332979699674e-01,6.342612002685622530e-01,5.760758696216177199e-01,1.000000000000000000e+00,3.510899208506898517e-01,4.155746863066700492e-01,3.040429426018578241e-01,1.082189389135037316e-01,5.488965031018805396e-01,-1.182074009662106989e-01,5.630925325869239328e-01,2.007433432083868263e-01,2.234667025080315228e-01
3.441381646926386373e-01,1.850629593289474795e-01,4.582931806590597179e-01,1.564114358535126370e-01,2.870428962025207142e-01,3.341377426847268461e-01,2.509926811473746633e-01,-5.160847209335220898e-01,2.423085368592458044e-01,1.464879409641187125e-01,1.419510643242245518e-01,-6.678408659144904891e-02,1.637035621080375480e-01,2.835894155662355143e-01,-2.900525229510551167e-02,2.033255952356545493e-01,-3.312595928825715630e-01,2.829602675261467248e-01,1.963013343678897404e-01,1.324445642414455171e-01,4.557000122203623271e-01,3.812581854090374422e-01,3.334576136820719405e-01,3.324753666165405352e-01,3.574763102909785384e-01,3.738962337955726856e-01,2.096556607337723421e-01,5.951584564134988486e-01,4.196348276184768689e-01,3.510899208506898517e-01,1.000000000000000000e+00,1.370299788180429357e-01,5.085274217131114938e-01,1.457490751757647141e-01,3.079654213320777156e-01,-1.804664809719670315e-03,2.610449603754663728e-01,1.893147764064726790e-01,1.200527503874462276e-01
-2.809578832878523169e-02,2.368738122896945075e-01,-1.359308032568455893e-01,4.286136775693287493e-02,6.853711124450241610e-02,6.762014065626278381e-01,1.944449027808429209e-01,-4.873868509880525252e-02,-8.090366769994072893e-02,-1.129150236058059087e-01,5.748880047772583213e-01,-4.346394819266650167e-01,2.933047410002718181e-01,1.973415841435982032e-01,-3.838169446138852137e-01,-9.072535262255904120e-02,-1.945202201226221561e-01,1.640603117532616895e-01,-2.441983313553485468e-01,-2.159780739796657856e-01,-2.462855353992015467e-02,1.564603175107945332e-01,6.232903491725387823e-01,4.873632869154023162e-01,2.105354916753207073e-01,1.104168737557056357e-01,-3.537964226093106429e-02,2.968751103000250025e-01,4.822165921781680908e-01,4.155746863066700492e-01,1.370299788180429357e-01,1.000000000000000000e+00,-1.094436247224214315e-01,-2.110018144554626218e-01,5.182442912172047222e-01,-4.518188321867013801e-01,5.104328409967561209e-01,6.724132118807253644e-02,-4.937797570706079636e-02
5.525216864984596743e-01,1.112050885810037526e-01,5.287993535775813436e-01,-8.628399835704253507e-02,1.064174854710913110e-01,1.897198127077012464e-01,1.679354778780628721e-01,-5.677235533676903145e-01,2.439548342961969374e-01,2.528144614083666641e-01,-1.242417573840106509e-02,1.310723760749195888e-01,4.181312965550385563e-01,2.201214194085425180e-01,1.630556207087924814e-01,3.918065627082320534e-01,-3.874148015217500074e-01,1.655698226345218849e-01,1.159237480814744453e-01,4.092212927536919564e-01,7.553353596114830149e-01,6.789221826158683415e-01,1.757005933238536821e-01,2.883966334824452082e-01,4.511289071441395016e-01,1.988214602049518387e-01,1.542937740665427104e-01,5.602549174527908793e-01,3.906487863173129793e-01,3.040429426018578241e-01,5.085274217131114938e-01,-1.094436247224214315e-01,1.000000000000000000e+00,1.644386020311787988e-01,2.404161357322507908e-01,3.535410357598827574e-02,1.883954777456334218e-01,2.433924311552798370e-01,2.264530091146370883e-01
2.249731136649364693e-01,2.944379531979961495e-01,2.045507723052551186e-01,3.201722051081148934e-02,5.520586189448990488e-01,-2.467026964454436810e-01,6.859458254533730426e-02,-1.049905323045742661e-01,4.729068137464866317e-01,5.568053595015167723e-01,-1.886866401910235469e-01,3.317682957124899468e-01,1.958084441811026033e-01,1.130092950018462272e-01,3.788955172406375804e-01,5.883269278965462812e-01,1.827766304935628527e-01,2.201255729409969941e-01,6.758975020961842661e-01,1.119585957376289104e-01,1.789358424702769956e-01,1.631850955678103843e-01,-1.836599049706454101e-01,-2.406622787193992141e-01,8.306465236250612505e-02,-1.664765508797537152e-01,-1.990077536758299015e-01,-6.332380955502789170e-03,-2.915026468105301749e-01,1.082189389135037316e-01,1.457490751757647141e-01,-2.110018144554626218e-01,1.644386020311787988e-01,1.000000000000000000e+00,-3.283747335099317377e-01,5.729257560827750728e-01,-3.363194247649237689e-01,3.176105035142572919e-01,2.860607906839857106e-01
2.552976095761311792e-01,5.881582635544864435e-02,3.474743171052069868e-01,1.613999282375169764e-01,2.291023543212281632e-01,7.398366578614761213e-01,1.020325573282349074e-01,-5.212728015379808344e-01,3.611861043614469913e-02,-9.123961706408126315e-02,2.531921878882222865e-01,-5.468224081596280151e-01,-3.398188795887575366e-03,5.514415186226150345e-01,-4.941146894386339583e-01,-6.573558628998266151e-02,-4.678500648266762374e-01,3.288749700023677613e-01,-2.644694923119070284e-01,-2.997775976567846334e-01,1.230399074011216676e-01,1.020204738598135125e-01,7.685007882319724315e-01,8.461540181577064113e-01,5.062047137993372914e-01,5.229026690581590753e-01,4.906965274831903701e-01,6.227210218319975121e-01,8.046891666055507875e-01,5.488965031018805396e-01,3.079654213320777156e-01,5.182442912172047222e-01,2.404161357322507908e-01,-3.283747335099317377e-01,1.000000000000000000e+00,-6.394974223203631070e-01,8.657251614371226367e-01,-9.223402447969326901e-02,-9.692245760404928634e-02
1.185000089348201835e-01,2.017778657723618418e-01,1.453665650543172205e-01,-1.281144585022922777e-01,9.253962013958832999e-02,-5.892994238151600950e-01,-9.400965501387519019e-02,6.182746484561493089e-02,3.969704060773340260e-01,4.946707685231732099e-01,-3.450894678902656221e-01,6.390275734591790435e-01,6.692911744907565491e-03,-1.214896022992340979e-01,6.040469488884363525e-01,4.154949808231150343e-01,2.772776879169996933e-01,-1.274088197947684242e-01,4.774004791080632693e-01,3.375521321509961092e-01,4.013404916770558356e-02,5.753355926689955602e-03,-4.861980269823359957e-01,-5.987674040957565724e-01,-9.379840670018610438e-02,-1.636924544123609104e-01,-2.259946114553238738e-01,-2.817975189793766599e-01,-5.667230997550011251e-01,-1.182074009662106989e-01,-1.804664809719670315e-03,-4.518188321867013801e-01,3.535410357598827574e-02,5.729257560827750728e-01,-6.394974223203631070e-01,1.000000000000000000e+00,-6.099796127950239955e-01,3.509653285147880108e-01,3.668315467749281855e-01
2.658118244303089850e-01,1.190542170749655099e-01,3.605088364881098850e-01,1.195521707045400783e-01,2.272849065606498131e-01,6.991713676289698087e-01,1.584949135070562107e-02,-5.171375169513505732e-01,9.116800161761499932e-02,-6.104387613124345052e-02,1.823978734496948528e-01,-4.919847609554035550e-01,-8.449146903826607047e-02,5.642923286001331196e-01,-4.627969018359879838e-01,-7.483631290912999556e-02,-4.979983307796718162e-01,2.836601008424782799e-01,-2.906329326526319035e-01,-3.099055333601046791e-01,7.438011974663670534e-02,1.680607447166334797e-02,7.571829625348037718e-01,8.406499982296852247e-01,5.161151683743748775e-01,5.467141394181530556e-01,5.480023400096214470e-01,6.012553464552382598e-01,7.696539388914166446e-01,5.630925325869239328e-01,2.610449603754663728e-01,5.104328409967561209e-01,1.883954777456334218e-01,-3.363194247649237689e-01,8.657251614371226367e-01,-6.099796127950239955e-01,1.000000000000000000e+00,-4.357128404973101277e-02,-1.244741057371698267e-02
5.566315107864316936e-01,4.597738534550285805e-01,1.957453808898175773e-01,-4.090866194351246987e-01,9.375110482518159150e-02,-7.659548687114629828e-02,-1.201339614112673648e-01,-1.338126777355868879e-01,3.070020295811686784e-01,4.608662593623820691e-01,-1.113229675444434713e-02,4.104978017535594881e-01,1.788127875961007252e-01,1.633479667631688170e-01,4.951441233152986121e-01,3.705908822507944511e-01,-3.094648453138579974e-02,-2.060959412932221180e-01,3.578094480403092720e-02,1.562653091088165302e-01,2.461527310191999329e-01,2.124678922773113043e-01,5.364048941544977134e-03,-5.029796909507367603e-02,2.401447681671249612e-01,6.829462382912224183e-02,-1.494615763556611798e-01,1.116328706176152041e-01,3.730530937435067029e-02,2.007433432083868263e-01,1.893147764064726790e-01,6.724132118807253644e-02,2.433924311552798370e-01,3.176105035142572919e-01,-9.223402447969326901e-02,3.509653285147880108e-01,-4.357128404973101277e-02,1.000000000000000000e+00,5.119864806760491271e-01
4.359723568999200327e-01,6.306365680954725272e-01,3.089254396404692016e-01,-2.845458727433573531e-01,1.327706820526033671e-01,-1.083950803166749133e-01,-3.442763355226743927e-01,-2.414719048788581124e-01,3.968707167499062605e-01,4.369360361423057504e-01,-1.494363598528251069e-01,4.376312514883475280e-01,3.012508306657978724e-02,1.360121126814687609e-01,3.932496644829809873e-01,2.887060117918803792e-01,-2.543943458134090285e-01,-1.443473430003943715e-02,1.953140114081611256e-02,2.056604414400418357e-01,2.145592072299162822e-01,8.693741819497199930e-02,-3.217822474349089912e-02,-2.952321369776377685e-02,4.087031969039831569e-01,1.422505731666402207e-01,8.039921677518706289e-02,8.704301186632444620e-02,3.089560975014547795e-02,2.234667025080315228e-01,1.200527503874462276e-01,-4.937797570706079636e-02,2.264530091146370883e-01,2.860607906839857106e-01,-9.692245760404928634e-02,3.668315467749281855e-01,-1.244741057371698267e-02,5.119864806760491271e-01,1.000000000000000000e+00
