1.000000000000000000e+00,6.802000502284825112e-01,2.787492168142208238e-01,-2.438152355149613218e-02,5.156883836132860610e-01,1.189635964524261708e-01,2.122344961240743566e-01,-8.254983492614031970e-02,6.145874671337201445e-01,7.713989664008963354e-01,2.494623783063815436e-01,7.104614924345944993e-02,-4.859194251123546970e-01,7.354107717645586018e-01,-1.907119198893281273e-03,5.520836986361226106e-01,5.309691891370795780e-01,7.356351890894098633e-02,1.933414536697373454e-01,-2.955816043001275803e-02,2.092211979780930209e-01,1.157162432970889887e-01,7.101252395715598187e-01,3.427906034310959082e-01,4.863588729748369310e-01,5.725288632807072897e-01,3.856935679795904792e-01,5.617186104877648356e-01,4.565320707928607336e-01,7.273896923741999254e-01,5.269380915092657380e-01,4.240294344035286933e-01,3.726621092807385072e-01,1.688919306686937349e-01,3.511811747390921612e-01,3.648320306447807582e-01,3.293012355744562303e-01,4.834885615096848333e-01,5.018058576579640384e-01
6.802000502284825112e-01,1.000000000000000000e+00,3.061167560157418976e-01,7.080663863161083815e-02,3.275442492413746520e-01,3.204619891094018236e-01,3.723771809339762040e-01,1.014121770210114348e-01,4.070005432082051677e-01,4.730939798985084321e-01,6.011693406116259686e-01,8.325407088042055537e-02,-6.149687424967642535e-01,6.656388418473000446e-01,-2.199664941476485724e-01,1.718258999919375640e-01,6.455818628601900366e-01,-1.308508020472347044e-01,-4.251549686024295310e-02,5.663388164861242816e-03,4.833066493467537694e-01,5.138891999644644715e-01,6.266108499900807649e-01,5.342155983753394954e-01,1.263595684877301673e-01,4.065258658078053089e-01,7.071665748189409628e-01,3.399553424977934668e-01,5.363652617892030738e-01,4.589050953241907704e-01,6.427082686897466202e-01,7.032679181048677730e-01,4.449571821839091723e-01,-1.291848042809277675e-01,4.900448449545325436e-01,1.477771706599908530e-01,4.811222040965638658e-01,3.536196017952187298e-01,6.460612713996569667e-01
2.787492168142208238e-01,3.061167560157418976e-01,1.000000000000000000e+00,4.798213112773666339e-04,6.433273177502210061e-01,-1.790649009466791231e-01,2.893577858649318268e-01,-3.789703147541541584e-01,4.355830327883944419e-01,1.577658376750681879e-01,-8.504355966551283355e-03,3.870269476997980074e-01,-2.897347865539643963e-01,3.347453067928622406e-01,1.505580317783851430e-01,2.123452052795930245e-01,2.632127734404963310e-02,4.895462033176100070e-01,3.477423595384996347e-01,2.121552740108030577e-01,5.275166768769428138e-01,4.413333150004850602e-01,3.722091988872064938e-01,5.216925887191484895e-02,2.256529494113982959e-01,4.340222031781615364e-01,3.408087966445467187e-01,2.248584508406280269e-01,4.836452302337766566e-03,2.506222976076888931e-01,3.745584039750651795e-01,1.146697240425024189e-01,5.946885278799455277e-01,3.368580306084652531e-01,-2.517233653543850258e-02,2.471842916472919149e-01,-5.247968849023770810e-02,1.624758904903639833e-01,4.573750390374887731e-01
-2.438152355149613218e-02,7.080663863161083815e-02,4.798213112773666339e-04,1.000000000000000000e+00,-6.746431202731961729e-02,3.313882560713569125e-01,2.268702012389340605e-01,-1.466719114203858254e-01,-2.185856744002251661e-01,-1.768869775956511126e-01,5.736215570121877549e-02,-2.397633984540063490e-01,1.123141189197440909e-01,-1.242838857964043559e-01,-3.717817880348115445e-01,-3.019047351368332466e-01,-8.981852254110125888e-02,7.281144601821935847e-03,-3.936066670547959112e-01,1.375605586904579680e-01,-8.864741090354859299e-02,4.081914193810391722e-02,-1.066014078575091700e-01,1.712978221678536084e-01,-1.612219579793363333e-01,-3.553196323329744222e-01,-2.555136001438989071e-02,-3.593091815747160300e-01,1.325527898216053158e-01,-1.051098624480601984e-01,-1.556787236197683111e-01,1.271892810837093879e-01,-3.179962225074929871e-01,-3.528698249402717479e-01,1.491889054333922493e-01,-2.970685187054789012e-01,2.141400267640997113e-01,-4.069734452516825529e-01,-1.410489265781032786e-01
5.156883836132860610e-01,3.275442492413746520e-01,6.433273177502210061e-01,-6.746431202731961729e-02,1.000000000000000000e+00,-2.019482283672814349e-01,7.028784236661693441e-02,-3.666400658082913933e-01,7.316265358347807668e-01,4.948794095939390569e-01,-7.877843441009745040e-02,3.610956395512032180e-01,-3.349844054288912965e-01,5.199607296297964476e-01,2.961752892418748062e-01,5.162248458152869368e-01,1.135832899358360931e-01,5.565172086576120059e-01,5.034532711344487099e-01,8.503602804492405021e-02,1.619878249759152122e-01,3.467692108559492642e-02,4.970593920217312167e-01,-2.882248467072820106e-02,5.244006542428545359e-01,5.388525511585796623e-01,1.354874031007792801e-01,3.591725288316823805e-01,5.802640870179928689e-02,5.298941081663389729e-01,4.328593683982024931e-01,2.804291055323677312e-02,5.040425605583677138e-01,5.199839341383402092e-01,-3.507984097570468474e-02,4.352281756911046684e-01,-1.001724413246900675e-01,3.926332726473210077e-01,4.873137820182139590e-01
1.189635964524261708e-01,3.204619891094018236e-01,-1.790649009466791231e-01,3.313882560713569125e-01,-2.019482283672814349e-01,1.000000000000000000e+00,3.870244798167244982e-01,9.854866366807363276e-02,-2.992092808397914250e-01,-2.668613395700591279e-02,6.405224372625516471e-01,-7.064091472563067686e-01,-3.077141953518044981e-01,1.892873513020123799e-01,-8.018062170195521254e-01,-4.916077263225021587e-01,4.152249672562636218e-01,-3.531743909598902831e-01,-7.095226465116257764e-01,-1.368972274892768237e-01,1.712347592031369936e-01,1.356470462820970058e-01,7.649789374472137915e-02,7.525854417042987521e-01,-1.242648748056814911e-01,-2.458662398680300787e-01,4.455578972571684337e-01,-1.963185351213489749e-01,7.570063629754981704e-01,-1.720772828220778206e-01,2.745924033098520733e-01,6.610475070460185565e-01,-2.662929629203461546e-01,-7.575687548538789784e-01,8.143281252029251904e-01,-5.632975534410242791e-01,7.914088750391697902e-01,-2.442787045572191729e-01,-1.557412989520051971e-01
2.122344961240743566e-01,3.723771809339762040e-01,2.893577858649318268e-01,2.268702012389340605e-01,7.028784236661693441e-02,3.870244798167244982e-01,1.000000000000000000e+00,2.723230673973827121e-01,3.446588769922277057e-02,-3.534788104653828218e-03,4.186164411232207172e-01,-3.286034495156905377e-01,-5.113905758878921626e-01,2.218974631114752627e-01,-5.117381797461005855e-01,-2.099694160460480463e-01,1.386988694333743111e-01,-1.174330229841542145e-01,-2.069392219539645250e-01,-6.593474788208561477e-02,6.147198227775340085e-01,5.907137225698985139e-01,1.917633977769654108e-01,4.290456675522772434e-01,-1.524029679841119311e-01,-1.002335035312053313e-01,4.479333292178439563e-01,6.891627211879222670e-02,2.964550328783169264e-01,4.144746365901622737e-02,4.503494529405418501e-01,4.670762624669127505e-01,2.639865572766747492e-01,-2.998375579559651172e-01,4.145778377642770907e-01,-2.976290352296458441e-01,3.848973236466994852e-01,-1.958247313038815884e-01,3.373925694612301546e-02
-8.254983492614031970e-02,1.014121770210114348e-01,-3.789703147541541584e-01,-1.466719114203858254e-01,-3.666400658082913933e-01,9.854866366807363276e-02,2.723230673973827121e-01,1.000000000000000000e+00,-1.183207718010743648e-01,-3.221367833185459495e-02,2.913106286670516520e-01,-8.558498574744810572e-02,-3.857228189207569380e-01,-1.200399322377981685e-02,-8.014723542290642933e-02,-1.093528762658595305e-01,1.563872380266088657e-01,-4.559332772828981195e-01,-6.417553987754347211e-02,-2.418166000120225978e-01,2.913265899934165959e-01,3.399836127776854622e-01,-8.420038685989326976e-02,9.663075827067704737e-02,-2.466453641850134271e-01,-1.189386815238197420e-01,2.014284705241730089e-01,1.986605019740093070e-01,-3.458756997776965113e-03,-1.101841428871762063e-01,2.866445048127577722e-01,1.528960214136578788e-01,2.075831402128623104e-01,-9.612198283874652527e-02,8.948188390343965459e-02,-3.827917267867503304e-02,1.344937275340132576e-01,4.425226435631279820e-02,2.166202699164425025e-02
6.145874671337201445e-01,4.070005432082051677e-01,4.355830327883944419e-01,-2.185856744002251661e-01,7.316265358347807668e-01,-2.992092808397914250e-01,3.446588769922277057e-02,-1.183207718010743648e-01,1.000000000000000000e+00,6.714253070991070826e-01,-5.160368093761591446e-02,3.774389701461700608e-01,-4.058736092524254380e-01,5.487048294466565501e-01,3.869351599486838822e-01,7.004669736843032180e-01,1.953351137991138631e-01,4.401555765069307680e-01,5.991728170366539263e-01,-6.488724730831663123e-02,1.925339793729795856e-01,4.954126707549891956e-02,5.865408886789990062e-01,-1.406490785164914332e-02,6.200570675293259892e-01,5.914968692607418532e-01,1.396644201146093611e-01,5.678276463627557336e-01,2.593202714253403304e-02,7.103116858419074031e-01,4.837534119588556281e-01,5.761357105089262749e-03,5.385936213957915886e-01,5.785298523167943241e-01,-8.906432958266749522e-02,5.283287806204051140e-01,-1.258568536510494273e-01,6.317842560316327960e-01,5.408990281969255909e-01
7.713989664008963354e-01,4.730939798985084321e-01,1.577658376750681879e-01,-1.768869775956511126e-01,4.948794095939390569e-01,-2.668613395700591279e-02,-3.534788104653828218e-03,-3.221367833185459495e-02,6.714253070991070826e-01,1.000000000000000000e+00,6.390862381643579171e-02,1.497172647417813474e-01,-4.161584903429362825e-01,6.408970874691561903e-01,2.079922813794321812e-01,7.277807730192399349e-01,5.207023255253263594e-01,1.849914006185791604e-01,3.540083858424734609e-01,2.441964082010201695e-02,4.820252088933044826e-02,-5.692742856429364867e-02,7.067971060868206701e-01,2.391914208308061340e-01,6.163819598067952210e-01,5.825303429927731758e-01,2.062385289762327656e-01,6.612086420093886696e-01,3.710580083006926322e-01,7.795854196267598679e-01,4.441469510338613702e-01,2.560015922624164220e-01,3.152213333648792859e-01,3.411611086033189966e-01,2.222371397696694117e-01,4.533778499202236745e-01,2.241446152979646722e-01,6.040189213352622488e-01,4.502812283070543597e-01
2.494623783063815436e-01,6.011693406116259686e-01,-8.504355966551283355e-03,5.736215570121877549e-02,-7.877843441009745040e-02,6.405224372625516471e-01,4.186164411232207172e-01,2.913106286670516520e-01,-5.160368093761591446e-02,6.390862381643579171e-02,1.000000000000000000e+00,-3.819728625642590525e-01,-5.614814309106307411e-01,3.569931947971515807e-01,-6.227712394238041904e-01,-3.671603076188123538e-01,5.928953510016482520e-01,-5.058090705849652702e-01,-5.023963640965264377e-01,-3.320343613827458351e-01,4.998002470065482927e-01,4.432766695119547129e-01,2.235782623974270356e-01,6.592580252409286912e-01,-1.799280456311064536e-01,3.057133564387175262e-02,7.041647625270297528e-01,6.932217709589250099e-02,6.051267836778585485e-01,-2.515219235506300360e-02,5.160331884077796749e-01,7.352527610692174420e-01,1.829438931536805646e-01,-5.683974696315808872e-01,6.722674350445306812e-01,-3.780506076372125435e-01,6.064137353594208912e-01,9.971795800979105229e-02,2.693093275323798497e-01
7.104614924345944993e-02,8.325407088042055537e-02,3.870269476997980074e-01,-2.397633984540063490e-01,3.610956395512032180e-01,-7.064091472563067686e-01,-3.286034495156905377e-01,-8.558498574744810572e-02,3.774389701461700608e-01,1.497172647417813474e-01,-3.819728625642590525e-01,1.000000000000000000e+00,6.110589061682634299e-02,1.174868028743658172e-01,7.896161183092320623e-01,4.677257023770826083e-01,-5.881144621531271544e-02,3.992393787538522365e-01,7.141355519072523084e-01,3.711561160734861975e-01,5.412268426646570096e-02,1.814630919076064830e-01,2.548000818183477345e-01,-4.914395090562346247e-01,1.169656589270176850e-01,4.600590662138741571e-01,-2.469896207964817833e-02,2.954027735240274399e-01,-4.576793714364500998e-01,2.465334601607114817e-01,1.358947814254387633e-02,-2.619979226779133308e-01,5.074396887070776740e-01,7.139504866679611261e-01,-5.363491629780041681e-01,6.772663036942290216e-01,-4.992111189190888143e-01,3.428686923194341762e-01,5.612654695980718866e-01
-4.859194251123546970e-01,-6.149687424967642535e-01,-2.897347865539643963e-01,1.123141189197440909e-01,-3.349844054288912965e-01,-3.077141953518044981e-01,-5.113905758878921626e-01,-3.857228189207569380e-01,-4.058736092524254380e-01,-4.161584903429362825e-01,-5.614814309106307411e-01,6.110589061682634299e-02,1.000000000000000000e+00,-6.265103599553560887e-01,2.180558127536046387e-01,-1.580442920686540020e-01,-5.253498745847902107e-01,1.082447014774818028e-01,-7.337917168444883786e-02,1.583550649015190992e-01,-6.500787949576558589e-01,-5.134295662111143521e-01,-4.960327569724837793e-01,-4.965138575231209384e-01,-1.282345452292949217e-01,-3.442828223007011745e-01,-6.373579147469060624e-01,-5.211472804853340968e-01,-4.520224398871870997e-01,-3.196106651396689036e-01,-8.540157540306833051e-01,-5.753614086770917346e-01,-6.234834490404822516e-01,-9.986326564712150536e-03,-4.763583829504800526e-01,-8.617912352572421053e-02,-4.584806423837724521e-01,-3.158394372023822227e-01,-4.240563834997893577e-01
7.354107717645586018e-01,6.656388418473000446e-01,3.347453067928622406e-01,-1.242838857964043559e-01,5.199607296297964476e-01,1.892873513020123799e-01,2.218974631114752627e-01,-1.200399322377981685e-02,5.487048294466565501e-01,6.408970874691561903e-01,3.569931947971515807e-01,1.174868028743658172e-01,-6.265103599553560887e-01,1.000000000000000000e+00,-3.518182166587259518e-03,4.250500581153950352e-01,6.528589305703235146e-01,2.868373531969478987e-02,2.405531406512853299e-01,7.350533339705901670e-02,3.454696282130400586e-01,2.587615249260279970e-01,7.141410778650800761e-01,4.396697411435948055e-01,3.429257438206624875e-01,6.072978505315560493e-01,5.672018654659561898e-01,5.921189452785151630e-01,5.595267906647822809e-01,5.315399230805799569e-01,7.151873207664947163e-01,5.574862178422179682e-01,5.366212181962298766e-01,1.462440395195795384e-01,4.898113693711869665e-01,4.102987007439492517e-01,4.496191753149296755e-01,4.805461704588662175e-01,5.639392355083019392e-01
-1.907119198893281273e-03,-2.199664941476485724e-01,1.505580317783851430e-01,-3.717817880348115445e-01,2.961752892418748062e-01,-8.018062170195521254e-01,-5.117381797461005855e-01,-8.014723542290642933e-02,3.869351599486838822e-01,2.079922813794321812e-01,-6.227712394238041904e-01,7.896161183092320623e-01,2.180558127536046387e-01,-3.518182166587259518e-03,1.000000000000000000e+00,6.113397717354014382e-01,-1.952888113064272790e-01,4.568425992187717943e-01,7.899171119103168826e-01,2.817692845079460828e-01,-2.271149851969266054e-01,-1.821102196872928791e-01,1.137057689797200538e-01,-6.328961343394872152e-01,2.737638706007396450e-01,4.163506786641202884e-01,-3.518404887191803332e-01,3.377226958845875315e-01,-5.571631051365962817e-01,2.765425168034252312e-01,-1.538812727562358096e-01,-5.380953374224275443e-01,3.128745946313464255e-01,8.300255865625427720e-01,-6.611399255522592000e-01,7.159086613890730533e-01,-6.264185865976735768e-01,3.835993492043717201e-01,2.829910248608907830e-01
5.520836986361226106e-01,1.718258999919375640e-01,2.123452052795930245e-01,-3.019047351368332466e-01,5.162248458152869368e-01,-4.916077263225021587e-01,-2.099694160460480463e-01,-1.093528762658595305e-01,7.004669736843032180e-01,7.277807730192399349e-01,-3.671603076188123538e-01,4.677257023770826083e-01,-1.580442920686540020e-01,4.250500581153950352e-01,6.113397717354014382e-01,1.000000000000000000e+00,1.739110347868799977e-01,4.063869973751032538e-01,6.967266765142520191e-01,1.573557285650859783e-01,-9.527234477139229218e-02,-1.759151011550124655e-01,5.383046353396174766e-01,-1.970163887263792213e-01,6.195816944372924961e-01,5.882760697440345687e-01,-1.393828322437321854e-01,6.453683525491451523e-01,-9.148338399079845862e-02,7.167060124543153110e-01,2.072505982071491670e-01,-1.971011742949581313e-01,3.702087927062391870e-01,7.009471068707363584e-01,-2.469934604860512251e-01,7.055356990441196130e-01,-2.266660837997841460e-01,6.051126291796342649e-01,3.586280110644163299e-01
5.309691891370795780e-01,6.455818628601900366e-01,2.632127734404963310e-02,-8.981852254110125888e-02,1.135832899358360931e-01,4.152249672562636218e-01,1.386988694333743111e-01,1.563872380266088657e-01,1.953351137991138631e-01,5.207023255253263594e-01,5.928953510016482520e-01,-5.881144621531271544e-02,-5.253498745847902107e-01,6.528589305703235146e-01,-1.952888113064272790e-01,1.739110347868799977e-01,1.000000000000000000e+00,-2.977332688256932869e-01,-1.194279570224516113e-01,3.843150742691691518e-02,2.671889793894188792e-01,2.729462953784168588e-01,6.295392250668441214e-01,6.380547794672747353e-01,1.537976628396945655e-01,3.965557009375186848e-01,6.270931178961937080e-01,4.731388510582270057e-01,7.125394663023757458e-01,3.189512496989128087e-01,5.660230406591413299e-01,7.304900043191991932e-01,2.847113373844290529e-01,-1.701394504480124859e-01,6.453770310931534748e-01,1.279221338554800136e-01,6.382171301269196073e-01,4.080779409439534988e-01,4.439185735471540828e-01
7.356351890894098633e-02,-1.308508020472347044e-01,4.895462033176100070e-01,7.281144601821935847e-03,5.565172086576120059e-01,-3.531743909598902831e-01,-1.174330229841542145e-01,-4.559332772828981195e-01,4.401555765069307680e-01,1.849914006185791604e-01,-5.058090705849652702e-01,3.992393787538522365e-01,1.082447014774818028e-01,2.868373531969478987e-02,4.568425992187717943e-01,4.063869973751032538e-01,-2.977332688256932869e-01,1.000000000000000000e+00,5.458390108274068231e-01,3.858152670698490883e-01,-7.142828727766836749e-02,-1.112856751108673575e-01,2.017349874790410336e-01,-3.153068346512785669e-01,4.549648474929242625e-01,2.527880087995237335e-01,-2.556999331875062231e-01,5.974474857438872438e-02,-2.589807655820823840e-01,2.918172309582235946e-01,-2.354917712847340305e-02,-3.455116487410598847e-01,1.754591867638767844e-01,5.542550615761826505e-01,-3.162634181981377468e-01,3.264285262908285246e-01,-3.278141333021279413e-01,1.120801173703279696e-01,1.127431423736945937e-01
1.933414536697373454e-01,-4.251549686024295310e-02,3.477423595384996347e-01,-3.936066670547959112e-01,5.034532711344487099e-01,-7.095226465116257764e-01,-2.069392219539645250e-01,-6.417553987754347211e-02,5.991728170366539263e-01,3.540083858424734609e-01,-5.023963640965264377e-01,7.141355519072523084e-01,-7.337917168444883786e-02,2.405531406512853299e-01,7.899171119103168826e-01,6.967266765142520191e-01,-1.194279570224516113e-01,5.458390108274068231e-01,1.000000000000000000e+00,2.724042127663686141e-01,3.048247394671228447e-02,2.181628362857932629e-02,3.547012774604444973e-01,-4.750924121017348067e-01,3.769432596433504590e-01,4.835222157351813377e-01,-1.769764725578749365e-01,4.824034042056407068e-01,-4.248325594276686212e-01,3.906769634283625003e-01,1.481398158131106979e-01,-3.524394697124101916e-01,5.386036075095129716e-01,8.616773920659041019e-01,-4.906697205729180777e-01,7.098719147063599078e-01,-4.957232225255657765e-01,4.688918407909186126e-01,3.426397824030514849e-01
-2.955816043001275803e-02,5.663388164861242816e-03,2.121552740108030577e-01,1.375605586904579680e-01,8.503602804492405021e-02,-1.368972274892768237e-01,-6.593474788208561477e-02,-2.418166000120225978e-01,-6.488724730831663123e-02,2.441964082010201695e-02,-3.320343613827458351e-01,3.711561160734861975e-01,1.583550649015190992e-01,7.350533339705901670e-02,2.817692845079460828e-01,1.573557285650859783e-01,3.843150742691691518e-02,3.858152670698490883e-01,2.724042127663686141e-01,1.000000000000000000e+00,-3.038552473166667225e-02,1.884349061635434974e-01,2.334019189511169767e-01,-5.293104327310496626e-02,4.793675406681296991e-02,4.895256739051178502e-02,-9.005925720309216481e-03,1.004586305547647447e-02,-1.842040063216201368e-02,-2.124798597832178865e-02,-9.471587375425857824e-02,3.603722568212119892e-02,3.551565000182056037e-02,1.902167277131778800e-01,-5.150667101897613703e-02,3.146683731599012046e-01,2.306589627166315964e-02,-8.132378109766998098e-02,1.164737495445691134e-01
2.092211979780930209e-01,4.833066493467537694e-01,5.275166768769428138e-01,-8.864741090354859299e-02,1.619878249759152122e-01,1.712347592031369936e-01,6.147198227775340085e-01,2.913265899934165959e-01,1.925339793729795856e-01,4.820252088933044826e-02,4.998002470065482927e-01,5.412268426646570096e-02,-6.500787949576558589e-01,3.454696282130400586e-01,-2.271149851969266054e-01,-9.527234477139229218e-02,2.671889793894188792e-01,-7.142828727766836749e-02,3.048247394671228447e-02,-3.038552473166667225e-02,1.000000000000000000e+00,8.025415254538876830e-01,2.972137365870161640e-01,3.803861277733893709e-01,-1.113104400837931079e-01,1.917414251076467180e-01,6.750438596688279613e-01,2.967824465810403045e-01,2.105820364964794689e-01,5.476397013154229998e-02,6.151220600359729174e-01,4.737953900408184427e-01,6.293787088058704349e-01,-7.063315353938293129e-02,2.912356432434443088e-01,-3.907693985479426119e-02,3.017039974275932956e-01,9.034628654243730128e-02,3.947400748421856509e-01
1.157162432970889887e-01,5.138891999644644715e-01,4.413333150004850602e-01,4.081914193810391722e-02,3.467692108559492642e-02,1.356470462820970058e-01,5.907137225698985139e-01,3.399836127776854622e-01,4.954126707549891956e-02,-5.692742856429364867e-02,4.432766695119547129e-01,1.814630919076064830e-01,-5.134295662111143521e-01,2.587615249260279970e-01,-1.821102196872928791e-01,-1.759151011550124655e-01,2.729462953784168588e-01,-1.112856751108673575e-01,2.181628362857932629e-02,1.884349061635434974e-01,8.025415254538876830e-01,1.000000000000000000e+00,2.942434286381822028e-01,3.131393483500214958e-01,-2.495082999302483673e-01,7.717217322266638202e-02,6.665939049056941457e-01,1.522068325225451602e-01,1.504845556481058111e-01,-4.425768938169940409e-02,4.955163457626969858e-01,5.180412893436574517e-01,5.564557756300420044e-01,-1.040164732813696757e-01,2.429927640689104329e-01,-2.813761819286034888e-02,2.812455052316734649e-01,6.959394166706243251e-03,4.310858770036640752e-01
7.101252395715598187e-01,6.266108499900807649e-01,3.722091988872064938e-01,-1.066014078575091700e-01,4.970593920217312167e-01,7.649789374472137915e-02,1.917633977769654108e-01,-8.420038685989326976e-02,5.865408886789990062e-01,7.067971060868206701e-01,2.235782623974270356e-01,2.548000818183477345e-01,-4.960327569724837793e-01,7.141410778650800761e-01,1.137057689797200538e-01,5.383046353396174766e-01,6.295392250668441214e-01,2.017349874790410336e-01,3.547012774604444973e-01,2.334019189511169767e-01,2.972137365870161640e-01,2.942434286381822028e-01,1.000000000000000000e+00,3.814647653763539314e-01,4.901456753295300173e-01,5.570364808264441914e-01,4.549518533537945109e-01,5.975294564912044804e-01,4.620078230100789773e-01,5.969828235408463080e-01,5.601502206663769856e-01,5.149396528768632741e-01,4.886713606000101517e-01,2.554155983755252435e-01,3.730081358547917003e-01,3.997273184757570985e-01,3.469791676926527457e-01,5.554398877933155454e-01,5.577107844057153097e-01
3.427906034310959082e-01,5.342155983753394954e-01,5.216925887191484895e-02,1.712978221678536084e-01,-2.882248467072820106e-02,7.525854417042987521e-01,4.290456675522772434e-01,9.663075827067704737e-02,-1.406490785164914332e-02,2.391914208308061340e-01,6.592580252409286912e-01,-4.914395090562346247e-01,-4.965138575231209384e-01,4.396697411435948055e-01,-6.328961343394872152e-01,-1.970163887263792213e-01,6.380547794672747353e-01,-3.153068346512785669e-01,-4.750924121017348067e-01,-5.293104327310496626e-02,3.803861277733893709e-01,3.131393483500214958e-01,3.814647653763539314e-01,1.000000000000000000e+00,1.432938202526706437e-02,4.407231463015704592e-02,6.380802308017495816e-01,1.764096545403324723e-01,8.205531524335439864e-01,8.812573732288210560e-02,5.082050467945420369e-01,7.769886075971370598e-01,2.093618861027729192e-02,-5.537347499517176752e-01,8.147943696158779225e-01,-3.144911302855947222e-01,8.295794096826741848e-01,8.282947104960899920e-02,1.167172931348299386e-01
4.863588729748369310e-01,1.263595684877301673e-01,2.256529494113982959e-01,-1.612219579793363333e-01,5.244006542428545359e-01,-1.242648748056814911e-01,-1.524029679841119311e-01,-2.466453641850134271e-01,6.200570675293259892e-01,6.163819598067952210e-01,-1.799280456311064536e-01,1.169656589270176850e-01,-1.282345452292949217e-01,3.429257438206624875e-01,2.737638706007396450e-01,6.195816944372924961e-01,1.537976628396945655e-01,4.549648474929242625e-01,3.769432596433504590e-01,4.793675406681296991e-02,-1.113104400837931079e-01,-2.495082999302483673e-01,4.901456753295300173e-01,1.432938202526706437e-02,1.000000000000000000e+00,3.999457879774056535e-01,-1.080942461402929350e-01,3.714471464385553090e-01,1.371122716094248239e-01,5.811657414491250284e-01,1.817329545510683597e-01,-1.216592120309926833e-01,1.314135343687511670e-01,4.021792306551523755e-01,2.656893190026369221e-03,3.561877804219013566e-01,-2.702362389746001611e-02,5.064428649086682999e-01,1.987734210849448069e-01
5.725288632807072897e-01,4.065258658078053089e-01,4.340222031781615364e-01,-3.553196323329744222e-01,5.388525511585796623e-01,-2.458662398680300787e-01,-1.002335035312053313e-01,-1.189386815238197420e-01,5.914968692607418532e-01,5.825303429927731758e-01,3.057133564387175262e-02,4.600590662138741571e-01,-3.442828223007011745e-01,6.072978505315560493e-01,4.163506786641202884e-01,5.882760697440345687e-01,3.965557009375186848e-01,2.527880087995237335e-01,4.835222157351813377e-01,4.895256739051178502e-02,1.917414251076467180e-01,7.717217322266638202e-02,5.570364808264441914e-01,4.407231463015704592e-02,3.999457879774056535e-01,1.000000000000000000e+00,3.546100984002940049e-01,6.503836920650812869e-01,1.842551810456702910e-01,5.352974678626625238e-01,4.468457780446797312e-01,1.303286507302841568e-01,6.084390370251179236e-01,4.864288093968169857e-01,3.895204060167369031e-02,5.544752091410803940e-01,3.331577116527022469e-03,6.926720213767967316e-01,6.507843328767830560e-01
3.856935679795904792e-01,7.071665748189409628e-01,3.408087966445467187e-01,-2.555136001438989071e-02,1.354874031007792801e-01,4.455578972571684337e-01,4.479333292178439563e-01,2.014284705241730089e-01,1.396644201146093611e-01,2.062385289762327656e-01,7.041647625270297528e-01,-2.469896207964817833e-02,-6.373579147469060624e-01,5.672018654659561898e-01,-3.518404887191803332e-01,-1.393828322437321854e-01,6.270931178961937080e-01,-2.556999331875062231e-01,-1.769764725578749365e-01,-9.005925720309216481e-03,6.750438596688279613e-01,6.665939049056941457e-01,4.549518533537945109e-01,6.380802308017495816e-01,-1.080942461402929350e-01,3.546100984002940049e-01,1.000000000000000000e+00,3.206322472808070811e-01,5.999893851287845248e-01,1.136779144175759232e-01,6.650269127049078799e-01,7.802591308849622376e-01,4.762223384479519206e-01,-2.830915646631387284e-01,6.117358845808277268e-01,-5.403123163207573798e-02,6.277602420573112907e-01,2.276740809360067175e-01,5.806482573271378733e-01
5.617186104877648356e-01,3.399553424977934668e-01,2.248584508406280269e-01,-3.593091815747160300e-01,3.591725288316823805e-01,-1.963185351213489749e-01,6.891627211879222670e-02,1.986605019740093070e-01,5.678276463627557336e-01,6.612086420093886696e-01,6.932217709589250099e-02,2.954027735240274399e-01,-5.211472804853340968e-01,5.921189452785151630e-01,3.377226958845875315e-01,6.453683525491451523e-01,4.731388510582270057e-01,5.974474857438872438e-02,4.824034042056407068e-01,1.004586305547647447e-02,2.967824465810403045e-01,1.522068325225451602e-01,5.975294564912044804e-01,1.764096545403324723e-01,3.714471464385553090e-01,6.503836920650812869e-01,3.206322472808070811e-01,1.000000000000000000e+00,2.001940990311750490e-01,5.326684782839181675e-01,5.387055854880949957e-01,2.013104363068685121e-01,5.726043828239583133e-01,4.564457102170570435e-01,9.337509795057270801e-02,5.194910137966036734e-01,1.467045750144650718e-01,6.601174059416080597e-01,4.546815655621121999e-01
4.565320707928607336e-01,5.363652617892030738e-01,4.836452302337766566e-03,1.325527898216053158e-01,5.802640870179928689e-02,7.570063629754981704e-01,2.964550328783169264e-01,-3.458756997776965113e-03,2.593202714253403304e-02,3.710580083006926322e-01,6.051267836778585485e-01,-4.576793714364500998e-01,-4.520224398871870997e-01,5.595267906647822809e-01,-5.571631051365962817e-01,-9.148338399079845862e-02,7.125394663023757458e-01,-2.589807655820823840e-01,-4.248325594276686212e-01,-1.842040063216201368e-02,2.105820364964794689e-01,1.504845556481058111e-01,4.620078230100789773e-01,8.205531524335439864e-01,1.371122716094248239e-01,1.842551810456702910e-01,5.999893851287845248e-01,2.001940990311750490e-01,1.000000000000000000e+00,1.676124121901949038e-01,4.902837908658541077e-01,7.676689354603298820e-01,2.638565600119831267e-03,-4.908533119839762482e-01,8.680696275837629372e-01,-2.226943262594837381e-01,8.400453084805303838e-01,1.408673906503764839e-01,1.626800921790573784e-01
7.273896923741999254e-01,4.589050953241907704e-01,2.506222976076888931e-01,-1.051098624480601984e-01,5.298941081663389729e-01,-1.720772828220778206e-01,4.144746365901622737e-02,-1.101841428871762063e-01,7.103116858419074031e-01,7.795854196267598679e-01,-2.515219235506300360e-02,2.465334601607114817e-01,-3.196106651396689036e-01,5.315399230805799569e-01,2.765425168034252312e-01,7.167060124543153110e-01,3.189512496989128087e-01,2.918172309582235946e-01,3.906769634283625003e-01,-2.124798597832178865e-02,5.476397013154229998e-02,-4.425768938169940409e-02,5.969828235408463080e-01,8.812573732288210560e-02,5.811657414491250284e-01,5.352974678626625238e-01,1.136779144175759232e-01,5.326684782839181675e-01,1.676124121901949038e-01,1.000000000000000000e+00,3.531101859173795265e-01,9.402961733382161902e-02,3.276000666595918487e-01,4.030464896498333616e-01,3.371087628233421229e-02,5.038673853999402485e-01,1.455434257516283192e-02,4.772145900085996706e-01,4.616831669655083181e-01
5.269380915092657380e-01,6.427082686897466202e-01,3.745584039750651795e-01,-1.556787236197683111e-01,4.328593683982024931e-01,2.745924033098520733e-01,4.503494529405418501e-01,2.866445048127577722e-01,4.837534119588556281e-01,4.441469510338613702e-01,5.160331884077796749e-01,1.358947814254387633e-02,-8.540157540306833051e-01,7.151873207664947163e-01,-1.538812727562358096e-01,2.072505982071491670e-01,5.660230406591413299e-01,-2.354917712847340305e-02,1.481398158131106979e-01,-9.471587375425857824e-02,6.151220600359729174e-01,4.955163457626969858e-01,5.601502206663769856e-01,5.082050467945420369e-01,1.817329545510683597e-01,4.468457780446797312e-01,6.650269127049078799e-01,5.387055854880949957e-01,4.902837908658541077e-01,3.531101859173795265e-01,1.000000000000000000e+00,5.795594784029465263e-01,6.881389723392810076e-01,8.464951190244683621e-02,5.037530901866668076e-01,1.855293281329466193e-01,4.405321327694000644e-01,3.933982455732606409e-01,4.910692016577358210e-01
4.240294344035286933e-01,7.032679181048677730e-01,1.146697240425024189e-01,1.271892810837093879e-01,2.804291055323677312e-02,6.610475070460185565e-01,4.670762624669127505e-01,1.528960214136578788e-01,5.761357105089262749e-03,2.560015922624164220e-01,7.352527610692174420e-01,-2.619979226779133308e-01,-5.753614086770917346e-01,5.574862178422179682e-01,-5.380953374224275443e-01,-1.971011742949581313e-01,7.304900043191991932e-01,-3.455116487410598847e-01,-3.524394697124101916e-01,3.603722568212119892e-02,4.737953900408184427e-01,5.180412893436574517e-01,5.149396528768632741e-01,7.769886075971370598e-01,-1.216592120309926833e-01,1.303286507302841568e-01,7.802591308849622376e-01,2.013104363068685121e-01,7.676689354603298820e-01,9.402961733382161902e-02,5.795594784029465263e-01,1.000000000000000000e+00,2.156091196262305554e-01,-4.671275970698974822e-01,7.982177684189710742e-01,-1.949674199177995337e-01,7.907304369315228953e-01,9.878692577112935247e-02,3.398900276555029132e-01
3.726621092807385072e-01,4.449571821839091723e-01,5.946885278799455277e-01,-3.179962225074929871e-01,5.040425605583677138e-01,-2.662929629203461546e-01,2.639865572766747492e-01,2.075831402128623104e-01,5.385936213957915886e-01,3.152213333648792859e-01,1.829438931536805646e-01,5.074396887070776740e-01,-6.234834490404822516e-01,5.366212181962298766e-01,3.128745946313464255e-01,3.702087927062391870e-01,2.847113373844290529e-01,1.754591867638767844e-01,5.386036075095129716e-01,3.551565000182056037e-02,6.293787088058704349e-01,5.564557756300420044e-01,4.886713606000101517e-01,2.093618861027729192e-02,1.314135343687511670e-01,6.084390370251179236e-01,4.762223384479519206e-01,5.726043828239583133e-01,2.638565600119831267e-03,3.276000666595918487e-01,6.881389723392810076e-01,2.156091196262305554e-01,1.000000000000000000e+00,4.929902220237793453e-01,2.984630370577785741e-03,4.652490336058308085e-01,-5.458833209817586657e-02,4.641448821950790449e-01,6.302845678926788375e-01
1.688919306686937349e-01,-1.291848042809277675e-01,3.368580306084652531e-01,-3.528698249402717479e-01,5.199839341383402092e-01,-7.575687548538789784e-01,-2.998375579559651172e-01,-9.612198283874652527e-02,5.785298523167943241e-01,3.411611086033189966e-01,-5.683974696315808872e-01,7.139504866679611261e-01,-9.986326564712150536e-03,1.462440395195795384e-01,8.300255865625427720e-01,7.009471068707363584e-01,-1.701394504480124859e-01,5.542550615761826505e-01,8.616773920659041019e-01,1.902167277131778800e-01,-7.063315353938293129e-02,-1.040164732813696757e-01,2.554155983755252435e-01,-5.537347499517176752e-01,4.021792306551523755e-01,4.864288093968169857e-01,-2.830915646631387284e-01,4.564457102170570435e-01,-4.908533119839762482e-01,4.030464896498333616e-01,8.464951190244683621e-02,-4.671275970698974822e-01,4.929902220237793453e-01,1.000000000000000000e+00,-5.769833190340278861e-01,7.151209892659419198e-01,-5.807280356863409043e-01,4.223639531038178019e-01,3.044911320535724220e-01
3.511811747390921612e-01,4.900448449545325436e-01,-2.517233653543850258e-02,1.491889054333922493e-01,-3.507984097570468474e-02,8.143281252029251904e-01,4.145778377642770907e-01,8.948188390343965459e-02,-8.906432958266749522e-02,2.222371397696694117e-01,6.722674350445306812e-01,-5.363491629780041681e-01,-4.763583829504800526e-01,4.898113693711869665e-01,-6.611399255522592000e-01,-2.469934604860512251e-01,6.453770310931534748e-01,-3.162634181981377468e-01,-4.906697205729180777e-01,-5.150667101897613703e-02,2.912356432434443088e-01,2.429927640689104329e-01,3.730081358547917003e-01,8.147943696158779225e-01,2.656893190026369221e-03,3.895204060167369031e-02,6.117358845808277268e-01,9.337509795057270801e-02,8.680696275837629372e-01,3.371087628233421229e-02,5.037530901866668076e-01,7.982177684189710742e-01,2.984630370577785741e-03,-5.769833190340278861e-01,1.000000000000000000e+00,-3.327571655821087715e-01,8.485631225547435319e-01,1.968566392702736020e-02,6.843438721368677591e-02
3.648320306447807582e-01,1.477771706599908530e-01,2.471842916472919149e-01,-2.970685187054789012e-01,4.352281756911046684e-01,-5.632975534410242791e-01,-2.976290352296458441e-01,-3.827917267867503304e-02,5.283287806204051140e-01,4.533778499202236745e-01,-3.780506076372125435e-01,6.772663036942290216e-01,-8.617912352572421053e-02,4.102987007439492517e-01,7.159086613890730533e-01,7.055356990441196130e-01,1.279221338554800136e-01,3.264285262908285246e-01,7.098719147063599078e-01,3.146683731599012046e-01,-3.907693985479426119e-02,-2.813761819286034888e-02,3.997273184757570985e-01,-3.144911302855947222e-01,3.561877804219013566e-01,5.544752091410803940e-01,-5.403123163207573798e-02,5.194910137966036734e-01,-2.226943262594837381e-01,5.038673853999402485e-01,1.855293281329466193e-01,-1.949674199177995337e-01,4.652490336058308085e-01,7.151209892659419198e-01,-3.327571655821087715e-01,1.000000000000000000e+00,-3.139466405232979596e-01,4.380051170528158067e-01,4.486893659110525179e-01
3.293012355744562303e-01,4.811222040965638658e-01,-5.247968849023770810e-02,2.141400267640997113e-01,-1.001724413246900675e-01,7.914088750391697902e-01,3.848973236466994852e-01,1.344937275340132576e-01,-1.258568536510494273e-01,2.241446152979646722e-01,6.064137353594208912e-01,-4.992111189190888143e-01,-4.584806423837724521e-01,4.496191753149296755e-01,-6.264185865976735768e-01,-2.266660837997841460e-01,6.382171301269196073e-01,-3.278141333021279413e-01,-4.957232225255657765e-01,2.306589627166315964e-02,3.017039974275932956e-01,2.812455052316734649e-01,3.469791676926527457e-01,8.295794096826741848e-01,-2.702362389746001611e-02,3.331577116527022469e-03,6.277602420573112907e-01,1.467045750144650718e-01,8.400453084805303838e-01,1.455434257516283192e-02,4.405321327694000644e-01,7.907304369315228953e-01,-5.458833209817586657e-02,-5.807280356863409043e-01,8.485631225547435319e-01,-3.139466405232979596e-01,1.000000000000000000e+00,-1.418219358113046412e-02,9.532243323465178220e-02
4.834885615096848333e-01,3.536196017952187298e-01,1.624758904903639833e-01,-4.069734452516825529e-01,3.926332726473210077e-01,-2.442787045572191729e-01,-1.958247313038815884e-01,4.425226435631279820e-02,6.317842560316327960e-01,6.040189213352622488e-01,9.971795800979105229e-02,3.428686923194341762e-01,-3.158394372023822227e-01,4.805461704588662175e-01,3.835993492043717201e-01,6.051126291796342649e-01,4.080779409439534988e-01,1.120801173703279696e-01,4.688918407909186126e-01,-8.132378109766998098e-02,9.034628654243730128e-02,6.959394166706243251e-03,5.554398877933155454e-01,8.282947104960899920e-02,5.064428649086682999e-01,6.926720213767967316e-01,2.276740809360067175e-01,6.601174059416080597e-01,1.408673906503764839e-01,4.772145900085996706e-01,3.933982455732606409e-01,9.878692577112935247e-02,4.641448821950790449e-01,4.223639531038178019e-01,1.968566392702736020e-02,4.380051170528158067e-01,-1.418219358113046412e-02,1.000000000000000000e+00,5.419579078670040406e-01
5.018058576579640384e-01,6.460612713996569667e-01,4.573750390374887731e-01,-1.410489265781032786e-01,4.873137820182139590e-01,-1.557412989520051971e-01,3.373925694612301546e-02,2.166202699164425025e-02,5.408990281969255909e-01,4.502812283070543597e-01,2.693093275323798497e-01,5.612654695980718866e-01,-4.240563834997893577e-01,5.639392355083019392e-01,2.829910248608907830e-01,3.586280110644163299e-01,4.439185735471540828e-01,1.127431423736945937e-01,3.426397824030514849e-01,1.164737495445691134e-01,3.947400748421856509e-01,4.310858770036640752e-01,5.577107844057153097e-01,1.167172931348299386e-01,1.987734210849448069e-01,6.507843328767830560e-01,5.806482573271378733e-01,4.546815655621121999e-01,1.626800921790573784e-01,4.616831669655083181e-01,4.910692016577358210e-01,3.398900276555029132e-01,6.302845678926788375e-01,3.044911320535724220e-01,6.843438721368677591e-02,4.486893659110525179e-01,9.532243323465178220e-02,5.419579078670040406e-01,1.000000000000000000e+00
