1.000000000000000000e+00,2.521777324691861222e-01,1.495482336724112127e-01,-1.117286516495916843e-02,6.224157321629431028e-01,-1.131234521318636443e-01,1.583200963468599232e-01,-5.502864011825554791e-02,6.721679285969233142e-01,5.366584517736242566e-01,2.312756416624090205e-01,9.920880626888738119e-02,1.032226976091934062e-01,5.430118919315125581e-01,1.625548780020786843e-01,4.761762645339679412e-01,8.613114588894792145e-02,1.080807102171536527e-01,1.131166884547677720e-01,-1.694181770651975449e-01,1.493369328870493562e-01,1.053272555850381653e-01,2.872424407518721634e-01,3.998530222811539359e-01,5.248113280840371875e-01,2.677105366318305313e-01,2.382000567647513667e-01,4.667368121712252294e-02,4.969991706976998637e-03,4.619725559519216040e-01,4.702426326163839515e-02,1.417661998559278380e-01,4.600124404618045892e-02,3.534551735604399281e-01,-9.140746103356953145e-02,3.357550453798898160e-01,1.912690013562299771e-02,5.231116771104097340e-01,1.564424365896929514e-01
2.521777324691861222e-01,1.000000000000000000e+00,-3.584846098800973935e-01,9.469085131857832294e-03,4.760341429117529999e-01,-6.446266339438788684e-01,5.975686304287126244e-02,3.642331622201953611e-01,3.927622615189152455e-01,6.549843585176058358e-01,-1.802428115809637243e-01,8.632419682381647918e-01,6.930595866235228497e-01,3.699976486849664292e-01,2.125124324361404166e-02,6.998717829973323257e-01,-7.696954383430814062e-01,-3.651877427844779089e-01,8.214851126637726653e-01,-1.859342594685039762e-01,-4.381753646785499501e-01,3.317798212434526772e-01,8.465168842009452854e-01,-1.188312679111271919e-01,-2.192467430282693877e-02,-6.886280868697671753e-01,4.935668685755823515e-01,-7.404548052052865037e-01,-8.143301551687059936e-01,-4.146877792622503667e-01,7.331942233489797678e-01,7.274242765918573772e-01,-4.888541232640507550e-01,8.003605263563650096e-01,-7.720963803837674888e-01,7.830940283869057827e-01,1.538775778796863669e-01,-3.882298620865387018e-01,8.960608614171440278e-01
1.495482336724112127e-01,-3.584846098800973935e-01,1.000000000000000000e+00,2.366770627211052802e-01,3.134798101043613228e-01,4.804569451799735602e-01,-1.420937780525573513e-01,-9.187740308104472842e-01,2.326431723511742100e-01,-7.179704357247460034e-02,3.752286888682829225e-01,-3.090498629969274935e-01,-6.600842189659132664e-02,2.779549206358676861e-01,-1.505189318629050477e-01,-2.239436056049154966e-01,5.413929522773552883e-01,1.777059114206914758e-01,-2.801852560243277002e-01,1.733533523223673156e-01,2.937790226849881781e-01,1.762328482000744545e-01,-3.401483429472373921e-01,4.365907154535482171e-01,2.282001078981495401e-01,6.744449549749821360e-01,3.241093376080869115e-01,6.312432778133694189e-01,5.347022681490339879e-01,5.370921447437178031e-01,-4.345245876859963885e-01,-7.660096367311880483e-02,7.676870644936171217e-01,-2.198225571983306870e-01,5.361462247699301242e-01,-2.507385933652997445e-01,3.953728799049585629e-01,2.153785745836740984e-01,-3.741682501823366813e-01
-1.117286516495916843e-02,9.469085131857832294e-03,2.366770627211052802e-01,1.000000000000000000e+00,1.667375410620867693e-01,2.685651681305561422e-01,-2.906455817443763801e-01,-2.586389192370759926e-01,2.919396477578515420e-02,-1.068902976509178149e-01,2.609478247636325410e-01,3.314781506438722186e-02,1.935792545044299207e-01,-1.747484505229356458e-02,-3.482146122818700062e-01,-1.925145902320882507e-01,5.271424695982820929e-02,1.373661436415808852e-02,1.061378045668181641e-01,1.010910117342464221e-01,1.965412461766633673e-02,3.166771720877697427e-01,-7.287388028520876138e-02,1.084742577850764805e-01,-1.428821785625345175e-01,4.542694658233901311e-02,2.513024607527422627e-01,3.298686324284164084e-03,1.141561757464412408e-01,5.327577175532602349e-02,-1.152862326154112105e-01,2.699244060425005087e-01,2.469911155271815317e-01,-9.142329356878417523e-02,1.559852347862517863e-01,-6.810816882564774133e-02,3.631659983935562330e-01,-1.665291501986338185e-01,-3.516595825362520047e-03
6.224157321629431028e-01,4.760341429117529999e-01,3.134798101043613228e-01,1.667375410620867693e-01,1.000000000000000000e+00,-2.112174179109777006e-01,5.290489926955764532e-02,-2.428952242980493559e-01,7.561778014136701920e-01,6.441969987160870437e-01,1.306381102783559234e-01,4.154509214809100071e-01,4.230990882391237329e-01,6.480451334615358050e-01,2.162625012357267257e-02,5.355524167889164078e-01,-2.041865728688623260e-01,-6.329371003707866261e-02,4.244322181761596147e-01,-2.506880821810739124e-01,-1.671115498092778651e-01,2.726697933080382552e-01,4.847277756048576913e-01,3.299570611000400833e-01,2.897385574936510721e-01,7.876455768662259105e-02,5.697518083366928110e-01,-1.480299010744423605e-01,-2.585498433381547834e-01,2.891966852652104181e-01,2.479080142710080037e-01,4.389373249609112015e-01,2.102718550281578933e-02,6.292272175774578091e-01,-2.509736362177851232e-01,5.000581384704176902e-01,2.340091085284584371e-01,1.462156294075572793e-01,4.262777088318737140e-01
-1.131234521318636443e-01,-6.446266339438788684e-01,4.804569451799735602e-01,2.685651681305561422e-01,-2.112174179109777006e-01,1.000000000000000000e+00,-6.972085230447669368e-02,-4.888143635865196956e-01,-1.856992322492011238e-01,-5.324898389220611428e-01,4.880616231901825364e-01,-7.063427140922541314e-01,-3.620106886944473024e-01,-2.398930354593202530e-01,-3.620005156699884208e-01,-6.944255739600929678e-01,7.132947211769868900e-01,1.527120806396975450e-01,-6.657110900894410710e-01,1.337882621184046106e-01,2.978242601873902773e-01,1.092635978867598640e-01,-6.356509484776874386e-01,3.253895531431927335e-01,-1.214329467753278852e-01,6.425923412352984032e-01,-8.290993999037184203e-02,5.939621248091505601e-01,8.020700324480120047e-01,4.182017166557266963e-01,-5.400243326733384919e-01,-1.951394411976111187e-01,5.276866867020186813e-01,-6.938549161694539391e-01,8.437559538369719947e-01,-6.735101652808470618e-01,3.166218644711136787e-01,1.987417778383712696e-01,-7.032240699674717765e-01
1.583200963468599232e-01,5.975686304287126244e-02,-1.420937780525573513e-01,-2.906455817443763801e-01,5.290489926955764532e-02,-6.972085230447669368e-02,1.000000000000000000e+00,1.718876702032295367e-01,1.227472096987431149e-01,1.646672611308269973e-01,-1.284209878394916571e-01,-3.883876902896814948e-02,-6.142688748596562831e-02,2.546856103665535651e-02,-7.088318330708942572e-02,1.207906692030909918e-01,-7.227352108172771517e-02,-6.072417695368372698e-02,1.654674640512267952e-02,-2.504148220486812626e-01,-1.813873205781964537e-01,1.301668250168808993e-01,1.334905261716944902e-01,5.273990853791762218e-02,4.005005022421780081e-02,1.253129533294055319e-02,-1.322642686798061462e-01,-1.156755856786934183e-01,-3.547227431183334195e-02,8.977907293816946022e-02,3.392164892931754383e-01,-9.395564096457598158e-02,-1.586051945297689003e-01,9.716731103863444907e-02,-3.524544867411003035e-02,7.517562338883493345e-02,-2.587237385052827965e-01,1.531751123902041212e-01,3.370614441453549659e-02
-5.502864011825554791e-02,3.642331622201953611e-01,-9.187740308104472842e-01,-2.586389192370759926e-01,-2.428952242980493559e-01,-4.888143635865196956e-01,1.718876702032295367e-01,1.000000000000000000e+00,-1.537076672291725066e-01,1.315141082504179826e-01,-3.310795069934907575e-01,2.964857604299313554e-01,4.613690754345577821e-02,-2.107301223475387120e-01,1.754838816614253394e-01,2.817062024504010664e-01,-5.238519930447909090e-01,-1.607873080332279658e-01,2.661656517232115493e-01,-2.094660653610791456e-01,-2.613948021129904875e-01,-1.865069226592610263e-01,3.490473161866913254e-01,-3.827612174469412487e-01,-1.610748350541056639e-01,-6.246371552815761508e-01,-3.147470025007476635e-01,-6.133256078203036532e-01,-5.272526792383261940e-01,-4.485084799075446105e-01,4.286034933903690169e-01,6.170601446403545937e-02,-7.584810303392998110e-01,2.474057723217900351e-01,-5.391014927169950344e-01,2.711197276977828086e-01,-4.164748309572294249e-01,-1.329349311617536444e-01,3.726487922173585265e-01
6.721679285969233142e-01,3.927622615189152455e-01,2.326431723511742100e-01,2.919396477578515420e-02,7.561778014136701920e-01,-1.856992322492011238e-01,1.227472096987431149e-01,-1.537076672291725066e-01,1.000000000000000000e+00,6.156937188757153345e-01,8.066322801479425264e-02,3.389094481119744318e-01,3.415185425654266860e-01,6.454688963629269249e-01,6.880960078960483839e-02,4.965398294687265457e-01,-8.273845224500074591e-02,5.481919597020312035e-02,3.559839674714505575e-01,-1.923791241307564459e-01,-7.289334380882078746e-02,2.323511288211614068e-01,4.369267625642902497e-01,2.951181519171751644e-01,4.090820319423987272e-01,1.285728178483881434e-01,5.717899895060848392e-01,-8.298973703113023126e-02,-1.765502271156225433e-01,3.594461301677067122e-01,2.276330109914715405e-01,3.526833329196512046e-01,7.608335703857570242e-02,5.139115624109326097e-01,-1.742647256778733778e-01,5.295422735039160278e-01,2.298038793745472708e-01,2.443689625895695272e-01,3.754266876475299552e-01
5.366584517736242566e-01,6.549843585176058358e-01,-7.179704357247460034e-02,-1.068902976509178149e-01,6.441969987160870437e-01,-5.324898389220611428e-01,1.646672611308269973e-01,1.315141082504179826e-01,6.156937188757153345e-01,1.000000000000000000e+00,-1.084344223189376150e-01,5.899307904862575169e-01,4.423409567985755464e-01,6.497216398302034790e-01,1.941999988576152969e-01,8.485862352971674794e-01,-4.056262715973896760e-01,-1.247722544652745402e-01,5.577269274139166066e-01,-1.955560612394775521e-01,-1.734584810811299060e-01,1.958428274397927826e-01,7.100871973220262978e-01,1.321756747835994006e-01,4.491046690323852730e-01,-2.448266191631669753e-01,3.971306884678755256e-01,-3.438735043030446970e-01,-5.227424933902874438e-01,1.245101499530588546e-01,4.645000855503063630e-01,4.020042026974697813e-01,-2.603960431054653246e-01,7.325836146259462334e-01,-5.421684428313543469e-01,7.093130315379183592e-01,9.139927796344958499e-02,-8.794921676203756866e-03,6.168417283316091071e-01
2.312756416624090205e-01,-1.802428115809637243e-01,3.752286888682829225e-01,2.609478247636325410e-01,1.306381102783559234e-01,4.880616231901825364e-01,-1.284209878394916571e-01,-3.310795069934907575e-01,8.066322801479425264e-02,-1.084344223189376150e-01,1.000000000000000000e+00,-2.707996111975566333e-01,-3.290578273923107453e-03,2.381892511408560398e-01,-5.312994254518841331e-01,-2.286696397623970700e-01,3.959044456422799452e-01,-2.743629836473985284e-01,-3.141852161513415953e-01,-1.086727367975609815e-01,2.633396852940689814e-01,2.331200175099867322e-01,-2.854687113911835716e-01,5.421550885055260727e-01,2.867401667774474583e-02,3.824332515361309470e-01,3.161587475964671157e-01,2.379640334776664812e-01,3.571718983898437560e-01,2.752462873357334749e-01,-1.806493734400266837e-01,1.752664251007036988e-01,4.882731922724629636e-01,-3.666143536156536431e-01,3.826233794047300130e-01,-3.016104964640898278e-01,3.971565282398681895e-01,1.182623433722417156e-01,-2.650074232578830680e-01
9.920880626888738119e-02,8.632419682381647918e-01,-3.090498629969274935e-01,3.314781506438722186e-02,4.154509214809100071e-01,-7.063427140922541314e-01,-3.883876902896814948e-02,2.964857604299313554e-01,3.389094481119744318e-01,5.899307904862575169e-01,-2.707996111975566333e-01,1.000000000000000000e+00,7.412197341295124753e-01,3.453261834048090284e-01,4.009942424314836412e-02,6.712003781320650120e-01,-7.805322654453279441e-01,-3.388735721607383233e-01,9.014305664517545669e-01,-4.229998438818374784e-02,-4.011658792854329580e-01,2.818868992185688538e-01,8.164498767518310052e-01,-2.312557477922556337e-01,-4.312940777616746518e-02,-7.488109739184206637e-01,5.320067081685925237e-01,-6.921404042743160012e-01,-8.618983524978347521e-01,-5.074954465678245263e-01,7.304966590627212097e-01,7.037632500130932556e-01,-3.909030096298186652e-01,7.744383010740097939e-01,-8.134515282240329936e-01,7.862636779811675858e-01,2.279362626047080342e-01,-4.778464774280204996e-01,9.137118685546612440e-01
1.032226976091934062e-01,6.930595866235228497e-01,-6.600842189659132664e-02,1.935792545044299207e-01,4.230990882391237329e-01,-3.620106886944473024e-01,-6.142688748596562831e-02,4.613690754345577821e-02,3.415185425654266860e-01,4.423409567985755464e-01,-3.290578273923107453e-03,7.412197341295124753e-01,1.000000000000000000e+00,3.439870020855271826e-01,-1.718051922912387230e-01,4.487139305899400799e-01,-5.082765899773753482e-01,-3.157397420950185940e-01,7.359943313939727449e-01,4.076464088713263427e-03,-2.939980440113682536e-01,3.977489304937966708e-01,6.777595003149224917e-01,-2.683157439958902026e-03,-6.589017753495511609e-02,-5.196028358186326468e-01,6.454078090100835441e-01,-5.042090606304171496e-01,-5.955465276637066374e-01,-3.801557554929314575e-01,5.502407644250139063e-01,7.743186036458481469e-01,-1.601666837040233715e-01,5.596719147231843383e-01,-5.188201696534701091e-01,5.841671966393565674e-01,4.720350501385694453e-01,-4.512446739799410578e-01,7.188989758170778455e-01
5.430118919315125581e-01,3.699976486849664292e-01,2.779549206358676861e-01,-1.747484505229356458e-02,6.480451334615358050e-01,-2.398930354593202530e-01,2.546856103665535651e-02,-2.107301223475387120e-01,6.454688963629269249e-01,6.497216398302034790e-01,2.381892511408560398e-01,3.453261834048090284e-01,3.439870020855271826e-01,1.000000000000000000e+00,-8.530899966052259142e-02,5.507986403671277786e-01,-5.469803663745641253e-02,-2.427020691292948451e-01,2.933056450451499431e-01,-2.137239162514950885e-01,-8.523575732025789192e-03,1.765808338958870516e-01,4.174262864822292363e-01,5.484310852102930456e-01,4.728588046157054525e-01,9.922205377074268251e-02,5.458629642588854747e-01,-1.059799101316391962e-01,-1.987588649001700569e-01,2.627038155513066187e-01,2.548053501825638945e-01,3.706946721020665803e-01,1.532986389481967027e-01,4.236133401679192945e-01,-1.655644430124751376e-01,4.134359709551632678e-01,2.945681180769733065e-01,1.839458184579217948e-02,3.324553962311265765e-01
1.625548780020786843e-01,2.125124324361404166e-02,-1.505189318629050477e-01,-3.482146122818700062e-01,2.162625012357267257e-02,-3.620005156699884208e-01,-7.088318330708942572e-02,1.754838816614253394e-01,6.880960078960483839e-02,1.941999988576152969e-01,-5.312994254518841331e-01,4.009942424314836412e-02,-1.718051922912387230e-01,-8.530899966052259142e-02,1.000000000000000000e+00,3.398999230577322006e-01,-3.723640180609600475e-02,5.924419943201630900e-01,5.032477703334761743e-02,2.478854728750992387e-01,2.283407035489858350e-01,-3.290027652245696155e-01,1.718071007631371272e-01,-2.699203469732863736e-01,3.020311919721805349e-01,-5.130997434110200033e-03,-3.908288772291996782e-01,1.812124211711077792e-01,-1.042587071538932098e-01,1.459711578825722278e-01,-1.530235511231524959e-01,-3.295723407166897823e-01,-2.777006219043742230e-01,3.505054645028386484e-01,-2.435435933067363612e-01,2.852162800373531648e-01,-4.011489002399428738e-01,4.122057635063145486e-01,5.369891766575192460e-02
4.761762645339679412e-01,6.998717829973323257e-01,-2.239436056049154966e-01,-1.925145902320882507e-01,5.355524167889164078e-01,-6.944255739600929678e-01,1.207906692030909918e-01,2.817062024504010664e-01,4.965398294687265457e-01,8.485862352971674794e-01,-2.286696397623970700e-01,6.712003781320650120e-01,4.487139305899400799e-01,5.507986403671277786e-01,3.398999230577322006e-01,1.000000000000000000e+00,-5.252438347797028229e-01,-6.711440061055393147e-02,6.377968532984109595e-01,-1.005378225149521493e-01,-1.116879960818601553e-01,1.322753535653494183e-01,7.474261735156331188e-01,-3.264329858098315856e-02,4.129234204118983897e-01,-4.011312923810078646e-01,2.788059028980515164e-01,-4.086032570232753236e-01,-6.566010551412647667e-01,-3.583300947938983932e-02,4.883083345532629460e-01,3.603110545599681469e-01,-3.433040530513851163e-01,7.799389445327263859e-01,-7.081604191541915894e-01,7.573042741746963680e-01,-2.885320380288823247e-02,-2.526336901987909396e-03,6.941229780581964492e-01
8.613114588894792145e-02,-7.696954383430814062e-01,5.413929522773552883e-01,5.271424695982820929e-02,-2.041865728688623260e-01,7.132947211769868900e-01,-7.227352108172771517e-02,-5.238519930447909090e-01,-8.273845224500074591e-02,-4.056262715973896760e-01,3.959044456422799452e-01,-7.805322654453279441e-01,-5.082765899773753482e-01,-5.469803663745641253e-02,-3.723640180609600475e-02,-5.252438347797028229e-01,1.000000000000000000e+00,3.663574782842554667e-01,-7.613125145920254244e-01,2.149660011628947709e-01,5.635621191784688788e-01,-1.510194391438988981e-01,-6.548259339129712808e-01,3.908615319688173440e-01,2.823195870787415518e-01,8.023731515931858960e-01,-2.508736436594179997e-01,8.304628291637015103e-01,8.674704715711801795e-01,6.272801953635442906e-01,-6.896338822552957604e-01,-4.708143311359848093e-01,6.353161611843002321e-01,-6.717442297902487258e-01,8.306934305207722691e-01,-5.961182697547862119e-01,1.411926475706479500e-01,4.888479876729465157e-01,-8.005245898378572367e-01
1.080807102171536527e-01,-3.651877427844779089e-01,1.777059114206914758e-01,1.373661436415808852e-02,-6.329371003707866261e-02,1.527120806396975450e-01,-6.072417695368372698e-02,-1.607873080332279658e-01,5.481919597020312035e-02,-1.247722544652745402e-01,-2.743629836473985284e-01,-3.388735721607383233e-01,-3.157397420950185940e-01,-2.427020691292948451e-01,5.924419943201630900e-01,-6.711440061055393147e-02,3.663574782842554667e-01,1.000000000000000000e+00,-2.061844274404231181e-01,3.501220172202304526e-01,3.825195558881860913e-01,-1.289371448625761529e-01,-2.170300301478013671e-01,-1.511982636051401874e-01,1.967040300605589209e-01,3.692616813271413778e-01,-3.839624303295721131e-01,5.320606162250716142e-01,3.589262682365410573e-01,3.848743635467778423e-01,-4.870723451177167429e-01,-4.401884834127552382e-01,1.025809919802434106e-01,-7.678133948603896308e-02,2.270510658665605142e-01,-1.117493359887226645e-01,-2.139005333700518541e-01,5.596353277637853285e-01,-3.229311618756558477e-01
1.131166884547677720e-01,8.214851126637726653e-01,-2.801852560243277002e-01,1.061378045668181641e-01,4.244322181761596147e-01,-6.657110900894410710e-01,1.654674640512267952e-02,2.661656517232115493e-01,3.559839674714505575e-01,5.577269274139166066e-01,-3.141852161513415953e-01,9.014305664517545669e-01,7.359943313939727449e-01,2.933056450451499431e-01,5.032477703334761743e-02,6.377968532984109595e-01,-7.613125145920254244e-01,-2.061844274404231181e-01,1.000000000000000000e+00,1.246813120067611714e-03,-3.989040052511530488e-01,3.245673056064571349e-01,7.954212384712463502e-01,-2.687552243123296214e-01,-7.839763593321490143e-02,-7.119768108655892824e-01,5.130873584184276748e-01,-6.564380471414912321e-01,-8.216628429564936109e-01,-4.797062110218214270e-01,7.054741283697716359e-01,6.743614359943207459e-01,-3.700773526777091926e-01,7.595640465200557134e-01,-7.818941799756453648e-01,7.697730728203402428e-01,2.210173888440725432e-01,-4.287207070447323076e-01,8.860470502410393578e-01
-1.694181770651975449e-01,-1.859342594685039762e-01,1.733533523223673156e-01,1.010910117342464221e-01,-2.506880821810739124e-01,1.337882621184046106e-01,-2.504148220486812626e-01,-2.094660653610791456e-01,-1.923791241307564459e-01,-1.955560612394775521e-01,-1.086727367975609815e-01,-4.229998438818374784e-02,4.076464088713263427e-03,-2.137239162514950885e-01,2.478854728750992387e-01,-1.005378225149521493e-01,2.149660011628947709e-01,3.501220172202304526e-01,1.246813120067611714e-03,1.000000000000000000e+00,4.729727341061237822e-01,4.126538757066011698e-02,-1.249813379463582119e-01,-1.805824923587818487e-01,6.388254584521932400e-02,1.855031271402121998e-02,-5.734585904121840272e-02,4.046319082003727030e-01,1.594333282767058657e-01,3.632826122948249609e-02,-2.375574971491263010e-01,-3.024186651578541357e-02,2.816883759308682067e-01,-1.691476213596295741e-01,1.074205698788378571e-01,-8.480000466004231074e-02,3.051869327203088345e-01,3.251665237320551516e-02,-1.013539931537460609e-01
1.493369328870493562e-01,-4.381753646785499501e-01,2.937790226849881781e-01,1.965412461766633673e-02,-1.671115498092778651e-01,2.978242601873902773e-01,-1.813873205781964537e-01,-2.613948021129904875e-01,-7.289334380882078746e-02,-1.734584810811299060e-01,2.633396852940689814e-01,-4.011658792854329580e-01,-2.939980440113682536e-01,-8.523575732025789192e-03,2.283407035489858350e-01,-1.116879960818601553e-01,5.635621191784688788e-01,3.825195558881860913e-01,-3.989040052511530488e-01,4.729727341061237822e-01,1.000000000000000000e+00,-1.179899138183109070e-01,-3.615642834188770860e-01,1.569472654992271621e-01,4.313911213994831018e-01,4.184062988809570949e-01,-2.227396470559221686e-01,6.102105896945316799e-01,4.787502574308710179e-01,4.488749457568108059e-01,-4.687329606047601627e-01,-3.212563075177091165e-01,4.627069631978075748e-01,-3.607533413506669451e-01,3.569689782558044255e-01,-2.539116732360874873e-01,1.059354799486867810e-01,4.521121225211634509e-01,-4.253794094073983234e-01
1.053272555850381653e-01,3.317798212434526772e-01,1.762328482000744545e-01,3.166771720877697427e-01,2.726697933080382552e-01,1.092635978867598640e-01,1.301668250168808993e-01,-1.865069226592610263e-01,2.323511288211614068e-01,1.958428274397927826e-01,2.331200175099867322e-01,2.818868992185688538e-01,3.977489304937966708e-01,1.765808338958870516e-01,-3.290027652245696155e-01,1.322753535653494183e-01,-1.510194391438988981e-01,-1.289371448625761529e-01,3.245673056064571349e-01,4.126538757066011698e-02,-1.179899138183109070e-01,1.000000000000000000e+00,2.767677454777738855e-01,1.133985875140487848e-01,-1.378267253011482840e-01,-1.286185590327707517e-01,4.526015914704397680e-01,-1.581795940012387103e-01,-1.164744548624154080e-01,-6.543534179587175148e-02,2.785958610331367713e-01,5.051793571733246280e-01,1.366285923607518105e-01,2.011482575616658497e-01,-8.202762027805378386e-02,2.298755104383684300e-01,3.850474555294684520e-01,-2.421418288099297933e-01,2.911830124045182711e-01
2.872424407518721634e-01,8.465168842009452854e-01,-3.401483429472373921e-01,-7.287388028520876138e-02,4.847277756048576913e-01,-6.356509484776874386e-01,1.334905261716944902e-01,3.490473161866913254e-01,4.369267625642902497e-01,7.100871973220262978e-01,-2.854687113911835716e-01,8.164498767518310052e-01,6.777595003149224917e-01,4.174262864822292363e-01,1.718071007631371272e-01,7.474261735156331188e-01,-6.548259339129712808e-01,-2.170300301478013671e-01,7.954212384712463502e-01,-1.249813379463582119e-01,-3.615642834188770860e-01,2.767677454777738855e-01,1.000000000000000000e+00,-1.065648564029879758e-01,1.444817246744798944e-01,-6.153845573113911893e-01,4.036630698908856285e-01,-6.323246278010697941e-01,-7.536170858758730606e-01,-3.066357757970671893e-01,7.056224819190289876e-01,6.481515342247555767e-01,-4.671637722518248714e-01,8.219866082316210631e-01,-7.178628494694501150e-01,8.283475349375679642e-01,1.501411118274240952e-01,-2.785229541332260861e-01,8.413319961816098091e-01
3.998530222811539359e-01,-1.188312679111271919e-01,4.365907154535482171e-01,1.084742577850764805e-01,3.299570611000400833e-01,3.253895531431927335e-01,5.273990853791762218e-02,-3.827612174469412487e-01,2.951181519171751644e-01,1.321756747835994006e-01,5.421550885055260727e-01,-2.312557477922556337e-01,-2.683157439958902026e-03,5.484310852102930456e-01,-2.699203469732863736e-01,-3.264329858098315856e-02,3.908615319688173440e-01,-1.511982636051401874e-01,-2.687552243123296214e-01,-1.805824923587818487e-01,1.569472654992271621e-01,1.133985875140487848e-01,-1.065648564029879758e-01,1.000000000000000000e+00,2.898304708461411638e-01,4.859182611328429213e-01,2.423086917116290540e-01,2.311873344484086101e-01,3.622265408919663199e-01,4.586930572402745931e-01,-1.067091025269960719e-01,8.977643445304596403e-02,3.530705103728412064e-01,-1.305165739542954728e-01,3.922772309550462411e-01,-2.169900740068804179e-01,2.517680986690721823e-01,2.003417443935541775e-01,-2.323578315831496821e-01
5.248113280840371875e-01,-2.192467430282693877e-02,2.282001078981495401e-01,-1.428821785625345175e-01,2.897385574936510721e-01,-1.214329467753278852e-01,4.005005022421780081e-02,-1.610748350541056639e-01,4.090820319423987272e-01,4.491046690323852730e-01,2.867401667774474583e-02,-4.312940777616746518e-02,-6.589017753495511609e-02,4.728588046157054525e-01,3.020311919721805349e-01,4.129234204118983897e-01,2.823195870787415518e-01,1.967040300605589209e-01,-7.839763593321490143e-02,6.388254584521932400e-02,4.313911213994831018e-01,-1.378267253011482840e-01,1.444817246744798944e-01,2.898304708461411638e-01,1.000000000000000000e+00,3.108121740987138670e-01,8.681220839519197124e-03,3.115034456986108813e-01,1.423482522927534688e-01,5.914396340715840639e-01,-1.261397075320405681e-01,-1.706293767879589474e-01,2.692972044560404399e-01,1.165850681252948856e-01,4.801645109380717896e-02,2.240991068454941670e-01,5.921305634113288585e-02,4.211451798117263889e-01,-4.906303263832850758e-02
2.677105366318305313e-01,-6.886280868697671753e-01,6.744449549749821360e-01,4.542694658233901311e-02,7.876455768662259105e-02,6.425923412352984032e-01,1.253129533294055319e-02,-6.246371552815761508e-01,1.285728178483881434e-01,-2.448266191631669753e-01,3.824332515361309470e-01,-7.488109739184206637e-01,-5.196028358186326468e-01,9.922205377074268251e-02,-5.130997434110200033e-03,-4.011312923810078646e-01,8.023731515931858960e-01,3.692616813271413778e-01,-7.119768108655892824e-01,1.855031271402121998e-02,4.184062988809570949e-01,-1.286185590327707517e-01,-6.153845573113911893e-01,4.859182611328429213e-01,3.108121740987138670e-01,1.000000000000000000e+00,-1.332908909964696242e-01,7.758550253196576652e-01,8.218477338128964416e-01,7.593162361635066304e-01,-6.822765376163136830e-01,-5.058339160829675718e-01,6.012354118040913464e-01,-4.911428282539818113e-01,7.695472654744754948e-01,-5.337336495776103806e-01,-6.709256236822664157e-03,5.827076867791647352e-01,-7.505987163555521979e-01
2.382000567647513667e-01,4.935668685755823515e-01,3.241093376080869115e-01,2.513024607527422627e-01,5.697518083366928110e-01,-8.290993999037184203e-02,-1.322642686798061462e-01,-3.147470025007476635e-01,5.717899895060848392e-01,3.971306884678755256e-01,3.161587475964671157e-01,5.320067081685925237e-01,6.454078090100835441e-01,5.458629642588854747e-01,-3.908288772291996782e-01,2.788059028980515164e-01,-2.508736436594179997e-01,-3.839624303295721131e-01,5.130873584184276748e-01,-5.734585904121840272e-02,-2.227396470559221686e-01,4.526015914704397680e-01,4.036630698908856285e-01,2.423086917116290540e-01,8.681220839519197124e-03,-1.332908909964696242e-01,1.000000000000000000e+00,-2.475174639848856661e-01,-3.112928581515865822e-01,-7.544204622027121665e-02,3.869799633815843576e-01,7.045336220007808459e-01,2.230700086776873092e-01,3.647037963940746863e-01,-2.039365468497865430e-01,4.117688638287438363e-01,6.434203902348718529e-01,-3.584746961171423330e-01,4.976895315026860778e-01
4.667368121712252294e-02,-7.404548052052865037e-01,6.312432778133694189e-01,3.298686324284164084e-03,-1.480299010744423605e-01,5.939621248091505601e-01,-1.156755856786934183e-01,-6.133256078203036532e-01,-8.298973703113023126e-02,-3.438735043030446970e-01,2.379640334776664812e-01,-6.921404042743160012e-01,-5.042090606304171496e-01,-1.059799101316391962e-01,1.812124211711077792e-01,-4.086032570232753236e-01,8.304628291637015103e-01,5.320606162250716142e-01,-6.564380471414912321e-01,4.046319082003727030e-01,6.102105896945316799e-01,-1.581795940012387103e-01,-6.323246278010697941e-01,2.311873344484086101e-01,3.115034456986108813e-01,7.758550253196576652e-01,-2.475174639848856661e-01,1.000000000000000000e+00,7.881049654113143621e-01,6.387767462551415809e-01,-7.280283202744737281e-01,-5.364868847051518230e-01,6.400412206482797295e-01,-5.435437661787835273e-01,6.997783550258728225e-01,-5.130715093145656880e-01,1.147666280030670560e-01,5.166774049344007302e-01,-7.339871320649427044e-01
4.969991706976998637e-03,-8.143301551687059936e-01,5.347022681490339879e-01,1.141561757464412408e-01,-2.585498433381547834e-01,8.020700324480120047e-01,-3.547227431183334195e-02,-5.272526792383261940e-01,-1.765502271156225433e-01,-5.227424933902874438e-01,3.571718983898437560e-01,-8.618983524978347521e-01,-5.955465276637066374e-01,-1.987588649001700569e-01,-1.042587071538932098e-01,-6.566010551412647667e-01,8.674704715711801795e-01,3.589262682365410573e-01,-8.216628429564936109e-01,1.594333282767058657e-01,4.787502574308710179e-01,-1.164744548624154080e-01,-7.536170858758730606e-01,3.622265408919663199e-01,1.423482522927534688e-01,8.218477338128964416e-01,-3.112928581515865822e-01,7.881049654113143621e-01,1.000000000000000000e+00,6.095542630522975402e-01,-7.226663788290595969e-01,-5.307676105656047305e-01,5.847704129145122609e-01,-7.348008479662845316e-01,8.957399888220221040e-01,-7.133130873573652053e-01,4.509630795324037073e-02,4.545206337479565373e-01,-8.707998483285575020e-01
4.619725559519216040e-01,-4.146877792622503667e-01,5.370921447437178031e-01,5.327577175532602349e-02,2.891966852652104181e-01,4.182017166557266963e-01,8.977907293816946022e-02,-4.485084799075446105e-01,3.594461301677067122e-01,1.245101499530588546e-01,2.752462873357334749e-01,-5.074954465678245263e-01,-3.801557554929314575e-01,2.627038155513066187e-01,1.459711578825722278e-01,-3.583300947938983932e-02,6.272801953635442906e-01,3.848743635467778423e-01,-4.797062110218214270e-01,3.632826122948249609e-02,4.488749457568108059e-01,-6.543534179587175148e-02,-3.066357757970671893e-01,4.586930572402745931e-01,5.914396340715840639e-01,7.593162361635066304e-01,-7.544204622027121665e-02,6.387767462551415809e-01,6.095542630522975402e-01,1.000000000000000000e+00,-4.785626713474593896e-01,-3.832721514801289420e-01,4.626713908687505317e-01,-2.099148884025729411e-01,5.375706959815333974e-01,-1.974479827261585996e-01,3.488472452241905136e-02,6.324219525196576042e-01,-4.892645083101983539e-01
4.702426326163839515e-02,7.331942233489797678e-01,-4.345245876859963885e-01,-1.152862326154112105e-01,2.479080142710080037e-01,-5.400243326733384919e-01,3.392164892931754383e-01,4.286034933903690169e-01,2.276330109914715405e-01,4.645000855503063630e-01,-1.806493734400266837e-01,7.304966590627212097e-01,5.502407644250139063e-01,2.548053501825638945e-01,-1.530235511231524959e-01,4.883083345532629460e-01,-6.896338822552957604e-01,-4.870723451177167429e-01,7.054741283697716359e-01,-2.375574971491263010e-01,-4.687329606047601627e-01,2.785958610331367713e-01,7.056224819190289876e-01,-1.067091025269960719e-01,-1.261397075320405681e-01,-6.822765376163136830e-01,3.869799633815843576e-01,-7.280283202744737281e-01,-7.226663788290595969e-01,-4.785626713474593896e-01,1.000000000000000000e+00,6.021495535243085451e-01,-4.389068879694644210e-01,5.770482271677236374e-01,-6.383079917199492304e-01,6.034712325212575612e-01,1.311715303307770253e-01,-4.611586728151326198e-01,7.479521596823939245e-01
1.417661998559278380e-01,7.274242765918573772e-01,-7.660096367311880483e-02,2.699244060425005087e-01,4.389373249609112015e-01,-1.951394411976111187e-01,-9.395564096457598158e-02,6.170601446403545937e-02,3.526833329196512046e-01,4.020042026974697813e-01,1.752664251007036988e-01,7.037632500130932556e-01,7.743186036458481469e-01,3.706946721020665803e-01,-3.295723407166897823e-01,3.603110545599681469e-01,-4.708143311359848093e-01,-4.401884834127552382e-01,6.743614359943207459e-01,-3.024186651578541357e-02,-3.212563075177091165e-01,5.051793571733246280e-01,6.481515342247555767e-01,8.977643445304596403e-02,-1.706293767879589474e-01,-5.058339160829675718e-01,7.045336220007808459e-01,-5.364868847051518230e-01,-5.307676105656047305e-01,-3.832721514801289420e-01,6.021495535243085451e-01,1.000000000000000000e+00,-1.435478216059125900e-01,5.054667147266870275e-01,-4.165028635575074301e-01,5.329242668770328706e-01,6.072628564862159184e-01,-4.839467333156066142e-01,7.055572527076803269e-01
4.600124404618045892e-02,-4.888541232640507550e-01,7.676870644936171217e-01,2.469911155271815317e-01,2.102718550281578933e-02,5.276866867020186813e-01,-1.586051945297689003e-01,-7.584810303392998110e-01,7.608335703857570242e-02,-2.603960431054653246e-01,4.882731922724629636e-01,-3.909030096298186652e-01,-1.601666837040233715e-01,1.532986389481967027e-01,-2.777006219043742230e-01,-3.433040530513851163e-01,6.353161611843002321e-01,1.025809919802434106e-01,-3.700773526777091926e-01,2.816883759308682067e-01,4.627069631978075748e-01,1.366285923607518105e-01,-4.671637722518248714e-01,3.530705103728412064e-01,2.692972044560404399e-01,6.012354118040913464e-01,2.230700086776873092e-01,6.400412206482797295e-01,5.847704129145122609e-01,4.626713908687505317e-01,-4.389068879694644210e-01,-1.435478216059125900e-01,1.000000000000000000e+00,-4.877954680276263000e-01,5.974615945496258851e-01,-3.727402607843622873e-01,4.458838258213914663e-01,1.790869561420086187e-01,-4.671518615267575836e-01
3.534551735604399281e-01,8.003605263563650096e-01,-2.198225571983306870e-01,-9.142329356878417523e-02,6.292272175774578091e-01,-6.938549161694539391e-01,9.716731103863444907e-02,2.474057723217900351e-01,5.139115624109326097e-01,7.325836146259462334e-01,-3.666143536156536431e-01,7.744383010740097939e-01,5.596719147231843383e-01,4.236133401679192945e-01,3.505054645028386484e-01,7.799389445327263859e-01,-6.717442297902487258e-01,-7.678133948603896308e-02,7.595640465200557134e-01,-1.691476213596295741e-01,-3.607533413506669451e-01,2.011482575616658497e-01,8.219866082316210631e-01,-1.305165739542954728e-01,1.165850681252948856e-01,-4.911428282539818113e-01,3.647037963940746863e-01,-5.435437661787835273e-01,-7.348008479662845316e-01,-2.099148884025729411e-01,5.770482271677236374e-01,5.054667147266870275e-01,-4.877954680276263000e-01,1.000000000000000000e+00,-7.452261357023246546e-01,8.218408006184877435e-01,-2.894458765622031499e-02,-1.361828056181029756e-01,7.977124344949451107e-01
-9.140746103356953145e-02,-7.720963803837674888e-01,5.361462247699301242e-01,1.559852347862517863e-01,-2.509736362177851232e-01,8.437559538369719947e-01,-3.524544867411003035e-02,-5.391014927169950344e-01,-1.742647256778733778e-01,-5.421684428313543469e-01,3.826233794047300130e-01,-8.134515282240329936e-01,-5.188201696534701091e-01,-1.655644430124751376e-01,-2.435435933067363612e-01,-7.081604191541915894e-01,8.306934305207722691e-01,2.270510658665605142e-01,-7.818941799756453648e-01,1.074205698788378571e-01,3.569689782558044255e-01,-8.202762027805378386e-02,-7.178628494694501150e-01,3.922772309550462411e-01,4.801645109380717896e-02,7.695472654744754948e-01,-2.039365468497865430e-01,6.997783550258728225e-01,8.957399888220221040e-01,5.375706959815333974e-01,-6.383079917199492304e-01,-4.165028635575074301e-01,5.974615945496258851e-01,-7.452261357023246546e-01,1.000000000000000000e+00,-7.158958944043931627e-01,1.543574708018586872e-01,3.134266881954316797e-01,-8.259754543439307151e-01
3.357550453798898160e-01,7.830940283869057827e-01,-2.507385933652997445e-01,-6.810816882564774133e-02,5.000581384704176902e-01,-6.735101652808470618e-01,7.517562338883493345e-02,2.711197276977828086e-01,5.295422735039160278e-01,7.093130315379183592e-01,-3.016104964640898278e-01,7.862636779811675858e-01,5.841671966393565674e-01,4.134359709551632678e-01,2.852162800373531648e-01,7.573042741746963680e-01,-5.961182697547862119e-01,-1.117493359887226645e-01,7.697730728203402428e-01,-8.480000466004231074e-02,-2.539116732360874873e-01,2.298755104383684300e-01,8.283475349375679642e-01,-2.169900740068804179e-01,2.240991068454941670e-01,-5.337336495776103806e-01,4.117688638287438363e-01,-5.130715093145656880e-01,-7.133130873573652053e-01,-1.974479827261585996e-01,6.034712325212575612e-01,5.329242668770328706e-01,-3.727402607843622873e-01,8.218408006184877435e-01,-7.158958944043931627e-01,1.000000000000000000e+00,1.074902558723676987e-01,-1.719430742109285537e-01,8.013050002426725937e-01
1.912690013562299771e-02,1.538775778796863669e-01,3.953728799049585629e-01,3.631659983935562330e-01,2.340091085284584371e-01,3.166218644711136787e-01,-2.587237385052827965e-01,-4.164748309572294249e-01,2.298038793745472708e-01,9.139927796344958499e-02,3.971565282398681895e-01,2.279362626047080342e-01,4.720350501385694453e-01,2.945681180769733065e-01,-4.011489002399428738e-01,-2.885320380288823247e-02,1.411926475706479500e-01,-2.139005333700518541e-01,2.210173888440725432e-01,3.051869327203088345e-01,1.059354799486867810e-01,3.850474555294684520e-01,1.501411118274240952e-01,2.517680986690721823e-01,5.921305634113288585e-02,-6.709256236822664157e-03,6.434203902348718529e-01,1.147666280030670560e-01,4.509630795324037073e-02,3.488472452241905136e-02,1.311715303307770253e-01,6.072628564862159184e-01,4.458838258213914663e-01,-2.894458765622031499e-02,1.543574708018586872e-01,1.074902558723676987e-01,1.000000000000000000e+00,-3.157315981055075493e-01,1.706410975736128433e-01
5.231116771104097340e-01,-3.882298620865387018e-01,2.153785745836740984e-01,-1.665291501986338185e-01,1.462156294075572793e-01,1.987417778383712696e-01,1.531751123902041212e-01,-1.329349311617536444e-01,2.443689625895695272e-01,-8.794921676203756866e-03,1.182623433722417156e-01,-4.778464774280204996e-01,-4.512446739799410578e-01,1.839458184579217948e-02,4.122057635063145486e-01,-2.526336901987909396e-03,4.888479876729465157e-01,5.596353277637853285e-01,-4.287207070447323076e-01,3.251665237320551516e-02,4.521121225211634509e-01,-2.421418288099297933e-01,-2.785229541332260861e-01,2.003417443935541775e-01,4.211451798117263889e-01,5.827076867791647352e-01,-3.584746961171423330e-01,5.166774049344007302e-01,4.545206337479565373e-01,6.324219525196576042e-01,-4.611586728151326198e-01,-4.839467333156066142e-01,1.790869561420086187e-01,-1.361828056181029756e-01,3.134266881954316797e-01,-1.719430742109285537e-01,-3.157315981055075493e-01,1.000000000000000000e+00,-4.149696374130109056e-01
1.564424365896929514e-01,8.960608614171440278e-01,-3.741682501823366813e-01,-3.516595825362520047e-03,4.262777088318737140e-01,-7.032240699674717765e-01,3.370614441453549659e-02,3.726487922173585265e-01,3.754266876475299552e-01,6.168417283316091071e-01,-2.650074232578830680e-01,9.137118685546612440e-01,7.188989758170778455e-01,3.324553962311265765e-01,5.369891766575192460e-02,6.941229780581964492e-01,-8.005245898378572367e-01,-3.229311618756558477e-01,8.860470502410393578e-01,-1.013539931537460609e-01,-4.253794094073983234e-01,2.911830124045182711e-01,8.413319961816098091e-01,-2.323578315831496821e-01,-4.906303263832850758e-02,-7.505987163555521979e-01,4.976895315026860778e-01,-7.339871320649427044e-01,-8.707998483285575020e-01,-4.892645083101983539e-01,7.479521596823939245e-01,7.055572527076803269e-01,-4.671518615267575836e-01,7.977124344949451107e-01,-8.259754543439307151e-01,8.013050002426725937e-01,1.706410975736128433e-01,-4.149696374130109056e-01,1.000000000000000000e+00
