1.000000000000000000e+00,-8.877808073515830456e-02,4.581225299187999811e-01,5.490805404032029768e-01,4.914828926466422443e-01,-6.975584125839772165e-01,4.101026672046040322e-01,-4.092083991346467386e-01,6.817127158547110488e-01,7.050027815267096987e-01,3.604318404072032744e-01,2.189856624633992610e-01,1.119129562453649307e-01,4.040873889220479298e-01,7.173796822278832863e-01,7.655020117002548918e-01,5.177024750700786465e-02,5.446971316456762358e-01,3.960071798689545064e-01,5.550152555719257697e-01,4.329063821392312716e-01,-9.358090834412965964e-02,3.337989715094945020e-01,-3.287788603079312422e-01,-9.880944034256576580e-02,6.560406929071208593e-01,-4.744694034873465083e-01,6.885904994824012526e-01,7.316182707551021069e-01,7.921923510196247076e-01,-1.279112083297361535e-01,-4.641151796842052368e-01,3.843891885875929115e-01,4.427841181151827010e-01,-9.337863656718969202e-03,5.734495670485166841e-01,-5.713368029350801569e-01,7.440065962643187536e-01,3.994914294492075690e-01
-8.877808073515830456e-02,1.000000000000000000e+00,-2.894658456527535173e-01,-3.432877206674230797e-01,9.057886727073372057e-02,1.301150166393106322e-01,-3.240833399233501444e-01,2.863220924685748736e-01,-8.182681250425970221e-02,3.111105305332989013e-01,-4.384341936958928154e-01,3.621291619704842257e-01,-1.752407933417459707e-01,7.960811770818300437e-02,-4.247013309464370279e-01,5.149642077646999355e-02,-2.674449302181613475e-01,-3.247246818400253421e-01,-1.516133058807438982e-01,-2.288931487286098021e-01,-4.466267463220255918e-01,1.267902721200855898e-01,1.548388504252856401e-01,2.566873627172350791e-01,4.112864503018631712e-01,-5.449526055046381989e-01,3.289164261712307358e-01,-5.243800118817024680e-01,-4.193361334867159451e-01,1.221530961083893384e-02,3.059472112662325327e-01,5.014887074828927593e-01,-3.013536625246865941e-01,-5.563656092362949911e-03,-3.373148409906694956e-01,1.025316940326393839e-01,3.688195444211898599e-01,-3.925323513098435968e-01,4.735398041443897310e-01
4.581225299187999811e-01,-2.894658456527535173e-01,1.000000000000000000e+00,7.463289173762879258e-01,4.484703363496231332e-01,-3.630213060890847276e-01,4.133410725176872580e-01,-9.405921445675141657e-01,5.351741168476475963e-01,3.795005889284645550e-01,4.048264011412103791e-01,2.975014399138685151e-01,1.879195151508556150e-01,2.403274972305156354e-01,6.966877261550897815e-01,5.163839574855942915e-01,-1.472512180504809698e-01,7.401235385599814753e-01,7.129452858799240067e-01,3.364471899752451423e-01,7.727640614978449340e-01,2.242587244996293028e-01,9.020177221614038288e-02,-1.219994216008595533e-01,-2.227069045051842666e-01,6.323961084140521383e-01,-7.726440596795576543e-02,6.443400477744593013e-01,5.191456087673292918e-01,4.881259846886306097e-01,1.536935080762902583e-01,-2.964506893860919257e-01,7.323774245574612429e-01,6.411971031823550105e-01,4.119330399435398027e-01,5.655027631911599961e-01,-1.673045775302645644e-01,4.791250092700005681e-01,1.664771586067755049e-01
5.490805404032029768e-01,-3.432877206674230797e-01,7.463289173762879258e-01,1.000000000000000000e+00,3.493033904652916299e-01,-6.222488693645181757e-01,3.674697909558137798e-01,-7.269396511214274437e-01,5.915805405971548137e-01,4.115416908358605630e-01,3.109399474297411814e-01,3.410637076204814933e-01,2.357360912103478034e-01,1.926805969251138007e-01,7.157239254271574591e-01,5.135249635842807914e-01,6.118705396574442013e-02,7.293912372561932589e-01,7.082448414168988071e-01,6.039424829579951304e-01,7.741455625081076208e-01,1.795476740625493728e-01,1.115170174960364163e-01,-3.880249122356874691e-01,-2.381073208944856356e-01,6.618304684708010699e-01,-1.752385309379020095e-01,6.967992131442657389e-01,5.721309892029144972e-01,5.903233548470954162e-01,-8.184354035282187523e-02,-3.800267573867801008e-01,6.402677086300653242e-01,4.542723013437299229e-01,2.010437253597254226e-01,5.813042051366306140e-01,-3.390837983702567060e-01,5.881570609334297872e-01,1.991746742845153795e-01
4.914828926466422443e-01,9.057886727073372057e-02,4.484703363496231332e-01,3.493033904652916299e-01,1.000000000000000000e+00,-3.201434503201018855e-01,3.052026005813117671e-01,-4.198925830898062039e-01,6.050367781013035184e-01,5.321128324112844865e-01,3.077009231726087757e-01,2.419773464838610166e-01,2.020714661305796633e-01,4.684540201282816896e-01,3.164267800897612726e-01,5.634407348869178156e-01,1.785586662531028421e-02,4.397719225534781340e-01,4.007739531101849884e-01,1.365081920682557348e-01,1.583278030929207159e-01,-1.202854776022590361e-01,3.200469219033558188e-01,2.008180935023931926e-02,3.230449222411582721e-02,3.478609716100905525e-01,-6.364131613961560713e-03,3.117167379482330691e-01,3.186649551825935789e-01,4.348261728553933780e-01,1.847087524085639643e-01,-1.367236810294913119e-01,1.977771009856746642e-01,6.318291985043041903e-01,-7.662503805904502530e-02,4.198113345397618823e-01,-3.082169965308304560e-01,4.088451993343439894e-01,5.218981145280799927e-01
-6.975584125839772165e-01,1.301150166393106322e-01,-3.630213060890847276e-01,-6.222488693645181757e-01,-3.201434503201018855e-01,1.000000000000000000e+00,-1.757119592693721088e-01,3.193425910107197119e-01,-5.427249728923054795e-01,-5.471162901821723379e-01,-1.498815395602287326e-01,-3.912858372087439918e-01,-1.852913260558444464e-01,-2.125638949338196360e-01,-6.790904973132673161e-01,-5.886961045202661058e-01,-1.474710527710314245e-01,-4.953729577511606919e-01,-4.629782743499887832e-01,-6.637548125192983539e-01,-4.292936045030039671e-01,6.866502152726698671e-02,-4.615821895553946091e-02,6.407116508186705417e-01,3.240610732831276097e-01,-4.658935662767457186e-01,4.232851213182436401e-01,-6.309659382805120620e-01,-4.978164094612925750e-01,-5.979716146089122386e-01,1.497721334522448822e-01,4.412563076685427910e-01,-3.004290475274737915e-01,-3.611913997314808444e-01,2.867432109099691262e-01,-6.140176010087343705e-01,6.000258068096683273e-01,-6.219664157183443232e-01,-3.082612010384935264e-01
4.101026672046040322e-01,-3.240833399233501444e-01,4.133410725176872580e-01,3.674697909558137798e-01,3.052026005813117671e-01,-1.757119592693721088e-01,1.000000000000000000e+00,-3.994753376553430990e-01,3.777919189659535437e-01,2.344306137069091800e-01,5.845757000679981941e-01,-3.354578820655493843e-01,2.213808751641399286e-01,2.367964293186274605e-01,3.377986706226498992e-01,3.762470207547211065e-01,1.491744358987758812e-01,3.342681894406872023e-01,1.430090171424725498e-01,1.513877773711148622e-01,3.468783570058138754e-01,-8.210632446515341021e-02,3.244525194230042375e-01,7.828657994384484453e-02,2.051244544252811899e-02,6.184177581447317662e-01,-2.345457851350376821e-01,5.407968059613046385e-01,4.980681935167754482e-01,3.806558427660455823e-01,-2.223925859237710356e-01,-2.887202212859771855e-01,3.133767253806166164e-01,1.104307925040182020e-01,3.382698078246026419e-01,1.592910013062310282e-01,-3.272424903332668555e-01,5.023376414553861746e-01,3.550720268623751980e-02
-4.092083991346467386e-01,2.863220924685748736e-01,-9.405921445675141657e-01,-7.269396511214274437e-01,-4.198925830898062039e-01,3.193425910107197119e-01,-3.994753376553430990e-01,1.000000000000000000e+00,-5.026246483055276659e-01,-3.410482575752594170e-01,-3.909767429634494751e-01,-2.851504135410003471e-01,-1.777091113097300779e-01,-2.273383297328822050e-01,-6.641590225358134925e-01,-4.780881807334687594e-01,1.615937520988442455e-01,-7.133183951343321505e-01,-6.999679687592887944e-01,-3.063608339678688397e-01,-7.698827231214776523e-01,-2.508854426401541104e-01,-7.034776617060882475e-02,8.832996328721957890e-02,2.212433467340601534e-01,-6.081550062939677925e-01,3.092651015965812086e-02,-6.157691081906687680e-01,-4.809606769860642617e-01,-4.454014694821292197e-01,-1.755853106358591376e-01,2.633187572654048236e-01,-7.333586316866077537e-01,-6.224195840417732217e-01,-4.354362429775927024e-01,-5.390014543031695915e-01,1.224648509771796984e-01,-4.386273151263521131e-01,-1.417130702712640633e-01
6.817127158547110488e-01,-8.182681250425970221e-02,5.351741168476475963e-01,5.915805405971548137e-01,6.050367781013035184e-01,-5.427249728923054795e-01,3.777919189659535437e-01,-5.026246483055276659e-01,1.000000000000000000e+00,6.720746761080458320e-01,3.732372618158283917e-01,2.360221883809366372e-01,1.308853605977805257e-01,5.469996956065157345e-01,5.848046880177983908e-01,7.228369551294777651e-01,1.025769494216487443e-01,5.696683202647557787e-01,4.899655403607810489e-01,5.073977093014835349e-01,4.785432948111061902e-01,-7.266433908483402315e-03,4.494162406987838865e-01,-8.518877507056768494e-02,5.729156187542046308e-02,6.583045976470282001e-01,-1.122315325032234995e-01,6.404728076164807327e-01,6.142096634759394158e-01,7.209726092088416527e-01,-1.294171737094297059e-01,-1.829090151603561254e-01,4.869830694497433998e-01,4.548102007245792278e-01,1.406033125605568590e-01,6.000329145557107280e-01,-3.066694499526089190e-01,7.363080364327579952e-01,6.524323975673324005e-01
7.050027815267096987e-01,3.111105305332989013e-01,3.795005889284645550e-01,4.115416908358605630e-01,5.321128324112844865e-01,-5.471162901821723379e-01,2.344306137069091800e-01,-3.410482575752594170e-01,6.720746761080458320e-01,1.000000000000000000e+00,8.459970730419059948e-02,4.097764972349947077e-01,1.191801923945411956e-01,4.143580906995478208e-01,4.164947932805838637e-01,8.491802106784135384e-01,-1.527017780886602838e-01,3.952714688627371187e-01,4.051675368117135245e-01,3.742875335141443993e-01,2.478766387229464352e-01,5.141865515787072405e-02,4.671083830507355428e-01,-9.037770698751264320e-02,1.973305596463627021e-01,3.399758021070619085e-01,-2.168715240665890220e-01,4.130503765168032637e-01,4.231033934768400617e-01,7.579222249296566627e-01,1.254968481029291594e-01,-1.428095464930609626e-01,2.869480895896275308e-01,4.301680265238848055e-01,-7.256318785147143624e-02,6.674778604818772942e-01,-2.410586925311352102e-01,4.553857298570661571e-01,6.080071921681482472e-01
3.604318404072032744e-01,-4.384341936958928154e-01,4.048264011412103791e-01,3.109399474297411814e-01,3.077009231726087757e-01,-1.498815395602287326e-01,5.845757000679981941e-01,-3.909767429634494751e-01,3.732372618158283917e-01,8.459970730419059948e-02,1.000000000000000000e+00,-2.147819312469212982e-01,2.484175241565847736e-01,2.326376280658507822e-01,4.667218662191437439e-01,2.948273779867071065e-01,1.672121958264335684e-01,4.571676108712826037e-01,2.433339931488304186e-01,1.574766614355261329e-01,2.810744466350448834e-01,-1.858523771209812971e-03,1.676824203507984723e-01,-7.495113137930695113e-02,-1.870962901622355012e-01,5.308118429989414633e-01,-2.958161484817729558e-01,5.070198853882033063e-01,4.694010570371554003e-01,2.882412924129364451e-01,-1.673581550008516605e-01,-2.666641612742250977e-01,2.136574995969399149e-01,2.864324303439522157e-01,2.250604956541434609e-01,2.049210690679390268e-01,-4.020698690326595659e-01,5.190401697908372247e-01,5.074948894714223502e-02
2.189856624633992610e-01,3.621291619704842257e-01,2.975014399138685151e-01,3.410637076204814933e-01,2.419773464838610166e-01,-3.912858372087439918e-01,-3.354578820655493843e-01,-2.851504135410003471e-01,2.360221883809366372e-01,4.097764972349947077e-01,-2.147819312469212982e-01,1.000000000000000000e+00,5.955345986164489736e-02,-7.935718684380371757e-02,3.210892669599972327e-01,2.945561311618631328e-01,-4.317728069469764507e-01,4.823272281192154121e-01,6.514612261969942031e-01,1.338345813105920323e-01,1.475861698180081227e-01,3.206668115224129423e-01,-1.556862223125961842e-01,-3.725366661605576390e-01,-2.175781589571966768e-01,-1.624621994729575081e-01,-6.731240821243011929e-02,-3.942828116858990845e-02,-3.768909597803494355e-02,3.404746595385053087e-01,3.474169683933968633e-01,-4.042646564288686351e-02,8.074521019911772013e-02,6.131752504258912717e-01,-2.708572751470650353e-01,5.857155031908530818e-01,-4.038902048215973345e-02,-6.173768567274440233e-02,3.722917238342549062e-01
1.119129562453649307e-01,-1.752407933417459707e-01,1.879195151508556150e-01,2.357360912103478034e-01,2.020714661305796633e-01,-1.852913260558444464e-01,2.213808751641399286e-01,-1.777091113097300779e-01,1.308853605977805257e-01,1.191801923945411956e-01,2.484175241565847736e-01,5.955345986164489736e-02,1.000000000000000000e+00,-7.809042705248699090e-02,2.097046476448139185e-01,1.917512102954401498e-01,-2.115252880399401750e-02,2.782150889796931037e-01,2.766838637396519807e-01,1.987107595235158841e-01,8.286417258500246297e-02,1.573114421254257211e-01,6.272426241928124452e-03,-2.560955783886781356e-01,-1.796529158191016162e-01,8.654399398804353549e-02,-2.559543802665505408e-01,2.212255441310848891e-01,3.593540911452022119e-02,5.272328148758317901e-02,1.588097526197480291e-01,-2.819507115625858318e-01,-4.412252442254639695e-02,2.401219246199043644e-01,-2.323293616329389633e-01,1.237946102041534852e-01,-3.505605946884260415e-01,1.010134042885812572e-01,-8.015756382335824382e-02
4.040873889220479298e-01,7.960811770818300437e-02,2.403274972305156354e-01,1.926805969251138007e-01,4.684540201282816896e-01,-2.125638949338196360e-01,2.367964293186274605e-01,-2.273383297328822050e-01,5.469996956065157345e-01,4.143580906995478208e-01,2.326376280658507822e-01,-7.935718684380371757e-02,-7.809042705248699090e-02,1.000000000000000000e+00,2.093323656224067297e-01,3.693433521586997892e-01,2.590017980146189780e-01,8.440809843418728420e-02,3.300298141378799066e-02,3.227591311565132237e-01,1.775357370500960930e-01,-1.511769431464774216e-01,3.770175461061608946e-01,2.453403820722002415e-01,1.979750053778283614e-01,4.267539368564201019e-01,1.177546377062917565e-01,3.683114401942833571e-01,4.438190856035479359e-01,3.953728876001773584e-01,-3.031209799504305108e-02,1.249320346162546558e-01,3.280551024261423310e-01,1.113020792441292428e-01,1.747075824123477950e-01,2.218637670008555829e-01,-2.983662625805571025e-02,4.923074060144246311e-01,4.902397279838219823e-01
7.173796822278832863e-01,-4.247013309464370279e-01,6.966877261550897815e-01,7.157239254271574591e-01,3.164267800897612726e-01,-6.790904973132673161e-01,3.377986706226498992e-01,-6.641590225358134925e-01,5.848046880177983908e-01,4.164947932805838637e-01,4.667218662191437439e-01,3.210892669599972327e-01,2.097046476448139185e-01,2.093323656224067297e-01,1.000000000000000000e+00,5.734958619894259257e-01,-2.310091550299533600e-03,7.901628009848710166e-01,6.539756376374541436e-01,6.036411558107993569e-01,6.853007166357212299e-01,8.869010794445277013e-02,3.944034360865280447e-02,-4.817398992125024315e-01,-4.264319200785735564e-01,7.156067562291499318e-01,-5.064890812622948602e-01,7.845021256360601436e-01,7.094427030294996328e-01,6.317697319040934678e-01,-1.053472550281803199e-01,-5.602114958930745070e-01,5.362733719009394884e-01,5.947378031855368175e-01,1.319288551860899328e-01,5.907325293015174283e-01,-5.628991918056007737e-01,7.288913887697177074e-01,1.623388534644500947e-01
7.655020117002548918e-01,5.149642077646999355e-02,5.163839574855942915e-01,5.135249635842807914e-01,5.634407348869178156e-01,-5.886961045202661058e-01,3.762470207547211065e-01,-4.780881807334687594e-01,7.228369551294777651e-01,8.491802106784135384e-01,2.948273779867071065e-01,2.945561311618631328e-01,1.917512102954401498e-01,3.693433521586997892e-01,5.734958619894259257e-01,1.000000000000000000e+00,-1.043828330853546066e-01,5.222524426975193590e-01,4.734247643430260499e-01,4.074513619001561282e-01,3.905334694514281946e-01,1.616634926258168903e-02,4.854995987195694918e-01,-1.674405331941332953e-01,8.487958916109544782e-02,5.214194305861028500e-01,-2.911007778399266055e-01,5.787938099883517262e-01,5.415167602337475072e-01,7.672174297142473343e-01,3.698103204636209868e-02,-3.206444618134259850e-01,3.870760109437170748e-01,4.955059398419155992e-01,4.260829453690186119e-02,6.998759028792743697e-01,-3.909990274625456119e-01,5.905781012466773117e-01,4.516201596269644458e-01
5.177024750700786465e-02,-2.674449302181613475e-01,-1.472512180504809698e-01,6.118705396574442013e-02,1.785586662531028421e-02,-1.474710527710314245e-01,1.491744358987758812e-01,1.615937520988442455e-01,1.025769494216487443e-01,-1.527017780886602838e-01,1.672121958264335684e-01,-4.317728069469764507e-01,-2.115252880399401750e-02,2.590017980146189780e-01,-2.310091550299533600e-03,-1.043828330853546066e-01,1.000000000000000000e+00,-1.790852209984155619e-01,-2.864407633067241887e-01,3.004655345941764644e-01,6.836907003367134750e-02,-2.438242020645764452e-01,-9.324573096639867179e-03,-7.846645759305642676e-02,-1.778166327754081635e-02,2.561382889447247901e-01,6.643840056697229712e-02,2.461549447743983932e-01,2.930222541014375626e-01,-1.091497707978430522e-02,-4.571944281190249981e-01,7.682632093805109863e-02,4.863359612934348847e-02,-3.729073708283742739e-01,-3.172828482518354892e-02,-1.346977278994106741e-01,-1.001999279152947370e-01,3.244671289801076552e-01,3.111376798261259596e-02
5.446971316456762358e-01,-3.247246818400253421e-01,7.401235385599814753e-01,7.293912372561932589e-01,4.397719225534781340e-01,-4.953729577511606919e-01,3.342681894406872023e-01,-7.133183951343321505e-01,5.696683202647557787e-01,3.952714688627371187e-01,4.571676108712826037e-01,4.823272281192154121e-01,2.782150889796931037e-01,8.440809843418728420e-02,7.901628009848710166e-01,5.222524426975193590e-01,-1.790852209984155619e-01,1.000000000000000000e+00,8.527335464016700950e-01,3.791341428069487374e-01,5.962805806151763033e-01,2.663640094025022664e-01,3.938044416607384968e-02,-3.796361352151342294e-01,-3.806449237179491130e-01,5.590870758644715943e-01,-4.044616830188631496e-01,5.794442939216606359e-01,5.238326215719649737e-01,5.769410019320175831e-01,4.669110459419594655e-02,-4.905959589950514843e-01,4.377006263344450643e-01,7.556570931401392910e-01,1.545506500824971319e-01,6.069658196426560570e-01,-4.373875255797291528e-01,5.162172931287609678e-01,2.100451294118006185e-01
3.960071798689545064e-01,-1.516133058807438982e-01,7.129452858799240067e-01,7.082448414168988071e-01,4.007739531101849884e-01,-4.629782743499887832e-01,1.430090171424725498e-01,-6.999679687592887944e-01,4.899655403607810489e-01,4.051675368117135245e-01,2.433339931488304186e-01,6.514612261969942031e-01,2.766838637396519807e-01,3.300298141378799066e-02,6.539756376374541436e-01,4.734247643430260499e-01,-2.864407633067241887e-01,8.527335464016700950e-01,1.000000000000000000e+00,3.072924552956920463e-01,5.351448386956170200e-01,3.813242626667117663e-01,-3.706364996463636097e-02,-3.671608334659335893e-01,-3.034802967352365211e-01,3.427555501524076065e-01,-1.933337752688757682e-01,4.237790321525046200e-01,3.313655863222255693e-01,5.147686943966209849e-01,1.885322465530319958e-01,-3.163280190870995101e-01,4.204941268051975434e-01,7.441890241740213296e-01,8.754891530024502821e-02,6.681302320570454700e-01,-2.510889961850503727e-01,2.953993106359726895e-01,2.183192238518196215e-01
5.550152555719257697e-01,-2.288931487286098021e-01,3.364471899752451423e-01,6.039424829579951304e-01,1.365081920682557348e-01,-6.637548125192983539e-01,1.513877773711148622e-01,-3.063608339678688397e-01,5.073977093014835349e-01,3.742875335141443993e-01,1.574766614355261329e-01,1.338345813105920323e-01,1.987107595235158841e-01,3.227591311565132237e-01,6.036411558107993569e-01,4.074513619001561282e-01,3.004655345941764644e-01,3.791341428069487374e-01,3.072924552956920463e-01,1.000000000000000000e+00,5.724056865739584055e-01,9.875620934916126692e-02,1.499838038350207181e-01,-3.918831352752596420e-01,-1.546227441981770090e-01,5.661265309627292464e-01,-2.701677158816129243e-01,6.740728817094653325e-01,6.154277147330557973e-01,5.080137505266999476e-01,-2.767990147168044035e-01,-2.723158606592584463e-01,4.868106469784096446e-01,1.046142759294488578e-01,1.541638433660457753e-02,3.713388988811575642e-01,-3.502667875220746851e-01,6.486842007790185605e-01,2.498799426451109307e-01
4.329063821392312716e-01,-4.466267463220255918e-01,7.727640614978449340e-01,7.741455625081076208e-01,1.583278030929207159e-01,-4.292936045030039671e-01,3.468783570058138754e-01,-7.698827231214776523e-01,4.785432948111061902e-01,2.478766387229464352e-01,2.810744466350448834e-01,1.475861698180081227e-01,8.286417258500246297e-02,1.775357370500960930e-01,6.853007166357212299e-01,3.905334694514281946e-01,6.836907003367134750e-02,5.962805806151763033e-01,5.351448386956170200e-01,5.724056865739584055e-01,1.000000000000000000e+00,2.365510662669246811e-01,7.973585872019728349e-02,-2.097804949460337631e-01,-1.862514771205594777e-01,7.109479976582180338e-01,-9.740091770488963629e-02,7.305213691059952996e-01,6.382260254197640315e-01,4.581082591825939021e-01,-8.518300541352490096e-02,-3.017952179323118433e-01,8.424036736757138932e-01,3.181903221384048130e-01,4.851882159391337490e-01,4.412790169602873735e-01,-1.363073332018875372e-01,5.631054792609956339e-01,4.889461755483377053e-02
-9.358090834412965964e-02,1.267902721200855898e-01,2.242587244996293028e-01,1.795476740625493728e-01,-1.202854776022590361e-01,6.866502152726698671e-02,-8.210632446515341021e-02,-2.508854426401541104e-01,-7.266433908483402315e-03,5.141865515787072405e-02,-1.858523771209812971e-03,3.206668115224129423e-01,1.573114421254257211e-01,-1.511769431464774216e-01,8.869010794445277013e-02,1.616634926258168903e-02,-2.438242020645764452e-01,2.663640094025022664e-01,3.813242626667117663e-01,9.875620934916126692e-02,2.365510662669246811e-01,1.000000000000000000e+00,-3.796388619815177501e-02,3.829187620175245055e-02,1.573508567792137464e-02,-1.044055800962943453e-01,7.698482041633390727e-02,-4.040224893793573774e-02,-4.240251133936191741e-02,1.149982397859435485e-01,2.025924118439829114e-01,1.403803360070642881e-01,1.845267296565883119e-01,2.118857836716992182e-01,1.782821559806448408e-01,2.222087797501354767e-01,2.524746943644514130e-01,-1.753685476677064314e-01,5.300639788319013584e-03
3.337989715094945020e-01,1.548388504252856401e-01,9.020177221614038288e-02,1.115170174960364163e-01,3.200469219033558188e-01,-4.615821895553946091e-02,3.244525194230042375e-01,-7.034776617060882475e-02,4.494162406987838865e-01,4.671083830507355428e-01,1.676824203507984723e-01,-1.556862223125961842e-01,6.272426241928124452e-03,3.770175461061608946e-01,3.944034360865280447e-02,4.854995987195694918e-01,-9.324573096639867179e-03,3.938044416607384968e-02,-3.706364996463636097e-02,1.499838038350207181e-01,7.973585872019728349e-02,-3.796388619815177501e-02,1.000000000000000000e+00,3.834175281201970265e-01,6.519858149387253166e-01,3.080419103846707141e-01,1.881203098512206073e-02,1.930224505519824441e-01,2.919698837554700610e-01,4.400816400909477455e-01,-5.880005694884871820e-02,1.541009424604925133e-02,1.674863086177906524e-01,1.127999356252183845e-02,2.082773377525675429e-01,2.177961137144708015e-01,-2.819000267906987198e-02,3.486945316387455862e-01,3.506897690747278196e-01
-3.287788603079312422e-01,2.566873627172350791e-01,-1.219994216008595533e-01,-3.880249122356874691e-01,2.008180935023931926e-02,6.407116508186705417e-01,7.828657994384484453e-02,8.832996328721957890e-02,-8.518877507056768494e-02,-9.037770698751264320e-02,-7.495113137930695113e-02,-3.725366661605576390e-01,-2.560955783886781356e-01,2.453403820722002415e-01,-4.817398992125024315e-01,-1.674405331941332953e-01,-7.846645759305642676e-02,-3.796361352151342294e-01,-3.671608334659335893e-01,-3.918831352752596420e-01,-2.097804949460337631e-01,3.829187620175245055e-02,3.834175281201970265e-01,1.000000000000000000e+00,5.597908347648862248e-01,-1.206338323205051744e-01,4.865832552959744040e-01,-3.065292972924658077e-01,-1.894706428088413774e-01,-2.274683423556361772e-01,1.351880251376718356e-01,4.723363336672002366e-01,-8.210248156896018598e-03,-2.229879673077699020e-01,4.194372004203845705e-01,-3.661863373420976564e-01,5.438047378668737775e-01,-2.635094444307690131e-01,9.020822042064548241e-02
-9.880944034256576580e-02,4.112864503018631712e-01,-2.227069045051842666e-01,-2.381073208944856356e-01,3.230449222411582721e-02,3.240610732831276097e-01,2.051244544252811899e-02,2.212433467340601534e-01,5.729156187542046308e-02,1.973305596463627021e-01,-1.870962901622355012e-01,-2.175781589571966768e-01,-1.796529158191016162e-01,1.979750053778283614e-01,-4.264319200785735564e-01,8.487958916109544782e-02,-1.778166327754081635e-02,-3.806449237179491130e-01,-3.034802967352365211e-01,-1.546227441981770090e-01,-1.862514771205594777e-01,1.573508567792137464e-02,6.519858149387253166e-01,5.597908347648862248e-01,1.000000000000000000e+00,-1.451242682689883046e-01,3.466035861498164006e-01,-2.490661732109169246e-01,-8.545440187697216083e-02,1.306935266418431107e-01,5.006909639174880050e-02,4.416240681585602013e-01,1.569617379173436633e-02,-2.928911164318686033e-01,2.224104499105548638e-01,-4.812659287952872345e-02,4.563779120456635252e-01,-1.125735068526626803e-01,2.471091881623143638e-01
6.560406929071208593e-01,-5.449526055046381989e-01,6.323961084140521383e-01,6.618304684708010699e-01,3.478609716100905525e-01,-4.658935662767457186e-01,6.184177581447317662e-01,-6.081550062939677925e-01,6.583045976470282001e-01,3.399758021070619085e-01,5.308118429989414633e-01,-1.624621994729575081e-01,8.654399398804353549e-02,4.267539368564201019e-01,7.156067562291499318e-01,5.214194305861028500e-01,2.561382889447247901e-01,5.590870758644715943e-01,3.427555501524076065e-01,5.661265309627292464e-01,7.109479976582180338e-01,-1.044055800962943453e-01,3.080419103846707141e-01,-1.206338323205051744e-01,-1.451242682689883046e-01,1.000000000000000000e+00,-2.756702231969973549e-01,8.505321975117123845e-01,8.105658633144644520e-01,5.640612279751365810e-01,-2.670298488843661500e-01,-4.317779629550047571e-01,6.573321968475092092e-01,2.666849550089482324e-01,4.421574477328410469e-01,3.201386957632254560e-01,-4.339602601441681640e-01,8.372685853933860001e-01,1.498908531717453307e-01
-4.744694034873465083e-01,3.289164261712307358e-01,-7.726440596795576543e-02,-1.752385309379020095e-01,-6.364131613961560713e-03,4.232851213182436401e-01,-2.345457851350376821e-01,3.092651015965812086e-02,-1.122315325032234995e-01,-2.168715240665890220e-01,-2.958161484817729558e-01,-6.731240821243011929e-02,-2.559543802665505408e-01,1.177546377062917565e-01,-5.064890812622948602e-01,-2.911007778399266055e-01,6.643840056697229712e-02,-4.044616830188631496e-01,-1.933337752688757682e-01,-2.701677158816129243e-01,-9.740091770488963629e-02,7.698482041633390727e-02,1.881203098512206073e-02,4.865832552959744040e-01,3.466035861498164006e-01,-2.756702231969973549e-01,1.000000000000000000e+00,-3.817521415605896751e-01,-3.577013428289055885e-01,-3.020115126453786769e-01,1.364720823615349354e-01,7.002693559278414526e-01,1.002766553418947409e-01,-2.567991058999567477e-01,2.320553575130046287e-01,-2.188902613233149053e-01,7.028198342256415376e-01,-3.882008492213090967e-01,1.290179647407003749e-01
6.885904994824012526e-01,-5.243800118817024680e-01,6.443400477744593013e-01,6.967992131442657389e-01,3.117167379482330691e-01,-6.309659382805120620e-01,5.407968059613046385e-01,-6.157691081906687680e-01,6.404728076164807327e-01,4.130503765168032637e-01,5.070198853882033063e-01,-3.942828116858990845e-02,2.212255441310848891e-01,3.683114401942833571e-01,7.845021256360601436e-01,5.787938099883517262e-01,2.461549447743983932e-01,5.794442939216606359e-01,4.237790321525046200e-01,6.740728817094653325e-01,7.305213691059952996e-01,-4.040224893793573774e-02,1.930224505519824441e-01,-3.065292972924658077e-01,-2.490661732109169246e-01,8.505321975117123845e-01,-3.817521415605896751e-01,1.000000000000000000e+00,7.922517140877870512e-01,6.008950403680698438e-01,-2.330455835680133869e-01,-4.790368229309605042e-01,6.589617305407554637e-01,2.859724954800803576e-01,2.791684527480826628e-01,4.588289958997746609e-01,-4.908099767163983662e-01,8.158214887724366537e-01,1.477557347798010290e-01
7.316182707551021069e-01,-4.193361334867159451e-01,5.191456087673292918e-01,5.721309892029144972e-01,3.186649551825935789e-01,-4.978164094612925750e-01,4.980681935167754482e-01,-4.809606769860642617e-01,6.142096634759394158e-01,4.231033934768400617e-01,4.694010570371554003e-01,-3.768909597803494355e-02,3.593540911452022119e-02,4.438190856035479359e-01,7.094427030294996328e-01,5.415167602337475072e-01,2.930222541014375626e-01,5.238326215719649737e-01,3.313655863222255693e-01,6.154277147330557973e-01,6.382260254197640315e-01,-4.240251133936191741e-02,2.919698837554700610e-01,-1.894706428088413774e-01,-8.545440187697216083e-02,8.105658633144644520e-01,-3.577013428289055885e-01,7.922517140877870512e-01,1.000000000000000000e+00,6.695731637729156471e-01,-2.802419109780381334e-01,-3.885315542161701940e-01,6.012833381558069235e-01,2.314153771140524118e-01,3.803823016500536558e-01,4.007562267398218081e-01,-3.908124843087369960e-01,7.841510881625107787e-01,2.068220262834729595e-01
7.921923510196247076e-01,1.221530961083893384e-02,4.881259846886306097e-01,5.903233548470954162e-01,4.348261728553933780e-01,-5.979716146089122386e-01,3.806558427660455823e-01,-4.454014694821292197e-01,7.209726092088416527e-01,7.579222249296566627e-01,2.882412924129364451e-01,3.404746595385053087e-01,5.272328148758317901e-02,3.953728876001773584e-01,6.317697319040934678e-01,7.672174297142473343e-01,-1.091497707978430522e-02,5.769410019320175831e-01,5.147686943966209849e-01,5.080137505266999476e-01,4.581082591825939021e-01,1.149982397859435485e-01,4.400816400909477455e-01,-2.274683423556361772e-01,1.306935266418431107e-01,5.640612279751365810e-01,-3.020115126453786769e-01,6.008950403680698438e-01,6.695731637729156471e-01,1.000000000000000000e+00,-9.124046264103245762e-02,-2.506767542728185472e-01,4.586519817316653813e-01,4.135284104027482921e-01,1.515245296499296568e-01,7.042157398000108426e-01,-2.911513634906130465e-01,6.444800636977096042e-01,4.888448083839263547e-01
-1.279112083297361535e-01,3.059472112662325327e-01,1.536935080762902583e-01,-8.184354035282187523e-02,1.847087524085639643e-01,1.497721334522448822e-01,-2.223925859237710356e-01,-1.755853106358591376e-01,-1.294171737094297059e-01,1.254968481029291594e-01,-1.673581550008516605e-01,3.474169683933968633e-01,1.588097526197480291e-01,-3.031209799504305108e-02,-1.053472550281803199e-01,3.698103204636209868e-02,-4.571944281190249981e-01,4.669110459419594655e-02,1.885322465530319958e-01,-2.767990147168044035e-01,-8.518300541352490096e-02,2.025924118439829114e-01,-5.880005694884871820e-02,1.351880251376718356e-01,5.006909639174880050e-02,-2.670298488843661500e-01,1.364720823615349354e-01,-2.330455835680133869e-01,-2.802419109780381334e-01,-9.124046264103245762e-02,1.000000000000000000e+00,1.824428481389658019e-01,3.864115346654361377e-02,3.250100525261432338e-01,5.132229370606093688e-02,1.239832944338748189e-01,2.280420359686048670e-01,-3.300778913670142090e-01,4.544061598988458767e-02
-4.641151796842052368e-01,5.014887074828927593e-01,-2.964506893860919257e-01,-3.800267573867801008e-01,-1.367236810294913119e-01,4.412563076685427910e-01,-2.887202212859771855e-01,2.633187572654048236e-01,-1.829090151603561254e-01,-1.428095464930609626e-01,-2.666641612742250977e-01,-4.042646564288686351e-02,-2.819507115625858318e-01,1.249320346162546558e-01,-5.602114958930745070e-01,-3.206444618134259850e-01,7.682632093805109863e-02,-4.905959589950514843e-01,-3.163280190870995101e-01,-2.723158606592584463e-01,-3.017952179323118433e-01,1.403803360070642881e-01,1.541009424604925133e-02,4.723363336672002366e-01,4.416240681585602013e-01,-4.317779629550047571e-01,7.002693559278414526e-01,-4.790368229309605042e-01,-3.885315542161701940e-01,-2.506767542728185472e-01,1.824428481389658019e-01,1.000000000000000000e+00,-6.471053794444520113e-02,-3.632154521708820250e-01,1.385352117193925925e-01,-1.869715546774929349e-01,7.531263491602701032e-01,-4.183590916707220497e-01,2.469203713482251150e-01
3.843891885875929115e-01,-3.013536625246865941e-01,7.323774245574612429e-01,6.402677086300653242e-01,1.977771009856746642e-01,-3.004290475274737915e-01,3.133767253806166164e-01,-7.333586316866077537e-01,4.869830694497433998e-01,2.869480895896275308e-01,2.136574995969399149e-01,8.074521019911772013e-02,-4.412252442254639695e-02,3.280551024261423310e-01,5.362733719009394884e-01,3.870760109437170748e-01,4.863359612934348847e-02,4.377006263344450643e-01,4.204941268051975434e-01,4.868106469784096446e-01,8.424036736757138932e-01,1.845267296565883119e-01,1.674863086177906524e-01,-8.210248156896018598e-03,1.569617379173436633e-02,6.573321968475092092e-01,1.002766553418947409e-01,6.589617305407554637e-01,6.012833381558069235e-01,4.586519817316653813e-01,3.864115346654361377e-02,-6.471053794444520113e-02,1.000000000000000000e+00,2.265847337812572637e-01,6.214276600040498089e-01,4.060400448063816170e-01,9.628520202823467877e-02,4.901875661338948031e-01,1.414770357745445406e-01
4.427841181151827010e-01,-5.563656092362949911e-03,6.411971031823550105e-01,4.542723013437299229e-01,6.318291985043041903e-01,-3.611913997314808444e-01,1.104307925040182020e-01,-6.224195840417732217e-01,4.548102007245792278e-01,4.301680265238848055e-01,2.864324303439522157e-01,6.131752504258912717e-01,2.401219246199043644e-01,1.113020792441292428e-01,5.947378031855368175e-01,4.955059398419155992e-01,-3.729073708283742739e-01,7.556570931401392910e-01,7.441890241740213296e-01,1.046142759294488578e-01,3.181903221384048130e-01,2.118857836716992182e-01,1.127999356252183845e-02,-2.229879673077699020e-01,-2.928911164318686033e-01,2.666849550089482324e-01,-2.567991058999567477e-01,2.859724954800803576e-01,2.314153771140524118e-01,4.135284104027482921e-01,3.250100525261432338e-01,-3.632154521708820250e-01,2.265847337812572637e-01,1.000000000000000000e+00,-6.531461754262612995e-02,5.698488052005815652e-01,-3.575828765132260112e-01,2.794150264983844001e-01,3.011882322285912572e-01
-9.337863656718969202e-03,-3.373148409906694956e-01,4.119330399435398027e-01,2.010437253597254226e-01,-7.662503805904502530e-02,2.867432109099691262e-01,3.382698078246026419e-01,-4.354362429775927024e-01,1.406033125605568590e-01,-7.256318785147143624e-02,2.250604956541434609e-01,-2.708572751470650353e-01,-2.323293616329389633e-01,1.747075824123477950e-01,1.319288551860899328e-01,4.260829453690186119e-02,-3.172828482518354892e-02,1.545506500824971319e-01,8.754891530024502821e-02,1.541638433660457753e-02,4.851882159391337490e-01,1.782821559806448408e-01,2.082773377525675429e-01,4.194372004203845705e-01,2.224104499105548638e-01,4.421574477328410469e-01,2.320553575130046287e-01,2.791684527480826628e-01,3.803823016500536558e-01,1.515245296499296568e-01,5.132229370606093688e-02,1.385352117193925925e-01,6.214276600040498089e-01,-6.531461754262612995e-02,1.000000000000000000e+00,-3.221762156557342327e-02,3.955595579745785351e-01,1.653564238956805321e-01,-1.228545411497327516e-01
5.734495670485166841e-01,1.025316940326393839e-01,5.655027631911599961e-01,5.813042051366306140e-01,4.198113345397618823e-01,-6.140176010087343705e-01,1.592910013062310282e-01,-5.390014543031695915e-01,6.000329145557107280e-01,6.674778604818772942e-01,2.049210690679390268e-01,5.857155031908530818e-01,1.237946102041534852e-01,2.218637670008555829e-01,5.907325293015174283e-01,6.998759028792743697e-01,-1.346977278994106741e-01,6.069658196426560570e-01,6.681302320570454700e-01,3.713388988811575642e-01,4.412790169602873735e-01,2.222087797501354767e-01,2.177961137144708015e-01,-3.661863373420976564e-01,-4.812659287952872345e-02,3.201386957632254560e-01,-2.188902613233149053e-01,4.588289958997746609e-01,4.007562267398218081e-01,7.042157398000108426e-01,1.239832944338748189e-01,-1.869715546774929349e-01,4.060400448063816170e-01,5.698488052005815652e-01,-3.221762156557342327e-02,1.000000000000000000e+00,-2.448615980132559378e-01,4.490046055667283875e-01,4.666078585718143601e-01
-5.713368029350801569e-01,3.688195444211898599e-01,-1.673045775302645644e-01,-3.390837983702567060e-01,-3.082169965308304560e-01,6.000258068096683273e-01,-3.272424903332668555e-01,1.224648509771796984e-01,-3.066694499526089190e-01,-2.410586925311352102e-01,-4.020698690326595659e-01,-4.038902048215973345e-02,-3.505605946884260415e-01,-2.983662625805571025e-02,-5.628991918056007737e-01,-3.909990274625456119e-01,-1.001999279152947370e-01,-4.373875255797291528e-01,-2.510889961850503727e-01,-3.502667875220746851e-01,-1.363073332018875372e-01,2.524746943644514130e-01,-2.819000267906987198e-02,5.438047378668737775e-01,4.563779120456635252e-01,-4.339602601441681640e-01,7.028198342256415376e-01,-4.908099767163983662e-01,-3.908124843087369960e-01,-2.911513634906130465e-01,2.280420359686048670e-01,7.531263491602701032e-01,9.628520202823467877e-02,-3.575828765132260112e-01,3.955595579745785351e-01,-2.448615980132559378e-01,1.000000000000000000e+00,-5.358269608913950321e-01,1.199207345850372350e-02
7.440065962643187536e-01,-3.925323513098435968e-01,4.791250092700005681e-01,5.881570609334297872e-01,4.088451993343439894e-01,-6.219664157183443232e-01,5.023376414553861746e-01,-4.386273151263521131e-01,7.363080364327579952e-01,4.553857298570661571e-01,5.190401697908372247e-01,-6.173768567274440233e-02,1.010134042885812572e-01,4.923074060144246311e-01,7.288913887697177074e-01,5.905781012466773117e-01,3.244671289801076552e-01,5.162172931287609678e-01,2.953993106359726895e-01,6.486842007790185605e-01,5.631054792609956339e-01,-1.753685476677064314e-01,3.486945316387455862e-01,-2.635094444307690131e-01,-1.125735068526626803e-01,8.372685853933860001e-01,-3.882008492213090967e-01,8.158214887724366537e-01,7.841510881625107787e-01,6.444800636977096042e-01,-3.300778913670142090e-01,-4.183590916707220497e-01,4.901875661338948031e-01,2.794150264983844001e-01,1.653564238956805321e-01,4.490046055667283875e-01,-5.358269608913950321e-01,1.000000000000000000e+00,3.638534949156002618e-01
3.994914294492075690e-01,4.735398041443897310e-01,1.664771586067755049e-01,1.991746742845153795e-01,5.218981145280799927e-01,-3.082612010384935264e-01,3.550720268623751980e-02,-1.417130702712640633e-01,6.524323975673324005e-01,6.080071921681482472e-01,5.074948894714223502e-02,3.722917238342549062e-01,-8.015756382335824382e-02,4.902397279838219823e-01,1.623388534644500947e-01,4.516201596269644458e-01,3.111376798261259596e-02,2.100451294118006185e-01,2.183192238518196215e-01,2.498799426451109307e-01,4.889461755483377053e-02,5.300639788319013584e-03,3.506897690747278196e-01,9.020822042064548241e-02,2.471091881623143638e-01,1.498908531717453307e-01,1.290179647407003749e-01,1.477557347798010290e-01,2.068220262834729595e-01,4.888448083839263547e-01,4.544061598988458767e-02,2.469203713482251150e-01,1.414770357745445406e-01,3.011882322285912572e-01,-1.228545411497327516e-01,4.666078585718143601e-01,1.199207345850372350e-02,3.638534949156002618e-01,1.000000000000000000e+00
