1.000000000000000000e+00,7.549643194794772860e-01,-2.624156210592629712e-01,5.239604280313618911e-01,7.179800686112611796e-01,-4.493848536299600155e-02,4.282322961618313384e-01,3.154379502641905253e-01,6.527192042968361640e-01,5.080759191575073830e-01,-3.274299695310924074e-02,-4.358900966039723213e-01,1.753890791323289011e-01,4.857595198380058599e-01,-5.069216663658633326e-01,5.786681731012919272e-01,-5.666436794070347366e-02,6.750308954819719265e-01,6.426237305368989183e-01,2.641971053597974572e-01,-5.275252698407928952e-03,2.894608361656401119e-01,5.287167529644212216e-01,1.232099599377884797e-01,3.769409186098985898e-01,3.962594593916124452e-01,7.234527743429020052e-02,-1.118782596707623422e-01,2.312158684678625731e-01,5.654905345778683534e-01,-4.099183626347643883e-02,1.287441084686717363e-01,4.300314257430901815e-02,3.112288917179122372e-01,-1.561595867280435035e-01,1.948788375110705740e-01,-1.976254772952349970e-01,7.586120503881135235e-01,5.832406701799646154e-01
7.549643194794772860e-01,1.000000000000000000e+00,-3.904159152347753681e-01,6.753616565352343892e-01,7.108566132694480455e-01,-1.886756077647937513e-01,6.155199630406684719e-01,4.203244442858736774e-01,8.051974326426080131e-01,2.802023839663559390e-01,-2.129119740099981450e-01,-6.104752410436448118e-01,3.124707016585981378e-01,5.156270901296382547e-01,-6.786621193735130619e-01,3.336813628738751758e-01,-1.235548372268012174e-01,8.173384441947459944e-01,7.784909944657777414e-01,2.766931357897181587e-01,-2.854864417627268058e-01,2.115064288402250525e-01,7.562592920747335246e-01,4.659725402915899650e-01,4.378000538335790059e-01,1.485084825832725698e-02,-2.141072243500400096e-01,-4.194649076095476325e-01,3.488042928952093426e-03,5.716968177307535370e-01,-2.028022459525096466e-01,-1.360312873862498106e-01,-1.802444691531192023e-01,1.173673675341162653e-01,-4.409387584768896251e-01,-1.331700767957985088e-01,-3.628016398761074734e-01,7.579949473601802490e-01,7.574493444638995543e-01
-2.624156210592629712e-01,-3.904159152347753681e-01,1.000000000000000000e+00,-6.218535824506032927e-01,-1.469220275462214120e-01,4.271037396325734758e-01,-5.373819760063576201e-01,-9.423343157075552146e-01,-4.890247404092015193e-01,1.891084376646356147e-01,4.309099020546760528e-01,6.637894584664565389e-01,-5.090098027935611169e-01,4.354548067292534491e-02,5.671822886016782972e-01,1.345229716469167058e-01,1.622584146108035918e-01,-5.630464914080713923e-01,-6.077967154801339200e-01,-2.399719681653553482e-01,5.605900105054337779e-01,-1.569088182564378278e-02,-2.027594539335919599e-01,-5.608139082698100630e-02,1.422366245790017414e-01,4.079428895661024734e-01,5.985202258811139764e-01,7.271683258326583355e-01,2.896527212530906059e-01,-1.964353708157411393e-01,5.806946647052303456e-01,3.679856016255754758e-01,5.799973160965099517e-01,2.635923308071541626e-01,7.175733422377615911e-01,5.898108905914154487e-01,5.909084232665798853e-01,-5.153238624036344806e-01,-6.387181369796303132e-01
5.239604280313618911e-01,6.753616565352343892e-01,-6.218535824506032927e-01,1.000000000000000000e+00,6.084095320126508000e-01,-5.083813376301690168e-01,7.040392624252079790e-01,6.434558502535914215e-01,8.283737793595566945e-01,4.369208714105259159e-04,-5.003419135449089783e-01,-7.401550401565117898e-01,3.892001174481663495e-01,1.498931722636612784e-01,-7.712326619839683373e-01,9.929752010478236357e-02,-3.955137066678779401e-01,8.114833426244238979e-01,7.878632914471727089e-01,3.197094879209697593e-01,-3.240729187278771350e-01,2.048125429968307987e-01,5.583494145340909265e-01,3.207351731427713348e-01,-2.229518460012875833e-02,-2.896091954713450600e-01,-4.883010913803241260e-01,-7.040081643899362973e-01,-3.525530506521844520e-01,5.078168824089018818e-01,-3.600454909289077521e-01,-4.176920732170616435e-01,-5.218054667896731003e-01,8.133362936641993016e-03,-7.055246477144740957e-01,-4.549303154278714345e-01,-6.921714600426279729e-01,7.616586608484390286e-01,8.215222444091232479e-01
7.179800686112611796e-01,7.108566132694480455e-01,-1.469220275462214120e-01,6.084095320126508000e-01,1.000000000000000000e+00,-6.404939116506042085e-02,4.859072508442573435e-01,2.101816478396636434e-01,7.233267819204232119e-01,4.351419522714614629e-01,-6.855720364753849216e-02,-4.356387745036902626e-01,-7.881487128540365372e-03,5.534461415066792567e-01,-5.811904037753039542e-01,4.949595925170276467e-01,-1.947194388923293440e-01,7.372062755347962293e-01,6.328830367397717538e-01,2.437533600268552980e-01,5.557461846038727442e-03,2.050231929109021245e-01,6.136303531049366322e-01,2.077126491784693774e-01,3.418240368261782347e-01,2.734519213823941031e-01,1.109501357627155904e-01,-2.283690029616411710e-01,1.141012228628619368e-01,5.963398058329204554e-01,1.007225249707841275e-01,6.788552695417139626e-02,2.030616921064345407e-04,3.670796196245231235e-01,-1.927091009271014177e-01,1.452951990102243351e-01,-1.998668084855264870e-01,7.061714342337772621e-01,5.794017118197686278e-01
-4.493848536299600155e-02,-1.886756077647937513e-01,4.271037396325734758e-01,-5.083813376301690168e-01,-6.404939116506042085e-02,1.000000000000000000e+00,-4.114932294070747787e-01,-4.098680661412393289e-01,-5.253445365787486887e-01,3.581771224711782775e-01,8.124199359712738211e-01,4.878468848560732485e-01,-5.319319663395144504e-01,5.027749666002016005e-01,4.954279266144906435e-01,2.664408091529400502e-01,7.671693232100653681e-01,-3.364007750593456803e-01,-3.366642374926976933e-01,-2.557170499435311162e-01,2.789175422954557337e-01,-2.381583788049458084e-01,-1.521110807346284788e-01,-1.265049707527603762e-01,5.758597105457418097e-01,5.081991013558220249e-01,6.543403266660734463e-01,6.372439697201062181e-01,8.313199877135680760e-01,-2.657114938541419447e-01,5.469865126129619393e-01,7.703446344180945315e-01,7.980501992245855325e-01,4.628603496714489007e-01,7.589462712987392612e-01,7.010937757830879580e-01,8.349785552569565228e-01,-4.295972347131700175e-01,-5.383825663862906730e-01
4.282322961618313384e-01,6.155199630406684719e-01,-5.373819760063576201e-01,7.040392624252079790e-01,4.859072508442573435e-01,-4.114932294070747787e-01,1.000000000000000000e+00,5.520144483541156166e-01,7.138195036755090594e-01,-5.563773181713346089e-02,-4.722467062007862371e-01,-7.368883067710579882e-01,4.755029004774094514e-01,1.707320871645192084e-01,-6.213749113346264119e-01,-9.503481778906745780e-03,-3.622682315910018547e-01,7.544276076408296117e-01,7.817823313359274495e-01,2.955467239664096302e-01,-4.073634184089944266e-01,2.234440048592827854e-01,5.316309519784904181e-01,3.727714066117580605e-01,3.844964798561119335e-02,-3.414601674296334211e-01,-5.079406725175574788e-01,-6.069381541023262105e-01,-2.423354138458123086e-01,4.057007218604554155e-01,-4.236398802133468644e-01,-4.205532621246864666e-01,-3.899218592364768199e-01,-5.509619537027160563e-02,-6.201132637049150409e-01,-4.609545699595450907e-01,-6.090281007825353310e-01,6.873585951069164368e-01,7.662363715659586960e-01
3.154379502641905253e-01,4.203244442858736774e-01,-9.423343157075552146e-01,6.434558502535914215e-01,2.101816478396636434e-01,-4.098680661412393289e-01,5.520144483541156166e-01,1.000000000000000000e+00,5.184414786041574574e-01,-1.510455013627979848e-01,-4.117938506669127641e-01,-6.737368012636052450e-01,4.912003744105515879e-01,6.819250570173200111e-03,-5.782226497460593029e-01,-9.273435812990218907e-02,-1.612481509777567434e-01,6.028471872893845784e-01,6.472993252403991260e-01,2.375446765173961083e-01,-5.565332119144977829e-01,9.875431994771855654e-03,2.252436158965812341e-01,5.362028436944603349e-02,-1.121788527909542560e-01,-3.668375291296806506e-01,-5.689007316034684347e-01,-7.088615704979907006e-01,-2.469924111620737384e-01,2.163638197337162117e-01,-5.520650747742873454e-01,-3.409360771787043332e-01,-5.410944124215694151e-01,-2.099925551195394868e-01,-6.987460778804421846e-01,-5.525230024158110931e-01,-5.853369557570925474e-01,5.607625646710570066e-01,6.643324188329791102e-01
6.527192042968361640e-01,8.051974326426080131e-01,-4.890247404092015193e-01,8.283737793595566945e-01,7.233267819204232119e-01,-5.253445365787486887e-01,7.138195036755090594e-01,5.184414786041574574e-01,1.000000000000000000e+00,6.042849866683809579e-02,-4.906879076906447423e-01,-7.198813106970671782e-01,4.052113453265477894e-01,2.508269056298875199e-01,-8.051119123842654934e-01,1.673865993918658701e-01,-4.258968675996206432e-01,8.570231732579970396e-01,8.111776185909524983e-01,3.452749494789757456e-01,-2.644433187873072022e-01,2.304447761884668711e-01,6.993270041633439238e-01,4.449029420812322666e-01,9.884705685586950286e-02,-1.717771291964798330e-01,-4.197663988091036025e-01,-6.211976419342633005e-01,-3.431829551276514012e-01,5.678486113122845902e-01,-3.237770715869801585e-01,-4.324284647873208320e-01,-4.640307596549970715e-01,-1.614977077866637176e-02,-6.800296848726603560e-01,-3.731580048483340573e-01,-6.727661391187225171e-01,8.473343471580766506e-01,8.643444760489429335e-01
5.080759191575073830e-01,2.802023839663559390e-01,1.891084376646356147e-01,4.369208714105259159e-04,4.351419522714614629e-01,3.581771224711782775e-01,-5.563773181713346089e-02,-1.510455013627979848e-01,6.042849866683809579e-02,1.000000000000000000e+00,3.024449633916392877e-01,5.174630325620801358e-02,-2.172649470214600420e-01,4.656686722884308960e-01,1.471129126373152581e-02,8.959280128450716196e-01,2.240250542603594575e-01,1.549845142851863367e-01,6.329215564027271257e-02,2.815435727655755116e-01,1.393036123200784016e-01,2.173065027779723379e-01,2.439845346888541433e-01,-2.176357047668179279e-01,4.983964172502106660e-01,6.931446878072982098e-01,5.743176664644860097e-01,4.070590669458001853e-01,5.476942094105738956e-01,5.357337994254299796e-01,3.253350489400775314e-01,5.698251432478289580e-01,3.747023445811890063e-01,5.102379732870373497e-01,3.685129126115985754e-01,5.758727272556651844e-01,3.687065265408886461e-01,2.199575836483164126e-01,1.822243854665811166e-02
-3.274299695310924074e-02,-2.129119740099981450e-01,4.309099020546760528e-01,-5.003419135449089783e-01,-6.855720364753849216e-02,8.124199359712738211e-01,-4.722467062007862371e-01,-4.117938506669127641e-01,-4.906879076906447423e-01,3.024449633916392877e-01,1.000000000000000000e+00,5.347518789407509354e-01,-7.041706890770161875e-01,4.396171880753467209e-01,4.892319888555993201e-01,2.527146473214232358e-01,7.558614668392412694e-01,-3.665756744250135424e-01,-3.916691371293802293e-01,-3.196618609832726499e-01,4.078266982883373415e-01,-2.060711075466661601e-01,-2.444176876963507494e-01,-1.964610072086997450e-01,4.388179463817531989e-01,5.779156795138918890e-01,7.276946221512151647e-01,5.910855503658168919e-01,7.053486034281678529e-01,-2.340637072413829789e-01,7.018696349099443621e-01,8.321638028822107014e-01,6.724290797045688883e-01,2.658274569653800157e-01,7.531078487740716643e-01,7.171790844304529733e-01,8.012468935536309900e-01,-4.143415587026849090e-01,-5.754498221206078012e-01
-4.358900966039723213e-01,-6.104752410436448118e-01,6.637894584664565389e-01,-7.401550401565117898e-01,-4.356387745036902626e-01,4.878468848560732485e-01,-7.368883067710579882e-01,-6.737368012636052450e-01,-7.198813106970671782e-01,5.174630325620801358e-02,5.347518789407509354e-01,1.000000000000000000e+00,-5.405042754749808109e-01,-8.770518297468915536e-02,7.081513038856644959e-01,-8.884134520312099090e-03,3.694108685097422518e-01,-7.413541797889661167e-01,-7.748780051191068718e-01,-3.733945671676781042e-01,3.931266317547018607e-01,-1.649193631837770901e-01,-4.567607074433003844e-01,-2.624151808507245165e-01,2.308345623373750724e-02,3.480086781469023394e-01,5.455564456019368347e-01,6.655272483569288910e-01,3.092077351208760705e-01,-3.959222321513061194e-01,5.230965458816461133e-01,4.419003628876858047e-01,4.751841973829283305e-01,1.919190033772248116e-01,6.982064119851166817e-01,4.896281279305829126e-01,6.338319429953581663e-01,-6.890824789973848397e-01,-7.863854621901971154e-01
1.753890791323289011e-01,3.124707016585981378e-01,-5.090098027935611169e-01,3.892001174481663495e-01,-7.881487128540365372e-03,-5.319319663395144504e-01,4.755029004774094514e-01,4.912003744105515879e-01,4.052113453265477894e-01,-2.172649470214600420e-01,-7.041706890770161875e-01,-5.405042754749808109e-01,1.000000000000000000e+00,-2.135925000759744119e-01,-4.411244382996516999e-01,-2.081579747919370393e-01,-3.881420519115316714e-01,3.979501688432116602e-01,4.852340985616901414e-01,3.062240750219337171e-01,-5.023358740059079564e-01,7.789620873171629323e-02,2.657057840412714311e-01,2.550835926716151780e-01,-1.446950688727269563e-01,-4.829594471745812800e-01,-7.369573977439534129e-01,-4.868195896731670747e-01,-3.594719493174763358e-01,1.115910925431360806e-01,-8.913275645077507470e-01,-6.527544427890530354e-01,-3.861208842014074438e-01,-1.923174282965257331e-01,-6.619044447928541519e-01,-5.885733717594117120e-01,-6.473929454678025719e-01,4.277915503865313274e-01,5.987756043176364340e-01
4.857595198380058599e-01,5.156270901296382547e-01,4.354548067292534491e-02,1.498931722636612784e-01,5.534461415066792567e-01,5.027749666002016005e-01,1.707320871645192084e-01,6.819250570173200111e-03,2.508269056298875199e-01,4.656686722884308960e-01,4.396171880753467209e-01,-8.770518297468915536e-02,-2.135925000759744119e-01,1.000000000000000000e+00,-1.645379148256196633e-01,4.706546363877147088e-01,4.425931066752811227e-01,4.292942384911574427e-01,3.555504983905778960e-01,-6.572866544972866265e-02,-8.332185635760067099e-02,-4.438584467559518465e-02,5.319848560987947561e-01,3.534471954832597018e-01,7.789284900630012443e-01,3.882080580042712170e-01,3.077853040911310289e-01,1.591069067765790712e-01,5.948020500905785157e-01,3.611011001791089581e-01,3.278877339341139119e-01,4.443140355663218188e-01,4.110454676157471732e-01,4.315426636625884771e-01,1.933466025893686990e-01,3.521347858528718899e-01,2.842329577270855667e-01,2.897432003126563793e-01,2.224367299488314853e-01
-5.069216663658633326e-01,-6.786621193735130619e-01,5.671822886016782972e-01,-7.712326619839683373e-01,-5.811904037753039542e-01,4.954279266144906435e-01,-6.213749113346264119e-01,-5.782226497460593029e-01,-8.051119123842654934e-01,1.471129126373152581e-02,4.892319888555993201e-01,7.081513038856644959e-01,-4.411244382996516999e-01,-1.645379148256196633e-01,1.000000000000000000e+00,-8.208515481303127470e-02,3.385330688844861990e-01,-7.770135636373814991e-01,-6.907669278906245491e-01,-3.292205351928554902e-01,3.219070332349150410e-01,-1.893214833748263770e-01,-5.255578731093866196e-01,-2.908399552289043233e-01,-1.528343343723297977e-02,2.054029619770382786e-01,4.469806098195910349e-01,6.719820590170842989e-01,3.441065548829663201e-01,-4.754907272224696002e-01,3.983547454823201384e-01,3.889803644750337019e-01,4.920498726469681450e-01,2.139714275820027989e-01,7.021334642355394617e-01,4.408747869393645491e-01,5.930527105418611500e-01,-7.195312031564148336e-01,-7.727143617256567731e-01
5.786681731012919272e-01,3.336813628738751758e-01,1.345229716469167058e-01,9.929752010478236357e-02,4.949595925170276467e-01,2.664408091529400502e-01,-9.503481778906745780e-03,-9.273435812990218907e-02,1.673865993918658701e-01,8.959280128450716196e-01,2.527146473214232358e-01,-8.884134520312099090e-03,-2.081579747919370393e-01,4.706546363877147088e-01,-8.208515481303127470e-02,1.000000000000000000e+00,1.489365159349418100e-01,2.281165657366522881e-01,1.287313209500199063e-01,2.725735766398456605e-01,1.636464536921858060e-01,2.718736968207283167e-01,3.101865444601868971e-01,-1.856910569956309320e-01,4.833235226109425242e-01,7.066203269854665070e-01,5.199628709487554845e-01,3.645468299037440962e-01,4.513745282588311758e-01,5.646006783505148618e-01,3.285711219793110427e-01,5.093797860407650591e-01,2.950291122605232519e-01,4.679413790628830228e-01,2.886271051164545631e-01,5.311037635251526501e-01,2.671749893470691806e-01,3.290300865234072614e-01,1.080165245884819741e-01
-5.666436794070347366e-02,-1.235548372268012174e-01,1.622584146108035918e-01,-3.955137066678779401e-01,-1.947194388923293440e-01,7.671693232100653681e-01,-3.622682315910018547e-01,-1.612481509777567434e-01,-4.258968675996206432e-01,2.240250542603594575e-01,7.558614668392412694e-01,3.694108685097422518e-01,-3.881420519115316714e-01,4.425931066752811227e-01,3.385330688844861990e-01,1.489365159349418100e-01,1.000000000000000000e+00,-2.596447934056502760e-01,-2.459784314728138965e-01,-1.817353490525985271e-01,1.085670656394290695e-01,-3.204572356167575409e-01,-1.368817147389579381e-01,1.107874152899942285e-03,4.994339025684401689e-01,3.676890587068133986e-01,4.222731381433609266e-01,4.091985988530869034e-01,6.854028512000976958e-01,-2.409942784266720928e-01,3.755896100272701488e-01,6.377667218416223083e-01,5.262550050966522397e-01,1.962964913931639077e-01,5.004060891882559092e-01,4.283426091856914475e-01,6.515035314206385486e-01,-3.388698060854146155e-01,-4.105835503094807382e-01
6.750308954819719265e-01,8.173384441947459944e-01,-5.630464914080713923e-01,8.114833426244238979e-01,7.372062755347962293e-01,-3.364007750593456803e-01,7.544276076408296117e-01,6.028471872893845784e-01,8.570231732579970396e-01,1.549845142851863367e-01,-3.665756744250135424e-01,-7.413541797889661167e-01,3.979501688432116602e-01,4.292942384911574427e-01,-7.770135636373814991e-01,2.281165657366522881e-01,-2.596447934056502760e-01,1.000000000000000000e+00,8.922677112632607654e-01,3.298877464275605242e-01,-4.004695012217195926e-01,1.999181570304773004e-01,6.895143755608156289e-01,3.791198906671044422e-01,2.423847115360033277e-01,-1.460154666154664382e-01,-3.802590287198498453e-01,-5.933890430312722675e-01,-1.044362155937820225e-01,5.939752996840618193e-01,-3.105455223311816559e-01,-2.745526153238298517e-01,-3.346276231873032692e-01,7.370932320867334964e-02,-6.027674325778017428e-01,-3.150400018403476943e-01,-5.631785161715098242e-01,8.465244712524337967e-01,8.708496950850531659e-01
6.426237305368989183e-01,7.784909944657777414e-01,-6.077967154801339200e-01,7.878632914471727089e-01,6.328830367397717538e-01,-3.366642374926976933e-01,7.817823313359274495e-01,6.472993252403991260e-01,8.111776185909524983e-01,6.329215564027271257e-02,-3.916691371293802293e-01,-7.748780051191068718e-01,4.852340985616901414e-01,3.555504983905778960e-01,-6.907669278906245491e-01,1.287313209500199063e-01,-2.459784314728138965e-01,8.922677112632607654e-01,1.000000000000000000e+00,2.976141832470814985e-01,-4.229116419517577885e-01,1.802618952357517845e-01,6.208176094569048953e-01,3.980424209242641731e-01,2.010378906479173555e-01,-2.459392375703076394e-01,-4.716250610822176337e-01,-5.986692550033503313e-01,-9.046571201816963614e-02,4.776557373791622263e-01,-4.167575776980325108e-01,-3.319757845663305340e-01,-2.953541981587973209e-01,5.940352752581893464e-02,-6.187379866526419026e-01,-3.760486010559603298e-01,-5.990873006366851383e-01,8.186770901015801849e-01,8.741938013627829074e-01
2.641971053597974572e-01,2.766931357897181587e-01,-2.399719681653553482e-01,3.197094879209697593e-01,2.437533600268552980e-01,-2.557170499435311162e-01,2.955467239664096302e-01,2.375446765173961083e-01,3.452749494789757456e-01,2.815435727655755116e-01,-3.196618609832726499e-01,-3.733945671676781042e-01,3.062240750219337171e-01,-6.572866544972866265e-02,-3.292205351928554902e-01,2.725735766398456605e-01,-1.817353490525985271e-01,3.298877464275605242e-01,2.976141832470814985e-01,1.000000000000000000e+00,-2.017179608608038188e-01,2.593834421720771499e-01,3.067928056034724960e-01,7.031150899678804966e-02,3.417508143617409982e-02,-2.566026098694626847e-02,-2.109531699694649209e-01,-2.106949477828458372e-01,-1.275122149967105878e-01,3.236102813000646949e-01,-2.319372781691841912e-01,-1.970391816118985118e-01,-2.822824137028178693e-01,4.741475589543424352e-02,-3.034227192461146916e-01,-1.745598214500043155e-01,-2.928917872978286097e-01,3.569107337556597370e-01,3.562865548440466990e-01
-5.275252698407928952e-03,-2.854864417627268058e-01,5.605900105054337779e-01,-3.240729187278771350e-01,5.557461846038727442e-03,2.789175422954557337e-01,-4.073634184089944266e-01,-5.565332119144977829e-01,-2.644433187873072022e-01,1.393036123200784016e-01,4.078266982883373415e-01,3.931266317547018607e-01,-5.023358740059079564e-01,-8.332185635760067099e-02,3.219070332349150410e-01,1.636464536921858060e-01,1.085670656394290695e-01,-4.004695012217195926e-01,-4.229116419517577885e-01,-2.017179608608038188e-01,1.000000000000000000e+00,2.757321629581499858e-02,-2.579106107321886832e-01,-2.097120390370508791e-01,-9.584444346005792370e-02,4.224533281825305076e-01,5.670454911574195345e-01,4.211631642312075874e-01,1.049325467063423889e-01,-1.815698415748510652e-01,5.245382501620420301e-01,3.854339131078243774e-01,3.652190117498334554e-01,1.424343457553061132e-01,5.329383973531677254e-01,5.542154058318520260e-01,4.072175102388656542e-01,-3.184436685311103354e-01,-4.879467004373667094e-01
2.894608361656401119e-01,2.115064288402250525e-01,-1.569088182564378278e-02,2.048125429968307987e-01,2.050231929109021245e-01,-2.381583788049458084e-01,2.234440048592827854e-01,9.875431994771855654e-03,2.304447761884668711e-01,2.173065027779723379e-01,-2.060711075466661601e-01,-1.649193631837770901e-01,7.789620873171629323e-02,-4.438584467559518465e-02,-1.893214833748263770e-01,2.718736968207283167e-01,-3.204572356167575409e-01,1.999181570304773004e-01,1.802618952357517845e-01,2.593834421720771499e-01,2.757321629581499858e-02,1.000000000000000000e+00,2.112719793608872632e-01,3.290722897154140306e-03,-2.176477328512740894e-02,8.011142212567488874e-02,-9.398369322130558506e-03,-4.754974673402077856e-02,-1.531076895337357691e-01,4.306818517279387692e-01,8.597201562170666417e-03,-9.850354774985214945e-02,-2.200870589202010008e-01,-3.251545765769893459e-02,-1.078224449276912189e-01,-5.067693796915329063e-02,-2.097776399937331671e-01,2.817241110298693840e-01,2.340064679730980424e-01
5.287167529644212216e-01,7.562592920747335246e-01,-2.027594539335919599e-01,5.583494145340909265e-01,6.136303531049366322e-01,-1.521110807346284788e-01,5.316309519784904181e-01,2.252436158965812341e-01,6.993270041633439238e-01,2.439845346888541433e-01,-2.444176876963507494e-01,-4.567607074433003844e-01,2.657057840412714311e-01,5.319848560987947561e-01,-5.255578731093866196e-01,3.101865444601868971e-01,-1.368817147389579381e-01,6.895143755608156289e-01,6.208176094569048953e-01,3.067928056034724960e-01,-2.579106107321886832e-01,2.112719793608872632e-01,1.000000000000000000e+00,6.959617119399916785e-01,5.296016776149428118e-01,-5.332097861144579481e-02,-2.394226468617507153e-01,-2.835939853350352702e-01,-7.696316348471014812e-02,5.638719182140222719e-01,-1.311554642304225970e-01,-2.512461036036170992e-01,-1.865268322758900643e-01,1.901563443982861035e-01,-3.798492139950443436e-01,-2.002458760146741401e-01,-3.637781897816191878e-01,6.044603974534955571e-01,6.496751143163894682e-01
1.232099599377884797e-01,4.659725402915899650e-01,-5.608139082698100630e-02,3.207351731427713348e-01,2.077126491784693774e-01,-1.265049707527603762e-01,3.727714066117580605e-01,5.362028436944603349e-02,4.449029420812322666e-01,-2.176357047668179279e-01,-1.964610072086997450e-01,-2.624151808507245165e-01,2.550835926716151780e-01,3.534471954832597018e-01,-2.908399552289043233e-01,-1.856910569956309320e-01,1.107874152899942285e-03,3.791198906671044422e-01,3.980424209242641731e-01,7.031150899678804966e-02,-2.097120390370508791e-01,3.290722897154140306e-03,6.959617119399916785e-01,1.000000000000000000e+00,3.671088248842795387e-01,-3.504578272496947644e-01,-4.183600529250955935e-01,-2.901233278753386213e-01,-1.893479764282654798e-01,1.432863943761360503e-01,-1.705895938535043066e-01,-4.158220927716403392e-01,-1.680265643751290838e-01,-3.892418247471008536e-02,-3.540024447897155979e-01,-3.727936671890341724e-01,-3.348333199982623243e-01,2.676474757382200642e-01,4.063445613838870818e-01
3.769409186098985898e-01,4.378000538335790059e-01,1.422366245790017414e-01,-2.229518460012875833e-02,3.418240368261782347e-01,5.758597105457418097e-01,3.844964798561119335e-02,-1.121788527909542560e-01,9.884705685586950286e-02,4.983964172502106660e-01,4.388179463817531989e-01,2.308345623373750724e-02,-1.446950688727269563e-01,7.789284900630012443e-01,-1.528343343723297977e-02,4.833235226109425242e-01,4.994339025684401689e-01,2.423847115360033277e-01,2.010378906479173555e-01,3.417508143617409982e-02,-9.584444346005792370e-02,-2.176477328512740894e-02,5.296016776149428118e-01,3.671088248842795387e-01,1.000000000000000000e+00,3.806163263535320418e-01,3.034708051798153949e-01,3.297977902761831115e-01,6.145407365045463255e-01,2.225024326478726444e-01,2.722123972084030674e-01,4.075605328456031184e-01,4.895541333404890283e-01,4.463422547817174624e-01,2.790028020934904318e-01,3.728667184190715411e-01,3.686678328170511776e-01,1.426117043001888240e-01,1.063618474596433189e-01
3.962594593916124452e-01,1.485084825832725698e-02,4.079428895661024734e-01,-2.896091954713450600e-01,2.734519213823941031e-01,5.081991013558220249e-01,-3.414601674296334211e-01,-3.668375291296806506e-01,-1.717771291964798330e-01,6.931446878072982098e-01,5.779156795138918890e-01,3.480086781469023394e-01,-4.829594471745812800e-01,3.882080580042712170e-01,2.054029619770382786e-01,7.066203269854665070e-01,3.676890587068133986e-01,-1.460154666154664382e-01,-2.459392375703076394e-01,-2.566026098694626847e-02,4.224533281825305076e-01,8.011142212567488874e-02,-5.332097861144579481e-02,-3.504578272496947644e-01,3.806163263535320418e-01,1.000000000000000000e+00,7.912250503534357104e-01,6.579705433286590077e-01,6.132073808959347394e-01,1.738666776382436219e-01,5.670153167971957453e-01,7.333482889447462405e-01,5.669633612871380901e-01,4.118836790679206161e-01,6.400875655703132106e-01,7.712496031813808051e-01,6.039148234234826829e-01,2.073436511297849921e-02,-2.952881522576550899e-01
7.234527743429020052e-02,-2.141072243500400096e-01,5.985202258811139764e-01,-4.883010913803241260e-01,1.109501357627155904e-01,6.543403266660734463e-01,-5.079406725175574788e-01,-5.689007316034684347e-01,-4.197663988091036025e-01,5.743176664644860097e-01,7.276946221512151647e-01,5.455564456019368347e-01,-7.369573977439534129e-01,3.077853040911310289e-01,4.469806098195910349e-01,5.199628709487554845e-01,4.222731381433609266e-01,-3.802590287198498453e-01,-4.716250610822176337e-01,-2.109531699694649209e-01,5.670454911574195345e-01,-9.398369322130558506e-03,-2.394226468617507153e-01,-4.183600529250955935e-01,3.034708051798153949e-01,7.912250503534357104e-01,1.000000000000000000e+00,7.155432365889687896e-01,5.961517971966492357e-01,-1.203698769543443126e-02,7.675486726193124776e-01,8.182493713685989878e-01,6.492115417544098710e-01,3.960084746989397941e-01,8.231478151123066134e-01,8.492900253865598437e-01,7.902406678159135112e-01,-3.437868366202960768e-01,-5.875447098623579611e-01
-1.118782596707623422e-01,-4.194649076095476325e-01,7.271683258326583355e-01,-7.040081643899362973e-01,-2.283690029616411710e-01,6.372439697201062181e-01,-6.069381541023262105e-01,-7.088615704979907006e-01,-6.211976419342633005e-01,4.070590669458001853e-01,5.910855503658168919e-01,6.655272483569288910e-01,-4.868195896731670747e-01,1.591069067765790712e-01,6.719820590170842989e-01,3.645468299037440962e-01,4.091985988530869034e-01,-5.933890430312722675e-01,-5.986692550033503313e-01,-2.106949477828458372e-01,4.211631642312075874e-01,-4.754974673402077856e-02,-2.835939853350352702e-01,-2.901233278753386213e-01,3.297977902761831115e-01,6.579705433286590077e-01,7.155432365889687896e-01,1.000000000000000000e+00,6.025634629910435747e-01,-2.160957207658361912e-01,5.586681305213706539e-01,6.021493773533617144e-01,7.533403209999683936e-01,4.143428173753487820e-01,8.527267753314394794e-01,7.306258810675977378e-01,7.389623290138094269e-01,-4.681693389296632812e-01,-6.562597231893246841e-01
2.312158684678625731e-01,3.488042928952093426e-03,2.896527212530906059e-01,-3.525530506521844520e-01,1.141012228628619368e-01,8.313199877135680760e-01,-2.423354138458123086e-01,-2.469924111620737384e-01,-3.431829551276514012e-01,5.476942094105738956e-01,7.053486034281678529e-01,3.092077351208760705e-01,-3.594719493174763358e-01,5.948020500905785157e-01,3.441065548829663201e-01,4.513745282588311758e-01,6.854028512000976958e-01,-1.044362155937820225e-01,-9.046571201816963614e-02,-1.275122149967105878e-01,1.049325467063423889e-01,-1.531076895337357691e-01,-7.696316348471014812e-02,-1.893479764282654798e-01,6.145407365045463255e-01,6.132073808959347394e-01,5.961517971966492357e-01,6.025634629910435747e-01,1.000000000000000000e+00,-3.833363936735331018e-02,4.215210878133014427e-01,7.754131285140213325e-01,7.925798065819292804e-01,5.367519751224831825e-01,6.573974288681770917e-01,6.846936005570509742e-01,7.163054918748152922e-01,-1.316599315704051198e-01,-2.903027106624931908e-01
5.654905345778683534e-01,5.716968177307535370e-01,-1.964353708157411393e-01,5.078168824089018818e-01,5.963398058329204554e-01,-2.657114938541419447e-01,4.057007218604554155e-01,2.163638197337162117e-01,5.678486113122845902e-01,5.357337994254299796e-01,-2.340637072413829789e-01,-3.959222321513061194e-01,1.115910925431360806e-01,3.611011001791089581e-01,-4.754907272224696002e-01,5.646006783505148618e-01,-2.409942784266720928e-01,5.939752996840618193e-01,4.776557373791622263e-01,3.236102813000646949e-01,-1.815698415748510652e-01,4.306818517279387692e-01,5.638719182140222719e-01,1.432863943761360503e-01,2.225024326478726444e-01,1.738666776382436219e-01,-1.203698769543443126e-02,-2.160957207658361912e-01,-3.833363936735331018e-02,1.000000000000000000e+00,-1.367064369937724504e-02,3.633622952281287226e-04,-2.849222932229129590e-01,5.255723950870373057e-02,-2.958550291608976757e-01,-5.306130925862313080e-02,-3.026358593658531881e-01,6.072025732036930856e-01,5.417165625396782591e-01
-4.099183626347643883e-02,-2.028022459525096466e-01,5.806946647052303456e-01,-3.600454909289077521e-01,1.007225249707841275e-01,5.469865126129619393e-01,-4.236398802133468644e-01,-5.520650747742873454e-01,-3.237770715869801585e-01,3.253350489400775314e-01,7.018696349099443621e-01,5.230965458816461133e-01,-8.913275645077507470e-01,3.278877339341139119e-01,3.983547454823201384e-01,3.285711219793110427e-01,3.755896100272701488e-01,-3.105455223311816559e-01,-4.167575776980325108e-01,-2.319372781691841912e-01,5.245382501620420301e-01,8.597201562170666417e-03,-1.311554642304225970e-01,-1.705895938535043066e-01,2.722123972084030674e-01,5.670153167971957453e-01,7.675486726193124776e-01,5.586681305213706539e-01,4.215210878133014427e-01,-1.367064369937724504e-02,1.000000000000000000e+00,6.656651753711078090e-01,4.559617226553064340e-01,2.688597629816149581e-01,6.932615963112243040e-01,6.621203082981264032e-01,6.442011598996680855e-01,-3.337843696091348789e-01,-5.192930497734603579e-01
1.287441084686717363e-01,-1.360312873862498106e-01,3.679856016255754758e-01,-4.176920732170616435e-01,6.788552695417139626e-02,7.703446344180945315e-01,-4.205532621246864666e-01,-3.409360771787043332e-01,-4.324284647873208320e-01,5.698251432478289580e-01,8.321638028822107014e-01,4.419003628876858047e-01,-6.527544427890530354e-01,4.443140355663218188e-01,3.889803644750337019e-01,5.093797860407650591e-01,6.377667218416223083e-01,-2.745526153238298517e-01,-3.319757845663305340e-01,-1.970391816118985118e-01,3.854339131078243774e-01,-9.850354774985214945e-02,-2.512461036036170992e-01,-4.158220927716403392e-01,4.075605328456031184e-01,7.333482889447462405e-01,8.182493713685989878e-01,6.021493773533617144e-01,7.754131285140213325e-01,3.633622952281287226e-04,6.656651753711078090e-01,1.000000000000000000e+00,6.638385492448923841e-01,3.475624239077297339e-01,7.420655882567922523e-01,7.890383629451741543e-01,8.113455455735860689e-01,-2.893897589070307808e-01,-4.917754313370094055e-01
4.300314257430901815e-02,-1.802444691531192023e-01,5.799973160965099517e-01,-5.218054667896731003e-01,2.030616921064345407e-04,7.980501992245855325e-01,-3.899218592364768199e-01,-5.410944124215694151e-01,-4.640307596549970715e-01,3.747023445811890063e-01,6.724290797045688883e-01,4.751841973829283305e-01,-3.861208842014074438e-01,4.110454676157471732e-01,4.920498726469681450e-01,2.950291122605232519e-01,5.262550050966522397e-01,-3.346276231873032692e-01,-2.953541981587973209e-01,-2.822824137028178693e-01,3.652190117498334554e-01,-2.200870589202010008e-01,-1.865268322758900643e-01,-1.680265643751290838e-01,4.895541333404890283e-01,5.669633612871380901e-01,6.492115417544098710e-01,7.533403209999683936e-01,7.925798065819292804e-01,-2.849222932229129590e-01,4.559617226553064340e-01,6.638385492448923841e-01,1.000000000000000000e+00,5.372673505460395793e-01,7.977764053625868712e-01,7.565650900366440723e-01,7.609832668970755165e-01,-3.349545669176686169e-01,-4.812348554731460393e-01
3.112288917179122372e-01,1.173673675341162653e-01,2.635923308071541626e-01,8.133362936641993016e-03,3.670796196245231235e-01,4.628603496714489007e-01,-5.509619537027160563e-02,-2.099925551195394868e-01,-1.614977077866637176e-02,5.102379732870373497e-01,2.658274569653800157e-01,1.919190033772248116e-01,-1.923174282965257331e-01,4.315426636625884771e-01,2.139714275820027989e-01,4.679413790628830228e-01,1.962964913931639077e-01,7.370932320867334964e-02,5.940352752581893464e-02,4.741475589543424352e-02,1.424343457553061132e-01,-3.251545765769893459e-02,1.901563443982861035e-01,-3.892418247471008536e-02,4.463422547817174624e-01,4.118836790679206161e-01,3.960084746989397941e-01,4.143428173753487820e-01,5.367519751224831825e-01,5.255723950870373057e-02,2.688597629816149581e-01,3.475624239077297339e-01,5.372673505460395793e-01,1.000000000000000000e+00,3.992141144187389967e-01,4.936065027536485905e-01,2.888091688903978715e-01,9.551758357388091814e-02,-3.810208895659895206e-02
-1.561595867280435035e-01,-4.409387584768896251e-01,7.175733422377615911e-01,-7.055246477144740957e-01,-1.927091009271014177e-01,7.589462712987392612e-01,-6.201132637049150409e-01,-6.987460778804421846e-01,-6.800296848726603560e-01,3.685129126115985754e-01,7.531078487740716643e-01,6.982064119851166817e-01,-6.619044447928541519e-01,1.933466025893686990e-01,7.021334642355394617e-01,2.886271051164545631e-01,5.004060891882559092e-01,-6.027674325778017428e-01,-6.187379866526419026e-01,-3.034227192461146916e-01,5.329383973531677254e-01,-1.078224449276912189e-01,-3.798492139950443436e-01,-3.540024447897155979e-01,2.790028020934904318e-01,6.400875655703132106e-01,8.231478151123066134e-01,8.527267753314394794e-01,6.573974288681770917e-01,-2.958550291608976757e-01,6.932615963112243040e-01,7.420655882567922523e-01,7.977764053625868712e-01,3.992141144187389967e-01,1.000000000000000000e+00,8.145077815149065481e-01,8.620266879417265438e-01,-5.640523928946155063e-01,-7.608423542820087482e-01
1.948788375110705740e-01,-1.331700767957985088e-01,5.898108905914154487e-01,-4.549303154278714345e-01,1.452951990102243351e-01,7.010937757830879580e-01,-4.609545699595450907e-01,-5.525230024158110931e-01,-3.731580048483340573e-01,5.758727272556651844e-01,7.171790844304529733e-01,4.896281279305829126e-01,-5.885733717594117120e-01,3.521347858528718899e-01,4.408747869393645491e-01,5.311037635251526501e-01,4.283426091856914475e-01,-3.150400018403476943e-01,-3.760486010559603298e-01,-1.745598214500043155e-01,5.542154058318520260e-01,-5.067693796915329063e-02,-2.002458760146741401e-01,-3.727936671890341724e-01,3.728667184190715411e-01,7.712496031813808051e-01,8.492900253865598437e-01,7.306258810675977378e-01,6.846936005570509742e-01,-5.306130925862313080e-02,6.621203082981264032e-01,7.890383629451741543e-01,7.565650900366440723e-01,4.936065027536485905e-01,8.145077815149065481e-01,1.000000000000000000e+00,7.598428347951274864e-01,-2.543836172226932590e-01,-5.122473229595999600e-01
-1.976254772952349970e-01,-3.628016398761074734e-01,5.909084232665798853e-01,-6.921714600426279729e-01,-1.998668084855264870e-01,8.349785552569565228e-01,-6.090281007825353310e-01,-5.853369557570925474e-01,-6.727661391187225171e-01,3.687065265408886461e-01,8.012468935536309900e-01,6.338319429953581663e-01,-6.473929454678025719e-01,2.842329577270855667e-01,5.930527105418611500e-01,2.671749893470691806e-01,6.515035314206385486e-01,-5.631785161715098242e-01,-5.990873006366851383e-01,-2.928917872978286097e-01,4.072175102388656542e-01,-2.097776399937331671e-01,-3.637781897816191878e-01,-3.348333199982623243e-01,3.686678328170511776e-01,6.039148234234826829e-01,7.902406678159135112e-01,7.389623290138094269e-01,7.163054918748152922e-01,-3.026358593658531881e-01,6.442011598996680855e-01,8.113455455735860689e-01,7.609832668970755165e-01,2.888091688903978715e-01,8.620266879417265438e-01,7.598428347951274864e-01,1.000000000000000000e+00,-6.007887733419547960e-01,-7.381513048881643835e-01
7.586120503881135235e-01,7.579949473601802490e-01,-5.153238624036344806e-01,7.616586608484390286e-01,7.061714342337772621e-01,-4.295972347131700175e-01,6.873585951069164368e-01,5.607625646710570066e-01,8.473343471580766506e-01,2.199575836483164126e-01,-4.143415587026849090e-01,-6.890824789973848397e-01,4.277915503865313274e-01,2.897432003126563793e-01,-7.195312031564148336e-01,3.290300865234072614e-01,-3.388698060854146155e-01,8.465244712524337967e-01,8.186770901015801849e-01,3.569107337556597370e-01,-3.184436685311103354e-01,2.817241110298693840e-01,6.044603974534955571e-01,2.676474757382200642e-01,1.426117043001888240e-01,2.073436511297849921e-02,-3.437868366202960768e-01,-4.681693389296632812e-01,-1.316599315704051198e-01,6.072025732036930856e-01,-3.337843696091348789e-01,-2.893897589070307808e-01,-3.349545669176686169e-01,9.551758357388091814e-02,-5.640523928946155063e-01,-2.543836172226932590e-01,-6.007887733419547960e-01,1.000000000000000000e+00,8.613075377088031948e-01
5.832406701799646154e-01,7.574493444638995543e-01,-6.387181369796303132e-01,8.215222444091232479e-01,5.794017118197686278e-01,-5.383825663862906730e-01,7.662363715659586960e-01,6.643324188329791102e-01,8.643444760489429335e-01,1.822243854665811166e-02,-5.754498221206078012e-01,-7.863854621901971154e-01,5.987756043176364340e-01,2.224367299488314853e-01,-7.727143617256567731e-01,1.080165245884819741e-01,-4.105835503094807382e-01,8.708496950850531659e-01,8.741938013627829074e-01,3.562865548440466990e-01,-4.879467004373667094e-01,2.340064679730980424e-01,6.496751143163894682e-01,4.063445613838870818e-01,1.063618474596433189e-01,-2.952881522576550899e-01,-5.875447098623579611e-01,-6.562597231893246841e-01,-2.903027106624931908e-01,5.417165625396782591e-01,-5.192930497734603579e-01,-4.917754313370094055e-01,-4.812348554731460393e-01,-3.810208895659895206e-02,-7.608423542820087482e-01,-5.122473229595999600e-01,-7.381513048881643835e-01,8.613075377088031948e-01,1.000000000000000000e+00
