1.000000000000000000e+00,7.689010090012591281e-01,7.822298846222730528e-01,1.584130665651395931e-01,7.824043236721057726e-01,3.106363854201492358e-02,2.536080714507347178e-01,-7.501760520597521298e-01,7.833475868449450985e-01,7.743149192973977080e-01,6.953832089908860148e-01,-3.812450557732370848e-01,2.399620611794318209e-02,6.368314271254866821e-01,-6.147547065942562394e-01,7.974120444067409608e-01,6.302281846746106142e-01,6.388401447477748407e-01,3.596192007244888855e-01,3.530232113418711459e-01,5.434630749293418717e-01,4.404620554651558773e-01,5.055807967406055203e-01,5.680283260317712246e-01,4.778835279952878823e-01,7.361832653170425900e-01,4.591883081971424030e-01,5.696389375955693835e-01,4.796406891634826253e-01,7.314326009360416769e-01,5.054499360575164246e-01,7.243704547902860558e-01,3.116689573465400986e-01,2.575253021684147381e-01,6.307323915150933047e-01,4.737474071848082890e-01,7.000918866217367142e-01,5.801775539503939427e-01,5.913607343233886482e-01
7.689010090012591281e-01,1.000000000000000000e+00,7.134251721452026240e-01,2.183628219712206719e-01,6.759117708130293334e-01,-1.519228749607914319e-01,5.120049507018799018e-01,-6.747472850124123234e-01,7.895649917264291329e-01,8.695238543400359843e-01,6.034088885413287917e-01,-2.025412526771609434e-01,-9.617325141069762995e-03,5.951089960515092425e-01,-4.502514603560642259e-01,8.303081432475696300e-01,7.288175996290274794e-01,7.266087922090248563e-01,6.458216462030549332e-01,4.859051071730535187e-01,5.070997958890051116e-01,6.474464597639805197e-01,4.008292724102979210e-01,6.433623835656717693e-01,2.837125415014776775e-01,6.272012732376818223e-01,6.439308285331006854e-01,4.304805054699992195e-01,4.201516700649622904e-01,8.243547709837587556e-01,5.572185278324766067e-01,7.308075646474654352e-01,2.648755442998245724e-01,1.707580180950468152e-01,6.519812490365242130e-01,4.951666751666757293e-01,6.988376347803968436e-01,6.594251832454051110e-01,6.781965267888905302e-01
7.822298846222730528e-01,7.134251721452026240e-01,1.000000000000000000e+00,7.711148991883745585e-02,8.570719765146157521e-01,3.497623722063963880e-02,3.429276681464454302e-01,-9.213292433905777568e-01,8.302958912310274275e-01,8.215811071604400828e-01,6.401254776072737851e-01,-3.159497047283387761e-01,-1.353406355496103164e-01,6.959745779042336711e-01,-4.919481743521564310e-01,7.854421442725636471e-01,6.992734880421197508e-01,6.952323205437204168e-01,5.280777309337981729e-01,4.076005765422504035e-01,5.719501695023730958e-01,6.598067270627813174e-01,6.293977858183046337e-01,6.392088812442993095e-01,5.375952473849946456e-01,7.376894827994632253e-01,6.395144521690215855e-01,6.041479879261617558e-01,4.546143665431154890e-01,7.531895852429526528e-01,6.392626495246319651e-01,6.885743775308130754e-01,4.280676015791277100e-01,3.060455779552227473e-01,5.919077424350737138e-01,4.939268935316710740e-01,6.369063374625559826e-01,6.437625160405724412e-01,6.797491114626736941e-01
1.584130665651395931e-01,2.183628219712206719e-01,7.711148991883745585e-02,1.000000000000000000e+00,-7.075502888247549305e-02,-6.306425318315874717e-01,6.917349481572531156e-01,-1.463753849192550027e-01,3.167005983434053040e-01,2.891609384725391529e-01,-2.488835875528566666e-01,-3.444885693519473269e-01,7.730897942662928735e-01,-2.606848195792681455e-01,-6.632525905358104268e-01,3.842972283228094921e-01,1.584853715069311358e-02,3.406608215417020746e-01,4.528613027158935322e-01,6.548396808026056837e-01,2.507919497359429317e-01,3.322939494111752379e-01,-3.686976635673377412e-01,-5.935734089987995676e-02,-4.118385588715895440e-01,-2.646833620752173100e-01,-2.220474052785186558e-01,-4.833156537989392598e-01,-4.365718880471357588e-01,4.045657284178891255e-01,-4.923604853295342476e-01,-1.531993134968376025e-01,-5.359232941589177068e-01,-6.187651132180920222e-01,-2.274442309151838981e-01,-3.300646143192048632e-01,-1.770803881849677408e-01,5.778949135798857606e-01,5.324644036176375828e-01
7.824043236721057726e-01,6.759117708130293334e-01,8.570719765146157521e-01,-7.075502888247549305e-02,1.000000000000000000e+00,1.961701257964605094e-01,1.752845649275173168e-01,-7.825894282578368388e-01,7.929343271472030219e-01,7.435639020095566876e-01,7.266060257902725583e-01,-2.227066999270066738e-01,-2.906407045384635235e-01,7.849220533680901779e-01,-3.695630484703817387e-01,6.865210810385987683e-01,6.705751866348304002e-01,6.377063387669607009e-01,3.737792019630925000e-01,1.625145097281207041e-01,3.844351621877005187e-01,4.414995777196140669e-01,7.243068974231997581e-01,6.162175097748853192e-01,6.482988158499747300e-01,7.623343017902521890e-01,6.250248946977127185e-01,6.599014308284393282e-01,5.641328930909621509e-01,6.797695714204002870e-01,7.006583314087042602e-01,7.431229738302287391e-01,4.881019608612528482e-01,5.209787638626646178e-01,6.779191246853523145e-01,5.922411183979151561e-01,6.955220151986241106e-01,4.584254983017578833e-01,5.443760644515960312e-01
3.106363854201492358e-02,-1.519228749607914319e-01,3.497623722063963880e-02,-6.306425318315874717e-01,1.961701257964605094e-01,1.000000000000000000e+00,-5.650974679206145490e-01,6.421521704945411246e-02,-2.011985963344250505e-01,-2.162078850464654034e-01,4.396500527517229195e-01,2.279802338241574133e-01,-6.825152159692514653e-01,3.309301442525766079e-01,4.100254526636659680e-01,-2.397646811302447667e-01,8.730364916312452483e-02,-2.182605435959732165e-01,-4.822106341111073169e-01,-5.659396303328356748e-01,-1.865443231447089234e-01,-3.657023605021459955e-01,4.780627932271638847e-01,1.380537648524272909e-01,5.403747404491774375e-01,3.589105545849337608e-01,2.100241173445432097e-01,5.063998097397153231e-01,5.363556493161818484e-01,-3.461771569795275560e-01,4.598290399141151674e-01,2.184643533967116358e-01,4.496215870341306320e-01,5.817600788613256357e-01,3.861683893241982801e-01,4.057730702623557617e-01,3.077829437835731818e-01,-5.127311480268014199e-01,-4.392668569651728694e-01
2.536080714507347178e-01,5.120049507018799018e-01,3.429276681464454302e-01,6.917349481572531156e-01,1.752845649275173168e-01,-5.650974679206145490e-01,1.000000000000000000e+00,-3.526238804742029553e-01,5.171130863750614814e-01,5.573762857046543617e-01,-4.181530714062933751e-02,-2.376516655281633028e-01,4.938714177899128366e-01,1.217456437236246955e-02,-5.000728999178597478e-01,6.009640523285135760e-01,3.190045183481571844e-01,6.644135346844558532e-01,8.074990972776403542e-01,8.172155733399512068e-01,4.213713097847648359e-01,7.131396105296088361e-01,-6.853536463696131842e-02,2.307321423662849202e-01,-2.102144286633560177e-01,8.466434820952249696e-02,2.723607911063488651e-01,-1.122635428210683461e-01,-1.723413691607826315e-01,6.045492573309054762e-01,-4.395317477326161210e-02,9.652471533160503214e-02,-2.725050051000617590e-01,-4.368894797522747675e-01,7.486445736652046212e-02,-1.391566566049714550e-02,1.008244776100189477e-01,7.420819895411249201e-01,7.275553906631168077e-01
-7.501760520597521298e-01,-6.747472850124123234e-01,-9.213292433905777568e-01,-1.463753849192550027e-01,-7.825894282578368388e-01,6.421521704945411246e-02,-3.526238804742029553e-01,1.000000000000000000e+00,-7.972798813463773948e-01,-7.808168508358785953e-01,-5.262559965734707745e-01,4.256493169747798677e-01,1.310093765245334829e-02,-5.999714793622142883e-01,5.721809768036968391e-01,-7.653435272616531115e-01,-6.064612189054638947e-01,-6.445756664205014586e-01,-5.111789220199945971e-01,-4.556530617796988869e-01,-6.666105468478877860e-01,-6.384688752396069367e-01,-5.184688406516584358e-01,-5.811350125349059592e-01,-4.464927796921867031e-01,-6.558448538337640077e-01,-5.348106908168704932e-01,-4.963135288967602810e-01,-3.445432257572506596e-01,-7.473230531044751102e-01,-5.071584442504983858e-01,-5.878928251685624495e-01,-3.110186543611282439e-01,-1.799213464861247336e-01,-4.741560074703411454e-01,-3.721841576346369695e-01,-5.378592415872760490e-01,-6.749522172725319624e-01,-6.925596817963440843e-01
7.833475868449450985e-01,7.895649917264291329e-01,8.302958912310274275e-01,3.167005983434053040e-01,7.929343271472030219e-01,-2.011985963344250505e-01,5.171130863750614814e-01,-7.972798813463773948e-01,1.000000000000000000e+00,8.875480183191494232e-01,5.422993278015599827e-01,-3.746565626693604267e-01,8.789738617278634869e-02,5.956316639863711293e-01,-6.182293366743917273e-01,8.739948713046280515e-01,6.881500284519034283e-01,7.446584112906782238e-01,6.651100315963746068e-01,4.982258199877053206e-01,4.347156094399340920e-01,6.491505649842497228e-01,4.357621397270899921e-01,6.457263084658073637e-01,3.004083529629965055e-01,5.627743936732000352e-01,5.410769783242186382e-01,3.646766341042221304e-01,2.527817961999752616e-01,9.151875543096914534e-01,4.492968057960913253e-01,6.044659923515585120e-01,1.867560098413821867e-01,1.810557776798890350e-01,4.837620062344809568e-01,3.409025024337499765e-01,5.292110266284396625e-01,7.980061708505953311e-01,8.406079330187663512e-01
7.743149192973977080e-01,8.695238543400359843e-01,8.215811071604400828e-01,2.891609384725391529e-01,7.435639020095566876e-01,-2.162078850464654034e-01,5.573762857046543617e-01,-7.808168508358785953e-01,8.875480183191494232e-01,1.000000000000000000e+00,5.631872773577840663e-01,-2.680355473659573051e-01,7.184189553695402575e-02,6.165632480119488390e-01,-5.538283956141544229e-01,9.148947599544452469e-01,7.697592379789686134e-01,7.985508895810663477e-01,7.189690307190094165e-01,5.470843703647975120e-01,4.774914525847244740e-01,7.382956441137741299e-01,4.524624787516048352e-01,6.595215307236046431e-01,3.057035352514335669e-01,6.232910685862587119e-01,6.733297060694480862e-01,4.026010954125334718e-01,3.582022621403003204e-01,8.903388054982476207e-01,5.220652474741505067e-01,6.898611541646341161e-01,2.215661521590865379e-01,1.405079065178360120e-01,5.886195749706863989e-01,4.002194992361141068e-01,6.469903854662405474e-01,7.983024960075201237e-01,8.202938045819277990e-01
6.953832089908860148e-01,6.034088885413287917e-01,6.401254776072737851e-01,-2.488835875528566666e-01,7.266060257902725583e-01,4.396500527517229195e-01,-4.181530714062933751e-02,-5.262559965734707745e-01,5.422993278015599827e-01,5.631872773577840663e-01,1.000000000000000000e+00,-7.857407957912503071e-02,-4.234721816088031221e-01,7.319643362204072412e-01,-1.436603729603596613e-01,4.970186000769220569e-01,7.783165284682045382e-01,4.146571085301126169e-01,1.520084327728397355e-01,-5.630246148092363234e-02,2.142382503177769904e-01,2.613936279000673157e-01,6.785067239781317205e-01,5.646036291843198329e-01,6.362165410310031133e-01,7.585296985091239952e-01,6.120755230155235926e-01,6.737824271181664937e-01,7.064674680008490304e-01,4.496088148048307254e-01,7.301835523995616750e-01,7.672883796984714122e-01,5.696497654952350498e-01,5.781099034402188419e-01,7.428947772531345750e-01,6.164517945521756914e-01,7.764095968586616214e-01,2.021642141134493698e-01,2.854514326695325455e-01
-3.812450557732370848e-01,-2.025412526771609434e-01,-3.159497047283387761e-01,-3.444885693519473269e-01,-2.227066999270066738e-01,2.279802338241574133e-01,-2.376516655281633028e-01,4.256493169747798677e-01,-3.746565626693604267e-01,-2.680355473659573051e-01,-7.857407957912503071e-02,1.000000000000000000e+00,-4.015819591994865823e-01,9.073389836868353542e-03,6.993223696540118439e-01,-4.045862691063624728e-01,-8.797214457042940028e-02,-2.851065698428905115e-01,-2.637100128476914662e-01,-2.635297937180978711e-01,-4.667737492304260272e-01,-1.161866009341160910e-01,-1.371462861974601447e-02,-1.581713450571645974e-01,-1.358659119834463302e-01,-1.425187537246724312e-01,6.460090889138969672e-02,4.891676115205281783e-02,2.028104860556428912e-01,-3.738719002939963620e-01,1.766218800325029814e-01,6.322435003151137545e-02,3.847121970151267112e-01,3.586192463264404329e-01,1.174487462210448557e-01,1.072020598046183881e-01,2.530975919772252697e-02,-5.088159290929230583e-01,-5.036966074220049494e-01
2.399620611794318209e-02,-9.617325141069762995e-03,-1.353406355496103164e-01,7.730897942662928735e-01,-2.906407045384635235e-01,-6.825152159692514653e-01,4.938714177899128366e-01,1.310093765245334829e-02,8.789738617278634869e-02,7.184189553695402575e-02,-4.234721816088031221e-01,-4.015819591994865823e-01,1.000000000000000000e+00,-4.273349825555381454e-01,-5.884223554703873482e-01,2.057550377640350592e-01,-1.789807169012989918e-01,1.413056843498894655e-01,2.652985276316330854e-01,5.439099557124105200e-01,2.463664415755466297e-01,1.249028678155443689e-01,-5.604488228136658146e-01,-2.387545881410774451e-01,-5.446009469113789470e-01,-3.425378075496997021e-01,-4.183776943474188936e-01,-5.716471875077776543e-01,-5.630709081787391712e-01,2.197821528853201867e-01,-7.109796229435170201e-01,-3.518555998503483107e-01,-6.964661727317759121e-01,-7.262995511740589771e-01,-4.333507714997989479e-01,-5.186192075238639232e-01,-3.465177161322020583e-01,4.699760458196530211e-01,3.814359851691091485e-01
6.368314271254866821e-01,5.951089960515092425e-01,6.959745779042336711e-01,-2.606848195792681455e-01,7.849220533680901779e-01,3.309301442525766079e-01,1.217456437236246955e-02,-5.999714793622142883e-01,5.956316639863711293e-01,6.165632480119488390e-01,7.319643362204072412e-01,9.073389836868353542e-03,-4.273349825555381454e-01,1.000000000000000000e+00,-6.514545355444799346e-02,5.113813701835923098e-01,6.898188852561832896e-01,4.547637653203916996e-01,2.860822198079117085e-01,2.362374360059283848e-02,2.542656533789551809e-01,3.841731772577866577e-01,7.729646646708562274e-01,7.206680139661509887e-01,6.196138734739918830e-01,7.163431426312025785e-01,6.745372185308700086e-01,6.498641281020302030e-01,6.714716268633434959e-01,5.172646197681252112e-01,7.551897097720269292e-01,7.554797297770560194e-01,6.280061126631891755e-01,5.966600986408088225e-01,7.620914120913442336e-01,5.666871226015283147e-01,7.288259172113624729e-01,2.567303140480480805e-01,3.337523436730863158e-01
-6.147547065942562394e-01,-4.502514603560642259e-01,-4.919481743521564310e-01,-6.632525905358104268e-01,-3.695630484703817387e-01,4.100254526636659680e-01,-5.000728999178597478e-01,5.721809768036968391e-01,-6.182293366743917273e-01,-5.538283956141544229e-01,-1.436603729603596613e-01,6.993223696540118439e-01,-5.884223554703873482e-01,-6.514545355444799346e-02,1.000000000000000000e+00,-6.762280074340210057e-01,-2.582712772465043383e-01,-5.637558995400075990e-01,-4.155288106324232511e-01,-5.682222278654233127e-01,-5.459057951375392292e-01,-3.649025582958851932e-01,1.086318729973351313e-04,-1.756298473055407094e-01,-1.261406609455521799e-02,-2.260658422260133915e-01,-7.470295390455223769e-03,-9.859528811645082089e-03,1.177251895994154973e-01,-6.320675294472266614e-01,1.468681985585724437e-01,-1.755628048128832774e-01,3.163147264497110367e-01,3.877899325118682738e-01,-5.720066727199125262e-02,1.529293235848471801e-02,-1.573122816773141752e-01,-7.314421699927367015e-01,-7.013134542013041983e-01
7.974120444067409608e-01,8.303081432475696300e-01,7.854421442725636471e-01,3.842972283228094921e-01,6.865210810385987683e-01,-2.397646811302447667e-01,6.009640523285135760e-01,-7.653435272616531115e-01,8.739948713046280515e-01,9.148947599544452469e-01,4.970186000769220569e-01,-4.045862691063624728e-01,2.057550377640350592e-01,5.113813701835923098e-01,-6.762280074340210057e-01,1.000000000000000000e+00,6.899388799224271951e-01,8.246000101787244185e-01,7.166591313257725249e-01,5.936373070775549099e-01,5.375975044479859299e-01,6.846098876308801540e-01,3.836005445611735953e-01,6.211088470284241714e-01,2.734626755797220365e-01,6.004757897580255133e-01,5.792998184148117069e-01,3.664416196324625230e-01,2.472480280520592544e-01,8.807042804635821787e-01,3.991221496906568467e-01,5.656647072285297950e-01,5.818245457958959310e-02,-4.341049920086402611e-04,4.892437480199745559e-01,3.745669496046144520e-01,5.510250374522553951e-01,8.433495273380275936e-01,8.498399508285299220e-01
6.302281846746106142e-01,7.288175996290274794e-01,6.992734880421197508e-01,1.584853715069311358e-02,6.705751866348304002e-01,8.730364916312452483e-02,3.190045183481571844e-01,-6.064612189054638947e-01,6.881500284519034283e-01,7.697592379789686134e-01,7.783165284682045382e-01,-8.797214457042940028e-02,-1.789807169012989918e-01,6.898188852561832896e-01,-2.582712772465043383e-01,6.899388799224271951e-01,1.000000000000000000e+00,6.105070174287293705e-01,5.492546622742083828e-01,2.681099868214342763e-01,2.914058890703208893e-01,5.956613509490579217e-01,5.632794892138078824e-01,6.778692073158831821e-01,4.230189295591234022e-01,6.316097724104750011e-01,7.268275508433772458e-01,4.694220118996739188e-01,5.230510353864744610e-01,6.711320102785369723e-01,6.329051494666715350e-01,7.142121754945631729e-01,4.066197153757302729e-01,3.288193992407522637e-01,6.613413952780284877e-01,4.797195007537417566e-01,6.966888249301597114e-01,5.279248156155109672e-01,5.799205879565479949e-01
6.388401447477748407e-01,7.266087922090248563e-01,6.952323205437204168e-01,3.406608215417020746e-01,6.377063387669607009e-01,-2.182605435959732165e-01,6.644135346844558532e-01,-6.445756664205014586e-01,7.446584112906782238e-01,7.985508895810663477e-01,4.146571085301126169e-01,-2.851065698428905115e-01,1.413056843498894655e-01,4.547637653203916996e-01,-5.637558995400075990e-01,8.246000101787244185e-01,6.105070174287293705e-01,1.000000000000000000e+00,7.571860497176147176e-01,5.867288897306781603e-01,4.627646437722328088e-01,6.827693971355246472e-01,4.192372656858622815e-01,4.936071028433894337e-01,2.840519772557375533e-01,5.713479016044969994e-01,5.502334429774005109e-01,3.843378596279363735e-01,2.756154047899471160e-01,7.484886126797287709e-01,3.963565674130391514e-01,4.857688960842838077e-01,4.367293804760005727e-02,-5.205001745439034183e-02,4.679047511661804104e-01,4.418888758172286324e-01,5.122678056804162994e-01,7.313712797720798298e-01,7.649785840331611020e-01
3.596192007244888855e-01,6.458216462030549332e-01,5.280777309337981729e-01,4.528613027158935322e-01,3.737792019630925000e-01,-4.822106341111073169e-01,8.074990972776403542e-01,-5.111789220199945971e-01,6.651100315963746068e-01,7.189690307190094165e-01,1.520084327728397355e-01,-2.637100128476914662e-01,2.652985276316330854e-01,2.860822198079117085e-01,-4.155288106324232511e-01,7.166591313257725249e-01,5.492546622742083828e-01,7.571860497176147176e-01,1.000000000000000000e+00,6.879810278992822825e-01,3.677300643850712758e-01,7.999232713080490775e-01,1.604497501543922511e-01,4.772712951670894932e-01,-7.389888031978347760e-03,2.521796927018313261e-01,5.022213780928703741e-01,5.031925967255185261e-02,-1.239375383712566087e-02,7.327496897696978984e-01,2.186523420265134021e-01,2.731315644187893299e-01,-8.036326586227113267e-02,-2.522714950006097467e-01,2.346118947554043932e-01,1.788485967861838666e-01,2.639617720440522453e-01,8.006914356614160955e-01,8.057102017086410495e-01
3.530232113418711459e-01,4.859051071730535187e-01,4.076005765422504035e-01,6.548396808026056837e-01,1.625145097281207041e-01,-5.659396303328356748e-01,8.172155733399512068e-01,-4.556530617796988869e-01,4.982258199877053206e-01,5.470843703647975120e-01,-5.630246148092363234e-02,-2.635297937180978711e-01,5.439099557124105200e-01,2.362374360059283848e-02,-5.682222278654233127e-01,5.936373070775549099e-01,2.681099868214342763e-01,5.867288897306781603e-01,6.879810278992822825e-01,1.000000000000000000e+00,5.909288893289711408e-01,7.580710206050903510e-01,-7.823205728153308225e-02,1.790028508912037963e-01,-2.190974068062504498e-01,1.415748920532682587e-01,1.728093285729569994e-01,-1.955674165834662276e-02,-1.301007100165570696e-01,5.838542100490271558e-01,-5.803584212595205849e-02,1.576293997541692027e-01,-1.963951683414516258e-01,-4.364473592866118246e-01,5.440743740267216244e-02,-4.255724405149904216e-02,1.166850026597491818e-01,7.417152352673535010e-01,6.651516513328712410e-01
5.434630749293418717e-01,5.070997958890051116e-01,5.719501695023730958e-01,2.507919497359429317e-01,3.844351621877005187e-01,-1.865443231447089234e-01,4.213713097847648359e-01,-6.666105468478877860e-01,4.347156094399340920e-01,4.774914525847244740e-01,2.142382503177769904e-01,-4.667737492304260272e-01,2.463664415755466297e-01,2.542656533789551809e-01,-5.459057951375392292e-01,5.375975044479859299e-01,2.914058890703208893e-01,4.627646437722328088e-01,3.677300643850712758e-01,5.909288893289711408e-01,1.000000000000000000e+00,5.604245262168465747e-01,2.483926731713275715e-01,2.751288370668600880e-01,2.097114222918594062e-01,4.942453739419762071e-01,2.682105899072876332e-01,3.318741039661690650e-01,1.784739465956000359e-01,4.769789137075579610e-01,1.947476506801441853e-01,3.422769089776532825e-01,1.043009799709932739e-01,-1.650958444614470666e-01,2.829069061335177659e-01,2.286560231457987757e-01,3.413846967814802569e-01,5.249869974386479621e-01,4.755355621816070855e-01
4.404620554651558773e-01,6.474464597639805197e-01,6.598067270627813174e-01,3.322939494111752379e-01,4.414995777196140669e-01,-3.657023605021459955e-01,7.131396105296088361e-01,-6.384688752396069367e-01,6.491505649842497228e-01,7.382956441137741299e-01,2.613936279000673157e-01,-1.161866009341160910e-01,1.249028678155443689e-01,3.841731772577866577e-01,-3.649025582958851932e-01,6.846098876308801540e-01,5.956613509490579217e-01,6.827693971355246472e-01,7.999232713080490775e-01,7.580710206050903510e-01,5.604245262168465747e-01,1.000000000000000000e+00,3.170589752980583764e-01,4.408460814961733254e-01,1.067534058661114699e-01,3.848063152308808244e-01,5.652211840903147433e-01,2.641889614098986705e-01,1.552941088498094868e-01,6.900645604463552241e-01,3.841916547070899357e-01,4.306622799204427587e-01,2.404919901467328924e-01,-9.015072211409957958e-02,3.560314209953941988e-01,2.432126238205292446e-01,3.800881559104781759e-01,7.338018377361151812e-01,7.154923942520013957e-01
5.055807967406055203e-01,4.008292724102979210e-01,6.293977858183046337e-01,-3.686976635673377412e-01,7.243068974231997581e-01,4.780627932271638847e-01,-6.853536463696131842e-02,-5.184688406516584358e-01,4.357621397270899921e-01,4.524624787516048352e-01,6.785067239781317205e-01,-1.371462861974601447e-02,-5.604488228136658146e-01,7.729646646708562274e-01,1.086318729973351313e-04,3.836005445611735953e-01,5.632794892138078824e-01,4.192372656858622815e-01,1.604497501543922511e-01,-7.823205728153308225e-02,2.483926731713275715e-01,3.170589752980583764e-01,1.000000000000000000e+00,5.551421764316626373e-01,8.512213162666010247e-01,7.143152103830355815e-01,5.893759058832270803e-01,7.277377617223401707e-01,7.081486687491375109e-01,3.060643303911484980e-01,7.419537466465695452e-01,5.961658947200075831e-01,6.151351889152741892e-01,5.499680444196514140e-01,6.928261431778197643e-01,6.796851086108340878e-01,6.537158439698613766e-01,1.093103582703995186e-01,1.893057972980669301e-01
5.680283260317712246e-01,6.433623835656717693e-01,6.392088812442993095e-01,-5.935734089987995676e-02,6.162175097748853192e-01,1.380537648524272909e-01,2.307321423662849202e-01,-5.811350125349059592e-01,6.457263084658073637e-01,6.595215307236046431e-01,5.646036291843198329e-01,-1.581713450571645974e-01,-2.387545881410774451e-01,7.206680139661509887e-01,-1.756298473055407094e-01,6.211088470284241714e-01,6.778692073158831821e-01,4.936071028433894337e-01,4.772712951670894932e-01,1.790028508912037963e-01,2.751288370668600880e-01,4.408460814961733254e-01,5.551421764316626373e-01,1.000000000000000000e+00,4.664341094691443756e-01,5.798956689753236304e-01,6.306642356886797973e-01,4.135846143049390355e-01,4.190239523781388864e-01,6.257291458269584883e-01,5.754543154092288670e-01,5.531574775320540205e-01,3.609081870951034721e-01,3.502246715168805813e-01,5.939036371928081426e-01,3.395421146935542756e-01,5.579517156417996837e-01,4.668484479830284362e-01,5.000252866306119648e-01
4.778835279952878823e-01,2.837125415014776775e-01,5.375952473849946456e-01,-4.118385588715895440e-01,6.482988158499747300e-01,5.403747404491774375e-01,-2.102144286633560177e-01,-4.464927796921867031e-01,3.004083529629965055e-01,3.057035352514335669e-01,6.362165410310031133e-01,-1.358659119834463302e-01,-5.446009469113789470e-01,6.196138734739918830e-01,-1.261406609455521799e-02,2.734626755797220365e-01,4.230189295591234022e-01,2.840519772557375533e-01,-7.389888031978347760e-03,-2.190974068062504498e-01,2.097114222918594062e-01,1.067534058661114699e-01,8.512213162666010247e-01,4.664341094691443756e-01,1.000000000000000000e+00,6.734682451662457048e-01,4.451560677908646402e-01,6.854224564007830311e-01,6.734787253368608173e-01,1.567059748879469083e-01,6.374084511283619747e-01,5.006747100885160506e-01,5.335803622877139940e-01,5.154314062877901614e-01,6.138360544697013532e-01,6.458605796518933628e-01,5.919237188904080682e-01,-6.194321591247268187e-03,7.199848906068608001e-02
7.361832653170425900e-01,6.272012732376818223e-01,7.376894827994632253e-01,-2.646833620752173100e-01,7.623343017902521890e-01,3.589105545849337608e-01,8.466434820952249696e-02,-6.558448538337640077e-01,5.627743936732000352e-01,6.232910685862587119e-01,7.585296985091239952e-01,-1.425187537246724312e-01,-3.425378075496997021e-01,7.163431426312025785e-01,-2.260658422260133915e-01,6.004757897580255133e-01,6.316097724104750011e-01,5.713479016044969994e-01,2.521796927018313261e-01,1.415748920532682587e-01,4.942453739419762071e-01,3.848063152308808244e-01,7.143152103830355815e-01,5.798956689753236304e-01,6.734682451662457048e-01,1.000000000000000000e+00,7.150698412055531694e-01,8.355674737688764120e-01,7.447831232326586060e-01,4.756944673794932243e-01,7.639493458421495742e-01,7.627462384516157101e-01,5.067677841171648323e-01,4.593434254504991099e-01,7.823693867526180235e-01,6.991703408978817702e-01,8.197477245494332321e-01,3.165940293533718863e-01,3.701605522427964257e-01
4.591883081971424030e-01,6.439308285331006854e-01,6.395144521690215855e-01,-2.220474052785186558e-01,6.250248946977127185e-01,2.100241173445432097e-01,2.723607911063488651e-01,-5.348106908168704932e-01,5.410769783242186382e-01,6.733297060694480862e-01,6.120755230155235926e-01,6.460090889138969672e-02,-4.183776943474188936e-01,6.745372185308700086e-01,-7.470295390455223769e-03,5.792998184148117069e-01,7.268275508433772458e-01,5.502334429774005109e-01,5.022213780928703741e-01,1.728093285729569994e-01,2.682105899072876332e-01,5.652211840903147433e-01,5.893759058832270803e-01,6.306642356886797973e-01,4.451560677908646402e-01,7.150698412055531694e-01,1.000000000000000000e+00,6.136886844901618954e-01,5.779210153817199158e-01,5.162319465958962184e-01,8.101311260373510459e-01,6.792152778318848450e-01,4.750182139654114399e-01,4.064597064578931440e-01,6.983402642023645024e-01,5.781171419376033294e-01,6.826522516595633361e-01,3.625442095432477863e-01,4.520832620752044950e-01
5.696389375955693835e-01,4.304805054699992195e-01,6.041479879261617558e-01,-4.833156537989392598e-01,6.599014308284393282e-01,5.063998097397153231e-01,-1.122635428210683461e-01,-4.963135288967602810e-01,3.646766341042221304e-01,4.026010954125334718e-01,6.737824271181664937e-01,4.891676115205281783e-02,-5.716471875077776543e-01,6.498641281020302030e-01,-9.859528811645082089e-03,3.664416196324625230e-01,4.694220118996739188e-01,3.843378596279363735e-01,5.031925967255185261e-02,-1.955674165834662276e-02,3.318741039661690650e-01,2.641889614098986705e-01,7.277377617223401707e-01,4.135846143049390355e-01,6.854224564007830311e-01,8.355674737688764120e-01,6.136886844901618954e-01,1.000000000000000000e+00,7.624717602649450088e-01,2.357315367591678590e-01,8.106295021621569008e-01,6.982458293614992595e-01,6.609027988128119979e-01,5.816045176276120054e-01,7.079954575457688692e-01,7.427951906080596522e-01,7.163345039451947116e-01,6.039444928712629779e-02,1.031722160169470798e-01
4.796406891634826253e-01,4.201516700649622904e-01,4.546143665431154890e-01,-4.365718880471357588e-01,5.641328930909621509e-01,5.363556493161818484e-01,-1.723413691607826315e-01,-3.445432257572506596e-01,2.527817961999752616e-01,3.582022621403003204e-01,7.064674680008490304e-01,2.028104860556428912e-01,-5.630709081787391712e-01,6.714716268633434959e-01,1.177251895994154973e-01,2.472480280520592544e-01,5.230510353864744610e-01,2.756154047899471160e-01,-1.239375383712566087e-02,-1.301007100165570696e-01,1.784739465956000359e-01,1.552941088498094868e-01,7.081486687491375109e-01,4.190239523781388864e-01,6.734787253368608173e-01,7.447831232326586060e-01,5.779210153817199158e-01,7.624717602649450088e-01,1.000000000000000000e+00,1.592334954548266790e-01,7.448719105391113926e-01,7.672653231206905122e-01,6.368383331038595108e-01,5.964588322324390068e-01,8.242813506609352192e-01,7.263616449130627650e-01,8.330249717268014553e-01,-8.448622947774403480e-02,-3.515524125258499138e-02
7.314326009360416769e-01,8.243547709837587556e-01,7.531895852429526528e-01,4.045657284178891255e-01,6.797695714204002870e-01,-3.461771569795275560e-01,6.045492573309054762e-01,-7.473230531044751102e-01,9.151875543096914534e-01,8.903388054982476207e-01,4.496088148048307254e-01,-3.738719002939963620e-01,2.197821528853201867e-01,5.172646197681252112e-01,-6.320675294472266614e-01,8.807042804635821787e-01,6.711320102785369723e-01,7.484886126797287709e-01,7.327496897696978984e-01,5.838542100490271558e-01,4.769789137075579610e-01,6.900645604463552241e-01,3.060643303911484980e-01,6.257291458269584883e-01,1.567059748879469083e-01,4.756944673794932243e-01,5.162319465958962184e-01,2.357315367591678590e-01,1.592334954548266790e-01,1.000000000000000000e+00,3.473669122413882149e-01,5.524620201084299298e-01,9.201551145523327591e-02,3.254563047463236714e-02,4.269080354816382483e-01,2.528371154290570133e-01,4.784616525163473688e-01,8.413292369668265991e-01,8.643096667939933475e-01
5.054499360575164246e-01,5.572185278324766067e-01,6.392626495246319651e-01,-4.923604853295342476e-01,7.006583314087042602e-01,4.598290399141151674e-01,-4.395317477326161210e-02,-5.071584442504983858e-01,4.492968057960913253e-01,5.220652474741505067e-01,7.301835523995616750e-01,1.766218800325029814e-01,-7.109796229435170201e-01,7.551897097720269292e-01,1.468681985585724437e-01,3.991221496906568467e-01,6.329051494666715350e-01,3.963565674130391514e-01,2.186523420265134021e-01,-5.803584212595205849e-02,1.947476506801441853e-01,3.841916547070899357e-01,7.419537466465695452e-01,5.754543154092288670e-01,6.374084511283619747e-01,7.639493458421495742e-01,8.101311260373510459e-01,8.106295021621569008e-01,7.448719105391113926e-01,3.473669122413882149e-01,1.000000000000000000e+00,7.632574620198785409e-01,7.517066463135732013e-01,6.859413431485245072e-01,7.686549097716635082e-01,7.069257125369465822e-01,7.395081772287880328e-01,9.884100580491116117e-02,1.813915103272779050e-01
7.243704547902860558e-01,7.308075646474654352e-01,6.885743775308130754e-01,-1.531993134968376025e-01,7.431229738302287391e-01,2.184643533967116358e-01,9.652471533160503214e-02,-5.878928251685624495e-01,6.044659923515585120e-01,6.898611541646341161e-01,7.672883796984714122e-01,6.322435003151137545e-02,-3.518555998503483107e-01,7.554797297770560194e-01,-1.755628048128832774e-01,5.656647072285297950e-01,7.142121754945631729e-01,4.857688960842838077e-01,2.731315644187893299e-01,1.576293997541692027e-01,3.422769089776532825e-01,4.306622799204427587e-01,5.961658947200075831e-01,5.531574775320540205e-01,5.006747100885160506e-01,7.627462384516157101e-01,6.792152778318848450e-01,6.982458293614992595e-01,7.672653231206905122e-01,5.524620201084299298e-01,7.632574620198785409e-01,1.000000000000000000e+00,6.331981934794573830e-01,5.620868242394472247e-01,8.383244827347521300e-01,6.338975312177770327e-01,8.837653625211038255e-01,2.884989463614476835e-01,3.345065105781563353e-01
3.116689573465400986e-01,2.648755442998245724e-01,4.280676015791277100e-01,-5.359232941589177068e-01,4.881019608612528482e-01,4.496215870341306320e-01,-2.725050051000617590e-01,-3.110186543611282439e-01,1.867560098413821867e-01,2.215661521590865379e-01,5.696497654952350498e-01,3.847121970151267112e-01,-6.964661727317759121e-01,6.280061126631891755e-01,3.163147264497110367e-01,5.818245457958959310e-02,4.066197153757302729e-01,4.367293804760005727e-02,-8.036326586227113267e-02,-1.963951683414516258e-01,1.043009799709932739e-01,2.404919901467328924e-01,6.151351889152741892e-01,3.609081870951034721e-01,5.335803622877139940e-01,5.067677841171648323e-01,4.750182139654114399e-01,6.609027988128119979e-01,6.368383331038595108e-01,9.201551145523327591e-02,7.517066463135732013e-01,6.331981934794573830e-01,1.000000000000000000e+00,7.325420227354312308e-01,6.100795936038480027e-01,5.125328919514207104e-01,5.524244199928612931e-01,-1.736995063039400156e-01,-1.303321863513092760e-01
2.575253021684147381e-01,1.707580180950468152e-01,3.060455779552227473e-01,-6.187651132180920222e-01,5.209787638626646178e-01,5.817600788613256357e-01,-4.368894797522747675e-01,-1.799213464861247336e-01,1.810557776798890350e-01,1.405079065178360120e-01,5.781099034402188419e-01,3.586192463264404329e-01,-7.262995511740589771e-01,5.966600986408088225e-01,3.877899325118682738e-01,-4.341049920086402611e-04,3.288193992407522637e-01,-5.205001745439034183e-02,-2.522714950006097467e-01,-4.364473592866118246e-01,-1.650958444614470666e-01,-9.015072211409957958e-02,5.499680444196514140e-01,3.502246715168805813e-01,5.154314062877901614e-01,4.593434254504991099e-01,4.064597064578931440e-01,5.816045176276120054e-01,5.964588322324390068e-01,3.254563047463236714e-02,6.859413431485245072e-01,5.620868242394472247e-01,7.325420227354312308e-01,1.000000000000000000e+00,5.169753223517306040e-01,4.595439584866216065e-01,4.766014808964089688e-01,-2.708341729862359659e-01,-1.850905204349721223e-01
6.307323915150933047e-01,6.519812490365242130e-01,5.919077424350737138e-01,-2.274442309151838981e-01,6.779191246853523145e-01,3.861683893241982801e-01,7.486445736652046212e-02,-4.741560074703411454e-01,4.837620062344809568e-01,5.886195749706863989e-01,7.428947772531345750e-01,1.174487462210448557e-01,-4.333507714997989479e-01,7.620914120913442336e-01,-5.720066727199125262e-02,4.892437480199745559e-01,6.613413952780284877e-01,4.679047511661804104e-01,2.346118947554043932e-01,5.440743740267216244e-02,2.829069061335177659e-01,3.560314209953941988e-01,6.928261431778197643e-01,5.939036371928081426e-01,6.138360544697013532e-01,7.823693867526180235e-01,6.983402642023645024e-01,7.079954575457688692e-01,8.242813506609352192e-01,4.269080354816382483e-01,7.686549097716635082e-01,8.383244827347521300e-01,6.100795936038480027e-01,5.169753223517306040e-01,1.000000000000000000e+00,7.199956485357756897e-01,9.189500008344905213e-01,1.836936025847075438e-01,2.346600357716863150e-01
4.737474071848082890e-01,4.951666751666757293e-01,4.939268935316710740e-01,-3.300646143192048632e-01,5.922411183979151561e-01,4.057730702623557617e-01,-1.391566566049714550e-02,-3.721841576346369695e-01,3.409025024337499765e-01,4.002194992361141068e-01,6.164517945521756914e-01,1.072020598046183881e-01,-5.186192075238639232e-01,5.666871226015283147e-01,1.529293235848471801e-02,3.745669496046144520e-01,4.797195007537417566e-01,4.418888758172286324e-01,1.788485967861838666e-01,-4.255724405149904216e-02,2.286560231457987757e-01,2.432126238205292446e-01,6.796851086108340878e-01,3.395421146935542756e-01,6.458605796518933628e-01,6.991703408978817702e-01,5.781171419376033294e-01,7.427951906080596522e-01,7.263616449130627650e-01,2.528371154290570133e-01,7.069257125369465822e-01,6.338975312177770327e-01,5.125328919514207104e-01,4.595439584866216065e-01,7.199956485357756897e-01,1.000000000000000000e+00,7.060795864329796334e-01,3.577180807882315849e-02,8.437923490825879891e-02
7.000918866217367142e-01,6.988376347803968436e-01,6.369063374625559826e-01,-1.770803881849677408e-01,6.955220151986241106e-01,3.077829437835731818e-01,1.008244776100189477e-01,-5.378592415872760490e-01,5.292110266284396625e-01,6.469903854662405474e-01,7.764095968586616214e-01,2.530975919772252697e-02,-3.465177161322020583e-01,7.288259172113624729e-01,-1.573122816773141752e-01,5.510250374522553951e-01,6.966888249301597114e-01,5.122678056804162994e-01,2.639617720440522453e-01,1.166850026597491818e-01,3.413846967814802569e-01,3.800881559104781759e-01,6.537158439698613766e-01,5.579517156417996837e-01,5.919237188904080682e-01,8.197477245494332321e-01,6.826522516595633361e-01,7.163345039451947116e-01,8.330249717268014553e-01,4.784616525163473688e-01,7.395081772287880328e-01,8.837653625211038255e-01,5.524244199928612931e-01,4.766014808964089688e-01,9.189500008344905213e-01,7.060795864329796334e-01,1.000000000000000000e+00,2.592563764025553885e-01,3.010719541519855658e-01
5.801775539503939427e-01,6.594251832454051110e-01,6.437625160405724412e-01,5.778949135798857606e-01,4.584254983017578833e-01,-5.127311480268014199e-01,7.420819895411249201e-01,-6.749522172725319624e-01,7.980061708505953311e-01,7.983024960075201237e-01,2.021642141134493698e-01,-5.088159290929230583e-01,4.699760458196530211e-01,2.567303140480480805e-01,-7.314421699927367015e-01,8.433495273380275936e-01,5.279248156155109672e-01,7.313712797720798298e-01,8.006914356614160955e-01,7.417152352673535010e-01,5.249869974386479621e-01,7.338018377361151812e-01,1.093103582703995186e-01,4.668484479830284362e-01,-6.194321591247268187e-03,3.165940293533718863e-01,3.625442095432477863e-01,6.039444928712629779e-02,-8.448622947774403480e-02,8.413292369668265991e-01,9.884100580491116117e-02,2.884989463614476835e-01,-1.736995063039400156e-01,-2.708341729862359659e-01,1.836936025847075438e-01,3.577180807882315849e-02,2.592563764025553885e-01,1.000000000000000000e+00,9.278543833694724574e-01
5.913607343233886482e-01,6.781965267888905302e-01,6.797491114626736941e-01,5.324644036176375828e-01,5.443760644515960312e-01,-4.392668569651728694e-01,7.275553906631168077e-01,-6.925596817963440843e-01,8.406079330187663512e-01,8.202938045819277990e-01,2.854514326695325455e-01,-5.036966074220049494e-01,3.814359851691091485e-01,3.337523436730863158e-01,-7.013134542013041983e-01,8.498399508285299220e-01,5.799205879565479949e-01,7.649785840331611020e-01,8.057102017086410495e-01,6.651516513328712410e-01,4.755355621816070855e-01,7.154923942520013957e-01,1.893057972980669301e-01,5.000252866306119648e-01,7.199848906068608001e-02,3.701605522427964257e-01,4.520832620752044950e-01,1.031722160169470798e-01,-3.515524125258499138e-02,8.643096667939933475e-01,1.813915103272779050e-01,3.345065105781563353e-01,-1.303321863513092760e-01,-1.850905204349721223e-01,2.346600357716863150e-01,8.437923490825879891e-02,3.010719541519855658e-01,9.278543833694724574e-01,1.000000000000000000e+00
