1.000000000000000000e+00,7.688818787357412088e-01,4.673626170915851086e-01,5.075562085231238862e-01,6.584080108079545246e-01,4.256168718989233879e-01,-5.454257557646504662e-01,-4.354641387472821812e-01,6.790678033938630787e-01,8.445962328389228224e-01,5.416854828270631916e-01,-4.931206947946952662e-02,-3.582962413457462247e-01,6.761085466864257265e-01,-2.011714852647163432e-01,8.625253210999077602e-01,6.156583358187491806e-01,3.710129077297617539e-01,5.287337738737499793e-01,-2.045792473912085574e-01,-9.908804183853316128e-02,-2.182904768482177293e-01,5.780826738958159128e-01,2.954745385793702828e-01,7.408250033083118025e-01,7.753491951859569076e-01,7.726075641243194125e-01,4.075077202134114174e-01,8.774181124723374747e-01,8.541746218643173627e-01,6.797185865831796292e-01,7.916582955216320272e-01,6.057797291327080558e-01,4.438026742924175427e-01,7.055125314468322362e-01,5.633864863399274947e-01,7.942582481981044218e-01,4.554437535555848626e-01,4.125768729481869845e-02
7.688818787357412088e-01,1.000000000000000000e+00,3.185673727052040216e-01,1.541394010121831526e-01,6.245500079442098951e-01,4.813320814201313969e-01,-3.841658936435446425e-01,-3.858473784593750011e-01,7.816680232070486456e-01,8.305331402109339400e-01,5.560872493702357922e-01,-2.836486911657885024e-01,-1.734440850244155508e-01,6.360609978933278175e-01,-5.477736803943948907e-01,7.178895193081716863e-01,6.291348383532791022e-01,5.283596860853614352e-01,4.264633223253794236e-01,-5.837314126501605971e-01,-5.328210157073177689e-01,-5.258921996239325214e-01,5.152693730591062504e-01,3.083181631710371073e-01,7.335052383225478811e-01,4.316016779115369739e-01,6.099057647372913005e-01,-6.159863607548111269e-02,8.048326666848253375e-01,8.017471169997286706e-01,4.983124006111442905e-01,6.616890443047035442e-01,4.719544997878162840e-01,2.451284532044656905e-01,5.173037126254765861e-01,4.895131914016881414e-01,6.465786263897468356e-01,6.773051260461260270e-02,3.190766904908297064e-01
4.673626170915851086e-01,3.185673727052040216e-01,1.000000000000000000e+00,6.249777687372560786e-01,7.941544424520102785e-01,1.756198873906644753e-01,-1.440718514908332915e-01,-8.986347466569766240e-01,6.247879833371137170e-01,5.754739581344238131e-01,2.913272248913644225e-01,2.136975031923810664e-01,-4.110298036970718716e-01,7.138272972188388632e-01,5.923676976002461431e-02,5.770101281165170848e-01,3.758469062841874320e-01,5.793530898600929291e-01,4.828344429534929261e-01,4.023360982721986556e-02,2.596920483586284689e-01,1.452607735916043030e-01,6.216974829951935622e-01,5.715028001294200077e-01,4.865612757064843308e-01,5.430583052347210948e-01,6.315223555922468979e-01,4.700872739722581906e-01,4.687163462807970582e-01,6.112207446220805362e-01,7.111539262357059465e-01,4.940625262838126974e-01,7.410611200092429574e-01,7.338829801414546994e-01,3.923869756144786614e-01,2.432172796074730803e-01,4.367826212673098230e-01,5.312193325014618051e-01,1.552338795107211789e-01
5.075562085231238862e-01,1.541394010121831526e-01,6.249777687372560786e-01,1.000000000000000000e+00,5.451796794899798071e-01,9.299428163542042269e-02,-1.438738886955446827e-01,-5.110337196619547662e-01,3.975695635514686077e-01,4.335507277066420473e-01,1.642848154560140328e-01,3.593316385043872074e-01,-4.294791902072006562e-01,5.312826524796743222e-01,3.387295891446420182e-01,5.273315356622774175e-01,2.521763782627627903e-01,3.882666060308843092e-01,6.057214603582903312e-01,3.586203996343416689e-01,4.721084252382573565e-01,2.893065786906512393e-01,4.482770215875489517e-01,2.934110823903023357e-01,3.428020579498700648e-01,6.689797128570230678e-01,5.547072548332057096e-01,6.610485860272075076e-01,4.374177218788376509e-01,4.436131057653781573e-01,5.852638441089792476e-01,4.607095927881578179e-01,4.848867787820856923e-01,5.911615569256770675e-01,4.614517503464602433e-01,2.832527174168240069e-01,4.539630736623374574e-01,7.013477892378340295e-01,-6.857799676083865814e-02
6.584080108079545246e-01,6.245500079442098951e-01,7.941544424520102785e-01,5.451796794899798071e-01,1.000000000000000000e+00,3.775768782309543159e-01,-3.509867369075765908e-01,-7.734442847784984698e-01,8.119721728693751750e-01,7.322379888775554235e-01,4.681868237601333194e-01,-3.517340396771712757e-02,-4.814549207176326839e-01,8.491117831157182216e-01,-2.326894501982506858e-01,6.834972805461311252e-01,6.061907833648351174e-01,6.141240087350893218e-01,5.019158671848480413e-01,-3.269696400242941836e-01,-1.101048843434490332e-01,-2.289134430515508134e-01,6.563133519871017230e-01,5.777623818434587388e-01,6.886253136148644538e-01,5.848658580664292117e-01,7.360475165061155511e-01,2.387963943910962616e-01,7.420409984204304754e-01,7.962555799176159743e-01,6.991947826279237832e-01,7.076525711662503548e-01,7.936637513128420585e-01,7.467263643315350530e-01,5.758719419113729199e-01,3.299652899475672418e-01,6.659081786205289788e-01,3.667854238847093606e-01,2.529376110998521887e-01
4.256168718989233879e-01,4.813320814201313969e-01,1.756198873906644753e-01,9.299428163542042269e-02,3.775768782309543159e-01,1.000000000000000000e+00,-5.273897269582682457e-01,-2.149430220295528438e-01,2.757007948348071946e-01,4.705475592389622985e-01,8.642674253546847041e-01,-5.073811001099292062e-01,1.635992794729443645e-01,4.742722592071566545e-01,-5.387021996012795189e-01,5.068937529088404226e-01,8.355304644810973569e-01,1.629962044759544759e-01,2.573718414748652483e-01,-5.109608581325982835e-01,-4.856294509536849269e-01,-5.758530540482497129e-01,2.231031076384184242e-01,1.194133264217151769e-01,6.774355599166476116e-01,4.287059103768828261e-01,4.590511063906193012e-01,2.986247470066735743e-02,5.509620109645011476e-01,4.579774032060944244e-01,3.441697033706094255e-01,5.963012542100120106e-01,5.479061359802411824e-01,-6.957509094166877683e-02,6.560894864054986897e-01,2.744707456084377606e-01,6.794405368739597773e-01,-5.635493764949252998e-02,-2.354991327106018273e-01
-5.454257557646504662e-01,-3.841658936435446425e-01,-1.440718514908332915e-01,-1.438738886955446827e-01,-3.509867369075765908e-01,-5.273897269582682457e-01,1.000000000000000000e+00,1.797904115105769252e-01,-2.010054020550883502e-01,-4.342593402561223948e-01,-6.171517593870660123e-01,3.290114445179961877e-01,7.235088866615799197e-02,-3.577931924478544023e-01,2.913253031928935144e-01,-5.023727645424364008e-01,-6.172770267393178356e-01,8.220114408419784691e-02,-2.274356089029582473e-01,3.652029778633213430e-01,1.982408341463944013e-01,4.751819657043432343e-01,-1.698066795841288723e-01,-4.013224996420870078e-02,-5.076520779280232487e-01,-5.514981416915990531e-01,-4.546445283728942632e-01,-1.667833888383861152e-01,-5.665377458239663211e-01,-4.273801341858732838e-01,-2.590345264537542991e-01,-6.385351516456744259e-01,-4.421787920650436243e-01,-1.529388300561119463e-01,-5.585801783166267631e-01,-1.866283311977746939e-01,-6.156857090461954618e-01,-2.540766373338316786e-01,2.704286516016485287e-01
-4.354641387472821812e-01,-3.858473784593750011e-01,-8.986347466569766240e-01,-5.110337196619547662e-01,-7.734442847784984698e-01,-2.149430220295528438e-01,1.797904115105769252e-01,1.000000000000000000e+00,-6.248537395909794512e-01,-5.803057405313665207e-01,-3.189397035099394984e-01,-7.963016400260823635e-02,2.795394770349422520e-01,-6.985965270412597405e-01,9.695571510122832914e-02,-5.519606333745591398e-01,-4.174189401158493462e-01,-5.629522320886013453e-01,-4.077103984063578657e-01,1.048492529470970852e-01,-9.692462916106159287e-02,2.162248878736288890e-02,-6.182841099312673672e-01,-5.674741435543856349e-01,-5.221212599823280565e-01,-4.326758328837624901e-01,-5.327228676100373983e-01,-3.001718984444213811e-01,-4.560474451954898423e-01,-5.933778443952375525e-01,-6.194404425705283268e-01,-4.443202878455685401e-01,-6.484594874421830690e-01,-6.513019426305540760e-01,-3.403231677819413825e-01,-2.028840387282325186e-01,-3.921437077180423558e-01,-4.058356507318822692e-01,-1.818354033107730250e-01
6.790678033938630787e-01,7.816680232070486456e-01,6.247879833371137170e-01,3.975695635514686077e-01,8.119721728693751750e-01,2.757007948348071946e-01,-2.010054020550883502e-01,-6.248537395909794512e-01,1.000000000000000000e+00,7.911967750395876298e-01,3.549755525533297429e-01,-1.398508807378777028e-03,-4.325115715744796141e-01,7.544391457498562659e-01,-3.401167262140104008e-01,6.715748568496270332e-01,4.912491717230320076e-01,7.661622140958539440e-01,5.545954105385986210e-01,-4.194065361774125256e-01,-2.955754605846421801e-01,-2.940599202507271359e-01,7.055359069625337654e-01,5.451242899596493441e-01,6.825670547808710964e-01,4.132295925173043449e-01,6.565781610022226600e-01,5.360864757341284731e-02,7.071443262016238185e-01,8.022925675620934394e-01,6.515245765660571120e-01,5.888174111606946370e-01,6.349078004434052236e-01,5.843822121377428847e-01,4.463134550890721641e-01,3.547136276835881619e-01,5.557687055836189050e-01,2.575989544671251630e-01,5.376928942883011375e-01
8.445962328389228224e-01,8.305331402109339400e-01,5.754739581344238131e-01,4.335507277066420473e-01,7.322379888775554235e-01,4.705475592389622985e-01,-4.342593402561223948e-01,-5.803057405313665207e-01,7.911967750395876298e-01,1.000000000000000000e+00,5.955783093245817783e-01,-5.854494487105593031e-02,-2.532742634720132058e-01,7.205732660762174113e-01,-3.074846052375173056e-01,9.083562359836516720e-01,6.367199301211720064e-01,5.969508232897742239e-01,6.238364896318207009e-01,-3.099314972751630037e-01,-2.119547644200326375e-01,-2.655573051833062248e-01,6.142032064144515857e-01,4.166678690750377223e-01,7.548266566642217734e-01,6.875125606269035794e-01,7.812086236805435568e-01,3.244288026996257068e-01,8.269962415865623750e-01,8.898874339536536615e-01,7.443015533036000386e-01,7.470937808046853590e-01,6.317286227211086347e-01,3.904694184539864166e-01,6.068304504453024828e-01,5.793402156301301620e-01,7.215096410724678444e-01,3.831892285730468251e-01,1.761020796961189350e-01
5.416854828270631916e-01,5.560872493702357922e-01,2.913272248913644225e-01,1.642848154560140328e-01,4.681868237601333194e-01,8.642674253546847041e-01,-6.171517593870660123e-01,-3.189397035099394984e-01,3.549755525533297429e-01,5.955783093245817783e-01,1.000000000000000000e+00,-4.543627942953661902e-01,9.867751383439588020e-02,4.921652549758626094e-01,-4.776867934108259273e-01,6.245152459545055823e-01,8.417658906905934879e-01,2.274681606819232704e-01,3.592241666750123352e-01,-4.574784307638390946e-01,-3.890796983958104138e-01,-5.095343375710198464e-01,2.154370642477940190e-01,1.017628161146945792e-01,6.529551034730146641e-01,5.755010882657959348e-01,6.126069102932700794e-01,1.573522740549363197e-01,6.309132488190675181e-01,5.633990509265636160e-01,4.364798574193958780e-01,7.365113472628459501e-01,5.730161505073324557e-01,1.196035111377980256e-02,6.924329664546287066e-01,3.782485285738962366e-01,7.320516622685929731e-01,9.480004523447388420e-02,-2.574407952978315373e-01
-4.931206947946952662e-02,-2.836486911657885024e-01,2.136975031923810664e-01,3.593316385043872074e-01,-3.517340396771712757e-02,-5.073811001099292062e-01,3.290114445179961877e-01,-7.963016400260823635e-02,-1.398508807378777028e-03,-5.854494487105593031e-02,-4.543627942953661902e-01,1.000000000000000000e+00,-2.777930954798017438e-01,-4.135849999118510617e-02,6.915452487596331910e-01,-1.735723367558660718e-02,-4.352482883828782123e-01,8.386969943239551417e-02,2.206271832571014835e-01,6.056350129096244039e-01,6.419562820570599015e-01,6.945059164055116252e-01,1.288022059463885538e-01,9.885276791879865632e-02,-2.750101053317697275e-01,1.052506036934751782e-01,5.890780335517278865e-02,4.406802224523520550e-01,-1.908127233629902941e-01,-8.422708148691561425e-02,1.890593373501519570e-01,-1.825406021811286361e-01,-4.317598557991660785e-02,2.848381297989052152e-01,-1.489591724685382090e-01,5.466239627855767891e-02,-1.948566514034099362e-01,4.686458544863930653e-01,2.207543941704337986e-01
-3.582962413457462247e-01,-1.734440850244155508e-01,-4.110298036970718716e-01,-4.294791902072006562e-01,-4.814549207176326839e-01,1.635992794729443645e-01,7.235088866615799197e-02,2.795394770349422520e-01,-4.325115715744796141e-01,-2.532742634720132058e-01,9.867751383439588020e-02,-2.777930954798017438e-01,1.000000000000000000e+00,-3.470018160379451100e-01,-1.186972974782729839e-01,-2.430201240492755321e-01,-8.622483775378626814e-02,-2.661736112924753539e-01,-2.038956226174965525e-01,-2.386877045760379609e-02,-2.363915871079980691e-01,-1.920284193081298885e-01,-3.470323569574704781e-01,-3.532168706445080741e-01,-2.078810282384075947e-01,-3.360542957615525461e-01,-4.426608122134502166e-01,-2.599567350676944000e-01,-3.464988566150688509e-01,-3.884785730553776406e-01,-4.795841497035493450e-01,-3.215788637179166076e-01,-3.709325711611841103e-01,-6.690474411068348948e-01,-2.404903750879936464e-01,-8.824798222113455770e-02,-2.846001213838679211e-01,-3.217706822800840971e-01,-2.555959592968289340e-01
6.761085466864257265e-01,6.360609978933278175e-01,7.138272972188388632e-01,5.312826524796743222e-01,8.491117831157182216e-01,4.742722592071566545e-01,-3.577931924478544023e-01,-6.985965270412597405e-01,7.544391457498562659e-01,7.205732660762174113e-01,4.921652549758626094e-01,-4.135849999118510617e-02,-3.470018160379451100e-01,1.000000000000000000e+00,-1.784063421196017407e-01,7.064164957819990542e-01,6.866945685517982234e-01,5.820412511557049307e-01,5.915773217595442501e-01,-3.308214102062421169e-01,-1.414762111387248833e-01,-2.658968284438590346e-01,7.365121024641871905e-01,6.145377831989209394e-01,7.837462098608207750e-01,5.906837279288055242e-01,6.827548022603362465e-01,2.079903775165941326e-01,7.496117275811660097e-01,7.620187358272266787e-01,6.680986494827991784e-01,6.920071787688970577e-01,8.015746650641156767e-01,6.277499689790917436e-01,6.699475811183512874e-01,3.393141565969894358e-01,7.138969813501713224e-01,4.202127086924537513e-01,2.412018171927988730e-01
-2.011714852647163432e-01,-5.477736803943948907e-01,5.923676976002461431e-02,3.387295891446420182e-01,-2.326894501982506858e-01,-5.387021996012795189e-01,2.913253031928935144e-01,9.695571510122832914e-02,-3.401167262140104008e-01,-3.074846052375173056e-01,-4.776867934108259273e-01,6.915452487596331910e-01,-1.186972974782729839e-01,-1.784063421196017407e-01,1.000000000000000000e+00,-1.755103421364747340e-01,-4.855598714496795476e-01,-1.831478043055823623e-01,1.538197299083093883e-01,7.951943824673658456e-01,8.184748963707159097e-01,7.711266835489415383e-01,-1.194654643392827897e-01,-1.233771462272304081e-01,-4.566069926458513062e-01,1.239853299428852612e-01,-9.692697046843910813e-02,5.071082455977991010e-01,-3.210707790918397309e-01,-3.219655623116659537e-01,-4.467300570558414147e-02,-2.160751125263294936e-01,-1.692925720574305071e-01,1.392324972418242934e-01,-1.396838663369680267e-01,5.005688306874336857e-02,-2.557123926403562231e-01,5.646319436011382198e-01,-1.297109720737753269e-01
8.625253210999077602e-01,7.178895193081716863e-01,5.770101281165170848e-01,5.273315356622774175e-01,6.834972805461311252e-01,5.068937529088404226e-01,-5.023727645424364008e-01,-5.519606333745591398e-01,6.715748568496270332e-01,9.083562359836516720e-01,6.245152459545055823e-01,-1.735723367558660718e-02,-2.430201240492755321e-01,7.064164957819990542e-01,-1.755103421364747340e-01,1.000000000000000000e+00,6.588965393897563416e-01,4.685667470608885221e-01,6.359323616929393186e-01,-1.694144437443908524e-01,-5.506461015201004339e-02,-1.656451065967134428e-01,5.915459085685699225e-01,3.726438688754666884e-01,7.466256017124490718e-01,8.042705273647680064e-01,8.060066164500890862e-01,4.994336293526854820e-01,8.165408049130592483e-01,8.619906960718632938e-01,7.970878927056920249e-01,7.862966922993368524e-01,6.540030628653448197e-01,3.861694253962119072e-01,6.994825348915967300e-01,6.262557968733158953e-01,7.788198078721798590e-01,4.940734114159134327e-01,-1.835820520389572219e-02
6.156583358187491806e-01,6.291348383532791022e-01,3.758469062841874320e-01,2.521763782627627903e-01,6.061907833648351174e-01,8.355304644810973569e-01,-6.172770267393178356e-01,-4.174189401158493462e-01,4.912491717230320076e-01,6.367199301211720064e-01,8.417658906905934879e-01,-4.352482883828782123e-01,-8.622483775378626814e-02,6.866945685517982234e-01,-4.855598714496795476e-01,6.588965393897563416e-01,1.000000000000000000e+00,2.896828886813598292e-01,3.836193546403909860e-01,-5.487091206643384123e-01,-4.289540452319828279e-01,-5.670017711243232617e-01,4.094885983067054758e-01,3.209635759471931027e-01,8.077496669828680975e-01,5.705079346277706076e-01,6.116245840937710732e-01,8.160180319667406645e-02,7.203141042497959168e-01,6.596468222095337453e-01,4.999315907456404195e-01,7.665479016663396816e-01,6.649635522212306027e-01,2.073918457424101247e-01,7.464918420173837221e-01,3.255157969505815818e-01,7.731038627038627764e-01,1.619663458594490235e-01,-1.022985788619799330e-01
3.710129077297617539e-01,5.283596860853614352e-01,5.793530898600929291e-01,3.882666060308843092e-01,6.141240087350893218e-01,1.629962044759544759e-01,8.220114408419784691e-02,-5.629522320886013453e-01,7.661622140958539440e-01,5.969508232897742239e-01,2.274681606819232704e-01,8.386969943239551417e-02,-2.661736112924753539e-01,5.820412511557049307e-01,-1.831478043055823623e-01,4.685667470608885221e-01,2.896828886813598292e-01,1.000000000000000000e+00,6.917096016499942879e-01,-2.206508267020568237e-01,-1.852270698340580668e-01,-1.340115637732994802e-01,5.644990843938549885e-01,5.103273678141915237e-01,4.456236769309224743e-01,2.344977233392522564e-01,4.526391495887421290e-01,3.445641425465476027e-02,3.876783374279035854e-01,5.140700456780473715e-01,5.118123443828246355e-01,3.335603623382260019e-01,4.649914950057879026e-01,3.456090160823062085e-01,2.081017601651551086e-01,1.690262206876317341e-01,2.718975657649820854e-01,2.598513552878548016e-01,5.470411539181875282e-01
5.287337738737499793e-01,4.264633223253794236e-01,4.828344429534929261e-01,6.057214603582903312e-01,5.019158671848480413e-01,2.573718414748652483e-01,-2.274356089029582473e-01,-4.077103984063578657e-01,5.545954105385986210e-01,6.238364896318207009e-01,3.592241666750123352e-01,2.206271832571014835e-01,-2.038956226174965525e-01,5.915773217595442501e-01,1.538197299083093883e-01,6.359323616929393186e-01,3.836193546403909860e-01,6.917096016499942879e-01,1.000000000000000000e+00,3.562881947637545899e-02,1.011145408689591019e-01,-2.583274050424954563e-03,4.959260961292847325e-01,3.306642283753490341e-01,4.516135958410892881e-01,5.931362890337421589e-01,5.974673969105124272e-01,3.828900682072272077e-01,4.885139009637067820e-01,5.002921317513742139e-01,5.602377255420732949e-01,5.391368012361285045e-01,4.824630250363126649e-01,2.481264337028536160e-01,4.853091053563599044e-01,3.975742408144998796e-01,4.947771390735624109e-01,6.343088134696237557e-01,2.150150602393559041e-01
-2.045792473912085574e-01,-5.837314126501605971e-01,4.023360982721986556e-02,3.586203996343416689e-01,-3.269696400242941836e-01,-5.109608581325982835e-01,3.652029778633213430e-01,1.048492529470970852e-01,-4.194065361774125256e-01,-3.099314972751630037e-01,-4.574784307638390946e-01,6.056350129096244039e-01,-2.386877045760379609e-02,-3.308214102062421169e-01,7.951943824673658456e-01,-1.694144437443908524e-01,-5.487091206643384123e-01,-2.206508267020568237e-01,3.562881947637545899e-02,1.000000000000000000e+00,8.624845443341986329e-01,8.403612850573445314e-01,-1.954279209768045311e-01,-2.143102064325569101e-01,-4.970784316570101558e-01,1.099240943670137527e-01,-1.429443525089904299e-01,6.249265114961480849e-01,-3.729065293903969791e-01,-3.173325353943298732e-01,-3.385918167051177319e-02,-2.977453455353171741e-01,-2.670989157862224683e-01,7.373208879649651749e-03,-2.331506029671540081e-01,4.011650225414932491e-02,-3.090093432564375298e-01,4.467676815418599734e-01,-3.007706399026216504e-01
-9.908804183853316128e-02,-5.328210157073177689e-01,2.596920483586284689e-01,4.721084252382573565e-01,-1.101048843434490332e-01,-4.856294509536849269e-01,1.982408341463944013e-01,-9.692462916106159287e-02,-2.955754605846421801e-01,-2.119547644200326375e-01,-3.890796983958104138e-01,6.419562820570599015e-01,-2.363915871079980691e-01,-1.414762111387248833e-01,8.184748963707159097e-01,-5.506461015201004339e-02,-4.289540452319828279e-01,-1.852270698340580668e-01,1.011145408689591019e-01,8.624845443341986329e-01,1.000000000000000000e+00,8.440336221629958224e-01,-6.024234063483261542e-02,-7.814783775853519077e-02,-3.871998092996137286e-01,2.585908925912790979e-01,3.513854811201935768e-02,7.051849600706904253e-01,-2.450955408750567777e-01,-1.795299976399918895e-01,1.379763231793149636e-01,-1.328863217372415750e-01,-3.860180131996682890e-02,2.595611421582025846e-01,-9.874138598543592826e-02,7.736770162285677710e-02,-1.692524075110670434e-01,5.755236689402292161e-01,-2.818493816890295656e-01
-2.182904768482177293e-01,-5.258921996239325214e-01,1.452607735916043030e-01,2.893065786906512393e-01,-2.289134430515508134e-01,-5.758530540482497129e-01,4.751819657043432343e-01,2.162248878736288890e-02,-2.940599202507271359e-01,-2.655573051833062248e-01,-5.095343375710198464e-01,6.945059164055116252e-01,-1.920284193081298885e-01,-2.658968284438590346e-01,7.711266835489415383e-01,-1.656451065967134428e-01,-5.670017711243232617e-01,-1.340115637732994802e-01,-2.583274050424954563e-03,8.403612850573445314e-01,8.440336221629958224e-01,1.000000000000000000e+00,-1.250741892749094031e-01,-9.582207984867446848e-02,-4.824260684558990264e-01,7.858297007382195054e-02,-6.671958600249368321e-02,5.745511535184378848e-01,-3.654613427072803677e-01,-2.458356812056526897e-01,6.893372096301256247e-02,-2.942425857505768239e-01,-1.871880155179678484e-01,1.409189260161658463e-01,-2.417937585695822678e-01,7.279938195985612148e-02,-3.159940242214854256e-01,3.847108821272728352e-01,-1.316663030409749024e-01
5.780826738958159128e-01,5.152693730591062504e-01,6.216974829951935622e-01,4.482770215875489517e-01,6.563133519871017230e-01,2.231031076384184242e-01,-1.698066795841288723e-01,-6.182841099312673672e-01,7.055359069625337654e-01,6.142032064144515857e-01,2.154370642477940190e-01,1.288022059463885538e-01,-3.470323569574704781e-01,7.365121024641871905e-01,-1.194654643392827897e-01,5.915459085685699225e-01,4.094885983067054758e-01,5.644990843938549885e-01,4.959260961292847325e-01,-1.954279209768045311e-01,-6.024234063483261542e-02,-1.250741892749094031e-01,1.000000000000000000e+00,7.386142719688384428e-01,7.213804899056794895e-01,4.063450530998424792e-01,5.482912293779284019e-01,1.946000764282512785e-01,5.200274883259118353e-01,6.156624435341077062e-01,6.514618525929226633e-01,4.208656360531257135e-01,6.025269325705510104e-01,5.568201568379166355e-01,4.423496400695504094e-01,1.780391938528395335e-01,4.681366851322462663e-01,4.147695297328726771e-01,4.582444998741353470e-01
2.954745385793702828e-01,3.083181631710371073e-01,5.715028001294200077e-01,2.934110823903023357e-01,5.777623818434587388e-01,1.194133264217151769e-01,-4.013224996420870078e-02,-5.674741435543856349e-01,5.451242899596493441e-01,4.166678690750377223e-01,1.017628161146945792e-01,9.885276791879865632e-02,-3.532168706445080741e-01,6.145377831989209394e-01,-1.233771462272304081e-01,3.726438688754666884e-01,3.209635759471931027e-01,5.103273678141915237e-01,3.306642283753490341e-01,-2.143102064325569101e-01,-7.814783775853519077e-02,-9.582207984867446848e-02,7.386142719688384428e-01,1.000000000000000000e+00,5.261710656096177940e-01,1.922091948062553679e-01,3.455815115147704564e-01,6.134394145503571649e-02,2.949511862456342670e-01,4.438715032607994937e-01,4.975534633790314465e-01,2.505860841294448860e-01,5.076968418130010097e-01,5.177546462108167935e-01,2.133995083314127739e-01,-6.572292446397103027e-02,2.495760964708818308e-01,2.543738878255081270e-01,4.188834888697159919e-01
7.408250033083118025e-01,7.335052383225478811e-01,4.865612757064843308e-01,3.428020579498700648e-01,6.886253136148644538e-01,6.774355599166476116e-01,-5.076520779280232487e-01,-5.221212599823280565e-01,6.825670547808710964e-01,7.548266566642217734e-01,6.529551034730146641e-01,-2.750101053317697275e-01,-2.078810282384075947e-01,7.837462098608207750e-01,-4.566069926458513062e-01,7.466256017124490718e-01,8.077496669828680975e-01,4.456236769309224743e-01,4.516135958410892881e-01,-4.970784316570101558e-01,-3.871998092996137286e-01,-4.824260684558990264e-01,7.213804899056794895e-01,5.261710656096177940e-01,1.000000000000000000e+00,5.652366515079833009e-01,6.712458795364756314e-01,1.166584850427391518e-01,7.726941911952978082e-01,7.565126673225709419e-01,6.437398570420148625e-01,7.023242807079066452e-01,7.071573719201071917e-01,3.734051721830077275e-01,7.129664027217813560e-01,2.979000369403749793e-01,7.629031011140083862e-01,2.446579025814091812e-01,1.599649267372150463e-01
7.753491951859569076e-01,4.316016779115369739e-01,5.430583052347210948e-01,6.689797128570230678e-01,5.848658580664292117e-01,4.287059103768828261e-01,-5.514981416915990531e-01,-4.326758328837624901e-01,4.132295925173043449e-01,6.875125606269035794e-01,5.755010882657959348e-01,1.052506036934751782e-01,-3.360542957615525461e-01,5.906837279288055242e-01,1.239853299428852612e-01,8.042705273647680064e-01,5.705079346277706076e-01,2.344977233392522564e-01,5.931362890337421589e-01,1.099240943670137527e-01,2.585908925912790979e-01,7.858297007382195054e-02,4.063450530998424792e-01,1.922091948062553679e-01,5.652366515079833009e-01,1.000000000000000000e+00,8.285411488320034712e-01,7.295924892695268005e-01,7.252763245122469948e-01,6.837520161807577601e-01,7.237398466805645691e-01,8.057231539866325232e-01,6.368717765435683020e-01,4.219927005556581290e-01,7.511638325489425894e-01,5.834198150809356553e-01,7.737727410899384317e-01,6.761482954721957928e-01,-2.687764113733321358e-01
7.726075641243194125e-01,6.099057647372913005e-01,6.315223555922468979e-01,5.547072548332057096e-01,7.360475165061155511e-01,4.590511063906193012e-01,-4.546445283728942632e-01,-5.327228676100373983e-01,6.565781610022226600e-01,7.812086236805435568e-01,6.126069102932700794e-01,5.890780335517278865e-02,-4.426608122134502166e-01,6.827548022603362465e-01,-9.692697046843910813e-02,8.060066164500890862e-01,6.116245840937710732e-01,4.526391495887421290e-01,5.974673969105124272e-01,-1.429443525089904299e-01,3.513854811201935768e-02,-6.671958600249368321e-02,5.482912293779284019e-01,3.455815115147704564e-01,6.712458795364756314e-01,8.285411488320034712e-01,1.000000000000000000e+00,5.101030950843247203e-01,7.740727821561922406e-01,7.870647843085616380e-01,8.164842738328654814e-01,8.423126486324765683e-01,7.285204955529814841e-01,5.047926186564932749e-01,7.385426589681568510e-01,5.561404657274799934e-01,7.876548787489702219e-01,5.250963783509550176e-01,5.758397037885353703e-02
4.075077202134114174e-01,-6.159863607548111269e-02,4.700872739722581906e-01,6.610485860272075076e-01,2.387963943910962616e-01,2.986247470066735743e-02,-1.667833888383861152e-01,-3.001718984444213811e-01,5.360864757341284731e-02,3.244288026996257068e-01,1.573522740549363197e-01,4.406802224523520550e-01,-2.599567350676944000e-01,2.079903775165941326e-01,5.071082455977991010e-01,4.994336293526854820e-01,8.160180319667406645e-02,3.445641425465476027e-02,3.828900682072272077e-01,6.249265114961480849e-01,7.051849600706904253e-01,5.745511535184378848e-01,1.946000764282512785e-01,6.134394145503571649e-02,1.166584850427391518e-01,7.295924892695268005e-01,5.101030950843247203e-01,1.000000000000000000e+00,2.575119290837855068e-01,3.309454118441069181e-01,5.778319580273781897e-01,3.698523343845024902e-01,3.440123467939135704e-01,3.242204653309164186e-01,3.555765884804527599e-01,4.295537440581312372e-01,3.435994982290913602e-01,7.025850500831412049e-01,-3.951959154155446075e-01
8.774181124723374747e-01,8.048326666848253375e-01,4.687163462807970582e-01,4.374177218788376509e-01,7.420409984204304754e-01,5.509620109645011476e-01,-5.665377458239663211e-01,-4.560474451954898423e-01,7.071443262016238185e-01,8.269962415865623750e-01,6.309132488190675181e-01,-1.908127233629902941e-01,-3.464988566150688509e-01,7.496117275811660097e-01,-3.210707790918397309e-01,8.165408049130592483e-01,7.203141042497959168e-01,3.876783374279035854e-01,4.885139009637067820e-01,-3.729065293903969791e-01,-2.450955408750567777e-01,-3.654613427072803677e-01,5.200274883259118353e-01,2.949511862456342670e-01,7.726941911952978082e-01,7.252763245122469948e-01,7.740727821561922406e-01,2.575119290837855068e-01,1.000000000000000000e+00,8.562638728555170831e-01,6.285561286701205619e-01,8.512445330602101956e-01,6.616417700845709238e-01,4.657161039523740054e-01,7.418890248388617659e-01,5.535484501254900325e-01,8.533613741848093959e-01,3.052932725504442502e-01,4.267971453593022435e-02
8.541746218643173627e-01,8.017471169997286706e-01,6.112207446220805362e-01,4.436131057653781573e-01,7.962555799176159743e-01,4.579774032060944244e-01,-4.273801341858732838e-01,-5.933778443952375525e-01,8.022925675620934394e-01,8.898874339536536615e-01,5.633990509265636160e-01,-8.422708148691561425e-02,-3.884785730553776406e-01,7.620187358272266787e-01,-3.219655623116659537e-01,8.619906960718632938e-01,6.596468222095337453e-01,5.140700456780473715e-01,5.002921317513742139e-01,-3.173325353943298732e-01,-1.795299976399918895e-01,-2.458356812056526897e-01,6.156624435341077062e-01,4.438715032607994937e-01,7.565126673225709419e-01,6.837520161807577601e-01,7.870647843085616380e-01,3.309454118441069181e-01,8.562638728555170831e-01,1.000000000000000000e+00,7.555342290943628525e-01,7.868272577596381323e-01,6.855860915468248162e-01,5.176323057305188824e-01,6.508461723810146093e-01,5.896723328486155324e-01,7.675520845731800268e-01,3.453506149402130188e-01,1.536724923486220695e-01
6.797185865831796292e-01,4.983124006111442905e-01,7.111539262357059465e-01,5.852638441089792476e-01,6.991947826279237832e-01,3.441697033706094255e-01,-2.590345264537542991e-01,-6.194404425705283268e-01,6.515245765660571120e-01,7.443015533036000386e-01,4.364798574193958780e-01,1.890593373501519570e-01,-4.795841497035493450e-01,6.680986494827991784e-01,-4.467300570558414147e-02,7.970878927056920249e-01,4.999315907456404195e-01,5.118123443828246355e-01,5.602377255420732949e-01,-3.385918167051177319e-02,1.379763231793149636e-01,6.893372096301256247e-02,6.514618525929226633e-01,4.975534633790314465e-01,6.437398570420148625e-01,7.237398466805645691e-01,8.164842738328654814e-01,5.778319580273781897e-01,6.285561286701205619e-01,7.555342290943628525e-01,1.000000000000000000e+00,6.531008586430957497e-01,6.963515121517791506e-01,5.440536306343872752e-01,6.064489075400656404e-01,4.781959840383387395e-01,6.493653659010082402e-01,5.227087091860239676e-01,9.197864113907938677e-02
7.916582955216320272e-01,6.616890443047035442e-01,4.940625262838126974e-01,4.607095927881578179e-01,7.076525711662503548e-01,5.963012542100120106e-01,-6.385351516456744259e-01,-4.443202878455685401e-01,5.888174111606946370e-01,7.470937808046853590e-01,7.365113472628459501e-01,-1.825406021811286361e-01,-3.215788637179166076e-01,6.920071787688970577e-01,-2.160751125263294936e-01,7.862966922993368524e-01,7.665479016663396816e-01,3.335603623382260019e-01,5.391368012361285045e-01,-2.977453455353171741e-01,-1.328863217372415750e-01,-2.942425857505768239e-01,4.208656360531257135e-01,2.505860841294448860e-01,7.023242807079066452e-01,8.057231539866325232e-01,8.423126486324765683e-01,3.698523343845024902e-01,8.512445330602101956e-01,7.868272577596381323e-01,6.531008586430957497e-01,1.000000000000000000e+00,6.889475505173461301e-01,4.110289327643618651e-01,8.026118939485819004e-01,5.526059163940408858e-01,8.651830545907404080e-01,4.163292858687195341e-01,-9.873915688470408236e-02
6.057797291327080558e-01,4.719544997878162840e-01,7.410611200092429574e-01,4.848867787820856923e-01,7.936637513128420585e-01,5.479061359802411824e-01,-4.421787920650436243e-01,-6.484594874421830690e-01,6.349078004434052236e-01,6.317286227211086347e-01,5.730161505073324557e-01,-4.317598557991660785e-02,-3.709325711611841103e-01,8.015746650641156767e-01,-1.692925720574305071e-01,6.540030628653448197e-01,6.649635522212306027e-01,4.649914950057879026e-01,4.824630250363126649e-01,-2.670989157862224683e-01,-3.860180131996682890e-02,-1.871880155179678484e-01,6.025269325705510104e-01,5.076968418130010097e-01,7.071573719201071917e-01,6.368717765435683020e-01,7.285204955529814841e-01,3.440123467939135704e-01,6.616417700845709238e-01,6.855860915468248162e-01,6.963515121517791506e-01,6.889475505173461301e-01,1.000000000000000000e+00,6.169364200009168631e-01,6.412605312820779391e-01,2.590419935373456384e-01,6.915969608874924512e-01,3.934024321896261722e-01,5.609807511449325240e-02
4.438026742924175427e-01,2.451284532044656905e-01,7.338829801414546994e-01,5.911615569256770675e-01,7.467263643315350530e-01,-6.957509094166877683e-02,-1.529388300561119463e-01,-6.513019426305540760e-01,5.843822121377428847e-01,3.904694184539864166e-01,1.196035111377980256e-02,2.848381297989052152e-01,-6.690474411068348948e-01,6.277499689790917436e-01,1.392324972418242934e-01,3.861694253962119072e-01,2.073918457424101247e-01,3.456090160823062085e-01,2.481264337028536160e-01,7.373208879649651749e-03,2.595611421582025846e-01,1.409189260161658463e-01,5.568201568379166355e-01,5.177546462108167935e-01,3.734051721830077275e-01,4.219927005556581290e-01,5.047926186564932749e-01,3.242204653309164186e-01,4.657161039523740054e-01,5.176323057305188824e-01,5.440536306343872752e-01,4.110289327643618651e-01,6.169364200009168631e-01,1.000000000000000000e+00,3.272170139614630213e-01,8.322978045207420073e-02,3.763411474697654358e-01,4.321105114578411843e-01,2.418952732131958439e-01
7.055125314468322362e-01,5.173037126254765861e-01,3.923869756144786614e-01,4.614517503464602433e-01,5.758719419113729199e-01,6.560894864054986897e-01,-5.585801783166267631e-01,-3.403231677819413825e-01,4.463134550890721641e-01,6.068304504453024828e-01,6.924329664546287066e-01,-1.489591724685382090e-01,-2.404903750879936464e-01,6.699475811183512874e-01,-1.396838663369680267e-01,6.994825348915967300e-01,7.464918420173837221e-01,2.081017601651551086e-01,4.853091053563599044e-01,-2.331506029671540081e-01,-9.874138598543592826e-02,-2.417937585695822678e-01,4.423496400695504094e-01,2.133995083314127739e-01,7.129664027217813560e-01,7.511638325489425894e-01,7.385426589681568510e-01,3.555765884804527599e-01,7.418890248388617659e-01,6.508461723810146093e-01,6.064489075400656404e-01,8.026118939485819004e-01,6.412605312820779391e-01,3.272170139614630213e-01,1.000000000000000000e+00,5.045456567401581660e-01,8.986784634396327576e-01,4.038517836161952257e-01,-1.461408770120083134e-01
5.633864863399274947e-01,4.895131914016881414e-01,2.432172796074730803e-01,2.832527174168240069e-01,3.299652899475672418e-01,2.744707456084377606e-01,-1.866283311977746939e-01,-2.028840387282325186e-01,3.547136276835881619e-01,5.793402156301301620e-01,3.782485285738962366e-01,5.466239627855767891e-02,-8.824798222113455770e-02,3.393141565969894358e-01,5.005688306874336857e-02,6.262557968733158953e-01,3.255157969505815818e-01,1.690262206876317341e-01,3.975742408144998796e-01,4.011650225414932491e-02,7.736770162285677710e-02,7.279938195985612148e-02,1.780391938528395335e-01,-6.572292446397103027e-02,2.979000369403749793e-01,5.834198150809356553e-01,5.561404657274799934e-01,4.295537440581312372e-01,5.535484501254900325e-01,5.896723328486155324e-01,4.781959840383387395e-01,5.526059163940408858e-01,2.590419935373456384e-01,8.322978045207420073e-02,5.045456567401581660e-01,1.000000000000000000e+00,5.525239218929787199e-01,3.147684580986344072e-01,-1.319693519376529955e-01
7.942582481981044218e-01,6.465786263897468356e-01,4.367826212673098230e-01,4.539630736623374574e-01,6.659081786205289788e-01,6.794405368739597773e-01,-6.156857090461954618e-01,-3.921437077180423558e-01,5.557687055836189050e-01,7.215096410724678444e-01,7.320516622685929731e-01,-1.948566514034099362e-01,-2.846001213838679211e-01,7.138969813501713224e-01,-2.557123926403562231e-01,7.788198078721798590e-01,7.731038627038627764e-01,2.718975657649820854e-01,4.947771390735624109e-01,-3.090093432564375298e-01,-1.692524075110670434e-01,-3.159940242214854256e-01,4.681366851322462663e-01,2.495760964708818308e-01,7.629031011140083862e-01,7.737727410899384317e-01,7.876548787489702219e-01,3.435994982290913602e-01,8.533613741848093959e-01,7.675520845731800268e-01,6.493653659010082402e-01,8.651830545907404080e-01,6.915969608874924512e-01,3.763411474697654358e-01,8.986784634396327576e-01,5.525239218929787199e-01,1.000000000000000000e+00,3.541406793334736514e-01,-1.078746322456521495e-01
4.554437535555848626e-01,6.773051260461260270e-02,5.312193325014618051e-01,7.013477892378340295e-01,3.667854238847093606e-01,-5.635493764949252998e-02,-2.540766373338316786e-01,-4.058356507318822692e-01,2.575989544671251630e-01,3.831892285730468251e-01,9.480004523447388420e-02,4.686458544863930653e-01,-3.217706822800840971e-01,4.202127086924537513e-01,5.646319436011382198e-01,4.940734114159134327e-01,1.619663458594490235e-01,2.598513552878548016e-01,6.343088134696237557e-01,4.467676815418599734e-01,5.755236689402292161e-01,3.847108821272728352e-01,4.147695297328726771e-01,2.543738878255081270e-01,2.446579025814091812e-01,6.761482954721957928e-01,5.250963783509550176e-01,7.025850500831412049e-01,3.052932725504442502e-01,3.453506149402130188e-01,5.227087091860239676e-01,4.163292858687195341e-01,3.934024321896261722e-01,4.321105114578411843e-01,4.038517836161952257e-01,3.147684580986344072e-01,3.541406793334736514e-01,1.000000000000000000e+00,1.389498241721125529e-02
4.125768729481869845e-02,3.190766904908297064e-01,1.552338795107211789e-01,-6.857799676083865814e-02,2.529376110998521887e-01,-2.354991327106018273e-01,2.704286516016485287e-01,-1.818354033107730250e-01,5.376928942883011375e-01,1.761020796961189350e-01,-2.574407952978315373e-01,2.207543941704337986e-01,-2.555959592968289340e-01,2.412018171927988730e-01,-1.297109720737753269e-01,-1.835820520389572219e-02,-1.022985788619799330e-01,5.470411539181875282e-01,2.150150602393559041e-01,-3.007706399026216504e-01,-2.818493816890295656e-01,-1.316663030409749024e-01,4.582444998741353470e-01,4.188834888697159919e-01,1.599649267372150463e-01,-2.687764113733321358e-01,5.758397037885353703e-02,-3.951959154155446075e-01,4.267971453593022435e-02,1.536724923486220695e-01,9.197864113907938677e-02,-9.873915688470408236e-02,5.609807511449325240e-02,2.418952732131958439e-01,-1.461408770120083134e-01,-1.319693519376529955e-01,-1.078746322456521495e-01,1.389498241721125529e-02,1.000000000000000000e+00
