1.000000000000000000e+00,4.303675439884044329e-01,2.012812317012007135e-01,-2.309287897109695287e-01,3.826309507577838054e-02,2.263638780756017377e-01,-4.311927678030370858e-02,-1.554694908449708313e-01,9.624683330784958302e-02,1.008056666598885903e-01,-1.111003218850857566e-01,5.637210977744647189e-02,-4.745965451662251255e-02,4.789494025809332145e-01,1.010058927714427984e-01,2.421117100611032136e-01,-9.947202363245283285e-03,-2.269726191598849252e-01,-1.891829576070335195e-01,1.553736507260735922e-01,5.067322001171358226e-01,3.956833578126871531e-01,2.073610215419211533e-01,2.131817075171205667e-01,8.948830003298295643e-02,1.395415918227615459e-01,8.634818472637266484e-02,4.713005741317674580e-01,1.373394950932118053e-01,8.128137366093536598e-02,2.895554459142188897e-01,2.617726465577738248e-02,2.440843248863509840e-01,-1.090670499959583983e-01,3.945116895893568953e-02,-5.753224700011697057e-02,9.812896639596524473e-02,4.552131158779481046e-01,1.824367752781554941e-01
4.303675439884044329e-01,1.000000000000000000e+00,2.392500966821383690e-01,-1.246486813861126530e-02,1.384178293451552855e-01,2.135135993977091140e-01,-1.210487642270193787e-01,-8.587384101371357478e-03,2.065312672201374267e-01,3.146659138335990979e-01,-2.741380898629769067e-02,4.004462649814127251e-01,1.698539701351075570e-01,4.015718312678530078e-01,2.122675877053417370e-01,4.688241135266746351e-01,-4.873278062286825335e-02,8.918508223574032889e-02,1.088568986182131132e-01,-4.754648097031118764e-02,4.896269583192875419e-01,5.373851291124407403e-01,2.242428989266671002e-01,4.511881344028472740e-01,4.468667878231379342e-01,-2.619597821380026392e-01,2.158106834493597748e-01,2.280077363805464996e-01,-1.399389975064412317e-01,5.668206816390827796e-02,3.905439868038883544e-01,2.730208031372928223e-01,4.343082214628147253e-01,2.082321361719706165e-01,1.589589092491279221e-01,-7.328844725138848604e-02,5.245531110711255662e-01,1.559785556970630371e-01,2.601613789047726444e-01
2.012812317012007135e-01,2.392500966821383690e-01,1.000000000000000000e+00,3.241202016921403972e-01,5.066217021479962890e-01,5.394441273042881180e-02,3.005726244298445593e-01,-7.187480989724334135e-01,1.687777654105411806e-01,2.868072981237210772e-01,7.598891285104233950e-02,1.818287026865615386e-01,-8.272211290336591027e-02,1.786149310318914107e-01,1.656611316263236766e-01,2.496432872001390912e-01,1.587830357624372968e-01,3.004631523214408850e-01,3.605811057618270588e-01,3.162348037220190644e-01,2.121016384650019904e-01,3.389625387227379605e-01,2.375454719152269439e-02,1.894135018068548657e-02,8.293263054176633342e-02,1.560644354458671709e-02,2.644466146214168867e-01,2.713672257181581893e-01,7.720924150048603940e-02,2.330574637404909596e-02,2.479966192226211730e-01,2.937380051286683225e-01,2.185943054539573605e-01,3.146750635189490830e-01,-1.723198256316672561e-01,2.672648165786865038e-01,7.627692363085138150e-02,-2.036194428849571157e-03,1.100155498128284476e-01
-2.309287897109695287e-01,-1.246486813861126530e-02,3.241202016921403972e-01,1.000000000000000000e+00,4.785094961924138968e-01,-6.158661018971754719e-02,3.539087299253219077e-01,-2.858231329123837594e-01,-1.258295688564194971e-02,1.092123602209552069e-01,4.337824454825041365e-02,3.941379602525849069e-02,7.472145912036154414e-02,-1.385363529311391673e-01,-8.870448781817323949e-03,7.764020876929914050e-02,-6.097940496699350010e-02,5.267661184866869739e-01,5.183675016311125594e-01,1.154453992512045196e-01,-1.232763841250542475e-01,9.554790266854495950e-02,-1.186983377511170723e-01,-1.052307980967636808e-01,3.269395103716080803e-02,-1.449259228154652079e-01,1.396470959595454142e-01,-1.503714315532229673e-01,-1.894633541985320524e-01,-9.976700785933513560e-02,-1.946449131059788951e-01,-2.327378063940167482e-02,-5.705266146432944052e-02,3.765060744942235749e-01,6.715512470544673191e-04,4.642883064351834704e-02,9.209007026087012715e-02,-3.834573093894698137e-01,-2.072503044829603347e-01
3.826309507577838054e-02,1.384178293451552855e-01,5.066217021479962890e-01,4.785094961924138968e-01,1.000000000000000000e+00,-1.758259715514805255e-01,3.047127406033557917e-01,-4.848043478399875483e-01,1.704770861742479771e-01,2.866399550323278644e-01,7.478702031068379386e-02,1.321884807270818918e-01,4.028582672507812629e-02,-1.147730636275385435e-01,1.653865407136023702e-01,2.484559887467088224e-01,7.260397375074786885e-02,5.417819730232503739e-01,5.433093256940205729e-01,5.112746465202398088e-02,-1.919873166356660110e-02,1.875186107075249298e-01,-1.852124314143659689e-01,-2.090750432380362178e-01,-7.326276137937613731e-02,-1.357139257945961242e-01,1.518237413011607195e-01,1.138607314834244044e-01,-7.768270619210870809e-02,6.517474899931308130e-02,-3.608930465220219763e-02,1.171223740358460774e-01,-9.934894130909997789e-02,6.121096829966949926e-01,-1.685782681319792642e-01,1.608760788327845415e-01,1.875960579376000081e-02,-1.463867541119263649e-01,-1.619732694470822632e-02
2.263638780756017377e-01,2.135135993977091140e-01,5.394441273042881180e-02,-6.158661018971754719e-02,-1.758259715514805255e-01,1.000000000000000000e+00,-1.661891985105851399e-01,5.599200792892438522e-02,9.143547327674142466e-02,-2.282566342744498378e-01,-3.536738770436229778e-02,5.253445247678667496e-02,6.649794592915017621e-02,3.108192624177119057e-01,-6.951596645139084506e-03,4.824538646400125877e-03,3.013766622395235711e-02,-1.274767396779736273e-01,-2.967082111708017889e-02,6.340729524348057145e-02,3.131449057560253268e-01,2.869923036527560201e-01,5.777402141069472030e-01,5.648824149985355314e-01,4.830316835416494370e-01,1.197171932243662126e-02,2.734482684027285115e-01,6.399630469952219403e-02,5.387307299856859688e-02,1.013327375618050877e-02,1.120675472406476858e-01,2.211732748868420473e-01,3.030708728380842598e-01,-8.828289788093750257e-02,3.173570675242712302e-01,-1.266085874587329629e-01,4.030755967921000327e-01,4.541461684338812810e-02,-2.595376521929499899e-02
-4.311927678030370858e-02,-1.210487642270193787e-01,3.005726244298445593e-01,3.539087299253219077e-01,3.047127406033557917e-01,-1.661891985105851399e-01,1.000000000000000000e+00,-4.102948137474615731e-01,-7.336496044988162490e-02,7.486352720502743863e-02,3.003625088226144491e-02,-2.300559691325484435e-01,-3.559188093306455691e-01,1.184812958685134976e-01,-5.018964527852052410e-02,-1.332193521100066280e-01,1.817831739078824560e-01,2.253105272020681504e-01,2.039558955011485375e-01,1.882829767345751970e-01,-7.425854344655744010e-02,-1.440011546364336203e-01,-7.915408746827545805e-02,-1.762056812758063251e-01,-1.951589978641087575e-01,3.467684675470202871e-01,-1.965693956125764974e-01,2.218568872205247539e-02,1.576487822589717758e-01,2.322461755730438060e-01,3.762397422309081418e-02,-2.236143138639631531e-02,2.156905360407787575e-02,7.702644653921043860e-02,-2.675746382985177974e-03,2.763818177853760161e-01,-2.384688273740682152e-01,-3.155296829824081883e-01,-1.815955302235219282e-01
-1.554694908449708313e-01,-8.587384101371357478e-03,-7.187480989724334135e-01,-2.858231329123837594e-01,-4.848043478399875483e-01,5.599200792892438522e-02,-4.102948137474615731e-01,1.000000000000000000e+00,-3.580928053971124680e-02,-1.878280550952478312e-01,-7.239854534514400530e-02,9.632451188436273737e-02,2.757709773788106777e-01,-1.327447485722179354e-01,-3.890754523953900840e-02,-1.535688340868604680e-02,-3.286801897745048606e-01,-2.142485473772115789e-01,-2.294772165296848077e-01,-2.803767952438112054e-01,-5.185668646534066090e-02,-5.522350554125614319e-02,9.393533722719256754e-03,1.209413515936945821e-01,1.386452704006461978e-01,-3.044223225896604546e-01,-1.851713008199860344e-01,-2.603679513989485828e-01,-3.151609651506055987e-01,-9.088287684698541369e-02,-1.867398974552045843e-01,-1.971618280221614783e-01,3.724818391607113977e-02,-1.712663618374185015e-01,2.528371363775224756e-01,-3.096336023445255825e-01,2.280842486725565832e-01,2.100541619189648032e-02,-2.690449933031766397e-02
9.624683330784958302e-02,2.065312672201374267e-01,1.687777654105411806e-01,-1.258295688564194971e-02,1.704770861742479771e-01,9.143547327674142466e-02,-7.336496044988162490e-02,-3.580928053971124680e-02,1.000000000000000000e+00,2.578322083536737086e-01,4.372288708643224525e-02,4.171648823527757677e-01,2.003877473885706251e-01,3.466546529205220828e-02,2.014197769184971065e-01,2.849611189508438058e-01,-1.441326896175730288e-01,1.872437723758509087e-01,1.959515088875365685e-01,-4.130361256432989181e-02,1.028730549242791031e-01,1.983900872036240826e-01,9.245581397514994124e-03,4.642662426701175959e-02,1.407343266606012333e-01,-2.629949151375304273e-01,-1.049852582348684005e-01,1.085629232373577779e-02,-2.105571667714740691e-01,2.870802644360502809e-01,7.909730637599836356e-02,7.686439555528215561e-02,1.894744345116207707e-01,3.551688012571465047e-01,3.948201801974054320e-02,1.544401922833146257e-01,2.541730615188889097e-01,6.155203639024060119e-02,3.012747462318019487e-01
1.008056666598885903e-01,3.146659138335990979e-01,2.868072981237210772e-01,1.092123602209552069e-01,2.866399550323278644e-01,-2.282566342744498378e-01,7.486352720502743863e-02,-1.878280550952478312e-01,2.578322083536737086e-01,1.000000000000000000e+00,7.121123952618674258e-02,3.736714093985598617e-01,1.523741982139935891e-01,1.183889043123352164e-01,2.820074088818477764e-01,6.405924089905702390e-01,-4.191798727268110369e-02,3.149161201750815264e-01,2.617225054397874784e-01,2.042079741530957327e-03,3.276146926836061013e-01,3.362998922064025509e-01,-1.097621871911413499e-01,-6.988936814169209588e-02,1.029720035096652331e-01,-2.130674660690017597e-01,6.963856503067225590e-02,3.778959928250673062e-01,-2.188629114752318749e-01,1.165115342863690395e-01,1.441674675315678944e-01,8.036703387268781529e-02,1.049592636658834011e-01,2.502773842750922739e-01,-1.535966237679762258e-01,9.836939160039440133e-02,1.262316702244083988e-01,-4.177777614486439389e-02,2.599515071027919122e-01
-1.111003218850857566e-01,-2.741380898629769067e-02,7.598891285104233950e-02,4.337824454825041365e-02,7.478702031068379386e-02,-3.536738770436229778e-02,3.003625088226144491e-02,-7.239854534514400530e-02,4.372288708643224525e-02,7.121123952618674258e-02,1.000000000000000000e+00,-4.268402535238130513e-02,-8.933922107292080472e-02,-1.351324289895343145e-01,-5.685276531024502367e-02,3.455456424472701932e-02,2.700039429296219873e-01,1.421162111073046852e-01,1.393429189222412379e-01,-2.844539530848174541e-02,-1.038886051683684669e-01,-8.254111125588545206e-02,1.723972449129717033e-01,-1.110287827046900488e-01,2.401292527540972721e-01,-4.160537608625432260e-02,1.430719573390254115e-02,-6.218059786141402756e-02,-4.397467693656839649e-02,-4.205362392346463640e-02,-4.060741716535062711e-03,3.227282885897411052e-02,-6.638092253215860383e-02,7.157999229064894442e-02,7.296125876801087817e-02,4.582677846653257503e-02,-8.182314140523198540e-03,-7.274515295416877914e-02,-5.419768503377370324e-03
5.637210977744647189e-02,4.004462649814127251e-01,1.818287026865615386e-01,3.941379602525849069e-02,1.321884807270818918e-01,5.253445247678667496e-02,-2.300559691325484435e-01,9.632451188436273737e-02,4.171648823527757677e-01,3.736714093985598617e-01,-4.268402535238130513e-02,1.000000000000000000e+00,4.042667102241153665e-01,-3.064487653661330385e-02,5.389964258661202878e-01,5.136175353584179204e-01,-3.169344016147382925e-01,3.126168728004850572e-01,3.465427109708916764e-01,-7.876028694660700685e-03,2.455199747175816072e-01,4.784457730670641507e-01,-5.493580358610127695e-02,1.088629815377454152e-01,2.415759878919512549e-01,-5.338259011031353252e-01,1.412818080689408340e-01,1.239971539265740941e-01,-4.398325185760760814e-01,-2.772062165272765055e-02,8.606984491121501268e-02,1.492274690863112929e-01,2.698107033561067403e-01,4.107582214308620472e-01,-4.087211498972818935e-02,-1.159769118532561066e-01,4.560426781546686459e-01,8.965357015191280365e-02,3.501147941251194773e-01
-4.745965451662251255e-02,1.698539701351075570e-01,-8.272211290336591027e-02,7.472145912036154414e-02,4.028582672507812629e-02,6.649794592915017621e-02,-3.559188093306455691e-01,2.757709773788106777e-01,2.003877473885706251e-01,1.523741982139935891e-01,-8.933922107292080472e-02,4.042667102241153665e-01,1.000000000000000000e+00,-1.726797050856428706e-01,2.370655683362805632e-01,3.172061831370144858e-01,-2.696869330693736910e-01,1.523473084851371118e-01,1.815290411845436325e-01,-7.476315319921235381e-02,3.797978064543774956e-02,2.770949685584981892e-01,-9.213016925534023294e-02,5.022822225477894392e-02,1.430728085992446497e-01,-5.066381475912329346e-01,-1.108397359015954840e-02,-1.099104905054665848e-01,-3.022183115426173572e-01,-1.233864257499979328e-01,-3.877153149253317888e-01,1.016716628413139173e-01,1.451058533600064863e-02,2.575070332419378549e-01,-1.351631960973878610e-01,-1.532459395234365140e-01,2.528153103948775904e-01,1.369080103958273953e-01,2.452511046531659356e-01
4.789494025809332145e-01,4.015718312678530078e-01,1.786149310318914107e-01,-1.385363529311391673e-01,-1.147730636275385435e-01,3.108192624177119057e-01,1.184812958685134976e-01,-1.327447485722179354e-01,3.466546529205220828e-02,1.183889043123352164e-01,-1.351324289895343145e-01,-3.064487653661330385e-02,-1.726797050856428706e-01,1.000000000000000000e+00,-6.726144203351283601e-02,1.706069807356174750e-01,8.058779703433111008e-02,-2.710143671595341974e-01,-2.596699365616945143e-01,1.594208164470678202e-01,5.477885842146769102e-01,3.190329274119362291e-01,4.010365688457775413e-01,4.831531000169163592e-01,3.014156117677121993e-01,2.784243758004216196e-01,1.655465468552710928e-01,3.471062994324699003e-01,1.728716755918095205e-01,1.930302989399965141e-01,4.443672573387887903e-01,1.191602784442434698e-01,4.414371879783293706e-01,-2.259907402252956943e-01,2.076848791024789864e-01,7.872526465738832746e-02,1.899406177521846539e-01,6.627929947656249765e-02,8.263373288329546595e-02
1.010058927714427984e-01,2.122675877053417370e-01,1.656611316263236766e-01,-8.870448781817323949e-03,1.653865407136023702e-01,-6.951596645139084506e-03,-5.018964527852052410e-02,-3.890754523953900840e-02,2.014197769184971065e-01,2.820074088818477764e-01,-5.685276531024502367e-02,5.389964258661202878e-01,2.370655683362805632e-01,-6.726144203351283601e-02,1.000000000000000000e+00,3.423198179456066192e-01,-3.425601287707763509e-02,3.094098614886519605e-01,3.495457083912918428e-01,2.347706477146740411e-01,1.282867192247458543e-01,3.288536392167962785e-01,-1.278807235593365788e-01,-8.207599723666358926e-02,-6.754467256872338787e-02,-1.981023983236389063e-01,-3.580553539084411433e-03,1.921644653785392065e-01,-1.160810573332260037e-01,1.889431409760666813e-01,-8.951126186445015898e-02,1.672255611008788279e-01,1.272057701219390102e-01,2.330462466247822662e-01,-1.257130459782179188e-01,-1.505476807229047531e-01,1.487659281244802789e-01,1.807108495967408024e-01,3.702952466800271680e-01
2.421117100611032136e-01,4.688241135266746351e-01,2.496432872001390912e-01,7.764020876929914050e-02,2.484559887467088224e-01,4.824538646400125877e-03,-1.332193521100066280e-01,-1.535688340868604680e-02,2.849611189508438058e-01,6.405924089905702390e-01,3.455456424472701932e-02,5.136175353584179204e-01,3.172061831370144858e-01,1.706069807356174750e-01,3.423198179456066192e-01,1.000000000000000000e+00,-1.831479351005931566e-01,3.114538740006368434e-01,3.337089132693566995e-01,4.635788487248795886e-02,5.041322471692739615e-01,6.043464519360957077e-01,3.280922196883286068e-02,1.404126679830413338e-01,2.962231955002487260e-01,-4.179976908919888490e-01,2.114088990034050930e-01,4.118938751242408047e-01,-3.908077989177615730e-01,3.354992914074373528e-02,1.558142788971237092e-01,1.255330932901225771e-01,2.570986268635486183e-01,2.952342330347801358e-01,-2.138707880171725195e-02,-8.369234111563543521e-02,3.784342572554990070e-01,6.652122580535389795e-02,2.287197193402755457e-01
-9.947202363245283285e-03,-4.873278062286825335e-02,1.587830357624372968e-01,-6.097940496699350010e-02,7.260397375074786885e-02,3.013766622395235711e-02,1.817831739078824560e-01,-3.286801897745048606e-01,-1.441326896175730288e-01,-4.191798727268110369e-02,2.700039429296219873e-01,-3.169344016147382925e-01,-2.696869330693736910e-01,8.058779703433111008e-02,-3.425601287707763509e-02,-1.831479351005931566e-01,1.000000000000000000e+00,-4.916437473418541065e-02,-8.147344947127442560e-02,3.932992539335407323e-02,-1.514314561292629535e-01,-2.125437586742960627e-01,1.960243089717436937e-01,4.344047846166061710e-02,3.461363593199122402e-02,3.582900375192080711e-01,7.871374015570305194e-02,4.978674764831717697e-02,5.778400761625158699e-01,2.041236272229979831e-01,8.676937994990871483e-02,4.041548923113501002e-01,-7.542198104582638341e-02,-7.965911209510739832e-02,-1.029880325675175123e-01,1.353896681317061923e-01,-2.160715880606542127e-01,6.767998830653776388e-02,8.000144841264300588e-02
-2.269726191598849252e-01,8.918508223574032889e-02,3.004631523214408850e-01,5.267661184866869739e-01,5.417819730232503739e-01,-1.274767396779736273e-01,2.253105272020681504e-01,-2.142485473772115789e-01,1.872437723758509087e-01,3.149161201750815264e-01,1.421162111073046852e-01,3.126168728004850572e-01,1.523473084851371118e-01,-2.710143671595341974e-01,3.094098614886519605e-01,3.114538740006368434e-01,-4.916437473418541065e-02,1.000000000000000000e+00,7.425000321182514407e-01,-1.757230770858959554e-02,-5.759742140177476905e-02,1.665453650693177190e-01,-1.726067499141954453e-01,-1.707413757619989092e-01,3.532320584803712304e-02,-3.022634308218136723e-01,1.180109483759209793e-01,-4.379059283263035673e-02,-2.734039400898971017e-01,9.030534140226892381e-03,-1.055075017736575582e-01,7.060890009485586150e-02,-4.925228570902794034e-02,5.341429517531381954e-01,-1.058558173016093396e-01,-4.923074011220723509e-03,1.417830506752731368e-01,-3.645915341014355215e-01,-1.616150674653541591e-02
-1.891829576070335195e-01,1.088568986182131132e-01,3.605811057618270588e-01,5.183675016311125594e-01,5.433093256940205729e-01,-2.967082111708017889e-02,2.039558955011485375e-01,-2.294772165296848077e-01,1.959515088875365685e-01,2.617225054397874784e-01,1.393429189222412379e-01,3.465427109708916764e-01,1.815290411845436325e-01,-2.596699365616945143e-01,3.495457083912918428e-01,3.337089132693566995e-01,-8.147344947127442560e-02,7.425000321182514407e-01,1.000000000000000000e+00,5.943930872721303604e-02,-4.217438770563280287e-03,2.725460169574452363e-01,-1.032387949211309996e-01,-1.019064272747055577e-01,9.054697897140506768e-02,-3.552340413147324627e-01,1.895372702848145685e-01,6.176421472240732277e-03,-2.862579115076169245e-01,-5.771379705454588588e-02,-1.172227014002845402e-01,1.375210102302194537e-01,1.617594075300038056e-02,5.601501182845848303e-01,-7.568093871353893942e-02,-2.513414325932743221e-02,2.067822502215190816e-01,-2.813707554864036120e-01,-5.761547716859127810e-02
1.553736507260735922e-01,-4.754648097031118764e-02,3.162348037220190644e-01,1.154453992512045196e-01,5.112746465202398088e-02,6.340729524348057145e-02,1.882829767345751970e-01,-2.803767952438112054e-01,-4.130361256432989181e-02,2.042079741530957327e-03,-2.844539530848174541e-02,-7.876028694660700685e-03,-7.476315319921235381e-02,1.594208164470678202e-01,2.347706477146740411e-01,4.635788487248795886e-02,3.932992539335407323e-02,-1.757230770858959554e-02,5.943930872721303604e-02,1.000000000000000000e+00,1.545616825247701498e-01,2.604031056731516691e-01,1.478285335710179636e-02,-1.538429705086714200e-02,-1.021724737631714008e-01,2.271871659095396068e-01,1.817707885980926127e-02,2.075230140596692197e-01,6.944409511406528235e-02,9.200121698070373721e-02,-7.740032334260760205e-02,1.637110119840409425e-02,3.473280121737474802e-01,-1.347801706823061052e-01,3.997128347685333094e-02,-5.981694273572115556e-02,-5.349429968990488532e-02,7.848666395074553603e-02,-2.265522518906111071e-03
5.067322001171358226e-01,4.896269583192875419e-01,2.121016384650019904e-01,-1.232763841250542475e-01,-1.919873166356660110e-02,3.131449057560253268e-01,-7.425854344655744010e-02,-5.185668646534066090e-02,1.028730549242791031e-01,3.276146926836061013e-01,-1.038886051683684669e-01,2.455199747175816072e-01,3.797978064543774956e-02,5.477885842146769102e-01,1.282867192247458543e-01,5.041322471692739615e-01,-1.514314561292629535e-01,-5.759742140177476905e-02,-4.217438770563280287e-03,1.545616825247701498e-01,1.000000000000000000e+00,6.524564034378109723e-01,3.647172611970880829e-01,4.600107147114278483e-01,3.896543835010686241e-01,4.143269236647737636e-03,3.274051886089244801e-01,5.977895411738987086e-01,-1.089890886586232788e-01,2.921229841156579993e-02,4.064815171821347106e-01,1.183122293263768193e-01,4.547900052577449892e-01,-7.280217387163644138e-02,1.805691901323178694e-01,-1.821288416915528285e-01,3.504182747585762869e-01,1.204806347871070354e-01,6.103414470603907294e-02
3.956833578126871531e-01,5.373851291124407403e-01,3.389625387227379605e-01,9.554790266854495950e-02,1.875186107075249298e-01,2.869923036527560201e-01,-1.440011546364336203e-01,-5.522350554125614319e-02,1.983900872036240826e-01,3.362998922064025509e-01,-8.254111125588545206e-02,4.784457730670641507e-01,2.770949685584981892e-01,3.190329274119362291e-01,3.288536392167962785e-01,6.043464519360957077e-01,-2.125437586742960627e-01,1.665453650693177190e-01,2.725460169574452363e-01,2.604031056731516691e-01,6.524564034378109723e-01,1.000000000000000000e+00,1.901098768003181838e-01,3.584473829855242544e-01,4.023173828822376175e-01,-3.092126101300722851e-01,3.895290173258326161e-01,4.581118812825628051e-01,-2.747140380058469833e-01,-4.777412741626634041e-02,2.149533415157685035e-01,2.396948815062392713e-01,4.865645280064907485e-01,2.072126970125009737e-01,1.224204669094175885e-01,-2.281577171453647579e-01,5.127685310420221354e-01,1.532953096587833519e-01,1.673458350104321812e-01
2.073610215419211533e-01,2.242428989266671002e-01,2.375454719152269439e-02,-1.186983377511170723e-01,-1.852124314143659689e-01,5.777402141069472030e-01,-7.915408746827545805e-02,9.393533722719256754e-03,9.245581397514994124e-03,-1.097621871911413499e-01,1.723972449129717033e-01,-5.493580358610127695e-02,-9.213016925534023294e-02,4.010365688457775413e-01,-1.278807235593365788e-01,3.280922196883286068e-02,1.960243089717436937e-01,-1.726067499141954453e-01,-1.032387949211309996e-01,1.478285335710179636e-02,3.647172611970880829e-01,1.901098768003181838e-01,1.000000000000000000e+00,5.858463149263967162e-01,5.913529397571629653e-01,1.726556665859525774e-01,2.634610805842419468e-01,1.601455556945682868e-01,1.152550208314657709e-01,-4.170513201293510330e-02,2.517717924940740537e-01,2.008259005735510416e-01,2.697801742862547814e-01,-1.476536021587918357e-01,3.085176218750825816e-01,-7.142604249809526851e-02,2.687873108806986266e-01,-3.883549541990753695e-02,-1.366996466534472765e-01
2.131817075171205667e-01,4.511881344028472740e-01,1.894135018068548657e-02,-1.052307980967636808e-01,-2.090750432380362178e-01,5.648824149985355314e-01,-1.762056812758063251e-01,1.209413515936945821e-01,4.642662426701175959e-02,-6.988936814169209588e-02,-1.110287827046900488e-01,1.088629815377454152e-01,5.022822225477894392e-02,4.831531000169163592e-01,-8.207599723666358926e-02,1.404126679830413338e-01,4.344047846166061710e-02,-1.707413757619989092e-01,-1.019064272747055577e-01,-1.538429705086714200e-02,4.600107147114278483e-01,3.584473829855242544e-01,5.858463149263967162e-01,1.000000000000000000e+00,5.752339556856693736e-01,-1.840860169480311448e-02,3.220796788860634252e-01,1.154004790706269490e-01,7.864537898939548410e-02,-9.482364244043120852e-03,3.575209677325239532e-01,3.322551448556148035e-01,4.438857457741718360e-01,-7.361293938821933391e-02,2.935988967582331965e-01,-1.369323953657876625e-01,4.775461970342507190e-01,-2.226235617642374071e-02,-3.678626494922524609e-02
8.948830003298295643e-02,4.468667878231379342e-01,8.293263054176633342e-02,3.269395103716080803e-02,-7.326276137937613731e-02,4.830316835416494370e-01,-1.951589978641087575e-01,1.386452704006461978e-01,1.407343266606012333e-01,1.029720035096652331e-01,2.401292527540972721e-01,2.415759878919512549e-01,1.430728085992446497e-01,3.014156117677121993e-01,-6.754467256872338787e-02,2.962231955002487260e-01,3.461363593199122402e-02,3.532320584803712304e-02,9.054697897140506768e-02,-1.021724737631714008e-01,3.896543835010686241e-01,4.023173828822376175e-01,5.913529397571629653e-01,5.752339556856693736e-01,1.000000000000000000e+00,-2.722189194264051926e-01,3.660716325000021309e-01,9.158685137149057132e-02,-2.114075548796226778e-01,-1.447263355803555807e-01,2.881011085700145857e-01,2.683509366181220379e-01,4.226276160608876675e-01,1.190272524477243021e-01,3.841043110340847666e-01,-1.110351733083486253e-01,6.048856425543458482e-01,-1.244322073802525408e-01,-2.973682520272970600e-02
1.395415918227615459e-01,-2.619597821380026392e-01,1.560644354458671709e-02,-1.449259228154652079e-01,-1.357139257945961242e-01,1.197171932243662126e-02,3.467684675470202871e-01,-3.044223225896604546e-01,-2.629949151375304273e-01,-2.130674660690017597e-01,-4.160537608625432260e-02,-5.338259011031353252e-01,-5.066381475912329346e-01,2.784243758004216196e-01,-1.981023983236389063e-01,-4.179976908919888490e-01,3.582900375192080711e-01,-3.022634308218136723e-01,-3.552340413147324627e-01,2.271871659095396068e-01,4.143269236647737636e-03,-3.092126101300722851e-01,1.726556665859525774e-01,-1.840860169480311448e-02,-2.722189194264051926e-01,1.000000000000000000e+00,-5.946888309935802891e-02,1.657001533913288194e-01,5.613732982685663009e-01,2.288478193492038681e-01,1.046836746227824966e-01,-7.629770806669486372e-02,-8.440946044979254215e-02,-4.518588853265627647e-01,-3.402292049694662091e-02,1.378339169245124396e-01,-4.874267036111634699e-01,6.700621950264938273e-03,-1.528592742161722917e-01
8.634818472637266484e-02,2.158106834493597748e-01,2.644466146214168867e-01,1.396470959595454142e-01,1.518237413011607195e-01,2.734482684027285115e-01,-1.965693956125764974e-01,-1.851713008199860344e-01,-1.049852582348684005e-01,6.963856503067225590e-02,1.430719573390254115e-02,1.412818080689408340e-01,-1.108397359015954840e-02,1.655465468552710928e-01,-3.580553539084411433e-03,2.114088990034050930e-01,7.871374015570305194e-02,1.180109483759209793e-01,1.895372702848145685e-01,1.817707885980926127e-02,3.274051886089244801e-01,3.895290173258326161e-01,2.634610805842419468e-01,3.220796788860634252e-01,3.660716325000021309e-01,-5.946888309935802891e-02,1.000000000000000000e+00,3.382357364661436328e-01,6.171118391790917160e-03,-2.162964826936211449e-01,2.469372305341896445e-01,2.214689509792464039e-01,1.199308369978998590e-01,9.686564531833168068e-02,7.179722058919989214e-02,-1.420892586479623743e-01,2.863256718982395421e-01,1.372170470958142610e-02,-1.709645008934577298e-02
4.713005741317674580e-01,2.280077363805464996e-01,2.713672257181581893e-01,-1.503714315532229673e-01,1.138607314834244044e-01,6.399630469952219403e-02,2.218568872205247539e-02,-2.603679513989485828e-01,1.085629232373577779e-02,3.778959928250673062e-01,-6.218059786141402756e-02,1.239971539265740941e-01,-1.099104905054665848e-01,3.471062994324699003e-01,1.921644653785392065e-01,4.118938751242408047e-01,4.978674764831717697e-02,-4.379059283263035673e-02,6.176421472240732277e-03,2.075230140596692197e-01,5.977895411738987086e-01,4.581118812825628051e-01,1.601455556945682868e-01,1.154004790706269490e-01,9.158685137149057132e-02,1.657001533913288194e-01,3.382357364661436328e-01,1.000000000000000000e+00,6.604641923694866412e-02,7.376447549089137912e-02,2.728470389391353668e-01,8.805354508949381209e-02,1.614068176764152929e-01,-1.272071736818937426e-01,-6.345237329218378353e-02,-1.438817195809724836e-01,3.569524813931314322e-02,2.221835007592625200e-01,9.283724679203066155e-02
1.373394950932118053e-01,-1.399389975064412317e-01,7.720924150048603940e-02,-1.894633541985320524e-01,-7.768270619210870809e-02,5.387307299856859688e-02,1.576487822589717758e-01,-3.151609651506055987e-01,-2.105571667714740691e-01,-2.188629114752318749e-01,-4.397467693656839649e-02,-4.398325185760760814e-01,-3.022183115426173572e-01,1.728716755918095205e-01,-1.160810573332260037e-01,-3.908077989177615730e-01,5.778400761625158699e-01,-2.734039400898971017e-01,-2.862579115076169245e-01,6.944409511406528235e-02,-1.089890886586232788e-01,-2.747140380058469833e-01,1.152550208314657709e-01,7.864537898939548410e-02,-2.114075548796226778e-01,5.613732982685663009e-01,6.171118391790917160e-03,6.604641923694866412e-02,1.000000000000000000e+00,2.248101869247115803e-01,7.987391257782994192e-02,3.637547158663038127e-01,-1.256655114315875510e-01,-2.715849346911864415e-01,-2.579121677235374777e-01,1.776020949717566078e-01,-4.187460896901260554e-01,2.214681082943475432e-01,1.324941613105819760e-01
8.128137366093536598e-02,5.668206816390827796e-02,2.330574637404909596e-02,-9.976700785933513560e-02,6.517474899931308130e-02,1.013327375618050877e-02,2.322461755730438060e-01,-9.088287684698541369e-02,2.870802644360502809e-01,1.165115342863690395e-01,-4.205362392346463640e-02,-2.772062165272765055e-02,-1.233864257499979328e-01,1.930302989399965141e-01,1.889431409760666813e-01,3.354992914074373528e-02,2.041236272229979831e-01,9.030534140226892381e-03,-5.771379705454588588e-02,9.200121698070373721e-02,2.921229841156579993e-02,-4.777412741626634041e-02,-4.170513201293510330e-02,-9.482364244043120852e-03,-1.447263355803555807e-01,2.288478193492038681e-01,-2.162964826936211449e-01,7.376447549089137912e-02,2.248101869247115803e-01,1.000000000000000000e+00,2.943265151009172645e-02,1.220911364462607396e-01,7.816001120526319679e-02,-8.053899048461374277e-02,1.362562026656131270e-02,1.389782035753950040e-01,-9.130248086083254944e-02,-1.405723788241156937e-02,2.395118960963580901e-01
2.895554459142188897e-01,3.905439868038883544e-01,2.479966192226211730e-01,-1.946449131059788951e-01,-3.608930465220219763e-02,1.120675472406476858e-01,3.762397422309081418e-02,-1.867398974552045843e-01,7.909730637599836356e-02,1.441674675315678944e-01,-4.060741716535062711e-03,8.606984491121501268e-02,-3.877153149253317888e-01,4.443672573387887903e-01,-8.951126186445015898e-02,1.558142788971237092e-01,8.676937994990871483e-02,-1.055075017736575582e-01,-1.172227014002845402e-01,-7.740032334260760205e-02,4.064815171821347106e-01,2.149533415157685035e-01,2.517717924940740537e-01,3.575209677325239532e-01,2.881011085700145857e-01,1.046836746227824966e-01,2.469372305341896445e-01,2.728470389391353668e-01,7.987391257782994192e-02,2.943265151009172645e-02,1.000000000000000000e+00,1.314581657463521347e-01,3.222587480093119239e-01,-2.119824003702614965e-02,1.376015762458727698e-01,1.306911132990864477e-01,2.050095744220237770e-01,2.026391720568907276e-02,3.579262774986837620e-02
2.617726465577738248e-02,2.730208031372928223e-01,2.937380051286683225e-01,-2.327378063940167482e-02,1.171223740358460774e-01,2.211732748868420473e-01,-2.236143138639631531e-02,-1.971618280221614783e-01,7.686439555528215561e-02,8.036703387268781529e-02,3.227282885897411052e-02,1.492274690863112929e-01,1.016716628413139173e-01,1.191602784442434698e-01,1.672255611008788279e-01,1.255330932901225771e-01,4.041548923113501002e-01,7.060890009485586150e-02,1.375210102302194537e-01,1.637110119840409425e-02,1.183122293263768193e-01,2.396948815062392713e-01,2.008259005735510416e-01,3.322551448556148035e-01,2.683509366181220379e-01,-7.629770806669486372e-02,2.214689509792464039e-01,8.805354508949381209e-02,3.637547158663038127e-01,1.220911364462607396e-01,1.314581657463521347e-01,1.000000000000000000e+00,2.432132459453265061e-01,1.526863613630575212e-01,-1.605452912009538158e-01,7.300923123809832660e-02,1.642022196182824911e-01,1.061430596944769877e-01,2.388913292136649047e-01
2.440843248863509840e-01,4.343082214628147253e-01,2.185943054539573605e-01,-5.705266146432944052e-02,-9.934894130909997789e-02,3.030708728380842598e-01,2.156905360407787575e-02,3.724818391607113977e-02,1.894744345116207707e-01,1.049592636658834011e-01,-6.638092253215860383e-02,2.698107033561067403e-01,1.451058533600064863e-02,4.414371879783293706e-01,1.272057701219390102e-01,2.570986268635486183e-01,-7.542198104582638341e-02,-4.925228570902794034e-02,1.617594075300038056e-02,3.473280121737474802e-01,4.547900052577449892e-01,4.865645280064907485e-01,2.697801742862547814e-01,4.438857457741718360e-01,4.226276160608876675e-01,-8.440946044979254215e-02,1.199308369978998590e-01,1.614068176764152929e-01,-1.256655114315875510e-01,7.816001120526319679e-02,3.222587480093119239e-01,2.432132459453265061e-01,1.000000000000000000e+00,-3.720507123991210487e-04,2.888094956855245532e-01,-7.147438365673122740e-02,4.611036564352837264e-01,-4.528505574357129075e-03,2.904565601278785714e-02
-1.090670499959583983e-01,2.082321361719706165e-01,3.146750635189490830e-01,3.765060744942235749e-01,6.121096829966949926e-01,-8.828289788093750257e-02,7.702644653921043860e-02,-1.712663618374185015e-01,3.551688012571465047e-01,2.502773842750922739e-01,7.157999229064894442e-02,4.107582214308620472e-01,2.575070332419378549e-01,-2.259907402252956943e-01,2.330462466247822662e-01,2.952342330347801358e-01,-7.965911209510739832e-02,5.341429517531381954e-01,5.601501182845848303e-01,-1.347801706823061052e-01,-7.280217387163644138e-02,2.072126970125009737e-01,-1.476536021587918357e-01,-7.361293938821933391e-02,1.190272524477243021e-01,-4.518588853265627647e-01,9.686564531833168068e-02,-1.272071736818937426e-01,-2.715849346911864415e-01,-8.053899048461374277e-02,-2.119824003702614965e-02,1.526863613630575212e-01,-3.720507123991210487e-04,1.000000000000000000e+00,-1.100336549884262660e-01,1.191071851124156089e-01,2.671513760592117981e-01,-1.417454583546642888e-01,8.552015260067216684e-02
3.945116895893568953e-02,1.589589092491279221e-01,-1.723198256316672561e-01,6.715512470544673191e-04,-1.685782681319792642e-01,3.173570675242712302e-01,-2.675746382985177974e-03,2.528371363775224756e-01,3.948201801974054320e-02,-1.535966237679762258e-01,7.296125876801087817e-02,-4.087211498972818935e-02,-1.351631960973878610e-01,2.076848791024789864e-01,-1.257130459782179188e-01,-2.138707880171725195e-02,-1.029880325675175123e-01,-1.058558173016093396e-01,-7.568093871353893942e-02,3.997128347685333094e-02,1.805691901323178694e-01,1.224204669094175885e-01,3.085176218750825816e-01,2.935988967582331965e-01,3.841043110340847666e-01,-3.402292049694662091e-02,7.179722058919989214e-02,-6.345237329218378353e-02,-2.579121677235374777e-01,1.362562026656131270e-02,1.376015762458727698e-01,-1.605452912009538158e-01,2.888094956855245532e-01,-1.100336549884262660e-01,1.000000000000000000e+00,-1.811641290387115688e-01,4.651982914576144323e-01,-1.697081927860620287e-01,-2.543047340045658800e-01
-5.753224700011697057e-02,-7.328844725138848604e-02,2.672648165786865038e-01,4.642883064351834704e-02,1.608760788327845415e-01,-1.266085874587329629e-01,2.763818177853760161e-01,-3.096336023445255825e-01,1.544401922833146257e-01,9.836939160039440133e-02,4.582677846653257503e-02,-1.159769118532561066e-01,-1.532459395234365140e-01,7.872526465738832746e-02,-1.505476807229047531e-01,-8.369234111563543521e-02,1.353896681317061923e-01,-4.923074011220723509e-03,-2.513414325932743221e-02,-5.981694273572115556e-02,-1.821288416915528285e-01,-2.281577171453647579e-01,-7.142604249809526851e-02,-1.369323953657876625e-01,-1.110351733083486253e-01,1.378339169245124396e-01,-1.420892586479623743e-01,-1.438817195809724836e-01,1.776020949717566078e-01,1.389782035753950040e-01,1.306911132990864477e-01,7.300923123809832660e-02,-7.147438365673122740e-02,1.191071851124156089e-01,-1.811641290387115688e-01,1.000000000000000000e+00,-1.976835183482795744e-01,-4.840870693328551411e-02,1.148976274309868456e-01
9.812896639596524473e-02,5.245531110711255662e-01,7.627692363085138150e-02,9.209007026087012715e-02,1.875960579376000081e-02,4.030755967921000327e-01,-2.384688273740682152e-01,2.280842486725565832e-01,2.541730615188889097e-01,1.262316702244083988e-01,-8.182314140523198540e-03,4.560426781546686459e-01,2.528153103948775904e-01,1.899406177521846539e-01,1.487659281244802789e-01,3.784342572554990070e-01,-2.160715880606542127e-01,1.417830506752731368e-01,2.067822502215190816e-01,-5.349429968990488532e-02,3.504182747585762869e-01,5.127685310420221354e-01,2.687873108806986266e-01,4.775461970342507190e-01,6.048856425543458482e-01,-4.874267036111634699e-01,2.863256718982395421e-01,3.569524813931314322e-02,-4.187460896901260554e-01,-9.130248086083254944e-02,2.050095744220237770e-01,1.642022196182824911e-01,4.611036564352837264e-01,2.671513760592117981e-01,4.651982914576144323e-01,-1.976835183482795744e-01,1.000000000000000000e+00,-9.470485077148914355e-02,2.469478213231108069e-02
4.552131158779481046e-01,1.559785556970630371e-01,-2.036194428849571157e-03,-3.834573093894698137e-01,-1.463867541119263649e-01,4.541461684338812810e-02,-3.155296829824081883e-01,2.100541619189648032e-02,6.155203639024060119e-02,-4.177777614486439389e-02,-7.274515295416877914e-02,8.965357015191280365e-02,1.369080103958273953e-01,6.627929947656249765e-02,1.807108495967408024e-01,6.652122580535389795e-02,6.767998830653776388e-02,-3.645915341014355215e-01,-2.813707554864036120e-01,7.848666395074553603e-02,1.204806347871070354e-01,1.532953096587833519e-01,-3.883549541990753695e-02,-2.226235617642374071e-02,-1.244322073802525408e-01,6.700621950264938273e-03,1.372170470958142610e-02,2.221835007592625200e-01,2.214681082943475432e-01,-1.405723788241156937e-02,2.026391720568907276e-02,1.061430596944769877e-01,-4.528505574357129075e-03,-1.417454583546642888e-01,-1.697081927860620287e-01,-4.840870693328551411e-02,-9.470485077148914355e-02,1.000000000000000000e+00,4.440483998275694399e-01
1.824367752781554941e-01,2.601613789047726444e-01,1.100155498128284476e-01,-2.072503044829603347e-01,-1.619732694470822632e-02,-2.595376521929499899e-02,-1.815955302235219282e-01,-2.690449933031766397e-02,3.012747462318019487e-01,2.599515071027919122e-01,-5.419768503377370324e-03,3.501147941251194773e-01,2.452511046531659356e-01,8.263373288329546595e-02,3.702952466800271680e-01,2.287197193402755457e-01,8.000144841264300588e-02,-1.616150674653541591e-02,-5.761547716859127810e-02,-2.265522518906111071e-03,6.103414470603907294e-02,1.673458350104321812e-01,-1.366996466534472765e-01,-3.678626494922524609e-02,-2.973682520272970600e-02,-1.528592742161722917e-01,-1.709645008934577298e-02,9.283724679203066155e-02,1.324941613105819760e-01,2.395118960963580901e-01,3.579262774986837620e-02,2.388913292136649047e-01,2.904565601278785714e-02,8.552015260067216684e-02,-2.543047340045658800e-01,1.148976274309868456e-01,2.469478213231108069e-02,4.440483998275694399e-01,1.000000000000000000e+00
