2.683425940848970903e+00,-1.034033651150755018e-01,-0.000000000000000000e+00,-4.084771974725284055e-02,-0.000000000000000000e+00,-0.000000000000000000e+00,0.000000000000000000e+00,0.000000000000000000e+00,-2.271016393783323872e-01,-0.000000000000000000e+00,0.000000000000000000e+00,-0.000000000000000000e+00,3.567072377089564594e-01,-0.000000000000000000e+00,-0.000000000000000000e+00,-0.000000000000000000e+00,-0.000000000000000000e+00,-3.108565470096368299e-01,-2.733689747398991843e-01,-0.000000000000000000e+00,-0.000000000000000000e+00,0.000000000000000000e+00,-0.000000000000000000e+00,-0.000000000000000000e+00,-8.367814994311953414e-03,-2.714942350069017851e-01,-0.000000000000000000e+00,0.000000000000000000e+00,-0.000000000000000000e+00,-6.555458374623265860e-02,0.000000000000000000e+00,0.000000000000000000e+00,0.000000000000000000e+00,0.000000000000000000e+00,-0.000000000000000000e+00,-0.000000000000000000e+00,-0.000000000000000000e+00,-7.995087719758684486e-01,-2.898976462445573832e-01
-1.034033651150755018e-01,2.033713884959751805e+00,-0.000000000000000000e+00,-0.000000000000000000e+00,-0.000000000000000000e+00,0.000000000000000000e+00,-0.000000000000000000e+00,0.000000000000000000e+00,-9.631666553648887685e-02,-7.227987078986872205e-02,0.000000000000000000e+00,-2.300310414980095697e-01,0.000000000000000000e+00,-7.632925904524004435e-02,-0.000000000000000000e+00,-0.000000000000000000e+00,-0.000000000000000000e+00,-1.007638597721137730e-01,-1.049515568988139275e-01,0.000000000000000000e+00,0.000000000000000000e+00,-0.000000000000000000e+00,-0.000000000000000000e+00,-0.000000000000000000e+00,-0.000000000000000000e+00,-0.000000000000000000e+00,-2.197076985557014916e-01,0.000000000000000000e+00,-0.000000000000000000e+00,-0.000000000000000000e+00,-0.000000000000000000e+00,-1.847192163600599457e-01,0.000000000000000000e+00,-0.000000000000000000e+00,-2.457547790542441088e-02,-4.134283526209948240e-02,-1.050117588348748604e-01,-0.000000000000000000e+00,-6.453303876538710737e-01
-0.000000000000000000e+00,-0.000000000000000000e+00,2.978944032397963237e+00,-0.000000000000000000e+00,-4.535969003764573348e-01,-0.000000000000000000e+00,-0.000000000000000000e+00,1.287985384948863388e+00,-0.000000000000000000e+00,-0.000000000000000000e+00,0.000000000000000000e+00,-0.000000000000000000e+00,0.000000000000000000e+00,-0.000000000000000000e+00,0.000000000000000000e+00,-6.480789660365147975e-02,-0.000000000000000000e+00,-2.479288482321620468e-02,-4.671002609269345740e-01,-0.000000000000000000e+00,-4.798880166369797196e-01,-3.902683201918474148e-02,-0.000000000000000000e+00,-3.073231250672884066e-02,-1.968133884503037723e-01,-1.206085751998386968e-01,-0.000000000000000000e+00,-0.000000000000000000e+00,-0.000000000000000000e+00,-0.000000000000000000e+00,-0.000000000000000000e+00,-0.000000000000000000e+00,-0.000000000000000000e+00,-0.000000000000000000e+00,-0.000000000000000000e+00,-0.000000000000000000e+00,-0.000000000000000000e+00,-5.104474609591197476e-02,-0.000000000000000000e+00
-4.084771974725284055e-02,-0.000000000000000000e+00,-0.000000000000000000e+00,1.625967786060296572e+00,-0.000000000000000000e+00,-0.000000000000000000e+00,-0.000000000000000000e+00,0.000000000000000000e+00,-3.942326493751286964e-01,-0.000000000000000000e+00,1.401649765955712557e-01,-2.715366371028476444e-01,0.000000000000000000e+00,-2.112854996509657551e-02,-2.330622861562020864e-01,-0.000000000000000000e+00,0.000000000000000000e+00,-1.459845091359485147e-01,-3.438269644131431661e-03,-3.434660059159123924e-02,-0.000000000000000000e+00,-0.000000000000000000e+00,-1.152391234217761129e-01,-0.000000000000000000e+00,-1.555604716322378858e-02,0.000000000000000000e+00,0.000000000000000000e+00,9.145494314350484377e-02,0.000000000000000000e+00,-0.000000000000000000e+00,0.000000000000000000e+00,0.000000000000000000e+00,3.493902195093859936e-02,-0.000000000000000000e+00,0.000000000000000000e+00,-0.000000000000000000e+00,-0.000000000000000000e+00,-0.000000000000000000e+00,-0.000000000000000000e+00
-0.000000000000000000e+00,-0.000000000000000000e+00,-4.535969003764573348e-01,-0.000000000000000000e+00,2.106640136023456122e+00,0.000000000000000000e+00,-1.551901855419630383e-01,2.223675971036232768e-01,-0.000000000000000000e+00,-2.006692662139966318e-02,-0.000000000000000000e+00,-0.000000000000000000e+00,0.000000000000000000e+00,-2.301448705697846653e-01,0.000000000000000000e+00,-2.991465276448698751e-01,-0.000000000000000000e+00,-0.000000000000000000e+00,-0.000000000000000000e+00,-0.000000000000000000e+00,-0.000000000000000000e+00,-0.000000000000000000e+00,-0.000000000000000000e+00,-2.606214117927896368e-01,-0.000000000000000000e+00,-1.668554895852397413e-01,-0.000000000000000000e+00,-0.000000000000000000e+00,-0.000000000000000000e+00,-1.559596896070544469e-01,-0.000000000000000000e+00,-0.000000000000000000e+00,-0.000000000000000000e+00,-1.324069864622079212e-03,0.000000000000000000e+00,-0.000000000000000000e+00,0.000000000000000000e+00,-1.418409944712378801e-01,-6.548913468610957633e-02
-0.000000000000000000e+00,0.000000000000000000e+00,-0.000000000000000000e+00,-0.000000000000000000e+00,0.000000000000000000e+00,1.203818472431176900e+00,0.000000000000000000e+00,-0.000000000000000000e+00,0.000000000000000000e+00,0.000000000000000000e+00,-6.584971377854739738e-02,0.000000000000000000e+00,-0.000000000000000000e+00,0.000000000000000000e+00,-0.000000000000000000e+00,0.000000000000000000e+00,-2.541849165635310936e-01,0.000000000000000000e+00,0.000000000000000000e+00,0.000000000000000000e+00,-1.243592568395884557e-01,-0.000000000000000000e+00,-0.000000000000000000e+00,-7.067055510682020147e-03,-2.227481633139369865e-01,0.000000000000000000e+00,0.000000000000000000e+00,0.000000000000000000e+00,-0.000000000000000000e+00,0.000000000000000000e+00,0.000000000000000000e+00,0.000000000000000000e+00,0.000000000000000000e+00,0.000000000000000000e+00,-0.000000000000000000e+00,0.000000000000000000e+00,-1.468091418374792845e-01,0.000000000000000000e+00,0.000000000000000000e+00
0.000000000000000000e+00,-0.000000000000000000e+00,-0.000000000000000000e+00,-0.000000000000000000e+00,-1.551901855419630383e-01,0.000000000000000000e+00,1.542963096152315305e+00,0.000000000000000000e+00,0.000000000000000000e+00,-0.000000000000000000e+00,-0.000000000000000000e+00,-0.000000000000000000e+00,-1.796865539610928708e-01,-0.000000000000000000e+00,0.000000000000000000e+00,-0.000000000000000000e+00,-0.000000000000000000e+00,0.000000000000000000e+00,0.000000000000000000e+00,-4.050808537320883806e-02,-0.000000000000000000e+00,-2.270557772780922579e-01,-0.000000000000000000e+00,-0.000000000000000000e+00,-0.000000000000000000e+00,-0.000000000000000000e+00,-0.000000000000000000e+00,-2.881870921614628767e-01,0.000000000000000000e+00,-0.000000000000000000e+00,-3.277087326664895883e-01,-2.072019275728251841e-01,-1.634229965053674294e-01,-0.000000000000000000e+00,-0.000000000000000000e+00,0.000000000000000000e+00,0.000000000000000000e+00,0.000000000000000000e+00,-0.000000000000000000e+00
0.000000000000000000e+00,0.000000000000000000e+00,1.287985384948863388e+00,0.000000000000000000e+00,2.223675971036232768e-01,-0.000000000000000000e+00,0.000000000000000000e+00,2.447454160476136842e+00,0.000000000000000000e+00,0.000000000000000000e+00,0.000000000000000000e+00,0.000000000000000000e+00,0.000000000000000000e+00,0.000000000000000000e+00,-0.000000000000000000e+00,0.000000000000000000e+00,0.000000000000000000e+00,0.000000000000000000e+00,6.851635339922812484e-02,3.449113726308128403e-02,3.888279775961475115e-01,0.000000000000000000e+00,0.000000000000000000e+00,0.000000000000000000e+00,0.000000000000000000e+00,6.044589866352201996e-02,0.000000000000000000e+00,0.000000000000000000e+00,0.000000000000000000e+00,9.360165383328086786e-02,0.000000000000000000e+00,0.000000000000000000e+00,2.977239903582004077e-01,0.000000000000000000e+00,0.000000000000000000e+00,0.000000000000000000e+00,-0.000000000000000000e+00,0.000000000000000000e+00,0.000000000000000000e+00
-2.271016393783323872e-01,-9.631666553648887685e-02,-0.000000000000000000e+00,-3.942326493751286964e-01,-0.000000000000000000e+00,0.000000000000000000e+00,0.000000000000000000e+00,0.000000000000000000e+00,3.061867409503097992e+00,-0.000000000000000000e+00,0.000000000000000000e+00,-3.775599959145487516e-01,3.737225837260224615e-01,-3.166498002528340683e-01,-1.486003643634827009e-01,-0.000000000000000000e+00,-0.000000000000000000e+00,-6.597537836194595773e-01,-2.260350981133661674e-01,-0.000000000000000000e+00,-0.000000000000000000e+00,-0.000000000000000000e+00,-0.000000000000000000e+00,-0.000000000000000000e+00,-0.000000000000000000e+00,-0.000000000000000000e+00,-0.000000000000000000e+00,2.620017463113889430e-02,-0.000000000000000000e+00,-0.000000000000000000e+00,0.000000000000000000e+00,0.000000000000000000e+00,9.857732336383831506e-02,-4.044949376094120197e-02,0.000000000000000000e+00,-0.000000000000000000e+00,-0.000000000000000000e+00,-4.228605563382057952e-01,-1.208789174458874127e-01
-0.000000000000000000e+00,-7.227987078986872205e-02,-0.000000000000000000e+00,-0.000000000000000000e+00,-2.006692662139966318e-02,0.000000000000000000e+00,-0.000000000000000000e+00,0.000000000000000000e+00,-0.000000000000000000e+00,2.320670190805840694e+00,-0.000000000000000000e+00,-1.036079303383706657e-01,0.000000000000000000e+00,-2.267580748453981443e-01,0.000000000000000000e+00,-7.183377791551024405e-01,-0.000000000000000000e+00,-0.000000000000000000e+00,-0.000000000000000000e+00,-0.000000000000000000e+00,-0.000000000000000000e+00,-0.000000000000000000e+00,-6.631125534556042526e-03,-4.308337014464055231e-02,-1.276491331843725152e-01,-0.000000000000000000e+00,-3.362486795259582717e-01,-0.000000000000000000e+00,-0.000000000000000000e+00,-2.709685270447700911e-01,-2.691153858143928712e-01,-0.000000000000000000e+00,0.000000000000000000e+00,0.000000000000000000e+00,-0.000000000000000000e+00,-0.000000000000000000e+00,-0.000000000000000000e+00,-0.000000000000000000e+00,-2.002590979284584460e-01
0.000000000000000000e+00,0.000000000000000000e+00,0.000000000000000000e+00,1.401649765955712557e-01,-0.000000000000000000e+00,-6.584971377854739738e-02,-0.000000000000000000e+00,0.000000000000000000e+00,0.000000000000000000e+00,-0.000000000000000000e+00,1.586505109395121016e+00,0.000000000000000000e+00,-3.851056134766769889e-01,0.000000000000000000e+00,8.070367563681120349e-02,0.000000000000000000e+00,-6.360015614729321864e-01,0.000000000000000000e+00,0.000000000000000000e+00,0.000000000000000000e+00,-0.000000000000000000e+00,-8.138485858743174650e-02,-0.000000000000000000e+00,-0.000000000000000000e+00,-0.000000000000000000e+00,-0.000000000000000000e+00,-0.000000000000000000e+00,-0.000000000000000000e+00,-0.000000000000000000e+00,0.000000000000000000e+00,-1.309374765323186030e-01,-0.000000000000000000e+00,-0.000000000000000000e+00,0.000000000000000000e+00,-0.000000000000000000e+00,0.000000000000000000e+00,0.000000000000000000e+00,0.000000000000000000e+00,0.000000000000000000e+00
-0.000000000000000000e+00,-2.300310414980095697e-01,-0.000000000000000000e+00,-2.715366371028476444e-01,-0.000000000000000000e+00,0.000000000000000000e+00,-0.000000000000000000e+00,0.000000000000000000e+00,-3.775599959145487516e-01,-1.036079303383706657e-01,0.000000000000000000e+00,2.177236669812390613e+00,0.000000000000000000e+00,-2.647024715113074356e-01,-1.181403204261380763e-01,-0.000000000000000000e+00,0.000000000000000000e+00,-5.235655172765950605e-01,-1.882702571429233362e-01,-0.000000000000000000e+00,0.000000000000000000e+00,-0.000000000000000000e+00,-0.000000000000000000e+00,-0.000000000000000000e+00,-0.000000000000000000e+00,-0.000000000000000000e+00,-0.000000000000000000e+00,0.000000000000000000e+00,0.000000000000000000e+00,-0.000000000000000000e+00,-0.000000000000000000e+00,-0.000000000000000000e+00,0.000000000000000000e+00,-2.437220794374052313e-02,0.000000000000000000e+00,0.000000000000000000e+00,-0.000000000000000000e+00,-8.803349832011095680e-03,-3.587423500253482042e-03
3.567072377089564594e-01,0.000000000000000000e+00,0.000000000000000000e+00,0.000000000000000000e+00,0.000000000000000000e+00,-0.000000000000000000e+00,-1.796865539610928708e-01,0.000000000000000000e+00,3.737225837260224615e-01,0.000000000000000000e+00,-3.851056134766769889e-01,0.000000000000000000e+00,1.829382398556134159e+00,4.437061961693226746e-03,1.270644448991373465e-01,0.000000000000000000e+00,-0.000000000000000000e+00,1.071809868817108213e-01,0.000000000000000000e+00,0.000000000000000000e+00,-0.000000000000000000e+00,-2.255870804860431178e-01,0.000000000000000000e+00,0.000000000000000000e+00,0.000000000000000000e+00,0.000000000000000000e+00,-0.000000000000000000e+00,-0.000000000000000000e+00,2.228964401580435864e-02,0.000000000000000000e+00,-0.000000000000000000e+00,-3.280553267227168113e-02,-3.911113062338979485e-01,0.000000000000000000e+00,-0.000000000000000000e+00,0.000000000000000000e+00,0.000000000000000000e+00,0.000000000000000000e+00,0.000000000000000000e+00
-0.000000000000000000e+00,-7.632925904524004435e-02,-0.000000000000000000e+00,-2.112854996509657551e-02,-2.301448705697846653e-01,0.000000000000000000e+00,-0.000000000000000000e+00,0.000000000000000000e+00,-3.166498002528340683e-01,-2.267580748453981443e-01,0.000000000000000000e+00,-2.647024715113074356e-01,4.437061961693226746e-03,2.134418320382841738e+00,-0.000000000000000000e+00,-1.353882992832084603e-02,-0.000000000000000000e+00,-0.000000000000000000e+00,-0.000000000000000000e+00,-0.000000000000000000e+00,0.000000000000000000e+00,-0.000000000000000000e+00,-4.217826992566799937e-01,-1.325647157204566384e-01,-6.391891264586706256e-02,-0.000000000000000000e+00,-1.535709834108746064e-01,0.000000000000000000e+00,-7.700181040950029865e-02,-1.031517891410719395e-01,-0.000000000000000000e+00,-2.643007059175397216e-02,0.000000000000000000e+00,-2.251527067302959706e-01,0.000000000000000000e+00,-0.000000000000000000e+00,-0.000000000000000000e+00,-0.000000000000000000e+00,-2.968614916272259083e-02
-0.000000000000000000e+00,-0.000000000000000000e+00,0.000000000000000000e+00,-2.330622861562020864e-01,0.000000000000000000e+00,-0.000000000000000000e+00,0.000000000000000000e+00,-0.000000000000000000e+00,-1.486003643634827009e-01,0.000000000000000000e+00,8.070367563681120349e-02,-1.181403204261380763e-01,1.270644448991373465e-01,-0.000000000000000000e+00,1.639189841215765497e+00,0.000000000000000000e+00,0.000000000000000000e+00,-0.000000000000000000e+00,-0.000000000000000000e+00,0.000000000000000000e+00,0.000000000000000000e+00,-0.000000000000000000e+00,-0.000000000000000000e+00,-0.000000000000000000e+00,-0.000000000000000000e+00,0.000000000000000000e+00,0.000000000000000000e+00,4.328969147139802298e-01,0.000000000000000000e+00,0.000000000000000000e+00,0.000000000000000000e+00,6.681085586577159563e-02,2.731550878672608929e-01,-2.777492838614373794e-01,0.000000000000000000e+00,7.568591343288447182e-02,-2.270964394465713188e-02,-0.000000000000000000e+00,0.000000000000000000e+00
-0.000000000000000000e+00,-0.000000000000000000e+00,-6.480789660365147975e-02,-0.000000000000000000e+00,-2.991465276448698751e-01,0.000000000000000000e+00,-0.000000000000000000e+00,0.000000000000000000e+00,-0.000000000000000000e+00,-7.183377791551024405e-01,0.000000000000000000e+00,-0.000000000000000000e+00,0.000000000000000000e+00,-1.353882992832084603e-02,0.000000000000000000e+00,2.660108970115093285e+00,-0.000000000000000000e+00,-2.355426173482718377e-01,-0.000000000000000000e+00,-0.000000000000000000e+00,-0.000000000000000000e+00,-0.000000000000000000e+00,-1.784541521123230168e-01,-8.026221783482100081e-02,-0.000000000000000000e+00,-1.407108650478492984e-01,-0.000000000000000000e+00,-1.123353677533618783e-01,-0.000000000000000000e+00,-7.309778752867942542e-01,-0.000000000000000000e+00,-0.000000000000000000e+00,0.000000000000000000e+00,-0.000000000000000000e+00,0.000000000000000000e+00,-0.000000000000000000e+00,-0.000000000000000000e+00,-2.741440565101421756e-01,-0.000000000000000000e+00
-0.000000000000000000e+00,-0.000000000000000000e+00,-0.000000000000000000e+00,0.000000000000000000e+00,-0.000000000000000000e+00,-2.541849165635310936e-01,-0.000000000000000000e+00,0.000000000000000000e+00,-0.000000000000000000e+00,-0.000000000000000000e+00,-6.360015614729321864e-01,0.000000000000000000e+00,-0.000000000000000000e+00,-0.000000000000000000e+00,0.000000000000000000e+00,-0.000000000000000000e+00,1.541248218028679062e+00,-0.000000000000000000e+00,0.000000000000000000e+00,0.000000000000000000e+00,-2.073674061719965947e-02,-0.000000000000000000e+00,-0.000000000000000000e+00,-1.856994615064603005e-01,-0.000000000000000000e+00,-0.000000000000000000e+00,-0.000000000000000000e+00,-2.193952945291919032e-01,-1.594461359719306567e-02,-0.000000000000000000e+00,-9.814881123258031859e-02,-0.000000000000000000e+00,0.000000000000000000e+00,0.000000000000000000e+00,-0.000000000000000000e+00,0.000000000000000000e+00,-0.000000000000000000e+00,-0.000000000000000000e+00,-0.000000000000000000e+00
-3.108565470096368299e-01,-1.007638597721137730e-01,-2.479288482321620468e-02,-1.459845091359485147e-01,-0.000000000000000000e+00,0.000000000000000000e+00,0.000000000000000000e+00,0.000000000000000000e+00,-6.597537836194595773e-01,-0.000000000000000000e+00,0.000000000000000000e+00,-5.235655172765950605e-01,1.071809868817108213e-01,-0.000000000000000000e+00,-0.000000000000000000e+00,-2.355426173482718377e-01,-0.000000000000000000e+00,3.295638453157609060e+00,-7.191426409821493060e-01,0.000000000000000000e+00,-0.000000000000000000e+00,-0.000000000000000000e+00,-0.000000000000000000e+00,-6.582807969273359039e-02,-2.148577081445454395e-01,-0.000000000000000000e+00,-0.000000000000000000e+00,0.000000000000000000e+00,-0.000000000000000000e+00,-0.000000000000000000e+00,-0.000000000000000000e+00,0.000000000000000000e+00,0.000000000000000000e+00,-0.000000000000000000e+00,-0.000000000000000000e+00,-0.000000000000000000e+00,-0.000000000000000000e+00,-4.103753904167285471e-01,-4.651434537109187806e-02
-2.733689747398991843e-01,-1.049515568988139275e-01,-4.671002609269345740e-01,-3.438269644131431661e-03,-0.000000000000000000e+00,0.000000000000000000e+00,0.000000000000000000e+00,6.851635339922812484e-02,-2.260350981133661674e-01,-0.000000000000000000e+00,0.000000000000000000e+00,-1.882702571429233362e-01,0.000000000000000000e+00,-0.000000000000000000e+00,-0.000000000000000000e+00,-0.000000000000000000e+00,0.000000000000000000e+00,-7.191426409821493060e-01,2.870070685327180460e+00,-0.000000000000000000e+00,-0.000000000000000000e+00,-0.000000000000000000e+00,-0.000000000000000000e+00,-0.000000000000000000e+00,-0.000000000000000000e+00,-0.000000000000000000e+00,-0.000000000000000000e+00,0.000000000000000000e+00,-0.000000000000000000e+00,-0.000000000000000000e+00,0.000000000000000000e+00,0.000000000000000000e+00,0.000000000000000000e+00,-0.000000000000000000e+00,-0.000000000000000000e+00,-0.000000000000000000e+00,-0.000000000000000000e+00,-4.778399108989571653e-01,-3.615860376532204490e-01
-0.000000000000000000e+00,0.000000000000000000e+00,-0.000000000000000000e+00,-3.434660059159123924e-02,-0.000000000000000000e+00,0.000000000000000000e+00,-4.050808537320883806e-02,3.449113726308128403e-02,-0.000000000000000000e+00,-0.000000000000000000e+00,0.000000000000000000e+00,-0.000000000000000000e+00,0.000000000000000000e+00,-0.000000000000000000e+00,0.000000000000000000e+00,-0.000000000000000000e+00,0.000000000000000000e+00,0.000000000000000000e+00,-0.000000000000000000e+00,1.119491598490172324e+00,-0.000000000000000000e+00,-2.385719323165498909e-02,-6.834983981078737725e-02,-0.000000000000000000e+00,-0.000000000000000000e+00,-0.000000000000000000e+00,0.000000000000000000e+00,-1.377378904991616859e-01,-0.000000000000000000e+00,-2.315011714870358617e-01,0.000000000000000000e+00,-0.000000000000000000e+00,-0.000000000000000000e+00,-0.000000000000000000e+00,0.000000000000000000e+00,-0.000000000000000000e+00,0.000000000000000000e+00,-0.000000000000000000e+00,0.000000000000000000e+00
-0.000000000000000000e+00,0.000000000000000000e+00,-4.798880166369797196e-01,-0.000000000000000000e+00,-0.000000000000000000e+00,-1.243592568395884557e-01,-0.000000000000000000e+00,3.888279775961475115e-01,-0.000000000000000000e+00,-0.000000000000000000e+00,-0.000000000000000000e+00,0.000000000000000000e+00,-0.000000000000000000e+00,0.000000000000000000e+00,0.000000000000000000e+00,-0.000000000000000000e+00,-2.073674061719965947e-02,-0.000000000000000000e+00,-0.000000000000000000e+00,-0.000000000000000000e+00,1.822787400527455137e+00,-5.945238674543312785e-01,-0.000000000000000000e+00,-0.000000000000000000e+00,-3.643267316544370957e-03,-0.000000000000000000e+00,-0.000000000000000000e+00,-1.863193125322761337e-02,0.000000000000000000e+00,-0.000000000000000000e+00,-0.000000000000000000e+00,-0.000000000000000000e+00,-4.239160356947956065e-02,0.000000000000000000e+00,-0.000000000000000000e+00,-0.000000000000000000e+00,0.000000000000000000e+00,-0.000000000000000000e+00,-0.000000000000000000e+00
0.000000000000000000e+00,-0.000000000000000000e+00,-3.902683201918474148e-02,-0.000000000000000000e+00,-0.000000000000000000e+00,-0.000000000000000000e+00,-2.270557772780922579e-01,0.000000000000000000e+00,-0.000000000000000000e+00,-0.000000000000000000e+00,-8.138485858743174650e-02,-0.000000000000000000e+00,-2.255870804860431178e-01,-0.000000000000000000e+00,-0.000000000000000000e+00,-0.000000000000000000e+00,-0.000000000000000000e+00,-0.000000000000000000e+00,-0.000000000000000000e+00,-2.385719323165498909e-02,-5.945238674543312785e-01,1.546441084321932058e+00,-1.891537177073487064e-01,-6.847346518462253673e-02,-0.000000000000000000e+00,-0.000000000000000000e+00,-0.000000000000000000e+00,-0.000000000000000000e+00,0.000000000000000000e+00,-0.000000000000000000e+00,-0.000000000000000000e+00,-0.000000000000000000e+00,-4.747830076649493802e-02,-0.000000000000000000e+00,0.000000000000000000e+00,0.000000000000000000e+00,0.000000000000000000e+00,-0.000000000000000000e+00,-0.000000000000000000e+00
-0.000000000000000000e+00,-0.000000000000000000e+00,-0.000000000000000000e+00,-1.152391234217761129e-01,-0.000000000000000000e+00,-0.000000000000000000e+00,-0.000000000000000000e+00,0.000000000000000000e+00,-0.000000000000000000e+00,-6.631125534556042526e-03,-0.000000000000000000e+00,-0.000000000000000000e+00,0.000000000000000000e+00,-4.217826992566799937e-01,-0.000000000000000000e+00,-1.784541521123230168e-01,-0.000000000000000000e+00,-0.000000000000000000e+00,-0.000000000000000000e+00,-6.834983981078737725e-02,-0.000000000000000000e+00,-1.891537177073487064e-01,2.033766189281052572e+00,-1.394742392187310609e-01,-8.601207482536993298e-01,-0.000000000000000000e+00,-0.000000000000000000e+00,-0.000000000000000000e+00,-0.000000000000000000e+00,-0.000000000000000000e+00,-0.000000000000000000e+00,-0.000000000000000000e+00,0.000000000000000000e+00,-0.000000000000000000e+00,-0.000000000000000000e+00,-0.000000000000000000e+00,-7.081583338508115610e-02,-0.000000000000000000e+00,-0.000000000000000000e+00
-0.000000000000000000e+00,-0.000000000000000000e+00,-3.073231250672884066e-02,-0.000000000000000000e+00,-2.606214117927896368e-01,-7.067055510682020147e-03,-0.000000000000000000e+00,0.000000000000000000e+00,-0.000000000000000000e+00,-4.308337014464055231e-02,-0.000000000000000000e+00,-0.000000000000000000e+00,0.000000000000000000e+00,-1.325647157204566384e-01,-0.000000000000000000e+00,-8.026221783482100081e-02,-1.856994615064603005e-01,-6.582807969273359039e-02,-0.000000000000000000e+00,-0.000000000000000000e+00,-0.000000000000000000e+00,-6.847346518462253673e-02,-1.394742392187310609e-01,1.506014260216002487e+00,-2.760524580934163863e-01,-0.000000000000000000e+00,-0.000000000000000000e+00,-0.000000000000000000e+00,-2.567278752124886251e-02,-0.000000000000000000e+00,-0.000000000000000000e+00,-0.000000000000000000e+00,0.000000000000000000e+00,-0.000000000000000000e+00,0.000000000000000000e+00,0.000000000000000000e+00,-0.000000000000000000e+00,-0.000000000000000000e+00,-0.000000000000000000e+00
-8.367814994311953414e-03,-0.000000000000000000e+00,-1.968133884503037723e-01,-1.555604716322378858e-02,-0.000000000000000000e+00,-2.227481633139369865e-01,-0.000000000000000000e+00,0.000000000000000000e+00,-0.000000000000000000e+00,-1.276491331843725152e-01,-0.000000000000000000e+00,-0.000000000000000000e+00,0.000000000000000000e+00,-6.391891264586706256e-02,-0.000000000000000000e+00,-0.000000000000000000e+00,-0.000000000000000000e+00,-2.148577081445454395e-01,-0.000000000000000000e+00,-0.000000000000000000e+00,-3.643267316544370957e-03,-0.000000000000000000e+00,-8.601207482536993298e-01,-2.760524580934163863e-01,2.021472972473495222e+00,-1.303587535980690318e-03,-0.000000000000000000e+00,-0.000000000000000000e+00,-0.000000000000000000e+00,-0.000000000000000000e+00,-0.000000000000000000e+00,-0.000000000000000000e+00,0.000000000000000000e+00,-0.000000000000000000e+00,-0.000000000000000000e+00,-0.000000000000000000e+00,-1.092310651193597638e-02,-0.000000000000000000e+00,-0.000000000000000000e+00
-2.714942350069017851e-01,-0.000000000000000000e+00,-1.206085751998386968e-01,0.000000000000000000e+00,-1.668554895852397413e-01,0.000000000000000000e+00,-0.000000000000000000e+00,6.044589866352201996e-02,-0.000000000000000000e+00,-0.000000000000000000e+00,-0.000000000000000000e+00,-0.000000000000000000e+00,0.000000000000000000e+00,-0.000000000000000000e+00,0.000000000000000000e+00,-1.407108650478492984e-01,-0.000000000000000000e+00,-0.000000000000000000e+00,-0.000000000000000000e+00,-0.000000000000000000e+00,-0.000000000000000000e+00,-0.000000000000000000e+00,-0.000000000000000000e+00,-0.000000000000000000e+00,-1.303587535980690318e-03,2.235912635980271901e+00,-5.854357291941346686e-01,-2.545652634698805650e-02,-4.762049606990695350e-01,-0.000000000000000000e+00,-0.000000000000000000e+00,-0.000000000000000000e+00,-0.000000000000000000e+00,-0.000000000000000000e+00,-2.105260049368614661e-01,-2.698628204672801068e-01,-0.000000000000000000e+00,-0.000000000000000000e+00,-2.420677238319033919e-01
-0.000000000000000000e+00,-2.197076985557014916e-01,-0.000000000000000000e+00,0.000000000000000000e+00,-0.000000000000000000e+00,0.000000000000000000e+00,-0.000000000000000000e+00,0.000000000000000000e+00,-0.000000000000000000e+00,-3.362486795259582717e-01,-0.000000000000000000e+00,-0.000000000000000000e+00,-0.000000000000000000e+00,-1.535709834108746064e-01,0.000000000000000000e+00,-0.000000000000000000e+00,-0.000000000000000000e+00,-0.000000000000000000e+00,-0.000000000000000000e+00,0.000000000000000000e+00,-0.000000000000000000e+00,-0.000000000000000000e+00,-0.000000000000000000e+00,-0.000000000000000000e+00,-0.000000000000000000e+00,-5.854357291941346686e-01,2.236327076593422447e+00,-0.000000000000000000e+00,-0.000000000000000000e+00,-0.000000000000000000e+00,-4.706510373321467489e-01,-4.807515399230010700e-01,-0.000000000000000000e+00,-0.000000000000000000e+00,-0.000000000000000000e+00,-7.500576479313529610e-02,-0.000000000000000000e+00,-0.000000000000000000e+00,-9.093243610589134274e-02
0.000000000000000000e+00,0.000000000000000000e+00,-0.000000000000000000e+00,9.145494314350484377e-02,-0.000000000000000000e+00,0.000000000000000000e+00,-2.881870921614628767e-01,0.000000000000000000e+00,2.620017463113889430e-02,-0.000000000000000000e+00,-0.000000000000000000e+00,0.000000000000000000e+00,-0.000000000000000000e+00,0.000000000000000000e+00,4.328969147139802298e-01,-1.123353677533618783e-01,-2.193952945291919032e-01,0.000000000000000000e+00,0.000000000000000000e+00,-1.377378904991616859e-01,-1.863193125322761337e-02,-0.000000000000000000e+00,-0.000000000000000000e+00,-0.000000000000000000e+00,-0.000000000000000000e+00,-2.545652634698805650e-02,-0.000000000000000000e+00,1.719904939672595612e+00,-0.000000000000000000e+00,-0.000000000000000000e+00,-1.562774894005174720e-01,-0.000000000000000000e+00,-4.414440443587572260e-01,0.000000000000000000e+00,-0.000000000000000000e+00,-0.000000000000000000e+00,0.000000000000000000e+00,0.000000000000000000e+00,0.000000000000000000e+00
-0.000000000000000000e+00,-0.000000000000000000e+00,-0.000000000000000000e+00,0.000000000000000000e+00,-0.000000000000000000e+00,-0.000000000000000000e+00,0.000000000000000000e+00,0.000000000000000000e+00,-0.000000000000000000e+00,-0.000000000000000000e+00,-0.000000000000000000e+00,0.000000000000000000e+00,2.228964401580435864e-02,-7.700181040950029865e-02,0.000000000000000000e+00,-0.000000000000000000e+00,-1.594461359719306567e-02,-0.000000000000000000e+00,-0.000000000000000000e+00,-0.000000000000000000e+00,0.000000000000000000e+00,0.000000000000000000e+00,-0.000000000000000000e+00,-2.567278752124886251e-02,-0.000000000000000000e+00,-4.762049606990695350e-01,-0.000000000000000000e+00,-0.000000000000000000e+00,1.273568573944717341e+00,-0.000000000000000000e+00,0.000000000000000000e+00,-0.000000000000000000e+00,-0.000000000000000000e+00,-0.000000000000000000e+00,-0.000000000000000000e+00,-1.102529787548118811e-01,-0.000000000000000000e+00,-0.000000000000000000e+00,-0.000000000000000000e+00
-6.555458374623265860e-02,-0.000000000000000000e+00,-0.000000000000000000e+00,-0.000000000000000000e+00,-1.559596896070544469e-01,0.000000000000000000e+00,-0.000000000000000000e+00,9.360165383328086786e-02,-0.000000000000000000e+00,-2.709685270447700911e-01,0.000000000000000000e+00,-0.000000000000000000e+00,0.000000000000000000e+00,-1.031517891410719395e-01,0.000000000000000000e+00,-7.309778752867942542e-01,-0.000000000000000000e+00,-0.000000000000000000e+00,-0.000000000000000000e+00,-2.315011714870358617e-01,-0.000000000000000000e+00,-0.000000000000000000e+00,-0.000000000000000000e+00,-0.000000000000000000e+00,-0.000000000000000000e+00,-0.000000000000000000e+00,-0.000000000000000000e+00,-0.000000000000000000e+00,-0.000000000000000000e+00,2.114026468235811418e+00,-0.000000000000000000e+00,-0.000000000000000000e+00,-0.000000000000000000e+00,-0.000000000000000000e+00,0.000000000000000000e+00,-3.989499482019672194e-01,0.000000000000000000e+00,-9.172897271311393486e-02,-0.000000000000000000e+00
0.000000000000000000e+00,-0.000000000000000000e+00,-0.000000000000000000e+00,0.000000000000000000e+00,-0.000000000000000000e+00,0.000000000000000000e+00,-3.277087326664895883e-01,0.000000000000000000e+00,0.000000000000000000e+00,-2.691153858143928712e-01,-1.309374765323186030e-01,-0.000000000000000000e+00,-0.000000000000000000e+00,-0.000000000000000000e+00,0.000000000000000000e+00,-0.000000000000000000e+00,-9.814881123258031859e-02,-0.000000000000000000e+00,0.000000000000000000e+00,0.000000000000000000e+00,-0.000000000000000000e+00,-0.000000000000000000e+00,-0.000000000000000000e+00,-0.000000000000000000e+00,-0.000000000000000000e+00,-0.000000000000000000e+00,-4.706510373321467489e-01,-1.562774894005174720e-01,0.000000000000000000e+00,-0.000000000000000000e+00,1.569705134591578455e+00,-0.000000000000000000e+00,-0.000000000000000000e+00,0.000000000000000000e+00,-0.000000000000000000e+00,0.000000000000000000e+00,-0.000000000000000000e+00,0.000000000000000000e+00,-0.000000000000000000e+00
0.000000000000000000e+00,-1.847192163600599457e-01,-0.000000000000000000e+00,0.000000000000000000e+00,-0.000000000000000000e+00,0.000000000000000000e+00,-2.072019275728251841e-01,0.000000000000000000e+00,0.000000000000000000e+00,-0.000000000000000000e+00,-0.000000000000000000e+00,-0.000000000000000000e+00,-3.280553267227168113e-02,-2.643007059175397216e-02,6.681085586577159563e-02,-0.000000000000000000e+00,-0.000000000000000000e+00,0.000000000000000000e+00,0.000000000000000000e+00,-0.000000000000000000e+00,-0.000000000000000000e+00,-0.000000000000000000e+00,-0.000000000000000000e+00,-0.000000000000000000e+00,-0.000000000000000000e+00,-0.000000000000000000e+00,-4.807515399230010700e-01,-0.000000000000000000e+00,-0.000000000000000000e+00,-0.000000000000000000e+00,-0.000000000000000000e+00,1.387354127188749509e+00,-0.000000000000000000e+00,-0.000000000000000000e+00,-2.308757750537223166e-02,-5.712292346095738244e-02,-3.316293047692867035e-02,0.000000000000000000e+00,-0.000000000000000000e+00
0.000000000000000000e+00,0.000000000000000000e+00,-0.000000000000000000e+00,3.493902195093859936e-02,-0.000000000000000000e+00,0.000000000000000000e+00,-1.634229965053674294e-01,2.977239903582004077e-01,9.857732336383831506e-02,0.000000000000000000e+00,-0.000000000000000000e+00,0.000000000000000000e+00,-3.911113062338979485e-01,0.000000000000000000e+00,2.731550878672608929e-01,0.000000000000000000e+00,0.000000000000000000e+00,0.000000000000000000e+00,0.000000000000000000e+00,-0.000000000000000000e+00,-4.239160356947956065e-02,-4.747830076649493802e-02,0.000000000000000000e+00,0.000000000000000000e+00,0.000000000000000000e+00,-0.000000000000000000e+00,-0.000000000000000000e+00,-4.414440443587572260e-01,-0.000000000000000000e+00,-0.000000000000000000e+00,-0.000000000000000000e+00,-0.000000000000000000e+00,1.692785013006191441e+00,-0.000000000000000000e+00,-0.000000000000000000e+00,-0.000000000000000000e+00,0.000000000000000000e+00,0.000000000000000000e+00,0.000000000000000000e+00
0.000000000000000000e+00,-0.000000000000000000e+00,-0.000000000000000000e+00,-0.000000000000000000e+00,-1.324069864622079212e-03,0.000000000000000000e+00,-0.000000000000000000e+00,0.000000000000000000e+00,-4.044949376094120197e-02,0.000000000000000000e+00,0.000000000000000000e+00,-2.437220794374052313e-02,0.000000000000000000e+00,-2.251527067302959706e-01,-2.777492838614373794e-01,-0.000000000000000000e+00,0.000000000000000000e+00,-0.000000000000000000e+00,-0.000000000000000000e+00,-0.000000000000000000e+00,0.000000000000000000e+00,-0.000000000000000000e+00,-0.000000000000000000e+00,-0.000000000000000000e+00,-0.000000000000000000e+00,-0.000000000000000000e+00,-0.000000000000000000e+00,0.000000000000000000e+00,-0.000000000000000000e+00,-0.000000000000000000e+00,0.000000000000000000e+00,-0.000000000000000000e+00,-0.000000000000000000e+00,1.156003048561561330e+00,0.000000000000000000e+00,0.000000000000000000e+00,-0.000000000000000000e+00,-0.000000000000000000e+00,-0.000000000000000000e+00
-0.000000000000000000e+00,-2.457547790542441088e-02,-0.000000000000000000e+00,0.000000000000000000e+00,0.000000000000000000e+00,-0.000000000000000000e+00,-0.000000000000000000e+00,0.000000000000000000e+00,0.000000000000000000e+00,-0.000000000000000000e+00,-0.000000000000000000e+00,0.000000000000000000e+00,-0.000000000000000000e+00,0.000000000000000000e+00,0.000000000000000000e+00,0.000000000000000000e+00,-0.000000000000000000e+00,-0.000000000000000000e+00,-0.000000000000000000e+00,0.000000000000000000e+00,-0.000000000000000000e+00,0.000000000000000000e+00,-0.000000000000000000e+00,0.000000000000000000e+00,-0.000000000000000000e+00,-2.105260049368614661e-01,-0.000000000000000000e+00,-0.000000000000000000e+00,-0.000000000000000000e+00,0.000000000000000000e+00,-0.000000000000000000e+00,-2.308757750537223166e-02,-0.000000000000000000e+00,0.000000000000000000e+00,1.410215022936901930e+00,-0.000000000000000000e+00,-6.751178858668490657e-01,-0.000000000000000000e+00,-0.000000000000000000e+00
-0.000000000000000000e+00,-4.134283526209948240e-02,-0.000000000000000000e+00,-0.000000000000000000e+00,-0.000000000000000000e+00,0.000000000000000000e+00,0.000000000000000000e+00,0.000000000000000000e+00,-0.000000000000000000e+00,-0.000000000000000000e+00,0.000000000000000000e+00,0.000000000000000000e+00,0.000000000000000000e+00,-0.000000000000000000e+00,7.568591343288447182e-02,-0.000000000000000000e+00,0.000000000000000000e+00,-0.000000000000000000e+00,-0.000000000000000000e+00,-0.000000000000000000e+00,-0.000000000000000000e+00,0.000000000000000000e+00,-0.000000000000000000e+00,0.000000000000000000e+00,-0.000000000000000000e+00,-2.698628204672801068e-01,-7.500576479313529610e-02,-0.000000000000000000e+00,-1.102529787548118811e-01,-3.989499482019672194e-01,0.000000000000000000e+00,-5.712292346095738244e-02,-0.000000000000000000e+00,0.000000000000000000e+00,-0.000000000000000000e+00,1.416826065627064146e+00,-0.000000000000000000e+00,-0.000000000000000000e+00,-8.328672527785076218e-02
-0.000000000000000000e+00,-1.050117588348748604e-01,-0.000000000000000000e+00,-0.000000000000000000e+00,0.000000000000000000e+00,-1.468091418374792845e-01,0.000000000000000000e+00,-0.000000000000000000e+00,-0.000000000000000000e+00,-0.000000000000000000e+00,0.000000000000000000e+00,-0.000000000000000000e+00,0.000000000000000000e+00,-0.000000000000000000e+00,-2.270964394465713188e-02,-0.000000000000000000e+00,-0.000000000000000000e+00,-0.000000000000000000e+00,-0.000000000000000000e+00,0.000000000000000000e+00,0.000000000000000000e+00,0.000000000000000000e+00,-7.081583338508115610e-02,-0.000000000000000000e+00,-1.092310651193597638e-02,-0.000000000000000000e+00,-0.000000000000000000e+00,0.000000000000000000e+00,-0.000000000000000000e+00,0.000000000000000000e+00,-0.000000000000000000e+00,-3.316293047692867035e-02,0.000000000000000000e+00,-0.000000000000000000e+00,-6.751178858668490657e-01,-0.000000000000000000e+00,1.416510339983249711e+00,-0.000000000000000000e+00,-0.000000000000000000e+00
-7.995087719758684486e-01,-0.000000000000000000e+00,-5.104474609591197476e-02,-0.000000000000000000e+00,-1.418409944712378801e-01,0.000000000000000000e+00,0.000000000000000000e+00,0.000000000000000000e+00,-4.228605563382057952e-01,-0.000000000000000000e+00,0.000000000000000000e+00,-8.803349832011095680e-03,0.000000000000000000e+00,-0.000000000000000000e+00,-0.000000000000000000e+00,-2.741440565101421756e-01,-0.000000000000000000e+00,-4.103753904167285471e-01,-4.778399108989571653e-01,-0.000000000000000000e+00,-0.000000000000000000e+00,-0.000000000000000000e+00,-0.000000000000000000e+00,-0.000000000000000000e+00,-0.000000000000000000e+00,-0.000000000000000000e+00,-0.000000000000000000e+00,0.000000000000000000e+00,-0.000000000000000000e+00,-9.172897271311393486e-02,0.000000000000000000e+00,0.000000000000000000e+00,0.000000000000000000e+00,-0.000000000000000000e+00,-0.000000000000000000e+00,-0.000000000000000000e+00,-0.000000000000000000e+00,3.293001421657899996e+00,-7.009295343136808798e-01
-2.898976462445573832e-01,-6.453303876538710737e-01,-0.000000000000000000e+00,-0.000000000000000000e+00,-6.548913468610957633e-02,0.000000000000000000e+00,-0.000000000000000000e+00,0.000000000000000000e+00,-1.208789174458874127e-01,-2.002590979284584460e-01,0.000000000000000000e+00,-3.587423500253482042e-03,0.000000000000000000e+00,-2.968614916272259083e-02,0.000000000000000000e+00,-0.000000000000000000e+00,-0.000000000000000000e+00,-4.651434537109187806e-02,-3.615860376532204490e-01,0.000000000000000000e+00,-0.000000000000000000e+00,-0.000000000000000000e+00,-0.000000000000000000e+00,-0.000000000000000000e+00,-0.000000000000000000e+00,-2.420677238319033919e-01,-9.093243610589134274e-02,0.000000000000000000e+00,-0.000000000000000000e+00,-0.000000000000000000e+00,-0.000000000000000000e+00,-0.000000000000000000e+00,0.000000000000000000e+00,-0.000000000000000000e+00,-0.000000000000000000e+00,-8.328672527785076218e-02,-0.000000000000000000e+00,-7.009295343136808798e-01,2.803002148655516113e+00
