1.541039992535587766e+00,-0.000000000000000000e+00,-0.000000000000000000e+00,-3.534622731817094882e-02,-0.000000000000000000e+00,4.456042266347447905e-02,0.000000000000000000e+00,0.000000000000000000e+00,-8.878525762692066059e-02,-0.000000000000000000e+00,4.650336488361717785e-02,-0.000000000000000000e+00,1.357661764525514014e-01,0.000000000000000000e+00,1.057893008599521123e-01,-1.198520065292055931e-01,4.307579130361757769e-02,-9.515850061761925438e-02,-3.740001404458345030e-02,-0.000000000000000000e+00,0.000000000000000000e+00,0.000000000000000000e+00,3.120274543258676897e-02,-0.000000000000000000e+00,1.618708092459174644e-02,-1.697228853442838969e-01,-0.000000000000000000e+00,-0.000000000000000000e+00,0.000000000000000000e+00,-8.532291793212899711e-02,0.000000000000000000e+00,4.239777447693866136e-02,6.866489526333319215e-02,-0.000000000000000000e+00,3.719598971823659481e-03,1.222208044709580631e-02,3.687290477221383256e-02,-1.353127456606318946e-01,-9.180192382604852874e-02
-0.000000000000000000e+00,1.007184652598963170e+00,-0.000000000000000000e+00,-0.000000000000000000e+00,-0.000000000000000000e+00,0.000000000000000000e+00,-0.000000000000000000e+00,0.000000000000000000e+00,-0.000000000000000000e+00,-0.000000000000000000e+00,0.000000000000000000e+00,-0.000000000000000000e+00,0.000000000000000000e+00,0.000000000000000000e+00,0.000000000000000000e+00,-0.000000000000000000e+00,0.000000000000000000e+00,-0.000000000000000000e+00,-0.000000000000000000e+00,-0.000000000000000000e+00,0.000000000000000000e+00,0.000000000000000000e+00,0.000000000000000000e+00,-0.000000000000000000e+00,0.000000000000000000e+00,-0.000000000000000000e+00,-8.506627860191121049e-02,-0.000000000000000000e+00,0.000000000000000000e+00,-0.000000000000000000e+00,-0.000000000000000000e+00,0.000000000000000000e+00,0.000000000000000000e+00,-0.000000000000000000e+00,0.000000000000000000e+00,0.000000000000000000e+00,0.000000000000000000e+00,-0.000000000000000000e+00,-0.000000000000000000e+00
-0.000000000000000000e+00,-0.000000000000000000e+00,1.267007941280480887e+00,-0.000000000000000000e+00,-2.416790834299420709e-01,0.000000000000000000e+00,-0.000000000000000000e+00,4.885238492233032748e-01,-0.000000000000000000e+00,-0.000000000000000000e+00,0.000000000000000000e+00,-0.000000000000000000e+00,0.000000000000000000e+00,-0.000000000000000000e+00,0.000000000000000000e+00,-0.000000000000000000e+00,0.000000000000000000e+00,-0.000000000000000000e+00,-0.000000000000000000e+00,-0.000000000000000000e+00,-0.000000000000000000e+00,-0.000000000000000000e+00,0.000000000000000000e+00,-1.077846294902680239e-02,0.000000000000000000e+00,-0.000000000000000000e+00,-0.000000000000000000e+00,-5.460791457923203085e-02,0.000000000000000000e+00,-0.000000000000000000e+00,-0.000000000000000000e+00,0.000000000000000000e+00,-0.000000000000000000e+00,-0.000000000000000000e+00,0.000000000000000000e+00,0.000000000000000000e+00,0.000000000000000000e+00,-0.000000000000000000e+00,-0.000000000000000000e+00
-3.534622731817094882e-02,-0.000000000000000000e+00,-0.000000000000000000e+00,1.507775840077735241e+00,-0.000000000000000000e+00,9.682446873124624098e-02,-0.000000000000000000e+00,0.000000000000000000e+00,-8.639971399230515769e-02,-4.031279112623819411e-02,1.076733259221817340e-01,-0.000000000000000000e+00,0.000000000000000000e+00,4.981319521254812428e-03,9.474314317009903397e-02,-6.009983378865990655e-02,8.447092542538836568e-02,-8.735109206407434823e-02,-7.626833398280523368e-02,-5.547114029951851627e-02,0.000000000000000000e+00,0.000000000000000000e+00,1.590191215501826150e-03,-0.000000000000000000e+00,6.514796284457087527e-02,-0.000000000000000000e+00,-0.000000000000000000e+00,-0.000000000000000000e+00,1.024106507397368367e-02,-9.182497439231715464e-02,0.000000000000000000e+00,0.000000000000000000e+00,1.426073887630476510e-02,-1.175974523207505146e-01,2.400382592907409837e-02,2.624390580389661734e-02,4.256351424161869401e-02,-8.630005055058755092e-02,-8.569698619471827206e-02
-0.000000000000000000e+00,-0.000000000000000000e+00,-2.416790834299420709e-01,-0.000000000000000000e+00,1.087133254316946962e+00,0.000000000000000000e+00,-0.000000000000000000e+00,6.369577605704301870e-02,-0.000000000000000000e+00,-1.103182358547033226e-01,0.000000000000000000e+00,-0.000000000000000000e+00,0.000000000000000000e+00,0.000000000000000000e+00,0.000000000000000000e+00,-0.000000000000000000e+00,0.000000000000000000e+00,-7.558072777017476283e-03,-0.000000000000000000e+00,-0.000000000000000000e+00,0.000000000000000000e+00,-0.000000000000000000e+00,0.000000000000000000e+00,-0.000000000000000000e+00,0.000000000000000000e+00,-0.000000000000000000e+00,-0.000000000000000000e+00,-0.000000000000000000e+00,0.000000000000000000e+00,-0.000000000000000000e+00,-0.000000000000000000e+00,0.000000000000000000e+00,0.000000000000000000e+00,-4.026857748843907375e-02,0.000000000000000000e+00,0.000000000000000000e+00,0.000000000000000000e+00,-0.000000000000000000e+00,-0.000000000000000000e+00
4.456042266347447905e-02,0.000000000000000000e+00,0.000000000000000000e+00,9.682446873124624098e-02,0.000000000000000000e+00,1.666519491725481972e+00,0.000000000000000000e+00,-0.000000000000000000e+00,6.862174130103965153e-02,0.000000000000000000e+00,-1.354322809917619941e-01,0.000000000000000000e+00,-5.062545397611439152e-02,-6.008294097212586726e-02,-4.569148202787287616e-02,7.798253701190617504e-02,-1.353039808491825202e-01,5.403657676926170578e-02,5.034682341225849012e-02,0.000000000000000000e+00,-0.000000000000000000e+00,-0.000000000000000000e+00,-1.076926181344963068e-01,0.000000000000000000e+00,-1.239823769989032154e-01,0.000000000000000000e+00,0.000000000000000000e+00,0.000000000000000000e+00,-5.163441726126396375e-02,7.413353075182449459e-02,-0.000000000000000000e+00,-2.702445303438584870e-02,-4.800456302571409067e-02,3.874264015489467528e-02,-1.088965826363267053e-01,-6.969001092284772547e-02,-9.994394626680189186e-02,6.388577459183027163e-02,7.722921811444920237e-02
0.000000000000000000e+00,-0.000000000000000000e+00,-0.000000000000000000e+00,-0.000000000000000000e+00,-0.000000000000000000e+00,0.000000000000000000e+00,1.000000000000000444e+00,0.000000000000000000e+00,-0.000000000000000000e+00,-0.000000000000000000e+00,0.000000000000000000e+00,0.000000000000000000e+00,-0.000000000000000000e+00,-0.000000000000000000e+00,-0.000000000000000000e+00,0.000000000000000000e+00,0.000000000000000000e+00,0.000000000000000000e+00,-0.000000000000000000e+00,-0.000000000000000000e+00,-0.000000000000000000e+00,-0.000000000000000000e+00,-0.000000000000000000e+00,0.000000000000000000e+00,-0.000000000000000000e+00,0.000000000000000000e+00,-0.000000000000000000e+00,0.000000000000000000e+00,0.000000000000000000e+00,0.000000000000000000e+00,-0.000000000000000000e+00,-0.000000000000000000e+00,-0.000000000000000000e+00,-0.000000000000000000e+00,-0.000000000000000000e+00,-0.000000000000000000e+00,-0.000000000000000000e+00,0.000000000000000000e+00,-0.000000000000000000e+00
0.000000000000000000e+00,0.000000000000000000e+00,4.885238492233032748e-01,0.000000000000000000e+00,6.369577605704301870e-02,-0.000000000000000000e+00,0.000000000000000000e+00,1.213230101871734190e+00,0.000000000000000000e+00,0.000000000000000000e+00,-0.000000000000000000e+00,0.000000000000000000e+00,0.000000000000000000e+00,0.000000000000000000e+00,-0.000000000000000000e+00,0.000000000000000000e+00,-0.000000000000000000e+00,0.000000000000000000e+00,0.000000000000000000e+00,0.000000000000000000e+00,0.000000000000000000e+00,1.720942317342935221e-02,0.000000000000000000e+00,0.000000000000000000e+00,0.000000000000000000e+00,0.000000000000000000e+00,0.000000000000000000e+00,0.000000000000000000e+00,0.000000000000000000e+00,0.000000000000000000e+00,0.000000000000000000e+00,0.000000000000000000e+00,0.000000000000000000e+00,0.000000000000000000e+00,0.000000000000000000e+00,0.000000000000000000e+00,0.000000000000000000e+00,0.000000000000000000e+00,0.000000000000000000e+00
-8.878525762692066059e-02,-0.000000000000000000e+00,-0.000000000000000000e+00,-8.639971399230515769e-02,-0.000000000000000000e+00,6.862174130103965153e-02,-0.000000000000000000e+00,0.000000000000000000e+00,1.685274183904330592e+00,-6.076370774782659245e-02,8.046328698647790822e-02,-0.000000000000000000e+00,5.667656604835112633e-02,0.000000000000000000e+00,1.041907810797716022e-01,-7.777324502468881129e-02,8.817219413911518699e-02,-9.753104055358169377e-02,-1.118678669368277784e-01,-6.627004595489739691e-02,0.000000000000000000e+00,0.000000000000000000e+00,4.164254021566557440e-02,-0.000000000000000000e+00,4.212450451744542690e-02,-6.600359813164639877e-02,-0.000000000000000000e+00,-0.000000000000000000e+00,0.000000000000000000e+00,-1.186734479382200030e-01,0.000000000000000000e+00,0.000000000000000000e+00,6.927104000723718728e-03,-1.698223959955335316e-01,0.000000000000000000e+00,4.507063722734228062e-02,2.163916786000398551e-02,-1.116276545857040753e-01,-1.258678685162938071e-01
-0.000000000000000000e+00,-0.000000000000000000e+00,-0.000000000000000000e+00,-4.031279112623819411e-02,-1.103182358547033226e-01,0.000000000000000000e+00,-0.000000000000000000e+00,0.000000000000000000e+00,-6.076370774782659245e-02,1.312835225129556083e+00,0.000000000000000000e+00,-0.000000000000000000e+00,0.000000000000000000e+00,0.000000000000000000e+00,5.086142717918160083e-02,-1.189673372256660616e-01,3.030329724174091535e-02,-1.128118260529609590e-01,-1.487749892748150282e-01,-0.000000000000000000e+00,0.000000000000000000e+00,0.000000000000000000e+00,0.000000000000000000e+00,-1.701656024692990987e-01,0.000000000000000000e+00,-0.000000000000000000e+00,-0.000000000000000000e+00,-0.000000000000000000e+00,5.911359689903869508e-02,-1.263286890434725529e-01,0.000000000000000000e+00,0.000000000000000000e+00,0.000000000000000000e+00,-3.180192905273391407e-02,0.000000000000000000e+00,0.000000000000000000e+00,0.000000000000000000e+00,-1.748524272939660021e-03,-9.732422125823501913e-02
4.650336488361717785e-02,0.000000000000000000e+00,0.000000000000000000e+00,1.076733259221817340e-01,0.000000000000000000e+00,-1.354322809917619941e-01,0.000000000000000000e+00,-0.000000000000000000e+00,8.046328698647790822e-02,0.000000000000000000e+00,1.677998019027070686e+00,2.496837197369745995e-03,-6.426002444569435534e-02,-2.388920030995231314e-02,-3.037841440235192550e-02,9.044765770074920941e-02,-1.461066705109251296e-01,5.634105961326407036e-02,3.432337388267564515e-02,4.684205590578085360e-02,-0.000000000000000000e+00,-0.000000000000000000e+00,-7.351529226706872422e-02,0.000000000000000000e+00,-1.009958353873969955e-01,1.315839365558650262e-02,0.000000000000000000e+00,0.000000000000000000e+00,-5.205674525507121737e-03,7.504886361652567117e-02,-0.000000000000000000e+00,-8.049288050103298175e-02,-4.967827948474340394e-02,7.343847176435076840e-02,-9.160480688493805035e-02,-3.239990452282126565e-02,-1.014004758774492698e-01,8.235626785215779955e-02,8.594986482660256499e-02
-0.000000000000000000e+00,-0.000000000000000000e+00,-0.000000000000000000e+00,-0.000000000000000000e+00,-0.000000000000000000e+00,0.000000000000000000e+00,0.000000000000000000e+00,0.000000000000000000e+00,-0.000000000000000000e+00,-0.000000000000000000e+00,2.496837197369745995e-03,1.018853670302074743e+00,0.000000000000000000e+00,0.000000000000000000e+00,0.000000000000000000e+00,-0.000000000000000000e+00,0.000000000000000000e+00,-0.000000000000000000e+00,-0.000000000000000000e+00,-0.000000000000000000e+00,0.000000000000000000e+00,0.000000000000000000e+00,0.000000000000000000e+00,-0.000000000000000000e+00,2.963962786362752885e-02,-0.000000000000000000e+00,-0.000000000000000000e+00,-0.000000000000000000e+00,0.000000000000000000e+00,-4.124070985331480983e-03,0.000000000000000000e+00,0.000000000000000000e+00,0.000000000000000000e+00,-1.201263166366661334e-01,0.000000000000000000e+00,0.000000000000000000e+00,0.000000000000000000e+00,-0.000000000000000000e+00,-8.847549638564227228e-03
1.357661764525514014e-01,0.000000000000000000e+00,0.000000000000000000e+00,0.000000000000000000e+00,0.000000000000000000e+00,-5.062545397611439152e-02,-0.000000000000000000e+00,0.000000000000000000e+00,5.667656604835112633e-02,0.000000000000000000e+00,-6.426002444569435534e-02,0.000000000000000000e+00,1.574602099067675232e+00,-3.686249765323942949e-04,-9.213843889455376746e-02,8.073156827888129661e-02,-5.541559116236452476e-02,5.441822867046879758e-02,6.549721241552859848e-03,0.000000000000000000e+00,-1.427094623136685239e-02,-1.345955180908453910e-02,-7.342751199675547069e-02,0.000000000000000000e+00,-3.568372594223780114e-02,1.084665509256635962e-01,-0.000000000000000000e+00,0.000000000000000000e+00,-0.000000000000000000e+00,4.656765667360828614e-02,-0.000000000000000000e+00,-1.530159150039247795e-01,-1.377905164443080921e-01,0.000000000000000000e+00,-9.419587227490919257e-02,-9.446273673844335361e-02,-9.010327910909159133e-02,8.953388598746836458e-02,1.923383163548012670e-02
0.000000000000000000e+00,0.000000000000000000e+00,-0.000000000000000000e+00,4.981319521254812428e-03,0.000000000000000000e+00,-6.008294097212586726e-02,-0.000000000000000000e+00,0.000000000000000000e+00,0.000000000000000000e+00,0.000000000000000000e+00,-2.388920030995231314e-02,0.000000000000000000e+00,-3.686249765323942949e-04,1.440941612945789707e+00,-0.000000000000000000e+00,0.000000000000000000e+00,-1.714886297189819123e-02,0.000000000000000000e+00,0.000000000000000000e+00,0.000000000000000000e+00,-1.807388459413062157e-02,-1.526683053539504634e-02,-1.550168063027356491e-01,0.000000000000000000e+00,-1.337439576754605175e-01,0.000000000000000000e+00,-0.000000000000000000e+00,0.000000000000000000e+00,-4.952685706591385822e-02,0.000000000000000000e+00,-1.563302185280310563e-01,-1.073461596997380557e-01,-1.484934073462015613e-01,0.000000000000000000e+00,-1.699258714626737943e-01,-9.287412891747399979e-02,-1.529771550844797878e-01,0.000000000000000000e+00,0.000000000000000000e+00
1.057893008599521123e-01,0.000000000000000000e+00,0.000000000000000000e+00,9.474314317009903397e-02,0.000000000000000000e+00,-4.569148202787287616e-02,-0.000000000000000000e+00,-0.000000000000000000e+00,1.041907810797716022e-01,5.086142717918160083e-02,-3.037841440235192550e-02,0.000000000000000000e+00,-9.213843889455376746e-02,-0.000000000000000000e+00,1.551591925362414859e+00,1.190284656027787158e-01,-3.721476287779563324e-02,1.744767272345504050e-01,8.619771290746257308e-02,0.000000000000000000e+00,-0.000000000000000000e+00,-0.000000000000000000e+00,-0.000000000000000000e+00,0.000000000000000000e+00,-0.000000000000000000e+00,6.899023674363165270e-02,0.000000000000000000e+00,0.000000000000000000e+00,-0.000000000000000000e+00,1.024354478719914086e-01,-0.000000000000000000e+00,-9.390676034805232886e-02,-0.000000000000000000e+00,5.566042778146461367e-02,-5.736412275340985016e-03,-5.229576606207254896e-02,-1.500732352556943556e-03,1.267235334430243665e-01,1.761777443429492218e-02
-1.198520065292055931e-01,-0.000000000000000000e+00,-0.000000000000000000e+00,-6.009983378865990655e-02,-0.000000000000000000e+00,7.798253701190617504e-02,0.000000000000000000e+00,0.000000000000000000e+00,-7.777324502468881129e-02,-1.189673372256660616e-01,9.044765770074920941e-02,-0.000000000000000000e+00,8.073156827888129661e-02,0.000000000000000000e+00,1.190284656027787158e-01,1.577896976659347583e+00,6.084924150283173294e-02,-1.589909869903289863e-01,-2.143626011460880026e-02,-0.000000000000000000e+00,0.000000000000000000e+00,0.000000000000000000e+00,0.000000000000000000e+00,-5.429834119159410860e-02,6.986259281947235830e-04,-1.432187193364583000e-01,-0.000000000000000000e+00,-0.000000000000000000e+00,0.000000000000000000e+00,-1.864437533107440870e-01,0.000000000000000000e+00,2.499088110456240686e-02,0.000000000000000000e+00,-3.294719567678040806e-02,0.000000000000000000e+00,0.000000000000000000e+00,2.577439152076267757e-03,-8.084552870287625703e-02,-2.754919727398748297e-02
4.307579130361757769e-02,0.000000000000000000e+00,0.000000000000000000e+00,8.447092542538836568e-02,0.000000000000000000e+00,-1.353039808491825202e-01,0.000000000000000000e+00,-0.000000000000000000e+00,8.817219413911518699e-02,3.030329724174091535e-02,-1.461066705109251296e-01,0.000000000000000000e+00,-5.541559116236452476e-02,-1.714886297189819123e-02,-3.721476287779563324e-02,6.084924150283173294e-02,1.662508501423622054e+00,5.936932063019063205e-02,6.394253440951898348e-02,6.964720366959926967e-02,-0.000000000000000000e+00,-0.000000000000000000e+00,-9.884279644387565511e-02,0.000000000000000000e+00,-7.659457007915042304e-02,1.472341923426693676e-03,0.000000000000000000e+00,0.000000000000000000e+00,-8.355681648826245034e-02,5.929472216228614395e-02,-0.000000000000000000e+00,-2.342677011236129689e-02,-4.008299864991055755e-02,6.788125959757672356e-02,-1.050555312557262255e-01,-1.495036868625960677e-02,-6.278305096433267618e-02,9.078652789294726355e-02,1.135417322671032903e-01
-9.515850061761925438e-02,-0.000000000000000000e+00,-0.000000000000000000e+00,-8.735109206407434823e-02,-7.558072777017476283e-03,5.403657676926170578e-02,0.000000000000000000e+00,0.000000000000000000e+00,-9.753104055358169377e-02,-1.128118260529609590e-01,5.634105961326407036e-02,-0.000000000000000000e+00,5.441822867046879758e-02,0.000000000000000000e+00,1.744767272345504050e-01,-1.589909869903289863e-01,5.936932063019063205e-02,1.626883414519544990e+00,-1.273421853913239421e-01,-0.000000000000000000e+00,0.000000000000000000e+00,0.000000000000000000e+00,0.000000000000000000e+00,-0.000000000000000000e+00,0.000000000000000000e+00,-1.362839315924032069e-01,-0.000000000000000000e+00,-0.000000000000000000e+00,0.000000000000000000e+00,-1.177450966700611390e-01,0.000000000000000000e+00,1.273609083359188328e-02,0.000000000000000000e+00,-7.333517072822412497e-02,0.000000000000000000e+00,0.000000000000000000e+00,0.000000000000000000e+00,-1.082398297509264973e-01,-6.838906252219847937e-02
-3.740001404458345030e-02,-0.000000000000000000e+00,-0.000000000000000000e+00,-7.626833398280523368e-02,-0.000000000000000000e+00,5.034682341225849012e-02,-0.000000000000000000e+00,0.000000000000000000e+00,-1.118678669368277784e-01,-1.487749892748150282e-01,3.432337388267564515e-02,-0.000000000000000000e+00,6.549721241552859848e-03,0.000000000000000000e+00,8.619771290746257308e-02,-2.143626011460880026e-02,6.394253440951898348e-02,-1.273421853913239421e-01,1.479434501784344436e+00,-1.806541949188115170e-01,0.000000000000000000e+00,0.000000000000000000e+00,5.751723631272461640e-03,-0.000000000000000000e+00,0.000000000000000000e+00,-6.336320312600811876e-03,-0.000000000000000000e+00,-0.000000000000000000e+00,0.000000000000000000e+00,-6.181676142247378297e-02,0.000000000000000000e+00,0.000000000000000000e+00,0.000000000000000000e+00,-5.007373790262493324e-02,0.000000000000000000e+00,1.712561137460081109e-02,0.000000000000000000e+00,-1.025920846543202092e-01,-1.521196453213199962e-01
-0.000000000000000000e+00,-0.000000000000000000e+00,-0.000000000000000000e+00,-5.547114029951851627e-02,-0.000000000000000000e+00,0.000000000000000000e+00,-0.000000000000000000e+00,0.000000000000000000e+00,-6.627004595489739691e-02,-0.000000000000000000e+00,4.684205590578085360e-02,-0.000000000000000000e+00,0.000000000000000000e+00,0.000000000000000000e+00,0.000000000000000000e+00,-0.000000000000000000e+00,6.964720366959926967e-02,-0.000000000000000000e+00,-1.806541949188115170e-01,1.227015265520600584e+00,0.000000000000000000e+00,0.000000000000000000e+00,0.000000000000000000e+00,-0.000000000000000000e+00,0.000000000000000000e+00,-0.000000000000000000e+00,-0.000000000000000000e+00,-0.000000000000000000e+00,0.000000000000000000e+00,-0.000000000000000000e+00,0.000000000000000000e+00,0.000000000000000000e+00,0.000000000000000000e+00,-1.042648769899198052e-01,0.000000000000000000e+00,0.000000000000000000e+00,0.000000000000000000e+00,-7.845113870052672356e-02,-1.566642049222420896e-01
0.000000000000000000e+00,0.000000000000000000e+00,-0.000000000000000000e+00,0.000000000000000000e+00,0.000000000000000000e+00,-0.000000000000000000e+00,-0.000000000000000000e+00,0.000000000000000000e+00,0.000000000000000000e+00,0.000000000000000000e+00,-0.000000000000000000e+00,0.000000000000000000e+00,-1.427094623136685239e-02,-1.807388459413062157e-02,-0.000000000000000000e+00,0.000000000000000000e+00,-0.000000000000000000e+00,0.000000000000000000e+00,0.000000000000000000e+00,0.000000000000000000e+00,1.130099896999145370e+00,-2.893296226730226461e-01,-2.242412811176833221e-03,0.000000000000000000e+00,-1.693158036844491510e-02,0.000000000000000000e+00,-0.000000000000000000e+00,-0.000000000000000000e+00,-0.000000000000000000e+00,0.000000000000000000e+00,-0.000000000000000000e+00,-0.000000000000000000e+00,-1.914175205535507684e-01,0.000000000000000000e+00,-0.000000000000000000e+00,-1.641825670005707394e-02,-0.000000000000000000e+00,0.000000000000000000e+00,0.000000000000000000e+00
0.000000000000000000e+00,0.000000000000000000e+00,-0.000000000000000000e+00,0.000000000000000000e+00,-0.000000000000000000e+00,-0.000000000000000000e+00,-0.000000000000000000e+00,1.720942317342935221e-02,0.000000000000000000e+00,0.000000000000000000e+00,-0.000000000000000000e+00,0.000000000000000000e+00,-1.345955180908453910e-02,-1.526683053539504634e-02,-0.000000000000000000e+00,0.000000000000000000e+00,-0.000000000000000000e+00,0.000000000000000000e+00,0.000000000000000000e+00,0.000000000000000000e+00,-2.893296226730226461e-01,1.111204711855844796e+00,-0.000000000000000000e+00,0.000000000000000000e+00,-0.000000000000000000e+00,0.000000000000000000e+00,-0.000000000000000000e+00,-0.000000000000000000e+00,-0.000000000000000000e+00,0.000000000000000000e+00,-1.303471925954086674e-01,-5.020737208614345359e-02,-0.000000000000000000e+00,0.000000000000000000e+00,-1.188465749803319267e-02,-0.000000000000000000e+00,-3.650463522318766856e-03,0.000000000000000000e+00,0.000000000000000000e+00
3.120274543258676897e-02,0.000000000000000000e+00,0.000000000000000000e+00,1.590191215501826150e-03,0.000000000000000000e+00,-1.076926181344963068e-01,-0.000000000000000000e+00,0.000000000000000000e+00,4.164254021566557440e-02,0.000000000000000000e+00,-7.351529226706872422e-02,0.000000000000000000e+00,-7.342751199675547069e-02,-1.550168063027356491e-01,-0.000000000000000000e+00,0.000000000000000000e+00,-9.884279644387565511e-02,0.000000000000000000e+00,5.751723631272461640e-03,0.000000000000000000e+00,-2.242412811176833221e-03,-0.000000000000000000e+00,1.586048053033374483e+00,0.000000000000000000e+00,-1.826173917060106289e-01,0.000000000000000000e+00,-0.000000000000000000e+00,0.000000000000000000e+00,-7.882479433335000396e-02,3.208157598707751107e-02,-0.000000000000000000e+00,-4.076680328327093178e-02,-1.506733485840612286e-01,0.000000000000000000e+00,-1.565116254215099256e-01,-1.148683567764454266e-01,-1.179431034199014683e-01,3.196501741039942113e-02,3.958502732535295471e-02
-0.000000000000000000e+00,-0.000000000000000000e+00,-1.077846294902680239e-02,-0.000000000000000000e+00,-0.000000000000000000e+00,0.000000000000000000e+00,0.000000000000000000e+00,0.000000000000000000e+00,-0.000000000000000000e+00,-1.701656024692990987e-01,0.000000000000000000e+00,-0.000000000000000000e+00,0.000000000000000000e+00,0.000000000000000000e+00,0.000000000000000000e+00,-5.429834119159410860e-02,0.000000000000000000e+00,-0.000000000000000000e+00,-0.000000000000000000e+00,-0.000000000000000000e+00,0.000000000000000000e+00,0.000000000000000000e+00,0.000000000000000000e+00,1.042857011519358279e+00,0.000000000000000000e+00,-4.915099508496373511e-03,-6.365813529062551435e-02,-0.000000000000000000e+00,0.000000000000000000e+00,-1.181502808387755420e-02,-0.000000000000000000e+00,0.000000000000000000e+00,0.000000000000000000e+00,-0.000000000000000000e+00,0.000000000000000000e+00,0.000000000000000000e+00,0.000000000000000000e+00,-0.000000000000000000e+00,-0.000000000000000000e+00
1.618708092459174644e-02,0.000000000000000000e+00,0.000000000000000000e+00,6.514796284457087527e-02,0.000000000000000000e+00,-1.239823769989032154e-01,-0.000000000000000000e+00,0.000000000000000000e+00,4.212450451744542690e-02,0.000000000000000000e+00,-1.009958353873969955e-01,2.963962786362752885e-02,-3.568372594223780114e-02,-1.337439576754605175e-01,-0.000000000000000000e+00,6.986259281947235830e-04,-7.659457007915042304e-02,0.000000000000000000e+00,0.000000000000000000e+00,0.000000000000000000e+00,-1.693158036844491510e-02,-0.000000000000000000e+00,-1.826173917060106289e-01,0.000000000000000000e+00,1.568538312588292793e+00,0.000000000000000000e+00,-0.000000000000000000e+00,0.000000000000000000e+00,-1.116324739301754049e-01,6.587958208300714880e-02,-0.000000000000000000e+00,-0.000000000000000000e+00,-1.227905457084216279e-01,4.446365967095669905e-03,-1.071671583568526986e-01,-1.536536756053683006e-01,-1.200553679923923311e-01,3.735121848748100114e-03,3.956862742787498749e-02
-1.697228853442838969e-01,-0.000000000000000000e+00,-0.000000000000000000e+00,-0.000000000000000000e+00,-0.000000000000000000e+00,0.000000000000000000e+00,0.000000000000000000e+00,0.000000000000000000e+00,-6.600359813164639877e-02,-0.000000000000000000e+00,1.315839365558650262e-02,-0.000000000000000000e+00,1.084665509256635962e-01,0.000000000000000000e+00,6.899023674363165270e-02,-1.432187193364583000e-01,1.472341923426693676e-03,-1.362839315924032069e-01,-6.336320312600811876e-03,-0.000000000000000000e+00,0.000000000000000000e+00,0.000000000000000000e+00,0.000000000000000000e+00,-4.915099508496373511e-03,0.000000000000000000e+00,1.309039129770019239e+00,-0.000000000000000000e+00,-9.350772717914081211e-02,0.000000000000000000e+00,-2.898287524475792049e-02,0.000000000000000000e+00,1.140443396686957947e-02,0.000000000000000000e+00,-3.223176890729480271e-02,0.000000000000000000e+00,0.000000000000000000e+00,0.000000000000000000e+00,-1.009152885101161218e-01,-2.616563053400375663e-02
-0.000000000000000000e+00,-8.506627860191121049e-02,-0.000000000000000000e+00,-0.000000000000000000e+00,-0.000000000000000000e+00,0.000000000000000000e+00,-0.000000000000000000e+00,0.000000000000000000e+00,-0.000000000000000000e+00,-0.000000000000000000e+00,0.000000000000000000e+00,-0.000000000000000000e+00,-0.000000000000000000e+00,-0.000000000000000000e+00,0.000000000000000000e+00,-0.000000000000000000e+00,0.000000000000000000e+00,-0.000000000000000000e+00,-0.000000000000000000e+00,-0.000000000000000000e+00,-0.000000000000000000e+00,-0.000000000000000000e+00,-0.000000000000000000e+00,-6.365813529062551435e-02,-0.000000000000000000e+00,-0.000000000000000000e+00,1.034092994952409139e+00,-0.000000000000000000e+00,0.000000000000000000e+00,-0.000000000000000000e+00,-1.543212701694472999e-01,-0.000000000000000000e+00,-0.000000000000000000e+00,-0.000000000000000000e+00,-0.000000000000000000e+00,-0.000000000000000000e+00,-0.000000000000000000e+00,-0.000000000000000000e+00,-0.000000000000000000e+00
-0.000000000000000000e+00,-0.000000000000000000e+00,-5.460791457923203085e-02,-0.000000000000000000e+00,-0.000000000000000000e+00,0.000000000000000000e+00,0.000000000000000000e+00,0.000000000000000000e+00,-0.000000000000000000e+00,-0.000000000000000000e+00,0.000000000000000000e+00,-0.000000000000000000e+00,0.000000000000000000e+00,0.000000000000000000e+00,0.000000000000000000e+00,-0.000000000000000000e+00,0.000000000000000000e+00,-0.000000000000000000e+00,-0.000000000000000000e+00,-0.000000000000000000e+00,-0.000000000000000000e+00,-0.000000000000000000e+00,0.000000000000000000e+00,-0.000000000000000000e+00,0.000000000000000000e+00,-9.350772717914081211e-02,-0.000000000000000000e+00,1.011731375340951811e+00,-0.000000000000000000e+00,-0.000000000000000000e+00,-0.000000000000000000e+00,0.000000000000000000e+00,0.000000000000000000e+00,-0.000000000000000000e+00,0.000000000000000000e+00,0.000000000000000000e+00,0.000000000000000000e+00,-0.000000000000000000e+00,-0.000000000000000000e+00
0.000000000000000000e+00,0.000000000000000000e+00,0.000000000000000000e+00,1.024106507397368367e-02,0.000000000000000000e+00,-5.163441726126396375e-02,0.000000000000000000e+00,0.000000000000000000e+00,0.000000000000000000e+00,5.911359689903869508e-02,-5.205674525507121737e-03,0.000000000000000000e+00,-0.000000000000000000e+00,-4.952685706591385822e-02,-0.000000000000000000e+00,0.000000000000000000e+00,-8.355681648826245034e-02,0.000000000000000000e+00,0.000000000000000000e+00,0.000000000000000000e+00,-0.000000000000000000e+00,-0.000000000000000000e+00,-7.882479433335000396e-02,0.000000000000000000e+00,-1.116324739301754049e-01,0.000000000000000000e+00,0.000000000000000000e+00,-0.000000000000000000e+00,1.145024651595510923e+00,0.000000000000000000e+00,-0.000000000000000000e+00,-0.000000000000000000e+00,-0.000000000000000000e+00,0.000000000000000000e+00,-9.193085960605819340e-02,-0.000000000000000000e+00,-0.000000000000000000e+00,0.000000000000000000e+00,7.619084348411289676e-02
-8.532291793212899711e-02,-0.000000000000000000e+00,-0.000000000000000000e+00,-9.182497439231715464e-02,-0.000000000000000000e+00,7.413353075182449459e-02,0.000000000000000000e+00,0.000000000000000000e+00,-1.186734479382200030e-01,-1.263286890434725529e-01,7.504886361652567117e-02,-4.124070985331480983e-03,4.656765667360828614e-02,0.000000000000000000e+00,1.024354478719914086e-01,-1.864437533107440870e-01,5.929472216228614395e-02,-1.177450966700611390e-01,-6.181676142247378297e-02,-0.000000000000000000e+00,0.000000000000000000e+00,0.000000000000000000e+00,3.208157598707751107e-02,-1.181502808387755420e-02,6.587958208300714880e-02,-2.898287524475792049e-02,-0.000000000000000000e+00,-0.000000000000000000e+00,0.000000000000000000e+00,1.613956873053532526e+00,0.000000000000000000e+00,0.000000000000000000e+00,0.000000000000000000e+00,-9.626542442129974730e-02,1.680029590276158882e-03,5.242581566164469797e-02,1.018017049449876192e-02,-7.521364911015498977e-02,-7.349527575157384363e-02
0.000000000000000000e+00,-0.000000000000000000e+00,-0.000000000000000000e+00,0.000000000000000000e+00,-0.000000000000000000e+00,-0.000000000000000000e+00,-0.000000000000000000e+00,0.000000000000000000e+00,0.000000000000000000e+00,0.000000000000000000e+00,-0.000000000000000000e+00,0.000000000000000000e+00,-0.000000000000000000e+00,-1.563302185280310563e-01,-0.000000000000000000e+00,0.000000000000000000e+00,-0.000000000000000000e+00,0.000000000000000000e+00,0.000000000000000000e+00,0.000000000000000000e+00,-0.000000000000000000e+00,-1.303471925954086674e-01,-0.000000000000000000e+00,-0.000000000000000000e+00,-0.000000000000000000e+00,0.000000000000000000e+00,-1.543212701694472999e-01,-0.000000000000000000e+00,-0.000000000000000000e+00,0.000000000000000000e+00,1.154730762686547063e+00,-1.586037735904962942e-01,-0.000000000000000000e+00,0.000000000000000000e+00,-3.668767405627369749e-02,-0.000000000000000000e+00,-1.126476243217024581e-01,0.000000000000000000e+00,0.000000000000000000e+00
4.239777447693866136e-02,0.000000000000000000e+00,0.000000000000000000e+00,0.000000000000000000e+00,0.000000000000000000e+00,-2.702445303438584870e-02,-0.000000000000000000e+00,0.000000000000000000e+00,0.000000000000000000e+00,0.000000000000000000e+00,-8.049288050103298175e-02,0.000000000000000000e+00,-1.530159150039247795e-01,-1.073461596997380557e-01,-9.390676034805232886e-02,2.499088110456240686e-02,-2.342677011236129689e-02,1.273609083359188328e-02,0.000000000000000000e+00,0.000000000000000000e+00,-0.000000000000000000e+00,-5.020737208614345359e-02,-4.076680328327093178e-02,0.000000000000000000e+00,-0.000000000000000000e+00,1.140443396686957947e-02,-0.000000000000000000e+00,0.000000000000000000e+00,-0.000000000000000000e+00,0.000000000000000000e+00,-1.586037735904962942e-01,1.418933871353378340e+00,-7.570822936367636868e-02,0.000000000000000000e+00,-1.074259188904559820e-01,-2.339450052920029680e-02,-1.911005078493560050e-01,7.093197976560836060e-02,0.000000000000000000e+00
6.866489526333319215e-02,0.000000000000000000e+00,-0.000000000000000000e+00,1.426073887630476510e-02,0.000000000000000000e+00,-4.800456302571409067e-02,-0.000000000000000000e+00,0.000000000000000000e+00,6.927104000723718728e-03,0.000000000000000000e+00,-4.967827948474340394e-02,0.000000000000000000e+00,-1.377905164443080921e-01,-1.484934073462015613e-01,-0.000000000000000000e+00,0.000000000000000000e+00,-4.008299864991055755e-02,0.000000000000000000e+00,0.000000000000000000e+00,0.000000000000000000e+00,-1.914175205535507684e-01,-0.000000000000000000e+00,-1.506733485840612286e-01,0.000000000000000000e+00,-1.227905457084216279e-01,0.000000000000000000e+00,-0.000000000000000000e+00,0.000000000000000000e+00,-0.000000000000000000e+00,0.000000000000000000e+00,-0.000000000000000000e+00,-7.570822936367636868e-02,1.502877589510905221e+00,0.000000000000000000e+00,-1.271495091170186942e-01,-9.381363342099499625e-02,-1.242206054795452486e-01,3.130010767545995942e-02,2.758930501732886897e-02
-0.000000000000000000e+00,-0.000000000000000000e+00,-0.000000000000000000e+00,-1.175974523207505146e-01,-4.026857748843907375e-02,3.874264015489467528e-02,-0.000000000000000000e+00,0.000000000000000000e+00,-1.698223959955335316e-01,-3.180192905273391407e-02,7.343847176435076840e-02,-1.201263166366661334e-01,0.000000000000000000e+00,0.000000000000000000e+00,5.566042778146461367e-02,-3.294719567678040806e-02,6.788125959757672356e-02,-7.333517072822412497e-02,-5.007373790262493324e-02,-1.042648769899198052e-01,0.000000000000000000e+00,0.000000000000000000e+00,0.000000000000000000e+00,-0.000000000000000000e+00,4.446365967095669905e-03,-3.223176890729480271e-02,-0.000000000000000000e+00,-0.000000000000000000e+00,0.000000000000000000e+00,-9.626542442129974730e-02,0.000000000000000000e+00,0.000000000000000000e+00,0.000000000000000000e+00,1.447804050603324955e+00,0.000000000000000000e+00,6.172260429429993200e-02,0.000000000000000000e+00,-8.356697433571558253e-02,-1.281673465695412073e-01
3.719598971823659481e-03,0.000000000000000000e+00,0.000000000000000000e+00,2.400382592907409837e-02,0.000000000000000000e+00,-1.088965826363267053e-01,-0.000000000000000000e+00,0.000000000000000000e+00,0.000000000000000000e+00,0.000000000000000000e+00,-9.160480688493805035e-02,0.000000000000000000e+00,-9.419587227490919257e-02,-1.699258714626737943e-01,-5.736412275340985016e-03,0.000000000000000000e+00,-1.050555312557262255e-01,0.000000000000000000e+00,0.000000000000000000e+00,0.000000000000000000e+00,-0.000000000000000000e+00,-1.188465749803319267e-02,-1.565116254215099256e-01,0.000000000000000000e+00,-1.071671583568526986e-01,0.000000000000000000e+00,-0.000000000000000000e+00,0.000000000000000000e+00,-9.193085960605819340e-02,1.680029590276158882e-03,-3.668767405627369749e-02,-1.074259188904559820e-01,-1.271495091170186942e-01,0.000000000000000000e+00,1.563954018243726818e+00,-7.180382888597885982e-02,-1.598109639339715116e-01,4.283435955919964039e-02,1.227792625184083496e-04
1.222208044709580631e-02,0.000000000000000000e+00,0.000000000000000000e+00,2.624390580389661734e-02,0.000000000000000000e+00,-6.969001092284772547e-02,-0.000000000000000000e+00,0.000000000000000000e+00,4.507063722734228062e-02,0.000000000000000000e+00,-3.239990452282126565e-02,0.000000000000000000e+00,-9.446273673844335361e-02,-9.287412891747399979e-02,-5.229576606207254896e-02,0.000000000000000000e+00,-1.495036868625960677e-02,0.000000000000000000e+00,1.712561137460081109e-02,0.000000000000000000e+00,-1.641825670005707394e-02,-0.000000000000000000e+00,-1.148683567764454266e-01,0.000000000000000000e+00,-1.536536756053683006e-01,0.000000000000000000e+00,-0.000000000000000000e+00,0.000000000000000000e+00,-0.000000000000000000e+00,5.242581566164469797e-02,-0.000000000000000000e+00,-2.339450052920029680e-02,-9.381363342099499625e-02,6.172260429429993200e-02,-7.180382888597885982e-02,1.362175342444446491e+00,-3.301683586792803632e-02,1.977195050007956104e-02,2.354344076356064408e-02
3.687290477221383256e-02,0.000000000000000000e+00,0.000000000000000000e+00,4.256351424161869401e-02,0.000000000000000000e+00,-9.994394626680189186e-02,-0.000000000000000000e+00,0.000000000000000000e+00,2.163916786000398551e-02,0.000000000000000000e+00,-1.014004758774492698e-01,0.000000000000000000e+00,-9.010327910909159133e-02,-1.529771550844797878e-01,-1.500732352556943556e-03,2.577439152076267757e-03,-6.278305096433267618e-02,0.000000000000000000e+00,0.000000000000000000e+00,0.000000000000000000e+00,-0.000000000000000000e+00,-3.650463522318766856e-03,-1.179431034199014683e-01,0.000000000000000000e+00,-1.200553679923923311e-01,0.000000000000000000e+00,-0.000000000000000000e+00,0.000000000000000000e+00,-0.000000000000000000e+00,1.018017049449876192e-02,-1.126476243217024581e-01,-1.911005078493560050e-01,-1.242206054795452486e-01,0.000000000000000000e+00,-1.598109639339715116e-01,-3.301683586792803632e-02,1.568389347903214270e+00,4.262762981335863066e-02,0.000000000000000000e+00
-1.353127456606318946e-01,-0.000000000000000000e+00,-0.000000000000000000e+00,-8.630005055058755092e-02,-0.000000000000000000e+00,6.388577459183027163e-02,0.000000000000000000e+00,0.000000000000000000e+00,-1.116276545857040753e-01,-1.748524272939660021e-03,8.235626785215779955e-02,-0.000000000000000000e+00,8.953388598746836458e-02,0.000000000000000000e+00,1.267235334430243665e-01,-8.084552870287625703e-02,9.078652789294726355e-02,-1.082398297509264973e-01,-1.025920846543202092e-01,-7.845113870052672356e-02,0.000000000000000000e+00,0.000000000000000000e+00,3.196501741039942113e-02,-0.000000000000000000e+00,3.735121848748100114e-03,-1.009152885101161218e-01,-0.000000000000000000e+00,-0.000000000000000000e+00,0.000000000000000000e+00,-7.521364911015498977e-02,0.000000000000000000e+00,7.093197976560836060e-02,3.130010767545995942e-02,-8.356697433571558253e-02,4.283435955919964039e-02,1.977195050007956104e-02,4.262762981335863066e-02,1.698647296911124371e+00,-1.125153118497153049e-01
-9.180192382604852874e-02,-0.000000000000000000e+00,-0.000000000000000000e+00,-8.569698619471827206e-02,-0.000000000000000000e+00,7.722921811444920237e-02,-0.000000000000000000e+00,0.000000000000000000e+00,-1.258678685162938071e-01,-9.732422125823501913e-02,8.594986482660256499e-02,-8.847549638564227228e-03,1.923383163548012670e-02,0.000000000000000000e+00,1.761777443429492218e-02,-2.754919727398748297e-02,1.135417322671032903e-01,-6.838906252219847937e-02,-1.521196453213199962e-01,-1.566642049222420896e-01,0.000000000000000000e+00,0.000000000000000000e+00,3.958502732535295471e-02,-0.000000000000000000e+00,3.956862742787498749e-02,-2.616563053400375663e-02,-0.000000000000000000e+00,-0.000000000000000000e+00,7.619084348411289676e-02,-7.349527575157384363e-02,0.000000000000000000e+00,0.000000000000000000e+00,2.758930501732886897e-02,-1.281673465695412073e-01,1.227792625184083496e-04,2.354344076356064408e-02,0.000000000000000000e+00,-1.125153118497153049e-01,1.623409636498855058e+00
