2.202712460805051897e+00,-3.805726322217859448e-01,-0.000000000000000000e+00,-0.000000000000000000e+00,-0.000000000000000000e+00,0.000000000000000000e+00,-0.000000000000000000e+00,0.000000000000000000e+00,-5.353535349857096309e-02,-3.205218276835813396e-01,-5.060648982690885839e-02,-0.000000000000000000e+00,-0.000000000000000000e+00,-0.000000000000000000e+00,-0.000000000000000000e+00,-5.917903791200890273e-01,-7.607816836401132266e-02,0.000000000000000000e+00,0.000000000000000000e+00,-0.000000000000000000e+00,-0.000000000000000000e+00,-0.000000000000000000e+00,-0.000000000000000000e+00,-8.273313908288679186e-02,-0.000000000000000000e+00,-0.000000000000000000e+00,-0.000000000000000000e+00,-0.000000000000000000e+00,-9.248042616260844506e-02,-0.000000000000000000e+00,-0.000000000000000000e+00,-0.000000000000000000e+00,-0.000000000000000000e+00,-1.827362279327081063e-01,-3.864103250245583265e-02,-1.676883730573199352e-02,-2.685402077033049312e-02,-2.849551450643990069e-01,-0.000000000000000000e+00
-3.805726322217859448e-01,2.479494426827850706e+00,-5.113885381552899650e-02,-0.000000000000000000e+00,-0.000000000000000000e+00,0.000000000000000000e+00,-0.000000000000000000e+00,1.078986614952963524e-01,-5.780753435307798421e-02,-3.375360287571429474e-01,-1.100159971356245436e-01,-2.399687967964107549e-01,-0.000000000000000000e+00,-3.899279891231350291e-03,-1.728268668109335937e-01,-0.000000000000000000e+00,-1.684075893695939907e-01,0.000000000000000000e+00,0.000000000000000000e+00,-0.000000000000000000e+00,-0.000000000000000000e+00,-2.999200980903974495e-02,-1.015160508245070842e-01,-2.025658862354525191e-01,-0.000000000000000000e+00,-3.447372723004522160e-02,-0.000000000000000000e+00,-0.000000000000000000e+00,-0.000000000000000000e+00,-0.000000000000000000e+00,-6.224833649526675255e-02,-2.543860347277727696e-01,0.000000000000000000e+00,-7.639421991787273547e-02,-7.702036894439392989e-02,-0.000000000000000000e+00,-7.889770094168515810e-03,-9.400577107844138025e-02,-9.270569097401182290e-02
-0.000000000000000000e+00,-5.113885381552899650e-02,2.369219017367989011e+00,-0.000000000000000000e+00,-1.193215827202180473e-01,0.000000000000000000e+00,-0.000000000000000000e+00,9.486087313766202733e-01,-0.000000000000000000e+00,-5.105690644260434813e-02,-3.059049408766325792e-02,-0.000000000000000000e+00,-0.000000000000000000e+00,-0.000000000000000000e+00,-0.000000000000000000e+00,-1.724524168877426822e-02,-0.000000000000000000e+00,0.000000000000000000e+00,0.000000000000000000e+00,-0.000000000000000000e+00,-3.536115719749616249e-01,-2.249855687675546834e-01,-0.000000000000000000e+00,-0.000000000000000000e+00,-0.000000000000000000e+00,-2.746386487762165346e-02,-0.000000000000000000e+00,-0.000000000000000000e+00,0.000000000000000000e+00,-9.841138687428929721e-02,-2.764345582229593146e-01,-0.000000000000000000e+00,-9.843178675318209336e-02,-0.000000000000000000e+00,-0.000000000000000000e+00,-0.000000000000000000e+00,-0.000000000000000000e+00,-1.353800711995692685e-01,-0.000000000000000000e+00
-0.000000000000000000e+00,-0.000000000000000000e+00,-0.000000000000000000e+00,1.175932460042476979e+00,-0.000000000000000000e+00,-0.000000000000000000e+00,-3.230625491013937312e-02,0.000000000000000000e+00,-0.000000000000000000e+00,-0.000000000000000000e+00,-0.000000000000000000e+00,-5.555925533254407744e-02,-1.137864739553668680e-01,-0.000000000000000000e+00,-0.000000000000000000e+00,0.000000000000000000e+00,-0.000000000000000000e+00,-5.921366939952183578e-02,4.357287814308729440e-02,-2.512456396617097909e-02,-0.000000000000000000e+00,-9.356113026174789349e-02,-5.676231826263356678e-03,-2.985106547540115896e-02,0.000000000000000000e+00,-0.000000000000000000e+00,-1.661488026147143193e-01,-0.000000000000000000e+00,-0.000000000000000000e+00,0.000000000000000000e+00,-0.000000000000000000e+00,-0.000000000000000000e+00,0.000000000000000000e+00,-0.000000000000000000e+00,-0.000000000000000000e+00,0.000000000000000000e+00,-0.000000000000000000e+00,-0.000000000000000000e+00,-9.398166492520694526e-02
-0.000000000000000000e+00,-0.000000000000000000e+00,-1.193215827202180473e-01,-0.000000000000000000e+00,1.641638889840131510e+00,0.000000000000000000e+00,-0.000000000000000000e+00,3.023603894706262118e-01,-3.029996683792963164e-01,-0.000000000000000000e+00,-0.000000000000000000e+00,-0.000000000000000000e+00,0.000000000000000000e+00,-0.000000000000000000e+00,-0.000000000000000000e+00,-0.000000000000000000e+00,-0.000000000000000000e+00,6.252904078271254162e-02,0.000000000000000000e+00,-0.000000000000000000e+00,-0.000000000000000000e+00,-2.328435083353683210e-02,-0.000000000000000000e+00,-0.000000000000000000e+00,-6.762857287618787017e-02,-0.000000000000000000e+00,-0.000000000000000000e+00,-0.000000000000000000e+00,0.000000000000000000e+00,-2.766329495221510060e-01,-1.883629404108055905e-02,-0.000000000000000000e+00,-0.000000000000000000e+00,-0.000000000000000000e+00,-0.000000000000000000e+00,-0.000000000000000000e+00,0.000000000000000000e+00,-2.274767945692237059e-01,-0.000000000000000000e+00
0.000000000000000000e+00,0.000000000000000000e+00,0.000000000000000000e+00,-0.000000000000000000e+00,0.000000000000000000e+00,1.013066520424381389e+00,-0.000000000000000000e+00,-0.000000000000000000e+00,-0.000000000000000000e+00,0.000000000000000000e+00,-0.000000000000000000e+00,-0.000000000000000000e+00,-0.000000000000000000e+00,-0.000000000000000000e+00,-0.000000000000000000e+00,0.000000000000000000e+00,-0.000000000000000000e+00,-5.391152509268557630e-02,-0.000000000000000000e+00,-0.000000000000000000e+00,-0.000000000000000000e+00,-0.000000000000000000e+00,0.000000000000000000e+00,-0.000000000000000000e+00,0.000000000000000000e+00,0.000000000000000000e+00,-0.000000000000000000e+00,-0.000000000000000000e+00,-0.000000000000000000e+00,0.000000000000000000e+00,-0.000000000000000000e+00,-0.000000000000000000e+00,0.000000000000000000e+00,0.000000000000000000e+00,-0.000000000000000000e+00,8.546334946018817325e-02,0.000000000000000000e+00,0.000000000000000000e+00,0.000000000000000000e+00
-0.000000000000000000e+00,-0.000000000000000000e+00,-0.000000000000000000e+00,-3.230625491013937312e-02,-0.000000000000000000e+00,-0.000000000000000000e+00,1.132070428840395770e+00,0.000000000000000000e+00,-0.000000000000000000e+00,-0.000000000000000000e+00,-0.000000000000000000e+00,-0.000000000000000000e+00,-3.503140325371837532e-02,-0.000000000000000000e+00,-0.000000000000000000e+00,-0.000000000000000000e+00,-0.000000000000000000e+00,-0.000000000000000000e+00,0.000000000000000000e+00,-2.373192046534812194e-01,-0.000000000000000000e+00,-1.534508463443345627e-01,-0.000000000000000000e+00,-0.000000000000000000e+00,0.000000000000000000e+00,-0.000000000000000000e+00,-2.677950191280385056e-02,-0.000000000000000000e+00,0.000000000000000000e+00,-0.000000000000000000e+00,-0.000000000000000000e+00,-0.000000000000000000e+00,0.000000000000000000e+00,-0.000000000000000000e+00,-0.000000000000000000e+00,0.000000000000000000e+00,-0.000000000000000000e+00,-0.000000000000000000e+00,-0.000000000000000000e+00
0.000000000000000000e+00,1.078986614952963524e-01,9.486087313766202733e-01,0.000000000000000000e+00,3.023603894706262118e-01,-0.000000000000000000e+00,0.000000000000000000e+00,2.246746644018760453e+00,1.974048157306412810e-02,2.161056402464613807e-02,3.668775128111896621e-04,0.000000000000000000e+00,0.000000000000000000e+00,0.000000000000000000e+00,0.000000000000000000e+00,8.557237693036495729e-02,0.000000000000000000e+00,-0.000000000000000000e+00,-0.000000000000000000e+00,0.000000000000000000e+00,1.469547446187117468e-01,1.093402493427818312e-01,0.000000000000000000e+00,0.000000000000000000e+00,0.000000000000000000e+00,0.000000000000000000e+00,0.000000000000000000e+00,0.000000000000000000e+00,0.000000000000000000e+00,1.099382573208057962e-01,7.908854573348669814e-02,0.000000000000000000e+00,1.348707557174015081e-01,1.467230117166166276e-02,0.000000000000000000e+00,8.448834308503060109e-02,0.000000000000000000e+00,1.190550448796491162e-01,0.000000000000000000e+00
-5.353535349857096309e-02,-5.780753435307798421e-02,-0.000000000000000000e+00,-0.000000000000000000e+00,-3.029996683792963164e-01,-0.000000000000000000e+00,-0.000000000000000000e+00,1.974048157306412810e-02,2.186029752219984967e+00,-1.358852032539173138e-01,-1.244872205195063225e-01,-5.732355405004165710e-02,-0.000000000000000000e+00,-0.000000000000000000e+00,-0.000000000000000000e+00,-5.176246149438908095e-03,-4.519347606606150675e-02,0.000000000000000000e+00,2.034755976328784244e-01,-1.495088707226590874e-01,-0.000000000000000000e+00,-2.003726330403297895e-01,-8.538355419031409821e-02,-2.401762046950957352e-02,-0.000000000000000000e+00,-1.044963198636713123e-02,-0.000000000000000000e+00,-0.000000000000000000e+00,-0.000000000000000000e+00,-3.596099856658822869e-02,-0.000000000000000000e+00,-0.000000000000000000e+00,0.000000000000000000e+00,-3.073202531796274672e-01,-0.000000000000000000e+00,-0.000000000000000000e+00,-0.000000000000000000e+00,-3.155627289652413459e-01,-1.945447451597892008e-01
-3.205218276835813396e-01,-3.375360287571429474e-01,-5.105690644260434813e-02,-0.000000000000000000e+00,-0.000000000000000000e+00,0.000000000000000000e+00,-0.000000000000000000e+00,2.161056402464613807e-02,-1.358852032539173138e-01,2.524119404266469413e+00,-8.908614027216645026e-02,-0.000000000000000000e+00,-0.000000000000000000e+00,-0.000000000000000000e+00,-0.000000000000000000e+00,-3.246351097078130632e-01,-0.000000000000000000e+00,0.000000000000000000e+00,1.424579736537388563e-01,-0.000000000000000000e+00,-0.000000000000000000e+00,-0.000000000000000000e+00,-3.153641937342746386e-03,-1.405258819397771641e-01,-2.493298261336965218e-03,-1.879556397833150039e-01,-0.000000000000000000e+00,-0.000000000000000000e+00,-0.000000000000000000e+00,-4.325349142528039925e-01,-0.000000000000000000e+00,-2.063985158173796686e-01,-0.000000000000000000e+00,-5.314491226676446717e-02,-9.418385161502876302e-02,-0.000000000000000000e+00,-0.000000000000000000e+00,-3.744442696610440074e-02,-1.803521378645860096e-01
-5.060648982690885839e-02,-1.100159971356245436e-01,-3.059049408766325792e-02,-0.000000000000000000e+00,-0.000000000000000000e+00,-0.000000000000000000e+00,-0.000000000000000000e+00,3.668775128111896621e-04,-1.244872205195063225e-01,-8.908614027216645026e-02,1.445032911746179538e+00,-0.000000000000000000e+00,-0.000000000000000000e+00,-0.000000000000000000e+00,-0.000000000000000000e+00,-0.000000000000000000e+00,-4.258892305595325389e-01,0.000000000000000000e+00,0.000000000000000000e+00,-0.000000000000000000e+00,-0.000000000000000000e+00,-0.000000000000000000e+00,-0.000000000000000000e+00,-0.000000000000000000e+00,-0.000000000000000000e+00,-0.000000000000000000e+00,-0.000000000000000000e+00,-0.000000000000000000e+00,-0.000000000000000000e+00,-6.379426377529925918e-02,-0.000000000000000000e+00,-0.000000000000000000e+00,-0.000000000000000000e+00,-0.000000000000000000e+00,-9.678443310217117734e-03,-0.000000000000000000e+00,-0.000000000000000000e+00,-1.490105679135239614e-01,-9.475275019855277812e-04
-0.000000000000000000e+00,-2.399687967964107549e-01,-0.000000000000000000e+00,-5.555925533254407744e-02,-0.000000000000000000e+00,-0.000000000000000000e+00,-0.000000000000000000e+00,0.000000000000000000e+00,-5.732355405004165710e-02,-0.000000000000000000e+00,-0.000000000000000000e+00,2.706893266180456781e+00,-1.955469437775468888e-01,-1.246422063262954683e-01,-6.606882536667469941e-01,-0.000000000000000000e+00,-0.000000000000000000e+00,0.000000000000000000e+00,1.853807911697390176e-01,-6.188790178428680427e-02,-0.000000000000000000e+00,-2.821273889884302055e-01,-1.364113029781462982e-01,-9.272296401032546764e-03,-0.000000000000000000e+00,-5.074080500816100653e-02,-2.078693168321022744e-01,-0.000000000000000000e+00,-0.000000000000000000e+00,-0.000000000000000000e+00,-2.297098449390245767e-01,-1.555394071661617139e-01,0.000000000000000000e+00,-9.626402912255593858e-02,-0.000000000000000000e+00,0.000000000000000000e+00,-0.000000000000000000e+00,-0.000000000000000000e+00,-2.237205236696971633e-01
-0.000000000000000000e+00,-0.000000000000000000e+00,-0.000000000000000000e+00,-1.137864739553668680e-01,0.000000000000000000e+00,-0.000000000000000000e+00,-3.503140325371837532e-02,0.000000000000000000e+00,-0.000000000000000000e+00,-0.000000000000000000e+00,-0.000000000000000000e+00,-1.955469437775468888e-01,1.214586230899639352e+00,-0.000000000000000000e+00,-9.206344295556709301e-02,0.000000000000000000e+00,-0.000000000000000000e+00,-0.000000000000000000e+00,0.000000000000000000e+00,-1.723877702444214788e-01,-0.000000000000000000e+00,-8.794399767402817647e-02,-0.000000000000000000e+00,-0.000000000000000000e+00,0.000000000000000000e+00,-0.000000000000000000e+00,-0.000000000000000000e+00,-0.000000000000000000e+00,-0.000000000000000000e+00,0.000000000000000000e+00,-0.000000000000000000e+00,-0.000000000000000000e+00,0.000000000000000000e+00,-0.000000000000000000e+00,-0.000000000000000000e+00,0.000000000000000000e+00,-0.000000000000000000e+00,-0.000000000000000000e+00,-0.000000000000000000e+00
-0.000000000000000000e+00,-3.899279891231350291e-03,-0.000000000000000000e+00,-0.000000000000000000e+00,-0.000000000000000000e+00,-0.000000000000000000e+00,-0.000000000000000000e+00,0.000000000000000000e+00,-0.000000000000000000e+00,-0.000000000000000000e+00,-0.000000000000000000e+00,-1.246422063262954683e-01,-0.000000000000000000e+00,1.953890033175360808e+00,-2.192689874137113137e-01,-6.085864263761923965e-02,-2.143908022506409716e-01,0.000000000000000000e+00,0.000000000000000000e+00,-0.000000000000000000e+00,-0.000000000000000000e+00,-0.000000000000000000e+00,-4.757072490543048371e-01,-3.544839690442381230e-01,-0.000000000000000000e+00,-0.000000000000000000e+00,-3.759380172628992711e-02,-0.000000000000000000e+00,-0.000000000000000000e+00,-0.000000000000000000e+00,-5.177347693779860843e-02,-8.089282272827787168e-02,0.000000000000000000e+00,-0.000000000000000000e+00,-1.188545168944459274e-01,0.000000000000000000e+00,-0.000000000000000000e+00,-1.079114639915485820e-02,-4.776087364841195837e-02
-0.000000000000000000e+00,-1.728268668109335937e-01,-0.000000000000000000e+00,-0.000000000000000000e+00,-0.000000000000000000e+00,-0.000000000000000000e+00,-0.000000000000000000e+00,0.000000000000000000e+00,-0.000000000000000000e+00,-0.000000000000000000e+00,-0.000000000000000000e+00,-6.606882536667469941e-01,-9.206344295556709301e-02,-2.192689874137113137e-01,2.339950549300006788e+00,-0.000000000000000000e+00,-1.691366608412082917e-02,0.000000000000000000e+00,0.000000000000000000e+00,-1.384903586282694443e-01,-0.000000000000000000e+00,-1.352234840925655157e-01,-3.980923617970132805e-02,-1.890222210414213566e-02,-0.000000000000000000e+00,-0.000000000000000000e+00,-2.787381036316316507e-01,-0.000000000000000000e+00,-0.000000000000000000e+00,-0.000000000000000000e+00,-2.471375034239799151e-01,-2.510725609741528697e-01,0.000000000000000000e+00,-0.000000000000000000e+00,-0.000000000000000000e+00,0.000000000000000000e+00,-0.000000000000000000e+00,-0.000000000000000000e+00,-3.911625652558154559e-02
-5.917903791200890273e-01,-0.000000000000000000e+00,-1.724524168877426822e-02,0.000000000000000000e+00,-0.000000000000000000e+00,0.000000000000000000e+00,-0.000000000000000000e+00,8.557237693036495729e-02,-5.176246149438908095e-03,-3.246351097078130632e-01,-0.000000000000000000e+00,-0.000000000000000000e+00,0.000000000000000000e+00,-6.085864263761923965e-02,-0.000000000000000000e+00,2.191482525003900061e+00,-0.000000000000000000e+00,3.623809372026270265e-02,0.000000000000000000e+00,-0.000000000000000000e+00,-0.000000000000000000e+00,-0.000000000000000000e+00,-7.693414047610511175e-02,-0.000000000000000000e+00,-1.655246362688558570e-01,-0.000000000000000000e+00,-0.000000000000000000e+00,-0.000000000000000000e+00,-1.462468054289667481e-02,-2.831173506464308987e-01,-0.000000000000000000e+00,-0.000000000000000000e+00,-0.000000000000000000e+00,-0.000000000000000000e+00,-7.259519777974907107e-02,-3.125463733113608145e-01,-0.000000000000000000e+00,-2.672692971327442213e-01,-0.000000000000000000e+00
-7.607816836401132266e-02,-1.684075893695939907e-01,-0.000000000000000000e+00,-0.000000000000000000e+00,-0.000000000000000000e+00,-0.000000000000000000e+00,-0.000000000000000000e+00,0.000000000000000000e+00,-4.519347606606150675e-02,-0.000000000000000000e+00,-4.258892305595325389e-01,-0.000000000000000000e+00,-0.000000000000000000e+00,-2.143908022506409716e-01,-1.691366608412082917e-02,-0.000000000000000000e+00,1.745485824219749960e+00,0.000000000000000000e+00,0.000000000000000000e+00,-0.000000000000000000e+00,-0.000000000000000000e+00,-0.000000000000000000e+00,-1.206925897936292902e-01,-2.523893043815428339e-01,-0.000000000000000000e+00,-0.000000000000000000e+00,-0.000000000000000000e+00,-0.000000000000000000e+00,-2.021169294587050191e-01,-0.000000000000000000e+00,-0.000000000000000000e+00,-0.000000000000000000e+00,0.000000000000000000e+00,-0.000000000000000000e+00,-0.000000000000000000e+00,-0.000000000000000000e+00,-0.000000000000000000e+00,-2.069199410385880525e-02,-1.050306561572470765e-01
0.000000000000000000e+00,0.000000000000000000e+00,0.000000000000000000e+00,-5.921366939952183578e-02,6.252904078271254162e-02,-5.391152509268557630e-02,-0.000000000000000000e+00,-0.000000000000000000e+00,0.000000000000000000e+00,0.000000000000000000e+00,0.000000000000000000e+00,0.000000000000000000e+00,-0.000000000000000000e+00,0.000000000000000000e+00,0.000000000000000000e+00,3.623809372026270265e-02,0.000000000000000000e+00,1.321775241026190040e+00,-0.000000000000000000e+00,0.000000000000000000e+00,-0.000000000000000000e+00,0.000000000000000000e+00,0.000000000000000000e+00,0.000000000000000000e+00,2.141316056651296762e-01,0.000000000000000000e+00,-0.000000000000000000e+00,-0.000000000000000000e+00,-0.000000000000000000e+00,0.000000000000000000e+00,0.000000000000000000e+00,-0.000000000000000000e+00,0.000000000000000000e+00,0.000000000000000000e+00,-0.000000000000000000e+00,2.400979621266824959e-01,-0.000000000000000000e+00,3.657168350322277939e-01,0.000000000000000000e+00
0.000000000000000000e+00,0.000000000000000000e+00,0.000000000000000000e+00,4.357287814308729440e-02,0.000000000000000000e+00,-0.000000000000000000e+00,0.000000000000000000e+00,-0.000000000000000000e+00,2.034755976328784244e-01,1.424579736537388563e-01,0.000000000000000000e+00,1.853807911697390176e-01,0.000000000000000000e+00,0.000000000000000000e+00,0.000000000000000000e+00,0.000000000000000000e+00,0.000000000000000000e+00,-0.000000000000000000e+00,1.645886178305244751e+00,0.000000000000000000e+00,0.000000000000000000e+00,0.000000000000000000e+00,2.186827488424791192e-04,0.000000000000000000e+00,0.000000000000000000e+00,9.533381893070845547e-02,0.000000000000000000e+00,0.000000000000000000e+00,0.000000000000000000e+00,0.000000000000000000e+00,0.000000000000000000e+00,0.000000000000000000e+00,-0.000000000000000000e+00,1.045896100855099736e-01,0.000000000000000000e+00,0.000000000000000000e+00,0.000000000000000000e+00,0.000000000000000000e+00,5.200924996280539281e-01
-0.000000000000000000e+00,-0.000000000000000000e+00,-0.000000000000000000e+00,-2.512456396617097909e-02,-0.000000000000000000e+00,-0.000000000000000000e+00,-2.373192046534812194e-01,0.000000000000000000e+00,-1.495088707226590874e-01,-0.000000000000000000e+00,-0.000000000000000000e+00,-6.188790178428680427e-02,-1.723877702444214788e-01,-0.000000000000000000e+00,-1.384903586282694443e-01,-0.000000000000000000e+00,-0.000000000000000000e+00,0.000000000000000000e+00,0.000000000000000000e+00,1.770532465658968269e+00,-1.957983591169837334e-01,-3.013373563302621516e-01,-0.000000000000000000e+00,-0.000000000000000000e+00,0.000000000000000000e+00,-0.000000000000000000e+00,-1.968808201064800312e-01,-2.340201617894586417e-01,0.000000000000000000e+00,-0.000000000000000000e+00,-0.000000000000000000e+00,-0.000000000000000000e+00,0.000000000000000000e+00,-8.920013576811626488e-02,-0.000000000000000000e+00,0.000000000000000000e+00,-0.000000000000000000e+00,-0.000000000000000000e+00,-0.000000000000000000e+00
-0.000000000000000000e+00,-0.000000000000000000e+00,-3.536115719749616249e-01,-0.000000000000000000e+00,-0.000000000000000000e+00,-0.000000000000000000e+00,-0.000000000000000000e+00,1.469547446187117468e-01,-0.000000000000000000e+00,-0.000000000000000000e+00,-0.000000000000000000e+00,-0.000000000000000000e+00,-0.000000000000000000e+00,-0.000000000000000000e+00,-0.000000000000000000e+00,-0.000000000000000000e+00,-0.000000000000000000e+00,-0.000000000000000000e+00,0.000000000000000000e+00,-1.957983591169837334e-01,1.679632202170882938e+00,-3.756018669089397077e-01,-0.000000000000000000e+00,-0.000000000000000000e+00,0.000000000000000000e+00,-0.000000000000000000e+00,-0.000000000000000000e+00,-2.702848489359417905e-01,0.000000000000000000e+00,-0.000000000000000000e+00,-0.000000000000000000e+00,-0.000000000000000000e+00,-1.597494230251260694e-01,-0.000000000000000000e+00,-0.000000000000000000e+00,-0.000000000000000000e+00,-0.000000000000000000e+00,-0.000000000000000000e+00,-0.000000000000000000e+00
-0.000000000000000000e+00,-2.999200980903974495e-02,-2.249855687675546834e-01,-9.356113026174789349e-02,-2.328435083353683210e-02,-0.000000000000000000e+00,-1.534508463443345627e-01,1.093402493427818312e-01,-2.003726330403297895e-01,-0.000000000000000000e+00,-0.000000000000000000e+00,-2.821273889884302055e-01,-8.794399767402817647e-02,-0.000000000000000000e+00,-1.352234840925655157e-01,-0.000000000000000000e+00,-0.000000000000000000e+00,0.000000000000000000e+00,0.000000000000000000e+00,-3.013373563302621516e-01,-3.756018669089397077e-01,2.200961257419855155e+00,-0.000000000000000000e+00,-0.000000000000000000e+00,-0.000000000000000000e+00,-7.671239519156979395e-03,-9.250028626315093261e-02,-0.000000000000000000e+00,0.000000000000000000e+00,-0.000000000000000000e+00,-1.036306917377878556e-01,-0.000000000000000000e+00,-0.000000000000000000e+00,-7.813674136366469125e-02,-0.000000000000000000e+00,-0.000000000000000000e+00,-0.000000000000000000e+00,-8.788694173115901495e-03,-1.081160778489009128e-01
-0.000000000000000000e+00,-1.015160508245070842e-01,-0.000000000000000000e+00,-5.676231826263356678e-03,-0.000000000000000000e+00,0.000000000000000000e+00,-0.000000000000000000e+00,0.000000000000000000e+00,-8.538355419031409821e-02,-3.153641937342746386e-03,-0.000000000000000000e+00,-1.364113029781462982e-01,-0.000000000000000000e+00,-4.757072490543048371e-01,-3.980923617970132805e-02,-7.693414047610511175e-02,-1.206925897936292902e-01,0.000000000000000000e+00,2.186827488424791192e-04,-0.000000000000000000e+00,-0.000000000000000000e+00,-0.000000000000000000e+00,2.188769395482126345e+00,-4.247782288661984262e-01,-0.000000000000000000e+00,-8.498793129433308835e-02,-5.429876642531421271e-02,-0.000000000000000000e+00,-0.000000000000000000e+00,-0.000000000000000000e+00,-1.747525103218768583e-01,-0.000000000000000000e+00,0.000000000000000000e+00,-8.209115064391281358e-02,-4.936152449504855461e-02,-0.000000000000000000e+00,-0.000000000000000000e+00,-0.000000000000000000e+00,-2.481670732044914396e-01
-8.273313908288679186e-02,-2.025658862354525191e-01,-0.000000000000000000e+00,-2.985106547540115896e-02,-0.000000000000000000e+00,-0.000000000000000000e+00,-0.000000000000000000e+00,0.000000000000000000e+00,-2.401762046950957352e-02,-1.405258819397771641e-01,-0.000000000000000000e+00,-9.272296401032546764e-03,-0.000000000000000000e+00,-3.544839690442381230e-01,-1.890222210414213566e-02,-0.000000000000000000e+00,-2.523893043815428339e-01,0.000000000000000000e+00,0.000000000000000000e+00,-0.000000000000000000e+00,-0.000000000000000000e+00,-0.000000000000000000e+00,-4.247782288661984262e-01,2.043249461485016294e+00,-0.000000000000000000e+00,-0.000000000000000000e+00,-0.000000000000000000e+00,-0.000000000000000000e+00,-1.551760713631458559e-02,-0.000000000000000000e+00,-0.000000000000000000e+00,-0.000000000000000000e+00,0.000000000000000000e+00,-6.170241188992612452e-02,-2.076171715299760245e-01,0.000000000000000000e+00,-2.997051142151343356e-02,-0.000000000000000000e+00,-1.312256889258993087e-01
-0.000000000000000000e+00,-0.000000000000000000e+00,-0.000000000000000000e+00,0.000000000000000000e+00,-6.762857287618787017e-02,0.000000000000000000e+00,0.000000000000000000e+00,0.000000000000000000e+00,-0.000000000000000000e+00,-2.493298261336965218e-03,-0.000000000000000000e+00,-0.000000000000000000e+00,0.000000000000000000e+00,-0.000000000000000000e+00,-0.000000000000000000e+00,-1.655246362688558570e-01,-0.000000000000000000e+00,2.141316056651296762e-01,0.000000000000000000e+00,0.000000000000000000e+00,0.000000000000000000e+00,-0.000000000000000000e+00,-0.000000000000000000e+00,-0.000000000000000000e+00,1.228051868017493664e+00,-0.000000000000000000e+00,-0.000000000000000000e+00,0.000000000000000000e+00,-0.000000000000000000e+00,-2.554742114524011232e-01,-0.000000000000000000e+00,-0.000000000000000000e+00,-0.000000000000000000e+00,-0.000000000000000000e+00,-0.000000000000000000e+00,-7.066535961145725166e-03,-0.000000000000000000e+00,-0.000000000000000000e+00,-0.000000000000000000e+00
-0.000000000000000000e+00,-3.447372723004522160e-02,-2.746386487762165346e-02,-0.000000000000000000e+00,-0.000000000000000000e+00,0.000000000000000000e+00,-0.000000000000000000e+00,0.000000000000000000e+00,-1.044963198636713123e-02,-1.879556397833150039e-01,-0.000000000000000000e+00,-5.074080500816100653e-02,-0.000000000000000000e+00,-0.000000000000000000e+00,-0.000000000000000000e+00,-0.000000000000000000e+00,-0.000000000000000000e+00,0.000000000000000000e+00,9.533381893070845547e-02,-0.000000000000000000e+00,-0.000000000000000000e+00,-7.671239519156979395e-03,-8.498793129433308835e-02,-0.000000000000000000e+00,-0.000000000000000000e+00,1.827833588689071975e+00,-3.271263429919220034e-01,-2.385392766269617826e-01,-0.000000000000000000e+00,-0.000000000000000000e+00,-1.839165537750041546e-01,-1.910830323699858890e-01,0.000000000000000000e+00,-6.766939526995760512e-02,-0.000000000000000000e+00,-0.000000000000000000e+00,-5.061270105606258118e-02,-0.000000000000000000e+00,-1.398811260933524314e-01
-0.000000000000000000e+00,-0.000000000000000000e+00,-0.000000000000000000e+00,-1.661488026147143193e-01,-0.000000000000000000e+00,-0.000000000000000000e+00,-2.677950191280385056e-02,0.000000000000000000e+00,-0.000000000000000000e+00,-0.000000000000000000e+00,-0.000000000000000000e+00,-2.078693168321022744e-01,-0.000000000000000000e+00,-3.759380172628992711e-02,-2.787381036316316507e-01,-0.000000000000000000e+00,-0.000000000000000000e+00,-0.000000000000000000e+00,0.000000000000000000e+00,-1.968808201064800312e-01,-0.000000000000000000e+00,-9.250028626315093261e-02,-5.429876642531421271e-02,-0.000000000000000000e+00,-0.000000000000000000e+00,-3.271263429919220034e-01,2.314904045818144240e+00,-1.177671212189757705e-01,-0.000000000000000000e+00,-0.000000000000000000e+00,-5.236556108341482441e-01,-1.773807779588072175e-01,0.000000000000000000e+00,-0.000000000000000000e+00,-0.000000000000000000e+00,0.000000000000000000e+00,-0.000000000000000000e+00,-0.000000000000000000e+00,-1.942151221544748674e-01
-0.000000000000000000e+00,-0.000000000000000000e+00,-0.000000000000000000e+00,-0.000000000000000000e+00,-0.000000000000000000e+00,-0.000000000000000000e+00,-0.000000000000000000e+00,0.000000000000000000e+00,-0.000000000000000000e+00,-0.000000000000000000e+00,-0.000000000000000000e+00,-0.000000000000000000e+00,-0.000000000000000000e+00,-0.000000000000000000e+00,-0.000000000000000000e+00,-0.000000000000000000e+00,-0.000000000000000000e+00,-0.000000000000000000e+00,0.000000000000000000e+00,-2.340201617894586417e-01,-2.702848489359417905e-01,-0.000000000000000000e+00,-0.000000000000000000e+00,-0.000000000000000000e+00,0.000000000000000000e+00,-2.385392766269617826e-01,-1.177671212189757705e-01,1.410060902026885721e+00,0.000000000000000000e+00,-0.000000000000000000e+00,-1.322415550360328818e-01,-0.000000000000000000e+00,-0.000000000000000000e+00,-0.000000000000000000e+00,-0.000000000000000000e+00,-0.000000000000000000e+00,-4.006211837103381551e-02,-0.000000000000000000e+00,-0.000000000000000000e+00
-9.248042616260844506e-02,-0.000000000000000000e+00,0.000000000000000000e+00,-0.000000000000000000e+00,0.000000000000000000e+00,-0.000000000000000000e+00,0.000000000000000000e+00,0.000000000000000000e+00,-0.000000000000000000e+00,-0.000000000000000000e+00,-0.000000000000000000e+00,-0.000000000000000000e+00,-0.000000000000000000e+00,-0.000000000000000000e+00,-0.000000000000000000e+00,-1.462468054289667481e-02,-2.021169294587050191e-01,-0.000000000000000000e+00,0.000000000000000000e+00,0.000000000000000000e+00,0.000000000000000000e+00,0.000000000000000000e+00,-0.000000000000000000e+00,-1.551760713631458559e-02,-0.000000000000000000e+00,-0.000000000000000000e+00,-0.000000000000000000e+00,0.000000000000000000e+00,1.182501158368329142e+00,-0.000000000000000000e+00,-0.000000000000000000e+00,-2.844518433182127628e-03,0.000000000000000000e+00,-0.000000000000000000e+00,-1.614882332442641177e-01,-0.000000000000000000e+00,-1.399895483897333204e-01,-0.000000000000000000e+00,-0.000000000000000000e+00
-0.000000000000000000e+00,-0.000000000000000000e+00,-9.841138687428929721e-02,0.000000000000000000e+00,-2.766329495221510060e-01,0.000000000000000000e+00,-0.000000000000000000e+00,1.099382573208057962e-01,-3.596099856658822869e-02,-4.325349142528039925e-01,-6.379426377529925918e-02,-0.000000000000000000e+00,0.000000000000000000e+00,-0.000000000000000000e+00,-0.000000000000000000e+00,-2.831173506464308987e-01,-0.000000000000000000e+00,0.000000000000000000e+00,0.000000000000000000e+00,-0.000000000000000000e+00,-0.000000000000000000e+00,-0.000000000000000000e+00,-0.000000000000000000e+00,-0.000000000000000000e+00,-2.554742114524011232e-01,-0.000000000000000000e+00,-0.000000000000000000e+00,-0.000000000000000000e+00,-0.000000000000000000e+00,1.832842753240367717e+00,-0.000000000000000000e+00,-0.000000000000000000e+00,-0.000000000000000000e+00,-0.000000000000000000e+00,-0.000000000000000000e+00,-1.964354711089185135e-01,-0.000000000000000000e+00,-4.519902966687520951e-02,-0.000000000000000000e+00
-0.000000000000000000e+00,-6.224833649526675255e-02,-2.764345582229593146e-01,-0.000000000000000000e+00,-1.883629404108055905e-02,-0.000000000000000000e+00,-0.000000000000000000e+00,7.908854573348669814e-02,-0.000000000000000000e+00,-0.000000000000000000e+00,-0.000000000000000000e+00,-2.297098449390245767e-01,-0.000000000000000000e+00,-5.177347693779860843e-02,-2.471375034239799151e-01,-0.000000000000000000e+00,-0.000000000000000000e+00,0.000000000000000000e+00,0.000000000000000000e+00,-0.000000000000000000e+00,-0.000000000000000000e+00,-1.036306917377878556e-01,-1.747525103218768583e-01,-0.000000000000000000e+00,-0.000000000000000000e+00,-1.839165537750041546e-01,-5.236556108341482441e-01,-1.322415550360328818e-01,-0.000000000000000000e+00,-0.000000000000000000e+00,2.403699015179175280e+00,-2.239431254218429146e-01,0.000000000000000000e+00,-3.710417508209899046e-02,-0.000000000000000000e+00,-0.000000000000000000e+00,-1.425824752757171368e-02,-0.000000000000000000e+00,-1.316217826175047068e-01
-0.000000000000000000e+00,-2.543860347277727696e-01,-0.000000000000000000e+00,-0.000000000000000000e+00,-0.000000000000000000e+00,-0.000000000000000000e+00,-0.000000000000000000e+00,0.000000000000000000e+00,-0.000000000000000000e+00,-2.063985158173796686e-01,-0.000000000000000000e+00,-1.555394071661617139e-01,-0.000000000000000000e+00,-8.089282272827787168e-02,-2.510725609741528697e-01,-0.000000000000000000e+00,-0.000000000000000000e+00,-0.000000000000000000e+00,0.000000000000000000e+00,-0.000000000000000000e+00,-0.000000000000000000e+00,-0.000000000000000000e+00,-0.000000000000000000e+00,-0.000000000000000000e+00,-0.000000000000000000e+00,-1.910830323699858890e-01,-1.773807779588072175e-01,-0.000000000000000000e+00,-2.844518433182127628e-03,-0.000000000000000000e+00,-2.239431254218429146e-01,2.321259799983405259e+00,0.000000000000000000e+00,-0.000000000000000000e+00,-4.300422942832610729e-01,-0.000000000000000000e+00,-4.249079053389893113e-01,-0.000000000000000000e+00,-0.000000000000000000e+00
-0.000000000000000000e+00,0.000000000000000000e+00,-9.843178675318209336e-02,0.000000000000000000e+00,-0.000000000000000000e+00,0.000000000000000000e+00,0.000000000000000000e+00,1.348707557174015081e-01,0.000000000000000000e+00,-0.000000000000000000e+00,-0.000000000000000000e+00,0.000000000000000000e+00,0.000000000000000000e+00,0.000000000000000000e+00,0.000000000000000000e+00,-0.000000000000000000e+00,0.000000000000000000e+00,0.000000000000000000e+00,-0.000000000000000000e+00,0.000000000000000000e+00,-1.597494230251260694e-01,-0.000000000000000000e+00,0.000000000000000000e+00,0.000000000000000000e+00,-0.000000000000000000e+00,0.000000000000000000e+00,0.000000000000000000e+00,-0.000000000000000000e+00,0.000000000000000000e+00,-0.000000000000000000e+00,0.000000000000000000e+00,0.000000000000000000e+00,1.113096067952819235e+00,-0.000000000000000000e+00,0.000000000000000000e+00,-6.758034185990491327e-02,0.000000000000000000e+00,-0.000000000000000000e+00,0.000000000000000000e+00
-1.827362279327081063e-01,-7.639421991787273547e-02,-0.000000000000000000e+00,-0.000000000000000000e+00,-0.000000000000000000e+00,0.000000000000000000e+00,-0.000000000000000000e+00,1.467230117166166276e-02,-3.073202531796274672e-01,-5.314491226676446717e-02,-0.000000000000000000e+00,-9.626402912255593858e-02,-0.000000000000000000e+00,-0.000000000000000000e+00,-0.000000000000000000e+00,-0.000000000000000000e+00,-0.000000000000000000e+00,0.000000000000000000e+00,1.045896100855099736e-01,-8.920013576811626488e-02,-0.000000000000000000e+00,-7.813674136366469125e-02,-8.209115064391281358e-02,-6.170241188992612452e-02,-0.000000000000000000e+00,-6.766939526995760512e-02,-0.000000000000000000e+00,-0.000000000000000000e+00,-0.000000000000000000e+00,-0.000000000000000000e+00,-3.710417508209899046e-02,-0.000000000000000000e+00,-0.000000000000000000e+00,1.669264337659992048e+00,-0.000000000000000000e+00,-0.000000000000000000e+00,-0.000000000000000000e+00,-5.456385104635487482e-02,-1.278086679552808969e-01
-3.864103250245583265e-02,-7.702036894439392989e-02,-0.000000000000000000e+00,-0.000000000000000000e+00,-0.000000000000000000e+00,-0.000000000000000000e+00,-0.000000000000000000e+00,0.000000000000000000e+00,-0.000000000000000000e+00,-9.418385161502876302e-02,-9.678443310217117734e-03,-0.000000000000000000e+00,-0.000000000000000000e+00,-1.188545168944459274e-01,-0.000000000000000000e+00,-7.259519777974907107e-02,-0.000000000000000000e+00,-0.000000000000000000e+00,0.000000000000000000e+00,-0.000000000000000000e+00,-0.000000000000000000e+00,-0.000000000000000000e+00,-4.936152449504855461e-02,-2.076171715299760245e-01,-0.000000000000000000e+00,-0.000000000000000000e+00,-0.000000000000000000e+00,-0.000000000000000000e+00,-1.614882332442641177e-01,-0.000000000000000000e+00,-0.000000000000000000e+00,-4.300422942832610729e-01,0.000000000000000000e+00,-0.000000000000000000e+00,1.902423936033547980e+00,-0.000000000000000000e+00,-5.519815594129191538e-01,-0.000000000000000000e+00,-0.000000000000000000e+00
-1.676883730573199352e-02,-0.000000000000000000e+00,-0.000000000000000000e+00,0.000000000000000000e+00,-0.000000000000000000e+00,8.546334946018817325e-02,0.000000000000000000e+00,8.448834308503060109e-02,-0.000000000000000000e+00,-0.000000000000000000e+00,-0.000000000000000000e+00,0.000000000000000000e+00,0.000000000000000000e+00,0.000000000000000000e+00,0.000000000000000000e+00,-3.125463733113608145e-01,-0.000000000000000000e+00,2.400979621266824959e-01,0.000000000000000000e+00,0.000000000000000000e+00,-0.000000000000000000e+00,-0.000000000000000000e+00,-0.000000000000000000e+00,0.000000000000000000e+00,-7.066535961145725166e-03,-0.000000000000000000e+00,0.000000000000000000e+00,-0.000000000000000000e+00,-0.000000000000000000e+00,-1.964354711089185135e-01,-0.000000000000000000e+00,-0.000000000000000000e+00,-6.758034185990491327e-02,-0.000000000000000000e+00,-0.000000000000000000e+00,1.334122336597045599e+00,-0.000000000000000000e+00,-0.000000000000000000e+00,-0.000000000000000000e+00
-2.685402077033049312e-02,-7.889770094168515810e-03,-0.000000000000000000e+00,-0.000000000000000000e+00,0.000000000000000000e+00,0.000000000000000000e+00,-0.000000000000000000e+00,0.000000000000000000e+00,-0.000000000000000000e+00,-0.000000000000000000e+00,-0.000000000000000000e+00,-0.000000000000000000e+00,-0.000000000000000000e+00,-0.000000000000000000e+00,-0.000000000000000000e+00,-0.000000000000000000e+00,-0.000000000000000000e+00,-0.000000000000000000e+00,0.000000000000000000e+00,-0.000000000000000000e+00,-0.000000000000000000e+00,-0.000000000000000000e+00,-0.000000000000000000e+00,-2.997051142151343356e-02,-0.000000000000000000e+00,-5.061270105606258118e-02,-0.000000000000000000e+00,-4.006211837103381551e-02,-1.399895483897333204e-01,-0.000000000000000000e+00,-1.425824752757171368e-02,-4.249079053389893113e-01,0.000000000000000000e+00,-0.000000000000000000e+00,-5.519815594129191538e-01,-0.000000000000000000e+00,1.625346516922418827e+00,-0.000000000000000000e+00,-0.000000000000000000e+00
-2.849551450643990069e-01,-9.400577107844138025e-02,-1.353800711995692685e-01,-0.000000000000000000e+00,-2.274767945692237059e-01,0.000000000000000000e+00,-0.000000000000000000e+00,1.190550448796491162e-01,-3.155627289652413459e-01,-3.744442696610440074e-02,-1.490105679135239614e-01,-0.000000000000000000e+00,-0.000000000000000000e+00,-1.079114639915485820e-02,-0.000000000000000000e+00,-2.672692971327442213e-01,-2.069199410385880525e-02,3.657168350322277939e-01,0.000000000000000000e+00,-0.000000000000000000e+00,-0.000000000000000000e+00,-8.788694173115901495e-03,-0.000000000000000000e+00,-0.000000000000000000e+00,-0.000000000000000000e+00,-0.000000000000000000e+00,-0.000000000000000000e+00,-0.000000000000000000e+00,-0.000000000000000000e+00,-4.519902966687520951e-02,-0.000000000000000000e+00,-0.000000000000000000e+00,-0.000000000000000000e+00,-5.456385104635487482e-02,-0.000000000000000000e+00,-0.000000000000000000e+00,-0.000000000000000000e+00,2.144386227592554484e+00,-1.688682513696183329e-01
-0.000000000000000000e+00,-9.270569097401182290e-02,-0.000000000000000000e+00,-9.398166492520694526e-02,-0.000000000000000000e+00,0.000000000000000000e+00,-0.000000000000000000e+00,0.000000000000000000e+00,-1.945447451597892008e-01,-1.803521378645860096e-01,-9.475275019855277812e-04,-2.237205236696971633e-01,-0.000000000000000000e+00,-4.776087364841195837e-02,-3.911625652558154559e-02,-0.000000000000000000e+00,-1.050306561572470765e-01,0.000000000000000000e+00,5.200924996280539281e-01,-0.000000000000000000e+00,-0.000000000000000000e+00,-1.081160778489009128e-01,-2.481670732044914396e-01,-1.312256889258993087e-01,-0.000000000000000000e+00,-1.398811260933524314e-01,-1.942151221544748674e-01,-0.000000000000000000e+00,-0.000000000000000000e+00,-0.000000000000000000e+00,-1.316217826175047068e-01,-0.000000000000000000e+00,0.000000000000000000e+00,-1.278086679552808969e-01,-0.000000000000000000e+00,-0.000000000000000000e+00,-0.000000000000000000e+00,-1.688682513696183329e-01,2.507725124858651622e+00
