2.437201108554946316e+00,-4.268228864237906817e-01,-0.000000000000000000e+00,0.000000000000000000e+00,-0.000000000000000000e+00,-0.000000000000000000e+00,-0.000000000000000000e+00,0.000000000000000000e+00,-0.000000000000000000e+00,-0.000000000000000000e+00,-1.457777453998248401e-02,0.000000000000000000e+00,1.546154165529446504e-02,-1.978717417678819979e-01,-0.000000000000000000e+00,-4.655844734233052784e-01,-3.409731124806178459e-01,0.000000000000000000e+00,-0.000000000000000000e+00,0.000000000000000000e+00,-0.000000000000000000e+00,-0.000000000000000000e+00,-8.306245331553498146e-02,-9.572883015846099519e-02,-0.000000000000000000e+00,-1.627102086099922740e-01,-2.076238190758636637e-01,-0.000000000000000000e+00,-0.000000000000000000e+00,-2.666286426015291866e-01,-0.000000000000000000e+00,-5.898711929152884725e-02,-0.000000000000000000e+00,0.000000000000000000e+00,-0.000000000000000000e+00,-0.000000000000000000e+00,-2.075340476523421240e-01,-0.000000000000000000e+00,-0.000000000000000000e+00
-4.268228864237906817e-01,2.196147636654939284e+00,-0.000000000000000000e+00,0.000000000000000000e+00,-0.000000000000000000e+00,-0.000000000000000000e+00,-0.000000000000000000e+00,0.000000000000000000e+00,0.000000000000000000e+00,-1.245183561261248711e-01,-8.827760234683766638e-02,0.000000000000000000e+00,0.000000000000000000e+00,-1.341397841910726141e-01,-0.000000000000000000e+00,-2.275955462848237298e-01,-0.000000000000000000e+00,0.000000000000000000e+00,0.000000000000000000e+00,0.000000000000000000e+00,-0.000000000000000000e+00,0.000000000000000000e+00,-0.000000000000000000e+00,-0.000000000000000000e+00,-0.000000000000000000e+00,-0.000000000000000000e+00,-0.000000000000000000e+00,-0.000000000000000000e+00,-9.497242580010208102e-02,-0.000000000000000000e+00,-1.194200605547216243e-01,-2.685950076384757135e-01,-0.000000000000000000e+00,0.000000000000000000e+00,-2.546528983592876577e-02,-1.816945476510168911e-01,-3.479904430993517872e-01,0.000000000000000000e+00,-0.000000000000000000e+00
-0.000000000000000000e+00,-0.000000000000000000e+00,2.352973276292548821e+00,0.000000000000000000e+00,-1.768481062268246751e-01,-0.000000000000000000e+00,-0.000000000000000000e+00,1.092647856602086076e+00,0.000000000000000000e+00,-0.000000000000000000e+00,-0.000000000000000000e+00,0.000000000000000000e+00,0.000000000000000000e+00,-0.000000000000000000e+00,-0.000000000000000000e+00,-0.000000000000000000e+00,-0.000000000000000000e+00,0.000000000000000000e+00,0.000000000000000000e+00,0.000000000000000000e+00,-3.540495872165585478e-01,-0.000000000000000000e+00,-0.000000000000000000e+00,0.000000000000000000e+00,-0.000000000000000000e+00,-4.783678266337244855e-02,-0.000000000000000000e+00,-1.975558113177623698e-01,-0.000000000000000000e+00,-0.000000000000000000e+00,-1.750324650473947530e-01,-0.000000000000000000e+00,-2.536517335198764100e-01,-0.000000000000000000e+00,-0.000000000000000000e+00,-0.000000000000000000e+00,-0.000000000000000000e+00,-0.000000000000000000e+00,0.000000000000000000e+00
0.000000000000000000e+00,0.000000000000000000e+00,0.000000000000000000e+00,1.609074725605428746e+00,0.000000000000000000e+00,0.000000000000000000e+00,0.000000000000000000e+00,-0.000000000000000000e+00,-0.000000000000000000e+00,0.000000000000000000e+00,1.366954213608721491e-01,-6.165037409595468254e-02,-0.000000000000000000e+00,0.000000000000000000e+00,3.041020544203562603e-01,0.000000000000000000e+00,0.000000000000000000e+00,-2.794281871005086515e-01,-0.000000000000000000e+00,-0.000000000000000000e+00,3.118256425452420929e-03,-0.000000000000000000e+00,0.000000000000000000e+00,0.000000000000000000e+00,0.000000000000000000e+00,2.316099894367308343e-01,0.000000000000000000e+00,1.159338131696703300e-01,5.769097528980241495e-03,-0.000000000000000000e+00,1.431665784195858548e-01,7.017423855790116960e-02,0.000000000000000000e+00,-0.000000000000000000e+00,5.795873245529502282e-02,0.000000000000000000e+00,0.000000000000000000e+00,-0.000000000000000000e+00,-0.000000000000000000e+00
-0.000000000000000000e+00,-0.000000000000000000e+00,-1.768481062268246751e-01,0.000000000000000000e+00,1.768773690487355443e+00,-0.000000000000000000e+00,0.000000000000000000e+00,0.000000000000000000e+00,-8.221039560709565708e-02,-4.478947624046004244e-02,-0.000000000000000000e+00,-0.000000000000000000e+00,2.684013965655091538e-01,-0.000000000000000000e+00,0.000000000000000000e+00,-9.852145555116477438e-02,-0.000000000000000000e+00,-0.000000000000000000e+00,-2.100600271860371959e-01,0.000000000000000000e+00,-0.000000000000000000e+00,-0.000000000000000000e+00,-0.000000000000000000e+00,-0.000000000000000000e+00,-7.091796210759929164e-02,-0.000000000000000000e+00,-0.000000000000000000e+00,-2.652970077730187337e-01,-0.000000000000000000e+00,-3.789050432350112296e-01,-0.000000000000000000e+00,-0.000000000000000000e+00,-0.000000000000000000e+00,-1.314278315455623403e-01,0.000000000000000000e+00,-0.000000000000000000e+00,-0.000000000000000000e+00,-0.000000000000000000e+00,-2.405270740222967274e-01
-0.000000000000000000e+00,-0.000000000000000000e+00,-0.000000000000000000e+00,0.000000000000000000e+00,-0.000000000000000000e+00,2.443292591485746623e+00,-0.000000000000000000e+00,0.000000000000000000e+00,0.000000000000000000e+00,-1.746329354732169548e-01,-3.708885624080121568e-01,0.000000000000000000e+00,0.000000000000000000e+00,-9.667642582645014082e-02,-0.000000000000000000e+00,-0.000000000000000000e+00,-0.000000000000000000e+00,1.368590941728735078e-01,0.000000000000000000e+00,0.000000000000000000e+00,-1.511026028054673065e-01,0.000000000000000000e+00,-0.000000000000000000e+00,-0.000000000000000000e+00,-1.440701234476300385e-01,-0.000000000000000000e+00,-2.962801193873154104e-01,-0.000000000000000000e+00,-3.174241821174944023e-01,-0.000000000000000000e+00,-6.988830211113375435e-02,-1.149463270050591207e-01,-5.313471334773595817e-02,0.000000000000000000e+00,-1.771890136680481231e-01,-2.810729659071218300e-01,-6.145718298693068210e-02,0.000000000000000000e+00,0.000000000000000000e+00
-0.000000000000000000e+00,-0.000000000000000000e+00,-0.000000000000000000e+00,0.000000000000000000e+00,0.000000000000000000e+00,-0.000000000000000000e+00,2.346050026864877847e+00,0.000000000000000000e+00,4.456134003180107217e-01,-0.000000000000000000e+00,-0.000000000000000000e+00,5.719761293310651196e-01,-0.000000000000000000e+00,-0.000000000000000000e+00,-3.019225077957023440e-01,-0.000000000000000000e+00,0.000000000000000000e+00,7.349274914537164138e-02,5.705927530318240237e-02,0.000000000000000000e+00,-0.000000000000000000e+00,0.000000000000000000e+00,0.000000000000000000e+00,-0.000000000000000000e+00,-0.000000000000000000e+00,-0.000000000000000000e+00,-0.000000000000000000e+00,-0.000000000000000000e+00,-2.377402806874075181e-01,0.000000000000000000e+00,-0.000000000000000000e+00,-0.000000000000000000e+00,-0.000000000000000000e+00,2.255014812557382120e-01,-3.243546238884487676e-01,-0.000000000000000000e+00,-0.000000000000000000e+00,0.000000000000000000e+00,1.849062396632276950e-01
0.000000000000000000e+00,0.000000000000000000e+00,1.092647856602086076e+00,-0.000000000000000000e+00,0.000000000000000000e+00,0.000000000000000000e+00,0.000000000000000000e+00,2.210097160019584450e+00,-0.000000000000000000e+00,0.000000000000000000e+00,0.000000000000000000e+00,-0.000000000000000000e+00,-0.000000000000000000e+00,0.000000000000000000e+00,2.001594002331586464e-01,0.000000000000000000e+00,0.000000000000000000e+00,-0.000000000000000000e+00,-0.000000000000000000e+00,-0.000000000000000000e+00,2.741485572209802490e-01,0.000000000000000000e+00,0.000000000000000000e+00,-0.000000000000000000e+00,0.000000000000000000e+00,1.355335883810300512e-01,0.000000000000000000e+00,1.003169874352864560e-01,0.000000000000000000e+00,0.000000000000000000e+00,2.217273395101721778e-01,0.000000000000000000e+00,3.570021649715251350e-02,-0.000000000000000000e+00,0.000000000000000000e+00,0.000000000000000000e+00,0.000000000000000000e+00,0.000000000000000000e+00,-0.000000000000000000e+00
-0.000000000000000000e+00,0.000000000000000000e+00,0.000000000000000000e+00,-0.000000000000000000e+00,-8.221039560709565708e-02,0.000000000000000000e+00,4.456134003180107217e-01,-0.000000000000000000e+00,2.488329821699782674e+00,-0.000000000000000000e+00,0.000000000000000000e+00,-3.162293836061365049e-01,0.000000000000000000e+00,0.000000000000000000e+00,0.000000000000000000e+00,-0.000000000000000000e+00,-0.000000000000000000e+00,-0.000000000000000000e+00,-4.630910480718450351e-01,-0.000000000000000000e+00,0.000000000000000000e+00,-0.000000000000000000e+00,-4.247006420623750805e-02,-0.000000000000000000e+00,-0.000000000000000000e+00,0.000000000000000000e+00,0.000000000000000000e+00,-0.000000000000000000e+00,0.000000000000000000e+00,-0.000000000000000000e+00,0.000000000000000000e+00,0.000000000000000000e+00,-0.000000000000000000e+00,-5.444763905240526114e-01,0.000000000000000000e+00,0.000000000000000000e+00,0.000000000000000000e+00,-2.204497884141580488e-01,-4.620834387002542010e-01
-0.000000000000000000e+00,-1.245183561261248711e-01,-0.000000000000000000e+00,0.000000000000000000e+00,-4.478947624046004244e-02,-1.746329354732169548e-01,-0.000000000000000000e+00,0.000000000000000000e+00,-0.000000000000000000e+00,2.417648299221156982e+00,-5.240595724622312129e-02,0.000000000000000000e+00,0.000000000000000000e+00,-2.466148862167996669e-01,-0.000000000000000000e+00,-3.785358970237645559e-01,-0.000000000000000000e+00,0.000000000000000000e+00,-0.000000000000000000e+00,0.000000000000000000e+00,-6.212748034676756487e-02,0.000000000000000000e+00,-0.000000000000000000e+00,-0.000000000000000000e+00,-3.144492239504924069e-01,-4.720900228584477831e-02,-1.524635353011625227e-01,-0.000000000000000000e+00,-0.000000000000000000e+00,-2.974739621243126519e-01,-2.512534374206913390e-01,-1.266220009063943538e-02,-0.000000000000000000e+00,0.000000000000000000e+00,-0.000000000000000000e+00,-2.005898342670488499e-01,-1.034838330300637682e-01,0.000000000000000000e+00,-0.000000000000000000e+00
-1.457777453998248401e-02,-8.827760234683766638e-02,-0.000000000000000000e+00,1.366954213608721491e-01,-0.000000000000000000e+00,-3.708885624080121568e-01,-0.000000000000000000e+00,0.000000000000000000e+00,0.000000000000000000e+00,-5.240595724622312129e-02,2.621753893087925835e+00,0.000000000000000000e+00,0.000000000000000000e+00,-1.121772935373037544e-01,-0.000000000000000000e+00,-0.000000000000000000e+00,-8.599770161127215373e-02,3.430982626761541060e-02,0.000000000000000000e+00,0.000000000000000000e+00,-2.028594626862693651e-01,0.000000000000000000e+00,-0.000000000000000000e+00,-0.000000000000000000e+00,-3.679962176345318720e-02,-1.771411985208214135e-01,-2.093011144457497252e-01,-0.000000000000000000e+00,-1.539088006714932622e-01,-0.000000000000000000e+00,-2.901883690280391837e-01,-2.363464475670158937e-01,-6.383124020077549435e-03,0.000000000000000000e+00,-1.255977963595059088e-01,-2.916073817615029151e-01,-9.675999280587270490e-02,0.000000000000000000e+00,-0.000000000000000000e+00
0.000000000000000000e+00,0.000000000000000000e+00,0.000000000000000000e+00,-6.165037409595468254e-02,-0.000000000000000000e+00,0.000000000000000000e+00,5.719761293310651196e-01,-0.000000000000000000e+00,-3.162293836061365049e-01,0.000000000000000000e+00,0.000000000000000000e+00,2.522815921476310841e+00,0.000000000000000000e+00,0.000000000000000000e+00,1.291161124427954721e-01,0.000000000000000000e+00,-0.000000000000000000e+00,-2.726080084125220293e-01,-1.585493975691371626e-01,-0.000000000000000000e+00,0.000000000000000000e+00,-0.000000000000000000e+00,-0.000000000000000000e+00,0.000000000000000000e+00,-0.000000000000000000e+00,0.000000000000000000e+00,0.000000000000000000e+00,-0.000000000000000000e+00,2.351112147202152058e-01,-0.000000000000000000e+00,0.000000000000000000e+00,0.000000000000000000e+00,0.000000000000000000e+00,-5.059309115745190821e-01,2.321128953394550609e-01,0.000000000000000000e+00,0.000000000000000000e+00,-7.620963249104752146e-02,-1.501841066880710285e-01
1.546154165529446504e-02,0.000000000000000000e+00,0.000000000000000000e+00,-0.000000000000000000e+00,2.684013965655091538e-01,0.000000000000000000e+00,-0.000000000000000000e+00,-0.000000000000000000e+00,0.000000000000000000e+00,0.000000000000000000e+00,0.000000000000000000e+00,0.000000000000000000e+00,1.448259732086417007e+00,0.000000000000000000e+00,-0.000000000000000000e+00,0.000000000000000000e+00,1.397356929554856575e-01,-0.000000000000000000e+00,0.000000000000000000e+00,0.000000000000000000e+00,0.000000000000000000e+00,-0.000000000000000000e+00,1.168864794123283812e-01,0.000000000000000000e+00,2.610360628854178633e-01,0.000000000000000000e+00,3.355417549066522231e-02,6.408137688505083363e-02,0.000000000000000000e+00,0.000000000000000000e+00,0.000000000000000000e+00,0.000000000000000000e+00,0.000000000000000000e+00,0.000000000000000000e+00,0.000000000000000000e+00,0.000000000000000000e+00,0.000000000000000000e+00,0.000000000000000000e+00,2.950608146102067231e-01
-1.978717417678819979e-01,-1.341397841910726141e-01,-0.000000000000000000e+00,0.000000000000000000e+00,-0.000000000000000000e+00,-9.667642582645014082e-02,-0.000000000000000000e+00,0.000000000000000000e+00,0.000000000000000000e+00,-2.466148862167996669e-01,-1.121772935373037544e-01,0.000000000000000000e+00,0.000000000000000000e+00,2.627313811092673923e+00,-0.000000000000000000e+00,-2.869667500678247385e-01,-0.000000000000000000e+00,0.000000000000000000e+00,-0.000000000000000000e+00,0.000000000000000000e+00,-0.000000000000000000e+00,0.000000000000000000e+00,-1.173225896551191756e-02,-7.163440626674584533e-02,-2.164994353672011207e-01,-2.588280327661221514e-01,-1.399774655996628980e-01,-0.000000000000000000e+00,-2.182921147390220334e-02,-0.000000000000000000e+00,-6.185477808935833238e-02,-1.898148546786066482e-01,-1.678245994706552280e-01,0.000000000000000000e+00,-5.598790165846996049e-03,-3.040244087651181037e-01,-2.094064130538245971e-01,0.000000000000000000e+00,-0.000000000000000000e+00
-0.000000000000000000e+00,-0.000000000000000000e+00,-0.000000000000000000e+00,3.041020544203562603e-01,0.000000000000000000e+00,-0.000000000000000000e+00,-3.019225077957023440e-01,2.001594002331586464e-01,0.000000000000000000e+00,-0.000000000000000000e+00,-0.000000000000000000e+00,1.291161124427954721e-01,-0.000000000000000000e+00,-0.000000000000000000e+00,1.499860085685029709e+00,-0.000000000000000000e+00,-0.000000000000000000e+00,0.000000000000000000e+00,2.211326596791010346e-01,1.178246495338404129e-02,-0.000000000000000000e+00,-0.000000000000000000e+00,0.000000000000000000e+00,0.000000000000000000e+00,0.000000000000000000e+00,-5.189869120982379229e-03,-0.000000000000000000e+00,-0.000000000000000000e+00,-0.000000000000000000e+00,0.000000000000000000e+00,-0.000000000000000000e+00,-0.000000000000000000e+00,-0.000000000000000000e+00,0.000000000000000000e+00,-0.000000000000000000e+00,-0.000000000000000000e+00,-0.000000000000000000e+00,0.000000000000000000e+00,1.246379767497177438e-01
-4.655844734233052784e-01,-2.275955462848237298e-01,-0.000000000000000000e+00,0.000000000000000000e+00,-9.852145555116477438e-02,-0.000000000000000000e+00,-0.000000000000000000e+00,0.000000000000000000e+00,-0.000000000000000000e+00,-3.785358970237645559e-01,-0.000000000000000000e+00,0.000000000000000000e+00,0.000000000000000000e+00,-2.869667500678247385e-01,-0.000000000000000000e+00,2.477206147655688806e+00,-0.000000000000000000e+00,0.000000000000000000e+00,-0.000000000000000000e+00,0.000000000000000000e+00,-0.000000000000000000e+00,-0.000000000000000000e+00,-3.457792996355865123e-01,-1.080018978322695306e-01,-2.565895315867934290e-01,-0.000000000000000000e+00,-2.126886792482514041e-02,-4.505038284880898136e-02,-0.000000000000000000e+00,-3.287265797325681360e-01,-0.000000000000000000e+00,-0.000000000000000000e+00,-0.000000000000000000e+00,-0.000000000000000000e+00,-0.000000000000000000e+00,-3.630261130350702532e-03,-0.000000000000000000e+00,-0.000000000000000000e+00,-0.000000000000000000e+00
-3.409731124806178459e-01,-0.000000000000000000e+00,-0.000000000000000000e+00,0.000000000000000000e+00,-0.000000000000000000e+00,-0.000000000000000000e+00,0.000000000000000000e+00,0.000000000000000000e+00,-0.000000000000000000e+00,-0.000000000000000000e+00,-8.599770161127215373e-02,-0.000000000000000000e+00,1.397356929554856575e-01,-0.000000000000000000e+00,-0.000000000000000000e+00,-0.000000000000000000e+00,1.654959229116333308e+00,0.000000000000000000e+00,-0.000000000000000000e+00,0.000000000000000000e+00,-0.000000000000000000e+00,-0.000000000000000000e+00,-3.191709752453477655e-01,-0.000000000000000000e+00,-0.000000000000000000e+00,-1.081247088512213850e-01,-0.000000000000000000e+00,-2.687381193036150195e-01,-0.000000000000000000e+00,-1.076536064852284813e-01,-0.000000000000000000e+00,-0.000000000000000000e+00,-6.547061522322859817e-02,-0.000000000000000000e+00,-0.000000000000000000e+00,-0.000000000000000000e+00,-0.000000000000000000e+00,-1.211674830452482421e-01,-0.000000000000000000e+00
0.000000000000000000e+00,0.000000000000000000e+00,0.000000000000000000e+00,-2.794281871005086515e-01,-0.000000000000000000e+00,1.368590941728735078e-01,7.349274914537164138e-02,-0.000000000000000000e+00,-0.000000000000000000e+00,0.000000000000000000e+00,3.430982626761541060e-02,-2.726080084125220293e-01,-0.000000000000000000e+00,0.000000000000000000e+00,0.000000000000000000e+00,0.000000000000000000e+00,0.000000000000000000e+00,1.966701749080952633e+00,-6.052314097880275023e-02,-0.000000000000000000e+00,0.000000000000000000e+00,-3.233648117249528914e-02,-0.000000000000000000e+00,0.000000000000000000e+00,0.000000000000000000e+00,0.000000000000000000e+00,2.620714415907917511e-02,0.000000000000000000e+00,1.572099367622870336e-01,-0.000000000000000000e+00,0.000000000000000000e+00,2.355445685228222119e-01,0.000000000000000000e+00,-4.755510432941744553e-02,2.368685473880432768e-01,0.000000000000000000e+00,1.016122876943056363e-01,-3.339838590634946480e-01,-0.000000000000000000e+00
-0.000000000000000000e+00,0.000000000000000000e+00,0.000000000000000000e+00,-0.000000000000000000e+00,-2.100600271860371959e-01,0.000000000000000000e+00,5.705927530318240237e-02,-0.000000000000000000e+00,-4.630910480718450351e-01,-0.000000000000000000e+00,0.000000000000000000e+00,-1.585493975691371626e-01,0.000000000000000000e+00,-0.000000000000000000e+00,2.211326596791010346e-01,-0.000000000000000000e+00,-0.000000000000000000e+00,-6.052314097880275023e-02,1.999371777753822688e+00,-0.000000000000000000e+00,0.000000000000000000e+00,-0.000000000000000000e+00,-0.000000000000000000e+00,-0.000000000000000000e+00,-0.000000000000000000e+00,0.000000000000000000e+00,0.000000000000000000e+00,-0.000000000000000000e+00,0.000000000000000000e+00,-0.000000000000000000e+00,0.000000000000000000e+00,0.000000000000000000e+00,-0.000000000000000000e+00,-2.625524272378729207e-01,0.000000000000000000e+00,0.000000000000000000e+00,0.000000000000000000e+00,-0.000000000000000000e+00,-4.934209419924039941e-01
0.000000000000000000e+00,0.000000000000000000e+00,0.000000000000000000e+00,-0.000000000000000000e+00,0.000000000000000000e+00,0.000000000000000000e+00,0.000000000000000000e+00,-0.000000000000000000e+00,-0.000000000000000000e+00,0.000000000000000000e+00,0.000000000000000000e+00,-0.000000000000000000e+00,0.000000000000000000e+00,0.000000000000000000e+00,1.178246495338404129e-02,0.000000000000000000e+00,0.000000000000000000e+00,-0.000000000000000000e+00,-0.000000000000000000e+00,1.016008394259867664e+00,0.000000000000000000e+00,1.277526807916976037e-01,0.000000000000000000e+00,0.000000000000000000e+00,0.000000000000000000e+00,0.000000000000000000e+00,0.000000000000000000e+00,-0.000000000000000000e+00,0.000000000000000000e+00,0.000000000000000000e+00,0.000000000000000000e+00,0.000000000000000000e+00,0.000000000000000000e+00,-0.000000000000000000e+00,0.000000000000000000e+00,0.000000000000000000e+00,0.000000000000000000e+00,0.000000000000000000e+00,-0.000000000000000000e+00
-0.000000000000000000e+00,-0.000000000000000000e+00,-3.540495872165585478e-01,3.118256425452420929e-03,-0.000000000000000000e+00,-1.511026028054673065e-01,-0.000000000000000000e+00,2.741485572209802490e-01,0.000000000000000000e+00,-6.212748034676756487e-02,-2.028594626862693651e-01,0.000000000000000000e+00,0.000000000000000000e+00,-0.000000000000000000e+00,-0.000000000000000000e+00,-0.000000000000000000e+00,-0.000000000000000000e+00,0.000000000000000000e+00,0.000000000000000000e+00,0.000000000000000000e+00,1.821404077723629333e+00,0.000000000000000000e+00,-0.000000000000000000e+00,0.000000000000000000e+00,-0.000000000000000000e+00,-0.000000000000000000e+00,-0.000000000000000000e+00,-9.605490727925256045e-02,-0.000000000000000000e+00,-0.000000000000000000e+00,-3.314100080762339973e-01,-0.000000000000000000e+00,-0.000000000000000000e+00,0.000000000000000000e+00,-2.899360011233052467e-02,-6.838188944978955408e-02,-0.000000000000000000e+00,0.000000000000000000e+00,0.000000000000000000e+00
-0.000000000000000000e+00,0.000000000000000000e+00,-0.000000000000000000e+00,-0.000000000000000000e+00,-0.000000000000000000e+00,0.000000000000000000e+00,0.000000000000000000e+00,0.000000000000000000e+00,-0.000000000000000000e+00,0.000000000000000000e+00,0.000000000000000000e+00,-0.000000000000000000e+00,-0.000000000000000000e+00,0.000000000000000000e+00,-0.000000000000000000e+00,-0.000000000000000000e+00,-0.000000000000000000e+00,-3.233648117249528914e-02,-0.000000000000000000e+00,1.277526807916976037e-01,0.000000000000000000e+00,1.081483272498539039e+00,-0.000000000000000000e+00,0.000000000000000000e+00,0.000000000000000000e+00,0.000000000000000000e+00,0.000000000000000000e+00,-0.000000000000000000e+00,0.000000000000000000e+00,-0.000000000000000000e+00,0.000000000000000000e+00,0.000000000000000000e+00,-0.000000000000000000e+00,-0.000000000000000000e+00,0.000000000000000000e+00,0.000000000000000000e+00,0.000000000000000000e+00,-2.497407524221637865e-01,-0.000000000000000000e+00
-8.306245331553498146e-02,-0.000000000000000000e+00,-0.000000000000000000e+00,0.000000000000000000e+00,-0.000000000000000000e+00,-0.000000000000000000e+00,0.000000000000000000e+00,0.000000000000000000e+00,-4.247006420623750805e-02,-0.000000000000000000e+00,-0.000000000000000000e+00,-0.000000000000000000e+00,1.168864794123283812e-01,-1.173225896551191756e-02,0.000000000000000000e+00,-3.457792996355865123e-01,-3.191709752453477655e-01,-0.000000000000000000e+00,-0.000000000000000000e+00,0.000000000000000000e+00,-0.000000000000000000e+00,-0.000000000000000000e+00,1.972251508492718131e+00,-2.591527909541913588e-01,-2.991933794878808839e-01,-0.000000000000000000e+00,-0.000000000000000000e+00,-0.000000000000000000e+00,-0.000000000000000000e+00,-3.796293753896419765e-01,-0.000000000000000000e+00,-0.000000000000000000e+00,-4.724364675992717526e-03,-0.000000000000000000e+00,-0.000000000000000000e+00,-0.000000000000000000e+00,-0.000000000000000000e+00,-0.000000000000000000e+00,-1.780660497932230468e-01
-9.572883015846099519e-02,-0.000000000000000000e+00,0.000000000000000000e+00,0.000000000000000000e+00,-0.000000000000000000e+00,-0.000000000000000000e+00,-0.000000000000000000e+00,-0.000000000000000000e+00,-0.000000000000000000e+00,-0.000000000000000000e+00,-0.000000000000000000e+00,0.000000000000000000e+00,0.000000000000000000e+00,-7.163440626674584533e-02,0.000000000000000000e+00,-1.080018978322695306e-01,-0.000000000000000000e+00,0.000000000000000000e+00,-0.000000000000000000e+00,0.000000000000000000e+00,0.000000000000000000e+00,0.000000000000000000e+00,-2.591527909541913588e-01,1.343845958845671040e+00,-2.556710455312274366e-01,-0.000000000000000000e+00,-6.032147493782271525e-02,-0.000000000000000000e+00,-0.000000000000000000e+00,-0.000000000000000000e+00,-0.000000000000000000e+00,-0.000000000000000000e+00,-0.000000000000000000e+00,0.000000000000000000e+00,-0.000000000000000000e+00,-0.000000000000000000e+00,-0.000000000000000000e+00,-0.000000000000000000e+00,-0.000000000000000000e+00
-0.000000000000000000e+00,-0.000000000000000000e+00,-0.000000000000000000e+00,0.000000000000000000e+00,-7.091796210759929164e-02,-1.440701234476300385e-01,-0.000000000000000000e+00,0.000000000000000000e+00,-0.000000000000000000e+00,-3.144492239504924069e-01,-3.679962176345318720e-02,-0.000000000000000000e+00,2.610360628854178633e-01,-2.164994353672011207e-01,0.000000000000000000e+00,-2.565895315867934290e-01,-0.000000000000000000e+00,0.000000000000000000e+00,-0.000000000000000000e+00,0.000000000000000000e+00,-0.000000000000000000e+00,0.000000000000000000e+00,-2.991933794878808839e-01,-2.556710455312274366e-01,2.163114770379800600e+00,-0.000000000000000000e+00,-1.307545271918295615e-01,-0.000000000000000000e+00,-0.000000000000000000e+00,-0.000000000000000000e+00,-0.000000000000000000e+00,-0.000000000000000000e+00,-1.747976805979725712e-01,-0.000000000000000000e+00,-0.000000000000000000e+00,-1.224338030701955793e-01,-0.000000000000000000e+00,0.000000000000000000e+00,-0.000000000000000000e+00
-1.627102086099922740e-01,-0.000000000000000000e+00,-4.783678266337244855e-02,2.316099894367308343e-01,-0.000000000000000000e+00,-0.000000000000000000e+00,-0.000000000000000000e+00,1.355335883810300512e-01,0.000000000000000000e+00,-4.720900228584477831e-02,-1.771411985208214135e-01,0.000000000000000000e+00,0.000000000000000000e+00,-2.588280327661221514e-01,-5.189869120982379229e-03,-0.000000000000000000e+00,-1.081247088512213850e-01,0.000000000000000000e+00,0.000000000000000000e+00,0.000000000000000000e+00,-0.000000000000000000e+00,0.000000000000000000e+00,-0.000000000000000000e+00,-0.000000000000000000e+00,-0.000000000000000000e+00,2.470987469397134983e+00,-8.630563759667370105e-02,-2.679329245741774446e-01,-8.790270125698587678e-02,-0.000000000000000000e+00,-2.889167475785121564e-01,-3.557157713927481396e-02,-4.398156345218260932e-01,0.000000000000000000e+00,-3.681639944091242428e-02,-8.852996230724677340e-02,-1.250885382855284611e-01,0.000000000000000000e+00,0.000000000000000000e+00
-2.076238190758636637e-01,-0.000000000000000000e+00,-0.000000000000000000e+00,0.000000000000000000e+00,-0.000000000000000000e+00,-2.962801193873154104e-01,-0.000000000000000000e+00,0.000000000000000000e+00,0.000000000000000000e+00,-1.524635353011625227e-01,-2.093011144457497252e-01,0.000000000000000000e+00,3.355417549066522231e-02,-1.399774655996628980e-01,-0.000000000000000000e+00,-2.126886792482514041e-02,-0.000000000000000000e+00,2.620714415907917511e-02,0.000000000000000000e+00,0.000000000000000000e+00,-0.000000000000000000e+00,0.000000000000000000e+00,-0.000000000000000000e+00,-6.032147493782271525e-02,-1.307545271918295615e-01,-8.630563759667370105e-02,2.359620336988485612e+00,-0.000000000000000000e+00,-1.019007125288828169e-01,-0.000000000000000000e+00,-1.467125792851625421e-01,-2.647819570165500513e-01,-0.000000000000000000e+00,0.000000000000000000e+00,-0.000000000000000000e+00,-1.736632432635296375e-01,-2.748144567411614503e-01,0.000000000000000000e+00,-0.000000000000000000e+00
-0.000000000000000000e+00,-0.000000000000000000e+00,-1.975558113177623698e-01,1.159338131696703300e-01,-2.652970077730187337e-01,-0.000000000000000000e+00,-0.000000000000000000e+00,1.003169874352864560e-01,-0.000000000000000000e+00,-0.000000000000000000e+00,-0.000000000000000000e+00,-0.000000000000000000e+00,6.408137688505083363e-02,-0.000000000000000000e+00,-0.000000000000000000e+00,-4.505038284880898136e-02,-2.687381193036150195e-01,0.000000000000000000e+00,-0.000000000000000000e+00,-0.000000000000000000e+00,-9.605490727925256045e-02,-0.000000000000000000e+00,-0.000000000000000000e+00,-0.000000000000000000e+00,-0.000000000000000000e+00,-2.679329245741774446e-01,-0.000000000000000000e+00,1.871164608564057641e+00,-0.000000000000000000e+00,-0.000000000000000000e+00,-2.446799969832349209e-01,-0.000000000000000000e+00,-2.030012349103162972e-01,-0.000000000000000000e+00,-0.000000000000000000e+00,-0.000000000000000000e+00,-0.000000000000000000e+00,-0.000000000000000000e+00,-0.000000000000000000e+00
-0.000000000000000000e+00,-9.497242580010208102e-02,-0.000000000000000000e+00,5.769097528980241495e-03,-0.000000000000000000e+00,-3.174241821174944023e-01,-2.377402806874075181e-01,0.000000000000000000e+00,0.000000000000000000e+00,-0.000000000000000000e+00,-1.539088006714932622e-01,2.351112147202152058e-01,0.000000000000000000e+00,-2.182921147390220334e-02,-0.000000000000000000e+00,-0.000000000000000000e+00,-0.000000000000000000e+00,1.572099367622870336e-01,0.000000000000000000e+00,0.000000000000000000e+00,-0.000000000000000000e+00,0.000000000000000000e+00,-0.000000000000000000e+00,-0.000000000000000000e+00,-0.000000000000000000e+00,-8.790270125698587678e-02,-1.019007125288828169e-01,-0.000000000000000000e+00,2.743723658142793287e+00,-0.000000000000000000e+00,-9.823589296411332217e-02,-3.665476920047947007e-01,-0.000000000000000000e+00,4.162186665300235920e-03,-5.786504920571790000e-01,-7.497255367598008868e-02,-3.378280208527393857e-01,0.000000000000000000e+00,0.000000000000000000e+00
-2.666286426015291866e-01,-0.000000000000000000e+00,-0.000000000000000000e+00,-0.000000000000000000e+00,-3.789050432350112296e-01,-0.000000000000000000e+00,0.000000000000000000e+00,0.000000000000000000e+00,-0.000000000000000000e+00,-2.974739621243126519e-01,-0.000000000000000000e+00,-0.000000000000000000e+00,0.000000000000000000e+00,-0.000000000000000000e+00,0.000000000000000000e+00,-3.287265797325681360e-01,-1.076536064852284813e-01,-0.000000000000000000e+00,-0.000000000000000000e+00,0.000000000000000000e+00,-0.000000000000000000e+00,-0.000000000000000000e+00,-3.796293753896419765e-01,-0.000000000000000000e+00,-0.000000000000000000e+00,-0.000000000000000000e+00,-0.000000000000000000e+00,-0.000000000000000000e+00,-0.000000000000000000e+00,1.983021228184688622e+00,-0.000000000000000000e+00,-0.000000000000000000e+00,-0.000000000000000000e+00,-0.000000000000000000e+00,-0.000000000000000000e+00,-0.000000000000000000e+00,-0.000000000000000000e+00,-0.000000000000000000e+00,-2.050018239647584950e-01
-0.000000000000000000e+00,-1.194200605547216243e-01,-1.750324650473947530e-01,1.431665784195858548e-01,-0.000000000000000000e+00,-6.988830211113375435e-02,-0.000000000000000000e+00,2.217273395101721778e-01,0.000000000000000000e+00,-2.512534374206913390e-01,-2.901883690280391837e-01,0.000000000000000000e+00,0.000000000000000000e+00,-6.185477808935833238e-02,-0.000000000000000000e+00,-0.000000000000000000e+00,-0.000000000000000000e+00,0.000000000000000000e+00,0.000000000000000000e+00,0.000000000000000000e+00,-3.314100080762339973e-01,0.000000000000000000e+00,-0.000000000000000000e+00,-0.000000000000000000e+00,-0.000000000000000000e+00,-2.889167475785121564e-01,-1.467125792851625421e-01,-2.446799969832349209e-01,-9.823589296411332217e-02,-0.000000000000000000e+00,2.721848904669798230e+00,-0.000000000000000000e+00,-1.122848583657621580e-01,0.000000000000000000e+00,-1.706854303804648532e-01,-1.884826365366741030e-01,-6.816070309790010773e-02,0.000000000000000000e+00,-0.000000000000000000e+00
-5.898711929152884725e-02,-2.685950076384757135e-01,-0.000000000000000000e+00,7.017423855790116960e-02,-0.000000000000000000e+00,-1.149463270050591207e-01,-0.000000000000000000e+00,0.000000000000000000e+00,0.000000000000000000e+00,-1.266220009063943538e-02,-2.363464475670158937e-01,0.000000000000000000e+00,0.000000000000000000e+00,-1.898148546786066482e-01,-0.000000000000000000e+00,-0.000000000000000000e+00,-0.000000000000000000e+00,2.355445685228222119e-01,0.000000000000000000e+00,0.000000000000000000e+00,-0.000000000000000000e+00,0.000000000000000000e+00,-0.000000000000000000e+00,-0.000000000000000000e+00,-0.000000000000000000e+00,-3.557157713927481396e-02,-2.647819570165500513e-01,-0.000000000000000000e+00,-3.665476920047947007e-01,-0.000000000000000000e+00,-0.000000000000000000e+00,2.724777878894639738e+00,-0.000000000000000000e+00,0.000000000000000000e+00,-2.990196069361167330e-01,-1.682093078774308248e-01,-4.576781446859112812e-01,0.000000000000000000e+00,0.000000000000000000e+00
-0.000000000000000000e+00,-0.000000000000000000e+00,-2.536517335198764100e-01,0.000000000000000000e+00,-0.000000000000000000e+00,-5.313471334773595817e-02,-0.000000000000000000e+00,3.570021649715251350e-02,-0.000000000000000000e+00,-0.000000000000000000e+00,-6.383124020077549435e-03,0.000000000000000000e+00,0.000000000000000000e+00,-1.678245994706552280e-01,-0.000000000000000000e+00,-0.000000000000000000e+00,-6.547061522322859817e-02,0.000000000000000000e+00,-0.000000000000000000e+00,0.000000000000000000e+00,-0.000000000000000000e+00,-0.000000000000000000e+00,-4.724364675992717526e-03,-0.000000000000000000e+00,-1.747976805979725712e-01,-4.398156345218260932e-01,-0.000000000000000000e+00,-2.030012349103162972e-01,-0.000000000000000000e+00,-0.000000000000000000e+00,-1.122848583657621580e-01,-0.000000000000000000e+00,1.792369752674842331e+00,-0.000000000000000000e+00,-0.000000000000000000e+00,-4.397435042706731440e-02,-0.000000000000000000e+00,-0.000000000000000000e+00,-0.000000000000000000e+00
0.000000000000000000e+00,0.000000000000000000e+00,-0.000000000000000000e+00,-0.000000000000000000e+00,-1.314278315455623403e-01,0.000000000000000000e+00,2.255014812557382120e-01,-0.000000000000000000e+00,-5.444763905240526114e-01,0.000000000000000000e+00,0.000000000000000000e+00,-5.059309115745190821e-01,0.000000000000000000e+00,0.000000000000000000e+00,0.000000000000000000e+00,-0.000000000000000000e+00,-0.000000000000000000e+00,-4.755510432941744553e-02,-2.625524272378729207e-01,-0.000000000000000000e+00,0.000000000000000000e+00,-0.000000000000000000e+00,-0.000000000000000000e+00,0.000000000000000000e+00,-0.000000000000000000e+00,0.000000000000000000e+00,0.000000000000000000e+00,-0.000000000000000000e+00,4.162186665300235920e-03,-0.000000000000000000e+00,0.000000000000000000e+00,0.000000000000000000e+00,-0.000000000000000000e+00,2.258617647771250070e+00,8.854407443679034040e-02,0.000000000000000000e+00,0.000000000000000000e+00,-3.311942609878441579e-01,-1.497163143701162880e-01
-0.000000000000000000e+00,-2.546528983592876577e-02,-0.000000000000000000e+00,5.795873245529502282e-02,0.000000000000000000e+00,-1.771890136680481231e-01,-3.243546238884487676e-01,0.000000000000000000e+00,0.000000000000000000e+00,-0.000000000000000000e+00,-1.255977963595059088e-01,2.321128953394550609e-01,0.000000000000000000e+00,-5.598790165846996049e-03,-0.000000000000000000e+00,-0.000000000000000000e+00,-0.000000000000000000e+00,2.368685473880432768e-01,0.000000000000000000e+00,0.000000000000000000e+00,-2.899360011233052467e-02,0.000000000000000000e+00,-0.000000000000000000e+00,-0.000000000000000000e+00,-0.000000000000000000e+00,-3.681639944091242428e-02,-0.000000000000000000e+00,-0.000000000000000000e+00,-5.786504920571790000e-01,-0.000000000000000000e+00,-1.706854303804648532e-01,-2.990196069361167330e-01,-0.000000000000000000e+00,8.854407443679034040e-02,2.652295546584892971e+00,-1.436217159457089942e-01,-2.815075381524077547e-01,0.000000000000000000e+00,0.000000000000000000e+00
-0.000000000000000000e+00,-1.816945476510168911e-01,-0.000000000000000000e+00,0.000000000000000000e+00,-0.000000000000000000e+00,-2.810729659071218300e-01,-0.000000000000000000e+00,0.000000000000000000e+00,0.000000000000000000e+00,-2.005898342670488499e-01,-2.916073817615029151e-01,0.000000000000000000e+00,0.000000000000000000e+00,-3.040244087651181037e-01,-0.000000000000000000e+00,-3.630261130350702532e-03,-0.000000000000000000e+00,0.000000000000000000e+00,0.000000000000000000e+00,0.000000000000000000e+00,-6.838188944978955408e-02,0.000000000000000000e+00,-0.000000000000000000e+00,-0.000000000000000000e+00,-1.224338030701955793e-01,-8.852996230724677340e-02,-1.736632432635296375e-01,-0.000000000000000000e+00,-7.497255367598008868e-02,-0.000000000000000000e+00,-1.884826365366741030e-01,-1.682093078774308248e-01,-4.397435042706731440e-02,0.000000000000000000e+00,-1.436217159457089942e-01,2.459038002215670815e+00,-9.867527332948922147e-02,0.000000000000000000e+00,-0.000000000000000000e+00
-2.075340476523421240e-01,-3.479904430993517872e-01,-0.000000000000000000e+00,0.000000000000000000e+00,-0.000000000000000000e+00,-6.145718298693068210e-02,-0.000000000000000000e+00,0.000000000000000000e+00,0.000000000000000000e+00,-1.034838330300637682e-01,-9.675999280587270490e-02,0.000000000000000000e+00,0.000000000000000000e+00,-2.094064130538245971e-01,-0.000000000000000000e+00,-0.000000000000000000e+00,-0.000000000000000000e+00,1.016122876943056363e-01,0.000000000000000000e+00,0.000000000000000000e+00,-0.000000000000000000e+00,0.000000000000000000e+00,-0.000000000000000000e+00,-0.000000000000000000e+00,-0.000000000000000000e+00,-1.250885382855284611e-01,-2.748144567411614503e-01,-0.000000000000000000e+00,-3.378280208527393857e-01,-0.000000000000000000e+00,-6.816070309790010773e-02,-4.576781446859112812e-01,-0.000000000000000000e+00,0.000000000000000000e+00,-2.815075381524077547e-01,-9.867527332948922147e-02,2.725158432882948567e+00,0.000000000000000000e+00,0.000000000000000000e+00
-0.000000000000000000e+00,0.000000000000000000e+00,-0.000000000000000000e+00,-0.000000000000000000e+00,-0.000000000000000000e+00,0.000000000000000000e+00,0.000000000000000000e+00,0.000000000000000000e+00,-2.204497884141580488e-01,0.000000000000000000e+00,0.000000000000000000e+00,-7.620963249104752146e-02,0.000000000000000000e+00,0.000000000000000000e+00,0.000000000000000000e+00,-0.000000000000000000e+00,-1.211674830452482421e-01,-3.339838590634946480e-01,-0.000000000000000000e+00,0.000000000000000000e+00,0.000000000000000000e+00,-2.497407524221637865e-01,-0.000000000000000000e+00,-0.000000000000000000e+00,0.000000000000000000e+00,0.000000000000000000e+00,0.000000000000000000e+00,-0.000000000000000000e+00,0.000000000000000000e+00,-0.000000000000000000e+00,0.000000000000000000e+00,0.000000000000000000e+00,-0.000000000000000000e+00,-3.311942609878441579e-01,0.000000000000000000e+00,0.000000000000000000e+00,0.000000000000000000e+00,1.480057463597848066e+00,-0.000000000000000000e+00
-0.000000000000000000e+00,-0.000000000000000000e+00,0.000000000000000000e+00,-0.000000000000000000e+00,-2.405270740222967274e-01,0.000000000000000000e+00,1.849062396632276950e-01,-0.000000000000000000e+00,-4.620834387002542010e-01,-0.000000000000000000e+00,-0.000000000000000000e+00,-1.501841066880710285e-01,2.950608146102067231e-01,-0.000000000000000000e+00,1.246379767497177438e-01,-0.000000000000000000e+00,-0.000000000000000000e+00,-0.000000000000000000e+00,-4.934209419924039941e-01,-0.000000000000000000e+00,0.000000000000000000e+00,-0.000000000000000000e+00,-1.780660497932230468e-01,-0.000000000000000000e+00,-0.000000000000000000e+00,0.000000000000000000e+00,-0.000000000000000000e+00,-0.000000000000000000e+00,0.000000000000000000e+00,-2.050018239647584950e-01,-0.000000000000000000e+00,0.000000000000000000e+00,-0.000000000000000000e+00,-1.497163143701162880e-01,0.000000000000000000e+00,-0.000000000000000000e+00,0.000000000000000000e+00,-0.000000000000000000e+00,2.150493617871847007e+00
