2.223828869426460297e+00,-8.983980650422787040e-01,-0.000000000000000000e+00,-1.003006590470986586e-01,-0.000000000000000000e+00,0.000000000000000000e+00,-0.000000000000000000e+00,0.000000000000000000e+00,-3.248163643489554442e-01,-0.000000000000000000e+00,0.000000000000000000e+00,-0.000000000000000000e+00,1.036594457314854584e-01,-0.000000000000000000e+00,-0.000000000000000000e+00,-7.523091545611981790e-02,0.000000000000000000e+00,-0.000000000000000000e+00,-0.000000000000000000e+00,-0.000000000000000000e+00,0.000000000000000000e+00,0.000000000000000000e+00,-0.000000000000000000e+00,-1.784995545442475406e-01,-0.000000000000000000e+00,0.000000000000000000e+00,-0.000000000000000000e+00,0.000000000000000000e+00,-0.000000000000000000e+00,-0.000000000000000000e+00,0.000000000000000000e+00,-0.000000000000000000e+00,0.000000000000000000e+00,-8.485160847940192985e-02,0.000000000000000000e+00,-2.342504791304599876e-01,-1.885122631301389129e-01,-0.000000000000000000e+00,-0.000000000000000000e+00
-8.983980650422787040e-01,2.642233225646271944e+00,-0.000000000000000000e+00,-0.000000000000000000e+00,-0.000000000000000000e+00,0.000000000000000000e+00,-0.000000000000000000e+00,8.747268045363759681e-02,-4.991004122767151996e-01,-0.000000000000000000e+00,0.000000000000000000e+00,-0.000000000000000000e+00,0.000000000000000000e+00,-0.000000000000000000e+00,-0.000000000000000000e+00,-0.000000000000000000e+00,0.000000000000000000e+00,0.000000000000000000e+00,-0.000000000000000000e+00,0.000000000000000000e+00,0.000000000000000000e+00,-0.000000000000000000e+00,-2.558831307836099273e-02,-0.000000000000000000e+00,-0.000000000000000000e+00,-0.000000000000000000e+00,-0.000000000000000000e+00,0.000000000000000000e+00,-0.000000000000000000e+00,-0.000000000000000000e+00,-0.000000000000000000e+00,-6.465989420807158883e-01,-0.000000000000000000e+00,-0.000000000000000000e+00,0.000000000000000000e+00,-2.698728333946712743e-01,-1.920401893571616059e-02,-5.134294764868835986e-02,-7.831043362685571885e-02
-0.000000000000000000e+00,-0.000000000000000000e+00,2.989909523194008045e+00,0.000000000000000000e+00,-8.023690667972025459e-01,0.000000000000000000e+00,-0.000000000000000000e+00,3.700259079224542669e-01,-0.000000000000000000e+00,-2.555517219965048326e-01,-0.000000000000000000e+00,-0.000000000000000000e+00,0.000000000000000000e+00,-0.000000000000000000e+00,-0.000000000000000000e+00,-0.000000000000000000e+00,-0.000000000000000000e+00,-0.000000000000000000e+00,-4.943163047180099134e-01,-0.000000000000000000e+00,-2.778049496265510565e-01,-0.000000000000000000e+00,-0.000000000000000000e+00,-1.202416156395449617e-02,-0.000000000000000000e+00,-0.000000000000000000e+00,-0.000000000000000000e+00,-0.000000000000000000e+00,-0.000000000000000000e+00,-1.483650672928761294e-01,-0.000000000000000000e+00,-0.000000000000000000e+00,-2.851026015801272351e-01,-5.084814721607603394e-01,0.000000000000000000e+00,-0.000000000000000000e+00,-0.000000000000000000e+00,-0.000000000000000000e+00,-0.000000000000000000e+00
-1.003006590470986586e-01,-0.000000000000000000e+00,0.000000000000000000e+00,1.346052414397020058e+00,-0.000000000000000000e+00,0.000000000000000000e+00,-1.236900745269937929e-01,0.000000000000000000e+00,-0.000000000000000000e+00,0.000000000000000000e+00,2.283804836431248819e-01,-7.881825765367399261e-02,0.000000000000000000e+00,-0.000000000000000000e+00,-0.000000000000000000e+00,-0.000000000000000000e+00,1.655386494376564210e-01,-0.000000000000000000e+00,-0.000000000000000000e+00,-3.622760081267115129e-01,-0.000000000000000000e+00,-0.000000000000000000e+00,-0.000000000000000000e+00,-0.000000000000000000e+00,0.000000000000000000e+00,1.431383879889644717e-01,-0.000000000000000000e+00,0.000000000000000000e+00,0.000000000000000000e+00,0.000000000000000000e+00,0.000000000000000000e+00,-0.000000000000000000e+00,0.000000000000000000e+00,-0.000000000000000000e+00,0.000000000000000000e+00,-1.589688192366971523e-02,-1.840172638274871209e-01,0.000000000000000000e+00,0.000000000000000000e+00
-0.000000000000000000e+00,-0.000000000000000000e+00,-8.023690667972025459e-01,-0.000000000000000000e+00,2.767728318660949149e+00,-0.000000000000000000e+00,-0.000000000000000000e+00,6.499011293155093627e-01,-8.354959479447619797e-02,-2.714187581297017315e-01,-0.000000000000000000e+00,-0.000000000000000000e+00,0.000000000000000000e+00,-3.500910951417460226e-01,-0.000000000000000000e+00,-4.530997344441100791e-03,0.000000000000000000e+00,-0.000000000000000000e+00,-2.836405415366896610e-01,-0.000000000000000000e+00,-0.000000000000000000e+00,-0.000000000000000000e+00,-0.000000000000000000e+00,-0.000000000000000000e+00,-0.000000000000000000e+00,-0.000000000000000000e+00,-0.000000000000000000e+00,-0.000000000000000000e+00,-0.000000000000000000e+00,-1.914630066701246136e-01,-0.000000000000000000e+00,-0.000000000000000000e+00,-0.000000000000000000e+00,-4.197750654339242604e-02,-0.000000000000000000e+00,-9.533239991951379666e-02,-0.000000000000000000e+00,-0.000000000000000000e+00,-0.000000000000000000e+00
0.000000000000000000e+00,0.000000000000000000e+00,0.000000000000000000e+00,0.000000000000000000e+00,-0.000000000000000000e+00,1.537782565227535425e+00,-0.000000000000000000e+00,-0.000000000000000000e+00,-0.000000000000000000e+00,-0.000000000000000000e+00,-0.000000000000000000e+00,0.000000000000000000e+00,-0.000000000000000000e+00,-6.100097963021402711e-03,-0.000000000000000000e+00,-0.000000000000000000e+00,-3.642048229691927097e-01,-0.000000000000000000e+00,0.000000000000000000e+00,0.000000000000000000e+00,0.000000000000000000e+00,0.000000000000000000e+00,-0.000000000000000000e+00,-0.000000000000000000e+00,-3.801947779094345115e-01,-0.000000000000000000e+00,0.000000000000000000e+00,-0.000000000000000000e+00,-1.604517233635117945e-03,-0.000000000000000000e+00,0.000000000000000000e+00,-0.000000000000000000e+00,-0.000000000000000000e+00,0.000000000000000000e+00,-4.741935457155555533e-01,-0.000000000000000000e+00,-2.256956018240214301e-01,-0.000000000000000000e+00,0.000000000000000000e+00
-0.000000000000000000e+00,-0.000000000000000000e+00,-0.000000000000000000e+00,-1.236900745269937929e-01,-0.000000000000000000e+00,-0.000000000000000000e+00,1.202105625208206519e+00,0.000000000000000000e+00,-0.000000000000000000e+00,-0.000000000000000000e+00,-0.000000000000000000e+00,2.513735849423147650e-01,-7.219967153678487348e-02,-0.000000000000000000e+00,2.172217576395690519e-01,0.000000000000000000e+00,-0.000000000000000000e+00,0.000000000000000000e+00,-0.000000000000000000e+00,-2.368959206177350951e-01,-1.017940393005813821e-01,-0.000000000000000000e+00,-0.000000000000000000e+00,-0.000000000000000000e+00,-0.000000000000000000e+00,0.000000000000000000e+00,0.000000000000000000e+00,-0.000000000000000000e+00,-0.000000000000000000e+00,-0.000000000000000000e+00,-0.000000000000000000e+00,-0.000000000000000000e+00,0.000000000000000000e+00,-0.000000000000000000e+00,-1.656154592777618617e-02,-0.000000000000000000e+00,-0.000000000000000000e+00,0.000000000000000000e+00,0.000000000000000000e+00
0.000000000000000000e+00,8.747268045363759681e-02,3.700259079224542669e-01,0.000000000000000000e+00,6.499011293155093627e-01,-0.000000000000000000e+00,0.000000000000000000e+00,1.960711495585491182e+00,2.867623833651730680e-01,0.000000000000000000e+00,0.000000000000000000e+00,0.000000000000000000e+00,-1.019569912487516411e-01,0.000000000000000000e+00,0.000000000000000000e+00,0.000000000000000000e+00,-0.000000000000000000e+00,0.000000000000000000e+00,0.000000000000000000e+00,-0.000000000000000000e+00,-0.000000000000000000e+00,-0.000000000000000000e+00,0.000000000000000000e+00,0.000000000000000000e+00,0.000000000000000000e+00,0.000000000000000000e+00,0.000000000000000000e+00,-0.000000000000000000e+00,0.000000000000000000e+00,0.000000000000000000e+00,0.000000000000000000e+00,0.000000000000000000e+00,0.000000000000000000e+00,1.046897063421828589e-01,-1.098213487903539204e-01,0.000000000000000000e+00,-0.000000000000000000e+00,0.000000000000000000e+00,7.530358503718548313e-02
-3.248163643489554442e-01,-4.991004122767151996e-01,-0.000000000000000000e+00,-0.000000000000000000e+00,-8.354959479447619797e-02,-0.000000000000000000e+00,-0.000000000000000000e+00,2.867623833651730680e-01,3.438253216576141469e+00,-1.069175275835280992e-01,-0.000000000000000000e+00,-0.000000000000000000e+00,0.000000000000000000e+00,-5.977413274694313300e-02,-0.000000000000000000e+00,-2.303182724259401903e-01,-0.000000000000000000e+00,-0.000000000000000000e+00,-0.000000000000000000e+00,0.000000000000000000e+00,0.000000000000000000e+00,0.000000000000000000e+00,-0.000000000000000000e+00,-7.449337585971980459e-03,-0.000000000000000000e+00,-0.000000000000000000e+00,-0.000000000000000000e+00,0.000000000000000000e+00,-1.464419558688168921e-01,-5.753298767847334627e-01,-0.000000000000000000e+00,-2.223839520306497564e-01,-0.000000000000000000e+00,-7.398553374922082204e-01,0.000000000000000000e+00,-0.000000000000000000e+00,-0.000000000000000000e+00,-1.991801831958609770e-01,-3.021193601200340417e-01
-0.000000000000000000e+00,-0.000000000000000000e+00,-2.555517219965048326e-01,0.000000000000000000e+00,-2.714187581297017315e-01,-0.000000000000000000e+00,-0.000000000000000000e+00,0.000000000000000000e+00,-1.069175275835280992e-01,2.731879234881942065e+00,-0.000000000000000000e+00,-0.000000000000000000e+00,-0.000000000000000000e+00,-0.000000000000000000e+00,-0.000000000000000000e+00,-4.666497828274699389e-01,-0.000000000000000000e+00,-0.000000000000000000e+00,-0.000000000000000000e+00,-0.000000000000000000e+00,-0.000000000000000000e+00,-0.000000000000000000e+00,-0.000000000000000000e+00,-0.000000000000000000e+00,-2.097272816494612502e-01,-7.538235924627993689e-02,-0.000000000000000000e+00,-0.000000000000000000e+00,-0.000000000000000000e+00,-7.359143064606551432e-01,-2.063071242264572780e-01,-0.000000000000000000e+00,-0.000000000000000000e+00,-0.000000000000000000e+00,-0.000000000000000000e+00,-0.000000000000000000e+00,-0.000000000000000000e+00,-1.183397175004876345e-01,-3.656752501586407744e-01
0.000000000000000000e+00,0.000000000000000000e+00,-0.000000000000000000e+00,2.283804836431248819e-01,-0.000000000000000000e+00,-0.000000000000000000e+00,-0.000000000000000000e+00,0.000000000000000000e+00,-0.000000000000000000e+00,-0.000000000000000000e+00,1.737525691875598799e+00,0.000000000000000000e+00,-4.442049139644112243e-02,-0.000000000000000000e+00,0.000000000000000000e+00,-0.000000000000000000e+00,-8.695388504679926189e-01,-0.000000000000000000e+00,0.000000000000000000e+00,8.714255763916019248e-02,-0.000000000000000000e+00,0.000000000000000000e+00,0.000000000000000000e+00,0.000000000000000000e+00,-1.225427349824750739e-01,-2.971833143597448768e-01,-0.000000000000000000e+00,-3.956211513130062155e-03,-1.532494656058907070e-02,-0.000000000000000000e+00,-0.000000000000000000e+00,-0.000000000000000000e+00,-0.000000000000000000e+00,0.000000000000000000e+00,-0.000000000000000000e+00,0.000000000000000000e+00,0.000000000000000000e+00,-2.117426575125044841e-02,-0.000000000000000000e+00
-0.000000000000000000e+00,-0.000000000000000000e+00,-0.000000000000000000e+00,-7.881825765367399261e-02,-0.000000000000000000e+00,0.000000000000000000e+00,2.513735849423147650e-01,0.000000000000000000e+00,-0.000000000000000000e+00,-0.000000000000000000e+00,0.000000000000000000e+00,1.944440685028288041e+00,0.000000000000000000e+00,-0.000000000000000000e+00,-6.207347890651481181e-01,-1.067424044840574182e-01,2.644716314898677423e-01,-1.408659564754599636e-01,-0.000000000000000000e+00,-0.000000000000000000e+00,0.000000000000000000e+00,-0.000000000000000000e+00,-0.000000000000000000e+00,-0.000000000000000000e+00,0.000000000000000000e+00,0.000000000000000000e+00,-4.022742180006166901e-01,0.000000000000000000e+00,-0.000000000000000000e+00,-0.000000000000000000e+00,-0.000000000000000000e+00,-0.000000000000000000e+00,-0.000000000000000000e+00,-9.679327338351103802e-03,1.045277650664044322e-01,-1.914616552385330463e-03,-0.000000000000000000e+00,0.000000000000000000e+00,-3.073893699121358347e-01
1.036594457314854584e-01,0.000000000000000000e+00,0.000000000000000000e+00,0.000000000000000000e+00,0.000000000000000000e+00,-0.000000000000000000e+00,-7.219967153678487348e-02,-1.019569912487516411e-01,0.000000000000000000e+00,-0.000000000000000000e+00,-4.442049139644112243e-02,0.000000000000000000e+00,1.241432037821835310e+00,-0.000000000000000000e+00,6.481035342967467194e-02,0.000000000000000000e+00,-3.992599073669015480e-02,0.000000000000000000e+00,0.000000000000000000e+00,-0.000000000000000000e+00,-1.734507293495970714e-01,-2.354579636866949849e-02,1.576469908761058136e-01,1.668010701324992573e-01,0.000000000000000000e+00,0.000000000000000000e+00,0.000000000000000000e+00,-0.000000000000000000e+00,0.000000000000000000e+00,0.000000000000000000e+00,-0.000000000000000000e+00,-0.000000000000000000e+00,-0.000000000000000000e+00,0.000000000000000000e+00,-3.247386093971577070e-01,0.000000000000000000e+00,-0.000000000000000000e+00,0.000000000000000000e+00,0.000000000000000000e+00
-0.000000000000000000e+00,-0.000000000000000000e+00,-0.000000000000000000e+00,-0.000000000000000000e+00,-3.500910951417460226e-01,-6.100097963021402711e-03,-0.000000000000000000e+00,0.000000000000000000e+00,-5.977413274694313300e-02,-0.000000000000000000e+00,-0.000000000000000000e+00,-0.000000000000000000e+00,-0.000000000000000000e+00,2.351141078216936631e+00,-0.000000000000000000e+00,-0.000000000000000000e+00,-0.000000000000000000e+00,-3.329408655063567646e-01,-5.389790367139585953e-02,0.000000000000000000e+00,-0.000000000000000000e+00,-0.000000000000000000e+00,-0.000000000000000000e+00,-3.389886647609844927e-01,-0.000000000000000000e+00,-0.000000000000000000e+00,-0.000000000000000000e+00,-0.000000000000000000e+00,-3.516947623071558504e-01,-1.171890525384875342e-01,-0.000000000000000000e+00,-1.278991152360793582e-01,-1.867623276224620321e-01,-9.274979284347855193e-03,-0.000000000000000000e+00,-3.250704244139156485e-01,-2.145292959538779853e-01,-0.000000000000000000e+00,-0.000000000000000000e+00
-0.000000000000000000e+00,-0.000000000000000000e+00,-0.000000000000000000e+00,-0.000000000000000000e+00,-0.000000000000000000e+00,-0.000000000000000000e+00,2.172217576395690519e-01,0.000000000000000000e+00,-0.000000000000000000e+00,-0.000000000000000000e+00,0.000000000000000000e+00,-6.207347890651481181e-01,6.481035342967467194e-02,-0.000000000000000000e+00,1.959154090007760418e+00,-3.979628322733585327e-02,0.000000000000000000e+00,-6.256594075005047495e-01,-0.000000000000000000e+00,-0.000000000000000000e+00,0.000000000000000000e+00,0.000000000000000000e+00,-0.000000000000000000e+00,-7.311661349751558125e-03,0.000000000000000000e+00,-0.000000000000000000e+00,-0.000000000000000000e+00,0.000000000000000000e+00,-0.000000000000000000e+00,-0.000000000000000000e+00,0.000000000000000000e+00,-0.000000000000000000e+00,-0.000000000000000000e+00,-3.154322515829678930e-01,0.000000000000000000e+00,-0.000000000000000000e+00,-0.000000000000000000e+00,-0.000000000000000000e+00,-0.000000000000000000e+00
-7.523091545611981790e-02,-0.000000000000000000e+00,-0.000000000000000000e+00,-0.000000000000000000e+00,-4.530997344441100791e-03,-0.000000000000000000e+00,0.000000000000000000e+00,0.000000000000000000e+00,-2.303182724259401903e-01,-4.666497828274699389e-01,-0.000000000000000000e+00,-1.067424044840574182e-01,0.000000000000000000e+00,-0.000000000000000000e+00,-3.979628322733585327e-02,2.249916024922417712e+00,-0.000000000000000000e+00,-2.690256123115710163e-01,-0.000000000000000000e+00,-0.000000000000000000e+00,-0.000000000000000000e+00,-0.000000000000000000e+00,-5.193640195974359025e-02,-0.000000000000000000e+00,-0.000000000000000000e+00,-0.000000000000000000e+00,-3.156822109289821321e-01,-0.000000000000000000e+00,-0.000000000000000000e+00,-2.406342849206848933e-01,-0.000000000000000000e+00,-0.000000000000000000e+00,-0.000000000000000000e+00,-4.903988993556696735e-03,0.000000000000000000e+00,-1.209491698207739857e-01,-0.000000000000000000e+00,-9.018695246185606806e-02,-2.237377100548823272e-01
0.000000000000000000e+00,0.000000000000000000e+00,-0.000000000000000000e+00,1.655386494376564210e-01,0.000000000000000000e+00,-3.642048229691927097e-01,-0.000000000000000000e+00,-0.000000000000000000e+00,-0.000000000000000000e+00,-0.000000000000000000e+00,-8.695388504679926189e-01,2.644716314898677423e-01,-3.992599073669015480e-02,-0.000000000000000000e+00,0.000000000000000000e+00,-0.000000000000000000e+00,1.847510020013644061e+00,0.000000000000000000e+00,0.000000000000000000e+00,1.257428372166906339e-01,0.000000000000000000e+00,6.791606272187518389e-02,0.000000000000000000e+00,0.000000000000000000e+00,-0.000000000000000000e+00,-0.000000000000000000e+00,0.000000000000000000e+00,-0.000000000000000000e+00,-1.391140086621761862e-01,-2.839537667027790258e-02,0.000000000000000000e+00,-0.000000000000000000e+00,-0.000000000000000000e+00,0.000000000000000000e+00,-8.863456184226778389e-02,0.000000000000000000e+00,-0.000000000000000000e+00,-9.136508250913188967e-02,-0.000000000000000000e+00
-0.000000000000000000e+00,0.000000000000000000e+00,-0.000000000000000000e+00,-0.000000000000000000e+00,-0.000000000000000000e+00,-0.000000000000000000e+00,0.000000000000000000e+00,0.000000000000000000e+00,-0.000000000000000000e+00,-0.000000000000000000e+00,-0.000000000000000000e+00,-1.408659564754599636e-01,0.000000000000000000e+00,-3.329408655063567646e-01,-6.256594075005047495e-01,-2.690256123115710163e-01,0.000000000000000000e+00,2.082341321067825657e+00,-4.589599630975612632e-01,-0.000000000000000000e+00,-0.000000000000000000e+00,-0.000000000000000000e+00,0.000000000000000000e+00,-0.000000000000000000e+00,0.000000000000000000e+00,-2.011247080081598193e-01,-0.000000000000000000e+00,-0.000000000000000000e+00,-0.000000000000000000e+00,-0.000000000000000000e+00,-0.000000000000000000e+00,-0.000000000000000000e+00,-1.141819660356605329e-02,-0.000000000000000000e+00,-0.000000000000000000e+00,-0.000000000000000000e+00,-0.000000000000000000e+00,0.000000000000000000e+00,-0.000000000000000000e+00
-0.000000000000000000e+00,-0.000000000000000000e+00,-4.943163047180099134e-01,-0.000000000000000000e+00,-2.836405415366896610e-01,0.000000000000000000e+00,-0.000000000000000000e+00,0.000000000000000000e+00,-0.000000000000000000e+00,-0.000000000000000000e+00,0.000000000000000000e+00,-0.000000000000000000e+00,0.000000000000000000e+00,-5.389790367139585953e-02,-0.000000000000000000e+00,-0.000000000000000000e+00,0.000000000000000000e+00,-4.589599630975612632e-01,2.154130337522166538e+00,-2.550178705045027527e-01,-0.000000000000000000e+00,-1.630892481789180185e-02,-0.000000000000000000e+00,-1.073060753501578063e-01,-0.000000000000000000e+00,-0.000000000000000000e+00,-0.000000000000000000e+00,-0.000000000000000000e+00,-0.000000000000000000e+00,-0.000000000000000000e+00,-0.000000000000000000e+00,-0.000000000000000000e+00,-0.000000000000000000e+00,-4.180375005732820393e-01,0.000000000000000000e+00,-0.000000000000000000e+00,-0.000000000000000000e+00,0.000000000000000000e+00,-0.000000000000000000e+00
-0.000000000000000000e+00,0.000000000000000000e+00,-0.000000000000000000e+00,-3.622760081267115129e-01,-0.000000000000000000e+00,0.000000000000000000e+00,-2.368959206177350951e-01,-0.000000000000000000e+00,0.000000000000000000e+00,-0.000000000000000000e+00,8.714255763916019248e-02,-0.000000000000000000e+00,-0.000000000000000000e+00,0.000000000000000000e+00,-0.000000000000000000e+00,-0.000000000000000000e+00,1.257428372166906339e-01,-0.000000000000000000e+00,-2.550178705045027527e-01,1.755540669557172029e+00,-5.119135911290344926e-02,-7.509562849258321071e-01,-0.000000000000000000e+00,-0.000000000000000000e+00,0.000000000000000000e+00,0.000000000000000000e+00,-0.000000000000000000e+00,-0.000000000000000000e+00,0.000000000000000000e+00,0.000000000000000000e+00,0.000000000000000000e+00,0.000000000000000000e+00,-0.000000000000000000e+00,-0.000000000000000000e+00,0.000000000000000000e+00,-0.000000000000000000e+00,-0.000000000000000000e+00,0.000000000000000000e+00,0.000000000000000000e+00
0.000000000000000000e+00,0.000000000000000000e+00,-2.778049496265510565e-01,-0.000000000000000000e+00,-0.000000000000000000e+00,0.000000000000000000e+00,-1.017940393005813821e-01,-0.000000000000000000e+00,0.000000000000000000e+00,-0.000000000000000000e+00,-0.000000000000000000e+00,0.000000000000000000e+00,-1.734507293495970714e-01,-0.000000000000000000e+00,0.000000000000000000e+00,-0.000000000000000000e+00,0.000000000000000000e+00,-0.000000000000000000e+00,-0.000000000000000000e+00,-5.119135911290344926e-02,2.383248512952301112e+00,-9.450140784060190313e-01,-0.000000000000000000e+00,-0.000000000000000000e+00,-0.000000000000000000e+00,-0.000000000000000000e+00,-0.000000000000000000e+00,-4.646564159490110257e-01,-0.000000000000000000e+00,-0.000000000000000000e+00,-2.224846452431032129e-01,0.000000000000000000e+00,-4.012143017370300435e-01,-0.000000000000000000e+00,-0.000000000000000000e+00,-0.000000000000000000e+00,-0.000000000000000000e+00,-0.000000000000000000e+00,0.000000000000000000e+00
0.000000000000000000e+00,-0.000000000000000000e+00,-0.000000000000000000e+00,-0.000000000000000000e+00,-0.000000000000000000e+00,0.000000000000000000e+00,-0.000000000000000000e+00,-0.000000000000000000e+00,0.000000000000000000e+00,-0.000000000000000000e+00,0.000000000000000000e+00,-0.000000000000000000e+00,-2.354579636866949849e-02,-0.000000000000000000e+00,0.000000000000000000e+00,-0.000000000000000000e+00,6.791606272187518389e-02,-0.000000000000000000e+00,-1.630892481789180185e-02,-7.509562849258321071e-01,-9.450140784060190313e-01,2.317340131411338433e+00,-0.000000000000000000e+00,-0.000000000000000000e+00,0.000000000000000000e+00,-0.000000000000000000e+00,-2.947364660939947312e-01,-0.000000000000000000e+00,-0.000000000000000000e+00,0.000000000000000000e+00,-2.340800809083088962e-01,-0.000000000000000000e+00,-2.347520058002855806e-02,-0.000000000000000000e+00,0.000000000000000000e+00,-2.679463964272808113e-02,-0.000000000000000000e+00,0.000000000000000000e+00,0.000000000000000000e+00
-0.000000000000000000e+00,-2.558831307836099273e-02,-0.000000000000000000e+00,-0.000000000000000000e+00,-0.000000000000000000e+00,-0.000000000000000000e+00,-0.000000000000000000e+00,0.000000000000000000e+00,-0.000000000000000000e+00,-0.000000000000000000e+00,0.000000000000000000e+00,-0.000000000000000000e+00,1.576469908761058136e-01,-0.000000000000000000e+00,-0.000000000000000000e+00,-5.193640195974359025e-02,0.000000000000000000e+00,0.000000000000000000e+00,-0.000000000000000000e+00,-0.000000000000000000e+00,-0.000000000000000000e+00,-0.000000000000000000e+00,1.761976643426817812e+00,-3.772935326295294711e-01,-8.676832526871199880e-01,-0.000000000000000000e+00,-0.000000000000000000e+00,-0.000000000000000000e+00,-0.000000000000000000e+00,-0.000000000000000000e+00,-0.000000000000000000e+00,-0.000000000000000000e+00,-0.000000000000000000e+00,-0.000000000000000000e+00,3.616007900489716376e-02,-0.000000000000000000e+00,-0.000000000000000000e+00,-0.000000000000000000e+00,-0.000000000000000000e+00
-1.784995545442475406e-01,-0.000000000000000000e+00,-1.202416156395449617e-02,-0.000000000000000000e+00,-0.000000000000000000e+00,-0.000000000000000000e+00,-0.000000000000000000e+00,0.000000000000000000e+00,-7.449337585971980459e-03,-0.000000000000000000e+00,0.000000000000000000e+00,-0.000000000000000000e+00,1.668010701324992573e-01,-3.389886647609844927e-01,-7.311661349751558125e-03,-0.000000000000000000e+00,0.000000000000000000e+00,-0.000000000000000000e+00,-1.073060753501578063e-01,-0.000000000000000000e+00,-0.000000000000000000e+00,-0.000000000000000000e+00,-3.772935326295294711e-01,1.981365867506268419e+00,-8.126468909621251124e-02,-0.000000000000000000e+00,-0.000000000000000000e+00,-0.000000000000000000e+00,-2.313110823444887790e-02,-0.000000000000000000e+00,-0.000000000000000000e+00,-2.508460340326588989e-02,-1.126915768925874223e-01,-5.410428282312655934e-01,0.000000000000000000e+00,-0.000000000000000000e+00,-2.356908207462213301e-02,-0.000000000000000000e+00,-0.000000000000000000e+00
-0.000000000000000000e+00,-0.000000000000000000e+00,-0.000000000000000000e+00,0.000000000000000000e+00,-0.000000000000000000e+00,-3.801947779094345115e-01,-0.000000000000000000e+00,0.000000000000000000e+00,-0.000000000000000000e+00,-2.097272816494612502e-01,-1.225427349824750739e-01,0.000000000000000000e+00,0.000000000000000000e+00,-0.000000000000000000e+00,0.000000000000000000e+00,-0.000000000000000000e+00,-0.000000000000000000e+00,0.000000000000000000e+00,-0.000000000000000000e+00,0.000000000000000000e+00,-0.000000000000000000e+00,0.000000000000000000e+00,-8.676832526871199880e-01,-8.126468909621251124e-02,2.013081680101674209e+00,-0.000000000000000000e+00,-0.000000000000000000e+00,-4.111222902373538185e-02,-0.000000000000000000e+00,-1.188800677057491456e-01,-1.181924461650382119e-01,-0.000000000000000000e+00,-0.000000000000000000e+00,-0.000000000000000000e+00,0.000000000000000000e+00,-0.000000000000000000e+00,-0.000000000000000000e+00,-1.916692955988510139e-01,-0.000000000000000000e+00
0.000000000000000000e+00,-0.000000000000000000e+00,-0.000000000000000000e+00,1.431383879889644717e-01,-0.000000000000000000e+00,-0.000000000000000000e+00,0.000000000000000000e+00,0.000000000000000000e+00,-0.000000000000000000e+00,-7.538235924627993689e-02,-2.971833143597448768e-01,0.000000000000000000e+00,0.000000000000000000e+00,-0.000000000000000000e+00,-0.000000000000000000e+00,-0.000000000000000000e+00,-0.000000000000000000e+00,-2.011247080081598193e-01,-0.000000000000000000e+00,0.000000000000000000e+00,-0.000000000000000000e+00,-0.000000000000000000e+00,-0.000000000000000000e+00,-0.000000000000000000e+00,-0.000000000000000000e+00,2.032438894492924586e+00,-7.058452349777505352e-02,-5.819005589676127244e-01,-4.903319933199771774e-01,-1.578808077114791375e-01,-0.000000000000000000e+00,-0.000000000000000000e+00,-1.179167228130709594e-01,-0.000000000000000000e+00,-0.000000000000000000e+00,-0.000000000000000000e+00,0.000000000000000000e+00,-1.074495087957489936e-01,-0.000000000000000000e+00
-0.000000000000000000e+00,-0.000000000000000000e+00,-0.000000000000000000e+00,-0.000000000000000000e+00,-0.000000000000000000e+00,0.000000000000000000e+00,0.000000000000000000e+00,0.000000000000000000e+00,-0.000000000000000000e+00,-0.000000000000000000e+00,-0.000000000000000000e+00,-4.022742180006166901e-01,0.000000000000000000e+00,-0.000000000000000000e+00,-0.000000000000000000e+00,-3.156822109289821321e-01,0.000000000000000000e+00,-0.000000000000000000e+00,-0.000000000000000000e+00,-0.000000000000000000e+00,-0.000000000000000000e+00,-2.947364660939947312e-01,-0.000000000000000000e+00,-0.000000000000000000e+00,-0.000000000000000000e+00,-7.058452349777505352e-02,1.857846967682551087e+00,-0.000000000000000000e+00,-2.677171579570014701e-03,-0.000000000000000000e+00,-1.458062631170665702e-01,-1.706896444528296364e-01,-1.515769815449796165e-01,-0.000000000000000000e+00,0.000000000000000000e+00,-1.613867284683129788e-01,-0.000000000000000000e+00,-0.000000000000000000e+00,-1.072330855456413018e-01
0.000000000000000000e+00,0.000000000000000000e+00,-0.000000000000000000e+00,0.000000000000000000e+00,-0.000000000000000000e+00,-0.000000000000000000e+00,-0.000000000000000000e+00,-0.000000000000000000e+00,0.000000000000000000e+00,-0.000000000000000000e+00,-3.956211513130062155e-03,0.000000000000000000e+00,-0.000000000000000000e+00,-0.000000000000000000e+00,0.000000000000000000e+00,-0.000000000000000000e+00,-0.000000000000000000e+00,-0.000000000000000000e+00,-0.000000000000000000e+00,-0.000000000000000000e+00,-4.646564159490110257e-01,-0.000000000000000000e+00,-0.000000000000000000e+00,-0.000000000000000000e+00,-4.111222902373538185e-02,-5.819005589676127244e-01,-0.000000000000000000e+00,1.866432386630837215e+00,-0.000000000000000000e+00,-0.000000000000000000e+00,-2.829446113703520949e-01,-0.000000000000000000e+00,-2.348416501292727721e-01,0.000000000000000000e+00,-2.163792705202271377e-02,-0.000000000000000000e+00,0.000000000000000000e+00,-5.178682787547393002e-02,0.000000000000000000e+00
-0.000000000000000000e+00,-0.000000000000000000e+00,-0.000000000000000000e+00,0.000000000000000000e+00,-0.000000000000000000e+00,-1.604517233635117945e-03,-0.000000000000000000e+00,0.000000000000000000e+00,-1.464419558688168921e-01,-0.000000000000000000e+00,-1.532494656058907070e-02,-0.000000000000000000e+00,0.000000000000000000e+00,-3.516947623071558504e-01,-0.000000000000000000e+00,-0.000000000000000000e+00,-1.391140086621761862e-01,-0.000000000000000000e+00,-0.000000000000000000e+00,0.000000000000000000e+00,-0.000000000000000000e+00,-0.000000000000000000e+00,-0.000000000000000000e+00,-2.313110823444887790e-02,-0.000000000000000000e+00,-4.903319933199771774e-01,-2.677171579570014701e-03,-0.000000000000000000e+00,2.166759490440734126e+00,-3.082692519152910315e-01,-0.000000000000000000e+00,-3.390556283487474176e-01,-2.276045939221641723e-01,-0.000000000000000000e+00,-3.957437832018785573e-02,-0.000000000000000000e+00,-5.853654926990539686e-02,-1.038950695034344535e-01,-0.000000000000000000e+00
-0.000000000000000000e+00,-0.000000000000000000e+00,-1.483650672928761294e-01,0.000000000000000000e+00,-1.914630066701246136e-01,-0.000000000000000000e+00,-0.000000000000000000e+00,0.000000000000000000e+00,-5.753298767847334627e-01,-7.359143064606551432e-01,-0.000000000000000000e+00,-0.000000000000000000e+00,0.000000000000000000e+00,-1.171890525384875342e-01,-0.000000000000000000e+00,-2.406342849206848933e-01,-2.839537667027790258e-02,-0.000000000000000000e+00,-0.000000000000000000e+00,0.000000000000000000e+00,-0.000000000000000000e+00,0.000000000000000000e+00,-0.000000000000000000e+00,-0.000000000000000000e+00,-1.188800677057491456e-01,-1.578808077114791375e-01,-0.000000000000000000e+00,-0.000000000000000000e+00,-3.082692519152910315e-01,3.067664373907697861e+00,-0.000000000000000000e+00,-2.028366330473007142e-02,-0.000000000000000000e+00,-9.375479709848419385e-02,-0.000000000000000000e+00,-1.170689753492682172e-01,-0.000000000000000000e+00,-4.186061506827469803e-01,-0.000000000000000000e+00
0.000000000000000000e+00,-0.000000000000000000e+00,-0.000000000000000000e+00,0.000000000000000000e+00,-0.000000000000000000e+00,0.000000000000000000e+00,-0.000000000000000000e+00,0.000000000000000000e+00,-0.000000000000000000e+00,-2.063071242264572780e-01,-0.000000000000000000e+00,-0.000000000000000000e+00,-0.000000000000000000e+00,-0.000000000000000000e+00,0.000000000000000000e+00,-0.000000000000000000e+00,0.000000000000000000e+00,-0.000000000000000000e+00,-0.000000000000000000e+00,0.000000000000000000e+00,-2.224846452431032129e-01,-2.340800809083088962e-01,-0.000000000000000000e+00,-0.000000000000000000e+00,-1.181924461650382119e-01,-0.000000000000000000e+00,-1.458062631170665702e-01,-2.829446113703520949e-01,-0.000000000000000000e+00,-0.000000000000000000e+00,1.841413987087241688e+00,-0.000000000000000000e+00,-3.746627033107245985e-01,-0.000000000000000000e+00,0.000000000000000000e+00,-0.000000000000000000e+00,-0.000000000000000000e+00,-0.000000000000000000e+00,-1.361812922400449100e-01
-0.000000000000000000e+00,-6.465989420807158883e-01,-0.000000000000000000e+00,-0.000000000000000000e+00,-0.000000000000000000e+00,-0.000000000000000000e+00,-0.000000000000000000e+00,0.000000000000000000e+00,-2.223839520306497564e-01,-0.000000000000000000e+00,-0.000000000000000000e+00,-0.000000000000000000e+00,-0.000000000000000000e+00,-1.278991152360793582e-01,-0.000000000000000000e+00,-0.000000000000000000e+00,-0.000000000000000000e+00,-0.000000000000000000e+00,-0.000000000000000000e+00,0.000000000000000000e+00,0.000000000000000000e+00,-0.000000000000000000e+00,-0.000000000000000000e+00,-2.508460340326588989e-02,-0.000000000000000000e+00,-0.000000000000000000e+00,-1.706896444528296364e-01,-0.000000000000000000e+00,-3.390556283487474176e-01,-2.028366330473007142e-02,-0.000000000000000000e+00,2.340697788852407868e+00,-0.000000000000000000e+00,-0.000000000000000000e+00,-0.000000000000000000e+00,-3.770315178824241165e-01,-2.984257184536996954e-01,-0.000000000000000000e+00,-1.018601585882592808e-01
0.000000000000000000e+00,-0.000000000000000000e+00,-2.851026015801272351e-01,0.000000000000000000e+00,-0.000000000000000000e+00,-0.000000000000000000e+00,0.000000000000000000e+00,0.000000000000000000e+00,-0.000000000000000000e+00,-0.000000000000000000e+00,-0.000000000000000000e+00,-0.000000000000000000e+00,-0.000000000000000000e+00,-1.867623276224620321e-01,-0.000000000000000000e+00,-0.000000000000000000e+00,-0.000000000000000000e+00,-1.141819660356605329e-02,-0.000000000000000000e+00,-0.000000000000000000e+00,-4.012143017370300435e-01,-2.347520058002855806e-02,-0.000000000000000000e+00,-1.126915768925874223e-01,-0.000000000000000000e+00,-1.179167228130709594e-01,-1.515769815449796165e-01,-2.348416501292727721e-01,-2.276045939221641723e-01,-0.000000000000000000e+00,-3.746627033107245985e-01,-0.000000000000000000e+00,2.110407038970467219e+00,-0.000000000000000000e+00,-0.000000000000000000e+00,-0.000000000000000000e+00,-0.000000000000000000e+00,-0.000000000000000000e+00,-0.000000000000000000e+00
-8.485160847940192985e-02,-0.000000000000000000e+00,-5.084814721607603394e-01,-0.000000000000000000e+00,-4.197750654339242604e-02,0.000000000000000000e+00,-0.000000000000000000e+00,1.046897063421828589e-01,-7.398553374922082204e-01,-0.000000000000000000e+00,0.000000000000000000e+00,-9.679327338351103802e-03,0.000000000000000000e+00,-9.274979284347855193e-03,-3.154322515829678930e-01,-4.903988993556696735e-03,0.000000000000000000e+00,-0.000000000000000000e+00,-4.180375005732820393e-01,-0.000000000000000000e+00,-0.000000000000000000e+00,-0.000000000000000000e+00,-0.000000000000000000e+00,-5.410428282312655934e-01,-0.000000000000000000e+00,-0.000000000000000000e+00,-0.000000000000000000e+00,0.000000000000000000e+00,-0.000000000000000000e+00,-9.375479709848419385e-02,-0.000000000000000000e+00,-0.000000000000000000e+00,-0.000000000000000000e+00,2.806285902910929497e+00,0.000000000000000000e+00,-0.000000000000000000e+00,-0.000000000000000000e+00,-0.000000000000000000e+00,-5.268883908018063417e-02
0.000000000000000000e+00,0.000000000000000000e+00,0.000000000000000000e+00,0.000000000000000000e+00,-0.000000000000000000e+00,-4.741935457155555533e-01,-1.656154592777618617e-02,-1.098213487903539204e-01,0.000000000000000000e+00,-0.000000000000000000e+00,-0.000000000000000000e+00,1.045277650664044322e-01,-3.247386093971577070e-01,-0.000000000000000000e+00,0.000000000000000000e+00,0.000000000000000000e+00,-8.863456184226778389e-02,-0.000000000000000000e+00,0.000000000000000000e+00,0.000000000000000000e+00,-0.000000000000000000e+00,0.000000000000000000e+00,3.616007900489716376e-02,0.000000000000000000e+00,0.000000000000000000e+00,-0.000000000000000000e+00,0.000000000000000000e+00,-2.163792705202271377e-02,-3.957437832018785573e-02,-0.000000000000000000e+00,0.000000000000000000e+00,-0.000000000000000000e+00,-0.000000000000000000e+00,0.000000000000000000e+00,1.381656228534866804e+00,-0.000000000000000000e+00,-1.919755281981980199e-01,0.000000000000000000e+00,6.526960369951234631e-02
-2.342504791304599876e-01,-2.698728333946712743e-01,-0.000000000000000000e+00,-1.589688192366971523e-02,-9.533239991951379666e-02,-0.000000000000000000e+00,-0.000000000000000000e+00,0.000000000000000000e+00,-0.000000000000000000e+00,-0.000000000000000000e+00,0.000000000000000000e+00,-1.914616552385330463e-03,0.000000000000000000e+00,-3.250704244139156485e-01,-0.000000000000000000e+00,-1.209491698207739857e-01,0.000000000000000000e+00,-0.000000000000000000e+00,-0.000000000000000000e+00,-0.000000000000000000e+00,-0.000000000000000000e+00,-2.679463964272808113e-02,-0.000000000000000000e+00,-0.000000000000000000e+00,-0.000000000000000000e+00,-0.000000000000000000e+00,-1.613867284683129788e-01,-0.000000000000000000e+00,-0.000000000000000000e+00,-1.170689753492682172e-01,-0.000000000000000000e+00,-3.770315178824241165e-01,-0.000000000000000000e+00,-0.000000000000000000e+00,-0.000000000000000000e+00,2.097847733616784893e+00,-2.961455571978676149e-01,-0.000000000000000000e+00,-0.000000000000000000e+00
-1.885122631301389129e-01,-1.920401893571616059e-02,-0.000000000000000000e+00,-1.840172638274871209e-01,-0.000000000000000000e+00,-2.256956018240214301e-01,-0.000000000000000000e+00,-0.000000000000000000e+00,-0.000000000000000000e+00,-0.000000000000000000e+00,0.000000000000000000e+00,-0.000000000000000000e+00,-0.000000000000000000e+00,-2.145292959538779853e-01,-0.000000000000000000e+00,-0.000000000000000000e+00,-0.000000000000000000e+00,-0.000000000000000000e+00,-0.000000000000000000e+00,-0.000000000000000000e+00,-0.000000000000000000e+00,-0.000000000000000000e+00,-0.000000000000000000e+00,-2.356908207462213301e-02,-0.000000000000000000e+00,0.000000000000000000e+00,-0.000000000000000000e+00,0.000000000000000000e+00,-5.853654926990539686e-02,-0.000000000000000000e+00,-0.000000000000000000e+00,-2.984257184536996954e-01,-0.000000000000000000e+00,-0.000000000000000000e+00,-1.919755281981980199e-01,-2.961455571978676149e-01,1.654794245448536039e+00,0.000000000000000000e+00,-0.000000000000000000e+00
-0.000000000000000000e+00,-5.134294764868835986e-02,-0.000000000000000000e+00,0.000000000000000000e+00,-0.000000000000000000e+00,-0.000000000000000000e+00,0.000000000000000000e+00,0.000000000000000000e+00,-1.991801831958609770e-01,-1.183397175004876345e-01,-2.117426575125044841e-02,0.000000000000000000e+00,0.000000000000000000e+00,-0.000000000000000000e+00,-0.000000000000000000e+00,-9.018695246185606806e-02,-9.136508250913188967e-02,0.000000000000000000e+00,0.000000000000000000e+00,0.000000000000000000e+00,-0.000000000000000000e+00,0.000000000000000000e+00,-0.000000000000000000e+00,-0.000000000000000000e+00,-1.916692955988510139e-01,-1.074495087957489936e-01,-0.000000000000000000e+00,-5.178682787547393002e-02,-1.038950695034344535e-01,-4.186061506827469803e-01,-0.000000000000000000e+00,-0.000000000000000000e+00,-0.000000000000000000e+00,-0.000000000000000000e+00,0.000000000000000000e+00,-0.000000000000000000e+00,0.000000000000000000e+00,2.076466046592549741e+00,-5.547144427765403618e-01
-0.000000000000000000e+00,-7.831043362685571885e-02,-0.000000000000000000e+00,0.000000000000000000e+00,-0.000000000000000000e+00,0.000000000000000000e+00,0.000000000000000000e+00,7.530358503718548313e-02,-3.021193601200340417e-01,-3.656752501586407744e-01,-0.000000000000000000e+00,-3.073893699121358347e-01,0.000000000000000000e+00,-0.000000000000000000e+00,-0.000000000000000000e+00,-2.237377100548823272e-01,-0.000000000000000000e+00,-0.000000000000000000e+00,-0.000000000000000000e+00,0.000000000000000000e+00,0.000000000000000000e+00,0.000000000000000000e+00,-0.000000000000000000e+00,-0.000000000000000000e+00,-0.000000000000000000e+00,-0.000000000000000000e+00,-1.072330855456413018e-01,0.000000000000000000e+00,-0.000000000000000000e+00,-0.000000000000000000e+00,-1.361812922400449100e-01,-1.018601585882592808e-01,-0.000000000000000000e+00,-5.268883908018063417e-02,6.526960369951234631e-02,-0.000000000000000000e+00,-0.000000000000000000e+00,-5.547144427765403618e-01,2.296091449932439854e+00
