2.076102815403662039e+00,-7.697617970508449092e-01,-0.000000000000000000e+00,-0.000000000000000000e+00,-0.000000000000000000e+00,0.000000000000000000e+00,-6.749152039941806736e-02,-0.000000000000000000e+00,-0.000000000000000000e+00,-4.106809408206708589e-01,-0.000000000000000000e+00,-0.000000000000000000e+00,-0.000000000000000000e+00,-6.505927373293338145e-02,-0.000000000000000000e+00,-3.469698022206851862e-02,-0.000000000000000000e+00,-0.000000000000000000e+00,-0.000000000000000000e+00,-0.000000000000000000e+00,-0.000000000000000000e+00,-0.000000000000000000e+00,-0.000000000000000000e+00,-0.000000000000000000e+00,-0.000000000000000000e+00,-1.276802421928467379e-01,-0.000000000000000000e+00,-0.000000000000000000e+00,-3.642331691777598301e-01,-2.716011708462764962e-01,-0.000000000000000000e+00,-0.000000000000000000e+00,-0.000000000000000000e+00,-0.000000000000000000e+00,0.000000000000000000e+00,-0.000000000000000000e+00,-0.000000000000000000e+00,-0.000000000000000000e+00,-0.000000000000000000e+00
-7.697617970508449092e-01,1.930976327676051874e+00,-0.000000000000000000e+00,0.000000000000000000e+00,-0.000000000000000000e+00,-0.000000000000000000e+00,-9.857369805914992233e-02,-0.000000000000000000e+00,-0.000000000000000000e+00,-2.580915608328583286e-02,-1.393874787609985233e-01,-0.000000000000000000e+00,-0.000000000000000000e+00,-2.541884069942053626e-01,0.000000000000000000e+00,-0.000000000000000000e+00,-0.000000000000000000e+00,-0.000000000000000000e+00,-0.000000000000000000e+00,0.000000000000000000e+00,-0.000000000000000000e+00,-0.000000000000000000e+00,-0.000000000000000000e+00,-0.000000000000000000e+00,-0.000000000000000000e+00,-9.777037819066020097e-02,-1.088232087229875772e-01,-0.000000000000000000e+00,-4.708897968462219530e-02,-1.308327124195839408e-01,-0.000000000000000000e+00,-3.239616181799611083e-01,-0.000000000000000000e+00,-0.000000000000000000e+00,0.000000000000000000e+00,-0.000000000000000000e+00,-0.000000000000000000e+00,-0.000000000000000000e+00,-6.000560837552407906e-02
-0.000000000000000000e+00,-0.000000000000000000e+00,1.430829639738543824e+00,-0.000000000000000000e+00,-4.059870454924338623e-01,0.000000000000000000e+00,-0.000000000000000000e+00,2.542535376865251440e-01,-1.399937821802024474e-01,-0.000000000000000000e+00,-0.000000000000000000e+00,-0.000000000000000000e+00,-0.000000000000000000e+00,-2.358906862293817103e-02,-0.000000000000000000e+00,-0.000000000000000000e+00,0.000000000000000000e+00,-8.029226909267378476e-02,-0.000000000000000000e+00,-2.196141809962803490e-02,-1.129774350830620860e-02,-0.000000000000000000e+00,-0.000000000000000000e+00,-9.576081803831848482e-02,-1.470041854990072061e-01,-0.000000000000000000e+00,-0.000000000000000000e+00,-0.000000000000000000e+00,-0.000000000000000000e+00,-0.000000000000000000e+00,-0.000000000000000000e+00,0.000000000000000000e+00,-0.000000000000000000e+00,-2.211749268895468745e-02,0.000000000000000000e+00,-7.142160725055703152e-02,0.000000000000000000e+00,-0.000000000000000000e+00,-0.000000000000000000e+00
-0.000000000000000000e+00,0.000000000000000000e+00,-0.000000000000000000e+00,1.793635714046280194e+00,-0.000000000000000000e+00,3.336434399656543204e-01,-0.000000000000000000e+00,-0.000000000000000000e+00,-0.000000000000000000e+00,-2.960162740823788982e-02,0.000000000000000000e+00,-6.577107981808841264e-02,-0.000000000000000000e+00,-0.000000000000000000e+00,-1.653634801189935721e-01,-5.990898548279279673e-02,2.728600485433376188e-01,-1.211950112970374555e-01,-0.000000000000000000e+00,-3.901479596427752661e-01,-0.000000000000000000e+00,-0.000000000000000000e+00,-0.000000000000000000e+00,-0.000000000000000000e+00,-0.000000000000000000e+00,-0.000000000000000000e+00,0.000000000000000000e+00,-0.000000000000000000e+00,-0.000000000000000000e+00,-0.000000000000000000e+00,0.000000000000000000e+00,5.640861542188446015e-02,-0.000000000000000000e+00,-1.232452214256337802e-01,0.000000000000000000e+00,-0.000000000000000000e+00,0.000000000000000000e+00,-0.000000000000000000e+00,-0.000000000000000000e+00
-0.000000000000000000e+00,-0.000000000000000000e+00,-4.059870454924338623e-01,-0.000000000000000000e+00,1.541206171935789460e+00,0.000000000000000000e+00,-0.000000000000000000e+00,3.114356393770736364e-01,-2.382420557301581990e-02,-0.000000000000000000e+00,-0.000000000000000000e+00,-0.000000000000000000e+00,-0.000000000000000000e+00,-3.217877514087933988e-01,-0.000000000000000000e+00,-0.000000000000000000e+00,0.000000000000000000e+00,-0.000000000000000000e+00,-0.000000000000000000e+00,-0.000000000000000000e+00,-0.000000000000000000e+00,-0.000000000000000000e+00,-0.000000000000000000e+00,-0.000000000000000000e+00,-0.000000000000000000e+00,-0.000000000000000000e+00,-0.000000000000000000e+00,-0.000000000000000000e+00,-0.000000000000000000e+00,-5.975912971644632699e-02,0.000000000000000000e+00,-0.000000000000000000e+00,-0.000000000000000000e+00,-2.789893639429565364e-01,0.000000000000000000e+00,-0.000000000000000000e+00,-0.000000000000000000e+00,-0.000000000000000000e+00,-0.000000000000000000e+00
0.000000000000000000e+00,-0.000000000000000000e+00,0.000000000000000000e+00,3.336434399656543204e-01,0.000000000000000000e+00,2.208604009455545913e+00,0.000000000000000000e+00,0.000000000000000000e+00,0.000000000000000000e+00,0.000000000000000000e+00,-0.000000000000000000e+00,2.267945584770513778e-01,1.729438715926524539e-01,0.000000000000000000e+00,1.511611753134858294e-01,1.745507882911573050e-01,-5.649947408648405833e-01,0.000000000000000000e+00,0.000000000000000000e+00,0.000000000000000000e+00,0.000000000000000000e+00,0.000000000000000000e+00,0.000000000000000000e+00,0.000000000000000000e+00,0.000000000000000000e+00,0.000000000000000000e+00,-0.000000000000000000e+00,-0.000000000000000000e+00,-0.000000000000000000e+00,0.000000000000000000e+00,-0.000000000000000000e+00,-4.078097528984125225e-02,0.000000000000000000e+00,2.894144630288979572e-02,-3.953965922159585755e-01,0.000000000000000000e+00,-3.701558016097860060e-01,0.000000000000000000e+00,0.000000000000000000e+00
-6.749152039941806736e-02,-9.857369805914992233e-02,-0.000000000000000000e+00,-0.000000000000000000e+00,-0.000000000000000000e+00,0.000000000000000000e+00,2.244685469239561026e+00,-4.668893711226097809e-02,-0.000000000000000000e+00,-3.685114359075425394e-02,-0.000000000000000000e+00,-2.437344676701496682e-01,-0.000000000000000000e+00,-0.000000000000000000e+00,-0.000000000000000000e+00,-4.155520784548712848e-02,0.000000000000000000e+00,-0.000000000000000000e+00,-0.000000000000000000e+00,-0.000000000000000000e+00,-2.440605826315817573e-01,-6.099188098786441081e-01,-2.437453118749151326e-02,-0.000000000000000000e+00,-0.000000000000000000e+00,0.000000000000000000e+00,-8.412268419473342695e-02,0.000000000000000000e+00,-0.000000000000000000e+00,-3.660864780572224420e-01,-2.425255707783122439e-01,-0.000000000000000000e+00,-3.065318706137569738e-01,-0.000000000000000000e+00,0.000000000000000000e+00,-0.000000000000000000e+00,-0.000000000000000000e+00,0.000000000000000000e+00,-8.665473380244002877e-03
-0.000000000000000000e+00,-0.000000000000000000e+00,2.542535376865251440e-01,-0.000000000000000000e+00,3.114356393770736364e-01,0.000000000000000000e+00,-4.668893711226097809e-02,1.204258687128839211e+00,0.000000000000000000e+00,-0.000000000000000000e+00,0.000000000000000000e+00,-0.000000000000000000e+00,-0.000000000000000000e+00,0.000000000000000000e+00,-0.000000000000000000e+00,-0.000000000000000000e+00,0.000000000000000000e+00,0.000000000000000000e+00,-0.000000000000000000e+00,-0.000000000000000000e+00,-1.402356736895138956e-01,-1.053130691944370728e-01,0.000000000000000000e+00,0.000000000000000000e+00,0.000000000000000000e+00,0.000000000000000000e+00,-0.000000000000000000e+00,0.000000000000000000e+00,0.000000000000000000e+00,-0.000000000000000000e+00,-0.000000000000000000e+00,-0.000000000000000000e+00,-0.000000000000000000e+00,0.000000000000000000e+00,0.000000000000000000e+00,0.000000000000000000e+00,-0.000000000000000000e+00,0.000000000000000000e+00,-0.000000000000000000e+00
-0.000000000000000000e+00,-0.000000000000000000e+00,-1.399937821802024474e-01,-0.000000000000000000e+00,-2.382420557301581990e-02,0.000000000000000000e+00,-0.000000000000000000e+00,0.000000000000000000e+00,2.423933007305336229e+00,-2.064526727898806924e-01,-0.000000000000000000e+00,-0.000000000000000000e+00,-0.000000000000000000e+00,-2.182660456229609802e-01,-0.000000000000000000e+00,-3.228607932693986493e-01,0.000000000000000000e+00,-0.000000000000000000e+00,-2.647987655118704264e-01,-0.000000000000000000e+00,-0.000000000000000000e+00,-0.000000000000000000e+00,-0.000000000000000000e+00,-1.147919446828534057e-01,-4.042867985912308032e-02,-0.000000000000000000e+00,-2.709392386438095879e-01,-0.000000000000000000e+00,-0.000000000000000000e+00,-0.000000000000000000e+00,-0.000000000000000000e+00,-0.000000000000000000e+00,-4.044089422448602505e-02,-6.002434936862196535e-01,0.000000000000000000e+00,-0.000000000000000000e+00,0.000000000000000000e+00,-1.314746132749138596e-01,-3.833020166001545603e-01
-4.106809408206708589e-01,-2.580915608328583286e-02,-0.000000000000000000e+00,-2.960162740823788982e-02,-0.000000000000000000e+00,0.000000000000000000e+00,-3.685114359075425394e-02,-0.000000000000000000e+00,-2.064526727898806924e-01,2.338790348844083322e+00,-0.000000000000000000e+00,-0.000000000000000000e+00,-0.000000000000000000e+00,-1.138928982613771762e-02,-0.000000000000000000e+00,-7.642224086606723699e-01,0.000000000000000000e+00,-2.575180423722231438e-01,-0.000000000000000000e+00,-8.339255227404548942e-02,-0.000000000000000000e+00,-0.000000000000000000e+00,-1.036871106723037672e-01,-0.000000000000000000e+00,-9.584518628139593321e-02,-9.513877503317619277e-02,-0.000000000000000000e+00,-0.000000000000000000e+00,-0.000000000000000000e+00,-1.943925316072111220e-01,-0.000000000000000000e+00,0.000000000000000000e+00,-0.000000000000000000e+00,-0.000000000000000000e+00,0.000000000000000000e+00,-0.000000000000000000e+00,0.000000000000000000e+00,-0.000000000000000000e+00,-1.133000593501473086e-01
-0.000000000000000000e+00,-1.393874787609985233e-01,-0.000000000000000000e+00,0.000000000000000000e+00,-0.000000000000000000e+00,-0.000000000000000000e+00,-0.000000000000000000e+00,0.000000000000000000e+00,-0.000000000000000000e+00,-0.000000000000000000e+00,1.296301396795372263e+00,-0.000000000000000000e+00,-0.000000000000000000e+00,-1.766717801679686672e-01,0.000000000000000000e+00,-0.000000000000000000e+00,-1.485478123245808635e-01,0.000000000000000000e+00,0.000000000000000000e+00,1.057550709107422660e-01,-0.000000000000000000e+00,-0.000000000000000000e+00,-0.000000000000000000e+00,-0.000000000000000000e+00,-0.000000000000000000e+00,-0.000000000000000000e+00,-2.632968476170063354e-01,1.981900630921703058e-02,0.000000000000000000e+00,-0.000000000000000000e+00,-0.000000000000000000e+00,-2.208785269255467976e-01,-0.000000000000000000e+00,0.000000000000000000e+00,0.000000000000000000e+00,-0.000000000000000000e+00,-0.000000000000000000e+00,-0.000000000000000000e+00,-0.000000000000000000e+00
-0.000000000000000000e+00,-0.000000000000000000e+00,-0.000000000000000000e+00,-6.577107981808841264e-02,-0.000000000000000000e+00,2.267945584770513778e-01,-2.437344676701496682e-01,-0.000000000000000000e+00,-0.000000000000000000e+00,-0.000000000000000000e+00,-0.000000000000000000e+00,2.623283545277556694e+00,-2.226891751372095385e-01,-0.000000000000000000e+00,-0.000000000000000000e+00,-4.342071099510556587e-01,3.257040642267933217e-02,-0.000000000000000000e+00,-1.257416040838792992e-01,-0.000000000000000000e+00,-0.000000000000000000e+00,-5.687714405423526243e-01,-1.064767810523690184e-01,-0.000000000000000000e+00,-4.622628258820822567e-02,0.000000000000000000e+00,-0.000000000000000000e+00,0.000000000000000000e+00,0.000000000000000000e+00,-7.866718006309803349e-03,-0.000000000000000000e+00,-0.000000000000000000e+00,-1.872025737109534738e-01,-0.000000000000000000e+00,1.748528860873483637e-01,-0.000000000000000000e+00,0.000000000000000000e+00,-0.000000000000000000e+00,-5.598110359696495397e-01
-0.000000000000000000e+00,-0.000000000000000000e+00,-0.000000000000000000e+00,-0.000000000000000000e+00,-0.000000000000000000e+00,1.729438715926524539e-01,-0.000000000000000000e+00,-0.000000000000000000e+00,-0.000000000000000000e+00,-0.000000000000000000e+00,-0.000000000000000000e+00,-2.226891751372095385e-01,1.265484365668075872e+00,-0.000000000000000000e+00,-0.000000000000000000e+00,-0.000000000000000000e+00,0.000000000000000000e+00,-0.000000000000000000e+00,-0.000000000000000000e+00,-0.000000000000000000e+00,-0.000000000000000000e+00,-3.444894731757474921e-03,-0.000000000000000000e+00,-0.000000000000000000e+00,-1.137997258831128199e-02,0.000000000000000000e+00,-0.000000000000000000e+00,0.000000000000000000e+00,0.000000000000000000e+00,-5.828365142091963824e-02,2.211274664288034181e-02,0.000000000000000000e+00,-0.000000000000000000e+00,-0.000000000000000000e+00,2.700252585186718179e-01,-0.000000000000000000e+00,0.000000000000000000e+00,-0.000000000000000000e+00,-5.551058551164930743e-02
-6.505927373293338145e-02,-2.541884069942053626e-01,-2.358906862293817103e-02,-0.000000000000000000e+00,-3.217877514087933988e-01,0.000000000000000000e+00,-0.000000000000000000e+00,0.000000000000000000e+00,-2.182660456229609802e-01,-1.138928982613771762e-02,-1.766717801679686672e-01,-0.000000000000000000e+00,-0.000000000000000000e+00,1.882272633950188512e+00,0.000000000000000000e+00,-0.000000000000000000e+00,-0.000000000000000000e+00,-0.000000000000000000e+00,-0.000000000000000000e+00,-0.000000000000000000e+00,-0.000000000000000000e+00,-0.000000000000000000e+00,-3.781925371866151075e-01,-2.063036779061799275e-01,-1.950449803501146662e-01,-0.000000000000000000e+00,-0.000000000000000000e+00,-0.000000000000000000e+00,-0.000000000000000000e+00,-1.869943189997302080e-01,-0.000000000000000000e+00,-0.000000000000000000e+00,-0.000000000000000000e+00,-0.000000000000000000e+00,-0.000000000000000000e+00,-0.000000000000000000e+00,-0.000000000000000000e+00,-0.000000000000000000e+00,-0.000000000000000000e+00
-0.000000000000000000e+00,0.000000000000000000e+00,-0.000000000000000000e+00,-1.653634801189935721e-01,-0.000000000000000000e+00,1.511611753134858294e-01,-0.000000000000000000e+00,-0.000000000000000000e+00,-0.000000000000000000e+00,-0.000000000000000000e+00,0.000000000000000000e+00,-0.000000000000000000e+00,-0.000000000000000000e+00,0.000000000000000000e+00,2.323506482738557644e+00,-1.769883402070071554e-02,1.635781662082679000e-01,-4.384821653876221359e-01,-3.485142719231675845e-01,-4.526214296931064252e-01,0.000000000000000000e+00,-0.000000000000000000e+00,-0.000000000000000000e+00,-0.000000000000000000e+00,-0.000000000000000000e+00,-0.000000000000000000e+00,0.000000000000000000e+00,-0.000000000000000000e+00,-0.000000000000000000e+00,-0.000000000000000000e+00,0.000000000000000000e+00,3.048754142107411580e-01,-0.000000000000000000e+00,-1.152724494203659911e-01,0.000000000000000000e+00,-0.000000000000000000e+00,5.573679982383374087e-02,-3.463819607309064352e-01,-0.000000000000000000e+00
-3.469698022206851862e-02,-0.000000000000000000e+00,-0.000000000000000000e+00,-5.990898548279279673e-02,-0.000000000000000000e+00,1.745507882911573050e-01,-4.155520784548712848e-02,-0.000000000000000000e+00,-3.228607932693986493e-01,-7.642224086606723699e-01,-0.000000000000000000e+00,-4.342071099510556587e-01,-0.000000000000000000e+00,-0.000000000000000000e+00,-1.769883402070071554e-02,2.779350330012343662e+00,0.000000000000000000e+00,-1.606746958922963264e-01,-1.172548851994278940e-01,-9.695365695582974785e-02,-0.000000000000000000e+00,-1.629992901262358185e-01,-0.000000000000000000e+00,-0.000000000000000000e+00,-2.271358273183803622e-01,-0.000000000000000000e+00,-0.000000000000000000e+00,-0.000000000000000000e+00,-0.000000000000000000e+00,-7.743352345609696985e-02,-0.000000000000000000e+00,0.000000000000000000e+00,-1.813250171897183849e-01,-0.000000000000000000e+00,0.000000000000000000e+00,-0.000000000000000000e+00,0.000000000000000000e+00,-0.000000000000000000e+00,-2.069972080378321422e-01
-0.000000000000000000e+00,-0.000000000000000000e+00,0.000000000000000000e+00,2.728600485433376188e-01,0.000000000000000000e+00,-5.649947408648405833e-01,0.000000000000000000e+00,0.000000000000000000e+00,0.000000000000000000e+00,0.000000000000000000e+00,-1.485478123245808635e-01,3.257040642267933217e-02,0.000000000000000000e+00,-0.000000000000000000e+00,1.635781662082679000e-01,0.000000000000000000e+00,1.986118082505480054e+00,0.000000000000000000e+00,2.456365196387573779e-01,1.991467643261073395e-01,0.000000000000000000e+00,0.000000000000000000e+00,-0.000000000000000000e+00,-0.000000000000000000e+00,0.000000000000000000e+00,-0.000000000000000000e+00,-0.000000000000000000e+00,-0.000000000000000000e+00,-0.000000000000000000e+00,0.000000000000000000e+00,-0.000000000000000000e+00,-2.968856814956579715e-01,0.000000000000000000e+00,5.244401655160231546e-02,-0.000000000000000000e+00,0.000000000000000000e+00,-8.685524613194939292e-02,0.000000000000000000e+00,0.000000000000000000e+00
-0.000000000000000000e+00,-0.000000000000000000e+00,-8.029226909267378476e-02,-1.211950112970374555e-01,-0.000000000000000000e+00,0.000000000000000000e+00,-0.000000000000000000e+00,0.000000000000000000e+00,-0.000000000000000000e+00,-2.575180423722231438e-01,0.000000000000000000e+00,-0.000000000000000000e+00,-0.000000000000000000e+00,-0.000000000000000000e+00,-4.384821653876221359e-01,-1.606746958922963264e-01,0.000000000000000000e+00,2.368367650924578793e+00,-5.236241177466158803e-01,-2.603437822468445684e-01,-0.000000000000000000e+00,-0.000000000000000000e+00,-0.000000000000000000e+00,-0.000000000000000000e+00,-0.000000000000000000e+00,-2.943484626962382111e-01,-0.000000000000000000e+00,-0.000000000000000000e+00,-0.000000000000000000e+00,-0.000000000000000000e+00,0.000000000000000000e+00,0.000000000000000000e+00,-0.000000000000000000e+00,-2.117121409015932099e-01,0.000000000000000000e+00,-0.000000000000000000e+00,0.000000000000000000e+00,-7.977526574563041650e-02,-1.318540342283334998e-01
-0.000000000000000000e+00,-0.000000000000000000e+00,-0.000000000000000000e+00,-0.000000000000000000e+00,-0.000000000000000000e+00,0.000000000000000000e+00,-0.000000000000000000e+00,-0.000000000000000000e+00,-2.647987655118704264e-01,-0.000000000000000000e+00,0.000000000000000000e+00,-1.257416040838792992e-01,-0.000000000000000000e+00,-0.000000000000000000e+00,-3.485142719231675845e-01,-1.172548851994278940e-01,2.456365196387573779e-01,-5.236241177466158803e-01,2.150063212697419512e+00,-8.239485517942141124e-02,-0.000000000000000000e+00,-0.000000000000000000e+00,-0.000000000000000000e+00,-0.000000000000000000e+00,-0.000000000000000000e+00,-0.000000000000000000e+00,-0.000000000000000000e+00,0.000000000000000000e+00,0.000000000000000000e+00,-0.000000000000000000e+00,-0.000000000000000000e+00,0.000000000000000000e+00,-1.389522548356988685e-01,-1.663069386699893848e-01,0.000000000000000000e+00,-0.000000000000000000e+00,0.000000000000000000e+00,-4.228444860110366216e-02,-9.281047200872548364e-02
-0.000000000000000000e+00,0.000000000000000000e+00,-2.196141809962803490e-02,-3.901479596427752661e-01,-0.000000000000000000e+00,0.000000000000000000e+00,-0.000000000000000000e+00,-0.000000000000000000e+00,-0.000000000000000000e+00,-8.339255227404548942e-02,1.057550709107422660e-01,-0.000000000000000000e+00,-0.000000000000000000e+00,-0.000000000000000000e+00,-4.526214296931064252e-01,-9.695365695582974785e-02,1.991467643261073395e-01,-2.603437822468445684e-01,-8.239485517942141124e-02,1.992222718824964156e+00,-0.000000000000000000e+00,-0.000000000000000000e+00,-0.000000000000000000e+00,-0.000000000000000000e+00,-0.000000000000000000e+00,-0.000000000000000000e+00,0.000000000000000000e+00,-9.538240397964183048e-02,-0.000000000000000000e+00,-0.000000000000000000e+00,0.000000000000000000e+00,1.171306234361097903e-01,-0.000000000000000000e+00,-1.831225124223966605e-01,0.000000000000000000e+00,-0.000000000000000000e+00,0.000000000000000000e+00,-0.000000000000000000e+00,-0.000000000000000000e+00
-0.000000000000000000e+00,-0.000000000000000000e+00,-1.129774350830620860e-02,-0.000000000000000000e+00,-0.000000000000000000e+00,0.000000000000000000e+00,-2.440605826315817573e-01,-1.402356736895138956e-01,-0.000000000000000000e+00,-0.000000000000000000e+00,-0.000000000000000000e+00,-0.000000000000000000e+00,-0.000000000000000000e+00,-0.000000000000000000e+00,0.000000000000000000e+00,-0.000000000000000000e+00,0.000000000000000000e+00,-0.000000000000000000e+00,-0.000000000000000000e+00,-0.000000000000000000e+00,1.416007196552969027e+00,-3.472345239662120164e-01,-0.000000000000000000e+00,-0.000000000000000000e+00,-0.000000000000000000e+00,0.000000000000000000e+00,-0.000000000000000000e+00,-0.000000000000000000e+00,-0.000000000000000000e+00,-0.000000000000000000e+00,-6.014446473047989350e-02,-0.000000000000000000e+00,-1.982850444734154394e-01,0.000000000000000000e+00,-0.000000000000000000e+00,-6.767844216512818034e-02,-0.000000000000000000e+00,0.000000000000000000e+00,-0.000000000000000000e+00
-0.000000000000000000e+00,-0.000000000000000000e+00,-0.000000000000000000e+00,-0.000000000000000000e+00,-0.000000000000000000e+00,0.000000000000000000e+00,-6.099188098786441081e-01,-1.053130691944370728e-01,-0.000000000000000000e+00,-0.000000000000000000e+00,-0.000000000000000000e+00,-5.687714405423526243e-01,-3.444894731757474921e-03,-0.000000000000000000e+00,-0.000000000000000000e+00,-1.629992901262358185e-01,0.000000000000000000e+00,-0.000000000000000000e+00,-0.000000000000000000e+00,-0.000000000000000000e+00,-3.472345239662120164e-01,2.519633686728573796e+00,-3.672818507722278719e-02,-0.000000000000000000e+00,-0.000000000000000000e+00,0.000000000000000000e+00,-0.000000000000000000e+00,0.000000000000000000e+00,0.000000000000000000e+00,-0.000000000000000000e+00,-4.525287174773109933e-02,-0.000000000000000000e+00,-7.024717742721638958e-01,-0.000000000000000000e+00,0.000000000000000000e+00,-4.661573330594864090e-02,0.000000000000000000e+00,-0.000000000000000000e+00,-1.188912877274413788e-03
-0.000000000000000000e+00,-0.000000000000000000e+00,-0.000000000000000000e+00,-0.000000000000000000e+00,-0.000000000000000000e+00,0.000000000000000000e+00,-2.437453118749151326e-02,0.000000000000000000e+00,-0.000000000000000000e+00,-1.036871106723037672e-01,-0.000000000000000000e+00,-1.064767810523690184e-01,-0.000000000000000000e+00,-3.781925371866151075e-01,-0.000000000000000000e+00,-0.000000000000000000e+00,-0.000000000000000000e+00,-0.000000000000000000e+00,-0.000000000000000000e+00,-0.000000000000000000e+00,-0.000000000000000000e+00,-3.672818507722278719e-02,2.020522304608552755e+00,-1.540473931194525914e-01,-5.742379408020523712e-01,-0.000000000000000000e+00,-1.127327056884265405e-01,0.000000000000000000e+00,-0.000000000000000000e+00,-3.269303712386569249e-01,-1.359099284776642616e-02,-0.000000000000000000e+00,-0.000000000000000000e+00,-0.000000000000000000e+00,0.000000000000000000e+00,-1.164728689347930141e-01,-0.000000000000000000e+00,-0.000000000000000000e+00,-1.131840457772647912e-01
-0.000000000000000000e+00,-0.000000000000000000e+00,-9.576081803831848482e-02,-0.000000000000000000e+00,-0.000000000000000000e+00,0.000000000000000000e+00,-0.000000000000000000e+00,0.000000000000000000e+00,-1.147919446828534057e-01,-0.000000000000000000e+00,-0.000000000000000000e+00,-0.000000000000000000e+00,-0.000000000000000000e+00,-2.063036779061799275e-01,-0.000000000000000000e+00,-0.000000000000000000e+00,-0.000000000000000000e+00,-0.000000000000000000e+00,-0.000000000000000000e+00,-0.000000000000000000e+00,-0.000000000000000000e+00,-0.000000000000000000e+00,-1.540473931194525914e-01,1.268070577189838399e+00,-0.000000000000000000e+00,-2.573152928136350492e-02,-1.493627231030678071e-01,-0.000000000000000000e+00,-0.000000000000000000e+00,-8.923859820452771652e-02,-0.000000000000000000e+00,-0.000000000000000000e+00,-0.000000000000000000e+00,-0.000000000000000000e+00,0.000000000000000000e+00,-0.000000000000000000e+00,-0.000000000000000000e+00,-0.000000000000000000e+00,-0.000000000000000000e+00
-0.000000000000000000e+00,-0.000000000000000000e+00,-1.470041854990072061e-01,-0.000000000000000000e+00,-0.000000000000000000e+00,0.000000000000000000e+00,-0.000000000000000000e+00,0.000000000000000000e+00,-4.042867985912308032e-02,-9.584518628139593321e-02,-0.000000000000000000e+00,-4.622628258820822567e-02,-1.137997258831128199e-02,-1.950449803501146662e-01,-0.000000000000000000e+00,-2.271358273183803622e-01,0.000000000000000000e+00,-0.000000000000000000e+00,-0.000000000000000000e+00,-0.000000000000000000e+00,-0.000000000000000000e+00,-0.000000000000000000e+00,-5.742379408020523712e-01,-0.000000000000000000e+00,1.836369760593296707e+00,-0.000000000000000000e+00,-0.000000000000000000e+00,0.000000000000000000e+00,-0.000000000000000000e+00,-1.182786026721197453e-01,-0.000000000000000000e+00,0.000000000000000000e+00,-0.000000000000000000e+00,-0.000000000000000000e+00,0.000000000000000000e+00,-1.440107082598632571e-01,0.000000000000000000e+00,-0.000000000000000000e+00,-1.345808286768806761e-01
-1.276802421928467379e-01,-9.777037819066020097e-02,-0.000000000000000000e+00,-0.000000000000000000e+00,-0.000000000000000000e+00,0.000000000000000000e+00,0.000000000000000000e+00,0.000000000000000000e+00,-0.000000000000000000e+00,-9.513877503317619277e-02,-0.000000000000000000e+00,0.000000000000000000e+00,0.000000000000000000e+00,-0.000000000000000000e+00,-0.000000000000000000e+00,-0.000000000000000000e+00,-0.000000000000000000e+00,-2.943484626962382111e-01,-0.000000000000000000e+00,-0.000000000000000000e+00,0.000000000000000000e+00,0.000000000000000000e+00,-0.000000000000000000e+00,-2.573152928136350492e-02,-0.000000000000000000e+00,1.585895317067123722e+00,-0.000000000000000000e+00,-2.025121489280891363e-01,-3.727641191052158409e-01,-0.000000000000000000e+00,0.000000000000000000e+00,0.000000000000000000e+00,0.000000000000000000e+00,-2.181929161771363652e-03,0.000000000000000000e+00,0.000000000000000000e+00,-0.000000000000000000e+00,-3.187598898128341518e-01,-0.000000000000000000e+00
-0.000000000000000000e+00,-1.088232087229875772e-01,-0.000000000000000000e+00,0.000000000000000000e+00,-0.000000000000000000e+00,-0.000000000000000000e+00,-8.412268419473342695e-02,-0.000000000000000000e+00,-2.709392386438095879e-01,-0.000000000000000000e+00,-2.632968476170063354e-01,-0.000000000000000000e+00,-0.000000000000000000e+00,-0.000000000000000000e+00,0.000000000000000000e+00,-0.000000000000000000e+00,-0.000000000000000000e+00,-0.000000000000000000e+00,-0.000000000000000000e+00,0.000000000000000000e+00,-0.000000000000000000e+00,-0.000000000000000000e+00,-1.127327056884265405e-01,-1.493627231030678071e-01,-0.000000000000000000e+00,-0.000000000000000000e+00,1.694912197899994588e+00,0.000000000000000000e+00,0.000000000000000000e+00,-0.000000000000000000e+00,-2.558374432203440740e-01,-3.710450591344321425e-01,-1.705157417813945309e-01,-0.000000000000000000e+00,0.000000000000000000e+00,-1.111157218815859819e-02,-0.000000000000000000e+00,-0.000000000000000000e+00,-1.095509281283290892e-01
-0.000000000000000000e+00,-0.000000000000000000e+00,-0.000000000000000000e+00,-0.000000000000000000e+00,-0.000000000000000000e+00,-0.000000000000000000e+00,0.000000000000000000e+00,0.000000000000000000e+00,-0.000000000000000000e+00,-0.000000000000000000e+00,1.981900630921703058e-02,0.000000000000000000e+00,0.000000000000000000e+00,-0.000000000000000000e+00,-0.000000000000000000e+00,-0.000000000000000000e+00,-0.000000000000000000e+00,-0.000000000000000000e+00,0.000000000000000000e+00,-9.538240397964183048e-02,-0.000000000000000000e+00,0.000000000000000000e+00,0.000000000000000000e+00,-0.000000000000000000e+00,0.000000000000000000e+00,-2.025121489280891363e-01,0.000000000000000000e+00,1.249764372018599357e+00,-4.116334201965868300e-01,-0.000000000000000000e+00,0.000000000000000000e+00,0.000000000000000000e+00,0.000000000000000000e+00,-0.000000000000000000e+00,-6.016608124225046594e-02,0.000000000000000000e+00,-0.000000000000000000e+00,-0.000000000000000000e+00,0.000000000000000000e+00
-3.642331691777598301e-01,-4.708897968462219530e-02,-0.000000000000000000e+00,-0.000000000000000000e+00,-0.000000000000000000e+00,-0.000000000000000000e+00,-0.000000000000000000e+00,0.000000000000000000e+00,-0.000000000000000000e+00,-0.000000000000000000e+00,0.000000000000000000e+00,0.000000000000000000e+00,0.000000000000000000e+00,-0.000000000000000000e+00,-0.000000000000000000e+00,-0.000000000000000000e+00,-0.000000000000000000e+00,-0.000000000000000000e+00,0.000000000000000000e+00,-0.000000000000000000e+00,-0.000000000000000000e+00,0.000000000000000000e+00,-0.000000000000000000e+00,-0.000000000000000000e+00,-0.000000000000000000e+00,-3.727641191052158409e-01,0.000000000000000000e+00,-4.116334201965868300e-01,1.578663222363069440e+00,-0.000000000000000000e+00,-0.000000000000000000e+00,-0.000000000000000000e+00,-0.000000000000000000e+00,0.000000000000000000e+00,-1.349843980749684258e-01,0.000000000000000000e+00,-2.697971390216088450e-01,-0.000000000000000000e+00,0.000000000000000000e+00
-2.716011708462764962e-01,-1.308327124195839408e-01,-0.000000000000000000e+00,-0.000000000000000000e+00,-5.975912971644632699e-02,0.000000000000000000e+00,-3.660864780572224420e-01,-0.000000000000000000e+00,-0.000000000000000000e+00,-1.943925316072111220e-01,-0.000000000000000000e+00,-7.866718006309803349e-03,-5.828365142091963824e-02,-1.869943189997302080e-01,-0.000000000000000000e+00,-7.743352345609696985e-02,0.000000000000000000e+00,-0.000000000000000000e+00,-0.000000000000000000e+00,-0.000000000000000000e+00,-0.000000000000000000e+00,-0.000000000000000000e+00,-3.269303712386569249e-01,-8.923859820452771652e-02,-1.182786026721197453e-01,-0.000000000000000000e+00,-0.000000000000000000e+00,-0.000000000000000000e+00,-0.000000000000000000e+00,1.893339085421150481e+00,-0.000000000000000000e+00,-0.000000000000000000e+00,-0.000000000000000000e+00,-0.000000000000000000e+00,0.000000000000000000e+00,-0.000000000000000000e+00,-0.000000000000000000e+00,-0.000000000000000000e+00,-1.773082243280603085e-02
-0.000000000000000000e+00,-0.000000000000000000e+00,-0.000000000000000000e+00,0.000000000000000000e+00,0.000000000000000000e+00,-0.000000000000000000e+00,-2.425255707783122439e-01,-0.000000000000000000e+00,-0.000000000000000000e+00,-0.000000000000000000e+00,-0.000000000000000000e+00,-0.000000000000000000e+00,2.211274664288034181e-02,-0.000000000000000000e+00,0.000000000000000000e+00,-0.000000000000000000e+00,-0.000000000000000000e+00,0.000000000000000000e+00,-0.000000000000000000e+00,0.000000000000000000e+00,-6.014446473047989350e-02,-4.525287174773109933e-02,-1.359099284776642616e-02,-0.000000000000000000e+00,-0.000000000000000000e+00,0.000000000000000000e+00,-2.558374432203440740e-01,0.000000000000000000e+00,-0.000000000000000000e+00,-0.000000000000000000e+00,1.403962528740704707e+00,-1.855958748179753481e-01,-2.038782733039486428e-01,0.000000000000000000e+00,-0.000000000000000000e+00,-0.000000000000000000e+00,-2.109802111069533914e-01,0.000000000000000000e+00,-0.000000000000000000e+00
-0.000000000000000000e+00,-3.239616181799611083e-01,0.000000000000000000e+00,5.640861542188446015e-02,-0.000000000000000000e+00,-4.078097528984125225e-02,-0.000000000000000000e+00,-0.000000000000000000e+00,-0.000000000000000000e+00,0.000000000000000000e+00,-2.208785269255467976e-01,-0.000000000000000000e+00,0.000000000000000000e+00,-0.000000000000000000e+00,3.048754142107411580e-01,0.000000000000000000e+00,-2.968856814956579715e-01,0.000000000000000000e+00,0.000000000000000000e+00,1.171306234361097903e-01,-0.000000000000000000e+00,-0.000000000000000000e+00,-0.000000000000000000e+00,-0.000000000000000000e+00,0.000000000000000000e+00,0.000000000000000000e+00,-3.710450591344321425e-01,0.000000000000000000e+00,-0.000000000000000000e+00,-0.000000000000000000e+00,-1.855958748179753481e-01,1.858212665979260381e+00,-0.000000000000000000e+00,0.000000000000000000e+00,-0.000000000000000000e+00,-0.000000000000000000e+00,-4.166364811709316607e-01,0.000000000000000000e+00,-0.000000000000000000e+00
-0.000000000000000000e+00,-0.000000000000000000e+00,-0.000000000000000000e+00,-0.000000000000000000e+00,-0.000000000000000000e+00,0.000000000000000000e+00,-3.065318706137569738e-01,-0.000000000000000000e+00,-4.044089422448602505e-02,-0.000000000000000000e+00,-0.000000000000000000e+00,-1.872025737109534738e-01,-0.000000000000000000e+00,-0.000000000000000000e+00,-0.000000000000000000e+00,-1.813250171897183849e-01,0.000000000000000000e+00,-0.000000000000000000e+00,-1.389522548356988685e-01,-0.000000000000000000e+00,-1.982850444734154394e-01,-7.024717742721638958e-01,-0.000000000000000000e+00,-0.000000000000000000e+00,-0.000000000000000000e+00,0.000000000000000000e+00,-1.705157417813945309e-01,0.000000000000000000e+00,-0.000000000000000000e+00,-0.000000000000000000e+00,-2.038782733039486428e-01,-0.000000000000000000e+00,2.216852800959220104e+00,-0.000000000000000000e+00,0.000000000000000000e+00,-2.145438519681702183e-01,0.000000000000000000e+00,-0.000000000000000000e+00,-0.000000000000000000e+00
-0.000000000000000000e+00,-0.000000000000000000e+00,-2.211749268895468745e-02,-1.232452214256337802e-01,-2.789893639429565364e-01,2.894144630288979572e-02,-0.000000000000000000e+00,0.000000000000000000e+00,-6.002434936862196535e-01,-0.000000000000000000e+00,0.000000000000000000e+00,-0.000000000000000000e+00,-0.000000000000000000e+00,-0.000000000000000000e+00,-1.152724494203659911e-01,-0.000000000000000000e+00,5.244401655160231546e-02,-2.117121409015932099e-01,-1.663069386699893848e-01,-1.831225124223966605e-01,0.000000000000000000e+00,-0.000000000000000000e+00,-0.000000000000000000e+00,-0.000000000000000000e+00,-0.000000000000000000e+00,-2.181929161771363652e-03,-0.000000000000000000e+00,-0.000000000000000000e+00,0.000000000000000000e+00,-0.000000000000000000e+00,0.000000000000000000e+00,0.000000000000000000e+00,-0.000000000000000000e+00,1.957986106005134674e+00,0.000000000000000000e+00,-0.000000000000000000e+00,0.000000000000000000e+00,-1.663175169797569963e-01,-0.000000000000000000e+00
0.000000000000000000e+00,0.000000000000000000e+00,0.000000000000000000e+00,0.000000000000000000e+00,0.000000000000000000e+00,-3.953965922159585755e-01,0.000000000000000000e+00,0.000000000000000000e+00,0.000000000000000000e+00,0.000000000000000000e+00,0.000000000000000000e+00,1.748528860873483637e-01,2.700252585186718179e-01,-0.000000000000000000e+00,0.000000000000000000e+00,0.000000000000000000e+00,-0.000000000000000000e+00,0.000000000000000000e+00,0.000000000000000000e+00,0.000000000000000000e+00,-0.000000000000000000e+00,0.000000000000000000e+00,0.000000000000000000e+00,0.000000000000000000e+00,0.000000000000000000e+00,0.000000000000000000e+00,0.000000000000000000e+00,-6.016608124225046594e-02,-1.349843980749684258e-01,0.000000000000000000e+00,-0.000000000000000000e+00,-0.000000000000000000e+00,0.000000000000000000e+00,0.000000000000000000e+00,1.576261636462432225e+00,0.000000000000000000e+00,-4.195967787535013760e-01,0.000000000000000000e+00,2.296521038879439924e-02
-0.000000000000000000e+00,-0.000000000000000000e+00,-7.142160725055703152e-02,-0.000000000000000000e+00,-0.000000000000000000e+00,0.000000000000000000e+00,-0.000000000000000000e+00,0.000000000000000000e+00,-0.000000000000000000e+00,-0.000000000000000000e+00,-0.000000000000000000e+00,-0.000000000000000000e+00,-0.000000000000000000e+00,-0.000000000000000000e+00,-0.000000000000000000e+00,-0.000000000000000000e+00,0.000000000000000000e+00,-0.000000000000000000e+00,-0.000000000000000000e+00,-0.000000000000000000e+00,-6.767844216512818034e-02,-4.661573330594864090e-02,-1.164728689347930141e-01,-0.000000000000000000e+00,-1.440107082598632571e-01,0.000000000000000000e+00,-1.111157218815859819e-02,0.000000000000000000e+00,0.000000000000000000e+00,-0.000000000000000000e+00,-0.000000000000000000e+00,-0.000000000000000000e+00,-2.145438519681702183e-01,-0.000000000000000000e+00,0.000000000000000000e+00,1.214257285189902502e+00,-0.000000000000000000e+00,0.000000000000000000e+00,-5.668106005132723946e-02
-0.000000000000000000e+00,-0.000000000000000000e+00,0.000000000000000000e+00,0.000000000000000000e+00,-0.000000000000000000e+00,-3.701558016097860060e-01,-0.000000000000000000e+00,-0.000000000000000000e+00,0.000000000000000000e+00,0.000000000000000000e+00,-0.000000000000000000e+00,0.000000000000000000e+00,0.000000000000000000e+00,-0.000000000000000000e+00,5.573679982383374087e-02,0.000000000000000000e+00,-8.685524613194939292e-02,0.000000000000000000e+00,0.000000000000000000e+00,0.000000000000000000e+00,-0.000000000000000000e+00,0.000000000000000000e+00,-0.000000000000000000e+00,-0.000000000000000000e+00,0.000000000000000000e+00,-0.000000000000000000e+00,-0.000000000000000000e+00,-0.000000000000000000e+00,-2.697971390216088450e-01,-0.000000000000000000e+00,-2.109802111069533914e-01,-4.166364811709316607e-01,0.000000000000000000e+00,0.000000000000000000e+00,-4.195967787535013760e-01,-0.000000000000000000e+00,1.732624855444465428e+00,0.000000000000000000e+00,0.000000000000000000e+00
-0.000000000000000000e+00,-0.000000000000000000e+00,-0.000000000000000000e+00,-0.000000000000000000e+00,-0.000000000000000000e+00,0.000000000000000000e+00,0.000000000000000000e+00,0.000000000000000000e+00,-1.314746132749138596e-01,-0.000000000000000000e+00,-0.000000000000000000e+00,-0.000000000000000000e+00,-0.000000000000000000e+00,-0.000000000000000000e+00,-3.463819607309064352e-01,-0.000000000000000000e+00,0.000000000000000000e+00,-7.977526574563041650e-02,-4.228444860110366216e-02,-0.000000000000000000e+00,0.000000000000000000e+00,-0.000000000000000000e+00,-0.000000000000000000e+00,-0.000000000000000000e+00,-0.000000000000000000e+00,-3.187598898128341518e-01,-0.000000000000000000e+00,-0.000000000000000000e+00,-0.000000000000000000e+00,-0.000000000000000000e+00,0.000000000000000000e+00,0.000000000000000000e+00,-0.000000000000000000e+00,-1.663175169797569963e-01,0.000000000000000000e+00,0.000000000000000000e+00,0.000000000000000000e+00,1.498074993981523662e+00,-1.095994421856322093e-01
-0.000000000000000000e+00,-6.000560837552407906e-02,-0.000000000000000000e+00,-0.000000000000000000e+00,-0.000000000000000000e+00,0.000000000000000000e+00,-8.665473380244002877e-03,-0.000000000000000000e+00,-3.833020166001545603e-01,-1.133000593501473086e-01,-0.000000000000000000e+00,-5.598110359696495397e-01,-5.551058551164930743e-02,-0.000000000000000000e+00,-0.000000000000000000e+00,-2.069972080378321422e-01,0.000000000000000000e+00,-1.318540342283334998e-01,-9.281047200872548364e-02,-0.000000000000000000e+00,-0.000000000000000000e+00,-1.188912877274413788e-03,-1.131840457772647912e-01,-0.000000000000000000e+00,-1.345808286768806761e-01,-0.000000000000000000e+00,-1.095509281283290892e-01,0.000000000000000000e+00,0.000000000000000000e+00,-1.773082243280603085e-02,-0.000000000000000000e+00,-0.000000000000000000e+00,-0.000000000000000000e+00,-0.000000000000000000e+00,2.296521038879439924e-02,-5.668106005132723946e-02,0.000000000000000000e+00,-1.095994421856322093e-01,2.122396165910387378e+00
