2.278342605048236269e+00,-2.941812784233225342e-01,-9.053064290950403603e-02,-0.000000000000000000e+00,-9.096667661139973271e-02,0.000000000000000000e+00,-0.000000000000000000e+00,0.000000000000000000e+00,-0.000000000000000000e+00,-0.000000000000000000e+00,0.000000000000000000e+00,0.000000000000000000e+00,0.000000000000000000e+00,-0.000000000000000000e+00,0.000000000000000000e+00,-9.847445611987613867e-02,-1.278167367411825739e-01,-0.000000000000000000e+00,-0.000000000000000000e+00,-1.965625222471555633e-01,-0.000000000000000000e+00,0.000000000000000000e+00,-0.000000000000000000e+00,-0.000000000000000000e+00,-1.914798081813393893e-01,-6.583043452724215427e-01,-0.000000000000000000e+00,-0.000000000000000000e+00,-1.937227580205090338e-01,-0.000000000000000000e+00,-0.000000000000000000e+00,-0.000000000000000000e+00,-0.000000000000000000e+00,-0.000000000000000000e+00,-0.000000000000000000e+00,-1.372645273522637432e-01,-0.000000000000000000e+00,-5.444304616671924446e-01,0.000000000000000000e+00
-2.941812784233225342e-01,1.887844493243560073e+00,-0.000000000000000000e+00,-5.542556440276193847e-02,-0.000000000000000000e+00,-0.000000000000000000e+00,-2.371359325042529664e-01,0.000000000000000000e+00,-0.000000000000000000e+00,-6.067512038578446454e-01,-0.000000000000000000e+00,-0.000000000000000000e+00,-0.000000000000000000e+00,-0.000000000000000000e+00,0.000000000000000000e+00,-0.000000000000000000e+00,-0.000000000000000000e+00,-0.000000000000000000e+00,-2.910178305452349313e-04,-0.000000000000000000e+00,0.000000000000000000e+00,0.000000000000000000e+00,-0.000000000000000000e+00,-0.000000000000000000e+00,-0.000000000000000000e+00,-0.000000000000000000e+00,-0.000000000000000000e+00,0.000000000000000000e+00,0.000000000000000000e+00,-0.000000000000000000e+00,-0.000000000000000000e+00,-2.517712578026736203e-01,4.267551568793274269e-02,1.101838516116754492e-02,-0.000000000000000000e+00,-0.000000000000000000e+00,-0.000000000000000000e+00,-3.839256511602312516e-01,-0.000000000000000000e+00
-9.053064290950403603e-02,-0.000000000000000000e+00,2.957250660120779084e+00,-0.000000000000000000e+00,-7.838407072337778558e-01,0.000000000000000000e+00,-0.000000000000000000e+00,1.448524752531376469e+00,-0.000000000000000000e+00,-0.000000000000000000e+00,0.000000000000000000e+00,-0.000000000000000000e+00,0.000000000000000000e+00,-2.180640575749324614e-02,0.000000000000000000e+00,-6.520396051957697003e-02,-0.000000000000000000e+00,-1.220065410537361089e-01,-0.000000000000000000e+00,-1.940697004439057849e-01,-8.854134331689690954e-03,-0.000000000000000000e+00,-0.000000000000000000e+00,-0.000000000000000000e+00,-0.000000000000000000e+00,-0.000000000000000000e+00,-1.227181239875038861e-02,-0.000000000000000000e+00,-0.000000000000000000e+00,-5.518727253448246078e-02,-5.913942349176590230e-02,-0.000000000000000000e+00,-0.000000000000000000e+00,0.000000000000000000e+00,-0.000000000000000000e+00,-0.000000000000000000e+00,-0.000000000000000000e+00,-1.296229854245308510e-01,-0.000000000000000000e+00
-0.000000000000000000e+00,-5.542556440276193847e-02,-0.000000000000000000e+00,2.875641900448186572e+00,-0.000000000000000000e+00,0.000000000000000000e+00,-1.348310881360204605e-01,0.000000000000000000e+00,-5.835823126000044825e-02,-0.000000000000000000e+00,0.000000000000000000e+00,-0.000000000000000000e+00,-0.000000000000000000e+00,-0.000000000000000000e+00,9.282066490986218277e-01,0.000000000000000000e+00,-0.000000000000000000e+00,-4.856503764369567988e-01,-5.424873020556032766e-02,-0.000000000000000000e+00,0.000000000000000000e+00,0.000000000000000000e+00,0.000000000000000000e+00,-0.000000000000000000e+00,0.000000000000000000e+00,0.000000000000000000e+00,0.000000000000000000e+00,0.000000000000000000e+00,0.000000000000000000e+00,-0.000000000000000000e+00,7.732694557241096001e-02,-0.000000000000000000e+00,2.420154037136686143e-01,7.404452419283591436e-01,1.222691042275401152e-01,1.195393017940166308e-01,0.000000000000000000e+00,-2.219982544732014007e-01,-0.000000000000000000e+00
-9.096667661139973271e-02,-0.000000000000000000e+00,-7.838407072337778558e-01,-0.000000000000000000e+00,2.602321598113755297e+00,0.000000000000000000e+00,-0.000000000000000000e+00,4.947684100149987718e-01,-1.198927999513465931e-01,-0.000000000000000000e+00,0.000000000000000000e+00,-0.000000000000000000e+00,0.000000000000000000e+00,-1.499133661607511825e-01,0.000000000000000000e+00,-1.961567010659257537e-01,-1.471072809116268608e-02,-0.000000000000000000e+00,-1.953187588979322098e-01,-1.596141967403141848e-02,-0.000000000000000000e+00,-0.000000000000000000e+00,-0.000000000000000000e+00,-0.000000000000000000e+00,-0.000000000000000000e+00,-9.239113694789437281e-02,-0.000000000000000000e+00,-0.000000000000000000e+00,-0.000000000000000000e+00,-3.396386636212083698e-01,-4.596886195772699468e-02,-0.000000000000000000e+00,-0.000000000000000000e+00,0.000000000000000000e+00,-0.000000000000000000e+00,-0.000000000000000000e+00,-0.000000000000000000e+00,-3.114182665615823908e-01,-0.000000000000000000e+00
0.000000000000000000e+00,-0.000000000000000000e+00,0.000000000000000000e+00,0.000000000000000000e+00,0.000000000000000000e+00,1.423381367144996412e+00,0.000000000000000000e+00,-0.000000000000000000e+00,0.000000000000000000e+00,0.000000000000000000e+00,-8.097689041876042493e-02,3.356190972066491751e-01,0.000000000000000000e+00,0.000000000000000000e+00,-1.595295179155160614e-01,0.000000000000000000e+00,-0.000000000000000000e+00,0.000000000000000000e+00,6.070778673943975912e-02,4.031828451707095140e-02,-0.000000000000000000e+00,0.000000000000000000e+00,-2.936650703119778050e-01,-0.000000000000000000e+00,-1.831730503011514966e-01,-0.000000000000000000e+00,0.000000000000000000e+00,-0.000000000000000000e+00,-0.000000000000000000e+00,0.000000000000000000e+00,-0.000000000000000000e+00,-0.000000000000000000e+00,-0.000000000000000000e+00,-0.000000000000000000e+00,-0.000000000000000000e+00,-0.000000000000000000e+00,-1.591159937532826696e-01,0.000000000000000000e+00,0.000000000000000000e+00
-0.000000000000000000e+00,-2.371359325042529664e-01,-0.000000000000000000e+00,-1.348310881360204605e-01,-0.000000000000000000e+00,0.000000000000000000e+00,1.645066921591680886e+00,0.000000000000000000e+00,-1.793640174314071190e-01,-5.827631417516949269e-02,-0.000000000000000000e+00,-0.000000000000000000e+00,-0.000000000000000000e+00,-0.000000000000000000e+00,0.000000000000000000e+00,-0.000000000000000000e+00,0.000000000000000000e+00,-0.000000000000000000e+00,-3.526055186451320655e-01,-0.000000000000000000e+00,0.000000000000000000e+00,-0.000000000000000000e+00,-0.000000000000000000e+00,-0.000000000000000000e+00,0.000000000000000000e+00,0.000000000000000000e+00,-0.000000000000000000e+00,0.000000000000000000e+00,0.000000000000000000e+00,-0.000000000000000000e+00,-0.000000000000000000e+00,-0.000000000000000000e+00,0.000000000000000000e+00,2.483157530787593603e-01,0.000000000000000000e+00,0.000000000000000000e+00,1.929881331605650535e-02,-0.000000000000000000e+00,-1.483553513248496714e-01
0.000000000000000000e+00,0.000000000000000000e+00,1.448524752531376469e+00,0.000000000000000000e+00,4.947684100149987718e-01,-0.000000000000000000e+00,0.000000000000000000e+00,2.581245759563849607e+00,7.813214299120474493e-02,0.000000000000000000e+00,-0.000000000000000000e+00,0.000000000000000000e+00,-0.000000000000000000e+00,0.000000000000000000e+00,-0.000000000000000000e+00,0.000000000000000000e+00,0.000000000000000000e+00,9.377388073243184130e-02,0.000000000000000000e+00,0.000000000000000000e+00,0.000000000000000000e+00,0.000000000000000000e+00,0.000000000000000000e+00,0.000000000000000000e+00,0.000000000000000000e+00,0.000000000000000000e+00,0.000000000000000000e+00,0.000000000000000000e+00,0.000000000000000000e+00,8.549660807708941990e-02,0.000000000000000000e+00,0.000000000000000000e+00,0.000000000000000000e+00,-0.000000000000000000e+00,0.000000000000000000e+00,0.000000000000000000e+00,0.000000000000000000e+00,9.828491847413517446e-02,0.000000000000000000e+00
-0.000000000000000000e+00,-0.000000000000000000e+00,-0.000000000000000000e+00,-5.835823126000044825e-02,-1.198927999513465931e-01,0.000000000000000000e+00,-1.793640174314071190e-01,7.813214299120474493e-02,2.699120828134886185e+00,-2.850587609744478779e-01,-0.000000000000000000e+00,-2.761728579514613480e-01,-0.000000000000000000e+00,-0.000000000000000000e+00,2.021510349136025619e-01,-0.000000000000000000e+00,0.000000000000000000e+00,-0.000000000000000000e+00,-5.179386725062548047e-01,-0.000000000000000000e+00,0.000000000000000000e+00,-0.000000000000000000e+00,-0.000000000000000000e+00,-0.000000000000000000e+00,0.000000000000000000e+00,-0.000000000000000000e+00,-0.000000000000000000e+00,0.000000000000000000e+00,0.000000000000000000e+00,-6.562076865674714155e-01,-0.000000000000000000e+00,-5.271987438076997101e-02,-0.000000000000000000e+00,0.000000000000000000e+00,0.000000000000000000e+00,0.000000000000000000e+00,0.000000000000000000e+00,-2.616018160013169891e-01,-2.590471619746216314e-01
-0.000000000000000000e+00,-6.067512038578446454e-01,-0.000000000000000000e+00,-0.000000000000000000e+00,-0.000000000000000000e+00,0.000000000000000000e+00,-5.827631417516949269e-02,0.000000000000000000e+00,-2.850587609744478779e-01,2.541912463675448208e+00,-0.000000000000000000e+00,-0.000000000000000000e+00,-0.000000000000000000e+00,-0.000000000000000000e+00,1.799795717606500201e-01,-0.000000000000000000e+00,0.000000000000000000e+00,-0.000000000000000000e+00,-8.665089277117636601e-02,-0.000000000000000000e+00,0.000000000000000000e+00,-0.000000000000000000e+00,-0.000000000000000000e+00,-0.000000000000000000e+00,0.000000000000000000e+00,-0.000000000000000000e+00,-1.259107288258647650e-01,0.000000000000000000e+00,0.000000000000000000e+00,-7.037689343297625078e-01,-0.000000000000000000e+00,-2.525752640920134184e-01,0.000000000000000000e+00,1.480937046084574993e-01,0.000000000000000000e+00,-0.000000000000000000e+00,0.000000000000000000e+00,-0.000000000000000000e+00,-3.360609757503501549e-01
0.000000000000000000e+00,-0.000000000000000000e+00,0.000000000000000000e+00,0.000000000000000000e+00,0.000000000000000000e+00,-8.097689041876042493e-02,-0.000000000000000000e+00,-0.000000000000000000e+00,-0.000000000000000000e+00,-0.000000000000000000e+00,1.694867456854472154e+00,-0.000000000000000000e+00,-0.000000000000000000e+00,0.000000000000000000e+00,-0.000000000000000000e+00,-0.000000000000000000e+00,1.630155918465530096e-01,2.806444484885820545e-01,-0.000000000000000000e+00,5.737939135547110575e-02,0.000000000000000000e+00,-1.757658178258669213e-01,-1.315751916413235856e-01,-0.000000000000000000e+00,0.000000000000000000e+00,0.000000000000000000e+00,-2.674525918765979782e-01,0.000000000000000000e+00,0.000000000000000000e+00,-0.000000000000000000e+00,-6.635054456916164578e-02,-8.677232378260132384e-01,-0.000000000000000000e+00,-0.000000000000000000e+00,-0.000000000000000000e+00,-0.000000000000000000e+00,0.000000000000000000e+00,0.000000000000000000e+00,-0.000000000000000000e+00
0.000000000000000000e+00,-0.000000000000000000e+00,-0.000000000000000000e+00,-0.000000000000000000e+00,-0.000000000000000000e+00,3.356190972066491751e-01,-0.000000000000000000e+00,0.000000000000000000e+00,-2.761728579514613480e-01,-0.000000000000000000e+00,-0.000000000000000000e+00,1.793446117345426583e+00,-0.000000000000000000e+00,-0.000000000000000000e+00,0.000000000000000000e+00,-0.000000000000000000e+00,0.000000000000000000e+00,-0.000000000000000000e+00,-8.756526225639124639e-02,-0.000000000000000000e+00,0.000000000000000000e+00,-3.027185960084459726e-01,0.000000000000000000e+00,0.000000000000000000e+00,4.159097755093298099e-02,0.000000000000000000e+00,-0.000000000000000000e+00,0.000000000000000000e+00,0.000000000000000000e+00,-4.542749234553732779e-02,0.000000000000000000e+00,-9.958542338473894140e-02,-0.000000000000000000e+00,0.000000000000000000e+00,0.000000000000000000e+00,0.000000000000000000e+00,2.724254726071556054e-01,-0.000000000000000000e+00,-4.699444590955704215e-01
0.000000000000000000e+00,-0.000000000000000000e+00,0.000000000000000000e+00,-0.000000000000000000e+00,0.000000000000000000e+00,0.000000000000000000e+00,-0.000000000000000000e+00,-0.000000000000000000e+00,-0.000000000000000000e+00,-0.000000000000000000e+00,-0.000000000000000000e+00,-0.000000000000000000e+00,1.421306578774945262e+00,-0.000000000000000000e+00,0.000000000000000000e+00,0.000000000000000000e+00,1.203404086564827946e-01,-0.000000000000000000e+00,-2.192039304759856033e-02,-0.000000000000000000e+00,0.000000000000000000e+00,-0.000000000000000000e+00,-0.000000000000000000e+00,-4.542121002257515881e-03,0.000000000000000000e+00,0.000000000000000000e+00,0.000000000000000000e+00,0.000000000000000000e+00,0.000000000000000000e+00,0.000000000000000000e+00,9.347086987633994315e-02,-3.615311767625751793e-01,0.000000000000000000e+00,0.000000000000000000e+00,0.000000000000000000e+00,2.778829289084036036e-01,1.665753396712536250e-01,-0.000000000000000000e+00,-1.448381554001023086e-01
-0.000000000000000000e+00,-0.000000000000000000e+00,-2.180640575749324614e-02,-0.000000000000000000e+00,-1.499133661607511825e-01,0.000000000000000000e+00,-0.000000000000000000e+00,0.000000000000000000e+00,-0.000000000000000000e+00,-0.000000000000000000e+00,0.000000000000000000e+00,-0.000000000000000000e+00,-0.000000000000000000e+00,1.627447757158630992e+00,0.000000000000000000e+00,-1.506207409885327309e-01,-0.000000000000000000e+00,-0.000000000000000000e+00,-0.000000000000000000e+00,-1.262890712065512788e-01,-3.566485071640899951e-02,-0.000000000000000000e+00,-1.231075028783814307e-01,-6.332347705838766716e-01,-0.000000000000000000e+00,-9.029110142642869652e-02,-0.000000000000000000e+00,-0.000000000000000000e+00,-0.000000000000000000e+00,-0.000000000000000000e+00,-0.000000000000000000e+00,-0.000000000000000000e+00,-1.273915142030915271e-01,-0.000000000000000000e+00,-1.249303304888293997e-01,0.000000000000000000e+00,-0.000000000000000000e+00,-0.000000000000000000e+00,-0.000000000000000000e+00
0.000000000000000000e+00,0.000000000000000000e+00,0.000000000000000000e+00,9.282066490986218277e-01,0.000000000000000000e+00,-1.595295179155160614e-01,0.000000000000000000e+00,-0.000000000000000000e+00,2.021510349136025619e-01,1.799795717606500201e-01,-0.000000000000000000e+00,0.000000000000000000e+00,0.000000000000000000e+00,0.000000000000000000e+00,2.693923565720715452e+00,-0.000000000000000000e+00,-0.000000000000000000e+00,3.012077171182950819e-01,0.000000000000000000e+00,0.000000000000000000e+00,-0.000000000000000000e+00,-0.000000000000000000e+00,-0.000000000000000000e+00,0.000000000000000000e+00,-0.000000000000000000e+00,-0.000000000000000000e+00,-0.000000000000000000e+00,-1.001774937299816093e-01,-0.000000000000000000e+00,0.000000000000000000e+00,-0.000000000000000000e+00,0.000000000000000000e+00,-2.263900648349843059e-01,-4.780345695549782503e-01,-1.765764923723666391e-01,-8.037978937636053312e-03,-0.000000000000000000e+00,4.040903582660530791e-02,1.773332453469696479e-01
-9.847445611987613867e-02,-0.000000000000000000e+00,-6.520396051957697003e-02,0.000000000000000000e+00,-1.961567010659257537e-01,0.000000000000000000e+00,-0.000000000000000000e+00,0.000000000000000000e+00,-0.000000000000000000e+00,-0.000000000000000000e+00,-0.000000000000000000e+00,-0.000000000000000000e+00,0.000000000000000000e+00,-1.506207409885327309e-01,-0.000000000000000000e+00,2.196143891826511929e+00,-0.000000000000000000e+00,-0.000000000000000000e+00,-1.853403755339205674e-03,-2.406575657410622154e-02,-1.791552898152917739e-02,-1.574376361004534153e-01,-0.000000000000000000e+00,-0.000000000000000000e+00,-0.000000000000000000e+00,-3.914110779828438025e-01,-6.126659711170078237e-01,-2.359894442502984482e-02,-0.000000000000000000e+00,-3.032177595351761568e-01,-1.528739599730308818e-01,-0.000000000000000000e+00,-2.765323129420876533e-02,-0.000000000000000000e+00,-1.635902105807094109e-01,-1.983463828972419074e-01,-0.000000000000000000e+00,-0.000000000000000000e+00,-0.000000000000000000e+00
-1.278167367411825739e-01,-0.000000000000000000e+00,-0.000000000000000000e+00,-0.000000000000000000e+00,-1.471072809116268608e-02,-0.000000000000000000e+00,0.000000000000000000e+00,0.000000000000000000e+00,0.000000000000000000e+00,0.000000000000000000e+00,1.630155918465530096e-01,0.000000000000000000e+00,1.203404086564827946e-01,-0.000000000000000000e+00,-0.000000000000000000e+00,-0.000000000000000000e+00,2.337130824070134949e+00,-1.587831728363225947e-01,0.000000000000000000e+00,-0.000000000000000000e+00,-9.754034017442403393e-02,1.059431470249599799e-01,0.000000000000000000e+00,0.000000000000000000e+00,-4.593189490555550925e-01,-1.409449522710155833e-01,0.000000000000000000e+00,-0.000000000000000000e+00,-8.949206722774205591e-01,-0.000000000000000000e+00,-0.000000000000000000e+00,1.870021119053252023e-01,-0.000000000000000000e+00,-0.000000000000000000e+00,-0.000000000000000000e+00,-0.000000000000000000e+00,-1.191951613961335227e-01,-0.000000000000000000e+00,6.076559634030397755e-02
-0.000000000000000000e+00,-0.000000000000000000e+00,-1.220065410537361089e-01,-4.856503764369567988e-01,-0.000000000000000000e+00,0.000000000000000000e+00,-0.000000000000000000e+00,9.377388073243184130e-02,-0.000000000000000000e+00,-0.000000000000000000e+00,2.806444484885820545e-01,-0.000000000000000000e+00,-0.000000000000000000e+00,-0.000000000000000000e+00,3.012077171182950819e-01,-0.000000000000000000e+00,-1.587831728363225947e-01,2.037570012742606629e+00,-1.132848755475714397e-01,-1.949584131410990739e-01,-0.000000000000000000e+00,2.367058142821143810e-02,-0.000000000000000000e+00,-0.000000000000000000e+00,-0.000000000000000000e+00,-0.000000000000000000e+00,0.000000000000000000e+00,-0.000000000000000000e+00,-0.000000000000000000e+00,-0.000000000000000000e+00,0.000000000000000000e+00,0.000000000000000000e+00,0.000000000000000000e+00,0.000000000000000000e+00,0.000000000000000000e+00,0.000000000000000000e+00,-0.000000000000000000e+00,-6.271656775802575412e-01,-0.000000000000000000e+00
-0.000000000000000000e+00,-2.910178305452349313e-04,-0.000000000000000000e+00,-5.424873020556032766e-02,-1.953187588979322098e-01,6.070778673943975912e-02,-3.526055186451320655e-01,0.000000000000000000e+00,-5.179386725062548047e-01,-8.665089277117636601e-02,-0.000000000000000000e+00,-8.756526225639124639e-02,-2.192039304759856033e-02,-0.000000000000000000e+00,0.000000000000000000e+00,-1.853403755339205674e-03,0.000000000000000000e+00,-1.132848755475714397e-01,2.200859757743259593e+00,-4.600772873814957392e-02,0.000000000000000000e+00,-0.000000000000000000e+00,-0.000000000000000000e+00,-0.000000000000000000e+00,0.000000000000000000e+00,-0.000000000000000000e+00,-0.000000000000000000e+00,0.000000000000000000e+00,0.000000000000000000e+00,-2.012509149233152883e-01,-0.000000000000000000e+00,-1.548802109248666355e-02,0.000000000000000000e+00,1.314123959527013948e-02,0.000000000000000000e+00,0.000000000000000000e+00,0.000000000000000000e+00,-1.853527445274612273e-01,-3.356109719970992167e-01
-1.965625222471555633e-01,-0.000000000000000000e+00,-1.940697004439057849e-01,-0.000000000000000000e+00,-1.596141967403141848e-02,4.031828451707095140e-02,-0.000000000000000000e+00,0.000000000000000000e+00,-0.000000000000000000e+00,-0.000000000000000000e+00,5.737939135547110575e-02,-0.000000000000000000e+00,-0.000000000000000000e+00,-1.262890712065512788e-01,0.000000000000000000e+00,-2.406575657410622154e-02,-0.000000000000000000e+00,-1.949584131410990739e-01,-4.600772873814957392e-02,1.589522374499326096e+00,-2.876637274840593839e-01,-0.000000000000000000e+00,0.000000000000000000e+00,0.000000000000000000e+00,-0.000000000000000000e+00,-1.718080224852575610e-01,-0.000000000000000000e+00,-2.881284557959588877e-02,-0.000000000000000000e+00,-0.000000000000000000e+00,-0.000000000000000000e+00,0.000000000000000000e+00,-0.000000000000000000e+00,0.000000000000000000e+00,-0.000000000000000000e+00,-0.000000000000000000e+00,-0.000000000000000000e+00,-2.281121375358036996e-01,-0.000000000000000000e+00
-0.000000000000000000e+00,0.000000000000000000e+00,-8.854134331689690954e-03,0.000000000000000000e+00,-0.000000000000000000e+00,-0.000000000000000000e+00,0.000000000000000000e+00,0.000000000000000000e+00,0.000000000000000000e+00,0.000000000000000000e+00,0.000000000000000000e+00,0.000000000000000000e+00,0.000000000000000000e+00,-3.566485071640899951e-02,-0.000000000000000000e+00,-1.791552898152917739e-02,-9.754034017442403393e-02,-0.000000000000000000e+00,0.000000000000000000e+00,-2.876637274840593839e-01,2.214796680454417022e+00,-0.000000000000000000e+00,-0.000000000000000000e+00,-0.000000000000000000e+00,-0.000000000000000000e+00,-1.997034740840148981e-01,-0.000000000000000000e+00,-7.742797528161885490e-01,-2.163663254140893166e-01,0.000000000000000000e+00,-0.000000000000000000e+00,0.000000000000000000e+00,-3.936325101005330729e-01,-3.792089530887687160e-02,-1.002611616456501042e-01,-0.000000000000000000e+00,-3.946429136624857170e-02,-0.000000000000000000e+00,0.000000000000000000e+00
0.000000000000000000e+00,0.000000000000000000e+00,-0.000000000000000000e+00,0.000000000000000000e+00,-0.000000000000000000e+00,0.000000000000000000e+00,-0.000000000000000000e+00,0.000000000000000000e+00,-0.000000000000000000e+00,-0.000000000000000000e+00,-1.757658178258669213e-01,-3.027185960084459726e-01,-0.000000000000000000e+00,-0.000000000000000000e+00,-0.000000000000000000e+00,-1.574376361004534153e-01,1.059431470249599799e-01,2.367058142821143810e-02,-0.000000000000000000e+00,-0.000000000000000000e+00,-0.000000000000000000e+00,1.425908087459927032e+00,-0.000000000000000000e+00,0.000000000000000000e+00,7.764858374755721770e-02,0.000000000000000000e+00,-2.656739884475500454e-02,-0.000000000000000000e+00,0.000000000000000000e+00,-0.000000000000000000e+00,-6.806236849970177805e-02,-0.000000000000000000e+00,-5.954925904934215142e-01,-0.000000000000000000e+00,-0.000000000000000000e+00,-0.000000000000000000e+00,0.000000000000000000e+00,0.000000000000000000e+00,-0.000000000000000000e+00
-0.000000000000000000e+00,-0.000000000000000000e+00,-0.000000000000000000e+00,0.000000000000000000e+00,-0.000000000000000000e+00,-2.936650703119778050e-01,-0.000000000000000000e+00,0.000000000000000000e+00,-0.000000000000000000e+00,-0.000000000000000000e+00,-1.315751916413235856e-01,0.000000000000000000e+00,-0.000000000000000000e+00,-1.231075028783814307e-01,-0.000000000000000000e+00,-0.000000000000000000e+00,0.000000000000000000e+00,-0.000000000000000000e+00,-0.000000000000000000e+00,0.000000000000000000e+00,-0.000000000000000000e+00,-0.000000000000000000e+00,1.582772459858787784e+00,-6.372257205154391313e-01,-0.000000000000000000e+00,-0.000000000000000000e+00,-0.000000000000000000e+00,-0.000000000000000000e+00,-0.000000000000000000e+00,-0.000000000000000000e+00,-0.000000000000000000e+00,-1.985023299413746570e-02,-0.000000000000000000e+00,0.000000000000000000e+00,-2.623917957323970152e-01,0.000000000000000000e+00,-0.000000000000000000e+00,-0.000000000000000000e+00,-0.000000000000000000e+00
-0.000000000000000000e+00,-0.000000000000000000e+00,-0.000000000000000000e+00,-0.000000000000000000e+00,-0.000000000000000000e+00,-0.000000000000000000e+00,-0.000000000000000000e+00,0.000000000000000000e+00,-0.000000000000000000e+00,-0.000000000000000000e+00,-0.000000000000000000e+00,0.000000000000000000e+00,-4.542121002257515881e-03,-6.332347705838766716e-01,0.000000000000000000e+00,-0.000000000000000000e+00,0.000000000000000000e+00,-0.000000000000000000e+00,-0.000000000000000000e+00,0.000000000000000000e+00,-0.000000000000000000e+00,0.000000000000000000e+00,-6.372257205154391313e-01,1.661832727394698894e+00,-4.505656213313251335e-02,-0.000000000000000000e+00,-0.000000000000000000e+00,0.000000000000000000e+00,-0.000000000000000000e+00,-0.000000000000000000e+00,0.000000000000000000e+00,-0.000000000000000000e+00,-0.000000000000000000e+00,0.000000000000000000e+00,-0.000000000000000000e+00,1.266228488787189965e-01,-0.000000000000000000e+00,-0.000000000000000000e+00,-0.000000000000000000e+00
-1.914798081813393893e-01,-0.000000000000000000e+00,-0.000000000000000000e+00,0.000000000000000000e+00,-0.000000000000000000e+00,-1.831730503011514966e-01,0.000000000000000000e+00,0.000000000000000000e+00,0.000000000000000000e+00,0.000000000000000000e+00,0.000000000000000000e+00,4.159097755093298099e-02,0.000000000000000000e+00,-0.000000000000000000e+00,-0.000000000000000000e+00,-0.000000000000000000e+00,-4.593189490555550925e-01,-0.000000000000000000e+00,0.000000000000000000e+00,-0.000000000000000000e+00,-0.000000000000000000e+00,7.764858374755721770e-02,-0.000000000000000000e+00,-4.505656213313251335e-02,2.570897964874796049e+00,-3.113309563498244947e-01,-0.000000000000000000e+00,-0.000000000000000000e+00,-3.786344791499478002e-01,-0.000000000000000000e+00,-0.000000000000000000e+00,0.000000000000000000e+00,-0.000000000000000000e+00,-0.000000000000000000e+00,-2.416837202104060722e-01,-0.000000000000000000e+00,-7.659057763331954538e-01,-0.000000000000000000e+00,0.000000000000000000e+00
-6.583043452724215427e-01,-0.000000000000000000e+00,-0.000000000000000000e+00,0.000000000000000000e+00,-9.239113694789437281e-02,-0.000000000000000000e+00,0.000000000000000000e+00,0.000000000000000000e+00,-0.000000000000000000e+00,-0.000000000000000000e+00,0.000000000000000000e+00,0.000000000000000000e+00,0.000000000000000000e+00,-9.029110142642869652e-02,-0.000000000000000000e+00,-3.914110779828438025e-01,-1.409449522710155833e-01,-0.000000000000000000e+00,-0.000000000000000000e+00,-1.718080224852575610e-01,-1.997034740840148981e-01,0.000000000000000000e+00,-0.000000000000000000e+00,-0.000000000000000000e+00,-3.113309563498244947e-01,3.033150704924130636e+00,-0.000000000000000000e+00,-7.224910145912478709e-01,-3.908518676190612107e-01,-0.000000000000000000e+00,-0.000000000000000000e+00,0.000000000000000000e+00,-0.000000000000000000e+00,-0.000000000000000000e+00,-1.285767019626493923e-01,-5.746694386798509996e-02,-1.045677466703226893e-01,-0.000000000000000000e+00,0.000000000000000000e+00
-0.000000000000000000e+00,-0.000000000000000000e+00,-1.227181239875038861e-02,0.000000000000000000e+00,-0.000000000000000000e+00,0.000000000000000000e+00,-0.000000000000000000e+00,0.000000000000000000e+00,-0.000000000000000000e+00,-1.259107288258647650e-01,-2.674525918765979782e-01,-0.000000000000000000e+00,0.000000000000000000e+00,-0.000000000000000000e+00,-0.000000000000000000e+00,-6.126659711170078237e-01,0.000000000000000000e+00,0.000000000000000000e+00,-0.000000000000000000e+00,-0.000000000000000000e+00,-0.000000000000000000e+00,-2.656739884475500454e-02,-0.000000000000000000e+00,-0.000000000000000000e+00,-0.000000000000000000e+00,-0.000000000000000000e+00,1.980271506073936649e+00,-0.000000000000000000e+00,-0.000000000000000000e+00,-1.623338158731078285e-01,-6.702204030874083784e-01,-0.000000000000000000e+00,-0.000000000000000000e+00,-0.000000000000000000e+00,-0.000000000000000000e+00,-1.737010958351823120e-01,-0.000000000000000000e+00,-0.000000000000000000e+00,-0.000000000000000000e+00
-0.000000000000000000e+00,0.000000000000000000e+00,-0.000000000000000000e+00,0.000000000000000000e+00,-0.000000000000000000e+00,-0.000000000000000000e+00,0.000000000000000000e+00,0.000000000000000000e+00,0.000000000000000000e+00,0.000000000000000000e+00,0.000000000000000000e+00,0.000000000000000000e+00,0.000000000000000000e+00,-0.000000000000000000e+00,-1.001774937299816093e-01,-2.359894442502984482e-02,-0.000000000000000000e+00,-0.000000000000000000e+00,0.000000000000000000e+00,-2.881284557959588877e-02,-7.742797528161885490e-01,-0.000000000000000000e+00,-0.000000000000000000e+00,0.000000000000000000e+00,-0.000000000000000000e+00,-7.224910145912478709e-01,-0.000000000000000000e+00,2.829199009314693480e+00,-4.480071922376571147e-01,0.000000000000000000e+00,-0.000000000000000000e+00,0.000000000000000000e+00,-9.688858407928727101e-02,-3.872381661004503650e-01,-1.979061052299873613e-01,-1.336792680253869881e-01,-5.105738832319180187e-02,-0.000000000000000000e+00,8.992187988367245088e-02
-1.937227580205090338e-01,0.000000000000000000e+00,-0.000000000000000000e+00,0.000000000000000000e+00,-0.000000000000000000e+00,-0.000000000000000000e+00,0.000000000000000000e+00,0.000000000000000000e+00,0.000000000000000000e+00,0.000000000000000000e+00,0.000000000000000000e+00,0.000000000000000000e+00,0.000000000000000000e+00,-0.000000000000000000e+00,-0.000000000000000000e+00,-0.000000000000000000e+00,-8.949206722774205591e-01,-0.000000000000000000e+00,0.000000000000000000e+00,-0.000000000000000000e+00,-2.163663254140893166e-01,0.000000000000000000e+00,-0.000000000000000000e+00,-0.000000000000000000e+00,-3.786344791499478002e-01,-3.908518676190612107e-01,-0.000000000000000000e+00,-4.480071922376571147e-01,3.061211662615522577e+00,-0.000000000000000000e+00,-0.000000000000000000e+00,4.368386442242969819e-02,-0.000000000000000000e+00,-0.000000000000000000e+00,-2.309139148391706753e-01,-0.000000000000000000e+00,-3.432577723584730456e-01,-0.000000000000000000e+00,1.343295383048212777e-01
-0.000000000000000000e+00,-0.000000000000000000e+00,-5.518727253448246078e-02,-0.000000000000000000e+00,-3.396386636212083698e-01,0.000000000000000000e+00,-0.000000000000000000e+00,8.549660807708941990e-02,-6.562076865674714155e-01,-7.037689343297625078e-01,-0.000000000000000000e+00,-4.542749234553732779e-02,0.000000000000000000e+00,-0.000000000000000000e+00,0.000000000000000000e+00,-3.032177595351761568e-01,-0.000000000000000000e+00,-0.000000000000000000e+00,-2.012509149233152883e-01,-0.000000000000000000e+00,0.000000000000000000e+00,-0.000000000000000000e+00,-0.000000000000000000e+00,-0.000000000000000000e+00,-0.000000000000000000e+00,-0.000000000000000000e+00,-1.623338158731078285e-01,0.000000000000000000e+00,-0.000000000000000000e+00,2.622766596100293945e+00,-0.000000000000000000e+00,-0.000000000000000000e+00,-0.000000000000000000e+00,0.000000000000000000e+00,-0.000000000000000000e+00,-0.000000000000000000e+00,0.000000000000000000e+00,-2.127455380415696484e-01,-1.141835654019087293e-01
-0.000000000000000000e+00,-0.000000000000000000e+00,-5.913942349176590230e-02,7.732694557241096001e-02,-4.596886195772699468e-02,-0.000000000000000000e+00,-0.000000000000000000e+00,0.000000000000000000e+00,-0.000000000000000000e+00,-0.000000000000000000e+00,-6.635054456916164578e-02,0.000000000000000000e+00,9.347086987633994315e-02,-0.000000000000000000e+00,-0.000000000000000000e+00,-1.528739599730308818e-01,-0.000000000000000000e+00,0.000000000000000000e+00,-0.000000000000000000e+00,-0.000000000000000000e+00,-0.000000000000000000e+00,-6.806236849970177805e-02,-0.000000000000000000e+00,0.000000000000000000e+00,-0.000000000000000000e+00,-0.000000000000000000e+00,-6.702204030874083784e-01,-0.000000000000000000e+00,-0.000000000000000000e+00,-0.000000000000000000e+00,2.175710228892385967e+00,-0.000000000000000000e+00,-3.885698423647503397e-01,-0.000000000000000000e+00,-2.423380654386569910e-01,-5.503263594843532669e-01,-0.000000000000000000e+00,-0.000000000000000000e+00,0.000000000000000000e+00
-0.000000000000000000e+00,-2.517712578026736203e-01,-0.000000000000000000e+00,-0.000000000000000000e+00,-0.000000000000000000e+00,-0.000000000000000000e+00,-0.000000000000000000e+00,0.000000000000000000e+00,-5.271987438076997101e-02,-2.525752640920134184e-01,-8.677232378260132384e-01,-9.958542338473894140e-02,-3.615311767625751793e-01,-0.000000000000000000e+00,0.000000000000000000e+00,-0.000000000000000000e+00,1.870021119053252023e-01,0.000000000000000000e+00,-1.548802109248666355e-02,0.000000000000000000e+00,0.000000000000000000e+00,-0.000000000000000000e+00,-1.985023299413746570e-02,-0.000000000000000000e+00,0.000000000000000000e+00,0.000000000000000000e+00,-0.000000000000000000e+00,0.000000000000000000e+00,4.368386442242969819e-02,-0.000000000000000000e+00,-0.000000000000000000e+00,2.054479268708813589e+00,-0.000000000000000000e+00,0.000000000000000000e+00,0.000000000000000000e+00,0.000000000000000000e+00,0.000000000000000000e+00,-0.000000000000000000e+00,-2.278405562880083945e-01
-0.000000000000000000e+00,4.267551568793274269e-02,-0.000000000000000000e+00,2.420154037136686143e-01,-0.000000000000000000e+00,-0.000000000000000000e+00,0.000000000000000000e+00,0.000000000000000000e+00,-0.000000000000000000e+00,0.000000000000000000e+00,-0.000000000000000000e+00,-0.000000000000000000e+00,0.000000000000000000e+00,-1.273915142030915271e-01,-2.263900648349843059e-01,-2.765323129420876533e-02,-0.000000000000000000e+00,0.000000000000000000e+00,0.000000000000000000e+00,-0.000000000000000000e+00,-3.936325101005330729e-01,-5.954925904934215142e-01,-0.000000000000000000e+00,-0.000000000000000000e+00,-0.000000000000000000e+00,-0.000000000000000000e+00,-0.000000000000000000e+00,-9.688858407928727101e-02,-0.000000000000000000e+00,-0.000000000000000000e+00,-3.885698423647503397e-01,-0.000000000000000000e+00,2.191901784558809130e+00,-4.355243687775626760e-01,-0.000000000000000000e+00,-0.000000000000000000e+00,-0.000000000000000000e+00,0.000000000000000000e+00,0.000000000000000000e+00
-0.000000000000000000e+00,1.101838516116754492e-02,0.000000000000000000e+00,7.404452419283591436e-01,0.000000000000000000e+00,-0.000000000000000000e+00,2.483157530787593603e-01,-0.000000000000000000e+00,0.000000000000000000e+00,1.480937046084574993e-01,-0.000000000000000000e+00,0.000000000000000000e+00,0.000000000000000000e+00,-0.000000000000000000e+00,-4.780345695549782503e-01,-0.000000000000000000e+00,-0.000000000000000000e+00,0.000000000000000000e+00,1.314123959527013948e-02,0.000000000000000000e+00,-3.792089530887687160e-02,-0.000000000000000000e+00,0.000000000000000000e+00,0.000000000000000000e+00,-0.000000000000000000e+00,-0.000000000000000000e+00,-0.000000000000000000e+00,-3.872381661004503650e-01,-0.000000000000000000e+00,0.000000000000000000e+00,-0.000000000000000000e+00,0.000000000000000000e+00,-4.355243687775626760e-01,2.574969502093662488e+00,-0.000000000000000000e+00,-9.545981816360779582e-02,-0.000000000000000000e+00,0.000000000000000000e+00,1.892147982170132303e-01
-0.000000000000000000e+00,-0.000000000000000000e+00,-0.000000000000000000e+00,1.222691042275401152e-01,-0.000000000000000000e+00,-0.000000000000000000e+00,0.000000000000000000e+00,0.000000000000000000e+00,0.000000000000000000e+00,0.000000000000000000e+00,-0.000000000000000000e+00,0.000000000000000000e+00,0.000000000000000000e+00,-1.249303304888293997e-01,-1.765764923723666391e-01,-1.635902105807094109e-01,-0.000000000000000000e+00,0.000000000000000000e+00,0.000000000000000000e+00,-0.000000000000000000e+00,-1.002611616456501042e-01,-0.000000000000000000e+00,-2.623917957323970152e-01,-0.000000000000000000e+00,-2.416837202104060722e-01,-1.285767019626493923e-01,-0.000000000000000000e+00,-1.979061052299873613e-01,-2.309139148391706753e-01,-0.000000000000000000e+00,-2.423380654386569910e-01,0.000000000000000000e+00,-0.000000000000000000e+00,-0.000000000000000000e+00,2.509978189716329577e+00,-5.832242023095295796e-02,-7.825853819277533985e-01,-0.000000000000000000e+00,0.000000000000000000e+00
-1.372645273522637432e-01,-0.000000000000000000e+00,-0.000000000000000000e+00,1.195393017940166308e-01,-0.000000000000000000e+00,-0.000000000000000000e+00,0.000000000000000000e+00,0.000000000000000000e+00,0.000000000000000000e+00,-0.000000000000000000e+00,-0.000000000000000000e+00,0.000000000000000000e+00,2.778829289084036036e-01,0.000000000000000000e+00,-8.037978937636053312e-03,-1.983463828972419074e-01,-0.000000000000000000e+00,0.000000000000000000e+00,0.000000000000000000e+00,-0.000000000000000000e+00,-0.000000000000000000e+00,-0.000000000000000000e+00,0.000000000000000000e+00,1.266228488787189965e-01,-0.000000000000000000e+00,-5.746694386798509996e-02,-1.737010958351823120e-01,-1.336792680253869881e-01,-0.000000000000000000e+00,-0.000000000000000000e+00,-5.503263594843532669e-01,0.000000000000000000e+00,-0.000000000000000000e+00,-9.545981816360779582e-02,-5.832242023095295796e-02,1.788692531643348627e+00,-0.000000000000000000e+00,0.000000000000000000e+00,0.000000000000000000e+00
-0.000000000000000000e+00,-0.000000000000000000e+00,-0.000000000000000000e+00,0.000000000000000000e+00,-0.000000000000000000e+00,-1.591159937532826696e-01,1.929881331605650535e-02,0.000000000000000000e+00,0.000000000000000000e+00,0.000000000000000000e+00,0.000000000000000000e+00,2.724254726071556054e-01,1.665753396712536250e-01,-0.000000000000000000e+00,-0.000000000000000000e+00,-0.000000000000000000e+00,-1.191951613961335227e-01,-0.000000000000000000e+00,0.000000000000000000e+00,-0.000000000000000000e+00,-3.946429136624857170e-02,0.000000000000000000e+00,-0.000000000000000000e+00,-0.000000000000000000e+00,-7.659057763331954538e-01,-1.045677466703226893e-01,-0.000000000000000000e+00,-5.105738832319180187e-02,-3.432577723584730456e-01,0.000000000000000000e+00,-0.000000000000000000e+00,0.000000000000000000e+00,-0.000000000000000000e+00,-0.000000000000000000e+00,-7.825853819277533985e-01,-0.000000000000000000e+00,2.757546924284042689e+00,-0.000000000000000000e+00,1.617837273342014048e-01
-5.444304616671924446e-01,-3.839256511602312516e-01,-1.296229854245308510e-01,-2.219982544732014007e-01,-3.114182665615823908e-01,0.000000000000000000e+00,-0.000000000000000000e+00,9.828491847413517446e-02,-2.616018160013169891e-01,-0.000000000000000000e+00,0.000000000000000000e+00,-0.000000000000000000e+00,-0.000000000000000000e+00,-0.000000000000000000e+00,4.040903582660530791e-02,-0.000000000000000000e+00,-0.000000000000000000e+00,-6.271656775802575412e-01,-1.853527445274612273e-01,-2.281121375358036996e-01,-0.000000000000000000e+00,0.000000000000000000e+00,-0.000000000000000000e+00,-0.000000000000000000e+00,-0.000000000000000000e+00,-0.000000000000000000e+00,-0.000000000000000000e+00,-0.000000000000000000e+00,-0.000000000000000000e+00,-2.127455380415696484e-01,-0.000000000000000000e+00,-0.000000000000000000e+00,0.000000000000000000e+00,0.000000000000000000e+00,-0.000000000000000000e+00,0.000000000000000000e+00,-0.000000000000000000e+00,2.737030802228511028e+00,-0.000000000000000000e+00
0.000000000000000000e+00,-0.000000000000000000e+00,-0.000000000000000000e+00,-0.000000000000000000e+00,-0.000000000000000000e+00,0.000000000000000000e+00,-1.483553513248496714e-01,0.000000000000000000e+00,-2.590471619746216314e-01,-3.360609757503501549e-01,-0.000000000000000000e+00,-4.699444590955704215e-01,-1.448381554001023086e-01,-0.000000000000000000e+00,1.773332453469696479e-01,-0.000000000000000000e+00,6.076559634030397755e-02,-0.000000000000000000e+00,-3.356109719970992167e-01,-0.000000000000000000e+00,0.000000000000000000e+00,-0.000000000000000000e+00,-0.000000000000000000e+00,-0.000000000000000000e+00,0.000000000000000000e+00,0.000000000000000000e+00,-0.000000000000000000e+00,8.992187988367245088e-02,1.343295383048212777e-01,-1.141835654019087293e-01,0.000000000000000000e+00,-2.278405562880083945e-01,0.000000000000000000e+00,1.892147982170132303e-01,0.000000000000000000e+00,0.000000000000000000e+00,1.617837273342014048e-01,-0.000000000000000000e+00,2.416455913094571084e+00
