1.602863354296584442e+00,-0.000000000000000000e+00,-0.000000000000000000e+00,-0.000000000000000000e+00,-0.000000000000000000e+00,-0.000000000000000000e+00,0.000000000000000000e+00,0.000000000000000000e+00,-0.000000000000000000e+00,-1.262288416602904556e-02,-0.000000000000000000e+00,0.000000000000000000e+00,-0.000000000000000000e+00,-2.824117715021260411e-01,-0.000000000000000000e+00,-0.000000000000000000e+00,-2.137750799991250672e-01,-0.000000000000000000e+00,-0.000000000000000000e+00,-0.000000000000000000e+00,-0.000000000000000000e+00,-0.000000000000000000e+00,-0.000000000000000000e+00,-0.000000000000000000e+00,-2.013314247074265706e-01,-3.659856590198357629e-01,0.000000000000000000e+00,-6.520200367627923543e-02,-2.409316319862856992e-01,-2.488732327860089799e-01,-0.000000000000000000e+00,-0.000000000000000000e+00,-1.484069496116231963e-02,-0.000000000000000000e+00,-0.000000000000000000e+00,-0.000000000000000000e+00,-0.000000000000000000e+00,-5.917517575346495362e-02,0.000000000000000000e+00
-0.000000000000000000e+00,1.542908254031857052e+00,-0.000000000000000000e+00,0.000000000000000000e+00,-0.000000000000000000e+00,-0.000000000000000000e+00,-0.000000000000000000e+00,1.682361382987639931e-01,0.000000000000000000e+00,-2.885433601215109944e-01,-0.000000000000000000e+00,0.000000000000000000e+00,0.000000000000000000e+00,-1.239938286341738943e-01,0.000000000000000000e+00,-1.464534133482187084e-01,-0.000000000000000000e+00,0.000000000000000000e+00,0.000000000000000000e+00,0.000000000000000000e+00,-0.000000000000000000e+00,-0.000000000000000000e+00,-0.000000000000000000e+00,-0.000000000000000000e+00,-0.000000000000000000e+00,0.000000000000000000e+00,-1.154218866594819426e-02,-0.000000000000000000e+00,-0.000000000000000000e+00,-0.000000000000000000e+00,-2.387127823822903505e-01,-4.659236837772011697e-01,-0.000000000000000000e+00,0.000000000000000000e+00,-0.000000000000000000e+00,-1.318374950429264218e-02,-0.000000000000000000e+00,0.000000000000000000e+00,-0.000000000000000000e+00
-0.000000000000000000e+00,-0.000000000000000000e+00,2.335243400831392258e+00,-3.718837270919753135e-02,-6.342683485042370783e-01,0.000000000000000000e+00,-0.000000000000000000e+00,2.467139509009501075e-01,-6.494453967984172016e-02,-0.000000000000000000e+00,-0.000000000000000000e+00,-0.000000000000000000e+00,-0.000000000000000000e+00,-0.000000000000000000e+00,-0.000000000000000000e+00,-0.000000000000000000e+00,0.000000000000000000e+00,-3.420306947893372307e-01,-8.859430813411414696e-02,-0.000000000000000000e+00,0.000000000000000000e+00,-0.000000000000000000e+00,-2.621486805818984411e-01,-0.000000000000000000e+00,-9.732255377166240673e-02,-0.000000000000000000e+00,-0.000000000000000000e+00,0.000000000000000000e+00,0.000000000000000000e+00,-4.553445180592967656e-01,-0.000000000000000000e+00,0.000000000000000000e+00,-0.000000000000000000e+00,-1.799803650288065160e-01,0.000000000000000000e+00,-0.000000000000000000e+00,0.000000000000000000e+00,-6.179419463995160233e-02,-2.131633377237372035e-02
-0.000000000000000000e+00,0.000000000000000000e+00,-3.718837270919753135e-02,2.722856318685431098e+00,-0.000000000000000000e+00,1.994992036922092205e-01,-0.000000000000000000e+00,0.000000000000000000e+00,-3.711524418138070214e-01,0.000000000000000000e+00,-0.000000000000000000e+00,-3.448563403396540661e-01,-3.325217951935364319e-02,0.000000000000000000e+00,-2.237236871791084269e-01,-0.000000000000000000e+00,0.000000000000000000e+00,-5.388823259136177324e-01,-2.171520756070405012e-01,-0.000000000000000000e+00,0.000000000000000000e+00,-0.000000000000000000e+00,-0.000000000000000000e+00,0.000000000000000000e+00,-0.000000000000000000e+00,0.000000000000000000e+00,0.000000000000000000e+00,4.148337826192723815e-03,0.000000000000000000e+00,-0.000000000000000000e+00,-0.000000000000000000e+00,0.000000000000000000e+00,0.000000000000000000e+00,-3.624798119502856686e-01,2.531025288817790320e-01,0.000000000000000000e+00,8.887173059197225888e-02,-0.000000000000000000e+00,-9.916527144364425950e-02
-0.000000000000000000e+00,-0.000000000000000000e+00,-6.342683485042370783e-01,-0.000000000000000000e+00,2.104836774958468215e+00,0.000000000000000000e+00,-0.000000000000000000e+00,7.008114068541961006e-02,-1.121136508032876955e-01,-0.000000000000000000e+00,-2.532843901455549829e-01,-0.000000000000000000e+00,-4.445610542611266869e-02,-1.762100549722133147e-01,-0.000000000000000000e+00,-0.000000000000000000e+00,-0.000000000000000000e+00,-7.439433636523291177e-03,-0.000000000000000000e+00,0.000000000000000000e+00,0.000000000000000000e+00,-0.000000000000000000e+00,-2.078082774815450673e-01,-0.000000000000000000e+00,-1.460725708164244130e-01,-0.000000000000000000e+00,0.000000000000000000e+00,0.000000000000000000e+00,0.000000000000000000e+00,-2.318454888262622693e-01,-0.000000000000000000e+00,-0.000000000000000000e+00,-0.000000000000000000e+00,-2.818244386635789245e-01,0.000000000000000000e+00,-0.000000000000000000e+00,0.000000000000000000e+00,-9.094984847398727978e-02,-0.000000000000000000e+00
-0.000000000000000000e+00,-0.000000000000000000e+00,0.000000000000000000e+00,1.994992036922092205e-01,0.000000000000000000e+00,2.483366932379603043e+00,2.372324441038728693e-01,-0.000000000000000000e+00,1.615593591883048852e-01,-7.441537096096947912e-02,-0.000000000000000000e+00,3.609531677750364431e-01,0.000000000000000000e+00,-0.000000000000000000e+00,2.395953163071056768e-01,0.000000000000000000e+00,-1.552142562896854094e-01,0.000000000000000000e+00,2.278739068939443779e-01,2.552673154178340398e-01,0.000000000000000000e+00,3.616064297565535490e-02,0.000000000000000000e+00,-0.000000000000000000e+00,-0.000000000000000000e+00,-0.000000000000000000e+00,0.000000000000000000e+00,-0.000000000000000000e+00,-2.088782490831667948e-01,0.000000000000000000e+00,0.000000000000000000e+00,-0.000000000000000000e+00,0.000000000000000000e+00,8.440111740992812389e-03,-3.710642864120752057e-03,0.000000000000000000e+00,-4.086571752153012604e-01,0.000000000000000000e+00,1.326515057972095235e-01
0.000000000000000000e+00,-0.000000000000000000e+00,-0.000000000000000000e+00,-0.000000000000000000e+00,-0.000000000000000000e+00,2.372324441038728693e-01,2.174625659549086265e+00,0.000000000000000000e+00,-0.000000000000000000e+00,0.000000000000000000e+00,0.000000000000000000e+00,-2.244396448890032258e-01,0.000000000000000000e+00,0.000000000000000000e+00,-0.000000000000000000e+00,-0.000000000000000000e+00,6.280584200326440047e-01,-0.000000000000000000e+00,-1.862753191819216956e-03,-0.000000000000000000e+00,-0.000000000000000000e+00,-1.360701182177844193e-01,-0.000000000000000000e+00,0.000000000000000000e+00,0.000000000000000000e+00,0.000000000000000000e+00,-3.027090073956241190e-01,0.000000000000000000e+00,4.814669909582133811e-01,-0.000000000000000000e+00,-1.115000567869253029e-01,0.000000000000000000e+00,0.000000000000000000e+00,-0.000000000000000000e+00,0.000000000000000000e+00,-0.000000000000000000e+00,0.000000000000000000e+00,-0.000000000000000000e+00,-3.238977293600298624e-01
0.000000000000000000e+00,1.682361382987639931e-01,2.467139509009501075e-01,0.000000000000000000e+00,7.008114068541961006e-02,-0.000000000000000000e+00,0.000000000000000000e+00,1.155350393406922471e+00,0.000000000000000000e+00,0.000000000000000000e+00,1.025552388555217298e-01,0.000000000000000000e+00,-0.000000000000000000e+00,0.000000000000000000e+00,-0.000000000000000000e+00,0.000000000000000000e+00,-0.000000000000000000e+00,0.000000000000000000e+00,0.000000000000000000e+00,-0.000000000000000000e+00,-0.000000000000000000e+00,-0.000000000000000000e+00,0.000000000000000000e+00,6.328647186130265112e-02,0.000000000000000000e+00,-0.000000000000000000e+00,4.106264595240303133e-05,-0.000000000000000000e+00,-0.000000000000000000e+00,0.000000000000000000e+00,0.000000000000000000e+00,0.000000000000000000e+00,-0.000000000000000000e+00,0.000000000000000000e+00,0.000000000000000000e+00,2.814684088716848387e-02,0.000000000000000000e+00,0.000000000000000000e+00,0.000000000000000000e+00
-0.000000000000000000e+00,0.000000000000000000e+00,-6.494453967984172016e-02,-3.711524418138070214e-01,-1.121136508032876955e-01,1.615593591883048852e-01,-0.000000000000000000e+00,0.000000000000000000e+00,2.965256324705909385e+00,0.000000000000000000e+00,-0.000000000000000000e+00,-2.591191115002391965e-01,-1.171237267500781741e-02,-0.000000000000000000e+00,-2.113483342540050935e-01,-0.000000000000000000e+00,0.000000000000000000e+00,-3.057909011932642973e-01,-3.271077172339830752e-01,-0.000000000000000000e+00,0.000000000000000000e+00,-0.000000000000000000e+00,-1.227116395200834598e-01,0.000000000000000000e+00,-0.000000000000000000e+00,0.000000000000000000e+00,-0.000000000000000000e+00,0.000000000000000000e+00,0.000000000000000000e+00,-9.551649729647732068e-02,-0.000000000000000000e+00,0.000000000000000000e+00,-0.000000000000000000e+00,-5.303103311677433984e-01,0.000000000000000000e+00,-0.000000000000000000e+00,0.000000000000000000e+00,-2.215458027826570642e-01,-3.209675347911255527e-01
-1.262288416602904556e-02,-2.885433601215109944e-01,-0.000000000000000000e+00,0.000000000000000000e+00,-0.000000000000000000e+00,-7.441537096096947912e-02,0.000000000000000000e+00,0.000000000000000000e+00,0.000000000000000000e+00,1.865846095406633376e+00,-0.000000000000000000e+00,0.000000000000000000e+00,0.000000000000000000e+00,-5.545526335105636223e-02,0.000000000000000000e+00,-1.071884350875900310e-01,-0.000000000000000000e+00,0.000000000000000000e+00,0.000000000000000000e+00,2.450365723879878812e-04,-0.000000000000000000e+00,0.000000000000000000e+00,-0.000000000000000000e+00,-1.949185716041260119e-01,-1.396246030757835321e-01,-0.000000000000000000e+00,-0.000000000000000000e+00,-0.000000000000000000e+00,-2.742723388671943208e-01,-0.000000000000000000e+00,-0.000000000000000000e+00,-5.273223892379581140e-02,-0.000000000000000000e+00,0.000000000000000000e+00,-2.103325761850769471e-01,-7.534063704228551039e-02,-5.256488630964181175e-01,0.000000000000000000e+00,0.000000000000000000e+00
-0.000000000000000000e+00,-0.000000000000000000e+00,-0.000000000000000000e+00,-0.000000000000000000e+00,-2.532843901455549829e-01,-0.000000000000000000e+00,0.000000000000000000e+00,1.025552388555217298e-01,-0.000000000000000000e+00,-0.000000000000000000e+00,1.234828435749701914e+00,-0.000000000000000000e+00,-0.000000000000000000e+00,-2.835762659011212272e-02,0.000000000000000000e+00,-0.000000000000000000e+00,-9.197925574036480700e-03,-0.000000000000000000e+00,-0.000000000000000000e+00,0.000000000000000000e+00,0.000000000000000000e+00,0.000000000000000000e+00,-1.737819157728198172e-01,-5.336637631429886480e-02,-1.141373124894615350e-02,0.000000000000000000e+00,-0.000000000000000000e+00,0.000000000000000000e+00,0.000000000000000000e+00,-0.000000000000000000e+00,-0.000000000000000000e+00,-2.872762759241004882e-01,-0.000000000000000000e+00,-0.000000000000000000e+00,-0.000000000000000000e+00,-0.000000000000000000e+00,-0.000000000000000000e+00,-0.000000000000000000e+00,-0.000000000000000000e+00
0.000000000000000000e+00,0.000000000000000000e+00,-0.000000000000000000e+00,-3.448563403396540661e-01,-0.000000000000000000e+00,3.609531677750364431e-01,-2.244396448890032258e-01,0.000000000000000000e+00,-2.591191115002391965e-01,0.000000000000000000e+00,-0.000000000000000000e+00,2.930668647057677045e+00,-0.000000000000000000e+00,0.000000000000000000e+00,-3.003324778306089571e-01,-0.000000000000000000e+00,0.000000000000000000e+00,-1.922922888238322581e-01,-4.038386408988411391e-01,-0.000000000000000000e+00,0.000000000000000000e+00,-1.022472725862918694e-02,-1.175488381195776359e-05,0.000000000000000000e+00,0.000000000000000000e+00,0.000000000000000000e+00,-0.000000000000000000e+00,0.000000000000000000e+00,2.055570319902244036e-01,-0.000000000000000000e+00,-0.000000000000000000e+00,0.000000000000000000e+00,-0.000000000000000000e+00,-1.769444411971543563e-01,0.000000000000000000e+00,-0.000000000000000000e+00,2.693527759644308572e-01,-0.000000000000000000e+00,-3.503496729308229751e-01
-0.000000000000000000e+00,0.000000000000000000e+00,-0.000000000000000000e+00,-3.325217951935364319e-02,-4.445610542611266869e-02,0.000000000000000000e+00,0.000000000000000000e+00,-0.000000000000000000e+00,-1.171237267500781741e-02,0.000000000000000000e+00,-0.000000000000000000e+00,-0.000000000000000000e+00,1.739903870588297652e+00,0.000000000000000000e+00,-1.418946487657048172e-01,0.000000000000000000e+00,-0.000000000000000000e+00,-2.776514979048234077e-01,-0.000000000000000000e+00,0.000000000000000000e+00,1.206132738075716554e-01,0.000000000000000000e+00,-0.000000000000000000e+00,0.000000000000000000e+00,-0.000000000000000000e+00,-0.000000000000000000e+00,4.344583400600403045e-01,0.000000000000000000e+00,0.000000000000000000e+00,-0.000000000000000000e+00,8.992837842994368114e-02,2.161210822323549607e-01,0.000000000000000000e+00,-4.665651617330077161e-02,2.329596416349561383e-01,0.000000000000000000e+00,0.000000000000000000e+00,-2.695607526674567156e-01,-0.000000000000000000e+00
-2.824117715021260411e-01,-1.239938286341738943e-01,-0.000000000000000000e+00,0.000000000000000000e+00,-1.762100549722133147e-01,-0.000000000000000000e+00,0.000000000000000000e+00,0.000000000000000000e+00,-0.000000000000000000e+00,-5.545526335105636223e-02,-2.835762659011212272e-02,0.000000000000000000e+00,0.000000000000000000e+00,1.924554288818960179e+00,-0.000000000000000000e+00,-5.008014983274163834e-01,-0.000000000000000000e+00,0.000000000000000000e+00,-0.000000000000000000e+00,-0.000000000000000000e+00,-0.000000000000000000e+00,-0.000000000000000000e+00,-1.217355138923243429e-01,-2.472563134296429099e-01,-1.434464757106311272e-01,-0.000000000000000000e+00,-0.000000000000000000e+00,-0.000000000000000000e+00,-0.000000000000000000e+00,-0.000000000000000000e+00,-0.000000000000000000e+00,-0.000000000000000000e+00,-4.419253039275120032e-01,-0.000000000000000000e+00,-7.090038468705128771e-02,-4.313211060689480653e-02,-0.000000000000000000e+00,-0.000000000000000000e+00,-0.000000000000000000e+00
-0.000000000000000000e+00,0.000000000000000000e+00,-0.000000000000000000e+00,-2.237236871791084269e-01,-0.000000000000000000e+00,2.395953163071056768e-01,-0.000000000000000000e+00,-0.000000000000000000e+00,-2.113483342540050935e-01,0.000000000000000000e+00,0.000000000000000000e+00,-3.003324778306089571e-01,-1.418946487657048172e-01,-0.000000000000000000e+00,2.585627290487093610e+00,-0.000000000000000000e+00,0.000000000000000000e+00,-1.656759012626606575e-01,-2.963494395229672729e-01,-1.200074518321873063e-01,-0.000000000000000000e+00,-7.236854505334949783e-02,-0.000000000000000000e+00,0.000000000000000000e+00,-0.000000000000000000e+00,-0.000000000000000000e+00,0.000000000000000000e+00,0.000000000000000000e+00,0.000000000000000000e+00,-0.000000000000000000e+00,-0.000000000000000000e+00,1.975436388852483127e-01,-0.000000000000000000e+00,-2.602927333699881496e-01,1.149601994837366470e-01,-0.000000000000000000e+00,2.608946973124274052e-02,-4.465125221666064181e-01,-0.000000000000000000e+00
-0.000000000000000000e+00,-1.464534133482187084e-01,-0.000000000000000000e+00,-0.000000000000000000e+00,-0.000000000000000000e+00,0.000000000000000000e+00,-0.000000000000000000e+00,0.000000000000000000e+00,-0.000000000000000000e+00,-1.071884350875900310e-01,-0.000000000000000000e+00,-0.000000000000000000e+00,0.000000000000000000e+00,-5.008014983274163834e-01,-0.000000000000000000e+00,1.784221163457700987e+00,0.000000000000000000e+00,-0.000000000000000000e+00,-0.000000000000000000e+00,-0.000000000000000000e+00,-0.000000000000000000e+00,-0.000000000000000000e+00,-1.279578236708215910e-01,-0.000000000000000000e+00,-0.000000000000000000e+00,-3.018819952300387174e-02,-0.000000000000000000e+00,-0.000000000000000000e+00,-0.000000000000000000e+00,-2.308981764053451846e-01,-2.335288987258418436e-01,-0.000000000000000000e+00,-0.000000000000000000e+00,-0.000000000000000000e+00,-0.000000000000000000e+00,-4.769258192305808053e-01,-0.000000000000000000e+00,-0.000000000000000000e+00,-0.000000000000000000e+00
-2.137750799991250672e-01,-0.000000000000000000e+00,0.000000000000000000e+00,0.000000000000000000e+00,-0.000000000000000000e+00,-1.552142562896854094e-01,6.280584200326440047e-01,-0.000000000000000000e+00,0.000000000000000000e+00,-0.000000000000000000e+00,-9.197925574036480700e-03,0.000000000000000000e+00,-0.000000000000000000e+00,-0.000000000000000000e+00,0.000000000000000000e+00,0.000000000000000000e+00,1.764543302685624093e+00,0.000000000000000000e+00,0.000000000000000000e+00,8.691811669937933582e-02,0.000000000000000000e+00,5.092255337777106677e-02,0.000000000000000000e+00,-0.000000000000000000e+00,-1.429944188526797166e-01,-0.000000000000000000e+00,2.805846390749172289e-02,-0.000000000000000000e+00,-2.894484269544695398e-01,-0.000000000000000000e+00,0.000000000000000000e+00,-0.000000000000000000e+00,-0.000000000000000000e+00,0.000000000000000000e+00,-0.000000000000000000e+00,0.000000000000000000e+00,-1.532929647815340080e-01,-0.000000000000000000e+00,0.000000000000000000e+00
-0.000000000000000000e+00,0.000000000000000000e+00,-3.420306947893372307e-01,-5.388823259136177324e-01,-7.439433636523291177e-03,0.000000000000000000e+00,-0.000000000000000000e+00,0.000000000000000000e+00,-3.057909011932642973e-01,0.000000000000000000e+00,-0.000000000000000000e+00,-1.922922888238322581e-01,-2.776514979048234077e-01,0.000000000000000000e+00,-1.656759012626606575e-01,-0.000000000000000000e+00,0.000000000000000000e+00,2.534778589953337047e+00,-3.922234107198436237e-01,-0.000000000000000000e+00,0.000000000000000000e+00,-0.000000000000000000e+00,-0.000000000000000000e+00,-0.000000000000000000e+00,-0.000000000000000000e+00,0.000000000000000000e+00,0.000000000000000000e+00,8.125581584726303264e-02,0.000000000000000000e+00,-0.000000000000000000e+00,0.000000000000000000e+00,0.000000000000000000e+00,0.000000000000000000e+00,-0.000000000000000000e+00,7.006783067147814847e-02,-0.000000000000000000e+00,0.000000000000000000e+00,-1.287702359533237362e-01,-1.358857636280596803e-01
-0.000000000000000000e+00,0.000000000000000000e+00,-8.859430813411414696e-02,-2.171520756070405012e-01,-0.000000000000000000e+00,2.278739068939443779e-01,-1.862753191819216956e-03,0.000000000000000000e+00,-3.271077172339830752e-01,0.000000000000000000e+00,-0.000000000000000000e+00,-4.038386408988411391e-01,-0.000000000000000000e+00,-0.000000000000000000e+00,-2.963494395229672729e-01,-0.000000000000000000e+00,0.000000000000000000e+00,-3.922234107198436237e-01,2.699796288775671904e+00,-0.000000000000000000e+00,0.000000000000000000e+00,-3.680260293257608950e-02,-1.540514549422482005e-01,0.000000000000000000e+00,-0.000000000000000000e+00,-0.000000000000000000e+00,-0.000000000000000000e+00,0.000000000000000000e+00,0.000000000000000000e+00,-0.000000000000000000e+00,-0.000000000000000000e+00,0.000000000000000000e+00,-0.000000000000000000e+00,-4.438348324860042632e-02,0.000000000000000000e+00,-0.000000000000000000e+00,0.000000000000000000e+00,-2.985542797329169828e-01,-2.474780920231242354e-01
-0.000000000000000000e+00,0.000000000000000000e+00,-0.000000000000000000e+00,-0.000000000000000000e+00,0.000000000000000000e+00,2.552673154178340398e-01,-0.000000000000000000e+00,-0.000000000000000000e+00,-0.000000000000000000e+00,2.450365723879878812e-04,0.000000000000000000e+00,-0.000000000000000000e+00,0.000000000000000000e+00,-0.000000000000000000e+00,-1.200074518321873063e-01,-0.000000000000000000e+00,8.691811669937933582e-02,-0.000000000000000000e+00,-0.000000000000000000e+00,1.659049547132631419e+00,-3.626960068141044102e-01,-6.020188159514365811e-01,-0.000000000000000000e+00,0.000000000000000000e+00,0.000000000000000000e+00,-9.197056810553215500e-02,-0.000000000000000000e+00,-0.000000000000000000e+00,0.000000000000000000e+00,-0.000000000000000000e+00,-0.000000000000000000e+00,0.000000000000000000e+00,-0.000000000000000000e+00,-0.000000000000000000e+00,0.000000000000000000e+00,-0.000000000000000000e+00,0.000000000000000000e+00,-1.118060367851993024e-02,-0.000000000000000000e+00
-0.000000000000000000e+00,-0.000000000000000000e+00,0.000000000000000000e+00,0.000000000000000000e+00,0.000000000000000000e+00,0.000000000000000000e+00,-0.000000000000000000e+00,-0.000000000000000000e+00,0.000000000000000000e+00,-0.000000000000000000e+00,0.000000000000000000e+00,0.000000000000000000e+00,1.206132738075716554e-01,-0.000000000000000000e+00,-0.000000000000000000e+00,-0.000000000000000000e+00,0.000000000000000000e+00,0.000000000000000000e+00,0.000000000000000000e+00,-3.626960068141044102e-01,1.792213125753894021e+00,-3.702453079125087032e-01,-0.000000000000000000e+00,-0.000000000000000000e+00,0.000000000000000000e+00,-2.515243501329178510e-02,-0.000000000000000000e+00,-4.963312728004334318e-01,0.000000000000000000e+00,-0.000000000000000000e+00,-2.575804000430289564e-01,-0.000000000000000000e+00,-1.738608545888981338e-01,0.000000000000000000e+00,-0.000000000000000000e+00,-3.245573121843119135e-02,-0.000000000000000000e+00,-0.000000000000000000e+00,0.000000000000000000e+00
-0.000000000000000000e+00,-0.000000000000000000e+00,-0.000000000000000000e+00,-0.000000000000000000e+00,-0.000000000000000000e+00,3.616064297565535490e-02,-1.360701182177844193e-01,-0.000000000000000000e+00,-0.000000000000000000e+00,0.000000000000000000e+00,0.000000000000000000e+00,-1.022472725862918694e-02,0.000000000000000000e+00,-0.000000000000000000e+00,-7.236854505334949783e-02,-0.000000000000000000e+00,5.092255337777106677e-02,-0.000000000000000000e+00,-3.680260293257608950e-02,-6.020188159514365811e-01,-3.702453079125087032e-01,2.019609596813645158e+00,-3.355868881605774540e-02,0.000000000000000000e+00,-0.000000000000000000e+00,-0.000000000000000000e+00,-0.000000000000000000e+00,-0.000000000000000000e+00,0.000000000000000000e+00,-0.000000000000000000e+00,-3.630000594681205284e-01,0.000000000000000000e+00,-4.133873229350675249e-01,-1.352196504567686475e-01,0.000000000000000000e+00,-0.000000000000000000e+00,0.000000000000000000e+00,-0.000000000000000000e+00,-0.000000000000000000e+00
-0.000000000000000000e+00,-0.000000000000000000e+00,-2.621486805818984411e-01,-0.000000000000000000e+00,-2.078082774815450673e-01,0.000000000000000000e+00,-0.000000000000000000e+00,0.000000000000000000e+00,-1.227116395200834598e-01,-0.000000000000000000e+00,-1.737819157728198172e-01,-1.175488381195776359e-05,-0.000000000000000000e+00,-1.217355138923243429e-01,-0.000000000000000000e+00,-1.279578236708215910e-01,0.000000000000000000e+00,-0.000000000000000000e+00,-1.540514549422482005e-01,-0.000000000000000000e+00,-0.000000000000000000e+00,-3.355868881605774540e-02,2.138576054046472219e+00,-0.000000000000000000e+00,-1.800633032514767917e-01,-0.000000000000000000e+00,-0.000000000000000000e+00,0.000000000000000000e+00,0.000000000000000000e+00,-3.927574294277579869e-01,-0.000000000000000000e+00,-0.000000000000000000e+00,-0.000000000000000000e+00,-1.907815282828000114e-01,0.000000000000000000e+00,-0.000000000000000000e+00,0.000000000000000000e+00,-1.194001903125280206e-01,-3.028655979365155737e-01
-0.000000000000000000e+00,-0.000000000000000000e+00,-0.000000000000000000e+00,0.000000000000000000e+00,-0.000000000000000000e+00,-0.000000000000000000e+00,0.000000000000000000e+00,6.328647186130265112e-02,0.000000000000000000e+00,-1.949185716041260119e-01,-5.336637631429886480e-02,0.000000000000000000e+00,0.000000000000000000e+00,-2.472563134296429099e-01,0.000000000000000000e+00,-0.000000000000000000e+00,-0.000000000000000000e+00,-0.000000000000000000e+00,0.000000000000000000e+00,0.000000000000000000e+00,-0.000000000000000000e+00,0.000000000000000000e+00,-0.000000000000000000e+00,1.461232566518005038e+00,-4.808825562567621281e-01,-0.000000000000000000e+00,-0.000000000000000000e+00,-0.000000000000000000e+00,-0.000000000000000000e+00,-0.000000000000000000e+00,-0.000000000000000000e+00,-5.000508611963207228e-02,-0.000000000000000000e+00,-0.000000000000000000e+00,-6.583431784486265537e-02,-0.000000000000000000e+00,-9.284636689659153674e-02,-0.000000000000000000e+00,-0.000000000000000000e+00
-2.013314247074265706e-01,-0.000000000000000000e+00,-9.732255377166240673e-02,-0.000000000000000000e+00,-1.460725708164244130e-01,-0.000000000000000000e+00,0.000000000000000000e+00,0.000000000000000000e+00,-0.000000000000000000e+00,-1.396246030757835321e-01,-1.141373124894615350e-02,0.000000000000000000e+00,-0.000000000000000000e+00,-1.434464757106311272e-01,-0.000000000000000000e+00,-0.000000000000000000e+00,-1.429944188526797166e-01,-0.000000000000000000e+00,-0.000000000000000000e+00,0.000000000000000000e+00,0.000000000000000000e+00,-0.000000000000000000e+00,-1.800633032514767917e-01,-4.808825562567621281e-01,1.710653773952690582e+00,-9.317239075634227430e-02,0.000000000000000000e+00,-0.000000000000000000e+00,-0.000000000000000000e+00,-2.500462343301198542e-01,-0.000000000000000000e+00,-0.000000000000000000e+00,-2.011986952505641531e-03,-0.000000000000000000e+00,-0.000000000000000000e+00,-0.000000000000000000e+00,-0.000000000000000000e+00,-0.000000000000000000e+00,-0.000000000000000000e+00
-3.659856590198357629e-01,0.000000000000000000e+00,-0.000000000000000000e+00,0.000000000000000000e+00,-0.000000000000000000e+00,-0.000000000000000000e+00,0.000000000000000000e+00,-0.000000000000000000e+00,0.000000000000000000e+00,-0.000000000000000000e+00,0.000000000000000000e+00,0.000000000000000000e+00,-0.000000000000000000e+00,-0.000000000000000000e+00,-0.000000000000000000e+00,-3.018819952300387174e-02,-0.000000000000000000e+00,0.000000000000000000e+00,-0.000000000000000000e+00,-9.197056810553215500e-02,-2.515243501329178510e-02,-0.000000000000000000e+00,-0.000000000000000000e+00,-0.000000000000000000e+00,-9.317239075634227430e-02,1.788332188712393744e+00,0.000000000000000000e+00,-7.780610085616438409e-01,-0.000000000000000000e+00,-0.000000000000000000e+00,-0.000000000000000000e+00,0.000000000000000000e+00,-1.905915314611115186e-01,-0.000000000000000000e+00,-0.000000000000000000e+00,-1.041632380072420316e-01,-0.000000000000000000e+00,-8.713271570053683635e-02,0.000000000000000000e+00
0.000000000000000000e+00,-1.154218866594819426e-02,-0.000000000000000000e+00,0.000000000000000000e+00,0.000000000000000000e+00,0.000000000000000000e+00,-3.027090073956241190e-01,4.106264595240303133e-05,-0.000000000000000000e+00,-0.000000000000000000e+00,-0.000000000000000000e+00,-0.000000000000000000e+00,4.344583400600403045e-01,-0.000000000000000000e+00,0.000000000000000000e+00,-0.000000000000000000e+00,2.805846390749172289e-02,0.000000000000000000e+00,-0.000000000000000000e+00,-0.000000000000000000e+00,-0.000000000000000000e+00,-0.000000000000000000e+00,-0.000000000000000000e+00,-0.000000000000000000e+00,0.000000000000000000e+00,0.000000000000000000e+00,1.817071483891831818e+00,0.000000000000000000e+00,0.000000000000000000e+00,-0.000000000000000000e+00,-8.351799481161816807e-01,-1.942261062658997561e-01,-0.000000000000000000e+00,0.000000000000000000e+00,-0.000000000000000000e+00,-8.171099559407139779e-02,-0.000000000000000000e+00,0.000000000000000000e+00,-0.000000000000000000e+00
-6.520200367627923543e-02,-0.000000000000000000e+00,0.000000000000000000e+00,4.148337826192723815e-03,0.000000000000000000e+00,-0.000000000000000000e+00,0.000000000000000000e+00,-0.000000000000000000e+00,0.000000000000000000e+00,-0.000000000000000000e+00,0.000000000000000000e+00,0.000000000000000000e+00,0.000000000000000000e+00,-0.000000000000000000e+00,0.000000000000000000e+00,-0.000000000000000000e+00,-0.000000000000000000e+00,8.125581584726303264e-02,0.000000000000000000e+00,-0.000000000000000000e+00,-4.963312728004334318e-01,-0.000000000000000000e+00,0.000000000000000000e+00,-0.000000000000000000e+00,-0.000000000000000000e+00,-7.780610085616438409e-01,0.000000000000000000e+00,1.957720229394872558e+00,-3.186247661702082956e-01,-0.000000000000000000e+00,-0.000000000000000000e+00,-0.000000000000000000e+00,-1.913417390526580830e-01,0.000000000000000000e+00,-7.711455147833189139e-02,-0.000000000000000000e+00,-2.762968980394417060e-02,-0.000000000000000000e+00,1.140883083647178386e-01
-2.409316319862856992e-01,-0.000000000000000000e+00,0.000000000000000000e+00,0.000000000000000000e+00,0.000000000000000000e+00,-2.088782490831667948e-01,4.814669909582133811e-01,-0.000000000000000000e+00,0.000000000000000000e+00,-2.742723388671943208e-01,0.000000000000000000e+00,2.055570319902244036e-01,0.000000000000000000e+00,-0.000000000000000000e+00,0.000000000000000000e+00,-0.000000000000000000e+00,-2.894484269544695398e-01,0.000000000000000000e+00,0.000000000000000000e+00,0.000000000000000000e+00,0.000000000000000000e+00,0.000000000000000000e+00,0.000000000000000000e+00,-0.000000000000000000e+00,-0.000000000000000000e+00,-0.000000000000000000e+00,0.000000000000000000e+00,-3.186247661702082956e-01,2.322193286194262019e+00,0.000000000000000000e+00,0.000000000000000000e+00,-0.000000000000000000e+00,-0.000000000000000000e+00,0.000000000000000000e+00,-1.664980147952196260e-02,-0.000000000000000000e+00,-4.462354342126308437e-01,0.000000000000000000e+00,1.636552483892551590e-01
-2.488732327860089799e-01,-0.000000000000000000e+00,-4.553445180592967656e-01,-0.000000000000000000e+00,-2.318454888262622693e-01,0.000000000000000000e+00,-0.000000000000000000e+00,0.000000000000000000e+00,-9.551649729647732068e-02,-0.000000000000000000e+00,-0.000000000000000000e+00,-0.000000000000000000e+00,-0.000000000000000000e+00,-0.000000000000000000e+00,-0.000000000000000000e+00,-2.308981764053451846e-01,-0.000000000000000000e+00,-0.000000000000000000e+00,-0.000000000000000000e+00,-0.000000000000000000e+00,-0.000000000000000000e+00,-0.000000000000000000e+00,-3.927574294277579869e-01,-0.000000000000000000e+00,-2.500462343301198542e-01,-0.000000000000000000e+00,-0.000000000000000000e+00,-0.000000000000000000e+00,0.000000000000000000e+00,2.040238605895873025e+00,-0.000000000000000000e+00,-0.000000000000000000e+00,-0.000000000000000000e+00,-2.652023071603661769e-02,0.000000000000000000e+00,-0.000000000000000000e+00,-0.000000000000000000e+00,-2.298279553731059077e-01,-0.000000000000000000e+00
-0.000000000000000000e+00,-2.387127823822903505e-01,-0.000000000000000000e+00,-0.000000000000000000e+00,-0.000000000000000000e+00,0.000000000000000000e+00,-1.115000567869253029e-01,0.000000000000000000e+00,-0.000000000000000000e+00,-0.000000000000000000e+00,-0.000000000000000000e+00,-0.000000000000000000e+00,8.992837842994368114e-02,-0.000000000000000000e+00,-0.000000000000000000e+00,-2.335288987258418436e-01,0.000000000000000000e+00,0.000000000000000000e+00,-0.000000000000000000e+00,-0.000000000000000000e+00,-2.575804000430289564e-01,-3.630000594681205284e-01,-0.000000000000000000e+00,-0.000000000000000000e+00,-0.000000000000000000e+00,-0.000000000000000000e+00,-8.351799481161816807e-01,-0.000000000000000000e+00,0.000000000000000000e+00,-0.000000000000000000e+00,2.089211563349772760e+00,-0.000000000000000000e+00,-1.217000425966281024e-01,-0.000000000000000000e+00,-0.000000000000000000e+00,-1.477749202765996916e-01,-0.000000000000000000e+00,-0.000000000000000000e+00,-0.000000000000000000e+00
-0.000000000000000000e+00,-4.659236837772011697e-01,0.000000000000000000e+00,0.000000000000000000e+00,-0.000000000000000000e+00,-0.000000000000000000e+00,0.000000000000000000e+00,0.000000000000000000e+00,0.000000000000000000e+00,-5.273223892379581140e-02,-2.872762759241004882e-01,0.000000000000000000e+00,2.161210822323549607e-01,-0.000000000000000000e+00,1.975436388852483127e-01,-0.000000000000000000e+00,-0.000000000000000000e+00,0.000000000000000000e+00,0.000000000000000000e+00,0.000000000000000000e+00,-0.000000000000000000e+00,0.000000000000000000e+00,-0.000000000000000000e+00,-5.000508611963207228e-02,-0.000000000000000000e+00,0.000000000000000000e+00,-1.942261062658997561e-01,-0.000000000000000000e+00,-0.000000000000000000e+00,-0.000000000000000000e+00,-0.000000000000000000e+00,1.884065919821782398e+00,-0.000000000000000000e+00,0.000000000000000000e+00,-4.928058566290147158e-01,-0.000000000000000000e+00,-1.726525137715218816e-01,0.000000000000000000e+00,0.000000000000000000e+00
-1.484069496116231963e-02,-0.000000000000000000e+00,-0.000000000000000000e+00,0.000000000000000000e+00,-0.000000000000000000e+00,0.000000000000000000e+00,0.000000000000000000e+00,-0.000000000000000000e+00,-0.000000000000000000e+00,-0.000000000000000000e+00,-0.000000000000000000e+00,-0.000000000000000000e+00,0.000000000000000000e+00,-4.419253039275120032e-01,-0.000000000000000000e+00,-0.000000000000000000e+00,-0.000000000000000000e+00,0.000000000000000000e+00,-0.000000000000000000e+00,-0.000000000000000000e+00,-1.738608545888981338e-01,-4.133873229350675249e-01,-0.000000000000000000e+00,-0.000000000000000000e+00,-2.011986952505641531e-03,-1.905915314611115186e-01,-0.000000000000000000e+00,-1.913417390526580830e-01,-0.000000000000000000e+00,-0.000000000000000000e+00,-1.217000425966281024e-01,-0.000000000000000000e+00,1.666442249379992857e+00,-0.000000000000000000e+00,-0.000000000000000000e+00,-0.000000000000000000e+00,-0.000000000000000000e+00,-0.000000000000000000e+00,-0.000000000000000000e+00
-0.000000000000000000e+00,0.000000000000000000e+00,-1.799803650288065160e-01,-3.624798119502856686e-01,-2.818244386635789245e-01,8.440111740992812389e-03,-0.000000000000000000e+00,0.000000000000000000e+00,-5.303103311677433984e-01,0.000000000000000000e+00,-0.000000000000000000e+00,-1.769444411971543563e-01,-4.665651617330077161e-02,-0.000000000000000000e+00,-2.602927333699881496e-01,-0.000000000000000000e+00,0.000000000000000000e+00,-0.000000000000000000e+00,-4.438348324860042632e-02,-0.000000000000000000e+00,0.000000000000000000e+00,-1.352196504567686475e-01,-1.907815282828000114e-01,-0.000000000000000000e+00,-0.000000000000000000e+00,-0.000000000000000000e+00,0.000000000000000000e+00,0.000000000000000000e+00,0.000000000000000000e+00,-2.652023071603661769e-02,-0.000000000000000000e+00,0.000000000000000000e+00,-0.000000000000000000e+00,2.490147192470163251e+00,0.000000000000000000e+00,-0.000000000000000000e+00,0.000000000000000000e+00,-1.970051207322814080e-01,-1.375824507842906275e-01
-0.000000000000000000e+00,-0.000000000000000000e+00,0.000000000000000000e+00,2.531025288817790320e-01,0.000000000000000000e+00,-3.710642864120752057e-03,0.000000000000000000e+00,0.000000000000000000e+00,0.000000000000000000e+00,-2.103325761850769471e-01,-0.000000000000000000e+00,0.000000000000000000e+00,2.329596416349561383e-01,-7.090038468705128771e-02,1.149601994837366470e-01,-0.000000000000000000e+00,-0.000000000000000000e+00,7.006783067147814847e-02,0.000000000000000000e+00,0.000000000000000000e+00,-0.000000000000000000e+00,0.000000000000000000e+00,0.000000000000000000e+00,-6.583431784486265537e-02,-0.000000000000000000e+00,-0.000000000000000000e+00,-0.000000000000000000e+00,-7.711455147833189139e-02,-1.664980147952196260e-02,0.000000000000000000e+00,-0.000000000000000000e+00,-4.928058566290147158e-01,-0.000000000000000000e+00,0.000000000000000000e+00,2.020838042287373515e+00,-4.779646785077336368e-02,-4.848556640757382130e-01,0.000000000000000000e+00,0.000000000000000000e+00
-0.000000000000000000e+00,-1.318374950429264218e-02,-0.000000000000000000e+00,0.000000000000000000e+00,-0.000000000000000000e+00,0.000000000000000000e+00,-0.000000000000000000e+00,2.814684088716848387e-02,-0.000000000000000000e+00,-7.534063704228551039e-02,-0.000000000000000000e+00,-0.000000000000000000e+00,0.000000000000000000e+00,-4.313211060689480653e-02,-0.000000000000000000e+00,-4.769258192305808053e-01,0.000000000000000000e+00,-0.000000000000000000e+00,-0.000000000000000000e+00,-0.000000000000000000e+00,-3.245573121843119135e-02,-0.000000000000000000e+00,-0.000000000000000000e+00,-0.000000000000000000e+00,-0.000000000000000000e+00,-1.041632380072420316e-01,-8.171099559407139779e-02,-0.000000000000000000e+00,-0.000000000000000000e+00,-0.000000000000000000e+00,-1.477749202765996916e-01,-0.000000000000000000e+00,-0.000000000000000000e+00,-0.000000000000000000e+00,-4.779646785077336368e-02,1.374203726494854116e+00,-0.000000000000000000e+00,-0.000000000000000000e+00,-0.000000000000000000e+00
-0.000000000000000000e+00,-0.000000000000000000e+00,0.000000000000000000e+00,8.887173059197225888e-02,0.000000000000000000e+00,-4.086571752153012604e-01,0.000000000000000000e+00,0.000000000000000000e+00,0.000000000000000000e+00,-5.256488630964181175e-01,-0.000000000000000000e+00,2.693527759644308572e-01,0.000000000000000000e+00,-0.000000000000000000e+00,2.608946973124274052e-02,-0.000000000000000000e+00,-1.532929647815340080e-01,0.000000000000000000e+00,0.000000000000000000e+00,0.000000000000000000e+00,-0.000000000000000000e+00,0.000000000000000000e+00,0.000000000000000000e+00,-9.284636689659153674e-02,-0.000000000000000000e+00,-0.000000000000000000e+00,-0.000000000000000000e+00,-2.762968980394417060e-02,-4.462354342126308437e-01,-0.000000000000000000e+00,-0.000000000000000000e+00,-1.726525137715218816e-01,-0.000000000000000000e+00,0.000000000000000000e+00,-4.848556640757382130e-01,-0.000000000000000000e+00,2.472331559553479607e+00,0.000000000000000000e+00,0.000000000000000000e+00
-5.917517575346495362e-02,0.000000000000000000e+00,-6.179419463995160233e-02,-0.000000000000000000e+00,-9.094984847398727978e-02,0.000000000000000000e+00,-0.000000000000000000e+00,0.000000000000000000e+00,-2.215458027826570642e-01,0.000000000000000000e+00,-0.000000000000000000e+00,-0.000000000000000000e+00,-2.695607526674567156e-01,-0.000000000000000000e+00,-4.465125221666064181e-01,-0.000000000000000000e+00,-0.000000000000000000e+00,-1.287702359533237362e-01,-2.985542797329169828e-01,-1.118060367851993024e-02,-0.000000000000000000e+00,-0.000000000000000000e+00,-1.194001903125280206e-01,-0.000000000000000000e+00,-0.000000000000000000e+00,-8.713271570053683635e-02,0.000000000000000000e+00,-0.000000000000000000e+00,0.000000000000000000e+00,-2.298279553731059077e-01,-0.000000000000000000e+00,0.000000000000000000e+00,-0.000000000000000000e+00,-1.970051207322814080e-01,0.000000000000000000e+00,-0.000000000000000000e+00,0.000000000000000000e+00,2.128914424019657581e+00,-0.000000000000000000e+00
0.000000000000000000e+00,-0.000000000000000000e+00,-2.131633377237372035e-02,-9.916527144364425950e-02,-0.000000000000000000e+00,1.326515057972095235e-01,-3.238977293600298624e-01,0.000000000000000000e+00,-3.209675347911255527e-01,0.000000000000000000e+00,-0.000000000000000000e+00,-3.503496729308229751e-01,-0.000000000000000000e+00,-0.000000000000000000e+00,-0.000000000000000000e+00,-0.000000000000000000e+00,0.000000000000000000e+00,-1.358857636280596803e-01,-2.474780920231242354e-01,-0.000000000000000000e+00,0.000000000000000000e+00,-0.000000000000000000e+00,-3.028655979365155737e-01,-0.000000000000000000e+00,-0.000000000000000000e+00,0.000000000000000000e+00,-0.000000000000000000e+00,1.140883083647178386e-01,1.636552483892551590e-01,-0.000000000000000000e+00,-0.000000000000000000e+00,0.000000000000000000e+00,-0.000000000000000000e+00,-1.375824507842906275e-01,0.000000000000000000e+00,-0.000000000000000000e+00,0.000000000000000000e+00,-0.000000000000000000e+00,2.285951107425764128e+00
