1.990884670138384882e+00,-0.000000000000000000e+00,-0.000000000000000000e+00,0.000000000000000000e+00,-0.000000000000000000e+00,0.000000000000000000e+00,0.000000000000000000e+00,1.774628660011041137e-01,-0.000000000000000000e+00,0.000000000000000000e+00,2.220929036813290569e-01,2.520274068605513618e-01,-0.000000000000000000e+00,0.000000000000000000e+00,-0.000000000000000000e+00,-0.000000000000000000e+00,-0.000000000000000000e+00,-0.000000000000000000e+00,-0.000000000000000000e+00,-0.000000000000000000e+00,-0.000000000000000000e+00,4.172397722070973064e-02,-0.000000000000000000e+00,0.000000000000000000e+00,-0.000000000000000000e+00,-8.868033300554000187e-01,0.000000000000000000e+00,-0.000000000000000000e+00,-3.881252524785318569e-01,0.000000000000000000e+00,0.000000000000000000e+00,-0.000000000000000000e+00,0.000000000000000000e+00,0.000000000000000000e+00,-0.000000000000000000e+00,-0.000000000000000000e+00,-0.000000000000000000e+00,-2.903857319261622383e-01,0.000000000000000000e+00
-0.000000000000000000e+00,2.180518092813585884e+00,-0.000000000000000000e+00,-0.000000000000000000e+00,-0.000000000000000000e+00,-0.000000000000000000e+00,-0.000000000000000000e+00,0.000000000000000000e+00,-3.516015905578727674e-01,-0.000000000000000000e+00,-0.000000000000000000e+00,-0.000000000000000000e+00,8.280635762930990684e-02,-0.000000000000000000e+00,0.000000000000000000e+00,0.000000000000000000e+00,2.651026075368190793e-01,-0.000000000000000000e+00,-0.000000000000000000e+00,-0.000000000000000000e+00,-0.000000000000000000e+00,-0.000000000000000000e+00,-0.000000000000000000e+00,0.000000000000000000e+00,0.000000000000000000e+00,-0.000000000000000000e+00,-2.666229844688955408e-02,6.175358930796215340e-02,0.000000000000000000e+00,-0.000000000000000000e+00,-7.264113670845767645e-02,-6.899916408249017197e-01,0.000000000000000000e+00,-0.000000000000000000e+00,-9.338639319187445886e-02,-0.000000000000000000e+00,-2.308125302999549655e-01,-2.700889108217407464e-01,-2.724937832887027733e-01
-0.000000000000000000e+00,-0.000000000000000000e+00,2.891496582184728048e+00,-0.000000000000000000e+00,-3.957584874418594856e-01,-0.000000000000000000e+00,-0.000000000000000000e+00,9.129361727631127854e-01,-5.033675826804205888e-01,-0.000000000000000000e+00,-0.000000000000000000e+00,-0.000000000000000000e+00,0.000000000000000000e+00,-0.000000000000000000e+00,-0.000000000000000000e+00,-0.000000000000000000e+00,0.000000000000000000e+00,-1.962095082445641236e-01,-2.568676599422689555e-01,-2.965162550746192616e-01,-5.202898923059845644e-03,-6.932457647120390809e-02,-8.014931322862797747e-02,-0.000000000000000000e+00,-0.000000000000000000e+00,-0.000000000000000000e+00,-0.000000000000000000e+00,-0.000000000000000000e+00,-0.000000000000000000e+00,-0.000000000000000000e+00,-0.000000000000000000e+00,-0.000000000000000000e+00,-0.000000000000000000e+00,-0.000000000000000000e+00,-8.488116525687001979e-02,-0.000000000000000000e+00,-2.272522027171799686e-01,-1.393324442375726557e-01,-6.760320951165972592e-03
0.000000000000000000e+00,-0.000000000000000000e+00,-0.000000000000000000e+00,2.184885545329484646e+00,-0.000000000000000000e+00,-0.000000000000000000e+00,-1.723619931735219726e-02,-0.000000000000000000e+00,-0.000000000000000000e+00,-2.481077424958465505e-01,-0.000000000000000000e+00,-1.252213126600619231e-01,0.000000000000000000e+00,-0.000000000000000000e+00,-0.000000000000000000e+00,-0.000000000000000000e+00,-0.000000000000000000e+00,-8.717815741837212640e-01,-1.385655348828032929e-01,-2.684364425822735600e-01,-0.000000000000000000e+00,-3.180925009602874609e-01,-0.000000000000000000e+00,-0.000000000000000000e+00,-0.000000000000000000e+00,0.000000000000000000e+00,-0.000000000000000000e+00,0.000000000000000000e+00,0.000000000000000000e+00,-0.000000000000000000e+00,-0.000000000000000000e+00,-0.000000000000000000e+00,-0.000000000000000000e+00,-0.000000000000000000e+00,-0.000000000000000000e+00,0.000000000000000000e+00,-0.000000000000000000e+00,-0.000000000000000000e+00,-0.000000000000000000e+00
-0.000000000000000000e+00,-0.000000000000000000e+00,-3.957584874418594856e-01,-0.000000000000000000e+00,2.701980271283292989e+00,-0.000000000000000000e+00,-0.000000000000000000e+00,2.813305131156093042e-01,-1.015871859560294604e-01,-0.000000000000000000e+00,-0.000000000000000000e+00,0.000000000000000000e+00,0.000000000000000000e+00,-1.797944927907240698e-01,0.000000000000000000e+00,-1.787412459288979794e-01,-0.000000000000000000e+00,-8.281492702223815228e-02,-0.000000000000000000e+00,-0.000000000000000000e+00,-0.000000000000000000e+00,-0.000000000000000000e+00,-6.923870077018499936e-02,-0.000000000000000000e+00,-3.273090611158111507e-01,-0.000000000000000000e+00,-0.000000000000000000e+00,-0.000000000000000000e+00,-0.000000000000000000e+00,-1.689183207518188123e-01,-0.000000000000000000e+00,-0.000000000000000000e+00,-4.013342409770069286e-01,-6.001408938908053131e-02,-0.000000000000000000e+00,-5.453677084639561023e-01,-1.511596807799983344e-01,-0.000000000000000000e+00,-0.000000000000000000e+00
0.000000000000000000e+00,-0.000000000000000000e+00,-0.000000000000000000e+00,-0.000000000000000000e+00,-0.000000000000000000e+00,1.106848716348619144e+00,0.000000000000000000e+00,0.000000000000000000e+00,-0.000000000000000000e+00,-0.000000000000000000e+00,-2.467647935192337702e-02,-0.000000000000000000e+00,1.156738000988423581e-01,-1.259978214040770837e-02,0.000000000000000000e+00,0.000000000000000000e+00,-0.000000000000000000e+00,0.000000000000000000e+00,-0.000000000000000000e+00,-0.000000000000000000e+00,-0.000000000000000000e+00,-0.000000000000000000e+00,-0.000000000000000000e+00,-0.000000000000000000e+00,-0.000000000000000000e+00,-0.000000000000000000e+00,-0.000000000000000000e+00,-0.000000000000000000e+00,-0.000000000000000000e+00,-0.000000000000000000e+00,-0.000000000000000000e+00,-2.530885348702332505e-01,-0.000000000000000000e+00,0.000000000000000000e+00,-0.000000000000000000e+00,-0.000000000000000000e+00,-2.848752895670838073e-02,0.000000000000000000e+00,-0.000000000000000000e+00
0.000000000000000000e+00,-0.000000000000000000e+00,-0.000000000000000000e+00,-1.723619931735219726e-02,-0.000000000000000000e+00,0.000000000000000000e+00,1.372224992181542369e+00,0.000000000000000000e+00,-0.000000000000000000e+00,-1.381673086228729364e-01,-0.000000000000000000e+00,-1.029621180750243531e-01,0.000000000000000000e+00,-0.000000000000000000e+00,0.000000000000000000e+00,-0.000000000000000000e+00,0.000000000000000000e+00,-0.000000000000000000e+00,-3.817807768870911528e-02,-1.553333454246099143e-01,-0.000000000000000000e+00,-2.052931001024918822e-01,-0.000000000000000000e+00,0.000000000000000000e+00,-0.000000000000000000e+00,0.000000000000000000e+00,-0.000000000000000000e+00,0.000000000000000000e+00,1.215997224775378360e-01,-0.000000000000000000e+00,-5.183482485227790953e-02,-0.000000000000000000e+00,-0.000000000000000000e+00,-0.000000000000000000e+00,-0.000000000000000000e+00,0.000000000000000000e+00,-0.000000000000000000e+00,-0.000000000000000000e+00,-1.362104132555890801e-01
1.774628660011041137e-01,0.000000000000000000e+00,9.129361727631127854e-01,-0.000000000000000000e+00,2.813305131156093042e-01,0.000000000000000000e+00,0.000000000000000000e+00,2.064867585770774561e+00,3.354350529729634850e-02,0.000000000000000000e+00,-0.000000000000000000e+00,-0.000000000000000000e+00,-0.000000000000000000e+00,0.000000000000000000e+00,-0.000000000000000000e+00,0.000000000000000000e+00,-0.000000000000000000e+00,0.000000000000000000e+00,0.000000000000000000e+00,0.000000000000000000e+00,0.000000000000000000e+00,0.000000000000000000e+00,0.000000000000000000e+00,0.000000000000000000e+00,0.000000000000000000e+00,2.013885738129589376e-01,-0.000000000000000000e+00,0.000000000000000000e+00,0.000000000000000000e+00,0.000000000000000000e+00,-0.000000000000000000e+00,0.000000000000000000e+00,0.000000000000000000e+00,0.000000000000000000e+00,0.000000000000000000e+00,1.665685749813562710e-01,0.000000000000000000e+00,1.141358463977820009e-01,0.000000000000000000e+00
-0.000000000000000000e+00,-3.516015905578727674e-01,-5.033675826804205888e-01,-0.000000000000000000e+00,-1.015871859560294604e-01,-0.000000000000000000e+00,-0.000000000000000000e+00,3.354350529729634850e-02,2.686441250343762910e+00,-0.000000000000000000e+00,0.000000000000000000e+00,-0.000000000000000000e+00,0.000000000000000000e+00,-0.000000000000000000e+00,-0.000000000000000000e+00,-0.000000000000000000e+00,0.000000000000000000e+00,-0.000000000000000000e+00,-9.355275421756699405e-02,-0.000000000000000000e+00,-0.000000000000000000e+00,-0.000000000000000000e+00,-0.000000000000000000e+00,-0.000000000000000000e+00,-0.000000000000000000e+00,-1.587616603936671880e-02,-0.000000000000000000e+00,0.000000000000000000e+00,-0.000000000000000000e+00,-3.627184749916439466e-01,-0.000000000000000000e+00,-2.196706231142443733e-01,-0.000000000000000000e+00,-1.877552987491277470e-01,-6.582100666690028634e-02,-1.624643448254970979e-01,-7.644963496978654516e-02,-6.522375525314580980e-01,-1.194193429573883747e-01
0.000000000000000000e+00,-0.000000000000000000e+00,-0.000000000000000000e+00,-2.481077424958465505e-01,-0.000000000000000000e+00,-0.000000000000000000e+00,-1.381673086228729364e-01,0.000000000000000000e+00,-0.000000000000000000e+00,2.963609558232082719e+00,-0.000000000000000000e+00,-4.572582017219080641e-01,0.000000000000000000e+00,-0.000000000000000000e+00,0.000000000000000000e+00,-0.000000000000000000e+00,0.000000000000000000e+00,-1.864301692421393153e-01,-1.446520296040520459e-01,-0.000000000000000000e+00,-0.000000000000000000e+00,-1.689409090656996404e-01,-0.000000000000000000e+00,-0.000000000000000000e+00,-0.000000000000000000e+00,0.000000000000000000e+00,-4.919898518864725401e-01,0.000000000000000000e+00,2.482628556952591048e-01,-3.462951309698036328e-01,-1.219568735981116786e-01,-7.516971304649902597e-02,-0.000000000000000000e+00,-0.000000000000000000e+00,-1.204578640780424280e-02,-0.000000000000000000e+00,-0.000000000000000000e+00,-0.000000000000000000e+00,-6.630758419650994995e-01
2.220929036813290569e-01,-0.000000000000000000e+00,-0.000000000000000000e+00,-0.000000000000000000e+00,-0.000000000000000000e+00,-2.467647935192337702e-02,-0.000000000000000000e+00,-0.000000000000000000e+00,0.000000000000000000e+00,-0.000000000000000000e+00,1.500849684403371853e+00,-0.000000000000000000e+00,0.000000000000000000e+00,-1.786744249702341136e-01,1.431073452519218414e-01,-0.000000000000000000e+00,-2.637625107705228178e-01,-0.000000000000000000e+00,-0.000000000000000000e+00,0.000000000000000000e+00,-1.907276530860084751e-01,-3.129440842820975233e-01,-0.000000000000000000e+00,-0.000000000000000000e+00,-3.922859257759622048e-02,0.000000000000000000e+00,-7.921313179701583440e-02,-0.000000000000000000e+00,0.000000000000000000e+00,-0.000000000000000000e+00,-1.701684412888934961e-01,-0.000000000000000000e+00,-0.000000000000000000e+00,0.000000000000000000e+00,-0.000000000000000000e+00,-0.000000000000000000e+00,-0.000000000000000000e+00,0.000000000000000000e+00,-0.000000000000000000e+00
2.520274068605513618e-01,-0.000000000000000000e+00,-0.000000000000000000e+00,-1.252213126600619231e-01,0.000000000000000000e+00,-0.000000000000000000e+00,-1.029621180750243531e-01,-0.000000000000000000e+00,-0.000000000000000000e+00,-4.572582017219080641e-01,-0.000000000000000000e+00,2.410773692907647980e+00,0.000000000000000000e+00,-0.000000000000000000e+00,-0.000000000000000000e+00,0.000000000000000000e+00,2.011429763073805388e-01,-0.000000000000000000e+00,-2.830539027702488331e-01,-0.000000000000000000e+00,0.000000000000000000e+00,-3.313347020900078155e-01,-0.000000000000000000e+00,-0.000000000000000000e+00,0.000000000000000000e+00,0.000000000000000000e+00,-2.556992449997060046e-02,2.870156454282491443e-01,6.177005128904105025e-01,-0.000000000000000000e+00,-0.000000000000000000e+00,-0.000000000000000000e+00,0.000000000000000000e+00,-0.000000000000000000e+00,-0.000000000000000000e+00,0.000000000000000000e+00,-0.000000000000000000e+00,-0.000000000000000000e+00,-2.137111025640364703e-01
-0.000000000000000000e+00,8.280635762930990684e-02,0.000000000000000000e+00,0.000000000000000000e+00,0.000000000000000000e+00,1.156738000988423581e-01,0.000000000000000000e+00,-0.000000000000000000e+00,0.000000000000000000e+00,0.000000000000000000e+00,0.000000000000000000e+00,0.000000000000000000e+00,1.359982194496730745e+00,0.000000000000000000e+00,-1.502028255024444592e-01,-0.000000000000000000e+00,-0.000000000000000000e+00,0.000000000000000000e+00,0.000000000000000000e+00,-0.000000000000000000e+00,3.726596256659544387e-02,0.000000000000000000e+00,1.581424889098679010e-01,0.000000000000000000e+00,0.000000000000000000e+00,0.000000000000000000e+00,0.000000000000000000e+00,-0.000000000000000000e+00,-0.000000000000000000e+00,0.000000000000000000e+00,4.063052115885943949e-01,0.000000000000000000e+00,0.000000000000000000e+00,-0.000000000000000000e+00,0.000000000000000000e+00,7.189392071064720779e-02,4.092149316139107734e-02,0.000000000000000000e+00,0.000000000000000000e+00
0.000000000000000000e+00,-0.000000000000000000e+00,-0.000000000000000000e+00,-0.000000000000000000e+00,-1.797944927907240698e-01,-1.259978214040770837e-02,-0.000000000000000000e+00,0.000000000000000000e+00,-0.000000000000000000e+00,-0.000000000000000000e+00,-1.786744249702341136e-01,-0.000000000000000000e+00,0.000000000000000000e+00,2.444208732228091208e+00,0.000000000000000000e+00,-3.304333900308699390e-02,-0.000000000000000000e+00,-0.000000000000000000e+00,-0.000000000000000000e+00,-0.000000000000000000e+00,-0.000000000000000000e+00,-3.741925940210467649e-01,-3.461358254144786817e-01,-4.878840981693032264e-01,-9.461795383549646832e-02,-0.000000000000000000e+00,-0.000000000000000000e+00,-0.000000000000000000e+00,-0.000000000000000000e+00,-8.966021268094134800e-02,-0.000000000000000000e+00,-0.000000000000000000e+00,-5.654222158943593701e-01,-1.724102210945473723e-01,-5.247624126448484361e-02,-0.000000000000000000e+00,-0.000000000000000000e+00,-0.000000000000000000e+00,-0.000000000000000000e+00
-0.000000000000000000e+00,0.000000000000000000e+00,-0.000000000000000000e+00,-0.000000000000000000e+00,0.000000000000000000e+00,0.000000000000000000e+00,0.000000000000000000e+00,-0.000000000000000000e+00,-0.000000000000000000e+00,0.000000000000000000e+00,1.431073452519218414e-01,-0.000000000000000000e+00,-1.502028255024444592e-01,0.000000000000000000e+00,1.072171120832154712e+00,0.000000000000000000e+00,0.000000000000000000e+00,0.000000000000000000e+00,-0.000000000000000000e+00,-0.000000000000000000e+00,0.000000000000000000e+00,-0.000000000000000000e+00,0.000000000000000000e+00,0.000000000000000000e+00,0.000000000000000000e+00,0.000000000000000000e+00,0.000000000000000000e+00,0.000000000000000000e+00,-0.000000000000000000e+00,-0.000000000000000000e+00,5.349890608156950000e-02,2.975959249283910771e-02,0.000000000000000000e+00,-0.000000000000000000e+00,0.000000000000000000e+00,0.000000000000000000e+00,0.000000000000000000e+00,-0.000000000000000000e+00,0.000000000000000000e+00
-0.000000000000000000e+00,0.000000000000000000e+00,-0.000000000000000000e+00,-0.000000000000000000e+00,-1.787412459288979794e-01,0.000000000000000000e+00,-0.000000000000000000e+00,0.000000000000000000e+00,-0.000000000000000000e+00,-0.000000000000000000e+00,-0.000000000000000000e+00,0.000000000000000000e+00,-0.000000000000000000e+00,-3.304333900308699390e-02,0.000000000000000000e+00,1.581272611472567480e+00,-2.086785417745240234e-01,-4.170619541418432163e-01,-0.000000000000000000e+00,-0.000000000000000000e+00,-0.000000000000000000e+00,-0.000000000000000000e+00,-0.000000000000000000e+00,-7.257925817339973273e-02,-2.821759508085757220e-02,-5.610478521168799776e-02,0.000000000000000000e+00,-2.776172037971936790e-01,-0.000000000000000000e+00,-2.425437841238282655e-01,0.000000000000000000e+00,0.000000000000000000e+00,-3.233540542221979147e-02,-0.000000000000000000e+00,-0.000000000000000000e+00,-0.000000000000000000e+00,-0.000000000000000000e+00,-0.000000000000000000e+00,-0.000000000000000000e+00
-0.000000000000000000e+00,2.651026075368190793e-01,0.000000000000000000e+00,-0.000000000000000000e+00,-0.000000000000000000e+00,-0.000000000000000000e+00,0.000000000000000000e+00,-0.000000000000000000e+00,0.000000000000000000e+00,0.000000000000000000e+00,-2.637625107705228178e-01,2.011429763073805388e-01,-0.000000000000000000e+00,-0.000000000000000000e+00,0.000000000000000000e+00,-2.086785417745240234e-01,1.640937773309698811e+00,-0.000000000000000000e+00,0.000000000000000000e+00,0.000000000000000000e+00,-2.602955821054212665e-02,0.000000000000000000e+00,-0.000000000000000000e+00,-0.000000000000000000e+00,-5.806215923941466794e-01,-0.000000000000000000e+00,0.000000000000000000e+00,-2.069937756679665064e-01,-2.279108388234859506e-01,0.000000000000000000e+00,0.000000000000000000e+00,0.000000000000000000e+00,-3.216207874334005290e-02,0.000000000000000000e+00,0.000000000000000000e+00,-0.000000000000000000e+00,0.000000000000000000e+00,0.000000000000000000e+00,0.000000000000000000e+00
-0.000000000000000000e+00,-0.000000000000000000e+00,-1.962095082445641236e-01,-8.717815741837212640e-01,-8.281492702223815228e-02,0.000000000000000000e+00,-0.000000000000000000e+00,0.000000000000000000e+00,-0.000000000000000000e+00,-1.864301692421393153e-01,-0.000000000000000000e+00,-0.000000000000000000e+00,0.000000000000000000e+00,-0.000000000000000000e+00,0.000000000000000000e+00,-4.170619541418432163e-01,-0.000000000000000000e+00,2.762159727807412146e+00,-7.417213394136260574e-01,-2.554932184425284802e-01,-0.000000000000000000e+00,-0.000000000000000000e+00,-0.000000000000000000e+00,-0.000000000000000000e+00,-2.525573496017210085e-03,-0.000000000000000000e+00,-3.906659357450065206e-02,-0.000000000000000000e+00,0.000000000000000000e+00,-0.000000000000000000e+00,-0.000000000000000000e+00,-0.000000000000000000e+00,-0.000000000000000000e+00,-0.000000000000000000e+00,-0.000000000000000000e+00,-0.000000000000000000e+00,-0.000000000000000000e+00,-0.000000000000000000e+00,-1.131962848577326708e-01
-0.000000000000000000e+00,-0.000000000000000000e+00,-2.568676599422689555e-01,-1.385655348828032929e-01,-0.000000000000000000e+00,-0.000000000000000000e+00,-3.817807768870911528e-02,0.000000000000000000e+00,-9.355275421756699405e-02,-1.446520296040520459e-01,-0.000000000000000000e+00,-2.830539027702488331e-01,0.000000000000000000e+00,-0.000000000000000000e+00,-0.000000000000000000e+00,-0.000000000000000000e+00,0.000000000000000000e+00,-7.417213394136260574e-01,2.591862515833176062e+00,-4.362638028814583846e-01,-0.000000000000000000e+00,-0.000000000000000000e+00,-0.000000000000000000e+00,-0.000000000000000000e+00,-0.000000000000000000e+00,-0.000000000000000000e+00,-3.953461235010432562e-01,0.000000000000000000e+00,0.000000000000000000e+00,-0.000000000000000000e+00,-0.000000000000000000e+00,-3.850062479518572695e-02,0.000000000000000000e+00,0.000000000000000000e+00,-0.000000000000000000e+00,0.000000000000000000e+00,-0.000000000000000000e+00,-2.212760347445356934e-02,-1.194730458459357103e-01
-0.000000000000000000e+00,-0.000000000000000000e+00,-2.965162550746192616e-01,-2.684364425822735600e-01,-0.000000000000000000e+00,-0.000000000000000000e+00,-1.553333454246099143e-01,0.000000000000000000e+00,-0.000000000000000000e+00,-0.000000000000000000e+00,0.000000000000000000e+00,-0.000000000000000000e+00,-0.000000000000000000e+00,-0.000000000000000000e+00,-0.000000000000000000e+00,-0.000000000000000000e+00,0.000000000000000000e+00,-2.554932184425284802e-01,-4.362638028814583846e-01,1.757612493946240750e+00,-0.000000000000000000e+00,-0.000000000000000000e+00,-0.000000000000000000e+00,0.000000000000000000e+00,-0.000000000000000000e+00,-0.000000000000000000e+00,-0.000000000000000000e+00,-0.000000000000000000e+00,0.000000000000000000e+00,-0.000000000000000000e+00,-0.000000000000000000e+00,-0.000000000000000000e+00,0.000000000000000000e+00,-0.000000000000000000e+00,-0.000000000000000000e+00,-0.000000000000000000e+00,-0.000000000000000000e+00,-7.337652503864608433e-02,-0.000000000000000000e+00
-0.000000000000000000e+00,-0.000000000000000000e+00,-5.202898923059845644e-03,-0.000000000000000000e+00,-0.000000000000000000e+00,-0.000000000000000000e+00,-0.000000000000000000e+00,0.000000000000000000e+00,-0.000000000000000000e+00,-0.000000000000000000e+00,-1.907276530860084751e-01,0.000000000000000000e+00,3.726596256659544387e-02,-0.000000000000000000e+00,0.000000000000000000e+00,-0.000000000000000000e+00,-2.602955821054212665e-02,-0.000000000000000000e+00,-0.000000000000000000e+00,-0.000000000000000000e+00,1.373959947148803096e+00,-1.615551065179865117e-02,-1.163113598546072353e-01,-0.000000000000000000e+00,-3.837979850122842929e-01,-0.000000000000000000e+00,-0.000000000000000000e+00,-0.000000000000000000e+00,-0.000000000000000000e+00,-0.000000000000000000e+00,-0.000000000000000000e+00,-0.000000000000000000e+00,-1.205829923241543283e-01,0.000000000000000000e+00,-0.000000000000000000e+00,-5.670483551685417956e-02,-0.000000000000000000e+00,-0.000000000000000000e+00,-0.000000000000000000e+00
4.172397722070973064e-02,-0.000000000000000000e+00,-6.932457647120390809e-02,-3.180925009602874609e-01,-0.000000000000000000e+00,-0.000000000000000000e+00,-2.052931001024918822e-01,0.000000000000000000e+00,-0.000000000000000000e+00,-1.689409090656996404e-01,-3.129440842820975233e-01,-3.313347020900078155e-01,0.000000000000000000e+00,-3.741925940210467649e-01,-0.000000000000000000e+00,-0.000000000000000000e+00,0.000000000000000000e+00,-0.000000000000000000e+00,-0.000000000000000000e+00,-0.000000000000000000e+00,-1.615551065179865117e-02,2.587346332765171564e+00,-1.411066800600567217e-01,-0.000000000000000000e+00,-0.000000000000000000e+00,0.000000000000000000e+00,-0.000000000000000000e+00,0.000000000000000000e+00,0.000000000000000000e+00,-2.142557797172019995e-01,-3.460417219457506133e-01,-0.000000000000000000e+00,-7.933795709956918685e-02,-0.000000000000000000e+00,-0.000000000000000000e+00,-0.000000000000000000e+00,-0.000000000000000000e+00,-0.000000000000000000e+00,-3.575128361912167096e-01
-0.000000000000000000e+00,-0.000000000000000000e+00,-8.014931322862797747e-02,-0.000000000000000000e+00,-6.923870077018499936e-02,-0.000000000000000000e+00,-0.000000000000000000e+00,0.000000000000000000e+00,-0.000000000000000000e+00,-0.000000000000000000e+00,-0.000000000000000000e+00,-0.000000000000000000e+00,1.581424889098679010e-01,-3.461358254144786817e-01,0.000000000000000000e+00,-0.000000000000000000e+00,-0.000000000000000000e+00,-0.000000000000000000e+00,-0.000000000000000000e+00,-0.000000000000000000e+00,-1.163113598546072353e-01,-1.411066800600567217e-01,2.215786496339477551e+00,-3.517682302040301412e-01,-6.735023848487901033e-01,-0.000000000000000000e+00,-0.000000000000000000e+00,0.000000000000000000e+00,-0.000000000000000000e+00,-0.000000000000000000e+00,-0.000000000000000000e+00,-0.000000000000000000e+00,-4.161493753275457425e-02,-0.000000000000000000e+00,-7.351976908499412156e-02,-1.031262908394720013e-01,-1.809679124422550883e-02,-0.000000000000000000e+00,-9.461714124827876049e-02
0.000000000000000000e+00,0.000000000000000000e+00,-0.000000000000000000e+00,-0.000000000000000000e+00,-0.000000000000000000e+00,-0.000000000000000000e+00,0.000000000000000000e+00,0.000000000000000000e+00,-0.000000000000000000e+00,-0.000000000000000000e+00,-0.000000000000000000e+00,-0.000000000000000000e+00,0.000000000000000000e+00,-4.878840981693032264e-01,0.000000000000000000e+00,-7.257925817339973273e-02,-0.000000000000000000e+00,-0.000000000000000000e+00,-0.000000000000000000e+00,0.000000000000000000e+00,-0.000000000000000000e+00,-0.000000000000000000e+00,-3.517682302040301412e-01,1.787182800260616933e+00,-9.493643226230742693e-02,-0.000000000000000000e+00,-0.000000000000000000e+00,0.000000000000000000e+00,0.000000000000000000e+00,-2.237554670396599277e-01,-0.000000000000000000e+00,-0.000000000000000000e+00,-1.322126721342133104e-01,-0.000000000000000000e+00,-1.726668288084400871e-01,-0.000000000000000000e+00,-0.000000000000000000e+00,-0.000000000000000000e+00,-0.000000000000000000e+00
-0.000000000000000000e+00,0.000000000000000000e+00,-0.000000000000000000e+00,-0.000000000000000000e+00,-3.273090611158111507e-01,-0.000000000000000000e+00,-0.000000000000000000e+00,0.000000000000000000e+00,-0.000000000000000000e+00,-0.000000000000000000e+00,-3.922859257759622048e-02,0.000000000000000000e+00,0.000000000000000000e+00,-9.461795383549646832e-02,0.000000000000000000e+00,-2.821759508085757220e-02,-5.806215923941466794e-01,-2.525573496017210085e-03,-0.000000000000000000e+00,-0.000000000000000000e+00,-3.837979850122842929e-01,-0.000000000000000000e+00,-6.735023848487901033e-01,-9.493643226230742693e-02,2.468023744216876647e+00,-0.000000000000000000e+00,-0.000000000000000000e+00,-0.000000000000000000e+00,-0.000000000000000000e+00,-0.000000000000000000e+00,-0.000000000000000000e+00,0.000000000000000000e+00,-2.673571511992247629e-01,-0.000000000000000000e+00,-0.000000000000000000e+00,-2.468491608247110058e-01,-0.000000000000000000e+00,-0.000000000000000000e+00,-0.000000000000000000e+00
-8.868033300554000187e-01,-0.000000000000000000e+00,-0.000000000000000000e+00,0.000000000000000000e+00,-0.000000000000000000e+00,-0.000000000000000000e+00,0.000000000000000000e+00,2.013885738129589376e-01,-1.587616603936671880e-02,0.000000000000000000e+00,0.000000000000000000e+00,0.000000000000000000e+00,0.000000000000000000e+00,-0.000000000000000000e+00,0.000000000000000000e+00,-5.610478521168799776e-02,-0.000000000000000000e+00,-0.000000000000000000e+00,-0.000000000000000000e+00,-0.000000000000000000e+00,-0.000000000000000000e+00,0.000000000000000000e+00,-0.000000000000000000e+00,-0.000000000000000000e+00,-0.000000000000000000e+00,2.244620863320859971e+00,-0.000000000000000000e+00,-2.722864190932356432e-01,-1.375802876992217871e-01,-0.000000000000000000e+00,0.000000000000000000e+00,-0.000000000000000000e+00,-0.000000000000000000e+00,-0.000000000000000000e+00,-0.000000000000000000e+00,-5.249234569839555942e-01,-2.115135286577650986e-01,-1.477903151788246272e-01,-0.000000000000000000e+00
0.000000000000000000e+00,-2.666229844688955408e-02,-0.000000000000000000e+00,-0.000000000000000000e+00,-0.000000000000000000e+00,-0.000000000000000000e+00,-0.000000000000000000e+00,-0.000000000000000000e+00,-0.000000000000000000e+00,-4.919898518864725401e-01,-7.921313179701583440e-02,-2.556992449997060046e-02,0.000000000000000000e+00,-0.000000000000000000e+00,0.000000000000000000e+00,0.000000000000000000e+00,0.000000000000000000e+00,-3.906659357450065206e-02,-3.953461235010432562e-01,-0.000000000000000000e+00,-0.000000000000000000e+00,-0.000000000000000000e+00,-0.000000000000000000e+00,-0.000000000000000000e+00,-0.000000000000000000e+00,-0.000000000000000000e+00,2.474733395086656795e+00,0.000000000000000000e+00,1.161429284193612049e-01,-0.000000000000000000e+00,-8.532730859123781597e-01,-1.680459800582645158e-01,0.000000000000000000e+00,0.000000000000000000e+00,-0.000000000000000000e+00,-0.000000000000000000e+00,-0.000000000000000000e+00,-0.000000000000000000e+00,-2.271880091923994538e-01
-0.000000000000000000e+00,6.175358930796215340e-02,-0.000000000000000000e+00,0.000000000000000000e+00,-0.000000000000000000e+00,-0.000000000000000000e+00,0.000000000000000000e+00,0.000000000000000000e+00,0.000000000000000000e+00,0.000000000000000000e+00,-0.000000000000000000e+00,2.870156454282491443e-01,-0.000000000000000000e+00,-0.000000000000000000e+00,0.000000000000000000e+00,-2.776172037971936790e-01,-2.069937756679665064e-01,-0.000000000000000000e+00,0.000000000000000000e+00,-0.000000000000000000e+00,-0.000000000000000000e+00,0.000000000000000000e+00,0.000000000000000000e+00,0.000000000000000000e+00,-0.000000000000000000e+00,-2.722864190932356432e-01,0.000000000000000000e+00,1.891596533699480220e+00,-7.919669563944099488e-01,0.000000000000000000e+00,0.000000000000000000e+00,0.000000000000000000e+00,-0.000000000000000000e+00,0.000000000000000000e+00,0.000000000000000000e+00,-0.000000000000000000e+00,-0.000000000000000000e+00,0.000000000000000000e+00,2.361612447066786108e-02
-3.881252524785318569e-01,0.000000000000000000e+00,-0.000000000000000000e+00,0.000000000000000000e+00,-0.000000000000000000e+00,-0.000000000000000000e+00,1.215997224775378360e-01,0.000000000000000000e+00,-0.000000000000000000e+00,2.482628556952591048e-01,0.000000000000000000e+00,6.177005128904105025e-01,-0.000000000000000000e+00,-0.000000000000000000e+00,-0.000000000000000000e+00,-0.000000000000000000e+00,-2.279108388234859506e-01,0.000000000000000000e+00,0.000000000000000000e+00,0.000000000000000000e+00,-0.000000000000000000e+00,0.000000000000000000e+00,-0.000000000000000000e+00,0.000000000000000000e+00,-0.000000000000000000e+00,-1.375802876992217871e-01,1.161429284193612049e-01,-7.919669563944099488e-01,2.371192128893335749e+00,0.000000000000000000e+00,2.371206055503201696e-02,0.000000000000000000e+00,-1.547227995571861525e-01,-0.000000000000000000e+00,0.000000000000000000e+00,-7.702932428902367623e-02,-0.000000000000000000e+00,0.000000000000000000e+00,0.000000000000000000e+00
0.000000000000000000e+00,-0.000000000000000000e+00,-0.000000000000000000e+00,-0.000000000000000000e+00,-1.689183207518188123e-01,-0.000000000000000000e+00,-0.000000000000000000e+00,0.000000000000000000e+00,-3.627184749916439466e-01,-3.462951309698036328e-01,-0.000000000000000000e+00,-0.000000000000000000e+00,0.000000000000000000e+00,-8.966021268094134800e-02,-0.000000000000000000e+00,-2.425437841238282655e-01,0.000000000000000000e+00,-0.000000000000000000e+00,-0.000000000000000000e+00,-0.000000000000000000e+00,-0.000000000000000000e+00,-2.142557797172019995e-01,-0.000000000000000000e+00,-2.237554670396599277e-01,-0.000000000000000000e+00,-0.000000000000000000e+00,-0.000000000000000000e+00,0.000000000000000000e+00,0.000000000000000000e+00,2.273652838114236907e+00,-0.000000000000000000e+00,-0.000000000000000000e+00,-0.000000000000000000e+00,-4.375108854958761895e-01,-0.000000000000000000e+00,-0.000000000000000000e+00,-0.000000000000000000e+00,-0.000000000000000000e+00,-2.993117447711514667e-01
0.000000000000000000e+00,-7.264113670845767645e-02,-0.000000000000000000e+00,-0.000000000000000000e+00,-0.000000000000000000e+00,-0.000000000000000000e+00,-5.183482485227790953e-02,-0.000000000000000000e+00,-0.000000000000000000e+00,-1.219568735981116786e-01,-1.701684412888934961e-01,-0.000000000000000000e+00,4.063052115885943949e-01,-0.000000000000000000e+00,5.349890608156950000e-02,0.000000000000000000e+00,0.000000000000000000e+00,-0.000000000000000000e+00,-0.000000000000000000e+00,-0.000000000000000000e+00,-0.000000000000000000e+00,-3.460417219457506133e-01,-0.000000000000000000e+00,-0.000000000000000000e+00,-0.000000000000000000e+00,0.000000000000000000e+00,-8.532730859123781597e-01,0.000000000000000000e+00,2.371206055503201696e-02,-0.000000000000000000e+00,2.678918866954831834e+00,-2.425308025895535347e-01,-0.000000000000000000e+00,0.000000000000000000e+00,-0.000000000000000000e+00,-0.000000000000000000e+00,-1.271728645404020253e-01,0.000000000000000000e+00,-4.398015491372775920e-01
-0.000000000000000000e+00,-6.899916408249017197e-01,-0.000000000000000000e+00,-0.000000000000000000e+00,-0.000000000000000000e+00,-2.530885348702332505e-01,-0.000000000000000000e+00,0.000000000000000000e+00,-2.196706231142443733e-01,-7.516971304649902597e-02,-0.000000000000000000e+00,-0.000000000000000000e+00,0.000000000000000000e+00,-0.000000000000000000e+00,2.975959249283910771e-02,0.000000000000000000e+00,0.000000000000000000e+00,-0.000000000000000000e+00,-3.850062479518572695e-02,-0.000000000000000000e+00,-0.000000000000000000e+00,-0.000000000000000000e+00,-0.000000000000000000e+00,-0.000000000000000000e+00,0.000000000000000000e+00,-0.000000000000000000e+00,-1.680459800582645158e-01,0.000000000000000000e+00,0.000000000000000000e+00,-0.000000000000000000e+00,-2.425308025895535347e-01,2.255846024584665432e+00,-0.000000000000000000e+00,-0.000000000000000000e+00,-0.000000000000000000e+00,-0.000000000000000000e+00,-5.735997509391457250e-01,-0.000000000000000000e+00,-0.000000000000000000e+00
0.000000000000000000e+00,0.000000000000000000e+00,-0.000000000000000000e+00,-0.000000000000000000e+00,-4.013342409770069286e-01,-0.000000000000000000e+00,-0.000000000000000000e+00,0.000000000000000000e+00,-0.000000000000000000e+00,-0.000000000000000000e+00,-0.000000000000000000e+00,0.000000000000000000e+00,0.000000000000000000e+00,-5.654222158943593701e-01,0.000000000000000000e+00,-3.233540542221979147e-02,-3.216207874334005290e-02,-0.000000000000000000e+00,0.000000000000000000e+00,0.000000000000000000e+00,-1.205829923241543283e-01,-7.933795709956918685e-02,-4.161493753275457425e-02,-1.322126721342133104e-01,-2.673571511992247629e-01,-0.000000000000000000e+00,0.000000000000000000e+00,-0.000000000000000000e+00,-1.547227995571861525e-01,-0.000000000000000000e+00,-0.000000000000000000e+00,-0.000000000000000000e+00,2.245092197663373312e+00,-4.175474643852645218e-01,-0.000000000000000000e+00,-1.449534613439937836e-01,-0.000000000000000000e+00,0.000000000000000000e+00,-0.000000000000000000e+00
0.000000000000000000e+00,-0.000000000000000000e+00,-0.000000000000000000e+00,-0.000000000000000000e+00,-6.001408938908053131e-02,0.000000000000000000e+00,-0.000000000000000000e+00,0.000000000000000000e+00,-1.877552987491277470e-01,-0.000000000000000000e+00,0.000000000000000000e+00,-0.000000000000000000e+00,-0.000000000000000000e+00,-1.724102210945473723e-01,-0.000000000000000000e+00,-0.000000000000000000e+00,0.000000000000000000e+00,-0.000000000000000000e+00,0.000000000000000000e+00,-0.000000000000000000e+00,0.000000000000000000e+00,-0.000000000000000000e+00,-0.000000000000000000e+00,-0.000000000000000000e+00,-0.000000000000000000e+00,-0.000000000000000000e+00,0.000000000000000000e+00,0.000000000000000000e+00,-0.000000000000000000e+00,-4.375108854958761895e-01,0.000000000000000000e+00,-0.000000000000000000e+00,-4.175474643852645218e-01,1.643406277534076310e+00,-0.000000000000000000e+00,-0.000000000000000000e+00,-0.000000000000000000e+00,-0.000000000000000000e+00,-0.000000000000000000e+00
-0.000000000000000000e+00,-9.338639319187445886e-02,-8.488116525687001979e-02,-0.000000000000000000e+00,-0.000000000000000000e+00,-0.000000000000000000e+00,-0.000000000000000000e+00,0.000000000000000000e+00,-6.582100666690028634e-02,-1.204578640780424280e-02,-0.000000000000000000e+00,-0.000000000000000000e+00,0.000000000000000000e+00,-5.247624126448484361e-02,0.000000000000000000e+00,-0.000000000000000000e+00,0.000000000000000000e+00,-0.000000000000000000e+00,-0.000000000000000000e+00,-0.000000000000000000e+00,-0.000000000000000000e+00,-0.000000000000000000e+00,-7.351976908499412156e-02,-1.726668288084400871e-01,-0.000000000000000000e+00,-0.000000000000000000e+00,-0.000000000000000000e+00,0.000000000000000000e+00,0.000000000000000000e+00,-0.000000000000000000e+00,-0.000000000000000000e+00,-0.000000000000000000e+00,-0.000000000000000000e+00,-0.000000000000000000e+00,1.884252266299076162e+00,-4.014704245004391270e-02,-8.353745760371286133e-01,-0.000000000000000000e+00,-1.862931089678457053e-01
-0.000000000000000000e+00,-0.000000000000000000e+00,-0.000000000000000000e+00,0.000000000000000000e+00,-5.453677084639561023e-01,-0.000000000000000000e+00,0.000000000000000000e+00,1.665685749813562710e-01,-1.624643448254970979e-01,-0.000000000000000000e+00,-0.000000000000000000e+00,0.000000000000000000e+00,7.189392071064720779e-02,-0.000000000000000000e+00,0.000000000000000000e+00,-0.000000000000000000e+00,-0.000000000000000000e+00,-0.000000000000000000e+00,0.000000000000000000e+00,-0.000000000000000000e+00,-5.670483551685417956e-02,-0.000000000000000000e+00,-1.031262908394720013e-01,-0.000000000000000000e+00,-2.468491608247110058e-01,-5.249234569839555942e-01,-0.000000000000000000e+00,-0.000000000000000000e+00,-7.702932428902367623e-02,-0.000000000000000000e+00,-0.000000000000000000e+00,-0.000000000000000000e+00,-1.449534613439937836e-01,-0.000000000000000000e+00,-4.014704245004391270e-02,2.276758014412298525e+00,-2.873597434796701933e-01,-0.000000000000000000e+00,-0.000000000000000000e+00
-0.000000000000000000e+00,-2.308125302999549655e-01,-2.272522027171799686e-01,-0.000000000000000000e+00,-1.511596807799983344e-01,-2.848752895670838073e-02,-0.000000000000000000e+00,0.000000000000000000e+00,-7.644963496978654516e-02,-0.000000000000000000e+00,-0.000000000000000000e+00,-0.000000000000000000e+00,4.092149316139107734e-02,-0.000000000000000000e+00,0.000000000000000000e+00,-0.000000000000000000e+00,0.000000000000000000e+00,-0.000000000000000000e+00,-0.000000000000000000e+00,-0.000000000000000000e+00,-0.000000000000000000e+00,-0.000000000000000000e+00,-1.809679124422550883e-02,-0.000000000000000000e+00,-0.000000000000000000e+00,-2.115135286577650986e-01,-0.000000000000000000e+00,-0.000000000000000000e+00,-0.000000000000000000e+00,-0.000000000000000000e+00,-1.271728645404020253e-01,-5.735997509391457250e-01,-0.000000000000000000e+00,-0.000000000000000000e+00,-8.353745760371286133e-01,-2.873597434796701933e-01,2.597354521561639817e+00,-0.000000000000000000e+00,-0.000000000000000000e+00
-2.903857319261622383e-01,-2.700889108217407464e-01,-1.393324442375726557e-01,-0.000000000000000000e+00,-0.000000000000000000e+00,0.000000000000000000e+00,-0.000000000000000000e+00,1.141358463977820009e-01,-6.522375525314580980e-01,-0.000000000000000000e+00,0.000000000000000000e+00,-0.000000000000000000e+00,0.000000000000000000e+00,-0.000000000000000000e+00,-0.000000000000000000e+00,-0.000000000000000000e+00,0.000000000000000000e+00,-0.000000000000000000e+00,-2.212760347445356934e-02,-7.337652503864608433e-02,-0.000000000000000000e+00,-0.000000000000000000e+00,-0.000000000000000000e+00,-0.000000000000000000e+00,-0.000000000000000000e+00,-1.477903151788246272e-01,-0.000000000000000000e+00,0.000000000000000000e+00,0.000000000000000000e+00,-0.000000000000000000e+00,0.000000000000000000e+00,-0.000000000000000000e+00,0.000000000000000000e+00,-0.000000000000000000e+00,-0.000000000000000000e+00,-0.000000000000000000e+00,-0.000000000000000000e+00,1.832988248437496859e+00,-0.000000000000000000e+00
0.000000000000000000e+00,-2.724937832887027733e-01,-6.760320951165972592e-03,-0.000000000000000000e+00,-0.000000000000000000e+00,-0.000000000000000000e+00,-1.362104132555890801e-01,0.000000000000000000e+00,-1.194193429573883747e-01,-6.630758419650994995e-01,-0.000000000000000000e+00,-2.137111025640364703e-01,0.000000000000000000e+00,-0.000000000000000000e+00,0.000000000000000000e+00,-0.000000000000000000e+00,0.000000000000000000e+00,-1.131962848577326708e-01,-1.194730458459357103e-01,-0.000000000000000000e+00,-0.000000000000000000e+00,-3.575128361912167096e-01,-9.461714124827876049e-02,-0.000000000000000000e+00,-0.000000000000000000e+00,-0.000000000000000000e+00,-2.271880091923994538e-01,2.361612447066786108e-02,0.000000000000000000e+00,-2.993117447711514667e-01,-4.398015491372775920e-01,-0.000000000000000000e+00,-0.000000000000000000e+00,-0.000000000000000000e+00,-1.862931089678457053e-01,-0.000000000000000000e+00,-0.000000000000000000e+00,-0.000000000000000000e+00,2.961078519105313056e+00
