1.944607086104184646e+00,-8.484717009191146408e-02,-0.000000000000000000e+00,-3.551116620747913344e-01,-3.874146016600622106e-02,0.000000000000000000e+00,-0.000000000000000000e+00,0.000000000000000000e+00,-2.984744700059087652e-01,0.000000000000000000e+00,-0.000000000000000000e+00,0.000000000000000000e+00,0.000000000000000000e+00,-0.000000000000000000e+00,-0.000000000000000000e+00,-0.000000000000000000e+00,0.000000000000000000e+00,-5.647350147066002024e-02,-0.000000000000000000e+00,-0.000000000000000000e+00,-0.000000000000000000e+00,-0.000000000000000000e+00,0.000000000000000000e+00,-0.000000000000000000e+00,0.000000000000000000e+00,-0.000000000000000000e+00,-0.000000000000000000e+00,-0.000000000000000000e+00,-5.949593657710796624e-01,-0.000000000000000000e+00,0.000000000000000000e+00,-0.000000000000000000e+00,0.000000000000000000e+00,-7.834745999727577015e-02,8.530891418326058684e-02,-2.436791233065854767e-02,-0.000000000000000000e+00,-2.492641285851572297e-01,-1.679202128661238524e-01
-8.484717009191146408e-02,1.389314568292697283e+00,-5.601838521332000616e-03,0.000000000000000000e+00,-4.724762631854736300e-02,0.000000000000000000e+00,-0.000000000000000000e+00,0.000000000000000000e+00,-2.098537411325951396e-02,-0.000000000000000000e+00,0.000000000000000000e+00,-0.000000000000000000e+00,-0.000000000000000000e+00,-1.815329198112682063e-01,0.000000000000000000e+00,-3.746057297808641495e-01,0.000000000000000000e+00,-0.000000000000000000e+00,-3.820858655901803597e-02,-0.000000000000000000e+00,-0.000000000000000000e+00,-0.000000000000000000e+00,-0.000000000000000000e+00,-0.000000000000000000e+00,-0.000000000000000000e+00,-0.000000000000000000e+00,-1.178193093044664214e-01,-0.000000000000000000e+00,-0.000000000000000000e+00,-0.000000000000000000e+00,-1.636963084133570903e-02,-2.002691997982154748e-02,-0.000000000000000000e+00,0.000000000000000000e+00,-0.000000000000000000e+00,-8.981128113555397752e-02,-0.000000000000000000e+00,-0.000000000000000000e+00,-2.887696722511933767e-01
-0.000000000000000000e+00,-5.601838521332000616e-03,2.633648683856185890e+00,-0.000000000000000000e+00,-4.003462972915429741e-01,0.000000000000000000e+00,-0.000000000000000000e+00,1.343416003544556592e+00,-0.000000000000000000e+00,-0.000000000000000000e+00,0.000000000000000000e+00,0.000000000000000000e+00,0.000000000000000000e+00,-0.000000000000000000e+00,0.000000000000000000e+00,-1.638274900141597767e-01,-0.000000000000000000e+00,-0.000000000000000000e+00,-3.512091700325057353e-01,-0.000000000000000000e+00,-0.000000000000000000e+00,-7.577576711224379147e-02,0.000000000000000000e+00,0.000000000000000000e+00,0.000000000000000000e+00,-0.000000000000000000e+00,-0.000000000000000000e+00,-2.250055647917121038e-01,-0.000000000000000000e+00,-3.749952340380174193e-02,-0.000000000000000000e+00,-0.000000000000000000e+00,-0.000000000000000000e+00,-0.000000000000000000e+00,0.000000000000000000e+00,-2.240664760668002742e-01,0.000000000000000000e+00,-0.000000000000000000e+00,-0.000000000000000000e+00
-3.551116620747913344e-01,0.000000000000000000e+00,-0.000000000000000000e+00,1.756130868137795398e+00,-3.255377115841501245e-01,0.000000000000000000e+00,-0.000000000000000000e+00,0.000000000000000000e+00,-0.000000000000000000e+00,0.000000000000000000e+00,-0.000000000000000000e+00,0.000000000000000000e+00,0.000000000000000000e+00,0.000000000000000000e+00,-0.000000000000000000e+00,-0.000000000000000000e+00,-0.000000000000000000e+00,-3.960749536553773709e-01,0.000000000000000000e+00,-2.518093496446789370e-01,-0.000000000000000000e+00,-0.000000000000000000e+00,0.000000000000000000e+00,-0.000000000000000000e+00,0.000000000000000000e+00,-0.000000000000000000e+00,-0.000000000000000000e+00,-0.000000000000000000e+00,-2.457157477346695040e-01,-0.000000000000000000e+00,0.000000000000000000e+00,0.000000000000000000e+00,0.000000000000000000e+00,-0.000000000000000000e+00,0.000000000000000000e+00,-0.000000000000000000e+00,-0.000000000000000000e+00,-0.000000000000000000e+00,-0.000000000000000000e+00
-3.874146016600622106e-02,-4.724762631854736300e-02,-4.003462972915429741e-01,-3.255377115841501245e-01,1.717569468421125567e+00,0.000000000000000000e+00,-8.257183674844079113e-02,2.292078457091242805e-01,-4.194371688954470073e-02,-0.000000000000000000e+00,0.000000000000000000e+00,0.000000000000000000e+00,-0.000000000000000000e+00,-1.478115418182948948e-01,-0.000000000000000000e+00,-0.000000000000000000e+00,-0.000000000000000000e+00,-1.577879360980042056e-01,-0.000000000000000000e+00,-0.000000000000000000e+00,-0.000000000000000000e+00,-0.000000000000000000e+00,0.000000000000000000e+00,-0.000000000000000000e+00,0.000000000000000000e+00,-5.994296954488953499e-02,-1.478544451593022668e-01,-0.000000000000000000e+00,-0.000000000000000000e+00,-2.231050450486658787e-02,-0.000000000000000000e+00,-0.000000000000000000e+00,-0.000000000000000000e+00,-0.000000000000000000e+00,-0.000000000000000000e+00,-0.000000000000000000e+00,-0.000000000000000000e+00,-8.511289785624567145e-03,-0.000000000000000000e+00
0.000000000000000000e+00,0.000000000000000000e+00,0.000000000000000000e+00,0.000000000000000000e+00,0.000000000000000000e+00,3.145709471123896872e+00,0.000000000000000000e+00,-8.570950638439781000e-02,0.000000000000000000e+00,-0.000000000000000000e+00,-0.000000000000000000e+00,9.405568147170519089e-02,0.000000000000000000e+00,-0.000000000000000000e+00,2.314479686284569016e-01,-0.000000000000000000e+00,-1.645949586847776647e-01,3.792665719817983616e-01,1.432642859994607276e-01,0.000000000000000000e+00,3.390069528375900254e-01,1.933811520438469267e-01,-2.771836945586830803e-01,-2.247589469539019447e-01,-6.310188357021544459e-01,0.000000000000000000e+00,0.000000000000000000e+00,0.000000000000000000e+00,0.000000000000000000e+00,-5.381367012026053859e-02,0.000000000000000000e+00,0.000000000000000000e+00,-0.000000000000000000e+00,8.282182288616506474e-03,-7.780018014699716655e-01,0.000000000000000000e+00,-1.514739712677152794e-01,1.346321961392954632e-02,-0.000000000000000000e+00
-0.000000000000000000e+00,-0.000000000000000000e+00,-0.000000000000000000e+00,-0.000000000000000000e+00,-8.257183674844079113e-02,0.000000000000000000e+00,2.094701552665089395e+00,0.000000000000000000e+00,7.424027651922852911e-02,0.000000000000000000e+00,0.000000000000000000e+00,0.000000000000000000e+00,-1.321363648196266331e-02,-0.000000000000000000e+00,-0.000000000000000000e+00,-0.000000000000000000e+00,0.000000000000000000e+00,-0.000000000000000000e+00,-0.000000000000000000e+00,-1.862520106666428199e-01,-4.947755697406012731e-01,-6.106882832095277269e-01,0.000000000000000000e+00,0.000000000000000000e+00,0.000000000000000000e+00,-6.356122919592095688e-02,-0.000000000000000000e+00,-3.196963786370145555e-01,-1.418001702575562295e-01,-0.000000000000000000e+00,-7.508925379072969863e-02,0.000000000000000000e+00,0.000000000000000000e+00,0.000000000000000000e+00,0.000000000000000000e+00,-8.854098213477375884e-03,-0.000000000000000000e+00,-0.000000000000000000e+00,1.256551834155494700e-02
0.000000000000000000e+00,0.000000000000000000e+00,1.343416003544556592e+00,0.000000000000000000e+00,2.292078457091242805e-01,-8.570950638439781000e-02,0.000000000000000000e+00,2.765112780243072166e+00,0.000000000000000000e+00,0.000000000000000000e+00,-0.000000000000000000e+00,-0.000000000000000000e+00,-0.000000000000000000e+00,0.000000000000000000e+00,0.000000000000000000e+00,0.000000000000000000e+00,-0.000000000000000000e+00,4.337258926646079260e-01,2.701708291933572204e-01,0.000000000000000000e+00,2.076889590937009977e-01,0.000000000000000000e+00,-0.000000000000000000e+00,-0.000000000000000000e+00,-0.000000000000000000e+00,0.000000000000000000e+00,-0.000000000000000000e+00,0.000000000000000000e+00,0.000000000000000000e+00,0.000000000000000000e+00,0.000000000000000000e+00,0.000000000000000000e+00,-0.000000000000000000e+00,0.000000000000000000e+00,-0.000000000000000000e+00,2.288037423720018504e-02,-0.000000000000000000e+00,2.712447216289702312e-01,0.000000000000000000e+00
-2.984744700059087652e-01,-2.098537411325951396e-02,-0.000000000000000000e+00,-0.000000000000000000e+00,-4.194371688954470073e-02,0.000000000000000000e+00,7.424027651922852911e-02,0.000000000000000000e+00,1.951214548045865582e+00,0.000000000000000000e+00,-0.000000000000000000e+00,-0.000000000000000000e+00,1.039175993912454382e-01,-0.000000000000000000e+00,-0.000000000000000000e+00,-2.123349252623085368e-02,0.000000000000000000e+00,-0.000000000000000000e+00,-0.000000000000000000e+00,-0.000000000000000000e+00,0.000000000000000000e+00,0.000000000000000000e+00,-0.000000000000000000e+00,-0.000000000000000000e+00,0.000000000000000000e+00,0.000000000000000000e+00,-0.000000000000000000e+00,0.000000000000000000e+00,-0.000000000000000000e+00,-0.000000000000000000e+00,0.000000000000000000e+00,-0.000000000000000000e+00,0.000000000000000000e+00,-6.122461385204156503e-01,0.000000000000000000e+00,0.000000000000000000e+00,-0.000000000000000000e+00,-1.895056923404460358e-01,-6.780265510092768899e-01
0.000000000000000000e+00,-0.000000000000000000e+00,-0.000000000000000000e+00,0.000000000000000000e+00,-0.000000000000000000e+00,-0.000000000000000000e+00,0.000000000000000000e+00,0.000000000000000000e+00,0.000000000000000000e+00,1.942907514882245001e+00,-0.000000000000000000e+00,-0.000000000000000000e+00,0.000000000000000000e+00,-0.000000000000000000e+00,1.137961158860585908e-01,-2.167226848240912662e-01,-0.000000000000000000e+00,0.000000000000000000e+00,-1.240177370255781016e-02,-0.000000000000000000e+00,0.000000000000000000e+00,0.000000000000000000e+00,-2.565430713406957608e-01,-1.795432691658468416e-01,-3.862891036563520508e-01,0.000000000000000000e+00,-0.000000000000000000e+00,-0.000000000000000000e+00,0.000000000000000000e+00,-3.945024533689718838e-01,-1.815961087631923210e-01,-0.000000000000000000e+00,-2.284096417522622213e-01,0.000000000000000000e+00,-0.000000000000000000e+00,-0.000000000000000000e+00,-0.000000000000000000e+00,0.000000000000000000e+00,-0.000000000000000000e+00
-0.000000000000000000e+00,0.000000000000000000e+00,0.000000000000000000e+00,-0.000000000000000000e+00,0.000000000000000000e+00,-0.000000000000000000e+00,0.000000000000000000e+00,-0.000000000000000000e+00,-0.000000000000000000e+00,-0.000000000000000000e+00,1.017267389600507110e+00,-0.000000000000000000e+00,0.000000000000000000e+00,0.000000000000000000e+00,0.000000000000000000e+00,-0.000000000000000000e+00,-1.940188924439410073e-02,-0.000000000000000000e+00,0.000000000000000000e+00,-0.000000000000000000e+00,0.000000000000000000e+00,0.000000000000000000e+00,-0.000000000000000000e+00,-1.257991883152298762e-01,-0.000000000000000000e+00,0.000000000000000000e+00,-0.000000000000000000e+00,0.000000000000000000e+00,-0.000000000000000000e+00,-0.000000000000000000e+00,0.000000000000000000e+00,-0.000000000000000000e+00,-0.000000000000000000e+00,-0.000000000000000000e+00,-0.000000000000000000e+00,-0.000000000000000000e+00,-0.000000000000000000e+00,0.000000000000000000e+00,-0.000000000000000000e+00
0.000000000000000000e+00,-0.000000000000000000e+00,0.000000000000000000e+00,0.000000000000000000e+00,0.000000000000000000e+00,9.405568147170519089e-02,0.000000000000000000e+00,-0.000000000000000000e+00,-0.000000000000000000e+00,-0.000000000000000000e+00,-0.000000000000000000e+00,1.573356257562608329e+00,-0.000000000000000000e+00,0.000000000000000000e+00,-3.589899838551070532e-01,-0.000000000000000000e+00,0.000000000000000000e+00,-0.000000000000000000e+00,-2.411411387900176118e-01,-0.000000000000000000e+00,0.000000000000000000e+00,-0.000000000000000000e+00,-0.000000000000000000e+00,0.000000000000000000e+00,0.000000000000000000e+00,0.000000000000000000e+00,-1.823857646526010345e-01,0.000000000000000000e+00,0.000000000000000000e+00,9.318916013590290703e-02,-2.281498912192769096e-02,-0.000000000000000000e+00,-0.000000000000000000e+00,-4.094499515171547976e-01,4.099441326425683207e-02,1.306368644616668351e-01,0.000000000000000000e+00,-0.000000000000000000e+00,-0.000000000000000000e+00
0.000000000000000000e+00,-0.000000000000000000e+00,0.000000000000000000e+00,0.000000000000000000e+00,-0.000000000000000000e+00,0.000000000000000000e+00,-1.321363648196266331e-02,-0.000000000000000000e+00,1.039175993912454382e-01,0.000000000000000000e+00,0.000000000000000000e+00,-0.000000000000000000e+00,1.199373965768272265e+00,-0.000000000000000000e+00,-0.000000000000000000e+00,-0.000000000000000000e+00,-0.000000000000000000e+00,0.000000000000000000e+00,0.000000000000000000e+00,-5.033029997452995868e-02,-0.000000000000000000e+00,-0.000000000000000000e+00,-0.000000000000000000e+00,0.000000000000000000e+00,-0.000000000000000000e+00,-1.193164953896121566e-01,-2.316519557857545097e-01,-0.000000000000000000e+00,0.000000000000000000e+00,-0.000000000000000000e+00,-1.328862299948947723e-01,-0.000000000000000000e+00,-2.373845189550901347e-01,1.277437131716114005e-01,-0.000000000000000000e+00,0.000000000000000000e+00,-0.000000000000000000e+00,0.000000000000000000e+00,0.000000000000000000e+00
-0.000000000000000000e+00,-1.815329198112682063e-01,-0.000000000000000000e+00,0.000000000000000000e+00,-1.478115418182948948e-01,-0.000000000000000000e+00,-0.000000000000000000e+00,0.000000000000000000e+00,-0.000000000000000000e+00,-0.000000000000000000e+00,0.000000000000000000e+00,0.000000000000000000e+00,-0.000000000000000000e+00,1.215114098242715990e+00,0.000000000000000000e+00,-6.552050803143594226e-02,0.000000000000000000e+00,0.000000000000000000e+00,-0.000000000000000000e+00,0.000000000000000000e+00,-0.000000000000000000e+00,-0.000000000000000000e+00,-1.141163036301481443e-01,-4.813982030225447128e-02,-0.000000000000000000e+00,-0.000000000000000000e+00,-0.000000000000000000e+00,-0.000000000000000000e+00,-0.000000000000000000e+00,-0.000000000000000000e+00,-2.061687463333576886e-01,-1.066052715091913572e-01,-0.000000000000000000e+00,-0.000000000000000000e+00,-0.000000000000000000e+00,-0.000000000000000000e+00,-8.618904879509015071e-02,-0.000000000000000000e+00,-0.000000000000000000e+00
-0.000000000000000000e+00,0.000000000000000000e+00,0.000000000000000000e+00,-0.000000000000000000e+00,-0.000000000000000000e+00,2.314479686284569016e-01,-0.000000000000000000e+00,0.000000000000000000e+00,-0.000000000000000000e+00,1.137961158860585908e-01,0.000000000000000000e+00,-3.589899838551070532e-01,-0.000000000000000000e+00,0.000000000000000000e+00,1.906036179718763934e+00,0.000000000000000000e+00,0.000000000000000000e+00,-3.562667226025960088e-01,-0.000000000000000000e+00,-0.000000000000000000e+00,-0.000000000000000000e+00,-1.533164187500735370e-04,0.000000000000000000e+00,0.000000000000000000e+00,7.968722851316557831e-02,-2.741638503755404743e-01,-0.000000000000000000e+00,-0.000000000000000000e+00,-5.088100313421698578e-02,1.331150459952765708e-01,0.000000000000000000e+00,0.000000000000000000e+00,0.000000000000000000e+00,-0.000000000000000000e+00,2.449942035715043098e-01,0.000000000000000000e+00,0.000000000000000000e+00,-1.433663527337638577e-01,0.000000000000000000e+00
-0.000000000000000000e+00,-3.746057297808641495e-01,-1.638274900141597767e-01,-0.000000000000000000e+00,-0.000000000000000000e+00,-0.000000000000000000e+00,-0.000000000000000000e+00,0.000000000000000000e+00,-2.123349252623085368e-02,-2.167226848240912662e-01,-0.000000000000000000e+00,-0.000000000000000000e+00,-0.000000000000000000e+00,-6.552050803143594226e-02,0.000000000000000000e+00,1.794299954800861130e+00,-0.000000000000000000e+00,-0.000000000000000000e+00,-0.000000000000000000e+00,-1.825091837434563921e-02,0.000000000000000000e+00,-0.000000000000000000e+00,-5.726751474971091271e-01,-1.137725414979192662e-01,-0.000000000000000000e+00,-4.024293948580916908e-02,-0.000000000000000000e+00,-0.000000000000000000e+00,0.000000000000000000e+00,-2.653693796341440869e-01,-5.570731124489553682e-02,-1.733694324579981155e-02,-8.130270651088776848e-03,0.000000000000000000e+00,-0.000000000000000000e+00,-1.248656506437404168e-01,-0.000000000000000000e+00,-0.000000000000000000e+00,-5.069877617185231805e-02
0.000000000000000000e+00,0.000000000000000000e+00,-0.000000000000000000e+00,-0.000000000000000000e+00,-0.000000000000000000e+00,-1.645949586847776647e-01,0.000000000000000000e+00,-0.000000000000000000e+00,0.000000000000000000e+00,-0.000000000000000000e+00,-1.940188924439410073e-02,0.000000000000000000e+00,-0.000000000000000000e+00,0.000000000000000000e+00,0.000000000000000000e+00,-0.000000000000000000e+00,1.278088541439157400e+00,0.000000000000000000e+00,7.452378903191765602e-02,-0.000000000000000000e+00,1.516207726018352353e-01,0.000000000000000000e+00,-4.510670072879872927e-02,-0.000000000000000000e+00,-0.000000000000000000e+00,-0.000000000000000000e+00,-0.000000000000000000e+00,0.000000000000000000e+00,4.149974512988632847e-02,-2.161873295947442097e-01,0.000000000000000000e+00,-1.640692439205122463e-02,-1.800189791142890738e-01,0.000000000000000000e+00,-0.000000000000000000e+00,0.000000000000000000e+00,-0.000000000000000000e+00,-0.000000000000000000e+00,-0.000000000000000000e+00
-5.647350147066002024e-02,-0.000000000000000000e+00,-0.000000000000000000e+00,-3.960749536553773709e-01,-1.577879360980042056e-01,3.792665719817983616e-01,-0.000000000000000000e+00,4.337258926646079260e-01,-0.000000000000000000e+00,0.000000000000000000e+00,-0.000000000000000000e+00,-0.000000000000000000e+00,0.000000000000000000e+00,0.000000000000000000e+00,-3.562667226025960088e-01,-0.000000000000000000e+00,0.000000000000000000e+00,2.435536856406508743e+00,-3.609879205848321587e-02,-1.418016641688052137e-01,-0.000000000000000000e+00,-0.000000000000000000e+00,0.000000000000000000e+00,0.000000000000000000e+00,2.872908387383778998e-04,-0.000000000000000000e+00,-0.000000000000000000e+00,-0.000000000000000000e+00,-2.652445066302490662e-01,-0.000000000000000000e+00,-0.000000000000000000e+00,-0.000000000000000000e+00,0.000000000000000000e+00,-3.590949962691311059e-01,9.540508405099219769e-02,-0.000000000000000000e+00,0.000000000000000000e+00,-1.143898727819030736e-01,-0.000000000000000000e+00
-0.000000000000000000e+00,-3.820858655901803597e-02,-3.512091700325057353e-01,0.000000000000000000e+00,-0.000000000000000000e+00,1.432642859994607276e-01,-0.000000000000000000e+00,2.701708291933572204e-01,-0.000000000000000000e+00,-1.240177370255781016e-02,0.000000000000000000e+00,-2.411411387900176118e-01,0.000000000000000000e+00,-0.000000000000000000e+00,-0.000000000000000000e+00,-0.000000000000000000e+00,7.452378903191765602e-02,-3.609879205848321587e-02,1.842152135293222193e+00,-0.000000000000000000e+00,-0.000000000000000000e+00,-1.952284546919238195e-01,-0.000000000000000000e+00,0.000000000000000000e+00,0.000000000000000000e+00,0.000000000000000000e+00,-0.000000000000000000e+00,-0.000000000000000000e+00,0.000000000000000000e+00,0.000000000000000000e+00,-2.423033924369581704e-01,-0.000000000000000000e+00,-0.000000000000000000e+00,-1.602452142695432735e-01,0.000000000000000000e+00,-0.000000000000000000e+00,0.000000000000000000e+00,-9.532057958760465147e-03,-1.983823299344779356e-01
-0.000000000000000000e+00,-0.000000000000000000e+00,-0.000000000000000000e+00,-2.518093496446789370e-01,-0.000000000000000000e+00,0.000000000000000000e+00,-1.862520106666428199e-01,0.000000000000000000e+00,-0.000000000000000000e+00,-0.000000000000000000e+00,-0.000000000000000000e+00,-0.000000000000000000e+00,-5.033029997452995868e-02,0.000000000000000000e+00,-0.000000000000000000e+00,-1.825091837434563921e-02,-0.000000000000000000e+00,-1.418016641688052137e-01,-0.000000000000000000e+00,1.532780807706702886e+00,-0.000000000000000000e+00,-1.718144593742212956e-01,-0.000000000000000000e+00,-0.000000000000000000e+00,-0.000000000000000000e+00,-1.742167156444942577e-01,-1.959451793384256457e-01,-1.231713515052857144e-01,-9.467561688767615891e-02,-0.000000000000000000e+00,-0.000000000000000000e+00,0.000000000000000000e+00,-0.000000000000000000e+00,0.000000000000000000e+00,0.000000000000000000e+00,-0.000000000000000000e+00,-9.863611358661200645e-02,-0.000000000000000000e+00,-0.000000000000000000e+00
-0.000000000000000000e+00,-0.000000000000000000e+00,-0.000000000000000000e+00,-0.000000000000000000e+00,-0.000000000000000000e+00,3.390069528375900254e-01,-4.947755697406012731e-01,2.076889590937009977e-01,0.000000000000000000e+00,0.000000000000000000e+00,0.000000000000000000e+00,0.000000000000000000e+00,-0.000000000000000000e+00,-0.000000000000000000e+00,-0.000000000000000000e+00,0.000000000000000000e+00,1.516207726018352353e-01,-0.000000000000000000e+00,-0.000000000000000000e+00,-0.000000000000000000e+00,2.616794200813356674e+00,-6.944014271036993424e-01,4.897105500615277912e-02,0.000000000000000000e+00,1.559260336051058182e-01,-0.000000000000000000e+00,0.000000000000000000e+00,-6.788576597582657302e-01,-0.000000000000000000e+00,0.000000000000000000e+00,-0.000000000000000000e+00,0.000000000000000000e+00,0.000000000000000000e+00,0.000000000000000000e+00,0.000000000000000000e+00,-7.999424473711395922e-02,0.000000000000000000e+00,-0.000000000000000000e+00,1.074493080968749459e-01
-0.000000000000000000e+00,-0.000000000000000000e+00,-7.577576711224379147e-02,-0.000000000000000000e+00,-0.000000000000000000e+00,1.933811520438469267e-01,-6.106882832095277269e-01,0.000000000000000000e+00,0.000000000000000000e+00,0.000000000000000000e+00,0.000000000000000000e+00,-0.000000000000000000e+00,-0.000000000000000000e+00,-0.000000000000000000e+00,-1.533164187500735370e-04,-0.000000000000000000e+00,0.000000000000000000e+00,-0.000000000000000000e+00,-1.952284546919238195e-01,-1.718144593742212956e-01,-6.944014271036993424e-01,2.613502758522267655e+00,0.000000000000000000e+00,0.000000000000000000e+00,0.000000000000000000e+00,-4.752978087200705054e-02,-0.000000000000000000e+00,-2.848224297912427261e-01,-0.000000000000000000e+00,0.000000000000000000e+00,-5.357796865509932838e-01,0.000000000000000000e+00,0.000000000000000000e+00,0.000000000000000000e+00,0.000000000000000000e+00,-0.000000000000000000e+00,0.000000000000000000e+00,-0.000000000000000000e+00,0.000000000000000000e+00
0.000000000000000000e+00,-0.000000000000000000e+00,0.000000000000000000e+00,0.000000000000000000e+00,0.000000000000000000e+00,-2.771836945586830803e-01,0.000000000000000000e+00,-0.000000000000000000e+00,-0.000000000000000000e+00,-2.565430713406957608e-01,-0.000000000000000000e+00,-0.000000000000000000e+00,-0.000000000000000000e+00,-1.141163036301481443e-01,0.000000000000000000e+00,-5.726751474971091271e-01,-4.510670072879872927e-02,0.000000000000000000e+00,-0.000000000000000000e+00,-0.000000000000000000e+00,4.897105500615277912e-02,0.000000000000000000e+00,2.877217544827421314e+00,-4.543183688033173850e-01,-8.500856510072867245e-01,-0.000000000000000000e+00,-0.000000000000000000e+00,0.000000000000000000e+00,1.361080907499440107e-01,-3.728712099162022342e-02,-0.000000000000000000e+00,-0.000000000000000000e+00,-3.541656875024812856e-01,0.000000000000000000e+00,-5.389949430938217184e-02,0.000000000000000000e+00,-4.397133629586041925e-02,0.000000000000000000e+00,-0.000000000000000000e+00
-0.000000000000000000e+00,-0.000000000000000000e+00,0.000000000000000000e+00,-0.000000000000000000e+00,-0.000000000000000000e+00,-2.247589469539019447e-01,0.000000000000000000e+00,-0.000000000000000000e+00,-0.000000000000000000e+00,-1.795432691658468416e-01,-1.257991883152298762e-01,0.000000000000000000e+00,0.000000000000000000e+00,-4.813982030225447128e-02,0.000000000000000000e+00,-1.137725414979192662e-01,-0.000000000000000000e+00,0.000000000000000000e+00,0.000000000000000000e+00,-0.000000000000000000e+00,0.000000000000000000e+00,0.000000000000000000e+00,-4.543183688033173850e-01,1.993654748672902377e+00,-2.327485844043847285e-01,-0.000000000000000000e+00,-0.000000000000000000e+00,-0.000000000000000000e+00,-0.000000000000000000e+00,-8.011271894302746110e-02,0.000000000000000000e+00,-0.000000000000000000e+00,-6.635540306092917173e-02,0.000000000000000000e+00,-0.000000000000000000e+00,-0.000000000000000000e+00,-4.207193800471641931e-01,0.000000000000000000e+00,-0.000000000000000000e+00
0.000000000000000000e+00,-0.000000000000000000e+00,0.000000000000000000e+00,0.000000000000000000e+00,0.000000000000000000e+00,-6.310188357021544459e-01,0.000000000000000000e+00,-0.000000000000000000e+00,0.000000000000000000e+00,-3.862891036563520508e-01,-0.000000000000000000e+00,0.000000000000000000e+00,-0.000000000000000000e+00,-0.000000000000000000e+00,7.968722851316557831e-02,-0.000000000000000000e+00,-0.000000000000000000e+00,2.872908387383778998e-04,0.000000000000000000e+00,-0.000000000000000000e+00,1.559260336051058182e-01,0.000000000000000000e+00,-8.500856510072867245e-01,-2.327485844043847285e-01,3.068476206477555923e+00,0.000000000000000000e+00,-0.000000000000000000e+00,0.000000000000000000e+00,1.090645037382950017e-02,-4.030566866579073093e-02,-0.000000000000000000e+00,0.000000000000000000e+00,-5.114893887320388632e-01,0.000000000000000000e+00,-2.746161494000470826e-01,0.000000000000000000e+00,-1.171189412281363196e-01,0.000000000000000000e+00,-0.000000000000000000e+00
-0.000000000000000000e+00,-0.000000000000000000e+00,-0.000000000000000000e+00,-0.000000000000000000e+00,-5.994296954488953499e-02,0.000000000000000000e+00,-6.356122919592095688e-02,0.000000000000000000e+00,0.000000000000000000e+00,0.000000000000000000e+00,0.000000000000000000e+00,0.000000000000000000e+00,-1.193164953896121566e-01,-0.000000000000000000e+00,-2.741638503755404743e-01,-4.024293948580916908e-02,-0.000000000000000000e+00,-0.000000000000000000e+00,0.000000000000000000e+00,-1.742167156444942577e-01,-0.000000000000000000e+00,-4.752978087200705054e-02,-0.000000000000000000e+00,-0.000000000000000000e+00,0.000000000000000000e+00,1.767560583518694273e+00,-3.817408787769046435e-02,-6.370117242686073045e-01,-0.000000000000000000e+00,-0.000000000000000000e+00,-0.000000000000000000e+00,0.000000000000000000e+00,-0.000000000000000000e+00,0.000000000000000000e+00,0.000000000000000000e+00,-0.000000000000000000e+00,-0.000000000000000000e+00,-3.062808566830186319e-01,0.000000000000000000e+00
-0.000000000000000000e+00,-1.178193093044664214e-01,-0.000000000000000000e+00,-0.000000000000000000e+00,-1.478544451593022668e-01,0.000000000000000000e+00,-0.000000000000000000e+00,-0.000000000000000000e+00,-0.000000000000000000e+00,-0.000000000000000000e+00,-0.000000000000000000e+00,-1.823857646526010345e-01,-2.316519557857545097e-01,-0.000000000000000000e+00,-0.000000000000000000e+00,-0.000000000000000000e+00,-0.000000000000000000e+00,-0.000000000000000000e+00,-0.000000000000000000e+00,-1.959451793384256457e-01,0.000000000000000000e+00,-0.000000000000000000e+00,-0.000000000000000000e+00,-0.000000000000000000e+00,-0.000000000000000000e+00,-3.817408787769046435e-02,1.497165568433697747e+00,-0.000000000000000000e+00,-0.000000000000000000e+00,-0.000000000000000000e+00,-3.949407915058766316e-01,-1.865955963034947596e-01,-5.031337372518435158e-02,0.000000000000000000e+00,0.000000000000000000e+00,-0.000000000000000000e+00,-7.571194499257621890e-02,-0.000000000000000000e+00,-4.172535833955241802e-02
-0.000000000000000000e+00,-0.000000000000000000e+00,-2.250055647917121038e-01,-0.000000000000000000e+00,-0.000000000000000000e+00,0.000000000000000000e+00,-3.196963786370145555e-01,0.000000000000000000e+00,0.000000000000000000e+00,-0.000000000000000000e+00,0.000000000000000000e+00,0.000000000000000000e+00,-0.000000000000000000e+00,-0.000000000000000000e+00,-0.000000000000000000e+00,-0.000000000000000000e+00,0.000000000000000000e+00,-0.000000000000000000e+00,-0.000000000000000000e+00,-1.231713515052857144e-01,-6.788576597582657302e-01,-2.848224297912427261e-01,0.000000000000000000e+00,-0.000000000000000000e+00,0.000000000000000000e+00,-6.370117242686073045e-01,-0.000000000000000000e+00,2.391605778790771186e+00,-0.000000000000000000e+00,-0.000000000000000000e+00,-8.817846618137753500e-02,0.000000000000000000e+00,-0.000000000000000000e+00,1.073482394068075024e-01,-0.000000000000000000e+00,-2.014749253562746756e-01,-0.000000000000000000e+00,-0.000000000000000000e+00,5.033455208371126477e-02
-5.949593657710796624e-01,-0.000000000000000000e+00,-0.000000000000000000e+00,-2.457157477346695040e-01,-0.000000000000000000e+00,0.000000000000000000e+00,-1.418001702575562295e-01,0.000000000000000000e+00,-0.000000000000000000e+00,0.000000000000000000e+00,-0.000000000000000000e+00,0.000000000000000000e+00,0.000000000000000000e+00,-0.000000000000000000e+00,-5.088100313421698578e-02,0.000000000000000000e+00,4.149974512988632847e-02,-2.652445066302490662e-01,0.000000000000000000e+00,-9.467561688767615891e-02,-0.000000000000000000e+00,-0.000000000000000000e+00,1.361080907499440107e-01,-0.000000000000000000e+00,1.090645037382950017e-02,-0.000000000000000000e+00,-0.000000000000000000e+00,-0.000000000000000000e+00,1.779410343678255790e+00,0.000000000000000000e+00,0.000000000000000000e+00,0.000000000000000000e+00,0.000000000000000000e+00,-0.000000000000000000e+00,3.459059554578662599e-02,-1.420668140827657244e-01,-0.000000000000000000e+00,-0.000000000000000000e+00,0.000000000000000000e+00
-0.000000000000000000e+00,-0.000000000000000000e+00,-3.749952340380174193e-02,-0.000000000000000000e+00,-2.231050450486658787e-02,-5.381367012026053859e-02,-0.000000000000000000e+00,0.000000000000000000e+00,-0.000000000000000000e+00,-3.945024533689718838e-01,-0.000000000000000000e+00,9.318916013590290703e-02,-0.000000000000000000e+00,-0.000000000000000000e+00,1.331150459952765708e-01,-2.653693796341440869e-01,-2.161873295947442097e-01,-0.000000000000000000e+00,0.000000000000000000e+00,-0.000000000000000000e+00,0.000000000000000000e+00,0.000000000000000000e+00,-3.728712099162022342e-02,-8.011271894302746110e-02,-4.030566866579073093e-02,-0.000000000000000000e+00,-0.000000000000000000e+00,-0.000000000000000000e+00,0.000000000000000000e+00,1.640308562389325431e+00,-0.000000000000000000e+00,0.000000000000000000e+00,-7.981102787654749398e-02,0.000000000000000000e+00,-0.000000000000000000e+00,-2.310401225934829716e-01,-6.301960325351257941e-02,-0.000000000000000000e+00,-0.000000000000000000e+00
0.000000000000000000e+00,-1.636963084133570903e-02,-0.000000000000000000e+00,0.000000000000000000e+00,-0.000000000000000000e+00,0.000000000000000000e+00,-7.508925379072969863e-02,0.000000000000000000e+00,0.000000000000000000e+00,-1.815961087631923210e-01,0.000000000000000000e+00,-2.281498912192769096e-02,-1.328862299948947723e-01,-2.061687463333576886e-01,0.000000000000000000e+00,-5.570731124489553682e-02,0.000000000000000000e+00,-0.000000000000000000e+00,-2.423033924369581704e-01,-0.000000000000000000e+00,-0.000000000000000000e+00,-5.357796865509932838e-01,-0.000000000000000000e+00,0.000000000000000000e+00,-0.000000000000000000e+00,-0.000000000000000000e+00,-3.949407915058766316e-01,-8.817846618137753500e-02,0.000000000000000000e+00,-0.000000000000000000e+00,1.745618798042744890e+00,-0.000000000000000000e+00,-7.761481199464759229e-02,0.000000000000000000e+00,-0.000000000000000000e+00,-0.000000000000000000e+00,-0.000000000000000000e+00,-0.000000000000000000e+00,0.000000000000000000e+00
-0.000000000000000000e+00,-2.002691997982154748e-02,-0.000000000000000000e+00,0.000000000000000000e+00,-0.000000000000000000e+00,0.000000000000000000e+00,0.000000000000000000e+00,0.000000000000000000e+00,-0.000000000000000000e+00,-0.000000000000000000e+00,-0.000000000000000000e+00,-0.000000000000000000e+00,-0.000000000000000000e+00,-1.066052715091913572e-01,0.000000000000000000e+00,-1.733694324579981155e-02,-1.640692439205122463e-02,-0.000000000000000000e+00,-0.000000000000000000e+00,0.000000000000000000e+00,0.000000000000000000e+00,0.000000000000000000e+00,-0.000000000000000000e+00,-0.000000000000000000e+00,0.000000000000000000e+00,0.000000000000000000e+00,-1.865955963034947596e-01,0.000000000000000000e+00,0.000000000000000000e+00,0.000000000000000000e+00,-0.000000000000000000e+00,1.190548552693995843e+00,-0.000000000000000000e+00,-0.000000000000000000e+00,-0.000000000000000000e+00,0.000000000000000000e+00,-0.000000000000000000e+00,-0.000000000000000000e+00,-3.491266549706753541e-01
0.000000000000000000e+00,-0.000000000000000000e+00,-0.000000000000000000e+00,0.000000000000000000e+00,-0.000000000000000000e+00,-0.000000000000000000e+00,0.000000000000000000e+00,-0.000000000000000000e+00,0.000000000000000000e+00,-2.284096417522622213e-01,-0.000000000000000000e+00,-0.000000000000000000e+00,-2.373845189550901347e-01,-0.000000000000000000e+00,0.000000000000000000e+00,-8.130270651088776848e-03,-1.800189791142890738e-01,0.000000000000000000e+00,-0.000000000000000000e+00,-0.000000000000000000e+00,0.000000000000000000e+00,0.000000000000000000e+00,-3.541656875024812856e-01,-6.635540306092917173e-02,-5.114893887320388632e-01,-0.000000000000000000e+00,-5.031337372518435158e-02,-0.000000000000000000e+00,0.000000000000000000e+00,-7.981102787654749398e-02,-7.761481199464759229e-02,-0.000000000000000000e+00,2.098631227439747171e+00,0.000000000000000000e+00,-9.544341512257177584e-02,0.000000000000000000e+00,-3.649580432253734519e-01,0.000000000000000000e+00,-0.000000000000000000e+00
-7.834745999727577015e-02,0.000000000000000000e+00,-0.000000000000000000e+00,-0.000000000000000000e+00,-0.000000000000000000e+00,8.282182288616506474e-03,0.000000000000000000e+00,0.000000000000000000e+00,-6.122461385204156503e-01,0.000000000000000000e+00,-0.000000000000000000e+00,-4.094499515171547976e-01,1.277437131716114005e-01,-0.000000000000000000e+00,-0.000000000000000000e+00,0.000000000000000000e+00,0.000000000000000000e+00,-3.590949962691311059e-01,-1.602452142695432735e-01,0.000000000000000000e+00,0.000000000000000000e+00,0.000000000000000000e+00,0.000000000000000000e+00,0.000000000000000000e+00,0.000000000000000000e+00,0.000000000000000000e+00,0.000000000000000000e+00,1.073482394068075024e-01,-0.000000000000000000e+00,0.000000000000000000e+00,0.000000000000000000e+00,-0.000000000000000000e+00,0.000000000000000000e+00,1.926987396010151565e+00,1.554773184290366705e-01,0.000000000000000000e+00,0.000000000000000000e+00,-9.078088061098627676e-03,-1.528512817436221138e-01
8.530891418326058684e-02,-0.000000000000000000e+00,0.000000000000000000e+00,0.000000000000000000e+00,-0.000000000000000000e+00,-7.780018014699716655e-01,0.000000000000000000e+00,-0.000000000000000000e+00,0.000000000000000000e+00,-0.000000000000000000e+00,-0.000000000000000000e+00,4.099441326425683207e-02,-0.000000000000000000e+00,-0.000000000000000000e+00,2.449942035715043098e-01,-0.000000000000000000e+00,-0.000000000000000000e+00,9.540508405099219769e-02,0.000000000000000000e+00,0.000000000000000000e+00,0.000000000000000000e+00,0.000000000000000000e+00,-5.389949430938217184e-02,-0.000000000000000000e+00,-2.746161494000470826e-01,0.000000000000000000e+00,0.000000000000000000e+00,-0.000000000000000000e+00,3.459059554578662599e-02,-0.000000000000000000e+00,-0.000000000000000000e+00,-0.000000000000000000e+00,-9.544341512257177584e-02,1.554773184290366705e-01,2.286172231140454425e+00,0.000000000000000000e+00,-4.307138165599488921e-01,0.000000000000000000e+00,-0.000000000000000000e+00
-2.436791233065854767e-02,-8.981128113555397752e-02,-2.240664760668002742e-01,-0.000000000000000000e+00,-0.000000000000000000e+00,0.000000000000000000e+00,-8.854098213477375884e-03,2.288037423720018504e-02,0.000000000000000000e+00,-0.000000000000000000e+00,-0.000000000000000000e+00,1.306368644616668351e-01,0.000000000000000000e+00,-0.000000000000000000e+00,0.000000000000000000e+00,-1.248656506437404168e-01,0.000000000000000000e+00,-0.000000000000000000e+00,-0.000000000000000000e+00,-0.000000000000000000e+00,-7.999424473711395922e-02,-0.000000000000000000e+00,0.000000000000000000e+00,-0.000000000000000000e+00,0.000000000000000000e+00,-0.000000000000000000e+00,-0.000000000000000000e+00,-2.014749253562746756e-01,-1.420668140827657244e-01,-2.310401225934829716e-01,-0.000000000000000000e+00,0.000000000000000000e+00,0.000000000000000000e+00,0.000000000000000000e+00,0.000000000000000000e+00,1.298346863895003089e+00,0.000000000000000000e+00,-0.000000000000000000e+00,-0.000000000000000000e+00
-0.000000000000000000e+00,-0.000000000000000000e+00,0.000000000000000000e+00,-0.000000000000000000e+00,-0.000000000000000000e+00,-1.514739712677152794e-01,-0.000000000000000000e+00,-0.000000000000000000e+00,-0.000000000000000000e+00,-0.000000000000000000e+00,-0.000000000000000000e+00,0.000000000000000000e+00,-0.000000000000000000e+00,-8.618904879509015071e-02,0.000000000000000000e+00,-0.000000000000000000e+00,-0.000000000000000000e+00,0.000000000000000000e+00,0.000000000000000000e+00,-9.863611358661200645e-02,0.000000000000000000e+00,0.000000000000000000e+00,-4.397133629586041925e-02,-4.207193800471641931e-01,-1.171189412281363196e-01,-0.000000000000000000e+00,-7.571194499257621890e-02,-0.000000000000000000e+00,-0.000000000000000000e+00,-6.301960325351257941e-02,-0.000000000000000000e+00,-0.000000000000000000e+00,-3.649580432253734519e-01,0.000000000000000000e+00,-4.307138165599488921e-01,0.000000000000000000e+00,1.858610294737422786e+00,0.000000000000000000e+00,-0.000000000000000000e+00
-2.492641285851572297e-01,-0.000000000000000000e+00,-0.000000000000000000e+00,-0.000000000000000000e+00,-8.511289785624567145e-03,1.346321961392954632e-02,-0.000000000000000000e+00,2.712447216289702312e-01,-1.895056923404460358e-01,0.000000000000000000e+00,0.000000000000000000e+00,-0.000000000000000000e+00,0.000000000000000000e+00,-0.000000000000000000e+00,-1.433663527337638577e-01,-0.000000000000000000e+00,-0.000000000000000000e+00,-1.143898727819030736e-01,-9.532057958760465147e-03,-0.000000000000000000e+00,-0.000000000000000000e+00,-0.000000000000000000e+00,0.000000000000000000e+00,0.000000000000000000e+00,0.000000000000000000e+00,-3.062808566830186319e-01,-0.000000000000000000e+00,-0.000000000000000000e+00,-0.000000000000000000e+00,-0.000000000000000000e+00,-0.000000000000000000e+00,-0.000000000000000000e+00,0.000000000000000000e+00,-9.078088061098627676e-03,0.000000000000000000e+00,-0.000000000000000000e+00,0.000000000000000000e+00,1.546046226948037949e+00,-2.496531242668388259e-02
-1.679202128661238524e-01,-2.887696722511933767e-01,-0.000000000000000000e+00,-0.000000000000000000e+00,-0.000000000000000000e+00,-0.000000000000000000e+00,1.256551834155494700e-02,0.000000000000000000e+00,-6.780265510092768899e-01,-0.000000000000000000e+00,-0.000000000000000000e+00,-0.000000000000000000e+00,0.000000000000000000e+00,-0.000000000000000000e+00,0.000000000000000000e+00,-5.069877617185231805e-02,-0.000000000000000000e+00,-0.000000000000000000e+00,-1.983823299344779356e-01,-0.000000000000000000e+00,1.074493080968749459e-01,0.000000000000000000e+00,-0.000000000000000000e+00,-0.000000000000000000e+00,-0.000000000000000000e+00,0.000000000000000000e+00,-4.172535833955241802e-02,5.033455208371126477e-02,0.000000000000000000e+00,-0.000000000000000000e+00,0.000000000000000000e+00,-3.491266549706753541e-01,-0.000000000000000000e+00,-1.528512817436221138e-01,-0.000000000000000000e+00,-0.000000000000000000e+00,-0.000000000000000000e+00,-2.496531242668388259e-02,1.807752855895344846e+00
