2.078701113509217269e+00,-5.415317941740722674e-01,-0.000000000000000000e+00,-0.000000000000000000e+00,-0.000000000000000000e+00,-0.000000000000000000e+00,-0.000000000000000000e+00,2.183807112988367036e-02,-0.000000000000000000e+00,-1.589378934803946375e-01,-0.000000000000000000e+00,-0.000000000000000000e+00,-0.000000000000000000e+00,-0.000000000000000000e+00,-0.000000000000000000e+00,-3.404287738888092663e-01,-0.000000000000000000e+00,-4.644256815483305267e-02,-0.000000000000000000e+00,-0.000000000000000000e+00,-0.000000000000000000e+00,-0.000000000000000000e+00,-1.443741299303541968e-02,-8.366154366330497832e-03,-7.796400905159149575e-02,-0.000000000000000000e+00,-5.340988034951602015e-02,-0.000000000000000000e+00,-0.000000000000000000e+00,-2.838707995072753398e-01,-6.873344378095073981e-02,-0.000000000000000000e+00,-0.000000000000000000e+00,-0.000000000000000000e+00,-1.528506711522961137e-01,-2.976788288547106420e-01,-0.000000000000000000e+00,-0.000000000000000000e+00,-1.398152410773252363e-01
-5.415317941740722674e-01,1.712981434271384495e+00,-0.000000000000000000e+00,0.000000000000000000e+00,-0.000000000000000000e+00,-0.000000000000000000e+00,-0.000000000000000000e+00,3.727889585324033195e-02,-2.787371996264145779e-01,-0.000000000000000000e+00,-0.000000000000000000e+00,-0.000000000000000000e+00,-0.000000000000000000e+00,-0.000000000000000000e+00,-0.000000000000000000e+00,-0.000000000000000000e+00,-0.000000000000000000e+00,-0.000000000000000000e+00,-0.000000000000000000e+00,-0.000000000000000000e+00,-0.000000000000000000e+00,-0.000000000000000000e+00,-0.000000000000000000e+00,-1.248721713323603863e-02,-0.000000000000000000e+00,-7.781526074022157569e-02,-7.077041727915933667e-02,-0.000000000000000000e+00,-0.000000000000000000e+00,-0.000000000000000000e+00,-2.088780351977476135e-01,-0.000000000000000000e+00,-0.000000000000000000e+00,-0.000000000000000000e+00,-0.000000000000000000e+00,-2.411386501639324956e-02,-0.000000000000000000e+00,-0.000000000000000000e+00,-2.771340162757166548e-01
-0.000000000000000000e+00,-0.000000000000000000e+00,2.871296218082926899e+00,-0.000000000000000000e+00,-0.000000000000000000e+00,-0.000000000000000000e+00,-8.659856368045523722e-02,6.842768869061461867e-01,-0.000000000000000000e+00,-0.000000000000000000e+00,-0.000000000000000000e+00,-6.886031341532697359e-02,-0.000000000000000000e+00,-2.279212061790615029e-01,-0.000000000000000000e+00,-1.687576473788403864e-01,-0.000000000000000000e+00,-0.000000000000000000e+00,-0.000000000000000000e+00,-7.831861848904392298e-02,-3.395911107937585327e-01,-3.705881020075573740e-01,-0.000000000000000000e+00,-0.000000000000000000e+00,-4.714526128357319351e-02,-8.846145520688268593e-02,-0.000000000000000000e+00,-5.253199684848847834e-02,-0.000000000000000000e+00,-0.000000000000000000e+00,-1.180026161903136896e-02,0.000000000000000000e+00,-4.916773759022850521e-01,-0.000000000000000000e+00,-1.188641920215513792e-01,-0.000000000000000000e+00,-1.674018365107785566e-01,-0.000000000000000000e+00,-0.000000000000000000e+00
-0.000000000000000000e+00,0.000000000000000000e+00,-0.000000000000000000e+00,1.043650285112517118e+00,6.608350183092875918e-02,-0.000000000000000000e+00,-1.377176540054016185e-01,0.000000000000000000e+00,0.000000000000000000e+00,0.000000000000000000e+00,-0.000000000000000000e+00,0.000000000000000000e+00,0.000000000000000000e+00,-0.000000000000000000e+00,5.595410913242623852e-02,-0.000000000000000000e+00,-0.000000000000000000e+00,0.000000000000000000e+00,0.000000000000000000e+00,-1.874813058507567845e-03,-0.000000000000000000e+00,-5.377327130024248808e-02,-0.000000000000000000e+00,-0.000000000000000000e+00,0.000000000000000000e+00,-0.000000000000000000e+00,0.000000000000000000e+00,-0.000000000000000000e+00,-0.000000000000000000e+00,-0.000000000000000000e+00,0.000000000000000000e+00,0.000000000000000000e+00,-0.000000000000000000e+00,0.000000000000000000e+00,-0.000000000000000000e+00,-0.000000000000000000e+00,-0.000000000000000000e+00,1.419178701072798254e-01,0.000000000000000000e+00
-0.000000000000000000e+00,-0.000000000000000000e+00,-0.000000000000000000e+00,6.608350183092875918e-02,1.936464762370742276e+00,0.000000000000000000e+00,-0.000000000000000000e+00,8.407814099273824837e-02,-1.641147609605082547e-01,-9.118490727125273809e-02,-0.000000000000000000e+00,-0.000000000000000000e+00,-0.000000000000000000e+00,-0.000000000000000000e+00,-0.000000000000000000e+00,-0.000000000000000000e+00,-0.000000000000000000e+00,-4.551114895129863003e-01,-0.000000000000000000e+00,0.000000000000000000e+00,-0.000000000000000000e+00,-0.000000000000000000e+00,-0.000000000000000000e+00,-0.000000000000000000e+00,-0.000000000000000000e+00,-0.000000000000000000e+00,-2.337502502139211236e-01,-0.000000000000000000e+00,-0.000000000000000000e+00,-4.532902553585526489e-02,-3.087311220606843154e-01,-0.000000000000000000e+00,-8.394853091568466041e-02,-4.132854954695684424e-01,-0.000000000000000000e+00,-0.000000000000000000e+00,-0.000000000000000000e+00,-7.744377669808993198e-03,-9.136450459602538099e-02
-0.000000000000000000e+00,-0.000000000000000000e+00,-0.000000000000000000e+00,-0.000000000000000000e+00,0.000000000000000000e+00,2.323731933912144054e+00,-3.816432672001044413e-01,0.000000000000000000e+00,-0.000000000000000000e+00,-0.000000000000000000e+00,-5.047309398001619263e-01,-0.000000000000000000e+00,-0.000000000000000000e+00,-1.107783258321727027e-01,-0.000000000000000000e+00,-4.272398905685345638e-02,-2.862484526691752018e-01,0.000000000000000000e+00,-0.000000000000000000e+00,-0.000000000000000000e+00,-1.923926273028950598e-02,-3.697412512007408059e-01,-0.000000000000000000e+00,-0.000000000000000000e+00,-3.798138158980569890e-02,-6.254984619900745557e-02,-0.000000000000000000e+00,-0.000000000000000000e+00,-8.541235040626622699e-02,-0.000000000000000000e+00,-0.000000000000000000e+00,0.000000000000000000e+00,-0.000000000000000000e+00,-0.000000000000000000e+00,-1.466030273810084994e-01,-0.000000000000000000e+00,-3.368019896375437083e-01,0.000000000000000000e+00,0.000000000000000000e+00
-0.000000000000000000e+00,-0.000000000000000000e+00,-8.659856368045523722e-02,-1.377176540054016185e-01,-0.000000000000000000e+00,-3.816432672001044413e-01,1.941827620786710007e+00,0.000000000000000000e+00,-0.000000000000000000e+00,-0.000000000000000000e+00,-3.177274182801608227e-01,-0.000000000000000000e+00,-0.000000000000000000e+00,-5.916784584640168328e-03,-0.000000000000000000e+00,-2.008608525199445105e-01,-7.460356381179253371e-02,0.000000000000000000e+00,-0.000000000000000000e+00,-2.844732524468894953e-03,-0.000000000000000000e+00,-3.893570183356058756e-01,-1.035072237895500041e-01,-0.000000000000000000e+00,-0.000000000000000000e+00,-0.000000000000000000e+00,-0.000000000000000000e+00,-0.000000000000000000e+00,-0.000000000000000000e+00,-4.008603110443585173e-03,-0.000000000000000000e+00,0.000000000000000000e+00,-0.000000000000000000e+00,-0.000000000000000000e+00,-0.000000000000000000e+00,-0.000000000000000000e+00,-1.702912632477015242e-01,0.000000000000000000e+00,0.000000000000000000e+00
2.183807112988367036e-02,3.727889585324033195e-02,6.842768869061461867e-01,0.000000000000000000e+00,8.407814099273824837e-02,0.000000000000000000e+00,0.000000000000000000e+00,2.433498519888167344e+00,6.458012293654029866e-03,0.000000000000000000e+00,0.000000000000000000e+00,8.708607587114668147e-02,0.000000000000000000e+00,1.350710806575652623e-01,0.000000000000000000e+00,4.693772262307607107e-02,0.000000000000000000e+00,0.000000000000000000e+00,0.000000000000000000e+00,0.000000000000000000e+00,1.002835172778949874e-01,9.681576146923302761e-02,9.803673981117062841e-02,0.000000000000000000e+00,0.000000000000000000e+00,1.700024132454037605e-03,0.000000000000000000e+00,0.000000000000000000e+00,0.000000000000000000e+00,4.171735691865961076e-02,1.928139355286138390e-01,-0.000000000000000000e+00,6.485550526577660291e-01,1.237464628635204927e-01,2.976687894447348649e-03,0.000000000000000000e+00,0.000000000000000000e+00,0.000000000000000000e+00,0.000000000000000000e+00
-0.000000000000000000e+00,-2.787371996264145779e-01,-0.000000000000000000e+00,0.000000000000000000e+00,-1.641147609605082547e-01,-0.000000000000000000e+00,-0.000000000000000000e+00,6.458012293654029866e-03,1.496278977669622590e+00,-0.000000000000000000e+00,-0.000000000000000000e+00,-0.000000000000000000e+00,-0.000000000000000000e+00,-3.022985545376533772e-02,-0.000000000000000000e+00,-0.000000000000000000e+00,-0.000000000000000000e+00,-1.121965456327174149e-01,-0.000000000000000000e+00,-0.000000000000000000e+00,-0.000000000000000000e+00,-0.000000000000000000e+00,-0.000000000000000000e+00,-1.482199913726836293e-01,-0.000000000000000000e+00,-0.000000000000000000e+00,-0.000000000000000000e+00,-0.000000000000000000e+00,-0.000000000000000000e+00,-6.392343992637683492e-02,-0.000000000000000000e+00,-0.000000000000000000e+00,-7.706144386547465752e-02,-4.030423073399951872e-01,-0.000000000000000000e+00,0.000000000000000000e+00,-0.000000000000000000e+00,-0.000000000000000000e+00,-0.000000000000000000e+00
-1.589378934803946375e-01,-0.000000000000000000e+00,-0.000000000000000000e+00,0.000000000000000000e+00,-9.118490727125273809e-02,-0.000000000000000000e+00,-0.000000000000000000e+00,0.000000000000000000e+00,-0.000000000000000000e+00,2.317421828894198566e+00,-0.000000000000000000e+00,-1.519870482028811975e-01,-0.000000000000000000e+00,-0.000000000000000000e+00,-4.769651016190868537e-02,-1.912718688969686498e-01,-0.000000000000000000e+00,-2.423166727382084773e-01,-3.577766706068158387e-01,-0.000000000000000000e+00,-0.000000000000000000e+00,-0.000000000000000000e+00,-0.000000000000000000e+00,-0.000000000000000000e+00,-3.424400960219612933e-01,-0.000000000000000000e+00,-0.000000000000000000e+00,-0.000000000000000000e+00,-0.000000000000000000e+00,-1.738572820255481211e-01,-2.878390018150011609e-01,0.000000000000000000e+00,-0.000000000000000000e+00,-0.000000000000000000e+00,-0.000000000000000000e+00,-0.000000000000000000e+00,-0.000000000000000000e+00,-1.279928616796298935e-01,-3.525573548782887645e-01
-0.000000000000000000e+00,-0.000000000000000000e+00,-0.000000000000000000e+00,-0.000000000000000000e+00,-0.000000000000000000e+00,-5.047309398001619263e-01,-3.177274182801608227e-01,0.000000000000000000e+00,-0.000000000000000000e+00,-0.000000000000000000e+00,1.953120630285102299e+00,-3.028609058670073684e-01,-0.000000000000000000e+00,-0.000000000000000000e+00,-0.000000000000000000e+00,-5.165744254017362591e-02,-4.027502239406630102e-01,0.000000000000000000e+00,-0.000000000000000000e+00,-0.000000000000000000e+00,-0.000000000000000000e+00,-0.000000000000000000e+00,-2.005484291805652575e-01,-0.000000000000000000e+00,-0.000000000000000000e+00,-0.000000000000000000e+00,-0.000000000000000000e+00,-0.000000000000000000e+00,-0.000000000000000000e+00,-5.646289810458292313e-02,-0.000000000000000000e+00,-0.000000000000000000e+00,-0.000000000000000000e+00,-0.000000000000000000e+00,-0.000000000000000000e+00,-0.000000000000000000e+00,-2.228082141623600326e-02,0.000000000000000000e+00,0.000000000000000000e+00
-0.000000000000000000e+00,-0.000000000000000000e+00,-6.886031341532697359e-02,0.000000000000000000e+00,-0.000000000000000000e+00,-0.000000000000000000e+00,-0.000000000000000000e+00,8.708607587114668147e-02,-0.000000000000000000e+00,-1.519870482028811975e-01,-3.028609058670073684e-01,1.868390578599337326e+00,-2.308391021485584615e-01,-0.000000000000000000e+00,-1.203740525721615079e-01,-2.229671585984104309e-01,-0.000000000000000000e+00,-0.000000000000000000e+00,-4.053605019804070175e-01,-0.000000000000000000e+00,-0.000000000000000000e+00,-0.000000000000000000e+00,-0.000000000000000000e+00,-0.000000000000000000e+00,-0.000000000000000000e+00,-1.045501162432702080e-01,-0.000000000000000000e+00,-0.000000000000000000e+00,-0.000000000000000000e+00,-1.357709171844344587e-01,-0.000000000000000000e+00,0.000000000000000000e+00,-6.952870952857391484e-02,-0.000000000000000000e+00,-0.000000000000000000e+00,-0.000000000000000000e+00,-0.000000000000000000e+00,-0.000000000000000000e+00,-0.000000000000000000e+00
-0.000000000000000000e+00,-0.000000000000000000e+00,-0.000000000000000000e+00,0.000000000000000000e+00,-0.000000000000000000e+00,-0.000000000000000000e+00,-0.000000000000000000e+00,0.000000000000000000e+00,-0.000000000000000000e+00,-0.000000000000000000e+00,-0.000000000000000000e+00,-2.308391021485584615e-01,1.144999083325876521e+00,-0.000000000000000000e+00,0.000000000000000000e+00,-0.000000000000000000e+00,-0.000000000000000000e+00,-0.000000000000000000e+00,-1.418579277049436815e-01,0.000000000000000000e+00,0.000000000000000000e+00,-0.000000000000000000e+00,-8.975705892621278770e-02,0.000000000000000000e+00,-0.000000000000000000e+00,0.000000000000000000e+00,-0.000000000000000000e+00,0.000000000000000000e+00,0.000000000000000000e+00,-6.168592887936825975e-02,0.000000000000000000e+00,-0.000000000000000000e+00,-0.000000000000000000e+00,-0.000000000000000000e+00,0.000000000000000000e+00,-0.000000000000000000e+00,-0.000000000000000000e+00,-0.000000000000000000e+00,-0.000000000000000000e+00
-0.000000000000000000e+00,-0.000000000000000000e+00,-2.279212061790615029e-01,-0.000000000000000000e+00,-0.000000000000000000e+00,-1.107783258321727027e-01,-5.916784584640168328e-03,1.350710806575652623e-01,-3.022985545376533772e-02,-0.000000000000000000e+00,-0.000000000000000000e+00,-0.000000000000000000e+00,-0.000000000000000000e+00,2.356429173176927350e+00,-0.000000000000000000e+00,-4.583767266478193381e-02,-2.311209226334396197e-02,-0.000000000000000000e+00,-0.000000000000000000e+00,-0.000000000000000000e+00,-0.000000000000000000e+00,-0.000000000000000000e+00,-6.056141520288958052e-02,-1.693572944243735001e-01,-2.143083838818225784e-01,-3.034166241379057105e-01,-1.333962344867424543e-01,-1.943503346520097097e-01,-0.000000000000000000e+00,-9.070564109477767534e-02,-1.531778896848945692e-01,-0.000000000000000000e+00,-3.140591185366187754e-01,-0.000000000000000000e+00,-2.124813299722493609e-01,-0.000000000000000000e+00,-1.168582697794211117e-01,-0.000000000000000000e+00,-0.000000000000000000e+00
-0.000000000000000000e+00,-0.000000000000000000e+00,-0.000000000000000000e+00,5.595410913242623852e-02,-0.000000000000000000e+00,-0.000000000000000000e+00,-0.000000000000000000e+00,0.000000000000000000e+00,-0.000000000000000000e+00,-4.769651016190868537e-02,-0.000000000000000000e+00,-1.203740525721615079e-01,0.000000000000000000e+00,-0.000000000000000000e+00,1.380978915234457594e+00,-0.000000000000000000e+00,-0.000000000000000000e+00,-0.000000000000000000e+00,-3.293357699889144508e-01,-0.000000000000000000e+00,-0.000000000000000000e+00,-0.000000000000000000e+00,0.000000000000000000e+00,-0.000000000000000000e+00,-0.000000000000000000e+00,-1.065595418697882074e-01,-0.000000000000000000e+00,-1.335229851755420638e-01,-0.000000000000000000e+00,-0.000000000000000000e+00,-0.000000000000000000e+00,9.156606655910705383e-02,-0.000000000000000000e+00,-0.000000000000000000e+00,-0.000000000000000000e+00,0.000000000000000000e+00,-0.000000000000000000e+00,-2.304794281755946639e-01,-0.000000000000000000e+00
-3.404287738888092663e-01,-0.000000000000000000e+00,-1.687576473788403864e-01,-0.000000000000000000e+00,-0.000000000000000000e+00,-4.272398905685345638e-02,-2.008608525199445105e-01,4.693772262307607107e-02,-0.000000000000000000e+00,-1.912718688969686498e-01,-5.165744254017362591e-02,-2.229671585984104309e-01,-0.000000000000000000e+00,-4.583767266478193381e-02,-0.000000000000000000e+00,2.432893359193163629e+00,-0.000000000000000000e+00,-0.000000000000000000e+00,-1.216431052453402634e-01,-0.000000000000000000e+00,-0.000000000000000000e+00,-3.958649917487954140e-01,-1.775462301486326888e-01,-0.000000000000000000e+00,-1.950174761515025001e-01,-7.468662395866156045e-02,-0.000000000000000000e+00,-0.000000000000000000e+00,-0.000000000000000000e+00,-2.758009481042152378e-01,-0.000000000000000000e+00,0.000000000000000000e+00,-4.567518553053289548e-02,-0.000000000000000000e+00,-3.377457579312934111e-02,-0.000000000000000000e+00,-0.000000000000000000e+00,-0.000000000000000000e+00,-0.000000000000000000e+00
-0.000000000000000000e+00,-0.000000000000000000e+00,-0.000000000000000000e+00,-0.000000000000000000e+00,-0.000000000000000000e+00,-2.862484526691752018e-01,-7.460356381179253371e-02,0.000000000000000000e+00,-0.000000000000000000e+00,-0.000000000000000000e+00,-4.027502239406630102e-01,-0.000000000000000000e+00,-0.000000000000000000e+00,-2.311209226334396197e-02,-0.000000000000000000e+00,-0.000000000000000000e+00,1.561877147671259181e+00,0.000000000000000000e+00,-0.000000000000000000e+00,-0.000000000000000000e+00,-0.000000000000000000e+00,-0.000000000000000000e+00,-0.000000000000000000e+00,-2.309485288376122991e-01,-0.000000000000000000e+00,-1.619767432418952047e-01,-0.000000000000000000e+00,-0.000000000000000000e+00,-4.447725695385608413e-02,-7.168241889312297306e-04,-0.000000000000000000e+00,-0.000000000000000000e+00,-0.000000000000000000e+00,-0.000000000000000000e+00,-0.000000000000000000e+00,-0.000000000000000000e+00,-6.249942588614440520e-02,0.000000000000000000e+00,0.000000000000000000e+00
-4.644256815483305267e-02,-0.000000000000000000e+00,-0.000000000000000000e+00,0.000000000000000000e+00,-4.551114895129863003e-01,0.000000000000000000e+00,0.000000000000000000e+00,0.000000000000000000e+00,-1.121965456327174149e-01,-2.423166727382084773e-01,0.000000000000000000e+00,-0.000000000000000000e+00,-0.000000000000000000e+00,-0.000000000000000000e+00,-0.000000000000000000e+00,-0.000000000000000000e+00,0.000000000000000000e+00,1.635702268274989546e+00,-6.743410535758530278e-02,-0.000000000000000000e+00,-0.000000000000000000e+00,-0.000000000000000000e+00,-0.000000000000000000e+00,-0.000000000000000000e+00,-0.000000000000000000e+00,-0.000000000000000000e+00,-0.000000000000000000e+00,-0.000000000000000000e+00,-0.000000000000000000e+00,-0.000000000000000000e+00,-4.070326586542794695e-02,-0.000000000000000000e+00,-0.000000000000000000e+00,-0.000000000000000000e+00,-0.000000000000000000e+00,-0.000000000000000000e+00,-0.000000000000000000e+00,-3.660645349402325555e-01,-5.024440530314908809e-02
-0.000000000000000000e+00,-0.000000000000000000e+00,-0.000000000000000000e+00,0.000000000000000000e+00,-0.000000000000000000e+00,-0.000000000000000000e+00,-0.000000000000000000e+00,0.000000000000000000e+00,-0.000000000000000000e+00,-3.577766706068158387e-01,-0.000000000000000000e+00,-4.053605019804070175e-01,-1.418579277049436815e-01,-0.000000000000000000e+00,-3.293357699889144508e-01,-1.216431052453402634e-01,-0.000000000000000000e+00,-6.743410535758530278e-02,1.786820921028882125e+00,-0.000000000000000000e+00,-0.000000000000000000e+00,-0.000000000000000000e+00,-0.000000000000000000e+00,-0.000000000000000000e+00,-0.000000000000000000e+00,-0.000000000000000000e+00,0.000000000000000000e+00,-0.000000000000000000e+00,-0.000000000000000000e+00,-0.000000000000000000e+00,-0.000000000000000000e+00,0.000000000000000000e+00,-1.248616795984240136e-04,-0.000000000000000000e+00,-0.000000000000000000e+00,0.000000000000000000e+00,-0.000000000000000000e+00,-2.184530250659474926e-01,-6.586586978927766456e-02
-0.000000000000000000e+00,-0.000000000000000000e+00,-7.831861848904392298e-02,-1.874813058507567845e-03,0.000000000000000000e+00,-0.000000000000000000e+00,-2.844732524468894953e-03,0.000000000000000000e+00,-0.000000000000000000e+00,-0.000000000000000000e+00,-0.000000000000000000e+00,-0.000000000000000000e+00,0.000000000000000000e+00,-0.000000000000000000e+00,-0.000000000000000000e+00,-0.000000000000000000e+00,-0.000000000000000000e+00,-0.000000000000000000e+00,-0.000000000000000000e+00,1.750575288858141176e+00,-3.664932749946333557e-01,-1.859593006126626369e-01,0.000000000000000000e+00,-0.000000000000000000e+00,-0.000000000000000000e+00,-0.000000000000000000e+00,-0.000000000000000000e+00,-4.580960246530238478e-01,-2.113027539609730054e-01,-0.000000000000000000e+00,-0.000000000000000000e+00,1.127244560559691605e-01,-0.000000000000000000e+00,-0.000000000000000000e+00,-1.107685494847350238e-01,-0.000000000000000000e+00,-0.000000000000000000e+00,-0.000000000000000000e+00,-0.000000000000000000e+00
-0.000000000000000000e+00,-0.000000000000000000e+00,-3.395911107937585327e-01,-0.000000000000000000e+00,-0.000000000000000000e+00,-1.923926273028950598e-02,-0.000000000000000000e+00,1.002835172778949874e-01,-0.000000000000000000e+00,-0.000000000000000000e+00,-0.000000000000000000e+00,-0.000000000000000000e+00,0.000000000000000000e+00,-0.000000000000000000e+00,-0.000000000000000000e+00,-0.000000000000000000e+00,-0.000000000000000000e+00,-0.000000000000000000e+00,-0.000000000000000000e+00,-3.664932749946333557e-01,2.331680902094142915e+00,-5.338940380336819613e-01,-0.000000000000000000e+00,-0.000000000000000000e+00,-1.078951198435781356e-01,-0.000000000000000000e+00,-0.000000000000000000e+00,-2.168374600096052429e-01,-2.362394942331804970e-01,-0.000000000000000000e+00,-0.000000000000000000e+00,5.183409600288001878e-02,-1.926329768707570333e-01,-0.000000000000000000e+00,-1.846806520023211995e-01,-0.000000000000000000e+00,-0.000000000000000000e+00,-0.000000000000000000e+00,-0.000000000000000000e+00
-0.000000000000000000e+00,-0.000000000000000000e+00,-3.705881020075573740e-01,-5.377327130024248808e-02,-0.000000000000000000e+00,-3.697412512007408059e-01,-3.893570183356058756e-01,9.681576146923302761e-02,-0.000000000000000000e+00,-0.000000000000000000e+00,-0.000000000000000000e+00,-0.000000000000000000e+00,-0.000000000000000000e+00,-0.000000000000000000e+00,-0.000000000000000000e+00,-3.958649917487954140e-01,-0.000000000000000000e+00,-0.000000000000000000e+00,-0.000000000000000000e+00,-1.859593006126626369e-01,-5.338940380336819613e-01,2.715027650046473173e+00,-0.000000000000000000e+00,-0.000000000000000000e+00,-0.000000000000000000e+00,-0.000000000000000000e+00,-0.000000000000000000e+00,-0.000000000000000000e+00,-0.000000000000000000e+00,-2.994390042194357282e-02,-0.000000000000000000e+00,0.000000000000000000e+00,-2.134601511756197556e-01,-0.000000000000000000e+00,-1.181224331113415876e-01,-0.000000000000000000e+00,-1.363813516659865832e-01,-0.000000000000000000e+00,-0.000000000000000000e+00
-1.443741299303541968e-02,-0.000000000000000000e+00,-0.000000000000000000e+00,-0.000000000000000000e+00,-0.000000000000000000e+00,-0.000000000000000000e+00,-1.035072237895500041e-01,9.803673981117062841e-02,-0.000000000000000000e+00,-0.000000000000000000e+00,-2.005484291805652575e-01,-0.000000000000000000e+00,-8.975705892621278770e-02,-6.056141520288958052e-02,0.000000000000000000e+00,-1.775462301486326888e-01,-0.000000000000000000e+00,-0.000000000000000000e+00,-0.000000000000000000e+00,0.000000000000000000e+00,-0.000000000000000000e+00,-0.000000000000000000e+00,1.543471883810415557e+00,-0.000000000000000000e+00,-1.350903995283657399e-01,-0.000000000000000000e+00,-0.000000000000000000e+00,-0.000000000000000000e+00,-0.000000000000000000e+00,-7.248629412984489151e-02,-0.000000000000000000e+00,-0.000000000000000000e+00,-1.534844883480215305e-01,-1.244595592136710227e-01,-0.000000000000000000e+00,-1.072298379549700351e-02,-1.083736538553099760e-01,-0.000000000000000000e+00,-0.000000000000000000e+00
-8.366154366330497832e-03,-1.248721713323603863e-02,-0.000000000000000000e+00,-0.000000000000000000e+00,-0.000000000000000000e+00,-0.000000000000000000e+00,-0.000000000000000000e+00,0.000000000000000000e+00,-1.482199913726836293e-01,-0.000000000000000000e+00,-0.000000000000000000e+00,-0.000000000000000000e+00,0.000000000000000000e+00,-1.693572944243735001e-01,-0.000000000000000000e+00,-0.000000000000000000e+00,-2.309485288376122991e-01,-0.000000000000000000e+00,-0.000000000000000000e+00,-0.000000000000000000e+00,-0.000000000000000000e+00,-0.000000000000000000e+00,-0.000000000000000000e+00,1.216564939756726416e+00,-0.000000000000000000e+00,-7.862715891067782736e-02,-0.000000000000000000e+00,-0.000000000000000000e+00,-1.628215188563745391e-02,-4.283805202543876367e-02,-0.000000000000000000e+00,-0.000000000000000000e+00,-0.000000000000000000e+00,-0.000000000000000000e+00,-0.000000000000000000e+00,-0.000000000000000000e+00,-2.445559179501432048e-02,-0.000000000000000000e+00,-0.000000000000000000e+00
-7.796400905159149575e-02,-0.000000000000000000e+00,-4.714526128357319351e-02,0.000000000000000000e+00,-0.000000000000000000e+00,-3.798138158980569890e-02,-0.000000000000000000e+00,0.000000000000000000e+00,-0.000000000000000000e+00,-3.424400960219612933e-01,-0.000000000000000000e+00,-0.000000000000000000e+00,-0.000000000000000000e+00,-2.143083838818225784e-01,-0.000000000000000000e+00,-1.950174761515025001e-01,-0.000000000000000000e+00,-0.000000000000000000e+00,-0.000000000000000000e+00,-0.000000000000000000e+00,-1.078951198435781356e-01,-0.000000000000000000e+00,-1.350903995283657399e-01,-0.000000000000000000e+00,1.905100735335356177e+00,-7.599195558630561509e-02,-0.000000000000000000e+00,-0.000000000000000000e+00,-0.000000000000000000e+00,-8.479388392392689378e-02,-1.426928798157793277e-01,0.000000000000000000e+00,-7.724149739847172708e-03,-0.000000000000000000e+00,-2.825495637260989623e-01,-0.000000000000000000e+00,-0.000000000000000000e+00,-0.000000000000000000e+00,-2.937996856326961781e-02
-0.000000000000000000e+00,-7.781526074022157569e-02,-8.846145520688268593e-02,-0.000000000000000000e+00,-0.000000000000000000e+00,-6.254984619900745557e-02,-0.000000000000000000e+00,1.700024132454037605e-03,-0.000000000000000000e+00,-0.000000000000000000e+00,-0.000000000000000000e+00,-1.045501162432702080e-01,0.000000000000000000e+00,-3.034166241379057105e-01,-1.065595418697882074e-01,-7.468662395866156045e-02,-1.619767432418952047e-01,-0.000000000000000000e+00,-0.000000000000000000e+00,-0.000000000000000000e+00,-0.000000000000000000e+00,-0.000000000000000000e+00,-0.000000000000000000e+00,-7.862715891067782736e-02,-7.599195558630561509e-02,2.036773612801543898e+00,-2.029693828994983407e-01,-3.154240739420595685e-01,-1.764158543988184405e-02,-0.000000000000000000e+00,-1.815101287346107262e-01,0.000000000000000000e+00,-0.000000000000000000e+00,-0.000000000000000000e+00,-2.159349134369277223e-01,-0.000000000000000000e+00,-5.638086862677915007e-02,-0.000000000000000000e+00,-0.000000000000000000e+00
-5.340988034951602015e-02,-7.077041727915933667e-02,-0.000000000000000000e+00,0.000000000000000000e+00,-2.337502502139211236e-01,-0.000000000000000000e+00,-0.000000000000000000e+00,0.000000000000000000e+00,-0.000000000000000000e+00,-0.000000000000000000e+00,-0.000000000000000000e+00,-0.000000000000000000e+00,-0.000000000000000000e+00,-1.333962344867424543e-01,-0.000000000000000000e+00,-0.000000000000000000e+00,-0.000000000000000000e+00,-0.000000000000000000e+00,0.000000000000000000e+00,-0.000000000000000000e+00,-0.000000000000000000e+00,-0.000000000000000000e+00,-0.000000000000000000e+00,-0.000000000000000000e+00,-0.000000000000000000e+00,-2.029693828994983407e-01,1.592860644489699329e+00,-0.000000000000000000e+00,-0.000000000000000000e+00,-1.998631151090467517e-01,-2.745431122479919939e-01,-2.614636506837461627e-01,-0.000000000000000000e+00,-0.000000000000000000e+00,-0.000000000000000000e+00,-1.469418766059116810e-01,-0.000000000000000000e+00,-0.000000000000000000e+00,-0.000000000000000000e+00
-0.000000000000000000e+00,-0.000000000000000000e+00,-5.253199684848847834e-02,-0.000000000000000000e+00,-0.000000000000000000e+00,-0.000000000000000000e+00,-0.000000000000000000e+00,0.000000000000000000e+00,-0.000000000000000000e+00,-0.000000000000000000e+00,-0.000000000000000000e+00,-0.000000000000000000e+00,0.000000000000000000e+00,-1.943503346520097097e-01,-1.335229851755420638e-01,-0.000000000000000000e+00,-0.000000000000000000e+00,-0.000000000000000000e+00,-0.000000000000000000e+00,-4.580960246530238478e-01,-2.168374600096052429e-01,-0.000000000000000000e+00,-0.000000000000000000e+00,-0.000000000000000000e+00,-0.000000000000000000e+00,-3.154240739420595685e-01,-0.000000000000000000e+00,2.226654211793701599e+00,-2.861168069208631093e-01,-0.000000000000000000e+00,-3.105264016709851083e-01,0.000000000000000000e+00,-0.000000000000000000e+00,-0.000000000000000000e+00,-3.148037047733066029e-01,-0.000000000000000000e+00,-0.000000000000000000e+00,-0.000000000000000000e+00,-0.000000000000000000e+00
-0.000000000000000000e+00,-0.000000000000000000e+00,-0.000000000000000000e+00,-0.000000000000000000e+00,-0.000000000000000000e+00,-8.541235040626622699e-02,-0.000000000000000000e+00,0.000000000000000000e+00,-0.000000000000000000e+00,-0.000000000000000000e+00,-0.000000000000000000e+00,-0.000000000000000000e+00,0.000000000000000000e+00,-0.000000000000000000e+00,-0.000000000000000000e+00,-0.000000000000000000e+00,-4.447725695385608413e-02,-0.000000000000000000e+00,-0.000000000000000000e+00,-2.113027539609730054e-01,-2.362394942331804970e-01,-0.000000000000000000e+00,-0.000000000000000000e+00,-1.628215188563745391e-02,-0.000000000000000000e+00,-1.764158543988184405e-02,-0.000000000000000000e+00,-2.861168069208631093e-01,1.682851757950038385e+00,-0.000000000000000000e+00,-0.000000000000000000e+00,0.000000000000000000e+00,-0.000000000000000000e+00,-0.000000000000000000e+00,-1.388669293013648776e-01,-0.000000000000000000e+00,-3.825149860111125566e-01,-0.000000000000000000e+00,-0.000000000000000000e+00
-2.838707995072753398e-01,-0.000000000000000000e+00,-0.000000000000000000e+00,-0.000000000000000000e+00,-4.532902553585526489e-02,-0.000000000000000000e+00,-4.008603110443585173e-03,4.171735691865961076e-02,-6.392343992637683492e-02,-1.738572820255481211e-01,-5.646289810458292313e-02,-1.357709171844344587e-01,-6.168592887936825975e-02,-9.070564109477767534e-02,-0.000000000000000000e+00,-2.758009481042152378e-01,-7.168241889312297306e-04,-0.000000000000000000e+00,-0.000000000000000000e+00,-0.000000000000000000e+00,-0.000000000000000000e+00,-2.994390042194357282e-02,-7.248629412984489151e-02,-4.283805202543876367e-02,-8.479388392392689378e-02,-0.000000000000000000e+00,-1.998631151090467517e-01,-0.000000000000000000e+00,-0.000000000000000000e+00,1.872150042030472417e+00,-0.000000000000000000e+00,-0.000000000000000000e+00,-1.771654393108297587e-01,-0.000000000000000000e+00,-0.000000000000000000e+00,-4.152402439335175360e-02,-0.000000000000000000e+00,-0.000000000000000000e+00,-0.000000000000000000e+00
-6.873344378095073981e-02,-2.088780351977476135e-01,-1.180026161903136896e-02,0.000000000000000000e+00,-3.087311220606843154e-01,-0.000000000000000000e+00,-0.000000000000000000e+00,1.928139355286138390e-01,-0.000000000000000000e+00,-2.878390018150011609e-01,-0.000000000000000000e+00,-0.000000000000000000e+00,0.000000000000000000e+00,-1.531778896848945692e-01,-0.000000000000000000e+00,-0.000000000000000000e+00,-0.000000000000000000e+00,-4.070326586542794695e-02,-0.000000000000000000e+00,-0.000000000000000000e+00,-0.000000000000000000e+00,-0.000000000000000000e+00,-0.000000000000000000e+00,-0.000000000000000000e+00,-1.426928798157793277e-01,-1.815101287346107262e-01,-2.745431122479919939e-01,-3.105264016709851083e-01,-0.000000000000000000e+00,-0.000000000000000000e+00,2.203320760100979658e+00,-0.000000000000000000e+00,-0.000000000000000000e+00,-0.000000000000000000e+00,-0.000000000000000000e+00,-0.000000000000000000e+00,-0.000000000000000000e+00,-0.000000000000000000e+00,-1.617974582612340950e-01
-0.000000000000000000e+00,-0.000000000000000000e+00,0.000000000000000000e+00,0.000000000000000000e+00,-0.000000000000000000e+00,0.000000000000000000e+00,0.000000000000000000e+00,-0.000000000000000000e+00,-0.000000000000000000e+00,0.000000000000000000e+00,-0.000000000000000000e+00,0.000000000000000000e+00,-0.000000000000000000e+00,-0.000000000000000000e+00,9.156606655910705383e-02,0.000000000000000000e+00,-0.000000000000000000e+00,-0.000000000000000000e+00,0.000000000000000000e+00,1.127244560559691605e-01,5.183409600288001878e-02,0.000000000000000000e+00,-0.000000000000000000e+00,-0.000000000000000000e+00,0.000000000000000000e+00,0.000000000000000000e+00,-2.614636506837461627e-01,0.000000000000000000e+00,0.000000000000000000e+00,-0.000000000000000000e+00,-0.000000000000000000e+00,1.067310539082126919e+00,0.000000000000000000e+00,-0.000000000000000000e+00,0.000000000000000000e+00,-0.000000000000000000e+00,0.000000000000000000e+00,0.000000000000000000e+00,0.000000000000000000e+00
-0.000000000000000000e+00,-0.000000000000000000e+00,-4.916773759022850521e-01,-0.000000000000000000e+00,-8.394853091568466041e-02,-0.000000000000000000e+00,-0.000000000000000000e+00,6.485550526577660291e-01,-7.706144386547465752e-02,-0.000000000000000000e+00,-0.000000000000000000e+00,-6.952870952857391484e-02,-0.000000000000000000e+00,-3.140591185366187754e-01,-0.000000000000000000e+00,-4.567518553053289548e-02,-0.000000000000000000e+00,-0.000000000000000000e+00,-1.248616795984240136e-04,-0.000000000000000000e+00,-1.926329768707570333e-01,-2.134601511756197556e-01,-1.534844883480215305e-01,-0.000000000000000000e+00,-7.724149739847172708e-03,-0.000000000000000000e+00,-0.000000000000000000e+00,-0.000000000000000000e+00,-0.000000000000000000e+00,-1.771654393108297587e-01,-0.000000000000000000e+00,0.000000000000000000e+00,2.550313685305722000e+00,-6.735027732453785498e-02,-0.000000000000000000e+00,-0.000000000000000000e+00,-7.973343693887662009e-02,-0.000000000000000000e+00,-0.000000000000000000e+00
-0.000000000000000000e+00,-0.000000000000000000e+00,-0.000000000000000000e+00,0.000000000000000000e+00,-4.132854954695684424e-01,-0.000000000000000000e+00,-0.000000000000000000e+00,1.237464628635204927e-01,-4.030423073399951872e-01,-0.000000000000000000e+00,-0.000000000000000000e+00,-0.000000000000000000e+00,-0.000000000000000000e+00,-0.000000000000000000e+00,-0.000000000000000000e+00,-0.000000000000000000e+00,-0.000000000000000000e+00,-0.000000000000000000e+00,-0.000000000000000000e+00,-0.000000000000000000e+00,-0.000000000000000000e+00,-0.000000000000000000e+00,-1.244595592136710227e-01,-0.000000000000000000e+00,-0.000000000000000000e+00,-0.000000000000000000e+00,-0.000000000000000000e+00,-0.000000000000000000e+00,-0.000000000000000000e+00,-0.000000000000000000e+00,-0.000000000000000000e+00,-0.000000000000000000e+00,-6.735027732453785498e-02,1.485608185272815351e+00,-0.000000000000000000e+00,0.000000000000000000e+00,-0.000000000000000000e+00,-0.000000000000000000e+00,-0.000000000000000000e+00
-1.528506711522961137e-01,-0.000000000000000000e+00,-1.188641920215513792e-01,-0.000000000000000000e+00,-0.000000000000000000e+00,-1.466030273810084994e-01,-0.000000000000000000e+00,2.976687894447348649e-03,-0.000000000000000000e+00,-0.000000000000000000e+00,-0.000000000000000000e+00,-0.000000000000000000e+00,0.000000000000000000e+00,-2.124813299722493609e-01,-0.000000000000000000e+00,-3.377457579312934111e-02,-0.000000000000000000e+00,-0.000000000000000000e+00,-0.000000000000000000e+00,-1.107685494847350238e-01,-1.846806520023211995e-01,-1.181224331113415876e-01,-0.000000000000000000e+00,-0.000000000000000000e+00,-2.825495637260989623e-01,-2.159349134369277223e-01,-0.000000000000000000e+00,-3.148037047733066029e-01,-1.388669293013648776e-01,-0.000000000000000000e+00,-0.000000000000000000e+00,0.000000000000000000e+00,-0.000000000000000000e+00,-0.000000000000000000e+00,2.137682335709016890e+00,-0.000000000000000000e+00,-9.759333876089681947e-02,-0.000000000000000000e+00,-0.000000000000000000e+00
-2.976788288547106420e-01,-2.411386501639324956e-02,-0.000000000000000000e+00,-0.000000000000000000e+00,-0.000000000000000000e+00,-0.000000000000000000e+00,-0.000000000000000000e+00,0.000000000000000000e+00,0.000000000000000000e+00,-0.000000000000000000e+00,-0.000000000000000000e+00,-0.000000000000000000e+00,-0.000000000000000000e+00,-0.000000000000000000e+00,0.000000000000000000e+00,-0.000000000000000000e+00,-0.000000000000000000e+00,-0.000000000000000000e+00,0.000000000000000000e+00,-0.000000000000000000e+00,-0.000000000000000000e+00,-0.000000000000000000e+00,-1.072298379549700351e-02,-0.000000000000000000e+00,-0.000000000000000000e+00,-0.000000000000000000e+00,-1.469418766059116810e-01,-0.000000000000000000e+00,-0.000000000000000000e+00,-4.152402439335175360e-02,-0.000000000000000000e+00,-0.000000000000000000e+00,-0.000000000000000000e+00,0.000000000000000000e+00,-0.000000000000000000e+00,1.155930322380798403e+00,-0.000000000000000000e+00,0.000000000000000000e+00,-0.000000000000000000e+00
-0.000000000000000000e+00,-0.000000000000000000e+00,-1.674018365107785566e-01,-0.000000000000000000e+00,-0.000000000000000000e+00,-3.368019896375437083e-01,-1.702912632477015242e-01,0.000000000000000000e+00,-0.000000000000000000e+00,-0.000000000000000000e+00,-2.228082141623600326e-02,-0.000000000000000000e+00,-0.000000000000000000e+00,-1.168582697794211117e-01,-0.000000000000000000e+00,-0.000000000000000000e+00,-6.249942588614440520e-02,-0.000000000000000000e+00,-0.000000000000000000e+00,-0.000000000000000000e+00,-0.000000000000000000e+00,-1.363813516659865832e-01,-1.083736538553099760e-01,-2.445559179501432048e-02,-0.000000000000000000e+00,-5.638086862677915007e-02,-0.000000000000000000e+00,-0.000000000000000000e+00,-3.825149860111125566e-01,-0.000000000000000000e+00,-0.000000000000000000e+00,0.000000000000000000e+00,-7.973343693887662009e-02,-0.000000000000000000e+00,-9.759333876089681947e-02,-0.000000000000000000e+00,1.878288002911959742e+00,0.000000000000000000e+00,-0.000000000000000000e+00
-0.000000000000000000e+00,-0.000000000000000000e+00,-0.000000000000000000e+00,1.419178701072798254e-01,-7.744377669808993198e-03,0.000000000000000000e+00,0.000000000000000000e+00,0.000000000000000000e+00,-0.000000000000000000e+00,-1.279928616796298935e-01,0.000000000000000000e+00,-0.000000000000000000e+00,-0.000000000000000000e+00,-0.000000000000000000e+00,-2.304794281755946639e-01,-0.000000000000000000e+00,0.000000000000000000e+00,-3.660645349402325555e-01,-2.184530250659474926e-01,-0.000000000000000000e+00,-0.000000000000000000e+00,-0.000000000000000000e+00,-0.000000000000000000e+00,-0.000000000000000000e+00,-0.000000000000000000e+00,-0.000000000000000000e+00,-0.000000000000000000e+00,-0.000000000000000000e+00,-0.000000000000000000e+00,-0.000000000000000000e+00,-0.000000000000000000e+00,0.000000000000000000e+00,-0.000000000000000000e+00,-0.000000000000000000e+00,-0.000000000000000000e+00,0.000000000000000000e+00,0.000000000000000000e+00,1.829219478647074570e+00,-6.682620686625452278e-01
-1.398152410773252363e-01,-2.771340162757166548e-01,-0.000000000000000000e+00,0.000000000000000000e+00,-9.136450459602538099e-02,0.000000000000000000e+00,0.000000000000000000e+00,0.000000000000000000e+00,-0.000000000000000000e+00,-3.525573548782887645e-01,0.000000000000000000e+00,-0.000000000000000000e+00,-0.000000000000000000e+00,-0.000000000000000000e+00,-0.000000000000000000e+00,-0.000000000000000000e+00,0.000000000000000000e+00,-5.024440530314908809e-02,-6.586586978927766456e-02,-0.000000000000000000e+00,-0.000000000000000000e+00,-0.000000000000000000e+00,-0.000000000000000000e+00,-0.000000000000000000e+00,-2.937996856326961781e-02,-0.000000000000000000e+00,-0.000000000000000000e+00,-0.000000000000000000e+00,-0.000000000000000000e+00,-0.000000000000000000e+00,-1.617974582612340950e-01,0.000000000000000000e+00,-0.000000000000000000e+00,-0.000000000000000000e+00,-0.000000000000000000e+00,-0.000000000000000000e+00,-0.000000000000000000e+00,-6.682620686625452278e-01,1.948021274741114972e+00
