1.483715012389976495e+00,-0.000000000000000000e+00,-0.000000000000000000e+00,0.000000000000000000e+00,-0.000000000000000000e+00,-0.000000000000000000e+00,-0.000000000000000000e+00,0.000000000000000000e+00,0.000000000000000000e+00,-0.000000000000000000e+00,-0.000000000000000000e+00,-0.000000000000000000e+00,-0.000000000000000000e+00,-0.000000000000000000e+00,-0.000000000000000000e+00,-0.000000000000000000e+00,-0.000000000000000000e+00,0.000000000000000000e+00,0.000000000000000000e+00,-0.000000000000000000e+00,-0.000000000000000000e+00,0.000000000000000000e+00,-0.000000000000000000e+00,-0.000000000000000000e+00,-0.000000000000000000e+00,-1.607416167710687405e-01,-6.472936149709090925e-01,-0.000000000000000000e+00,-0.000000000000000000e+00,-0.000000000000000000e+00,-0.000000000000000000e+00,-0.000000000000000000e+00,-0.000000000000000000e+00,-1.395300094329197417e-02,-1.537411363362935768e-01,-0.000000000000000000e+00,-0.000000000000000000e+00,-0.000000000000000000e+00,-0.000000000000000000e+00
-0.000000000000000000e+00,1.974175478542913753e+00,0.000000000000000000e+00,-2.690693666717073815e-02,-0.000000000000000000e+00,-0.000000000000000000e+00,0.000000000000000000e+00,-0.000000000000000000e+00,-0.000000000000000000e+00,-9.440450669353316060e-02,-0.000000000000000000e+00,-0.000000000000000000e+00,-0.000000000000000000e+00,-1.324188063526848813e-01,-0.000000000000000000e+00,-3.315099513852807211e-01,-0.000000000000000000e+00,-0.000000000000000000e+00,0.000000000000000000e+00,-0.000000000000000000e+00,-0.000000000000000000e+00,-0.000000000000000000e+00,-3.761741627827263623e-01,-6.136981058548953566e-02,-1.739710559483622632e-01,-0.000000000000000000e+00,-0.000000000000000000e+00,-0.000000000000000000e+00,-0.000000000000000000e+00,-0.000000000000000000e+00,-0.000000000000000000e+00,-3.049040171250239073e-01,-0.000000000000000000e+00,-1.479487956797103376e-01,-0.000000000000000000e+00,-1.634592103970889942e-01,-2.011015886919971171e-02,0.000000000000000000e+00,-0.000000000000000000e+00
-0.000000000000000000e+00,0.000000000000000000e+00,1.987881286209393528e+00,0.000000000000000000e+00,-2.436752490987963704e-01,0.000000000000000000e+00,-8.190627923130944232e-02,1.227483622314687661e+00,-2.754876294854988195e-02,-0.000000000000000000e+00,0.000000000000000000e+00,0.000000000000000000e+00,0.000000000000000000e+00,-0.000000000000000000e+00,0.000000000000000000e+00,-0.000000000000000000e+00,0.000000000000000000e+00,-0.000000000000000000e+00,-9.016566168799791670e-02,-0.000000000000000000e+00,0.000000000000000000e+00,-0.000000000000000000e+00,-0.000000000000000000e+00,-0.000000000000000000e+00,-0.000000000000000000e+00,-0.000000000000000000e+00,-0.000000000000000000e+00,-0.000000000000000000e+00,0.000000000000000000e+00,-0.000000000000000000e+00,-2.092249068854825644e-01,0.000000000000000000e+00,-0.000000000000000000e+00,0.000000000000000000e+00,-0.000000000000000000e+00,0.000000000000000000e+00,0.000000000000000000e+00,-0.000000000000000000e+00,-0.000000000000000000e+00
0.000000000000000000e+00,-2.690693666717073815e-02,0.000000000000000000e+00,1.030123937789310773e+00,-0.000000000000000000e+00,-0.000000000000000000e+00,6.562445585335238696e-02,-0.000000000000000000e+00,-0.000000000000000000e+00,-0.000000000000000000e+00,-0.000000000000000000e+00,-0.000000000000000000e+00,-0.000000000000000000e+00,-0.000000000000000000e+00,0.000000000000000000e+00,-0.000000000000000000e+00,-0.000000000000000000e+00,-0.000000000000000000e+00,0.000000000000000000e+00,0.000000000000000000e+00,-1.354802047816495159e-01,-0.000000000000000000e+00,-0.000000000000000000e+00,-0.000000000000000000e+00,-0.000000000000000000e+00,-0.000000000000000000e+00,0.000000000000000000e+00,0.000000000000000000e+00,-0.000000000000000000e+00,-0.000000000000000000e+00,0.000000000000000000e+00,-0.000000000000000000e+00,0.000000000000000000e+00,-0.000000000000000000e+00,-0.000000000000000000e+00,-0.000000000000000000e+00,-0.000000000000000000e+00,0.000000000000000000e+00,-0.000000000000000000e+00
-0.000000000000000000e+00,-0.000000000000000000e+00,-2.436752490987963704e-01,-0.000000000000000000e+00,1.535048536559110000e+00,-0.000000000000000000e+00,0.000000000000000000e+00,0.000000000000000000e+00,-5.861113715575726468e-01,-2.156302112127874149e-01,-0.000000000000000000e+00,-0.000000000000000000e+00,0.000000000000000000e+00,-2.468482912752653982e-02,0.000000000000000000e+00,-0.000000000000000000e+00,-0.000000000000000000e+00,-2.807701221716311230e-02,-0.000000000000000000e+00,0.000000000000000000e+00,-0.000000000000000000e+00,0.000000000000000000e+00,-8.835150153114032512e-02,-1.892247552877061312e-01,-0.000000000000000000e+00,-3.855929726815340158e-02,-0.000000000000000000e+00,-0.000000000000000000e+00,-0.000000000000000000e+00,-7.320034227133914717e-02,-0.000000000000000000e+00,-0.000000000000000000e+00,-0.000000000000000000e+00,-0.000000000000000000e+00,-0.000000000000000000e+00,-0.000000000000000000e+00,-0.000000000000000000e+00,-0.000000000000000000e+00,-0.000000000000000000e+00
-0.000000000000000000e+00,-0.000000000000000000e+00,0.000000000000000000e+00,-0.000000000000000000e+00,-0.000000000000000000e+00,1.975674107692026560e+00,-0.000000000000000000e+00,-0.000000000000000000e+00,0.000000000000000000e+00,-0.000000000000000000e+00,-3.641063270050565737e-01,-0.000000000000000000e+00,-0.000000000000000000e+00,-0.000000000000000000e+00,-2.130678000474668307e-02,-0.000000000000000000e+00,-1.798479027871284774e-01,-0.000000000000000000e+00,0.000000000000000000e+00,-9.079529200543387697e-04,-0.000000000000000000e+00,0.000000000000000000e+00,-0.000000000000000000e+00,-0.000000000000000000e+00,-0.000000000000000000e+00,-0.000000000000000000e+00,-0.000000000000000000e+00,-0.000000000000000000e+00,-2.635921066851678041e-01,-0.000000000000000000e+00,-0.000000000000000000e+00,-0.000000000000000000e+00,-4.451142398841521075e-01,-1.423583938618720457e-01,-0.000000000000000000e+00,-7.071872838588416643e-02,-2.411443573420843367e-01,-0.000000000000000000e+00,-0.000000000000000000e+00
-0.000000000000000000e+00,0.000000000000000000e+00,-8.190627923130944232e-02,6.562445585335238696e-02,0.000000000000000000e+00,-0.000000000000000000e+00,1.435229061663897632e+00,2.732342450359150354e-01,-0.000000000000000000e+00,-0.000000000000000000e+00,0.000000000000000000e+00,0.000000000000000000e+00,-0.000000000000000000e+00,0.000000000000000000e+00,-0.000000000000000000e+00,0.000000000000000000e+00,0.000000000000000000e+00,-0.000000000000000000e+00,-3.565712170404007342e-01,-1.205166918277530558e-01,1.854958269507533675e-01,-0.000000000000000000e+00,0.000000000000000000e+00,0.000000000000000000e+00,0.000000000000000000e+00,0.000000000000000000e+00,-0.000000000000000000e+00,-0.000000000000000000e+00,0.000000000000000000e+00,-0.000000000000000000e+00,-0.000000000000000000e+00,0.000000000000000000e+00,-0.000000000000000000e+00,0.000000000000000000e+00,0.000000000000000000e+00,0.000000000000000000e+00,0.000000000000000000e+00,-1.775359413183738022e-01,-0.000000000000000000e+00
0.000000000000000000e+00,-0.000000000000000000e+00,1.227483622314687661e+00,-0.000000000000000000e+00,0.000000000000000000e+00,-0.000000000000000000e+00,2.732342450359150354e-01,2.286878389496604491e+00,0.000000000000000000e+00,0.000000000000000000e+00,-0.000000000000000000e+00,-9.791776325885795385e-02,-0.000000000000000000e+00,-0.000000000000000000e+00,-0.000000000000000000e+00,-0.000000000000000000e+00,-0.000000000000000000e+00,0.000000000000000000e+00,2.777516016176071467e-01,0.000000000000000000e+00,-4.373563698304068770e-01,0.000000000000000000e+00,0.000000000000000000e+00,0.000000000000000000e+00,-0.000000000000000000e+00,0.000000000000000000e+00,0.000000000000000000e+00,0.000000000000000000e+00,-0.000000000000000000e+00,0.000000000000000000e+00,0.000000000000000000e+00,-0.000000000000000000e+00,0.000000000000000000e+00,-0.000000000000000000e+00,-0.000000000000000000e+00,-0.000000000000000000e+00,-0.000000000000000000e+00,0.000000000000000000e+00,-0.000000000000000000e+00
0.000000000000000000e+00,-0.000000000000000000e+00,-2.754876294854988195e-02,-0.000000000000000000e+00,-5.861113715575726468e-01,0.000000000000000000e+00,-0.000000000000000000e+00,0.000000000000000000e+00,1.438355348539752665e+00,-0.000000000000000000e+00,0.000000000000000000e+00,0.000000000000000000e+00,2.367065032280824544e-01,-0.000000000000000000e+00,6.911458074396271967e-02,-0.000000000000000000e+00,0.000000000000000000e+00,-1.502682935997872726e-01,-2.792257110747150550e-01,0.000000000000000000e+00,-0.000000000000000000e+00,0.000000000000000000e+00,-0.000000000000000000e+00,-0.000000000000000000e+00,-0.000000000000000000e+00,-0.000000000000000000e+00,0.000000000000000000e+00,0.000000000000000000e+00,0.000000000000000000e+00,-0.000000000000000000e+00,-0.000000000000000000e+00,-0.000000000000000000e+00,0.000000000000000000e+00,0.000000000000000000e+00,-0.000000000000000000e+00,0.000000000000000000e+00,0.000000000000000000e+00,-0.000000000000000000e+00,-0.000000000000000000e+00
-0.000000000000000000e+00,-9.440450669353316060e-02,-0.000000000000000000e+00,-0.000000000000000000e+00,-2.156302112127874149e-01,-0.000000000000000000e+00,-0.000000000000000000e+00,0.000000000000000000e+00,-0.000000000000000000e+00,2.532577944913349199e+00,-0.000000000000000000e+00,-0.000000000000000000e+00,-0.000000000000000000e+00,-1.171346809587450466e-01,-0.000000000000000000e+00,-6.487546448950852751e-01,-0.000000000000000000e+00,-1.151300214171988162e-01,-0.000000000000000000e+00,-0.000000000000000000e+00,-0.000000000000000000e+00,-0.000000000000000000e+00,-1.948199906841563966e-01,-7.953368979866780319e-02,-1.748750736206587664e-01,-1.850993826754372407e-01,-0.000000000000000000e+00,-0.000000000000000000e+00,-1.328778449090881608e-01,-4.358290494952059557e-01,-1.432994568347739361e-01,-0.000000000000000000e+00,-0.000000000000000000e+00,-0.000000000000000000e+00,-0.000000000000000000e+00,-0.000000000000000000e+00,-1.693955873183557725e-01,-0.000000000000000000e+00,-0.000000000000000000e+00
-0.000000000000000000e+00,-0.000000000000000000e+00,0.000000000000000000e+00,-0.000000000000000000e+00,-0.000000000000000000e+00,-3.641063270050565737e-01,0.000000000000000000e+00,-0.000000000000000000e+00,0.000000000000000000e+00,-0.000000000000000000e+00,2.667460125767441070e+00,-2.406576259976193621e-01,-0.000000000000000000e+00,-1.352117817848952352e-01,-9.605951532986098385e-02,-0.000000000000000000e+00,-1.202708313350773217e-01,-0.000000000000000000e+00,0.000000000000000000e+00,-0.000000000000000000e+00,-0.000000000000000000e+00,0.000000000000000000e+00,-0.000000000000000000e+00,-0.000000000000000000e+00,-3.424299590739839777e-02,-0.000000000000000000e+00,-1.861740989548754388e-01,-4.721128755258432314e-02,-6.072417564641374721e-02,-0.000000000000000000e+00,-0.000000000000000000e+00,-1.529195680898030874e-01,-3.071185832788402292e-01,-2.859027597747447746e-01,-3.022867022718358498e-01,-3.417852301615171839e-01,-1.687093059316171206e-01,0.000000000000000000e+00,-0.000000000000000000e+00
-0.000000000000000000e+00,-0.000000000000000000e+00,0.000000000000000000e+00,-0.000000000000000000e+00,-0.000000000000000000e+00,-0.000000000000000000e+00,0.000000000000000000e+00,-9.791776325885795385e-02,0.000000000000000000e+00,-0.000000000000000000e+00,-2.406576259976193621e-01,2.301633940511392140e+00,-3.092093857552473055e-02,-2.074941281975041241e-01,-0.000000000000000000e+00,-0.000000000000000000e+00,-3.201102864420228289e-01,-0.000000000000000000e+00,5.462753401354160099e-01,-0.000000000000000000e+00,-2.372127405087929297e-01,0.000000000000000000e+00,-0.000000000000000000e+00,-0.000000000000000000e+00,-0.000000000000000000e+00,-0.000000000000000000e+00,-0.000000000000000000e+00,-0.000000000000000000e+00,-0.000000000000000000e+00,-0.000000000000000000e+00,-0.000000000000000000e+00,-1.717436218344831067e-01,-0.000000000000000000e+00,-4.171115281942346376e-01,-1.956065461904465258e-02,-2.441771663615590338e-01,-6.762878573901473511e-02,1.395500859817218331e-02,-0.000000000000000000e+00
-0.000000000000000000e+00,-0.000000000000000000e+00,0.000000000000000000e+00,-0.000000000000000000e+00,0.000000000000000000e+00,-0.000000000000000000e+00,-0.000000000000000000e+00,-0.000000000000000000e+00,2.367065032280824544e-01,-0.000000000000000000e+00,-0.000000000000000000e+00,-3.092093857552473055e-02,1.182891796840873200e+00,-0.000000000000000000e+00,-3.299770089793350181e-01,-0.000000000000000000e+00,-0.000000000000000000e+00,0.000000000000000000e+00,4.047679908706718760e-02,0.000000000000000000e+00,-0.000000000000000000e+00,-4.250743949327326354e-02,-0.000000000000000000e+00,-0.000000000000000000e+00,-0.000000000000000000e+00,-0.000000000000000000e+00,-0.000000000000000000e+00,-0.000000000000000000e+00,-0.000000000000000000e+00,-0.000000000000000000e+00,-0.000000000000000000e+00,-0.000000000000000000e+00,-0.000000000000000000e+00,-3.443458788910054580e-02,-0.000000000000000000e+00,-0.000000000000000000e+00,-0.000000000000000000e+00,0.000000000000000000e+00,-0.000000000000000000e+00
-0.000000000000000000e+00,-1.324188063526848813e-01,-0.000000000000000000e+00,-0.000000000000000000e+00,-2.468482912752653982e-02,-0.000000000000000000e+00,0.000000000000000000e+00,-0.000000000000000000e+00,-0.000000000000000000e+00,-1.171346809587450466e-01,-1.352117817848952352e-01,-2.074941281975041241e-01,-0.000000000000000000e+00,2.571891928397934013e+00,-0.000000000000000000e+00,-0.000000000000000000e+00,-6.189854657554799515e-03,-0.000000000000000000e+00,0.000000000000000000e+00,-0.000000000000000000e+00,-1.810881029807063225e-01,-0.000000000000000000e+00,-3.901317649440190771e-01,-3.867323238993705670e-01,-3.858198540740604976e-01,-1.358264082608100776e-01,-0.000000000000000000e+00,-8.746730375291686399e-02,-0.000000000000000000e+00,-0.000000000000000000e+00,-0.000000000000000000e+00,-2.159878584381675071e-01,-0.000000000000000000e+00,-9.968297132681504247e-02,-1.666540751442607271e-01,-0.000000000000000000e+00,-1.324962052046711192e-01,0.000000000000000000e+00,-0.000000000000000000e+00
-0.000000000000000000e+00,-0.000000000000000000e+00,0.000000000000000000e+00,0.000000000000000000e+00,0.000000000000000000e+00,-2.130678000474668307e-02,-0.000000000000000000e+00,-0.000000000000000000e+00,6.911458074396271967e-02,-0.000000000000000000e+00,-9.605951532986098385e-02,-0.000000000000000000e+00,-3.299770089793350181e-01,-0.000000000000000000e+00,1.530866618981822080e+00,-0.000000000000000000e+00,-0.000000000000000000e+00,0.000000000000000000e+00,0.000000000000000000e+00,-0.000000000000000000e+00,-0.000000000000000000e+00,-0.000000000000000000e+00,-0.000000000000000000e+00,-0.000000000000000000e+00,-0.000000000000000000e+00,-0.000000000000000000e+00,-0.000000000000000000e+00,-1.580509614465144541e-01,-0.000000000000000000e+00,-0.000000000000000000e+00,-0.000000000000000000e+00,-0.000000000000000000e+00,-3.699240117451950138e-01,-2.684975796430003614e-01,-0.000000000000000000e+00,-5.663103405403648212e-03,-0.000000000000000000e+00,0.000000000000000000e+00,-0.000000000000000000e+00
-0.000000000000000000e+00,-3.315099513852807211e-01,-0.000000000000000000e+00,-0.000000000000000000e+00,-0.000000000000000000e+00,-0.000000000000000000e+00,0.000000000000000000e+00,-0.000000000000000000e+00,-0.000000000000000000e+00,-6.487546448950852751e-01,-0.000000000000000000e+00,-0.000000000000000000e+00,-0.000000000000000000e+00,-0.000000000000000000e+00,-0.000000000000000000e+00,2.339216314925966156e+00,-0.000000000000000000e+00,-0.000000000000000000e+00,0.000000000000000000e+00,-0.000000000000000000e+00,-0.000000000000000000e+00,-0.000000000000000000e+00,-1.153863667151159705e-01,-0.000000000000000000e+00,-0.000000000000000000e+00,-5.855336259549069611e-02,-0.000000000000000000e+00,-0.000000000000000000e+00,-2.357939007501907713e-01,-4.084008110025592608e-01,-0.000000000000000000e+00,-1.739277560532881683e-01,-0.000000000000000000e+00,-0.000000000000000000e+00,-0.000000000000000000e+00,-0.000000000000000000e+00,-2.406826707591671610e-01,-0.000000000000000000e+00,0.000000000000000000e+00
-0.000000000000000000e+00,-0.000000000000000000e+00,0.000000000000000000e+00,-0.000000000000000000e+00,-0.000000000000000000e+00,-1.798479027871284774e-01,0.000000000000000000e+00,-0.000000000000000000e+00,0.000000000000000000e+00,-0.000000000000000000e+00,-1.202708313350773217e-01,-3.201102864420228289e-01,-0.000000000000000000e+00,-6.189854657554799515e-03,-0.000000000000000000e+00,-0.000000000000000000e+00,1.957939330626385033e+00,-0.000000000000000000e+00,0.000000000000000000e+00,-0.000000000000000000e+00,-7.310775906106639632e-03,0.000000000000000000e+00,-0.000000000000000000e+00,-0.000000000000000000e+00,-0.000000000000000000e+00,-0.000000000000000000e+00,-0.000000000000000000e+00,-0.000000000000000000e+00,-3.501703285573682933e-01,-5.669114198996953041e-02,-0.000000000000000000e+00,-2.560223883947254087e-01,-0.000000000000000000e+00,-9.581014005887754370e-02,-2.910668103388124872e-01,-0.000000000000000000e+00,-6.954140947133974349e-02,0.000000000000000000e+00,0.000000000000000000e+00
0.000000000000000000e+00,-0.000000000000000000e+00,-0.000000000000000000e+00,-0.000000000000000000e+00,-2.807701221716311230e-02,-0.000000000000000000e+00,-0.000000000000000000e+00,0.000000000000000000e+00,-1.502682935997872726e-01,-1.151300214171988162e-01,-0.000000000000000000e+00,-0.000000000000000000e+00,0.000000000000000000e+00,-0.000000000000000000e+00,0.000000000000000000e+00,-0.000000000000000000e+00,-0.000000000000000000e+00,1.132036190321936031e+00,-0.000000000000000000e+00,-9.813703237634585630e-02,-0.000000000000000000e+00,0.000000000000000000e+00,-2.008853593852784891e-01,-0.000000000000000000e+00,-0.000000000000000000e+00,-0.000000000000000000e+00,0.000000000000000000e+00,-0.000000000000000000e+00,-0.000000000000000000e+00,-1.406235624586174397e-02,-0.000000000000000000e+00,-0.000000000000000000e+00,-0.000000000000000000e+00,-0.000000000000000000e+00,-0.000000000000000000e+00,-0.000000000000000000e+00,-0.000000000000000000e+00,-0.000000000000000000e+00,0.000000000000000000e+00
0.000000000000000000e+00,0.000000000000000000e+00,-9.016566168799791670e-02,0.000000000000000000e+00,-0.000000000000000000e+00,0.000000000000000000e+00,-3.565712170404007342e-01,2.777516016176071467e-01,-2.792257110747150550e-01,-0.000000000000000000e+00,0.000000000000000000e+00,5.462753401354160099e-01,4.047679908706718760e-02,0.000000000000000000e+00,0.000000000000000000e+00,0.000000000000000000e+00,0.000000000000000000e+00,-0.000000000000000000e+00,1.821799647245210041e+00,-0.000000000000000000e+00,0.000000000000000000e+00,-0.000000000000000000e+00,0.000000000000000000e+00,0.000000000000000000e+00,0.000000000000000000e+00,0.000000000000000000e+00,0.000000000000000000e+00,0.000000000000000000e+00,0.000000000000000000e+00,-0.000000000000000000e+00,-0.000000000000000000e+00,0.000000000000000000e+00,0.000000000000000000e+00,0.000000000000000000e+00,0.000000000000000000e+00,0.000000000000000000e+00,0.000000000000000000e+00,-4.271197581667685039e-01,-0.000000000000000000e+00
-0.000000000000000000e+00,-0.000000000000000000e+00,-0.000000000000000000e+00,0.000000000000000000e+00,0.000000000000000000e+00,-9.079529200543387697e-04,-1.205166918277530558e-01,0.000000000000000000e+00,0.000000000000000000e+00,-0.000000000000000000e+00,-0.000000000000000000e+00,-0.000000000000000000e+00,0.000000000000000000e+00,-0.000000000000000000e+00,-0.000000000000000000e+00,-0.000000000000000000e+00,-0.000000000000000000e+00,-9.813703237634585630e-02,-0.000000000000000000e+00,1.122234513014996882e+00,0.000000000000000000e+00,0.000000000000000000e+00,-0.000000000000000000e+00,-0.000000000000000000e+00,-0.000000000000000000e+00,-0.000000000000000000e+00,-0.000000000000000000e+00,-0.000000000000000000e+00,-0.000000000000000000e+00,-0.000000000000000000e+00,-1.252841714834714015e-01,-0.000000000000000000e+00,-2.332220487365768702e-01,-0.000000000000000000e+00,-0.000000000000000000e+00,-0.000000000000000000e+00,-0.000000000000000000e+00,-0.000000000000000000e+00,-0.000000000000000000e+00
-0.000000000000000000e+00,-0.000000000000000000e+00,0.000000000000000000e+00,-1.354802047816495159e-01,-0.000000000000000000e+00,-0.000000000000000000e+00,1.854958269507533675e-01,-4.373563698304068770e-01,-0.000000000000000000e+00,-0.000000000000000000e+00,-0.000000000000000000e+00,-2.372127405087929297e-01,-0.000000000000000000e+00,-1.810881029807063225e-01,-0.000000000000000000e+00,-0.000000000000000000e+00,-7.310775906106639632e-03,-0.000000000000000000e+00,0.000000000000000000e+00,0.000000000000000000e+00,1.431298937429023033e+00,0.000000000000000000e+00,-0.000000000000000000e+00,-0.000000000000000000e+00,-5.721671755758930139e-02,-0.000000000000000000e+00,-0.000000000000000000e+00,-0.000000000000000000e+00,-0.000000000000000000e+00,-0.000000000000000000e+00,0.000000000000000000e+00,-0.000000000000000000e+00,-0.000000000000000000e+00,-0.000000000000000000e+00,-0.000000000000000000e+00,-0.000000000000000000e+00,-0.000000000000000000e+00,0.000000000000000000e+00,-0.000000000000000000e+00
0.000000000000000000e+00,-0.000000000000000000e+00,-0.000000000000000000e+00,-0.000000000000000000e+00,0.000000000000000000e+00,0.000000000000000000e+00,-0.000000000000000000e+00,0.000000000000000000e+00,0.000000000000000000e+00,-0.000000000000000000e+00,0.000000000000000000e+00,0.000000000000000000e+00,-4.250743949327326354e-02,-0.000000000000000000e+00,-0.000000000000000000e+00,-0.000000000000000000e+00,0.000000000000000000e+00,0.000000000000000000e+00,-0.000000000000000000e+00,0.000000000000000000e+00,0.000000000000000000e+00,1.001803629433062781e+00,-0.000000000000000000e+00,-0.000000000000000000e+00,-0.000000000000000000e+00,0.000000000000000000e+00,-0.000000000000000000e+00,-0.000000000000000000e+00,0.000000000000000000e+00,0.000000000000000000e+00,-0.000000000000000000e+00,0.000000000000000000e+00,0.000000000000000000e+00,-0.000000000000000000e+00,0.000000000000000000e+00,-0.000000000000000000e+00,0.000000000000000000e+00,0.000000000000000000e+00,-0.000000000000000000e+00
-0.000000000000000000e+00,-3.761741627827263623e-01,-0.000000000000000000e+00,-0.000000000000000000e+00,-8.835150153114032512e-02,-0.000000000000000000e+00,0.000000000000000000e+00,0.000000000000000000e+00,-0.000000000000000000e+00,-1.948199906841563966e-01,-0.000000000000000000e+00,-0.000000000000000000e+00,-0.000000000000000000e+00,-3.901317649440190771e-01,-0.000000000000000000e+00,-1.153863667151159705e-01,-0.000000000000000000e+00,-2.008853593852784891e-01,0.000000000000000000e+00,-0.000000000000000000e+00,-0.000000000000000000e+00,-0.000000000000000000e+00,2.159066676466442125e+00,-3.278540210758468798e-01,-3.133474470875918794e-01,-0.000000000000000000e+00,-0.000000000000000000e+00,-0.000000000000000000e+00,-0.000000000000000000e+00,-3.407161033315822540e-02,-0.000000000000000000e+00,-1.467242911704678410e-01,-0.000000000000000000e+00,-0.000000000000000000e+00,-0.000000000000000000e+00,-0.000000000000000000e+00,-0.000000000000000000e+00,0.000000000000000000e+00,-0.000000000000000000e+00
-0.000000000000000000e+00,-6.136981058548953566e-02,-0.000000000000000000e+00,-0.000000000000000000e+00,-1.892247552877061312e-01,-0.000000000000000000e+00,0.000000000000000000e+00,0.000000000000000000e+00,-0.000000000000000000e+00,-7.953368979866780319e-02,-0.000000000000000000e+00,-0.000000000000000000e+00,-0.000000000000000000e+00,-3.867323238993705670e-01,-0.000000000000000000e+00,-0.000000000000000000e+00,-0.000000000000000000e+00,-0.000000000000000000e+00,0.000000000000000000e+00,-0.000000000000000000e+00,-0.000000000000000000e+00,-0.000000000000000000e+00,-3.278540210758468798e-01,1.894812984618724938e+00,-2.893401899892634743e-01,-2.346768912017675734e-01,-0.000000000000000000e+00,-1.994976577071866028e-02,-0.000000000000000000e+00,-0.000000000000000000e+00,-4.869538549220898960e-02,-0.000000000000000000e+00,-0.000000000000000000e+00,-0.000000000000000000e+00,-9.175989501643486146e-02,-0.000000000000000000e+00,-0.000000000000000000e+00,0.000000000000000000e+00,-0.000000000000000000e+00
-0.000000000000000000e+00,-1.739710559483622632e-01,-0.000000000000000000e+00,-0.000000000000000000e+00,-0.000000000000000000e+00,-0.000000000000000000e+00,0.000000000000000000e+00,-0.000000000000000000e+00,-0.000000000000000000e+00,-1.748750736206587664e-01,-3.424299590739839777e-02,-0.000000000000000000e+00,-0.000000000000000000e+00,-3.858198540740604976e-01,-0.000000000000000000e+00,-0.000000000000000000e+00,-0.000000000000000000e+00,-0.000000000000000000e+00,0.000000000000000000e+00,-0.000000000000000000e+00,-5.721671755758930139e-02,-0.000000000000000000e+00,-3.133474470875918794e-01,-2.893401899892634743e-01,2.053787078671837296e+00,-0.000000000000000000e+00,-0.000000000000000000e+00,-2.102230346310467735e-01,-0.000000000000000000e+00,-0.000000000000000000e+00,-1.001715595290597061e-01,-0.000000000000000000e+00,-1.317065487875713758e-01,-0.000000000000000000e+00,-0.000000000000000000e+00,-2.448294112574992201e-02,-3.011393339943399874e-02,0.000000000000000000e+00,-1.378862662512103932e-01
-1.607416167710687405e-01,-0.000000000000000000e+00,-0.000000000000000000e+00,-0.000000000000000000e+00,-3.855929726815340158e-02,-0.000000000000000000e+00,0.000000000000000000e+00,0.000000000000000000e+00,-0.000000000000000000e+00,-1.850993826754372407e-01,-0.000000000000000000e+00,-0.000000000000000000e+00,-0.000000000000000000e+00,-1.358264082608100776e-01,-0.000000000000000000e+00,-5.855336259549069611e-02,-0.000000000000000000e+00,-0.000000000000000000e+00,0.000000000000000000e+00,-0.000000000000000000e+00,-0.000000000000000000e+00,0.000000000000000000e+00,-0.000000000000000000e+00,-2.346768912017675734e-01,-0.000000000000000000e+00,2.522118411210581890e+00,-8.063858540883613035e-02,-3.665605165028525403e-01,-1.988754834830851193e-01,-3.270678071539235288e-01,-3.527825126999388217e-01,-0.000000000000000000e+00,-7.547851484407647193e-02,-3.088291173444253704e-02,-3.534545663305113661e-01,-0.000000000000000000e+00,-5.872696084840461905e-02,0.000000000000000000e+00,-0.000000000000000000e+00
-6.472936149709090925e-01,-0.000000000000000000e+00,-0.000000000000000000e+00,0.000000000000000000e+00,-0.000000000000000000e+00,-0.000000000000000000e+00,-0.000000000000000000e+00,0.000000000000000000e+00,0.000000000000000000e+00,-0.000000000000000000e+00,-1.861740989548754388e-01,-0.000000000000000000e+00,-0.000000000000000000e+00,-0.000000000000000000e+00,-0.000000000000000000e+00,-0.000000000000000000e+00,-0.000000000000000000e+00,0.000000000000000000e+00,0.000000000000000000e+00,-0.000000000000000000e+00,-0.000000000000000000e+00,-0.000000000000000000e+00,-0.000000000000000000e+00,-0.000000000000000000e+00,-0.000000000000000000e+00,-8.063858540883613035e-02,1.933215825072315930e+00,-2.831761328298834993e-02,-1.075826229093735514e-01,-1.325614993668857156e-01,-2.058036836932702618e-01,-1.697374050040459659e-01,-4.850306806165698842e-03,-0.000000000000000000e+00,-1.333394417976311863e-01,-1.443414960782002376e-01,-0.000000000000000000e+00,-0.000000000000000000e+00,-1.866412534912566604e-02
-0.000000000000000000e+00,-0.000000000000000000e+00,-0.000000000000000000e+00,0.000000000000000000e+00,-0.000000000000000000e+00,-0.000000000000000000e+00,-0.000000000000000000e+00,0.000000000000000000e+00,0.000000000000000000e+00,-0.000000000000000000e+00,-4.721128755258432314e-02,-0.000000000000000000e+00,-0.000000000000000000e+00,-8.746730375291686399e-02,-1.580509614465144541e-01,-0.000000000000000000e+00,-0.000000000000000000e+00,-0.000000000000000000e+00,0.000000000000000000e+00,-0.000000000000000000e+00,-0.000000000000000000e+00,-0.000000000000000000e+00,-0.000000000000000000e+00,-1.994976577071866028e-02,-2.102230346310467735e-01,-3.665605165028525403e-01,-2.831761328298834993e-02,2.223642334485242511e+00,-0.000000000000000000e+00,-7.544576224904908646e-02,-2.813986345160927049e-01,-0.000000000000000000e+00,-4.838660311280552073e-01,-1.338938014545923150e-01,-1.542496021312088628e-01,-1.348650482886182278e-01,-0.000000000000000000e+00,0.000000000000000000e+00,-0.000000000000000000e+00
-0.000000000000000000e+00,-0.000000000000000000e+00,0.000000000000000000e+00,-0.000000000000000000e+00,-0.000000000000000000e+00,-2.635921066851678041e-01,0.000000000000000000e+00,-0.000000000000000000e+00,0.000000000000000000e+00,-1.328778449090881608e-01,-6.072417564641374721e-02,-0.000000000000000000e+00,-0.000000000000000000e+00,-0.000000000000000000e+00,-0.000000000000000000e+00,-2.357939007501907713e-01,-3.501703285573682933e-01,-0.000000000000000000e+00,0.000000000000000000e+00,-0.000000000000000000e+00,-0.000000000000000000e+00,0.000000000000000000e+00,-0.000000000000000000e+00,-0.000000000000000000e+00,-0.000000000000000000e+00,-1.988754834830851193e-01,-1.075826229093735514e-01,-0.000000000000000000e+00,2.585683388687970652e+00,-2.131897344886924950e-01,-0.000000000000000000e+00,-2.176063759740541614e-01,-0.000000000000000000e+00,-1.157194410950214553e-01,-1.051615003404776372e-01,-1.158358981525256098e-01,-5.329953230805108966e-01,-0.000000000000000000e+00,0.000000000000000000e+00
-0.000000000000000000e+00,-0.000000000000000000e+00,-0.000000000000000000e+00,-0.000000000000000000e+00,-7.320034227133914717e-02,-0.000000000000000000e+00,-0.000000000000000000e+00,0.000000000000000000e+00,-0.000000000000000000e+00,-4.358290494952059557e-01,-0.000000000000000000e+00,-0.000000000000000000e+00,-0.000000000000000000e+00,-0.000000000000000000e+00,-0.000000000000000000e+00,-4.084008110025592608e-01,-5.669114198996953041e-02,-1.406235624586174397e-02,-0.000000000000000000e+00,-0.000000000000000000e+00,-0.000000000000000000e+00,0.000000000000000000e+00,-3.407161033315822540e-02,-0.000000000000000000e+00,-0.000000000000000000e+00,-3.270678071539235288e-01,-1.325614993668857156e-01,-7.544576224904908646e-02,-2.131897344886924950e-01,2.325985491609636746e+00,-2.880352690384739289e-01,-0.000000000000000000e+00,-8.831585803060931425e-03,-0.000000000000000000e+00,-1.407438737258637496e-01,-0.000000000000000000e+00,-9.706553878336872387e-02,-0.000000000000000000e+00,-0.000000000000000000e+00
-0.000000000000000000e+00,-0.000000000000000000e+00,-2.092249068854825644e-01,0.000000000000000000e+00,-0.000000000000000000e+00,-0.000000000000000000e+00,-0.000000000000000000e+00,0.000000000000000000e+00,-0.000000000000000000e+00,-1.432994568347739361e-01,-0.000000000000000000e+00,-0.000000000000000000e+00,-0.000000000000000000e+00,-0.000000000000000000e+00,-0.000000000000000000e+00,-0.000000000000000000e+00,-0.000000000000000000e+00,-0.000000000000000000e+00,-0.000000000000000000e+00,-1.252841714834714015e-01,0.000000000000000000e+00,-0.000000000000000000e+00,-0.000000000000000000e+00,-4.869538549220898960e-02,-1.001715595290597061e-01,-3.527825126999388217e-01,-2.058036836932702618e-01,-2.813986345160927049e-01,-0.000000000000000000e+00,-2.880352690384739289e-01,2.093081479579918636e+00,-0.000000000000000000e+00,-4.350575947292914525e-01,-0.000000000000000000e+00,-0.000000000000000000e+00,-0.000000000000000000e+00,-0.000000000000000000e+00,-0.000000000000000000e+00,-0.000000000000000000e+00
-0.000000000000000000e+00,-3.049040171250239073e-01,0.000000000000000000e+00,-0.000000000000000000e+00,-0.000000000000000000e+00,-0.000000000000000000e+00,0.000000000000000000e+00,-0.000000000000000000e+00,-0.000000000000000000e+00,-0.000000000000000000e+00,-1.529195680898030874e-01,-1.717436218344831067e-01,-0.000000000000000000e+00,-2.159878584381675071e-01,-0.000000000000000000e+00,-1.739277560532881683e-01,-2.560223883947254087e-01,-0.000000000000000000e+00,0.000000000000000000e+00,-0.000000000000000000e+00,-0.000000000000000000e+00,0.000000000000000000e+00,-1.467242911704678410e-01,-0.000000000000000000e+00,-0.000000000000000000e+00,-0.000000000000000000e+00,-1.697374050040459659e-01,-0.000000000000000000e+00,-2.176063759740541614e-01,-0.000000000000000000e+00,-0.000000000000000000e+00,2.302682202947802903e+00,-0.000000000000000000e+00,-5.230624518188312089e-02,-1.102979610237210667e-01,-0.000000000000000000e+00,-3.284034672106658226e-01,0.000000000000000000e+00,-0.000000000000000000e+00
-0.000000000000000000e+00,-0.000000000000000000e+00,-0.000000000000000000e+00,0.000000000000000000e+00,-0.000000000000000000e+00,-4.451142398841521075e-01,-0.000000000000000000e+00,0.000000000000000000e+00,0.000000000000000000e+00,-0.000000000000000000e+00,-3.071185832788402292e-01,-0.000000000000000000e+00,-0.000000000000000000e+00,-0.000000000000000000e+00,-3.699240117451950138e-01,-0.000000000000000000e+00,-0.000000000000000000e+00,-0.000000000000000000e+00,0.000000000000000000e+00,-2.332220487365768702e-01,-0.000000000000000000e+00,0.000000000000000000e+00,-0.000000000000000000e+00,-0.000000000000000000e+00,-1.317065487875713758e-01,-7.547851484407647193e-02,-4.850306806165698842e-03,-4.838660311280552073e-01,-0.000000000000000000e+00,-8.831585803060931425e-03,-4.350575947292914525e-01,-0.000000000000000000e+00,2.556904508348740723e+00,-4.059237993208511530e-02,-1.930979235833966690e-01,-3.284200619289989048e-02,-5.767679386500481481e-02,0.000000000000000000e+00,-0.000000000000000000e+00
-1.395300094329197417e-02,-1.479487956797103376e-01,0.000000000000000000e+00,-0.000000000000000000e+00,-0.000000000000000000e+00,-1.423583938618720457e-01,0.000000000000000000e+00,-0.000000000000000000e+00,0.000000000000000000e+00,-0.000000000000000000e+00,-2.859027597747447746e-01,-4.171115281942346376e-01,-3.443458788910054580e-02,-9.968297132681504247e-02,-2.684975796430003614e-01,-0.000000000000000000e+00,-9.581014005887754370e-02,-0.000000000000000000e+00,0.000000000000000000e+00,-0.000000000000000000e+00,-0.000000000000000000e+00,-0.000000000000000000e+00,-0.000000000000000000e+00,-0.000000000000000000e+00,-0.000000000000000000e+00,-3.088291173444253704e-02,-0.000000000000000000e+00,-1.338938014545923150e-01,-1.157194410950214553e-01,-0.000000000000000000e+00,-0.000000000000000000e+00,-5.230624518188312089e-02,-4.059237993208511530e-02,2.317358895517414918e+00,-1.322040318106137459e-02,-2.769787293346328561e-01,-2.301441149700812205e-01,0.000000000000000000e+00,-0.000000000000000000e+00
-1.537411363362935768e-01,-0.000000000000000000e+00,-0.000000000000000000e+00,-0.000000000000000000e+00,-0.000000000000000000e+00,-0.000000000000000000e+00,0.000000000000000000e+00,-0.000000000000000000e+00,-0.000000000000000000e+00,-0.000000000000000000e+00,-3.022867022718358498e-01,-1.956065461904465258e-02,-0.000000000000000000e+00,-1.666540751442607271e-01,-0.000000000000000000e+00,-0.000000000000000000e+00,-2.910668103388124872e-01,-0.000000000000000000e+00,0.000000000000000000e+00,-0.000000000000000000e+00,-0.000000000000000000e+00,0.000000000000000000e+00,-0.000000000000000000e+00,-9.175989501643486146e-02,-0.000000000000000000e+00,-3.534545663305113661e-01,-1.333394417976311863e-01,-1.542496021312088628e-01,-1.051615003404776372e-01,-1.407438737258637496e-01,-0.000000000000000000e+00,-1.102979610237210667e-01,-1.930979235833966690e-01,-1.322040318106137459e-02,2.331641226368243114e+00,-0.000000000000000000e+00,-1.398406690131566432e-01,0.000000000000000000e+00,-0.000000000000000000e+00
-0.000000000000000000e+00,-1.634592103970889942e-01,0.000000000000000000e+00,-0.000000000000000000e+00,-0.000000000000000000e+00,-7.071872838588416643e-02,0.000000000000000000e+00,-0.000000000000000000e+00,0.000000000000000000e+00,-0.000000000000000000e+00,-3.417852301615171839e-01,-2.441771663615590338e-01,-0.000000000000000000e+00,-0.000000000000000000e+00,-5.663103405403648212e-03,-0.000000000000000000e+00,-0.000000000000000000e+00,-0.000000000000000000e+00,0.000000000000000000e+00,-0.000000000000000000e+00,-0.000000000000000000e+00,-0.000000000000000000e+00,-0.000000000000000000e+00,-0.000000000000000000e+00,-2.448294112574992201e-02,-0.000000000000000000e+00,-1.443414960782002376e-01,-1.348650482886182278e-01,-1.158358981525256098e-01,-0.000000000000000000e+00,-0.000000000000000000e+00,-0.000000000000000000e+00,-3.284200619289989048e-02,-2.769787293346328561e-01,-0.000000000000000000e+00,1.947141626351773347e+00,-2.160749184417924962e-01,0.000000000000000000e+00,-0.000000000000000000e+00
-0.000000000000000000e+00,-2.011015886919971171e-02,0.000000000000000000e+00,-0.000000000000000000e+00,-0.000000000000000000e+00,-2.411443573420843367e-01,0.000000000000000000e+00,-0.000000000000000000e+00,0.000000000000000000e+00,-1.693955873183557725e-01,-1.687093059316171206e-01,-6.762878573901473511e-02,-0.000000000000000000e+00,-1.324962052046711192e-01,-0.000000000000000000e+00,-2.406826707591671610e-01,-6.954140947133974349e-02,-0.000000000000000000e+00,0.000000000000000000e+00,-0.000000000000000000e+00,-0.000000000000000000e+00,0.000000000000000000e+00,-0.000000000000000000e+00,-0.000000000000000000e+00,-3.011393339943399874e-02,-5.872696084840461905e-02,-0.000000000000000000e+00,-0.000000000000000000e+00,-5.329953230805108966e-01,-9.706553878336872387e-02,-0.000000000000000000e+00,-3.284034672106658226e-01,-5.767679386500481481e-02,-2.301441149700812205e-01,-1.398406690131566432e-01,-2.160749184417924962e-01,2.698295534804574292e+00,0.000000000000000000e+00,-0.000000000000000000e+00
-0.000000000000000000e+00,0.000000000000000000e+00,-0.000000000000000000e+00,0.000000000000000000e+00,-0.000000000000000000e+00,-0.000000000000000000e+00,-1.775359413183738022e-01,0.000000000000000000e+00,-0.000000000000000000e+00,-0.000000000000000000e+00,0.000000000000000000e+00,1.395500859817218331e-02,0.000000000000000000e+00,0.000000000000000000e+00,0.000000000000000000e+00,-0.000000000000000000e+00,0.000000000000000000e+00,-0.000000000000000000e+00,-4.271197581667685039e-01,-0.000000000000000000e+00,0.000000000000000000e+00,0.000000000000000000e+00,0.000000000000000000e+00,0.000000000000000000e+00,0.000000000000000000e+00,0.000000000000000000e+00,-0.000000000000000000e+00,0.000000000000000000e+00,-0.000000000000000000e+00,-0.000000000000000000e+00,-0.000000000000000000e+00,0.000000000000000000e+00,0.000000000000000000e+00,0.000000000000000000e+00,0.000000000000000000e+00,0.000000000000000000e+00,0.000000000000000000e+00,1.233691345477726742e+00,0.000000000000000000e+00
-0.000000000000000000e+00,-0.000000000000000000e+00,-0.000000000000000000e+00,-0.000000000000000000e+00,-0.000000000000000000e+00,-0.000000000000000000e+00,-0.000000000000000000e+00,-0.000000000000000000e+00,-0.000000000000000000e+00,-0.000000000000000000e+00,-0.000000000000000000e+00,-0.000000000000000000e+00,-0.000000000000000000e+00,-0.000000000000000000e+00,-0.000000000000000000e+00,0.000000000000000000e+00,0.000000000000000000e+00,0.000000000000000000e+00,-0.000000000000000000e+00,-0.000000000000000000e+00,-0.000000000000000000e+00,-0.000000000000000000e+00,-0.000000000000000000e+00,-0.000000000000000000e+00,-1.378862662512103932e-01,-0.000000000000000000e+00,-1.866412534912566604e-02,-0.000000000000000000e+00,0.000000000000000000e+00,-0.000000000000000000e+00,-0.000000000000000000e+00,-0.000000000000000000e+00,-0.000000000000000000e+00,-0.000000000000000000e+00,-0.000000000000000000e+00,-0.000000000000000000e+00,-0.000000000000000000e+00,0.000000000000000000e+00,1.020945457353658936e+00
