2.466623190857197390e+00,-7.120397238608299206e-01,-0.000000000000000000e+00,-2.965157970698358361e-02,-0.000000000000000000e+00,-0.000000000000000000e+00,-0.000000000000000000e+00,0.000000000000000000e+00,-0.000000000000000000e+00,-4.944575773613983927e-01,-0.000000000000000000e+00,-0.000000000000000000e+00,0.000000000000000000e+00,-0.000000000000000000e+00,-0.000000000000000000e+00,-5.099315739815565157e-02,0.000000000000000000e+00,-8.082187799593504307e-02,-0.000000000000000000e+00,0.000000000000000000e+00,-0.000000000000000000e+00,-0.000000000000000000e+00,-0.000000000000000000e+00,-0.000000000000000000e+00,-4.810715642609553894e-02,-4.921167705938667841e-02,-0.000000000000000000e+00,-0.000000000000000000e+00,-0.000000000000000000e+00,-3.744969213973468047e-01,-0.000000000000000000e+00,-0.000000000000000000e+00,-0.000000000000000000e+00,-4.671953878776467090e-02,-0.000000000000000000e+00,0.000000000000000000e+00,-0.000000000000000000e+00,-3.878058846724314335e-01,-1.861535231960960157e-01
-7.120397238608299206e-01,2.325962744167789698e+00,0.000000000000000000e+00,-3.547183362279551777e-02,-0.000000000000000000e+00,-0.000000000000000000e+00,-0.000000000000000000e+00,0.000000000000000000e+00,-0.000000000000000000e+00,-3.863163215548691132e-01,-0.000000000000000000e+00,-0.000000000000000000e+00,-0.000000000000000000e+00,-0.000000000000000000e+00,-0.000000000000000000e+00,-0.000000000000000000e+00,0.000000000000000000e+00,-0.000000000000000000e+00,-0.000000000000000000e+00,0.000000000000000000e+00,-0.000000000000000000e+00,-7.153120975655419093e-03,-0.000000000000000000e+00,-0.000000000000000000e+00,-2.383708390128278648e-03,-1.009709230859617696e-01,-0.000000000000000000e+00,-0.000000000000000000e+00,-2.000441954044210602e-01,-2.458482518716537946e-01,-0.000000000000000000e+00,-0.000000000000000000e+00,-0.000000000000000000e+00,-0.000000000000000000e+00,-0.000000000000000000e+00,0.000000000000000000e+00,-0.000000000000000000e+00,-2.877686653500340364e-01,-2.707929920515112499e-01
-0.000000000000000000e+00,0.000000000000000000e+00,2.099683018906842946e+00,0.000000000000000000e+00,-3.067118286492329648e-01,-0.000000000000000000e+00,0.000000000000000000e+00,8.312817015225762995e-01,-0.000000000000000000e+00,0.000000000000000000e+00,-0.000000000000000000e+00,-0.000000000000000000e+00,0.000000000000000000e+00,-1.278970039426830518e-01,-0.000000000000000000e+00,0.000000000000000000e+00,-0.000000000000000000e+00,-0.000000000000000000e+00,-0.000000000000000000e+00,0.000000000000000000e+00,-0.000000000000000000e+00,-0.000000000000000000e+00,-0.000000000000000000e+00,-1.664306919172781618e-01,-0.000000000000000000e+00,-0.000000000000000000e+00,-1.077683809608386556e-01,-2.723042665417300667e-01,-0.000000000000000000e+00,-0.000000000000000000e+00,-2.541012904655763904e-01,-0.000000000000000000e+00,-0.000000000000000000e+00,-0.000000000000000000e+00,-0.000000000000000000e+00,-1.766268899423150684e-01,-0.000000000000000000e+00,-0.000000000000000000e+00,-0.000000000000000000e+00
-2.965157970698358361e-02,-3.547183362279551777e-02,0.000000000000000000e+00,1.360899350258610196e+00,-0.000000000000000000e+00,0.000000000000000000e+00,-6.918511455765655738e-01,-0.000000000000000000e+00,0.000000000000000000e+00,-0.000000000000000000e+00,-0.000000000000000000e+00,-0.000000000000000000e+00,-0.000000000000000000e+00,-0.000000000000000000e+00,0.000000000000000000e+00,-0.000000000000000000e+00,0.000000000000000000e+00,0.000000000000000000e+00,0.000000000000000000e+00,-0.000000000000000000e+00,0.000000000000000000e+00,-0.000000000000000000e+00,-0.000000000000000000e+00,0.000000000000000000e+00,0.000000000000000000e+00,-0.000000000000000000e+00,-0.000000000000000000e+00,-7.618394696872250738e-02,-0.000000000000000000e+00,-0.000000000000000000e+00,-0.000000000000000000e+00,-0.000000000000000000e+00,-2.987461428344627412e-02,0.000000000000000000e+00,-0.000000000000000000e+00,0.000000000000000000e+00,-0.000000000000000000e+00,-0.000000000000000000e+00,-0.000000000000000000e+00
-0.000000000000000000e+00,-0.000000000000000000e+00,-3.067118286492329648e-01,-0.000000000000000000e+00,1.722512352663355228e+00,-0.000000000000000000e+00,0.000000000000000000e+00,2.920569077809558323e-01,-3.583065398902635784e-02,-0.000000000000000000e+00,-0.000000000000000000e+00,-0.000000000000000000e+00,0.000000000000000000e+00,-1.026825546074112971e-01,-0.000000000000000000e+00,-0.000000000000000000e+00,-0.000000000000000000e+00,-7.720868063037640561e-02,-3.531120052739212811e-01,0.000000000000000000e+00,-0.000000000000000000e+00,-0.000000000000000000e+00,-0.000000000000000000e+00,-0.000000000000000000e+00,-0.000000000000000000e+00,-6.707938528097877329e-02,-0.000000000000000000e+00,-0.000000000000000000e+00,-0.000000000000000000e+00,-0.000000000000000000e+00,-0.000000000000000000e+00,-0.000000000000000000e+00,-0.000000000000000000e+00,-2.873144445355864107e-01,-0.000000000000000000e+00,-2.519002815735470885e-02,-0.000000000000000000e+00,-0.000000000000000000e+00,-0.000000000000000000e+00
-0.000000000000000000e+00,-0.000000000000000000e+00,-0.000000000000000000e+00,0.000000000000000000e+00,-0.000000000000000000e+00,1.068423511024432226e+00,-0.000000000000000000e+00,0.000000000000000000e+00,-0.000000000000000000e+00,-5.626671215091238326e-02,0.000000000000000000e+00,-0.000000000000000000e+00,0.000000000000000000e+00,-0.000000000000000000e+00,-0.000000000000000000e+00,-0.000000000000000000e+00,0.000000000000000000e+00,-0.000000000000000000e+00,-0.000000000000000000e+00,0.000000000000000000e+00,-0.000000000000000000e+00,-0.000000000000000000e+00,-1.802796491454488892e-01,-0.000000000000000000e+00,-0.000000000000000000e+00,-3.442002194585715852e-02,-0.000000000000000000e+00,-0.000000000000000000e+00,-0.000000000000000000e+00,-5.576470339014161226e-02,-0.000000000000000000e+00,-0.000000000000000000e+00,-0.000000000000000000e+00,-0.000000000000000000e+00,-0.000000000000000000e+00,4.163294064888523743e-02,-0.000000000000000000e+00,-0.000000000000000000e+00,-0.000000000000000000e+00
-0.000000000000000000e+00,-0.000000000000000000e+00,0.000000000000000000e+00,-6.918511455765655738e-01,0.000000000000000000e+00,-0.000000000000000000e+00,1.406704112452998645e+00,-0.000000000000000000e+00,1.657119598774503544e-02,-0.000000000000000000e+00,-0.000000000000000000e+00,0.000000000000000000e+00,0.000000000000000000e+00,0.000000000000000000e+00,1.642261131923793138e-01,-0.000000000000000000e+00,0.000000000000000000e+00,0.000000000000000000e+00,0.000000000000000000e+00,-0.000000000000000000e+00,1.740399152611185607e-01,-0.000000000000000000e+00,0.000000000000000000e+00,0.000000000000000000e+00,0.000000000000000000e+00,0.000000000000000000e+00,0.000000000000000000e+00,-0.000000000000000000e+00,0.000000000000000000e+00,-0.000000000000000000e+00,0.000000000000000000e+00,0.000000000000000000e+00,0.000000000000000000e+00,0.000000000000000000e+00,0.000000000000000000e+00,0.000000000000000000e+00,0.000000000000000000e+00,0.000000000000000000e+00,0.000000000000000000e+00
0.000000000000000000e+00,0.000000000000000000e+00,8.312817015225762995e-01,-0.000000000000000000e+00,2.920569077809558323e-01,0.000000000000000000e+00,-0.000000000000000000e+00,1.910466056787942790e+00,1.450486662736496235e-01,0.000000000000000000e+00,0.000000000000000000e+00,0.000000000000000000e+00,-0.000000000000000000e+00,0.000000000000000000e+00,0.000000000000000000e+00,-0.000000000000000000e+00,0.000000000000000000e+00,2.823881215039032999e-01,0.000000000000000000e+00,-9.603483644173670120e-02,0.000000000000000000e+00,-0.000000000000000000e+00,0.000000000000000000e+00,0.000000000000000000e+00,0.000000000000000000e+00,0.000000000000000000e+00,0.000000000000000000e+00,4.734891267358480593e-02,0.000000000000000000e+00,0.000000000000000000e+00,6.261187071634367884e-02,0.000000000000000000e+00,0.000000000000000000e+00,0.000000000000000000e+00,0.000000000000000000e+00,2.807184392446628388e-02,0.000000000000000000e+00,0.000000000000000000e+00,0.000000000000000000e+00
-0.000000000000000000e+00,-0.000000000000000000e+00,-0.000000000000000000e+00,0.000000000000000000e+00,-3.583065398902635784e-02,-0.000000000000000000e+00,1.657119598774503544e-02,1.450486662736496235e-01,2.155829973851814518e+00,-6.896392669467661662e-02,-0.000000000000000000e+00,-2.049918353359837797e-01,0.000000000000000000e+00,-1.797115467576279602e-01,-7.362421469655366923e-02,-0.000000000000000000e+00,-0.000000000000000000e+00,-2.936429134291244636e-01,-0.000000000000000000e+00,0.000000000000000000e+00,-0.000000000000000000e+00,-0.000000000000000000e+00,-2.297104558250233353e-01,-0.000000000000000000e+00,-2.210755184346481772e-01,-0.000000000000000000e+00,-0.000000000000000000e+00,-0.000000000000000000e+00,-0.000000000000000000e+00,-0.000000000000000000e+00,-4.270169065911722656e-02,-0.000000000000000000e+00,-0.000000000000000000e+00,-1.838379437928261972e-01,-0.000000000000000000e+00,-0.000000000000000000e+00,-0.000000000000000000e+00,-2.812881787830237013e-01,-3.301705078755807210e-01
-4.944575773613983927e-01,-3.863163215548691132e-01,0.000000000000000000e+00,-0.000000000000000000e+00,-0.000000000000000000e+00,-5.626671215091238326e-02,-0.000000000000000000e+00,0.000000000000000000e+00,-6.896392669467661662e-02,2.353347653629120018e+00,-0.000000000000000000e+00,-0.000000000000000000e+00,0.000000000000000000e+00,-0.000000000000000000e+00,-0.000000000000000000e+00,-5.778224012246443442e-01,0.000000000000000000e+00,-0.000000000000000000e+00,-4.544149521293964523e-03,0.000000000000000000e+00,-0.000000000000000000e+00,-0.000000000000000000e+00,-0.000000000000000000e+00,-0.000000000000000000e+00,-1.861746650740070119e-01,-0.000000000000000000e+00,-0.000000000000000000e+00,-0.000000000000000000e+00,-0.000000000000000000e+00,-5.047209224197353183e-01,-0.000000000000000000e+00,-0.000000000000000000e+00,-0.000000000000000000e+00,-1.615837334476155351e-01,-0.000000000000000000e+00,0.000000000000000000e+00,-0.000000000000000000e+00,-0.000000000000000000e+00,-7.138254320593186153e-02
-0.000000000000000000e+00,-0.000000000000000000e+00,-0.000000000000000000e+00,-0.000000000000000000e+00,-0.000000000000000000e+00,0.000000000000000000e+00,-0.000000000000000000e+00,0.000000000000000000e+00,-0.000000000000000000e+00,-0.000000000000000000e+00,1.338896215343401197e+00,-0.000000000000000000e+00,-2.360982530577877131e-02,-0.000000000000000000e+00,0.000000000000000000e+00,1.371801885505073149e-01,-2.883710192644549086e-01,0.000000000000000000e+00,0.000000000000000000e+00,0.000000000000000000e+00,-0.000000000000000000e+00,-0.000000000000000000e+00,-0.000000000000000000e+00,-0.000000000000000000e+00,0.000000000000000000e+00,-1.773653985375424087e-03,-6.631264965086745844e-02,-0.000000000000000000e+00,-9.511939315489272018e-02,-0.000000000000000000e+00,-5.667422025159753185e-02,-4.032743854810025841e-01,-0.000000000000000000e+00,0.000000000000000000e+00,-0.000000000000000000e+00,-0.000000000000000000e+00,-3.136224685651806121e-02,-0.000000000000000000e+00,-0.000000000000000000e+00
-0.000000000000000000e+00,-0.000000000000000000e+00,-0.000000000000000000e+00,-0.000000000000000000e+00,-0.000000000000000000e+00,-0.000000000000000000e+00,0.000000000000000000e+00,0.000000000000000000e+00,-2.049918353359837797e-01,-0.000000000000000000e+00,-0.000000000000000000e+00,2.087013820324723490e+00,-0.000000000000000000e+00,-3.414551307185612061e-01,-6.424332335252117554e-01,-0.000000000000000000e+00,0.000000000000000000e+00,-5.420182539121208565e-02,-0.000000000000000000e+00,4.849935303024516600e-03,-0.000000000000000000e+00,-0.000000000000000000e+00,-0.000000000000000000e+00,-0.000000000000000000e+00,-0.000000000000000000e+00,-0.000000000000000000e+00,-0.000000000000000000e+00,-0.000000000000000000e+00,-0.000000000000000000e+00,-3.455449569299617885e-01,-0.000000000000000000e+00,-0.000000000000000000e+00,-1.313427931435910134e-01,-0.000000000000000000e+00,-0.000000000000000000e+00,-0.000000000000000000e+00,-0.000000000000000000e+00,-4.476539068390871651e-02,-3.295414005172642713e-01
0.000000000000000000e+00,-0.000000000000000000e+00,0.000000000000000000e+00,-0.000000000000000000e+00,0.000000000000000000e+00,0.000000000000000000e+00,0.000000000000000000e+00,-0.000000000000000000e+00,0.000000000000000000e+00,0.000000000000000000e+00,-2.360982530577877131e-02,-0.000000000000000000e+00,1.407188125720233218e+00,-0.000000000000000000e+00,-0.000000000000000000e+00,0.000000000000000000e+00,0.000000000000000000e+00,0.000000000000000000e+00,0.000000000000000000e+00,0.000000000000000000e+00,-0.000000000000000000e+00,-0.000000000000000000e+00,-0.000000000000000000e+00,-0.000000000000000000e+00,0.000000000000000000e+00,-0.000000000000000000e+00,-0.000000000000000000e+00,-0.000000000000000000e+00,-0.000000000000000000e+00,-0.000000000000000000e+00,-0.000000000000000000e+00,-1.798416214249209111e-01,-3.123053069565907558e-01,6.812371336335776295e-02,-3.749923268384632302e-01,0.000000000000000000e+00,-0.000000000000000000e+00,0.000000000000000000e+00,0.000000000000000000e+00
-0.000000000000000000e+00,-0.000000000000000000e+00,-1.278970039426830518e-01,-0.000000000000000000e+00,-1.026825546074112971e-01,-0.000000000000000000e+00,0.000000000000000000e+00,0.000000000000000000e+00,-1.797115467576279602e-01,-0.000000000000000000e+00,-0.000000000000000000e+00,-3.414551307185612061e-01,-0.000000000000000000e+00,2.315635440178799964e+00,-0.000000000000000000e+00,-0.000000000000000000e+00,-0.000000000000000000e+00,-0.000000000000000000e+00,-0.000000000000000000e+00,0.000000000000000000e+00,-0.000000000000000000e+00,-0.000000000000000000e+00,-2.457561902216998384e-01,-1.304743552475807478e-01,-0.000000000000000000e+00,-5.073648160563604126e-02,-1.077781148306256737e-01,-7.293828157706742227e-03,-1.227907147425790074e-01,-4.664870369368306902e-02,-4.065609392735330951e-01,-1.283506171091876868e-01,-2.783353488500305839e-01,-0.000000000000000000e+00,-1.133470730951080946e-01,-0.000000000000000000e+00,-6.822744622077420162e-02,-0.000000000000000000e+00,-0.000000000000000000e+00
-0.000000000000000000e+00,-0.000000000000000000e+00,-0.000000000000000000e+00,0.000000000000000000e+00,-0.000000000000000000e+00,-0.000000000000000000e+00,1.642261131923793138e-01,0.000000000000000000e+00,-7.362421469655366923e-02,-0.000000000000000000e+00,0.000000000000000000e+00,-6.424332335252117554e-01,-0.000000000000000000e+00,-0.000000000000000000e+00,1.536171396834665526e+00,-0.000000000000000000e+00,0.000000000000000000e+00,-6.885149913929865251e-02,-8.960895309207976556e-02,7.818327648592254819e-02,-0.000000000000000000e+00,0.000000000000000000e+00,-0.000000000000000000e+00,-1.884515003859601676e-02,-0.000000000000000000e+00,-0.000000000000000000e+00,-0.000000000000000000e+00,-0.000000000000000000e+00,-0.000000000000000000e+00,-8.810090317022740980e-03,-0.000000000000000000e+00,-0.000000000000000000e+00,-0.000000000000000000e+00,-1.733524789677214351e-01,-0.000000000000000000e+00,-0.000000000000000000e+00,-0.000000000000000000e+00,-0.000000000000000000e+00,-0.000000000000000000e+00
-5.099315739815565157e-02,-0.000000000000000000e+00,0.000000000000000000e+00,-0.000000000000000000e+00,-0.000000000000000000e+00,-0.000000000000000000e+00,-0.000000000000000000e+00,-0.000000000000000000e+00,-0.000000000000000000e+00,-5.778224012246443442e-01,1.371801885505073149e-01,-0.000000000000000000e+00,0.000000000000000000e+00,-0.000000000000000000e+00,-0.000000000000000000e+00,1.352344022477328656e+00,0.000000000000000000e+00,-0.000000000000000000e+00,-0.000000000000000000e+00,-0.000000000000000000e+00,0.000000000000000000e+00,-0.000000000000000000e+00,-0.000000000000000000e+00,0.000000000000000000e+00,-0.000000000000000000e+00,-0.000000000000000000e+00,0.000000000000000000e+00,0.000000000000000000e+00,0.000000000000000000e+00,-0.000000000000000000e+00,0.000000000000000000e+00,0.000000000000000000e+00,0.000000000000000000e+00,-1.618584043667322947e-01,0.000000000000000000e+00,0.000000000000000000e+00,0.000000000000000000e+00,-0.000000000000000000e+00,-0.000000000000000000e+00
0.000000000000000000e+00,0.000000000000000000e+00,-0.000000000000000000e+00,0.000000000000000000e+00,-0.000000000000000000e+00,0.000000000000000000e+00,0.000000000000000000e+00,0.000000000000000000e+00,-0.000000000000000000e+00,0.000000000000000000e+00,-2.883710192644549086e-01,0.000000000000000000e+00,0.000000000000000000e+00,-0.000000000000000000e+00,0.000000000000000000e+00,0.000000000000000000e+00,1.077198040183413585e+00,-0.000000000000000000e+00,0.000000000000000000e+00,0.000000000000000000e+00,0.000000000000000000e+00,-0.000000000000000000e+00,-0.000000000000000000e+00,0.000000000000000000e+00,-0.000000000000000000e+00,0.000000000000000000e+00,-0.000000000000000000e+00,0.000000000000000000e+00,0.000000000000000000e+00,0.000000000000000000e+00,-0.000000000000000000e+00,-0.000000000000000000e+00,0.000000000000000000e+00,0.000000000000000000e+00,0.000000000000000000e+00,-0.000000000000000000e+00,0.000000000000000000e+00,-0.000000000000000000e+00,0.000000000000000000e+00
-8.082187799593504307e-02,-0.000000000000000000e+00,-0.000000000000000000e+00,0.000000000000000000e+00,-7.720868063037640561e-02,-0.000000000000000000e+00,0.000000000000000000e+00,2.823881215039032999e-01,-2.936429134291244636e-01,-0.000000000000000000e+00,0.000000000000000000e+00,-5.420182539121208565e-02,0.000000000000000000e+00,-0.000000000000000000e+00,-6.885149913929865251e-02,-0.000000000000000000e+00,-0.000000000000000000e+00,2.254578143720836536e+00,-8.092305889507501737e-01,0.000000000000000000e+00,-0.000000000000000000e+00,-0.000000000000000000e+00,-0.000000000000000000e+00,-0.000000000000000000e+00,-9.330125619686939487e-02,-0.000000000000000000e+00,-0.000000000000000000e+00,-0.000000000000000000e+00,-0.000000000000000000e+00,-0.000000000000000000e+00,-0.000000000000000000e+00,-0.000000000000000000e+00,-0.000000000000000000e+00,-4.966843215654776489e-01,-0.000000000000000000e+00,-0.000000000000000000e+00,-0.000000000000000000e+00,-0.000000000000000000e+00,-0.000000000000000000e+00
-0.000000000000000000e+00,-0.000000000000000000e+00,-0.000000000000000000e+00,0.000000000000000000e+00,-3.531120052739212811e-01,-0.000000000000000000e+00,0.000000000000000000e+00,0.000000000000000000e+00,-0.000000000000000000e+00,-4.544149521293964523e-03,0.000000000000000000e+00,-0.000000000000000000e+00,0.000000000000000000e+00,-0.000000000000000000e+00,-8.960895309207976556e-02,-0.000000000000000000e+00,0.000000000000000000e+00,-8.092305889507501737e-01,2.028132910948656331e+00,0.000000000000000000e+00,-0.000000000000000000e+00,-0.000000000000000000e+00,-0.000000000000000000e+00,-0.000000000000000000e+00,-0.000000000000000000e+00,-0.000000000000000000e+00,-0.000000000000000000e+00,-0.000000000000000000e+00,-0.000000000000000000e+00,-0.000000000000000000e+00,-0.000000000000000000e+00,-0.000000000000000000e+00,-0.000000000000000000e+00,-5.004905039739749872e-01,-0.000000000000000000e+00,0.000000000000000000e+00,-0.000000000000000000e+00,-0.000000000000000000e+00,-0.000000000000000000e+00
0.000000000000000000e+00,0.000000000000000000e+00,0.000000000000000000e+00,-0.000000000000000000e+00,0.000000000000000000e+00,0.000000000000000000e+00,-0.000000000000000000e+00,-9.603483644173670120e-02,0.000000000000000000e+00,0.000000000000000000e+00,0.000000000000000000e+00,4.849935303024516600e-03,0.000000000000000000e+00,0.000000000000000000e+00,7.818327648592254819e-02,-0.000000000000000000e+00,0.000000000000000000e+00,0.000000000000000000e+00,0.000000000000000000e+00,1.317940935596648933e+00,-0.000000000000000000e+00,-5.733215007574145039e-01,0.000000000000000000e+00,2.343703465920290302e-02,0.000000000000000000e+00,0.000000000000000000e+00,0.000000000000000000e+00,2.140149464756803677e-01,0.000000000000000000e+00,0.000000000000000000e+00,0.000000000000000000e+00,0.000000000000000000e+00,0.000000000000000000e+00,0.000000000000000000e+00,0.000000000000000000e+00,-0.000000000000000000e+00,0.000000000000000000e+00,0.000000000000000000e+00,0.000000000000000000e+00
-0.000000000000000000e+00,-0.000000000000000000e+00,-0.000000000000000000e+00,0.000000000000000000e+00,-0.000000000000000000e+00,-0.000000000000000000e+00,1.740399152611185607e-01,0.000000000000000000e+00,-0.000000000000000000e+00,-0.000000000000000000e+00,-0.000000000000000000e+00,-0.000000000000000000e+00,-0.000000000000000000e+00,-0.000000000000000000e+00,-0.000000000000000000e+00,0.000000000000000000e+00,0.000000000000000000e+00,-0.000000000000000000e+00,-0.000000000000000000e+00,-0.000000000000000000e+00,1.070323530221143571e+00,-5.135111840225170532e-02,-0.000000000000000000e+00,-0.000000000000000000e+00,-0.000000000000000000e+00,-0.000000000000000000e+00,-0.000000000000000000e+00,0.000000000000000000e+00,-1.432918718339119546e-01,-0.000000000000000000e+00,-2.983968080132022582e-02,-0.000000000000000000e+00,-0.000000000000000000e+00,0.000000000000000000e+00,-3.952469749810477023e-02,-0.000000000000000000e+00,-0.000000000000000000e+00,-0.000000000000000000e+00,-0.000000000000000000e+00
-0.000000000000000000e+00,-7.153120975655419093e-03,-0.000000000000000000e+00,-0.000000000000000000e+00,-0.000000000000000000e+00,-0.000000000000000000e+00,-0.000000000000000000e+00,-0.000000000000000000e+00,-0.000000000000000000e+00,-0.000000000000000000e+00,-0.000000000000000000e+00,-0.000000000000000000e+00,-0.000000000000000000e+00,-0.000000000000000000e+00,0.000000000000000000e+00,-0.000000000000000000e+00,-0.000000000000000000e+00,-0.000000000000000000e+00,-0.000000000000000000e+00,-5.733215007574145039e-01,-5.135111840225170532e-02,1.310782634669232838e+00,-0.000000000000000000e+00,0.000000000000000000e+00,-0.000000000000000000e+00,-0.000000000000000000e+00,-0.000000000000000000e+00,0.000000000000000000e+00,-0.000000000000000000e+00,-0.000000000000000000e+00,-0.000000000000000000e+00,-5.766319451322855782e-02,-1.632626708902112367e-01,0.000000000000000000e+00,-2.204068389138845105e-02,-0.000000000000000000e+00,-7.154988895328751042e-02,-0.000000000000000000e+00,-0.000000000000000000e+00
-0.000000000000000000e+00,-0.000000000000000000e+00,-0.000000000000000000e+00,-0.000000000000000000e+00,-0.000000000000000000e+00,-1.802796491454488892e-01,0.000000000000000000e+00,0.000000000000000000e+00,-2.297104558250233353e-01,-0.000000000000000000e+00,-0.000000000000000000e+00,-0.000000000000000000e+00,-0.000000000000000000e+00,-2.457561902216998384e-01,-0.000000000000000000e+00,-0.000000000000000000e+00,-0.000000000000000000e+00,-0.000000000000000000e+00,-0.000000000000000000e+00,0.000000000000000000e+00,-0.000000000000000000e+00,-0.000000000000000000e+00,2.219334987199144571e+00,-2.536698269426339580e-01,-8.513795531340580258e-02,-3.336121006736860739e-01,-1.179484499952826587e-01,-0.000000000000000000e+00,-1.479542624312707166e-01,-2.087416608772947602e-01,-0.000000000000000000e+00,-2.811807718868842287e-01,-0.000000000000000000e+00,-0.000000000000000000e+00,-1.435019556285906106e-01,-0.000000000000000000e+00,-1.815075554651341405e-01,-0.000000000000000000e+00,-0.000000000000000000e+00
-0.000000000000000000e+00,-0.000000000000000000e+00,-1.664306919172781618e-01,0.000000000000000000e+00,-0.000000000000000000e+00,-0.000000000000000000e+00,0.000000000000000000e+00,0.000000000000000000e+00,-0.000000000000000000e+00,-0.000000000000000000e+00,-0.000000000000000000e+00,-0.000000000000000000e+00,-0.000000000000000000e+00,-1.304743552475807478e-01,-1.884515003859601676e-02,0.000000000000000000e+00,0.000000000000000000e+00,-0.000000000000000000e+00,-0.000000000000000000e+00,2.343703465920290302e-02,-0.000000000000000000e+00,0.000000000000000000e+00,-2.536698269426339580e-01,1.288153522310185206e+00,-0.000000000000000000e+00,-0.000000000000000000e+00,-0.000000000000000000e+00,-1.895595521294325958e-01,-0.000000000000000000e+00,-0.000000000000000000e+00,-0.000000000000000000e+00,-0.000000000000000000e+00,-0.000000000000000000e+00,-0.000000000000000000e+00,-0.000000000000000000e+00,-0.000000000000000000e+00,-6.112152502889733885e-02,-0.000000000000000000e+00,-0.000000000000000000e+00
-4.810715642609553894e-02,-2.383708390128278648e-03,-0.000000000000000000e+00,0.000000000000000000e+00,-0.000000000000000000e+00,-0.000000000000000000e+00,0.000000000000000000e+00,0.000000000000000000e+00,-2.210755184346481772e-01,-1.861746650740070119e-01,0.000000000000000000e+00,-0.000000000000000000e+00,0.000000000000000000e+00,-0.000000000000000000e+00,-0.000000000000000000e+00,-0.000000000000000000e+00,-0.000000000000000000e+00,-9.330125619686939487e-02,-0.000000000000000000e+00,0.000000000000000000e+00,-0.000000000000000000e+00,-0.000000000000000000e+00,-8.513795531340580258e-02,-0.000000000000000000e+00,1.472206890081530162e+00,-0.000000000000000000e+00,-0.000000000000000000e+00,-0.000000000000000000e+00,-0.000000000000000000e+00,-0.000000000000000000e+00,-0.000000000000000000e+00,-0.000000000000000000e+00,0.000000000000000000e+00,-1.433769236931679569e-01,0.000000000000000000e+00,-0.000000000000000000e+00,-0.000000000000000000e+00,-1.519244097110397096e-01,-1.841805354967696040e-01
-4.921167705938667841e-02,-1.009709230859617696e-01,-0.000000000000000000e+00,-0.000000000000000000e+00,-6.707938528097877329e-02,-3.442002194585715852e-02,0.000000000000000000e+00,0.000000000000000000e+00,-0.000000000000000000e+00,-0.000000000000000000e+00,-1.773653985375424087e-03,-0.000000000000000000e+00,-0.000000000000000000e+00,-5.073648160563604126e-02,-0.000000000000000000e+00,-0.000000000000000000e+00,0.000000000000000000e+00,-0.000000000000000000e+00,-0.000000000000000000e+00,0.000000000000000000e+00,-0.000000000000000000e+00,-0.000000000000000000e+00,-3.336121006736860739e-01,-0.000000000000000000e+00,-0.000000000000000000e+00,2.462147048807786121e+00,-5.026331865180453384e-01,-4.039906616611908113e-02,-4.116485758778511417e-01,-2.438748205643176403e-01,-2.397956817322304812e-01,-7.981546412570526827e-02,-3.537204376188135546e-02,-0.000000000000000000e+00,-3.486033266197199193e-03,0.000000000000000000e+00,-0.000000000000000000e+00,-3.321341418188132333e-01,-5.663431678728616386e-02
-0.000000000000000000e+00,-0.000000000000000000e+00,-1.077683809608386556e-01,-0.000000000000000000e+00,-0.000000000000000000e+00,-0.000000000000000000e+00,0.000000000000000000e+00,0.000000000000000000e+00,-0.000000000000000000e+00,-0.000000000000000000e+00,-6.631264965086745844e-02,-0.000000000000000000e+00,-0.000000000000000000e+00,-1.077781148306256737e-01,-0.000000000000000000e+00,0.000000000000000000e+00,-0.000000000000000000e+00,-0.000000000000000000e+00,-0.000000000000000000e+00,0.000000000000000000e+00,-0.000000000000000000e+00,-0.000000000000000000e+00,-1.179484499952826587e-01,-0.000000000000000000e+00,-0.000000000000000000e+00,-5.026331865180453384e-01,2.139629669485092034e+00,-2.942578587196808537e-01,-1.730558454208090402e-01,-0.000000000000000000e+00,-2.154652660361011662e-01,-1.203072971246426787e-01,-4.161426097994522927e-02,-0.000000000000000000e+00,-0.000000000000000000e+00,-0.000000000000000000e+00,-2.585077406282936807e-01,-0.000000000000000000e+00,-1.399851119216221074e-01
-0.000000000000000000e+00,-0.000000000000000000e+00,-2.723042665417300667e-01,-7.618394696872250738e-02,-0.000000000000000000e+00,-0.000000000000000000e+00,-0.000000000000000000e+00,4.734891267358480593e-02,-0.000000000000000000e+00,-0.000000000000000000e+00,-0.000000000000000000e+00,-0.000000000000000000e+00,-0.000000000000000000e+00,-7.293828157706742227e-03,-0.000000000000000000e+00,0.000000000000000000e+00,0.000000000000000000e+00,-0.000000000000000000e+00,-0.000000000000000000e+00,2.140149464756803677e-01,0.000000000000000000e+00,0.000000000000000000e+00,-0.000000000000000000e+00,-1.895595521294325958e-01,-0.000000000000000000e+00,-4.039906616611908113e-02,-2.942578587196808537e-01,1.471041442451797465e+00,-0.000000000000000000e+00,-1.469501233444360788e-01,-0.000000000000000000e+00,-0.000000000000000000e+00,-0.000000000000000000e+00,-0.000000000000000000e+00,-0.000000000000000000e+00,0.000000000000000000e+00,-8.302501430333301957e-02,-0.000000000000000000e+00,-0.000000000000000000e+00
-0.000000000000000000e+00,-2.000441954044210602e-01,-0.000000000000000000e+00,-0.000000000000000000e+00,-0.000000000000000000e+00,-0.000000000000000000e+00,0.000000000000000000e+00,0.000000000000000000e+00,-0.000000000000000000e+00,-0.000000000000000000e+00,-9.511939315489272018e-02,-0.000000000000000000e+00,-0.000000000000000000e+00,-1.227907147425790074e-01,-0.000000000000000000e+00,0.000000000000000000e+00,0.000000000000000000e+00,-0.000000000000000000e+00,-0.000000000000000000e+00,0.000000000000000000e+00,-1.432918718339119546e-01,-0.000000000000000000e+00,-1.479542624312707166e-01,-0.000000000000000000e+00,-0.000000000000000000e+00,-4.116485758778511417e-01,-1.730558454208090402e-01,-0.000000000000000000e+00,2.357466515916880390e+00,-3.601154461137499180e-02,-2.583185948910063368e-01,-3.284725812955933688e-01,-5.758715329860881332e-02,-0.000000000000000000e+00,-2.928838604977161975e-01,0.000000000000000000e+00,-1.341199316061409408e-01,-4.926551902261924742e-02,-4.145779930389682094e-02
-3.744969213973468047e-01,-2.458482518716537946e-01,-0.000000000000000000e+00,-0.000000000000000000e+00,-0.000000000000000000e+00,-5.576470339014161226e-02,-0.000000000000000000e+00,0.000000000000000000e+00,-0.000000000000000000e+00,-5.047209224197353183e-01,-0.000000000000000000e+00,-3.455449569299617885e-01,-0.000000000000000000e+00,-4.664870369368306902e-02,-8.810090317022740980e-03,-0.000000000000000000e+00,0.000000000000000000e+00,-0.000000000000000000e+00,-0.000000000000000000e+00,0.000000000000000000e+00,-0.000000000000000000e+00,-0.000000000000000000e+00,-2.087416608772947602e-01,-0.000000000000000000e+00,-0.000000000000000000e+00,-2.438748205643176403e-01,-0.000000000000000000e+00,-1.469501233444360788e-01,-3.601154461137499180e-02,2.207144360728335641e+00,-0.000000000000000000e+00,-0.000000000000000000e+00,-0.000000000000000000e+00,-0.000000000000000000e+00,-0.000000000000000000e+00,0.000000000000000000e+00,-0.000000000000000000e+00,-0.000000000000000000e+00,-3.146346701635074211e-02
-0.000000000000000000e+00,-0.000000000000000000e+00,-2.541012904655763904e-01,-0.000000000000000000e+00,-0.000000000000000000e+00,-0.000000000000000000e+00,0.000000000000000000e+00,6.261187071634367884e-02,-4.270169065911722656e-02,-0.000000000000000000e+00,-5.667422025159753185e-02,-0.000000000000000000e+00,-0.000000000000000000e+00,-4.065609392735330951e-01,-0.000000000000000000e+00,0.000000000000000000e+00,-0.000000000000000000e+00,-0.000000000000000000e+00,-0.000000000000000000e+00,0.000000000000000000e+00,-2.983968080132022582e-02,-0.000000000000000000e+00,-0.000000000000000000e+00,-0.000000000000000000e+00,-0.000000000000000000e+00,-2.397956817322304812e-01,-2.154652660361011662e-01,-0.000000000000000000e+00,-2.583185948910063368e-01,-0.000000000000000000e+00,2.215474165863148936e+00,-2.074192715992130842e-01,-3.048475079978321678e-01,-0.000000000000000000e+00,-1.313195597875135290e-01,-0.000000000000000000e+00,-0.000000000000000000e+00,-0.000000000000000000e+00,-7.247027909563417275e-03
-0.000000000000000000e+00,-0.000000000000000000e+00,-0.000000000000000000e+00,-0.000000000000000000e+00,-0.000000000000000000e+00,-0.000000000000000000e+00,0.000000000000000000e+00,0.000000000000000000e+00,-0.000000000000000000e+00,-0.000000000000000000e+00,-4.032743854810025841e-01,-0.000000000000000000e+00,-1.798416214249209111e-01,-1.283506171091876868e-01,-0.000000000000000000e+00,0.000000000000000000e+00,-0.000000000000000000e+00,-0.000000000000000000e+00,-0.000000000000000000e+00,0.000000000000000000e+00,-0.000000000000000000e+00,-5.766319451322855782e-02,-2.811807718868842287e-01,-0.000000000000000000e+00,-0.000000000000000000e+00,-7.981546412570526827e-02,-1.203072971246426787e-01,-0.000000000000000000e+00,-3.284725812955933688e-01,-0.000000000000000000e+00,-2.074192715992130842e-01,2.802563876382825558e+00,-3.811323275574686753e-01,0.000000000000000000e+00,-4.007832897804556871e-01,-0.000000000000000000e+00,-5.322376442413975228e-01,-0.000000000000000000e+00,-0.000000000000000000e+00
-0.000000000000000000e+00,-0.000000000000000000e+00,-0.000000000000000000e+00,-2.987461428344627412e-02,-0.000000000000000000e+00,-0.000000000000000000e+00,0.000000000000000000e+00,0.000000000000000000e+00,-0.000000000000000000e+00,-0.000000000000000000e+00,-0.000000000000000000e+00,-1.313427931435910134e-01,-3.123053069565907558e-01,-2.783353488500305839e-01,-0.000000000000000000e+00,0.000000000000000000e+00,0.000000000000000000e+00,-0.000000000000000000e+00,-0.000000000000000000e+00,0.000000000000000000e+00,-0.000000000000000000e+00,-1.632626708902112367e-01,-0.000000000000000000e+00,-0.000000000000000000e+00,0.000000000000000000e+00,-3.537204376188135546e-02,-4.161426097994522927e-02,-0.000000000000000000e+00,-5.758715329860881332e-02,-0.000000000000000000e+00,-3.048475079978321678e-01,-3.811323275574686753e-01,2.422968815969976930e+00,0.000000000000000000e+00,-5.333473594464969159e-01,-0.000000000000000000e+00,-2.943993395149005488e-01,-0.000000000000000000e+00,-0.000000000000000000e+00
-4.671953878776467090e-02,-0.000000000000000000e+00,-0.000000000000000000e+00,0.000000000000000000e+00,-2.873144445355864107e-01,-0.000000000000000000e+00,0.000000000000000000e+00,0.000000000000000000e+00,-1.838379437928261972e-01,-1.615837334476155351e-01,0.000000000000000000e+00,-0.000000000000000000e+00,6.812371336335776295e-02,-0.000000000000000000e+00,-1.733524789677214351e-01,-1.618584043667322947e-01,0.000000000000000000e+00,-4.966843215654776489e-01,-5.004905039739749872e-01,0.000000000000000000e+00,0.000000000000000000e+00,0.000000000000000000e+00,-0.000000000000000000e+00,-0.000000000000000000e+00,-1.433769236931679569e-01,-0.000000000000000000e+00,-0.000000000000000000e+00,-0.000000000000000000e+00,-0.000000000000000000e+00,-0.000000000000000000e+00,-0.000000000000000000e+00,0.000000000000000000e+00,0.000000000000000000e+00,2.081048542850131078e+00,0.000000000000000000e+00,-0.000000000000000000e+00,0.000000000000000000e+00,-0.000000000000000000e+00,-0.000000000000000000e+00
-0.000000000000000000e+00,-0.000000000000000000e+00,-0.000000000000000000e+00,-0.000000000000000000e+00,-0.000000000000000000e+00,-0.000000000000000000e+00,0.000000000000000000e+00,0.000000000000000000e+00,-0.000000000000000000e+00,-0.000000000000000000e+00,-0.000000000000000000e+00,-0.000000000000000000e+00,-3.749923268384632302e-01,-1.133470730951080946e-01,-0.000000000000000000e+00,0.000000000000000000e+00,0.000000000000000000e+00,-0.000000000000000000e+00,-0.000000000000000000e+00,0.000000000000000000e+00,-3.952469749810477023e-02,-2.204068389138845105e-02,-1.435019556285906106e-01,-0.000000000000000000e+00,0.000000000000000000e+00,-3.486033266197199193e-03,-0.000000000000000000e+00,-0.000000000000000000e+00,-2.928838604977161975e-01,-0.000000000000000000e+00,-1.313195597875135290e-01,-4.007832897804556871e-01,-5.333473594464969159e-01,0.000000000000000000e+00,2.522656914652306792e+00,0.000000000000000000e+00,-5.069694029822811032e-01,-0.000000000000000000e+00,-0.000000000000000000e+00
0.000000000000000000e+00,0.000000000000000000e+00,-1.766268899423150684e-01,0.000000000000000000e+00,-2.519002815735470885e-02,4.163294064888523743e-02,0.000000000000000000e+00,2.807184392446628388e-02,-0.000000000000000000e+00,0.000000000000000000e+00,-0.000000000000000000e+00,-0.000000000000000000e+00,0.000000000000000000e+00,-0.000000000000000000e+00,-0.000000000000000000e+00,0.000000000000000000e+00,-0.000000000000000000e+00,-0.000000000000000000e+00,0.000000000000000000e+00,-0.000000000000000000e+00,-0.000000000000000000e+00,-0.000000000000000000e+00,-0.000000000000000000e+00,-0.000000000000000000e+00,-0.000000000000000000e+00,0.000000000000000000e+00,-0.000000000000000000e+00,0.000000000000000000e+00,0.000000000000000000e+00,0.000000000000000000e+00,-0.000000000000000000e+00,-0.000000000000000000e+00,-0.000000000000000000e+00,-0.000000000000000000e+00,0.000000000000000000e+00,1.041862390571078878e+00,0.000000000000000000e+00,0.000000000000000000e+00,-0.000000000000000000e+00
-0.000000000000000000e+00,-0.000000000000000000e+00,-0.000000000000000000e+00,-0.000000000000000000e+00,-0.000000000000000000e+00,-0.000000000000000000e+00,0.000000000000000000e+00,0.000000000000000000e+00,-0.000000000000000000e+00,-0.000000000000000000e+00,-3.136224685651806121e-02,-0.000000000000000000e+00,-0.000000000000000000e+00,-6.822744622077420162e-02,-0.000000000000000000e+00,0.000000000000000000e+00,0.000000000000000000e+00,-0.000000000000000000e+00,-0.000000000000000000e+00,0.000000000000000000e+00,-0.000000000000000000e+00,-7.154988895328751042e-02,-1.815075554651341405e-01,-6.112152502889733885e-02,-0.000000000000000000e+00,-0.000000000000000000e+00,-2.585077406282936807e-01,-8.302501430333301957e-02,-1.341199316061409408e-01,-0.000000000000000000e+00,-0.000000000000000000e+00,-5.322376442413975228e-01,-2.943993395149005488e-01,0.000000000000000000e+00,-5.069694029822811032e-01,0.000000000000000000e+00,2.276215821325723976e+00,-0.000000000000000000e+00,-0.000000000000000000e+00
-3.878058846724314335e-01,-2.877686653500340364e-01,-0.000000000000000000e+00,-0.000000000000000000e+00,-0.000000000000000000e+00,-0.000000000000000000e+00,0.000000000000000000e+00,0.000000000000000000e+00,-2.812881787830237013e-01,-0.000000000000000000e+00,-0.000000000000000000e+00,-4.476539068390871651e-02,0.000000000000000000e+00,-0.000000000000000000e+00,-0.000000000000000000e+00,-0.000000000000000000e+00,-0.000000000000000000e+00,-0.000000000000000000e+00,-0.000000000000000000e+00,0.000000000000000000e+00,-0.000000000000000000e+00,-0.000000000000000000e+00,-0.000000000000000000e+00,-0.000000000000000000e+00,-1.519244097110397096e-01,-3.321341418188132333e-01,-0.000000000000000000e+00,-0.000000000000000000e+00,-4.926551902261924742e-02,-0.000000000000000000e+00,-0.000000000000000000e+00,-0.000000000000000000e+00,-0.000000000000000000e+00,-0.000000000000000000e+00,-0.000000000000000000e+00,0.000000000000000000e+00,-0.000000000000000000e+00,2.302940758562711299e+00,-6.861396639228869443e-01
-1.861535231960960157e-01,-2.707929920515112499e-01,-0.000000000000000000e+00,-0.000000000000000000e+00,-0.000000000000000000e+00,-0.000000000000000000e+00,0.000000000000000000e+00,0.000000000000000000e+00,-3.301705078755807210e-01,-7.138254320593186153e-02,-0.000000000000000000e+00,-3.295414005172642713e-01,0.000000000000000000e+00,-0.000000000000000000e+00,-0.000000000000000000e+00,-0.000000000000000000e+00,0.000000000000000000e+00,-0.000000000000000000e+00,-0.000000000000000000e+00,0.000000000000000000e+00,-0.000000000000000000e+00,-0.000000000000000000e+00,-0.000000000000000000e+00,-0.000000000000000000e+00,-1.841805354967696040e-01,-5.663431678728616386e-02,-1.399851119216221074e-01,-0.000000000000000000e+00,-4.145779930389682094e-02,-3.146346701635074211e-02,-7.247027909563417275e-03,-0.000000000000000000e+00,-0.000000000000000000e+00,-0.000000000000000000e+00,-0.000000000000000000e+00,-0.000000000000000000e+00,-0.000000000000000000e+00,-6.861396639228869443e-01,2.331516894048809796e+00
