2.154532072027824263e+00,-1.899268253294552344e-01,-2.064210840635020416e-01,0.000000000000000000e+00,-0.000000000000000000e+00,-0.000000000000000000e+00,-0.000000000000000000e+00,7.007296279039064435e-02,-1.768548531803327412e-02,-2.723250533805955942e-01,-0.000000000000000000e+00,-0.000000000000000000e+00,0.000000000000000000e+00,-4.517097647924918358e-02,-0.000000000000000000e+00,-6.646972159392824930e-02,-0.000000000000000000e+00,-0.000000000000000000e+00,-0.000000000000000000e+00,-0.000000000000000000e+00,-0.000000000000000000e+00,-0.000000000000000000e+00,-1.973522041464444848e-02,-0.000000000000000000e+00,-1.236343518578668088e-01,-1.385662687791098802e-01,-0.000000000000000000e+00,-2.257206811490981013e-01,-1.189085458829986092e-01,-2.569048116485787014e-01,-0.000000000000000000e+00,-1.391090078311644218e-01,-0.000000000000000000e+00,-0.000000000000000000e+00,-0.000000000000000000e+00,-1.308344482608490567e-01,-1.597393670319846026e-01,-0.000000000000000000e+00,-0.000000000000000000e+00
-1.899268253294552344e-01,2.171113518225028294e+00,-5.120901807804415992e-04,-0.000000000000000000e+00,-0.000000000000000000e+00,-0.000000000000000000e+00,-0.000000000000000000e+00,0.000000000000000000e+00,-2.528947175359316790e-01,-0.000000000000000000e+00,-0.000000000000000000e+00,-2.324999366673257406e-01,1.469739398463690283e-01,-8.849079343312281354e-02,-0.000000000000000000e+00,-1.550508923947923334e-01,-0.000000000000000000e+00,-0.000000000000000000e+00,-0.000000000000000000e+00,-0.000000000000000000e+00,-0.000000000000000000e+00,-3.101249731620952382e-02,-4.756330504286013228e-01,-0.000000000000000000e+00,-0.000000000000000000e+00,-0.000000000000000000e+00,-1.465786928358253638e-01,-0.000000000000000000e+00,-0.000000000000000000e+00,-3.293607063526667045e-02,-2.444240245015261437e-01,-0.000000000000000000e+00,-0.000000000000000000e+00,-0.000000000000000000e+00,-0.000000000000000000e+00,-4.026005730558928492e-02,-0.000000000000000000e+00,-0.000000000000000000e+00,-2.021801361623192794e-01
-2.064210840635020416e-01,-5.120901807804415992e-04,2.523320230349222371e+00,-0.000000000000000000e+00,-1.322542969399390922e-01,-0.000000000000000000e+00,-0.000000000000000000e+00,7.900217931996366127e-01,-0.000000000000000000e+00,-0.000000000000000000e+00,-0.000000000000000000e+00,-8.826888327893431252e-02,0.000000000000000000e+00,-1.552763956943355173e-01,-3.593285469463950582e-02,-2.575387666190920299e-01,-0.000000000000000000e+00,-2.055713178190241019e-01,-0.000000000000000000e+00,-0.000000000000000000e+00,-8.083490707093950178e-02,-7.685036302838875628e-03,-0.000000000000000000e+00,-0.000000000000000000e+00,-0.000000000000000000e+00,-0.000000000000000000e+00,-7.247423980768942509e-02,-1.219356101516538837e-01,-7.121852492334182494e-02,-0.000000000000000000e+00,-9.132172125062359980e-02,-0.000000000000000000e+00,-3.000046501995119463e-01,-6.138696806117728555e-02,-1.478470840126442677e-02,-0.000000000000000000e+00,-0.000000000000000000e+00,-0.000000000000000000e+00,-0.000000000000000000e+00
0.000000000000000000e+00,-0.000000000000000000e+00,-0.000000000000000000e+00,1.387670462079614531e+00,0.000000000000000000e+00,0.000000000000000000e+00,-3.950147976856295817e-01,0.000000000000000000e+00,0.000000000000000000e+00,-0.000000000000000000e+00,0.000000000000000000e+00,-7.929049388672114451e-02,-0.000000000000000000e+00,-0.000000000000000000e+00,-0.000000000000000000e+00,-0.000000000000000000e+00,-0.000000000000000000e+00,-0.000000000000000000e+00,-1.039115349418409523e-01,-1.401105177486764164e-01,-9.089397311096236720e-02,-1.940054550365679364e-01,-0.000000000000000000e+00,0.000000000000000000e+00,-0.000000000000000000e+00,0.000000000000000000e+00,-0.000000000000000000e+00,0.000000000000000000e+00,-0.000000000000000000e+00,-0.000000000000000000e+00,-0.000000000000000000e+00,-0.000000000000000000e+00,-0.000000000000000000e+00,-0.000000000000000000e+00,-0.000000000000000000e+00,-0.000000000000000000e+00,-0.000000000000000000e+00,0.000000000000000000e+00,-0.000000000000000000e+00
-0.000000000000000000e+00,-0.000000000000000000e+00,-1.322542969399390922e-01,0.000000000000000000e+00,1.736251190250862164e+00,0.000000000000000000e+00,-0.000000000000000000e+00,1.066655059967913932e-01,-4.171742729829682195e-01,-0.000000000000000000e+00,-0.000000000000000000e+00,-0.000000000000000000e+00,-0.000000000000000000e+00,-6.513227474888368118e-02,-0.000000000000000000e+00,-0.000000000000000000e+00,-0.000000000000000000e+00,-0.000000000000000000e+00,0.000000000000000000e+00,-0.000000000000000000e+00,-0.000000000000000000e+00,-0.000000000000000000e+00,-0.000000000000000000e+00,-0.000000000000000000e+00,-0.000000000000000000e+00,-0.000000000000000000e+00,-0.000000000000000000e+00,-1.277390036417516139e-01,-0.000000000000000000e+00,-0.000000000000000000e+00,-0.000000000000000000e+00,-0.000000000000000000e+00,-9.170763740323201185e-02,-3.555116587280279239e-01,-0.000000000000000000e+00,-0.000000000000000000e+00,-0.000000000000000000e+00,-2.459330307649679470e-01,-0.000000000000000000e+00
-0.000000000000000000e+00,-0.000000000000000000e+00,-0.000000000000000000e+00,0.000000000000000000e+00,0.000000000000000000e+00,1.605216531300330374e+00,-0.000000000000000000e+00,0.000000000000000000e+00,0.000000000000000000e+00,-0.000000000000000000e+00,-2.774473956485754012e-01,-0.000000000000000000e+00,0.000000000000000000e+00,-0.000000000000000000e+00,-0.000000000000000000e+00,-0.000000000000000000e+00,-3.218043195109584476e-01,-0.000000000000000000e+00,-0.000000000000000000e+00,-1.024078694313010872e-02,-0.000000000000000000e+00,-0.000000000000000000e+00,-0.000000000000000000e+00,-0.000000000000000000e+00,-8.385172187003082922e-03,-0.000000000000000000e+00,-0.000000000000000000e+00,-0.000000000000000000e+00,-1.735768158157243168e-01,-0.000000000000000000e+00,-0.000000000000000000e+00,-1.522794649588042060e-01,-0.000000000000000000e+00,-0.000000000000000000e+00,-1.250888844324221649e-01,-1.561210516020026216e-02,-2.046853347970356563e-01,-0.000000000000000000e+00,0.000000000000000000e+00
-0.000000000000000000e+00,-0.000000000000000000e+00,-0.000000000000000000e+00,-3.950147976856295817e-01,-0.000000000000000000e+00,-0.000000000000000000e+00,1.746654077810749106e+00,0.000000000000000000e+00,-0.000000000000000000e+00,-0.000000000000000000e+00,-0.000000000000000000e+00,-2.899716398069906997e-01,0.000000000000000000e+00,-0.000000000000000000e+00,-1.426782013443562980e-01,-0.000000000000000000e+00,-0.000000000000000000e+00,-0.000000000000000000e+00,-2.060729309992332670e-01,-0.000000000000000000e+00,-0.000000000000000000e+00,-2.213799903067426300e-01,-0.000000000000000000e+00,-0.000000000000000000e+00,-0.000000000000000000e+00,0.000000000000000000e+00,-0.000000000000000000e+00,0.000000000000000000e+00,-0.000000000000000000e+00,-0.000000000000000000e+00,-3.430712013412703237e-02,-0.000000000000000000e+00,-0.000000000000000000e+00,-0.000000000000000000e+00,-0.000000000000000000e+00,-0.000000000000000000e+00,-0.000000000000000000e+00,0.000000000000000000e+00,-2.857208098702725962e-01
7.007296279039064435e-02,0.000000000000000000e+00,7.900217931996366127e-01,0.000000000000000000e+00,1.066655059967913932e-01,0.000000000000000000e+00,0.000000000000000000e+00,2.429388871806549499e+00,0.000000000000000000e+00,1.188665097644070467e-01,0.000000000000000000e+00,6.906676874719604176e-02,-0.000000000000000000e+00,5.458456334037697921e-02,7.251257061847753149e-02,2.366687926216191340e-01,0.000000000000000000e+00,1.378074493025027158e-01,0.000000000000000000e+00,0.000000000000000000e+00,2.746134033769958016e-01,7.490336120923039853e-02,0.000000000000000000e+00,0.000000000000000000e+00,0.000000000000000000e+00,0.000000000000000000e+00,0.000000000000000000e+00,8.221736977397975377e-03,1.049404675206863646e-01,0.000000000000000000e+00,7.125178985856077396e-02,0.000000000000000000e+00,8.558637494894476283e-02,1.500423281874861681e-01,1.024794590134469191e-01,0.000000000000000000e+00,0.000000000000000000e+00,2.526137514653066518e-02,0.000000000000000000e+00
-1.768548531803327412e-02,-2.528947175359316790e-01,-0.000000000000000000e+00,0.000000000000000000e+00,-4.171742729829682195e-01,0.000000000000000000e+00,-0.000000000000000000e+00,0.000000000000000000e+00,1.995628075086004927e+00,-0.000000000000000000e+00,-0.000000000000000000e+00,-0.000000000000000000e+00,0.000000000000000000e+00,-2.303253737845901150e-01,-0.000000000000000000e+00,-6.326197131451585798e-02,-0.000000000000000000e+00,-0.000000000000000000e+00,-0.000000000000000000e+00,0.000000000000000000e+00,-0.000000000000000000e+00,-0.000000000000000000e+00,-0.000000000000000000e+00,-0.000000000000000000e+00,-0.000000000000000000e+00,-0.000000000000000000e+00,-0.000000000000000000e+00,-0.000000000000000000e+00,-0.000000000000000000e+00,-4.121472075034359195e-01,-0.000000000000000000e+00,-0.000000000000000000e+00,-0.000000000000000000e+00,-4.583312779315346641e-01,-0.000000000000000000e+00,-0.000000000000000000e+00,-0.000000000000000000e+00,-3.091997006774531865e-03,-0.000000000000000000e+00
-2.723250533805955942e-01,-0.000000000000000000e+00,-0.000000000000000000e+00,-0.000000000000000000e+00,-0.000000000000000000e+00,-0.000000000000000000e+00,-0.000000000000000000e+00,1.188665097644070467e-01,-0.000000000000000000e+00,2.387756349653728627e+00,-3.972281772456363186e-02,-0.000000000000000000e+00,0.000000000000000000e+00,-2.069660088907100126e-01,-0.000000000000000000e+00,-5.028726461730489428e-01,-0.000000000000000000e+00,-0.000000000000000000e+00,-0.000000000000000000e+00,-0.000000000000000000e+00,-1.522176904178677570e-01,-0.000000000000000000e+00,-6.632651600053090374e-03,-0.000000000000000000e+00,-1.016241449263573654e-01,-9.666931409341923687e-02,-0.000000000000000000e+00,-1.442811916304424513e-01,-2.475477502581272665e-02,-3.433200186967710899e-01,-0.000000000000000000e+00,-6.635061622582602570e-02,-0.000000000000000000e+00,-0.000000000000000000e+00,-1.343334814371257950e-02,-2.278783659479706458e-01,-2.014118440410949951e-01,-0.000000000000000000e+00,-0.000000000000000000e+00
-0.000000000000000000e+00,-0.000000000000000000e+00,-0.000000000000000000e+00,0.000000000000000000e+00,-0.000000000000000000e+00,-2.774473956485754012e-01,-0.000000000000000000e+00,0.000000000000000000e+00,-0.000000000000000000e+00,-3.972281772456363186e-02,1.637467488372571500e+00,0.000000000000000000e+00,0.000000000000000000e+00,-0.000000000000000000e+00,-0.000000000000000000e+00,-0.000000000000000000e+00,-6.180791362093803754e-01,-0.000000000000000000e+00,-0.000000000000000000e+00,-0.000000000000000000e+00,-0.000000000000000000e+00,-0.000000000000000000e+00,-0.000000000000000000e+00,-0.000000000000000000e+00,-0.000000000000000000e+00,-1.430772253422447904e-01,-0.000000000000000000e+00,-0.000000000000000000e+00,-1.506786587705309308e-02,-0.000000000000000000e+00,-0.000000000000000000e+00,-1.290479648180206107e-01,-0.000000000000000000e+00,-0.000000000000000000e+00,-0.000000000000000000e+00,-2.202246499642856667e-02,-4.565052129090391847e-02,-0.000000000000000000e+00,-0.000000000000000000e+00
-0.000000000000000000e+00,-2.324999366673257406e-01,-8.826888327893431252e-02,-7.929049388672114451e-02,-0.000000000000000000e+00,-0.000000000000000000e+00,-2.899716398069906997e-01,6.906676874719604176e-02,-0.000000000000000000e+00,-0.000000000000000000e+00,0.000000000000000000e+00,2.275888946705271643e+00,0.000000000000000000e+00,-0.000000000000000000e+00,-4.219902377024830065e-01,-0.000000000000000000e+00,-0.000000000000000000e+00,-0.000000000000000000e+00,-0.000000000000000000e+00,-0.000000000000000000e+00,-0.000000000000000000e+00,-5.827850530434700582e-01,-0.000000000000000000e+00,-0.000000000000000000e+00,-0.000000000000000000e+00,-0.000000000000000000e+00,-1.049901536112662487e-01,0.000000000000000000e+00,-0.000000000000000000e+00,-0.000000000000000000e+00,-6.756427319364111117e-02,-0.000000000000000000e+00,-0.000000000000000000e+00,-0.000000000000000000e+00,-0.000000000000000000e+00,-0.000000000000000000e+00,-0.000000000000000000e+00,0.000000000000000000e+00,-3.505587879814461849e-01
0.000000000000000000e+00,1.469739398463690283e-01,0.000000000000000000e+00,-0.000000000000000000e+00,-0.000000000000000000e+00,0.000000000000000000e+00,0.000000000000000000e+00,-0.000000000000000000e+00,0.000000000000000000e+00,0.000000000000000000e+00,0.000000000000000000e+00,0.000000000000000000e+00,1.179553676146115837e+00,0.000000000000000000e+00,0.000000000000000000e+00,0.000000000000000000e+00,0.000000000000000000e+00,0.000000000000000000e+00,7.890273347671017401e-02,-0.000000000000000000e+00,-0.000000000000000000e+00,0.000000000000000000e+00,9.059743406607655147e-02,5.902139625426478658e-02,0.000000000000000000e+00,-0.000000000000000000e+00,4.689883187197661091e-02,-0.000000000000000000e+00,0.000000000000000000e+00,0.000000000000000000e+00,1.291001093233403729e-01,0.000000000000000000e+00,0.000000000000000000e+00,0.000000000000000000e+00,0.000000000000000000e+00,0.000000000000000000e+00,0.000000000000000000e+00,-0.000000000000000000e+00,6.564114439550430835e-02
-4.517097647924918358e-02,-8.849079343312281354e-02,-1.552763956943355173e-01,-0.000000000000000000e+00,-6.513227474888368118e-02,-0.000000000000000000e+00,-0.000000000000000000e+00,5.458456334037697921e-02,-2.303253737845901150e-01,-2.069660088907100126e-01,-0.000000000000000000e+00,-0.000000000000000000e+00,0.000000000000000000e+00,2.435915583358222669e+00,-7.751299862339917912e-03,-3.194719227918951243e-01,-0.000000000000000000e+00,-0.000000000000000000e+00,-0.000000000000000000e+00,-0.000000000000000000e+00,-0.000000000000000000e+00,-0.000000000000000000e+00,-3.356715982868863773e-02,-5.193998622753693423e-02,-7.251852637792416401e-02,-7.193360176884143475e-02,-8.062380551859031630e-02,-0.000000000000000000e+00,-1.776857286871950381e-01,-6.945707934131321870e-02,-7.027058791868134868e-02,-0.000000000000000000e+00,-4.455878114651474209e-01,-3.266266699852483635e-01,-0.000000000000000000e+00,-0.000000000000000000e+00,-0.000000000000000000e+00,-0.000000000000000000e+00,-0.000000000000000000e+00
-0.000000000000000000e+00,-0.000000000000000000e+00,-3.593285469463950582e-02,-0.000000000000000000e+00,-0.000000000000000000e+00,-0.000000000000000000e+00,-1.426782013443562980e-01,7.251257061847753149e-02,-0.000000000000000000e+00,-0.000000000000000000e+00,-0.000000000000000000e+00,-4.219902377024830065e-01,0.000000000000000000e+00,-7.751299862339917912e-03,1.962385611783785677e+00,-1.791817788360746122e-01,-0.000000000000000000e+00,-0.000000000000000000e+00,-0.000000000000000000e+00,-7.285311701390830008e-02,-0.000000000000000000e+00,-2.596898166069326330e-01,-0.000000000000000000e+00,-0.000000000000000000e+00,-0.000000000000000000e+00,-0.000000000000000000e+00,-8.065273095667881142e-02,-0.000000000000000000e+00,-2.266390159383841196e-01,-0.000000000000000000e+00,-4.826477779338051582e-02,-0.000000000000000000e+00,-2.734515197195026837e-02,-5.746282422979463733e-02,-2.290190893643914150e-01,-0.000000000000000000e+00,-0.000000000000000000e+00,-0.000000000000000000e+00,-0.000000000000000000e+00
-6.646972159392824930e-02,-1.550508923947923334e-01,-2.575387666190920299e-01,-0.000000000000000000e+00,-0.000000000000000000e+00,-0.000000000000000000e+00,-0.000000000000000000e+00,2.366687926216191340e-01,-6.326197131451585798e-02,-5.028726461730489428e-01,-0.000000000000000000e+00,-0.000000000000000000e+00,0.000000000000000000e+00,-3.194719227918951243e-01,-1.791817788360746122e-01,2.495061358686418984e+00,-0.000000000000000000e+00,-6.094323503181610369e-02,-0.000000000000000000e+00,-0.000000000000000000e+00,-8.188691735196627214e-03,-0.000000000000000000e+00,-8.701300761454981714e-02,-0.000000000000000000e+00,-0.000000000000000000e+00,-0.000000000000000000e+00,-0.000000000000000000e+00,-0.000000000000000000e+00,-4.587863815379054910e-02,-3.717913750211220836e-01,-0.000000000000000000e+00,-0.000000000000000000e+00,-0.000000000000000000e+00,-7.492423795906806572e-02,-1.009459150738889754e-01,-8.447240838544652075e-02,-0.000000000000000000e+00,-0.000000000000000000e+00,-0.000000000000000000e+00
-0.000000000000000000e+00,-0.000000000000000000e+00,-0.000000000000000000e+00,-0.000000000000000000e+00,-0.000000000000000000e+00,-3.218043195109584476e-01,-0.000000000000000000e+00,0.000000000000000000e+00,-0.000000000000000000e+00,-0.000000000000000000e+00,-6.180791362093803754e-01,-0.000000000000000000e+00,0.000000000000000000e+00,-0.000000000000000000e+00,-0.000000000000000000e+00,-0.000000000000000000e+00,1.988364424144690945e+00,-0.000000000000000000e+00,-0.000000000000000000e+00,-0.000000000000000000e+00,-0.000000000000000000e+00,-0.000000000000000000e+00,-0.000000000000000000e+00,-3.312199070163741599e-01,-0.000000000000000000e+00,-0.000000000000000000e+00,-6.834400308022172028e-03,-0.000000000000000000e+00,-4.446352196812829866e-02,-0.000000000000000000e+00,-0.000000000000000000e+00,-3.071045991222883798e-01,-0.000000000000000000e+00,-0.000000000000000000e+00,-1.050776913960539544e-01,-0.000000000000000000e+00,-1.577607798389536464e-01,-0.000000000000000000e+00,-0.000000000000000000e+00
-0.000000000000000000e+00,-0.000000000000000000e+00,-2.055713178190241019e-01,-0.000000000000000000e+00,-0.000000000000000000e+00,-0.000000000000000000e+00,-0.000000000000000000e+00,1.378074493025027158e-01,-0.000000000000000000e+00,-0.000000000000000000e+00,-0.000000000000000000e+00,-0.000000000000000000e+00,0.000000000000000000e+00,-0.000000000000000000e+00,-0.000000000000000000e+00,-6.094323503181610369e-02,-0.000000000000000000e+00,1.257205781487473528e+00,-3.680218303361437043e-02,-0.000000000000000000e+00,-1.364543473882377789e-01,-0.000000000000000000e+00,-0.000000000000000000e+00,-0.000000000000000000e+00,-0.000000000000000000e+00,-0.000000000000000000e+00,-0.000000000000000000e+00,-0.000000000000000000e+00,-0.000000000000000000e+00,-0.000000000000000000e+00,-0.000000000000000000e+00,-0.000000000000000000e+00,-0.000000000000000000e+00,-0.000000000000000000e+00,-4.001383362350727224e-02,-0.000000000000000000e+00,-0.000000000000000000e+00,-1.655678718597142218e-01,-0.000000000000000000e+00
-0.000000000000000000e+00,-0.000000000000000000e+00,-0.000000000000000000e+00,-1.039115349418409523e-01,0.000000000000000000e+00,-0.000000000000000000e+00,-2.060729309992332670e-01,0.000000000000000000e+00,-0.000000000000000000e+00,-0.000000000000000000e+00,-0.000000000000000000e+00,-0.000000000000000000e+00,7.890273347671017401e-02,-0.000000000000000000e+00,-0.000000000000000000e+00,-0.000000000000000000e+00,-0.000000000000000000e+00,-3.680218303361437043e-02,1.377740214687092957e+00,-0.000000000000000000e+00,-0.000000000000000000e+00,-2.724240910406757199e-01,-8.388983359845010590e-02,-0.000000000000000000e+00,-0.000000000000000000e+00,0.000000000000000000e+00,-0.000000000000000000e+00,0.000000000000000000e+00,-0.000000000000000000e+00,-0.000000000000000000e+00,-0.000000000000000000e+00,-0.000000000000000000e+00,-0.000000000000000000e+00,-0.000000000000000000e+00,-5.248610051382856384e-02,-0.000000000000000000e+00,-0.000000000000000000e+00,0.000000000000000000e+00,-1.811439373662241670e-01
-0.000000000000000000e+00,-0.000000000000000000e+00,-0.000000000000000000e+00,-1.401105177486764164e-01,-0.000000000000000000e+00,-1.024078694313010872e-02,-0.000000000000000000e+00,0.000000000000000000e+00,0.000000000000000000e+00,-0.000000000000000000e+00,-0.000000000000000000e+00,-0.000000000000000000e+00,-0.000000000000000000e+00,-0.000000000000000000e+00,-7.285311701390830008e-02,-0.000000000000000000e+00,-0.000000000000000000e+00,-0.000000000000000000e+00,-0.000000000000000000e+00,1.485740877553123784e+00,-4.258925470391369816e-01,-0.000000000000000000e+00,-0.000000000000000000e+00,-0.000000000000000000e+00,-0.000000000000000000e+00,-9.548507305926530464e-02,-0.000000000000000000e+00,-1.083047606964347709e-01,-4.447677428918032742e-03,-0.000000000000000000e+00,-0.000000000000000000e+00,-1.941975684366083477e-01,-0.000000000000000000e+00,-0.000000000000000000e+00,-0.000000000000000000e+00,-0.000000000000000000e+00,-1.383145922633019775e-01,-0.000000000000000000e+00,0.000000000000000000e+00
-0.000000000000000000e+00,-0.000000000000000000e+00,-8.083490707093950178e-02,-9.089397311096236720e-02,-0.000000000000000000e+00,-0.000000000000000000e+00,-0.000000000000000000e+00,2.746134033769958016e-01,-0.000000000000000000e+00,-1.522176904178677570e-01,-0.000000000000000000e+00,-0.000000000000000000e+00,-0.000000000000000000e+00,-0.000000000000000000e+00,-0.000000000000000000e+00,-8.188691735196627214e-03,-0.000000000000000000e+00,-1.364543473882377789e-01,-0.000000000000000000e+00,-4.258925470391369816e-01,1.642160080634331720e+00,-3.224708440992078706e-02,-0.000000000000000000e+00,-0.000000000000000000e+00,-0.000000000000000000e+00,-5.971670270599972047e-02,-0.000000000000000000e+00,-2.081469795434133241e-01,-0.000000000000000000e+00,-0.000000000000000000e+00,-0.000000000000000000e+00,-0.000000000000000000e+00,-0.000000000000000000e+00,-0.000000000000000000e+00,-1.432843172609210916e-02,-0.000000000000000000e+00,-0.000000000000000000e+00,-0.000000000000000000e+00,-0.000000000000000000e+00
-0.000000000000000000e+00,-3.101249731620952382e-02,-7.685036302838875628e-03,-1.940054550365679364e-01,-0.000000000000000000e+00,-0.000000000000000000e+00,-2.213799903067426300e-01,7.490336120923039853e-02,-0.000000000000000000e+00,-0.000000000000000000e+00,-0.000000000000000000e+00,-5.827850530434700582e-01,0.000000000000000000e+00,-0.000000000000000000e+00,-2.596898166069326330e-01,-0.000000000000000000e+00,-0.000000000000000000e+00,-0.000000000000000000e+00,-2.724240910406757199e-01,-0.000000000000000000e+00,-3.224708440992078706e-02,2.283542760651660508e+00,-0.000000000000000000e+00,-0.000000000000000000e+00,-0.000000000000000000e+00,-0.000000000000000000e+00,-1.095226940653635100e-01,-0.000000000000000000e+00,-0.000000000000000000e+00,-0.000000000000000000e+00,-2.684765471863134745e-01,-0.000000000000000000e+00,-0.000000000000000000e+00,-0.000000000000000000e+00,-2.117431911527055399e-01,-0.000000000000000000e+00,-0.000000000000000000e+00,0.000000000000000000e+00,-1.262746325740832509e-01
-1.973522041464444848e-02,-4.756330504286013228e-01,-0.000000000000000000e+00,-0.000000000000000000e+00,-0.000000000000000000e+00,-0.000000000000000000e+00,-0.000000000000000000e+00,0.000000000000000000e+00,-0.000000000000000000e+00,-6.632651600053090374e-03,-0.000000000000000000e+00,-0.000000000000000000e+00,9.059743406607655147e-02,-3.356715982868863773e-02,-0.000000000000000000e+00,-8.701300761454981714e-02,-0.000000000000000000e+00,-0.000000000000000000e+00,-8.388983359845010590e-02,-0.000000000000000000e+00,-0.000000000000000000e+00,-0.000000000000000000e+00,2.314839167710935897e+00,-2.530790903621120691e-01,-2.547263393071136361e-01,-0.000000000000000000e+00,-4.246769653504486319e-01,-0.000000000000000000e+00,-2.604555164451890364e-02,-1.610158268376831944e-02,-3.207773725616685501e-01,-0.000000000000000000e+00,-0.000000000000000000e+00,-0.000000000000000000e+00,-1.960139255730388441e-01,-3.681041284188230761e-02,-0.000000000000000000e+00,-0.000000000000000000e+00,-9.074772853079604573e-02
-0.000000000000000000e+00,-0.000000000000000000e+00,-0.000000000000000000e+00,0.000000000000000000e+00,-0.000000000000000000e+00,-0.000000000000000000e+00,-0.000000000000000000e+00,0.000000000000000000e+00,-0.000000000000000000e+00,-0.000000000000000000e+00,-0.000000000000000000e+00,-0.000000000000000000e+00,5.902139625426478658e-02,-5.193998622753693423e-02,-0.000000000000000000e+00,-0.000000000000000000e+00,-3.312199070163741599e-01,-0.000000000000000000e+00,-0.000000000000000000e+00,-0.000000000000000000e+00,-0.000000000000000000e+00,-0.000000000000000000e+00,-2.530790903621120691e-01,1.571087728689062990e+00,-2.410875554128913967e-01,-0.000000000000000000e+00,-5.445187278099901385e-02,-0.000000000000000000e+00,-0.000000000000000000e+00,-5.739578393344461210e-02,-0.000000000000000000e+00,-9.710117833301160073e-02,-0.000000000000000000e+00,-0.000000000000000000e+00,-5.573625702002780319e-02,-0.000000000000000000e+00,-9.139790980787354524e-02,-0.000000000000000000e+00,-0.000000000000000000e+00
-1.236343518578668088e-01,-0.000000000000000000e+00,-0.000000000000000000e+00,-0.000000000000000000e+00,-0.000000000000000000e+00,-8.385172187003082922e-03,-0.000000000000000000e+00,0.000000000000000000e+00,-0.000000000000000000e+00,-1.016241449263573654e-01,-0.000000000000000000e+00,-0.000000000000000000e+00,0.000000000000000000e+00,-7.251852637792416401e-02,-0.000000000000000000e+00,-0.000000000000000000e+00,-0.000000000000000000e+00,-0.000000000000000000e+00,-0.000000000000000000e+00,-0.000000000000000000e+00,-0.000000000000000000e+00,-0.000000000000000000e+00,-2.547263393071136361e-01,-2.410875554128913967e-01,2.055315634578443795e+00,-1.355251115744582069e-01,-0.000000000000000000e+00,-0.000000000000000000e+00,-2.232031605280207776e-01,-2.126271742361339201e-01,-0.000000000000000000e+00,-7.687871513227698128e-02,-1.532603328734263772e-03,-0.000000000000000000e+00,-1.320541763951615655e-01,-0.000000000000000000e+00,-3.959756178258752590e-01,-0.000000000000000000e+00,-0.000000000000000000e+00
-1.385662687791098802e-01,-0.000000000000000000e+00,-0.000000000000000000e+00,0.000000000000000000e+00,-0.000000000000000000e+00,-0.000000000000000000e+00,0.000000000000000000e+00,0.000000000000000000e+00,-0.000000000000000000e+00,-9.666931409341923687e-02,-1.430772253422447904e-01,-0.000000000000000000e+00,-0.000000000000000000e+00,-7.193360176884143475e-02,-0.000000000000000000e+00,-0.000000000000000000e+00,-0.000000000000000000e+00,-0.000000000000000000e+00,0.000000000000000000e+00,-9.548507305926530464e-02,-5.971670270599972047e-02,-0.000000000000000000e+00,-0.000000000000000000e+00,-0.000000000000000000e+00,-1.355251115744582069e-01,2.064954278567523449e+00,-0.000000000000000000e+00,-4.255035357693335296e-01,-2.045773208133068177e-01,-1.867755053084230454e-01,-0.000000000000000000e+00,-1.656911674012344904e-01,-3.326231465682984861e-02,-0.000000000000000000e+00,-0.000000000000000000e+00,-1.332625170259883231e-02,-8.759798802572464627e-02,-2.969047223581269823e-01,0.000000000000000000e+00
-0.000000000000000000e+00,-1.465786928358253638e-01,-7.247423980768942509e-02,-0.000000000000000000e+00,-0.000000000000000000e+00,-0.000000000000000000e+00,-0.000000000000000000e+00,0.000000000000000000e+00,-0.000000000000000000e+00,-0.000000000000000000e+00,-0.000000000000000000e+00,-1.049901536112662487e-01,4.689883187197661091e-02,-8.062380551859031630e-02,-8.065273095667881142e-02,-0.000000000000000000e+00,-6.834400308022172028e-03,-0.000000000000000000e+00,-0.000000000000000000e+00,-0.000000000000000000e+00,-0.000000000000000000e+00,-1.095226940653635100e-01,-4.246769653504486319e-01,-5.445187278099901385e-02,-0.000000000000000000e+00,-0.000000000000000000e+00,2.120718299345903279e+00,-0.000000000000000000e+00,-1.598962791500012914e-01,-0.000000000000000000e+00,-4.257297971342660081e-01,-6.434148552104143604e-02,-3.066927332607468151e-03,-0.000000000000000000e+00,-8.751550424996575039e-02,-1.595053930495554662e-01,-0.000000000000000000e+00,-0.000000000000000000e+00,-8.798467190654739312e-02
-2.257206811490981013e-01,-0.000000000000000000e+00,-1.219356101516538837e-01,0.000000000000000000e+00,-1.277390036417516139e-01,-0.000000000000000000e+00,0.000000000000000000e+00,8.221736977397975377e-03,-0.000000000000000000e+00,-1.442811916304424513e-01,-0.000000000000000000e+00,0.000000000000000000e+00,-0.000000000000000000e+00,-0.000000000000000000e+00,-0.000000000000000000e+00,-0.000000000000000000e+00,-0.000000000000000000e+00,-0.000000000000000000e+00,0.000000000000000000e+00,-1.083047606964347709e-01,-2.081469795434133241e-01,-0.000000000000000000e+00,-0.000000000000000000e+00,-0.000000000000000000e+00,-0.000000000000000000e+00,-4.255035357693335296e-01,-0.000000000000000000e+00,1.826737236838629652e+00,-0.000000000000000000e+00,-0.000000000000000000e+00,-0.000000000000000000e+00,-0.000000000000000000e+00,-2.871324143684755859e-02,-0.000000000000000000e+00,-0.000000000000000000e+00,-0.000000000000000000e+00,-1.151509530660498187e-01,-2.274006388565578962e-01,0.000000000000000000e+00
-1.189085458829986092e-01,-0.000000000000000000e+00,-7.121852492334182494e-02,-0.000000000000000000e+00,-0.000000000000000000e+00,-1.735768158157243168e-01,-0.000000000000000000e+00,1.049404675206863646e-01,-0.000000000000000000e+00,-2.475477502581272665e-02,-1.506786587705309308e-02,-0.000000000000000000e+00,0.000000000000000000e+00,-1.776857286871950381e-01,-2.266390159383841196e-01,-4.587863815379054910e-02,-4.446352196812829866e-02,-0.000000000000000000e+00,-0.000000000000000000e+00,-4.447677428918032742e-03,-0.000000000000000000e+00,-0.000000000000000000e+00,-2.604555164451890364e-02,-0.000000000000000000e+00,-2.232031605280207776e-01,-2.045773208133068177e-01,-1.598962791500012914e-01,-0.000000000000000000e+00,2.500338016570443855e+00,-3.432987203311294033e-02,-1.299969423874001648e-02,-4.086242746098931455e-01,-1.195594448634537538e-01,-0.000000000000000000e+00,-3.628772996367777282e-01,-0.000000000000000000e+00,-1.212913253085195625e-01,-0.000000000000000000e+00,-0.000000000000000000e+00
-2.569048116485787014e-01,-3.293607063526667045e-02,-0.000000000000000000e+00,-0.000000000000000000e+00,-0.000000000000000000e+00,-0.000000000000000000e+00,-0.000000000000000000e+00,0.000000000000000000e+00,-4.121472075034359195e-01,-3.433200186967710899e-01,-0.000000000000000000e+00,-0.000000000000000000e+00,0.000000000000000000e+00,-6.945707934131321870e-02,-0.000000000000000000e+00,-3.717913750211220836e-01,-0.000000000000000000e+00,-0.000000000000000000e+00,-0.000000000000000000e+00,-0.000000000000000000e+00,-0.000000000000000000e+00,-0.000000000000000000e+00,-1.610158268376831944e-02,-5.739578393344461210e-02,-2.126271742361339201e-01,-1.867755053084230454e-01,-0.000000000000000000e+00,-0.000000000000000000e+00,-3.432987203311294033e-02,2.100579923799083648e+00,-0.000000000000000000e+00,-0.000000000000000000e+00,-0.000000000000000000e+00,-0.000000000000000000e+00,-0.000000000000000000e+00,-1.643204644518660509e-02,-0.000000000000000000e+00,-0.000000000000000000e+00,-0.000000000000000000e+00
-0.000000000000000000e+00,-2.444240245015261437e-01,-9.132172125062359980e-02,-0.000000000000000000e+00,-0.000000000000000000e+00,-0.000000000000000000e+00,-3.430712013412703237e-02,7.125178985856077396e-02,-0.000000000000000000e+00,-0.000000000000000000e+00,-0.000000000000000000e+00,-6.756427319364111117e-02,1.291001093233403729e-01,-7.027058791868134868e-02,-4.826477779338051582e-02,-0.000000000000000000e+00,-0.000000000000000000e+00,-0.000000000000000000e+00,-0.000000000000000000e+00,-0.000000000000000000e+00,-0.000000000000000000e+00,-2.684765471863134745e-01,-3.207773725616685501e-01,-0.000000000000000000e+00,-0.000000000000000000e+00,-0.000000000000000000e+00,-4.257297971342660081e-01,-0.000000000000000000e+00,-1.299969423874001648e-02,-0.000000000000000000e+00,2.371845844266343040e+00,-0.000000000000000000e+00,-9.761596997408376886e-02,-2.580229454570779745e-03,-3.689997849730900503e-01,-0.000000000000000000e+00,-0.000000000000000000e+00,-0.000000000000000000e+00,-2.207851729737616842e-01
-1.391090078311644218e-01,-0.000000000000000000e+00,-0.000000000000000000e+00,-0.000000000000000000e+00,-0.000000000000000000e+00,-1.522794649588042060e-01,-0.000000000000000000e+00,0.000000000000000000e+00,-0.000000000000000000e+00,-6.635061622582602570e-02,-1.290479648180206107e-01,-0.000000000000000000e+00,0.000000000000000000e+00,-0.000000000000000000e+00,-0.000000000000000000e+00,-0.000000000000000000e+00,-3.071045991222883798e-01,-0.000000000000000000e+00,-0.000000000000000000e+00,-1.941975684366083477e-01,-0.000000000000000000e+00,-0.000000000000000000e+00,-0.000000000000000000e+00,-9.710117833301160073e-02,-7.687871513227698128e-02,-1.656911674012344904e-01,-6.434148552104143604e-02,-0.000000000000000000e+00,-4.086242746098931455e-01,-0.000000000000000000e+00,-0.000000000000000000e+00,2.418328473633501563e+00,-0.000000000000000000e+00,-0.000000000000000000e+00,-2.258489725262522729e-01,-0.000000000000000000e+00,-5.278503685151438862e-01,-0.000000000000000000e+00,-0.000000000000000000e+00
-0.000000000000000000e+00,-0.000000000000000000e+00,-3.000046501995119463e-01,-0.000000000000000000e+00,-9.170763740323201185e-02,-0.000000000000000000e+00,-0.000000000000000000e+00,8.558637494894476283e-02,-0.000000000000000000e+00,-0.000000000000000000e+00,-0.000000000000000000e+00,-0.000000000000000000e+00,0.000000000000000000e+00,-4.455878114651474209e-01,-2.734515197195026837e-02,-0.000000000000000000e+00,-0.000000000000000000e+00,-0.000000000000000000e+00,-0.000000000000000000e+00,-0.000000000000000000e+00,-0.000000000000000000e+00,-0.000000000000000000e+00,-0.000000000000000000e+00,-0.000000000000000000e+00,-1.532603328734263772e-03,-3.326231465682984861e-02,-3.066927332607468151e-03,-2.871324143684755859e-02,-1.195594448634537538e-01,-0.000000000000000000e+00,-9.761596997408376886e-02,-0.000000000000000000e+00,1.813156398355850962e+00,-3.256224983218987679e-01,-0.000000000000000000e+00,-0.000000000000000000e+00,-0.000000000000000000e+00,-0.000000000000000000e+00,-0.000000000000000000e+00
-0.000000000000000000e+00,-0.000000000000000000e+00,-6.138696806117728555e-02,-0.000000000000000000e+00,-3.555116587280279239e-01,-0.000000000000000000e+00,-0.000000000000000000e+00,1.500423281874861681e-01,-4.583312779315346641e-01,-0.000000000000000000e+00,-0.000000000000000000e+00,-0.000000000000000000e+00,0.000000000000000000e+00,-3.266266699852483635e-01,-5.746282422979463733e-02,-7.492423795906806572e-02,-0.000000000000000000e+00,-0.000000000000000000e+00,-0.000000000000000000e+00,-0.000000000000000000e+00,-0.000000000000000000e+00,-0.000000000000000000e+00,-0.000000000000000000e+00,-0.000000000000000000e+00,-0.000000000000000000e+00,-0.000000000000000000e+00,-0.000000000000000000e+00,-0.000000000000000000e+00,-0.000000000000000000e+00,-0.000000000000000000e+00,-2.580229454570779745e-03,-0.000000000000000000e+00,-3.256224983218987679e-01,1.983871367534460139e+00,-0.000000000000000000e+00,-0.000000000000000000e+00,-0.000000000000000000e+00,-2.594221240785682739e-02,-0.000000000000000000e+00
-0.000000000000000000e+00,-0.000000000000000000e+00,-1.478470840126442677e-02,-0.000000000000000000e+00,-0.000000000000000000e+00,-1.250888844324221649e-01,-0.000000000000000000e+00,1.024794590134469191e-01,-0.000000000000000000e+00,-1.343334814371257950e-02,-0.000000000000000000e+00,-0.000000000000000000e+00,0.000000000000000000e+00,-0.000000000000000000e+00,-2.290190893643914150e-01,-1.009459150738889754e-01,-1.050776913960539544e-01,-4.001383362350727224e-02,-5.248610051382856384e-02,-0.000000000000000000e+00,-1.432843172609210916e-02,-2.117431911527055399e-01,-1.960139255730388441e-01,-5.573625702002780319e-02,-1.320541763951615655e-01,-0.000000000000000000e+00,-8.751550424996575039e-02,-0.000000000000000000e+00,-3.628772996367777282e-01,-0.000000000000000000e+00,-3.689997849730900503e-01,-2.258489725262522729e-01,-0.000000000000000000e+00,-0.000000000000000000e+00,2.374387932583677863e+00,-0.000000000000000000e+00,-8.334585973451220930e-02,-0.000000000000000000e+00,-0.000000000000000000e+00
-1.308344482608490567e-01,-4.026005730558928492e-02,-0.000000000000000000e+00,-0.000000000000000000e+00,-0.000000000000000000e+00,-1.561210516020026216e-02,-0.000000000000000000e+00,0.000000000000000000e+00,-0.000000000000000000e+00,-2.278783659479706458e-01,-2.202246499642856667e-02,-0.000000000000000000e+00,0.000000000000000000e+00,-0.000000000000000000e+00,-0.000000000000000000e+00,-8.447240838544652075e-02,-0.000000000000000000e+00,-0.000000000000000000e+00,-0.000000000000000000e+00,-0.000000000000000000e+00,-0.000000000000000000e+00,-0.000000000000000000e+00,-3.681041284188230761e-02,-0.000000000000000000e+00,-0.000000000000000000e+00,-1.332625170259883231e-02,-1.595053930495554662e-01,-0.000000000000000000e+00,-0.000000000000000000e+00,-1.643204644518660509e-02,-0.000000000000000000e+00,-0.000000000000000000e+00,-0.000000000000000000e+00,-0.000000000000000000e+00,-0.000000000000000000e+00,1.263904407462834723e+00,-0.000000000000000000e+00,-0.000000000000000000e+00,-0.000000000000000000e+00
-1.597393670319846026e-01,-0.000000000000000000e+00,-0.000000000000000000e+00,-0.000000000000000000e+00,-0.000000000000000000e+00,-2.046853347970356563e-01,-0.000000000000000000e+00,0.000000000000000000e+00,-0.000000000000000000e+00,-2.014118440410949951e-01,-4.565052129090391847e-02,-0.000000000000000000e+00,0.000000000000000000e+00,-0.000000000000000000e+00,-0.000000000000000000e+00,-0.000000000000000000e+00,-1.577607798389536464e-01,-0.000000000000000000e+00,-0.000000000000000000e+00,-1.383145922633019775e-01,-0.000000000000000000e+00,-0.000000000000000000e+00,-0.000000000000000000e+00,-9.139790980787354524e-02,-3.959756178258752590e-01,-8.759798802572464627e-02,-0.000000000000000000e+00,-1.151509530660498187e-01,-1.212913253085195625e-01,-0.000000000000000000e+00,-0.000000000000000000e+00,-5.278503685151438862e-01,-0.000000000000000000e+00,-0.000000000000000000e+00,-8.334585973451220930e-02,-0.000000000000000000e+00,2.269221786607701130e+00,-0.000000000000000000e+00,0.000000000000000000e+00
-0.000000000000000000e+00,-0.000000000000000000e+00,-0.000000000000000000e+00,0.000000000000000000e+00,-2.459330307649679470e-01,-0.000000000000000000e+00,0.000000000000000000e+00,2.526137514653066518e-02,-3.091997006774531865e-03,-0.000000000000000000e+00,-0.000000000000000000e+00,0.000000000000000000e+00,-0.000000000000000000e+00,-0.000000000000000000e+00,-0.000000000000000000e+00,-0.000000000000000000e+00,-0.000000000000000000e+00,-1.655678718597142218e-01,0.000000000000000000e+00,-0.000000000000000000e+00,-0.000000000000000000e+00,0.000000000000000000e+00,-0.000000000000000000e+00,-0.000000000000000000e+00,-0.000000000000000000e+00,-2.969047223581269823e-01,-0.000000000000000000e+00,-2.274006388565578962e-01,-0.000000000000000000e+00,-0.000000000000000000e+00,-0.000000000000000000e+00,-0.000000000000000000e+00,-0.000000000000000000e+00,-2.594221240785682739e-02,-0.000000000000000000e+00,-0.000000000000000000e+00,-0.000000000000000000e+00,1.376220439182196387e+00,-0.000000000000000000e+00
-0.000000000000000000e+00,-2.021801361623192794e-01,-0.000000000000000000e+00,-0.000000000000000000e+00,-0.000000000000000000e+00,0.000000000000000000e+00,-2.857208098702725962e-01,0.000000000000000000e+00,-0.000000000000000000e+00,-0.000000000000000000e+00,-0.000000000000000000e+00,-3.505587879814461849e-01,6.564114439550430835e-02,-0.000000000000000000e+00,-0.000000000000000000e+00,-0.000000000000000000e+00,-0.000000000000000000e+00,-0.000000000000000000e+00,-1.811439373662241670e-01,0.000000000000000000e+00,-0.000000000000000000e+00,-1.262746325740832509e-01,-9.074772853079604573e-02,-0.000000000000000000e+00,-0.000000000000000000e+00,0.000000000000000000e+00,-8.798467190654739312e-02,0.000000000000000000e+00,-0.000000000000000000e+00,-0.000000000000000000e+00,-2.207851729737616842e-01,-0.000000000000000000e+00,-0.000000000000000000e+00,-0.000000000000000000e+00,-0.000000000000000000e+00,-0.000000000000000000e+00,0.000000000000000000e+00,-0.000000000000000000e+00,1.777892753223440092e+00
