2.304905417490002772e+00,-4.603949916873362191e-01,-0.000000000000000000e+00,0.000000000000000000e+00,-0.000000000000000000e+00,-0.000000000000000000e+00,-0.000000000000000000e+00,0.000000000000000000e+00,-1.606302239253929454e-01,-1.947987315876496539e-01,-0.000000000000000000e+00,-5.352166015093069024e-02,-0.000000000000000000e+00,-0.000000000000000000e+00,0.000000000000000000e+00,-4.021896146457353827e-01,0.000000000000000000e+00,-0.000000000000000000e+00,0.000000000000000000e+00,3.529551925495751780e-03,-0.000000000000000000e+00,-0.000000000000000000e+00,-0.000000000000000000e+00,-0.000000000000000000e+00,-0.000000000000000000e+00,-1.387252028848570962e-01,-1.023375902174808866e-01,-0.000000000000000000e+00,-4.271869724501186488e-02,-1.040569567634359177e-01,-2.554089332447159744e-01,-4.854056399601264921e-02,-0.000000000000000000e+00,-1.085312613766837020e-01,-0.000000000000000000e+00,-1.414570658171044604e-01,-0.000000000000000000e+00,-4.395891459015157515e-02,-0.000000000000000000e+00
-4.603949916873362191e-01,2.472112754415312974e+00,-0.000000000000000000e+00,0.000000000000000000e+00,-0.000000000000000000e+00,-0.000000000000000000e+00,-0.000000000000000000e+00,0.000000000000000000e+00,-0.000000000000000000e+00,-3.684261229741113142e-01,-0.000000000000000000e+00,-0.000000000000000000e+00,-0.000000000000000000e+00,-7.520603535735478906e-02,0.000000000000000000e+00,-1.063080800504945383e-01,0.000000000000000000e+00,-0.000000000000000000e+00,0.000000000000000000e+00,1.375624091948092764e-01,-0.000000000000000000e+00,-0.000000000000000000e+00,-0.000000000000000000e+00,-4.330848320745631086e-02,-1.308223837208665752e-01,-0.000000000000000000e+00,-0.000000000000000000e+00,-0.000000000000000000e+00,-9.157629180195434038e-02,-3.667670754758576845e-01,-3.112951626222923984e-01,-8.022939283132864141e-02,-0.000000000000000000e+00,-0.000000000000000000e+00,-1.375214487798379626e-01,-0.000000000000000000e+00,-2.058819766836816056e-01,-0.000000000000000000e+00,-7.298248737915793982e-02
-0.000000000000000000e+00,-0.000000000000000000e+00,2.643543255577214257e+00,0.000000000000000000e+00,-7.590544632511997403e-02,-0.000000000000000000e+00,-0.000000000000000000e+00,7.420503226603251123e-01,-4.182870906826684221e-02,-2.313628219770962335e-01,-0.000000000000000000e+00,-0.000000000000000000e+00,-0.000000000000000000e+00,-2.349951925582654255e-01,0.000000000000000000e+00,-1.566834648577059841e-01,0.000000000000000000e+00,-0.000000000000000000e+00,-0.000000000000000000e+00,0.000000000000000000e+00,-0.000000000000000000e+00,-3.846738223376414134e-01,-0.000000000000000000e+00,-0.000000000000000000e+00,-0.000000000000000000e+00,-3.152341380225397172e-02,-0.000000000000000000e+00,-1.703470686479477414e-02,-0.000000000000000000e+00,-2.186953545535808840e-01,-8.857054066899160139e-02,-0.000000000000000000e+00,-4.861576865076815968e-01,-0.000000000000000000e+00,-4.013507243636890709e-02,-2.819958357561356405e-03,-0.000000000000000000e+00,-0.000000000000000000e+00,-0.000000000000000000e+00
0.000000000000000000e+00,0.000000000000000000e+00,0.000000000000000000e+00,1.508046480631786590e+00,-0.000000000000000000e+00,1.336329066518655850e-01,6.833970052915129545e-02,-0.000000000000000000e+00,-0.000000000000000000e+00,0.000000000000000000e+00,0.000000000000000000e+00,2.379036964729475123e-02,-0.000000000000000000e+00,0.000000000000000000e+00,0.000000000000000000e+00,1.836264019501765779e-02,0.000000000000000000e+00,-0.000000000000000000e+00,-3.047814865276361473e-01,-0.000000000000000000e+00,0.000000000000000000e+00,0.000000000000000000e+00,4.815292333014026260e-02,0.000000000000000000e+00,5.373701056804693066e-02,0.000000000000000000e+00,0.000000000000000000e+00,3.029004392379266442e-01,2.484873675043140495e-01,0.000000000000000000e+00,0.000000000000000000e+00,0.000000000000000000e+00,0.000000000000000000e+00,0.000000000000000000e+00,0.000000000000000000e+00,1.183497374625289422e-01,0.000000000000000000e+00,-0.000000000000000000e+00,-0.000000000000000000e+00
-0.000000000000000000e+00,-0.000000000000000000e+00,-7.590544632511997403e-02,-0.000000000000000000e+00,1.882375943592012213e+00,-0.000000000000000000e+00,0.000000000000000000e+00,3.329515520962708641e-01,-5.048400577696036118e-01,-0.000000000000000000e+00,-0.000000000000000000e+00,0.000000000000000000e+00,-3.105745107599138660e-02,-2.339115697691322160e-01,3.257847254338680498e-02,-0.000000000000000000e+00,-0.000000000000000000e+00,-5.866727208863005416e-02,-1.002911251845239049e-01,0.000000000000000000e+00,-0.000000000000000000e+00,-0.000000000000000000e+00,-0.000000000000000000e+00,-0.000000000000000000e+00,-0.000000000000000000e+00,-0.000000000000000000e+00,-0.000000000000000000e+00,-0.000000000000000000e+00,-0.000000000000000000e+00,-7.580602596694865913e-02,-0.000000000000000000e+00,-0.000000000000000000e+00,-1.762046246574696662e-01,-0.000000000000000000e+00,-0.000000000000000000e+00,-0.000000000000000000e+00,-0.000000000000000000e+00,-3.636553624021505310e-02,-1.940445561494711924e-01
-0.000000000000000000e+00,-0.000000000000000000e+00,-0.000000000000000000e+00,1.336329066518655850e-01,-0.000000000000000000e+00,1.807482030788449379e+00,-9.122118675910466379e-02,0.000000000000000000e+00,0.000000000000000000e+00,-0.000000000000000000e+00,-2.338644075164888758e-01,-0.000000000000000000e+00,-0.000000000000000000e+00,-1.312286872509817529e-02,0.000000000000000000e+00,-0.000000000000000000e+00,-0.000000000000000000e+00,-0.000000000000000000e+00,0.000000000000000000e+00,0.000000000000000000e+00,-7.837523368823519354e-02,-0.000000000000000000e+00,-0.000000000000000000e+00,0.000000000000000000e+00,-2.377418702942140361e-01,-0.000000000000000000e+00,-0.000000000000000000e+00,-2.215515571501028846e-01,-2.142107628342474479e-01,-0.000000000000000000e+00,-0.000000000000000000e+00,-0.000000000000000000e+00,-0.000000000000000000e+00,-0.000000000000000000e+00,-2.257876411452325593e-01,-5.988738452786476069e-02,-1.784568079808200036e-01,0.000000000000000000e+00,-0.000000000000000000e+00
-0.000000000000000000e+00,-0.000000000000000000e+00,-0.000000000000000000e+00,6.833970052915129545e-02,0.000000000000000000e+00,-9.122118675910466379e-02,1.628706573716161676e+00,-0.000000000000000000e+00,0.000000000000000000e+00,-0.000000000000000000e+00,-1.233696119149753009e-02,-2.450932168590758964e-01,0.000000000000000000e+00,-1.886845929294772573e-02,0.000000000000000000e+00,-0.000000000000000000e+00,0.000000000000000000e+00,0.000000000000000000e+00,2.106943046057516422e-01,0.000000000000000000e+00,-1.051007240920043689e-01,-0.000000000000000000e+00,-5.903479329669950731e-02,-0.000000000000000000e+00,-1.509438809178261787e-01,-0.000000000000000000e+00,-0.000000000000000000e+00,-8.427328282035280449e-02,-4.279296559973799763e-01,-0.000000000000000000e+00,-0.000000000000000000e+00,-0.000000000000000000e+00,-0.000000000000000000e+00,-0.000000000000000000e+00,-0.000000000000000000e+00,-0.000000000000000000e+00,-0.000000000000000000e+00,0.000000000000000000e+00,0.000000000000000000e+00
0.000000000000000000e+00,0.000000000000000000e+00,7.420503226603251123e-01,-0.000000000000000000e+00,3.329515520962708641e-01,0.000000000000000000e+00,-0.000000000000000000e+00,2.187617427213403243e+00,1.565983015773361187e-01,0.000000000000000000e+00,-0.000000000000000000e+00,0.000000000000000000e+00,1.547741001702280794e-01,0.000000000000000000e+00,-0.000000000000000000e+00,0.000000000000000000e+00,-0.000000000000000000e+00,0.000000000000000000e+00,0.000000000000000000e+00,-0.000000000000000000e+00,0.000000000000000000e+00,3.557958237550782332e-01,0.000000000000000000e+00,0.000000000000000000e+00,0.000000000000000000e+00,0.000000000000000000e+00,0.000000000000000000e+00,0.000000000000000000e+00,0.000000000000000000e+00,3.641869941279020362e-02,0.000000000000000000e+00,0.000000000000000000e+00,2.812684052852112981e-01,0.000000000000000000e+00,0.000000000000000000e+00,0.000000000000000000e+00,0.000000000000000000e+00,1.266741565064239891e-02,0.000000000000000000e+00
-1.606302239253929454e-01,-0.000000000000000000e+00,-4.182870906826684221e-02,-0.000000000000000000e+00,-5.048400577696036118e-01,0.000000000000000000e+00,0.000000000000000000e+00,1.565983015773361187e-01,1.952757345403691946e+00,-0.000000000000000000e+00,0.000000000000000000e+00,-0.000000000000000000e+00,-1.734689189175733504e-01,-0.000000000000000000e+00,2.229020001053406419e-01,-0.000000000000000000e+00,0.000000000000000000e+00,-0.000000000000000000e+00,-9.726879048928450955e-02,0.000000000000000000e+00,-0.000000000000000000e+00,-7.368193635359698845e-02,-0.000000000000000000e+00,-1.027363721704897398e-01,-0.000000000000000000e+00,-0.000000000000000000e+00,-8.815498900511066493e-03,-0.000000000000000000e+00,-0.000000000000000000e+00,-1.568459364476575968e-01,-0.000000000000000000e+00,-3.130757984809595662e-02,-0.000000000000000000e+00,-0.000000000000000000e+00,-0.000000000000000000e+00,-0.000000000000000000e+00,-0.000000000000000000e+00,-2.887399382078574273e-01,-6.582805187335293018e-02
-1.947987315876496539e-01,-3.684261229741113142e-01,-2.313628219770962335e-01,0.000000000000000000e+00,-0.000000000000000000e+00,-0.000000000000000000e+00,-0.000000000000000000e+00,0.000000000000000000e+00,-0.000000000000000000e+00,2.684373992911692763e+00,-0.000000000000000000e+00,-0.000000000000000000e+00,-0.000000000000000000e+00,-7.140823504329427140e-02,2.034365603848655932e-02,-2.511370969973529266e-01,0.000000000000000000e+00,-0.000000000000000000e+00,-0.000000000000000000e+00,0.000000000000000000e+00,-0.000000000000000000e+00,-0.000000000000000000e+00,-0.000000000000000000e+00,-0.000000000000000000e+00,-2.567319345724678459e-01,-2.096101285383309976e-01,-9.516604136863687780e-02,-3.725117451025844462e-02,-0.000000000000000000e+00,-5.025587296475346744e-01,-2.291758637962930667e-01,-1.248647351767598473e-01,-0.000000000000000000e+00,-0.000000000000000000e+00,-1.066291614399678400e-01,-0.000000000000000000e+00,-2.281031170212545131e-02,-5.281563793165156007e-02,-0.000000000000000000e+00
-0.000000000000000000e+00,-0.000000000000000000e+00,-0.000000000000000000e+00,0.000000000000000000e+00,-0.000000000000000000e+00,-2.338644075164888758e-01,-1.233696119149753009e-02,-0.000000000000000000e+00,0.000000000000000000e+00,-0.000000000000000000e+00,1.376342163368644345e+00,-0.000000000000000000e+00,0.000000000000000000e+00,-0.000000000000000000e+00,0.000000000000000000e+00,-0.000000000000000000e+00,-3.367344916083930828e-01,-0.000000000000000000e+00,0.000000000000000000e+00,0.000000000000000000e+00,-0.000000000000000000e+00,0.000000000000000000e+00,-0.000000000000000000e+00,0.000000000000000000e+00,-0.000000000000000000e+00,-5.941453298217877488e-02,-0.000000000000000000e+00,-0.000000000000000000e+00,-1.052392156659696099e-01,-0.000000000000000000e+00,-0.000000000000000000e+00,-0.000000000000000000e+00,-0.000000000000000000e+00,0.000000000000000000e+00,-5.974954688954788040e-02,-0.000000000000000000e+00,-2.902328103502804790e-01,0.000000000000000000e+00,-0.000000000000000000e+00
-5.352166015093069024e-02,-0.000000000000000000e+00,-0.000000000000000000e+00,2.379036964729475123e-02,0.000000000000000000e+00,-0.000000000000000000e+00,-2.450932168590758964e-01,0.000000000000000000e+00,-0.000000000000000000e+00,-0.000000000000000000e+00,-0.000000000000000000e+00,2.436145552036576678e+00,-0.000000000000000000e+00,-0.000000000000000000e+00,0.000000000000000000e+00,-8.840161227049297965e-02,0.000000000000000000e+00,-0.000000000000000000e+00,0.000000000000000000e+00,1.009982226255669129e-02,-0.000000000000000000e+00,-0.000000000000000000e+00,-4.621172175342662114e-01,-0.000000000000000000e+00,-2.883766001304318705e-01,-0.000000000000000000e+00,-1.156970605800574370e-01,-0.000000000000000000e+00,-2.881206058918248658e-01,-0.000000000000000000e+00,-6.473273704498259951e-02,-0.000000000000000000e+00,-0.000000000000000000e+00,-7.539490302267735089e-01,-0.000000000000000000e+00,-4.389073408034615056e-03,-0.000000000000000000e+00,-0.000000000000000000e+00,-0.000000000000000000e+00
-0.000000000000000000e+00,-0.000000000000000000e+00,-0.000000000000000000e+00,-0.000000000000000000e+00,-3.105745107599138660e-02,-0.000000000000000000e+00,0.000000000000000000e+00,1.547741001702280794e-01,-1.734689189175733504e-01,-0.000000000000000000e+00,0.000000000000000000e+00,-0.000000000000000000e+00,1.403007626437806632e+00,-0.000000000000000000e+00,0.000000000000000000e+00,-0.000000000000000000e+00,0.000000000000000000e+00,-8.209627293508446610e-02,-1.576864816955449167e-01,0.000000000000000000e+00,0.000000000000000000e+00,-2.829289822866805637e-01,-0.000000000000000000e+00,-0.000000000000000000e+00,-0.000000000000000000e+00,-0.000000000000000000e+00,-1.374410742413556263e-01,0.000000000000000000e+00,0.000000000000000000e+00,-0.000000000000000000e+00,-0.000000000000000000e+00,-0.000000000000000000e+00,-1.507421159716608103e-03,-0.000000000000000000e+00,-0.000000000000000000e+00,-0.000000000000000000e+00,-0.000000000000000000e+00,-0.000000000000000000e+00,-1.255368239824788679e-01
-0.000000000000000000e+00,-7.520603535735478906e-02,-2.349951925582654255e-01,0.000000000000000000e+00,-2.339115697691322160e-01,-1.312286872509817529e-02,-1.886845929294772573e-02,0.000000000000000000e+00,-0.000000000000000000e+00,-7.140823504329427140e-02,-0.000000000000000000e+00,-0.000000000000000000e+00,-0.000000000000000000e+00,1.888098790930752946e+00,0.000000000000000000e+00,-0.000000000000000000e+00,0.000000000000000000e+00,-0.000000000000000000e+00,-0.000000000000000000e+00,0.000000000000000000e+00,-0.000000000000000000e+00,-3.722318779629025381e-02,-3.912451189722465639e-01,-0.000000000000000000e+00,-1.835130452724544892e-01,-0.000000000000000000e+00,-0.000000000000000000e+00,-0.000000000000000000e+00,-0.000000000000000000e+00,-2.334107468958406817e-01,-0.000000000000000000e+00,-0.000000000000000000e+00,-1.252035181089899418e-01,-0.000000000000000000e+00,-0.000000000000000000e+00,-0.000000000000000000e+00,-0.000000000000000000e+00,-0.000000000000000000e+00,-1.522398017820529026e-01
0.000000000000000000e+00,0.000000000000000000e+00,0.000000000000000000e+00,0.000000000000000000e+00,3.257847254338680498e-02,0.000000000000000000e+00,0.000000000000000000e+00,-0.000000000000000000e+00,2.229020001053406419e-01,2.034365603848655932e-02,0.000000000000000000e+00,0.000000000000000000e+00,0.000000000000000000e+00,0.000000000000000000e+00,1.788111158461685335e+00,0.000000000000000000e+00,-0.000000000000000000e+00,4.658713384034969263e-01,6.357245332544200767e-02,-0.000000000000000000e+00,0.000000000000000000e+00,0.000000000000000000e+00,0.000000000000000000e+00,0.000000000000000000e+00,0.000000000000000000e+00,1.064114341026322769e-01,0.000000000000000000e+00,0.000000000000000000e+00,0.000000000000000000e+00,0.000000000000000000e+00,0.000000000000000000e+00,0.000000000000000000e+00,0.000000000000000000e+00,0.000000000000000000e+00,0.000000000000000000e+00,0.000000000000000000e+00,0.000000000000000000e+00,6.987487435513847212e-01,0.000000000000000000e+00
-4.021896146457353827e-01,-1.063080800504945383e-01,-1.566834648577059841e-01,1.836264019501765779e-02,-0.000000000000000000e+00,-0.000000000000000000e+00,-0.000000000000000000e+00,0.000000000000000000e+00,-0.000000000000000000e+00,-2.511370969973529266e-01,-0.000000000000000000e+00,-8.840161227049297965e-02,-0.000000000000000000e+00,-0.000000000000000000e+00,0.000000000000000000e+00,2.708207213269875790e+00,0.000000000000000000e+00,-0.000000000000000000e+00,0.000000000000000000e+00,0.000000000000000000e+00,-0.000000000000000000e+00,-1.690091110112209860e-01,-1.510553965107166163e-01,-0.000000000000000000e+00,-2.254747295954099562e-01,-0.000000000000000000e+00,-2.772035420272627171e-01,-1.200780256625384457e-01,-0.000000000000000000e+00,-1.181090772680134654e-01,-2.298050899655759705e-01,-0.000000000000000000e+00,-0.000000000000000000e+00,-1.394218252938765890e-01,-0.000000000000000000e+00,-3.875904423546426281e-01,-0.000000000000000000e+00,-0.000000000000000000e+00,-0.000000000000000000e+00
0.000000000000000000e+00,0.000000000000000000e+00,0.000000000000000000e+00,0.000000000000000000e+00,-0.000000000000000000e+00,-0.000000000000000000e+00,0.000000000000000000e+00,-0.000000000000000000e+00,0.000000000000000000e+00,0.000000000000000000e+00,-3.367344916083930828e-01,0.000000000000000000e+00,0.000000000000000000e+00,0.000000000000000000e+00,-0.000000000000000000e+00,0.000000000000000000e+00,1.107232804189297815e+00,-0.000000000000000000e+00,0.000000000000000000e+00,-0.000000000000000000e+00,-0.000000000000000000e+00,0.000000000000000000e+00,3.276088152547035337e-02,0.000000000000000000e+00,0.000000000000000000e+00,-0.000000000000000000e+00,0.000000000000000000e+00,-0.000000000000000000e+00,-0.000000000000000000e+00,0.000000000000000000e+00,0.000000000000000000e+00,-0.000000000000000000e+00,-0.000000000000000000e+00,1.594720585684114567e-01,-0.000000000000000000e+00,0.000000000000000000e+00,-0.000000000000000000e+00,0.000000000000000000e+00,0.000000000000000000e+00
-0.000000000000000000e+00,-0.000000000000000000e+00,-0.000000000000000000e+00,-0.000000000000000000e+00,-5.866727208863005416e-02,-0.000000000000000000e+00,0.000000000000000000e+00,0.000000000000000000e+00,-0.000000000000000000e+00,-0.000000000000000000e+00,-0.000000000000000000e+00,-0.000000000000000000e+00,-8.209627293508446610e-02,-0.000000000000000000e+00,4.658713384034969263e-01,-0.000000000000000000e+00,-0.000000000000000000e+00,1.415967039060704868e+00,-2.266291839739462965e-01,0.000000000000000000e+00,-0.000000000000000000e+00,-0.000000000000000000e+00,-0.000000000000000000e+00,-0.000000000000000000e+00,-0.000000000000000000e+00,-2.049740237798430148e-02,-0.000000000000000000e+00,-0.000000000000000000e+00,-0.000000000000000000e+00,-8.585476393464599315e-03,-0.000000000000000000e+00,-1.966706755610046764e-02,-1.802060116481689622e-01,0.000000000000000000e+00,-0.000000000000000000e+00,-0.000000000000000000e+00,-0.000000000000000000e+00,-8.238131401710091506e-02,-4.231350260551021772e-03
0.000000000000000000e+00,0.000000000000000000e+00,-0.000000000000000000e+00,-3.047814865276361473e-01,-1.002911251845239049e-01,0.000000000000000000e+00,2.106943046057516422e-01,0.000000000000000000e+00,-9.726879048928450955e-02,-0.000000000000000000e+00,0.000000000000000000e+00,0.000000000000000000e+00,-1.576864816955449167e-01,-0.000000000000000000e+00,6.357245332544200767e-02,0.000000000000000000e+00,0.000000000000000000e+00,-2.266291839739462965e-01,1.242495364131936286e+00,-0.000000000000000000e+00,0.000000000000000000e+00,-0.000000000000000000e+00,0.000000000000000000e+00,-0.000000000000000000e+00,0.000000000000000000e+00,0.000000000000000000e+00,-0.000000000000000000e+00,0.000000000000000000e+00,0.000000000000000000e+00,-0.000000000000000000e+00,0.000000000000000000e+00,-0.000000000000000000e+00,-0.000000000000000000e+00,0.000000000000000000e+00,0.000000000000000000e+00,0.000000000000000000e+00,0.000000000000000000e+00,-0.000000000000000000e+00,-0.000000000000000000e+00
3.529551925495751780e-03,1.375624091948092764e-01,0.000000000000000000e+00,-0.000000000000000000e+00,0.000000000000000000e+00,0.000000000000000000e+00,0.000000000000000000e+00,-0.000000000000000000e+00,0.000000000000000000e+00,0.000000000000000000e+00,0.000000000000000000e+00,1.009982226255669129e-02,0.000000000000000000e+00,0.000000000000000000e+00,-0.000000000000000000e+00,0.000000000000000000e+00,-0.000000000000000000e+00,0.000000000000000000e+00,-0.000000000000000000e+00,1.033607802009892218e+00,-0.000000000000000000e+00,0.000000000000000000e+00,0.000000000000000000e+00,0.000000000000000000e+00,0.000000000000000000e+00,0.000000000000000000e+00,4.469940453069546661e-03,0.000000000000000000e+00,0.000000000000000000e+00,0.000000000000000000e+00,5.314184797271453292e-02,0.000000000000000000e+00,0.000000000000000000e+00,0.000000000000000000e+00,0.000000000000000000e+00,0.000000000000000000e+00,0.000000000000000000e+00,0.000000000000000000e+00,0.000000000000000000e+00
-0.000000000000000000e+00,-0.000000000000000000e+00,-0.000000000000000000e+00,0.000000000000000000e+00,-0.000000000000000000e+00,-7.837523368823519354e-02,-1.051007240920043689e-01,0.000000000000000000e+00,-0.000000000000000000e+00,-0.000000000000000000e+00,-0.000000000000000000e+00,-0.000000000000000000e+00,0.000000000000000000e+00,-0.000000000000000000e+00,0.000000000000000000e+00,-0.000000000000000000e+00,-0.000000000000000000e+00,-0.000000000000000000e+00,0.000000000000000000e+00,-0.000000000000000000e+00,1.490240804245835937e+00,-0.000000000000000000e+00,-0.000000000000000000e+00,0.000000000000000000e+00,-0.000000000000000000e+00,-7.409188919262048312e-02,-0.000000000000000000e+00,-6.236332263589905445e-01,-0.000000000000000000e+00,-0.000000000000000000e+00,-0.000000000000000000e+00,-0.000000000000000000e+00,-1.378725637847617036e-01,-0.000000000000000000e+00,-0.000000000000000000e+00,-1.686373452226113193e-02,-0.000000000000000000e+00,-0.000000000000000000e+00,0.000000000000000000e+00
-0.000000000000000000e+00,-0.000000000000000000e+00,-3.846738223376414134e-01,0.000000000000000000e+00,-0.000000000000000000e+00,-0.000000000000000000e+00,-0.000000000000000000e+00,3.557958237550782332e-01,-7.368193635359698845e-02,-0.000000000000000000e+00,0.000000000000000000e+00,-0.000000000000000000e+00,-2.829289822866805637e-01,-3.722318779629025381e-02,0.000000000000000000e+00,-1.690091110112209860e-01,0.000000000000000000e+00,-0.000000000000000000e+00,-0.000000000000000000e+00,0.000000000000000000e+00,-0.000000000000000000e+00,2.015427352226593083e+00,-1.545922005526074172e-01,-8.705291412432907688e-03,-0.000000000000000000e+00,-0.000000000000000000e+00,-1.090078395026730512e-01,-0.000000000000000000e+00,-0.000000000000000000e+00,-0.000000000000000000e+00,-0.000000000000000000e+00,-0.000000000000000000e+00,-9.683522847274031453e-02,-1.458999266680418572e-01,-0.000000000000000000e+00,-5.987114144286317247e-02,-0.000000000000000000e+00,-1.322942380622505187e-01,-4.275292585229119487e-03
-0.000000000000000000e+00,-0.000000000000000000e+00,-0.000000000000000000e+00,4.815292333014026260e-02,-0.000000000000000000e+00,-0.000000000000000000e+00,-5.903479329669950731e-02,0.000000000000000000e+00,-0.000000000000000000e+00,-0.000000000000000000e+00,-0.000000000000000000e+00,-4.621172175342662114e-01,-0.000000000000000000e+00,-3.912451189722465639e-01,0.000000000000000000e+00,-1.510553965107166163e-01,3.276088152547035337e-02,-0.000000000000000000e+00,0.000000000000000000e+00,0.000000000000000000e+00,-0.000000000000000000e+00,-1.545922005526074172e-01,2.330114607062380383e+00,-3.694309954141015290e-02,-1.924032203745443537e-01,-0.000000000000000000e+00,-8.383136046588414436e-02,-0.000000000000000000e+00,-1.564830102918971511e-01,-0.000000000000000000e+00,-7.218422809479710378e-02,-0.000000000000000000e+00,-0.000000000000000000e+00,-5.278614582276924816e-01,-0.000000000000000000e+00,-0.000000000000000000e+00,-0.000000000000000000e+00,-0.000000000000000000e+00,-0.000000000000000000e+00
-0.000000000000000000e+00,-4.330848320745631086e-02,-0.000000000000000000e+00,0.000000000000000000e+00,-0.000000000000000000e+00,0.000000000000000000e+00,-0.000000000000000000e+00,0.000000000000000000e+00,-1.027363721704897398e-01,-0.000000000000000000e+00,0.000000000000000000e+00,-0.000000000000000000e+00,-0.000000000000000000e+00,-0.000000000000000000e+00,0.000000000000000000e+00,-0.000000000000000000e+00,0.000000000000000000e+00,-0.000000000000000000e+00,-0.000000000000000000e+00,0.000000000000000000e+00,0.000000000000000000e+00,-8.705291412432907688e-03,-3.694309954141015290e-02,1.102842584163234108e+00,-0.000000000000000000e+00,-0.000000000000000000e+00,-1.048496611710451887e-02,-0.000000000000000000e+00,-0.000000000000000000e+00,-4.959247009730272104e-02,-0.000000000000000000e+00,-0.000000000000000000e+00,-0.000000000000000000e+00,-1.399187669770298736e-01,-0.000000000000000000e+00,-0.000000000000000000e+00,-0.000000000000000000e+00,-6.669119606076309714e-02,-4.027705618377229110e-03
-0.000000000000000000e+00,-1.308223837208665752e-01,-0.000000000000000000e+00,5.373701056804693066e-02,-0.000000000000000000e+00,-2.377418702942140361e-01,-1.509438809178261787e-01,0.000000000000000000e+00,-0.000000000000000000e+00,-2.567319345724678459e-01,-0.000000000000000000e+00,-2.883766001304318705e-01,-0.000000000000000000e+00,-1.835130452724544892e-01,0.000000000000000000e+00,-2.254747295954099562e-01,0.000000000000000000e+00,-0.000000000000000000e+00,0.000000000000000000e+00,0.000000000000000000e+00,-0.000000000000000000e+00,-0.000000000000000000e+00,-1.924032203745443537e-01,-0.000000000000000000e+00,2.705812521124456360e+00,-1.352882417821257670e-02,-7.144857949940019992e-02,-3.196178065080348407e-01,-2.849186466074831725e-01,-0.000000000000000000e+00,-2.328566250654669212e-01,-0.000000000000000000e+00,-0.000000000000000000e+00,-2.332974640886681106e-01,-0.000000000000000000e+00,-2.871974261717028659e-02,-1.961032271233751137e-02,-0.000000000000000000e+00,-0.000000000000000000e+00
-1.387252028848570962e-01,-0.000000000000000000e+00,-3.152341380225397172e-02,0.000000000000000000e+00,-0.000000000000000000e+00,-0.000000000000000000e+00,-0.000000000000000000e+00,0.000000000000000000e+00,-0.000000000000000000e+00,-2.096101285383309976e-01,-5.941453298217877488e-02,-0.000000000000000000e+00,-0.000000000000000000e+00,-0.000000000000000000e+00,1.064114341026322769e-01,-0.000000000000000000e+00,-0.000000000000000000e+00,-2.049740237798430148e-02,0.000000000000000000e+00,0.000000000000000000e+00,-7.409188919262048312e-02,-0.000000000000000000e+00,-0.000000000000000000e+00,-0.000000000000000000e+00,-1.352882417821257670e-02,2.333659498914778752e+00,-2.247741603384675324e-01,-3.991793752080919355e-01,-5.943641118044373783e-02,-0.000000000000000000e+00,-0.000000000000000000e+00,-3.710721897136212699e-01,-0.000000000000000000e+00,-0.000000000000000000e+00,-2.212725293315216946e-01,-1.890269093540635492e-01,-2.772711485988102464e-01,-0.000000000000000000e+00,-0.000000000000000000e+00
-1.023375902174808866e-01,-0.000000000000000000e+00,-0.000000000000000000e+00,0.000000000000000000e+00,-0.000000000000000000e+00,-0.000000000000000000e+00,-0.000000000000000000e+00,0.000000000000000000e+00,-8.815498900511066493e-03,-9.516604136863687780e-02,-0.000000000000000000e+00,-1.156970605800574370e-01,-1.374410742413556263e-01,-0.000000000000000000e+00,0.000000000000000000e+00,-2.772035420272627171e-01,0.000000000000000000e+00,-0.000000000000000000e+00,-0.000000000000000000e+00,4.469940453069546661e-03,-0.000000000000000000e+00,-1.090078395026730512e-01,-8.383136046588414436e-02,-1.048496611710451887e-02,-7.144857949940019992e-02,-2.247741603384675324e-01,2.163017364052286506e+00,-0.000000000000000000e+00,-0.000000000000000000e+00,-0.000000000000000000e+00,-3.705249681476676105e-01,-0.000000000000000000e+00,-0.000000000000000000e+00,-1.049806809738524221e-01,-0.000000000000000000e+00,-3.253185859046351935e-01,-0.000000000000000000e+00,-0.000000000000000000e+00,-1.177758667369736140e-01
-0.000000000000000000e+00,-0.000000000000000000e+00,-1.703470686479477414e-02,3.029004392379266442e-01,-0.000000000000000000e+00,-2.215515571501028846e-01,-8.427328282035280449e-02,0.000000000000000000e+00,-0.000000000000000000e+00,-3.725117451025844462e-02,-0.000000000000000000e+00,-0.000000000000000000e+00,0.000000000000000000e+00,-0.000000000000000000e+00,0.000000000000000000e+00,-1.200780256625384457e-01,-0.000000000000000000e+00,-0.000000000000000000e+00,0.000000000000000000e+00,0.000000000000000000e+00,-6.236332263589905445e-01,-0.000000000000000000e+00,-0.000000000000000000e+00,-0.000000000000000000e+00,-3.196178065080348407e-01,-3.991793752080919355e-01,-0.000000000000000000e+00,2.557738021358825442e+00,-1.721677918034606181e-01,-0.000000000000000000e+00,-7.037856313047370638e-02,-0.000000000000000000e+00,-0.000000000000000000e+00,-0.000000000000000000e+00,-1.616185272809948226e-01,-2.443094722850809863e-01,-2.885178941702330052e-02,-0.000000000000000000e+00,-0.000000000000000000e+00
-4.271869724501186488e-02,-9.157629180195434038e-02,-0.000000000000000000e+00,2.484873675043140495e-01,-0.000000000000000000e+00,-2.142107628342474479e-01,-4.279296559973799763e-01,0.000000000000000000e+00,-0.000000000000000000e+00,-0.000000000000000000e+00,-1.052392156659696099e-01,-2.881206058918248658e-01,0.000000000000000000e+00,-0.000000000000000000e+00,0.000000000000000000e+00,-0.000000000000000000e+00,-0.000000000000000000e+00,-0.000000000000000000e+00,0.000000000000000000e+00,0.000000000000000000e+00,-0.000000000000000000e+00,-0.000000000000000000e+00,-1.564830102918971511e-01,-0.000000000000000000e+00,-2.849186466074831725e-01,-5.943641118044373783e-02,-0.000000000000000000e+00,-1.721677918034606181e-01,2.287232201672698917e+00,-0.000000000000000000e+00,-0.000000000000000000e+00,-0.000000000000000000e+00,-0.000000000000000000e+00,-0.000000000000000000e+00,-0.000000000000000000e+00,-2.522136742986155061e-02,-2.923805586708887461e-01,-0.000000000000000000e+00,-0.000000000000000000e+00
-1.040569567634359177e-01,-3.667670754758576845e-01,-2.186953545535808840e-01,0.000000000000000000e+00,-7.580602596694865913e-02,-0.000000000000000000e+00,-0.000000000000000000e+00,3.641869941279020362e-02,-1.568459364476575968e-01,-5.025587296475346744e-01,-0.000000000000000000e+00,-0.000000000000000000e+00,-0.000000000000000000e+00,-2.334107468958406817e-01,0.000000000000000000e+00,-1.181090772680134654e-01,0.000000000000000000e+00,-8.585476393464599315e-03,-0.000000000000000000e+00,0.000000000000000000e+00,-0.000000000000000000e+00,-0.000000000000000000e+00,-0.000000000000000000e+00,-4.959247009730272104e-02,-0.000000000000000000e+00,-0.000000000000000000e+00,-0.000000000000000000e+00,-0.000000000000000000e+00,-0.000000000000000000e+00,2.355178509825507582e+00,-3.136494123234145198e-02,-2.051508188092312501e-01,-1.345327472118909573e-01,-0.000000000000000000e+00,-5.103538211219281473e-02,-0.000000000000000000e+00,-0.000000000000000000e+00,-0.000000000000000000e+00,-1.410412443563972829e-01
-2.554089332447159744e-01,-3.112951626222923984e-01,-8.857054066899160139e-02,0.000000000000000000e+00,-0.000000000000000000e+00,-0.000000000000000000e+00,-0.000000000000000000e+00,0.000000000000000000e+00,-0.000000000000000000e+00,-2.291758637962930667e-01,-0.000000000000000000e+00,-6.473273704498259951e-02,-0.000000000000000000e+00,-0.000000000000000000e+00,0.000000000000000000e+00,-2.298050899655759705e-01,0.000000000000000000e+00,-0.000000000000000000e+00,0.000000000000000000e+00,5.314184797271453292e-02,-0.000000000000000000e+00,-0.000000000000000000e+00,-7.218422809479710378e-02,-0.000000000000000000e+00,-2.328566250654669212e-01,-0.000000000000000000e+00,-3.705249681476676105e-01,-7.037856313047370638e-02,-0.000000000000000000e+00,-3.136494123234145198e-02,2.395022995655011755e+00,-7.380515938645149099e-02,-0.000000000000000000e+00,-0.000000000000000000e+00,-1.099203076585385658e-01,-1.274990900022975049e-01,-7.920386875797595649e-02,-0.000000000000000000e+00,-0.000000000000000000e+00
-4.854056399601264921e-02,-8.022939283132864141e-02,-0.000000000000000000e+00,0.000000000000000000e+00,-0.000000000000000000e+00,-0.000000000000000000e+00,-0.000000000000000000e+00,0.000000000000000000e+00,-3.130757984809595662e-02,-1.248647351767598473e-01,-0.000000000000000000e+00,-0.000000000000000000e+00,-0.000000000000000000e+00,-0.000000000000000000e+00,0.000000000000000000e+00,-0.000000000000000000e+00,-0.000000000000000000e+00,-1.966706755610046764e-02,-0.000000000000000000e+00,0.000000000000000000e+00,-0.000000000000000000e+00,-0.000000000000000000e+00,-0.000000000000000000e+00,-0.000000000000000000e+00,-0.000000000000000000e+00,-3.710721897136212699e-01,-0.000000000000000000e+00,-0.000000000000000000e+00,-0.000000000000000000e+00,-2.051508188092312501e-01,-7.380515938645149099e-02,2.148192195176561015e+00,-5.334291547522744537e-02,-0.000000000000000000e+00,-3.846007524943099720e-01,-1.666830242666780815e-01,-4.417559948130608261e-01,-0.000000000000000000e+00,-0.000000000000000000e+00
-0.000000000000000000e+00,-0.000000000000000000e+00,-4.861576865076815968e-01,0.000000000000000000e+00,-1.762046246574696662e-01,-0.000000000000000000e+00,-0.000000000000000000e+00,2.812684052852112981e-01,-0.000000000000000000e+00,-0.000000000000000000e+00,-0.000000000000000000e+00,-0.000000000000000000e+00,-1.507421159716608103e-03,-1.252035181089899418e-01,0.000000000000000000e+00,-0.000000000000000000e+00,-0.000000000000000000e+00,-1.802060116481689622e-01,-0.000000000000000000e+00,0.000000000000000000e+00,-1.378725637847617036e-01,-9.683522847274031453e-02,-0.000000000000000000e+00,-0.000000000000000000e+00,-0.000000000000000000e+00,-0.000000000000000000e+00,-0.000000000000000000e+00,-0.000000000000000000e+00,-0.000000000000000000e+00,-1.345327472118909573e-01,-0.000000000000000000e+00,-5.334291547522744537e-02,1.951070101492254238e+00,-0.000000000000000000e+00,-2.311132351912271454e-01,-0.000000000000000000e+00,-0.000000000000000000e+00,-0.000000000000000000e+00,-0.000000000000000000e+00
-1.085312613766837020e-01,-0.000000000000000000e+00,-0.000000000000000000e+00,0.000000000000000000e+00,-0.000000000000000000e+00,-0.000000000000000000e+00,-0.000000000000000000e+00,0.000000000000000000e+00,-0.000000000000000000e+00,-0.000000000000000000e+00,0.000000000000000000e+00,-7.539490302267735089e-01,-0.000000000000000000e+00,-0.000000000000000000e+00,0.000000000000000000e+00,-1.394218252938765890e-01,1.594720585684114567e-01,0.000000000000000000e+00,0.000000000000000000e+00,0.000000000000000000e+00,-0.000000000000000000e+00,-1.458999266680418572e-01,-5.278614582276924816e-01,-1.399187669770298736e-01,-2.332974640886681106e-01,-0.000000000000000000e+00,-1.049806809738524221e-01,-0.000000000000000000e+00,-0.000000000000000000e+00,-0.000000000000000000e+00,-0.000000000000000000e+00,-0.000000000000000000e+00,-0.000000000000000000e+00,2.272861942832772542e+00,-0.000000000000000000e+00,-0.000000000000000000e+00,-0.000000000000000000e+00,-0.000000000000000000e+00,-0.000000000000000000e+00
-0.000000000000000000e+00,-1.375214487798379626e-01,-4.013507243636890709e-02,0.000000000000000000e+00,-0.000000000000000000e+00,-2.257876411452325593e-01,-0.000000000000000000e+00,0.000000000000000000e+00,-0.000000000000000000e+00,-1.066291614399678400e-01,-5.974954688954788040e-02,-0.000000000000000000e+00,-0.000000000000000000e+00,-0.000000000000000000e+00,0.000000000000000000e+00,-0.000000000000000000e+00,-0.000000000000000000e+00,-0.000000000000000000e+00,0.000000000000000000e+00,0.000000000000000000e+00,-0.000000000000000000e+00,-0.000000000000000000e+00,-0.000000000000000000e+00,-0.000000000000000000e+00,-0.000000000000000000e+00,-2.212725293315216946e-01,-0.000000000000000000e+00,-1.616185272809948226e-01,-0.000000000000000000e+00,-5.103538211219281473e-02,-1.099203076585385658e-01,-3.846007524943099720e-01,-2.311132351912271454e-01,-0.000000000000000000e+00,2.480323816181947638e+00,-1.639779126586351221e-01,-6.411626951143191144e-01,-0.000000000000000000e+00,-0.000000000000000000e+00
-1.414570658171044604e-01,-0.000000000000000000e+00,-2.819958357561356405e-03,1.183497374625289422e-01,-0.000000000000000000e+00,-5.988738452786476069e-02,-0.000000000000000000e+00,0.000000000000000000e+00,-0.000000000000000000e+00,-0.000000000000000000e+00,-0.000000000000000000e+00,-4.389073408034615056e-03,-0.000000000000000000e+00,-0.000000000000000000e+00,0.000000000000000000e+00,-3.875904423546426281e-01,0.000000000000000000e+00,-0.000000000000000000e+00,0.000000000000000000e+00,0.000000000000000000e+00,-1.686373452226113193e-02,-5.987114144286317247e-02,-0.000000000000000000e+00,-0.000000000000000000e+00,-2.871974261717028659e-02,-1.890269093540635492e-01,-3.253185859046351935e-01,-2.443094722850809863e-01,-2.522136742986155061e-02,-0.000000000000000000e+00,-1.274990900022975049e-01,-1.666830242666780815e-01,-0.000000000000000000e+00,-0.000000000000000000e+00,-1.639779126586351221e-01,2.164400625005662437e+00,-3.958262866793256507e-02,-0.000000000000000000e+00,-0.000000000000000000e+00
-0.000000000000000000e+00,-2.058819766836816056e-01,-0.000000000000000000e+00,0.000000000000000000e+00,-0.000000000000000000e+00,-1.784568079808200036e-01,-0.000000000000000000e+00,0.000000000000000000e+00,-0.000000000000000000e+00,-2.281031170212545131e-02,-2.902328103502804790e-01,-0.000000000000000000e+00,-0.000000000000000000e+00,-0.000000000000000000e+00,0.000000000000000000e+00,-0.000000000000000000e+00,-0.000000000000000000e+00,-0.000000000000000000e+00,0.000000000000000000e+00,0.000000000000000000e+00,-0.000000000000000000e+00,-0.000000000000000000e+00,-0.000000000000000000e+00,-0.000000000000000000e+00,-1.961032271233751137e-02,-2.772711485988102464e-01,-0.000000000000000000e+00,-2.885178941702330052e-02,-2.923805586708887461e-01,-0.000000000000000000e+00,-7.920386875797595649e-02,-4.417559948130608261e-01,-0.000000000000000000e+00,-0.000000000000000000e+00,-6.411626951143191144e-01,-3.958262866793256507e-02,2.460765290312809661e+00,-0.000000000000000000e+00,-0.000000000000000000e+00
-4.395891459015157515e-02,-0.000000000000000000e+00,-0.000000000000000000e+00,-0.000000000000000000e+00,-3.636553624021505310e-02,0.000000000000000000e+00,0.000000000000000000e+00,1.266741565064239891e-02,-2.887399382078574273e-01,-5.281563793165156007e-02,0.000000000000000000e+00,-0.000000000000000000e+00,-0.000000000000000000e+00,-0.000000000000000000e+00,6.987487435513847212e-01,-0.000000000000000000e+00,0.000000000000000000e+00,-8.238131401710091506e-02,-0.000000000000000000e+00,0.000000000000000000e+00,-0.000000000000000000e+00,-1.322942380622505187e-01,-0.000000000000000000e+00,-6.669119606076309714e-02,-0.000000000000000000e+00,-0.000000000000000000e+00,-0.000000000000000000e+00,-0.000000000000000000e+00,-0.000000000000000000e+00,-0.000000000000000000e+00,-0.000000000000000000e+00,-0.000000000000000000e+00,-0.000000000000000000e+00,-0.000000000000000000e+00,-0.000000000000000000e+00,-0.000000000000000000e+00,-0.000000000000000000e+00,1.867158270898321204e+00,-3.722717894604088418e-01
-0.000000000000000000e+00,-7.298248737915793982e-02,-0.000000000000000000e+00,-0.000000000000000000e+00,-1.940445561494711924e-01,-0.000000000000000000e+00,0.000000000000000000e+00,0.000000000000000000e+00,-6.582805187335293018e-02,-0.000000000000000000e+00,-0.000000000000000000e+00,-0.000000000000000000e+00,-1.255368239824788679e-01,-1.522398017820529026e-01,0.000000000000000000e+00,-0.000000000000000000e+00,0.000000000000000000e+00,-4.231350260551021772e-03,-0.000000000000000000e+00,0.000000000000000000e+00,0.000000000000000000e+00,-4.275292585229119487e-03,-0.000000000000000000e+00,-4.027705618377229110e-03,-0.000000000000000000e+00,-0.000000000000000000e+00,-1.177758667369736140e-01,-0.000000000000000000e+00,-0.000000000000000000e+00,-1.410412443563972829e-01,-0.000000000000000000e+00,-0.000000000000000000e+00,-0.000000000000000000e+00,-0.000000000000000000e+00,-0.000000000000000000e+00,-0.000000000000000000e+00,-0.000000000000000000e+00,-3.722717894604088418e-01,1.513605090575753875e+00
