2.434852355845980476e+00,-2.082812160367176479e-01,-0.000000000000000000e+00,-0.000000000000000000e+00,-4.287722402619189438e-02,0.000000000000000000e+00,0.000000000000000000e+00,0.000000000000000000e+00,-3.616962743105117117e-01,-0.000000000000000000e+00,-0.000000000000000000e+00,-1.024680828522228117e-02,-0.000000000000000000e+00,-0.000000000000000000e+00,-0.000000000000000000e+00,-2.520162681518646752e-01,-0.000000000000000000e+00,-0.000000000000000000e+00,-0.000000000000000000e+00,-1.306976648868465873e-01,-0.000000000000000000e+00,-1.375046249730936532e-01,-0.000000000000000000e+00,-1.203137534198423508e-01,-2.257312924344995198e-01,-1.102222785521783099e-01,-0.000000000000000000e+00,-1.130855246958839128e-01,-4.621529092644330317e-01,-1.052013526142256544e-01,-0.000000000000000000e+00,0.000000000000000000e+00,-0.000000000000000000e+00,-0.000000000000000000e+00,0.000000000000000000e+00,-4.080456746456170847e-02,-0.000000000000000000e+00,-3.173045070632489473e-02,-2.135804484257709801e-01
-2.082812160367176479e-01,2.022201604762174032e+00,-0.000000000000000000e+00,0.000000000000000000e+00,-0.000000000000000000e+00,-0.000000000000000000e+00,0.000000000000000000e+00,0.000000000000000000e+00,-0.000000000000000000e+00,-1.077506601432506872e-01,-0.000000000000000000e+00,-0.000000000000000000e+00,-0.000000000000000000e+00,-1.012700975534307907e-01,-0.000000000000000000e+00,-0.000000000000000000e+00,-0.000000000000000000e+00,-0.000000000000000000e+00,0.000000000000000000e+00,-0.000000000000000000e+00,-0.000000000000000000e+00,-0.000000000000000000e+00,-4.616120684059037138e-02,-2.712438071863352285e-01,-0.000000000000000000e+00,-1.604271512176429215e-01,-0.000000000000000000e+00,-0.000000000000000000e+00,-2.090740271473440492e-01,-8.791547403021796742e-03,-1.731680866671402377e-02,-2.028621118718431093e-01,-0.000000000000000000e+00,-0.000000000000000000e+00,0.000000000000000000e+00,-3.583419698577801626e-01,-0.000000000000000000e+00,-1.899555994466760878e-01,-3.187450064688941986e-01
-0.000000000000000000e+00,-0.000000000000000000e+00,2.527870449801909558e+00,-0.000000000000000000e+00,-1.776603982556578254e-01,0.000000000000000000e+00,-0.000000000000000000e+00,6.923004531442772391e-01,-0.000000000000000000e+00,-0.000000000000000000e+00,0.000000000000000000e+00,-0.000000000000000000e+00,0.000000000000000000e+00,-0.000000000000000000e+00,-0.000000000000000000e+00,-3.972628302782594267e-01,0.000000000000000000e+00,-4.862811692348880110e-01,-5.467716309191011925e-01,-0.000000000000000000e+00,-0.000000000000000000e+00,-0.000000000000000000e+00,-0.000000000000000000e+00,-0.000000000000000000e+00,-0.000000000000000000e+00,-0.000000000000000000e+00,-0.000000000000000000e+00,-0.000000000000000000e+00,-0.000000000000000000e+00,-3.395122225880059519e-02,-7.777263284326726978e-02,0.000000000000000000e+00,-0.000000000000000000e+00,-1.658497042418949075e-01,0.000000000000000000e+00,-0.000000000000000000e+00,0.000000000000000000e+00,-0.000000000000000000e+00,-0.000000000000000000e+00
-0.000000000000000000e+00,0.000000000000000000e+00,-0.000000000000000000e+00,1.671515736183442291e+00,-1.100040993890282065e-01,0.000000000000000000e+00,-4.170191857489694565e-01,0.000000000000000000e+00,-0.000000000000000000e+00,-1.514032522125383640e-01,-0.000000000000000000e+00,-0.000000000000000000e+00,0.000000000000000000e+00,0.000000000000000000e+00,0.000000000000000000e+00,-0.000000000000000000e+00,0.000000000000000000e+00,-8.147455473605023923e-02,-1.379446071293077558e-01,-0.000000000000000000e+00,-0.000000000000000000e+00,-6.778541871015181242e-02,-0.000000000000000000e+00,-0.000000000000000000e+00,-1.950222982782018333e-01,-0.000000000000000000e+00,-0.000000000000000000e+00,-3.739865554309370066e-01,-0.000000000000000000e+00,-0.000000000000000000e+00,-0.000000000000000000e+00,0.000000000000000000e+00,-0.000000000000000000e+00,0.000000000000000000e+00,0.000000000000000000e+00,-0.000000000000000000e+00,-0.000000000000000000e+00,-0.000000000000000000e+00,-0.000000000000000000e+00
-4.287722402619189438e-02,-0.000000000000000000e+00,-1.776603982556578254e-01,-1.100040993890282065e-01,1.737422845506645386e+00,0.000000000000000000e+00,-0.000000000000000000e+00,2.503041462664585826e-01,-3.240936744663651670e-01,-0.000000000000000000e+00,0.000000000000000000e+00,-0.000000000000000000e+00,-0.000000000000000000e+00,-1.578248334451755677e-02,-0.000000000000000000e+00,-0.000000000000000000e+00,0.000000000000000000e+00,-3.385042228965473021e-01,-0.000000000000000000e+00,-0.000000000000000000e+00,-0.000000000000000000e+00,-0.000000000000000000e+00,-0.000000000000000000e+00,-0.000000000000000000e+00,-0.000000000000000000e+00,-0.000000000000000000e+00,0.000000000000000000e+00,-1.432368856612727392e-01,-0.000000000000000000e+00,-0.000000000000000000e+00,0.000000000000000000e+00,0.000000000000000000e+00,-0.000000000000000000e+00,-1.164135297990202683e-01,0.000000000000000000e+00,-0.000000000000000000e+00,-0.000000000000000000e+00,-0.000000000000000000e+00,-0.000000000000000000e+00
0.000000000000000000e+00,-0.000000000000000000e+00,0.000000000000000000e+00,0.000000000000000000e+00,0.000000000000000000e+00,2.202459263742206907e+00,-0.000000000000000000e+00,0.000000000000000000e+00,0.000000000000000000e+00,-0.000000000000000000e+00,-6.237756470800747549e-02,0.000000000000000000e+00,-0.000000000000000000e+00,-1.330869042261661750e-01,0.000000000000000000e+00,0.000000000000000000e+00,-5.677707729042077434e-01,0.000000000000000000e+00,3.349046868156477924e-02,0.000000000000000000e+00,0.000000000000000000e+00,-0.000000000000000000e+00,-0.000000000000000000e+00,-0.000000000000000000e+00,-0.000000000000000000e+00,-0.000000000000000000e+00,-1.589827345599720276e-01,0.000000000000000000e+00,0.000000000000000000e+00,-0.000000000000000000e+00,-0.000000000000000000e+00,-3.549579529044680215e-01,-0.000000000000000000e+00,0.000000000000000000e+00,-5.243206766855795786e-01,0.000000000000000000e+00,-2.857794837373924257e-01,-0.000000000000000000e+00,-0.000000000000000000e+00
0.000000000000000000e+00,0.000000000000000000e+00,-0.000000000000000000e+00,-4.170191857489694565e-01,-0.000000000000000000e+00,-0.000000000000000000e+00,1.383940784793924683e+00,4.350731523203646423e-01,0.000000000000000000e+00,-3.500753434039131917e-02,-1.074482800169301311e-01,1.549398812321675367e-01,0.000000000000000000e+00,-0.000000000000000000e+00,0.000000000000000000e+00,-0.000000000000000000e+00,-7.347684776146844871e-03,-0.000000000000000000e+00,-0.000000000000000000e+00,0.000000000000000000e+00,-0.000000000000000000e+00,-0.000000000000000000e+00,-0.000000000000000000e+00,-0.000000000000000000e+00,-0.000000000000000000e+00,0.000000000000000000e+00,-0.000000000000000000e+00,-0.000000000000000000e+00,0.000000000000000000e+00,-0.000000000000000000e+00,-1.287672842790215655e-01,-3.306220516471702984e-03,-0.000000000000000000e+00,0.000000000000000000e+00,-0.000000000000000000e+00,0.000000000000000000e+00,-0.000000000000000000e+00,0.000000000000000000e+00,0.000000000000000000e+00
0.000000000000000000e+00,0.000000000000000000e+00,6.923004531442772391e-01,0.000000000000000000e+00,2.503041462664585826e-01,0.000000000000000000e+00,4.350731523203646423e-01,2.086911467197077208e+00,0.000000000000000000e+00,1.605777691234793955e-02,0.000000000000000000e+00,-3.625390951915846965e-03,-0.000000000000000000e+00,8.124782094869942295e-02,-0.000000000000000000e+00,0.000000000000000000e+00,-0.000000000000000000e+00,0.000000000000000000e+00,1.247564810414077269e-01,-0.000000000000000000e+00,-0.000000000000000000e+00,-0.000000000000000000e+00,0.000000000000000000e+00,0.000000000000000000e+00,0.000000000000000000e+00,0.000000000000000000e+00,0.000000000000000000e+00,-0.000000000000000000e+00,0.000000000000000000e+00,2.580576076799595553e-01,8.413640198381402979e-02,0.000000000000000000e+00,-0.000000000000000000e+00,2.766637774685729578e-01,-0.000000000000000000e+00,0.000000000000000000e+00,0.000000000000000000e+00,0.000000000000000000e+00,0.000000000000000000e+00
-3.616962743105117117e-01,-0.000000000000000000e+00,-0.000000000000000000e+00,-0.000000000000000000e+00,-3.240936744663651670e-01,0.000000000000000000e+00,0.000000000000000000e+00,0.000000000000000000e+00,2.350444195637123368e+00,-1.543662888637897523e-01,0.000000000000000000e+00,-0.000000000000000000e+00,-0.000000000000000000e+00,-0.000000000000000000e+00,-0.000000000000000000e+00,-2.747963643042529713e-01,0.000000000000000000e+00,-2.147621408794692932e-01,-0.000000000000000000e+00,-0.000000000000000000e+00,-0.000000000000000000e+00,-0.000000000000000000e+00,-0.000000000000000000e+00,-1.138134451449393097e-01,-9.271477283913996670e-02,-1.538686549054293640e-01,-0.000000000000000000e+00,-8.264398946558691728e-02,-0.000000000000000000e+00,-3.397596947957327029e-01,0.000000000000000000e+00,0.000000000000000000e+00,-0.000000000000000000e+00,-1.058998318159169033e-01,0.000000000000000000e+00,-5.891194370708224132e-02,-0.000000000000000000e+00,-8.342988520234161098e-02,-1.700688147497380343e-01
-0.000000000000000000e+00,-1.077506601432506872e-01,-0.000000000000000000e+00,-1.514032522125383640e-01,-0.000000000000000000e+00,-0.000000000000000000e+00,-3.500753434039131917e-02,1.605777691234793955e-02,-1.543662888637897523e-01,2.503253954202879328e+00,-0.000000000000000000e+00,-0.000000000000000000e+00,-0.000000000000000000e+00,-0.000000000000000000e+00,0.000000000000000000e+00,-7.094444952476497424e-01,-0.000000000000000000e+00,-0.000000000000000000e+00,-0.000000000000000000e+00,-0.000000000000000000e+00,-0.000000000000000000e+00,-0.000000000000000000e+00,-2.775726565907652432e-01,-0.000000000000000000e+00,-5.190272665441113542e-01,-0.000000000000000000e+00,-7.739226023246825736e-02,-0.000000000000000000e+00,-0.000000000000000000e+00,-5.836657853045661148e-02,-1.422845381639647674e-02,-0.000000000000000000e+00,-0.000000000000000000e+00,-0.000000000000000000e+00,-0.000000000000000000e+00,-0.000000000000000000e+00,-0.000000000000000000e+00,-3.827555816270434424e-02,-3.975410426024451604e-01
-0.000000000000000000e+00,-0.000000000000000000e+00,0.000000000000000000e+00,-0.000000000000000000e+00,0.000000000000000000e+00,-6.237756470800747549e-02,-1.074482800169301311e-01,0.000000000000000000e+00,0.000000000000000000e+00,-0.000000000000000000e+00,2.552990539059421859e+00,0.000000000000000000e+00,-0.000000000000000000e+00,-0.000000000000000000e+00,0.000000000000000000e+00,-0.000000000000000000e+00,-9.687704988151075725e-01,0.000000000000000000e+00,0.000000000000000000e+00,-0.000000000000000000e+00,-0.000000000000000000e+00,-0.000000000000000000e+00,-2.377427433761253144e-03,-0.000000000000000000e+00,-0.000000000000000000e+00,-0.000000000000000000e+00,-1.365118907663191439e-01,0.000000000000000000e+00,-0.000000000000000000e+00,0.000000000000000000e+00,-0.000000000000000000e+00,-6.108039547922853307e-01,-5.137440040662567819e-02,7.944347954302075077e-02,-9.864535172045063582e-02,0.000000000000000000e+00,-4.603045967355302026e-01,-0.000000000000000000e+00,-0.000000000000000000e+00
-1.024680828522228117e-02,-0.000000000000000000e+00,-0.000000000000000000e+00,-0.000000000000000000e+00,-0.000000000000000000e+00,0.000000000000000000e+00,1.549398812321675367e-01,-3.625390951915846965e-03,-0.000000000000000000e+00,-0.000000000000000000e+00,0.000000000000000000e+00,2.042941307103843140e+00,-0.000000000000000000e+00,0.000000000000000000e+00,-1.039272472879634091e+00,-0.000000000000000000e+00,0.000000000000000000e+00,-0.000000000000000000e+00,-0.000000000000000000e+00,-0.000000000000000000e+00,-5.578569817255062818e-02,-7.062047951576085059e-02,-0.000000000000000000e+00,-0.000000000000000000e+00,-0.000000000000000000e+00,-0.000000000000000000e+00,-0.000000000000000000e+00,-2.261438669267757384e-01,-1.395377147253527572e-01,-0.000000000000000000e+00,0.000000000000000000e+00,0.000000000000000000e+00,-0.000000000000000000e+00,-0.000000000000000000e+00,0.000000000000000000e+00,-2.169195229308771566e-01,0.000000000000000000e+00,-0.000000000000000000e+00,-2.307770577279136814e-01
-0.000000000000000000e+00,-0.000000000000000000e+00,0.000000000000000000e+00,0.000000000000000000e+00,-0.000000000000000000e+00,-0.000000000000000000e+00,0.000000000000000000e+00,-0.000000000000000000e+00,-0.000000000000000000e+00,-0.000000000000000000e+00,-0.000000000000000000e+00,-0.000000000000000000e+00,1.594981353198033025e+00,-0.000000000000000000e+00,0.000000000000000000e+00,-0.000000000000000000e+00,-0.000000000000000000e+00,0.000000000000000000e+00,0.000000000000000000e+00,-0.000000000000000000e+00,-0.000000000000000000e+00,-1.788136859855013749e-01,-0.000000000000000000e+00,-0.000000000000000000e+00,-0.000000000000000000e+00,-0.000000000000000000e+00,-0.000000000000000000e+00,-0.000000000000000000e+00,-0.000000000000000000e+00,0.000000000000000000e+00,5.087781593118717582e-01,-0.000000000000000000e+00,-5.259646490238335803e-02,0.000000000000000000e+00,-1.851716742667529614e-01,0.000000000000000000e+00,-4.833688170444989662e-01,-0.000000000000000000e+00,-0.000000000000000000e+00
-0.000000000000000000e+00,-1.012700975534307907e-01,-0.000000000000000000e+00,0.000000000000000000e+00,-1.578248334451755677e-02,-1.330869042261661750e-01,-0.000000000000000000e+00,8.124782094869942295e-02,-0.000000000000000000e+00,-0.000000000000000000e+00,-0.000000000000000000e+00,0.000000000000000000e+00,-0.000000000000000000e+00,1.393548412782632306e+00,0.000000000000000000e+00,-0.000000000000000000e+00,-0.000000000000000000e+00,0.000000000000000000e+00,0.000000000000000000e+00,4.259386333437120004e-02,0.000000000000000000e+00,0.000000000000000000e+00,-1.176171678328292447e-01,-1.244388806429124750e-01,-0.000000000000000000e+00,-0.000000000000000000e+00,-4.482586251579377679e-02,-0.000000000000000000e+00,-7.968567944846955201e-03,-3.042856121889782606e-01,-0.000000000000000000e+00,-2.610697891259087244e-01,-2.702629069297327047e-02,-0.000000000000000000e+00,-5.885038412121152557e-02,-0.000000000000000000e+00,-0.000000000000000000e+00,-8.040395068189733901e-03,-0.000000000000000000e+00
-0.000000000000000000e+00,-0.000000000000000000e+00,-0.000000000000000000e+00,0.000000000000000000e+00,-0.000000000000000000e+00,0.000000000000000000e+00,0.000000000000000000e+00,-0.000000000000000000e+00,-0.000000000000000000e+00,0.000000000000000000e+00,0.000000000000000000e+00,-1.039272472879634091e+00,0.000000000000000000e+00,0.000000000000000000e+00,1.761250563228873967e+00,-0.000000000000000000e+00,0.000000000000000000e+00,-0.000000000000000000e+00,-0.000000000000000000e+00,-0.000000000000000000e+00,-0.000000000000000000e+00,-0.000000000000000000e+00,-0.000000000000000000e+00,-0.000000000000000000e+00,-0.000000000000000000e+00,-0.000000000000000000e+00,0.000000000000000000e+00,-1.155211995192509250e-01,-0.000000000000000000e+00,-0.000000000000000000e+00,0.000000000000000000e+00,9.981718234671649315e-02,-0.000000000000000000e+00,-2.405448986881547971e-02,0.000000000000000000e+00,-3.091883197185176305e-03,0.000000000000000000e+00,-1.186137707359533888e-01,-0.000000000000000000e+00
-2.520162681518646752e-01,-0.000000000000000000e+00,-3.972628302782594267e-01,-0.000000000000000000e+00,-0.000000000000000000e+00,0.000000000000000000e+00,-0.000000000000000000e+00,0.000000000000000000e+00,-2.747963643042529713e-01,-7.094444952476497424e-01,-0.000000000000000000e+00,-0.000000000000000000e+00,-0.000000000000000000e+00,-0.000000000000000000e+00,-0.000000000000000000e+00,2.720582168876256812e+00,-0.000000000000000000e+00,-2.122571415949920173e-02,-1.579452325761335485e-01,-0.000000000000000000e+00,-0.000000000000000000e+00,-0.000000000000000000e+00,-1.075080088708350728e-01,-0.000000000000000000e+00,-5.481441688072467150e-02,-2.311317971559761486e-01,-0.000000000000000000e+00,-2.375312329081394058e-01,-0.000000000000000000e+00,-2.251792198544492474e-01,-0.000000000000000000e+00,0.000000000000000000e+00,-0.000000000000000000e+00,-0.000000000000000000e+00,0.000000000000000000e+00,-3.825259015153643222e-02,-0.000000000000000000e+00,-2.596407655504001100e-01,-0.000000000000000000e+00
-0.000000000000000000e+00,-0.000000000000000000e+00,0.000000000000000000e+00,0.000000000000000000e+00,0.000000000000000000e+00,-5.677707729042077434e-01,-7.347684776146844871e-03,-0.000000000000000000e+00,0.000000000000000000e+00,-0.000000000000000000e+00,-9.687704988151075725e-01,0.000000000000000000e+00,-0.000000000000000000e+00,-0.000000000000000000e+00,0.000000000000000000e+00,-0.000000000000000000e+00,3.052360877341683043e+00,6.458569722788218108e-03,1.629610954676581902e-01,-0.000000000000000000e+00,-0.000000000000000000e+00,-0.000000000000000000e+00,-0.000000000000000000e+00,-0.000000000000000000e+00,-0.000000000000000000e+00,-0.000000000000000000e+00,-0.000000000000000000e+00,0.000000000000000000e+00,-0.000000000000000000e+00,0.000000000000000000e+00,-0.000000000000000000e+00,-6.032270257245451184e-01,-1.254733164629800723e-01,4.107105747264440110e-01,-3.880321860265138478e-01,0.000000000000000000e+00,-1.193177203570159189e-01,-0.000000000000000000e+00,-0.000000000000000000e+00
-0.000000000000000000e+00,-0.000000000000000000e+00,-4.862811692348880110e-01,-8.147455473605023923e-02,-3.385042228965473021e-01,0.000000000000000000e+00,-0.000000000000000000e+00,0.000000000000000000e+00,-2.147621408794692932e-01,-0.000000000000000000e+00,0.000000000000000000e+00,-0.000000000000000000e+00,0.000000000000000000e+00,0.000000000000000000e+00,-0.000000000000000000e+00,-2.122571415949920173e-02,6.458569722788218108e-03,2.789439273036344868e+00,-9.989906117220138659e-01,-1.262817517392043204e-02,-0.000000000000000000e+00,-0.000000000000000000e+00,-0.000000000000000000e+00,-0.000000000000000000e+00,-0.000000000000000000e+00,-0.000000000000000000e+00,-0.000000000000000000e+00,-2.637618726392446100e-01,-0.000000000000000000e+00,-0.000000000000000000e+00,0.000000000000000000e+00,3.563791832577679203e-02,0.000000000000000000e+00,-3.857503421820866474e-01,1.781695433646900695e-01,-0.000000000000000000e+00,0.000000000000000000e+00,-0.000000000000000000e+00,-0.000000000000000000e+00
-0.000000000000000000e+00,0.000000000000000000e+00,-5.467716309191011925e-01,-1.379446071293077558e-01,-0.000000000000000000e+00,3.349046868156477924e-02,-0.000000000000000000e+00,1.247564810414077269e-01,-0.000000000000000000e+00,-0.000000000000000000e+00,0.000000000000000000e+00,-0.000000000000000000e+00,0.000000000000000000e+00,0.000000000000000000e+00,-0.000000000000000000e+00,-1.579452325761335485e-01,1.629610954676581902e-01,-9.989906117220138659e-01,2.624658780860380514e+00,-0.000000000000000000e+00,-0.000000000000000000e+00,-0.000000000000000000e+00,-0.000000000000000000e+00,-0.000000000000000000e+00,-0.000000000000000000e+00,-0.000000000000000000e+00,-0.000000000000000000e+00,-0.000000000000000000e+00,-0.000000000000000000e+00,-0.000000000000000000e+00,-0.000000000000000000e+00,1.862326648292626785e-01,0.000000000000000000e+00,-3.518447821466325065e-01,9.615079750322295948e-02,-0.000000000000000000e+00,0.000000000000000000e+00,0.000000000000000000e+00,-0.000000000000000000e+00
-1.306976648868465873e-01,-0.000000000000000000e+00,-0.000000000000000000e+00,-0.000000000000000000e+00,-0.000000000000000000e+00,0.000000000000000000e+00,0.000000000000000000e+00,-0.000000000000000000e+00,-0.000000000000000000e+00,-0.000000000000000000e+00,-0.000000000000000000e+00,-0.000000000000000000e+00,-0.000000000000000000e+00,4.259386333437120004e-02,-0.000000000000000000e+00,-0.000000000000000000e+00,-0.000000000000000000e+00,-1.262817517392043204e-02,-0.000000000000000000e+00,1.952489487987001171e+00,-4.348071156906000989e-01,-7.012732954444774736e-01,-0.000000000000000000e+00,-0.000000000000000000e+00,-0.000000000000000000e+00,-0.000000000000000000e+00,-0.000000000000000000e+00,-3.502083264825491815e-01,-0.000000000000000000e+00,0.000000000000000000e+00,0.000000000000000000e+00,0.000000000000000000e+00,-0.000000000000000000e+00,0.000000000000000000e+00,0.000000000000000000e+00,0.000000000000000000e+00,-0.000000000000000000e+00,-0.000000000000000000e+00,-0.000000000000000000e+00
-0.000000000000000000e+00,-0.000000000000000000e+00,-0.000000000000000000e+00,-0.000000000000000000e+00,-0.000000000000000000e+00,0.000000000000000000e+00,-0.000000000000000000e+00,-0.000000000000000000e+00,-0.000000000000000000e+00,-0.000000000000000000e+00,-0.000000000000000000e+00,-5.578569817255062818e-02,-0.000000000000000000e+00,0.000000000000000000e+00,-0.000000000000000000e+00,-0.000000000000000000e+00,-0.000000000000000000e+00,-0.000000000000000000e+00,-0.000000000000000000e+00,-4.348071156906000989e-01,2.281581284825166644e+00,-5.167564274483437137e-01,-0.000000000000000000e+00,-0.000000000000000000e+00,-1.501964561377751306e-01,-0.000000000000000000e+00,-1.468407075808245664e-02,-3.502489633751971199e-01,-0.000000000000000000e+00,-0.000000000000000000e+00,-0.000000000000000000e+00,0.000000000000000000e+00,-6.350660324151926606e-01,0.000000000000000000e+00,-0.000000000000000000e+00,-0.000000000000000000e+00,-0.000000000000000000e+00,-0.000000000000000000e+00,-0.000000000000000000e+00
-1.375046249730936532e-01,-0.000000000000000000e+00,-0.000000000000000000e+00,-6.778541871015181242e-02,-0.000000000000000000e+00,-0.000000000000000000e+00,-0.000000000000000000e+00,-0.000000000000000000e+00,-0.000000000000000000e+00,-0.000000000000000000e+00,-0.000000000000000000e+00,-7.062047951576085059e-02,-1.788136859855013749e-01,0.000000000000000000e+00,-0.000000000000000000e+00,-0.000000000000000000e+00,-0.000000000000000000e+00,-0.000000000000000000e+00,-0.000000000000000000e+00,-7.012732954444774736e-01,-5.167564274483437137e-01,2.805648351224968362e+00,-3.496316356658005775e-01,-0.000000000000000000e+00,-3.465466517742956110e-01,-0.000000000000000000e+00,-0.000000000000000000e+00,-1.949413002795937211e-01,-0.000000000000000000e+00,0.000000000000000000e+00,-0.000000000000000000e+00,-0.000000000000000000e+00,-9.071040698726487439e-02,0.000000000000000000e+00,-0.000000000000000000e+00,0.000000000000000000e+00,-4.307872553557077766e-01,-0.000000000000000000e+00,-2.251100456853704843e-02
-0.000000000000000000e+00,-4.616120684059037138e-02,-0.000000000000000000e+00,-0.000000000000000000e+00,-0.000000000000000000e+00,-0.000000000000000000e+00,-0.000000000000000000e+00,0.000000000000000000e+00,-0.000000000000000000e+00,-2.775726565907652432e-01,-2.377427433761253144e-03,-0.000000000000000000e+00,-0.000000000000000000e+00,-1.176171678328292447e-01,-0.000000000000000000e+00,-1.075080088708350728e-01,-0.000000000000000000e+00,-0.000000000000000000e+00,-0.000000000000000000e+00,-0.000000000000000000e+00,-0.000000000000000000e+00,-3.496316356658005775e-01,2.468518936441262746e+00,-2.853156300993681116e-01,-6.151231139989664642e-01,-4.783207130385380007e-02,-6.448062586874026871e-03,-3.072107471779111226e-02,-0.000000000000000000e+00,-0.000000000000000000e+00,-0.000000000000000000e+00,-0.000000000000000000e+00,-4.765490706036110136e-02,-0.000000000000000000e+00,-0.000000000000000000e+00,-0.000000000000000000e+00,-5.110726347891652033e-01,-1.126416139131505428e-01,-7.519364672951463213e-02
-1.203137534198423508e-01,-2.712438071863352285e-01,-0.000000000000000000e+00,-0.000000000000000000e+00,-0.000000000000000000e+00,-0.000000000000000000e+00,-0.000000000000000000e+00,0.000000000000000000e+00,-1.138134451449393097e-01,-0.000000000000000000e+00,-0.000000000000000000e+00,-0.000000000000000000e+00,-0.000000000000000000e+00,-1.244388806429124750e-01,-0.000000000000000000e+00,-0.000000000000000000e+00,-0.000000000000000000e+00,-0.000000000000000000e+00,-0.000000000000000000e+00,-0.000000000000000000e+00,-0.000000000000000000e+00,-0.000000000000000000e+00,-2.853156300993681116e-01,1.505339255001642895e+00,-8.647537831385751494e-02,-9.441579616526817043e-02,-0.000000000000000000e+00,-0.000000000000000000e+00,-0.000000000000000000e+00,-0.000000000000000000e+00,-0.000000000000000000e+00,-0.000000000000000000e+00,-0.000000000000000000e+00,-0.000000000000000000e+00,-0.000000000000000000e+00,-0.000000000000000000e+00,-0.000000000000000000e+00,-0.000000000000000000e+00,-7.404154088347764118e-02
-2.257312924344995198e-01,-0.000000000000000000e+00,-0.000000000000000000e+00,-1.950222982782018333e-01,-0.000000000000000000e+00,-0.000000000000000000e+00,-0.000000000000000000e+00,0.000000000000000000e+00,-9.271477283913996670e-02,-5.190272665441113542e-01,-0.000000000000000000e+00,-0.000000000000000000e+00,-0.000000000000000000e+00,-0.000000000000000000e+00,-0.000000000000000000e+00,-5.481441688072467150e-02,-0.000000000000000000e+00,-0.000000000000000000e+00,-0.000000000000000000e+00,-0.000000000000000000e+00,-1.501964561377751306e-01,-3.465466517742956110e-01,-6.151231139989664642e-01,-8.647537831385751494e-02,2.751876950460658389e+00,-0.000000000000000000e+00,-0.000000000000000000e+00,-2.827575920811756793e-01,-4.151404131887868193e-02,-0.000000000000000000e+00,-0.000000000000000000e+00,-0.000000000000000000e+00,-9.472771200316901230e-02,-0.000000000000000000e+00,0.000000000000000000e+00,-0.000000000000000000e+00,-0.000000000000000000e+00,-0.000000000000000000e+00,-2.084819681009285885e-01
-1.102222785521783099e-01,-1.604271512176429215e-01,-0.000000000000000000e+00,-0.000000000000000000e+00,-0.000000000000000000e+00,-0.000000000000000000e+00,0.000000000000000000e+00,0.000000000000000000e+00,-1.538686549054293640e-01,-0.000000000000000000e+00,-0.000000000000000000e+00,-0.000000000000000000e+00,-0.000000000000000000e+00,-0.000000000000000000e+00,-0.000000000000000000e+00,-2.311317971559761486e-01,-0.000000000000000000e+00,-0.000000000000000000e+00,-0.000000000000000000e+00,-0.000000000000000000e+00,-0.000000000000000000e+00,-0.000000000000000000e+00,-4.783207130385380007e-02,-9.441579616526817043e-02,-0.000000000000000000e+00,2.032189854180441735e+00,-0.000000000000000000e+00,-0.000000000000000000e+00,-4.272826871831678086e-01,-0.000000000000000000e+00,-0.000000000000000000e+00,-0.000000000000000000e+00,-0.000000000000000000e+00,-0.000000000000000000e+00,0.000000000000000000e+00,-0.000000000000000000e+00,-0.000000000000000000e+00,-6.100603308790166768e-01,-0.000000000000000000e+00
-0.000000000000000000e+00,-0.000000000000000000e+00,-0.000000000000000000e+00,-0.000000000000000000e+00,0.000000000000000000e+00,-1.589827345599720276e-01,-0.000000000000000000e+00,0.000000000000000000e+00,-0.000000000000000000e+00,-7.739226023246825736e-02,-1.365118907663191439e-01,-0.000000000000000000e+00,-0.000000000000000000e+00,-4.482586251579377679e-02,0.000000000000000000e+00,-0.000000000000000000e+00,-0.000000000000000000e+00,-0.000000000000000000e+00,-0.000000000000000000e+00,-0.000000000000000000e+00,-1.468407075808245664e-02,-0.000000000000000000e+00,-6.448062586874026871e-03,-0.000000000000000000e+00,-0.000000000000000000e+00,-0.000000000000000000e+00,1.366859073750855469e+00,-0.000000000000000000e+00,-0.000000000000000000e+00,-0.000000000000000000e+00,-0.000000000000000000e+00,-6.603611364986462784e-02,-3.030764700353673069e-01,0.000000000000000000e+00,-0.000000000000000000e+00,-0.000000000000000000e+00,-1.704524710331782045e-01,-0.000000000000000000e+00,-0.000000000000000000e+00
-1.130855246958839128e-01,-0.000000000000000000e+00,-0.000000000000000000e+00,-3.739865554309370066e-01,-1.432368856612727392e-01,0.000000000000000000e+00,-0.000000000000000000e+00,-0.000000000000000000e+00,-8.264398946558691728e-02,-0.000000000000000000e+00,0.000000000000000000e+00,-2.261438669267757384e-01,-0.000000000000000000e+00,-0.000000000000000000e+00,-1.155211995192509250e-01,-2.375312329081394058e-01,0.000000000000000000e+00,-2.637618726392446100e-01,-0.000000000000000000e+00,-3.502083264825491815e-01,-3.502489633751971199e-01,-1.949413002795937211e-01,-3.072107471779111226e-02,-0.000000000000000000e+00,-2.827575920811756793e-01,-0.000000000000000000e+00,-0.000000000000000000e+00,2.609478788212544753e+00,-9.971185784755605408e-02,-0.000000000000000000e+00,-0.000000000000000000e+00,0.000000000000000000e+00,-1.840338318236311443e-01,-0.000000000000000000e+00,0.000000000000000000e+00,-0.000000000000000000e+00,-0.000000000000000000e+00,-0.000000000000000000e+00,-0.000000000000000000e+00
-4.621529092644330317e-01,-2.090740271473440492e-01,-0.000000000000000000e+00,-0.000000000000000000e+00,-0.000000000000000000e+00,0.000000000000000000e+00,0.000000000000000000e+00,0.000000000000000000e+00,-0.000000000000000000e+00,-0.000000000000000000e+00,-0.000000000000000000e+00,-1.395377147253527572e-01,-0.000000000000000000e+00,-7.968567944846955201e-03,-0.000000000000000000e+00,-0.000000000000000000e+00,-0.000000000000000000e+00,-0.000000000000000000e+00,-0.000000000000000000e+00,-0.000000000000000000e+00,-0.000000000000000000e+00,-0.000000000000000000e+00,-0.000000000000000000e+00,-0.000000000000000000e+00,-4.151404131887868193e-02,-4.272826871831678086e-01,-0.000000000000000000e+00,-9.971185784755605408e-02,2.094187624575542195e+00,-7.836651266442572206e-02,-0.000000000000000000e+00,-0.000000000000000000e+00,-2.261230255692876778e-01,-0.000000000000000000e+00,0.000000000000000000e+00,-3.901023969656487733e-02,-0.000000000000000000e+00,-2.774953260282836398e-01,-5.325936273394804576e-02
-1.052013526142256544e-01,-8.791547403021796742e-03,-3.395122225880059519e-02,-0.000000000000000000e+00,-0.000000000000000000e+00,-0.000000000000000000e+00,-0.000000000000000000e+00,2.580576076799595553e-01,-3.397596947957327029e-01,-5.836657853045661148e-02,0.000000000000000000e+00,-0.000000000000000000e+00,0.000000000000000000e+00,-3.042856121889782606e-01,-0.000000000000000000e+00,-2.251792198544492474e-01,0.000000000000000000e+00,-0.000000000000000000e+00,-0.000000000000000000e+00,0.000000000000000000e+00,-0.000000000000000000e+00,0.000000000000000000e+00,-0.000000000000000000e+00,-0.000000000000000000e+00,-0.000000000000000000e+00,-0.000000000000000000e+00,-0.000000000000000000e+00,-0.000000000000000000e+00,-7.836651266442572206e-02,1.699100139048266289e+00,-0.000000000000000000e+00,-0.000000000000000000e+00,-0.000000000000000000e+00,-0.000000000000000000e+00,-0.000000000000000000e+00,-1.675762084630306736e-01,-0.000000000000000000e+00,-0.000000000000000000e+00,-0.000000000000000000e+00
-0.000000000000000000e+00,-1.731680866671402377e-02,-7.777263284326726978e-02,-0.000000000000000000e+00,0.000000000000000000e+00,-0.000000000000000000e+00,-1.287672842790215655e-01,8.413640198381402979e-02,0.000000000000000000e+00,-1.422845381639647674e-02,-0.000000000000000000e+00,0.000000000000000000e+00,5.087781593118717582e-01,-0.000000000000000000e+00,0.000000000000000000e+00,-0.000000000000000000e+00,-0.000000000000000000e+00,0.000000000000000000e+00,-0.000000000000000000e+00,0.000000000000000000e+00,-0.000000000000000000e+00,-0.000000000000000000e+00,-0.000000000000000000e+00,-0.000000000000000000e+00,-0.000000000000000000e+00,-0.000000000000000000e+00,-0.000000000000000000e+00,-0.000000000000000000e+00,-0.000000000000000000e+00,-0.000000000000000000e+00,1.251068405509204284e+00,-8.240887538576656055e-03,-0.000000000000000000e+00,-0.000000000000000000e+00,0.000000000000000000e+00,-0.000000000000000000e+00,-0.000000000000000000e+00,-0.000000000000000000e+00,-0.000000000000000000e+00
0.000000000000000000e+00,-2.028621118718431093e-01,0.000000000000000000e+00,0.000000000000000000e+00,0.000000000000000000e+00,-3.549579529044680215e-01,-3.306220516471702984e-03,0.000000000000000000e+00,0.000000000000000000e+00,-0.000000000000000000e+00,-6.108039547922853307e-01,0.000000000000000000e+00,-0.000000000000000000e+00,-2.610697891259087244e-01,9.981718234671649315e-02,0.000000000000000000e+00,-6.032270257245451184e-01,3.563791832577679203e-02,1.862326648292626785e-01,0.000000000000000000e+00,0.000000000000000000e+00,-0.000000000000000000e+00,-0.000000000000000000e+00,-0.000000000000000000e+00,-0.000000000000000000e+00,-0.000000000000000000e+00,-6.603611364986462784e-02,0.000000000000000000e+00,-0.000000000000000000e+00,-0.000000000000000000e+00,-8.240887538576656055e-03,2.345851999919613018e+00,-0.000000000000000000e+00,0.000000000000000000e+00,-1.657650771445489668e-01,0.000000000000000000e+00,-3.894145764541984134e-02,-0.000000000000000000e+00,-0.000000000000000000e+00
-0.000000000000000000e+00,-0.000000000000000000e+00,-0.000000000000000000e+00,-0.000000000000000000e+00,-0.000000000000000000e+00,-0.000000000000000000e+00,-0.000000000000000000e+00,-0.000000000000000000e+00,-0.000000000000000000e+00,-0.000000000000000000e+00,-5.137440040662567819e-02,-0.000000000000000000e+00,-5.259646490238335803e-02,-2.702629069297327047e-02,-0.000000000000000000e+00,-0.000000000000000000e+00,-1.254733164629800723e-01,0.000000000000000000e+00,0.000000000000000000e+00,-0.000000000000000000e+00,-6.350660324151926606e-01,-9.071040698726487439e-02,-4.765490706036110136e-02,-0.000000000000000000e+00,-9.472771200316901230e-02,-0.000000000000000000e+00,-3.030764700353673069e-01,-1.840338318236311443e-01,-2.261230255692876778e-01,-0.000000000000000000e+00,-0.000000000000000000e+00,-0.000000000000000000e+00,2.102640222987204321e+00,0.000000000000000000e+00,-1.976283367764687660e-02,0.000000000000000000e+00,-3.544182162502205191e-01,-0.000000000000000000e+00,-0.000000000000000000e+00
-0.000000000000000000e+00,-0.000000000000000000e+00,-1.658497042418949075e-01,0.000000000000000000e+00,-1.164135297990202683e-01,0.000000000000000000e+00,0.000000000000000000e+00,2.766637774685729578e-01,-1.058998318159169033e-01,-0.000000000000000000e+00,7.944347954302075077e-02,-0.000000000000000000e+00,0.000000000000000000e+00,-0.000000000000000000e+00,-2.405448986881547971e-02,-0.000000000000000000e+00,4.107105747264440110e-01,-3.857503421820866474e-01,-3.518447821466325065e-01,0.000000000000000000e+00,0.000000000000000000e+00,0.000000000000000000e+00,-0.000000000000000000e+00,-0.000000000000000000e+00,-0.000000000000000000e+00,-0.000000000000000000e+00,0.000000000000000000e+00,-0.000000000000000000e+00,-0.000000000000000000e+00,-0.000000000000000000e+00,-0.000000000000000000e+00,0.000000000000000000e+00,0.000000000000000000e+00,2.136205596606174595e+00,4.543743912079113018e-02,-3.357292951398364034e-01,0.000000000000000000e+00,-0.000000000000000000e+00,-0.000000000000000000e+00
0.000000000000000000e+00,0.000000000000000000e+00,0.000000000000000000e+00,0.000000000000000000e+00,0.000000000000000000e+00,-5.243206766855795786e-01,-0.000000000000000000e+00,-0.000000000000000000e+00,0.000000000000000000e+00,-0.000000000000000000e+00,-9.864535172045063582e-02,0.000000000000000000e+00,-1.851716742667529614e-01,-5.885038412121152557e-02,0.000000000000000000e+00,0.000000000000000000e+00,-3.880321860265138478e-01,1.781695433646900695e-01,9.615079750322295948e-02,0.000000000000000000e+00,-0.000000000000000000e+00,-0.000000000000000000e+00,-0.000000000000000000e+00,-0.000000000000000000e+00,0.000000000000000000e+00,0.000000000000000000e+00,-0.000000000000000000e+00,0.000000000000000000e+00,0.000000000000000000e+00,-0.000000000000000000e+00,0.000000000000000000e+00,-1.657650771445489668e-01,-1.976283367764687660e-02,4.543743912079113018e-02,2.239225576894133596e+00,3.328869679900524625e-01,-4.535794477094400867e-01,0.000000000000000000e+00,0.000000000000000000e+00
-4.080456746456170847e-02,-3.583419698577801626e-01,-0.000000000000000000e+00,-0.000000000000000000e+00,-0.000000000000000000e+00,0.000000000000000000e+00,0.000000000000000000e+00,0.000000000000000000e+00,-5.891194370708224132e-02,-0.000000000000000000e+00,0.000000000000000000e+00,-2.169195229308771566e-01,0.000000000000000000e+00,-0.000000000000000000e+00,-3.091883197185176305e-03,-3.825259015153643222e-02,0.000000000000000000e+00,-0.000000000000000000e+00,-0.000000000000000000e+00,0.000000000000000000e+00,-0.000000000000000000e+00,0.000000000000000000e+00,-0.000000000000000000e+00,-0.000000000000000000e+00,-0.000000000000000000e+00,-0.000000000000000000e+00,-0.000000000000000000e+00,-0.000000000000000000e+00,-3.901023969656487733e-02,-1.675762084630306736e-01,-0.000000000000000000e+00,0.000000000000000000e+00,0.000000000000000000e+00,-3.357292951398364034e-01,3.328869679900524625e-01,1.651740571684323200e+00,0.000000000000000000e+00,-0.000000000000000000e+00,-1.130654478835023957e-01
-0.000000000000000000e+00,-0.000000000000000000e+00,0.000000000000000000e+00,-0.000000000000000000e+00,-0.000000000000000000e+00,-2.857794837373924257e-01,-0.000000000000000000e+00,0.000000000000000000e+00,-0.000000000000000000e+00,-0.000000000000000000e+00,-4.603045967355302026e-01,0.000000000000000000e+00,-4.833688170444989662e-01,-0.000000000000000000e+00,0.000000000000000000e+00,-0.000000000000000000e+00,-1.193177203570159189e-01,0.000000000000000000e+00,0.000000000000000000e+00,-0.000000000000000000e+00,-0.000000000000000000e+00,-4.307872553557077766e-01,-5.110726347891652033e-01,-0.000000000000000000e+00,-0.000000000000000000e+00,-0.000000000000000000e+00,-1.704524710331782045e-01,-0.000000000000000000e+00,-0.000000000000000000e+00,-0.000000000000000000e+00,-0.000000000000000000e+00,-3.894145764541984134e-02,-3.544182162502205191e-01,0.000000000000000000e+00,-4.535794477094400867e-01,0.000000000000000000e+00,2.769396492188582748e+00,-0.000000000000000000e+00,-0.000000000000000000e+00
-3.173045070632489473e-02,-1.899555994466760878e-01,-0.000000000000000000e+00,-0.000000000000000000e+00,-0.000000000000000000e+00,-0.000000000000000000e+00,0.000000000000000000e+00,0.000000000000000000e+00,-8.342988520234161098e-02,-3.827555816270434424e-02,-0.000000000000000000e+00,-0.000000000000000000e+00,-0.000000000000000000e+00,-8.040395068189733901e-03,-1.186137707359533888e-01,-2.596407655504001100e-01,-0.000000000000000000e+00,-0.000000000000000000e+00,0.000000000000000000e+00,-0.000000000000000000e+00,-0.000000000000000000e+00,-0.000000000000000000e+00,-1.126416139131505428e-01,-0.000000000000000000e+00,-0.000000000000000000e+00,-6.100603308790166768e-01,-0.000000000000000000e+00,-0.000000000000000000e+00,-2.774953260282836398e-01,-0.000000000000000000e+00,-0.000000000000000000e+00,-0.000000000000000000e+00,-0.000000000000000000e+00,-0.000000000000000000e+00,0.000000000000000000e+00,-0.000000000000000000e+00,-0.000000000000000000e+00,2.262472547040771609e+00,-4.855326371648916450e-01
-2.135804484257709801e-01,-3.187450064688941986e-01,-0.000000000000000000e+00,-0.000000000000000000e+00,-0.000000000000000000e+00,-0.000000000000000000e+00,0.000000000000000000e+00,0.000000000000000000e+00,-1.700688147497380343e-01,-3.975410426024451604e-01,-0.000000000000000000e+00,-2.307770577279136814e-01,-0.000000000000000000e+00,-0.000000000000000000e+00,-0.000000000000000000e+00,-0.000000000000000000e+00,-0.000000000000000000e+00,-0.000000000000000000e+00,-0.000000000000000000e+00,-0.000000000000000000e+00,-0.000000000000000000e+00,-2.251100456853704843e-02,-7.519364672951463213e-02,-7.404154088347764118e-02,-2.084819681009285885e-01,-0.000000000000000000e+00,-0.000000000000000000e+00,-0.000000000000000000e+00,-5.325936273394804576e-02,-0.000000000000000000e+00,-0.000000000000000000e+00,-0.000000000000000000e+00,-0.000000000000000000e+00,-0.000000000000000000e+00,0.000000000000000000e+00,-1.130654478835023957e-01,-0.000000000000000000e+00,-4.855326371648916450e-01,2.311857563398943327e+00
