1.947374935760520342e+00,-2.310655793673476455e-01,-9.224509797041643283e-03,0.000000000000000000e+00,-0.000000000000000000e+00,-0.000000000000000000e+00,-0.000000000000000000e+00,0.000000000000000000e+00,0.000000000000000000e+00,-1.879051923252443301e-01,0.000000000000000000e+00,-0.000000000000000000e+00,-0.000000000000000000e+00,-0.000000000000000000e+00,0.000000000000000000e+00,-3.641698287389946720e-01,-4.073301834436748869e-02,0.000000000000000000e+00,-0.000000000000000000e+00,-0.000000000000000000e+00,-3.656718658741031636e-02,-0.000000000000000000e+00,0.000000000000000000e+00,-9.849913738037693878e-02,-0.000000000000000000e+00,-2.183045784447437687e-01,-0.000000000000000000e+00,-1.990497518928548426e-01,-2.463955621930177461e-02,-2.612942675141398663e-01,-1.194475017566259401e-01,-0.000000000000000000e+00,-8.677587744930316538e-02,0.000000000000000000e+00,-0.000000000000000000e+00,-0.000000000000000000e+00,-0.000000000000000000e+00,0.000000000000000000e+00,0.000000000000000000e+00
-2.310655793673476455e-01,1.755186573627779190e+00,-0.000000000000000000e+00,7.705036596748307542e-02,-0.000000000000000000e+00,-0.000000000000000000e+00,-0.000000000000000000e+00,2.352387512091350108e-02,0.000000000000000000e+00,-1.550287586560663289e-01,-0.000000000000000000e+00,-0.000000000000000000e+00,-0.000000000000000000e+00,-0.000000000000000000e+00,0.000000000000000000e+00,-0.000000000000000000e+00,-1.047642051591077261e-01,4.736633042004415213e-03,4.927180744138825313e-02,-0.000000000000000000e+00,-0.000000000000000000e+00,-0.000000000000000000e+00,-0.000000000000000000e+00,-0.000000000000000000e+00,-0.000000000000000000e+00,-0.000000000000000000e+00,-4.509988302794222526e-02,-0.000000000000000000e+00,-3.397383207750724332e-01,-4.063396150402078244e-01,-3.723430416608462107e-02,-2.192334070105921712e-02,-0.000000000000000000e+00,0.000000000000000000e+00,-0.000000000000000000e+00,-0.000000000000000000e+00,-2.547295285655999941e-01,0.000000000000000000e+00,0.000000000000000000e+00
-9.224509797041643283e-03,-0.000000000000000000e+00,2.265370572488321965e+00,0.000000000000000000e+00,-4.464048605263533642e-01,-0.000000000000000000e+00,-0.000000000000000000e+00,1.065117248238322656e+00,-0.000000000000000000e+00,-2.660540841143529400e-01,-0.000000000000000000e+00,-0.000000000000000000e+00,-0.000000000000000000e+00,-0.000000000000000000e+00,-0.000000000000000000e+00,-1.437189083769360720e-01,-1.234962743470801455e-02,1.233030978329258641e-02,0.000000000000000000e+00,-0.000000000000000000e+00,-1.698385063731432665e-01,-0.000000000000000000e+00,-0.000000000000000000e+00,-0.000000000000000000e+00,-0.000000000000000000e+00,-0.000000000000000000e+00,-0.000000000000000000e+00,-0.000000000000000000e+00,-1.015508445160264728e-01,-0.000000000000000000e+00,-0.000000000000000000e+00,-1.159210328460921757e-02,-3.235205151332201656e-03,-0.000000000000000000e+00,-0.000000000000000000e+00,-4.346215667951280892e-02,-5.947077371798603629e-02,-0.000000000000000000e+00,-0.000000000000000000e+00
0.000000000000000000e+00,7.705036596748307542e-02,0.000000000000000000e+00,1.876572506077678337e+00,0.000000000000000000e+00,1.557315322740587538e-01,0.000000000000000000e+00,-0.000000000000000000e+00,-1.098829257190772624e-01,0.000000000000000000e+00,-0.000000000000000000e+00,0.000000000000000000e+00,-0.000000000000000000e+00,-0.000000000000000000e+00,-0.000000000000000000e+00,8.120867753953553425e-02,0.000000000000000000e+00,-3.084503928131047124e-01,-0.000000000000000000e+00,0.000000000000000000e+00,1.796676052113987607e-02,0.000000000000000000e+00,-2.146762023997117116e-02,0.000000000000000000e+00,-0.000000000000000000e+00,1.088734554795660336e-01,3.575735949038476302e-02,2.198675719520561123e-02,7.672191934806762981e-02,0.000000000000000000e+00,3.386447578364800703e-01,0.000000000000000000e+00,2.445341754663850897e-01,-0.000000000000000000e+00,2.441567466830908140e-01,0.000000000000000000e+00,0.000000000000000000e+00,-0.000000000000000000e+00,-7.921684332491803204e-03
-0.000000000000000000e+00,-0.000000000000000000e+00,-4.464048605263533642e-01,0.000000000000000000e+00,2.392842954950939127e+00,-0.000000000000000000e+00,0.000000000000000000e+00,5.200757403534839174e-01,-0.000000000000000000e+00,-0.000000000000000000e+00,-0.000000000000000000e+00,0.000000000000000000e+00,-7.674621328481642801e-02,-5.099410113084689167e-01,-0.000000000000000000e+00,-0.000000000000000000e+00,-0.000000000000000000e+00,0.000000000000000000e+00,0.000000000000000000e+00,0.000000000000000000e+00,-0.000000000000000000e+00,0.000000000000000000e+00,-1.205547744257357973e-01,-9.396248611027797903e-02,-0.000000000000000000e+00,-0.000000000000000000e+00,-0.000000000000000000e+00,0.000000000000000000e+00,-0.000000000000000000e+00,-0.000000000000000000e+00,-0.000000000000000000e+00,-1.315958592284703355e-01,-0.000000000000000000e+00,-5.032993369680019979e-01,0.000000000000000000e+00,-1.453997431704241172e-01,-2.183284761028275178e-01,-0.000000000000000000e+00,-0.000000000000000000e+00
-0.000000000000000000e+00,-0.000000000000000000e+00,-0.000000000000000000e+00,1.557315322740587538e-01,-0.000000000000000000e+00,1.367433799460636479e+00,-0.000000000000000000e+00,0.000000000000000000e+00,0.000000000000000000e+00,-0.000000000000000000e+00,-0.000000000000000000e+00,-0.000000000000000000e+00,-0.000000000000000000e+00,-0.000000000000000000e+00,-0.000000000000000000e+00,-0.000000000000000000e+00,-2.090797574480935950e-01,0.000000000000000000e+00,1.431818889569931030e-01,-0.000000000000000000e+00,-0.000000000000000000e+00,-0.000000000000000000e+00,0.000000000000000000e+00,-0.000000000000000000e+00,0.000000000000000000e+00,-0.000000000000000000e+00,-1.345703066380214974e-01,-0.000000000000000000e+00,-2.665390276863060515e-01,-0.000000000000000000e+00,-1.121663811387174289e-02,-1.917934924394234519e-01,-0.000000000000000000e+00,0.000000000000000000e+00,-0.000000000000000000e+00,-5.481674350869525369e-02,-0.000000000000000000e+00,0.000000000000000000e+00,0.000000000000000000e+00
-0.000000000000000000e+00,-0.000000000000000000e+00,-0.000000000000000000e+00,0.000000000000000000e+00,0.000000000000000000e+00,-0.000000000000000000e+00,1.443270283387718900e+00,0.000000000000000000e+00,0.000000000000000000e+00,-0.000000000000000000e+00,0.000000000000000000e+00,-0.000000000000000000e+00,0.000000000000000000e+00,0.000000000000000000e+00,3.668055150108210372e-01,-0.000000000000000000e+00,-0.000000000000000000e+00,0.000000000000000000e+00,-0.000000000000000000e+00,-1.770766164619898553e-01,-1.069375372175517631e-03,-3.064136846893004140e-01,0.000000000000000000e+00,-0.000000000000000000e+00,0.000000000000000000e+00,-0.000000000000000000e+00,-0.000000000000000000e+00,-6.587613472325125341e-02,-0.000000000000000000e+00,-0.000000000000000000e+00,-0.000000000000000000e+00,0.000000000000000000e+00,-5.663066093653511962e-02,1.897946127906506228e-02,-0.000000000000000000e+00,0.000000000000000000e+00,0.000000000000000000e+00,4.449948852208220063e-02,0.000000000000000000e+00
0.000000000000000000e+00,2.352387512091350108e-02,1.065117248238322656e+00,-0.000000000000000000e+00,5.200757403534839174e-01,0.000000000000000000e+00,0.000000000000000000e+00,2.164299686821951063e+00,0.000000000000000000e+00,1.470592379698690555e-01,0.000000000000000000e+00,-0.000000000000000000e+00,0.000000000000000000e+00,0.000000000000000000e+00,0.000000000000000000e+00,0.000000000000000000e+00,0.000000000000000000e+00,-1.079977247795029793e-01,-0.000000000000000000e+00,0.000000000000000000e+00,0.000000000000000000e+00,0.000000000000000000e+00,0.000000000000000000e+00,0.000000000000000000e+00,0.000000000000000000e+00,0.000000000000000000e+00,0.000000000000000000e+00,0.000000000000000000e+00,1.917141743438951704e-02,0.000000000000000000e+00,0.000000000000000000e+00,8.576788686957061147e-02,0.000000000000000000e+00,0.000000000000000000e+00,0.000000000000000000e+00,7.847269201440862374e-02,0.000000000000000000e+00,0.000000000000000000e+00,0.000000000000000000e+00
0.000000000000000000e+00,0.000000000000000000e+00,-0.000000000000000000e+00,-1.098829257190772624e-01,-0.000000000000000000e+00,0.000000000000000000e+00,0.000000000000000000e+00,0.000000000000000000e+00,2.697332426629808655e+00,0.000000000000000000e+00,-0.000000000000000000e+00,1.925482734828231346e-01,-7.415888441276129173e-03,-1.517959560265880192e-01,-9.410500699771799649e-02,0.000000000000000000e+00,0.000000000000000000e+00,-0.000000000000000000e+00,-0.000000000000000000e+00,1.200340335366122391e-01,8.340692859716189109e-03,1.296389729883711817e-01,-3.118933858893623845e-01,-0.000000000000000000e+00,-0.000000000000000000e+00,0.000000000000000000e+00,0.000000000000000000e+00,1.395914224640366075e-01,0.000000000000000000e+00,0.000000000000000000e+00,3.895007534753920642e-03,-0.000000000000000000e+00,0.000000000000000000e+00,-4.001081158544768090e-01,3.966431723479529325e-01,-0.000000000000000000e+00,-0.000000000000000000e+00,-4.222286728005170686e-01,-4.849563540839271769e-01
-1.879051923252443301e-01,-1.550287586560663289e-01,-2.660540841143529400e-01,0.000000000000000000e+00,-0.000000000000000000e+00,-0.000000000000000000e+00,-0.000000000000000000e+00,1.470592379698690555e-01,0.000000000000000000e+00,1.973749392670146374e+00,-0.000000000000000000e+00,-0.000000000000000000e+00,-0.000000000000000000e+00,-0.000000000000000000e+00,0.000000000000000000e+00,-5.191681325199135610e-01,-8.294183873432424414e-02,0.000000000000000000e+00,0.000000000000000000e+00,-0.000000000000000000e+00,-1.041821860707118075e-01,-5.411492816527505717e-02,-0.000000000000000000e+00,-0.000000000000000000e+00,-0.000000000000000000e+00,-0.000000000000000000e+00,-0.000000000000000000e+00,-0.000000000000000000e+00,-1.798715442525953764e-02,-3.684840860123732575e-01,-0.000000000000000000e+00,-0.000000000000000000e+00,-2.517810868606937258e-02,-0.000000000000000000e+00,-0.000000000000000000e+00,-0.000000000000000000e+00,-0.000000000000000000e+00,0.000000000000000000e+00,0.000000000000000000e+00
0.000000000000000000e+00,-0.000000000000000000e+00,-0.000000000000000000e+00,-0.000000000000000000e+00,-0.000000000000000000e+00,-0.000000000000000000e+00,0.000000000000000000e+00,0.000000000000000000e+00,-0.000000000000000000e+00,-0.000000000000000000e+00,1.314462139384675821e+00,0.000000000000000000e+00,-1.249339599987209087e-01,-2.103753853445132840e-02,-0.000000000000000000e+00,0.000000000000000000e+00,-5.868118771248367338e-01,-0.000000000000000000e+00,0.000000000000000000e+00,0.000000000000000000e+00,0.000000000000000000e+00,0.000000000000000000e+00,-0.000000000000000000e+00,-0.000000000000000000e+00,-0.000000000000000000e+00,0.000000000000000000e+00,0.000000000000000000e+00,0.000000000000000000e+00,-0.000000000000000000e+00,-0.000000000000000000e+00,0.000000000000000000e+00,-0.000000000000000000e+00,0.000000000000000000e+00,-0.000000000000000000e+00,0.000000000000000000e+00,-0.000000000000000000e+00,-8.765885178552373924e-02,-0.000000000000000000e+00,-0.000000000000000000e+00
-0.000000000000000000e+00,-0.000000000000000000e+00,-0.000000000000000000e+00,0.000000000000000000e+00,0.000000000000000000e+00,-0.000000000000000000e+00,-0.000000000000000000e+00,-0.000000000000000000e+00,1.925482734828231346e-01,-0.000000000000000000e+00,0.000000000000000000e+00,1.623096347487814173e+00,0.000000000000000000e+00,0.000000000000000000e+00,0.000000000000000000e+00,-0.000000000000000000e+00,-0.000000000000000000e+00,0.000000000000000000e+00,-0.000000000000000000e+00,-1.345028128063580353e-01,-0.000000000000000000e+00,-2.690086487279049754e-01,0.000000000000000000e+00,-0.000000000000000000e+00,0.000000000000000000e+00,-1.559256107562407290e-01,-1.061298368826174218e-02,-1.758475736460660410e-01,-0.000000000000000000e+00,-0.000000000000000000e+00,-1.159113318098436707e-01,0.000000000000000000e+00,-3.129692643676578595e-02,4.857254014802250136e-02,-5.557622898637087916e-02,0.000000000000000000e+00,0.000000000000000000e+00,0.000000000000000000e+00,1.290981221920005084e-01
-0.000000000000000000e+00,-0.000000000000000000e+00,-0.000000000000000000e+00,-0.000000000000000000e+00,-7.674621328481642801e-02,-0.000000000000000000e+00,0.000000000000000000e+00,0.000000000000000000e+00,-7.415888441276129173e-03,-0.000000000000000000e+00,-1.249339599987209087e-01,0.000000000000000000e+00,1.448912636347558625e+00,-2.385236035252819575e-01,-1.510841065222398028e-01,0.000000000000000000e+00,-0.000000000000000000e+00,-0.000000000000000000e+00,-0.000000000000000000e+00,0.000000000000000000e+00,0.000000000000000000e+00,0.000000000000000000e+00,-1.948986919575219079e-01,-0.000000000000000000e+00,-0.000000000000000000e+00,0.000000000000000000e+00,-0.000000000000000000e+00,0.000000000000000000e+00,-0.000000000000000000e+00,0.000000000000000000e+00,0.000000000000000000e+00,-4.177375886092617868e-02,0.000000000000000000e+00,-0.000000000000000000e+00,0.000000000000000000e+00,-1.837870524520347493e-01,-0.000000000000000000e+00,-9.544521419560911268e-02,-1.387821801644948394e-01
-0.000000000000000000e+00,-0.000000000000000000e+00,-0.000000000000000000e+00,-0.000000000000000000e+00,-5.099410113084689167e-01,-0.000000000000000000e+00,0.000000000000000000e+00,0.000000000000000000e+00,-1.517959560265880192e-01,-0.000000000000000000e+00,-2.103753853445132840e-02,0.000000000000000000e+00,-2.385236035252819575e-01,2.123197567249110129e+00,-1.255645201298103419e-01,0.000000000000000000e+00,-0.000000000000000000e+00,-0.000000000000000000e+00,0.000000000000000000e+00,0.000000000000000000e+00,0.000000000000000000e+00,0.000000000000000000e+00,-1.052430893756099994e-01,-2.084869799199221829e-01,-0.000000000000000000e+00,0.000000000000000000e+00,-0.000000000000000000e+00,0.000000000000000000e+00,-0.000000000000000000e+00,0.000000000000000000e+00,0.000000000000000000e+00,-2.620394596549828758e-01,0.000000000000000000e+00,-2.732587610466201133e-01,0.000000000000000000e+00,-1.772018927114256126e-01,-1.251843815464439014e-01,-9.695868637432103476e-02,-1.285259894646122170e-01
0.000000000000000000e+00,0.000000000000000000e+00,-0.000000000000000000e+00,-0.000000000000000000e+00,-0.000000000000000000e+00,-0.000000000000000000e+00,3.668055150108210372e-01,0.000000000000000000e+00,-9.410500699771799649e-02,0.000000000000000000e+00,-0.000000000000000000e+00,0.000000000000000000e+00,-1.510841065222398028e-01,-1.255645201298103419e-01,1.725961850560677524e+00,0.000000000000000000e+00,0.000000000000000000e+00,-0.000000000000000000e+00,0.000000000000000000e+00,2.148315320432708231e-01,0.000000000000000000e+00,3.176875641639662767e-02,-0.000000000000000000e+00,-0.000000000000000000e+00,-0.000000000000000000e+00,0.000000000000000000e+00,-0.000000000000000000e+00,1.618334872803924756e-03,-0.000000000000000000e+00,0.000000000000000000e+00,0.000000000000000000e+00,-1.277712453651877744e-01,0.000000000000000000e+00,-1.282249783328150705e-01,7.306368196407721227e-02,-6.315044872511722807e-02,-4.156504147163379848e-02,-1.831065226400264978e-01,-1.465660735147459315e-01
-3.641698287389946720e-01,-0.000000000000000000e+00,-1.437189083769360720e-01,8.120867753953553425e-02,-0.000000000000000000e+00,-0.000000000000000000e+00,-0.000000000000000000e+00,0.000000000000000000e+00,0.000000000000000000e+00,-5.191681325199135610e-01,0.000000000000000000e+00,-0.000000000000000000e+00,0.000000000000000000e+00,0.000000000000000000e+00,0.000000000000000000e+00,2.613277569113900078e+00,-0.000000000000000000e+00,3.972935573709727303e-02,0.000000000000000000e+00,-0.000000000000000000e+00,-2.488255892916871326e-01,-1.391563063850280446e-01,0.000000000000000000e+00,-0.000000000000000000e+00,-0.000000000000000000e+00,-2.144581257165291133e-01,-0.000000000000000000e+00,-9.959166048125864257e-02,-5.894273211830207415e-02,-2.824238064684817529e-01,-1.612518183031093899e-01,-0.000000000000000000e+00,-3.447448372895604574e-01,0.000000000000000000e+00,-9.950812042624063158e-02,-0.000000000000000000e+00,-0.000000000000000000e+00,0.000000000000000000e+00,0.000000000000000000e+00
-4.073301834436748869e-02,-1.047642051591077261e-01,-1.234962743470801455e-02,0.000000000000000000e+00,-0.000000000000000000e+00,-2.090797574480935950e-01,-0.000000000000000000e+00,0.000000000000000000e+00,0.000000000000000000e+00,-8.294183873432424414e-02,-5.868118771248367338e-01,-0.000000000000000000e+00,-0.000000000000000000e+00,-0.000000000000000000e+00,0.000000000000000000e+00,-0.000000000000000000e+00,1.524259669297653774e+00,0.000000000000000000e+00,0.000000000000000000e+00,-0.000000000000000000e+00,-0.000000000000000000e+00,-0.000000000000000000e+00,-0.000000000000000000e+00,-1.071742481942711267e-01,-0.000000000000000000e+00,-0.000000000000000000e+00,-0.000000000000000000e+00,-0.000000000000000000e+00,-1.855516515172466463e-01,-9.917109991621374243e-02,-0.000000000000000000e+00,-0.000000000000000000e+00,-0.000000000000000000e+00,0.000000000000000000e+00,-0.000000000000000000e+00,-0.000000000000000000e+00,-0.000000000000000000e+00,-0.000000000000000000e+00,0.000000000000000000e+00
0.000000000000000000e+00,4.736633042004415213e-03,1.233030978329258641e-02,-3.084503928131047124e-01,0.000000000000000000e+00,0.000000000000000000e+00,0.000000000000000000e+00,-1.079977247795029793e-01,-0.000000000000000000e+00,0.000000000000000000e+00,-0.000000000000000000e+00,0.000000000000000000e+00,-0.000000000000000000e+00,-0.000000000000000000e+00,-0.000000000000000000e+00,3.972935573709727303e-02,0.000000000000000000e+00,1.312909357781923081e+00,-1.402935799571294329e-01,0.000000000000000000e+00,7.856557893318809327e-02,0.000000000000000000e+00,-0.000000000000000000e+00,-0.000000000000000000e+00,-0.000000000000000000e+00,0.000000000000000000e+00,0.000000000000000000e+00,0.000000000000000000e+00,4.248170241921545021e-02,4.032153506166285400e-02,0.000000000000000000e+00,0.000000000000000000e+00,0.000000000000000000e+00,-0.000000000000000000e+00,1.819787596551272757e-01,0.000000000000000000e+00,0.000000000000000000e+00,-0.000000000000000000e+00,-0.000000000000000000e+00
-0.000000000000000000e+00,4.927180744138825313e-02,0.000000000000000000e+00,-0.000000000000000000e+00,0.000000000000000000e+00,1.431818889569931030e-01,-0.000000000000000000e+00,-0.000000000000000000e+00,-0.000000000000000000e+00,0.000000000000000000e+00,0.000000000000000000e+00,-0.000000000000000000e+00,-0.000000000000000000e+00,0.000000000000000000e+00,0.000000000000000000e+00,0.000000000000000000e+00,0.000000000000000000e+00,-1.402935799571294329e-01,1.116972644880829257e+00,-0.000000000000000000e+00,0.000000000000000000e+00,-0.000000000000000000e+00,-0.000000000000000000e+00,-0.000000000000000000e+00,-0.000000000000000000e+00,0.000000000000000000e+00,1.291733194489546321e-01,-0.000000000000000000e+00,0.000000000000000000e+00,0.000000000000000000e+00,0.000000000000000000e+00,8.959097092727946743e-02,0.000000000000000000e+00,-0.000000000000000000e+00,0.000000000000000000e+00,1.314746929926536960e-02,0.000000000000000000e+00,-0.000000000000000000e+00,-0.000000000000000000e+00
-0.000000000000000000e+00,-0.000000000000000000e+00,-0.000000000000000000e+00,0.000000000000000000e+00,0.000000000000000000e+00,-0.000000000000000000e+00,-1.770766164619898553e-01,0.000000000000000000e+00,1.200340335366122391e-01,-0.000000000000000000e+00,0.000000000000000000e+00,-1.345028128063580353e-01,0.000000000000000000e+00,0.000000000000000000e+00,2.148315320432708231e-01,-0.000000000000000000e+00,-0.000000000000000000e+00,0.000000000000000000e+00,-0.000000000000000000e+00,2.068623867166018648e+00,-1.564151457978890380e-01,-2.597641977458866602e-01,0.000000000000000000e+00,-0.000000000000000000e+00,0.000000000000000000e+00,-0.000000000000000000e+00,-0.000000000000000000e+00,-3.158533432322835899e-01,-0.000000000000000000e+00,-0.000000000000000000e+00,-0.000000000000000000e+00,0.000000000000000000e+00,-1.227090648557841723e-01,0.000000000000000000e+00,-1.144266960677286088e-01,0.000000000000000000e+00,0.000000000000000000e+00,1.604957060165109473e-01,2.549237103316246422e-01
-3.656718658741031636e-02,-0.000000000000000000e+00,-1.698385063731432665e-01,1.796676052113987607e-02,-0.000000000000000000e+00,-0.000000000000000000e+00,-1.069375372175517631e-03,0.000000000000000000e+00,8.340692859716189109e-03,-1.041821860707118075e-01,0.000000000000000000e+00,-0.000000000000000000e+00,0.000000000000000000e+00,0.000000000000000000e+00,0.000000000000000000e+00,-2.488255892916871326e-01,-0.000000000000000000e+00,7.856557893318809327e-02,0.000000000000000000e+00,-1.564151457978890380e-01,2.207093933774712635e+00,-4.199116835396691783e-01,0.000000000000000000e+00,-0.000000000000000000e+00,0.000000000000000000e+00,-0.000000000000000000e+00,-0.000000000000000000e+00,-1.991477127264526525e-01,-0.000000000000000000e+00,-1.282853241011453760e-01,-8.166521182671314383e-02,0.000000000000000000e+00,-4.306063721240992459e-01,0.000000000000000000e+00,-9.740342969379445215e-02,0.000000000000000000e+00,-0.000000000000000000e+00,0.000000000000000000e+00,0.000000000000000000e+00
-0.000000000000000000e+00,-0.000000000000000000e+00,-0.000000000000000000e+00,0.000000000000000000e+00,0.000000000000000000e+00,-0.000000000000000000e+00,-3.064136846893004140e-01,0.000000000000000000e+00,1.296389729883711817e-01,-5.411492816527505717e-02,0.000000000000000000e+00,-2.690086487279049754e-01,0.000000000000000000e+00,0.000000000000000000e+00,3.176875641639662767e-02,-1.391563063850280446e-01,-0.000000000000000000e+00,0.000000000000000000e+00,-0.000000000000000000e+00,-2.597641977458866602e-01,-4.199116835396691783e-01,2.447009521402959908e+00,0.000000000000000000e+00,-0.000000000000000000e+00,0.000000000000000000e+00,-0.000000000000000000e+00,-0.000000000000000000e+00,-2.915218275750218191e-01,-0.000000000000000000e+00,-1.316322187154915502e-01,-1.745063884462644543e-01,0.000000000000000000e+00,-2.584985790133367267e-01,0.000000000000000000e+00,-5.993527869618367476e-02,0.000000000000000000e+00,0.000000000000000000e+00,0.000000000000000000e+00,5.416237788280296728e-02
0.000000000000000000e+00,-0.000000000000000000e+00,-0.000000000000000000e+00,-2.146762023997117116e-02,-1.205547744257357973e-01,0.000000000000000000e+00,0.000000000000000000e+00,0.000000000000000000e+00,-3.118933858893623845e-01,-0.000000000000000000e+00,-0.000000000000000000e+00,0.000000000000000000e+00,-1.948986919575219079e-01,-1.052430893756099994e-01,-0.000000000000000000e+00,0.000000000000000000e+00,-0.000000000000000000e+00,-0.000000000000000000e+00,-0.000000000000000000e+00,0.000000000000000000e+00,0.000000000000000000e+00,0.000000000000000000e+00,1.994290169462936690e+00,-0.000000000000000000e+00,-5.116440893619325081e-01,0.000000000000000000e+00,0.000000000000000000e+00,0.000000000000000000e+00,0.000000000000000000e+00,0.000000000000000000e+00,0.000000000000000000e+00,-0.000000000000000000e+00,0.000000000000000000e+00,-2.630818769338001406e-01,0.000000000000000000e+00,-0.000000000000000000e+00,-0.000000000000000000e+00,-2.656038398482107321e-01,-2.302329590521688119e-01
-9.849913738037693878e-02,-0.000000000000000000e+00,-0.000000000000000000e+00,0.000000000000000000e+00,-9.396248611027797903e-02,-0.000000000000000000e+00,-0.000000000000000000e+00,0.000000000000000000e+00,-0.000000000000000000e+00,-0.000000000000000000e+00,-0.000000000000000000e+00,-0.000000000000000000e+00,-0.000000000000000000e+00,-2.084869799199221829e-01,-0.000000000000000000e+00,-0.000000000000000000e+00,-1.071742481942711267e-01,-0.000000000000000000e+00,-0.000000000000000000e+00,-0.000000000000000000e+00,-0.000000000000000000e+00,-0.000000000000000000e+00,-0.000000000000000000e+00,1.192078285562310214e+00,-7.247846137806872313e-02,-0.000000000000000000e+00,-0.000000000000000000e+00,-0.000000000000000000e+00,-2.976874536588801010e-02,-0.000000000000000000e+00,-0.000000000000000000e+00,-0.000000000000000000e+00,-0.000000000000000000e+00,-0.000000000000000000e+00,-0.000000000000000000e+00,-0.000000000000000000e+00,-1.764540554029215558e-01,-0.000000000000000000e+00,-0.000000000000000000e+00
-0.000000000000000000e+00,-0.000000000000000000e+00,-0.000000000000000000e+00,-0.000000000000000000e+00,-0.000000000000000000e+00,0.000000000000000000e+00,0.000000000000000000e+00,0.000000000000000000e+00,-0.000000000000000000e+00,-0.000000000000000000e+00,-0.000000000000000000e+00,0.000000000000000000e+00,-0.000000000000000000e+00,-0.000000000000000000e+00,-0.000000000000000000e+00,-0.000000000000000000e+00,-0.000000000000000000e+00,-0.000000000000000000e+00,-0.000000000000000000e+00,0.000000000000000000e+00,0.000000000000000000e+00,0.000000000000000000e+00,-5.116440893619325081e-01,-7.247846137806872313e-02,1.306101997073753962e+00,0.000000000000000000e+00,0.000000000000000000e+00,0.000000000000000000e+00,0.000000000000000000e+00,-0.000000000000000000e+00,0.000000000000000000e+00,-0.000000000000000000e+00,0.000000000000000000e+00,-1.035581527402894692e-01,0.000000000000000000e+00,-0.000000000000000000e+00,-0.000000000000000000e+00,-6.797623933685018049e-02,-0.000000000000000000e+00
-2.183045784447437687e-01,-0.000000000000000000e+00,-0.000000000000000000e+00,1.088734554795660336e-01,-0.000000000000000000e+00,-0.000000000000000000e+00,-0.000000000000000000e+00,0.000000000000000000e+00,0.000000000000000000e+00,-0.000000000000000000e+00,0.000000000000000000e+00,-1.559256107562407290e-01,0.000000000000000000e+00,0.000000000000000000e+00,0.000000000000000000e+00,-2.144581257165291133e-01,-0.000000000000000000e+00,0.000000000000000000e+00,0.000000000000000000e+00,-0.000000000000000000e+00,-0.000000000000000000e+00,-0.000000000000000000e+00,0.000000000000000000e+00,-0.000000000000000000e+00,0.000000000000000000e+00,2.091068287083588828e+00,-5.301473983857382111e-01,-1.346192348422301510e-01,-1.401708356322819427e-01,-0.000000000000000000e+00,-3.317790905568603899e-01,-0.000000000000000000e+00,-1.592378079636593002e-01,0.000000000000000000e+00,-9.027785682739994377e-02,-0.000000000000000000e+00,-0.000000000000000000e+00,0.000000000000000000e+00,0.000000000000000000e+00
-0.000000000000000000e+00,-4.509988302794222526e-02,-0.000000000000000000e+00,3.575735949038476302e-02,-0.000000000000000000e+00,-1.345703066380214974e-01,-0.000000000000000000e+00,0.000000000000000000e+00,0.000000000000000000e+00,-0.000000000000000000e+00,0.000000000000000000e+00,-1.061298368826174218e-02,-0.000000000000000000e+00,-0.000000000000000000e+00,-0.000000000000000000e+00,-0.000000000000000000e+00,-0.000000000000000000e+00,0.000000000000000000e+00,1.291733194489546321e-01,-0.000000000000000000e+00,-0.000000000000000000e+00,-0.000000000000000000e+00,0.000000000000000000e+00,-0.000000000000000000e+00,0.000000000000000000e+00,-5.301473983857382111e-01,1.623660634526877589e+00,-0.000000000000000000e+00,-1.296815447303709956e-01,-0.000000000000000000e+00,-2.015752696234754671e-01,-2.055243882023111146e-01,-0.000000000000000000e+00,0.000000000000000000e+00,-0.000000000000000000e+00,-1.453348426402091831e-01,-0.000000000000000000e+00,0.000000000000000000e+00,0.000000000000000000e+00
-1.990497518928548426e-01,-0.000000000000000000e+00,-0.000000000000000000e+00,2.198675719520561123e-02,0.000000000000000000e+00,-0.000000000000000000e+00,-6.587613472325125341e-02,0.000000000000000000e+00,1.395914224640366075e-01,-0.000000000000000000e+00,0.000000000000000000e+00,-1.758475736460660410e-01,0.000000000000000000e+00,0.000000000000000000e+00,1.618334872803924756e-03,-9.959166048125864257e-02,-0.000000000000000000e+00,0.000000000000000000e+00,-0.000000000000000000e+00,-3.158533432322835899e-01,-1.991477127264526525e-01,-2.915218275750218191e-01,0.000000000000000000e+00,-0.000000000000000000e+00,0.000000000000000000e+00,-1.346192348422301510e-01,-0.000000000000000000e+00,2.736365987854775916e+00,-0.000000000000000000e+00,-5.928817302615520951e-02,-3.519983106720731558e-01,0.000000000000000000e+00,-3.504241635541565647e-01,0.000000000000000000e+00,-2.683241631333127541e-01,0.000000000000000000e+00,0.000000000000000000e+00,0.000000000000000000e+00,2.494571261054627509e-01
-2.463955621930177461e-02,-3.397383207750724332e-01,-1.015508445160264728e-01,7.672191934806762981e-02,-0.000000000000000000e+00,-2.665390276863060515e-01,-0.000000000000000000e+00,1.917141743438951704e-02,0.000000000000000000e+00,-1.798715442525953764e-02,-0.000000000000000000e+00,-0.000000000000000000e+00,-0.000000000000000000e+00,-0.000000000000000000e+00,-0.000000000000000000e+00,-5.894273211830207415e-02,-1.855516515172466463e-01,4.248170241921545021e-02,0.000000000000000000e+00,-0.000000000000000000e+00,-0.000000000000000000e+00,-0.000000000000000000e+00,0.000000000000000000e+00,-2.976874536588801010e-02,0.000000000000000000e+00,-1.401708356322819427e-01,-1.296815447303709956e-01,-0.000000000000000000e+00,1.649382897005123638e+00,-0.000000000000000000e+00,-1.244281340752798615e-01,-5.197954109404624538e-03,-7.191810326812566462e-03,0.000000000000000000e+00,-0.000000000000000000e+00,-0.000000000000000000e+00,-9.881152695584835555e-02,0.000000000000000000e+00,0.000000000000000000e+00
-2.612942675141398663e-01,-4.063396150402078244e-01,-0.000000000000000000e+00,0.000000000000000000e+00,-0.000000000000000000e+00,-0.000000000000000000e+00,-0.000000000000000000e+00,0.000000000000000000e+00,0.000000000000000000e+00,-3.684840860123732575e-01,-0.000000000000000000e+00,-0.000000000000000000e+00,0.000000000000000000e+00,0.000000000000000000e+00,0.000000000000000000e+00,-2.824238064684817529e-01,-9.917109991621374243e-02,4.032153506166285400e-02,0.000000000000000000e+00,-0.000000000000000000e+00,-1.282853241011453760e-01,-1.316322187154915502e-01,0.000000000000000000e+00,-0.000000000000000000e+00,-0.000000000000000000e+00,-0.000000000000000000e+00,-0.000000000000000000e+00,-5.928817302615520951e-02,-0.000000000000000000e+00,2.208743374257242209e+00,-1.286899178708839353e-01,-0.000000000000000000e+00,-2.685298937286548573e-02,0.000000000000000000e+00,-3.123139980908731239e-01,-0.000000000000000000e+00,-0.000000000000000000e+00,0.000000000000000000e+00,0.000000000000000000e+00
-1.194475017566259401e-01,-3.723430416608462107e-02,-0.000000000000000000e+00,3.386447578364800703e-01,-0.000000000000000000e+00,-1.121663811387174289e-02,-0.000000000000000000e+00,0.000000000000000000e+00,3.895007534753920642e-03,-0.000000000000000000e+00,0.000000000000000000e+00,-1.159113318098436707e-01,0.000000000000000000e+00,0.000000000000000000e+00,0.000000000000000000e+00,-1.612518183031093899e-01,-0.000000000000000000e+00,0.000000000000000000e+00,0.000000000000000000e+00,-0.000000000000000000e+00,-8.166521182671314383e-02,-1.745063884462644543e-01,0.000000000000000000e+00,-0.000000000000000000e+00,0.000000000000000000e+00,-3.317790905568603899e-01,-2.015752696234754671e-01,-3.519983106720731558e-01,-1.244281340752798615e-01,-1.286899178708839353e-01,2.719068021761455789e+00,-0.000000000000000000e+00,-4.515629096478767646e-01,0.000000000000000000e+00,-2.928129187220222529e-01,-0.000000000000000000e+00,-0.000000000000000000e+00,0.000000000000000000e+00,0.000000000000000000e+00
-0.000000000000000000e+00,-2.192334070105921712e-02,-1.159210328460921757e-02,0.000000000000000000e+00,-1.315958592284703355e-01,-1.917934924394234519e-01,0.000000000000000000e+00,8.576788686957061147e-02,-0.000000000000000000e+00,-0.000000000000000000e+00,-0.000000000000000000e+00,0.000000000000000000e+00,-4.177375886092617868e-02,-2.620394596549828758e-01,-1.277712453651877744e-01,-0.000000000000000000e+00,-0.000000000000000000e+00,0.000000000000000000e+00,8.959097092727946743e-02,0.000000000000000000e+00,0.000000000000000000e+00,0.000000000000000000e+00,-0.000000000000000000e+00,-0.000000000000000000e+00,-0.000000000000000000e+00,-0.000000000000000000e+00,-2.055243882023111146e-01,0.000000000000000000e+00,-5.197954109404624538e-03,-0.000000000000000000e+00,-0.000000000000000000e+00,1.968792837718976285e+00,-0.000000000000000000e+00,-0.000000000000000000e+00,0.000000000000000000e+00,-4.625323607863877085e-01,-5.625602790099859529e-01,-0.000000000000000000e+00,-0.000000000000000000e+00
-8.677587744930316538e-02,-0.000000000000000000e+00,-3.235205151332201656e-03,2.445341754663850897e-01,-0.000000000000000000e+00,-0.000000000000000000e+00,-5.663066093653511962e-02,0.000000000000000000e+00,0.000000000000000000e+00,-2.517810868606937258e-02,0.000000000000000000e+00,-3.129692643676578595e-02,0.000000000000000000e+00,0.000000000000000000e+00,0.000000000000000000e+00,-3.447448372895604574e-01,-0.000000000000000000e+00,0.000000000000000000e+00,0.000000000000000000e+00,-1.227090648557841723e-01,-4.306063721240992459e-01,-2.584985790133367267e-01,0.000000000000000000e+00,-0.000000000000000000e+00,0.000000000000000000e+00,-1.592378079636593002e-01,-0.000000000000000000e+00,-3.504241635541565647e-01,-7.191810326812566462e-03,-2.685298937286548573e-02,-4.515629096478767646e-01,-0.000000000000000000e+00,2.799187444515924383e+00,0.000000000000000000e+00,-2.897472377539833666e-01,-0.000000000000000000e+00,-0.000000000000000000e+00,0.000000000000000000e+00,2.689498874548474153e-02
0.000000000000000000e+00,0.000000000000000000e+00,-0.000000000000000000e+00,-0.000000000000000000e+00,-5.032993369680019979e-01,0.000000000000000000e+00,1.897946127906506228e-02,0.000000000000000000e+00,-4.001081158544768090e-01,-0.000000000000000000e+00,-0.000000000000000000e+00,4.857254014802250136e-02,-0.000000000000000000e+00,-2.732587610466201133e-01,-1.282249783328150705e-01,0.000000000000000000e+00,0.000000000000000000e+00,-0.000000000000000000e+00,-0.000000000000000000e+00,0.000000000000000000e+00,0.000000000000000000e+00,0.000000000000000000e+00,-2.630818769338001406e-01,-0.000000000000000000e+00,-1.035581527402894692e-01,0.000000000000000000e+00,0.000000000000000000e+00,0.000000000000000000e+00,0.000000000000000000e+00,0.000000000000000000e+00,0.000000000000000000e+00,-0.000000000000000000e+00,0.000000000000000000e+00,2.153924519708569907e+00,0.000000000000000000e+00,-0.000000000000000000e+00,-0.000000000000000000e+00,-2.703799090877362366e-01,-2.143337048684310631e-01
-0.000000000000000000e+00,-0.000000000000000000e+00,-0.000000000000000000e+00,2.441567466830908140e-01,0.000000000000000000e+00,-0.000000000000000000e+00,-0.000000000000000000e+00,0.000000000000000000e+00,3.966431723479529325e-01,-0.000000000000000000e+00,0.000000000000000000e+00,-5.557622898637087916e-02,0.000000000000000000e+00,0.000000000000000000e+00,7.306368196407721227e-02,-9.950812042624063158e-02,-0.000000000000000000e+00,1.819787596551272757e-01,0.000000000000000000e+00,-1.144266960677286088e-01,-9.740342969379445215e-02,-5.993527869618367476e-02,0.000000000000000000e+00,-0.000000000000000000e+00,0.000000000000000000e+00,-9.027785682739994377e-02,-0.000000000000000000e+00,-2.683241631333127541e-01,-0.000000000000000000e+00,-3.123139980908731239e-01,-2.928129187220222529e-01,0.000000000000000000e+00,-2.897472377539833666e-01,0.000000000000000000e+00,2.666925177871348751e+00,0.000000000000000000e+00,0.000000000000000000e+00,1.223051416332765901e-01,2.444094988056477735e-01
-0.000000000000000000e+00,-0.000000000000000000e+00,-4.346215667951280892e-02,0.000000000000000000e+00,-1.453997431704241172e-01,-5.481674350869525369e-02,0.000000000000000000e+00,7.847269201440862374e-02,-0.000000000000000000e+00,-0.000000000000000000e+00,-0.000000000000000000e+00,0.000000000000000000e+00,-1.837870524520347493e-01,-1.772018927114256126e-01,-6.315044872511722807e-02,-0.000000000000000000e+00,-0.000000000000000000e+00,0.000000000000000000e+00,1.314746929926536960e-02,0.000000000000000000e+00,0.000000000000000000e+00,0.000000000000000000e+00,-0.000000000000000000e+00,-0.000000000000000000e+00,-0.000000000000000000e+00,-0.000000000000000000e+00,-1.453348426402091831e-01,0.000000000000000000e+00,-0.000000000000000000e+00,-0.000000000000000000e+00,-0.000000000000000000e+00,-4.625323607863877085e-01,-0.000000000000000000e+00,-0.000000000000000000e+00,0.000000000000000000e+00,1.593792295877174636e+00,-1.017576800649304253e-01,-0.000000000000000000e+00,-0.000000000000000000e+00
-0.000000000000000000e+00,-2.547295285655999941e-01,-5.947077371798603629e-02,0.000000000000000000e+00,-2.183284761028275178e-01,-0.000000000000000000e+00,0.000000000000000000e+00,0.000000000000000000e+00,-0.000000000000000000e+00,-0.000000000000000000e+00,-8.765885178552373924e-02,0.000000000000000000e+00,-0.000000000000000000e+00,-1.251843815464439014e-01,-4.156504147163379848e-02,-0.000000000000000000e+00,-0.000000000000000000e+00,0.000000000000000000e+00,0.000000000000000000e+00,0.000000000000000000e+00,-0.000000000000000000e+00,0.000000000000000000e+00,-0.000000000000000000e+00,-1.764540554029215558e-01,-0.000000000000000000e+00,-0.000000000000000000e+00,-0.000000000000000000e+00,0.000000000000000000e+00,-9.881152695584835555e-02,-0.000000000000000000e+00,-0.000000000000000000e+00,-5.625602790099859529e-01,-0.000000000000000000e+00,-0.000000000000000000e+00,0.000000000000000000e+00,-1.017576800649304253e-01,1.714568556317775272e+00,-0.000000000000000000e+00,-0.000000000000000000e+00
0.000000000000000000e+00,0.000000000000000000e+00,-0.000000000000000000e+00,-0.000000000000000000e+00,-0.000000000000000000e+00,0.000000000000000000e+00,4.449948852208220063e-02,0.000000000000000000e+00,-4.222286728005170686e-01,0.000000000000000000e+00,-0.000000000000000000e+00,0.000000000000000000e+00,-9.544521419560911268e-02,-9.695868637432103476e-02,-1.831065226400264978e-01,0.000000000000000000e+00,-0.000000000000000000e+00,-0.000000000000000000e+00,-0.000000000000000000e+00,1.604957060165109473e-01,0.000000000000000000e+00,0.000000000000000000e+00,-2.656038398482107321e-01,-0.000000000000000000e+00,-6.797623933685018049e-02,0.000000000000000000e+00,0.000000000000000000e+00,0.000000000000000000e+00,0.000000000000000000e+00,0.000000000000000000e+00,0.000000000000000000e+00,-0.000000000000000000e+00,0.000000000000000000e+00,-2.703799090877362366e-01,1.223051416332765901e-01,-0.000000000000000000e+00,-0.000000000000000000e+00,2.192842396277117079e+00,-4.552479292718895065e-01
0.000000000000000000e+00,0.000000000000000000e+00,-0.000000000000000000e+00,-7.921684332491803204e-03,-0.000000000000000000e+00,0.000000000000000000e+00,0.000000000000000000e+00,0.000000000000000000e+00,-4.849563540839271769e-01,0.000000000000000000e+00,-0.000000000000000000e+00,1.290981221920005084e-01,-1.387821801644948394e-01,-1.285259894646122170e-01,-1.465660735147459315e-01,0.000000000000000000e+00,0.000000000000000000e+00,-0.000000000000000000e+00,-0.000000000000000000e+00,2.549237103316246422e-01,0.000000000000000000e+00,5.416237788280296728e-02,-2.302329590521688119e-01,-0.000000000000000000e+00,-0.000000000000000000e+00,0.000000000000000000e+00,0.000000000000000000e+00,2.494571261054627509e-01,0.000000000000000000e+00,0.000000000000000000e+00,0.000000000000000000e+00,-0.000000000000000000e+00,2.689498874548474153e-02,-2.143337048684310631e-01,2.444094988056477735e-01,-0.000000000000000000e+00,-0.000000000000000000e+00,-4.552479292718895065e-01,2.556533827888811228e+00
