1.906510815002272929e+00,-6.950539377371899308e-01,-0.000000000000000000e+00,0.000000000000000000e+00,-0.000000000000000000e+00,8.972980998659913637e-03,-0.000000000000000000e+00,0.000000000000000000e+00,-0.000000000000000000e+00,0.000000000000000000e+00,0.000000000000000000e+00,0.000000000000000000e+00,-2.259226404567900581e-01,-0.000000000000000000e+00,0.000000000000000000e+00,0.000000000000000000e+00,0.000000000000000000e+00,-3.391748013496517691e-03,0.000000000000000000e+00,0.000000000000000000e+00,-0.000000000000000000e+00,-0.000000000000000000e+00,-0.000000000000000000e+00,0.000000000000000000e+00,-0.000000000000000000e+00,8.792963600221755105e-02,-0.000000000000000000e+00,0.000000000000000000e+00,-1.217352101194659197e-01,-0.000000000000000000e+00,-0.000000000000000000e+00,-0.000000000000000000e+00,-0.000000000000000000e+00,-0.000000000000000000e+00,-1.606543777873709056e-01,-4.673487282260264108e-01,-4.703109930362599916e-02,-0.000000000000000000e+00,-2.471589765806585237e-01
-6.950539377371899308e-01,2.234167753232485953e+00,-0.000000000000000000e+00,0.000000000000000000e+00,-0.000000000000000000e+00,0.000000000000000000e+00,-0.000000000000000000e+00,-0.000000000000000000e+00,-4.220877301030216411e-01,0.000000000000000000e+00,0.000000000000000000e+00,-0.000000000000000000e+00,-0.000000000000000000e+00,-1.756217382084929723e-01,-0.000000000000000000e+00,-0.000000000000000000e+00,0.000000000000000000e+00,-0.000000000000000000e+00,-0.000000000000000000e+00,-2.005487946249210340e-01,-0.000000000000000000e+00,-3.822760025772757864e-01,-0.000000000000000000e+00,-0.000000000000000000e+00,-0.000000000000000000e+00,0.000000000000000000e+00,-0.000000000000000000e+00,-0.000000000000000000e+00,-1.088623511572174019e-01,-0.000000000000000000e+00,0.000000000000000000e+00,-3.058526847621594220e-03,0.000000000000000000e+00,-3.802295870299426950e-01,-0.000000000000000000e+00,-0.000000000000000000e+00,-9.730203566849068841e-02,-0.000000000000000000e+00,-6.961623200176536574e-02
-0.000000000000000000e+00,-0.000000000000000000e+00,2.492285813407958184e+00,-3.850415058189268769e-02,-3.718154885711070223e-01,-0.000000000000000000e+00,0.000000000000000000e+00,9.101878591706170640e-01,-0.000000000000000000e+00,-0.000000000000000000e+00,-0.000000000000000000e+00,-0.000000000000000000e+00,-0.000000000000000000e+00,-0.000000000000000000e+00,-0.000000000000000000e+00,-8.287054359487880384e-02,0.000000000000000000e+00,-3.605966300908012845e-01,-0.000000000000000000e+00,-3.469516818438245775e-01,-6.024927146486571683e-01,-1.249306735504426141e-02,-6.234846156215624602e-02,-0.000000000000000000e+00,-0.000000000000000000e+00,0.000000000000000000e+00,-0.000000000000000000e+00,0.000000000000000000e+00,-0.000000000000000000e+00,-0.000000000000000000e+00,0.000000000000000000e+00,-0.000000000000000000e+00,-5.533520499210010864e-05,0.000000000000000000e+00,-0.000000000000000000e+00,0.000000000000000000e+00,-0.000000000000000000e+00,0.000000000000000000e+00,-0.000000000000000000e+00
0.000000000000000000e+00,0.000000000000000000e+00,-3.850415058189268769e-02,1.017004774851359095e+00,-0.000000000000000000e+00,-0.000000000000000000e+00,-0.000000000000000000e+00,7.982356857212721812e-02,0.000000000000000000e+00,0.000000000000000000e+00,0.000000000000000000e+00,-0.000000000000000000e+00,0.000000000000000000e+00,0.000000000000000000e+00,0.000000000000000000e+00,-0.000000000000000000e+00,0.000000000000000000e+00,0.000000000000000000e+00,0.000000000000000000e+00,-0.000000000000000000e+00,-7.395268178307564874e-03,-0.000000000000000000e+00,-0.000000000000000000e+00,-0.000000000000000000e+00,0.000000000000000000e+00,0.000000000000000000e+00,0.000000000000000000e+00,0.000000000000000000e+00,0.000000000000000000e+00,7.352921460841743695e-02,0.000000000000000000e+00,0.000000000000000000e+00,-0.000000000000000000e+00,0.000000000000000000e+00,-0.000000000000000000e+00,0.000000000000000000e+00,0.000000000000000000e+00,4.254426926447776175e-02,0.000000000000000000e+00
-0.000000000000000000e+00,-0.000000000000000000e+00,-3.718154885711070223e-01,-0.000000000000000000e+00,1.722759533399778498e+00,0.000000000000000000e+00,2.462181078332644976e-02,0.000000000000000000e+00,-0.000000000000000000e+00,-3.144160850908793159e-01,0.000000000000000000e+00,-0.000000000000000000e+00,-0.000000000000000000e+00,-0.000000000000000000e+00,-0.000000000000000000e+00,-0.000000000000000000e+00,2.834123319845024275e-02,-6.469320964020035536e-01,-0.000000000000000000e+00,-0.000000000000000000e+00,-0.000000000000000000e+00,0.000000000000000000e+00,-0.000000000000000000e+00,-0.000000000000000000e+00,-1.991167930386243332e-02,-0.000000000000000000e+00,0.000000000000000000e+00,-0.000000000000000000e+00,0.000000000000000000e+00,-2.678565199614640902e-02,0.000000000000000000e+00,-0.000000000000000000e+00,-2.431028642896037803e-02,0.000000000000000000e+00,-0.000000000000000000e+00,0.000000000000000000e+00,-0.000000000000000000e+00,-0.000000000000000000e+00,-0.000000000000000000e+00
8.972980998659913637e-03,0.000000000000000000e+00,-0.000000000000000000e+00,-0.000000000000000000e+00,0.000000000000000000e+00,1.738772175496599459e+00,-0.000000000000000000e+00,-0.000000000000000000e+00,0.000000000000000000e+00,2.206597361051826356e-01,-2.539568752118985806e-01,-0.000000000000000000e+00,0.000000000000000000e+00,-2.839974011316122593e-01,0.000000000000000000e+00,0.000000000000000000e+00,-5.005734461465898288e-01,1.585263261030571240e-03,0.000000000000000000e+00,-0.000000000000000000e+00,-0.000000000000000000e+00,-0.000000000000000000e+00,0.000000000000000000e+00,-1.565760408069444831e-01,0.000000000000000000e+00,-0.000000000000000000e+00,-0.000000000000000000e+00,-0.000000000000000000e+00,-0.000000000000000000e+00,0.000000000000000000e+00,-0.000000000000000000e+00,-3.096350335829734651e-02,-0.000000000000000000e+00,-0.000000000000000000e+00,-0.000000000000000000e+00,0.000000000000000000e+00,-0.000000000000000000e+00,3.919623804153523072e-01,1.546464057622793653e-01
-0.000000000000000000e+00,-0.000000000000000000e+00,0.000000000000000000e+00,-0.000000000000000000e+00,2.462181078332644976e-02,-0.000000000000000000e+00,1.131264841752093853e+00,-0.000000000000000000e+00,0.000000000000000000e+00,0.000000000000000000e+00,-3.420137871734880292e-02,0.000000000000000000e+00,-1.600915887518327974e-01,-0.000000000000000000e+00,-0.000000000000000000e+00,-0.000000000000000000e+00,-0.000000000000000000e+00,0.000000000000000000e+00,0.000000000000000000e+00,-0.000000000000000000e+00,-0.000000000000000000e+00,-1.226913022278009330e-01,-0.000000000000000000e+00,0.000000000000000000e+00,-0.000000000000000000e+00,-0.000000000000000000e+00,-9.677402278273428138e-02,-3.016702414904670268e-02,-9.296133981754782505e-02,0.000000000000000000e+00,-5.906230051260012021e-02,-0.000000000000000000e+00,-0.000000000000000000e+00,-0.000000000000000000e+00,-0.000000000000000000e+00,-0.000000000000000000e+00,-0.000000000000000000e+00,-0.000000000000000000e+00,-0.000000000000000000e+00
0.000000000000000000e+00,-0.000000000000000000e+00,9.101878591706170640e-01,7.982356857212721812e-02,0.000000000000000000e+00,-0.000000000000000000e+00,-0.000000000000000000e+00,1.857126833191857118e+00,-0.000000000000000000e+00,2.648105171938785682e-02,-0.000000000000000000e+00,-0.000000000000000000e+00,0.000000000000000000e+00,-0.000000000000000000e+00,-0.000000000000000000e+00,1.606770871139008849e-01,-0.000000000000000000e+00,5.672651919096842466e-02,0.000000000000000000e+00,0.000000000000000000e+00,1.591323626995697904e-01,0.000000000000000000e+00,1.337414085694984267e-01,-0.000000000000000000e+00,0.000000000000000000e+00,-0.000000000000000000e+00,-0.000000000000000000e+00,-0.000000000000000000e+00,-0.000000000000000000e+00,0.000000000000000000e+00,-0.000000000000000000e+00,-0.000000000000000000e+00,2.054089813393368824e-01,-1.135374812130988953e-01,-0.000000000000000000e+00,-0.000000000000000000e+00,-0.000000000000000000e+00,-0.000000000000000000e+00,0.000000000000000000e+00
-0.000000000000000000e+00,-4.220877301030216411e-01,-0.000000000000000000e+00,0.000000000000000000e+00,-0.000000000000000000e+00,0.000000000000000000e+00,0.000000000000000000e+00,-0.000000000000000000e+00,1.891237392153753971e+00,-0.000000000000000000e+00,1.024663674952768916e-01,-3.245070863118230120e-01,0.000000000000000000e+00,-0.000000000000000000e+00,-0.000000000000000000e+00,-0.000000000000000000e+00,0.000000000000000000e+00,-2.069305357092590392e-01,-0.000000000000000000e+00,-1.723256548818190292e-02,-0.000000000000000000e+00,-0.000000000000000000e+00,-0.000000000000000000e+00,-1.247107573495641608e-01,0.000000000000000000e+00,0.000000000000000000e+00,0.000000000000000000e+00,0.000000000000000000e+00,-0.000000000000000000e+00,-2.017482926633874241e-01,8.484808058277903964e-02,-0.000000000000000000e+00,0.000000000000000000e+00,-5.883609953099870893e-01,-0.000000000000000000e+00,0.000000000000000000e+00,-0.000000000000000000e+00,-0.000000000000000000e+00,-2.535851192137988375e-01
0.000000000000000000e+00,0.000000000000000000e+00,-0.000000000000000000e+00,0.000000000000000000e+00,-3.144160850908793159e-01,2.206597361051826356e-01,0.000000000000000000e+00,2.648105171938785682e-02,-0.000000000000000000e+00,2.418196876068399614e+00,0.000000000000000000e+00,-0.000000000000000000e+00,0.000000000000000000e+00,0.000000000000000000e+00,-1.769993576001967772e-01,-1.241903088405265226e-01,0.000000000000000000e+00,-1.752339161222703501e-01,-7.980353456523867628e-01,-0.000000000000000000e+00,0.000000000000000000e+00,0.000000000000000000e+00,-0.000000000000000000e+00,0.000000000000000000e+00,-0.000000000000000000e+00,-0.000000000000000000e+00,0.000000000000000000e+00,-0.000000000000000000e+00,0.000000000000000000e+00,-1.430162039154986575e-01,0.000000000000000000e+00,0.000000000000000000e+00,0.000000000000000000e+00,2.363295836857021506e-02,0.000000000000000000e+00,0.000000000000000000e+00,0.000000000000000000e+00,-4.404845281293170989e-01,-2.071055502666835635e-01
0.000000000000000000e+00,0.000000000000000000e+00,-0.000000000000000000e+00,0.000000000000000000e+00,0.000000000000000000e+00,-2.539568752118985806e-01,-3.420137871734880292e-02,-0.000000000000000000e+00,1.024663674952768916e-01,0.000000000000000000e+00,1.601574140500817922e+00,-0.000000000000000000e+00,-1.168124657492099205e-01,-7.040606739754298737e-02,-0.000000000000000000e+00,-0.000000000000000000e+00,-1.037199441294883728e-01,0.000000000000000000e+00,-0.000000000000000000e+00,-0.000000000000000000e+00,-0.000000000000000000e+00,-1.242519278600336674e-01,-0.000000000000000000e+00,0.000000000000000000e+00,-2.961316067882002190e-01,-2.857054768172460624e-01,-3.840209066320302012e-01,-0.000000000000000000e+00,-0.000000000000000000e+00,0.000000000000000000e+00,-0.000000000000000000e+00,-0.000000000000000000e+00,-0.000000000000000000e+00,0.000000000000000000e+00,-0.000000000000000000e+00,-0.000000000000000000e+00,-0.000000000000000000e+00,1.260730610155877222e-02,0.000000000000000000e+00
0.000000000000000000e+00,-0.000000000000000000e+00,-0.000000000000000000e+00,-0.000000000000000000e+00,-0.000000000000000000e+00,-0.000000000000000000e+00,0.000000000000000000e+00,-0.000000000000000000e+00,-3.245070863118230120e-01,-0.000000000000000000e+00,-0.000000000000000000e+00,1.600834892581098678e+00,0.000000000000000000e+00,-0.000000000000000000e+00,-3.965744768998719638e-01,-0.000000000000000000e+00,-0.000000000000000000e+00,-0.000000000000000000e+00,-0.000000000000000000e+00,-4.287773819698171840e-01,0.000000000000000000e+00,-1.515510117807172819e-01,-0.000000000000000000e+00,-5.268542504487098987e-02,-0.000000000000000000e+00,-1.510995669016941892e-02,-0.000000000000000000e+00,0.000000000000000000e+00,0.000000000000000000e+00,-8.837461193314459507e-02,0.000000000000000000e+00,0.000000000000000000e+00,1.858052943395441803e-01,-0.000000000000000000e+00,0.000000000000000000e+00,2.704426949703273020e-01,0.000000000000000000e+00,-0.000000000000000000e+00,-0.000000000000000000e+00
-2.259226404567900581e-01,-0.000000000000000000e+00,-0.000000000000000000e+00,0.000000000000000000e+00,-0.000000000000000000e+00,0.000000000000000000e+00,-1.600915887518327974e-01,0.000000000000000000e+00,0.000000000000000000e+00,0.000000000000000000e+00,-1.168124657492099205e-01,0.000000000000000000e+00,1.472245515405293581e+00,-0.000000000000000000e+00,0.000000000000000000e+00,-0.000000000000000000e+00,0.000000000000000000e+00,-0.000000000000000000e+00,0.000000000000000000e+00,-0.000000000000000000e+00,-0.000000000000000000e+00,-0.000000000000000000e+00,-0.000000000000000000e+00,0.000000000000000000e+00,-2.096586921594288666e-01,0.000000000000000000e+00,-0.000000000000000000e+00,-0.000000000000000000e+00,-1.736752419133546499e-01,0.000000000000000000e+00,-0.000000000000000000e+00,-0.000000000000000000e+00,-6.952137705311746407e-02,-0.000000000000000000e+00,-2.269299011610325933e-01,-1.488703224210120579e-01,-0.000000000000000000e+00,-0.000000000000000000e+00,-0.000000000000000000e+00
-0.000000000000000000e+00,-1.756217382084929723e-01,-0.000000000000000000e+00,0.000000000000000000e+00,-0.000000000000000000e+00,-2.839974011316122593e-01,-0.000000000000000000e+00,-0.000000000000000000e+00,-0.000000000000000000e+00,0.000000000000000000e+00,-7.040606739754298737e-02,-0.000000000000000000e+00,-0.000000000000000000e+00,1.827453941503753176e+00,-0.000000000000000000e+00,-0.000000000000000000e+00,-0.000000000000000000e+00,-0.000000000000000000e+00,-0.000000000000000000e+00,-1.433317203489659908e-01,-0.000000000000000000e+00,-1.801749911372686752e-01,-1.375753411586005115e-01,-3.755966227331817842e-01,-1.132826732903632200e-01,-0.000000000000000000e+00,-4.641481781265998502e-02,-0.000000000000000000e+00,-9.884552023087347927e-02,0.000000000000000000e+00,0.000000000000000000e+00,-0.000000000000000000e+00,-0.000000000000000000e+00,-1.028674502646346328e-02,-4.562104448874665930e-01,-0.000000000000000000e+00,-5.013419067179768207e-02,0.000000000000000000e+00,-0.000000000000000000e+00
0.000000000000000000e+00,-0.000000000000000000e+00,-0.000000000000000000e+00,0.000000000000000000e+00,-0.000000000000000000e+00,0.000000000000000000e+00,-0.000000000000000000e+00,-0.000000000000000000e+00,-0.000000000000000000e+00,-1.769993576001967772e-01,-0.000000000000000000e+00,-3.965744768998719638e-01,0.000000000000000000e+00,-0.000000000000000000e+00,1.805470128093751514e+00,-3.359130206646360750e-01,0.000000000000000000e+00,-0.000000000000000000e+00,-5.010552870400590830e-01,-0.000000000000000000e+00,0.000000000000000000e+00,-0.000000000000000000e+00,-0.000000000000000000e+00,0.000000000000000000e+00,-0.000000000000000000e+00,-9.990293838763865397e-02,0.000000000000000000e+00,-0.000000000000000000e+00,0.000000000000000000e+00,-0.000000000000000000e+00,0.000000000000000000e+00,4.305834210722454120e-02,2.117923716274670940e-03,0.000000000000000000e+00,1.748599157218373723e-02,0.000000000000000000e+00,4.467307915172636507e-02,-2.303088238578480662e-01,-0.000000000000000000e+00
0.000000000000000000e+00,-0.000000000000000000e+00,-8.287054359487880384e-02,-0.000000000000000000e+00,-0.000000000000000000e+00,0.000000000000000000e+00,-0.000000000000000000e+00,1.606770871139008849e-01,-0.000000000000000000e+00,-1.241903088405265226e-01,-0.000000000000000000e+00,-0.000000000000000000e+00,-0.000000000000000000e+00,-0.000000000000000000e+00,-3.359130206646360750e-01,1.535508669508098167e+00,-0.000000000000000000e+00,-0.000000000000000000e+00,-2.051896954710730192e-01,-1.016197675405129675e-02,-6.667884869205415116e-04,-8.555589447311502671e-02,-1.996108810417110135e-01,0.000000000000000000e+00,-0.000000000000000000e+00,-2.556290039572028938e-01,0.000000000000000000e+00,-1.546062574177804868e-03,0.000000000000000000e+00,-0.000000000000000000e+00,0.000000000000000000e+00,0.000000000000000000e+00,-0.000000000000000000e+00,3.118004959007428245e-02,0.000000000000000000e+00,0.000000000000000000e+00,0.000000000000000000e+00,-0.000000000000000000e+00,-0.000000000000000000e+00
0.000000000000000000e+00,0.000000000000000000e+00,0.000000000000000000e+00,0.000000000000000000e+00,2.834123319845024275e-02,-5.005734461465898288e-01,-0.000000000000000000e+00,-0.000000000000000000e+00,0.000000000000000000e+00,0.000000000000000000e+00,-1.037199441294883728e-01,-0.000000000000000000e+00,0.000000000000000000e+00,-0.000000000000000000e+00,0.000000000000000000e+00,-0.000000000000000000e+00,1.417411073563814350e+00,0.000000000000000000e+00,0.000000000000000000e+00,-0.000000000000000000e+00,0.000000000000000000e+00,-0.000000000000000000e+00,-0.000000000000000000e+00,-0.000000000000000000e+00,0.000000000000000000e+00,-2.747856404989200141e-01,-1.368085243638454901e-03,-5.744139796499796169e-02,-4.656824855899633492e-02,-2.413077252482496993e-02,-0.000000000000000000e+00,-1.253568501318308714e-01,-0.000000000000000000e+00,-0.000000000000000000e+00,0.000000000000000000e+00,0.000000000000000000e+00,-0.000000000000000000e+00,0.000000000000000000e+00,0.000000000000000000e+00
-3.391748013496517691e-03,-0.000000000000000000e+00,-3.605966300908012845e-01,0.000000000000000000e+00,-6.469320964020035536e-01,1.585263261030571240e-03,0.000000000000000000e+00,5.672651919096842466e-02,-2.069305357092590392e-01,-1.752339161222703501e-01,0.000000000000000000e+00,-0.000000000000000000e+00,-0.000000000000000000e+00,-0.000000000000000000e+00,-0.000000000000000000e+00,-0.000000000000000000e+00,0.000000000000000000e+00,2.287643763902446281e+00,-5.149421241950659089e-01,-0.000000000000000000e+00,-0.000000000000000000e+00,-0.000000000000000000e+00,-1.714375200325594650e-01,-0.000000000000000000e+00,-0.000000000000000000e+00,0.000000000000000000e+00,0.000000000000000000e+00,0.000000000000000000e+00,0.000000000000000000e+00,-2.164874681829356134e-02,1.343089196571154442e-01,0.000000000000000000e+00,-0.000000000000000000e+00,0.000000000000000000e+00,0.000000000000000000e+00,0.000000000000000000e+00,-0.000000000000000000e+00,-0.000000000000000000e+00,-2.359524061778578707e-01
0.000000000000000000e+00,-0.000000000000000000e+00,-0.000000000000000000e+00,0.000000000000000000e+00,-0.000000000000000000e+00,0.000000000000000000e+00,0.000000000000000000e+00,0.000000000000000000e+00,-0.000000000000000000e+00,-7.980353456523867628e-01,-0.000000000000000000e+00,-0.000000000000000000e+00,0.000000000000000000e+00,-0.000000000000000000e+00,-5.010552870400590830e-01,-2.051896954710730192e-01,0.000000000000000000e+00,-5.149421241950659089e-01,2.672385148445836744e+00,-2.731247638936651345e-02,-0.000000000000000000e+00,-0.000000000000000000e+00,-3.370411398046582185e-01,-0.000000000000000000e+00,-0.000000000000000000e+00,-0.000000000000000000e+00,0.000000000000000000e+00,0.000000000000000000e+00,0.000000000000000000e+00,-0.000000000000000000e+00,3.702436306218038764e-01,1.382035720196132522e-01,0.000000000000000000e+00,1.617787542888377006e-01,4.099938136562903540e-02,0.000000000000000000e+00,0.000000000000000000e+00,-2.138941475452977789e-02,-2.324530275297022885e-01
0.000000000000000000e+00,-2.005487946249210340e-01,-3.469516818438245775e-01,-0.000000000000000000e+00,-0.000000000000000000e+00,-0.000000000000000000e+00,-0.000000000000000000e+00,0.000000000000000000e+00,-1.723256548818190292e-02,-0.000000000000000000e+00,-0.000000000000000000e+00,-4.287773819698171840e-01,-0.000000000000000000e+00,-1.433317203489659908e-01,-0.000000000000000000e+00,-1.016197675405129675e-02,-0.000000000000000000e+00,-0.000000000000000000e+00,-2.731247638936651345e-02,1.970189237662127502e+00,-0.000000000000000000e+00,-7.465660388212690401e-01,-5.685572198714258091e-02,-0.000000000000000000e+00,-0.000000000000000000e+00,-0.000000000000000000e+00,-0.000000000000000000e+00,-0.000000000000000000e+00,-0.000000000000000000e+00,-0.000000000000000000e+00,0.000000000000000000e+00,-0.000000000000000000e+00,0.000000000000000000e+00,-0.000000000000000000e+00,-0.000000000000000000e+00,0.000000000000000000e+00,-0.000000000000000000e+00,0.000000000000000000e+00,-0.000000000000000000e+00
-0.000000000000000000e+00,-0.000000000000000000e+00,-6.024927146486571683e-01,-7.395268178307564874e-03,-0.000000000000000000e+00,-0.000000000000000000e+00,-0.000000000000000000e+00,1.591323626995697904e-01,-0.000000000000000000e+00,0.000000000000000000e+00,-0.000000000000000000e+00,0.000000000000000000e+00,-0.000000000000000000e+00,-0.000000000000000000e+00,0.000000000000000000e+00,-6.667884869205415116e-04,0.000000000000000000e+00,-0.000000000000000000e+00,-0.000000000000000000e+00,-0.000000000000000000e+00,1.900148998835275105e+00,-3.859568202510537671e-01,-0.000000000000000000e+00,0.000000000000000000e+00,-3.775329910565779906e-02,0.000000000000000000e+00,-0.000000000000000000e+00,-0.000000000000000000e+00,-0.000000000000000000e+00,0.000000000000000000e+00,-0.000000000000000000e+00,-0.000000000000000000e+00,-6.025144345097748211e-01,0.000000000000000000e+00,-0.000000000000000000e+00,-8.210853488826999613e-02,-0.000000000000000000e+00,0.000000000000000000e+00,0.000000000000000000e+00
-0.000000000000000000e+00,-3.822760025772757864e-01,-1.249306735504426141e-02,-0.000000000000000000e+00,0.000000000000000000e+00,-0.000000000000000000e+00,-1.226913022278009330e-01,0.000000000000000000e+00,-0.000000000000000000e+00,0.000000000000000000e+00,-1.242519278600336674e-01,-1.515510117807172819e-01,-0.000000000000000000e+00,-1.801749911372686752e-01,-0.000000000000000000e+00,-8.555589447311502671e-02,-0.000000000000000000e+00,-0.000000000000000000e+00,-0.000000000000000000e+00,-7.465660388212690401e-01,-3.859568202510537671e-01,2.073957883340457276e+00,-5.361042906283336462e-02,-0.000000000000000000e+00,-1.706001664496203246e-02,-0.000000000000000000e+00,-5.960914595240179165e-02,-0.000000000000000000e+00,-3.466786762915712722e-02,0.000000000000000000e+00,0.000000000000000000e+00,-0.000000000000000000e+00,-0.000000000000000000e+00,-0.000000000000000000e+00,-0.000000000000000000e+00,-0.000000000000000000e+00,-0.000000000000000000e+00,0.000000000000000000e+00,-0.000000000000000000e+00
-0.000000000000000000e+00,-0.000000000000000000e+00,-6.234846156215624602e-02,-0.000000000000000000e+00,-0.000000000000000000e+00,0.000000000000000000e+00,-0.000000000000000000e+00,1.337414085694984267e-01,-0.000000000000000000e+00,-0.000000000000000000e+00,-0.000000000000000000e+00,-0.000000000000000000e+00,-0.000000000000000000e+00,-1.375753411586005115e-01,-0.000000000000000000e+00,-1.996108810417110135e-01,-0.000000000000000000e+00,-1.714375200325594650e-01,-3.370411398046582185e-01,-5.685572198714258091e-02,-0.000000000000000000e+00,-5.361042906283336462e-02,1.802088259102466727e+00,-3.091463884900898934e-02,-6.527539579313567097e-01,0.000000000000000000e+00,-0.000000000000000000e+00,0.000000000000000000e+00,-0.000000000000000000e+00,-0.000000000000000000e+00,0.000000000000000000e+00,-0.000000000000000000e+00,-0.000000000000000000e+00,0.000000000000000000e+00,-0.000000000000000000e+00,-0.000000000000000000e+00,0.000000000000000000e+00,-0.000000000000000000e+00,-5.513291140047393846e-02
0.000000000000000000e+00,-0.000000000000000000e+00,-0.000000000000000000e+00,-0.000000000000000000e+00,-0.000000000000000000e+00,-1.565760408069444831e-01,0.000000000000000000e+00,-0.000000000000000000e+00,-1.247107573495641608e-01,0.000000000000000000e+00,0.000000000000000000e+00,-5.268542504487098987e-02,0.000000000000000000e+00,-3.755966227331817842e-01,0.000000000000000000e+00,0.000000000000000000e+00,-0.000000000000000000e+00,-0.000000000000000000e+00,-0.000000000000000000e+00,-0.000000000000000000e+00,0.000000000000000000e+00,-0.000000000000000000e+00,-3.091463884900898934e-02,1.221861852329111375e+00,-0.000000000000000000e+00,0.000000000000000000e+00,0.000000000000000000e+00,0.000000000000000000e+00,-0.000000000000000000e+00,-0.000000000000000000e+00,2.135213415923590749e-02,-0.000000000000000000e+00,0.000000000000000000e+00,-8.289023793071079171e-02,-0.000000000000000000e+00,9.896791345342655088e-02,-0.000000000000000000e+00,0.000000000000000000e+00,-0.000000000000000000e+00
-0.000000000000000000e+00,-0.000000000000000000e+00,-0.000000000000000000e+00,0.000000000000000000e+00,-1.991167930386243332e-02,0.000000000000000000e+00,-0.000000000000000000e+00,0.000000000000000000e+00,0.000000000000000000e+00,-0.000000000000000000e+00,-2.961316067882002190e-01,-0.000000000000000000e+00,-2.096586921594288666e-01,-1.132826732903632200e-01,-0.000000000000000000e+00,-0.000000000000000000e+00,0.000000000000000000e+00,-0.000000000000000000e+00,-0.000000000000000000e+00,-0.000000000000000000e+00,-3.775329910565779906e-02,-1.706001664496203246e-02,-6.527539579313567097e-01,-0.000000000000000000e+00,1.775101932785564829e+00,-0.000000000000000000e+00,-0.000000000000000000e+00,0.000000000000000000e+00,-0.000000000000000000e+00,0.000000000000000000e+00,-0.000000000000000000e+00,-0.000000000000000000e+00,-0.000000000000000000e+00,-0.000000000000000000e+00,-0.000000000000000000e+00,-3.999574674566528376e-01,-0.000000000000000000e+00,-0.000000000000000000e+00,-1.085594404937309937e-01
8.792963600221755105e-02,0.000000000000000000e+00,0.000000000000000000e+00,0.000000000000000000e+00,-0.000000000000000000e+00,-0.000000000000000000e+00,-0.000000000000000000e+00,-0.000000000000000000e+00,0.000000000000000000e+00,-0.000000000000000000e+00,-2.857054768172460624e-01,-1.510995669016941892e-02,0.000000000000000000e+00,-0.000000000000000000e+00,-9.990293838763865397e-02,-2.556290039572028938e-01,-2.747856404989200141e-01,0.000000000000000000e+00,-0.000000000000000000e+00,-0.000000000000000000e+00,0.000000000000000000e+00,-0.000000000000000000e+00,0.000000000000000000e+00,0.000000000000000000e+00,-0.000000000000000000e+00,1.636398659303087255e+00,-1.596932168783278261e-01,-5.264577313666551905e-01,-0.000000000000000000e+00,-2.444131656121110718e-01,-0.000000000000000000e+00,-0.000000000000000000e+00,-0.000000000000000000e+00,0.000000000000000000e+00,0.000000000000000000e+00,0.000000000000000000e+00,0.000000000000000000e+00,-0.000000000000000000e+00,0.000000000000000000e+00
-0.000000000000000000e+00,-0.000000000000000000e+00,-0.000000000000000000e+00,0.000000000000000000e+00,0.000000000000000000e+00,-0.000000000000000000e+00,-9.677402278273428138e-02,-0.000000000000000000e+00,0.000000000000000000e+00,0.000000000000000000e+00,-3.840209066320302012e-01,-0.000000000000000000e+00,-0.000000000000000000e+00,-4.641481781265998502e-02,0.000000000000000000e+00,0.000000000000000000e+00,-1.368085243638454901e-03,0.000000000000000000e+00,0.000000000000000000e+00,-0.000000000000000000e+00,-0.000000000000000000e+00,-5.960914595240179165e-02,-0.000000000000000000e+00,0.000000000000000000e+00,-0.000000000000000000e+00,-1.596932168783278261e-01,2.240250946738286508e+00,-8.895810107042198545e-02,-1.207541173898444148e-01,-0.000000000000000000e+00,-8.611148024146719759e-01,-4.015383404043000870e-01,-0.000000000000000000e+00,-0.000000000000000000e+00,-2.059854841429191175e-01,-0.000000000000000000e+00,-0.000000000000000000e+00,7.108770357898632104e-04,0.000000000000000000e+00
0.000000000000000000e+00,-0.000000000000000000e+00,0.000000000000000000e+00,0.000000000000000000e+00,-0.000000000000000000e+00,-0.000000000000000000e+00,-3.016702414904670268e-02,-0.000000000000000000e+00,0.000000000000000000e+00,-0.000000000000000000e+00,-0.000000000000000000e+00,0.000000000000000000e+00,-0.000000000000000000e+00,-0.000000000000000000e+00,-0.000000000000000000e+00,-1.546062574177804868e-03,-5.744139796499796169e-02,0.000000000000000000e+00,0.000000000000000000e+00,-0.000000000000000000e+00,-0.000000000000000000e+00,-0.000000000000000000e+00,0.000000000000000000e+00,0.000000000000000000e+00,0.000000000000000000e+00,-5.264577313666551905e-01,-8.895810107042198545e-02,1.632298541030989369e+00,-0.000000000000000000e+00,-0.000000000000000000e+00,-6.149503183854682087e-01,-0.000000000000000000e+00,-2.577346039045661300e-02,-0.000000000000000000e+00,-0.000000000000000000e+00,-0.000000000000000000e+00,-0.000000000000000000e+00,-0.000000000000000000e+00,0.000000000000000000e+00
-1.217352101194659197e-01,-1.088623511572174019e-01,-0.000000000000000000e+00,0.000000000000000000e+00,0.000000000000000000e+00,-0.000000000000000000e+00,-9.296133981754782505e-02,-0.000000000000000000e+00,-0.000000000000000000e+00,0.000000000000000000e+00,-0.000000000000000000e+00,0.000000000000000000e+00,-1.736752419133546499e-01,-9.884552023087347927e-02,0.000000000000000000e+00,0.000000000000000000e+00,-4.656824855899633492e-02,0.000000000000000000e+00,0.000000000000000000e+00,-0.000000000000000000e+00,-0.000000000000000000e+00,-3.466786762915712722e-02,-0.000000000000000000e+00,-0.000000000000000000e+00,-0.000000000000000000e+00,-0.000000000000000000e+00,-1.207541173898444148e-01,-0.000000000000000000e+00,1.847655869152396324e+00,0.000000000000000000e+00,-0.000000000000000000e+00,-2.796104101371774120e-01,-0.000000000000000000e+00,-5.801254479246430174e-02,-0.000000000000000000e+00,-6.313496057895144620e-02,-6.495863925998051069e-01,0.000000000000000000e+00,-0.000000000000000000e+00
-0.000000000000000000e+00,-0.000000000000000000e+00,-0.000000000000000000e+00,7.352921460841743695e-02,-2.678565199614640902e-02,0.000000000000000000e+00,0.000000000000000000e+00,0.000000000000000000e+00,-2.017482926633874241e-01,-1.430162039154986575e-01,0.000000000000000000e+00,-8.837461193314459507e-02,0.000000000000000000e+00,0.000000000000000000e+00,-0.000000000000000000e+00,-0.000000000000000000e+00,-2.413077252482496993e-02,-2.164874681829356134e-02,-0.000000000000000000e+00,-0.000000000000000000e+00,0.000000000000000000e+00,0.000000000000000000e+00,-0.000000000000000000e+00,-0.000000000000000000e+00,0.000000000000000000e+00,-2.444131656121110718e-01,-0.000000000000000000e+00,-0.000000000000000000e+00,0.000000000000000000e+00,1.260518531268789877e+00,-0.000000000000000000e+00,-2.649112467131413406e-02,-0.000000000000000000e+00,-0.000000000000000000e+00,0.000000000000000000e+00,0.000000000000000000e+00,0.000000000000000000e+00,-2.032219413571627054e-01,-0.000000000000000000e+00
-0.000000000000000000e+00,0.000000000000000000e+00,0.000000000000000000e+00,0.000000000000000000e+00,0.000000000000000000e+00,-0.000000000000000000e+00,-5.906230051260012021e-02,-0.000000000000000000e+00,8.484808058277903964e-02,0.000000000000000000e+00,-0.000000000000000000e+00,0.000000000000000000e+00,-0.000000000000000000e+00,0.000000000000000000e+00,0.000000000000000000e+00,0.000000000000000000e+00,-0.000000000000000000e+00,1.343089196571154442e-01,3.702436306218038764e-01,0.000000000000000000e+00,-0.000000000000000000e+00,0.000000000000000000e+00,0.000000000000000000e+00,2.135213415923590749e-02,-0.000000000000000000e+00,-0.000000000000000000e+00,-8.611148024146719759e-01,-6.149503183854682087e-01,-0.000000000000000000e+00,-0.000000000000000000e+00,2.314637067734865994e+00,-4.515983872000564059e-01,-3.835524254574883968e-02,-0.000000000000000000e+00,-0.000000000000000000e+00,-0.000000000000000000e+00,-0.000000000000000000e+00,0.000000000000000000e+00,0.000000000000000000e+00
-0.000000000000000000e+00,-3.058526847621594220e-03,-0.000000000000000000e+00,0.000000000000000000e+00,-0.000000000000000000e+00,-3.096350335829734651e-02,-0.000000000000000000e+00,-0.000000000000000000e+00,-0.000000000000000000e+00,0.000000000000000000e+00,-0.000000000000000000e+00,0.000000000000000000e+00,-0.000000000000000000e+00,-0.000000000000000000e+00,4.305834210722454120e-02,0.000000000000000000e+00,-1.253568501318308714e-01,0.000000000000000000e+00,1.382035720196132522e-01,-0.000000000000000000e+00,-0.000000000000000000e+00,-0.000000000000000000e+00,-0.000000000000000000e+00,-0.000000000000000000e+00,-0.000000000000000000e+00,-0.000000000000000000e+00,-4.015383404043000870e-01,-0.000000000000000000e+00,-2.796104101371774120e-01,-2.649112467131413406e-02,-4.515983872000564059e-01,2.068939051548985830e+00,-2.037402936554510435e-01,-4.824299942093173560e-02,-1.342092990888883210e-02,-7.736490563462218584e-02,-5.026582588108459149e-01,0.000000000000000000e+00,0.000000000000000000e+00
-0.000000000000000000e+00,0.000000000000000000e+00,-5.533520499210010864e-05,-0.000000000000000000e+00,-2.431028642896037803e-02,-0.000000000000000000e+00,-0.000000000000000000e+00,2.054089813393368824e-01,0.000000000000000000e+00,0.000000000000000000e+00,-0.000000000000000000e+00,1.858052943395441803e-01,-6.952137705311746407e-02,-0.000000000000000000e+00,2.117923716274670940e-03,-0.000000000000000000e+00,-0.000000000000000000e+00,-0.000000000000000000e+00,0.000000000000000000e+00,0.000000000000000000e+00,-6.025144345097748211e-01,-0.000000000000000000e+00,-0.000000000000000000e+00,0.000000000000000000e+00,-0.000000000000000000e+00,-0.000000000000000000e+00,-0.000000000000000000e+00,-2.577346039045661300e-02,-0.000000000000000000e+00,-0.000000000000000000e+00,-3.835524254574883968e-02,-2.037402936554510435e-01,1.488943337238926690e+00,0.000000000000000000e+00,-0.000000000000000000e+00,-4.767324544656805635e-02,-0.000000000000000000e+00,1.691761665853801500e-01,0.000000000000000000e+00
-0.000000000000000000e+00,-3.802295870299426950e-01,0.000000000000000000e+00,0.000000000000000000e+00,0.000000000000000000e+00,-0.000000000000000000e+00,-0.000000000000000000e+00,-1.135374812130988953e-01,-5.883609953099870893e-01,2.363295836857021506e-02,0.000000000000000000e+00,-0.000000000000000000e+00,-0.000000000000000000e+00,-1.028674502646346328e-02,0.000000000000000000e+00,3.118004959007428245e-02,-0.000000000000000000e+00,0.000000000000000000e+00,1.617787542888377006e-01,-0.000000000000000000e+00,0.000000000000000000e+00,-0.000000000000000000e+00,0.000000000000000000e+00,-8.289023793071079171e-02,-0.000000000000000000e+00,0.000000000000000000e+00,-0.000000000000000000e+00,-0.000000000000000000e+00,-5.801254479246430174e-02,-0.000000000000000000e+00,-0.000000000000000000e+00,-4.824299942093173560e-02,0.000000000000000000e+00,1.550319452909950435e+00,-1.124174768278109610e-01,-0.000000000000000000e+00,-2.043487128623770743e-02,0.000000000000000000e+00,-0.000000000000000000e+00
-1.606543777873709056e-01,-0.000000000000000000e+00,-0.000000000000000000e+00,-0.000000000000000000e+00,-0.000000000000000000e+00,-0.000000000000000000e+00,-0.000000000000000000e+00,-0.000000000000000000e+00,-0.000000000000000000e+00,0.000000000000000000e+00,-0.000000000000000000e+00,0.000000000000000000e+00,-2.269299011610325933e-01,-4.562104448874665930e-01,1.748599157218373723e-02,0.000000000000000000e+00,0.000000000000000000e+00,0.000000000000000000e+00,4.099938136562903540e-02,-0.000000000000000000e+00,-0.000000000000000000e+00,-0.000000000000000000e+00,-0.000000000000000000e+00,-0.000000000000000000e+00,-0.000000000000000000e+00,0.000000000000000000e+00,-2.059854841429191175e-01,-0.000000000000000000e+00,-0.000000000000000000e+00,0.000000000000000000e+00,-0.000000000000000000e+00,-1.342092990888883210e-02,-0.000000000000000000e+00,-1.124174768278109610e-01,2.208006041057555713e+00,-2.695938484165885662e-01,-8.793565392399130820e-01,0.000000000000000000e+00,0.000000000000000000e+00
-4.673487282260264108e-01,-0.000000000000000000e+00,0.000000000000000000e+00,0.000000000000000000e+00,0.000000000000000000e+00,0.000000000000000000e+00,-0.000000000000000000e+00,-0.000000000000000000e+00,0.000000000000000000e+00,0.000000000000000000e+00,-0.000000000000000000e+00,2.704426949703273020e-01,-1.488703224210120579e-01,-0.000000000000000000e+00,0.000000000000000000e+00,0.000000000000000000e+00,0.000000000000000000e+00,0.000000000000000000e+00,0.000000000000000000e+00,0.000000000000000000e+00,-8.210853488826999613e-02,-0.000000000000000000e+00,-0.000000000000000000e+00,9.896791345342655088e-02,-3.999574674566528376e-01,0.000000000000000000e+00,-0.000000000000000000e+00,-0.000000000000000000e+00,-6.313496057895144620e-02,0.000000000000000000e+00,-0.000000000000000000e+00,-7.736490563462218584e-02,-4.767324544656805635e-02,-0.000000000000000000e+00,-2.695938484165885662e-01,1.667932991268493259e+00,-0.000000000000000000e+00,-0.000000000000000000e+00,-0.000000000000000000e+00
-4.703109930362599916e-02,-9.730203566849068841e-02,-0.000000000000000000e+00,0.000000000000000000e+00,-0.000000000000000000e+00,-0.000000000000000000e+00,-0.000000000000000000e+00,-0.000000000000000000e+00,-0.000000000000000000e+00,0.000000000000000000e+00,-0.000000000000000000e+00,0.000000000000000000e+00,-0.000000000000000000e+00,-5.013419067179768207e-02,4.467307915172636507e-02,0.000000000000000000e+00,-0.000000000000000000e+00,-0.000000000000000000e+00,0.000000000000000000e+00,-0.000000000000000000e+00,-0.000000000000000000e+00,-0.000000000000000000e+00,0.000000000000000000e+00,-0.000000000000000000e+00,-0.000000000000000000e+00,0.000000000000000000e+00,-0.000000000000000000e+00,-0.000000000000000000e+00,-6.495863925998051069e-01,0.000000000000000000e+00,-0.000000000000000000e+00,-5.026582588108459149e-01,-0.000000000000000000e+00,-2.043487128623770743e-02,-8.793565392399130820e-01,-0.000000000000000000e+00,2.320601449804502003e+00,0.000000000000000000e+00,-0.000000000000000000e+00
-0.000000000000000000e+00,-0.000000000000000000e+00,0.000000000000000000e+00,4.254426926447776175e-02,-0.000000000000000000e+00,3.919623804153523072e-01,-0.000000000000000000e+00,-0.000000000000000000e+00,-0.000000000000000000e+00,-4.404845281293170989e-01,1.260730610155877222e-02,-0.000000000000000000e+00,-0.000000000000000000e+00,0.000000000000000000e+00,-2.303088238578480662e-01,-0.000000000000000000e+00,0.000000000000000000e+00,-0.000000000000000000e+00,-2.138941475452977789e-02,0.000000000000000000e+00,0.000000000000000000e+00,0.000000000000000000e+00,-0.000000000000000000e+00,0.000000000000000000e+00,-0.000000000000000000e+00,-0.000000000000000000e+00,7.108770357898632104e-04,-0.000000000000000000e+00,0.000000000000000000e+00,-2.032219413571627054e-01,0.000000000000000000e+00,0.000000000000000000e+00,1.691761665853801500e-01,0.000000000000000000e+00,0.000000000000000000e+00,-0.000000000000000000e+00,0.000000000000000000e+00,2.335177154700628144e+00,-1.049047588193526614e+00
-2.471589765806585237e-01,-6.961623200176536574e-02,-0.000000000000000000e+00,0.000000000000000000e+00,-0.000000000000000000e+00,1.546464057622793653e-01,-0.000000000000000000e+00,0.000000000000000000e+00,-2.535851192137988375e-01,-2.071055502666835635e-01,0.000000000000000000e+00,-0.000000000000000000e+00,-0.000000000000000000e+00,-0.000000000000000000e+00,-0.000000000000000000e+00,-0.000000000000000000e+00,0.000000000000000000e+00,-2.359524061778578707e-01,-2.324530275297022885e-01,-0.000000000000000000e+00,0.000000000000000000e+00,-0.000000000000000000e+00,-5.513291140047393846e-02,-0.000000000000000000e+00,-1.085594404937309937e-01,0.000000000000000000e+00,0.000000000000000000e+00,0.000000000000000000e+00,-0.000000000000000000e+00,-0.000000000000000000e+00,0.000000000000000000e+00,0.000000000000000000e+00,0.000000000000000000e+00,-0.000000000000000000e+00,0.000000000000000000e+00,-0.000000000000000000e+00,-0.000000000000000000e+00,-1.049047588193526614e+00,2.354789778873348283e+00
