2.238471937048135185e+00,-4.037352147582299877e-01,-0.000000000000000000e+00,-0.000000000000000000e+00,-0.000000000000000000e+00,0.000000000000000000e+00,-0.000000000000000000e+00,0.000000000000000000e+00,-5.685186673159310367e-01,-0.000000000000000000e+00,0.000000000000000000e+00,-0.000000000000000000e+00,-0.000000000000000000e+00,-7.948973123064556612e-02,-0.000000000000000000e+00,-0.000000000000000000e+00,0.000000000000000000e+00,-0.000000000000000000e+00,-0.000000000000000000e+00,-0.000000000000000000e+00,-0.000000000000000000e+00,-0.000000000000000000e+00,0.000000000000000000e+00,-0.000000000000000000e+00,-0.000000000000000000e+00,-2.832455272238112443e-01,-0.000000000000000000e+00,-1.786493940555263504e-01,-3.883841981462761161e-01,-1.861733526602399880e-01,-0.000000000000000000e+00,-0.000000000000000000e+00,-0.000000000000000000e+00,-0.000000000000000000e+00,-0.000000000000000000e+00,-1.899096356198650692e-01,-0.000000000000000000e+00,-3.376781686907560226e-02,-0.000000000000000000e+00
-4.037352147582299877e-01,1.582313564476636847e+00,-0.000000000000000000e+00,0.000000000000000000e+00,-0.000000000000000000e+00,-0.000000000000000000e+00,0.000000000000000000e+00,0.000000000000000000e+00,-0.000000000000000000e+00,-7.425771555714277827e-02,-0.000000000000000000e+00,-0.000000000000000000e+00,-0.000000000000000000e+00,-0.000000000000000000e+00,-0.000000000000000000e+00,-1.011845979511659110e-01,-0.000000000000000000e+00,-0.000000000000000000e+00,0.000000000000000000e+00,0.000000000000000000e+00,-0.000000000000000000e+00,-0.000000000000000000e+00,-0.000000000000000000e+00,-0.000000000000000000e+00,-0.000000000000000000e+00,-7.954713767455785789e-02,-8.063232043763809975e-02,-0.000000000000000000e+00,-0.000000000000000000e+00,-3.305306985761799488e-01,-0.000000000000000000e+00,-0.000000000000000000e+00,-0.000000000000000000e+00,0.000000000000000000e+00,-6.796271435831907626e-02,-2.091003767545325243e-01,-0.000000000000000000e+00,-0.000000000000000000e+00,-4.333040609093878615e-02
-0.000000000000000000e+00,-0.000000000000000000e+00,1.794894340261571575e+00,-0.000000000000000000e+00,-3.863624271760839890e-01,0.000000000000000000e+00,-0.000000000000000000e+00,2.305897528368126281e-01,-2.660480595156744510e-01,-0.000000000000000000e+00,0.000000000000000000e+00,-0.000000000000000000e+00,-0.000000000000000000e+00,-0.000000000000000000e+00,-0.000000000000000000e+00,-0.000000000000000000e+00,0.000000000000000000e+00,-7.734783503562138451e-02,-0.000000000000000000e+00,-0.000000000000000000e+00,-1.757849224141292896e-02,-2.207725078005542407e-01,0.000000000000000000e+00,-0.000000000000000000e+00,-0.000000000000000000e+00,-0.000000000000000000e+00,-2.147929672946184698e-02,-0.000000000000000000e+00,-0.000000000000000000e+00,-0.000000000000000000e+00,-0.000000000000000000e+00,-0.000000000000000000e+00,-3.901769377032578978e-01,-1.839817419148613575e-01,-0.000000000000000000e+00,-0.000000000000000000e+00,0.000000000000000000e+00,-0.000000000000000000e+00,-9.573172397458508398e-02
-0.000000000000000000e+00,0.000000000000000000e+00,-0.000000000000000000e+00,2.522873086177387592e+00,-0.000000000000000000e+00,2.039035887842884087e-01,-3.868306294080859353e-01,-0.000000000000000000e+00,-0.000000000000000000e+00,0.000000000000000000e+00,2.941644635116517081e-01,0.000000000000000000e+00,-0.000000000000000000e+00,-0.000000000000000000e+00,-0.000000000000000000e+00,1.141818797144543689e-03,2.476241849719624522e-01,-1.256863980399107183e-01,-0.000000000000000000e+00,-6.318467810015826469e-01,-0.000000000000000000e+00,-1.259619137447370585e-01,0.000000000000000000e+00,0.000000000000000000e+00,0.000000000000000000e+00,-0.000000000000000000e+00,-0.000000000000000000e+00,-1.101912344755527351e-01,-9.338153852458707868e-03,0.000000000000000000e+00,0.000000000000000000e+00,0.000000000000000000e+00,0.000000000000000000e+00,-2.239584099967396880e-01,0.000000000000000000e+00,-0.000000000000000000e+00,0.000000000000000000e+00,-1.345040878432650355e-01,0.000000000000000000e+00
-0.000000000000000000e+00,-0.000000000000000000e+00,-3.863624271760839890e-01,-0.000000000000000000e+00,1.801341533474033474e+00,0.000000000000000000e+00,-0.000000000000000000e+00,2.784319405704842598e-01,-2.103575187221100925e-03,-7.320758517126103870e-02,0.000000000000000000e+00,-0.000000000000000000e+00,-0.000000000000000000e+00,-5.513722528149646029e-01,-0.000000000000000000e+00,-0.000000000000000000e+00,0.000000000000000000e+00,-0.000000000000000000e+00,-0.000000000000000000e+00,-0.000000000000000000e+00,-0.000000000000000000e+00,-0.000000000000000000e+00,0.000000000000000000e+00,-0.000000000000000000e+00,-0.000000000000000000e+00,-2.032702185472715362e-01,-9.087838192027808404e-02,-0.000000000000000000e+00,-0.000000000000000000e+00,-1.112305975332128632e-01,-5.502349011233335571e-03,-3.535143124731190967e-02,-8.036033840994118160e-02,-0.000000000000000000e+00,-0.000000000000000000e+00,-0.000000000000000000e+00,-0.000000000000000000e+00,-0.000000000000000000e+00,-1.629884946350577957e-02
0.000000000000000000e+00,-0.000000000000000000e+00,0.000000000000000000e+00,2.039035887842884087e-01,0.000000000000000000e+00,2.743423447531478931e+00,2.003264401686365159e-01,-0.000000000000000000e+00,0.000000000000000000e+00,-0.000000000000000000e+00,-4.682727615436232949e-01,0.000000000000000000e+00,0.000000000000000000e+00,-0.000000000000000000e+00,7.617813507540259488e-02,-9.171058186566016790e-02,-4.776815832873111956e-01,9.425030057980597620e-02,1.319125051003299798e-01,2.842396837373242224e-01,0.000000000000000000e+00,0.000000000000000000e+00,-3.568156974771451440e-01,-0.000000000000000000e+00,-0.000000000000000000e+00,0.000000000000000000e+00,0.000000000000000000e+00,0.000000000000000000e+00,0.000000000000000000e+00,-0.000000000000000000e+00,-0.000000000000000000e+00,-0.000000000000000000e+00,-0.000000000000000000e+00,1.905204807767023334e-01,-0.000000000000000000e+00,0.000000000000000000e+00,-4.389151583825957603e-01,4.776156532828900944e-03,0.000000000000000000e+00
-0.000000000000000000e+00,0.000000000000000000e+00,-0.000000000000000000e+00,-3.868306294080859353e-01,-0.000000000000000000e+00,2.003264401686365159e-01,2.272674433338895739e+00,-0.000000000000000000e+00,-0.000000000000000000e+00,0.000000000000000000e+00,7.085904679173817000e-02,-0.000000000000000000e+00,-1.481342233514040818e-01,-0.000000000000000000e+00,-0.000000000000000000e+00,0.000000000000000000e+00,1.726386969768209378e-01,-6.051146555787249859e-02,-9.777892600667509315e-02,-4.082199424008256528e-01,-0.000000000000000000e+00,-3.088304758703692143e-01,5.424716582520418273e-02,0.000000000000000000e+00,0.000000000000000000e+00,-0.000000000000000000e+00,-0.000000000000000000e+00,-1.953343102516778840e-01,-4.440030844960863449e-02,-0.000000000000000000e+00,0.000000000000000000e+00,0.000000000000000000e+00,0.000000000000000000e+00,-1.321760651668726638e-01,0.000000000000000000e+00,-0.000000000000000000e+00,0.000000000000000000e+00,-0.000000000000000000e+00,-0.000000000000000000e+00
0.000000000000000000e+00,0.000000000000000000e+00,2.305897528368126281e-01,-0.000000000000000000e+00,2.784319405704842598e-01,-0.000000000000000000e+00,-0.000000000000000000e+00,1.227528799958311989e+00,0.000000000000000000e+00,0.000000000000000000e+00,-0.000000000000000000e+00,0.000000000000000000e+00,-0.000000000000000000e+00,0.000000000000000000e+00,-0.000000000000000000e+00,-0.000000000000000000e+00,-0.000000000000000000e+00,0.000000000000000000e+00,-0.000000000000000000e+00,-0.000000000000000000e+00,-0.000000000000000000e+00,-0.000000000000000000e+00,-0.000000000000000000e+00,2.153436807792996014e-03,0.000000000000000000e+00,0.000000000000000000e+00,4.896656572187523676e-02,0.000000000000000000e+00,0.000000000000000000e+00,0.000000000000000000e+00,0.000000000000000000e+00,1.825660651430630610e-01,0.000000000000000000e+00,0.000000000000000000e+00,-0.000000000000000000e+00,0.000000000000000000e+00,-0.000000000000000000e+00,0.000000000000000000e+00,0.000000000000000000e+00
-5.685186673159310367e-01,-0.000000000000000000e+00,-2.660480595156744510e-01,-0.000000000000000000e+00,-2.103575187221100925e-03,0.000000000000000000e+00,-0.000000000000000000e+00,0.000000000000000000e+00,2.219435984711493948e+00,-0.000000000000000000e+00,0.000000000000000000e+00,-9.494947085165657275e-02,-0.000000000000000000e+00,-0.000000000000000000e+00,-8.082203579096171320e-02,-0.000000000000000000e+00,0.000000000000000000e+00,-3.953619017129728630e-01,-3.045306000256423062e-02,-0.000000000000000000e+00,-0.000000000000000000e+00,-0.000000000000000000e+00,0.000000000000000000e+00,0.000000000000000000e+00,-0.000000000000000000e+00,-2.235208161985147712e-01,-2.038600323622205210e-03,-0.000000000000000000e+00,-1.105678731819080551e-01,-9.702229609991500081e-02,0.000000000000000000e+00,-0.000000000000000000e+00,-0.000000000000000000e+00,-3.656256817621549304e-01,0.000000000000000000e+00,-3.227986180875978134e-02,0.000000000000000000e+00,-0.000000000000000000e+00,-1.016256481992380833e-01
-0.000000000000000000e+00,-7.425771555714277827e-02,-0.000000000000000000e+00,0.000000000000000000e+00,-7.320758517126103870e-02,-0.000000000000000000e+00,0.000000000000000000e+00,0.000000000000000000e+00,-0.000000000000000000e+00,1.937837869896714027e+00,-0.000000000000000000e+00,-1.796544272557264524e-02,0.000000000000000000e+00,-0.000000000000000000e+00,0.000000000000000000e+00,-4.166628551444568895e-01,-0.000000000000000000e+00,-0.000000000000000000e+00,-0.000000000000000000e+00,0.000000000000000000e+00,-0.000000000000000000e+00,-0.000000000000000000e+00,-0.000000000000000000e+00,-0.000000000000000000e+00,-2.214620306488469248e-01,-0.000000000000000000e+00,-0.000000000000000000e+00,-0.000000000000000000e+00,-0.000000000000000000e+00,-3.769991159597844699e-01,-5.266476885107388428e-01,-0.000000000000000000e+00,-0.000000000000000000e+00,0.000000000000000000e+00,-0.000000000000000000e+00,-0.000000000000000000e+00,-7.971024162323386841e-02,-0.000000000000000000e+00,-3.671052845423745103e-01
0.000000000000000000e+00,-0.000000000000000000e+00,0.000000000000000000e+00,2.941644635116517081e-01,0.000000000000000000e+00,-4.682727615436232949e-01,7.085904679173817000e-02,-0.000000000000000000e+00,0.000000000000000000e+00,-0.000000000000000000e+00,2.645459507175885072e+00,0.000000000000000000e+00,0.000000000000000000e+00,-0.000000000000000000e+00,1.167732532534883211e-01,-2.277568070975645280e-03,-6.356607108845864218e-01,1.426504739517659159e-01,2.020830650706526843e-01,1.837210092795515670e-01,0.000000000000000000e+00,0.000000000000000000e+00,-1.205461815488704375e-01,-1.158012978681461774e-01,-0.000000000000000000e+00,0.000000000000000000e+00,0.000000000000000000e+00,0.000000000000000000e+00,0.000000000000000000e+00,-0.000000000000000000e+00,-3.629322338320793706e-02,-0.000000000000000000e+00,-0.000000000000000000e+00,1.213472767389963403e-01,-0.000000000000000000e+00,0.000000000000000000e+00,-3.063482051492553149e-01,6.608197316017265510e-02,0.000000000000000000e+00
-0.000000000000000000e+00,-0.000000000000000000e+00,-0.000000000000000000e+00,0.000000000000000000e+00,-0.000000000000000000e+00,0.000000000000000000e+00,-0.000000000000000000e+00,0.000000000000000000e+00,-9.494947085165657275e-02,-1.796544272557264524e-02,0.000000000000000000e+00,1.205886344503033447e+00,0.000000000000000000e+00,-0.000000000000000000e+00,-1.222471959574802508e-01,-0.000000000000000000e+00,0.000000000000000000e+00,-0.000000000000000000e+00,-2.170409597856979775e-02,-0.000000000000000000e+00,0.000000000000000000e+00,-0.000000000000000000e+00,0.000000000000000000e+00,-0.000000000000000000e+00,-0.000000000000000000e+00,-0.000000000000000000e+00,-2.088039167096678861e-01,-0.000000000000000000e+00,-0.000000000000000000e+00,-1.231478911618434230e-01,-3.779171582884484348e-02,-3.862261728778224046e-03,-0.000000000000000000e+00,-0.000000000000000000e+00,0.000000000000000000e+00,-0.000000000000000000e+00,0.000000000000000000e+00,-0.000000000000000000e+00,-1.337905330130991499e-01
-0.000000000000000000e+00,-0.000000000000000000e+00,-0.000000000000000000e+00,-0.000000000000000000e+00,-0.000000000000000000e+00,0.000000000000000000e+00,-1.481342233514040818e-01,-0.000000000000000000e+00,-0.000000000000000000e+00,0.000000000000000000e+00,0.000000000000000000e+00,0.000000000000000000e+00,1.322158659036604567e+00,-0.000000000000000000e+00,0.000000000000000000e+00,0.000000000000000000e+00,0.000000000000000000e+00,-0.000000000000000000e+00,0.000000000000000000e+00,-0.000000000000000000e+00,-2.186355505162513868e-01,-3.182139315634040511e-01,0.000000000000000000e+00,0.000000000000000000e+00,-0.000000000000000000e+00,-0.000000000000000000e+00,-0.000000000000000000e+00,-1.017472031209995381e-01,-0.000000000000000000e+00,-0.000000000000000000e+00,-0.000000000000000000e+00,-0.000000000000000000e+00,-6.260252182628343876e-02,-0.000000000000000000e+00,-0.000000000000000000e+00,-0.000000000000000000e+00,-0.000000000000000000e+00,-0.000000000000000000e+00,-0.000000000000000000e+00
-7.948973123064556612e-02,-0.000000000000000000e+00,-0.000000000000000000e+00,-0.000000000000000000e+00,-5.513722528149646029e-01,-0.000000000000000000e+00,-0.000000000000000000e+00,0.000000000000000000e+00,-0.000000000000000000e+00,-0.000000000000000000e+00,-0.000000000000000000e+00,-0.000000000000000000e+00,-0.000000000000000000e+00,1.682782204924873959e+00,0.000000000000000000e+00,-0.000000000000000000e+00,-0.000000000000000000e+00,-0.000000000000000000e+00,0.000000000000000000e+00,-0.000000000000000000e+00,-5.412317577137886609e-02,-0.000000000000000000e+00,-0.000000000000000000e+00,-2.197096295351418926e-01,-2.750477380375496161e-01,-0.000000000000000000e+00,-0.000000000000000000e+00,-1.111040608151564121e-02,-9.065183774901307279e-02,-1.279698857239335019e-01,-0.000000000000000000e+00,-0.000000000000000000e+00,-2.509574156546319768e-01,-0.000000000000000000e+00,-2.341001854135470531e-02,-4.403077281337964416e-02,-0.000000000000000000e+00,-1.146394150353659443e-02,-0.000000000000000000e+00
-0.000000000000000000e+00,-0.000000000000000000e+00,-0.000000000000000000e+00,-0.000000000000000000e+00,-0.000000000000000000e+00,7.617813507540259488e-02,-0.000000000000000000e+00,-0.000000000000000000e+00,-8.082203579096171320e-02,0.000000000000000000e+00,1.167732532534883211e-01,-1.222471959574802508e-01,0.000000000000000000e+00,0.000000000000000000e+00,1.563198549647355939e+00,0.000000000000000000e+00,0.000000000000000000e+00,-1.573150615485437998e-01,-2.365367290119491928e-01,-0.000000000000000000e+00,0.000000000000000000e+00,-0.000000000000000000e+00,1.878018462663308963e-01,0.000000000000000000e+00,0.000000000000000000e+00,-2.414359473037584192e-01,-0.000000000000000000e+00,-0.000000000000000000e+00,-1.191081463002908875e-01,-0.000000000000000000e+00,0.000000000000000000e+00,-0.000000000000000000e+00,0.000000000000000000e+00,-5.128893159859740369e-02,0.000000000000000000e+00,-0.000000000000000000e+00,3.845640091237081688e-03,-0.000000000000000000e+00,0.000000000000000000e+00
-0.000000000000000000e+00,-1.011845979511659110e-01,-0.000000000000000000e+00,1.141818797144543689e-03,-0.000000000000000000e+00,-9.171058186566016790e-02,0.000000000000000000e+00,-0.000000000000000000e+00,-0.000000000000000000e+00,-4.166628551444568895e-01,-2.277568070975645280e-03,-0.000000000000000000e+00,0.000000000000000000e+00,-0.000000000000000000e+00,0.000000000000000000e+00,1.440947557890797315e+00,-0.000000000000000000e+00,0.000000000000000000e+00,0.000000000000000000e+00,0.000000000000000000e+00,-0.000000000000000000e+00,-0.000000000000000000e+00,-4.990610253602651564e-02,-0.000000000000000000e+00,-0.000000000000000000e+00,-0.000000000000000000e+00,-0.000000000000000000e+00,-0.000000000000000000e+00,0.000000000000000000e+00,-1.442679970367077291e-01,-1.616454988354613931e-01,-0.000000000000000000e+00,-0.000000000000000000e+00,0.000000000000000000e+00,-9.436101267418825489e-02,-0.000000000000000000e+00,-2.090467393141572927e-01,0.000000000000000000e+00,-0.000000000000000000e+00
0.000000000000000000e+00,-0.000000000000000000e+00,0.000000000000000000e+00,2.476241849719624522e-01,0.000000000000000000e+00,-4.776815832873111956e-01,1.726386969768209378e-01,-0.000000000000000000e+00,0.000000000000000000e+00,-0.000000000000000000e+00,-6.356607108845864218e-01,0.000000000000000000e+00,0.000000000000000000e+00,-0.000000000000000000e+00,0.000000000000000000e+00,-0.000000000000000000e+00,2.637271989123405103e+00,1.427512210238082724e-01,2.239497459430888904e-01,2.237765999779056658e-01,0.000000000000000000e+00,0.000000000000000000e+00,-1.732888931108041153e-01,-5.472056940948826637e-02,-0.000000000000000000e+00,0.000000000000000000e+00,0.000000000000000000e+00,0.000000000000000000e+00,0.000000000000000000e+00,0.000000000000000000e+00,-0.000000000000000000e+00,-0.000000000000000000e+00,-0.000000000000000000e+00,1.488316729007827521e-01,-0.000000000000000000e+00,0.000000000000000000e+00,-1.251216614837093177e-01,1.236974384399033705e-01,0.000000000000000000e+00
-0.000000000000000000e+00,-0.000000000000000000e+00,-7.734783503562138451e-02,-1.256863980399107183e-01,-0.000000000000000000e+00,9.425030057980597620e-02,-6.051146555787249859e-02,0.000000000000000000e+00,-3.953619017129728630e-01,-0.000000000000000000e+00,1.426504739517659159e-01,-0.000000000000000000e+00,-0.000000000000000000e+00,-0.000000000000000000e+00,-1.573150615485437998e-01,0.000000000000000000e+00,1.427512210238082724e-01,2.405217594208180820e+00,-7.334682437068867911e-01,-1.328672479969675857e-01,-0.000000000000000000e+00,-8.120129295960758220e-02,0.000000000000000000e+00,0.000000000000000000e+00,-0.000000000000000000e+00,-7.587563320596147146e-03,-0.000000000000000000e+00,-8.550279286569552328e-02,-0.000000000000000000e+00,-0.000000000000000000e+00,0.000000000000000000e+00,-0.000000000000000000e+00,0.000000000000000000e+00,-2.382971148867026601e-01,0.000000000000000000e+00,-0.000000000000000000e+00,0.000000000000000000e+00,-1.717032595429769312e-02,-0.000000000000000000e+00
-0.000000000000000000e+00,0.000000000000000000e+00,-0.000000000000000000e+00,-0.000000000000000000e+00,-0.000000000000000000e+00,1.319125051003299798e-01,-9.777892600667509315e-02,-0.000000000000000000e+00,-3.045306000256423062e-02,-0.000000000000000000e+00,2.020830650706526843e-01,-2.170409597856979775e-02,0.000000000000000000e+00,0.000000000000000000e+00,-2.365367290119491928e-01,0.000000000000000000e+00,2.239497459430888904e-01,-7.334682437068867911e-01,1.969271008470707907e+00,-2.281273337419298386e-02,-0.000000000000000000e+00,-3.933626300678908644e-02,3.123991230010849350e-03,0.000000000000000000e+00,0.000000000000000000e+00,-0.000000000000000000e+00,-0.000000000000000000e+00,-0.000000000000000000e+00,-0.000000000000000000e+00,-0.000000000000000000e+00,0.000000000000000000e+00,0.000000000000000000e+00,0.000000000000000000e+00,-0.000000000000000000e+00,0.000000000000000000e+00,-0.000000000000000000e+00,0.000000000000000000e+00,-0.000000000000000000e+00,-0.000000000000000000e+00
-0.000000000000000000e+00,0.000000000000000000e+00,-0.000000000000000000e+00,-6.318467810015826469e-01,-0.000000000000000000e+00,2.842396837373242224e-01,-4.082199424008256528e-01,-0.000000000000000000e+00,-0.000000000000000000e+00,0.000000000000000000e+00,1.837210092795515670e-01,-0.000000000000000000e+00,-0.000000000000000000e+00,-0.000000000000000000e+00,-0.000000000000000000e+00,0.000000000000000000e+00,2.237765999779056658e-01,-1.328672479969675857e-01,-2.281273337419298386e-02,2.711931778729026021e+00,-0.000000000000000000e+00,-2.932823156945661980e-01,0.000000000000000000e+00,0.000000000000000000e+00,0.000000000000000000e+00,-0.000000000000000000e+00,-0.000000000000000000e+00,-1.950468734524603009e-01,-1.643613252391792623e-01,-0.000000000000000000e+00,0.000000000000000000e+00,0.000000000000000000e+00,0.000000000000000000e+00,-1.838078147463653444e-01,0.000000000000000000e+00,-0.000000000000000000e+00,0.000000000000000000e+00,-9.664519700288694282e-02,-0.000000000000000000e+00
-0.000000000000000000e+00,-0.000000000000000000e+00,-1.757849224141292896e-02,-0.000000000000000000e+00,-0.000000000000000000e+00,0.000000000000000000e+00,-0.000000000000000000e+00,-0.000000000000000000e+00,-0.000000000000000000e+00,-0.000000000000000000e+00,0.000000000000000000e+00,0.000000000000000000e+00,-2.186355505162513868e-01,-5.412317577137886609e-02,0.000000000000000000e+00,-0.000000000000000000e+00,0.000000000000000000e+00,-0.000000000000000000e+00,-0.000000000000000000e+00,-0.000000000000000000e+00,1.609231637708943730e+00,-4.385935165582474649e-01,-0.000000000000000000e+00,-0.000000000000000000e+00,-1.138633161521706710e-01,-0.000000000000000000e+00,-0.000000000000000000e+00,-3.339393026652501817e-01,-0.000000000000000000e+00,-0.000000000000000000e+00,-0.000000000000000000e+00,0.000000000000000000e+00,-2.491616736202441063e-01,-0.000000000000000000e+00,-4.304480193632359564e-02,-3.632376730989035629e-02,-0.000000000000000000e+00,-0.000000000000000000e+00,-0.000000000000000000e+00
-0.000000000000000000e+00,-0.000000000000000000e+00,-2.207725078005542407e-01,-1.259619137447370585e-01,-0.000000000000000000e+00,0.000000000000000000e+00,-3.088304758703692143e-01,-0.000000000000000000e+00,-0.000000000000000000e+00,-0.000000000000000000e+00,0.000000000000000000e+00,-0.000000000000000000e+00,-3.182139315634040511e-01,-0.000000000000000000e+00,-0.000000000000000000e+00,-0.000000000000000000e+00,0.000000000000000000e+00,-8.120129295960758220e-02,-3.933626300678908644e-02,-2.932823156945661980e-01,-4.385935165582474649e-01,2.031219183380862603e+00,0.000000000000000000e+00,0.000000000000000000e+00,-0.000000000000000000e+00,-0.000000000000000000e+00,-0.000000000000000000e+00,-1.555710936972879155e-01,-0.000000000000000000e+00,-0.000000000000000000e+00,-0.000000000000000000e+00,0.000000000000000000e+00,-0.000000000000000000e+00,-1.458512886702383569e-02,-0.000000000000000000e+00,-1.433191090475940399e-01,0.000000000000000000e+00,-0.000000000000000000e+00,-0.000000000000000000e+00
0.000000000000000000e+00,-0.000000000000000000e+00,0.000000000000000000e+00,0.000000000000000000e+00,0.000000000000000000e+00,-3.568156974771451440e-01,5.424716582520418273e-02,-0.000000000000000000e+00,0.000000000000000000e+00,-0.000000000000000000e+00,-1.205461815488704375e-01,0.000000000000000000e+00,0.000000000000000000e+00,-0.000000000000000000e+00,1.878018462663308963e-01,-4.990610253602651564e-02,-1.732888931108041153e-01,0.000000000000000000e+00,3.123991230010849350e-03,0.000000000000000000e+00,-0.000000000000000000e+00,0.000000000000000000e+00,1.617035438180511653e+00,-0.000000000000000000e+00,-3.145842616704338512e-01,0.000000000000000000e+00,0.000000000000000000e+00,0.000000000000000000e+00,2.791534400253213588e-02,-0.000000000000000000e+00,-0.000000000000000000e+00,0.000000000000000000e+00,-0.000000000000000000e+00,0.000000000000000000e+00,-6.723170825273505624e-02,0.000000000000000000e+00,-1.871152600580207881e-01,0.000000000000000000e+00,-0.000000000000000000e+00
-0.000000000000000000e+00,-0.000000000000000000e+00,-0.000000000000000000e+00,0.000000000000000000e+00,-0.000000000000000000e+00,-0.000000000000000000e+00,0.000000000000000000e+00,2.153436807792996014e-03,0.000000000000000000e+00,-0.000000000000000000e+00,-1.158012978681461774e-01,-0.000000000000000000e+00,0.000000000000000000e+00,-2.197096295351418926e-01,0.000000000000000000e+00,-0.000000000000000000e+00,-5.472056940948826637e-02,0.000000000000000000e+00,0.000000000000000000e+00,0.000000000000000000e+00,-0.000000000000000000e+00,0.000000000000000000e+00,-0.000000000000000000e+00,1.111859001199475117e+00,-0.000000000000000000e+00,-0.000000000000000000e+00,-0.000000000000000000e+00,0.000000000000000000e+00,0.000000000000000000e+00,-0.000000000000000000e+00,-6.617356173134554542e-02,-6.770119140185584805e-02,-6.344796768621495386e-02,0.000000000000000000e+00,-0.000000000000000000e+00,0.000000000000000000e+00,-6.376694769561307152e-02,0.000000000000000000e+00,-0.000000000000000000e+00
-0.000000000000000000e+00,-0.000000000000000000e+00,-0.000000000000000000e+00,0.000000000000000000e+00,-0.000000000000000000e+00,-0.000000000000000000e+00,0.000000000000000000e+00,0.000000000000000000e+00,-0.000000000000000000e+00,-2.214620306488469248e-01,-0.000000000000000000e+00,-0.000000000000000000e+00,-0.000000000000000000e+00,-2.750477380375496161e-01,0.000000000000000000e+00,-0.000000000000000000e+00,-0.000000000000000000e+00,-0.000000000000000000e+00,0.000000000000000000e+00,0.000000000000000000e+00,-1.138633161521706710e-01,-0.000000000000000000e+00,-3.145842616704338512e-01,-0.000000000000000000e+00,1.439217401471346136e+00,-0.000000000000000000e+00,-0.000000000000000000e+00,-0.000000000000000000e+00,-0.000000000000000000e+00,-0.000000000000000000e+00,-2.000065499980840239e-02,0.000000000000000000e+00,-2.044315487901509354e-01,-0.000000000000000000e+00,-2.207253965122018824e-01,-0.000000000000000000e+00,-3.313651728335454370e-03,-0.000000000000000000e+00,-0.000000000000000000e+00
-2.832455272238112443e-01,-7.954713767455785789e-02,-0.000000000000000000e+00,-0.000000000000000000e+00,-2.032702185472715362e-01,0.000000000000000000e+00,-0.000000000000000000e+00,0.000000000000000000e+00,-2.235208161985147712e-01,-0.000000000000000000e+00,0.000000000000000000e+00,-0.000000000000000000e+00,-0.000000000000000000e+00,-0.000000000000000000e+00,-2.414359473037584192e-01,-0.000000000000000000e+00,0.000000000000000000e+00,-7.587563320596147146e-03,-0.000000000000000000e+00,-0.000000000000000000e+00,-0.000000000000000000e+00,-0.000000000000000000e+00,0.000000000000000000e+00,-0.000000000000000000e+00,-0.000000000000000000e+00,2.244323100711270946e+00,-3.707217802130642337e-01,-1.870022521898445922e-01,-5.364180982481623339e-01,-2.324826649495064235e-01,-0.000000000000000000e+00,-3.001178127819912125e-02,-0.000000000000000000e+00,-0.000000000000000000e+00,0.000000000000000000e+00,-6.877481399837354070e-02,0.000000000000000000e+00,-0.000000000000000000e+00,-0.000000000000000000e+00
-0.000000000000000000e+00,-8.063232043763809975e-02,-2.147929672946184698e-02,-0.000000000000000000e+00,-9.087838192027808404e-02,0.000000000000000000e+00,-0.000000000000000000e+00,4.896656572187523676e-02,-2.038600323622205210e-03,-0.000000000000000000e+00,0.000000000000000000e+00,-2.088039167096678861e-01,-0.000000000000000000e+00,-0.000000000000000000e+00,-0.000000000000000000e+00,-0.000000000000000000e+00,0.000000000000000000e+00,-0.000000000000000000e+00,-0.000000000000000000e+00,-0.000000000000000000e+00,-0.000000000000000000e+00,-0.000000000000000000e+00,0.000000000000000000e+00,-0.000000000000000000e+00,-0.000000000000000000e+00,-3.707217802130642337e-01,1.466715179306510297e+00,-0.000000000000000000e+00,-0.000000000000000000e+00,-5.521988905479661980e-02,-8.322825548701866250e-02,-9.267741084037875443e-02,-0.000000000000000000e+00,-0.000000000000000000e+00,0.000000000000000000e+00,-0.000000000000000000e+00,0.000000000000000000e+00,-0.000000000000000000e+00,-2.747144653257991287e-01
-1.786493940555263504e-01,-0.000000000000000000e+00,-0.000000000000000000e+00,-1.101912344755527351e-01,-0.000000000000000000e+00,0.000000000000000000e+00,-1.953343102516778840e-01,0.000000000000000000e+00,-0.000000000000000000e+00,-0.000000000000000000e+00,0.000000000000000000e+00,-0.000000000000000000e+00,-1.017472031209995381e-01,-1.111040608151564121e-02,-0.000000000000000000e+00,-0.000000000000000000e+00,0.000000000000000000e+00,-8.550279286569552328e-02,-0.000000000000000000e+00,-1.950468734524603009e-01,-3.339393026652501817e-01,-1.555710936972879155e-01,0.000000000000000000e+00,0.000000000000000000e+00,-0.000000000000000000e+00,-1.870022521898445922e-01,-0.000000000000000000e+00,2.155939884787337224e+00,-4.554938399670682148e-01,-0.000000000000000000e+00,-0.000000000000000000e+00,-0.000000000000000000e+00,-0.000000000000000000e+00,-2.079512131822838610e-03,-0.000000000000000000e+00,-8.397701082617899104e-02,0.000000000000000000e+00,-1.997787546471671283e-01,-0.000000000000000000e+00
-3.883841981462761161e-01,-0.000000000000000000e+00,-0.000000000000000000e+00,-9.338153852458707868e-03,-0.000000000000000000e+00,0.000000000000000000e+00,-4.440030844960863449e-02,0.000000000000000000e+00,-1.105678731819080551e-01,-0.000000000000000000e+00,0.000000000000000000e+00,-0.000000000000000000e+00,-0.000000000000000000e+00,-9.065183774901307279e-02,-1.191081463002908875e-01,0.000000000000000000e+00,0.000000000000000000e+00,-0.000000000000000000e+00,-0.000000000000000000e+00,-1.643613252391792623e-01,-0.000000000000000000e+00,-0.000000000000000000e+00,2.791534400253213588e-02,0.000000000000000000e+00,-0.000000000000000000e+00,-5.364180982481623339e-01,-0.000000000000000000e+00,-4.554938399670682148e-01,2.186867236846477436e+00,-0.000000000000000000e+00,-0.000000000000000000e+00,-7.158670196021944820e-02,-0.000000000000000000e+00,-6.595450552580114922e-02,0.000000000000000000e+00,-0.000000000000000000e+00,0.000000000000000000e+00,-1.784656620386428916e-01,-0.000000000000000000e+00
-1.861733526602399880e-01,-3.305306985761799488e-01,-0.000000000000000000e+00,0.000000000000000000e+00,-1.112305975332128632e-01,-0.000000000000000000e+00,-0.000000000000000000e+00,0.000000000000000000e+00,-9.702229609991500081e-02,-3.769991159597844699e-01,-0.000000000000000000e+00,-1.231478911618434230e-01,-0.000000000000000000e+00,-1.279698857239335019e-01,-0.000000000000000000e+00,-1.442679970367077291e-01,0.000000000000000000e+00,-0.000000000000000000e+00,-0.000000000000000000e+00,-0.000000000000000000e+00,-0.000000000000000000e+00,-0.000000000000000000e+00,-0.000000000000000000e+00,-0.000000000000000000e+00,-0.000000000000000000e+00,-2.324826649495064235e-01,-5.521988905479661980e-02,-0.000000000000000000e+00,-0.000000000000000000e+00,1.981138797720620071e+00,-0.000000000000000000e+00,-0.000000000000000000e+00,-0.000000000000000000e+00,-0.000000000000000000e+00,-0.000000000000000000e+00,-3.579974200961546504e-01,-0.000000000000000000e+00,-0.000000000000000000e+00,-6.672591692270234132e-02
-0.000000000000000000e+00,-0.000000000000000000e+00,-0.000000000000000000e+00,0.000000000000000000e+00,-5.502349011233335571e-03,-0.000000000000000000e+00,0.000000000000000000e+00,0.000000000000000000e+00,0.000000000000000000e+00,-5.266476885107388428e-01,-3.629322338320793706e-02,-3.779171582884484348e-02,-0.000000000000000000e+00,-0.000000000000000000e+00,0.000000000000000000e+00,-1.616454988354613931e-01,-0.000000000000000000e+00,0.000000000000000000e+00,0.000000000000000000e+00,0.000000000000000000e+00,-0.000000000000000000e+00,-0.000000000000000000e+00,-0.000000000000000000e+00,-6.617356173134554542e-02,-2.000065499980840239e-02,-0.000000000000000000e+00,-8.322825548701866250e-02,-0.000000000000000000e+00,-0.000000000000000000e+00,-0.000000000000000000e+00,1.495201610445844764e+00,-9.049852132899142976e-02,-2.648955851234496839e-01,0.000000000000000000e+00,-2.138545316841037464e-02,-0.000000000000000000e+00,-6.372177403596852863e-02,0.000000000000000000e+00,-0.000000000000000000e+00
-0.000000000000000000e+00,-0.000000000000000000e+00,-0.000000000000000000e+00,0.000000000000000000e+00,-3.535143124731190967e-02,-0.000000000000000000e+00,0.000000000000000000e+00,1.825660651430630610e-01,-0.000000000000000000e+00,-0.000000000000000000e+00,-0.000000000000000000e+00,-3.862261728778224046e-03,-0.000000000000000000e+00,-0.000000000000000000e+00,-0.000000000000000000e+00,-0.000000000000000000e+00,-0.000000000000000000e+00,-0.000000000000000000e+00,0.000000000000000000e+00,0.000000000000000000e+00,0.000000000000000000e+00,0.000000000000000000e+00,0.000000000000000000e+00,-6.770119140185584805e-02,0.000000000000000000e+00,-3.001178127819912125e-02,-9.267741084037875443e-02,-0.000000000000000000e+00,-7.158670196021944820e-02,-0.000000000000000000e+00,-9.049852132899142976e-02,1.102364680323854040e+00,-0.000000000000000000e+00,-0.000000000000000000e+00,-0.000000000000000000e+00,-0.000000000000000000e+00,-0.000000000000000000e+00,0.000000000000000000e+00,-0.000000000000000000e+00
-0.000000000000000000e+00,-0.000000000000000000e+00,-3.901769377032578978e-01,0.000000000000000000e+00,-8.036033840994118160e-02,-0.000000000000000000e+00,0.000000000000000000e+00,0.000000000000000000e+00,-0.000000000000000000e+00,-0.000000000000000000e+00,-0.000000000000000000e+00,-0.000000000000000000e+00,-6.260252182628343876e-02,-2.509574156546319768e-01,0.000000000000000000e+00,-0.000000000000000000e+00,-0.000000000000000000e+00,0.000000000000000000e+00,0.000000000000000000e+00,0.000000000000000000e+00,-2.491616736202441063e-01,-0.000000000000000000e+00,-0.000000000000000000e+00,-6.344796768621495386e-02,-2.044315487901509354e-01,-0.000000000000000000e+00,-0.000000000000000000e+00,-0.000000000000000000e+00,-0.000000000000000000e+00,-0.000000000000000000e+00,-2.648955851234496839e-01,-0.000000000000000000e+00,1.636422051571522429e+00,-0.000000000000000000e+00,-1.720013544410767536e-01,-0.000000000000000000e+00,-1.252808155960206081e-02,-0.000000000000000000e+00,-0.000000000000000000e+00
-0.000000000000000000e+00,0.000000000000000000e+00,-1.839817419148613575e-01,-2.239584099967396880e-01,-0.000000000000000000e+00,1.905204807767023334e-01,-1.321760651668726638e-01,0.000000000000000000e+00,-3.656256817621549304e-01,0.000000000000000000e+00,1.213472767389963403e-01,-0.000000000000000000e+00,-0.000000000000000000e+00,-0.000000000000000000e+00,-5.128893159859740369e-02,0.000000000000000000e+00,1.488316729007827521e-01,-2.382971148867026601e-01,-0.000000000000000000e+00,-1.838078147463653444e-01,-0.000000000000000000e+00,-1.458512886702383569e-02,0.000000000000000000e+00,0.000000000000000000e+00,-0.000000000000000000e+00,-0.000000000000000000e+00,-0.000000000000000000e+00,-2.079512131822838610e-03,-6.595450552580114922e-02,-0.000000000000000000e+00,0.000000000000000000e+00,-0.000000000000000000e+00,-0.000000000000000000e+00,2.174902716380841650e+00,0.000000000000000000e+00,-0.000000000000000000e+00,0.000000000000000000e+00,-2.902460414695518520e-01,-0.000000000000000000e+00
-0.000000000000000000e+00,-6.796271435831907626e-02,-0.000000000000000000e+00,0.000000000000000000e+00,-0.000000000000000000e+00,-0.000000000000000000e+00,0.000000000000000000e+00,-0.000000000000000000e+00,0.000000000000000000e+00,-0.000000000000000000e+00,-0.000000000000000000e+00,0.000000000000000000e+00,-0.000000000000000000e+00,-2.341001854135470531e-02,0.000000000000000000e+00,-9.436101267418825489e-02,-0.000000000000000000e+00,0.000000000000000000e+00,0.000000000000000000e+00,0.000000000000000000e+00,-4.304480193632359564e-02,-0.000000000000000000e+00,-6.723170825273505624e-02,-0.000000000000000000e+00,-2.207253965122018824e-01,0.000000000000000000e+00,0.000000000000000000e+00,-0.000000000000000000e+00,0.000000000000000000e+00,-0.000000000000000000e+00,-2.138545316841037464e-02,-0.000000000000000000e+00,-1.720013544410767536e-01,0.000000000000000000e+00,1.728839895603166976e+00,-0.000000000000000000e+00,-8.961928021262772770e-01,0.000000000000000000e+00,-0.000000000000000000e+00
-1.899096356198650692e-01,-2.091003767545325243e-01,-0.000000000000000000e+00,-0.000000000000000000e+00,-0.000000000000000000e+00,0.000000000000000000e+00,-0.000000000000000000e+00,0.000000000000000000e+00,-3.227986180875978134e-02,-0.000000000000000000e+00,0.000000000000000000e+00,-0.000000000000000000e+00,-0.000000000000000000e+00,-4.403077281337964416e-02,-0.000000000000000000e+00,-0.000000000000000000e+00,0.000000000000000000e+00,-0.000000000000000000e+00,-0.000000000000000000e+00,-0.000000000000000000e+00,-3.632376730989035629e-02,-1.433191090475940399e-01,0.000000000000000000e+00,0.000000000000000000e+00,-0.000000000000000000e+00,-6.877481399837354070e-02,-0.000000000000000000e+00,-8.397701082617899104e-02,-0.000000000000000000e+00,-3.579974200961546504e-01,-0.000000000000000000e+00,-0.000000000000000000e+00,-0.000000000000000000e+00,-0.000000000000000000e+00,-0.000000000000000000e+00,1.533744046324531318e+00,-0.000000000000000000e+00,-6.977153403550864774e-02,-7.416402640444554051e-02
-0.000000000000000000e+00,-0.000000000000000000e+00,0.000000000000000000e+00,0.000000000000000000e+00,-0.000000000000000000e+00,-4.389151583825957603e-01,0.000000000000000000e+00,-0.000000000000000000e+00,0.000000000000000000e+00,-7.971024162323386841e-02,-3.063482051492553149e-01,0.000000000000000000e+00,-0.000000000000000000e+00,-0.000000000000000000e+00,3.845640091237081688e-03,-2.090467393141572927e-01,-1.251216614837093177e-01,0.000000000000000000e+00,0.000000000000000000e+00,0.000000000000000000e+00,-0.000000000000000000e+00,0.000000000000000000e+00,-1.871152600580207881e-01,-6.376694769561307152e-02,-3.313651728335454370e-03,0.000000000000000000e+00,0.000000000000000000e+00,0.000000000000000000e+00,0.000000000000000000e+00,-0.000000000000000000e+00,-6.372177403596852863e-02,-0.000000000000000000e+00,-1.252808155960206081e-02,0.000000000000000000e+00,-8.961928021262772770e-01,-0.000000000000000000e+00,2.169628021587173716e+00,0.000000000000000000e+00,-0.000000000000000000e+00
-3.376781686907560226e-02,-0.000000000000000000e+00,-0.000000000000000000e+00,-1.345040878432650355e-01,-0.000000000000000000e+00,4.776156532828900944e-03,-0.000000000000000000e+00,0.000000000000000000e+00,-0.000000000000000000e+00,-0.000000000000000000e+00,6.608197316017265510e-02,-0.000000000000000000e+00,-0.000000000000000000e+00,-1.146394150353659443e-02,-0.000000000000000000e+00,0.000000000000000000e+00,1.236974384399033705e-01,-1.717032595429769312e-02,-0.000000000000000000e+00,-9.664519700288694282e-02,-0.000000000000000000e+00,-0.000000000000000000e+00,0.000000000000000000e+00,0.000000000000000000e+00,-0.000000000000000000e+00,-0.000000000000000000e+00,-0.000000000000000000e+00,-1.997787546471671283e-01,-1.784656620386428916e-01,-0.000000000000000000e+00,0.000000000000000000e+00,0.000000000000000000e+00,-0.000000000000000000e+00,-2.902460414695518520e-01,0.000000000000000000e+00,-6.977153403550864774e-02,0.000000000000000000e+00,1.552449807533753834e+00,-3.368822898948795747e-02
-0.000000000000000000e+00,-4.333040609093878615e-02,-9.573172397458508398e-02,0.000000000000000000e+00,-1.629884946350577957e-02,0.000000000000000000e+00,-0.000000000000000000e+00,0.000000000000000000e+00,-1.016256481992380833e-01,-3.671052845423745103e-01,0.000000000000000000e+00,-1.337905330130991499e-01,-0.000000000000000000e+00,-0.000000000000000000e+00,0.000000000000000000e+00,-0.000000000000000000e+00,0.000000000000000000e+00,-0.000000000000000000e+00,-0.000000000000000000e+00,-0.000000000000000000e+00,-0.000000000000000000e+00,-0.000000000000000000e+00,-0.000000000000000000e+00,-0.000000000000000000e+00,-0.000000000000000000e+00,-0.000000000000000000e+00,-2.747144653257991287e-01,-0.000000000000000000e+00,-0.000000000000000000e+00,-6.672591692270234132e-02,-0.000000000000000000e+00,-0.000000000000000000e+00,-0.000000000000000000e+00,-0.000000000000000000e+00,-0.000000000000000000e+00,-7.416402640444554051e-02,-0.000000000000000000e+00,-3.368822898948795747e-02,1.426142201872645066e+00
