2.353738889679275026e+00,-6.463301898818616387e-01,-2.809142760872543332e-01,0.000000000000000000e+00,-0.000000000000000000e+00,0.000000000000000000e+00,0.000000000000000000e+00,3.840736626851713048e-02,-5.576785609957153611e-02,-0.000000000000000000e+00,0.000000000000000000e+00,-0.000000000000000000e+00,0.000000000000000000e+00,0.000000000000000000e+00,-0.000000000000000000e+00,-3.718227146878614331e-01,-0.000000000000000000e+00,0.000000000000000000e+00,0.000000000000000000e+00,-1.987576407009645496e-01,-3.547865264094323106e-03,-7.041992026109426817e-02,-0.000000000000000000e+00,-0.000000000000000000e+00,0.000000000000000000e+00,-0.000000000000000000e+00,-3.631526343983597083e-01,-1.807125293078667982e-01,-1.468348984890331943e-01,-1.211554498200753255e-01,-0.000000000000000000e+00,-2.322590086239572499e-02,-0.000000000000000000e+00,-0.000000000000000000e+00,-0.000000000000000000e+00,-0.000000000000000000e+00,-0.000000000000000000e+00,-4.559740651129057243e-02,-2.194188932765774591e-01
-6.463301898818616387e-01,1.624435410022642579e+00,-0.000000000000000000e+00,-0.000000000000000000e+00,-0.000000000000000000e+00,0.000000000000000000e+00,-0.000000000000000000e+00,0.000000000000000000e+00,-3.100040259879678350e-01,0.000000000000000000e+00,-0.000000000000000000e+00,0.000000000000000000e+00,1.191854127646247014e-01,8.712984037895631084e-02,-0.000000000000000000e+00,-0.000000000000000000e+00,-1.017992961403543922e-01,-0.000000000000000000e+00,4.173490894562966597e-02,-0.000000000000000000e+00,-0.000000000000000000e+00,-0.000000000000000000e+00,0.000000000000000000e+00,-0.000000000000000000e+00,0.000000000000000000e+00,-1.748995688024371775e-01,-0.000000000000000000e+00,-2.684906573166942478e-02,-3.020512419810416835e-02,-5.333199508500406638e-02,0.000000000000000000e+00,-0.000000000000000000e+00,0.000000000000000000e+00,-0.000000000000000000e+00,-0.000000000000000000e+00,-0.000000000000000000e+00,-0.000000000000000000e+00,0.000000000000000000e+00,-0.000000000000000000e+00
-2.809142760872543332e-01,-0.000000000000000000e+00,3.116748231313906103e+00,0.000000000000000000e+00,-2.949309407481419676e-01,0.000000000000000000e+00,-0.000000000000000000e+00,1.434701924593325906e+00,-0.000000000000000000e+00,-0.000000000000000000e+00,-0.000000000000000000e+00,0.000000000000000000e+00,0.000000000000000000e+00,0.000000000000000000e+00,-0.000000000000000000e+00,-4.089775078591038893e-02,-0.000000000000000000e+00,-0.000000000000000000e+00,0.000000000000000000e+00,-1.857135219032156892e-01,-4.549806920687907708e-01,-6.655043763556114933e-02,-0.000000000000000000e+00,-0.000000000000000000e+00,0.000000000000000000e+00,-9.401184596579370556e-02,-0.000000000000000000e+00,-3.048602740384044330e-01,-0.000000000000000000e+00,-0.000000000000000000e+00,-0.000000000000000000e+00,-0.000000000000000000e+00,-7.576607966144860429e-02,-1.392663361334736949e-01,-0.000000000000000000e+00,-0.000000000000000000e+00,-0.000000000000000000e+00,-0.000000000000000000e+00,-0.000000000000000000e+00
0.000000000000000000e+00,-0.000000000000000000e+00,0.000000000000000000e+00,1.670582919083430040e+00,-0.000000000000000000e+00,0.000000000000000000e+00,-1.266018452982998477e-01,-0.000000000000000000e+00,-0.000000000000000000e+00,6.078488416430867236e-01,0.000000000000000000e+00,-0.000000000000000000e+00,1.217972478904646577e-01,0.000000000000000000e+00,3.185752935607571307e-02,1.332021942408889714e-02,0.000000000000000000e+00,-2.575779055186919742e-01,0.000000000000000000e+00,-0.000000000000000000e+00,0.000000000000000000e+00,0.000000000000000000e+00,0.000000000000000000e+00,-2.597476500940661126e-02,1.216499330298848186e-01,0.000000000000000000e+00,1.180887180311809698e-01,0.000000000000000000e+00,0.000000000000000000e+00,0.000000000000000000e+00,1.291974643100980980e-01,0.000000000000000000e+00,0.000000000000000000e+00,-2.965350104961975847e-02,0.000000000000000000e+00,6.965985725458821720e-02,0.000000000000000000e+00,0.000000000000000000e+00,0.000000000000000000e+00
-0.000000000000000000e+00,-0.000000000000000000e+00,-2.949309407481419676e-01,-0.000000000000000000e+00,1.847821838004471973e+00,0.000000000000000000e+00,-1.139778162289050434e-01,1.848037808464906562e-01,-0.000000000000000000e+00,-0.000000000000000000e+00,-0.000000000000000000e+00,0.000000000000000000e+00,0.000000000000000000e+00,-0.000000000000000000e+00,0.000000000000000000e+00,-0.000000000000000000e+00,-0.000000000000000000e+00,-0.000000000000000000e+00,-0.000000000000000000e+00,-0.000000000000000000e+00,-0.000000000000000000e+00,-0.000000000000000000e+00,-0.000000000000000000e+00,-2.055615716799029380e-01,-0.000000000000000000e+00,-0.000000000000000000e+00,-0.000000000000000000e+00,-3.352661303389171676e-01,-0.000000000000000000e+00,-1.305269828387101427e-01,-0.000000000000000000e+00,-0.000000000000000000e+00,-1.356783948989923605e-01,-5.048603294646063500e-01,-0.000000000000000000e+00,-8.489907624945233766e-02,-0.000000000000000000e+00,-0.000000000000000000e+00,-0.000000000000000000e+00
0.000000000000000000e+00,0.000000000000000000e+00,0.000000000000000000e+00,0.000000000000000000e+00,0.000000000000000000e+00,2.222858803164617925e+00,-1.592308746187300408e-02,-0.000000000000000000e+00,4.393009651439442331e-01,-0.000000000000000000e+00,-7.889413739138376735e-01,1.428764027523859448e-01,-0.000000000000000000e+00,-3.489394858640345598e-01,0.000000000000000000e+00,-0.000000000000000000e+00,-1.849409424835574828e-02,0.000000000000000000e+00,0.000000000000000000e+00,2.495415557796454385e-03,0.000000000000000000e+00,-0.000000000000000000e+00,-1.271332270292154232e-01,5.968359898711313866e-02,-0.000000000000000000e+00,-0.000000000000000000e+00,0.000000000000000000e+00,-0.000000000000000000e+00,-0.000000000000000000e+00,0.000000000000000000e+00,-0.000000000000000000e+00,-4.217751059750034226e-02,-5.671897720856440041e-03,0.000000000000000000e+00,-0.000000000000000000e+00,-0.000000000000000000e+00,-0.000000000000000000e+00,2.307039305501309701e-01,2.203080456940963716e-01
0.000000000000000000e+00,-0.000000000000000000e+00,-0.000000000000000000e+00,-1.266018452982998477e-01,-1.139778162289050434e-01,-1.592308746187300408e-02,1.139462788476427013e+00,0.000000000000000000e+00,0.000000000000000000e+00,0.000000000000000000e+00,-2.264947302269637308e-01,0.000000000000000000e+00,-0.000000000000000000e+00,-0.000000000000000000e+00,0.000000000000000000e+00,-0.000000000000000000e+00,-0.000000000000000000e+00,-0.000000000000000000e+00,0.000000000000000000e+00,-0.000000000000000000e+00,-0.000000000000000000e+00,-0.000000000000000000e+00,-0.000000000000000000e+00,0.000000000000000000e+00,-0.000000000000000000e+00,-0.000000000000000000e+00,0.000000000000000000e+00,-1.173328848177020989e-01,-0.000000000000000000e+00,-0.000000000000000000e+00,-0.000000000000000000e+00,-0.000000000000000000e+00,-0.000000000000000000e+00,-0.000000000000000000e+00,-0.000000000000000000e+00,-0.000000000000000000e+00,-0.000000000000000000e+00,1.809878129372086419e-01,4.010338132618224138e-02
3.840736626851713048e-02,0.000000000000000000e+00,1.434701924593325906e+00,-0.000000000000000000e+00,1.848037808464906562e-01,-0.000000000000000000e+00,0.000000000000000000e+00,2.769964929534532327e+00,0.000000000000000000e+00,-0.000000000000000000e+00,0.000000000000000000e+00,-0.000000000000000000e+00,-0.000000000000000000e+00,-0.000000000000000000e+00,0.000000000000000000e+00,0.000000000000000000e+00,0.000000000000000000e+00,-0.000000000000000000e+00,-0.000000000000000000e+00,6.033168145092187434e-02,3.306245661808615566e-01,7.791837805256253413e-02,0.000000000000000000e+00,0.000000000000000000e+00,-0.000000000000000000e+00,0.000000000000000000e+00,0.000000000000000000e+00,1.765592522957113719e-01,0.000000000000000000e+00,0.000000000000000000e+00,0.000000000000000000e+00,0.000000000000000000e+00,2.964114980872792904e-01,2.172931450792004449e-01,0.000000000000000000e+00,0.000000000000000000e+00,0.000000000000000000e+00,0.000000000000000000e+00,0.000000000000000000e+00
-5.576785609957153611e-02,-3.100040259879678350e-01,-0.000000000000000000e+00,-0.000000000000000000e+00,-0.000000000000000000e+00,4.393009651439442331e-01,0.000000000000000000e+00,0.000000000000000000e+00,2.401759089191084939e+00,0.000000000000000000e+00,1.869785251834191753e-01,-1.169329827789206133e-01,3.590173924977154152e-01,1.603169762890691297e-01,-1.056077993615916477e-01,-0.000000000000000000e+00,-0.000000000000000000e+00,-8.449820650119277410e-02,-0.000000000000000000e+00,-4.283631341931965486e-01,-0.000000000000000000e+00,0.000000000000000000e+00,0.000000000000000000e+00,-3.738459427633586060e-03,0.000000000000000000e+00,-0.000000000000000000e+00,-0.000000000000000000e+00,-0.000000000000000000e+00,-0.000000000000000000e+00,-1.173854299411576929e-01,0.000000000000000000e+00,0.000000000000000000e+00,1.236331374506746961e-01,-3.923181336641437533e-01,0.000000000000000000e+00,0.000000000000000000e+00,0.000000000000000000e+00,-1.052306784477943097e-01,-3.007515101510187527e-01
-0.000000000000000000e+00,0.000000000000000000e+00,-0.000000000000000000e+00,6.078488416430867236e-01,-0.000000000000000000e+00,-0.000000000000000000e+00,0.000000000000000000e+00,-0.000000000000000000e+00,0.000000000000000000e+00,2.615779415000426766e+00,-0.000000000000000000e+00,-0.000000000000000000e+00,-4.816384239836143388e-01,-0.000000000000000000e+00,-0.000000000000000000e+00,-1.470135289191620565e-01,-0.000000000000000000e+00,0.000000000000000000e+00,-6.786973489700629525e-01,0.000000000000000000e+00,-0.000000000000000000e+00,-0.000000000000000000e+00,-1.217477452266116922e-01,0.000000000000000000e+00,-4.728755773760796033e-01,-0.000000000000000000e+00,-0.000000000000000000e+00,0.000000000000000000e+00,-0.000000000000000000e+00,-0.000000000000000000e+00,-5.318658355990246722e-01,-0.000000000000000000e+00,-0.000000000000000000e+00,0.000000000000000000e+00,-0.000000000000000000e+00,-0.000000000000000000e+00,-0.000000000000000000e+00,-0.000000000000000000e+00,-3.969977243323020988e-03
0.000000000000000000e+00,-0.000000000000000000e+00,-0.000000000000000000e+00,0.000000000000000000e+00,-0.000000000000000000e+00,-7.889413739138376735e-01,-2.264947302269637308e-01,0.000000000000000000e+00,1.869785251834191753e-01,-0.000000000000000000e+00,2.266716081500034008e+00,5.460241690110986118e-02,-1.343744748783111398e-01,-0.000000000000000000e+00,0.000000000000000000e+00,-0.000000000000000000e+00,-1.992887193666888768e-01,0.000000000000000000e+00,0.000000000000000000e+00,0.000000000000000000e+00,-0.000000000000000000e+00,-2.656018472201446268e-01,-2.795652962634516125e-01,4.538485471377488173e-02,-3.243350255902278240e-02,-0.000000000000000000e+00,-0.000000000000000000e+00,-0.000000000000000000e+00,-0.000000000000000000e+00,-0.000000000000000000e+00,-2.035625790697007942e-01,-3.983247735759225944e-02,-1.336011307558919170e-01,0.000000000000000000e+00,-0.000000000000000000e+00,-4.617749710283999831e-02,-1.990874416056368779e-01,5.075058834384500034e-02,0.000000000000000000e+00
-0.000000000000000000e+00,0.000000000000000000e+00,0.000000000000000000e+00,-0.000000000000000000e+00,0.000000000000000000e+00,1.428764027523859448e-01,0.000000000000000000e+00,-0.000000000000000000e+00,-1.169329827789206133e-01,-0.000000000000000000e+00,5.460241690110986118e-02,1.886472093665875649e+00,0.000000000000000000e+00,6.054305811598328230e-02,-5.750509328742362536e-01,0.000000000000000000e+00,0.000000000000000000e+00,-0.000000000000000000e+00,-2.909646461557937047e-01,-0.000000000000000000e+00,-0.000000000000000000e+00,0.000000000000000000e+00,0.000000000000000000e+00,-0.000000000000000000e+00,0.000000000000000000e+00,0.000000000000000000e+00,-0.000000000000000000e+00,0.000000000000000000e+00,0.000000000000000000e+00,-0.000000000000000000e+00,-0.000000000000000000e+00,0.000000000000000000e+00,1.933819119249774732e-01,-0.000000000000000000e+00,0.000000000000000000e+00,5.925911876908750327e-03,3.583031419269432916e-01,-3.049523345177700406e-01,-8.351041291045130377e-02
0.000000000000000000e+00,1.191854127646247014e-01,0.000000000000000000e+00,1.217972478904646577e-01,0.000000000000000000e+00,-0.000000000000000000e+00,-0.000000000000000000e+00,-0.000000000000000000e+00,3.590173924977154152e-01,-4.816384239836143388e-01,-1.343744748783111398e-01,0.000000000000000000e+00,1.780828548814158863e+00,-0.000000000000000000e+00,0.000000000000000000e+00,-0.000000000000000000e+00,0.000000000000000000e+00,9.187384674441660334e-03,-1.595567164988274944e-01,0.000000000000000000e+00,-0.000000000000000000e+00,-0.000000000000000000e+00,-0.000000000000000000e+00,0.000000000000000000e+00,-4.121589177449269670e-01,0.000000000000000000e+00,-0.000000000000000000e+00,0.000000000000000000e+00,0.000000000000000000e+00,0.000000000000000000e+00,-0.000000000000000000e+00,-0.000000000000000000e+00,-0.000000000000000000e+00,8.714696014547394787e-02,-0.000000000000000000e+00,-0.000000000000000000e+00,-0.000000000000000000e+00,0.000000000000000000e+00,-0.000000000000000000e+00
0.000000000000000000e+00,8.712984037895631084e-02,0.000000000000000000e+00,0.000000000000000000e+00,-0.000000000000000000e+00,-3.489394858640345598e-01,-0.000000000000000000e+00,-0.000000000000000000e+00,1.603169762890691297e-01,-0.000000000000000000e+00,-0.000000000000000000e+00,6.054305811598328230e-02,-0.000000000000000000e+00,1.800988356560969228e+00,1.036716640924534860e-01,0.000000000000000000e+00,0.000000000000000000e+00,8.866689725204329395e-03,0.000000000000000000e+00,1.260598956871122056e-01,0.000000000000000000e+00,0.000000000000000000e+00,-2.212875565982228843e-01,-3.942227890291982728e-02,-5.548590595119062829e-01,0.000000000000000000e+00,-0.000000000000000000e+00,0.000000000000000000e+00,-0.000000000000000000e+00,0.000000000000000000e+00,-0.000000000000000000e+00,-0.000000000000000000e+00,-1.160748919802828821e-01,0.000000000000000000e+00,-8.130160113017279033e-02,-0.000000000000000000e+00,-0.000000000000000000e+00,0.000000000000000000e+00,0.000000000000000000e+00
-0.000000000000000000e+00,-0.000000000000000000e+00,-0.000000000000000000e+00,3.185752935607571307e-02,0.000000000000000000e+00,0.000000000000000000e+00,0.000000000000000000e+00,0.000000000000000000e+00,-1.056077993615916477e-01,-0.000000000000000000e+00,0.000000000000000000e+00,-5.750509328742362536e-01,0.000000000000000000e+00,1.036716640924534860e-01,1.521186206600403157e+00,-0.000000000000000000e+00,-0.000000000000000000e+00,-0.000000000000000000e+00,-0.000000000000000000e+00,-2.824743223386748381e-02,-0.000000000000000000e+00,-0.000000000000000000e+00,0.000000000000000000e+00,0.000000000000000000e+00,0.000000000000000000e+00,-9.956747876452591572e-02,-0.000000000000000000e+00,-0.000000000000000000e+00,-0.000000000000000000e+00,-1.854504688371444721e-01,-7.917185085054078558e-03,-0.000000000000000000e+00,0.000000000000000000e+00,-0.000000000000000000e+00,0.000000000000000000e+00,-0.000000000000000000e+00,0.000000000000000000e+00,-1.738280120039165100e-01,-1.609232344969489456e-02
-3.718227146878614331e-01,-0.000000000000000000e+00,-4.089775078591038893e-02,1.332021942408889714e-02,-0.000000000000000000e+00,-0.000000000000000000e+00,-0.000000000000000000e+00,0.000000000000000000e+00,-0.000000000000000000e+00,-1.470135289191620565e-01,-0.000000000000000000e+00,0.000000000000000000e+00,-0.000000000000000000e+00,0.000000000000000000e+00,-0.000000000000000000e+00,2.034196653673953303e+00,-1.124805469332550434e-01,-0.000000000000000000e+00,-0.000000000000000000e+00,-0.000000000000000000e+00,-0.000000000000000000e+00,-1.520764798937090378e-01,-1.425005984503945888e-01,0.000000000000000000e+00,-0.000000000000000000e+00,-2.257098170073334187e-01,-1.395776298374657998e-01,-1.396655034605185641e-01,-0.000000000000000000e+00,-2.305029461828719817e-01,-3.796727414187287680e-02,-1.498320668464785677e-01,-0.000000000000000000e+00,-0.000000000000000000e+00,-0.000000000000000000e+00,-2.506253096531264046e-01,-0.000000000000000000e+00,-0.000000000000000000e+00,-0.000000000000000000e+00
-0.000000000000000000e+00,-1.017992961403543922e-01,-0.000000000000000000e+00,0.000000000000000000e+00,-0.000000000000000000e+00,-1.849409424835574828e-02,-0.000000000000000000e+00,0.000000000000000000e+00,-0.000000000000000000e+00,-0.000000000000000000e+00,-1.992887193666888768e-01,0.000000000000000000e+00,0.000000000000000000e+00,0.000000000000000000e+00,-0.000000000000000000e+00,-1.124805469332550434e-01,1.287414397405305166e+00,-0.000000000000000000e+00,0.000000000000000000e+00,0.000000000000000000e+00,-0.000000000000000000e+00,-0.000000000000000000e+00,-0.000000000000000000e+00,1.903518219635139466e-02,0.000000000000000000e+00,-1.966719753923073799e-01,-0.000000000000000000e+00,-9.238937606017516568e-02,-0.000000000000000000e+00,-5.867386259463559794e-02,-0.000000000000000000e+00,-1.284028054635852623e-01,-0.000000000000000000e+00,-0.000000000000000000e+00,0.000000000000000000e+00,-0.000000000000000000e+00,-0.000000000000000000e+00,-0.000000000000000000e+00,0.000000000000000000e+00
0.000000000000000000e+00,-0.000000000000000000e+00,-0.000000000000000000e+00,-2.575779055186919742e-01,-0.000000000000000000e+00,0.000000000000000000e+00,-0.000000000000000000e+00,-0.000000000000000000e+00,-8.449820650119277410e-02,0.000000000000000000e+00,0.000000000000000000e+00,-0.000000000000000000e+00,9.187384674441660334e-03,8.866689725204329395e-03,-0.000000000000000000e+00,-0.000000000000000000e+00,-0.000000000000000000e+00,1.272640902799723417e+00,-1.094094869424828628e-02,-0.000000000000000000e+00,-0.000000000000000000e+00,0.000000000000000000e+00,0.000000000000000000e+00,-0.000000000000000000e+00,1.052159708355336065e-01,-0.000000000000000000e+00,0.000000000000000000e+00,-0.000000000000000000e+00,0.000000000000000000e+00,-0.000000000000000000e+00,0.000000000000000000e+00,0.000000000000000000e+00,1.874104647019874115e-01,-0.000000000000000000e+00,2.136195478222585598e-02,1.993423258949136301e-01,0.000000000000000000e+00,-0.000000000000000000e+00,-0.000000000000000000e+00
0.000000000000000000e+00,4.173490894562966597e-02,0.000000000000000000e+00,0.000000000000000000e+00,-0.000000000000000000e+00,0.000000000000000000e+00,0.000000000000000000e+00,-0.000000000000000000e+00,-0.000000000000000000e+00,-6.786973489700629525e-01,0.000000000000000000e+00,-2.909646461557937047e-01,-1.595567164988274944e-01,0.000000000000000000e+00,-0.000000000000000000e+00,-0.000000000000000000e+00,0.000000000000000000e+00,-1.094094869424828628e-02,1.638874791939638920e+00,0.000000000000000000e+00,-0.000000000000000000e+00,0.000000000000000000e+00,-0.000000000000000000e+00,-0.000000000000000000e+00,-0.000000000000000000e+00,-0.000000000000000000e+00,-0.000000000000000000e+00,0.000000000000000000e+00,0.000000000000000000e+00,-0.000000000000000000e+00,-0.000000000000000000e+00,-0.000000000000000000e+00,0.000000000000000000e+00,0.000000000000000000e+00,-0.000000000000000000e+00,0.000000000000000000e+00,0.000000000000000000e+00,-2.847482967651785990e-01,-2.283320859381963441e-01
-1.987576407009645496e-01,-0.000000000000000000e+00,-1.857135219032156892e-01,-0.000000000000000000e+00,-0.000000000000000000e+00,2.495415557796454385e-03,-0.000000000000000000e+00,6.033168145092187434e-02,-4.283631341931965486e-01,0.000000000000000000e+00,0.000000000000000000e+00,-0.000000000000000000e+00,0.000000000000000000e+00,1.260598956871122056e-01,-2.824743223386748381e-02,-0.000000000000000000e+00,0.000000000000000000e+00,-0.000000000000000000e+00,0.000000000000000000e+00,1.572106404705351901e+00,-4.031682371228616224e-02,-0.000000000000000000e+00,0.000000000000000000e+00,-0.000000000000000000e+00,0.000000000000000000e+00,-0.000000000000000000e+00,-0.000000000000000000e+00,-0.000000000000000000e+00,-0.000000000000000000e+00,-0.000000000000000000e+00,0.000000000000000000e+00,-0.000000000000000000e+00,0.000000000000000000e+00,-2.845522522293884027e-01,0.000000000000000000e+00,0.000000000000000000e+00,0.000000000000000000e+00,-3.477607315070136568e-02,-2.216962586914642680e-02
-3.547865264094323106e-03,-0.000000000000000000e+00,-4.549806920687907708e-01,0.000000000000000000e+00,-0.000000000000000000e+00,0.000000000000000000e+00,-0.000000000000000000e+00,3.306245661808615566e-01,-0.000000000000000000e+00,-0.000000000000000000e+00,-0.000000000000000000e+00,-0.000000000000000000e+00,-0.000000000000000000e+00,0.000000000000000000e+00,-0.000000000000000000e+00,-0.000000000000000000e+00,-0.000000000000000000e+00,-0.000000000000000000e+00,-0.000000000000000000e+00,-4.031682371228616224e-02,2.007549648657235508e+00,-6.428909544016772060e-01,-0.000000000000000000e+00,0.000000000000000000e+00,-0.000000000000000000e+00,-1.308942673835035153e-01,-0.000000000000000000e+00,-2.832206128405206566e-02,-0.000000000000000000e+00,-5.600305924392870449e-02,-0.000000000000000000e+00,-0.000000000000000000e+00,-1.303810789716478569e-01,-0.000000000000000000e+00,-0.000000000000000000e+00,-0.000000000000000000e+00,-0.000000000000000000e+00,-0.000000000000000000e+00,-1.032849752963331952e-01
-7.041992026109426817e-02,-0.000000000000000000e+00,-6.655043763556114933e-02,0.000000000000000000e+00,-0.000000000000000000e+00,-0.000000000000000000e+00,-0.000000000000000000e+00,7.791837805256253413e-02,0.000000000000000000e+00,-0.000000000000000000e+00,-2.656018472201446268e-01,0.000000000000000000e+00,-0.000000000000000000e+00,0.000000000000000000e+00,-0.000000000000000000e+00,-1.520764798937090378e-01,-0.000000000000000000e+00,0.000000000000000000e+00,0.000000000000000000e+00,-0.000000000000000000e+00,-6.428909544016772060e-01,1.865670153039527213e+00,-0.000000000000000000e+00,0.000000000000000000e+00,-0.000000000000000000e+00,-9.379834424721475439e-02,-1.326646933139512263e-02,-0.000000000000000000e+00,-0.000000000000000000e+00,-0.000000000000000000e+00,-4.861713312628632155e-02,-1.741185572156955519e-01,-5.951705220796768732e-03,-0.000000000000000000e+00,-4.950963108955688113e-02,-6.142114121292215762e-02,-1.115269979929615213e-01,-0.000000000000000000e+00,-0.000000000000000000e+00
-0.000000000000000000e+00,0.000000000000000000e+00,-0.000000000000000000e+00,0.000000000000000000e+00,-0.000000000000000000e+00,-1.271332270292154232e-01,-0.000000000000000000e+00,0.000000000000000000e+00,0.000000000000000000e+00,-1.217477452266116922e-01,-2.795652962634516125e-01,0.000000000000000000e+00,-0.000000000000000000e+00,-2.212875565982228843e-01,0.000000000000000000e+00,-1.425005984503945888e-01,-0.000000000000000000e+00,0.000000000000000000e+00,-0.000000000000000000e+00,0.000000000000000000e+00,-0.000000000000000000e+00,-0.000000000000000000e+00,1.961380174471941906e+00,-0.000000000000000000e+00,-4.722257932950026937e-01,-0.000000000000000000e+00,-0.000000000000000000e+00,-0.000000000000000000e+00,-0.000000000000000000e+00,-0.000000000000000000e+00,-8.911384635949839983e-02,-1.044938767102909921e-01,-0.000000000000000000e+00,0.000000000000000000e+00,-2.436035190468634204e-01,-1.579334961098486645e-01,-2.285001973463238883e-02,-0.000000000000000000e+00,0.000000000000000000e+00
-0.000000000000000000e+00,-0.000000000000000000e+00,-0.000000000000000000e+00,-2.597476500940661126e-02,-2.055615716799029380e-01,5.968359898711313866e-02,0.000000000000000000e+00,0.000000000000000000e+00,-3.738459427633586060e-03,0.000000000000000000e+00,4.538485471377488173e-02,-0.000000000000000000e+00,0.000000000000000000e+00,-3.942227890291982728e-02,0.000000000000000000e+00,0.000000000000000000e+00,1.903518219635139466e-02,-0.000000000000000000e+00,-0.000000000000000000e+00,-0.000000000000000000e+00,0.000000000000000000e+00,0.000000000000000000e+00,-0.000000000000000000e+00,1.045444771003557483e+00,-0.000000000000000000e+00,-0.000000000000000000e+00,-0.000000000000000000e+00,-0.000000000000000000e+00,-0.000000000000000000e+00,-0.000000000000000000e+00,-0.000000000000000000e+00,0.000000000000000000e+00,-0.000000000000000000e+00,-0.000000000000000000e+00,-0.000000000000000000e+00,0.000000000000000000e+00,0.000000000000000000e+00,-0.000000000000000000e+00,-0.000000000000000000e+00
0.000000000000000000e+00,0.000000000000000000e+00,0.000000000000000000e+00,1.216499330298848186e-01,-0.000000000000000000e+00,-0.000000000000000000e+00,-0.000000000000000000e+00,-0.000000000000000000e+00,0.000000000000000000e+00,-4.728755773760796033e-01,-3.243350255902278240e-02,0.000000000000000000e+00,-4.121589177449269670e-01,-5.548590595119062829e-01,0.000000000000000000e+00,-0.000000000000000000e+00,0.000000000000000000e+00,1.052159708355336065e-01,-0.000000000000000000e+00,0.000000000000000000e+00,-0.000000000000000000e+00,-0.000000000000000000e+00,-4.722257932950026937e-01,-0.000000000000000000e+00,2.358519610938553779e+00,-0.000000000000000000e+00,-0.000000000000000000e+00,-0.000000000000000000e+00,-0.000000000000000000e+00,-0.000000000000000000e+00,-0.000000000000000000e+00,-0.000000000000000000e+00,-1.251753137626401835e-01,0.000000000000000000e+00,-2.754179032543399575e-01,-1.824119261058894381e-02,-0.000000000000000000e+00,0.000000000000000000e+00,0.000000000000000000e+00
-0.000000000000000000e+00,-1.748995688024371775e-01,-9.401184596579370556e-02,0.000000000000000000e+00,-0.000000000000000000e+00,-0.000000000000000000e+00,-0.000000000000000000e+00,0.000000000000000000e+00,-0.000000000000000000e+00,-0.000000000000000000e+00,-0.000000000000000000e+00,0.000000000000000000e+00,0.000000000000000000e+00,0.000000000000000000e+00,-9.956747876452591572e-02,-2.257098170073334187e-01,-1.966719753923073799e-01,-0.000000000000000000e+00,-0.000000000000000000e+00,-0.000000000000000000e+00,-1.308942673835035153e-01,-9.379834424721475439e-02,-0.000000000000000000e+00,-0.000000000000000000e+00,-0.000000000000000000e+00,2.431799344317215006e+00,-5.046454996378034741e-01,-4.244940568954687077e-01,-1.810561047167560667e-01,-3.530524309072302636e-01,-2.574531122341250922e-01,-5.730492452977538342e-02,-0.000000000000000000e+00,-0.000000000000000000e+00,-0.000000000000000000e+00,-0.000000000000000000e+00,-0.000000000000000000e+00,-0.000000000000000000e+00,-0.000000000000000000e+00
-3.631526343983597083e-01,-0.000000000000000000e+00,-0.000000000000000000e+00,1.180887180311809698e-01,-0.000000000000000000e+00,0.000000000000000000e+00,0.000000000000000000e+00,0.000000000000000000e+00,-0.000000000000000000e+00,-0.000000000000000000e+00,-0.000000000000000000e+00,-0.000000000000000000e+00,-0.000000000000000000e+00,-0.000000000000000000e+00,-0.000000000000000000e+00,-1.395776298374657998e-01,-0.000000000000000000e+00,0.000000000000000000e+00,-0.000000000000000000e+00,-0.000000000000000000e+00,-0.000000000000000000e+00,-1.326646933139512263e-02,-0.000000000000000000e+00,-0.000000000000000000e+00,-0.000000000000000000e+00,-5.046454996378034741e-01,2.479789499495207661e+00,-4.614783066218192294e-03,-1.444524144108750088e-02,-0.000000000000000000e+00,-5.667190587205553909e-01,-4.565607882708503928e-01,-0.000000000000000000e+00,-0.000000000000000000e+00,-2.264294680560127448e-01,-2.091617511341851421e-01,-0.000000000000000000e+00,-3.729028376704345005e-02,-0.000000000000000000e+00
-1.807125293078667982e-01,-2.684906573166942478e-02,-3.048602740384044330e-01,0.000000000000000000e+00,-3.352661303389171676e-01,-0.000000000000000000e+00,-1.173328848177020989e-01,1.765592522957113719e-01,-0.000000000000000000e+00,0.000000000000000000e+00,-0.000000000000000000e+00,0.000000000000000000e+00,0.000000000000000000e+00,0.000000000000000000e+00,-0.000000000000000000e+00,-1.396655034605185641e-01,-9.238937606017516568e-02,-0.000000000000000000e+00,0.000000000000000000e+00,-0.000000000000000000e+00,-2.832206128405206566e-02,-0.000000000000000000e+00,-0.000000000000000000e+00,-0.000000000000000000e+00,-0.000000000000000000e+00,-4.244940568954687077e-01,-4.614783066218192294e-03,1.971501410188926107e+00,-1.202017257656066568e-01,-0.000000000000000000e+00,-0.000000000000000000e+00,-0.000000000000000000e+00,-0.000000000000000000e+00,-4.349691006184690061e-03,-0.000000000000000000e+00,-4.328239994256793260e-02,-0.000000000000000000e+00,-0.000000000000000000e+00,-0.000000000000000000e+00
-1.468348984890331943e-01,-3.020512419810416835e-02,-0.000000000000000000e+00,0.000000000000000000e+00,-0.000000000000000000e+00,-0.000000000000000000e+00,-0.000000000000000000e+00,0.000000000000000000e+00,-0.000000000000000000e+00,-0.000000000000000000e+00,-0.000000000000000000e+00,0.000000000000000000e+00,0.000000000000000000e+00,-0.000000000000000000e+00,-0.000000000000000000e+00,-0.000000000000000000e+00,-0.000000000000000000e+00,0.000000000000000000e+00,0.000000000000000000e+00,-0.000000000000000000e+00,-0.000000000000000000e+00,-0.000000000000000000e+00,-0.000000000000000000e+00,-0.000000000000000000e+00,-0.000000000000000000e+00,-1.810561047167560667e-01,-1.444524144108750088e-02,-1.202017257656066568e-01,2.001218753181623455e+00,-6.319175962412362790e-02,-0.000000000000000000e+00,-9.070150153895776279e-01,-0.000000000000000000e+00,-0.000000000000000000e+00,-9.060145578778339148e-02,-1.684372253878979320e-01,-1.228745686894396338e-01,0.000000000000000000e+00,-0.000000000000000000e+00
-1.211554498200753255e-01,-5.333199508500406638e-02,-0.000000000000000000e+00,0.000000000000000000e+00,-1.305269828387101427e-01,0.000000000000000000e+00,-0.000000000000000000e+00,0.000000000000000000e+00,-1.173854299411576929e-01,-0.000000000000000000e+00,-0.000000000000000000e+00,-0.000000000000000000e+00,0.000000000000000000e+00,0.000000000000000000e+00,-1.854504688371444721e-01,-2.305029461828719817e-01,-5.867386259463559794e-02,-0.000000000000000000e+00,-0.000000000000000000e+00,-0.000000000000000000e+00,-5.600305924392870449e-02,-0.000000000000000000e+00,-0.000000000000000000e+00,-0.000000000000000000e+00,-0.000000000000000000e+00,-3.530524309072302636e-01,-0.000000000000000000e+00,-0.000000000000000000e+00,-6.319175962412362790e-02,1.689156966893156753e+00,-1.104832219667656601e-01,-0.000000000000000000e+00,0.000000000000000000e+00,-2.496452148245952365e-02,-0.000000000000000000e+00,-0.000000000000000000e+00,-0.000000000000000000e+00,-1.691202590894199387e-01,-8.434575833984654658e-02
-0.000000000000000000e+00,0.000000000000000000e+00,-0.000000000000000000e+00,1.291974643100980980e-01,-0.000000000000000000e+00,-0.000000000000000000e+00,-0.000000000000000000e+00,0.000000000000000000e+00,0.000000000000000000e+00,-5.318658355990246722e-01,-2.035625790697007942e-01,-0.000000000000000000e+00,-0.000000000000000000e+00,-0.000000000000000000e+00,-7.917185085054078558e-03,-3.796727414187287680e-02,-0.000000000000000000e+00,0.000000000000000000e+00,-0.000000000000000000e+00,0.000000000000000000e+00,-0.000000000000000000e+00,-4.861713312628632155e-02,-8.911384635949839983e-02,-0.000000000000000000e+00,-0.000000000000000000e+00,-2.574531122341250922e-01,-5.667190587205553909e-01,-0.000000000000000000e+00,-0.000000000000000000e+00,-1.104832219667656601e-01,2.110493282503703938e+00,-1.599475081917032804e-01,-0.000000000000000000e+00,-0.000000000000000000e+00,-0.000000000000000000e+00,-3.215009054858432476e-03,-0.000000000000000000e+00,-0.000000000000000000e+00,-0.000000000000000000e+00
-2.322590086239572499e-02,-0.000000000000000000e+00,-0.000000000000000000e+00,0.000000000000000000e+00,-0.000000000000000000e+00,-4.217751059750034226e-02,-0.000000000000000000e+00,0.000000000000000000e+00,0.000000000000000000e+00,-0.000000000000000000e+00,-3.983247735759225944e-02,0.000000000000000000e+00,-0.000000000000000000e+00,-0.000000000000000000e+00,-0.000000000000000000e+00,-1.498320668464785677e-01,-1.284028054635852623e-01,0.000000000000000000e+00,-0.000000000000000000e+00,-0.000000000000000000e+00,-0.000000000000000000e+00,-1.741185572156955519e-01,-1.044938767102909921e-01,0.000000000000000000e+00,-0.000000000000000000e+00,-5.730492452977538342e-02,-4.565607882708503928e-01,-0.000000000000000000e+00,-9.070150153895776279e-01,-0.000000000000000000e+00,-1.599475081917032804e-01,2.441853540800752675e+00,-0.000000000000000000e+00,0.000000000000000000e+00,-2.164264959183847259e-01,-1.290157399674626282e-01,-0.000000000000000000e+00,-0.000000000000000000e+00,-0.000000000000000000e+00
-0.000000000000000000e+00,0.000000000000000000e+00,-7.576607966144860429e-02,0.000000000000000000e+00,-1.356783948989923605e-01,-5.671897720856440041e-03,-0.000000000000000000e+00,2.964114980872792904e-01,1.236331374506746961e-01,-0.000000000000000000e+00,-1.336011307558919170e-01,1.933819119249774732e-01,-0.000000000000000000e+00,-1.160748919802828821e-01,0.000000000000000000e+00,-0.000000000000000000e+00,-0.000000000000000000e+00,1.874104647019874115e-01,0.000000000000000000e+00,0.000000000000000000e+00,-1.303810789716478569e-01,-5.951705220796768732e-03,-0.000000000000000000e+00,-0.000000000000000000e+00,-1.251753137626401835e-01,-0.000000000000000000e+00,-0.000000000000000000e+00,-0.000000000000000000e+00,-0.000000000000000000e+00,0.000000000000000000e+00,-0.000000000000000000e+00,-0.000000000000000000e+00,1.663545893858173974e+00,-0.000000000000000000e+00,-1.014084800200525799e-01,-2.487060305970417440e-01,-0.000000000000000000e+00,0.000000000000000000e+00,0.000000000000000000e+00
-0.000000000000000000e+00,-0.000000000000000000e+00,-1.392663361334736949e-01,-2.965350104961975847e-02,-5.048603294646063500e-01,0.000000000000000000e+00,-0.000000000000000000e+00,2.172931450792004449e-01,-3.923181336641437533e-01,0.000000000000000000e+00,0.000000000000000000e+00,-0.000000000000000000e+00,8.714696014547394787e-02,0.000000000000000000e+00,-0.000000000000000000e+00,-0.000000000000000000e+00,-0.000000000000000000e+00,-0.000000000000000000e+00,0.000000000000000000e+00,-2.845522522293884027e-01,-0.000000000000000000e+00,-0.000000000000000000e+00,0.000000000000000000e+00,-0.000000000000000000e+00,0.000000000000000000e+00,-0.000000000000000000e+00,-0.000000000000000000e+00,-4.349691006184690061e-03,-0.000000000000000000e+00,-2.496452148245952365e-02,-0.000000000000000000e+00,0.000000000000000000e+00,-0.000000000000000000e+00,1.801492739550813571e+00,0.000000000000000000e+00,-0.000000000000000000e+00,0.000000000000000000e+00,-1.645634672222805739e-01,-0.000000000000000000e+00
-0.000000000000000000e+00,-0.000000000000000000e+00,-0.000000000000000000e+00,0.000000000000000000e+00,-0.000000000000000000e+00,-0.000000000000000000e+00,-0.000000000000000000e+00,0.000000000000000000e+00,0.000000000000000000e+00,-0.000000000000000000e+00,-0.000000000000000000e+00,0.000000000000000000e+00,-0.000000000000000000e+00,-8.130160113017279033e-02,0.000000000000000000e+00,-0.000000000000000000e+00,0.000000000000000000e+00,2.136195478222585598e-02,-0.000000000000000000e+00,0.000000000000000000e+00,-0.000000000000000000e+00,-4.950963108955688113e-02,-2.436035190468634204e-01,-0.000000000000000000e+00,-2.754179032543399575e-01,-0.000000000000000000e+00,-2.264294680560127448e-01,-0.000000000000000000e+00,-9.060145578778339148e-02,-0.000000000000000000e+00,-0.000000000000000000e+00,-2.164264959183847259e-01,-1.014084800200525799e-01,0.000000000000000000e+00,2.196650662588171876e+00,-1.334280064198438073e-02,-9.204277744588235111e-01,0.000000000000000000e+00,-0.000000000000000000e+00
-0.000000000000000000e+00,-0.000000000000000000e+00,-0.000000000000000000e+00,6.965985725458821720e-02,-8.489907624945233766e-02,-0.000000000000000000e+00,-0.000000000000000000e+00,0.000000000000000000e+00,0.000000000000000000e+00,-0.000000000000000000e+00,-4.617749710283999831e-02,5.925911876908750327e-03,-0.000000000000000000e+00,-0.000000000000000000e+00,-0.000000000000000000e+00,-2.506253096531264046e-01,-0.000000000000000000e+00,1.993423258949136301e-01,0.000000000000000000e+00,0.000000000000000000e+00,-0.000000000000000000e+00,-6.142114121292215762e-02,-1.579334961098486645e-01,0.000000000000000000e+00,-1.824119261058894381e-02,-0.000000000000000000e+00,-2.091617511341851421e-01,-4.328239994256793260e-02,-1.684372253878979320e-01,-0.000000000000000000e+00,-3.215009054858432476e-03,-1.290157399674626282e-01,-2.487060305970417440e-01,-0.000000000000000000e+00,-1.334280064198438073e-02,1.789785213954048881e+00,-1.477782163636736645e-01,-0.000000000000000000e+00,-0.000000000000000000e+00
-0.000000000000000000e+00,-0.000000000000000000e+00,-0.000000000000000000e+00,0.000000000000000000e+00,-0.000000000000000000e+00,-0.000000000000000000e+00,-0.000000000000000000e+00,0.000000000000000000e+00,0.000000000000000000e+00,-0.000000000000000000e+00,-1.990874416056368779e-01,3.583031419269432916e-01,-0.000000000000000000e+00,-0.000000000000000000e+00,0.000000000000000000e+00,-0.000000000000000000e+00,-0.000000000000000000e+00,0.000000000000000000e+00,0.000000000000000000e+00,0.000000000000000000e+00,-0.000000000000000000e+00,-1.115269979929615213e-01,-2.285001973463238883e-02,0.000000000000000000e+00,-0.000000000000000000e+00,-0.000000000000000000e+00,-0.000000000000000000e+00,-0.000000000000000000e+00,-1.228745686894396338e-01,-0.000000000000000000e+00,-0.000000000000000000e+00,-0.000000000000000000e+00,-0.000000000000000000e+00,0.000000000000000000e+00,-9.204277744588235111e-01,-1.477782163636736645e-01,1.956047632654490886e+00,0.000000000000000000e+00,0.000000000000000000e+00
-4.559740651129057243e-02,0.000000000000000000e+00,-0.000000000000000000e+00,0.000000000000000000e+00,-0.000000000000000000e+00,2.307039305501309701e-01,1.809878129372086419e-01,0.000000000000000000e+00,-1.052306784477943097e-01,-0.000000000000000000e+00,5.075058834384500034e-02,-3.049523345177700406e-01,0.000000000000000000e+00,0.000000000000000000e+00,-1.738280120039165100e-01,-0.000000000000000000e+00,-0.000000000000000000e+00,-0.000000000000000000e+00,-2.847482967651785990e-01,-3.477607315070136568e-02,-0.000000000000000000e+00,-0.000000000000000000e+00,-0.000000000000000000e+00,-0.000000000000000000e+00,0.000000000000000000e+00,-0.000000000000000000e+00,-3.729028376704345005e-02,-0.000000000000000000e+00,0.000000000000000000e+00,-1.691202590894199387e-01,-0.000000000000000000e+00,-0.000000000000000000e+00,0.000000000000000000e+00,-1.645634672222805739e-01,0.000000000000000000e+00,-0.000000000000000000e+00,0.000000000000000000e+00,2.233104874476461443e+00,-8.458287721785753277e-01
-2.194188932765774591e-01,-0.000000000000000000e+00,-0.000000000000000000e+00,0.000000000000000000e+00,-0.000000000000000000e+00,2.203080456940963716e-01,4.010338132618224138e-02,0.000000000000000000e+00,-3.007515101510187527e-01,-3.969977243323020988e-03,0.000000000000000000e+00,-8.351041291045130377e-02,-0.000000000000000000e+00,0.000000000000000000e+00,-1.609232344969489456e-02,-0.000000000000000000e+00,0.000000000000000000e+00,-0.000000000000000000e+00,-2.283320859381963441e-01,-2.216962586914642680e-02,-1.032849752963331952e-01,-0.000000000000000000e+00,0.000000000000000000e+00,-0.000000000000000000e+00,0.000000000000000000e+00,-0.000000000000000000e+00,-0.000000000000000000e+00,-0.000000000000000000e+00,-0.000000000000000000e+00,-8.434575833984654658e-02,-0.000000000000000000e+00,-0.000000000000000000e+00,0.000000000000000000e+00,-0.000000000000000000e+00,-0.000000000000000000e+00,-0.000000000000000000e+00,0.000000000000000000e+00,-8.458287721785753277e-01,2.058742556346935704e+00
