2.816229716258056737e+00,-4.841999652588445668e-01,-2.798061744257155925e-01,1.084175233127739196e-01,-1.489926889589300585e-01,0.000000000000000000e+00,0.000000000000000000e+00,-0.000000000000000000e+00,-0.000000000000000000e+00,-1.656009476725680829e-01,-0.000000000000000000e+00,-1.558458126142786559e-01,0.000000000000000000e+00,-2.359078115269526710e-01,-1.857069892308221559e-01,-2.870119095677440835e-01,0.000000000000000000e+00,-2.002666834168686238e-01,-0.000000000000000000e+00,-6.729675925215458654e-02,-0.000000000000000000e+00,-0.000000000000000000e+00,-0.000000000000000000e+00,-1.346504295173264476e-01,-1.206544468540727000e-01,-2.707175213422814974e-01,-0.000000000000000000e+00,-0.000000000000000000e+00,-0.000000000000000000e+00,-0.000000000000000000e+00,-0.000000000000000000e+00,0.000000000000000000e+00,-0.000000000000000000e+00,-0.000000000000000000e+00,8.150498715497336844e-02,-0.000000000000000000e+00,0.000000000000000000e+00,-0.000000000000000000e+00,-0.000000000000000000e+00
-4.841999652588445668e-01,2.633185111991184879e+00,-0.000000000000000000e+00,1.520188747313719335e-01,-5.516928603951978816e-02,0.000000000000000000e+00,0.000000000000000000e+00,-0.000000000000000000e+00,-0.000000000000000000e+00,-2.331411730659472548e-01,-0.000000000000000000e+00,-3.177482976343513621e-01,0.000000000000000000e+00,-4.235940488700456474e-01,-5.530981945618683102e-03,-1.089764355792828959e-01,0.000000000000000000e+00,-1.400410132242208006e-01,-7.939096795062003387e-02,-5.128617251124961002e-02,-0.000000000000000000e+00,-0.000000000000000000e+00,-0.000000000000000000e+00,-2.880716572383702490e-01,-0.000000000000000000e+00,-1.424078301451852380e-01,-0.000000000000000000e+00,-0.000000000000000000e+00,-0.000000000000000000e+00,-0.000000000000000000e+00,-0.000000000000000000e+00,2.388560869245777984e-01,-0.000000000000000000e+00,-0.000000000000000000e+00,0.000000000000000000e+00,-1.458612384977922560e-01,0.000000000000000000e+00,-0.000000000000000000e+00,-0.000000000000000000e+00
-2.798061744257155925e-01,-0.000000000000000000e+00,2.880458938052930851e+00,1.348228750792631325e-01,-0.000000000000000000e+00,0.000000000000000000e+00,0.000000000000000000e+00,-0.000000000000000000e+00,-0.000000000000000000e+00,-0.000000000000000000e+00,-0.000000000000000000e+00,-1.801992925675514057e-01,8.960692531496991520e-02,-0.000000000000000000e+00,-1.232956800653067231e-01,-3.231110676206206955e-01,0.000000000000000000e+00,-0.000000000000000000e+00,-0.000000000000000000e+00,-1.725124040834415118e-01,-0.000000000000000000e+00,-1.857464060074665857e-01,-0.000000000000000000e+00,-1.422902667681689159e-01,-3.172431439619641802e-01,-2.167424074367387543e-01,-1.069969209608068184e-01,-3.281407884299185063e-01,-0.000000000000000000e+00,-0.000000000000000000e+00,-9.871521564257644543e-02,0.000000000000000000e+00,-3.183034228935330834e-01,-0.000000000000000000e+00,1.379403877549942870e-01,-0.000000000000000000e+00,0.000000000000000000e+00,-0.000000000000000000e+00,-0.000000000000000000e+00
1.084175233127739196e-01,1.520188747313719335e-01,1.348228750792631325e-01,1.613631860688361508e+00,0.000000000000000000e+00,-0.000000000000000000e+00,-0.000000000000000000e+00,0.000000000000000000e+00,0.000000000000000000e+00,0.000000000000000000e+00,0.000000000000000000e+00,3.959262671534707900e-02,-0.000000000000000000e+00,7.100670811690497353e-02,1.444197491011052215e-01,4.529569039380235140e-02,0.000000000000000000e+00,7.972386806214183663e-02,0.000000000000000000e+00,6.363170275442527057e-02,0.000000000000000000e+00,0.000000000000000000e+00,0.000000000000000000e+00,6.899500234165233115e-02,2.493685301349756259e-02,5.579183591768216433e-02,0.000000000000000000e+00,2.655618580100555515e-01,0.000000000000000000e+00,0.000000000000000000e+00,0.000000000000000000e+00,-7.003311794216365328e-03,0.000000000000000000e+00,0.000000000000000000e+00,-0.000000000000000000e+00,0.000000000000000000e+00,-0.000000000000000000e+00,0.000000000000000000e+00,0.000000000000000000e+00
-1.489926889589300585e-01,-5.516928603951978816e-02,-0.000000000000000000e+00,0.000000000000000000e+00,2.645223667253548960e+00,0.000000000000000000e+00,0.000000000000000000e+00,-0.000000000000000000e+00,-0.000000000000000000e+00,-0.000000000000000000e+00,-0.000000000000000000e+00,-3.426462013213038005e-01,0.000000000000000000e+00,-7.319495121844529772e-02,-1.191717660474882617e-01,-1.330967675072532996e-01,0.000000000000000000e+00,-7.345425719025162892e-02,-2.225352076632248488e-01,-0.000000000000000000e+00,-1.520535510329459605e-01,-0.000000000000000000e+00,-0.000000000000000000e+00,-0.000000000000000000e+00,-0.000000000000000000e+00,-2.693625109874027146e-01,-2.468261413967398066e-01,-1.373053913118313374e-02,-0.000000000000000000e+00,-2.518670166539183630e-01,-0.000000000000000000e+00,0.000000000000000000e+00,-2.278456157391084980e-01,-8.169431618494515934e-02,0.000000000000000000e+00,-1.083428897202587914e-02,0.000000000000000000e+00,-4.952919989592876604e-01,-0.000000000000000000e+00
0.000000000000000000e+00,0.000000000000000000e+00,0.000000000000000000e+00,-0.000000000000000000e+00,0.000000000000000000e+00,1.442132871264479865e+00,0.000000000000000000e+00,-1.984026576944464826e-01,0.000000000000000000e+00,-0.000000000000000000e+00,3.732649050176368166e-01,0.000000000000000000e+00,-0.000000000000000000e+00,5.511325061049651003e-02,6.072818257366541933e-02,-0.000000000000000000e+00,1.217017502092705150e-01,0.000000000000000000e+00,2.204945491676046643e-01,9.493042356134470672e-02,2.390666112915663111e-01,-0.000000000000000000e+00,-1.979224569652944798e-01,0.000000000000000000e+00,-0.000000000000000000e+00,0.000000000000000000e+00,0.000000000000000000e+00,0.000000000000000000e+00,0.000000000000000000e+00,0.000000000000000000e+00,-0.000000000000000000e+00,0.000000000000000000e+00,0.000000000000000000e+00,0.000000000000000000e+00,0.000000000000000000e+00,-0.000000000000000000e+00,0.000000000000000000e+00,0.000000000000000000e+00,-2.468134405967801759e-01
0.000000000000000000e+00,0.000000000000000000e+00,0.000000000000000000e+00,-0.000000000000000000e+00,0.000000000000000000e+00,0.000000000000000000e+00,1.136109467466631440e+00,0.000000000000000000e+00,0.000000000000000000e+00,6.702423978059572629e-02,0.000000000000000000e+00,2.144939126269282403e-01,-0.000000000000000000e+00,0.000000000000000000e+00,0.000000000000000000e+00,0.000000000000000000e+00,0.000000000000000000e+00,0.000000000000000000e+00,0.000000000000000000e+00,0.000000000000000000e+00,-0.000000000000000000e+00,0.000000000000000000e+00,7.043777050834930387e-02,0.000000000000000000e+00,4.040254301616861415e-02,0.000000000000000000e+00,0.000000000000000000e+00,0.000000000000000000e+00,0.000000000000000000e+00,0.000000000000000000e+00,0.000000000000000000e+00,-0.000000000000000000e+00,0.000000000000000000e+00,0.000000000000000000e+00,-0.000000000000000000e+00,0.000000000000000000e+00,-0.000000000000000000e+00,0.000000000000000000e+00,1.631173587083948329e-01
-0.000000000000000000e+00,-0.000000000000000000e+00,-0.000000000000000000e+00,0.000000000000000000e+00,-0.000000000000000000e+00,-1.984026576944464826e-01,0.000000000000000000e+00,1.751771985793123321e+00,0.000000000000000000e+00,-0.000000000000000000e+00,0.000000000000000000e+00,-0.000000000000000000e+00,4.782227128023898433e-02,-0.000000000000000000e+00,-0.000000000000000000e+00,-5.083956710466197570e-02,0.000000000000000000e+00,-0.000000000000000000e+00,0.000000000000000000e+00,-0.000000000000000000e+00,-0.000000000000000000e+00,-2.740580728709798852e-01,-2.622958434758992929e-01,-0.000000000000000000e+00,-1.782312972479702384e-01,-0.000000000000000000e+00,-0.000000000000000000e+00,-1.467496684143288019e-03,-0.000000000000000000e+00,0.000000000000000000e+00,-5.898500556305895648e-01,0.000000000000000000e+00,-0.000000000000000000e+00,0.000000000000000000e+00,4.376990404445123273e-02,0.000000000000000000e+00,9.618093555996058697e-02,-0.000000000000000000e+00,-2.258754073825477299e-02
-0.000000000000000000e+00,-0.000000000000000000e+00,-0.000000000000000000e+00,0.000000000000000000e+00,-0.000000000000000000e+00,0.000000000000000000e+00,0.000000000000000000e+00,0.000000000000000000e+00,1.517843707472880332e+00,-0.000000000000000000e+00,-6.479859820401169535e-02,-0.000000000000000000e+00,0.000000000000000000e+00,-0.000000000000000000e+00,-0.000000000000000000e+00,-0.000000000000000000e+00,-0.000000000000000000e+00,-0.000000000000000000e+00,-0.000000000000000000e+00,-0.000000000000000000e+00,-0.000000000000000000e+00,0.000000000000000000e+00,0.000000000000000000e+00,0.000000000000000000e+00,0.000000000000000000e+00,-0.000000000000000000e+00,-0.000000000000000000e+00,-0.000000000000000000e+00,0.000000000000000000e+00,-2.331081085472660186e-01,-0.000000000000000000e+00,0.000000000000000000e+00,-0.000000000000000000e+00,-3.494106550956725399e-01,0.000000000000000000e+00,-0.000000000000000000e+00,0.000000000000000000e+00,-4.810759734938245824e-01,-0.000000000000000000e+00
-1.656009476725680829e-01,-2.331411730659472548e-01,-0.000000000000000000e+00,0.000000000000000000e+00,-0.000000000000000000e+00,-0.000000000000000000e+00,6.702423978059572629e-02,-0.000000000000000000e+00,-0.000000000000000000e+00,2.412267665310058540e+00,0.000000000000000000e+00,-0.000000000000000000e+00,0.000000000000000000e+00,-0.000000000000000000e+00,-0.000000000000000000e+00,-4.229782263448681467e-01,0.000000000000000000e+00,-0.000000000000000000e+00,-0.000000000000000000e+00,-0.000000000000000000e+00,-0.000000000000000000e+00,-0.000000000000000000e+00,-6.152537367783152966e-01,-0.000000000000000000e+00,-3.925998838446692618e-01,-0.000000000000000000e+00,-0.000000000000000000e+00,-0.000000000000000000e+00,-0.000000000000000000e+00,-0.000000000000000000e+00,-0.000000000000000000e+00,1.834883334553532030e-01,-0.000000000000000000e+00,-0.000000000000000000e+00,2.229483718705535800e-01,-7.866407550686217720e-02,1.460176529542463186e-01,-0.000000000000000000e+00,-0.000000000000000000e+00
-0.000000000000000000e+00,-0.000000000000000000e+00,-0.000000000000000000e+00,0.000000000000000000e+00,-0.000000000000000000e+00,3.732649050176368166e-01,0.000000000000000000e+00,0.000000000000000000e+00,-6.479859820401169535e-02,0.000000000000000000e+00,1.591197823841205672e+00,-0.000000000000000000e+00,0.000000000000000000e+00,-0.000000000000000000e+00,-1.495090415130301276e-01,0.000000000000000000e+00,-6.766039713526538213e-01,-0.000000000000000000e+00,-9.196442723218815549e-03,-0.000000000000000000e+00,-0.000000000000000000e+00,-0.000000000000000000e+00,0.000000000000000000e+00,-0.000000000000000000e+00,-0.000000000000000000e+00,-0.000000000000000000e+00,-0.000000000000000000e+00,-0.000000000000000000e+00,-1.999018746361469479e-01,-0.000000000000000000e+00,0.000000000000000000e+00,-0.000000000000000000e+00,-0.000000000000000000e+00,-0.000000000000000000e+00,-0.000000000000000000e+00,-0.000000000000000000e+00,-0.000000000000000000e+00,-0.000000000000000000e+00,0.000000000000000000e+00
-1.558458126142786559e-01,-3.177482976343513621e-01,-1.801992925675514057e-01,3.959262671534707900e-02,-3.426462013213038005e-01,0.000000000000000000e+00,2.144939126269282403e-01,-0.000000000000000000e+00,-0.000000000000000000e+00,-0.000000000000000000e+00,-0.000000000000000000e+00,2.479006899148746612e+00,0.000000000000000000e+00,-7.583598367762324488e-02,-3.681709638825424458e-01,-2.426833636624510238e-01,0.000000000000000000e+00,-2.661335310773568219e-01,-0.000000000000000000e+00,-1.815073922689499075e-01,-0.000000000000000000e+00,-0.000000000000000000e+00,-0.000000000000000000e+00,-2.844544216950242385e-02,-2.589647799570451644e-02,-1.137787709800937817e-02,-0.000000000000000000e+00,-0.000000000000000000e+00,-0.000000000000000000e+00,-0.000000000000000000e+00,-0.000000000000000000e+00,0.000000000000000000e+00,-0.000000000000000000e+00,-0.000000000000000000e+00,1.807915856467823615e-02,-0.000000000000000000e+00,0.000000000000000000e+00,-1.188635064676762387e-01,-0.000000000000000000e+00
0.000000000000000000e+00,0.000000000000000000e+00,8.960692531496991520e-02,-0.000000000000000000e+00,0.000000000000000000e+00,-0.000000000000000000e+00,-0.000000000000000000e+00,4.782227128023898433e-02,0.000000000000000000e+00,0.000000000000000000e+00,0.000000000000000000e+00,0.000000000000000000e+00,1.273523065535671073e+00,0.000000000000000000e+00,0.000000000000000000e+00,0.000000000000000000e+00,-0.000000000000000000e+00,0.000000000000000000e+00,0.000000000000000000e+00,0.000000000000000000e+00,0.000000000000000000e+00,0.000000000000000000e+00,0.000000000000000000e+00,0.000000000000000000e+00,0.000000000000000000e+00,0.000000000000000000e+00,0.000000000000000000e+00,0.000000000000000000e+00,4.255299866015121307e-02,-0.000000000000000000e+00,4.409081721719619873e-01,-0.000000000000000000e+00,9.150653692904854586e-02,-0.000000000000000000e+00,-0.000000000000000000e+00,-0.000000000000000000e+00,-0.000000000000000000e+00,0.000000000000000000e+00,0.000000000000000000e+00
-2.359078115269526710e-01,-4.235940488700456474e-01,-0.000000000000000000e+00,7.100670811690497353e-02,-7.319495121844529772e-02,5.511325061049651003e-02,0.000000000000000000e+00,-0.000000000000000000e+00,-0.000000000000000000e+00,-0.000000000000000000e+00,-0.000000000000000000e+00,-7.583598367762324488e-02,0.000000000000000000e+00,2.514991620075482714e+00,-1.583351987133657657e-01,-0.000000000000000000e+00,-0.000000000000000000e+00,-0.000000000000000000e+00,-9.986142393741941070e-02,-2.973051441443006482e-01,-7.520771100144076071e-02,-0.000000000000000000e+00,-0.000000000000000000e+00,-6.029463712206553083e-01,-0.000000000000000000e+00,-3.168045473498898312e-01,-3.240064919567356427e-02,-0.000000000000000000e+00,-0.000000000000000000e+00,-0.000000000000000000e+00,-0.000000000000000000e+00,0.000000000000000000e+00,-0.000000000000000000e+00,-0.000000000000000000e+00,0.000000000000000000e+00,-0.000000000000000000e+00,0.000000000000000000e+00,-0.000000000000000000e+00,0.000000000000000000e+00
-1.857069892308221559e-01,-5.530981945618683102e-03,-1.232956800653067231e-01,1.444197491011052215e-01,-1.191717660474882617e-01,6.072818257366541933e-02,0.000000000000000000e+00,-0.000000000000000000e+00,-0.000000000000000000e+00,-0.000000000000000000e+00,-1.495090415130301276e-01,-3.681709638825424458e-01,0.000000000000000000e+00,-1.583351987133657657e-01,2.696430544544420549e+00,-0.000000000000000000e+00,-0.000000000000000000e+00,-2.024801634121703997e-01,-1.167959144859285620e-01,-5.495590454706530403e-01,-2.483402475057250591e-01,-0.000000000000000000e+00,-0.000000000000000000e+00,-0.000000000000000000e+00,-0.000000000000000000e+00,-1.641360500710277170e-01,-0.000000000000000000e+00,-3.488455008733622881e-02,-0.000000000000000000e+00,-0.000000000000000000e+00,-0.000000000000000000e+00,0.000000000000000000e+00,-2.520091372044971356e-01,-0.000000000000000000e+00,0.000000000000000000e+00,-0.000000000000000000e+00,0.000000000000000000e+00,-0.000000000000000000e+00,0.000000000000000000e+00
-2.870119095677440835e-01,-1.089764355792828959e-01,-3.231110676206206955e-01,4.529569039380235140e-02,-1.330967675072532996e-01,-0.000000000000000000e+00,0.000000000000000000e+00,-5.083956710466197570e-02,-0.000000000000000000e+00,-4.229782263448681467e-01,0.000000000000000000e+00,-2.426833636624510238e-01,0.000000000000000000e+00,-0.000000000000000000e+00,-0.000000000000000000e+00,2.716428926354579332e+00,0.000000000000000000e+00,-4.778569360043179171e-02,-0.000000000000000000e+00,-0.000000000000000000e+00,-0.000000000000000000e+00,-0.000000000000000000e+00,-1.888745699790300714e-01,-0.000000000000000000e+00,-2.918828033060137384e-01,-0.000000000000000000e+00,-0.000000000000000000e+00,-9.153111870186476928e-02,-0.000000000000000000e+00,-0.000000000000000000e+00,-0.000000000000000000e+00,7.586767021881431206e-02,-1.229427104095069945e-01,-0.000000000000000000e+00,2.900464065692177629e-01,-8.402003233236237517e-03,1.969606953273319305e-01,-5.229763376517129227e-03,-6.443862602802628847e-03
0.000000000000000000e+00,0.000000000000000000e+00,0.000000000000000000e+00,0.000000000000000000e+00,0.000000000000000000e+00,1.217017502092705150e-01,0.000000000000000000e+00,0.000000000000000000e+00,-0.000000000000000000e+00,0.000000000000000000e+00,-6.766039713526538213e-01,0.000000000000000000e+00,-0.000000000000000000e+00,-0.000000000000000000e+00,-0.000000000000000000e+00,0.000000000000000000e+00,1.455141948478279490e+00,-0.000000000000000000e+00,-0.000000000000000000e+00,-0.000000000000000000e+00,-0.000000000000000000e+00,0.000000000000000000e+00,0.000000000000000000e+00,-0.000000000000000000e+00,0.000000000000000000e+00,0.000000000000000000e+00,0.000000000000000000e+00,0.000000000000000000e+00,-8.374305395137345009e-02,0.000000000000000000e+00,0.000000000000000000e+00,-1.424337008983176112e-01,0.000000000000000000e+00,0.000000000000000000e+00,-0.000000000000000000e+00,0.000000000000000000e+00,-1.050703064947317716e-01,0.000000000000000000e+00,1.303847551602097810e-01
-2.002666834168686238e-01,-1.400410132242208006e-01,-0.000000000000000000e+00,7.972386806214183663e-02,-7.345425719025162892e-02,0.000000000000000000e+00,0.000000000000000000e+00,-0.000000000000000000e+00,-0.000000000000000000e+00,-0.000000000000000000e+00,-0.000000000000000000e+00,-2.661335310773568219e-01,0.000000000000000000e+00,-0.000000000000000000e+00,-2.024801634121703997e-01,-4.778569360043179171e-02,-0.000000000000000000e+00,2.108833793214822894e+00,-4.544890055662594297e-01,-1.413117649590485692e-01,-7.738747034257446866e-02,-0.000000000000000000e+00,-0.000000000000000000e+00,-0.000000000000000000e+00,-0.000000000000000000e+00,-9.332611526304337990e-02,-0.000000000000000000e+00,-0.000000000000000000e+00,-0.000000000000000000e+00,-0.000000000000000000e+00,-0.000000000000000000e+00,2.950603168906441170e-02,-5.658701050908695324e-02,-8.482396383062147660e-02,7.712564006582967036e-02,-2.401199028494304874e-02,0.000000000000000000e+00,-0.000000000000000000e+00,-0.000000000000000000e+00
-0.000000000000000000e+00,-7.939096795062003387e-02,-0.000000000000000000e+00,0.000000000000000000e+00,-2.225352076632248488e-01,2.204945491676046643e-01,0.000000000000000000e+00,0.000000000000000000e+00,-0.000000000000000000e+00,-0.000000000000000000e+00,-9.196442723218815549e-03,-0.000000000000000000e+00,0.000000000000000000e+00,-9.986142393741941070e-02,-1.167959144859285620e-01,-0.000000000000000000e+00,-0.000000000000000000e+00,-4.544890055662594297e-01,1.925862349579068322e+00,-1.254982628577535619e-01,-1.740634436079086522e-01,0.000000000000000000e+00,0.000000000000000000e+00,-0.000000000000000000e+00,-0.000000000000000000e+00,-0.000000000000000000e+00,-0.000000000000000000e+00,-0.000000000000000000e+00,0.000000000000000000e+00,-1.888278512381651453e-01,0.000000000000000000e+00,0.000000000000000000e+00,-0.000000000000000000e+00,-2.092032704859805858e-01,0.000000000000000000e+00,-0.000000000000000000e+00,0.000000000000000000e+00,-3.661879156024562543e-02,0.000000000000000000e+00
-6.729675925215458654e-02,-5.128617251124961002e-02,-1.725124040834415118e-01,6.363170275442527057e-02,-0.000000000000000000e+00,9.493042356134470672e-02,0.000000000000000000e+00,-0.000000000000000000e+00,-0.000000000000000000e+00,-0.000000000000000000e+00,-0.000000000000000000e+00,-1.815073922689499075e-01,0.000000000000000000e+00,-2.973051441443006482e-01,-5.495590454706530403e-01,-0.000000000000000000e+00,-0.000000000000000000e+00,-1.413117649590485692e-01,-1.254982628577535619e-01,2.600977495450195853e+00,-2.377419352523001406e-01,-0.000000000000000000e+00,-0.000000000000000000e+00,-7.476912436549278118e-02,-0.000000000000000000e+00,-2.871742613615718143e-01,-0.000000000000000000e+00,-1.399254829009308476e-01,-0.000000000000000000e+00,-0.000000000000000000e+00,-0.000000000000000000e+00,0.000000000000000000e+00,-1.798759302196089871e-01,-0.000000000000000000e+00,0.000000000000000000e+00,-0.000000000000000000e+00,0.000000000000000000e+00,-0.000000000000000000e+00,0.000000000000000000e+00
-0.000000000000000000e+00,-0.000000000000000000e+00,-0.000000000000000000e+00,0.000000000000000000e+00,-1.520535510329459605e-01,2.390666112915663111e-01,-0.000000000000000000e+00,-0.000000000000000000e+00,-0.000000000000000000e+00,-0.000000000000000000e+00,-0.000000000000000000e+00,-0.000000000000000000e+00,0.000000000000000000e+00,-7.520771100144076071e-02,-2.483402475057250591e-01,-0.000000000000000000e+00,-0.000000000000000000e+00,-7.738747034257446866e-02,-1.740634436079086522e-01,-2.377419352523001406e-01,1.992683810562176916e+00,-0.000000000000000000e+00,-0.000000000000000000e+00,-0.000000000000000000e+00,-0.000000000000000000e+00,-2.769324085718050665e-01,-1.282349703979953071e-01,-1.702484160224306334e-02,-0.000000000000000000e+00,-0.000000000000000000e+00,-0.000000000000000000e+00,0.000000000000000000e+00,-2.795548548144707879e-01,-0.000000000000000000e+00,0.000000000000000000e+00,-0.000000000000000000e+00,0.000000000000000000e+00,-0.000000000000000000e+00,0.000000000000000000e+00
-0.000000000000000000e+00,-0.000000000000000000e+00,-1.857464060074665857e-01,0.000000000000000000e+00,-0.000000000000000000e+00,-0.000000000000000000e+00,0.000000000000000000e+00,-2.740580728709798852e-01,0.000000000000000000e+00,-0.000000000000000000e+00,-0.000000000000000000e+00,-0.000000000000000000e+00,0.000000000000000000e+00,-0.000000000000000000e+00,-0.000000000000000000e+00,-0.000000000000000000e+00,0.000000000000000000e+00,-0.000000000000000000e+00,0.000000000000000000e+00,-0.000000000000000000e+00,-0.000000000000000000e+00,1.467796383885221490e+00,-3.943142662212002075e-02,-0.000000000000000000e+00,-1.269721771395494192e-01,-0.000000000000000000e+00,-0.000000000000000000e+00,-2.450981140566448613e-01,-0.000000000000000000e+00,0.000000000000000000e+00,-6.984101434330236557e-02,0.000000000000000000e+00,-0.000000000000000000e+00,0.000000000000000000e+00,1.498228754806466556e-01,-0.000000000000000000e+00,0.000000000000000000e+00,-0.000000000000000000e+00,-0.000000000000000000e+00
-0.000000000000000000e+00,-0.000000000000000000e+00,-0.000000000000000000e+00,0.000000000000000000e+00,-0.000000000000000000e+00,-1.979224569652944798e-01,7.043777050834930387e-02,-2.622958434758992929e-01,0.000000000000000000e+00,-6.152537367783152966e-01,0.000000000000000000e+00,-0.000000000000000000e+00,0.000000000000000000e+00,-0.000000000000000000e+00,-0.000000000000000000e+00,-1.888745699790300714e-01,0.000000000000000000e+00,-0.000000000000000000e+00,0.000000000000000000e+00,-0.000000000000000000e+00,-0.000000000000000000e+00,-3.943142662212002075e-02,2.030093265221279974e+00,-0.000000000000000000e+00,-5.487901386549157712e-01,-0.000000000000000000e+00,-0.000000000000000000e+00,-0.000000000000000000e+00,-0.000000000000000000e+00,-0.000000000000000000e+00,-0.000000000000000000e+00,0.000000000000000000e+00,-0.000000000000000000e+00,-0.000000000000000000e+00,7.938495443724066791e-02,-0.000000000000000000e+00,0.000000000000000000e+00,-0.000000000000000000e+00,-0.000000000000000000e+00
-1.346504295173264476e-01,-2.880716572383702490e-01,-1.422902667681689159e-01,6.899500234165233115e-02,-0.000000000000000000e+00,0.000000000000000000e+00,0.000000000000000000e+00,-0.000000000000000000e+00,0.000000000000000000e+00,-0.000000000000000000e+00,-0.000000000000000000e+00,-2.844544216950242385e-02,0.000000000000000000e+00,-6.029463712206553083e-01,-0.000000000000000000e+00,-0.000000000000000000e+00,-0.000000000000000000e+00,-0.000000000000000000e+00,-0.000000000000000000e+00,-7.476912436549278118e-02,-0.000000000000000000e+00,-0.000000000000000000e+00,-0.000000000000000000e+00,1.983289809727175168e+00,-3.277071975982354668e-01,-2.046516711247787362e-02,-0.000000000000000000e+00,-7.248704853885582812e-03,-7.478511845603916242e-02,-0.000000000000000000e+00,-0.000000000000000000e+00,0.000000000000000000e+00,-0.000000000000000000e+00,-0.000000000000000000e+00,0.000000000000000000e+00,-0.000000000000000000e+00,0.000000000000000000e+00,-0.000000000000000000e+00,0.000000000000000000e+00
-1.206544468540727000e-01,-0.000000000000000000e+00,-3.172431439619641802e-01,2.493685301349756259e-02,-0.000000000000000000e+00,-0.000000000000000000e+00,4.040254301616861415e-02,-1.782312972479702384e-01,0.000000000000000000e+00,-3.925998838446692618e-01,-0.000000000000000000e+00,-2.589647799570451644e-02,0.000000000000000000e+00,-0.000000000000000000e+00,-0.000000000000000000e+00,-2.918828033060137384e-01,0.000000000000000000e+00,-0.000000000000000000e+00,-0.000000000000000000e+00,-0.000000000000000000e+00,-0.000000000000000000e+00,-1.269721771395494192e-01,-5.487901386549157712e-01,-3.277071975982354668e-01,2.558194012150219354e+00,-0.000000000000000000e+00,-0.000000000000000000e+00,-6.676830445145248705e-02,-0.000000000000000000e+00,-0.000000000000000000e+00,-0.000000000000000000e+00,0.000000000000000000e+00,-0.000000000000000000e+00,-0.000000000000000000e+00,2.422692356889336873e-01,-0.000000000000000000e+00,0.000000000000000000e+00,-0.000000000000000000e+00,-0.000000000000000000e+00
-2.707175213422814974e-01,-1.424078301451852380e-01,-2.167424074367387543e-01,5.579183591768216433e-02,-2.693625109874027146e-01,0.000000000000000000e+00,0.000000000000000000e+00,-0.000000000000000000e+00,-0.000000000000000000e+00,-0.000000000000000000e+00,-0.000000000000000000e+00,-1.137787709800937817e-02,0.000000000000000000e+00,-3.168045473498898312e-01,-1.641360500710277170e-01,-0.000000000000000000e+00,0.000000000000000000e+00,-9.332611526304337990e-02,-0.000000000000000000e+00,-2.871742613615718143e-01,-2.769324085718050665e-01,-0.000000000000000000e+00,-0.000000000000000000e+00,-2.046516711247787362e-02,-0.000000000000000000e+00,2.969728304919443396e+00,-4.114914739102487617e-01,-3.724884584311762836e-01,-0.000000000000000000e+00,-0.000000000000000000e+00,-0.000000000000000000e+00,0.000000000000000000e+00,-2.168396321231358670e-01,-0.000000000000000000e+00,0.000000000000000000e+00,-0.000000000000000000e+00,0.000000000000000000e+00,-0.000000000000000000e+00,-0.000000000000000000e+00
-0.000000000000000000e+00,-0.000000000000000000e+00,-1.069969209608068184e-01,0.000000000000000000e+00,-2.468261413967398066e-01,0.000000000000000000e+00,0.000000000000000000e+00,-0.000000000000000000e+00,-0.000000000000000000e+00,-0.000000000000000000e+00,-0.000000000000000000e+00,-0.000000000000000000e+00,0.000000000000000000e+00,-3.240064919567356427e-02,-0.000000000000000000e+00,-0.000000000000000000e+00,0.000000000000000000e+00,-0.000000000000000000e+00,-0.000000000000000000e+00,-0.000000000000000000e+00,-1.282349703979953071e-01,-0.000000000000000000e+00,-0.000000000000000000e+00,-0.000000000000000000e+00,-0.000000000000000000e+00,-4.114914739102487617e-01,1.972154367019304688e+00,-2.567776673770478246e-01,-0.000000000000000000e+00,-0.000000000000000000e+00,-2.094495501733260323e-01,0.000000000000000000e+00,-3.316640432573378372e-01,-0.000000000000000000e+00,0.000000000000000000e+00,-0.000000000000000000e+00,0.000000000000000000e+00,-0.000000000000000000e+00,-0.000000000000000000e+00
-0.000000000000000000e+00,-0.000000000000000000e+00,-3.281407884299185063e-01,2.655618580100555515e-01,-1.373053913118313374e-02,0.000000000000000000e+00,0.000000000000000000e+00,-1.467496684143288019e-03,-0.000000000000000000e+00,-0.000000000000000000e+00,-0.000000000000000000e+00,-0.000000000000000000e+00,0.000000000000000000e+00,-0.000000000000000000e+00,-3.488455008733622881e-02,-9.153111870186476928e-02,0.000000000000000000e+00,-0.000000000000000000e+00,-0.000000000000000000e+00,-1.399254829009308476e-01,-1.702484160224306334e-02,-2.450981140566448613e-01,-0.000000000000000000e+00,-7.248704853885582812e-03,-6.676830445145248705e-02,-3.724884584311762836e-01,-2.567776673770478246e-01,2.432977428662837838e+00,-5.667002826930676168e-02,-0.000000000000000000e+00,-3.053795705645062086e-01,0.000000000000000000e+00,-3.315105101843196511e-01,-0.000000000000000000e+00,0.000000000000000000e+00,-0.000000000000000000e+00,0.000000000000000000e+00,-0.000000000000000000e+00,-0.000000000000000000e+00
-0.000000000000000000e+00,-0.000000000000000000e+00,-0.000000000000000000e+00,0.000000000000000000e+00,-0.000000000000000000e+00,0.000000000000000000e+00,0.000000000000000000e+00,-0.000000000000000000e+00,0.000000000000000000e+00,-0.000000000000000000e+00,-1.999018746361469479e-01,-0.000000000000000000e+00,4.255299866015121307e-02,-0.000000000000000000e+00,-0.000000000000000000e+00,-0.000000000000000000e+00,-8.374305395137345009e-02,-0.000000000000000000e+00,0.000000000000000000e+00,-0.000000000000000000e+00,-0.000000000000000000e+00,-0.000000000000000000e+00,-0.000000000000000000e+00,-7.478511845603916242e-02,-0.000000000000000000e+00,-0.000000000000000000e+00,-0.000000000000000000e+00,-5.667002826930676168e-02,1.110642541006634065e+00,0.000000000000000000e+00,-1.118131159731860780e-01,-0.000000000000000000e+00,-0.000000000000000000e+00,0.000000000000000000e+00,-0.000000000000000000e+00,0.000000000000000000e+00,-0.000000000000000000e+00,-0.000000000000000000e+00,0.000000000000000000e+00
-0.000000000000000000e+00,-0.000000000000000000e+00,-0.000000000000000000e+00,0.000000000000000000e+00,-2.518670166539183630e-01,0.000000000000000000e+00,0.000000000000000000e+00,0.000000000000000000e+00,-2.331081085472660186e-01,-0.000000000000000000e+00,-0.000000000000000000e+00,-0.000000000000000000e+00,-0.000000000000000000e+00,-0.000000000000000000e+00,-0.000000000000000000e+00,-0.000000000000000000e+00,0.000000000000000000e+00,-0.000000000000000000e+00,-1.888278512381651453e-01,-0.000000000000000000e+00,-0.000000000000000000e+00,0.000000000000000000e+00,-0.000000000000000000e+00,-0.000000000000000000e+00,-0.000000000000000000e+00,-0.000000000000000000e+00,-0.000000000000000000e+00,-0.000000000000000000e+00,0.000000000000000000e+00,1.809211220513939011e+00,-0.000000000000000000e+00,0.000000000000000000e+00,-0.000000000000000000e+00,-5.072467519198127217e-01,0.000000000000000000e+00,-2.792703655212297464e-01,0.000000000000000000e+00,-2.131047792695466014e-01,-2.392928408636283213e-02
-0.000000000000000000e+00,-0.000000000000000000e+00,-9.871521564257644543e-02,0.000000000000000000e+00,-0.000000000000000000e+00,-0.000000000000000000e+00,0.000000000000000000e+00,-5.898500556305895648e-01,-0.000000000000000000e+00,-0.000000000000000000e+00,0.000000000000000000e+00,-0.000000000000000000e+00,4.409081721719619873e-01,-0.000000000000000000e+00,-0.000000000000000000e+00,-0.000000000000000000e+00,0.000000000000000000e+00,-0.000000000000000000e+00,0.000000000000000000e+00,-0.000000000000000000e+00,-0.000000000000000000e+00,-6.984101434330236557e-02,-0.000000000000000000e+00,-0.000000000000000000e+00,-0.000000000000000000e+00,-0.000000000000000000e+00,-2.094495501733260323e-01,-3.053795705645062086e-01,-1.118131159731860780e-01,-0.000000000000000000e+00,2.028584522758144271e+00,0.000000000000000000e+00,-2.759389449989362308e-01,-0.000000000000000000e+00,0.000000000000000000e+00,-0.000000000000000000e+00,0.000000000000000000e+00,-0.000000000000000000e+00,-1.683503590932974164e-02
0.000000000000000000e+00,2.388560869245777984e-01,0.000000000000000000e+00,-7.003311794216365328e-03,0.000000000000000000e+00,0.000000000000000000e+00,-0.000000000000000000e+00,0.000000000000000000e+00,0.000000000000000000e+00,1.834883334553532030e-01,-0.000000000000000000e+00,0.000000000000000000e+00,-0.000000000000000000e+00,0.000000000000000000e+00,0.000000000000000000e+00,7.586767021881431206e-02,-1.424337008983176112e-01,2.950603168906441170e-02,0.000000000000000000e+00,0.000000000000000000e+00,0.000000000000000000e+00,0.000000000000000000e+00,0.000000000000000000e+00,0.000000000000000000e+00,0.000000000000000000e+00,0.000000000000000000e+00,0.000000000000000000e+00,0.000000000000000000e+00,-0.000000000000000000e+00,0.000000000000000000e+00,0.000000000000000000e+00,1.206176434688130961e+00,0.000000000000000000e+00,0.000000000000000000e+00,-0.000000000000000000e+00,1.595733749020644774e-03,-4.367511257661019219e-02,0.000000000000000000e+00,0.000000000000000000e+00
-0.000000000000000000e+00,-0.000000000000000000e+00,-3.183034228935330834e-01,0.000000000000000000e+00,-2.278456157391084980e-01,0.000000000000000000e+00,0.000000000000000000e+00,-0.000000000000000000e+00,-0.000000000000000000e+00,-0.000000000000000000e+00,-0.000000000000000000e+00,-0.000000000000000000e+00,9.150653692904854586e-02,-0.000000000000000000e+00,-2.520091372044971356e-01,-1.229427104095069945e-01,0.000000000000000000e+00,-5.658701050908695324e-02,-0.000000000000000000e+00,-1.798759302196089871e-01,-2.795548548144707879e-01,-0.000000000000000000e+00,-0.000000000000000000e+00,-0.000000000000000000e+00,-0.000000000000000000e+00,-2.168396321231358670e-01,-3.316640432573378372e-01,-3.315105101843196511e-01,-0.000000000000000000e+00,-0.000000000000000000e+00,-2.759389449989362308e-01,0.000000000000000000e+00,2.595351930485931824e+00,-0.000000000000000000e+00,0.000000000000000000e+00,-0.000000000000000000e+00,0.000000000000000000e+00,-3.398334498837627705e-03,-0.000000000000000000e+00
-0.000000000000000000e+00,-0.000000000000000000e+00,-0.000000000000000000e+00,0.000000000000000000e+00,-8.169431618494515934e-02,0.000000000000000000e+00,0.000000000000000000e+00,0.000000000000000000e+00,-3.494106550956725399e-01,-0.000000000000000000e+00,-0.000000000000000000e+00,-0.000000000000000000e+00,-0.000000000000000000e+00,-0.000000000000000000e+00,-0.000000000000000000e+00,-0.000000000000000000e+00,0.000000000000000000e+00,-8.482396383062147660e-02,-2.092032704859805858e-01,-0.000000000000000000e+00,-0.000000000000000000e+00,0.000000000000000000e+00,-0.000000000000000000e+00,-0.000000000000000000e+00,-0.000000000000000000e+00,-0.000000000000000000e+00,-0.000000000000000000e+00,-0.000000000000000000e+00,0.000000000000000000e+00,-5.072467519198127217e-01,-0.000000000000000000e+00,0.000000000000000000e+00,-0.000000000000000000e+00,1.794471468100516498e+00,0.000000000000000000e+00,-2.070955949420161257e-01,0.000000000000000000e+00,-2.273435880385885621e-01,-0.000000000000000000e+00
8.150498715497336844e-02,0.000000000000000000e+00,1.379403877549942870e-01,-0.000000000000000000e+00,0.000000000000000000e+00,0.000000000000000000e+00,-0.000000000000000000e+00,4.376990404445123273e-02,0.000000000000000000e+00,2.229483718705535800e-01,-0.000000000000000000e+00,1.807915856467823615e-02,-0.000000000000000000e+00,0.000000000000000000e+00,0.000000000000000000e+00,2.900464065692177629e-01,-0.000000000000000000e+00,7.712564006582967036e-02,0.000000000000000000e+00,0.000000000000000000e+00,0.000000000000000000e+00,1.498228754806466556e-01,7.938495443724066791e-02,0.000000000000000000e+00,2.422692356889336873e-01,0.000000000000000000e+00,0.000000000000000000e+00,0.000000000000000000e+00,-0.000000000000000000e+00,0.000000000000000000e+00,0.000000000000000000e+00,-0.000000000000000000e+00,0.000000000000000000e+00,0.000000000000000000e+00,2.108015264268956024e+00,0.000000000000000000e+00,-7.048588410929105263e-01,0.000000000000000000e+00,0.000000000000000000e+00
-0.000000000000000000e+00,-1.458612384977922560e-01,-0.000000000000000000e+00,0.000000000000000000e+00,-1.083428897202587914e-02,-0.000000000000000000e+00,0.000000000000000000e+00,0.000000000000000000e+00,-0.000000000000000000e+00,-7.866407550686217720e-02,-0.000000000000000000e+00,-0.000000000000000000e+00,-0.000000000000000000e+00,-0.000000000000000000e+00,-0.000000000000000000e+00,-8.402003233236237517e-03,0.000000000000000000e+00,-2.401199028494304874e-02,-0.000000000000000000e+00,-0.000000000000000000e+00,-0.000000000000000000e+00,-0.000000000000000000e+00,-0.000000000000000000e+00,-0.000000000000000000e+00,-0.000000000000000000e+00,-0.000000000000000000e+00,-0.000000000000000000e+00,-0.000000000000000000e+00,0.000000000000000000e+00,-2.792703655212297464e-01,-0.000000000000000000e+00,1.595733749020644774e-03,-0.000000000000000000e+00,-2.070955949420161257e-01,0.000000000000000000e+00,1.287562875912998450e+00,0.000000000000000000e+00,-0.000000000000000000e+00,-1.122574311854338119e-01
0.000000000000000000e+00,0.000000000000000000e+00,0.000000000000000000e+00,-0.000000000000000000e+00,0.000000000000000000e+00,0.000000000000000000e+00,-0.000000000000000000e+00,9.618093555996058697e-02,0.000000000000000000e+00,1.460176529542463186e-01,-0.000000000000000000e+00,0.000000000000000000e+00,-0.000000000000000000e+00,0.000000000000000000e+00,0.000000000000000000e+00,1.969606953273319305e-01,-1.050703064947317716e-01,0.000000000000000000e+00,0.000000000000000000e+00,0.000000000000000000e+00,0.000000000000000000e+00,0.000000000000000000e+00,0.000000000000000000e+00,0.000000000000000000e+00,0.000000000000000000e+00,0.000000000000000000e+00,0.000000000000000000e+00,0.000000000000000000e+00,-0.000000000000000000e+00,0.000000000000000000e+00,0.000000000000000000e+00,-4.367511257661019219e-02,0.000000000000000000e+00,0.000000000000000000e+00,-7.048588410929105263e-01,0.000000000000000000e+00,1.623243498613253344e+00,0.000000000000000000e+00,0.000000000000000000e+00
-0.000000000000000000e+00,-0.000000000000000000e+00,-0.000000000000000000e+00,0.000000000000000000e+00,-4.952919989592876604e-01,0.000000000000000000e+00,0.000000000000000000e+00,-0.000000000000000000e+00,-4.810759734938245824e-01,-0.000000000000000000e+00,-0.000000000000000000e+00,-1.188635064676762387e-01,0.000000000000000000e+00,-0.000000000000000000e+00,-0.000000000000000000e+00,-5.229763376517129227e-03,0.000000000000000000e+00,-0.000000000000000000e+00,-3.661879156024562543e-02,-0.000000000000000000e+00,-0.000000000000000000e+00,-0.000000000000000000e+00,-0.000000000000000000e+00,-0.000000000000000000e+00,-0.000000000000000000e+00,-0.000000000000000000e+00,-0.000000000000000000e+00,-0.000000000000000000e+00,-0.000000000000000000e+00,-2.131047792695466014e-01,-0.000000000000000000e+00,0.000000000000000000e+00,-3.398334498837627705e-03,-2.273435880385885621e-01,0.000000000000000000e+00,-0.000000000000000000e+00,0.000000000000000000e+00,1.936089766318869643e+00,-3.943942088423111336e-01
-0.000000000000000000e+00,-0.000000000000000000e+00,-0.000000000000000000e+00,0.000000000000000000e+00,-0.000000000000000000e+00,-2.468134405967801759e-01,1.631173587083948329e-01,-2.258754073825477299e-02,-0.000000000000000000e+00,-0.000000000000000000e+00,0.000000000000000000e+00,-0.000000000000000000e+00,0.000000000000000000e+00,0.000000000000000000e+00,0.000000000000000000e+00,-6.443862602802628847e-03,1.303847551602097810e-01,-0.000000000000000000e+00,0.000000000000000000e+00,0.000000000000000000e+00,0.000000000000000000e+00,-0.000000000000000000e+00,-0.000000000000000000e+00,0.000000000000000000e+00,-0.000000000000000000e+00,-0.000000000000000000e+00,-0.000000000000000000e+00,-0.000000000000000000e+00,0.000000000000000000e+00,-2.392928408636283213e-02,-1.683503590932974164e-02,0.000000000000000000e+00,-0.000000000000000000e+00,-0.000000000000000000e+00,0.000000000000000000e+00,-1.122574311854338119e-01,0.000000000000000000e+00,-3.943942088423111336e-01,1.283394612802561952e+00
