2.515351463547158772e+00,-1.166618632867655769e+00,-0.000000000000000000e+00,-3.503369185220172460e-02,-0.000000000000000000e+00,0.000000000000000000e+00,9.804816360097790007e-02,0.000000000000000000e+00,-0.000000000000000000e+00,-3.690501297243192758e-01,-0.000000000000000000e+00,0.000000000000000000e+00,0.000000000000000000e+00,-0.000000000000000000e+00,-0.000000000000000000e+00,-4.014003601088011464e-01,-0.000000000000000000e+00,-1.097133971181697837e-01,-5.038195890824855722e-02,0.000000000000000000e+00,-0.000000000000000000e+00,-0.000000000000000000e+00,-0.000000000000000000e+00,-0.000000000000000000e+00,-0.000000000000000000e+00,-0.000000000000000000e+00,-0.000000000000000000e+00,0.000000000000000000e+00,-0.000000000000000000e+00,-2.885995509784005653e-01,0.000000000000000000e+00,-0.000000000000000000e+00,-0.000000000000000000e+00,-0.000000000000000000e+00,-0.000000000000000000e+00,0.000000000000000000e+00,-0.000000000000000000e+00,-0.000000000000000000e+00,-0.000000000000000000e+00
-1.166618632867655769e+00,2.216145990229521079e+00,-0.000000000000000000e+00,-1.554956670473080504e-01,-0.000000000000000000e+00,0.000000000000000000e+00,1.272614363058846218e-02,0.000000000000000000e+00,-0.000000000000000000e+00,-2.656820510844900007e-01,-1.124201626856733138e-01,0.000000000000000000e+00,0.000000000000000000e+00,-0.000000000000000000e+00,-0.000000000000000000e+00,-1.775526835483440952e-02,-0.000000000000000000e+00,-0.000000000000000000e+00,-4.804903267839007869e-02,0.000000000000000000e+00,-0.000000000000000000e+00,-0.000000000000000000e+00,-0.000000000000000000e+00,-0.000000000000000000e+00,-0.000000000000000000e+00,-0.000000000000000000e+00,-0.000000000000000000e+00,-0.000000000000000000e+00,-0.000000000000000000e+00,-0.000000000000000000e+00,0.000000000000000000e+00,-1.929456444810449811e-01,-0.000000000000000000e+00,-0.000000000000000000e+00,0.000000000000000000e+00,0.000000000000000000e+00,-0.000000000000000000e+00,-1.690069028385808858e-01,-0.000000000000000000e+00
-0.000000000000000000e+00,-0.000000000000000000e+00,2.244512702999534870e+00,-0.000000000000000000e+00,-2.778797639173712364e-01,0.000000000000000000e+00,0.000000000000000000e+00,2.325786983199943925e-01,-1.432604789299994075e-01,-0.000000000000000000e+00,-7.802162197672528332e-02,0.000000000000000000e+00,2.831786725574747532e-01,-9.324818688261603261e-02,-0.000000000000000000e+00,-0.000000000000000000e+00,-0.000000000000000000e+00,-0.000000000000000000e+00,-0.000000000000000000e+00,-0.000000000000000000e+00,-0.000000000000000000e+00,0.000000000000000000e+00,-0.000000000000000000e+00,-9.800855904461040768e-02,-0.000000000000000000e+00,-3.275845787979532742e-01,-7.665946941665030545e-03,-3.947318203850170848e-01,-0.000000000000000000e+00,-0.000000000000000000e+00,-0.000000000000000000e+00,-5.259725582672149929e-02,-0.000000000000000000e+00,-4.263750015557065121e-01,-0.000000000000000000e+00,-0.000000000000000000e+00,-1.248144311995004335e-01,-0.000000000000000000e+00,0.000000000000000000e+00
-3.503369185220172460e-02,-1.554956670473080504e-01,-0.000000000000000000e+00,1.578471276090162245e+00,-1.644539892301145889e-01,0.000000000000000000e+00,2.752688090734745768e-02,0.000000000000000000e+00,-0.000000000000000000e+00,-0.000000000000000000e+00,-0.000000000000000000e+00,0.000000000000000000e+00,0.000000000000000000e+00,-0.000000000000000000e+00,0.000000000000000000e+00,-1.382985141338561597e-01,-0.000000000000000000e+00,-3.768553085518007162e-01,-0.000000000000000000e+00,-0.000000000000000000e+00,-0.000000000000000000e+00,0.000000000000000000e+00,0.000000000000000000e+00,-0.000000000000000000e+00,-0.000000000000000000e+00,-9.847223953129950746e-02,-0.000000000000000000e+00,-0.000000000000000000e+00,-4.887184257852415087e-02,-0.000000000000000000e+00,1.101107951892937725e-01,-1.621684017082524742e-01,-0.000000000000000000e+00,-0.000000000000000000e+00,-0.000000000000000000e+00,1.660058801477538315e-01,-2.112466623838122892e-01,0.000000000000000000e+00,0.000000000000000000e+00
-0.000000000000000000e+00,-0.000000000000000000e+00,-2.778797639173712364e-01,-1.644539892301145889e-01,2.163690828933232169e+00,-0.000000000000000000e+00,0.000000000000000000e+00,5.664177164796104780e-01,-1.521744963867003586e-01,-0.000000000000000000e+00,-1.901702957975789920e-01,0.000000000000000000e+00,0.000000000000000000e+00,-0.000000000000000000e+00,0.000000000000000000e+00,-0.000000000000000000e+00,-0.000000000000000000e+00,-4.489506376417347067e-01,-0.000000000000000000e+00,0.000000000000000000e+00,0.000000000000000000e+00,4.133163259500868131e-02,-0.000000000000000000e+00,-0.000000000000000000e+00,-0.000000000000000000e+00,-0.000000000000000000e+00,-0.000000000000000000e+00,-0.000000000000000000e+00,-0.000000000000000000e+00,-4.783665072201319368e-02,-0.000000000000000000e+00,-0.000000000000000000e+00,0.000000000000000000e+00,-3.887036752338129952e-01,-0.000000000000000000e+00,-0.000000000000000000e+00,-0.000000000000000000e+00,-0.000000000000000000e+00,-0.000000000000000000e+00
0.000000000000000000e+00,0.000000000000000000e+00,0.000000000000000000e+00,0.000000000000000000e+00,-0.000000000000000000e+00,1.088070787013440732e+00,0.000000000000000000e+00,0.000000000000000000e+00,0.000000000000000000e+00,4.244620878113682105e-02,-0.000000000000000000e+00,-0.000000000000000000e+00,0.000000000000000000e+00,-0.000000000000000000e+00,-0.000000000000000000e+00,0.000000000000000000e+00,-0.000000000000000000e+00,-0.000000000000000000e+00,-0.000000000000000000e+00,0.000000000000000000e+00,0.000000000000000000e+00,1.433497421768555914e-02,-0.000000000000000000e+00,-1.550446475966024140e-01,0.000000000000000000e+00,0.000000000000000000e+00,-0.000000000000000000e+00,0.000000000000000000e+00,-9.372456063090961464e-02,-0.000000000000000000e+00,-3.727912950742582471e-02,-0.000000000000000000e+00,0.000000000000000000e+00,-0.000000000000000000e+00,-1.792470626440955117e-01,-0.000000000000000000e+00,-0.000000000000000000e+00,0.000000000000000000e+00,-0.000000000000000000e+00
9.804816360097790007e-02,1.272614363058846218e-02,0.000000000000000000e+00,2.752688090734745768e-02,0.000000000000000000e+00,0.000000000000000000e+00,1.175218111242823493e+00,0.000000000000000000e+00,1.325544968769794829e-01,0.000000000000000000e+00,-0.000000000000000000e+00,-0.000000000000000000e+00,-0.000000000000000000e+00,-0.000000000000000000e+00,0.000000000000000000e+00,1.731029497815603502e-01,0.000000000000000000e+00,0.000000000000000000e+00,0.000000000000000000e+00,-0.000000000000000000e+00,0.000000000000000000e+00,-0.000000000000000000e+00,0.000000000000000000e+00,0.000000000000000000e+00,0.000000000000000000e+00,0.000000000000000000e+00,0.000000000000000000e+00,-2.192246623215680090e-01,3.585900258171134669e-02,0.000000000000000000e+00,-0.000000000000000000e+00,1.529245170399623488e-01,0.000000000000000000e+00,0.000000000000000000e+00,0.000000000000000000e+00,-0.000000000000000000e+00,5.134118326865544368e-02,0.000000000000000000e+00,-0.000000000000000000e+00
0.000000000000000000e+00,0.000000000000000000e+00,2.325786983199943925e-01,0.000000000000000000e+00,5.664177164796104780e-01,0.000000000000000000e+00,0.000000000000000000e+00,1.888643428530664803e+00,1.127444500947984568e-01,0.000000000000000000e+00,0.000000000000000000e+00,-0.000000000000000000e+00,-0.000000000000000000e+00,0.000000000000000000e+00,-0.000000000000000000e+00,0.000000000000000000e+00,0.000000000000000000e+00,6.311903920325009354e-01,0.000000000000000000e+00,-0.000000000000000000e+00,-0.000000000000000000e+00,-0.000000000000000000e+00,0.000000000000000000e+00,0.000000000000000000e+00,0.000000000000000000e+00,0.000000000000000000e+00,0.000000000000000000e+00,0.000000000000000000e+00,0.000000000000000000e+00,1.407866055125772953e-01,0.000000000000000000e+00,0.000000000000000000e+00,-0.000000000000000000e+00,0.000000000000000000e+00,0.000000000000000000e+00,-0.000000000000000000e+00,0.000000000000000000e+00,-0.000000000000000000e+00,0.000000000000000000e+00
-0.000000000000000000e+00,-0.000000000000000000e+00,-1.432604789299994075e-01,-0.000000000000000000e+00,-1.521744963867003586e-01,0.000000000000000000e+00,1.325544968769794829e-01,1.127444500947984568e-01,2.532838733376741924e+00,-1.000345158798689321e-01,-9.535772959366248247e-02,0.000000000000000000e+00,0.000000000000000000e+00,-2.266645435725699598e-01,-0.000000000000000000e+00,-0.000000000000000000e+00,-0.000000000000000000e+00,-0.000000000000000000e+00,-0.000000000000000000e+00,-0.000000000000000000e+00,-0.000000000000000000e+00,0.000000000000000000e+00,-1.659408419076525976e-01,-6.129445344676617141e-02,-4.875248807223149239e-01,-4.605093626081707692e-01,-0.000000000000000000e+00,-0.000000000000000000e+00,-0.000000000000000000e+00,-2.312972076664581988e-01,0.000000000000000000e+00,-1.666820544909861090e-01,-0.000000000000000000e+00,-3.351267182227624652e-01,-0.000000000000000000e+00,-0.000000000000000000e+00,-0.000000000000000000e+00,-3.313430504837232976e-02,-0.000000000000000000e+00
-3.690501297243192758e-01,-2.656820510844900007e-01,-0.000000000000000000e+00,-0.000000000000000000e+00,-0.000000000000000000e+00,4.244620878113682105e-02,0.000000000000000000e+00,0.000000000000000000e+00,-1.000345158798689321e-01,2.599592397973321756e+00,-0.000000000000000000e+00,0.000000000000000000e+00,-0.000000000000000000e+00,-0.000000000000000000e+00,-0.000000000000000000e+00,-1.059077047913879133e+00,-0.000000000000000000e+00,-0.000000000000000000e+00,-0.000000000000000000e+00,0.000000000000000000e+00,0.000000000000000000e+00,0.000000000000000000e+00,-2.107764898358546191e-01,-0.000000000000000000e+00,-2.138242986471296410e-03,-0.000000000000000000e+00,0.000000000000000000e+00,-0.000000000000000000e+00,-0.000000000000000000e+00,-5.580756389376524407e-01,0.000000000000000000e+00,-0.000000000000000000e+00,-0.000000000000000000e+00,-0.000000000000000000e+00,0.000000000000000000e+00,-0.000000000000000000e+00,-0.000000000000000000e+00,-0.000000000000000000e+00,-0.000000000000000000e+00
-0.000000000000000000e+00,-1.124201626856733138e-01,-7.802162197672528332e-02,-0.000000000000000000e+00,-1.901702957975789920e-01,-0.000000000000000000e+00,-0.000000000000000000e+00,0.000000000000000000e+00,-9.535772959366248247e-02,-0.000000000000000000e+00,1.882823179473058106e+00,0.000000000000000000e+00,2.469860503088930695e-02,-2.642133066114037143e-02,-0.000000000000000000e+00,-0.000000000000000000e+00,-5.068582216226342751e-01,-0.000000000000000000e+00,-0.000000000000000000e+00,-0.000000000000000000e+00,-0.000000000000000000e+00,0.000000000000000000e+00,-0.000000000000000000e+00,-5.423335347839314952e-02,-0.000000000000000000e+00,-7.467889807074984398e-02,-0.000000000000000000e+00,-3.634583705921246022e-01,-0.000000000000000000e+00,-0.000000000000000000e+00,-0.000000000000000000e+00,-0.000000000000000000e+00,-0.000000000000000000e+00,-1.015172291817965644e-01,0.000000000000000000e+00,-0.000000000000000000e+00,-0.000000000000000000e+00,-1.729043956766843637e-01,-0.000000000000000000e+00
0.000000000000000000e+00,0.000000000000000000e+00,0.000000000000000000e+00,0.000000000000000000e+00,0.000000000000000000e+00,-0.000000000000000000e+00,-0.000000000000000000e+00,-0.000000000000000000e+00,0.000000000000000000e+00,0.000000000000000000e+00,0.000000000000000000e+00,1.240939208574007635e+00,-0.000000000000000000e+00,-0.000000000000000000e+00,0.000000000000000000e+00,0.000000000000000000e+00,0.000000000000000000e+00,0.000000000000000000e+00,0.000000000000000000e+00,1.182622247920943614e-01,0.000000000000000000e+00,0.000000000000000000e+00,-0.000000000000000000e+00,-0.000000000000000000e+00,0.000000000000000000e+00,2.172110822206982927e-01,-0.000000000000000000e+00,5.450521632311973452e-02,4.732306747065559427e-02,0.000000000000000000e+00,-0.000000000000000000e+00,0.000000000000000000e+00,0.000000000000000000e+00,-0.000000000000000000e+00,0.000000000000000000e+00,-9.229717093475688083e-02,1.133036029073357723e-02,0.000000000000000000e+00,-3.671426344085976234e-01
0.000000000000000000e+00,0.000000000000000000e+00,2.831786725574747532e-01,0.000000000000000000e+00,0.000000000000000000e+00,0.000000000000000000e+00,-0.000000000000000000e+00,-0.000000000000000000e+00,0.000000000000000000e+00,-0.000000000000000000e+00,2.469860503088930695e-02,-0.000000000000000000e+00,1.179025619259584268e+00,0.000000000000000000e+00,0.000000000000000000e+00,0.000000000000000000e+00,8.549438256403453507e-02,0.000000000000000000e+00,0.000000000000000000e+00,-0.000000000000000000e+00,1.532570912107149019e-01,-6.023726560098294214e-02,-0.000000000000000000e+00,2.118187131596469680e-02,0.000000000000000000e+00,3.092096533558716040e-02,0.000000000000000000e+00,0.000000000000000000e+00,0.000000000000000000e+00,0.000000000000000000e+00,9.684877019713666879e-02,0.000000000000000000e+00,0.000000000000000000e+00,0.000000000000000000e+00,0.000000000000000000e+00,0.000000000000000000e+00,0.000000000000000000e+00,0.000000000000000000e+00,-4.756595372957009293e-02
-0.000000000000000000e+00,-0.000000000000000000e+00,-9.324818688261603261e-02,-0.000000000000000000e+00,-0.000000000000000000e+00,-0.000000000000000000e+00,-0.000000000000000000e+00,0.000000000000000000e+00,-2.266645435725699598e-01,-0.000000000000000000e+00,-2.642133066114037143e-02,-0.000000000000000000e+00,0.000000000000000000e+00,2.040401675009074989e+00,-6.582488992288876989e-03,-9.215326180088120878e-02,-9.003848630030959754e-02,-0.000000000000000000e+00,0.000000000000000000e+00,-0.000000000000000000e+00,-0.000000000000000000e+00,0.000000000000000000e+00,-3.343781942305323884e-02,-3.752886925744012836e-01,-4.022278684605673504e-01,-8.919592029298105407e-02,-0.000000000000000000e+00,-2.002120403404310245e-01,-0.000000000000000000e+00,-0.000000000000000000e+00,0.000000000000000000e+00,-0.000000000000000000e+00,-0.000000000000000000e+00,-3.134180645507471108e-01,0.000000000000000000e+00,-0.000000000000000000e+00,-0.000000000000000000e+00,-1.032680002690860160e-01,-8.150304936104100411e-04
-0.000000000000000000e+00,-0.000000000000000000e+00,-0.000000000000000000e+00,0.000000000000000000e+00,0.000000000000000000e+00,-0.000000000000000000e+00,0.000000000000000000e+00,-0.000000000000000000e+00,-0.000000000000000000e+00,-0.000000000000000000e+00,-0.000000000000000000e+00,0.000000000000000000e+00,0.000000000000000000e+00,-6.582488992288876989e-03,2.599970837259105494e+00,-0.000000000000000000e+00,-6.810575680644708196e-01,3.168579534531649200e-01,2.533111326712804423e-02,-3.544305712768728855e-01,-0.000000000000000000e+00,5.712630485012722484e-03,0.000000000000000000e+00,-5.044318609593884117e-02,-3.564128914864465036e-01,-2.383217967916229918e-01,2.013294182633186200e-02,-0.000000000000000000e+00,-9.832100414847634584e-02,-0.000000000000000000e+00,8.943601773678432065e-02,-0.000000000000000000e+00,-1.395642414390933228e-01,-0.000000000000000000e+00,-0.000000000000000000e+00,0.000000000000000000e+00,-6.383987382001185540e-02,-6.433273754717373505e-01,0.000000000000000000e+00
-4.014003601088011464e-01,-1.775526835483440952e-02,-0.000000000000000000e+00,-1.382985141338561597e-01,-0.000000000000000000e+00,0.000000000000000000e+00,1.731029497815603502e-01,0.000000000000000000e+00,-0.000000000000000000e+00,-1.059077047913879133e+00,-0.000000000000000000e+00,0.000000000000000000e+00,0.000000000000000000e+00,-9.215326180088120878e-02,-0.000000000000000000e+00,2.308506254113841472e+00,-0.000000000000000000e+00,-0.000000000000000000e+00,0.000000000000000000e+00,-0.000000000000000000e+00,0.000000000000000000e+00,0.000000000000000000e+00,-0.000000000000000000e+00,-0.000000000000000000e+00,-0.000000000000000000e+00,-2.538726693739965998e-02,0.000000000000000000e+00,-0.000000000000000000e+00,-0.000000000000000000e+00,-3.065300531078042345e-01,0.000000000000000000e+00,-0.000000000000000000e+00,-0.000000000000000000e+00,-0.000000000000000000e+00,0.000000000000000000e+00,0.000000000000000000e+00,-0.000000000000000000e+00,-0.000000000000000000e+00,0.000000000000000000e+00
-0.000000000000000000e+00,-0.000000000000000000e+00,-0.000000000000000000e+00,-0.000000000000000000e+00,-0.000000000000000000e+00,-0.000000000000000000e+00,0.000000000000000000e+00,0.000000000000000000e+00,-0.000000000000000000e+00,-0.000000000000000000e+00,-5.068582216226342751e-01,0.000000000000000000e+00,8.549438256403453507e-02,-9.003848630030959754e-02,-6.810575680644708196e-01,-0.000000000000000000e+00,3.065764604899336110e+00,0.000000000000000000e+00,0.000000000000000000e+00,-1.215893011774879656e-01,-3.398524525162995111e-03,8.313960391134851691e-02,0.000000000000000000e+00,-3.013961629954008403e-01,-1.256311909837471152e-01,-6.166044235946342988e-01,0.000000000000000000e+00,-5.983703679592308755e-02,-1.471109302779373129e-01,-0.000000000000000000e+00,0.000000000000000000e+00,-1.473339171369014156e-01,-9.531131430137096405e-02,-0.000000000000000000e+00,-0.000000000000000000e+00,0.000000000000000000e+00,-2.762369853770630934e-01,-1.587085331692937307e-01,0.000000000000000000e+00
-1.097133971181697837e-01,-0.000000000000000000e+00,-0.000000000000000000e+00,-3.768553085518007162e-01,-4.489506376417347067e-01,-0.000000000000000000e+00,0.000000000000000000e+00,6.311903920325009354e-01,-0.000000000000000000e+00,-0.000000000000000000e+00,-0.000000000000000000e+00,0.000000000000000000e+00,0.000000000000000000e+00,-0.000000000000000000e+00,3.168579534531649200e-01,-0.000000000000000000e+00,0.000000000000000000e+00,2.192707540582614634e+00,-7.682992517304741975e-01,0.000000000000000000e+00,0.000000000000000000e+00,0.000000000000000000e+00,-0.000000000000000000e+00,-0.000000000000000000e+00,0.000000000000000000e+00,-0.000000000000000000e+00,-0.000000000000000000e+00,0.000000000000000000e+00,-0.000000000000000000e+00,-2.338254976173722091e-02,-0.000000000000000000e+00,-0.000000000000000000e+00,0.000000000000000000e+00,-0.000000000000000000e+00,-0.000000000000000000e+00,0.000000000000000000e+00,0.000000000000000000e+00,0.000000000000000000e+00,-0.000000000000000000e+00
-5.038195890824855722e-02,-4.804903267839007869e-02,-0.000000000000000000e+00,-0.000000000000000000e+00,-0.000000000000000000e+00,-0.000000000000000000e+00,0.000000000000000000e+00,0.000000000000000000e+00,-0.000000000000000000e+00,-0.000000000000000000e+00,-0.000000000000000000e+00,0.000000000000000000e+00,0.000000000000000000e+00,0.000000000000000000e+00,2.533111326712804423e-02,0.000000000000000000e+00,0.000000000000000000e+00,-7.682992517304741975e-01,1.829660811838052847e+00,2.203056306848524271e-01,-0.000000000000000000e+00,-0.000000000000000000e+00,-0.000000000000000000e+00,-0.000000000000000000e+00,0.000000000000000000e+00,-0.000000000000000000e+00,-4.148295819109436566e-01,0.000000000000000000e+00,0.000000000000000000e+00,-0.000000000000000000e+00,-3.986617680772296390e-01,0.000000000000000000e+00,0.000000000000000000e+00,-0.000000000000000000e+00,-0.000000000000000000e+00,-0.000000000000000000e+00,0.000000000000000000e+00,0.000000000000000000e+00,-0.000000000000000000e+00
0.000000000000000000e+00,0.000000000000000000e+00,-0.000000000000000000e+00,-0.000000000000000000e+00,0.000000000000000000e+00,0.000000000000000000e+00,-0.000000000000000000e+00,-0.000000000000000000e+00,-0.000000000000000000e+00,0.000000000000000000e+00,-0.000000000000000000e+00,1.182622247920943614e-01,-0.000000000000000000e+00,-0.000000000000000000e+00,-3.544305712768728855e-01,-0.000000000000000000e+00,-1.215893011774879656e-01,0.000000000000000000e+00,2.203056306848524271e-01,1.768923901636334728e+00,-0.000000000000000000e+00,4.286801864866759265e-02,8.268627659340788139e-02,-0.000000000000000000e+00,-0.000000000000000000e+00,-0.000000000000000000e+00,8.669338174297512578e-02,-4.799487076467414126e-01,-0.000000000000000000e+00,0.000000000000000000e+00,2.453712474783386333e-01,-0.000000000000000000e+00,-8.357766704304775418e-02,0.000000000000000000e+00,0.000000000000000000e+00,0.000000000000000000e+00,-1.390857776263915435e-01,-0.000000000000000000e+00,0.000000000000000000e+00
-0.000000000000000000e+00,-0.000000000000000000e+00,-0.000000000000000000e+00,-0.000000000000000000e+00,0.000000000000000000e+00,0.000000000000000000e+00,0.000000000000000000e+00,-0.000000000000000000e+00,-0.000000000000000000e+00,0.000000000000000000e+00,-0.000000000000000000e+00,0.000000000000000000e+00,1.532570912107149019e-01,-0.000000000000000000e+00,-0.000000000000000000e+00,0.000000000000000000e+00,-3.398524525162995111e-03,0.000000000000000000e+00,-0.000000000000000000e+00,-0.000000000000000000e+00,1.376123617798497678e+00,-0.000000000000000000e+00,0.000000000000000000e+00,-0.000000000000000000e+00,-0.000000000000000000e+00,-0.000000000000000000e+00,-0.000000000000000000e+00,-0.000000000000000000e+00,-1.834042729206852851e-01,0.000000000000000000e+00,-0.000000000000000000e+00,-0.000000000000000000e+00,-3.521634769790285002e-01,-0.000000000000000000e+00,-3.349016183573113592e-01,0.000000000000000000e+00,-0.000000000000000000e+00,-0.000000000000000000e+00,2.366818295178600359e-02
-0.000000000000000000e+00,-0.000000000000000000e+00,0.000000000000000000e+00,0.000000000000000000e+00,4.133163259500868131e-02,1.433497421768555914e-02,-0.000000000000000000e+00,-0.000000000000000000e+00,0.000000000000000000e+00,0.000000000000000000e+00,0.000000000000000000e+00,0.000000000000000000e+00,-6.023726560098294214e-02,0.000000000000000000e+00,5.712630485012722484e-03,0.000000000000000000e+00,8.313960391134851691e-02,0.000000000000000000e+00,-0.000000000000000000e+00,4.286801864866759265e-02,-0.000000000000000000e+00,1.214885786348305130e+00,-0.000000000000000000e+00,1.993561910091624367e-01,1.154956081855053329e-01,3.893425803551046199e-02,-0.000000000000000000e+00,0.000000000000000000e+00,0.000000000000000000e+00,0.000000000000000000e+00,-0.000000000000000000e+00,0.000000000000000000e+00,0.000000000000000000e+00,0.000000000000000000e+00,-0.000000000000000000e+00,0.000000000000000000e+00,1.233397374291997223e-01,0.000000000000000000e+00,-0.000000000000000000e+00
-0.000000000000000000e+00,-0.000000000000000000e+00,-0.000000000000000000e+00,0.000000000000000000e+00,-0.000000000000000000e+00,-0.000000000000000000e+00,0.000000000000000000e+00,0.000000000000000000e+00,-1.659408419076525976e-01,-2.107764898358546191e-01,-0.000000000000000000e+00,-0.000000000000000000e+00,-0.000000000000000000e+00,-3.343781942305323884e-02,0.000000000000000000e+00,-0.000000000000000000e+00,0.000000000000000000e+00,-0.000000000000000000e+00,-0.000000000000000000e+00,8.268627659340788139e-02,0.000000000000000000e+00,-0.000000000000000000e+00,1.601194501697968064e+00,-0.000000000000000000e+00,-0.000000000000000000e+00,-0.000000000000000000e+00,-4.675599827104602590e-02,0.000000000000000000e+00,-0.000000000000000000e+00,-3.215719184620676185e-01,-0.000000000000000000e+00,-0.000000000000000000e+00,0.000000000000000000e+00,-3.893309659976388337e-01,-0.000000000000000000e+00,-0.000000000000000000e+00,0.000000000000000000e+00,-0.000000000000000000e+00,-2.935210068103960013e-01
-0.000000000000000000e+00,-0.000000000000000000e+00,-9.800855904461040768e-02,-0.000000000000000000e+00,-0.000000000000000000e+00,-1.550446475966024140e-01,0.000000000000000000e+00,0.000000000000000000e+00,-6.129445344676617141e-02,-0.000000000000000000e+00,-5.423335347839314952e-02,-0.000000000000000000e+00,2.118187131596469680e-02,-3.752886925744012836e-01,-5.044318609593884117e-02,-0.000000000000000000e+00,-3.013961629954008403e-01,-0.000000000000000000e+00,-0.000000000000000000e+00,-0.000000000000000000e+00,-0.000000000000000000e+00,1.993561910091624367e-01,-0.000000000000000000e+00,1.669123525138643371e+00,-1.025832891216566303e-02,-0.000000000000000000e+00,-0.000000000000000000e+00,-0.000000000000000000e+00,-0.000000000000000000e+00,-0.000000000000000000e+00,-0.000000000000000000e+00,-1.649272449244682526e-01,-0.000000000000000000e+00,-7.211311175580062405e-02,-0.000000000000000000e+00,-0.000000000000000000e+00,-0.000000000000000000e+00,-0.000000000000000000e+00,0.000000000000000000e+00
-0.000000000000000000e+00,-0.000000000000000000e+00,-0.000000000000000000e+00,-0.000000000000000000e+00,-0.000000000000000000e+00,0.000000000000000000e+00,0.000000000000000000e+00,0.000000000000000000e+00,-4.875248807223149239e-01,-2.138242986471296410e-03,-0.000000000000000000e+00,0.000000000000000000e+00,0.000000000000000000e+00,-4.022278684605673504e-01,-3.564128914864465036e-01,-0.000000000000000000e+00,-1.256311909837471152e-01,0.000000000000000000e+00,0.000000000000000000e+00,-0.000000000000000000e+00,-0.000000000000000000e+00,1.154956081855053329e-01,-0.000000000000000000e+00,-1.025832891216566303e-02,2.163340514251799629e+00,-2.996679476376398754e-01,0.000000000000000000e+00,-0.000000000000000000e+00,-0.000000000000000000e+00,-1.028194021302608341e-01,6.649781192844841926e-02,-0.000000000000000000e+00,-0.000000000000000000e+00,-0.000000000000000000e+00,0.000000000000000000e+00,-0.000000000000000000e+00,-1.626833340471341427e-01,-0.000000000000000000e+00,-0.000000000000000000e+00
-0.000000000000000000e+00,-0.000000000000000000e+00,-3.275845787979532742e-01,-9.847223953129950746e-02,-0.000000000000000000e+00,0.000000000000000000e+00,0.000000000000000000e+00,0.000000000000000000e+00,-4.605093626081707692e-01,-0.000000000000000000e+00,-7.467889807074984398e-02,2.172110822206982927e-01,3.092096533558716040e-02,-8.919592029298105407e-02,-2.383217967916229918e-01,-2.538726693739965998e-02,-6.166044235946342988e-01,-0.000000000000000000e+00,-0.000000000000000000e+00,-0.000000000000000000e+00,-0.000000000000000000e+00,3.893425803551046199e-02,-0.000000000000000000e+00,-0.000000000000000000e+00,-2.996679476376398754e-01,2.853371942638520231e+00,-0.000000000000000000e+00,-0.000000000000000000e+00,-2.185948392599506573e-01,-0.000000000000000000e+00,0.000000000000000000e+00,-4.832007309005423995e-02,-1.677063913483520241e-02,-0.000000000000000000e+00,-0.000000000000000000e+00,0.000000000000000000e+00,-1.388607588572971230e-01,-3.416918266820627714e-01,0.000000000000000000e+00
-0.000000000000000000e+00,-0.000000000000000000e+00,-7.665946941665030545e-03,-0.000000000000000000e+00,-0.000000000000000000e+00,-0.000000000000000000e+00,0.000000000000000000e+00,0.000000000000000000e+00,-0.000000000000000000e+00,0.000000000000000000e+00,-0.000000000000000000e+00,-0.000000000000000000e+00,0.000000000000000000e+00,-0.000000000000000000e+00,2.013294182633186200e-02,0.000000000000000000e+00,0.000000000000000000e+00,-0.000000000000000000e+00,-4.148295819109436566e-01,8.669338174297512578e-02,-0.000000000000000000e+00,-0.000000000000000000e+00,-4.675599827104602590e-02,-0.000000000000000000e+00,0.000000000000000000e+00,-0.000000000000000000e+00,1.395897437912216654e+00,-0.000000000000000000e+00,0.000000000000000000e+00,0.000000000000000000e+00,-1.407847646984598800e-01,-0.000000000000000000e+00,-0.000000000000000000e+00,-1.984865172711139381e-01,-0.000000000000000000e+00,-9.948768174803120090e-02,0.000000000000000000e+00,0.000000000000000000e+00,-2.182277736716141114e-01
0.000000000000000000e+00,-0.000000000000000000e+00,-3.947318203850170848e-01,-0.000000000000000000e+00,-0.000000000000000000e+00,0.000000000000000000e+00,-2.192246623215680090e-01,0.000000000000000000e+00,-0.000000000000000000e+00,-0.000000000000000000e+00,-3.634583705921246022e-01,5.450521632311973452e-02,0.000000000000000000e+00,-2.002120403404310245e-01,-0.000000000000000000e+00,-0.000000000000000000e+00,-5.983703679592308755e-02,0.000000000000000000e+00,0.000000000000000000e+00,-4.799487076467414126e-01,-0.000000000000000000e+00,0.000000000000000000e+00,0.000000000000000000e+00,-0.000000000000000000e+00,-0.000000000000000000e+00,-0.000000000000000000e+00,-0.000000000000000000e+00,1.754014082739254521e+00,0.000000000000000000e+00,-0.000000000000000000e+00,0.000000000000000000e+00,-0.000000000000000000e+00,-0.000000000000000000e+00,-0.000000000000000000e+00,2.285013133304482011e-02,0.000000000000000000e+00,-1.306625221770384669e-02,-6.329013655275117500e-02,0.000000000000000000e+00
-0.000000000000000000e+00,-0.000000000000000000e+00,-0.000000000000000000e+00,-4.887184257852415087e-02,-0.000000000000000000e+00,-9.372456063090961464e-02,3.585900258171134669e-02,0.000000000000000000e+00,-0.000000000000000000e+00,-0.000000000000000000e+00,-0.000000000000000000e+00,4.732306747065559427e-02,0.000000000000000000e+00,-0.000000000000000000e+00,-9.832100414847634584e-02,-0.000000000000000000e+00,-1.471109302779373129e-01,-0.000000000000000000e+00,0.000000000000000000e+00,-0.000000000000000000e+00,-1.834042729206852851e-01,0.000000000000000000e+00,-0.000000000000000000e+00,-0.000000000000000000e+00,-0.000000000000000000e+00,-2.185948392599506573e-01,0.000000000000000000e+00,0.000000000000000000e+00,1.754703632586408490e+00,-4.635734003407850079e-02,0.000000000000000000e+00,-1.141667427923340472e-01,-9.636876210639537532e-02,0.000000000000000000e+00,-6.410691661520909745e-01,8.601759222408650318e-02,-0.000000000000000000e+00,-0.000000000000000000e+00,0.000000000000000000e+00
-2.885995509784005653e-01,-0.000000000000000000e+00,-0.000000000000000000e+00,-0.000000000000000000e+00,-4.783665072201319368e-02,-0.000000000000000000e+00,0.000000000000000000e+00,1.407866055125772953e-01,-2.312972076664581988e-01,-5.580756389376524407e-01,-0.000000000000000000e+00,0.000000000000000000e+00,0.000000000000000000e+00,-0.000000000000000000e+00,-0.000000000000000000e+00,-3.065300531078042345e-01,-0.000000000000000000e+00,-2.338254976173722091e-02,-0.000000000000000000e+00,0.000000000000000000e+00,0.000000000000000000e+00,0.000000000000000000e+00,-3.215719184620676185e-01,-0.000000000000000000e+00,-1.028194021302608341e-01,-0.000000000000000000e+00,0.000000000000000000e+00,-0.000000000000000000e+00,-4.635734003407850079e-02,2.067647860824236794e+00,0.000000000000000000e+00,-0.000000000000000000e+00,0.000000000000000000e+00,-0.000000000000000000e+00,-0.000000000000000000e+00,-0.000000000000000000e+00,-0.000000000000000000e+00,-0.000000000000000000e+00,-0.000000000000000000e+00
0.000000000000000000e+00,0.000000000000000000e+00,-0.000000000000000000e+00,1.101107951892937725e-01,-0.000000000000000000e+00,-3.727912950742582471e-02,-0.000000000000000000e+00,0.000000000000000000e+00,0.000000000000000000e+00,0.000000000000000000e+00,-0.000000000000000000e+00,-0.000000000000000000e+00,9.684877019713666879e-02,0.000000000000000000e+00,8.943601773678432065e-02,0.000000000000000000e+00,0.000000000000000000e+00,-0.000000000000000000e+00,-3.986617680772296390e-01,2.453712474783386333e-01,-0.000000000000000000e+00,-0.000000000000000000e+00,-0.000000000000000000e+00,-0.000000000000000000e+00,6.649781192844841926e-02,0.000000000000000000e+00,-1.407847646984598800e-01,0.000000000000000000e+00,0.000000000000000000e+00,0.000000000000000000e+00,1.576344302955358101e+00,0.000000000000000000e+00,0.000000000000000000e+00,-0.000000000000000000e+00,-0.000000000000000000e+00,-3.218560653873557831e-01,2.971144409805898667e-01,3.632265473223077233e-04,-0.000000000000000000e+00
-0.000000000000000000e+00,-1.929456444810449811e-01,-5.259725582672149929e-02,-1.621684017082524742e-01,-0.000000000000000000e+00,-0.000000000000000000e+00,1.529245170399623488e-01,0.000000000000000000e+00,-1.666820544909861090e-01,-0.000000000000000000e+00,-0.000000000000000000e+00,0.000000000000000000e+00,0.000000000000000000e+00,-0.000000000000000000e+00,-0.000000000000000000e+00,-0.000000000000000000e+00,-1.473339171369014156e-01,-0.000000000000000000e+00,0.000000000000000000e+00,-0.000000000000000000e+00,-0.000000000000000000e+00,0.000000000000000000e+00,-0.000000000000000000e+00,-1.649272449244682526e-01,-0.000000000000000000e+00,-4.832007309005423995e-02,-0.000000000000000000e+00,-0.000000000000000000e+00,-1.141667427923340472e-01,-0.000000000000000000e+00,0.000000000000000000e+00,2.644199019803171957e+00,-4.852477427390708975e-01,-0.000000000000000000e+00,-0.000000000000000000e+00,0.000000000000000000e+00,-1.124345816072752857e+00,-1.575635471606461405e-02,0.000000000000000000e+00
-0.000000000000000000e+00,-0.000000000000000000e+00,-0.000000000000000000e+00,-0.000000000000000000e+00,0.000000000000000000e+00,0.000000000000000000e+00,0.000000000000000000e+00,-0.000000000000000000e+00,-0.000000000000000000e+00,-0.000000000000000000e+00,-0.000000000000000000e+00,0.000000000000000000e+00,0.000000000000000000e+00,-0.000000000000000000e+00,-1.395642414390933228e-01,-0.000000000000000000e+00,-9.531131430137096405e-02,0.000000000000000000e+00,0.000000000000000000e+00,-8.357766704304775418e-02,-3.521634769790285002e-01,0.000000000000000000e+00,0.000000000000000000e+00,-0.000000000000000000e+00,-0.000000000000000000e+00,-1.677063913483520241e-02,-0.000000000000000000e+00,-0.000000000000000000e+00,-9.636876210639537532e-02,0.000000000000000000e+00,0.000000000000000000e+00,-4.852477427390708975e-01,1.895489174026639079e+00,-0.000000000000000000e+00,-0.000000000000000000e+00,0.000000000000000000e+00,-4.660333737225715312e-01,-0.000000000000000000e+00,0.000000000000000000e+00
-0.000000000000000000e+00,-0.000000000000000000e+00,-4.263750015557065121e-01,-0.000000000000000000e+00,-3.887036752338129952e-01,-0.000000000000000000e+00,0.000000000000000000e+00,0.000000000000000000e+00,-3.351267182227624652e-01,-0.000000000000000000e+00,-1.015172291817965644e-01,-0.000000000000000000e+00,0.000000000000000000e+00,-3.134180645507471108e-01,-0.000000000000000000e+00,-0.000000000000000000e+00,-0.000000000000000000e+00,-0.000000000000000000e+00,-0.000000000000000000e+00,0.000000000000000000e+00,-0.000000000000000000e+00,0.000000000000000000e+00,-3.893309659976388337e-01,-7.211311175580062405e-02,-0.000000000000000000e+00,-0.000000000000000000e+00,-1.984865172711139381e-01,-0.000000000000000000e+00,0.000000000000000000e+00,-0.000000000000000000e+00,-0.000000000000000000e+00,-0.000000000000000000e+00,-0.000000000000000000e+00,2.284160226250858461e+00,-0.000000000000000000e+00,-4.469634827556216439e-01,-0.000000000000000000e+00,-0.000000000000000000e+00,-1.638186239758817886e-01
-0.000000000000000000e+00,0.000000000000000000e+00,-0.000000000000000000e+00,-0.000000000000000000e+00,-0.000000000000000000e+00,-1.792470626440955117e-01,0.000000000000000000e+00,0.000000000000000000e+00,-0.000000000000000000e+00,0.000000000000000000e+00,0.000000000000000000e+00,0.000000000000000000e+00,0.000000000000000000e+00,0.000000000000000000e+00,-0.000000000000000000e+00,0.000000000000000000e+00,-0.000000000000000000e+00,-0.000000000000000000e+00,-0.000000000000000000e+00,0.000000000000000000e+00,-3.349016183573113592e-01,-0.000000000000000000e+00,-0.000000000000000000e+00,-0.000000000000000000e+00,0.000000000000000000e+00,-0.000000000000000000e+00,-0.000000000000000000e+00,2.285013133304482011e-02,-6.410691661520909745e-01,-0.000000000000000000e+00,-0.000000000000000000e+00,-0.000000000000000000e+00,-0.000000000000000000e+00,-0.000000000000000000e+00,1.510096951837025081e+00,0.000000000000000000e+00,0.000000000000000000e+00,0.000000000000000000e+00,0.000000000000000000e+00
0.000000000000000000e+00,0.000000000000000000e+00,-0.000000000000000000e+00,1.660058801477538315e-01,-0.000000000000000000e+00,-0.000000000000000000e+00,-0.000000000000000000e+00,-0.000000000000000000e+00,-0.000000000000000000e+00,-0.000000000000000000e+00,-0.000000000000000000e+00,-9.229717093475688083e-02,0.000000000000000000e+00,-0.000000000000000000e+00,0.000000000000000000e+00,0.000000000000000000e+00,0.000000000000000000e+00,0.000000000000000000e+00,-0.000000000000000000e+00,0.000000000000000000e+00,0.000000000000000000e+00,0.000000000000000000e+00,-0.000000000000000000e+00,-0.000000000000000000e+00,-0.000000000000000000e+00,0.000000000000000000e+00,-9.948768174803120090e-02,0.000000000000000000e+00,8.601759222408650318e-02,-0.000000000000000000e+00,-3.218560653873557831e-01,0.000000000000000000e+00,0.000000000000000000e+00,-4.469634827556216439e-01,0.000000000000000000e+00,1.344968318392457896e+00,0.000000000000000000e+00,0.000000000000000000e+00,-1.069346538976958944e-01
-0.000000000000000000e+00,-0.000000000000000000e+00,-1.248144311995004335e-01,-2.112466623838122892e-01,-0.000000000000000000e+00,-0.000000000000000000e+00,5.134118326865544368e-02,0.000000000000000000e+00,-0.000000000000000000e+00,-0.000000000000000000e+00,-0.000000000000000000e+00,1.133036029073357723e-02,0.000000000000000000e+00,-0.000000000000000000e+00,-6.383987382001185540e-02,-0.000000000000000000e+00,-2.762369853770630934e-01,0.000000000000000000e+00,0.000000000000000000e+00,-1.390857776263915435e-01,-0.000000000000000000e+00,1.233397374291997223e-01,0.000000000000000000e+00,-0.000000000000000000e+00,-1.626833340471341427e-01,-1.388607588572971230e-01,0.000000000000000000e+00,-1.306625221770384669e-02,-0.000000000000000000e+00,-0.000000000000000000e+00,2.971144409805898667e-01,-1.124345816072752857e+00,-4.660333737225715312e-01,-0.000000000000000000e+00,0.000000000000000000e+00,0.000000000000000000e+00,2.850522336220576047e+00,-0.000000000000000000e+00,7.527896867724311047e-02
-0.000000000000000000e+00,-1.690069028385808858e-01,-0.000000000000000000e+00,0.000000000000000000e+00,-0.000000000000000000e+00,0.000000000000000000e+00,0.000000000000000000e+00,-0.000000000000000000e+00,-3.313430504837232976e-02,-0.000000000000000000e+00,-1.729043956766843637e-01,0.000000000000000000e+00,0.000000000000000000e+00,-1.032680002690860160e-01,-6.433273754717373505e-01,-0.000000000000000000e+00,-1.587085331692937307e-01,0.000000000000000000e+00,0.000000000000000000e+00,-0.000000000000000000e+00,-0.000000000000000000e+00,0.000000000000000000e+00,-0.000000000000000000e+00,-0.000000000000000000e+00,-0.000000000000000000e+00,-3.416918266820627714e-01,0.000000000000000000e+00,-6.329013655275117500e-02,-0.000000000000000000e+00,-0.000000000000000000e+00,3.632265473223077233e-04,-1.575635471606461405e-02,-0.000000000000000000e+00,-0.000000000000000000e+00,0.000000000000000000e+00,0.000000000000000000e+00,-0.000000000000000000e+00,1.920947925346557117e+00,-0.000000000000000000e+00
-0.000000000000000000e+00,-0.000000000000000000e+00,0.000000000000000000e+00,0.000000000000000000e+00,-0.000000000000000000e+00,-0.000000000000000000e+00,-0.000000000000000000e+00,0.000000000000000000e+00,-0.000000000000000000e+00,-0.000000000000000000e+00,-0.000000000000000000e+00,-3.671426344085976234e-01,-4.756595372957009293e-02,-8.150304936104100411e-04,0.000000000000000000e+00,0.000000000000000000e+00,0.000000000000000000e+00,-0.000000000000000000e+00,-0.000000000000000000e+00,0.000000000000000000e+00,2.366818295178600359e-02,-0.000000000000000000e+00,-2.935210068103960013e-01,0.000000000000000000e+00,-0.000000000000000000e+00,0.000000000000000000e+00,-2.182277736716141114e-01,0.000000000000000000e+00,0.000000000000000000e+00,-0.000000000000000000e+00,-0.000000000000000000e+00,0.000000000000000000e+00,0.000000000000000000e+00,-1.638186239758817886e-01,0.000000000000000000e+00,-1.069346538976958944e-01,7.527896867724311047e-02,-0.000000000000000000e+00,1.354040951174110052e+00
