1.768727954118581636e+00,-0.000000000000000000e+00,-0.000000000000000000e+00,-0.000000000000000000e+00,-1.708461607538096505e-01,0.000000000000000000e+00,0.000000000000000000e+00,0.000000000000000000e+00,-1.826574272484866590e-01,-1.121169445259237868e-01,-0.000000000000000000e+00,0.000000000000000000e+00,0.000000000000000000e+00,-0.000000000000000000e+00,2.080163234023460206e-01,-2.481383974850196461e-01,-1.368960932137863219e-02,-0.000000000000000000e+00,-0.000000000000000000e+00,-0.000000000000000000e+00,-0.000000000000000000e+00,-0.000000000000000000e+00,-0.000000000000000000e+00,-0.000000000000000000e+00,0.000000000000000000e+00,-3.079762943901955680e-02,-0.000000000000000000e+00,-0.000000000000000000e+00,0.000000000000000000e+00,-0.000000000000000000e+00,-0.000000000000000000e+00,-0.000000000000000000e+00,-0.000000000000000000e+00,-0.000000000000000000e+00,-0.000000000000000000e+00,-2.401552723711977699e-01,-0.000000000000000000e+00,-5.192649375865497907e-01,-1.710677603450759809e-01
-0.000000000000000000e+00,1.451174864435110567e+00,0.000000000000000000e+00,8.354639072078581807e-02,-0.000000000000000000e+00,-0.000000000000000000e+00,0.000000000000000000e+00,-0.000000000000000000e+00,-0.000000000000000000e+00,-1.520932305393586925e-01,-0.000000000000000000e+00,0.000000000000000000e+00,0.000000000000000000e+00,0.000000000000000000e+00,-0.000000000000000000e+00,-0.000000000000000000e+00,-0.000000000000000000e+00,0.000000000000000000e+00,0.000000000000000000e+00,4.026182802647513825e-01,3.075373804652031112e-02,0.000000000000000000e+00,-0.000000000000000000e+00,-0.000000000000000000e+00,0.000000000000000000e+00,0.000000000000000000e+00,-0.000000000000000000e+00,0.000000000000000000e+00,0.000000000000000000e+00,-3.054275894031966906e-02,-0.000000000000000000e+00,-0.000000000000000000e+00,0.000000000000000000e+00,-0.000000000000000000e+00,-6.727775094053715932e-02,-4.476089574270926408e-02,-0.000000000000000000e+00,-0.000000000000000000e+00,-4.796880565373639604e-01
-0.000000000000000000e+00,0.000000000000000000e+00,2.784497461396552076e+00,-0.000000000000000000e+00,-1.169757936151430144e-01,-0.000000000000000000e+00,-0.000000000000000000e+00,6.115243684864677398e-01,0.000000000000000000e+00,0.000000000000000000e+00,-0.000000000000000000e+00,-0.000000000000000000e+00,-3.973687356220396982e-02,-3.825120665718323432e-02,1.032001792638929799e-01,-0.000000000000000000e+00,-0.000000000000000000e+00,-7.299676478887172359e-02,-0.000000000000000000e+00,-0.000000000000000000e+00,-3.690712803738921410e-01,-4.531248384131489892e-01,-0.000000000000000000e+00,-0.000000000000000000e+00,-7.796517284752117749e-02,-1.557261034003727396e-01,-0.000000000000000000e+00,-2.282018731111511989e-01,-0.000000000000000000e+00,0.000000000000000000e+00,-1.804231572055153554e-01,-6.181316615432344563e-02,-2.258408802604492671e-01,-0.000000000000000000e+00,-0.000000000000000000e+00,-0.000000000000000000e+00,-2.189595465504752814e-01,0.000000000000000000e+00,0.000000000000000000e+00
-0.000000000000000000e+00,8.354639072078581807e-02,-0.000000000000000000e+00,1.533487331527343622e+00,0.000000000000000000e+00,0.000000000000000000e+00,-0.000000000000000000e+00,0.000000000000000000e+00,-0.000000000000000000e+00,0.000000000000000000e+00,0.000000000000000000e+00,-0.000000000000000000e+00,-0.000000000000000000e+00,0.000000000000000000e+00,0.000000000000000000e+00,-0.000000000000000000e+00,0.000000000000000000e+00,-3.978246211027086643e-01,-4.004791880676285554e-01,-3.542416989339264854e-01,-0.000000000000000000e+00,-0.000000000000000000e+00,0.000000000000000000e+00,-0.000000000000000000e+00,-0.000000000000000000e+00,-0.000000000000000000e+00,0.000000000000000000e+00,-0.000000000000000000e+00,-0.000000000000000000e+00,0.000000000000000000e+00,0.000000000000000000e+00,0.000000000000000000e+00,0.000000000000000000e+00,0.000000000000000000e+00,0.000000000000000000e+00,0.000000000000000000e+00,-0.000000000000000000e+00,-0.000000000000000000e+00,-0.000000000000000000e+00
-1.708461607538096505e-01,-0.000000000000000000e+00,-1.169757936151430144e-01,0.000000000000000000e+00,2.015758809474786251e+00,-0.000000000000000000e+00,-0.000000000000000000e+00,0.000000000000000000e+00,-0.000000000000000000e+00,-1.165918955141584529e-01,-0.000000000000000000e+00,0.000000000000000000e+00,-0.000000000000000000e+00,-0.000000000000000000e+00,1.459251137263433418e-01,-6.429149205006010059e-02,-2.132617195816559619e-01,-0.000000000000000000e+00,0.000000000000000000e+00,0.000000000000000000e+00,-0.000000000000000000e+00,-0.000000000000000000e+00,-2.170843485993201594e-01,-0.000000000000000000e+00,-0.000000000000000000e+00,-0.000000000000000000e+00,-1.257696628740980448e-02,-0.000000000000000000e+00,-0.000000000000000000e+00,-0.000000000000000000e+00,-2.404083306103140527e-01,-3.522811612652407970e-02,-1.640120759435797493e-01,-5.554521210874965309e-01,-9.446080661273938139e-02,-1.917001268070035735e-01,-0.000000000000000000e+00,-0.000000000000000000e+00,-0.000000000000000000e+00
0.000000000000000000e+00,-0.000000000000000000e+00,-0.000000000000000000e+00,0.000000000000000000e+00,-0.000000000000000000e+00,1.767747691716188951e+00,-0.000000000000000000e+00,0.000000000000000000e+00,0.000000000000000000e+00,0.000000000000000000e+00,-7.565785660498476617e-02,-0.000000000000000000e+00,-2.237775521542318402e-01,-1.884590500111472111e-01,0.000000000000000000e+00,0.000000000000000000e+00,-1.276662371857240630e-01,0.000000000000000000e+00,7.886459480977766473e-03,-0.000000000000000000e+00,-0.000000000000000000e+00,-0.000000000000000000e+00,-0.000000000000000000e+00,-0.000000000000000000e+00,-0.000000000000000000e+00,-0.000000000000000000e+00,-2.423352525996189666e-01,-0.000000000000000000e+00,-7.062394859473883346e-02,0.000000000000000000e+00,-3.071760129941884521e-01,-9.361159056723206140e-02,-4.468774958564078470e-02,-0.000000000000000000e+00,-1.553389701156148162e-01,-0.000000000000000000e+00,-8.385629289665715025e-02,0.000000000000000000e+00,0.000000000000000000e+00
0.000000000000000000e+00,0.000000000000000000e+00,-0.000000000000000000e+00,-0.000000000000000000e+00,-0.000000000000000000e+00,-0.000000000000000000e+00,1.901298200531332805e+00,0.000000000000000000e+00,1.141746595039088846e-01,0.000000000000000000e+00,0.000000000000000000e+00,-0.000000000000000000e+00,-5.411219732209803235e-01,-2.866405657886084146e-02,0.000000000000000000e+00,0.000000000000000000e+00,-0.000000000000000000e+00,-0.000000000000000000e+00,-0.000000000000000000e+00,-1.432531348915051239e-01,-1.103455282804174931e-01,-2.504735866293435476e-01,-0.000000000000000000e+00,-0.000000000000000000e+00,-2.760763321635671952e-01,-0.000000000000000000e+00,-0.000000000000000000e+00,-0.000000000000000000e+00,-8.140527966515671843e-02,2.292252876983825738e-01,-0.000000000000000000e+00,-0.000000000000000000e+00,-0.000000000000000000e+00,-0.000000000000000000e+00,-0.000000000000000000e+00,0.000000000000000000e+00,-0.000000000000000000e+00,1.155484403057812498e-02,0.000000000000000000e+00
0.000000000000000000e+00,-0.000000000000000000e+00,6.115243684864677398e-01,0.000000000000000000e+00,0.000000000000000000e+00,0.000000000000000000e+00,0.000000000000000000e+00,2.660803639411066790e+00,-0.000000000000000000e+00,-0.000000000000000000e+00,0.000000000000000000e+00,0.000000000000000000e+00,1.388715188576975790e-01,8.641638553214425755e-02,-9.008921480184881037e-02,-0.000000000000000000e+00,0.000000000000000000e+00,0.000000000000000000e+00,0.000000000000000000e+00,0.000000000000000000e+00,4.599562668868304449e-01,3.546650393731901607e-01,0.000000000000000000e+00,6.615683761528690088e-02,8.601872130840478026e-02,6.425221027100865012e-02,0.000000000000000000e+00,0.000000000000000000e+00,1.409881211497888698e-01,-0.000000000000000000e+00,3.528376954653505981e-02,1.935753575148182332e-02,4.529881468360331120e-01,0.000000000000000000e+00,0.000000000000000000e+00,0.000000000000000000e+00,7.698952929431038261e-02,-0.000000000000000000e+00,-0.000000000000000000e+00
-1.826574272484866590e-01,-0.000000000000000000e+00,0.000000000000000000e+00,-0.000000000000000000e+00,-0.000000000000000000e+00,0.000000000000000000e+00,1.141746595039088846e-01,-0.000000000000000000e+00,2.003439436555059405e+00,-4.565807746615830470e-02,-0.000000000000000000e+00,3.796156399931311515e-02,0.000000000000000000e+00,0.000000000000000000e+00,0.000000000000000000e+00,-1.497187701224195200e-01,-0.000000000000000000e+00,-0.000000000000000000e+00,-0.000000000000000000e+00,0.000000000000000000e+00,0.000000000000000000e+00,0.000000000000000000e+00,-0.000000000000000000e+00,0.000000000000000000e+00,0.000000000000000000e+00,0.000000000000000000e+00,0.000000000000000000e+00,0.000000000000000000e+00,0.000000000000000000e+00,-5.781980711697127795e-01,-0.000000000000000000e+00,0.000000000000000000e+00,0.000000000000000000e+00,-5.399325598384289299e-02,0.000000000000000000e+00,-0.000000000000000000e+00,0.000000000000000000e+00,-4.265669825504778134e-01,-4.129270858727073223e-01
-1.121169445259237868e-01,-1.520932305393586925e-01,0.000000000000000000e+00,0.000000000000000000e+00,-1.165918955141584529e-01,0.000000000000000000e+00,0.000000000000000000e+00,-0.000000000000000000e+00,-4.565807746615830470e-02,1.936022972537481124e+00,-1.113972579316209049e-01,1.585265141927056920e-01,0.000000000000000000e+00,0.000000000000000000e+00,0.000000000000000000e+00,-6.804766834234842188e-01,-0.000000000000000000e+00,-0.000000000000000000e+00,-0.000000000000000000e+00,0.000000000000000000e+00,0.000000000000000000e+00,0.000000000000000000e+00,-1.115678523375600584e-01,-0.000000000000000000e+00,0.000000000000000000e+00,-0.000000000000000000e+00,-0.000000000000000000e+00,0.000000000000000000e+00,0.000000000000000000e+00,-2.705301227490306548e-01,-0.000000000000000000e+00,-0.000000000000000000e+00,-0.000000000000000000e+00,-0.000000000000000000e+00,-0.000000000000000000e+00,-0.000000000000000000e+00,0.000000000000000000e+00,-0.000000000000000000e+00,-3.382611269051337688e-01
-0.000000000000000000e+00,-0.000000000000000000e+00,-0.000000000000000000e+00,0.000000000000000000e+00,-0.000000000000000000e+00,-7.565785660498476617e-02,0.000000000000000000e+00,0.000000000000000000e+00,-0.000000000000000000e+00,-1.113972579316209049e-01,1.519743238342980751e+00,-0.000000000000000000e+00,-0.000000000000000000e+00,-0.000000000000000000e+00,0.000000000000000000e+00,-0.000000000000000000e+00,-6.608178656911518623e-01,0.000000000000000000e+00,6.551018552888530910e-02,0.000000000000000000e+00,-0.000000000000000000e+00,-0.000000000000000000e+00,-2.884511885185179255e-03,-0.000000000000000000e+00,-0.000000000000000000e+00,-0.000000000000000000e+00,-1.232248514826457531e-01,-0.000000000000000000e+00,-0.000000000000000000e+00,-0.000000000000000000e+00,-0.000000000000000000e+00,-0.000000000000000000e+00,-0.000000000000000000e+00,-0.000000000000000000e+00,-7.442173181362938400e-03,-1.922360467350745783e-01,-0.000000000000000000e+00,0.000000000000000000e+00,-0.000000000000000000e+00
0.000000000000000000e+00,0.000000000000000000e+00,-0.000000000000000000e+00,-0.000000000000000000e+00,0.000000000000000000e+00,-0.000000000000000000e+00,-0.000000000000000000e+00,0.000000000000000000e+00,3.796156399931311515e-02,1.585265141927056920e-01,-0.000000000000000000e+00,1.536141778266161495e+00,-1.784937484002535324e-01,-1.312049771833492529e-01,-0.000000000000000000e+00,0.000000000000000000e+00,-0.000000000000000000e+00,-0.000000000000000000e+00,0.000000000000000000e+00,-1.340691152486758186e-01,-5.282604841512797411e-02,-0.000000000000000000e+00,0.000000000000000000e+00,-0.000000000000000000e+00,-0.000000000000000000e+00,-0.000000000000000000e+00,-0.000000000000000000e+00,-0.000000000000000000e+00,-1.245008606482713026e-01,4.315854242205705571e-01,-0.000000000000000000e+00,-0.000000000000000000e+00,-0.000000000000000000e+00,-0.000000000000000000e+00,-0.000000000000000000e+00,0.000000000000000000e+00,-0.000000000000000000e+00,0.000000000000000000e+00,6.389010403008950345e-02
0.000000000000000000e+00,0.000000000000000000e+00,-3.973687356220396982e-02,-0.000000000000000000e+00,-0.000000000000000000e+00,-2.237775521542318402e-01,-5.411219732209803235e-01,1.388715188576975790e-01,0.000000000000000000e+00,0.000000000000000000e+00,-0.000000000000000000e+00,-1.784937484002535324e-01,2.224091945346178267e+00,-6.259517794067741281e-03,0.000000000000000000e+00,0.000000000000000000e+00,-0.000000000000000000e+00,-0.000000000000000000e+00,0.000000000000000000e+00,-0.000000000000000000e+00,-8.601950783867960693e-02,-2.694837843724392501e-01,-0.000000000000000000e+00,-0.000000000000000000e+00,-2.299694349641890900e-01,-0.000000000000000000e+00,-1.640057873662079668e-01,-0.000000000000000000e+00,-2.660509843735344160e-01,9.117210682449064518e-02,-0.000000000000000000e+00,-0.000000000000000000e+00,-5.250859287942095943e-02,-0.000000000000000000e+00,-0.000000000000000000e+00,-0.000000000000000000e+00,-0.000000000000000000e+00,5.191877424930037288e-02,0.000000000000000000e+00
-0.000000000000000000e+00,0.000000000000000000e+00,-3.825120665718323432e-02,0.000000000000000000e+00,-0.000000000000000000e+00,-1.884590500111472111e-01,-2.866405657886084146e-02,8.641638553214425755e-02,0.000000000000000000e+00,0.000000000000000000e+00,-0.000000000000000000e+00,-1.312049771833492529e-01,-6.259517794067741281e-03,2.009454640241294054e+00,0.000000000000000000e+00,0.000000000000000000e+00,-5.571236611614863166e-02,-0.000000000000000000e+00,0.000000000000000000e+00,-0.000000000000000000e+00,-3.305653056492161013e-02,-0.000000000000000000e+00,-0.000000000000000000e+00,-0.000000000000000000e+00,-3.142479834344356626e-01,-1.804722378013001449e-01,-1.005374443877920382e-01,-3.678459482347504889e-02,-3.744040435037199188e-01,0.000000000000000000e+00,-1.274210281703138346e-02,-1.592754671904014485e-01,-1.593548883400785210e-01,-3.901758358330492671e-02,-0.000000000000000000e+00,-0.000000000000000000e+00,-3.612126740875989950e-02,0.000000000000000000e+00,0.000000000000000000e+00
2.080163234023460206e-01,-0.000000000000000000e+00,1.032001792638929799e-01,0.000000000000000000e+00,1.459251137263433418e-01,0.000000000000000000e+00,0.000000000000000000e+00,-9.008921480184881037e-02,0.000000000000000000e+00,0.000000000000000000e+00,0.000000000000000000e+00,-0.000000000000000000e+00,0.000000000000000000e+00,0.000000000000000000e+00,1.530519354016712574e+00,3.489030839402696565e-02,0.000000000000000000e+00,4.392087503843084551e-01,0.000000000000000000e+00,0.000000000000000000e+00,0.000000000000000000e+00,0.000000000000000000e+00,7.752738636456932286e-02,0.000000000000000000e+00,0.000000000000000000e+00,1.936492697481879133e-01,0.000000000000000000e+00,4.610744678946059050e-02,0.000000000000000000e+00,0.000000000000000000e+00,0.000000000000000000e+00,0.000000000000000000e+00,0.000000000000000000e+00,0.000000000000000000e+00,0.000000000000000000e+00,0.000000000000000000e+00,0.000000000000000000e+00,0.000000000000000000e+00,0.000000000000000000e+00
-2.481383974850196461e-01,-0.000000000000000000e+00,-0.000000000000000000e+00,-0.000000000000000000e+00,-6.429149205006010059e-02,0.000000000000000000e+00,0.000000000000000000e+00,-0.000000000000000000e+00,-1.497187701224195200e-01,-6.804766834234842188e-01,-0.000000000000000000e+00,0.000000000000000000e+00,0.000000000000000000e+00,0.000000000000000000e+00,3.489030839402696565e-02,1.874157776762754413e+00,-1.571204128266274211e-03,-0.000000000000000000e+00,-0.000000000000000000e+00,0.000000000000000000e+00,0.000000000000000000e+00,0.000000000000000000e+00,-0.000000000000000000e+00,-0.000000000000000000e+00,0.000000000000000000e+00,-0.000000000000000000e+00,0.000000000000000000e+00,-0.000000000000000000e+00,0.000000000000000000e+00,-3.738181023117526647e-01,-0.000000000000000000e+00,-0.000000000000000000e+00,0.000000000000000000e+00,-0.000000000000000000e+00,-0.000000000000000000e+00,-0.000000000000000000e+00,-0.000000000000000000e+00,-1.250956550281720758e-01,-6.728265626353745199e-02
-1.368960932137863219e-02,-0.000000000000000000e+00,-0.000000000000000000e+00,0.000000000000000000e+00,-2.132617195816559619e-01,-1.276662371857240630e-01,-0.000000000000000000e+00,0.000000000000000000e+00,-0.000000000000000000e+00,-0.000000000000000000e+00,-6.608178656911518623e-01,-0.000000000000000000e+00,-0.000000000000000000e+00,-5.571236611614863166e-02,0.000000000000000000e+00,-1.571204128266274211e-03,2.073992067602462352e+00,-0.000000000000000000e+00,0.000000000000000000e+00,-0.000000000000000000e+00,-0.000000000000000000e+00,-0.000000000000000000e+00,-2.074513136168755212e-01,-0.000000000000000000e+00,-0.000000000000000000e+00,-2.502768604592757740e-01,-0.000000000000000000e+00,-0.000000000000000000e+00,-0.000000000000000000e+00,-0.000000000000000000e+00,-4.162387039866097260e-01,-0.000000000000000000e+00,-0.000000000000000000e+00,-1.216374814131841592e-01,-0.000000000000000000e+00,-9.288559411173262503e-02,-0.000000000000000000e+00,-0.000000000000000000e+00,-0.000000000000000000e+00
-0.000000000000000000e+00,0.000000000000000000e+00,-7.299676478887172359e-02,-3.978246211027086643e-01,-0.000000000000000000e+00,0.000000000000000000e+00,-0.000000000000000000e+00,0.000000000000000000e+00,-0.000000000000000000e+00,-0.000000000000000000e+00,0.000000000000000000e+00,-0.000000000000000000e+00,-0.000000000000000000e+00,-0.000000000000000000e+00,4.392087503843084551e-01,-0.000000000000000000e+00,-0.000000000000000000e+00,2.120745969699206590e+00,-2.268639549198968042e-01,-4.301952563704537491e-01,-0.000000000000000000e+00,-1.001469090862662781e-01,-0.000000000000000000e+00,-0.000000000000000000e+00,-0.000000000000000000e+00,-9.124803103117914982e-02,0.000000000000000000e+00,-4.293377061589808696e-01,-0.000000000000000000e+00,0.000000000000000000e+00,-0.000000000000000000e+00,-0.000000000000000000e+00,-0.000000000000000000e+00,-0.000000000000000000e+00,-0.000000000000000000e+00,-0.000000000000000000e+00,-0.000000000000000000e+00,-1.519394552904811957e-01,-0.000000000000000000e+00
-0.000000000000000000e+00,0.000000000000000000e+00,-0.000000000000000000e+00,-4.004791880676285554e-01,0.000000000000000000e+00,7.886459480977766473e-03,-0.000000000000000000e+00,0.000000000000000000e+00,-0.000000000000000000e+00,-0.000000000000000000e+00,6.551018552888530910e-02,0.000000000000000000e+00,0.000000000000000000e+00,0.000000000000000000e+00,0.000000000000000000e+00,-0.000000000000000000e+00,0.000000000000000000e+00,-2.268639549198968042e-01,1.296078871242299035e+00,-0.000000000000000000e+00,-0.000000000000000000e+00,-0.000000000000000000e+00,0.000000000000000000e+00,0.000000000000000000e+00,0.000000000000000000e+00,0.000000000000000000e+00,4.922744818750948714e-02,-0.000000000000000000e+00,0.000000000000000000e+00,-0.000000000000000000e+00,0.000000000000000000e+00,0.000000000000000000e+00,0.000000000000000000e+00,0.000000000000000000e+00,0.000000000000000000e+00,0.000000000000000000e+00,0.000000000000000000e+00,-2.531807186294028345e-01,-0.000000000000000000e+00
-0.000000000000000000e+00,4.026182802647513825e-01,-0.000000000000000000e+00,-3.542416989339264854e-01,0.000000000000000000e+00,-0.000000000000000000e+00,-1.432531348915051239e-01,0.000000000000000000e+00,0.000000000000000000e+00,0.000000000000000000e+00,0.000000000000000000e+00,-1.340691152486758186e-01,-0.000000000000000000e+00,-0.000000000000000000e+00,0.000000000000000000e+00,0.000000000000000000e+00,-0.000000000000000000e+00,-4.301952563704537491e-01,-0.000000000000000000e+00,2.321038009595205676e+00,-3.214055187845183403e-01,-2.904969119103501529e-01,-0.000000000000000000e+00,-0.000000000000000000e+00,-4.541813890972798418e-02,-0.000000000000000000e+00,-0.000000000000000000e+00,-4.802150583131680750e-01,-0.000000000000000000e+00,0.000000000000000000e+00,-0.000000000000000000e+00,-0.000000000000000000e+00,-0.000000000000000000e+00,-0.000000000000000000e+00,0.000000000000000000e+00,0.000000000000000000e+00,-0.000000000000000000e+00,-0.000000000000000000e+00,0.000000000000000000e+00
-0.000000000000000000e+00,3.075373804652031112e-02,-3.690712803738921410e-01,-0.000000000000000000e+00,-0.000000000000000000e+00,-0.000000000000000000e+00,-1.103455282804174931e-01,4.599562668868304449e-01,0.000000000000000000e+00,0.000000000000000000e+00,-0.000000000000000000e+00,-5.282604841512797411e-02,-8.601950783867960693e-02,-3.305653056492161013e-02,0.000000000000000000e+00,0.000000000000000000e+00,-0.000000000000000000e+00,-0.000000000000000000e+00,-0.000000000000000000e+00,-3.214055187845183403e-01,2.675434610276012926e+00,-5.564605762208421069e-01,-0.000000000000000000e+00,-0.000000000000000000e+00,-1.074429198672237906e-01,-0.000000000000000000e+00,-0.000000000000000000e+00,-2.245989455656002554e-01,-1.341511025050526884e-01,1.574119387379498483e-02,-0.000000000000000000e+00,-0.000000000000000000e+00,-2.480293283892427980e-01,-0.000000000000000000e+00,-0.000000000000000000e+00,-0.000000000000000000e+00,-0.000000000000000000e+00,0.000000000000000000e+00,0.000000000000000000e+00
-0.000000000000000000e+00,0.000000000000000000e+00,-4.531248384131489892e-01,-0.000000000000000000e+00,-0.000000000000000000e+00,-0.000000000000000000e+00,-2.504735866293435476e-01,3.546650393731901607e-01,0.000000000000000000e+00,0.000000000000000000e+00,-0.000000000000000000e+00,-0.000000000000000000e+00,-2.694837843724392501e-01,-0.000000000000000000e+00,0.000000000000000000e+00,0.000000000000000000e+00,-0.000000000000000000e+00,-1.001469090862662781e-01,-0.000000000000000000e+00,-2.904969119103501529e-01,-5.564605762208421069e-01,2.607558481461637268e+00,-0.000000000000000000e+00,-0.000000000000000000e+00,-1.097862351827994520e-01,-0.000000000000000000e+00,-0.000000000000000000e+00,-8.349961958233087511e-02,-0.000000000000000000e+00,0.000000000000000000e+00,-0.000000000000000000e+00,-0.000000000000000000e+00,-1.595410060835924793e-01,-0.000000000000000000e+00,-0.000000000000000000e+00,-0.000000000000000000e+00,-0.000000000000000000e+00,0.000000000000000000e+00,0.000000000000000000e+00
-0.000000000000000000e+00,-0.000000000000000000e+00,-0.000000000000000000e+00,0.000000000000000000e+00,-2.170843485993201594e-01,-0.000000000000000000e+00,-0.000000000000000000e+00,0.000000000000000000e+00,-0.000000000000000000e+00,-1.115678523375600584e-01,-2.884511885185179255e-03,0.000000000000000000e+00,-0.000000000000000000e+00,-0.000000000000000000e+00,7.752738636456932286e-02,-0.000000000000000000e+00,-2.074513136168755212e-01,-0.000000000000000000e+00,0.000000000000000000e+00,-0.000000000000000000e+00,-0.000000000000000000e+00,-0.000000000000000000e+00,1.536687466896314191e+00,-1.868936774072371410e-01,-4.891036821092600850e-02,-0.000000000000000000e+00,-2.040700850206467465e-01,-0.000000000000000000e+00,-0.000000000000000000e+00,-0.000000000000000000e+00,-2.048173365782892941e-01,-0.000000000000000000e+00,-0.000000000000000000e+00,-0.000000000000000000e+00,-1.027749291600624365e-01,-0.000000000000000000e+00,-0.000000000000000000e+00,0.000000000000000000e+00,-0.000000000000000000e+00
-0.000000000000000000e+00,-0.000000000000000000e+00,-0.000000000000000000e+00,-0.000000000000000000e+00,-0.000000000000000000e+00,-0.000000000000000000e+00,-0.000000000000000000e+00,6.615683761528690088e-02,0.000000000000000000e+00,-0.000000000000000000e+00,-0.000000000000000000e+00,-0.000000000000000000e+00,-0.000000000000000000e+00,-0.000000000000000000e+00,0.000000000000000000e+00,-0.000000000000000000e+00,-0.000000000000000000e+00,-0.000000000000000000e+00,0.000000000000000000e+00,-0.000000000000000000e+00,-0.000000000000000000e+00,-0.000000000000000000e+00,-1.868936774072371410e-01,1.581053009127941555e+00,-2.037708978723368480e-01,-2.246809267628968321e-01,-1.297421316646018286e-01,-0.000000000000000000e+00,-1.346377694655510326e-01,0.000000000000000000e+00,-0.000000000000000000e+00,-1.421582170498982001e-01,-0.000000000000000000e+00,-0.000000000000000000e+00,-7.132940254752431763e-03,-1.815802159524058657e-01,-6.148121149472130648e-02,0.000000000000000000e+00,-0.000000000000000000e+00
0.000000000000000000e+00,0.000000000000000000e+00,-7.796517284752117749e-02,-0.000000000000000000e+00,-0.000000000000000000e+00,-0.000000000000000000e+00,-2.760763321635671952e-01,8.601872130840478026e-02,0.000000000000000000e+00,0.000000000000000000e+00,-0.000000000000000000e+00,-0.000000000000000000e+00,-2.299694349641890900e-01,-3.142479834344356626e-01,0.000000000000000000e+00,0.000000000000000000e+00,-0.000000000000000000e+00,-0.000000000000000000e+00,0.000000000000000000e+00,-4.541813890972798418e-02,-1.074429198672237906e-01,-1.097862351827994520e-01,-4.891036821092600850e-02,-2.037708978723368480e-01,2.074096280659208258e+00,-2.012157809180065149e-01,-0.000000000000000000e+00,-0.000000000000000000e+00,-1.073255120802981133e-01,5.247214851051987608e-03,-0.000000000000000000e+00,-0.000000000000000000e+00,-1.388219777132046473e-01,-0.000000000000000000e+00,-0.000000000000000000e+00,-0.000000000000000000e+00,-1.030973762257302584e-01,0.000000000000000000e+00,0.000000000000000000e+00
-3.079762943901955680e-02,0.000000000000000000e+00,-1.557261034003727396e-01,-0.000000000000000000e+00,-0.000000000000000000e+00,-0.000000000000000000e+00,-0.000000000000000000e+00,6.425221027100865012e-02,0.000000000000000000e+00,-0.000000000000000000e+00,-0.000000000000000000e+00,-0.000000000000000000e+00,-0.000000000000000000e+00,-1.804722378013001449e-01,1.936492697481879133e-01,-0.000000000000000000e+00,-2.502768604592757740e-01,-9.124803103117914982e-02,0.000000000000000000e+00,-0.000000000000000000e+00,-0.000000000000000000e+00,-0.000000000000000000e+00,-0.000000000000000000e+00,-2.246809267628968321e-01,-2.012157809180065149e-01,2.228989964733093743e+00,-0.000000000000000000e+00,-5.490983388858925451e-01,-0.000000000000000000e+00,0.000000000000000000e+00,-1.255314945046141772e-01,-0.000000000000000000e+00,-0.000000000000000000e+00,-0.000000000000000000e+00,-0.000000000000000000e+00,-4.057765074216806989e-02,-2.647618572451681529e-01,-0.000000000000000000e+00,0.000000000000000000e+00
-0.000000000000000000e+00,-0.000000000000000000e+00,-0.000000000000000000e+00,0.000000000000000000e+00,-1.257696628740980448e-02,-2.423352525996189666e-01,-0.000000000000000000e+00,0.000000000000000000e+00,0.000000000000000000e+00,-0.000000000000000000e+00,-1.232248514826457531e-01,-0.000000000000000000e+00,-1.640057873662079668e-01,-1.005374443877920382e-01,0.000000000000000000e+00,0.000000000000000000e+00,-0.000000000000000000e+00,0.000000000000000000e+00,4.922744818750948714e-02,-0.000000000000000000e+00,-0.000000000000000000e+00,-0.000000000000000000e+00,-2.040700850206467465e-01,-1.297421316646018286e-01,-0.000000000000000000e+00,-0.000000000000000000e+00,1.929634764035310202e+00,-0.000000000000000000e+00,-6.575035401683505809e-02,0.000000000000000000e+00,-1.541523218873009360e-01,-2.310154085720125816e-01,-1.821443756965853561e-02,-9.963591354145663603e-02,-3.741789117794854791e-01,-3.544167210129408468e-02,-0.000000000000000000e+00,0.000000000000000000e+00,-0.000000000000000000e+00
-0.000000000000000000e+00,0.000000000000000000e+00,-2.282018731111511989e-01,-0.000000000000000000e+00,-0.000000000000000000e+00,-0.000000000000000000e+00,-0.000000000000000000e+00,0.000000000000000000e+00,0.000000000000000000e+00,0.000000000000000000e+00,-0.000000000000000000e+00,-0.000000000000000000e+00,-0.000000000000000000e+00,-3.678459482347504889e-02,4.610744678946059050e-02,-0.000000000000000000e+00,-0.000000000000000000e+00,-4.293377061589808696e-01,-0.000000000000000000e+00,-4.802150583131680750e-01,-2.245989455656002554e-01,-8.349961958233087511e-02,-0.000000000000000000e+00,-0.000000000000000000e+00,-0.000000000000000000e+00,-5.490983388858925451e-01,-0.000000000000000000e+00,2.249260702788088206e+00,-0.000000000000000000e+00,0.000000000000000000e+00,-1.142686101992814868e-01,-0.000000000000000000e+00,-0.000000000000000000e+00,-0.000000000000000000e+00,-0.000000000000000000e+00,-0.000000000000000000e+00,-0.000000000000000000e+00,-0.000000000000000000e+00,0.000000000000000000e+00
0.000000000000000000e+00,0.000000000000000000e+00,-0.000000000000000000e+00,-0.000000000000000000e+00,-0.000000000000000000e+00,-7.062394859473883346e-02,-8.140527966515671843e-02,1.409881211497888698e-01,0.000000000000000000e+00,0.000000000000000000e+00,-0.000000000000000000e+00,-1.245008606482713026e-01,-2.660509843735344160e-01,-3.744040435037199188e-01,0.000000000000000000e+00,0.000000000000000000e+00,-0.000000000000000000e+00,-0.000000000000000000e+00,0.000000000000000000e+00,-0.000000000000000000e+00,-1.341511025050526884e-01,-0.000000000000000000e+00,-0.000000000000000000e+00,-1.346377694655510326e-01,-1.073255120802981133e-01,-0.000000000000000000e+00,-6.575035401683505809e-02,-0.000000000000000000e+00,2.504643070183437015e+00,3.901745415712267739e-01,-0.000000000000000000e+00,-3.821552149847827207e-01,-1.433729532820681163e-01,-0.000000000000000000e+00,-0.000000000000000000e+00,-0.000000000000000000e+00,-3.648515083789807267e-01,0.000000000000000000e+00,0.000000000000000000e+00
-0.000000000000000000e+00,-3.054275894031966906e-02,0.000000000000000000e+00,0.000000000000000000e+00,-0.000000000000000000e+00,0.000000000000000000e+00,2.292252876983825738e-01,-0.000000000000000000e+00,-5.781980711697127795e-01,-2.705301227490306548e-01,-0.000000000000000000e+00,4.315854242205705571e-01,9.117210682449064518e-02,0.000000000000000000e+00,0.000000000000000000e+00,-3.738181023117526647e-01,-0.000000000000000000e+00,0.000000000000000000e+00,-0.000000000000000000e+00,0.000000000000000000e+00,1.574119387379498483e-02,0.000000000000000000e+00,-0.000000000000000000e+00,0.000000000000000000e+00,5.247214851051987608e-03,0.000000000000000000e+00,0.000000000000000000e+00,0.000000000000000000e+00,3.901745415712267739e-01,2.342670141574721310e+00,-0.000000000000000000e+00,0.000000000000000000e+00,0.000000000000000000e+00,-0.000000000000000000e+00,0.000000000000000000e+00,-0.000000000000000000e+00,0.000000000000000000e+00,-1.448884336801122864e-02,-2.672214904679096614e-01
-0.000000000000000000e+00,-0.000000000000000000e+00,-1.804231572055153554e-01,0.000000000000000000e+00,-2.404083306103140527e-01,-3.071760129941884521e-01,-0.000000000000000000e+00,3.528376954653505981e-02,-0.000000000000000000e+00,-0.000000000000000000e+00,-0.000000000000000000e+00,-0.000000000000000000e+00,-0.000000000000000000e+00,-1.274210281703138346e-02,0.000000000000000000e+00,-0.000000000000000000e+00,-4.162387039866097260e-01,-0.000000000000000000e+00,0.000000000000000000e+00,-0.000000000000000000e+00,-0.000000000000000000e+00,-0.000000000000000000e+00,-2.048173365782892941e-01,-0.000000000000000000e+00,-0.000000000000000000e+00,-1.255314945046141772e-01,-1.541523218873009360e-01,-1.142686101992814868e-01,-0.000000000000000000e+00,-0.000000000000000000e+00,2.007291597568858332e+00,-8.990529558060482429e-02,-1.813146174811539058e-02,-0.000000000000000000e+00,-3.503574975279849513e-02,-0.000000000000000000e+00,-7.038249326107118287e-02,0.000000000000000000e+00,-0.000000000000000000e+00
-0.000000000000000000e+00,-0.000000000000000000e+00,-6.181316615432344563e-02,0.000000000000000000e+00,-3.522811612652407970e-02,-9.361159056723206140e-02,-0.000000000000000000e+00,1.935753575148182332e-02,0.000000000000000000e+00,-0.000000000000000000e+00,-0.000000000000000000e+00,-0.000000000000000000e+00,-0.000000000000000000e+00,-1.592754671904014485e-01,0.000000000000000000e+00,-0.000000000000000000e+00,-0.000000000000000000e+00,-0.000000000000000000e+00,0.000000000000000000e+00,-0.000000000000000000e+00,-0.000000000000000000e+00,-0.000000000000000000e+00,-0.000000000000000000e+00,-1.421582170498982001e-01,-0.000000000000000000e+00,-0.000000000000000000e+00,-2.310154085720125816e-01,-0.000000000000000000e+00,-3.821552149847827207e-01,0.000000000000000000e+00,-8.990529558060482429e-02,2.447720956214426646e+00,-1.400416859403294523e-01,-3.362217886094051589e-02,-4.569707952891459701e-01,-1.177687919379576259e-01,-5.703693862310524887e-01,0.000000000000000000e+00,-0.000000000000000000e+00
-0.000000000000000000e+00,0.000000000000000000e+00,-2.258408802604492671e-01,0.000000000000000000e+00,-1.640120759435797493e-01,-4.468774958564078470e-02,-0.000000000000000000e+00,4.529881468360331120e-01,0.000000000000000000e+00,-0.000000000000000000e+00,-0.000000000000000000e+00,-0.000000000000000000e+00,-5.250859287942095943e-02,-1.593548883400785210e-01,0.000000000000000000e+00,0.000000000000000000e+00,-0.000000000000000000e+00,-0.000000000000000000e+00,0.000000000000000000e+00,-0.000000000000000000e+00,-2.480293283892427980e-01,-1.595410060835924793e-01,-0.000000000000000000e+00,-0.000000000000000000e+00,-1.388219777132046473e-01,-0.000000000000000000e+00,-1.821443756965853561e-02,-0.000000000000000000e+00,-1.433729532820681163e-01,0.000000000000000000e+00,-1.813146174811539058e-02,-1.400416859403294523e-01,2.117152656363944896e+00,-0.000000000000000000e+00,-4.505667206494374383e-02,-0.000000000000000000e+00,-0.000000000000000000e+00,0.000000000000000000e+00,0.000000000000000000e+00
-0.000000000000000000e+00,-0.000000000000000000e+00,-0.000000000000000000e+00,0.000000000000000000e+00,-5.554521210874965309e-01,-0.000000000000000000e+00,-0.000000000000000000e+00,0.000000000000000000e+00,-5.399325598384289299e-02,-0.000000000000000000e+00,-0.000000000000000000e+00,-0.000000000000000000e+00,-0.000000000000000000e+00,-3.901758358330492671e-02,0.000000000000000000e+00,-0.000000000000000000e+00,-1.216374814131841592e-01,-0.000000000000000000e+00,0.000000000000000000e+00,-0.000000000000000000e+00,-0.000000000000000000e+00,-0.000000000000000000e+00,-0.000000000000000000e+00,-0.000000000000000000e+00,-0.000000000000000000e+00,-0.000000000000000000e+00,-9.963591354145663603e-02,-0.000000000000000000e+00,-0.000000000000000000e+00,-0.000000000000000000e+00,-0.000000000000000000e+00,-3.362217886094051589e-02,-0.000000000000000000e+00,1.424839426284445709e+00,-0.000000000000000000e+00,-1.069018982897197712e-01,-0.000000000000000000e+00,-0.000000000000000000e+00,-0.000000000000000000e+00
-0.000000000000000000e+00,-6.727775094053715932e-02,-0.000000000000000000e+00,0.000000000000000000e+00,-9.446080661273938139e-02,-1.553389701156148162e-01,-0.000000000000000000e+00,0.000000000000000000e+00,0.000000000000000000e+00,-0.000000000000000000e+00,-7.442173181362938400e-03,-0.000000000000000000e+00,-0.000000000000000000e+00,-0.000000000000000000e+00,0.000000000000000000e+00,-0.000000000000000000e+00,-0.000000000000000000e+00,-0.000000000000000000e+00,0.000000000000000000e+00,0.000000000000000000e+00,-0.000000000000000000e+00,-0.000000000000000000e+00,-1.027749291600624365e-01,-7.132940254752431763e-03,-0.000000000000000000e+00,-0.000000000000000000e+00,-3.741789117794854791e-01,-0.000000000000000000e+00,-0.000000000000000000e+00,0.000000000000000000e+00,-3.503574975279849513e-02,-4.569707952891459701e-01,-4.505667206494374383e-02,-0.000000000000000000e+00,2.063344609514643935e+00,-3.177119761454346158e-01,-3.879068402827002826e-01,0.000000000000000000e+00,-0.000000000000000000e+00
-2.401552723711977699e-01,-4.476089574270926408e-02,-0.000000000000000000e+00,0.000000000000000000e+00,-1.917001268070035735e-01,-0.000000000000000000e+00,0.000000000000000000e+00,0.000000000000000000e+00,-0.000000000000000000e+00,-0.000000000000000000e+00,-1.922360467350745783e-01,0.000000000000000000e+00,-0.000000000000000000e+00,-0.000000000000000000e+00,0.000000000000000000e+00,-0.000000000000000000e+00,-9.288559411173262503e-02,-0.000000000000000000e+00,0.000000000000000000e+00,0.000000000000000000e+00,-0.000000000000000000e+00,-0.000000000000000000e+00,-0.000000000000000000e+00,-1.815802159524058657e-01,-0.000000000000000000e+00,-4.057765074216806989e-02,-3.544167210129408468e-02,-0.000000000000000000e+00,-0.000000000000000000e+00,-0.000000000000000000e+00,-0.000000000000000000e+00,-1.177687919379576259e-01,-0.000000000000000000e+00,-1.069018982897197712e-01,-3.177119761454346158e-01,1.674378353823726018e+00,-1.240229262003705174e-01,-0.000000000000000000e+00,-0.000000000000000000e+00
-0.000000000000000000e+00,-0.000000000000000000e+00,-2.189595465504752814e-01,-0.000000000000000000e+00,-0.000000000000000000e+00,-8.385629289665715025e-02,-0.000000000000000000e+00,7.698952929431038261e-02,0.000000000000000000e+00,0.000000000000000000e+00,-0.000000000000000000e+00,-0.000000000000000000e+00,-0.000000000000000000e+00,-3.612126740875989950e-02,0.000000000000000000e+00,-0.000000000000000000e+00,-0.000000000000000000e+00,-0.000000000000000000e+00,0.000000000000000000e+00,-0.000000000000000000e+00,-0.000000000000000000e+00,-0.000000000000000000e+00,-0.000000000000000000e+00,-6.148121149472130648e-02,-1.030973762257302584e-01,-2.647618572451681529e-01,-0.000000000000000000e+00,-0.000000000000000000e+00,-3.648515083789807267e-01,0.000000000000000000e+00,-7.038249326107118287e-02,-5.703693862310524887e-01,-0.000000000000000000e+00,-0.000000000000000000e+00,-3.879068402827002826e-01,-1.240229262003705174e-01,2.355807508329229361e+00,0.000000000000000000e+00,0.000000000000000000e+00
-5.192649375865497907e-01,-0.000000000000000000e+00,0.000000000000000000e+00,-0.000000000000000000e+00,-0.000000000000000000e+00,0.000000000000000000e+00,1.155484403057812498e-02,-0.000000000000000000e+00,-4.265669825504778134e-01,-0.000000000000000000e+00,0.000000000000000000e+00,0.000000000000000000e+00,5.191877424930037288e-02,0.000000000000000000e+00,0.000000000000000000e+00,-1.250956550281720758e-01,-0.000000000000000000e+00,-1.519394552904811957e-01,-2.531807186294028345e-01,-0.000000000000000000e+00,0.000000000000000000e+00,0.000000000000000000e+00,0.000000000000000000e+00,0.000000000000000000e+00,0.000000000000000000e+00,-0.000000000000000000e+00,0.000000000000000000e+00,-0.000000000000000000e+00,0.000000000000000000e+00,-1.448884336801122864e-02,0.000000000000000000e+00,0.000000000000000000e+00,0.000000000000000000e+00,-0.000000000000000000e+00,0.000000000000000000e+00,-0.000000000000000000e+00,0.000000000000000000e+00,1.789770092246961930e+00,-3.035344472254827286e-01
-1.710677603450759809e-01,-4.796880565373639604e-01,0.000000000000000000e+00,-0.000000000000000000e+00,-0.000000000000000000e+00,0.000000000000000000e+00,0.000000000000000000e+00,-0.000000000000000000e+00,-4.129270858727073223e-01,-3.382611269051337688e-01,-0.000000000000000000e+00,6.389010403008950345e-02,0.000000000000000000e+00,0.000000000000000000e+00,0.000000000000000000e+00,-6.728265626353745199e-02,-0.000000000000000000e+00,-0.000000000000000000e+00,-0.000000000000000000e+00,0.000000000000000000e+00,0.000000000000000000e+00,0.000000000000000000e+00,-0.000000000000000000e+00,-0.000000000000000000e+00,0.000000000000000000e+00,0.000000000000000000e+00,-0.000000000000000000e+00,0.000000000000000000e+00,0.000000000000000000e+00,-2.672214904679096614e-01,-0.000000000000000000e+00,-0.000000000000000000e+00,0.000000000000000000e+00,-0.000000000000000000e+00,-0.000000000000000000e+00,-0.000000000000000000e+00,0.000000000000000000e+00,-3.035344472254827286e-01,2.033580304625575152e+00
