1.377041690312151401e+00,-8.369973670342141514e-02,-5.653914218812819414e-02,0.000000000000000000e+00,-2.393522476015708111e-03,-2.051480005098423043e-02,-0.000000000000000000e+00,0.000000000000000000e+00,0.000000000000000000e+00,-7.353966074977690004e-02,-0.000000000000000000e+00,0.000000000000000000e+00,-0.000000000000000000e+00,-1.613855800054780076e-01,0.000000000000000000e+00,-0.000000000000000000e+00,-0.000000000000000000e+00,0.000000000000000000e+00,4.077670927028422682e-02,-0.000000000000000000e+00,-1.223359604202048714e-02,-0.000000000000000000e+00,-7.000076158614440547e-02,-0.000000000000000000e+00,-1.672936326998285261e-02,-1.529490469274704112e-01,0.000000000000000000e+00,-6.106714320399112689e-02,-1.062857846909184140e-01,-1.104852580533868117e-01,-9.741709280683942540e-02,-9.859117256095313586e-02,-0.000000000000000000e+00,0.000000000000000000e+00,-0.000000000000000000e+00,-1.032709441689679680e-01,-9.547852565931137792e-03,-0.000000000000000000e+00,0.000000000000000000e+00
-8.369973670342141514e-02,1.230661030881963658e+00,-0.000000000000000000e+00,0.000000000000000000e+00,-0.000000000000000000e+00,-0.000000000000000000e+00,-0.000000000000000000e+00,0.000000000000000000e+00,-0.000000000000000000e+00,-1.111917674051240007e-01,-0.000000000000000000e+00,0.000000000000000000e+00,0.000000000000000000e+00,-0.000000000000000000e+00,0.000000000000000000e+00,-1.940089813881259173e-01,-0.000000000000000000e+00,0.000000000000000000e+00,0.000000000000000000e+00,-0.000000000000000000e+00,-0.000000000000000000e+00,-0.000000000000000000e+00,-0.000000000000000000e+00,-0.000000000000000000e+00,-0.000000000000000000e+00,-0.000000000000000000e+00,-0.000000000000000000e+00,-0.000000000000000000e+00,-0.000000000000000000e+00,-1.901324905182684710e-01,-0.000000000000000000e+00,-1.091783054739819819e-01,-0.000000000000000000e+00,-0.000000000000000000e+00,-0.000000000000000000e+00,-1.796220011981641274e-01,-0.000000000000000000e+00,-0.000000000000000000e+00,0.000000000000000000e+00
-5.653914218812819414e-02,-0.000000000000000000e+00,1.353147351610226590e+00,0.000000000000000000e+00,-1.476588568801856793e-01,-0.000000000000000000e+00,-0.000000000000000000e+00,3.721915051543272512e-01,0.000000000000000000e+00,-1.070671863038953758e-01,-0.000000000000000000e+00,0.000000000000000000e+00,-0.000000000000000000e+00,-1.672856294127744725e-01,0.000000000000000000e+00,-0.000000000000000000e+00,-0.000000000000000000e+00,0.000000000000000000e+00,0.000000000000000000e+00,-0.000000000000000000e+00,-6.973360329967022431e-02,-0.000000000000000000e+00,-0.000000000000000000e+00,-0.000000000000000000e+00,-0.000000000000000000e+00,-1.562941308455069456e-02,-0.000000000000000000e+00,-1.353299678926298544e-01,-0.000000000000000000e+00,-3.639754177374301264e-02,-7.691916354903378938e-02,-0.000000000000000000e+00,-0.000000000000000000e+00,-0.000000000000000000e+00,-0.000000000000000000e+00,-0.000000000000000000e+00,-0.000000000000000000e+00,-0.000000000000000000e+00,0.000000000000000000e+00
0.000000000000000000e+00,0.000000000000000000e+00,0.000000000000000000e+00,1.081306726685774544e+00,0.000000000000000000e+00,8.289409136929269326e-03,0.000000000000000000e+00,-0.000000000000000000e+00,-0.000000000000000000e+00,0.000000000000000000e+00,0.000000000000000000e+00,-0.000000000000000000e+00,0.000000000000000000e+00,1.345894304259445673e-02,-0.000000000000000000e+00,0.000000000000000000e+00,0.000000000000000000e+00,-9.907846363151703861e-02,-1.435055217536774230e-01,-0.000000000000000000e+00,0.000000000000000000e+00,0.000000000000000000e+00,0.000000000000000000e+00,-0.000000000000000000e+00,0.000000000000000000e+00,8.795165773445597079e-02,-0.000000000000000000e+00,7.036458906696602122e-02,1.734250550657896045e-02,0.000000000000000000e+00,0.000000000000000000e+00,0.000000000000000000e+00,0.000000000000000000e+00,-0.000000000000000000e+00,0.000000000000000000e+00,0.000000000000000000e+00,0.000000000000000000e+00,0.000000000000000000e+00,-0.000000000000000000e+00
-2.393522476015708111e-03,-0.000000000000000000e+00,-1.476588568801856793e-01,0.000000000000000000e+00,1.256122695226762120e+00,-0.000000000000000000e+00,-0.000000000000000000e+00,3.338728247533042648e-01,-0.000000000000000000e+00,-0.000000000000000000e+00,-0.000000000000000000e+00,0.000000000000000000e+00,0.000000000000000000e+00,-0.000000000000000000e+00,-0.000000000000000000e+00,-1.692773981935336014e-01,-0.000000000000000000e+00,0.000000000000000000e+00,0.000000000000000000e+00,0.000000000000000000e+00,-0.000000000000000000e+00,-0.000000000000000000e+00,-0.000000000000000000e+00,-0.000000000000000000e+00,-0.000000000000000000e+00,-0.000000000000000000e+00,-0.000000000000000000e+00,-0.000000000000000000e+00,-0.000000000000000000e+00,-6.525074054233367948e-02,-0.000000000000000000e+00,-1.803562179655484599e-01,-0.000000000000000000e+00,-0.000000000000000000e+00,-0.000000000000000000e+00,-0.000000000000000000e+00,-0.000000000000000000e+00,-2.845177833527036751e-02,0.000000000000000000e+00
-2.051480005098423043e-02,-0.000000000000000000e+00,-0.000000000000000000e+00,8.289409136929269326e-03,-0.000000000000000000e+00,1.651458417836813020e+00,-3.864047679786476730e-02,0.000000000000000000e+00,1.821183305660919668e-02,-0.000000000000000000e+00,-9.284998772565128400e-02,9.646205579692694598e-02,-0.000000000000000000e+00,-1.213709487778051044e-01,0.000000000000000000e+00,-0.000000000000000000e+00,-1.263756655273517160e-01,0.000000000000000000e+00,9.631495910850788877e-02,-0.000000000000000000e+00,-8.984601922016423325e-02,-8.230360350589341345e-03,-1.080590691391677960e-01,0.000000000000000000e+00,-8.249427290329955365e-02,-1.245810067096632112e-01,0.000000000000000000e+00,-7.799606320798826986e-02,-1.086910369681318989e-01,-0.000000000000000000e+00,-0.000000000000000000e+00,-0.000000000000000000e+00,-1.033661110755795531e-01,0.000000000000000000e+00,-1.357658353360161885e-01,-2.956911702071602505e-02,-1.113315648375577810e-01,0.000000000000000000e+00,4.519460192276434501e-02
-0.000000000000000000e+00,-0.000000000000000000e+00,-0.000000000000000000e+00,0.000000000000000000e+00,-0.000000000000000000e+00,-3.864047679786476730e-02,1.473992794905771397e+00,0.000000000000000000e+00,1.553123894547164818e-01,-0.000000000000000000e+00,-1.066903616618251754e-01,1.575472243179408260e-01,-0.000000000000000000e+00,-0.000000000000000000e+00,8.646129142814987234e-02,0.000000000000000000e+00,-9.997874675531077948e-02,0.000000000000000000e+00,0.000000000000000000e+00,-0.000000000000000000e+00,-4.004743695090098171e-02,-1.136074254588091276e-01,-0.000000000000000000e+00,0.000000000000000000e+00,-0.000000000000000000e+00,-0.000000000000000000e+00,0.000000000000000000e+00,-0.000000000000000000e+00,-7.515768705067624178e-02,-0.000000000000000000e+00,-0.000000000000000000e+00,-0.000000000000000000e+00,-8.980461747581670873e-02,1.230323092787697636e-01,-6.425409066620484111e-02,-0.000000000000000000e+00,-1.098637789914886156e-02,0.000000000000000000e+00,1.997719617501729772e-01
0.000000000000000000e+00,0.000000000000000000e+00,3.721915051543272512e-01,-0.000000000000000000e+00,3.338728247533042648e-01,0.000000000000000000e+00,0.000000000000000000e+00,1.292278734646560734e+00,0.000000000000000000e+00,1.256297044807477489e-02,0.000000000000000000e+00,-0.000000000000000000e+00,-0.000000000000000000e+00,0.000000000000000000e+00,-0.000000000000000000e+00,9.904979433536724442e-02,0.000000000000000000e+00,-0.000000000000000000e+00,-0.000000000000000000e+00,0.000000000000000000e+00,0.000000000000000000e+00,0.000000000000000000e+00,0.000000000000000000e+00,0.000000000000000000e+00,0.000000000000000000e+00,0.000000000000000000e+00,0.000000000000000000e+00,0.000000000000000000e+00,0.000000000000000000e+00,1.947392529012502080e-02,0.000000000000000000e+00,3.648870810967268230e-02,0.000000000000000000e+00,0.000000000000000000e+00,0.000000000000000000e+00,0.000000000000000000e+00,0.000000000000000000e+00,0.000000000000000000e+00,-0.000000000000000000e+00
0.000000000000000000e+00,-0.000000000000000000e+00,0.000000000000000000e+00,-0.000000000000000000e+00,-0.000000000000000000e+00,1.821183305660919668e-02,1.553123894547164818e-01,0.000000000000000000e+00,1.462102729775275778e+00,0.000000000000000000e+00,3.554041436782137686e-02,-1.181585847867015621e-01,5.614340163200248063e-02,0.000000000000000000e+00,-1.725702420825585004e-01,-0.000000000000000000e+00,5.922469365197599589e-02,-4.596650087938065898e-02,-3.377224725902337049e-02,0.000000000000000000e+00,0.000000000000000000e+00,7.888668837169213188e-02,0.000000000000000000e+00,-0.000000000000000000e+00,0.000000000000000000e+00,0.000000000000000000e+00,-0.000000000000000000e+00,0.000000000000000000e+00,9.235944860281597099e-03,0.000000000000000000e+00,0.000000000000000000e+00,0.000000000000000000e+00,5.129104269758457540e-02,-3.004945164571857230e-01,1.910201604615735863e-02,0.000000000000000000e+00,0.000000000000000000e+00,-0.000000000000000000e+00,-2.345535544804874251e-01
-7.353966074977690004e-02,-1.111917674051240007e-01,-1.070671863038953758e-01,0.000000000000000000e+00,-0.000000000000000000e+00,-0.000000000000000000e+00,-0.000000000000000000e+00,1.256297044807477489e-02,0.000000000000000000e+00,1.347270945634366335e+00,-0.000000000000000000e+00,0.000000000000000000e+00,0.000000000000000000e+00,-5.846370146729022027e-02,0.000000000000000000e+00,-1.955634364018661309e-01,-0.000000000000000000e+00,0.000000000000000000e+00,0.000000000000000000e+00,-0.000000000000000000e+00,-0.000000000000000000e+00,-0.000000000000000000e+00,-7.013486621507804275e-02,-0.000000000000000000e+00,-1.139491926549301565e-01,-0.000000000000000000e+00,-0.000000000000000000e+00,-0.000000000000000000e+00,-0.000000000000000000e+00,-1.975738131051049673e-01,-1.941958893676419828e-01,-0.000000000000000000e+00,-0.000000000000000000e+00,0.000000000000000000e+00,-0.000000000000000000e+00,-4.884026275253053329e-02,-1.566252210930362985e-03,-0.000000000000000000e+00,0.000000000000000000e+00
-0.000000000000000000e+00,-0.000000000000000000e+00,-0.000000000000000000e+00,0.000000000000000000e+00,-0.000000000000000000e+00,-9.284998772565128400e-02,-1.066903616618251754e-01,0.000000000000000000e+00,3.554041436782137686e-02,-0.000000000000000000e+00,1.553743333971030038e+00,9.963281827694832338e-02,-0.000000000000000000e+00,-1.257135879873077546e-02,0.000000000000000000e+00,-0.000000000000000000e+00,-1.467946553815771271e-01,0.000000000000000000e+00,7.133430009222678503e-02,-0.000000000000000000e+00,-6.414907488041284023e-02,-0.000000000000000000e+00,-1.224042619649530483e-01,0.000000000000000000e+00,-1.023849558257949877e-01,-5.115091523056199130e-02,0.000000000000000000e+00,-1.745573188739394169e-02,-8.969949605394160475e-02,-0.000000000000000000e+00,-3.443385604552533230e-02,-0.000000000000000000e+00,-6.679029570376637803e-02,0.000000000000000000e+00,-1.253670274824281727e-01,-0.000000000000000000e+00,-1.458718475583026530e-01,0.000000000000000000e+00,6.474772357984995286e-02
0.000000000000000000e+00,0.000000000000000000e+00,0.000000000000000000e+00,-0.000000000000000000e+00,0.000000000000000000e+00,9.646205579692694598e-02,1.575472243179408260e-01,-0.000000000000000000e+00,-1.181585847867015621e-01,0.000000000000000000e+00,9.963281827694832338e-02,1.635408982337057671e+00,0.000000000000000000e+00,0.000000000000000000e+00,-1.450816210577818011e-01,0.000000000000000000e+00,1.242255187011434558e-01,-1.193637401577090917e-01,-1.673770376095806978e-01,0.000000000000000000e+00,3.744971651110651223e-02,2.558896149561814756e-02,0.000000000000000000e+00,-0.000000000000000000e+00,0.000000000000000000e+00,4.984474335112767940e-02,-0.000000000000000000e+00,4.306848687869666015e-02,1.427616126807981778e-01,0.000000000000000000e+00,0.000000000000000000e+00,0.000000000000000000e+00,6.060051408747903906e-02,-2.589066373347284275e-02,7.616322610539097426e-02,0.000000000000000000e+00,3.432455028243330819e-02,-0.000000000000000000e+00,-1.784952428792065116e-01
-0.000000000000000000e+00,0.000000000000000000e+00,-0.000000000000000000e+00,0.000000000000000000e+00,0.000000000000000000e+00,-0.000000000000000000e+00,-0.000000000000000000e+00,-0.000000000000000000e+00,5.614340163200248063e-02,0.000000000000000000e+00,-0.000000000000000000e+00,0.000000000000000000e+00,1.003142175278460835e+00,-0.000000000000000000e+00,0.000000000000000000e+00,0.000000000000000000e+00,-0.000000000000000000e+00,0.000000000000000000e+00,0.000000000000000000e+00,-0.000000000000000000e+00,-0.000000000000000000e+00,-0.000000000000000000e+00,-0.000000000000000000e+00,0.000000000000000000e+00,-0.000000000000000000e+00,-0.000000000000000000e+00,0.000000000000000000e+00,-0.000000000000000000e+00,-0.000000000000000000e+00,0.000000000000000000e+00,-0.000000000000000000e+00,0.000000000000000000e+00,-0.000000000000000000e+00,0.000000000000000000e+00,-0.000000000000000000e+00,-0.000000000000000000e+00,-0.000000000000000000e+00,0.000000000000000000e+00,0.000000000000000000e+00
-1.613855800054780076e-01,-0.000000000000000000e+00,-1.672856294127744725e-01,1.345894304259445673e-02,-0.000000000000000000e+00,-1.213709487778051044e-01,-0.000000000000000000e+00,0.000000000000000000e+00,0.000000000000000000e+00,-5.846370146729022027e-02,-1.257135879873077546e-02,0.000000000000000000e+00,-0.000000000000000000e+00,1.580161967432034409e+00,0.000000000000000000e+00,-0.000000000000000000e+00,-3.894435182294019027e-02,0.000000000000000000e+00,4.107770413532505632e-02,-0.000000000000000000e+00,-5.289399726514261435e-02,-0.000000000000000000e+00,-9.529452148580443149e-02,-0.000000000000000000e+00,-7.314895067345072999e-02,-1.307626254241857355e-01,0.000000000000000000e+00,-6.718578030338083484e-02,-7.853944810624352568e-02,-6.526128870347845667e-02,-8.478615103898219652e-02,-6.032306481384486913e-02,-3.218684676131528671e-02,0.000000000000000000e+00,-8.464636516421739088e-02,-1.350915542169611461e-01,-1.018459113539809807e-01,-0.000000000000000000e+00,0.000000000000000000e+00
0.000000000000000000e+00,0.000000000000000000e+00,0.000000000000000000e+00,-0.000000000000000000e+00,-0.000000000000000000e+00,0.000000000000000000e+00,8.646129142814987234e-02,-0.000000000000000000e+00,-1.725702420825585004e-01,0.000000000000000000e+00,0.000000000000000000e+00,-1.450816210577818011e-01,0.000000000000000000e+00,0.000000000000000000e+00,1.263962322548825234e+00,-0.000000000000000000e+00,0.000000000000000000e+00,-2.311933178680456169e-01,-0.000000000000000000e+00,0.000000000000000000e+00,0.000000000000000000e+00,0.000000000000000000e+00,0.000000000000000000e+00,-0.000000000000000000e+00,0.000000000000000000e+00,0.000000000000000000e+00,-0.000000000000000000e+00,0.000000000000000000e+00,1.593973144745708306e-03,0.000000000000000000e+00,0.000000000000000000e+00,0.000000000000000000e+00,0.000000000000000000e+00,-1.489432983911457287e-01,0.000000000000000000e+00,0.000000000000000000e+00,0.000000000000000000e+00,-0.000000000000000000e+00,-1.082837711495931166e-01
-0.000000000000000000e+00,-1.940089813881259173e-01,-0.000000000000000000e+00,0.000000000000000000e+00,-1.692773981935336014e-01,-0.000000000000000000e+00,0.000000000000000000e+00,9.904979433536724442e-02,-0.000000000000000000e+00,-1.955634364018661309e-01,-0.000000000000000000e+00,0.000000000000000000e+00,0.000000000000000000e+00,-0.000000000000000000e+00,-0.000000000000000000e+00,1.278005297517377681e+00,-0.000000000000000000e+00,-0.000000000000000000e+00,0.000000000000000000e+00,0.000000000000000000e+00,-0.000000000000000000e+00,0.000000000000000000e+00,-0.000000000000000000e+00,-1.101692855294107709e-01,-0.000000000000000000e+00,-0.000000000000000000e+00,-0.000000000000000000e+00,-0.000000000000000000e+00,-0.000000000000000000e+00,-1.926543407941841424e-01,-0.000000000000000000e+00,-1.708329750388431698e-02,-0.000000000000000000e+00,-0.000000000000000000e+00,-0.000000000000000000e+00,-3.097221436577933876e-02,-0.000000000000000000e+00,-1.578947770780368964e-01,-0.000000000000000000e+00
-0.000000000000000000e+00,-0.000000000000000000e+00,-0.000000000000000000e+00,0.000000000000000000e+00,-0.000000000000000000e+00,-1.263756655273517160e-01,-9.997874675531077948e-02,0.000000000000000000e+00,5.922469365197599589e-02,-0.000000000000000000e+00,-1.467946553815771271e-01,1.242255187011434558e-01,-0.000000000000000000e+00,-3.894435182294019027e-02,0.000000000000000000e+00,-0.000000000000000000e+00,1.678364054305768738e+00,0.000000000000000000e+00,1.194812663599426894e-01,-0.000000000000000000e+00,-3.944988425539449478e-02,-7.581881028164408343e-02,-1.002997582410728450e-01,0.000000000000000000e+00,-8.726296580818568294e-02,-9.203604453777786132e-02,0.000000000000000000e+00,-5.156255544994180207e-02,-1.206377713256099882e-01,-0.000000000000000000e+00,-0.000000000000000000e+00,-0.000000000000000000e+00,-9.045193507783745590e-02,0.000000000000000000e+00,-1.277891434922968916e-01,-0.000000000000000000e+00,-1.193849780388423071e-01,0.000000000000000000e+00,8.393313969387496132e-02
0.000000000000000000e+00,0.000000000000000000e+00,0.000000000000000000e+00,-9.907846363151703861e-02,0.000000000000000000e+00,0.000000000000000000e+00,0.000000000000000000e+00,-0.000000000000000000e+00,-4.596650087938065898e-02,0.000000000000000000e+00,0.000000000000000000e+00,-1.193637401577090917e-01,0.000000000000000000e+00,0.000000000000000000e+00,-2.311933178680456169e-01,-0.000000000000000000e+00,0.000000000000000000e+00,1.216730348134921869e+00,-2.225627626262829395e-01,0.000000000000000000e+00,0.000000000000000000e+00,0.000000000000000000e+00,0.000000000000000000e+00,-0.000000000000000000e+00,0.000000000000000000e+00,0.000000000000000000e+00,-0.000000000000000000e+00,0.000000000000000000e+00,2.813004875525418336e-02,0.000000000000000000e+00,0.000000000000000000e+00,0.000000000000000000e+00,0.000000000000000000e+00,-0.000000000000000000e+00,0.000000000000000000e+00,0.000000000000000000e+00,0.000000000000000000e+00,-0.000000000000000000e+00,-5.318519952215365609e-02
4.077670927028422682e-02,0.000000000000000000e+00,0.000000000000000000e+00,-1.435055217536774230e-01,0.000000000000000000e+00,9.631495910850788877e-02,0.000000000000000000e+00,-0.000000000000000000e+00,-3.377224725902337049e-02,0.000000000000000000e+00,7.133430009222678503e-02,-1.673770376095806978e-01,0.000000000000000000e+00,4.107770413532505632e-02,-0.000000000000000000e+00,0.000000000000000000e+00,1.194812663599426894e-01,-2.225627626262829395e-01,1.464752972894352467e+00,0.000000000000000000e+00,0.000000000000000000e+00,3.939670114547852431e-02,2.069165422870350088e-02,-0.000000000000000000e+00,0.000000000000000000e+00,4.532356551432235869e-02,-0.000000000000000000e+00,8.231365795862709972e-03,1.357671342885426180e-01,0.000000000000000000e+00,0.000000000000000000e+00,0.000000000000000000e+00,1.622776933745699243e-02,-0.000000000000000000e+00,6.244863477470576074e-02,0.000000000000000000e+00,3.460915894547589300e-02,-0.000000000000000000e+00,-1.126817188574388978e-01
-0.000000000000000000e+00,-0.000000000000000000e+00,-0.000000000000000000e+00,-0.000000000000000000e+00,0.000000000000000000e+00,-0.000000000000000000e+00,-0.000000000000000000e+00,0.000000000000000000e+00,0.000000000000000000e+00,-0.000000000000000000e+00,-0.000000000000000000e+00,0.000000000000000000e+00,-0.000000000000000000e+00,-0.000000000000000000e+00,0.000000000000000000e+00,0.000000000000000000e+00,-0.000000000000000000e+00,0.000000000000000000e+00,0.000000000000000000e+00,1.001103385603558715e+00,-0.000000000000000000e+00,-3.323547215533627364e-02,-0.000000000000000000e+00,0.000000000000000000e+00,-0.000000000000000000e+00,-0.000000000000000000e+00,0.000000000000000000e+00,-0.000000000000000000e+00,-0.000000000000000000e+00,-0.000000000000000000e+00,-0.000000000000000000e+00,0.000000000000000000e+00,-0.000000000000000000e+00,0.000000000000000000e+00,-0.000000000000000000e+00,-0.000000000000000000e+00,-0.000000000000000000e+00,0.000000000000000000e+00,0.000000000000000000e+00
-1.223359604202048714e-02,-0.000000000000000000e+00,-6.973360329967022431e-02,0.000000000000000000e+00,-0.000000000000000000e+00,-8.984601922016423325e-02,-4.004743695090098171e-02,0.000000000000000000e+00,0.000000000000000000e+00,-0.000000000000000000e+00,-6.414907488041284023e-02,3.744971651110651223e-02,-0.000000000000000000e+00,-5.289399726514261435e-02,0.000000000000000000e+00,-0.000000000000000000e+00,-3.944988425539449478e-02,0.000000000000000000e+00,0.000000000000000000e+00,-0.000000000000000000e+00,1.529115792162118792e+00,-1.066030246456788205e-01,-4.752952270044802884e-03,0.000000000000000000e+00,-4.881133114497297754e-02,-1.224019000778061861e-01,0.000000000000000000e+00,-2.134065714075457088e-01,-8.374076710381471444e-02,-0.000000000000000000e+00,-1.164293828405253139e-01,-0.000000000000000000e+00,-1.916030556205715329e-01,0.000000000000000000e+00,-7.372594155119145676e-02,-0.000000000000000000e+00,-4.742554227194036021e-02,0.000000000000000000e+00,2.118858625503491216e-02
-0.000000000000000000e+00,-0.000000000000000000e+00,-0.000000000000000000e+00,0.000000000000000000e+00,-0.000000000000000000e+00,-8.230360350589341345e-03,-1.136074254588091276e-01,0.000000000000000000e+00,7.888668837169213188e-02,-0.000000000000000000e+00,-0.000000000000000000e+00,2.558896149561814756e-02,-0.000000000000000000e+00,-0.000000000000000000e+00,0.000000000000000000e+00,0.000000000000000000e+00,-7.581881028164408343e-02,0.000000000000000000e+00,3.939670114547852431e-02,-3.323547215533627364e-02,-1.066030246456788205e-01,1.258947383573189471e+00,-0.000000000000000000e+00,0.000000000000000000e+00,-0.000000000000000000e+00,-0.000000000000000000e+00,0.000000000000000000e+00,-8.915329015751007058e-02,-4.044069301736336747e-02,-0.000000000000000000e+00,-0.000000000000000000e+00,-0.000000000000000000e+00,-1.668239325247908300e-01,0.000000000000000000e+00,-1.381464767930845432e-02,-0.000000000000000000e+00,-0.000000000000000000e+00,0.000000000000000000e+00,1.117383520108738426e-01
-7.000076158614440547e-02,-0.000000000000000000e+00,-0.000000000000000000e+00,0.000000000000000000e+00,-0.000000000000000000e+00,-1.080590691391677960e-01,-0.000000000000000000e+00,0.000000000000000000e+00,0.000000000000000000e+00,-7.013486621507804275e-02,-1.224042619649530483e-01,0.000000000000000000e+00,-0.000000000000000000e+00,-9.529452148580443149e-02,0.000000000000000000e+00,-0.000000000000000000e+00,-1.002997582410728450e-01,0.000000000000000000e+00,2.069165422870350088e-02,-0.000000000000000000e+00,-4.752952270044802884e-03,-0.000000000000000000e+00,1.594003895742891475e+00,-0.000000000000000000e+00,-2.153135246460118335e-01,-9.267585828164397188e-02,0.000000000000000000e+00,-0.000000000000000000e+00,-4.271928178336505122e-02,-1.051808152590952700e-01,-9.559181220202947471e-02,-0.000000000000000000e+00,-1.908339658941623010e-02,0.000000000000000000e+00,-1.366021429265130704e-01,-1.034264000729622768e-01,-1.681017138926347021e-01,-0.000000000000000000e+00,0.000000000000000000e+00
-0.000000000000000000e+00,-0.000000000000000000e+00,-0.000000000000000000e+00,-0.000000000000000000e+00,-0.000000000000000000e+00,0.000000000000000000e+00,0.000000000000000000e+00,0.000000000000000000e+00,-0.000000000000000000e+00,-0.000000000000000000e+00,0.000000000000000000e+00,-0.000000000000000000e+00,0.000000000000000000e+00,-0.000000000000000000e+00,-0.000000000000000000e+00,-1.101692855294107709e-01,0.000000000000000000e+00,-0.000000000000000000e+00,-0.000000000000000000e+00,0.000000000000000000e+00,0.000000000000000000e+00,0.000000000000000000e+00,-0.000000000000000000e+00,1.015959374953787853e+00,-0.000000000000000000e+00,-0.000000000000000000e+00,-2.313391622164666026e-02,0.000000000000000000e+00,0.000000000000000000e+00,-0.000000000000000000e+00,-0.000000000000000000e+00,-0.000000000000000000e+00,0.000000000000000000e+00,-0.000000000000000000e+00,-0.000000000000000000e+00,-0.000000000000000000e+00,-0.000000000000000000e+00,-4.432099891543385406e-02,-0.000000000000000000e+00
-1.672936326998285261e-02,-0.000000000000000000e+00,-0.000000000000000000e+00,0.000000000000000000e+00,-0.000000000000000000e+00,-8.249427290329955365e-02,-0.000000000000000000e+00,0.000000000000000000e+00,0.000000000000000000e+00,-1.139491926549301565e-01,-1.023849558257949877e-01,0.000000000000000000e+00,-0.000000000000000000e+00,-7.314895067345072999e-02,0.000000000000000000e+00,-0.000000000000000000e+00,-8.726296580818568294e-02,0.000000000000000000e+00,0.000000000000000000e+00,-0.000000000000000000e+00,-4.881133114497297754e-02,-0.000000000000000000e+00,-2.153135246460118335e-01,-0.000000000000000000e+00,1.556387782790575880e+00,-7.896116288845964060e-02,0.000000000000000000e+00,-1.076409853481925284e-02,-5.256498027276448881e-02,-5.460413754286717186e-02,-1.138855882348842607e-01,-0.000000000000000000e+00,-4.355888767315185817e-02,0.000000000000000000e+00,-1.444367300933937226e-01,-4.515013996912572991e-02,-1.885663908209848083e-01,-0.000000000000000000e+00,0.000000000000000000e+00
-1.529490469274704112e-01,-0.000000000000000000e+00,-1.562941308455069456e-02,8.795165773445597079e-02,-0.000000000000000000e+00,-1.245810067096632112e-01,-0.000000000000000000e+00,0.000000000000000000e+00,0.000000000000000000e+00,-0.000000000000000000e+00,-5.115091523056199130e-02,4.984474335112767940e-02,-0.000000000000000000e+00,-1.307626254241857355e-01,0.000000000000000000e+00,-0.000000000000000000e+00,-9.203604453777786132e-02,0.000000000000000000e+00,4.532356551432235869e-02,-0.000000000000000000e+00,-1.224019000778061861e-01,-0.000000000000000000e+00,-9.267585828164397188e-02,-0.000000000000000000e+00,-7.896116288845964060e-02,1.656151488023812179e+00,0.000000000000000000e+00,-1.452439393101918330e-01,-1.215075198484618924e-01,-0.000000000000000000e+00,-1.001434822370114719e-01,-0.000000000000000000e+00,-1.196795424773590411e-01,0.000000000000000000e+00,-8.729016476775344757e-02,-1.443046677854151194e-02,-7.605261948433571229e-02,-0.000000000000000000e+00,0.000000000000000000e+00
0.000000000000000000e+00,-0.000000000000000000e+00,-0.000000000000000000e+00,-0.000000000000000000e+00,-0.000000000000000000e+00,0.000000000000000000e+00,0.000000000000000000e+00,0.000000000000000000e+00,-0.000000000000000000e+00,-0.000000000000000000e+00,0.000000000000000000e+00,-0.000000000000000000e+00,0.000000000000000000e+00,0.000000000000000000e+00,-0.000000000000000000e+00,-0.000000000000000000e+00,0.000000000000000000e+00,-0.000000000000000000e+00,-0.000000000000000000e+00,0.000000000000000000e+00,0.000000000000000000e+00,0.000000000000000000e+00,0.000000000000000000e+00,-2.313391622164666026e-02,0.000000000000000000e+00,0.000000000000000000e+00,1.012426104034882535e+00,0.000000000000000000e+00,0.000000000000000000e+00,-0.000000000000000000e+00,-0.000000000000000000e+00,-0.000000000000000000e+00,0.000000000000000000e+00,-1.994913135052668249e-02,0.000000000000000000e+00,-0.000000000000000000e+00,0.000000000000000000e+00,-5.564612218833922585e-04,-1.022401903137772350e-01
-6.106714320399112689e-02,-0.000000000000000000e+00,-1.353299678926298544e-01,7.036458906696602122e-02,-0.000000000000000000e+00,-7.799606320798826986e-02,-0.000000000000000000e+00,0.000000000000000000e+00,0.000000000000000000e+00,-0.000000000000000000e+00,-1.745573188739394169e-02,4.306848687869666015e-02,-0.000000000000000000e+00,-6.718578030338083484e-02,0.000000000000000000e+00,-0.000000000000000000e+00,-5.156255544994180207e-02,0.000000000000000000e+00,8.231365795862709972e-03,-0.000000000000000000e+00,-2.134065714075457088e-01,-8.915329015751007058e-02,-0.000000000000000000e+00,0.000000000000000000e+00,-1.076409853481925284e-02,-1.452439393101918330e-01,0.000000000000000000e+00,1.535887760411493330e+00,-1.192999280955289731e-01,-0.000000000000000000e+00,-1.030999079905654814e-01,-0.000000000000000000e+00,-1.851996120027826487e-01,0.000000000000000000e+00,-6.112497471013510902e-02,-0.000000000000000000e+00,-2.436903864692323285e-02,0.000000000000000000e+00,1.616284507363730319e-02
-1.062857846909184140e-01,-0.000000000000000000e+00,-0.000000000000000000e+00,1.734250550657896045e-02,-0.000000000000000000e+00,-1.086910369681318989e-01,-7.515768705067624178e-02,0.000000000000000000e+00,9.235944860281597099e-03,-0.000000000000000000e+00,-8.969949605394160475e-02,1.427616126807981778e-01,-0.000000000000000000e+00,-7.853944810624352568e-02,1.593973144745708306e-03,-0.000000000000000000e+00,-1.206377713256099882e-01,2.813004875525418336e-02,1.357671342885426180e-01,-0.000000000000000000e+00,-8.374076710381471444e-02,-4.044069301736336747e-02,-4.271928178336505122e-02,0.000000000000000000e+00,-5.256498027276448881e-02,-1.215075198484618924e-01,0.000000000000000000e+00,-1.192999280955289731e-01,1.675256339845681008e+00,-0.000000000000000000e+00,-7.914386415605142999e-03,-0.000000000000000000e+00,-9.509297243714562309e-02,0.000000000000000000e+00,-9.489862731306317190e-02,-0.000000000000000000e+00,-8.945208399569569424e-02,0.000000000000000000e+00,7.455963307297583387e-02
-1.104852580533868117e-01,-1.901324905182684710e-01,-3.639754177374301264e-02,0.000000000000000000e+00,-6.525074054233367948e-02,-0.000000000000000000e+00,-0.000000000000000000e+00,1.947392529012502080e-02,0.000000000000000000e+00,-1.975738131051049673e-01,-0.000000000000000000e+00,0.000000000000000000e+00,0.000000000000000000e+00,-6.526128870347845667e-02,0.000000000000000000e+00,-1.926543407941841424e-01,-0.000000000000000000e+00,0.000000000000000000e+00,0.000000000000000000e+00,-0.000000000000000000e+00,-0.000000000000000000e+00,-0.000000000000000000e+00,-1.051808152590952700e-01,-0.000000000000000000e+00,-5.460413754286717186e-02,-0.000000000000000000e+00,-0.000000000000000000e+00,-0.000000000000000000e+00,-0.000000000000000000e+00,1.384823613700678857e+00,-5.116233898558298493e-02,-2.893458473038280649e-03,-0.000000000000000000e+00,0.000000000000000000e+00,-0.000000000000000000e+00,-1.989628424037322985e-01,-0.000000000000000000e+00,-0.000000000000000000e+00,0.000000000000000000e+00
-9.741709280683942540e-02,-0.000000000000000000e+00,-7.691916354903378938e-02,0.000000000000000000e+00,-0.000000000000000000e+00,-0.000000000000000000e+00,-0.000000000000000000e+00,0.000000000000000000e+00,0.000000000000000000e+00,-1.941958893676419828e-01,-3.443385604552533230e-02,0.000000000000000000e+00,-0.000000000000000000e+00,-8.478615103898219652e-02,0.000000000000000000e+00,-0.000000000000000000e+00,-0.000000000000000000e+00,0.000000000000000000e+00,0.000000000000000000e+00,-0.000000000000000000e+00,-1.164293828405253139e-01,-0.000000000000000000e+00,-9.559181220202947471e-02,-0.000000000000000000e+00,-1.138855882348842607e-01,-1.001434822370114719e-01,-0.000000000000000000e+00,-1.030999079905654814e-01,-7.914386415605142999e-03,-5.116233898558298493e-02,1.419359940490050764e+00,-0.000000000000000000e+00,-3.862041522858935400e-02,0.000000000000000000e+00,-3.097523692675906160e-02,-4.205494887146685179e-02,-9.755366511984774058e-02,-0.000000000000000000e+00,0.000000000000000000e+00
-9.859117256095313586e-02,-1.091783054739819819e-01,-0.000000000000000000e+00,0.000000000000000000e+00,-1.803562179655484599e-01,-0.000000000000000000e+00,-0.000000000000000000e+00,3.648870810967268230e-02,0.000000000000000000e+00,-0.000000000000000000e+00,-0.000000000000000000e+00,0.000000000000000000e+00,0.000000000000000000e+00,-6.032306481384486913e-02,0.000000000000000000e+00,-1.708329750388431698e-02,-0.000000000000000000e+00,0.000000000000000000e+00,0.000000000000000000e+00,0.000000000000000000e+00,-0.000000000000000000e+00,-0.000000000000000000e+00,-0.000000000000000000e+00,-0.000000000000000000e+00,-0.000000000000000000e+00,-0.000000000000000000e+00,-0.000000000000000000e+00,-0.000000000000000000e+00,-0.000000000000000000e+00,-2.893458473038280649e-03,-0.000000000000000000e+00,1.101654179113430887e+00,-0.000000000000000000e+00,-0.000000000000000000e+00,-0.000000000000000000e+00,-6.332964445427642641e-02,-0.000000000000000000e+00,-0.000000000000000000e+00,0.000000000000000000e+00
-0.000000000000000000e+00,-0.000000000000000000e+00,-0.000000000000000000e+00,0.000000000000000000e+00,-0.000000000000000000e+00,-1.033661110755795531e-01,-8.980461747581670873e-02,0.000000000000000000e+00,5.129104269758457540e-02,-0.000000000000000000e+00,-6.679029570376637803e-02,6.060051408747903906e-02,-0.000000000000000000e+00,-3.218684676131528671e-02,0.000000000000000000e+00,-0.000000000000000000e+00,-9.045193507783745590e-02,0.000000000000000000e+00,1.622776933745699243e-02,-0.000000000000000000e+00,-1.916030556205715329e-01,-1.668239325247908300e-01,-1.908339658941623010e-02,0.000000000000000000e+00,-4.355888767315185817e-02,-1.196795424773590411e-01,0.000000000000000000e+00,-1.851996120027826487e-01,-9.509297243714562309e-02,-0.000000000000000000e+00,-3.862041522858935400e-02,-0.000000000000000000e+00,1.620968291267413486e+00,0.000000000000000000e+00,-1.048112806150062887e-01,-0.000000000000000000e+00,-7.256708406051268212e-02,0.000000000000000000e+00,5.877687939652737059e-02
0.000000000000000000e+00,-0.000000000000000000e+00,-0.000000000000000000e+00,-0.000000000000000000e+00,-0.000000000000000000e+00,0.000000000000000000e+00,1.230323092787697636e-01,0.000000000000000000e+00,-3.004945164571857230e-01,0.000000000000000000e+00,0.000000000000000000e+00,-2.589066373347284275e-02,0.000000000000000000e+00,0.000000000000000000e+00,-1.489432983911457287e-01,-0.000000000000000000e+00,0.000000000000000000e+00,-0.000000000000000000e+00,-0.000000000000000000e+00,0.000000000000000000e+00,0.000000000000000000e+00,0.000000000000000000e+00,0.000000000000000000e+00,-0.000000000000000000e+00,0.000000000000000000e+00,0.000000000000000000e+00,-1.994913135052668249e-02,0.000000000000000000e+00,0.000000000000000000e+00,0.000000000000000000e+00,0.000000000000000000e+00,-0.000000000000000000e+00,0.000000000000000000e+00,1.234660306792285223e+00,0.000000000000000000e+00,0.000000000000000000e+00,0.000000000000000000e+00,-2.711465726528601225e-02,-1.375298987460762123e-01
-0.000000000000000000e+00,-0.000000000000000000e+00,-0.000000000000000000e+00,0.000000000000000000e+00,-0.000000000000000000e+00,-1.357658353360161885e-01,-6.425409066620484111e-02,0.000000000000000000e+00,1.910201604615735863e-02,-0.000000000000000000e+00,-1.253670274824281727e-01,7.616322610539097426e-02,-0.000000000000000000e+00,-8.464636516421739088e-02,0.000000000000000000e+00,-0.000000000000000000e+00,-1.277891434922968916e-01,0.000000000000000000e+00,6.244863477470576074e-02,-0.000000000000000000e+00,-7.372594155119145676e-02,-1.381464767930845432e-02,-1.366021429265130704e-01,-0.000000000000000000e+00,-1.444367300933937226e-01,-8.729016476775344757e-02,0.000000000000000000e+00,-6.112497471013510902e-02,-9.489862731306317190e-02,-0.000000000000000000e+00,-3.097523692675906160e-02,-0.000000000000000000e+00,-1.048112806150062887e-01,0.000000000000000000e+00,1.669978924139905230e+00,-0.000000000000000000e+00,-1.738142771186536040e-01,0.000000000000000000e+00,3.654388272657874831e-02
-1.032709441689679680e-01,-1.796220011981641274e-01,-0.000000000000000000e+00,0.000000000000000000e+00,-0.000000000000000000e+00,-2.956911702071602505e-02,-0.000000000000000000e+00,0.000000000000000000e+00,0.000000000000000000e+00,-4.884026275253053329e-02,-0.000000000000000000e+00,0.000000000000000000e+00,-0.000000000000000000e+00,-1.350915542169611461e-01,0.000000000000000000e+00,-3.097221436577933876e-02,-0.000000000000000000e+00,0.000000000000000000e+00,0.000000000000000000e+00,-0.000000000000000000e+00,-0.000000000000000000e+00,-0.000000000000000000e+00,-1.034264000729622768e-01,-0.000000000000000000e+00,-4.515013996912572991e-02,-1.443046677854151194e-02,-0.000000000000000000e+00,-0.000000000000000000e+00,-0.000000000000000000e+00,-1.989628424037322985e-01,-4.205494887146685179e-02,-6.332964445427642641e-02,-0.000000000000000000e+00,0.000000000000000000e+00,-0.000000000000000000e+00,1.290038752957751944e+00,-4.919081312680367163e-02,-0.000000000000000000e+00,0.000000000000000000e+00
-9.547852565931137792e-03,-0.000000000000000000e+00,-0.000000000000000000e+00,0.000000000000000000e+00,-0.000000000000000000e+00,-1.113315648375577810e-01,-1.098637789914886156e-02,0.000000000000000000e+00,0.000000000000000000e+00,-1.566252210930362985e-03,-1.458718475583026530e-01,3.432455028243330819e-02,-0.000000000000000000e+00,-1.018459113539809807e-01,0.000000000000000000e+00,-0.000000000000000000e+00,-1.193849780388423071e-01,0.000000000000000000e+00,3.460915894547589300e-02,-0.000000000000000000e+00,-4.742554227194036021e-02,-0.000000000000000000e+00,-1.681017138926347021e-01,-0.000000000000000000e+00,-1.885663908209848083e-01,-7.605261948433571229e-02,0.000000000000000000e+00,-2.436903864692323285e-02,-8.945208399569569424e-02,-0.000000000000000000e+00,-9.755366511984774058e-02,-0.000000000000000000e+00,-7.256708406051268212e-02,0.000000000000000000e+00,-1.738142771186536040e-01,-4.919081312680367163e-02,1.623868401389213734e+00,0.000000000000000000e+00,0.000000000000000000e+00
-0.000000000000000000e+00,-0.000000000000000000e+00,-0.000000000000000000e+00,0.000000000000000000e+00,-2.845177833527036751e-02,0.000000000000000000e+00,0.000000000000000000e+00,0.000000000000000000e+00,-0.000000000000000000e+00,-0.000000000000000000e+00,0.000000000000000000e+00,-0.000000000000000000e+00,0.000000000000000000e+00,-0.000000000000000000e+00,-0.000000000000000000e+00,-1.578947770780368964e-01,0.000000000000000000e+00,-0.000000000000000000e+00,-0.000000000000000000e+00,0.000000000000000000e+00,0.000000000000000000e+00,0.000000000000000000e+00,-0.000000000000000000e+00,-4.432099891543385406e-02,-0.000000000000000000e+00,-0.000000000000000000e+00,-5.564612218833922585e-04,0.000000000000000000e+00,0.000000000000000000e+00,-0.000000000000000000e+00,-0.000000000000000000e+00,-0.000000000000000000e+00,0.000000000000000000e+00,-2.711465726528601225e-02,0.000000000000000000e+00,-0.000000000000000000e+00,0.000000000000000000e+00,1.031031491984821358e+00,-0.000000000000000000e+00
0.000000000000000000e+00,0.000000000000000000e+00,0.000000000000000000e+00,-0.000000000000000000e+00,0.000000000000000000e+00,4.519460192276434501e-02,1.997719617501729772e-01,-0.000000000000000000e+00,-2.345535544804874251e-01,0.000000000000000000e+00,6.474772357984995286e-02,-1.784952428792065116e-01,0.000000000000000000e+00,0.000000000000000000e+00,-1.082837711495931166e-01,-0.000000000000000000e+00,8.393313969387496132e-02,-5.318519952215365609e-02,-1.126817188574388978e-01,0.000000000000000000e+00,2.118858625503491216e-02,1.117383520108738426e-01,0.000000000000000000e+00,-0.000000000000000000e+00,0.000000000000000000e+00,0.000000000000000000e+00,-1.022401903137772350e-01,1.616284507363730319e-02,7.455963307297583387e-02,0.000000000000000000e+00,0.000000000000000000e+00,0.000000000000000000e+00,5.877687939652737059e-02,-1.375298987460762123e-01,3.654388272657874831e-02,0.000000000000000000e+00,0.000000000000000000e+00,-0.000000000000000000e+00,1.561604152239865595e+00
