1.860070409647930578e+00,-4.713185395594145510e-01,-0.000000000000000000e+00,0.000000000000000000e+00,-2.191896745449452011e-01,0.000000000000000000e+00,-0.000000000000000000e+00,0.000000000000000000e+00,-4.272711254771330847e-01,-3.347976644390133205e-01,-0.000000000000000000e+00,-0.000000000000000000e+00,0.000000000000000000e+00,-0.000000000000000000e+00,0.000000000000000000e+00,-1.171669318004035509e-01,0.000000000000000000e+00,-0.000000000000000000e+00,-0.000000000000000000e+00,7.670930496624622785e-02,-0.000000000000000000e+00,-0.000000000000000000e+00,-0.000000000000000000e+00,0.000000000000000000e+00,-0.000000000000000000e+00,-1.087656671202394398e-01,-0.000000000000000000e+00,0.000000000000000000e+00,0.000000000000000000e+00,-1.191607895118354521e-01,-0.000000000000000000e+00,-0.000000000000000000e+00,-0.000000000000000000e+00,-1.224916445666338408e-02,0.000000000000000000e+00,-0.000000000000000000e+00,-0.000000000000000000e+00,-0.000000000000000000e+00,-0.000000000000000000e+00
-4.713185395594145510e-01,2.203187005788042718e+00,-0.000000000000000000e+00,-0.000000000000000000e+00,-1.904862574498701611e-01,0.000000000000000000e+00,-0.000000000000000000e+00,0.000000000000000000e+00,-2.702512848820260438e-01,-5.227065002689888600e-03,0.000000000000000000e+00,-0.000000000000000000e+00,0.000000000000000000e+00,-0.000000000000000000e+00,0.000000000000000000e+00,-5.853511371797945895e-01,0.000000000000000000e+00,-0.000000000000000000e+00,-0.000000000000000000e+00,0.000000000000000000e+00,0.000000000000000000e+00,-0.000000000000000000e+00,-0.000000000000000000e+00,0.000000000000000000e+00,0.000000000000000000e+00,-0.000000000000000000e+00,-2.705672920992258090e-01,0.000000000000000000e+00,0.000000000000000000e+00,-0.000000000000000000e+00,-0.000000000000000000e+00,-2.744111067777919022e-01,-0.000000000000000000e+00,-6.477476485820196639e-02,0.000000000000000000e+00,-0.000000000000000000e+00,-0.000000000000000000e+00,0.000000000000000000e+00,-8.486670501514381737e-02
-0.000000000000000000e+00,-0.000000000000000000e+00,2.495510437745696031e+00,-0.000000000000000000e+00,-0.000000000000000000e+00,7.175670488899953126e-02,-1.185401245334606959e-02,8.317515505551087429e-01,-5.065342740578148567e-02,-0.000000000000000000e+00,0.000000000000000000e+00,-2.130501027656524771e-01,3.364112224134748752e-01,-0.000000000000000000e+00,-0.000000000000000000e+00,-0.000000000000000000e+00,2.085386757869494775e-02,0.000000000000000000e+00,-0.000000000000000000e+00,0.000000000000000000e+00,0.000000000000000000e+00,-0.000000000000000000e+00,-1.078844553149334445e-01,-0.000000000000000000e+00,0.000000000000000000e+00,0.000000000000000000e+00,-1.213230433422118199e-01,0.000000000000000000e+00,8.944790374765938801e-02,0.000000000000000000e+00,-2.021386992308622510e-01,-0.000000000000000000e+00,-0.000000000000000000e+00,-3.229312793073161325e-01,1.969549186484375325e-01,0.000000000000000000e+00,0.000000000000000000e+00,0.000000000000000000e+00,-1.837588378672000422e-01
0.000000000000000000e+00,-0.000000000000000000e+00,-0.000000000000000000e+00,1.000738557626146497e+00,-0.000000000000000000e+00,-0.000000000000000000e+00,-0.000000000000000000e+00,0.000000000000000000e+00,0.000000000000000000e+00,-0.000000000000000000e+00,-0.000000000000000000e+00,-0.000000000000000000e+00,-0.000000000000000000e+00,-0.000000000000000000e+00,0.000000000000000000e+00,-0.000000000000000000e+00,-0.000000000000000000e+00,-0.000000000000000000e+00,0.000000000000000000e+00,0.000000000000000000e+00,0.000000000000000000e+00,-0.000000000000000000e+00,-0.000000000000000000e+00,-0.000000000000000000e+00,0.000000000000000000e+00,0.000000000000000000e+00,-0.000000000000000000e+00,-0.000000000000000000e+00,-0.000000000000000000e+00,-0.000000000000000000e+00,-0.000000000000000000e+00,-0.000000000000000000e+00,-1.587987767258830160e-02,-0.000000000000000000e+00,-0.000000000000000000e+00,-0.000000000000000000e+00,-0.000000000000000000e+00,1.945157650139471561e-02,-0.000000000000000000e+00
-2.191896745449452011e-01,-1.904862574498701611e-01,-0.000000000000000000e+00,-0.000000000000000000e+00,1.690498481989409107e+00,0.000000000000000000e+00,-0.000000000000000000e+00,0.000000000000000000e+00,-2.984095505167149165e-01,-1.581241633552091519e-01,-0.000000000000000000e+00,-0.000000000000000000e+00,-0.000000000000000000e+00,-3.315660293145732407e-01,0.000000000000000000e+00,-9.194552734759479928e-02,-0.000000000000000000e+00,-2.057664440834489350e-01,-0.000000000000000000e+00,0.000000000000000000e+00,-0.000000000000000000e+00,-0.000000000000000000e+00,-0.000000000000000000e+00,0.000000000000000000e+00,0.000000000000000000e+00,-0.000000000000000000e+00,-0.000000000000000000e+00,-0.000000000000000000e+00,-0.000000000000000000e+00,-1.531300049998620370e-02,-0.000000000000000000e+00,-5.072941457895770168e-02,-0.000000000000000000e+00,-0.000000000000000000e+00,-0.000000000000000000e+00,-8.295875445278046156e-02,-1.929047069312145590e-01,0.000000000000000000e+00,-0.000000000000000000e+00
0.000000000000000000e+00,0.000000000000000000e+00,7.175670488899953126e-02,-0.000000000000000000e+00,0.000000000000000000e+00,2.243854765051343847e+00,0.000000000000000000e+00,-0.000000000000000000e+00,0.000000000000000000e+00,-0.000000000000000000e+00,-5.868156104314624644e-01,6.638890700494957942e-02,-8.196937734609485715e-02,-0.000000000000000000e+00,0.000000000000000000e+00,0.000000000000000000e+00,-5.493006418989268003e-01,-0.000000000000000000e+00,0.000000000000000000e+00,-0.000000000000000000e+00,-0.000000000000000000e+00,0.000000000000000000e+00,0.000000000000000000e+00,-0.000000000000000000e+00,-2.028556723195371059e-01,-0.000000000000000000e+00,8.943199758397499255e-02,-0.000000000000000000e+00,-8.513907648751851964e-02,-0.000000000000000000e+00,0.000000000000000000e+00,0.000000000000000000e+00,-0.000000000000000000e+00,0.000000000000000000e+00,-3.109877034887894021e-01,-0.000000000000000000e+00,-0.000000000000000000e+00,-0.000000000000000000e+00,2.349324103583336765e-01
-0.000000000000000000e+00,-0.000000000000000000e+00,-1.185401245334606959e-02,-0.000000000000000000e+00,-0.000000000000000000e+00,0.000000000000000000e+00,2.331345398906562671e+00,0.000000000000000000e+00,-0.000000000000000000e+00,0.000000000000000000e+00,0.000000000000000000e+00,-3.326006461062405717e-01,0.000000000000000000e+00,-0.000000000000000000e+00,-0.000000000000000000e+00,-0.000000000000000000e+00,0.000000000000000000e+00,0.000000000000000000e+00,-2.572187145904270000e-01,0.000000000000000000e+00,1.566423251841111419e-01,-4.030945130231672335e-01,-0.000000000000000000e+00,-0.000000000000000000e+00,0.000000000000000000e+00,2.739057077544876373e-01,-8.520794172244368359e-02,2.470259839457218404e-03,1.030704931697938725e-01,0.000000000000000000e+00,-2.386126201731733343e-01,-6.963870939763344703e-02,-0.000000000000000000e+00,-0.000000000000000000e+00,7.933751652185599967e-02,0.000000000000000000e+00,-0.000000000000000000e+00,5.806976965741864755e-02,-3.585088610150856669e-01
0.000000000000000000e+00,0.000000000000000000e+00,8.317515505551087429e-01,0.000000000000000000e+00,0.000000000000000000e+00,-0.000000000000000000e+00,0.000000000000000000e+00,1.625548567442194781e+00,1.746603349337869926e-01,0.000000000000000000e+00,-0.000000000000000000e+00,0.000000000000000000e+00,-1.103857141715073320e-01,5.530522379053428358e-04,0.000000000000000000e+00,0.000000000000000000e+00,-0.000000000000000000e+00,0.000000000000000000e+00,0.000000000000000000e+00,-0.000000000000000000e+00,-0.000000000000000000e+00,0.000000000000000000e+00,0.000000000000000000e+00,1.616547906673581891e-01,0.000000000000000000e+00,0.000000000000000000e+00,0.000000000000000000e+00,0.000000000000000000e+00,-0.000000000000000000e+00,-0.000000000000000000e+00,0.000000000000000000e+00,0.000000000000000000e+00,7.404260164144201885e-03,0.000000000000000000e+00,-0.000000000000000000e+00,0.000000000000000000e+00,-0.000000000000000000e+00,-0.000000000000000000e+00,0.000000000000000000e+00
-4.272711254771330847e-01,-2.702512848820260438e-01,-5.065342740578148567e-02,0.000000000000000000e+00,-2.984095505167149165e-01,0.000000000000000000e+00,-0.000000000000000000e+00,1.746603349337869926e-01,1.772451777139591345e+00,-1.575700590411466262e-01,0.000000000000000000e+00,-0.000000000000000000e+00,0.000000000000000000e+00,-1.250299845950461619e-01,-0.000000000000000000e+00,-1.523248497072433039e-01,0.000000000000000000e+00,-0.000000000000000000e+00,-2.539100866394865610e-02,8.628976740322563677e-03,0.000000000000000000e+00,-0.000000000000000000e+00,-0.000000000000000000e+00,0.000000000000000000e+00,0.000000000000000000e+00,-0.000000000000000000e+00,-0.000000000000000000e+00,-0.000000000000000000e+00,0.000000000000000000e+00,-0.000000000000000000e+00,-0.000000000000000000e+00,-0.000000000000000000e+00,-0.000000000000000000e+00,-4.120363964439200527e-02,0.000000000000000000e+00,-0.000000000000000000e+00,-0.000000000000000000e+00,-0.000000000000000000e+00,-0.000000000000000000e+00
-3.347976644390133205e-01,-5.227065002689888600e-03,-0.000000000000000000e+00,-0.000000000000000000e+00,-1.581241633552091519e-01,-0.000000000000000000e+00,0.000000000000000000e+00,0.000000000000000000e+00,-1.575700590411466262e-01,1.686119298457925408e+00,-0.000000000000000000e+00,0.000000000000000000e+00,-0.000000000000000000e+00,-6.552015844188786853e-02,0.000000000000000000e+00,-3.134793959808376274e-01,-0.000000000000000000e+00,-0.000000000000000000e+00,-0.000000000000000000e+00,0.000000000000000000e+00,-0.000000000000000000e+00,0.000000000000000000e+00,-7.691715242934865637e-02,-0.000000000000000000e+00,-9.744525083583435721e-02,-1.409692863547017394e-01,-0.000000000000000000e+00,-0.000000000000000000e+00,-0.000000000000000000e+00,-4.450373576839902756e-01,-0.000000000000000000e+00,-0.000000000000000000e+00,-0.000000000000000000e+00,-0.000000000000000000e+00,-0.000000000000000000e+00,-0.000000000000000000e+00,-0.000000000000000000e+00,-0.000000000000000000e+00,-0.000000000000000000e+00
-0.000000000000000000e+00,0.000000000000000000e+00,0.000000000000000000e+00,-0.000000000000000000e+00,-0.000000000000000000e+00,-5.868156104314624644e-01,0.000000000000000000e+00,-0.000000000000000000e+00,0.000000000000000000e+00,-0.000000000000000000e+00,2.076724401699827194e+00,0.000000000000000000e+00,-0.000000000000000000e+00,-0.000000000000000000e+00,0.000000000000000000e+00,0.000000000000000000e+00,-6.090432630573859862e-01,-0.000000000000000000e+00,0.000000000000000000e+00,0.000000000000000000e+00,-9.194802834255735857e-02,0.000000000000000000e+00,-0.000000000000000000e+00,-0.000000000000000000e+00,-7.239199346684625780e-02,-0.000000000000000000e+00,0.000000000000000000e+00,-0.000000000000000000e+00,-2.044748903372312354e-01,-0.000000000000000000e+00,0.000000000000000000e+00,0.000000000000000000e+00,-0.000000000000000000e+00,0.000000000000000000e+00,-1.163595497575877769e-01,-0.000000000000000000e+00,-3.656571768695420777e-01,-0.000000000000000000e+00,0.000000000000000000e+00
-0.000000000000000000e+00,-0.000000000000000000e+00,-2.130501027656524771e-01,-0.000000000000000000e+00,-0.000000000000000000e+00,6.638890700494957942e-02,-3.326006461062405717e-01,0.000000000000000000e+00,-0.000000000000000000e+00,0.000000000000000000e+00,0.000000000000000000e+00,2.813827184121022729e+00,0.000000000000000000e+00,-0.000000000000000000e+00,-0.000000000000000000e+00,-0.000000000000000000e+00,3.185762567838958115e-02,0.000000000000000000e+00,-0.000000000000000000e+00,0.000000000000000000e+00,1.008840997414012647e-01,-4.321293561947276984e-01,-0.000000000000000000e+00,-0.000000000000000000e+00,0.000000000000000000e+00,0.000000000000000000e+00,-2.919815325503800074e-01,0.000000000000000000e+00,7.367315512133737476e-02,0.000000000000000000e+00,-3.616114334802777996e-01,-6.306019085739068830e-02,-0.000000000000000000e+00,-3.277461386757412054e-01,7.298224246248755098e-02,0.000000000000000000e+00,-0.000000000000000000e+00,1.860601775645532030e-01,-4.361360361030344746e-01
0.000000000000000000e+00,0.000000000000000000e+00,3.364112224134748752e-01,-0.000000000000000000e+00,-0.000000000000000000e+00,-8.196937734609485715e-02,0.000000000000000000e+00,-1.103857141715073320e-01,0.000000000000000000e+00,-0.000000000000000000e+00,-0.000000000000000000e+00,0.000000000000000000e+00,1.438798873216957652e+00,-0.000000000000000000e+00,7.148784381603277838e-02,0.000000000000000000e+00,-9.042710058134746653e-02,-0.000000000000000000e+00,0.000000000000000000e+00,-0.000000000000000000e+00,-0.000000000000000000e+00,0.000000000000000000e+00,0.000000000000000000e+00,0.000000000000000000e+00,0.000000000000000000e+00,-0.000000000000000000e+00,0.000000000000000000e+00,-0.000000000000000000e+00,-1.797473418625107622e-01,-1.207250442447934391e-01,6.522735411445046427e-02,0.000000000000000000e+00,0.000000000000000000e+00,1.807882055807214991e-02,-1.196828586858115218e-01,-0.000000000000000000e+00,-0.000000000000000000e+00,-0.000000000000000000e+00,0.000000000000000000e+00
-0.000000000000000000e+00,-0.000000000000000000e+00,-0.000000000000000000e+00,-0.000000000000000000e+00,-3.315660293145732407e-01,-0.000000000000000000e+00,-0.000000000000000000e+00,5.530522379053428358e-04,-1.250299845950461619e-01,-6.552015844188786853e-02,-0.000000000000000000e+00,-0.000000000000000000e+00,-0.000000000000000000e+00,1.295090191003462010e+00,6.989341320848457655e-03,-0.000000000000000000e+00,-0.000000000000000000e+00,-1.502000509034533415e-01,-0.000000000000000000e+00,0.000000000000000000e+00,-0.000000000000000000e+00,-0.000000000000000000e+00,-0.000000000000000000e+00,-0.000000000000000000e+00,-0.000000000000000000e+00,-0.000000000000000000e+00,-0.000000000000000000e+00,-0.000000000000000000e+00,-0.000000000000000000e+00,-0.000000000000000000e+00,-0.000000000000000000e+00,-8.621028779689687838e-02,-0.000000000000000000e+00,-0.000000000000000000e+00,-0.000000000000000000e+00,-0.000000000000000000e+00,-1.964098532341043424e-01,0.000000000000000000e+00,-0.000000000000000000e+00
0.000000000000000000e+00,0.000000000000000000e+00,-0.000000000000000000e+00,0.000000000000000000e+00,0.000000000000000000e+00,0.000000000000000000e+00,-0.000000000000000000e+00,0.000000000000000000e+00,-0.000000000000000000e+00,0.000000000000000000e+00,0.000000000000000000e+00,-0.000000000000000000e+00,7.148784381603277838e-02,6.989341320848457655e-03,1.071196390721880665e+00,0.000000000000000000e+00,0.000000000000000000e+00,9.366069594927921294e-02,-0.000000000000000000e+00,3.085360181521371037e-02,1.085959256917090263e-02,0.000000000000000000e+00,-0.000000000000000000e+00,-0.000000000000000000e+00,-3.008834022513955792e-02,-0.000000000000000000e+00,-0.000000000000000000e+00,-0.000000000000000000e+00,4.043306963293884920e-02,0.000000000000000000e+00,-0.000000000000000000e+00,0.000000000000000000e+00,0.000000000000000000e+00,-0.000000000000000000e+00,7.533857164975275855e-02,4.006652799247682750e-02,1.521855736932539449e-01,-9.313934059805686894e-02,0.000000000000000000e+00
-1.171669318004035509e-01,-5.853511371797945895e-01,-0.000000000000000000e+00,-0.000000000000000000e+00,-9.194552734759479928e-02,0.000000000000000000e+00,-0.000000000000000000e+00,0.000000000000000000e+00,-1.523248497072433039e-01,-3.134793959808376274e-01,0.000000000000000000e+00,-0.000000000000000000e+00,0.000000000000000000e+00,-0.000000000000000000e+00,0.000000000000000000e+00,2.257959350276768529e+00,0.000000000000000000e+00,0.000000000000000000e+00,-1.083267375628924889e-01,0.000000000000000000e+00,0.000000000000000000e+00,-0.000000000000000000e+00,-2.717206897910517949e-01,0.000000000000000000e+00,0.000000000000000000e+00,0.000000000000000000e+00,-2.301914037784332234e-01,0.000000000000000000e+00,0.000000000000000000e+00,-0.000000000000000000e+00,-3.341485041451742327e-02,-3.558066483179081474e-01,-0.000000000000000000e+00,-1.506861026227086509e-01,0.000000000000000000e+00,-0.000000000000000000e+00,-0.000000000000000000e+00,0.000000000000000000e+00,-1.053642421350355464e-03
0.000000000000000000e+00,0.000000000000000000e+00,2.085386757869494775e-02,-0.000000000000000000e+00,-0.000000000000000000e+00,-5.493006418989268003e-01,0.000000000000000000e+00,-0.000000000000000000e+00,0.000000000000000000e+00,-0.000000000000000000e+00,-6.090432630573859862e-01,3.185762567838958115e-02,-9.042710058134746653e-02,-0.000000000000000000e+00,0.000000000000000000e+00,0.000000000000000000e+00,2.506358499952199281e+00,-0.000000000000000000e+00,1.103225138460216248e-02,-0.000000000000000000e+00,-2.765404815453714749e-01,0.000000000000000000e+00,0.000000000000000000e+00,-0.000000000000000000e+00,-0.000000000000000000e+00,-0.000000000000000000e+00,4.444015079050576966e-02,-6.369043993447670929e-04,-4.172307871271377921e-01,-0.000000000000000000e+00,0.000000000000000000e+00,0.000000000000000000e+00,-0.000000000000000000e+00,0.000000000000000000e+00,-3.691009235458632132e-01,-0.000000000000000000e+00,-7.833948046707421564e-02,-0.000000000000000000e+00,1.050965022361623619e-01
-0.000000000000000000e+00,-0.000000000000000000e+00,0.000000000000000000e+00,-0.000000000000000000e+00,-2.057664440834489350e-01,-0.000000000000000000e+00,0.000000000000000000e+00,0.000000000000000000e+00,-0.000000000000000000e+00,-0.000000000000000000e+00,-0.000000000000000000e+00,0.000000000000000000e+00,-0.000000000000000000e+00,-1.502000509034533415e-01,9.366069594927921294e-02,0.000000000000000000e+00,-0.000000000000000000e+00,1.189008335346392720e+00,-0.000000000000000000e+00,0.000000000000000000e+00,-2.222244616338590606e-01,0.000000000000000000e+00,0.000000000000000000e+00,0.000000000000000000e+00,0.000000000000000000e+00,-1.989089609234210576e-01,0.000000000000000000e+00,-0.000000000000000000e+00,-0.000000000000000000e+00,-0.000000000000000000e+00,0.000000000000000000e+00,0.000000000000000000e+00,0.000000000000000000e+00,0.000000000000000000e+00,-0.000000000000000000e+00,-0.000000000000000000e+00,-0.000000000000000000e+00,-0.000000000000000000e+00,0.000000000000000000e+00
-0.000000000000000000e+00,-0.000000000000000000e+00,-0.000000000000000000e+00,0.000000000000000000e+00,-0.000000000000000000e+00,0.000000000000000000e+00,-2.572187145904270000e-01,0.000000000000000000e+00,-2.539100866394865610e-02,-0.000000000000000000e+00,0.000000000000000000e+00,-0.000000000000000000e+00,0.000000000000000000e+00,-0.000000000000000000e+00,-0.000000000000000000e+00,-1.083267375628924889e-01,1.103225138460216248e-02,-0.000000000000000000e+00,1.556352079809968147e+00,0.000000000000000000e+00,1.006636726555594358e-01,-0.000000000000000000e+00,-1.413160519946141391e-01,-0.000000000000000000e+00,0.000000000000000000e+00,0.000000000000000000e+00,-7.672367263143546612e-02,1.491142805519780068e-01,1.622872643510978041e-01,0.000000000000000000e+00,-1.687304805779124284e-01,-0.000000000000000000e+00,-0.000000000000000000e+00,-0.000000000000000000e+00,1.111972230704591225e-01,0.000000000000000000e+00,0.000000000000000000e+00,0.000000000000000000e+00,-6.463699811660256200e-02
7.670930496624622785e-02,0.000000000000000000e+00,0.000000000000000000e+00,0.000000000000000000e+00,0.000000000000000000e+00,-0.000000000000000000e+00,0.000000000000000000e+00,-0.000000000000000000e+00,8.628976740322563677e-03,0.000000000000000000e+00,0.000000000000000000e+00,0.000000000000000000e+00,-0.000000000000000000e+00,0.000000000000000000e+00,3.085360181521371037e-02,0.000000000000000000e+00,-0.000000000000000000e+00,0.000000000000000000e+00,0.000000000000000000e+00,1.058114483985901355e+00,-0.000000000000000000e+00,0.000000000000000000e+00,9.428095562500780902e-02,0.000000000000000000e+00,0.000000000000000000e+00,0.000000000000000000e+00,0.000000000000000000e+00,0.000000000000000000e+00,-0.000000000000000000e+00,0.000000000000000000e+00,0.000000000000000000e+00,0.000000000000000000e+00,0.000000000000000000e+00,1.416865461549321192e-01,-0.000000000000000000e+00,-0.000000000000000000e+00,0.000000000000000000e+00,0.000000000000000000e+00,0.000000000000000000e+00
-0.000000000000000000e+00,0.000000000000000000e+00,0.000000000000000000e+00,0.000000000000000000e+00,-0.000000000000000000e+00,-0.000000000000000000e+00,1.566423251841111419e-01,-0.000000000000000000e+00,0.000000000000000000e+00,-0.000000000000000000e+00,-9.194802834255735857e-02,1.008840997414012647e-01,-0.000000000000000000e+00,-0.000000000000000000e+00,1.085959256917090263e-02,0.000000000000000000e+00,-2.765404815453714749e-01,-2.222244616338590606e-01,1.006636726555594358e-01,-0.000000000000000000e+00,1.492624633869054529e+00,0.000000000000000000e+00,0.000000000000000000e+00,0.000000000000000000e+00,-0.000000000000000000e+00,-0.000000000000000000e+00,0.000000000000000000e+00,-9.487675899492585552e-02,-1.634732365754559269e-01,-0.000000000000000000e+00,3.977999948880844155e-02,0.000000000000000000e+00,0.000000000000000000e+00,0.000000000000000000e+00,-2.460662279237919164e-02,-1.646626822618336428e-01,-0.000000000000000000e+00,-0.000000000000000000e+00,0.000000000000000000e+00
-0.000000000000000000e+00,-0.000000000000000000e+00,-0.000000000000000000e+00,-0.000000000000000000e+00,-0.000000000000000000e+00,0.000000000000000000e+00,-4.030945130231672335e-01,0.000000000000000000e+00,-0.000000000000000000e+00,0.000000000000000000e+00,0.000000000000000000e+00,-4.321293561947276984e-01,0.000000000000000000e+00,-0.000000000000000000e+00,0.000000000000000000e+00,-0.000000000000000000e+00,0.000000000000000000e+00,0.000000000000000000e+00,-0.000000000000000000e+00,0.000000000000000000e+00,0.000000000000000000e+00,2.328787794751103313e+00,-0.000000000000000000e+00,-0.000000000000000000e+00,0.000000000000000000e+00,1.809605484319629087e-01,-1.133036817815794989e-01,4.163982881686681403e-02,0.000000000000000000e+00,0.000000000000000000e+00,-2.779607346189174599e-01,-1.473862098159951506e-01,-2.946695294569695242e-02,-5.416900587704573389e-02,0.000000000000000000e+00,0.000000000000000000e+00,-0.000000000000000000e+00,3.521170036956210447e-01,-3.200476258131972895e-01
-0.000000000000000000e+00,-0.000000000000000000e+00,-1.078844553149334445e-01,-0.000000000000000000e+00,-0.000000000000000000e+00,0.000000000000000000e+00,-0.000000000000000000e+00,0.000000000000000000e+00,-0.000000000000000000e+00,-7.691715242934865637e-02,-0.000000000000000000e+00,-0.000000000000000000e+00,0.000000000000000000e+00,-0.000000000000000000e+00,-0.000000000000000000e+00,-2.717206897910517949e-01,0.000000000000000000e+00,0.000000000000000000e+00,-1.413160519946141391e-01,9.428095562500780902e-02,0.000000000000000000e+00,-0.000000000000000000e+00,1.912588564209292352e+00,-3.027248220799184653e-01,-0.000000000000000000e+00,0.000000000000000000e+00,-0.000000000000000000e+00,0.000000000000000000e+00,0.000000000000000000e+00,-0.000000000000000000e+00,-2.166653571130268963e-01,-2.001831471515117533e-01,-4.340462067017636927e-01,-2.169365457826081534e-01,0.000000000000000000e+00,0.000000000000000000e+00,-0.000000000000000000e+00,0.000000000000000000e+00,-0.000000000000000000e+00
0.000000000000000000e+00,0.000000000000000000e+00,-0.000000000000000000e+00,-0.000000000000000000e+00,0.000000000000000000e+00,-0.000000000000000000e+00,-0.000000000000000000e+00,1.616547906673581891e-01,0.000000000000000000e+00,-0.000000000000000000e+00,-0.000000000000000000e+00,-0.000000000000000000e+00,0.000000000000000000e+00,-0.000000000000000000e+00,-0.000000000000000000e+00,0.000000000000000000e+00,-0.000000000000000000e+00,0.000000000000000000e+00,-0.000000000000000000e+00,0.000000000000000000e+00,0.000000000000000000e+00,-0.000000000000000000e+00,-3.027248220799184653e-01,1.505307892082762056e+00,-4.774870030603649007e-01,0.000000000000000000e+00,-0.000000000000000000e+00,-0.000000000000000000e+00,0.000000000000000000e+00,0.000000000000000000e+00,-0.000000000000000000e+00,-0.000000000000000000e+00,-4.189718258043726440e-01,-0.000000000000000000e+00,0.000000000000000000e+00,8.075758532229494746e-02,-0.000000000000000000e+00,0.000000000000000000e+00,-0.000000000000000000e+00
-0.000000000000000000e+00,0.000000000000000000e+00,0.000000000000000000e+00,0.000000000000000000e+00,0.000000000000000000e+00,-2.028556723195371059e-01,0.000000000000000000e+00,0.000000000000000000e+00,0.000000000000000000e+00,-9.744525083583435721e-02,-7.239199346684625780e-02,0.000000000000000000e+00,0.000000000000000000e+00,-0.000000000000000000e+00,-3.008834022513955792e-02,0.000000000000000000e+00,-0.000000000000000000e+00,0.000000000000000000e+00,0.000000000000000000e+00,0.000000000000000000e+00,-0.000000000000000000e+00,0.000000000000000000e+00,-0.000000000000000000e+00,-4.774870030603649007e-01,1.368335928625040276e+00,-1.416550879245836725e-01,0.000000000000000000e+00,-5.976883908371847381e-02,-0.000000000000000000e+00,-0.000000000000000000e+00,0.000000000000000000e+00,0.000000000000000000e+00,-0.000000000000000000e+00,-0.000000000000000000e+00,-0.000000000000000000e+00,0.000000000000000000e+00,0.000000000000000000e+00,-2.594530977844726194e-01,0.000000000000000000e+00
-1.087656671202394398e-01,-0.000000000000000000e+00,0.000000000000000000e+00,0.000000000000000000e+00,-0.000000000000000000e+00,-0.000000000000000000e+00,2.739057077544876373e-01,0.000000000000000000e+00,-0.000000000000000000e+00,-1.409692863547017394e-01,-0.000000000000000000e+00,0.000000000000000000e+00,-0.000000000000000000e+00,-0.000000000000000000e+00,-0.000000000000000000e+00,0.000000000000000000e+00,-0.000000000000000000e+00,-1.989089609234210576e-01,0.000000000000000000e+00,0.000000000000000000e+00,-0.000000000000000000e+00,1.809605484319629087e-01,0.000000000000000000e+00,0.000000000000000000e+00,-1.416550879245836725e-01,1.662119356825221050e+00,0.000000000000000000e+00,-2.448926795719842120e-01,-0.000000000000000000e+00,-2.283488123425240490e-01,0.000000000000000000e+00,0.000000000000000000e+00,0.000000000000000000e+00,0.000000000000000000e+00,-0.000000000000000000e+00,-0.000000000000000000e+00,-0.000000000000000000e+00,-4.784478194132089079e-01,0.000000000000000000e+00
-0.000000000000000000e+00,-2.705672920992258090e-01,-1.213230433422118199e-01,-0.000000000000000000e+00,-0.000000000000000000e+00,8.943199758397499255e-02,-8.520794172244368359e-02,0.000000000000000000e+00,-0.000000000000000000e+00,-0.000000000000000000e+00,0.000000000000000000e+00,-2.919815325503800074e-01,0.000000000000000000e+00,-0.000000000000000000e+00,-0.000000000000000000e+00,-2.301914037784332234e-01,4.444015079050576966e-02,0.000000000000000000e+00,-7.672367263143546612e-02,0.000000000000000000e+00,0.000000000000000000e+00,-1.133036817815794989e-01,-0.000000000000000000e+00,-0.000000000000000000e+00,0.000000000000000000e+00,0.000000000000000000e+00,2.800558613566350274e+00,0.000000000000000000e+00,4.470543648904535400e-02,0.000000000000000000e+00,-5.032105346312428784e-01,-3.027578198967851297e-01,-0.000000000000000000e+00,-2.732311083387727879e-01,7.610269420978654775e-02,0.000000000000000000e+00,-0.000000000000000000e+00,0.000000000000000000e+00,-4.571680670623627374e-01
0.000000000000000000e+00,0.000000000000000000e+00,0.000000000000000000e+00,-0.000000000000000000e+00,-0.000000000000000000e+00,-0.000000000000000000e+00,2.470259839457218404e-03,0.000000000000000000e+00,-0.000000000000000000e+00,-0.000000000000000000e+00,-0.000000000000000000e+00,0.000000000000000000e+00,-0.000000000000000000e+00,-0.000000000000000000e+00,-0.000000000000000000e+00,0.000000000000000000e+00,-6.369043993447670929e-04,-0.000000000000000000e+00,1.491142805519780068e-01,0.000000000000000000e+00,-9.487675899492585552e-02,4.163982881686681403e-02,0.000000000000000000e+00,-0.000000000000000000e+00,-5.976883908371847381e-02,-2.448926795719842120e-01,0.000000000000000000e+00,1.142320501428725432e+00,-0.000000000000000000e+00,-0.000000000000000000e+00,0.000000000000000000e+00,0.000000000000000000e+00,-0.000000000000000000e+00,0.000000000000000000e+00,-0.000000000000000000e+00,-0.000000000000000000e+00,-0.000000000000000000e+00,-0.000000000000000000e+00,0.000000000000000000e+00
0.000000000000000000e+00,0.000000000000000000e+00,8.944790374765938801e-02,-0.000000000000000000e+00,-0.000000000000000000e+00,-8.513907648751851964e-02,1.030704931697938725e-01,-0.000000000000000000e+00,0.000000000000000000e+00,-0.000000000000000000e+00,-2.044748903372312354e-01,7.367315512133737476e-02,-1.797473418625107622e-01,-0.000000000000000000e+00,4.043306963293884920e-02,0.000000000000000000e+00,-4.172307871271377921e-01,-0.000000000000000000e+00,1.622872643510978041e-01,-0.000000000000000000e+00,-1.634732365754559269e-01,0.000000000000000000e+00,0.000000000000000000e+00,0.000000000000000000e+00,-0.000000000000000000e+00,-0.000000000000000000e+00,4.470543648904535400e-02,-0.000000000000000000e+00,2.380655975205868913e+00,-0.000000000000000000e+00,7.231702377140523941e-02,0.000000000000000000e+00,0.000000000000000000e+00,0.000000000000000000e+00,-8.073727082079319439e-01,-0.000000000000000000e+00,-3.868363628633149365e-02,-0.000000000000000000e+00,0.000000000000000000e+00
-1.191607895118354521e-01,-0.000000000000000000e+00,0.000000000000000000e+00,-0.000000000000000000e+00,-1.531300049998620370e-02,-0.000000000000000000e+00,0.000000000000000000e+00,-0.000000000000000000e+00,-0.000000000000000000e+00,-4.450373576839902756e-01,-0.000000000000000000e+00,0.000000000000000000e+00,-1.207250442447934391e-01,-0.000000000000000000e+00,0.000000000000000000e+00,-0.000000000000000000e+00,-0.000000000000000000e+00,-0.000000000000000000e+00,0.000000000000000000e+00,0.000000000000000000e+00,-0.000000000000000000e+00,0.000000000000000000e+00,-0.000000000000000000e+00,0.000000000000000000e+00,-0.000000000000000000e+00,-2.283488123425240490e-01,0.000000000000000000e+00,-0.000000000000000000e+00,-0.000000000000000000e+00,1.316811417545727059e+00,0.000000000000000000e+00,-0.000000000000000000e+00,0.000000000000000000e+00,0.000000000000000000e+00,-0.000000000000000000e+00,-1.348642496653356948e-01,-0.000000000000000000e+00,-0.000000000000000000e+00,0.000000000000000000e+00
-0.000000000000000000e+00,-0.000000000000000000e+00,-2.021386992308622510e-01,-0.000000000000000000e+00,-0.000000000000000000e+00,0.000000000000000000e+00,-2.386126201731733343e-01,0.000000000000000000e+00,-0.000000000000000000e+00,-0.000000000000000000e+00,0.000000000000000000e+00,-3.616114334802777996e-01,6.522735411445046427e-02,-0.000000000000000000e+00,-0.000000000000000000e+00,-3.341485041451742327e-02,0.000000000000000000e+00,0.000000000000000000e+00,-1.687304805779124284e-01,0.000000000000000000e+00,3.977999948880844155e-02,-2.779607346189174599e-01,-2.166653571130268963e-01,-0.000000000000000000e+00,0.000000000000000000e+00,0.000000000000000000e+00,-5.032105346312428784e-01,0.000000000000000000e+00,7.231702377140523941e-02,0.000000000000000000e+00,2.824875664899503924e+00,-3.413173357071074276e-01,-1.029236357734240187e-02,-1.384570202626348723e-01,0.000000000000000000e+00,0.000000000000000000e+00,-0.000000000000000000e+00,0.000000000000000000e+00,-3.420120966962664766e-01
-0.000000000000000000e+00,-2.744111067777919022e-01,-0.000000000000000000e+00,-0.000000000000000000e+00,-5.072941457895770168e-02,0.000000000000000000e+00,-6.963870939763344703e-02,0.000000000000000000e+00,-0.000000000000000000e+00,-0.000000000000000000e+00,0.000000000000000000e+00,-6.306019085739068830e-02,0.000000000000000000e+00,-8.621028779689687838e-02,0.000000000000000000e+00,-3.558066483179081474e-01,0.000000000000000000e+00,0.000000000000000000e+00,-0.000000000000000000e+00,0.000000000000000000e+00,0.000000000000000000e+00,-1.473862098159951506e-01,-2.001831471515117533e-01,-0.000000000000000000e+00,0.000000000000000000e+00,0.000000000000000000e+00,-3.027578198967851297e-01,0.000000000000000000e+00,0.000000000000000000e+00,-0.000000000000000000e+00,-3.413173357071074276e-01,2.247890656674217613e+00,-1.568899097495259354e-01,-4.318242314857755233e-03,0.000000000000000000e+00,-0.000000000000000000e+00,-1.529050725624347129e-01,7.715150313733590282e-02,-1.970972123584065483e-01
-0.000000000000000000e+00,-0.000000000000000000e+00,-0.000000000000000000e+00,-1.587987767258830160e-02,-0.000000000000000000e+00,-0.000000000000000000e+00,-0.000000000000000000e+00,7.404260164144201885e-03,-0.000000000000000000e+00,-0.000000000000000000e+00,-0.000000000000000000e+00,-0.000000000000000000e+00,0.000000000000000000e+00,-0.000000000000000000e+00,0.000000000000000000e+00,-0.000000000000000000e+00,-0.000000000000000000e+00,0.000000000000000000e+00,-0.000000000000000000e+00,0.000000000000000000e+00,0.000000000000000000e+00,-2.946695294569695242e-02,-4.340462067017636927e-01,-4.189718258043726440e-01,-0.000000000000000000e+00,0.000000000000000000e+00,-0.000000000000000000e+00,-0.000000000000000000e+00,0.000000000000000000e+00,0.000000000000000000e+00,-1.029236357734240187e-02,-1.568899097495259354e-01,1.544182009259915889e+00,-5.046506834118132112e-02,0.000000000000000000e+00,0.000000000000000000e+00,-2.196897925939984841e-01,8.060045516306625635e-02,-0.000000000000000000e+00
-1.224916445666338408e-02,-6.477476485820196639e-02,-3.229312793073161325e-01,-0.000000000000000000e+00,-0.000000000000000000e+00,0.000000000000000000e+00,-0.000000000000000000e+00,0.000000000000000000e+00,-4.120363964439200527e-02,-0.000000000000000000e+00,0.000000000000000000e+00,-3.277461386757412054e-01,1.807882055807214991e-02,-0.000000000000000000e+00,-0.000000000000000000e+00,-1.506861026227086509e-01,0.000000000000000000e+00,0.000000000000000000e+00,-0.000000000000000000e+00,1.416865461549321192e-01,0.000000000000000000e+00,-5.416900587704573389e-02,-2.169365457826081534e-01,-0.000000000000000000e+00,-0.000000000000000000e+00,0.000000000000000000e+00,-2.732311083387727879e-01,0.000000000000000000e+00,0.000000000000000000e+00,0.000000000000000000e+00,-1.384570202626348723e-01,-4.318242314857755233e-03,-5.046506834118132112e-02,2.010683017650641169e+00,5.534424468333068448e-02,-0.000000000000000000e+00,-0.000000000000000000e+00,0.000000000000000000e+00,-1.329464375367932494e-01
0.000000000000000000e+00,0.000000000000000000e+00,1.969549186484375325e-01,-0.000000000000000000e+00,-0.000000000000000000e+00,-3.109877034887894021e-01,7.933751652185599967e-02,-0.000000000000000000e+00,0.000000000000000000e+00,-0.000000000000000000e+00,-1.163595497575877769e-01,7.298224246248755098e-02,-1.196828586858115218e-01,-0.000000000000000000e+00,7.533857164975275855e-02,0.000000000000000000e+00,-3.691009235458632132e-01,-0.000000000000000000e+00,1.111972230704591225e-01,-0.000000000000000000e+00,-2.460662279237919164e-02,0.000000000000000000e+00,0.000000000000000000e+00,0.000000000000000000e+00,-0.000000000000000000e+00,-0.000000000000000000e+00,7.610269420978654775e-02,-0.000000000000000000e+00,-8.073727082079319439e-01,-0.000000000000000000e+00,0.000000000000000000e+00,0.000000000000000000e+00,0.000000000000000000e+00,5.534424468333068448e-02,2.370353606508370348e+00,-0.000000000000000000e+00,-0.000000000000000000e+00,-0.000000000000000000e+00,0.000000000000000000e+00
-0.000000000000000000e+00,-0.000000000000000000e+00,0.000000000000000000e+00,-0.000000000000000000e+00,-8.295875445278046156e-02,-0.000000000000000000e+00,0.000000000000000000e+00,0.000000000000000000e+00,-0.000000000000000000e+00,-0.000000000000000000e+00,-0.000000000000000000e+00,0.000000000000000000e+00,-0.000000000000000000e+00,-0.000000000000000000e+00,4.006652799247682750e-02,-0.000000000000000000e+00,-0.000000000000000000e+00,-0.000000000000000000e+00,0.000000000000000000e+00,-0.000000000000000000e+00,-1.646626822618336428e-01,0.000000000000000000e+00,0.000000000000000000e+00,8.075758532229494746e-02,0.000000000000000000e+00,-0.000000000000000000e+00,0.000000000000000000e+00,-0.000000000000000000e+00,-0.000000000000000000e+00,-1.348642496653356948e-01,0.000000000000000000e+00,-0.000000000000000000e+00,0.000000000000000000e+00,-0.000000000000000000e+00,-0.000000000000000000e+00,1.104282555879807504e+00,-1.679648408037389962e-01,0.000000000000000000e+00,-0.000000000000000000e+00
-0.000000000000000000e+00,-0.000000000000000000e+00,0.000000000000000000e+00,-0.000000000000000000e+00,-1.929047069312145590e-01,-0.000000000000000000e+00,-0.000000000000000000e+00,-0.000000000000000000e+00,-0.000000000000000000e+00,-0.000000000000000000e+00,-3.656571768695420777e-01,-0.000000000000000000e+00,-0.000000000000000000e+00,-1.964098532341043424e-01,1.521855736932539449e-01,-0.000000000000000000e+00,-7.833948046707421564e-02,-0.000000000000000000e+00,0.000000000000000000e+00,0.000000000000000000e+00,-0.000000000000000000e+00,-0.000000000000000000e+00,-0.000000000000000000e+00,-0.000000000000000000e+00,0.000000000000000000e+00,-0.000000000000000000e+00,-0.000000000000000000e+00,-0.000000000000000000e+00,-3.868363628633149365e-02,-0.000000000000000000e+00,-0.000000000000000000e+00,-1.529050725624347129e-01,-2.196897925939984841e-01,-0.000000000000000000e+00,-0.000000000000000000e+00,-1.679648408037389962e-01,1.376297477601347463e+00,0.000000000000000000e+00,-0.000000000000000000e+00
-0.000000000000000000e+00,0.000000000000000000e+00,0.000000000000000000e+00,1.945157650139471561e-02,0.000000000000000000e+00,-0.000000000000000000e+00,5.806976965741864755e-02,-0.000000000000000000e+00,-0.000000000000000000e+00,-0.000000000000000000e+00,-0.000000000000000000e+00,1.860601775645532030e-01,-0.000000000000000000e+00,0.000000000000000000e+00,-9.313934059805686894e-02,0.000000000000000000e+00,-0.000000000000000000e+00,-0.000000000000000000e+00,0.000000000000000000e+00,0.000000000000000000e+00,-0.000000000000000000e+00,3.521170036956210447e-01,0.000000000000000000e+00,0.000000000000000000e+00,-2.594530977844726194e-01,-4.784478194132089079e-01,0.000000000000000000e+00,-0.000000000000000000e+00,-0.000000000000000000e+00,-0.000000000000000000e+00,0.000000000000000000e+00,7.715150313733590282e-02,8.060045516306625635e-02,0.000000000000000000e+00,-0.000000000000000000e+00,0.000000000000000000e+00,0.000000000000000000e+00,1.628389392808679892e+00,0.000000000000000000e+00
-0.000000000000000000e+00,-8.486670501514381737e-02,-1.837588378672000422e-01,-0.000000000000000000e+00,-0.000000000000000000e+00,2.349324103583336765e-01,-3.585088610150856669e-01,0.000000000000000000e+00,-0.000000000000000000e+00,-0.000000000000000000e+00,0.000000000000000000e+00,-4.361360361030344746e-01,0.000000000000000000e+00,-0.000000000000000000e+00,0.000000000000000000e+00,-1.053642421350355464e-03,1.050965022361623619e-01,0.000000000000000000e+00,-6.463699811660256200e-02,0.000000000000000000e+00,0.000000000000000000e+00,-3.200476258131972895e-01,-0.000000000000000000e+00,-0.000000000000000000e+00,0.000000000000000000e+00,0.000000000000000000e+00,-4.571680670623627374e-01,0.000000000000000000e+00,0.000000000000000000e+00,0.000000000000000000e+00,-3.420120966962664766e-01,-1.970972123584065483e-01,-0.000000000000000000e+00,-1.329464375367932494e-01,0.000000000000000000e+00,-0.000000000000000000e+00,-0.000000000000000000e+00,0.000000000000000000e+00,2.795322698533028838e+00
