1.593611390378830484e+00,-1.088536197547206735e-01,-3.339618952888293718e-02,0.000000000000000000e+00,-0.000000000000000000e+00,5.903187882912375867e-02,0.000000000000000000e+00,3.690464519792702874e-02,-8.327789156805213977e-02,-3.315385334830575625e-02,8.198312863572217168e-02,-4.818534557335815011e-02,0.000000000000000000e+00,-0.000000000000000000e+00,0.000000000000000000e+00,-8.936293046725510281e-02,7.331537291753752184e-02,-4.320972032901081866e-02,-2.436536537268507718e-02,-1.036226950310736444e-01,-5.491719573266093390e-02,-6.076364035770987632e-02,0.000000000000000000e+00,-1.748243411216866133e-02,0.000000000000000000e+00,-9.174952638648259384e-02,-7.861239628722686834e-02,-8.549305263845154157e-02,-6.168060270298333925e-02,-7.358655561225786734e-02,-3.078949053493821447e-02,0.000000000000000000e+00,-0.000000000000000000e+00,-6.530027616451507255e-02,-0.000000000000000000e+00,0.000000000000000000e+00,0.000000000000000000e+00,-9.131438750574862040e-02,-8.569032881504350108e-02
-1.088536197547206735e-01,1.401257672061793524e+00,-3.543682728002401500e-02,0.000000000000000000e+00,-7.093014951498613323e-03,0.000000000000000000e+00,0.000000000000000000e+00,4.840379733892462288e-02,-7.824964726022751171e-02,-7.332975651843499920e-02,0.000000000000000000e+00,-8.915097656403433990e-02,0.000000000000000000e+00,-0.000000000000000000e+00,0.000000000000000000e+00,-3.917301150567049917e-02,4.627616662070853371e-02,-0.000000000000000000e+00,-0.000000000000000000e+00,-2.728331253669497372e-02,-0.000000000000000000e+00,-4.610743350612075443e-03,0.000000000000000000e+00,-0.000000000000000000e+00,2.376528917038748037e-02,-1.012925510583145700e-01,-2.170744627377514668e-01,-3.911706810239720666e-02,-0.000000000000000000e+00,-4.089671656178146125e-02,-7.790474164872621121e-02,0.000000000000000000e+00,-0.000000000000000000e+00,-4.091612948871031774e-02,-0.000000000000000000e+00,0.000000000000000000e+00,-0.000000000000000000e+00,-2.420155575280894325e-02,-6.509516893035011131e-02
-3.339618952888293718e-02,-3.543682728002401500e-02,1.548509128254318634e+00,0.000000000000000000e+00,-1.892163572506601055e-01,0.000000000000000000e+00,0.000000000000000000e+00,2.089039445792161831e-01,-5.746646174779275473e-02,-5.560434187749887375e-02,0.000000000000000000e+00,-0.000000000000000000e+00,0.000000000000000000e+00,-9.610415907278606340e-02,0.000000000000000000e+00,-2.710131386081721452e-02,0.000000000000000000e+00,-6.630048598713871033e-02,-4.601420689669696862e-02,-2.628894265814199840e-02,-1.131159176224931923e-01,-1.112103326295748318e-01,0.000000000000000000e+00,-5.308870176359434950e-02,0.000000000000000000e+00,-6.567604917501190798e-02,-3.324577331932102031e-02,-6.971547262824298596e-02,-0.000000000000000000e+00,-4.198162123758807096e-02,-5.031710411832299862e-02,0.000000000000000000e+00,-0.000000000000000000e+00,-6.533379984091983173e-02,-0.000000000000000000e+00,0.000000000000000000e+00,-0.000000000000000000e+00,-5.567078593237891754e-02,-3.083440126090400066e-02
0.000000000000000000e+00,0.000000000000000000e+00,0.000000000000000000e+00,1.000000000000000222e+00,-0.000000000000000000e+00,-0.000000000000000000e+00,-0.000000000000000000e+00,-0.000000000000000000e+00,0.000000000000000000e+00,0.000000000000000000e+00,-0.000000000000000000e+00,0.000000000000000000e+00,-0.000000000000000000e+00,-0.000000000000000000e+00,0.000000000000000000e+00,0.000000000000000000e+00,-0.000000000000000000e+00,-0.000000000000000000e+00,-0.000000000000000000e+00,0.000000000000000000e+00,0.000000000000000000e+00,0.000000000000000000e+00,-0.000000000000000000e+00,-0.000000000000000000e+00,-0.000000000000000000e+00,0.000000000000000000e+00,0.000000000000000000e+00,0.000000000000000000e+00,0.000000000000000000e+00,0.000000000000000000e+00,0.000000000000000000e+00,-0.000000000000000000e+00,-0.000000000000000000e+00,0.000000000000000000e+00,0.000000000000000000e+00,-0.000000000000000000e+00,0.000000000000000000e+00,0.000000000000000000e+00,0.000000000000000000e+00
-0.000000000000000000e+00,-7.093014951498613323e-03,-1.892163572506601055e-01,-0.000000000000000000e+00,1.430697206939433919e+00,0.000000000000000000e+00,0.000000000000000000e+00,1.941364478979804298e-01,-5.584056338454361501e-02,-6.850607206606516841e-02,0.000000000000000000e+00,-0.000000000000000000e+00,0.000000000000000000e+00,-1.574273325367255560e-01,0.000000000000000000e+00,-9.314625832476150502e-03,0.000000000000000000e+00,-7.251177199999817025e-02,-2.275596639714973918e-02,-0.000000000000000000e+00,-2.075218666016507077e-02,-5.595496780765941980e-02,0.000000000000000000e+00,-4.417134752921048763e-02,0.000000000000000000e+00,-3.505697106650258743e-02,-1.362873738853457792e-02,-5.081254581948911608e-02,-0.000000000000000000e+00,-4.888017696859795619e-02,-7.092548777890064771e-02,0.000000000000000000e+00,-0.000000000000000000e+00,-6.861647232795037299e-02,-0.000000000000000000e+00,0.000000000000000000e+00,-0.000000000000000000e+00,-5.481782036550163217e-02,-2.413748130807046727e-02
5.903187882912375867e-02,0.000000000000000000e+00,0.000000000000000000e+00,-0.000000000000000000e+00,0.000000000000000000e+00,1.483710428232910994e+00,-0.000000000000000000e+00,-0.000000000000000000e+00,6.418256914961263659e-02,1.855501753664057230e-02,-1.566002212442657859e-01,4.884804349668683127e-02,-4.320279824590698287e-02,0.000000000000000000e+00,-0.000000000000000000e+00,7.725655613410575828e-02,-1.581118534523776042e-01,5.039007378269508286e-02,3.181869860736132732e-02,7.250955209928509893e-02,0.000000000000000000e+00,0.000000000000000000e+00,-0.000000000000000000e+00,4.902524720419364213e-02,-1.345151800463810221e-01,3.919805117469615102e-02,3.094010875879113151e-02,2.854292278928689461e-02,0.000000000000000000e+00,4.612129420074069508e-02,5.353812301019629689e-03,-0.000000000000000000e+00,0.000000000000000000e+00,7.730032442030071449e-02,0.000000000000000000e+00,-1.068411684894055580e-01,-0.000000000000000000e+00,8.216018912857317447e-02,8.888043318853744434e-02
0.000000000000000000e+00,0.000000000000000000e+00,0.000000000000000000e+00,-0.000000000000000000e+00,0.000000000000000000e+00,-0.000000000000000000e+00,9.999999999999988898e-01,-0.000000000000000000e+00,0.000000000000000000e+00,0.000000000000000000e+00,-0.000000000000000000e+00,0.000000000000000000e+00,-0.000000000000000000e+00,0.000000000000000000e+00,0.000000000000000000e+00,0.000000000000000000e+00,-0.000000000000000000e+00,0.000000000000000000e+00,0.000000000000000000e+00,0.000000000000000000e+00,0.000000000000000000e+00,0.000000000000000000e+00,-0.000000000000000000e+00,0.000000000000000000e+00,-0.000000000000000000e+00,0.000000000000000000e+00,0.000000000000000000e+00,0.000000000000000000e+00,0.000000000000000000e+00,0.000000000000000000e+00,0.000000000000000000e+00,-0.000000000000000000e+00,-0.000000000000000000e+00,0.000000000000000000e+00,0.000000000000000000e+00,-0.000000000000000000e+00,-0.000000000000000000e+00,0.000000000000000000e+00,0.000000000000000000e+00
3.690464519792702874e-02,4.840379733892462288e-02,2.089039445792161831e-01,-0.000000000000000000e+00,1.941364478979804298e-01,-0.000000000000000000e+00,-0.000000000000000000e+00,1.503868304751705631e+00,5.471351902369561704e-02,5.235547800176346134e-02,-0.000000000000000000e+00,0.000000000000000000e+00,-0.000000000000000000e+00,8.927517045110493210e-02,-0.000000000000000000e+00,1.461182216636640677e-02,-0.000000000000000000e+00,5.195438451499389404e-02,2.462871833919962061e-02,2.370244145455754556e-02,1.244308487271677532e-01,1.180266829778813531e-01,-0.000000000000000000e+00,1.646516731560656102e-02,-0.000000000000000000e+00,6.921388527618514697e-02,4.724597339291762566e-02,6.354216307046735290e-02,0.000000000000000000e+00,3.405622162417797083e-02,3.810140642463058502e-02,-0.000000000000000000e+00,0.000000000000000000e+00,5.150047071505389762e-02,0.000000000000000000e+00,-0.000000000000000000e+00,0.000000000000000000e+00,4.934223922591626094e-02,2.287956610624637677e-02
-8.327789156805213977e-02,-7.824964726022751171e-02,-5.746646174779275473e-02,0.000000000000000000e+00,-5.584056338454361501e-02,6.418256914961263659e-02,0.000000000000000000e+00,5.471351902369561704e-02,1.640342658095930606e+00,-6.599715715284788786e-02,6.671559745214614146e-02,-7.830716445513576096e-02,0.000000000000000000e+00,-2.688135733585198320e-02,0.000000000000000000e+00,-8.164666999427050431e-02,7.119646115545122389e-02,-7.130864848034812464e-02,-4.009649185112697939e-02,-8.220202196978043663e-02,-0.000000000000000000e+00,-4.047133392902230870e-02,0.000000000000000000e+00,-4.247383811753908944e-02,1.234606931053853877e-02,-7.064167451996272717e-02,-6.278059107614111789e-02,-7.630641536559021332e-02,-9.942439998221327610e-03,-9.384324519810464948e-02,-5.367722069004236124e-02,0.000000000000000000e+00,-0.000000000000000000e+00,-8.799219133878513621e-02,-0.000000000000000000e+00,0.000000000000000000e+00,0.000000000000000000e+00,-8.534930828797408775e-02,-8.334757225265393421e-02
-3.315385334830575625e-02,-7.332975651843499920e-02,-5.560434187749887375e-02,0.000000000000000000e+00,-6.850607206606516841e-02,1.855501753664057230e-02,0.000000000000000000e+00,5.235547800176346134e-02,-6.599715715284788786e-02,1.484411484667537140e+00,0.000000000000000000e+00,-6.486662242853577509e-02,0.000000000000000000e+00,-6.808659292582153189e-02,0.000000000000000000e+00,-8.906132821014359213e-02,5.798644123303484804e-02,-1.037043507545376414e-01,-1.079429958598470823e-01,-0.000000000000000000e+00,-0.000000000000000000e+00,-1.254810428966358915e-02,0.000000000000000000e+00,-1.936095698646540450e-02,0.000000000000000000e+00,-0.000000000000000000e+00,-5.255007729000918393e-02,-1.464701229135167461e-02,-0.000000000000000000e+00,-1.075619182174903377e-01,-1.440458627383245371e-01,0.000000000000000000e+00,-0.000000000000000000e+00,-2.239721113837172747e-02,-0.000000000000000000e+00,0.000000000000000000e+00,0.000000000000000000e+00,-7.080835388896423999e-02,-9.625472112521746282e-02
8.198312863572217168e-02,0.000000000000000000e+00,0.000000000000000000e+00,-0.000000000000000000e+00,0.000000000000000000e+00,-1.566002212442657859e-01,-0.000000000000000000e+00,-0.000000000000000000e+00,6.671559745214614146e-02,0.000000000000000000e+00,1.552711430292688988e+00,4.422003884040801025e-02,-5.247459826571389957e-02,0.000000000000000000e+00,-0.000000000000000000e+00,7.557790308465053841e-02,-1.546236966160444426e-01,4.573432076095385046e-02,1.104494340556020325e-02,1.246855138903169569e-01,0.000000000000000000e+00,4.411740631068160334e-02,-0.000000000000000000e+00,8.858100288507665676e-02,-1.089757531457100498e-01,8.140261414767652193e-02,2.256811878924386977e-02,5.092370820948873000e-02,1.112948024582222951e-02,6.133358622129929383e-02,0.000000000000000000e+00,-1.742565871845114939e-02,0.000000000000000000e+00,8.630214886962393750e-02,0.000000000000000000e+00,-5.790474461721417491e-03,-0.000000000000000000e+00,8.496795996792455563e-02,8.371946027805977908e-02
-4.818534557335815011e-02,-8.915097656403433990e-02,-0.000000000000000000e+00,0.000000000000000000e+00,-0.000000000000000000e+00,4.884804349668683127e-02,0.000000000000000000e+00,0.000000000000000000e+00,-7.830716445513576096e-02,-6.486662242853577509e-02,4.422003884040801025e-02,1.398885996251473474e+00,0.000000000000000000e+00,-0.000000000000000000e+00,-0.000000000000000000e+00,-4.728383123514472153e-02,1.004479967147186847e-01,-0.000000000000000000e+00,-0.000000000000000000e+00,-5.574450171753118216e-02,-0.000000000000000000e+00,-0.000000000000000000e+00,0.000000000000000000e+00,-1.058042354496344095e-02,1.637388913994601847e-01,-4.239802918100431250e-02,-1.039802902967599668e-01,-0.000000000000000000e+00,-0.000000000000000000e+00,-9.526912455495503695e-02,-0.000000000000000000e+00,0.000000000000000000e+00,-0.000000000000000000e+00,-9.813246713653431264e-02,-0.000000000000000000e+00,0.000000000000000000e+00,0.000000000000000000e+00,-3.312049652127279503e-02,-8.754570469113072406e-02
0.000000000000000000e+00,0.000000000000000000e+00,0.000000000000000000e+00,-0.000000000000000000e+00,0.000000000000000000e+00,-4.320279824590698287e-02,-0.000000000000000000e+00,-0.000000000000000000e+00,0.000000000000000000e+00,0.000000000000000000e+00,-5.247459826571389957e-02,0.000000000000000000e+00,1.022577966955541262e+00,0.000000000000000000e+00,-0.000000000000000000e+00,0.000000000000000000e+00,-0.000000000000000000e+00,0.000000000000000000e+00,0.000000000000000000e+00,0.000000000000000000e+00,0.000000000000000000e+00,0.000000000000000000e+00,-0.000000000000000000e+00,0.000000000000000000e+00,-0.000000000000000000e+00,3.033150799900317940e-03,0.000000000000000000e+00,3.945198757027430086e-02,0.000000000000000000e+00,0.000000000000000000e+00,0.000000000000000000e+00,-1.074044577402911427e-01,0.000000000000000000e+00,0.000000000000000000e+00,-0.000000000000000000e+00,-0.000000000000000000e+00,-0.000000000000000000e+00,0.000000000000000000e+00,0.000000000000000000e+00
-0.000000000000000000e+00,-0.000000000000000000e+00,-9.610415907278606340e-02,-0.000000000000000000e+00,-1.574273325367255560e-01,0.000000000000000000e+00,0.000000000000000000e+00,8.927517045110493210e-02,-2.688135733585198320e-02,-6.808659292582153189e-02,0.000000000000000000e+00,-0.000000000000000000e+00,0.000000000000000000e+00,1.230376966374973513e+00,0.000000000000000000e+00,-5.519358621641864103e-03,0.000000000000000000e+00,-3.732319168326993231e-02,-1.377887472874306067e-02,-0.000000000000000000e+00,-5.264559750104078929e-03,-5.680679674056193090e-02,0.000000000000000000e+00,-1.550130968238361551e-01,0.000000000000000000e+00,-0.000000000000000000e+00,-0.000000000000000000e+00,-0.000000000000000000e+00,-0.000000000000000000e+00,-5.746386573716424223e-02,-3.000185689752721263e-02,0.000000000000000000e+00,-0.000000000000000000e+00,-3.024922930695475576e-02,-0.000000000000000000e+00,0.000000000000000000e+00,-0.000000000000000000e+00,-0.000000000000000000e+00,-0.000000000000000000e+00
0.000000000000000000e+00,0.000000000000000000e+00,0.000000000000000000e+00,0.000000000000000000e+00,0.000000000000000000e+00,-0.000000000000000000e+00,0.000000000000000000e+00,-0.000000000000000000e+00,0.000000000000000000e+00,0.000000000000000000e+00,-0.000000000000000000e+00,-0.000000000000000000e+00,-0.000000000000000000e+00,0.000000000000000000e+00,1.000366979759665265e+00,0.000000000000000000e+00,-0.000000000000000000e+00,0.000000000000000000e+00,0.000000000000000000e+00,0.000000000000000000e+00,0.000000000000000000e+00,0.000000000000000000e+00,0.000000000000000000e+00,0.000000000000000000e+00,0.000000000000000000e+00,0.000000000000000000e+00,0.000000000000000000e+00,0.000000000000000000e+00,-0.000000000000000000e+00,0.000000000000000000e+00,0.000000000000000000e+00,-0.000000000000000000e+00,1.916023052598926982e-02,0.000000000000000000e+00,0.000000000000000000e+00,-0.000000000000000000e+00,0.000000000000000000e+00,0.000000000000000000e+00,0.000000000000000000e+00
-8.936293046725510281e-02,-3.917301150567049917e-02,-2.710131386081721452e-02,0.000000000000000000e+00,-9.314625832476150502e-03,7.725655613410575828e-02,0.000000000000000000e+00,1.461182216636640677e-02,-8.164666999427050431e-02,-8.906132821014359213e-02,7.557790308465053841e-02,-4.728383123514472153e-02,0.000000000000000000e+00,-5.519358621641864103e-03,0.000000000000000000e+00,1.616703614381822529e+00,5.523990031680031665e-02,-1.079150752504448862e-01,-9.100340578125000468e-02,-7.525739916005760866e-02,-2.252820398335888055e-02,-5.695745032242708478e-02,0.000000000000000000e+00,-6.253713328205649791e-02,0.000000000000000000e+00,-6.568070830330449694e-02,-2.545178202921217700e-02,-1.009322820621983141e-01,-0.000000000000000000e+00,-1.022313287158547745e-01,-8.254696813004720746e-02,0.000000000000000000e+00,-0.000000000000000000e+00,-6.538737946904080167e-02,-0.000000000000000000e+00,0.000000000000000000e+00,0.000000000000000000e+00,-8.999865794230800520e-02,-7.558271835219146362e-02
7.331537291753752184e-02,4.627616662070853371e-02,0.000000000000000000e+00,-0.000000000000000000e+00,0.000000000000000000e+00,-1.581118534523776042e-01,-0.000000000000000000e+00,-0.000000000000000000e+00,7.119646115545122389e-02,5.798644123303484804e-02,-1.546236966160444426e-01,1.004479967147186847e-01,-0.000000000000000000e+00,0.000000000000000000e+00,-0.000000000000000000e+00,5.523990031680031665e-02,1.542716757889262214e+00,2.375227773196741249e-02,0.000000000000000000e+00,9.621869724359341514e-02,0.000000000000000000e+00,9.916172266583126241e-03,-0.000000000000000000e+00,7.920489159946847435e-02,-1.167215040184310521e-01,4.902427071418846705e-02,6.315787674519066086e-02,0.000000000000000000e+00,0.000000000000000000e+00,7.266586596260729558e-02,0.000000000000000000e+00,-0.000000000000000000e+00,0.000000000000000000e+00,7.280722813524367898e-02,0.000000000000000000e+00,-2.379817379709853620e-03,-0.000000000000000000e+00,7.578871909164902609e-02,1.062774431503677314e-01
-4.320972032901081866e-02,-0.000000000000000000e+00,-6.630048598713871033e-02,-0.000000000000000000e+00,-7.251177199999817025e-02,5.039007378269508286e-02,0.000000000000000000e+00,5.195438451499389404e-02,-7.130864848034812464e-02,-1.037043507545376414e-01,4.573432076095385046e-02,-0.000000000000000000e+00,0.000000000000000000e+00,-3.732319168326993231e-02,0.000000000000000000e+00,-1.079150752504448862e-01,2.375227773196741249e-02,1.548131527337115010e+00,-2.032745649714779723e-01,-3.490961972405468711e-02,-2.794123310348646874e-02,-6.367559383879527191e-02,0.000000000000000000e+00,-5.201228078817449890e-02,0.000000000000000000e+00,-5.752107642521790340e-03,-0.000000000000000000e+00,-8.220680120520351686e-02,-0.000000000000000000e+00,-7.498309268189953802e-02,-1.034513746083687291e-01,0.000000000000000000e+00,-0.000000000000000000e+00,-3.390794017891862744e-02,-0.000000000000000000e+00,0.000000000000000000e+00,0.000000000000000000e+00,-9.798442406830148999e-02,-6.013366498275809352e-02
-2.436536537268507718e-02,-0.000000000000000000e+00,-4.601420689669696862e-02,-0.000000000000000000e+00,-2.275596639714973918e-02,3.181869860736132732e-02,0.000000000000000000e+00,2.462871833919962061e-02,-4.009649185112697939e-02,-1.079429958598470823e-01,1.104494340556020325e-02,-0.000000000000000000e+00,0.000000000000000000e+00,-1.377887472874306067e-02,0.000000000000000000e+00,-9.100340578125000468e-02,0.000000000000000000e+00,-2.032745649714779723e-01,1.340093546900368526e+00,-1.004811822660776031e-02,-3.898772744390438527e-02,-3.342019287912564168e-02,0.000000000000000000e+00,-1.720991971217347358e-02,0.000000000000000000e+00,-0.000000000000000000e+00,-0.000000000000000000e+00,-5.877966927415684273e-02,-0.000000000000000000e+00,-3.820467182655849087e-02,-9.238787890937018299e-02,1.898586483160705565e-02,-0.000000000000000000e+00,-0.000000000000000000e+00,-0.000000000000000000e+00,0.000000000000000000e+00,0.000000000000000000e+00,-1.057373812357050163e-01,-4.625752595391473265e-02
-1.036226950310736444e-01,-2.728331253669497372e-02,-2.628894265814199840e-02,0.000000000000000000e+00,-0.000000000000000000e+00,7.250955209928509893e-02,0.000000000000000000e+00,2.370244145455754556e-02,-8.220202196978043663e-02,-0.000000000000000000e+00,1.246855138903169569e-01,-5.574450171753118216e-02,0.000000000000000000e+00,-0.000000000000000000e+00,0.000000000000000000e+00,-7.525739916005760866e-02,9.621869724359341514e-02,-3.490961972405468711e-02,-1.004811822660776031e-02,1.518707641579744694e+00,-1.622209652736038288e-02,-8.534580952868781045e-02,0.000000000000000000e+00,-3.484248590378799526e-02,3.633640763884095348e-02,-7.472032136115491774e-02,-2.182283522476925058e-02,-6.468295192489251222e-02,-4.869429462980783690e-02,-7.505161860953812880e-02,-0.000000000000000000e+00,0.000000000000000000e+00,-0.000000000000000000e+00,-9.016939523526548705e-02,-0.000000000000000000e+00,0.000000000000000000e+00,0.000000000000000000e+00,-8.473802669829551271e-02,-8.305930165410796429e-02
-5.491719573266093390e-02,-0.000000000000000000e+00,-1.131159176224931923e-01,0.000000000000000000e+00,-2.075218666016507077e-02,0.000000000000000000e+00,0.000000000000000000e+00,1.244308487271677532e-01,-0.000000000000000000e+00,-0.000000000000000000e+00,0.000000000000000000e+00,-0.000000000000000000e+00,0.000000000000000000e+00,-5.264559750104078929e-03,0.000000000000000000e+00,-2.252820398335888055e-02,0.000000000000000000e+00,-2.794123310348646874e-02,-3.898772744390438527e-02,-1.622209652736038288e-02,1.227677169187197714e+00,-2.144314253569888085e-01,0.000000000000000000e+00,-5.041318458797342666e-02,0.000000000000000000e+00,-2.530453313404320420e-02,-0.000000000000000000e+00,-7.189952896481305311e-02,-8.498342142055452780e-04,-0.000000000000000000e+00,-0.000000000000000000e+00,0.000000000000000000e+00,-0.000000000000000000e+00,-0.000000000000000000e+00,-0.000000000000000000e+00,0.000000000000000000e+00,0.000000000000000000e+00,-1.306836932791675086e-02,-0.000000000000000000e+00
-6.076364035770987632e-02,-4.610743350612075443e-03,-1.112103326295748318e-01,0.000000000000000000e+00,-5.595496780765941980e-02,0.000000000000000000e+00,0.000000000000000000e+00,1.180266829778813531e-01,-4.047133392902230870e-02,-1.254810428966358915e-02,4.411740631068160334e-02,-0.000000000000000000e+00,0.000000000000000000e+00,-5.680679674056193090e-02,0.000000000000000000e+00,-5.695745032242708478e-02,9.916172266583126241e-03,-6.367559383879527191e-02,-3.342019287912564168e-02,-8.534580952868781045e-02,-2.144314253569888085e-01,1.472062083235410324e+00,0.000000000000000000e+00,-7.788414458493017611e-02,0.000000000000000000e+00,-4.815498276305193309e-02,-7.431053166542090195e-04,-4.292618124850487021e-02,-6.738575635246294056e-03,-3.948012855182626846e-02,-1.299143716861687024e-02,0.000000000000000000e+00,-0.000000000000000000e+00,-8.185051934821190034e-02,-0.000000000000000000e+00,0.000000000000000000e+00,0.000000000000000000e+00,-6.195684503205320381e-02,-4.970365251769041232e-02
0.000000000000000000e+00,0.000000000000000000e+00,0.000000000000000000e+00,-0.000000000000000000e+00,0.000000000000000000e+00,-0.000000000000000000e+00,-0.000000000000000000e+00,-0.000000000000000000e+00,0.000000000000000000e+00,0.000000000000000000e+00,-0.000000000000000000e+00,0.000000000000000000e+00,-0.000000000000000000e+00,0.000000000000000000e+00,0.000000000000000000e+00,0.000000000000000000e+00,-0.000000000000000000e+00,0.000000000000000000e+00,0.000000000000000000e+00,0.000000000000000000e+00,0.000000000000000000e+00,0.000000000000000000e+00,1.094233766479302705e+00,0.000000000000000000e+00,-3.168070908284850717e-01,0.000000000000000000e+00,0.000000000000000000e+00,0.000000000000000000e+00,0.000000000000000000e+00,0.000000000000000000e+00,0.000000000000000000e+00,-0.000000000000000000e+00,-0.000000000000000000e+00,0.000000000000000000e+00,-0.000000000000000000e+00,-1.977641055608051618e-02,-0.000000000000000000e+00,0.000000000000000000e+00,0.000000000000000000e+00
-1.748243411216866133e-02,-0.000000000000000000e+00,-5.308870176359434950e-02,-0.000000000000000000e+00,-4.417134752921048763e-02,4.902524720419364213e-02,0.000000000000000000e+00,1.646516731560656102e-02,-4.247383811753908944e-02,-1.936095698646540450e-02,8.858100288507665676e-02,-1.058042354496344095e-02,0.000000000000000000e+00,-1.550130968238361551e-01,0.000000000000000000e+00,-6.253713328205649791e-02,7.920489159946847435e-02,-5.201228078817449890e-02,-1.720991971217347358e-02,-3.484248590378799526e-02,-5.041318458797342666e-02,-7.788414458493017611e-02,0.000000000000000000e+00,1.355481335776639762e+00,0.000000000000000000e+00,-4.539071232213083562e-02,-1.013297125263841643e-02,-0.000000000000000000e+00,-0.000000000000000000e+00,-5.034638333015266365e-02,-3.022880482397954840e-03,0.000000000000000000e+00,-0.000000000000000000e+00,-8.487238064893941336e-02,-0.000000000000000000e+00,0.000000000000000000e+00,0.000000000000000000e+00,-3.565873104131371540e-02,-5.496370387926963197e-02
0.000000000000000000e+00,2.376528917038748037e-02,0.000000000000000000e+00,-0.000000000000000000e+00,0.000000000000000000e+00,-1.345151800463810221e-01,-0.000000000000000000e+00,-0.000000000000000000e+00,1.234606931053853877e-02,0.000000000000000000e+00,-1.089757531457100498e-01,1.637388913994601847e-01,-0.000000000000000000e+00,0.000000000000000000e+00,0.000000000000000000e+00,0.000000000000000000e+00,-1.167215040184310521e-01,0.000000000000000000e+00,0.000000000000000000e+00,3.633640763884095348e-02,0.000000000000000000e+00,0.000000000000000000e+00,-3.168070908284850717e-01,0.000000000000000000e+00,1.300643731264880198e+00,0.000000000000000000e+00,1.291612984712341150e-02,0.000000000000000000e+00,0.000000000000000000e+00,1.382792697799119751e-02,0.000000000000000000e+00,-0.000000000000000000e+00,-0.000000000000000000e+00,0.000000000000000000e+00,0.000000000000000000e+00,-1.582157206431063778e-01,-0.000000000000000000e+00,0.000000000000000000e+00,3.938799610665114775e-02
-9.174952638648259384e-02,-1.012925510583145700e-01,-6.567604917501190798e-02,0.000000000000000000e+00,-3.505697106650258743e-02,3.919805117469615102e-02,0.000000000000000000e+00,6.921388527618514697e-02,-7.064167451996272717e-02,-0.000000000000000000e+00,8.140261414767652193e-02,-4.239802918100431250e-02,3.033150799900317940e-03,-0.000000000000000000e+00,0.000000000000000000e+00,-6.568070830330449694e-02,4.902427071418846705e-02,-5.752107642521790340e-03,-0.000000000000000000e+00,-7.472032136115491774e-02,-2.530453313404320420e-02,-4.815498276305193309e-02,0.000000000000000000e+00,-4.539071232213083562e-02,0.000000000000000000e+00,1.575869183279823948e+00,-1.436073591373935865e-01,-1.218246128233312492e-01,-1.500215779878586730e-01,-5.143039708103994828e-02,-4.611103222004584584e-02,0.000000000000000000e+00,-0.000000000000000000e+00,-7.856721919486098216e-02,-0.000000000000000000e+00,0.000000000000000000e+00,-0.000000000000000000e+00,-5.938666005059811681e-02,-5.137417339265536176e-02
-7.861239628722686834e-02,-2.170744627377514668e-01,-3.324577331932102031e-02,0.000000000000000000e+00,-1.362873738853457792e-02,3.094010875879113151e-02,0.000000000000000000e+00,4.724597339291762566e-02,-6.278059107614111789e-02,-5.255007729000918393e-02,2.256811878924386977e-02,-1.039802902967599668e-01,0.000000000000000000e+00,-0.000000000000000000e+00,0.000000000000000000e+00,-2.545178202921217700e-02,6.315787674519066086e-02,-0.000000000000000000e+00,-0.000000000000000000e+00,-2.182283522476925058e-02,-0.000000000000000000e+00,-7.431053166542090195e-04,0.000000000000000000e+00,-1.013297125263841643e-02,1.291612984712341150e-02,-1.436073591373935865e-01,1.449821924209973689e+00,-4.763760367475648044e-02,-5.955416181784584095e-02,-3.900517357276325064e-02,-6.870404087569681462e-02,0.000000000000000000e+00,-0.000000000000000000e+00,-5.994258016436253972e-02,-0.000000000000000000e+00,0.000000000000000000e+00,-0.000000000000000000e+00,-2.762232362105098565e-02,-7.569294354991266960e-02
-8.549305263845154157e-02,-3.911706810239720666e-02,-6.971547262824298596e-02,0.000000000000000000e+00,-5.081254581948911608e-02,2.854292278928689461e-02,0.000000000000000000e+00,6.354216307046735290e-02,-7.630641536559021332e-02,-1.464701229135167461e-02,5.092370820948873000e-02,-0.000000000000000000e+00,3.945198757027430086e-02,-0.000000000000000000e+00,0.000000000000000000e+00,-1.009322820621983141e-01,0.000000000000000000e+00,-8.220680120520351686e-02,-5.877966927415684273e-02,-6.468295192489251222e-02,-7.189952896481305311e-02,-4.292618124850487021e-02,0.000000000000000000e+00,-0.000000000000000000e+00,0.000000000000000000e+00,-1.218246128233312492e-01,-4.763760367475648044e-02,1.538646505241584084e+00,-1.072761950088464561e-01,-5.551386355754867746e-02,-1.306015464261759962e-01,0.000000000000000000e+00,-0.000000000000000000e+00,-6.859557499760578214e-02,-0.000000000000000000e+00,0.000000000000000000e+00,0.000000000000000000e+00,-7.714594852670511593e-02,-2.023475110558581661e-02
-6.168060270298333925e-02,-0.000000000000000000e+00,-0.000000000000000000e+00,0.000000000000000000e+00,-0.000000000000000000e+00,0.000000000000000000e+00,0.000000000000000000e+00,0.000000000000000000e+00,-9.942439998221327610e-03,-0.000000000000000000e+00,1.112948024582222951e-02,-0.000000000000000000e+00,0.000000000000000000e+00,-0.000000000000000000e+00,-0.000000000000000000e+00,-0.000000000000000000e+00,0.000000000000000000e+00,-0.000000000000000000e+00,-0.000000000000000000e+00,-4.869429462980783690e-02,-8.498342142055452780e-04,-6.738575635246294056e-03,0.000000000000000000e+00,-0.000000000000000000e+00,0.000000000000000000e+00,-1.500215779878586730e-01,-5.955416181784584095e-02,-1.072761950088464561e-01,1.111125544845526614e+00,-0.000000000000000000e+00,-0.000000000000000000e+00,0.000000000000000000e+00,-0.000000000000000000e+00,-4.512129460681344600e-02,-0.000000000000000000e+00,0.000000000000000000e+00,-0.000000000000000000e+00,-0.000000000000000000e+00,-0.000000000000000000e+00
-7.358655561225786734e-02,-4.089671656178146125e-02,-4.198162123758807096e-02,0.000000000000000000e+00,-4.888017696859795619e-02,4.612129420074069508e-02,0.000000000000000000e+00,3.405622162417797083e-02,-9.384324519810464948e-02,-1.075619182174903377e-01,6.133358622129929383e-02,-9.526912455495503695e-02,0.000000000000000000e+00,-5.746386573716424223e-02,0.000000000000000000e+00,-1.022313287158547745e-01,7.266586596260729558e-02,-7.498309268189953802e-02,-3.820467182655849087e-02,-7.505161860953812880e-02,-0.000000000000000000e+00,-3.948012855182626846e-02,0.000000000000000000e+00,-5.034638333015266365e-02,1.382792697799119751e-02,-5.143039708103994828e-02,-3.900517357276325064e-02,-5.551386355754867746e-02,-0.000000000000000000e+00,1.590826394740800787e+00,-1.742675379109714234e-02,0.000000000000000000e+00,-0.000000000000000000e+00,-7.741509886246206174e-02,-0.000000000000000000e+00,0.000000000000000000e+00,0.000000000000000000e+00,-8.775130004610327827e-02,-9.972635580295323432e-02
-3.078949053493821447e-02,-7.790474164872621121e-02,-5.031710411832299862e-02,0.000000000000000000e+00,-7.092548777890064771e-02,5.353812301019629689e-03,0.000000000000000000e+00,3.810140642463058502e-02,-5.367722069004236124e-02,-1.440458627383245371e-01,0.000000000000000000e+00,-0.000000000000000000e+00,0.000000000000000000e+00,-3.000185689752721263e-02,0.000000000000000000e+00,-8.254696813004720746e-02,0.000000000000000000e+00,-1.034513746083687291e-01,-9.238787890937018299e-02,-0.000000000000000000e+00,-0.000000000000000000e+00,-1.299143716861687024e-02,0.000000000000000000e+00,-3.022880482397954840e-03,0.000000000000000000e+00,-4.611103222004584584e-02,-6.870404087569681462e-02,-1.306015464261759962e-01,-0.000000000000000000e+00,-1.742675379109714234e-02,1.381846774164005698e+00,0.000000000000000000e+00,-0.000000000000000000e+00,-3.232940703138407340e-02,-0.000000000000000000e+00,0.000000000000000000e+00,-0.000000000000000000e+00,-4.631362092459923724e-02,-3.133056589749965565e-02
0.000000000000000000e+00,0.000000000000000000e+00,0.000000000000000000e+00,-0.000000000000000000e+00,0.000000000000000000e+00,-0.000000000000000000e+00,-0.000000000000000000e+00,-0.000000000000000000e+00,0.000000000000000000e+00,0.000000000000000000e+00,-1.742565871845114939e-02,0.000000000000000000e+00,-1.074044577402911427e-01,0.000000000000000000e+00,-0.000000000000000000e+00,0.000000000000000000e+00,-0.000000000000000000e+00,0.000000000000000000e+00,1.898586483160705565e-02,0.000000000000000000e+00,0.000000000000000000e+00,0.000000000000000000e+00,-0.000000000000000000e+00,0.000000000000000000e+00,-0.000000000000000000e+00,0.000000000000000000e+00,0.000000000000000000e+00,0.000000000000000000e+00,0.000000000000000000e+00,0.000000000000000000e+00,0.000000000000000000e+00,1.012767820133277041e+00,0.000000000000000000e+00,0.000000000000000000e+00,-0.000000000000000000e+00,-0.000000000000000000e+00,-7.594886452877877905e-03,0.000000000000000000e+00,0.000000000000000000e+00
-0.000000000000000000e+00,-0.000000000000000000e+00,-0.000000000000000000e+00,-0.000000000000000000e+00,-0.000000000000000000e+00,0.000000000000000000e+00,-0.000000000000000000e+00,0.000000000000000000e+00,-0.000000000000000000e+00,-0.000000000000000000e+00,0.000000000000000000e+00,-0.000000000000000000e+00,0.000000000000000000e+00,-0.000000000000000000e+00,1.916023052598926982e-02,-0.000000000000000000e+00,0.000000000000000000e+00,-0.000000000000000000e+00,-0.000000000000000000e+00,-0.000000000000000000e+00,-0.000000000000000000e+00,-0.000000000000000000e+00,-0.000000000000000000e+00,-0.000000000000000000e+00,-0.000000000000000000e+00,-0.000000000000000000e+00,-0.000000000000000000e+00,-0.000000000000000000e+00,-0.000000000000000000e+00,-0.000000000000000000e+00,-0.000000000000000000e+00,0.000000000000000000e+00,1.000366979759664154e+00,-0.000000000000000000e+00,-0.000000000000000000e+00,-0.000000000000000000e+00,-0.000000000000000000e+00,-0.000000000000000000e+00,-0.000000000000000000e+00
-6.530027616451507255e-02,-4.091612948871031774e-02,-6.533379984091983173e-02,0.000000000000000000e+00,-6.861647232795037299e-02,7.730032442030071449e-02,0.000000000000000000e+00,5.150047071505389762e-02,-8.799219133878513621e-02,-2.239721113837172747e-02,8.630214886962393750e-02,-9.813246713653431264e-02,0.000000000000000000e+00,-3.024922930695475576e-02,0.000000000000000000e+00,-6.538737946904080167e-02,7.280722813524367898e-02,-3.390794017891862744e-02,-0.000000000000000000e+00,-9.016939523526548705e-02,-0.000000000000000000e+00,-8.185051934821190034e-02,0.000000000000000000e+00,-8.487238064893941336e-02,0.000000000000000000e+00,-7.856721919486098216e-02,-5.994258016436253972e-02,-6.859557499760578214e-02,-4.512129460681344600e-02,-7.741509886246206174e-02,-3.232940703138407340e-02,0.000000000000000000e+00,-0.000000000000000000e+00,1.602936841853092931e+00,-0.000000000000000000e+00,0.000000000000000000e+00,0.000000000000000000e+00,-7.563074549885585862e-02,-7.747975665296163994e-02
-0.000000000000000000e+00,-0.000000000000000000e+00,-0.000000000000000000e+00,0.000000000000000000e+00,-0.000000000000000000e+00,0.000000000000000000e+00,0.000000000000000000e+00,0.000000000000000000e+00,-0.000000000000000000e+00,-0.000000000000000000e+00,0.000000000000000000e+00,-0.000000000000000000e+00,-0.000000000000000000e+00,-0.000000000000000000e+00,0.000000000000000000e+00,-0.000000000000000000e+00,0.000000000000000000e+00,-0.000000000000000000e+00,-0.000000000000000000e+00,-0.000000000000000000e+00,-0.000000000000000000e+00,-0.000000000000000000e+00,-0.000000000000000000e+00,-0.000000000000000000e+00,0.000000000000000000e+00,-0.000000000000000000e+00,-0.000000000000000000e+00,-0.000000000000000000e+00,-0.000000000000000000e+00,-0.000000000000000000e+00,-0.000000000000000000e+00,-0.000000000000000000e+00,-0.000000000000000000e+00,-0.000000000000000000e+00,1.012888606942078606e+00,-0.000000000000000000e+00,-1.142572673005355921e-01,-0.000000000000000000e+00,-0.000000000000000000e+00
0.000000000000000000e+00,0.000000000000000000e+00,0.000000000000000000e+00,-0.000000000000000000e+00,0.000000000000000000e+00,-1.068411684894055580e-01,-0.000000000000000000e+00,-0.000000000000000000e+00,0.000000000000000000e+00,0.000000000000000000e+00,-5.790474461721417491e-03,0.000000000000000000e+00,-0.000000000000000000e+00,0.000000000000000000e+00,-0.000000000000000000e+00,0.000000000000000000e+00,-2.379817379709853620e-03,0.000000000000000000e+00,0.000000000000000000e+00,0.000000000000000000e+00,0.000000000000000000e+00,0.000000000000000000e+00,-1.977641055608051618e-02,0.000000000000000000e+00,-1.582157206431063778e-01,0.000000000000000000e+00,0.000000000000000000e+00,0.000000000000000000e+00,0.000000000000000000e+00,0.000000000000000000e+00,0.000000000000000000e+00,-0.000000000000000000e+00,-0.000000000000000000e+00,0.000000000000000000e+00,-0.000000000000000000e+00,1.047961011414545451e+00,-0.000000000000000000e+00,0.000000000000000000e+00,0.000000000000000000e+00
0.000000000000000000e+00,-0.000000000000000000e+00,-0.000000000000000000e+00,0.000000000000000000e+00,-0.000000000000000000e+00,-0.000000000000000000e+00,-0.000000000000000000e+00,0.000000000000000000e+00,0.000000000000000000e+00,0.000000000000000000e+00,-0.000000000000000000e+00,0.000000000000000000e+00,-0.000000000000000000e+00,-0.000000000000000000e+00,0.000000000000000000e+00,0.000000000000000000e+00,-0.000000000000000000e+00,0.000000000000000000e+00,0.000000000000000000e+00,0.000000000000000000e+00,0.000000000000000000e+00,0.000000000000000000e+00,-0.000000000000000000e+00,0.000000000000000000e+00,-0.000000000000000000e+00,-0.000000000000000000e+00,-0.000000000000000000e+00,0.000000000000000000e+00,-0.000000000000000000e+00,0.000000000000000000e+00,-0.000000000000000000e+00,-7.594886452877877905e-03,-0.000000000000000000e+00,0.000000000000000000e+00,-1.142572673005355921e-01,-0.000000000000000000e+00,1.012946285915447220e+00,0.000000000000000000e+00,0.000000000000000000e+00
-9.131438750574862040e-02,-2.420155575280894325e-02,-5.567078593237891754e-02,0.000000000000000000e+00,-5.481782036550163217e-02,8.216018912857317447e-02,0.000000000000000000e+00,4.934223922591626094e-02,-8.534930828797408775e-02,-7.080835388896423999e-02,8.496795996792455563e-02,-3.312049652127279503e-02,0.000000000000000000e+00,-0.000000000000000000e+00,0.000000000000000000e+00,-8.999865794230800520e-02,7.578871909164902609e-02,-9.798442406830148999e-02,-1.057373812357050163e-01,-8.473802669829551271e-02,-1.306836932791675086e-02,-6.195684503205320381e-02,0.000000000000000000e+00,-3.565873104131371540e-02,0.000000000000000000e+00,-5.938666005059811681e-02,-2.762232362105098565e-02,-7.714594852670511593e-02,-0.000000000000000000e+00,-8.775130004610327827e-02,-4.631362092459923724e-02,0.000000000000000000e+00,-0.000000000000000000e+00,-7.563074549885585862e-02,-0.000000000000000000e+00,0.000000000000000000e+00,0.000000000000000000e+00,1.633942355022357074e+00,-9.274785347744536612e-02
-8.569032881504350108e-02,-6.509516893035011131e-02,-3.083440126090400066e-02,0.000000000000000000e+00,-2.413748130807046727e-02,8.888043318853744434e-02,0.000000000000000000e+00,2.287956610624637677e-02,-8.334757225265393421e-02,-9.625472112521746282e-02,8.371946027805977908e-02,-8.754570469113072406e-02,0.000000000000000000e+00,-0.000000000000000000e+00,0.000000000000000000e+00,-7.558271835219146362e-02,1.062774431503677314e-01,-6.013366498275809352e-02,-4.625752595391473265e-02,-8.305930165410796429e-02,-0.000000000000000000e+00,-4.970365251769041232e-02,0.000000000000000000e+00,-5.496370387926963197e-02,3.938799610665114775e-02,-5.137417339265536176e-02,-7.569294354991266960e-02,-2.023475110558581661e-02,-0.000000000000000000e+00,-9.972635580295323432e-02,-3.133056589749965565e-02,0.000000000000000000e+00,-0.000000000000000000e+00,-7.747975665296163994e-02,-0.000000000000000000e+00,0.000000000000000000e+00,0.000000000000000000e+00,-9.274785347744536612e-02,1.612583968024734693e+00
