2.086516407693978170e+00,-7.854564091820074312e-01,-0.000000000000000000e+00,-0.000000000000000000e+00,-1.358272629081627280e-03,-0.000000000000000000e+00,0.000000000000000000e+00,8.962924050386300578e-02,-5.670677059215146754e-01,-1.295015476424794254e-01,-0.000000000000000000e+00,-0.000000000000000000e+00,0.000000000000000000e+00,-0.000000000000000000e+00,-0.000000000000000000e+00,-1.316297055818861812e-02,0.000000000000000000e+00,-0.000000000000000000e+00,0.000000000000000000e+00,0.000000000000000000e+00,-0.000000000000000000e+00,0.000000000000000000e+00,0.000000000000000000e+00,0.000000000000000000e+00,-0.000000000000000000e+00,-8.621171505361220622e-02,-0.000000000000000000e+00,-0.000000000000000000e+00,-0.000000000000000000e+00,-2.692405905847205516e-01,-0.000000000000000000e+00,-0.000000000000000000e+00,-0.000000000000000000e+00,-2.982874911341585819e-02,0.000000000000000000e+00,-0.000000000000000000e+00,0.000000000000000000e+00,-0.000000000000000000e+00,-0.000000000000000000e+00
-7.854564091820074312e-01,2.268359067844027077e+00,-6.205132927187023001e-02,-1.824911755042591122e-01,-0.000000000000000000e+00,-2.315778156406452654e-02,-0.000000000000000000e+00,6.181934009461457699e-03,-4.461282653917939545e-01,-0.000000000000000000e+00,-6.380554815200560614e-02,-0.000000000000000000e+00,0.000000000000000000e+00,-3.155571478262541585e-01,0.000000000000000000e+00,-2.762622056693267991e-01,-0.000000000000000000e+00,-0.000000000000000000e+00,1.930955227803507757e-01,0.000000000000000000e+00,0.000000000000000000e+00,-0.000000000000000000e+00,-0.000000000000000000e+00,-0.000000000000000000e+00,-0.000000000000000000e+00,-5.157521773701347761e-02,-0.000000000000000000e+00,0.000000000000000000e+00,-0.000000000000000000e+00,-0.000000000000000000e+00,-1.436147979546426312e-01,-0.000000000000000000e+00,0.000000000000000000e+00,-0.000000000000000000e+00,0.000000000000000000e+00,-0.000000000000000000e+00,-0.000000000000000000e+00,0.000000000000000000e+00,-0.000000000000000000e+00
-0.000000000000000000e+00,-6.205132927187023001e-02,2.150113042185136436e+00,-0.000000000000000000e+00,-5.266691542576763529e-01,-0.000000000000000000e+00,0.000000000000000000e+00,8.684430234091589096e-01,-0.000000000000000000e+00,-3.140378506055893637e-01,-0.000000000000000000e+00,-0.000000000000000000e+00,0.000000000000000000e+00,-6.175362833484886876e-02,0.000000000000000000e+00,-0.000000000000000000e+00,0.000000000000000000e+00,-0.000000000000000000e+00,-0.000000000000000000e+00,-0.000000000000000000e+00,-0.000000000000000000e+00,-1.517582157602794246e-01,-0.000000000000000000e+00,-0.000000000000000000e+00,-1.060735757715325495e-01,-0.000000000000000000e+00,0.000000000000000000e+00,0.000000000000000000e+00,-0.000000000000000000e+00,-0.000000000000000000e+00,-0.000000000000000000e+00,-0.000000000000000000e+00,-3.330635923301365070e-02,-1.072283936609759181e-01,0.000000000000000000e+00,-0.000000000000000000e+00,-0.000000000000000000e+00,0.000000000000000000e+00,-4.233000252004800318e-02
-0.000000000000000000e+00,-1.824911755042591122e-01,-0.000000000000000000e+00,2.304319224427060941e+00,-0.000000000000000000e+00,-5.020820903355263098e-01,-0.000000000000000000e+00,0.000000000000000000e+00,-1.176283789649014838e-01,-0.000000000000000000e+00,-0.000000000000000000e+00,-0.000000000000000000e+00,1.509557156749477824e-01,-0.000000000000000000e+00,0.000000000000000000e+00,-0.000000000000000000e+00,0.000000000000000000e+00,-3.619497678909309180e-01,0.000000000000000000e+00,-3.123278474984107489e-01,2.189211902778578078e-01,-0.000000000000000000e+00,-0.000000000000000000e+00,-0.000000000000000000e+00,-2.787915122690669545e-01,0.000000000000000000e+00,0.000000000000000000e+00,2.970844985996000109e-01,0.000000000000000000e+00,-0.000000000000000000e+00,0.000000000000000000e+00,-0.000000000000000000e+00,8.128704377937698289e-02,0.000000000000000000e+00,0.000000000000000000e+00,-0.000000000000000000e+00,0.000000000000000000e+00,4.974677308361474815e-01,0.000000000000000000e+00
-1.358272629081627280e-03,-0.000000000000000000e+00,-5.266691542576763529e-01,-0.000000000000000000e+00,2.177421069957816702e+00,-0.000000000000000000e+00,0.000000000000000000e+00,0.000000000000000000e+00,-8.172926879189532090e-02,-0.000000000000000000e+00,0.000000000000000000e+00,-2.829080703208816105e-01,0.000000000000000000e+00,-9.425335157263525776e-02,-0.000000000000000000e+00,0.000000000000000000e+00,0.000000000000000000e+00,-0.000000000000000000e+00,-0.000000000000000000e+00,-0.000000000000000000e+00,-6.908712609678918648e-02,-0.000000000000000000e+00,-0.000000000000000000e+00,0.000000000000000000e+00,-0.000000000000000000e+00,-0.000000000000000000e+00,-0.000000000000000000e+00,-0.000000000000000000e+00,-0.000000000000000000e+00,-0.000000000000000000e+00,-0.000000000000000000e+00,0.000000000000000000e+00,-1.981352683889986144e-01,-8.074307027574668671e-01,0.000000000000000000e+00,-0.000000000000000000e+00,0.000000000000000000e+00,-0.000000000000000000e+00,-3.063208452845981311e-01
-0.000000000000000000e+00,-2.315778156406452654e-02,-0.000000000000000000e+00,-5.020820903355263098e-01,-0.000000000000000000e+00,2.234073542282956737e+00,-0.000000000000000000e+00,0.000000000000000000e+00,-0.000000000000000000e+00,-0.000000000000000000e+00,-7.559634031065928239e-01,-0.000000000000000000e+00,1.117010682907045721e-01,-0.000000000000000000e+00,1.778681249288040778e-01,-8.496824777254741168e-02,-0.000000000000000000e+00,-4.418991750917763278e-02,0.000000000000000000e+00,-0.000000000000000000e+00,0.000000000000000000e+00,-0.000000000000000000e+00,-5.307140313840256335e-02,-1.882392947354446788e-01,-2.172376429697208122e-01,0.000000000000000000e+00,0.000000000000000000e+00,5.659771272554259269e-02,-0.000000000000000000e+00,-0.000000000000000000e+00,-0.000000000000000000e+00,-1.754333402248208218e-01,0.000000000000000000e+00,0.000000000000000000e+00,-0.000000000000000000e+00,-0.000000000000000000e+00,-7.145889143034199475e-02,7.422360219732136721e-02,-0.000000000000000000e+00
0.000000000000000000e+00,-0.000000000000000000e+00,0.000000000000000000e+00,-0.000000000000000000e+00,0.000000000000000000e+00,-0.000000000000000000e+00,1.089862514668203497e+00,0.000000000000000000e+00,0.000000000000000000e+00,-0.000000000000000000e+00,-0.000000000000000000e+00,1.411862252975261134e-01,3.786195283337927958e-02,-0.000000000000000000e+00,1.634192131361804912e-01,-3.888405865524369176e-02,-0.000000000000000000e+00,-0.000000000000000000e+00,0.000000000000000000e+00,-7.223366659757214647e-02,0.000000000000000000e+00,-1.410744438963445202e-01,-0.000000000000000000e+00,-0.000000000000000000e+00,-0.000000000000000000e+00,5.893849849711583350e-02,0.000000000000000000e+00,0.000000000000000000e+00,-0.000000000000000000e+00,-0.000000000000000000e+00,-0.000000000000000000e+00,-0.000000000000000000e+00,0.000000000000000000e+00,0.000000000000000000e+00,-4.890781124997125445e-02,0.000000000000000000e+00,-0.000000000000000000e+00,0.000000000000000000e+00,0.000000000000000000e+00
8.962924050386300578e-02,6.181934009461457699e-03,8.684430234091589096e-01,0.000000000000000000e+00,0.000000000000000000e+00,0.000000000000000000e+00,0.000000000000000000e+00,1.641954514548625177e+00,1.304989071993491456e-01,0.000000000000000000e+00,0.000000000000000000e+00,0.000000000000000000e+00,-0.000000000000000000e+00,0.000000000000000000e+00,0.000000000000000000e+00,0.000000000000000000e+00,-0.000000000000000000e+00,1.256051671946905868e-01,0.000000000000000000e+00,0.000000000000000000e+00,0.000000000000000000e+00,0.000000000000000000e+00,0.000000000000000000e+00,-0.000000000000000000e+00,1.990799185257701928e-02,0.000000000000000000e+00,-0.000000000000000000e+00,-0.000000000000000000e+00,-0.000000000000000000e+00,0.000000000000000000e+00,0.000000000000000000e+00,0.000000000000000000e+00,0.000000000000000000e+00,0.000000000000000000e+00,-1.530847199570782753e-02,0.000000000000000000e+00,-0.000000000000000000e+00,-0.000000000000000000e+00,5.713430193865228629e-02
-5.670677059215146754e-01,-4.461282653917939545e-01,-0.000000000000000000e+00,-1.176283789649014838e-01,-8.172926879189532090e-02,-0.000000000000000000e+00,0.000000000000000000e+00,1.304989071993491456e-01,2.031941993276217495e+00,-2.377443151507701441e-02,-0.000000000000000000e+00,-1.423470701420016249e-01,0.000000000000000000e+00,-1.465019510269310599e-01,-0.000000000000000000e+00,-0.000000000000000000e+00,-0.000000000000000000e+00,-0.000000000000000000e+00,0.000000000000000000e+00,-0.000000000000000000e+00,0.000000000000000000e+00,-0.000000000000000000e+00,-0.000000000000000000e+00,-0.000000000000000000e+00,-2.881183291340861929e-01,-1.611993460833149594e-01,-0.000000000000000000e+00,-0.000000000000000000e+00,-0.000000000000000000e+00,-0.000000000000000000e+00,-0.000000000000000000e+00,-5.212671033774784329e-02,-0.000000000000000000e+00,-0.000000000000000000e+00,0.000000000000000000e+00,-0.000000000000000000e+00,-0.000000000000000000e+00,-0.000000000000000000e+00,-0.000000000000000000e+00
-1.295015476424794254e-01,-0.000000000000000000e+00,-3.140378506055893637e-01,-0.000000000000000000e+00,-0.000000000000000000e+00,-0.000000000000000000e+00,-0.000000000000000000e+00,0.000000000000000000e+00,-2.377443151507701441e-02,2.170236203205357928e+00,-0.000000000000000000e+00,-0.000000000000000000e+00,0.000000000000000000e+00,-0.000000000000000000e+00,-0.000000000000000000e+00,-4.937488418948311475e-01,-0.000000000000000000e+00,-1.320253553117270960e-02,-0.000000000000000000e+00,-0.000000000000000000e+00,-0.000000000000000000e+00,-1.878052323588083605e-01,-1.139773606506764951e-02,-0.000000000000000000e+00,-4.452051244125141971e-01,-0.000000000000000000e+00,-0.000000000000000000e+00,-0.000000000000000000e+00,-0.000000000000000000e+00,-3.040645638371280435e-01,-1.789045145818378424e-01,-0.000000000000000000e+00,-0.000000000000000000e+00,-0.000000000000000000e+00,-0.000000000000000000e+00,-4.482615051798537892e-02,-0.000000000000000000e+00,-0.000000000000000000e+00,-2.809085182241902179e-01
-0.000000000000000000e+00,-6.380554815200560614e-02,-0.000000000000000000e+00,-0.000000000000000000e+00,0.000000000000000000e+00,-7.559634031065928239e-01,-0.000000000000000000e+00,0.000000000000000000e+00,-0.000000000000000000e+00,-0.000000000000000000e+00,2.295896438591263689e+00,-0.000000000000000000e+00,0.000000000000000000e+00,-0.000000000000000000e+00,8.050046952287912005e-02,-0.000000000000000000e+00,-2.945236658831083543e-01,-0.000000000000000000e+00,0.000000000000000000e+00,-0.000000000000000000e+00,0.000000000000000000e+00,-0.000000000000000000e+00,-2.155680994868273692e-01,-0.000000000000000000e+00,-6.890186831733280393e-02,-0.000000000000000000e+00,-0.000000000000000000e+00,0.000000000000000000e+00,-0.000000000000000000e+00,-0.000000000000000000e+00,-0.000000000000000000e+00,-7.488907338215193832e-01,0.000000000000000000e+00,0.000000000000000000e+00,-0.000000000000000000e+00,-0.000000000000000000e+00,-1.394646245037616666e-02,0.000000000000000000e+00,-0.000000000000000000e+00
-0.000000000000000000e+00,-0.000000000000000000e+00,-0.000000000000000000e+00,-0.000000000000000000e+00,-2.829080703208816105e-01,-0.000000000000000000e+00,1.411862252975261134e-01,0.000000000000000000e+00,-1.423470701420016249e-01,-0.000000000000000000e+00,-0.000000000000000000e+00,1.473434488291056166e+00,0.000000000000000000e+00,-0.000000000000000000e+00,-1.263882918934960409e-01,0.000000000000000000e+00,0.000000000000000000e+00,-1.371172771898943876e-01,-0.000000000000000000e+00,-7.889953754322913404e-02,0.000000000000000000e+00,-0.000000000000000000e+00,-0.000000000000000000e+00,0.000000000000000000e+00,-0.000000000000000000e+00,-0.000000000000000000e+00,-0.000000000000000000e+00,0.000000000000000000e+00,0.000000000000000000e+00,-0.000000000000000000e+00,-0.000000000000000000e+00,-0.000000000000000000e+00,0.000000000000000000e+00,-0.000000000000000000e+00,1.536208030635577981e-01,-0.000000000000000000e+00,0.000000000000000000e+00,-0.000000000000000000e+00,-5.013823406088148138e-01
0.000000000000000000e+00,0.000000000000000000e+00,0.000000000000000000e+00,1.509557156749477824e-01,0.000000000000000000e+00,1.117010682907045721e-01,3.786195283337927958e-02,-0.000000000000000000e+00,0.000000000000000000e+00,0.000000000000000000e+00,0.000000000000000000e+00,0.000000000000000000e+00,1.204158605270952975e+00,0.000000000000000000e+00,-0.000000000000000000e+00,0.000000000000000000e+00,-0.000000000000000000e+00,1.421556075904842620e-01,-0.000000000000000000e+00,0.000000000000000000e+00,-2.062848441147318856e-01,0.000000000000000000e+00,-0.000000000000000000e+00,0.000000000000000000e+00,0.000000000000000000e+00,-0.000000000000000000e+00,-0.000000000000000000e+00,-0.000000000000000000e+00,0.000000000000000000e+00,0.000000000000000000e+00,0.000000000000000000e+00,0.000000000000000000e+00,-6.354658617596506409e-02,-0.000000000000000000e+00,0.000000000000000000e+00,0.000000000000000000e+00,-1.808978662854778263e-01,-0.000000000000000000e+00,-0.000000000000000000e+00
-0.000000000000000000e+00,-3.155571478262541585e-01,-6.175362833484886876e-02,-0.000000000000000000e+00,-9.425335157263525776e-02,-0.000000000000000000e+00,-0.000000000000000000e+00,0.000000000000000000e+00,-1.465019510269310599e-01,-0.000000000000000000e+00,-0.000000000000000000e+00,-0.000000000000000000e+00,0.000000000000000000e+00,1.945125764396487655e+00,0.000000000000000000e+00,-0.000000000000000000e+00,-0.000000000000000000e+00,0.000000000000000000e+00,0.000000000000000000e+00,-0.000000000000000000e+00,-0.000000000000000000e+00,-5.257466880040173596e-02,-2.393632250414158280e-01,-1.573444155565114078e-01,-7.621430915177555832e-02,-9.310830879464428167e-02,-0.000000000000000000e+00,-0.000000000000000000e+00,-2.929738274232698281e-01,-0.000000000000000000e+00,-3.694575317689922089e-01,-1.065026890438035972e-01,-1.150705847005153160e-01,-0.000000000000000000e+00,-0.000000000000000000e+00,-0.000000000000000000e+00,-0.000000000000000000e+00,-0.000000000000000000e+00,-0.000000000000000000e+00
-0.000000000000000000e+00,0.000000000000000000e+00,0.000000000000000000e+00,0.000000000000000000e+00,-0.000000000000000000e+00,1.778681249288040778e-01,1.634192131361804912e-01,0.000000000000000000e+00,-0.000000000000000000e+00,-0.000000000000000000e+00,8.050046952287912005e-02,-1.263882918934960409e-01,-0.000000000000000000e+00,0.000000000000000000e+00,1.709256736232664053e+00,0.000000000000000000e+00,0.000000000000000000e+00,-0.000000000000000000e+00,-5.478555025039393289e-01,-0.000000000000000000e+00,-0.000000000000000000e+00,0.000000000000000000e+00,0.000000000000000000e+00,5.592851424793267301e-02,-0.000000000000000000e+00,-0.000000000000000000e+00,0.000000000000000000e+00,-0.000000000000000000e+00,0.000000000000000000e+00,-0.000000000000000000e+00,-0.000000000000000000e+00,2.157148249753454705e-01,-0.000000000000000000e+00,-2.305749019187423587e-01,0.000000000000000000e+00,-0.000000000000000000e+00,0.000000000000000000e+00,-3.301690943934230682e-01,-1.515353013533800031e-01
-1.316297055818861812e-02,-2.762622056693267991e-01,-0.000000000000000000e+00,-0.000000000000000000e+00,0.000000000000000000e+00,-8.496824777254741168e-02,-3.888405865524369176e-02,0.000000000000000000e+00,-0.000000000000000000e+00,-4.937488418948311475e-01,-0.000000000000000000e+00,0.000000000000000000e+00,0.000000000000000000e+00,-0.000000000000000000e+00,0.000000000000000000e+00,1.873086104449296796e+00,-0.000000000000000000e+00,-1.207796212215399984e-01,0.000000000000000000e+00,0.000000000000000000e+00,0.000000000000000000e+00,-0.000000000000000000e+00,-1.115576084522853506e-01,-1.678104449924920916e-01,-2.872083763512217613e-01,-0.000000000000000000e+00,-0.000000000000000000e+00,0.000000000000000000e+00,-0.000000000000000000e+00,-2.494586601578867996e-02,-0.000000000000000000e+00,-2.170692015516628715e-01,0.000000000000000000e+00,0.000000000000000000e+00,-0.000000000000000000e+00,-0.000000000000000000e+00,-0.000000000000000000e+00,0.000000000000000000e+00,-0.000000000000000000e+00
0.000000000000000000e+00,-0.000000000000000000e+00,0.000000000000000000e+00,0.000000000000000000e+00,0.000000000000000000e+00,-0.000000000000000000e+00,-0.000000000000000000e+00,-0.000000000000000000e+00,-0.000000000000000000e+00,-0.000000000000000000e+00,-2.945236658831083543e-01,0.000000000000000000e+00,-0.000000000000000000e+00,-0.000000000000000000e+00,0.000000000000000000e+00,-0.000000000000000000e+00,1.921772456210110391e+00,0.000000000000000000e+00,0.000000000000000000e+00,0.000000000000000000e+00,-0.000000000000000000e+00,-1.268237962278254694e-01,-1.867006521183784684e-01,-0.000000000000000000e+00,-0.000000000000000000e+00,-6.354869829942157156e-02,-7.212863314566529682e-02,-0.000000000000000000e+00,-4.397485699335978993e-01,-0.000000000000000000e+00,-8.579102231675171664e-02,-1.326776309054415459e-01,-6.537353600452576637e-03,0.000000000000000000e+00,-3.190888192704009474e-01,-0.000000000000000000e+00,-1.794619392042546280e-01,-0.000000000000000000e+00,0.000000000000000000e+00
-0.000000000000000000e+00,-0.000000000000000000e+00,-0.000000000000000000e+00,-3.619497678909309180e-01,-0.000000000000000000e+00,-4.418991750917763278e-02,-0.000000000000000000e+00,1.256051671946905868e-01,-0.000000000000000000e+00,-1.320253553117270960e-02,-0.000000000000000000e+00,-1.371172771898943876e-01,1.421556075904842620e-01,0.000000000000000000e+00,-0.000000000000000000e+00,-1.207796212215399984e-01,0.000000000000000000e+00,1.773649215102557797e+00,-2.456419935613503025e-01,-3.274864462454884356e-02,0.000000000000000000e+00,-0.000000000000000000e+00,-0.000000000000000000e+00,-0.000000000000000000e+00,-3.115415336093864673e-01,0.000000000000000000e+00,0.000000000000000000e+00,5.154574188183054240e-01,0.000000000000000000e+00,-0.000000000000000000e+00,-0.000000000000000000e+00,-0.000000000000000000e+00,1.286993693309959885e-01,0.000000000000000000e+00,0.000000000000000000e+00,-0.000000000000000000e+00,0.000000000000000000e+00,0.000000000000000000e+00,-3.674872432797061245e-03
0.000000000000000000e+00,1.930955227803507757e-01,-0.000000000000000000e+00,0.000000000000000000e+00,-0.000000000000000000e+00,0.000000000000000000e+00,0.000000000000000000e+00,0.000000000000000000e+00,0.000000000000000000e+00,-0.000000000000000000e+00,0.000000000000000000e+00,-0.000000000000000000e+00,-0.000000000000000000e+00,0.000000000000000000e+00,-5.478555025039393289e-01,0.000000000000000000e+00,0.000000000000000000e+00,-2.456419935613503025e-01,1.498236072086867043e+00,-0.000000000000000000e+00,-0.000000000000000000e+00,-0.000000000000000000e+00,-0.000000000000000000e+00,0.000000000000000000e+00,-0.000000000000000000e+00,0.000000000000000000e+00,1.720822036501365102e-02,0.000000000000000000e+00,0.000000000000000000e+00,0.000000000000000000e+00,-0.000000000000000000e+00,9.410464701551958522e-02,-0.000000000000000000e+00,-0.000000000000000000e+00,0.000000000000000000e+00,0.000000000000000000e+00,0.000000000000000000e+00,-0.000000000000000000e+00,-4.232758616134856822e-01
0.000000000000000000e+00,0.000000000000000000e+00,-0.000000000000000000e+00,-3.123278474984107489e-01,-0.000000000000000000e+00,-0.000000000000000000e+00,-7.223366659757214647e-02,0.000000000000000000e+00,-0.000000000000000000e+00,-0.000000000000000000e+00,-0.000000000000000000e+00,-7.889953754322913404e-02,0.000000000000000000e+00,-0.000000000000000000e+00,-0.000000000000000000e+00,0.000000000000000000e+00,0.000000000000000000e+00,-3.274864462454884356e-02,-0.000000000000000000e+00,1.124778261053333228e+00,0.000000000000000000e+00,-0.000000000000000000e+00,-0.000000000000000000e+00,-0.000000000000000000e+00,-3.608004253682276299e-03,0.000000000000000000e+00,2.084010050027703884e-02,0.000000000000000000e+00,0.000000000000000000e+00,-0.000000000000000000e+00,0.000000000000000000e+00,-0.000000000000000000e+00,4.772756661270866063e-02,-0.000000000000000000e+00,1.713785039123016940e-02,-0.000000000000000000e+00,0.000000000000000000e+00,0.000000000000000000e+00,-0.000000000000000000e+00
-0.000000000000000000e+00,0.000000000000000000e+00,-0.000000000000000000e+00,2.189211902778578078e-01,-6.908712609678918648e-02,0.000000000000000000e+00,0.000000000000000000e+00,0.000000000000000000e+00,0.000000000000000000e+00,-0.000000000000000000e+00,0.000000000000000000e+00,0.000000000000000000e+00,-2.062848441147318856e-01,-0.000000000000000000e+00,-0.000000000000000000e+00,0.000000000000000000e+00,-0.000000000000000000e+00,0.000000000000000000e+00,-0.000000000000000000e+00,0.000000000000000000e+00,2.276152842084697703e+00,-3.601583825701900471e-02,-0.000000000000000000e+00,-0.000000000000000000e+00,0.000000000000000000e+00,-0.000000000000000000e+00,-0.000000000000000000e+00,-3.304175554130776016e-01,-0.000000000000000000e+00,-0.000000000000000000e+00,-0.000000000000000000e+00,-0.000000000000000000e+00,-1.280486528963003412e+00,-0.000000000000000000e+00,-0.000000000000000000e+00,0.000000000000000000e+00,-0.000000000000000000e+00,-0.000000000000000000e+00,-0.000000000000000000e+00
0.000000000000000000e+00,-0.000000000000000000e+00,-1.517582157602794246e-01,-0.000000000000000000e+00,-0.000000000000000000e+00,-0.000000000000000000e+00,-1.410744438963445202e-01,0.000000000000000000e+00,-0.000000000000000000e+00,-1.878052323588083605e-01,-0.000000000000000000e+00,-0.000000000000000000e+00,0.000000000000000000e+00,-5.257466880040173596e-02,0.000000000000000000e+00,-0.000000000000000000e+00,-1.268237962278254694e-01,-0.000000000000000000e+00,-0.000000000000000000e+00,-0.000000000000000000e+00,-3.601583825701900471e-02,1.512649386153727793e+00,-1.211638718340905391e-01,-0.000000000000000000e+00,-0.000000000000000000e+00,-0.000000000000000000e+00,-0.000000000000000000e+00,-0.000000000000000000e+00,-1.194064913037475861e-01,-2.396820629030939620e-01,-8.608260524191098384e-02,-0.000000000000000000e+00,-1.652597414787036756e-01,-0.000000000000000000e+00,-8.286410976849697962e-02,-0.000000000000000000e+00,-0.000000000000000000e+00,0.000000000000000000e+00,-0.000000000000000000e+00
0.000000000000000000e+00,-0.000000000000000000e+00,-0.000000000000000000e+00,-0.000000000000000000e+00,-0.000000000000000000e+00,-5.307140313840256335e-02,-0.000000000000000000e+00,0.000000000000000000e+00,-0.000000000000000000e+00,-1.139773606506764951e-02,-2.155680994868273692e-01,-0.000000000000000000e+00,-0.000000000000000000e+00,-2.393632250414158280e-01,0.000000000000000000e+00,-1.115576084522853506e-01,-1.867006521183784684e-01,-0.000000000000000000e+00,-0.000000000000000000e+00,-0.000000000000000000e+00,-0.000000000000000000e+00,-1.211638718340905391e-01,2.022492222515642091e+00,-1.947893931431246839e-01,-3.254463614143778272e-01,-0.000000000000000000e+00,-0.000000000000000000e+00,0.000000000000000000e+00,-0.000000000000000000e+00,-4.183303692724790745e-02,-4.005885426269498867e-02,-4.477922419143311877e-02,-0.000000000000000000e+00,0.000000000000000000e+00,-0.000000000000000000e+00,-0.000000000000000000e+00,-4.165745610566418122e-01,-0.000000000000000000e+00,-1.308513261257848448e-01
0.000000000000000000e+00,-0.000000000000000000e+00,-0.000000000000000000e+00,-0.000000000000000000e+00,0.000000000000000000e+00,-1.882392947354446788e-01,-0.000000000000000000e+00,-0.000000000000000000e+00,-0.000000000000000000e+00,-0.000000000000000000e+00,-0.000000000000000000e+00,0.000000000000000000e+00,0.000000000000000000e+00,-1.573444155565114078e-01,5.592851424793267301e-02,-1.678104449924920916e-01,-0.000000000000000000e+00,-0.000000000000000000e+00,0.000000000000000000e+00,-0.000000000000000000e+00,-0.000000000000000000e+00,-0.000000000000000000e+00,-1.947893931431246839e-01,1.846639470538270489e+00,-3.918251518788931631e-02,-0.000000000000000000e+00,0.000000000000000000e+00,0.000000000000000000e+00,-0.000000000000000000e+00,-0.000000000000000000e+00,-0.000000000000000000e+00,-1.092138222149417609e-01,0.000000000000000000e+00,0.000000000000000000e+00,-3.473430073986475963e-01,-0.000000000000000000e+00,-5.042346461160832627e-01,6.406685804064356400e-04,0.000000000000000000e+00
-0.000000000000000000e+00,-0.000000000000000000e+00,-1.060735757715325495e-01,-2.787915122690669545e-01,-0.000000000000000000e+00,-2.172376429697208122e-01,-0.000000000000000000e+00,1.990799185257701928e-02,-2.881183291340861929e-01,-4.452051244125141971e-01,-6.890186831733280393e-02,-0.000000000000000000e+00,0.000000000000000000e+00,-7.621430915177555832e-02,-0.000000000000000000e+00,-2.872083763512217613e-01,-0.000000000000000000e+00,-3.115415336093864673e-01,-0.000000000000000000e+00,-3.608004253682276299e-03,0.000000000000000000e+00,-0.000000000000000000e+00,-3.254463614143778272e-01,-3.918251518788931631e-02,2.313039377900159010e+00,-0.000000000000000000e+00,-0.000000000000000000e+00,0.000000000000000000e+00,-0.000000000000000000e+00,-2.390251931103524186e-01,-0.000000000000000000e+00,-0.000000000000000000e+00,0.000000000000000000e+00,-0.000000000000000000e+00,-0.000000000000000000e+00,-2.145728223219601702e-02,-0.000000000000000000e+00,0.000000000000000000e+00,-0.000000000000000000e+00
-8.621171505361220622e-02,-5.157521773701347761e-02,-0.000000000000000000e+00,0.000000000000000000e+00,-0.000000000000000000e+00,0.000000000000000000e+00,5.893849849711583350e-02,0.000000000000000000e+00,-1.611993460833149594e-01,-0.000000000000000000e+00,-0.000000000000000000e+00,-0.000000000000000000e+00,-0.000000000000000000e+00,-9.310830879464428167e-02,-0.000000000000000000e+00,-0.000000000000000000e+00,-6.354869829942157156e-02,0.000000000000000000e+00,0.000000000000000000e+00,0.000000000000000000e+00,-0.000000000000000000e+00,-0.000000000000000000e+00,-0.000000000000000000e+00,-0.000000000000000000e+00,-0.000000000000000000e+00,1.546426485856635447e+00,-5.298370039551297817e-01,-3.037390674216648434e-01,-1.612019491799296655e-01,-0.000000000000000000e+00,-0.000000000000000000e+00,-0.000000000000000000e+00,-0.000000000000000000e+00,-1.694043109952644843e-02,-0.000000000000000000e+00,-0.000000000000000000e+00,-0.000000000000000000e+00,-0.000000000000000000e+00,0.000000000000000000e+00
-0.000000000000000000e+00,-0.000000000000000000e+00,0.000000000000000000e+00,0.000000000000000000e+00,-0.000000000000000000e+00,0.000000000000000000e+00,0.000000000000000000e+00,-0.000000000000000000e+00,-0.000000000000000000e+00,-0.000000000000000000e+00,-0.000000000000000000e+00,-0.000000000000000000e+00,-0.000000000000000000e+00,-0.000000000000000000e+00,0.000000000000000000e+00,-0.000000000000000000e+00,-7.212863314566529682e-02,0.000000000000000000e+00,1.720822036501365102e-02,2.084010050027703884e-02,-0.000000000000000000e+00,-0.000000000000000000e+00,-0.000000000000000000e+00,0.000000000000000000e+00,-0.000000000000000000e+00,-5.298370039551297817e-01,1.432142584855033984e+00,-0.000000000000000000e+00,-0.000000000000000000e+00,-2.222415205587618611e-02,-1.695252135371609903e-01,-2.519050324547401631e-01,-0.000000000000000000e+00,-0.000000000000000000e+00,-0.000000000000000000e+00,-0.000000000000000000e+00,-0.000000000000000000e+00,-8.173196406705016126e-02,-0.000000000000000000e+00
-0.000000000000000000e+00,0.000000000000000000e+00,0.000000000000000000e+00,2.970844985996000109e-01,-0.000000000000000000e+00,5.659771272554259269e-02,0.000000000000000000e+00,-0.000000000000000000e+00,-0.000000000000000000e+00,-0.000000000000000000e+00,0.000000000000000000e+00,0.000000000000000000e+00,-0.000000000000000000e+00,-0.000000000000000000e+00,-0.000000000000000000e+00,0.000000000000000000e+00,-0.000000000000000000e+00,5.154574188183054240e-01,0.000000000000000000e+00,0.000000000000000000e+00,-3.304175554130776016e-01,-0.000000000000000000e+00,0.000000000000000000e+00,0.000000000000000000e+00,0.000000000000000000e+00,-3.037390674216648434e-01,-0.000000000000000000e+00,2.187758448739198780e+00,-7.275075858756213654e-02,-0.000000000000000000e+00,-1.441900965472837741e-02,0.000000000000000000e+00,-3.917087786224591195e-01,-0.000000000000000000e+00,-2.183706926318615682e-01,0.000000000000000000e+00,-0.000000000000000000e+00,-4.665035466982410672e-01,0.000000000000000000e+00
-0.000000000000000000e+00,-0.000000000000000000e+00,-0.000000000000000000e+00,0.000000000000000000e+00,-0.000000000000000000e+00,-0.000000000000000000e+00,-0.000000000000000000e+00,-0.000000000000000000e+00,-0.000000000000000000e+00,-0.000000000000000000e+00,-0.000000000000000000e+00,0.000000000000000000e+00,0.000000000000000000e+00,-2.929738274232698281e-01,0.000000000000000000e+00,-0.000000000000000000e+00,-4.397485699335978993e-01,0.000000000000000000e+00,0.000000000000000000e+00,0.000000000000000000e+00,-0.000000000000000000e+00,-1.194064913037475861e-01,-0.000000000000000000e+00,-0.000000000000000000e+00,-0.000000000000000000e+00,-1.612019491799296655e-01,-0.000000000000000000e+00,-7.275075858756213654e-02,2.073635890981615049e+00,-4.683265379758526359e-02,-3.810585439269183888e-02,-1.862066269672461027e-01,-2.716927244648700140e-02,0.000000000000000000e+00,-6.902794927879096765e-01,-0.000000000000000000e+00,-6.165152927280886236e-02,-0.000000000000000000e+00,0.000000000000000000e+00
-2.692405905847205516e-01,-0.000000000000000000e+00,-0.000000000000000000e+00,-0.000000000000000000e+00,-0.000000000000000000e+00,-0.000000000000000000e+00,-0.000000000000000000e+00,0.000000000000000000e+00,-0.000000000000000000e+00,-3.040645638371280435e-01,-0.000000000000000000e+00,-0.000000000000000000e+00,0.000000000000000000e+00,-0.000000000000000000e+00,-0.000000000000000000e+00,-2.494586601578867996e-02,-0.000000000000000000e+00,-0.000000000000000000e+00,0.000000000000000000e+00,-0.000000000000000000e+00,-0.000000000000000000e+00,-2.396820629030939620e-01,-4.183303692724790745e-02,-0.000000000000000000e+00,-2.390251931103524186e-01,-0.000000000000000000e+00,-2.222415205587618611e-02,-0.000000000000000000e+00,-4.683265379758526359e-02,1.586084632596182598e+00,-1.637937460679315116e-01,-0.000000000000000000e+00,-0.000000000000000000e+00,-0.000000000000000000e+00,-0.000000000000000000e+00,-0.000000000000000000e+00,-0.000000000000000000e+00,-9.763139694823642911e-02,-0.000000000000000000e+00
-0.000000000000000000e+00,-1.436147979546426312e-01,-0.000000000000000000e+00,0.000000000000000000e+00,-0.000000000000000000e+00,-0.000000000000000000e+00,-0.000000000000000000e+00,0.000000000000000000e+00,-0.000000000000000000e+00,-1.789045145818378424e-01,-0.000000000000000000e+00,-0.000000000000000000e+00,0.000000000000000000e+00,-3.694575317689922089e-01,-0.000000000000000000e+00,-0.000000000000000000e+00,-8.579102231675171664e-02,-0.000000000000000000e+00,-0.000000000000000000e+00,0.000000000000000000e+00,-0.000000000000000000e+00,-8.608260524191098384e-02,-4.005885426269498867e-02,-0.000000000000000000e+00,-0.000000000000000000e+00,-0.000000000000000000e+00,-1.695252135371609903e-01,-1.441900965472837741e-02,-3.810585439269183888e-02,-1.637937460679315116e-01,1.642892429402797783e+00,-0.000000000000000000e+00,-3.134836824839287717e-02,-1.164450719774952486e-01,-2.730365826767386372e-02,-0.000000000000000000e+00,-0.000000000000000000e+00,-6.707885069731120420e-02,-1.670995158478867926e-01
-0.000000000000000000e+00,-0.000000000000000000e+00,-0.000000000000000000e+00,-0.000000000000000000e+00,0.000000000000000000e+00,-1.754333402248208218e-01,-0.000000000000000000e+00,0.000000000000000000e+00,-5.212671033774784329e-02,-0.000000000000000000e+00,-7.488907338215193832e-01,-0.000000000000000000e+00,0.000000000000000000e+00,-1.065026890438035972e-01,2.157148249753454705e-01,-2.170692015516628715e-01,-1.326776309054415459e-01,-0.000000000000000000e+00,9.410464701551958522e-02,-0.000000000000000000e+00,-0.000000000000000000e+00,-0.000000000000000000e+00,-4.477922419143311877e-02,-1.092138222149417609e-01,-0.000000000000000000e+00,-0.000000000000000000e+00,-2.519050324547401631e-01,0.000000000000000000e+00,-1.862066269672461027e-01,-0.000000000000000000e+00,-0.000000000000000000e+00,2.494807524643921415e+00,-0.000000000000000000e+00,0.000000000000000000e+00,-0.000000000000000000e+00,-0.000000000000000000e+00,-5.821137804603462307e-01,0.000000000000000000e+00,0.000000000000000000e+00
-0.000000000000000000e+00,0.000000000000000000e+00,-3.330635923301365070e-02,8.128704377937698289e-02,-1.981352683889986144e-01,0.000000000000000000e+00,0.000000000000000000e+00,0.000000000000000000e+00,-0.000000000000000000e+00,-0.000000000000000000e+00,0.000000000000000000e+00,0.000000000000000000e+00,-6.354658617596506409e-02,-1.150705847005153160e-01,-0.000000000000000000e+00,0.000000000000000000e+00,-6.537353600452576637e-03,1.286993693309959885e-01,-0.000000000000000000e+00,4.772756661270866063e-02,-1.280486528963003412e+00,-1.652597414787036756e-01,-0.000000000000000000e+00,0.000000000000000000e+00,0.000000000000000000e+00,-0.000000000000000000e+00,-0.000000000000000000e+00,-3.917087786224591195e-01,-2.716927244648700140e-02,-0.000000000000000000e+00,-3.134836824839287717e-02,-0.000000000000000000e+00,2.588067362624290269e+00,-3.787270776951651707e-01,-0.000000000000000000e+00,0.000000000000000000e+00,-0.000000000000000000e+00,-6.129781140268826534e-02,-0.000000000000000000e+00
-2.982874911341585819e-02,-0.000000000000000000e+00,-1.072283936609759181e-01,0.000000000000000000e+00,-8.074307027574668671e-01,0.000000000000000000e+00,0.000000000000000000e+00,0.000000000000000000e+00,-0.000000000000000000e+00,-0.000000000000000000e+00,0.000000000000000000e+00,-0.000000000000000000e+00,-0.000000000000000000e+00,-0.000000000000000000e+00,-2.305749019187423587e-01,0.000000000000000000e+00,0.000000000000000000e+00,0.000000000000000000e+00,-0.000000000000000000e+00,-0.000000000000000000e+00,-0.000000000000000000e+00,-0.000000000000000000e+00,0.000000000000000000e+00,0.000000000000000000e+00,-0.000000000000000000e+00,-1.694043109952644843e-02,-0.000000000000000000e+00,-0.000000000000000000e+00,0.000000000000000000e+00,-0.000000000000000000e+00,-1.164450719774952486e-01,0.000000000000000000e+00,-3.787270776951651707e-01,1.809247396758885351e+00,0.000000000000000000e+00,-0.000000000000000000e+00,0.000000000000000000e+00,-0.000000000000000000e+00,-0.000000000000000000e+00
0.000000000000000000e+00,0.000000000000000000e+00,0.000000000000000000e+00,0.000000000000000000e+00,0.000000000000000000e+00,-0.000000000000000000e+00,-4.890781124997125445e-02,-1.530847199570782753e-02,0.000000000000000000e+00,-0.000000000000000000e+00,-0.000000000000000000e+00,1.536208030635577981e-01,0.000000000000000000e+00,-0.000000000000000000e+00,0.000000000000000000e+00,-0.000000000000000000e+00,-3.190888192704009474e-01,0.000000000000000000e+00,0.000000000000000000e+00,1.713785039123016940e-02,-0.000000000000000000e+00,-8.286410976849697962e-02,-0.000000000000000000e+00,-3.473430073986475963e-01,-0.000000000000000000e+00,-0.000000000000000000e+00,-0.000000000000000000e+00,-2.183706926318615682e-01,-6.902794927879096765e-01,-0.000000000000000000e+00,-2.730365826767386372e-02,-0.000000000000000000e+00,-0.000000000000000000e+00,0.000000000000000000e+00,1.892562063873417522e+00,-0.000000000000000000e+00,-1.260909113317521257e-01,-0.000000000000000000e+00,0.000000000000000000e+00
-0.000000000000000000e+00,-0.000000000000000000e+00,-0.000000000000000000e+00,-0.000000000000000000e+00,-0.000000000000000000e+00,-0.000000000000000000e+00,0.000000000000000000e+00,0.000000000000000000e+00,-0.000000000000000000e+00,-4.482615051798537892e-02,-0.000000000000000000e+00,-0.000000000000000000e+00,0.000000000000000000e+00,-0.000000000000000000e+00,-0.000000000000000000e+00,-0.000000000000000000e+00,-0.000000000000000000e+00,-0.000000000000000000e+00,0.000000000000000000e+00,-0.000000000000000000e+00,0.000000000000000000e+00,-0.000000000000000000e+00,-0.000000000000000000e+00,-0.000000000000000000e+00,-2.145728223219601702e-02,-0.000000000000000000e+00,-0.000000000000000000e+00,0.000000000000000000e+00,-0.000000000000000000e+00,-0.000000000000000000e+00,-0.000000000000000000e+00,-0.000000000000000000e+00,0.000000000000000000e+00,-0.000000000000000000e+00,-0.000000000000000000e+00,1.003601355404527551e+00,-0.000000000000000000e+00,-0.000000000000000000e+00,-8.913436210353984073e-04
0.000000000000000000e+00,-0.000000000000000000e+00,-0.000000000000000000e+00,0.000000000000000000e+00,0.000000000000000000e+00,-7.145889143034199475e-02,-0.000000000000000000e+00,-0.000000000000000000e+00,-0.000000000000000000e+00,-0.000000000000000000e+00,-1.394646245037616666e-02,0.000000000000000000e+00,-1.808978662854778263e-01,-0.000000000000000000e+00,0.000000000000000000e+00,-0.000000000000000000e+00,-1.794619392042546280e-01,0.000000000000000000e+00,0.000000000000000000e+00,0.000000000000000000e+00,-0.000000000000000000e+00,-0.000000000000000000e+00,-4.165745610566418122e-01,-5.042346461160832627e-01,-0.000000000000000000e+00,-0.000000000000000000e+00,-0.000000000000000000e+00,-0.000000000000000000e+00,-6.165152927280886236e-02,-0.000000000000000000e+00,-0.000000000000000000e+00,-5.821137804603462307e-01,-0.000000000000000000e+00,0.000000000000000000e+00,-1.260909113317521257e-01,-0.000000000000000000e+00,2.096641285873563465e+00,0.000000000000000000e+00,0.000000000000000000e+00
-0.000000000000000000e+00,0.000000000000000000e+00,0.000000000000000000e+00,4.974677308361474815e-01,-0.000000000000000000e+00,7.422360219732136721e-02,0.000000000000000000e+00,-0.000000000000000000e+00,-0.000000000000000000e+00,-0.000000000000000000e+00,0.000000000000000000e+00,-0.000000000000000000e+00,-0.000000000000000000e+00,-0.000000000000000000e+00,-3.301690943934230682e-01,0.000000000000000000e+00,-0.000000000000000000e+00,0.000000000000000000e+00,-0.000000000000000000e+00,0.000000000000000000e+00,-0.000000000000000000e+00,0.000000000000000000e+00,-0.000000000000000000e+00,6.406685804064356400e-04,0.000000000000000000e+00,-0.000000000000000000e+00,-8.173196406705016126e-02,-4.665035466982410672e-01,-0.000000000000000000e+00,-9.763139694823642911e-02,-6.707885069731120420e-02,0.000000000000000000e+00,-6.129781140268826534e-02,-0.000000000000000000e+00,-0.000000000000000000e+00,-0.000000000000000000e+00,0.000000000000000000e+00,1.721606388784529207e+00,-1.913252114541887650e-01
-0.000000000000000000e+00,-0.000000000000000000e+00,-4.233000252004800318e-02,0.000000000000000000e+00,-3.063208452845981311e-01,-0.000000000000000000e+00,0.000000000000000000e+00,5.713430193865228629e-02,-0.000000000000000000e+00,-2.809085182241902179e-01,-0.000000000000000000e+00,-5.013823406088148138e-01,-0.000000000000000000e+00,-0.000000000000000000e+00,-1.515353013533800031e-01,-0.000000000000000000e+00,0.000000000000000000e+00,-3.674872432797061245e-03,-4.232758616134856822e-01,-0.000000000000000000e+00,-0.000000000000000000e+00,-0.000000000000000000e+00,-1.308513261257848448e-01,0.000000000000000000e+00,-0.000000000000000000e+00,0.000000000000000000e+00,-0.000000000000000000e+00,0.000000000000000000e+00,0.000000000000000000e+00,-0.000000000000000000e+00,-1.670995158478867926e-01,0.000000000000000000e+00,-0.000000000000000000e+00,-0.000000000000000000e+00,0.000000000000000000e+00,-8.913436210353984073e-04,0.000000000000000000e+00,-1.913252114541887650e-01,1.869697075566502553e+00
