1.972998536804770664e+00,-3.155083223907972911e-01,-0.000000000000000000e+00,0.000000000000000000e+00,-0.000000000000000000e+00,0.000000000000000000e+00,-0.000000000000000000e+00,0.000000000000000000e+00,-3.685278250975644598e-02,-7.056667643839595327e-02,0.000000000000000000e+00,-0.000000000000000000e+00,-0.000000000000000000e+00,-0.000000000000000000e+00,0.000000000000000000e+00,-5.112439897903154895e-01,0.000000000000000000e+00,-0.000000000000000000e+00,-0.000000000000000000e+00,0.000000000000000000e+00,-0.000000000000000000e+00,-0.000000000000000000e+00,-4.772611802885883825e-01,-0.000000000000000000e+00,-2.170995380602728508e-01,-0.000000000000000000e+00,-0.000000000000000000e+00,0.000000000000000000e+00,-4.582672680294396644e-02,-8.467520219158282402e-02,-0.000000000000000000e+00,-0.000000000000000000e+00,-0.000000000000000000e+00,-0.000000000000000000e+00,-0.000000000000000000e+00,-0.000000000000000000e+00,0.000000000000000000e+00,-2.307836579782767891e-02,-2.369972104438960725e-01
-3.155083223907972911e-01,2.637369225041951371e+00,-0.000000000000000000e+00,-0.000000000000000000e+00,-0.000000000000000000e+00,0.000000000000000000e+00,-3.940790925823624974e-02,-0.000000000000000000e+00,-0.000000000000000000e+00,-0.000000000000000000e+00,-0.000000000000000000e+00,-2.612699855863959142e-01,-0.000000000000000000e+00,-9.747602353242401652e-02,0.000000000000000000e+00,-0.000000000000000000e+00,0.000000000000000000e+00,-0.000000000000000000e+00,-3.663165193664349450e-01,0.000000000000000000e+00,0.000000000000000000e+00,-1.835213101482460474e-01,-1.788604316797016147e-01,-1.989244184314174768e-02,0.000000000000000000e+00,0.000000000000000000e+00,-6.144158706261019232e-01,2.978060561225430725e-01,-0.000000000000000000e+00,-1.331879989208577079e-02,-9.506565289576628108e-02,-3.622162275154458544e-01,-0.000000000000000000e+00,-0.000000000000000000e+00,-0.000000000000000000e+00,-0.000000000000000000e+00,-0.000000000000000000e+00,0.000000000000000000e+00,-2.480283877286278693e-01
-0.000000000000000000e+00,-0.000000000000000000e+00,2.730438268641378396e+00,0.000000000000000000e+00,-1.872054752052238480e-01,0.000000000000000000e+00,-0.000000000000000000e+00,1.622518301790989881e+00,-1.496146312865263006e-01,-5.180708348027863314e-02,0.000000000000000000e+00,0.000000000000000000e+00,0.000000000000000000e+00,-0.000000000000000000e+00,-0.000000000000000000e+00,-8.543390116011306823e-02,0.000000000000000000e+00,-0.000000000000000000e+00,-0.000000000000000000e+00,0.000000000000000000e+00,-4.725818361552784341e-01,-0.000000000000000000e+00,-0.000000000000000000e+00,-7.154172355708357522e-02,-0.000000000000000000e+00,-0.000000000000000000e+00,-0.000000000000000000e+00,-0.000000000000000000e+00,-0.000000000000000000e+00,-0.000000000000000000e+00,-0.000000000000000000e+00,0.000000000000000000e+00,-2.107571583738299670e-01,-0.000000000000000000e+00,-0.000000000000000000e+00,-0.000000000000000000e+00,0.000000000000000000e+00,-0.000000000000000000e+00,-0.000000000000000000e+00
0.000000000000000000e+00,-0.000000000000000000e+00,0.000000000000000000e+00,1.379904495029322664e+00,-0.000000000000000000e+00,-0.000000000000000000e+00,0.000000000000000000e+00,0.000000000000000000e+00,0.000000000000000000e+00,-0.000000000000000000e+00,-2.207611988295402616e-01,-0.000000000000000000e+00,-0.000000000000000000e+00,-0.000000000000000000e+00,-0.000000000000000000e+00,-0.000000000000000000e+00,-0.000000000000000000e+00,-6.624894139232272439e-01,-0.000000000000000000e+00,0.000000000000000000e+00,1.852243698761868174e-01,0.000000000000000000e+00,0.000000000000000000e+00,0.000000000000000000e+00,0.000000000000000000e+00,0.000000000000000000e+00,-0.000000000000000000e+00,0.000000000000000000e+00,0.000000000000000000e+00,-0.000000000000000000e+00,0.000000000000000000e+00,0.000000000000000000e+00,0.000000000000000000e+00,-0.000000000000000000e+00,-0.000000000000000000e+00,-0.000000000000000000e+00,-0.000000000000000000e+00,0.000000000000000000e+00,0.000000000000000000e+00
-0.000000000000000000e+00,-0.000000000000000000e+00,-1.872054752052238480e-01,-0.000000000000000000e+00,2.023192791418054526e+00,0.000000000000000000e+00,-0.000000000000000000e+00,3.917230268896180201e-01,-1.022657461394941431e-01,-1.425536755333240702e-01,-0.000000000000000000e+00,0.000000000000000000e+00,0.000000000000000000e+00,-3.932008671433909752e-01,-0.000000000000000000e+00,-0.000000000000000000e+00,-0.000000000000000000e+00,-5.505620415143068769e-01,-0.000000000000000000e+00,0.000000000000000000e+00,-0.000000000000000000e+00,0.000000000000000000e+00,-2.513595801439482899e-02,-0.000000000000000000e+00,-0.000000000000000000e+00,-0.000000000000000000e+00,-0.000000000000000000e+00,-0.000000000000000000e+00,0.000000000000000000e+00,-0.000000000000000000e+00,-0.000000000000000000e+00,0.000000000000000000e+00,-1.185573147494244778e-01,-2.660716699590979784e-01,-0.000000000000000000e+00,-0.000000000000000000e+00,-0.000000000000000000e+00,-0.000000000000000000e+00,-0.000000000000000000e+00
0.000000000000000000e+00,0.000000000000000000e+00,0.000000000000000000e+00,-0.000000000000000000e+00,0.000000000000000000e+00,2.282611211135801010e+00,0.000000000000000000e+00,-0.000000000000000000e+00,1.132715023105796692e-01,0.000000000000000000e+00,-6.372318566602973577e-01,3.450373576390806246e-02,2.882848189683957507e-01,-0.000000000000000000e+00,2.679353345517703211e-01,1.365455294725347601e-01,-2.591652516627236946e-01,0.000000000000000000e+00,2.346574685800555810e-02,0.000000000000000000e+00,0.000000000000000000e+00,2.018870673112493561e-02,0.000000000000000000e+00,-0.000000000000000000e+00,0.000000000000000000e+00,0.000000000000000000e+00,-0.000000000000000000e+00,-0.000000000000000000e+00,-1.171438245101824455e-01,5.280629666840491038e-02,0.000000000000000000e+00,-0.000000000000000000e+00,-0.000000000000000000e+00,4.223763670804927539e-01,-1.106506230508001315e-01,-0.000000000000000000e+00,-4.646478969081507815e-01,0.000000000000000000e+00,5.639252930307116912e-02
-0.000000000000000000e+00,-3.940790925823624974e-02,-0.000000000000000000e+00,0.000000000000000000e+00,-0.000000000000000000e+00,0.000000000000000000e+00,1.333548327629326069e+00,0.000000000000000000e+00,-0.000000000000000000e+00,0.000000000000000000e+00,0.000000000000000000e+00,-1.013961858379228489e-02,0.000000000000000000e+00,-0.000000000000000000e+00,0.000000000000000000e+00,-0.000000000000000000e+00,0.000000000000000000e+00,-0.000000000000000000e+00,-3.448276966238937591e-02,0.000000000000000000e+00,0.000000000000000000e+00,-3.216466111498796770e-02,-0.000000000000000000e+00,-0.000000000000000000e+00,0.000000000000000000e+00,0.000000000000000000e+00,-5.437465109114399120e-02,0.000000000000000000e+00,0.000000000000000000e+00,-0.000000000000000000e+00,-2.505411823060206822e-01,-1.682859869127320274e-01,-0.000000000000000000e+00,-0.000000000000000000e+00,-0.000000000000000000e+00,0.000000000000000000e+00,-0.000000000000000000e+00,0.000000000000000000e+00,-2.570091503618577300e-01
0.000000000000000000e+00,-0.000000000000000000e+00,1.622518301790989881e+00,0.000000000000000000e+00,3.917230268896180201e-01,-0.000000000000000000e+00,0.000000000000000000e+00,2.658505760068047064e+00,0.000000000000000000e+00,0.000000000000000000e+00,0.000000000000000000e+00,-0.000000000000000000e+00,-1.421649348130401835e-01,0.000000000000000000e+00,0.000000000000000000e+00,0.000000000000000000e+00,0.000000000000000000e+00,0.000000000000000000e+00,0.000000000000000000e+00,-0.000000000000000000e+00,1.093361073260778193e-01,0.000000000000000000e+00,0.000000000000000000e+00,0.000000000000000000e+00,0.000000000000000000e+00,1.036546363186904435e-01,0.000000000000000000e+00,7.583781986096461980e-02,0.000000000000000000e+00,0.000000000000000000e+00,0.000000000000000000e+00,-0.000000000000000000e+00,2.737651782187573435e-01,0.000000000000000000e+00,0.000000000000000000e+00,0.000000000000000000e+00,-0.000000000000000000e+00,2.971350847921182606e-02,0.000000000000000000e+00
-3.685278250975644598e-02,-0.000000000000000000e+00,-1.496146312865263006e-01,0.000000000000000000e+00,-1.022657461394941431e-01,1.132715023105796692e-01,-0.000000000000000000e+00,0.000000000000000000e+00,2.548564297546531687e+00,-0.000000000000000000e+00,0.000000000000000000e+00,-0.000000000000000000e+00,-0.000000000000000000e+00,-0.000000000000000000e+00,-1.476416619544031750e-01,-5.057133722776359086e-01,0.000000000000000000e+00,-1.228379182168703315e-01,-2.187225817904990266e-01,-0.000000000000000000e+00,-0.000000000000000000e+00,-0.000000000000000000e+00,-3.270370898781855273e-01,-0.000000000000000000e+00,-0.000000000000000000e+00,-0.000000000000000000e+00,-0.000000000000000000e+00,-0.000000000000000000e+00,0.000000000000000000e+00,-2.327123199392447661e-01,-0.000000000000000000e+00,0.000000000000000000e+00,-5.870506119321190069e-02,-6.898314489475098066e-01,-0.000000000000000000e+00,0.000000000000000000e+00,0.000000000000000000e+00,-1.990317108369943633e-01,-2.377955507452304551e-01
-7.056667643839595327e-02,-0.000000000000000000e+00,-5.180708348027863314e-02,-0.000000000000000000e+00,-1.425536755333240702e-01,0.000000000000000000e+00,0.000000000000000000e+00,0.000000000000000000e+00,-0.000000000000000000e+00,2.359945050675410272e+00,-0.000000000000000000e+00,0.000000000000000000e+00,0.000000000000000000e+00,-4.605727373455075629e-02,-0.000000000000000000e+00,-6.954561834723691494e-01,-0.000000000000000000e+00,-0.000000000000000000e+00,-0.000000000000000000e+00,-0.000000000000000000e+00,-0.000000000000000000e+00,0.000000000000000000e+00,-0.000000000000000000e+00,-0.000000000000000000e+00,-6.310087221044415884e-01,-2.101099192187091610e-02,-0.000000000000000000e+00,-0.000000000000000000e+00,-2.164278262745289449e-01,-5.840076445422115459e-01,0.000000000000000000e+00,9.998386208582421553e-02,-0.000000000000000000e+00,-0.000000000000000000e+00,-0.000000000000000000e+00,-1.178510331739425626e-01,0.000000000000000000e+00,-0.000000000000000000e+00,0.000000000000000000e+00
0.000000000000000000e+00,-0.000000000000000000e+00,0.000000000000000000e+00,-2.207611988295402616e-01,-0.000000000000000000e+00,-6.372318566602973577e-01,0.000000000000000000e+00,0.000000000000000000e+00,0.000000000000000000e+00,-0.000000000000000000e+00,2.044376467211285409e+00,0.000000000000000000e+00,5.594128006275109893e-02,-0.000000000000000000e+00,0.000000000000000000e+00,0.000000000000000000e+00,-5.830138664731087106e-01,-0.000000000000000000e+00,0.000000000000000000e+00,0.000000000000000000e+00,0.000000000000000000e+00,0.000000000000000000e+00,0.000000000000000000e+00,-0.000000000000000000e+00,-0.000000000000000000e+00,0.000000000000000000e+00,-2.018800786868585329e-02,-0.000000000000000000e+00,-0.000000000000000000e+00,-0.000000000000000000e+00,0.000000000000000000e+00,0.000000000000000000e+00,-0.000000000000000000e+00,0.000000000000000000e+00,-0.000000000000000000e+00,-4.048179156818264013e-01,-3.681659885271964527e-01,0.000000000000000000e+00,0.000000000000000000e+00
-0.000000000000000000e+00,-2.612699855863959142e-01,0.000000000000000000e+00,-0.000000000000000000e+00,0.000000000000000000e+00,3.450373576390806246e-02,-1.013961858379228489e-02,-0.000000000000000000e+00,-0.000000000000000000e+00,0.000000000000000000e+00,0.000000000000000000e+00,2.382631906036978719e+00,-9.083167030432146016e-03,-0.000000000000000000e+00,-0.000000000000000000e+00,-0.000000000000000000e+00,2.648350071822829221e-01,-0.000000000000000000e+00,-4.326148429426294184e-01,0.000000000000000000e+00,0.000000000000000000e+00,-2.756874074232222305e-01,-0.000000000000000000e+00,-0.000000000000000000e+00,0.000000000000000000e+00,2.283079639896967161e-01,-0.000000000000000000e+00,5.579134897894455491e-01,0.000000000000000000e+00,-0.000000000000000000e+00,-0.000000000000000000e+00,-0.000000000000000000e+00,-0.000000000000000000e+00,-4.177166659974067553e-01,0.000000000000000000e+00,0.000000000000000000e+00,-0.000000000000000000e+00,6.347233880520327960e-04,-1.813332345808022772e-01
-0.000000000000000000e+00,-0.000000000000000000e+00,0.000000000000000000e+00,-0.000000000000000000e+00,0.000000000000000000e+00,2.882848189683957507e-01,0.000000000000000000e+00,-1.421649348130401835e-01,-0.000000000000000000e+00,0.000000000000000000e+00,5.594128006275109893e-02,-9.083167030432146016e-03,1.255191154371391615e+00,0.000000000000000000e+00,-0.000000000000000000e+00,-0.000000000000000000e+00,1.018303695417758503e-01,-0.000000000000000000e+00,-0.000000000000000000e+00,-0.000000000000000000e+00,0.000000000000000000e+00,-0.000000000000000000e+00,-0.000000000000000000e+00,0.000000000000000000e+00,0.000000000000000000e+00,0.000000000000000000e+00,0.000000000000000000e+00,0.000000000000000000e+00,4.085417366581241966e-02,-0.000000000000000000e+00,0.000000000000000000e+00,-0.000000000000000000e+00,1.832733636842456548e-01,-0.000000000000000000e+00,1.693477010197440569e-01,1.161308015104691935e-02,0.000000000000000000e+00,0.000000000000000000e+00,-0.000000000000000000e+00
-0.000000000000000000e+00,-9.747602353242401652e-02,-0.000000000000000000e+00,-0.000000000000000000e+00,-3.932008671433909752e-01,-0.000000000000000000e+00,-0.000000000000000000e+00,0.000000000000000000e+00,-0.000000000000000000e+00,-4.605727373455075629e-02,-0.000000000000000000e+00,-0.000000000000000000e+00,0.000000000000000000e+00,1.728248848782162561e+00,0.000000000000000000e+00,-0.000000000000000000e+00,-0.000000000000000000e+00,-1.817993844308189166e-01,-0.000000000000000000e+00,0.000000000000000000e+00,0.000000000000000000e+00,-0.000000000000000000e+00,-1.808116917823522074e-01,-4.332414692613935636e-01,-0.000000000000000000e+00,-0.000000000000000000e+00,-3.619127205682227955e-02,-0.000000000000000000e+00,-0.000000000000000000e+00,-1.676209007753614588e-01,-0.000000000000000000e+00,-0.000000000000000000e+00,-0.000000000000000000e+00,-0.000000000000000000e+00,-2.163504515517603866e-01,-0.000000000000000000e+00,-0.000000000000000000e+00,-0.000000000000000000e+00,-0.000000000000000000e+00
0.000000000000000000e+00,0.000000000000000000e+00,-0.000000000000000000e+00,-0.000000000000000000e+00,-0.000000000000000000e+00,2.679353345517703211e-01,0.000000000000000000e+00,0.000000000000000000e+00,-1.476416619544031750e-01,-0.000000000000000000e+00,0.000000000000000000e+00,-0.000000000000000000e+00,-0.000000000000000000e+00,0.000000000000000000e+00,1.793098092640837304e+00,-0.000000000000000000e+00,-0.000000000000000000e+00,-0.000000000000000000e+00,-0.000000000000000000e+00,-3.313030131148734792e-01,-0.000000000000000000e+00,-0.000000000000000000e+00,0.000000000000000000e+00,0.000000000000000000e+00,-3.668185666286992441e-02,-0.000000000000000000e+00,0.000000000000000000e+00,-0.000000000000000000e+00,0.000000000000000000e+00,-0.000000000000000000e+00,0.000000000000000000e+00,3.802863783993756797e-01,-0.000000000000000000e+00,-3.620823799876141669e-01,0.000000000000000000e+00,0.000000000000000000e+00,3.694481693634981689e-01,-1.096817500000679124e-01,-0.000000000000000000e+00
-5.112439897903154895e-01,-0.000000000000000000e+00,-8.543390116011306823e-02,-0.000000000000000000e+00,-0.000000000000000000e+00,1.365455294725347601e-01,-0.000000000000000000e+00,0.000000000000000000e+00,-5.057133722776359086e-01,-6.954561834723691494e-01,0.000000000000000000e+00,-0.000000000000000000e+00,-0.000000000000000000e+00,-0.000000000000000000e+00,-0.000000000000000000e+00,2.585192780454319550e+00,0.000000000000000000e+00,-0.000000000000000000e+00,-0.000000000000000000e+00,-0.000000000000000000e+00,-0.000000000000000000e+00,-0.000000000000000000e+00,-2.234038902187093223e-01,-0.000000000000000000e+00,-0.000000000000000000e+00,-0.000000000000000000e+00,-0.000000000000000000e+00,-0.000000000000000000e+00,-0.000000000000000000e+00,-5.443264719309179878e-01,-0.000000000000000000e+00,0.000000000000000000e+00,-0.000000000000000000e+00,-3.653830228725643559e-02,-0.000000000000000000e+00,-0.000000000000000000e+00,0.000000000000000000e+00,-0.000000000000000000e+00,-0.000000000000000000e+00
0.000000000000000000e+00,0.000000000000000000e+00,0.000000000000000000e+00,-0.000000000000000000e+00,-0.000000000000000000e+00,-2.591652516627236946e-01,0.000000000000000000e+00,0.000000000000000000e+00,0.000000000000000000e+00,-0.000000000000000000e+00,-5.830138664731087106e-01,2.648350071822829221e-01,1.018303695417758503e-01,-0.000000000000000000e+00,-0.000000000000000000e+00,0.000000000000000000e+00,1.975373805159687191e+00,-0.000000000000000000e+00,1.686949075886224891e-01,-0.000000000000000000e+00,-0.000000000000000000e+00,3.863865414180809865e-01,0.000000000000000000e+00,-0.000000000000000000e+00,-7.967143057131888251e-02,-0.000000000000000000e+00,0.000000000000000000e+00,-2.370072273044085132e-01,-9.192540488227797513e-02,0.000000000000000000e+00,0.000000000000000000e+00,0.000000000000000000e+00,-0.000000000000000000e+00,0.000000000000000000e+00,-0.000000000000000000e+00,-8.890455983864292699e-02,-0.000000000000000000e+00,-1.264712523239681571e-02,7.169942389511232972e-02
-0.000000000000000000e+00,-0.000000000000000000e+00,-0.000000000000000000e+00,-6.624894139232272439e-01,-5.505620415143068769e-01,0.000000000000000000e+00,-0.000000000000000000e+00,0.000000000000000000e+00,-1.228379182168703315e-01,-0.000000000000000000e+00,-0.000000000000000000e+00,-0.000000000000000000e+00,-0.000000000000000000e+00,-1.817993844308189166e-01,-0.000000000000000000e+00,-0.000000000000000000e+00,-0.000000000000000000e+00,1.825515874369785463e+00,-5.371441090011194047e-02,0.000000000000000000e+00,0.000000000000000000e+00,0.000000000000000000e+00,-0.000000000000000000e+00,-0.000000000000000000e+00,-0.000000000000000000e+00,0.000000000000000000e+00,-0.000000000000000000e+00,-0.000000000000000000e+00,0.000000000000000000e+00,-8.275006427521794383e-02,0.000000000000000000e+00,0.000000000000000000e+00,-0.000000000000000000e+00,-1.709563506331894800e-01,-0.000000000000000000e+00,-0.000000000000000000e+00,-0.000000000000000000e+00,0.000000000000000000e+00,-0.000000000000000000e+00
-0.000000000000000000e+00,-3.663165193664349450e-01,-0.000000000000000000e+00,-0.000000000000000000e+00,-0.000000000000000000e+00,2.346574685800555810e-02,-3.448276966238937591e-02,0.000000000000000000e+00,-2.187225817904990266e-01,-0.000000000000000000e+00,0.000000000000000000e+00,-4.326148429426294184e-01,-0.000000000000000000e+00,-0.000000000000000000e+00,-0.000000000000000000e+00,-0.000000000000000000e+00,1.686949075886224891e-01,-5.371441090011194047e-02,2.268416417666058837e+00,2.114912548299931194e-02,0.000000000000000000e+00,-2.305763236444605679e-01,-4.675343704472870870e-02,-0.000000000000000000e+00,0.000000000000000000e+00,0.000000000000000000e+00,-1.081920519743702486e-01,0.000000000000000000e+00,0.000000000000000000e+00,-0.000000000000000000e+00,-1.534883213128538093e-01,-0.000000000000000000e+00,-0.000000000000000000e+00,-0.000000000000000000e+00,0.000000000000000000e+00,0.000000000000000000e+00,-0.000000000000000000e+00,0.000000000000000000e+00,-5.060452582942839284e-01
0.000000000000000000e+00,0.000000000000000000e+00,0.000000000000000000e+00,0.000000000000000000e+00,0.000000000000000000e+00,0.000000000000000000e+00,0.000000000000000000e+00,-0.000000000000000000e+00,-0.000000000000000000e+00,-0.000000000000000000e+00,0.000000000000000000e+00,0.000000000000000000e+00,-0.000000000000000000e+00,0.000000000000000000e+00,-3.313030131148734792e-01,-0.000000000000000000e+00,-0.000000000000000000e+00,0.000000000000000000e+00,2.114912548299931194e-02,1.476013596402761863e+00,-0.000000000000000000e+00,0.000000000000000000e+00,0.000000000000000000e+00,0.000000000000000000e+00,-0.000000000000000000e+00,-2.059661974087081682e-01,6.065006886450757112e-02,-3.557757480312472298e-01,-0.000000000000000000e+00,-0.000000000000000000e+00,4.164328512033695084e-02,1.275047913808217137e-01,0.000000000000000000e+00,-0.000000000000000000e+00,0.000000000000000000e+00,-0.000000000000000000e+00,8.203917351494074972e-03,-0.000000000000000000e+00,0.000000000000000000e+00
-0.000000000000000000e+00,0.000000000000000000e+00,-4.725818361552784341e-01,1.852243698761868174e-01,-0.000000000000000000e+00,0.000000000000000000e+00,0.000000000000000000e+00,1.093361073260778193e-01,-0.000000000000000000e+00,-0.000000000000000000e+00,0.000000000000000000e+00,0.000000000000000000e+00,0.000000000000000000e+00,0.000000000000000000e+00,-0.000000000000000000e+00,-0.000000000000000000e+00,-0.000000000000000000e+00,0.000000000000000000e+00,0.000000000000000000e+00,-0.000000000000000000e+00,2.230654862703074670e+00,0.000000000000000000e+00,-0.000000000000000000e+00,-0.000000000000000000e+00,-0.000000000000000000e+00,-6.556898431778337422e-01,7.305911517486733155e-03,-3.999661769036717551e-01,-0.000000000000000000e+00,-0.000000000000000000e+00,-0.000000000000000000e+00,0.000000000000000000e+00,-0.000000000000000000e+00,-0.000000000000000000e+00,0.000000000000000000e+00,-0.000000000000000000e+00,4.274416422479423994e-01,-2.685007952597624481e-01,0.000000000000000000e+00
-0.000000000000000000e+00,-1.835213101482460474e-01,-0.000000000000000000e+00,0.000000000000000000e+00,0.000000000000000000e+00,2.018870673112493561e-02,-3.216466111498796770e-02,0.000000000000000000e+00,-0.000000000000000000e+00,0.000000000000000000e+00,0.000000000000000000e+00,-2.756874074232222305e-01,-0.000000000000000000e+00,-0.000000000000000000e+00,-0.000000000000000000e+00,-0.000000000000000000e+00,3.863865414180809865e-01,0.000000000000000000e+00,-2.305763236444605679e-01,0.000000000000000000e+00,0.000000000000000000e+00,1.911003081638188439e+00,-0.000000000000000000e+00,-0.000000000000000000e+00,0.000000000000000000e+00,0.000000000000000000e+00,-0.000000000000000000e+00,0.000000000000000000e+00,0.000000000000000000e+00,-0.000000000000000000e+00,-2.390545100868544937e-01,-4.550670633567894391e-02,-0.000000000000000000e+00,-1.138232490527365803e-01,0.000000000000000000e+00,0.000000000000000000e+00,0.000000000000000000e+00,0.000000000000000000e+00,-2.957606216576502689e-01
-4.772611802885883825e-01,-1.788604316797016147e-01,-0.000000000000000000e+00,0.000000000000000000e+00,-2.513595801439482899e-02,0.000000000000000000e+00,-0.000000000000000000e+00,0.000000000000000000e+00,-3.270370898781855273e-01,-0.000000000000000000e+00,0.000000000000000000e+00,-0.000000000000000000e+00,-0.000000000000000000e+00,-1.808116917823522074e-01,0.000000000000000000e+00,-2.234038902187093223e-01,0.000000000000000000e+00,-0.000000000000000000e+00,-4.675343704472870870e-02,0.000000000000000000e+00,-0.000000000000000000e+00,-0.000000000000000000e+00,1.961960431589064857e+00,-2.814068541651328914e-01,-1.012807589241748046e-01,-0.000000000000000000e+00,-0.000000000000000000e+00,0.000000000000000000e+00,-0.000000000000000000e+00,-0.000000000000000000e+00,-9.142783111371373395e-02,-0.000000000000000000e+00,-0.000000000000000000e+00,-0.000000000000000000e+00,-9.266408857732968268e-03,-0.000000000000000000e+00,-0.000000000000000000e+00,-0.000000000000000000e+00,-9.689847505907961400e-02
-0.000000000000000000e+00,-1.989244184314174768e-02,-7.154172355708357522e-02,0.000000000000000000e+00,-0.000000000000000000e+00,-0.000000000000000000e+00,-0.000000000000000000e+00,0.000000000000000000e+00,-0.000000000000000000e+00,-0.000000000000000000e+00,-0.000000000000000000e+00,-0.000000000000000000e+00,0.000000000000000000e+00,-4.332414692613935636e-01,0.000000000000000000e+00,-0.000000000000000000e+00,-0.000000000000000000e+00,-0.000000000000000000e+00,-0.000000000000000000e+00,0.000000000000000000e+00,-0.000000000000000000e+00,-0.000000000000000000e+00,-2.814068541651328914e-01,1.469861972988786958e+00,-0.000000000000000000e+00,-0.000000000000000000e+00,-0.000000000000000000e+00,-0.000000000000000000e+00,-1.227743156271831892e-01,-1.358492038946498282e-01,-8.514523463416891202e-02,-0.000000000000000000e+00,-0.000000000000000000e+00,-0.000000000000000000e+00,-1.177815106833843134e-01,-0.000000000000000000e+00,-0.000000000000000000e+00,-0.000000000000000000e+00,-0.000000000000000000e+00
-2.170995380602728508e-01,0.000000000000000000e+00,-0.000000000000000000e+00,0.000000000000000000e+00,-0.000000000000000000e+00,0.000000000000000000e+00,0.000000000000000000e+00,0.000000000000000000e+00,-0.000000000000000000e+00,-6.310087221044415884e-01,-0.000000000000000000e+00,0.000000000000000000e+00,0.000000000000000000e+00,-0.000000000000000000e+00,-3.668185666286992441e-02,-0.000000000000000000e+00,-7.967143057131888251e-02,-0.000000000000000000e+00,0.000000000000000000e+00,-0.000000000000000000e+00,-0.000000000000000000e+00,0.000000000000000000e+00,-1.012807589241748046e-01,-0.000000000000000000e+00,1.958336859384960160e+00,-3.307415316023472052e-01,0.000000000000000000e+00,-7.533197373103084349e-02,-1.710311157847030084e-01,-0.000000000000000000e+00,0.000000000000000000e+00,1.872389924052991761e-01,-0.000000000000000000e+00,-0.000000000000000000e+00,-0.000000000000000000e+00,-6.047888540165281823e-02,0.000000000000000000e+00,-3.802008746979272380e-01,0.000000000000000000e+00
-0.000000000000000000e+00,0.000000000000000000e+00,-0.000000000000000000e+00,0.000000000000000000e+00,-0.000000000000000000e+00,0.000000000000000000e+00,0.000000000000000000e+00,1.036546363186904435e-01,-0.000000000000000000e+00,-2.101099192187091610e-02,0.000000000000000000e+00,2.283079639896967161e-01,0.000000000000000000e+00,-0.000000000000000000e+00,-0.000000000000000000e+00,-0.000000000000000000e+00,-0.000000000000000000e+00,0.000000000000000000e+00,0.000000000000000000e+00,-2.059661974087081682e-01,-6.556898431778337422e-01,0.000000000000000000e+00,-0.000000000000000000e+00,-0.000000000000000000e+00,-3.307415316023472052e-01,2.616581562974714892e+00,0.000000000000000000e+00,-7.761526147114936602e-01,-2.012649985987033374e-01,-0.000000000000000000e+00,0.000000000000000000e+00,0.000000000000000000e+00,-0.000000000000000000e+00,-0.000000000000000000e+00,-0.000000000000000000e+00,-0.000000000000000000e+00,0.000000000000000000e+00,-4.432943262310634625e-01,0.000000000000000000e+00
-0.000000000000000000e+00,-6.144158706261019232e-01,-0.000000000000000000e+00,-0.000000000000000000e+00,-0.000000000000000000e+00,-0.000000000000000000e+00,-5.437465109114399120e-02,0.000000000000000000e+00,-0.000000000000000000e+00,-0.000000000000000000e+00,-2.018800786868585329e-02,-0.000000000000000000e+00,0.000000000000000000e+00,-3.619127205682227955e-02,0.000000000000000000e+00,-0.000000000000000000e+00,0.000000000000000000e+00,-0.000000000000000000e+00,-1.081920519743702486e-01,6.065006886450757112e-02,7.305911517486733155e-03,-0.000000000000000000e+00,-0.000000000000000000e+00,-0.000000000000000000e+00,0.000000000000000000e+00,0.000000000000000000e+00,2.246773419428148788e+00,0.000000000000000000e+00,-0.000000000000000000e+00,-0.000000000000000000e+00,-3.585679697035001889e-01,-1.081109878711099120e-01,-3.802239571364173787e-01,-0.000000000000000000e+00,-6.616865113909159435e-02,-0.000000000000000000e+00,-6.942478364549294900e-01,0.000000000000000000e+00,-0.000000000000000000e+00
0.000000000000000000e+00,2.978060561225430725e-01,-0.000000000000000000e+00,0.000000000000000000e+00,-0.000000000000000000e+00,-0.000000000000000000e+00,0.000000000000000000e+00,7.583781986096461980e-02,-0.000000000000000000e+00,-0.000000000000000000e+00,-0.000000000000000000e+00,5.579134897894455491e-01,0.000000000000000000e+00,-0.000000000000000000e+00,-0.000000000000000000e+00,-0.000000000000000000e+00,-2.370072273044085132e-01,-0.000000000000000000e+00,0.000000000000000000e+00,-3.557757480312472298e-01,-3.999661769036717551e-01,0.000000000000000000e+00,0.000000000000000000e+00,-0.000000000000000000e+00,-7.533197373103084349e-02,-7.761526147114936602e-01,0.000000000000000000e+00,2.825691450005912042e+00,-0.000000000000000000e+00,-0.000000000000000000e+00,0.000000000000000000e+00,4.350244737448210608e-01,-0.000000000000000000e+00,0.000000000000000000e+00,-0.000000000000000000e+00,-0.000000000000000000e+00,0.000000000000000000e+00,-1.297820999135541886e-01,3.417043533486804202e-02
-4.582672680294396644e-02,-0.000000000000000000e+00,-0.000000000000000000e+00,0.000000000000000000e+00,0.000000000000000000e+00,-1.171438245101824455e-01,0.000000000000000000e+00,0.000000000000000000e+00,0.000000000000000000e+00,-2.164278262745289449e-01,-0.000000000000000000e+00,0.000000000000000000e+00,4.085417366581241966e-02,-0.000000000000000000e+00,0.000000000000000000e+00,-0.000000000000000000e+00,-9.192540488227797513e-02,0.000000000000000000e+00,0.000000000000000000e+00,-0.000000000000000000e+00,-0.000000000000000000e+00,0.000000000000000000e+00,-0.000000000000000000e+00,-1.227743156271831892e-01,-1.710311157847030084e-01,-2.012649985987033374e-01,-0.000000000000000000e+00,-0.000000000000000000e+00,1.262542311176013454e+00,-0.000000000000000000e+00,-0.000000000000000000e+00,-0.000000000000000000e+00,-0.000000000000000000e+00,0.000000000000000000e+00,-8.236111083770061847e-02,-0.000000000000000000e+00,-0.000000000000000000e+00,-0.000000000000000000e+00,0.000000000000000000e+00
-8.467520219158282402e-02,-1.331879989208577079e-02,-0.000000000000000000e+00,-0.000000000000000000e+00,-0.000000000000000000e+00,5.280629666840491038e-02,-0.000000000000000000e+00,0.000000000000000000e+00,-2.327123199392447661e-01,-5.840076445422115459e-01,-0.000000000000000000e+00,-0.000000000000000000e+00,-0.000000000000000000e+00,-1.676209007753614588e-01,-0.000000000000000000e+00,-5.443264719309179878e-01,0.000000000000000000e+00,-8.275006427521794383e-02,-0.000000000000000000e+00,-0.000000000000000000e+00,-0.000000000000000000e+00,-0.000000000000000000e+00,-0.000000000000000000e+00,-1.358492038946498282e-01,-0.000000000000000000e+00,-0.000000000000000000e+00,-0.000000000000000000e+00,-0.000000000000000000e+00,-0.000000000000000000e+00,2.003007473855906717e+00,-0.000000000000000000e+00,0.000000000000000000e+00,-0.000000000000000000e+00,-0.000000000000000000e+00,0.000000000000000000e+00,-0.000000000000000000e+00,0.000000000000000000e+00,-0.000000000000000000e+00,-0.000000000000000000e+00
-0.000000000000000000e+00,-9.506565289576628108e-02,-0.000000000000000000e+00,0.000000000000000000e+00,-0.000000000000000000e+00,0.000000000000000000e+00,-2.505411823060206822e-01,0.000000000000000000e+00,-0.000000000000000000e+00,0.000000000000000000e+00,0.000000000000000000e+00,-0.000000000000000000e+00,0.000000000000000000e+00,-0.000000000000000000e+00,0.000000000000000000e+00,-0.000000000000000000e+00,0.000000000000000000e+00,0.000000000000000000e+00,-1.534883213128538093e-01,4.164328512033695084e-02,-0.000000000000000000e+00,-2.390545100868544937e-01,-9.142783111371373395e-02,-8.514523463416891202e-02,0.000000000000000000e+00,0.000000000000000000e+00,-3.585679697035001889e-01,0.000000000000000000e+00,-0.000000000000000000e+00,-0.000000000000000000e+00,1.978021519736073985e+00,-2.986409404758000874e-01,-2.900714060018620422e-01,-0.000000000000000000e+00,-4.264865263020788111e-02,0.000000000000000000e+00,-0.000000000000000000e+00,0.000000000000000000e+00,-1.979341462018223974e-01
-0.000000000000000000e+00,-3.622162275154458544e-01,0.000000000000000000e+00,0.000000000000000000e+00,0.000000000000000000e+00,-0.000000000000000000e+00,-1.682859869127320274e-01,-0.000000000000000000e+00,0.000000000000000000e+00,9.998386208582421553e-02,0.000000000000000000e+00,-0.000000000000000000e+00,-0.000000000000000000e+00,-0.000000000000000000e+00,3.802863783993756797e-01,0.000000000000000000e+00,0.000000000000000000e+00,0.000000000000000000e+00,-0.000000000000000000e+00,1.275047913808217137e-01,0.000000000000000000e+00,-4.550670633567894391e-02,-0.000000000000000000e+00,-0.000000000000000000e+00,1.872389924052991761e-01,0.000000000000000000e+00,-1.081109878711099120e-01,4.350244737448210608e-01,-0.000000000000000000e+00,0.000000000000000000e+00,-2.986409404758000874e-01,2.218269186538882831e+00,-0.000000000000000000e+00,0.000000000000000000e+00,-0.000000000000000000e+00,0.000000000000000000e+00,-1.691147593715944253e-01,0.000000000000000000e+00,-3.189705361798449990e-01
-0.000000000000000000e+00,-0.000000000000000000e+00,-2.107571583738299670e-01,0.000000000000000000e+00,-1.185573147494244778e-01,-0.000000000000000000e+00,-0.000000000000000000e+00,2.737651782187573435e-01,-5.870506119321190069e-02,-0.000000000000000000e+00,-0.000000000000000000e+00,-0.000000000000000000e+00,1.832733636842456548e-01,-0.000000000000000000e+00,-0.000000000000000000e+00,-0.000000000000000000e+00,-0.000000000000000000e+00,-0.000000000000000000e+00,-0.000000000000000000e+00,0.000000000000000000e+00,-0.000000000000000000e+00,-0.000000000000000000e+00,-0.000000000000000000e+00,-0.000000000000000000e+00,-0.000000000000000000e+00,-0.000000000000000000e+00,-3.802239571364173787e-01,-0.000000000000000000e+00,-0.000000000000000000e+00,-0.000000000000000000e+00,-2.900714060018620422e-01,-0.000000000000000000e+00,1.600941523067408445e+00,-0.000000000000000000e+00,-1.406925014408662300e-01,-0.000000000000000000e+00,-0.000000000000000000e+00,-0.000000000000000000e+00,-0.000000000000000000e+00
-0.000000000000000000e+00,-0.000000000000000000e+00,-0.000000000000000000e+00,-0.000000000000000000e+00,-2.660716699590979784e-01,4.223763670804927539e-01,-0.000000000000000000e+00,0.000000000000000000e+00,-6.898314489475098066e-01,-0.000000000000000000e+00,0.000000000000000000e+00,-4.177166659974067553e-01,-0.000000000000000000e+00,-0.000000000000000000e+00,-3.620823799876141669e-01,-3.653830228725643559e-02,0.000000000000000000e+00,-1.709563506331894800e-01,-0.000000000000000000e+00,-0.000000000000000000e+00,-0.000000000000000000e+00,-1.138232490527365803e-01,-0.000000000000000000e+00,-0.000000000000000000e+00,-0.000000000000000000e+00,-0.000000000000000000e+00,-0.000000000000000000e+00,0.000000000000000000e+00,0.000000000000000000e+00,-0.000000000000000000e+00,-0.000000000000000000e+00,0.000000000000000000e+00,-0.000000000000000000e+00,2.186268740721620585e+00,-0.000000000000000000e+00,0.000000000000000000e+00,0.000000000000000000e+00,-0.000000000000000000e+00,-3.726279257860915656e-02
-0.000000000000000000e+00,-0.000000000000000000e+00,-0.000000000000000000e+00,-0.000000000000000000e+00,-0.000000000000000000e+00,-1.106506230508001315e-01,-0.000000000000000000e+00,0.000000000000000000e+00,-0.000000000000000000e+00,-0.000000000000000000e+00,-0.000000000000000000e+00,0.000000000000000000e+00,1.693477010197440569e-01,-2.163504515517603866e-01,0.000000000000000000e+00,-0.000000000000000000e+00,-0.000000000000000000e+00,-0.000000000000000000e+00,0.000000000000000000e+00,0.000000000000000000e+00,0.000000000000000000e+00,0.000000000000000000e+00,-9.266408857732968268e-03,-1.177815106833843134e-01,-0.000000000000000000e+00,-0.000000000000000000e+00,-6.616865113909159435e-02,-0.000000000000000000e+00,-8.236111083770061847e-02,0.000000000000000000e+00,-4.264865263020788111e-02,-0.000000000000000000e+00,-1.406925014408662300e-01,-0.000000000000000000e+00,1.516972330680485648e+00,-3.573779870979777451e-01,-3.341124855508037506e-01,-0.000000000000000000e+00,-0.000000000000000000e+00
-0.000000000000000000e+00,-0.000000000000000000e+00,-0.000000000000000000e+00,-0.000000000000000000e+00,-0.000000000000000000e+00,-0.000000000000000000e+00,0.000000000000000000e+00,0.000000000000000000e+00,0.000000000000000000e+00,-1.178510331739425626e-01,-4.048179156818264013e-01,0.000000000000000000e+00,1.161308015104691935e-02,-0.000000000000000000e+00,0.000000000000000000e+00,-0.000000000000000000e+00,-8.890455983864292699e-02,-0.000000000000000000e+00,0.000000000000000000e+00,-0.000000000000000000e+00,-0.000000000000000000e+00,0.000000000000000000e+00,-0.000000000000000000e+00,-0.000000000000000000e+00,-6.047888540165281823e-02,-0.000000000000000000e+00,-0.000000000000000000e+00,-0.000000000000000000e+00,-0.000000000000000000e+00,-0.000000000000000000e+00,0.000000000000000000e+00,0.000000000000000000e+00,-0.000000000000000000e+00,0.000000000000000000e+00,-3.573779870979777451e-01,1.344521693418353259e+00,-0.000000000000000000e+00,-0.000000000000000000e+00,0.000000000000000000e+00
0.000000000000000000e+00,-0.000000000000000000e+00,0.000000000000000000e+00,-0.000000000000000000e+00,-0.000000000000000000e+00,-4.646478969081507815e-01,-0.000000000000000000e+00,-0.000000000000000000e+00,0.000000000000000000e+00,0.000000000000000000e+00,-3.681659885271964527e-01,-0.000000000000000000e+00,0.000000000000000000e+00,-0.000000000000000000e+00,3.694481693634981689e-01,0.000000000000000000e+00,-0.000000000000000000e+00,-0.000000000000000000e+00,-0.000000000000000000e+00,8.203917351494074972e-03,4.274416422479423994e-01,0.000000000000000000e+00,-0.000000000000000000e+00,-0.000000000000000000e+00,0.000000000000000000e+00,0.000000000000000000e+00,-6.942478364549294900e-01,0.000000000000000000e+00,-0.000000000000000000e+00,0.000000000000000000e+00,-0.000000000000000000e+00,-1.691147593715944253e-01,-0.000000000000000000e+00,0.000000000000000000e+00,-3.341124855508037506e-01,-0.000000000000000000e+00,2.346063072350582424e+00,1.063442466963701732e-01,0.000000000000000000e+00
-2.307836579782767891e-02,0.000000000000000000e+00,-0.000000000000000000e+00,0.000000000000000000e+00,-0.000000000000000000e+00,0.000000000000000000e+00,0.000000000000000000e+00,2.971350847921182606e-02,-1.990317108369943633e-01,-0.000000000000000000e+00,0.000000000000000000e+00,6.347233880520327960e-04,0.000000000000000000e+00,-0.000000000000000000e+00,-1.096817500000679124e-01,-0.000000000000000000e+00,-1.264712523239681571e-02,0.000000000000000000e+00,0.000000000000000000e+00,-0.000000000000000000e+00,-2.685007952597624481e-01,0.000000000000000000e+00,-0.000000000000000000e+00,-0.000000000000000000e+00,-3.802008746979272380e-01,-4.432943262310634625e-01,0.000000000000000000e+00,-1.297820999135541886e-01,-0.000000000000000000e+00,-0.000000000000000000e+00,0.000000000000000000e+00,0.000000000000000000e+00,-0.000000000000000000e+00,-0.000000000000000000e+00,-0.000000000000000000e+00,-0.000000000000000000e+00,1.063442466963701732e-01,1.763517636910986619e+00,-0.000000000000000000e+00
-2.369972104438960725e-01,-2.480283877286278693e-01,-0.000000000000000000e+00,0.000000000000000000e+00,-0.000000000000000000e+00,5.639252930307116912e-02,-2.570091503618577300e-01,0.000000000000000000e+00,-2.377955507452304551e-01,0.000000000000000000e+00,0.000000000000000000e+00,-1.813332345808022772e-01,-0.000000000000000000e+00,-0.000000000000000000e+00,-0.000000000000000000e+00,-0.000000000000000000e+00,7.169942389511232972e-02,-0.000000000000000000e+00,-5.060452582942839284e-01,0.000000000000000000e+00,0.000000000000000000e+00,-2.957606216576502689e-01,-9.689847505907961400e-02,-0.000000000000000000e+00,0.000000000000000000e+00,0.000000000000000000e+00,-0.000000000000000000e+00,3.417043533486804202e-02,0.000000000000000000e+00,-0.000000000000000000e+00,-1.979341462018223974e-01,-3.189705361798449990e-01,-0.000000000000000000e+00,-3.726279257860915656e-02,-0.000000000000000000e+00,0.000000000000000000e+00,0.000000000000000000e+00,-0.000000000000000000e+00,2.422003655195311023e+00
