2.295711536886841486e+00,-3.790406255657425838e-01,-0.000000000000000000e+00,-0.000000000000000000e+00,-0.000000000000000000e+00,-0.000000000000000000e+00,-0.000000000000000000e+00,0.000000000000000000e+00,-4.294730889376947025e-01,-5.226644619473178599e-01,7.200192694753174139e-02,-0.000000000000000000e+00,0.000000000000000000e+00,-0.000000000000000000e+00,-6.099558663697262489e-02,-2.928326528579453525e-01,0.000000000000000000e+00,-0.000000000000000000e+00,-0.000000000000000000e+00,-1.524950789456831213e-01,0.000000000000000000e+00,0.000000000000000000e+00,-0.000000000000000000e+00,-0.000000000000000000e+00,-1.751221958129760836e-01,-1.978646215547617826e-02,-1.656158165980067126e-02,-0.000000000000000000e+00,-3.894156918061261047e-02,-6.513702063000186004e-02,-0.000000000000000000e+00,-0.000000000000000000e+00,-0.000000000000000000e+00,-1.125256669459828995e-01,0.000000000000000000e+00,-0.000000000000000000e+00,-0.000000000000000000e+00,-0.000000000000000000e+00,-0.000000000000000000e+00
-3.790406255657425838e-01,2.106951997775111884e+00,-0.000000000000000000e+00,-0.000000000000000000e+00,-0.000000000000000000e+00,-0.000000000000000000e+00,-0.000000000000000000e+00,0.000000000000000000e+00,-0.000000000000000000e+00,-3.758585907193411069e-02,0.000000000000000000e+00,-0.000000000000000000e+00,0.000000000000000000e+00,-0.000000000000000000e+00,-5.894716629878146014e-02,-7.379698411462393137e-02,-0.000000000000000000e+00,-0.000000000000000000e+00,-0.000000000000000000e+00,-2.300228396960763144e-01,3.789872309088505864e-02,0.000000000000000000e+00,-0.000000000000000000e+00,-1.171520143157423754e-01,-2.016211321468174278e-01,-0.000000000000000000e+00,-5.657748015601689051e-01,-0.000000000000000000e+00,-0.000000000000000000e+00,-0.000000000000000000e+00,-0.000000000000000000e+00,-1.861079697140871902e-01,-0.000000000000000000e+00,-0.000000000000000000e+00,-0.000000000000000000e+00,-0.000000000000000000e+00,-2.842346394343218674e-01,-0.000000000000000000e+00,-0.000000000000000000e+00
-0.000000000000000000e+00,-0.000000000000000000e+00,2.266494068442675314e+00,-0.000000000000000000e+00,-3.793080878066860118e-01,-0.000000000000000000e+00,-0.000000000000000000e+00,6.004005623326520436e-01,-8.920766631147501735e-02,-0.000000000000000000e+00,0.000000000000000000e+00,-2.433535540144132411e-02,1.759799322180013170e-01,-1.003682703092936140e-01,-0.000000000000000000e+00,-5.810616594649709032e-02,-0.000000000000000000e+00,-0.000000000000000000e+00,-4.392140843661669347e-01,-0.000000000000000000e+00,0.000000000000000000e+00,0.000000000000000000e+00,0.000000000000000000e+00,-0.000000000000000000e+00,-9.630574214106125963e-02,-0.000000000000000000e+00,-0.000000000000000000e+00,-0.000000000000000000e+00,-0.000000000000000000e+00,-0.000000000000000000e+00,-0.000000000000000000e+00,-0.000000000000000000e+00,-0.000000000000000000e+00,-3.523966297477068577e-01,0.000000000000000000e+00,0.000000000000000000e+00,-0.000000000000000000e+00,-9.997183958585122501e-03,-8.054296058671411851e-02
-0.000000000000000000e+00,-0.000000000000000000e+00,-0.000000000000000000e+00,1.160579294974684927e+00,-0.000000000000000000e+00,-0.000000000000000000e+00,-6.905366151318689805e-03,-0.000000000000000000e+00,-6.740020616223878214e-02,-0.000000000000000000e+00,0.000000000000000000e+00,-1.549687563197861551e-01,0.000000000000000000e+00,-0.000000000000000000e+00,0.000000000000000000e+00,-5.626806032467498130e-03,0.000000000000000000e+00,-9.595594522952015371e-02,-0.000000000000000000e+00,-8.396325278759859956e-02,0.000000000000000000e+00,6.856199280709508737e-02,0.000000000000000000e+00,-4.711032973991902129e-02,-3.473165549726890677e-02,-0.000000000000000000e+00,-0.000000000000000000e+00,-0.000000000000000000e+00,-0.000000000000000000e+00,-0.000000000000000000e+00,0.000000000000000000e+00,0.000000000000000000e+00,-0.000000000000000000e+00,-0.000000000000000000e+00,0.000000000000000000e+00,0.000000000000000000e+00,0.000000000000000000e+00,-5.425597588755063511e-02,-0.000000000000000000e+00
-0.000000000000000000e+00,-0.000000000000000000e+00,-3.793080878066860118e-01,-0.000000000000000000e+00,1.892929007839182942e+00,-3.730607360941593387e-03,-7.755003106810090530e-02,0.000000000000000000e+00,-1.345179097308183414e-01,-0.000000000000000000e+00,0.000000000000000000e+00,-0.000000000000000000e+00,0.000000000000000000e+00,-4.298133908975576012e-01,-0.000000000000000000e+00,-0.000000000000000000e+00,0.000000000000000000e+00,-0.000000000000000000e+00,-0.000000000000000000e+00,-0.000000000000000000e+00,0.000000000000000000e+00,1.397693044171994248e-01,0.000000000000000000e+00,-0.000000000000000000e+00,-0.000000000000000000e+00,-1.031971676325754844e-01,-9.289257541676798624e-02,-0.000000000000000000e+00,-1.757152249665562549e-01,-0.000000000000000000e+00,-0.000000000000000000e+00,-0.000000000000000000e+00,-0.000000000000000000e+00,-2.303784040851388493e-01,0.000000000000000000e+00,-0.000000000000000000e+00,-0.000000000000000000e+00,-4.743601175773115575e-02,-0.000000000000000000e+00
-0.000000000000000000e+00,-0.000000000000000000e+00,-0.000000000000000000e+00,-0.000000000000000000e+00,-3.730607360941593387e-03,1.363396969802991743e+00,0.000000000000000000e+00,0.000000000000000000e+00,-0.000000000000000000e+00,-0.000000000000000000e+00,-0.000000000000000000e+00,-0.000000000000000000e+00,0.000000000000000000e+00,-1.935833393471673436e-01,0.000000000000000000e+00,-0.000000000000000000e+00,-1.410344471718195658e-01,-9.877861726220153391e-03,-0.000000000000000000e+00,-0.000000000000000000e+00,1.633673019650716263e-01,0.000000000000000000e+00,5.317714780691526477e-02,-0.000000000000000000e+00,-0.000000000000000000e+00,-0.000000000000000000e+00,-0.000000000000000000e+00,-5.184865413986978686e-04,-0.000000000000000000e+00,-0.000000000000000000e+00,-0.000000000000000000e+00,-1.546514797024934329e-01,-0.000000000000000000e+00,-0.000000000000000000e+00,-0.000000000000000000e+00,-0.000000000000000000e+00,-3.533956217959161039e-01,-0.000000000000000000e+00,-0.000000000000000000e+00
-0.000000000000000000e+00,-0.000000000000000000e+00,-0.000000000000000000e+00,-6.905366151318689805e-03,-7.755003106810090530e-02,0.000000000000000000e+00,1.101666482930031110e+00,0.000000000000000000e+00,-0.000000000000000000e+00,-9.944331859873087320e-02,9.021874718989381092e-02,-0.000000000000000000e+00,0.000000000000000000e+00,-0.000000000000000000e+00,-0.000000000000000000e+00,-0.000000000000000000e+00,0.000000000000000000e+00,-0.000000000000000000e+00,-0.000000000000000000e+00,-2.164103533764621945e-01,0.000000000000000000e+00,0.000000000000000000e+00,-0.000000000000000000e+00,-0.000000000000000000e+00,-0.000000000000000000e+00,-0.000000000000000000e+00,-0.000000000000000000e+00,-0.000000000000000000e+00,-0.000000000000000000e+00,-0.000000000000000000e+00,0.000000000000000000e+00,0.000000000000000000e+00,7.659722686566215744e-02,-0.000000000000000000e+00,0.000000000000000000e+00,-0.000000000000000000e+00,3.446184414185675480e-03,-0.000000000000000000e+00,-0.000000000000000000e+00
0.000000000000000000e+00,0.000000000000000000e+00,6.004005623326520436e-01,-0.000000000000000000e+00,0.000000000000000000e+00,0.000000000000000000e+00,0.000000000000000000e+00,1.328406806455778799e+00,0.000000000000000000e+00,0.000000000000000000e+00,0.000000000000000000e+00,0.000000000000000000e+00,-0.000000000000000000e+00,0.000000000000000000e+00,-0.000000000000000000e+00,0.000000000000000000e+00,0.000000000000000000e+00,0.000000000000000000e+00,0.000000000000000000e+00,-0.000000000000000000e+00,0.000000000000000000e+00,-0.000000000000000000e+00,0.000000000000000000e+00,-0.000000000000000000e+00,0.000000000000000000e+00,0.000000000000000000e+00,0.000000000000000000e+00,0.000000000000000000e+00,-0.000000000000000000e+00,0.000000000000000000e+00,1.311930483635390943e-01,0.000000000000000000e+00,0.000000000000000000e+00,0.000000000000000000e+00,0.000000000000000000e+00,0.000000000000000000e+00,0.000000000000000000e+00,0.000000000000000000e+00,0.000000000000000000e+00
-4.294730889376947025e-01,-0.000000000000000000e+00,-8.920766631147501735e-02,-6.740020616223878214e-02,-1.345179097308183414e-01,-0.000000000000000000e+00,-0.000000000000000000e+00,0.000000000000000000e+00,2.698479077539580828e+00,-2.429184915663691324e-01,0.000000000000000000e+00,-2.331119906077094017e-01,0.000000000000000000e+00,-9.565800280131023237e-02,-0.000000000000000000e+00,-3.560306189715548020e-01,0.000000000000000000e+00,-0.000000000000000000e+00,-3.837575016260955790e-02,-1.226154658614045552e-02,1.262857660531571669e-01,0.000000000000000000e+00,0.000000000000000000e+00,-0.000000000000000000e+00,-3.598608403220673879e-01,-0.000000000000000000e+00,-6.969300150618802647e-02,-0.000000000000000000e+00,-5.124105386639183496e-02,-0.000000000000000000e+00,-0.000000000000000000e+00,-0.000000000000000000e+00,-0.000000000000000000e+00,-4.514910998423561916e-01,0.000000000000000000e+00,0.000000000000000000e+00,-0.000000000000000000e+00,-0.000000000000000000e+00,-8.597904372808806706e-02
-5.226644619473178599e-01,-3.758585907193411069e-02,-0.000000000000000000e+00,-0.000000000000000000e+00,-0.000000000000000000e+00,-0.000000000000000000e+00,-9.944331859873087320e-02,0.000000000000000000e+00,-2.429184915663691324e-01,2.394458202838803285e+00,0.000000000000000000e+00,-0.000000000000000000e+00,2.154097677490487417e-01,-1.264922384804506861e-01,-0.000000000000000000e+00,-4.930698964906692905e-01,0.000000000000000000e+00,-0.000000000000000000e+00,-0.000000000000000000e+00,-2.550881258996585688e-01,0.000000000000000000e+00,0.000000000000000000e+00,-0.000000000000000000e+00,-0.000000000000000000e+00,-1.025750829020158905e-01,-0.000000000000000000e+00,-6.807732717264904088e-02,-0.000000000000000000e+00,-1.333467134762620077e-01,-1.458133825664469085e-01,-0.000000000000000000e+00,-0.000000000000000000e+00,-0.000000000000000000e+00,-9.287089693568773008e-02,0.000000000000000000e+00,-0.000000000000000000e+00,-0.000000000000000000e+00,-0.000000000000000000e+00,-0.000000000000000000e+00
7.200192694753174139e-02,0.000000000000000000e+00,0.000000000000000000e+00,0.000000000000000000e+00,0.000000000000000000e+00,-0.000000000000000000e+00,9.021874718989381092e-02,0.000000000000000000e+00,0.000000000000000000e+00,0.000000000000000000e+00,1.339928182884859043e+00,0.000000000000000000e+00,-0.000000000000000000e+00,-0.000000000000000000e+00,1.497769346160120474e-01,0.000000000000000000e+00,-5.783752020664643112e-01,-0.000000000000000000e+00,-0.000000000000000000e+00,0.000000000000000000e+00,-0.000000000000000000e+00,-0.000000000000000000e+00,-0.000000000000000000e+00,-0.000000000000000000e+00,0.000000000000000000e+00,0.000000000000000000e+00,-0.000000000000000000e+00,-0.000000000000000000e+00,0.000000000000000000e+00,0.000000000000000000e+00,-0.000000000000000000e+00,-0.000000000000000000e+00,-5.854741378282476982e-02,0.000000000000000000e+00,-1.616969719619203855e-02,-0.000000000000000000e+00,-9.466157054134320681e-02,-0.000000000000000000e+00,-0.000000000000000000e+00
-0.000000000000000000e+00,-0.000000000000000000e+00,-2.433535540144132411e-02,-1.549687563197861551e-01,-0.000000000000000000e+00,-0.000000000000000000e+00,-0.000000000000000000e+00,0.000000000000000000e+00,-2.331119906077094017e-01,-0.000000000000000000e+00,0.000000000000000000e+00,2.519709667085750837e+00,5.378838256333257073e-02,-1.257574327187192254e-01,-0.000000000000000000e+00,-8.766924578143039937e-02,0.000000000000000000e+00,-4.562040545228639860e-02,-1.738687305380799131e-01,-0.000000000000000000e+00,1.838740875828500099e-01,0.000000000000000000e+00,0.000000000000000000e+00,-1.895422232241546212e-01,-2.774893237443000205e-01,-0.000000000000000000e+00,-0.000000000000000000e+00,-0.000000000000000000e+00,-0.000000000000000000e+00,-0.000000000000000000e+00,-0.000000000000000000e+00,-0.000000000000000000e+00,-0.000000000000000000e+00,-3.572354401007631353e-01,0.000000000000000000e+00,0.000000000000000000e+00,-0.000000000000000000e+00,-1.643314459082204360e-01,-6.477670638258078428e-01
0.000000000000000000e+00,0.000000000000000000e+00,1.759799322180013170e-01,0.000000000000000000e+00,0.000000000000000000e+00,0.000000000000000000e+00,0.000000000000000000e+00,-0.000000000000000000e+00,0.000000000000000000e+00,2.154097677490487417e-01,-0.000000000000000000e+00,5.378838256333257073e-02,1.630766415516430978e+00,9.074273439145469355e-02,-0.000000000000000000e+00,0.000000000000000000e+00,0.000000000000000000e+00,0.000000000000000000e+00,2.579600166631726421e-01,0.000000000000000000e+00,-0.000000000000000000e+00,-0.000000000000000000e+00,-0.000000000000000000e+00,0.000000000000000000e+00,0.000000000000000000e+00,9.551195762933308020e-02,8.521334623308198658e-03,9.764255143835934292e-02,1.245140354460962245e-01,0.000000000000000000e+00,2.354409958025446559e-01,0.000000000000000000e+00,0.000000000000000000e+00,0.000000000000000000e+00,-0.000000000000000000e+00,0.000000000000000000e+00,0.000000000000000000e+00,0.000000000000000000e+00,4.223340224366543133e-02
-0.000000000000000000e+00,-0.000000000000000000e+00,-1.003682703092936140e-01,-0.000000000000000000e+00,-4.298133908975576012e-01,-1.935833393471673436e-01,-0.000000000000000000e+00,0.000000000000000000e+00,-9.565800280131023237e-02,-1.264922384804506861e-01,-0.000000000000000000e+00,-1.257574327187192254e-01,9.074273439145469355e-02,2.098657371025632656e+00,-0.000000000000000000e+00,-1.204021155226630557e-01,-0.000000000000000000e+00,-8.385455599781788116e-02,-7.447120908986976096e-02,-0.000000000000000000e+00,0.000000000000000000e+00,9.739899056126193055e-02,0.000000000000000000e+00,-8.822545496048608826e-02,-0.000000000000000000e+00,-2.204088437039773002e-02,-2.867228584873978692e-01,-8.967147736130812175e-02,-0.000000000000000000e+00,-0.000000000000000000e+00,-0.000000000000000000e+00,-0.000000000000000000e+00,-0.000000000000000000e+00,-1.040415079127175735e-01,-0.000000000000000000e+00,-0.000000000000000000e+00,-0.000000000000000000e+00,-0.000000000000000000e+00,-7.710092621587888440e-02
-6.099558663697262489e-02,-5.894716629878146014e-02,-0.000000000000000000e+00,0.000000000000000000e+00,-0.000000000000000000e+00,0.000000000000000000e+00,-0.000000000000000000e+00,-0.000000000000000000e+00,-0.000000000000000000e+00,-0.000000000000000000e+00,1.497769346160120474e-01,-0.000000000000000000e+00,-0.000000000000000000e+00,-0.000000000000000000e+00,1.127279222606794917e+00,-0.000000000000000000e+00,1.931843135074420015e-01,1.834533580874068148e-01,0.000000000000000000e+00,-5.005278572972089030e-02,0.000000000000000000e+00,0.000000000000000000e+00,0.000000000000000000e+00,-0.000000000000000000e+00,-0.000000000000000000e+00,0.000000000000000000e+00,-0.000000000000000000e+00,0.000000000000000000e+00,-0.000000000000000000e+00,-0.000000000000000000e+00,0.000000000000000000e+00,-0.000000000000000000e+00,0.000000000000000000e+00,-1.365304330183143011e-01,0.000000000000000000e+00,0.000000000000000000e+00,-0.000000000000000000e+00,0.000000000000000000e+00,-0.000000000000000000e+00
-2.928326528579453525e-01,-7.379698411462393137e-02,-5.810616594649709032e-02,-5.626806032467498130e-03,-0.000000000000000000e+00,-0.000000000000000000e+00,-0.000000000000000000e+00,0.000000000000000000e+00,-3.560306189715548020e-01,-4.930698964906692905e-01,0.000000000000000000e+00,-8.766924578143039937e-02,0.000000000000000000e+00,-1.204021155226630557e-01,-0.000000000000000000e+00,2.600792736545365358e+00,-0.000000000000000000e+00,-0.000000000000000000e+00,-3.374522513606029173e-02,-1.111364040592681263e-01,4.619048476052654492e-03,0.000000000000000000e+00,-0.000000000000000000e+00,-2.087383616432109470e-02,-1.812001767426991705e-01,-1.510567430169923453e-01,-2.777122867330114597e-01,-7.072471667501702142e-02,-1.889473211104584216e-01,-1.238232302718117461e-01,-0.000000000000000000e+00,-0.000000000000000000e+00,-0.000000000000000000e+00,-1.226521745369365674e-01,0.000000000000000000e+00,-0.000000000000000000e+00,-0.000000000000000000e+00,-0.000000000000000000e+00,-0.000000000000000000e+00
0.000000000000000000e+00,-0.000000000000000000e+00,-0.000000000000000000e+00,0.000000000000000000e+00,0.000000000000000000e+00,-1.410344471718195658e-01,0.000000000000000000e+00,0.000000000000000000e+00,0.000000000000000000e+00,0.000000000000000000e+00,-5.783752020664643112e-01,0.000000000000000000e+00,0.000000000000000000e+00,-0.000000000000000000e+00,1.931843135074420015e-01,-0.000000000000000000e+00,1.426964355715838018e+00,-0.000000000000000000e+00,-0.000000000000000000e+00,0.000000000000000000e+00,0.000000000000000000e+00,0.000000000000000000e+00,-0.000000000000000000e+00,-0.000000000000000000e+00,0.000000000000000000e+00,-0.000000000000000000e+00,-0.000000000000000000e+00,-1.150658534536140865e-01,-0.000000000000000000e+00,-0.000000000000000000e+00,-0.000000000000000000e+00,-4.782875209564540347e-02,-3.236806109396431902e-02,0.000000000000000000e+00,-1.739670353414846937e-01,-0.000000000000000000e+00,-3.448804204836109638e-02,-0.000000000000000000e+00,-0.000000000000000000e+00
-0.000000000000000000e+00,-0.000000000000000000e+00,-0.000000000000000000e+00,-9.595594522952015371e-02,-0.000000000000000000e+00,-9.877861726220153391e-03,-0.000000000000000000e+00,0.000000000000000000e+00,-0.000000000000000000e+00,-0.000000000000000000e+00,-0.000000000000000000e+00,-4.562040545228639860e-02,0.000000000000000000e+00,-8.385455599781788116e-02,1.834533580874068148e-01,-0.000000000000000000e+00,-0.000000000000000000e+00,2.198475368076065362e+00,-9.798246519973773105e-02,-0.000000000000000000e+00,4.276899298793699483e-02,6.368149434295701516e-02,0.000000000000000000e+00,-0.000000000000000000e+00,-0.000000000000000000e+00,-2.352131785848306511e-01,-0.000000000000000000e+00,-5.651146132132951472e-01,-4.232359554331194262e-02,-0.000000000000000000e+00,-0.000000000000000000e+00,-0.000000000000000000e+00,-0.000000000000000000e+00,-0.000000000000000000e+00,0.000000000000000000e+00,0.000000000000000000e+00,-0.000000000000000000e+00,-7.779920371686277480e-01,-4.097874125271515344e-02
-0.000000000000000000e+00,-0.000000000000000000e+00,-4.392140843661669347e-01,-0.000000000000000000e+00,-0.000000000000000000e+00,-0.000000000000000000e+00,-0.000000000000000000e+00,0.000000000000000000e+00,-3.837575016260955790e-02,-0.000000000000000000e+00,-0.000000000000000000e+00,-1.738687305380799131e-01,2.579600166631726421e-01,-7.447120908986976096e-02,0.000000000000000000e+00,-3.374522513606029173e-02,-0.000000000000000000e+00,-9.798246519973773105e-02,2.320388315409656066e+00,-0.000000000000000000e+00,0.000000000000000000e+00,0.000000000000000000e+00,0.000000000000000000e+00,-0.000000000000000000e+00,-0.000000000000000000e+00,-0.000000000000000000e+00,-4.962627487053349745e-02,-2.861054110794891692e-01,-0.000000000000000000e+00,-0.000000000000000000e+00,-3.512352474320948881e-01,-0.000000000000000000e+00,-8.598540688971765059e-03,-0.000000000000000000e+00,0.000000000000000000e+00,0.000000000000000000e+00,-0.000000000000000000e+00,-1.525631247310210714e-01,-4.637758670036228326e-01
-1.524950789456831213e-01,-2.300228396960763144e-01,-0.000000000000000000e+00,-8.396325278759859956e-02,-0.000000000000000000e+00,-0.000000000000000000e+00,-2.164103533764621945e-01,-0.000000000000000000e+00,-1.226154658614045552e-02,-2.550881258996585688e-01,0.000000000000000000e+00,-0.000000000000000000e+00,0.000000000000000000e+00,-0.000000000000000000e+00,-5.005278572972089030e-02,-1.111364040592681263e-01,0.000000000000000000e+00,-0.000000000000000000e+00,-0.000000000000000000e+00,1.633401342560225622e+00,2.783155706348958702e-01,0.000000000000000000e+00,0.000000000000000000e+00,-5.271260310825542222e-02,-9.863028859919338587e-02,-0.000000000000000000e+00,-9.402944826452113228e-03,-0.000000000000000000e+00,-0.000000000000000000e+00,-0.000000000000000000e+00,-0.000000000000000000e+00,-0.000000000000000000e+00,0.000000000000000000e+00,-1.993529431174985433e-02,0.000000000000000000e+00,0.000000000000000000e+00,-0.000000000000000000e+00,-0.000000000000000000e+00,-0.000000000000000000e+00
0.000000000000000000e+00,3.789872309088505864e-02,0.000000000000000000e+00,0.000000000000000000e+00,0.000000000000000000e+00,1.633673019650716263e-01,0.000000000000000000e+00,0.000000000000000000e+00,1.262857660531571669e-01,0.000000000000000000e+00,-0.000000000000000000e+00,1.838740875828500099e-01,-0.000000000000000000e+00,0.000000000000000000e+00,0.000000000000000000e+00,4.619048476052654492e-03,0.000000000000000000e+00,4.276899298793699483e-02,0.000000000000000000e+00,2.783155706348958702e-01,1.677716505381336098e+00,-4.651782774102078966e-01,-1.403872834952858695e-01,9.454466815874607369e-03,0.000000000000000000e+00,4.413673064380430056e-02,8.537548600514176245e-02,0.000000000000000000e+00,4.833446141630773872e-03,-0.000000000000000000e+00,-0.000000000000000000e+00,0.000000000000000000e+00,-0.000000000000000000e+00,0.000000000000000000e+00,-0.000000000000000000e+00,-0.000000000000000000e+00,0.000000000000000000e+00,0.000000000000000000e+00,1.287812547666653540e-01
0.000000000000000000e+00,0.000000000000000000e+00,0.000000000000000000e+00,6.856199280709508737e-02,1.397693044171994248e-01,0.000000000000000000e+00,0.000000000000000000e+00,-0.000000000000000000e+00,0.000000000000000000e+00,0.000000000000000000e+00,-0.000000000000000000e+00,0.000000000000000000e+00,-0.000000000000000000e+00,9.739899056126193055e-02,0.000000000000000000e+00,0.000000000000000000e+00,0.000000000000000000e+00,6.368149434295701516e-02,0.000000000000000000e+00,0.000000000000000000e+00,-4.651782774102078966e-01,1.326354723881709274e+00,-0.000000000000000000e+00,0.000000000000000000e+00,0.000000000000000000e+00,0.000000000000000000e+00,0.000000000000000000e+00,0.000000000000000000e+00,1.076844203118534340e-03,0.000000000000000000e+00,-0.000000000000000000e+00,0.000000000000000000e+00,-1.529441875316385436e-03,0.000000000000000000e+00,-0.000000000000000000e+00,0.000000000000000000e+00,-0.000000000000000000e+00,3.554831573966617253e-02,0.000000000000000000e+00
-0.000000000000000000e+00,-0.000000000000000000e+00,0.000000000000000000e+00,0.000000000000000000e+00,0.000000000000000000e+00,5.317714780691526477e-02,-0.000000000000000000e+00,0.000000000000000000e+00,0.000000000000000000e+00,-0.000000000000000000e+00,-0.000000000000000000e+00,0.000000000000000000e+00,-0.000000000000000000e+00,0.000000000000000000e+00,0.000000000000000000e+00,-0.000000000000000000e+00,-0.000000000000000000e+00,0.000000000000000000e+00,0.000000000000000000e+00,0.000000000000000000e+00,-1.403872834952858695e-01,-0.000000000000000000e+00,1.034459659168707857e+00,-0.000000000000000000e+00,-0.000000000000000000e+00,0.000000000000000000e+00,0.000000000000000000e+00,0.000000000000000000e+00,0.000000000000000000e+00,-1.279088719467998958e-01,-0.000000000000000000e+00,0.000000000000000000e+00,-0.000000000000000000e+00,0.000000000000000000e+00,0.000000000000000000e+00,-0.000000000000000000e+00,0.000000000000000000e+00,0.000000000000000000e+00,0.000000000000000000e+00
-0.000000000000000000e+00,-1.171520143157423754e-01,-0.000000000000000000e+00,-4.711032973991902129e-02,-0.000000000000000000e+00,-0.000000000000000000e+00,-0.000000000000000000e+00,-0.000000000000000000e+00,-0.000000000000000000e+00,-0.000000000000000000e+00,-0.000000000000000000e+00,-1.895422232241546212e-01,0.000000000000000000e+00,-8.822545496048608826e-02,-0.000000000000000000e+00,-2.087383616432109470e-02,-0.000000000000000000e+00,-0.000000000000000000e+00,-0.000000000000000000e+00,-5.271260310825542222e-02,9.454466815874607369e-03,0.000000000000000000e+00,-0.000000000000000000e+00,1.300995527461402901e+00,-1.496747665415240347e-01,-0.000000000000000000e+00,-0.000000000000000000e+00,-0.000000000000000000e+00,-0.000000000000000000e+00,-0.000000000000000000e+00,-0.000000000000000000e+00,-0.000000000000000000e+00,-1.571053519982636149e-01,-0.000000000000000000e+00,0.000000000000000000e+00,0.000000000000000000e+00,-0.000000000000000000e+00,-0.000000000000000000e+00,-9.599662326309522931e-02
-1.751221958129760836e-01,-2.016211321468174278e-01,-9.630574214106125963e-02,-3.473165549726890677e-02,-0.000000000000000000e+00,-0.000000000000000000e+00,-0.000000000000000000e+00,0.000000000000000000e+00,-3.598608403220673879e-01,-1.025750829020158905e-01,0.000000000000000000e+00,-2.774893237443000205e-01,0.000000000000000000e+00,-0.000000000000000000e+00,-0.000000000000000000e+00,-1.812001767426991705e-01,0.000000000000000000e+00,-0.000000000000000000e+00,-0.000000000000000000e+00,-9.863028859919338587e-02,0.000000000000000000e+00,0.000000000000000000e+00,-0.000000000000000000e+00,-1.496747665415240347e-01,2.275611863839092308e+00,-0.000000000000000000e+00,-0.000000000000000000e+00,-0.000000000000000000e+00,-0.000000000000000000e+00,-9.506487039622379953e-02,-0.000000000000000000e+00,-0.000000000000000000e+00,-0.000000000000000000e+00,-3.661218384577493157e-01,0.000000000000000000e+00,0.000000000000000000e+00,-0.000000000000000000e+00,-0.000000000000000000e+00,-1.827931649616346965e-01
-1.978646215547617826e-02,-0.000000000000000000e+00,-0.000000000000000000e+00,-0.000000000000000000e+00,-1.031971676325754844e-01,-0.000000000000000000e+00,-0.000000000000000000e+00,0.000000000000000000e+00,-0.000000000000000000e+00,-0.000000000000000000e+00,0.000000000000000000e+00,-0.000000000000000000e+00,9.551195762933308020e-02,-2.204088437039773002e-02,0.000000000000000000e+00,-1.510567430169923453e-01,-0.000000000000000000e+00,-2.352131785848306511e-01,-0.000000000000000000e+00,-0.000000000000000000e+00,4.413673064380430056e-02,0.000000000000000000e+00,0.000000000000000000e+00,-0.000000000000000000e+00,-0.000000000000000000e+00,2.405937620050327297e+00,-4.447907414764439293e-01,-4.345906670419888429e-01,-6.652841803644693464e-01,-0.000000000000000000e+00,-0.000000000000000000e+00,-2.653044748770477246e-01,-0.000000000000000000e+00,-0.000000000000000000e+00,0.000000000000000000e+00,-0.000000000000000000e+00,-0.000000000000000000e+00,-0.000000000000000000e+00,-0.000000000000000000e+00
-1.656158165980067126e-02,-5.657748015601689051e-01,-0.000000000000000000e+00,-0.000000000000000000e+00,-9.289257541676798624e-02,-0.000000000000000000e+00,-0.000000000000000000e+00,0.000000000000000000e+00,-6.969300150618802647e-02,-6.807732717264904088e-02,-0.000000000000000000e+00,-0.000000000000000000e+00,8.521334623308198658e-03,-2.867228584873978692e-01,-0.000000000000000000e+00,-2.777122867330114597e-01,-0.000000000000000000e+00,-0.000000000000000000e+00,-4.962627487053349745e-02,-9.402944826452113228e-03,8.537548600514176245e-02,0.000000000000000000e+00,0.000000000000000000e+00,-0.000000000000000000e+00,-0.000000000000000000e+00,-4.447907414764439293e-01,2.454954845231431371e+00,-9.689660373688666062e-02,-0.000000000000000000e+00,-0.000000000000000000e+00,-9.354216848061112921e-02,-3.359909898363110936e-01,-0.000000000000000000e+00,-0.000000000000000000e+00,-0.000000000000000000e+00,-0.000000000000000000e+00,-0.000000000000000000e+00,-0.000000000000000000e+00,-9.598577476876372916e-02
-0.000000000000000000e+00,-0.000000000000000000e+00,-0.000000000000000000e+00,-0.000000000000000000e+00,-0.000000000000000000e+00,-5.184865413986978686e-04,-0.000000000000000000e+00,0.000000000000000000e+00,-0.000000000000000000e+00,-0.000000000000000000e+00,-0.000000000000000000e+00,-0.000000000000000000e+00,9.764255143835934292e-02,-8.967147736130812175e-02,0.000000000000000000e+00,-7.072471667501702142e-02,-1.150658534536140865e-01,-5.651146132132951472e-01,-2.861054110794891692e-01,-0.000000000000000000e+00,0.000000000000000000e+00,0.000000000000000000e+00,0.000000000000000000e+00,-0.000000000000000000e+00,-0.000000000000000000e+00,-4.345906670419888429e-01,-9.689660373688666062e-02,2.257779532267509826e+00,-2.291848774755917140e-01,-0.000000000000000000e+00,-0.000000000000000000e+00,-0.000000000000000000e+00,-9.466875675584425498e-02,-0.000000000000000000e+00,0.000000000000000000e+00,-0.000000000000000000e+00,-0.000000000000000000e+00,-2.865756852571372804e-01,-0.000000000000000000e+00
-3.894156918061261047e-02,-0.000000000000000000e+00,-0.000000000000000000e+00,-0.000000000000000000e+00,-1.757152249665562549e-01,-0.000000000000000000e+00,-0.000000000000000000e+00,-0.000000000000000000e+00,-5.124105386639183496e-02,-1.333467134762620077e-01,0.000000000000000000e+00,-0.000000000000000000e+00,1.245140354460962245e-01,-0.000000000000000000e+00,-0.000000000000000000e+00,-1.889473211104584216e-01,-0.000000000000000000e+00,-4.232359554331194262e-02,-0.000000000000000000e+00,-0.000000000000000000e+00,4.833446141630773872e-03,1.076844203118534340e-03,0.000000000000000000e+00,-0.000000000000000000e+00,-0.000000000000000000e+00,-6.652841803644693464e-01,-0.000000000000000000e+00,-2.291848774755917140e-01,1.887673448188116776e+00,-0.000000000000000000e+00,-0.000000000000000000e+00,-0.000000000000000000e+00,-0.000000000000000000e+00,-0.000000000000000000e+00,0.000000000000000000e+00,-0.000000000000000000e+00,-0.000000000000000000e+00,-0.000000000000000000e+00,-0.000000000000000000e+00
-6.513702063000186004e-02,-0.000000000000000000e+00,-0.000000000000000000e+00,-0.000000000000000000e+00,-0.000000000000000000e+00,-0.000000000000000000e+00,-0.000000000000000000e+00,0.000000000000000000e+00,-0.000000000000000000e+00,-1.458133825664469085e-01,0.000000000000000000e+00,-0.000000000000000000e+00,0.000000000000000000e+00,-0.000000000000000000e+00,-0.000000000000000000e+00,-1.238232302718117461e-01,-0.000000000000000000e+00,-0.000000000000000000e+00,-0.000000000000000000e+00,-0.000000000000000000e+00,-0.000000000000000000e+00,0.000000000000000000e+00,-1.279088719467998958e-01,-0.000000000000000000e+00,-9.506487039622379953e-02,-0.000000000000000000e+00,-0.000000000000000000e+00,-0.000000000000000000e+00,-0.000000000000000000e+00,1.183796122151576924e+00,-8.307214367090096085e-02,-0.000000000000000000e+00,-0.000000000000000000e+00,-6.773059832236603961e-02,-0.000000000000000000e+00,-0.000000000000000000e+00,-0.000000000000000000e+00,-0.000000000000000000e+00,-0.000000000000000000e+00
-0.000000000000000000e+00,-0.000000000000000000e+00,-0.000000000000000000e+00,0.000000000000000000e+00,-0.000000000000000000e+00,-0.000000000000000000e+00,0.000000000000000000e+00,1.311930483635390943e-01,-0.000000000000000000e+00,-0.000000000000000000e+00,-0.000000000000000000e+00,-0.000000000000000000e+00,2.354409958025446559e-01,-0.000000000000000000e+00,0.000000000000000000e+00,-0.000000000000000000e+00,-0.000000000000000000e+00,-0.000000000000000000e+00,-3.512352474320948881e-01,-0.000000000000000000e+00,-0.000000000000000000e+00,-0.000000000000000000e+00,-0.000000000000000000e+00,-0.000000000000000000e+00,-0.000000000000000000e+00,-0.000000000000000000e+00,-9.354216848061112921e-02,-0.000000000000000000e+00,-0.000000000000000000e+00,-8.307214367090096085e-02,1.511214003392319150e+00,-1.803401464996804704e-01,-1.627029080187593901e-01,-0.000000000000000000e+00,-0.000000000000000000e+00,-0.000000000000000000e+00,-1.477312843251940289e-01,-0.000000000000000000e+00,-0.000000000000000000e+00
-0.000000000000000000e+00,-1.861079697140871902e-01,-0.000000000000000000e+00,0.000000000000000000e+00,-0.000000000000000000e+00,-1.546514797024934329e-01,0.000000000000000000e+00,0.000000000000000000e+00,-0.000000000000000000e+00,-0.000000000000000000e+00,-0.000000000000000000e+00,-0.000000000000000000e+00,0.000000000000000000e+00,-0.000000000000000000e+00,-0.000000000000000000e+00,-0.000000000000000000e+00,-4.782875209564540347e-02,-0.000000000000000000e+00,-0.000000000000000000e+00,-0.000000000000000000e+00,0.000000000000000000e+00,0.000000000000000000e+00,0.000000000000000000e+00,-0.000000000000000000e+00,-0.000000000000000000e+00,-2.653044748770477246e-01,-3.359909898363110936e-01,-0.000000000000000000e+00,-0.000000000000000000e+00,-0.000000000000000000e+00,-1.803401464996804704e-01,1.953567555530452138e+00,-0.000000000000000000e+00,-0.000000000000000000e+00,-1.370595038790928602e-02,-0.000000000000000000e+00,-7.049274999962727994e-01,-0.000000000000000000e+00,-0.000000000000000000e+00
-0.000000000000000000e+00,-0.000000000000000000e+00,-0.000000000000000000e+00,-0.000000000000000000e+00,-0.000000000000000000e+00,-0.000000000000000000e+00,7.659722686566215744e-02,0.000000000000000000e+00,-0.000000000000000000e+00,-0.000000000000000000e+00,-5.854741378282476982e-02,-0.000000000000000000e+00,0.000000000000000000e+00,-0.000000000000000000e+00,0.000000000000000000e+00,-0.000000000000000000e+00,-3.236806109396431902e-02,-0.000000000000000000e+00,-8.598540688971765059e-03,0.000000000000000000e+00,-0.000000000000000000e+00,-1.529441875316385436e-03,-0.000000000000000000e+00,-1.571053519982636149e-01,-0.000000000000000000e+00,-0.000000000000000000e+00,-0.000000000000000000e+00,-9.466875675584425498e-02,-0.000000000000000000e+00,-0.000000000000000000e+00,-1.627029080187593901e-01,-0.000000000000000000e+00,1.096937599210791259e+00,-0.000000000000000000e+00,-0.000000000000000000e+00,0.000000000000000000e+00,-0.000000000000000000e+00,-0.000000000000000000e+00,-0.000000000000000000e+00
-1.125256669459828995e-01,-0.000000000000000000e+00,-3.523966297477068577e-01,-0.000000000000000000e+00,-2.303784040851388493e-01,-0.000000000000000000e+00,-0.000000000000000000e+00,0.000000000000000000e+00,-4.514910998423561916e-01,-9.287089693568773008e-02,0.000000000000000000e+00,-3.572354401007631353e-01,0.000000000000000000e+00,-1.040415079127175735e-01,-1.365304330183143011e-01,-1.226521745369365674e-01,0.000000000000000000e+00,-0.000000000000000000e+00,-0.000000000000000000e+00,-1.993529431174985433e-02,0.000000000000000000e+00,0.000000000000000000e+00,0.000000000000000000e+00,-0.000000000000000000e+00,-3.661218384577493157e-01,-0.000000000000000000e+00,-0.000000000000000000e+00,-0.000000000000000000e+00,-0.000000000000000000e+00,-6.773059832236603961e-02,-0.000000000000000000e+00,-0.000000000000000000e+00,-0.000000000000000000e+00,2.370509213136871018e+00,0.000000000000000000e+00,0.000000000000000000e+00,-0.000000000000000000e+00,-0.000000000000000000e+00,-5.551733331052606524e-02
0.000000000000000000e+00,-0.000000000000000000e+00,0.000000000000000000e+00,0.000000000000000000e+00,0.000000000000000000e+00,-0.000000000000000000e+00,0.000000000000000000e+00,0.000000000000000000e+00,0.000000000000000000e+00,0.000000000000000000e+00,-1.616969719619203855e-02,0.000000000000000000e+00,-0.000000000000000000e+00,-0.000000000000000000e+00,0.000000000000000000e+00,0.000000000000000000e+00,-1.739670353414846937e-01,0.000000000000000000e+00,0.000000000000000000e+00,0.000000000000000000e+00,-0.000000000000000000e+00,-0.000000000000000000e+00,0.000000000000000000e+00,0.000000000000000000e+00,0.000000000000000000e+00,0.000000000000000000e+00,-0.000000000000000000e+00,0.000000000000000000e+00,0.000000000000000000e+00,-0.000000000000000000e+00,-0.000000000000000000e+00,-1.370595038790928602e-02,-0.000000000000000000e+00,0.000000000000000000e+00,1.123129722725683122e+00,-1.696322772704885740e-01,-2.221624087738473807e-01,0.000000000000000000e+00,0.000000000000000000e+00
-0.000000000000000000e+00,-0.000000000000000000e+00,0.000000000000000000e+00,0.000000000000000000e+00,-0.000000000000000000e+00,-0.000000000000000000e+00,-0.000000000000000000e+00,0.000000000000000000e+00,0.000000000000000000e+00,-0.000000000000000000e+00,-0.000000000000000000e+00,0.000000000000000000e+00,0.000000000000000000e+00,-0.000000000000000000e+00,0.000000000000000000e+00,-0.000000000000000000e+00,-0.000000000000000000e+00,0.000000000000000000e+00,0.000000000000000000e+00,0.000000000000000000e+00,-0.000000000000000000e+00,0.000000000000000000e+00,-0.000000000000000000e+00,0.000000000000000000e+00,0.000000000000000000e+00,-0.000000000000000000e+00,-0.000000000000000000e+00,-0.000000000000000000e+00,-0.000000000000000000e+00,-0.000000000000000000e+00,-0.000000000000000000e+00,-0.000000000000000000e+00,0.000000000000000000e+00,0.000000000000000000e+00,-1.696322772704885740e-01,1.027991580665996052e+00,-0.000000000000000000e+00,0.000000000000000000e+00,0.000000000000000000e+00
-0.000000000000000000e+00,-2.842346394343218674e-01,-0.000000000000000000e+00,0.000000000000000000e+00,-0.000000000000000000e+00,-3.533956217959161039e-01,3.446184414185675480e-03,0.000000000000000000e+00,-0.000000000000000000e+00,-0.000000000000000000e+00,-9.466157054134320681e-02,-0.000000000000000000e+00,0.000000000000000000e+00,-0.000000000000000000e+00,-0.000000000000000000e+00,-0.000000000000000000e+00,-3.448804204836109638e-02,-0.000000000000000000e+00,-0.000000000000000000e+00,-0.000000000000000000e+00,0.000000000000000000e+00,-0.000000000000000000e+00,0.000000000000000000e+00,-0.000000000000000000e+00,-0.000000000000000000e+00,-0.000000000000000000e+00,-0.000000000000000000e+00,-0.000000000000000000e+00,-0.000000000000000000e+00,-0.000000000000000000e+00,-1.477312843251940289e-01,-7.049274999962727994e-01,-0.000000000000000000e+00,-0.000000000000000000e+00,-2.221624087738473807e-01,-0.000000000000000000e+00,1.825589248294426703e+00,-0.000000000000000000e+00,-0.000000000000000000e+00
-0.000000000000000000e+00,-0.000000000000000000e+00,-9.997183958585122501e-03,-5.425597588755063511e-02,-4.743601175773115575e-02,-0.000000000000000000e+00,-0.000000000000000000e+00,0.000000000000000000e+00,-0.000000000000000000e+00,-0.000000000000000000e+00,-0.000000000000000000e+00,-1.643314459082204360e-01,0.000000000000000000e+00,-0.000000000000000000e+00,0.000000000000000000e+00,-0.000000000000000000e+00,-0.000000000000000000e+00,-7.779920371686277480e-01,-1.525631247310210714e-01,-0.000000000000000000e+00,0.000000000000000000e+00,3.554831573966617253e-02,0.000000000000000000e+00,-0.000000000000000000e+00,-0.000000000000000000e+00,-0.000000000000000000e+00,-0.000000000000000000e+00,-2.865756852571372804e-01,-0.000000000000000000e+00,-0.000000000000000000e+00,-0.000000000000000000e+00,-0.000000000000000000e+00,-0.000000000000000000e+00,-0.000000000000000000e+00,0.000000000000000000e+00,0.000000000000000000e+00,-0.000000000000000000e+00,2.076238955514298379e+00,-3.732710955810384923e-01
-0.000000000000000000e+00,-0.000000000000000000e+00,-8.054296058671411851e-02,-0.000000000000000000e+00,-0.000000000000000000e+00,-0.000000000000000000e+00,-0.000000000000000000e+00,0.000000000000000000e+00,-8.597904372808806706e-02,-0.000000000000000000e+00,-0.000000000000000000e+00,-6.477670638258078428e-01,4.223340224366543133e-02,-7.710092621587888440e-02,-0.000000000000000000e+00,-0.000000000000000000e+00,-0.000000000000000000e+00,-4.097874125271515344e-02,-4.637758670036228326e-01,-0.000000000000000000e+00,1.287812547666653540e-01,0.000000000000000000e+00,0.000000000000000000e+00,-9.599662326309522931e-02,-1.827931649616346965e-01,-0.000000000000000000e+00,-9.598577476876372916e-02,-0.000000000000000000e+00,-0.000000000000000000e+00,-0.000000000000000000e+00,-0.000000000000000000e+00,-0.000000000000000000e+00,-0.000000000000000000e+00,-5.551733331052606524e-02,0.000000000000000000e+00,0.000000000000000000e+00,-0.000000000000000000e+00,-3.732710955810384923e-01,2.354307770880360362e+00
