2.459150109354566904e+00,-5.719461710426951839e-01,-0.000000000000000000e+00,1.740342762884761196e-01,-0.000000000000000000e+00,0.000000000000000000e+00,0.000000000000000000e+00,2.032854963379378266e-02,-0.000000000000000000e+00,-3.887800178128343331e-01,-0.000000000000000000e+00,-0.000000000000000000e+00,0.000000000000000000e+00,-4.927489432412632958e-02,-1.029043156367821094e-01,-3.452906456170558025e-01,-0.000000000000000000e+00,-0.000000000000000000e+00,-0.000000000000000000e+00,-0.000000000000000000e+00,-0.000000000000000000e+00,4.555459484081937627e-02,-0.000000000000000000e+00,-1.911170314173260554e-03,-1.199322737970232311e-01,-2.619183546571944854e-01,-1.528745000456302114e-02,-1.260319426133039988e-01,-2.492738555518031196e-01,-1.976297540439916900e-02,-0.000000000000000000e+00,-0.000000000000000000e+00,-0.000000000000000000e+00,-0.000000000000000000e+00,-0.000000000000000000e+00,-0.000000000000000000e+00,-0.000000000000000000e+00,-0.000000000000000000e+00,-0.000000000000000000e+00
-5.719461710426951839e-01,2.247846395250212126e+00,-0.000000000000000000e+00,0.000000000000000000e+00,-0.000000000000000000e+00,0.000000000000000000e+00,0.000000000000000000e+00,0.000000000000000000e+00,-0.000000000000000000e+00,-2.914415005564863215e-01,-1.653371558820042886e-01,-0.000000000000000000e+00,0.000000000000000000e+00,-2.122929189511982007e-01,-0.000000000000000000e+00,-2.294665900783528500e-01,-0.000000000000000000e+00,-0.000000000000000000e+00,-0.000000000000000000e+00,-0.000000000000000000e+00,-0.000000000000000000e+00,0.000000000000000000e+00,-0.000000000000000000e+00,-7.577200758867541630e-02,-0.000000000000000000e+00,-1.882686123051038884e-01,-2.343623948926324141e-01,-0.000000000000000000e+00,-1.478385628749741554e-01,-0.000000000000000000e+00,-0.000000000000000000e+00,-0.000000000000000000e+00,-0.000000000000000000e+00,-0.000000000000000000e+00,-0.000000000000000000e+00,-1.820057941006663349e-01,-0.000000000000000000e+00,-2.301601909074859514e-04,-0.000000000000000000e+00
-0.000000000000000000e+00,-0.000000000000000000e+00,2.853718613070380439e+00,1.447494630951826344e-01,-0.000000000000000000e+00,0.000000000000000000e+00,0.000000000000000000e+00,5.782757484585714369e-01,-0.000000000000000000e+00,-8.486476769964948486e-02,-0.000000000000000000e+00,-9.480394390712978958e-02,0.000000000000000000e+00,-0.000000000000000000e+00,-2.076577070034809347e-01,-0.000000000000000000e+00,0.000000000000000000e+00,-2.507433204915600067e-01,-2.668116625486219862e-01,-0.000000000000000000e+00,-1.641501025656899315e-01,0.000000000000000000e+00,0.000000000000000000e+00,-1.661641749999141077e-02,-0.000000000000000000e+00,-2.153372486435925215e-01,-2.073257320709273599e-01,-3.508961887018936521e-01,-0.000000000000000000e+00,-0.000000000000000000e+00,-2.076935091387229274e-02,0.000000000000000000e+00,-3.194284554677190302e-01,-0.000000000000000000e+00,-0.000000000000000000e+00,-0.000000000000000000e+00,-0.000000000000000000e+00,-1.328620763533570719e-02,-0.000000000000000000e+00
1.740342762884761196e-01,0.000000000000000000e+00,1.447494630951826344e-01,2.435642042093255633e+00,0.000000000000000000e+00,-1.241526101324008126e-02,-2.725762473559663057e-01,-2.147290023428304884e-01,0.000000000000000000e+00,5.687481030174838803e-02,0.000000000000000000e+00,0.000000000000000000e+00,-0.000000000000000000e+00,0.000000000000000000e+00,4.789424550911418610e-01,0.000000000000000000e+00,0.000000000000000000e+00,0.000000000000000000e+00,0.000000000000000000e+00,0.000000000000000000e+00,0.000000000000000000e+00,-3.290564470028622401e-01,-0.000000000000000000e+00,0.000000000000000000e+00,0.000000000000000000e+00,2.399860080838063792e-01,7.762175119614689311e-02,3.454431440975073708e-01,1.704895248503475805e-02,0.000000000000000000e+00,0.000000000000000000e+00,-0.000000000000000000e+00,0.000000000000000000e+00,0.000000000000000000e+00,0.000000000000000000e+00,0.000000000000000000e+00,0.000000000000000000e+00,1.426221193381789765e-01,0.000000000000000000e+00
-0.000000000000000000e+00,-0.000000000000000000e+00,-0.000000000000000000e+00,0.000000000000000000e+00,1.811311125314172488e+00,0.000000000000000000e+00,0.000000000000000000e+00,0.000000000000000000e+00,-3.034291502633527093e-01,-1.535504364995289028e-01,-0.000000000000000000e+00,-0.000000000000000000e+00,0.000000000000000000e+00,-0.000000000000000000e+00,-0.000000000000000000e+00,-2.473621030024368006e-01,0.000000000000000000e+00,-0.000000000000000000e+00,-2.013022872776097649e-01,-0.000000000000000000e+00,-1.211804426365466897e-01,0.000000000000000000e+00,-0.000000000000000000e+00,-1.238415843833312949e-02,-0.000000000000000000e+00,-7.470844078172647618e-02,-0.000000000000000000e+00,-0.000000000000000000e+00,-0.000000000000000000e+00,-0.000000000000000000e+00,-0.000000000000000000e+00,0.000000000000000000e+00,-0.000000000000000000e+00,-4.549915485643466484e-01,-0.000000000000000000e+00,-0.000000000000000000e+00,0.000000000000000000e+00,-1.588208560692198068e-01,-0.000000000000000000e+00
0.000000000000000000e+00,0.000000000000000000e+00,0.000000000000000000e+00,-1.241526101324008126e-02,0.000000000000000000e+00,1.329635161334342675e+00,-0.000000000000000000e+00,-0.000000000000000000e+00,0.000000000000000000e+00,0.000000000000000000e+00,0.000000000000000000e+00,0.000000000000000000e+00,0.000000000000000000e+00,0.000000000000000000e+00,2.656496166112408686e-01,0.000000000000000000e+00,-0.000000000000000000e+00,0.000000000000000000e+00,1.307583911059333748e-01,0.000000000000000000e+00,0.000000000000000000e+00,-1.428114676141107597e-01,-0.000000000000000000e+00,0.000000000000000000e+00,0.000000000000000000e+00,0.000000000000000000e+00,0.000000000000000000e+00,0.000000000000000000e+00,0.000000000000000000e+00,-0.000000000000000000e+00,-0.000000000000000000e+00,-4.518617222694926716e-01,-0.000000000000000000e+00,0.000000000000000000e+00,-0.000000000000000000e+00,-0.000000000000000000e+00,-0.000000000000000000e+00,1.021302062338107636e-01,0.000000000000000000e+00
0.000000000000000000e+00,0.000000000000000000e+00,0.000000000000000000e+00,-2.725762473559663057e-01,0.000000000000000000e+00,-0.000000000000000000e+00,1.284800310961220271e+00,-0.000000000000000000e+00,-0.000000000000000000e+00,0.000000000000000000e+00,0.000000000000000000e+00,2.240974258331172170e-03,0.000000000000000000e+00,1.015783534158735402e-01,1.816017429466083299e-01,0.000000000000000000e+00,0.000000000000000000e+00,0.000000000000000000e+00,0.000000000000000000e+00,-0.000000000000000000e+00,0.000000000000000000e+00,-9.910044739645670897e-02,0.000000000000000000e+00,0.000000000000000000e+00,0.000000000000000000e+00,0.000000000000000000e+00,7.979109537300466126e-03,2.740614190993959087e-02,0.000000000000000000e+00,-0.000000000000000000e+00,-0.000000000000000000e+00,0.000000000000000000e+00,0.000000000000000000e+00,-0.000000000000000000e+00,3.663154935857226152e-02,0.000000000000000000e+00,9.051975288971410294e-02,0.000000000000000000e+00,0.000000000000000000e+00
2.032854963379378266e-02,0.000000000000000000e+00,5.782757484585714369e-01,-2.147290023428304884e-01,0.000000000000000000e+00,-0.000000000000000000e+00,-0.000000000000000000e+00,2.809483180356813659e+00,0.000000000000000000e+00,8.140797754978534861e-02,0.000000000000000000e+00,3.346103131822047994e-02,-0.000000000000000000e+00,0.000000000000000000e+00,2.447561840168935299e-01,0.000000000000000000e+00,-0.000000000000000000e+00,2.005690291532091218e-01,2.361124919275396639e-01,0.000000000000000000e+00,1.206173087528154553e-01,-0.000000000000000000e+00,-0.000000000000000000e+00,4.281597610315431013e-02,0.000000000000000000e+00,2.309326974306239455e-01,1.799356155977130944e-01,3.730775203577875732e-01,0.000000000000000000e+00,0.000000000000000000e+00,0.000000000000000000e+00,-0.000000000000000000e+00,2.516060183758319635e-01,0.000000000000000000e+00,0.000000000000000000e+00,0.000000000000000000e+00,0.000000000000000000e+00,5.533449430868850327e-02,0.000000000000000000e+00
-0.000000000000000000e+00,-0.000000000000000000e+00,-0.000000000000000000e+00,0.000000000000000000e+00,-3.034291502633527093e-01,0.000000000000000000e+00,-0.000000000000000000e+00,0.000000000000000000e+00,1.733295671731736487e+00,-0.000000000000000000e+00,-0.000000000000000000e+00,-0.000000000000000000e+00,0.000000000000000000e+00,-0.000000000000000000e+00,-0.000000000000000000e+00,-2.199536541276963519e-01,0.000000000000000000e+00,-0.000000000000000000e+00,-0.000000000000000000e+00,-0.000000000000000000e+00,-0.000000000000000000e+00,0.000000000000000000e+00,-2.395966291327426279e-01,-5.030723843805717799e-02,-2.229072869005726057e-02,-0.000000000000000000e+00,-0.000000000000000000e+00,-0.000000000000000000e+00,-0.000000000000000000e+00,-3.313460422275638084e-02,-0.000000000000000000e+00,0.000000000000000000e+00,-0.000000000000000000e+00,-6.787857388323139674e-01,0.000000000000000000e+00,-0.000000000000000000e+00,0.000000000000000000e+00,-0.000000000000000000e+00,-0.000000000000000000e+00
-3.887800178128343331e-01,-2.914415005564863215e-01,-8.486476769964948486e-02,5.687481030174838803e-02,-1.535504364995289028e-01,0.000000000000000000e+00,0.000000000000000000e+00,8.140797754978534861e-02,-0.000000000000000000e+00,2.495992997563583948e+00,-0.000000000000000000e+00,-0.000000000000000000e+00,0.000000000000000000e+00,-1.712847074644266165e-01,-5.795075737966706025e-02,-6.142226748248251766e-01,-0.000000000000000000e+00,-0.000000000000000000e+00,-0.000000000000000000e+00,-0.000000000000000000e+00,-0.000000000000000000e+00,0.000000000000000000e+00,-0.000000000000000000e+00,-1.406770151726698947e-01,-1.020728922835612423e-01,-5.288801032512978340e-02,-7.374249089720597006e-02,-2.828712429905997153e-02,-1.386892260875400955e-02,-9.259761597103045860e-02,-0.000000000000000000e+00,-0.000000000000000000e+00,-0.000000000000000000e+00,-0.000000000000000000e+00,-0.000000000000000000e+00,-8.147932922848740225e-03,-0.000000000000000000e+00,-1.882247546207628519e-01,-7.198977517198834608e-02
-0.000000000000000000e+00,-1.653371558820042886e-01,-0.000000000000000000e+00,0.000000000000000000e+00,-0.000000000000000000e+00,0.000000000000000000e+00,0.000000000000000000e+00,0.000000000000000000e+00,-0.000000000000000000e+00,-0.000000000000000000e+00,1.154951598779089039e+00,-0.000000000000000000e+00,-0.000000000000000000e+00,-3.575273137654416677e-02,-0.000000000000000000e+00,-0.000000000000000000e+00,-1.388405022721670712e-01,-0.000000000000000000e+00,-0.000000000000000000e+00,0.000000000000000000e+00,-0.000000000000000000e+00,0.000000000000000000e+00,-0.000000000000000000e+00,-4.835789766517548799e-02,0.000000000000000000e+00,-0.000000000000000000e+00,-0.000000000000000000e+00,-0.000000000000000000e+00,-0.000000000000000000e+00,-0.000000000000000000e+00,0.000000000000000000e+00,-0.000000000000000000e+00,-0.000000000000000000e+00,-0.000000000000000000e+00,-0.000000000000000000e+00,-0.000000000000000000e+00,-0.000000000000000000e+00,-1.872534236165345201e-01,-3.615291089176967537e-02
-0.000000000000000000e+00,-0.000000000000000000e+00,-9.480394390712978958e-02,0.000000000000000000e+00,-0.000000000000000000e+00,0.000000000000000000e+00,2.240974258331172170e-03,3.346103131822047994e-02,-0.000000000000000000e+00,-0.000000000000000000e+00,-0.000000000000000000e+00,1.704026256484249213e+00,0.000000000000000000e+00,-0.000000000000000000e+00,-3.488996161070619384e-01,-0.000000000000000000e+00,0.000000000000000000e+00,-6.929800965438207005e-02,-2.879225559181877170e-01,-6.090454023079313467e-02,-0.000000000000000000e+00,0.000000000000000000e+00,-0.000000000000000000e+00,-0.000000000000000000e+00,-0.000000000000000000e+00,-2.959738522566723873e-02,-2.198046673656903760e-01,-0.000000000000000000e+00,-0.000000000000000000e+00,-0.000000000000000000e+00,-0.000000000000000000e+00,0.000000000000000000e+00,-2.636891409496886982e-02,-0.000000000000000000e+00,-0.000000000000000000e+00,-0.000000000000000000e+00,0.000000000000000000e+00,-0.000000000000000000e+00,-2.899411678100447531e-01
0.000000000000000000e+00,0.000000000000000000e+00,0.000000000000000000e+00,-0.000000000000000000e+00,0.000000000000000000e+00,0.000000000000000000e+00,0.000000000000000000e+00,-0.000000000000000000e+00,0.000000000000000000e+00,0.000000000000000000e+00,-0.000000000000000000e+00,0.000000000000000000e+00,1.253965907858174411e+00,-0.000000000000000000e+00,0.000000000000000000e+00,0.000000000000000000e+00,-4.332868540268179636e-02,0.000000000000000000e+00,1.991105071142299648e-02,6.504173452334616190e-02,0.000000000000000000e+00,0.000000000000000000e+00,-0.000000000000000000e+00,0.000000000000000000e+00,-0.000000000000000000e+00,0.000000000000000000e+00,0.000000000000000000e+00,0.000000000000000000e+00,-0.000000000000000000e+00,-0.000000000000000000e+00,5.357408258473357332e-01,-0.000000000000000000e+00,0.000000000000000000e+00,3.801025046914788957e-02,-0.000000000000000000e+00,0.000000000000000000e+00,-0.000000000000000000e+00,0.000000000000000000e+00,0.000000000000000000e+00
-4.927489432412632958e-02,-2.122929189511982007e-01,-0.000000000000000000e+00,0.000000000000000000e+00,-0.000000000000000000e+00,0.000000000000000000e+00,1.015783534158735402e-01,0.000000000000000000e+00,-0.000000000000000000e+00,-1.712847074644266165e-01,-3.575273137654416677e-02,-0.000000000000000000e+00,-0.000000000000000000e+00,2.038125559104532414e+00,-0.000000000000000000e+00,-1.035105185255799642e-01,-5.927162573241769039e-02,-0.000000000000000000e+00,-0.000000000000000000e+00,0.000000000000000000e+00,-0.000000000000000000e+00,7.774551394639439561e-02,-6.973886242541948999e-02,-3.513114085840838841e-01,-1.747922227637234704e-01,-0.000000000000000000e+00,-6.183818127331816572e-02,-0.000000000000000000e+00,-3.630700200923447918e-01,-0.000000000000000000e+00,-0.000000000000000000e+00,-0.000000000000000000e+00,-0.000000000000000000e+00,-0.000000000000000000e+00,-2.649220207174606267e-01,-9.318303037810014844e-02,-1.608348365484707845e-02,-0.000000000000000000e+00,-0.000000000000000000e+00
-1.029043156367821094e-01,-0.000000000000000000e+00,-2.076577070034809347e-01,4.789424550911418610e-01,-0.000000000000000000e+00,2.656496166112408686e-01,1.816017429466083299e-01,2.447561840168935299e-01,-0.000000000000000000e+00,-5.795075737966706025e-02,-0.000000000000000000e+00,-3.488996161070619384e-01,0.000000000000000000e+00,-0.000000000000000000e+00,2.661035041997440231e+00,-5.147820402752965874e-02,0.000000000000000000e+00,-0.000000000000000000e+00,-4.188410169235171066e-02,-0.000000000000000000e+00,-0.000000000000000000e+00,2.490825943839047873e-01,-0.000000000000000000e+00,-0.000000000000000000e+00,-0.000000000000000000e+00,-2.986699910737730113e-01,-0.000000000000000000e+00,-2.954000920121701568e-01,-0.000000000000000000e+00,-0.000000000000000000e+00,-0.000000000000000000e+00,0.000000000000000000e+00,-0.000000000000000000e+00,-0.000000000000000000e+00,-0.000000000000000000e+00,-0.000000000000000000e+00,-0.000000000000000000e+00,-1.449299722947244018e-01,-0.000000000000000000e+00
-3.452906456170558025e-01,-2.294665900783528500e-01,-0.000000000000000000e+00,0.000000000000000000e+00,-2.473621030024368006e-01,0.000000000000000000e+00,0.000000000000000000e+00,0.000000000000000000e+00,-2.199536541276963519e-01,-6.142226748248251766e-01,-0.000000000000000000e+00,-0.000000000000000000e+00,0.000000000000000000e+00,-1.035105185255799642e-01,-5.147820402752965874e-02,2.223638219089642654e+00,-0.000000000000000000e+00,-0.000000000000000000e+00,-0.000000000000000000e+00,-0.000000000000000000e+00,-0.000000000000000000e+00,0.000000000000000000e+00,-1.225878796075255683e-01,-1.848499853693681971e-01,-5.931482866041844909e-02,-2.394005960747091957e-03,-0.000000000000000000e+00,-0.000000000000000000e+00,-0.000000000000000000e+00,-1.015851682485500174e-01,-0.000000000000000000e+00,-0.000000000000000000e+00,-0.000000000000000000e+00,-0.000000000000000000e+00,-0.000000000000000000e+00,-0.000000000000000000e+00,-0.000000000000000000e+00,-3.315162538785492580e-02,-0.000000000000000000e+00
-0.000000000000000000e+00,-0.000000000000000000e+00,0.000000000000000000e+00,0.000000000000000000e+00,0.000000000000000000e+00,-0.000000000000000000e+00,0.000000000000000000e+00,-0.000000000000000000e+00,0.000000000000000000e+00,-0.000000000000000000e+00,-1.388405022721670712e-01,0.000000000000000000e+00,-4.332868540268179636e-02,-5.927162573241769039e-02,0.000000000000000000e+00,-0.000000000000000000e+00,1.794062101922198060e+00,0.000000000000000000e+00,0.000000000000000000e+00,3.835498658092603708e-02,0.000000000000000000e+00,0.000000000000000000e+00,-0.000000000000000000e+00,-0.000000000000000000e+00,-0.000000000000000000e+00,-0.000000000000000000e+00,-0.000000000000000000e+00,-0.000000000000000000e+00,-1.473581379200833430e-02,-0.000000000000000000e+00,-0.000000000000000000e+00,-6.855674749114529787e-01,-0.000000000000000000e+00,0.000000000000000000e+00,-3.127500456653936056e-01,-0.000000000000000000e+00,-3.487584434861615290e-01,-0.000000000000000000e+00,0.000000000000000000e+00
-0.000000000000000000e+00,-0.000000000000000000e+00,-2.507433204915600067e-01,0.000000000000000000e+00,-0.000000000000000000e+00,0.000000000000000000e+00,0.000000000000000000e+00,2.005690291532091218e-01,-0.000000000000000000e+00,-0.000000000000000000e+00,-0.000000000000000000e+00,-6.929800965438207005e-02,0.000000000000000000e+00,-0.000000000000000000e+00,-0.000000000000000000e+00,-0.000000000000000000e+00,0.000000000000000000e+00,2.209332667872351053e+00,-3.292700997064452184e-01,-2.502747974712637991e-02,-3.925588984948653049e-01,0.000000000000000000e+00,0.000000000000000000e+00,-0.000000000000000000e+00,0.000000000000000000e+00,-1.015942510075830141e-01,-0.000000000000000000e+00,-0.000000000000000000e+00,-0.000000000000000000e+00,0.000000000000000000e+00,-1.119292512681673291e-01,0.000000000000000000e+00,-1.122468485623088763e-01,-0.000000000000000000e+00,-0.000000000000000000e+00,-0.000000000000000000e+00,0.000000000000000000e+00,-2.689833727729116775e-01,-3.388157352702456659e-01
-0.000000000000000000e+00,-0.000000000000000000e+00,-2.668116625486219862e-01,0.000000000000000000e+00,-2.013022872776097649e-01,1.307583911059333748e-01,0.000000000000000000e+00,2.361124919275396639e-01,-0.000000000000000000e+00,-0.000000000000000000e+00,-0.000000000000000000e+00,-2.879225559181877170e-01,1.991105071142299648e-02,-0.000000000000000000e+00,-4.188410169235171066e-02,-0.000000000000000000e+00,0.000000000000000000e+00,-3.292700997064452184e-01,1.983644603763228931e+00,-1.118446023510009241e-01,-1.842472706973808383e-01,0.000000000000000000e+00,0.000000000000000000e+00,-0.000000000000000000e+00,-0.000000000000000000e+00,-1.156235694282776033e-01,-6.019735540030492216e-02,-0.000000000000000000e+00,-0.000000000000000000e+00,-0.000000000000000000e+00,-0.000000000000000000e+00,0.000000000000000000e+00,-0.000000000000000000e+00,-0.000000000000000000e+00,0.000000000000000000e+00,-0.000000000000000000e+00,0.000000000000000000e+00,-0.000000000000000000e+00,-1.462183878698828689e-03
-0.000000000000000000e+00,-0.000000000000000000e+00,-0.000000000000000000e+00,0.000000000000000000e+00,-0.000000000000000000e+00,0.000000000000000000e+00,-0.000000000000000000e+00,0.000000000000000000e+00,-0.000000000000000000e+00,-0.000000000000000000e+00,0.000000000000000000e+00,-6.090454023079313467e-02,6.504173452334616190e-02,0.000000000000000000e+00,-0.000000000000000000e+00,-0.000000000000000000e+00,3.835498658092603708e-02,-2.502747974712637991e-02,-1.118446023510009241e-01,1.083003501886172781e+00,-1.358687428092954785e-01,-0.000000000000000000e+00,0.000000000000000000e+00,-0.000000000000000000e+00,0.000000000000000000e+00,-0.000000000000000000e+00,-0.000000000000000000e+00,-0.000000000000000000e+00,-0.000000000000000000e+00,-0.000000000000000000e+00,-1.699300659034086100e-02,0.000000000000000000e+00,-0.000000000000000000e+00,-0.000000000000000000e+00,0.000000000000000000e+00,0.000000000000000000e+00,0.000000000000000000e+00,-0.000000000000000000e+00,-0.000000000000000000e+00
-0.000000000000000000e+00,-0.000000000000000000e+00,-1.641501025656899315e-01,0.000000000000000000e+00,-1.211804426365466897e-01,0.000000000000000000e+00,0.000000000000000000e+00,1.206173087528154553e-01,-0.000000000000000000e+00,-0.000000000000000000e+00,-0.000000000000000000e+00,-0.000000000000000000e+00,0.000000000000000000e+00,-0.000000000000000000e+00,-0.000000000000000000e+00,-0.000000000000000000e+00,0.000000000000000000e+00,-3.925588984948653049e-01,-1.842472706973808383e-01,-1.358687428092954785e-01,2.060208140614476768e+00,0.000000000000000000e+00,-0.000000000000000000e+00,-8.285837899268980178e-02,-0.000000000000000000e+00,-1.586845196711179351e-01,-0.000000000000000000e+00,-8.803472839866874344e-02,-0.000000000000000000e+00,-0.000000000000000000e+00,-1.189970225566182732e-01,0.000000000000000000e+00,-3.720048441291376462e-01,-6.559200101208631506e-02,-0.000000000000000000e+00,-0.000000000000000000e+00,0.000000000000000000e+00,-3.622378775875340767e-02,-2.960556958517875092e-02
4.555459484081937627e-02,0.000000000000000000e+00,0.000000000000000000e+00,-3.290564470028622401e-01,0.000000000000000000e+00,-1.428114676141107597e-01,-9.910044739645670897e-02,-0.000000000000000000e+00,0.000000000000000000e+00,0.000000000000000000e+00,0.000000000000000000e+00,0.000000000000000000e+00,0.000000000000000000e+00,7.774551394639439561e-02,2.490825943839047873e-01,0.000000000000000000e+00,0.000000000000000000e+00,0.000000000000000000e+00,0.000000000000000000e+00,-0.000000000000000000e+00,0.000000000000000000e+00,1.434664635118345855e+00,0.000000000000000000e+00,0.000000000000000000e+00,0.000000000000000000e+00,4.849242542890806751e-02,0.000000000000000000e+00,6.511698983860404744e-02,0.000000000000000000e+00,0.000000000000000000e+00,-0.000000000000000000e+00,-0.000000000000000000e+00,0.000000000000000000e+00,0.000000000000000000e+00,0.000000000000000000e+00,0.000000000000000000e+00,0.000000000000000000e+00,0.000000000000000000e+00,0.000000000000000000e+00
-0.000000000000000000e+00,-0.000000000000000000e+00,0.000000000000000000e+00,-0.000000000000000000e+00,-0.000000000000000000e+00,-0.000000000000000000e+00,0.000000000000000000e+00,-0.000000000000000000e+00,-2.395966291327426279e-01,-0.000000000000000000e+00,-0.000000000000000000e+00,-0.000000000000000000e+00,-0.000000000000000000e+00,-6.973886242541948999e-02,-0.000000000000000000e+00,-1.225878796075255683e-01,-0.000000000000000000e+00,0.000000000000000000e+00,0.000000000000000000e+00,0.000000000000000000e+00,-0.000000000000000000e+00,0.000000000000000000e+00,1.452287619804314200e+00,-4.889746852151565654e-02,-5.333008819577039761e-01,-0.000000000000000000e+00,-0.000000000000000000e+00,-0.000000000000000000e+00,-0.000000000000000000e+00,-8.534755924951900607e-02,0.000000000000000000e+00,-0.000000000000000000e+00,-0.000000000000000000e+00,-0.000000000000000000e+00,-0.000000000000000000e+00,-0.000000000000000000e+00,-0.000000000000000000e+00,-0.000000000000000000e+00,-0.000000000000000000e+00
-1.911170314173260554e-03,-7.577200758867541630e-02,-1.661641749999141077e-02,0.000000000000000000e+00,-1.238415843833312949e-02,0.000000000000000000e+00,0.000000000000000000e+00,4.281597610315431013e-02,-5.030723843805717799e-02,-1.406770151726698947e-01,-4.835789766517548799e-02,-0.000000000000000000e+00,0.000000000000000000e+00,-3.513114085840838841e-01,-0.000000000000000000e+00,-1.848499853693681971e-01,-0.000000000000000000e+00,-0.000000000000000000e+00,-0.000000000000000000e+00,-0.000000000000000000e+00,-8.285837899268980178e-02,0.000000000000000000e+00,-4.889746852151565654e-02,1.618499630166736702e+00,-9.679259720928137800e-02,-5.284455510642573767e-02,-3.122124082918854848e-02,-1.239921679527180567e-03,-1.111619539293721981e-01,-0.000000000000000000e+00,-0.000000000000000000e+00,-0.000000000000000000e+00,-5.316928438944723556e-02,-0.000000000000000000e+00,-0.000000000000000000e+00,-0.000000000000000000e+00,-0.000000000000000000e+00,-8.672390386135458984e-03,-0.000000000000000000e+00
-1.199322737970232311e-01,-0.000000000000000000e+00,-0.000000000000000000e+00,0.000000000000000000e+00,-0.000000000000000000e+00,0.000000000000000000e+00,0.000000000000000000e+00,0.000000000000000000e+00,-2.229072869005726057e-02,-1.020728922835612423e-01,0.000000000000000000e+00,-0.000000000000000000e+00,-0.000000000000000000e+00,-1.747922227637234704e-01,-0.000000000000000000e+00,-5.931482866041844909e-02,-0.000000000000000000e+00,0.000000000000000000e+00,-0.000000000000000000e+00,0.000000000000000000e+00,-0.000000000000000000e+00,0.000000000000000000e+00,-5.333008819577039761e-01,-9.679259720928137800e-02,1.657897359604754817e+00,-0.000000000000000000e+00,-0.000000000000000000e+00,-0.000000000000000000e+00,-0.000000000000000000e+00,-3.300965417297353488e-01,-0.000000000000000000e+00,-0.000000000000000000e+00,-0.000000000000000000e+00,-0.000000000000000000e+00,-0.000000000000000000e+00,-1.349308777356918732e-01,-0.000000000000000000e+00,-0.000000000000000000e+00,-0.000000000000000000e+00
-2.619183546571944854e-01,-1.882686123051038884e-01,-2.153372486435925215e-01,2.399860080838063792e-01,-7.470844078172647618e-02,0.000000000000000000e+00,0.000000000000000000e+00,2.309326974306239455e-01,-0.000000000000000000e+00,-5.288801032512978340e-02,-0.000000000000000000e+00,-2.959738522566723873e-02,0.000000000000000000e+00,-0.000000000000000000e+00,-2.986699910737730113e-01,-2.394005960747091957e-03,-0.000000000000000000e+00,-1.015942510075830141e-01,-1.156235694282776033e-01,-0.000000000000000000e+00,-1.586845196711179351e-01,4.849242542890806751e-02,-0.000000000000000000e+00,-5.284455510642573767e-02,-0.000000000000000000e+00,2.823769530392827853e+00,-1.388487315156208268e-01,-3.057159812647123887e-01,-1.674576743940640322e-01,-0.000000000000000000e+00,-0.000000000000000000e+00,0.000000000000000000e+00,-0.000000000000000000e+00,-0.000000000000000000e+00,-0.000000000000000000e+00,-0.000000000000000000e+00,-0.000000000000000000e+00,-3.444681562512455497e-01,-0.000000000000000000e+00
-1.528745000456302114e-02,-2.343623948926324141e-01,-2.073257320709273599e-01,7.762175119614689311e-02,-0.000000000000000000e+00,0.000000000000000000e+00,7.979109537300466126e-03,1.799356155977130944e-01,-0.000000000000000000e+00,-7.374249089720597006e-02,-0.000000000000000000e+00,-2.198046673656903760e-01,0.000000000000000000e+00,-6.183818127331816572e-02,-0.000000000000000000e+00,-0.000000000000000000e+00,-0.000000000000000000e+00,-0.000000000000000000e+00,-6.019735540030492216e-02,-0.000000000000000000e+00,-0.000000000000000000e+00,0.000000000000000000e+00,-0.000000000000000000e+00,-3.122124082918854848e-02,-0.000000000000000000e+00,-1.388487315156208268e-01,2.354526799588285702e+00,-2.142079596337304881e-01,-1.051094535554186193e-01,-0.000000000000000000e+00,-1.004985929228278119e-01,-0.000000000000000000e+00,-4.847948255266389950e-01,-0.000000000000000000e+00,-9.121113014110848738e-02,-5.705326914913248088e-02,-0.000000000000000000e+00,-0.000000000000000000e+00,-1.016229430627391128e-01
-1.260319426133039988e-01,-0.000000000000000000e+00,-3.508961887018936521e-01,3.454431440975073708e-01,-0.000000000000000000e+00,0.000000000000000000e+00,2.740614190993959087e-02,3.730775203577875732e-01,-0.000000000000000000e+00,-2.828712429905997153e-02,-0.000000000000000000e+00,-0.000000000000000000e+00,0.000000000000000000e+00,-0.000000000000000000e+00,-2.954000920121701568e-01,-0.000000000000000000e+00,-0.000000000000000000e+00,-0.000000000000000000e+00,-0.000000000000000000e+00,-0.000000000000000000e+00,-8.803472839866874344e-02,6.511698983860404744e-02,-0.000000000000000000e+00,-1.239921679527180567e-03,-0.000000000000000000e+00,-3.057159812647123887e-01,-2.142079596337304881e-01,2.813120341381562639e+00,-2.575248214964825921e-01,-0.000000000000000000e+00,-0.000000000000000000e+00,-0.000000000000000000e+00,-3.364935600593628728e-01,-0.000000000000000000e+00,-0.000000000000000000e+00,-0.000000000000000000e+00,-0.000000000000000000e+00,-8.453983798701149299e-02,-0.000000000000000000e+00
-2.492738555518031196e-01,-1.478385628749741554e-01,-0.000000000000000000e+00,1.704895248503475805e-02,-0.000000000000000000e+00,0.000000000000000000e+00,0.000000000000000000e+00,0.000000000000000000e+00,-0.000000000000000000e+00,-1.386892260875400955e-02,-0.000000000000000000e+00,-0.000000000000000000e+00,-0.000000000000000000e+00,-3.630700200923447918e-01,-0.000000000000000000e+00,-0.000000000000000000e+00,-1.473581379200833430e-02,-0.000000000000000000e+00,-0.000000000000000000e+00,-0.000000000000000000e+00,-0.000000000000000000e+00,0.000000000000000000e+00,-0.000000000000000000e+00,-1.111619539293721981e-01,-0.000000000000000000e+00,-1.674576743940640322e-01,-1.051094535554186193e-01,-2.575248214964825921e-01,2.235352156345153052e+00,-0.000000000000000000e+00,-0.000000000000000000e+00,-0.000000000000000000e+00,-1.091979148772272423e-01,-0.000000000000000000e+00,-5.307412359375675015e-01,-0.000000000000000000e+00,-1.186586059351235622e-01,-1.204821783819547132e-01,-0.000000000000000000e+00
-1.976297540439916900e-02,-0.000000000000000000e+00,-0.000000000000000000e+00,0.000000000000000000e+00,-0.000000000000000000e+00,-0.000000000000000000e+00,-0.000000000000000000e+00,0.000000000000000000e+00,-3.313460422275638084e-02,-9.259761597103045860e-02,-0.000000000000000000e+00,-0.000000000000000000e+00,-0.000000000000000000e+00,-0.000000000000000000e+00,-0.000000000000000000e+00,-1.015851682485500174e-01,-0.000000000000000000e+00,0.000000000000000000e+00,-0.000000000000000000e+00,-0.000000000000000000e+00,-0.000000000000000000e+00,0.000000000000000000e+00,-8.534755924951900607e-02,-0.000000000000000000e+00,-3.300965417297353488e-01,-0.000000000000000000e+00,-0.000000000000000000e+00,-0.000000000000000000e+00,-0.000000000000000000e+00,1.229339690869148960e+00,-0.000000000000000000e+00,-0.000000000000000000e+00,-0.000000000000000000e+00,-0.000000000000000000e+00,-0.000000000000000000e+00,-4.409236504461809536e-02,-0.000000000000000000e+00,-0.000000000000000000e+00,-0.000000000000000000e+00
-0.000000000000000000e+00,-0.000000000000000000e+00,-2.076935091387229274e-02,0.000000000000000000e+00,-0.000000000000000000e+00,-0.000000000000000000e+00,-0.000000000000000000e+00,0.000000000000000000e+00,-0.000000000000000000e+00,-0.000000000000000000e+00,0.000000000000000000e+00,-0.000000000000000000e+00,5.357408258473357332e-01,-0.000000000000000000e+00,-0.000000000000000000e+00,-0.000000000000000000e+00,-0.000000000000000000e+00,-1.119292512681673291e-01,-0.000000000000000000e+00,-1.699300659034086100e-02,-1.189970225566182732e-01,-0.000000000000000000e+00,0.000000000000000000e+00,-0.000000000000000000e+00,-0.000000000000000000e+00,-0.000000000000000000e+00,-1.004985929228278119e-01,-0.000000000000000000e+00,-0.000000000000000000e+00,-0.000000000000000000e+00,1.682105022499938540e+00,-0.000000000000000000e+00,-3.026160492158099236e-01,-0.000000000000000000e+00,-0.000000000000000000e+00,-0.000000000000000000e+00,-0.000000000000000000e+00,-0.000000000000000000e+00,-3.497911708157721011e-01
-0.000000000000000000e+00,-0.000000000000000000e+00,0.000000000000000000e+00,-0.000000000000000000e+00,0.000000000000000000e+00,-4.518617222694926716e-01,0.000000000000000000e+00,-0.000000000000000000e+00,0.000000000000000000e+00,-0.000000000000000000e+00,-0.000000000000000000e+00,0.000000000000000000e+00,-0.000000000000000000e+00,-0.000000000000000000e+00,0.000000000000000000e+00,-0.000000000000000000e+00,-6.855674749114529787e-01,0.000000000000000000e+00,0.000000000000000000e+00,0.000000000000000000e+00,0.000000000000000000e+00,-0.000000000000000000e+00,-0.000000000000000000e+00,-0.000000000000000000e+00,-0.000000000000000000e+00,0.000000000000000000e+00,-0.000000000000000000e+00,-0.000000000000000000e+00,-0.000000000000000000e+00,-0.000000000000000000e+00,-0.000000000000000000e+00,2.015505316608201092e+00,-0.000000000000000000e+00,0.000000000000000000e+00,-1.597845067231143945e-01,-0.000000000000000000e+00,-6.722261808389243809e-01,0.000000000000000000e+00,-0.000000000000000000e+00
-0.000000000000000000e+00,-0.000000000000000000e+00,-3.194284554677190302e-01,0.000000000000000000e+00,-0.000000000000000000e+00,-0.000000000000000000e+00,0.000000000000000000e+00,2.516060183758319635e-01,-0.000000000000000000e+00,-0.000000000000000000e+00,-0.000000000000000000e+00,-2.636891409496886982e-02,0.000000000000000000e+00,-0.000000000000000000e+00,-0.000000000000000000e+00,-0.000000000000000000e+00,-0.000000000000000000e+00,-1.122468485623088763e-01,-0.000000000000000000e+00,-0.000000000000000000e+00,-3.720048441291376462e-01,0.000000000000000000e+00,-0.000000000000000000e+00,-5.316928438944723556e-02,-0.000000000000000000e+00,-0.000000000000000000e+00,-4.847948255266389950e-01,-3.364935600593628728e-01,-1.091979148772272423e-01,-0.000000000000000000e+00,-3.026160492158099236e-01,-0.000000000000000000e+00,2.386362039312417416e+00,-0.000000000000000000e+00,-0.000000000000000000e+00,-0.000000000000000000e+00,-0.000000000000000000e+00,-0.000000000000000000e+00,-0.000000000000000000e+00
-0.000000000000000000e+00,-0.000000000000000000e+00,-0.000000000000000000e+00,0.000000000000000000e+00,-4.549915485643466484e-01,0.000000000000000000e+00,-0.000000000000000000e+00,0.000000000000000000e+00,-6.787857388323139674e-01,-0.000000000000000000e+00,-0.000000000000000000e+00,-0.000000000000000000e+00,3.801025046914788957e-02,-0.000000000000000000e+00,-0.000000000000000000e+00,-0.000000000000000000e+00,0.000000000000000000e+00,-0.000000000000000000e+00,-0.000000000000000000e+00,-0.000000000000000000e+00,-6.559200101208631506e-02,0.000000000000000000e+00,-0.000000000000000000e+00,-0.000000000000000000e+00,-0.000000000000000000e+00,-0.000000000000000000e+00,-0.000000000000000000e+00,-0.000000000000000000e+00,-0.000000000000000000e+00,-0.000000000000000000e+00,-0.000000000000000000e+00,0.000000000000000000e+00,-0.000000000000000000e+00,1.675325533225639152e+00,0.000000000000000000e+00,-0.000000000000000000e+00,1.205471640587352511e-01,-5.689788104709420091e-02,-7.213573466304105952e-02
-0.000000000000000000e+00,-0.000000000000000000e+00,-0.000000000000000000e+00,0.000000000000000000e+00,-0.000000000000000000e+00,-0.000000000000000000e+00,3.663154935857226152e-02,0.000000000000000000e+00,0.000000000000000000e+00,-0.000000000000000000e+00,-0.000000000000000000e+00,-0.000000000000000000e+00,-0.000000000000000000e+00,-2.649220207174606267e-01,-0.000000000000000000e+00,-0.000000000000000000e+00,-3.127500456653936056e-01,-0.000000000000000000e+00,0.000000000000000000e+00,0.000000000000000000e+00,-0.000000000000000000e+00,0.000000000000000000e+00,-0.000000000000000000e+00,-0.000000000000000000e+00,-0.000000000000000000e+00,-0.000000000000000000e+00,-9.121113014110848738e-02,-0.000000000000000000e+00,-5.307412359375675015e-01,-0.000000000000000000e+00,-0.000000000000000000e+00,-1.597845067231143945e-01,-0.000000000000000000e+00,0.000000000000000000e+00,2.122941672157356852e+00,-2.927891457323066327e-01,-5.566131837961600937e-01,-0.000000000000000000e+00,-0.000000000000000000e+00
-0.000000000000000000e+00,-1.820057941006663349e-01,-0.000000000000000000e+00,0.000000000000000000e+00,-0.000000000000000000e+00,-0.000000000000000000e+00,0.000000000000000000e+00,0.000000000000000000e+00,-0.000000000000000000e+00,-8.147932922848740225e-03,-0.000000000000000000e+00,-0.000000000000000000e+00,0.000000000000000000e+00,-9.318303037810014844e-02,-0.000000000000000000e+00,-0.000000000000000000e+00,-0.000000000000000000e+00,-0.000000000000000000e+00,-0.000000000000000000e+00,0.000000000000000000e+00,-0.000000000000000000e+00,0.000000000000000000e+00,-0.000000000000000000e+00,-0.000000000000000000e+00,-1.349308777356918732e-01,-0.000000000000000000e+00,-5.705326914913248088e-02,-0.000000000000000000e+00,-0.000000000000000000e+00,-4.409236504461809536e-02,-0.000000000000000000e+00,-0.000000000000000000e+00,-0.000000000000000000e+00,-0.000000000000000000e+00,-2.927891457323066327e-01,1.311795402172525993e+00,-1.040213693025973107e-01,-0.000000000000000000e+00,-0.000000000000000000e+00
-0.000000000000000000e+00,-0.000000000000000000e+00,-0.000000000000000000e+00,0.000000000000000000e+00,0.000000000000000000e+00,-0.000000000000000000e+00,9.051975288971410294e-02,0.000000000000000000e+00,0.000000000000000000e+00,-0.000000000000000000e+00,-0.000000000000000000e+00,0.000000000000000000e+00,-0.000000000000000000e+00,-1.608348365484707845e-02,-0.000000000000000000e+00,-0.000000000000000000e+00,-3.487584434861615290e-01,0.000000000000000000e+00,0.000000000000000000e+00,0.000000000000000000e+00,0.000000000000000000e+00,0.000000000000000000e+00,-0.000000000000000000e+00,-0.000000000000000000e+00,-0.000000000000000000e+00,-0.000000000000000000e+00,-0.000000000000000000e+00,-0.000000000000000000e+00,-1.186586059351235622e-01,-0.000000000000000000e+00,-0.000000000000000000e+00,-6.722261808389243809e-01,-0.000000000000000000e+00,1.205471640587352511e-01,-5.566131837961600937e-01,-1.040213693025973107e-01,2.001415598719943123e+00,-0.000000000000000000e+00,0.000000000000000000e+00
-0.000000000000000000e+00,-2.301601909074859514e-04,-1.328620763533570719e-02,1.426221193381789765e-01,-1.588208560692198068e-01,1.021302062338107636e-01,0.000000000000000000e+00,5.533449430868850327e-02,-0.000000000000000000e+00,-1.882247546207628519e-01,-1.872534236165345201e-01,-0.000000000000000000e+00,0.000000000000000000e+00,-0.000000000000000000e+00,-1.449299722947244018e-01,-3.315162538785492580e-02,-0.000000000000000000e+00,-2.689833727729116775e-01,-0.000000000000000000e+00,-0.000000000000000000e+00,-3.622378775875340767e-02,0.000000000000000000e+00,-0.000000000000000000e+00,-8.672390386135458984e-03,-0.000000000000000000e+00,-3.444681562512455497e-01,-0.000000000000000000e+00,-8.453983798701149299e-02,-1.204821783819547132e-01,-0.000000000000000000e+00,-0.000000000000000000e+00,0.000000000000000000e+00,-0.000000000000000000e+00,-5.689788104709420091e-02,-0.000000000000000000e+00,-0.000000000000000000e+00,-0.000000000000000000e+00,2.024141261937772107e+00,-1.628292708468872807e-01
-0.000000000000000000e+00,-0.000000000000000000e+00,-0.000000000000000000e+00,0.000000000000000000e+00,-0.000000000000000000e+00,0.000000000000000000e+00,0.000000000000000000e+00,0.000000000000000000e+00,-0.000000000000000000e+00,-7.198977517198834608e-02,-3.615291089176967537e-02,-2.899411678100447531e-01,0.000000000000000000e+00,-0.000000000000000000e+00,-0.000000000000000000e+00,-0.000000000000000000e+00,0.000000000000000000e+00,-3.388157352702456659e-01,-1.462183878698828689e-03,-0.000000000000000000e+00,-2.960556958517875092e-02,0.000000000000000000e+00,-0.000000000000000000e+00,-0.000000000000000000e+00,-0.000000000000000000e+00,-0.000000000000000000e+00,-1.016229430627391128e-01,-0.000000000000000000e+00,-0.000000000000000000e+00,-0.000000000000000000e+00,-3.497911708157721011e-01,-0.000000000000000000e+00,-0.000000000000000000e+00,-7.213573466304105952e-02,-0.000000000000000000e+00,-0.000000000000000000e+00,0.000000000000000000e+00,-1.628292708468872807e-01,1.643751189523570355e+00
