2.230670068241672244e+00,-5.399814268027420816e-01,-0.000000000000000000e+00,0.000000000000000000e+00,-0.000000000000000000e+00,0.000000000000000000e+00,-0.000000000000000000e+00,0.000000000000000000e+00,-1.955067257950886539e-01,-3.399498233930141056e-01,0.000000000000000000e+00,-0.000000000000000000e+00,7.835446074926072368e-02,-0.000000000000000000e+00,-0.000000000000000000e+00,-2.304031288984386694e-01,-0.000000000000000000e+00,-0.000000000000000000e+00,-0.000000000000000000e+00,-0.000000000000000000e+00,-0.000000000000000000e+00,-0.000000000000000000e+00,-0.000000000000000000e+00,-0.000000000000000000e+00,-1.905578751201523688e-02,-0.000000000000000000e+00,0.000000000000000000e+00,-0.000000000000000000e+00,-0.000000000000000000e+00,-5.761741892799907561e-01,-0.000000000000000000e+00,-1.354960596366977243e-01,-0.000000000000000000e+00,-0.000000000000000000e+00,0.000000000000000000e+00,-2.517203024476825091e-01,0.000000000000000000e+00,-6.529280116468567929e-02,-0.000000000000000000e+00
-5.399814268027420816e-01,1.806901577241228907e+00,-0.000000000000000000e+00,-0.000000000000000000e+00,-0.000000000000000000e+00,-0.000000000000000000e+00,-0.000000000000000000e+00,-0.000000000000000000e+00,-5.018422687502822610e-01,-0.000000000000000000e+00,0.000000000000000000e+00,-0.000000000000000000e+00,0.000000000000000000e+00,-2.358073483536002324e-01,0.000000000000000000e+00,-0.000000000000000000e+00,0.000000000000000000e+00,-0.000000000000000000e+00,-0.000000000000000000e+00,-0.000000000000000000e+00,-0.000000000000000000e+00,-6.829969936130118879e-02,-0.000000000000000000e+00,-0.000000000000000000e+00,-0.000000000000000000e+00,-0.000000000000000000e+00,-4.650177219848770221e-02,0.000000000000000000e+00,-3.412729539066095552e-01,-0.000000000000000000e+00,-7.015815009875218944e-02,-0.000000000000000000e+00,0.000000000000000000e+00,-0.000000000000000000e+00,-0.000000000000000000e+00,-0.000000000000000000e+00,-0.000000000000000000e+00,-0.000000000000000000e+00,-2.036926291875390538e-02
-0.000000000000000000e+00,-0.000000000000000000e+00,2.340124619903010572e+00,0.000000000000000000e+00,-4.934383766055306375e-01,0.000000000000000000e+00,-0.000000000000000000e+00,7.339107242205221704e-01,-0.000000000000000000e+00,-2.647104323722503372e-01,-0.000000000000000000e+00,0.000000000000000000e+00,0.000000000000000000e+00,-0.000000000000000000e+00,-0.000000000000000000e+00,-1.748160816638315018e-01,-0.000000000000000000e+00,-0.000000000000000000e+00,-3.085798548980516198e-01,-0.000000000000000000e+00,-0.000000000000000000e+00,-1.955717856310372049e-03,-0.000000000000000000e+00,-0.000000000000000000e+00,-0.000000000000000000e+00,-0.000000000000000000e+00,0.000000000000000000e+00,-3.100622366207462788e-01,0.000000000000000000e+00,-0.000000000000000000e+00,-0.000000000000000000e+00,-0.000000000000000000e+00,0.000000000000000000e+00,-0.000000000000000000e+00,0.000000000000000000e+00,-0.000000000000000000e+00,0.000000000000000000e+00,-0.000000000000000000e+00,-0.000000000000000000e+00
0.000000000000000000e+00,-0.000000000000000000e+00,0.000000000000000000e+00,1.546680486632620255e+00,-0.000000000000000000e+00,-0.000000000000000000e+00,-5.956925437336212381e-01,-0.000000000000000000e+00,-0.000000000000000000e+00,0.000000000000000000e+00,-0.000000000000000000e+00,-0.000000000000000000e+00,0.000000000000000000e+00,-0.000000000000000000e+00,3.672181603817866180e-01,0.000000000000000000e+00,0.000000000000000000e+00,-0.000000000000000000e+00,-0.000000000000000000e+00,-0.000000000000000000e+00,0.000000000000000000e+00,-0.000000000000000000e+00,0.000000000000000000e+00,2.302388810839468836e-01,0.000000000000000000e+00,0.000000000000000000e+00,-1.069076613176098006e-01,0.000000000000000000e+00,-0.000000000000000000e+00,0.000000000000000000e+00,-0.000000000000000000e+00,5.948934177491996267e-02,0.000000000000000000e+00,0.000000000000000000e+00,-0.000000000000000000e+00,0.000000000000000000e+00,-0.000000000000000000e+00,0.000000000000000000e+00,-0.000000000000000000e+00
-0.000000000000000000e+00,-0.000000000000000000e+00,-4.934383766055306375e-01,-0.000000000000000000e+00,1.982010615686915944e+00,0.000000000000000000e+00,-0.000000000000000000e+00,2.557573110317797882e-01,-7.925448289729257467e-02,-0.000000000000000000e+00,-0.000000000000000000e+00,-0.000000000000000000e+00,0.000000000000000000e+00,-0.000000000000000000e+00,-0.000000000000000000e+00,-1.377229034720570955e-01,-0.000000000000000000e+00,-5.899037246632724552e-01,-1.470443306669904082e-01,-0.000000000000000000e+00,-0.000000000000000000e+00,-0.000000000000000000e+00,-0.000000000000000000e+00,-0.000000000000000000e+00,-0.000000000000000000e+00,-0.000000000000000000e+00,0.000000000000000000e+00,-0.000000000000000000e+00,0.000000000000000000e+00,-0.000000000000000000e+00,-0.000000000000000000e+00,-0.000000000000000000e+00,0.000000000000000000e+00,-1.509415385078349825e-01,0.000000000000000000e+00,-0.000000000000000000e+00,0.000000000000000000e+00,-0.000000000000000000e+00,-0.000000000000000000e+00
0.000000000000000000e+00,-0.000000000000000000e+00,0.000000000000000000e+00,-0.000000000000000000e+00,0.000000000000000000e+00,2.111066460809457812e+00,0.000000000000000000e+00,-0.000000000000000000e+00,-0.000000000000000000e+00,0.000000000000000000e+00,-0.000000000000000000e+00,0.000000000000000000e+00,-0.000000000000000000e+00,-2.172926462570383688e-01,0.000000000000000000e+00,0.000000000000000000e+00,-0.000000000000000000e+00,0.000000000000000000e+00,0.000000000000000000e+00,4.245904343135248338e-02,2.837546427398274229e-01,0.000000000000000000e+00,0.000000000000000000e+00,-0.000000000000000000e+00,0.000000000000000000e+00,-0.000000000000000000e+00,-0.000000000000000000e+00,0.000000000000000000e+00,-1.600994878377156594e-01,0.000000000000000000e+00,-0.000000000000000000e+00,0.000000000000000000e+00,-4.335193474527741508e-01,9.836410698890360460e-02,-6.695259235405773834e-01,-0.000000000000000000e+00,-3.399431260117649622e-01,-0.000000000000000000e+00,0.000000000000000000e+00
-0.000000000000000000e+00,-0.000000000000000000e+00,-0.000000000000000000e+00,-5.956925437336212381e-01,-0.000000000000000000e+00,0.000000000000000000e+00,1.276269541045275790e+00,-0.000000000000000000e+00,-0.000000000000000000e+00,-0.000000000000000000e+00,-0.000000000000000000e+00,-0.000000000000000000e+00,0.000000000000000000e+00,-0.000000000000000000e+00,0.000000000000000000e+00,-0.000000000000000000e+00,0.000000000000000000e+00,-3.459721662834264883e-02,-0.000000000000000000e+00,-0.000000000000000000e+00,0.000000000000000000e+00,-0.000000000000000000e+00,0.000000000000000000e+00,0.000000000000000000e+00,0.000000000000000000e+00,0.000000000000000000e+00,-0.000000000000000000e+00,0.000000000000000000e+00,-0.000000000000000000e+00,0.000000000000000000e+00,-0.000000000000000000e+00,0.000000000000000000e+00,0.000000000000000000e+00,0.000000000000000000e+00,-0.000000000000000000e+00,0.000000000000000000e+00,-0.000000000000000000e+00,0.000000000000000000e+00,-0.000000000000000000e+00
0.000000000000000000e+00,-0.000000000000000000e+00,7.339107242205221704e-01,-0.000000000000000000e+00,2.557573110317797882e-01,-0.000000000000000000e+00,-0.000000000000000000e+00,2.523092983323366845e+00,0.000000000000000000e+00,4.309083826741348655e-02,0.000000000000000000e+00,-0.000000000000000000e+00,-0.000000000000000000e+00,0.000000000000000000e+00,0.000000000000000000e+00,1.247228047393106054e-01,0.000000000000000000e+00,0.000000000000000000e+00,1.129190713430541920e-01,0.000000000000000000e+00,1.871598089083733873e-01,0.000000000000000000e+00,8.121890190414680910e-02,0.000000000000000000e+00,1.698291100070732085e-01,0.000000000000000000e+00,-0.000000000000000000e+00,5.072064693631980203e-01,-0.000000000000000000e+00,3.773420927957360504e-02,-0.000000000000000000e+00,0.000000000000000000e+00,-0.000000000000000000e+00,3.382681448793538603e-01,-0.000000000000000000e+00,0.000000000000000000e+00,-0.000000000000000000e+00,0.000000000000000000e+00,0.000000000000000000e+00
-1.955067257950886539e-01,-5.018422687502822610e-01,-0.000000000000000000e+00,-0.000000000000000000e+00,-7.925448289729257467e-02,-0.000000000000000000e+00,-0.000000000000000000e+00,0.000000000000000000e+00,1.964175456530747654e+00,-2.069457867483960878e-01,-0.000000000000000000e+00,-3.090053122714477712e-02,3.838095747738003161e-02,-1.340611581573742661e-01,-0.000000000000000000e+00,-2.282285874572492212e-01,0.000000000000000000e+00,-1.347362922729349044e-01,-1.335490168230143437e-01,-0.000000000000000000e+00,-0.000000000000000000e+00,-6.415229326252359920e-02,-0.000000000000000000e+00,-0.000000000000000000e+00,-0.000000000000000000e+00,-0.000000000000000000e+00,-0.000000000000000000e+00,-0.000000000000000000e+00,-0.000000000000000000e+00,-0.000000000000000000e+00,-1.558254146806441753e-01,-0.000000000000000000e+00,0.000000000000000000e+00,-0.000000000000000000e+00,-0.000000000000000000e+00,-0.000000000000000000e+00,-0.000000000000000000e+00,-0.000000000000000000e+00,-4.153378411797771785e-01
-3.399498233930141056e-01,-0.000000000000000000e+00,-2.647104323722503372e-01,0.000000000000000000e+00,-0.000000000000000000e+00,0.000000000000000000e+00,-0.000000000000000000e+00,4.309083826741348655e-02,-2.069457867483960878e-01,2.262166786183743117e+00,-0.000000000000000000e+00,0.000000000000000000e+00,0.000000000000000000e+00,-0.000000000000000000e+00,-0.000000000000000000e+00,-5.377028049349386052e-01,-0.000000000000000000e+00,-0.000000000000000000e+00,-1.012573786934035797e-01,-0.000000000000000000e+00,-0.000000000000000000e+00,-0.000000000000000000e+00,-3.323215006099827090e-02,-0.000000000000000000e+00,-3.807966198410361880e-01,-1.487131856365829230e-01,0.000000000000000000e+00,-0.000000000000000000e+00,0.000000000000000000e+00,-1.620550134076330084e-01,-0.000000000000000000e+00,-0.000000000000000000e+00,-0.000000000000000000e+00,-0.000000000000000000e+00,0.000000000000000000e+00,-1.206082704023482416e-01,0.000000000000000000e+00,-0.000000000000000000e+00,-0.000000000000000000e+00
0.000000000000000000e+00,0.000000000000000000e+00,-0.000000000000000000e+00,-0.000000000000000000e+00,-0.000000000000000000e+00,-0.000000000000000000e+00,-0.000000000000000000e+00,0.000000000000000000e+00,-0.000000000000000000e+00,-0.000000000000000000e+00,1.152207139385771129e+00,-0.000000000000000000e+00,-0.000000000000000000e+00,-0.000000000000000000e+00,0.000000000000000000e+00,0.000000000000000000e+00,-1.549192613568403654e-01,-0.000000000000000000e+00,-0.000000000000000000e+00,-0.000000000000000000e+00,0.000000000000000000e+00,-0.000000000000000000e+00,0.000000000000000000e+00,-0.000000000000000000e+00,0.000000000000000000e+00,-0.000000000000000000e+00,-0.000000000000000000e+00,-0.000000000000000000e+00,-0.000000000000000000e+00,0.000000000000000000e+00,-1.718578199139670359e-01,0.000000000000000000e+00,-0.000000000000000000e+00,0.000000000000000000e+00,-2.452455320439849984e-01,0.000000000000000000e+00,-3.773102116090895630e-02,0.000000000000000000e+00,-0.000000000000000000e+00
-0.000000000000000000e+00,-0.000000000000000000e+00,0.000000000000000000e+00,-0.000000000000000000e+00,-0.000000000000000000e+00,0.000000000000000000e+00,-0.000000000000000000e+00,-0.000000000000000000e+00,-3.090053122714477712e-02,0.000000000000000000e+00,-0.000000000000000000e+00,1.669416771597158400e+00,0.000000000000000000e+00,-0.000000000000000000e+00,0.000000000000000000e+00,0.000000000000000000e+00,3.394543779652719473e-01,-0.000000000000000000e+00,-0.000000000000000000e+00,-0.000000000000000000e+00,-0.000000000000000000e+00,-0.000000000000000000e+00,0.000000000000000000e+00,0.000000000000000000e+00,0.000000000000000000e+00,7.793354155499125635e-02,-3.479049768434812617e-01,0.000000000000000000e+00,-0.000000000000000000e+00,0.000000000000000000e+00,-0.000000000000000000e+00,-0.000000000000000000e+00,2.649511173611749926e-01,-0.000000000000000000e+00,0.000000000000000000e+00,0.000000000000000000e+00,-0.000000000000000000e+00,-0.000000000000000000e+00,-6.431679013472998419e-01
7.835446074926072368e-02,0.000000000000000000e+00,0.000000000000000000e+00,0.000000000000000000e+00,0.000000000000000000e+00,-0.000000000000000000e+00,0.000000000000000000e+00,-0.000000000000000000e+00,3.838095747738003161e-02,0.000000000000000000e+00,-0.000000000000000000e+00,0.000000000000000000e+00,1.025737132612410729e+00,-0.000000000000000000e+00,0.000000000000000000e+00,0.000000000000000000e+00,-5.231527490505556016e-02,0.000000000000000000e+00,0.000000000000000000e+00,0.000000000000000000e+00,0.000000000000000000e+00,0.000000000000000000e+00,0.000000000000000000e+00,-0.000000000000000000e+00,0.000000000000000000e+00,-0.000000000000000000e+00,0.000000000000000000e+00,-0.000000000000000000e+00,0.000000000000000000e+00,7.306754375891118952e-03,0.000000000000000000e+00,0.000000000000000000e+00,-0.000000000000000000e+00,0.000000000000000000e+00,-0.000000000000000000e+00,0.000000000000000000e+00,-0.000000000000000000e+00,0.000000000000000000e+00,8.136964423673971603e-02
-0.000000000000000000e+00,-2.358073483536002324e-01,-0.000000000000000000e+00,-0.000000000000000000e+00,-0.000000000000000000e+00,-2.172926462570383688e-01,-0.000000000000000000e+00,0.000000000000000000e+00,-1.340611581573742661e-01,-0.000000000000000000e+00,-0.000000000000000000e+00,-0.000000000000000000e+00,-0.000000000000000000e+00,1.838988938799839490e+00,0.000000000000000000e+00,-0.000000000000000000e+00,-0.000000000000000000e+00,-0.000000000000000000e+00,-0.000000000000000000e+00,-0.000000000000000000e+00,0.000000000000000000e+00,-1.119184147054970574e-01,0.000000000000000000e+00,-0.000000000000000000e+00,-0.000000000000000000e+00,-1.024489321054150720e-01,-4.536704585448647631e-02,-0.000000000000000000e+00,-4.070499734566914718e-01,-0.000000000000000000e+00,-4.058029255821121173e-01,-0.000000000000000000e+00,-0.000000000000000000e+00,0.000000000000000000e+00,-1.717603428339662397e-01,-0.000000000000000000e+00,-6.430408024034410530e-02,-0.000000000000000000e+00,-0.000000000000000000e+00
-0.000000000000000000e+00,0.000000000000000000e+00,-0.000000000000000000e+00,3.672181603817866180e-01,-0.000000000000000000e+00,0.000000000000000000e+00,0.000000000000000000e+00,0.000000000000000000e+00,-0.000000000000000000e+00,-0.000000000000000000e+00,0.000000000000000000e+00,0.000000000000000000e+00,0.000000000000000000e+00,0.000000000000000000e+00,2.118403072111140428e+00,-0.000000000000000000e+00,-0.000000000000000000e+00,0.000000000000000000e+00,-0.000000000000000000e+00,-0.000000000000000000e+00,-1.147781147782695466e-01,0.000000000000000000e+00,-2.982328768425189791e-01,-7.204489344896608527e-02,-0.000000000000000000e+00,-0.000000000000000000e+00,2.582134242143969693e-01,-7.279859932916558918e-02,2.484629284538041050e-02,-9.123879274681123697e-02,6.853122535139480331e-02,-9.538548033469022858e-02,-0.000000000000000000e+00,-4.131669864058654107e-01,1.145075020600665357e-02,-6.573678001612562848e-03,3.528896125667593253e-01,-1.458860126349749986e-01,-0.000000000000000000e+00
-2.304031288984386694e-01,-0.000000000000000000e+00,-1.748160816638315018e-01,0.000000000000000000e+00,-1.377229034720570955e-01,0.000000000000000000e+00,-0.000000000000000000e+00,1.247228047393106054e-01,-2.282285874572492212e-01,-5.377028049349386052e-01,0.000000000000000000e+00,0.000000000000000000e+00,0.000000000000000000e+00,-0.000000000000000000e+00,-0.000000000000000000e+00,2.445834013636187354e+00,-0.000000000000000000e+00,-0.000000000000000000e+00,-3.009797791879497558e-02,-0.000000000000000000e+00,-0.000000000000000000e+00,-0.000000000000000000e+00,-2.100701684397051905e-01,-0.000000000000000000e+00,-2.392541691089999922e-01,-0.000000000000000000e+00,0.000000000000000000e+00,-0.000000000000000000e+00,0.000000000000000000e+00,-4.369709198581862575e-01,-0.000000000000000000e+00,-0.000000000000000000e+00,-0.000000000000000000e+00,-5.565001432412085280e-02,0.000000000000000000e+00,-1.550155868227627576e-01,0.000000000000000000e+00,-6.499033210201268264e-03,-0.000000000000000000e+00
-0.000000000000000000e+00,0.000000000000000000e+00,-0.000000000000000000e+00,0.000000000000000000e+00,-0.000000000000000000e+00,-0.000000000000000000e+00,0.000000000000000000e+00,0.000000000000000000e+00,0.000000000000000000e+00,-0.000000000000000000e+00,-1.549192613568403654e-01,3.394543779652719473e-01,-5.231527490505556016e-02,-0.000000000000000000e+00,-0.000000000000000000e+00,-0.000000000000000000e+00,1.677228356274495846e+00,0.000000000000000000e+00,0.000000000000000000e+00,0.000000000000000000e+00,0.000000000000000000e+00,0.000000000000000000e+00,-0.000000000000000000e+00,-1.575303122187559912e-01,-0.000000000000000000e+00,-6.759271164655281661e-01,0.000000000000000000e+00,-3.937223429589062351e-02,0.000000000000000000e+00,-0.000000000000000000e+00,0.000000000000000000e+00,-0.000000000000000000e+00,-2.385826875450051399e-01,0.000000000000000000e+00,-0.000000000000000000e+00,-1.472917371749929254e-02,-0.000000000000000000e+00,-0.000000000000000000e+00,0.000000000000000000e+00
-0.000000000000000000e+00,-0.000000000000000000e+00,-0.000000000000000000e+00,-0.000000000000000000e+00,-5.899037246632724552e-01,0.000000000000000000e+00,-3.459721662834264883e-02,0.000000000000000000e+00,-1.347362922729349044e-01,-0.000000000000000000e+00,-0.000000000000000000e+00,-0.000000000000000000e+00,0.000000000000000000e+00,-0.000000000000000000e+00,0.000000000000000000e+00,-0.000000000000000000e+00,0.000000000000000000e+00,1.883104363693819394e+00,-7.272201925710669590e-01,-0.000000000000000000e+00,-0.000000000000000000e+00,-0.000000000000000000e+00,-0.000000000000000000e+00,-0.000000000000000000e+00,-0.000000000000000000e+00,0.000000000000000000e+00,-0.000000000000000000e+00,-0.000000000000000000e+00,0.000000000000000000e+00,-0.000000000000000000e+00,-0.000000000000000000e+00,0.000000000000000000e+00,3.040502448582595441e-01,-0.000000000000000000e+00,0.000000000000000000e+00,0.000000000000000000e+00,0.000000000000000000e+00,0.000000000000000000e+00,-0.000000000000000000e+00
-0.000000000000000000e+00,-0.000000000000000000e+00,-3.085798548980516198e-01,-0.000000000000000000e+00,-1.470443306669904082e-01,0.000000000000000000e+00,-0.000000000000000000e+00,1.129190713430541920e-01,-1.335490168230143437e-01,-1.012573786934035797e-01,-0.000000000000000000e+00,-0.000000000000000000e+00,0.000000000000000000e+00,-0.000000000000000000e+00,-0.000000000000000000e+00,-3.009797791879497558e-02,0.000000000000000000e+00,-7.272201925710669590e-01,1.953055200874672437e+00,-0.000000000000000000e+00,-0.000000000000000000e+00,-6.477265968583698075e-02,-0.000000000000000000e+00,-0.000000000000000000e+00,-7.204746308771062258e-02,-0.000000000000000000e+00,-0.000000000000000000e+00,-0.000000000000000000e+00,0.000000000000000000e+00,-0.000000000000000000e+00,-0.000000000000000000e+00,0.000000000000000000e+00,0.000000000000000000e+00,-6.360584578671313327e-02,0.000000000000000000e+00,-0.000000000000000000e+00,0.000000000000000000e+00,0.000000000000000000e+00,-2.101967748991807328e-01
-0.000000000000000000e+00,-0.000000000000000000e+00,-0.000000000000000000e+00,-0.000000000000000000e+00,-0.000000000000000000e+00,4.245904343135248338e-02,-0.000000000000000000e+00,0.000000000000000000e+00,-0.000000000000000000e+00,-0.000000000000000000e+00,-0.000000000000000000e+00,-0.000000000000000000e+00,0.000000000000000000e+00,-0.000000000000000000e+00,-0.000000000000000000e+00,-0.000000000000000000e+00,0.000000000000000000e+00,-0.000000000000000000e+00,-0.000000000000000000e+00,1.143241914445009222e+00,-1.253677413716878519e-01,-3.265240368459432774e-01,-0.000000000000000000e+00,-0.000000000000000000e+00,-0.000000000000000000e+00,-0.000000000000000000e+00,-0.000000000000000000e+00,-0.000000000000000000e+00,0.000000000000000000e+00,-0.000000000000000000e+00,-0.000000000000000000e+00,-0.000000000000000000e+00,9.038125784559414289e-02,-0.000000000000000000e+00,0.000000000000000000e+00,-0.000000000000000000e+00,0.000000000000000000e+00,-0.000000000000000000e+00,-6.303903825823277407e-02
-0.000000000000000000e+00,-0.000000000000000000e+00,-0.000000000000000000e+00,0.000000000000000000e+00,-0.000000000000000000e+00,2.837546427398274229e-01,0.000000000000000000e+00,1.871598089083733873e-01,-0.000000000000000000e+00,-0.000000000000000000e+00,0.000000000000000000e+00,-0.000000000000000000e+00,0.000000000000000000e+00,0.000000000000000000e+00,-1.147781147782695466e-01,-0.000000000000000000e+00,0.000000000000000000e+00,-0.000000000000000000e+00,-0.000000000000000000e+00,-1.253677413716878519e-01,2.251756755350104111e+00,-0.000000000000000000e+00,-1.935131944030713813e-01,-0.000000000000000000e+00,-0.000000000000000000e+00,0.000000000000000000e+00,0.000000000000000000e+00,-1.139023012110935013e-01,0.000000000000000000e+00,-2.407204567306354126e-01,0.000000000000000000e+00,-1.042461891322410683e-01,0.000000000000000000e+00,-7.127806920860539908e-01,2.436160428193476502e-01,-0.000000000000000000e+00,9.620594365896625866e-02,-0.000000000000000000e+00,-2.518426475060855582e-02
-0.000000000000000000e+00,-6.829969936130118879e-02,-1.955717856310372049e-03,-0.000000000000000000e+00,-0.000000000000000000e+00,0.000000000000000000e+00,-0.000000000000000000e+00,0.000000000000000000e+00,-6.415229326252359920e-02,-0.000000000000000000e+00,-0.000000000000000000e+00,-0.000000000000000000e+00,0.000000000000000000e+00,-1.119184147054970574e-01,0.000000000000000000e+00,-0.000000000000000000e+00,0.000000000000000000e+00,-0.000000000000000000e+00,-6.477265968583698075e-02,-3.265240368459432774e-01,-0.000000000000000000e+00,1.267514274352153913e+00,-0.000000000000000000e+00,-0.000000000000000000e+00,-0.000000000000000000e+00,-0.000000000000000000e+00,-1.579750965142869279e-01,-8.345353161065822978e-02,-0.000000000000000000e+00,-0.000000000000000000e+00,-7.462501015667269422e-02,-0.000000000000000000e+00,0.000000000000000000e+00,-0.000000000000000000e+00,-0.000000000000000000e+00,-0.000000000000000000e+00,-0.000000000000000000e+00,-0.000000000000000000e+00,-1.200333494834850689e-01
-0.000000000000000000e+00,-0.000000000000000000e+00,-0.000000000000000000e+00,0.000000000000000000e+00,-0.000000000000000000e+00,0.000000000000000000e+00,0.000000000000000000e+00,8.121890190414680910e-02,-0.000000000000000000e+00,-3.323215006099827090e-02,0.000000000000000000e+00,0.000000000000000000e+00,0.000000000000000000e+00,0.000000000000000000e+00,-2.982328768425189791e-01,-2.100701684397051905e-01,-0.000000000000000000e+00,-0.000000000000000000e+00,-0.000000000000000000e+00,-0.000000000000000000e+00,-1.935131944030713813e-01,-0.000000000000000000e+00,2.259881815450741183e+00,-3.894979911167316677e-01,-2.809210367928921537e-01,-0.000000000000000000e+00,3.513134361864050231e-02,-2.153374595115023216e-01,0.000000000000000000e+00,-3.486308441444886941e-01,0.000000000000000000e+00,-0.000000000000000000e+00,-0.000000000000000000e+00,-1.782379655584339362e-01,0.000000000000000000e+00,-5.558408920887870225e-02,4.705031878899802039e-02,-0.000000000000000000e+00,-0.000000000000000000e+00
-0.000000000000000000e+00,-0.000000000000000000e+00,-0.000000000000000000e+00,2.302388810839468836e-01,-0.000000000000000000e+00,-0.000000000000000000e+00,0.000000000000000000e+00,0.000000000000000000e+00,-0.000000000000000000e+00,-0.000000000000000000e+00,-0.000000000000000000e+00,0.000000000000000000e+00,-0.000000000000000000e+00,-0.000000000000000000e+00,-7.204489344896608527e-02,-0.000000000000000000e+00,-1.575303122187559912e-01,-0.000000000000000000e+00,-0.000000000000000000e+00,-0.000000000000000000e+00,-0.000000000000000000e+00,-0.000000000000000000e+00,-3.894979911167316677e-01,1.757767245834523928e+00,-6.455516012629254619e-02,-0.000000000000000000e+00,0.000000000000000000e+00,-6.954386298503043018e-02,0.000000000000000000e+00,-0.000000000000000000e+00,0.000000000000000000e+00,-2.900426344845576376e-01,-0.000000000000000000e+00,-0.000000000000000000e+00,0.000000000000000000e+00,-3.033817205488656410e-01,0.000000000000000000e+00,-1.746465640472571468e-01,0.000000000000000000e+00
-1.905578751201523688e-02,-0.000000000000000000e+00,-0.000000000000000000e+00,0.000000000000000000e+00,-0.000000000000000000e+00,0.000000000000000000e+00,0.000000000000000000e+00,1.698291100070732085e-01,-0.000000000000000000e+00,-3.807966198410361880e-01,0.000000000000000000e+00,0.000000000000000000e+00,0.000000000000000000e+00,-0.000000000000000000e+00,-0.000000000000000000e+00,-2.392541691089999922e-01,-0.000000000000000000e+00,-0.000000000000000000e+00,-7.204746308771062258e-02,-0.000000000000000000e+00,-0.000000000000000000e+00,-0.000000000000000000e+00,-2.809210367928921537e-01,-6.455516012629254619e-02,1.935561169754861588e+00,-1.423941435221783847e-01,0.000000000000000000e+00,-2.406100992465449451e-01,0.000000000000000000e+00,-1.283387259051503859e-01,-0.000000000000000000e+00,-0.000000000000000000e+00,-0.000000000000000000e+00,-0.000000000000000000e+00,0.000000000000000000e+00,-1.024069914830685740e-01,0.000000000000000000e+00,-0.000000000000000000e+00,-0.000000000000000000e+00
-0.000000000000000000e+00,-0.000000000000000000e+00,-0.000000000000000000e+00,0.000000000000000000e+00,-0.000000000000000000e+00,-0.000000000000000000e+00,0.000000000000000000e+00,0.000000000000000000e+00,-0.000000000000000000e+00,-1.487131856365829230e-01,-0.000000000000000000e+00,7.793354155499125635e-02,-0.000000000000000000e+00,-1.024489321054150720e-01,-0.000000000000000000e+00,-0.000000000000000000e+00,-6.759271164655281661e-01,0.000000000000000000e+00,-0.000000000000000000e+00,-0.000000000000000000e+00,0.000000000000000000e+00,-0.000000000000000000e+00,-0.000000000000000000e+00,-0.000000000000000000e+00,-1.423941435221783847e-01,1.916525412138737394e+00,0.000000000000000000e+00,-2.086607574906036711e-01,-0.000000000000000000e+00,-0.000000000000000000e+00,-0.000000000000000000e+00,0.000000000000000000e+00,-5.328647855943300371e-01,-0.000000000000000000e+00,-5.611996594207643331e-03,-2.670327422302165021e-01,-0.000000000000000000e+00,-0.000000000000000000e+00,0.000000000000000000e+00
0.000000000000000000e+00,-4.650177219848770221e-02,0.000000000000000000e+00,-1.069076613176098006e-01,0.000000000000000000e+00,-0.000000000000000000e+00,-0.000000000000000000e+00,-0.000000000000000000e+00,-0.000000000000000000e+00,0.000000000000000000e+00,-0.000000000000000000e+00,-3.479049768434812617e-01,0.000000000000000000e+00,-4.536704585448647631e-02,2.582134242143969693e-01,0.000000000000000000e+00,0.000000000000000000e+00,-0.000000000000000000e+00,-0.000000000000000000e+00,-0.000000000000000000e+00,0.000000000000000000e+00,-1.579750965142869279e-01,3.513134361864050231e-02,0.000000000000000000e+00,0.000000000000000000e+00,0.000000000000000000e+00,2.167021531445156857e+00,0.000000000000000000e+00,-5.287176556045980469e-01,0.000000000000000000e+00,-5.848735392069965844e-01,0.000000000000000000e+00,0.000000000000000000e+00,0.000000000000000000e+00,-0.000000000000000000e+00,0.000000000000000000e+00,-2.991470279252673170e-01,0.000000000000000000e+00,-6.702438058198159632e-02
-0.000000000000000000e+00,0.000000000000000000e+00,-3.100622366207462788e-01,0.000000000000000000e+00,-0.000000000000000000e+00,0.000000000000000000e+00,0.000000000000000000e+00,5.072064693631980203e-01,-0.000000000000000000e+00,-0.000000000000000000e+00,-0.000000000000000000e+00,0.000000000000000000e+00,-0.000000000000000000e+00,-0.000000000000000000e+00,-7.279859932916558918e-02,-0.000000000000000000e+00,-3.937223429589062351e-02,-0.000000000000000000e+00,-0.000000000000000000e+00,-0.000000000000000000e+00,-1.139023012110935013e-01,-8.345353161065822978e-02,-2.153374595115023216e-01,-6.954386298503043018e-02,-2.406100992465449451e-01,-2.086607574906036711e-01,0.000000000000000000e+00,2.090593241114198531e+00,0.000000000000000000e+00,-0.000000000000000000e+00,0.000000000000000000e+00,-0.000000000000000000e+00,-0.000000000000000000e+00,-1.870889480985215847e-01,0.000000000000000000e+00,-1.416243298011188589e-01,0.000000000000000000e+00,-0.000000000000000000e+00,-0.000000000000000000e+00
-0.000000000000000000e+00,-3.412729539066095552e-01,0.000000000000000000e+00,-0.000000000000000000e+00,0.000000000000000000e+00,-1.600994878377156594e-01,-0.000000000000000000e+00,-0.000000000000000000e+00,-0.000000000000000000e+00,0.000000000000000000e+00,-0.000000000000000000e+00,-0.000000000000000000e+00,0.000000000000000000e+00,-4.070499734566914718e-01,2.484629284538041050e-02,0.000000000000000000e+00,0.000000000000000000e+00,0.000000000000000000e+00,0.000000000000000000e+00,0.000000000000000000e+00,0.000000000000000000e+00,-0.000000000000000000e+00,0.000000000000000000e+00,0.000000000000000000e+00,0.000000000000000000e+00,-0.000000000000000000e+00,-5.287176556045980469e-01,0.000000000000000000e+00,2.215069105416782591e+00,0.000000000000000000e+00,-1.318004191436984718e-01,0.000000000000000000e+00,-0.000000000000000000e+00,0.000000000000000000e+00,-1.655862716602224949e-01,0.000000000000000000e+00,-4.959442369571106513e-01,-0.000000000000000000e+00,-0.000000000000000000e+00
-5.761741892799907561e-01,-0.000000000000000000e+00,-0.000000000000000000e+00,0.000000000000000000e+00,-0.000000000000000000e+00,0.000000000000000000e+00,0.000000000000000000e+00,3.773420927957360504e-02,-0.000000000000000000e+00,-1.620550134076330084e-01,0.000000000000000000e+00,0.000000000000000000e+00,7.306754375891118952e-03,-0.000000000000000000e+00,-9.123879274681123697e-02,-4.369709198581862575e-01,-0.000000000000000000e+00,-0.000000000000000000e+00,-0.000000000000000000e+00,-0.000000000000000000e+00,-2.407204567306354126e-01,-0.000000000000000000e+00,-3.486308441444886941e-01,-0.000000000000000000e+00,-1.283387259051503859e-01,-0.000000000000000000e+00,0.000000000000000000e+00,-0.000000000000000000e+00,0.000000000000000000e+00,2.445847504423281027e+00,0.000000000000000000e+00,-1.075257370057090406e-01,0.000000000000000000e+00,-2.937506870531308989e-01,0.000000000000000000e+00,-1.188641453159858530e-01,3.236244827036546551e-03,-0.000000000000000000e+00,-0.000000000000000000e+00
-0.000000000000000000e+00,-7.015815009875218944e-02,-0.000000000000000000e+00,-0.000000000000000000e+00,-0.000000000000000000e+00,-0.000000000000000000e+00,-0.000000000000000000e+00,-0.000000000000000000e+00,-1.558254146806441753e-01,-0.000000000000000000e+00,-1.718578199139670359e-01,-0.000000000000000000e+00,0.000000000000000000e+00,-4.058029255821121173e-01,6.853122535139480331e-02,-0.000000000000000000e+00,0.000000000000000000e+00,-0.000000000000000000e+00,-0.000000000000000000e+00,-0.000000000000000000e+00,0.000000000000000000e+00,-7.462501015667269422e-02,0.000000000000000000e+00,0.000000000000000000e+00,-0.000000000000000000e+00,-0.000000000000000000e+00,-5.848735392069965844e-01,0.000000000000000000e+00,-1.318004191436984718e-01,0.000000000000000000e+00,1.979008788849449862e+00,0.000000000000000000e+00,0.000000000000000000e+00,0.000000000000000000e+00,-9.835168006388629591e-02,0.000000000000000000e+00,-2.780171600733338799e-01,0.000000000000000000e+00,-0.000000000000000000e+00
-1.354960596366977243e-01,-0.000000000000000000e+00,-0.000000000000000000e+00,5.948934177491996267e-02,-0.000000000000000000e+00,0.000000000000000000e+00,0.000000000000000000e+00,0.000000000000000000e+00,-0.000000000000000000e+00,-0.000000000000000000e+00,0.000000000000000000e+00,-0.000000000000000000e+00,0.000000000000000000e+00,-0.000000000000000000e+00,-9.538548033469022858e-02,-0.000000000000000000e+00,-0.000000000000000000e+00,0.000000000000000000e+00,0.000000000000000000e+00,-0.000000000000000000e+00,-1.042461891322410683e-01,-0.000000000000000000e+00,-0.000000000000000000e+00,-2.900426344845576376e-01,-0.000000000000000000e+00,0.000000000000000000e+00,0.000000000000000000e+00,-0.000000000000000000e+00,0.000000000000000000e+00,-1.075257370057090406e-01,0.000000000000000000e+00,1.620487002713373315e+00,0.000000000000000000e+00,-7.134716902751594980e-02,0.000000000000000000e+00,-3.582281315056948939e-02,0.000000000000000000e+00,-4.993528768803567330e-01,-0.000000000000000000e+00
-0.000000000000000000e+00,0.000000000000000000e+00,0.000000000000000000e+00,0.000000000000000000e+00,0.000000000000000000e+00,-4.335193474527741508e-01,0.000000000000000000e+00,-0.000000000000000000e+00,0.000000000000000000e+00,-0.000000000000000000e+00,-0.000000000000000000e+00,2.649511173611749926e-01,-0.000000000000000000e+00,-0.000000000000000000e+00,-0.000000000000000000e+00,-0.000000000000000000e+00,-2.385826875450051399e-01,3.040502448582595441e-01,0.000000000000000000e+00,9.038125784559414289e-02,0.000000000000000000e+00,0.000000000000000000e+00,-0.000000000000000000e+00,-0.000000000000000000e+00,-0.000000000000000000e+00,-5.328647855943300371e-01,0.000000000000000000e+00,-0.000000000000000000e+00,-0.000000000000000000e+00,0.000000000000000000e+00,0.000000000000000000e+00,0.000000000000000000e+00,1.678263101794398970e+00,0.000000000000000000e+00,-4.192554092866464244e-02,-0.000000000000000000e+00,-0.000000000000000000e+00,-0.000000000000000000e+00,0.000000000000000000e+00
-0.000000000000000000e+00,-0.000000000000000000e+00,-0.000000000000000000e+00,0.000000000000000000e+00,-1.509415385078349825e-01,9.836410698890360460e-02,0.000000000000000000e+00,3.382681448793538603e-01,-0.000000000000000000e+00,-0.000000000000000000e+00,0.000000000000000000e+00,-0.000000000000000000e+00,0.000000000000000000e+00,0.000000000000000000e+00,-4.131669864058654107e-01,-5.565001432412085280e-02,0.000000000000000000e+00,-0.000000000000000000e+00,-6.360584578671313327e-02,-0.000000000000000000e+00,-7.127806920860539908e-01,-0.000000000000000000e+00,-1.782379655584339362e-01,-0.000000000000000000e+00,-0.000000000000000000e+00,-0.000000000000000000e+00,0.000000000000000000e+00,-1.870889480985215847e-01,0.000000000000000000e+00,-2.937506870531308989e-01,0.000000000000000000e+00,-7.134716902751594980e-02,0.000000000000000000e+00,2.555550803793377401e+00,7.946430927260338117e-02,-0.000000000000000000e+00,8.318231882929313925e-02,-7.715965040721088630e-02,-7.594753756594401807e-03
0.000000000000000000e+00,-0.000000000000000000e+00,0.000000000000000000e+00,-0.000000000000000000e+00,0.000000000000000000e+00,-6.695259235405773834e-01,-0.000000000000000000e+00,-0.000000000000000000e+00,-0.000000000000000000e+00,0.000000000000000000e+00,-2.452455320439849984e-01,0.000000000000000000e+00,-0.000000000000000000e+00,-1.717603428339662397e-01,1.145075020600665357e-02,0.000000000000000000e+00,-0.000000000000000000e+00,0.000000000000000000e+00,0.000000000000000000e+00,0.000000000000000000e+00,2.436160428193476502e-01,-0.000000000000000000e+00,0.000000000000000000e+00,0.000000000000000000e+00,0.000000000000000000e+00,-5.611996594207643331e-03,-0.000000000000000000e+00,0.000000000000000000e+00,-1.655862716602224949e-01,0.000000000000000000e+00,-9.835168006388629591e-02,0.000000000000000000e+00,-4.192554092866464244e-02,7.946430927260338117e-02,2.358970566211278097e+00,0.000000000000000000e+00,-7.384253951824610862e-01,0.000000000000000000e+00,0.000000000000000000e+00
-2.517203024476825091e-01,-0.000000000000000000e+00,-0.000000000000000000e+00,0.000000000000000000e+00,-0.000000000000000000e+00,-0.000000000000000000e+00,0.000000000000000000e+00,0.000000000000000000e+00,-0.000000000000000000e+00,-1.206082704023482416e-01,0.000000000000000000e+00,0.000000000000000000e+00,0.000000000000000000e+00,-0.000000000000000000e+00,-6.573678001612562848e-03,-1.550155868227627576e-01,-1.472917371749929254e-02,0.000000000000000000e+00,-0.000000000000000000e+00,-0.000000000000000000e+00,-0.000000000000000000e+00,-0.000000000000000000e+00,-5.558408920887870225e-02,-3.033817205488656410e-01,-1.024069914830685740e-01,-2.670327422302165021e-01,0.000000000000000000e+00,-1.416243298011188589e-01,0.000000000000000000e+00,-1.188641453159858530e-01,0.000000000000000000e+00,-3.582281315056948939e-02,-0.000000000000000000e+00,-0.000000000000000000e+00,0.000000000000000000e+00,1.897268243765042550e+00,0.000000000000000000e+00,-3.663759372064153697e-01,-0.000000000000000000e+00
0.000000000000000000e+00,-0.000000000000000000e+00,0.000000000000000000e+00,-0.000000000000000000e+00,0.000000000000000000e+00,-3.399431260117649622e-01,-0.000000000000000000e+00,-0.000000000000000000e+00,-0.000000000000000000e+00,0.000000000000000000e+00,-3.773102116090895630e-02,-0.000000000000000000e+00,-0.000000000000000000e+00,-6.430408024034410530e-02,3.528896125667593253e-01,0.000000000000000000e+00,-0.000000000000000000e+00,0.000000000000000000e+00,0.000000000000000000e+00,0.000000000000000000e+00,9.620594365896625866e-02,-0.000000000000000000e+00,4.705031878899802039e-02,0.000000000000000000e+00,0.000000000000000000e+00,-0.000000000000000000e+00,-2.991470279252673170e-01,0.000000000000000000e+00,-4.959442369571106513e-01,3.236244827036546551e-03,-2.780171600733338799e-01,0.000000000000000000e+00,-0.000000000000000000e+00,8.318231882929313925e-02,-7.384253951824610862e-01,0.000000000000000000e+00,2.614581798018568382e+00,0.000000000000000000e+00,-0.000000000000000000e+00
-6.529280116468567929e-02,-0.000000000000000000e+00,-0.000000000000000000e+00,0.000000000000000000e+00,-0.000000000000000000e+00,-0.000000000000000000e+00,0.000000000000000000e+00,0.000000000000000000e+00,-0.000000000000000000e+00,-0.000000000000000000e+00,0.000000000000000000e+00,-0.000000000000000000e+00,0.000000000000000000e+00,-0.000000000000000000e+00,-1.458860126349749986e-01,-6.499033210201268264e-03,-0.000000000000000000e+00,0.000000000000000000e+00,0.000000000000000000e+00,-0.000000000000000000e+00,-0.000000000000000000e+00,-0.000000000000000000e+00,-0.000000000000000000e+00,-1.746465640472571468e-01,-0.000000000000000000e+00,-0.000000000000000000e+00,0.000000000000000000e+00,-0.000000000000000000e+00,-0.000000000000000000e+00,-0.000000000000000000e+00,0.000000000000000000e+00,-4.993528768803567330e-01,-0.000000000000000000e+00,-7.715965040721088630e-02,0.000000000000000000e+00,-3.663759372064153697e-01,0.000000000000000000e+00,1.618387281035368996e+00,-0.000000000000000000e+00
-0.000000000000000000e+00,-2.036926291875390538e-02,-0.000000000000000000e+00,-0.000000000000000000e+00,-0.000000000000000000e+00,0.000000000000000000e+00,-0.000000000000000000e+00,0.000000000000000000e+00,-4.153378411797771785e-01,-0.000000000000000000e+00,-0.000000000000000000e+00,-6.431679013472998419e-01,8.136964423673971603e-02,-0.000000000000000000e+00,-0.000000000000000000e+00,-0.000000000000000000e+00,0.000000000000000000e+00,-0.000000000000000000e+00,-2.101967748991807328e-01,-6.303903825823277407e-02,-2.518426475060855582e-02,-1.200333494834850689e-01,-0.000000000000000000e+00,0.000000000000000000e+00,-0.000000000000000000e+00,0.000000000000000000e+00,-6.702438058198159632e-02,-0.000000000000000000e+00,-0.000000000000000000e+00,-0.000000000000000000e+00,-0.000000000000000000e+00,-0.000000000000000000e+00,0.000000000000000000e+00,-7.594753756594401807e-03,0.000000000000000000e+00,-0.000000000000000000e+00,-0.000000000000000000e+00,-0.000000000000000000e+00,1.644459933458790601e+00
