2.230150184775963051e+00,-7.491634086050159569e-01,-1.369248896457902764e-01,-0.000000000000000000e+00,-1.303307681417098518e-01,0.000000000000000000e+00,-5.697754627469396593e-02,1.024157386746720882e-01,-7.167439827541344233e-02,-2.209802136323789357e-02,-0.000000000000000000e+00,-0.000000000000000000e+00,-0.000000000000000000e+00,-2.624199742360343660e-02,-0.000000000000000000e+00,-0.000000000000000000e+00,-0.000000000000000000e+00,-0.000000000000000000e+00,-0.000000000000000000e+00,-0.000000000000000000e+00,-0.000000000000000000e+00,-0.000000000000000000e+00,-1.230673416183049318e-01,-0.000000000000000000e+00,-2.433121345222835630e-02,-1.934247949773131026e-01,-0.000000000000000000e+00,-1.099952806623287205e-01,-3.156679904070353593e-01,-8.309245914496847518e-02,-0.000000000000000000e+00,-0.000000000000000000e+00,-0.000000000000000000e+00,-0.000000000000000000e+00,-0.000000000000000000e+00,-1.336950321241429096e-01,-0.000000000000000000e+00,-0.000000000000000000e+00,-0.000000000000000000e+00
-7.491634086050159569e-01,2.095581273860854132e+00,-3.459828673963543100e-01,-0.000000000000000000e+00,-0.000000000000000000e+00,0.000000000000000000e+00,-2.174808977328784865e-02,1.011276032396525755e-02,-5.678584498961294913e-02,-0.000000000000000000e+00,-0.000000000000000000e+00,-0.000000000000000000e+00,-0.000000000000000000e+00,-1.145913832976429569e-01,-0.000000000000000000e+00,-2.923927938839396626e-03,-0.000000000000000000e+00,-0.000000000000000000e+00,-0.000000000000000000e+00,-0.000000000000000000e+00,-0.000000000000000000e+00,-0.000000000000000000e+00,-0.000000000000000000e+00,-0.000000000000000000e+00,-0.000000000000000000e+00,-1.185973125389803151e-01,-5.342698342291593572e-02,-0.000000000000000000e+00,-1.656043145679865491e-01,-0.000000000000000000e+00,-1.569668840729160353e-01,-0.000000000000000000e+00,-0.000000000000000000e+00,-0.000000000000000000e+00,-0.000000000000000000e+00,-1.672410752314696103e-01,-1.588089325236198210e-02,-0.000000000000000000e+00,-5.961948174801113415e-02
-1.369248896457902764e-01,-3.459828673963543100e-01,2.462002445025290864e+00,-0.000000000000000000e+00,-3.942803442546890524e-01,0.000000000000000000e+00,-0.000000000000000000e+00,3.956465134075926593e-01,-3.939624563192158785e-02,-1.431395996837418576e-02,-8.559220732907908691e-02,-0.000000000000000000e+00,-0.000000000000000000e+00,-3.454399404372676674e-01,-0.000000000000000000e+00,-0.000000000000000000e+00,-0.000000000000000000e+00,-0.000000000000000000e+00,-7.652256914474483973e-02,-0.000000000000000000e+00,-0.000000000000000000e+00,-0.000000000000000000e+00,-0.000000000000000000e+00,-2.129384582385263347e-01,-0.000000000000000000e+00,-1.446471848756525347e-01,-0.000000000000000000e+00,-2.272933150358339219e-02,-0.000000000000000000e+00,-0.000000000000000000e+00,-0.000000000000000000e+00,-0.000000000000000000e+00,-3.256633683089550368e-01,-2.000215778024474200e-01,-0.000000000000000000e+00,-0.000000000000000000e+00,-0.000000000000000000e+00,-0.000000000000000000e+00,-0.000000000000000000e+00
-0.000000000000000000e+00,-0.000000000000000000e+00,-0.000000000000000000e+00,1.711031870591269044e+00,-0.000000000000000000e+00,2.463367508766103192e-03,-0.000000000000000000e+00,0.000000000000000000e+00,-2.099066673892875934e-01,-0.000000000000000000e+00,0.000000000000000000e+00,-4.691950732588395789e-01,-0.000000000000000000e+00,-0.000000000000000000e+00,-0.000000000000000000e+00,-0.000000000000000000e+00,0.000000000000000000e+00,-5.301440946771441842e-01,-0.000000000000000000e+00,-0.000000000000000000e+00,3.507347609117252851e-01,-7.219824162554590308e-02,-0.000000000000000000e+00,-0.000000000000000000e+00,-0.000000000000000000e+00,-0.000000000000000000e+00,-0.000000000000000000e+00,-0.000000000000000000e+00,0.000000000000000000e+00,-0.000000000000000000e+00,-0.000000000000000000e+00,0.000000000000000000e+00,0.000000000000000000e+00,-0.000000000000000000e+00,-0.000000000000000000e+00,-0.000000000000000000e+00,0.000000000000000000e+00,-0.000000000000000000e+00,-0.000000000000000000e+00
-1.303307681417098518e-01,-0.000000000000000000e+00,-3.942803442546890524e-01,-0.000000000000000000e+00,2.197769070258546176e+00,0.000000000000000000e+00,-0.000000000000000000e+00,1.476083785480920008e-01,-3.449823394990670505e-02,-1.438814333557534020e-01,-6.133349615335264259e-03,-0.000000000000000000e+00,0.000000000000000000e+00,-1.695264725830890051e-01,-0.000000000000000000e+00,-0.000000000000000000e+00,-1.426624816116758288e-01,-0.000000000000000000e+00,-1.351835016984624938e-01,-0.000000000000000000e+00,-0.000000000000000000e+00,-0.000000000000000000e+00,-1.467788334894462310e-01,-5.480144557141583550e-02,-0.000000000000000000e+00,-1.638807675473570591e-01,-0.000000000000000000e+00,-2.074542684109602630e-01,-0.000000000000000000e+00,-0.000000000000000000e+00,-0.000000000000000000e+00,-0.000000000000000000e+00,-5.875173656080293766e-02,-2.064788310344912170e-01,-0.000000000000000000e+00,-0.000000000000000000e+00,-0.000000000000000000e+00,-1.766349844899912092e-01,-0.000000000000000000e+00
0.000000000000000000e+00,0.000000000000000000e+00,0.000000000000000000e+00,2.463367508766103192e-03,0.000000000000000000e+00,1.130857498292880736e+00,0.000000000000000000e+00,-0.000000000000000000e+00,1.173857681939770442e-01,-0.000000000000000000e+00,-0.000000000000000000e+00,5.528158917620458468e-02,0.000000000000000000e+00,0.000000000000000000e+00,1.397273210581550795e-01,0.000000000000000000e+00,-0.000000000000000000e+00,0.000000000000000000e+00,0.000000000000000000e+00,0.000000000000000000e+00,-5.434183873352863015e-02,7.924129806845878546e-03,-0.000000000000000000e+00,0.000000000000000000e+00,-0.000000000000000000e+00,0.000000000000000000e+00,0.000000000000000000e+00,0.000000000000000000e+00,-0.000000000000000000e+00,0.000000000000000000e+00,0.000000000000000000e+00,-1.811028149416615135e-02,-0.000000000000000000e+00,0.000000000000000000e+00,-3.308689388367889138e-03,0.000000000000000000e+00,-3.084232562391924226e-01,0.000000000000000000e+00,0.000000000000000000e+00
-5.697754627469396593e-02,-2.174808977328784865e-02,-0.000000000000000000e+00,-0.000000000000000000e+00,-0.000000000000000000e+00,0.000000000000000000e+00,1.220356357305232065e+00,0.000000000000000000e+00,-0.000000000000000000e+00,-0.000000000000000000e+00,-0.000000000000000000e+00,-0.000000000000000000e+00,-0.000000000000000000e+00,-0.000000000000000000e+00,-0.000000000000000000e+00,-0.000000000000000000e+00,-0.000000000000000000e+00,0.000000000000000000e+00,-0.000000000000000000e+00,0.000000000000000000e+00,0.000000000000000000e+00,-4.010240903804783708e-01,-0.000000000000000000e+00,-0.000000000000000000e+00,-0.000000000000000000e+00,-0.000000000000000000e+00,-0.000000000000000000e+00,-0.000000000000000000e+00,-0.000000000000000000e+00,-0.000000000000000000e+00,-0.000000000000000000e+00,-0.000000000000000000e+00,-0.000000000000000000e+00,-1.897019858381220614e-01,-0.000000000000000000e+00,-0.000000000000000000e+00,0.000000000000000000e+00,-0.000000000000000000e+00,-0.000000000000000000e+00
1.024157386746720882e-01,1.011276032396525755e-02,3.956465134075926593e-01,0.000000000000000000e+00,1.476083785480920008e-01,-0.000000000000000000e+00,0.000000000000000000e+00,1.847332833335193047e+00,3.903966632106622980e-01,0.000000000000000000e+00,0.000000000000000000e+00,0.000000000000000000e+00,-0.000000000000000000e+00,2.964024367646359015e-01,0.000000000000000000e+00,0.000000000000000000e+00,0.000000000000000000e+00,0.000000000000000000e+00,0.000000000000000000e+00,-0.000000000000000000e+00,-0.000000000000000000e+00,0.000000000000000000e+00,0.000000000000000000e+00,0.000000000000000000e+00,8.057403617746973501e-02,0.000000000000000000e+00,0.000000000000000000e+00,0.000000000000000000e+00,0.000000000000000000e+00,0.000000000000000000e+00,0.000000000000000000e+00,0.000000000000000000e+00,0.000000000000000000e+00,5.359039158547882625e-02,0.000000000000000000e+00,0.000000000000000000e+00,0.000000000000000000e+00,1.289915987530198538e-01,0.000000000000000000e+00
-7.167439827541344233e-02,-5.678584498961294913e-02,-3.939624563192158785e-02,-2.099066673892875934e-01,-3.449823394990670505e-02,1.173857681939770442e-01,-0.000000000000000000e+00,3.903966632106622980e-01,2.486098408525074799e+00,-0.000000000000000000e+00,-0.000000000000000000e+00,-9.538205346429123876e-02,0.000000000000000000e+00,-1.695254081685284575e-01,-0.000000000000000000e+00,-0.000000000000000000e+00,-0.000000000000000000e+00,-2.384044233968334314e-01,-0.000000000000000000e+00,-0.000000000000000000e+00,0.000000000000000000e+00,-0.000000000000000000e+00,-1.404091663412095070e-02,-0.000000000000000000e+00,-0.000000000000000000e+00,-2.152929452270458399e-01,-5.264802912308927905e-03,-0.000000000000000000e+00,-0.000000000000000000e+00,-1.158650175615144884e-01,-0.000000000000000000e+00,0.000000000000000000e+00,-0.000000000000000000e+00,-4.425374238052564579e-01,-0.000000000000000000e+00,-0.000000000000000000e+00,-0.000000000000000000e+00,-3.262629197014908500e-01,-3.938589539839921772e-01
-2.209802136323789357e-02,-0.000000000000000000e+00,-1.431395996837418576e-02,-0.000000000000000000e+00,-1.438814333557534020e-01,-0.000000000000000000e+00,-0.000000000000000000e+00,0.000000000000000000e+00,-0.000000000000000000e+00,2.200934277906456682e+00,-0.000000000000000000e+00,-0.000000000000000000e+00,0.000000000000000000e+00,-9.748376237183298265e-02,-0.000000000000000000e+00,-2.264270746061191053e-01,-8.258959375970678640e-02,-0.000000000000000000e+00,-2.210645819882360585e-01,-0.000000000000000000e+00,-0.000000000000000000e+00,-0.000000000000000000e+00,-2.755848657615528330e-01,-0.000000000000000000e+00,-2.093821048491531778e-01,-1.485504355645099195e-01,-0.000000000000000000e+00,-1.899921813293512785e-01,-2.634043721614253708e-01,-2.112727012004111393e-01,-5.096845614832996862e-02,-0.000000000000000000e+00,-7.669682443429055863e-02,-0.000000000000000000e+00,-0.000000000000000000e+00,-1.184321374839634733e-01,-2.097841155771790200e-02,-0.000000000000000000e+00,-0.000000000000000000e+00
-0.000000000000000000e+00,-0.000000000000000000e+00,-8.559220732907908691e-02,0.000000000000000000e+00,-6.133349615335264259e-03,-0.000000000000000000e+00,-0.000000000000000000e+00,0.000000000000000000e+00,-0.000000000000000000e+00,-0.000000000000000000e+00,1.706518245360184594e+00,0.000000000000000000e+00,0.000000000000000000e+00,-1.554270575464247912e-02,0.000000000000000000e+00,-0.000000000000000000e+00,-5.415363267009564163e-01,-0.000000000000000000e+00,-0.000000000000000000e+00,-0.000000000000000000e+00,-1.068354171800870306e-01,0.000000000000000000e+00,-0.000000000000000000e+00,-0.000000000000000000e+00,-0.000000000000000000e+00,-0.000000000000000000e+00,-0.000000000000000000e+00,-0.000000000000000000e+00,-9.977441064098403756e-02,-0.000000000000000000e+00,-0.000000000000000000e+00,-2.659681086329728217e-01,-2.214013663550057909e-01,-0.000000000000000000e+00,-0.000000000000000000e+00,-0.000000000000000000e+00,-2.783129218969996321e-01,0.000000000000000000e+00,0.000000000000000000e+00
-0.000000000000000000e+00,-0.000000000000000000e+00,-0.000000000000000000e+00,-4.691950732588395789e-01,-0.000000000000000000e+00,5.528158917620458468e-02,-0.000000000000000000e+00,0.000000000000000000e+00,-9.538205346429123876e-02,-0.000000000000000000e+00,0.000000000000000000e+00,1.824868234770079090e+00,-0.000000000000000000e+00,-0.000000000000000000e+00,-7.388044683614511388e-02,-1.059665690392453813e-01,0.000000000000000000e+00,-3.596619835379754465e-02,-0.000000000000000000e+00,-0.000000000000000000e+00,7.193044173834850161e-03,-2.740770723856366664e-01,-1.306274462377937824e-02,-0.000000000000000000e+00,-0.000000000000000000e+00,-4.181620619527245258e-02,-3.103480181430809948e-01,-0.000000000000000000e+00,0.000000000000000000e+00,-0.000000000000000000e+00,-8.895964428431267154e-03,0.000000000000000000e+00,0.000000000000000000e+00,-0.000000000000000000e+00,0.000000000000000000e+00,-0.000000000000000000e+00,0.000000000000000000e+00,-0.000000000000000000e+00,-3.760478374662638013e-01
-0.000000000000000000e+00,-0.000000000000000000e+00,-0.000000000000000000e+00,-0.000000000000000000e+00,0.000000000000000000e+00,0.000000000000000000e+00,-0.000000000000000000e+00,-0.000000000000000000e+00,0.000000000000000000e+00,0.000000000000000000e+00,0.000000000000000000e+00,-0.000000000000000000e+00,1.074725432291721017e+00,0.000000000000000000e+00,0.000000000000000000e+00,0.000000000000000000e+00,0.000000000000000000e+00,0.000000000000000000e+00,5.524783513385257000e-02,-0.000000000000000000e+00,-0.000000000000000000e+00,-0.000000000000000000e+00,0.000000000000000000e+00,-0.000000000000000000e+00,0.000000000000000000e+00,-0.000000000000000000e+00,-2.756155436507158954e-02,0.000000000000000000e+00,0.000000000000000000e+00,0.000000000000000000e+00,-2.570015569929861576e-01,-5.142467919007030763e-02,0.000000000000000000e+00,-0.000000000000000000e+00,0.000000000000000000e+00,-0.000000000000000000e+00,0.000000000000000000e+00,0.000000000000000000e+00,-0.000000000000000000e+00
-2.624199742360343660e-02,-1.145913832976429569e-01,-3.454399404372676674e-01,-0.000000000000000000e+00,-1.695264725830890051e-01,0.000000000000000000e+00,-0.000000000000000000e+00,2.964024367646359015e-01,-1.695254081685284575e-01,-9.748376237183298265e-02,-1.554270575464247912e-02,-0.000000000000000000e+00,0.000000000000000000e+00,2.435341319197758203e+00,-0.000000000000000000e+00,-2.989037425719524577e-01,-2.302854219614797540e-02,-0.000000000000000000e+00,-0.000000000000000000e+00,-0.000000000000000000e+00,0.000000000000000000e+00,-0.000000000000000000e+00,-1.002282849478140087e-01,-2.214091048160063135e-01,-1.351522509792645876e-01,-4.694021968100398068e-02,-0.000000000000000000e+00,-0.000000000000000000e+00,-1.199934494333622370e-01,-2.021205480189402492e-01,-0.000000000000000000e+00,-0.000000000000000000e+00,-0.000000000000000000e+00,-3.128843178447494183e-02,-2.563424668505161486e-01,-1.550211585001622094e-02,-0.000000000000000000e+00,-0.000000000000000000e+00,-0.000000000000000000e+00
-0.000000000000000000e+00,-0.000000000000000000e+00,-0.000000000000000000e+00,-0.000000000000000000e+00,-0.000000000000000000e+00,1.397273210581550795e-01,-0.000000000000000000e+00,0.000000000000000000e+00,-0.000000000000000000e+00,-0.000000000000000000e+00,0.000000000000000000e+00,-7.388044683614511388e-02,0.000000000000000000e+00,-0.000000000000000000e+00,1.564620195495058708e+00,-0.000000000000000000e+00,-0.000000000000000000e+00,-0.000000000000000000e+00,-2.698940652427394005e-01,-0.000000000000000000e+00,2.284922750256832349e-02,-2.765527507226770987e-01,-0.000000000000000000e+00,-0.000000000000000000e+00,-2.778038533546215438e-01,-0.000000000000000000e+00,0.000000000000000000e+00,-0.000000000000000000e+00,-0.000000000000000000e+00,-9.605793891401540052e-02,0.000000000000000000e+00,2.591098937360891696e-01,-0.000000000000000000e+00,-1.005152054530803526e-03,-0.000000000000000000e+00,-0.000000000000000000e+00,0.000000000000000000e+00,-2.454809094390925372e-01,-0.000000000000000000e+00
-0.000000000000000000e+00,-2.923927938839396626e-03,-0.000000000000000000e+00,-0.000000000000000000e+00,-0.000000000000000000e+00,0.000000000000000000e+00,-0.000000000000000000e+00,0.000000000000000000e+00,-0.000000000000000000e+00,-2.264270746061191053e-01,-0.000000000000000000e+00,-1.059665690392453813e-01,0.000000000000000000e+00,-2.989037425719524577e-01,-0.000000000000000000e+00,2.495221113380305056e+00,-0.000000000000000000e+00,-2.726805522297580664e-01,-5.471510368364578686e-02,-0.000000000000000000e+00,0.000000000000000000e+00,-2.168577075522916120e-01,-3.886368588467465912e-01,-0.000000000000000000e+00,-2.251667321885742756e-01,-2.622053150687388423e-01,-0.000000000000000000e+00,-7.619374698426277515e-02,-0.000000000000000000e+00,-3.823702818833649708e-01,-0.000000000000000000e+00,0.000000000000000000e+00,-0.000000000000000000e+00,-0.000000000000000000e+00,-0.000000000000000000e+00,-4.129623526125539984e-02,-0.000000000000000000e+00,-1.840309020517782168e-01,-0.000000000000000000e+00
-0.000000000000000000e+00,-0.000000000000000000e+00,-0.000000000000000000e+00,0.000000000000000000e+00,-1.426624816116758288e-01,-0.000000000000000000e+00,-0.000000000000000000e+00,0.000000000000000000e+00,-0.000000000000000000e+00,-8.258959375970678640e-02,-5.415363267009564163e-01,0.000000000000000000e+00,0.000000000000000000e+00,-2.302854219614797540e-02,-0.000000000000000000e+00,-0.000000000000000000e+00,1.963974385719326365e+00,-0.000000000000000000e+00,-0.000000000000000000e+00,-0.000000000000000000e+00,-0.000000000000000000e+00,0.000000000000000000e+00,-0.000000000000000000e+00,-1.646998926831885202e-01,-0.000000000000000000e+00,-0.000000000000000000e+00,-0.000000000000000000e+00,-3.104604209890212685e-01,-0.000000000000000000e+00,-0.000000000000000000e+00,-0.000000000000000000e+00,-0.000000000000000000e+00,-4.925515513402849987e-01,-0.000000000000000000e+00,-1.912653209141439992e-01,-0.000000000000000000e+00,-0.000000000000000000e+00,-0.000000000000000000e+00,0.000000000000000000e+00
-0.000000000000000000e+00,-0.000000000000000000e+00,-0.000000000000000000e+00,-5.301440946771441842e-01,-0.000000000000000000e+00,0.000000000000000000e+00,0.000000000000000000e+00,0.000000000000000000e+00,-2.384044233968334314e-01,-0.000000000000000000e+00,-0.000000000000000000e+00,-3.596619835379754465e-02,0.000000000000000000e+00,-0.000000000000000000e+00,-0.000000000000000000e+00,-2.726805522297580664e-01,-0.000000000000000000e+00,1.836704312949608120e+00,-9.831360051888597684e-02,-5.056651026180678660e-02,0.000000000000000000e+00,-0.000000000000000000e+00,-0.000000000000000000e+00,-0.000000000000000000e+00,-0.000000000000000000e+00,-9.597205542694142721e-02,-0.000000000000000000e+00,-1.368052214927279187e-01,-0.000000000000000000e+00,-1.001604712886917103e-01,-0.000000000000000000e+00,0.000000000000000000e+00,-0.000000000000000000e+00,-0.000000000000000000e+00,-0.000000000000000000e+00,-0.000000000000000000e+00,-0.000000000000000000e+00,-1.920984900381336735e-01,-0.000000000000000000e+00
-0.000000000000000000e+00,-0.000000000000000000e+00,-7.652256914474483973e-02,-0.000000000000000000e+00,-1.351835016984624938e-01,0.000000000000000000e+00,-0.000000000000000000e+00,0.000000000000000000e+00,-0.000000000000000000e+00,-2.210645819882360585e-01,-0.000000000000000000e+00,-0.000000000000000000e+00,5.524783513385257000e-02,-0.000000000000000000e+00,-2.698940652427394005e-01,-5.471510368364578686e-02,-0.000000000000000000e+00,-9.831360051888597684e-02,1.607957787190217980e+00,-0.000000000000000000e+00,0.000000000000000000e+00,-0.000000000000000000e+00,-0.000000000000000000e+00,-0.000000000000000000e+00,-1.182591007504559810e-01,-0.000000000000000000e+00,0.000000000000000000e+00,-0.000000000000000000e+00,-0.000000000000000000e+00,-0.000000000000000000e+00,-0.000000000000000000e+00,0.000000000000000000e+00,-0.000000000000000000e+00,-0.000000000000000000e+00,-0.000000000000000000e+00,-0.000000000000000000e+00,-0.000000000000000000e+00,-3.379151762390641411e-01,-7.137665503843577952e-02
-0.000000000000000000e+00,-0.000000000000000000e+00,-0.000000000000000000e+00,-0.000000000000000000e+00,-0.000000000000000000e+00,0.000000000000000000e+00,0.000000000000000000e+00,-0.000000000000000000e+00,-0.000000000000000000e+00,-0.000000000000000000e+00,-0.000000000000000000e+00,-0.000000000000000000e+00,-0.000000000000000000e+00,-0.000000000000000000e+00,-0.000000000000000000e+00,-0.000000000000000000e+00,-0.000000000000000000e+00,-5.056651026180678660e-02,-0.000000000000000000e+00,1.047446045129041492e+00,-6.004354152338981648e-02,0.000000000000000000e+00,-0.000000000000000000e+00,-1.920866609908717867e-02,0.000000000000000000e+00,-0.000000000000000000e+00,-0.000000000000000000e+00,-0.000000000000000000e+00,0.000000000000000000e+00,-0.000000000000000000e+00,-1.850537276828692346e-01,-0.000000000000000000e+00,-0.000000000000000000e+00,-0.000000000000000000e+00,0.000000000000000000e+00,-0.000000000000000000e+00,-0.000000000000000000e+00,-0.000000000000000000e+00,-0.000000000000000000e+00
-0.000000000000000000e+00,-0.000000000000000000e+00,-0.000000000000000000e+00,3.507347609117252851e-01,-0.000000000000000000e+00,-5.434183873352863015e-02,0.000000000000000000e+00,-0.000000000000000000e+00,0.000000000000000000e+00,-0.000000000000000000e+00,-1.068354171800870306e-01,7.193044173834850161e-03,-0.000000000000000000e+00,0.000000000000000000e+00,2.284922750256832349e-02,0.000000000000000000e+00,-0.000000000000000000e+00,0.000000000000000000e+00,0.000000000000000000e+00,-6.004354152338981648e-02,1.322918111332633817e+00,0.000000000000000000e+00,0.000000000000000000e+00,-0.000000000000000000e+00,0.000000000000000000e+00,-0.000000000000000000e+00,0.000000000000000000e+00,-0.000000000000000000e+00,-0.000000000000000000e+00,0.000000000000000000e+00,-0.000000000000000000e+00,-1.827038499440322428e-01,-4.142337182693077713e-01,0.000000000000000000e+00,-0.000000000000000000e+00,0.000000000000000000e+00,-0.000000000000000000e+00,6.984439449936841182e-02,0.000000000000000000e+00
-0.000000000000000000e+00,-0.000000000000000000e+00,-0.000000000000000000e+00,-7.219824162554590308e-02,-0.000000000000000000e+00,7.924129806845878546e-03,-4.010240903804783708e-01,0.000000000000000000e+00,-0.000000000000000000e+00,-0.000000000000000000e+00,0.000000000000000000e+00,-2.740770723856366664e-01,-0.000000000000000000e+00,-0.000000000000000000e+00,-2.765527507226770987e-01,-2.168577075522916120e-01,0.000000000000000000e+00,-0.000000000000000000e+00,-0.000000000000000000e+00,0.000000000000000000e+00,0.000000000000000000e+00,1.542408768192065738e+00,-0.000000000000000000e+00,-0.000000000000000000e+00,-4.995593124282329128e-02,-0.000000000000000000e+00,-0.000000000000000000e+00,-0.000000000000000000e+00,-0.000000000000000000e+00,-1.033595631774948953e-01,-0.000000000000000000e+00,0.000000000000000000e+00,-0.000000000000000000e+00,-0.000000000000000000e+00,-0.000000000000000000e+00,-0.000000000000000000e+00,0.000000000000000000e+00,-0.000000000000000000e+00,-0.000000000000000000e+00
-1.230673416183049318e-01,-0.000000000000000000e+00,-0.000000000000000000e+00,-0.000000000000000000e+00,-1.467788334894462310e-01,-0.000000000000000000e+00,-0.000000000000000000e+00,0.000000000000000000e+00,-1.404091663412095070e-02,-2.755848657615528330e-01,-0.000000000000000000e+00,-1.306274462377937824e-02,0.000000000000000000e+00,-1.002282849478140087e-01,-0.000000000000000000e+00,-3.886368588467465912e-01,-0.000000000000000000e+00,-0.000000000000000000e+00,-0.000000000000000000e+00,-0.000000000000000000e+00,0.000000000000000000e+00,-0.000000000000000000e+00,1.868980843019032889e+00,-1.929587531655467536e-02,-2.534237738477590138e-02,-1.167931040112970414e-01,-1.178642700230809193e-01,-0.000000000000000000e+00,-0.000000000000000000e+00,-7.626742647503238466e-04,-1.337198590774054396e-01,-0.000000000000000000e+00,-0.000000000000000000e+00,-0.000000000000000000e+00,-0.000000000000000000e+00,-1.468759826766493359e-01,-0.000000000000000000e+00,-0.000000000000000000e+00,-1.508902832100360303e-01
-0.000000000000000000e+00,-0.000000000000000000e+00,-2.129384582385263347e-01,-0.000000000000000000e+00,-5.480144557141583550e-02,0.000000000000000000e+00,-0.000000000000000000e+00,0.000000000000000000e+00,-0.000000000000000000e+00,-0.000000000000000000e+00,-0.000000000000000000e+00,-0.000000000000000000e+00,-0.000000000000000000e+00,-2.214091048160063135e-01,-0.000000000000000000e+00,-0.000000000000000000e+00,-1.646998926831885202e-01,-0.000000000000000000e+00,-0.000000000000000000e+00,-1.920866609908717867e-02,-0.000000000000000000e+00,-0.000000000000000000e+00,-1.929587531655467536e-02,1.420237720998014375e+00,-1.166485664127351468e-01,-2.302824677065012753e-03,-0.000000000000000000e+00,-2.146941343441476080e-01,-0.000000000000000000e+00,-6.847345472909978012e-03,-0.000000000000000000e+00,-0.000000000000000000e+00,-0.000000000000000000e+00,-0.000000000000000000e+00,-0.000000000000000000e+00,-0.000000000000000000e+00,-0.000000000000000000e+00,-0.000000000000000000e+00,-0.000000000000000000e+00
-2.433121345222835630e-02,-0.000000000000000000e+00,-0.000000000000000000e+00,-0.000000000000000000e+00,-0.000000000000000000e+00,-0.000000000000000000e+00,-0.000000000000000000e+00,8.057403617746973501e-02,-0.000000000000000000e+00,-2.093821048491531778e-01,-0.000000000000000000e+00,-0.000000000000000000e+00,0.000000000000000000e+00,-1.351522509792645876e-01,-2.778038533546215438e-01,-2.251667321885742756e-01,-0.000000000000000000e+00,-0.000000000000000000e+00,-1.182591007504559810e-01,0.000000000000000000e+00,0.000000000000000000e+00,-4.995593124282329128e-02,-2.534237738477590138e-02,-1.166485664127351468e-01,1.708050764001841859e+00,-0.000000000000000000e+00,0.000000000000000000e+00,-0.000000000000000000e+00,-1.811466625390151242e-02,-1.382959303997000622e-01,-0.000000000000000000e+00,0.000000000000000000e+00,-0.000000000000000000e+00,-0.000000000000000000e+00,-1.273243405077430224e-01,-0.000000000000000000e+00,-0.000000000000000000e+00,-6.897151446373697703e-02,-0.000000000000000000e+00
-1.934247949773131026e-01,-1.185973125389803151e-01,-1.446471848756525347e-01,-0.000000000000000000e+00,-1.638807675473570591e-01,0.000000000000000000e+00,-0.000000000000000000e+00,0.000000000000000000e+00,-2.152929452270458399e-01,-1.485504355645099195e-01,-0.000000000000000000e+00,-4.181620619527245258e-02,-0.000000000000000000e+00,-4.694021968100398068e-02,-0.000000000000000000e+00,-2.622053150687388423e-01,-0.000000000000000000e+00,-9.597205542694142721e-02,-0.000000000000000000e+00,-0.000000000000000000e+00,-0.000000000000000000e+00,-0.000000000000000000e+00,-1.167931040112970414e-01,-2.302824677065012753e-03,-0.000000000000000000e+00,2.260680428317174417e+00,-2.559733347095829448e-01,-3.031183881777725353e-01,-0.000000000000000000e+00,-1.026130829178913545e-01,-1.426966307729498895e-01,-0.000000000000000000e+00,-0.000000000000000000e+00,-0.000000000000000000e+00,-0.000000000000000000e+00,-0.000000000000000000e+00,-0.000000000000000000e+00,-0.000000000000000000e+00,-2.419254917137301716e-02
-0.000000000000000000e+00,-5.342698342291593572e-02,-0.000000000000000000e+00,-0.000000000000000000e+00,-0.000000000000000000e+00,0.000000000000000000e+00,-0.000000000000000000e+00,0.000000000000000000e+00,-5.264802912308927905e-03,-0.000000000000000000e+00,-0.000000000000000000e+00,-3.103480181430809948e-01,-2.756155436507158954e-02,-0.000000000000000000e+00,0.000000000000000000e+00,-0.000000000000000000e+00,-0.000000000000000000e+00,-0.000000000000000000e+00,0.000000000000000000e+00,-0.000000000000000000e+00,0.000000000000000000e+00,-0.000000000000000000e+00,-1.178642700230809193e-01,-0.000000000000000000e+00,0.000000000000000000e+00,-2.559733347095829448e-01,1.788652352076604668e+00,-0.000000000000000000e+00,-0.000000000000000000e+00,-0.000000000000000000e+00,-6.329606467948799553e-01,-5.887155503142419560e-02,0.000000000000000000e+00,-0.000000000000000000e+00,-0.000000000000000000e+00,-8.639523496773483802e-02,0.000000000000000000e+00,-0.000000000000000000e+00,-1.324746864799139223e-01
-1.099952806623287205e-01,-0.000000000000000000e+00,-2.272933150358339219e-02,-0.000000000000000000e+00,-2.074542684109602630e-01,0.000000000000000000e+00,-0.000000000000000000e+00,0.000000000000000000e+00,-0.000000000000000000e+00,-1.899921813293512785e-01,-0.000000000000000000e+00,-0.000000000000000000e+00,0.000000000000000000e+00,-0.000000000000000000e+00,-0.000000000000000000e+00,-7.619374698426277515e-02,-3.104604209890212685e-01,-1.368052214927279187e-01,-0.000000000000000000e+00,-0.000000000000000000e+00,-0.000000000000000000e+00,-0.000000000000000000e+00,-0.000000000000000000e+00,-2.146941343441476080e-01,-0.000000000000000000e+00,-3.031183881777725353e-01,-0.000000000000000000e+00,1.986704727443505236e+00,-0.000000000000000000e+00,-1.994687768412255202e-01,-5.525286248267240186e-02,-0.000000000000000000e+00,-5.794804880400992314e-03,-0.000000000000000000e+00,-1.046555762885338220e-01,-0.000000000000000000e+00,-0.000000000000000000e+00,-7.853337809480769038e-02,-0.000000000000000000e+00
-3.156679904070353593e-01,-1.656043145679865491e-01,-0.000000000000000000e+00,0.000000000000000000e+00,-0.000000000000000000e+00,-0.000000000000000000e+00,-0.000000000000000000e+00,0.000000000000000000e+00,-0.000000000000000000e+00,-2.634043721614253708e-01,-9.977441064098403756e-02,0.000000000000000000e+00,0.000000000000000000e+00,-1.199934494333622370e-01,-0.000000000000000000e+00,-0.000000000000000000e+00,-0.000000000000000000e+00,-0.000000000000000000e+00,-0.000000000000000000e+00,0.000000000000000000e+00,-0.000000000000000000e+00,-0.000000000000000000e+00,-0.000000000000000000e+00,-0.000000000000000000e+00,-1.811466625390151242e-02,-0.000000000000000000e+00,-0.000000000000000000e+00,-0.000000000000000000e+00,1.816981402176301108e+00,-0.000000000000000000e+00,-0.000000000000000000e+00,-0.000000000000000000e+00,-5.303770560799312556e-02,-0.000000000000000000e+00,-3.339931213899404172e-01,-0.000000000000000000e+00,-3.702296054089895816e-01,-0.000000000000000000e+00,-0.000000000000000000e+00
-8.309245914496847518e-02,-0.000000000000000000e+00,-0.000000000000000000e+00,-0.000000000000000000e+00,-0.000000000000000000e+00,0.000000000000000000e+00,-0.000000000000000000e+00,0.000000000000000000e+00,-1.158650175615144884e-01,-2.112727012004111393e-01,-0.000000000000000000e+00,-0.000000000000000000e+00,0.000000000000000000e+00,-2.021205480189402492e-01,-9.605793891401540052e-02,-3.823702818833649708e-01,-0.000000000000000000e+00,-1.001604712886917103e-01,-0.000000000000000000e+00,-0.000000000000000000e+00,0.000000000000000000e+00,-1.033595631774948953e-01,-7.626742647503238466e-04,-6.847345472909978012e-03,-1.382959303997000622e-01,-1.026130829178913545e-01,-0.000000000000000000e+00,-1.994687768412255202e-01,-0.000000000000000000e+00,2.085747022981154331e+00,-0.000000000000000000e+00,0.000000000000000000e+00,-0.000000000000000000e+00,-0.000000000000000000e+00,-0.000000000000000000e+00,-2.653168493360510971e-01,-0.000000000000000000e+00,-1.198297382058434168e-01,-0.000000000000000000e+00
-0.000000000000000000e+00,-1.569668840729160353e-01,-0.000000000000000000e+00,-0.000000000000000000e+00,-0.000000000000000000e+00,0.000000000000000000e+00,-0.000000000000000000e+00,0.000000000000000000e+00,-0.000000000000000000e+00,-5.096845614832996862e-02,-0.000000000000000000e+00,-8.895964428431267154e-03,-2.570015569929861576e-01,-0.000000000000000000e+00,0.000000000000000000e+00,-0.000000000000000000e+00,-0.000000000000000000e+00,-0.000000000000000000e+00,-0.000000000000000000e+00,-1.850537276828692346e-01,-0.000000000000000000e+00,-0.000000000000000000e+00,-1.337198590774054396e-01,-0.000000000000000000e+00,-0.000000000000000000e+00,-1.426966307729498895e-01,-6.329606467948799553e-01,-5.525286248267240186e-02,-0.000000000000000000e+00,-0.000000000000000000e+00,1.830982330875690067e+00,-2.388866077786456765e-01,-0.000000000000000000e+00,-0.000000000000000000e+00,-0.000000000000000000e+00,-1.946705646242274101e-01,-0.000000000000000000e+00,-0.000000000000000000e+00,-0.000000000000000000e+00
-0.000000000000000000e+00,-0.000000000000000000e+00,-0.000000000000000000e+00,0.000000000000000000e+00,-0.000000000000000000e+00,-1.811028149416615135e-02,-0.000000000000000000e+00,0.000000000000000000e+00,0.000000000000000000e+00,-0.000000000000000000e+00,-2.659681086329728217e-01,0.000000000000000000e+00,-5.142467919007030763e-02,-0.000000000000000000e+00,2.591098937360891696e-01,0.000000000000000000e+00,-0.000000000000000000e+00,0.000000000000000000e+00,0.000000000000000000e+00,-0.000000000000000000e+00,-1.827038499440322428e-01,0.000000000000000000e+00,-0.000000000000000000e+00,-0.000000000000000000e+00,0.000000000000000000e+00,-0.000000000000000000e+00,-5.887155503142419560e-02,-0.000000000000000000e+00,-0.000000000000000000e+00,0.000000000000000000e+00,-2.388866077786456765e-01,1.365206900479571051e+00,-0.000000000000000000e+00,-0.000000000000000000e+00,-0.000000000000000000e+00,-0.000000000000000000e+00,-2.896941077021785160e-01,3.359814643858738403e-02,0.000000000000000000e+00
-0.000000000000000000e+00,-0.000000000000000000e+00,-3.256633683089550368e-01,0.000000000000000000e+00,-5.875173656080293766e-02,-0.000000000000000000e+00,-0.000000000000000000e+00,0.000000000000000000e+00,-0.000000000000000000e+00,-7.669682443429055863e-02,-2.214013663550057909e-01,0.000000000000000000e+00,0.000000000000000000e+00,-0.000000000000000000e+00,-0.000000000000000000e+00,-0.000000000000000000e+00,-4.925515513402849987e-01,-0.000000000000000000e+00,-0.000000000000000000e+00,-0.000000000000000000e+00,-4.142337182693077713e-01,-0.000000000000000000e+00,-0.000000000000000000e+00,-0.000000000000000000e+00,-0.000000000000000000e+00,-0.000000000000000000e+00,0.000000000000000000e+00,-5.794804880400992314e-03,-5.303770560799312556e-02,-0.000000000000000000e+00,-0.000000000000000000e+00,-0.000000000000000000e+00,1.799895239915693779e+00,-0.000000000000000000e+00,-1.571205347562219801e-01,-0.000000000000000000e+00,-0.000000000000000000e+00,-0.000000000000000000e+00,0.000000000000000000e+00
-0.000000000000000000e+00,-0.000000000000000000e+00,-2.000215778024474200e-01,-0.000000000000000000e+00,-2.064788310344912170e-01,0.000000000000000000e+00,-1.897019858381220614e-01,5.359039158547882625e-02,-4.425374238052564579e-01,-0.000000000000000000e+00,-0.000000000000000000e+00,-0.000000000000000000e+00,-0.000000000000000000e+00,-3.128843178447494183e-02,-1.005152054530803526e-03,-0.000000000000000000e+00,-0.000000000000000000e+00,-0.000000000000000000e+00,-0.000000000000000000e+00,-0.000000000000000000e+00,0.000000000000000000e+00,-0.000000000000000000e+00,-0.000000000000000000e+00,-0.000000000000000000e+00,-0.000000000000000000e+00,-0.000000000000000000e+00,-0.000000000000000000e+00,-0.000000000000000000e+00,-0.000000000000000000e+00,-0.000000000000000000e+00,-0.000000000000000000e+00,-0.000000000000000000e+00,-0.000000000000000000e+00,1.483177948682966596e+00,-0.000000000000000000e+00,-0.000000000000000000e+00,0.000000000000000000e+00,-0.000000000000000000e+00,-0.000000000000000000e+00
-0.000000000000000000e+00,-0.000000000000000000e+00,-0.000000000000000000e+00,-0.000000000000000000e+00,-0.000000000000000000e+00,-3.308689388367889138e-03,-0.000000000000000000e+00,0.000000000000000000e+00,-0.000000000000000000e+00,-0.000000000000000000e+00,-0.000000000000000000e+00,0.000000000000000000e+00,0.000000000000000000e+00,-2.563424668505161486e-01,-0.000000000000000000e+00,-0.000000000000000000e+00,-1.912653209141439992e-01,-0.000000000000000000e+00,-0.000000000000000000e+00,0.000000000000000000e+00,-0.000000000000000000e+00,-0.000000000000000000e+00,-0.000000000000000000e+00,-0.000000000000000000e+00,-1.273243405077430224e-01,-0.000000000000000000e+00,-0.000000000000000000e+00,-1.046555762885338220e-01,-3.339931213899404172e-01,-0.000000000000000000e+00,-0.000000000000000000e+00,-0.000000000000000000e+00,-1.571205347562219801e-01,-0.000000000000000000e+00,1.720835938809291754e+00,-0.000000000000000000e+00,-4.212745155783286233e-01,-0.000000000000000000e+00,0.000000000000000000e+00
-1.336950321241429096e-01,-1.672410752314696103e-01,-0.000000000000000000e+00,-0.000000000000000000e+00,-0.000000000000000000e+00,0.000000000000000000e+00,-0.000000000000000000e+00,0.000000000000000000e+00,-0.000000000000000000e+00,-1.184321374839634733e-01,-0.000000000000000000e+00,-0.000000000000000000e+00,-0.000000000000000000e+00,-1.550211585001622094e-02,-0.000000000000000000e+00,-4.129623526125539984e-02,-0.000000000000000000e+00,-0.000000000000000000e+00,-0.000000000000000000e+00,-0.000000000000000000e+00,0.000000000000000000e+00,-0.000000000000000000e+00,-1.468759826766493359e-01,-0.000000000000000000e+00,-0.000000000000000000e+00,-0.000000000000000000e+00,-8.639523496773483802e-02,-0.000000000000000000e+00,-0.000000000000000000e+00,-2.653168493360510971e-01,-1.946705646242274101e-01,-0.000000000000000000e+00,-0.000000000000000000e+00,-0.000000000000000000e+00,-0.000000000000000000e+00,1.490433107001462032e+00,-0.000000000000000000e+00,-0.000000000000000000e+00,-0.000000000000000000e+00
-0.000000000000000000e+00,-1.588089325236198210e-02,-0.000000000000000000e+00,0.000000000000000000e+00,-0.000000000000000000e+00,-3.084232562391924226e-01,0.000000000000000000e+00,0.000000000000000000e+00,-0.000000000000000000e+00,-2.097841155771790200e-02,-2.783129218969996321e-01,0.000000000000000000e+00,0.000000000000000000e+00,-0.000000000000000000e+00,0.000000000000000000e+00,-0.000000000000000000e+00,-0.000000000000000000e+00,-0.000000000000000000e+00,-0.000000000000000000e+00,-0.000000000000000000e+00,-0.000000000000000000e+00,0.000000000000000000e+00,-0.000000000000000000e+00,-0.000000000000000000e+00,-0.000000000000000000e+00,-0.000000000000000000e+00,0.000000000000000000e+00,-0.000000000000000000e+00,-3.702296054089895816e-01,-0.000000000000000000e+00,-0.000000000000000000e+00,-2.896941077021785160e-01,-0.000000000000000000e+00,0.000000000000000000e+00,-4.212745155783286233e-01,-0.000000000000000000e+00,1.682714958296623875e+00,0.000000000000000000e+00,0.000000000000000000e+00
-0.000000000000000000e+00,-0.000000000000000000e+00,-0.000000000000000000e+00,-0.000000000000000000e+00,-1.766349844899912092e-01,0.000000000000000000e+00,-0.000000000000000000e+00,1.289915987530198538e-01,-3.262629197014908500e-01,-0.000000000000000000e+00,0.000000000000000000e+00,-0.000000000000000000e+00,0.000000000000000000e+00,-0.000000000000000000e+00,-2.454809094390925372e-01,-1.840309020517782168e-01,-0.000000000000000000e+00,-1.920984900381336735e-01,-3.379151762390641411e-01,-0.000000000000000000e+00,6.984439449936841182e-02,-0.000000000000000000e+00,-0.000000000000000000e+00,-0.000000000000000000e+00,-6.897151446373697703e-02,-0.000000000000000000e+00,-0.000000000000000000e+00,-7.853337809480769038e-02,-0.000000000000000000e+00,-1.198297382058434168e-01,-0.000000000000000000e+00,3.359814643858738403e-02,-0.000000000000000000e+00,-0.000000000000000000e+00,-0.000000000000000000e+00,-0.000000000000000000e+00,0.000000000000000000e+00,2.000504273243207010e+00,-1.670764664854693937e-01
-0.000000000000000000e+00,-5.961948174801113415e-02,-0.000000000000000000e+00,-0.000000000000000000e+00,-0.000000000000000000e+00,0.000000000000000000e+00,-0.000000000000000000e+00,0.000000000000000000e+00,-3.938589539839921772e-01,-0.000000000000000000e+00,0.000000000000000000e+00,-3.760478374662638013e-01,-0.000000000000000000e+00,-0.000000000000000000e+00,-0.000000000000000000e+00,-0.000000000000000000e+00,0.000000000000000000e+00,-0.000000000000000000e+00,-7.137665503843577952e-02,-0.000000000000000000e+00,0.000000000000000000e+00,-0.000000000000000000e+00,-1.508902832100360303e-01,-0.000000000000000000e+00,-0.000000000000000000e+00,-2.419254917137301716e-02,-1.324746864799139223e-01,-0.000000000000000000e+00,-0.000000000000000000e+00,-0.000000000000000000e+00,-0.000000000000000000e+00,0.000000000000000000e+00,0.000000000000000000e+00,-0.000000000000000000e+00,0.000000000000000000e+00,-0.000000000000000000e+00,0.000000000000000000e+00,-1.670764664854693937e-01,1.631013695755827664e+00
