2.123416733260958367e+00,-0.000000000000000000e+00,-0.000000000000000000e+00,-0.000000000000000000e+00,-0.000000000000000000e+00,-0.000000000000000000e+00,-0.000000000000000000e+00,0.000000000000000000e+00,-0.000000000000000000e+00,-0.000000000000000000e+00,0.000000000000000000e+00,-0.000000000000000000e+00,1.746833767591747244e-01,-0.000000000000000000e+00,-8.519036125256293501e-02,-0.000000000000000000e+00,0.000000000000000000e+00,-0.000000000000000000e+00,-0.000000000000000000e+00,-2.641680663823017250e-01,0.000000000000000000e+00,0.000000000000000000e+00,-1.225901244945380025e-01,-3.872524696637388852e-01,-0.000000000000000000e+00,-6.917438861733250510e-01,0.000000000000000000e+00,-3.010183877366151006e-01,-0.000000000000000000e+00,-0.000000000000000000e+00,-0.000000000000000000e+00,-0.000000000000000000e+00,0.000000000000000000e+00,-0.000000000000000000e+00,-0.000000000000000000e+00,-0.000000000000000000e+00,-0.000000000000000000e+00,-1.591096059164903709e-01,-0.000000000000000000e+00
-0.000000000000000000e+00,1.800658567652070996e+00,-0.000000000000000000e+00,0.000000000000000000e+00,-0.000000000000000000e+00,-0.000000000000000000e+00,0.000000000000000000e+00,0.000000000000000000e+00,-0.000000000000000000e+00,-0.000000000000000000e+00,-0.000000000000000000e+00,-0.000000000000000000e+00,-0.000000000000000000e+00,-1.640578607881261752e-01,0.000000000000000000e+00,-0.000000000000000000e+00,0.000000000000000000e+00,0.000000000000000000e+00,0.000000000000000000e+00,0.000000000000000000e+00,-0.000000000000000000e+00,-0.000000000000000000e+00,-2.344862438728848378e-02,-1.393421719633707312e-01,-0.000000000000000000e+00,-0.000000000000000000e+00,-3.133843322826577321e-02,-0.000000000000000000e+00,-0.000000000000000000e+00,-0.000000000000000000e+00,-6.483235067835850796e-01,-1.461578637640694178e-01,-0.000000000000000000e+00,-0.000000000000000000e+00,-0.000000000000000000e+00,-4.178205904935520243e-01,-1.074020313978267666e-01,0.000000000000000000e+00,-0.000000000000000000e+00
-0.000000000000000000e+00,-0.000000000000000000e+00,2.460578914097190761e+00,-0.000000000000000000e+00,-3.520141232953313826e-01,-0.000000000000000000e+00,0.000000000000000000e+00,8.894572075075659612e-01,-0.000000000000000000e+00,-9.197466577804551402e-02,0.000000000000000000e+00,-0.000000000000000000e+00,0.000000000000000000e+00,-9.817768543103137791e-02,-0.000000000000000000e+00,-0.000000000000000000e+00,0.000000000000000000e+00,-0.000000000000000000e+00,-0.000000000000000000e+00,-2.472433375958796586e-01,-0.000000000000000000e+00,-0.000000000000000000e+00,-1.785475817500713769e-01,-9.030096777629073590e-02,-1.568296333838694323e-01,-8.991911548770450957e-02,-0.000000000000000000e+00,-0.000000000000000000e+00,0.000000000000000000e+00,-0.000000000000000000e+00,-0.000000000000000000e+00,-0.000000000000000000e+00,0.000000000000000000e+00,-1.761962027481216719e-01,0.000000000000000000e+00,-0.000000000000000000e+00,-0.000000000000000000e+00,-7.198200515221866991e-02,-4.318919576826044798e-02
-0.000000000000000000e+00,0.000000000000000000e+00,-0.000000000000000000e+00,2.793854710242890782e+00,-0.000000000000000000e+00,0.000000000000000000e+00,-0.000000000000000000e+00,0.000000000000000000e+00,-2.490137067977281626e-01,-0.000000000000000000e+00,2.376000325187402340e-01,-6.030610638387660927e-02,1.314814969303740866e-01,-0.000000000000000000e+00,-0.000000000000000000e+00,-2.135940965183832640e-01,1.617370720287264474e-01,-3.976616901311954000e-01,-4.542772606153079318e-01,-2.994789559637972554e-01,4.926710889881727277e-03,0.000000000000000000e+00,-0.000000000000000000e+00,-0.000000000000000000e+00,-0.000000000000000000e+00,-0.000000000000000000e+00,0.000000000000000000e+00,0.000000000000000000e+00,6.149451935027486216e-02,-1.704715027294235741e-01,0.000000000000000000e+00,2.175904714245452398e-02,1.904862799178286548e-01,-0.000000000000000000e+00,0.000000000000000000e+00,0.000000000000000000e+00,0.000000000000000000e+00,-2.202827166209236631e-01,-0.000000000000000000e+00
-0.000000000000000000e+00,-0.000000000000000000e+00,-3.520141232953313826e-01,-0.000000000000000000e+00,2.574908269579014419e+00,-0.000000000000000000e+00,-0.000000000000000000e+00,1.829768086722948495e-01,-2.628099763404891376e-01,-1.611527747802534716e-01,0.000000000000000000e+00,-2.489189182866857059e-02,0.000000000000000000e+00,-2.035308532163316864e-01,-0.000000000000000000e+00,-1.589082782744511146e-01,0.000000000000000000e+00,-9.716869519430820779e-02,-7.807479145558872402e-02,-4.982947552207810799e-02,0.000000000000000000e+00,-0.000000000000000000e+00,-1.452401503172849606e-01,-8.336767237688030852e-02,-0.000000000000000000e+00,-0.000000000000000000e+00,-0.000000000000000000e+00,-0.000000000000000000e+00,0.000000000000000000e+00,-2.286491624395466660e-01,-0.000000000000000000e+00,-0.000000000000000000e+00,0.000000000000000000e+00,-2.802306053837121946e-01,0.000000000000000000e+00,0.000000000000000000e+00,0.000000000000000000e+00,-1.619367060820859905e-01,-1.962600569311727383e-01
-0.000000000000000000e+00,-0.000000000000000000e+00,-0.000000000000000000e+00,0.000000000000000000e+00,-0.000000000000000000e+00,1.499670489838191179e+00,0.000000000000000000e+00,0.000000000000000000e+00,-0.000000000000000000e+00,-0.000000000000000000e+00,-0.000000000000000000e+00,0.000000000000000000e+00,-0.000000000000000000e+00,-6.232010334763448539e-02,0.000000000000000000e+00,-0.000000000000000000e+00,-2.267176809852309849e-01,-0.000000000000000000e+00,0.000000000000000000e+00,-0.000000000000000000e+00,-0.000000000000000000e+00,-3.404799973087680592e-02,-9.971236662305139192e-03,-0.000000000000000000e+00,-4.943711559877632666e-01,-1.337471627890190196e-01,-2.155390540216100062e-02,-1.631261510003743642e-01,-0.000000000000000000e+00,-0.000000000000000000e+00,-0.000000000000000000e+00,-0.000000000000000000e+00,-0.000000000000000000e+00,-0.000000000000000000e+00,-1.355571001320343139e-01,-0.000000000000000000e+00,-1.540699137508749483e-01,-0.000000000000000000e+00,-0.000000000000000000e+00
-0.000000000000000000e+00,0.000000000000000000e+00,0.000000000000000000e+00,-0.000000000000000000e+00,-0.000000000000000000e+00,0.000000000000000000e+00,1.436082264010110521e+00,-0.000000000000000000e+00,-0.000000000000000000e+00,0.000000000000000000e+00,0.000000000000000000e+00,-0.000000000000000000e+00,1.004304196079681410e-01,0.000000000000000000e+00,-4.278307255538491560e-01,-0.000000000000000000e+00,0.000000000000000000e+00,-0.000000000000000000e+00,-0.000000000000000000e+00,-0.000000000000000000e+00,0.000000000000000000e+00,0.000000000000000000e+00,0.000000000000000000e+00,0.000000000000000000e+00,0.000000000000000000e+00,-0.000000000000000000e+00,2.928670500643417163e-01,-0.000000000000000000e+00,0.000000000000000000e+00,-0.000000000000000000e+00,0.000000000000000000e+00,2.982308822087677558e-01,0.000000000000000000e+00,0.000000000000000000e+00,0.000000000000000000e+00,0.000000000000000000e+00,0.000000000000000000e+00,-0.000000000000000000e+00,0.000000000000000000e+00
0.000000000000000000e+00,0.000000000000000000e+00,8.894572075075659612e-01,0.000000000000000000e+00,1.829768086722948495e-01,0.000000000000000000e+00,-0.000000000000000000e+00,2.127075838819547648e+00,0.000000000000000000e+00,3.811885173611025829e-02,-0.000000000000000000e+00,0.000000000000000000e+00,-0.000000000000000000e+00,1.790197586166191179e-01,-0.000000000000000000e+00,0.000000000000000000e+00,-0.000000000000000000e+00,0.000000000000000000e+00,0.000000000000000000e+00,0.000000000000000000e+00,0.000000000000000000e+00,9.248632539445790501e-02,2.092215185763004470e-01,0.000000000000000000e+00,1.483480892884643521e-01,0.000000000000000000e+00,9.472024839647327776e-02,0.000000000000000000e+00,-0.000000000000000000e+00,0.000000000000000000e+00,0.000000000000000000e+00,0.000000000000000000e+00,0.000000000000000000e+00,1.345356818472511484e-01,0.000000000000000000e+00,0.000000000000000000e+00,0.000000000000000000e+00,0.000000000000000000e+00,6.819626649336298085e-02
-0.000000000000000000e+00,-0.000000000000000000e+00,-0.000000000000000000e+00,-2.490137067977281626e-01,-2.628099763404891376e-01,-0.000000000000000000e+00,-0.000000000000000000e+00,0.000000000000000000e+00,2.995347768560623791e+00,-2.908622158764591625e-01,9.440008920848190488e-02,-2.172033750665994523e-01,0.000000000000000000e+00,-0.000000000000000000e+00,-0.000000000000000000e+00,-3.099213821295304649e-01,0.000000000000000000e+00,-2.658634811531111475e-01,-2.436929751757102025e-01,-9.813504494224926933e-02,2.045214523845439308e-02,0.000000000000000000e+00,-0.000000000000000000e+00,-2.447899225197600406e-02,-0.000000000000000000e+00,-0.000000000000000000e+00,-0.000000000000000000e+00,0.000000000000000000e+00,0.000000000000000000e+00,-3.860914272672684167e-01,0.000000000000000000e+00,0.000000000000000000e+00,0.000000000000000000e+00,-2.006377599329867145e-01,0.000000000000000000e+00,0.000000000000000000e+00,0.000000000000000000e+00,-2.159370714573786154e-01,-1.980003901304187297e-01
-0.000000000000000000e+00,-0.000000000000000000e+00,-9.197466577804551402e-02,-0.000000000000000000e+00,-1.611527747802534716e-01,-0.000000000000000000e+00,0.000000000000000000e+00,3.811885173611025829e-02,-2.908622158764591625e-01,2.798202863109375382e+00,0.000000000000000000e+00,-3.452311245582631583e-01,0.000000000000000000e+00,-2.341703795088177775e-01,-0.000000000000000000e+00,-2.575207927294865806e-01,0.000000000000000000e+00,-2.397950956038678513e-02,-6.986587886672206149e-02,-0.000000000000000000e+00,0.000000000000000000e+00,-0.000000000000000000e+00,-1.927442025239477219e-01,-4.480546440482623648e-03,-0.000000000000000000e+00,-0.000000000000000000e+00,-0.000000000000000000e+00,0.000000000000000000e+00,0.000000000000000000e+00,-4.094547080013774543e-01,-0.000000000000000000e+00,0.000000000000000000e+00,0.000000000000000000e+00,-1.064688964993553005e-01,0.000000000000000000e+00,0.000000000000000000e+00,0.000000000000000000e+00,-5.657890737346037840e-02,-5.741217456492737625e-01
0.000000000000000000e+00,-0.000000000000000000e+00,0.000000000000000000e+00,2.376000325187402340e-01,0.000000000000000000e+00,-0.000000000000000000e+00,0.000000000000000000e+00,-0.000000000000000000e+00,9.440008920848190488e-02,0.000000000000000000e+00,2.509939545113119230e+00,1.260571187355139233e-01,-1.658659257742750859e-01,0.000000000000000000e+00,0.000000000000000000e+00,1.969316122186308415e-01,-5.817612704722295858e-01,8.151512631055581048e-02,1.113969978435688790e-01,0.000000000000000000e+00,-1.711870498321526879e-01,-0.000000000000000000e+00,0.000000000000000000e+00,0.000000000000000000e+00,-0.000000000000000000e+00,0.000000000000000000e+00,-0.000000000000000000e+00,-0.000000000000000000e+00,-1.551801096832475801e-01,1.550431847831346410e-01,-0.000000000000000000e+00,-1.033392592701649071e-01,-4.016424257218564886e-01,0.000000000000000000e+00,-3.924580989101367906e-02,-0.000000000000000000e+00,-3.413612988746116128e-02,0.000000000000000000e+00,0.000000000000000000e+00
-0.000000000000000000e+00,-0.000000000000000000e+00,-0.000000000000000000e+00,-6.030610638387660927e-02,-2.489189182866857059e-02,0.000000000000000000e+00,-0.000000000000000000e+00,0.000000000000000000e+00,-2.172033750665994523e-01,-3.452311245582631583e-01,1.260571187355139233e-01,2.648421441548266753e+00,0.000000000000000000e+00,-0.000000000000000000e+00,-0.000000000000000000e+00,-1.403867390144334926e-01,1.198461139770533451e-01,-9.338821014612572191e-02,-5.030452929931187450e-02,-0.000000000000000000e+00,2.271891648690368970e-02,-0.000000000000000000e+00,-0.000000000000000000e+00,-0.000000000000000000e+00,-0.000000000000000000e+00,-0.000000000000000000e+00,-0.000000000000000000e+00,0.000000000000000000e+00,4.052202042527749404e-01,-2.591726751109519333e-01,-0.000000000000000000e+00,0.000000000000000000e+00,0.000000000000000000e+00,-2.137606968534409568e-01,0.000000000000000000e+00,0.000000000000000000e+00,0.000000000000000000e+00,-0.000000000000000000e+00,-6.371798114351269193e-01
1.746833767591747244e-01,-0.000000000000000000e+00,0.000000000000000000e+00,1.314814969303740866e-01,0.000000000000000000e+00,-0.000000000000000000e+00,1.004304196079681410e-01,-0.000000000000000000e+00,0.000000000000000000e+00,0.000000000000000000e+00,-1.658659257742750859e-01,0.000000000000000000e+00,2.012396114238613976e+00,0.000000000000000000e+00,3.736206409810364226e-01,3.206843030958298479e-01,-0.000000000000000000e+00,2.317740772987423592e-01,4.889219631294020041e-02,0.000000000000000000e+00,-1.271052265861680741e-01,-0.000000000000000000e+00,0.000000000000000000e+00,0.000000000000000000e+00,0.000000000000000000e+00,0.000000000000000000e+00,-0.000000000000000000e+00,0.000000000000000000e+00,-0.000000000000000000e+00,0.000000000000000000e+00,-0.000000000000000000e+00,-1.848853757611083892e-02,-6.855450563457721191e-02,0.000000000000000000e+00,-0.000000000000000000e+00,-0.000000000000000000e+00,-0.000000000000000000e+00,2.945249725963531295e-01,0.000000000000000000e+00
-0.000000000000000000e+00,-1.640578607881261752e-01,-9.817768543103137791e-02,-0.000000000000000000e+00,-2.035308532163316864e-01,-6.232010334763448539e-02,0.000000000000000000e+00,1.790197586166191179e-01,-0.000000000000000000e+00,-2.341703795088177775e-01,0.000000000000000000e+00,-0.000000000000000000e+00,0.000000000000000000e+00,2.244455495306751036e+00,0.000000000000000000e+00,-0.000000000000000000e+00,0.000000000000000000e+00,-0.000000000000000000e+00,-0.000000000000000000e+00,-0.000000000000000000e+00,0.000000000000000000e+00,-0.000000000000000000e+00,-3.667188763736177748e-01,-3.314678366805418053e-01,-3.325098741160136817e-01,-0.000000000000000000e+00,-1.639965236359059719e-01,-0.000000000000000000e+00,0.000000000000000000e+00,-1.633318466913532760e-02,-3.281024202806287482e-02,-0.000000000000000000e+00,0.000000000000000000e+00,-1.234043044263936489e-01,-0.000000000000000000e+00,-0.000000000000000000e+00,-0.000000000000000000e+00,-0.000000000000000000e+00,-1.564910955862001962e-01
-8.519036125256293501e-02,0.000000000000000000e+00,-0.000000000000000000e+00,-0.000000000000000000e+00,-0.000000000000000000e+00,0.000000000000000000e+00,-4.278307255538491560e-01,-0.000000000000000000e+00,-0.000000000000000000e+00,-0.000000000000000000e+00,0.000000000000000000e+00,-0.000000000000000000e+00,3.736206409810364226e-01,0.000000000000000000e+00,1.486385830329118418e+00,-0.000000000000000000e+00,0.000000000000000000e+00,-0.000000000000000000e+00,-0.000000000000000000e+00,-1.248571900215741104e-01,0.000000000000000000e+00,0.000000000000000000e+00,-0.000000000000000000e+00,-0.000000000000000000e+00,-0.000000000000000000e+00,-0.000000000000000000e+00,1.735254735452341768e-01,-1.071964524688278353e-01,0.000000000000000000e+00,-0.000000000000000000e+00,2.121170459106858780e-02,0.000000000000000000e+00,0.000000000000000000e+00,-0.000000000000000000e+00,0.000000000000000000e+00,1.163423081259181285e-01,0.000000000000000000e+00,-0.000000000000000000e+00,0.000000000000000000e+00
-0.000000000000000000e+00,-0.000000000000000000e+00,-0.000000000000000000e+00,-2.135940965183832640e-01,-1.589082782744511146e-01,-0.000000000000000000e+00,-0.000000000000000000e+00,0.000000000000000000e+00,-3.099213821295304649e-01,-2.575207927294865806e-01,1.969316122186308415e-01,-1.403867390144334926e-01,3.206843030958298479e-01,-0.000000000000000000e+00,-0.000000000000000000e+00,2.936024728602976364e+00,0.000000000000000000e+00,-3.232396524942816596e-01,-2.450555252045286958e-01,-5.627358427083109516e-02,9.914841872698298975e-02,0.000000000000000000e+00,-0.000000000000000000e+00,-0.000000000000000000e+00,-0.000000000000000000e+00,-0.000000000000000000e+00,0.000000000000000000e+00,0.000000000000000000e+00,0.000000000000000000e+00,-3.492354870752100160e-01,0.000000000000000000e+00,0.000000000000000000e+00,3.127069740550550685e-03,-0.000000000000000000e+00,0.000000000000000000e+00,0.000000000000000000e+00,0.000000000000000000e+00,-3.083096378878364408e-01,-3.828152952428882233e-02
0.000000000000000000e+00,0.000000000000000000e+00,0.000000000000000000e+00,1.617370720287264474e-01,0.000000000000000000e+00,-2.267176809852309849e-01,0.000000000000000000e+00,-0.000000000000000000e+00,0.000000000000000000e+00,0.000000000000000000e+00,-5.817612704722295858e-01,1.198461139770533451e-01,-0.000000000000000000e+00,0.000000000000000000e+00,0.000000000000000000e+00,0.000000000000000000e+00,2.011077027553004104e+00,0.000000000000000000e+00,1.459525697542267061e-02,0.000000000000000000e+00,-0.000000000000000000e+00,-0.000000000000000000e+00,0.000000000000000000e+00,0.000000000000000000e+00,-0.000000000000000000e+00,-0.000000000000000000e+00,-0.000000000000000000e+00,-0.000000000000000000e+00,-3.257874767056948007e-01,1.067220802896365730e-03,-0.000000000000000000e+00,-7.451085497080739417e-02,-3.201409068554513793e-01,0.000000000000000000e+00,-1.496467653026988531e-01,-0.000000000000000000e+00,-0.000000000000000000e+00,0.000000000000000000e+00,0.000000000000000000e+00
-0.000000000000000000e+00,0.000000000000000000e+00,-0.000000000000000000e+00,-3.976616901311954000e-01,-9.716869519430820779e-02,-0.000000000000000000e+00,-0.000000000000000000e+00,0.000000000000000000e+00,-2.658634811531111475e-01,-2.397950956038678513e-02,8.151512631055581048e-02,-9.338821014612572191e-02,2.317740772987423592e-01,-0.000000000000000000e+00,-0.000000000000000000e+00,-3.232396524942816596e-01,0.000000000000000000e+00,2.934172539386098233e+00,-4.025699187530489831e-01,-3.902696372285977544e-01,0.000000000000000000e+00,0.000000000000000000e+00,-0.000000000000000000e+00,-0.000000000000000000e+00,-0.000000000000000000e+00,-0.000000000000000000e+00,0.000000000000000000e+00,-0.000000000000000000e+00,0.000000000000000000e+00,-1.890016025239252828e-01,0.000000000000000000e+00,0.000000000000000000e+00,0.000000000000000000e+00,-0.000000000000000000e+00,0.000000000000000000e+00,0.000000000000000000e+00,0.000000000000000000e+00,-4.364387255234800644e-01,-0.000000000000000000e+00
-0.000000000000000000e+00,0.000000000000000000e+00,-0.000000000000000000e+00,-4.542772606153079318e-01,-7.807479145558872402e-02,0.000000000000000000e+00,-0.000000000000000000e+00,0.000000000000000000e+00,-2.436929751757102025e-01,-6.986587886672206149e-02,1.113969978435688790e-01,-5.030452929931187450e-02,4.889219631294020041e-02,-0.000000000000000000e+00,-0.000000000000000000e+00,-2.450555252045286958e-01,1.459525697542267061e-02,-4.025699187530489831e-01,2.819859106362677004e+00,-4.383248306670719519e-01,0.000000000000000000e+00,0.000000000000000000e+00,-0.000000000000000000e+00,-0.000000000000000000e+00,-0.000000000000000000e+00,-0.000000000000000000e+00,0.000000000000000000e+00,0.000000000000000000e+00,8.007299348675822603e-02,-1.948110393047637057e-01,0.000000000000000000e+00,0.000000000000000000e+00,9.760577540162686250e-02,-0.000000000000000000e+00,0.000000000000000000e+00,0.000000000000000000e+00,0.000000000000000000e+00,-2.793699271241140702e-01,-1.942759202387000714e-02
-2.641680663823017250e-01,0.000000000000000000e+00,-2.472433375958796586e-01,-2.994789559637972554e-01,-4.982947552207810799e-02,-0.000000000000000000e+00,-0.000000000000000000e+00,0.000000000000000000e+00,-9.813504494224926933e-02,-0.000000000000000000e+00,0.000000000000000000e+00,-0.000000000000000000e+00,0.000000000000000000e+00,-0.000000000000000000e+00,-1.248571900215741104e-01,-5.627358427083109516e-02,0.000000000000000000e+00,-3.902696372285977544e-01,-4.383248306670719519e-01,2.391565689798381467e+00,0.000000000000000000e+00,0.000000000000000000e+00,-0.000000000000000000e+00,-0.000000000000000000e+00,-0.000000000000000000e+00,-7.301420692744323149e-02,0.000000000000000000e+00,-0.000000000000000000e+00,0.000000000000000000e+00,-0.000000000000000000e+00,0.000000000000000000e+00,0.000000000000000000e+00,0.000000000000000000e+00,-0.000000000000000000e+00,0.000000000000000000e+00,0.000000000000000000e+00,0.000000000000000000e+00,-3.462162697841455472e-01,-0.000000000000000000e+00
0.000000000000000000e+00,-0.000000000000000000e+00,-0.000000000000000000e+00,4.926710889881727277e-03,0.000000000000000000e+00,-0.000000000000000000e+00,0.000000000000000000e+00,0.000000000000000000e+00,2.045214523845439308e-02,0.000000000000000000e+00,-1.711870498321526879e-01,2.271891648690368970e-02,-1.271052265861680741e-01,0.000000000000000000e+00,0.000000000000000000e+00,9.914841872698298975e-02,-0.000000000000000000e+00,0.000000000000000000e+00,0.000000000000000000e+00,0.000000000000000000e+00,1.866116310645183685e+00,-0.000000000000000000e+00,0.000000000000000000e+00,0.000000000000000000e+00,-0.000000000000000000e+00,-0.000000000000000000e+00,-0.000000000000000000e+00,-1.435156602047506780e-01,-3.265634383454616430e-01,1.318230863516996199e-01,-0.000000000000000000e+00,-0.000000000000000000e+00,-5.952319176591834848e-01,0.000000000000000000e+00,-4.277872031425028476e-02,-7.003970719622204522e-02,-0.000000000000000000e+00,0.000000000000000000e+00,0.000000000000000000e+00
0.000000000000000000e+00,-0.000000000000000000e+00,-0.000000000000000000e+00,0.000000000000000000e+00,-0.000000000000000000e+00,-3.404799973087680592e-02,0.000000000000000000e+00,9.248632539445790501e-02,0.000000000000000000e+00,-0.000000000000000000e+00,-0.000000000000000000e+00,-0.000000000000000000e+00,-0.000000000000000000e+00,-0.000000000000000000e+00,0.000000000000000000e+00,0.000000000000000000e+00,-0.000000000000000000e+00,0.000000000000000000e+00,0.000000000000000000e+00,0.000000000000000000e+00,-0.000000000000000000e+00,1.461232459853806676e+00,-0.000000000000000000e+00,-0.000000000000000000e+00,-5.030754871369338271e-02,-0.000000000000000000e+00,-9.970648661936636070e-02,-0.000000000000000000e+00,-0.000000000000000000e+00,0.000000000000000000e+00,-3.205115137372687717e-01,-2.868710172362510802e-01,-2.396730827076422043e-01,-0.000000000000000000e+00,-0.000000000000000000e+00,-9.111367297333260173e-02,-0.000000000000000000e+00,0.000000000000000000e+00,-0.000000000000000000e+00
-1.225901244945380025e-01,-2.344862438728848378e-02,-1.785475817500713769e-01,-0.000000000000000000e+00,-1.452401503172849606e-01,-9.971236662305139192e-03,0.000000000000000000e+00,2.092215185763004470e-01,-0.000000000000000000e+00,-1.927442025239477219e-01,0.000000000000000000e+00,-0.000000000000000000e+00,0.000000000000000000e+00,-3.667188763736177748e-01,-0.000000000000000000e+00,-0.000000000000000000e+00,0.000000000000000000e+00,-0.000000000000000000e+00,-0.000000000000000000e+00,-0.000000000000000000e+00,0.000000000000000000e+00,-0.000000000000000000e+00,2.390990124738899159e+00,-4.472453125115187222e-01,-4.069414738059547454e-01,-1.675028963972123031e-01,-0.000000000000000000e+00,-0.000000000000000000e+00,0.000000000000000000e+00,-0.000000000000000000e+00,-1.494762421208652679e-02,-0.000000000000000000e+00,-0.000000000000000000e+00,-1.306717697923250043e-01,-0.000000000000000000e+00,-0.000000000000000000e+00,-0.000000000000000000e+00,-7.380781404325675692e-04,-6.625670889713798639e-02
-3.872524696637388852e-01,-1.393421719633707312e-01,-9.030096777629073590e-02,-0.000000000000000000e+00,-8.336767237688030852e-02,-0.000000000000000000e+00,0.000000000000000000e+00,0.000000000000000000e+00,-2.447899225197600406e-02,-4.480546440482623648e-03,0.000000000000000000e+00,-0.000000000000000000e+00,0.000000000000000000e+00,-3.314678366805418053e-01,-0.000000000000000000e+00,-0.000000000000000000e+00,0.000000000000000000e+00,-0.000000000000000000e+00,-0.000000000000000000e+00,-0.000000000000000000e+00,0.000000000000000000e+00,-0.000000000000000000e+00,-4.472453125115187222e-01,2.103456961957474114e+00,-2.128135057732114810e-01,-3.076087168519039405e-01,-0.000000000000000000e+00,-0.000000000000000000e+00,-0.000000000000000000e+00,-0.000000000000000000e+00,-0.000000000000000000e+00,-0.000000000000000000e+00,0.000000000000000000e+00,-3.314675194507259171e-02,-0.000000000000000000e+00,-0.000000000000000000e+00,-1.875780620439874979e-02,-0.000000000000000000e+00,-0.000000000000000000e+00
-0.000000000000000000e+00,-0.000000000000000000e+00,-1.568296333838694323e-01,-0.000000000000000000e+00,-0.000000000000000000e+00,-4.943711559877632666e-01,0.000000000000000000e+00,1.483480892884643521e-01,-0.000000000000000000e+00,-0.000000000000000000e+00,-0.000000000000000000e+00,-0.000000000000000000e+00,0.000000000000000000e+00,-3.325098741160136817e-01,-0.000000000000000000e+00,-0.000000000000000000e+00,-0.000000000000000000e+00,-0.000000000000000000e+00,-0.000000000000000000e+00,-0.000000000000000000e+00,-0.000000000000000000e+00,-5.030754871369338271e-02,-4.069414738059547454e-01,-2.128135057732114810e-01,2.114275778540985584e+00,-2.340401352668184942e-01,-1.728278623105611311e-01,-0.000000000000000000e+00,-0.000000000000000000e+00,-0.000000000000000000e+00,-4.857469846195788116e-02,-0.000000000000000000e+00,-0.000000000000000000e+00,-1.756665398257867966e-02,-0.000000000000000000e+00,-0.000000000000000000e+00,-4.338228495039124673e-03,-0.000000000000000000e+00,-0.000000000000000000e+00
-6.917438861733250510e-01,-0.000000000000000000e+00,-8.991911548770450957e-02,-0.000000000000000000e+00,-0.000000000000000000e+00,-1.337471627890190196e-01,-0.000000000000000000e+00,0.000000000000000000e+00,-0.000000000000000000e+00,-0.000000000000000000e+00,0.000000000000000000e+00,-0.000000000000000000e+00,0.000000000000000000e+00,-0.000000000000000000e+00,-0.000000000000000000e+00,-0.000000000000000000e+00,-0.000000000000000000e+00,-0.000000000000000000e+00,-0.000000000000000000e+00,-7.301420692744323149e-02,-0.000000000000000000e+00,-0.000000000000000000e+00,-1.675028963972123031e-01,-3.076087168519039405e-01,-2.340401352668184942e-01,2.215125073127631072e+00,-0.000000000000000000e+00,-4.340001651879301092e-01,-0.000000000000000000e+00,-0.000000000000000000e+00,-0.000000000000000000e+00,-0.000000000000000000e+00,-0.000000000000000000e+00,-0.000000000000000000e+00,-0.000000000000000000e+00,-0.000000000000000000e+00,-0.000000000000000000e+00,-1.971070013714723013e-01,-0.000000000000000000e+00
0.000000000000000000e+00,-3.133843322826577321e-02,-0.000000000000000000e+00,0.000000000000000000e+00,-0.000000000000000000e+00,-2.155390540216100062e-02,2.928670500643417163e-01,9.472024839647327776e-02,-0.000000000000000000e+00,-0.000000000000000000e+00,-0.000000000000000000e+00,-0.000000000000000000e+00,-0.000000000000000000e+00,-1.639965236359059719e-01,1.735254735452341768e-01,0.000000000000000000e+00,-0.000000000000000000e+00,0.000000000000000000e+00,0.000000000000000000e+00,0.000000000000000000e+00,-0.000000000000000000e+00,-9.970648661936636070e-02,-0.000000000000000000e+00,-0.000000000000000000e+00,-1.728278623105611311e-01,-0.000000000000000000e+00,1.603897412492304442e+00,0.000000000000000000e+00,-0.000000000000000000e+00,-0.000000000000000000e+00,-4.484627413719482480e-01,-8.593507730884883400e-02,-0.000000000000000000e+00,-0.000000000000000000e+00,-0.000000000000000000e+00,-4.628098331590799197e-02,-0.000000000000000000e+00,0.000000000000000000e+00,-3.732437671691427733e-02
-3.010183877366151006e-01,-0.000000000000000000e+00,-0.000000000000000000e+00,0.000000000000000000e+00,-0.000000000000000000e+00,-1.631261510003743642e-01,-0.000000000000000000e+00,0.000000000000000000e+00,0.000000000000000000e+00,0.000000000000000000e+00,-0.000000000000000000e+00,0.000000000000000000e+00,0.000000000000000000e+00,-0.000000000000000000e+00,-1.071964524688278353e-01,0.000000000000000000e+00,-0.000000000000000000e+00,-0.000000000000000000e+00,0.000000000000000000e+00,-0.000000000000000000e+00,-1.435156602047506780e-01,-0.000000000000000000e+00,-0.000000000000000000e+00,-0.000000000000000000e+00,-0.000000000000000000e+00,-4.340001651879301092e-01,0.000000000000000000e+00,1.490197984486875127e+00,-1.828920535284603022e-01,0.000000000000000000e+00,-0.000000000000000000e+00,-0.000000000000000000e+00,-4.553619102869765206e-02,-0.000000000000000000e+00,-7.222395057904243409e-02,-0.000000000000000000e+00,-1.188106174920194880e-01,-0.000000000000000000e+00,0.000000000000000000e+00
-0.000000000000000000e+00,-0.000000000000000000e+00,0.000000000000000000e+00,6.149451935027486216e-02,0.000000000000000000e+00,-0.000000000000000000e+00,0.000000000000000000e+00,-0.000000000000000000e+00,0.000000000000000000e+00,0.000000000000000000e+00,-1.551801096832475801e-01,4.052202042527749404e-01,-0.000000000000000000e+00,0.000000000000000000e+00,0.000000000000000000e+00,0.000000000000000000e+00,-3.257874767056948007e-01,0.000000000000000000e+00,8.007299348675822603e-02,0.000000000000000000e+00,-3.265634383454616430e-01,-0.000000000000000000e+00,0.000000000000000000e+00,-0.000000000000000000e+00,-0.000000000000000000e+00,-0.000000000000000000e+00,-0.000000000000000000e+00,-1.828920535284603022e-01,2.250840477984891841e+00,9.313705337717248511e-03,-0.000000000000000000e+00,-8.713402900794286685e-03,-2.736581041826576244e-01,0.000000000000000000e+00,-3.926580341042966715e-01,-7.608953015817525312e-02,-1.047509150176841736e-01,0.000000000000000000e+00,9.584459951782452192e-02
-0.000000000000000000e+00,-0.000000000000000000e+00,-0.000000000000000000e+00,-1.704715027294235741e-01,-2.286491624395466660e-01,-0.000000000000000000e+00,-0.000000000000000000e+00,0.000000000000000000e+00,-3.860914272672684167e-01,-4.094547080013774543e-01,1.550431847831346410e-01,-2.591726751109519333e-01,0.000000000000000000e+00,-1.633318466913532760e-02,-0.000000000000000000e+00,-3.492354870752100160e-01,1.067220802896365730e-03,-1.890016025239252828e-01,-1.948110393047637057e-01,-0.000000000000000000e+00,1.318230863516996199e-01,0.000000000000000000e+00,-0.000000000000000000e+00,-0.000000000000000000e+00,-0.000000000000000000e+00,-0.000000000000000000e+00,-0.000000000000000000e+00,0.000000000000000000e+00,9.313705337717248511e-03,2.965991085688398865e+00,-0.000000000000000000e+00,0.000000000000000000e+00,0.000000000000000000e+00,-1.745304499211181859e-01,0.000000000000000000e+00,0.000000000000000000e+00,0.000000000000000000e+00,-1.307189554246901420e-01,-2.614750397122476144e-01
-0.000000000000000000e+00,-6.483235067835850796e-01,-0.000000000000000000e+00,0.000000000000000000e+00,-0.000000000000000000e+00,-0.000000000000000000e+00,0.000000000000000000e+00,0.000000000000000000e+00,0.000000000000000000e+00,-0.000000000000000000e+00,-0.000000000000000000e+00,-0.000000000000000000e+00,-0.000000000000000000e+00,-3.281024202806287482e-02,2.121170459106858780e-02,0.000000000000000000e+00,-0.000000000000000000e+00,0.000000000000000000e+00,0.000000000000000000e+00,0.000000000000000000e+00,-0.000000000000000000e+00,-3.205115137372687717e-01,-1.494762421208652679e-02,-0.000000000000000000e+00,-4.857469846195788116e-02,-0.000000000000000000e+00,-4.484627413719482480e-01,-0.000000000000000000e+00,-0.000000000000000000e+00,-0.000000000000000000e+00,2.278645341652284273e+00,-5.325090843118038819e-01,-0.000000000000000000e+00,-0.000000000000000000e+00,-0.000000000000000000e+00,-2.649171704372000336e-01,-7.687673109245894698e-02,0.000000000000000000e+00,-0.000000000000000000e+00
-0.000000000000000000e+00,-1.461578637640694178e-01,-0.000000000000000000e+00,2.175904714245452398e-02,-0.000000000000000000e+00,-0.000000000000000000e+00,2.982308822087677558e-01,0.000000000000000000e+00,0.000000000000000000e+00,0.000000000000000000e+00,-1.033392592701649071e-01,0.000000000000000000e+00,-1.848853757611083892e-02,-0.000000000000000000e+00,0.000000000000000000e+00,0.000000000000000000e+00,-7.451085497080739417e-02,0.000000000000000000e+00,0.000000000000000000e+00,0.000000000000000000e+00,-0.000000000000000000e+00,-2.868710172362510802e-01,-0.000000000000000000e+00,-0.000000000000000000e+00,-0.000000000000000000e+00,-0.000000000000000000e+00,-8.593507730884883400e-02,-0.000000000000000000e+00,-8.713402900794286685e-03,0.000000000000000000e+00,-5.325090843118038819e-01,2.189230046740780811e+00,-1.896162462440582064e-01,-0.000000000000000000e+00,-1.328630973341143606e-01,-1.854035195427451432e-01,-3.811899357104295838e-01,0.000000000000000000e+00,-0.000000000000000000e+00
0.000000000000000000e+00,-0.000000000000000000e+00,0.000000000000000000e+00,1.904862799178286548e-01,0.000000000000000000e+00,-0.000000000000000000e+00,0.000000000000000000e+00,0.000000000000000000e+00,0.000000000000000000e+00,0.000000000000000000e+00,-4.016424257218564886e-01,0.000000000000000000e+00,-6.855450563457721191e-02,0.000000000000000000e+00,0.000000000000000000e+00,3.127069740550550685e-03,-3.201409068554513793e-01,0.000000000000000000e+00,9.760577540162686250e-02,0.000000000000000000e+00,-5.952319176591834848e-01,-2.396730827076422043e-01,-0.000000000000000000e+00,0.000000000000000000e+00,-0.000000000000000000e+00,-0.000000000000000000e+00,-0.000000000000000000e+00,-4.553619102869765206e-02,-2.736581041826576244e-01,0.000000000000000000e+00,-0.000000000000000000e+00,-1.896162462440582064e-01,2.351714299197494640e+00,0.000000000000000000e+00,-6.940106322305583664e-02,-0.000000000000000000e+00,-5.642188400902738848e-02,0.000000000000000000e+00,0.000000000000000000e+00
-0.000000000000000000e+00,-0.000000000000000000e+00,-1.761962027481216719e-01,-0.000000000000000000e+00,-2.802306053837121946e-01,-0.000000000000000000e+00,0.000000000000000000e+00,1.345356818472511484e-01,-2.006377599329867145e-01,-1.064688964993553005e-01,0.000000000000000000e+00,-2.137606968534409568e-01,0.000000000000000000e+00,-1.234043044263936489e-01,-0.000000000000000000e+00,-0.000000000000000000e+00,0.000000000000000000e+00,-0.000000000000000000e+00,-0.000000000000000000e+00,-0.000000000000000000e+00,0.000000000000000000e+00,-0.000000000000000000e+00,-1.306717697923250043e-01,-3.314675194507259171e-02,-1.756665398257867966e-02,-0.000000000000000000e+00,-0.000000000000000000e+00,-0.000000000000000000e+00,0.000000000000000000e+00,-1.745304499211181859e-01,-0.000000000000000000e+00,-0.000000000000000000e+00,0.000000000000000000e+00,1.903710031618282672e+00,0.000000000000000000e+00,0.000000000000000000e+00,0.000000000000000000e+00,-0.000000000000000000e+00,-1.058206275943062435e-01
-0.000000000000000000e+00,-0.000000000000000000e+00,0.000000000000000000e+00,0.000000000000000000e+00,0.000000000000000000e+00,-1.355571001320343139e-01,0.000000000000000000e+00,0.000000000000000000e+00,0.000000000000000000e+00,0.000000000000000000e+00,-3.924580989101367906e-02,0.000000000000000000e+00,-0.000000000000000000e+00,-0.000000000000000000e+00,0.000000000000000000e+00,0.000000000000000000e+00,-1.496467653026988531e-01,0.000000000000000000e+00,0.000000000000000000e+00,0.000000000000000000e+00,-4.277872031425028476e-02,-0.000000000000000000e+00,-0.000000000000000000e+00,-0.000000000000000000e+00,-0.000000000000000000e+00,-0.000000000000000000e+00,-0.000000000000000000e+00,-7.222395057904243409e-02,-3.926580341042966715e-01,0.000000000000000000e+00,-0.000000000000000000e+00,-1.328630973341143606e-01,-6.940106322305583664e-02,0.000000000000000000e+00,2.058433315211578130e+00,-2.195224195959681046e-01,-8.018931083005261806e-01,0.000000000000000000e+00,0.000000000000000000e+00
-0.000000000000000000e+00,-4.178205904935520243e-01,-0.000000000000000000e+00,0.000000000000000000e+00,0.000000000000000000e+00,-0.000000000000000000e+00,0.000000000000000000e+00,0.000000000000000000e+00,0.000000000000000000e+00,0.000000000000000000e+00,-0.000000000000000000e+00,0.000000000000000000e+00,-0.000000000000000000e+00,-0.000000000000000000e+00,1.163423081259181285e-01,0.000000000000000000e+00,-0.000000000000000000e+00,0.000000000000000000e+00,0.000000000000000000e+00,0.000000000000000000e+00,-7.003970719622204522e-02,-9.111367297333260173e-02,-0.000000000000000000e+00,-0.000000000000000000e+00,-0.000000000000000000e+00,-0.000000000000000000e+00,-4.628098331590799197e-02,-0.000000000000000000e+00,-7.608953015817525312e-02,0.000000000000000000e+00,-2.649171704372000336e-01,-1.854035195427451432e-01,-0.000000000000000000e+00,0.000000000000000000e+00,-2.195224195959681046e-01,1.726246941855587913e+00,-1.458252646141207365e-01,0.000000000000000000e+00,0.000000000000000000e+00
-0.000000000000000000e+00,-1.074020313978267666e-01,-0.000000000000000000e+00,0.000000000000000000e+00,0.000000000000000000e+00,-1.540699137508749483e-01,0.000000000000000000e+00,0.000000000000000000e+00,0.000000000000000000e+00,0.000000000000000000e+00,-3.413612988746116128e-02,0.000000000000000000e+00,-0.000000000000000000e+00,-0.000000000000000000e+00,0.000000000000000000e+00,0.000000000000000000e+00,-0.000000000000000000e+00,0.000000000000000000e+00,0.000000000000000000e+00,0.000000000000000000e+00,-0.000000000000000000e+00,-0.000000000000000000e+00,-0.000000000000000000e+00,-1.875780620439874979e-02,-4.338228495039124673e-03,-0.000000000000000000e+00,-0.000000000000000000e+00,-1.188106174920194880e-01,-1.047509150176841736e-01,0.000000000000000000e+00,-7.687673109245894698e-02,-3.811899357104295838e-01,-5.642188400902738848e-02,0.000000000000000000e+00,-8.018931083005261806e-01,-1.458252646141207365e-01,2.012237808865042776e+00,0.000000000000000000e+00,0.000000000000000000e+00
-1.591096059164903709e-01,0.000000000000000000e+00,-7.198200515221866991e-02,-2.202827166209236631e-01,-1.619367060820859905e-01,-0.000000000000000000e+00,-0.000000000000000000e+00,0.000000000000000000e+00,-2.159370714573786154e-01,-5.657890737346037840e-02,0.000000000000000000e+00,-0.000000000000000000e+00,2.945249725963531295e-01,-0.000000000000000000e+00,-0.000000000000000000e+00,-3.083096378878364408e-01,0.000000000000000000e+00,-4.364387255234800644e-01,-2.793699271241140702e-01,-3.462162697841455472e-01,0.000000000000000000e+00,0.000000000000000000e+00,-7.380781404325675692e-04,-0.000000000000000000e+00,-0.000000000000000000e+00,-1.971070013714723013e-01,0.000000000000000000e+00,-0.000000000000000000e+00,0.000000000000000000e+00,-1.307189554246901420e-01,0.000000000000000000e+00,0.000000000000000000e+00,0.000000000000000000e+00,-0.000000000000000000e+00,0.000000000000000000e+00,0.000000000000000000e+00,0.000000000000000000e+00,2.785852025309111024e+00,-5.528629537612083505e-03
-0.000000000000000000e+00,-0.000000000000000000e+00,-4.318919576826044798e-02,-0.000000000000000000e+00,-1.962600569311727383e-01,-0.000000000000000000e+00,0.000000000000000000e+00,6.819626649336298085e-02,-1.980003901304187297e-01,-5.741217456492737625e-01,0.000000000000000000e+00,-6.371798114351269193e-01,0.000000000000000000e+00,-1.564910955862001962e-01,0.000000000000000000e+00,-3.828152952428882233e-02,0.000000000000000000e+00,-0.000000000000000000e+00,-1.942759202387000714e-02,-0.000000000000000000e+00,0.000000000000000000e+00,-0.000000000000000000e+00,-6.625670889713798639e-02,-0.000000000000000000e+00,-0.000000000000000000e+00,-0.000000000000000000e+00,-3.732437671691427733e-02,0.000000000000000000e+00,9.584459951782452192e-02,-2.614750397122476144e-01,-0.000000000000000000e+00,-0.000000000000000000e+00,0.000000000000000000e+00,-1.058206275943062435e-01,0.000000000000000000e+00,0.000000000000000000e+00,0.000000000000000000e+00,-5.528629537612083505e-03,2.532471432505779774e+00
