2.440872827918327825e+00,-6.668291086721216399e-01,-0.000000000000000000e+00,0.000000000000000000e+00,-0.000000000000000000e+00,-0.000000000000000000e+00,-0.000000000000000000e+00,-0.000000000000000000e+00,-0.000000000000000000e+00,-2.808929119343585579e-01,-0.000000000000000000e+00,-0.000000000000000000e+00,0.000000000000000000e+00,-5.708297206398922890e-04,-0.000000000000000000e+00,-3.840296202366918488e-01,-0.000000000000000000e+00,-0.000000000000000000e+00,-0.000000000000000000e+00,0.000000000000000000e+00,-0.000000000000000000e+00,0.000000000000000000e+00,-0.000000000000000000e+00,-0.000000000000000000e+00,-2.779491677069202415e-01,-1.408210862991726431e-01,-0.000000000000000000e+00,-0.000000000000000000e+00,-3.218175137258422747e-01,-2.041495966889530500e-01,-0.000000000000000000e+00,-0.000000000000000000e+00,-0.000000000000000000e+00,-0.000000000000000000e+00,-0.000000000000000000e+00,-3.520397621294734519e-02,-0.000000000000000000e+00,-1.230007149651350107e-01,-0.000000000000000000e+00
-6.668291086721216399e-01,2.506175672067895377e+00,-0.000000000000000000e+00,0.000000000000000000e+00,-0.000000000000000000e+00,0.000000000000000000e+00,-0.000000000000000000e+00,-0.000000000000000000e+00,-0.000000000000000000e+00,-4.520579854913824858e-01,-0.000000000000000000e+00,-0.000000000000000000e+00,0.000000000000000000e+00,-1.570852722323207717e-01,-0.000000000000000000e+00,-2.216771271614752792e-01,-0.000000000000000000e+00,-0.000000000000000000e+00,-0.000000000000000000e+00,0.000000000000000000e+00,-0.000000000000000000e+00,-0.000000000000000000e+00,-0.000000000000000000e+00,-1.851898598550764594e-02,-2.624643374411990693e-01,-0.000000000000000000e+00,-1.240201383886781056e-01,-0.000000000000000000e+00,-1.303296780131083660e-02,-2.581229784259888027e-01,-0.000000000000000000e+00,-0.000000000000000000e+00,-0.000000000000000000e+00,-0.000000000000000000e+00,-0.000000000000000000e+00,-1.002853638148446386e-01,-0.000000000000000000e+00,-1.466720012412382479e-01,-8.680121926345996108e-02
-0.000000000000000000e+00,-0.000000000000000000e+00,2.255278556139102442e+00,0.000000000000000000e+00,-4.136553781505335481e-01,-0.000000000000000000e+00,-3.166330428578109646e-01,1.338243011157417423e-02,-3.122147785400741782e-01,-3.904020741805114270e-02,-0.000000000000000000e+00,-0.000000000000000000e+00,1.968488624410089649e-01,-1.548145353778513367e-01,-0.000000000000000000e+00,-0.000000000000000000e+00,-0.000000000000000000e+00,-0.000000000000000000e+00,-0.000000000000000000e+00,9.866706233941932580e-02,-0.000000000000000000e+00,-0.000000000000000000e+00,-2.535669228616861393e-01,-2.199655410648581819e-02,-0.000000000000000000e+00,-2.156097417741903721e-01,-0.000000000000000000e+00,-0.000000000000000000e+00,-0.000000000000000000e+00,-0.000000000000000000e+00,-1.216187801393816964e-01,-0.000000000000000000e+00,-0.000000000000000000e+00,-2.189885462492799917e-01,-0.000000000000000000e+00,-6.221862691695701636e-02,-0.000000000000000000e+00,-0.000000000000000000e+00,-6.369816663219739217e-02
0.000000000000000000e+00,0.000000000000000000e+00,0.000000000000000000e+00,1.012350251203989027e+00,-0.000000000000000000e+00,0.000000000000000000e+00,-1.726492756966686165e-02,0.000000000000000000e+00,0.000000000000000000e+00,-0.000000000000000000e+00,0.000000000000000000e+00,-0.000000000000000000e+00,0.000000000000000000e+00,0.000000000000000000e+00,-0.000000000000000000e+00,0.000000000000000000e+00,0.000000000000000000e+00,-0.000000000000000000e+00,-1.056409237213951774e-01,0.000000000000000000e+00,0.000000000000000000e+00,0.000000000000000000e+00,0.000000000000000000e+00,-0.000000000000000000e+00,-0.000000000000000000e+00,0.000000000000000000e+00,0.000000000000000000e+00,0.000000000000000000e+00,-0.000000000000000000e+00,0.000000000000000000e+00,0.000000000000000000e+00,0.000000000000000000e+00,0.000000000000000000e+00,-0.000000000000000000e+00,0.000000000000000000e+00,0.000000000000000000e+00,0.000000000000000000e+00,0.000000000000000000e+00,0.000000000000000000e+00
-0.000000000000000000e+00,-0.000000000000000000e+00,-4.136553781505335481e-01,-0.000000000000000000e+00,1.941746003716063873e+00,0.000000000000000000e+00,-3.251550938043705208e-01,0.000000000000000000e+00,-1.743121922466088769e-01,-6.269911702764537076e-03,0.000000000000000000e+00,-1.229439120703567367e-01,0.000000000000000000e+00,-2.203914066507844938e-01,-0.000000000000000000e+00,-1.079700870570191595e-01,0.000000000000000000e+00,-2.384810622762910393e-01,-1.045401198367250373e-01,0.000000000000000000e+00,-0.000000000000000000e+00,0.000000000000000000e+00,-0.000000000000000000e+00,-0.000000000000000000e+00,-0.000000000000000000e+00,-0.000000000000000000e+00,-0.000000000000000000e+00,-0.000000000000000000e+00,-0.000000000000000000e+00,-0.000000000000000000e+00,-0.000000000000000000e+00,-0.000000000000000000e+00,-0.000000000000000000e+00,-2.177473111893322710e-01,-0.000000000000000000e+00,-0.000000000000000000e+00,-0.000000000000000000e+00,-0.000000000000000000e+00,-0.000000000000000000e+00
-0.000000000000000000e+00,0.000000000000000000e+00,-0.000000000000000000e+00,0.000000000000000000e+00,0.000000000000000000e+00,2.851822527973443044e+00,-0.000000000000000000e+00,3.557373235325165250e-01,0.000000000000000000e+00,-0.000000000000000000e+00,-8.661897033080133701e-01,2.123471081483775946e-01,3.307508711875902230e-01,-0.000000000000000000e+00,-0.000000000000000000e+00,0.000000000000000000e+00,-8.819778087103822273e-01,-0.000000000000000000e+00,-8.107357201473114339e-02,0.000000000000000000e+00,2.620706206097364044e-01,5.054061804233515171e-02,-0.000000000000000000e+00,-0.000000000000000000e+00,-0.000000000000000000e+00,-0.000000000000000000e+00,0.000000000000000000e+00,0.000000000000000000e+00,-0.000000000000000000e+00,0.000000000000000000e+00,0.000000000000000000e+00,0.000000000000000000e+00,0.000000000000000000e+00,-0.000000000000000000e+00,-7.581757818147353417e-03,-0.000000000000000000e+00,-1.838214821876696936e-01,0.000000000000000000e+00,0.000000000000000000e+00
-0.000000000000000000e+00,-0.000000000000000000e+00,-3.166330428578109646e-01,-1.726492756966686165e-02,-3.251550938043705208e-01,-0.000000000000000000e+00,1.337654789312755277e+00,0.000000000000000000e+00,-0.000000000000000000e+00,-0.000000000000000000e+00,-0.000000000000000000e+00,-0.000000000000000000e+00,5.405534800162489772e-02,-0.000000000000000000e+00,2.266111590112826826e-02,-0.000000000000000000e+00,-0.000000000000000000e+00,-6.453553174073785315e-02,-6.872589568759665535e-02,0.000000000000000000e+00,-0.000000000000000000e+00,-0.000000000000000000e+00,-0.000000000000000000e+00,-0.000000000000000000e+00,-0.000000000000000000e+00,-0.000000000000000000e+00,-0.000000000000000000e+00,-0.000000000000000000e+00,-0.000000000000000000e+00,-0.000000000000000000e+00,-0.000000000000000000e+00,-0.000000000000000000e+00,-0.000000000000000000e+00,-0.000000000000000000e+00,-1.959272058855398083e-02,0.000000000000000000e+00,-0.000000000000000000e+00,0.000000000000000000e+00,-0.000000000000000000e+00
-0.000000000000000000e+00,-0.000000000000000000e+00,1.338243011157417423e-02,0.000000000000000000e+00,0.000000000000000000e+00,3.557373235325165250e-01,0.000000000000000000e+00,1.263924982403944242e+00,-0.000000000000000000e+00,0.000000000000000000e+00,0.000000000000000000e+00,-2.236960164954003918e-02,-0.000000000000000000e+00,-0.000000000000000000e+00,0.000000000000000000e+00,-0.000000000000000000e+00,0.000000000000000000e+00,-0.000000000000000000e+00,0.000000000000000000e+00,-0.000000000000000000e+00,-0.000000000000000000e+00,-2.921021151795148429e-01,0.000000000000000000e+00,0.000000000000000000e+00,0.000000000000000000e+00,0.000000000000000000e+00,-0.000000000000000000e+00,-1.759557500130787397e-03,5.440539417786380283e-02,-0.000000000000000000e+00,-0.000000000000000000e+00,-0.000000000000000000e+00,-0.000000000000000000e+00,0.000000000000000000e+00,0.000000000000000000e+00,0.000000000000000000e+00,0.000000000000000000e+00,-0.000000000000000000e+00,-0.000000000000000000e+00
-0.000000000000000000e+00,-0.000000000000000000e+00,-3.122147785400741782e-01,0.000000000000000000e+00,-1.743121922466088769e-01,0.000000000000000000e+00,-0.000000000000000000e+00,-0.000000000000000000e+00,2.779286894013859754e+00,-2.227843359796403133e-01,-0.000000000000000000e+00,-2.382649717836938241e-01,0.000000000000000000e+00,-0.000000000000000000e+00,-0.000000000000000000e+00,-1.678701726089765478e-01,-0.000000000000000000e+00,-2.292550370351993105e-01,-0.000000000000000000e+00,0.000000000000000000e+00,-0.000000000000000000e+00,-0.000000000000000000e+00,-2.069347962996131163e-01,-7.271472666885701354e-03,-0.000000000000000000e+00,-0.000000000000000000e+00,-0.000000000000000000e+00,-0.000000000000000000e+00,-0.000000000000000000e+00,-2.514020284193247967e-01,-0.000000000000000000e+00,-0.000000000000000000e+00,-0.000000000000000000e+00,-5.942719403971539194e-01,0.000000000000000000e+00,-3.817704478379959493e-02,-0.000000000000000000e+00,-0.000000000000000000e+00,-6.067707452159634141e-01
-2.808929119343585579e-01,-4.520579854913824858e-01,-3.904020741805114270e-02,-0.000000000000000000e+00,-6.269911702764537076e-03,-0.000000000000000000e+00,-0.000000000000000000e+00,0.000000000000000000e+00,-2.227843359796403133e-01,2.792952736506855604e+00,-0.000000000000000000e+00,-0.000000000000000000e+00,1.677895950672531750e-02,-1.972247598528137080e-01,-0.000000000000000000e+00,-8.403166530855605831e-01,-0.000000000000000000e+00,-3.594036840623821005e-02,-0.000000000000000000e+00,0.000000000000000000e+00,-0.000000000000000000e+00,-0.000000000000000000e+00,-1.881617087199026483e-01,-0.000000000000000000e+00,-2.496368853054081738e-01,-3.719391101482129314e-02,-0.000000000000000000e+00,-0.000000000000000000e+00,-0.000000000000000000e+00,-2.297877117632830257e-01,-0.000000000000000000e+00,-0.000000000000000000e+00,-0.000000000000000000e+00,-2.719096516593264012e-02,-0.000000000000000000e+00,-0.000000000000000000e+00,-0.000000000000000000e+00,-0.000000000000000000e+00,-0.000000000000000000e+00
-0.000000000000000000e+00,-0.000000000000000000e+00,-0.000000000000000000e+00,0.000000000000000000e+00,0.000000000000000000e+00,-8.661897033080133701e-01,-0.000000000000000000e+00,0.000000000000000000e+00,-0.000000000000000000e+00,-0.000000000000000000e+00,2.642369912832770229e+00,0.000000000000000000e+00,0.000000000000000000e+00,-0.000000000000000000e+00,-0.000000000000000000e+00,0.000000000000000000e+00,-8.984092857626859718e-01,-0.000000000000000000e+00,-0.000000000000000000e+00,-0.000000000000000000e+00,0.000000000000000000e+00,0.000000000000000000e+00,-0.000000000000000000e+00,-0.000000000000000000e+00,-0.000000000000000000e+00,-2.852141792531947551e-01,-0.000000000000000000e+00,-0.000000000000000000e+00,-1.107404720160390099e-01,0.000000000000000000e+00,-0.000000000000000000e+00,-0.000000000000000000e+00,-0.000000000000000000e+00,-0.000000000000000000e+00,-2.654616547460737497e-01,-5.085142622324313050e-02,-1.988563251915355379e-01,0.000000000000000000e+00,-0.000000000000000000e+00
-0.000000000000000000e+00,-0.000000000000000000e+00,-0.000000000000000000e+00,-0.000000000000000000e+00,-1.229439120703567367e-01,2.123471081483775946e-01,-0.000000000000000000e+00,-2.236960164954003918e-02,-2.382649717836938241e-01,-0.000000000000000000e+00,0.000000000000000000e+00,2.101740122626164275e+00,-0.000000000000000000e+00,-0.000000000000000000e+00,0.000000000000000000e+00,-3.797881856584758159e-02,3.100587017225814312e-01,-0.000000000000000000e+00,0.000000000000000000e+00,0.000000000000000000e+00,-1.933457085135973641e-01,-1.776907908019893789e-01,-0.000000000000000000e+00,-0.000000000000000000e+00,-0.000000000000000000e+00,0.000000000000000000e+00,-4.155302773366397751e-01,-0.000000000000000000e+00,0.000000000000000000e+00,-2.463026639069806900e-01,-9.338137515532084210e-02,-0.000000000000000000e+00,-0.000000000000000000e+00,-0.000000000000000000e+00,0.000000000000000000e+00,-0.000000000000000000e+00,0.000000000000000000e+00,-0.000000000000000000e+00,-3.307249356892951186e-01
0.000000000000000000e+00,0.000000000000000000e+00,1.968488624410089649e-01,0.000000000000000000e+00,0.000000000000000000e+00,3.307508711875902230e-01,5.405534800162489772e-02,-0.000000000000000000e+00,0.000000000000000000e+00,1.677895950672531750e-02,0.000000000000000000e+00,-0.000000000000000000e+00,2.298400098581185436e+00,0.000000000000000000e+00,0.000000000000000000e+00,0.000000000000000000e+00,1.514641952515823342e-01,1.583804694244907441e-01,3.692564046692567992e-01,-0.000000000000000000e+00,-0.000000000000000000e+00,-8.723966348528620907e-02,0.000000000000000000e+00,1.744081341422551445e-01,1.991330933123580116e-01,9.862166189738745536e-02,-0.000000000000000000e+00,0.000000000000000000e+00,1.092748180236204070e-01,0.000000000000000000e+00,0.000000000000000000e+00,-0.000000000000000000e+00,-0.000000000000000000e+00,5.322353774043162566e-01,0.000000000000000000e+00,0.000000000000000000e+00,3.725457671781291780e-02,-0.000000000000000000e+00,0.000000000000000000e+00
-5.708297206398922890e-04,-1.570852722323207717e-01,-1.548145353778513367e-01,0.000000000000000000e+00,-2.203914066507844938e-01,-0.000000000000000000e+00,-0.000000000000000000e+00,-0.000000000000000000e+00,-0.000000000000000000e+00,-1.972247598528137080e-01,-0.000000000000000000e+00,-0.000000000000000000e+00,0.000000000000000000e+00,1.947661433787895024e+00,-0.000000000000000000e+00,-2.102125900692246308e-01,-0.000000000000000000e+00,-3.763636222090188665e-02,-0.000000000000000000e+00,0.000000000000000000e+00,-0.000000000000000000e+00,-0.000000000000000000e+00,-0.000000000000000000e+00,-3.805612768385839839e-01,-0.000000000000000000e+00,-0.000000000000000000e+00,-0.000000000000000000e+00,-2.731845577096450595e-02,-0.000000000000000000e+00,-1.597289319142691788e-01,-1.131900175527453811e-01,-3.629108681166368783e-02,-2.215648233683070456e-01,-0.000000000000000000e+00,-0.000000000000000000e+00,-0.000000000000000000e+00,-8.973266723793071886e-02,-0.000000000000000000e+00,-0.000000000000000000e+00
-0.000000000000000000e+00,-0.000000000000000000e+00,-0.000000000000000000e+00,-0.000000000000000000e+00,-0.000000000000000000e+00,-0.000000000000000000e+00,2.266111590112826826e-02,0.000000000000000000e+00,-0.000000000000000000e+00,-0.000000000000000000e+00,-0.000000000000000000e+00,0.000000000000000000e+00,0.000000000000000000e+00,-0.000000000000000000e+00,1.261339830513114713e+00,-0.000000000000000000e+00,-0.000000000000000000e+00,-1.506105223098202772e-01,-5.189734060542660482e-02,-0.000000000000000000e+00,6.351921057952308880e-02,5.799350322854492784e-02,-0.000000000000000000e+00,-1.522709282942800654e-02,-0.000000000000000000e+00,-3.311528130933772546e-02,0.000000000000000000e+00,0.000000000000000000e+00,-1.628849756701739038e-01,-0.000000000000000000e+00,9.258125305665257376e-02,2.855802377297686490e-02,0.000000000000000000e+00,-2.367641841719647089e-01,0.000000000000000000e+00,-0.000000000000000000e+00,-0.000000000000000000e+00,-1.142866251233842223e-01,0.000000000000000000e+00
-3.840296202366918488e-01,-2.216771271614752792e-01,-0.000000000000000000e+00,0.000000000000000000e+00,-1.079700870570191595e-01,0.000000000000000000e+00,-0.000000000000000000e+00,-0.000000000000000000e+00,-1.678701726089765478e-01,-8.403166530855605831e-01,0.000000000000000000e+00,-3.797881856584758159e-02,0.000000000000000000e+00,-2.102125900692246308e-01,-0.000000000000000000e+00,2.843392547691641514e+00,0.000000000000000000e+00,-0.000000000000000000e+00,-0.000000000000000000e+00,0.000000000000000000e+00,-0.000000000000000000e+00,-0.000000000000000000e+00,-2.134101996448326544e-01,-0.000000000000000000e+00,-0.000000000000000000e+00,-0.000000000000000000e+00,-3.266742422944290264e-02,-2.619976180102445151e-01,-0.000000000000000000e+00,-2.873811770015470279e-01,-2.577407311278009927e-01,-0.000000000000000000e+00,-0.000000000000000000e+00,-0.000000000000000000e+00,-0.000000000000000000e+00,-0.000000000000000000e+00,-0.000000000000000000e+00,-0.000000000000000000e+00,-0.000000000000000000e+00
-0.000000000000000000e+00,-0.000000000000000000e+00,-0.000000000000000000e+00,0.000000000000000000e+00,0.000000000000000000e+00,-8.819778087103822273e-01,-0.000000000000000000e+00,0.000000000000000000e+00,-0.000000000000000000e+00,-0.000000000000000000e+00,-8.984092857626859718e-01,3.100587017225814312e-01,1.514641952515823342e-01,-0.000000000000000000e+00,-0.000000000000000000e+00,0.000000000000000000e+00,2.956077895881592532e+00,-0.000000000000000000e+00,-1.341320187348691018e-01,-0.000000000000000000e+00,1.348267494422629997e-01,7.268240158776463622e-02,-0.000000000000000000e+00,-0.000000000000000000e+00,-0.000000000000000000e+00,-2.951180532874821405e-01,0.000000000000000000e+00,0.000000000000000000e+00,-2.728466690243409043e-01,0.000000000000000000e+00,0.000000000000000000e+00,0.000000000000000000e+00,0.000000000000000000e+00,-0.000000000000000000e+00,-0.000000000000000000e+00,-0.000000000000000000e+00,-2.237275329379102284e-01,0.000000000000000000e+00,0.000000000000000000e+00
-0.000000000000000000e+00,-0.000000000000000000e+00,-0.000000000000000000e+00,-0.000000000000000000e+00,-2.384810622762910393e-01,-0.000000000000000000e+00,-6.453553174073785315e-02,-0.000000000000000000e+00,-2.292550370351993105e-01,-3.594036840623821005e-02,-0.000000000000000000e+00,-0.000000000000000000e+00,1.583804694244907441e-01,-3.763636222090188665e-02,-1.506105223098202772e-01,-0.000000000000000000e+00,-0.000000000000000000e+00,1.738734723286358141e+00,-4.500696562633419995e-01,0.000000000000000000e+00,0.000000000000000000e+00,0.000000000000000000e+00,-0.000000000000000000e+00,-0.000000000000000000e+00,-0.000000000000000000e+00,-0.000000000000000000e+00,-0.000000000000000000e+00,-0.000000000000000000e+00,-0.000000000000000000e+00,-0.000000000000000000e+00,-0.000000000000000000e+00,0.000000000000000000e+00,0.000000000000000000e+00,-2.030401885859085820e-01,-0.000000000000000000e+00,0.000000000000000000e+00,-0.000000000000000000e+00,-0.000000000000000000e+00,-0.000000000000000000e+00
-0.000000000000000000e+00,-0.000000000000000000e+00,-0.000000000000000000e+00,-1.056409237213951774e-01,-1.045401198367250373e-01,-8.107357201473114339e-02,-6.872589568759665535e-02,0.000000000000000000e+00,-0.000000000000000000e+00,-0.000000000000000000e+00,-0.000000000000000000e+00,0.000000000000000000e+00,3.692564046692567992e-01,-0.000000000000000000e+00,-5.189734060542660482e-02,-0.000000000000000000e+00,-1.341320187348691018e-01,-4.500696562633419995e-01,2.202068297048708878e+00,0.000000000000000000e+00,1.655006592891378192e-01,3.852637474294428599e-01,-0.000000000000000000e+00,-2.504964831788468738e-01,-0.000000000000000000e+00,-0.000000000000000000e+00,0.000000000000000000e+00,0.000000000000000000e+00,-1.448219113651065537e-01,-0.000000000000000000e+00,0.000000000000000000e+00,0.000000000000000000e+00,0.000000000000000000e+00,-3.805885427329114834e-01,-0.000000000000000000e+00,-0.000000000000000000e+00,-0.000000000000000000e+00,0.000000000000000000e+00,0.000000000000000000e+00
0.000000000000000000e+00,0.000000000000000000e+00,9.866706233941932580e-02,0.000000000000000000e+00,0.000000000000000000e+00,0.000000000000000000e+00,0.000000000000000000e+00,-0.000000000000000000e+00,0.000000000000000000e+00,0.000000000000000000e+00,-0.000000000000000000e+00,0.000000000000000000e+00,-0.000000000000000000e+00,0.000000000000000000e+00,-0.000000000000000000e+00,0.000000000000000000e+00,-0.000000000000000000e+00,0.000000000000000000e+00,0.000000000000000000e+00,1.016730256999389459e+00,-0.000000000000000000e+00,-0.000000000000000000e+00,0.000000000000000000e+00,5.264563577170126851e-02,0.000000000000000000e+00,-0.000000000000000000e+00,0.000000000000000000e+00,-0.000000000000000000e+00,-0.000000000000000000e+00,0.000000000000000000e+00,0.000000000000000000e+00,0.000000000000000000e+00,-0.000000000000000000e+00,0.000000000000000000e+00,-1.949390512843636979e-03,0.000000000000000000e+00,-0.000000000000000000e+00,0.000000000000000000e+00,0.000000000000000000e+00
-0.000000000000000000e+00,-0.000000000000000000e+00,-0.000000000000000000e+00,0.000000000000000000e+00,-0.000000000000000000e+00,2.620706206097364044e-01,-0.000000000000000000e+00,-0.000000000000000000e+00,-0.000000000000000000e+00,-0.000000000000000000e+00,0.000000000000000000e+00,-1.933457085135973641e-01,-0.000000000000000000e+00,-0.000000000000000000e+00,6.351921057952308880e-02,-0.000000000000000000e+00,1.348267494422629997e-01,0.000000000000000000e+00,1.655006592891378192e-01,-0.000000000000000000e+00,2.895009646306185402e+00,-8.231140550981738135e-01,-0.000000000000000000e+00,0.000000000000000000e+00,0.000000000000000000e+00,0.000000000000000000e+00,-1.592746220474715590e-01,-4.381357277027417840e-01,0.000000000000000000e+00,-0.000000000000000000e+00,-5.687574769488623616e-01,-1.606593997219493307e-03,-3.804544554585171379e-01,0.000000000000000000e+00,-0.000000000000000000e+00,-0.000000000000000000e+00,0.000000000000000000e+00,-6.828566101029157065e-02,-0.000000000000000000e+00
0.000000000000000000e+00,-0.000000000000000000e+00,-0.000000000000000000e+00,0.000000000000000000e+00,0.000000000000000000e+00,5.054061804233515171e-02,-0.000000000000000000e+00,-2.921021151795148429e-01,-0.000000000000000000e+00,-0.000000000000000000e+00,0.000000000000000000e+00,-1.776907908019893789e-01,-8.723966348528620907e-02,-0.000000000000000000e+00,5.799350322854492784e-02,-0.000000000000000000e+00,7.268240158776463622e-02,0.000000000000000000e+00,3.852637474294428599e-01,-0.000000000000000000e+00,-8.231140550981738135e-01,2.507061274019794173e+00,-0.000000000000000000e+00,0.000000000000000000e+00,0.000000000000000000e+00,0.000000000000000000e+00,-1.649579522659286868e-01,-2.383267887992569500e-01,0.000000000000000000e+00,-0.000000000000000000e+00,-2.722034185790665403e-02,-2.062000885578056109e-01,-3.414286618363032710e-01,0.000000000000000000e+00,-0.000000000000000000e+00,0.000000000000000000e+00,-0.000000000000000000e+00,-0.000000000000000000e+00,-0.000000000000000000e+00
-0.000000000000000000e+00,-0.000000000000000000e+00,-2.535669228616861393e-01,0.000000000000000000e+00,-0.000000000000000000e+00,-0.000000000000000000e+00,-0.000000000000000000e+00,0.000000000000000000e+00,-2.069347962996131163e-01,-1.881617087199026483e-01,-0.000000000000000000e+00,-0.000000000000000000e+00,0.000000000000000000e+00,-0.000000000000000000e+00,-0.000000000000000000e+00,-2.134101996448326544e-01,-0.000000000000000000e+00,-0.000000000000000000e+00,-0.000000000000000000e+00,0.000000000000000000e+00,-0.000000000000000000e+00,-0.000000000000000000e+00,2.170452341283418463e+00,-0.000000000000000000e+00,-4.465916223843406918e-01,-1.870954477688602791e-01,-1.258922280344384192e-01,-0.000000000000000000e+00,-0.000000000000000000e+00,-0.000000000000000000e+00,-0.000000000000000000e+00,-0.000000000000000000e+00,-0.000000000000000000e+00,-0.000000000000000000e+00,-0.000000000000000000e+00,-1.069647188025302509e-01,-0.000000000000000000e+00,-9.306119576791349601e-02,-3.001555017496990163e-01
-0.000000000000000000e+00,-1.851898598550764594e-02,-2.199655410648581819e-02,-0.000000000000000000e+00,-0.000000000000000000e+00,-0.000000000000000000e+00,-0.000000000000000000e+00,0.000000000000000000e+00,-7.271472666885701354e-03,-0.000000000000000000e+00,-0.000000000000000000e+00,-0.000000000000000000e+00,1.744081341422551445e-01,-3.805612768385839839e-01,-1.522709282942800654e-02,-0.000000000000000000e+00,-0.000000000000000000e+00,-0.000000000000000000e+00,-2.504964831788468738e-01,5.264563577170126851e-02,0.000000000000000000e+00,0.000000000000000000e+00,-0.000000000000000000e+00,1.771768304209723865e+00,-3.292695120135590847e-01,-0.000000000000000000e+00,-0.000000000000000000e+00,0.000000000000000000e+00,-7.638161306104732096e-02,-0.000000000000000000e+00,-0.000000000000000000e+00,-0.000000000000000000e+00,0.000000000000000000e+00,-1.607063546547360944e-01,-0.000000000000000000e+00,-1.642118461183840750e-01,-0.000000000000000000e+00,-0.000000000000000000e+00,-0.000000000000000000e+00
-2.779491677069202415e-01,-2.624643374411990693e-01,-0.000000000000000000e+00,-0.000000000000000000e+00,-0.000000000000000000e+00,-0.000000000000000000e+00,-0.000000000000000000e+00,0.000000000000000000e+00,-0.000000000000000000e+00,-2.496368853054081738e-01,-0.000000000000000000e+00,-0.000000000000000000e+00,1.991330933123580116e-01,-0.000000000000000000e+00,-0.000000000000000000e+00,-0.000000000000000000e+00,-0.000000000000000000e+00,-0.000000000000000000e+00,-0.000000000000000000e+00,0.000000000000000000e+00,0.000000000000000000e+00,0.000000000000000000e+00,-4.465916223843406918e-01,-3.292695120135590847e-01,2.494077364579406542e+00,-7.201029238065340121e-02,-0.000000000000000000e+00,-0.000000000000000000e+00,-2.060512922558749294e-01,-1.468335012462212708e-01,-0.000000000000000000e+00,-0.000000000000000000e+00,-0.000000000000000000e+00,-2.777108779882029310e-01,-0.000000000000000000e+00,-1.837765249966644976e-01,-0.000000000000000000e+00,-0.000000000000000000e+00,-0.000000000000000000e+00
-1.408210862991726431e-01,-0.000000000000000000e+00,-2.156097417741903721e-01,0.000000000000000000e+00,-0.000000000000000000e+00,-0.000000000000000000e+00,-0.000000000000000000e+00,0.000000000000000000e+00,-0.000000000000000000e+00,-3.719391101482129314e-02,-2.852141792531947551e-01,0.000000000000000000e+00,9.862166189738745536e-02,-0.000000000000000000e+00,-3.311528130933772546e-02,-0.000000000000000000e+00,-2.951180532874821405e-01,-0.000000000000000000e+00,-0.000000000000000000e+00,-0.000000000000000000e+00,0.000000000000000000e+00,0.000000000000000000e+00,-1.870954477688602791e-01,-0.000000000000000000e+00,-7.201029238065340121e-02,2.220797500044315864e+00,-0.000000000000000000e+00,-0.000000000000000000e+00,-5.806449804185896957e-01,-0.000000000000000000e+00,-0.000000000000000000e+00,-0.000000000000000000e+00,-0.000000000000000000e+00,-1.603484520072995245e-01,-0.000000000000000000e+00,-3.786961847109698159e-02,-0.000000000000000000e+00,-2.518138127615169308e-01,-0.000000000000000000e+00
-0.000000000000000000e+00,-1.240201383886781056e-01,-0.000000000000000000e+00,0.000000000000000000e+00,-0.000000000000000000e+00,0.000000000000000000e+00,-0.000000000000000000e+00,-0.000000000000000000e+00,-0.000000000000000000e+00,-0.000000000000000000e+00,-0.000000000000000000e+00,-4.155302773366397751e-01,-0.000000000000000000e+00,-0.000000000000000000e+00,0.000000000000000000e+00,-3.266742422944290264e-02,0.000000000000000000e+00,-0.000000000000000000e+00,0.000000000000000000e+00,0.000000000000000000e+00,-1.592746220474715590e-01,-1.649579522659286868e-01,-1.258922280344384192e-01,-0.000000000000000000e+00,-0.000000000000000000e+00,-0.000000000000000000e+00,2.984262703149139995e+00,-4.159734959256995886e-03,-0.000000000000000000e+00,-1.540403933683066329e-01,-4.429625073352680964e-01,-7.137069405718354798e-01,-2.917839351140032456e-01,-0.000000000000000000e+00,-0.000000000000000000e+00,-0.000000000000000000e+00,-0.000000000000000000e+00,-0.000000000000000000e+00,-5.933468724648331971e-01
-0.000000000000000000e+00,-0.000000000000000000e+00,-0.000000000000000000e+00,0.000000000000000000e+00,-0.000000000000000000e+00,0.000000000000000000e+00,-0.000000000000000000e+00,-1.759557500130787397e-03,-0.000000000000000000e+00,-0.000000000000000000e+00,-0.000000000000000000e+00,-0.000000000000000000e+00,0.000000000000000000e+00,-2.731845577096450595e-02,0.000000000000000000e+00,-2.619976180102445151e-01,0.000000000000000000e+00,-0.000000000000000000e+00,0.000000000000000000e+00,-0.000000000000000000e+00,-4.381357277027417840e-01,-2.383267887992569500e-01,-0.000000000000000000e+00,0.000000000000000000e+00,-0.000000000000000000e+00,-0.000000000000000000e+00,-4.159734959256995886e-03,2.563180650345212364e+00,-0.000000000000000000e+00,-0.000000000000000000e+00,-6.595951558031409867e-01,-0.000000000000000000e+00,-7.262635307490356018e-01,-0.000000000000000000e+00,-0.000000000000000000e+00,-0.000000000000000000e+00,-0.000000000000000000e+00,-0.000000000000000000e+00,-8.393404985333836887e-02
-3.218175137258422747e-01,-1.303296780131083660e-02,-0.000000000000000000e+00,-0.000000000000000000e+00,-0.000000000000000000e+00,-0.000000000000000000e+00,-0.000000000000000000e+00,5.440539417786380283e-02,-0.000000000000000000e+00,-0.000000000000000000e+00,-1.107404720160390099e-01,0.000000000000000000e+00,1.092748180236204070e-01,-0.000000000000000000e+00,-1.628849756701739038e-01,-0.000000000000000000e+00,-2.728466690243409043e-01,-0.000000000000000000e+00,-1.448219113651065537e-01,-0.000000000000000000e+00,0.000000000000000000e+00,0.000000000000000000e+00,-0.000000000000000000e+00,-7.638161306104732096e-02,-2.060512922558749294e-01,-5.806449804185896957e-01,-0.000000000000000000e+00,-0.000000000000000000e+00,2.043479148467070239e+00,-0.000000000000000000e+00,0.000000000000000000e+00,-0.000000000000000000e+00,-0.000000000000000000e+00,-0.000000000000000000e+00,-8.177477288752824092e-02,-0.000000000000000000e+00,-0.000000000000000000e+00,-0.000000000000000000e+00,-0.000000000000000000e+00
-2.041495966889530500e-01,-2.581229784259888027e-01,-0.000000000000000000e+00,0.000000000000000000e+00,-0.000000000000000000e+00,0.000000000000000000e+00,-0.000000000000000000e+00,-0.000000000000000000e+00,-2.514020284193247967e-01,-2.297877117632830257e-01,0.000000000000000000e+00,-2.463026639069806900e-01,0.000000000000000000e+00,-1.597289319142691788e-01,-0.000000000000000000e+00,-2.873811770015470279e-01,0.000000000000000000e+00,-0.000000000000000000e+00,-0.000000000000000000e+00,0.000000000000000000e+00,-0.000000000000000000e+00,-0.000000000000000000e+00,-0.000000000000000000e+00,-0.000000000000000000e+00,-1.468335012462212708e-01,-0.000000000000000000e+00,-1.540403933683066329e-01,-0.000000000000000000e+00,-0.000000000000000000e+00,2.073985975800283654e+00,-0.000000000000000000e+00,-3.024418694615543454e-02,-0.000000000000000000e+00,-0.000000000000000000e+00,0.000000000000000000e+00,-0.000000000000000000e+00,0.000000000000000000e+00,-0.000000000000000000e+00,-0.000000000000000000e+00
-0.000000000000000000e+00,-0.000000000000000000e+00,-1.216187801393816964e-01,0.000000000000000000e+00,-0.000000000000000000e+00,0.000000000000000000e+00,-0.000000000000000000e+00,-0.000000000000000000e+00,-0.000000000000000000e+00,-0.000000000000000000e+00,-0.000000000000000000e+00,-9.338137515532084210e-02,0.000000000000000000e+00,-1.131900175527453811e-01,9.258125305665257376e-02,-2.577407311278009927e-01,0.000000000000000000e+00,-0.000000000000000000e+00,0.000000000000000000e+00,0.000000000000000000e+00,-5.687574769488623616e-01,-2.722034185790665403e-02,-0.000000000000000000e+00,-0.000000000000000000e+00,-0.000000000000000000e+00,-0.000000000000000000e+00,-4.429625073352680964e-01,-6.595951558031409867e-01,0.000000000000000000e+00,-0.000000000000000000e+00,3.192524694783206218e+00,-4.367279560551886597e-01,-4.587181943841158183e-01,-0.000000000000000000e+00,-0.000000000000000000e+00,-0.000000000000000000e+00,-0.000000000000000000e+00,-0.000000000000000000e+00,-2.661601194479853993e-01
-0.000000000000000000e+00,-0.000000000000000000e+00,-0.000000000000000000e+00,0.000000000000000000e+00,-0.000000000000000000e+00,0.000000000000000000e+00,-0.000000000000000000e+00,-0.000000000000000000e+00,-0.000000000000000000e+00,-0.000000000000000000e+00,-0.000000000000000000e+00,-0.000000000000000000e+00,-0.000000000000000000e+00,-3.629108681166368783e-02,2.855802377297686490e-02,-0.000000000000000000e+00,0.000000000000000000e+00,0.000000000000000000e+00,0.000000000000000000e+00,0.000000000000000000e+00,-1.606593997219493307e-03,-2.062000885578056109e-01,-0.000000000000000000e+00,-0.000000000000000000e+00,-0.000000000000000000e+00,-0.000000000000000000e+00,-7.137069405718354798e-01,-0.000000000000000000e+00,-0.000000000000000000e+00,-3.024418694615543454e-02,-4.367279560551886597e-01,2.055217159863395260e+00,-2.965335660956274211e-01,0.000000000000000000e+00,-0.000000000000000000e+00,-3.194179395844597147e-02,-2.773733979446854972e-02,-0.000000000000000000e+00,-0.000000000000000000e+00
-0.000000000000000000e+00,-0.000000000000000000e+00,-0.000000000000000000e+00,0.000000000000000000e+00,-0.000000000000000000e+00,0.000000000000000000e+00,-0.000000000000000000e+00,-0.000000000000000000e+00,-0.000000000000000000e+00,-0.000000000000000000e+00,-0.000000000000000000e+00,-0.000000000000000000e+00,-0.000000000000000000e+00,-2.215648233683070456e-01,0.000000000000000000e+00,-0.000000000000000000e+00,0.000000000000000000e+00,0.000000000000000000e+00,0.000000000000000000e+00,-0.000000000000000000e+00,-3.804544554585171379e-01,-3.414286618363032710e-01,-0.000000000000000000e+00,0.000000000000000000e+00,-0.000000000000000000e+00,-0.000000000000000000e+00,-2.917839351140032456e-01,-7.262635307490356018e-01,-0.000000000000000000e+00,-0.000000000000000000e+00,-4.587181943841158183e-01,-2.965335660956274211e-01,2.724530791297803844e+00,0.000000000000000000e+00,-2.051400380849260907e-02,-0.000000000000000000e+00,-0.000000000000000000e+00,-0.000000000000000000e+00,-0.000000000000000000e+00
-0.000000000000000000e+00,-0.000000000000000000e+00,-2.189885462492799917e-01,-0.000000000000000000e+00,-2.177473111893322710e-01,-0.000000000000000000e+00,-0.000000000000000000e+00,0.000000000000000000e+00,-5.942719403971539194e-01,-2.719096516593264012e-02,-0.000000000000000000e+00,-0.000000000000000000e+00,5.322353774043162566e-01,-0.000000000000000000e+00,-2.367641841719647089e-01,-0.000000000000000000e+00,-0.000000000000000000e+00,-2.030401885859085820e-01,-3.805885427329114834e-01,0.000000000000000000e+00,0.000000000000000000e+00,0.000000000000000000e+00,-0.000000000000000000e+00,-1.607063546547360944e-01,-2.777108779882029310e-01,-1.603484520072995245e-01,-0.000000000000000000e+00,-0.000000000000000000e+00,-0.000000000000000000e+00,-0.000000000000000000e+00,-0.000000000000000000e+00,0.000000000000000000e+00,0.000000000000000000e+00,2.770794569371579641e+00,-0.000000000000000000e+00,-1.243270183340894480e-01,-0.000000000000000000e+00,-0.000000000000000000e+00,-0.000000000000000000e+00
-0.000000000000000000e+00,-0.000000000000000000e+00,-0.000000000000000000e+00,0.000000000000000000e+00,-0.000000000000000000e+00,-7.581757818147353417e-03,-1.959272058855398083e-02,0.000000000000000000e+00,0.000000000000000000e+00,-0.000000000000000000e+00,-2.654616547460737497e-01,0.000000000000000000e+00,0.000000000000000000e+00,-0.000000000000000000e+00,0.000000000000000000e+00,-0.000000000000000000e+00,-0.000000000000000000e+00,-0.000000000000000000e+00,-0.000000000000000000e+00,-1.949390512843636979e-03,-0.000000000000000000e+00,-0.000000000000000000e+00,-0.000000000000000000e+00,-0.000000000000000000e+00,-0.000000000000000000e+00,-0.000000000000000000e+00,-0.000000000000000000e+00,-0.000000000000000000e+00,-8.177477288752824092e-02,0.000000000000000000e+00,-0.000000000000000000e+00,-0.000000000000000000e+00,-2.051400380849260907e-02,-0.000000000000000000e+00,1.283016088953093714e+00,-0.000000000000000000e+00,-3.823765058554572938e-01,-0.000000000000000000e+00,0.000000000000000000e+00
-3.520397621294734519e-02,-1.002853638148446386e-01,-6.221862691695701636e-02,0.000000000000000000e+00,-0.000000000000000000e+00,-0.000000000000000000e+00,0.000000000000000000e+00,0.000000000000000000e+00,-3.817704478379959493e-02,-0.000000000000000000e+00,-5.085142622324313050e-02,-0.000000000000000000e+00,0.000000000000000000e+00,-0.000000000000000000e+00,-0.000000000000000000e+00,-0.000000000000000000e+00,-0.000000000000000000e+00,0.000000000000000000e+00,-0.000000000000000000e+00,0.000000000000000000e+00,-0.000000000000000000e+00,0.000000000000000000e+00,-1.069647188025302509e-01,-1.642118461183840750e-01,-1.837765249966644976e-01,-3.786961847109698159e-02,-0.000000000000000000e+00,-0.000000000000000000e+00,-0.000000000000000000e+00,-0.000000000000000000e+00,-0.000000000000000000e+00,-3.194179395844597147e-02,-0.000000000000000000e+00,-1.243270183340894480e-01,-0.000000000000000000e+00,1.654126817535375604e+00,-0.000000000000000000e+00,-2.326996259055944538e-01,-2.815504096999786321e-01
-0.000000000000000000e+00,-0.000000000000000000e+00,-0.000000000000000000e+00,0.000000000000000000e+00,-0.000000000000000000e+00,-1.838214821876696936e-01,-0.000000000000000000e+00,0.000000000000000000e+00,-0.000000000000000000e+00,-0.000000000000000000e+00,-1.988563251915355379e-01,0.000000000000000000e+00,3.725457671781291780e-02,-8.973266723793071886e-02,-0.000000000000000000e+00,-0.000000000000000000e+00,-2.237275329379102284e-01,-0.000000000000000000e+00,-0.000000000000000000e+00,-0.000000000000000000e+00,0.000000000000000000e+00,-0.000000000000000000e+00,-0.000000000000000000e+00,-0.000000000000000000e+00,-0.000000000000000000e+00,-0.000000000000000000e+00,-0.000000000000000000e+00,-0.000000000000000000e+00,-0.000000000000000000e+00,0.000000000000000000e+00,-0.000000000000000000e+00,-2.773733979446854972e-02,-0.000000000000000000e+00,-0.000000000000000000e+00,-3.823765058554572938e-01,-0.000000000000000000e+00,1.452599927958472037e+00,0.000000000000000000e+00,-0.000000000000000000e+00
-1.230007149651350107e-01,-1.466720012412382479e-01,-0.000000000000000000e+00,0.000000000000000000e+00,-0.000000000000000000e+00,0.000000000000000000e+00,0.000000000000000000e+00,-0.000000000000000000e+00,-0.000000000000000000e+00,-0.000000000000000000e+00,0.000000000000000000e+00,-0.000000000000000000e+00,-0.000000000000000000e+00,-0.000000000000000000e+00,-1.142866251233842223e-01,-0.000000000000000000e+00,0.000000000000000000e+00,-0.000000000000000000e+00,0.000000000000000000e+00,0.000000000000000000e+00,-6.828566101029157065e-02,-0.000000000000000000e+00,-9.306119576791349601e-02,-0.000000000000000000e+00,-0.000000000000000000e+00,-2.518138127615169308e-01,-0.000000000000000000e+00,-0.000000000000000000e+00,-0.000000000000000000e+00,-0.000000000000000000e+00,-0.000000000000000000e+00,-0.000000000000000000e+00,-0.000000000000000000e+00,-0.000000000000000000e+00,-0.000000000000000000e+00,-2.326996259055944538e-01,0.000000000000000000e+00,1.616101657910808953e+00,-3.920697352904700672e-01
-0.000000000000000000e+00,-8.680121926345996108e-02,-6.369816663219739217e-02,0.000000000000000000e+00,-0.000000000000000000e+00,0.000000000000000000e+00,-0.000000000000000000e+00,-0.000000000000000000e+00,-6.067707452159634141e-01,-0.000000000000000000e+00,-0.000000000000000000e+00,-3.307249356892951186e-01,0.000000000000000000e+00,-0.000000000000000000e+00,0.000000000000000000e+00,-0.000000000000000000e+00,0.000000000000000000e+00,-0.000000000000000000e+00,0.000000000000000000e+00,0.000000000000000000e+00,-0.000000000000000000e+00,-0.000000000000000000e+00,-3.001555017496990163e-01,-0.000000000000000000e+00,-0.000000000000000000e+00,-0.000000000000000000e+00,-5.933468724648331971e-01,-8.393404985333836887e-02,-0.000000000000000000e+00,-0.000000000000000000e+00,-2.661601194479853993e-01,-0.000000000000000000e+00,-0.000000000000000000e+00,-0.000000000000000000e+00,0.000000000000000000e+00,-2.815504096999786321e-01,-0.000000000000000000e+00,-3.920697352904700672e-01,2.742295858289116151e+00
