2.207058669872005385e+00,-4.640444563590028215e-01,-0.000000000000000000e+00,0.000000000000000000e+00,-0.000000000000000000e+00,-0.000000000000000000e+00,-0.000000000000000000e+00,1.191490768260789618e-01,-1.200066619094075464e-02,-0.000000000000000000e+00,-0.000000000000000000e+00,0.000000000000000000e+00,0.000000000000000000e+00,-0.000000000000000000e+00,2.744153335225843482e-01,-0.000000000000000000e+00,-1.092371824712697476e-01,-0.000000000000000000e+00,-0.000000000000000000e+00,0.000000000000000000e+00,-2.612622296579075049e-02,-0.000000000000000000e+00,-0.000000000000000000e+00,-5.732005387081915565e-02,-0.000000000000000000e+00,-0.000000000000000000e+00,-0.000000000000000000e+00,-0.000000000000000000e+00,-0.000000000000000000e+00,-0.000000000000000000e+00,-0.000000000000000000e+00,-0.000000000000000000e+00,-2.218315534742699158e-01,-0.000000000000000000e+00,-3.716661990440682517e-02,-3.810106472344791384e-01,-1.987119149854662536e-01,-3.313124232338582331e-01,-2.451526615411663834e-01
-4.640444563590028215e-01,2.028018990958863732e+00,-5.710175626203575078e-02,-0.000000000000000000e+00,-0.000000000000000000e+00,0.000000000000000000e+00,-1.276789994018481256e-01,0.000000000000000000e+00,-2.417725130629143002e-02,-0.000000000000000000e+00,-0.000000000000000000e+00,0.000000000000000000e+00,0.000000000000000000e+00,-0.000000000000000000e+00,0.000000000000000000e+00,-0.000000000000000000e+00,-0.000000000000000000e+00,-1.849180516268669472e-01,-2.066015645230066811e-02,-0.000000000000000000e+00,-3.167900103935356038e-02,-1.794500442469441209e-02,0.000000000000000000e+00,-0.000000000000000000e+00,0.000000000000000000e+00,-0.000000000000000000e+00,-0.000000000000000000e+00,-1.572970082745303588e-02,-0.000000000000000000e+00,-1.612041253064514790e-01,-0.000000000000000000e+00,-0.000000000000000000e+00,-0.000000000000000000e+00,-0.000000000000000000e+00,-0.000000000000000000e+00,-0.000000000000000000e+00,-1.395399788259095442e-01,-0.000000000000000000e+00,-6.886980592053563166e-01
-0.000000000000000000e+00,-5.710175626203575078e-02,2.921190216755819691e+00,-0.000000000000000000e+00,-1.368828351572831115e-01,0.000000000000000000e+00,-0.000000000000000000e+00,1.300845024547084172e+00,-2.150968178960503685e-01,-0.000000000000000000e+00,-0.000000000000000000e+00,-0.000000000000000000e+00,0.000000000000000000e+00,-0.000000000000000000e+00,0.000000000000000000e+00,-0.000000000000000000e+00,-0.000000000000000000e+00,-2.946220499668119608e-01,-1.675427584058837016e-01,0.000000000000000000e+00,-2.616127160887864456e-01,-2.080492583310972754e-01,-0.000000000000000000e+00,-0.000000000000000000e+00,-0.000000000000000000e+00,-0.000000000000000000e+00,-0.000000000000000000e+00,-0.000000000000000000e+00,0.000000000000000000e+00,-0.000000000000000000e+00,0.000000000000000000e+00,-0.000000000000000000e+00,-3.685672898972358613e-01,-0.000000000000000000e+00,0.000000000000000000e+00,-0.000000000000000000e+00,-0.000000000000000000e+00,-0.000000000000000000e+00,-9.044037338690441574e-02
0.000000000000000000e+00,-0.000000000000000000e+00,-0.000000000000000000e+00,1.524072184404026142e+00,-9.671761800272447862e-02,-2.320278512074052668e-01,-2.077846751599837227e-01,0.000000000000000000e+00,-0.000000000000000000e+00,-4.089189061929794367e-01,-0.000000000000000000e+00,-2.452150408367554657e-01,0.000000000000000000e+00,-0.000000000000000000e+00,-0.000000000000000000e+00,-1.008434260922197283e-02,-0.000000000000000000e+00,-8.655179953524233527e-02,-0.000000000000000000e+00,0.000000000000000000e+00,-0.000000000000000000e+00,0.000000000000000000e+00,-0.000000000000000000e+00,-0.000000000000000000e+00,-0.000000000000000000e+00,-0.000000000000000000e+00,0.000000000000000000e+00,-0.000000000000000000e+00,0.000000000000000000e+00,-0.000000000000000000e+00,0.000000000000000000e+00,-0.000000000000000000e+00,-0.000000000000000000e+00,-0.000000000000000000e+00,0.000000000000000000e+00,-0.000000000000000000e+00,-0.000000000000000000e+00,-0.000000000000000000e+00,-0.000000000000000000e+00
-0.000000000000000000e+00,-0.000000000000000000e+00,-1.368828351572831115e-01,-9.671761800272447862e-02,2.394263442167417377e+00,-0.000000000000000000e+00,-0.000000000000000000e+00,2.167524765904393913e-02,-2.052820322273517517e-01,-0.000000000000000000e+00,-0.000000000000000000e+00,-0.000000000000000000e+00,0.000000000000000000e+00,-1.743526787918683041e-01,0.000000000000000000e+00,-3.117592048813890016e-02,-0.000000000000000000e+00,-1.550077995467809833e-01,-0.000000000000000000e+00,4.604884368851190624e-02,-0.000000000000000000e+00,-0.000000000000000000e+00,-1.984356492115687820e-01,-1.568064192790882272e-01,-0.000000000000000000e+00,-0.000000000000000000e+00,-0.000000000000000000e+00,-0.000000000000000000e+00,-0.000000000000000000e+00,-0.000000000000000000e+00,-0.000000000000000000e+00,-0.000000000000000000e+00,-6.540052294554579149e-01,-3.749385557594662327e-02,-0.000000000000000000e+00,-0.000000000000000000e+00,-0.000000000000000000e+00,-5.823914806643067932e-01,-0.000000000000000000e+00
-0.000000000000000000e+00,0.000000000000000000e+00,0.000000000000000000e+00,-2.320278512074052668e-01,-0.000000000000000000e+00,1.547107425824145732e+00,0.000000000000000000e+00,0.000000000000000000e+00,-0.000000000000000000e+00,-0.000000000000000000e+00,-1.833370215616164089e-01,-0.000000000000000000e+00,-0.000000000000000000e+00,-2.285349979627256667e-01,0.000000000000000000e+00,-0.000000000000000000e+00,-1.480436925253716257e-02,-0.000000000000000000e+00,0.000000000000000000e+00,2.154038312896641716e-02,0.000000000000000000e+00,0.000000000000000000e+00,-3.917425526515479206e-02,-3.247334082962196611e-01,-8.679990769959423924e-02,-2.330028786832183396e-01,-0.000000000000000000e+00,-0.000000000000000000e+00,-0.000000000000000000e+00,-0.000000000000000000e+00,-0.000000000000000000e+00,-0.000000000000000000e+00,-0.000000000000000000e+00,-0.000000000000000000e+00,-0.000000000000000000e+00,-8.631537074306867841e-03,-0.000000000000000000e+00,-0.000000000000000000e+00,0.000000000000000000e+00
-0.000000000000000000e+00,-1.276789994018481256e-01,-0.000000000000000000e+00,-2.077846751599837227e-01,-0.000000000000000000e+00,0.000000000000000000e+00,1.383391721350779369e+00,0.000000000000000000e+00,-0.000000000000000000e+00,-0.000000000000000000e+00,0.000000000000000000e+00,-0.000000000000000000e+00,-0.000000000000000000e+00,0.000000000000000000e+00,0.000000000000000000e+00,-0.000000000000000000e+00,0.000000000000000000e+00,-1.768944147983908532e-01,-3.779023594144511611e-01,-1.471294966580716512e-01,-0.000000000000000000e+00,-2.588104906006176431e-02,0.000000000000000000e+00,0.000000000000000000e+00,0.000000000000000000e+00,-0.000000000000000000e+00,0.000000000000000000e+00,-0.000000000000000000e+00,0.000000000000000000e+00,-0.000000000000000000e+00,0.000000000000000000e+00,0.000000000000000000e+00,-0.000000000000000000e+00,-0.000000000000000000e+00,0.000000000000000000e+00,0.000000000000000000e+00,-0.000000000000000000e+00,-0.000000000000000000e+00,-0.000000000000000000e+00
1.191490768260789618e-01,0.000000000000000000e+00,1.300845024547084172e+00,0.000000000000000000e+00,2.167524765904393913e-02,0.000000000000000000e+00,0.000000000000000000e+00,2.451616449812130671e+00,7.005753305540046716e-02,0.000000000000000000e+00,0.000000000000000000e+00,-0.000000000000000000e+00,-0.000000000000000000e+00,0.000000000000000000e+00,-0.000000000000000000e+00,0.000000000000000000e+00,0.000000000000000000e+00,0.000000000000000000e+00,0.000000000000000000e+00,-0.000000000000000000e+00,1.455656588632461834e-01,0.000000000000000000e+00,0.000000000000000000e+00,0.000000000000000000e+00,0.000000000000000000e+00,0.000000000000000000e+00,0.000000000000000000e+00,0.000000000000000000e+00,0.000000000000000000e+00,0.000000000000000000e+00,0.000000000000000000e+00,0.000000000000000000e+00,4.551926002228861567e-01,0.000000000000000000e+00,0.000000000000000000e+00,8.499308478607173201e-02,4.746908645969998182e-03,0.000000000000000000e+00,0.000000000000000000e+00
-1.200066619094075464e-02,-2.417725130629143002e-02,-2.150968178960503685e-01,-0.000000000000000000e+00,-2.052820322273517517e-01,-0.000000000000000000e+00,-0.000000000000000000e+00,7.005753305540046716e-02,2.496646309535101249e+00,-0.000000000000000000e+00,0.000000000000000000e+00,0.000000000000000000e+00,0.000000000000000000e+00,-1.403159404131755668e-02,3.591797420785734773e-02,-6.848374899849797581e-02,-7.177357542525235334e-02,-0.000000000000000000e+00,-2.004415561022631839e-03,0.000000000000000000e+00,-0.000000000000000000e+00,0.000000000000000000e+00,-0.000000000000000000e+00,-0.000000000000000000e+00,-0.000000000000000000e+00,-0.000000000000000000e+00,-0.000000000000000000e+00,-0.000000000000000000e+00,0.000000000000000000e+00,-3.741859260072506466e-01,-1.324906115089894976e-01,-0.000000000000000000e+00,-0.000000000000000000e+00,-6.588431655981633606e-01,-0.000000000000000000e+00,-0.000000000000000000e+00,-0.000000000000000000e+00,-2.602888570930039225e-01,-4.973582970951421767e-01
-0.000000000000000000e+00,-0.000000000000000000e+00,-0.000000000000000000e+00,-4.089189061929794367e-01,-0.000000000000000000e+00,-0.000000000000000000e+00,-0.000000000000000000e+00,0.000000000000000000e+00,-0.000000000000000000e+00,2.901920565674799501e+00,-0.000000000000000000e+00,-6.461813907679054836e-01,0.000000000000000000e+00,-0.000000000000000000e+00,0.000000000000000000e+00,-6.858124353689304398e-01,-0.000000000000000000e+00,-1.735538439840616232e-01,-5.556490411813176378e-01,-0.000000000000000000e+00,-0.000000000000000000e+00,-0.000000000000000000e+00,-0.000000000000000000e+00,-1.978569108030538148e-01,0.000000000000000000e+00,-0.000000000000000000e+00,0.000000000000000000e+00,-0.000000000000000000e+00,0.000000000000000000e+00,-2.819914184753091746e-01,-0.000000000000000000e+00,-0.000000000000000000e+00,-0.000000000000000000e+00,-0.000000000000000000e+00,0.000000000000000000e+00,-0.000000000000000000e+00,-0.000000000000000000e+00,-2.317207718501288760e-01,-8.824145643126019012e-02
-0.000000000000000000e+00,-0.000000000000000000e+00,-0.000000000000000000e+00,-0.000000000000000000e+00,-0.000000000000000000e+00,-1.833370215616164089e-01,0.000000000000000000e+00,0.000000000000000000e+00,0.000000000000000000e+00,-0.000000000000000000e+00,1.671778021424853877e+00,-0.000000000000000000e+00,-9.173440497444389219e-02,-0.000000000000000000e+00,-1.938858411298403361e-01,-0.000000000000000000e+00,0.000000000000000000e+00,0.000000000000000000e+00,0.000000000000000000e+00,-0.000000000000000000e+00,-0.000000000000000000e+00,-0.000000000000000000e+00,-3.027592130076079968e-01,-0.000000000000000000e+00,-3.498955759263624454e-01,-1.532937427056758339e-01,-1.643990834250640687e-01,-0.000000000000000000e+00,-8.987318656170310838e-02,0.000000000000000000e+00,-0.000000000000000000e+00,-9.808568180046059459e-02,-0.000000000000000000e+00,0.000000000000000000e+00,-0.000000000000000000e+00,-0.000000000000000000e+00,-0.000000000000000000e+00,-0.000000000000000000e+00,-0.000000000000000000e+00
0.000000000000000000e+00,0.000000000000000000e+00,-0.000000000000000000e+00,-2.452150408367554657e-01,-0.000000000000000000e+00,-0.000000000000000000e+00,-0.000000000000000000e+00,-0.000000000000000000e+00,0.000000000000000000e+00,-6.461813907679054836e-01,-0.000000000000000000e+00,1.540864389274554602e+00,0.000000000000000000e+00,-0.000000000000000000e+00,-4.267532793836317229e-01,-0.000000000000000000e+00,0.000000000000000000e+00,-0.000000000000000000e+00,-0.000000000000000000e+00,-0.000000000000000000e+00,0.000000000000000000e+00,-0.000000000000000000e+00,0.000000000000000000e+00,-0.000000000000000000e+00,0.000000000000000000e+00,-0.000000000000000000e+00,0.000000000000000000e+00,0.000000000000000000e+00,0.000000000000000000e+00,-0.000000000000000000e+00,0.000000000000000000e+00,-0.000000000000000000e+00,0.000000000000000000e+00,-0.000000000000000000e+00,1.560960294659716474e-01,4.877880351848168372e-02,0.000000000000000000e+00,-0.000000000000000000e+00,-0.000000000000000000e+00
0.000000000000000000e+00,0.000000000000000000e+00,0.000000000000000000e+00,0.000000000000000000e+00,0.000000000000000000e+00,-0.000000000000000000e+00,-0.000000000000000000e+00,-0.000000000000000000e+00,0.000000000000000000e+00,0.000000000000000000e+00,-9.173440497444389219e-02,0.000000000000000000e+00,1.105711255421031103e+00,1.496962341672494236e-02,-0.000000000000000000e+00,0.000000000000000000e+00,0.000000000000000000e+00,8.397096182299261524e-02,0.000000000000000000e+00,-3.833355414784075238e-02,0.000000000000000000e+00,-0.000000000000000000e+00,-0.000000000000000000e+00,0.000000000000000000e+00,-0.000000000000000000e+00,-0.000000000000000000e+00,-1.120921072754570841e-01,-4.772821036308604048e-02,-0.000000000000000000e+00,0.000000000000000000e+00,-6.941237914285207367e-02,-0.000000000000000000e+00,0.000000000000000000e+00,2.567105998774317221e-01,-0.000000000000000000e+00,-0.000000000000000000e+00,0.000000000000000000e+00,0.000000000000000000e+00,0.000000000000000000e+00
-0.000000000000000000e+00,-0.000000000000000000e+00,-0.000000000000000000e+00,-0.000000000000000000e+00,-1.743526787918683041e-01,-2.285349979627256667e-01,0.000000000000000000e+00,0.000000000000000000e+00,-1.403159404131755668e-02,-0.000000000000000000e+00,-0.000000000000000000e+00,-0.000000000000000000e+00,1.496962341672494236e-02,2.136600870877604752e+00,0.000000000000000000e+00,-0.000000000000000000e+00,-3.023312106334689053e-01,-0.000000000000000000e+00,-0.000000000000000000e+00,9.220571499732406386e-04,-0.000000000000000000e+00,0.000000000000000000e+00,-0.000000000000000000e+00,-5.290520851711301153e-01,-0.000000000000000000e+00,-1.183870494643977922e-01,-0.000000000000000000e+00,-0.000000000000000000e+00,-0.000000000000000000e+00,-0.000000000000000000e+00,-0.000000000000000000e+00,-3.878854018528331976e-02,-1.038040945103423929e-01,-1.351722595502381497e-01,-0.000000000000000000e+00,-1.407176712895780168e-01,-1.840747159130640964e-01,-2.696156686915995859e-01,-0.000000000000000000e+00
2.744153335225843482e-01,0.000000000000000000e+00,0.000000000000000000e+00,-0.000000000000000000e+00,0.000000000000000000e+00,0.000000000000000000e+00,0.000000000000000000e+00,-0.000000000000000000e+00,3.591797420785734773e-02,0.000000000000000000e+00,-1.938858411298403361e-01,-4.267532793836317229e-01,-0.000000000000000000e+00,0.000000000000000000e+00,1.224741430378635254e+00,0.000000000000000000e+00,2.075987238707232424e-02,6.368108501618707784e-02,0.000000000000000000e+00,-0.000000000000000000e+00,0.000000000000000000e+00,-0.000000000000000000e+00,-0.000000000000000000e+00,7.254280723319180002e-02,-0.000000000000000000e+00,-0.000000000000000000e+00,-0.000000000000000000e+00,-0.000000000000000000e+00,-0.000000000000000000e+00,0.000000000000000000e+00,0.000000000000000000e+00,-2.363832255557832447e-03,0.000000000000000000e+00,0.000000000000000000e+00,0.000000000000000000e+00,0.000000000000000000e+00,0.000000000000000000e+00,0.000000000000000000e+00,0.000000000000000000e+00
-0.000000000000000000e+00,-0.000000000000000000e+00,-0.000000000000000000e+00,-1.008434260922197283e-02,-3.117592048813890016e-02,-0.000000000000000000e+00,-0.000000000000000000e+00,0.000000000000000000e+00,-6.848374899849797581e-02,-6.858124353689304398e-01,-0.000000000000000000e+00,-0.000000000000000000e+00,0.000000000000000000e+00,-0.000000000000000000e+00,0.000000000000000000e+00,2.977749922712023878e+00,-1.549363827649516689e-01,-7.550374604906829878e-01,-1.578539014179580757e-02,0.000000000000000000e+00,-0.000000000000000000e+00,0.000000000000000000e+00,-0.000000000000000000e+00,-2.502060358538694129e-01,-0.000000000000000000e+00,-0.000000000000000000e+00,0.000000000000000000e+00,-3.066374807809966324e-02,0.000000000000000000e+00,-3.524085725269031077e-01,-0.000000000000000000e+00,-9.891286236758478623e-02,-0.000000000000000000e+00,-0.000000000000000000e+00,0.000000000000000000e+00,-0.000000000000000000e+00,-0.000000000000000000e+00,-6.822512739110054847e-01,-0.000000000000000000e+00
-1.092371824712697476e-01,-0.000000000000000000e+00,-0.000000000000000000e+00,-0.000000000000000000e+00,-0.000000000000000000e+00,-1.480436925253716257e-02,0.000000000000000000e+00,0.000000000000000000e+00,-7.177357542525235334e-02,-0.000000000000000000e+00,0.000000000000000000e+00,0.000000000000000000e+00,0.000000000000000000e+00,-3.023312106334689053e-01,2.075987238707232424e-02,-1.549363827649516689e-01,1.582212164937830678e+00,-0.000000000000000000e+00,-0.000000000000000000e+00,3.879651002725071490e-03,0.000000000000000000e+00,0.000000000000000000e+00,0.000000000000000000e+00,-5.983233085467497270e-02,0.000000000000000000e+00,-8.960843812250761375e-02,-0.000000000000000000e+00,-2.987075694686615324e-02,-0.000000000000000000e+00,-2.556478259995143554e-01,-1.419609813265473863e-01,-1.987277370007976135e-02,-0.000000000000000000e+00,-0.000000000000000000e+00,-0.000000000000000000e+00,-0.000000000000000000e+00,-1.513718515621051974e-01,-0.000000000000000000e+00,-0.000000000000000000e+00
-0.000000000000000000e+00,-1.849180516268669472e-01,-2.946220499668119608e-01,-8.655179953524233527e-02,-1.550077995467809833e-01,-0.000000000000000000e+00,-1.768944147983908532e-01,0.000000000000000000e+00,-0.000000000000000000e+00,-1.735538439840616232e-01,0.000000000000000000e+00,-0.000000000000000000e+00,8.397096182299261524e-02,-0.000000000000000000e+00,6.368108501618707784e-02,-7.550374604906829878e-01,-0.000000000000000000e+00,2.858663196005672535e+00,-1.015850466057617751e+00,-0.000000000000000000e+00,-0.000000000000000000e+00,-0.000000000000000000e+00,-0.000000000000000000e+00,-0.000000000000000000e+00,0.000000000000000000e+00,-0.000000000000000000e+00,0.000000000000000000e+00,-0.000000000000000000e+00,0.000000000000000000e+00,-1.397377091766227944e-02,-0.000000000000000000e+00,-0.000000000000000000e+00,-0.000000000000000000e+00,-0.000000000000000000e+00,0.000000000000000000e+00,-0.000000000000000000e+00,-1.457852239003068484e-02,-0.000000000000000000e+00,-3.833971035275594852e-02
-0.000000000000000000e+00,-2.066015645230066811e-02,-1.675427584058837016e-01,-0.000000000000000000e+00,-0.000000000000000000e+00,0.000000000000000000e+00,-3.779023594144511611e-01,0.000000000000000000e+00,-2.004415561022631839e-03,-5.556490411813176378e-01,0.000000000000000000e+00,-0.000000000000000000e+00,0.000000000000000000e+00,-0.000000000000000000e+00,0.000000000000000000e+00,-1.578539014179580757e-02,-0.000000000000000000e+00,-1.015850466057617751e+00,2.736067065542753252e+00,-0.000000000000000000e+00,-6.239342365314362593e-02,-0.000000000000000000e+00,0.000000000000000000e+00,-0.000000000000000000e+00,0.000000000000000000e+00,-0.000000000000000000e+00,0.000000000000000000e+00,-0.000000000000000000e+00,1.760134633921371650e-01,-2.453676120228556468e-01,-0.000000000000000000e+00,-0.000000000000000000e+00,-0.000000000000000000e+00,-2.492709705220623739e-01,0.000000000000000000e+00,-0.000000000000000000e+00,-0.000000000000000000e+00,-0.000000000000000000e+00,-1.608612856004686398e-01
0.000000000000000000e+00,-0.000000000000000000e+00,0.000000000000000000e+00,0.000000000000000000e+00,4.604884368851190624e-02,2.154038312896641716e-02,-1.471294966580716512e-01,-0.000000000000000000e+00,0.000000000000000000e+00,-0.000000000000000000e+00,-0.000000000000000000e+00,-0.000000000000000000e+00,-3.833355414784075238e-02,9.220571499732406386e-04,-0.000000000000000000e+00,0.000000000000000000e+00,3.879651002725071490e-03,-0.000000000000000000e+00,-0.000000000000000000e+00,1.396580121854166467e+00,0.000000000000000000e+00,-6.315917979876264354e-01,1.897088664028279484e-02,2.198658887133889961e-01,0.000000000000000000e+00,0.000000000000000000e+00,0.000000000000000000e+00,0.000000000000000000e+00,0.000000000000000000e+00,-0.000000000000000000e+00,2.405596632644491431e-02,0.000000000000000000e+00,0.000000000000000000e+00,1.080529600216339620e-01,0.000000000000000000e+00,8.050166246250364810e-02,1.227640497227260874e-01,0.000000000000000000e+00,-0.000000000000000000e+00
-2.612622296579075049e-02,-3.167900103935356038e-02,-2.616127160887864456e-01,-0.000000000000000000e+00,-0.000000000000000000e+00,0.000000000000000000e+00,-0.000000000000000000e+00,1.455656588632461834e-01,-0.000000000000000000e+00,-0.000000000000000000e+00,-0.000000000000000000e+00,0.000000000000000000e+00,0.000000000000000000e+00,-0.000000000000000000e+00,0.000000000000000000e+00,-0.000000000000000000e+00,0.000000000000000000e+00,-0.000000000000000000e+00,-6.239342365314362593e-02,0.000000000000000000e+00,2.094398894278919343e+00,-6.402734282423687695e-01,-0.000000000000000000e+00,-0.000000000000000000e+00,-0.000000000000000000e+00,0.000000000000000000e+00,0.000000000000000000e+00,0.000000000000000000e+00,0.000000000000000000e+00,0.000000000000000000e+00,0.000000000000000000e+00,-0.000000000000000000e+00,-8.023566598146848472e-01,-0.000000000000000000e+00,0.000000000000000000e+00,-0.000000000000000000e+00,-0.000000000000000000e+00,-0.000000000000000000e+00,-0.000000000000000000e+00
-0.000000000000000000e+00,-1.794500442469441209e-02,-2.080492583310972754e-01,0.000000000000000000e+00,-0.000000000000000000e+00,0.000000000000000000e+00,-2.588104906006176431e-02,0.000000000000000000e+00,0.000000000000000000e+00,-0.000000000000000000e+00,-0.000000000000000000e+00,-0.000000000000000000e+00,-0.000000000000000000e+00,0.000000000000000000e+00,-0.000000000000000000e+00,0.000000000000000000e+00,0.000000000000000000e+00,-0.000000000000000000e+00,-0.000000000000000000e+00,-6.315917979876264354e-01,-6.402734282423687695e-01,1.674122653374060299e+00,-0.000000000000000000e+00,0.000000000000000000e+00,-0.000000000000000000e+00,0.000000000000000000e+00,0.000000000000000000e+00,0.000000000000000000e+00,0.000000000000000000e+00,0.000000000000000000e+00,2.884059142400213077e-02,-0.000000000000000000e+00,-0.000000000000000000e+00,0.000000000000000000e+00,0.000000000000000000e+00,0.000000000000000000e+00,0.000000000000000000e+00,0.000000000000000000e+00,-0.000000000000000000e+00
-0.000000000000000000e+00,0.000000000000000000e+00,-0.000000000000000000e+00,-0.000000000000000000e+00,-1.984356492115687820e-01,-3.917425526515479206e-02,0.000000000000000000e+00,0.000000000000000000e+00,-0.000000000000000000e+00,-0.000000000000000000e+00,-3.027592130076079968e-01,0.000000000000000000e+00,-0.000000000000000000e+00,-0.000000000000000000e+00,-0.000000000000000000e+00,-0.000000000000000000e+00,0.000000000000000000e+00,-0.000000000000000000e+00,0.000000000000000000e+00,1.897088664028279484e-02,-0.000000000000000000e+00,-0.000000000000000000e+00,2.533956081205951616e+00,-0.000000000000000000e+00,-1.212734996266008336e+00,-5.095473439831101070e-02,-8.866499722282235318e-02,-4.985869440341942488e-02,-2.764323141263787531e-01,1.295246374963226858e-02,-0.000000000000000000e+00,-2.762267213138697164e-02,-5.874160079171924023e-03,0.000000000000000000e+00,-0.000000000000000000e+00,-2.416795313827649061e-01,-0.000000000000000000e+00,-0.000000000000000000e+00,0.000000000000000000e+00
-5.732005387081915565e-02,-0.000000000000000000e+00,-0.000000000000000000e+00,-0.000000000000000000e+00,-1.568064192790882272e-01,-3.247334082962196611e-01,0.000000000000000000e+00,0.000000000000000000e+00,-0.000000000000000000e+00,-1.978569108030538148e-01,-0.000000000000000000e+00,-0.000000000000000000e+00,0.000000000000000000e+00,-5.290520851711301153e-01,7.254280723319180002e-02,-2.502060358538694129e-01,-5.983233085467497270e-02,-0.000000000000000000e+00,-0.000000000000000000e+00,2.198658887133889961e-01,-0.000000000000000000e+00,0.000000000000000000e+00,-0.000000000000000000e+00,1.936724583842006853e+00,-0.000000000000000000e+00,-0.000000000000000000e+00,-0.000000000000000000e+00,-0.000000000000000000e+00,-0.000000000000000000e+00,-0.000000000000000000e+00,-0.000000000000000000e+00,-0.000000000000000000e+00,-0.000000000000000000e+00,-0.000000000000000000e+00,-0.000000000000000000e+00,-0.000000000000000000e+00,-2.115861656026639392e-02,-1.143109175333616445e-01,-0.000000000000000000e+00
-0.000000000000000000e+00,0.000000000000000000e+00,-0.000000000000000000e+00,-0.000000000000000000e+00,-0.000000000000000000e+00,-8.679990769959423924e-02,0.000000000000000000e+00,0.000000000000000000e+00,-0.000000000000000000e+00,0.000000000000000000e+00,-3.498955759263624454e-01,0.000000000000000000e+00,-0.000000000000000000e+00,-0.000000000000000000e+00,-0.000000000000000000e+00,-0.000000000000000000e+00,0.000000000000000000e+00,0.000000000000000000e+00,0.000000000000000000e+00,0.000000000000000000e+00,-0.000000000000000000e+00,-0.000000000000000000e+00,-1.212734996266008336e+00,-0.000000000000000000e+00,2.645851422116098917e+00,-0.000000000000000000e+00,-3.410955231823643574e-01,-0.000000000000000000e+00,-2.054121492297648899e-01,1.217686140436705228e-01,-0.000000000000000000e+00,-5.450152206580059083e-02,-1.264529529063850299e-01,0.000000000000000000e+00,-1.895644499847539376e-03,-2.932968998329153476e-01,-0.000000000000000000e+00,-0.000000000000000000e+00,-0.000000000000000000e+00
-0.000000000000000000e+00,-0.000000000000000000e+00,-0.000000000000000000e+00,-0.000000000000000000e+00,-0.000000000000000000e+00,-2.330028786832183396e-01,-0.000000000000000000e+00,0.000000000000000000e+00,-0.000000000000000000e+00,-0.000000000000000000e+00,-1.532937427056758339e-01,-0.000000000000000000e+00,-0.000000000000000000e+00,-1.183870494643977922e-01,-0.000000000000000000e+00,-0.000000000000000000e+00,-8.960843812250761375e-02,-0.000000000000000000e+00,-0.000000000000000000e+00,0.000000000000000000e+00,0.000000000000000000e+00,0.000000000000000000e+00,-5.095473439831101070e-02,-0.000000000000000000e+00,-0.000000000000000000e+00,2.375247720532720042e+00,-7.160799082140264504e-01,-5.297490395512229888e-01,-0.000000000000000000e+00,-0.000000000000000000e+00,-1.998679258426960814e-01,-3.301981338007176636e-01,-0.000000000000000000e+00,-0.000000000000000000e+00,-0.000000000000000000e+00,-1.885802291893544369e-01,-0.000000000000000000e+00,-0.000000000000000000e+00,-0.000000000000000000e+00
-0.000000000000000000e+00,-0.000000000000000000e+00,-0.000000000000000000e+00,0.000000000000000000e+00,-0.000000000000000000e+00,-0.000000000000000000e+00,0.000000000000000000e+00,0.000000000000000000e+00,-0.000000000000000000e+00,0.000000000000000000e+00,-1.643990834250640687e-01,0.000000000000000000e+00,-1.120921072754570841e-01,-0.000000000000000000e+00,-0.000000000000000000e+00,0.000000000000000000e+00,-0.000000000000000000e+00,0.000000000000000000e+00,0.000000000000000000e+00,0.000000000000000000e+00,0.000000000000000000e+00,0.000000000000000000e+00,-8.866499722282235318e-02,-0.000000000000000000e+00,-3.410955231823643574e-01,-7.160799082140264504e-01,2.406209954500762915e+00,-0.000000000000000000e+00,-3.025864658496995041e-01,0.000000000000000000e+00,-2.256393223337606335e-01,-1.756234324583720585e-01,-0.000000000000000000e+00,0.000000000000000000e+00,-2.930786339782966432e-01,-1.811171722970036091e-01,-0.000000000000000000e+00,-0.000000000000000000e+00,-0.000000000000000000e+00
-0.000000000000000000e+00,-1.572970082745303588e-02,-0.000000000000000000e+00,-0.000000000000000000e+00,-0.000000000000000000e+00,-0.000000000000000000e+00,-0.000000000000000000e+00,0.000000000000000000e+00,-0.000000000000000000e+00,-0.000000000000000000e+00,-0.000000000000000000e+00,0.000000000000000000e+00,-4.772821036308604048e-02,-0.000000000000000000e+00,-0.000000000000000000e+00,-3.066374807809966324e-02,-2.987075694686615324e-02,-0.000000000000000000e+00,-0.000000000000000000e+00,0.000000000000000000e+00,0.000000000000000000e+00,0.000000000000000000e+00,-4.985869440341942488e-02,-0.000000000000000000e+00,-0.000000000000000000e+00,-5.297490395512229888e-01,-0.000000000000000000e+00,1.453839750345057302e+00,-9.596651746882579881e-02,-0.000000000000000000e+00,-2.259888501170823627e-01,-1.460117977171991772e-02,-0.000000000000000000e+00,-0.000000000000000000e+00,-0.000000000000000000e+00,-5.117849141553534875e-02,-0.000000000000000000e+00,-0.000000000000000000e+00,-0.000000000000000000e+00
-0.000000000000000000e+00,-0.000000000000000000e+00,0.000000000000000000e+00,0.000000000000000000e+00,-0.000000000000000000e+00,-0.000000000000000000e+00,0.000000000000000000e+00,0.000000000000000000e+00,0.000000000000000000e+00,0.000000000000000000e+00,-8.987318656170310838e-02,0.000000000000000000e+00,-0.000000000000000000e+00,-0.000000000000000000e+00,-0.000000000000000000e+00,0.000000000000000000e+00,-0.000000000000000000e+00,0.000000000000000000e+00,1.760134633921371650e-01,0.000000000000000000e+00,0.000000000000000000e+00,0.000000000000000000e+00,-2.764323141263787531e-01,-0.000000000000000000e+00,-2.054121492297648899e-01,-0.000000000000000000e+00,-3.025864658496995041e-01,-9.596651746882579881e-02,2.170846096357723187e+00,3.630803263362716166e-02,-0.000000000000000000e+00,-4.359239228670107602e-01,-0.000000000000000000e+00,8.721202464058222525e-02,-3.660684255539883303e-01,-3.921410538780953359e-01,-5.847648218747514282e-02,0.000000000000000000e+00,0.000000000000000000e+00
-0.000000000000000000e+00,-1.612041253064514790e-01,-0.000000000000000000e+00,-0.000000000000000000e+00,-0.000000000000000000e+00,-0.000000000000000000e+00,-0.000000000000000000e+00,0.000000000000000000e+00,-3.741859260072506466e-01,-2.819914184753091746e-01,0.000000000000000000e+00,-0.000000000000000000e+00,0.000000000000000000e+00,-0.000000000000000000e+00,0.000000000000000000e+00,-3.524085725269031077e-01,-2.556478259995143554e-01,-1.397377091766227944e-02,-2.453676120228556468e-01,-0.000000000000000000e+00,0.000000000000000000e+00,0.000000000000000000e+00,1.295246374963226858e-02,-0.000000000000000000e+00,1.217686140436705228e-01,-0.000000000000000000e+00,0.000000000000000000e+00,-0.000000000000000000e+00,3.630803263362716166e-02,2.094466248049710266e+00,-0.000000000000000000e+00,-0.000000000000000000e+00,0.000000000000000000e+00,-3.393966326662722355e-01,0.000000000000000000e+00,0.000000000000000000e+00,-0.000000000000000000e+00,-0.000000000000000000e+00,-1.375735324382952422e-02
-0.000000000000000000e+00,-0.000000000000000000e+00,0.000000000000000000e+00,0.000000000000000000e+00,-0.000000000000000000e+00,-0.000000000000000000e+00,0.000000000000000000e+00,0.000000000000000000e+00,-1.324906115089894976e-01,-0.000000000000000000e+00,-0.000000000000000000e+00,0.000000000000000000e+00,-6.941237914285207367e-02,-0.000000000000000000e+00,0.000000000000000000e+00,-0.000000000000000000e+00,-1.419609813265473863e-01,-0.000000000000000000e+00,-0.000000000000000000e+00,2.405596632644491431e-02,0.000000000000000000e+00,2.884059142400213077e-02,-0.000000000000000000e+00,-0.000000000000000000e+00,-0.000000000000000000e+00,-1.998679258426960814e-01,-2.256393223337606335e-01,-2.259888501170823627e-01,-0.000000000000000000e+00,-0.000000000000000000e+00,1.338492430652910903e+00,-0.000000000000000000e+00,0.000000000000000000e+00,-0.000000000000000000e+00,-0.000000000000000000e+00,-0.000000000000000000e+00,-0.000000000000000000e+00,-0.000000000000000000e+00,-0.000000000000000000e+00
-0.000000000000000000e+00,-0.000000000000000000e+00,-0.000000000000000000e+00,-0.000000000000000000e+00,-0.000000000000000000e+00,-0.000000000000000000e+00,0.000000000000000000e+00,0.000000000000000000e+00,-0.000000000000000000e+00,-0.000000000000000000e+00,-9.808568180046059459e-02,-0.000000000000000000e+00,-0.000000000000000000e+00,-3.878854018528331976e-02,-2.363832255557832447e-03,-9.891286236758478623e-02,-1.987277370007976135e-02,-0.000000000000000000e+00,-0.000000000000000000e+00,0.000000000000000000e+00,-0.000000000000000000e+00,-0.000000000000000000e+00,-2.762267213138697164e-02,-0.000000000000000000e+00,-5.450152206580059083e-02,-3.301981338007176636e-01,-1.756234324583720585e-01,-1.460117977171991772e-02,-4.359239228670107602e-01,-0.000000000000000000e+00,-0.000000000000000000e+00,1.816001306238996804e+00,-0.000000000000000000e+00,0.000000000000000000e+00,-0.000000000000000000e+00,-1.914781516602389808e-02,-3.404769482630025101e-01,-0.000000000000000000e+00,-0.000000000000000000e+00
-2.218315534742699158e-01,-0.000000000000000000e+00,-3.685672898972358613e-01,-0.000000000000000000e+00,-6.540052294554579149e-01,-0.000000000000000000e+00,-0.000000000000000000e+00,4.551926002228861567e-01,-0.000000000000000000e+00,-0.000000000000000000e+00,-0.000000000000000000e+00,0.000000000000000000e+00,0.000000000000000000e+00,-1.038040945103423929e-01,0.000000000000000000e+00,-0.000000000000000000e+00,-0.000000000000000000e+00,-0.000000000000000000e+00,-0.000000000000000000e+00,0.000000000000000000e+00,-8.023566598146848472e-01,-0.000000000000000000e+00,-5.874160079171924023e-03,-0.000000000000000000e+00,-1.264529529063850299e-01,-0.000000000000000000e+00,-0.000000000000000000e+00,-0.000000000000000000e+00,-0.000000000000000000e+00,0.000000000000000000e+00,0.000000000000000000e+00,-0.000000000000000000e+00,2.733303125450357474e+00,-0.000000000000000000e+00,-0.000000000000000000e+00,-1.336590381221948454e-01,-0.000000000000000000e+00,-4.208666670486987949e-02,-0.000000000000000000e+00
-0.000000000000000000e+00,-0.000000000000000000e+00,-0.000000000000000000e+00,-0.000000000000000000e+00,-3.749385557594662327e-02,-0.000000000000000000e+00,-0.000000000000000000e+00,0.000000000000000000e+00,-6.588431655981633606e-01,-0.000000000000000000e+00,0.000000000000000000e+00,-0.000000000000000000e+00,2.567105998774317221e-01,-1.351722595502381497e-01,0.000000000000000000e+00,-0.000000000000000000e+00,-0.000000000000000000e+00,-0.000000000000000000e+00,-2.492709705220623739e-01,1.080529600216339620e-01,-0.000000000000000000e+00,0.000000000000000000e+00,0.000000000000000000e+00,-0.000000000000000000e+00,0.000000000000000000e+00,-0.000000000000000000e+00,0.000000000000000000e+00,-0.000000000000000000e+00,8.721202464058222525e-02,-3.393966326662722355e-01,-0.000000000000000000e+00,0.000000000000000000e+00,-0.000000000000000000e+00,2.087695658214879124e+00,0.000000000000000000e+00,-0.000000000000000000e+00,-0.000000000000000000e+00,-3.563557981473425840e-01,-0.000000000000000000e+00
-3.716661990440682517e-02,-0.000000000000000000e+00,0.000000000000000000e+00,0.000000000000000000e+00,-0.000000000000000000e+00,-0.000000000000000000e+00,0.000000000000000000e+00,0.000000000000000000e+00,-0.000000000000000000e+00,0.000000000000000000e+00,-0.000000000000000000e+00,1.560960294659716474e-01,-0.000000000000000000e+00,-0.000000000000000000e+00,0.000000000000000000e+00,0.000000000000000000e+00,-0.000000000000000000e+00,0.000000000000000000e+00,0.000000000000000000e+00,0.000000000000000000e+00,0.000000000000000000e+00,0.000000000000000000e+00,-0.000000000000000000e+00,-0.000000000000000000e+00,-1.895644499847539376e-03,-0.000000000000000000e+00,-2.930786339782966432e-01,-0.000000000000000000e+00,-3.660684255539883303e-01,0.000000000000000000e+00,-0.000000000000000000e+00,-0.000000000000000000e+00,-0.000000000000000000e+00,0.000000000000000000e+00,1.655552975587356368e+00,-2.251677133299243572e-01,-3.814205613980922172e-01,-0.000000000000000000e+00,0.000000000000000000e+00
-3.810106472344791384e-01,-0.000000000000000000e+00,-0.000000000000000000e+00,-0.000000000000000000e+00,-0.000000000000000000e+00,-8.631537074306867841e-03,0.000000000000000000e+00,8.499308478607173201e-02,-0.000000000000000000e+00,-0.000000000000000000e+00,-0.000000000000000000e+00,4.877880351848168372e-02,-0.000000000000000000e+00,-1.407176712895780168e-01,0.000000000000000000e+00,-0.000000000000000000e+00,-0.000000000000000000e+00,-0.000000000000000000e+00,-0.000000000000000000e+00,8.050166246250364810e-02,-0.000000000000000000e+00,0.000000000000000000e+00,-2.416795313827649061e-01,-0.000000000000000000e+00,-2.932968998329153476e-01,-1.885802291893544369e-01,-1.811171722970036091e-01,-5.117849141553534875e-02,-3.921410538780953359e-01,0.000000000000000000e+00,-0.000000000000000000e+00,-1.914781516602389808e-02,-1.336590381221948454e-01,-0.000000000000000000e+00,-2.251677133299243572e-01,2.451156006013626598e+00,-3.622144150082809433e-01,-0.000000000000000000e+00,-0.000000000000000000e+00
-1.987119149854662536e-01,-1.395399788259095442e-01,-0.000000000000000000e+00,-0.000000000000000000e+00,-0.000000000000000000e+00,-0.000000000000000000e+00,-0.000000000000000000e+00,4.746908645969998182e-03,-0.000000000000000000e+00,-0.000000000000000000e+00,-0.000000000000000000e+00,0.000000000000000000e+00,0.000000000000000000e+00,-1.840747159130640964e-01,0.000000000000000000e+00,-0.000000000000000000e+00,-1.513718515621051974e-01,-1.457852239003068484e-02,-0.000000000000000000e+00,1.227640497227260874e-01,-0.000000000000000000e+00,0.000000000000000000e+00,-0.000000000000000000e+00,-2.115861656026639392e-02,-0.000000000000000000e+00,-0.000000000000000000e+00,-0.000000000000000000e+00,-0.000000000000000000e+00,-5.847648218747514282e-02,-0.000000000000000000e+00,-0.000000000000000000e+00,-3.404769482630025101e-01,-0.000000000000000000e+00,-0.000000000000000000e+00,-3.814205613980922172e-01,-3.622144150082809433e-01,1.913797740476442133e+00,-0.000000000000000000e+00,-0.000000000000000000e+00
-3.313124232338582331e-01,-0.000000000000000000e+00,-0.000000000000000000e+00,-0.000000000000000000e+00,-5.823914806643067932e-01,-0.000000000000000000e+00,-0.000000000000000000e+00,0.000000000000000000e+00,-2.602888570930039225e-01,-2.317207718501288760e-01,-0.000000000000000000e+00,-0.000000000000000000e+00,0.000000000000000000e+00,-2.696156686915995859e-01,0.000000000000000000e+00,-6.822512739110054847e-01,-0.000000000000000000e+00,-0.000000000000000000e+00,-0.000000000000000000e+00,0.000000000000000000e+00,-0.000000000000000000e+00,0.000000000000000000e+00,-0.000000000000000000e+00,-1.143109175333616445e-01,-0.000000000000000000e+00,-0.000000000000000000e+00,-0.000000000000000000e+00,-0.000000000000000000e+00,0.000000000000000000e+00,-0.000000000000000000e+00,-0.000000000000000000e+00,-0.000000000000000000e+00,-4.208666670486987949e-02,-3.563557981473425840e-01,-0.000000000000000000e+00,-0.000000000000000000e+00,-0.000000000000000000e+00,3.032278900743335281e+00,-3.954481639177410690e-01
-2.451526615411663834e-01,-6.886980592053563166e-01,-9.044037338690441574e-02,-0.000000000000000000e+00,-0.000000000000000000e+00,0.000000000000000000e+00,-0.000000000000000000e+00,0.000000000000000000e+00,-4.973582970951421767e-01,-8.824145643126019012e-02,-0.000000000000000000e+00,-0.000000000000000000e+00,0.000000000000000000e+00,-0.000000000000000000e+00,0.000000000000000000e+00,-0.000000000000000000e+00,-0.000000000000000000e+00,-3.833971035275594852e-02,-1.608612856004686398e-01,-0.000000000000000000e+00,-0.000000000000000000e+00,-0.000000000000000000e+00,0.000000000000000000e+00,-0.000000000000000000e+00,-0.000000000000000000e+00,-0.000000000000000000e+00,-0.000000000000000000e+00,-0.000000000000000000e+00,0.000000000000000000e+00,-1.375735324382952422e-02,-0.000000000000000000e+00,-0.000000000000000000e+00,-0.000000000000000000e+00,-0.000000000000000000e+00,0.000000000000000000e+00,-0.000000000000000000e+00,-0.000000000000000000e+00,-3.954481639177410690e-01,2.318003976962938140e+00
