1.661830691854479625e+00,-5.704057847817879390e-01,0.000000000000000000e+00,-0.000000000000000000e+00,0.000000000000000000e+00,0.000000000000000000e+00,-0.000000000000000000e+00,-0.000000000000000000e+00,-0.000000000000000000e+00,-0.000000000000000000e+00,-0.000000000000000000e+00,-0.000000000000000000e+00,-0.000000000000000000e+00,0.000000000000000000e+00,-1.398135486888006096e-01,-0.000000000000000000e+00,-0.000000000000000000e+00,1.487124247613793660e-03,0.000000000000000000e+00,-0.000000000000000000e+00,0.000000000000000000e+00,-0.000000000000000000e+00,-0.000000000000000000e+00,0.000000000000000000e+00,-0.000000000000000000e+00,-3.279876157906893575e-01,0.000000000000000000e+00,0.000000000000000000e+00,-0.000000000000000000e+00,-4.253357032282656935e-01,-0.000000000000000000e+00,0.000000000000000000e+00,0.000000000000000000e+00,0.000000000000000000e+00,0.000000000000000000e+00,-0.000000000000000000e+00,0.000000000000000000e+00,0.000000000000000000e+00,1.540846575980830135e-01
-5.704057847817879390e-01,1.510246397608195457e+00,0.000000000000000000e+00,-0.000000000000000000e+00,-0.000000000000000000e+00,-0.000000000000000000e+00,-3.111249116034898662e-02,-0.000000000000000000e+00,-4.870316310087936806e-02,-8.167827130538359015e-02,-0.000000000000000000e+00,-1.715656725182683195e-01,-0.000000000000000000e+00,0.000000000000000000e+00,-0.000000000000000000e+00,-0.000000000000000000e+00,0.000000000000000000e+00,0.000000000000000000e+00,-0.000000000000000000e+00,-0.000000000000000000e+00,-0.000000000000000000e+00,-0.000000000000000000e+00,-1.409245635501782390e-01,-0.000000000000000000e+00,-1.969152152127713051e-01,-0.000000000000000000e+00,-0.000000000000000000e+00,0.000000000000000000e+00,-0.000000000000000000e+00,-1.025657080844537133e-01,-0.000000000000000000e+00,-0.000000000000000000e+00,0.000000000000000000e+00,-0.000000000000000000e+00,0.000000000000000000e+00,-0.000000000000000000e+00,-0.000000000000000000e+00,6.690988459047669812e-02,-0.000000000000000000e+00
0.000000000000000000e+00,0.000000000000000000e+00,2.726214331896222642e+00,0.000000000000000000e+00,-3.724062101815769910e-01,0.000000000000000000e+00,0.000000000000000000e+00,1.734375480436293415e+00,-0.000000000000000000e+00,-0.000000000000000000e+00,6.317961380328981913e-02,0.000000000000000000e+00,0.000000000000000000e+00,-2.619751404073567685e-02,-0.000000000000000000e+00,-0.000000000000000000e+00,0.000000000000000000e+00,-0.000000000000000000e+00,-0.000000000000000000e+00,2.013516185474132844e-02,-2.644283085365906616e-01,0.000000000000000000e+00,-8.110273579698552490e-03,-0.000000000000000000e+00,-4.391599133210677408e-02,0.000000000000000000e+00,-0.000000000000000000e+00,-0.000000000000000000e+00,0.000000000000000000e+00,-0.000000000000000000e+00,-0.000000000000000000e+00,1.583094417436592752e-02,-1.575697126788482838e-01,-0.000000000000000000e+00,-0.000000000000000000e+00,-0.000000000000000000e+00,0.000000000000000000e+00,-0.000000000000000000e+00,0.000000000000000000e+00
-0.000000000000000000e+00,-0.000000000000000000e+00,0.000000000000000000e+00,1.825130315484645882e+00,0.000000000000000000e+00,0.000000000000000000e+00,0.000000000000000000e+00,-0.000000000000000000e+00,-0.000000000000000000e+00,0.000000000000000000e+00,0.000000000000000000e+00,-0.000000000000000000e+00,-3.718441370410619645e-02,1.292021732122973776e-01,0.000000000000000000e+00,0.000000000000000000e+00,2.022946871337153452e-01,-2.001316161612367098e-02,-1.332897532501850224e-01,0.000000000000000000e+00,0.000000000000000000e+00,-4.435179106410337170e-03,0.000000000000000000e+00,8.969771488687718064e-02,0.000000000000000000e+00,0.000000000000000000e+00,0.000000000000000000e+00,3.904353273566210092e-01,0.000000000000000000e+00,0.000000000000000000e+00,1.615410871193317388e-01,0.000000000000000000e+00,2.968974121147300305e-01,0.000000000000000000e+00,8.950183267273037480e-02,0.000000000000000000e+00,1.762592847782264438e-01,0.000000000000000000e+00,-0.000000000000000000e+00
0.000000000000000000e+00,-0.000000000000000000e+00,-3.724062101815769910e-01,0.000000000000000000e+00,1.694221615903508837e+00,3.811644069690249548e-02,-0.000000000000000000e+00,2.832435251144618249e-01,-2.981371646291230970e-01,-0.000000000000000000e+00,0.000000000000000000e+00,0.000000000000000000e+00,0.000000000000000000e+00,-5.435720882668849258e-02,-0.000000000000000000e+00,-0.000000000000000000e+00,0.000000000000000000e+00,-0.000000000000000000e+00,-0.000000000000000000e+00,0.000000000000000000e+00,-0.000000000000000000e+00,0.000000000000000000e+00,-0.000000000000000000e+00,-0.000000000000000000e+00,-1.695255498885716791e-02,-0.000000000000000000e+00,-0.000000000000000000e+00,-1.391469441848885991e-01,-0.000000000000000000e+00,-3.926224297861960477e-02,-0.000000000000000000e+00,0.000000000000000000e+00,-0.000000000000000000e+00,-4.451537967884433011e-01,0.000000000000000000e+00,-0.000000000000000000e+00,0.000000000000000000e+00,-1.076173207225930295e-01,-0.000000000000000000e+00
0.000000000000000000e+00,-0.000000000000000000e+00,0.000000000000000000e+00,0.000000000000000000e+00,3.811644069690249548e-02,1.645909765334048203e+00,-0.000000000000000000e+00,-0.000000000000000000e+00,2.461191947056554918e-01,-0.000000000000000000e+00,-5.209586125676095580e-01,-2.740115973361708854e-02,0.000000000000000000e+00,-0.000000000000000000e+00,0.000000000000000000e+00,-0.000000000000000000e+00,-0.000000000000000000e+00,-0.000000000000000000e+00,-0.000000000000000000e+00,-0.000000000000000000e+00,-0.000000000000000000e+00,-0.000000000000000000e+00,-0.000000000000000000e+00,-0.000000000000000000e+00,0.000000000000000000e+00,3.653782794377525081e-03,-0.000000000000000000e+00,0.000000000000000000e+00,-0.000000000000000000e+00,0.000000000000000000e+00,-0.000000000000000000e+00,-3.296742250568713284e-01,0.000000000000000000e+00,1.136304761185280045e-02,-7.411049139518094409e-02,-1.700676988311953519e-01,-0.000000000000000000e+00,2.102706353666289607e-01,-0.000000000000000000e+00
-0.000000000000000000e+00,-3.111249116034898662e-02,0.000000000000000000e+00,0.000000000000000000e+00,-0.000000000000000000e+00,-0.000000000000000000e+00,1.018841855509776684e+00,-0.000000000000000000e+00,-0.000000000000000000e+00,-0.000000000000000000e+00,-8.806813234470758922e-02,0.000000000000000000e+00,0.000000000000000000e+00,-0.000000000000000000e+00,0.000000000000000000e+00,-0.000000000000000000e+00,-0.000000000000000000e+00,-0.000000000000000000e+00,-0.000000000000000000e+00,-1.993320342724766783e-03,-0.000000000000000000e+00,0.000000000000000000e+00,-0.000000000000000000e+00,-0.000000000000000000e+00,-0.000000000000000000e+00,-0.000000000000000000e+00,-1.593874534844792268e-03,-0.000000000000000000e+00,-0.000000000000000000e+00,-0.000000000000000000e+00,-0.000000000000000000e+00,-0.000000000000000000e+00,0.000000000000000000e+00,-0.000000000000000000e+00,-0.000000000000000000e+00,-0.000000000000000000e+00,-0.000000000000000000e+00,-0.000000000000000000e+00,-9.394068189713485062e-02
-0.000000000000000000e+00,-0.000000000000000000e+00,1.734375480436293415e+00,-0.000000000000000000e+00,2.832435251144618249e-01,-0.000000000000000000e+00,-0.000000000000000000e+00,2.759930980592733896e+00,0.000000000000000000e+00,-0.000000000000000000e+00,-1.741898568239540201e-02,-0.000000000000000000e+00,-0.000000000000000000e+00,2.233925036859104596e-01,0.000000000000000000e+00,0.000000000000000000e+00,-0.000000000000000000e+00,0.000000000000000000e+00,-0.000000000000000000e+00,-2.082466103615776276e-01,2.727709945611420106e-01,-0.000000000000000000e+00,0.000000000000000000e+00,0.000000000000000000e+00,0.000000000000000000e+00,-0.000000000000000000e+00,0.000000000000000000e+00,0.000000000000000000e+00,-3.657776333741857150e-02,0.000000000000000000e+00,0.000000000000000000e+00,-1.002691676271571658e-01,1.351152908117749518e-01,0.000000000000000000e+00,0.000000000000000000e+00,0.000000000000000000e+00,-0.000000000000000000e+00,0.000000000000000000e+00,-0.000000000000000000e+00
-0.000000000000000000e+00,-4.870316310087936806e-02,-0.000000000000000000e+00,-0.000000000000000000e+00,-2.981371646291230970e-01,2.461191947056554918e-01,-0.000000000000000000e+00,0.000000000000000000e+00,1.533568441027625129e+00,-0.000000000000000000e+00,0.000000000000000000e+00,-0.000000000000000000e+00,-0.000000000000000000e+00,0.000000000000000000e+00,-0.000000000000000000e+00,-0.000000000000000000e+00,7.920154424952641214e-02,-0.000000000000000000e+00,-4.746343168941459800e-01,0.000000000000000000e+00,2.784022540391673656e-02,-0.000000000000000000e+00,-0.000000000000000000e+00,0.000000000000000000e+00,-1.558983208814017363e-01,-0.000000000000000000e+00,-0.000000000000000000e+00,0.000000000000000000e+00,-0.000000000000000000e+00,-0.000000000000000000e+00,0.000000000000000000e+00,0.000000000000000000e+00,0.000000000000000000e+00,-2.502805717879110770e-01,0.000000000000000000e+00,0.000000000000000000e+00,0.000000000000000000e+00,-1.602685190922696901e-01,-1.258203265723420727e-01
-0.000000000000000000e+00,-8.167827130538359015e-02,-0.000000000000000000e+00,0.000000000000000000e+00,-0.000000000000000000e+00,-0.000000000000000000e+00,-0.000000000000000000e+00,-0.000000000000000000e+00,-0.000000000000000000e+00,2.516751535957674424e+00,-0.000000000000000000e+00,-0.000000000000000000e+00,0.000000000000000000e+00,-0.000000000000000000e+00,-0.000000000000000000e+00,-7.920067465234088555e-01,-0.000000000000000000e+00,0.000000000000000000e+00,-0.000000000000000000e+00,-1.208372855915221256e-02,-0.000000000000000000e+00,-0.000000000000000000e+00,-0.000000000000000000e+00,-0.000000000000000000e+00,-1.890411754943738531e-01,-2.304350964401507273e-01,-1.497647533003996778e-01,-9.440324382781647983e-02,-6.537833047822944055e-01,-4.992701066288431355e-01,-0.000000000000000000e+00,-0.000000000000000000e+00,-0.000000000000000000e+00,-0.000000000000000000e+00,-0.000000000000000000e+00,-0.000000000000000000e+00,-0.000000000000000000e+00,0.000000000000000000e+00,0.000000000000000000e+00
-0.000000000000000000e+00,-0.000000000000000000e+00,6.317961380328981913e-02,0.000000000000000000e+00,0.000000000000000000e+00,-5.209586125676095580e-01,-8.806813234470758922e-02,-1.741898568239540201e-02,0.000000000000000000e+00,-0.000000000000000000e+00,2.363236822350662347e+00,-1.854887127495538079e-01,0.000000000000000000e+00,-0.000000000000000000e+00,0.000000000000000000e+00,-0.000000000000000000e+00,-1.168672368696768160e-01,0.000000000000000000e+00,0.000000000000000000e+00,-0.000000000000000000e+00,0.000000000000000000e+00,0.000000000000000000e+00,-0.000000000000000000e+00,-0.000000000000000000e+00,0.000000000000000000e+00,0.000000000000000000e+00,-0.000000000000000000e+00,0.000000000000000000e+00,-1.557352478425694242e-01,-0.000000000000000000e+00,-0.000000000000000000e+00,-1.158881627224712663e+00,0.000000000000000000e+00,0.000000000000000000e+00,-1.345943153181732299e-01,-1.665053445695314008e-02,-3.294037994786784551e-02,0.000000000000000000e+00,-0.000000000000000000e+00
-0.000000000000000000e+00,-1.715656725182683195e-01,0.000000000000000000e+00,-0.000000000000000000e+00,0.000000000000000000e+00,-2.740115973361708854e-02,0.000000000000000000e+00,-0.000000000000000000e+00,-0.000000000000000000e+00,-0.000000000000000000e+00,-1.854887127495538079e-01,1.146431963863765890e+00,-0.000000000000000000e+00,0.000000000000000000e+00,-0.000000000000000000e+00,-7.208584380222406163e-02,-0.000000000000000000e+00,-0.000000000000000000e+00,-0.000000000000000000e+00,-0.000000000000000000e+00,0.000000000000000000e+00,-0.000000000000000000e+00,-4.066184412361643213e-02,0.000000000000000000e+00,-0.000000000000000000e+00,0.000000000000000000e+00,-0.000000000000000000e+00,0.000000000000000000e+00,-0.000000000000000000e+00,-0.000000000000000000e+00,-0.000000000000000000e+00,-1.014304847035318591e-01,9.454300057515688509e-05,-0.000000000000000000e+00,-0.000000000000000000e+00,-0.000000000000000000e+00,-0.000000000000000000e+00,1.100722930642460823e-02,-0.000000000000000000e+00
-0.000000000000000000e+00,-0.000000000000000000e+00,0.000000000000000000e+00,-3.718441370410619645e-02,0.000000000000000000e+00,0.000000000000000000e+00,0.000000000000000000e+00,-0.000000000000000000e+00,-0.000000000000000000e+00,0.000000000000000000e+00,0.000000000000000000e+00,-0.000000000000000000e+00,2.236061945183695610e+00,4.295184872460915820e-02,0.000000000000000000e+00,0.000000000000000000e+00,1.366022860483501467e-01,-0.000000000000000000e+00,-3.400046994492554320e-01,0.000000000000000000e+00,2.991054030845371470e-01,-0.000000000000000000e+00,0.000000000000000000e+00,0.000000000000000000e+00,0.000000000000000000e+00,0.000000000000000000e+00,0.000000000000000000e+00,2.389442446432416545e-01,0.000000000000000000e+00,0.000000000000000000e+00,8.363551758795776392e-01,0.000000000000000000e+00,9.533915504230724980e-02,0.000000000000000000e+00,0.000000000000000000e+00,7.118635810107407091e-02,1.289028536712240325e-01,-0.000000000000000000e+00,-0.000000000000000000e+00
0.000000000000000000e+00,0.000000000000000000e+00,-2.619751404073567685e-02,1.292021732122973776e-01,-5.435720882668849258e-02,-0.000000000000000000e+00,-0.000000000000000000e+00,2.233925036859104596e-01,0.000000000000000000e+00,-0.000000000000000000e+00,-0.000000000000000000e+00,0.000000000000000000e+00,4.295184872460915820e-02,1.789060793813199934e+00,0.000000000000000000e+00,-0.000000000000000000e+00,-7.995515049260432106e-02,-0.000000000000000000e+00,0.000000000000000000e+00,0.000000000000000000e+00,-2.738626469300331490e-02,4.609776284213015080e-02,-0.000000000000000000e+00,-5.483611505976546674e-01,-0.000000000000000000e+00,0.000000000000000000e+00,-0.000000000000000000e+00,-2.991318898028971426e-02,-0.000000000000000000e+00,-5.642087493160622552e-02,-2.052922700672699385e-01,-0.000000000000000000e+00,-1.849482235995493495e-01,-0.000000000000000000e+00,-0.000000000000000000e+00,-2.414798981101064224e-01,-0.000000000000000000e+00,0.000000000000000000e+00,0.000000000000000000e+00
-1.398135486888006096e-01,-0.000000000000000000e+00,-0.000000000000000000e+00,0.000000000000000000e+00,-0.000000000000000000e+00,0.000000000000000000e+00,0.000000000000000000e+00,0.000000000000000000e+00,-0.000000000000000000e+00,-0.000000000000000000e+00,0.000000000000000000e+00,-0.000000000000000000e+00,0.000000000000000000e+00,0.000000000000000000e+00,1.090490467772600391e+00,-0.000000000000000000e+00,-0.000000000000000000e+00,1.727174944810817570e-01,0.000000000000000000e+00,0.000000000000000000e+00,-0.000000000000000000e+00,0.000000000000000000e+00,-0.000000000000000000e+00,0.000000000000000000e+00,-0.000000000000000000e+00,-1.313985348241823725e-01,-0.000000000000000000e+00,-0.000000000000000000e+00,-0.000000000000000000e+00,-0.000000000000000000e+00,-0.000000000000000000e+00,0.000000000000000000e+00,-0.000000000000000000e+00,-5.066956651773859427e-02,-0.000000000000000000e+00,-0.000000000000000000e+00,-0.000000000000000000e+00,0.000000000000000000e+00,0.000000000000000000e+00
-0.000000000000000000e+00,-0.000000000000000000e+00,-0.000000000000000000e+00,0.000000000000000000e+00,-0.000000000000000000e+00,-0.000000000000000000e+00,-0.000000000000000000e+00,0.000000000000000000e+00,-0.000000000000000000e+00,-7.920067465234088555e-01,-0.000000000000000000e+00,-7.208584380222406163e-02,0.000000000000000000e+00,-0.000000000000000000e+00,-0.000000000000000000e+00,1.886322063267285243e+00,-5.323093370953283637e-02,-0.000000000000000000e+00,-0.000000000000000000e+00,-2.400176779446337727e-02,-0.000000000000000000e+00,0.000000000000000000e+00,-1.890499522243544173e-01,-0.000000000000000000e+00,-0.000000000000000000e+00,-5.278444335385307391e-03,-0.000000000000000000e+00,-1.436501067526788078e-02,-9.419455184402607956e-03,-1.655957898970435715e-01,-1.185607390592290783e-01,-0.000000000000000000e+00,-0.000000000000000000e+00,-0.000000000000000000e+00,-2.617523680808148678e-01,-1.309354193495968488e-01,-0.000000000000000000e+00,0.000000000000000000e+00,0.000000000000000000e+00
-0.000000000000000000e+00,0.000000000000000000e+00,0.000000000000000000e+00,2.022946871337153452e-01,0.000000000000000000e+00,-0.000000000000000000e+00,-0.000000000000000000e+00,-0.000000000000000000e+00,7.920154424952641214e-02,-0.000000000000000000e+00,-1.168672368696768160e-01,-0.000000000000000000e+00,1.366022860483501467e-01,-7.995515049260432106e-02,-0.000000000000000000e+00,-5.323093370953283637e-02,2.137805253008458362e+00,0.000000000000000000e+00,1.120216710153539436e-01,-0.000000000000000000e+00,-0.000000000000000000e+00,0.000000000000000000e+00,0.000000000000000000e+00,-0.000000000000000000e+00,-0.000000000000000000e+00,-2.880317168955131013e-01,-0.000000000000000000e+00,-1.904328005169513560e-01,-2.366181238781527862e-01,-0.000000000000000000e+00,-2.882778089352314166e-01,-1.181130438260792476e-01,-0.000000000000000000e+00,-0.000000000000000000e+00,-4.536333291285942620e-02,-1.282779634075739347e-02,-3.638566088944981680e-01,0.000000000000000000e+00,0.000000000000000000e+00
1.487124247613793660e-03,0.000000000000000000e+00,-0.000000000000000000e+00,-2.001316161612367098e-02,-0.000000000000000000e+00,-0.000000000000000000e+00,-0.000000000000000000e+00,0.000000000000000000e+00,-0.000000000000000000e+00,0.000000000000000000e+00,0.000000000000000000e+00,-0.000000000000000000e+00,-0.000000000000000000e+00,-0.000000000000000000e+00,1.727174944810817570e-01,-0.000000000000000000e+00,0.000000000000000000e+00,1.237811985854440078e+00,-4.871898568987697575e-01,-0.000000000000000000e+00,0.000000000000000000e+00,-0.000000000000000000e+00,0.000000000000000000e+00,0.000000000000000000e+00,0.000000000000000000e+00,0.000000000000000000e+00,0.000000000000000000e+00,0.000000000000000000e+00,0.000000000000000000e+00,0.000000000000000000e+00,0.000000000000000000e+00,0.000000000000000000e+00,0.000000000000000000e+00,7.585829841919656050e-03,0.000000000000000000e+00,0.000000000000000000e+00,0.000000000000000000e+00,-0.000000000000000000e+00,-0.000000000000000000e+00
0.000000000000000000e+00,-0.000000000000000000e+00,-0.000000000000000000e+00,-1.332897532501850224e-01,-0.000000000000000000e+00,-0.000000000000000000e+00,-0.000000000000000000e+00,-0.000000000000000000e+00,-4.746343168941459800e-01,-0.000000000000000000e+00,0.000000000000000000e+00,-0.000000000000000000e+00,-3.400046994492554320e-01,0.000000000000000000e+00,0.000000000000000000e+00,-0.000000000000000000e+00,1.120216710153539436e-01,-4.871898568987697575e-01,1.761094045120681795e+00,0.000000000000000000e+00,0.000000000000000000e+00,-0.000000000000000000e+00,-0.000000000000000000e+00,0.000000000000000000e+00,0.000000000000000000e+00,0.000000000000000000e+00,-0.000000000000000000e+00,0.000000000000000000e+00,-0.000000000000000000e+00,0.000000000000000000e+00,0.000000000000000000e+00,-0.000000000000000000e+00,2.554783967849422188e-01,0.000000000000000000e+00,0.000000000000000000e+00,7.465792383083570682e-02,0.000000000000000000e+00,-0.000000000000000000e+00,-1.723813323155058697e-01
-0.000000000000000000e+00,-0.000000000000000000e+00,2.013516185474132844e-02,0.000000000000000000e+00,0.000000000000000000e+00,-0.000000000000000000e+00,-1.993320342724766783e-03,-2.082466103615776276e-01,0.000000000000000000e+00,-1.208372855915221256e-02,-0.000000000000000000e+00,-0.000000000000000000e+00,0.000000000000000000e+00,0.000000000000000000e+00,0.000000000000000000e+00,-2.400176779446337727e-02,-0.000000000000000000e+00,-0.000000000000000000e+00,0.000000000000000000e+00,1.138907337542431897e+00,0.000000000000000000e+00,-6.248651720177859220e-02,0.000000000000000000e+00,0.000000000000000000e+00,-0.000000000000000000e+00,-2.028300735147509914e-01,-0.000000000000000000e+00,-0.000000000000000000e+00,-1.633178445379854238e-01,-0.000000000000000000e+00,-0.000000000000000000e+00,-0.000000000000000000e+00,0.000000000000000000e+00,0.000000000000000000e+00,-0.000000000000000000e+00,-0.000000000000000000e+00,-4.435162740768404388e-02,-0.000000000000000000e+00,-0.000000000000000000e+00
0.000000000000000000e+00,-0.000000000000000000e+00,-2.644283085365906616e-01,0.000000000000000000e+00,-0.000000000000000000e+00,-0.000000000000000000e+00,-0.000000000000000000e+00,2.727709945611420106e-01,2.784022540391673656e-02,-0.000000000000000000e+00,0.000000000000000000e+00,0.000000000000000000e+00,2.991054030845371470e-01,-2.738626469300331490e-02,-0.000000000000000000e+00,-0.000000000000000000e+00,-0.000000000000000000e+00,0.000000000000000000e+00,0.000000000000000000e+00,0.000000000000000000e+00,1.794998565007827507e+00,0.000000000000000000e+00,-0.000000000000000000e+00,-1.686727556940734868e-02,-0.000000000000000000e+00,0.000000000000000000e+00,-0.000000000000000000e+00,-0.000000000000000000e+00,0.000000000000000000e+00,-4.135424945594076696e-02,-3.146623479012632951e-01,0.000000000000000000e+00,-3.985049115258312846e-01,0.000000000000000000e+00,-0.000000000000000000e+00,-0.000000000000000000e+00,-0.000000000000000000e+00,2.607694571519582685e-02,0.000000000000000000e+00
-0.000000000000000000e+00,-0.000000000000000000e+00,0.000000000000000000e+00,-4.435179106410337170e-03,0.000000000000000000e+00,-0.000000000000000000e+00,0.000000000000000000e+00,-0.000000000000000000e+00,-0.000000000000000000e+00,-0.000000000000000000e+00,0.000000000000000000e+00,-0.000000000000000000e+00,-0.000000000000000000e+00,4.609776284213015080e-02,0.000000000000000000e+00,0.000000000000000000e+00,0.000000000000000000e+00,-0.000000000000000000e+00,-0.000000000000000000e+00,-6.248651720177859220e-02,0.000000000000000000e+00,1.006966776510787032e+00,0.000000000000000000e+00,1.676961254734755935e-02,0.000000000000000000e+00,-0.000000000000000000e+00,-0.000000000000000000e+00,0.000000000000000000e+00,-0.000000000000000000e+00,-0.000000000000000000e+00,0.000000000000000000e+00,-0.000000000000000000e+00,0.000000000000000000e+00,0.000000000000000000e+00,0.000000000000000000e+00,0.000000000000000000e+00,0.000000000000000000e+00,-0.000000000000000000e+00,-0.000000000000000000e+00
-0.000000000000000000e+00,-1.409245635501782390e-01,-8.110273579698552490e-03,0.000000000000000000e+00,-0.000000000000000000e+00,-0.000000000000000000e+00,-0.000000000000000000e+00,0.000000000000000000e+00,-0.000000000000000000e+00,-0.000000000000000000e+00,-0.000000000000000000e+00,-4.066184412361643213e-02,0.000000000000000000e+00,-0.000000000000000000e+00,-0.000000000000000000e+00,-1.890499522243544173e-01,0.000000000000000000e+00,0.000000000000000000e+00,-0.000000000000000000e+00,0.000000000000000000e+00,-0.000000000000000000e+00,0.000000000000000000e+00,1.256435555769128021e+00,-1.217275189854475220e-01,-3.149663035176553105e-01,2.319829085535237215e-02,-0.000000000000000000e+00,0.000000000000000000e+00,0.000000000000000000e+00,-0.000000000000000000e+00,-0.000000000000000000e+00,-0.000000000000000000e+00,-0.000000000000000000e+00,-0.000000000000000000e+00,-4.525673779879307163e-02,-1.075310154291852886e-02,-0.000000000000000000e+00,8.314083819122750074e-02,-0.000000000000000000e+00
0.000000000000000000e+00,-0.000000000000000000e+00,-0.000000000000000000e+00,8.969771488687718064e-02,-0.000000000000000000e+00,-0.000000000000000000e+00,-0.000000000000000000e+00,0.000000000000000000e+00,0.000000000000000000e+00,-0.000000000000000000e+00,-0.000000000000000000e+00,0.000000000000000000e+00,0.000000000000000000e+00,-5.483611505976546674e-01,0.000000000000000000e+00,-0.000000000000000000e+00,-0.000000000000000000e+00,0.000000000000000000e+00,0.000000000000000000e+00,0.000000000000000000e+00,-1.686727556940734868e-02,1.676961254734755935e-02,-1.217275189854475220e-01,1.385161508741896030e+00,-0.000000000000000000e+00,0.000000000000000000e+00,-0.000000000000000000e+00,-0.000000000000000000e+00,0.000000000000000000e+00,-0.000000000000000000e+00,-0.000000000000000000e+00,-0.000000000000000000e+00,-1.573075581940765466e-01,-0.000000000000000000e+00,-0.000000000000000000e+00,-0.000000000000000000e+00,-0.000000000000000000e+00,0.000000000000000000e+00,-0.000000000000000000e+00
-0.000000000000000000e+00,-1.969152152127713051e-01,-4.391599133210677408e-02,0.000000000000000000e+00,-1.695255498885716791e-02,0.000000000000000000e+00,-0.000000000000000000e+00,0.000000000000000000e+00,-1.558983208814017363e-01,-1.890411754943738531e-01,0.000000000000000000e+00,-0.000000000000000000e+00,0.000000000000000000e+00,-0.000000000000000000e+00,-0.000000000000000000e+00,-0.000000000000000000e+00,-0.000000000000000000e+00,0.000000000000000000e+00,0.000000000000000000e+00,-0.000000000000000000e+00,-0.000000000000000000e+00,0.000000000000000000e+00,-3.149663035176553105e-01,-0.000000000000000000e+00,1.710226357830281430e+00,-0.000000000000000000e+00,-1.745614238173947286e-01,-1.062291355782209699e-02,-0.000000000000000000e+00,-3.716303719661374627e-01,-0.000000000000000000e+00,0.000000000000000000e+00,-5.168605434882062727e-02,-3.245391360625936583e-01,-0.000000000000000000e+00,0.000000000000000000e+00,-0.000000000000000000e+00,0.000000000000000000e+00,-0.000000000000000000e+00
-3.279876157906893575e-01,-0.000000000000000000e+00,0.000000000000000000e+00,0.000000000000000000e+00,-0.000000000000000000e+00,3.653782794377525081e-03,-0.000000000000000000e+00,-0.000000000000000000e+00,-0.000000000000000000e+00,-2.304350964401507273e-01,0.000000000000000000e+00,0.000000000000000000e+00,0.000000000000000000e+00,0.000000000000000000e+00,-1.313985348241823725e-01,-5.278444335385307391e-03,-2.880317168955131013e-01,0.000000000000000000e+00,0.000000000000000000e+00,-2.028300735147509914e-01,0.000000000000000000e+00,-0.000000000000000000e+00,2.319829085535237215e-02,0.000000000000000000e+00,-0.000000000000000000e+00,1.700546916463955727e+00,-0.000000000000000000e+00,-3.106813939975023309e-01,-2.233884822647877189e-01,-0.000000000000000000e+00,-0.000000000000000000e+00,0.000000000000000000e+00,-0.000000000000000000e+00,-0.000000000000000000e+00,-0.000000000000000000e+00,-0.000000000000000000e+00,-0.000000000000000000e+00,-7.523520500637388697e-02,0.000000000000000000e+00
0.000000000000000000e+00,-0.000000000000000000e+00,-0.000000000000000000e+00,0.000000000000000000e+00,-0.000000000000000000e+00,-0.000000000000000000e+00,-1.593874534844792268e-03,0.000000000000000000e+00,-0.000000000000000000e+00,-1.497647533003996778e-01,-0.000000000000000000e+00,-0.000000000000000000e+00,0.000000000000000000e+00,-0.000000000000000000e+00,-0.000000000000000000e+00,-0.000000000000000000e+00,-0.000000000000000000e+00,0.000000000000000000e+00,-0.000000000000000000e+00,-0.000000000000000000e+00,-0.000000000000000000e+00,-0.000000000000000000e+00,-0.000000000000000000e+00,-0.000000000000000000e+00,-1.745614238173947286e-01,-0.000000000000000000e+00,2.166209471432555933e+00,-1.750436029764668722e-01,-3.980761027411228725e-01,-0.000000000000000000e+00,-9.658407355645480530e-02,-1.722830831446277022e-01,-0.000000000000000000e+00,-3.342054742209413232e-01,-6.647703018656220264e-02,-0.000000000000000000e+00,-6.394274416956651219e-01,-0.000000000000000000e+00,-2.464267579195398850e-01
0.000000000000000000e+00,0.000000000000000000e+00,-0.000000000000000000e+00,3.904353273566210092e-01,-1.391469441848885991e-01,0.000000000000000000e+00,-0.000000000000000000e+00,0.000000000000000000e+00,0.000000000000000000e+00,-9.440324382781647983e-02,0.000000000000000000e+00,0.000000000000000000e+00,2.389442446432416545e-01,-2.991318898028971426e-02,-0.000000000000000000e+00,-1.436501067526788078e-02,-1.904328005169513560e-01,0.000000000000000000e+00,0.000000000000000000e+00,-0.000000000000000000e+00,-0.000000000000000000e+00,0.000000000000000000e+00,0.000000000000000000e+00,-0.000000000000000000e+00,-1.062291355782209699e-02,-3.106813939975023309e-01,-1.750436029764668722e-01,2.175200285434641501e+00,-0.000000000000000000e+00,-6.258250013895427788e-02,-2.630213965456181247e-01,0.000000000000000000e+00,-4.003636640189771612e-01,-0.000000000000000000e+00,-0.000000000000000000e+00,-0.000000000000000000e+00,-0.000000000000000000e+00,-0.000000000000000000e+00,0.000000000000000000e+00
-0.000000000000000000e+00,-0.000000000000000000e+00,0.000000000000000000e+00,0.000000000000000000e+00,-0.000000000000000000e+00,-0.000000000000000000e+00,-0.000000000000000000e+00,-3.657776333741857150e-02,-0.000000000000000000e+00,-6.537833047822944055e-01,-1.557352478425694242e-01,-0.000000000000000000e+00,0.000000000000000000e+00,-0.000000000000000000e+00,-0.000000000000000000e+00,-9.419455184402607956e-03,-2.366181238781527862e-01,0.000000000000000000e+00,-0.000000000000000000e+00,-1.633178445379854238e-01,0.000000000000000000e+00,-0.000000000000000000e+00,0.000000000000000000e+00,0.000000000000000000e+00,-0.000000000000000000e+00,-2.233884822647877189e-01,-3.980761027411228725e-01,-0.000000000000000000e+00,2.111519065538064233e+00,-2.247966753156615399e-02,-0.000000000000000000e+00,-1.724835803677245427e-01,0.000000000000000000e+00,-0.000000000000000000e+00,-0.000000000000000000e+00,-0.000000000000000000e+00,-1.418469867690459740e-01,0.000000000000000000e+00,-0.000000000000000000e+00
-4.253357032282656935e-01,-1.025657080844537133e-01,-0.000000000000000000e+00,0.000000000000000000e+00,-3.926224297861960477e-02,0.000000000000000000e+00,-0.000000000000000000e+00,0.000000000000000000e+00,-0.000000000000000000e+00,-4.992701066288431355e-01,-0.000000000000000000e+00,-0.000000000000000000e+00,0.000000000000000000e+00,-5.642087493160622552e-02,-0.000000000000000000e+00,-1.655957898970435715e-01,-0.000000000000000000e+00,0.000000000000000000e+00,0.000000000000000000e+00,-0.000000000000000000e+00,-4.135424945594076696e-02,-0.000000000000000000e+00,-0.000000000000000000e+00,-0.000000000000000000e+00,-3.716303719661374627e-01,-0.000000000000000000e+00,-0.000000000000000000e+00,-6.258250013895427788e-02,-2.247966753156615399e-02,1.866595238904787957e+00,-5.205352165287636251e-02,0.000000000000000000e+00,-0.000000000000000000e+00,-0.000000000000000000e+00,-0.000000000000000000e+00,-1.107705791856825224e-02,-0.000000000000000000e+00,0.000000000000000000e+00,0.000000000000000000e+00
-0.000000000000000000e+00,-0.000000000000000000e+00,-0.000000000000000000e+00,1.615410871193317388e-01,-0.000000000000000000e+00,-0.000000000000000000e+00,-0.000000000000000000e+00,0.000000000000000000e+00,0.000000000000000000e+00,-0.000000000000000000e+00,-0.000000000000000000e+00,-0.000000000000000000e+00,8.363551758795776392e-01,-2.052922700672699385e-01,-0.000000000000000000e+00,-1.185607390592290783e-01,-2.882778089352314166e-01,0.000000000000000000e+00,0.000000000000000000e+00,-0.000000000000000000e+00,-3.146623479012632951e-01,0.000000000000000000e+00,-0.000000000000000000e+00,-0.000000000000000000e+00,-0.000000000000000000e+00,-0.000000000000000000e+00,-9.658407355645480530e-02,-2.630213965456181247e-01,-0.000000000000000000e+00,-5.205352165287636251e-02,2.774239648432206717e+00,-0.000000000000000000e+00,-3.034677252364162067e-02,-0.000000000000000000e+00,-2.685307702410089647e-01,-1.566155694238804408e-01,-3.598038662907420138e-01,0.000000000000000000e+00,0.000000000000000000e+00
0.000000000000000000e+00,-0.000000000000000000e+00,1.583094417436592752e-02,0.000000000000000000e+00,0.000000000000000000e+00,-3.296742250568713284e-01,-0.000000000000000000e+00,-1.002691676271571658e-01,0.000000000000000000e+00,-0.000000000000000000e+00,-1.158881627224712663e+00,-1.014304847035318591e-01,0.000000000000000000e+00,-0.000000000000000000e+00,0.000000000000000000e+00,-0.000000000000000000e+00,-1.181130438260792476e-01,0.000000000000000000e+00,-0.000000000000000000e+00,-0.000000000000000000e+00,0.000000000000000000e+00,-0.000000000000000000e+00,-0.000000000000000000e+00,-0.000000000000000000e+00,0.000000000000000000e+00,0.000000000000000000e+00,-1.722830831446277022e-01,0.000000000000000000e+00,-1.724835803677245427e-01,0.000000000000000000e+00,-0.000000000000000000e+00,2.489195409173210916e+00,0.000000000000000000e+00,0.000000000000000000e+00,-2.632275586041185056e-01,-0.000000000000000000e+00,-2.637191913670932641e-01,0.000000000000000000e+00,-2.926296466057425744e-02
0.000000000000000000e+00,0.000000000000000000e+00,-1.575697126788482838e-01,2.968974121147300305e-01,-0.000000000000000000e+00,0.000000000000000000e+00,0.000000000000000000e+00,1.351152908117749518e-01,0.000000000000000000e+00,-0.000000000000000000e+00,0.000000000000000000e+00,9.454300057515688509e-05,9.533915504230724980e-02,-1.849482235995493495e-01,-0.000000000000000000e+00,-0.000000000000000000e+00,-0.000000000000000000e+00,0.000000000000000000e+00,2.554783967849422188e-01,0.000000000000000000e+00,-3.985049115258312846e-01,0.000000000000000000e+00,-0.000000000000000000e+00,-1.573075581940765466e-01,-5.168605434882062727e-02,-0.000000000000000000e+00,-0.000000000000000000e+00,-4.003636640189771612e-01,0.000000000000000000e+00,-0.000000000000000000e+00,-3.034677252364162067e-02,0.000000000000000000e+00,2.017325346331190428e+00,-0.000000000000000000e+00,-0.000000000000000000e+00,-0.000000000000000000e+00,-0.000000000000000000e+00,-0.000000000000000000e+00,0.000000000000000000e+00
0.000000000000000000e+00,-0.000000000000000000e+00,-0.000000000000000000e+00,0.000000000000000000e+00,-4.451537967884433011e-01,1.136304761185280045e-02,-0.000000000000000000e+00,0.000000000000000000e+00,-2.502805717879110770e-01,-0.000000000000000000e+00,0.000000000000000000e+00,-0.000000000000000000e+00,0.000000000000000000e+00,-0.000000000000000000e+00,-5.066956651773859427e-02,-0.000000000000000000e+00,-0.000000000000000000e+00,7.585829841919656050e-03,0.000000000000000000e+00,0.000000000000000000e+00,0.000000000000000000e+00,0.000000000000000000e+00,-0.000000000000000000e+00,-0.000000000000000000e+00,-3.245391360625936583e-01,-0.000000000000000000e+00,-3.342054742209413232e-01,-0.000000000000000000e+00,-0.000000000000000000e+00,-0.000000000000000000e+00,-0.000000000000000000e+00,0.000000000000000000e+00,-0.000000000000000000e+00,1.562382544963281106e+00,-0.000000000000000000e+00,-0.000000000000000000e+00,-0.000000000000000000e+00,-7.918811539515718811e-02,-1.749696972642877241e-02
0.000000000000000000e+00,0.000000000000000000e+00,-0.000000000000000000e+00,8.950183267273037480e-02,0.000000000000000000e+00,-7.411049139518094409e-02,-0.000000000000000000e+00,0.000000000000000000e+00,0.000000000000000000e+00,-0.000000000000000000e+00,-1.345943153181732299e-01,-0.000000000000000000e+00,0.000000000000000000e+00,-0.000000000000000000e+00,-0.000000000000000000e+00,-2.617523680808148678e-01,-4.536333291285942620e-02,0.000000000000000000e+00,0.000000000000000000e+00,-0.000000000000000000e+00,-0.000000000000000000e+00,0.000000000000000000e+00,-4.525673779879307163e-02,-0.000000000000000000e+00,-0.000000000000000000e+00,-0.000000000000000000e+00,-6.647703018656220264e-02,-0.000000000000000000e+00,-0.000000000000000000e+00,-0.000000000000000000e+00,-2.685307702410089647e-01,-2.632275586041185056e-01,-0.000000000000000000e+00,-0.000000000000000000e+00,1.643973161994239485e+00,-9.478012178593470116e-02,-1.563274764036905462e-01,0.000000000000000000e+00,-0.000000000000000000e+00
-0.000000000000000000e+00,-0.000000000000000000e+00,-0.000000000000000000e+00,0.000000000000000000e+00,-0.000000000000000000e+00,-1.700676988311953519e-01,-0.000000000000000000e+00,0.000000000000000000e+00,0.000000000000000000e+00,-0.000000000000000000e+00,-1.665053445695314008e-02,-0.000000000000000000e+00,7.118635810107407091e-02,-2.414798981101064224e-01,-0.000000000000000000e+00,-1.309354193495968488e-01,-1.282779634075739347e-02,0.000000000000000000e+00,7.465792383083570682e-02,-0.000000000000000000e+00,-0.000000000000000000e+00,0.000000000000000000e+00,-1.075310154291852886e-02,-0.000000000000000000e+00,0.000000000000000000e+00,-0.000000000000000000e+00,-0.000000000000000000e+00,-0.000000000000000000e+00,-0.000000000000000000e+00,-1.107705791856825224e-02,-1.566155694238804408e-01,-0.000000000000000000e+00,-0.000000000000000000e+00,-0.000000000000000000e+00,-9.478012178593470116e-02,1.318162677621367074e+00,-0.000000000000000000e+00,0.000000000000000000e+00,0.000000000000000000e+00
0.000000000000000000e+00,-0.000000000000000000e+00,0.000000000000000000e+00,1.762592847782264438e-01,0.000000000000000000e+00,-0.000000000000000000e+00,-0.000000000000000000e+00,-0.000000000000000000e+00,0.000000000000000000e+00,-0.000000000000000000e+00,-3.294037994786784551e-02,-0.000000000000000000e+00,1.289028536712240325e-01,-0.000000000000000000e+00,-0.000000000000000000e+00,-0.000000000000000000e+00,-3.638566088944981680e-01,0.000000000000000000e+00,0.000000000000000000e+00,-4.435162740768404388e-02,-0.000000000000000000e+00,0.000000000000000000e+00,-0.000000000000000000e+00,-0.000000000000000000e+00,-0.000000000000000000e+00,-0.000000000000000000e+00,-6.394274416956651219e-01,-0.000000000000000000e+00,-1.418469867690459740e-01,-0.000000000000000000e+00,-3.598038662907420138e-01,-2.637191913670932641e-01,-0.000000000000000000e+00,-0.000000000000000000e+00,-1.563274764036905462e-01,-0.000000000000000000e+00,2.265098466686275902e+00,-0.000000000000000000e+00,-3.836882264245444069e-02
0.000000000000000000e+00,6.690988459047669812e-02,-0.000000000000000000e+00,0.000000000000000000e+00,-1.076173207225930295e-01,2.102706353666289607e-01,-0.000000000000000000e+00,0.000000000000000000e+00,-1.602685190922696901e-01,0.000000000000000000e+00,0.000000000000000000e+00,1.100722930642460823e-02,-0.000000000000000000e+00,0.000000000000000000e+00,0.000000000000000000e+00,0.000000000000000000e+00,0.000000000000000000e+00,-0.000000000000000000e+00,-0.000000000000000000e+00,-0.000000000000000000e+00,2.607694571519582685e-02,-0.000000000000000000e+00,8.314083819122750074e-02,0.000000000000000000e+00,0.000000000000000000e+00,-7.523520500637388697e-02,-0.000000000000000000e+00,-0.000000000000000000e+00,0.000000000000000000e+00,0.000000000000000000e+00,0.000000000000000000e+00,0.000000000000000000e+00,-0.000000000000000000e+00,-7.918811539515718811e-02,0.000000000000000000e+00,0.000000000000000000e+00,-0.000000000000000000e+00,1.177992125780982002e+00,-1.860428765360392367e-01
1.540846575980830135e-01,-0.000000000000000000e+00,0.000000000000000000e+00,-0.000000000000000000e+00,-0.000000000000000000e+00,-0.000000000000000000e+00,-9.394068189713485062e-02,-0.000000000000000000e+00,-1.258203265723420727e-01,0.000000000000000000e+00,-0.000000000000000000e+00,-0.000000000000000000e+00,-0.000000000000000000e+00,0.000000000000000000e+00,0.000000000000000000e+00,0.000000000000000000e+00,0.000000000000000000e+00,-0.000000000000000000e+00,-1.723813323155058697e-01,-0.000000000000000000e+00,0.000000000000000000e+00,-0.000000000000000000e+00,-0.000000000000000000e+00,-0.000000000000000000e+00,-0.000000000000000000e+00,0.000000000000000000e+00,-2.464267579195398850e-01,0.000000000000000000e+00,-0.000000000000000000e+00,0.000000000000000000e+00,0.000000000000000000e+00,-2.926296466057425744e-02,0.000000000000000000e+00,-1.749696972642877241e-02,-0.000000000000000000e+00,0.000000000000000000e+00,-3.836882264245444069e-02,-1.860428765360392367e-01,1.177243550920902715e+00
