2.153026289890742184e+00,-4.761118551765585183e-01,-8.535733459843375392e-02,-0.000000000000000000e+00,-0.000000000000000000e+00,0.000000000000000000e+00,-0.000000000000000000e+00,7.352107368015342592e-02,-2.098952732204351634e-01,-7.186685712198825904e-02,-0.000000000000000000e+00,-0.000000000000000000e+00,-0.000000000000000000e+00,-3.161209110358527141e-01,-0.000000000000000000e+00,-0.000000000000000000e+00,-0.000000000000000000e+00,-0.000000000000000000e+00,-0.000000000000000000e+00,-0.000000000000000000e+00,-0.000000000000000000e+00,-0.000000000000000000e+00,-0.000000000000000000e+00,-0.000000000000000000e+00,-0.000000000000000000e+00,-2.494711513443223228e-01,-2.557016369403836697e-01,-0.000000000000000000e+00,-9.847714156530622265e-02,-3.619020199435870472e-02,-1.532552842893375065e-03,-0.000000000000000000e+00,-0.000000000000000000e+00,-0.000000000000000000e+00,-0.000000000000000000e+00,-0.000000000000000000e+00,-1.472254175015431932e-01,-1.246615969077784075e-01,-0.000000000000000000e+00
-4.761118551765585183e-01,2.563406425407705580e+00,-3.056250334307604455e-02,-0.000000000000000000e+00,-0.000000000000000000e+00,0.000000000000000000e+00,-0.000000000000000000e+00,0.000000000000000000e+00,-4.452747578576993770e-01,-0.000000000000000000e+00,-0.000000000000000000e+00,-6.390405189704513600e-02,-7.965015593286139950e-02,-0.000000000000000000e+00,-0.000000000000000000e+00,-0.000000000000000000e+00,0.000000000000000000e+00,-0.000000000000000000e+00,-0.000000000000000000e+00,-9.646460900134645744e-02,-0.000000000000000000e+00,-0.000000000000000000e+00,0.000000000000000000e+00,-0.000000000000000000e+00,-0.000000000000000000e+00,-1.705090650327357737e-01,-2.324658927196655012e-01,-0.000000000000000000e+00,-0.000000000000000000e+00,-0.000000000000000000e+00,-0.000000000000000000e+00,-2.940004883006004932e-01,-0.000000000000000000e+00,-0.000000000000000000e+00,-0.000000000000000000e+00,-9.431744432762564911e-02,-0.000000000000000000e+00,-3.963033540232754337e-01,-3.398510883607009925e-01
-8.535733459843375392e-02,-3.056250334307604455e-02,2.514430526253261355e+00,-0.000000000000000000e+00,-2.242041513684983889e-01,0.000000000000000000e+00,-0.000000000000000000e+00,8.232096824963933690e-01,-3.205939082224784076e-01,-0.000000000000000000e+00,-0.000000000000000000e+00,-0.000000000000000000e+00,-0.000000000000000000e+00,-0.000000000000000000e+00,-0.000000000000000000e+00,-2.599630561576137810e-01,-0.000000000000000000e+00,-1.056994177195148821e-01,-0.000000000000000000e+00,-0.000000000000000000e+00,-0.000000000000000000e+00,-0.000000000000000000e+00,0.000000000000000000e+00,-0.000000000000000000e+00,-0.000000000000000000e+00,-0.000000000000000000e+00,-0.000000000000000000e+00,-0.000000000000000000e+00,-0.000000000000000000e+00,-1.261809507558692700e-01,-0.000000000000000000e+00,-0.000000000000000000e+00,-2.897421524542447835e-01,-1.606417236045855623e-01,0.000000000000000000e+00,-0.000000000000000000e+00,-0.000000000000000000e+00,-0.000000000000000000e+00,-2.888619015164516357e-01
-0.000000000000000000e+00,-0.000000000000000000e+00,-0.000000000000000000e+00,1.157561934875602772e+00,-5.642729593644422309e-02,-0.000000000000000000e+00,-9.107240327813523328e-02,-0.000000000000000000e+00,-0.000000000000000000e+00,0.000000000000000000e+00,-0.000000000000000000e+00,-0.000000000000000000e+00,-0.000000000000000000e+00,-0.000000000000000000e+00,0.000000000000000000e+00,-0.000000000000000000e+00,-0.000000000000000000e+00,0.000000000000000000e+00,-0.000000000000000000e+00,-0.000000000000000000e+00,-0.000000000000000000e+00,-0.000000000000000000e+00,-0.000000000000000000e+00,-6.732031714452135773e-02,-0.000000000000000000e+00,-0.000000000000000000e+00,-0.000000000000000000e+00,-0.000000000000000000e+00,-0.000000000000000000e+00,0.000000000000000000e+00,0.000000000000000000e+00,-3.642791925209725723e-01,-0.000000000000000000e+00,-0.000000000000000000e+00,-0.000000000000000000e+00,-0.000000000000000000e+00,-0.000000000000000000e+00,-0.000000000000000000e+00,0.000000000000000000e+00
-0.000000000000000000e+00,-0.000000000000000000e+00,-2.242041513684983889e-01,-5.642729593644422309e-02,1.663637091418678660e+00,0.000000000000000000e+00,-0.000000000000000000e+00,4.515226302537726777e-02,-0.000000000000000000e+00,-2.133845903212854347e-02,-0.000000000000000000e+00,-0.000000000000000000e+00,0.000000000000000000e+00,-3.412569511184305182e-01,-0.000000000000000000e+00,-1.936384965563146543e-01,-0.000000000000000000e+00,-1.784873461508673098e-01,-8.320619495384935782e-02,-0.000000000000000000e+00,-0.000000000000000000e+00,-0.000000000000000000e+00,-0.000000000000000000e+00,-0.000000000000000000e+00,-0.000000000000000000e+00,-0.000000000000000000e+00,-0.000000000000000000e+00,-0.000000000000000000e+00,-0.000000000000000000e+00,-8.986085663299887838e-02,-0.000000000000000000e+00,-7.910584588851939103e-02,-2.237694683644021465e-01,-0.000000000000000000e+00,-0.000000000000000000e+00,-0.000000000000000000e+00,-0.000000000000000000e+00,-0.000000000000000000e+00,-0.000000000000000000e+00
0.000000000000000000e+00,0.000000000000000000e+00,0.000000000000000000e+00,-0.000000000000000000e+00,0.000000000000000000e+00,2.046009331790577868e+00,-0.000000000000000000e+00,-2.542720543642371447e-02,0.000000000000000000e+00,-0.000000000000000000e+00,3.319931793443184898e-01,0.000000000000000000e+00,-0.000000000000000000e+00,0.000000000000000000e+00,4.813929776351420498e-01,0.000000000000000000e+00,0.000000000000000000e+00,0.000000000000000000e+00,8.585145498371148098e-02,0.000000000000000000e+00,-2.611941665010077407e-01,-0.000000000000000000e+00,-4.440923465696728356e-01,-0.000000000000000000e+00,-8.274539368940549144e-02,0.000000000000000000e+00,-0.000000000000000000e+00,1.600984051150468324e-01,-0.000000000000000000e+00,0.000000000000000000e+00,-1.028261923715635823e-01,0.000000000000000000e+00,-0.000000000000000000e+00,2.704946030075595642e-01,-0.000000000000000000e+00,1.064512148685097526e-01,-1.053288958281354409e-01,0.000000000000000000e+00,0.000000000000000000e+00
-0.000000000000000000e+00,-0.000000000000000000e+00,-0.000000000000000000e+00,-9.107240327813523328e-02,-0.000000000000000000e+00,-0.000000000000000000e+00,1.079149538859582869e+00,-0.000000000000000000e+00,-0.000000000000000000e+00,0.000000000000000000e+00,0.000000000000000000e+00,0.000000000000000000e+00,-0.000000000000000000e+00,-0.000000000000000000e+00,9.428667949184517394e-02,0.000000000000000000e+00,-0.000000000000000000e+00,0.000000000000000000e+00,0.000000000000000000e+00,-0.000000000000000000e+00,-0.000000000000000000e+00,-0.000000000000000000e+00,-0.000000000000000000e+00,-2.022316160886901762e-02,0.000000000000000000e+00,-0.000000000000000000e+00,-0.000000000000000000e+00,-0.000000000000000000e+00,-1.781198522065080003e-01,0.000000000000000000e+00,-0.000000000000000000e+00,-2.638302096749205877e-02,-0.000000000000000000e+00,-0.000000000000000000e+00,-0.000000000000000000e+00,0.000000000000000000e+00,-1.052243993468042482e-01,-0.000000000000000000e+00,0.000000000000000000e+00
7.352107368015342592e-02,0.000000000000000000e+00,8.232096824963933690e-01,-0.000000000000000000e+00,4.515226302537726777e-02,-2.542720543642371447e-02,-0.000000000000000000e+00,2.172530425672936971e+00,9.562266021239389235e-02,0.000000000000000000e+00,0.000000000000000000e+00,0.000000000000000000e+00,-0.000000000000000000e+00,3.190874587324733086e-02,0.000000000000000000e+00,0.000000000000000000e+00,0.000000000000000000e+00,1.498344597130198963e-01,6.770550083906911112e-03,0.000000000000000000e+00,0.000000000000000000e+00,-0.000000000000000000e+00,-0.000000000000000000e+00,-0.000000000000000000e+00,-0.000000000000000000e+00,0.000000000000000000e+00,0.000000000000000000e+00,3.055466276370155110e-01,0.000000000000000000e+00,9.767706540259370185e-02,0.000000000000000000e+00,0.000000000000000000e+00,0.000000000000000000e+00,3.927431156619682895e-01,-0.000000000000000000e+00,1.073646372079988497e-02,-0.000000000000000000e+00,0.000000000000000000e+00,0.000000000000000000e+00
-2.098952732204351634e-01,-4.452747578576993770e-01,-3.205939082224784076e-01,-0.000000000000000000e+00,-0.000000000000000000e+00,0.000000000000000000e+00,-0.000000000000000000e+00,9.562266021239389235e-02,2.579818383992517727e+00,-0.000000000000000000e+00,-0.000000000000000000e+00,-0.000000000000000000e+00,-0.000000000000000000e+00,-0.000000000000000000e+00,-0.000000000000000000e+00,-0.000000000000000000e+00,0.000000000000000000e+00,-0.000000000000000000e+00,-0.000000000000000000e+00,-1.719743329905194795e-01,-0.000000000000000000e+00,-0.000000000000000000e+00,0.000000000000000000e+00,-0.000000000000000000e+00,0.000000000000000000e+00,-2.232750680885057515e-01,-0.000000000000000000e+00,-0.000000000000000000e+00,-0.000000000000000000e+00,-0.000000000000000000e+00,-0.000000000000000000e+00,-2.249122360619094929e-01,-0.000000000000000000e+00,-4.375226466640401712e-01,0.000000000000000000e+00,-1.808627834244481425e-01,-0.000000000000000000e+00,-3.759691544116940398e-01,-4.082802694196983190e-02
-7.186685712198825904e-02,-0.000000000000000000e+00,-0.000000000000000000e+00,0.000000000000000000e+00,-2.133845903212854347e-02,-0.000000000000000000e+00,0.000000000000000000e+00,0.000000000000000000e+00,-0.000000000000000000e+00,1.893540802982420113e+00,0.000000000000000000e+00,-0.000000000000000000e+00,-0.000000000000000000e+00,-0.000000000000000000e+00,-0.000000000000000000e+00,-3.381286149990561651e-01,0.000000000000000000e+00,-0.000000000000000000e+00,-0.000000000000000000e+00,-0.000000000000000000e+00,-0.000000000000000000e+00,-0.000000000000000000e+00,-0.000000000000000000e+00,-0.000000000000000000e+00,-3.347715909762348230e-01,-0.000000000000000000e+00,-2.654889315094918212e-01,-0.000000000000000000e+00,-0.000000000000000000e+00,-4.816620038666424297e-01,-1.833691392347350513e-01,-0.000000000000000000e+00,-1.855393245655759527e-01,-0.000000000000000000e+00,-1.796462621291810002e-01,0.000000000000000000e+00,-0.000000000000000000e+00,-0.000000000000000000e+00,-0.000000000000000000e+00
-0.000000000000000000e+00,-0.000000000000000000e+00,-0.000000000000000000e+00,-0.000000000000000000e+00,-0.000000000000000000e+00,3.319931793443184898e-01,0.000000000000000000e+00,0.000000000000000000e+00,-0.000000000000000000e+00,0.000000000000000000e+00,1.786274071326261925e+00,-1.652474011909515605e-03,-0.000000000000000000e+00,-0.000000000000000000e+00,-1.883957414797088614e-01,-0.000000000000000000e+00,-3.839114023409486154e-01,-0.000000000000000000e+00,-0.000000000000000000e+00,-0.000000000000000000e+00,8.407917712633934670e-02,0.000000000000000000e+00,3.260106173552588804e-01,0.000000000000000000e+00,0.000000000000000000e+00,-0.000000000000000000e+00,-0.000000000000000000e+00,-6.378805416991385757e-02,0.000000000000000000e+00,-0.000000000000000000e+00,0.000000000000000000e+00,-1.081329718584582988e-01,0.000000000000000000e+00,-2.713457397787805148e-01,0.000000000000000000e+00,-1.479671347041040530e-01,0.000000000000000000e+00,-0.000000000000000000e+00,-0.000000000000000000e+00
-0.000000000000000000e+00,-6.390405189704513600e-02,-0.000000000000000000e+00,-0.000000000000000000e+00,-0.000000000000000000e+00,0.000000000000000000e+00,0.000000000000000000e+00,0.000000000000000000e+00,-0.000000000000000000e+00,-0.000000000000000000e+00,-1.652474011909515605e-03,2.063992158904642604e+00,-8.665338390639536204e-02,-0.000000000000000000e+00,-5.484971570268900587e-01,-0.000000000000000000e+00,-0.000000000000000000e+00,-0.000000000000000000e+00,-3.752789290048832438e-01,-1.797670800094304244e-01,0.000000000000000000e+00,-2.160387408490232683e-03,1.566023300858973566e-02,0.000000000000000000e+00,0.000000000000000000e+00,-0.000000000000000000e+00,-3.721177758929138796e-02,-0.000000000000000000e+00,0.000000000000000000e+00,-0.000000000000000000e+00,0.000000000000000000e+00,-0.000000000000000000e+00,-0.000000000000000000e+00,-1.263339947381965644e-01,0.000000000000000000e+00,-2.847909826228950947e-01,0.000000000000000000e+00,-0.000000000000000000e+00,-3.272614685839891902e-01
-0.000000000000000000e+00,-7.965015593286139950e-02,-0.000000000000000000e+00,-0.000000000000000000e+00,0.000000000000000000e+00,-0.000000000000000000e+00,-0.000000000000000000e+00,-0.000000000000000000e+00,-0.000000000000000000e+00,-0.000000000000000000e+00,-0.000000000000000000e+00,-8.665338390639536204e-02,1.147739706243876112e+00,-0.000000000000000000e+00,-0.000000000000000000e+00,-0.000000000000000000e+00,0.000000000000000000e+00,0.000000000000000000e+00,-0.000000000000000000e+00,-1.261429346700961851e-01,0.000000000000000000e+00,-5.441144755039728411e-04,-0.000000000000000000e+00,-0.000000000000000000e+00,-0.000000000000000000e+00,-0.000000000000000000e+00,-1.036853993303299415e-01,-0.000000000000000000e+00,-0.000000000000000000e+00,-0.000000000000000000e+00,0.000000000000000000e+00,-0.000000000000000000e+00,-0.000000000000000000e+00,-0.000000000000000000e+00,-0.000000000000000000e+00,-0.000000000000000000e+00,-9.154432163951445323e-02,-6.363555132852913299e-02,-5.388961712862403580e-02
-3.161209110358527141e-01,-0.000000000000000000e+00,-0.000000000000000000e+00,-0.000000000000000000e+00,-3.412569511184305182e-01,0.000000000000000000e+00,-0.000000000000000000e+00,3.190874587324733086e-02,-0.000000000000000000e+00,-0.000000000000000000e+00,-0.000000000000000000e+00,-0.000000000000000000e+00,-0.000000000000000000e+00,2.198285755547354281e+00,-0.000000000000000000e+00,-0.000000000000000000e+00,-0.000000000000000000e+00,-0.000000000000000000e+00,-0.000000000000000000e+00,-0.000000000000000000e+00,-0.000000000000000000e+00,0.000000000000000000e+00,-0.000000000000000000e+00,-0.000000000000000000e+00,-0.000000000000000000e+00,-2.141213044687221845e-01,-7.273387977752442113e-02,-4.178716886447320089e-01,-4.527067258138014472e-01,-6.942914245350464975e-02,-0.000000000000000000e+00,-2.210523473666831940e-01,-0.000000000000000000e+00,-0.000000000000000000e+00,-1.457141530919122130e-01,-0.000000000000000000e+00,-7.982558751584969969e-02,-0.000000000000000000e+00,-0.000000000000000000e+00
-0.000000000000000000e+00,-0.000000000000000000e+00,-0.000000000000000000e+00,0.000000000000000000e+00,-0.000000000000000000e+00,4.813929776351420498e-01,9.428667949184517394e-02,0.000000000000000000e+00,-0.000000000000000000e+00,-0.000000000000000000e+00,-1.883957414797088614e-01,-5.484971570268900587e-01,-0.000000000000000000e+00,-0.000000000000000000e+00,2.435250234606168629e+00,-0.000000000000000000e+00,0.000000000000000000e+00,-2.511212518019726447e-01,-5.269223599881691644e-01,-0.000000000000000000e+00,0.000000000000000000e+00,-0.000000000000000000e+00,0.000000000000000000e+00,0.000000000000000000e+00,0.000000000000000000e+00,-0.000000000000000000e+00,-0.000000000000000000e+00,-0.000000000000000000e+00,0.000000000000000000e+00,-1.014381616502287170e-01,0.000000000000000000e+00,-0.000000000000000000e+00,0.000000000000000000e+00,-2.969039455833413776e-01,0.000000000000000000e+00,-1.295760469726202346e-01,0.000000000000000000e+00,-2.528916290487576851e-02,-0.000000000000000000e+00
-0.000000000000000000e+00,-0.000000000000000000e+00,-2.599630561576137810e-01,-0.000000000000000000e+00,-1.936384965563146543e-01,0.000000000000000000e+00,0.000000000000000000e+00,0.000000000000000000e+00,-0.000000000000000000e+00,-3.381286149990561651e-01,-0.000000000000000000e+00,-0.000000000000000000e+00,-0.000000000000000000e+00,-0.000000000000000000e+00,-0.000000000000000000e+00,2.077781816604052700e+00,0.000000000000000000e+00,-3.446500564472073092e-01,-2.427054212714739589e-01,-0.000000000000000000e+00,-0.000000000000000000e+00,-0.000000000000000000e+00,-0.000000000000000000e+00,-0.000000000000000000e+00,-0.000000000000000000e+00,-0.000000000000000000e+00,-1.219834775206751903e-01,-0.000000000000000000e+00,-0.000000000000000000e+00,-4.692486554762412831e-01,-0.000000000000000000e+00,-0.000000000000000000e+00,-1.052618419155900570e-02,-0.000000000000000000e+00,-0.000000000000000000e+00,-0.000000000000000000e+00,-0.000000000000000000e+00,-0.000000000000000000e+00,-7.923777857403629943e-02
-0.000000000000000000e+00,0.000000000000000000e+00,-0.000000000000000000e+00,-0.000000000000000000e+00,-0.000000000000000000e+00,0.000000000000000000e+00,-0.000000000000000000e+00,0.000000000000000000e+00,0.000000000000000000e+00,0.000000000000000000e+00,-3.839114023409486154e-01,-0.000000000000000000e+00,0.000000000000000000e+00,-0.000000000000000000e+00,0.000000000000000000e+00,0.000000000000000000e+00,1.130387085063833563e+00,0.000000000000000000e+00,0.000000000000000000e+00,0.000000000000000000e+00,-0.000000000000000000e+00,0.000000000000000000e+00,0.000000000000000000e+00,0.000000000000000000e+00,-0.000000000000000000e+00,-0.000000000000000000e+00,-0.000000000000000000e+00,-0.000000000000000000e+00,-0.000000000000000000e+00,0.000000000000000000e+00,0.000000000000000000e+00,-0.000000000000000000e+00,0.000000000000000000e+00,-0.000000000000000000e+00,0.000000000000000000e+00,-0.000000000000000000e+00,0.000000000000000000e+00,0.000000000000000000e+00,0.000000000000000000e+00
-0.000000000000000000e+00,-0.000000000000000000e+00,-1.056994177195148821e-01,0.000000000000000000e+00,-1.784873461508673098e-01,0.000000000000000000e+00,0.000000000000000000e+00,1.498344597130198963e-01,-0.000000000000000000e+00,-0.000000000000000000e+00,-0.000000000000000000e+00,-0.000000000000000000e+00,0.000000000000000000e+00,-0.000000000000000000e+00,-2.511212518019726447e-01,-3.446500564472073092e-01,0.000000000000000000e+00,2.040153522275927944e+00,-7.668658886143870923e-01,-0.000000000000000000e+00,-0.000000000000000000e+00,-0.000000000000000000e+00,0.000000000000000000e+00,0.000000000000000000e+00,0.000000000000000000e+00,-0.000000000000000000e+00,-0.000000000000000000e+00,-0.000000000000000000e+00,0.000000000000000000e+00,-6.657609026070777924e-02,-0.000000000000000000e+00,-0.000000000000000000e+00,-0.000000000000000000e+00,-0.000000000000000000e+00,0.000000000000000000e+00,-5.306104917728745284e-03,5.954514883242108085e-03,-0.000000000000000000e+00,-0.000000000000000000e+00
-0.000000000000000000e+00,-0.000000000000000000e+00,-0.000000000000000000e+00,-0.000000000000000000e+00,-8.320619495384935782e-02,8.585145498371148098e-02,0.000000000000000000e+00,6.770550083906911112e-03,-0.000000000000000000e+00,-0.000000000000000000e+00,-0.000000000000000000e+00,-3.752789290048832438e-01,-0.000000000000000000e+00,-0.000000000000000000e+00,-5.269223599881691644e-01,-2.427054212714739589e-01,0.000000000000000000e+00,-7.668658886143870923e-01,2.355148865839450600e+00,-0.000000000000000000e+00,0.000000000000000000e+00,-0.000000000000000000e+00,0.000000000000000000e+00,0.000000000000000000e+00,0.000000000000000000e+00,-0.000000000000000000e+00,-0.000000000000000000e+00,-0.000000000000000000e+00,0.000000000000000000e+00,-1.386817279539298009e-01,0.000000000000000000e+00,-0.000000000000000000e+00,-0.000000000000000000e+00,-8.583860135690481175e-02,0.000000000000000000e+00,-3.760338399842660939e-02,0.000000000000000000e+00,-0.000000000000000000e+00,-0.000000000000000000e+00
-0.000000000000000000e+00,-9.646460900134645744e-02,-0.000000000000000000e+00,-0.000000000000000000e+00,-0.000000000000000000e+00,0.000000000000000000e+00,-0.000000000000000000e+00,0.000000000000000000e+00,-1.719743329905194795e-01,-0.000000000000000000e+00,-0.000000000000000000e+00,-1.797670800094304244e-01,-1.261429346700961851e-01,-0.000000000000000000e+00,-0.000000000000000000e+00,-0.000000000000000000e+00,0.000000000000000000e+00,-0.000000000000000000e+00,-0.000000000000000000e+00,1.492232150559051229e+00,-0.000000000000000000e+00,-4.553182640595954678e-01,0.000000000000000000e+00,-1.587717791393344902e-01,0.000000000000000000e+00,-0.000000000000000000e+00,-0.000000000000000000e+00,-0.000000000000000000e+00,0.000000000000000000e+00,-0.000000000000000000e+00,0.000000000000000000e+00,-1.092790040439016869e-01,-0.000000000000000000e+00,-0.000000000000000000e+00,0.000000000000000000e+00,-8.498339081358946556e-02,-0.000000000000000000e+00,-1.157723666046527738e-02,-0.000000000000000000e+00
-0.000000000000000000e+00,-0.000000000000000000e+00,-0.000000000000000000e+00,-0.000000000000000000e+00,-0.000000000000000000e+00,-2.611941665010077407e-01,-0.000000000000000000e+00,0.000000000000000000e+00,-0.000000000000000000e+00,-0.000000000000000000e+00,8.407917712633934670e-02,0.000000000000000000e+00,0.000000000000000000e+00,-0.000000000000000000e+00,0.000000000000000000e+00,-0.000000000000000000e+00,-0.000000000000000000e+00,-0.000000000000000000e+00,0.000000000000000000e+00,-0.000000000000000000e+00,1.719180317694823712e+00,-1.117870385612255435e-01,-0.000000000000000000e+00,-0.000000000000000000e+00,-2.830685782081016760e-02,0.000000000000000000e+00,-0.000000000000000000e+00,0.000000000000000000e+00,-0.000000000000000000e+00,-0.000000000000000000e+00,-5.762660786529948398e-01,0.000000000000000000e+00,-5.921166252071353719e-01,0.000000000000000000e+00,-0.000000000000000000e+00,0.000000000000000000e+00,-0.000000000000000000e+00,0.000000000000000000e+00,-0.000000000000000000e+00
-0.000000000000000000e+00,-0.000000000000000000e+00,-0.000000000000000000e+00,-0.000000000000000000e+00,-0.000000000000000000e+00,-0.000000000000000000e+00,-0.000000000000000000e+00,-0.000000000000000000e+00,-0.000000000000000000e+00,-0.000000000000000000e+00,0.000000000000000000e+00,-2.160387408490232683e-03,-5.441144755039728411e-04,0.000000000000000000e+00,-0.000000000000000000e+00,-0.000000000000000000e+00,0.000000000000000000e+00,-0.000000000000000000e+00,-0.000000000000000000e+00,-4.553182640595954678e-01,-1.117870385612255435e-01,1.311529659788488678e+00,-0.000000000000000000e+00,-0.000000000000000000e+00,-0.000000000000000000e+00,0.000000000000000000e+00,-5.871295325768986773e-02,5.828699092697702672e-02,0.000000000000000000e+00,-0.000000000000000000e+00,-1.426347606691160952e-01,-0.000000000000000000e+00,-3.421603412025883695e-02,-0.000000000000000000e+00,0.000000000000000000e+00,-0.000000000000000000e+00,-0.000000000000000000e+00,-0.000000000000000000e+00,-1.698079315219773733e-01
-0.000000000000000000e+00,0.000000000000000000e+00,0.000000000000000000e+00,-0.000000000000000000e+00,-0.000000000000000000e+00,-4.440923465696728356e-01,-0.000000000000000000e+00,-0.000000000000000000e+00,0.000000000000000000e+00,-0.000000000000000000e+00,3.260106173552588804e-01,1.566023300858973566e-02,-0.000000000000000000e+00,-0.000000000000000000e+00,0.000000000000000000e+00,-0.000000000000000000e+00,0.000000000000000000e+00,0.000000000000000000e+00,0.000000000000000000e+00,0.000000000000000000e+00,-0.000000000000000000e+00,-0.000000000000000000e+00,2.077682904630554273e+00,-2.157189735332904756e-01,-5.677944397167079549e-01,-0.000000000000000000e+00,-0.000000000000000000e+00,0.000000000000000000e+00,-0.000000000000000000e+00,-0.000000000000000000e+00,-0.000000000000000000e+00,0.000000000000000000e+00,-0.000000000000000000e+00,0.000000000000000000e+00,-3.726004566323067868e-01,2.621417127333607877e-01,-2.831894010823015617e-01,-0.000000000000000000e+00,0.000000000000000000e+00
-0.000000000000000000e+00,-0.000000000000000000e+00,-0.000000000000000000e+00,-6.732031714452135773e-02,-0.000000000000000000e+00,-0.000000000000000000e+00,-2.022316160886901762e-02,-0.000000000000000000e+00,-0.000000000000000000e+00,-0.000000000000000000e+00,0.000000000000000000e+00,0.000000000000000000e+00,-0.000000000000000000e+00,-0.000000000000000000e+00,0.000000000000000000e+00,-0.000000000000000000e+00,0.000000000000000000e+00,0.000000000000000000e+00,0.000000000000000000e+00,-1.587717791393344902e-01,-0.000000000000000000e+00,-0.000000000000000000e+00,-2.157189735332904756e-01,1.379660343818739809e+00,-1.502426833955684826e-01,-0.000000000000000000e+00,-0.000000000000000000e+00,-0.000000000000000000e+00,-3.330647704439985979e-02,-0.000000000000000000e+00,-0.000000000000000000e+00,-0.000000000000000000e+00,-1.944242636368751498e-01,0.000000000000000000e+00,-0.000000000000000000e+00,0.000000000000000000e+00,-3.223242872017998417e-01,-0.000000000000000000e+00,-0.000000000000000000e+00
-0.000000000000000000e+00,-0.000000000000000000e+00,-0.000000000000000000e+00,-0.000000000000000000e+00,-0.000000000000000000e+00,-8.274539368940549144e-02,0.000000000000000000e+00,-0.000000000000000000e+00,0.000000000000000000e+00,-3.347715909762348230e-01,0.000000000000000000e+00,0.000000000000000000e+00,-0.000000000000000000e+00,-0.000000000000000000e+00,0.000000000000000000e+00,-0.000000000000000000e+00,-0.000000000000000000e+00,0.000000000000000000e+00,0.000000000000000000e+00,0.000000000000000000e+00,-2.830685782081016760e-02,-0.000000000000000000e+00,-5.677944397167079549e-01,-1.502426833955684826e-01,1.587609551030836785e+00,-0.000000000000000000e+00,-0.000000000000000000e+00,0.000000000000000000e+00,-0.000000000000000000e+00,-0.000000000000000000e+00,-1.372565273806169474e-02,0.000000000000000000e+00,-2.543062362196117920e-01,0.000000000000000000e+00,-0.000000000000000000e+00,0.000000000000000000e+00,-0.000000000000000000e+00,0.000000000000000000e+00,-0.000000000000000000e+00
-2.494711513443223228e-01,-1.705090650327357737e-01,-0.000000000000000000e+00,-0.000000000000000000e+00,-0.000000000000000000e+00,0.000000000000000000e+00,-0.000000000000000000e+00,0.000000000000000000e+00,-2.232750680885057515e-01,-0.000000000000000000e+00,-0.000000000000000000e+00,-0.000000000000000000e+00,-0.000000000000000000e+00,-2.141213044687221845e-01,-0.000000000000000000e+00,-0.000000000000000000e+00,-0.000000000000000000e+00,-0.000000000000000000e+00,-0.000000000000000000e+00,-0.000000000000000000e+00,0.000000000000000000e+00,0.000000000000000000e+00,-0.000000000000000000e+00,-0.000000000000000000e+00,-0.000000000000000000e+00,2.518834074390620792e+00,-1.929725209406256414e-01,-6.310755660392558530e-01,-3.574580363870402677e-01,-0.000000000000000000e+00,-0.000000000000000000e+00,-1.985242285105741633e-01,-0.000000000000000000e+00,-0.000000000000000000e+00,-0.000000000000000000e+00,-0.000000000000000000e+00,-0.000000000000000000e+00,-4.117140573565901129e-01,-0.000000000000000000e+00
-2.557016369403836697e-01,-2.324658927196655012e-01,-0.000000000000000000e+00,-0.000000000000000000e+00,-0.000000000000000000e+00,-0.000000000000000000e+00,-0.000000000000000000e+00,0.000000000000000000e+00,-0.000000000000000000e+00,-2.654889315094918212e-01,-0.000000000000000000e+00,-3.721177758929138796e-02,-1.036853993303299415e-01,-7.273387977752442113e-02,-0.000000000000000000e+00,-1.219834775206751903e-01,-0.000000000000000000e+00,-0.000000000000000000e+00,-0.000000000000000000e+00,-0.000000000000000000e+00,-0.000000000000000000e+00,-5.871295325768986773e-02,-0.000000000000000000e+00,-0.000000000000000000e+00,-0.000000000000000000e+00,-1.929725209406256414e-01,1.810624175841039962e+00,-0.000000000000000000e+00,-0.000000000000000000e+00,-0.000000000000000000e+00,-9.009473939323081604e-03,-1.137803733543902851e-01,-2.529554972525654023e-03,-0.000000000000000000e+00,-0.000000000000000000e+00,-0.000000000000000000e+00,-1.916549688309304167e-01,-0.000000000000000000e+00,-1.604265941209899737e-01
-0.000000000000000000e+00,-0.000000000000000000e+00,-0.000000000000000000e+00,-0.000000000000000000e+00,-0.000000000000000000e+00,1.600984051150468324e-01,-0.000000000000000000e+00,3.055466276370155110e-01,-0.000000000000000000e+00,-0.000000000000000000e+00,-6.378805416991385757e-02,-0.000000000000000000e+00,-0.000000000000000000e+00,-4.178716886447320089e-01,-0.000000000000000000e+00,-0.000000000000000000e+00,-0.000000000000000000e+00,-0.000000000000000000e+00,-0.000000000000000000e+00,-0.000000000000000000e+00,0.000000000000000000e+00,5.828699092697702672e-02,0.000000000000000000e+00,-0.000000000000000000e+00,0.000000000000000000e+00,-6.310755660392558530e-01,-0.000000000000000000e+00,1.978902759447180193e+00,-7.170603966847574617e-02,-0.000000000000000000e+00,0.000000000000000000e+00,-0.000000000000000000e+00,-0.000000000000000000e+00,-1.576668820792189452e-01,-0.000000000000000000e+00,-0.000000000000000000e+00,-0.000000000000000000e+00,-7.983377549846282228e-02,-0.000000000000000000e+00
-9.847714156530622265e-02,-0.000000000000000000e+00,-0.000000000000000000e+00,-0.000000000000000000e+00,-0.000000000000000000e+00,-0.000000000000000000e+00,-1.781198522065080003e-01,0.000000000000000000e+00,-0.000000000000000000e+00,-0.000000000000000000e+00,0.000000000000000000e+00,0.000000000000000000e+00,-0.000000000000000000e+00,-4.527067258138014472e-01,0.000000000000000000e+00,-0.000000000000000000e+00,-0.000000000000000000e+00,0.000000000000000000e+00,0.000000000000000000e+00,0.000000000000000000e+00,-0.000000000000000000e+00,0.000000000000000000e+00,-0.000000000000000000e+00,-3.330647704439985979e-02,-0.000000000000000000e+00,-3.574580363870402677e-01,-0.000000000000000000e+00,-7.170603966847574617e-02,1.810658539001562373e+00,-0.000000000000000000e+00,-0.000000000000000000e+00,-0.000000000000000000e+00,-4.845660081971322336e-02,-0.000000000000000000e+00,-9.891888979034753338e-02,0.000000000000000000e+00,-4.273734786177711964e-01,-0.000000000000000000e+00,-0.000000000000000000e+00
-3.619020199435870472e-02,-0.000000000000000000e+00,-1.261809507558692700e-01,0.000000000000000000e+00,-8.986085663299887838e-02,0.000000000000000000e+00,0.000000000000000000e+00,9.767706540259370185e-02,-0.000000000000000000e+00,-4.816620038666424297e-01,-0.000000000000000000e+00,-0.000000000000000000e+00,-0.000000000000000000e+00,-6.942914245350464975e-02,-1.014381616502287170e-01,-4.692486554762412831e-01,0.000000000000000000e+00,-6.657609026070777924e-02,-1.386817279539298009e-01,-0.000000000000000000e+00,-0.000000000000000000e+00,-0.000000000000000000e+00,-0.000000000000000000e+00,-0.000000000000000000e+00,-0.000000000000000000e+00,-0.000000000000000000e+00,-0.000000000000000000e+00,-0.000000000000000000e+00,-0.000000000000000000e+00,2.025736142638099757e+00,-0.000000000000000000e+00,-0.000000000000000000e+00,-0.000000000000000000e+00,-0.000000000000000000e+00,-0.000000000000000000e+00,-0.000000000000000000e+00,-0.000000000000000000e+00,-2.556932957094972259e-01,-7.383034223448606270e-02
-1.532552842893375065e-03,-0.000000000000000000e+00,-0.000000000000000000e+00,0.000000000000000000e+00,-0.000000000000000000e+00,-1.028261923715635823e-01,-0.000000000000000000e+00,0.000000000000000000e+00,-0.000000000000000000e+00,-1.833691392347350513e-01,0.000000000000000000e+00,0.000000000000000000e+00,0.000000000000000000e+00,-0.000000000000000000e+00,0.000000000000000000e+00,-0.000000000000000000e+00,0.000000000000000000e+00,-0.000000000000000000e+00,0.000000000000000000e+00,0.000000000000000000e+00,-5.762660786529948398e-01,-1.426347606691160952e-01,-0.000000000000000000e+00,-0.000000000000000000e+00,-1.372565273806169474e-02,-0.000000000000000000e+00,-9.009473939323081604e-03,0.000000000000000000e+00,-0.000000000000000000e+00,-0.000000000000000000e+00,1.480072693670206219e+00,0.000000000000000000e+00,-1.622950337205002203e-01,0.000000000000000000e+00,-0.000000000000000000e+00,0.000000000000000000e+00,-1.918082814294658905e-02,0.000000000000000000e+00,-0.000000000000000000e+00
-0.000000000000000000e+00,-2.940004883006004932e-01,-0.000000000000000000e+00,-3.642791925209725723e-01,-7.910584588851939103e-02,0.000000000000000000e+00,-2.638302096749205877e-02,0.000000000000000000e+00,-2.249122360619094929e-01,-0.000000000000000000e+00,-1.081329718584582988e-01,-0.000000000000000000e+00,-0.000000000000000000e+00,-2.210523473666831940e-01,-0.000000000000000000e+00,-0.000000000000000000e+00,-0.000000000000000000e+00,-0.000000000000000000e+00,-0.000000000000000000e+00,-1.092790040439016869e-01,0.000000000000000000e+00,-0.000000000000000000e+00,0.000000000000000000e+00,-0.000000000000000000e+00,0.000000000000000000e+00,-1.985242285105741633e-01,-1.137803733543902851e-01,-0.000000000000000000e+00,-0.000000000000000000e+00,-0.000000000000000000e+00,0.000000000000000000e+00,1.901229838124395721e+00,-0.000000000000000000e+00,-2.449237094574101270e-01,-0.000000000000000000e+00,-2.737452771012830865e-03,-0.000000000000000000e+00,-1.009417002697286618e-02,-0.000000000000000000e+00
-0.000000000000000000e+00,-0.000000000000000000e+00,-2.897421524542447835e-01,-0.000000000000000000e+00,-2.237694683644021465e-01,-0.000000000000000000e+00,-0.000000000000000000e+00,0.000000000000000000e+00,-0.000000000000000000e+00,-1.855393245655759527e-01,0.000000000000000000e+00,-0.000000000000000000e+00,-0.000000000000000000e+00,-0.000000000000000000e+00,0.000000000000000000e+00,-1.052618419155900570e-02,0.000000000000000000e+00,-0.000000000000000000e+00,-0.000000000000000000e+00,-0.000000000000000000e+00,-5.921166252071353719e-01,-3.421603412025883695e-02,-0.000000000000000000e+00,-1.944242636368751498e-01,-2.543062362196117920e-01,-0.000000000000000000e+00,-2.529554972525654023e-03,-0.000000000000000000e+00,-4.845660081971322336e-02,-0.000000000000000000e+00,-1.622950337205002203e-01,-0.000000000000000000e+00,1.853583866705106553e+00,-0.000000000000000000e+00,-0.000000000000000000e+00,0.000000000000000000e+00,-7.681666440389292583e-02,-0.000000000000000000e+00,-0.000000000000000000e+00
-0.000000000000000000e+00,-0.000000000000000000e+00,-1.606417236045855623e-01,-0.000000000000000000e+00,-0.000000000000000000e+00,2.704946030075595642e-01,-0.000000000000000000e+00,3.927431156619682895e-01,-4.375226466640401712e-01,-0.000000000000000000e+00,-2.713457397787805148e-01,-1.263339947381965644e-01,-0.000000000000000000e+00,-0.000000000000000000e+00,-2.969039455833413776e-01,-0.000000000000000000e+00,-0.000000000000000000e+00,-0.000000000000000000e+00,-8.583860135690481175e-02,-0.000000000000000000e+00,0.000000000000000000e+00,-0.000000000000000000e+00,0.000000000000000000e+00,0.000000000000000000e+00,0.000000000000000000e+00,-0.000000000000000000e+00,-0.000000000000000000e+00,-1.576668820792189452e-01,-0.000000000000000000e+00,-0.000000000000000000e+00,0.000000000000000000e+00,-2.449237094574101270e-01,-0.000000000000000000e+00,2.608763393338758618e+00,0.000000000000000000e+00,-4.303762994126205665e-01,0.000000000000000000e+00,-4.407054723897595172e-02,-0.000000000000000000e+00
-0.000000000000000000e+00,-0.000000000000000000e+00,0.000000000000000000e+00,-0.000000000000000000e+00,-0.000000000000000000e+00,-0.000000000000000000e+00,-0.000000000000000000e+00,-0.000000000000000000e+00,0.000000000000000000e+00,-1.796462621291810002e-01,0.000000000000000000e+00,0.000000000000000000e+00,-0.000000000000000000e+00,-1.457141530919122130e-01,0.000000000000000000e+00,-0.000000000000000000e+00,0.000000000000000000e+00,0.000000000000000000e+00,0.000000000000000000e+00,0.000000000000000000e+00,-0.000000000000000000e+00,0.000000000000000000e+00,-3.726004566323067868e-01,-0.000000000000000000e+00,-0.000000000000000000e+00,-0.000000000000000000e+00,-0.000000000000000000e+00,-0.000000000000000000e+00,-9.891888979034753338e-02,-0.000000000000000000e+00,-0.000000000000000000e+00,-0.000000000000000000e+00,-0.000000000000000000e+00,0.000000000000000000e+00,1.628542974245679620e+00,1.284411735285709011e-01,-5.838126514592941740e-01,-0.000000000000000000e+00,0.000000000000000000e+00
-0.000000000000000000e+00,-9.431744432762564911e-02,-0.000000000000000000e+00,-0.000000000000000000e+00,-0.000000000000000000e+00,1.064512148685097526e-01,0.000000000000000000e+00,1.073646372079988497e-02,-1.808627834244481425e-01,0.000000000000000000e+00,-1.479671347041040530e-01,-2.847909826228950947e-01,-0.000000000000000000e+00,-0.000000000000000000e+00,-1.295760469726202346e-01,-0.000000000000000000e+00,-0.000000000000000000e+00,-5.306104917728745284e-03,-3.760338399842660939e-02,-8.498339081358946556e-02,0.000000000000000000e+00,-0.000000000000000000e+00,2.621417127333607877e-01,0.000000000000000000e+00,0.000000000000000000e+00,-0.000000000000000000e+00,-0.000000000000000000e+00,-0.000000000000000000e+00,0.000000000000000000e+00,-0.000000000000000000e+00,0.000000000000000000e+00,-2.737452771012830865e-03,0.000000000000000000e+00,-4.303762994126205665e-01,1.284411735285709011e-01,1.983764349553810646e+00,0.000000000000000000e+00,-0.000000000000000000e+00,-2.417291350419271956e-01
-1.472254175015431932e-01,-0.000000000000000000e+00,-0.000000000000000000e+00,-0.000000000000000000e+00,-0.000000000000000000e+00,-1.053288958281354409e-01,-1.052243993468042482e-01,-0.000000000000000000e+00,-0.000000000000000000e+00,-0.000000000000000000e+00,0.000000000000000000e+00,0.000000000000000000e+00,-9.154432163951445323e-02,-7.982558751584969969e-02,0.000000000000000000e+00,-0.000000000000000000e+00,0.000000000000000000e+00,5.954514883242108085e-03,0.000000000000000000e+00,-0.000000000000000000e+00,-0.000000000000000000e+00,-0.000000000000000000e+00,-2.831894010823015617e-01,-3.223242872017998417e-01,-0.000000000000000000e+00,-0.000000000000000000e+00,-1.916549688309304167e-01,-0.000000000000000000e+00,-4.273734786177711964e-01,-0.000000000000000000e+00,-1.918082814294658905e-02,-0.000000000000000000e+00,-7.681666440389292583e-02,0.000000000000000000e+00,-5.838126514592941740e-01,0.000000000000000000e+00,2.020015225345516363e+00,-0.000000000000000000e+00,-0.000000000000000000e+00
-1.246615969077784075e-01,-3.963033540232754337e-01,-0.000000000000000000e+00,-0.000000000000000000e+00,-0.000000000000000000e+00,0.000000000000000000e+00,-0.000000000000000000e+00,0.000000000000000000e+00,-3.759691544116940398e-01,-0.000000000000000000e+00,-0.000000000000000000e+00,-0.000000000000000000e+00,-6.363555132852913299e-02,-0.000000000000000000e+00,-2.528916290487576851e-02,-0.000000000000000000e+00,0.000000000000000000e+00,-0.000000000000000000e+00,-0.000000000000000000e+00,-1.157723666046527738e-02,0.000000000000000000e+00,-0.000000000000000000e+00,-0.000000000000000000e+00,-0.000000000000000000e+00,0.000000000000000000e+00,-4.117140573565901129e-01,-0.000000000000000000e+00,-7.983377549846282228e-02,-0.000000000000000000e+00,-2.556932957094972259e-01,0.000000000000000000e+00,-1.009417002697286618e-02,-0.000000000000000000e+00,-4.407054723897595172e-02,-0.000000000000000000e+00,-0.000000000000000000e+00,-0.000000000000000000e+00,2.265050269027411911e+00,-4.240931553340029359e-01
-0.000000000000000000e+00,-3.398510883607009925e-01,-2.888619015164516357e-01,0.000000000000000000e+00,-0.000000000000000000e+00,0.000000000000000000e+00,0.000000000000000000e+00,0.000000000000000000e+00,-4.082802694196983190e-02,-0.000000000000000000e+00,-0.000000000000000000e+00,-3.272614685839891902e-01,-5.388961712862403580e-02,-0.000000000000000000e+00,-0.000000000000000000e+00,-7.923777857403629943e-02,0.000000000000000000e+00,-0.000000000000000000e+00,-0.000000000000000000e+00,-0.000000000000000000e+00,-0.000000000000000000e+00,-1.698079315219773733e-01,0.000000000000000000e+00,-0.000000000000000000e+00,-0.000000000000000000e+00,-0.000000000000000000e+00,-1.604265941209899737e-01,-0.000000000000000000e+00,-0.000000000000000000e+00,-7.383034223448606270e-02,-0.000000000000000000e+00,-0.000000000000000000e+00,-0.000000000000000000e+00,-0.000000000000000000e+00,0.000000000000000000e+00,-2.417291350419271956e-01,-0.000000000000000000e+00,-4.240931553340029359e-01,2.120890808862661903e+00
