2.316483730324685908e+00,0.000000000000000000e+00,-0.000000000000000000e+00,0.000000000000000000e+00,-0.000000000000000000e+00,-1.375489524695116539e-01,-5.402500916724084501e-02,0.000000000000000000e+00,-0.000000000000000000e+00,0.000000000000000000e+00,0.000000000000000000e+00,1.969526403327909736e-01,0.000000000000000000e+00,0.000000000000000000e+00,-3.416701566888900587e-01,-0.000000000000000000e+00,-0.000000000000000000e+00,-0.000000000000000000e+00,0.000000000000000000e+00,-0.000000000000000000e+00,-0.000000000000000000e+00,0.000000000000000000e+00,-4.672504124367712341e-01,-0.000000000000000000e+00,-1.209276280055612829e-01,-4.418431559047160118e-01,-0.000000000000000000e+00,0.000000000000000000e+00,-1.979167544054273586e-01,-0.000000000000000000e+00,-4.776805556963319849e-02,0.000000000000000000e+00,0.000000000000000000e+00,-0.000000000000000000e+00,-5.214702105577627700e-01,0.000000000000000000e+00,0.000000000000000000e+00,-2.367338254986503798e-01,0.000000000000000000e+00
0.000000000000000000e+00,2.749127309919282336e+00,-0.000000000000000000e+00,-0.000000000000000000e+00,0.000000000000000000e+00,0.000000000000000000e+00,6.016080831030338194e-01,0.000000000000000000e+00,-0.000000000000000000e+00,-0.000000000000000000e+00,-0.000000000000000000e+00,-5.668537989251336562e-01,-4.189408745264323608e-01,-1.566369901229617279e-01,3.710955461416667878e-01,0.000000000000000000e+00,0.000000000000000000e+00,-0.000000000000000000e+00,-3.367047633046624799e-01,0.000000000000000000e+00,0.000000000000000000e+00,-0.000000000000000000e+00,0.000000000000000000e+00,0.000000000000000000e+00,0.000000000000000000e+00,-0.000000000000000000e+00,-0.000000000000000000e+00,-0.000000000000000000e+00,0.000000000000000000e+00,0.000000000000000000e+00,0.000000000000000000e+00,-0.000000000000000000e+00,-4.240582785982708464e-02,-0.000000000000000000e+00,0.000000000000000000e+00,-1.218629519818780482e-01,-0.000000000000000000e+00,0.000000000000000000e+00,-4.616000289729875750e-01
-0.000000000000000000e+00,-0.000000000000000000e+00,3.409043285773323273e+00,-0.000000000000000000e+00,-9.255903463471450154e-02,-0.000000000000000000e+00,-0.000000000000000000e+00,1.018178820732810186e+00,-0.000000000000000000e+00,-0.000000000000000000e+00,-0.000000000000000000e+00,-0.000000000000000000e+00,-0.000000000000000000e+00,0.000000000000000000e+00,-0.000000000000000000e+00,-0.000000000000000000e+00,-0.000000000000000000e+00,-8.168177354342157082e-02,-7.253837895844988948e-02,-1.564472789664913821e-01,-7.453242859941571208e-01,-4.071212054019133220e-01,-0.000000000000000000e+00,-2.053896116576774955e-01,-0.000000000000000000e+00,-0.000000000000000000e+00,0.000000000000000000e+00,-1.564681748143258722e-01,0.000000000000000000e+00,-0.000000000000000000e+00,-0.000000000000000000e+00,-0.000000000000000000e+00,-3.810622571946311599e-01,-0.000000000000000000e+00,-0.000000000000000000e+00,0.000000000000000000e+00,-3.491172477202001412e-01,0.000000000000000000e+00,-0.000000000000000000e+00
0.000000000000000000e+00,-0.000000000000000000e+00,-0.000000000000000000e+00,1.182182124548443403e+00,-6.540931860646828806e-03,-0.000000000000000000e+00,-0.000000000000000000e+00,0.000000000000000000e+00,-0.000000000000000000e+00,-1.310147166134336405e-01,-0.000000000000000000e+00,-0.000000000000000000e+00,-0.000000000000000000e+00,0.000000000000000000e+00,1.904739458858127343e-01,-0.000000000000000000e+00,-0.000000000000000000e+00,-0.000000000000000000e+00,-5.270337750904884218e-04,-0.000000000000000000e+00,-0.000000000000000000e+00,-0.000000000000000000e+00,-0.000000000000000000e+00,-0.000000000000000000e+00,-0.000000000000000000e+00,1.011221677092504212e-01,0.000000000000000000e+00,-4.885485388438303572e-02,-0.000000000000000000e+00,-0.000000000000000000e+00,-0.000000000000000000e+00,-0.000000000000000000e+00,-6.710750579538768412e-02,-0.000000000000000000e+00,-0.000000000000000000e+00,-0.000000000000000000e+00,-0.000000000000000000e+00,-0.000000000000000000e+00,-2.023204732622073676e-01
-0.000000000000000000e+00,0.000000000000000000e+00,-9.255903463471450154e-02,-6.540931860646828806e-03,1.922942813896504122e+00,-2.524411702365348953e-01,-0.000000000000000000e+00,1.393347378783136303e-01,-2.720622877113335614e-01,-0.000000000000000000e+00,0.000000000000000000e+00,0.000000000000000000e+00,0.000000000000000000e+00,0.000000000000000000e+00,-0.000000000000000000e+00,-9.208029069456367954e-02,0.000000000000000000e+00,-0.000000000000000000e+00,-1.770089375797452014e-01,-0.000000000000000000e+00,-2.581578575779948648e-01,-0.000000000000000000e+00,-0.000000000000000000e+00,-3.065743344960211725e-02,-2.693124743164704848e-01,-0.000000000000000000e+00,-0.000000000000000000e+00,-0.000000000000000000e+00,0.000000000000000000e+00,-0.000000000000000000e+00,-2.240443698149399421e-01,0.000000000000000000e+00,-0.000000000000000000e+00,-2.063825771673966358e-01,-0.000000000000000000e+00,0.000000000000000000e+00,-0.000000000000000000e+00,-2.904604402995076273e-01,-0.000000000000000000e+00
-1.375489524695116539e-01,0.000000000000000000e+00,-0.000000000000000000e+00,-0.000000000000000000e+00,-2.524411702365348953e-01,2.998294737869916737e+00,-1.071076566995401713e-01,2.994211817240751295e-03,0.000000000000000000e+00,0.000000000000000000e+00,-0.000000000000000000e+00,0.000000000000000000e+00,0.000000000000000000e+00,2.257628258377573360e-01,-0.000000000000000000e+00,-0.000000000000000000e+00,-0.000000000000000000e+00,-0.000000000000000000e+00,0.000000000000000000e+00,-4.652779053588748104e-01,-0.000000000000000000e+00,-0.000000000000000000e+00,-6.248966105987303621e-01,-8.628124392705595058e-01,-5.156144654494930479e-02,-0.000000000000000000e+00,0.000000000000000000e+00,-0.000000000000000000e+00,-0.000000000000000000e+00,-0.000000000000000000e+00,-1.298869038557905198e-01,-0.000000000000000000e+00,-0.000000000000000000e+00,0.000000000000000000e+00,-3.070127844102369941e-01,1.516861239497026585e-03,-0.000000000000000000e+00,-9.806533378164629042e-03,0.000000000000000000e+00
-5.402500916724084501e-02,6.016080831030338194e-01,-0.000000000000000000e+00,-0.000000000000000000e+00,-0.000000000000000000e+00,-1.071076566995401713e-01,2.555496611115106731e+00,-0.000000000000000000e+00,-0.000000000000000000e+00,0.000000000000000000e+00,0.000000000000000000e+00,7.904748120889871776e-01,1.260019884883049335e-01,2.669267925515187989e-01,-1.653780757184584449e-01,-0.000000000000000000e+00,-0.000000000000000000e+00,0.000000000000000000e+00,0.000000000000000000e+00,-3.028306362187704881e-02,-0.000000000000000000e+00,0.000000000000000000e+00,-1.003967847321253493e-01,-0.000000000000000000e+00,-0.000000000000000000e+00,0.000000000000000000e+00,0.000000000000000000e+00,0.000000000000000000e+00,-0.000000000000000000e+00,-0.000000000000000000e+00,-0.000000000000000000e+00,0.000000000000000000e+00,0.000000000000000000e+00,0.000000000000000000e+00,-1.226996611470813486e-01,0.000000000000000000e+00,0.000000000000000000e+00,-3.645586581487595956e-01,0.000000000000000000e+00
0.000000000000000000e+00,0.000000000000000000e+00,1.018178820732810186e+00,0.000000000000000000e+00,1.393347378783136303e-01,2.994211817240751295e-03,-0.000000000000000000e+00,2.998279008059915540e+00,0.000000000000000000e+00,0.000000000000000000e+00,0.000000000000000000e+00,0.000000000000000000e+00,0.000000000000000000e+00,-0.000000000000000000e+00,0.000000000000000000e+00,-0.000000000000000000e+00,0.000000000000000000e+00,2.307227493717468603e-01,1.053966420807595505e-01,0.000000000000000000e+00,5.110697562461299359e-01,0.000000000000000000e+00,0.000000000000000000e+00,3.783906615126065298e-01,2.873095598868332518e-02,7.430479876484576141e-02,-0.000000000000000000e+00,0.000000000000000000e+00,-0.000000000000000000e+00,0.000000000000000000e+00,0.000000000000000000e+00,0.000000000000000000e+00,5.334906901296769810e-01,0.000000000000000000e+00,0.000000000000000000e+00,-0.000000000000000000e+00,1.479428964638568045e-01,-0.000000000000000000e+00,0.000000000000000000e+00
-0.000000000000000000e+00,-0.000000000000000000e+00,-0.000000000000000000e+00,-0.000000000000000000e+00,-2.720622877113335614e-01,0.000000000000000000e+00,-0.000000000000000000e+00,0.000000000000000000e+00,1.780185366716277029e+00,-4.670727457341349309e-01,0.000000000000000000e+00,-0.000000000000000000e+00,0.000000000000000000e+00,-0.000000000000000000e+00,-0.000000000000000000e+00,-2.915427379003810993e-01,0.000000000000000000e+00,-0.000000000000000000e+00,-0.000000000000000000e+00,0.000000000000000000e+00,-0.000000000000000000e+00,-0.000000000000000000e+00,0.000000000000000000e+00,0.000000000000000000e+00,-0.000000000000000000e+00,-0.000000000000000000e+00,-0.000000000000000000e+00,0.000000000000000000e+00,0.000000000000000000e+00,-9.816180341477510896e-02,-0.000000000000000000e+00,0.000000000000000000e+00,0.000000000000000000e+00,-3.554366970034645301e-01,0.000000000000000000e+00,-3.257624489050002237e-01,0.000000000000000000e+00,-1.875544311935355146e-01,-1.051614019716081982e-01
0.000000000000000000e+00,-0.000000000000000000e+00,-0.000000000000000000e+00,-1.310147166134336405e-01,-0.000000000000000000e+00,0.000000000000000000e+00,0.000000000000000000e+00,0.000000000000000000e+00,-4.670727457341349309e-01,1.941317729538973413e+00,0.000000000000000000e+00,-1.530115358649030040e-02,-0.000000000000000000e+00,-0.000000000000000000e+00,0.000000000000000000e+00,-1.032593185753716558e-01,0.000000000000000000e+00,-0.000000000000000000e+00,-0.000000000000000000e+00,0.000000000000000000e+00,-0.000000000000000000e+00,-0.000000000000000000e+00,0.000000000000000000e+00,0.000000000000000000e+00,0.000000000000000000e+00,0.000000000000000000e+00,-0.000000000000000000e+00,0.000000000000000000e+00,5.963462458640318015e-02,-0.000000000000000000e+00,0.000000000000000000e+00,-0.000000000000000000e+00,-0.000000000000000000e+00,-0.000000000000000000e+00,0.000000000000000000e+00,-6.237307821805511132e-01,-0.000000000000000000e+00,-0.000000000000000000e+00,-5.984460328127332307e-01
0.000000000000000000e+00,-0.000000000000000000e+00,-0.000000000000000000e+00,-0.000000000000000000e+00,0.000000000000000000e+00,-0.000000000000000000e+00,0.000000000000000000e+00,0.000000000000000000e+00,0.000000000000000000e+00,0.000000000000000000e+00,1.348511973353489601e+00,-0.000000000000000000e+00,-9.274409884353811140e-02,-0.000000000000000000e+00,0.000000000000000000e+00,0.000000000000000000e+00,-2.314090488671318169e-01,-0.000000000000000000e+00,-0.000000000000000000e+00,-0.000000000000000000e+00,-0.000000000000000000e+00,-0.000000000000000000e+00,-0.000000000000000000e+00,-0.000000000000000000e+00,-1.913100747305159777e-01,0.000000000000000000e+00,0.000000000000000000e+00,-0.000000000000000000e+00,-0.000000000000000000e+00,3.906970055124060759e-02,0.000000000000000000e+00,-3.438779598143771321e-01,-7.399170441288149824e-02,-0.000000000000000000e+00,-0.000000000000000000e+00,0.000000000000000000e+00,-1.709567859763466147e-01,7.300222414494628165e-02,-0.000000000000000000e+00
1.969526403327909736e-01,-5.668537989251336562e-01,-0.000000000000000000e+00,-0.000000000000000000e+00,0.000000000000000000e+00,0.000000000000000000e+00,7.904748120889871776e-01,0.000000000000000000e+00,-0.000000000000000000e+00,-1.530115358649030040e-02,-0.000000000000000000e+00,2.987529885436541299e+00,-4.102374116138043925e-01,-0.000000000000000000e+00,0.000000000000000000e+00,0.000000000000000000e+00,0.000000000000000000e+00,-2.911382863499160228e-02,-1.852602749547328786e-01,0.000000000000000000e+00,-0.000000000000000000e+00,-0.000000000000000000e+00,1.678940884991752050e-02,0.000000000000000000e+00,0.000000000000000000e+00,0.000000000000000000e+00,-0.000000000000000000e+00,-0.000000000000000000e+00,0.000000000000000000e+00,0.000000000000000000e+00,9.666826612830303755e-02,-5.233433021902541421e-03,-2.126144562414246930e-01,-0.000000000000000000e+00,1.626763594364342702e-01,-4.832751005244353970e-02,-0.000000000000000000e+00,3.712558032934681895e-01,-4.157890865272398928e-01
0.000000000000000000e+00,-4.189408745264323608e-01,-0.000000000000000000e+00,-0.000000000000000000e+00,0.000000000000000000e+00,0.000000000000000000e+00,1.260019884883049335e-01,0.000000000000000000e+00,0.000000000000000000e+00,-0.000000000000000000e+00,-9.274409884353811140e-02,-4.102374116138043925e-01,2.204959804105584009e+00,-0.000000000000000000e+00,0.000000000000000000e+00,1.019209073804513560e-01,-0.000000000000000000e+00,-0.000000000000000000e+00,-0.000000000000000000e+00,0.000000000000000000e+00,-0.000000000000000000e+00,-6.958784824574368311e-02,0.000000000000000000e+00,-0.000000000000000000e+00,0.000000000000000000e+00,-0.000000000000000000e+00,0.000000000000000000e+00,-0.000000000000000000e+00,1.340758384668918300e-02,0.000000000000000000e+00,4.145856432298765104e-01,-3.191093223102856591e-01,-2.595516664745508018e-01,-0.000000000000000000e+00,0.000000000000000000e+00,-0.000000000000000000e+00,-2.401443031864755329e-01,6.906436335434890106e-02,-1.128438333907184760e-01
0.000000000000000000e+00,-1.566369901229617279e-01,0.000000000000000000e+00,0.000000000000000000e+00,0.000000000000000000e+00,2.257628258377573360e-01,2.669267925515187989e-01,-0.000000000000000000e+00,-0.000000000000000000e+00,-0.000000000000000000e+00,-0.000000000000000000e+00,-0.000000000000000000e+00,-0.000000000000000000e+00,2.167213078735553022e+00,3.845932767589922696e-02,0.000000000000000000e+00,0.000000000000000000e+00,0.000000000000000000e+00,-0.000000000000000000e+00,5.942263484438924381e-01,0.000000000000000000e+00,0.000000000000000000e+00,1.514180964318927181e-01,1.073224283924248956e-01,0.000000000000000000e+00,-0.000000000000000000e+00,-5.948309523698565027e-01,0.000000000000000000e+00,0.000000000000000000e+00,5.974796239374917384e-02,0.000000000000000000e+00,-0.000000000000000000e+00,0.000000000000000000e+00,0.000000000000000000e+00,5.467400038425880571e-02,-1.492122319422628518e-01,0.000000000000000000e+00,0.000000000000000000e+00,-0.000000000000000000e+00
-3.416701566888900587e-01,3.710955461416667878e-01,-0.000000000000000000e+00,1.904739458858127343e-01,-0.000000000000000000e+00,-0.000000000000000000e+00,-1.653780757184584449e-01,0.000000000000000000e+00,-0.000000000000000000e+00,0.000000000000000000e+00,0.000000000000000000e+00,0.000000000000000000e+00,0.000000000000000000e+00,3.845932767589922696e-02,1.611642373373692427e+00,-8.523659863185499563e-02,-0.000000000000000000e+00,-0.000000000000000000e+00,0.000000000000000000e+00,-0.000000000000000000e+00,-0.000000000000000000e+00,-0.000000000000000000e+00,-0.000000000000000000e+00,-0.000000000000000000e+00,-0.000000000000000000e+00,-0.000000000000000000e+00,0.000000000000000000e+00,0.000000000000000000e+00,0.000000000000000000e+00,-0.000000000000000000e+00,-0.000000000000000000e+00,2.316836123388984758e-01,0.000000000000000000e+00,-0.000000000000000000e+00,-0.000000000000000000e+00,0.000000000000000000e+00,0.000000000000000000e+00,-0.000000000000000000e+00,9.026143640274102153e-02
-0.000000000000000000e+00,0.000000000000000000e+00,-0.000000000000000000e+00,-0.000000000000000000e+00,-9.208029069456367954e-02,-0.000000000000000000e+00,-0.000000000000000000e+00,-0.000000000000000000e+00,-2.915427379003810993e-01,-1.032593185753716558e-01,0.000000000000000000e+00,0.000000000000000000e+00,1.019209073804513560e-01,0.000000000000000000e+00,-8.523659863185499563e-02,1.553847717816442264e+00,0.000000000000000000e+00,-0.000000000000000000e+00,-0.000000000000000000e+00,-0.000000000000000000e+00,-0.000000000000000000e+00,0.000000000000000000e+00,-0.000000000000000000e+00,-0.000000000000000000e+00,-0.000000000000000000e+00,0.000000000000000000e+00,0.000000000000000000e+00,-0.000000000000000000e+00,-0.000000000000000000e+00,-4.473246845449728726e-01,-0.000000000000000000e+00,3.218713047978148389e-01,0.000000000000000000e+00,-1.514202129607254872e-02,-0.000000000000000000e+00,-0.000000000000000000e+00,0.000000000000000000e+00,-2.387561068900552752e-01,-0.000000000000000000e+00
-0.000000000000000000e+00,0.000000000000000000e+00,-0.000000000000000000e+00,-0.000000000000000000e+00,0.000000000000000000e+00,-0.000000000000000000e+00,-0.000000000000000000e+00,0.000000000000000000e+00,0.000000000000000000e+00,0.000000000000000000e+00,-2.314090488671318169e-01,0.000000000000000000e+00,-0.000000000000000000e+00,0.000000000000000000e+00,-0.000000000000000000e+00,0.000000000000000000e+00,1.186082754993178945e+00,-0.000000000000000000e+00,0.000000000000000000e+00,-0.000000000000000000e+00,-0.000000000000000000e+00,0.000000000000000000e+00,-2.650422737297333797e-01,-0.000000000000000000e+00,-9.163219410801913545e-02,-0.000000000000000000e+00,0.000000000000000000e+00,0.000000000000000000e+00,-0.000000000000000000e+00,0.000000000000000000e+00,0.000000000000000000e+00,-0.000000000000000000e+00,-0.000000000000000000e+00,0.000000000000000000e+00,-4.624568507472411050e-02,0.000000000000000000e+00,-0.000000000000000000e+00,-0.000000000000000000e+00,0.000000000000000000e+00
-0.000000000000000000e+00,-0.000000000000000000e+00,-8.168177354342157082e-02,-0.000000000000000000e+00,-0.000000000000000000e+00,-0.000000000000000000e+00,0.000000000000000000e+00,2.307227493717468603e-01,-0.000000000000000000e+00,-0.000000000000000000e+00,-0.000000000000000000e+00,-2.911382863499160228e-02,-0.000000000000000000e+00,0.000000000000000000e+00,-0.000000000000000000e+00,-0.000000000000000000e+00,-0.000000000000000000e+00,1.743472053805752209e+00,-5.337293951474347820e-01,-0.000000000000000000e+00,-0.000000000000000000e+00,-2.074077731209461317e-01,-0.000000000000000000e+00,-0.000000000000000000e+00,-0.000000000000000000e+00,-1.198848138965264293e-01,0.000000000000000000e+00,-0.000000000000000000e+00,0.000000000000000000e+00,-0.000000000000000000e+00,0.000000000000000000e+00,0.000000000000000000e+00,-1.639623252107401397e-01,-2.239382208082658365e-01,0.000000000000000000e+00,-0.000000000000000000e+00,-0.000000000000000000e+00,0.000000000000000000e+00,-0.000000000000000000e+00
0.000000000000000000e+00,-3.367047633046624799e-01,-7.253837895844988948e-02,-5.270337750904884218e-04,-1.770089375797452014e-01,0.000000000000000000e+00,0.000000000000000000e+00,1.053966420807595505e-01,-0.000000000000000000e+00,-0.000000000000000000e+00,-0.000000000000000000e+00,-1.852602749547328786e-01,-0.000000000000000000e+00,-0.000000000000000000e+00,0.000000000000000000e+00,-0.000000000000000000e+00,0.000000000000000000e+00,-5.337293951474347820e-01,2.425789559527353312e+00,-0.000000000000000000e+00,-0.000000000000000000e+00,-0.000000000000000000e+00,0.000000000000000000e+00,-0.000000000000000000e+00,-0.000000000000000000e+00,-0.000000000000000000e+00,-0.000000000000000000e+00,-0.000000000000000000e+00,0.000000000000000000e+00,0.000000000000000000e+00,0.000000000000000000e+00,-0.000000000000000000e+00,-5.491301053614184857e-01,-5.192938150274428732e-01,0.000000000000000000e+00,-0.000000000000000000e+00,-0.000000000000000000e+00,0.000000000000000000e+00,-2.821177920655300042e-01
-0.000000000000000000e+00,0.000000000000000000e+00,-1.564472789664913821e-01,-0.000000000000000000e+00,-0.000000000000000000e+00,-4.652779053588748104e-01,-3.028306362187704881e-02,0.000000000000000000e+00,0.000000000000000000e+00,0.000000000000000000e+00,-0.000000000000000000e+00,0.000000000000000000e+00,0.000000000000000000e+00,5.942263484438924381e-01,-0.000000000000000000e+00,-0.000000000000000000e+00,-0.000000000000000000e+00,-0.000000000000000000e+00,-0.000000000000000000e+00,2.293972511846022577e+00,-4.562936041044391433e-01,-0.000000000000000000e+00,-2.489556853801291186e-02,-2.027787418972192557e-01,-0.000000000000000000e+00,0.000000000000000000e+00,1.975530931245751687e-02,-2.289542644566990026e-01,-0.000000000000000000e+00,-0.000000000000000000e+00,-9.953379822175302538e-02,0.000000000000000000e+00,-0.000000000000000000e+00,-0.000000000000000000e+00,-0.000000000000000000e+00,7.743468271021169969e-02,-0.000000000000000000e+00,-0.000000000000000000e+00,0.000000000000000000e+00
-0.000000000000000000e+00,0.000000000000000000e+00,-7.453242859941571208e-01,-0.000000000000000000e+00,-2.581578575779948648e-01,-0.000000000000000000e+00,-0.000000000000000000e+00,5.110697562461299359e-01,-0.000000000000000000e+00,-0.000000000000000000e+00,-0.000000000000000000e+00,-0.000000000000000000e+00,-0.000000000000000000e+00,0.000000000000000000e+00,-0.000000000000000000e+00,-0.000000000000000000e+00,-0.000000000000000000e+00,-0.000000000000000000e+00,-0.000000000000000000e+00,-4.562936041044391433e-01,2.837227008434523690e+00,-3.196942481626669497e-01,-0.000000000000000000e+00,-1.852062402500635752e-02,-1.476129966006066718e-01,-0.000000000000000000e+00,0.000000000000000000e+00,-2.517355207841776576e-01,0.000000000000000000e+00,-0.000000000000000000e+00,-0.000000000000000000e+00,-0.000000000000000000e+00,-2.528780073769202330e-01,-1.509055826211058368e-03,-0.000000000000000000e+00,0.000000000000000000e+00,-0.000000000000000000e+00,-0.000000000000000000e+00,-0.000000000000000000e+00
0.000000000000000000e+00,-0.000000000000000000e+00,-4.071212054019133220e-01,-0.000000000000000000e+00,-0.000000000000000000e+00,-0.000000000000000000e+00,0.000000000000000000e+00,0.000000000000000000e+00,-0.000000000000000000e+00,-0.000000000000000000e+00,-0.000000000000000000e+00,-0.000000000000000000e+00,-6.958784824574368311e-02,0.000000000000000000e+00,-0.000000000000000000e+00,0.000000000000000000e+00,0.000000000000000000e+00,-2.074077731209461317e-01,-0.000000000000000000e+00,-0.000000000000000000e+00,-3.196942481626669497e-01,2.067723516279473817e+00,0.000000000000000000e+00,-0.000000000000000000e+00,0.000000000000000000e+00,0.000000000000000000e+00,1.293229215128114395e-01,-5.298593848841430809e-01,2.950399067125840380e-02,-0.000000000000000000e+00,0.000000000000000000e+00,-0.000000000000000000e+00,-2.775329715432475752e-01,-0.000000000000000000e+00,0.000000000000000000e+00,-0.000000000000000000e+00,-0.000000000000000000e+00,0.000000000000000000e+00,-0.000000000000000000e+00
-4.672504124367712341e-01,0.000000000000000000e+00,-0.000000000000000000e+00,-0.000000000000000000e+00,-0.000000000000000000e+00,-6.248966105987303621e-01,-1.003967847321253493e-01,0.000000000000000000e+00,0.000000000000000000e+00,0.000000000000000000e+00,-0.000000000000000000e+00,1.678940884991752050e-02,0.000000000000000000e+00,1.514180964318927181e-01,-0.000000000000000000e+00,-0.000000000000000000e+00,-2.650422737297333797e-01,-0.000000000000000000e+00,0.000000000000000000e+00,-2.489556853801291186e-02,-0.000000000000000000e+00,0.000000000000000000e+00,3.289716631905423405e+00,-4.600056987546186082e-01,-6.777477124243332929e-01,-0.000000000000000000e+00,0.000000000000000000e+00,-0.000000000000000000e+00,-0.000000000000000000e+00,-0.000000000000000000e+00,-1.090718813715566143e-01,0.000000000000000000e+00,-0.000000000000000000e+00,0.000000000000000000e+00,-7.287472325298796072e-01,3.572171621880003423e-02,-0.000000000000000000e+00,-0.000000000000000000e+00,0.000000000000000000e+00
-0.000000000000000000e+00,0.000000000000000000e+00,-2.053896116576774955e-01,-0.000000000000000000e+00,-3.065743344960211725e-02,-8.628124392705595058e-01,-0.000000000000000000e+00,3.783906615126065298e-01,0.000000000000000000e+00,0.000000000000000000e+00,-0.000000000000000000e+00,0.000000000000000000e+00,-0.000000000000000000e+00,1.073224283924248956e-01,-0.000000000000000000e+00,-0.000000000000000000e+00,-0.000000000000000000e+00,-0.000000000000000000e+00,-0.000000000000000000e+00,-2.027787418972192557e-01,-1.852062402500635752e-02,-0.000000000000000000e+00,-4.600056987546186082e-01,3.134950346155514822e+00,-4.650428824901742808e-01,-0.000000000000000000e+00,0.000000000000000000e+00,-0.000000000000000000e+00,-0.000000000000000000e+00,-0.000000000000000000e+00,-0.000000000000000000e+00,-0.000000000000000000e+00,-0.000000000000000000e+00,-0.000000000000000000e+00,-2.902363095613710864e-01,8.111774452999864771e-02,-3.633818261060121624e-01,-0.000000000000000000e+00,0.000000000000000000e+00
-1.209276280055612829e-01,0.000000000000000000e+00,-0.000000000000000000e+00,-0.000000000000000000e+00,-2.693124743164704848e-01,-5.156144654494930479e-02,-0.000000000000000000e+00,2.873095598868332518e-02,-0.000000000000000000e+00,0.000000000000000000e+00,-1.913100747305159777e-01,0.000000000000000000e+00,0.000000000000000000e+00,0.000000000000000000e+00,-0.000000000000000000e+00,-0.000000000000000000e+00,-9.163219410801913545e-02,-0.000000000000000000e+00,-0.000000000000000000e+00,-0.000000000000000000e+00,-1.476129966006066718e-01,0.000000000000000000e+00,-6.777477124243332929e-01,-4.650428824901742808e-01,2.230914717236324840e+00,-0.000000000000000000e+00,0.000000000000000000e+00,-0.000000000000000000e+00,-0.000000000000000000e+00,-0.000000000000000000e+00,-0.000000000000000000e+00,-0.000000000000000000e+00,-0.000000000000000000e+00,-0.000000000000000000e+00,-1.944020057701331683e-01,0.000000000000000000e+00,-0.000000000000000000e+00,-0.000000000000000000e+00,-0.000000000000000000e+00
-4.418431559047160118e-01,-0.000000000000000000e+00,-0.000000000000000000e+00,1.011221677092504212e-01,-0.000000000000000000e+00,-0.000000000000000000e+00,0.000000000000000000e+00,7.430479876484576141e-02,-0.000000000000000000e+00,0.000000000000000000e+00,0.000000000000000000e+00,0.000000000000000000e+00,-0.000000000000000000e+00,-0.000000000000000000e+00,-0.000000000000000000e+00,0.000000000000000000e+00,-0.000000000000000000e+00,-1.198848138965264293e-01,-0.000000000000000000e+00,0.000000000000000000e+00,-0.000000000000000000e+00,0.000000000000000000e+00,-0.000000000000000000e+00,-0.000000000000000000e+00,-0.000000000000000000e+00,1.222930960958706681e+00,-2.858573997012056056e-01,5.549348808039433062e-03,-0.000000000000000000e+00,0.000000000000000000e+00,0.000000000000000000e+00,0.000000000000000000e+00,-0.000000000000000000e+00,-0.000000000000000000e+00,-0.000000000000000000e+00,-0.000000000000000000e+00,0.000000000000000000e+00,0.000000000000000000e+00,0.000000000000000000e+00
-0.000000000000000000e+00,-0.000000000000000000e+00,0.000000000000000000e+00,0.000000000000000000e+00,-0.000000000000000000e+00,0.000000000000000000e+00,0.000000000000000000e+00,-0.000000000000000000e+00,-0.000000000000000000e+00,-0.000000000000000000e+00,0.000000000000000000e+00,-0.000000000000000000e+00,0.000000000000000000e+00,-5.948309523698565027e-01,0.000000000000000000e+00,0.000000000000000000e+00,0.000000000000000000e+00,0.000000000000000000e+00,-0.000000000000000000e+00,1.975530931245751687e-02,0.000000000000000000e+00,1.293229215128114395e-01,0.000000000000000000e+00,0.000000000000000000e+00,0.000000000000000000e+00,-2.858573997012056056e-01,1.950744473023720449e+00,5.198251858634441724e-01,-0.000000000000000000e+00,0.000000000000000000e+00,-0.000000000000000000e+00,0.000000000000000000e+00,0.000000000000000000e+00,0.000000000000000000e+00,0.000000000000000000e+00,-8.510204639520826952e-02,4.473178247787154005e-01,0.000000000000000000e+00,0.000000000000000000e+00
0.000000000000000000e+00,-0.000000000000000000e+00,-1.564681748143258722e-01,-4.885485388438303572e-02,-0.000000000000000000e+00,-0.000000000000000000e+00,0.000000000000000000e+00,0.000000000000000000e+00,0.000000000000000000e+00,0.000000000000000000e+00,-0.000000000000000000e+00,-0.000000000000000000e+00,-0.000000000000000000e+00,0.000000000000000000e+00,0.000000000000000000e+00,-0.000000000000000000e+00,0.000000000000000000e+00,-0.000000000000000000e+00,-0.000000000000000000e+00,-2.289542644566990026e-01,-2.517355207841776576e-01,-5.298593848841430809e-01,-0.000000000000000000e+00,-0.000000000000000000e+00,-0.000000000000000000e+00,5.549348808039433062e-03,5.198251858634441724e-01,2.155000694149848961e+00,0.000000000000000000e+00,-0.000000000000000000e+00,0.000000000000000000e+00,-0.000000000000000000e+00,-0.000000000000000000e+00,-0.000000000000000000e+00,0.000000000000000000e+00,0.000000000000000000e+00,-3.590501595771817267e-01,0.000000000000000000e+00,-0.000000000000000000e+00
-1.979167544054273586e-01,0.000000000000000000e+00,0.000000000000000000e+00,-0.000000000000000000e+00,0.000000000000000000e+00,-0.000000000000000000e+00,-0.000000000000000000e+00,-0.000000000000000000e+00,0.000000000000000000e+00,5.963462458640318015e-02,-0.000000000000000000e+00,0.000000000000000000e+00,1.340758384668918300e-02,0.000000000000000000e+00,0.000000000000000000e+00,-0.000000000000000000e+00,-0.000000000000000000e+00,0.000000000000000000e+00,0.000000000000000000e+00,-0.000000000000000000e+00,0.000000000000000000e+00,2.950399067125840380e-02,-0.000000000000000000e+00,-0.000000000000000000e+00,-0.000000000000000000e+00,-0.000000000000000000e+00,-0.000000000000000000e+00,0.000000000000000000e+00,1.055614363348891027e+00,-0.000000000000000000e+00,-0.000000000000000000e+00,-0.000000000000000000e+00,0.000000000000000000e+00,0.000000000000000000e+00,-0.000000000000000000e+00,5.238762925557902822e-02,0.000000000000000000e+00,-0.000000000000000000e+00,0.000000000000000000e+00
-0.000000000000000000e+00,0.000000000000000000e+00,-0.000000000000000000e+00,-0.000000000000000000e+00,-0.000000000000000000e+00,-0.000000000000000000e+00,-0.000000000000000000e+00,0.000000000000000000e+00,-9.816180341477510896e-02,-0.000000000000000000e+00,3.906970055124060759e-02,0.000000000000000000e+00,0.000000000000000000e+00,5.974796239374917384e-02,-0.000000000000000000e+00,-4.473246845449728726e-01,0.000000000000000000e+00,-0.000000000000000000e+00,0.000000000000000000e+00,-0.000000000000000000e+00,-0.000000000000000000e+00,-0.000000000000000000e+00,-0.000000000000000000e+00,-0.000000000000000000e+00,-0.000000000000000000e+00,0.000000000000000000e+00,0.000000000000000000e+00,-0.000000000000000000e+00,-0.000000000000000000e+00,1.230540192324802939e+00,-0.000000000000000000e+00,0.000000000000000000e+00,0.000000000000000000e+00,-0.000000000000000000e+00,-0.000000000000000000e+00,-8.763824409388742964e-02,0.000000000000000000e+00,-2.797379482727096675e-02,-0.000000000000000000e+00
-4.776805556963319849e-02,0.000000000000000000e+00,-0.000000000000000000e+00,-0.000000000000000000e+00,-2.240443698149399421e-01,-1.298869038557905198e-01,-0.000000000000000000e+00,0.000000000000000000e+00,-0.000000000000000000e+00,0.000000000000000000e+00,0.000000000000000000e+00,9.666826612830303755e-02,4.145856432298765104e-01,0.000000000000000000e+00,-0.000000000000000000e+00,-0.000000000000000000e+00,0.000000000000000000e+00,0.000000000000000000e+00,0.000000000000000000e+00,-9.953379822175302538e-02,-0.000000000000000000e+00,0.000000000000000000e+00,-1.090718813715566143e-01,-0.000000000000000000e+00,-0.000000000000000000e+00,0.000000000000000000e+00,-0.000000000000000000e+00,0.000000000000000000e+00,-0.000000000000000000e+00,-0.000000000000000000e+00,1.493263488323430366e+00,0.000000000000000000e+00,0.000000000000000000e+00,0.000000000000000000e+00,-1.467492919907633156e-02,0.000000000000000000e+00,0.000000000000000000e+00,-1.789040769189255975e-01,0.000000000000000000e+00
0.000000000000000000e+00,-0.000000000000000000e+00,-0.000000000000000000e+00,-0.000000000000000000e+00,0.000000000000000000e+00,-0.000000000000000000e+00,0.000000000000000000e+00,0.000000000000000000e+00,0.000000000000000000e+00,-0.000000000000000000e+00,-3.438779598143771321e-01,-5.233433021902541421e-03,-3.191093223102856591e-01,-0.000000000000000000e+00,2.316836123388984758e-01,3.218713047978148389e-01,-0.000000000000000000e+00,0.000000000000000000e+00,-0.000000000000000000e+00,0.000000000000000000e+00,-0.000000000000000000e+00,-0.000000000000000000e+00,0.000000000000000000e+00,-0.000000000000000000e+00,-0.000000000000000000e+00,0.000000000000000000e+00,0.000000000000000000e+00,-0.000000000000000000e+00,-0.000000000000000000e+00,0.000000000000000000e+00,0.000000000000000000e+00,1.668420691680210455e+00,-8.588791225379736882e-02,-0.000000000000000000e+00,0.000000000000000000e+00,0.000000000000000000e+00,-2.235464418261784436e-01,9.376853671820960245e-02,-1.802632421743311231e-01
0.000000000000000000e+00,-4.240582785982708464e-02,-3.810622571946311599e-01,-6.710750579538768412e-02,-0.000000000000000000e+00,-0.000000000000000000e+00,0.000000000000000000e+00,5.334906901296769810e-01,0.000000000000000000e+00,-0.000000000000000000e+00,-7.399170441288149824e-02,-2.126144562414246930e-01,-2.595516664745508018e-01,0.000000000000000000e+00,0.000000000000000000e+00,0.000000000000000000e+00,-0.000000000000000000e+00,-1.639623252107401397e-01,-5.491301053614184857e-01,-0.000000000000000000e+00,-2.528780073769202330e-01,-2.775329715432475752e-01,-0.000000000000000000e+00,-0.000000000000000000e+00,-0.000000000000000000e+00,-0.000000000000000000e+00,0.000000000000000000e+00,-0.000000000000000000e+00,0.000000000000000000e+00,0.000000000000000000e+00,0.000000000000000000e+00,-8.588791225379736882e-02,2.566689185909321935e+00,-1.641015188974104949e-02,0.000000000000000000e+00,-0.000000000000000000e+00,-2.289512758772312140e-02,0.000000000000000000e+00,-0.000000000000000000e+00
-0.000000000000000000e+00,-0.000000000000000000e+00,-0.000000000000000000e+00,-0.000000000000000000e+00,-2.063825771673966358e-01,0.000000000000000000e+00,0.000000000000000000e+00,0.000000000000000000e+00,-3.554366970034645301e-01,-0.000000000000000000e+00,-0.000000000000000000e+00,-0.000000000000000000e+00,-0.000000000000000000e+00,0.000000000000000000e+00,-0.000000000000000000e+00,-1.514202129607254872e-02,0.000000000000000000e+00,-2.239382208082658365e-01,-5.192938150274428732e-01,-0.000000000000000000e+00,-1.509055826211058368e-03,-0.000000000000000000e+00,0.000000000000000000e+00,-0.000000000000000000e+00,-0.000000000000000000e+00,-0.000000000000000000e+00,0.000000000000000000e+00,-0.000000000000000000e+00,0.000000000000000000e+00,-0.000000000000000000e+00,0.000000000000000000e+00,-0.000000000000000000e+00,-1.641015188974104949e-02,1.651079213484900166e+00,0.000000000000000000e+00,-0.000000000000000000e+00,-0.000000000000000000e+00,-0.000000000000000000e+00,-1.369924926004272014e-01
-5.214702105577627700e-01,0.000000000000000000e+00,-0.000000000000000000e+00,-0.000000000000000000e+00,-0.000000000000000000e+00,-3.070127844102369941e-01,-1.226996611470813486e-01,0.000000000000000000e+00,0.000000000000000000e+00,0.000000000000000000e+00,-0.000000000000000000e+00,1.626763594364342702e-01,0.000000000000000000e+00,5.467400038425880571e-02,-0.000000000000000000e+00,-0.000000000000000000e+00,-4.624568507472411050e-02,0.000000000000000000e+00,0.000000000000000000e+00,-0.000000000000000000e+00,-0.000000000000000000e+00,0.000000000000000000e+00,-7.287472325298796072e-01,-2.902363095613710864e-01,-1.944020057701331683e-01,-0.000000000000000000e+00,0.000000000000000000e+00,0.000000000000000000e+00,-0.000000000000000000e+00,-0.000000000000000000e+00,-1.467492919907633156e-02,0.000000000000000000e+00,0.000000000000000000e+00,0.000000000000000000e+00,2.488288699824702466e+00,4.315075531129414915e-02,-0.000000000000000000e+00,-2.613602657215393678e-03,0.000000000000000000e+00
0.000000000000000000e+00,-1.218629519818780482e-01,0.000000000000000000e+00,-0.000000000000000000e+00,0.000000000000000000e+00,1.516861239497026585e-03,0.000000000000000000e+00,-0.000000000000000000e+00,-3.257624489050002237e-01,-6.237307821805511132e-01,0.000000000000000000e+00,-4.832751005244353970e-02,-0.000000000000000000e+00,-1.492122319422628518e-01,0.000000000000000000e+00,-0.000000000000000000e+00,0.000000000000000000e+00,-0.000000000000000000e+00,-0.000000000000000000e+00,7.743468271021169969e-02,0.000000000000000000e+00,-0.000000000000000000e+00,3.572171621880003423e-02,8.111774452999864771e-02,0.000000000000000000e+00,-0.000000000000000000e+00,-8.510204639520826952e-02,0.000000000000000000e+00,5.238762925557902822e-02,-8.763824409388742964e-02,0.000000000000000000e+00,0.000000000000000000e+00,-0.000000000000000000e+00,-0.000000000000000000e+00,4.315075531129414915e-02,1.645327263413689733e+00,0.000000000000000000e+00,0.000000000000000000e+00,-1.118825582257090487e-02
0.000000000000000000e+00,-0.000000000000000000e+00,-3.491172477202001412e-01,-0.000000000000000000e+00,-0.000000000000000000e+00,-0.000000000000000000e+00,0.000000000000000000e+00,1.479428964638568045e-01,0.000000000000000000e+00,-0.000000000000000000e+00,-1.709567859763466147e-01,-0.000000000000000000e+00,-2.401443031864755329e-01,0.000000000000000000e+00,0.000000000000000000e+00,0.000000000000000000e+00,-0.000000000000000000e+00,-0.000000000000000000e+00,-0.000000000000000000e+00,-0.000000000000000000e+00,-0.000000000000000000e+00,-0.000000000000000000e+00,-0.000000000000000000e+00,-3.633818261060121624e-01,-0.000000000000000000e+00,0.000000000000000000e+00,4.473178247787154005e-01,-3.590501595771817267e-01,0.000000000000000000e+00,0.000000000000000000e+00,0.000000000000000000e+00,-2.235464418261784436e-01,-2.289512758772312140e-02,-0.000000000000000000e+00,-0.000000000000000000e+00,0.000000000000000000e+00,2.103641215808403686e+00,0.000000000000000000e+00,-0.000000000000000000e+00
-2.367338254986503798e-01,0.000000000000000000e+00,0.000000000000000000e+00,-0.000000000000000000e+00,-2.904604402995076273e-01,-9.806533378164629042e-03,-3.645586581487595956e-01,-0.000000000000000000e+00,-1.875544311935355146e-01,-0.000000000000000000e+00,7.300222414494628165e-02,3.712558032934681895e-01,6.906436335434890106e-02,0.000000000000000000e+00,-0.000000000000000000e+00,-2.387561068900552752e-01,-0.000000000000000000e+00,0.000000000000000000e+00,0.000000000000000000e+00,-0.000000000000000000e+00,-0.000000000000000000e+00,0.000000000000000000e+00,-0.000000000000000000e+00,-0.000000000000000000e+00,-0.000000000000000000e+00,0.000000000000000000e+00,0.000000000000000000e+00,0.000000000000000000e+00,-0.000000000000000000e+00,-2.797379482727096675e-02,-1.789040769189255975e-01,9.376853671820960245e-02,0.000000000000000000e+00,-0.000000000000000000e+00,-2.613602657215393678e-03,0.000000000000000000e+00,0.000000000000000000e+00,1.861752868529259919e+00,0.000000000000000000e+00
0.000000000000000000e+00,-4.616000289729875750e-01,-0.000000000000000000e+00,-2.023204732622073676e-01,-0.000000000000000000e+00,0.000000000000000000e+00,0.000000000000000000e+00,0.000000000000000000e+00,-1.051614019716081982e-01,-5.984460328127332307e-01,-0.000000000000000000e+00,-4.157890865272398928e-01,-1.128438333907184760e-01,-0.000000000000000000e+00,9.026143640274102153e-02,-0.000000000000000000e+00,0.000000000000000000e+00,-0.000000000000000000e+00,-2.821177920655300042e-01,0.000000000000000000e+00,-0.000000000000000000e+00,-0.000000000000000000e+00,0.000000000000000000e+00,0.000000000000000000e+00,-0.000000000000000000e+00,0.000000000000000000e+00,0.000000000000000000e+00,-0.000000000000000000e+00,0.000000000000000000e+00,-0.000000000000000000e+00,0.000000000000000000e+00,-1.802632421743311231e-01,-0.000000000000000000e+00,-1.369924926004272014e-01,0.000000000000000000e+00,-1.118825582257090487e-02,-0.000000000000000000e+00,0.000000000000000000e+00,2.272458044038299985e+00
