1.428452042033522940e+00,-1.977448156174391181e-01,-0.000000000000000000e+00,-0.000000000000000000e+00,-0.000000000000000000e+00,4.143721258734032846e-03,0.000000000000000000e+00,0.000000000000000000e+00,-7.219101821447328204e-02,-0.000000000000000000e+00,-0.000000000000000000e+00,0.000000000000000000e+00,-0.000000000000000000e+00,-3.835947515260249713e-02,-0.000000000000000000e+00,-5.947312831337345923e-02,-0.000000000000000000e+00,-0.000000000000000000e+00,-0.000000000000000000e+00,-0.000000000000000000e+00,-1.161070927569043086e-02,-0.000000000000000000e+00,-0.000000000000000000e+00,-3.216235978375066307e-03,-0.000000000000000000e+00,-0.000000000000000000e+00,-0.000000000000000000e+00,-0.000000000000000000e+00,-4.688460753292657546e-01,-1.375252362194957501e-01,-0.000000000000000000e+00,-0.000000000000000000e+00,-0.000000000000000000e+00,0.000000000000000000e+00,-0.000000000000000000e+00,-0.000000000000000000e+00,-1.360136187044888589e-01,-0.000000000000000000e+00,-0.000000000000000000e+00
-1.977448156174391181e-01,1.827490747616605349e+00,0.000000000000000000e+00,0.000000000000000000e+00,-0.000000000000000000e+00,-0.000000000000000000e+00,-0.000000000000000000e+00,-0.000000000000000000e+00,-0.000000000000000000e+00,-0.000000000000000000e+00,-4.476301476038067884e-02,-3.400940583054505584e-02,-1.346759950604694070e-02,-1.254597964393824594e-01,-6.056664498061618135e-02,-0.000000000000000000e+00,0.000000000000000000e+00,0.000000000000000000e+00,-0.000000000000000000e+00,-0.000000000000000000e+00,-0.000000000000000000e+00,-0.000000000000000000e+00,-0.000000000000000000e+00,-0.000000000000000000e+00,-0.000000000000000000e+00,-0.000000000000000000e+00,0.000000000000000000e+00,0.000000000000000000e+00,-0.000000000000000000e+00,-0.000000000000000000e+00,-0.000000000000000000e+00,-7.843886814730085533e-01,0.000000000000000000e+00,0.000000000000000000e+00,-0.000000000000000000e+00,-3.540155497648188043e-01,-8.046716534572412316e-02,0.000000000000000000e+00,-1.375724760339178676e-01
-0.000000000000000000e+00,0.000000000000000000e+00,2.816725327194466555e+00,-0.000000000000000000e+00,-4.448079061463413586e-01,0.000000000000000000e+00,0.000000000000000000e+00,1.587558405652993665e+00,-0.000000000000000000e+00,-0.000000000000000000e+00,-0.000000000000000000e+00,0.000000000000000000e+00,0.000000000000000000e+00,-0.000000000000000000e+00,0.000000000000000000e+00,-0.000000000000000000e+00,-0.000000000000000000e+00,-0.000000000000000000e+00,-4.440267200603087439e-01,-0.000000000000000000e+00,-1.228342873491360537e-01,-0.000000000000000000e+00,0.000000000000000000e+00,-0.000000000000000000e+00,-0.000000000000000000e+00,-0.000000000000000000e+00,0.000000000000000000e+00,-0.000000000000000000e+00,-0.000000000000000000e+00,-0.000000000000000000e+00,0.000000000000000000e+00,0.000000000000000000e+00,-3.271326214731433701e-01,-0.000000000000000000e+00,-0.000000000000000000e+00,0.000000000000000000e+00,0.000000000000000000e+00,-0.000000000000000000e+00,-0.000000000000000000e+00
-0.000000000000000000e+00,0.000000000000000000e+00,-0.000000000000000000e+00,1.261974437839336050e+00,-0.000000000000000000e+00,2.197826766138199009e-02,-3.709990376165079318e-01,2.076961525906881410e-03,-1.448768814186445625e-02,-0.000000000000000000e+00,0.000000000000000000e+00,-0.000000000000000000e+00,0.000000000000000000e+00,-0.000000000000000000e+00,0.000000000000000000e+00,-0.000000000000000000e+00,0.000000000000000000e+00,-0.000000000000000000e+00,-0.000000000000000000e+00,-1.580347574719729586e-01,-0.000000000000000000e+00,-0.000000000000000000e+00,-0.000000000000000000e+00,-8.527598771844075581e-03,-0.000000000000000000e+00,0.000000000000000000e+00,-0.000000000000000000e+00,1.237384673060984430e-02,-0.000000000000000000e+00,-0.000000000000000000e+00,8.917077388723614051e-02,-0.000000000000000000e+00,-0.000000000000000000e+00,-1.426100533608502252e-01,-0.000000000000000000e+00,0.000000000000000000e+00,0.000000000000000000e+00,-9.743907200978121907e-02,-0.000000000000000000e+00
-0.000000000000000000e+00,-0.000000000000000000e+00,-4.448079061463413586e-01,-0.000000000000000000e+00,1.912408990068410919e+00,0.000000000000000000e+00,0.000000000000000000e+00,1.126061507907128723e-01,-5.826523411600961072e-02,-1.520956334002478150e-01,0.000000000000000000e+00,-0.000000000000000000e+00,-0.000000000000000000e+00,-5.822599319939466417e-02,0.000000000000000000e+00,-0.000000000000000000e+00,0.000000000000000000e+00,-2.863261489050979158e-02,-0.000000000000000000e+00,-0.000000000000000000e+00,-1.597395338236538842e-01,-0.000000000000000000e+00,-0.000000000000000000e+00,-0.000000000000000000e+00,-1.172621214667041861e-02,-0.000000000000000000e+00,-0.000000000000000000e+00,-0.000000000000000000e+00,-0.000000000000000000e+00,-0.000000000000000000e+00,0.000000000000000000e+00,-0.000000000000000000e+00,-2.507178694836737498e-01,-4.766596394337729858e-01,-4.790548160920825305e-02,0.000000000000000000e+00,-0.000000000000000000e+00,-0.000000000000000000e+00,-1.238272374187293079e-01
4.143721258734032846e-03,-0.000000000000000000e+00,0.000000000000000000e+00,2.197826766138199009e-02,0.000000000000000000e+00,1.083756316044430346e+00,0.000000000000000000e+00,-0.000000000000000000e+00,0.000000000000000000e+00,0.000000000000000000e+00,0.000000000000000000e+00,9.743454568412712735e-02,0.000000000000000000e+00,-0.000000000000000000e+00,0.000000000000000000e+00,1.001308397018240981e-01,0.000000000000000000e+00,0.000000000000000000e+00,0.000000000000000000e+00,2.186489084404681996e-02,0.000000000000000000e+00,0.000000000000000000e+00,-0.000000000000000000e+00,0.000000000000000000e+00,-0.000000000000000000e+00,0.000000000000000000e+00,0.000000000000000000e+00,0.000000000000000000e+00,0.000000000000000000e+00,0.000000000000000000e+00,-0.000000000000000000e+00,0.000000000000000000e+00,0.000000000000000000e+00,0.000000000000000000e+00,-0.000000000000000000e+00,-0.000000000000000000e+00,-4.020419984006605441e-02,1.846174416107194127e-01,0.000000000000000000e+00
0.000000000000000000e+00,-0.000000000000000000e+00,0.000000000000000000e+00,-3.709990376165079318e-01,0.000000000000000000e+00,0.000000000000000000e+00,1.529690841127537615e+00,-0.000000000000000000e+00,0.000000000000000000e+00,-0.000000000000000000e+00,-7.885704566835641249e-02,-1.932900717278743241e-02,-0.000000000000000000e+00,-0.000000000000000000e+00,-0.000000000000000000e+00,-0.000000000000000000e+00,0.000000000000000000e+00,0.000000000000000000e+00,-0.000000000000000000e+00,-5.183166519219990498e-01,0.000000000000000000e+00,-1.086187431781027307e-01,-0.000000000000000000e+00,-0.000000000000000000e+00,-0.000000000000000000e+00,0.000000000000000000e+00,0.000000000000000000e+00,0.000000000000000000e+00,0.000000000000000000e+00,-0.000000000000000000e+00,-0.000000000000000000e+00,-1.509480100578522721e-01,0.000000000000000000e+00,-0.000000000000000000e+00,-0.000000000000000000e+00,-0.000000000000000000e+00,0.000000000000000000e+00,0.000000000000000000e+00,-0.000000000000000000e+00
0.000000000000000000e+00,-0.000000000000000000e+00,1.587558405652993665e+00,2.076961525906881410e-03,1.126061507907128723e-01,-0.000000000000000000e+00,-0.000000000000000000e+00,2.332782272357937003e+00,0.000000000000000000e+00,0.000000000000000000e+00,0.000000000000000000e+00,-7.743044493630227287e-02,-0.000000000000000000e+00,0.000000000000000000e+00,-2.021253629030379251e-01,0.000000000000000000e+00,0.000000000000000000e+00,0.000000000000000000e+00,1.152109761864741899e-01,0.000000000000000000e+00,1.106489423527730886e-01,0.000000000000000000e+00,-0.000000000000000000e+00,0.000000000000000000e+00,0.000000000000000000e+00,0.000000000000000000e+00,-0.000000000000000000e+00,0.000000000000000000e+00,0.000000000000000000e+00,0.000000000000000000e+00,-2.099746469082738529e-02,-0.000000000000000000e+00,0.000000000000000000e+00,0.000000000000000000e+00,0.000000000000000000e+00,-0.000000000000000000e+00,-0.000000000000000000e+00,0.000000000000000000e+00,0.000000000000000000e+00
-7.219101821447328204e-02,-0.000000000000000000e+00,-0.000000000000000000e+00,-1.448768814186445625e-02,-5.826523411600961072e-02,0.000000000000000000e+00,0.000000000000000000e+00,0.000000000000000000e+00,1.606295013885919554e+00,-0.000000000000000000e+00,0.000000000000000000e+00,-0.000000000000000000e+00,0.000000000000000000e+00,-7.338424055589637569e-03,0.000000000000000000e+00,-0.000000000000000000e+00,0.000000000000000000e+00,-2.491194072389258940e-01,-1.812229695758401510e-02,-0.000000000000000000e+00,-0.000000000000000000e+00,-0.000000000000000000e+00,-0.000000000000000000e+00,-1.250812646168050213e-01,-0.000000000000000000e+00,-1.172734091825631819e-01,-0.000000000000000000e+00,-0.000000000000000000e+00,-8.522397448887671090e-03,-0.000000000000000000e+00,0.000000000000000000e+00,-0.000000000000000000e+00,-0.000000000000000000e+00,-4.786029198871179502e-01,0.000000000000000000e+00,-0.000000000000000000e+00,-0.000000000000000000e+00,-0.000000000000000000e+00,-3.684352822635038049e-01
-0.000000000000000000e+00,-0.000000000000000000e+00,-0.000000000000000000e+00,-0.000000000000000000e+00,-1.520956334002478150e-01,0.000000000000000000e+00,-0.000000000000000000e+00,0.000000000000000000e+00,-0.000000000000000000e+00,2.104122938964094303e+00,-0.000000000000000000e+00,-0.000000000000000000e+00,-0.000000000000000000e+00,-0.000000000000000000e+00,0.000000000000000000e+00,-1.542467183702467548e-01,0.000000000000000000e+00,-0.000000000000000000e+00,-0.000000000000000000e+00,-0.000000000000000000e+00,-0.000000000000000000e+00,-0.000000000000000000e+00,-1.431747329959813242e-01,-0.000000000000000000e+00,-2.027911333745271161e-01,-0.000000000000000000e+00,-5.753172007367990393e-01,0.000000000000000000e+00,0.000000000000000000e+00,-1.875229283930730517e-01,0.000000000000000000e+00,-0.000000000000000000e+00,-0.000000000000000000e+00,-0.000000000000000000e+00,-2.419866399354840894e-02,0.000000000000000000e+00,-0.000000000000000000e+00,-4.672399220645459539e-01,-3.319198281901927783e-01
-0.000000000000000000e+00,-4.476301476038067884e-02,-0.000000000000000000e+00,0.000000000000000000e+00,0.000000000000000000e+00,0.000000000000000000e+00,-7.885704566835641249e-02,0.000000000000000000e+00,0.000000000000000000e+00,-0.000000000000000000e+00,1.688794909742031614e+00,-0.000000000000000000e+00,-6.296992733292161581e-02,-0.000000000000000000e+00,-1.129703822712493366e-01,-0.000000000000000000e+00,-3.700341626903780323e-01,0.000000000000000000e+00,-0.000000000000000000e+00,-1.944851300633929359e-01,-0.000000000000000000e+00,-3.122494973740987945e-01,-5.569248394882931642e-03,-0.000000000000000000e+00,-0.000000000000000000e+00,-0.000000000000000000e+00,0.000000000000000000e+00,-0.000000000000000000e+00,-0.000000000000000000e+00,0.000000000000000000e+00,-1.967529445820447032e-01,-2.851015142998824525e-01,-0.000000000000000000e+00,0.000000000000000000e+00,-8.029162916593748922e-02,-1.791044863995562564e-01,-0.000000000000000000e+00,3.823615413921978984e-02,0.000000000000000000e+00
0.000000000000000000e+00,-3.400940583054505584e-02,0.000000000000000000e+00,-0.000000000000000000e+00,-0.000000000000000000e+00,9.743454568412712735e-02,-1.932900717278743241e-02,-7.743044493630227287e-02,-0.000000000000000000e+00,-0.000000000000000000e+00,-0.000000000000000000e+00,1.432921830361682192e+00,-0.000000000000000000e+00,-0.000000000000000000e+00,-0.000000000000000000e+00,-0.000000000000000000e+00,1.140743858126810617e-01,-1.773104065085504555e-01,0.000000000000000000e+00,-0.000000000000000000e+00,-0.000000000000000000e+00,-0.000000000000000000e+00,-4.106228623216630347e-02,-0.000000000000000000e+00,-0.000000000000000000e+00,0.000000000000000000e+00,-0.000000000000000000e+00,0.000000000000000000e+00,0.000000000000000000e+00,0.000000000000000000e+00,0.000000000000000000e+00,-7.735327528584574897e-02,-0.000000000000000000e+00,-6.640178992967829541e-02,-0.000000000000000000e+00,-0.000000000000000000e+00,0.000000000000000000e+00,-9.247918734160449905e-02,-5.386673775187105218e-01
-0.000000000000000000e+00,-1.346759950604694070e-02,0.000000000000000000e+00,0.000000000000000000e+00,-0.000000000000000000e+00,0.000000000000000000e+00,-0.000000000000000000e+00,-0.000000000000000000e+00,0.000000000000000000e+00,-0.000000000000000000e+00,-6.296992733292161581e-02,-0.000000000000000000e+00,1.173330300782516877e+00,0.000000000000000000e+00,0.000000000000000000e+00,-0.000000000000000000e+00,0.000000000000000000e+00,0.000000000000000000e+00,0.000000000000000000e+00,0.000000000000000000e+00,-0.000000000000000000e+00,-0.000000000000000000e+00,-0.000000000000000000e+00,6.050644438807180336e-02,-0.000000000000000000e+00,-0.000000000000000000e+00,-3.818608763323594335e-01,-0.000000000000000000e+00,2.283484673694195777e-02,-0.000000000000000000e+00,-0.000000000000000000e+00,-0.000000000000000000e+00,0.000000000000000000e+00,0.000000000000000000e+00,-9.568659142921227823e-02,-0.000000000000000000e+00,-0.000000000000000000e+00,-0.000000000000000000e+00,-5.634731116007892643e-02
-3.835947515260249713e-02,-1.254597964393824594e-01,-0.000000000000000000e+00,-0.000000000000000000e+00,-5.822599319939466417e-02,-0.000000000000000000e+00,-0.000000000000000000e+00,0.000000000000000000e+00,-7.338424055589637569e-03,-0.000000000000000000e+00,-0.000000000000000000e+00,-0.000000000000000000e+00,0.000000000000000000e+00,1.736933525379921184e+00,-0.000000000000000000e+00,-5.136232848259426886e-02,0.000000000000000000e+00,-0.000000000000000000e+00,-0.000000000000000000e+00,-2.438748379119985710e-01,-5.510940130752113586e-02,-1.244266730463077092e-01,-0.000000000000000000e+00,-2.254995071969439491e-01,-2.770570582293048756e-01,-0.000000000000000000e+00,0.000000000000000000e+00,-0.000000000000000000e+00,-2.449498916303476104e-01,-0.000000000000000000e+00,-0.000000000000000000e+00,-9.323656436583309393e-02,-2.953064567246484473e-01,-1.339076415534537576e-03,-0.000000000000000000e+00,-0.000000000000000000e+00,-0.000000000000000000e+00,-0.000000000000000000e+00,-0.000000000000000000e+00
-0.000000000000000000e+00,-6.056664498061618135e-02,0.000000000000000000e+00,0.000000000000000000e+00,0.000000000000000000e+00,0.000000000000000000e+00,-0.000000000000000000e+00,-2.021253629030379251e-01,0.000000000000000000e+00,0.000000000000000000e+00,-1.129703822712493366e-01,-0.000000000000000000e+00,0.000000000000000000e+00,-0.000000000000000000e+00,1.341181378574156646e+00,-0.000000000000000000e+00,-1.191888221608450142e-02,-0.000000000000000000e+00,0.000000000000000000e+00,-2.886564505814728787e-01,-0.000000000000000000e+00,-0.000000000000000000e+00,0.000000000000000000e+00,-0.000000000000000000e+00,0.000000000000000000e+00,-0.000000000000000000e+00,9.172065411767398035e-02,-1.036487738612621445e-01,-1.311608083369647515e-01,0.000000000000000000e+00,-3.370904917864451233e-01,-0.000000000000000000e+00,-0.000000000000000000e+00,0.000000000000000000e+00,-0.000000000000000000e+00,-0.000000000000000000e+00,-0.000000000000000000e+00,0.000000000000000000e+00,0.000000000000000000e+00
-5.947312831337345923e-02,-0.000000000000000000e+00,-0.000000000000000000e+00,-0.000000000000000000e+00,-0.000000000000000000e+00,1.001308397018240981e-01,-0.000000000000000000e+00,0.000000000000000000e+00,-0.000000000000000000e+00,-1.542467183702467548e-01,-0.000000000000000000e+00,-0.000000000000000000e+00,-0.000000000000000000e+00,-5.136232848259426886e-02,-0.000000000000000000e+00,1.993933058682783255e+00,-0.000000000000000000e+00,-7.029293629108289421e-02,-0.000000000000000000e+00,-0.000000000000000000e+00,-3.870384873549244098e-01,-4.392733483816665951e-02,-2.932350068679220878e-01,-1.173231309984879150e-01,-0.000000000000000000e+00,-0.000000000000000000e+00,-0.000000000000000000e+00,-1.058395907247733914e-01,-2.815661869248587204e-02,-5.068098616209268936e-01,-0.000000000000000000e+00,-0.000000000000000000e+00,-8.255243305090755046e-02,-0.000000000000000000e+00,-1.476037712911149602e-01,-0.000000000000000000e+00,-0.000000000000000000e+00,-1.674250270842412291e-01,-0.000000000000000000e+00
-0.000000000000000000e+00,0.000000000000000000e+00,-0.000000000000000000e+00,0.000000000000000000e+00,0.000000000000000000e+00,0.000000000000000000e+00,0.000000000000000000e+00,0.000000000000000000e+00,0.000000000000000000e+00,0.000000000000000000e+00,-3.700341626903780323e-01,1.140743858126810617e-01,0.000000000000000000e+00,0.000000000000000000e+00,-1.191888221608450142e-02,-0.000000000000000000e+00,1.370659516614660012e+00,0.000000000000000000e+00,-0.000000000000000000e+00,-0.000000000000000000e+00,-2.003055232921347600e-02,-0.000000000000000000e+00,-0.000000000000000000e+00,-0.000000000000000000e+00,0.000000000000000000e+00,-2.158763118923588131e-01,0.000000000000000000e+00,-3.798182020730733188e-01,-0.000000000000000000e+00,-0.000000000000000000e+00,-0.000000000000000000e+00,0.000000000000000000e+00,-0.000000000000000000e+00,0.000000000000000000e+00,-0.000000000000000000e+00,0.000000000000000000e+00,-0.000000000000000000e+00,0.000000000000000000e+00,3.891233014488749281e-02
-0.000000000000000000e+00,0.000000000000000000e+00,-0.000000000000000000e+00,-0.000000000000000000e+00,-2.863261489050979158e-02,0.000000000000000000e+00,0.000000000000000000e+00,0.000000000000000000e+00,-2.491194072389258940e-01,-0.000000000000000000e+00,0.000000000000000000e+00,-1.773104065085504555e-01,0.000000000000000000e+00,-0.000000000000000000e+00,-0.000000000000000000e+00,-7.029293629108289421e-02,0.000000000000000000e+00,1.396192326883548329e+00,-1.482070287674083220e-01,-0.000000000000000000e+00,-0.000000000000000000e+00,-0.000000000000000000e+00,-0.000000000000000000e+00,-0.000000000000000000e+00,-0.000000000000000000e+00,-0.000000000000000000e+00,-0.000000000000000000e+00,-2.417619042472156088e-01,-0.000000000000000000e+00,0.000000000000000000e+00,2.007489301743356144e-02,-0.000000000000000000e+00,-1.923703912355855666e-02,-5.844151895412685871e-02,-0.000000000000000000e+00,0.000000000000000000e+00,-0.000000000000000000e+00,-2.263899003090756312e-01,-0.000000000000000000e+00
-0.000000000000000000e+00,-0.000000000000000000e+00,-4.440267200603087439e-01,-0.000000000000000000e+00,-0.000000000000000000e+00,0.000000000000000000e+00,-0.000000000000000000e+00,1.152109761864741899e-01,-1.812229695758401510e-02,-0.000000000000000000e+00,-0.000000000000000000e+00,0.000000000000000000e+00,0.000000000000000000e+00,-0.000000000000000000e+00,0.000000000000000000e+00,-0.000000000000000000e+00,-0.000000000000000000e+00,-1.482070287674083220e-01,1.286363205262774478e+00,-5.458708215404625697e-02,-0.000000000000000000e+00,-0.000000000000000000e+00,0.000000000000000000e+00,0.000000000000000000e+00,-0.000000000000000000e+00,-0.000000000000000000e+00,-0.000000000000000000e+00,-0.000000000000000000e+00,-0.000000000000000000e+00,0.000000000000000000e+00,0.000000000000000000e+00,-0.000000000000000000e+00,-0.000000000000000000e+00,-0.000000000000000000e+00,-0.000000000000000000e+00,-0.000000000000000000e+00,-0.000000000000000000e+00,0.000000000000000000e+00,-0.000000000000000000e+00
-0.000000000000000000e+00,-0.000000000000000000e+00,-0.000000000000000000e+00,-1.580347574719729586e-01,-0.000000000000000000e+00,2.186489084404681996e-02,-5.183166519219990498e-01,0.000000000000000000e+00,-0.000000000000000000e+00,-0.000000000000000000e+00,-1.944851300633929359e-01,-0.000000000000000000e+00,0.000000000000000000e+00,-2.438748379119985710e-01,-2.886564505814728787e-01,-0.000000000000000000e+00,-0.000000000000000000e+00,-0.000000000000000000e+00,-5.458708215404625697e-02,1.962112198276634301e+00,-0.000000000000000000e+00,-5.992483114541961031e-01,-0.000000000000000000e+00,-0.000000000000000000e+00,-0.000000000000000000e+00,0.000000000000000000e+00,1.278332035705135976e-02,-0.000000000000000000e+00,-6.545305557770544902e-02,-0.000000000000000000e+00,-0.000000000000000000e+00,-0.000000000000000000e+00,-0.000000000000000000e+00,-0.000000000000000000e+00,-0.000000000000000000e+00,-0.000000000000000000e+00,0.000000000000000000e+00,0.000000000000000000e+00,-0.000000000000000000e+00
-1.161070927569043086e-02,-0.000000000000000000e+00,-1.228342873491360537e-01,-0.000000000000000000e+00,-1.597395338236538842e-01,0.000000000000000000e+00,0.000000000000000000e+00,1.106489423527730886e-01,-0.000000000000000000e+00,-0.000000000000000000e+00,-0.000000000000000000e+00,-0.000000000000000000e+00,-0.000000000000000000e+00,-5.510940130752113586e-02,-0.000000000000000000e+00,-3.870384873549244098e-01,-2.003055232921347600e-02,-0.000000000000000000e+00,-0.000000000000000000e+00,-0.000000000000000000e+00,2.013730150068563596e+00,-7.033249268252164121e-01,-0.000000000000000000e+00,-0.000000000000000000e+00,-0.000000000000000000e+00,-0.000000000000000000e+00,-0.000000000000000000e+00,-4.965041531861016932e-02,-0.000000000000000000e+00,-3.057619707797704783e-02,0.000000000000000000e+00,-0.000000000000000000e+00,-3.504004424898886638e-01,-0.000000000000000000e+00,-8.595959760933409577e-02,0.000000000000000000e+00,-0.000000000000000000e+00,-0.000000000000000000e+00,-0.000000000000000000e+00
-0.000000000000000000e+00,-0.000000000000000000e+00,-0.000000000000000000e+00,-0.000000000000000000e+00,-0.000000000000000000e+00,0.000000000000000000e+00,-1.086187431781027307e-01,0.000000000000000000e+00,-0.000000000000000000e+00,-0.000000000000000000e+00,-3.122494973740987945e-01,-0.000000000000000000e+00,-0.000000000000000000e+00,-1.244266730463077092e-01,-0.000000000000000000e+00,-4.392733483816665951e-02,-0.000000000000000000e+00,-0.000000000000000000e+00,-0.000000000000000000e+00,-5.992483114541961031e-01,-7.033249268252164121e-01,2.073937878295276871e+00,-0.000000000000000000e+00,-0.000000000000000000e+00,-0.000000000000000000e+00,0.000000000000000000e+00,0.000000000000000000e+00,-0.000000000000000000e+00,-0.000000000000000000e+00,-0.000000000000000000e+00,-0.000000000000000000e+00,-7.834304136872839719e-02,-0.000000000000000000e+00,-0.000000000000000000e+00,-1.209240422366417017e-01,-0.000000000000000000e+00,-0.000000000000000000e+00,0.000000000000000000e+00,-0.000000000000000000e+00
-0.000000000000000000e+00,-0.000000000000000000e+00,0.000000000000000000e+00,-0.000000000000000000e+00,-0.000000000000000000e+00,-0.000000000000000000e+00,-0.000000000000000000e+00,-0.000000000000000000e+00,-0.000000000000000000e+00,-1.431747329959813242e-01,-5.569248394882931642e-03,-4.106228623216630347e-02,-0.000000000000000000e+00,-0.000000000000000000e+00,0.000000000000000000e+00,-2.932350068679220878e-01,-0.000000000000000000e+00,-0.000000000000000000e+00,0.000000000000000000e+00,-0.000000000000000000e+00,-0.000000000000000000e+00,-0.000000000000000000e+00,1.497171642787070045e+00,-1.610843076080560876e-01,-2.598579496082577545e-01,-0.000000000000000000e+00,-0.000000000000000000e+00,0.000000000000000000e+00,-0.000000000000000000e+00,-1.393269693580599933e-01,-0.000000000000000000e+00,-2.493453057798239447e-01,-0.000000000000000000e+00,-0.000000000000000000e+00,-0.000000000000000000e+00,-0.000000000000000000e+00,-0.000000000000000000e+00,-0.000000000000000000e+00,-0.000000000000000000e+00
-3.216235978375066307e-03,-0.000000000000000000e+00,-0.000000000000000000e+00,-8.527598771844075581e-03,-0.000000000000000000e+00,0.000000000000000000e+00,-0.000000000000000000e+00,0.000000000000000000e+00,-1.250812646168050213e-01,-0.000000000000000000e+00,-0.000000000000000000e+00,-0.000000000000000000e+00,6.050644438807180336e-02,-2.254995071969439491e-01,-0.000000000000000000e+00,-1.173231309984879150e-01,-0.000000000000000000e+00,-0.000000000000000000e+00,0.000000000000000000e+00,-0.000000000000000000e+00,-0.000000000000000000e+00,-0.000000000000000000e+00,-1.610843076080560876e-01,1.294678135895080295e+00,-9.200040952855330703e-03,-0.000000000000000000e+00,0.000000000000000000e+00,-0.000000000000000000e+00,-9.452485789400255634e-02,-1.842935742661305498e-01,-0.000000000000000000e+00,-0.000000000000000000e+00,-1.502294627391499021e-02,-0.000000000000000000e+00,-0.000000000000000000e+00,0.000000000000000000e+00,0.000000000000000000e+00,-0.000000000000000000e+00,-0.000000000000000000e+00
-0.000000000000000000e+00,-0.000000000000000000e+00,-0.000000000000000000e+00,-0.000000000000000000e+00,-1.172621214667041861e-02,-0.000000000000000000e+00,-0.000000000000000000e+00,0.000000000000000000e+00,-0.000000000000000000e+00,-2.027911333745271161e-01,-0.000000000000000000e+00,-0.000000000000000000e+00,-0.000000000000000000e+00,-2.770570582293048756e-01,0.000000000000000000e+00,-0.000000000000000000e+00,0.000000000000000000e+00,-0.000000000000000000e+00,-0.000000000000000000e+00,-0.000000000000000000e+00,-0.000000000000000000e+00,-0.000000000000000000e+00,-2.598579496082577545e-01,-9.200040952855330703e-03,1.416125800163760884e+00,0.000000000000000000e+00,-0.000000000000000000e+00,0.000000000000000000e+00,-0.000000000000000000e+00,-0.000000000000000000e+00,0.000000000000000000e+00,-1.390767266314376360e-01,-1.276248633422793176e-03,-4.948009332476470401e-02,-1.463464011524145125e-01,-0.000000000000000000e+00,-0.000000000000000000e+00,-2.821598270777411419e-02,-1.708918697740590895e-02
-0.000000000000000000e+00,-0.000000000000000000e+00,-0.000000000000000000e+00,0.000000000000000000e+00,-0.000000000000000000e+00,0.000000000000000000e+00,0.000000000000000000e+00,0.000000000000000000e+00,-1.172734091825631819e-01,-0.000000000000000000e+00,-0.000000000000000000e+00,0.000000000000000000e+00,-0.000000000000000000e+00,-0.000000000000000000e+00,-0.000000000000000000e+00,-0.000000000000000000e+00,-2.158763118923588131e-01,-0.000000000000000000e+00,-0.000000000000000000e+00,0.000000000000000000e+00,-0.000000000000000000e+00,0.000000000000000000e+00,-0.000000000000000000e+00,-0.000000000000000000e+00,0.000000000000000000e+00,1.433933302421384504e+00,-0.000000000000000000e+00,-2.432771979715002697e-01,-3.315981244705509812e-01,-0.000000000000000000e+00,-3.525548044083758326e-01,-0.000000000000000000e+00,-6.673038211498825241e-04,-0.000000000000000000e+00,0.000000000000000000e+00,0.000000000000000000e+00,-0.000000000000000000e+00,0.000000000000000000e+00,0.000000000000000000e+00
-0.000000000000000000e+00,0.000000000000000000e+00,0.000000000000000000e+00,-0.000000000000000000e+00,-0.000000000000000000e+00,0.000000000000000000e+00,0.000000000000000000e+00,-0.000000000000000000e+00,-0.000000000000000000e+00,-5.753172007367990393e-01,0.000000000000000000e+00,-0.000000000000000000e+00,-3.818608763323594335e-01,0.000000000000000000e+00,9.172065411767398035e-02,-0.000000000000000000e+00,0.000000000000000000e+00,-0.000000000000000000e+00,-0.000000000000000000e+00,1.278332035705135976e-02,-0.000000000000000000e+00,0.000000000000000000e+00,-0.000000000000000000e+00,0.000000000000000000e+00,-0.000000000000000000e+00,-0.000000000000000000e+00,1.710145441370635622e+00,0.000000000000000000e+00,0.000000000000000000e+00,-0.000000000000000000e+00,0.000000000000000000e+00,-0.000000000000000000e+00,-0.000000000000000000e+00,-0.000000000000000000e+00,-6.112335809777785095e-02,0.000000000000000000e+00,-0.000000000000000000e+00,-2.711885550436154979e-01,-2.260689108945991288e-01
-0.000000000000000000e+00,0.000000000000000000e+00,-0.000000000000000000e+00,1.237384673060984430e-02,-0.000000000000000000e+00,0.000000000000000000e+00,0.000000000000000000e+00,0.000000000000000000e+00,-0.000000000000000000e+00,0.000000000000000000e+00,-0.000000000000000000e+00,0.000000000000000000e+00,-0.000000000000000000e+00,-0.000000000000000000e+00,-1.036487738612621445e-01,-1.058395907247733914e-01,-3.798182020730733188e-01,-2.417619042472156088e-01,-0.000000000000000000e+00,-0.000000000000000000e+00,-4.965041531861016932e-02,-0.000000000000000000e+00,0.000000000000000000e+00,-0.000000000000000000e+00,0.000000000000000000e+00,-2.432771979715002697e-01,0.000000000000000000e+00,1.564331583510417678e+00,-2.718860162818354520e-01,0.000000000000000000e+00,-0.000000000000000000e+00,-0.000000000000000000e+00,-1.675835377022686645e-01,-0.000000000000000000e+00,-0.000000000000000000e+00,-0.000000000000000000e+00,-3.641655145289732221e-02,0.000000000000000000e+00,0.000000000000000000e+00
-4.688460753292657546e-01,-0.000000000000000000e+00,-0.000000000000000000e+00,-0.000000000000000000e+00,-0.000000000000000000e+00,0.000000000000000000e+00,0.000000000000000000e+00,0.000000000000000000e+00,-8.522397448887671090e-03,0.000000000000000000e+00,-0.000000000000000000e+00,0.000000000000000000e+00,2.283484673694195777e-02,-2.449498916303476104e-01,-1.311608083369647515e-01,-2.815661869248587204e-02,-0.000000000000000000e+00,-0.000000000000000000e+00,-0.000000000000000000e+00,-6.545305557770544902e-02,-0.000000000000000000e+00,-0.000000000000000000e+00,-0.000000000000000000e+00,-9.452485789400255634e-02,-0.000000000000000000e+00,-3.315981244705509812e-01,0.000000000000000000e+00,-2.718860162818354520e-01,1.877660323301254763e+00,-0.000000000000000000e+00,-0.000000000000000000e+00,-1.002891733013771963e-01,-0.000000000000000000e+00,-0.000000000000000000e+00,-0.000000000000000000e+00,-0.000000000000000000e+00,-3.807043236312804280e-01,0.000000000000000000e+00,0.000000000000000000e+00
-1.375252362194957501e-01,-0.000000000000000000e+00,-0.000000000000000000e+00,-0.000000000000000000e+00,-0.000000000000000000e+00,0.000000000000000000e+00,-0.000000000000000000e+00,0.000000000000000000e+00,-0.000000000000000000e+00,-1.875229283930730517e-01,0.000000000000000000e+00,0.000000000000000000e+00,-0.000000000000000000e+00,-0.000000000000000000e+00,0.000000000000000000e+00,-5.068098616209268936e-01,-0.000000000000000000e+00,0.000000000000000000e+00,0.000000000000000000e+00,-0.000000000000000000e+00,-3.057619707797704783e-02,-0.000000000000000000e+00,-1.393269693580599933e-01,-1.842935742661305498e-01,-0.000000000000000000e+00,-0.000000000000000000e+00,-0.000000000000000000e+00,0.000000000000000000e+00,-0.000000000000000000e+00,1.529313295985299304e+00,0.000000000000000000e+00,-0.000000000000000000e+00,-0.000000000000000000e+00,-0.000000000000000000e+00,-0.000000000000000000e+00,0.000000000000000000e+00,-0.000000000000000000e+00,-8.463788881085314297e-02,-0.000000000000000000e+00
-0.000000000000000000e+00,-0.000000000000000000e+00,0.000000000000000000e+00,8.917077388723614051e-02,0.000000000000000000e+00,-0.000000000000000000e+00,-0.000000000000000000e+00,-2.099746469082738529e-02,0.000000000000000000e+00,0.000000000000000000e+00,-1.967529445820447032e-01,0.000000000000000000e+00,-0.000000000000000000e+00,-0.000000000000000000e+00,-3.370904917864451233e-01,-0.000000000000000000e+00,-0.000000000000000000e+00,2.007489301743356144e-02,0.000000000000000000e+00,-0.000000000000000000e+00,0.000000000000000000e+00,-0.000000000000000000e+00,-0.000000000000000000e+00,-0.000000000000000000e+00,0.000000000000000000e+00,-3.525548044083758326e-01,0.000000000000000000e+00,-0.000000000000000000e+00,-0.000000000000000000e+00,0.000000000000000000e+00,1.398107843345320900e+00,-0.000000000000000000e+00,-0.000000000000000000e+00,0.000000000000000000e+00,0.000000000000000000e+00,-1.103079748197751397e-01,-0.000000000000000000e+00,3.476344577916264944e-01,0.000000000000000000e+00
-0.000000000000000000e+00,-7.843886814730085533e-01,0.000000000000000000e+00,-0.000000000000000000e+00,-0.000000000000000000e+00,0.000000000000000000e+00,-1.509480100578522721e-01,-0.000000000000000000e+00,-0.000000000000000000e+00,-0.000000000000000000e+00,-2.851015142998824525e-01,-7.735327528584574897e-02,-0.000000000000000000e+00,-9.323656436583309393e-02,-0.000000000000000000e+00,-0.000000000000000000e+00,0.000000000000000000e+00,-0.000000000000000000e+00,-0.000000000000000000e+00,-0.000000000000000000e+00,-0.000000000000000000e+00,-7.834304136872839719e-02,-2.493453057798239447e-01,-0.000000000000000000e+00,-1.390767266314376360e-01,-0.000000000000000000e+00,-0.000000000000000000e+00,-0.000000000000000000e+00,-1.002891733013771963e-01,-0.000000000000000000e+00,-0.000000000000000000e+00,2.168256702671787384e+00,-0.000000000000000000e+00,-0.000000000000000000e+00,-2.284380992415407374e-01,-0.000000000000000000e+00,-2.186319553044293873e-01,-0.000000000000000000e+00,-1.251325586024677750e-01
-0.000000000000000000e+00,0.000000000000000000e+00,-3.271326214731433701e-01,-0.000000000000000000e+00,-2.507178694836737498e-01,0.000000000000000000e+00,0.000000000000000000e+00,0.000000000000000000e+00,-0.000000000000000000e+00,-0.000000000000000000e+00,-0.000000000000000000e+00,-0.000000000000000000e+00,0.000000000000000000e+00,-2.953064567246484473e-01,-0.000000000000000000e+00,-8.255243305090755046e-02,-0.000000000000000000e+00,-1.923703912355855666e-02,-0.000000000000000000e+00,-0.000000000000000000e+00,-3.504004424898886638e-01,-0.000000000000000000e+00,-0.000000000000000000e+00,-1.502294627391499021e-02,-1.276248633422793176e-03,-6.673038211498825241e-04,-0.000000000000000000e+00,-1.675835377022686645e-01,-0.000000000000000000e+00,-0.000000000000000000e+00,-0.000000000000000000e+00,-0.000000000000000000e+00,1.984130332936550500e+00,-5.316867818008507163e-01,-0.000000000000000000e+00,0.000000000000000000e+00,-0.000000000000000000e+00,-0.000000000000000000e+00,-0.000000000000000000e+00
0.000000000000000000e+00,0.000000000000000000e+00,-0.000000000000000000e+00,-1.426100533608502252e-01,-4.766596394337729858e-01,0.000000000000000000e+00,-0.000000000000000000e+00,0.000000000000000000e+00,-4.786029198871179502e-01,-0.000000000000000000e+00,0.000000000000000000e+00,-6.640178992967829541e-02,0.000000000000000000e+00,-1.339076415534537576e-03,0.000000000000000000e+00,-0.000000000000000000e+00,0.000000000000000000e+00,-5.844151895412685871e-02,-0.000000000000000000e+00,-0.000000000000000000e+00,-0.000000000000000000e+00,-0.000000000000000000e+00,-0.000000000000000000e+00,-0.000000000000000000e+00,-4.948009332476470401e-02,-0.000000000000000000e+00,-0.000000000000000000e+00,-0.000000000000000000e+00,-0.000000000000000000e+00,-0.000000000000000000e+00,0.000000000000000000e+00,-0.000000000000000000e+00,-5.316867818008507163e-01,1.973285885847952725e+00,-0.000000000000000000e+00,5.371491627559557558e-02,0.000000000000000000e+00,-2.186821029626711266e-01,-0.000000000000000000e+00
-0.000000000000000000e+00,-0.000000000000000000e+00,-0.000000000000000000e+00,-0.000000000000000000e+00,-4.790548160920825305e-02,-0.000000000000000000e+00,-0.000000000000000000e+00,0.000000000000000000e+00,0.000000000000000000e+00,-2.419866399354840894e-02,-8.029162916593748922e-02,-0.000000000000000000e+00,-9.568659142921227823e-02,-0.000000000000000000e+00,-0.000000000000000000e+00,-1.476037712911149602e-01,-0.000000000000000000e+00,-0.000000000000000000e+00,-0.000000000000000000e+00,-0.000000000000000000e+00,-8.595959760933409577e-02,-1.209240422366417017e-01,-0.000000000000000000e+00,-0.000000000000000000e+00,-1.463464011524145125e-01,0.000000000000000000e+00,-6.112335809777785095e-02,-0.000000000000000000e+00,-0.000000000000000000e+00,-0.000000000000000000e+00,0.000000000000000000e+00,-2.284380992415407374e-01,-0.000000000000000000e+00,-0.000000000000000000e+00,1.503781796338036880e+00,-0.000000000000000000e+00,-3.637526312502287751e-01,-0.000000000000000000e+00,-0.000000000000000000e+00
-0.000000000000000000e+00,-3.540155497648188043e-01,0.000000000000000000e+00,0.000000000000000000e+00,0.000000000000000000e+00,-0.000000000000000000e+00,-0.000000000000000000e+00,-0.000000000000000000e+00,-0.000000000000000000e+00,0.000000000000000000e+00,-1.791044863995562564e-01,-0.000000000000000000e+00,-0.000000000000000000e+00,-0.000000000000000000e+00,-0.000000000000000000e+00,-0.000000000000000000e+00,0.000000000000000000e+00,0.000000000000000000e+00,-0.000000000000000000e+00,-0.000000000000000000e+00,0.000000000000000000e+00,-0.000000000000000000e+00,-0.000000000000000000e+00,0.000000000000000000e+00,-0.000000000000000000e+00,0.000000000000000000e+00,0.000000000000000000e+00,-0.000000000000000000e+00,-0.000000000000000000e+00,0.000000000000000000e+00,-1.103079748197751397e-01,-0.000000000000000000e+00,0.000000000000000000e+00,5.371491627559557558e-02,-0.000000000000000000e+00,1.199233316775638825e+00,-4.258868088868467128e-02,0.000000000000000000e+00,0.000000000000000000e+00
-1.360136187044888589e-01,-8.046716534572412316e-02,0.000000000000000000e+00,0.000000000000000000e+00,-0.000000000000000000e+00,-4.020419984006605441e-02,0.000000000000000000e+00,-0.000000000000000000e+00,-0.000000000000000000e+00,-0.000000000000000000e+00,-0.000000000000000000e+00,0.000000000000000000e+00,-0.000000000000000000e+00,-0.000000000000000000e+00,-0.000000000000000000e+00,-0.000000000000000000e+00,-0.000000000000000000e+00,-0.000000000000000000e+00,-0.000000000000000000e+00,0.000000000000000000e+00,-0.000000000000000000e+00,-0.000000000000000000e+00,-0.000000000000000000e+00,0.000000000000000000e+00,-0.000000000000000000e+00,-0.000000000000000000e+00,-0.000000000000000000e+00,-3.641655145289732221e-02,-3.807043236312804280e-01,-0.000000000000000000e+00,-0.000000000000000000e+00,-2.186319553044293873e-01,-0.000000000000000000e+00,0.000000000000000000e+00,-3.637526312502287751e-01,-4.258868088868467128e-02,1.512035430831209837e+00,0.000000000000000000e+00,-0.000000000000000000e+00
-0.000000000000000000e+00,0.000000000000000000e+00,-0.000000000000000000e+00,-9.743907200978121907e-02,-0.000000000000000000e+00,1.846174416107194127e-01,0.000000000000000000e+00,0.000000000000000000e+00,-0.000000000000000000e+00,-4.672399220645459539e-01,3.823615413921978984e-02,-9.247918734160449905e-02,-0.000000000000000000e+00,-0.000000000000000000e+00,0.000000000000000000e+00,-1.674250270842412291e-01,0.000000000000000000e+00,-2.263899003090756312e-01,0.000000000000000000e+00,0.000000000000000000e+00,-0.000000000000000000e+00,0.000000000000000000e+00,-0.000000000000000000e+00,-0.000000000000000000e+00,-2.821598270777411419e-02,0.000000000000000000e+00,-2.711885550436154979e-01,0.000000000000000000e+00,0.000000000000000000e+00,-8.463788881085314297e-02,3.476344577916264944e-01,-0.000000000000000000e+00,-0.000000000000000000e+00,-2.186821029626711266e-01,-0.000000000000000000e+00,0.000000000000000000e+00,0.000000000000000000e+00,2.086787863173542590e+00,-3.987249904484923002e-01
-0.000000000000000000e+00,-1.375724760339178676e-01,-0.000000000000000000e+00,-0.000000000000000000e+00,-1.238272374187293079e-01,0.000000000000000000e+00,-0.000000000000000000e+00,0.000000000000000000e+00,-3.684352822635038049e-01,-3.319198281901927783e-01,0.000000000000000000e+00,-5.386673775187105218e-01,-5.634731116007892643e-02,-0.000000000000000000e+00,0.000000000000000000e+00,-0.000000000000000000e+00,3.891233014488749281e-02,-0.000000000000000000e+00,-0.000000000000000000e+00,-0.000000000000000000e+00,-0.000000000000000000e+00,-0.000000000000000000e+00,-0.000000000000000000e+00,-0.000000000000000000e+00,-1.708918697740590895e-02,0.000000000000000000e+00,-2.260689108945991288e-01,0.000000000000000000e+00,0.000000000000000000e+00,-0.000000000000000000e+00,0.000000000000000000e+00,-1.251325586024677750e-01,-0.000000000000000000e+00,-0.000000000000000000e+00,-0.000000000000000000e+00,0.000000000000000000e+00,-0.000000000000000000e+00,-3.987249904484923002e-01,2.093094320954307808e+00
