2.212774765367786056e+00,-1.272294235581006468e-02,0.000000000000000000e+00,0.000000000000000000e+00,-0.000000000000000000e+00,1.195225417965264103e-01,-1.637491052203814135e-02,-0.000000000000000000e+00,-0.000000000000000000e+00,-2.650617353209664406e-01,-7.223432654093571437e-02,1.641658825564784874e-01,-0.000000000000000000e+00,-0.000000000000000000e+00,-0.000000000000000000e+00,-1.851943440851987754e-01,-1.158545135540994947e-01,-0.000000000000000000e+00,0.000000000000000000e+00,-0.000000000000000000e+00,-0.000000000000000000e+00,0.000000000000000000e+00,-0.000000000000000000e+00,-0.000000000000000000e+00,-1.303370623862709909e-01,-5.400636997276062612e-01,-0.000000000000000000e+00,-0.000000000000000000e+00,-2.672283956514608927e-01,-5.853725157602382989e-01,0.000000000000000000e+00,0.000000000000000000e+00,-0.000000000000000000e+00,-0.000000000000000000e+00,-0.000000000000000000e+00,-0.000000000000000000e+00,-0.000000000000000000e+00,-0.000000000000000000e+00,0.000000000000000000e+00
-1.272294235581006468e-02,1.083496517959826821e+00,-0.000000000000000000e+00,-0.000000000000000000e+00,-0.000000000000000000e+00,0.000000000000000000e+00,-0.000000000000000000e+00,0.000000000000000000e+00,-4.147154321391168658e-02,-0.000000000000000000e+00,0.000000000000000000e+00,0.000000000000000000e+00,0.000000000000000000e+00,-0.000000000000000000e+00,1.223089299233881405e-01,-1.122846527431519137e-01,-0.000000000000000000e+00,0.000000000000000000e+00,1.951491337593409814e-01,0.000000000000000000e+00,0.000000000000000000e+00,-0.000000000000000000e+00,-0.000000000000000000e+00,-0.000000000000000000e+00,-0.000000000000000000e+00,0.000000000000000000e+00,2.285508513542635484e-02,0.000000000000000000e+00,2.540584790831732984e-02,-1.122088520418069585e-01,0.000000000000000000e+00,-6.590395039556942725e-02,0.000000000000000000e+00,-0.000000000000000000e+00,3.748088288253451604e-03,0.000000000000000000e+00,-0.000000000000000000e+00,0.000000000000000000e+00,-0.000000000000000000e+00
0.000000000000000000e+00,-0.000000000000000000e+00,2.936256165480605862e+00,1.443865898445290293e-02,-3.450872904265659402e-01,-0.000000000000000000e+00,0.000000000000000000e+00,1.579877292070313244e+00,-0.000000000000000000e+00,-0.000000000000000000e+00,-0.000000000000000000e+00,-0.000000000000000000e+00,3.341079036486079012e-02,-0.000000000000000000e+00,-0.000000000000000000e+00,-0.000000000000000000e+00,-0.000000000000000000e+00,0.000000000000000000e+00,0.000000000000000000e+00,0.000000000000000000e+00,-1.579257500697441030e-01,-1.173075616884409617e-01,-9.924880835558265446e-02,-0.000000000000000000e+00,-1.056856894577204962e-02,0.000000000000000000e+00,-0.000000000000000000e+00,-8.684774912897205712e-02,0.000000000000000000e+00,-0.000000000000000000e+00,-3.004633664819725269e-01,-0.000000000000000000e+00,-8.501428138898269038e-02,-2.016788756745177269e-01,-0.000000000000000000e+00,0.000000000000000000e+00,-0.000000000000000000e+00,0.000000000000000000e+00,-0.000000000000000000e+00
0.000000000000000000e+00,-0.000000000000000000e+00,1.443865898445290293e-02,1.072268651575208898e+00,0.000000000000000000e+00,0.000000000000000000e+00,-2.290171429029551689e-02,-9.851565833309672282e-02,1.148442910950633715e-02,0.000000000000000000e+00,0.000000000000000000e+00,0.000000000000000000e+00,-9.312425422713437040e-02,-0.000000000000000000e+00,0.000000000000000000e+00,0.000000000000000000e+00,-0.000000000000000000e+00,-0.000000000000000000e+00,0.000000000000000000e+00,-0.000000000000000000e+00,0.000000000000000000e+00,0.000000000000000000e+00,1.021804711015283085e-01,0.000000000000000000e+00,0.000000000000000000e+00,0.000000000000000000e+00,7.577933722646990056e-02,0.000000000000000000e+00,0.000000000000000000e+00,0.000000000000000000e+00,0.000000000000000000e+00,0.000000000000000000e+00,2.953827321462444352e-02,0.000000000000000000e+00,0.000000000000000000e+00,0.000000000000000000e+00,0.000000000000000000e+00,0.000000000000000000e+00,0.000000000000000000e+00
-0.000000000000000000e+00,-0.000000000000000000e+00,-3.450872904265659402e-01,0.000000000000000000e+00,1.827967583911542793e+00,0.000000000000000000e+00,-0.000000000000000000e+00,4.083973116145592219e-01,-7.879726942228391928e-02,-1.519653259785106181e-01,-0.000000000000000000e+00,0.000000000000000000e+00,0.000000000000000000e+00,-2.485442098729808980e-01,0.000000000000000000e+00,-2.919131623515187120e-03,-0.000000000000000000e+00,0.000000000000000000e+00,1.056017725016225421e-02,0.000000000000000000e+00,-0.000000000000000000e+00,-0.000000000000000000e+00,-0.000000000000000000e+00,-0.000000000000000000e+00,-1.471883904478845373e-01,-0.000000000000000000e+00,-0.000000000000000000e+00,-1.054258435912998684e-02,0.000000000000000000e+00,-0.000000000000000000e+00,-0.000000000000000000e+00,0.000000000000000000e+00,-0.000000000000000000e+00,-2.544640673253938390e-01,-0.000000000000000000e+00,0.000000000000000000e+00,-0.000000000000000000e+00,0.000000000000000000e+00,-0.000000000000000000e+00
1.195225417965264103e-01,0.000000000000000000e+00,-0.000000000000000000e+00,0.000000000000000000e+00,0.000000000000000000e+00,1.297940410153290536e+00,1.235577493623358190e-02,0.000000000000000000e+00,0.000000000000000000e+00,0.000000000000000000e+00,-0.000000000000000000e+00,-1.984737990135694574e-01,0.000000000000000000e+00,0.000000000000000000e+00,0.000000000000000000e+00,0.000000000000000000e+00,-0.000000000000000000e+00,0.000000000000000000e+00,-0.000000000000000000e+00,0.000000000000000000e+00,-0.000000000000000000e+00,-0.000000000000000000e+00,-0.000000000000000000e+00,0.000000000000000000e+00,9.348585757330564461e-02,0.000000000000000000e+00,-0.000000000000000000e+00,0.000000000000000000e+00,0.000000000000000000e+00,1.424024842135714237e-02,-1.358230222829592548e-01,-3.193034756603088664e-01,-0.000000000000000000e+00,0.000000000000000000e+00,0.000000000000000000e+00,-4.629082125698356226e-02,-2.017004016233060470e-01,0.000000000000000000e+00,-0.000000000000000000e+00
-1.637491052203814135e-02,-0.000000000000000000e+00,0.000000000000000000e+00,-2.290171429029551689e-02,-0.000000000000000000e+00,1.235577493623358190e-02,1.078783717795578800e+00,-0.000000000000000000e+00,0.000000000000000000e+00,-0.000000000000000000e+00,-0.000000000000000000e+00,2.736489053441851782e-01,-0.000000000000000000e+00,-0.000000000000000000e+00,-0.000000000000000000e+00,-0.000000000000000000e+00,-0.000000000000000000e+00,-0.000000000000000000e+00,0.000000000000000000e+00,-4.956279216755433287e-02,-0.000000000000000000e+00,-0.000000000000000000e+00,0.000000000000000000e+00,0.000000000000000000e+00,-0.000000000000000000e+00,-0.000000000000000000e+00,0.000000000000000000e+00,-0.000000000000000000e+00,-0.000000000000000000e+00,-0.000000000000000000e+00,-0.000000000000000000e+00,0.000000000000000000e+00,0.000000000000000000e+00,0.000000000000000000e+00,-0.000000000000000000e+00,0.000000000000000000e+00,0.000000000000000000e+00,0.000000000000000000e+00,0.000000000000000000e+00
-0.000000000000000000e+00,0.000000000000000000e+00,1.579877292070313244e+00,-9.851565833309672282e-02,4.083973116145592219e-01,0.000000000000000000e+00,-0.000000000000000000e+00,2.842380761793507293e+00,0.000000000000000000e+00,0.000000000000000000e+00,0.000000000000000000e+00,0.000000000000000000e+00,-2.380986214549038471e-02,0.000000000000000000e+00,-0.000000000000000000e+00,0.000000000000000000e+00,0.000000000000000000e+00,-0.000000000000000000e+00,-0.000000000000000000e+00,-0.000000000000000000e+00,2.320198246683564391e-01,1.197040559114354169e-01,0.000000000000000000e+00,0.000000000000000000e+00,0.000000000000000000e+00,-0.000000000000000000e+00,0.000000000000000000e+00,1.683756561315520595e-02,-0.000000000000000000e+00,0.000000000000000000e+00,1.243636346699125012e-01,0.000000000000000000e+00,0.000000000000000000e+00,2.540774648379944267e-01,0.000000000000000000e+00,-0.000000000000000000e+00,0.000000000000000000e+00,-0.000000000000000000e+00,0.000000000000000000e+00
-0.000000000000000000e+00,-4.147154321391168658e-02,-0.000000000000000000e+00,1.148442910950633715e-02,-7.879726942228391928e-02,0.000000000000000000e+00,0.000000000000000000e+00,0.000000000000000000e+00,1.851132914084153702e+00,-0.000000000000000000e+00,0.000000000000000000e+00,-0.000000000000000000e+00,0.000000000000000000e+00,-0.000000000000000000e+00,-0.000000000000000000e+00,-4.127594375490894474e-01,-0.000000000000000000e+00,-0.000000000000000000e+00,-0.000000000000000000e+00,-0.000000000000000000e+00,0.000000000000000000e+00,-0.000000000000000000e+00,-7.759984599184924225e-02,-3.931756138191231376e-01,-0.000000000000000000e+00,-0.000000000000000000e+00,0.000000000000000000e+00,-0.000000000000000000e+00,0.000000000000000000e+00,-4.814138844612421697e-01,0.000000000000000000e+00,-0.000000000000000000e+00,-0.000000000000000000e+00,-1.131376386789559665e-02,-0.000000000000000000e+00,0.000000000000000000e+00,-0.000000000000000000e+00,-1.490204070391779601e-01,-1.917325819550499133e-01
-2.650617353209664406e-01,-0.000000000000000000e+00,-0.000000000000000000e+00,0.000000000000000000e+00,-1.519653259785106181e-01,0.000000000000000000e+00,-0.000000000000000000e+00,0.000000000000000000e+00,-0.000000000000000000e+00,2.556827876982357584e+00,-0.000000000000000000e+00,0.000000000000000000e+00,0.000000000000000000e+00,-1.675633124937597196e-01,-0.000000000000000000e+00,-8.721017133223696316e-01,-0.000000000000000000e+00,-0.000000000000000000e+00,-0.000000000000000000e+00,-0.000000000000000000e+00,-0.000000000000000000e+00,-0.000000000000000000e+00,-0.000000000000000000e+00,-1.792933495682907941e-01,-4.219058463635374512e-01,-1.716618247269920405e-01,-0.000000000000000000e+00,-3.511278020144212308e-01,-0.000000000000000000e+00,-9.261501514019203352e-02,-0.000000000000000000e+00,0.000000000000000000e+00,-0.000000000000000000e+00,-0.000000000000000000e+00,-0.000000000000000000e+00,-0.000000000000000000e+00,-1.191139470141320579e-02,-0.000000000000000000e+00,-0.000000000000000000e+00
-7.223432654093571437e-02,0.000000000000000000e+00,-0.000000000000000000e+00,0.000000000000000000e+00,-0.000000000000000000e+00,-0.000000000000000000e+00,-0.000000000000000000e+00,0.000000000000000000e+00,0.000000000000000000e+00,-0.000000000000000000e+00,1.662714502856876386e+00,-0.000000000000000000e+00,-0.000000000000000000e+00,-5.791511695892820333e-02,-0.000000000000000000e+00,-0.000000000000000000e+00,-3.331515691149880554e-01,-0.000000000000000000e+00,-0.000000000000000000e+00,-0.000000000000000000e+00,-2.887342305629175265e-01,-0.000000000000000000e+00,-0.000000000000000000e+00,-0.000000000000000000e+00,-0.000000000000000000e+00,-2.176599526691349873e-01,-7.007462137768023791e-02,-7.929910003464439583e-02,-2.509676031186334200e-01,-0.000000000000000000e+00,-0.000000000000000000e+00,-0.000000000000000000e+00,-1.180849211321889636e-01,-0.000000000000000000e+00,-0.000000000000000000e+00,-1.028263997262736790e-01,-3.415403663109511934e-02,-0.000000000000000000e+00,0.000000000000000000e+00
1.641658825564784874e-01,0.000000000000000000e+00,-0.000000000000000000e+00,0.000000000000000000e+00,0.000000000000000000e+00,-1.984737990135694574e-01,2.736489053441851782e-01,0.000000000000000000e+00,-0.000000000000000000e+00,0.000000000000000000e+00,-0.000000000000000000e+00,1.407258094078620125e+00,0.000000000000000000e+00,0.000000000000000000e+00,-0.000000000000000000e+00,0.000000000000000000e+00,0.000000000000000000e+00,-0.000000000000000000e+00,-0.000000000000000000e+00,0.000000000000000000e+00,0.000000000000000000e+00,-2.512185798854576491e-01,-0.000000000000000000e+00,-0.000000000000000000e+00,0.000000000000000000e+00,0.000000000000000000e+00,-2.798837534039008354e-02,0.000000000000000000e+00,0.000000000000000000e+00,0.000000000000000000e+00,-4.913738319043802621e-03,-1.330034968291965436e-01,-1.759491741575851531e-01,-0.000000000000000000e+00,-0.000000000000000000e+00,-0.000000000000000000e+00,-1.634371979642004480e-01,0.000000000000000000e+00,-1.013613974524156941e-01
-0.000000000000000000e+00,0.000000000000000000e+00,3.341079036486079012e-02,-9.312425422713437040e-02,0.000000000000000000e+00,0.000000000000000000e+00,-0.000000000000000000e+00,-2.380986214549038471e-02,0.000000000000000000e+00,0.000000000000000000e+00,-0.000000000000000000e+00,0.000000000000000000e+00,1.295116305874922880e+00,-0.000000000000000000e+00,-0.000000000000000000e+00,0.000000000000000000e+00,0.000000000000000000e+00,-1.536381880632648189e-01,-0.000000000000000000e+00,-0.000000000000000000e+00,0.000000000000000000e+00,6.581218415008938116e-02,0.000000000000000000e+00,0.000000000000000000e+00,-0.000000000000000000e+00,-0.000000000000000000e+00,0.000000000000000000e+00,0.000000000000000000e+00,-0.000000000000000000e+00,-0.000000000000000000e+00,3.198504847619496605e-01,2.556855019268675644e-01,0.000000000000000000e+00,0.000000000000000000e+00,-0.000000000000000000e+00,0.000000000000000000e+00,4.834135981934818693e-02,-0.000000000000000000e+00,9.129717483996592498e-02
-0.000000000000000000e+00,-0.000000000000000000e+00,-0.000000000000000000e+00,-0.000000000000000000e+00,-2.485442098729808980e-01,0.000000000000000000e+00,-0.000000000000000000e+00,0.000000000000000000e+00,-0.000000000000000000e+00,-1.675633124937597196e-01,-5.791511695892820333e-02,0.000000000000000000e+00,-0.000000000000000000e+00,1.939813213481963006e+00,-0.000000000000000000e+00,-0.000000000000000000e+00,-1.316072399671049109e-02,-1.368970861365657599e-01,0.000000000000000000e+00,-0.000000000000000000e+00,-0.000000000000000000e+00,-0.000000000000000000e+00,-0.000000000000000000e+00,-3.233630934024802062e-01,-1.639839691200724314e-01,-0.000000000000000000e+00,-0.000000000000000000e+00,-3.192407727721718325e-01,-0.000000000000000000e+00,-1.535627820642812558e-02,-0.000000000000000000e+00,0.000000000000000000e+00,-7.693894615897110822e-02,-2.930025140280366758e-01,-1.302687167042423932e-01,-0.000000000000000000e+00,-1.074346610992694441e-02,-0.000000000000000000e+00,0.000000000000000000e+00
-0.000000000000000000e+00,1.223089299233881405e-01,-0.000000000000000000e+00,0.000000000000000000e+00,0.000000000000000000e+00,0.000000000000000000e+00,-0.000000000000000000e+00,-0.000000000000000000e+00,-0.000000000000000000e+00,-0.000000000000000000e+00,-0.000000000000000000e+00,-0.000000000000000000e+00,-0.000000000000000000e+00,-0.000000000000000000e+00,2.322687924092767364e+00,-0.000000000000000000e+00,0.000000000000000000e+00,-5.829003557943389646e-01,-0.000000000000000000e+00,-3.682585938334991815e-01,0.000000000000000000e+00,0.000000000000000000e+00,-0.000000000000000000e+00,-0.000000000000000000e+00,-0.000000000000000000e+00,-2.317433982923816360e-01,-0.000000000000000000e+00,-2.637880733830924029e-01,-4.097518655197367465e-01,-0.000000000000000000e+00,0.000000000000000000e+00,2.529278648610025493e-01,-0.000000000000000000e+00,-0.000000000000000000e+00,-1.558297681314832484e-01,-0.000000000000000000e+00,-0.000000000000000000e+00,-1.783438011450253491e-01,0.000000000000000000e+00
-1.851943440851987754e-01,-1.122846527431519137e-01,-0.000000000000000000e+00,0.000000000000000000e+00,-2.919131623515187120e-03,0.000000000000000000e+00,-0.000000000000000000e+00,0.000000000000000000e+00,-4.127594375490894474e-01,-8.721017133223696316e-01,-0.000000000000000000e+00,0.000000000000000000e+00,0.000000000000000000e+00,-0.000000000000000000e+00,-0.000000000000000000e+00,2.222824453873858630e+00,-0.000000000000000000e+00,-0.000000000000000000e+00,-0.000000000000000000e+00,-0.000000000000000000e+00,-0.000000000000000000e+00,-0.000000000000000000e+00,-1.822797093341610442e-01,-3.278428848186858147e-02,-4.457115063665806343e-02,-0.000000000000000000e+00,-0.000000000000000000e+00,-0.000000000000000000e+00,-0.000000000000000000e+00,-3.500973448849429293e-01,-0.000000000000000000e+00,-0.000000000000000000e+00,-0.000000000000000000e+00,-0.000000000000000000e+00,-0.000000000000000000e+00,-0.000000000000000000e+00,-0.000000000000000000e+00,-0.000000000000000000e+00,-0.000000000000000000e+00
-1.158545135540994947e-01,-0.000000000000000000e+00,-0.000000000000000000e+00,-0.000000000000000000e+00,-0.000000000000000000e+00,-0.000000000000000000e+00,-0.000000000000000000e+00,0.000000000000000000e+00,-0.000000000000000000e+00,-0.000000000000000000e+00,-3.331515691149880554e-01,0.000000000000000000e+00,0.000000000000000000e+00,-1.316072399671049109e-02,0.000000000000000000e+00,-0.000000000000000000e+00,1.316983022595191510e+00,0.000000000000000000e+00,0.000000000000000000e+00,0.000000000000000000e+00,-0.000000000000000000e+00,-9.508979319333718191e-03,-8.683748371242212827e-02,-0.000000000000000000e+00,-0.000000000000000000e+00,-0.000000000000000000e+00,-1.409801909206565181e-02,-0.000000000000000000e+00,-0.000000000000000000e+00,-0.000000000000000000e+00,-0.000000000000000000e+00,-1.483427642199376673e-01,-0.000000000000000000e+00,-0.000000000000000000e+00,-0.000000000000000000e+00,-1.513787922940718067e-01,-1.618308969165871136e-01,-6.415951138119406483e-02,0.000000000000000000e+00
-0.000000000000000000e+00,0.000000000000000000e+00,0.000000000000000000e+00,-0.000000000000000000e+00,0.000000000000000000e+00,0.000000000000000000e+00,-0.000000000000000000e+00,-0.000000000000000000e+00,-0.000000000000000000e+00,-0.000000000000000000e+00,-0.000000000000000000e+00,-0.000000000000000000e+00,-1.536381880632648189e-01,-1.368970861365657599e-01,-5.829003557943389646e-01,-0.000000000000000000e+00,0.000000000000000000e+00,1.831411887865950661e+00,-2.268854246584645074e-01,-1.766360093158408362e-01,0.000000000000000000e+00,0.000000000000000000e+00,0.000000000000000000e+00,-0.000000000000000000e+00,-0.000000000000000000e+00,-1.599529701679393845e-01,0.000000000000000000e+00,-0.000000000000000000e+00,-1.818474636134210509e-01,-0.000000000000000000e+00,0.000000000000000000e+00,0.000000000000000000e+00,-0.000000000000000000e+00,0.000000000000000000e+00,-0.000000000000000000e+00,-0.000000000000000000e+00,-0.000000000000000000e+00,-1.788676144677587287e-01,0.000000000000000000e+00
0.000000000000000000e+00,1.951491337593409814e-01,0.000000000000000000e+00,0.000000000000000000e+00,1.056017725016225421e-02,-0.000000000000000000e+00,0.000000000000000000e+00,-0.000000000000000000e+00,-0.000000000000000000e+00,-0.000000000000000000e+00,-0.000000000000000000e+00,-0.000000000000000000e+00,-0.000000000000000000e+00,0.000000000000000000e+00,-0.000000000000000000e+00,-0.000000000000000000e+00,0.000000000000000000e+00,-2.268854246584645074e-01,1.465200694093422351e+00,-0.000000000000000000e+00,0.000000000000000000e+00,0.000000000000000000e+00,-0.000000000000000000e+00,-0.000000000000000000e+00,-0.000000000000000000e+00,-0.000000000000000000e+00,-0.000000000000000000e+00,-0.000000000000000000e+00,-0.000000000000000000e+00,-0.000000000000000000e+00,0.000000000000000000e+00,0.000000000000000000e+00,-0.000000000000000000e+00,0.000000000000000000e+00,-0.000000000000000000e+00,-0.000000000000000000e+00,-0.000000000000000000e+00,-6.153168328459258651e-01,-1.878368579340935207e-01
-0.000000000000000000e+00,0.000000000000000000e+00,0.000000000000000000e+00,-0.000000000000000000e+00,0.000000000000000000e+00,0.000000000000000000e+00,-4.956279216755433287e-02,-0.000000000000000000e+00,-0.000000000000000000e+00,-0.000000000000000000e+00,-0.000000000000000000e+00,0.000000000000000000e+00,-0.000000000000000000e+00,-0.000000000000000000e+00,-3.682585938334991815e-01,-0.000000000000000000e+00,0.000000000000000000e+00,-1.766360093158408362e-01,-0.000000000000000000e+00,1.399853106601583796e+00,0.000000000000000000e+00,0.000000000000000000e+00,0.000000000000000000e+00,-0.000000000000000000e+00,-0.000000000000000000e+00,-2.344230805350937946e-02,0.000000000000000000e+00,-0.000000000000000000e+00,-1.220243479444524243e-01,-0.000000000000000000e+00,0.000000000000000000e+00,2.802346225989646999e-01,-0.000000000000000000e+00,0.000000000000000000e+00,-0.000000000000000000e+00,-0.000000000000000000e+00,-0.000000000000000000e+00,-0.000000000000000000e+00,0.000000000000000000e+00
-0.000000000000000000e+00,0.000000000000000000e+00,-1.579257500697441030e-01,0.000000000000000000e+00,-0.000000000000000000e+00,-0.000000000000000000e+00,-0.000000000000000000e+00,2.320198246683564391e-01,0.000000000000000000e+00,-0.000000000000000000e+00,-2.887342305629175265e-01,0.000000000000000000e+00,0.000000000000000000e+00,-0.000000000000000000e+00,0.000000000000000000e+00,-0.000000000000000000e+00,-0.000000000000000000e+00,0.000000000000000000e+00,0.000000000000000000e+00,0.000000000000000000e+00,1.700406594392663173e+00,-0.000000000000000000e+00,-0.000000000000000000e+00,-0.000000000000000000e+00,-0.000000000000000000e+00,-0.000000000000000000e+00,-0.000000000000000000e+00,-2.592184032418565764e-01,-0.000000000000000000e+00,0.000000000000000000e+00,-4.125139088195979853e-01,-0.000000000000000000e+00,-1.344867537532688784e-01,-0.000000000000000000e+00,-0.000000000000000000e+00,-0.000000000000000000e+00,-0.000000000000000000e+00,0.000000000000000000e+00,0.000000000000000000e+00
0.000000000000000000e+00,-0.000000000000000000e+00,-1.173075616884409617e-01,0.000000000000000000e+00,-0.000000000000000000e+00,-0.000000000000000000e+00,-0.000000000000000000e+00,1.197040559114354169e-01,-0.000000000000000000e+00,-0.000000000000000000e+00,-0.000000000000000000e+00,-2.512185798854576491e-01,6.581218415008938116e-02,-0.000000000000000000e+00,0.000000000000000000e+00,-0.000000000000000000e+00,-9.508979319333718191e-03,0.000000000000000000e+00,0.000000000000000000e+00,0.000000000000000000e+00,-0.000000000000000000e+00,1.620984935139218042e+00,-0.000000000000000000e+00,-0.000000000000000000e+00,0.000000000000000000e+00,0.000000000000000000e+00,-0.000000000000000000e+00,-0.000000000000000000e+00,0.000000000000000000e+00,-0.000000000000000000e+00,-5.272467275630438044e-01,-1.350947171126681279e-01,-9.067500879391494906e-02,-7.370509023484127231e-02,-0.000000000000000000e+00,-0.000000000000000000e+00,-0.000000000000000000e+00,0.000000000000000000e+00,-1.251695700595385763e-01
-0.000000000000000000e+00,-0.000000000000000000e+00,-9.924880835558265446e-02,1.021804711015283085e-01,-0.000000000000000000e+00,-0.000000000000000000e+00,0.000000000000000000e+00,0.000000000000000000e+00,-7.759984599184924225e-02,-0.000000000000000000e+00,-0.000000000000000000e+00,-0.000000000000000000e+00,0.000000000000000000e+00,-0.000000000000000000e+00,-0.000000000000000000e+00,-1.822797093341610442e-01,-8.683748371242212827e-02,0.000000000000000000e+00,-0.000000000000000000e+00,0.000000000000000000e+00,-0.000000000000000000e+00,-0.000000000000000000e+00,1.650262235793811927e+00,-1.821884414540639874e-01,-3.833726916869350521e-01,-0.000000000000000000e+00,-0.000000000000000000e+00,-0.000000000000000000e+00,-0.000000000000000000e+00,-6.811728899170198248e-02,-0.000000000000000000e+00,-7.675533028492501075e-02,-0.000000000000000000e+00,-0.000000000000000000e+00,-0.000000000000000000e+00,-0.000000000000000000e+00,-1.347486701180417301e-01,-1.104605161115239653e-01,-2.964011099407665717e-01
-0.000000000000000000e+00,-0.000000000000000000e+00,-0.000000000000000000e+00,0.000000000000000000e+00,-0.000000000000000000e+00,0.000000000000000000e+00,0.000000000000000000e+00,0.000000000000000000e+00,-3.931756138191231376e-01,-1.792933495682907941e-01,-0.000000000000000000e+00,-0.000000000000000000e+00,0.000000000000000000e+00,-3.233630934024802062e-01,-0.000000000000000000e+00,-3.278428848186858147e-02,-0.000000000000000000e+00,-0.000000000000000000e+00,-0.000000000000000000e+00,-0.000000000000000000e+00,-0.000000000000000000e+00,-0.000000000000000000e+00,-1.821884414540639874e-01,1.717812395193212716e+00,-7.774901672750041126e-02,-0.000000000000000000e+00,-0.000000000000000000e+00,-0.000000000000000000e+00,-0.000000000000000000e+00,-0.000000000000000000e+00,-0.000000000000000000e+00,0.000000000000000000e+00,-0.000000000000000000e+00,-2.492538678401314822e-01,-4.674695877630807850e-02,-0.000000000000000000e+00,-1.062273332823794741e-01,-0.000000000000000000e+00,-0.000000000000000000e+00
-1.303370623862709909e-01,-0.000000000000000000e+00,-1.056856894577204962e-02,0.000000000000000000e+00,-1.471883904478845373e-01,9.348585757330564461e-02,-0.000000000000000000e+00,0.000000000000000000e+00,-0.000000000000000000e+00,-4.219058463635374512e-01,-0.000000000000000000e+00,0.000000000000000000e+00,-0.000000000000000000e+00,-1.639839691200724314e-01,-0.000000000000000000e+00,-4.457115063665806343e-02,-0.000000000000000000e+00,-0.000000000000000000e+00,-0.000000000000000000e+00,-0.000000000000000000e+00,-0.000000000000000000e+00,0.000000000000000000e+00,-3.833726916869350521e-01,-7.774901672750041126e-02,1.863706303434000677e+00,-1.867381236870828756e-02,-0.000000000000000000e+00,-2.050976035971168732e-01,-0.000000000000000000e+00,-1.201274249777614100e-01,-0.000000000000000000e+00,0.000000000000000000e+00,-0.000000000000000000e+00,-8.931418784057929688e-03,-1.573690433082237938e-02,-0.000000000000000000e+00,-0.000000000000000000e+00,-0.000000000000000000e+00,-0.000000000000000000e+00
-5.400636997276062612e-01,0.000000000000000000e+00,0.000000000000000000e+00,0.000000000000000000e+00,-0.000000000000000000e+00,0.000000000000000000e+00,-0.000000000000000000e+00,-0.000000000000000000e+00,-0.000000000000000000e+00,-1.716618247269920405e-01,-2.176599526691349873e-01,0.000000000000000000e+00,-0.000000000000000000e+00,-0.000000000000000000e+00,-2.317433982923816360e-01,-0.000000000000000000e+00,-0.000000000000000000e+00,-1.599529701679393845e-01,-0.000000000000000000e+00,-2.344230805350937946e-02,-0.000000000000000000e+00,0.000000000000000000e+00,-0.000000000000000000e+00,-0.000000000000000000e+00,-1.867381236870828756e-02,3.132885372799127932e+00,-0.000000000000000000e+00,-5.212683490389048435e-01,-8.260960019120893172e-01,-0.000000000000000000e+00,0.000000000000000000e+00,1.965139384805501266e-01,-0.000000000000000000e+00,-0.000000000000000000e+00,-2.878679201510728758e-01,-0.000000000000000000e+00,-0.000000000000000000e+00,-3.624481427010537438e-01,0.000000000000000000e+00
-0.000000000000000000e+00,2.285508513542635484e-02,-0.000000000000000000e+00,7.577933722646990056e-02,-0.000000000000000000e+00,-0.000000000000000000e+00,0.000000000000000000e+00,0.000000000000000000e+00,0.000000000000000000e+00,-0.000000000000000000e+00,-7.007462137768023791e-02,-2.798837534039008354e-02,0.000000000000000000e+00,-0.000000000000000000e+00,-0.000000000000000000e+00,-0.000000000000000000e+00,-1.409801909206565181e-02,0.000000000000000000e+00,-0.000000000000000000e+00,0.000000000000000000e+00,-0.000000000000000000e+00,-0.000000000000000000e+00,-0.000000000000000000e+00,-0.000000000000000000e+00,-0.000000000000000000e+00,-0.000000000000000000e+00,1.690683212925184753e+00,-0.000000000000000000e+00,-0.000000000000000000e+00,-0.000000000000000000e+00,-2.943754394009221453e-01,-1.584589482501858049e-01,-3.562426681993747790e-01,-0.000000000000000000e+00,-0.000000000000000000e+00,-3.290989457260609652e-01,-3.358758892986075106e-01,-0.000000000000000000e+00,-4.157019611691555039e-02
-0.000000000000000000e+00,0.000000000000000000e+00,-8.684774912897205712e-02,0.000000000000000000e+00,-1.054258435912998684e-02,0.000000000000000000e+00,-0.000000000000000000e+00,1.683756561315520595e-02,-0.000000000000000000e+00,-3.511278020144212308e-01,-7.929910003464439583e-02,0.000000000000000000e+00,0.000000000000000000e+00,-3.192407727721718325e-01,-2.637880733830924029e-01,-0.000000000000000000e+00,-0.000000000000000000e+00,-0.000000000000000000e+00,-0.000000000000000000e+00,-0.000000000000000000e+00,-2.592184032418565764e-01,-0.000000000000000000e+00,-0.000000000000000000e+00,-0.000000000000000000e+00,-2.050976035971168732e-01,-5.212683490389048435e-01,-0.000000000000000000e+00,2.605230508514281507e+00,-1.362302835785059174e-01,-0.000000000000000000e+00,-0.000000000000000000e+00,1.748085153876653419e-01,-1.791588987778590936e-01,-1.476679745782516484e-01,-2.976728722672871696e-01,-0.000000000000000000e+00,-0.000000000000000000e+00,-0.000000000000000000e+00,0.000000000000000000e+00
-2.672283956514608927e-01,2.540584790831732984e-02,0.000000000000000000e+00,0.000000000000000000e+00,0.000000000000000000e+00,0.000000000000000000e+00,-0.000000000000000000e+00,-0.000000000000000000e+00,0.000000000000000000e+00,-0.000000000000000000e+00,-2.509676031186334200e-01,0.000000000000000000e+00,-0.000000000000000000e+00,-0.000000000000000000e+00,-4.097518655197367465e-01,-0.000000000000000000e+00,-0.000000000000000000e+00,-1.818474636134210509e-01,-0.000000000000000000e+00,-1.220243479444524243e-01,-0.000000000000000000e+00,0.000000000000000000e+00,-0.000000000000000000e+00,-0.000000000000000000e+00,-0.000000000000000000e+00,-8.260960019120893172e-01,-0.000000000000000000e+00,-1.362302835785059174e-01,2.703954891466773258e+00,-0.000000000000000000e+00,0.000000000000000000e+00,0.000000000000000000e+00,-0.000000000000000000e+00,-0.000000000000000000e+00,-3.437090466484112317e-01,-3.873138919732775631e-02,-1.167261809576486528e-03,-2.975642531836262816e-01,1.861569114924452595e-01
-5.853725157602382989e-01,-1.122088520418069585e-01,-0.000000000000000000e+00,0.000000000000000000e+00,-0.000000000000000000e+00,1.424024842135714237e-02,-0.000000000000000000e+00,0.000000000000000000e+00,-4.814138844612421697e-01,-9.261501514019203352e-02,-0.000000000000000000e+00,0.000000000000000000e+00,-0.000000000000000000e+00,-1.535627820642812558e-02,-0.000000000000000000e+00,-3.500973448849429293e-01,-0.000000000000000000e+00,-0.000000000000000000e+00,-0.000000000000000000e+00,-0.000000000000000000e+00,0.000000000000000000e+00,-0.000000000000000000e+00,-6.811728899170198248e-02,-0.000000000000000000e+00,-1.201274249777614100e-01,-0.000000000000000000e+00,-0.000000000000000000e+00,-0.000000000000000000e+00,-0.000000000000000000e+00,2.018779652823929460e+00,0.000000000000000000e+00,0.000000000000000000e+00,0.000000000000000000e+00,-0.000000000000000000e+00,-0.000000000000000000e+00,-0.000000000000000000e+00,-0.000000000000000000e+00,-1.647940409688754271e-01,-0.000000000000000000e+00
0.000000000000000000e+00,0.000000000000000000e+00,-3.004633664819725269e-01,0.000000000000000000e+00,-0.000000000000000000e+00,-1.358230222829592548e-01,-0.000000000000000000e+00,1.243636346699125012e-01,0.000000000000000000e+00,-0.000000000000000000e+00,-0.000000000000000000e+00,-4.913738319043802621e-03,3.198504847619496605e-01,-0.000000000000000000e+00,0.000000000000000000e+00,-0.000000000000000000e+00,-0.000000000000000000e+00,0.000000000000000000e+00,0.000000000000000000e+00,0.000000000000000000e+00,-4.125139088195979853e-01,-5.272467275630438044e-01,-0.000000000000000000e+00,-0.000000000000000000e+00,-0.000000000000000000e+00,0.000000000000000000e+00,-2.943754394009221453e-01,-0.000000000000000000e+00,0.000000000000000000e+00,0.000000000000000000e+00,2.255527063483991679e+00,-0.000000000000000000e+00,-4.350928320348385614e-01,-0.000000000000000000e+00,-0.000000000000000000e+00,-0.000000000000000000e+00,-0.000000000000000000e+00,0.000000000000000000e+00,-0.000000000000000000e+00
0.000000000000000000e+00,-6.590395039556942725e-02,-0.000000000000000000e+00,0.000000000000000000e+00,0.000000000000000000e+00,-3.193034756603088664e-01,0.000000000000000000e+00,0.000000000000000000e+00,-0.000000000000000000e+00,0.000000000000000000e+00,-0.000000000000000000e+00,-1.330034968291965436e-01,2.556855019268675644e-01,0.000000000000000000e+00,2.529278648610025493e-01,-0.000000000000000000e+00,-1.483427642199376673e-01,0.000000000000000000e+00,0.000000000000000000e+00,2.802346225989646999e-01,-0.000000000000000000e+00,-1.350947171126681279e-01,-7.675533028492501075e-02,0.000000000000000000e+00,0.000000000000000000e+00,1.965139384805501266e-01,-1.584589482501858049e-01,1.748085153876653419e-01,0.000000000000000000e+00,0.000000000000000000e+00,-0.000000000000000000e+00,1.731872301343041487e+00,-0.000000000000000000e+00,0.000000000000000000e+00,0.000000000000000000e+00,-0.000000000000000000e+00,-9.400534460598125586e-02,0.000000000000000000e+00,-2.746849992750899361e-01
-0.000000000000000000e+00,0.000000000000000000e+00,-8.501428138898269038e-02,2.953827321462444352e-02,-0.000000000000000000e+00,-0.000000000000000000e+00,0.000000000000000000e+00,0.000000000000000000e+00,-0.000000000000000000e+00,-0.000000000000000000e+00,-1.180849211321889636e-01,-1.759491741575851531e-01,0.000000000000000000e+00,-7.693894615897110822e-02,-0.000000000000000000e+00,-0.000000000000000000e+00,-0.000000000000000000e+00,-0.000000000000000000e+00,-0.000000000000000000e+00,-0.000000000000000000e+00,-1.344867537532688784e-01,-9.067500879391494906e-02,-0.000000000000000000e+00,-0.000000000000000000e+00,-0.000000000000000000e+00,-0.000000000000000000e+00,-3.562426681993747790e-01,-1.791588987778590936e-01,-0.000000000000000000e+00,0.000000000000000000e+00,-4.350928320348385614e-01,-0.000000000000000000e+00,2.153632094255765850e+00,-2.006193528219389621e-01,-3.701382931200935533e-01,-0.000000000000000000e+00,-2.249546255791178284e-01,-0.000000000000000000e+00,-0.000000000000000000e+00
-0.000000000000000000e+00,-0.000000000000000000e+00,-2.016788756745177269e-01,0.000000000000000000e+00,-2.544640673253938390e-01,0.000000000000000000e+00,0.000000000000000000e+00,2.540774648379944267e-01,-1.131376386789559665e-02,-0.000000000000000000e+00,-0.000000000000000000e+00,-0.000000000000000000e+00,0.000000000000000000e+00,-2.930025140280366758e-01,-0.000000000000000000e+00,-0.000000000000000000e+00,-0.000000000000000000e+00,0.000000000000000000e+00,0.000000000000000000e+00,0.000000000000000000e+00,-0.000000000000000000e+00,-7.370509023484127231e-02,-0.000000000000000000e+00,-2.492538678401314822e-01,-8.931418784057929688e-03,-0.000000000000000000e+00,-0.000000000000000000e+00,-1.476679745782516484e-01,-0.000000000000000000e+00,-0.000000000000000000e+00,-0.000000000000000000e+00,0.000000000000000000e+00,-2.006193528219389621e-01,1.812887008837326563e+00,-0.000000000000000000e+00,-0.000000000000000000e+00,-0.000000000000000000e+00,0.000000000000000000e+00,-0.000000000000000000e+00
-0.000000000000000000e+00,3.748088288253451604e-03,-0.000000000000000000e+00,0.000000000000000000e+00,-0.000000000000000000e+00,0.000000000000000000e+00,-0.000000000000000000e+00,0.000000000000000000e+00,-0.000000000000000000e+00,-0.000000000000000000e+00,-0.000000000000000000e+00,-0.000000000000000000e+00,-0.000000000000000000e+00,-1.302687167042423932e-01,-1.558297681314832484e-01,-0.000000000000000000e+00,-0.000000000000000000e+00,-0.000000000000000000e+00,-0.000000000000000000e+00,-0.000000000000000000e+00,-0.000000000000000000e+00,-0.000000000000000000e+00,-0.000000000000000000e+00,-4.674695877630807850e-02,-1.573690433082237938e-02,-2.878679201510728758e-01,-0.000000000000000000e+00,-2.976728722672871696e-01,-3.437090466484112317e-01,-0.000000000000000000e+00,-0.000000000000000000e+00,0.000000000000000000e+00,-3.701382931200935533e-01,-0.000000000000000000e+00,1.904239680718259109e+00,-1.574125045537917711e-02,-1.044373222067429968e-01,-2.520399829970025249e-02,0.000000000000000000e+00
-0.000000000000000000e+00,0.000000000000000000e+00,0.000000000000000000e+00,0.000000000000000000e+00,0.000000000000000000e+00,-4.629082125698356226e-02,0.000000000000000000e+00,-0.000000000000000000e+00,0.000000000000000000e+00,-0.000000000000000000e+00,-1.028263997262736790e-01,-0.000000000000000000e+00,0.000000000000000000e+00,-0.000000000000000000e+00,-0.000000000000000000e+00,-0.000000000000000000e+00,-1.513787922940718067e-01,-0.000000000000000000e+00,-0.000000000000000000e+00,-0.000000000000000000e+00,-0.000000000000000000e+00,-0.000000000000000000e+00,-0.000000000000000000e+00,-0.000000000000000000e+00,-0.000000000000000000e+00,-0.000000000000000000e+00,-3.290989457260609652e-01,-0.000000000000000000e+00,-3.873138919732775631e-02,-0.000000000000000000e+00,-0.000000000000000000e+00,-0.000000000000000000e+00,-0.000000000000000000e+00,-0.000000000000000000e+00,-1.574125045537917711e-02,1.254927814976057876e+00,-1.366825703984982932e-01,-5.869295485683772781e-03,-0.000000000000000000e+00
-0.000000000000000000e+00,-0.000000000000000000e+00,-0.000000000000000000e+00,0.000000000000000000e+00,-0.000000000000000000e+00,-2.017004016233060470e-01,0.000000000000000000e+00,0.000000000000000000e+00,-0.000000000000000000e+00,-1.191139470141320579e-02,-3.415403663109511934e-02,-1.634371979642004480e-01,4.834135981934818693e-02,-1.074346610992694441e-02,-0.000000000000000000e+00,-0.000000000000000000e+00,-1.618308969165871136e-01,-0.000000000000000000e+00,-0.000000000000000000e+00,-0.000000000000000000e+00,-0.000000000000000000e+00,-0.000000000000000000e+00,-1.347486701180417301e-01,-1.062273332823794741e-01,-0.000000000000000000e+00,-0.000000000000000000e+00,-3.358758892986075106e-01,-0.000000000000000000e+00,-1.167261809576486528e-03,-0.000000000000000000e+00,-0.000000000000000000e+00,-9.400534460598125586e-02,-2.249546255791178284e-01,-0.000000000000000000e+00,-1.044373222067429968e-01,-1.366825703984982932e-01,1.610797065216722723e+00,-0.000000000000000000e+00,-0.000000000000000000e+00
-0.000000000000000000e+00,0.000000000000000000e+00,0.000000000000000000e+00,0.000000000000000000e+00,0.000000000000000000e+00,0.000000000000000000e+00,0.000000000000000000e+00,-0.000000000000000000e+00,-1.490204070391779601e-01,-0.000000000000000000e+00,-0.000000000000000000e+00,0.000000000000000000e+00,-0.000000000000000000e+00,-0.000000000000000000e+00,-1.783438011450253491e-01,-0.000000000000000000e+00,-6.415951138119406483e-02,-1.788676144677587287e-01,-6.153168328459258651e-01,-0.000000000000000000e+00,0.000000000000000000e+00,0.000000000000000000e+00,-1.104605161115239653e-01,-0.000000000000000000e+00,-0.000000000000000000e+00,-3.624481427010537438e-01,-0.000000000000000000e+00,-0.000000000000000000e+00,-2.975642531836262816e-01,-1.647940409688754271e-01,0.000000000000000000e+00,0.000000000000000000e+00,-0.000000000000000000e+00,0.000000000000000000e+00,-2.520399829970025249e-02,-5.869295485683772781e-03,-0.000000000000000000e+00,2.049893189897779244e+00,-0.000000000000000000e+00
0.000000000000000000e+00,-0.000000000000000000e+00,-0.000000000000000000e+00,0.000000000000000000e+00,-0.000000000000000000e+00,-0.000000000000000000e+00,0.000000000000000000e+00,0.000000000000000000e+00,-1.917325819550499133e-01,-0.000000000000000000e+00,0.000000000000000000e+00,-1.013613974524156941e-01,9.129717483996592498e-02,0.000000000000000000e+00,0.000000000000000000e+00,-0.000000000000000000e+00,0.000000000000000000e+00,0.000000000000000000e+00,-1.878368579340935207e-01,0.000000000000000000e+00,0.000000000000000000e+00,-1.251695700595385763e-01,-2.964011099407665717e-01,-0.000000000000000000e+00,-0.000000000000000000e+00,0.000000000000000000e+00,-4.157019611691555039e-02,0.000000000000000000e+00,1.861569114924452595e-01,-0.000000000000000000e+00,-0.000000000000000000e+00,-2.746849992750899361e-01,-0.000000000000000000e+00,-0.000000000000000000e+00,0.000000000000000000e+00,-0.000000000000000000e+00,-0.000000000000000000e+00,-0.000000000000000000e+00,1.358738979149159309e+00
