1.940414865086068641e+00,-4.502601528961781563e-01,-0.000000000000000000e+00,-0.000000000000000000e+00,-0.000000000000000000e+00,-0.000000000000000000e+00,-0.000000000000000000e+00,0.000000000000000000e+00,-0.000000000000000000e+00,-1.055133497277917082e-01,-0.000000000000000000e+00,0.000000000000000000e+00,0.000000000000000000e+00,-3.771646472462262256e-01,0.000000000000000000e+00,-3.699425054032569604e-01,-0.000000000000000000e+00,0.000000000000000000e+00,0.000000000000000000e+00,-0.000000000000000000e+00,-0.000000000000000000e+00,-0.000000000000000000e+00,-2.955102605455680598e-01,-9.006733413986542369e-03,-0.000000000000000000e+00,-0.000000000000000000e+00,-0.000000000000000000e+00,-0.000000000000000000e+00,-5.062619874952687532e-02,-4.230832027957080743e-02,-0.000000000000000000e+00,-0.000000000000000000e+00,-0.000000000000000000e+00,-0.000000000000000000e+00,-0.000000000000000000e+00,-0.000000000000000000e+00,-0.000000000000000000e+00,-5.681313393013005114e-02,-0.000000000000000000e+00
-4.502601528961781563e-01,2.156858614675563501e+00,-0.000000000000000000e+00,-0.000000000000000000e+00,-2.787331188532338189e-01,-0.000000000000000000e+00,-0.000000000000000000e+00,0.000000000000000000e+00,-0.000000000000000000e+00,-2.314871988886008786e-02,-0.000000000000000000e+00,-0.000000000000000000e+00,0.000000000000000000e+00,-1.891654102635133006e-01,-0.000000000000000000e+00,-1.636036282369765227e-01,-0.000000000000000000e+00,-0.000000000000000000e+00,-0.000000000000000000e+00,-0.000000000000000000e+00,-0.000000000000000000e+00,-0.000000000000000000e+00,-0.000000000000000000e+00,-1.036873293678219621e-01,-0.000000000000000000e+00,-9.669706747781098288e-02,-0.000000000000000000e+00,-0.000000000000000000e+00,-2.632934265703925081e-01,-4.155498539161507909e-01,-0.000000000000000000e+00,-0.000000000000000000e+00,-1.604058417025854000e-01,-0.000000000000000000e+00,-0.000000000000000000e+00,-0.000000000000000000e+00,-0.000000000000000000e+00,-0.000000000000000000e+00,-0.000000000000000000e+00
-0.000000000000000000e+00,-0.000000000000000000e+00,2.177079487049628614e+00,-0.000000000000000000e+00,-6.845032195302146183e-02,0.000000000000000000e+00,-1.932079224278145935e-01,1.926772966649998864e-01,-0.000000000000000000e+00,-0.000000000000000000e+00,-0.000000000000000000e+00,-0.000000000000000000e+00,0.000000000000000000e+00,-0.000000000000000000e+00,0.000000000000000000e+00,-0.000000000000000000e+00,-0.000000000000000000e+00,-0.000000000000000000e+00,-6.161315389089321720e-02,-1.158369721178499449e-02,-0.000000000000000000e+00,-1.166782530811246235e-02,-0.000000000000000000e+00,-2.664177139204179090e-01,-0.000000000000000000e+00,-2.329744790047371950e-01,-6.077775220942844420e-02,-3.017717897653745540e-01,-1.775681198526426197e-01,-1.295939241975337664e-01,-5.796058554965562160e-02,-1.018945845718497584e-01,-2.263101257702756774e-01,0.000000000000000000e+00,-2.126677905421774095e-01,-0.000000000000000000e+00,-0.000000000000000000e+00,0.000000000000000000e+00,-0.000000000000000000e+00
-0.000000000000000000e+00,-0.000000000000000000e+00,-0.000000000000000000e+00,1.375815560330410969e+00,-1.807387852069427744e-02,-0.000000000000000000e+00,-0.000000000000000000e+00,-0.000000000000000000e+00,-0.000000000000000000e+00,-0.000000000000000000e+00,-0.000000000000000000e+00,-1.820165871747840836e-01,-1.463543421477995210e-01,-0.000000000000000000e+00,-3.537106270796798457e-02,-0.000000000000000000e+00,-0.000000000000000000e+00,-3.100503676215271565e-01,-2.893464931628186299e-01,-9.982367493916846635e-02,0.000000000000000000e+00,-0.000000000000000000e+00,0.000000000000000000e+00,-0.000000000000000000e+00,-0.000000000000000000e+00,0.000000000000000000e+00,0.000000000000000000e+00,0.000000000000000000e+00,-0.000000000000000000e+00,-0.000000000000000000e+00,0.000000000000000000e+00,0.000000000000000000e+00,-0.000000000000000000e+00,-0.000000000000000000e+00,-0.000000000000000000e+00,-0.000000000000000000e+00,0.000000000000000000e+00,-0.000000000000000000e+00,-0.000000000000000000e+00
-0.000000000000000000e+00,-2.787331188532338189e-01,-6.845032195302146183e-02,-1.807387852069427744e-02,1.934279296456472341e+00,-0.000000000000000000e+00,-0.000000000000000000e+00,0.000000000000000000e+00,-6.531228503271819807e-01,-5.488708878372607763e-02,-0.000000000000000000e+00,-0.000000000000000000e+00,-0.000000000000000000e+00,-1.504658540872846721e-02,-0.000000000000000000e+00,-0.000000000000000000e+00,-1.819858488829892984e-01,-0.000000000000000000e+00,-1.856589033143158096e-01,-0.000000000000000000e+00,0.000000000000000000e+00,-0.000000000000000000e+00,-0.000000000000000000e+00,-0.000000000000000000e+00,-8.321795700906112203e-02,-0.000000000000000000e+00,-0.000000000000000000e+00,-0.000000000000000000e+00,-0.000000000000000000e+00,-0.000000000000000000e+00,-0.000000000000000000e+00,-0.000000000000000000e+00,-3.146159372951209954e-01,-1.544806351878391382e-01,-0.000000000000000000e+00,-0.000000000000000000e+00,0.000000000000000000e+00,-0.000000000000000000e+00,-1.199881932664151468e-01
-0.000000000000000000e+00,-0.000000000000000000e+00,0.000000000000000000e+00,-0.000000000000000000e+00,-0.000000000000000000e+00,1.795502483620996292e+00,0.000000000000000000e+00,0.000000000000000000e+00,-0.000000000000000000e+00,-4.698567303334943296e-02,-3.338076718442179597e-02,1.307483900092484275e-01,-0.000000000000000000e+00,-0.000000000000000000e+00,-0.000000000000000000e+00,-0.000000000000000000e+00,-1.625643091863067380e-01,-2.277829746427030289e-01,-0.000000000000000000e+00,0.000000000000000000e+00,2.881800596719363838e-01,2.101200443279336860e-01,-0.000000000000000000e+00,-0.000000000000000000e+00,-3.906219252132381858e-01,0.000000000000000000e+00,1.168077526791578245e-03,0.000000000000000000e+00,0.000000000000000000e+00,-0.000000000000000000e+00,8.128678671030584169e-02,-0.000000000000000000e+00,-0.000000000000000000e+00,-1.256165728480091413e-02,-0.000000000000000000e+00,-5.155182583210583536e-01,-0.000000000000000000e+00,-0.000000000000000000e+00,0.000000000000000000e+00
-0.000000000000000000e+00,-0.000000000000000000e+00,-1.932079224278145935e-01,-0.000000000000000000e+00,-0.000000000000000000e+00,0.000000000000000000e+00,2.356939698069052902e+00,-0.000000000000000000e+00,-0.000000000000000000e+00,-0.000000000000000000e+00,-0.000000000000000000e+00,-1.170415951748679517e-01,0.000000000000000000e+00,-0.000000000000000000e+00,0.000000000000000000e+00,-0.000000000000000000e+00,-0.000000000000000000e+00,0.000000000000000000e+00,-0.000000000000000000e+00,-6.754558117396077810e-01,-0.000000000000000000e+00,-6.881556041704307569e-01,0.000000000000000000e+00,-0.000000000000000000e+00,-0.000000000000000000e+00,-1.429249154787687673e-02,-2.114342780820658574e-01,-3.986900811033285835e-02,-1.449304414884197978e-01,-0.000000000000000000e+00,-1.005904556302085751e-01,-0.000000000000000000e+00,-1.111407233699160391e-01,0.000000000000000000e+00,-1.208940532093194520e-01,0.000000000000000000e+00,-0.000000000000000000e+00,0.000000000000000000e+00,-0.000000000000000000e+00
0.000000000000000000e+00,0.000000000000000000e+00,1.926772966649998864e-01,-0.000000000000000000e+00,0.000000000000000000e+00,0.000000000000000000e+00,-0.000000000000000000e+00,1.336596630209887948e+00,0.000000000000000000e+00,0.000000000000000000e+00,0.000000000000000000e+00,-4.179587415106268689e-02,-0.000000000000000000e+00,0.000000000000000000e+00,-0.000000000000000000e+00,0.000000000000000000e+00,0.000000000000000000e+00,-0.000000000000000000e+00,0.000000000000000000e+00,-0.000000000000000000e+00,0.000000000000000000e+00,-0.000000000000000000e+00,4.415734738333721987e-01,0.000000000000000000e+00,0.000000000000000000e+00,0.000000000000000000e+00,0.000000000000000000e+00,0.000000000000000000e+00,0.000000000000000000e+00,6.402941246627992522e-02,0.000000000000000000e+00,0.000000000000000000e+00,0.000000000000000000e+00,0.000000000000000000e+00,0.000000000000000000e+00,1.382915641028814036e-01,0.000000000000000000e+00,0.000000000000000000e+00,-0.000000000000000000e+00
-0.000000000000000000e+00,-0.000000000000000000e+00,-0.000000000000000000e+00,-0.000000000000000000e+00,-6.531228503271819807e-01,-0.000000000000000000e+00,-0.000000000000000000e+00,0.000000000000000000e+00,2.089008551130202562e+00,-0.000000000000000000e+00,-0.000000000000000000e+00,-0.000000000000000000e+00,0.000000000000000000e+00,-0.000000000000000000e+00,-0.000000000000000000e+00,-0.000000000000000000e+00,-0.000000000000000000e+00,-0.000000000000000000e+00,-0.000000000000000000e+00,-0.000000000000000000e+00,0.000000000000000000e+00,-0.000000000000000000e+00,-0.000000000000000000e+00,-0.000000000000000000e+00,-0.000000000000000000e+00,-0.000000000000000000e+00,-0.000000000000000000e+00,-0.000000000000000000e+00,-0.000000000000000000e+00,-0.000000000000000000e+00,-0.000000000000000000e+00,0.000000000000000000e+00,-0.000000000000000000e+00,-5.216820748686381570e-01,0.000000000000000000e+00,-0.000000000000000000e+00,0.000000000000000000e+00,-1.964530137467018767e-01,-6.884474890742847686e-01
-1.055133497277917082e-01,-2.314871988886008786e-02,-0.000000000000000000e+00,-0.000000000000000000e+00,-5.488708878372607763e-02,-4.698567303334943296e-02,-0.000000000000000000e+00,0.000000000000000000e+00,-0.000000000000000000e+00,2.662228966506924532e+00,-3.067549066796275703e-01,0.000000000000000000e+00,-0.000000000000000000e+00,-9.169500273405755200e-03,-0.000000000000000000e+00,-6.657071283928173155e-01,-1.425872122180194823e-01,-0.000000000000000000e+00,-0.000000000000000000e+00,-0.000000000000000000e+00,0.000000000000000000e+00,0.000000000000000000e+00,-1.878493968920940116e-01,-2.161653276873314877e-01,-5.274254109213063479e-01,-0.000000000000000000e+00,-0.000000000000000000e+00,-0.000000000000000000e+00,-0.000000000000000000e+00,-8.758541153090071418e-02,-0.000000000000000000e+00,-0.000000000000000000e+00,-0.000000000000000000e+00,-0.000000000000000000e+00,-0.000000000000000000e+00,-3.199053790586130486e-01,-9.967196473109724009e-02,-0.000000000000000000e+00,0.000000000000000000e+00
-0.000000000000000000e+00,-0.000000000000000000e+00,-0.000000000000000000e+00,-0.000000000000000000e+00,-0.000000000000000000e+00,-3.338076718442179597e-02,-0.000000000000000000e+00,0.000000000000000000e+00,-0.000000000000000000e+00,-3.067549066796275703e-01,2.314560849524509134e+00,0.000000000000000000e+00,0.000000000000000000e+00,-0.000000000000000000e+00,0.000000000000000000e+00,-7.720594502314041818e-02,-4.810280805808052063e-01,-0.000000000000000000e+00,-0.000000000000000000e+00,-0.000000000000000000e+00,-0.000000000000000000e+00,-0.000000000000000000e+00,-2.151205474383754632e-02,-3.867740722828708066e-01,-3.430358349687397390e-01,-0.000000000000000000e+00,-0.000000000000000000e+00,-0.000000000000000000e+00,-0.000000000000000000e+00,-0.000000000000000000e+00,-0.000000000000000000e+00,-2.027153962144600530e-01,-0.000000000000000000e+00,0.000000000000000000e+00,-1.966942718144311097e-01,-1.186886234404695151e-01,-1.616863140495305162e-01,-0.000000000000000000e+00,0.000000000000000000e+00
0.000000000000000000e+00,-0.000000000000000000e+00,-0.000000000000000000e+00,-1.820165871747840836e-01,-0.000000000000000000e+00,1.307483900092484275e-01,-1.170415951748679517e-01,-4.179587415106268689e-02,-0.000000000000000000e+00,0.000000000000000000e+00,0.000000000000000000e+00,1.601718164968399805e+00,-0.000000000000000000e+00,-0.000000000000000000e+00,-1.635793514069777965e-01,0.000000000000000000e+00,-0.000000000000000000e+00,-0.000000000000000000e+00,-9.706617588357381587e-02,-3.134701066850656415e-01,-0.000000000000000000e+00,-7.882130830293825052e-02,1.327730941434243361e-01,-0.000000000000000000e+00,0.000000000000000000e+00,-0.000000000000000000e+00,-0.000000000000000000e+00,-0.000000000000000000e+00,-0.000000000000000000e+00,-0.000000000000000000e+00,-0.000000000000000000e+00,0.000000000000000000e+00,-0.000000000000000000e+00,-0.000000000000000000e+00,-0.000000000000000000e+00,4.590485155448167931e-02,0.000000000000000000e+00,-0.000000000000000000e+00,-6.413247346182706643e-01
0.000000000000000000e+00,0.000000000000000000e+00,0.000000000000000000e+00,-1.463543421477995210e-01,-0.000000000000000000e+00,-0.000000000000000000e+00,0.000000000000000000e+00,-0.000000000000000000e+00,0.000000000000000000e+00,-0.000000000000000000e+00,0.000000000000000000e+00,-0.000000000000000000e+00,2.204511045019639237e+00,-0.000000000000000000e+00,-3.439714795777534806e-01,0.000000000000000000e+00,-0.000000000000000000e+00,-2.280345201020209100e-01,-0.000000000000000000e+00,0.000000000000000000e+00,4.668617560010202006e-01,0.000000000000000000e+00,0.000000000000000000e+00,0.000000000000000000e+00,-0.000000000000000000e+00,0.000000000000000000e+00,2.188444425763650947e-01,2.585526908925465106e-01,0.000000000000000000e+00,0.000000000000000000e+00,4.763161327144775359e-01,1.046956341396879653e-01,0.000000000000000000e+00,-0.000000000000000000e+00,0.000000000000000000e+00,-0.000000000000000000e+00,0.000000000000000000e+00,-6.757549303894450077e-02,-0.000000000000000000e+00
-3.771646472462262256e-01,-1.891654102635133006e-01,-0.000000000000000000e+00,-0.000000000000000000e+00,-1.504658540872846721e-02,-0.000000000000000000e+00,-0.000000000000000000e+00,0.000000000000000000e+00,-0.000000000000000000e+00,-9.169500273405755200e-03,-0.000000000000000000e+00,-0.000000000000000000e+00,-0.000000000000000000e+00,2.180984259671860936e+00,-0.000000000000000000e+00,-2.794287330756985432e-01,-3.797194791953044102e-01,-0.000000000000000000e+00,-0.000000000000000000e+00,-0.000000000000000000e+00,0.000000000000000000e+00,-0.000000000000000000e+00,-0.000000000000000000e+00,-1.456091386016254430e-01,-0.000000000000000000e+00,-0.000000000000000000e+00,-0.000000000000000000e+00,-0.000000000000000000e+00,-1.970362475149097514e-01,-0.000000000000000000e+00,-0.000000000000000000e+00,-0.000000000000000000e+00,-3.906214777016602802e-01,-0.000000000000000000e+00,-1.296575257882992549e-01,-0.000000000000000000e+00,-0.000000000000000000e+00,-0.000000000000000000e+00,-0.000000000000000000e+00
0.000000000000000000e+00,-0.000000000000000000e+00,0.000000000000000000e+00,-3.537106270796798457e-02,-0.000000000000000000e+00,-0.000000000000000000e+00,0.000000000000000000e+00,-0.000000000000000000e+00,-0.000000000000000000e+00,-0.000000000000000000e+00,0.000000000000000000e+00,-1.635793514069777965e-01,-3.439714795777534806e-01,-0.000000000000000000e+00,1.870742975888780579e+00,0.000000000000000000e+00,-0.000000000000000000e+00,-4.495726854880688350e-01,-1.624176904584152467e-02,-0.000000000000000000e+00,1.688945131209960981e-01,0.000000000000000000e+00,0.000000000000000000e+00,0.000000000000000000e+00,-0.000000000000000000e+00,0.000000000000000000e+00,0.000000000000000000e+00,1.904786691802003856e-02,0.000000000000000000e+00,0.000000000000000000e+00,0.000000000000000000e+00,5.477741790981205394e-02,0.000000000000000000e+00,-1.526929779046531099e-01,0.000000000000000000e+00,-0.000000000000000000e+00,1.216902306808988338e-01,-3.270249849239711959e-01,-2.269516822675536616e-01
-3.699425054032569604e-01,-1.636036282369765227e-01,-0.000000000000000000e+00,-0.000000000000000000e+00,-0.000000000000000000e+00,-0.000000000000000000e+00,-0.000000000000000000e+00,0.000000000000000000e+00,-0.000000000000000000e+00,-6.657071283928173155e-01,-7.720594502314041818e-02,0.000000000000000000e+00,0.000000000000000000e+00,-2.794287330756985432e-01,0.000000000000000000e+00,2.621140561476727360e+00,-2.019811949811697871e-02,-0.000000000000000000e+00,-0.000000000000000000e+00,-0.000000000000000000e+00,0.000000000000000000e+00,-0.000000000000000000e+00,-2.138950556274701875e-01,-2.232636264811383164e-01,-2.215669068289219668e-01,-0.000000000000000000e+00,-0.000000000000000000e+00,-0.000000000000000000e+00,-0.000000000000000000e+00,-1.770111673772590821e-01,-0.000000000000000000e+00,-0.000000000000000000e+00,-0.000000000000000000e+00,-0.000000000000000000e+00,-1.198784073900743402e-01,-1.527328865102779154e-01,-5.312623221646552846e-02,-0.000000000000000000e+00,0.000000000000000000e+00
-0.000000000000000000e+00,-0.000000000000000000e+00,-0.000000000000000000e+00,-0.000000000000000000e+00,-1.819858488829892984e-01,-1.625643091863067380e-01,-0.000000000000000000e+00,0.000000000000000000e+00,-0.000000000000000000e+00,-1.425872122180194823e-01,-4.810280805808052063e-01,-0.000000000000000000e+00,-0.000000000000000000e+00,-3.797194791953044102e-01,-0.000000000000000000e+00,-2.019811949811697871e-02,2.189411745084806959e+00,-1.324965460792843497e-01,-3.176425963157282761e-01,-0.000000000000000000e+00,0.000000000000000000e+00,-0.000000000000000000e+00,-0.000000000000000000e+00,-0.000000000000000000e+00,-2.724276515605550952e-01,-0.000000000000000000e+00,-0.000000000000000000e+00,-0.000000000000000000e+00,-0.000000000000000000e+00,-0.000000000000000000e+00,0.000000000000000000e+00,-0.000000000000000000e+00,-2.697865839243510644e-01,-0.000000000000000000e+00,-0.000000000000000000e+00,-0.000000000000000000e+00,-0.000000000000000000e+00,-0.000000000000000000e+00,-0.000000000000000000e+00
0.000000000000000000e+00,-0.000000000000000000e+00,-0.000000000000000000e+00,-3.100503676215271565e-01,-0.000000000000000000e+00,-2.277829746427030289e-01,0.000000000000000000e+00,-0.000000000000000000e+00,-0.000000000000000000e+00,-0.000000000000000000e+00,-0.000000000000000000e+00,-0.000000000000000000e+00,-2.280345201020209100e-01,-0.000000000000000000e+00,-4.495726854880688350e-01,-0.000000000000000000e+00,-1.324965460792843497e-01,2.174395951161482543e+00,-6.586517192955572142e-01,-0.000000000000000000e+00,2.433281675421856693e-01,0.000000000000000000e+00,0.000000000000000000e+00,-0.000000000000000000e+00,-2.731138758149789791e-01,0.000000000000000000e+00,0.000000000000000000e+00,0.000000000000000000e+00,0.000000000000000000e+00,0.000000000000000000e+00,0.000000000000000000e+00,0.000000000000000000e+00,-0.000000000000000000e+00,-1.783546835006091791e-02,-0.000000000000000000e+00,-0.000000000000000000e+00,0.000000000000000000e+00,-0.000000000000000000e+00,-0.000000000000000000e+00
0.000000000000000000e+00,-0.000000000000000000e+00,-6.161315389089321720e-02,-2.893464931628186299e-01,-1.856589033143158096e-01,-0.000000000000000000e+00,-0.000000000000000000e+00,0.000000000000000000e+00,-0.000000000000000000e+00,-0.000000000000000000e+00,-0.000000000000000000e+00,-9.706617588357381587e-02,-0.000000000000000000e+00,-0.000000000000000000e+00,-1.624176904584152467e-02,-0.000000000000000000e+00,-3.176425963157282761e-01,-6.586517192955572142e-01,1.801690924067901767e+00,-1.039518105959317262e-01,0.000000000000000000e+00,-0.000000000000000000e+00,0.000000000000000000e+00,-0.000000000000000000e+00,-0.000000000000000000e+00,-0.000000000000000000e+00,0.000000000000000000e+00,0.000000000000000000e+00,-0.000000000000000000e+00,-0.000000000000000000e+00,0.000000000000000000e+00,-0.000000000000000000e+00,-0.000000000000000000e+00,-0.000000000000000000e+00,-0.000000000000000000e+00,-0.000000000000000000e+00,0.000000000000000000e+00,-0.000000000000000000e+00,-9.122066547604046338e-02
-0.000000000000000000e+00,-0.000000000000000000e+00,-1.158369721178499449e-02,-9.982367493916846635e-02,-0.000000000000000000e+00,0.000000000000000000e+00,-6.754558117396077810e-01,-0.000000000000000000e+00,-0.000000000000000000e+00,-0.000000000000000000e+00,-0.000000000000000000e+00,-3.134701066850656415e-01,0.000000000000000000e+00,-0.000000000000000000e+00,-0.000000000000000000e+00,-0.000000000000000000e+00,-0.000000000000000000e+00,-0.000000000000000000e+00,-1.039518105959317262e-01,1.832145999895309796e+00,-0.000000000000000000e+00,-2.068961253658898880e-01,0.000000000000000000e+00,-0.000000000000000000e+00,-0.000000000000000000e+00,-0.000000000000000000e+00,-0.000000000000000000e+00,-0.000000000000000000e+00,-8.855301399456651235e-02,-0.000000000000000000e+00,-0.000000000000000000e+00,-0.000000000000000000e+00,-1.726653437438649685e-01,0.000000000000000000e+00,-1.481819196122100002e-01,0.000000000000000000e+00,-0.000000000000000000e+00,0.000000000000000000e+00,-0.000000000000000000e+00
-0.000000000000000000e+00,-0.000000000000000000e+00,-0.000000000000000000e+00,0.000000000000000000e+00,0.000000000000000000e+00,2.881800596719363838e-01,-0.000000000000000000e+00,0.000000000000000000e+00,0.000000000000000000e+00,0.000000000000000000e+00,-0.000000000000000000e+00,-0.000000000000000000e+00,4.668617560010202006e-01,0.000000000000000000e+00,1.688945131209960981e-01,0.000000000000000000e+00,0.000000000000000000e+00,2.433281675421856693e-01,0.000000000000000000e+00,-0.000000000000000000e+00,2.711276341904458320e+00,-2.437197536393128083e-01,-0.000000000000000000e+00,-0.000000000000000000e+00,0.000000000000000000e+00,-7.907901564927445615e-02,-3.021188312330955750e-01,-5.040862244637969170e-01,-0.000000000000000000e+00,-0.000000000000000000e+00,-4.070500984370821196e-01,-3.033313460302637307e-03,-0.000000000000000000e+00,3.167958025244136389e-01,-0.000000000000000000e+00,0.000000000000000000e+00,-0.000000000000000000e+00,1.814898663305432314e-01,0.000000000000000000e+00
-0.000000000000000000e+00,-0.000000000000000000e+00,-1.166782530811246235e-02,-0.000000000000000000e+00,-0.000000000000000000e+00,2.101200443279336860e-01,-6.881556041704307569e-01,-0.000000000000000000e+00,-0.000000000000000000e+00,0.000000000000000000e+00,-0.000000000000000000e+00,-7.882130830293825052e-02,0.000000000000000000e+00,-0.000000000000000000e+00,0.000000000000000000e+00,-0.000000000000000000e+00,-0.000000000000000000e+00,0.000000000000000000e+00,-0.000000000000000000e+00,-2.068961253658898880e-01,-2.437197536393128083e-01,2.602815261491487231e+00,-0.000000000000000000e+00,-0.000000000000000000e+00,0.000000000000000000e+00,-1.080884731389137737e-01,-3.664951813853841167e-01,-3.419720276057660047e-01,-4.843596477972084147e-02,-0.000000000000000000e+00,-4.397184089201294221e-01,-0.000000000000000000e+00,-6.517034873738958289e-02,8.009088275167396132e-02,-0.000000000000000000e+00,0.000000000000000000e+00,-0.000000000000000000e+00,0.000000000000000000e+00,-0.000000000000000000e+00
-2.955102605455680598e-01,-0.000000000000000000e+00,-0.000000000000000000e+00,0.000000000000000000e+00,-0.000000000000000000e+00,-0.000000000000000000e+00,0.000000000000000000e+00,4.415734738333721987e-01,-0.000000000000000000e+00,-1.878493968920940116e-01,-2.151205474383754632e-02,1.327730941434243361e-01,0.000000000000000000e+00,-0.000000000000000000e+00,0.000000000000000000e+00,-2.138950556274701875e-01,-0.000000000000000000e+00,0.000000000000000000e+00,0.000000000000000000e+00,0.000000000000000000e+00,-0.000000000000000000e+00,-0.000000000000000000e+00,2.132015576572083848e+00,-1.230223838032482586e-01,-0.000000000000000000e+00,-0.000000000000000000e+00,-0.000000000000000000e+00,-0.000000000000000000e+00,-0.000000000000000000e+00,-2.391018406321821499e-01,-0.000000000000000000e+00,-4.959345941263140767e-02,-0.000000000000000000e+00,0.000000000000000000e+00,-0.000000000000000000e+00,-2.284136918316445608e-01,-3.844610640238011467e-01,-0.000000000000000000e+00,0.000000000000000000e+00
-9.006733413986542369e-03,-1.036873293678219621e-01,-2.664177139204179090e-01,-0.000000000000000000e+00,-0.000000000000000000e+00,-0.000000000000000000e+00,-0.000000000000000000e+00,0.000000000000000000e+00,-0.000000000000000000e+00,-2.161653276873314877e-01,-3.867740722828708066e-01,-0.000000000000000000e+00,0.000000000000000000e+00,-1.456091386016254430e-01,0.000000000000000000e+00,-2.232636264811383164e-01,-0.000000000000000000e+00,-0.000000000000000000e+00,-0.000000000000000000e+00,-0.000000000000000000e+00,-0.000000000000000000e+00,-0.000000000000000000e+00,-1.230223838032482586e-01,2.628355482009603339e+00,-0.000000000000000000e+00,-0.000000000000000000e+00,-0.000000000000000000e+00,-0.000000000000000000e+00,-2.962471819767958925e-01,-3.686864881755864687e-01,-0.000000000000000000e+00,-2.508586746034684456e-01,-6.994523623330898068e-03,0.000000000000000000e+00,-2.759972003213563285e-01,-0.000000000000000000e+00,-6.999662261034039767e-02,-0.000000000000000000e+00,-0.000000000000000000e+00
-0.000000000000000000e+00,-0.000000000000000000e+00,-0.000000000000000000e+00,-0.000000000000000000e+00,-8.321795700906112203e-02,-3.906219252132381858e-01,-0.000000000000000000e+00,0.000000000000000000e+00,-0.000000000000000000e+00,-5.274254109213063479e-01,-3.430358349687397390e-01,0.000000000000000000e+00,-0.000000000000000000e+00,-0.000000000000000000e+00,-0.000000000000000000e+00,-2.215669068289219668e-01,-2.724276515605550952e-01,-2.731138758149789791e-01,-0.000000000000000000e+00,-0.000000000000000000e+00,0.000000000000000000e+00,0.000000000000000000e+00,-0.000000000000000000e+00,-0.000000000000000000e+00,2.295195773350166224e+00,-0.000000000000000000e+00,0.000000000000000000e+00,0.000000000000000000e+00,-0.000000000000000000e+00,-0.000000000000000000e+00,0.000000000000000000e+00,-0.000000000000000000e+00,-0.000000000000000000e+00,-0.000000000000000000e+00,-0.000000000000000000e+00,-2.948777450989454874e-01,-0.000000000000000000e+00,-0.000000000000000000e+00,-0.000000000000000000e+00
-0.000000000000000000e+00,-9.669706747781098288e-02,-2.329744790047371950e-01,0.000000000000000000e+00,-0.000000000000000000e+00,0.000000000000000000e+00,-1.429249154787687673e-02,0.000000000000000000e+00,-0.000000000000000000e+00,-0.000000000000000000e+00,-0.000000000000000000e+00,-0.000000000000000000e+00,0.000000000000000000e+00,-0.000000000000000000e+00,0.000000000000000000e+00,-0.000000000000000000e+00,-0.000000000000000000e+00,0.000000000000000000e+00,-0.000000000000000000e+00,-0.000000000000000000e+00,-7.907901564927445615e-02,-1.080884731389137737e-01,-0.000000000000000000e+00,-0.000000000000000000e+00,-0.000000000000000000e+00,2.552468672613467326e+00,-3.699704323972413667e-01,-4.528564957411730929e-01,-5.371205073945879427e-01,-6.079195395891781942e-03,-2.188833896718155869e-01,-6.349407152981638436e-02,-1.076683359568623849e-01,1.988276798425811162e-02,-3.158728641362517631e-01,0.000000000000000000e+00,-0.000000000000000000e+00,0.000000000000000000e+00,-0.000000000000000000e+00
-0.000000000000000000e+00,-0.000000000000000000e+00,-6.077775220942844420e-02,0.000000000000000000e+00,-0.000000000000000000e+00,1.168077526791578245e-03,-2.114342780820658574e-01,0.000000000000000000e+00,-0.000000000000000000e+00,-0.000000000000000000e+00,-0.000000000000000000e+00,-0.000000000000000000e+00,2.188444425763650947e-01,-0.000000000000000000e+00,0.000000000000000000e+00,-0.000000000000000000e+00,-0.000000000000000000e+00,0.000000000000000000e+00,0.000000000000000000e+00,-0.000000000000000000e+00,-3.021188312330955750e-01,-3.664951813853841167e-01,-0.000000000000000000e+00,-0.000000000000000000e+00,0.000000000000000000e+00,-3.699704323972413667e-01,2.563574046782679972e+00,-3.268404916733146370e-01,-1.009257684925117388e-01,-1.051333253859945832e-01,-4.613965334599004486e-01,-9.086112190331133154e-02,-0.000000000000000000e+00,0.000000000000000000e+00,-0.000000000000000000e+00,0.000000000000000000e+00,-0.000000000000000000e+00,0.000000000000000000e+00,-0.000000000000000000e+00
-0.000000000000000000e+00,-0.000000000000000000e+00,-3.017717897653745540e-01,0.000000000000000000e+00,-0.000000000000000000e+00,0.000000000000000000e+00,-3.986900811033285835e-02,0.000000000000000000e+00,-0.000000000000000000e+00,-0.000000000000000000e+00,-0.000000000000000000e+00,-0.000000000000000000e+00,2.585526908925465106e-01,-0.000000000000000000e+00,1.904786691802003856e-02,-0.000000000000000000e+00,-0.000000000000000000e+00,0.000000000000000000e+00,0.000000000000000000e+00,-0.000000000000000000e+00,-5.040862244637969170e-01,-3.419720276057660047e-01,-0.000000000000000000e+00,-0.000000000000000000e+00,0.000000000000000000e+00,-4.528564957411730929e-01,-3.268404916733146370e-01,2.744919348626112310e+00,-4.452547880736017205e-02,-0.000000000000000000e+00,-5.123151032131200155e-01,-0.000000000000000000e+00,-0.000000000000000000e+00,0.000000000000000000e+00,-0.000000000000000000e+00,0.000000000000000000e+00,-0.000000000000000000e+00,0.000000000000000000e+00,-0.000000000000000000e+00
-5.062619874952687532e-02,-2.632934265703925081e-01,-1.775681198526426197e-01,-0.000000000000000000e+00,-0.000000000000000000e+00,0.000000000000000000e+00,-1.449304414884197978e-01,0.000000000000000000e+00,-0.000000000000000000e+00,-0.000000000000000000e+00,-0.000000000000000000e+00,-0.000000000000000000e+00,0.000000000000000000e+00,-1.970362475149097514e-01,0.000000000000000000e+00,-0.000000000000000000e+00,-0.000000000000000000e+00,0.000000000000000000e+00,-0.000000000000000000e+00,-8.855301399456651235e-02,-0.000000000000000000e+00,-4.843596477972084147e-02,-0.000000000000000000e+00,-2.962471819767958925e-01,-0.000000000000000000e+00,-5.371205073945879427e-01,-1.009257684925117388e-01,-4.452547880736017205e-02,2.850633171511889330e+00,-1.032993054435883545e-01,-0.000000000000000000e+00,-4.165722249611224920e-02,-4.637171563695444143e-01,0.000000000000000000e+00,-5.088142932810792995e-01,-0.000000000000000000e+00,-0.000000000000000000e+00,0.000000000000000000e+00,-0.000000000000000000e+00
-4.230832027957080743e-02,-4.155498539161507909e-01,-1.295939241975337664e-01,-0.000000000000000000e+00,-0.000000000000000000e+00,-0.000000000000000000e+00,-0.000000000000000000e+00,6.402941246627992522e-02,-0.000000000000000000e+00,-8.758541153090071418e-02,-0.000000000000000000e+00,-0.000000000000000000e+00,0.000000000000000000e+00,-0.000000000000000000e+00,0.000000000000000000e+00,-1.770111673772590821e-01,-0.000000000000000000e+00,0.000000000000000000e+00,-0.000000000000000000e+00,-0.000000000000000000e+00,-0.000000000000000000e+00,-0.000000000000000000e+00,-2.391018406321821499e-01,-3.686864881755864687e-01,-0.000000000000000000e+00,-6.079195395891781942e-03,-1.051333253859945832e-01,-0.000000000000000000e+00,-1.032993054435883545e-01,2.172447288745487093e+00,-0.000000000000000000e+00,-3.106925501014304314e-01,-0.000000000000000000e+00,0.000000000000000000e+00,-0.000000000000000000e+00,-0.000000000000000000e+00,-9.418170231930657332e-02,0.000000000000000000e+00,-0.000000000000000000e+00
-0.000000000000000000e+00,-0.000000000000000000e+00,-5.796058554965562160e-02,0.000000000000000000e+00,-0.000000000000000000e+00,8.128678671030584169e-02,-1.005904556302085751e-01,0.000000000000000000e+00,-0.000000000000000000e+00,-0.000000000000000000e+00,-0.000000000000000000e+00,-0.000000000000000000e+00,4.763161327144775359e-01,-0.000000000000000000e+00,0.000000000000000000e+00,-0.000000000000000000e+00,0.000000000000000000e+00,0.000000000000000000e+00,0.000000000000000000e+00,-0.000000000000000000e+00,-4.070500984370821196e-01,-4.397184089201294221e-01,-0.000000000000000000e+00,-0.000000000000000000e+00,0.000000000000000000e+00,-2.188833896718155869e-01,-4.613965334599004486e-01,-5.123151032131200155e-01,-0.000000000000000000e+00,-0.000000000000000000e+00,2.727111254241419314e+00,-0.000000000000000000e+00,-2.304298614161352787e-02,0.000000000000000000e+00,-0.000000000000000000e+00,0.000000000000000000e+00,-0.000000000000000000e+00,0.000000000000000000e+00,-0.000000000000000000e+00
-0.000000000000000000e+00,-0.000000000000000000e+00,-1.018945845718497584e-01,0.000000000000000000e+00,-0.000000000000000000e+00,-0.000000000000000000e+00,-0.000000000000000000e+00,0.000000000000000000e+00,0.000000000000000000e+00,-0.000000000000000000e+00,-2.027153962144600530e-01,0.000000000000000000e+00,1.046956341396879653e-01,-0.000000000000000000e+00,5.477741790981205394e-02,-0.000000000000000000e+00,-0.000000000000000000e+00,0.000000000000000000e+00,-0.000000000000000000e+00,-0.000000000000000000e+00,-3.033313460302637307e-03,-0.000000000000000000e+00,-4.959345941263140767e-02,-2.508586746034684456e-01,-0.000000000000000000e+00,-6.349407152981638436e-02,-9.086112190331133154e-02,-0.000000000000000000e+00,-4.165722249611224920e-02,-3.106925501014304314e-01,-0.000000000000000000e+00,2.297581618638331769e+00,-0.000000000000000000e+00,3.909179545254165555e-02,-2.794583930721781240e-01,-0.000000000000000000e+00,-7.487422353956900700e-01,0.000000000000000000e+00,0.000000000000000000e+00
-0.000000000000000000e+00,-1.604058417025854000e-01,-2.263101257702756774e-01,-0.000000000000000000e+00,-3.146159372951209954e-01,-0.000000000000000000e+00,-1.111407233699160391e-01,0.000000000000000000e+00,-0.000000000000000000e+00,-0.000000000000000000e+00,-0.000000000000000000e+00,-0.000000000000000000e+00,0.000000000000000000e+00,-3.906214777016602802e-01,0.000000000000000000e+00,-0.000000000000000000e+00,-2.697865839243510644e-01,-0.000000000000000000e+00,-0.000000000000000000e+00,-1.726653437438649685e-01,-0.000000000000000000e+00,-6.517034873738958289e-02,-0.000000000000000000e+00,-6.994523623330898068e-03,-0.000000000000000000e+00,-1.076683359568623849e-01,-0.000000000000000000e+00,-0.000000000000000000e+00,-4.637171563695444143e-01,-0.000000000000000000e+00,-2.304298614161352787e-02,-0.000000000000000000e+00,2.284312561363776251e+00,0.000000000000000000e+00,-1.025963022801807401e-01,0.000000000000000000e+00,-0.000000000000000000e+00,-0.000000000000000000e+00,-0.000000000000000000e+00
-0.000000000000000000e+00,-0.000000000000000000e+00,0.000000000000000000e+00,-0.000000000000000000e+00,-1.544806351878391382e-01,-1.256165728480091413e-02,0.000000000000000000e+00,0.000000000000000000e+00,-5.216820748686381570e-01,-0.000000000000000000e+00,0.000000000000000000e+00,-0.000000000000000000e+00,-0.000000000000000000e+00,-0.000000000000000000e+00,-1.526929779046531099e-01,-0.000000000000000000e+00,-0.000000000000000000e+00,-1.783546835006091791e-02,-0.000000000000000000e+00,0.000000000000000000e+00,3.167958025244136389e-01,8.009088275167396132e-02,0.000000000000000000e+00,0.000000000000000000e+00,-0.000000000000000000e+00,1.988276798425811162e-02,0.000000000000000000e+00,0.000000000000000000e+00,0.000000000000000000e+00,0.000000000000000000e+00,0.000000000000000000e+00,3.909179545254165555e-02,0.000000000000000000e+00,1.622052487136854237e+00,0.000000000000000000e+00,-0.000000000000000000e+00,2.107604113248390948e-02,-1.987178028800307972e-01,-0.000000000000000000e+00
-0.000000000000000000e+00,-0.000000000000000000e+00,-2.126677905421774095e-01,-0.000000000000000000e+00,-0.000000000000000000e+00,-0.000000000000000000e+00,-1.208940532093194520e-01,0.000000000000000000e+00,0.000000000000000000e+00,-0.000000000000000000e+00,-1.966942718144311097e-01,-0.000000000000000000e+00,0.000000000000000000e+00,-1.296575257882992549e-01,0.000000000000000000e+00,-1.198784073900743402e-01,-0.000000000000000000e+00,-0.000000000000000000e+00,-0.000000000000000000e+00,-1.481819196122100002e-01,-0.000000000000000000e+00,-0.000000000000000000e+00,-0.000000000000000000e+00,-2.759972003213563285e-01,-0.000000000000000000e+00,-3.158728641362517631e-01,-0.000000000000000000e+00,-0.000000000000000000e+00,-5.088142932810792995e-01,-0.000000000000000000e+00,-0.000000000000000000e+00,-2.794583930721781240e-01,-1.025963022801807401e-01,0.000000000000000000e+00,2.591467611740914556e+00,-0.000000000000000000e+00,-3.157256266103539710e-01,0.000000000000000000e+00,0.000000000000000000e+00
-0.000000000000000000e+00,-0.000000000000000000e+00,-0.000000000000000000e+00,-0.000000000000000000e+00,-0.000000000000000000e+00,-5.155182583210583536e-01,0.000000000000000000e+00,1.382915641028814036e-01,-0.000000000000000000e+00,-3.199053790586130486e-01,-1.186886234404695151e-01,4.590485155448167931e-02,-0.000000000000000000e+00,-0.000000000000000000e+00,-0.000000000000000000e+00,-1.527328865102779154e-01,-0.000000000000000000e+00,-0.000000000000000000e+00,-0.000000000000000000e+00,0.000000000000000000e+00,0.000000000000000000e+00,0.000000000000000000e+00,-2.284136918316445608e-01,-0.000000000000000000e+00,-2.948777450989454874e-01,0.000000000000000000e+00,0.000000000000000000e+00,0.000000000000000000e+00,-0.000000000000000000e+00,-0.000000000000000000e+00,0.000000000000000000e+00,-0.000000000000000000e+00,0.000000000000000000e+00,-0.000000000000000000e+00,-0.000000000000000000e+00,1.913964682220589131e+00,-7.192676712198238509e-02,-0.000000000000000000e+00,0.000000000000000000e+00
-0.000000000000000000e+00,-0.000000000000000000e+00,-0.000000000000000000e+00,0.000000000000000000e+00,0.000000000000000000e+00,-0.000000000000000000e+00,-0.000000000000000000e+00,0.000000000000000000e+00,0.000000000000000000e+00,-9.967196473109724009e-02,-1.616863140495305162e-01,0.000000000000000000e+00,0.000000000000000000e+00,-0.000000000000000000e+00,1.216902306808988338e-01,-5.312623221646552846e-02,-0.000000000000000000e+00,0.000000000000000000e+00,0.000000000000000000e+00,-0.000000000000000000e+00,-0.000000000000000000e+00,-0.000000000000000000e+00,-3.844610640238011467e-01,-6.999662261034039767e-02,-0.000000000000000000e+00,-0.000000000000000000e+00,-0.000000000000000000e+00,-0.000000000000000000e+00,-0.000000000000000000e+00,-9.418170231930657332e-02,-0.000000000000000000e+00,-7.487422353956900700e-01,-0.000000000000000000e+00,2.107604113248390948e-02,-3.157256266103539710e-01,-7.192676712198238509e-02,2.180133155065870909e+00,0.000000000000000000e+00,1.055251309050077579e-01
-5.681313393013005114e-02,-0.000000000000000000e+00,0.000000000000000000e+00,-0.000000000000000000e+00,-0.000000000000000000e+00,-0.000000000000000000e+00,0.000000000000000000e+00,0.000000000000000000e+00,-1.964530137467018767e-01,-0.000000000000000000e+00,-0.000000000000000000e+00,-0.000000000000000000e+00,-6.757549303894450077e-02,-0.000000000000000000e+00,-3.270249849239711959e-01,-0.000000000000000000e+00,-0.000000000000000000e+00,-0.000000000000000000e+00,-0.000000000000000000e+00,0.000000000000000000e+00,1.814898663305432314e-01,0.000000000000000000e+00,-0.000000000000000000e+00,-0.000000000000000000e+00,-0.000000000000000000e+00,0.000000000000000000e+00,0.000000000000000000e+00,0.000000000000000000e+00,0.000000000000000000e+00,0.000000000000000000e+00,0.000000000000000000e+00,0.000000000000000000e+00,-0.000000000000000000e+00,-1.987178028800307972e-01,0.000000000000000000e+00,-0.000000000000000000e+00,0.000000000000000000e+00,1.477019702161085135e+00,-2.012183449028475124e-01
-0.000000000000000000e+00,-0.000000000000000000e+00,-0.000000000000000000e+00,-0.000000000000000000e+00,-1.199881932664151468e-01,0.000000000000000000e+00,-0.000000000000000000e+00,-0.000000000000000000e+00,-6.884474890742847686e-01,0.000000000000000000e+00,0.000000000000000000e+00,-6.413247346182706643e-01,-0.000000000000000000e+00,-0.000000000000000000e+00,-2.269516822675536616e-01,0.000000000000000000e+00,-0.000000000000000000e+00,-0.000000000000000000e+00,-9.122066547604046338e-02,-0.000000000000000000e+00,0.000000000000000000e+00,-0.000000000000000000e+00,0.000000000000000000e+00,-0.000000000000000000e+00,-0.000000000000000000e+00,-0.000000000000000000e+00,-0.000000000000000000e+00,-0.000000000000000000e+00,-0.000000000000000000e+00,-0.000000000000000000e+00,-0.000000000000000000e+00,0.000000000000000000e+00,-0.000000000000000000e+00,-0.000000000000000000e+00,0.000000000000000000e+00,0.000000000000000000e+00,1.055251309050077579e-01,-2.012183449028475124e-01,1.975168348472699842e+00
