2.549180788712739343e+00,-5.821297824897326834e-01,-4.061028771981575747e-02,-0.000000000000000000e+00,-1.228874699224175859e-01,-0.000000000000000000e+00,-0.000000000000000000e+00,0.000000000000000000e+00,-1.780069824740181661e-01,-2.194733258694945288e-01,-1.471682351886635931e-01,-0.000000000000000000e+00,-0.000000000000000000e+00,-1.964896306852607355e-01,0.000000000000000000e+00,-3.737478873428411452e-01,-0.000000000000000000e+00,-0.000000000000000000e+00,-0.000000000000000000e+00,-0.000000000000000000e+00,-0.000000000000000000e+00,-2.562309191317146961e-02,-1.617284793307831661e-02,-1.020809896937174555e-01,-2.213505689985267311e-01,-0.000000000000000000e+00,-0.000000000000000000e+00,-0.000000000000000000e+00,-0.000000000000000000e+00,-0.000000000000000000e+00,-2.163782887767082969e-02,-9.825875032533189224e-02,-0.000000000000000000e+00,-0.000000000000000000e+00,-0.000000000000000000e+00,-6.748331342312988146e-02,-0.000000000000000000e+00,-0.000000000000000000e+00,-1.302196499213932601e-01
-5.821297824897326834e-01,2.641422583285492287e+00,-9.730335066376946673e-02,-0.000000000000000000e+00,-3.997529948850231385e-02,0.000000000000000000e+00,-0.000000000000000000e+00,2.573502671940905082e-02,-2.131137317223442407e-01,-2.840694280849760944e-01,-6.782680755257931848e-02,-0.000000000000000000e+00,0.000000000000000000e+00,-1.034347662776721050e-01,0.000000000000000000e+00,-3.395948663172166926e-01,-0.000000000000000000e+00,-0.000000000000000000e+00,-0.000000000000000000e+00,-0.000000000000000000e+00,-0.000000000000000000e+00,-0.000000000000000000e+00,-1.042274947279716452e-01,-0.000000000000000000e+00,-2.226850023455524130e-01,-0.000000000000000000e+00,-0.000000000000000000e+00,-0.000000000000000000e+00,-0.000000000000000000e+00,-1.648149249321227139e-01,-0.000000000000000000e+00,-4.605739301979230871e-02,-0.000000000000000000e+00,-2.708699359119264363e-02,-0.000000000000000000e+00,-1.413728675887622188e-01,-0.000000000000000000e+00,-0.000000000000000000e+00,-2.442188967943632327e-01
-4.061028771981575747e-02,-9.730335066376946673e-02,2.362068358033223348e+00,-7.283493932418165506e-02,-2.424370487585209843e-01,-0.000000000000000000e+00,-0.000000000000000000e+00,1.077466775099019114e-01,-2.155314956680826621e-01,-1.404382796601907346e-01,-2.565492873600404011e-01,-0.000000000000000000e+00,-0.000000000000000000e+00,-2.961217236867240699e-01,0.000000000000000000e+00,-0.000000000000000000e+00,-0.000000000000000000e+00,-0.000000000000000000e+00,-0.000000000000000000e+00,-0.000000000000000000e+00,-1.933186008963513058e-01,-3.255570095575189282e-01,-0.000000000000000000e+00,-0.000000000000000000e+00,-0.000000000000000000e+00,-1.440937022733281558e-01,-0.000000000000000000e+00,-0.000000000000000000e+00,-0.000000000000000000e+00,-3.056969597297775135e-02,-1.092985136375765332e-01,-5.193306305143995105e-02,-0.000000000000000000e+00,-0.000000000000000000e+00,-0.000000000000000000e+00,-2.595938387643836331e-01,-2.901349544322103305e-02,-0.000000000000000000e+00,-0.000000000000000000e+00
-0.000000000000000000e+00,-0.000000000000000000e+00,-7.283493932418165506e-02,1.222185064891330608e+00,-1.814283218759627780e-01,0.000000000000000000e+00,-2.894352028901050339e-02,7.663995970494814902e-02,-0.000000000000000000e+00,-0.000000000000000000e+00,-0.000000000000000000e+00,-0.000000000000000000e+00,0.000000000000000000e+00,-0.000000000000000000e+00,-0.000000000000000000e+00,-0.000000000000000000e+00,-0.000000000000000000e+00,-0.000000000000000000e+00,-2.053401105893132017e-01,-2.362967878749599460e-01,-0.000000000000000000e+00,-0.000000000000000000e+00,-0.000000000000000000e+00,-0.000000000000000000e+00,-0.000000000000000000e+00,-0.000000000000000000e+00,0.000000000000000000e+00,-0.000000000000000000e+00,0.000000000000000000e+00,-0.000000000000000000e+00,-0.000000000000000000e+00,-0.000000000000000000e+00,-0.000000000000000000e+00,-1.297904742837708847e-01,0.000000000000000000e+00,-0.000000000000000000e+00,-0.000000000000000000e+00,-0.000000000000000000e+00,-0.000000000000000000e+00
-1.228874699224175859e-01,-3.997529948850231385e-02,-2.424370487585209843e-01,-1.814283218759627780e-01,1.892150682984297561e+00,0.000000000000000000e+00,-0.000000000000000000e+00,7.548115577815940613e-02,-2.794875645833769795e-01,-7.051338626037484403e-02,-5.801512947258606612e-02,-7.983431801487902990e-03,-0.000000000000000000e+00,-1.170528061427097005e-01,0.000000000000000000e+00,-7.200543337462153581e-02,-0.000000000000000000e+00,-0.000000000000000000e+00,-0.000000000000000000e+00,-0.000000000000000000e+00,-0.000000000000000000e+00,-0.000000000000000000e+00,-8.564617570336595376e-02,-0.000000000000000000e+00,-1.570189492913440232e-01,-0.000000000000000000e+00,-0.000000000000000000e+00,-0.000000000000000000e+00,-0.000000000000000000e+00,-0.000000000000000000e+00,-0.000000000000000000e+00,-0.000000000000000000e+00,-0.000000000000000000e+00,-2.070074690857264324e-02,0.000000000000000000e+00,-9.442583448322527939e-02,-0.000000000000000000e+00,-0.000000000000000000e+00,-2.110276253413101710e-01
-0.000000000000000000e+00,0.000000000000000000e+00,-0.000000000000000000e+00,0.000000000000000000e+00,0.000000000000000000e+00,1.528894055060187274e+00,-0.000000000000000000e+00,-0.000000000000000000e+00,0.000000000000000000e+00,-0.000000000000000000e+00,-0.000000000000000000e+00,0.000000000000000000e+00,-1.287107870996502534e-02,-0.000000000000000000e+00,1.170433570649220267e-01,0.000000000000000000e+00,-2.359391153826589649e-01,0.000000000000000000e+00,2.095367601838310223e-01,-0.000000000000000000e+00,-0.000000000000000000e+00,-0.000000000000000000e+00,0.000000000000000000e+00,-0.000000000000000000e+00,-0.000000000000000000e+00,-0.000000000000000000e+00,-0.000000000000000000e+00,-0.000000000000000000e+00,-0.000000000000000000e+00,0.000000000000000000e+00,-0.000000000000000000e+00,-0.000000000000000000e+00,-3.693916163741353675e-02,6.399953669027572123e-02,-3.605203356602055820e-01,-0.000000000000000000e+00,-2.603255920812934665e-01,-0.000000000000000000e+00,0.000000000000000000e+00
-0.000000000000000000e+00,-0.000000000000000000e+00,-0.000000000000000000e+00,-2.894352028901050339e-02,-0.000000000000000000e+00,-0.000000000000000000e+00,1.017860738698113998e+00,0.000000000000000000e+00,-0.000000000000000000e+00,-0.000000000000000000e+00,-0.000000000000000000e+00,0.000000000000000000e+00,-0.000000000000000000e+00,-0.000000000000000000e+00,0.000000000000000000e+00,-0.000000000000000000e+00,-0.000000000000000000e+00,0.000000000000000000e+00,-0.000000000000000000e+00,-0.000000000000000000e+00,-1.299516009062821886e-01,-0.000000000000000000e+00,-0.000000000000000000e+00,-0.000000000000000000e+00,-0.000000000000000000e+00,-0.000000000000000000e+00,-0.000000000000000000e+00,-0.000000000000000000e+00,-0.000000000000000000e+00,-0.000000000000000000e+00,-0.000000000000000000e+00,-0.000000000000000000e+00,-0.000000000000000000e+00,-0.000000000000000000e+00,-0.000000000000000000e+00,-0.000000000000000000e+00,-0.000000000000000000e+00,-0.000000000000000000e+00,-0.000000000000000000e+00
0.000000000000000000e+00,2.573502671940905082e-02,1.077466775099019114e-01,7.663995970494814902e-02,7.548115577815940613e-02,-0.000000000000000000e+00,0.000000000000000000e+00,1.736266489051229156e+00,2.646159263753651916e-02,0.000000000000000000e+00,0.000000000000000000e+00,0.000000000000000000e+00,-2.222968144403911564e-02,0.000000000000000000e+00,0.000000000000000000e+00,0.000000000000000000e+00,-0.000000000000000000e+00,4.546249474364916221e-01,1.591439723407836460e-01,0.000000000000000000e+00,-0.000000000000000000e+00,0.000000000000000000e+00,8.318199659880676222e-02,0.000000000000000000e+00,0.000000000000000000e+00,0.000000000000000000e+00,-0.000000000000000000e+00,-0.000000000000000000e+00,-0.000000000000000000e+00,3.717246505744070673e-02,-0.000000000000000000e+00,0.000000000000000000e+00,-0.000000000000000000e+00,5.712280641882597765e-01,-0.000000000000000000e+00,0.000000000000000000e+00,-0.000000000000000000e+00,0.000000000000000000e+00,0.000000000000000000e+00
-1.780069824740181661e-01,-2.131137317223442407e-01,-2.155314956680826621e-01,-0.000000000000000000e+00,-2.794875645833769795e-01,0.000000000000000000e+00,-0.000000000000000000e+00,2.646159263753651916e-02,2.795669979452926501e+00,-7.482317621534471941e-02,-5.439507157641131768e-02,-0.000000000000000000e+00,0.000000000000000000e+00,-1.466574308525924741e-01,-0.000000000000000000e+00,-2.678287554847659790e-01,-0.000000000000000000e+00,-0.000000000000000000e+00,-0.000000000000000000e+00,-0.000000000000000000e+00,-0.000000000000000000e+00,-0.000000000000000000e+00,-3.932766937851877587e-01,-0.000000000000000000e+00,-8.691011823829059013e-02,-1.814323594780700988e-01,-0.000000000000000000e+00,-0.000000000000000000e+00,-0.000000000000000000e+00,-4.266655667855172029e-01,-0.000000000000000000e+00,-0.000000000000000000e+00,-0.000000000000000000e+00,-2.493880183551626106e-01,0.000000000000000000e+00,-6.595732273144147562e-02,-0.000000000000000000e+00,-0.000000000000000000e+00,-2.998450226190467749e-01
-2.194733258694945288e-01,-2.840694280849760944e-01,-1.404382796601907346e-01,-0.000000000000000000e+00,-7.051338626037484403e-02,-0.000000000000000000e+00,-0.000000000000000000e+00,0.000000000000000000e+00,-7.482317621534471941e-02,2.346393212619373170e+00,-7.670308262113278985e-02,-0.000000000000000000e+00,-0.000000000000000000e+00,-8.083427694341191461e-02,0.000000000000000000e+00,-4.463421528433997310e-01,-0.000000000000000000e+00,-0.000000000000000000e+00,-0.000000000000000000e+00,-0.000000000000000000e+00,-0.000000000000000000e+00,-8.967592027064430482e-02,-0.000000000000000000e+00,-5.428621988847964763e-02,-1.069580958840823104e-01,-2.781607464766108206e-01,-0.000000000000000000e+00,-0.000000000000000000e+00,-0.000000000000000000e+00,-6.354391776854041718e-02,-0.000000000000000000e+00,-9.820023794326851463e-02,-0.000000000000000000e+00,-0.000000000000000000e+00,-0.000000000000000000e+00,-2.669737677334786397e-01,-0.000000000000000000e+00,-0.000000000000000000e+00,-8.005983145637789525e-03
-1.471682351886635931e-01,-6.782680755257931848e-02,-2.565492873600404011e-01,-0.000000000000000000e+00,-5.801512947258606612e-02,-0.000000000000000000e+00,-0.000000000000000000e+00,0.000000000000000000e+00,-5.439507157641131768e-02,-7.670308262113278985e-02,2.273355437571064286e+00,-0.000000000000000000e+00,-0.000000000000000000e+00,-2.351401846973853460e-01,0.000000000000000000e+00,-0.000000000000000000e+00,-1.471314062444079585e-01,-0.000000000000000000e+00,-0.000000000000000000e+00,0.000000000000000000e+00,-1.835734815482270230e-02,-2.053022469442274123e-01,-1.657691993319895460e-02,-3.606935067676540485e-01,-0.000000000000000000e+00,-1.558718980189336412e-01,-0.000000000000000000e+00,-0.000000000000000000e+00,-6.191775885687730678e-03,-0.000000000000000000e+00,-1.564132115647348664e-01,-1.567267353092707260e-01,-0.000000000000000000e+00,-0.000000000000000000e+00,-0.000000000000000000e+00,-1.427482113900345462e-01,-0.000000000000000000e+00,-0.000000000000000000e+00,-8.806607144467562542e-02
-0.000000000000000000e+00,-0.000000000000000000e+00,-0.000000000000000000e+00,-0.000000000000000000e+00,-7.983431801487902990e-03,0.000000000000000000e+00,0.000000000000000000e+00,0.000000000000000000e+00,-0.000000000000000000e+00,-0.000000000000000000e+00,-0.000000000000000000e+00,1.456502312741190241e+00,0.000000000000000000e+00,-0.000000000000000000e+00,0.000000000000000000e+00,-0.000000000000000000e+00,0.000000000000000000e+00,-6.006655664682462349e-03,-0.000000000000000000e+00,0.000000000000000000e+00,0.000000000000000000e+00,-0.000000000000000000e+00,-2.320367273498926131e-01,-0.000000000000000000e+00,-1.354940021474271561e-01,-0.000000000000000000e+00,-1.548968085604134903e-01,1.001421505100384829e-01,-0.000000000000000000e+00,-0.000000000000000000e+00,-0.000000000000000000e+00,-0.000000000000000000e+00,0.000000000000000000e+00,-4.623506128903991791e-02,0.000000000000000000e+00,-0.000000000000000000e+00,-0.000000000000000000e+00,-0.000000000000000000e+00,-4.754194379761851330e-01
-0.000000000000000000e+00,0.000000000000000000e+00,-0.000000000000000000e+00,0.000000000000000000e+00,-0.000000000000000000e+00,-1.287107870996502534e-02,-0.000000000000000000e+00,-2.222968144403911564e-02,0.000000000000000000e+00,-0.000000000000000000e+00,-0.000000000000000000e+00,0.000000000000000000e+00,1.603343064316313793e+00,-0.000000000000000000e+00,2.508953754520092949e-01,0.000000000000000000e+00,-2.838050079009108578e-02,3.220184356449129481e-01,3.882549824215037471e-01,-0.000000000000000000e+00,-3.393624853295470339e-02,-0.000000000000000000e+00,0.000000000000000000e+00,-0.000000000000000000e+00,0.000000000000000000e+00,-0.000000000000000000e+00,-0.000000000000000000e+00,-1.584625456973172419e-01,-0.000000000000000000e+00,0.000000000000000000e+00,-4.085681511276050004e-02,-0.000000000000000000e+00,-1.488091958003098236e-01,0.000000000000000000e+00,-1.823892841576350843e-02,-0.000000000000000000e+00,-0.000000000000000000e+00,-0.000000000000000000e+00,0.000000000000000000e+00
-1.964896306852607355e-01,-1.034347662776721050e-01,-2.961217236867240699e-01,-0.000000000000000000e+00,-1.170528061427097005e-01,-0.000000000000000000e+00,-0.000000000000000000e+00,0.000000000000000000e+00,-1.466574308525924741e-01,-8.083427694341191461e-02,-2.351401846973853460e-01,-0.000000000000000000e+00,-0.000000000000000000e+00,2.199240813812417539e+00,0.000000000000000000e+00,-5.938826760088603690e-02,-0.000000000000000000e+00,-0.000000000000000000e+00,-0.000000000000000000e+00,-0.000000000000000000e+00,-5.802661822534251751e-02,-0.000000000000000000e+00,-0.000000000000000000e+00,-1.903245346675923877e-01,-1.227170788878959723e-01,-0.000000000000000000e+00,-0.000000000000000000e+00,-0.000000000000000000e+00,-0.000000000000000000e+00,-0.000000000000000000e+00,-2.039766024139443371e-02,-1.474451249415082710e-01,-0.000000000000000000e+00,-6.686855396496185766e-02,-0.000000000000000000e+00,-3.031744357541829582e-01,-6.680404070145315454e-02,-0.000000000000000000e+00,-0.000000000000000000e+00
0.000000000000000000e+00,0.000000000000000000e+00,0.000000000000000000e+00,-0.000000000000000000e+00,0.000000000000000000e+00,1.170433570649220267e-01,0.000000000000000000e+00,0.000000000000000000e+00,-0.000000000000000000e+00,0.000000000000000000e+00,0.000000000000000000e+00,0.000000000000000000e+00,2.508953754520092949e-01,0.000000000000000000e+00,1.625135489729301774e+00,0.000000000000000000e+00,0.000000000000000000e+00,-2.342417237204341002e-02,-2.477527083035046540e-01,-0.000000000000000000e+00,0.000000000000000000e+00,0.000000000000000000e+00,-0.000000000000000000e+00,0.000000000000000000e+00,0.000000000000000000e+00,-0.000000000000000000e+00,2.834820172034727137e-01,0.000000000000000000e+00,0.000000000000000000e+00,-0.000000000000000000e+00,3.716477518390548518e-01,0.000000000000000000e+00,0.000000000000000000e+00,-1.822683530336438873e-01,5.338985778075563265e-02,0.000000000000000000e+00,0.000000000000000000e+00,-0.000000000000000000e+00,0.000000000000000000e+00
-3.737478873428411452e-01,-3.395948663172166926e-01,-0.000000000000000000e+00,-0.000000000000000000e+00,-7.200543337462153581e-02,0.000000000000000000e+00,-0.000000000000000000e+00,0.000000000000000000e+00,-2.678287554847659790e-01,-4.463421528433997310e-01,-0.000000000000000000e+00,-0.000000000000000000e+00,0.000000000000000000e+00,-5.938826760088603690e-02,0.000000000000000000e+00,2.651496199676784293e+00,-0.000000000000000000e+00,-0.000000000000000000e+00,-0.000000000000000000e+00,-0.000000000000000000e+00,-0.000000000000000000e+00,-0.000000000000000000e+00,-3.548614084334894558e-01,-1.024561244689944500e-01,-3.432909416744733822e-01,-0.000000000000000000e+00,-0.000000000000000000e+00,-0.000000000000000000e+00,-0.000000000000000000e+00,-1.355567934413747511e-01,-0.000000000000000000e+00,-2.886996457389079396e-02,-0.000000000000000000e+00,-0.000000000000000000e+00,-0.000000000000000000e+00,-0.000000000000000000e+00,-0.000000000000000000e+00,-0.000000000000000000e+00,-1.346659915580759592e-01
-0.000000000000000000e+00,-0.000000000000000000e+00,-0.000000000000000000e+00,-0.000000000000000000e+00,-0.000000000000000000e+00,-2.359391153826589649e-01,-0.000000000000000000e+00,-0.000000000000000000e+00,-0.000000000000000000e+00,-0.000000000000000000e+00,-1.471314062444079585e-01,0.000000000000000000e+00,-2.838050079009108578e-02,-0.000000000000000000e+00,0.000000000000000000e+00,-0.000000000000000000e+00,1.843000462948214624e+00,2.042053395213603573e-01,0.000000000000000000e+00,-0.000000000000000000e+00,-8.112616215803628017e-02,-6.617798087358928161e-02,-0.000000000000000000e+00,-2.005155312646438905e-03,-0.000000000000000000e+00,-0.000000000000000000e+00,-0.000000000000000000e+00,-3.388318502121279163e-01,-2.714643068195037867e-01,-0.000000000000000000e+00,-0.000000000000000000e+00,-0.000000000000000000e+00,-2.414778261036518991e-01,0.000000000000000000e+00,-4.018180694799185215e-02,-0.000000000000000000e+00,-4.615271612032391391e-02,-2.009273527045432883e-01,-0.000000000000000000e+00
-0.000000000000000000e+00,-0.000000000000000000e+00,-0.000000000000000000e+00,-0.000000000000000000e+00,-0.000000000000000000e+00,0.000000000000000000e+00,0.000000000000000000e+00,4.546249474364916221e-01,-0.000000000000000000e+00,-0.000000000000000000e+00,-0.000000000000000000e+00,-6.006655664682462349e-03,3.220184356449129481e-01,-0.000000000000000000e+00,-2.342417237204341002e-02,-0.000000000000000000e+00,2.042053395213603573e-01,2.142301916613538637e+00,-6.906754857469397102e-01,-0.000000000000000000e+00,0.000000000000000000e+00,0.000000000000000000e+00,-5.397550525973388719e-02,-0.000000000000000000e+00,-0.000000000000000000e+00,-0.000000000000000000e+00,0.000000000000000000e+00,3.080076908789639370e-02,0.000000000000000000e+00,-0.000000000000000000e+00,0.000000000000000000e+00,0.000000000000000000e+00,0.000000000000000000e+00,-3.583021230468810270e-01,1.550045203644664638e-01,-0.000000000000000000e+00,0.000000000000000000e+00,0.000000000000000000e+00,-0.000000000000000000e+00
-0.000000000000000000e+00,-0.000000000000000000e+00,-0.000000000000000000e+00,-2.053401105893132017e-01,-0.000000000000000000e+00,2.095367601838310223e-01,-0.000000000000000000e+00,1.591439723407836460e-01,-0.000000000000000000e+00,-0.000000000000000000e+00,-0.000000000000000000e+00,-0.000000000000000000e+00,3.882549824215037471e-01,-0.000000000000000000e+00,-2.477527083035046540e-01,-0.000000000000000000e+00,0.000000000000000000e+00,-6.906754857469397102e-01,2.116770066251694171e+00,-0.000000000000000000e+00,0.000000000000000000e+00,0.000000000000000000e+00,-0.000000000000000000e+00,-0.000000000000000000e+00,-0.000000000000000000e+00,-0.000000000000000000e+00,0.000000000000000000e+00,0.000000000000000000e+00,0.000000000000000000e+00,-0.000000000000000000e+00,0.000000000000000000e+00,0.000000000000000000e+00,0.000000000000000000e+00,-3.577876983781773657e-01,0.000000000000000000e+00,0.000000000000000000e+00,0.000000000000000000e+00,0.000000000000000000e+00,-0.000000000000000000e+00
-0.000000000000000000e+00,-0.000000000000000000e+00,-0.000000000000000000e+00,-2.362967878749599460e-01,-0.000000000000000000e+00,-0.000000000000000000e+00,-0.000000000000000000e+00,0.000000000000000000e+00,-0.000000000000000000e+00,-0.000000000000000000e+00,0.000000000000000000e+00,0.000000000000000000e+00,-0.000000000000000000e+00,-0.000000000000000000e+00,-0.000000000000000000e+00,-0.000000000000000000e+00,-0.000000000000000000e+00,-0.000000000000000000e+00,-0.000000000000000000e+00,1.082452936549327394e+00,-0.000000000000000000e+00,-0.000000000000000000e+00,-0.000000000000000000e+00,0.000000000000000000e+00,0.000000000000000000e+00,-0.000000000000000000e+00,0.000000000000000000e+00,-1.729076164376822100e-01,-0.000000000000000000e+00,-0.000000000000000000e+00,0.000000000000000000e+00,-0.000000000000000000e+00,-0.000000000000000000e+00,-0.000000000000000000e+00,-0.000000000000000000e+00,-0.000000000000000000e+00,-0.000000000000000000e+00,-0.000000000000000000e+00,0.000000000000000000e+00
-0.000000000000000000e+00,-0.000000000000000000e+00,-1.933186008963513058e-01,-0.000000000000000000e+00,-0.000000000000000000e+00,-0.000000000000000000e+00,-1.299516009062821886e-01,-0.000000000000000000e+00,-0.000000000000000000e+00,-0.000000000000000000e+00,-1.835734815482270230e-02,0.000000000000000000e+00,-3.393624853295470339e-02,-5.802661822534251751e-02,0.000000000000000000e+00,-0.000000000000000000e+00,-8.112616215803628017e-02,0.000000000000000000e+00,0.000000000000000000e+00,-0.000000000000000000e+00,1.791434300707505756e+00,-1.377788857069491835e-01,-0.000000000000000000e+00,-0.000000000000000000e+00,-0.000000000000000000e+00,-0.000000000000000000e+00,-0.000000000000000000e+00,-3.446707822483744410e-01,-0.000000000000000000e+00,-0.000000000000000000e+00,-0.000000000000000000e+00,-0.000000000000000000e+00,-5.362059408244485015e-01,0.000000000000000000e+00,-4.787470889400949337e-02,-2.894079418759682235e-02,-8.395057119469778728e-02,-0.000000000000000000e+00,-0.000000000000000000e+00
-2.562309191317146961e-02,-0.000000000000000000e+00,-3.255570095575189282e-01,-0.000000000000000000e+00,-0.000000000000000000e+00,-0.000000000000000000e+00,-0.000000000000000000e+00,0.000000000000000000e+00,-0.000000000000000000e+00,-8.967592027064430482e-02,-2.053022469442274123e-01,-0.000000000000000000e+00,-0.000000000000000000e+00,-0.000000000000000000e+00,0.000000000000000000e+00,-0.000000000000000000e+00,-6.617798087358928161e-02,0.000000000000000000e+00,0.000000000000000000e+00,-0.000000000000000000e+00,-1.377788857069491835e-01,1.894216262104812865e+00,-0.000000000000000000e+00,-2.748337514836557069e-02,-0.000000000000000000e+00,-0.000000000000000000e+00,-3.294661466538687661e-02,-1.104529371242880635e-02,-9.983344264969848045e-03,-0.000000000000000000e+00,-3.447663765078269882e-01,-0.000000000000000000e+00,-2.962562063662845246e-01,-0.000000000000000000e+00,-0.000000000000000000e+00,-1.779154564312114273e-01,-0.000000000000000000e+00,-0.000000000000000000e+00,-0.000000000000000000e+00
-1.617284793307831661e-02,-1.042274947279716452e-01,-0.000000000000000000e+00,-0.000000000000000000e+00,-8.564617570336595376e-02,0.000000000000000000e+00,-0.000000000000000000e+00,8.318199659880676222e-02,-3.932766937851877587e-01,-0.000000000000000000e+00,-1.657691993319895460e-02,-2.320367273498926131e-01,0.000000000000000000e+00,-0.000000000000000000e+00,-0.000000000000000000e+00,-3.548614084334894558e-01,-0.000000000000000000e+00,-5.397550525973388719e-02,-0.000000000000000000e+00,-0.000000000000000000e+00,-0.000000000000000000e+00,-0.000000000000000000e+00,2.381764999005453465e+00,-3.143806154095302174e-02,-3.702532171624460244e-01,-0.000000000000000000e+00,-0.000000000000000000e+00,0.000000000000000000e+00,-0.000000000000000000e+00,-1.971673127748337362e-01,-0.000000000000000000e+00,-6.173777481854216334e-03,-0.000000000000000000e+00,-0.000000000000000000e+00,0.000000000000000000e+00,-0.000000000000000000e+00,-0.000000000000000000e+00,-0.000000000000000000e+00,-4.889977774739830418e-01
-1.020809896937174555e-01,-0.000000000000000000e+00,-0.000000000000000000e+00,-0.000000000000000000e+00,-0.000000000000000000e+00,-0.000000000000000000e+00,-0.000000000000000000e+00,0.000000000000000000e+00,-0.000000000000000000e+00,-5.428621988847964763e-02,-3.606935067676540485e-01,-0.000000000000000000e+00,-0.000000000000000000e+00,-1.903245346675923877e-01,0.000000000000000000e+00,-1.024561244689944500e-01,-2.005155312646438905e-03,-0.000000000000000000e+00,-0.000000000000000000e+00,0.000000000000000000e+00,-0.000000000000000000e+00,-2.748337514836557069e-02,-3.143806154095302174e-02,2.162485679313129072e+00,-1.536814277591000422e-01,-9.882773963242198756e-02,-1.936146350254133730e-01,-0.000000000000000000e+00,-2.712169277219440566e-01,-0.000000000000000000e+00,-1.223178389200750699e-01,-2.201906447718785520e-01,-2.675342866613886553e-02,-0.000000000000000000e+00,-0.000000000000000000e+00,-0.000000000000000000e+00,-1.851744201180659521e-01,-0.000000000000000000e+00,-3.098144752738617690e-03
-2.213505689985267311e-01,-2.226850023455524130e-01,-0.000000000000000000e+00,-0.000000000000000000e+00,-1.570189492913440232e-01,-0.000000000000000000e+00,-0.000000000000000000e+00,0.000000000000000000e+00,-8.691011823829059013e-02,-1.069580958840823104e-01,-0.000000000000000000e+00,-1.354940021474271561e-01,0.000000000000000000e+00,-1.227170788878959723e-01,0.000000000000000000e+00,-3.432909416744733822e-01,-0.000000000000000000e+00,-0.000000000000000000e+00,-0.000000000000000000e+00,0.000000000000000000e+00,-0.000000000000000000e+00,-0.000000000000000000e+00,-3.702532171624460244e-01,-1.536814277591000422e-01,2.303868303429897235e+00,-0.000000000000000000e+00,-0.000000000000000000e+00,-0.000000000000000000e+00,-0.000000000000000000e+00,-0.000000000000000000e+00,-0.000000000000000000e+00,-1.178802322774814421e-01,-0.000000000000000000e+00,-0.000000000000000000e+00,-0.000000000000000000e+00,-6.728898688564086128e-02,-0.000000000000000000e+00,-0.000000000000000000e+00,-1.684545044168954397e-01
-0.000000000000000000e+00,-0.000000000000000000e+00,-1.440937022733281558e-01,-0.000000000000000000e+00,-0.000000000000000000e+00,-0.000000000000000000e+00,-0.000000000000000000e+00,0.000000000000000000e+00,-1.814323594780700988e-01,-2.781607464766108206e-01,-1.558718980189336412e-01,-0.000000000000000000e+00,-0.000000000000000000e+00,-0.000000000000000000e+00,-0.000000000000000000e+00,-0.000000000000000000e+00,-0.000000000000000000e+00,-0.000000000000000000e+00,-0.000000000000000000e+00,-0.000000000000000000e+00,-0.000000000000000000e+00,-0.000000000000000000e+00,-0.000000000000000000e+00,-9.882773963242198756e-02,-0.000000000000000000e+00,2.008818421776572993e+00,-0.000000000000000000e+00,-1.886405821519859249e-01,-1.514801412820246940e-01,-1.351758988315431009e-01,-0.000000000000000000e+00,-0.000000000000000000e+00,-0.000000000000000000e+00,-0.000000000000000000e+00,-0.000000000000000000e+00,-4.309542156999225659e-03,-0.000000000000000000e+00,-6.959223490757466823e-01,-0.000000000000000000e+00
-0.000000000000000000e+00,-0.000000000000000000e+00,-0.000000000000000000e+00,0.000000000000000000e+00,-0.000000000000000000e+00,-0.000000000000000000e+00,-0.000000000000000000e+00,-0.000000000000000000e+00,-0.000000000000000000e+00,-0.000000000000000000e+00,-0.000000000000000000e+00,-1.548968085604134903e-01,-0.000000000000000000e+00,-0.000000000000000000e+00,2.834820172034727137e-01,-0.000000000000000000e+00,-0.000000000000000000e+00,0.000000000000000000e+00,0.000000000000000000e+00,0.000000000000000000e+00,-0.000000000000000000e+00,-3.294661466538687661e-02,-0.000000000000000000e+00,-1.936146350254133730e-01,-0.000000000000000000e+00,-0.000000000000000000e+00,2.217054165919464914e+00,-0.000000000000000000e+00,-3.117836346039883355e-01,0.000000000000000000e+00,-5.314518099727514322e-01,-4.387266131283175108e-01,-5.479831844260460438e-02,0.000000000000000000e+00,-7.512980552592030126e-02,-0.000000000000000000e+00,-1.234426261785229739e-01,-0.000000000000000000e+00,-3.223368801204069822e-02
-0.000000000000000000e+00,-0.000000000000000000e+00,-0.000000000000000000e+00,-0.000000000000000000e+00,-0.000000000000000000e+00,-0.000000000000000000e+00,-0.000000000000000000e+00,-0.000000000000000000e+00,-0.000000000000000000e+00,-0.000000000000000000e+00,-0.000000000000000000e+00,1.001421505100384829e-01,-1.584625456973172419e-01,-0.000000000000000000e+00,0.000000000000000000e+00,-0.000000000000000000e+00,-3.388318502121279163e-01,3.080076908789639370e-02,0.000000000000000000e+00,-1.729076164376822100e-01,-3.446707822483744410e-01,-1.104529371242880635e-02,0.000000000000000000e+00,-0.000000000000000000e+00,-0.000000000000000000e+00,-1.886405821519859249e-01,-0.000000000000000000e+00,1.766866761404760622e+00,-0.000000000000000000e+00,-0.000000000000000000e+00,-0.000000000000000000e+00,-0.000000000000000000e+00,-3.566252517136174749e-01,0.000000000000000000e+00,-5.353512813334043718e-02,-0.000000000000000000e+00,-0.000000000000000000e+00,-1.449696331580458686e-01,0.000000000000000000e+00
-0.000000000000000000e+00,-0.000000000000000000e+00,-0.000000000000000000e+00,0.000000000000000000e+00,-0.000000000000000000e+00,-0.000000000000000000e+00,-0.000000000000000000e+00,-0.000000000000000000e+00,-0.000000000000000000e+00,-0.000000000000000000e+00,-6.191775885687730678e-03,-0.000000000000000000e+00,-0.000000000000000000e+00,-0.000000000000000000e+00,0.000000000000000000e+00,-0.000000000000000000e+00,-2.714643068195037867e-01,0.000000000000000000e+00,0.000000000000000000e+00,-0.000000000000000000e+00,-0.000000000000000000e+00,-9.983344264969848045e-03,-0.000000000000000000e+00,-2.712169277219440566e-01,-0.000000000000000000e+00,-1.514801412820246940e-01,-3.117836346039883355e-01,-0.000000000000000000e+00,2.230830982192658407e+00,-0.000000000000000000e+00,-9.227797877450022446e-02,-2.344823196312693647e-01,-1.941790310512977180e-01,0.000000000000000000e+00,-3.458368327894165706e-01,-0.000000000000000000e+00,-3.235637637550858314e-01,-4.952007806316430227e-02,-0.000000000000000000e+00
-0.000000000000000000e+00,-1.648149249321227139e-01,-3.056969597297775135e-02,-0.000000000000000000e+00,-0.000000000000000000e+00,0.000000000000000000e+00,-0.000000000000000000e+00,3.717246505744070673e-02,-4.266655667855172029e-01,-6.354391776854041718e-02,-0.000000000000000000e+00,-0.000000000000000000e+00,0.000000000000000000e+00,-0.000000000000000000e+00,-0.000000000000000000e+00,-1.355567934413747511e-01,-0.000000000000000000e+00,-0.000000000000000000e+00,-0.000000000000000000e+00,-0.000000000000000000e+00,-0.000000000000000000e+00,-0.000000000000000000e+00,-1.971673127748337362e-01,-0.000000000000000000e+00,-0.000000000000000000e+00,-1.351758988315431009e-01,0.000000000000000000e+00,-0.000000000000000000e+00,-0.000000000000000000e+00,1.644960180403892025e+00,-0.000000000000000000e+00,-0.000000000000000000e+00,-0.000000000000000000e+00,-3.734222646011158692e-02,0.000000000000000000e+00,-7.847351406666448759e-02,-0.000000000000000000e+00,-3.600254392776298246e-02,-0.000000000000000000e+00
-2.163782887767082969e-02,-0.000000000000000000e+00,-1.092985136375765332e-01,-0.000000000000000000e+00,-0.000000000000000000e+00,-0.000000000000000000e+00,-0.000000000000000000e+00,-0.000000000000000000e+00,-0.000000000000000000e+00,-0.000000000000000000e+00,-1.564132115647348664e-01,-0.000000000000000000e+00,-4.085681511276050004e-02,-2.039766024139443371e-02,3.716477518390548518e-01,-0.000000000000000000e+00,-0.000000000000000000e+00,0.000000000000000000e+00,0.000000000000000000e+00,0.000000000000000000e+00,-0.000000000000000000e+00,-3.447663765078269882e-01,-0.000000000000000000e+00,-1.223178389200750699e-01,-0.000000000000000000e+00,-0.000000000000000000e+00,-5.314518099727514322e-01,-0.000000000000000000e+00,-9.227797877450022446e-02,-0.000000000000000000e+00,2.464290043552379572e+00,-2.295840151332722567e-01,-2.643051712336959014e-01,0.000000000000000000e+00,-1.038510818410302433e-01,-0.000000000000000000e+00,-2.416207622512910047e-01,-0.000000000000000000e+00,-0.000000000000000000e+00
-9.825875032533189224e-02,-4.605739301979230871e-02,-5.193306305143995105e-02,-0.000000000000000000e+00,-0.000000000000000000e+00,-0.000000000000000000e+00,-0.000000000000000000e+00,0.000000000000000000e+00,-0.000000000000000000e+00,-9.820023794326851463e-02,-1.567267353092707260e-01,-0.000000000000000000e+00,-0.000000000000000000e+00,-1.474451249415082710e-01,0.000000000000000000e+00,-2.886996457389079396e-02,-0.000000000000000000e+00,0.000000000000000000e+00,0.000000000000000000e+00,-0.000000000000000000e+00,-0.000000000000000000e+00,-0.000000000000000000e+00,-6.173777481854216334e-03,-2.201906447718785520e-01,-1.178802322774814421e-01,-0.000000000000000000e+00,-4.387266131283175108e-01,-0.000000000000000000e+00,-2.344823196312693647e-01,-0.000000000000000000e+00,-2.295840151332722567e-01,2.337657007235689477e+00,-0.000000000000000000e+00,-0.000000000000000000e+00,-0.000000000000000000e+00,-4.175770643123290909e-02,-3.751783786488442352e-01,-0.000000000000000000e+00,-9.207698499732437647e-02
-0.000000000000000000e+00,-0.000000000000000000e+00,-0.000000000000000000e+00,-0.000000000000000000e+00,-0.000000000000000000e+00,-3.693916163741353675e-02,-0.000000000000000000e+00,-0.000000000000000000e+00,-0.000000000000000000e+00,-0.000000000000000000e+00,-0.000000000000000000e+00,0.000000000000000000e+00,-1.488091958003098236e-01,-0.000000000000000000e+00,0.000000000000000000e+00,-0.000000000000000000e+00,-2.414778261036518991e-01,0.000000000000000000e+00,0.000000000000000000e+00,-0.000000000000000000e+00,-5.362059408244485015e-01,-2.962562063662845246e-01,-0.000000000000000000e+00,-2.675342866613886553e-02,-0.000000000000000000e+00,-0.000000000000000000e+00,-5.479831844260460438e-02,-3.566252517136174749e-01,-1.941790310512977180e-01,-0.000000000000000000e+00,-2.643051712336959014e-01,-0.000000000000000000e+00,2.381373035144911388e+00,0.000000000000000000e+00,-3.064069823157231087e-01,-0.000000000000000000e+00,-1.117452935288304333e-01,-0.000000000000000000e+00,-0.000000000000000000e+00
-0.000000000000000000e+00,-2.708699359119264363e-02,-0.000000000000000000e+00,-1.297904742837708847e-01,-2.070074690857264324e-02,6.399953669027572123e-02,-0.000000000000000000e+00,5.712280641882597765e-01,-2.493880183551626106e-01,-0.000000000000000000e+00,-0.000000000000000000e+00,-4.623506128903991791e-02,0.000000000000000000e+00,-6.686855396496185766e-02,-1.822683530336438873e-01,-0.000000000000000000e+00,0.000000000000000000e+00,-3.583021230468810270e-01,-3.577876983781773657e-01,-0.000000000000000000e+00,0.000000000000000000e+00,-0.000000000000000000e+00,-0.000000000000000000e+00,-0.000000000000000000e+00,-0.000000000000000000e+00,-0.000000000000000000e+00,0.000000000000000000e+00,0.000000000000000000e+00,0.000000000000000000e+00,-3.734222646011158692e-02,0.000000000000000000e+00,-0.000000000000000000e+00,0.000000000000000000e+00,1.909066637232776031e+00,0.000000000000000000e+00,-0.000000000000000000e+00,0.000000000000000000e+00,0.000000000000000000e+00,-0.000000000000000000e+00
-0.000000000000000000e+00,-0.000000000000000000e+00,-0.000000000000000000e+00,0.000000000000000000e+00,0.000000000000000000e+00,-3.605203356602055820e-01,-0.000000000000000000e+00,-0.000000000000000000e+00,0.000000000000000000e+00,-0.000000000000000000e+00,-0.000000000000000000e+00,0.000000000000000000e+00,-1.823892841576350843e-02,-0.000000000000000000e+00,5.338985778075563265e-02,-0.000000000000000000e+00,-4.018180694799185215e-02,1.550045203644664638e-01,0.000000000000000000e+00,-0.000000000000000000e+00,-4.787470889400949337e-02,-0.000000000000000000e+00,0.000000000000000000e+00,-0.000000000000000000e+00,-0.000000000000000000e+00,-0.000000000000000000e+00,-7.512980552592030126e-02,-5.353512813334043718e-02,-3.458368327894165706e-01,0.000000000000000000e+00,-1.038510818410302433e-01,-0.000000000000000000e+00,-3.064069823157231087e-01,0.000000000000000000e+00,1.916089890237751225e+00,-0.000000000000000000e+00,-3.109815189537836200e-01,-0.000000000000000000e+00,0.000000000000000000e+00
-6.748331342312988146e-02,-1.413728675887622188e-01,-2.595938387643836331e-01,-0.000000000000000000e+00,-9.442583448322527939e-02,-0.000000000000000000e+00,-0.000000000000000000e+00,0.000000000000000000e+00,-6.595732273144147562e-02,-2.669737677334786397e-01,-1.427482113900345462e-01,-0.000000000000000000e+00,-0.000000000000000000e+00,-3.031744357541829582e-01,0.000000000000000000e+00,-0.000000000000000000e+00,-0.000000000000000000e+00,-0.000000000000000000e+00,0.000000000000000000e+00,-0.000000000000000000e+00,-2.894079418759682235e-02,-1.779154564312114273e-01,-0.000000000000000000e+00,-0.000000000000000000e+00,-6.728898688564086128e-02,-4.309542156999225659e-03,-0.000000000000000000e+00,-0.000000000000000000e+00,-0.000000000000000000e+00,-7.847351406666448759e-02,-0.000000000000000000e+00,-4.175770643123290909e-02,-0.000000000000000000e+00,-0.000000000000000000e+00,-0.000000000000000000e+00,1.917598544093583657e+00,-0.000000000000000000e+00,-9.987725828851441723e-03,-0.000000000000000000e+00
-0.000000000000000000e+00,-0.000000000000000000e+00,-2.901349544322103305e-02,-0.000000000000000000e+00,-0.000000000000000000e+00,-2.603255920812934665e-01,-0.000000000000000000e+00,-0.000000000000000000e+00,-0.000000000000000000e+00,-0.000000000000000000e+00,-0.000000000000000000e+00,-0.000000000000000000e+00,-0.000000000000000000e+00,-6.680404070145315454e-02,0.000000000000000000e+00,-0.000000000000000000e+00,-4.615271612032391391e-02,0.000000000000000000e+00,0.000000000000000000e+00,-0.000000000000000000e+00,-8.395057119469778728e-02,-0.000000000000000000e+00,-0.000000000000000000e+00,-1.851744201180659521e-01,-0.000000000000000000e+00,-0.000000000000000000e+00,-1.234426261785229739e-01,-0.000000000000000000e+00,-3.235637637550858314e-01,-0.000000000000000000e+00,-2.416207622512910047e-01,-3.751783786488442352e-01,-1.117452935288304333e-01,0.000000000000000000e+00,-3.109815189537836200e-01,-0.000000000000000000e+00,2.155908155087712164e+00,-0.000000000000000000e+00,-0.000000000000000000e+00
-0.000000000000000000e+00,-0.000000000000000000e+00,-0.000000000000000000e+00,-0.000000000000000000e+00,-0.000000000000000000e+00,-0.000000000000000000e+00,-0.000000000000000000e+00,0.000000000000000000e+00,-0.000000000000000000e+00,-0.000000000000000000e+00,-0.000000000000000000e+00,-0.000000000000000000e+00,-0.000000000000000000e+00,-0.000000000000000000e+00,-0.000000000000000000e+00,-0.000000000000000000e+00,-2.009273527045432883e-01,0.000000000000000000e+00,0.000000000000000000e+00,-0.000000000000000000e+00,-0.000000000000000000e+00,-0.000000000000000000e+00,-0.000000000000000000e+00,-0.000000000000000000e+00,-0.000000000000000000e+00,-6.959223490757466823e-01,-0.000000000000000000e+00,-1.449696331580458686e-01,-4.952007806316430227e-02,-3.600254392776298246e-02,-0.000000000000000000e+00,-0.000000000000000000e+00,-0.000000000000000000e+00,0.000000000000000000e+00,-0.000000000000000000e+00,-9.987725828851441723e-03,-0.000000000000000000e+00,1.547836515777678779e+00,-9.370926281057778305e-04
-1.302196499213932601e-01,-2.442188967943632327e-01,-0.000000000000000000e+00,-0.000000000000000000e+00,-2.110276253413101710e-01,0.000000000000000000e+00,-0.000000000000000000e+00,0.000000000000000000e+00,-2.998450226190467749e-01,-8.005983145637789525e-03,-8.806607144467562542e-02,-4.754194379761851330e-01,0.000000000000000000e+00,-0.000000000000000000e+00,0.000000000000000000e+00,-1.346659915580759592e-01,-0.000000000000000000e+00,-0.000000000000000000e+00,-0.000000000000000000e+00,0.000000000000000000e+00,-0.000000000000000000e+00,-0.000000000000000000e+00,-4.889977774739830418e-01,-3.098144752738617690e-03,-1.684545044168954397e-01,-0.000000000000000000e+00,-3.223368801204069822e-02,0.000000000000000000e+00,-0.000000000000000000e+00,-0.000000000000000000e+00,-0.000000000000000000e+00,-9.207698499732437647e-02,-0.000000000000000000e+00,-0.000000000000000000e+00,0.000000000000000000e+00,-0.000000000000000000e+00,-0.000000000000000000e+00,-9.370926281057778305e-04,2.360511936997125026e+00
