2.119750266007164541e+00,-6.838482107766077345e-01,-0.000000000000000000e+00,-4.952448591252751886e-02,-0.000000000000000000e+00,-0.000000000000000000e+00,0.000000000000000000e+00,0.000000000000000000e+00,-2.354036982249063936e-01,-0.000000000000000000e+00,-0.000000000000000000e+00,-0.000000000000000000e+00,0.000000000000000000e+00,-2.276738428692203636e-02,-3.170910057191574927e-01,-1.013285530045332922e-01,-0.000000000000000000e+00,0.000000000000000000e+00,-0.000000000000000000e+00,-1.265014427280608256e-01,-0.000000000000000000e+00,-0.000000000000000000e+00,-0.000000000000000000e+00,-0.000000000000000000e+00,-0.000000000000000000e+00,-0.000000000000000000e+00,-0.000000000000000000e+00,0.000000000000000000e+00,-5.105194170026141481e-02,-0.000000000000000000e+00,0.000000000000000000e+00,-0.000000000000000000e+00,0.000000000000000000e+00,-0.000000000000000000e+00,-2.311929171690867701e-01,-2.785815229456166109e-01,-1.887721245985085616e-01,-0.000000000000000000e+00,-0.000000000000000000e+00
-6.838482107766077345e-01,2.143023910431264056e+00,-0.000000000000000000e+00,-0.000000000000000000e+00,-2.195588264186741911e-01,0.000000000000000000e+00,0.000000000000000000e+00,0.000000000000000000e+00,-3.345273732820597257e-01,-3.261890474742048518e-01,0.000000000000000000e+00,-0.000000000000000000e+00,0.000000000000000000e+00,-0.000000000000000000e+00,-0.000000000000000000e+00,-4.643685770590728901e-02,0.000000000000000000e+00,0.000000000000000000e+00,-0.000000000000000000e+00,-0.000000000000000000e+00,-0.000000000000000000e+00,-0.000000000000000000e+00,-0.000000000000000000e+00,-0.000000000000000000e+00,0.000000000000000000e+00,-0.000000000000000000e+00,-0.000000000000000000e+00,0.000000000000000000e+00,-0.000000000000000000e+00,-0.000000000000000000e+00,-0.000000000000000000e+00,-0.000000000000000000e+00,0.000000000000000000e+00,-0.000000000000000000e+00,-1.201499412494210356e-01,-1.959908211121363097e-01,-1.513555308502099184e-01,-0.000000000000000000e+00,-0.000000000000000000e+00
-0.000000000000000000e+00,-0.000000000000000000e+00,2.345163122254570798e+00,0.000000000000000000e+00,-4.035084868621583443e-01,-0.000000000000000000e+00,-0.000000000000000000e+00,1.089254916091099146e+00,-0.000000000000000000e+00,-0.000000000000000000e+00,-0.000000000000000000e+00,-0.000000000000000000e+00,-0.000000000000000000e+00,-0.000000000000000000e+00,0.000000000000000000e+00,-0.000000000000000000e+00,0.000000000000000000e+00,-0.000000000000000000e+00,-0.000000000000000000e+00,-0.000000000000000000e+00,-3.671390944681779400e-01,-9.625775135981035069e-02,-0.000000000000000000e+00,0.000000000000000000e+00,-0.000000000000000000e+00,-0.000000000000000000e+00,-0.000000000000000000e+00,-0.000000000000000000e+00,0.000000000000000000e+00,-0.000000000000000000e+00,-9.521866877038552557e-02,-0.000000000000000000e+00,-2.438277592795032589e-01,-0.000000000000000000e+00,-0.000000000000000000e+00,-1.886315799333847243e-01,-0.000000000000000000e+00,0.000000000000000000e+00,0.000000000000000000e+00
-4.952448591252751886e-02,-0.000000000000000000e+00,0.000000000000000000e+00,1.523554477774235361e+00,0.000000000000000000e+00,-0.000000000000000000e+00,-0.000000000000000000e+00,-0.000000000000000000e+00,-0.000000000000000000e+00,-0.000000000000000000e+00,-0.000000000000000000e+00,-1.127582199445818778e-01,-0.000000000000000000e+00,-0.000000000000000000e+00,-1.946544792672898760e-01,0.000000000000000000e+00,0.000000000000000000e+00,-0.000000000000000000e+00,-2.640897537347600132e-01,-1.300099535558205677e-01,-0.000000000000000000e+00,-3.131902933318539417e-01,0.000000000000000000e+00,0.000000000000000000e+00,0.000000000000000000e+00,0.000000000000000000e+00,6.811253735048020466e-03,4.357126876666840287e-01,0.000000000000000000e+00,0.000000000000000000e+00,0.000000000000000000e+00,0.000000000000000000e+00,0.000000000000000000e+00,0.000000000000000000e+00,0.000000000000000000e+00,-0.000000000000000000e+00,0.000000000000000000e+00,-0.000000000000000000e+00,-0.000000000000000000e+00
-0.000000000000000000e+00,-2.195588264186741911e-01,-4.035084868621583443e-01,0.000000000000000000e+00,1.953999515883393157e+00,0.000000000000000000e+00,0.000000000000000000e+00,2.699011360390274894e-01,-1.811244464479158101e-01,-0.000000000000000000e+00,0.000000000000000000e+00,0.000000000000000000e+00,0.000000000000000000e+00,-0.000000000000000000e+00,0.000000000000000000e+00,-0.000000000000000000e+00,0.000000000000000000e+00,0.000000000000000000e+00,0.000000000000000000e+00,-0.000000000000000000e+00,-0.000000000000000000e+00,-0.000000000000000000e+00,-0.000000000000000000e+00,-0.000000000000000000e+00,-0.000000000000000000e+00,-0.000000000000000000e+00,-8.923173321833056948e-02,-0.000000000000000000e+00,-0.000000000000000000e+00,-3.845671578760618825e-01,-3.876930018741984174e-01,-0.000000000000000000e+00,-0.000000000000000000e+00,-0.000000000000000000e+00,-1.106594826228192441e-01,-5.323250780248604298e-03,-7.903965833088455462e-02,-0.000000000000000000e+00,-0.000000000000000000e+00
-0.000000000000000000e+00,0.000000000000000000e+00,-0.000000000000000000e+00,-0.000000000000000000e+00,0.000000000000000000e+00,2.043556118619663575e+00,-0.000000000000000000e+00,0.000000000000000000e+00,0.000000000000000000e+00,0.000000000000000000e+00,-7.554497151483801076e-01,-0.000000000000000000e+00,-0.000000000000000000e+00,-0.000000000000000000e+00,-0.000000000000000000e+00,0.000000000000000000e+00,-3.814657942634149812e-01,-0.000000000000000000e+00,-1.060296122883130354e-01,-0.000000000000000000e+00,-0.000000000000000000e+00,-0.000000000000000000e+00,-0.000000000000000000e+00,-0.000000000000000000e+00,-5.486234200825083063e-01,0.000000000000000000e+00,0.000000000000000000e+00,-0.000000000000000000e+00,-0.000000000000000000e+00,0.000000000000000000e+00,1.659332817933126814e-01,-0.000000000000000000e+00,0.000000000000000000e+00,0.000000000000000000e+00,0.000000000000000000e+00,0.000000000000000000e+00,-0.000000000000000000e+00,0.000000000000000000e+00,0.000000000000000000e+00
0.000000000000000000e+00,0.000000000000000000e+00,-0.000000000000000000e+00,-0.000000000000000000e+00,0.000000000000000000e+00,-0.000000000000000000e+00,1.455204903257454774e+00,0.000000000000000000e+00,0.000000000000000000e+00,0.000000000000000000e+00,-0.000000000000000000e+00,0.000000000000000000e+00,-5.689084022187739231e-01,0.000000000000000000e+00,0.000000000000000000e+00,0.000000000000000000e+00,0.000000000000000000e+00,-0.000000000000000000e+00,-0.000000000000000000e+00,-0.000000000000000000e+00,-0.000000000000000000e+00,-4.592428843656316539e-01,0.000000000000000000e+00,0.000000000000000000e+00,-0.000000000000000000e+00,0.000000000000000000e+00,0.000000000000000000e+00,0.000000000000000000e+00,0.000000000000000000e+00,0.000000000000000000e+00,-0.000000000000000000e+00,-0.000000000000000000e+00,-6.103665273564847643e-02,0.000000000000000000e+00,0.000000000000000000e+00,0.000000000000000000e+00,0.000000000000000000e+00,0.000000000000000000e+00,0.000000000000000000e+00
0.000000000000000000e+00,0.000000000000000000e+00,1.089254916091099146e+00,-0.000000000000000000e+00,2.699011360390274894e-01,0.000000000000000000e+00,0.000000000000000000e+00,2.194520687421503080e+00,0.000000000000000000e+00,0.000000000000000000e+00,0.000000000000000000e+00,-0.000000000000000000e+00,0.000000000000000000e+00,-0.000000000000000000e+00,-0.000000000000000000e+00,0.000000000000000000e+00,-0.000000000000000000e+00,0.000000000000000000e+00,0.000000000000000000e+00,0.000000000000000000e+00,2.002065340418017758e-01,1.129431685244441791e-01,0.000000000000000000e+00,-0.000000000000000000e+00,0.000000000000000000e+00,0.000000000000000000e+00,0.000000000000000000e+00,0.000000000000000000e+00,-0.000000000000000000e+00,0.000000000000000000e+00,9.146122912079224232e-02,0.000000000000000000e+00,3.470473706619325860e-01,0.000000000000000000e+00,0.000000000000000000e+00,8.750365249523632538e-02,0.000000000000000000e+00,-0.000000000000000000e+00,-0.000000000000000000e+00
-2.354036982249063936e-01,-3.345273732820597257e-01,-0.000000000000000000e+00,-0.000000000000000000e+00,-1.811244464479158101e-01,0.000000000000000000e+00,0.000000000000000000e+00,0.000000000000000000e+00,2.203116962128568890e+00,-9.934281840618287840e-02,0.000000000000000000e+00,-0.000000000000000000e+00,0.000000000000000000e+00,-2.084477445486516978e-01,-0.000000000000000000e+00,-1.308298022135566743e-02,-0.000000000000000000e+00,0.000000000000000000e+00,0.000000000000000000e+00,-1.930799073366569474e-02,-0.000000000000000000e+00,-0.000000000000000000e+00,-0.000000000000000000e+00,-0.000000000000000000e+00,-0.000000000000000000e+00,-0.000000000000000000e+00,-0.000000000000000000e+00,0.000000000000000000e+00,-0.000000000000000000e+00,-9.605393452625142492e-02,-0.000000000000000000e+00,-0.000000000000000000e+00,0.000000000000000000e+00,-6.122972099347113728e-01,-0.000000000000000000e+00,-2.334041994282892996e-01,-0.000000000000000000e+00,-1.942023721175721584e-01,-9.325719576721831425e-03
-0.000000000000000000e+00,-3.261890474742048518e-01,-0.000000000000000000e+00,-0.000000000000000000e+00,-0.000000000000000000e+00,0.000000000000000000e+00,0.000000000000000000e+00,0.000000000000000000e+00,-9.934281840618287840e-02,2.538932678802989784e+00,0.000000000000000000e+00,0.000000000000000000e+00,0.000000000000000000e+00,-1.030730819557281741e-01,-0.000000000000000000e+00,-6.925128986613255933e-01,-0.000000000000000000e+00,4.308474243387023367e-02,0.000000000000000000e+00,-0.000000000000000000e+00,-0.000000000000000000e+00,0.000000000000000000e+00,-0.000000000000000000e+00,-2.247740886703837940e-02,-0.000000000000000000e+00,-0.000000000000000000e+00,-1.470230388807839961e-01,-0.000000000000000000e+00,-0.000000000000000000e+00,-3.387653386891287810e-01,-0.000000000000000000e+00,-0.000000000000000000e+00,0.000000000000000000e+00,-1.582464438535257090e-01,-6.209466899937490791e-02,-9.074502252883594189e-02,-4.052430513091460212e-02,-2.282785663473367865e-01,-3.190609622980747906e-01
-0.000000000000000000e+00,0.000000000000000000e+00,-0.000000000000000000e+00,-0.000000000000000000e+00,0.000000000000000000e+00,-7.554497151483801076e-01,-0.000000000000000000e+00,0.000000000000000000e+00,0.000000000000000000e+00,0.000000000000000000e+00,2.018921283725823912e+00,-0.000000000000000000e+00,-0.000000000000000000e+00,-0.000000000000000000e+00,-0.000000000000000000e+00,0.000000000000000000e+00,-5.686435540042048542e-01,-0.000000000000000000e+00,-7.431158650444417979e-02,-1.903451859894523812e-01,-0.000000000000000000e+00,-0.000000000000000000e+00,-0.000000000000000000e+00,-0.000000000000000000e+00,-2.133285131595928363e-01,0.000000000000000000e+00,0.000000000000000000e+00,-0.000000000000000000e+00,-0.000000000000000000e+00,0.000000000000000000e+00,8.641976075801559298e-02,-5.207414559775038615e-02,0.000000000000000000e+00,0.000000000000000000e+00,0.000000000000000000e+00,0.000000000000000000e+00,-0.000000000000000000e+00,0.000000000000000000e+00,0.000000000000000000e+00
-0.000000000000000000e+00,-0.000000000000000000e+00,-0.000000000000000000e+00,-1.127582199445818778e-01,0.000000000000000000e+00,-0.000000000000000000e+00,0.000000000000000000e+00,-0.000000000000000000e+00,-0.000000000000000000e+00,0.000000000000000000e+00,-0.000000000000000000e+00,1.381777618853428313e+00,0.000000000000000000e+00,-0.000000000000000000e+00,-5.860093009483748894e-01,-0.000000000000000000e+00,-0.000000000000000000e+00,-0.000000000000000000e+00,-1.681074280013526157e-01,-3.833167411917737244e-02,-3.574329161605405928e-03,-0.000000000000000000e+00,-0.000000000000000000e+00,-0.000000000000000000e+00,-0.000000000000000000e+00,0.000000000000000000e+00,0.000000000000000000e+00,0.000000000000000000e+00,-0.000000000000000000e+00,0.000000000000000000e+00,0.000000000000000000e+00,-0.000000000000000000e+00,0.000000000000000000e+00,0.000000000000000000e+00,-0.000000000000000000e+00,-0.000000000000000000e+00,-0.000000000000000000e+00,0.000000000000000000e+00,0.000000000000000000e+00
0.000000000000000000e+00,0.000000000000000000e+00,-0.000000000000000000e+00,-0.000000000000000000e+00,0.000000000000000000e+00,-0.000000000000000000e+00,-5.689084022187739231e-01,0.000000000000000000e+00,0.000000000000000000e+00,0.000000000000000000e+00,-0.000000000000000000e+00,0.000000000000000000e+00,2.214100903769208983e+00,1.660261587287291674e-01,0.000000000000000000e+00,2.297112901348822567e-01,0.000000000000000000e+00,-2.969063131591733185e-01,-0.000000000000000000e+00,-0.000000000000000000e+00,-0.000000000000000000e+00,-8.501356109756803836e-02,0.000000000000000000e+00,0.000000000000000000e+00,0.000000000000000000e+00,4.559833011381067558e-01,0.000000000000000000e+00,0.000000000000000000e+00,2.863476486924187436e-01,0.000000000000000000e+00,0.000000000000000000e+00,0.000000000000000000e+00,-0.000000000000000000e+00,7.605627704762886465e-02,2.398760900511297534e-01,0.000000000000000000e+00,0.000000000000000000e+00,0.000000000000000000e+00,0.000000000000000000e+00
-2.276738428692203636e-02,-0.000000000000000000e+00,-0.000000000000000000e+00,-0.000000000000000000e+00,-0.000000000000000000e+00,-0.000000000000000000e+00,0.000000000000000000e+00,-0.000000000000000000e+00,-2.084477445486516978e-01,-1.030730819557281741e-01,-0.000000000000000000e+00,-0.000000000000000000e+00,1.660261587287291674e-01,2.233193865628791741e+00,-0.000000000000000000e+00,-5.270732782531196287e-02,-0.000000000000000000e+00,4.819578296349547736e-02,0.000000000000000000e+00,-0.000000000000000000e+00,-0.000000000000000000e+00,0.000000000000000000e+00,-8.393154269053475225e-02,-1.731342147648670948e-01,-0.000000000000000000e+00,-1.224922974005479143e-01,-0.000000000000000000e+00,-0.000000000000000000e+00,-4.111632007809109535e-01,-0.000000000000000000e+00,-0.000000000000000000e+00,-2.055367339469358137e-02,7.244066325175870999e-03,-3.266835398264603119e-01,-2.245801848734333139e-01,-0.000000000000000000e+00,-1.919230883669598847e-02,-1.892247489180513276e-01,-1.168260864429102736e-01
-3.170910057191574927e-01,-0.000000000000000000e+00,0.000000000000000000e+00,-1.946544792672898760e-01,0.000000000000000000e+00,-0.000000000000000000e+00,0.000000000000000000e+00,-0.000000000000000000e+00,-0.000000000000000000e+00,-0.000000000000000000e+00,-0.000000000000000000e+00,-5.860093009483748894e-01,0.000000000000000000e+00,-0.000000000000000000e+00,1.676026763142512976e+00,-0.000000000000000000e+00,-0.000000000000000000e+00,0.000000000000000000e+00,-1.408148600203163459e-01,-2.989800041820566134e-01,-0.000000000000000000e+00,-0.000000000000000000e+00,-1.708590308315457865e-03,-0.000000000000000000e+00,-0.000000000000000000e+00,-0.000000000000000000e+00,0.000000000000000000e+00,0.000000000000000000e+00,-9.622702061901146353e-02,0.000000000000000000e+00,1.122299728544896014e-01,-0.000000000000000000e+00,1.918366315790959176e-01,-0.000000000000000000e+00,-0.000000000000000000e+00,-0.000000000000000000e+00,-0.000000000000000000e+00,-0.000000000000000000e+00,-0.000000000000000000e+00
-1.013285530045332922e-01,-4.643685770590728901e-02,-0.000000000000000000e+00,0.000000000000000000e+00,-0.000000000000000000e+00,0.000000000000000000e+00,0.000000000000000000e+00,0.000000000000000000e+00,-1.308298022135566743e-02,-6.925128986613255933e-01,0.000000000000000000e+00,-0.000000000000000000e+00,2.297112901348822567e-01,-5.270732782531196287e-02,-0.000000000000000000e+00,2.498550410421723988e+00,-0.000000000000000000e+00,3.153654951682306473e-01,0.000000000000000000e+00,-0.000000000000000000e+00,-0.000000000000000000e+00,0.000000000000000000e+00,-2.971983219100473098e-03,-0.000000000000000000e+00,-0.000000000000000000e+00,-7.159863316914195919e-02,-5.191938400299189738e-02,-0.000000000000000000e+00,-0.000000000000000000e+00,-3.270787829920047129e-01,-0.000000000000000000e+00,-0.000000000000000000e+00,0.000000000000000000e+00,-1.402405810318712032e-01,-1.790807780925246229e-01,-2.578096479087165771e-01,-0.000000000000000000e+00,-1.461113833280898722e-01,-2.965654681952000285e-02
-0.000000000000000000e+00,0.000000000000000000e+00,0.000000000000000000e+00,0.000000000000000000e+00,0.000000000000000000e+00,-3.814657942634149812e-01,0.000000000000000000e+00,-0.000000000000000000e+00,-0.000000000000000000e+00,-0.000000000000000000e+00,-5.686435540042048542e-01,-0.000000000000000000e+00,0.000000000000000000e+00,-0.000000000000000000e+00,-0.000000000000000000e+00,-0.000000000000000000e+00,2.062670243409761461e+00,0.000000000000000000e+00,-0.000000000000000000e+00,-0.000000000000000000e+00,-0.000000000000000000e+00,0.000000000000000000e+00,-1.927324196917254706e-01,-2.385705614876065805e-01,-2.265022532641471631e-01,-0.000000000000000000e+00,0.000000000000000000e+00,-0.000000000000000000e+00,-1.938758310501796367e-01,0.000000000000000000e+00,2.609246229529481320e-02,-1.777090429107310576e-01,0.000000000000000000e+00,-0.000000000000000000e+00,-0.000000000000000000e+00,0.000000000000000000e+00,-0.000000000000000000e+00,-0.000000000000000000e+00,-0.000000000000000000e+00
0.000000000000000000e+00,0.000000000000000000e+00,-0.000000000000000000e+00,-0.000000000000000000e+00,0.000000000000000000e+00,-0.000000000000000000e+00,-0.000000000000000000e+00,0.000000000000000000e+00,0.000000000000000000e+00,4.308474243387023367e-02,-0.000000000000000000e+00,-0.000000000000000000e+00,-2.969063131591733185e-01,4.819578296349547736e-02,0.000000000000000000e+00,3.153654951682306473e-01,0.000000000000000000e+00,1.798243003040218557e+00,-4.658799987678201304e-02,0.000000000000000000e+00,-0.000000000000000000e+00,-1.050399828596274843e-01,0.000000000000000000e+00,1.616161911420614661e-01,0.000000000000000000e+00,0.000000000000000000e+00,0.000000000000000000e+00,0.000000000000000000e+00,1.368557185588836766e-02,0.000000000000000000e+00,-0.000000000000000000e+00,0.000000000000000000e+00,-1.548219699734104948e-01,5.914728102609190935e-02,0.000000000000000000e+00,0.000000000000000000e+00,0.000000000000000000e+00,3.653507628904157367e-01,1.999760541212481924e-01
-0.000000000000000000e+00,-0.000000000000000000e+00,-0.000000000000000000e+00,-2.640897537347600132e-01,0.000000000000000000e+00,-1.060296122883130354e-01,-0.000000000000000000e+00,0.000000000000000000e+00,0.000000000000000000e+00,0.000000000000000000e+00,-7.431158650444417979e-02,-1.681074280013526157e-01,-0.000000000000000000e+00,0.000000000000000000e+00,-1.408148600203163459e-01,0.000000000000000000e+00,-0.000000000000000000e+00,-4.658799987678201304e-02,1.634603740182396070e+00,-1.216360134888428424e-01,-8.733789488582170690e-02,-4.178135009006526124e-01,-0.000000000000000000e+00,0.000000000000000000e+00,-0.000000000000000000e+00,0.000000000000000000e+00,1.146894913183341830e-01,0.000000000000000000e+00,0.000000000000000000e+00,3.243978107633606611e-01,0.000000000000000000e+00,-0.000000000000000000e+00,0.000000000000000000e+00,0.000000000000000000e+00,0.000000000000000000e+00,-0.000000000000000000e+00,0.000000000000000000e+00,0.000000000000000000e+00,8.784099975374698444e-02
-1.265014427280608256e-01,-0.000000000000000000e+00,-0.000000000000000000e+00,-1.300099535558205677e-01,-0.000000000000000000e+00,-0.000000000000000000e+00,-0.000000000000000000e+00,0.000000000000000000e+00,-1.930799073366569474e-02,-0.000000000000000000e+00,-1.903451859894523812e-01,-3.833167411917737244e-02,-0.000000000000000000e+00,-0.000000000000000000e+00,-2.989800041820566134e-01,-0.000000000000000000e+00,-0.000000000000000000e+00,0.000000000000000000e+00,-1.216360134888428424e-01,1.744656510190598642e+00,-4.832481746020983460e-01,-3.329521197928380638e-01,-1.589302333050781613e-01,-0.000000000000000000e+00,-0.000000000000000000e+00,-0.000000000000000000e+00,-0.000000000000000000e+00,-0.000000000000000000e+00,-0.000000000000000000e+00,-0.000000000000000000e+00,0.000000000000000000e+00,-0.000000000000000000e+00,0.000000000000000000e+00,-0.000000000000000000e+00,-0.000000000000000000e+00,-1.562742198126078341e-02,-0.000000000000000000e+00,-0.000000000000000000e+00,-0.000000000000000000e+00
-0.000000000000000000e+00,-0.000000000000000000e+00,-3.671390944681779400e-01,-0.000000000000000000e+00,-0.000000000000000000e+00,-0.000000000000000000e+00,-0.000000000000000000e+00,2.002065340418017758e-01,-0.000000000000000000e+00,-0.000000000000000000e+00,-0.000000000000000000e+00,-3.574329161605405928e-03,-0.000000000000000000e+00,-0.000000000000000000e+00,-0.000000000000000000e+00,-0.000000000000000000e+00,-0.000000000000000000e+00,-0.000000000000000000e+00,-8.733789488582170690e-02,-4.832481746020983460e-01,1.794335184620764023e+00,-3.842151833725833132e-01,-2.005312172023004935e-02,-0.000000000000000000e+00,-1.233000420820550974e-01,-0.000000000000000000e+00,-0.000000000000000000e+00,-0.000000000000000000e+00,-0.000000000000000000e+00,-0.000000000000000000e+00,0.000000000000000000e+00,-3.434933998061683730e-02,-0.000000000000000000e+00,-0.000000000000000000e+00,-0.000000000000000000e+00,-1.557604690226757072e-01,-4.840690133303959114e-02,0.000000000000000000e+00,0.000000000000000000e+00
-0.000000000000000000e+00,-0.000000000000000000e+00,-9.625775135981035069e-02,-3.131902933318539417e-01,-0.000000000000000000e+00,-0.000000000000000000e+00,-4.592428843656316539e-01,1.129431685244441791e-01,-0.000000000000000000e+00,0.000000000000000000e+00,-0.000000000000000000e+00,-0.000000000000000000e+00,-8.501356109756803836e-02,0.000000000000000000e+00,-0.000000000000000000e+00,0.000000000000000000e+00,0.000000000000000000e+00,-1.050399828596274843e-01,-4.178135009006526124e-01,-3.329521197928380638e-01,-3.842151833725833132e-01,1.925204473545982342e+00,-0.000000000000000000e+00,0.000000000000000000e+00,-0.000000000000000000e+00,0.000000000000000000e+00,0.000000000000000000e+00,0.000000000000000000e+00,0.000000000000000000e+00,0.000000000000000000e+00,0.000000000000000000e+00,-0.000000000000000000e+00,-0.000000000000000000e+00,0.000000000000000000e+00,0.000000000000000000e+00,-0.000000000000000000e+00,0.000000000000000000e+00,0.000000000000000000e+00,0.000000000000000000e+00
-0.000000000000000000e+00,-0.000000000000000000e+00,-0.000000000000000000e+00,0.000000000000000000e+00,-0.000000000000000000e+00,-0.000000000000000000e+00,0.000000000000000000e+00,0.000000000000000000e+00,-0.000000000000000000e+00,-0.000000000000000000e+00,-0.000000000000000000e+00,-0.000000000000000000e+00,0.000000000000000000e+00,-8.393154269053475225e-02,-1.708590308315457865e-03,-2.971983219100473098e-03,-1.927324196917254706e-01,0.000000000000000000e+00,-0.000000000000000000e+00,-1.589302333050781613e-01,-2.005312172023004935e-02,-0.000000000000000000e+00,2.165977100378225551e+00,-5.144000336783125515e-01,-6.182518306781221717e-01,-1.261803892922798154e-01,-0.000000000000000000e+00,-1.294730343964564656e-01,-1.789415727716155979e-01,-0.000000000000000000e+00,0.000000000000000000e+00,-7.609459271815409431e-02,0.000000000000000000e+00,-0.000000000000000000e+00,-0.000000000000000000e+00,-0.000000000000000000e+00,-1.097545998570502168e-01,-0.000000000000000000e+00,-0.000000000000000000e+00
-0.000000000000000000e+00,-0.000000000000000000e+00,0.000000000000000000e+00,0.000000000000000000e+00,-0.000000000000000000e+00,-0.000000000000000000e+00,0.000000000000000000e+00,-0.000000000000000000e+00,-0.000000000000000000e+00,-2.247740886703837940e-02,-0.000000000000000000e+00,-0.000000000000000000e+00,0.000000000000000000e+00,-1.731342147648670948e-01,-0.000000000000000000e+00,-0.000000000000000000e+00,-2.385705614876065805e-01,1.616161911420614661e-01,0.000000000000000000e+00,-0.000000000000000000e+00,-0.000000000000000000e+00,0.000000000000000000e+00,-5.144000336783125515e-01,2.153915692474312138e+00,-2.677407316139710503e-01,-4.473908371852872157e-02,-0.000000000000000000e+00,-0.000000000000000000e+00,-2.900254849741349950e-01,-0.000000000000000000e+00,0.000000000000000000e+00,-3.045453161695824695e-01,0.000000000000000000e+00,-0.000000000000000000e+00,-4.033582507383048216e-02,-0.000000000000000000e+00,-9.034114634009854372e-02,-0.000000000000000000e+00,-0.000000000000000000e+00
-0.000000000000000000e+00,0.000000000000000000e+00,-0.000000000000000000e+00,0.000000000000000000e+00,-0.000000000000000000e+00,-5.486234200825083063e-01,-0.000000000000000000e+00,0.000000000000000000e+00,-0.000000000000000000e+00,-0.000000000000000000e+00,-2.133285131595928363e-01,-0.000000000000000000e+00,0.000000000000000000e+00,-0.000000000000000000e+00,-0.000000000000000000e+00,-0.000000000000000000e+00,-2.265022532641471631e-01,0.000000000000000000e+00,-0.000000000000000000e+00,-0.000000000000000000e+00,-1.233000420820550974e-01,-0.000000000000000000e+00,-6.182518306781221717e-01,-2.677407316139710503e-01,2.263075725466916488e+00,-0.000000000000000000e+00,-0.000000000000000000e+00,-1.874422228441659233e-01,-0.000000000000000000e+00,-0.000000000000000000e+00,0.000000000000000000e+00,-1.972044617559551849e-01,-0.000000000000000000e+00,-0.000000000000000000e+00,-0.000000000000000000e+00,-0.000000000000000000e+00,-0.000000000000000000e+00,-0.000000000000000000e+00,-0.000000000000000000e+00
-0.000000000000000000e+00,-0.000000000000000000e+00,-0.000000000000000000e+00,0.000000000000000000e+00,-0.000000000000000000e+00,0.000000000000000000e+00,0.000000000000000000e+00,0.000000000000000000e+00,-0.000000000000000000e+00,-0.000000000000000000e+00,0.000000000000000000e+00,0.000000000000000000e+00,4.559833011381067558e-01,-1.224922974005479143e-01,-0.000000000000000000e+00,-7.159863316914195919e-02,-0.000000000000000000e+00,0.000000000000000000e+00,0.000000000000000000e+00,-0.000000000000000000e+00,-0.000000000000000000e+00,0.000000000000000000e+00,-1.261803892922798154e-01,-4.473908371852872157e-02,-0.000000000000000000e+00,2.387858922063397671e+00,-3.139281610537714151e-01,-4.345687035553404409e-01,-1.530910314783285875e-01,-1.461080214889608764e-01,-0.000000000000000000e+00,-0.000000000000000000e+00,0.000000000000000000e+00,-1.746241023684059757e-01,-2.272267196614368157e-01,-0.000000000000000000e+00,-3.683526615084578570e-01,-0.000000000000000000e+00,-0.000000000000000000e+00
-0.000000000000000000e+00,-0.000000000000000000e+00,-0.000000000000000000e+00,6.811253735048020466e-03,-8.923173321833056948e-02,0.000000000000000000e+00,0.000000000000000000e+00,0.000000000000000000e+00,-0.000000000000000000e+00,-1.470230388807839961e-01,0.000000000000000000e+00,0.000000000000000000e+00,0.000000000000000000e+00,-0.000000000000000000e+00,0.000000000000000000e+00,-5.191938400299189738e-02,0.000000000000000000e+00,0.000000000000000000e+00,1.146894913183341830e-01,-0.000000000000000000e+00,-0.000000000000000000e+00,0.000000000000000000e+00,-0.000000000000000000e+00,-0.000000000000000000e+00,-0.000000000000000000e+00,-3.139281610537714151e-01,1.569973886515366956e+00,-6.806835056804079465e-02,-0.000000000000000000e+00,-2.059760642856887924e-01,-3.261060151373852412e-01,-0.000000000000000000e+00,-0.000000000000000000e+00,-1.358969797785279099e-01,-0.000000000000000000e+00,-0.000000000000000000e+00,-0.000000000000000000e+00,-0.000000000000000000e+00,-0.000000000000000000e+00
0.000000000000000000e+00,0.000000000000000000e+00,-0.000000000000000000e+00,4.357126876666840287e-01,-0.000000000000000000e+00,-0.000000000000000000e+00,0.000000000000000000e+00,0.000000000000000000e+00,0.000000000000000000e+00,-0.000000000000000000e+00,-0.000000000000000000e+00,0.000000000000000000e+00,0.000000000000000000e+00,-0.000000000000000000e+00,0.000000000000000000e+00,-0.000000000000000000e+00,-0.000000000000000000e+00,0.000000000000000000e+00,0.000000000000000000e+00,-0.000000000000000000e+00,-0.000000000000000000e+00,0.000000000000000000e+00,-1.294730343964564656e-01,-0.000000000000000000e+00,-1.874422228441659233e-01,-4.345687035553404409e-01,-6.806835056804079465e-02,1.519616054046542208e+00,-0.000000000000000000e+00,-0.000000000000000000e+00,-0.000000000000000000e+00,-1.182971788939999741e-01,-0.000000000000000000e+00,-0.000000000000000000e+00,-0.000000000000000000e+00,0.000000000000000000e+00,-0.000000000000000000e+00,0.000000000000000000e+00,0.000000000000000000e+00
-5.105194170026141481e-02,-0.000000000000000000e+00,0.000000000000000000e+00,0.000000000000000000e+00,-0.000000000000000000e+00,-0.000000000000000000e+00,0.000000000000000000e+00,-0.000000000000000000e+00,-0.000000000000000000e+00,-0.000000000000000000e+00,-0.000000000000000000e+00,-0.000000000000000000e+00,2.863476486924187436e-01,-4.111632007809109535e-01,-9.622702061901146353e-02,-0.000000000000000000e+00,-1.938758310501796367e-01,1.368557185588836766e-02,0.000000000000000000e+00,-0.000000000000000000e+00,-0.000000000000000000e+00,0.000000000000000000e+00,-1.789415727716155979e-01,-2.900254849741349950e-01,-0.000000000000000000e+00,-1.530910314783285875e-01,-0.000000000000000000e+00,-0.000000000000000000e+00,2.276698881516694861e+00,-0.000000000000000000e+00,0.000000000000000000e+00,-1.971345699207009416e-01,7.083035333026191371e-02,-0.000000000000000000e+00,-2.850435740759908465e-01,-0.000000000000000000e+00,-2.243470835363468863e-01,-0.000000000000000000e+00,-0.000000000000000000e+00
-0.000000000000000000e+00,-0.000000000000000000e+00,-0.000000000000000000e+00,0.000000000000000000e+00,-3.845671578760618825e-01,0.000000000000000000e+00,0.000000000000000000e+00,0.000000000000000000e+00,-9.605393452625142492e-02,-3.387653386891287810e-01,0.000000000000000000e+00,0.000000000000000000e+00,0.000000000000000000e+00,-0.000000000000000000e+00,0.000000000000000000e+00,-3.270787829920047129e-01,0.000000000000000000e+00,0.000000000000000000e+00,3.243978107633606611e-01,-0.000000000000000000e+00,-0.000000000000000000e+00,0.000000000000000000e+00,-0.000000000000000000e+00,-0.000000000000000000e+00,-0.000000000000000000e+00,-1.461080214889608764e-01,-2.059760642856887924e-01,-0.000000000000000000e+00,-0.000000000000000000e+00,2.087640547175599881e+00,-0.000000000000000000e+00,-0.000000000000000000e+00,-0.000000000000000000e+00,-2.479705663905265034e-01,-0.000000000000000000e+00,-1.029462571062256769e-02,-0.000000000000000000e+00,-3.617713803938898270e-02,-1.156382380271016863e-01
0.000000000000000000e+00,-0.000000000000000000e+00,-9.521866877038552557e-02,0.000000000000000000e+00,-3.876930018741984174e-01,1.659332817933126814e-01,-0.000000000000000000e+00,9.146122912079224232e-02,-0.000000000000000000e+00,-0.000000000000000000e+00,8.641976075801559298e-02,0.000000000000000000e+00,0.000000000000000000e+00,-0.000000000000000000e+00,1.122299728544896014e-01,-0.000000000000000000e+00,2.609246229529481320e-02,-0.000000000000000000e+00,0.000000000000000000e+00,0.000000000000000000e+00,0.000000000000000000e+00,0.000000000000000000e+00,0.000000000000000000e+00,0.000000000000000000e+00,0.000000000000000000e+00,-0.000000000000000000e+00,-3.261060151373852412e-01,-0.000000000000000000e+00,0.000000000000000000e+00,-0.000000000000000000e+00,1.450806297253749211e+00,-0.000000000000000000e+00,-2.270708549118978792e-01,-0.000000000000000000e+00,-0.000000000000000000e+00,-0.000000000000000000e+00,-0.000000000000000000e+00,0.000000000000000000e+00,-0.000000000000000000e+00
-0.000000000000000000e+00,-0.000000000000000000e+00,-0.000000000000000000e+00,0.000000000000000000e+00,-0.000000000000000000e+00,-0.000000000000000000e+00,-0.000000000000000000e+00,0.000000000000000000e+00,-0.000000000000000000e+00,-0.000000000000000000e+00,-5.207414559775038615e-02,-0.000000000000000000e+00,0.000000000000000000e+00,-2.055367339469358137e-02,-0.000000000000000000e+00,-0.000000000000000000e+00,-1.777090429107310576e-01,0.000000000000000000e+00,-0.000000000000000000e+00,-0.000000000000000000e+00,-3.434933998061683730e-02,-0.000000000000000000e+00,-7.609459271815409431e-02,-3.045453161695824695e-01,-1.972044617559551849e-01,-0.000000000000000000e+00,-0.000000000000000000e+00,-1.182971788939999741e-01,-1.971345699207009416e-01,-0.000000000000000000e+00,-0.000000000000000000e+00,1.907686991031116053e+00,-0.000000000000000000e+00,-0.000000000000000000e+00,-9.649091796212315442e-02,-0.000000000000000000e+00,-5.178436486704335318e-01,-0.000000000000000000e+00,-0.000000000000000000e+00
0.000000000000000000e+00,0.000000000000000000e+00,-2.438277592795032589e-01,0.000000000000000000e+00,-0.000000000000000000e+00,0.000000000000000000e+00,-6.103665273564847643e-02,3.470473706619325860e-01,0.000000000000000000e+00,0.000000000000000000e+00,0.000000000000000000e+00,0.000000000000000000e+00,-0.000000000000000000e+00,7.244066325175870999e-03,1.918366315790959176e-01,0.000000000000000000e+00,0.000000000000000000e+00,-1.548219699734104948e-01,0.000000000000000000e+00,0.000000000000000000e+00,-0.000000000000000000e+00,-0.000000000000000000e+00,0.000000000000000000e+00,0.000000000000000000e+00,-0.000000000000000000e+00,0.000000000000000000e+00,-0.000000000000000000e+00,-0.000000000000000000e+00,7.083035333026191371e-02,-0.000000000000000000e+00,-2.270708549118978792e-01,-0.000000000000000000e+00,1.377292702829775672e+00,0.000000000000000000e+00,0.000000000000000000e+00,-0.000000000000000000e+00,0.000000000000000000e+00,1.033957175476739737e-01,0.000000000000000000e+00
-0.000000000000000000e+00,-0.000000000000000000e+00,-0.000000000000000000e+00,0.000000000000000000e+00,-0.000000000000000000e+00,0.000000000000000000e+00,0.000000000000000000e+00,0.000000000000000000e+00,-6.122972099347113728e-01,-1.582464438535257090e-01,0.000000000000000000e+00,0.000000000000000000e+00,7.605627704762886465e-02,-3.266835398264603119e-01,-0.000000000000000000e+00,-1.402405810318712032e-01,-0.000000000000000000e+00,5.914728102609190935e-02,0.000000000000000000e+00,-0.000000000000000000e+00,-0.000000000000000000e+00,0.000000000000000000e+00,-0.000000000000000000e+00,-0.000000000000000000e+00,-0.000000000000000000e+00,-1.746241023684059757e-01,-1.358969797785279099e-01,-0.000000000000000000e+00,-0.000000000000000000e+00,-2.479705663905265034e-01,-0.000000000000000000e+00,-0.000000000000000000e+00,0.000000000000000000e+00,2.224560517010190530e+00,-0.000000000000000000e+00,-0.000000000000000000e+00,-0.000000000000000000e+00,-4.605629933235851070e-02,-2.313995784379531684e-01
-2.311929171690867701e-01,-1.201499412494210356e-01,-0.000000000000000000e+00,0.000000000000000000e+00,-1.106594826228192441e-01,0.000000000000000000e+00,0.000000000000000000e+00,0.000000000000000000e+00,-0.000000000000000000e+00,-6.209466899937490791e-02,0.000000000000000000e+00,-0.000000000000000000e+00,2.398760900511297534e-01,-2.245801848734333139e-01,-0.000000000000000000e+00,-1.790807780925246229e-01,-0.000000000000000000e+00,0.000000000000000000e+00,0.000000000000000000e+00,-0.000000000000000000e+00,-0.000000000000000000e+00,0.000000000000000000e+00,-0.000000000000000000e+00,-4.033582507383048216e-02,-0.000000000000000000e+00,-2.272267196614368157e-01,-0.000000000000000000e+00,-0.000000000000000000e+00,-2.850435740759908465e-01,-0.000000000000000000e+00,-0.000000000000000000e+00,-9.649091796212315442e-02,0.000000000000000000e+00,-0.000000000000000000e+00,2.425239529655478954e+00,-0.000000000000000000e+00,-6.771525011735964883e-01,-0.000000000000000000e+00,-0.000000000000000000e+00
-2.785815229456166109e-01,-1.959908211121363097e-01,-1.886315799333847243e-01,-0.000000000000000000e+00,-5.323250780248604298e-03,0.000000000000000000e+00,0.000000000000000000e+00,8.750365249523632538e-02,-2.334041994282892996e-01,-9.074502252883594189e-02,0.000000000000000000e+00,-0.000000000000000000e+00,0.000000000000000000e+00,-0.000000000000000000e+00,-0.000000000000000000e+00,-2.578096479087165771e-01,0.000000000000000000e+00,0.000000000000000000e+00,-0.000000000000000000e+00,-1.562742198126078341e-02,-1.557604690226757072e-01,-0.000000000000000000e+00,-0.000000000000000000e+00,-0.000000000000000000e+00,-0.000000000000000000e+00,-0.000000000000000000e+00,-0.000000000000000000e+00,0.000000000000000000e+00,-0.000000000000000000e+00,-1.029462571062256769e-02,-0.000000000000000000e+00,-0.000000000000000000e+00,-0.000000000000000000e+00,-0.000000000000000000e+00,-0.000000000000000000e+00,1.650920853081318418e+00,-1.590250019807879162e-03,-0.000000000000000000e+00,-0.000000000000000000e+00
-1.887721245985085616e-01,-1.513555308502099184e-01,-0.000000000000000000e+00,0.000000000000000000e+00,-7.903965833088455462e-02,-0.000000000000000000e+00,0.000000000000000000e+00,0.000000000000000000e+00,-0.000000000000000000e+00,-4.052430513091460212e-02,-0.000000000000000000e+00,-0.000000000000000000e+00,0.000000000000000000e+00,-1.919230883669598847e-02,-0.000000000000000000e+00,-0.000000000000000000e+00,-0.000000000000000000e+00,0.000000000000000000e+00,0.000000000000000000e+00,-0.000000000000000000e+00,-4.840690133303959114e-02,0.000000000000000000e+00,-1.097545998570502168e-01,-9.034114634009854372e-02,-0.000000000000000000e+00,-3.683526615084578570e-01,-0.000000000000000000e+00,-0.000000000000000000e+00,-2.243470835363468863e-01,-0.000000000000000000e+00,-0.000000000000000000e+00,-5.178436486704335318e-01,0.000000000000000000e+00,-0.000000000000000000e+00,-6.771525011735964883e-01,-1.590250019807879162e-03,2.433517643926501606e+00,-0.000000000000000000e+00,-0.000000000000000000e+00
-0.000000000000000000e+00,-0.000000000000000000e+00,0.000000000000000000e+00,-0.000000000000000000e+00,-0.000000000000000000e+00,0.000000000000000000e+00,0.000000000000000000e+00,-0.000000000000000000e+00,-1.942023721175721584e-01,-2.282785663473367865e-01,0.000000000000000000e+00,0.000000000000000000e+00,0.000000000000000000e+00,-1.892247489180513276e-01,-0.000000000000000000e+00,-1.461113833280898722e-01,-0.000000000000000000e+00,3.653507628904157367e-01,0.000000000000000000e+00,-0.000000000000000000e+00,0.000000000000000000e+00,0.000000000000000000e+00,-0.000000000000000000e+00,-0.000000000000000000e+00,-0.000000000000000000e+00,-0.000000000000000000e+00,-0.000000000000000000e+00,0.000000000000000000e+00,-0.000000000000000000e+00,-3.617713803938898270e-02,0.000000000000000000e+00,-0.000000000000000000e+00,1.033957175476739737e-01,-4.605629933235851070e-02,-0.000000000000000000e+00,-0.000000000000000000e+00,-0.000000000000000000e+00,2.240082418632294736e+00,-8.836130358249489891e-01
-0.000000000000000000e+00,-0.000000000000000000e+00,0.000000000000000000e+00,-0.000000000000000000e+00,-0.000000000000000000e+00,0.000000000000000000e+00,0.000000000000000000e+00,-0.000000000000000000e+00,-9.325719576721831425e-03,-3.190609622980747906e-01,0.000000000000000000e+00,0.000000000000000000e+00,0.000000000000000000e+00,-1.168260864429102736e-01,-0.000000000000000000e+00,-2.965654681952000285e-02,-0.000000000000000000e+00,1.999760541212481924e-01,8.784099975374698444e-02,-0.000000000000000000e+00,0.000000000000000000e+00,0.000000000000000000e+00,-0.000000000000000000e+00,-0.000000000000000000e+00,-0.000000000000000000e+00,-0.000000000000000000e+00,-0.000000000000000000e+00,0.000000000000000000e+00,-0.000000000000000000e+00,-1.156382380271016863e-01,-0.000000000000000000e+00,-0.000000000000000000e+00,0.000000000000000000e+00,-2.313995784379531684e-01,-0.000000000000000000e+00,-0.000000000000000000e+00,-0.000000000000000000e+00,-8.836130358249489891e-01,2.143055372033887629e+00
