3.051313541551233577e+00,-1.021962555957486307e+00,-0.000000000000000000e+00,0.000000000000000000e+00,-0.000000000000000000e+00,-0.000000000000000000e+00,0.000000000000000000e+00,0.000000000000000000e+00,-0.000000000000000000e+00,-5.159693718547012642e-01,0.000000000000000000e+00,-0.000000000000000000e+00,1.047352797674430402e-01,-0.000000000000000000e+00,-0.000000000000000000e+00,-0.000000000000000000e+00,0.000000000000000000e+00,-0.000000000000000000e+00,-0.000000000000000000e+00,0.000000000000000000e+00,0.000000000000000000e+00,-0.000000000000000000e+00,-0.000000000000000000e+00,-0.000000000000000000e+00,-1.482003273274479782e-01,-5.832598156608853959e-03,-0.000000000000000000e+00,0.000000000000000000e+00,-0.000000000000000000e+00,-3.143770888583842238e-01,-0.000000000000000000e+00,-0.000000000000000000e+00,-0.000000000000000000e+00,-1.049921897670333532e-01,0.000000000000000000e+00,0.000000000000000000e+00,0.000000000000000000e+00,-5.615302026421129522e-01,-3.713135865430919891e-01
-1.021962555957486307e+00,2.609608556474921848e+00,0.000000000000000000e+00,-0.000000000000000000e+00,-0.000000000000000000e+00,-0.000000000000000000e+00,0.000000000000000000e+00,-0.000000000000000000e+00,-0.000000000000000000e+00,-2.693929477698854824e-01,-0.000000000000000000e+00,-0.000000000000000000e+00,0.000000000000000000e+00,-0.000000000000000000e+00,-0.000000000000000000e+00,-0.000000000000000000e+00,0.000000000000000000e+00,-0.000000000000000000e+00,-0.000000000000000000e+00,-0.000000000000000000e+00,-0.000000000000000000e+00,-0.000000000000000000e+00,-1.677679020367753848e-01,-0.000000000000000000e+00,-3.891598065992042943e-01,-1.238898861435989152e-01,-0.000000000000000000e+00,-0.000000000000000000e+00,-5.975509320600120439e-02,-2.645611608538045445e-01,-0.000000000000000000e+00,-0.000000000000000000e+00,-0.000000000000000000e+00,-0.000000000000000000e+00,-0.000000000000000000e+00,0.000000000000000000e+00,-0.000000000000000000e+00,-1.501311018050338619e-01,-7.352069176469534784e-02
-0.000000000000000000e+00,0.000000000000000000e+00,2.575864841881772449e+00,0.000000000000000000e+00,-8.406660387386355460e-02,-0.000000000000000000e+00,0.000000000000000000e+00,1.263867740458504585e+00,-6.027658398984406252e-02,-0.000000000000000000e+00,0.000000000000000000e+00,-0.000000000000000000e+00,0.000000000000000000e+00,-3.536221669838973680e-02,-0.000000000000000000e+00,0.000000000000000000e+00,0.000000000000000000e+00,-0.000000000000000000e+00,-0.000000000000000000e+00,3.801204118135027149e-02,-0.000000000000000000e+00,0.000000000000000000e+00,-0.000000000000000000e+00,-0.000000000000000000e+00,-0.000000000000000000e+00,-0.000000000000000000e+00,-3.104941714595974567e-01,-4.074404087437665800e-01,-0.000000000000000000e+00,-0.000000000000000000e+00,-4.193375877477917291e-01,-0.000000000000000000e+00,-0.000000000000000000e+00,-0.000000000000000000e+00,-0.000000000000000000e+00,-7.099828456223579443e-02,-0.000000000000000000e+00,-0.000000000000000000e+00,-0.000000000000000000e+00
0.000000000000000000e+00,-0.000000000000000000e+00,0.000000000000000000e+00,1.304005753845657534e+00,0.000000000000000000e+00,-0.000000000000000000e+00,-5.873246518531809457e-01,-0.000000000000000000e+00,1.153594435161877513e-01,-0.000000000000000000e+00,-0.000000000000000000e+00,0.000000000000000000e+00,-0.000000000000000000e+00,0.000000000000000000e+00,1.589329035584129690e-01,0.000000000000000000e+00,0.000000000000000000e+00,0.000000000000000000e+00,0.000000000000000000e+00,-0.000000000000000000e+00,0.000000000000000000e+00,-0.000000000000000000e+00,-0.000000000000000000e+00,-0.000000000000000000e+00,0.000000000000000000e+00,-0.000000000000000000e+00,-0.000000000000000000e+00,-0.000000000000000000e+00,-0.000000000000000000e+00,-0.000000000000000000e+00,0.000000000000000000e+00,-0.000000000000000000e+00,-0.000000000000000000e+00,2.772478948408488124e-03,-0.000000000000000000e+00,0.000000000000000000e+00,-0.000000000000000000e+00,0.000000000000000000e+00,0.000000000000000000e+00
-0.000000000000000000e+00,-0.000000000000000000e+00,-8.406660387386355460e-02,0.000000000000000000e+00,1.826770715835127401e+00,0.000000000000000000e+00,0.000000000000000000e+00,2.977753471571332744e-01,-1.969375541651305350e-01,-0.000000000000000000e+00,1.280588071224526558e-01,-0.000000000000000000e+00,8.010677277599033419e-02,-0.000000000000000000e+00,-0.000000000000000000e+00,-0.000000000000000000e+00,-0.000000000000000000e+00,-0.000000000000000000e+00,-4.886111059639475229e-02,0.000000000000000000e+00,0.000000000000000000e+00,0.000000000000000000e+00,-0.000000000000000000e+00,-0.000000000000000000e+00,-0.000000000000000000e+00,-0.000000000000000000e+00,-0.000000000000000000e+00,-0.000000000000000000e+00,0.000000000000000000e+00,-0.000000000000000000e+00,-0.000000000000000000e+00,0.000000000000000000e+00,0.000000000000000000e+00,-5.497494497721709950e-01,0.000000000000000000e+00,-2.516822514693132784e-01,0.000000000000000000e+00,-2.034425449858690560e-01,-0.000000000000000000e+00
-0.000000000000000000e+00,-0.000000000000000000e+00,-0.000000000000000000e+00,-0.000000000000000000e+00,0.000000000000000000e+00,2.434983798975602021e+00,-0.000000000000000000e+00,-0.000000000000000000e+00,0.000000000000000000e+00,0.000000000000000000e+00,-6.893117062929725314e-02,0.000000000000000000e+00,-1.494185478229253898e-02,-0.000000000000000000e+00,0.000000000000000000e+00,2.057059933745995495e-01,0.000000000000000000e+00,0.000000000000000000e+00,0.000000000000000000e+00,0.000000000000000000e+00,-5.751838365651193441e-02,-0.000000000000000000e+00,-4.244781337856985415e-01,-4.324432169650727076e-01,-0.000000000000000000e+00,-0.000000000000000000e+00,-6.245174991948174159e-02,-0.000000000000000000e+00,-1.213493342427319766e-01,-0.000000000000000000e+00,-0.000000000000000000e+00,-5.699478793108785357e-01,-0.000000000000000000e+00,1.472342159862238820e-01,-1.930234752506302387e-01,2.614848930028894625e-01,-4.192067078345098619e-01,0.000000000000000000e+00,0.000000000000000000e+00
0.000000000000000000e+00,0.000000000000000000e+00,0.000000000000000000e+00,-5.873246518531809457e-01,0.000000000000000000e+00,-0.000000000000000000e+00,1.609575123321024481e+00,-0.000000000000000000e+00,0.000000000000000000e+00,0.000000000000000000e+00,-0.000000000000000000e+00,-0.000000000000000000e+00,-3.125445734650736940e-01,0.000000000000000000e+00,-0.000000000000000000e+00,-0.000000000000000000e+00,0.000000000000000000e+00,0.000000000000000000e+00,-0.000000000000000000e+00,-1.528168001998033154e-01,0.000000000000000000e+00,-2.078313643151328549e-01,0.000000000000000000e+00,0.000000000000000000e+00,0.000000000000000000e+00,3.221887855120718347e-02,0.000000000000000000e+00,-4.404116647911615057e-01,0.000000000000000000e+00,0.000000000000000000e+00,0.000000000000000000e+00,-0.000000000000000000e+00,-0.000000000000000000e+00,0.000000000000000000e+00,-0.000000000000000000e+00,0.000000000000000000e+00,-0.000000000000000000e+00,0.000000000000000000e+00,1.454690414321906794e-02
0.000000000000000000e+00,-0.000000000000000000e+00,1.263867740458504585e+00,-0.000000000000000000e+00,2.977753471571332744e-01,-0.000000000000000000e+00,-0.000000000000000000e+00,2.373683686530537518e+00,1.629093476022178688e-01,0.000000000000000000e+00,-4.787700864737857304e-02,0.000000000000000000e+00,-0.000000000000000000e+00,0.000000000000000000e+00,0.000000000000000000e+00,-0.000000000000000000e+00,-0.000000000000000000e+00,2.160080294288044822e-01,9.869408787035471864e-02,-1.475721667547864879e-01,0.000000000000000000e+00,-0.000000000000000000e+00,-0.000000000000000000e+00,0.000000000000000000e+00,-0.000000000000000000e+00,0.000000000000000000e+00,0.000000000000000000e+00,2.726541843590939585e-03,0.000000000000000000e+00,0.000000000000000000e+00,7.367814996060449706e-02,0.000000000000000000e+00,0.000000000000000000e+00,5.295998711299140099e-02,-0.000000000000000000e+00,6.467746006846541995e-02,0.000000000000000000e+00,0.000000000000000000e+00,0.000000000000000000e+00
-0.000000000000000000e+00,-0.000000000000000000e+00,-6.027658398984406252e-02,1.153594435161877513e-01,-1.969375541651305350e-01,0.000000000000000000e+00,0.000000000000000000e+00,1.629093476022178688e-01,2.530328528474761640e+00,-2.193403357260507169e-01,0.000000000000000000e+00,-0.000000000000000000e+00,0.000000000000000000e+00,-3.230322565855748285e-01,-1.887430090980899561e-02,-0.000000000000000000e+00,-0.000000000000000000e+00,-2.164371241605283491e-01,-0.000000000000000000e+00,0.000000000000000000e+00,-0.000000000000000000e+00,-0.000000000000000000e+00,-0.000000000000000000e+00,-0.000000000000000000e+00,-0.000000000000000000e+00,-0.000000000000000000e+00,-6.466951691674503733e-02,-0.000000000000000000e+00,-0.000000000000000000e+00,-1.033911197669955817e-01,-0.000000000000000000e+00,-0.000000000000000000e+00,-0.000000000000000000e+00,-1.636585121943540944e-01,0.000000000000000000e+00,-1.145625878696727579e-01,-0.000000000000000000e+00,-4.749896291193989595e-01,-6.063879095795987606e-01
-5.159693718547012642e-01,-2.693929477698854824e-01,-0.000000000000000000e+00,-0.000000000000000000e+00,-0.000000000000000000e+00,0.000000000000000000e+00,0.000000000000000000e+00,0.000000000000000000e+00,-2.193403357260507169e-01,2.714490044028583959e+00,0.000000000000000000e+00,-0.000000000000000000e+00,0.000000000000000000e+00,-8.225640458003903588e-02,-0.000000000000000000e+00,-7.657894022231550579e-01,-0.000000000000000000e+00,-0.000000000000000000e+00,-0.000000000000000000e+00,-0.000000000000000000e+00,0.000000000000000000e+00,-0.000000000000000000e+00,-0.000000000000000000e+00,-0.000000000000000000e+00,-3.413424492158118051e-01,-0.000000000000000000e+00,-0.000000000000000000e+00,-0.000000000000000000e+00,-0.000000000000000000e+00,-2.145946365643968123e-01,-0.000000000000000000e+00,0.000000000000000000e+00,-0.000000000000000000e+00,-8.637765157712304354e-02,0.000000000000000000e+00,-0.000000000000000000e+00,0.000000000000000000e+00,-8.910015750995331496e-02,-3.003519549331798433e-01
0.000000000000000000e+00,-0.000000000000000000e+00,0.000000000000000000e+00,-0.000000000000000000e+00,1.280588071224526558e-01,-6.893117062929725314e-02,-0.000000000000000000e+00,-4.787700864737857304e-02,0.000000000000000000e+00,0.000000000000000000e+00,1.204393043987575851e+00,-0.000000000000000000e+00,-4.232930028652521354e-02,1.002418109768375837e-01,-0.000000000000000000e+00,0.000000000000000000e+00,-2.713893483232023840e-01,-0.000000000000000000e+00,-0.000000000000000000e+00,-0.000000000000000000e+00,-0.000000000000000000e+00,-1.698890404965607281e-01,-0.000000000000000000e+00,-0.000000000000000000e+00,0.000000000000000000e+00,0.000000000000000000e+00,0.000000000000000000e+00,0.000000000000000000e+00,-0.000000000000000000e+00,0.000000000000000000e+00,1.545234765817363465e-01,-0.000000000000000000e+00,0.000000000000000000e+00,0.000000000000000000e+00,0.000000000000000000e+00,0.000000000000000000e+00,-0.000000000000000000e+00,0.000000000000000000e+00,0.000000000000000000e+00
-0.000000000000000000e+00,-0.000000000000000000e+00,-0.000000000000000000e+00,0.000000000000000000e+00,-0.000000000000000000e+00,0.000000000000000000e+00,-0.000000000000000000e+00,0.000000000000000000e+00,-0.000000000000000000e+00,-0.000000000000000000e+00,-0.000000000000000000e+00,2.061033553916959082e+00,-6.435229830364989217e-03,-0.000000000000000000e+00,-9.300143176385067267e-01,-1.557920129725291480e-01,-8.920085533552461754e-02,-2.583987345416174364e-01,-3.086614007191881281e-01,0.000000000000000000e+00,0.000000000000000000e+00,-0.000000000000000000e+00,0.000000000000000000e+00,0.000000000000000000e+00,-0.000000000000000000e+00,0.000000000000000000e+00,0.000000000000000000e+00,-1.611218685228585912e-01,0.000000000000000000e+00,-0.000000000000000000e+00,0.000000000000000000e+00,-0.000000000000000000e+00,-0.000000000000000000e+00,-3.280535037481427385e-02,0.000000000000000000e+00,-0.000000000000000000e+00,-0.000000000000000000e+00,-0.000000000000000000e+00,-7.148252388365913812e-02
1.047352797674430402e-01,0.000000000000000000e+00,0.000000000000000000e+00,-0.000000000000000000e+00,8.010677277599033419e-02,-1.494185478229253898e-02,-3.125445734650736940e-01,-0.000000000000000000e+00,0.000000000000000000e+00,0.000000000000000000e+00,-4.232930028652521354e-02,-6.435229830364989217e-03,1.274387063257386599e+00,0.000000000000000000e+00,-0.000000000000000000e+00,0.000000000000000000e+00,0.000000000000000000e+00,-0.000000000000000000e+00,-0.000000000000000000e+00,-0.000000000000000000e+00,-0.000000000000000000e+00,-7.955511166332493445e-02,-0.000000000000000000e+00,-0.000000000000000000e+00,0.000000000000000000e+00,0.000000000000000000e+00,0.000000000000000000e+00,-2.409362992586308941e-02,-0.000000000000000000e+00,0.000000000000000000e+00,2.183869100503796346e-01,-2.510509043528016959e-01,-0.000000000000000000e+00,3.857982265175431691e-02,-0.000000000000000000e+00,4.696908252930089706e-02,-1.117138171674907227e-01,0.000000000000000000e+00,0.000000000000000000e+00
-0.000000000000000000e+00,-0.000000000000000000e+00,-3.536221669838973680e-02,0.000000000000000000e+00,-0.000000000000000000e+00,-0.000000000000000000e+00,0.000000000000000000e+00,0.000000000000000000e+00,-3.230322565855748285e-01,-8.225640458003903588e-02,1.002418109768375837e-01,-0.000000000000000000e+00,0.000000000000000000e+00,2.020268745397523880e+00,-0.000000000000000000e+00,-0.000000000000000000e+00,0.000000000000000000e+00,-0.000000000000000000e+00,-0.000000000000000000e+00,0.000000000000000000e+00,-0.000000000000000000e+00,-0.000000000000000000e+00,-6.929632813152143407e-05,-1.874184665606239419e-01,-2.474050656830843187e-01,-0.000000000000000000e+00,-0.000000000000000000e+00,-1.852791834975828500e-01,-0.000000000000000000e+00,-6.843613677958260144e-02,-3.734032587845173001e-01,-0.000000000000000000e+00,-5.033937869494297529e-02,-0.000000000000000000e+00,-2.625718845541961666e-01,-0.000000000000000000e+00,-2.048962149599895255e-01,-0.000000000000000000e+00,-0.000000000000000000e+00
-0.000000000000000000e+00,-0.000000000000000000e+00,-0.000000000000000000e+00,1.589329035584129690e-01,-0.000000000000000000e+00,0.000000000000000000e+00,-0.000000000000000000e+00,0.000000000000000000e+00,-1.887430090980899561e-02,-0.000000000000000000e+00,-0.000000000000000000e+00,-9.300143176385067267e-01,-0.000000000000000000e+00,-0.000000000000000000e+00,2.038965453113993131e+00,-7.976417675813407548e-02,-0.000000000000000000e+00,-3.966530533651571044e-01,-6.999515917742626936e-02,0.000000000000000000e+00,-0.000000000000000000e+00,-0.000000000000000000e+00,0.000000000000000000e+00,0.000000000000000000e+00,-0.000000000000000000e+00,-0.000000000000000000e+00,0.000000000000000000e+00,-1.635104166668901182e-01,-0.000000000000000000e+00,-1.058389271216341881e-01,0.000000000000000000e+00,-0.000000000000000000e+00,-0.000000000000000000e+00,-4.780321963126935719e-02,0.000000000000000000e+00,-0.000000000000000000e+00,-0.000000000000000000e+00,-0.000000000000000000e+00,-0.000000000000000000e+00
-0.000000000000000000e+00,-0.000000000000000000e+00,0.000000000000000000e+00,0.000000000000000000e+00,-0.000000000000000000e+00,2.057059933745995495e-01,-0.000000000000000000e+00,-0.000000000000000000e+00,-0.000000000000000000e+00,-7.657894022231550579e-01,0.000000000000000000e+00,-1.557920129725291480e-01,0.000000000000000000e+00,-0.000000000000000000e+00,-7.976417675813407548e-02,1.697770948578865013e+00,-7.016644563780833482e-03,-0.000000000000000000e+00,-0.000000000000000000e+00,-1.163361029081294296e-01,0.000000000000000000e+00,-0.000000000000000000e+00,0.000000000000000000e+00,0.000000000000000000e+00,-3.493945618405022019e-02,0.000000000000000000e+00,0.000000000000000000e+00,-0.000000000000000000e+00,0.000000000000000000e+00,-0.000000000000000000e+00,0.000000000000000000e+00,0.000000000000000000e+00,0.000000000000000000e+00,-2.351070559876577148e-01,0.000000000000000000e+00,-1.759494499000992529e-01,0.000000000000000000e+00,-0.000000000000000000e+00,-0.000000000000000000e+00
0.000000000000000000e+00,0.000000000000000000e+00,0.000000000000000000e+00,0.000000000000000000e+00,-0.000000000000000000e+00,0.000000000000000000e+00,0.000000000000000000e+00,-0.000000000000000000e+00,-0.000000000000000000e+00,-0.000000000000000000e+00,-2.713893483232023840e-01,-8.920085533552461754e-02,0.000000000000000000e+00,0.000000000000000000e+00,-0.000000000000000000e+00,-7.016644563780833482e-03,1.550619916918691610e+00,0.000000000000000000e+00,0.000000000000000000e+00,-0.000000000000000000e+00,0.000000000000000000e+00,-0.000000000000000000e+00,0.000000000000000000e+00,0.000000000000000000e+00,-0.000000000000000000e+00,2.813242066558269833e-02,0.000000000000000000e+00,0.000000000000000000e+00,3.456691760999421326e-01,0.000000000000000000e+00,0.000000000000000000e+00,0.000000000000000000e+00,1.925215851377385934e-01,-0.000000000000000000e+00,4.075878015854460523e-01,-5.646805491194926974e-02,0.000000000000000000e+00,0.000000000000000000e+00,-0.000000000000000000e+00
-0.000000000000000000e+00,-0.000000000000000000e+00,-0.000000000000000000e+00,0.000000000000000000e+00,-0.000000000000000000e+00,0.000000000000000000e+00,0.000000000000000000e+00,2.160080294288044822e-01,-2.164371241605283491e-01,-0.000000000000000000e+00,-0.000000000000000000e+00,-2.583987345416174364e-01,-0.000000000000000000e+00,-0.000000000000000000e+00,-3.966530533651571044e-01,-0.000000000000000000e+00,0.000000000000000000e+00,2.549509427653063653e+00,-9.963618946733546755e-01,0.000000000000000000e+00,-0.000000000000000000e+00,-0.000000000000000000e+00,-0.000000000000000000e+00,0.000000000000000000e+00,-0.000000000000000000e+00,-0.000000000000000000e+00,-0.000000000000000000e+00,-0.000000000000000000e+00,-0.000000000000000000e+00,-8.569129188603810676e-02,0.000000000000000000e+00,-0.000000000000000000e+00,-0.000000000000000000e+00,-3.972634224072196241e-01,0.000000000000000000e+00,-0.000000000000000000e+00,-0.000000000000000000e+00,-0.000000000000000000e+00,-0.000000000000000000e+00
-0.000000000000000000e+00,-0.000000000000000000e+00,-0.000000000000000000e+00,0.000000000000000000e+00,-4.886111059639475229e-02,0.000000000000000000e+00,-0.000000000000000000e+00,9.869408787035471864e-02,-0.000000000000000000e+00,-0.000000000000000000e+00,-0.000000000000000000e+00,-3.086614007191881281e-01,-0.000000000000000000e+00,-0.000000000000000000e+00,-6.999515917742626936e-02,-0.000000000000000000e+00,0.000000000000000000e+00,-9.963618946733546755e-01,2.403182736509978934e+00,0.000000000000000000e+00,0.000000000000000000e+00,-0.000000000000000000e+00,0.000000000000000000e+00,0.000000000000000000e+00,0.000000000000000000e+00,0.000000000000000000e+00,0.000000000000000000e+00,-4.691149118187988576e-02,0.000000000000000000e+00,-0.000000000000000000e+00,0.000000000000000000e+00,-0.000000000000000000e+00,-0.000000000000000000e+00,-6.694681092863503657e-01,0.000000000000000000e+00,-0.000000000000000000e+00,-0.000000000000000000e+00,-0.000000000000000000e+00,-0.000000000000000000e+00
0.000000000000000000e+00,-0.000000000000000000e+00,3.801204118135027149e-02,-0.000000000000000000e+00,0.000000000000000000e+00,0.000000000000000000e+00,-1.528168001998033154e-01,-1.475721667547864879e-01,0.000000000000000000e+00,-0.000000000000000000e+00,-0.000000000000000000e+00,0.000000000000000000e+00,-0.000000000000000000e+00,0.000000000000000000e+00,0.000000000000000000e+00,-1.163361029081294296e-01,-0.000000000000000000e+00,0.000000000000000000e+00,0.000000000000000000e+00,1.273021616602517669e+00,0.000000000000000000e+00,-4.628422083986374891e-01,0.000000000000000000e+00,0.000000000000000000e+00,0.000000000000000000e+00,9.358879071748466005e-02,6.789895540310700306e-02,0.000000000000000000e+00,0.000000000000000000e+00,2.311820093668588358e-02,0.000000000000000000e+00,0.000000000000000000e+00,0.000000000000000000e+00,0.000000000000000000e+00,0.000000000000000000e+00,-0.000000000000000000e+00,0.000000000000000000e+00,0.000000000000000000e+00,0.000000000000000000e+00
0.000000000000000000e+00,-0.000000000000000000e+00,-0.000000000000000000e+00,0.000000000000000000e+00,0.000000000000000000e+00,-5.751838365651193441e-02,0.000000000000000000e+00,0.000000000000000000e+00,-0.000000000000000000e+00,0.000000000000000000e+00,-0.000000000000000000e+00,0.000000000000000000e+00,-0.000000000000000000e+00,-0.000000000000000000e+00,-0.000000000000000000e+00,0.000000000000000000e+00,0.000000000000000000e+00,-0.000000000000000000e+00,0.000000000000000000e+00,0.000000000000000000e+00,1.322962636421655125e+00,-1.864709468010203319e-01,-0.000000000000000000e+00,-0.000000000000000000e+00,-0.000000000000000000e+00,-0.000000000000000000e+00,-7.872470206141393700e-02,-0.000000000000000000e+00,-1.451258296112211688e-01,-0.000000000000000000e+00,-0.000000000000000000e+00,-1.414816859429322282e-01,-2.642417416298817878e-01,0.000000000000000000e+00,-0.000000000000000000e+00,0.000000000000000000e+00,-2.763553381207870321e-02,0.000000000000000000e+00,0.000000000000000000e+00
-0.000000000000000000e+00,-0.000000000000000000e+00,0.000000000000000000e+00,-0.000000000000000000e+00,0.000000000000000000e+00,-0.000000000000000000e+00,-2.078313643151328549e-01,-0.000000000000000000e+00,-0.000000000000000000e+00,-0.000000000000000000e+00,-1.698890404965607281e-01,-0.000000000000000000e+00,-7.955511166332493445e-02,-0.000000000000000000e+00,-0.000000000000000000e+00,-0.000000000000000000e+00,-0.000000000000000000e+00,-0.000000000000000000e+00,-0.000000000000000000e+00,-4.628422083986374891e-01,-1.864709468010203319e-01,1.371678659595998218e+00,-0.000000000000000000e+00,-0.000000000000000000e+00,-0.000000000000000000e+00,0.000000000000000000e+00,-0.000000000000000000e+00,-3.696938497522068295e-02,-0.000000000000000000e+00,-0.000000000000000000e+00,0.000000000000000000e+00,-1.689337970583547899e-01,-0.000000000000000000e+00,0.000000000000000000e+00,-0.000000000000000000e+00,0.000000000000000000e+00,-0.000000000000000000e+00,-0.000000000000000000e+00,-0.000000000000000000e+00
-0.000000000000000000e+00,-1.677679020367753848e-01,-0.000000000000000000e+00,-0.000000000000000000e+00,-0.000000000000000000e+00,-4.244781337856985415e-01,0.000000000000000000e+00,-0.000000000000000000e+00,-0.000000000000000000e+00,-0.000000000000000000e+00,-0.000000000000000000e+00,0.000000000000000000e+00,-0.000000000000000000e+00,-6.929632813152143407e-05,0.000000000000000000e+00,0.000000000000000000e+00,0.000000000000000000e+00,-0.000000000000000000e+00,0.000000000000000000e+00,0.000000000000000000e+00,-0.000000000000000000e+00,-0.000000000000000000e+00,3.007176330454528035e+00,-7.159284252041459018e-01,-2.654408212393345456e-01,-4.407103869256744910e-01,-1.687128242469161932e-01,-0.000000000000000000e+00,-6.516677595957581781e-01,-3.720487569545466444e-02,-8.657630582483834963e-03,-8.448253022145421620e-02,-0.000000000000000000e+00,0.000000000000000000e+00,-1.659567618148267143e-01,0.000000000000000000e+00,-3.250716039820766151e-02,-0.000000000000000000e+00,-0.000000000000000000e+00
-0.000000000000000000e+00,-0.000000000000000000e+00,-0.000000000000000000e+00,-0.000000000000000000e+00,-0.000000000000000000e+00,-4.324432169650727076e-01,0.000000000000000000e+00,0.000000000000000000e+00,-0.000000000000000000e+00,-0.000000000000000000e+00,-0.000000000000000000e+00,0.000000000000000000e+00,-0.000000000000000000e+00,-1.874184665606239419e-01,0.000000000000000000e+00,0.000000000000000000e+00,0.000000000000000000e+00,0.000000000000000000e+00,0.000000000000000000e+00,0.000000000000000000e+00,-0.000000000000000000e+00,-0.000000000000000000e+00,-7.159284252041459018e-01,2.374080220284852771e+00,-0.000000000000000000e+00,-1.663935673454297604e-01,-3.549372763118561758e-01,-0.000000000000000000e+00,-2.346916476423267228e-01,-0.000000000000000000e+00,-9.312202934388580378e-02,-5.743680379673012787e-02,-0.000000000000000000e+00,0.000000000000000000e+00,-0.000000000000000000e+00,-0.000000000000000000e+00,-0.000000000000000000e+00,-0.000000000000000000e+00,-0.000000000000000000e+00
-1.482003273274479782e-01,-3.891598065992042943e-01,-0.000000000000000000e+00,0.000000000000000000e+00,-0.000000000000000000e+00,-0.000000000000000000e+00,0.000000000000000000e+00,-0.000000000000000000e+00,-0.000000000000000000e+00,-3.413424492158118051e-01,0.000000000000000000e+00,-0.000000000000000000e+00,0.000000000000000000e+00,-2.474050656830843187e-01,-0.000000000000000000e+00,-3.493945618405022019e-02,-0.000000000000000000e+00,-0.000000000000000000e+00,0.000000000000000000e+00,0.000000000000000000e+00,-0.000000000000000000e+00,-0.000000000000000000e+00,-2.654408212393345456e-01,-0.000000000000000000e+00,2.091239721066298074e+00,-0.000000000000000000e+00,-0.000000000000000000e+00,0.000000000000000000e+00,-0.000000000000000000e+00,-1.954924623923248728e-01,-0.000000000000000000e+00,-0.000000000000000000e+00,-0.000000000000000000e+00,-0.000000000000000000e+00,-0.000000000000000000e+00,-0.000000000000000000e+00,-0.000000000000000000e+00,-2.648040688170424928e-01,-7.595007499942600659e-02
-5.832598156608853959e-03,-1.238898861435989152e-01,-0.000000000000000000e+00,-0.000000000000000000e+00,-0.000000000000000000e+00,-0.000000000000000000e+00,3.221887855120718347e-02,0.000000000000000000e+00,-0.000000000000000000e+00,-0.000000000000000000e+00,0.000000000000000000e+00,0.000000000000000000e+00,0.000000000000000000e+00,-0.000000000000000000e+00,-0.000000000000000000e+00,0.000000000000000000e+00,2.813242066558269833e-02,-0.000000000000000000e+00,0.000000000000000000e+00,9.358879071748466005e-02,-0.000000000000000000e+00,0.000000000000000000e+00,-4.407103869256744910e-01,-1.663935673454297604e-01,-0.000000000000000000e+00,2.750204612543142524e+00,-5.775307538962717313e-01,-0.000000000000000000e+00,-5.256372557870868656e-01,-3.246240297811159303e-01,-4.624259778269952936e-01,-0.000000000000000000e+00,-0.000000000000000000e+00,0.000000000000000000e+00,-0.000000000000000000e+00,0.000000000000000000e+00,-0.000000000000000000e+00,-1.884029835468782887e-01,-0.000000000000000000e+00
-0.000000000000000000e+00,-0.000000000000000000e+00,-3.104941714595974567e-01,-0.000000000000000000e+00,-0.000000000000000000e+00,-6.245174991948174159e-02,0.000000000000000000e+00,0.000000000000000000e+00,-6.466951691674503733e-02,-0.000000000000000000e+00,0.000000000000000000e+00,0.000000000000000000e+00,0.000000000000000000e+00,-0.000000000000000000e+00,0.000000000000000000e+00,0.000000000000000000e+00,0.000000000000000000e+00,-0.000000000000000000e+00,0.000000000000000000e+00,6.789895540310700306e-02,-7.872470206141393700e-02,-0.000000000000000000e+00,-1.687128242469161932e-01,-3.549372763118561758e-01,-0.000000000000000000e+00,-5.775307538962717313e-01,2.382659930874357457e+00,-0.000000000000000000e+00,-1.137787263057650489e-01,-1.829658448429882234e-01,-2.574166022255989228e-01,-0.000000000000000000e+00,-2.547114476434921282e-01,0.000000000000000000e+00,-0.000000000000000000e+00,0.000000000000000000e+00,-0.000000000000000000e+00,-0.000000000000000000e+00,-0.000000000000000000e+00
0.000000000000000000e+00,-0.000000000000000000e+00,-4.074404087437665800e-01,-0.000000000000000000e+00,-0.000000000000000000e+00,-0.000000000000000000e+00,-4.404116647911615057e-01,2.726541843590939585e-03,-0.000000000000000000e+00,-0.000000000000000000e+00,0.000000000000000000e+00,-1.611218685228585912e-01,-2.409362992586308941e-02,-1.852791834975828500e-01,-1.635104166668901182e-01,-0.000000000000000000e+00,0.000000000000000000e+00,-0.000000000000000000e+00,-4.691149118187988576e-02,0.000000000000000000e+00,-0.000000000000000000e+00,-3.696938497522068295e-02,-0.000000000000000000e+00,-0.000000000000000000e+00,0.000000000000000000e+00,-0.000000000000000000e+00,-0.000000000000000000e+00,1.944652690634137482e+00,-0.000000000000000000e+00,-0.000000000000000000e+00,-0.000000000000000000e+00,-8.813087458580176614e-02,-4.695059125008353429e-01,-0.000000000000000000e+00,-0.000000000000000000e+00,-0.000000000000000000e+00,-1.948492688611095092e-01,-0.000000000000000000e+00,-0.000000000000000000e+00
-0.000000000000000000e+00,-5.975509320600120439e-02,-0.000000000000000000e+00,-0.000000000000000000e+00,0.000000000000000000e+00,-1.213493342427319766e-01,0.000000000000000000e+00,0.000000000000000000e+00,-0.000000000000000000e+00,-0.000000000000000000e+00,-0.000000000000000000e+00,0.000000000000000000e+00,-0.000000000000000000e+00,-0.000000000000000000e+00,-0.000000000000000000e+00,0.000000000000000000e+00,3.456691760999421326e-01,-0.000000000000000000e+00,0.000000000000000000e+00,0.000000000000000000e+00,-1.451258296112211688e-01,-0.000000000000000000e+00,-6.516677595957581781e-01,-2.346916476423267228e-01,-0.000000000000000000e+00,-5.256372557870868656e-01,-1.137787263057650489e-01,-0.000000000000000000e+00,3.155769031938079117e+00,-1.201968681006526513e-01,-0.000000000000000000e+00,-5.891307453704198727e-01,-1.891587525884559640e-01,0.000000000000000000e+00,-3.218311407973491467e-01,0.000000000000000000e+00,-4.798510615155546916e-02,-0.000000000000000000e+00,-0.000000000000000000e+00
-3.143770888583842238e-01,-2.645611608538045445e-01,-0.000000000000000000e+00,-0.000000000000000000e+00,-0.000000000000000000e+00,-0.000000000000000000e+00,0.000000000000000000e+00,0.000000000000000000e+00,-1.033911197669955817e-01,-2.145946365643968123e-01,0.000000000000000000e+00,-0.000000000000000000e+00,0.000000000000000000e+00,-6.843613677958260144e-02,-1.058389271216341881e-01,-0.000000000000000000e+00,0.000000000000000000e+00,-8.569129188603810676e-02,-0.000000000000000000e+00,2.311820093668588358e-02,-0.000000000000000000e+00,-0.000000000000000000e+00,-3.720487569545466444e-02,-0.000000000000000000e+00,-1.954924623923248728e-01,-3.246240297811159303e-01,-1.829658448429882234e-01,-0.000000000000000000e+00,-1.201968681006526513e-01,2.192485749161938280e+00,-0.000000000000000000e+00,-0.000000000000000000e+00,-2.287801990129503804e-02,-0.000000000000000000e+00,-0.000000000000000000e+00,0.000000000000000000e+00,-0.000000000000000000e+00,-4.613680752903887711e-02,-1.128089642500453432e-01
-0.000000000000000000e+00,-0.000000000000000000e+00,-4.193375877477917291e-01,0.000000000000000000e+00,-0.000000000000000000e+00,-0.000000000000000000e+00,0.000000000000000000e+00,7.367814996060449706e-02,-0.000000000000000000e+00,-0.000000000000000000e+00,1.545234765817363465e-01,0.000000000000000000e+00,2.183869100503796346e-01,-3.734032587845173001e-01,0.000000000000000000e+00,0.000000000000000000e+00,0.000000000000000000e+00,0.000000000000000000e+00,0.000000000000000000e+00,0.000000000000000000e+00,-0.000000000000000000e+00,0.000000000000000000e+00,-8.657630582483834963e-03,-9.312202934388580378e-02,-0.000000000000000000e+00,-4.624259778269952936e-01,-2.574166022255989228e-01,-0.000000000000000000e+00,-0.000000000000000000e+00,-0.000000000000000000e+00,1.979437660607496152e+00,-0.000000000000000000e+00,-0.000000000000000000e+00,0.000000000000000000e+00,-0.000000000000000000e+00,-0.000000000000000000e+00,-0.000000000000000000e+00,-0.000000000000000000e+00,-0.000000000000000000e+00
-0.000000000000000000e+00,-0.000000000000000000e+00,-0.000000000000000000e+00,-0.000000000000000000e+00,0.000000000000000000e+00,-5.699478793108785357e-01,-0.000000000000000000e+00,0.000000000000000000e+00,-0.000000000000000000e+00,0.000000000000000000e+00,-0.000000000000000000e+00,-0.000000000000000000e+00,-2.510509043528016959e-01,-0.000000000000000000e+00,-0.000000000000000000e+00,0.000000000000000000e+00,0.000000000000000000e+00,-0.000000000000000000e+00,-0.000000000000000000e+00,0.000000000000000000e+00,-1.414816859429322282e-01,-1.689337970583547899e-01,-8.448253022145421620e-02,-5.743680379673012787e-02,-0.000000000000000000e+00,-0.000000000000000000e+00,-0.000000000000000000e+00,-8.813087458580176614e-02,-5.891307453704198727e-01,-0.000000000000000000e+00,-0.000000000000000000e+00,2.876720039627975289e+00,-2.917922208992496658e-01,0.000000000000000000e+00,-1.159893080531620296e-01,0.000000000000000000e+00,-8.102592163923199031e-01,-0.000000000000000000e+00,0.000000000000000000e+00
-0.000000000000000000e+00,-0.000000000000000000e+00,-0.000000000000000000e+00,-0.000000000000000000e+00,0.000000000000000000e+00,-0.000000000000000000e+00,-0.000000000000000000e+00,0.000000000000000000e+00,-0.000000000000000000e+00,-0.000000000000000000e+00,0.000000000000000000e+00,-0.000000000000000000e+00,-0.000000000000000000e+00,-5.033937869494297529e-02,-0.000000000000000000e+00,0.000000000000000000e+00,1.925215851377385934e-01,-0.000000000000000000e+00,-0.000000000000000000e+00,0.000000000000000000e+00,-2.642417416298817878e-01,-0.000000000000000000e+00,-0.000000000000000000e+00,-0.000000000000000000e+00,-0.000000000000000000e+00,-0.000000000000000000e+00,-2.547114476434921282e-01,-4.695059125008353429e-01,-1.891587525884559640e-01,-2.287801990129503804e-02,-0.000000000000000000e+00,-2.917922208992496658e-01,2.331341422323793822e+00,0.000000000000000000e+00,-3.115664636901425144e-01,0.000000000000000000e+00,-3.632691419656101095e-01,-0.000000000000000000e+00,0.000000000000000000e+00
-1.049921897670333532e-01,-0.000000000000000000e+00,-0.000000000000000000e+00,2.772478948408488124e-03,-5.497494497721709950e-01,1.472342159862238820e-01,0.000000000000000000e+00,5.295998711299140099e-02,-1.636585121943540944e-01,-8.637765157712304354e-02,0.000000000000000000e+00,-3.280535037481427385e-02,3.857982265175431691e-02,-0.000000000000000000e+00,-4.780321963126935719e-02,-2.351070559876577148e-01,-0.000000000000000000e+00,-3.972634224072196241e-01,-6.694681092863503657e-01,0.000000000000000000e+00,0.000000000000000000e+00,0.000000000000000000e+00,0.000000000000000000e+00,0.000000000000000000e+00,-0.000000000000000000e+00,0.000000000000000000e+00,0.000000000000000000e+00,-0.000000000000000000e+00,0.000000000000000000e+00,-0.000000000000000000e+00,0.000000000000000000e+00,0.000000000000000000e+00,0.000000000000000000e+00,2.346506080001047767e+00,9.867654436890874181e-02,-0.000000000000000000e+00,0.000000000000000000e+00,-0.000000000000000000e+00,-9.034665152062948401e-02
0.000000000000000000e+00,-0.000000000000000000e+00,-0.000000000000000000e+00,-0.000000000000000000e+00,0.000000000000000000e+00,-1.930234752506302387e-01,-0.000000000000000000e+00,-0.000000000000000000e+00,0.000000000000000000e+00,0.000000000000000000e+00,0.000000000000000000e+00,0.000000000000000000e+00,-0.000000000000000000e+00,-2.625718845541961666e-01,0.000000000000000000e+00,0.000000000000000000e+00,4.075878015854460523e-01,0.000000000000000000e+00,0.000000000000000000e+00,0.000000000000000000e+00,-0.000000000000000000e+00,-0.000000000000000000e+00,-1.659567618148267143e-01,-0.000000000000000000e+00,-0.000000000000000000e+00,-0.000000000000000000e+00,-0.000000000000000000e+00,-0.000000000000000000e+00,-3.218311407973491467e-01,-0.000000000000000000e+00,-0.000000000000000000e+00,-1.159893080531620296e-01,-3.115664636901425144e-01,9.867654436890874181e-02,2.588691079792790006e+00,0.000000000000000000e+00,-8.278403999174606120e-01,0.000000000000000000e+00,0.000000000000000000e+00
0.000000000000000000e+00,0.000000000000000000e+00,-7.099828456223579443e-02,0.000000000000000000e+00,-2.516822514693132784e-01,2.614848930028894625e-01,0.000000000000000000e+00,6.467746006846541995e-02,-1.145625878696727579e-01,-0.000000000000000000e+00,0.000000000000000000e+00,-0.000000000000000000e+00,4.696908252930089706e-02,-0.000000000000000000e+00,-0.000000000000000000e+00,-1.759494499000992529e-01,-5.646805491194926974e-02,-0.000000000000000000e+00,-0.000000000000000000e+00,-0.000000000000000000e+00,0.000000000000000000e+00,0.000000000000000000e+00,0.000000000000000000e+00,-0.000000000000000000e+00,-0.000000000000000000e+00,0.000000000000000000e+00,0.000000000000000000e+00,-0.000000000000000000e+00,0.000000000000000000e+00,0.000000000000000000e+00,-0.000000000000000000e+00,0.000000000000000000e+00,0.000000000000000000e+00,-0.000000000000000000e+00,0.000000000000000000e+00,1.246747981885786505e+00,0.000000000000000000e+00,-0.000000000000000000e+00,-0.000000000000000000e+00
0.000000000000000000e+00,-0.000000000000000000e+00,-0.000000000000000000e+00,-0.000000000000000000e+00,0.000000000000000000e+00,-4.192067078345098619e-01,-0.000000000000000000e+00,0.000000000000000000e+00,-0.000000000000000000e+00,0.000000000000000000e+00,-0.000000000000000000e+00,-0.000000000000000000e+00,-1.117138171674907227e-01,-2.048962149599895255e-01,-0.000000000000000000e+00,0.000000000000000000e+00,0.000000000000000000e+00,-0.000000000000000000e+00,-0.000000000000000000e+00,0.000000000000000000e+00,-2.763553381207870321e-02,-0.000000000000000000e+00,-3.250716039820766151e-02,-0.000000000000000000e+00,-0.000000000000000000e+00,-0.000000000000000000e+00,-0.000000000000000000e+00,-1.948492688611095092e-01,-4.798510615155546916e-02,-0.000000000000000000e+00,-0.000000000000000000e+00,-8.102592163923199031e-01,-3.632691419656101095e-01,0.000000000000000000e+00,-8.278403999174606120e-01,0.000000000000000000e+00,2.931929107508440158e+00,0.000000000000000000e+00,0.000000000000000000e+00
-5.615302026421129522e-01,-1.501311018050338619e-01,-0.000000000000000000e+00,0.000000000000000000e+00,-2.034425449858690560e-01,0.000000000000000000e+00,0.000000000000000000e+00,0.000000000000000000e+00,-4.749896291193989595e-01,-8.910015750995331496e-02,0.000000000000000000e+00,-0.000000000000000000e+00,0.000000000000000000e+00,-0.000000000000000000e+00,-0.000000000000000000e+00,-0.000000000000000000e+00,0.000000000000000000e+00,-0.000000000000000000e+00,-0.000000000000000000e+00,0.000000000000000000e+00,0.000000000000000000e+00,-0.000000000000000000e+00,-0.000000000000000000e+00,-0.000000000000000000e+00,-2.648040688170424928e-01,-1.884029835468782887e-01,-0.000000000000000000e+00,-0.000000000000000000e+00,-0.000000000000000000e+00,-4.613680752903887711e-02,-0.000000000000000000e+00,-0.000000000000000000e+00,-0.000000000000000000e+00,-0.000000000000000000e+00,0.000000000000000000e+00,-0.000000000000000000e+00,0.000000000000000000e+00,2.732220941709732287e+00,-7.599002760223105835e-01
-3.713135865430919891e-01,-7.352069176469534784e-02,-0.000000000000000000e+00,0.000000000000000000e+00,-0.000000000000000000e+00,0.000000000000000000e+00,1.454690414321906794e-02,0.000000000000000000e+00,-6.063879095795987606e-01,-3.003519549331798433e-01,0.000000000000000000e+00,-7.148252388365913812e-02,0.000000000000000000e+00,-0.000000000000000000e+00,-0.000000000000000000e+00,-0.000000000000000000e+00,-0.000000000000000000e+00,-0.000000000000000000e+00,-0.000000000000000000e+00,0.000000000000000000e+00,0.000000000000000000e+00,-0.000000000000000000e+00,-0.000000000000000000e+00,-0.000000000000000000e+00,-7.595007499942600659e-02,-0.000000000000000000e+00,-0.000000000000000000e+00,-0.000000000000000000e+00,-0.000000000000000000e+00,-1.128089642500453432e-01,-0.000000000000000000e+00,0.000000000000000000e+00,0.000000000000000000e+00,-9.034665152062948401e-02,0.000000000000000000e+00,-0.000000000000000000e+00,0.000000000000000000e+00,-7.599002760223105835e-01,2.570887689263586573e+00
