1.391131004268416183e+00,-0.000000000000000000e+00,-8.759690820005605616e-02,0.000000000000000000e+00,-0.000000000000000000e+00,-0.000000000000000000e+00,-0.000000000000000000e+00,0.000000000000000000e+00,-6.519740434927821793e-02,-1.688781498910807977e-01,-0.000000000000000000e+00,-1.996161096086390696e-01,-0.000000000000000000e+00,-0.000000000000000000e+00,-0.000000000000000000e+00,-9.244655229378205552e-02,-0.000000000000000000e+00,-2.765632320599194921e-02,-0.000000000000000000e+00,0.000000000000000000e+00,-0.000000000000000000e+00,-5.167845825220474670e-02,-1.064736671701540655e-01,-0.000000000000000000e+00,-0.000000000000000000e+00,0.000000000000000000e+00,-0.000000000000000000e+00,-0.000000000000000000e+00,-1.895936384499885552e-01,-0.000000000000000000e+00,-0.000000000000000000e+00,-0.000000000000000000e+00,-0.000000000000000000e+00,-0.000000000000000000e+00,-0.000000000000000000e+00,-0.000000000000000000e+00,-0.000000000000000000e+00,-2.361401943339688225e-01,-9.755747888909087340e-03
-0.000000000000000000e+00,1.501060775268636682e+00,0.000000000000000000e+00,0.000000000000000000e+00,-0.000000000000000000e+00,2.153786327333932771e-02,3.385954059321650417e-02,0.000000000000000000e+00,-0.000000000000000000e+00,-0.000000000000000000e+00,1.065678064836953071e-01,-0.000000000000000000e+00,3.638584977037183643e-01,-0.000000000000000000e+00,-0.000000000000000000e+00,0.000000000000000000e+00,7.594290893600570691e-02,-1.504880164703542925e-02,-0.000000000000000000e+00,0.000000000000000000e+00,0.000000000000000000e+00,0.000000000000000000e+00,-0.000000000000000000e+00,-0.000000000000000000e+00,-2.770733937644399014e-01,-9.419578433047029464e-02,-0.000000000000000000e+00,0.000000000000000000e+00,0.000000000000000000e+00,0.000000000000000000e+00,0.000000000000000000e+00,6.920852884017712758e-02,0.000000000000000000e+00,-0.000000000000000000e+00,2.362723036873823901e-01,0.000000000000000000e+00,0.000000000000000000e+00,-0.000000000000000000e+00,-1.828824194005318482e-01
-8.759690820005605616e-02,0.000000000000000000e+00,3.250519067428793374e+00,-0.000000000000000000e+00,0.000000000000000000e+00,-0.000000000000000000e+00,-0.000000000000000000e+00,3.867979623679911327e-01,-4.080744028485482761e-02,-0.000000000000000000e+00,-0.000000000000000000e+00,-0.000000000000000000e+00,-0.000000000000000000e+00,-0.000000000000000000e+00,-0.000000000000000000e+00,-0.000000000000000000e+00,-0.000000000000000000e+00,0.000000000000000000e+00,0.000000000000000000e+00,0.000000000000000000e+00,-6.105554859398397705e-01,-0.000000000000000000e+00,-0.000000000000000000e+00,-0.000000000000000000e+00,0.000000000000000000e+00,0.000000000000000000e+00,0.000000000000000000e+00,-0.000000000000000000e+00,-1.719648751420874422e-01,-0.000000000000000000e+00,-6.384236069141457914e-01,-3.559595475629174222e-01,-9.286078271347085744e-01,0.000000000000000000e+00,-0.000000000000000000e+00,-0.000000000000000000e+00,-9.046727165501729229e-02,-0.000000000000000000e+00,-0.000000000000000000e+00
0.000000000000000000e+00,0.000000000000000000e+00,-0.000000000000000000e+00,1.365707782683872606e+00,0.000000000000000000e+00,-0.000000000000000000e+00,-2.784633973508246485e-01,-0.000000000000000000e+00,9.276471605500191675e-02,0.000000000000000000e+00,-0.000000000000000000e+00,0.000000000000000000e+00,-1.253524022492368516e-02,0.000000000000000000e+00,7.067379361441968044e-02,-0.000000000000000000e+00,-0.000000000000000000e+00,2.181062506742673102e-01,1.107225732275412232e-02,-0.000000000000000000e+00,-0.000000000000000000e+00,-0.000000000000000000e+00,0.000000000000000000e+00,0.000000000000000000e+00,0.000000000000000000e+00,0.000000000000000000e+00,9.046639600831520023e-02,-2.565868492504204679e-01,-0.000000000000000000e+00,-0.000000000000000000e+00,-0.000000000000000000e+00,-0.000000000000000000e+00,-0.000000000000000000e+00,1.628325857483323702e-01,-0.000000000000000000e+00,-0.000000000000000000e+00,-0.000000000000000000e+00,0.000000000000000000e+00,0.000000000000000000e+00
-0.000000000000000000e+00,-0.000000000000000000e+00,0.000000000000000000e+00,0.000000000000000000e+00,2.884500651951269035e+00,0.000000000000000000e+00,0.000000000000000000e+00,-0.000000000000000000e+00,-2.228562226311110450e-01,-0.000000000000000000e+00,0.000000000000000000e+00,-0.000000000000000000e+00,0.000000000000000000e+00,-2.556717622875487317e-01,-0.000000000000000000e+00,-0.000000000000000000e+00,-0.000000000000000000e+00,-3.038102599523479497e-01,-2.794773067622558504e-01,0.000000000000000000e+00,0.000000000000000000e+00,0.000000000000000000e+00,-0.000000000000000000e+00,-0.000000000000000000e+00,-2.276779738557771493e-01,-5.125808331549505104e-01,-7.820365769713328863e-01,0.000000000000000000e+00,-0.000000000000000000e+00,-0.000000000000000000e+00,0.000000000000000000e+00,0.000000000000000000e+00,0.000000000000000000e+00,-6.091796891722918161e-01,0.000000000000000000e+00,-0.000000000000000000e+00,0.000000000000000000e+00,-0.000000000000000000e+00,-0.000000000000000000e+00
-0.000000000000000000e+00,2.153786327333932771e-02,-0.000000000000000000e+00,-0.000000000000000000e+00,0.000000000000000000e+00,1.518312848388515546e+00,-5.820933754913346081e-02,-0.000000000000000000e+00,-0.000000000000000000e+00,0.000000000000000000e+00,-0.000000000000000000e+00,-0.000000000000000000e+00,-4.122516696834332417e-01,0.000000000000000000e+00,-0.000000000000000000e+00,-0.000000000000000000e+00,-0.000000000000000000e+00,0.000000000000000000e+00,0.000000000000000000e+00,-0.000000000000000000e+00,-0.000000000000000000e+00,-3.158550608307124641e-01,-0.000000000000000000e+00,2.023469353544022076e-01,0.000000000000000000e+00,0.000000000000000000e+00,-0.000000000000000000e+00,-1.289539825350360935e-01,-0.000000000000000000e+00,-3.710834495981896186e-02,-0.000000000000000000e+00,-0.000000000000000000e+00,-0.000000000000000000e+00,0.000000000000000000e+00,-2.643391282723241420e-01,-0.000000000000000000e+00,-0.000000000000000000e+00,-0.000000000000000000e+00,0.000000000000000000e+00
-0.000000000000000000e+00,3.385954059321650417e-02,-0.000000000000000000e+00,-2.784633973508246485e-01,0.000000000000000000e+00,-5.820933754913346081e-02,1.204561515967812468e+00,-0.000000000000000000e+00,0.000000000000000000e+00,0.000000000000000000e+00,-1.296602682307547091e-02,0.000000000000000000e+00,-0.000000000000000000e+00,0.000000000000000000e+00,-0.000000000000000000e+00,-0.000000000000000000e+00,-0.000000000000000000e+00,0.000000000000000000e+00,0.000000000000000000e+00,-0.000000000000000000e+00,-0.000000000000000000e+00,-0.000000000000000000e+00,-0.000000000000000000e+00,0.000000000000000000e+00,0.000000000000000000e+00,0.000000000000000000e+00,0.000000000000000000e+00,-1.386290723468221187e-01,-0.000000000000000000e+00,-0.000000000000000000e+00,-0.000000000000000000e+00,-0.000000000000000000e+00,-0.000000000000000000e+00,0.000000000000000000e+00,-1.953519167623746777e-01,-3.752289054692612563e-02,-0.000000000000000000e+00,0.000000000000000000e+00,0.000000000000000000e+00
0.000000000000000000e+00,0.000000000000000000e+00,3.867979623679911327e-01,-0.000000000000000000e+00,-0.000000000000000000e+00,-0.000000000000000000e+00,-0.000000000000000000e+00,2.604128571550918814e+00,0.000000000000000000e+00,0.000000000000000000e+00,0.000000000000000000e+00,0.000000000000000000e+00,0.000000000000000000e+00,-0.000000000000000000e+00,0.000000000000000000e+00,-0.000000000000000000e+00,0.000000000000000000e+00,0.000000000000000000e+00,0.000000000000000000e+00,-1.011676591444923279e+00,6.038752796149196023e-01,-0.000000000000000000e+00,-0.000000000000000000e+00,0.000000000000000000e+00,-0.000000000000000000e+00,0.000000000000000000e+00,-0.000000000000000000e+00,0.000000000000000000e+00,2.626712372742301960e-01,-0.000000000000000000e+00,1.035312455593145470e-01,0.000000000000000000e+00,2.509939939446561574e-01,-0.000000000000000000e+00,-0.000000000000000000e+00,-0.000000000000000000e+00,3.981971410354590707e-02,-0.000000000000000000e+00,-0.000000000000000000e+00
-6.519740434927821793e-02,-0.000000000000000000e+00,-4.080744028485482761e-02,9.276471605500191675e-02,-2.228562226311110450e-01,-0.000000000000000000e+00,0.000000000000000000e+00,0.000000000000000000e+00,1.795569495967007434e+00,-3.714966078501485969e-02,0.000000000000000000e+00,-5.228062362594512735e-02,0.000000000000000000e+00,-6.528569222115243598e-02,-0.000000000000000000e+00,-3.581404434070692422e-02,-0.000000000000000000e+00,-1.363845434536017642e-01,-0.000000000000000000e+00,0.000000000000000000e+00,-0.000000000000000000e+00,-0.000000000000000000e+00,-0.000000000000000000e+00,-0.000000000000000000e+00,-0.000000000000000000e+00,-5.672938388548418032e-02,-1.466098402571404044e-02,-0.000000000000000000e+00,-2.035843009542461501e-01,-2.670648872209205327e-01,-5.202993334043678336e-02,-0.000000000000000000e+00,-0.000000000000000000e+00,-1.441772948641524554e-01,-0.000000000000000000e+00,-0.000000000000000000e+00,-0.000000000000000000e+00,-0.000000000000000000e+00,-4.871461972544132157e-01
-1.688781498910807977e-01,-0.000000000000000000e+00,-0.000000000000000000e+00,0.000000000000000000e+00,-0.000000000000000000e+00,0.000000000000000000e+00,0.000000000000000000e+00,0.000000000000000000e+00,-3.714966078501485969e-02,1.689695959010750537e+00,-0.000000000000000000e+00,-1.074111172671721182e-01,-0.000000000000000000e+00,-0.000000000000000000e+00,-0.000000000000000000e+00,-6.061198483205169074e-01,-0.000000000000000000e+00,-0.000000000000000000e+00,0.000000000000000000e+00,-0.000000000000000000e+00,-0.000000000000000000e+00,-0.000000000000000000e+00,-1.970921336762004317e-01,-7.080678214792808511e-02,-1.291546843493433447e-02,0.000000000000000000e+00,0.000000000000000000e+00,-0.000000000000000000e+00,-0.000000000000000000e+00,0.000000000000000000e+00,-0.000000000000000000e+00,-0.000000000000000000e+00,-0.000000000000000000e+00,-0.000000000000000000e+00,-0.000000000000000000e+00,0.000000000000000000e+00,-0.000000000000000000e+00,-0.000000000000000000e+00,-3.634021202154466001e-01
-0.000000000000000000e+00,1.065678064836953071e-01,-0.000000000000000000e+00,-0.000000000000000000e+00,0.000000000000000000e+00,-0.000000000000000000e+00,-1.296602682307547091e-02,0.000000000000000000e+00,0.000000000000000000e+00,-0.000000000000000000e+00,1.986866270416419944e+00,0.000000000000000000e+00,-0.000000000000000000e+00,0.000000000000000000e+00,-0.000000000000000000e+00,-0.000000000000000000e+00,-8.477317776240049785e-01,0.000000000000000000e+00,0.000000000000000000e+00,0.000000000000000000e+00,-0.000000000000000000e+00,0.000000000000000000e+00,0.000000000000000000e+00,0.000000000000000000e+00,0.000000000000000000e+00,4.158320077726549574e-02,0.000000000000000000e+00,-1.419737288232215677e-01,-2.107938683564528071e-01,0.000000000000000000e+00,-0.000000000000000000e+00,-1.832342646537580555e-01,-0.000000000000000000e+00,2.270599900750259678e-02,-0.000000000000000000e+00,-0.000000000000000000e+00,-3.642930810094529015e-01,-0.000000000000000000e+00,0.000000000000000000e+00
-1.996161096086390696e-01,-0.000000000000000000e+00,-0.000000000000000000e+00,0.000000000000000000e+00,-0.000000000000000000e+00,-0.000000000000000000e+00,0.000000000000000000e+00,0.000000000000000000e+00,-5.228062362594512735e-02,-1.074111172671721182e-01,0.000000000000000000e+00,2.481493169369221263e+00,0.000000000000000000e+00,-0.000000000000000000e+00,-7.951586860587772643e-01,-0.000000000000000000e+00,-0.000000000000000000e+00,-5.755517242842199677e-01,-0.000000000000000000e+00,0.000000000000000000e+00,-0.000000000000000000e+00,0.000000000000000000e+00,-0.000000000000000000e+00,-0.000000000000000000e+00,-0.000000000000000000e+00,-0.000000000000000000e+00,-0.000000000000000000e+00,-0.000000000000000000e+00,-0.000000000000000000e+00,-0.000000000000000000e+00,-0.000000000000000000e+00,0.000000000000000000e+00,-0.000000000000000000e+00,-3.970491225260485563e-02,-0.000000000000000000e+00,0.000000000000000000e+00,-0.000000000000000000e+00,-2.004397118360323193e-01,-5.785434744998730894e-01
-0.000000000000000000e+00,3.638584977037183643e-01,-0.000000000000000000e+00,-1.253524022492368516e-02,0.000000000000000000e+00,-4.122516696834332417e-01,-0.000000000000000000e+00,0.000000000000000000e+00,0.000000000000000000e+00,-0.000000000000000000e+00,-0.000000000000000000e+00,0.000000000000000000e+00,1.761730063225177112e+00,0.000000000000000000e+00,0.000000000000000000e+00,-2.988332326656839566e-02,-0.000000000000000000e+00,2.280599452701638843e-02,1.827414950055593346e-01,-0.000000000000000000e+00,-0.000000000000000000e+00,-1.476927649748764337e-01,0.000000000000000000e+00,0.000000000000000000e+00,7.748111770562594869e-02,2.290319181372034752e-05,0.000000000000000000e+00,-1.765407510698277227e-01,-0.000000000000000000e+00,-0.000000000000000000e+00,-0.000000000000000000e+00,-3.180254859187844896e-01,-5.538183989714136335e-02,0.000000000000000000e+00,-1.204015932031719249e-01,-0.000000000000000000e+00,-0.000000000000000000e+00,-0.000000000000000000e+00,0.000000000000000000e+00
-0.000000000000000000e+00,-0.000000000000000000e+00,-0.000000000000000000e+00,0.000000000000000000e+00,-2.556717622875487317e-01,0.000000000000000000e+00,0.000000000000000000e+00,-0.000000000000000000e+00,-6.528569222115243598e-02,-0.000000000000000000e+00,0.000000000000000000e+00,-0.000000000000000000e+00,0.000000000000000000e+00,1.871411501066033267e+00,-0.000000000000000000e+00,-0.000000000000000000e+00,-0.000000000000000000e+00,-0.000000000000000000e+00,-0.000000000000000000e+00,0.000000000000000000e+00,0.000000000000000000e+00,-0.000000000000000000e+00,-3.203231004983187434e-03,-1.748495572503398210e-01,-1.130546156953343706e-01,-3.814027902008363946e-01,-3.960345950237293966e-01,0.000000000000000000e+00,-0.000000000000000000e+00,-3.586481999280378141e-01,-0.000000000000000000e+00,-0.000000000000000000e+00,-0.000000000000000000e+00,-0.000000000000000000e+00,-0.000000000000000000e+00,-1.617392452151768800e-01,0.000000000000000000e+00,-0.000000000000000000e+00,-0.000000000000000000e+00
-0.000000000000000000e+00,-0.000000000000000000e+00,-0.000000000000000000e+00,7.067379361441968044e-02,-0.000000000000000000e+00,-0.000000000000000000e+00,-0.000000000000000000e+00,0.000000000000000000e+00,-0.000000000000000000e+00,-0.000000000000000000e+00,-0.000000000000000000e+00,-7.951586860587772643e-01,0.000000000000000000e+00,-0.000000000000000000e+00,1.879057642602982137e+00,-0.000000000000000000e+00,-3.640241607694375686e-02,-6.205252081324073854e-02,-0.000000000000000000e+00,0.000000000000000000e+00,-0.000000000000000000e+00,0.000000000000000000e+00,-0.000000000000000000e+00,-0.000000000000000000e+00,-0.000000000000000000e+00,-0.000000000000000000e+00,-0.000000000000000000e+00,-0.000000000000000000e+00,-6.181820122400460971e-02,-0.000000000000000000e+00,-0.000000000000000000e+00,-0.000000000000000000e+00,-0.000000000000000000e+00,-3.020173455213400748e-01,-0.000000000000000000e+00,0.000000000000000000e+00,-0.000000000000000000e+00,-2.998485354817383430e-01,-6.220057092455688608e-02
-9.244655229378205552e-02,0.000000000000000000e+00,-0.000000000000000000e+00,-0.000000000000000000e+00,-0.000000000000000000e+00,-0.000000000000000000e+00,-0.000000000000000000e+00,-0.000000000000000000e+00,-3.581404434070692422e-02,-6.061198483205169074e-01,-0.000000000000000000e+00,-0.000000000000000000e+00,-2.988332326656839566e-02,-0.000000000000000000e+00,-0.000000000000000000e+00,1.695737648286109289e+00,-1.011547893115024022e-01,-0.000000000000000000e+00,-0.000000000000000000e+00,-0.000000000000000000e+00,-0.000000000000000000e+00,-2.360315439486971312e-01,-2.323988652947776290e-01,-0.000000000000000000e+00,-0.000000000000000000e+00,-0.000000000000000000e+00,-0.000000000000000000e+00,-6.019158715565466056e-02,-0.000000000000000000e+00,-7.191570694016319668e-03,-6.559473724203160327e-02,-0.000000000000000000e+00,-0.000000000000000000e+00,-0.000000000000000000e+00,-1.322350794537183183e-01,-1.206058391325089268e-01,-0.000000000000000000e+00,-2.396589679177088261e-01,-0.000000000000000000e+00
-0.000000000000000000e+00,7.594290893600570691e-02,-0.000000000000000000e+00,-0.000000000000000000e+00,-0.000000000000000000e+00,-0.000000000000000000e+00,-0.000000000000000000e+00,0.000000000000000000e+00,-0.000000000000000000e+00,-0.000000000000000000e+00,-8.477317776240049785e-01,-0.000000000000000000e+00,-0.000000000000000000e+00,-0.000000000000000000e+00,-3.640241607694375686e-02,-1.011547893115024022e-01,1.642300772016155319e+00,-0.000000000000000000e+00,-0.000000000000000000e+00,-0.000000000000000000e+00,-0.000000000000000000e+00,0.000000000000000000e+00,-0.000000000000000000e+00,0.000000000000000000e+00,-0.000000000000000000e+00,0.000000000000000000e+00,-0.000000000000000000e+00,-0.000000000000000000e+00,-1.395490356812470190e-01,-0.000000000000000000e+00,-0.000000000000000000e+00,-8.811376839369887415e-02,-0.000000000000000000e+00,0.000000000000000000e+00,-1.012297421645096292e-02,-0.000000000000000000e+00,-0.000000000000000000e+00,-0.000000000000000000e+00,0.000000000000000000e+00
-2.765632320599194921e-02,-1.504880164703542925e-02,0.000000000000000000e+00,2.181062506742673102e-01,-3.038102599523479497e-01,0.000000000000000000e+00,0.000000000000000000e+00,0.000000000000000000e+00,-1.363845434536017642e-01,-0.000000000000000000e+00,0.000000000000000000e+00,-5.755517242842199677e-01,2.280599452701638843e-02,-0.000000000000000000e+00,-6.205252081324073854e-02,-0.000000000000000000e+00,-0.000000000000000000e+00,2.315300034830565235e+00,-6.559190803180963147e-01,0.000000000000000000e+00,0.000000000000000000e+00,0.000000000000000000e+00,-0.000000000000000000e+00,-0.000000000000000000e+00,-1.893997525266647363e-03,-0.000000000000000000e+00,-1.045206720897371988e-01,0.000000000000000000e+00,-0.000000000000000000e+00,-0.000000000000000000e+00,0.000000000000000000e+00,0.000000000000000000e+00,0.000000000000000000e+00,-6.928574530170811263e-02,0.000000000000000000e+00,0.000000000000000000e+00,0.000000000000000000e+00,-3.627700781032042188e-02,-2.323390478883586296e-01
-0.000000000000000000e+00,-0.000000000000000000e+00,0.000000000000000000e+00,1.107225732275412232e-02,-2.794773067622558504e-01,0.000000000000000000e+00,0.000000000000000000e+00,0.000000000000000000e+00,-0.000000000000000000e+00,0.000000000000000000e+00,0.000000000000000000e+00,-0.000000000000000000e+00,1.827414950055593346e-01,-0.000000000000000000e+00,-0.000000000000000000e+00,-0.000000000000000000e+00,-0.000000000000000000e+00,-6.559190803180963147e-01,1.898525460554990829e+00,0.000000000000000000e+00,0.000000000000000000e+00,0.000000000000000000e+00,-0.000000000000000000e+00,-0.000000000000000000e+00,-7.827053278668928693e-02,-4.180256644354732876e-01,-4.644045094147028485e-02,0.000000000000000000e+00,-0.000000000000000000e+00,-0.000000000000000000e+00,-0.000000000000000000e+00,0.000000000000000000e+00,0.000000000000000000e+00,-6.868114595568723668e-02,0.000000000000000000e+00,-0.000000000000000000e+00,0.000000000000000000e+00,-0.000000000000000000e+00,-0.000000000000000000e+00
0.000000000000000000e+00,0.000000000000000000e+00,0.000000000000000000e+00,-0.000000000000000000e+00,0.000000000000000000e+00,-0.000000000000000000e+00,-0.000000000000000000e+00,-1.011676591444923279e+00,0.000000000000000000e+00,-0.000000000000000000e+00,0.000000000000000000e+00,0.000000000000000000e+00,-0.000000000000000000e+00,0.000000000000000000e+00,0.000000000000000000e+00,-0.000000000000000000e+00,-0.000000000000000000e+00,0.000000000000000000e+00,0.000000000000000000e+00,1.800907428230800189e+00,0.000000000000000000e+00,-5.252901554174193022e-01,-0.000000000000000000e+00,-0.000000000000000000e+00,-0.000000000000000000e+00,6.529023668594195751e-02,0.000000000000000000e+00,0.000000000000000000e+00,0.000000000000000000e+00,0.000000000000000000e+00,2.525682517064869320e-02,0.000000000000000000e+00,0.000000000000000000e+00,0.000000000000000000e+00,-0.000000000000000000e+00,-0.000000000000000000e+00,0.000000000000000000e+00,-0.000000000000000000e+00,0.000000000000000000e+00
-0.000000000000000000e+00,0.000000000000000000e+00,-6.105554859398397705e-01,-0.000000000000000000e+00,0.000000000000000000e+00,-0.000000000000000000e+00,-0.000000000000000000e+00,6.038752796149196023e-01,-0.000000000000000000e+00,-0.000000000000000000e+00,-0.000000000000000000e+00,-0.000000000000000000e+00,-0.000000000000000000e+00,0.000000000000000000e+00,-0.000000000000000000e+00,-0.000000000000000000e+00,-0.000000000000000000e+00,0.000000000000000000e+00,0.000000000000000000e+00,0.000000000000000000e+00,2.844510043736191207e+00,-0.000000000000000000e+00,0.000000000000000000e+00,0.000000000000000000e+00,0.000000000000000000e+00,0.000000000000000000e+00,0.000000000000000000e+00,-1.916156749393041481e-01,-1.734857007784111615e-01,-0.000000000000000000e+00,-5.062452576766341972e-01,-7.067933748410085149e-02,-5.582247709840242322e-01,0.000000000000000000e+00,-0.000000000000000000e+00,-0.000000000000000000e+00,-3.391831526801798724e-02,-0.000000000000000000e+00,0.000000000000000000e+00
-5.167845825220474670e-02,0.000000000000000000e+00,-0.000000000000000000e+00,-0.000000000000000000e+00,0.000000000000000000e+00,-3.158550608307124641e-01,-0.000000000000000000e+00,-0.000000000000000000e+00,-0.000000000000000000e+00,-0.000000000000000000e+00,0.000000000000000000e+00,0.000000000000000000e+00,-1.476927649748764337e-01,-0.000000000000000000e+00,0.000000000000000000e+00,-2.360315439486971312e-01,0.000000000000000000e+00,0.000000000000000000e+00,0.000000000000000000e+00,-5.252901554174193022e-01,-0.000000000000000000e+00,1.458801492502200148e+00,-2.703839818823830510e-02,-0.000000000000000000e+00,-0.000000000000000000e+00,0.000000000000000000e+00,-0.000000000000000000e+00,-0.000000000000000000e+00,-0.000000000000000000e+00,-5.579687380960721838e-02,-0.000000000000000000e+00,-8.152599552064213745e-03,-0.000000000000000000e+00,0.000000000000000000e+00,-1.749436780665289126e-01,-2.880796533606229740e-02,-0.000000000000000000e+00,-0.000000000000000000e+00,-0.000000000000000000e+00
-1.064736671701540655e-01,-0.000000000000000000e+00,-0.000000000000000000e+00,0.000000000000000000e+00,-0.000000000000000000e+00,-0.000000000000000000e+00,-0.000000000000000000e+00,-0.000000000000000000e+00,-0.000000000000000000e+00,-1.970921336762004317e-01,0.000000000000000000e+00,-0.000000000000000000e+00,0.000000000000000000e+00,-3.203231004983187434e-03,-0.000000000000000000e+00,-2.323988652947776290e-01,-0.000000000000000000e+00,-0.000000000000000000e+00,-0.000000000000000000e+00,-0.000000000000000000e+00,0.000000000000000000e+00,-2.703839818823830510e-02,1.575036763517430494e+00,-3.711876417312574145e-02,-6.396852205135687974e-01,-0.000000000000000000e+00,-0.000000000000000000e+00,-0.000000000000000000e+00,-0.000000000000000000e+00,-0.000000000000000000e+00,-0.000000000000000000e+00,-0.000000000000000000e+00,-0.000000000000000000e+00,-0.000000000000000000e+00,-0.000000000000000000e+00,-2.194833627025371825e-01,-0.000000000000000000e+00,-0.000000000000000000e+00,-0.000000000000000000e+00
-0.000000000000000000e+00,-0.000000000000000000e+00,-0.000000000000000000e+00,0.000000000000000000e+00,-0.000000000000000000e+00,2.023469353544022076e-01,0.000000000000000000e+00,0.000000000000000000e+00,-0.000000000000000000e+00,-7.080678214792808511e-02,0.000000000000000000e+00,-0.000000000000000000e+00,0.000000000000000000e+00,-1.748495572503398210e-01,-0.000000000000000000e+00,-0.000000000000000000e+00,0.000000000000000000e+00,-0.000000000000000000e+00,-0.000000000000000000e+00,-0.000000000000000000e+00,0.000000000000000000e+00,-0.000000000000000000e+00,-3.711876417312574145e-02,1.135504464318144002e+00,-1.520962692316824849e-01,-0.000000000000000000e+00,-0.000000000000000000e+00,0.000000000000000000e+00,-0.000000000000000000e+00,0.000000000000000000e+00,0.000000000000000000e+00,-0.000000000000000000e+00,-0.000000000000000000e+00,0.000000000000000000e+00,-0.000000000000000000e+00,-0.000000000000000000e+00,-0.000000000000000000e+00,0.000000000000000000e+00,-0.000000000000000000e+00
-0.000000000000000000e+00,-2.770733937644399014e-01,0.000000000000000000e+00,0.000000000000000000e+00,-2.276779738557771493e-01,0.000000000000000000e+00,0.000000000000000000e+00,-0.000000000000000000e+00,-0.000000000000000000e+00,-1.291546843493433447e-02,0.000000000000000000e+00,-0.000000000000000000e+00,7.748111770562594869e-02,-1.130546156953343706e-01,-0.000000000000000000e+00,-0.000000000000000000e+00,-0.000000000000000000e+00,-1.893997525266647363e-03,-7.827053278668928693e-02,-0.000000000000000000e+00,0.000000000000000000e+00,-0.000000000000000000e+00,-6.396852205135687974e-01,-1.520962692316824849e-01,1.622837012056103090e+00,-0.000000000000000000e+00,-0.000000000000000000e+00,0.000000000000000000e+00,0.000000000000000000e+00,-0.000000000000000000e+00,0.000000000000000000e+00,0.000000000000000000e+00,0.000000000000000000e+00,-0.000000000000000000e+00,0.000000000000000000e+00,-0.000000000000000000e+00,0.000000000000000000e+00,-0.000000000000000000e+00,-1.859682278331312513e-03
0.000000000000000000e+00,-9.419578433047029464e-02,0.000000000000000000e+00,0.000000000000000000e+00,-5.125808331549505104e-01,0.000000000000000000e+00,0.000000000000000000e+00,0.000000000000000000e+00,-5.672938388548418032e-02,0.000000000000000000e+00,4.158320077726549574e-02,-0.000000000000000000e+00,2.290319181372034752e-05,-3.814027902008363946e-01,-0.000000000000000000e+00,-0.000000000000000000e+00,0.000000000000000000e+00,-0.000000000000000000e+00,-4.180256644354732876e-01,6.529023668594195751e-02,0.000000000000000000e+00,0.000000000000000000e+00,-0.000000000000000000e+00,-0.000000000000000000e+00,-0.000000000000000000e+00,2.048395990440581294e+00,-2.576134491557466322e-01,0.000000000000000000e+00,0.000000000000000000e+00,-1.089384927581558624e-02,0.000000000000000000e+00,0.000000000000000000e+00,0.000000000000000000e+00,-1.102227545895453215e-01,5.614526146709869492e-02,-0.000000000000000000e+00,1.216733143182339855e-01,-0.000000000000000000e+00,-0.000000000000000000e+00
-0.000000000000000000e+00,-0.000000000000000000e+00,0.000000000000000000e+00,9.046639600831520023e-02,-7.820365769713328863e-01,-0.000000000000000000e+00,0.000000000000000000e+00,-0.000000000000000000e+00,-1.466098402571404044e-02,0.000000000000000000e+00,0.000000000000000000e+00,-0.000000000000000000e+00,0.000000000000000000e+00,-3.960345950237293966e-01,-0.000000000000000000e+00,-0.000000000000000000e+00,-0.000000000000000000e+00,-1.045206720897371988e-01,-4.644045094147028485e-02,0.000000000000000000e+00,0.000000000000000000e+00,-0.000000000000000000e+00,-0.000000000000000000e+00,-0.000000000000000000e+00,-0.000000000000000000e+00,-2.576134491557466322e-01,2.173167051508616332e+00,0.000000000000000000e+00,-0.000000000000000000e+00,-2.112869285663959429e-01,0.000000000000000000e+00,0.000000000000000000e+00,0.000000000000000000e+00,-8.759778737455850561e-02,-0.000000000000000000e+00,-0.000000000000000000e+00,2.125179234269999884e-01,-0.000000000000000000e+00,-0.000000000000000000e+00
-0.000000000000000000e+00,0.000000000000000000e+00,-0.000000000000000000e+00,-2.565868492504204679e-01,0.000000000000000000e+00,-1.289539825350360935e-01,-1.386290723468221187e-01,0.000000000000000000e+00,-0.000000000000000000e+00,-0.000000000000000000e+00,-1.419737288232215677e-01,-0.000000000000000000e+00,-1.765407510698277227e-01,0.000000000000000000e+00,-0.000000000000000000e+00,-6.019158715565466056e-02,-0.000000000000000000e+00,0.000000000000000000e+00,0.000000000000000000e+00,0.000000000000000000e+00,-1.916156749393041481e-01,-0.000000000000000000e+00,-0.000000000000000000e+00,0.000000000000000000e+00,0.000000000000000000e+00,0.000000000000000000e+00,0.000000000000000000e+00,2.027742750459701426e+00,-1.704624977828901045e-01,-0.000000000000000000e+00,-4.122428462795714177e-01,-0.000000000000000000e+00,-1.424313201320340505e-01,0.000000000000000000e+00,-2.080894712467591945e-01,-0.000000000000000000e+00,-2.397569675647765464e-01,-0.000000000000000000e+00,0.000000000000000000e+00
-1.895936384499885552e-01,0.000000000000000000e+00,-1.719648751420874422e-01,-0.000000000000000000e+00,-0.000000000000000000e+00,-0.000000000000000000e+00,-0.000000000000000000e+00,2.626712372742301960e-01,-2.035843009542461501e-01,-0.000000000000000000e+00,-2.107938683564528071e-01,-0.000000000000000000e+00,-0.000000000000000000e+00,-0.000000000000000000e+00,-6.181820122400460971e-02,-0.000000000000000000e+00,-1.395490356812470190e-01,-0.000000000000000000e+00,-0.000000000000000000e+00,0.000000000000000000e+00,-1.734857007784111615e-01,-0.000000000000000000e+00,-0.000000000000000000e+00,-0.000000000000000000e+00,0.000000000000000000e+00,0.000000000000000000e+00,-0.000000000000000000e+00,-1.704624977828901045e-01,2.397089806879991070e+00,-0.000000000000000000e+00,-3.786483237796083867e-01,-4.118175892487946910e-01,-1.780393175966717978e-01,-0.000000000000000000e+00,-0.000000000000000000e+00,-0.000000000000000000e+00,-1.795236002139548315e-01,-0.000000000000000000e+00,-0.000000000000000000e+00
-0.000000000000000000e+00,0.000000000000000000e+00,-0.000000000000000000e+00,-0.000000000000000000e+00,-0.000000000000000000e+00,-3.710834495981896186e-02,-0.000000000000000000e+00,-0.000000000000000000e+00,-2.670648872209205327e-01,0.000000000000000000e+00,0.000000000000000000e+00,-0.000000000000000000e+00,-0.000000000000000000e+00,-3.586481999280378141e-01,-0.000000000000000000e+00,-7.191570694016319668e-03,-0.000000000000000000e+00,-0.000000000000000000e+00,-0.000000000000000000e+00,0.000000000000000000e+00,-0.000000000000000000e+00,-5.579687380960721838e-02,-0.000000000000000000e+00,0.000000000000000000e+00,-0.000000000000000000e+00,-1.089384927581558624e-02,-2.112869285663959429e-01,-0.000000000000000000e+00,-0.000000000000000000e+00,1.409128604354659364e+00,-7.560202626626826190e-03,-8.781452202921088274e-03,-0.000000000000000000e+00,-0.000000000000000000e+00,-0.000000000000000000e+00,-2.005576416365723036e-01,0.000000000000000000e+00,-0.000000000000000000e+00,-0.000000000000000000e+00
-0.000000000000000000e+00,0.000000000000000000e+00,-6.384236069141457914e-01,-0.000000000000000000e+00,0.000000000000000000e+00,-0.000000000000000000e+00,-0.000000000000000000e+00,1.035312455593145470e-01,-5.202993334043678336e-02,-0.000000000000000000e+00,-0.000000000000000000e+00,-0.000000000000000000e+00,-0.000000000000000000e+00,-0.000000000000000000e+00,-0.000000000000000000e+00,-6.559473724203160327e-02,-0.000000000000000000e+00,0.000000000000000000e+00,-0.000000000000000000e+00,2.525682517064869320e-02,-5.062452576766341972e-01,-0.000000000000000000e+00,-0.000000000000000000e+00,0.000000000000000000e+00,0.000000000000000000e+00,0.000000000000000000e+00,0.000000000000000000e+00,-4.122428462795714177e-01,-3.786483237796083867e-01,-7.560202626626826190e-03,3.008450258622763940e+00,-1.885920234101315374e-01,-6.857717065628039510e-01,-0.000000000000000000e+00,-0.000000000000000000e+00,-0.000000000000000000e+00,-0.000000000000000000e+00,-0.000000000000000000e+00,0.000000000000000000e+00
-0.000000000000000000e+00,6.920852884017712758e-02,-3.559595475629174222e-01,-0.000000000000000000e+00,0.000000000000000000e+00,-0.000000000000000000e+00,-0.000000000000000000e+00,0.000000000000000000e+00,-0.000000000000000000e+00,-0.000000000000000000e+00,-1.832342646537580555e-01,0.000000000000000000e+00,-3.180254859187844896e-01,-0.000000000000000000e+00,-0.000000000000000000e+00,-0.000000000000000000e+00,-8.811376839369887415e-02,0.000000000000000000e+00,0.000000000000000000e+00,0.000000000000000000e+00,-7.067933748410085149e-02,-8.152599552064213745e-03,-0.000000000000000000e+00,-0.000000000000000000e+00,0.000000000000000000e+00,0.000000000000000000e+00,0.000000000000000000e+00,-0.000000000000000000e+00,-4.118175892487946910e-01,-8.781452202921088274e-03,-1.885920234101315374e-01,2.468028920008487059e+00,-3.662687472911375086e-01,0.000000000000000000e+00,-2.728598317080688229e-01,-5.457662513076673438e-02,-3.093275610000537634e-01,0.000000000000000000e+00,0.000000000000000000e+00
-0.000000000000000000e+00,0.000000000000000000e+00,-9.286078271347085744e-01,-0.000000000000000000e+00,0.000000000000000000e+00,-0.000000000000000000e+00,-0.000000000000000000e+00,2.509939939446561574e-01,-0.000000000000000000e+00,-0.000000000000000000e+00,-0.000000000000000000e+00,-0.000000000000000000e+00,-5.538183989714136335e-02,-0.000000000000000000e+00,-0.000000000000000000e+00,-0.000000000000000000e+00,-0.000000000000000000e+00,0.000000000000000000e+00,0.000000000000000000e+00,0.000000000000000000e+00,-5.582247709840242322e-01,-0.000000000000000000e+00,-0.000000000000000000e+00,-0.000000000000000000e+00,0.000000000000000000e+00,0.000000000000000000e+00,0.000000000000000000e+00,-1.424313201320340505e-01,-1.780393175966717978e-01,-0.000000000000000000e+00,-6.857717065628039510e-01,-3.662687472911375086e-01,3.259082616850916825e+00,0.000000000000000000e+00,-0.000000000000000000e+00,-0.000000000000000000e+00,-1.115585166898766939e-01,-0.000000000000000000e+00,-0.000000000000000000e+00
-0.000000000000000000e+00,-0.000000000000000000e+00,0.000000000000000000e+00,1.628325857483323702e-01,-6.091796891722918161e-01,0.000000000000000000e+00,0.000000000000000000e+00,-0.000000000000000000e+00,-1.441772948641524554e-01,-0.000000000000000000e+00,2.270599900750259678e-02,-3.970491225260485563e-02,0.000000000000000000e+00,-0.000000000000000000e+00,-3.020173455213400748e-01,-0.000000000000000000e+00,0.000000000000000000e+00,-6.928574530170811263e-02,-6.868114595568723668e-02,0.000000000000000000e+00,0.000000000000000000e+00,0.000000000000000000e+00,-0.000000000000000000e+00,0.000000000000000000e+00,-0.000000000000000000e+00,-1.102227545895453215e-01,-8.759778737455850561e-02,0.000000000000000000e+00,-0.000000000000000000e+00,-0.000000000000000000e+00,-0.000000000000000000e+00,0.000000000000000000e+00,0.000000000000000000e+00,1.906966214415840799e+00,0.000000000000000000e+00,0.000000000000000000e+00,0.000000000000000000e+00,-7.005955076982905982e-02,-1.541153959826851161e-01
-0.000000000000000000e+00,2.362723036873823901e-01,-0.000000000000000000e+00,-0.000000000000000000e+00,0.000000000000000000e+00,-2.643391282723241420e-01,-1.953519167623746777e-01,-0.000000000000000000e+00,-0.000000000000000000e+00,-0.000000000000000000e+00,-0.000000000000000000e+00,-0.000000000000000000e+00,-1.204015932031719249e-01,-0.000000000000000000e+00,-0.000000000000000000e+00,-1.322350794537183183e-01,-1.012297421645096292e-02,0.000000000000000000e+00,0.000000000000000000e+00,-0.000000000000000000e+00,-0.000000000000000000e+00,-1.749436780665289126e-01,-0.000000000000000000e+00,-0.000000000000000000e+00,0.000000000000000000e+00,5.614526146709869492e-02,-0.000000000000000000e+00,-2.080894712467591945e-01,-0.000000000000000000e+00,-0.000000000000000000e+00,-0.000000000000000000e+00,-2.728598317080688229e-01,-0.000000000000000000e+00,0.000000000000000000e+00,1.736543941162527638e+00,-0.000000000000000000e+00,-2.459571353127383286e-01,-0.000000000000000000e+00,0.000000000000000000e+00
-0.000000000000000000e+00,0.000000000000000000e+00,-0.000000000000000000e+00,-0.000000000000000000e+00,-0.000000000000000000e+00,-0.000000000000000000e+00,-3.752289054692612563e-02,-0.000000000000000000e+00,-0.000000000000000000e+00,0.000000000000000000e+00,-0.000000000000000000e+00,0.000000000000000000e+00,-0.000000000000000000e+00,-1.617392452151768800e-01,0.000000000000000000e+00,-1.206058391325089268e-01,-0.000000000000000000e+00,0.000000000000000000e+00,-0.000000000000000000e+00,-0.000000000000000000e+00,-0.000000000000000000e+00,-2.880796533606229740e-02,-2.194833627025371825e-01,-0.000000000000000000e+00,-0.000000000000000000e+00,-0.000000000000000000e+00,-0.000000000000000000e+00,-0.000000000000000000e+00,-0.000000000000000000e+00,-2.005576416365723036e-01,-0.000000000000000000e+00,-5.457662513076673438e-02,-0.000000000000000000e+00,0.000000000000000000e+00,-0.000000000000000000e+00,1.196645553847375698e+00,-0.000000000000000000e+00,0.000000000000000000e+00,0.000000000000000000e+00
-0.000000000000000000e+00,0.000000000000000000e+00,-9.046727165501729229e-02,-0.000000000000000000e+00,0.000000000000000000e+00,-0.000000000000000000e+00,-0.000000000000000000e+00,3.981971410354590707e-02,-0.000000000000000000e+00,-0.000000000000000000e+00,-3.642930810094529015e-01,-0.000000000000000000e+00,-0.000000000000000000e+00,0.000000000000000000e+00,-0.000000000000000000e+00,-0.000000000000000000e+00,-0.000000000000000000e+00,0.000000000000000000e+00,0.000000000000000000e+00,0.000000000000000000e+00,-3.391831526801798724e-02,-0.000000000000000000e+00,-0.000000000000000000e+00,-0.000000000000000000e+00,0.000000000000000000e+00,1.216733143182339855e-01,2.125179234269999884e-01,-2.397569675647765464e-01,-1.795236002139548315e-01,0.000000000000000000e+00,-0.000000000000000000e+00,-3.093275610000537634e-01,-1.115585166898766939e-01,0.000000000000000000e+00,-2.459571353127383286e-01,-0.000000000000000000e+00,1.892068447450281576e+00,-0.000000000000000000e+00,0.000000000000000000e+00
-2.361401943339688225e-01,-0.000000000000000000e+00,-0.000000000000000000e+00,0.000000000000000000e+00,-0.000000000000000000e+00,-0.000000000000000000e+00,0.000000000000000000e+00,-0.000000000000000000e+00,-0.000000000000000000e+00,-0.000000000000000000e+00,-0.000000000000000000e+00,-2.004397118360323193e-01,-0.000000000000000000e+00,-0.000000000000000000e+00,-2.998485354817383430e-01,-2.396589679177088261e-01,-0.000000000000000000e+00,-3.627700781032042188e-02,-0.000000000000000000e+00,-0.000000000000000000e+00,-0.000000000000000000e+00,-0.000000000000000000e+00,-0.000000000000000000e+00,0.000000000000000000e+00,-0.000000000000000000e+00,-0.000000000000000000e+00,-0.000000000000000000e+00,-0.000000000000000000e+00,-0.000000000000000000e+00,-0.000000000000000000e+00,-0.000000000000000000e+00,0.000000000000000000e+00,-0.000000000000000000e+00,-7.005955076982905982e-02,-0.000000000000000000e+00,0.000000000000000000e+00,-0.000000000000000000e+00,1.812797994354724107e+00,-5.717157749625492169e-01
-9.755747888909087340e-03,-1.828824194005318482e-01,-0.000000000000000000e+00,0.000000000000000000e+00,-0.000000000000000000e+00,0.000000000000000000e+00,0.000000000000000000e+00,-0.000000000000000000e+00,-4.871461972544132157e-01,-3.634021202154466001e-01,0.000000000000000000e+00,-5.785434744998730894e-01,0.000000000000000000e+00,-0.000000000000000000e+00,-6.220057092455688608e-02,-0.000000000000000000e+00,0.000000000000000000e+00,-2.323390478883586296e-01,-0.000000000000000000e+00,0.000000000000000000e+00,0.000000000000000000e+00,-0.000000000000000000e+00,-0.000000000000000000e+00,-0.000000000000000000e+00,-1.859682278331312513e-03,-0.000000000000000000e+00,-0.000000000000000000e+00,0.000000000000000000e+00,-0.000000000000000000e+00,-0.000000000000000000e+00,0.000000000000000000e+00,0.000000000000000000e+00,-0.000000000000000000e+00,-1.541153959826851161e-01,0.000000000000000000e+00,0.000000000000000000e+00,0.000000000000000000e+00,-5.717157749625492169e-01,2.414933415121371496e+00
