1.521639141232230319e+00,-0.000000000000000000e+00,-0.000000000000000000e+00,0.000000000000000000e+00,-0.000000000000000000e+00,-8.981439268412765020e-02,-0.000000000000000000e+00,1.857366820789466133e-02,-1.096106104580231860e-01,-0.000000000000000000e+00,-0.000000000000000000e+00,7.906760972380957875e-02,-1.382460929584870823e-01,-0.000000000000000000e+00,-0.000000000000000000e+00,-0.000000000000000000e+00,-0.000000000000000000e+00,-0.000000000000000000e+00,0.000000000000000000e+00,-1.401953987341856001e-01,8.391886961687897162e-02,1.187156099388169891e-02,-9.138709277788867325e-02,-0.000000000000000000e+00,-7.941843723752702033e-02,-1.138637739605515287e-01,0.000000000000000000e+00,-0.000000000000000000e+00,-1.656171078041961953e-01,-0.000000000000000000e+00,1.500667018193181657e-01,-0.000000000000000000e+00,-0.000000000000000000e+00,-0.000000000000000000e+00,-9.785860694428490103e-02,0.000000000000000000e+00,-0.000000000000000000e+00,-1.442047418098504341e-01,-0.000000000000000000e+00
-0.000000000000000000e+00,9.999999999999997780e-01,-0.000000000000000000e+00,0.000000000000000000e+00,-0.000000000000000000e+00,-0.000000000000000000e+00,-0.000000000000000000e+00,0.000000000000000000e+00,-0.000000000000000000e+00,-0.000000000000000000e+00,-0.000000000000000000e+00,0.000000000000000000e+00,-0.000000000000000000e+00,-0.000000000000000000e+00,-0.000000000000000000e+00,-0.000000000000000000e+00,-0.000000000000000000e+00,-0.000000000000000000e+00,-0.000000000000000000e+00,-0.000000000000000000e+00,0.000000000000000000e+00,-0.000000000000000000e+00,-0.000000000000000000e+00,-0.000000000000000000e+00,-0.000000000000000000e+00,-0.000000000000000000e+00,-0.000000000000000000e+00,0.000000000000000000e+00,-0.000000000000000000e+00,-0.000000000000000000e+00,-0.000000000000000000e+00,-0.000000000000000000e+00,-0.000000000000000000e+00,-0.000000000000000000e+00,-0.000000000000000000e+00,-0.000000000000000000e+00,-0.000000000000000000e+00,-0.000000000000000000e+00,-0.000000000000000000e+00
-0.000000000000000000e+00,-0.000000000000000000e+00,1.225958085568367828e+00,0.000000000000000000e+00,-2.989308167392110693e-01,-0.000000000000000000e+00,-0.000000000000000000e+00,1.177690957950537215e-01,-0.000000000000000000e+00,-1.610025127970110201e-02,-0.000000000000000000e+00,0.000000000000000000e+00,-0.000000000000000000e+00,-0.000000000000000000e+00,-0.000000000000000000e+00,-0.000000000000000000e+00,-0.000000000000000000e+00,-1.954921628528440702e-01,-0.000000000000000000e+00,-0.000000000000000000e+00,0.000000000000000000e+00,-0.000000000000000000e+00,-0.000000000000000000e+00,-0.000000000000000000e+00,-0.000000000000000000e+00,-0.000000000000000000e+00,-0.000000000000000000e+00,-0.000000000000000000e+00,-0.000000000000000000e+00,-1.967917041715082083e-01,-0.000000000000000000e+00,-0.000000000000000000e+00,-0.000000000000000000e+00,-0.000000000000000000e+00,-0.000000000000000000e+00,-0.000000000000000000e+00,-0.000000000000000000e+00,-0.000000000000000000e+00,-2.139066594562705724e-03
0.000000000000000000e+00,0.000000000000000000e+00,0.000000000000000000e+00,1.028293891990162301e+00,0.000000000000000000e+00,0.000000000000000000e+00,0.000000000000000000e+00,-0.000000000000000000e+00,0.000000000000000000e+00,0.000000000000000000e+00,1.029446367469370183e-01,-0.000000000000000000e+00,0.000000000000000000e+00,0.000000000000000000e+00,0.000000000000000000e+00,1.070411717768454396e-01,1.352132786483813652e-02,0.000000000000000000e+00,0.000000000000000000e+00,0.000000000000000000e+00,-0.000000000000000000e+00,-0.000000000000000000e+00,0.000000000000000000e+00,0.000000000000000000e+00,0.000000000000000000e+00,0.000000000000000000e+00,0.000000000000000000e+00,0.000000000000000000e+00,0.000000000000000000e+00,0.000000000000000000e+00,-0.000000000000000000e+00,0.000000000000000000e+00,0.000000000000000000e+00,0.000000000000000000e+00,0.000000000000000000e+00,-0.000000000000000000e+00,0.000000000000000000e+00,0.000000000000000000e+00,0.000000000000000000e+00
-0.000000000000000000e+00,-0.000000000000000000e+00,-2.989308167392110693e-01,0.000000000000000000e+00,1.428525668227662360e+00,-0.000000000000000000e+00,-0.000000000000000000e+00,2.276613716988951652e-01,-1.490863796438090527e-01,-2.086777875172747543e-01,-0.000000000000000000e+00,0.000000000000000000e+00,-0.000000000000000000e+00,-1.012266434060147824e-01,-0.000000000000000000e+00,-5.292725788612036991e-02,-0.000000000000000000e+00,-1.463930869814444521e-02,-0.000000000000000000e+00,-0.000000000000000000e+00,0.000000000000000000e+00,0.000000000000000000e+00,-0.000000000000000000e+00,-0.000000000000000000e+00,-0.000000000000000000e+00,-0.000000000000000000e+00,-0.000000000000000000e+00,-0.000000000000000000e+00,-0.000000000000000000e+00,-8.486596504992813261e-02,0.000000000000000000e+00,-0.000000000000000000e+00,-2.240652677231616194e-02,-1.620867021093420346e-01,-0.000000000000000000e+00,-0.000000000000000000e+00,-0.000000000000000000e+00,-0.000000000000000000e+00,-0.000000000000000000e+00
-8.981439268412765020e-02,-0.000000000000000000e+00,-0.000000000000000000e+00,0.000000000000000000e+00,-0.000000000000000000e+00,1.584106701097484082e+00,-0.000000000000000000e+00,1.066500089229514663e-02,-0.000000000000000000e+00,-0.000000000000000000e+00,-1.769738532099014716e-01,1.117491698509092968e-01,-6.784417807934972622e-02,-2.356896310949051221e-02,-7.878861002394257906e-02,-0.000000000000000000e+00,-1.685910675135508519e-01,-0.000000000000000000e+00,0.000000000000000000e+00,-1.221615016189595976e-01,1.197650474924142339e-01,0.000000000000000000e+00,-1.054937080900941043e-01,-0.000000000000000000e+00,-4.692237396465162580e-02,-3.869558313432118479e-02,0.000000000000000000e+00,-0.000000000000000000e+00,-1.028088393532201883e-02,-0.000000000000000000e+00,0.000000000000000000e+00,-1.719524809963524359e-01,-7.855062635391231451e-02,-1.262739803090682719e-02,-1.080336957159463013e-01,0.000000000000000000e+00,-8.644040676189750083e-02,-1.178960148368582601e-02,-0.000000000000000000e+00
-0.000000000000000000e+00,-0.000000000000000000e+00,-0.000000000000000000e+00,0.000000000000000000e+00,-0.000000000000000000e+00,-0.000000000000000000e+00,1.073793063300859663e+00,0.000000000000000000e+00,-0.000000000000000000e+00,-0.000000000000000000e+00,-0.000000000000000000e+00,1.221705345383984759e-01,-0.000000000000000000e+00,-0.000000000000000000e+00,-5.307640856968836446e-02,-0.000000000000000000e+00,-2.159835350501378148e-02,-0.000000000000000000e+00,-0.000000000000000000e+00,-1.116280534104089894e-01,2.070779628401696326e-02,0.000000000000000000e+00,-0.000000000000000000e+00,-0.000000000000000000e+00,-0.000000000000000000e+00,-0.000000000000000000e+00,0.000000000000000000e+00,-0.000000000000000000e+00,-0.000000000000000000e+00,-0.000000000000000000e+00,0.000000000000000000e+00,-0.000000000000000000e+00,-0.000000000000000000e+00,-0.000000000000000000e+00,-0.000000000000000000e+00,0.000000000000000000e+00,-0.000000000000000000e+00,-7.322470621000984337e-02,-0.000000000000000000e+00
1.857366820789466133e-02,0.000000000000000000e+00,1.177690957950537215e-01,-0.000000000000000000e+00,2.276613716988951652e-01,1.066500089229514663e-02,0.000000000000000000e+00,1.495476347830858366e+00,1.613964648060994822e-01,1.041643713086546214e-01,6.028605514396172954e-02,-0.000000000000000000e+00,2.782839950182254551e-02,4.721417759056113078e-02,4.834658551431266632e-02,9.494079873829452954e-02,2.248698335070038919e-03,0.000000000000000000e+00,0.000000000000000000e+00,6.245739009144273685e-02,-2.994818245742572257e-02,-0.000000000000000000e+00,1.130474025334378407e-01,0.000000000000000000e+00,9.438749586580599815e-02,0.000000000000000000e+00,-0.000000000000000000e+00,0.000000000000000000e+00,0.000000000000000000e+00,0.000000000000000000e+00,-0.000000000000000000e+00,8.322858760482980400e-02,1.030505899750883553e-01,1.292590320379047031e-01,0.000000000000000000e+00,-0.000000000000000000e+00,0.000000000000000000e+00,1.924302059378254180e-03,0.000000000000000000e+00
-1.096106104580231860e-01,-0.000000000000000000e+00,-0.000000000000000000e+00,0.000000000000000000e+00,-1.490863796438090527e-01,-0.000000000000000000e+00,-0.000000000000000000e+00,1.613964648060994822e-01,1.420068153394782762e+00,-3.046327592659103800e-02,-0.000000000000000000e+00,0.000000000000000000e+00,-6.159793763975199982e-02,-1.743767901882087024e-01,-5.923929904905181343e-02,-0.000000000000000000e+00,-0.000000000000000000e+00,-0.000000000000000000e+00,-0.000000000000000000e+00,-4.482710710860307590e-02,0.000000000000000000e+00,0.000000000000000000e+00,-2.565645063690859609e-02,-1.748423712729614832e-01,-3.407450451813191783e-02,-4.202335943374114341e-02,0.000000000000000000e+00,-0.000000000000000000e+00,-0.000000000000000000e+00,-9.843677832888363122e-02,0.000000000000000000e+00,-1.825257607606951479e-02,-7.076301895111219986e-02,-1.668703992820514681e-01,-0.000000000000000000e+00,0.000000000000000000e+00,-0.000000000000000000e+00,-0.000000000000000000e+00,-0.000000000000000000e+00
-0.000000000000000000e+00,-0.000000000000000000e+00,-1.610025127970110201e-02,0.000000000000000000e+00,-2.086777875172747543e-01,-0.000000000000000000e+00,-0.000000000000000000e+00,1.041643713086546214e-01,-3.046327592659103800e-02,1.329012818774484961e+00,-0.000000000000000000e+00,0.000000000000000000e+00,-0.000000000000000000e+00,-4.639015578997900124e-02,-0.000000000000000000e+00,-2.393410094254778686e-01,-0.000000000000000000e+00,-0.000000000000000000e+00,-0.000000000000000000e+00,-0.000000000000000000e+00,0.000000000000000000e+00,0.000000000000000000e+00,-6.531125146330173104e-02,-0.000000000000000000e+00,-9.399350273838155689e-02,-0.000000000000000000e+00,-0.000000000000000000e+00,-0.000000000000000000e+00,-0.000000000000000000e+00,-1.708798023964981094e-01,0.000000000000000000e+00,-1.632085227473939817e-02,-4.542341172921813414e-02,-0.000000000000000000e+00,-0.000000000000000000e+00,-0.000000000000000000e+00,-1.367472091885423534e-02,-0.000000000000000000e+00,-1.140447931475084276e-01
-0.000000000000000000e+00,-0.000000000000000000e+00,-0.000000000000000000e+00,1.029446367469370183e-01,-0.000000000000000000e+00,-1.769738532099014716e-01,-0.000000000000000000e+00,6.028605514396172954e-02,-0.000000000000000000e+00,-0.000000000000000000e+00,1.455164837142947309e+00,1.448784415378779888e-01,-0.000000000000000000e+00,-0.000000000000000000e+00,-2.340304283198116342e-02,-6.022163739878109816e-03,-2.718545032123337868e-01,-0.000000000000000000e+00,0.000000000000000000e+00,-0.000000000000000000e+00,9.529807141424588568e-02,0.000000000000000000e+00,-1.221350696939809966e-01,-0.000000000000000000e+00,-1.944535173011618240e-02,-0.000000000000000000e+00,0.000000000000000000e+00,-0.000000000000000000e+00,-0.000000000000000000e+00,-0.000000000000000000e+00,0.000000000000000000e+00,-1.604831716761872251e-01,-1.213629049588493825e-01,-0.000000000000000000e+00,-0.000000000000000000e+00,0.000000000000000000e+00,-2.296319323273656246e-02,-0.000000000000000000e+00,-0.000000000000000000e+00
7.906760972380957875e-02,0.000000000000000000e+00,0.000000000000000000e+00,-0.000000000000000000e+00,0.000000000000000000e+00,1.117491698509092968e-01,1.221705345383984759e-01,-0.000000000000000000e+00,0.000000000000000000e+00,0.000000000000000000e+00,1.448784415378779888e-01,1.535098690175929370e+00,8.910759488720604304e-02,0.000000000000000000e+00,4.257309136672726008e-02,0.000000000000000000e+00,2.134649351537355466e-01,0.000000000000000000e+00,-0.000000000000000000e+00,1.393636243937159541e-02,-1.723891674030736676e-01,-7.924904503478186202e-02,8.314188333382085960e-02,0.000000000000000000e+00,5.750509666089795996e-02,0.000000000000000000e+00,-0.000000000000000000e+00,0.000000000000000000e+00,7.832704450743074864e-02,0.000000000000000000e+00,-2.753704095016199296e-02,0.000000000000000000e+00,0.000000000000000000e+00,0.000000000000000000e+00,7.678890079569702931e-02,-0.000000000000000000e+00,0.000000000000000000e+00,1.596360922546613270e-01,0.000000000000000000e+00
-1.382460929584870823e-01,-0.000000000000000000e+00,-0.000000000000000000e+00,0.000000000000000000e+00,-0.000000000000000000e+00,-6.784417807934972622e-02,-0.000000000000000000e+00,2.782839950182254551e-02,-6.159793763975199982e-02,-0.000000000000000000e+00,-0.000000000000000000e+00,8.910759488720604304e-02,1.523066726167964902e+00,-0.000000000000000000e+00,-9.738818724250837555e-02,-0.000000000000000000e+00,-6.554367994699925037e-03,-0.000000000000000000e+00,0.000000000000000000e+00,-1.093613536744164338e-01,2.279814139022970365e-01,1.073015894324951536e-01,-0.000000000000000000e+00,-0.000000000000000000e+00,-0.000000000000000000e+00,-5.048857992049723097e-03,0.000000000000000000e+00,-0.000000000000000000e+00,-5.900777830603849000e-02,-0.000000000000000000e+00,2.740329101521933874e-01,-1.028852415641458642e-02,-0.000000000000000000e+00,-0.000000000000000000e+00,-9.133251004202927459e-02,0.000000000000000000e+00,-0.000000000000000000e+00,-1.307739048458906317e-01,-0.000000000000000000e+00
-0.000000000000000000e+00,-0.000000000000000000e+00,-0.000000000000000000e+00,0.000000000000000000e+00,-1.012266434060147824e-01,-2.356896310949051221e-02,-0.000000000000000000e+00,4.721417759056113078e-02,-1.743767901882087024e-01,-4.639015578997900124e-02,-0.000000000000000000e+00,0.000000000000000000e+00,-0.000000000000000000e+00,1.427671933815580108e+00,-4.268978194614436728e-02,-1.555443475953278802e-02,-0.000000000000000000e+00,-0.000000000000000000e+00,-0.000000000000000000e+00,-5.409512415108619354e-02,0.000000000000000000e+00,0.000000000000000000e+00,-5.270202481307570408e-02,-1.065864550132568644e-01,-8.164844339380292193e-02,-1.206284857666089921e-01,0.000000000000000000e+00,-0.000000000000000000e+00,-2.267356819484232094e-03,-5.947241991888081725e-02,0.000000000000000000e+00,-6.548004709362763298e-02,-1.818858905695126815e-01,-1.477687064129779571e-01,-0.000000000000000000e+00,0.000000000000000000e+00,-1.196043657704827790e-01,-0.000000000000000000e+00,-0.000000000000000000e+00
-0.000000000000000000e+00,-0.000000000000000000e+00,-0.000000000000000000e+00,0.000000000000000000e+00,-0.000000000000000000e+00,-7.878861002394257906e-02,-5.307640856968836446e-02,4.834658551431266632e-02,-5.923929904905181343e-02,-0.000000000000000000e+00,-2.340304283198116342e-02,4.257309136672726008e-02,-9.738818724250837555e-02,-4.268978194614436728e-02,1.457731060482749141e+00,-1.660241912535372621e-01,-9.551259413731398584e-02,-0.000000000000000000e+00,-0.000000000000000000e+00,-9.027144513469513576e-02,5.838423831560500543e-02,0.000000000000000000e+00,-8.843671816727001478e-02,-0.000000000000000000e+00,-1.948734959465088165e-02,-1.511384546792411687e-01,0.000000000000000000e+00,-0.000000000000000000e+00,-0.000000000000000000e+00,-0.000000000000000000e+00,1.202614858690033862e-03,-1.875530456473991497e-02,-1.264886380885122397e-01,-2.528310963722157217e-02,-0.000000000000000000e+00,0.000000000000000000e+00,-0.000000000000000000e+00,-1.401997531858336921e-01,-0.000000000000000000e+00
-0.000000000000000000e+00,-0.000000000000000000e+00,-0.000000000000000000e+00,1.070411717768454396e-01,-5.292725788612036991e-02,-0.000000000000000000e+00,-0.000000000000000000e+00,9.494079873829452954e-02,-0.000000000000000000e+00,-2.393410094254778686e-01,-6.022163739878109816e-03,0.000000000000000000e+00,-0.000000000000000000e+00,-1.555443475953278802e-02,-1.660241912535372621e-01,1.368195131226561001e+00,-4.766465606760618423e-02,-0.000000000000000000e+00,-0.000000000000000000e+00,-0.000000000000000000e+00,0.000000000000000000e+00,0.000000000000000000e+00,-1.281841898954917403e-01,-0.000000000000000000e+00,-1.110046629501992010e-01,-2.947612014792184987e-02,0.000000000000000000e+00,-0.000000000000000000e+00,-0.000000000000000000e+00,-1.671167943704478798e-01,0.000000000000000000e+00,-0.000000000000000000e+00,-7.113264807310964999e-02,-0.000000000000000000e+00,-0.000000000000000000e+00,0.000000000000000000e+00,-2.569614701845217633e-02,-1.487470017172263202e-02,-0.000000000000000000e+00
-0.000000000000000000e+00,-0.000000000000000000e+00,-0.000000000000000000e+00,1.352132786483813652e-02,-0.000000000000000000e+00,-1.685910675135508519e-01,-2.159835350501378148e-02,2.248698335070038919e-03,-0.000000000000000000e+00,-0.000000000000000000e+00,-2.718545032123337868e-01,2.134649351537355466e-01,-6.554367994699925037e-03,-0.000000000000000000e+00,-9.551259413731398584e-02,-4.766465606760618423e-02,1.573259333444766650e+00,-0.000000000000000000e+00,0.000000000000000000e+00,-2.180112545263552387e-02,1.751297274025265527e-01,0.000000000000000000e+00,-1.375632260049082511e-01,-0.000000000000000000e+00,-6.482741477786052586e-02,-0.000000000000000000e+00,0.000000000000000000e+00,-0.000000000000000000e+00,-1.030470959400955205e-02,-0.000000000000000000e+00,0.000000000000000000e+00,-8.200591803214539455e-02,-6.537024234406765832e-02,-0.000000000000000000e+00,-4.319890205709989855e-02,0.000000000000000000e+00,-3.360386538390430777e-02,-7.061761023870602449e-02,-0.000000000000000000e+00
-0.000000000000000000e+00,-0.000000000000000000e+00,-1.954921628528440702e-01,0.000000000000000000e+00,-1.463930869814444521e-02,-0.000000000000000000e+00,-0.000000000000000000e+00,0.000000000000000000e+00,-0.000000000000000000e+00,-0.000000000000000000e+00,-0.000000000000000000e+00,0.000000000000000000e+00,-0.000000000000000000e+00,-0.000000000000000000e+00,-0.000000000000000000e+00,-0.000000000000000000e+00,-0.000000000000000000e+00,1.103457735841877563e+00,-2.141105659264186944e-01,-0.000000000000000000e+00,0.000000000000000000e+00,-0.000000000000000000e+00,-0.000000000000000000e+00,-0.000000000000000000e+00,-0.000000000000000000e+00,-0.000000000000000000e+00,-0.000000000000000000e+00,-0.000000000000000000e+00,-0.000000000000000000e+00,-6.283706004031269776e-02,-0.000000000000000000e+00,-0.000000000000000000e+00,-0.000000000000000000e+00,-0.000000000000000000e+00,-0.000000000000000000e+00,-0.000000000000000000e+00,-0.000000000000000000e+00,-0.000000000000000000e+00,-8.518776113269306560e-02
0.000000000000000000e+00,-0.000000000000000000e+00,-0.000000000000000000e+00,0.000000000000000000e+00,-0.000000000000000000e+00,0.000000000000000000e+00,-0.000000000000000000e+00,0.000000000000000000e+00,-0.000000000000000000e+00,-0.000000000000000000e+00,0.000000000000000000e+00,-0.000000000000000000e+00,0.000000000000000000e+00,-0.000000000000000000e+00,-0.000000000000000000e+00,-0.000000000000000000e+00,0.000000000000000000e+00,-2.141105659264186944e-01,1.047002895368297937e+00,-0.000000000000000000e+00,-0.000000000000000000e+00,-0.000000000000000000e+00,-0.000000000000000000e+00,-0.000000000000000000e+00,-0.000000000000000000e+00,-0.000000000000000000e+00,-0.000000000000000000e+00,-0.000000000000000000e+00,0.000000000000000000e+00,-0.000000000000000000e+00,-0.000000000000000000e+00,0.000000000000000000e+00,-0.000000000000000000e+00,-0.000000000000000000e+00,0.000000000000000000e+00,-0.000000000000000000e+00,-0.000000000000000000e+00,-0.000000000000000000e+00,-3.986171265728701701e-02
-1.401953987341856001e-01,-0.000000000000000000e+00,-0.000000000000000000e+00,0.000000000000000000e+00,-0.000000000000000000e+00,-1.221615016189595976e-01,-1.116280534104089894e-01,6.245739009144273685e-02,-4.482710710860307590e-02,-0.000000000000000000e+00,-0.000000000000000000e+00,1.393636243937159541e-02,-1.093613536744164338e-01,-5.409512415108619354e-02,-9.027144513469513576e-02,-0.000000000000000000e+00,-2.180112545263552387e-02,-0.000000000000000000e+00,-0.000000000000000000e+00,1.461295947913756832e+00,3.567461521784377754e-02,0.000000000000000000e+00,-6.046449540610156215e-02,-0.000000000000000000e+00,-8.554986840180406338e-02,-1.016401827047918732e-01,0.000000000000000000e+00,-0.000000000000000000e+00,-1.048677786150721825e-01,-0.000000000000000000e+00,0.000000000000000000e+00,-0.000000000000000000e+00,-5.078091324192364475e-02,-4.402718160686294735e-02,-1.046873189033095813e-01,0.000000000000000000e+00,-2.079464091387505167e-02,-8.087212457575088109e-02,-0.000000000000000000e+00
8.391886961687897162e-02,0.000000000000000000e+00,0.000000000000000000e+00,-0.000000000000000000e+00,0.000000000000000000e+00,1.197650474924142339e-01,2.070779628401696326e-02,-2.994818245742572257e-02,0.000000000000000000e+00,0.000000000000000000e+00,9.529807141424588568e-02,-1.723891674030736676e-01,2.279814139022970365e-01,0.000000000000000000e+00,5.838423831560500543e-02,0.000000000000000000e+00,1.751297274025265527e-01,0.000000000000000000e+00,-0.000000000000000000e+00,3.567461521784377754e-02,1.556315428994117234e+00,-1.668025515774307077e-01,6.316186793909722708e-02,0.000000000000000000e+00,9.901884938044748768e-04,0.000000000000000000e+00,-0.000000000000000000e+00,0.000000000000000000e+00,4.546150509810640422e-03,0.000000000000000000e+00,-1.072675212138607392e-01,1.193968086034150888e-01,0.000000000000000000e+00,0.000000000000000000e+00,3.895887223873285149e-02,-0.000000000000000000e+00,0.000000000000000000e+00,7.175704533143195674e-02,0.000000000000000000e+00
1.187156099388169891e-02,-0.000000000000000000e+00,-0.000000000000000000e+00,-0.000000000000000000e+00,0.000000000000000000e+00,0.000000000000000000e+00,0.000000000000000000e+00,-0.000000000000000000e+00,0.000000000000000000e+00,0.000000000000000000e+00,0.000000000000000000e+00,-7.924904503478186202e-02,1.073015894324951536e-01,0.000000000000000000e+00,0.000000000000000000e+00,0.000000000000000000e+00,0.000000000000000000e+00,-0.000000000000000000e+00,-0.000000000000000000e+00,0.000000000000000000e+00,-1.668025515774307077e-01,1.162741925859962056e+00,0.000000000000000000e+00,0.000000000000000000e+00,0.000000000000000000e+00,0.000000000000000000e+00,-0.000000000000000000e+00,0.000000000000000000e+00,0.000000000000000000e+00,-0.000000000000000000e+00,-2.324254791397920572e-01,0.000000000000000000e+00,0.000000000000000000e+00,0.000000000000000000e+00,0.000000000000000000e+00,-0.000000000000000000e+00,0.000000000000000000e+00,0.000000000000000000e+00,-0.000000000000000000e+00
-9.138709277788867325e-02,-0.000000000000000000e+00,-0.000000000000000000e+00,0.000000000000000000e+00,-0.000000000000000000e+00,-1.054937080900941043e-01,-0.000000000000000000e+00,1.130474025334378407e-01,-2.565645063690859609e-02,-6.531125146330173104e-02,-1.221350696939809966e-01,8.314188333382085960e-02,-0.000000000000000000e+00,-5.270202481307570408e-02,-8.843671816727001478e-02,-1.281841898954917403e-01,-1.375632260049082511e-01,-0.000000000000000000e+00,-0.000000000000000000e+00,-6.046449540610156215e-02,6.316186793909722708e-02,0.000000000000000000e+00,1.636874462784595030e+00,-0.000000000000000000e+00,-2.262062448008583249e-01,-3.996655830237171719e-02,0.000000000000000000e+00,-0.000000000000000000e+00,-4.419442038077291135e-02,-0.000000000000000000e+00,0.000000000000000000e+00,-1.964112694766833450e-02,-1.217011683943614864e-01,-8.626031486861153452e-02,-0.000000000000000000e+00,0.000000000000000000e+00,-1.427820195316161292e-02,-7.228635053775195329e-02,-0.000000000000000000e+00
-0.000000000000000000e+00,-0.000000000000000000e+00,-0.000000000000000000e+00,0.000000000000000000e+00,-0.000000000000000000e+00,-0.000000000000000000e+00,-0.000000000000000000e+00,0.000000000000000000e+00,-1.748423712729614832e-01,-0.000000000000000000e+00,-0.000000000000000000e+00,0.000000000000000000e+00,-0.000000000000000000e+00,-1.065864550132568644e-01,-0.000000000000000000e+00,-0.000000000000000000e+00,-0.000000000000000000e+00,-0.000000000000000000e+00,-0.000000000000000000e+00,-0.000000000000000000e+00,0.000000000000000000e+00,0.000000000000000000e+00,-0.000000000000000000e+00,1.057016823205078504e+00,-0.000000000000000000e+00,-0.000000000000000000e+00,0.000000000000000000e+00,-0.000000000000000000e+00,-0.000000000000000000e+00,-2.890049389782072507e-03,0.000000000000000000e+00,-0.000000000000000000e+00,-0.000000000000000000e+00,-2.112798372499626737e-02,-0.000000000000000000e+00,0.000000000000000000e+00,-0.000000000000000000e+00,-0.000000000000000000e+00,-0.000000000000000000e+00
-7.941843723752702033e-02,-0.000000000000000000e+00,-0.000000000000000000e+00,0.000000000000000000e+00,-0.000000000000000000e+00,-4.692237396465162580e-02,-0.000000000000000000e+00,9.438749586580599815e-02,-3.407450451813191783e-02,-9.399350273838155689e-02,-1.944535173011618240e-02,5.750509666089795996e-02,-0.000000000000000000e+00,-8.164844339380292193e-02,-1.948734959465088165e-02,-1.110046629501992010e-01,-6.482741477786052586e-02,-0.000000000000000000e+00,-0.000000000000000000e+00,-8.554986840180406338e-02,9.901884938044748768e-04,0.000000000000000000e+00,-2.262062448008583249e-01,-0.000000000000000000e+00,1.495768920170214678e+00,-1.867441942803555952e-02,0.000000000000000000e+00,-0.000000000000000000e+00,-9.652505934901776941e-02,-0.000000000000000000e+00,0.000000000000000000e+00,-0.000000000000000000e+00,-6.675907358179079820e-02,-7.004692831841179135e-02,-4.818137616660955747e-02,0.000000000000000000e+00,-1.225955860711638000e-02,-1.536145582822722733e-01,-0.000000000000000000e+00
-1.138637739605515287e-01,-0.000000000000000000e+00,-0.000000000000000000e+00,0.000000000000000000e+00,-0.000000000000000000e+00,-3.869558313432118479e-02,-0.000000000000000000e+00,0.000000000000000000e+00,-4.202335943374114341e-02,-0.000000000000000000e+00,-0.000000000000000000e+00,0.000000000000000000e+00,-5.048857992049723097e-03,-1.206284857666089921e-01,-1.511384546792411687e-01,-2.947612014792184987e-02,-0.000000000000000000e+00,-0.000000000000000000e+00,-0.000000000000000000e+00,-1.016401827047918732e-01,0.000000000000000000e+00,0.000000000000000000e+00,-3.996655830237171719e-02,-0.000000000000000000e+00,-1.867441942803555952e-02,1.393422931963164357e+00,0.000000000000000000e+00,-1.222228624327609259e-01,-2.467519734980146429e-01,-0.000000000000000000e+00,0.000000000000000000e+00,-0.000000000000000000e+00,-2.359879233542312715e-02,-0.000000000000000000e+00,-9.891940938521204263e-02,0.000000000000000000e+00,-1.542738214143670183e-01,-2.959113982801042653e-02,-0.000000000000000000e+00
0.000000000000000000e+00,-0.000000000000000000e+00,-0.000000000000000000e+00,0.000000000000000000e+00,-0.000000000000000000e+00,0.000000000000000000e+00,0.000000000000000000e+00,-0.000000000000000000e+00,0.000000000000000000e+00,-0.000000000000000000e+00,0.000000000000000000e+00,-0.000000000000000000e+00,0.000000000000000000e+00,0.000000000000000000e+00,0.000000000000000000e+00,0.000000000000000000e+00,0.000000000000000000e+00,-0.000000000000000000e+00,-0.000000000000000000e+00,0.000000000000000000e+00,-0.000000000000000000e+00,-0.000000000000000000e+00,0.000000000000000000e+00,0.000000000000000000e+00,0.000000000000000000e+00,0.000000000000000000e+00,1.015612467504261263e+00,0.000000000000000000e+00,0.000000000000000000e+00,-0.000000000000000000e+00,-1.259213279005476915e-01,-0.000000000000000000e+00,0.000000000000000000e+00,0.000000000000000000e+00,0.000000000000000000e+00,-0.000000000000000000e+00,-0.000000000000000000e+00,0.000000000000000000e+00,-0.000000000000000000e+00
-0.000000000000000000e+00,0.000000000000000000e+00,-0.000000000000000000e+00,0.000000000000000000e+00,-0.000000000000000000e+00,-0.000000000000000000e+00,-0.000000000000000000e+00,0.000000000000000000e+00,-0.000000000000000000e+00,-0.000000000000000000e+00,-0.000000000000000000e+00,0.000000000000000000e+00,-0.000000000000000000e+00,-0.000000000000000000e+00,-0.000000000000000000e+00,-0.000000000000000000e+00,-0.000000000000000000e+00,-0.000000000000000000e+00,-0.000000000000000000e+00,-0.000000000000000000e+00,0.000000000000000000e+00,0.000000000000000000e+00,-0.000000000000000000e+00,-0.000000000000000000e+00,-0.000000000000000000e+00,-1.222228624327609259e-01,0.000000000000000000e+00,1.016762997233171761e+00,-1.922796911473655460e-02,-0.000000000000000000e+00,0.000000000000000000e+00,-0.000000000000000000e+00,-0.000000000000000000e+00,-0.000000000000000000e+00,-0.000000000000000000e+00,-0.000000000000000000e+00,-0.000000000000000000e+00,-0.000000000000000000e+00,-0.000000000000000000e+00
-1.656171078041961953e-01,-0.000000000000000000e+00,-0.000000000000000000e+00,0.000000000000000000e+00,-0.000000000000000000e+00,-1.028088393532201883e-02,-0.000000000000000000e+00,0.000000000000000000e+00,-0.000000000000000000e+00,-0.000000000000000000e+00,-0.000000000000000000e+00,7.832704450743074864e-02,-5.900777830603849000e-02,-2.267356819484232094e-03,-0.000000000000000000e+00,-0.000000000000000000e+00,-1.030470959400955205e-02,-0.000000000000000000e+00,0.000000000000000000e+00,-1.048677786150721825e-01,4.546150509810640422e-03,0.000000000000000000e+00,-4.419442038077291135e-02,-0.000000000000000000e+00,-9.652505934901776941e-02,-2.467519734980146429e-01,0.000000000000000000e+00,-1.922796911473655460e-02,1.371013742826674209e+00,-0.000000000000000000e+00,4.856145930701732255e-02,-0.000000000000000000e+00,-3.638891525140225142e-03,-0.000000000000000000e+00,-1.762576752526927026e-01,0.000000000000000000e+00,-2.476508724162871170e-02,-6.627704750309547366e-02,0.000000000000000000e+00
-0.000000000000000000e+00,-0.000000000000000000e+00,-1.967917041715082083e-01,0.000000000000000000e+00,-8.486596504992813261e-02,-0.000000000000000000e+00,-0.000000000000000000e+00,0.000000000000000000e+00,-9.843677832888363122e-02,-1.708798023964981094e-01,-0.000000000000000000e+00,0.000000000000000000e+00,-0.000000000000000000e+00,-5.947241991888081725e-02,-0.000000000000000000e+00,-1.671167943704478798e-01,-0.000000000000000000e+00,-6.283706004031269776e-02,-0.000000000000000000e+00,-0.000000000000000000e+00,0.000000000000000000e+00,-0.000000000000000000e+00,-0.000000000000000000e+00,-2.890049389782072507e-03,-0.000000000000000000e+00,-0.000000000000000000e+00,-0.000000000000000000e+00,-0.000000000000000000e+00,-0.000000000000000000e+00,1.211996057789550107e+00,0.000000000000000000e+00,-0.000000000000000000e+00,-0.000000000000000000e+00,-0.000000000000000000e+00,-0.000000000000000000e+00,-0.000000000000000000e+00,-0.000000000000000000e+00,-0.000000000000000000e+00,-5.023734027062523588e-02
1.500667018193181657e-01,-0.000000000000000000e+00,-0.000000000000000000e+00,-0.000000000000000000e+00,0.000000000000000000e+00,0.000000000000000000e+00,0.000000000000000000e+00,-0.000000000000000000e+00,0.000000000000000000e+00,0.000000000000000000e+00,0.000000000000000000e+00,-2.753704095016199296e-02,2.740329101521933874e-01,0.000000000000000000e+00,1.202614858690033862e-03,0.000000000000000000e+00,0.000000000000000000e+00,-0.000000000000000000e+00,-0.000000000000000000e+00,0.000000000000000000e+00,-1.072675212138607392e-01,-2.324254791397920572e-01,0.000000000000000000e+00,0.000000000000000000e+00,0.000000000000000000e+00,0.000000000000000000e+00,-1.259213279005476915e-01,0.000000000000000000e+00,4.856145930701732255e-02,0.000000000000000000e+00,1.340671488190204652e+00,0.000000000000000000e+00,0.000000000000000000e+00,0.000000000000000000e+00,0.000000000000000000e+00,-6.320185369602474013e-02,0.000000000000000000e+00,1.469805817109341994e-01,-0.000000000000000000e+00
-0.000000000000000000e+00,-0.000000000000000000e+00,-0.000000000000000000e+00,0.000000000000000000e+00,-0.000000000000000000e+00,-1.719524809963524359e-01,-0.000000000000000000e+00,8.322858760482980400e-02,-1.825257607606951479e-02,-1.632085227473939817e-02,-1.604831716761872251e-01,0.000000000000000000e+00,-1.028852415641458642e-02,-6.548004709362763298e-02,-1.875530456473991497e-02,-0.000000000000000000e+00,-8.200591803214539455e-02,-0.000000000000000000e+00,0.000000000000000000e+00,-0.000000000000000000e+00,1.193968086034150888e-01,0.000000000000000000e+00,-1.964112694766833450e-02,-0.000000000000000000e+00,-0.000000000000000000e+00,-0.000000000000000000e+00,-0.000000000000000000e+00,-0.000000000000000000e+00,-0.000000000000000000e+00,-0.000000000000000000e+00,0.000000000000000000e+00,1.260389305779587188e+00,-9.764017770115031303e-02,-3.077856715129208970e-02,-0.000000000000000000e+00,0.000000000000000000e+00,-1.043293286503512059e-02,-0.000000000000000000e+00,-0.000000000000000000e+00
-0.000000000000000000e+00,-0.000000000000000000e+00,-0.000000000000000000e+00,0.000000000000000000e+00,-2.240652677231616194e-02,-7.855062635391231451e-02,-0.000000000000000000e+00,1.030505899750883553e-01,-7.076301895111219986e-02,-4.542341172921813414e-02,-1.213629049588493825e-01,0.000000000000000000e+00,-0.000000000000000000e+00,-1.818858905695126815e-01,-1.264886380885122397e-01,-7.113264807310964999e-02,-6.537024234406765832e-02,-0.000000000000000000e+00,-0.000000000000000000e+00,-5.078091324192364475e-02,0.000000000000000000e+00,0.000000000000000000e+00,-1.217011683943614864e-01,-0.000000000000000000e+00,-6.675907358179079820e-02,-2.359879233542312715e-02,0.000000000000000000e+00,-0.000000000000000000e+00,-3.638891525140225142e-03,-0.000000000000000000e+00,0.000000000000000000e+00,-9.764017770115031303e-02,1.507826032664375093e+00,-2.032596731537220924e-01,-0.000000000000000000e+00,0.000000000000000000e+00,-6.192165860709299835e-02,-0.000000000000000000e+00,-0.000000000000000000e+00
-0.000000000000000000e+00,-0.000000000000000000e+00,-0.000000000000000000e+00,0.000000000000000000e+00,-1.620867021093420346e-01,-1.262739803090682719e-02,-0.000000000000000000e+00,1.292590320379047031e-01,-1.668703992820514681e-01,-0.000000000000000000e+00,-0.000000000000000000e+00,0.000000000000000000e+00,-0.000000000000000000e+00,-1.477687064129779571e-01,-2.528310963722157217e-02,-0.000000000000000000e+00,-0.000000000000000000e+00,-0.000000000000000000e+00,-0.000000000000000000e+00,-4.402718160686294735e-02,0.000000000000000000e+00,0.000000000000000000e+00,-8.626031486861153452e-02,-2.112798372499626737e-02,-7.004692831841179135e-02,-0.000000000000000000e+00,0.000000000000000000e+00,-0.000000000000000000e+00,-0.000000000000000000e+00,-0.000000000000000000e+00,0.000000000000000000e+00,-3.077856715129208970e-02,-2.032596731537220924e-01,1.351452916268421456e+00,-0.000000000000000000e+00,0.000000000000000000e+00,-0.000000000000000000e+00,-0.000000000000000000e+00,-0.000000000000000000e+00
-9.785860694428490103e-02,-0.000000000000000000e+00,-0.000000000000000000e+00,0.000000000000000000e+00,-0.000000000000000000e+00,-1.080336957159463013e-01,-0.000000000000000000e+00,0.000000000000000000e+00,-0.000000000000000000e+00,-0.000000000000000000e+00,-0.000000000000000000e+00,7.678890079569702931e-02,-9.133251004202927459e-02,-0.000000000000000000e+00,-0.000000000000000000e+00,-0.000000000000000000e+00,-4.319890205709989855e-02,-0.000000000000000000e+00,0.000000000000000000e+00,-1.046873189033095813e-01,3.895887223873285149e-02,0.000000000000000000e+00,-0.000000000000000000e+00,-0.000000000000000000e+00,-4.818137616660955747e-02,-9.891940938521204263e-02,0.000000000000000000e+00,-0.000000000000000000e+00,-1.762576752526927026e-01,-0.000000000000000000e+00,0.000000000000000000e+00,-0.000000000000000000e+00,-0.000000000000000000e+00,-0.000000000000000000e+00,1.332600307480408919e+00,0.000000000000000000e+00,-1.782853563134520203e-01,-3.953801597423335645e-02,0.000000000000000000e+00
0.000000000000000000e+00,-0.000000000000000000e+00,-0.000000000000000000e+00,-0.000000000000000000e+00,-0.000000000000000000e+00,0.000000000000000000e+00,0.000000000000000000e+00,-0.000000000000000000e+00,0.000000000000000000e+00,-0.000000000000000000e+00,0.000000000000000000e+00,-0.000000000000000000e+00,0.000000000000000000e+00,0.000000000000000000e+00,0.000000000000000000e+00,0.000000000000000000e+00,0.000000000000000000e+00,-0.000000000000000000e+00,-0.000000000000000000e+00,0.000000000000000000e+00,-0.000000000000000000e+00,-0.000000000000000000e+00,0.000000000000000000e+00,0.000000000000000000e+00,0.000000000000000000e+00,0.000000000000000000e+00,-0.000000000000000000e+00,-0.000000000000000000e+00,0.000000000000000000e+00,-0.000000000000000000e+00,-6.320185369602474013e-02,0.000000000000000000e+00,0.000000000000000000e+00,0.000000000000000000e+00,0.000000000000000000e+00,1.003978644138243004e+00,0.000000000000000000e+00,0.000000000000000000e+00,-0.000000000000000000e+00
-0.000000000000000000e+00,-0.000000000000000000e+00,-0.000000000000000000e+00,0.000000000000000000e+00,-0.000000000000000000e+00,-8.644040676189750083e-02,-0.000000000000000000e+00,0.000000000000000000e+00,-0.000000000000000000e+00,-1.367472091885423534e-02,-2.296319323273656246e-02,0.000000000000000000e+00,-0.000000000000000000e+00,-1.196043657704827790e-01,-0.000000000000000000e+00,-2.569614701845217633e-02,-3.360386538390430777e-02,-0.000000000000000000e+00,-0.000000000000000000e+00,-2.079464091387505167e-02,0.000000000000000000e+00,0.000000000000000000e+00,-1.427820195316161292e-02,-0.000000000000000000e+00,-1.225955860711638000e-02,-1.542738214143670183e-01,-0.000000000000000000e+00,-0.000000000000000000e+00,-2.476508724162871170e-02,-0.000000000000000000e+00,0.000000000000000000e+00,-1.043293286503512059e-02,-6.192165860709299835e-02,-0.000000000000000000e+00,-1.782853563134520203e-01,0.000000000000000000e+00,1.192520274371378086e+00,-0.000000000000000000e+00,-0.000000000000000000e+00
-1.442047418098504341e-01,-0.000000000000000000e+00,-0.000000000000000000e+00,0.000000000000000000e+00,-0.000000000000000000e+00,-1.178960148368582601e-02,-7.322470621000984337e-02,1.924302059378254180e-03,-0.000000000000000000e+00,-0.000000000000000000e+00,-0.000000000000000000e+00,1.596360922546613270e-01,-1.307739048458906317e-01,-0.000000000000000000e+00,-1.401997531858336921e-01,-1.487470017172263202e-02,-7.061761023870602449e-02,-0.000000000000000000e+00,-0.000000000000000000e+00,-8.087212457575088109e-02,7.175704533143195674e-02,0.000000000000000000e+00,-7.228635053775195329e-02,-0.000000000000000000e+00,-1.536145582822722733e-01,-2.959113982801042653e-02,0.000000000000000000e+00,-0.000000000000000000e+00,-6.627704750309547366e-02,-0.000000000000000000e+00,1.469805817109341994e-01,-0.000000000000000000e+00,-0.000000000000000000e+00,-0.000000000000000000e+00,-3.953801597423335645e-02,0.000000000000000000e+00,-0.000000000000000000e+00,1.472204753353904216e+00,-0.000000000000000000e+00
-0.000000000000000000e+00,-0.000000000000000000e+00,-2.139066594562705724e-03,0.000000000000000000e+00,-0.000000000000000000e+00,-0.000000000000000000e+00,-0.000000000000000000e+00,0.000000000000000000e+00,-0.000000000000000000e+00,-1.140447931475084276e-01,-0.000000000000000000e+00,0.000000000000000000e+00,-0.000000000000000000e+00,-0.000000000000000000e+00,-0.000000000000000000e+00,-0.000000000000000000e+00,-0.000000000000000000e+00,-8.518776113269306560e-02,-3.986171265728701701e-02,-0.000000000000000000e+00,0.000000000000000000e+00,-0.000000000000000000e+00,-0.000000000000000000e+00,-0.000000000000000000e+00,-0.000000000000000000e+00,-0.000000000000000000e+00,-0.000000000000000000e+00,-0.000000000000000000e+00,0.000000000000000000e+00,-5.023734027062523588e-02,-0.000000000000000000e+00,-0.000000000000000000e+00,-0.000000000000000000e+00,-0.000000000000000000e+00,0.000000000000000000e+00,-0.000000000000000000e+00,-0.000000000000000000e+00,-0.000000000000000000e+00,1.030895829060828328e+00
