2.190915800192867025e+00,-0.000000000000000000e+00,-4.669346576315513975e-02,0.000000000000000000e+00,-3.226129682005256932e-02,0.000000000000000000e+00,0.000000000000000000e+00,0.000000000000000000e+00,-0.000000000000000000e+00,-2.006792294425097378e-01,-0.000000000000000000e+00,0.000000000000000000e+00,-0.000000000000000000e+00,-1.443757421062758506e-01,-0.000000000000000000e+00,-2.485812612502333596e-01,0.000000000000000000e+00,-1.552832451043087147e-01,0.000000000000000000e+00,-0.000000000000000000e+00,-0.000000000000000000e+00,-0.000000000000000000e+00,0.000000000000000000e+00,-0.000000000000000000e+00,-0.000000000000000000e+00,-4.145193845208978989e-02,0.000000000000000000e+00,-2.200592162530844165e-01,-2.961979658951084393e-01,-3.667593033754966703e-01,-0.000000000000000000e+00,1.827861998790877851e-01,-1.032285319947350566e-01,-0.000000000000000000e+00,-2.557503012579081039e-03,-0.000000000000000000e+00,-0.000000000000000000e+00,-8.493339476163014323e-02,-3.439124489720131184e-01
-0.000000000000000000e+00,1.364042173917453971e+00,-0.000000000000000000e+00,-9.817166543882016594e-02,-2.662717116518475632e-02,-0.000000000000000000e+00,-5.437858503297260393e-02,0.000000000000000000e+00,-9.503517857582374773e-02,-1.234515232422322417e-01,0.000000000000000000e+00,-0.000000000000000000e+00,0.000000000000000000e+00,-0.000000000000000000e+00,0.000000000000000000e+00,-0.000000000000000000e+00,-0.000000000000000000e+00,0.000000000000000000e+00,-0.000000000000000000e+00,-0.000000000000000000e+00,0.000000000000000000e+00,-2.767239617212566283e-01,-0.000000000000000000e+00,-0.000000000000000000e+00,-0.000000000000000000e+00,0.000000000000000000e+00,-5.206680767964775441e-02,0.000000000000000000e+00,0.000000000000000000e+00,-0.000000000000000000e+00,-1.857225616192189066e-01,-0.000000000000000000e+00,-0.000000000000000000e+00,-7.772011454624352944e-02,0.000000000000000000e+00,-1.229979786008209702e-01,-0.000000000000000000e+00,0.000000000000000000e+00,-2.424970313468776187e-02
-4.669346576315513975e-02,-0.000000000000000000e+00,2.041250159747848070e+00,0.000000000000000000e+00,-6.008008208091866198e-01,-0.000000000000000000e+00,0.000000000000000000e+00,2.115784802172108181e-01,-5.071365081881660380e-02,-1.056359028665130040e-01,-0.000000000000000000e+00,0.000000000000000000e+00,0.000000000000000000e+00,-0.000000000000000000e+00,-0.000000000000000000e+00,-1.233111094289612159e-01,0.000000000000000000e+00,-2.245574363992111633e-02,-0.000000000000000000e+00,-0.000000000000000000e+00,-0.000000000000000000e+00,-7.451530143150500440e-02,-0.000000000000000000e+00,-0.000000000000000000e+00,-0.000000000000000000e+00,-0.000000000000000000e+00,-0.000000000000000000e+00,-9.612917587561845001e-02,-0.000000000000000000e+00,-2.650847970691076402e-02,-0.000000000000000000e+00,0.000000000000000000e+00,-4.089090591933732255e-01,-3.550286133717441839e-01,-0.000000000000000000e+00,-0.000000000000000000e+00,-0.000000000000000000e+00,-0.000000000000000000e+00,-0.000000000000000000e+00
0.000000000000000000e+00,-9.817166543882016594e-02,0.000000000000000000e+00,2.270345919615792241e+00,0.000000000000000000e+00,-8.331034572251247439e-02,-1.203082245077246731e-01,-0.000000000000000000e+00,0.000000000000000000e+00,0.000000000000000000e+00,1.696583538078434705e-01,-3.670962063875838344e-01,0.000000000000000000e+00,0.000000000000000000e+00,7.564437788268946194e-01,-0.000000000000000000e+00,0.000000000000000000e+00,-0.000000000000000000e+00,0.000000000000000000e+00,-0.000000000000000000e+00,1.554373032577255342e-01,-5.818700546936115409e-02,-0.000000000000000000e+00,-0.000000000000000000e+00,-0.000000000000000000e+00,4.060188052506299439e-01,-5.352569226429652188e-02,0.000000000000000000e+00,7.050839411409699775e-02,0.000000000000000000e+00,-0.000000000000000000e+00,-0.000000000000000000e+00,0.000000000000000000e+00,-0.000000000000000000e+00,0.000000000000000000e+00,-0.000000000000000000e+00,-0.000000000000000000e+00,1.973546847054130360e-01,-0.000000000000000000e+00
-3.226129682005256932e-02,-2.662717116518475632e-02,-6.008008208091866198e-01,0.000000000000000000e+00,1.953813415060547509e+00,-0.000000000000000000e+00,0.000000000000000000e+00,2.809475592172214764e-01,-3.589599165455596430e-01,-1.125134908446865506e-01,-0.000000000000000000e+00,0.000000000000000000e+00,0.000000000000000000e+00,-8.439272267453779008e-02,-0.000000000000000000e+00,-0.000000000000000000e+00,0.000000000000000000e+00,-0.000000000000000000e+00,-0.000000000000000000e+00,-0.000000000000000000e+00,-0.000000000000000000e+00,-0.000000000000000000e+00,0.000000000000000000e+00,-0.000000000000000000e+00,-0.000000000000000000e+00,-0.000000000000000000e+00,0.000000000000000000e+00,-0.000000000000000000e+00,-0.000000000000000000e+00,-2.514265163246400259e-01,-0.000000000000000000e+00,0.000000000000000000e+00,-0.000000000000000000e+00,-7.730656484585178567e-02,-0.000000000000000000e+00,-0.000000000000000000e+00,-0.000000000000000000e+00,-1.305278048610994113e-01,-0.000000000000000000e+00
0.000000000000000000e+00,-0.000000000000000000e+00,-0.000000000000000000e+00,-8.331034572251247439e-02,-0.000000000000000000e+00,1.972431302125047470e+00,-0.000000000000000000e+00,-1.498988089268347146e-01,-0.000000000000000000e+00,-0.000000000000000000e+00,0.000000000000000000e+00,-0.000000000000000000e+00,2.434464120879818172e-01,-0.000000000000000000e+00,0.000000000000000000e+00,-0.000000000000000000e+00,0.000000000000000000e+00,-0.000000000000000000e+00,0.000000000000000000e+00,-0.000000000000000000e+00,0.000000000000000000e+00,-2.045338805879697019e-01,-0.000000000000000000e+00,-2.647420379349792463e-01,-6.032532209467676987e-01,0.000000000000000000e+00,-1.354078085008214027e-01,0.000000000000000000e+00,0.000000000000000000e+00,0.000000000000000000e+00,-0.000000000000000000e+00,-0.000000000000000000e+00,-0.000000000000000000e+00,-0.000000000000000000e+00,-0.000000000000000000e+00,-0.000000000000000000e+00,-3.143319031821760756e-01,0.000000000000000000e+00,-0.000000000000000000e+00
0.000000000000000000e+00,-5.437858503297260393e-02,0.000000000000000000e+00,-1.203082245077246731e-01,0.000000000000000000e+00,-0.000000000000000000e+00,1.482191262446413749e+00,-1.734083175853602943e-01,-0.000000000000000000e+00,-0.000000000000000000e+00,0.000000000000000000e+00,-0.000000000000000000e+00,1.686245866372181323e-01,-0.000000000000000000e+00,0.000000000000000000e+00,-0.000000000000000000e+00,-0.000000000000000000e+00,0.000000000000000000e+00,-0.000000000000000000e+00,-1.419678668914401143e-01,-0.000000000000000000e+00,-0.000000000000000000e+00,-1.288357597847155367e-01,-4.449619090382338910e-03,-0.000000000000000000e+00,0.000000000000000000e+00,-2.325156000555239286e-02,0.000000000000000000e+00,0.000000000000000000e+00,0.000000000000000000e+00,-1.160409612200438562e-01,-4.069885955948220335e-01,-0.000000000000000000e+00,-0.000000000000000000e+00,0.000000000000000000e+00,-0.000000000000000000e+00,-0.000000000000000000e+00,1.857376794008353330e-02,0.000000000000000000e+00
0.000000000000000000e+00,0.000000000000000000e+00,2.115784802172108181e-01,-0.000000000000000000e+00,2.809475592172214764e-01,-1.498988089268347146e-01,-1.734083175853602943e-01,1.211365514853139258e+00,0.000000000000000000e+00,0.000000000000000000e+00,0.000000000000000000e+00,-0.000000000000000000e+00,3.198988566589438393e-02,-0.000000000000000000e+00,0.000000000000000000e+00,0.000000000000000000e+00,-0.000000000000000000e+00,0.000000000000000000e+00,0.000000000000000000e+00,-0.000000000000000000e+00,0.000000000000000000e+00,-0.000000000000000000e+00,-0.000000000000000000e+00,-1.143170496146415742e-02,-0.000000000000000000e+00,0.000000000000000000e+00,-4.991221767852328794e-02,0.000000000000000000e+00,0.000000000000000000e+00,0.000000000000000000e+00,-0.000000000000000000e+00,-3.851432766245552891e-02,-0.000000000000000000e+00,0.000000000000000000e+00,-0.000000000000000000e+00,-0.000000000000000000e+00,-0.000000000000000000e+00,0.000000000000000000e+00,-0.000000000000000000e+00
-0.000000000000000000e+00,-9.503517857582374773e-02,-5.071365081881660380e-02,0.000000000000000000e+00,-3.589599165455596430e-01,-0.000000000000000000e+00,-0.000000000000000000e+00,0.000000000000000000e+00,2.373152346236993893e+00,-5.347180737149844765e-01,-0.000000000000000000e+00,0.000000000000000000e+00,0.000000000000000000e+00,-3.989914742565647265e-01,-0.000000000000000000e+00,-0.000000000000000000e+00,-0.000000000000000000e+00,-0.000000000000000000e+00,-0.000000000000000000e+00,-7.752628381044078532e-02,-1.863483224318479570e-01,-0.000000000000000000e+00,-0.000000000000000000e+00,-6.006726783036673428e-02,-8.556657252831816052e-02,-0.000000000000000000e+00,-0.000000000000000000e+00,-0.000000000000000000e+00,-0.000000000000000000e+00,-3.691989834381807500e-01,-3.262071832889489875e-01,-0.000000000000000000e+00,-3.829705894966120572e-02,-0.000000000000000000e+00,-0.000000000000000000e+00,-0.000000000000000000e+00,-0.000000000000000000e+00,-0.000000000000000000e+00,-0.000000000000000000e+00
-2.006792294425097378e-01,-1.234515232422322417e-01,-1.056359028665130040e-01,0.000000000000000000e+00,-1.125134908446865506e-01,-0.000000000000000000e+00,-0.000000000000000000e+00,0.000000000000000000e+00,-5.347180737149844765e-01,2.380385501969564555e+00,-0.000000000000000000e+00,0.000000000000000000e+00,0.000000000000000000e+00,-2.081808509749958069e-01,-0.000000000000000000e+00,-2.126756917183735551e-01,-0.000000000000000000e+00,-0.000000000000000000e+00,-0.000000000000000000e+00,-0.000000000000000000e+00,-0.000000000000000000e+00,-0.000000000000000000e+00,-0.000000000000000000e+00,-1.164671313448088219e-01,-3.705887355243169812e-01,-0.000000000000000000e+00,-0.000000000000000000e+00,-0.000000000000000000e+00,-0.000000000000000000e+00,-1.681442619018696794e-01,-0.000000000000000000e+00,0.000000000000000000e+00,-2.246619764735522939e-01,-0.000000000000000000e+00,-0.000000000000000000e+00,-0.000000000000000000e+00,-0.000000000000000000e+00,-0.000000000000000000e+00,-2.075370650653596827e-01
-0.000000000000000000e+00,0.000000000000000000e+00,-0.000000000000000000e+00,1.696583538078434705e-01,-0.000000000000000000e+00,0.000000000000000000e+00,0.000000000000000000e+00,0.000000000000000000e+00,-0.000000000000000000e+00,-0.000000000000000000e+00,1.335610809472328020e+00,1.289195924722428832e-01,-0.000000000000000000e+00,-0.000000000000000000e+00,-7.437257232187202693e-02,0.000000000000000000e+00,-0.000000000000000000e+00,0.000000000000000000e+00,0.000000000000000000e+00,0.000000000000000000e+00,-0.000000000000000000e+00,0.000000000000000000e+00,5.118093752036110416e-02,0.000000000000000000e+00,-0.000000000000000000e+00,-2.742884590689182930e-02,0.000000000000000000e+00,-0.000000000000000000e+00,-2.560861640071975809e-01,-3.656907143274570199e-02,-0.000000000000000000e+00,0.000000000000000000e+00,-0.000000000000000000e+00,0.000000000000000000e+00,-0.000000000000000000e+00,1.029767061877427670e-03,0.000000000000000000e+00,-1.491240105393684956e-01,-0.000000000000000000e+00
0.000000000000000000e+00,-0.000000000000000000e+00,0.000000000000000000e+00,-3.670962063875838344e-01,0.000000000000000000e+00,-0.000000000000000000e+00,-0.000000000000000000e+00,-0.000000000000000000e+00,0.000000000000000000e+00,0.000000000000000000e+00,1.289195924722428832e-01,1.898804732809852513e+00,0.000000000000000000e+00,0.000000000000000000e+00,2.544870988178361548e-01,-0.000000000000000000e+00,0.000000000000000000e+00,-0.000000000000000000e+00,0.000000000000000000e+00,-0.000000000000000000e+00,0.000000000000000000e+00,-7.172950467551771070e-02,-2.907625410997062287e-01,-0.000000000000000000e+00,-0.000000000000000000e+00,0.000000000000000000e+00,-5.755794299215569731e-01,0.000000000000000000e+00,0.000000000000000000e+00,0.000000000000000000e+00,-0.000000000000000000e+00,-0.000000000000000000e+00,-0.000000000000000000e+00,-5.286539325274956964e-03,0.000000000000000000e+00,-1.891242331291982659e-01,-0.000000000000000000e+00,1.875084466668788252e-01,-0.000000000000000000e+00
-0.000000000000000000e+00,0.000000000000000000e+00,0.000000000000000000e+00,0.000000000000000000e+00,0.000000000000000000e+00,2.434464120879818172e-01,1.686245866372181323e-01,3.198988566589438393e-02,0.000000000000000000e+00,0.000000000000000000e+00,-0.000000000000000000e+00,0.000000000000000000e+00,2.083677778836535044e+00,0.000000000000000000e+00,-0.000000000000000000e+00,0.000000000000000000e+00,0.000000000000000000e+00,0.000000000000000000e+00,0.000000000000000000e+00,2.652497447316874979e-01,0.000000000000000000e+00,4.142753078281018186e-02,0.000000000000000000e+00,0.000000000000000000e+00,0.000000000000000000e+00,-0.000000000000000000e+00,4.231045511405969184e-01,-0.000000000000000000e+00,-0.000000000000000000e+00,-0.000000000000000000e+00,5.065007803133498854e-01,6.293456621131057749e-02,0.000000000000000000e+00,0.000000000000000000e+00,-0.000000000000000000e+00,0.000000000000000000e+00,3.196007990005525490e-01,-0.000000000000000000e+00,0.000000000000000000e+00
-1.443757421062758506e-01,-0.000000000000000000e+00,-0.000000000000000000e+00,0.000000000000000000e+00,-8.439272267453779008e-02,-0.000000000000000000e+00,-0.000000000000000000e+00,-0.000000000000000000e+00,-3.989914742565647265e-01,-2.081808509749958069e-01,-0.000000000000000000e+00,0.000000000000000000e+00,0.000000000000000000e+00,2.434227075704086918e+00,-0.000000000000000000e+00,-1.238252494478155746e-01,-0.000000000000000000e+00,-0.000000000000000000e+00,-0.000000000000000000e+00,-5.131879019790346746e-02,-1.252425995368986467e-01,-0.000000000000000000e+00,-0.000000000000000000e+00,-2.078866986913132653e-01,-0.000000000000000000e+00,-7.443170240636493018e-02,-0.000000000000000000e+00,-3.330587988666484645e-01,-1.006236945621925144e-02,-2.444139444526945426e-01,-0.000000000000000000e+00,0.000000000000000000e+00,-3.657553575538978752e-01,-0.000000000000000000e+00,-2.854296067336701825e-01,-0.000000000000000000e+00,-0.000000000000000000e+00,-0.000000000000000000e+00,-0.000000000000000000e+00
-0.000000000000000000e+00,0.000000000000000000e+00,-0.000000000000000000e+00,7.564437788268946194e-01,-0.000000000000000000e+00,0.000000000000000000e+00,0.000000000000000000e+00,0.000000000000000000e+00,-0.000000000000000000e+00,-0.000000000000000000e+00,-7.437257232187202693e-02,2.544870988178361548e-01,-0.000000000000000000e+00,-0.000000000000000000e+00,2.647445159657142444e+00,0.000000000000000000e+00,-8.188240212979177104e-03,0.000000000000000000e+00,-0.000000000000000000e+00,-0.000000000000000000e+00,-3.953585222340905703e-01,0.000000000000000000e+00,0.000000000000000000e+00,0.000000000000000000e+00,0.000000000000000000e+00,-4.821513669040758954e-01,0.000000000000000000e+00,-2.668379207908313511e-01,-8.066228779949247141e-02,-0.000000000000000000e+00,-0.000000000000000000e+00,0.000000000000000000e+00,-0.000000000000000000e+00,0.000000000000000000e+00,-0.000000000000000000e+00,0.000000000000000000e+00,0.000000000000000000e+00,-4.416148504523753626e-01,-0.000000000000000000e+00
-2.485812612502333596e-01,-0.000000000000000000e+00,-1.233111094289612159e-01,-0.000000000000000000e+00,-0.000000000000000000e+00,-0.000000000000000000e+00,-0.000000000000000000e+00,0.000000000000000000e+00,-0.000000000000000000e+00,-2.126756917183735551e-01,0.000000000000000000e+00,-0.000000000000000000e+00,0.000000000000000000e+00,-1.238252494478155746e-01,0.000000000000000000e+00,1.884049884331286062e+00,0.000000000000000000e+00,-1.130805986224436288e-01,-0.000000000000000000e+00,-0.000000000000000000e+00,-0.000000000000000000e+00,-0.000000000000000000e+00,-2.133983091872053706e-01,-4.118240771155155105e-02,-0.000000000000000000e+00,-0.000000000000000000e+00,-0.000000000000000000e+00,-0.000000000000000000e+00,-0.000000000000000000e+00,-0.000000000000000000e+00,-0.000000000000000000e+00,0.000000000000000000e+00,-1.062172666389381709e-01,-2.453581355377805473e-01,-2.339529487300970600e-01,-3.816669691502342920e-01,-0.000000000000000000e+00,-0.000000000000000000e+00,-0.000000000000000000e+00
0.000000000000000000e+00,-0.000000000000000000e+00,0.000000000000000000e+00,0.000000000000000000e+00,0.000000000000000000e+00,0.000000000000000000e+00,-0.000000000000000000e+00,-0.000000000000000000e+00,-0.000000000000000000e+00,-0.000000000000000000e+00,-0.000000000000000000e+00,0.000000000000000000e+00,0.000000000000000000e+00,-0.000000000000000000e+00,-8.188240212979177104e-03,0.000000000000000000e+00,1.227785670069883261e+00,1.770545440087668010e-01,-3.331300702854875229e-01,-0.000000000000000000e+00,-1.609013827943479857e-01,0.000000000000000000e+00,-0.000000000000000000e+00,-0.000000000000000000e+00,0.000000000000000000e+00,-0.000000000000000000e+00,-0.000000000000000000e+00,-0.000000000000000000e+00,0.000000000000000000e+00,-0.000000000000000000e+00,-1.254062037931071572e-01,-7.844287625131929342e-02,0.000000000000000000e+00,0.000000000000000000e+00,0.000000000000000000e+00,4.234939061079342343e-02,-0.000000000000000000e+00,-0.000000000000000000e+00,0.000000000000000000e+00
-1.552832451043087147e-01,0.000000000000000000e+00,-2.245574363992111633e-02,-0.000000000000000000e+00,-0.000000000000000000e+00,-0.000000000000000000e+00,0.000000000000000000e+00,0.000000000000000000e+00,-0.000000000000000000e+00,-0.000000000000000000e+00,0.000000000000000000e+00,-0.000000000000000000e+00,0.000000000000000000e+00,-0.000000000000000000e+00,0.000000000000000000e+00,-1.130805986224436288e-01,1.770545440087668010e-01,1.402645992580578316e+00,0.000000000000000000e+00,-0.000000000000000000e+00,0.000000000000000000e+00,-0.000000000000000000e+00,-0.000000000000000000e+00,-0.000000000000000000e+00,-0.000000000000000000e+00,-0.000000000000000000e+00,-0.000000000000000000e+00,-0.000000000000000000e+00,-0.000000000000000000e+00,-0.000000000000000000e+00,0.000000000000000000e+00,0.000000000000000000e+00,-1.955562346687894359e-01,-2.017036501191223352e-01,-1.376769547790031856e-01,-6.282099574637228789e-02,-0.000000000000000000e+00,-0.000000000000000000e+00,-1.890040055821800569e-01
0.000000000000000000e+00,-0.000000000000000000e+00,-0.000000000000000000e+00,0.000000000000000000e+00,-0.000000000000000000e+00,0.000000000000000000e+00,-0.000000000000000000e+00,0.000000000000000000e+00,-0.000000000000000000e+00,-0.000000000000000000e+00,0.000000000000000000e+00,0.000000000000000000e+00,0.000000000000000000e+00,-0.000000000000000000e+00,-0.000000000000000000e+00,-0.000000000000000000e+00,-3.331300702854875229e-01,0.000000000000000000e+00,1.641179493267299838e+00,-0.000000000000000000e+00,-6.524247643191095625e-01,-0.000000000000000000e+00,-1.065223756983064568e-01,-0.000000000000000000e+00,-0.000000000000000000e+00,-0.000000000000000000e+00,-0.000000000000000000e+00,-0.000000000000000000e+00,0.000000000000000000e+00,-0.000000000000000000e+00,-3.346626473522856249e-01,-1.196276752504303459e-01,-0.000000000000000000e+00,-0.000000000000000000e+00,0.000000000000000000e+00,0.000000000000000000e+00,-0.000000000000000000e+00,-0.000000000000000000e+00,5.224190340529670518e-02
-0.000000000000000000e+00,-0.000000000000000000e+00,-0.000000000000000000e+00,-0.000000000000000000e+00,-0.000000000000000000e+00,-0.000000000000000000e+00,-1.419678668914401143e-01,-0.000000000000000000e+00,-7.752628381044078532e-02,-0.000000000000000000e+00,0.000000000000000000e+00,-0.000000000000000000e+00,2.652497447316874979e-01,-5.131879019790346746e-02,-0.000000000000000000e+00,-0.000000000000000000e+00,-0.000000000000000000e+00,-0.000000000000000000e+00,-0.000000000000000000e+00,1.569318136451911094e+00,-0.000000000000000000e+00,-1.679768419383914912e-01,-0.000000000000000000e+00,-1.134860780676726771e-01,-0.000000000000000000e+00,-0.000000000000000000e+00,-0.000000000000000000e+00,-0.000000000000000000e+00,-0.000000000000000000e+00,-0.000000000000000000e+00,-9.573572623561230066e-02,-0.000000000000000000e+00,-2.327748240040898031e-01,-0.000000000000000000e+00,-0.000000000000000000e+00,-0.000000000000000000e+00,-1.898576927060980635e-01,-0.000000000000000000e+00,-0.000000000000000000e+00
-0.000000000000000000e+00,0.000000000000000000e+00,-0.000000000000000000e+00,1.554373032577255342e-01,-0.000000000000000000e+00,0.000000000000000000e+00,-0.000000000000000000e+00,0.000000000000000000e+00,-1.863483224318479570e-01,-0.000000000000000000e+00,-0.000000000000000000e+00,0.000000000000000000e+00,0.000000000000000000e+00,-1.252425995368986467e-01,-3.953585222340905703e-01,-0.000000000000000000e+00,-1.609013827943479857e-01,0.000000000000000000e+00,-6.524247643191095625e-01,-0.000000000000000000e+00,1.950258054469204971e+00,-0.000000000000000000e+00,-0.000000000000000000e+00,-0.000000000000000000e+00,-0.000000000000000000e+00,-0.000000000000000000e+00,-0.000000000000000000e+00,-3.500834095536265456e-01,-0.000000000000000000e+00,-0.000000000000000000e+00,-4.627001575019105278e-02,-0.000000000000000000e+00,-0.000000000000000000e+00,-0.000000000000000000e+00,-0.000000000000000000e+00,0.000000000000000000e+00,-0.000000000000000000e+00,-0.000000000000000000e+00,0.000000000000000000e+00
-0.000000000000000000e+00,-2.767239617212566283e-01,-7.451530143150500440e-02,-5.818700546936115409e-02,-0.000000000000000000e+00,-2.045338805879697019e-01,-0.000000000000000000e+00,-0.000000000000000000e+00,-0.000000000000000000e+00,-0.000000000000000000e+00,0.000000000000000000e+00,-7.172950467551771070e-02,4.142753078281018186e-02,-0.000000000000000000e+00,0.000000000000000000e+00,-0.000000000000000000e+00,0.000000000000000000e+00,-0.000000000000000000e+00,-0.000000000000000000e+00,-1.679768419383914912e-01,-0.000000000000000000e+00,2.055321634441947154e+00,-0.000000000000000000e+00,-9.096051163717246146e-02,-1.692007188956014541e-01,0.000000000000000000e+00,-1.533202911604005791e-01,-0.000000000000000000e+00,0.000000000000000000e+00,-0.000000000000000000e+00,-1.779920637365830505e-01,-0.000000000000000000e+00,-3.900610813911619679e-01,-2.887331174656380672e-01,-0.000000000000000000e+00,-0.000000000000000000e+00,-1.347340556029293646e-01,0.000000000000000000e+00,-0.000000000000000000e+00
0.000000000000000000e+00,-0.000000000000000000e+00,-0.000000000000000000e+00,-0.000000000000000000e+00,0.000000000000000000e+00,-0.000000000000000000e+00,-1.288357597847155367e-01,-0.000000000000000000e+00,-0.000000000000000000e+00,-0.000000000000000000e+00,5.118093752036110416e-02,-2.907625410997062287e-01,0.000000000000000000e+00,-0.000000000000000000e+00,0.000000000000000000e+00,-2.133983091872053706e-01,-0.000000000000000000e+00,-0.000000000000000000e+00,-1.065223756983064568e-01,-0.000000000000000000e+00,-0.000000000000000000e+00,-0.000000000000000000e+00,1.927428122071043859e+00,-3.657963966269748846e-01,-0.000000000000000000e+00,0.000000000000000000e+00,-4.045941612706110413e-01,0.000000000000000000e+00,0.000000000000000000e+00,0.000000000000000000e+00,-0.000000000000000000e+00,-2.204793386388648468e-01,-0.000000000000000000e+00,-2.974402732538647919e-03,-0.000000000000000000e+00,-0.000000000000000000e+00,-2.434875123990189183e-01,0.000000000000000000e+00,0.000000000000000000e+00
-0.000000000000000000e+00,-0.000000000000000000e+00,-0.000000000000000000e+00,-0.000000000000000000e+00,-0.000000000000000000e+00,-2.647420379349792463e-01,-4.449619090382338910e-03,-1.143170496146415742e-02,-6.006726783036673428e-02,-1.164671313448088219e-01,0.000000000000000000e+00,-0.000000000000000000e+00,0.000000000000000000e+00,-2.078866986913132653e-01,0.000000000000000000e+00,-4.118240771155155105e-02,-0.000000000000000000e+00,-0.000000000000000000e+00,-0.000000000000000000e+00,-1.134860780676726771e-01,-0.000000000000000000e+00,-9.096051163717246146e-02,-3.657963966269748846e-01,2.049816847462346381e+00,-0.000000000000000000e+00,-0.000000000000000000e+00,-4.054394167038144481e-02,-0.000000000000000000e+00,-0.000000000000000000e+00,-0.000000000000000000e+00,-5.658149218656823021e-02,-0.000000000000000000e+00,-1.386870964857231103e-01,-0.000000000000000000e+00,-8.604604706844279360e-02,-1.685651982333410959e-01,-4.296368968048365766e-01,0.000000000000000000e+00,-0.000000000000000000e+00
-0.000000000000000000e+00,-0.000000000000000000e+00,-0.000000000000000000e+00,-0.000000000000000000e+00,-0.000000000000000000e+00,-6.032532209467676987e-01,-0.000000000000000000e+00,-0.000000000000000000e+00,-8.556657252831816052e-02,-3.705887355243169812e-01,-0.000000000000000000e+00,-0.000000000000000000e+00,0.000000000000000000e+00,-0.000000000000000000e+00,0.000000000000000000e+00,-0.000000000000000000e+00,0.000000000000000000e+00,-0.000000000000000000e+00,-0.000000000000000000e+00,-0.000000000000000000e+00,-0.000000000000000000e+00,-1.692007188956014541e-01,-0.000000000000000000e+00,-0.000000000000000000e+00,1.961638485805323295e+00,-0.000000000000000000e+00,-0.000000000000000000e+00,-0.000000000000000000e+00,-0.000000000000000000e+00,-0.000000000000000000e+00,-0.000000000000000000e+00,-0.000000000000000000e+00,-2.365685444873978638e-01,-0.000000000000000000e+00,-0.000000000000000000e+00,-0.000000000000000000e+00,-2.388983641622035858e-01,-0.000000000000000000e+00,-1.676397847982502576e-01
-4.145193845208978989e-02,0.000000000000000000e+00,-0.000000000000000000e+00,4.060188052506299439e-01,-0.000000000000000000e+00,0.000000000000000000e+00,0.000000000000000000e+00,0.000000000000000000e+00,-0.000000000000000000e+00,-0.000000000000000000e+00,-2.742884590689182930e-02,0.000000000000000000e+00,-0.000000000000000000e+00,-7.443170240636493018e-02,-4.821513669040758954e-01,-0.000000000000000000e+00,-0.000000000000000000e+00,-0.000000000000000000e+00,-0.000000000000000000e+00,-0.000000000000000000e+00,-0.000000000000000000e+00,0.000000000000000000e+00,0.000000000000000000e+00,-0.000000000000000000e+00,-0.000000000000000000e+00,2.941702360608817290e+00,0.000000000000000000e+00,-5.965924324159215253e-01,-7.110253926162352078e-01,-7.249445185834060834e-02,-0.000000000000000000e+00,1.203834229224847070e-02,-0.000000000000000000e+00,-0.000000000000000000e+00,-2.415519766105624078e-02,0.000000000000000000e+00,0.000000000000000000e+00,-5.326200169795427541e-01,-0.000000000000000000e+00
0.000000000000000000e+00,-5.206680767964775441e-02,-0.000000000000000000e+00,-5.352569226429652188e-02,0.000000000000000000e+00,-1.354078085008214027e-01,-2.325156000555239286e-02,-4.991221767852328794e-02,-0.000000000000000000e+00,-0.000000000000000000e+00,0.000000000000000000e+00,-5.755794299215569731e-01,4.231045511405969184e-01,-0.000000000000000000e+00,0.000000000000000000e+00,-0.000000000000000000e+00,-0.000000000000000000e+00,-0.000000000000000000e+00,-0.000000000000000000e+00,-0.000000000000000000e+00,-0.000000000000000000e+00,-1.533202911604005791e-01,-4.045941612706110413e-01,-4.054394167038144481e-02,-0.000000000000000000e+00,0.000000000000000000e+00,2.605697907664825674e+00,0.000000000000000000e+00,0.000000000000000000e+00,0.000000000000000000e+00,-8.499051598922563455e-02,-5.737302876287146969e-01,-0.000000000000000000e+00,-0.000000000000000000e+00,0.000000000000000000e+00,-0.000000000000000000e+00,-4.174031802596093743e-01,0.000000000000000000e+00,-0.000000000000000000e+00
-2.200592162530844165e-01,0.000000000000000000e+00,-9.612917587561845001e-02,0.000000000000000000e+00,-0.000000000000000000e+00,0.000000000000000000e+00,0.000000000000000000e+00,0.000000000000000000e+00,-0.000000000000000000e+00,-0.000000000000000000e+00,-0.000000000000000000e+00,0.000000000000000000e+00,-0.000000000000000000e+00,-3.330587988666484645e-01,-2.668379207908313511e-01,-0.000000000000000000e+00,-0.000000000000000000e+00,-0.000000000000000000e+00,-0.000000000000000000e+00,-0.000000000000000000e+00,-3.500834095536265456e-01,-0.000000000000000000e+00,0.000000000000000000e+00,-0.000000000000000000e+00,-0.000000000000000000e+00,-5.965924324159215253e-01,0.000000000000000000e+00,2.593451949599487438e+00,-2.684586106771710834e-01,-1.242992931391641853e-01,-0.000000000000000000e+00,0.000000000000000000e+00,-1.008260490757855246e-02,-0.000000000000000000e+00,-1.705556298515084335e-01,-0.000000000000000000e+00,-0.000000000000000000e+00,-3.024030032913355148e-01,-0.000000000000000000e+00
-2.961979658951084393e-01,0.000000000000000000e+00,-0.000000000000000000e+00,7.050839411409699775e-02,-0.000000000000000000e+00,0.000000000000000000e+00,0.000000000000000000e+00,0.000000000000000000e+00,-0.000000000000000000e+00,-0.000000000000000000e+00,-2.560861640071975809e-01,0.000000000000000000e+00,-0.000000000000000000e+00,-1.006236945621925144e-02,-8.066228779949247141e-02,-0.000000000000000000e+00,0.000000000000000000e+00,-0.000000000000000000e+00,0.000000000000000000e+00,-0.000000000000000000e+00,-0.000000000000000000e+00,0.000000000000000000e+00,0.000000000000000000e+00,-0.000000000000000000e+00,-0.000000000000000000e+00,-7.110253926162352078e-01,0.000000000000000000e+00,-2.684586106771710834e-01,2.681940498462328293e+00,-2.654906413950908206e-01,-0.000000000000000000e+00,4.117043241561461064e-01,-0.000000000000000000e+00,-0.000000000000000000e+00,-3.529106920966402217e-01,0.000000000000000000e+00,0.000000000000000000e+00,-3.186408436835586611e-01,-0.000000000000000000e+00
-3.667593033754966703e-01,-0.000000000000000000e+00,-2.650847970691076402e-02,0.000000000000000000e+00,-2.514265163246400259e-01,0.000000000000000000e+00,0.000000000000000000e+00,0.000000000000000000e+00,-3.691989834381807500e-01,-1.681442619018696794e-01,-3.656907143274570199e-02,0.000000000000000000e+00,-0.000000000000000000e+00,-2.444139444526945426e-01,-0.000000000000000000e+00,-0.000000000000000000e+00,-0.000000000000000000e+00,-0.000000000000000000e+00,-0.000000000000000000e+00,-0.000000000000000000e+00,-0.000000000000000000e+00,-0.000000000000000000e+00,0.000000000000000000e+00,-0.000000000000000000e+00,-0.000000000000000000e+00,-7.249445185834060834e-02,0.000000000000000000e+00,-1.242992931391641853e-01,-2.654906413950908206e-01,2.285534177592491112e+00,-0.000000000000000000e+00,0.000000000000000000e+00,-0.000000000000000000e+00,-0.000000000000000000e+00,-0.000000000000000000e+00,-0.000000000000000000e+00,-0.000000000000000000e+00,-4.009910343976028080e-01,-0.000000000000000000e+00
-0.000000000000000000e+00,-1.857225616192189066e-01,-0.000000000000000000e+00,-0.000000000000000000e+00,-0.000000000000000000e+00,-0.000000000000000000e+00,-1.160409612200438562e-01,-0.000000000000000000e+00,-3.262071832889489875e-01,-0.000000000000000000e+00,-0.000000000000000000e+00,-0.000000000000000000e+00,5.065007803133498854e-01,-0.000000000000000000e+00,-0.000000000000000000e+00,-0.000000000000000000e+00,-1.254062037931071572e-01,0.000000000000000000e+00,-3.346626473522856249e-01,-9.573572623561230066e-02,-4.627001575019105278e-02,-1.779920637365830505e-01,-0.000000000000000000e+00,-5.658149218656823021e-02,-0.000000000000000000e+00,-0.000000000000000000e+00,-8.499051598922563455e-02,-0.000000000000000000e+00,-0.000000000000000000e+00,-0.000000000000000000e+00,2.117621275880739340e+00,-1.302767568460691805e-01,-0.000000000000000000e+00,-0.000000000000000000e+00,-0.000000000000000000e+00,-0.000000000000000000e+00,-2.592222359998164749e-01,-0.000000000000000000e+00,-0.000000000000000000e+00
1.827861998790877851e-01,-0.000000000000000000e+00,0.000000000000000000e+00,-0.000000000000000000e+00,0.000000000000000000e+00,-0.000000000000000000e+00,-4.069885955948220335e-01,-3.851432766245552891e-02,-0.000000000000000000e+00,0.000000000000000000e+00,0.000000000000000000e+00,-0.000000000000000000e+00,6.293456621131057749e-02,0.000000000000000000e+00,0.000000000000000000e+00,0.000000000000000000e+00,-7.844287625131929342e-02,0.000000000000000000e+00,-1.196276752504303459e-01,-0.000000000000000000e+00,-0.000000000000000000e+00,-0.000000000000000000e+00,-2.204793386388648468e-01,-0.000000000000000000e+00,-0.000000000000000000e+00,1.203834229224847070e-02,-5.737302876287146969e-01,0.000000000000000000e+00,4.117043241561461064e-01,0.000000000000000000e+00,-1.302767568460691805e-01,1.913982518000430399e+00,0.000000000000000000e+00,-0.000000000000000000e+00,0.000000000000000000e+00,-0.000000000000000000e+00,-0.000000000000000000e+00,2.324782303614175705e-02,0.000000000000000000e+00
-1.032285319947350566e-01,-0.000000000000000000e+00,-4.089090591933732255e-01,0.000000000000000000e+00,-0.000000000000000000e+00,-0.000000000000000000e+00,-0.000000000000000000e+00,-0.000000000000000000e+00,-3.829705894966120572e-02,-2.246619764735522939e-01,-0.000000000000000000e+00,-0.000000000000000000e+00,0.000000000000000000e+00,-3.657553575538978752e-01,-0.000000000000000000e+00,-1.062172666389381709e-01,0.000000000000000000e+00,-1.955562346687894359e-01,-0.000000000000000000e+00,-2.327748240040898031e-01,-0.000000000000000000e+00,-3.900610813911619679e-01,-0.000000000000000000e+00,-1.386870964857231103e-01,-2.365685444873978638e-01,-0.000000000000000000e+00,-0.000000000000000000e+00,-1.008260490757855246e-02,-0.000000000000000000e+00,-0.000000000000000000e+00,-0.000000000000000000e+00,0.000000000000000000e+00,2.461634175711356232e+00,-3.485996492983018530e-02,-1.881303224995771184e-01,-0.000000000000000000e+00,-0.000000000000000000e+00,-0.000000000000000000e+00,-1.720152095827391647e-01
-0.000000000000000000e+00,-7.772011454624352944e-02,-3.550286133717441839e-01,-0.000000000000000000e+00,-7.730656484585178567e-02,-0.000000000000000000e+00,-0.000000000000000000e+00,0.000000000000000000e+00,-0.000000000000000000e+00,-0.000000000000000000e+00,0.000000000000000000e+00,-5.286539325274956964e-03,0.000000000000000000e+00,-0.000000000000000000e+00,0.000000000000000000e+00,-2.453581355377805473e-01,0.000000000000000000e+00,-2.017036501191223352e-01,-0.000000000000000000e+00,-0.000000000000000000e+00,-0.000000000000000000e+00,-2.887331174656380672e-01,-2.974402732538647919e-03,-0.000000000000000000e+00,-0.000000000000000000e+00,-0.000000000000000000e+00,-0.000000000000000000e+00,-0.000000000000000000e+00,-0.000000000000000000e+00,-0.000000000000000000e+00,-0.000000000000000000e+00,-0.000000000000000000e+00,-3.485996492983018530e-02,1.534219465464109255e+00,-0.000000000000000000e+00,-1.950721943887593615e-03,-0.000000000000000000e+00,-0.000000000000000000e+00,-0.000000000000000000e+00
-2.557503012579081039e-03,0.000000000000000000e+00,-0.000000000000000000e+00,0.000000000000000000e+00,-0.000000000000000000e+00,-0.000000000000000000e+00,0.000000000000000000e+00,-0.000000000000000000e+00,-0.000000000000000000e+00,-0.000000000000000000e+00,-0.000000000000000000e+00,0.000000000000000000e+00,-0.000000000000000000e+00,-2.854296067336701825e-01,-0.000000000000000000e+00,-2.339529487300970600e-01,0.000000000000000000e+00,-1.376769547790031856e-01,0.000000000000000000e+00,-0.000000000000000000e+00,-0.000000000000000000e+00,-0.000000000000000000e+00,-0.000000000000000000e+00,-8.604604706844279360e-02,-0.000000000000000000e+00,-2.415519766105624078e-02,0.000000000000000000e+00,-1.705556298515084335e-01,-3.529106920966402217e-01,-0.000000000000000000e+00,-0.000000000000000000e+00,0.000000000000000000e+00,-1.881303224995771184e-01,-0.000000000000000000e+00,1.667106033775237028e+00,-0.000000000000000000e+00,-0.000000000000000000e+00,-0.000000000000000000e+00,-0.000000000000000000e+00
-0.000000000000000000e+00,-1.229979786008209702e-01,-0.000000000000000000e+00,-0.000000000000000000e+00,-0.000000000000000000e+00,-0.000000000000000000e+00,-0.000000000000000000e+00,-0.000000000000000000e+00,-0.000000000000000000e+00,-0.000000000000000000e+00,1.029767061877427670e-03,-1.891242331291982659e-01,0.000000000000000000e+00,-0.000000000000000000e+00,0.000000000000000000e+00,-3.816669691502342920e-01,4.234939061079342343e-02,-6.282099574637228789e-02,0.000000000000000000e+00,-0.000000000000000000e+00,0.000000000000000000e+00,-0.000000000000000000e+00,-0.000000000000000000e+00,-1.685651982333410959e-01,-0.000000000000000000e+00,0.000000000000000000e+00,-0.000000000000000000e+00,-0.000000000000000000e+00,0.000000000000000000e+00,-0.000000000000000000e+00,-0.000000000000000000e+00,-0.000000000000000000e+00,-0.000000000000000000e+00,-1.950721943887593615e-03,-0.000000000000000000e+00,1.319924238980492603e+00,-0.000000000000000000e+00,0.000000000000000000e+00,-7.017674473232109189e-02
-0.000000000000000000e+00,-0.000000000000000000e+00,-0.000000000000000000e+00,-0.000000000000000000e+00,-0.000000000000000000e+00,-3.143319031821760756e-01,-0.000000000000000000e+00,-0.000000000000000000e+00,-0.000000000000000000e+00,-0.000000000000000000e+00,0.000000000000000000e+00,-0.000000000000000000e+00,3.196007990005525490e-01,-0.000000000000000000e+00,0.000000000000000000e+00,-0.000000000000000000e+00,-0.000000000000000000e+00,-0.000000000000000000e+00,-0.000000000000000000e+00,-1.898576927060980635e-01,-0.000000000000000000e+00,-1.347340556029293646e-01,-2.434875123990189183e-01,-4.296368968048365766e-01,-2.388983641622035858e-01,0.000000000000000000e+00,-4.174031802596093743e-01,-0.000000000000000000e+00,0.000000000000000000e+00,-0.000000000000000000e+00,-2.592222359998164749e-01,-0.000000000000000000e+00,-0.000000000000000000e+00,-0.000000000000000000e+00,-0.000000000000000000e+00,-0.000000000000000000e+00,2.417044918301264556e+00,0.000000000000000000e+00,-0.000000000000000000e+00
-8.493339476163014323e-02,0.000000000000000000e+00,-0.000000000000000000e+00,1.973546847054130360e-01,-1.305278048610994113e-01,0.000000000000000000e+00,1.857376794008353330e-02,0.000000000000000000e+00,-0.000000000000000000e+00,-0.000000000000000000e+00,-1.491240105393684956e-01,1.875084466668788252e-01,-0.000000000000000000e+00,-0.000000000000000000e+00,-4.416148504523753626e-01,-0.000000000000000000e+00,-0.000000000000000000e+00,-0.000000000000000000e+00,-0.000000000000000000e+00,-0.000000000000000000e+00,-0.000000000000000000e+00,0.000000000000000000e+00,0.000000000000000000e+00,0.000000000000000000e+00,-0.000000000000000000e+00,-5.326200169795427541e-01,0.000000000000000000e+00,-3.024030032913355148e-01,-3.186408436835586611e-01,-4.009910343976028080e-01,-0.000000000000000000e+00,2.324782303614175705e-02,-0.000000000000000000e+00,-0.000000000000000000e+00,-0.000000000000000000e+00,0.000000000000000000e+00,0.000000000000000000e+00,2.619108627330605010e+00,-0.000000000000000000e+00
-3.439124489720131184e-01,-2.424970313468776187e-02,-0.000000000000000000e+00,-0.000000000000000000e+00,-0.000000000000000000e+00,-0.000000000000000000e+00,0.000000000000000000e+00,-0.000000000000000000e+00,-0.000000000000000000e+00,-2.075370650653596827e-01,-0.000000000000000000e+00,-0.000000000000000000e+00,0.000000000000000000e+00,-0.000000000000000000e+00,-0.000000000000000000e+00,-0.000000000000000000e+00,0.000000000000000000e+00,-1.890040055821800569e-01,5.224190340529670518e-02,-0.000000000000000000e+00,0.000000000000000000e+00,-0.000000000000000000e+00,0.000000000000000000e+00,-0.000000000000000000e+00,-1.676397847982502576e-01,-0.000000000000000000e+00,-0.000000000000000000e+00,-0.000000000000000000e+00,-0.000000000000000000e+00,-0.000000000000000000e+00,-0.000000000000000000e+00,0.000000000000000000e+00,-1.720152095827391647e-01,-0.000000000000000000e+00,-0.000000000000000000e+00,-7.017674473232109189e-02,-0.000000000000000000e+00,-0.000000000000000000e+00,1.469387110029355625e+00
