2.599286294823034194e+00,-2.024131908360050913e-01,-0.000000000000000000e+00,0.000000000000000000e+00,-1.449231849127812777e-01,0.000000000000000000e+00,1.060310331081840696e-01,0.000000000000000000e+00,-2.303526458452970493e-01,-5.928177174236427815e-02,0.000000000000000000e+00,-0.000000000000000000e+00,8.772894617651505467e-02,-0.000000000000000000e+00,-6.640088668251087345e-02,-0.000000000000000000e+00,0.000000000000000000e+00,-0.000000000000000000e+00,-0.000000000000000000e+00,-2.121087806304900736e-01,-4.226519836350028925e-02,-0.000000000000000000e+00,0.000000000000000000e+00,-0.000000000000000000e+00,-0.000000000000000000e+00,-4.308888864196712687e-01,-0.000000000000000000e+00,-0.000000000000000000e+00,0.000000000000000000e+00,-3.233795836337843843e-01,-0.000000000000000000e+00,0.000000000000000000e+00,0.000000000000000000e+00,-2.767528590377368314e-01,0.000000000000000000e+00,-0.000000000000000000e+00,-0.000000000000000000e+00,-3.715193826291837698e-01,-2.488226776580050315e-01
-2.024131908360050913e-01,1.736367894861590155e+00,-1.056994742978112495e-01,0.000000000000000000e+00,-4.570797223818596350e-02,0.000000000000000000e+00,0.000000000000000000e+00,3.286316534910643794e-02,-0.000000000000000000e+00,-4.061506138239073804e-01,0.000000000000000000e+00,-0.000000000000000000e+00,0.000000000000000000e+00,-0.000000000000000000e+00,-0.000000000000000000e+00,-3.773300850214475477e-02,-0.000000000000000000e+00,-0.000000000000000000e+00,-1.041720031042230044e-01,-0.000000000000000000e+00,-0.000000000000000000e+00,-4.076287894059497929e-02,-0.000000000000000000e+00,-0.000000000000000000e+00,-0.000000000000000000e+00,-0.000000000000000000e+00,-3.028781247172494459e-02,-0.000000000000000000e+00,-0.000000000000000000e+00,-8.122333658636746168e-02,-0.000000000000000000e+00,-0.000000000000000000e+00,0.000000000000000000e+00,-0.000000000000000000e+00,-0.000000000000000000e+00,-0.000000000000000000e+00,-0.000000000000000000e+00,-0.000000000000000000e+00,-3.862644406753434900e-01
-0.000000000000000000e+00,-1.056994742978112495e-01,2.728273354236470105e+00,0.000000000000000000e+00,-2.616088831510735568e-01,0.000000000000000000e+00,0.000000000000000000e+00,7.795675393829593069e-01,-0.000000000000000000e+00,-1.825736887876112380e-01,0.000000000000000000e+00,-0.000000000000000000e+00,0.000000000000000000e+00,-0.000000000000000000e+00,-0.000000000000000000e+00,-1.903585409705944032e-01,-0.000000000000000000e+00,-0.000000000000000000e+00,-1.504879737347720736e-01,-2.029069791562986280e-01,-4.241200640680903300e-01,-2.014288051099157040e-01,-0.000000000000000000e+00,-0.000000000000000000e+00,-3.648835150111980584e-04,-6.455213317326435885e-02,-6.756637941893835729e-03,-5.432525838802791662e-02,-0.000000000000000000e+00,-1.920356270303481550e-01,-5.233060254377533242e-03,-0.000000000000000000e+00,-0.000000000000000000e+00,-0.000000000000000000e+00,-0.000000000000000000e+00,-0.000000000000000000e+00,-0.000000000000000000e+00,-0.000000000000000000e+00,-0.000000000000000000e+00
0.000000000000000000e+00,0.000000000000000000e+00,0.000000000000000000e+00,1.075922619576472394e+00,0.000000000000000000e+00,0.000000000000000000e+00,-0.000000000000000000e+00,-0.000000000000000000e+00,0.000000000000000000e+00,0.000000000000000000e+00,0.000000000000000000e+00,0.000000000000000000e+00,0.000000000000000000e+00,0.000000000000000000e+00,0.000000000000000000e+00,1.700949249362571081e-02,0.000000000000000000e+00,-0.000000000000000000e+00,0.000000000000000000e+00,0.000000000000000000e+00,0.000000000000000000e+00,0.000000000000000000e+00,0.000000000000000000e+00,0.000000000000000000e+00,5.281874226346216367e-02,2.929466533056880595e-02,0.000000000000000000e+00,2.169596776077624967e-01,0.000000000000000000e+00,0.000000000000000000e+00,2.901870586186394707e-02,0.000000000000000000e+00,0.000000000000000000e+00,0.000000000000000000e+00,0.000000000000000000e+00,0.000000000000000000e+00,0.000000000000000000e+00,0.000000000000000000e+00,0.000000000000000000e+00
-1.449231849127812777e-01,-4.570797223818596350e-02,-2.616088831510735568e-01,0.000000000000000000e+00,2.363326506561703955e+00,0.000000000000000000e+00,0.000000000000000000e+00,2.306545782688775303e-01,-0.000000000000000000e+00,-2.066903015105912567e-01,0.000000000000000000e+00,-0.000000000000000000e+00,0.000000000000000000e+00,-1.492993052832054524e-01,-0.000000000000000000e+00,-1.750440137553853533e-04,-0.000000000000000000e+00,-8.199888521952525267e-02,-5.533406549069200819e-01,-0.000000000000000000e+00,-0.000000000000000000e+00,-0.000000000000000000e+00,0.000000000000000000e+00,-0.000000000000000000e+00,-0.000000000000000000e+00,-3.575643782304659402e-01,-0.000000000000000000e+00,-0.000000000000000000e+00,-0.000000000000000000e+00,-3.714588387879513842e-01,-0.000000000000000000e+00,-0.000000000000000000e+00,-0.000000000000000000e+00,-1.651567317406183941e-02,-0.000000000000000000e+00,-0.000000000000000000e+00,-0.000000000000000000e+00,-0.000000000000000000e+00,-0.000000000000000000e+00
0.000000000000000000e+00,0.000000000000000000e+00,0.000000000000000000e+00,0.000000000000000000e+00,0.000000000000000000e+00,2.233949461045468432e+00,-0.000000000000000000e+00,-0.000000000000000000e+00,2.500626574715404393e-01,0.000000000000000000e+00,-5.222981803563782055e-01,1.042919343909797236e-01,-7.839486332739190044e-02,-0.000000000000000000e+00,0.000000000000000000e+00,-0.000000000000000000e+00,-4.545402903324669008e-02,1.417996338701633385e-01,0.000000000000000000e+00,0.000000000000000000e+00,0.000000000000000000e+00,0.000000000000000000e+00,-4.092766199476347566e-01,-0.000000000000000000e+00,-0.000000000000000000e+00,0.000000000000000000e+00,-0.000000000000000000e+00,0.000000000000000000e+00,-0.000000000000000000e+00,0.000000000000000000e+00,-0.000000000000000000e+00,-5.749554012790586421e-02,-2.247020887026136837e-01,4.622129703546855040e-01,-7.655891449002387439e-02,-0.000000000000000000e+00,-0.000000000000000000e+00,9.800728606950885602e-02,3.596003240550946223e-02
1.060310331081840696e-01,0.000000000000000000e+00,0.000000000000000000e+00,-0.000000000000000000e+00,0.000000000000000000e+00,-0.000000000000000000e+00,1.574580775302617974e+00,-0.000000000000000000e+00,8.874272882262022877e-02,0.000000000000000000e+00,-0.000000000000000000e+00,5.949376972023794063e-02,-5.274117303905452303e-01,-0.000000000000000000e+00,0.000000000000000000e+00,0.000000000000000000e+00,-0.000000000000000000e+00,0.000000000000000000e+00,0.000000000000000000e+00,0.000000000000000000e+00,0.000000000000000000e+00,0.000000000000000000e+00,-0.000000000000000000e+00,0.000000000000000000e+00,-0.000000000000000000e+00,1.008844021084773571e-02,0.000000000000000000e+00,-0.000000000000000000e+00,-0.000000000000000000e+00,7.888332020638559594e-02,0.000000000000000000e+00,-0.000000000000000000e+00,-0.000000000000000000e+00,8.869418474636396599e-02,-0.000000000000000000e+00,-0.000000000000000000e+00,-0.000000000000000000e+00,2.248335262126922168e-02,2.020144320031740381e-01
0.000000000000000000e+00,3.286316534910643794e-02,7.795675393829593069e-01,-0.000000000000000000e+00,2.306545782688775303e-01,-0.000000000000000000e+00,-0.000000000000000000e+00,2.522605056188646611e+00,0.000000000000000000e+00,1.435201258304268090e-01,-0.000000000000000000e+00,0.000000000000000000e+00,-0.000000000000000000e+00,0.000000000000000000e+00,0.000000000000000000e+00,2.069052122475830702e-01,0.000000000000000000e+00,0.000000000000000000e+00,1.997317583231824345e-01,8.244163535526623232e-02,4.254144550051842666e-01,1.504238917988431380e-02,0.000000000000000000e+00,0.000000000000000000e+00,5.775515824843789787e-03,0.000000000000000000e+00,7.325744842947429225e-02,1.703411747646371432e-01,0.000000000000000000e+00,3.368530764103523645e-02,1.724969626645619092e-01,0.000000000000000000e+00,0.000000000000000000e+00,0.000000000000000000e+00,0.000000000000000000e+00,0.000000000000000000e+00,0.000000000000000000e+00,0.000000000000000000e+00,0.000000000000000000e+00
-2.303526458452970493e-01,-0.000000000000000000e+00,-0.000000000000000000e+00,0.000000000000000000e+00,-0.000000000000000000e+00,2.500626574715404393e-01,8.874272882262022877e-02,0.000000000000000000e+00,2.870272418770765110e+00,-0.000000000000000000e+00,2.360681670545950739e-01,-2.615144954574949998e-01,2.413359968659160582e-01,0.000000000000000000e+00,-3.718352913404049387e-01,-0.000000000000000000e+00,0.000000000000000000e+00,-0.000000000000000000e+00,-0.000000000000000000e+00,-1.992665644649191728e-02,-0.000000000000000000e+00,-0.000000000000000000e+00,0.000000000000000000e+00,-0.000000000000000000e+00,-0.000000000000000000e+00,-0.000000000000000000e+00,0.000000000000000000e+00,-0.000000000000000000e+00,0.000000000000000000e+00,-1.213639032543920998e-01,0.000000000000000000e+00,0.000000000000000000e+00,3.252447422606683913e-03,-3.732951767462815429e-01,8.168128435870380954e-02,0.000000000000000000e+00,0.000000000000000000e+00,-4.061324959456913408e-01,-3.530290309331176046e-01
-5.928177174236427815e-02,-4.061506138239073804e-01,-1.825736887876112380e-01,0.000000000000000000e+00,-2.066903015105912567e-01,0.000000000000000000e+00,0.000000000000000000e+00,1.435201258304268090e-01,-0.000000000000000000e+00,2.533285071056831317e+00,0.000000000000000000e+00,-0.000000000000000000e+00,0.000000000000000000e+00,-0.000000000000000000e+00,-0.000000000000000000e+00,-5.671893237721583603e-01,-0.000000000000000000e+00,-0.000000000000000000e+00,-1.204923565976593336e-01,-0.000000000000000000e+00,-7.400049969091036794e-02,-1.487656099002459542e-01,-0.000000000000000000e+00,-1.421728798280343653e-01,-0.000000000000000000e+00,-3.204431799017355004e-02,-0.000000000000000000e+00,-0.000000000000000000e+00,0.000000000000000000e+00,-5.089719521689127779e-01,-0.000000000000000000e+00,-0.000000000000000000e+00,-0.000000000000000000e+00,-0.000000000000000000e+00,-0.000000000000000000e+00,-0.000000000000000000e+00,-0.000000000000000000e+00,-0.000000000000000000e+00,-4.098553420576916961e-02
0.000000000000000000e+00,0.000000000000000000e+00,0.000000000000000000e+00,0.000000000000000000e+00,0.000000000000000000e+00,-5.222981803563782055e-01,-0.000000000000000000e+00,-0.000000000000000000e+00,2.360681670545950739e-01,0.000000000000000000e+00,2.492827969584325398e+00,2.152415738079176410e-01,-6.204283439559795527e-02,-0.000000000000000000e+00,4.143402909912292653e-01,-0.000000000000000000e+00,-0.000000000000000000e+00,0.000000000000000000e+00,0.000000000000000000e+00,1.298957189215788344e-01,0.000000000000000000e+00,0.000000000000000000e+00,-0.000000000000000000e+00,0.000000000000000000e+00,0.000000000000000000e+00,0.000000000000000000e+00,-0.000000000000000000e+00,0.000000000000000000e+00,-0.000000000000000000e+00,0.000000000000000000e+00,-0.000000000000000000e+00,-4.978542933884115285e-01,-1.882190209231640321e-01,1.830970081180366138e-01,-3.940808020377312322e-03,-0.000000000000000000e+00,-0.000000000000000000e+00,1.996828935348403111e-01,0.000000000000000000e+00
-0.000000000000000000e+00,-0.000000000000000000e+00,-0.000000000000000000e+00,0.000000000000000000e+00,-0.000000000000000000e+00,1.042919343909797236e-01,5.949376972023794063e-02,0.000000000000000000e+00,-2.615144954574949998e-01,-0.000000000000000000e+00,2.152415738079176410e-01,2.608574896130774423e+00,1.831493446373786138e-01,0.000000000000000000e+00,-4.489015238869970004e-01,-0.000000000000000000e+00,0.000000000000000000e+00,-0.000000000000000000e+00,-0.000000000000000000e+00,-2.705386244865295303e-02,-0.000000000000000000e+00,-3.208431323348936992e-01,0.000000000000000000e+00,-0.000000000000000000e+00,-0.000000000000000000e+00,-0.000000000000000000e+00,0.000000000000000000e+00,-0.000000000000000000e+00,7.418481269453906790e-02,-3.334950553463248042e-03,0.000000000000000000e+00,0.000000000000000000e+00,3.725868164366909208e-02,-2.110806275443700974e-01,1.364719094569493973e-01,0.000000000000000000e+00,0.000000000000000000e+00,-3.561132125316847641e-01,-3.569744828735550435e-01
8.772894617651505467e-02,0.000000000000000000e+00,0.000000000000000000e+00,0.000000000000000000e+00,0.000000000000000000e+00,-7.839486332739190044e-02,-5.274117303905452303e-01,-0.000000000000000000e+00,2.413359968659160582e-01,0.000000000000000000e+00,-6.204283439559795527e-02,1.831493446373786138e-01,1.883499688150627849e+00,-0.000000000000000000e+00,1.347671896320864759e-01,0.000000000000000000e+00,-0.000000000000000000e+00,0.000000000000000000e+00,0.000000000000000000e+00,0.000000000000000000e+00,0.000000000000000000e+00,0.000000000000000000e+00,-0.000000000000000000e+00,0.000000000000000000e+00,-0.000000000000000000e+00,0.000000000000000000e+00,-0.000000000000000000e+00,-0.000000000000000000e+00,-0.000000000000000000e+00,0.000000000000000000e+00,-0.000000000000000000e+00,-0.000000000000000000e+00,-2.107521971201313238e-01,1.674705662437040582e-02,-0.000000000000000000e+00,-0.000000000000000000e+00,-0.000000000000000000e+00,7.726819034107401674e-02,1.335012595290251680e-01
-0.000000000000000000e+00,-0.000000000000000000e+00,-0.000000000000000000e+00,0.000000000000000000e+00,-1.492993052832054524e-01,-0.000000000000000000e+00,-0.000000000000000000e+00,0.000000000000000000e+00,0.000000000000000000e+00,-0.000000000000000000e+00,-0.000000000000000000e+00,0.000000000000000000e+00,-0.000000000000000000e+00,1.936602379473206792e+00,0.000000000000000000e+00,-1.898542974371223713e-01,-3.613262789983409107e-01,-0.000000000000000000e+00,-0.000000000000000000e+00,-0.000000000000000000e+00,-0.000000000000000000e+00,-0.000000000000000000e+00,-0.000000000000000000e+00,-7.819490720552267626e-02,-3.910294528145192294e-01,-1.137955770688232060e-01,-5.538509899044154194e-02,-3.202922625196798490e-01,-0.000000000000000000e+00,-0.000000000000000000e+00,-3.670634590162828031e-02,-0.000000000000000000e+00,-1.173457532036133177e-01,-0.000000000000000000e+00,-0.000000000000000000e+00,-1.873819853871955612e-02,-1.883586946057735356e-01,-0.000000000000000000e+00,0.000000000000000000e+00
-6.640088668251087345e-02,-0.000000000000000000e+00,-0.000000000000000000e+00,0.000000000000000000e+00,-0.000000000000000000e+00,0.000000000000000000e+00,0.000000000000000000e+00,0.000000000000000000e+00,-3.718352913404049387e-01,-0.000000000000000000e+00,4.143402909912292653e-01,-4.489015238869970004e-01,1.347671896320864759e-01,0.000000000000000000e+00,2.542569541307709624e+00,-0.000000000000000000e+00,0.000000000000000000e+00,-0.000000000000000000e+00,-0.000000000000000000e+00,-3.019624286267604818e-01,-0.000000000000000000e+00,-1.809697586207591191e-02,0.000000000000000000e+00,-0.000000000000000000e+00,-0.000000000000000000e+00,-0.000000000000000000e+00,0.000000000000000000e+00,-0.000000000000000000e+00,0.000000000000000000e+00,-0.000000000000000000e+00,0.000000000000000000e+00,1.111823636917285002e-01,3.052072630283430427e-02,-1.162414364755626206e-01,1.413481981886197114e-01,0.000000000000000000e+00,0.000000000000000000e+00,-3.868419298313074961e-01,-8.294639522132885023e-02
-0.000000000000000000e+00,-3.773300850214475477e-02,-1.903585409705944032e-01,1.700949249362571081e-02,-1.750440137553853533e-04,-0.000000000000000000e+00,0.000000000000000000e+00,2.069052122475830702e-01,-0.000000000000000000e+00,-5.671893237721583603e-01,-0.000000000000000000e+00,-0.000000000000000000e+00,0.000000000000000000e+00,-1.898542974371223713e-01,-0.000000000000000000e+00,2.490200712743249056e+00,-0.000000000000000000e+00,-0.000000000000000000e+00,-0.000000000000000000e+00,-0.000000000000000000e+00,-3.849382803434531208e-02,-0.000000000000000000e+00,-6.484021085836587373e-02,-4.642937025602411061e-01,-3.772083272143952337e-01,-1.139947843698080193e-01,-2.287902803274319830e-01,-0.000000000000000000e+00,-0.000000000000000000e+00,-1.366773885040364622e-01,-0.000000000000000000e+00,-0.000000000000000000e+00,-0.000000000000000000e+00,-0.000000000000000000e+00,-0.000000000000000000e+00,-1.427320350211513933e-01,-0.000000000000000000e+00,-0.000000000000000000e+00,-0.000000000000000000e+00
0.000000000000000000e+00,-0.000000000000000000e+00,-0.000000000000000000e+00,0.000000000000000000e+00,-0.000000000000000000e+00,-4.545402903324669008e-02,-0.000000000000000000e+00,0.000000000000000000e+00,0.000000000000000000e+00,-0.000000000000000000e+00,-0.000000000000000000e+00,0.000000000000000000e+00,-0.000000000000000000e+00,-3.613262789983409107e-01,0.000000000000000000e+00,-0.000000000000000000e+00,2.013572099973015561e+00,-0.000000000000000000e+00,-0.000000000000000000e+00,0.000000000000000000e+00,-0.000000000000000000e+00,0.000000000000000000e+00,-1.047684726619227055e-02,-0.000000000000000000e+00,-7.125633911303891344e-02,-0.000000000000000000e+00,-2.015592042878410206e-01,-0.000000000000000000e+00,-2.684861958535314508e-01,-0.000000000000000000e+00,-7.662995113573234374e-02,-0.000000000000000000e+00,-2.841925278966132007e-01,0.000000000000000000e+00,-3.122316624934365903e-01,-2.273543288321980271e-01,-1.805283989737858918e-01,0.000000000000000000e+00,0.000000000000000000e+00
-0.000000000000000000e+00,-0.000000000000000000e+00,-0.000000000000000000e+00,-0.000000000000000000e+00,-8.199888521952525267e-02,1.417996338701633385e-01,0.000000000000000000e+00,0.000000000000000000e+00,-0.000000000000000000e+00,-0.000000000000000000e+00,0.000000000000000000e+00,-0.000000000000000000e+00,0.000000000000000000e+00,-0.000000000000000000e+00,-0.000000000000000000e+00,-0.000000000000000000e+00,-0.000000000000000000e+00,1.252158412985035163e+00,-2.062003594317412813e-01,-7.788487706597913007e-02,-0.000000000000000000e+00,-0.000000000000000000e+00,0.000000000000000000e+00,0.000000000000000000e+00,-0.000000000000000000e+00,-0.000000000000000000e+00,-0.000000000000000000e+00,-2.902125964541791836e-01,-0.000000000000000000e+00,-0.000000000000000000e+00,-0.000000000000000000e+00,0.000000000000000000e+00,-0.000000000000000000e+00,-0.000000000000000000e+00,-0.000000000000000000e+00,-0.000000000000000000e+00,-0.000000000000000000e+00,-0.000000000000000000e+00,-0.000000000000000000e+00
-0.000000000000000000e+00,-1.041720031042230044e-01,-1.504879737347720736e-01,0.000000000000000000e+00,-5.533406549069200819e-01,0.000000000000000000e+00,0.000000000000000000e+00,1.997317583231824345e-01,-0.000000000000000000e+00,-1.204923565976593336e-01,0.000000000000000000e+00,-0.000000000000000000e+00,0.000000000000000000e+00,-0.000000000000000000e+00,-0.000000000000000000e+00,-0.000000000000000000e+00,-0.000000000000000000e+00,-2.062003594317412813e-01,1.870250197807159287e+00,-0.000000000000000000e+00,-0.000000000000000000e+00,-0.000000000000000000e+00,-0.000000000000000000e+00,-0.000000000000000000e+00,-0.000000000000000000e+00,-4.278763002809916199e-02,-0.000000000000000000e+00,-0.000000000000000000e+00,-0.000000000000000000e+00,-0.000000000000000000e+00,-3.332429800085265348e-01,-0.000000000000000000e+00,-0.000000000000000000e+00,-0.000000000000000000e+00,-0.000000000000000000e+00,-3.302276478474063665e-02,-4.151935330994491885e-02,-0.000000000000000000e+00,-0.000000000000000000e+00
-2.121087806304900736e-01,-0.000000000000000000e+00,-2.029069791562986280e-01,0.000000000000000000e+00,-0.000000000000000000e+00,0.000000000000000000e+00,0.000000000000000000e+00,8.244163535526623232e-02,-1.992665644649191728e-02,-0.000000000000000000e+00,1.298957189215788344e-01,-2.705386244865295303e-02,0.000000000000000000e+00,-0.000000000000000000e+00,-3.019624286267604818e-01,-0.000000000000000000e+00,0.000000000000000000e+00,-7.788487706597913007e-02,-0.000000000000000000e+00,2.279855970393406039e+00,-5.424863192652956689e-01,-1.690300771464170737e-01,0.000000000000000000e+00,-0.000000000000000000e+00,-0.000000000000000000e+00,-3.715762538649152900e-04,-0.000000000000000000e+00,-2.445045578181754831e-01,0.000000000000000000e+00,-8.437088359756235445e-02,-0.000000000000000000e+00,0.000000000000000000e+00,0.000000000000000000e+00,-3.775932057047876045e-02,0.000000000000000000e+00,0.000000000000000000e+00,-0.000000000000000000e+00,-2.504992002468015566e-01,-0.000000000000000000e+00
-4.226519836350028925e-02,-0.000000000000000000e+00,-4.241200640680903300e-01,0.000000000000000000e+00,-0.000000000000000000e+00,0.000000000000000000e+00,0.000000000000000000e+00,4.254144550051842666e-01,-0.000000000000000000e+00,-7.400049969091036794e-02,0.000000000000000000e+00,-0.000000000000000000e+00,0.000000000000000000e+00,-0.000000000000000000e+00,-0.000000000000000000e+00,-3.849382803434531208e-02,-0.000000000000000000e+00,-0.000000000000000000e+00,-0.000000000000000000e+00,-5.424863192652956689e-01,2.492414027758208750e+00,-4.023733304809551936e-01,-0.000000000000000000e+00,-1.369385450615544508e-01,-1.800750971477146911e-01,-0.000000000000000000e+00,-0.000000000000000000e+00,-6.663277923099325539e-02,-0.000000000000000000e+00,-2.224150189013631429e-01,-0.000000000000000000e+00,0.000000000000000000e+00,-0.000000000000000000e+00,-0.000000000000000000e+00,0.000000000000000000e+00,-0.000000000000000000e+00,-0.000000000000000000e+00,-0.000000000000000000e+00,-0.000000000000000000e+00
-0.000000000000000000e+00,-4.076287894059497929e-02,-2.014288051099157040e-01,0.000000000000000000e+00,-0.000000000000000000e+00,0.000000000000000000e+00,0.000000000000000000e+00,1.504238917988431380e-02,-0.000000000000000000e+00,-1.487656099002459542e-01,0.000000000000000000e+00,-3.208431323348936992e-01,0.000000000000000000e+00,-0.000000000000000000e+00,-1.809697586207591191e-02,-0.000000000000000000e+00,0.000000000000000000e+00,-0.000000000000000000e+00,-0.000000000000000000e+00,-1.690300771464170737e-01,-4.023733304809551936e-01,1.855718309067826421e+00,-0.000000000000000000e+00,-1.563907276545815350e-01,-0.000000000000000000e+00,-0.000000000000000000e+00,-0.000000000000000000e+00,-0.000000000000000000e+00,0.000000000000000000e+00,-5.490213945061028430e-03,-0.000000000000000000e+00,0.000000000000000000e+00,0.000000000000000000e+00,-0.000000000000000000e+00,0.000000000000000000e+00,0.000000000000000000e+00,0.000000000000000000e+00,-2.424784582053930715e-02,-1.991522372669545238e-01
0.000000000000000000e+00,-0.000000000000000000e+00,-0.000000000000000000e+00,0.000000000000000000e+00,0.000000000000000000e+00,-4.092766199476347566e-01,-0.000000000000000000e+00,0.000000000000000000e+00,0.000000000000000000e+00,-0.000000000000000000e+00,-0.000000000000000000e+00,0.000000000000000000e+00,-0.000000000000000000e+00,-0.000000000000000000e+00,0.000000000000000000e+00,-6.484021085836587373e-02,-1.047684726619227055e-02,0.000000000000000000e+00,-0.000000000000000000e+00,0.000000000000000000e+00,-0.000000000000000000e+00,-0.000000000000000000e+00,1.463120819673918493e+00,-2.658524742353871595e-01,-3.164626129186755010e-01,0.000000000000000000e+00,-7.834105390950174205e-03,-0.000000000000000000e+00,-0.000000000000000000e+00,-0.000000000000000000e+00,-0.000000000000000000e+00,-0.000000000000000000e+00,-1.225435935342564647e-01,0.000000000000000000e+00,-1.457946041027954019e-02,-1.063854879200408082e-01,-0.000000000000000000e+00,0.000000000000000000e+00,0.000000000000000000e+00
-0.000000000000000000e+00,-0.000000000000000000e+00,-0.000000000000000000e+00,0.000000000000000000e+00,-0.000000000000000000e+00,-0.000000000000000000e+00,0.000000000000000000e+00,0.000000000000000000e+00,-0.000000000000000000e+00,-1.421728798280343653e-01,0.000000000000000000e+00,-0.000000000000000000e+00,0.000000000000000000e+00,-7.819490720552267626e-02,-0.000000000000000000e+00,-4.642937025602411061e-01,-0.000000000000000000e+00,0.000000000000000000e+00,-0.000000000000000000e+00,-0.000000000000000000e+00,-1.369385450615544508e-01,-1.563907276545815350e-01,-2.658524742353871595e-01,1.805349736870016208e+00,-4.011968166541500791e-01,-0.000000000000000000e+00,-2.065428360030609287e-03,-0.000000000000000000e+00,-0.000000000000000000e+00,-1.601928759979733691e-02,-0.000000000000000000e+00,-0.000000000000000000e+00,-0.000000000000000000e+00,-0.000000000000000000e+00,-0.000000000000000000e+00,-0.000000000000000000e+00,-0.000000000000000000e+00,-0.000000000000000000e+00,-0.000000000000000000e+00
-0.000000000000000000e+00,-0.000000000000000000e+00,-3.648835150111980584e-04,5.281874226346216367e-02,-0.000000000000000000e+00,-0.000000000000000000e+00,-0.000000000000000000e+00,5.775515824843789787e-03,-0.000000000000000000e+00,-0.000000000000000000e+00,0.000000000000000000e+00,-0.000000000000000000e+00,-0.000000000000000000e+00,-3.910294528145192294e-01,-0.000000000000000000e+00,-3.772083272143952337e-01,-7.125633911303891344e-02,-0.000000000000000000e+00,-0.000000000000000000e+00,-0.000000000000000000e+00,-1.800750971477146911e-01,-0.000000000000000000e+00,-3.164626129186755010e-01,-4.011968166541500791e-01,1.948733687520484370e+00,-0.000000000000000000e+00,-0.000000000000000000e+00,-1.650241207984206870e-01,-0.000000000000000000e+00,-0.000000000000000000e+00,-0.000000000000000000e+00,-0.000000000000000000e+00,-0.000000000000000000e+00,-0.000000000000000000e+00,-0.000000000000000000e+00,-0.000000000000000000e+00,-0.000000000000000000e+00,-0.000000000000000000e+00,-0.000000000000000000e+00
-4.308888864196712687e-01,-0.000000000000000000e+00,-6.455213317326435885e-02,2.929466533056880595e-02,-3.575643782304659402e-01,0.000000000000000000e+00,1.008844021084773571e-02,0.000000000000000000e+00,-0.000000000000000000e+00,-3.204431799017355004e-02,0.000000000000000000e+00,-0.000000000000000000e+00,0.000000000000000000e+00,-1.137955770688232060e-01,-0.000000000000000000e+00,-1.139947843698080193e-01,-0.000000000000000000e+00,-0.000000000000000000e+00,-4.278763002809916199e-02,-3.715762538649152900e-04,-0.000000000000000000e+00,-0.000000000000000000e+00,0.000000000000000000e+00,-0.000000000000000000e+00,-0.000000000000000000e+00,1.990185213357198446e+00,-1.368406320057525272e-01,-2.937146850208593452e-01,-0.000000000000000000e+00,-2.321930252733816757e-01,-1.262068685007612656e-01,-0.000000000000000000e+00,-0.000000000000000000e+00,-0.000000000000000000e+00,-0.000000000000000000e+00,-0.000000000000000000e+00,-0.000000000000000000e+00,-0.000000000000000000e+00,-0.000000000000000000e+00
-0.000000000000000000e+00,-3.028781247172494459e-02,-6.756637941893835729e-03,0.000000000000000000e+00,-0.000000000000000000e+00,-0.000000000000000000e+00,0.000000000000000000e+00,7.325744842947429225e-02,0.000000000000000000e+00,-0.000000000000000000e+00,-0.000000000000000000e+00,0.000000000000000000e+00,-0.000000000000000000e+00,-5.538509899044154194e-02,0.000000000000000000e+00,-2.287902803274319830e-01,-2.015592042878410206e-01,-0.000000000000000000e+00,-0.000000000000000000e+00,-0.000000000000000000e+00,-0.000000000000000000e+00,-0.000000000000000000e+00,-7.834105390950174205e-03,-2.065428360030609287e-03,-0.000000000000000000e+00,-1.368406320057525272e-01,2.005187639834985269e+00,-0.000000000000000000e+00,-0.000000000000000000e+00,-0.000000000000000000e+00,-6.649230722327156284e-01,-2.197478182007262248e-01,-5.676816972940355172e-02,0.000000000000000000e+00,-3.790101455027653637e-02,-7.750387446934284275e-02,-1.862322419327044620e-01,0.000000000000000000e+00,-0.000000000000000000e+00
-0.000000000000000000e+00,-0.000000000000000000e+00,-5.432525838802791662e-02,2.169596776077624967e-01,-0.000000000000000000e+00,0.000000000000000000e+00,-0.000000000000000000e+00,1.703411747646371432e-01,-0.000000000000000000e+00,-0.000000000000000000e+00,0.000000000000000000e+00,-0.000000000000000000e+00,-0.000000000000000000e+00,-3.202922625196798490e-01,-0.000000000000000000e+00,-0.000000000000000000e+00,-0.000000000000000000e+00,-2.902125964541791836e-01,-0.000000000000000000e+00,-2.445045578181754831e-01,-6.663277923099325539e-02,-0.000000000000000000e+00,-0.000000000000000000e+00,-0.000000000000000000e+00,-1.650241207984206870e-01,-2.937146850208593452e-01,-0.000000000000000000e+00,1.863518448230784941e+00,-0.000000000000000000e+00,-0.000000000000000000e+00,-1.935681471648909302e-01,-0.000000000000000000e+00,-0.000000000000000000e+00,-0.000000000000000000e+00,-0.000000000000000000e+00,-0.000000000000000000e+00,-0.000000000000000000e+00,-0.000000000000000000e+00,-0.000000000000000000e+00
0.000000000000000000e+00,-0.000000000000000000e+00,-0.000000000000000000e+00,0.000000000000000000e+00,-0.000000000000000000e+00,-0.000000000000000000e+00,-0.000000000000000000e+00,0.000000000000000000e+00,0.000000000000000000e+00,0.000000000000000000e+00,-0.000000000000000000e+00,7.418481269453906790e-02,-0.000000000000000000e+00,-0.000000000000000000e+00,0.000000000000000000e+00,-0.000000000000000000e+00,-2.684861958535314508e-01,-0.000000000000000000e+00,-0.000000000000000000e+00,0.000000000000000000e+00,-0.000000000000000000e+00,0.000000000000000000e+00,-0.000000000000000000e+00,-0.000000000000000000e+00,-0.000000000000000000e+00,-0.000000000000000000e+00,-0.000000000000000000e+00,-0.000000000000000000e+00,1.643131834874658859e+00,0.000000000000000000e+00,-7.702294922143269884e-02,-1.212644224444871660e-01,-0.000000000000000000e+00,0.000000000000000000e+00,-3.342233673725897858e-01,-2.300990988447012761e-02,-4.035064255113480769e-01,0.000000000000000000e+00,0.000000000000000000e+00
-3.233795836337843843e-01,-8.122333658636746168e-02,-1.920356270303481550e-01,0.000000000000000000e+00,-3.714588387879513842e-01,0.000000000000000000e+00,7.888332020638559594e-02,3.368530764103523645e-02,-1.213639032543920998e-01,-5.089719521689127779e-01,0.000000000000000000e+00,-3.334950553463248042e-03,0.000000000000000000e+00,-0.000000000000000000e+00,-0.000000000000000000e+00,-1.366773885040364622e-01,-0.000000000000000000e+00,-0.000000000000000000e+00,-0.000000000000000000e+00,-8.437088359756235445e-02,-2.224150189013631429e-01,-5.490213945061028430e-03,-0.000000000000000000e+00,-1.601928759979733691e-02,-0.000000000000000000e+00,-2.321930252733816757e-01,-0.000000000000000000e+00,-0.000000000000000000e+00,0.000000000000000000e+00,2.696822190619359016e+00,-0.000000000000000000e+00,0.000000000000000000e+00,0.000000000000000000e+00,-2.906704077854637899e-02,0.000000000000000000e+00,-0.000000000000000000e+00,-0.000000000000000000e+00,-2.555852220963920618e-01,-2.050191289827438534e-01
-0.000000000000000000e+00,-0.000000000000000000e+00,-5.233060254377533242e-03,2.901870586186394707e-02,-0.000000000000000000e+00,-0.000000000000000000e+00,0.000000000000000000e+00,1.724969626645619092e-01,0.000000000000000000e+00,-0.000000000000000000e+00,-0.000000000000000000e+00,0.000000000000000000e+00,-0.000000000000000000e+00,-3.670634590162828031e-02,0.000000000000000000e+00,-0.000000000000000000e+00,-7.662995113573234374e-02,-0.000000000000000000e+00,-3.332429800085265348e-01,-0.000000000000000000e+00,-0.000000000000000000e+00,-0.000000000000000000e+00,-0.000000000000000000e+00,-0.000000000000000000e+00,-0.000000000000000000e+00,-1.262068685007612656e-01,-6.649230722327156284e-01,-1.935681471648909302e-01,-7.702294922143269884e-02,-0.000000000000000000e+00,2.357638556372771088e+00,-2.118715396451639199e-01,-0.000000000000000000e+00,0.000000000000000000e+00,-5.308823204681156760e-02,-1.794187266912022349e-01,-4.603078728170653666e-01,0.000000000000000000e+00,0.000000000000000000e+00
0.000000000000000000e+00,-0.000000000000000000e+00,-0.000000000000000000e+00,0.000000000000000000e+00,-0.000000000000000000e+00,-5.749554012790586421e-02,-0.000000000000000000e+00,0.000000000000000000e+00,0.000000000000000000e+00,-0.000000000000000000e+00,-4.978542933884115285e-01,0.000000000000000000e+00,-0.000000000000000000e+00,-0.000000000000000000e+00,1.111823636917285002e-01,-0.000000000000000000e+00,-0.000000000000000000e+00,0.000000000000000000e+00,-0.000000000000000000e+00,0.000000000000000000e+00,0.000000000000000000e+00,0.000000000000000000e+00,-0.000000000000000000e+00,-0.000000000000000000e+00,-0.000000000000000000e+00,-0.000000000000000000e+00,-2.197478182007262248e-01,-0.000000000000000000e+00,-1.212644224444871660e-01,0.000000000000000000e+00,-2.118715396451639199e-01,2.115494865018751280e+00,-9.590360688433784142e-02,0.000000000000000000e+00,-2.633377852894968618e-01,-3.192325218511799512e-01,-3.267904570778105144e-01,0.000000000000000000e+00,0.000000000000000000e+00
0.000000000000000000e+00,0.000000000000000000e+00,-0.000000000000000000e+00,0.000000000000000000e+00,-0.000000000000000000e+00,-2.247020887026136837e-01,-0.000000000000000000e+00,0.000000000000000000e+00,3.252447422606683913e-03,-0.000000000000000000e+00,-1.882190209231640321e-01,3.725868164366909208e-02,-2.107521971201313238e-01,-1.173457532036133177e-01,3.052072630283430427e-02,-0.000000000000000000e+00,-2.841925278966132007e-01,-0.000000000000000000e+00,-0.000000000000000000e+00,0.000000000000000000e+00,-0.000000000000000000e+00,0.000000000000000000e+00,-1.225435935342564647e-01,-0.000000000000000000e+00,-0.000000000000000000e+00,-0.000000000000000000e+00,-5.676816972940355172e-02,-0.000000000000000000e+00,-0.000000000000000000e+00,0.000000000000000000e+00,-0.000000000000000000e+00,-9.590360688433784142e-02,1.778083718581513928e+00,0.000000000000000000e+00,-2.683580541387188823e-01,-7.312176057825771347e-02,-1.067439869940640107e-01,0.000000000000000000e+00,0.000000000000000000e+00
-2.767528590377368314e-01,-0.000000000000000000e+00,-0.000000000000000000e+00,0.000000000000000000e+00,-1.651567317406183941e-02,4.622129703546855040e-01,8.869418474636396599e-02,0.000000000000000000e+00,-3.732951767462815429e-01,-0.000000000000000000e+00,1.830970081180366138e-01,-2.110806275443700974e-01,1.674705662437040582e-02,-0.000000000000000000e+00,-1.162414364755626206e-01,-0.000000000000000000e+00,0.000000000000000000e+00,-0.000000000000000000e+00,-0.000000000000000000e+00,-3.775932057047876045e-02,-0.000000000000000000e+00,-0.000000000000000000e+00,0.000000000000000000e+00,-0.000000000000000000e+00,-0.000000000000000000e+00,-0.000000000000000000e+00,0.000000000000000000e+00,-0.000000000000000000e+00,0.000000000000000000e+00,-2.906704077854637899e-02,0.000000000000000000e+00,0.000000000000000000e+00,0.000000000000000000e+00,2.290322334501520452e+00,0.000000000000000000e+00,0.000000000000000000e+00,0.000000000000000000e+00,-2.517242120551864693e-01,-1.389116813855383881e-01
0.000000000000000000e+00,-0.000000000000000000e+00,-0.000000000000000000e+00,0.000000000000000000e+00,-0.000000000000000000e+00,-7.655891449002387439e-02,-0.000000000000000000e+00,0.000000000000000000e+00,8.168128435870380954e-02,-0.000000000000000000e+00,-3.940808020377312322e-03,1.364719094569493973e-01,-0.000000000000000000e+00,-0.000000000000000000e+00,1.413481981886197114e-01,-0.000000000000000000e+00,-3.122316624934365903e-01,-0.000000000000000000e+00,-0.000000000000000000e+00,0.000000000000000000e+00,0.000000000000000000e+00,0.000000000000000000e+00,-1.457946041027954019e-02,-0.000000000000000000e+00,-0.000000000000000000e+00,-0.000000000000000000e+00,-3.790101455027653637e-02,-0.000000000000000000e+00,-3.342233673725897858e-01,0.000000000000000000e+00,-5.308823204681156760e-02,-2.633377852894968618e-01,-2.683580541387188823e-01,0.000000000000000000e+00,2.302016777912302192e+00,-3.548508288152416590e-01,-4.235029629973235399e-01,0.000000000000000000e+00,0.000000000000000000e+00
-0.000000000000000000e+00,-0.000000000000000000e+00,-0.000000000000000000e+00,0.000000000000000000e+00,-0.000000000000000000e+00,-0.000000000000000000e+00,-0.000000000000000000e+00,0.000000000000000000e+00,0.000000000000000000e+00,-0.000000000000000000e+00,-0.000000000000000000e+00,0.000000000000000000e+00,-0.000000000000000000e+00,-1.873819853871955612e-02,0.000000000000000000e+00,-1.427320350211513933e-01,-2.273543288321980271e-01,-0.000000000000000000e+00,-3.302276478474063665e-02,0.000000000000000000e+00,-0.000000000000000000e+00,0.000000000000000000e+00,-1.063854879200408082e-01,-0.000000000000000000e+00,-0.000000000000000000e+00,-0.000000000000000000e+00,-7.750387446934284275e-02,-0.000000000000000000e+00,-2.300990988447012761e-02,-0.000000000000000000e+00,-1.794187266912022349e-01,-3.192325218511799512e-01,-7.312176057825771347e-02,0.000000000000000000e+00,-3.548508288152416590e-01,2.035288279549423596e+00,-4.325481638164107023e-01,0.000000000000000000e+00,0.000000000000000000e+00
-0.000000000000000000e+00,-0.000000000000000000e+00,-0.000000000000000000e+00,0.000000000000000000e+00,-0.000000000000000000e+00,-0.000000000000000000e+00,-0.000000000000000000e+00,0.000000000000000000e+00,0.000000000000000000e+00,-0.000000000000000000e+00,-0.000000000000000000e+00,0.000000000000000000e+00,-0.000000000000000000e+00,-1.883586946057735356e-01,0.000000000000000000e+00,-0.000000000000000000e+00,-1.805283989737858918e-01,-0.000000000000000000e+00,-4.151935330994491885e-02,-0.000000000000000000e+00,-0.000000000000000000e+00,0.000000000000000000e+00,-0.000000000000000000e+00,-0.000000000000000000e+00,-0.000000000000000000e+00,-0.000000000000000000e+00,-1.862322419327044620e-01,-0.000000000000000000e+00,-4.035064255113480769e-01,-0.000000000000000000e+00,-4.603078728170653666e-01,-3.267904570778105144e-01,-1.067439869940640107e-01,0.000000000000000000e+00,-4.235029629973235399e-01,-4.325481638164107023e-01,2.565048820730533308e+00,0.000000000000000000e+00,0.000000000000000000e+00
-3.715193826291837698e-01,-0.000000000000000000e+00,-0.000000000000000000e+00,0.000000000000000000e+00,-0.000000000000000000e+00,9.800728606950885602e-02,2.248335262126922168e-02,0.000000000000000000e+00,-4.061324959456913408e-01,-0.000000000000000000e+00,1.996828935348403111e-01,-3.561132125316847641e-01,7.726819034107401674e-02,-0.000000000000000000e+00,-3.868419298313074961e-01,-0.000000000000000000e+00,0.000000000000000000e+00,-0.000000000000000000e+00,-0.000000000000000000e+00,-2.504992002468015566e-01,-0.000000000000000000e+00,-2.424784582053930715e-02,0.000000000000000000e+00,-0.000000000000000000e+00,-0.000000000000000000e+00,-0.000000000000000000e+00,0.000000000000000000e+00,-0.000000000000000000e+00,0.000000000000000000e+00,-2.555852220963920618e-01,0.000000000000000000e+00,0.000000000000000000e+00,0.000000000000000000e+00,-2.517242120551864693e-01,0.000000000000000000e+00,0.000000000000000000e+00,0.000000000000000000e+00,2.962853202864254243e+00,-4.071667532202135620e-01
-2.488226776580050315e-01,-3.862644406753434900e-01,-0.000000000000000000e+00,0.000000000000000000e+00,-0.000000000000000000e+00,3.596003240550946223e-02,2.020144320031740381e-01,0.000000000000000000e+00,-3.530290309331176046e-01,-4.098553420576916961e-02,0.000000000000000000e+00,-3.569744828735550435e-01,1.335012595290251680e-01,0.000000000000000000e+00,-8.294639522132885023e-02,-0.000000000000000000e+00,0.000000000000000000e+00,-0.000000000000000000e+00,-0.000000000000000000e+00,-0.000000000000000000e+00,-0.000000000000000000e+00,-1.991522372669545238e-01,0.000000000000000000e+00,-0.000000000000000000e+00,-0.000000000000000000e+00,-0.000000000000000000e+00,-0.000000000000000000e+00,-0.000000000000000000e+00,0.000000000000000000e+00,-2.050191289827438534e-01,0.000000000000000000e+00,0.000000000000000000e+00,0.000000000000000000e+00,-1.389116813855383881e-01,0.000000000000000000e+00,0.000000000000000000e+00,0.000000000000000000e+00,-4.071667532202135620e-01,2.633036355940058471e+00
