1.646421511250018010e+00,-5.977367088724451216e-01,-0.000000000000000000e+00,-0.000000000000000000e+00,-0.000000000000000000e+00,-0.000000000000000000e+00,-0.000000000000000000e+00,0.000000000000000000e+00,-1.423864509832868941e-01,-1.488156492331372815e-01,-0.000000000000000000e+00,-0.000000000000000000e+00,0.000000000000000000e+00,-0.000000000000000000e+00,-0.000000000000000000e+00,-0.000000000000000000e+00,-0.000000000000000000e+00,0.000000000000000000e+00,0.000000000000000000e+00,-0.000000000000000000e+00,-0.000000000000000000e+00,-0.000000000000000000e+00,-0.000000000000000000e+00,-0.000000000000000000e+00,0.000000000000000000e+00,-0.000000000000000000e+00,0.000000000000000000e+00,-0.000000000000000000e+00,-2.280456057120199553e-01,-0.000000000000000000e+00,0.000000000000000000e+00,-0.000000000000000000e+00,-0.000000000000000000e+00,-0.000000000000000000e+00,-0.000000000000000000e+00,-3.006321074600003529e-01,-0.000000000000000000e+00,-0.000000000000000000e+00,0.000000000000000000e+00
-5.977367088724451216e-01,2.047179079754388731e+00,-0.000000000000000000e+00,-0.000000000000000000e+00,-0.000000000000000000e+00,-0.000000000000000000e+00,-6.852634076590813361e-02,0.000000000000000000e+00,-0.000000000000000000e+00,-0.000000000000000000e+00,-1.091691605363766769e-02,0.000000000000000000e+00,0.000000000000000000e+00,-1.952925515568632864e-01,0.000000000000000000e+00,-0.000000000000000000e+00,-0.000000000000000000e+00,7.268640639654347368e-02,0.000000000000000000e+00,-1.206812289235479757e-01,-0.000000000000000000e+00,-0.000000000000000000e+00,-0.000000000000000000e+00,-1.935678955498483511e-01,-0.000000000000000000e+00,-1.629476023937773965e-01,-0.000000000000000000e+00,-0.000000000000000000e+00,-2.266758786710194318e-01,-4.805444380765395984e-02,0.000000000000000000e+00,-2.620207446325166778e-01,-0.000000000000000000e+00,-0.000000000000000000e+00,-0.000000000000000000e+00,-4.451966826007842104e-01,-0.000000000000000000e+00,-0.000000000000000000e+00,-0.000000000000000000e+00
-0.000000000000000000e+00,-0.000000000000000000e+00,3.372376122576981938e+00,0.000000000000000000e+00,-8.683827974355337043e-01,-0.000000000000000000e+00,-0.000000000000000000e+00,1.170229763539462065e+00,-1.691107090069897678e-01,-0.000000000000000000e+00,0.000000000000000000e+00,-0.000000000000000000e+00,-0.000000000000000000e+00,-2.209790135286227586e-01,0.000000000000000000e+00,-0.000000000000000000e+00,0.000000000000000000e+00,0.000000000000000000e+00,-0.000000000000000000e+00,-0.000000000000000000e+00,-5.362014540044693911e-01,-2.819303249115275856e-01,-0.000000000000000000e+00,-0.000000000000000000e+00,-0.000000000000000000e+00,-0.000000000000000000e+00,-0.000000000000000000e+00,0.000000000000000000e+00,-0.000000000000000000e+00,-0.000000000000000000e+00,-1.623256694486003571e-01,-2.340794224033561355e-02,-0.000000000000000000e+00,-1.820029099923103078e-01,0.000000000000000000e+00,-0.000000000000000000e+00,-0.000000000000000000e+00,0.000000000000000000e+00,-0.000000000000000000e+00
-0.000000000000000000e+00,-0.000000000000000000e+00,0.000000000000000000e+00,1.671353972166714774e+00,-0.000000000000000000e+00,0.000000000000000000e+00,-5.193498203886117714e-01,-1.964930796571861572e-03,0.000000000000000000e+00,-0.000000000000000000e+00,-3.823520583489845026e-02,-5.445479308615090025e-02,0.000000000000000000e+00,-0.000000000000000000e+00,-1.132877963008316474e-01,0.000000000000000000e+00,-0.000000000000000000e+00,-0.000000000000000000e+00,0.000000000000000000e+00,-3.856369987747851336e-01,6.738540726207495335e-02,0.000000000000000000e+00,1.573096808246352285e-01,-0.000000000000000000e+00,-0.000000000000000000e+00,-0.000000000000000000e+00,9.203095109630245185e-02,-0.000000000000000000e+00,-0.000000000000000000e+00,4.068676610878631771e-03,0.000000000000000000e+00,0.000000000000000000e+00,-7.699779747655598194e-02,0.000000000000000000e+00,-2.069776829933324125e-01,-0.000000000000000000e+00,0.000000000000000000e+00,-1.852762934050641852e-01,-0.000000000000000000e+00
-0.000000000000000000e+00,-0.000000000000000000e+00,-8.683827974355337043e-01,-0.000000000000000000e+00,2.383859011208444123e+00,-0.000000000000000000e+00,-0.000000000000000000e+00,1.214443284586036870e-01,-1.994579071911836698e-01,-1.251546649671037015e-01,-0.000000000000000000e+00,-1.787343803576189050e-01,-0.000000000000000000e+00,-3.164355792548291801e-01,-0.000000000000000000e+00,-0.000000000000000000e+00,0.000000000000000000e+00,-0.000000000000000000e+00,-0.000000000000000000e+00,-0.000000000000000000e+00,-8.765705625797265421e-02,-1.603389214091407999e-01,-0.000000000000000000e+00,-0.000000000000000000e+00,-0.000000000000000000e+00,-0.000000000000000000e+00,-0.000000000000000000e+00,0.000000000000000000e+00,-0.000000000000000000e+00,-0.000000000000000000e+00,-0.000000000000000000e+00,-0.000000000000000000e+00,-0.000000000000000000e+00,-2.732278321870289517e-01,-0.000000000000000000e+00,-0.000000000000000000e+00,-0.000000000000000000e+00,-0.000000000000000000e+00,-1.188792165372758447e-01
-0.000000000000000000e+00,-0.000000000000000000e+00,-0.000000000000000000e+00,0.000000000000000000e+00,-0.000000000000000000e+00,1.187456435717701542e+00,0.000000000000000000e+00,0.000000000000000000e+00,-0.000000000000000000e+00,0.000000000000000000e+00,-2.719140181538790557e-01,-0.000000000000000000e+00,-4.358990521212718905e-02,-5.904782926453759628e-02,0.000000000000000000e+00,0.000000000000000000e+00,-0.000000000000000000e+00,-0.000000000000000000e+00,0.000000000000000000e+00,7.668905276350382327e-02,-0.000000000000000000e+00,-0.000000000000000000e+00,-0.000000000000000000e+00,0.000000000000000000e+00,-0.000000000000000000e+00,-0.000000000000000000e+00,-1.352573988274174965e-01,0.000000000000000000e+00,-0.000000000000000000e+00,-9.057255081381286599e-02,-0.000000000000000000e+00,-1.127201423898325922e-01,0.000000000000000000e+00,-0.000000000000000000e+00,0.000000000000000000e+00,-0.000000000000000000e+00,-0.000000000000000000e+00,0.000000000000000000e+00,-0.000000000000000000e+00
-0.000000000000000000e+00,-6.852634076590813361e-02,-0.000000000000000000e+00,-5.193498203886117714e-01,-0.000000000000000000e+00,0.000000000000000000e+00,1.551437954581687206e+00,-0.000000000000000000e+00,-0.000000000000000000e+00,-0.000000000000000000e+00,-0.000000000000000000e+00,-0.000000000000000000e+00,7.340920704359960025e-02,-0.000000000000000000e+00,-0.000000000000000000e+00,0.000000000000000000e+00,-0.000000000000000000e+00,-0.000000000000000000e+00,-0.000000000000000000e+00,-3.186513218223076538e-01,0.000000000000000000e+00,0.000000000000000000e+00,0.000000000000000000e+00,-0.000000000000000000e+00,-0.000000000000000000e+00,-3.625074964146883516e-02,0.000000000000000000e+00,-9.612480638039669345e-02,-0.000000000000000000e+00,0.000000000000000000e+00,0.000000000000000000e+00,-0.000000000000000000e+00,-1.300669446009734276e-01,0.000000000000000000e+00,-0.000000000000000000e+00,-0.000000000000000000e+00,-0.000000000000000000e+00,-1.310413366402791158e-01,-0.000000000000000000e+00
0.000000000000000000e+00,0.000000000000000000e+00,1.170229763539462065e+00,-1.964930796571861572e-03,1.214443284586036870e-01,0.000000000000000000e+00,-0.000000000000000000e+00,2.542103742215839901e+00,4.504063041322563937e-02,0.000000000000000000e+00,-0.000000000000000000e+00,0.000000000000000000e+00,0.000000000000000000e+00,0.000000000000000000e+00,-4.840628669573453224e-02,0.000000000000000000e+00,-0.000000000000000000e+00,-0.000000000000000000e+00,0.000000000000000000e+00,-0.000000000000000000e+00,2.689109032269795807e-01,0.000000000000000000e+00,8.395471752717749425e-02,2.217449726550520250e-02,0.000000000000000000e+00,0.000000000000000000e+00,1.548858283908127742e-01,-0.000000000000000000e+00,0.000000000000000000e+00,2.679271840124282655e-01,1.057057241674825253e-02,1.309415805272588383e-03,-0.000000000000000000e+00,2.693349149977443124e-01,-0.000000000000000000e+00,0.000000000000000000e+00,0.000000000000000000e+00,-0.000000000000000000e+00,0.000000000000000000e+00
-1.423864509832868941e-01,-0.000000000000000000e+00,-1.691107090069897678e-01,0.000000000000000000e+00,-1.994579071911836698e-01,-0.000000000000000000e+00,-0.000000000000000000e+00,4.504063041322563937e-02,2.072423888067857600e+00,-1.849794871326859279e-03,-0.000000000000000000e+00,-1.822969992756568458e-01,-0.000000000000000000e+00,-7.542778195926115592e-03,0.000000000000000000e+00,-1.211038943016870817e-01,-0.000000000000000000e+00,-0.000000000000000000e+00,-0.000000000000000000e+00,0.000000000000000000e+00,-0.000000000000000000e+00,-1.802269236791679066e-02,-0.000000000000000000e+00,-0.000000000000000000e+00,-0.000000000000000000e+00,-3.019265701031086380e-01,-5.279711016615702690e-02,-0.000000000000000000e+00,-0.000000000000000000e+00,-1.375261510610338023e-01,-0.000000000000000000e+00,-3.123353728931289042e-01,-0.000000000000000000e+00,-4.984342949354554908e-01,-0.000000000000000000e+00,-0.000000000000000000e+00,-1.261639771911589325e-02,-0.000000000000000000e+00,-0.000000000000000000e+00
-1.488156492331372815e-01,-0.000000000000000000e+00,-0.000000000000000000e+00,-0.000000000000000000e+00,-1.251546649671037015e-01,0.000000000000000000e+00,-0.000000000000000000e+00,0.000000000000000000e+00,-1.849794871326859279e-03,1.952875696662376592e+00,-2.971611455193869794e-02,-0.000000000000000000e+00,-0.000000000000000000e+00,-2.238810142984258046e-03,-0.000000000000000000e+00,-3.342449276476015529e-01,-0.000000000000000000e+00,-0.000000000000000000e+00,-0.000000000000000000e+00,-7.396792096413086492e-02,-0.000000000000000000e+00,-2.598377812007568108e-02,-0.000000000000000000e+00,-0.000000000000000000e+00,-9.048083777679041262e-01,-0.000000000000000000e+00,0.000000000000000000e+00,-1.264684882705752536e-02,-0.000000000000000000e+00,-0.000000000000000000e+00,-0.000000000000000000e+00,0.000000000000000000e+00,-2.068163329662205951e-01,-0.000000000000000000e+00,-0.000000000000000000e+00,-0.000000000000000000e+00,0.000000000000000000e+00,-8.751138677046903236e-02,-0.000000000000000000e+00
-0.000000000000000000e+00,-1.091691605363766769e-02,0.000000000000000000e+00,-3.823520583489845026e-02,-0.000000000000000000e+00,-2.719140181538790557e-01,-0.000000000000000000e+00,-0.000000000000000000e+00,-0.000000000000000000e+00,-2.971611455193869794e-02,1.504989643509280661e+00,-0.000000000000000000e+00,-3.464189096661340200e-02,-0.000000000000000000e+00,-1.356682336562556879e-01,0.000000000000000000e+00,-5.063853431361470259e-01,-0.000000000000000000e+00,1.948793071489035231e-02,-0.000000000000000000e+00,0.000000000000000000e+00,-0.000000000000000000e+00,0.000000000000000000e+00,-0.000000000000000000e+00,-0.000000000000000000e+00,-0.000000000000000000e+00,-0.000000000000000000e+00,0.000000000000000000e+00,-2.270241449495711550e-01,0.000000000000000000e+00,0.000000000000000000e+00,-0.000000000000000000e+00,-9.879755551381470824e-02,0.000000000000000000e+00,-1.352412597694236385e-01,-1.325782218408817596e-02,0.000000000000000000e+00,-0.000000000000000000e+00,-1.893984610432113830e-02
-0.000000000000000000e+00,0.000000000000000000e+00,-0.000000000000000000e+00,-5.445479308615090025e-02,-1.787343803576189050e-01,-0.000000000000000000e+00,-0.000000000000000000e+00,0.000000000000000000e+00,-1.822969992756568458e-01,-0.000000000000000000e+00,-0.000000000000000000e+00,1.277283487093330061e+00,-0.000000000000000000e+00,-0.000000000000000000e+00,-5.372027973624207003e-02,-0.000000000000000000e+00,0.000000000000000000e+00,-1.786695920506705948e-01,-0.000000000000000000e+00,-0.000000000000000000e+00,-0.000000000000000000e+00,-6.842195668714096124e-02,-0.000000000000000000e+00,-0.000000000000000000e+00,-0.000000000000000000e+00,0.000000000000000000e+00,-0.000000000000000000e+00,0.000000000000000000e+00,0.000000000000000000e+00,-0.000000000000000000e+00,-4.616915294443645068e-02,-0.000000000000000000e+00,-0.000000000000000000e+00,-0.000000000000000000e+00,-0.000000000000000000e+00,0.000000000000000000e+00,-0.000000000000000000e+00,0.000000000000000000e+00,-2.207504926734331629e-01
0.000000000000000000e+00,0.000000000000000000e+00,-0.000000000000000000e+00,0.000000000000000000e+00,-0.000000000000000000e+00,-4.358990521212718905e-02,7.340920704359960025e-02,0.000000000000000000e+00,-0.000000000000000000e+00,-0.000000000000000000e+00,-3.464189096661340200e-02,-0.000000000000000000e+00,1.186748075166363936e+00,-0.000000000000000000e+00,0.000000000000000000e+00,-0.000000000000000000e+00,-0.000000000000000000e+00,-0.000000000000000000e+00,0.000000000000000000e+00,3.736134034263500769e-01,0.000000000000000000e+00,-0.000000000000000000e+00,-0.000000000000000000e+00,-0.000000000000000000e+00,-3.217294752278119369e-02,0.000000000000000000e+00,-0.000000000000000000e+00,0.000000000000000000e+00,-0.000000000000000000e+00,-0.000000000000000000e+00,-5.430608756741191201e-02,-0.000000000000000000e+00,-0.000000000000000000e+00,-1.589846406168766435e-01,-0.000000000000000000e+00,7.556281401451854507e-02,0.000000000000000000e+00,0.000000000000000000e+00,-0.000000000000000000e+00
-0.000000000000000000e+00,-1.952925515568632864e-01,-2.209790135286227586e-01,-0.000000000000000000e+00,-3.164355792548291801e-01,-5.904782926453759628e-02,-0.000000000000000000e+00,0.000000000000000000e+00,-7.542778195926115592e-03,-2.238810142984258046e-03,-0.000000000000000000e+00,-0.000000000000000000e+00,-0.000000000000000000e+00,2.158159460409323049e+00,0.000000000000000000e+00,-0.000000000000000000e+00,-0.000000000000000000e+00,-0.000000000000000000e+00,-0.000000000000000000e+00,-0.000000000000000000e+00,-0.000000000000000000e+00,-2.717913006819039912e-01,-0.000000000000000000e+00,-2.622447159112284987e-01,-4.450641069460609112e-02,-0.000000000000000000e+00,-0.000000000000000000e+00,-0.000000000000000000e+00,-9.808835151103893757e-02,-0.000000000000000000e+00,-0.000000000000000000e+00,-1.892083712903352144e-01,-4.930261099171188155e-01,-0.000000000000000000e+00,-0.000000000000000000e+00,-0.000000000000000000e+00,-2.491541418216778048e-01,-0.000000000000000000e+00,-3.136454742767180726e-02
-0.000000000000000000e+00,0.000000000000000000e+00,0.000000000000000000e+00,-1.132877963008316474e-01,-0.000000000000000000e+00,0.000000000000000000e+00,-0.000000000000000000e+00,-4.840628669573453224e-02,0.000000000000000000e+00,-0.000000000000000000e+00,-1.356682336562556879e-01,-5.372027973624207003e-02,0.000000000000000000e+00,0.000000000000000000e+00,1.325830086921176099e+00,0.000000000000000000e+00,-0.000000000000000000e+00,-2.566526884379125018e-01,-0.000000000000000000e+00,-2.086321407589339094e-01,2.090137668978292191e-03,0.000000000000000000e+00,0.000000000000000000e+00,-0.000000000000000000e+00,-0.000000000000000000e+00,-0.000000000000000000e+00,0.000000000000000000e+00,-0.000000000000000000e+00,-0.000000000000000000e+00,2.497845056511058537e-01,1.533826646539941663e-01,0.000000000000000000e+00,-6.585129582492854627e-02,0.000000000000000000e+00,-5.205864838621714064e-02,0.000000000000000000e+00,0.000000000000000000e+00,-1.204624335661173967e-01,-4.114812740721356804e-02
-0.000000000000000000e+00,-0.000000000000000000e+00,-0.000000000000000000e+00,0.000000000000000000e+00,-0.000000000000000000e+00,0.000000000000000000e+00,0.000000000000000000e+00,0.000000000000000000e+00,-1.211038943016870817e-01,-3.342449276476015529e-01,0.000000000000000000e+00,-0.000000000000000000e+00,-0.000000000000000000e+00,-0.000000000000000000e+00,0.000000000000000000e+00,1.519798680087539156e+00,-6.174862245326827315e-02,-2.529654263863324037e-01,-1.523552186574328449e-01,-0.000000000000000000e+00,-0.000000000000000000e+00,-0.000000000000000000e+00,-2.351264101212114932e-01,-0.000000000000000000e+00,-0.000000000000000000e+00,-0.000000000000000000e+00,-0.000000000000000000e+00,-1.482106376687992444e-01,0.000000000000000000e+00,-0.000000000000000000e+00,-2.026345582445039095e-01,0.000000000000000000e+00,-0.000000000000000000e+00,-0.000000000000000000e+00,0.000000000000000000e+00,0.000000000000000000e+00,-0.000000000000000000e+00,-0.000000000000000000e+00,-0.000000000000000000e+00
-0.000000000000000000e+00,-0.000000000000000000e+00,0.000000000000000000e+00,-0.000000000000000000e+00,0.000000000000000000e+00,-0.000000000000000000e+00,-0.000000000000000000e+00,-0.000000000000000000e+00,-0.000000000000000000e+00,-0.000000000000000000e+00,-5.063853431361470259e-01,0.000000000000000000e+00,-0.000000000000000000e+00,-0.000000000000000000e+00,-0.000000000000000000e+00,-6.174862245326827315e-02,1.420106157136782121e+00,-1.352807983408490511e-01,0.000000000000000000e+00,0.000000000000000000e+00,4.284539132945588968e-03,-0.000000000000000000e+00,-0.000000000000000000e+00,-0.000000000000000000e+00,-5.411388561680881976e-02,-0.000000000000000000e+00,-0.000000000000000000e+00,-1.974966655490388856e-01,-0.000000000000000000e+00,0.000000000000000000e+00,-0.000000000000000000e+00,0.000000000000000000e+00,-1.384508466657621284e-01,0.000000000000000000e+00,-0.000000000000000000e+00,0.000000000000000000e+00,-0.000000000000000000e+00,-2.723947823611966995e-02,-0.000000000000000000e+00
0.000000000000000000e+00,7.268640639654347368e-02,0.000000000000000000e+00,-0.000000000000000000e+00,-0.000000000000000000e+00,-0.000000000000000000e+00,-0.000000000000000000e+00,-0.000000000000000000e+00,-0.000000000000000000e+00,-0.000000000000000000e+00,-0.000000000000000000e+00,-1.786695920506705948e-01,-0.000000000000000000e+00,-0.000000000000000000e+00,-2.566526884379125018e-01,-2.529654263863324037e-01,-1.352807983408490511e-01,1.417899806276698094e+00,-3.020386782371439760e-01,-0.000000000000000000e+00,0.000000000000000000e+00,0.000000000000000000e+00,0.000000000000000000e+00,0.000000000000000000e+00,-0.000000000000000000e+00,-0.000000000000000000e+00,-0.000000000000000000e+00,-2.395472026569444579e-01,0.000000000000000000e+00,0.000000000000000000e+00,-0.000000000000000000e+00,0.000000000000000000e+00,-1.585928381108242524e-02,0.000000000000000000e+00,-0.000000000000000000e+00,5.512601659937205884e-02,-0.000000000000000000e+00,-0.000000000000000000e+00,-3.444856783758017821e-02
0.000000000000000000e+00,0.000000000000000000e+00,-0.000000000000000000e+00,0.000000000000000000e+00,-0.000000000000000000e+00,0.000000000000000000e+00,-0.000000000000000000e+00,0.000000000000000000e+00,-0.000000000000000000e+00,-0.000000000000000000e+00,1.948793071489035231e-02,-0.000000000000000000e+00,0.000000000000000000e+00,-0.000000000000000000e+00,-0.000000000000000000e+00,-1.523552186574328449e-01,0.000000000000000000e+00,-3.020386782371439760e-01,1.165906358183766978e+00,0.000000000000000000e+00,-3.319927349215886364e-02,-0.000000000000000000e+00,-0.000000000000000000e+00,0.000000000000000000e+00,0.000000000000000000e+00,0.000000000000000000e+00,-0.000000000000000000e+00,-0.000000000000000000e+00,1.112373310944396974e-02,0.000000000000000000e+00,-1.257674177559109374e-01,-0.000000000000000000e+00,-0.000000000000000000e+00,-0.000000000000000000e+00,0.000000000000000000e+00,0.000000000000000000e+00,-1.411851499387380658e-02,0.000000000000000000e+00,-0.000000000000000000e+00
-0.000000000000000000e+00,-1.206812289235479757e-01,-0.000000000000000000e+00,-3.856369987747851336e-01,-0.000000000000000000e+00,7.668905276350382327e-02,-3.186513218223076538e-01,-0.000000000000000000e+00,0.000000000000000000e+00,-7.396792096413086492e-02,-0.000000000000000000e+00,-0.000000000000000000e+00,3.736134034263500769e-01,-0.000000000000000000e+00,-2.086321407589339094e-01,-0.000000000000000000e+00,0.000000000000000000e+00,-0.000000000000000000e+00,0.000000000000000000e+00,1.595443620782885485e+00,0.000000000000000000e+00,-0.000000000000000000e+00,0.000000000000000000e+00,-0.000000000000000000e+00,-0.000000000000000000e+00,-0.000000000000000000e+00,0.000000000000000000e+00,-3.235892491851105612e-02,-0.000000000000000000e+00,0.000000000000000000e+00,0.000000000000000000e+00,0.000000000000000000e+00,-5.429000663864377851e-02,0.000000000000000000e+00,-0.000000000000000000e+00,-0.000000000000000000e+00,-0.000000000000000000e+00,-7.100607848967900593e-02,-0.000000000000000000e+00
-0.000000000000000000e+00,-0.000000000000000000e+00,-5.362014540044693911e-01,6.738540726207495335e-02,-8.765705625797265421e-02,-0.000000000000000000e+00,0.000000000000000000e+00,2.689109032269795807e-01,-0.000000000000000000e+00,-0.000000000000000000e+00,0.000000000000000000e+00,-0.000000000000000000e+00,0.000000000000000000e+00,-0.000000000000000000e+00,2.090137668978292191e-03,-0.000000000000000000e+00,4.284539132945588968e-03,0.000000000000000000e+00,-3.319927349215886364e-02,0.000000000000000000e+00,1.918489685760933261e+00,-1.591239738336550080e-02,-0.000000000000000000e+00,-0.000000000000000000e+00,0.000000000000000000e+00,-0.000000000000000000e+00,-7.837625459559741103e-02,0.000000000000000000e+00,0.000000000000000000e+00,-3.501059743512469069e-01,-6.995770316108970710e-02,-2.917794765980348884e-02,0.000000000000000000e+00,-1.967552219885504161e-01,2.416821867239562216e-01,-0.000000000000000000e+00,-0.000000000000000000e+00,0.000000000000000000e+00,-0.000000000000000000e+00
-0.000000000000000000e+00,-0.000000000000000000e+00,-2.819303249115275856e-01,0.000000000000000000e+00,-1.603389214091407999e-01,-0.000000000000000000e+00,0.000000000000000000e+00,0.000000000000000000e+00,-1.802269236791679066e-02,-2.598377812007568108e-02,-0.000000000000000000e+00,-6.842195668714096124e-02,-0.000000000000000000e+00,-2.717913006819039912e-01,0.000000000000000000e+00,-0.000000000000000000e+00,-0.000000000000000000e+00,0.000000000000000000e+00,-0.000000000000000000e+00,-0.000000000000000000e+00,-1.591239738336550080e-02,1.735608139896974933e+00,-1.010156037253729100e-01,-0.000000000000000000e+00,-0.000000000000000000e+00,0.000000000000000000e+00,-0.000000000000000000e+00,0.000000000000000000e+00,-0.000000000000000000e+00,-0.000000000000000000e+00,-2.755150189299587216e-01,-2.071259440764436077e-01,-1.873368580354334637e-02,-1.103456731420520559e-01,-0.000000000000000000e+00,-0.000000000000000000e+00,-0.000000000000000000e+00,0.000000000000000000e+00,-2.211999534513266197e-02
-0.000000000000000000e+00,-0.000000000000000000e+00,-0.000000000000000000e+00,1.573096808246352285e-01,-0.000000000000000000e+00,-0.000000000000000000e+00,0.000000000000000000e+00,8.395471752717749425e-02,-0.000000000000000000e+00,-0.000000000000000000e+00,0.000000000000000000e+00,-0.000000000000000000e+00,-0.000000000000000000e+00,-0.000000000000000000e+00,0.000000000000000000e+00,-2.351264101212114932e-01,-0.000000000000000000e+00,0.000000000000000000e+00,-0.000000000000000000e+00,0.000000000000000000e+00,-0.000000000000000000e+00,-1.010156037253729100e-01,1.490896391990242043e+00,-2.213962823741016106e-01,-0.000000000000000000e+00,0.000000000000000000e+00,-0.000000000000000000e+00,0.000000000000000000e+00,0.000000000000000000e+00,-1.371921996281225686e-01,-2.998695405787198953e-01,-0.000000000000000000e+00,-0.000000000000000000e+00,-1.455743964911256627e-01,0.000000000000000000e+00,-0.000000000000000000e+00,-0.000000000000000000e+00,0.000000000000000000e+00,-0.000000000000000000e+00
-0.000000000000000000e+00,-1.935678955498483511e-01,-0.000000000000000000e+00,-0.000000000000000000e+00,-0.000000000000000000e+00,0.000000000000000000e+00,-0.000000000000000000e+00,2.217449726550520250e-02,-0.000000000000000000e+00,-0.000000000000000000e+00,-0.000000000000000000e+00,-0.000000000000000000e+00,-0.000000000000000000e+00,-2.622447159112284987e-01,-0.000000000000000000e+00,-0.000000000000000000e+00,-0.000000000000000000e+00,0.000000000000000000e+00,0.000000000000000000e+00,-0.000000000000000000e+00,-0.000000000000000000e+00,-0.000000000000000000e+00,-2.213962823741016106e-01,1.418233835707275681e+00,-0.000000000000000000e+00,-6.103074771362174133e-02,-0.000000000000000000e+00,-0.000000000000000000e+00,-1.683868811206057636e-01,-1.011229668452839903e-01,-0.000000000000000000e+00,-9.142389094926525739e-02,-3.873475976654688034e-03,-0.000000000000000000e+00,-0.000000000000000000e+00,-0.000000000000000000e+00,-0.000000000000000000e+00,-0.000000000000000000e+00,-0.000000000000000000e+00
0.000000000000000000e+00,-0.000000000000000000e+00,-0.000000000000000000e+00,-0.000000000000000000e+00,-0.000000000000000000e+00,-0.000000000000000000e+00,-0.000000000000000000e+00,0.000000000000000000e+00,-0.000000000000000000e+00,-9.048083777679041262e-01,-0.000000000000000000e+00,-0.000000000000000000e+00,-3.217294752278119369e-02,-4.450641069460609112e-02,-0.000000000000000000e+00,-0.000000000000000000e+00,-5.411388561680881976e-02,-0.000000000000000000e+00,0.000000000000000000e+00,-0.000000000000000000e+00,0.000000000000000000e+00,-0.000000000000000000e+00,-0.000000000000000000e+00,-0.000000000000000000e+00,1.950847221224969896e+00,0.000000000000000000e+00,0.000000000000000000e+00,-2.084795869394633905e-01,-0.000000000000000000e+00,-0.000000000000000000e+00,-1.192831902211628770e-01,0.000000000000000000e+00,-3.408050846056953076e-01,-0.000000000000000000e+00,-0.000000000000000000e+00,0.000000000000000000e+00,0.000000000000000000e+00,-1.637440285642764448e-01,-3.505753306066189553e-05
-0.000000000000000000e+00,-1.629476023937773965e-01,-0.000000000000000000e+00,-0.000000000000000000e+00,-0.000000000000000000e+00,-0.000000000000000000e+00,-3.625074964146883516e-02,0.000000000000000000e+00,-3.019265701031086380e-01,-0.000000000000000000e+00,-0.000000000000000000e+00,0.000000000000000000e+00,0.000000000000000000e+00,-0.000000000000000000e+00,-0.000000000000000000e+00,-0.000000000000000000e+00,-0.000000000000000000e+00,-0.000000000000000000e+00,0.000000000000000000e+00,-0.000000000000000000e+00,-0.000000000000000000e+00,0.000000000000000000e+00,0.000000000000000000e+00,-6.103074771362174133e-02,0.000000000000000000e+00,1.682370082711041048e+00,-8.923224064559583113e-02,-1.743521640934064809e-01,-6.335413152232634015e-01,-9.362113412974033475e-03,0.000000000000000000e+00,-0.000000000000000000e+00,-0.000000000000000000e+00,-0.000000000000000000e+00,-0.000000000000000000e+00,-0.000000000000000000e+00,-5.058216531187502418e-02,-2.748462687339146143e-02,-0.000000000000000000e+00
0.000000000000000000e+00,-0.000000000000000000e+00,-0.000000000000000000e+00,9.203095109630245185e-02,-0.000000000000000000e+00,-1.352573988274174965e-01,0.000000000000000000e+00,1.548858283908127742e-01,-5.279711016615702690e-02,0.000000000000000000e+00,-0.000000000000000000e+00,-0.000000000000000000e+00,-0.000000000000000000e+00,-0.000000000000000000e+00,0.000000000000000000e+00,-0.000000000000000000e+00,-0.000000000000000000e+00,-0.000000000000000000e+00,-0.000000000000000000e+00,0.000000000000000000e+00,-7.837625459559741103e-02,-0.000000000000000000e+00,-0.000000000000000000e+00,-0.000000000000000000e+00,0.000000000000000000e+00,-8.923224064559583113e-02,1.960826328528448403e+00,0.000000000000000000e+00,-0.000000000000000000e+00,-2.454393911483989665e-01,-0.000000000000000000e+00,-4.800343481251006517e-01,-0.000000000000000000e+00,-0.000000000000000000e+00,0.000000000000000000e+00,-0.000000000000000000e+00,-4.176985025742580016e-01,0.000000000000000000e+00,-3.644025049541133598e-01
-0.000000000000000000e+00,-0.000000000000000000e+00,0.000000000000000000e+00,-0.000000000000000000e+00,0.000000000000000000e+00,0.000000000000000000e+00,-9.612480638039669345e-02,-0.000000000000000000e+00,-0.000000000000000000e+00,-1.264684882705752536e-02,0.000000000000000000e+00,0.000000000000000000e+00,0.000000000000000000e+00,-0.000000000000000000e+00,-0.000000000000000000e+00,-1.482106376687992444e-01,-1.974966655490388856e-01,-2.395472026569444579e-01,-0.000000000000000000e+00,-3.235892491851105612e-02,0.000000000000000000e+00,0.000000000000000000e+00,0.000000000000000000e+00,-0.000000000000000000e+00,-2.084795869394633905e-01,-1.743521640934064809e-01,0.000000000000000000e+00,1.562880575782150672e+00,-0.000000000000000000e+00,0.000000000000000000e+00,-0.000000000000000000e+00,0.000000000000000000e+00,-2.337485919947311086e-01,0.000000000000000000e+00,-0.000000000000000000e+00,0.000000000000000000e+00,-0.000000000000000000e+00,-2.398077277507657257e-01,0.000000000000000000e+00
-2.280456057120199553e-01,-2.266758786710194318e-01,-0.000000000000000000e+00,-0.000000000000000000e+00,-0.000000000000000000e+00,-0.000000000000000000e+00,-0.000000000000000000e+00,0.000000000000000000e+00,-0.000000000000000000e+00,-0.000000000000000000e+00,-2.270241449495711550e-01,0.000000000000000000e+00,-0.000000000000000000e+00,-9.808835151103893757e-02,-0.000000000000000000e+00,0.000000000000000000e+00,-0.000000000000000000e+00,0.000000000000000000e+00,1.112373310944396974e-02,-0.000000000000000000e+00,0.000000000000000000e+00,-0.000000000000000000e+00,0.000000000000000000e+00,-1.683868811206057636e-01,-0.000000000000000000e+00,-6.335413152232634015e-01,-0.000000000000000000e+00,-0.000000000000000000e+00,1.792349128459291840e+00,-0.000000000000000000e+00,0.000000000000000000e+00,-1.468436908986623102e-01,-0.000000000000000000e+00,-0.000000000000000000e+00,-1.428912832439577403e-02,-0.000000000000000000e+00,-7.561781319798449932e-03,-0.000000000000000000e+00,-0.000000000000000000e+00
-0.000000000000000000e+00,-4.805444380765395984e-02,-0.000000000000000000e+00,4.068676610878631771e-03,-0.000000000000000000e+00,-9.057255081381286599e-02,0.000000000000000000e+00,2.679271840124282655e-01,-1.375261510610338023e-01,-0.000000000000000000e+00,0.000000000000000000e+00,-0.000000000000000000e+00,-0.000000000000000000e+00,-0.000000000000000000e+00,2.497845056511058537e-01,-0.000000000000000000e+00,0.000000000000000000e+00,0.000000000000000000e+00,0.000000000000000000e+00,0.000000000000000000e+00,-3.501059743512469069e-01,-0.000000000000000000e+00,-1.371921996281225686e-01,-1.011229668452839903e-01,-0.000000000000000000e+00,-9.362113412974033475e-03,-2.454393911483989665e-01,0.000000000000000000e+00,-0.000000000000000000e+00,2.042014766324546038e+00,-0.000000000000000000e+00,-2.177021953364896567e-01,0.000000000000000000e+00,-4.017803099703217140e-01,1.158272465999754357e-02,-0.000000000000000000e+00,-0.000000000000000000e+00,0.000000000000000000e+00,-0.000000000000000000e+00
0.000000000000000000e+00,0.000000000000000000e+00,-1.623256694486003571e-01,0.000000000000000000e+00,-0.000000000000000000e+00,-0.000000000000000000e+00,0.000000000000000000e+00,1.057057241674825253e-02,-0.000000000000000000e+00,-0.000000000000000000e+00,0.000000000000000000e+00,-4.616915294443645068e-02,-5.430608756741191201e-02,-0.000000000000000000e+00,1.533826646539941663e-01,-2.026345582445039095e-01,-0.000000000000000000e+00,-0.000000000000000000e+00,-1.257674177559109374e-01,0.000000000000000000e+00,-6.995770316108970710e-02,-2.755150189299587216e-01,-2.998695405787198953e-01,-0.000000000000000000e+00,-1.192831902211628770e-01,0.000000000000000000e+00,-0.000000000000000000e+00,-0.000000000000000000e+00,0.000000000000000000e+00,-0.000000000000000000e+00,1.803321329696367714e+00,-0.000000000000000000e+00,-0.000000000000000000e+00,-4.569061222974475922e-01,0.000000000000000000e+00,3.994720344725955635e-02,-0.000000000000000000e+00,0.000000000000000000e+00,-0.000000000000000000e+00
-0.000000000000000000e+00,-2.620207446325166778e-01,-2.340794224033561355e-02,0.000000000000000000e+00,-0.000000000000000000e+00,-1.127201423898325922e-01,-0.000000000000000000e+00,1.309415805272588383e-03,-3.123353728931289042e-01,0.000000000000000000e+00,-0.000000000000000000e+00,-0.000000000000000000e+00,-0.000000000000000000e+00,-1.892083712903352144e-01,0.000000000000000000e+00,0.000000000000000000e+00,0.000000000000000000e+00,0.000000000000000000e+00,-0.000000000000000000e+00,0.000000000000000000e+00,-2.917794765980348884e-02,-2.071259440764436077e-01,-0.000000000000000000e+00,-9.142389094926525739e-02,0.000000000000000000e+00,-0.000000000000000000e+00,-4.800343481251006517e-01,0.000000000000000000e+00,-1.468436908986623102e-01,-2.177021953364896567e-01,-0.000000000000000000e+00,2.268299386074829727e+00,-0.000000000000000000e+00,-0.000000000000000000e+00,-0.000000000000000000e+00,-3.997891199026143427e-02,-4.372459452132232416e-01,1.075737928888121503e-02,-0.000000000000000000e+00
-0.000000000000000000e+00,-0.000000000000000000e+00,-0.000000000000000000e+00,-7.699779747655598194e-02,-0.000000000000000000e+00,0.000000000000000000e+00,-1.300669446009734276e-01,-0.000000000000000000e+00,-0.000000000000000000e+00,-2.068163329662205951e-01,-9.879755551381470824e-02,-0.000000000000000000e+00,-0.000000000000000000e+00,-4.930261099171188155e-01,-6.585129582492854627e-02,-0.000000000000000000e+00,-1.384508466657621284e-01,-1.585928381108242524e-02,-0.000000000000000000e+00,-5.429000663864377851e-02,0.000000000000000000e+00,-1.873368580354334637e-02,-0.000000000000000000e+00,-3.873475976654688034e-03,-3.408050846056953076e-01,-0.000000000000000000e+00,-0.000000000000000000e+00,-2.337485919947311086e-01,-0.000000000000000000e+00,0.000000000000000000e+00,-0.000000000000000000e+00,-0.000000000000000000e+00,2.382580924994554650e+00,-0.000000000000000000e+00,-8.696324864546581823e-01,0.000000000000000000e+00,-0.000000000000000000e+00,-0.000000000000000000e+00,-1.497858896348714108e-01
-0.000000000000000000e+00,-0.000000000000000000e+00,-1.820029099923103078e-01,0.000000000000000000e+00,-2.732278321870289517e-01,-0.000000000000000000e+00,0.000000000000000000e+00,2.693349149977443124e-01,-4.984342949354554908e-01,-0.000000000000000000e+00,0.000000000000000000e+00,-0.000000000000000000e+00,-1.589846406168766435e-01,-0.000000000000000000e+00,0.000000000000000000e+00,-0.000000000000000000e+00,0.000000000000000000e+00,0.000000000000000000e+00,-0.000000000000000000e+00,0.000000000000000000e+00,-1.967552219885504161e-01,-1.103456731420520559e-01,-1.455743964911256627e-01,-0.000000000000000000e+00,-0.000000000000000000e+00,-0.000000000000000000e+00,-0.000000000000000000e+00,0.000000000000000000e+00,-0.000000000000000000e+00,-4.017803099703217140e-01,-4.569061222974475922e-01,-0.000000000000000000e+00,-0.000000000000000000e+00,2.471316089929114224e+00,0.000000000000000000e+00,0.000000000000000000e+00,-0.000000000000000000e+00,-0.000000000000000000e+00,-0.000000000000000000e+00
-0.000000000000000000e+00,-0.000000000000000000e+00,0.000000000000000000e+00,-2.069776829933324125e-01,-0.000000000000000000e+00,0.000000000000000000e+00,-0.000000000000000000e+00,-0.000000000000000000e+00,-0.000000000000000000e+00,-0.000000000000000000e+00,-1.352412597694236385e-01,-0.000000000000000000e+00,-0.000000000000000000e+00,-0.000000000000000000e+00,-5.205864838621714064e-02,0.000000000000000000e+00,-0.000000000000000000e+00,-0.000000000000000000e+00,0.000000000000000000e+00,-0.000000000000000000e+00,2.416821867239562216e-01,-0.000000000000000000e+00,0.000000000000000000e+00,-0.000000000000000000e+00,-0.000000000000000000e+00,-0.000000000000000000e+00,0.000000000000000000e+00,-0.000000000000000000e+00,-1.428912832439577403e-02,1.158272465999754357e-02,0.000000000000000000e+00,-0.000000000000000000e+00,-8.696324864546581823e-01,0.000000000000000000e+00,1.744151847354088014e+00,0.000000000000000000e+00,-1.707825734720194166e-01,-0.000000000000000000e+00,-1.204995731021660937e-01
-3.006321074600003529e-01,-4.451966826007842104e-01,-0.000000000000000000e+00,-0.000000000000000000e+00,-0.000000000000000000e+00,-0.000000000000000000e+00,-0.000000000000000000e+00,0.000000000000000000e+00,-0.000000000000000000e+00,-0.000000000000000000e+00,-1.325782218408817596e-02,0.000000000000000000e+00,7.556281401451854507e-02,-0.000000000000000000e+00,0.000000000000000000e+00,0.000000000000000000e+00,0.000000000000000000e+00,5.512601659937205884e-02,0.000000000000000000e+00,-0.000000000000000000e+00,-0.000000000000000000e+00,-0.000000000000000000e+00,-0.000000000000000000e+00,-0.000000000000000000e+00,0.000000000000000000e+00,-0.000000000000000000e+00,-0.000000000000000000e+00,0.000000000000000000e+00,-0.000000000000000000e+00,-0.000000000000000000e+00,3.994720344725955635e-02,-3.997891199026143427e-02,0.000000000000000000e+00,0.000000000000000000e+00,0.000000000000000000e+00,1.345026334550240010e+00,-0.000000000000000000e+00,0.000000000000000000e+00,0.000000000000000000e+00
-0.000000000000000000e+00,-0.000000000000000000e+00,-0.000000000000000000e+00,0.000000000000000000e+00,-0.000000000000000000e+00,-0.000000000000000000e+00,-0.000000000000000000e+00,0.000000000000000000e+00,-1.261639771911589325e-02,0.000000000000000000e+00,0.000000000000000000e+00,-0.000000000000000000e+00,0.000000000000000000e+00,-2.491541418216778048e-01,0.000000000000000000e+00,-0.000000000000000000e+00,-0.000000000000000000e+00,-0.000000000000000000e+00,-1.411851499387380658e-02,-0.000000000000000000e+00,-0.000000000000000000e+00,-0.000000000000000000e+00,-0.000000000000000000e+00,-0.000000000000000000e+00,0.000000000000000000e+00,-5.058216531187502418e-02,-4.176985025742580016e-01,-0.000000000000000000e+00,-7.561781319798449932e-03,-0.000000000000000000e+00,-0.000000000000000000e+00,-4.372459452132232416e-01,-0.000000000000000000e+00,-0.000000000000000000e+00,-1.707825734720194166e-01,-0.000000000000000000e+00,1.657560126608278450e+00,0.000000000000000000e+00,-5.805191247533414423e-02
-0.000000000000000000e+00,-0.000000000000000000e+00,0.000000000000000000e+00,-1.852762934050641852e-01,-0.000000000000000000e+00,0.000000000000000000e+00,-1.310413366402791158e-01,-0.000000000000000000e+00,-0.000000000000000000e+00,-8.751138677046903236e-02,-0.000000000000000000e+00,0.000000000000000000e+00,0.000000000000000000e+00,-0.000000000000000000e+00,-1.204624335661173967e-01,-0.000000000000000000e+00,-2.723947823611966995e-02,-0.000000000000000000e+00,0.000000000000000000e+00,-7.100607848967900593e-02,0.000000000000000000e+00,0.000000000000000000e+00,0.000000000000000000e+00,-0.000000000000000000e+00,-1.637440285642764448e-01,-2.748462687339146143e-02,0.000000000000000000e+00,-2.398077277507657257e-01,-0.000000000000000000e+00,0.000000000000000000e+00,0.000000000000000000e+00,1.075737928888121503e-02,-0.000000000000000000e+00,-0.000000000000000000e+00,-0.000000000000000000e+00,0.000000000000000000e+00,0.000000000000000000e+00,1.382067485341373025e+00,-1.864116894818543535e-01
0.000000000000000000e+00,-0.000000000000000000e+00,-0.000000000000000000e+00,-0.000000000000000000e+00,-1.188792165372758447e-01,-0.000000000000000000e+00,-0.000000000000000000e+00,0.000000000000000000e+00,-0.000000000000000000e+00,-0.000000000000000000e+00,-1.893984610432113830e-02,-2.207504926734331629e-01,-0.000000000000000000e+00,-3.136454742767180726e-02,-4.114812740721356804e-02,-0.000000000000000000e+00,-0.000000000000000000e+00,-3.444856783758017821e-02,-0.000000000000000000e+00,-0.000000000000000000e+00,-0.000000000000000000e+00,-2.211999534513266197e-02,-0.000000000000000000e+00,-0.000000000000000000e+00,-3.505753306066189553e-05,-0.000000000000000000e+00,-3.644025049541133598e-01,0.000000000000000000e+00,-0.000000000000000000e+00,-0.000000000000000000e+00,-0.000000000000000000e+00,-0.000000000000000000e+00,-1.497858896348714108e-01,-0.000000000000000000e+00,-1.204995731021660937e-01,0.000000000000000000e+00,-5.805191247533414423e-02,-1.864116894818543535e-01,1.459673983482105752e+00
