1.532769013467459418e+00,-4.548188263092287076e-01,-0.000000000000000000e+00,-0.000000000000000000e+00,-0.000000000000000000e+00,-0.000000000000000000e+00,-0.000000000000000000e+00,0.000000000000000000e+00,0.000000000000000000e+00,-2.581593001936908216e-01,-0.000000000000000000e+00,2.890225456916001995e-02,-0.000000000000000000e+00,-0.000000000000000000e+00,0.000000000000000000e+00,-0.000000000000000000e+00,-0.000000000000000000e+00,0.000000000000000000e+00,0.000000000000000000e+00,0.000000000000000000e+00,-0.000000000000000000e+00,-6.175327833729956153e-03,-0.000000000000000000e+00,0.000000000000000000e+00,-0.000000000000000000e+00,-0.000000000000000000e+00,-0.000000000000000000e+00,-1.608116920791095583e-01,-0.000000000000000000e+00,-0.000000000000000000e+00,-0.000000000000000000e+00,-2.169753297716814633e-01,-0.000000000000000000e+00,0.000000000000000000e+00,-0.000000000000000000e+00,-2.830986410744338877e-01,-0.000000000000000000e+00,0.000000000000000000e+00,0.000000000000000000e+00
-4.548188263092287076e-01,1.522316505263320074e+00,-0.000000000000000000e+00,-0.000000000000000000e+00,-0.000000000000000000e+00,-0.000000000000000000e+00,-0.000000000000000000e+00,6.239821002228747998e-02,-0.000000000000000000e+00,-2.588843891862559476e-01,-0.000000000000000000e+00,0.000000000000000000e+00,-0.000000000000000000e+00,-1.063995185830528545e-01,0.000000000000000000e+00,-8.899601589455576056e-02,-0.000000000000000000e+00,-0.000000000000000000e+00,-0.000000000000000000e+00,-0.000000000000000000e+00,-0.000000000000000000e+00,-3.566649426579856369e-02,-0.000000000000000000e+00,0.000000000000000000e+00,-2.512223981558956223e-02,-0.000000000000000000e+00,-0.000000000000000000e+00,-0.000000000000000000e+00,-1.583162512565027338e-02,-0.000000000000000000e+00,-0.000000000000000000e+00,-0.000000000000000000e+00,-0.000000000000000000e+00,-0.000000000000000000e+00,-0.000000000000000000e+00,-3.582743981492497731e-01,-0.000000000000000000e+00,-0.000000000000000000e+00,-0.000000000000000000e+00
-0.000000000000000000e+00,-0.000000000000000000e+00,2.398039866184060731e+00,-0.000000000000000000e+00,-6.944504554098218652e-01,0.000000000000000000e+00,-0.000000000000000000e+00,5.865191910553385624e-01,-1.518789658689815303e-01,-0.000000000000000000e+00,0.000000000000000000e+00,-0.000000000000000000e+00,0.000000000000000000e+00,-1.237211115601086903e-01,-0.000000000000000000e+00,-1.490069620314783683e-01,0.000000000000000000e+00,-4.208483110287320611e-02,-0.000000000000000000e+00,-1.429959461299317447e-01,0.000000000000000000e+00,-9.375840846370479820e-02,-7.096955824689057946e-02,-1.116661926029155205e-01,-0.000000000000000000e+00,-0.000000000000000000e+00,-0.000000000000000000e+00,0.000000000000000000e+00,-0.000000000000000000e+00,-1.571895029133352495e-01,0.000000000000000000e+00,0.000000000000000000e+00,-0.000000000000000000e+00,-1.975440182046229454e-01,0.000000000000000000e+00,-0.000000000000000000e+00,0.000000000000000000e+00,-0.000000000000000000e+00,-1.189711089875789690e-01
-0.000000000000000000e+00,-0.000000000000000000e+00,-0.000000000000000000e+00,1.228367642928680947e+00,-0.000000000000000000e+00,0.000000000000000000e+00,-3.622476655022005554e-01,0.000000000000000000e+00,-0.000000000000000000e+00,-1.824463578947636139e-02,0.000000000000000000e+00,-0.000000000000000000e+00,-0.000000000000000000e+00,-0.000000000000000000e+00,-0.000000000000000000e+00,-1.435860520174597477e-01,0.000000000000000000e+00,-1.122403965490617328e-01,-0.000000000000000000e+00,-0.000000000000000000e+00,0.000000000000000000e+00,-0.000000000000000000e+00,-0.000000000000000000e+00,-0.000000000000000000e+00,-0.000000000000000000e+00,-0.000000000000000000e+00,-0.000000000000000000e+00,-0.000000000000000000e+00,-0.000000000000000000e+00,-0.000000000000000000e+00,-0.000000000000000000e+00,0.000000000000000000e+00,-0.000000000000000000e+00,-0.000000000000000000e+00,0.000000000000000000e+00,-0.000000000000000000e+00,0.000000000000000000e+00,-1.729074458446956952e-01,-0.000000000000000000e+00
-0.000000000000000000e+00,-0.000000000000000000e+00,-6.944504554098218652e-01,-0.000000000000000000e+00,1.797404015948442568e+00,0.000000000000000000e+00,-0.000000000000000000e+00,1.928425433930661126e-01,-2.943250785392310248e-02,-0.000000000000000000e+00,0.000000000000000000e+00,-0.000000000000000000e+00,-0.000000000000000000e+00,-1.313329508470668927e-01,-0.000000000000000000e+00,-9.650507720601082806e-02,0.000000000000000000e+00,-4.728803819026526460e-03,-0.000000000000000000e+00,-1.249829045270784908e-02,0.000000000000000000e+00,-0.000000000000000000e+00,-1.431418534993904590e-01,-0.000000000000000000e+00,-1.357985682669024703e-02,-0.000000000000000000e+00,-2.581116980551119086e-02,-0.000000000000000000e+00,-0.000000000000000000e+00,-2.076205737831245679e-01,0.000000000000000000e+00,-0.000000000000000000e+00,-7.980998720458425122e-03,-1.942596923667170433e-02,0.000000000000000000e+00,-3.997807924448312789e-02,0.000000000000000000e+00,-0.000000000000000000e+00,-0.000000000000000000e+00
-0.000000000000000000e+00,-0.000000000000000000e+00,0.000000000000000000e+00,0.000000000000000000e+00,0.000000000000000000e+00,2.757153388891292245e+00,-0.000000000000000000e+00,-0.000000000000000000e+00,1.568889589823267705e-01,-0.000000000000000000e+00,-2.991308602859416577e-01,6.599935600643463962e-02,-0.000000000000000000e+00,0.000000000000000000e+00,9.669632155837701304e-02,0.000000000000000000e+00,-3.411935183943584637e-01,1.099475486988534118e-01,2.241776646540409590e-01,1.073177471708658265e-01,-1.925336836969617771e-01,0.000000000000000000e+00,0.000000000000000000e+00,4.734130676235713542e-02,0.000000000000000000e+00,-0.000000000000000000e+00,0.000000000000000000e+00,-8.895078946209620044e-03,-0.000000000000000000e+00,0.000000000000000000e+00,-0.000000000000000000e+00,-0.000000000000000000e+00,-0.000000000000000000e+00,2.035711722076332109e-01,-2.623118426022236771e-01,0.000000000000000000e+00,-2.028263632321671561e-01,6.385507659565282934e-02,3.497862263796139848e-01
-0.000000000000000000e+00,-0.000000000000000000e+00,-0.000000000000000000e+00,-3.622476655022005554e-01,-0.000000000000000000e+00,-0.000000000000000000e+00,1.210080914643296257e+00,0.000000000000000000e+00,0.000000000000000000e+00,-2.970370864006033340e-01,-0.000000000000000000e+00,0.000000000000000000e+00,-0.000000000000000000e+00,-0.000000000000000000e+00,0.000000000000000000e+00,-0.000000000000000000e+00,-0.000000000000000000e+00,-0.000000000000000000e+00,0.000000000000000000e+00,0.000000000000000000e+00,-0.000000000000000000e+00,-0.000000000000000000e+00,0.000000000000000000e+00,0.000000000000000000e+00,-0.000000000000000000e+00,-0.000000000000000000e+00,-9.962400376129842278e-03,-0.000000000000000000e+00,-0.000000000000000000e+00,-0.000000000000000000e+00,-0.000000000000000000e+00,-0.000000000000000000e+00,-0.000000000000000000e+00,-0.000000000000000000e+00,-0.000000000000000000e+00,-3.487506277009960048e-02,-0.000000000000000000e+00,-0.000000000000000000e+00,0.000000000000000000e+00
0.000000000000000000e+00,6.239821002228747998e-02,5.865191910553385624e-01,0.000000000000000000e+00,1.928425433930661126e-01,-0.000000000000000000e+00,0.000000000000000000e+00,1.624841582115574834e+00,0.000000000000000000e+00,0.000000000000000000e+00,-0.000000000000000000e+00,0.000000000000000000e+00,0.000000000000000000e+00,7.110693289671796147e-02,0.000000000000000000e+00,1.273136977019237275e-02,-0.000000000000000000e+00,0.000000000000000000e+00,0.000000000000000000e+00,5.726413798456068960e-02,-0.000000000000000000e+00,3.601644523173861412e-01,0.000000000000000000e+00,0.000000000000000000e+00,0.000000000000000000e+00,0.000000000000000000e+00,1.023009681247973555e-02,0.000000000000000000e+00,4.438346815684878627e-02,0.000000000000000000e+00,-0.000000000000000000e+00,0.000000000000000000e+00,0.000000000000000000e+00,0.000000000000000000e+00,-0.000000000000000000e+00,4.014256527488017229e-02,-0.000000000000000000e+00,0.000000000000000000e+00,4.743165163246519656e-02
0.000000000000000000e+00,-0.000000000000000000e+00,-1.518789658689815303e-01,-0.000000000000000000e+00,-2.943250785392310248e-02,1.568889589823267705e-01,0.000000000000000000e+00,0.000000000000000000e+00,3.008464094673244826e+00,0.000000000000000000e+00,1.717065313287035877e-01,-1.246327239874991388e-01,0.000000000000000000e+00,-3.747430035573334761e-02,-1.504506146646604758e-01,-0.000000000000000000e+00,1.317054027897652246e-01,-2.957708776304968090e-01,-1.498956293020956843e-01,-3.323006806245412115e-01,1.409351202872816122e-01,-0.000000000000000000e+00,-1.948847743708606028e-01,-2.773141457016843336e-01,-0.000000000000000000e+00,0.000000000000000000e+00,-0.000000000000000000e+00,0.000000000000000000e+00,-0.000000000000000000e+00,-0.000000000000000000e+00,0.000000000000000000e+00,0.000000000000000000e+00,0.000000000000000000e+00,-3.265950930532948160e-01,2.262910928584557224e-01,-0.000000000000000000e+00,0.000000000000000000e+00,-0.000000000000000000e+00,-2.311291851579800882e-01
-2.581593001936908216e-01,-2.588843891862559476e-01,-0.000000000000000000e+00,-1.824463578947636139e-02,-0.000000000000000000e+00,-0.000000000000000000e+00,-2.970370864006033340e-01,0.000000000000000000e+00,0.000000000000000000e+00,1.539881967423350151e+00,-0.000000000000000000e+00,0.000000000000000000e+00,-0.000000000000000000e+00,-0.000000000000000000e+00,0.000000000000000000e+00,-2.008673029975094892e-01,-0.000000000000000000e+00,0.000000000000000000e+00,-0.000000000000000000e+00,0.000000000000000000e+00,-0.000000000000000000e+00,-1.211810615522831286e-03,-0.000000000000000000e+00,0.000000000000000000e+00,-9.110762566812352636e-02,-0.000000000000000000e+00,-1.174672369852399756e-01,-1.889048803235019447e-01,-0.000000000000000000e+00,-0.000000000000000000e+00,-2.248010622686817950e-01,-4.936439775600968971e-02,-1.181583283362367953e-01,-0.000000000000000000e+00,-0.000000000000000000e+00,-2.585313856093863702e-02,-0.000000000000000000e+00,-0.000000000000000000e+00,-0.000000000000000000e+00
-0.000000000000000000e+00,-0.000000000000000000e+00,0.000000000000000000e+00,0.000000000000000000e+00,0.000000000000000000e+00,-2.991308602859416577e-01,-0.000000000000000000e+00,-0.000000000000000000e+00,1.717065313287035877e-01,-0.000000000000000000e+00,2.974545255990733938e+00,1.754441080396405284e-01,-0.000000000000000000e+00,0.000000000000000000e+00,2.621142637925127916e-01,0.000000000000000000e+00,-3.912502305491721288e-01,9.049282289911740607e-02,1.338646148510360401e-01,1.229775468534948929e-01,-2.217174323578183504e-01,-0.000000000000000000e+00,0.000000000000000000e+00,1.705056702421130499e-01,0.000000000000000000e+00,-0.000000000000000000e+00,-0.000000000000000000e+00,-0.000000000000000000e+00,-0.000000000000000000e+00,0.000000000000000000e+00,-2.357050409800411916e-01,-7.049546292336351938e-02,-0.000000000000000000e+00,1.586035920399961052e-01,-3.098472059200040318e-01,0.000000000000000000e+00,-1.313744185935585840e-01,0.000000000000000000e+00,1.258118778517618441e-01
2.890225456916001995e-02,0.000000000000000000e+00,-0.000000000000000000e+00,-0.000000000000000000e+00,-0.000000000000000000e+00,6.599935600643463962e-02,0.000000000000000000e+00,0.000000000000000000e+00,-1.246327239874991388e-01,0.000000000000000000e+00,1.754441080396405284e-01,2.568985536699897487e+00,0.000000000000000000e+00,-0.000000000000000000e+00,-5.727921171781720222e-01,-0.000000000000000000e+00,1.542234476892772876e-01,-1.764167641603887893e-01,-1.492349988849703546e-01,-2.588166533741133035e-01,2.315606639116753740e-01,-0.000000000000000000e+00,-3.346572777103842822e-02,-1.722837735866370457e-01,-0.000000000000000000e+00,-0.000000000000000000e+00,-0.000000000000000000e+00,0.000000000000000000e+00,-0.000000000000000000e+00,-0.000000000000000000e+00,0.000000000000000000e+00,0.000000000000000000e+00,0.000000000000000000e+00,-9.471193461442335704e-02,1.717842648905490988e-01,0.000000000000000000e+00,3.473497126440995564e-02,-0.000000000000000000e+00,-4.150034408286230186e-02
-0.000000000000000000e+00,-0.000000000000000000e+00,0.000000000000000000e+00,-0.000000000000000000e+00,-0.000000000000000000e+00,-0.000000000000000000e+00,-0.000000000000000000e+00,0.000000000000000000e+00,0.000000000000000000e+00,-0.000000000000000000e+00,-0.000000000000000000e+00,0.000000000000000000e+00,1.307137363744885761e+00,-0.000000000000000000e+00,0.000000000000000000e+00,0.000000000000000000e+00,-0.000000000000000000e+00,0.000000000000000000e+00,0.000000000000000000e+00,0.000000000000000000e+00,-0.000000000000000000e+00,-9.809117306339898423e-02,0.000000000000000000e+00,0.000000000000000000e+00,-0.000000000000000000e+00,-6.039880776657562816e-02,-6.528001708051554310e-03,-8.390690993169085121e-02,-9.165691118000621196e-02,0.000000000000000000e+00,-9.393991043452500078e-02,-4.808918405429077336e-01,-0.000000000000000000e+00,0.000000000000000000e+00,-0.000000000000000000e+00,-0.000000000000000000e+00,-1.475159386905874719e-02,0.000000000000000000e+00,0.000000000000000000e+00
-0.000000000000000000e+00,-1.063995185830528545e-01,-1.237211115601086903e-01,-0.000000000000000000e+00,-1.313329508470668927e-01,0.000000000000000000e+00,-0.000000000000000000e+00,7.110693289671796147e-02,-3.747430035573334761e-02,-0.000000000000000000e+00,0.000000000000000000e+00,-0.000000000000000000e+00,-0.000000000000000000e+00,1.787104325353402912e+00,-0.000000000000000000e+00,-3.001279544312921432e-01,0.000000000000000000e+00,-0.000000000000000000e+00,-0.000000000000000000e+00,-1.450026707457226505e-01,0.000000000000000000e+00,-0.000000000000000000e+00,-4.398203090249939162e-01,-7.801450011509503124e-02,-2.384747362158486927e-01,-0.000000000000000000e+00,-5.685870869044942766e-02,0.000000000000000000e+00,-1.168599786979973854e-01,-2.575338278312711005e-02,0.000000000000000000e+00,-0.000000000000000000e+00,-0.000000000000000000e+00,-0.000000000000000000e+00,0.000000000000000000e+00,-5.651136055306721362e-02,0.000000000000000000e+00,-0.000000000000000000e+00,-0.000000000000000000e+00
0.000000000000000000e+00,0.000000000000000000e+00,-0.000000000000000000e+00,-0.000000000000000000e+00,-0.000000000000000000e+00,9.669632155837701304e-02,0.000000000000000000e+00,0.000000000000000000e+00,-1.504506146646604758e-01,0.000000000000000000e+00,2.621142637925127916e-01,-5.727921171781720222e-01,0.000000000000000000e+00,-0.000000000000000000e+00,2.817098326197529534e+00,-0.000000000000000000e+00,1.432183287049090814e-01,-1.304133661454667803e-01,-0.000000000000000000e+00,-3.222341488164623957e-01,3.375893106287884970e-01,0.000000000000000000e+00,-7.438243993602630492e-03,-2.184679189873302285e-01,-0.000000000000000000e+00,-0.000000000000000000e+00,-0.000000000000000000e+00,0.000000000000000000e+00,-0.000000000000000000e+00,-0.000000000000000000e+00,1.835456781430317430e-01,0.000000000000000000e+00,0.000000000000000000e+00,-1.021744734628329682e-01,2.486695660694352161e-01,0.000000000000000000e+00,4.031877510547229870e-02,-0.000000000000000000e+00,-1.617006065670528086e-03
-0.000000000000000000e+00,-8.899601589455576056e-02,-1.490069620314783683e-01,-1.435860520174597477e-01,-9.650507720601082806e-02,0.000000000000000000e+00,-0.000000000000000000e+00,1.273136977019237275e-02,-0.000000000000000000e+00,-2.008673029975094892e-01,0.000000000000000000e+00,-0.000000000000000000e+00,0.000000000000000000e+00,-3.001279544312921432e-01,-0.000000000000000000e+00,1.730394764157991983e+00,0.000000000000000000e+00,-2.683903478287903432e-01,-8.505932379549445421e-02,-0.000000000000000000e+00,0.000000000000000000e+00,-0.000000000000000000e+00,-1.565269689946439113e-01,-0.000000000000000000e+00,-0.000000000000000000e+00,-0.000000000000000000e+00,-0.000000000000000000e+00,-0.000000000000000000e+00,-0.000000000000000000e+00,-2.809030168314259890e-01,0.000000000000000000e+00,0.000000000000000000e+00,-0.000000000000000000e+00,-5.996439593222233078e-02,0.000000000000000000e+00,-0.000000000000000000e+00,0.000000000000000000e+00,-0.000000000000000000e+00,-0.000000000000000000e+00
-0.000000000000000000e+00,-0.000000000000000000e+00,0.000000000000000000e+00,0.000000000000000000e+00,0.000000000000000000e+00,-3.411935183943584637e-01,-0.000000000000000000e+00,-0.000000000000000000e+00,1.317054027897652246e-01,-0.000000000000000000e+00,-3.912502305491721288e-01,1.542234476892772876e-01,-0.000000000000000000e+00,0.000000000000000000e+00,1.432183287049090814e-01,0.000000000000000000e+00,2.850313079996236620e+00,9.489353291551387570e-02,2.194597283991723269e-01,9.539620131378456769e-02,-1.734746663977141112e-01,0.000000000000000000e+00,0.000000000000000000e+00,9.992562148605219075e-02,0.000000000000000000e+00,-0.000000000000000000e+00,-0.000000000000000000e+00,-8.363285284934338093e-02,-0.000000000000000000e+00,0.000000000000000000e+00,-9.163893262038511067e-02,-1.303466404864083161e-01,-0.000000000000000000e+00,1.636055498850286782e-01,-2.473187596820618228e-01,0.000000000000000000e+00,-1.086017506501008034e-01,0.000000000000000000e+00,2.638153578125194132e-01
0.000000000000000000e+00,-0.000000000000000000e+00,-4.208483110287320611e-02,-1.122403965490617328e-01,-4.728803819026526460e-03,1.099475486988534118e-01,-0.000000000000000000e+00,0.000000000000000000e+00,-2.957708776304968090e-01,0.000000000000000000e+00,9.049282289911740607e-02,-1.764167641603887893e-01,0.000000000000000000e+00,-0.000000000000000000e+00,-1.304133661454667803e-01,-2.683903478287903432e-01,9.489353291551387570e-02,2.731996773561455871e+00,-3.721818796008895536e-01,-6.615288045940077855e-02,9.934987723120426717e-02,-0.000000000000000000e+00,-0.000000000000000000e+00,-1.116350530576519923e-01,-0.000000000000000000e+00,-0.000000000000000000e+00,-0.000000000000000000e+00,0.000000000000000000e+00,-0.000000000000000000e+00,-0.000000000000000000e+00,0.000000000000000000e+00,0.000000000000000000e+00,-0.000000000000000000e+00,-3.484392329427357660e-01,1.909850270729392951e-01,-0.000000000000000000e+00,3.854293628032758739e-02,-1.374136244653801076e-01,-1.779172280085651037e-01
0.000000000000000000e+00,-0.000000000000000000e+00,-0.000000000000000000e+00,-0.000000000000000000e+00,-0.000000000000000000e+00,2.241776646540409590e-01,0.000000000000000000e+00,0.000000000000000000e+00,-1.498956293020956843e-01,-0.000000000000000000e+00,1.338646148510360401e-01,-1.492349988849703546e-01,0.000000000000000000e+00,-0.000000000000000000e+00,-0.000000000000000000e+00,-8.505932379549445421e-02,2.194597283991723269e-01,-3.721818796008895536e-01,2.677630785213312326e+00,-0.000000000000000000e+00,1.407665040209231111e-01,0.000000000000000000e+00,-5.728143906216642822e-02,-0.000000000000000000e+00,-0.000000000000000000e+00,0.000000000000000000e+00,-0.000000000000000000e+00,0.000000000000000000e+00,0.000000000000000000e+00,-0.000000000000000000e+00,0.000000000000000000e+00,0.000000000000000000e+00,-0.000000000000000000e+00,-3.082677108657974063e-01,3.757410590555600172e-02,-0.000000000000000000e+00,2.823525473420827048e-01,-3.175703723739607409e-01,-2.279942894647972729e-01
0.000000000000000000e+00,-0.000000000000000000e+00,-1.429959461299317447e-01,-0.000000000000000000e+00,-1.249829045270784908e-02,1.073177471708658265e-01,0.000000000000000000e+00,5.726413798456068960e-02,-3.323006806245412115e-01,0.000000000000000000e+00,1.229775468534948929e-01,-2.588166533741133035e-01,0.000000000000000000e+00,-1.450026707457226505e-01,-3.222341488164623957e-01,-0.000000000000000000e+00,9.539620131378456769e-02,-6.615288045940077855e-02,-0.000000000000000000e+00,2.528156734771553449e+00,7.477458890919627676e-02,-0.000000000000000000e+00,-3.457371533208037917e-01,-1.311825778907544093e-01,-0.000000000000000000e+00,-0.000000000000000000e+00,-0.000000000000000000e+00,0.000000000000000000e+00,-0.000000000000000000e+00,-0.000000000000000000e+00,0.000000000000000000e+00,0.000000000000000000e+00,0.000000000000000000e+00,-1.540406699955258751e-01,1.771867852884685332e-02,-0.000000000000000000e+00,0.000000000000000000e+00,-0.000000000000000000e+00,-1.633145668294993802e-01
-0.000000000000000000e+00,-0.000000000000000000e+00,0.000000000000000000e+00,0.000000000000000000e+00,0.000000000000000000e+00,-1.925336836969617771e-01,-0.000000000000000000e+00,-0.000000000000000000e+00,1.409351202872816122e-01,-0.000000000000000000e+00,-2.217174323578183504e-01,2.315606639116753740e-01,-0.000000000000000000e+00,0.000000000000000000e+00,3.375893106287884970e-01,0.000000000000000000e+00,-1.734746663977141112e-01,9.934987723120426717e-02,1.407665040209231111e-01,7.477458890919627676e-02,2.605494997460987339e+00,-0.000000000000000000e+00,0.000000000000000000e+00,6.721188762507215864e-02,-0.000000000000000000e+00,-0.000000000000000000e+00,-0.000000000000000000e+00,-1.559537431709430433e-01,0.000000000000000000e+00,0.000000000000000000e+00,-1.854304775819028694e-01,-2.798804858666532613e-01,-0.000000000000000000e+00,2.058671733325579539e-02,-1.900589426829297213e-01,-0.000000000000000000e+00,-1.891601652054364646e-01,0.000000000000000000e+00,0.000000000000000000e+00
-6.175327833729956153e-03,-3.566649426579856369e-02,-9.375840846370479820e-02,-0.000000000000000000e+00,-0.000000000000000000e+00,0.000000000000000000e+00,-0.000000000000000000e+00,3.601644523173861412e-01,-0.000000000000000000e+00,-1.211810615522831286e-03,-0.000000000000000000e+00,-0.000000000000000000e+00,-9.809117306339898423e-02,-0.000000000000000000e+00,0.000000000000000000e+00,-0.000000000000000000e+00,0.000000000000000000e+00,-0.000000000000000000e+00,0.000000000000000000e+00,-0.000000000000000000e+00,-0.000000000000000000e+00,1.228459527351172920e+00,-0.000000000000000000e+00,-0.000000000000000000e+00,-0.000000000000000000e+00,-0.000000000000000000e+00,-9.614224608288926555e-02,-0.000000000000000000e+00,-2.056057189014050268e-02,-1.287611636827948845e-02,-0.000000000000000000e+00,-8.338894581834949138e-02,-1.596996055580548746e-01,-0.000000000000000000e+00,-0.000000000000000000e+00,-0.000000000000000000e+00,-0.000000000000000000e+00,-0.000000000000000000e+00,-0.000000000000000000e+00
-0.000000000000000000e+00,-0.000000000000000000e+00,-7.096955824689057946e-02,-0.000000000000000000e+00,-1.431418534993904590e-01,0.000000000000000000e+00,0.000000000000000000e+00,0.000000000000000000e+00,-1.948847743708606028e-01,-0.000000000000000000e+00,0.000000000000000000e+00,-3.346572777103842822e-02,0.000000000000000000e+00,-4.398203090249939162e-01,-7.438243993602630492e-03,-1.565269689946439113e-01,0.000000000000000000e+00,-0.000000000000000000e+00,-5.728143906216642822e-02,-3.457371533208037917e-01,0.000000000000000000e+00,-0.000000000000000000e+00,2.186910143240108351e+00,-1.787337116982238849e-01,-1.719543894553359209e-01,-0.000000000000000000e+00,-0.000000000000000000e+00,0.000000000000000000e+00,-0.000000000000000000e+00,-1.177082216271143206e-01,0.000000000000000000e+00,0.000000000000000000e+00,-0.000000000000000000e+00,-1.568502890849246267e-01,0.000000000000000000e+00,-0.000000000000000000e+00,0.000000000000000000e+00,-0.000000000000000000e+00,-2.134209001898259572e-01
0.000000000000000000e+00,0.000000000000000000e+00,-1.116661926029155205e-01,-0.000000000000000000e+00,-0.000000000000000000e+00,4.734130676235713542e-02,0.000000000000000000e+00,0.000000000000000000e+00,-2.773141457016843336e-01,0.000000000000000000e+00,1.705056702421130499e-01,-1.722837735866370457e-01,0.000000000000000000e+00,-7.801450011509503124e-02,-2.184679189873302285e-01,-0.000000000000000000e+00,9.992562148605219075e-02,-1.116350530576519923e-01,-0.000000000000000000e+00,-1.311825778907544093e-01,6.721188762507215864e-02,-0.000000000000000000e+00,-1.787337116982238849e-01,2.121202327224609441e+00,-0.000000000000000000e+00,0.000000000000000000e+00,-0.000000000000000000e+00,0.000000000000000000e+00,-0.000000000000000000e+00,-3.482901252088687477e-02,4.282112764792268822e-02,0.000000000000000000e+00,-0.000000000000000000e+00,-1.609454567105802203e-01,7.568013998780923068e-02,-0.000000000000000000e+00,0.000000000000000000e+00,-0.000000000000000000e+00,-0.000000000000000000e+00
-0.000000000000000000e+00,-2.512223981558956223e-02,-0.000000000000000000e+00,-0.000000000000000000e+00,-1.357985682669024703e-02,0.000000000000000000e+00,-0.000000000000000000e+00,0.000000000000000000e+00,-0.000000000000000000e+00,-9.110762566812352636e-02,0.000000000000000000e+00,-0.000000000000000000e+00,-0.000000000000000000e+00,-2.384747362158486927e-01,-0.000000000000000000e+00,-0.000000000000000000e+00,0.000000000000000000e+00,-0.000000000000000000e+00,-0.000000000000000000e+00,-0.000000000000000000e+00,-0.000000000000000000e+00,-0.000000000000000000e+00,-1.719543894553359209e-01,-0.000000000000000000e+00,1.229319630297535770e+00,-0.000000000000000000e+00,-1.284557133809029750e-01,-0.000000000000000000e+00,-2.730230766775866916e-02,-5.884693514225361466e-02,-0.000000000000000000e+00,-0.000000000000000000e+00,-1.661513645348926260e-01,-0.000000000000000000e+00,-0.000000000000000000e+00,-3.193511013607048393e-02,-0.000000000000000000e+00,-0.000000000000000000e+00,-0.000000000000000000e+00
-0.000000000000000000e+00,-0.000000000000000000e+00,-0.000000000000000000e+00,-0.000000000000000000e+00,-0.000000000000000000e+00,-0.000000000000000000e+00,-0.000000000000000000e+00,0.000000000000000000e+00,0.000000000000000000e+00,-0.000000000000000000e+00,-0.000000000000000000e+00,-0.000000000000000000e+00,-6.039880776657562816e-02,-0.000000000000000000e+00,-0.000000000000000000e+00,-0.000000000000000000e+00,-0.000000000000000000e+00,-0.000000000000000000e+00,0.000000000000000000e+00,-0.000000000000000000e+00,-0.000000000000000000e+00,-0.000000000000000000e+00,-0.000000000000000000e+00,0.000000000000000000e+00,-0.000000000000000000e+00,1.264025698664253738e+00,-2.542292052197605567e-01,-6.328912141300620242e-02,-4.178108582269600690e-01,-0.000000000000000000e+00,-0.000000000000000000e+00,-0.000000000000000000e+00,-0.000000000000000000e+00,0.000000000000000000e+00,-0.000000000000000000e+00,-0.000000000000000000e+00,-0.000000000000000000e+00,0.000000000000000000e+00,0.000000000000000000e+00
-0.000000000000000000e+00,-0.000000000000000000e+00,-0.000000000000000000e+00,-0.000000000000000000e+00,-2.581116980551119086e-02,0.000000000000000000e+00,-9.962400376129842278e-03,1.023009681247973555e-02,-0.000000000000000000e+00,-1.174672369852399756e-01,-0.000000000000000000e+00,-0.000000000000000000e+00,-6.528001708051554310e-03,-5.685870869044942766e-02,-0.000000000000000000e+00,-0.000000000000000000e+00,-0.000000000000000000e+00,-0.000000000000000000e+00,-0.000000000000000000e+00,-0.000000000000000000e+00,-0.000000000000000000e+00,-9.614224608288926555e-02,-0.000000000000000000e+00,-0.000000000000000000e+00,-1.284557133809029750e-01,-2.542292052197605567e-01,1.239570460215270176e+00,-0.000000000000000000e+00,-2.067296847520910252e-01,-0.000000000000000000e+00,-0.000000000000000000e+00,-1.214042714301516029e-01,-0.000000000000000000e+00,-0.000000000000000000e+00,-0.000000000000000000e+00,-0.000000000000000000e+00,-0.000000000000000000e+00,-0.000000000000000000e+00,-0.000000000000000000e+00
-1.608116920791095583e-01,-0.000000000000000000e+00,0.000000000000000000e+00,-0.000000000000000000e+00,-0.000000000000000000e+00,-8.895078946209620044e-03,-0.000000000000000000e+00,0.000000000000000000e+00,0.000000000000000000e+00,-1.889048803235019447e-01,-0.000000000000000000e+00,0.000000000000000000e+00,-8.390690993169085121e-02,0.000000000000000000e+00,0.000000000000000000e+00,-0.000000000000000000e+00,-8.363285284934338093e-02,0.000000000000000000e+00,0.000000000000000000e+00,0.000000000000000000e+00,-1.559537431709430433e-01,-0.000000000000000000e+00,0.000000000000000000e+00,0.000000000000000000e+00,-0.000000000000000000e+00,-6.328912141300620242e-02,-0.000000000000000000e+00,1.668223160596942201e+00,-0.000000000000000000e+00,-0.000000000000000000e+00,-6.129195111085378178e-01,-0.000000000000000000e+00,-1.650067578612493813e-01,0.000000000000000000e+00,-0.000000000000000000e+00,-2.207430753656855829e-02,-8.487004487006037656e-02,0.000000000000000000e+00,0.000000000000000000e+00
-0.000000000000000000e+00,-1.583162512565027338e-02,-0.000000000000000000e+00,-0.000000000000000000e+00,-0.000000000000000000e+00,-0.000000000000000000e+00,-0.000000000000000000e+00,4.438346815684878627e-02,-0.000000000000000000e+00,-0.000000000000000000e+00,-0.000000000000000000e+00,-0.000000000000000000e+00,-9.165691118000621196e-02,-1.168599786979973854e-01,-0.000000000000000000e+00,-0.000000000000000000e+00,-0.000000000000000000e+00,-0.000000000000000000e+00,0.000000000000000000e+00,-0.000000000000000000e+00,0.000000000000000000e+00,-2.056057189014050268e-02,-0.000000000000000000e+00,-0.000000000000000000e+00,-2.730230766775866916e-02,-4.178108582269600690e-01,-2.067296847520910252e-01,-0.000000000000000000e+00,1.294350307134376266e+00,-0.000000000000000000e+00,-0.000000000000000000e+00,-5.605348055894600334e-02,-0.000000000000000000e+00,-0.000000000000000000e+00,-0.000000000000000000e+00,-6.703710374234223002e-02,-0.000000000000000000e+00,0.000000000000000000e+00,-0.000000000000000000e+00
-0.000000000000000000e+00,-0.000000000000000000e+00,-1.571895029133352495e-01,-0.000000000000000000e+00,-2.076205737831245679e-01,0.000000000000000000e+00,-0.000000000000000000e+00,0.000000000000000000e+00,-0.000000000000000000e+00,-0.000000000000000000e+00,0.000000000000000000e+00,-0.000000000000000000e+00,0.000000000000000000e+00,-2.575338278312711005e-02,-0.000000000000000000e+00,-2.809030168314259890e-01,0.000000000000000000e+00,-0.000000000000000000e+00,-0.000000000000000000e+00,-0.000000000000000000e+00,0.000000000000000000e+00,-1.287611636827948845e-02,-1.177082216271143206e-01,-3.482901252088687477e-02,-5.884693514225361466e-02,-0.000000000000000000e+00,-0.000000000000000000e+00,-0.000000000000000000e+00,-0.000000000000000000e+00,1.425018366863114672e+00,-0.000000000000000000e+00,-0.000000000000000000e+00,-1.334880372821278527e-01,-0.000000000000000000e+00,0.000000000000000000e+00,-2.844268958460657512e-02,0.000000000000000000e+00,-1.672722872322209564e-01,-0.000000000000000000e+00
-0.000000000000000000e+00,-0.000000000000000000e+00,0.000000000000000000e+00,-0.000000000000000000e+00,0.000000000000000000e+00,-0.000000000000000000e+00,-0.000000000000000000e+00,-0.000000000000000000e+00,0.000000000000000000e+00,-2.248010622686817950e-01,-2.357050409800411916e-01,0.000000000000000000e+00,-9.393991043452500078e-02,0.000000000000000000e+00,1.835456781430317430e-01,0.000000000000000000e+00,-9.163893262038511067e-02,0.000000000000000000e+00,0.000000000000000000e+00,0.000000000000000000e+00,-1.854304775819028694e-01,-0.000000000000000000e+00,0.000000000000000000e+00,4.282112764792268822e-02,-0.000000000000000000e+00,-0.000000000000000000e+00,-0.000000000000000000e+00,-6.129195111085378178e-01,-0.000000000000000000e+00,-0.000000000000000000e+00,2.167987933978264614e+00,-1.949500951833096074e-01,-2.587184062932191830e-01,0.000000000000000000e+00,-2.976018350107461630e-01,-0.000000000000000000e+00,-8.336813281230015180e-03,0.000000000000000000e+00,0.000000000000000000e+00
-2.169753297716814633e-01,-0.000000000000000000e+00,0.000000000000000000e+00,0.000000000000000000e+00,-0.000000000000000000e+00,-0.000000000000000000e+00,-0.000000000000000000e+00,0.000000000000000000e+00,0.000000000000000000e+00,-4.936439775600968971e-02,-7.049546292336351938e-02,0.000000000000000000e+00,-4.808918405429077336e-01,-0.000000000000000000e+00,0.000000000000000000e+00,0.000000000000000000e+00,-1.303466404864083161e-01,0.000000000000000000e+00,0.000000000000000000e+00,0.000000000000000000e+00,-2.798804858666532613e-01,-8.338894581834949138e-02,0.000000000000000000e+00,0.000000000000000000e+00,-0.000000000000000000e+00,-0.000000000000000000e+00,-1.214042714301516029e-01,-0.000000000000000000e+00,-5.605348055894600334e-02,-0.000000000000000000e+00,-1.949500951833096074e-01,1.782619663532924115e+00,-0.000000000000000000e+00,0.000000000000000000e+00,-4.696697046234976571e-04,-0.000000000000000000e+00,-3.111857573017026146e-01,0.000000000000000000e+00,0.000000000000000000e+00
-0.000000000000000000e+00,-0.000000000000000000e+00,-0.000000000000000000e+00,-0.000000000000000000e+00,-7.980998720458425122e-03,-0.000000000000000000e+00,-0.000000000000000000e+00,0.000000000000000000e+00,0.000000000000000000e+00,-1.181583283362367953e-01,-0.000000000000000000e+00,0.000000000000000000e+00,-0.000000000000000000e+00,-0.000000000000000000e+00,0.000000000000000000e+00,-0.000000000000000000e+00,-0.000000000000000000e+00,-0.000000000000000000e+00,-0.000000000000000000e+00,0.000000000000000000e+00,-0.000000000000000000e+00,-1.596996055580548746e-01,-0.000000000000000000e+00,-0.000000000000000000e+00,-1.661513645348926260e-01,-0.000000000000000000e+00,-0.000000000000000000e+00,-1.650067578612493813e-01,-0.000000000000000000e+00,-1.334880372821278527e-01,-2.587184062932191830e-01,-0.000000000000000000e+00,1.234930288843153035e+00,-0.000000000000000000e+00,-0.000000000000000000e+00,-0.000000000000000000e+00,-0.000000000000000000e+00,-0.000000000000000000e+00,-0.000000000000000000e+00
0.000000000000000000e+00,-0.000000000000000000e+00,-1.975440182046229454e-01,-0.000000000000000000e+00,-1.942596923667170433e-02,2.035711722076332109e-01,-0.000000000000000000e+00,0.000000000000000000e+00,-3.265950930532948160e-01,-0.000000000000000000e+00,1.586035920399961052e-01,-9.471193461442335704e-02,0.000000000000000000e+00,-0.000000000000000000e+00,-1.021744734628329682e-01,-5.996439593222233078e-02,1.636055498850286782e-01,-3.484392329427357660e-01,-3.082677108657974063e-01,-1.540406699955258751e-01,2.058671733325579539e-02,-0.000000000000000000e+00,-1.568502890849246267e-01,-1.609454567105802203e-01,-0.000000000000000000e+00,0.000000000000000000e+00,-0.000000000000000000e+00,0.000000000000000000e+00,-0.000000000000000000e+00,-0.000000000000000000e+00,0.000000000000000000e+00,0.000000000000000000e+00,-0.000000000000000000e+00,2.909987891173088315e+00,1.073278133947724589e-01,-0.000000000000000000e+00,5.357220257501841242e-03,-2.180580894180034202e-01,-2.233598505565611569e-01
-0.000000000000000000e+00,-0.000000000000000000e+00,0.000000000000000000e+00,0.000000000000000000e+00,0.000000000000000000e+00,-2.623118426022236771e-01,-0.000000000000000000e+00,-0.000000000000000000e+00,2.262910928584557224e-01,-0.000000000000000000e+00,-3.098472059200040318e-01,1.717842648905490988e-01,-0.000000000000000000e+00,0.000000000000000000e+00,2.486695660694352161e-01,0.000000000000000000e+00,-2.473187596820618228e-01,1.909850270729392951e-01,3.757410590555600172e-02,1.771867852884685332e-02,-1.900589426829297213e-01,-0.000000000000000000e+00,0.000000000000000000e+00,7.568013998780923068e-02,-0.000000000000000000e+00,-0.000000000000000000e+00,-0.000000000000000000e+00,-0.000000000000000000e+00,-0.000000000000000000e+00,0.000000000000000000e+00,-2.976018350107461630e-01,-4.696697046234976571e-04,-0.000000000000000000e+00,1.073278133947724589e-01,2.766318074047037889e+00,0.000000000000000000e+00,-3.872764202389791799e-01,0.000000000000000000e+00,2.140655840714911565e-02
-2.830986410744338877e-01,-3.582743981492497731e-01,-0.000000000000000000e+00,-0.000000000000000000e+00,-3.997807924448312789e-02,0.000000000000000000e+00,-3.487506277009960048e-02,4.014256527488017229e-02,-0.000000000000000000e+00,-2.585313856093863702e-02,0.000000000000000000e+00,0.000000000000000000e+00,-0.000000000000000000e+00,-5.651136055306721362e-02,0.000000000000000000e+00,-0.000000000000000000e+00,0.000000000000000000e+00,-0.000000000000000000e+00,-0.000000000000000000e+00,-0.000000000000000000e+00,-0.000000000000000000e+00,-0.000000000000000000e+00,-0.000000000000000000e+00,-0.000000000000000000e+00,-3.193511013607048393e-02,-0.000000000000000000e+00,-0.000000000000000000e+00,-2.207430753656855829e-02,-6.703710374234223002e-02,-2.844268958460657512e-02,-0.000000000000000000e+00,-0.000000000000000000e+00,-0.000000000000000000e+00,-0.000000000000000000e+00,0.000000000000000000e+00,1.306144039590698247e+00,-0.000000000000000000e+00,-0.000000000000000000e+00,-0.000000000000000000e+00
-0.000000000000000000e+00,-0.000000000000000000e+00,0.000000000000000000e+00,0.000000000000000000e+00,0.000000000000000000e+00,-2.028263632321671561e-01,-0.000000000000000000e+00,-0.000000000000000000e+00,0.000000000000000000e+00,-0.000000000000000000e+00,-1.313744185935585840e-01,3.473497126440995564e-02,-1.475159386905874719e-02,0.000000000000000000e+00,4.031877510547229870e-02,0.000000000000000000e+00,-1.086017506501008034e-01,3.854293628032758739e-02,2.823525473420827048e-01,0.000000000000000000e+00,-1.891601652054364646e-01,-0.000000000000000000e+00,0.000000000000000000e+00,0.000000000000000000e+00,-0.000000000000000000e+00,-0.000000000000000000e+00,-0.000000000000000000e+00,-8.487004487006037656e-02,-0.000000000000000000e+00,0.000000000000000000e+00,-8.336813281230015180e-03,-3.111857573017026146e-01,-0.000000000000000000e+00,5.357220257501841242e-03,-3.872764202389791799e-01,-0.000000000000000000e+00,2.009422183186265087e+00,6.501177637104949870e-04,0.000000000000000000e+00
0.000000000000000000e+00,-0.000000000000000000e+00,-0.000000000000000000e+00,-1.729074458446956952e-01,-0.000000000000000000e+00,6.385507659565282934e-02,-0.000000000000000000e+00,0.000000000000000000e+00,-0.000000000000000000e+00,-0.000000000000000000e+00,0.000000000000000000e+00,-0.000000000000000000e+00,0.000000000000000000e+00,-0.000000000000000000e+00,-0.000000000000000000e+00,-0.000000000000000000e+00,0.000000000000000000e+00,-1.374136244653801076e-01,-3.175703723739607409e-01,-0.000000000000000000e+00,0.000000000000000000e+00,-0.000000000000000000e+00,-0.000000000000000000e+00,-0.000000000000000000e+00,-0.000000000000000000e+00,0.000000000000000000e+00,-0.000000000000000000e+00,0.000000000000000000e+00,0.000000000000000000e+00,-1.672722872322209564e-01,0.000000000000000000e+00,0.000000000000000000e+00,-0.000000000000000000e+00,-2.180580894180034202e-01,0.000000000000000000e+00,-0.000000000000000000e+00,6.501177637104949870e-04,1.828589931266332069e+00,-5.343882387489931052e-01
0.000000000000000000e+00,-0.000000000000000000e+00,-1.189711089875789690e-01,-0.000000000000000000e+00,-0.000000000000000000e+00,3.497862263796139848e-01,0.000000000000000000e+00,4.743165163246519656e-02,-2.311291851579800882e-01,-0.000000000000000000e+00,1.258118778517618441e-01,-4.150034408286230186e-02,0.000000000000000000e+00,-0.000000000000000000e+00,-1.617006065670528086e-03,-0.000000000000000000e+00,2.638153578125194132e-01,-1.779172280085651037e-01,-2.279942894647972729e-01,-1.633145668294993802e-01,0.000000000000000000e+00,-0.000000000000000000e+00,-2.134209001898259572e-01,-0.000000000000000000e+00,-0.000000000000000000e+00,0.000000000000000000e+00,-0.000000000000000000e+00,0.000000000000000000e+00,-0.000000000000000000e+00,-0.000000000000000000e+00,0.000000000000000000e+00,0.000000000000000000e+00,-0.000000000000000000e+00,-2.233598505565611569e-01,2.140655840714911565e-02,-0.000000000000000000e+00,0.000000000000000000e+00,-5.343882387489931052e-01,2.691897049207187642e+00
