2.031667835975781600e+00,-0.000000000000000000e+00,-1.307100299218144634e-01,-0.000000000000000000e+00,-0.000000000000000000e+00,0.000000000000000000e+00,-0.000000000000000000e+00,5.957340303503465273e-02,-0.000000000000000000e+00,-0.000000000000000000e+00,0.000000000000000000e+00,-0.000000000000000000e+00,-0.000000000000000000e+00,-1.304497392209382212e-01,-0.000000000000000000e+00,-4.770645597969025431e-01,-0.000000000000000000e+00,-0.000000000000000000e+00,-0.000000000000000000e+00,-4.392856618521476936e-02,-0.000000000000000000e+00,-0.000000000000000000e+00,-3.150865214563268180e-01,-0.000000000000000000e+00,-0.000000000000000000e+00,-3.798848209213847582e-01,-0.000000000000000000e+00,-3.195822037750951083e-01,-0.000000000000000000e+00,-0.000000000000000000e+00,0.000000000000000000e+00,-0.000000000000000000e+00,0.000000000000000000e+00,0.000000000000000000e+00,-0.000000000000000000e+00,0.000000000000000000e+00,-0.000000000000000000e+00,-2.496541629208585134e-01,-0.000000000000000000e+00
-0.000000000000000000e+00,1.522371902922030840e+00,-0.000000000000000000e+00,0.000000000000000000e+00,-0.000000000000000000e+00,0.000000000000000000e+00,-0.000000000000000000e+00,0.000000000000000000e+00,-0.000000000000000000e+00,-2.544031879678521069e-01,-0.000000000000000000e+00,-5.668066202951818795e-03,-0.000000000000000000e+00,-0.000000000000000000e+00,-0.000000000000000000e+00,-8.428368273563037472e-02,-1.140395656628081372e-01,0.000000000000000000e+00,0.000000000000000000e+00,0.000000000000000000e+00,0.000000000000000000e+00,0.000000000000000000e+00,-7.490283465023916953e-02,-0.000000000000000000e+00,-0.000000000000000000e+00,0.000000000000000000e+00,-2.586247548403601271e-01,0.000000000000000000e+00,-0.000000000000000000e+00,-0.000000000000000000e+00,-0.000000000000000000e+00,-1.419075417535516082e-01,0.000000000000000000e+00,0.000000000000000000e+00,-0.000000000000000000e+00,-0.000000000000000000e+00,-0.000000000000000000e+00,-0.000000000000000000e+00,-3.955675240625364797e-01
-1.307100299218144634e-01,-0.000000000000000000e+00,2.256103860846188525e+00,-0.000000000000000000e+00,-2.508296997436069153e-01,0.000000000000000000e+00,-0.000000000000000000e+00,1.107908478046087719e+00,-3.215621390358858189e-02,-1.572245953099126641e-03,0.000000000000000000e+00,0.000000000000000000e+00,-0.000000000000000000e+00,-0.000000000000000000e+00,0.000000000000000000e+00,-9.443464102603332799e-02,-0.000000000000000000e+00,-0.000000000000000000e+00,-5.437902297657688788e-02,-1.743827867420887356e-01,-1.614815400122364408e-01,-1.979630953913885660e-01,-0.000000000000000000e+00,-8.290211192057993228e-02,-0.000000000000000000e+00,-0.000000000000000000e+00,-0.000000000000000000e+00,-0.000000000000000000e+00,-0.000000000000000000e+00,-0.000000000000000000e+00,0.000000000000000000e+00,-0.000000000000000000e+00,0.000000000000000000e+00,0.000000000000000000e+00,0.000000000000000000e+00,0.000000000000000000e+00,-0.000000000000000000e+00,-9.288005459507333444e-03,-0.000000000000000000e+00
-0.000000000000000000e+00,0.000000000000000000e+00,-0.000000000000000000e+00,1.024935403367641440e+00,-6.933450964014421097e-03,0.000000000000000000e+00,-0.000000000000000000e+00,0.000000000000000000e+00,-0.000000000000000000e+00,-0.000000000000000000e+00,0.000000000000000000e+00,-0.000000000000000000e+00,-4.158062337582253687e-02,-0.000000000000000000e+00,0.000000000000000000e+00,0.000000000000000000e+00,0.000000000000000000e+00,-3.703446000275487787e-02,-0.000000000000000000e+00,-8.989776431548660018e-02,-0.000000000000000000e+00,-0.000000000000000000e+00,-0.000000000000000000e+00,-6.242696049196917729e-02,-0.000000000000000000e+00,-0.000000000000000000e+00,0.000000000000000000e+00,-0.000000000000000000e+00,0.000000000000000000e+00,-0.000000000000000000e+00,1.160702268561807776e-02,-0.000000000000000000e+00,0.000000000000000000e+00,-0.000000000000000000e+00,0.000000000000000000e+00,0.000000000000000000e+00,0.000000000000000000e+00,-0.000000000000000000e+00,-0.000000000000000000e+00
-0.000000000000000000e+00,-0.000000000000000000e+00,-2.508296997436069153e-01,-6.933450964014421097e-03,1.723042050436574879e+00,0.000000000000000000e+00,-0.000000000000000000e+00,1.421259504685875030e-01,-1.360331670823627104e-01,-1.954291511444726237e-01,0.000000000000000000e+00,-0.000000000000000000e+00,-0.000000000000000000e+00,-3.015325181820595335e-02,0.000000000000000000e+00,-0.000000000000000000e+00,-0.000000000000000000e+00,-0.000000000000000000e+00,-0.000000000000000000e+00,-0.000000000000000000e+00,-0.000000000000000000e+00,-0.000000000000000000e+00,-2.061682572157375881e-01,-1.539633452282198611e-01,-0.000000000000000000e+00,-0.000000000000000000e+00,-0.000000000000000000e+00,-0.000000000000000000e+00,0.000000000000000000e+00,-1.751565095491720569e-01,0.000000000000000000e+00,-7.159126186234156253e-02,0.000000000000000000e+00,0.000000000000000000e+00,0.000000000000000000e+00,0.000000000000000000e+00,-0.000000000000000000e+00,-4.488977725106908789e-02,-1.398482454326729907e-01
0.000000000000000000e+00,0.000000000000000000e+00,0.000000000000000000e+00,0.000000000000000000e+00,0.000000000000000000e+00,1.948005914189036458e+00,2.511711591481358141e-01,-0.000000000000000000e+00,1.669067010610510160e-01,0.000000000000000000e+00,-6.797043861640339468e-01,0.000000000000000000e+00,0.000000000000000000e+00,-0.000000000000000000e+00,-0.000000000000000000e+00,0.000000000000000000e+00,-3.485453671914490181e-02,3.097553193630973034e-01,0.000000000000000000e+00,0.000000000000000000e+00,-0.000000000000000000e+00,-0.000000000000000000e+00,0.000000000000000000e+00,0.000000000000000000e+00,-6.512581368020440437e-03,-0.000000000000000000e+00,0.000000000000000000e+00,-0.000000000000000000e+00,-1.168931592573778516e-01,0.000000000000000000e+00,-0.000000000000000000e+00,-0.000000000000000000e+00,-1.536387858323391697e-02,-0.000000000000000000e+00,-0.000000000000000000e+00,-9.362880882813878758e-02,-0.000000000000000000e+00,1.329117145026458280e-01,1.472143741853017551e-01
-0.000000000000000000e+00,-0.000000000000000000e+00,-0.000000000000000000e+00,-0.000000000000000000e+00,-0.000000000000000000e+00,2.511711591481358141e-01,1.759716276398354706e+00,0.000000000000000000e+00,-1.509507877748974825e-01,-0.000000000000000000e+00,0.000000000000000000e+00,-1.495539259247765512e-02,-0.000000000000000000e+00,-0.000000000000000000e+00,-0.000000000000000000e+00,-0.000000000000000000e+00,0.000000000000000000e+00,-0.000000000000000000e+00,-0.000000000000000000e+00,-2.637813697245378619e-01,-0.000000000000000000e+00,0.000000000000000000e+00,-0.000000000000000000e+00,-1.629033139994100557e-02,0.000000000000000000e+00,0.000000000000000000e+00,-0.000000000000000000e+00,-0.000000000000000000e+00,0.000000000000000000e+00,-1.870308747797763960e-01,0.000000000000000000e+00,-0.000000000000000000e+00,4.923112636618805216e-02,0.000000000000000000e+00,0.000000000000000000e+00,0.000000000000000000e+00,0.000000000000000000e+00,-3.163856591616374114e-01,-3.241232897820560677e-01
5.957340303503465273e-02,0.000000000000000000e+00,1.107908478046087719e+00,0.000000000000000000e+00,1.421259504685875030e-01,-0.000000000000000000e+00,0.000000000000000000e+00,2.310245351812467263e+00,1.366395753574890237e-01,7.024331670283689988e-02,-0.000000000000000000e+00,-0.000000000000000000e+00,0.000000000000000000e+00,0.000000000000000000e+00,-0.000000000000000000e+00,1.125602526604540382e-01,0.000000000000000000e+00,0.000000000000000000e+00,1.053392265276572037e-01,1.709915060263380582e-01,4.267104914645903496e-02,7.635458013274985800e-02,0.000000000000000000e+00,1.121929399411594613e-01,0.000000000000000000e+00,0.000000000000000000e+00,0.000000000000000000e+00,0.000000000000000000e+00,-0.000000000000000000e+00,8.466249486837866545e-02,-0.000000000000000000e+00,0.000000000000000000e+00,-0.000000000000000000e+00,-8.571763035042251691e-03,-0.000000000000000000e+00,-0.000000000000000000e+00,0.000000000000000000e+00,9.132527891842524836e-02,0.000000000000000000e+00
-0.000000000000000000e+00,-0.000000000000000000e+00,-3.215621390358858189e-02,-0.000000000000000000e+00,-1.360331670823627104e-01,1.669067010610510160e-01,-1.509507877748974825e-01,1.366395753574890237e-01,2.844739404992011167e+00,-3.506785261857201519e-01,0.000000000000000000e+00,0.000000000000000000e+00,-0.000000000000000000e+00,-0.000000000000000000e+00,0.000000000000000000e+00,-0.000000000000000000e+00,0.000000000000000000e+00,-3.033246950377399553e-01,-3.849297460175575281e-01,-0.000000000000000000e+00,-0.000000000000000000e+00,-0.000000000000000000e+00,-0.000000000000000000e+00,-1.376259019726257526e-01,-0.000000000000000000e+00,-0.000000000000000000e+00,-0.000000000000000000e+00,-0.000000000000000000e+00,0.000000000000000000e+00,-5.056725615352997139e-01,0.000000000000000000e+00,-0.000000000000000000e+00,9.818389518105878622e-02,2.059749367617836890e-01,0.000000000000000000e+00,0.000000000000000000e+00,0.000000000000000000e+00,-4.481410032664827070e-01,-1.114965087503189400e-01
-0.000000000000000000e+00,-2.544031879678521069e-01,-1.572245953099126641e-03,-0.000000000000000000e+00,-1.954291511444726237e-01,0.000000000000000000e+00,-0.000000000000000000e+00,7.024331670283689988e-02,-3.506785261857201519e-01,2.334793912036164265e+00,0.000000000000000000e+00,-0.000000000000000000e+00,-0.000000000000000000e+00,-0.000000000000000000e+00,0.000000000000000000e+00,-2.784095464684041010e-01,-0.000000000000000000e+00,-0.000000000000000000e+00,-0.000000000000000000e+00,-0.000000000000000000e+00,0.000000000000000000e+00,-0.000000000000000000e+00,-1.098379046704150569e-01,-0.000000000000000000e+00,-0.000000000000000000e+00,-0.000000000000000000e+00,-0.000000000000000000e+00,0.000000000000000000e+00,0.000000000000000000e+00,-3.491702088559758832e-01,0.000000000000000000e+00,-5.551485152804817164e-02,2.188765847830331790e-02,0.000000000000000000e+00,0.000000000000000000e+00,0.000000000000000000e+00,-0.000000000000000000e+00,-1.247499304295063699e-01,-6.013726330998419023e-01
0.000000000000000000e+00,-0.000000000000000000e+00,0.000000000000000000e+00,0.000000000000000000e+00,0.000000000000000000e+00,-6.797043861640339468e-01,0.000000000000000000e+00,-0.000000000000000000e+00,0.000000000000000000e+00,0.000000000000000000e+00,2.088676475005148969e+00,-0.000000000000000000e+00,0.000000000000000000e+00,-0.000000000000000000e+00,-0.000000000000000000e+00,-0.000000000000000000e+00,-2.149544713982807775e-01,2.517467770236491709e-01,3.651671823395953309e-01,0.000000000000000000e+00,-0.000000000000000000e+00,-0.000000000000000000e+00,-0.000000000000000000e+00,0.000000000000000000e+00,-0.000000000000000000e+00,0.000000000000000000e+00,-0.000000000000000000e+00,-0.000000000000000000e+00,-0.000000000000000000e+00,0.000000000000000000e+00,-1.018437884221193718e-01,-0.000000000000000000e+00,-8.730832099414369274e-02,-2.667958369513721006e-01,-2.128851194645092759e-02,-2.404922696497258927e-01,-0.000000000000000000e+00,0.000000000000000000e+00,0.000000000000000000e+00
-0.000000000000000000e+00,-5.668066202951818795e-03,0.000000000000000000e+00,-0.000000000000000000e+00,-0.000000000000000000e+00,0.000000000000000000e+00,-1.495539259247765512e-02,-0.000000000000000000e+00,0.000000000000000000e+00,-0.000000000000000000e+00,-0.000000000000000000e+00,1.125860282444124394e+00,-8.115695828564524483e-02,-0.000000000000000000e+00,-3.085961614119288043e-01,-0.000000000000000000e+00,-0.000000000000000000e+00,0.000000000000000000e+00,0.000000000000000000e+00,-0.000000000000000000e+00,-0.000000000000000000e+00,0.000000000000000000e+00,-0.000000000000000000e+00,0.000000000000000000e+00,-0.000000000000000000e+00,-0.000000000000000000e+00,-1.392345851805201484e-01,-1.611906442799792075e-02,-0.000000000000000000e+00,-0.000000000000000000e+00,-0.000000000000000000e+00,-0.000000000000000000e+00,-0.000000000000000000e+00,-0.000000000000000000e+00,-0.000000000000000000e+00,-4.654279876031859609e-02,-0.000000000000000000e+00,-0.000000000000000000e+00,-0.000000000000000000e+00
-0.000000000000000000e+00,-0.000000000000000000e+00,-0.000000000000000000e+00,-4.158062337582253687e-02,-0.000000000000000000e+00,0.000000000000000000e+00,-0.000000000000000000e+00,0.000000000000000000e+00,-0.000000000000000000e+00,-0.000000000000000000e+00,0.000000000000000000e+00,-8.115695828564524483e-02,1.065117800941905779e+00,-9.104165327895367976e-03,-9.194705222923864329e-02,0.000000000000000000e+00,-0.000000000000000000e+00,0.000000000000000000e+00,-0.000000000000000000e+00,-1.242039146807517730e-01,-0.000000000000000000e+00,-0.000000000000000000e+00,-0.000000000000000000e+00,-0.000000000000000000e+00,-1.340140274156697842e-01,-0.000000000000000000e+00,-0.000000000000000000e+00,-0.000000000000000000e+00,-0.000000000000000000e+00,-0.000000000000000000e+00,0.000000000000000000e+00,-0.000000000000000000e+00,0.000000000000000000e+00,0.000000000000000000e+00,-0.000000000000000000e+00,-0.000000000000000000e+00,-3.494744037248506685e-02,-0.000000000000000000e+00,-0.000000000000000000e+00
-1.304497392209382212e-01,-0.000000000000000000e+00,-0.000000000000000000e+00,-0.000000000000000000e+00,-3.015325181820595335e-02,-0.000000000000000000e+00,-0.000000000000000000e+00,0.000000000000000000e+00,-0.000000000000000000e+00,-0.000000000000000000e+00,-0.000000000000000000e+00,-0.000000000000000000e+00,-9.104165327895367976e-03,1.738257900319614579e+00,0.000000000000000000e+00,-1.607031558745970756e-01,-8.814099805148596645e-02,-0.000000000000000000e+00,-0.000000000000000000e+00,-0.000000000000000000e+00,-0.000000000000000000e+00,-0.000000000000000000e+00,-3.983533166702618589e-01,-2.421237720081009792e-01,-2.427903268095774059e-01,-2.623357051732259082e-01,-4.356474917307699007e-02,-4.601560144607543673e-02,-0.000000000000000000e+00,-0.000000000000000000e+00,-0.000000000000000000e+00,-0.000000000000000000e+00,-0.000000000000000000e+00,-0.000000000000000000e+00,-3.002248797674820016e-02,-0.000000000000000000e+00,-0.000000000000000000e+00,-0.000000000000000000e+00,-0.000000000000000000e+00
-0.000000000000000000e+00,-0.000000000000000000e+00,0.000000000000000000e+00,0.000000000000000000e+00,0.000000000000000000e+00,-0.000000000000000000e+00,-0.000000000000000000e+00,-0.000000000000000000e+00,0.000000000000000000e+00,0.000000000000000000e+00,-0.000000000000000000e+00,-3.085961614119288043e-01,-9.194705222923864329e-02,0.000000000000000000e+00,1.283955487477191459e+00,0.000000000000000000e+00,-0.000000000000000000e+00,4.688194302020831095e-01,0.000000000000000000e+00,-0.000000000000000000e+00,-9.386266713975445486e-02,0.000000000000000000e+00,0.000000000000000000e+00,0.000000000000000000e+00,-0.000000000000000000e+00,0.000000000000000000e+00,0.000000000000000000e+00,-0.000000000000000000e+00,-0.000000000000000000e+00,0.000000000000000000e+00,-0.000000000000000000e+00,0.000000000000000000e+00,-0.000000000000000000e+00,-0.000000000000000000e+00,-0.000000000000000000e+00,-7.323535420805904819e-03,-1.861074139443571682e-02,0.000000000000000000e+00,0.000000000000000000e+00
-4.770645597969025431e-01,-8.428368273563037472e-02,-9.443464102603332799e-02,0.000000000000000000e+00,-0.000000000000000000e+00,0.000000000000000000e+00,-0.000000000000000000e+00,1.125602526604540382e-01,-0.000000000000000000e+00,-2.784095464684041010e-01,-0.000000000000000000e+00,-0.000000000000000000e+00,0.000000000000000000e+00,-1.607031558745970756e-01,0.000000000000000000e+00,1.853965502350891192e+00,-0.000000000000000000e+00,-0.000000000000000000e+00,-0.000000000000000000e+00,-0.000000000000000000e+00,-0.000000000000000000e+00,-0.000000000000000000e+00,-2.961682571180526136e-01,-7.991600989541618183e-02,-0.000000000000000000e+00,-0.000000000000000000e+00,-0.000000000000000000e+00,-0.000000000000000000e+00,-0.000000000000000000e+00,-1.366987403147634783e-01,-0.000000000000000000e+00,-0.000000000000000000e+00,0.000000000000000000e+00,0.000000000000000000e+00,-0.000000000000000000e+00,0.000000000000000000e+00,-0.000000000000000000e+00,-0.000000000000000000e+00,-0.000000000000000000e+00
-0.000000000000000000e+00,-1.140395656628081372e-01,-0.000000000000000000e+00,0.000000000000000000e+00,-0.000000000000000000e+00,-3.485453671914490181e-02,0.000000000000000000e+00,0.000000000000000000e+00,0.000000000000000000e+00,-0.000000000000000000e+00,-2.149544713982807775e-01,-0.000000000000000000e+00,-0.000000000000000000e+00,-8.814099805148596645e-02,-0.000000000000000000e+00,-0.000000000000000000e+00,1.866684666708194884e+00,0.000000000000000000e+00,0.000000000000000000e+00,0.000000000000000000e+00,-0.000000000000000000e+00,-0.000000000000000000e+00,-1.388565580102802954e-01,-0.000000000000000000e+00,-4.476602897607708242e-01,-0.000000000000000000e+00,-7.069105791024836438e-02,-0.000000000000000000e+00,-5.290661599067122411e-01,0.000000000000000000e+00,-0.000000000000000000e+00,-0.000000000000000000e+00,-0.000000000000000000e+00,-0.000000000000000000e+00,-2.153639332480465074e-01,-0.000000000000000000e+00,-1.666286572735988236e-01,0.000000000000000000e+00,-0.000000000000000000e+00
-0.000000000000000000e+00,0.000000000000000000e+00,-0.000000000000000000e+00,-3.703446000275487787e-02,-0.000000000000000000e+00,3.097553193630973034e-01,-0.000000000000000000e+00,0.000000000000000000e+00,-3.033246950377399553e-01,-0.000000000000000000e+00,2.517467770236491709e-01,0.000000000000000000e+00,0.000000000000000000e+00,-0.000000000000000000e+00,4.688194302020831095e-01,-0.000000000000000000e+00,0.000000000000000000e+00,1.904221948496784167e+00,-3.332830020311821628e-01,-0.000000000000000000e+00,0.000000000000000000e+00,-0.000000000000000000e+00,-0.000000000000000000e+00,-1.698385146302891224e-01,0.000000000000000000e+00,-0.000000000000000000e+00,-0.000000000000000000e+00,-0.000000000000000000e+00,0.000000000000000000e+00,-7.743864440473850752e-02,0.000000000000000000e+00,-0.000000000000000000e+00,0.000000000000000000e+00,8.476376640539509330e-03,0.000000000000000000e+00,9.953403441423946431e-04,0.000000000000000000e+00,-7.995486862511605106e-03,-0.000000000000000000e+00
-0.000000000000000000e+00,0.000000000000000000e+00,-5.437902297657688788e-02,-0.000000000000000000e+00,-0.000000000000000000e+00,0.000000000000000000e+00,-0.000000000000000000e+00,1.053392265276572037e-01,-3.849297460175575281e-01,-0.000000000000000000e+00,3.651671823395953309e-01,0.000000000000000000e+00,-0.000000000000000000e+00,-0.000000000000000000e+00,0.000000000000000000e+00,-0.000000000000000000e+00,0.000000000000000000e+00,-3.332830020311821628e-01,2.075332045234591138e+00,-3.964327061597755497e-02,0.000000000000000000e+00,-0.000000000000000000e+00,-0.000000000000000000e+00,-1.901057183316787148e-03,-0.000000000000000000e+00,-0.000000000000000000e+00,-0.000000000000000000e+00,-0.000000000000000000e+00,0.000000000000000000e+00,-6.038947831081017265e-02,1.252356035002333105e-02,-0.000000000000000000e+00,8.721946049768090903e-02,2.688319161402518698e-01,0.000000000000000000e+00,0.000000000000000000e+00,0.000000000000000000e+00,-3.155925306619198900e-01,-0.000000000000000000e+00
-4.392856618521476936e-02,0.000000000000000000e+00,-1.743827867420887356e-01,-8.989776431548660018e-02,-0.000000000000000000e+00,0.000000000000000000e+00,-2.637813697245378619e-01,1.709915060263380582e-01,-0.000000000000000000e+00,-0.000000000000000000e+00,0.000000000000000000e+00,-0.000000000000000000e+00,-1.242039146807517730e-01,-0.000000000000000000e+00,-0.000000000000000000e+00,-0.000000000000000000e+00,0.000000000000000000e+00,-0.000000000000000000e+00,-3.964327061597755497e-02,1.863202488137268631e+00,-5.667457145964998055e-01,-0.000000000000000000e+00,-0.000000000000000000e+00,-0.000000000000000000e+00,-0.000000000000000000e+00,-0.000000000000000000e+00,0.000000000000000000e+00,-2.728134401039796209e-01,0.000000000000000000e+00,-0.000000000000000000e+00,3.125879975576931202e-01,-0.000000000000000000e+00,0.000000000000000000e+00,0.000000000000000000e+00,0.000000000000000000e+00,0.000000000000000000e+00,-0.000000000000000000e+00,-1.137944866202363348e-01,-0.000000000000000000e+00
-0.000000000000000000e+00,0.000000000000000000e+00,-1.614815400122364408e-01,-0.000000000000000000e+00,-0.000000000000000000e+00,-0.000000000000000000e+00,-0.000000000000000000e+00,4.267104914645903496e-02,-0.000000000000000000e+00,0.000000000000000000e+00,-0.000000000000000000e+00,-0.000000000000000000e+00,-0.000000000000000000e+00,-0.000000000000000000e+00,-9.386266713975445486e-02,-0.000000000000000000e+00,-0.000000000000000000e+00,0.000000000000000000e+00,0.000000000000000000e+00,-5.667457145964998055e-01,1.571121913730964659e+00,-0.000000000000000000e+00,-0.000000000000000000e+00,-0.000000000000000000e+00,-0.000000000000000000e+00,-0.000000000000000000e+00,0.000000000000000000e+00,-4.224458153748646416e-01,-0.000000000000000000e+00,-0.000000000000000000e+00,0.000000000000000000e+00,0.000000000000000000e+00,0.000000000000000000e+00,0.000000000000000000e+00,0.000000000000000000e+00,-0.000000000000000000e+00,-0.000000000000000000e+00,-0.000000000000000000e+00,0.000000000000000000e+00
-0.000000000000000000e+00,0.000000000000000000e+00,-1.979630953913885660e-01,-0.000000000000000000e+00,-0.000000000000000000e+00,-0.000000000000000000e+00,0.000000000000000000e+00,7.635458013274985800e-02,-0.000000000000000000e+00,-0.000000000000000000e+00,-0.000000000000000000e+00,0.000000000000000000e+00,-0.000000000000000000e+00,-0.000000000000000000e+00,0.000000000000000000e+00,-0.000000000000000000e+00,-0.000000000000000000e+00,-0.000000000000000000e+00,-0.000000000000000000e+00,-0.000000000000000000e+00,-0.000000000000000000e+00,1.151050737204789787e+00,-0.000000000000000000e+00,-0.000000000000000000e+00,-2.109832480547430000e-01,-4.098167409373661141e-02,-0.000000000000000000e+00,-0.000000000000000000e+00,-0.000000000000000000e+00,0.000000000000000000e+00,-0.000000000000000000e+00,-4.252855876274070496e-03,-0.000000000000000000e+00,0.000000000000000000e+00,-0.000000000000000000e+00,-0.000000000000000000e+00,-7.960041951489700562e-02,0.000000000000000000e+00,0.000000000000000000e+00
-3.150865214563268180e-01,-7.490283465023916953e-02,-0.000000000000000000e+00,-0.000000000000000000e+00,-2.061682572157375881e-01,0.000000000000000000e+00,-0.000000000000000000e+00,0.000000000000000000e+00,-0.000000000000000000e+00,-1.098379046704150569e-01,-0.000000000000000000e+00,-0.000000000000000000e+00,-0.000000000000000000e+00,-3.983533166702618589e-01,0.000000000000000000e+00,-2.961682571180526136e-01,-1.388565580102802954e-01,-0.000000000000000000e+00,-0.000000000000000000e+00,-0.000000000000000000e+00,-0.000000000000000000e+00,-0.000000000000000000e+00,2.262678486428281843e+00,-4.459852419786398126e-01,-1.605749429293672481e-01,-0.000000000000000000e+00,-1.400637029313060167e-01,-0.000000000000000000e+00,-0.000000000000000000e+00,-0.000000000000000000e+00,-0.000000000000000000e+00,-1.405623255653118131e-01,0.000000000000000000e+00,0.000000000000000000e+00,-0.000000000000000000e+00,0.000000000000000000e+00,-0.000000000000000000e+00,-0.000000000000000000e+00,-1.902227546980310158e-01
-0.000000000000000000e+00,-0.000000000000000000e+00,-8.290211192057993228e-02,-6.242696049196917729e-02,-1.539633452282198611e-01,0.000000000000000000e+00,-1.629033139994100557e-02,1.121929399411594613e-01,-1.376259019726257526e-01,-0.000000000000000000e+00,0.000000000000000000e+00,0.000000000000000000e+00,-0.000000000000000000e+00,-2.421237720081009792e-01,0.000000000000000000e+00,-7.991600989541618183e-02,-0.000000000000000000e+00,-1.698385146302891224e-01,-1.901057183316787148e-03,-0.000000000000000000e+00,-0.000000000000000000e+00,-0.000000000000000000e+00,-4.459852419786398126e-01,1.910923261511936033e+00,-0.000000000000000000e+00,-0.000000000000000000e+00,-0.000000000000000000e+00,-0.000000000000000000e+00,0.000000000000000000e+00,-2.442000179845551233e-01,0.000000000000000000e+00,-0.000000000000000000e+00,0.000000000000000000e+00,0.000000000000000000e+00,0.000000000000000000e+00,0.000000000000000000e+00,0.000000000000000000e+00,-1.565071169906240289e-01,-0.000000000000000000e+00
-0.000000000000000000e+00,-0.000000000000000000e+00,-0.000000000000000000e+00,-0.000000000000000000e+00,-0.000000000000000000e+00,-6.512581368020440437e-03,0.000000000000000000e+00,0.000000000000000000e+00,-0.000000000000000000e+00,-0.000000000000000000e+00,-0.000000000000000000e+00,-0.000000000000000000e+00,-1.340140274156697842e-01,-2.427903268095774059e-01,-0.000000000000000000e+00,-0.000000000000000000e+00,-4.476602897607708242e-01,0.000000000000000000e+00,-0.000000000000000000e+00,-0.000000000000000000e+00,-0.000000000000000000e+00,-2.109832480547430000e-01,-1.605749429293672481e-01,-0.000000000000000000e+00,1.571583665878785174e+00,-7.699231368220833815e-02,-0.000000000000000000e+00,-0.000000000000000000e+00,-0.000000000000000000e+00,-0.000000000000000000e+00,-0.000000000000000000e+00,-0.000000000000000000e+00,-0.000000000000000000e+00,-0.000000000000000000e+00,-0.000000000000000000e+00,-0.000000000000000000e+00,-2.443960807245353362e-01,-0.000000000000000000e+00,-0.000000000000000000e+00
-3.798848209213847582e-01,0.000000000000000000e+00,-0.000000000000000000e+00,-0.000000000000000000e+00,-0.000000000000000000e+00,-0.000000000000000000e+00,0.000000000000000000e+00,0.000000000000000000e+00,-0.000000000000000000e+00,-0.000000000000000000e+00,0.000000000000000000e+00,-0.000000000000000000e+00,-0.000000000000000000e+00,-2.623357051732259082e-01,0.000000000000000000e+00,-0.000000000000000000e+00,-0.000000000000000000e+00,-0.000000000000000000e+00,-0.000000000000000000e+00,-0.000000000000000000e+00,-0.000000000000000000e+00,-4.098167409373661141e-02,-0.000000000000000000e+00,-0.000000000000000000e+00,-7.699231368220833815e-02,1.632711750611073320e+00,-1.741068614623450250e-01,-3.334089718105215927e-01,-1.618154561462258056e-01,-0.000000000000000000e+00,-0.000000000000000000e+00,-0.000000000000000000e+00,-0.000000000000000000e+00,-0.000000000000000000e+00,-9.857708530491555987e-02,-0.000000000000000000e+00,-7.668185869900283336e-02,-0.000000000000000000e+00,-0.000000000000000000e+00
-0.000000000000000000e+00,-2.586247548403601271e-01,-0.000000000000000000e+00,0.000000000000000000e+00,-0.000000000000000000e+00,0.000000000000000000e+00,-0.000000000000000000e+00,0.000000000000000000e+00,-0.000000000000000000e+00,-0.000000000000000000e+00,-0.000000000000000000e+00,-1.392345851805201484e-01,-0.000000000000000000e+00,-4.356474917307699007e-02,0.000000000000000000e+00,-0.000000000000000000e+00,-7.069105791024836438e-02,-0.000000000000000000e+00,-0.000000000000000000e+00,0.000000000000000000e+00,0.000000000000000000e+00,-0.000000000000000000e+00,-1.400637029313060167e-01,-0.000000000000000000e+00,-0.000000000000000000e+00,-1.741068614623450250e-01,1.684133730292331155e+00,-0.000000000000000000e+00,-0.000000000000000000e+00,-0.000000000000000000e+00,-3.737306366563251658e-01,-3.846074915636399916e-01,-0.000000000000000000e+00,-0.000000000000000000e+00,-2.434162808197734840e-01,-0.000000000000000000e+00,-0.000000000000000000e+00,-0.000000000000000000e+00,-0.000000000000000000e+00
-3.195822037750951083e-01,0.000000000000000000e+00,-0.000000000000000000e+00,-0.000000000000000000e+00,-0.000000000000000000e+00,-0.000000000000000000e+00,-0.000000000000000000e+00,0.000000000000000000e+00,-0.000000000000000000e+00,0.000000000000000000e+00,-0.000000000000000000e+00,-1.611906442799792075e-02,-0.000000000000000000e+00,-4.601560144607543673e-02,-0.000000000000000000e+00,-0.000000000000000000e+00,-0.000000000000000000e+00,-0.000000000000000000e+00,-0.000000000000000000e+00,-2.728134401039796209e-01,-4.224458153748646416e-01,-0.000000000000000000e+00,-0.000000000000000000e+00,-0.000000000000000000e+00,-0.000000000000000000e+00,-3.334089718105215927e-01,-0.000000000000000000e+00,1.636550481893091824e+00,-2.825232112837494647e-02,-0.000000000000000000e+00,0.000000000000000000e+00,-0.000000000000000000e+00,-0.000000000000000000e+00,-0.000000000000000000e+00,-0.000000000000000000e+00,-0.000000000000000000e+00,-8.616372833060749470e-02,-0.000000000000000000e+00,0.000000000000000000e+00
-0.000000000000000000e+00,-0.000000000000000000e+00,-0.000000000000000000e+00,0.000000000000000000e+00,0.000000000000000000e+00,-1.168931592573778516e-01,0.000000000000000000e+00,-0.000000000000000000e+00,0.000000000000000000e+00,0.000000000000000000e+00,-0.000000000000000000e+00,-0.000000000000000000e+00,-0.000000000000000000e+00,-0.000000000000000000e+00,-0.000000000000000000e+00,-0.000000000000000000e+00,-5.290661599067122411e-01,0.000000000000000000e+00,0.000000000000000000e+00,0.000000000000000000e+00,-0.000000000000000000e+00,-0.000000000000000000e+00,-0.000000000000000000e+00,0.000000000000000000e+00,-0.000000000000000000e+00,-1.618154561462258056e-01,-0.000000000000000000e+00,-2.825232112837494647e-02,2.002216868659950855e+00,0.000000000000000000e+00,-2.308377613371603021e-01,-0.000000000000000000e+00,-0.000000000000000000e+00,-0.000000000000000000e+00,-6.313092383568166266e-01,-0.000000000000000000e+00,-3.033941710482390142e-01,0.000000000000000000e+00,0.000000000000000000e+00
-0.000000000000000000e+00,-0.000000000000000000e+00,-0.000000000000000000e+00,-0.000000000000000000e+00,-1.751565095491720569e-01,0.000000000000000000e+00,-1.870308747797763960e-01,8.466249486837866545e-02,-5.056725615352997139e-01,-3.491702088559758832e-01,0.000000000000000000e+00,-0.000000000000000000e+00,-0.000000000000000000e+00,-0.000000000000000000e+00,0.000000000000000000e+00,-1.366987403147634783e-01,0.000000000000000000e+00,-7.743864440473850752e-02,-6.038947831081017265e-02,-0.000000000000000000e+00,-0.000000000000000000e+00,0.000000000000000000e+00,-0.000000000000000000e+00,-2.442000179845551233e-01,-0.000000000000000000e+00,-0.000000000000000000e+00,-0.000000000000000000e+00,-0.000000000000000000e+00,0.000000000000000000e+00,2.505433838392215673e+00,0.000000000000000000e+00,-0.000000000000000000e+00,4.300973565875838150e-02,1.291357245674785992e-01,0.000000000000000000e+00,0.000000000000000000e+00,0.000000000000000000e+00,-4.717312148146131645e-01,-1.436603581001895946e-01
0.000000000000000000e+00,-0.000000000000000000e+00,0.000000000000000000e+00,1.160702268561807776e-02,0.000000000000000000e+00,-0.000000000000000000e+00,0.000000000000000000e+00,-0.000000000000000000e+00,0.000000000000000000e+00,0.000000000000000000e+00,-1.018437884221193718e-01,-0.000000000000000000e+00,0.000000000000000000e+00,-0.000000000000000000e+00,-0.000000000000000000e+00,-0.000000000000000000e+00,-0.000000000000000000e+00,0.000000000000000000e+00,1.252356035002333105e-02,3.125879975576931202e-01,0.000000000000000000e+00,-0.000000000000000000e+00,-0.000000000000000000e+00,0.000000000000000000e+00,-0.000000000000000000e+00,-0.000000000000000000e+00,-3.737306366563251658e-01,0.000000000000000000e+00,-2.308377613371603021e-01,0.000000000000000000e+00,1.689635366510130243e+00,-5.707378506463357815e-02,-1.892777293288882279e-01,-9.129380208298817911e-02,-4.146794642717082646e-01,-0.000000000000000000e+00,-0.000000000000000000e+00,3.817873759357467978e-02,0.000000000000000000e+00
-0.000000000000000000e+00,-1.419075417535516082e-01,-0.000000000000000000e+00,-0.000000000000000000e+00,-7.159126186234156253e-02,-0.000000000000000000e+00,-0.000000000000000000e+00,0.000000000000000000e+00,-0.000000000000000000e+00,-5.551485152804817164e-02,-0.000000000000000000e+00,-0.000000000000000000e+00,-0.000000000000000000e+00,-0.000000000000000000e+00,0.000000000000000000e+00,-0.000000000000000000e+00,-0.000000000000000000e+00,-0.000000000000000000e+00,-0.000000000000000000e+00,-0.000000000000000000e+00,0.000000000000000000e+00,-4.252855876274070496e-03,-1.405623255653118131e-01,-0.000000000000000000e+00,-0.000000000000000000e+00,-0.000000000000000000e+00,-3.846074915636399916e-01,-0.000000000000000000e+00,-0.000000000000000000e+00,-0.000000000000000000e+00,-5.707378506463357815e-02,1.522859984775146058e+00,-0.000000000000000000e+00,-0.000000000000000000e+00,-0.000000000000000000e+00,-0.000000000000000000e+00,-4.633306449698522678e-01,-0.000000000000000000e+00,-0.000000000000000000e+00
0.000000000000000000e+00,0.000000000000000000e+00,0.000000000000000000e+00,0.000000000000000000e+00,0.000000000000000000e+00,-1.536387858323391697e-02,4.923112636618805216e-02,-0.000000000000000000e+00,9.818389518105878622e-02,2.188765847830331790e-02,-8.730832099414369274e-02,-0.000000000000000000e+00,0.000000000000000000e+00,-0.000000000000000000e+00,-0.000000000000000000e+00,0.000000000000000000e+00,-0.000000000000000000e+00,0.000000000000000000e+00,8.721946049768090903e-02,0.000000000000000000e+00,0.000000000000000000e+00,-0.000000000000000000e+00,0.000000000000000000e+00,0.000000000000000000e+00,-0.000000000000000000e+00,-0.000000000000000000e+00,-0.000000000000000000e+00,-0.000000000000000000e+00,-0.000000000000000000e+00,4.300973565875838150e-02,-1.892777293288882279e-01,-0.000000000000000000e+00,1.902497268330084701e+00,-8.065650094939337267e-01,-7.958469203831845806e-02,-1.967512607584894768e-01,-0.000000000000000000e+00,1.259227423618693720e-01,0.000000000000000000e+00
0.000000000000000000e+00,0.000000000000000000e+00,0.000000000000000000e+00,-0.000000000000000000e+00,0.000000000000000000e+00,-0.000000000000000000e+00,0.000000000000000000e+00,-8.571763035042251691e-03,2.059749367617836890e-01,0.000000000000000000e+00,-2.667958369513721006e-01,-0.000000000000000000e+00,0.000000000000000000e+00,-0.000000000000000000e+00,-0.000000000000000000e+00,0.000000000000000000e+00,-0.000000000000000000e+00,8.476376640539509330e-03,2.688319161402518698e-01,0.000000000000000000e+00,0.000000000000000000e+00,0.000000000000000000e+00,0.000000000000000000e+00,0.000000000000000000e+00,-0.000000000000000000e+00,-0.000000000000000000e+00,-0.000000000000000000e+00,-0.000000000000000000e+00,-0.000000000000000000e+00,1.291357245674785992e-01,-9.129380208298817911e-02,-0.000000000000000000e+00,-8.065650094939337267e-01,2.143213298285824742e+00,-0.000000000000000000e+00,-2.297213256813214477e-01,-0.000000000000000000e+00,1.154643504285412792e-01,0.000000000000000000e+00
-0.000000000000000000e+00,-0.000000000000000000e+00,0.000000000000000000e+00,0.000000000000000000e+00,0.000000000000000000e+00,-0.000000000000000000e+00,0.000000000000000000e+00,-0.000000000000000000e+00,0.000000000000000000e+00,0.000000000000000000e+00,-2.128851194645092759e-02,-0.000000000000000000e+00,-0.000000000000000000e+00,-3.002248797674820016e-02,-0.000000000000000000e+00,-0.000000000000000000e+00,-2.153639332480465074e-01,0.000000000000000000e+00,0.000000000000000000e+00,0.000000000000000000e+00,0.000000000000000000e+00,-0.000000000000000000e+00,-0.000000000000000000e+00,0.000000000000000000e+00,-0.000000000000000000e+00,-9.857708530491555987e-02,-2.434162808197734840e-01,-0.000000000000000000e+00,-6.313092383568166266e-01,0.000000000000000000e+00,-4.146794642717082646e-01,-0.000000000000000000e+00,-7.958469203831845806e-02,-0.000000000000000000e+00,2.025215225402175356e+00,-1.946665308801620031e-01,-2.144021096967238804e-01,0.000000000000000000e+00,0.000000000000000000e+00
0.000000000000000000e+00,-0.000000000000000000e+00,0.000000000000000000e+00,0.000000000000000000e+00,0.000000000000000000e+00,-9.362880882813878758e-02,0.000000000000000000e+00,-0.000000000000000000e+00,0.000000000000000000e+00,0.000000000000000000e+00,-2.404922696497258927e-01,-4.654279876031859609e-02,-0.000000000000000000e+00,-0.000000000000000000e+00,-7.323535420805904819e-03,0.000000000000000000e+00,-0.000000000000000000e+00,9.953403441423946431e-04,0.000000000000000000e+00,0.000000000000000000e+00,-0.000000000000000000e+00,-0.000000000000000000e+00,0.000000000000000000e+00,0.000000000000000000e+00,-0.000000000000000000e+00,-0.000000000000000000e+00,-0.000000000000000000e+00,-0.000000000000000000e+00,-0.000000000000000000e+00,0.000000000000000000e+00,-0.000000000000000000e+00,-0.000000000000000000e+00,-1.967512607584894768e-01,-2.297213256813214477e-01,-1.946665308801620031e-01,1.436618726371729160e+00,-2.251166077403964627e-01,0.000000000000000000e+00,0.000000000000000000e+00
-0.000000000000000000e+00,-0.000000000000000000e+00,-0.000000000000000000e+00,0.000000000000000000e+00,-0.000000000000000000e+00,-0.000000000000000000e+00,0.000000000000000000e+00,0.000000000000000000e+00,0.000000000000000000e+00,-0.000000000000000000e+00,-0.000000000000000000e+00,-0.000000000000000000e+00,-3.494744037248506685e-02,-0.000000000000000000e+00,-1.861074139443571682e-02,-0.000000000000000000e+00,-1.666286572735988236e-01,0.000000000000000000e+00,0.000000000000000000e+00,-0.000000000000000000e+00,-0.000000000000000000e+00,-7.960041951489700562e-02,-0.000000000000000000e+00,0.000000000000000000e+00,-2.443960807245353362e-01,-7.668185869900283336e-02,-0.000000000000000000e+00,-8.616372833060749470e-02,-3.033941710482390142e-01,0.000000000000000000e+00,-0.000000000000000000e+00,-4.633306449698522678e-01,-0.000000000000000000e+00,-0.000000000000000000e+00,-2.144021096967238804e-01,-2.251166077403964627e-01,1.760588629228291069e+00,0.000000000000000000e+00,0.000000000000000000e+00
-2.496541629208585134e-01,-0.000000000000000000e+00,-9.288005459507333444e-03,-0.000000000000000000e+00,-4.488977725106908789e-02,1.329117145026458280e-01,-3.163856591616374114e-01,9.132527891842524836e-02,-4.481410032664827070e-01,-1.247499304295063699e-01,0.000000000000000000e+00,-0.000000000000000000e+00,-0.000000000000000000e+00,-0.000000000000000000e+00,0.000000000000000000e+00,-0.000000000000000000e+00,0.000000000000000000e+00,-7.995486862511605106e-03,-3.155925306619198900e-01,-1.137944866202363348e-01,-0.000000000000000000e+00,0.000000000000000000e+00,-0.000000000000000000e+00,-1.565071169906240289e-01,-0.000000000000000000e+00,-0.000000000000000000e+00,-0.000000000000000000e+00,-0.000000000000000000e+00,0.000000000000000000e+00,-4.717312148146131645e-01,3.817873759357467978e-02,-0.000000000000000000e+00,1.259227423618693720e-01,1.154643504285412792e-01,0.000000000000000000e+00,0.000000000000000000e+00,0.000000000000000000e+00,2.631213449452258768e+00,-1.649685271838068623e-01
-0.000000000000000000e+00,-3.955675240625364797e-01,-0.000000000000000000e+00,-0.000000000000000000e+00,-1.398482454326729907e-01,1.472143741853017551e-01,-3.241232897820560677e-01,0.000000000000000000e+00,-1.114965087503189400e-01,-6.013726330998419023e-01,0.000000000000000000e+00,-0.000000000000000000e+00,-0.000000000000000000e+00,-0.000000000000000000e+00,0.000000000000000000e+00,-0.000000000000000000e+00,-0.000000000000000000e+00,-0.000000000000000000e+00,-0.000000000000000000e+00,-0.000000000000000000e+00,0.000000000000000000e+00,0.000000000000000000e+00,-1.902227546980310158e-01,-0.000000000000000000e+00,-0.000000000000000000e+00,-0.000000000000000000e+00,-0.000000000000000000e+00,0.000000000000000000e+00,0.000000000000000000e+00,-1.436603581001895946e-01,0.000000000000000000e+00,-0.000000000000000000e+00,0.000000000000000000e+00,0.000000000000000000e+00,0.000000000000000000e+00,0.000000000000000000e+00,0.000000000000000000e+00,-1.649685271838068623e-01,2.180280935727934022e+00
