2.476358795113442479e+00,-7.319203395356096431e-01,-0.000000000000000000e+00,-0.000000000000000000e+00,-2.153280625104082302e-01,0.000000000000000000e+00,-0.000000000000000000e+00,0.000000000000000000e+00,-2.935648383419918461e-02,-2.278819592299257454e-03,-0.000000000000000000e+00,-0.000000000000000000e+00,0.000000000000000000e+00,-0.000000000000000000e+00,-0.000000000000000000e+00,-3.352334731811275059e-01,-0.000000000000000000e+00,-0.000000000000000000e+00,9.339443569371498610e-02,-0.000000000000000000e+00,-0.000000000000000000e+00,-0.000000000000000000e+00,-5.487062889922750958e-02,-0.000000000000000000e+00,-0.000000000000000000e+00,-5.938755949223050168e-01,-6.873912721552384933e-03,-0.000000000000000000e+00,-0.000000000000000000e+00,-2.015540065283919491e-01,-0.000000000000000000e+00,-2.997581764506510038e-01,-0.000000000000000000e+00,-0.000000000000000000e+00,-0.000000000000000000e+00,-3.835244375697928476e-02,-0.000000000000000000e+00,-0.000000000000000000e+00,-1.978909909722618710e-01
-7.319203395356096431e-01,2.005373329552895711e+00,-0.000000000000000000e+00,-0.000000000000000000e+00,-2.314293034349594602e-02,0.000000000000000000e+00,-0.000000000000000000e+00,0.000000000000000000e+00,-0.000000000000000000e+00,-0.000000000000000000e+00,0.000000000000000000e+00,-0.000000000000000000e+00,0.000000000000000000e+00,-0.000000000000000000e+00,-0.000000000000000000e+00,-0.000000000000000000e+00,0.000000000000000000e+00,-0.000000000000000000e+00,7.078779532114731765e-02,-0.000000000000000000e+00,-0.000000000000000000e+00,-0.000000000000000000e+00,-0.000000000000000000e+00,-0.000000000000000000e+00,-0.000000000000000000e+00,-0.000000000000000000e+00,-0.000000000000000000e+00,-0.000000000000000000e+00,-0.000000000000000000e+00,-2.620782747477328201e-01,-0.000000000000000000e+00,-3.492965475874822978e-01,0.000000000000000000e+00,-0.000000000000000000e+00,-0.000000000000000000e+00,-3.957368288293862668e-01,-0.000000000000000000e+00,0.000000000000000000e+00,-7.093838429732673978e-02
-0.000000000000000000e+00,-0.000000000000000000e+00,3.054308527908012216e+00,-0.000000000000000000e+00,-1.039752572010899656e-01,5.076665710330061088e-02,-0.000000000000000000e+00,9.801446897551749915e-01,-0.000000000000000000e+00,0.000000000000000000e+00,0.000000000000000000e+00,-2.670026782215553784e-01,-0.000000000000000000e+00,-0.000000000000000000e+00,-1.324245688610586613e-01,-0.000000000000000000e+00,0.000000000000000000e+00,-0.000000000000000000e+00,0.000000000000000000e+00,-5.615631934470261682e-02,-3.858573869471980666e-01,-0.000000000000000000e+00,-0.000000000000000000e+00,-1.907152368335403858e-01,-0.000000000000000000e+00,-7.483590352560859360e-02,-0.000000000000000000e+00,-3.044391968543545546e-01,-0.000000000000000000e+00,-0.000000000000000000e+00,-1.907755419396183968e-02,0.000000000000000000e+00,-0.000000000000000000e+00,-6.039590202929209228e-01,0.000000000000000000e+00,0.000000000000000000e+00,0.000000000000000000e+00,-1.354657704471826374e-01,-1.394722353964660821e-01
-0.000000000000000000e+00,-0.000000000000000000e+00,-0.000000000000000000e+00,2.578272458840295212e+00,-0.000000000000000000e+00,0.000000000000000000e+00,-8.503568818765564474e-01,-0.000000000000000000e+00,0.000000000000000000e+00,1.745269168008387328e-01,0.000000000000000000e+00,-4.875661194117865693e-01,0.000000000000000000e+00,0.000000000000000000e+00,0.000000000000000000e+00,0.000000000000000000e+00,0.000000000000000000e+00,-4.130924580290834536e-01,-6.019493239429516036e-03,-1.913176495886663997e-01,0.000000000000000000e+00,-2.576657352976231552e-01,0.000000000000000000e+00,-3.447834061764902536e-02,-0.000000000000000000e+00,0.000000000000000000e+00,-0.000000000000000000e+00,-0.000000000000000000e+00,-0.000000000000000000e+00,0.000000000000000000e+00,-0.000000000000000000e+00,0.000000000000000000e+00,3.303205380280770931e-01,-0.000000000000000000e+00,0.000000000000000000e+00,0.000000000000000000e+00,0.000000000000000000e+00,-7.906378483250857403e-02,-1.133273474388453855e-01
-2.153280625104082302e-01,-2.314293034349594602e-02,-1.039752572010899656e-01,-0.000000000000000000e+00,2.408012762344482471e+00,0.000000000000000000e+00,-0.000000000000000000e+00,3.187223670158113031e-01,-6.099824500902182312e-01,-0.000000000000000000e+00,0.000000000000000000e+00,-0.000000000000000000e+00,-0.000000000000000000e+00,-3.297489225516201938e-01,-0.000000000000000000e+00,-0.000000000000000000e+00,0.000000000000000000e+00,-0.000000000000000000e+00,0.000000000000000000e+00,-0.000000000000000000e+00,-0.000000000000000000e+00,-0.000000000000000000e+00,-0.000000000000000000e+00,-7.343973840806934661e-02,-8.204995976497390930e-02,-7.017753896522013757e-02,-0.000000000000000000e+00,-0.000000000000000000e+00,-0.000000000000000000e+00,-1.917312172301594564e-01,-0.000000000000000000e+00,-0.000000000000000000e+00,-0.000000000000000000e+00,-3.618344464607446409e-01,-0.000000000000000000e+00,-0.000000000000000000e+00,-0.000000000000000000e+00,-0.000000000000000000e+00,-1.944680823034246886e-01
0.000000000000000000e+00,0.000000000000000000e+00,5.076665710330061088e-02,0.000000000000000000e+00,0.000000000000000000e+00,2.405429517685404583e+00,1.478403700314145641e-01,-0.000000000000000000e+00,0.000000000000000000e+00,-0.000000000000000000e+00,-6.357443110519560570e-01,9.224483844385271414e-02,0.000000000000000000e+00,-0.000000000000000000e+00,3.554125501231330531e-01,-0.000000000000000000e+00,-2.063380220251707364e-01,-0.000000000000000000e+00,-0.000000000000000000e+00,1.150015408030243824e-01,0.000000000000000000e+00,2.347787693986603252e-01,-0.000000000000000000e+00,0.000000000000000000e+00,-0.000000000000000000e+00,0.000000000000000000e+00,-0.000000000000000000e+00,5.725322395100649470e-02,0.000000000000000000e+00,-0.000000000000000000e+00,0.000000000000000000e+00,-0.000000000000000000e+00,-0.000000000000000000e+00,1.041582544290880208e-01,-4.709182891314439012e-01,-0.000000000000000000e+00,-1.242175508508270992e-01,0.000000000000000000e+00,0.000000000000000000e+00
-0.000000000000000000e+00,-0.000000000000000000e+00,-0.000000000000000000e+00,-8.503568818765564474e-01,-0.000000000000000000e+00,1.478403700314145641e-01,3.127238793733716271e+00,-0.000000000000000000e+00,0.000000000000000000e+00,2.407861167824839610e-01,1.014122255967846442e-01,-2.632506616838308222e-01,0.000000000000000000e+00,0.000000000000000000e+00,-0.000000000000000000e+00,0.000000000000000000e+00,1.435908403319124393e-01,-0.000000000000000000e+00,-0.000000000000000000e+00,-4.235091389129601036e-01,-0.000000000000000000e+00,-5.847159309743859001e-01,-0.000000000000000000e+00,-2.975508784323038780e-01,-0.000000000000000000e+00,-0.000000000000000000e+00,-2.031968402325442721e-02,-0.000000000000000000e+00,-0.000000000000000000e+00,0.000000000000000000e+00,-1.952131415126123542e-03,0.000000000000000000e+00,0.000000000000000000e+00,-0.000000000000000000e+00,0.000000000000000000e+00,0.000000000000000000e+00,0.000000000000000000e+00,-2.479709398346101878e-01,-2.515915565343746496e-01
0.000000000000000000e+00,0.000000000000000000e+00,9.801446897551749915e-01,-0.000000000000000000e+00,3.187223670158113031e-01,-0.000000000000000000e+00,-0.000000000000000000e+00,2.668207119432913998e+00,4.864870645876877980e-02,0.000000000000000000e+00,-0.000000000000000000e+00,0.000000000000000000e+00,0.000000000000000000e+00,0.000000000000000000e+00,0.000000000000000000e+00,2.241817300676615665e-01,-0.000000000000000000e+00,-0.000000000000000000e+00,-0.000000000000000000e+00,0.000000000000000000e+00,7.648288648139067725e-01,0.000000000000000000e+00,0.000000000000000000e+00,0.000000000000000000e+00,0.000000000000000000e+00,1.215284371001087160e-01,0.000000000000000000e+00,0.000000000000000000e+00,0.000000000000000000e+00,0.000000000000000000e+00,0.000000000000000000e+00,0.000000000000000000e+00,4.504910728623291033e-02,1.842162826451452240e-01,-0.000000000000000000e+00,0.000000000000000000e+00,-0.000000000000000000e+00,0.000000000000000000e+00,0.000000000000000000e+00
-2.935648383419918461e-02,-0.000000000000000000e+00,-0.000000000000000000e+00,0.000000000000000000e+00,-6.099824500902182312e-01,0.000000000000000000e+00,0.000000000000000000e+00,4.864870645876877980e-02,2.292247987110370477e+00,-0.000000000000000000e+00,0.000000000000000000e+00,-0.000000000000000000e+00,-0.000000000000000000e+00,-3.751641822728979392e-01,-0.000000000000000000e+00,-7.371600075104722816e-02,-0.000000000000000000e+00,-0.000000000000000000e+00,0.000000000000000000e+00,-0.000000000000000000e+00,-1.447506226804773088e-01,-0.000000000000000000e+00,-0.000000000000000000e+00,-0.000000000000000000e+00,-1.001768002921723383e-01,-2.308531413906312335e-01,-0.000000000000000000e+00,-3.261867927581208471e-01,-0.000000000000000000e+00,-0.000000000000000000e+00,-0.000000000000000000e+00,-0.000000000000000000e+00,-2.373960291581507509e-01,-2.182858084841979296e-01,0.000000000000000000e+00,-0.000000000000000000e+00,0.000000000000000000e+00,-0.000000000000000000e+00,-0.000000000000000000e+00
-2.278819592299257454e-03,-0.000000000000000000e+00,0.000000000000000000e+00,1.745269168008387328e-01,-0.000000000000000000e+00,-0.000000000000000000e+00,2.407861167824839610e-01,0.000000000000000000e+00,-0.000000000000000000e+00,2.667211307881628635e+00,-1.504303132332795168e-01,8.867449309264719207e-03,-0.000000000000000000e+00,-1.929017878460028146e-01,0.000000000000000000e+00,-1.051767734622911288e+00,-3.523451805897188649e-01,0.000000000000000000e+00,1.430316254205466799e-02,0.000000000000000000e+00,-0.000000000000000000e+00,6.284802397596768453e-02,-0.000000000000000000e+00,0.000000000000000000e+00,-0.000000000000000000e+00,-0.000000000000000000e+00,0.000000000000000000e+00,0.000000000000000000e+00,-0.000000000000000000e+00,-5.676613222919881796e-01,0.000000000000000000e+00,-1.247721288548381963e-01,-0.000000000000000000e+00,0.000000000000000000e+00,-7.048617238934475060e-02,-1.782898987083049169e-01,-0.000000000000000000e+00,0.000000000000000000e+00,0.000000000000000000e+00
-0.000000000000000000e+00,0.000000000000000000e+00,0.000000000000000000e+00,0.000000000000000000e+00,0.000000000000000000e+00,-6.357443110519560570e-01,1.014122255967846442e-01,-0.000000000000000000e+00,0.000000000000000000e+00,-1.504303132332795168e-01,2.927553157225389668e+00,5.202442277353925837e-01,0.000000000000000000e+00,-0.000000000000000000e+00,3.107360225908138429e-01,-0.000000000000000000e+00,-9.886430851759122618e-01,-0.000000000000000000e+00,-0.000000000000000000e+00,1.590565744076909982e-01,0.000000000000000000e+00,0.000000000000000000e+00,-0.000000000000000000e+00,0.000000000000000000e+00,0.000000000000000000e+00,-0.000000000000000000e+00,-0.000000000000000000e+00,0.000000000000000000e+00,-0.000000000000000000e+00,-0.000000000000000000e+00,0.000000000000000000e+00,-0.000000000000000000e+00,-3.443208011205589614e-02,5.494254290931953333e-02,-1.107513411039821316e-01,-6.009302617271863184e-03,-0.000000000000000000e+00,0.000000000000000000e+00,0.000000000000000000e+00
-0.000000000000000000e+00,-0.000000000000000000e+00,-2.670026782215553784e-01,-4.875661194117865693e-01,-0.000000000000000000e+00,9.224483844385271414e-02,-2.632506616838308222e-01,0.000000000000000000e+00,-0.000000000000000000e+00,8.867449309264719207e-03,5.202442277353925837e-01,3.213469449464354533e+00,-0.000000000000000000e+00,0.000000000000000000e+00,-0.000000000000000000e+00,0.000000000000000000e+00,4.985424733846505752e-01,-0.000000000000000000e+00,-0.000000000000000000e+00,-5.331861667856789833e-01,-0.000000000000000000e+00,-4.109565837286801582e-01,-0.000000000000000000e+00,-0.000000000000000000e+00,-0.000000000000000000e+00,-0.000000000000000000e+00,-0.000000000000000000e+00,-1.289594014404532585e-01,-0.000000000000000000e+00,0.000000000000000000e+00,-0.000000000000000000e+00,0.000000000000000000e+00,0.000000000000000000e+00,-7.265390439748917878e-03,0.000000000000000000e+00,0.000000000000000000e+00,0.000000000000000000e+00,-1.607934705115971474e-01,-1.768421419259813832e-01
0.000000000000000000e+00,0.000000000000000000e+00,-0.000000000000000000e+00,0.000000000000000000e+00,-0.000000000000000000e+00,0.000000000000000000e+00,0.000000000000000000e+00,0.000000000000000000e+00,-0.000000000000000000e+00,-0.000000000000000000e+00,0.000000000000000000e+00,-0.000000000000000000e+00,1.084419974809004428e+00,-0.000000000000000000e+00,-0.000000000000000000e+00,0.000000000000000000e+00,0.000000000000000000e+00,0.000000000000000000e+00,-0.000000000000000000e+00,-0.000000000000000000e+00,-0.000000000000000000e+00,0.000000000000000000e+00,-0.000000000000000000e+00,0.000000000000000000e+00,0.000000000000000000e+00,-0.000000000000000000e+00,0.000000000000000000e+00,-8.707212275096139209e-03,-0.000000000000000000e+00,-0.000000000000000000e+00,1.632845787501068791e-01,-0.000000000000000000e+00,-2.511958973696085118e-01,-0.000000000000000000e+00,-0.000000000000000000e+00,0.000000000000000000e+00,-8.189342335921048766e-02,-0.000000000000000000e+00,0.000000000000000000e+00
-0.000000000000000000e+00,-0.000000000000000000e+00,-0.000000000000000000e+00,0.000000000000000000e+00,-3.297489225516201938e-01,-0.000000000000000000e+00,0.000000000000000000e+00,0.000000000000000000e+00,-3.751641822728979392e-01,-1.929017878460028146e-01,-0.000000000000000000e+00,0.000000000000000000e+00,-0.000000000000000000e+00,2.310704478701869569e+00,0.000000000000000000e+00,-2.972075227065194003e-01,-0.000000000000000000e+00,-0.000000000000000000e+00,0.000000000000000000e+00,0.000000000000000000e+00,-1.220803991623073681e-01,0.000000000000000000e+00,-3.107320011626699685e-01,-0.000000000000000000e+00,-6.848457670744406700e-02,-6.831486318425918081e-02,-0.000000000000000000e+00,-0.000000000000000000e+00,-0.000000000000000000e+00,-3.096741836211315824e-01,-0.000000000000000000e+00,-1.171235249364813331e-02,-3.525636865107745210e-01,-0.000000000000000000e+00,-1.569590403438003712e-01,-0.000000000000000000e+00,-0.000000000000000000e+00,0.000000000000000000e+00,-0.000000000000000000e+00
-0.000000000000000000e+00,-0.000000000000000000e+00,-1.324245688610586613e-01,0.000000000000000000e+00,-0.000000000000000000e+00,3.554125501231330531e-01,-0.000000000000000000e+00,0.000000000000000000e+00,-0.000000000000000000e+00,0.000000000000000000e+00,3.107360225908138429e-01,-0.000000000000000000e+00,-0.000000000000000000e+00,0.000000000000000000e+00,1.640722613375909855e+00,0.000000000000000000e+00,3.870130309433433141e-02,9.058287406334297742e-02,1.252986940299249952e-02,-0.000000000000000000e+00,-3.336206898467447557e-02,-0.000000000000000000e+00,0.000000000000000000e+00,-0.000000000000000000e+00,-0.000000000000000000e+00,-0.000000000000000000e+00,0.000000000000000000e+00,-3.604333084836612855e-01,0.000000000000000000e+00,0.000000000000000000e+00,-0.000000000000000000e+00,0.000000000000000000e+00,-0.000000000000000000e+00,-6.893849306473925909e-02,0.000000000000000000e+00,0.000000000000000000e+00,1.887400289958414690e-01,-0.000000000000000000e+00,0.000000000000000000e+00
-3.352334731811275059e-01,-0.000000000000000000e+00,-0.000000000000000000e+00,0.000000000000000000e+00,-0.000000000000000000e+00,-0.000000000000000000e+00,0.000000000000000000e+00,2.241817300676615665e-01,-7.371600075104722816e-02,-1.051767734622911288e+00,-0.000000000000000000e+00,0.000000000000000000e+00,0.000000000000000000e+00,-2.972075227065194003e-01,0.000000000000000000e+00,2.482351945330502740e+00,-0.000000000000000000e+00,-0.000000000000000000e+00,6.809776613981204096e-02,0.000000000000000000e+00,-5.074965468133977448e-02,0.000000000000000000e+00,-1.951412797072873406e-01,-0.000000000000000000e+00,-6.915538419269978698e-02,-0.000000000000000000e+00,-0.000000000000000000e+00,0.000000000000000000e+00,0.000000000000000000e+00,-2.586503536767889577e-01,-0.000000000000000000e+00,-0.000000000000000000e+00,-0.000000000000000000e+00,-0.000000000000000000e+00,-0.000000000000000000e+00,-6.069178248971707906e-02,-0.000000000000000000e+00,0.000000000000000000e+00,-0.000000000000000000e+00
-0.000000000000000000e+00,0.000000000000000000e+00,0.000000000000000000e+00,0.000000000000000000e+00,0.000000000000000000e+00,-2.063380220251707364e-01,1.435908403319124393e-01,-0.000000000000000000e+00,-0.000000000000000000e+00,-3.523451805897188649e-01,-9.886430851759122618e-01,4.985424733846505752e-01,0.000000000000000000e+00,-0.000000000000000000e+00,3.870130309433433141e-02,-0.000000000000000000e+00,2.611577234552384663e+00,-0.000000000000000000e+00,-0.000000000000000000e+00,1.552280067593783397e-01,0.000000000000000000e+00,0.000000000000000000e+00,-0.000000000000000000e+00,0.000000000000000000e+00,0.000000000000000000e+00,-0.000000000000000000e+00,0.000000000000000000e+00,0.000000000000000000e+00,0.000000000000000000e+00,-0.000000000000000000e+00,0.000000000000000000e+00,-0.000000000000000000e+00,-0.000000000000000000e+00,5.206211846694224626e-02,-2.119240146576164829e-01,-0.000000000000000000e+00,-0.000000000000000000e+00,0.000000000000000000e+00,0.000000000000000000e+00
-0.000000000000000000e+00,-0.000000000000000000e+00,-0.000000000000000000e+00,-4.130924580290834536e-01,-0.000000000000000000e+00,-0.000000000000000000e+00,-0.000000000000000000e+00,-0.000000000000000000e+00,-0.000000000000000000e+00,0.000000000000000000e+00,-0.000000000000000000e+00,-0.000000000000000000e+00,0.000000000000000000e+00,-0.000000000000000000e+00,9.058287406334297742e-02,-0.000000000000000000e+00,-0.000000000000000000e+00,1.833534410335826870e+00,-4.808169938688847123e-01,-0.000000000000000000e+00,0.000000000000000000e+00,-0.000000000000000000e+00,-0.000000000000000000e+00,-0.000000000000000000e+00,-0.000000000000000000e+00,-7.053999691323732668e-02,-4.847224747495613162e-01,-0.000000000000000000e+00,-1.553322902103695946e-01,-0.000000000000000000e+00,0.000000000000000000e+00,-0.000000000000000000e+00,0.000000000000000000e+00,-0.000000000000000000e+00,-0.000000000000000000e+00,-1.290786559410208034e-01,-0.000000000000000000e+00,-1.422082367035641948e-01,-1.117694180085587047e-01
9.339443569371498610e-02,7.078779532114731765e-02,0.000000000000000000e+00,-6.019493239429516036e-03,0.000000000000000000e+00,-0.000000000000000000e+00,-0.000000000000000000e+00,-0.000000000000000000e+00,0.000000000000000000e+00,1.430316254205466799e-02,-0.000000000000000000e+00,-0.000000000000000000e+00,-0.000000000000000000e+00,0.000000000000000000e+00,1.252986940299249952e-02,6.809776613981204096e-02,-0.000000000000000000e+00,-4.808169938688847123e-01,1.326631543310188732e+00,-0.000000000000000000e+00,0.000000000000000000e+00,-0.000000000000000000e+00,0.000000000000000000e+00,-0.000000000000000000e+00,0.000000000000000000e+00,-0.000000000000000000e+00,-0.000000000000000000e+00,-0.000000000000000000e+00,-0.000000000000000000e+00,0.000000000000000000e+00,-0.000000000000000000e+00,2.014288084229388237e-02,0.000000000000000000e+00,0.000000000000000000e+00,-0.000000000000000000e+00,0.000000000000000000e+00,-0.000000000000000000e+00,-2.896014129446567442e-01,-0.000000000000000000e+00
-0.000000000000000000e+00,-0.000000000000000000e+00,-5.615631934470261682e-02,-1.913176495886663997e-01,-0.000000000000000000e+00,1.150015408030243824e-01,-4.235091389129601036e-01,0.000000000000000000e+00,-0.000000000000000000e+00,0.000000000000000000e+00,1.590565744076909982e-01,-5.331861667856789833e-01,-0.000000000000000000e+00,0.000000000000000000e+00,-0.000000000000000000e+00,0.000000000000000000e+00,1.552280067593783397e-01,-0.000000000000000000e+00,-0.000000000000000000e+00,2.178654416976447017e+00,-0.000000000000000000e+00,-0.000000000000000000e+00,-0.000000000000000000e+00,-0.000000000000000000e+00,-0.000000000000000000e+00,-0.000000000000000000e+00,-0.000000000000000000e+00,-3.327815110054457848e-01,-0.000000000000000000e+00,-0.000000000000000000e+00,-0.000000000000000000e+00,0.000000000000000000e+00,0.000000000000000000e+00,-0.000000000000000000e+00,0.000000000000000000e+00,0.000000000000000000e+00,0.000000000000000000e+00,-0.000000000000000000e+00,-4.541624969895332459e-02
-0.000000000000000000e+00,-0.000000000000000000e+00,-3.858573869471980666e-01,0.000000000000000000e+00,-0.000000000000000000e+00,0.000000000000000000e+00,-0.000000000000000000e+00,7.648288648139067725e-01,-1.447506226804773088e-01,-0.000000000000000000e+00,0.000000000000000000e+00,-0.000000000000000000e+00,-0.000000000000000000e+00,-1.220803991623073681e-01,-3.336206898467447557e-02,-5.074965468133977448e-02,0.000000000000000000e+00,0.000000000000000000e+00,0.000000000000000000e+00,-0.000000000000000000e+00,1.967884875233865793e+00,-0.000000000000000000e+00,-2.259307843389279924e-02,-0.000000000000000000e+00,-7.335917783496646860e-02,-0.000000000000000000e+00,-0.000000000000000000e+00,-3.414563043141913973e-02,-0.000000000000000000e+00,-4.409551302130613332e-03,-7.705909746845177044e-02,-0.000000000000000000e+00,-6.598721629313984705e-02,-0.000000000000000000e+00,0.000000000000000000e+00,-0.000000000000000000e+00,0.000000000000000000e+00,-0.000000000000000000e+00,-0.000000000000000000e+00
-0.000000000000000000e+00,-0.000000000000000000e+00,-0.000000000000000000e+00,-2.576657352976231552e-01,-0.000000000000000000e+00,2.347787693986603252e-01,-5.847159309743859001e-01,0.000000000000000000e+00,-0.000000000000000000e+00,6.284802397596768453e-02,0.000000000000000000e+00,-4.109565837286801582e-01,0.000000000000000000e+00,0.000000000000000000e+00,-0.000000000000000000e+00,0.000000000000000000e+00,0.000000000000000000e+00,-0.000000000000000000e+00,-0.000000000000000000e+00,-0.000000000000000000e+00,-0.000000000000000000e+00,2.118322124060175060e+00,-0.000000000000000000e+00,-1.100233177176027782e-01,-0.000000000000000000e+00,-0.000000000000000000e+00,-1.204818283349419206e-01,-8.205811975229743149e-02,-0.000000000000000000e+00,0.000000000000000000e+00,-0.000000000000000000e+00,0.000000000000000000e+00,0.000000000000000000e+00,-1.422536571940160866e-01,0.000000000000000000e+00,0.000000000000000000e+00,0.000000000000000000e+00,-1.448753084233297961e-02,-0.000000000000000000e+00
-5.487062889922750958e-02,-0.000000000000000000e+00,-0.000000000000000000e+00,0.000000000000000000e+00,-0.000000000000000000e+00,-0.000000000000000000e+00,-0.000000000000000000e+00,0.000000000000000000e+00,-0.000000000000000000e+00,-0.000000000000000000e+00,-0.000000000000000000e+00,-0.000000000000000000e+00,-0.000000000000000000e+00,-3.107320011626699685e-01,0.000000000000000000e+00,-1.951412797072873406e-01,-0.000000000000000000e+00,-0.000000000000000000e+00,0.000000000000000000e+00,-0.000000000000000000e+00,-2.259307843389279924e-02,-0.000000000000000000e+00,1.841548473001785702e+00,-1.647951450148248953e-01,-5.371124139995105962e-01,-5.155503916293630723e-02,-0.000000000000000000e+00,-0.000000000000000000e+00,-1.060308794496120088e-01,-8.050699075618653056e-02,-2.033883125080120369e-01,-0.000000000000000000e+00,-7.924183880783709777e-02,-3.246315697198103034e-02,-0.000000000000000000e+00,0.000000000000000000e+00,-9.070648263138091083e-02,-0.000000000000000000e+00,-0.000000000000000000e+00
-0.000000000000000000e+00,-0.000000000000000000e+00,-1.907152368335403858e-01,-3.447834061764902536e-02,-7.343973840806934661e-02,0.000000000000000000e+00,-2.975508784323038780e-01,0.000000000000000000e+00,-0.000000000000000000e+00,0.000000000000000000e+00,0.000000000000000000e+00,-0.000000000000000000e+00,0.000000000000000000e+00,-0.000000000000000000e+00,-0.000000000000000000e+00,-0.000000000000000000e+00,0.000000000000000000e+00,-0.000000000000000000e+00,-0.000000000000000000e+00,-0.000000000000000000e+00,-0.000000000000000000e+00,-1.100233177176027782e-01,-1.647951450148248953e-01,1.488269364916826598e+00,-2.558062285314253725e-01,-0.000000000000000000e+00,-0.000000000000000000e+00,-0.000000000000000000e+00,-0.000000000000000000e+00,-0.000000000000000000e+00,-0.000000000000000000e+00,-0.000000000000000000e+00,0.000000000000000000e+00,-0.000000000000000000e+00,-0.000000000000000000e+00,0.000000000000000000e+00,0.000000000000000000e+00,-0.000000000000000000e+00,-1.270559109435463463e-01
-0.000000000000000000e+00,-0.000000000000000000e+00,-0.000000000000000000e+00,-0.000000000000000000e+00,-8.204995976497390930e-02,-0.000000000000000000e+00,-0.000000000000000000e+00,0.000000000000000000e+00,-1.001768002921723383e-01,-0.000000000000000000e+00,0.000000000000000000e+00,-0.000000000000000000e+00,0.000000000000000000e+00,-6.848457670744406700e-02,-0.000000000000000000e+00,-6.915538419269978698e-02,0.000000000000000000e+00,-0.000000000000000000e+00,0.000000000000000000e+00,-0.000000000000000000e+00,-7.335917783496646860e-02,-0.000000000000000000e+00,-5.371124139995105962e-01,-2.558062285314253725e-01,1.632000775423993577e+00,-7.900605722355634464e-02,-0.000000000000000000e+00,-0.000000000000000000e+00,-0.000000000000000000e+00,-0.000000000000000000e+00,-1.558020049252099859e-01,-0.000000000000000000e+00,-3.147865019884113491e-02,-6.542426544100245168e-04,-0.000000000000000000e+00,-0.000000000000000000e+00,-0.000000000000000000e+00,0.000000000000000000e+00,-0.000000000000000000e+00
-5.938755949223050168e-01,-0.000000000000000000e+00,-7.483590352560859360e-02,0.000000000000000000e+00,-7.017753896522013757e-02,0.000000000000000000e+00,-0.000000000000000000e+00,1.215284371001087160e-01,-2.308531413906312335e-01,-0.000000000000000000e+00,-0.000000000000000000e+00,-0.000000000000000000e+00,-0.000000000000000000e+00,-6.831486318425918081e-02,-0.000000000000000000e+00,-0.000000000000000000e+00,-0.000000000000000000e+00,-7.053999691323732668e-02,-0.000000000000000000e+00,-0.000000000000000000e+00,-0.000000000000000000e+00,-0.000000000000000000e+00,-5.155503916293630723e-02,-0.000000000000000000e+00,-7.900605722355634464e-02,2.260291234568909235e+00,-1.798889128304007878e-01,-3.513035270033982305e-01,-2.835260497973073890e-01,-0.000000000000000000e+00,-3.515565564127935000e-02,-0.000000000000000000e+00,-1.916784568168933278e-01,-0.000000000000000000e+00,-0.000000000000000000e+00,-0.000000000000000000e+00,-0.000000000000000000e+00,-1.960566151519571032e-01,-3.612124344686082345e-02
-6.873912721552384933e-03,-0.000000000000000000e+00,-0.000000000000000000e+00,-0.000000000000000000e+00,-0.000000000000000000e+00,-0.000000000000000000e+00,-2.031968402325442721e-02,0.000000000000000000e+00,-0.000000000000000000e+00,0.000000000000000000e+00,-0.000000000000000000e+00,-0.000000000000000000e+00,0.000000000000000000e+00,-0.000000000000000000e+00,0.000000000000000000e+00,-0.000000000000000000e+00,0.000000000000000000e+00,-4.847224747495613162e-01,-0.000000000000000000e+00,-0.000000000000000000e+00,-0.000000000000000000e+00,-1.204818283349419206e-01,-0.000000000000000000e+00,-0.000000000000000000e+00,-0.000000000000000000e+00,-1.798889128304007878e-01,1.873204699957588870e+00,-0.000000000000000000e+00,-1.639288363740851462e-01,-0.000000000000000000e+00,-0.000000000000000000e+00,-3.257930250813265149e-02,-0.000000000000000000e+00,-0.000000000000000000e+00,-0.000000000000000000e+00,-0.000000000000000000e+00,-0.000000000000000000e+00,-0.000000000000000000e+00,-7.074645974308063634e-01
-0.000000000000000000e+00,-0.000000000000000000e+00,-3.044391968543545546e-01,-0.000000000000000000e+00,-0.000000000000000000e+00,5.725322395100649470e-02,-0.000000000000000000e+00,0.000000000000000000e+00,-3.261867927581208471e-01,0.000000000000000000e+00,0.000000000000000000e+00,-1.289594014404532585e-01,-8.707212275096139209e-03,-0.000000000000000000e+00,-3.604333084836612855e-01,0.000000000000000000e+00,0.000000000000000000e+00,-0.000000000000000000e+00,-0.000000000000000000e+00,-3.327815110054457848e-01,-3.414563043141913973e-02,-8.205811975229743149e-02,-0.000000000000000000e+00,-0.000000000000000000e+00,-0.000000000000000000e+00,-3.513035270033982305e-01,-0.000000000000000000e+00,2.358696072738912797e+00,-0.000000000000000000e+00,0.000000000000000000e+00,-6.824435043307175430e-02,0.000000000000000000e+00,-4.303720046813193367e-02,-3.576552471779095854e-01,0.000000000000000000e+00,0.000000000000000000e+00,0.000000000000000000e+00,-2.076883587848343815e-01,-0.000000000000000000e+00
-0.000000000000000000e+00,-0.000000000000000000e+00,-0.000000000000000000e+00,-0.000000000000000000e+00,-0.000000000000000000e+00,0.000000000000000000e+00,-0.000000000000000000e+00,0.000000000000000000e+00,-0.000000000000000000e+00,-0.000000000000000000e+00,-0.000000000000000000e+00,-0.000000000000000000e+00,-0.000000000000000000e+00,-0.000000000000000000e+00,0.000000000000000000e+00,0.000000000000000000e+00,0.000000000000000000e+00,-1.553322902103695946e-01,-0.000000000000000000e+00,-0.000000000000000000e+00,-0.000000000000000000e+00,-0.000000000000000000e+00,-1.060308794496120088e-01,-0.000000000000000000e+00,-0.000000000000000000e+00,-2.835260497973073890e-01,-1.639288363740851462e-01,-0.000000000000000000e+00,1.506996146745365639e+00,-0.000000000000000000e+00,-0.000000000000000000e+00,-7.849083608008237956e-02,-0.000000000000000000e+00,-0.000000000000000000e+00,-0.000000000000000000e+00,-0.000000000000000000e+00,-4.631939694391071782e-01,-5.323159400150218046e-02,-7.649058369591872630e-02
-2.015540065283919491e-01,-2.620782747477328201e-01,-0.000000000000000000e+00,0.000000000000000000e+00,-1.917312172301594564e-01,-0.000000000000000000e+00,0.000000000000000000e+00,0.000000000000000000e+00,-0.000000000000000000e+00,-5.676613222919881796e-01,-0.000000000000000000e+00,0.000000000000000000e+00,-0.000000000000000000e+00,-3.096741836211315824e-01,0.000000000000000000e+00,-2.586503536767889577e-01,-0.000000000000000000e+00,-0.000000000000000000e+00,0.000000000000000000e+00,-0.000000000000000000e+00,-4.409551302130613332e-03,0.000000000000000000e+00,-8.050699075618653056e-02,-0.000000000000000000e+00,-0.000000000000000000e+00,-0.000000000000000000e+00,-0.000000000000000000e+00,0.000000000000000000e+00,-0.000000000000000000e+00,2.248650688174986811e+00,-0.000000000000000000e+00,-1.784603878514633146e-01,-0.000000000000000000e+00,-0.000000000000000000e+00,-0.000000000000000000e+00,-2.654518116315591203e-01,-0.000000000000000000e+00,0.000000000000000000e+00,-0.000000000000000000e+00
-0.000000000000000000e+00,-0.000000000000000000e+00,-1.907755419396183968e-02,-0.000000000000000000e+00,-0.000000000000000000e+00,0.000000000000000000e+00,-1.952131415126123542e-03,0.000000000000000000e+00,-0.000000000000000000e+00,0.000000000000000000e+00,0.000000000000000000e+00,-0.000000000000000000e+00,1.632845787501068791e-01,-0.000000000000000000e+00,-0.000000000000000000e+00,-0.000000000000000000e+00,0.000000000000000000e+00,0.000000000000000000e+00,-0.000000000000000000e+00,-0.000000000000000000e+00,-7.705909746845177044e-02,-0.000000000000000000e+00,-2.033883125080120369e-01,-0.000000000000000000e+00,-1.558020049252099859e-01,-3.515565564127935000e-02,-0.000000000000000000e+00,-6.824435043307175430e-02,-0.000000000000000000e+00,-0.000000000000000000e+00,1.310463025562074391e+00,0.000000000000000000e+00,-0.000000000000000000e+00,-1.601097469793839601e-01,0.000000000000000000e+00,0.000000000000000000e+00,0.000000000000000000e+00,-0.000000000000000000e+00,-1.606138647890665849e-01
-2.997581764506510038e-01,-3.492965475874822978e-01,0.000000000000000000e+00,0.000000000000000000e+00,-0.000000000000000000e+00,-0.000000000000000000e+00,0.000000000000000000e+00,0.000000000000000000e+00,-0.000000000000000000e+00,-1.247721288548381963e-01,-0.000000000000000000e+00,0.000000000000000000e+00,-0.000000000000000000e+00,-1.171235249364813331e-02,0.000000000000000000e+00,-0.000000000000000000e+00,-0.000000000000000000e+00,-0.000000000000000000e+00,2.014288084229388237e-02,0.000000000000000000e+00,-0.000000000000000000e+00,0.000000000000000000e+00,-0.000000000000000000e+00,-0.000000000000000000e+00,-0.000000000000000000e+00,-0.000000000000000000e+00,-3.257930250813265149e-02,0.000000000000000000e+00,-7.849083608008237956e-02,-1.784603878514633146e-01,0.000000000000000000e+00,2.015696427448827155e+00,-0.000000000000000000e+00,0.000000000000000000e+00,-2.752629271171744274e-01,-1.092509124295185929e-01,-5.861896400988916289e-01,1.131256525625318060e-01,-0.000000000000000000e+00
-0.000000000000000000e+00,0.000000000000000000e+00,-0.000000000000000000e+00,3.303205380280770931e-01,-0.000000000000000000e+00,-0.000000000000000000e+00,0.000000000000000000e+00,4.504910728623291033e-02,-2.373960291581507509e-01,-0.000000000000000000e+00,-3.443208011205589614e-02,0.000000000000000000e+00,-2.511958973696085118e-01,-3.525636865107745210e-01,-0.000000000000000000e+00,-0.000000000000000000e+00,-0.000000000000000000e+00,0.000000000000000000e+00,0.000000000000000000e+00,0.000000000000000000e+00,-6.598721629313984705e-02,0.000000000000000000e+00,-7.924183880783709777e-02,0.000000000000000000e+00,-3.147865019884113491e-02,-1.916784568168933278e-01,-0.000000000000000000e+00,-4.303720046813193367e-02,-0.000000000000000000e+00,-0.000000000000000000e+00,-0.000000000000000000e+00,-0.000000000000000000e+00,1.516607354690206133e+00,-0.000000000000000000e+00,-0.000000000000000000e+00,0.000000000000000000e+00,-0.000000000000000000e+00,0.000000000000000000e+00,0.000000000000000000e+00
-0.000000000000000000e+00,-0.000000000000000000e+00,-6.039590202929209228e-01,-0.000000000000000000e+00,-3.618344464607446409e-01,1.041582544290880208e-01,-0.000000000000000000e+00,1.842162826451452240e-01,-2.182858084841979296e-01,0.000000000000000000e+00,5.494254290931953333e-02,-7.265390439748917878e-03,-0.000000000000000000e+00,-0.000000000000000000e+00,-6.893849306473925909e-02,-0.000000000000000000e+00,5.206211846694224626e-02,-0.000000000000000000e+00,0.000000000000000000e+00,-0.000000000000000000e+00,-0.000000000000000000e+00,-1.422536571940160866e-01,-3.246315697198103034e-02,-0.000000000000000000e+00,-6.542426544100245168e-04,-0.000000000000000000e+00,-0.000000000000000000e+00,-3.576552471779095854e-01,-0.000000000000000000e+00,-0.000000000000000000e+00,-1.601097469793839601e-01,0.000000000000000000e+00,-0.000000000000000000e+00,2.262957356497625305e+00,0.000000000000000000e+00,0.000000000000000000e+00,0.000000000000000000e+00,-0.000000000000000000e+00,-0.000000000000000000e+00
-0.000000000000000000e+00,-0.000000000000000000e+00,0.000000000000000000e+00,0.000000000000000000e+00,-0.000000000000000000e+00,-4.709182891314439012e-01,0.000000000000000000e+00,-0.000000000000000000e+00,0.000000000000000000e+00,-7.048617238934475060e-02,-1.107513411039821316e-01,0.000000000000000000e+00,-0.000000000000000000e+00,-1.569590403438003712e-01,0.000000000000000000e+00,-0.000000000000000000e+00,-2.119240146576164829e-01,-0.000000000000000000e+00,-0.000000000000000000e+00,0.000000000000000000e+00,0.000000000000000000e+00,0.000000000000000000e+00,-0.000000000000000000e+00,-0.000000000000000000e+00,-0.000000000000000000e+00,-0.000000000000000000e+00,-0.000000000000000000e+00,0.000000000000000000e+00,-0.000000000000000000e+00,-0.000000000000000000e+00,0.000000000000000000e+00,-2.752629271171744274e-01,-0.000000000000000000e+00,0.000000000000000000e+00,1.906564426339449447e+00,-2.428075393235694657e-01,-4.480613677301317765e-01,0.000000000000000000e+00,-0.000000000000000000e+00
-3.835244375697928476e-02,-3.957368288293862668e-01,0.000000000000000000e+00,0.000000000000000000e+00,-0.000000000000000000e+00,-0.000000000000000000e+00,0.000000000000000000e+00,0.000000000000000000e+00,-0.000000000000000000e+00,-1.782898987083049169e-01,-6.009302617271863184e-03,0.000000000000000000e+00,0.000000000000000000e+00,-0.000000000000000000e+00,0.000000000000000000e+00,-6.069178248971707906e-02,-0.000000000000000000e+00,-1.290786559410208034e-01,0.000000000000000000e+00,0.000000000000000000e+00,-0.000000000000000000e+00,0.000000000000000000e+00,0.000000000000000000e+00,0.000000000000000000e+00,-0.000000000000000000e+00,-0.000000000000000000e+00,-0.000000000000000000e+00,0.000000000000000000e+00,-0.000000000000000000e+00,-2.654518116315591203e-01,0.000000000000000000e+00,-1.092509124295185929e-01,0.000000000000000000e+00,0.000000000000000000e+00,-2.428075393235694657e-01,1.614330278228231386e+00,-1.981541260821335221e-02,0.000000000000000000e+00,-0.000000000000000000e+00
-0.000000000000000000e+00,-0.000000000000000000e+00,0.000000000000000000e+00,0.000000000000000000e+00,-0.000000000000000000e+00,-1.242175508508270992e-01,0.000000000000000000e+00,-0.000000000000000000e+00,0.000000000000000000e+00,-0.000000000000000000e+00,-0.000000000000000000e+00,0.000000000000000000e+00,-8.189342335921048766e-02,-0.000000000000000000e+00,1.887400289958414690e-01,-0.000000000000000000e+00,-0.000000000000000000e+00,-0.000000000000000000e+00,-0.000000000000000000e+00,0.000000000000000000e+00,0.000000000000000000e+00,0.000000000000000000e+00,-9.070648263138091083e-02,0.000000000000000000e+00,-0.000000000000000000e+00,-0.000000000000000000e+00,-0.000000000000000000e+00,0.000000000000000000e+00,-4.631939694391071782e-01,-0.000000000000000000e+00,0.000000000000000000e+00,-5.861896400988916289e-01,-0.000000000000000000e+00,0.000000000000000000e+00,-4.480613677301317765e-01,-1.981541260821335221e-02,1.872306815473833819e+00,0.000000000000000000e+00,-0.000000000000000000e+00
-0.000000000000000000e+00,0.000000000000000000e+00,-1.354657704471826374e-01,-7.906378483250857403e-02,-0.000000000000000000e+00,0.000000000000000000e+00,-2.479709398346101878e-01,0.000000000000000000e+00,-0.000000000000000000e+00,0.000000000000000000e+00,0.000000000000000000e+00,-1.607934705115971474e-01,-0.000000000000000000e+00,0.000000000000000000e+00,-0.000000000000000000e+00,0.000000000000000000e+00,0.000000000000000000e+00,-1.422082367035641948e-01,-2.896014129446567442e-01,-0.000000000000000000e+00,-0.000000000000000000e+00,-1.448753084233297961e-02,-0.000000000000000000e+00,-0.000000000000000000e+00,0.000000000000000000e+00,-1.960566151519571032e-01,-0.000000000000000000e+00,-2.076883587848343815e-01,-5.323159400150218046e-02,0.000000000000000000e+00,-0.000000000000000000e+00,1.131256525625318060e-01,0.000000000000000000e+00,-0.000000000000000000e+00,0.000000000000000000e+00,0.000000000000000000e+00,0.000000000000000000e+00,1.784312123167989927e+00,-2.410496388624243369e-01
-1.978909909722618710e-01,-7.093838429732673978e-02,-1.394722353964660821e-01,-1.133273474388453855e-01,-1.944680823034246886e-01,0.000000000000000000e+00,-2.515915565343746496e-01,0.000000000000000000e+00,-0.000000000000000000e+00,0.000000000000000000e+00,0.000000000000000000e+00,-1.768421419259813832e-01,0.000000000000000000e+00,-0.000000000000000000e+00,0.000000000000000000e+00,-0.000000000000000000e+00,0.000000000000000000e+00,-1.117694180085587047e-01,-0.000000000000000000e+00,-4.541624969895332459e-02,-0.000000000000000000e+00,-0.000000000000000000e+00,-0.000000000000000000e+00,-1.270559109435463463e-01,-0.000000000000000000e+00,-3.612124344686082345e-02,-7.074645974308063634e-01,-0.000000000000000000e+00,-7.649058369591872630e-02,-0.000000000000000000e+00,-1.606138647890665849e-01,-0.000000000000000000e+00,0.000000000000000000e+00,-0.000000000000000000e+00,-0.000000000000000000e+00,-0.000000000000000000e+00,-0.000000000000000000e+00,-2.410496388624243369e-01,2.283860751107070985e+00
