1.291073992259091696e+00,-3.014353515186647958e-01,-0.000000000000000000e+00,-0.000000000000000000e+00,-0.000000000000000000e+00,-0.000000000000000000e+00,0.000000000000000000e+00,0.000000000000000000e+00,-0.000000000000000000e+00,-0.000000000000000000e+00,-0.000000000000000000e+00,-0.000000000000000000e+00,-0.000000000000000000e+00,-2.417192727258779105e-03,-0.000000000000000000e+00,-2.872575667757808482e-01,-0.000000000000000000e+00,-0.000000000000000000e+00,-0.000000000000000000e+00,0.000000000000000000e+00,-0.000000000000000000e+00,-0.000000000000000000e+00,-6.597489951380066525e-03,-0.000000000000000000e+00,-1.731198166089700785e-02,-1.121212228312061243e-01,-0.000000000000000000e+00,-0.000000000000000000e+00,-0.000000000000000000e+00,-2.174100355899884485e-01,-0.000000000000000000e+00,-0.000000000000000000e+00,-0.000000000000000000e+00,-0.000000000000000000e+00,-0.000000000000000000e+00,0.000000000000000000e+00,-0.000000000000000000e+00,0.000000000000000000e+00,-0.000000000000000000e+00
-3.014353515186647958e-01,1.952296431940191868e+00,0.000000000000000000e+00,-1.630704909090648080e-01,-0.000000000000000000e+00,-6.328777601253483820e-02,-0.000000000000000000e+00,0.000000000000000000e+00,-0.000000000000000000e+00,-4.379887597255739395e-01,0.000000000000000000e+00,-2.934648374589282280e-02,-0.000000000000000000e+00,-0.000000000000000000e+00,-0.000000000000000000e+00,-0.000000000000000000e+00,-0.000000000000000000e+00,-0.000000000000000000e+00,-0.000000000000000000e+00,0.000000000000000000e+00,-0.000000000000000000e+00,-0.000000000000000000e+00,-0.000000000000000000e+00,-0.000000000000000000e+00,-0.000000000000000000e+00,-0.000000000000000000e+00,-0.000000000000000000e+00,0.000000000000000000e+00,-3.553085224006591880e-01,-0.000000000000000000e+00,0.000000000000000000e+00,-2.520912036176062854e-01,-1.276586693813734075e-01,-0.000000000000000000e+00,-0.000000000000000000e+00,0.000000000000000000e+00,-1.346358860528911461e-01,0.000000000000000000e+00,-0.000000000000000000e+00
-0.000000000000000000e+00,0.000000000000000000e+00,2.096675027828578841e+00,0.000000000000000000e+00,-0.000000000000000000e+00,2.354457867270451921e-01,0.000000000000000000e+00,-0.000000000000000000e+00,-9.425846488683561897e-02,0.000000000000000000e+00,-4.062625586906874475e-01,0.000000000000000000e+00,2.451974119098539739e-01,-0.000000000000000000e+00,0.000000000000000000e+00,-0.000000000000000000e+00,0.000000000000000000e+00,-0.000000000000000000e+00,-8.599905388314425803e-02,-9.919210668855095447e-02,6.230930954075537820e-02,0.000000000000000000e+00,-0.000000000000000000e+00,-0.000000000000000000e+00,-0.000000000000000000e+00,-0.000000000000000000e+00,-0.000000000000000000e+00,-6.208076431764453229e-01,0.000000000000000000e+00,-0.000000000000000000e+00,-1.622206110512039445e-01,0.000000000000000000e+00,0.000000000000000000e+00,-0.000000000000000000e+00,0.000000000000000000e+00,0.000000000000000000e+00,2.420790503534969718e-01,-0.000000000000000000e+00,-0.000000000000000000e+00
-0.000000000000000000e+00,-1.630704909090648080e-01,0.000000000000000000e+00,1.729890938141920964e+00,-1.542476850412839440e-01,-0.000000000000000000e+00,-0.000000000000000000e+00,0.000000000000000000e+00,-0.000000000000000000e+00,-0.000000000000000000e+00,0.000000000000000000e+00,-2.644031364615418433e-01,-0.000000000000000000e+00,-0.000000000000000000e+00,-0.000000000000000000e+00,-0.000000000000000000e+00,-0.000000000000000000e+00,-4.246523231074597060e-01,-0.000000000000000000e+00,1.221822422681538844e-01,-5.642027960982290424e-02,-9.652931749656931681e-02,-0.000000000000000000e+00,-0.000000000000000000e+00,-0.000000000000000000e+00,0.000000000000000000e+00,-0.000000000000000000e+00,0.000000000000000000e+00,-3.815919445369852364e-02,0.000000000000000000e+00,-0.000000000000000000e+00,-0.000000000000000000e+00,-1.714381818879202879e-01,-1.176080378433521090e-01,-0.000000000000000000e+00,-0.000000000000000000e+00,-6.691690807983728673e-02,0.000000000000000000e+00,-0.000000000000000000e+00
-0.000000000000000000e+00,-0.000000000000000000e+00,-0.000000000000000000e+00,-1.542476850412839440e-01,1.914798069707233985e+00,-0.000000000000000000e+00,-0.000000000000000000e+00,9.804716261955229162e-02,-1.605879151774556868e-01,-0.000000000000000000e+00,-0.000000000000000000e+00,-0.000000000000000000e+00,0.000000000000000000e+00,-1.801558605725079310e-01,-0.000000000000000000e+00,-0.000000000000000000e+00,-0.000000000000000000e+00,-2.852236644218597017e-01,-0.000000000000000000e+00,0.000000000000000000e+00,-0.000000000000000000e+00,-0.000000000000000000e+00,-0.000000000000000000e+00,-0.000000000000000000e+00,-0.000000000000000000e+00,-0.000000000000000000e+00,-2.751767311603555213e-02,-0.000000000000000000e+00,-0.000000000000000000e+00,-0.000000000000000000e+00,-9.839855626330303376e-03,-0.000000000000000000e+00,-0.000000000000000000e+00,-8.843739582293448365e-01,-0.000000000000000000e+00,-0.000000000000000000e+00,-0.000000000000000000e+00,-0.000000000000000000e+00,-0.000000000000000000e+00
-0.000000000000000000e+00,-6.328777601253483820e-02,2.354457867270451921e-01,-0.000000000000000000e+00,-0.000000000000000000e+00,2.751929779380017926e+00,-1.433560018135964301e-02,2.554981177227787503e-01,0.000000000000000000e+00,-8.474319841370769879e-02,0.000000000000000000e+00,-2.762139358929364616e-02,-1.818358830169204965e-01,-0.000000000000000000e+00,-0.000000000000000000e+00,-0.000000000000000000e+00,-0.000000000000000000e+00,-0.000000000000000000e+00,0.000000000000000000e+00,3.574203486102198180e-01,-3.876932253544365103e-01,-0.000000000000000000e+00,-0.000000000000000000e+00,0.000000000000000000e+00,-0.000000000000000000e+00,0.000000000000000000e+00,-0.000000000000000000e+00,9.353158718817320208e-03,-3.535010516957727278e-01,0.000000000000000000e+00,0.000000000000000000e+00,-2.873292259343348531e-01,-1.367956300695103052e-02,-0.000000000000000000e+00,-2.407489226609268174e-01,-0.000000000000000000e+00,-3.696349658767477675e-01,0.000000000000000000e+00,-0.000000000000000000e+00
0.000000000000000000e+00,-0.000000000000000000e+00,0.000000000000000000e+00,-0.000000000000000000e+00,-0.000000000000000000e+00,-1.433560018135964301e-02,1.109432844019609066e+00,1.614299882738460534e-01,-0.000000000000000000e+00,-0.000000000000000000e+00,0.000000000000000000e+00,-3.080695406439983280e-03,-1.726706182822635230e-02,-0.000000000000000000e+00,-2.308599428595038347e-02,-0.000000000000000000e+00,-0.000000000000000000e+00,-0.000000000000000000e+00,-0.000000000000000000e+00,0.000000000000000000e+00,-6.709995043822504501e-02,-0.000000000000000000e+00,-0.000000000000000000e+00,-0.000000000000000000e+00,-0.000000000000000000e+00,0.000000000000000000e+00,-0.000000000000000000e+00,-0.000000000000000000e+00,-0.000000000000000000e+00,-0.000000000000000000e+00,-0.000000000000000000e+00,-6.308112193441847704e-02,-0.000000000000000000e+00,-0.000000000000000000e+00,-1.065874050125707601e-01,-0.000000000000000000e+00,-0.000000000000000000e+00,0.000000000000000000e+00,-0.000000000000000000e+00
0.000000000000000000e+00,0.000000000000000000e+00,-0.000000000000000000e+00,0.000000000000000000e+00,9.804716261955229162e-02,2.554981177227787503e-01,1.614299882738460534e-01,1.999784646128996313e+00,0.000000000000000000e+00,0.000000000000000000e+00,-0.000000000000000000e+00,0.000000000000000000e+00,0.000000000000000000e+00,2.574050872642662247e-02,0.000000000000000000e+00,0.000000000000000000e+00,1.015309522414413468e-01,1.262803061472104749e-01,-0.000000000000000000e+00,-2.779669988825786420e-01,3.294640235307950138e-01,0.000000000000000000e+00,3.215959482240778877e-01,0.000000000000000000e+00,2.089457521423274122e-01,-0.000000000000000000e+00,0.000000000000000000e+00,-0.000000000000000000e+00,1.439292018627632008e-01,0.000000000000000000e+00,0.000000000000000000e+00,1.984115707258644890e-02,0.000000000000000000e+00,8.559952639066097796e-03,7.158689662990143365e-02,0.000000000000000000e+00,3.466016586581531760e-03,-0.000000000000000000e+00,0.000000000000000000e+00
-0.000000000000000000e+00,-0.000000000000000000e+00,-9.425846488683561897e-02,-0.000000000000000000e+00,-1.605879151774556868e-01,0.000000000000000000e+00,-0.000000000000000000e+00,0.000000000000000000e+00,1.825614006032701297e+00,-0.000000000000000000e+00,-0.000000000000000000e+00,-0.000000000000000000e+00,0.000000000000000000e+00,-3.412877410779535103e-01,-0.000000000000000000e+00,-4.515946095309662789e-02,-0.000000000000000000e+00,-1.451017092449453927e-01,-1.974801585458156594e-01,0.000000000000000000e+00,-0.000000000000000000e+00,-0.000000000000000000e+00,-3.606939012168778463e-02,-9.410745461205861917e-02,-2.228823380725175884e-01,-0.000000000000000000e+00,-3.677949938991407763e-01,-1.210543207413978216e-02,-0.000000000000000000e+00,-1.034735442189518018e-01,-1.342045072474970513e-01,-0.000000000000000000e+00,-0.000000000000000000e+00,-2.298046846342549632e-01,-0.000000000000000000e+00,-0.000000000000000000e+00,-0.000000000000000000e+00,-0.000000000000000000e+00,-0.000000000000000000e+00
-0.000000000000000000e+00,-4.379887597255739395e-01,0.000000000000000000e+00,-0.000000000000000000e+00,-0.000000000000000000e+00,-8.474319841370769879e-02,-0.000000000000000000e+00,0.000000000000000000e+00,-0.000000000000000000e+00,2.085871047140977375e+00,5.320663694931101161e-03,-1.847249434274720464e-02,-3.895628173389639043e-02,-0.000000000000000000e+00,-0.000000000000000000e+00,-5.220088595750315141e-01,-0.000000000000000000e+00,-0.000000000000000000e+00,-0.000000000000000000e+00,1.422050222727733737e-01,-1.821637965305866746e-01,-0.000000000000000000e+00,-1.924646862725173241e-02,-0.000000000000000000e+00,-9.479086206281364668e-02,0.000000000000000000e+00,-0.000000000000000000e+00,0.000000000000000000e+00,-9.448746532155079259e-02,-0.000000000000000000e+00,0.000000000000000000e+00,-1.111325727604125929e-01,-2.238370362234195776e-01,-0.000000000000000000e+00,-0.000000000000000000e+00,-0.000000000000000000e+00,-1.015340936061194660e-01,0.000000000000000000e+00,-0.000000000000000000e+00
-0.000000000000000000e+00,0.000000000000000000e+00,-4.062625586906874475e-01,0.000000000000000000e+00,-0.000000000000000000e+00,0.000000000000000000e+00,0.000000000000000000e+00,-0.000000000000000000e+00,-0.000000000000000000e+00,5.320663694931101161e-03,2.115464524106414057e+00,0.000000000000000000e+00,3.151500304805309738e-01,-0.000000000000000000e+00,0.000000000000000000e+00,0.000000000000000000e+00,-0.000000000000000000e+00,0.000000000000000000e+00,-0.000000000000000000e+00,-2.756611072275093055e-01,2.709943811176921957e-01,0.000000000000000000e+00,0.000000000000000000e+00,-0.000000000000000000e+00,0.000000000000000000e+00,-3.557695887994528627e-01,-0.000000000000000000e+00,-3.916658604756419471e-01,0.000000000000000000e+00,-0.000000000000000000e+00,-0.000000000000000000e+00,0.000000000000000000e+00,0.000000000000000000e+00,-0.000000000000000000e+00,0.000000000000000000e+00,0.000000000000000000e+00,0.000000000000000000e+00,-2.782825217483579916e-01,-0.000000000000000000e+00
-0.000000000000000000e+00,-2.934648374589282280e-02,0.000000000000000000e+00,-2.644031364615418433e-01,-0.000000000000000000e+00,-2.762139358929364616e-02,-3.080695406439983280e-03,0.000000000000000000e+00,-0.000000000000000000e+00,-1.847249434274720464e-02,0.000000000000000000e+00,2.460749281583802794e+00,-0.000000000000000000e+00,-0.000000000000000000e+00,-5.057626474638490244e-01,-0.000000000000000000e+00,-0.000000000000000000e+00,-0.000000000000000000e+00,-0.000000000000000000e+00,2.045094975164697682e-01,-1.860398305831135746e-01,-1.837598131431891213e-01,-5.388177693736208307e-02,-0.000000000000000000e+00,-0.000000000000000000e+00,0.000000000000000000e+00,-0.000000000000000000e+00,0.000000000000000000e+00,-1.294274436763538649e-01,-0.000000000000000000e+00,-0.000000000000000000e+00,-1.988850801288857550e-01,-5.979498067977814246e-01,-2.359198345055135357e-02,-0.000000000000000000e+00,-0.000000000000000000e+00,-1.824200177424826208e-01,0.000000000000000000e+00,-0.000000000000000000e+00
-0.000000000000000000e+00,-0.000000000000000000e+00,2.451974119098539739e-01,-0.000000000000000000e+00,0.000000000000000000e+00,-1.818358830169204965e-01,-1.726706182822635230e-02,0.000000000000000000e+00,0.000000000000000000e+00,-3.895628173389639043e-02,3.151500304805309738e-01,-0.000000000000000000e+00,1.837625059753590140e+00,0.000000000000000000e+00,-0.000000000000000000e+00,-0.000000000000000000e+00,-0.000000000000000000e+00,-0.000000000000000000e+00,0.000000000000000000e+00,1.066705513579162962e-01,-1.767065818059265769e-01,-0.000000000000000000e+00,-0.000000000000000000e+00,0.000000000000000000e+00,-0.000000000000000000e+00,0.000000000000000000e+00,0.000000000000000000e+00,1.515034991968194356e-01,-9.729522258404985080e-02,0.000000000000000000e+00,0.000000000000000000e+00,-0.000000000000000000e+00,-1.089054686256426263e-01,0.000000000000000000e+00,-8.307847434670137532e-02,-0.000000000000000000e+00,-1.582848522590172280e-01,0.000000000000000000e+00,0.000000000000000000e+00
-2.417192727258779105e-03,-0.000000000000000000e+00,-0.000000000000000000e+00,-0.000000000000000000e+00,-1.801558605725079310e-01,-0.000000000000000000e+00,-0.000000000000000000e+00,2.574050872642662247e-02,-3.412877410779535103e-01,-0.000000000000000000e+00,-0.000000000000000000e+00,-0.000000000000000000e+00,0.000000000000000000e+00,1.631165661156201541e+00,-0.000000000000000000e+00,-4.121818128498297429e-02,-1.027787993790754556e-01,-1.118044189735441576e-02,-0.000000000000000000e+00,0.000000000000000000e+00,-0.000000000000000000e+00,-0.000000000000000000e+00,-1.563252683916516450e-01,-3.803803278389193410e-01,-1.862140811172381394e-01,-0.000000000000000000e+00,-2.108224362210886146e-02,-0.000000000000000000e+00,-0.000000000000000000e+00,-9.473804644493355465e-02,-0.000000000000000000e+00,-0.000000000000000000e+00,-0.000000000000000000e+00,-1.343209179515074403e-01,-0.000000000000000000e+00,-0.000000000000000000e+00,-0.000000000000000000e+00,-0.000000000000000000e+00,-0.000000000000000000e+00
-0.000000000000000000e+00,-0.000000000000000000e+00,0.000000000000000000e+00,-0.000000000000000000e+00,-0.000000000000000000e+00,-0.000000000000000000e+00,-2.308599428595038347e-02,0.000000000000000000e+00,-0.000000000000000000e+00,-0.000000000000000000e+00,0.000000000000000000e+00,-5.057626474638490244e-01,-0.000000000000000000e+00,-0.000000000000000000e+00,1.483478304132660242e+00,-0.000000000000000000e+00,-0.000000000000000000e+00,-0.000000000000000000e+00,-0.000000000000000000e+00,0.000000000000000000e+00,-0.000000000000000000e+00,-8.206701037742970828e-02,-0.000000000000000000e+00,-0.000000000000000000e+00,-0.000000000000000000e+00,0.000000000000000000e+00,-0.000000000000000000e+00,0.000000000000000000e+00,-0.000000000000000000e+00,-0.000000000000000000e+00,-0.000000000000000000e+00,-6.996631837099322182e-02,-2.649735044354926683e-01,-0.000000000000000000e+00,-7.351796804715721168e-02,-0.000000000000000000e+00,-0.000000000000000000e+00,-0.000000000000000000e+00,-4.816524945483858372e-02
-2.872575667757808482e-01,-0.000000000000000000e+00,-0.000000000000000000e+00,-0.000000000000000000e+00,-0.000000000000000000e+00,-0.000000000000000000e+00,-0.000000000000000000e+00,0.000000000000000000e+00,-4.515946095309662789e-02,-5.220088595750315141e-01,0.000000000000000000e+00,-0.000000000000000000e+00,-0.000000000000000000e+00,-4.121818128498297429e-02,-0.000000000000000000e+00,1.781497380277817344e+00,-0.000000000000000000e+00,-2.651478640549631005e-01,-1.825228210139641927e-01,0.000000000000000000e+00,-0.000000000000000000e+00,-0.000000000000000000e+00,-2.190278803493417026e-01,-0.000000000000000000e+00,-1.005281830536629145e-01,-0.000000000000000000e+00,-0.000000000000000000e+00,-0.000000000000000000e+00,-0.000000000000000000e+00,-2.668555016716644412e-01,-0.000000000000000000e+00,-0.000000000000000000e+00,-0.000000000000000000e+00,-0.000000000000000000e+00,-0.000000000000000000e+00,-0.000000000000000000e+00,-0.000000000000000000e+00,0.000000000000000000e+00,-0.000000000000000000e+00
-0.000000000000000000e+00,-0.000000000000000000e+00,0.000000000000000000e+00,-0.000000000000000000e+00,-0.000000000000000000e+00,-0.000000000000000000e+00,-0.000000000000000000e+00,1.015309522414413468e-01,-0.000000000000000000e+00,-0.000000000000000000e+00,-0.000000000000000000e+00,-0.000000000000000000e+00,-0.000000000000000000e+00,-1.027787993790754556e-01,-0.000000000000000000e+00,-0.000000000000000000e+00,1.176308016519746813e+00,-0.000000000000000000e+00,0.000000000000000000e+00,0.000000000000000000e+00,-0.000000000000000000e+00,-0.000000000000000000e+00,-9.463686154389193417e-02,-0.000000000000000000e+00,-2.055067523821479392e-01,-2.619524421473545112e-03,-0.000000000000000000e+00,0.000000000000000000e+00,-6.972278486007149612e-02,-0.000000000000000000e+00,-6.700574465927670517e-03,-5.262782226347458708e-02,-0.000000000000000000e+00,-0.000000000000000000e+00,-0.000000000000000000e+00,-0.000000000000000000e+00,-0.000000000000000000e+00,-0.000000000000000000e+00,0.000000000000000000e+00
-0.000000000000000000e+00,-0.000000000000000000e+00,-0.000000000000000000e+00,-4.246523231074597060e-01,-2.852236644218597017e-01,-0.000000000000000000e+00,-0.000000000000000000e+00,1.262803061472104749e-01,-1.451017092449453927e-01,-0.000000000000000000e+00,0.000000000000000000e+00,-0.000000000000000000e+00,-0.000000000000000000e+00,-1.118044189735441576e-02,-0.000000000000000000e+00,-2.651478640549631005e-01,-0.000000000000000000e+00,1.673549742366622572e+00,-1.694531517911244123e-01,0.000000000000000000e+00,-0.000000000000000000e+00,-0.000000000000000000e+00,-0.000000000000000000e+00,-0.000000000000000000e+00,-1.810775867577574250e-01,-0.000000000000000000e+00,-3.700931125864801580e-02,-0.000000000000000000e+00,-0.000000000000000000e+00,-0.000000000000000000e+00,-0.000000000000000000e+00,-0.000000000000000000e+00,-0.000000000000000000e+00,-3.594717133056456572e-04,-0.000000000000000000e+00,-0.000000000000000000e+00,-0.000000000000000000e+00,0.000000000000000000e+00,-0.000000000000000000e+00
-0.000000000000000000e+00,-0.000000000000000000e+00,-8.599905388314425803e-02,-0.000000000000000000e+00,-0.000000000000000000e+00,0.000000000000000000e+00,-0.000000000000000000e+00,-0.000000000000000000e+00,-1.974801585458156594e-01,-0.000000000000000000e+00,-0.000000000000000000e+00,-0.000000000000000000e+00,0.000000000000000000e+00,-0.000000000000000000e+00,-0.000000000000000000e+00,-1.825228210139641927e-01,0.000000000000000000e+00,-1.694531517911244123e-01,1.239844819986941404e+00,-0.000000000000000000e+00,0.000000000000000000e+00,-6.523133862023490492e-02,-0.000000000000000000e+00,-0.000000000000000000e+00,-0.000000000000000000e+00,-0.000000000000000000e+00,-1.677559129728596610e-01,-8.056029074819427704e-02,0.000000000000000000e+00,-0.000000000000000000e+00,-0.000000000000000000e+00,-0.000000000000000000e+00,-0.000000000000000000e+00,-0.000000000000000000e+00,0.000000000000000000e+00,0.000000000000000000e+00,0.000000000000000000e+00,-0.000000000000000000e+00,-0.000000000000000000e+00
0.000000000000000000e+00,0.000000000000000000e+00,-9.919210668855095447e-02,1.221822422681538844e-01,0.000000000000000000e+00,3.574203486102198180e-01,0.000000000000000000e+00,-2.779669988825786420e-01,0.000000000000000000e+00,1.422050222727733737e-01,-2.756611072275093055e-01,2.045094975164697682e-01,1.066705513579162962e-01,0.000000000000000000e+00,0.000000000000000000e+00,0.000000000000000000e+00,0.000000000000000000e+00,0.000000000000000000e+00,-0.000000000000000000e+00,2.664863493820941009e+00,4.903742551739081468e-01,0.000000000000000000e+00,0.000000000000000000e+00,-0.000000000000000000e+00,0.000000000000000000e+00,-0.000000000000000000e+00,0.000000000000000000e+00,-4.051375893525995669e-02,2.065737974452004355e-01,0.000000000000000000e+00,-0.000000000000000000e+00,4.917540646756106415e-02,1.259392633055927413e-01,0.000000000000000000e+00,0.000000000000000000e+00,0.000000000000000000e+00,2.978090504637751490e-01,-0.000000000000000000e+00,0.000000000000000000e+00
-0.000000000000000000e+00,-0.000000000000000000e+00,6.230930954075537820e-02,-5.642027960982290424e-02,-0.000000000000000000e+00,-3.876932253544365103e-01,-6.709995043822504501e-02,3.294640235307950138e-01,-0.000000000000000000e+00,-1.821637965305866746e-01,2.709943811176921957e-01,-1.860398305831135746e-01,-1.767065818059265769e-01,-0.000000000000000000e+00,-0.000000000000000000e+00,-0.000000000000000000e+00,-0.000000000000000000e+00,-0.000000000000000000e+00,0.000000000000000000e+00,4.903742551739081468e-01,2.825275093401717008e+00,-0.000000000000000000e+00,-0.000000000000000000e+00,-0.000000000000000000e+00,-0.000000000000000000e+00,0.000000000000000000e+00,-0.000000000000000000e+00,0.000000000000000000e+00,-2.557664819117073107e-01,-0.000000000000000000e+00,0.000000000000000000e+00,-1.030625591890052678e-01,-1.195744868003813383e-01,-0.000000000000000000e+00,-7.821573954379680560e-02,-0.000000000000000000e+00,-2.811176626290258773e-01,0.000000000000000000e+00,-0.000000000000000000e+00
-0.000000000000000000e+00,-0.000000000000000000e+00,0.000000000000000000e+00,-9.652931749656931681e-02,-0.000000000000000000e+00,-0.000000000000000000e+00,-0.000000000000000000e+00,0.000000000000000000e+00,-0.000000000000000000e+00,-0.000000000000000000e+00,0.000000000000000000e+00,-1.837598131431891213e-01,-0.000000000000000000e+00,-0.000000000000000000e+00,-8.206701037742970828e-02,-0.000000000000000000e+00,-0.000000000000000000e+00,-0.000000000000000000e+00,-6.523133862023490492e-02,0.000000000000000000e+00,-0.000000000000000000e+00,1.246063326819485173e+00,-0.000000000000000000e+00,-0.000000000000000000e+00,-0.000000000000000000e+00,-0.000000000000000000e+00,-0.000000000000000000e+00,0.000000000000000000e+00,-0.000000000000000000e+00,-0.000000000000000000e+00,0.000000000000000000e+00,-0.000000000000000000e+00,-2.710800058585197680e-01,-0.000000000000000000e+00,-0.000000000000000000e+00,-0.000000000000000000e+00,-0.000000000000000000e+00,0.000000000000000000e+00,-6.719985074337075925e-02
-6.597489951380066525e-03,-0.000000000000000000e+00,-0.000000000000000000e+00,-0.000000000000000000e+00,-0.000000000000000000e+00,-0.000000000000000000e+00,-0.000000000000000000e+00,3.215959482240778877e-01,-3.606939012168778463e-02,-1.924646862725173241e-02,0.000000000000000000e+00,-5.388177693736208307e-02,-0.000000000000000000e+00,-1.563252683916516450e-01,-0.000000000000000000e+00,-2.190278803493417026e-01,-9.463686154389193417e-02,-0.000000000000000000e+00,-0.000000000000000000e+00,0.000000000000000000e+00,-0.000000000000000000e+00,-0.000000000000000000e+00,1.787171853851643011e+00,-0.000000000000000000e+00,-6.865474827445640083e-01,-0.000000000000000000e+00,-0.000000000000000000e+00,-0.000000000000000000e+00,-0.000000000000000000e+00,-0.000000000000000000e+00,-0.000000000000000000e+00,-0.000000000000000000e+00,-4.407051358157848542e-02,-0.000000000000000000e+00,-0.000000000000000000e+00,-3.919293530303165872e-03,-0.000000000000000000e+00,0.000000000000000000e+00,-0.000000000000000000e+00
-0.000000000000000000e+00,-0.000000000000000000e+00,-0.000000000000000000e+00,-0.000000000000000000e+00,-0.000000000000000000e+00,0.000000000000000000e+00,-0.000000000000000000e+00,0.000000000000000000e+00,-9.410745461205861917e-02,-0.000000000000000000e+00,-0.000000000000000000e+00,-0.000000000000000000e+00,0.000000000000000000e+00,-3.803803278389193410e-01,-0.000000000000000000e+00,-0.000000000000000000e+00,-0.000000000000000000e+00,-0.000000000000000000e+00,-0.000000000000000000e+00,-0.000000000000000000e+00,-0.000000000000000000e+00,-0.000000000000000000e+00,-0.000000000000000000e+00,1.170082673736909440e+00,-0.000000000000000000e+00,-0.000000000000000000e+00,-2.023898228576958419e-02,-5.234281237402854670e-02,-0.000000000000000000e+00,-0.000000000000000000e+00,-0.000000000000000000e+00,-0.000000000000000000e+00,-0.000000000000000000e+00,-0.000000000000000000e+00,0.000000000000000000e+00,0.000000000000000000e+00,0.000000000000000000e+00,-0.000000000000000000e+00,-0.000000000000000000e+00
-1.731198166089700785e-02,-0.000000000000000000e+00,-0.000000000000000000e+00,-0.000000000000000000e+00,-0.000000000000000000e+00,-0.000000000000000000e+00,-0.000000000000000000e+00,2.089457521423274122e-01,-2.228823380725175884e-01,-9.479086206281364668e-02,0.000000000000000000e+00,-0.000000000000000000e+00,-0.000000000000000000e+00,-1.862140811172381394e-01,-0.000000000000000000e+00,-1.005281830536629145e-01,-2.055067523821479392e-01,-1.810775867577574250e-01,-0.000000000000000000e+00,0.000000000000000000e+00,-0.000000000000000000e+00,-0.000000000000000000e+00,-6.865474827445640083e-01,-0.000000000000000000e+00,1.904451301685381459e+00,-0.000000000000000000e+00,-6.258674657812914044e-02,-0.000000000000000000e+00,-0.000000000000000000e+00,-0.000000000000000000e+00,-0.000000000000000000e+00,-0.000000000000000000e+00,-0.000000000000000000e+00,-0.000000000000000000e+00,-0.000000000000000000e+00,-0.000000000000000000e+00,-0.000000000000000000e+00,0.000000000000000000e+00,-0.000000000000000000e+00
-1.121212228312061243e-01,-0.000000000000000000e+00,-0.000000000000000000e+00,0.000000000000000000e+00,-0.000000000000000000e+00,0.000000000000000000e+00,0.000000000000000000e+00,-0.000000000000000000e+00,-0.000000000000000000e+00,0.000000000000000000e+00,-3.557695887994528627e-01,0.000000000000000000e+00,0.000000000000000000e+00,-0.000000000000000000e+00,0.000000000000000000e+00,-0.000000000000000000e+00,-2.619524421473545112e-03,-0.000000000000000000e+00,-0.000000000000000000e+00,-0.000000000000000000e+00,0.000000000000000000e+00,-0.000000000000000000e+00,-0.000000000000000000e+00,-0.000000000000000000e+00,-0.000000000000000000e+00,1.501430615308785965e+00,-3.227012808818344181e-01,-7.818343019367789137e-02,-0.000000000000000000e+00,0.000000000000000000e+00,-0.000000000000000000e+00,-0.000000000000000000e+00,0.000000000000000000e+00,-0.000000000000000000e+00,0.000000000000000000e+00,0.000000000000000000e+00,0.000000000000000000e+00,-4.833381356529441453e-01,-0.000000000000000000e+00
-0.000000000000000000e+00,-0.000000000000000000e+00,-0.000000000000000000e+00,-0.000000000000000000e+00,-2.751767311603555213e-02,-0.000000000000000000e+00,-0.000000000000000000e+00,0.000000000000000000e+00,-3.677949938991407763e-01,-0.000000000000000000e+00,-0.000000000000000000e+00,-0.000000000000000000e+00,0.000000000000000000e+00,-2.108224362210886146e-02,-0.000000000000000000e+00,-0.000000000000000000e+00,-0.000000000000000000e+00,-3.700931125864801580e-02,-1.677559129728596610e-01,0.000000000000000000e+00,-0.000000000000000000e+00,-0.000000000000000000e+00,-0.000000000000000000e+00,-2.023898228576958419e-02,-6.258674657812914044e-02,-3.227012808818344181e-01,1.534232350086419894e+00,-6.513218218054388220e-02,-0.000000000000000000e+00,-0.000000000000000000e+00,-0.000000000000000000e+00,-0.000000000000000000e+00,-0.000000000000000000e+00,-1.122298086883325441e-01,-0.000000000000000000e+00,0.000000000000000000e+00,-0.000000000000000000e+00,-0.000000000000000000e+00,-3.521499072137490582e-01
-0.000000000000000000e+00,0.000000000000000000e+00,-6.208076431764453229e-01,0.000000000000000000e+00,-0.000000000000000000e+00,9.353158718817320208e-03,-0.000000000000000000e+00,-0.000000000000000000e+00,-1.210543207413978216e-02,0.000000000000000000e+00,-3.916658604756419471e-01,0.000000000000000000e+00,1.515034991968194356e-01,-0.000000000000000000e+00,0.000000000000000000e+00,-0.000000000000000000e+00,0.000000000000000000e+00,-0.000000000000000000e+00,-8.056029074819427704e-02,-4.051375893525995669e-02,0.000000000000000000e+00,0.000000000000000000e+00,-0.000000000000000000e+00,-5.234281237402854670e-02,-0.000000000000000000e+00,-7.818343019367789137e-02,-6.513218218054388220e-02,1.828174627630346993e+00,0.000000000000000000e+00,-0.000000000000000000e+00,-3.397234525597572219e-01,0.000000000000000000e+00,0.000000000000000000e+00,-0.000000000000000000e+00,0.000000000000000000e+00,0.000000000000000000e+00,0.000000000000000000e+00,-8.244261929805572070e-03,-0.000000000000000000e+00
-0.000000000000000000e+00,-3.553085224006591880e-01,0.000000000000000000e+00,-3.815919445369852364e-02,-0.000000000000000000e+00,-3.535010516957727278e-01,-0.000000000000000000e+00,1.439292018627632008e-01,-0.000000000000000000e+00,-9.448746532155079259e-02,0.000000000000000000e+00,-1.294274436763538649e-01,-9.729522258404985080e-02,-0.000000000000000000e+00,-0.000000000000000000e+00,-0.000000000000000000e+00,-6.972278486007149612e-02,-0.000000000000000000e+00,0.000000000000000000e+00,2.065737974452004355e-01,-2.557664819117073107e-01,-0.000000000000000000e+00,-0.000000000000000000e+00,-0.000000000000000000e+00,-0.000000000000000000e+00,-0.000000000000000000e+00,-0.000000000000000000e+00,0.000000000000000000e+00,2.779411593125661106e+00,-0.000000000000000000e+00,-0.000000000000000000e+00,-3.952034741388658623e-01,-2.956380414632555631e-01,-0.000000000000000000e+00,-1.516388437181825644e-01,-0.000000000000000000e+00,-3.394231625594956170e-01,0.000000000000000000e+00,-0.000000000000000000e+00
-2.174100355899884485e-01,-0.000000000000000000e+00,-0.000000000000000000e+00,0.000000000000000000e+00,-0.000000000000000000e+00,0.000000000000000000e+00,-0.000000000000000000e+00,0.000000000000000000e+00,-1.034735442189518018e-01,-0.000000000000000000e+00,-0.000000000000000000e+00,-0.000000000000000000e+00,0.000000000000000000e+00,-9.473804644493355465e-02,-0.000000000000000000e+00,-2.668555016716644412e-01,-0.000000000000000000e+00,-0.000000000000000000e+00,-0.000000000000000000e+00,0.000000000000000000e+00,-0.000000000000000000e+00,-0.000000000000000000e+00,-0.000000000000000000e+00,-0.000000000000000000e+00,-0.000000000000000000e+00,0.000000000000000000e+00,-0.000000000000000000e+00,-0.000000000000000000e+00,-0.000000000000000000e+00,1.198546833945905554e+00,-0.000000000000000000e+00,-0.000000000000000000e+00,-0.000000000000000000e+00,-0.000000000000000000e+00,-0.000000000000000000e+00,-0.000000000000000000e+00,0.000000000000000000e+00,0.000000000000000000e+00,0.000000000000000000e+00
-0.000000000000000000e+00,0.000000000000000000e+00,-1.622206110512039445e-01,-0.000000000000000000e+00,-9.839855626330303376e-03,0.000000000000000000e+00,-0.000000000000000000e+00,0.000000000000000000e+00,-1.342045072474970513e-01,0.000000000000000000e+00,-0.000000000000000000e+00,-0.000000000000000000e+00,0.000000000000000000e+00,-0.000000000000000000e+00,-0.000000000000000000e+00,-0.000000000000000000e+00,-6.700574465927670517e-03,-0.000000000000000000e+00,-0.000000000000000000e+00,-0.000000000000000000e+00,0.000000000000000000e+00,0.000000000000000000e+00,-0.000000000000000000e+00,-0.000000000000000000e+00,-0.000000000000000000e+00,-0.000000000000000000e+00,-0.000000000000000000e+00,-3.397234525597572219e-01,-0.000000000000000000e+00,-0.000000000000000000e+00,1.303836958685286707e+00,-0.000000000000000000e+00,-0.000000000000000000e+00,-3.070363519895402127e-01,-0.000000000000000000e+00,-0.000000000000000000e+00,0.000000000000000000e+00,-0.000000000000000000e+00,-0.000000000000000000e+00
-0.000000000000000000e+00,-2.520912036176062854e-01,0.000000000000000000e+00,-0.000000000000000000e+00,-0.000000000000000000e+00,-2.873292259343348531e-01,-6.308112193441847704e-02,1.984115707258644890e-02,-0.000000000000000000e+00,-1.111325727604125929e-01,0.000000000000000000e+00,-1.988850801288857550e-01,-0.000000000000000000e+00,-0.000000000000000000e+00,-6.996631837099322182e-02,-0.000000000000000000e+00,-5.262782226347458708e-02,-0.000000000000000000e+00,-0.000000000000000000e+00,4.917540646756106415e-02,-1.030625591890052678e-01,-0.000000000000000000e+00,-0.000000000000000000e+00,-0.000000000000000000e+00,-0.000000000000000000e+00,-0.000000000000000000e+00,-0.000000000000000000e+00,0.000000000000000000e+00,-3.952034741388658623e-01,-0.000000000000000000e+00,-0.000000000000000000e+00,2.344392625046153089e+00,-1.970579699190903034e-01,-0.000000000000000000e+00,-7.701531076215580029e-02,-0.000000000000000000e+00,-4.118612146856345801e-01,-0.000000000000000000e+00,-1.297886530405398808e-01
-0.000000000000000000e+00,-1.276586693813734075e-01,0.000000000000000000e+00,-1.714381818879202879e-01,-0.000000000000000000e+00,-1.367956300695103052e-02,-0.000000000000000000e+00,0.000000000000000000e+00,-0.000000000000000000e+00,-2.238370362234195776e-01,0.000000000000000000e+00,-5.979498067977814246e-01,-1.089054686256426263e-01,-0.000000000000000000e+00,-2.649735044354926683e-01,-0.000000000000000000e+00,-0.000000000000000000e+00,-0.000000000000000000e+00,-0.000000000000000000e+00,1.259392633055927413e-01,-1.195744868003813383e-01,-2.710800058585197680e-01,-4.407051358157848542e-02,-0.000000000000000000e+00,-0.000000000000000000e+00,0.000000000000000000e+00,-0.000000000000000000e+00,0.000000000000000000e+00,-2.956380414632555631e-01,-0.000000000000000000e+00,-0.000000000000000000e+00,-1.970579699190903034e-01,2.548195542561550564e+00,-0.000000000000000000e+00,-2.609679979790499593e-02,-0.000000000000000000e+00,-1.728522300240580289e-01,0.000000000000000000e+00,-0.000000000000000000e+00
-0.000000000000000000e+00,-0.000000000000000000e+00,-0.000000000000000000e+00,-1.176080378433521090e-01,-8.843739582293448365e-01,-0.000000000000000000e+00,-0.000000000000000000e+00,8.559952639066097796e-03,-2.298046846342549632e-01,-0.000000000000000000e+00,-0.000000000000000000e+00,-2.359198345055135357e-02,0.000000000000000000e+00,-1.343209179515074403e-01,-0.000000000000000000e+00,-0.000000000000000000e+00,-0.000000000000000000e+00,-3.594717133056456572e-04,-0.000000000000000000e+00,0.000000000000000000e+00,-0.000000000000000000e+00,-0.000000000000000000e+00,-0.000000000000000000e+00,-0.000000000000000000e+00,-0.000000000000000000e+00,-0.000000000000000000e+00,-1.122298086883325441e-01,-0.000000000000000000e+00,-0.000000000000000000e+00,-0.000000000000000000e+00,-3.070363519895402127e-01,-0.000000000000000000e+00,-0.000000000000000000e+00,1.918186470685890654e+00,-0.000000000000000000e+00,-0.000000000000000000e+00,-0.000000000000000000e+00,-0.000000000000000000e+00,-1.286099419109520969e-01
-0.000000000000000000e+00,-0.000000000000000000e+00,0.000000000000000000e+00,-0.000000000000000000e+00,-0.000000000000000000e+00,-2.407489226609268174e-01,-1.065874050125707601e-01,7.158689662990143365e-02,-0.000000000000000000e+00,-0.000000000000000000e+00,0.000000000000000000e+00,-0.000000000000000000e+00,-8.307847434670137532e-02,-0.000000000000000000e+00,-7.351796804715721168e-02,-0.000000000000000000e+00,-0.000000000000000000e+00,-0.000000000000000000e+00,0.000000000000000000e+00,0.000000000000000000e+00,-7.821573954379680560e-02,-0.000000000000000000e+00,-0.000000000000000000e+00,0.000000000000000000e+00,-0.000000000000000000e+00,0.000000000000000000e+00,-0.000000000000000000e+00,0.000000000000000000e+00,-1.516388437181825644e-01,-0.000000000000000000e+00,-0.000000000000000000e+00,-7.701531076215580029e-02,-2.609679979790499593e-02,-0.000000000000000000e+00,1.553245966520873766e+00,-0.000000000000000000e+00,-3.048352400322008604e-01,0.000000000000000000e+00,-0.000000000000000000e+00
0.000000000000000000e+00,0.000000000000000000e+00,0.000000000000000000e+00,-0.000000000000000000e+00,-0.000000000000000000e+00,-0.000000000000000000e+00,-0.000000000000000000e+00,0.000000000000000000e+00,-0.000000000000000000e+00,-0.000000000000000000e+00,0.000000000000000000e+00,-0.000000000000000000e+00,-0.000000000000000000e+00,-0.000000000000000000e+00,-0.000000000000000000e+00,-0.000000000000000000e+00,-0.000000000000000000e+00,-0.000000000000000000e+00,0.000000000000000000e+00,0.000000000000000000e+00,-0.000000000000000000e+00,-0.000000000000000000e+00,-3.919293530303165872e-03,0.000000000000000000e+00,-0.000000000000000000e+00,0.000000000000000000e+00,0.000000000000000000e+00,0.000000000000000000e+00,-0.000000000000000000e+00,-0.000000000000000000e+00,-0.000000000000000000e+00,-0.000000000000000000e+00,-0.000000000000000000e+00,-0.000000000000000000e+00,-0.000000000000000000e+00,1.000015360625827299e+00,-0.000000000000000000e+00,0.000000000000000000e+00,-0.000000000000000000e+00
-0.000000000000000000e+00,-1.346358860528911461e-01,2.420790503534969718e-01,-6.691690807983728673e-02,-0.000000000000000000e+00,-3.696349658767477675e-01,-0.000000000000000000e+00,3.466016586581531760e-03,-0.000000000000000000e+00,-1.015340936061194660e-01,0.000000000000000000e+00,-1.824200177424826208e-01,-1.582848522590172280e-01,-0.000000000000000000e+00,-0.000000000000000000e+00,-0.000000000000000000e+00,-0.000000000000000000e+00,-0.000000000000000000e+00,0.000000000000000000e+00,2.978090504637751490e-01,-2.811176626290258773e-01,-0.000000000000000000e+00,-0.000000000000000000e+00,0.000000000000000000e+00,-0.000000000000000000e+00,0.000000000000000000e+00,-0.000000000000000000e+00,0.000000000000000000e+00,-3.394231625594956170e-01,0.000000000000000000e+00,0.000000000000000000e+00,-4.118612146856345801e-01,-1.728522300240580289e-01,-0.000000000000000000e+00,-3.048352400322008604e-01,-0.000000000000000000e+00,2.871997748007427465e+00,0.000000000000000000e+00,-0.000000000000000000e+00
0.000000000000000000e+00,0.000000000000000000e+00,-0.000000000000000000e+00,0.000000000000000000e+00,-0.000000000000000000e+00,0.000000000000000000e+00,0.000000000000000000e+00,-0.000000000000000000e+00,-0.000000000000000000e+00,0.000000000000000000e+00,-2.782825217483579916e-01,0.000000000000000000e+00,0.000000000000000000e+00,-0.000000000000000000e+00,-0.000000000000000000e+00,0.000000000000000000e+00,-0.000000000000000000e+00,0.000000000000000000e+00,-0.000000000000000000e+00,-0.000000000000000000e+00,0.000000000000000000e+00,0.000000000000000000e+00,0.000000000000000000e+00,-0.000000000000000000e+00,0.000000000000000000e+00,-4.833381356529441453e-01,-0.000000000000000000e+00,-8.244261929805572070e-03,0.000000000000000000e+00,0.000000000000000000e+00,-0.000000000000000000e+00,-0.000000000000000000e+00,0.000000000000000000e+00,-0.000000000000000000e+00,0.000000000000000000e+00,0.000000000000000000e+00,0.000000000000000000e+00,1.387780610679459459e+00,-2.533370109183042396e-01
-0.000000000000000000e+00,-0.000000000000000000e+00,-0.000000000000000000e+00,-0.000000000000000000e+00,-0.000000000000000000e+00,-0.000000000000000000e+00,-0.000000000000000000e+00,0.000000000000000000e+00,-0.000000000000000000e+00,-0.000000000000000000e+00,-0.000000000000000000e+00,-0.000000000000000000e+00,0.000000000000000000e+00,-0.000000000000000000e+00,-4.816524945483858372e-02,-0.000000000000000000e+00,0.000000000000000000e+00,-0.000000000000000000e+00,-0.000000000000000000e+00,0.000000000000000000e+00,-0.000000000000000000e+00,-6.719985074337075925e-02,-0.000000000000000000e+00,-0.000000000000000000e+00,-0.000000000000000000e+00,-0.000000000000000000e+00,-3.521499072137490582e-01,-0.000000000000000000e+00,-0.000000000000000000e+00,0.000000000000000000e+00,-0.000000000000000000e+00,-1.297886530405398808e-01,-0.000000000000000000e+00,-1.286099419109520969e-01,-0.000000000000000000e+00,-0.000000000000000000e+00,-0.000000000000000000e+00,-2.533370109183042396e-01,1.262141363491587898e+00
