1.425486515704440960e+00,-3.713427864647644849e-01,-0.000000000000000000e+00,0.000000000000000000e+00,-2.023839854191477119e-02,0.000000000000000000e+00,0.000000000000000000e+00,0.000000000000000000e+00,-2.160843667007995850e-01,-0.000000000000000000e+00,-0.000000000000000000e+00,-0.000000000000000000e+00,0.000000000000000000e+00,-0.000000000000000000e+00,-0.000000000000000000e+00,-1.306557086570176926e-02,-0.000000000000000000e+00,-0.000000000000000000e+00,-0.000000000000000000e+00,0.000000000000000000e+00,0.000000000000000000e+00,0.000000000000000000e+00,-0.000000000000000000e+00,0.000000000000000000e+00,-0.000000000000000000e+00,-1.490455051604245018e-01,-0.000000000000000000e+00,-0.000000000000000000e+00,-0.000000000000000000e+00,0.000000000000000000e+00,-4.715495999214591727e-02,-0.000000000000000000e+00,0.000000000000000000e+00,-0.000000000000000000e+00,0.000000000000000000e+00,-0.000000000000000000e+00,-0.000000000000000000e+00,-3.426018863468838216e-01,-3.062845581843304243e-02
-3.713427864647644849e-01,1.582159449516837624e+00,0.000000000000000000e+00,0.000000000000000000e+00,-0.000000000000000000e+00,-0.000000000000000000e+00,2.115673561675854575e-01,-0.000000000000000000e+00,-0.000000000000000000e+00,-0.000000000000000000e+00,-1.081565401319948966e-01,0.000000000000000000e+00,0.000000000000000000e+00,-9.242409713108501457e-02,0.000000000000000000e+00,-0.000000000000000000e+00,-0.000000000000000000e+00,0.000000000000000000e+00,2.798090792424838893e-02,6.788137266001816137e-04,0.000000000000000000e+00,0.000000000000000000e+00,-0.000000000000000000e+00,-0.000000000000000000e+00,-3.625133248303511786e-05,-8.388446338110522316e-02,-3.356353344698530528e-01,0.000000000000000000e+00,-0.000000000000000000e+00,0.000000000000000000e+00,-0.000000000000000000e+00,-1.008500811020980048e-01,2.538879418867110230e-02,0.000000000000000000e+00,-0.000000000000000000e+00,-0.000000000000000000e+00,-0.000000000000000000e+00,-3.109472652151929611e-02,-1.771636434379530167e-01
-0.000000000000000000e+00,0.000000000000000000e+00,2.635939233056030506e+00,-0.000000000000000000e+00,-0.000000000000000000e+00,0.000000000000000000e+00,-0.000000000000000000e+00,8.393361763519575636e-01,-0.000000000000000000e+00,-0.000000000000000000e+00,0.000000000000000000e+00,-2.067751082366550142e-01,-0.000000000000000000e+00,0.000000000000000000e+00,-3.022942923754861830e-02,-0.000000000000000000e+00,0.000000000000000000e+00,-1.927430888461458824e-01,-1.211464298136901707e-01,-9.377977554153857365e-02,-3.695032620544261293e-01,0.000000000000000000e+00,0.000000000000000000e+00,0.000000000000000000e+00,0.000000000000000000e+00,-0.000000000000000000e+00,0.000000000000000000e+00,-0.000000000000000000e+00,0.000000000000000000e+00,-0.000000000000000000e+00,-2.454922645442992046e-01,1.542660805417002401e-01,-3.195963684226518220e-01,-1.880403996447078951e-01,0.000000000000000000e+00,-0.000000000000000000e+00,3.415426150364109237e-02,-0.000000000000000000e+00,-0.000000000000000000e+00
0.000000000000000000e+00,0.000000000000000000e+00,-0.000000000000000000e+00,1.428072299605173567e+00,-0.000000000000000000e+00,-0.000000000000000000e+00,-4.131751821462544272e-01,0.000000000000000000e+00,-0.000000000000000000e+00,-0.000000000000000000e+00,0.000000000000000000e+00,0.000000000000000000e+00,-0.000000000000000000e+00,0.000000000000000000e+00,-0.000000000000000000e+00,-0.000000000000000000e+00,-0.000000000000000000e+00,-2.653866981873212461e-01,-2.713905244366423553e-01,-0.000000000000000000e+00,-7.011663931952896722e-02,0.000000000000000000e+00,-0.000000000000000000e+00,-0.000000000000000000e+00,-0.000000000000000000e+00,-0.000000000000000000e+00,0.000000000000000000e+00,0.000000000000000000e+00,-0.000000000000000000e+00,-1.279130529554027909e-02,-0.000000000000000000e+00,0.000000000000000000e+00,-0.000000000000000000e+00,-0.000000000000000000e+00,0.000000000000000000e+00,-0.000000000000000000e+00,0.000000000000000000e+00,0.000000000000000000e+00,0.000000000000000000e+00
-2.023839854191477119e-02,-0.000000000000000000e+00,-0.000000000000000000e+00,-0.000000000000000000e+00,1.373590202014166151e+00,0.000000000000000000e+00,-0.000000000000000000e+00,0.000000000000000000e+00,-2.108700467090321995e-01,-0.000000000000000000e+00,-0.000000000000000000e+00,-0.000000000000000000e+00,0.000000000000000000e+00,-3.431679080592439646e-02,-0.000000000000000000e+00,-0.000000000000000000e+00,-0.000000000000000000e+00,-2.924167750167210866e-01,-5.464843500692442846e-02,0.000000000000000000e+00,-0.000000000000000000e+00,0.000000000000000000e+00,-0.000000000000000000e+00,-0.000000000000000000e+00,-0.000000000000000000e+00,-2.035814931766941893e-01,-3.595933927546213910e-02,-0.000000000000000000e+00,-0.000000000000000000e+00,-0.000000000000000000e+00,-5.966332976037039271e-02,-0.000000000000000000e+00,-0.000000000000000000e+00,-3.033947793985793395e-01,0.000000000000000000e+00,-0.000000000000000000e+00,0.000000000000000000e+00,-0.000000000000000000e+00,-3.828649508791508865e-02
0.000000000000000000e+00,-0.000000000000000000e+00,0.000000000000000000e+00,-0.000000000000000000e+00,0.000000000000000000e+00,1.614942171491609457e+00,-0.000000000000000000e+00,-0.000000000000000000e+00,0.000000000000000000e+00,0.000000000000000000e+00,-8.302229201340494136e-02,1.829685657566595680e-01,0.000000000000000000e+00,-0.000000000000000000e+00,0.000000000000000000e+00,0.000000000000000000e+00,-4.587919966100299507e-01,0.000000000000000000e+00,0.000000000000000000e+00,0.000000000000000000e+00,0.000000000000000000e+00,0.000000000000000000e+00,-3.752145754984750198e-02,-2.204880035937354862e-03,-0.000000000000000000e+00,-0.000000000000000000e+00,-0.000000000000000000e+00,0.000000000000000000e+00,-3.171930035498515821e-01,0.000000000000000000e+00,0.000000000000000000e+00,-0.000000000000000000e+00,1.424022446721563973e-01,0.000000000000000000e+00,-1.521492974271589915e-01,0.000000000000000000e+00,-0.000000000000000000e+00,0.000000000000000000e+00,0.000000000000000000e+00
0.000000000000000000e+00,2.115673561675854575e-01,-0.000000000000000000e+00,-4.131751821462544272e-01,-0.000000000000000000e+00,-0.000000000000000000e+00,1.485434389059907989e+00,0.000000000000000000e+00,0.000000000000000000e+00,-0.000000000000000000e+00,1.857607709546171132e-02,0.000000000000000000e+00,-1.774224431519558498e-01,9.333663671339711976e-02,-0.000000000000000000e+00,-0.000000000000000000e+00,0.000000000000000000e+00,-0.000000000000000000e+00,-1.520361916583784501e-01,-0.000000000000000000e+00,-0.000000000000000000e+00,-0.000000000000000000e+00,-0.000000000000000000e+00,0.000000000000000000e+00,0.000000000000000000e+00,0.000000000000000000e+00,9.950875341601195245e-02,-0.000000000000000000e+00,-0.000000000000000000e+00,-0.000000000000000000e+00,-0.000000000000000000e+00,1.763268325299058997e-02,-0.000000000000000000e+00,-0.000000000000000000e+00,0.000000000000000000e+00,-0.000000000000000000e+00,9.979291222661307303e-02,2.392341400422334091e-02,1.061659858014283447e-01
0.000000000000000000e+00,-0.000000000000000000e+00,8.393361763519575636e-01,0.000000000000000000e+00,0.000000000000000000e+00,-0.000000000000000000e+00,0.000000000000000000e+00,2.440099950685145735e+00,0.000000000000000000e+00,0.000000000000000000e+00,-0.000000000000000000e+00,9.801150025047500325e-02,0.000000000000000000e+00,-0.000000000000000000e+00,0.000000000000000000e+00,0.000000000000000000e+00,-0.000000000000000000e+00,1.888397407290211272e-01,9.994512271610531129e-02,1.107173407660608927e-01,3.224232047195187967e-01,-0.000000000000000000e+00,-0.000000000000000000e+00,-0.000000000000000000e+00,-0.000000000000000000e+00,0.000000000000000000e+00,-0.000000000000000000e+00,0.000000000000000000e+00,-0.000000000000000000e+00,0.000000000000000000e+00,4.210316974019062686e-01,-2.693938421585792900e-02,1.947641505183787813e-01,1.852147144389073019e-01,-0.000000000000000000e+00,0.000000000000000000e+00,-0.000000000000000000e+00,0.000000000000000000e+00,0.000000000000000000e+00
-2.160843667007995850e-01,-0.000000000000000000e+00,-0.000000000000000000e+00,-0.000000000000000000e+00,-2.108700467090321995e-01,0.000000000000000000e+00,0.000000000000000000e+00,0.000000000000000000e+00,1.547061832235348211e+00,-0.000000000000000000e+00,-0.000000000000000000e+00,-0.000000000000000000e+00,0.000000000000000000e+00,-0.000000000000000000e+00,-0.000000000000000000e+00,-1.704944708654224650e-01,-0.000000000000000000e+00,-0.000000000000000000e+00,-0.000000000000000000e+00,0.000000000000000000e+00,-0.000000000000000000e+00,0.000000000000000000e+00,-0.000000000000000000e+00,-0.000000000000000000e+00,-3.806146167578036144e-01,-8.443821542471477426e-02,-4.730563584305336883e-02,0.000000000000000000e+00,-0.000000000000000000e+00,-0.000000000000000000e+00,-0.000000000000000000e+00,-0.000000000000000000e+00,-0.000000000000000000e+00,-0.000000000000000000e+00,0.000000000000000000e+00,-0.000000000000000000e+00,-0.000000000000000000e+00,-1.411796541847196440e-01,-3.588563271548345091e-01
-0.000000000000000000e+00,-0.000000000000000000e+00,-0.000000000000000000e+00,-0.000000000000000000e+00,-0.000000000000000000e+00,0.000000000000000000e+00,-0.000000000000000000e+00,0.000000000000000000e+00,-0.000000000000000000e+00,1.611259840623750383e+00,0.000000000000000000e+00,-6.894872555646172629e-02,-0.000000000000000000e+00,-0.000000000000000000e+00,-0.000000000000000000e+00,-7.728695698912780854e-01,0.000000000000000000e+00,-1.295767087665196035e-02,-0.000000000000000000e+00,-0.000000000000000000e+00,-0.000000000000000000e+00,-0.000000000000000000e+00,0.000000000000000000e+00,0.000000000000000000e+00,-0.000000000000000000e+00,-0.000000000000000000e+00,-0.000000000000000000e+00,-1.027744347211933668e-01,0.000000000000000000e+00,-0.000000000000000000e+00,-0.000000000000000000e+00,0.000000000000000000e+00,-0.000000000000000000e+00,-1.090099940292494490e-01,6.665900702383896481e-02,-8.592933975836347660e-02,8.813143302150315550e-02,-9.964939914104235796e-02,-1.699921293314839155e-02
-0.000000000000000000e+00,-1.081565401319948966e-01,0.000000000000000000e+00,0.000000000000000000e+00,-0.000000000000000000e+00,-8.302229201340494136e-02,1.857607709546171132e-02,-0.000000000000000000e+00,-0.000000000000000000e+00,0.000000000000000000e+00,2.066450716586087921e+00,0.000000000000000000e+00,0.000000000000000000e+00,-6.437912407028278938e-02,0.000000000000000000e+00,0.000000000000000000e+00,-4.039017511548432804e-01,0.000000000000000000e+00,0.000000000000000000e+00,0.000000000000000000e+00,2.035509475750748275e-03,1.916829216154256749e-02,-0.000000000000000000e+00,-7.124430178367016642e-02,-2.215062290138160306e-03,-1.963295277949091491e-02,-7.639399026935426995e-02,0.000000000000000000e+00,-1.602546168151192454e-02,0.000000000000000000e+00,0.000000000000000000e+00,-5.788258316562345795e-01,3.221430341867823760e-02,0.000000000000000000e+00,-1.808100631054694318e-01,0.000000000000000000e+00,-3.564410463550009567e-01,-0.000000000000000000e+00,-0.000000000000000000e+00
-0.000000000000000000e+00,0.000000000000000000e+00,-2.067751082366550142e-01,0.000000000000000000e+00,-0.000000000000000000e+00,1.829685657566595680e-01,0.000000000000000000e+00,9.801150025047500325e-02,-0.000000000000000000e+00,-6.894872555646172629e-02,0.000000000000000000e+00,1.695154165091082632e+00,0.000000000000000000e+00,-0.000000000000000000e+00,-1.786839539891889039e-01,-0.000000000000000000e+00,0.000000000000000000e+00,-0.000000000000000000e+00,-0.000000000000000000e+00,-6.308239918836210103e-02,-4.802320908679124506e-02,-0.000000000000000000e+00,0.000000000000000000e+00,9.077059053483432782e-02,0.000000000000000000e+00,0.000000000000000000e+00,-0.000000000000000000e+00,-2.168553808442183484e-01,0.000000000000000000e+00,-0.000000000000000000e+00,-1.210521863776556767e-01,0.000000000000000000e+00,-8.216462458490333964e-02,-8.492605624199161402e-03,1.104343972873303159e-01,-0.000000000000000000e+00,0.000000000000000000e+00,-8.548820930609180024e-02,-2.661130203921108772e-01
0.000000000000000000e+00,0.000000000000000000e+00,-0.000000000000000000e+00,-0.000000000000000000e+00,0.000000000000000000e+00,0.000000000000000000e+00,-1.774224431519558498e-01,0.000000000000000000e+00,0.000000000000000000e+00,-0.000000000000000000e+00,0.000000000000000000e+00,0.000000000000000000e+00,1.346916306486297898e+00,0.000000000000000000e+00,-0.000000000000000000e+00,-0.000000000000000000e+00,0.000000000000000000e+00,-0.000000000000000000e+00,-0.000000000000000000e+00,-0.000000000000000000e+00,-0.000000000000000000e+00,-0.000000000000000000e+00,0.000000000000000000e+00,0.000000000000000000e+00,0.000000000000000000e+00,1.679659243230481949e-02,3.645262153126898053e-01,-0.000000000000000000e+00,0.000000000000000000e+00,-1.552852838349564474e-02,0.000000000000000000e+00,1.159994252897468547e-01,-0.000000000000000000e+00,-0.000000000000000000e+00,0.000000000000000000e+00,-0.000000000000000000e+00,2.404755304619991263e-01,0.000000000000000000e+00,0.000000000000000000e+00
-0.000000000000000000e+00,-9.242409713108501457e-02,0.000000000000000000e+00,0.000000000000000000e+00,-3.431679080592439646e-02,-0.000000000000000000e+00,9.333663671339711976e-02,-0.000000000000000000e+00,-0.000000000000000000e+00,-0.000000000000000000e+00,-6.437912407028278938e-02,-0.000000000000000000e+00,0.000000000000000000e+00,1.340979260590906108e+00,0.000000000000000000e+00,-0.000000000000000000e+00,-1.092061725747484197e-01,0.000000000000000000e+00,0.000000000000000000e+00,1.683234269780915088e-02,0.000000000000000000e+00,0.000000000000000000e+00,-0.000000000000000000e+00,-1.035787264472559990e-02,-1.626175588159879670e-01,-0.000000000000000000e+00,-3.075326729390582270e-01,0.000000000000000000e+00,-0.000000000000000000e+00,-0.000000000000000000e+00,-0.000000000000000000e+00,-1.451010481506953276e-01,0.000000000000000000e+00,0.000000000000000000e+00,-0.000000000000000000e+00,-0.000000000000000000e+00,-0.000000000000000000e+00,-0.000000000000000000e+00,-0.000000000000000000e+00
-0.000000000000000000e+00,0.000000000000000000e+00,-3.022942923754861830e-02,-0.000000000000000000e+00,-0.000000000000000000e+00,0.000000000000000000e+00,-0.000000000000000000e+00,0.000000000000000000e+00,-0.000000000000000000e+00,-0.000000000000000000e+00,0.000000000000000000e+00,-1.786839539891889039e-01,-0.000000000000000000e+00,0.000000000000000000e+00,2.376305024184700354e+00,-0.000000000000000000e+00,0.000000000000000000e+00,-9.984129504840175140e-02,-9.877020943003839148e-02,-1.952649040837498018e-01,-0.000000000000000000e+00,-0.000000000000000000e+00,0.000000000000000000e+00,1.142413199734836626e-01,0.000000000000000000e+00,0.000000000000000000e+00,0.000000000000000000e+00,-2.569502810480023269e-01,0.000000000000000000e+00,-6.993220232174249262e-02,-0.000000000000000000e+00,1.194651858195767691e-01,-4.752521325348341708e-01,-2.481468626378595665e-01,3.783604878719536990e-01,-0.000000000000000000e+00,2.391091032128685456e-01,-0.000000000000000000e+00,-0.000000000000000000e+00
-1.306557086570176926e-02,-0.000000000000000000e+00,-0.000000000000000000e+00,-0.000000000000000000e+00,-0.000000000000000000e+00,0.000000000000000000e+00,-0.000000000000000000e+00,0.000000000000000000e+00,-1.704944708654224650e-01,-7.728695698912780854e-01,0.000000000000000000e+00,-0.000000000000000000e+00,-0.000000000000000000e+00,-0.000000000000000000e+00,-0.000000000000000000e+00,1.638517765445878904e+00,0.000000000000000000e+00,-1.516037454747616413e-02,-0.000000000000000000e+00,-0.000000000000000000e+00,-1.100703528216916277e-01,-0.000000000000000000e+00,-0.000000000000000000e+00,0.000000000000000000e+00,-0.000000000000000000e+00,-0.000000000000000000e+00,-0.000000000000000000e+00,-0.000000000000000000e+00,0.000000000000000000e+00,-0.000000000000000000e+00,-1.315216112435269036e-01,0.000000000000000000e+00,-0.000000000000000000e+00,-5.902484754713153980e-02,2.994673631769709243e-02,-2.124957696965235621e-01,0.000000000000000000e+00,-4.827370092434889702e-03,-3.659180809277488150e-02
-0.000000000000000000e+00,-0.000000000000000000e+00,0.000000000000000000e+00,-0.000000000000000000e+00,-0.000000000000000000e+00,-4.587919966100299507e-01,0.000000000000000000e+00,-0.000000000000000000e+00,-0.000000000000000000e+00,0.000000000000000000e+00,-4.039017511548432804e-01,0.000000000000000000e+00,0.000000000000000000e+00,-1.092061725747484197e-01,0.000000000000000000e+00,0.000000000000000000e+00,1.882120860681566255e+00,0.000000000000000000e+00,0.000000000000000000e+00,0.000000000000000000e+00,0.000000000000000000e+00,0.000000000000000000e+00,-2.102479595135792884e-02,-1.828517757394567678e-01,-1.142090615440791712e-01,-0.000000000000000000e+00,-0.000000000000000000e+00,0.000000000000000000e+00,-2.148168907037333875e-01,0.000000000000000000e+00,0.000000000000000000e+00,-1.384805296388230689e-01,2.281907955184284409e-01,0.000000000000000000e+00,-0.000000000000000000e+00,0.000000000000000000e+00,-0.000000000000000000e+00,-0.000000000000000000e+00,0.000000000000000000e+00
-0.000000000000000000e+00,0.000000000000000000e+00,-1.927430888461458824e-01,-2.653866981873212461e-01,-2.924167750167210866e-01,0.000000000000000000e+00,-0.000000000000000000e+00,1.888397407290211272e-01,-0.000000000000000000e+00,-1.295767087665196035e-02,0.000000000000000000e+00,-0.000000000000000000e+00,-0.000000000000000000e+00,0.000000000000000000e+00,-9.984129504840175140e-02,-1.516037454747616413e-02,0.000000000000000000e+00,2.347491430977067139e+00,-7.591476870157587431e-01,-0.000000000000000000e+00,-0.000000000000000000e+00,0.000000000000000000e+00,0.000000000000000000e+00,0.000000000000000000e+00,0.000000000000000000e+00,-0.000000000000000000e+00,0.000000000000000000e+00,-0.000000000000000000e+00,0.000000000000000000e+00,-0.000000000000000000e+00,-0.000000000000000000e+00,0.000000000000000000e+00,-1.938024373643904008e-01,-3.989531448273169745e-01,0.000000000000000000e+00,-0.000000000000000000e+00,0.000000000000000000e+00,-0.000000000000000000e+00,-0.000000000000000000e+00
-0.000000000000000000e+00,2.798090792424838893e-02,-1.211464298136901707e-01,-2.713905244366423553e-01,-5.464843500692442846e-02,0.000000000000000000e+00,-1.520361916583784501e-01,9.994512271610531129e-02,-0.000000000000000000e+00,-0.000000000000000000e+00,0.000000000000000000e+00,-0.000000000000000000e+00,-0.000000000000000000e+00,0.000000000000000000e+00,-9.877020943003839148e-02,-0.000000000000000000e+00,0.000000000000000000e+00,-7.591476870157587431e-01,2.361799674860882714e+00,-0.000000000000000000e+00,-1.165422356177546054e-01,-0.000000000000000000e+00,0.000000000000000000e+00,0.000000000000000000e+00,0.000000000000000000e+00,0.000000000000000000e+00,0.000000000000000000e+00,-0.000000000000000000e+00,0.000000000000000000e+00,-1.611788638359125947e-01,-0.000000000000000000e+00,5.841809866416101255e-02,-5.672782634173996474e-02,-3.114613138409806914e-01,0.000000000000000000e+00,-0.000000000000000000e+00,2.610970565538192067e-01,0.000000000000000000e+00,-0.000000000000000000e+00
0.000000000000000000e+00,6.788137266001816137e-04,-9.377977554153857365e-02,-0.000000000000000000e+00,0.000000000000000000e+00,0.000000000000000000e+00,-0.000000000000000000e+00,1.107173407660608927e-01,0.000000000000000000e+00,-0.000000000000000000e+00,0.000000000000000000e+00,-6.308239918836210103e-02,-0.000000000000000000e+00,1.683234269780915088e-02,-1.952649040837498018e-01,-0.000000000000000000e+00,0.000000000000000000e+00,-0.000000000000000000e+00,-0.000000000000000000e+00,1.593825957505528690e+00,-0.000000000000000000e+00,-0.000000000000000000e+00,0.000000000000000000e+00,2.948008635213065359e-02,1.645671037671686196e-02,0.000000000000000000e+00,1.612887891181171915e-02,-2.799147865379700839e-01,0.000000000000000000e+00,-0.000000000000000000e+00,-0.000000000000000000e+00,2.081669576277795086e-01,-8.284830931404481291e-02,-0.000000000000000000e+00,0.000000000000000000e+00,-0.000000000000000000e+00,2.109258341394866232e-01,-0.000000000000000000e+00,-0.000000000000000000e+00
0.000000000000000000e+00,0.000000000000000000e+00,-3.695032620544261293e-01,-7.011663931952896722e-02,-0.000000000000000000e+00,0.000000000000000000e+00,-0.000000000000000000e+00,3.224232047195187967e-01,-0.000000000000000000e+00,-0.000000000000000000e+00,2.035509475750748275e-03,-4.802320908679124506e-02,-0.000000000000000000e+00,0.000000000000000000e+00,-0.000000000000000000e+00,-1.100703528216916277e-01,0.000000000000000000e+00,-0.000000000000000000e+00,-1.165422356177546054e-01,-0.000000000000000000e+00,1.759055028212020977e+00,-0.000000000000000000e+00,0.000000000000000000e+00,0.000000000000000000e+00,0.000000000000000000e+00,0.000000000000000000e+00,0.000000000000000000e+00,-0.000000000000000000e+00,0.000000000000000000e+00,-2.000448360562955830e-01,-3.689008791467694303e-06,7.746767178479707465e-03,-1.255672123782327065e-01,-4.598862110731038316e-02,5.722054208757491878e-02,-0.000000000000000000e+00,1.546298016431559563e-01,-0.000000000000000000e+00,-0.000000000000000000e+00
0.000000000000000000e+00,0.000000000000000000e+00,0.000000000000000000e+00,0.000000000000000000e+00,0.000000000000000000e+00,0.000000000000000000e+00,-0.000000000000000000e+00,-0.000000000000000000e+00,0.000000000000000000e+00,-0.000000000000000000e+00,1.916829216154256749e-02,-0.000000000000000000e+00,-0.000000000000000000e+00,0.000000000000000000e+00,-0.000000000000000000e+00,-0.000000000000000000e+00,0.000000000000000000e+00,0.000000000000000000e+00,-0.000000000000000000e+00,-0.000000000000000000e+00,-0.000000000000000000e+00,1.029094877616398840e+00,0.000000000000000000e+00,0.000000000000000000e+00,-0.000000000000000000e+00,1.594747428776384091e-01,0.000000000000000000e+00,-0.000000000000000000e+00,0.000000000000000000e+00,-0.000000000000000000e+00,0.000000000000000000e+00,0.000000000000000000e+00,-0.000000000000000000e+00,-0.000000000000000000e+00,2.280526187880159428e-02,-0.000000000000000000e+00,5.607332873640209249e-03,-0.000000000000000000e+00,0.000000000000000000e+00
-0.000000000000000000e+00,-0.000000000000000000e+00,0.000000000000000000e+00,-0.000000000000000000e+00,-0.000000000000000000e+00,-3.752145754984750198e-02,-0.000000000000000000e+00,-0.000000000000000000e+00,-0.000000000000000000e+00,0.000000000000000000e+00,-0.000000000000000000e+00,0.000000000000000000e+00,0.000000000000000000e+00,-0.000000000000000000e+00,0.000000000000000000e+00,-0.000000000000000000e+00,-2.102479595135792884e-02,0.000000000000000000e+00,0.000000000000000000e+00,0.000000000000000000e+00,0.000000000000000000e+00,0.000000000000000000e+00,1.414088049347069331e+00,-3.891446995533239805e-01,-4.468040906638152121e-01,-0.000000000000000000e+00,-0.000000000000000000e+00,0.000000000000000000e+00,-6.811188509875652775e-02,-0.000000000000000000e+00,-0.000000000000000000e+00,-5.182078196257720870e-02,0.000000000000000000e+00,0.000000000000000000e+00,-0.000000000000000000e+00,-0.000000000000000000e+00,-0.000000000000000000e+00,0.000000000000000000e+00,-0.000000000000000000e+00
0.000000000000000000e+00,-0.000000000000000000e+00,0.000000000000000000e+00,-0.000000000000000000e+00,-0.000000000000000000e+00,-2.204880035937354862e-03,0.000000000000000000e+00,-0.000000000000000000e+00,-0.000000000000000000e+00,0.000000000000000000e+00,-7.124430178367016642e-02,9.077059053483432782e-02,0.000000000000000000e+00,-1.035787264472559990e-02,1.142413199734836626e-01,0.000000000000000000e+00,-1.828517757394567678e-01,0.000000000000000000e+00,0.000000000000000000e+00,2.948008635213065359e-02,0.000000000000000000e+00,0.000000000000000000e+00,-3.891446995533239805e-01,1.735167169522621844e+00,-1.047979036170792050e-01,-0.000000000000000000e+00,-0.000000000000000000e+00,1.558354621002729645e-01,-7.860180037947175902e-02,0.000000000000000000e+00,0.000000000000000000e+00,-1.586407880445947494e-01,0.000000000000000000e+00,0.000000000000000000e+00,-2.539697392052000513e-01,0.000000000000000000e+00,-6.806304537641824637e-02,0.000000000000000000e+00,0.000000000000000000e+00
-0.000000000000000000e+00,-3.625133248303511786e-05,0.000000000000000000e+00,-0.000000000000000000e+00,-0.000000000000000000e+00,-0.000000000000000000e+00,0.000000000000000000e+00,-0.000000000000000000e+00,-3.806146167578036144e-01,-0.000000000000000000e+00,-2.215062290138160306e-03,0.000000000000000000e+00,0.000000000000000000e+00,-1.626175588159879670e-01,0.000000000000000000e+00,-0.000000000000000000e+00,-1.142090615440791712e-01,0.000000000000000000e+00,0.000000000000000000e+00,1.645671037671686196e-02,0.000000000000000000e+00,-0.000000000000000000e+00,-4.468040906638152121e-01,-1.047979036170792050e-01,1.535117926986311998e+00,-0.000000000000000000e+00,-1.218190633996164146e-01,0.000000000000000000e+00,-6.816190960486892547e-02,-0.000000000000000000e+00,-0.000000000000000000e+00,-6.861215487679865610e-02,0.000000000000000000e+00,0.000000000000000000e+00,-0.000000000000000000e+00,-0.000000000000000000e+00,-0.000000000000000000e+00,-0.000000000000000000e+00,-0.000000000000000000e+00
-1.490455051604245018e-01,-8.388446338110522316e-02,-0.000000000000000000e+00,-0.000000000000000000e+00,-2.035814931766941893e-01,-0.000000000000000000e+00,0.000000000000000000e+00,0.000000000000000000e+00,-8.443821542471477426e-02,-0.000000000000000000e+00,-1.963295277949091491e-02,0.000000000000000000e+00,1.679659243230481949e-02,-0.000000000000000000e+00,0.000000000000000000e+00,-0.000000000000000000e+00,-0.000000000000000000e+00,-0.000000000000000000e+00,0.000000000000000000e+00,0.000000000000000000e+00,0.000000000000000000e+00,1.594747428776384091e-01,-0.000000000000000000e+00,-0.000000000000000000e+00,-0.000000000000000000e+00,1.517715175421274543e+00,-5.337960300124707791e-01,0.000000000000000000e+00,-2.377770823419408930e-01,0.000000000000000000e+00,-3.639388878684016171e-02,-0.000000000000000000e+00,0.000000000000000000e+00,-0.000000000000000000e+00,-0.000000000000000000e+00,0.000000000000000000e+00,-0.000000000000000000e+00,-0.000000000000000000e+00,-3.405954788088666474e-02
-0.000000000000000000e+00,-3.356353344698530528e-01,0.000000000000000000e+00,0.000000000000000000e+00,-3.595933927546213910e-02,-0.000000000000000000e+00,9.950875341601195245e-02,-0.000000000000000000e+00,-4.730563584305336883e-02,-0.000000000000000000e+00,-7.639399026935426995e-02,-0.000000000000000000e+00,3.645262153126898053e-01,-3.075326729390582270e-01,0.000000000000000000e+00,-0.000000000000000000e+00,-0.000000000000000000e+00,0.000000000000000000e+00,0.000000000000000000e+00,1.612887891181171915e-02,0.000000000000000000e+00,0.000000000000000000e+00,-0.000000000000000000e+00,-0.000000000000000000e+00,-1.218190633996164146e-01,-5.337960300124707791e-01,2.009953432802731754e+00,0.000000000000000000e+00,-0.000000000000000000e+00,0.000000000000000000e+00,-0.000000000000000000e+00,-9.904242830471081394e-02,0.000000000000000000e+00,0.000000000000000000e+00,-0.000000000000000000e+00,-0.000000000000000000e+00,-7.026468185865684946e-02,-0.000000000000000000e+00,-3.146630130372754519e-01
-0.000000000000000000e+00,0.000000000000000000e+00,-0.000000000000000000e+00,0.000000000000000000e+00,-0.000000000000000000e+00,0.000000000000000000e+00,-0.000000000000000000e+00,0.000000000000000000e+00,0.000000000000000000e+00,-1.027744347211933668e-01,0.000000000000000000e+00,-2.168553808442183484e-01,-0.000000000000000000e+00,0.000000000000000000e+00,-2.569502810480023269e-01,-0.000000000000000000e+00,0.000000000000000000e+00,-0.000000000000000000e+00,-0.000000000000000000e+00,-2.799147865379700839e-01,-0.000000000000000000e+00,-0.000000000000000000e+00,0.000000000000000000e+00,1.558354621002729645e-01,0.000000000000000000e+00,0.000000000000000000e+00,0.000000000000000000e+00,1.611784330781316887e+00,0.000000000000000000e+00,-0.000000000000000000e+00,-0.000000000000000000e+00,0.000000000000000000e+00,-1.438242449320190353e-01,-1.732591736636560908e-01,6.294046906101852246e-02,-0.000000000000000000e+00,0.000000000000000000e+00,-0.000000000000000000e+00,-0.000000000000000000e+00
-0.000000000000000000e+00,-0.000000000000000000e+00,0.000000000000000000e+00,-0.000000000000000000e+00,-0.000000000000000000e+00,-3.171930035498515821e-01,-0.000000000000000000e+00,-0.000000000000000000e+00,-0.000000000000000000e+00,0.000000000000000000e+00,-1.602546168151192454e-02,0.000000000000000000e+00,0.000000000000000000e+00,-0.000000000000000000e+00,0.000000000000000000e+00,0.000000000000000000e+00,-2.148168907037333875e-01,0.000000000000000000e+00,0.000000000000000000e+00,0.000000000000000000e+00,0.000000000000000000e+00,0.000000000000000000e+00,-6.811188509875652775e-02,-7.860180037947175902e-02,-6.816190960486892547e-02,-2.377770823419408930e-01,-0.000000000000000000e+00,0.000000000000000000e+00,1.484240106193596143e+00,0.000000000000000000e+00,-0.000000000000000000e+00,-0.000000000000000000e+00,0.000000000000000000e+00,0.000000000000000000e+00,-2.749774048557860895e-01,0.000000000000000000e+00,-0.000000000000000000e+00,-0.000000000000000000e+00,0.000000000000000000e+00
0.000000000000000000e+00,0.000000000000000000e+00,-0.000000000000000000e+00,-1.279130529554027909e-02,-0.000000000000000000e+00,0.000000000000000000e+00,-0.000000000000000000e+00,0.000000000000000000e+00,-0.000000000000000000e+00,-0.000000000000000000e+00,0.000000000000000000e+00,-0.000000000000000000e+00,-1.552852838349564474e-02,-0.000000000000000000e+00,-6.993220232174249262e-02,-0.000000000000000000e+00,0.000000000000000000e+00,-0.000000000000000000e+00,-1.611788638359125947e-01,-0.000000000000000000e+00,-2.000448360562955830e-01,-0.000000000000000000e+00,-0.000000000000000000e+00,0.000000000000000000e+00,-0.000000000000000000e+00,0.000000000000000000e+00,0.000000000000000000e+00,-0.000000000000000000e+00,0.000000000000000000e+00,1.212470587957662493e+00,-0.000000000000000000e+00,0.000000000000000000e+00,-0.000000000000000000e+00,-1.042619541441458103e-01,6.553854263671872980e-03,-9.087912672122240576e-02,5.854244198602796823e-02,-0.000000000000000000e+00,-0.000000000000000000e+00
-4.715495999214591727e-02,-0.000000000000000000e+00,-2.454922645442992046e-01,-0.000000000000000000e+00,-5.966332976037039271e-02,0.000000000000000000e+00,-0.000000000000000000e+00,4.210316974019062686e-01,-0.000000000000000000e+00,-0.000000000000000000e+00,0.000000000000000000e+00,-1.210521863776556767e-01,0.000000000000000000e+00,-0.000000000000000000e+00,-0.000000000000000000e+00,-1.315216112435269036e-01,0.000000000000000000e+00,-0.000000000000000000e+00,-0.000000000000000000e+00,-0.000000000000000000e+00,-3.689008791467694303e-06,0.000000000000000000e+00,-0.000000000000000000e+00,0.000000000000000000e+00,-0.000000000000000000e+00,-3.639388878684016171e-02,-0.000000000000000000e+00,-0.000000000000000000e+00,-0.000000000000000000e+00,-0.000000000000000000e+00,1.461382522620653823e+00,0.000000000000000000e+00,-0.000000000000000000e+00,-0.000000000000000000e+00,0.000000000000000000e+00,-0.000000000000000000e+00,0.000000000000000000e+00,-0.000000000000000000e+00,-1.785461478610135821e-01
-0.000000000000000000e+00,-1.008500811020980048e-01,1.542660805417002401e-01,0.000000000000000000e+00,-0.000000000000000000e+00,-0.000000000000000000e+00,1.763268325299058997e-02,-2.693938421585792900e-02,-0.000000000000000000e+00,0.000000000000000000e+00,-5.788258316562345795e-01,0.000000000000000000e+00,1.159994252897468547e-01,-1.451010481506953276e-01,1.194651858195767691e-01,0.000000000000000000e+00,-1.384805296388230689e-01,0.000000000000000000e+00,5.841809866416101255e-02,2.081669576277795086e-01,7.746767178479707465e-03,0.000000000000000000e+00,-5.182078196257720870e-02,-1.586407880445947494e-01,-6.861215487679865610e-02,-0.000000000000000000e+00,-9.904242830471081394e-02,0.000000000000000000e+00,-0.000000000000000000e+00,0.000000000000000000e+00,0.000000000000000000e+00,2.557731377663384986e+00,1.220520312046809164e-01,0.000000000000000000e+00,-1.839975406031859051e-01,0.000000000000000000e+00,-5.730464585367829322e-01,-0.000000000000000000e+00,-0.000000000000000000e+00
0.000000000000000000e+00,2.538879418867110230e-02,-3.195963684226518220e-01,-0.000000000000000000e+00,-0.000000000000000000e+00,1.424022446721563973e-01,-0.000000000000000000e+00,1.947641505183787813e-01,-0.000000000000000000e+00,-0.000000000000000000e+00,3.221430341867823760e-02,-8.216462458490333964e-02,-0.000000000000000000e+00,0.000000000000000000e+00,-4.752521325348341708e-01,-0.000000000000000000e+00,2.281907955184284409e-01,-1.938024373643904008e-01,-5.672782634173996474e-02,-8.284830931404481291e-02,-1.255672123782327065e-01,-0.000000000000000000e+00,0.000000000000000000e+00,0.000000000000000000e+00,0.000000000000000000e+00,0.000000000000000000e+00,0.000000000000000000e+00,-1.438242449320190353e-01,0.000000000000000000e+00,-0.000000000000000000e+00,-0.000000000000000000e+00,1.220520312046809164e-01,2.382875306874495003e+00,-1.928531477242111936e-01,1.376579605085154756e-01,-0.000000000000000000e+00,0.000000000000000000e+00,-0.000000000000000000e+00,-0.000000000000000000e+00
-0.000000000000000000e+00,0.000000000000000000e+00,-1.880403996447078951e-01,-0.000000000000000000e+00,-3.033947793985793395e-01,0.000000000000000000e+00,-0.000000000000000000e+00,1.852147144389073019e-01,-0.000000000000000000e+00,-1.090099940292494490e-01,0.000000000000000000e+00,-8.492605624199161402e-03,-0.000000000000000000e+00,0.000000000000000000e+00,-2.481468626378595665e-01,-5.902484754713153980e-02,0.000000000000000000e+00,-3.989531448273169745e-01,-3.114613138409806914e-01,-0.000000000000000000e+00,-4.598862110731038316e-02,-0.000000000000000000e+00,0.000000000000000000e+00,0.000000000000000000e+00,0.000000000000000000e+00,-0.000000000000000000e+00,0.000000000000000000e+00,-1.732591736636560908e-01,0.000000000000000000e+00,-1.042619541441458103e-01,-0.000000000000000000e+00,0.000000000000000000e+00,-1.928531477242111936e-01,2.278523708058648900e+00,1.319933032709764142e-01,-9.936629291467916070e-02,0.000000000000000000e+00,-0.000000000000000000e+00,-0.000000000000000000e+00
0.000000000000000000e+00,-0.000000000000000000e+00,0.000000000000000000e+00,0.000000000000000000e+00,0.000000000000000000e+00,-1.521492974271589915e-01,0.000000000000000000e+00,-0.000000000000000000e+00,0.000000000000000000e+00,6.665900702383896481e-02,-1.808100631054694318e-01,1.104343972873303159e-01,0.000000000000000000e+00,-0.000000000000000000e+00,3.783604878719536990e-01,2.994673631769709243e-02,-0.000000000000000000e+00,0.000000000000000000e+00,0.000000000000000000e+00,0.000000000000000000e+00,5.722054208757491878e-02,2.280526187880159428e-02,-0.000000000000000000e+00,-2.539697392052000513e-01,-0.000000000000000000e+00,-0.000000000000000000e+00,-0.000000000000000000e+00,6.294046906101852246e-02,-2.749774048557860895e-01,6.553854263671872980e-03,0.000000000000000000e+00,-1.839975406031859051e-01,1.376579605085154756e-01,1.319933032709764142e-01,2.240043094211669583e+00,0.000000000000000000e+00,-3.810133270837891550e-01,0.000000000000000000e+00,0.000000000000000000e+00
-0.000000000000000000e+00,-0.000000000000000000e+00,-0.000000000000000000e+00,-0.000000000000000000e+00,-0.000000000000000000e+00,0.000000000000000000e+00,-0.000000000000000000e+00,0.000000000000000000e+00,-0.000000000000000000e+00,-8.592933975836347660e-02,0.000000000000000000e+00,-0.000000000000000000e+00,-0.000000000000000000e+00,-0.000000000000000000e+00,-0.000000000000000000e+00,-2.124957696965235621e-01,0.000000000000000000e+00,-0.000000000000000000e+00,-0.000000000000000000e+00,-0.000000000000000000e+00,-0.000000000000000000e+00,-0.000000000000000000e+00,-0.000000000000000000e+00,0.000000000000000000e+00,-0.000000000000000000e+00,0.000000000000000000e+00,-0.000000000000000000e+00,-0.000000000000000000e+00,0.000000000000000000e+00,-9.087912672122240576e-02,-0.000000000000000000e+00,0.000000000000000000e+00,-0.000000000000000000e+00,-9.936629291467916070e-02,0.000000000000000000e+00,1.111431032636623017e+00,0.000000000000000000e+00,-0.000000000000000000e+00,-0.000000000000000000e+00
-0.000000000000000000e+00,-0.000000000000000000e+00,3.415426150364109237e-02,0.000000000000000000e+00,0.000000000000000000e+00,-0.000000000000000000e+00,9.979291222661307303e-02,-0.000000000000000000e+00,-0.000000000000000000e+00,8.813143302150315550e-02,-3.564410463550009567e-01,0.000000000000000000e+00,2.404755304619991263e-01,-0.000000000000000000e+00,2.391091032128685456e-01,0.000000000000000000e+00,-0.000000000000000000e+00,0.000000000000000000e+00,2.610970565538192067e-01,2.109258341394866232e-01,1.546298016431559563e-01,5.607332873640209249e-03,-0.000000000000000000e+00,-6.806304537641824637e-02,-0.000000000000000000e+00,-0.000000000000000000e+00,-7.026468185865684946e-02,0.000000000000000000e+00,-0.000000000000000000e+00,5.854244198602796823e-02,0.000000000000000000e+00,-5.730464585367829322e-01,0.000000000000000000e+00,0.000000000000000000e+00,-3.810133270837891550e-01,0.000000000000000000e+00,2.508357181337725450e+00,0.000000000000000000e+00,-0.000000000000000000e+00
-3.426018863468838216e-01,-3.109472652151929611e-02,-0.000000000000000000e+00,0.000000000000000000e+00,-0.000000000000000000e+00,0.000000000000000000e+00,2.392341400422334091e-02,0.000000000000000000e+00,-1.411796541847196440e-01,-9.964939914104235796e-02,-0.000000000000000000e+00,-8.548820930609180024e-02,0.000000000000000000e+00,-0.000000000000000000e+00,-0.000000000000000000e+00,-4.827370092434889702e-03,-0.000000000000000000e+00,-0.000000000000000000e+00,0.000000000000000000e+00,-0.000000000000000000e+00,-0.000000000000000000e+00,-0.000000000000000000e+00,0.000000000000000000e+00,0.000000000000000000e+00,-0.000000000000000000e+00,-0.000000000000000000e+00,-0.000000000000000000e+00,-0.000000000000000000e+00,-0.000000000000000000e+00,-0.000000000000000000e+00,-0.000000000000000000e+00,-0.000000000000000000e+00,-0.000000000000000000e+00,-0.000000000000000000e+00,0.000000000000000000e+00,-0.000000000000000000e+00,0.000000000000000000e+00,1.461984035795485859e+00,-4.799346984362403146e-01
-3.062845581843304243e-02,-1.771636434379530167e-01,-0.000000000000000000e+00,0.000000000000000000e+00,-3.828649508791508865e-02,0.000000000000000000e+00,1.061659858014283447e-01,0.000000000000000000e+00,-3.588563271548345091e-01,-1.699921293314839155e-02,-0.000000000000000000e+00,-2.661130203921108772e-01,0.000000000000000000e+00,-0.000000000000000000e+00,-0.000000000000000000e+00,-3.659180809277488150e-02,0.000000000000000000e+00,-0.000000000000000000e+00,-0.000000000000000000e+00,-0.000000000000000000e+00,-0.000000000000000000e+00,0.000000000000000000e+00,-0.000000000000000000e+00,0.000000000000000000e+00,-0.000000000000000000e+00,-3.405954788088666474e-02,-3.146630130372754519e-01,-0.000000000000000000e+00,0.000000000000000000e+00,-0.000000000000000000e+00,-1.785461478610135821e-01,-0.000000000000000000e+00,-0.000000000000000000e+00,-0.000000000000000000e+00,0.000000000000000000e+00,-0.000000000000000000e+00,-0.000000000000000000e+00,-4.799346984362403146e-01,1.736991831745612558e+00
