1.875797450898609720e+00,-3.714842584424143390e-01,-0.000000000000000000e+00,-0.000000000000000000e+00,-0.000000000000000000e+00,-0.000000000000000000e+00,0.000000000000000000e+00,0.000000000000000000e+00,-1.854661709593500574e-01,-2.129129185895989873e-01,-2.754850470929421924e-01,0.000000000000000000e+00,6.930179750130963101e-02,-0.000000000000000000e+00,0.000000000000000000e+00,-0.000000000000000000e+00,-0.000000000000000000e+00,0.000000000000000000e+00,-0.000000000000000000e+00,-0.000000000000000000e+00,0.000000000000000000e+00,0.000000000000000000e+00,-0.000000000000000000e+00,0.000000000000000000e+00,-0.000000000000000000e+00,-2.153223781385293634e-01,-7.881958579673352394e-02,3.148770031758573590e-02,-0.000000000000000000e+00,-2.090249344345026516e-01,-0.000000000000000000e+00,-7.905105559632313525e-03,0.000000000000000000e+00,-2.099629474019949760e-02,-2.530327743871164103e-01,-0.000000000000000000e+00,-0.000000000000000000e+00,-8.905304921796533546e-02,-0.000000000000000000e+00
-3.714842584424143390e-01,1.965616419792787228e+00,-0.000000000000000000e+00,-0.000000000000000000e+00,-0.000000000000000000e+00,-0.000000000000000000e+00,0.000000000000000000e+00,0.000000000000000000e+00,-0.000000000000000000e+00,-2.021255290078921851e-01,-3.032879707521440316e-01,0.000000000000000000e+00,0.000000000000000000e+00,-0.000000000000000000e+00,0.000000000000000000e+00,-2.491768278758032529e-01,-0.000000000000000000e+00,-0.000000000000000000e+00,-0.000000000000000000e+00,-0.000000000000000000e+00,-0.000000000000000000e+00,-0.000000000000000000e+00,-0.000000000000000000e+00,0.000000000000000000e+00,-0.000000000000000000e+00,-0.000000000000000000e+00,-0.000000000000000000e+00,0.000000000000000000e+00,-0.000000000000000000e+00,-6.793009638417986384e-02,-0.000000000000000000e+00,-3.012870380019851968e-01,-0.000000000000000000e+00,-0.000000000000000000e+00,0.000000000000000000e+00,-3.167281711170347180e-01,-0.000000000000000000e+00,-0.000000000000000000e+00,-2.212774803319106365e-01
-0.000000000000000000e+00,-0.000000000000000000e+00,2.339509512985948003e+00,-1.056207194251376214e-01,-6.526692642594748850e-02,0.000000000000000000e+00,0.000000000000000000e+00,1.387321020279144390e+00,-0.000000000000000000e+00,-0.000000000000000000e+00,0.000000000000000000e+00,-0.000000000000000000e+00,1.437567728680621271e-01,-0.000000000000000000e+00,0.000000000000000000e+00,-0.000000000000000000e+00,0.000000000000000000e+00,-0.000000000000000000e+00,-0.000000000000000000e+00,-4.161988678292315169e-02,0.000000000000000000e+00,-0.000000000000000000e+00,-0.000000000000000000e+00,-0.000000000000000000e+00,-0.000000000000000000e+00,-3.909314995437909723e-01,-0.000000000000000000e+00,0.000000000000000000e+00,-0.000000000000000000e+00,0.000000000000000000e+00,-1.637466167075613543e-01,-0.000000000000000000e+00,-0.000000000000000000e+00,-0.000000000000000000e+00,-0.000000000000000000e+00,0.000000000000000000e+00,-0.000000000000000000e+00,-0.000000000000000000e+00,-0.000000000000000000e+00
-0.000000000000000000e+00,-0.000000000000000000e+00,-1.056207194251376214e-01,1.119456585412128558e+00,-0.000000000000000000e+00,0.000000000000000000e+00,0.000000000000000000e+00,0.000000000000000000e+00,-0.000000000000000000e+00,-0.000000000000000000e+00,0.000000000000000000e+00,-0.000000000000000000e+00,0.000000000000000000e+00,0.000000000000000000e+00,9.647720756405790687e-02,-2.112994194663778136e-03,-0.000000000000000000e+00,-1.814907086048598572e-01,-0.000000000000000000e+00,-0.000000000000000000e+00,-0.000000000000000000e+00,-0.000000000000000000e+00,0.000000000000000000e+00,0.000000000000000000e+00,-0.000000000000000000e+00,-0.000000000000000000e+00,-0.000000000000000000e+00,0.000000000000000000e+00,-0.000000000000000000e+00,-0.000000000000000000e+00,-0.000000000000000000e+00,-0.000000000000000000e+00,-0.000000000000000000e+00,-0.000000000000000000e+00,0.000000000000000000e+00,0.000000000000000000e+00,0.000000000000000000e+00,-1.759941685670820544e-01,-3.196637176481242903e-02
-0.000000000000000000e+00,-0.000000000000000000e+00,-6.526692642594748850e-02,-0.000000000000000000e+00,1.979467692427930414e+00,2.686317714095192155e-01,-0.000000000000000000e+00,6.998709224197767476e-02,-4.715309350377802633e-01,0.000000000000000000e+00,-0.000000000000000000e+00,-8.281171923953041525e-02,2.038203225738524083e-01,-7.092252382262691224e-02,-0.000000000000000000e+00,-0.000000000000000000e+00,-0.000000000000000000e+00,0.000000000000000000e+00,0.000000000000000000e+00,0.000000000000000000e+00,0.000000000000000000e+00,-5.498702162630440642e-03,-0.000000000000000000e+00,-1.234218878426329852e-01,-0.000000000000000000e+00,-0.000000000000000000e+00,-0.000000000000000000e+00,0.000000000000000000e+00,0.000000000000000000e+00,-0.000000000000000000e+00,-0.000000000000000000e+00,0.000000000000000000e+00,0.000000000000000000e+00,-7.772880432164810394e-01,-0.000000000000000000e+00,0.000000000000000000e+00,0.000000000000000000e+00,-0.000000000000000000e+00,-0.000000000000000000e+00
-0.000000000000000000e+00,-0.000000000000000000e+00,0.000000000000000000e+00,0.000000000000000000e+00,2.686317714095192155e-01,1.611656875892224283e+00,0.000000000000000000e+00,-0.000000000000000000e+00,0.000000000000000000e+00,-0.000000000000000000e+00,-0.000000000000000000e+00,0.000000000000000000e+00,-0.000000000000000000e+00,-0.000000000000000000e+00,-0.000000000000000000e+00,0.000000000000000000e+00,-4.610264498976392872e-02,-0.000000000000000000e+00,-0.000000000000000000e+00,0.000000000000000000e+00,-0.000000000000000000e+00,0.000000000000000000e+00,0.000000000000000000e+00,1.038038262897744007e-01,-0.000000000000000000e+00,-0.000000000000000000e+00,-0.000000000000000000e+00,-0.000000000000000000e+00,-7.396706253089153915e-02,-0.000000000000000000e+00,-0.000000000000000000e+00,-2.267599342866398471e-01,-3.531856390920071753e-01,1.860101757341280360e-01,-0.000000000000000000e+00,-8.463713961617115589e-02,-4.860525113547939924e-01,0.000000000000000000e+00,-0.000000000000000000e+00
0.000000000000000000e+00,0.000000000000000000e+00,0.000000000000000000e+00,0.000000000000000000e+00,-0.000000000000000000e+00,0.000000000000000000e+00,1.025421104904327585e+00,-1.075574021031497629e-01,-0.000000000000000000e+00,-0.000000000000000000e+00,0.000000000000000000e+00,4.177492311217539944e-02,-7.093533998724435574e-02,-0.000000000000000000e+00,-0.000000000000000000e+00,-0.000000000000000000e+00,-0.000000000000000000e+00,0.000000000000000000e+00,0.000000000000000000e+00,0.000000000000000000e+00,-0.000000000000000000e+00,-0.000000000000000000e+00,-0.000000000000000000e+00,-0.000000000000000000e+00,-0.000000000000000000e+00,0.000000000000000000e+00,0.000000000000000000e+00,-3.229631012886070851e-02,0.000000000000000000e+00,-0.000000000000000000e+00,-0.000000000000000000e+00,0.000000000000000000e+00,0.000000000000000000e+00,-0.000000000000000000e+00,0.000000000000000000e+00,-0.000000000000000000e+00,2.353588480242615414e-03,-0.000000000000000000e+00,-0.000000000000000000e+00
0.000000000000000000e+00,0.000000000000000000e+00,1.387321020279144390e+00,0.000000000000000000e+00,6.998709224197767476e-02,-0.000000000000000000e+00,-1.075574021031497629e-01,2.147747226563034850e+00,0.000000000000000000e+00,0.000000000000000000e+00,-0.000000000000000000e+00,6.607533593806159955e-02,-1.717170470847771968e-01,0.000000000000000000e+00,-0.000000000000000000e+00,0.000000000000000000e+00,-0.000000000000000000e+00,0.000000000000000000e+00,0.000000000000000000e+00,7.633644183657975479e-02,0.000000000000000000e+00,0.000000000000000000e+00,0.000000000000000000e+00,0.000000000000000000e+00,0.000000000000000000e+00,5.084197160539712795e-02,0.000000000000000000e+00,-0.000000000000000000e+00,0.000000000000000000e+00,-0.000000000000000000e+00,5.258613679960144616e-02,0.000000000000000000e+00,0.000000000000000000e+00,0.000000000000000000e+00,0.000000000000000000e+00,-0.000000000000000000e+00,0.000000000000000000e+00,0.000000000000000000e+00,0.000000000000000000e+00
-1.854661709593500574e-01,-0.000000000000000000e+00,-0.000000000000000000e+00,-0.000000000000000000e+00,-4.715309350377802633e-01,0.000000000000000000e+00,-0.000000000000000000e+00,0.000000000000000000e+00,2.373833446809527015e+00,-0.000000000000000000e+00,-0.000000000000000000e+00,-0.000000000000000000e+00,0.000000000000000000e+00,-5.390137350936403671e-01,-0.000000000000000000e+00,-0.000000000000000000e+00,-0.000000000000000000e+00,0.000000000000000000e+00,-0.000000000000000000e+00,0.000000000000000000e+00,-0.000000000000000000e+00,-0.000000000000000000e+00,-2.203910332079637713e-01,-1.919315123136137724e-01,-1.547472128283392534e-01,-2.448801939688515991e-02,-4.000685512864453341e-02,-0.000000000000000000e+00,-0.000000000000000000e+00,-0.000000000000000000e+00,-1.665716251417278526e-01,-0.000000000000000000e+00,-0.000000000000000000e+00,-2.827460052125826406e-01,-0.000000000000000000e+00,-0.000000000000000000e+00,0.000000000000000000e+00,-2.769363844343993852e-01,-7.304467369050993142e-02
-2.129129185895989873e-01,-2.021255290078921851e-01,-0.000000000000000000e+00,-0.000000000000000000e+00,0.000000000000000000e+00,-0.000000000000000000e+00,-0.000000000000000000e+00,0.000000000000000000e+00,-0.000000000000000000e+00,2.512307325097111743e+00,-0.000000000000000000e+00,0.000000000000000000e+00,0.000000000000000000e+00,-0.000000000000000000e+00,-0.000000000000000000e+00,-9.363976822123509791e-01,-0.000000000000000000e+00,-0.000000000000000000e+00,-5.802452219818477613e-02,-0.000000000000000000e+00,-0.000000000000000000e+00,0.000000000000000000e+00,-0.000000000000000000e+00,0.000000000000000000e+00,-0.000000000000000000e+00,-1.543927761353382777e-01,-4.205088682517493792e-02,0.000000000000000000e+00,-1.894976003294453482e-01,-5.514656428555572143e-01,-0.000000000000000000e+00,-0.000000000000000000e+00,-0.000000000000000000e+00,-0.000000000000000000e+00,-0.000000000000000000e+00,-2.362792652198819898e-01,-0.000000000000000000e+00,-0.000000000000000000e+00,-0.000000000000000000e+00
-2.754850470929421924e-01,-3.032879707521440316e-01,0.000000000000000000e+00,0.000000000000000000e+00,-0.000000000000000000e+00,-0.000000000000000000e+00,0.000000000000000000e+00,-0.000000000000000000e+00,-0.000000000000000000e+00,-0.000000000000000000e+00,1.469424560782472966e+00,0.000000000000000000e+00,0.000000000000000000e+00,-1.454866079249224065e-01,-0.000000000000000000e+00,-0.000000000000000000e+00,-4.453610141996820482e-01,0.000000000000000000e+00,-0.000000000000000000e+00,7.760080947440045618e-02,1.543755335809756657e-01,0.000000000000000000e+00,-0.000000000000000000e+00,-0.000000000000000000e+00,-0.000000000000000000e+00,-0.000000000000000000e+00,-0.000000000000000000e+00,2.032871322635558878e-02,-0.000000000000000000e+00,-0.000000000000000000e+00,-0.000000000000000000e+00,-0.000000000000000000e+00,0.000000000000000000e+00,-0.000000000000000000e+00,-2.589461659482253722e-02,-0.000000000000000000e+00,-0.000000000000000000e+00,-0.000000000000000000e+00,-0.000000000000000000e+00
0.000000000000000000e+00,0.000000000000000000e+00,-0.000000000000000000e+00,-0.000000000000000000e+00,-8.281171923953041525e-02,0.000000000000000000e+00,4.177492311217539944e-02,6.607533593806159955e-02,-0.000000000000000000e+00,0.000000000000000000e+00,0.000000000000000000e+00,1.248725255756031771e+00,8.891220048489004157e-02,-0.000000000000000000e+00,-7.884511520186719691e-02,-0.000000000000000000e+00,-6.803385793650792990e-03,-1.030755369019617645e-01,-0.000000000000000000e+00,0.000000000000000000e+00,-1.550218041380600487e-01,-0.000000000000000000e+00,-0.000000000000000000e+00,-0.000000000000000000e+00,-0.000000000000000000e+00,-0.000000000000000000e+00,0.000000000000000000e+00,-8.934771350053150041e-02,-0.000000000000000000e+00,-0.000000000000000000e+00,-0.000000000000000000e+00,-0.000000000000000000e+00,-1.761068379322509314e-01,-1.389553604123974773e-01,0.000000000000000000e+00,0.000000000000000000e+00,-0.000000000000000000e+00,-0.000000000000000000e+00,-0.000000000000000000e+00
6.930179750130963101e-02,0.000000000000000000e+00,1.437567728680621271e-01,0.000000000000000000e+00,2.038203225738524083e-01,-0.000000000000000000e+00,-7.093533998724435574e-02,-1.717170470847771968e-01,0.000000000000000000e+00,0.000000000000000000e+00,0.000000000000000000e+00,8.891220048489004157e-02,1.408006151137842554e+00,0.000000000000000000e+00,-0.000000000000000000e+00,0.000000000000000000e+00,5.876590372827481673e-02,0.000000000000000000e+00,0.000000000000000000e+00,-0.000000000000000000e+00,0.000000000000000000e+00,0.000000000000000000e+00,0.000000000000000000e+00,0.000000000000000000e+00,2.725254077835423741e-02,2.648524271766176941e-02,0.000000000000000000e+00,-1.699756832672908932e-02,1.141112686341226416e-02,0.000000000000000000e+00,0.000000000000000000e+00,0.000000000000000000e+00,0.000000000000000000e+00,2.553000960112368489e-02,0.000000000000000000e+00,-0.000000000000000000e+00,0.000000000000000000e+00,3.283776062306546506e-01,0.000000000000000000e+00
-0.000000000000000000e+00,-0.000000000000000000e+00,-0.000000000000000000e+00,0.000000000000000000e+00,-7.092252382262691224e-02,-0.000000000000000000e+00,-0.000000000000000000e+00,0.000000000000000000e+00,-5.390137350936403671e-01,-0.000000000000000000e+00,-1.454866079249224065e-01,-0.000000000000000000e+00,0.000000000000000000e+00,2.297258438628377863e+00,-1.162186628393904464e-01,-0.000000000000000000e+00,-5.876139863662107471e-02,-0.000000000000000000e+00,-0.000000000000000000e+00,2.571373401013567206e-02,-0.000000000000000000e+00,-0.000000000000000000e+00,-4.417808403356889291e-01,-4.754310574274193679e-01,-1.866222172546775082e-01,-0.000000000000000000e+00,-1.107291915751636296e-01,-0.000000000000000000e+00,-0.000000000000000000e+00,-0.000000000000000000e+00,-1.054045370146511201e-01,-0.000000000000000000e+00,-0.000000000000000000e+00,-3.643293333649973847e-02,-0.000000000000000000e+00,-0.000000000000000000e+00,-0.000000000000000000e+00,-7.273712293304354648e-02,-2.454237580501571758e-01
0.000000000000000000e+00,0.000000000000000000e+00,0.000000000000000000e+00,9.647720756405790687e-02,-0.000000000000000000e+00,-0.000000000000000000e+00,-0.000000000000000000e+00,-0.000000000000000000e+00,-0.000000000000000000e+00,-0.000000000000000000e+00,-0.000000000000000000e+00,-7.884511520186719691e-02,-0.000000000000000000e+00,-1.162186628393904464e-01,1.027641890442730466e+00,0.000000000000000000e+00,-0.000000000000000000e+00,0.000000000000000000e+00,-0.000000000000000000e+00,1.024412410405146912e-02,-0.000000000000000000e+00,0.000000000000000000e+00,-0.000000000000000000e+00,-0.000000000000000000e+00,-0.000000000000000000e+00,0.000000000000000000e+00,-0.000000000000000000e+00,-0.000000000000000000e+00,-0.000000000000000000e+00,-0.000000000000000000e+00,-0.000000000000000000e+00,-0.000000000000000000e+00,-0.000000000000000000e+00,-0.000000000000000000e+00,-0.000000000000000000e+00,0.000000000000000000e+00,-0.000000000000000000e+00,-0.000000000000000000e+00,-0.000000000000000000e+00
-0.000000000000000000e+00,-2.491768278758032529e-01,-0.000000000000000000e+00,-2.112994194663778136e-03,-0.000000000000000000e+00,0.000000000000000000e+00,-0.000000000000000000e+00,0.000000000000000000e+00,-0.000000000000000000e+00,-9.363976822123509791e-01,-0.000000000000000000e+00,-0.000000000000000000e+00,0.000000000000000000e+00,-0.000000000000000000e+00,0.000000000000000000e+00,2.327047552519583729e+00,-0.000000000000000000e+00,-0.000000000000000000e+00,-0.000000000000000000e+00,-0.000000000000000000e+00,-0.000000000000000000e+00,-0.000000000000000000e+00,-1.778652208713691341e-01,0.000000000000000000e+00,-9.243472906066784942e-03,-0.000000000000000000e+00,-0.000000000000000000e+00,0.000000000000000000e+00,-0.000000000000000000e+00,-5.024693262634758462e-01,-0.000000000000000000e+00,-0.000000000000000000e+00,0.000000000000000000e+00,-0.000000000000000000e+00,-0.000000000000000000e+00,-8.246111867617610114e-02,0.000000000000000000e+00,-2.147557494199121286e-01,-7.188443379542237832e-02
-0.000000000000000000e+00,-0.000000000000000000e+00,0.000000000000000000e+00,-0.000000000000000000e+00,-0.000000000000000000e+00,-4.610264498976392872e-02,-0.000000000000000000e+00,-0.000000000000000000e+00,-0.000000000000000000e+00,-0.000000000000000000e+00,-4.453610141996820482e-01,-6.803385793650792990e-03,5.876590372827481673e-02,-5.876139863662107471e-02,-0.000000000000000000e+00,-0.000000000000000000e+00,1.395323211078893566e+00,-9.247859162238676600e-02,-0.000000000000000000e+00,0.000000000000000000e+00,-0.000000000000000000e+00,-0.000000000000000000e+00,-0.000000000000000000e+00,-0.000000000000000000e+00,-0.000000000000000000e+00,-0.000000000000000000e+00,0.000000000000000000e+00,-0.000000000000000000e+00,-7.781216937701529446e-02,-0.000000000000000000e+00,-0.000000000000000000e+00,-2.747006247823242653e-01,-2.668723469595801756e-02,-0.000000000000000000e+00,-0.000000000000000000e+00,0.000000000000000000e+00,-0.000000000000000000e+00,-5.729406842181895658e-03,-0.000000000000000000e+00
0.000000000000000000e+00,-0.000000000000000000e+00,-0.000000000000000000e+00,-1.814907086048598572e-01,0.000000000000000000e+00,-0.000000000000000000e+00,0.000000000000000000e+00,0.000000000000000000e+00,0.000000000000000000e+00,-0.000000000000000000e+00,0.000000000000000000e+00,-1.030755369019617645e-01,0.000000000000000000e+00,-0.000000000000000000e+00,0.000000000000000000e+00,-0.000000000000000000e+00,-9.247859162238676600e-02,1.562481521431528853e+00,-4.969077859001264086e-01,-0.000000000000000000e+00,-8.363448789353458354e-03,-0.000000000000000000e+00,-0.000000000000000000e+00,0.000000000000000000e+00,-1.155088733946160739e-01,-0.000000000000000000e+00,-0.000000000000000000e+00,-0.000000000000000000e+00,-0.000000000000000000e+00,0.000000000000000000e+00,-0.000000000000000000e+00,-0.000000000000000000e+00,-3.928511665701063249e-01,5.359526769957575869e-03,0.000000000000000000e+00,0.000000000000000000e+00,-0.000000000000000000e+00,-0.000000000000000000e+00,-0.000000000000000000e+00
-0.000000000000000000e+00,-0.000000000000000000e+00,-0.000000000000000000e+00,-0.000000000000000000e+00,0.000000000000000000e+00,-0.000000000000000000e+00,0.000000000000000000e+00,0.000000000000000000e+00,-0.000000000000000000e+00,-5.802452219818477613e-02,-0.000000000000000000e+00,-0.000000000000000000e+00,0.000000000000000000e+00,-0.000000000000000000e+00,-0.000000000000000000e+00,-0.000000000000000000e+00,-0.000000000000000000e+00,-4.969077859001264086e-01,1.633493253152430436e+00,-0.000000000000000000e+00,-0.000000000000000000e+00,-0.000000000000000000e+00,-0.000000000000000000e+00,0.000000000000000000e+00,-0.000000000000000000e+00,-0.000000000000000000e+00,-0.000000000000000000e+00,-0.000000000000000000e+00,-1.363993713692820686e-01,-0.000000000000000000e+00,-0.000000000000000000e+00,-1.120033023946777895e-01,-1.892925571294045983e-01,0.000000000000000000e+00,0.000000000000000000e+00,-0.000000000000000000e+00,-0.000000000000000000e+00,-1.896512558570810081e-01,-2.348181014840208525e-01
-0.000000000000000000e+00,-0.000000000000000000e+00,-4.161988678292315169e-02,-0.000000000000000000e+00,0.000000000000000000e+00,0.000000000000000000e+00,0.000000000000000000e+00,7.633644183657975479e-02,0.000000000000000000e+00,-0.000000000000000000e+00,7.760080947440045618e-02,0.000000000000000000e+00,-0.000000000000000000e+00,2.571373401013567206e-02,1.024412410405146912e-02,-0.000000000000000000e+00,0.000000000000000000e+00,-0.000000000000000000e+00,-0.000000000000000000e+00,1.017247347513642763e+00,-0.000000000000000000e+00,-3.855700803418714989e-02,0.000000000000000000e+00,0.000000000000000000e+00,-0.000000000000000000e+00,-0.000000000000000000e+00,0.000000000000000000e+00,-0.000000000000000000e+00,-0.000000000000000000e+00,0.000000000000000000e+00,-0.000000000000000000e+00,0.000000000000000000e+00,-0.000000000000000000e+00,0.000000000000000000e+00,0.000000000000000000e+00,0.000000000000000000e+00,-0.000000000000000000e+00,-0.000000000000000000e+00,0.000000000000000000e+00
0.000000000000000000e+00,-0.000000000000000000e+00,0.000000000000000000e+00,-0.000000000000000000e+00,0.000000000000000000e+00,-0.000000000000000000e+00,-0.000000000000000000e+00,0.000000000000000000e+00,-0.000000000000000000e+00,-0.000000000000000000e+00,1.543755335809756657e-01,-1.550218041380600487e-01,0.000000000000000000e+00,-0.000000000000000000e+00,-0.000000000000000000e+00,-0.000000000000000000e+00,-0.000000000000000000e+00,-8.363448789353458354e-03,-0.000000000000000000e+00,-0.000000000000000000e+00,1.643616738108219844e+00,-0.000000000000000000e+00,-0.000000000000000000e+00,0.000000000000000000e+00,-6.374122081493037439e-02,-0.000000000000000000e+00,-0.000000000000000000e+00,-9.190702674894198065e-02,-4.659539162059518347e-01,-0.000000000000000000e+00,-0.000000000000000000e+00,-0.000000000000000000e+00,-5.596111256358506925e-01,0.000000000000000000e+00,0.000000000000000000e+00,-0.000000000000000000e+00,-0.000000000000000000e+00,-0.000000000000000000e+00,-0.000000000000000000e+00
0.000000000000000000e+00,-0.000000000000000000e+00,-0.000000000000000000e+00,-0.000000000000000000e+00,-5.498702162630440642e-03,0.000000000000000000e+00,-0.000000000000000000e+00,0.000000000000000000e+00,-0.000000000000000000e+00,0.000000000000000000e+00,0.000000000000000000e+00,-0.000000000000000000e+00,0.000000000000000000e+00,-0.000000000000000000e+00,0.000000000000000000e+00,-0.000000000000000000e+00,-0.000000000000000000e+00,-0.000000000000000000e+00,-0.000000000000000000e+00,-3.855700803418714989e-02,-0.000000000000000000e+00,1.003387888266125794e+00,-0.000000000000000000e+00,-0.000000000000000000e+00,-0.000000000000000000e+00,0.000000000000000000e+00,0.000000000000000000e+00,-3.899425936606108062e-02,-0.000000000000000000e+00,-0.000000000000000000e+00,-1.120830435202816886e-03,-0.000000000000000000e+00,-0.000000000000000000e+00,-9.796980828902525015e-03,0.000000000000000000e+00,0.000000000000000000e+00,0.000000000000000000e+00,-0.000000000000000000e+00,-0.000000000000000000e+00
-0.000000000000000000e+00,-0.000000000000000000e+00,-0.000000000000000000e+00,0.000000000000000000e+00,-0.000000000000000000e+00,0.000000000000000000e+00,-0.000000000000000000e+00,0.000000000000000000e+00,-2.203910332079637713e-01,-0.000000000000000000e+00,-0.000000000000000000e+00,-0.000000000000000000e+00,0.000000000000000000e+00,-4.417808403356889291e-01,-0.000000000000000000e+00,-1.778652208713691341e-01,-0.000000000000000000e+00,-0.000000000000000000e+00,-0.000000000000000000e+00,0.000000000000000000e+00,-0.000000000000000000e+00,-0.000000000000000000e+00,2.283379372376244998e+00,-1.335646806713550461e-01,-1.122922171255533064e+00,-0.000000000000000000e+00,-0.000000000000000000e+00,-0.000000000000000000e+00,-0.000000000000000000e+00,-0.000000000000000000e+00,-0.000000000000000000e+00,-0.000000000000000000e+00,-0.000000000000000000e+00,-0.000000000000000000e+00,-0.000000000000000000e+00,-0.000000000000000000e+00,0.000000000000000000e+00,-0.000000000000000000e+00,-0.000000000000000000e+00
0.000000000000000000e+00,0.000000000000000000e+00,-0.000000000000000000e+00,0.000000000000000000e+00,-1.234218878426329852e-01,1.038038262897744007e-01,-0.000000000000000000e+00,0.000000000000000000e+00,-1.919315123136137724e-01,0.000000000000000000e+00,-0.000000000000000000e+00,-0.000000000000000000e+00,0.000000000000000000e+00,-4.754310574274193679e-01,-0.000000000000000000e+00,0.000000000000000000e+00,-0.000000000000000000e+00,0.000000000000000000e+00,0.000000000000000000e+00,0.000000000000000000e+00,0.000000000000000000e+00,-0.000000000000000000e+00,-1.335646806713550461e-01,1.510575985914557107e+00,-1.254582879040591348e-01,-0.000000000000000000e+00,-0.000000000000000000e+00,-0.000000000000000000e+00,0.000000000000000000e+00,0.000000000000000000e+00,-3.980970767812871958e-02,0.000000000000000000e+00,0.000000000000000000e+00,-0.000000000000000000e+00,-0.000000000000000000e+00,0.000000000000000000e+00,0.000000000000000000e+00,-0.000000000000000000e+00,-0.000000000000000000e+00
-0.000000000000000000e+00,-0.000000000000000000e+00,-0.000000000000000000e+00,-0.000000000000000000e+00,-0.000000000000000000e+00,-0.000000000000000000e+00,-0.000000000000000000e+00,0.000000000000000000e+00,-1.547472128283392534e-01,-0.000000000000000000e+00,-0.000000000000000000e+00,-0.000000000000000000e+00,2.725254077835423741e-02,-1.866222172546775082e-01,-0.000000000000000000e+00,-9.243472906066784942e-03,-0.000000000000000000e+00,-1.155088733946160739e-01,-0.000000000000000000e+00,-0.000000000000000000e+00,-6.374122081493037439e-02,-0.000000000000000000e+00,-1.122922171255533064e+00,-1.254582879040591348e-01,2.246999016737182941e+00,-1.576757549053212359e-01,-0.000000000000000000e+00,-0.000000000000000000e+00,-0.000000000000000000e+00,-0.000000000000000000e+00,-1.825562909703285497e-01,-0.000000000000000000e+00,-0.000000000000000000e+00,-0.000000000000000000e+00,-0.000000000000000000e+00,-0.000000000000000000e+00,-0.000000000000000000e+00,-5.720590524751691802e-02,-0.000000000000000000e+00
-2.153223781385293634e-01,-0.000000000000000000e+00,-3.909314995437909723e-01,-0.000000000000000000e+00,-0.000000000000000000e+00,-0.000000000000000000e+00,0.000000000000000000e+00,5.084197160539712795e-02,-2.448801939688515991e-02,-1.543927761353382777e-01,-0.000000000000000000e+00,-0.000000000000000000e+00,2.648524271766176941e-02,-0.000000000000000000e+00,0.000000000000000000e+00,-0.000000000000000000e+00,-0.000000000000000000e+00,-0.000000000000000000e+00,-0.000000000000000000e+00,-0.000000000000000000e+00,-0.000000000000000000e+00,0.000000000000000000e+00,-0.000000000000000000e+00,-0.000000000000000000e+00,-1.576757549053212359e-01,2.325325789587027625e+00,-7.452339600239122896e-01,-0.000000000000000000e+00,-2.764289038940268561e-01,-0.000000000000000000e+00,-4.134400740991878709e-01,-0.000000000000000000e+00,-0.000000000000000000e+00,-0.000000000000000000e+00,-1.712105001516317851e-02,-0.000000000000000000e+00,-0.000000000000000000e+00,-3.347187499370818387e-02,-0.000000000000000000e+00
-7.881958579673352394e-02,-0.000000000000000000e+00,-0.000000000000000000e+00,-0.000000000000000000e+00,-0.000000000000000000e+00,-0.000000000000000000e+00,0.000000000000000000e+00,0.000000000000000000e+00,-4.000685512864453341e-02,-4.205088682517493792e-02,-0.000000000000000000e+00,0.000000000000000000e+00,0.000000000000000000e+00,-1.107291915751636296e-01,-0.000000000000000000e+00,-0.000000000000000000e+00,0.000000000000000000e+00,-0.000000000000000000e+00,-0.000000000000000000e+00,0.000000000000000000e+00,-0.000000000000000000e+00,0.000000000000000000e+00,-0.000000000000000000e+00,-0.000000000000000000e+00,-0.000000000000000000e+00,-7.452339600239122896e-01,1.934045169361128025e+00,0.000000000000000000e+00,-0.000000000000000000e+00,-0.000000000000000000e+00,-2.605641581208615887e-01,-0.000000000000000000e+00,-0.000000000000000000e+00,0.000000000000000000e+00,-1.129372453293075590e-01,-1.572047786677377990e-01,-3.100349889011752014e-01,-0.000000000000000000e+00,-0.000000000000000000e+00
3.148770031758573590e-02,0.000000000000000000e+00,0.000000000000000000e+00,0.000000000000000000e+00,0.000000000000000000e+00,-0.000000000000000000e+00,-3.229631012886070851e-02,-0.000000000000000000e+00,-0.000000000000000000e+00,0.000000000000000000e+00,2.032871322635558878e-02,-8.934771350053150041e-02,-1.699756832672908932e-02,-0.000000000000000000e+00,-0.000000000000000000e+00,0.000000000000000000e+00,-0.000000000000000000e+00,-0.000000000000000000e+00,-0.000000000000000000e+00,-0.000000000000000000e+00,-9.190702674894198065e-02,-3.899425936606108062e-02,-0.000000000000000000e+00,-0.000000000000000000e+00,-0.000000000000000000e+00,-0.000000000000000000e+00,0.000000000000000000e+00,1.221846106305047419e+00,-0.000000000000000000e+00,0.000000000000000000e+00,-3.100242198307668895e-01,-0.000000000000000000e+00,-2.217427463413954858e-01,0.000000000000000000e+00,0.000000000000000000e+00,0.000000000000000000e+00,-0.000000000000000000e+00,-0.000000000000000000e+00,0.000000000000000000e+00
-0.000000000000000000e+00,-0.000000000000000000e+00,-0.000000000000000000e+00,-0.000000000000000000e+00,0.000000000000000000e+00,-7.396706253089153915e-02,0.000000000000000000e+00,0.000000000000000000e+00,-0.000000000000000000e+00,-1.894976003294453482e-01,-0.000000000000000000e+00,-0.000000000000000000e+00,1.141112686341226416e-02,-0.000000000000000000e+00,-0.000000000000000000e+00,-0.000000000000000000e+00,-7.781216937701529446e-02,-0.000000000000000000e+00,-1.363993713692820686e-01,-0.000000000000000000e+00,-4.659539162059518347e-01,-0.000000000000000000e+00,-0.000000000000000000e+00,0.000000000000000000e+00,-0.000000000000000000e+00,-2.764289038940268561e-01,-0.000000000000000000e+00,-0.000000000000000000e+00,2.666903206246244551e+00,-7.285350364417126148e-03,-1.403986574567468448e-01,-8.245374096224662441e-01,-4.847382662662114150e-01,-0.000000000000000000e+00,-0.000000000000000000e+00,-0.000000000000000000e+00,-1.352892632999670997e-01,-1.778522615374755755e-01,-0.000000000000000000e+00
-2.090249344345026516e-01,-6.793009638417986384e-02,0.000000000000000000e+00,-0.000000000000000000e+00,-0.000000000000000000e+00,-0.000000000000000000e+00,-0.000000000000000000e+00,-0.000000000000000000e+00,-0.000000000000000000e+00,-5.514656428555572143e-01,-0.000000000000000000e+00,-0.000000000000000000e+00,0.000000000000000000e+00,-0.000000000000000000e+00,-0.000000000000000000e+00,-5.024693262634758462e-01,-0.000000000000000000e+00,0.000000000000000000e+00,-0.000000000000000000e+00,0.000000000000000000e+00,-0.000000000000000000e+00,-0.000000000000000000e+00,-0.000000000000000000e+00,0.000000000000000000e+00,-0.000000000000000000e+00,-0.000000000000000000e+00,-0.000000000000000000e+00,0.000000000000000000e+00,-7.285350364417126148e-03,2.035058767069333197e+00,0.000000000000000000e+00,-1.354976017544377020e-01,-0.000000000000000000e+00,-1.655788100763326831e-01,-0.000000000000000000e+00,-1.092592616458768900e-01,-0.000000000000000000e+00,-1.945326989661750605e-01,-0.000000000000000000e+00
-0.000000000000000000e+00,-0.000000000000000000e+00,-1.637466167075613543e-01,-0.000000000000000000e+00,-0.000000000000000000e+00,-0.000000000000000000e+00,-0.000000000000000000e+00,5.258613679960144616e-02,-1.665716251417278526e-01,-0.000000000000000000e+00,-0.000000000000000000e+00,-0.000000000000000000e+00,0.000000000000000000e+00,-1.054045370146511201e-01,-0.000000000000000000e+00,-0.000000000000000000e+00,-0.000000000000000000e+00,-0.000000000000000000e+00,-0.000000000000000000e+00,-0.000000000000000000e+00,-0.000000000000000000e+00,-1.120830435202816886e-03,-0.000000000000000000e+00,-3.980970767812871958e-02,-1.825562909703285497e-01,-4.134400740991878709e-01,-2.605641581208615887e-01,-3.100242198307668895e-01,-1.403986574567468448e-01,0.000000000000000000e+00,1.954159818389193504e+00,-0.000000000000000000e+00,-1.112482254807207749e-01,-0.000000000000000000e+00,-4.268565882042996140e-02,-0.000000000000000000e+00,-1.371829723479744134e-01,-0.000000000000000000e+00,-0.000000000000000000e+00
-7.905105559632313525e-03,-3.012870380019851968e-01,-0.000000000000000000e+00,-0.000000000000000000e+00,0.000000000000000000e+00,-2.267599342866398471e-01,0.000000000000000000e+00,0.000000000000000000e+00,-0.000000000000000000e+00,-0.000000000000000000e+00,-0.000000000000000000e+00,-0.000000000000000000e+00,0.000000000000000000e+00,-0.000000000000000000e+00,-0.000000000000000000e+00,-0.000000000000000000e+00,-2.747006247823242653e-01,-0.000000000000000000e+00,-1.120033023946777895e-01,0.000000000000000000e+00,-0.000000000000000000e+00,-0.000000000000000000e+00,-0.000000000000000000e+00,0.000000000000000000e+00,-0.000000000000000000e+00,-0.000000000000000000e+00,-0.000000000000000000e+00,-0.000000000000000000e+00,-8.245374096224662441e-01,-1.354976017544377020e-01,-0.000000000000000000e+00,2.350100645020840151e+00,-1.384980206403585989e-01,-0.000000000000000000e+00,-0.000000000000000000e+00,-0.000000000000000000e+00,-4.744181743970560250e-01,-1.849086650066993770e-02,-0.000000000000000000e+00
0.000000000000000000e+00,-0.000000000000000000e+00,-0.000000000000000000e+00,-0.000000000000000000e+00,0.000000000000000000e+00,-3.531856390920071753e-01,0.000000000000000000e+00,0.000000000000000000e+00,-0.000000000000000000e+00,-0.000000000000000000e+00,0.000000000000000000e+00,-1.761068379322509314e-01,0.000000000000000000e+00,-0.000000000000000000e+00,-0.000000000000000000e+00,0.000000000000000000e+00,-2.668723469595801756e-02,-3.928511665701063249e-01,-1.892925571294045983e-01,-0.000000000000000000e+00,-5.596111256358506925e-01,-0.000000000000000000e+00,-0.000000000000000000e+00,0.000000000000000000e+00,-0.000000000000000000e+00,-0.000000000000000000e+00,-0.000000000000000000e+00,-2.217427463413954858e-01,-4.847382662662114150e-01,-0.000000000000000000e+00,-1.112482254807207749e-01,-1.384980206403585989e-01,2.340608834807425875e+00,0.000000000000000000e+00,0.000000000000000000e+00,-0.000000000000000000e+00,-8.346762374551401631e-02,-0.000000000000000000e+00,-0.000000000000000000e+00
-2.099629474019949760e-02,-0.000000000000000000e+00,-0.000000000000000000e+00,-0.000000000000000000e+00,-7.772880432164810394e-01,1.860101757341280360e-01,-0.000000000000000000e+00,0.000000000000000000e+00,-2.827460052125826406e-01,-0.000000000000000000e+00,-0.000000000000000000e+00,-1.389553604123974773e-01,2.553000960112368489e-02,-3.643293333649973847e-02,-0.000000000000000000e+00,-0.000000000000000000e+00,-0.000000000000000000e+00,5.359526769957575869e-03,0.000000000000000000e+00,0.000000000000000000e+00,0.000000000000000000e+00,-9.796980828902525015e-03,-0.000000000000000000e+00,-0.000000000000000000e+00,-0.000000000000000000e+00,-0.000000000000000000e+00,0.000000000000000000e+00,0.000000000000000000e+00,-0.000000000000000000e+00,-1.655788100763326831e-01,-0.000000000000000000e+00,-0.000000000000000000e+00,0.000000000000000000e+00,1.798173555011311819e+00,0.000000000000000000e+00,0.000000000000000000e+00,0.000000000000000000e+00,-1.139338854668591888e-01,-0.000000000000000000e+00
-2.530327743871164103e-01,0.000000000000000000e+00,-0.000000000000000000e+00,0.000000000000000000e+00,-0.000000000000000000e+00,-0.000000000000000000e+00,0.000000000000000000e+00,0.000000000000000000e+00,-0.000000000000000000e+00,-0.000000000000000000e+00,-2.589461659482253722e-02,0.000000000000000000e+00,0.000000000000000000e+00,-0.000000000000000000e+00,-0.000000000000000000e+00,-0.000000000000000000e+00,-0.000000000000000000e+00,0.000000000000000000e+00,0.000000000000000000e+00,0.000000000000000000e+00,0.000000000000000000e+00,0.000000000000000000e+00,-0.000000000000000000e+00,-0.000000000000000000e+00,-0.000000000000000000e+00,-1.712105001516317851e-02,-1.129372453293075590e-01,0.000000000000000000e+00,-0.000000000000000000e+00,-0.000000000000000000e+00,-4.268565882042996140e-02,-0.000000000000000000e+00,0.000000000000000000e+00,0.000000000000000000e+00,1.211112391313314163e+00,-0.000000000000000000e+00,-2.271848550716708826e-01,0.000000000000000000e+00,0.000000000000000000e+00
-0.000000000000000000e+00,-3.167281711170347180e-01,0.000000000000000000e+00,0.000000000000000000e+00,0.000000000000000000e+00,-8.463713961617115589e-02,-0.000000000000000000e+00,-0.000000000000000000e+00,-0.000000000000000000e+00,-2.362792652198819898e-01,-0.000000000000000000e+00,0.000000000000000000e+00,-0.000000000000000000e+00,-0.000000000000000000e+00,0.000000000000000000e+00,-8.246111867617610114e-02,0.000000000000000000e+00,0.000000000000000000e+00,-0.000000000000000000e+00,0.000000000000000000e+00,-0.000000000000000000e+00,0.000000000000000000e+00,-0.000000000000000000e+00,0.000000000000000000e+00,-0.000000000000000000e+00,-0.000000000000000000e+00,-1.572047786677377990e-01,0.000000000000000000e+00,-0.000000000000000000e+00,-1.092592616458768900e-01,-0.000000000000000000e+00,-0.000000000000000000e+00,-0.000000000000000000e+00,0.000000000000000000e+00,-0.000000000000000000e+00,1.397553700560838497e+00,-2.701365812598336552e-02,-0.000000000000000000e+00,-0.000000000000000000e+00
-0.000000000000000000e+00,-0.000000000000000000e+00,-0.000000000000000000e+00,0.000000000000000000e+00,0.000000000000000000e+00,-4.860525113547939924e-01,2.353588480242615414e-03,0.000000000000000000e+00,0.000000000000000000e+00,-0.000000000000000000e+00,-0.000000000000000000e+00,-0.000000000000000000e+00,0.000000000000000000e+00,-0.000000000000000000e+00,-0.000000000000000000e+00,0.000000000000000000e+00,-0.000000000000000000e+00,-0.000000000000000000e+00,-0.000000000000000000e+00,-0.000000000000000000e+00,-0.000000000000000000e+00,0.000000000000000000e+00,0.000000000000000000e+00,0.000000000000000000e+00,-0.000000000000000000e+00,-0.000000000000000000e+00,-3.100349889011752014e-01,-0.000000000000000000e+00,-1.352892632999670997e-01,-0.000000000000000000e+00,-1.371829723479744134e-01,-4.744181743970560250e-01,-8.346762374551401631e-02,0.000000000000000000e+00,-2.271848550716708826e-01,-2.701365812598336552e-02,1.885952983433466068e+00,-0.000000000000000000e+00,0.000000000000000000e+00
-8.905304921796533546e-02,-0.000000000000000000e+00,-0.000000000000000000e+00,-1.759941685670820544e-01,-0.000000000000000000e+00,0.000000000000000000e+00,-0.000000000000000000e+00,0.000000000000000000e+00,-2.769363844343993852e-01,-0.000000000000000000e+00,-0.000000000000000000e+00,-0.000000000000000000e+00,3.283776062306546506e-01,-7.273712293304354648e-02,-0.000000000000000000e+00,-2.147557494199121286e-01,-5.729406842181895658e-03,-0.000000000000000000e+00,-1.896512558570810081e-01,-0.000000000000000000e+00,-0.000000000000000000e+00,-0.000000000000000000e+00,-0.000000000000000000e+00,-0.000000000000000000e+00,-5.720590524751691802e-02,-3.347187499370818387e-02,-0.000000000000000000e+00,-0.000000000000000000e+00,-1.778522615374755755e-01,-1.945326989661750605e-01,-0.000000000000000000e+00,-1.849086650066993770e-02,-0.000000000000000000e+00,-1.139338854668591888e-01,0.000000000000000000e+00,-0.000000000000000000e+00,-0.000000000000000000e+00,2.272578294649095110e+00,-6.944321963339262771e-01
-0.000000000000000000e+00,-2.212774803319106365e-01,-0.000000000000000000e+00,-3.196637176481242903e-02,-0.000000000000000000e+00,-0.000000000000000000e+00,-0.000000000000000000e+00,0.000000000000000000e+00,-7.304467369050993142e-02,-0.000000000000000000e+00,-0.000000000000000000e+00,-0.000000000000000000e+00,0.000000000000000000e+00,-2.454237580501571758e-01,-0.000000000000000000e+00,-7.188443379542237832e-02,-0.000000000000000000e+00,-0.000000000000000000e+00,-2.348181014840208525e-01,0.000000000000000000e+00,-0.000000000000000000e+00,-0.000000000000000000e+00,-0.000000000000000000e+00,-0.000000000000000000e+00,-0.000000000000000000e+00,-0.000000000000000000e+00,-0.000000000000000000e+00,0.000000000000000000e+00,-0.000000000000000000e+00,-0.000000000000000000e+00,-0.000000000000000000e+00,-0.000000000000000000e+00,-0.000000000000000000e+00,-0.000000000000000000e+00,0.000000000000000000e+00,-0.000000000000000000e+00,0.000000000000000000e+00,-6.944321963339262771e-01,1.786088580183136765e+00
