1.693127501999619700e+00,-6.452722967523500941e-01,-0.000000000000000000e+00,8.176183999840296035e-02,-0.000000000000000000e+00,3.971235750451969360e-02,0.000000000000000000e+00,0.000000000000000000e+00,-2.989394119434719554e-01,-5.640804215093067403e-04,0.000000000000000000e+00,-0.000000000000000000e+00,0.000000000000000000e+00,-7.815993241277294223e-02,-0.000000000000000000e+00,-0.000000000000000000e+00,-0.000000000000000000e+00,-0.000000000000000000e+00,-0.000000000000000000e+00,-0.000000000000000000e+00,0.000000000000000000e+00,0.000000000000000000e+00,-1.341311198065025904e-02,-0.000000000000000000e+00,-0.000000000000000000e+00,-0.000000000000000000e+00,-0.000000000000000000e+00,-0.000000000000000000e+00,-0.000000000000000000e+00,-0.000000000000000000e+00,-0.000000000000000000e+00,-0.000000000000000000e+00,-0.000000000000000000e+00,-2.309896713263775991e-01,-5.824725787825809145e-03,-6.987086698154412745e-02,-0.000000000000000000e+00,-0.000000000000000000e+00,-0.000000000000000000e+00
-6.452722967523500941e-01,2.219505732306200851e+00,-0.000000000000000000e+00,0.000000000000000000e+00,-0.000000000000000000e+00,8.722904417260216037e-02,-0.000000000000000000e+00,-0.000000000000000000e+00,-1.721191866993766750e-01,-0.000000000000000000e+00,0.000000000000000000e+00,-2.927808231739649492e-02,0.000000000000000000e+00,-0.000000000000000000e+00,-3.661224286135371098e-01,-0.000000000000000000e+00,0.000000000000000000e+00,-0.000000000000000000e+00,-0.000000000000000000e+00,-0.000000000000000000e+00,-0.000000000000000000e+00,0.000000000000000000e+00,-3.234650483398545523e-02,-0.000000000000000000e+00,-3.691615618786128067e-02,-0.000000000000000000e+00,-0.000000000000000000e+00,-0.000000000000000000e+00,-0.000000000000000000e+00,-0.000000000000000000e+00,-0.000000000000000000e+00,-5.971638878356322344e-01,-0.000000000000000000e+00,-2.315196624171733664e-02,-1.524163581135367374e-01,-2.251639133378825208e-01,-0.000000000000000000e+00,-0.000000000000000000e+00,-0.000000000000000000e+00
-0.000000000000000000e+00,-0.000000000000000000e+00,3.135595857801787290e+00,-0.000000000000000000e+00,-5.047808681608226822e-01,-0.000000000000000000e+00,-0.000000000000000000e+00,1.423675706296276378e+00,-0.000000000000000000e+00,-0.000000000000000000e+00,-0.000000000000000000e+00,-0.000000000000000000e+00,-0.000000000000000000e+00,-1.902269601076178318e-01,0.000000000000000000e+00,-9.842336420581312105e-04,-0.000000000000000000e+00,-0.000000000000000000e+00,-0.000000000000000000e+00,-2.137442198033866897e-02,-0.000000000000000000e+00,-2.166657699606713561e-01,-0.000000000000000000e+00,-0.000000000000000000e+00,-0.000000000000000000e+00,-0.000000000000000000e+00,-0.000000000000000000e+00,-2.581169339395091369e-02,-0.000000000000000000e+00,-0.000000000000000000e+00,-0.000000000000000000e+00,-0.000000000000000000e+00,-5.424881358912521101e-01,-2.898376224928561062e-01,-0.000000000000000000e+00,-0.000000000000000000e+00,-0.000000000000000000e+00,-7.517886723975950036e-02,-0.000000000000000000e+00
8.176183999840296035e-02,0.000000000000000000e+00,-0.000000000000000000e+00,1.194096325286147620e+00,-0.000000000000000000e+00,-0.000000000000000000e+00,0.000000000000000000e+00,0.000000000000000000e+00,-0.000000000000000000e+00,-0.000000000000000000e+00,0.000000000000000000e+00,-0.000000000000000000e+00,0.000000000000000000e+00,0.000000000000000000e+00,0.000000000000000000e+00,-0.000000000000000000e+00,0.000000000000000000e+00,-0.000000000000000000e+00,-0.000000000000000000e+00,-0.000000000000000000e+00,0.000000000000000000e+00,0.000000000000000000e+00,3.752717576727527399e-02,0.000000000000000000e+00,0.000000000000000000e+00,0.000000000000000000e+00,0.000000000000000000e+00,2.084392602992926891e-01,1.178536060298561172e-01,-0.000000000000000000e+00,1.904327732057976008e-01,0.000000000000000000e+00,0.000000000000000000e+00,0.000000000000000000e+00,0.000000000000000000e+00,0.000000000000000000e+00,0.000000000000000000e+00,0.000000000000000000e+00,-0.000000000000000000e+00
-0.000000000000000000e+00,-0.000000000000000000e+00,-5.047808681608226822e-01,-0.000000000000000000e+00,2.135117302310984844e+00,-0.000000000000000000e+00,-0.000000000000000000e+00,3.544940083791487950e-01,-0.000000000000000000e+00,-0.000000000000000000e+00,-0.000000000000000000e+00,-0.000000000000000000e+00,-0.000000000000000000e+00,-0.000000000000000000e+00,0.000000000000000000e+00,-4.481180214056529332e-01,-0.000000000000000000e+00,-2.749709310896395614e-02,-0.000000000000000000e+00,-0.000000000000000000e+00,-0.000000000000000000e+00,-6.609808007272924280e-02,-0.000000000000000000e+00,-1.183072751281933344e-01,-0.000000000000000000e+00,-0.000000000000000000e+00,-2.365980627405210243e-02,-0.000000000000000000e+00,-0.000000000000000000e+00,-2.194349474845263756e-02,-0.000000000000000000e+00,-0.000000000000000000e+00,-0.000000000000000000e+00,-2.890540343701622494e-01,-0.000000000000000000e+00,-0.000000000000000000e+00,-0.000000000000000000e+00,-9.400823241409492215e-02,-8.752943565544824001e-02
3.971235750451969360e-02,8.722904417260216037e-02,-0.000000000000000000e+00,-0.000000000000000000e+00,-0.000000000000000000e+00,1.743844790578009896e+00,0.000000000000000000e+00,0.000000000000000000e+00,5.554944707729371489e-02,0.000000000000000000e+00,-1.468021677785701085e-01,4.319693265287302686e-02,-2.699582198515501283e-02,0.000000000000000000e+00,6.201135421174513995e-01,-0.000000000000000000e+00,-4.636979546787742268e-01,0.000000000000000000e+00,1.103960462075536386e-01,0.000000000000000000e+00,0.000000000000000000e+00,-6.027690657946923464e-02,0.000000000000000000e+00,0.000000000000000000e+00,0.000000000000000000e+00,-0.000000000000000000e+00,-0.000000000000000000e+00,0.000000000000000000e+00,0.000000000000000000e+00,-0.000000000000000000e+00,-0.000000000000000000e+00,0.000000000000000000e+00,0.000000000000000000e+00,0.000000000000000000e+00,0.000000000000000000e+00,-0.000000000000000000e+00,-0.000000000000000000e+00,1.489646227973371595e-01,6.287136709138357871e-02
0.000000000000000000e+00,-0.000000000000000000e+00,-0.000000000000000000e+00,0.000000000000000000e+00,-0.000000000000000000e+00,0.000000000000000000e+00,1.746185724417985696e+00,0.000000000000000000e+00,0.000000000000000000e+00,0.000000000000000000e+00,-0.000000000000000000e+00,-1.460511813623264488e-01,-0.000000000000000000e+00,-0.000000000000000000e+00,-1.260202038465389196e-01,-0.000000000000000000e+00,0.000000000000000000e+00,-0.000000000000000000e+00,-1.057686524439692966e-01,-4.311379213928123733e-02,-9.121887069644418755e-02,-0.000000000000000000e+00,-0.000000000000000000e+00,-0.000000000000000000e+00,-1.827607160051354374e-01,-0.000000000000000000e+00,-2.343355499877869119e-01,-3.215884032016222416e-01,-0.000000000000000000e+00,3.129086182182039266e-01,-2.840194427269631672e-01,-0.000000000000000000e+00,-0.000000000000000000e+00,-0.000000000000000000e+00,-3.991935245230462254e-02,-0.000000000000000000e+00,-4.063505735806904884e-02,-0.000000000000000000e+00,-0.000000000000000000e+00
0.000000000000000000e+00,-0.000000000000000000e+00,1.423675706296276378e+00,0.000000000000000000e+00,3.544940083791487950e-01,0.000000000000000000e+00,0.000000000000000000e+00,2.383591300729520857e+00,0.000000000000000000e+00,0.000000000000000000e+00,0.000000000000000000e+00,0.000000000000000000e+00,0.000000000000000000e+00,9.998466862976848613e-02,-0.000000000000000000e+00,0.000000000000000000e+00,0.000000000000000000e+00,0.000000000000000000e+00,0.000000000000000000e+00,0.000000000000000000e+00,0.000000000000000000e+00,1.665427199832554550e-02,0.000000000000000000e+00,0.000000000000000000e+00,0.000000000000000000e+00,0.000000000000000000e+00,0.000000000000000000e+00,1.125572166120438339e-01,0.000000000000000000e+00,0.000000000000000000e+00,0.000000000000000000e+00,0.000000000000000000e+00,3.161461551097662775e-02,0.000000000000000000e+00,0.000000000000000000e+00,0.000000000000000000e+00,0.000000000000000000e+00,0.000000000000000000e+00,0.000000000000000000e+00
-2.989394119434719554e-01,-1.721191866993766750e-01,-0.000000000000000000e+00,-0.000000000000000000e+00,-0.000000000000000000e+00,5.554944707729371489e-02,0.000000000000000000e+00,0.000000000000000000e+00,2.463177356206492252e+00,-7.498842519319113276e-01,9.989334115585557505e-02,-0.000000000000000000e+00,2.574986758855986047e-01,-0.000000000000000000e+00,-0.000000000000000000e+00,-0.000000000000000000e+00,0.000000000000000000e+00,-7.162736001531855301e-02,-2.315791846761548756e-01,-0.000000000000000000e+00,0.000000000000000000e+00,0.000000000000000000e+00,-0.000000000000000000e+00,-0.000000000000000000e+00,-0.000000000000000000e+00,-0.000000000000000000e+00,-0.000000000000000000e+00,0.000000000000000000e+00,-0.000000000000000000e+00,-4.001209087304581913e-01,0.000000000000000000e+00,-0.000000000000000000e+00,-0.000000000000000000e+00,-8.222559513024217670e-02,-0.000000000000000000e+00,0.000000000000000000e+00,0.000000000000000000e+00,-3.486276331018876573e-01,-9.584745849534513640e-02
-5.640804215093067403e-04,-0.000000000000000000e+00,-0.000000000000000000e+00,-0.000000000000000000e+00,-0.000000000000000000e+00,0.000000000000000000e+00,0.000000000000000000e+00,0.000000000000000000e+00,-7.498842519319113276e-01,2.718576094806046228e+00,0.000000000000000000e+00,-0.000000000000000000e+00,9.393168830439407868e-02,-0.000000000000000000e+00,-0.000000000000000000e+00,-1.607754284111974075e-01,0.000000000000000000e+00,-0.000000000000000000e+00,-0.000000000000000000e+00,-0.000000000000000000e+00,0.000000000000000000e+00,0.000000000000000000e+00,-0.000000000000000000e+00,-0.000000000000000000e+00,-0.000000000000000000e+00,-0.000000000000000000e+00,-0.000000000000000000e+00,0.000000000000000000e+00,-0.000000000000000000e+00,-6.941170255628024144e-01,0.000000000000000000e+00,-0.000000000000000000e+00,-0.000000000000000000e+00,-7.982751302668908422e-02,0.000000000000000000e+00,0.000000000000000000e+00,0.000000000000000000e+00,-1.495701115941220627e-01,-8.422627675996897656e-01
0.000000000000000000e+00,0.000000000000000000e+00,-0.000000000000000000e+00,0.000000000000000000e+00,-0.000000000000000000e+00,-1.468021677785701085e-01,-0.000000000000000000e+00,0.000000000000000000e+00,9.989334115585557505e-02,0.000000000000000000e+00,1.211371058868771833e+00,0.000000000000000000e+00,-6.745206979800258407e-02,-0.000000000000000000e+00,0.000000000000000000e+00,-0.000000000000000000e+00,-0.000000000000000000e+00,0.000000000000000000e+00,1.806706424164641056e-01,0.000000000000000000e+00,-5.466980420692713061e-02,-0.000000000000000000e+00,0.000000000000000000e+00,0.000000000000000000e+00,0.000000000000000000e+00,-0.000000000000000000e+00,-3.650208226154343094e-02,-0.000000000000000000e+00,-1.786625947782502777e-01,0.000000000000000000e+00,-2.970534770787104373e-01,-1.086646508178013698e-02,-0.000000000000000000e+00,0.000000000000000000e+00,-0.000000000000000000e+00,-5.752427328513342458e-02,-0.000000000000000000e+00,0.000000000000000000e+00,-0.000000000000000000e+00
-0.000000000000000000e+00,-2.927808231739649492e-02,-0.000000000000000000e+00,-0.000000000000000000e+00,-0.000000000000000000e+00,4.319693265287302686e-02,-1.460511813623264488e-01,0.000000000000000000e+00,-0.000000000000000000e+00,-0.000000000000000000e+00,0.000000000000000000e+00,2.101181215198118846e+00,0.000000000000000000e+00,-5.160042088819176420e-02,-4.447052638962906701e-01,-0.000000000000000000e+00,1.527827497924877931e-01,-5.189517725291126204e-01,-3.154514742526486892e-01,-0.000000000000000000e+00,-9.497175581864602568e-04,-0.000000000000000000e+00,-0.000000000000000000e+00,-2.282220968947620554e-01,-5.815077096482823560e-02,-0.000000000000000000e+00,-0.000000000000000000e+00,-0.000000000000000000e+00,-0.000000000000000000e+00,0.000000000000000000e+00,-0.000000000000000000e+00,-9.488473115345406883e-02,-2.012278741032292803e-02,-0.000000000000000000e+00,-0.000000000000000000e+00,-0.000000000000000000e+00,-0.000000000000000000e+00,-6.960744625782605555e-02,-0.000000000000000000e+00
0.000000000000000000e+00,0.000000000000000000e+00,-0.000000000000000000e+00,0.000000000000000000e+00,-0.000000000000000000e+00,-2.699582198515501283e-02,-0.000000000000000000e+00,0.000000000000000000e+00,2.574986758855986047e-01,9.393168830439407868e-02,-6.745206979800258407e-02,0.000000000000000000e+00,1.220709749499179209e+00,-0.000000000000000000e+00,0.000000000000000000e+00,-0.000000000000000000e+00,-0.000000000000000000e+00,0.000000000000000000e+00,1.269151445090341279e-01,0.000000000000000000e+00,-0.000000000000000000e+00,-1.718722711027166061e-01,-0.000000000000000000e+00,-0.000000000000000000e+00,-0.000000000000000000e+00,0.000000000000000000e+00,-0.000000000000000000e+00,-0.000000000000000000e+00,0.000000000000000000e+00,8.524763533212492694e-02,-2.135826619551136896e-01,0.000000000000000000e+00,-0.000000000000000000e+00,-0.000000000000000000e+00,-0.000000000000000000e+00,-5.318387827502519399e-02,-0.000000000000000000e+00,0.000000000000000000e+00,0.000000000000000000e+00
-7.815993241277294223e-02,-0.000000000000000000e+00,-1.902269601076178318e-01,0.000000000000000000e+00,-0.000000000000000000e+00,0.000000000000000000e+00,-0.000000000000000000e+00,9.998466862976848613e-02,-0.000000000000000000e+00,-0.000000000000000000e+00,-0.000000000000000000e+00,-5.160042088819176420e-02,-0.000000000000000000e+00,2.328014670469224612e+00,-0.000000000000000000e+00,-0.000000000000000000e+00,0.000000000000000000e+00,-2.258471968906935745e-01,-0.000000000000000000e+00,-2.420001808008705874e-02,-0.000000000000000000e+00,-0.000000000000000000e+00,-0.000000000000000000e+00,-3.637985596893424933e-01,-0.000000000000000000e+00,-5.387861722437901207e-02,-0.000000000000000000e+00,-0.000000000000000000e+00,-3.044531734527360922e-01,-0.000000000000000000e+00,-0.000000000000000000e+00,-0.000000000000000000e+00,-4.972141474747119316e-01,-1.706017215567704748e-01,-3.046421548735640528e-01,-0.000000000000000000e+00,-1.524277988904231863e-02,-0.000000000000000000e+00,-1.832796785790266961e-02
-0.000000000000000000e+00,-3.661224286135371098e-01,0.000000000000000000e+00,0.000000000000000000e+00,0.000000000000000000e+00,6.201135421174513995e-01,-1.260202038465389196e-01,-0.000000000000000000e+00,-0.000000000000000000e+00,-0.000000000000000000e+00,0.000000000000000000e+00,-4.447052638962906701e-01,0.000000000000000000e+00,-0.000000000000000000e+00,1.933492681986505257e+00,0.000000000000000000e+00,0.000000000000000000e+00,-0.000000000000000000e+00,-0.000000000000000000e+00,-1.685905995251463507e-01,-0.000000000000000000e+00,0.000000000000000000e+00,-0.000000000000000000e+00,-0.000000000000000000e+00,-2.524756662507150751e-02,-0.000000000000000000e+00,-0.000000000000000000e+00,-0.000000000000000000e+00,-6.750550289961118611e-02,0.000000000000000000e+00,0.000000000000000000e+00,-0.000000000000000000e+00,-0.000000000000000000e+00,-0.000000000000000000e+00,-8.550329807053042019e-02,-0.000000000000000000e+00,-0.000000000000000000e+00,-0.000000000000000000e+00,-0.000000000000000000e+00
-0.000000000000000000e+00,-0.000000000000000000e+00,-9.842336420581312105e-04,-0.000000000000000000e+00,-4.481180214056529332e-01,-0.000000000000000000e+00,-0.000000000000000000e+00,0.000000000000000000e+00,-0.000000000000000000e+00,-1.607754284111974075e-01,-0.000000000000000000e+00,-0.000000000000000000e+00,-0.000000000000000000e+00,-0.000000000000000000e+00,0.000000000000000000e+00,2.180712427397265785e+00,-0.000000000000000000e+00,-0.000000000000000000e+00,-0.000000000000000000e+00,-0.000000000000000000e+00,-0.000000000000000000e+00,-1.813207007132221216e-01,-2.935682192859916106e-02,-1.499987043558504152e-01,-4.860709493450549035e-02,-4.036274749777206128e-01,-8.696322739441629535e-02,-0.000000000000000000e+00,-0.000000000000000000e+00,-0.000000000000000000e+00,-0.000000000000000000e+00,-0.000000000000000000e+00,-0.000000000000000000e+00,-0.000000000000000000e+00,-0.000000000000000000e+00,-0.000000000000000000e+00,-0.000000000000000000e+00,-2.738297150634375621e-01,-3.978702029785780581e-01
-0.000000000000000000e+00,0.000000000000000000e+00,-0.000000000000000000e+00,0.000000000000000000e+00,-0.000000000000000000e+00,-4.636979546787742268e-01,0.000000000000000000e+00,0.000000000000000000e+00,0.000000000000000000e+00,0.000000000000000000e+00,-0.000000000000000000e+00,1.527827497924877931e-01,-0.000000000000000000e+00,0.000000000000000000e+00,0.000000000000000000e+00,-0.000000000000000000e+00,1.326503014315248752e+00,3.065581209772344495e-02,1.567354315976800250e-01,0.000000000000000000e+00,-0.000000000000000000e+00,-0.000000000000000000e+00,-3.246991863251408872e-01,0.000000000000000000e+00,-0.000000000000000000e+00,0.000000000000000000e+00,0.000000000000000000e+00,0.000000000000000000e+00,0.000000000000000000e+00,0.000000000000000000e+00,-0.000000000000000000e+00,0.000000000000000000e+00,0.000000000000000000e+00,0.000000000000000000e+00,0.000000000000000000e+00,-0.000000000000000000e+00,0.000000000000000000e+00,7.740070342669768365e-03,0.000000000000000000e+00
-0.000000000000000000e+00,-0.000000000000000000e+00,-0.000000000000000000e+00,-0.000000000000000000e+00,-2.749709310896395614e-02,0.000000000000000000e+00,-0.000000000000000000e+00,0.000000000000000000e+00,-7.162736001531855301e-02,-0.000000000000000000e+00,0.000000000000000000e+00,-5.189517725291126204e-01,0.000000000000000000e+00,-2.258471968906935745e-01,-0.000000000000000000e+00,-0.000000000000000000e+00,3.065581209772344495e-02,2.415982241519367246e+00,-6.246539967442854557e-01,-1.680103596569327007e-01,-0.000000000000000000e+00,-0.000000000000000000e+00,-0.000000000000000000e+00,-1.076586015663409113e-01,-4.142837536702410894e-02,-1.774880237574671393e-01,-0.000000000000000000e+00,-0.000000000000000000e+00,-0.000000000000000000e+00,-0.000000000000000000e+00,-0.000000000000000000e+00,-1.384046425066969010e-02,-2.029740682210295633e-01,-0.000000000000000000e+00,-0.000000000000000000e+00,0.000000000000000000e+00,-0.000000000000000000e+00,-2.938494378325086087e-01,-6.881507224811993229e-02
-0.000000000000000000e+00,-0.000000000000000000e+00,-0.000000000000000000e+00,-0.000000000000000000e+00,-0.000000000000000000e+00,1.103960462075536386e-01,-1.057686524439692966e-01,0.000000000000000000e+00,-2.315791846761548756e-01,-0.000000000000000000e+00,1.806706424164641056e-01,-3.154514742526486892e-01,1.269151445090341279e-01,-0.000000000000000000e+00,-0.000000000000000000e+00,-0.000000000000000000e+00,1.567354315976800250e-01,-6.246539967442854557e-01,1.836218366998511264e+00,-0.000000000000000000e+00,0.000000000000000000e+00,0.000000000000000000e+00,-0.000000000000000000e+00,-0.000000000000000000e+00,-4.957028676098135245e-02,-0.000000000000000000e+00,-0.000000000000000000e+00,-0.000000000000000000e+00,-0.000000000000000000e+00,0.000000000000000000e+00,0.000000000000000000e+00,-0.000000000000000000e+00,-0.000000000000000000e+00,-0.000000000000000000e+00,-0.000000000000000000e+00,0.000000000000000000e+00,-0.000000000000000000e+00,-4.044368877800640777e-02,-0.000000000000000000e+00
-0.000000000000000000e+00,-0.000000000000000000e+00,-2.137442198033866897e-02,-0.000000000000000000e+00,-0.000000000000000000e+00,0.000000000000000000e+00,-4.311379213928123733e-02,0.000000000000000000e+00,-0.000000000000000000e+00,-0.000000000000000000e+00,0.000000000000000000e+00,-0.000000000000000000e+00,0.000000000000000000e+00,-2.420001808008705874e-02,-1.685905995251463507e-01,-0.000000000000000000e+00,0.000000000000000000e+00,-1.680103596569327007e-01,-0.000000000000000000e+00,1.565176483637808591e+00,-3.605636283064531655e-01,-0.000000000000000000e+00,-1.918575431716179266e-02,-6.227801913764787617e-02,-1.896679652296641427e-01,-0.000000000000000000e+00,-0.000000000000000000e+00,-0.000000000000000000e+00,-0.000000000000000000e+00,0.000000000000000000e+00,-0.000000000000000000e+00,-0.000000000000000000e+00,-2.178286066624093575e-01,-5.532749871449331447e-02,-0.000000000000000000e+00,-0.000000000000000000e+00,-0.000000000000000000e+00,-0.000000000000000000e+00,-0.000000000000000000e+00
0.000000000000000000e+00,-0.000000000000000000e+00,-0.000000000000000000e+00,0.000000000000000000e+00,-0.000000000000000000e+00,0.000000000000000000e+00,-9.121887069644418755e-02,0.000000000000000000e+00,0.000000000000000000e+00,0.000000000000000000e+00,-5.466980420692713061e-02,-9.497175581864602568e-04,-0.000000000000000000e+00,-0.000000000000000000e+00,-0.000000000000000000e+00,-0.000000000000000000e+00,-0.000000000000000000e+00,-0.000000000000000000e+00,0.000000000000000000e+00,-3.605636283064531655e-01,1.592641464652664096e+00,-3.978458051717412292e-01,-0.000000000000000000e+00,-0.000000000000000000e+00,-0.000000000000000000e+00,-2.798640020249996280e-02,-2.821525771112427458e-02,-0.000000000000000000e+00,-0.000000000000000000e+00,9.114519064511104537e-03,-0.000000000000000000e+00,-0.000000000000000000e+00,-1.950242614615490255e-01,-0.000000000000000000e+00,-9.966533904574484404e-02,-1.805828484751817731e-01,-0.000000000000000000e+00,-0.000000000000000000e+00,-0.000000000000000000e+00
0.000000000000000000e+00,0.000000000000000000e+00,-2.166657699606713561e-01,0.000000000000000000e+00,-6.609808007272924280e-02,-6.027690657946923464e-02,-0.000000000000000000e+00,1.665427199832554550e-02,0.000000000000000000e+00,0.000000000000000000e+00,-0.000000000000000000e+00,-0.000000000000000000e+00,-1.718722711027166061e-01,-0.000000000000000000e+00,0.000000000000000000e+00,-1.813207007132221216e-01,-0.000000000000000000e+00,-0.000000000000000000e+00,0.000000000000000000e+00,-0.000000000000000000e+00,-3.978458051717412292e-01,1.529752384170298241e+00,-0.000000000000000000e+00,-0.000000000000000000e+00,-0.000000000000000000e+00,-0.000000000000000000e+00,-0.000000000000000000e+00,-0.000000000000000000e+00,0.000000000000000000e+00,-0.000000000000000000e+00,-0.000000000000000000e+00,0.000000000000000000e+00,-2.768554007219049540e-01,-0.000000000000000000e+00,-0.000000000000000000e+00,-3.702008644606482463e-02,0.000000000000000000e+00,-0.000000000000000000e+00,-0.000000000000000000e+00
-1.341311198065025904e-02,-3.234650483398545523e-02,-0.000000000000000000e+00,3.752717576727527399e-02,-0.000000000000000000e+00,0.000000000000000000e+00,-0.000000000000000000e+00,0.000000000000000000e+00,-0.000000000000000000e+00,-0.000000000000000000e+00,0.000000000000000000e+00,-0.000000000000000000e+00,-0.000000000000000000e+00,-0.000000000000000000e+00,-0.000000000000000000e+00,-2.935682192859916106e-02,-3.246991863251408872e-01,-0.000000000000000000e+00,-0.000000000000000000e+00,-1.918575431716179266e-02,-0.000000000000000000e+00,-0.000000000000000000e+00,1.836761888728533743e+00,-4.485188637276670831e-01,-7.437468735663050889e-01,-0.000000000000000000e+00,-0.000000000000000000e+00,-0.000000000000000000e+00,-0.000000000000000000e+00,0.000000000000000000e+00,-0.000000000000000000e+00,-0.000000000000000000e+00,-0.000000000000000000e+00,-1.511389546462276433e-02,-0.000000000000000000e+00,-1.570924498119719848e-01,-0.000000000000000000e+00,-0.000000000000000000e+00,-0.000000000000000000e+00
-0.000000000000000000e+00,-0.000000000000000000e+00,-0.000000000000000000e+00,0.000000000000000000e+00,-1.183072751281933344e-01,0.000000000000000000e+00,-0.000000000000000000e+00,0.000000000000000000e+00,-0.000000000000000000e+00,-0.000000000000000000e+00,0.000000000000000000e+00,-2.282220968947620554e-01,-0.000000000000000000e+00,-3.637985596893424933e-01,-0.000000000000000000e+00,-1.499987043558504152e-01,0.000000000000000000e+00,-1.076586015663409113e-01,-0.000000000000000000e+00,-6.227801913764787617e-02,-0.000000000000000000e+00,-0.000000000000000000e+00,-4.485188637276670831e-01,2.600227082311154625e+00,-3.617256018262636763e-01,-3.043951005518091280e-01,-2.508132433800144834e-01,-4.794154342452029011e-02,-0.000000000000000000e+00,-0.000000000000000000e+00,-0.000000000000000000e+00,-2.270666506235119175e-01,-0.000000000000000000e+00,-1.439978486307236238e-01,-2.799276949268645134e-02,-0.000000000000000000e+00,-0.000000000000000000e+00,-0.000000000000000000e+00,-0.000000000000000000e+00
-0.000000000000000000e+00,-3.691615618786128067e-02,-0.000000000000000000e+00,0.000000000000000000e+00,-0.000000000000000000e+00,0.000000000000000000e+00,-1.827607160051354374e-01,0.000000000000000000e+00,-0.000000000000000000e+00,-0.000000000000000000e+00,0.000000000000000000e+00,-5.815077096482823560e-02,-0.000000000000000000e+00,-0.000000000000000000e+00,-2.524756662507150751e-02,-4.860709493450549035e-02,-0.000000000000000000e+00,-4.142837536702410894e-02,-4.957028676098135245e-02,-1.896679652296641427e-01,-0.000000000000000000e+00,-0.000000000000000000e+00,-7.437468735663050889e-01,-3.617256018262636763e-01,2.323070994982785020e+00,-0.000000000000000000e+00,-1.695203887682425747e-01,-6.532720692000461293e-02,-0.000000000000000000e+00,0.000000000000000000e+00,-7.632491099010919877e-02,-2.941425856220466484e-01,-0.000000000000000000e+00,-8.173976094807897108e-02,-0.000000000000000000e+00,-0.000000000000000000e+00,-0.000000000000000000e+00,-0.000000000000000000e+00,-4.632108145968564378e-02
-0.000000000000000000e+00,-0.000000000000000000e+00,-0.000000000000000000e+00,0.000000000000000000e+00,-0.000000000000000000e+00,-0.000000000000000000e+00,-0.000000000000000000e+00,0.000000000000000000e+00,-0.000000000000000000e+00,-0.000000000000000000e+00,-0.000000000000000000e+00,-0.000000000000000000e+00,0.000000000000000000e+00,-5.387861722437901207e-02,-0.000000000000000000e+00,-4.036274749777206128e-01,0.000000000000000000e+00,-1.774880237574671393e-01,-0.000000000000000000e+00,-0.000000000000000000e+00,-2.798640020249996280e-02,-0.000000000000000000e+00,-0.000000000000000000e+00,-3.043951005518091280e-01,-0.000000000000000000e+00,2.680822001322056725e+00,-7.801146631825738309e-01,-3.349423100503223227e-01,-1.808106661785448821e-01,-0.000000000000000000e+00,-0.000000000000000000e+00,-0.000000000000000000e+00,-1.999491119216665891e-01,-0.000000000000000000e+00,-2.226247878196820906e-01,-0.000000000000000000e+00,-2.697438102965770898e-02,-1.108830271325236538e-01,-0.000000000000000000e+00
-0.000000000000000000e+00,-0.000000000000000000e+00,-0.000000000000000000e+00,0.000000000000000000e+00,-2.365980627405210243e-02,-0.000000000000000000e+00,-2.343355499877869119e-01,0.000000000000000000e+00,-0.000000000000000000e+00,-0.000000000000000000e+00,-3.650208226154343094e-02,-0.000000000000000000e+00,-0.000000000000000000e+00,-0.000000000000000000e+00,-0.000000000000000000e+00,-8.696322739441629535e-02,0.000000000000000000e+00,-0.000000000000000000e+00,-0.000000000000000000e+00,-0.000000000000000000e+00,-2.821525771112427458e-02,-0.000000000000000000e+00,-0.000000000000000000e+00,-2.508132433800144834e-01,-1.695203887682425747e-01,-7.801146631825738309e-01,2.538371132084951576e+00,-4.968225296433106258e-02,-0.000000000000000000e+00,0.000000000000000000e+00,-5.154749437101732168e-01,-4.080705040693874963e-01,-4.540105628398928388e-03,-0.000000000000000000e+00,-0.000000000000000000e+00,-0.000000000000000000e+00,-3.753218664232232937e-02,-0.000000000000000000e+00,-0.000000000000000000e+00
-0.000000000000000000e+00,-0.000000000000000000e+00,-2.581169339395091369e-02,2.084392602992926891e-01,-0.000000000000000000e+00,0.000000000000000000e+00,-3.215884032016222416e-01,1.125572166120438339e-01,0.000000000000000000e+00,0.000000000000000000e+00,-0.000000000000000000e+00,-0.000000000000000000e+00,-0.000000000000000000e+00,-0.000000000000000000e+00,-0.000000000000000000e+00,-0.000000000000000000e+00,0.000000000000000000e+00,-0.000000000000000000e+00,-0.000000000000000000e+00,-0.000000000000000000e+00,-0.000000000000000000e+00,-0.000000000000000000e+00,-0.000000000000000000e+00,-4.794154342452029011e-02,-6.532720692000461293e-02,-3.349423100503223227e-01,-4.968225296433106258e-02,2.291394218593449050e+00,-2.583642813824260989e-02,0.000000000000000000e+00,-6.251550055183677790e-01,-0.000000000000000000e+00,-2.698207810733476153e-01,-0.000000000000000000e+00,-2.231681994176082651e-01,-3.210030815121750372e-04,-0.000000000000000000e+00,-1.238855207882210013e-01,-0.000000000000000000e+00
-0.000000000000000000e+00,-0.000000000000000000e+00,-0.000000000000000000e+00,1.178536060298561172e-01,-0.000000000000000000e+00,0.000000000000000000e+00,-0.000000000000000000e+00,0.000000000000000000e+00,-0.000000000000000000e+00,-0.000000000000000000e+00,-1.786625947782502777e-01,-0.000000000000000000e+00,0.000000000000000000e+00,-3.044531734527360922e-01,-6.750550289961118611e-02,-0.000000000000000000e+00,0.000000000000000000e+00,-0.000000000000000000e+00,-0.000000000000000000e+00,-0.000000000000000000e+00,-0.000000000000000000e+00,0.000000000000000000e+00,-0.000000000000000000e+00,-0.000000000000000000e+00,-0.000000000000000000e+00,-1.808106661785448821e-01,-0.000000000000000000e+00,-2.583642813824260989e-02,2.020351892624173029e+00,0.000000000000000000e+00,-0.000000000000000000e+00,-1.999479077494962787e-01,-0.000000000000000000e+00,-0.000000000000000000e+00,-6.230679376253707158e-01,-0.000000000000000000e+00,-3.055998361892057202e-01,-0.000000000000000000e+00,-0.000000000000000000e+00
-0.000000000000000000e+00,-0.000000000000000000e+00,-0.000000000000000000e+00,-0.000000000000000000e+00,-2.194349474845263756e-02,-0.000000000000000000e+00,3.129086182182039266e-01,0.000000000000000000e+00,-4.001209087304581913e-01,-6.941170255628024144e-01,0.000000000000000000e+00,0.000000000000000000e+00,8.524763533212492694e-02,-0.000000000000000000e+00,0.000000000000000000e+00,-0.000000000000000000e+00,0.000000000000000000e+00,-0.000000000000000000e+00,0.000000000000000000e+00,0.000000000000000000e+00,9.114519064511104537e-03,-0.000000000000000000e+00,0.000000000000000000e+00,-0.000000000000000000e+00,0.000000000000000000e+00,-0.000000000000000000e+00,0.000000000000000000e+00,0.000000000000000000e+00,0.000000000000000000e+00,1.747947671213934351e+00,4.896889814060412932e-02,0.000000000000000000e+00,-0.000000000000000000e+00,-0.000000000000000000e+00,0.000000000000000000e+00,4.884523556424012064e-02,0.000000000000000000e+00,-0.000000000000000000e+00,-1.629864367110063772e-01
-0.000000000000000000e+00,-0.000000000000000000e+00,-0.000000000000000000e+00,1.904327732057976008e-01,-0.000000000000000000e+00,-0.000000000000000000e+00,-2.840194427269631672e-01,0.000000000000000000e+00,0.000000000000000000e+00,0.000000000000000000e+00,-2.970534770787104373e-01,-0.000000000000000000e+00,-2.135826619551136896e-01,-0.000000000000000000e+00,0.000000000000000000e+00,-0.000000000000000000e+00,-0.000000000000000000e+00,-0.000000000000000000e+00,0.000000000000000000e+00,-0.000000000000000000e+00,-0.000000000000000000e+00,-0.000000000000000000e+00,-0.000000000000000000e+00,-0.000000000000000000e+00,-7.632491099010919877e-02,-0.000000000000000000e+00,-5.154749437101732168e-01,-6.251550055183677790e-01,-0.000000000000000000e+00,4.896889814060412932e-02,2.209018652763559132e+00,-0.000000000000000000e+00,-0.000000000000000000e+00,-0.000000000000000000e+00,-0.000000000000000000e+00,-3.381298085109742391e-01,-0.000000000000000000e+00,-0.000000000000000000e+00,-0.000000000000000000e+00
-0.000000000000000000e+00,-5.971638878356322344e-01,-0.000000000000000000e+00,0.000000000000000000e+00,-0.000000000000000000e+00,0.000000000000000000e+00,-0.000000000000000000e+00,0.000000000000000000e+00,-0.000000000000000000e+00,-0.000000000000000000e+00,-1.086646508178013698e-02,-9.488473115345406883e-02,0.000000000000000000e+00,-0.000000000000000000e+00,-0.000000000000000000e+00,-0.000000000000000000e+00,0.000000000000000000e+00,-1.384046425066969010e-02,-0.000000000000000000e+00,-0.000000000000000000e+00,-0.000000000000000000e+00,0.000000000000000000e+00,-0.000000000000000000e+00,-2.270666506235119175e-01,-2.941425856220466484e-01,-0.000000000000000000e+00,-4.080705040693874963e-01,-0.000000000000000000e+00,-1.999479077494962787e-01,0.000000000000000000e+00,-0.000000000000000000e+00,2.098744001773385381e+00,-0.000000000000000000e+00,-0.000000000000000000e+00,-0.000000000000000000e+00,-0.000000000000000000e+00,-1.957640872106111429e-01,-0.000000000000000000e+00,-0.000000000000000000e+00
-0.000000000000000000e+00,-0.000000000000000000e+00,-5.424881358912521101e-01,0.000000000000000000e+00,-0.000000000000000000e+00,0.000000000000000000e+00,-0.000000000000000000e+00,3.161461551097662775e-02,-0.000000000000000000e+00,-0.000000000000000000e+00,-0.000000000000000000e+00,-2.012278741032292803e-02,-0.000000000000000000e+00,-4.972141474747119316e-01,-0.000000000000000000e+00,-0.000000000000000000e+00,0.000000000000000000e+00,-2.029740682210295633e-01,-0.000000000000000000e+00,-2.178286066624093575e-01,-1.950242614615490255e-01,-2.768554007219049540e-01,-0.000000000000000000e+00,-0.000000000000000000e+00,-0.000000000000000000e+00,-1.999491119216665891e-01,-4.540105628398928388e-03,-2.698207810733476153e-01,-0.000000000000000000e+00,-0.000000000000000000e+00,-0.000000000000000000e+00,-0.000000000000000000e+00,2.391795445230630257e+00,-7.471324439297455378e-02,-0.000000000000000000e+00,-0.000000000000000000e+00,-0.000000000000000000e+00,-1.293901223613701853e-03,-0.000000000000000000e+00
-2.309896713263775991e-01,-2.315196624171733664e-02,-2.898376224928561062e-01,0.000000000000000000e+00,-2.890540343701622494e-01,0.000000000000000000e+00,-0.000000000000000000e+00,0.000000000000000000e+00,-8.222559513024217670e-02,-7.982751302668908422e-02,0.000000000000000000e+00,-0.000000000000000000e+00,-0.000000000000000000e+00,-1.706017215567704748e-01,-0.000000000000000000e+00,-0.000000000000000000e+00,0.000000000000000000e+00,-0.000000000000000000e+00,-0.000000000000000000e+00,-5.532749871449331447e-02,-0.000000000000000000e+00,-0.000000000000000000e+00,-1.511389546462276433e-02,-1.439978486307236238e-01,-8.173976094807897108e-02,-0.000000000000000000e+00,-0.000000000000000000e+00,-0.000000000000000000e+00,-0.000000000000000000e+00,-0.000000000000000000e+00,-0.000000000000000000e+00,-0.000000000000000000e+00,-7.471324439297455378e-02,2.073735451230950488e+00,-0.000000000000000000e+00,-0.000000000000000000e+00,-0.000000000000000000e+00,-3.349400758512403042e-01,-2.034390162211865416e-01
-5.824725787825809145e-03,-1.524163581135367374e-01,-0.000000000000000000e+00,0.000000000000000000e+00,-0.000000000000000000e+00,0.000000000000000000e+00,-3.991935245230462254e-02,0.000000000000000000e+00,-0.000000000000000000e+00,0.000000000000000000e+00,-0.000000000000000000e+00,-0.000000000000000000e+00,-0.000000000000000000e+00,-3.046421548735640528e-01,-8.550329807053042019e-02,-0.000000000000000000e+00,0.000000000000000000e+00,-0.000000000000000000e+00,-0.000000000000000000e+00,-0.000000000000000000e+00,-9.966533904574484404e-02,-0.000000000000000000e+00,-0.000000000000000000e+00,-2.799276949268645134e-02,-0.000000000000000000e+00,-2.226247878196820906e-01,-0.000000000000000000e+00,-2.231681994176082651e-01,-6.230679376253707158e-01,0.000000000000000000e+00,-0.000000000000000000e+00,-0.000000000000000000e+00,-0.000000000000000000e+00,-0.000000000000000000e+00,2.622899292810154659e+00,-1.363415627395561103e-01,-8.815715147827143383e-01,-0.000000000000000000e+00,-0.000000000000000000e+00
-6.987086698154412745e-02,-2.251639133378825208e-01,-0.000000000000000000e+00,0.000000000000000000e+00,-0.000000000000000000e+00,-0.000000000000000000e+00,-0.000000000000000000e+00,0.000000000000000000e+00,0.000000000000000000e+00,0.000000000000000000e+00,-5.752427328513342458e-02,-0.000000000000000000e+00,-5.318387827502519399e-02,-0.000000000000000000e+00,-0.000000000000000000e+00,-0.000000000000000000e+00,-0.000000000000000000e+00,0.000000000000000000e+00,0.000000000000000000e+00,-0.000000000000000000e+00,-1.805828484751817731e-01,-3.702008644606482463e-02,-1.570924498119719848e-01,-0.000000000000000000e+00,-0.000000000000000000e+00,-0.000000000000000000e+00,-0.000000000000000000e+00,-3.210030815121750372e-04,-0.000000000000000000e+00,4.884523556424012064e-02,-3.381298085109742391e-01,-0.000000000000000000e+00,-0.000000000000000000e+00,-0.000000000000000000e+00,-1.363415627395561103e-01,1.478405829894504420e+00,-6.275447600250499969e-02,0.000000000000000000e+00,0.000000000000000000e+00
-0.000000000000000000e+00,-0.000000000000000000e+00,-0.000000000000000000e+00,0.000000000000000000e+00,-0.000000000000000000e+00,-0.000000000000000000e+00,-4.063505735806904884e-02,0.000000000000000000e+00,0.000000000000000000e+00,0.000000000000000000e+00,-0.000000000000000000e+00,-0.000000000000000000e+00,-0.000000000000000000e+00,-1.524277988904231863e-02,-0.000000000000000000e+00,-0.000000000000000000e+00,0.000000000000000000e+00,-0.000000000000000000e+00,-0.000000000000000000e+00,-0.000000000000000000e+00,-0.000000000000000000e+00,0.000000000000000000e+00,-0.000000000000000000e+00,-0.000000000000000000e+00,-0.000000000000000000e+00,-2.697438102965770898e-02,-3.753218664232232937e-02,-0.000000000000000000e+00,-3.055998361892057202e-01,0.000000000000000000e+00,-0.000000000000000000e+00,-1.957640872106111429e-01,-0.000000000000000000e+00,-0.000000000000000000e+00,-8.815715147827143383e-01,-6.275447600250499969e-02,1.905700454203870242e+00,0.000000000000000000e+00,0.000000000000000000e+00
-0.000000000000000000e+00,-0.000000000000000000e+00,-7.517886723975950036e-02,0.000000000000000000e+00,-9.400823241409492215e-02,1.489646227973371595e-01,-0.000000000000000000e+00,0.000000000000000000e+00,-3.486276331018876573e-01,-1.495701115941220627e-01,0.000000000000000000e+00,-6.960744625782605555e-02,0.000000000000000000e+00,-0.000000000000000000e+00,-0.000000000000000000e+00,-2.738297150634375621e-01,7.740070342669768365e-03,-2.938494378325086087e-01,-4.044368877800640777e-02,-0.000000000000000000e+00,-0.000000000000000000e+00,-0.000000000000000000e+00,-0.000000000000000000e+00,-0.000000000000000000e+00,-0.000000000000000000e+00,-1.108830271325236538e-01,-0.000000000000000000e+00,-1.238855207882210013e-01,-0.000000000000000000e+00,-0.000000000000000000e+00,-0.000000000000000000e+00,-0.000000000000000000e+00,-1.293901223613701853e-03,-3.349400758512403042e-01,-0.000000000000000000e+00,0.000000000000000000e+00,0.000000000000000000e+00,2.672899509435359811e+00,-7.951338254873075995e-01
-0.000000000000000000e+00,-0.000000000000000000e+00,-0.000000000000000000e+00,-0.000000000000000000e+00,-8.752943565544824001e-02,6.287136709138357871e-02,-0.000000000000000000e+00,0.000000000000000000e+00,-9.584745849534513640e-02,-8.422627675996897656e-01,-0.000000000000000000e+00,-0.000000000000000000e+00,0.000000000000000000e+00,-1.832796785790266961e-02,-0.000000000000000000e+00,-3.978702029785780581e-01,0.000000000000000000e+00,-6.881507224811993229e-02,-0.000000000000000000e+00,-0.000000000000000000e+00,-0.000000000000000000e+00,-0.000000000000000000e+00,-0.000000000000000000e+00,-0.000000000000000000e+00,-4.632108145968564378e-02,-0.000000000000000000e+00,-0.000000000000000000e+00,-0.000000000000000000e+00,-0.000000000000000000e+00,-1.629864367110063772e-01,-0.000000000000000000e+00,-0.000000000000000000e+00,-0.000000000000000000e+00,-2.034390162211865416e-01,-0.000000000000000000e+00,0.000000000000000000e+00,0.000000000000000000e+00,-7.951338254873075995e-01,2.723582736066460175e+00
