1.285179407251866301e+00,-1.437564540129112889e-01,-0.000000000000000000e+00,-0.000000000000000000e+00,0.000000000000000000e+00,-0.000000000000000000e+00,-0.000000000000000000e+00,-0.000000000000000000e+00,-0.000000000000000000e+00,-0.000000000000000000e+00,0.000000000000000000e+00,6.127461539784012645e-02,1.189428896133558761e-01,0.000000000000000000e+00,0.000000000000000000e+00,0.000000000000000000e+00,0.000000000000000000e+00,9.716012962562103894e-02,0.000000000000000000e+00,0.000000000000000000e+00,0.000000000000000000e+00,0.000000000000000000e+00,-0.000000000000000000e+00,-0.000000000000000000e+00,-0.000000000000000000e+00,-1.314869900333284769e-01,1.031281446023210174e-01,0.000000000000000000e+00,-2.689649081470829040e-01,-0.000000000000000000e+00,-0.000000000000000000e+00,0.000000000000000000e+00,2.468355416401206252e-03,0.000000000000000000e+00,-0.000000000000000000e+00,0.000000000000000000e+00,-0.000000000000000000e+00,-2.087727677376546576e-01,0.000000000000000000e+00
-1.437564540129112889e-01,1.679835580006040496e+00,-1.812080476111071203e-01,-0.000000000000000000e+00,0.000000000000000000e+00,-0.000000000000000000e+00,-2.561891271887234978e-01,0.000000000000000000e+00,-0.000000000000000000e+00,-0.000000000000000000e+00,-0.000000000000000000e+00,0.000000000000000000e+00,-0.000000000000000000e+00,-0.000000000000000000e+00,0.000000000000000000e+00,0.000000000000000000e+00,-2.242087742886549051e-02,1.019977086494949781e-01,-0.000000000000000000e+00,0.000000000000000000e+00,0.000000000000000000e+00,0.000000000000000000e+00,-1.038975828357152353e-01,-0.000000000000000000e+00,-0.000000000000000000e+00,-3.412183957336716034e-02,2.808736601701331548e-01,-0.000000000000000000e+00,-8.128483905929721753e-02,-0.000000000000000000e+00,-0.000000000000000000e+00,-2.950604590000880934e-01,0.000000000000000000e+00,0.000000000000000000e+00,-0.000000000000000000e+00,-0.000000000000000000e+00,-5.362737852437686747e-01,-0.000000000000000000e+00,-1.331094510509615303e-01
-0.000000000000000000e+00,-1.812080476111071203e-01,2.647062823188933045e+00,-0.000000000000000000e+00,-0.000000000000000000e+00,-0.000000000000000000e+00,-2.821078682116917244e-02,1.246877947166575407e+00,-0.000000000000000000e+00,-0.000000000000000000e+00,-0.000000000000000000e+00,-6.742821568593521109e-02,-1.646160608074605514e-01,-0.000000000000000000e+00,0.000000000000000000e+00,-0.000000000000000000e+00,-0.000000000000000000e+00,-0.000000000000000000e+00,-1.017003908994736430e-02,0.000000000000000000e+00,-1.920662299790480976e-01,-2.706413508077912256e-02,0.000000000000000000e+00,0.000000000000000000e+00,0.000000000000000000e+00,-0.000000000000000000e+00,-0.000000000000000000e+00,-3.747542146349382985e-01,-0.000000000000000000e+00,0.000000000000000000e+00,-2.447574044141737071e-01,-0.000000000000000000e+00,-2.574156029700098158e-01,0.000000000000000000e+00,0.000000000000000000e+00,-0.000000000000000000e+00,-0.000000000000000000e+00,-0.000000000000000000e+00,-6.848358040275691339e-02
-0.000000000000000000e+00,-0.000000000000000000e+00,-0.000000000000000000e+00,1.346777323867575982e+00,-0.000000000000000000e+00,-0.000000000000000000e+00,-6.138317929262612216e-01,-0.000000000000000000e+00,0.000000000000000000e+00,-6.355005788814846457e-02,0.000000000000000000e+00,-0.000000000000000000e+00,0.000000000000000000e+00,2.054677109671965984e-01,2.177515782758908565e-03,-0.000000000000000000e+00,0.000000000000000000e+00,0.000000000000000000e+00,-0.000000000000000000e+00,0.000000000000000000e+00,0.000000000000000000e+00,-0.000000000000000000e+00,-0.000000000000000000e+00,0.000000000000000000e+00,0.000000000000000000e+00,0.000000000000000000e+00,0.000000000000000000e+00,-0.000000000000000000e+00,0.000000000000000000e+00,-0.000000000000000000e+00,-0.000000000000000000e+00,0.000000000000000000e+00,0.000000000000000000e+00,-0.000000000000000000e+00,-0.000000000000000000e+00,-0.000000000000000000e+00,-0.000000000000000000e+00,-0.000000000000000000e+00,-0.000000000000000000e+00
0.000000000000000000e+00,0.000000000000000000e+00,-0.000000000000000000e+00,-0.000000000000000000e+00,1.971799110313356751e+00,0.000000000000000000e+00,0.000000000000000000e+00,0.000000000000000000e+00,-1.695753376425710168e-01,-0.000000000000000000e+00,-0.000000000000000000e+00,-2.295687752400717152e-02,-0.000000000000000000e+00,-0.000000000000000000e+00,-0.000000000000000000e+00,-1.860736151777419396e-03,-0.000000000000000000e+00,-2.452763039957708488e-02,-3.754629489801223352e-01,0.000000000000000000e+00,-0.000000000000000000e+00,-0.000000000000000000e+00,-0.000000000000000000e+00,0.000000000000000000e+00,-0.000000000000000000e+00,-0.000000000000000000e+00,-2.279874799707372057e-01,-0.000000000000000000e+00,0.000000000000000000e+00,-4.434322363806999512e-01,-0.000000000000000000e+00,-0.000000000000000000e+00,-0.000000000000000000e+00,-7.332392557565621249e-01,0.000000000000000000e+00,-2.626824753942307855e-01,0.000000000000000000e+00,-0.000000000000000000e+00,-0.000000000000000000e+00
-0.000000000000000000e+00,-0.000000000000000000e+00,-0.000000000000000000e+00,-0.000000000000000000e+00,0.000000000000000000e+00,3.119742533156841802e+00,-0.000000000000000000e+00,-0.000000000000000000e+00,0.000000000000000000e+00,0.000000000000000000e+00,0.000000000000000000e+00,0.000000000000000000e+00,0.000000000000000000e+00,-0.000000000000000000e+00,9.251758289289475955e-04,0.000000000000000000e+00,-0.000000000000000000e+00,1.397830584033402934e-01,-0.000000000000000000e+00,0.000000000000000000e+00,0.000000000000000000e+00,0.000000000000000000e+00,-3.760421704920179353e-01,-6.884300929879340059e-01,-6.463415766793134676e-02,-0.000000000000000000e+00,2.628347554782526352e-01,0.000000000000000000e+00,-4.484410004718153986e-01,-0.000000000000000000e+00,0.000000000000000000e+00,-0.000000000000000000e+00,0.000000000000000000e+00,0.000000000000000000e+00,-5.783608733585287043e-01,0.000000000000000000e+00,-6.989438771794563854e-01,0.000000000000000000e+00,0.000000000000000000e+00
-0.000000000000000000e+00,-2.561891271887234978e-01,-2.821078682116917244e-02,-6.138317929262612216e-01,0.000000000000000000e+00,-0.000000000000000000e+00,1.525255078599156100e+00,0.000000000000000000e+00,-0.000000000000000000e+00,-7.192876975323507505e-02,-0.000000000000000000e+00,0.000000000000000000e+00,-0.000000000000000000e+00,0.000000000000000000e+00,1.346150461672880605e-01,0.000000000000000000e+00,-0.000000000000000000e+00,0.000000000000000000e+00,-0.000000000000000000e+00,-0.000000000000000000e+00,0.000000000000000000e+00,-1.627606409775269602e-01,0.000000000000000000e+00,0.000000000000000000e+00,1.597911084236465495e-01,-0.000000000000000000e+00,0.000000000000000000e+00,-1.619833011885981056e-01,-0.000000000000000000e+00,-0.000000000000000000e+00,-1.832725934381532890e-02,-1.461200781277320615e-01,-0.000000000000000000e+00,0.000000000000000000e+00,0.000000000000000000e+00,-0.000000000000000000e+00,-0.000000000000000000e+00,-0.000000000000000000e+00,-0.000000000000000000e+00
-0.000000000000000000e+00,0.000000000000000000e+00,1.246877947166575407e+00,-0.000000000000000000e+00,0.000000000000000000e+00,-0.000000000000000000e+00,0.000000000000000000e+00,2.709598763946337918e+00,0.000000000000000000e+00,0.000000000000000000e+00,5.954475398741278236e-02,8.940521441879316356e-02,2.499814950014464243e-01,0.000000000000000000e+00,0.000000000000000000e+00,0.000000000000000000e+00,0.000000000000000000e+00,0.000000000000000000e+00,5.622771580966184901e-02,-0.000000000000000000e+00,1.053759814764547859e-01,9.337278211918836890e-02,-0.000000000000000000e+00,-0.000000000000000000e+00,-0.000000000000000000e+00,0.000000000000000000e+00,0.000000000000000000e+00,0.000000000000000000e+00,-0.000000000000000000e+00,-0.000000000000000000e+00,1.414104522847066392e-01,0.000000000000000000e+00,3.787468328788487493e-01,-0.000000000000000000e+00,-2.953463588719967836e-01,1.301925941193310399e-01,-0.000000000000000000e+00,0.000000000000000000e+00,0.000000000000000000e+00
-0.000000000000000000e+00,-0.000000000000000000e+00,-0.000000000000000000e+00,0.000000000000000000e+00,-1.695753376425710168e-01,0.000000000000000000e+00,-0.000000000000000000e+00,0.000000000000000000e+00,1.486771418826889235e+00,-5.357185546835292744e-03,-0.000000000000000000e+00,-0.000000000000000000e+00,-0.000000000000000000e+00,-4.118825762858909639e-02,-0.000000000000000000e+00,-0.000000000000000000e+00,-2.524675111760368157e-02,-0.000000000000000000e+00,-0.000000000000000000e+00,0.000000000000000000e+00,-0.000000000000000000e+00,-0.000000000000000000e+00,-0.000000000000000000e+00,-0.000000000000000000e+00,-0.000000000000000000e+00,-3.717791455489175695e-02,-0.000000000000000000e+00,-0.000000000000000000e+00,-0.000000000000000000e+00,-1.861136224096437974e-01,-4.863325766617653673e-02,-0.000000000000000000e+00,-0.000000000000000000e+00,-0.000000000000000000e+00,0.000000000000000000e+00,-3.197219285160697311e-01,-0.000000000000000000e+00,-1.272185661183530547e-01,-4.389309870993174378e-01
-0.000000000000000000e+00,-0.000000000000000000e+00,-0.000000000000000000e+00,-6.355005788814846457e-02,-0.000000000000000000e+00,0.000000000000000000e+00,-7.192876975323507505e-02,0.000000000000000000e+00,-5.357185546835292744e-03,1.656880775883601498e+00,-0.000000000000000000e+00,-0.000000000000000000e+00,-0.000000000000000000e+00,0.000000000000000000e+00,0.000000000000000000e+00,-6.797591396113713547e-01,-0.000000000000000000e+00,-0.000000000000000000e+00,-0.000000000000000000e+00,-0.000000000000000000e+00,0.000000000000000000e+00,-2.138110886792018994e-01,-0.000000000000000000e+00,0.000000000000000000e+00,-0.000000000000000000e+00,-0.000000000000000000e+00,0.000000000000000000e+00,-0.000000000000000000e+00,-0.000000000000000000e+00,-1.709524963499549077e-01,-0.000000000000000000e+00,-0.000000000000000000e+00,-0.000000000000000000e+00,-0.000000000000000000e+00,0.000000000000000000e+00,-0.000000000000000000e+00,-0.000000000000000000e+00,-5.160244469098726472e-02,-3.567718920106252578e-01
0.000000000000000000e+00,-0.000000000000000000e+00,-0.000000000000000000e+00,0.000000000000000000e+00,-0.000000000000000000e+00,0.000000000000000000e+00,-0.000000000000000000e+00,5.954475398741278236e-02,-0.000000000000000000e+00,-0.000000000000000000e+00,2.152535505167430863e+00,-0.000000000000000000e+00,-4.198227865090971567e-01,-0.000000000000000000e+00,-6.539226880201609582e-02,-0.000000000000000000e+00,-3.222981456819067059e-02,-0.000000000000000000e+00,-0.000000000000000000e+00,-0.000000000000000000e+00,-0.000000000000000000e+00,-1.289868759270165928e-02,0.000000000000000000e+00,0.000000000000000000e+00,8.673190867472337084e-02,-0.000000000000000000e+00,-0.000000000000000000e+00,-0.000000000000000000e+00,-0.000000000000000000e+00,0.000000000000000000e+00,-1.479065217360677753e-01,-7.301925124456819516e-01,-0.000000000000000000e+00,-0.000000000000000000e+00,7.374795828364405503e-01,-0.000000000000000000e+00,0.000000000000000000e+00,-7.081189132561535593e-02,-0.000000000000000000e+00
6.127461539784012645e-02,0.000000000000000000e+00,-6.742821568593521109e-02,-0.000000000000000000e+00,-2.295687752400717152e-02,0.000000000000000000e+00,0.000000000000000000e+00,8.940521441879316356e-02,-0.000000000000000000e+00,-0.000000000000000000e+00,-0.000000000000000000e+00,1.592437786160946667e+00,-1.060090141386264536e-03,-0.000000000000000000e+00,-2.662205534180532851e-01,-0.000000000000000000e+00,-0.000000000000000000e+00,-1.022677494069717669e-01,-0.000000000000000000e+00,7.781796714167962814e-02,-0.000000000000000000e+00,-1.170049024041847213e-01,0.000000000000000000e+00,0.000000000000000000e+00,0.000000000000000000e+00,0.000000000000000000e+00,-1.878155573710151363e-02,-0.000000000000000000e+00,0.000000000000000000e+00,-0.000000000000000000e+00,-5.449754576327955902e-02,-0.000000000000000000e+00,-1.936175924003749327e-01,-3.178110667570702152e-01,0.000000000000000000e+00,-0.000000000000000000e+00,0.000000000000000000e+00,-0.000000000000000000e+00,-3.295503719445013191e-01
1.189428896133558761e-01,-0.000000000000000000e+00,-1.646160608074605514e-01,0.000000000000000000e+00,-0.000000000000000000e+00,0.000000000000000000e+00,-0.000000000000000000e+00,2.499814950014464243e-01,-0.000000000000000000e+00,-0.000000000000000000e+00,-4.198227865090971567e-01,-1.060090141386264536e-03,2.260560593432864085e+00,-0.000000000000000000e+00,0.000000000000000000e+00,-0.000000000000000000e+00,-0.000000000000000000e+00,-0.000000000000000000e+00,-0.000000000000000000e+00,-0.000000000000000000e+00,-1.452762552862855716e-01,-6.721166095740349622e-02,0.000000000000000000e+00,0.000000000000000000e+00,0.000000000000000000e+00,0.000000000000000000e+00,-0.000000000000000000e+00,-3.669354854786133213e-01,0.000000000000000000e+00,0.000000000000000000e+00,-0.000000000000000000e+00,-1.961495420788838262e-01,-5.179964215227125246e-01,-0.000000000000000000e+00,0.000000000000000000e+00,-0.000000000000000000e+00,0.000000000000000000e+00,0.000000000000000000e+00,-2.038674052965659955e-01
0.000000000000000000e+00,-0.000000000000000000e+00,-0.000000000000000000e+00,2.054677109671965984e-01,-0.000000000000000000e+00,-0.000000000000000000e+00,0.000000000000000000e+00,0.000000000000000000e+00,-4.118825762858909639e-02,0.000000000000000000e+00,-0.000000000000000000e+00,-0.000000000000000000e+00,-0.000000000000000000e+00,1.148403554579524588e+00,-1.738123544837898438e-01,0.000000000000000000e+00,-1.995779491250598281e-01,0.000000000000000000e+00,-0.000000000000000000e+00,8.318001172566220902e-02,0.000000000000000000e+00,1.651250155136294306e-01,-0.000000000000000000e+00,-0.000000000000000000e+00,-4.271168348766433975e-02,-0.000000000000000000e+00,-0.000000000000000000e+00,-0.000000000000000000e+00,-0.000000000000000000e+00,-0.000000000000000000e+00,-0.000000000000000000e+00,-0.000000000000000000e+00,-0.000000000000000000e+00,-0.000000000000000000e+00,0.000000000000000000e+00,-7.979396242766631508e-02,-0.000000000000000000e+00,-0.000000000000000000e+00,-1.701712956065609683e-02
0.000000000000000000e+00,0.000000000000000000e+00,0.000000000000000000e+00,2.177515782758908565e-03,-0.000000000000000000e+00,9.251758289289475955e-04,1.346150461672880605e-01,0.000000000000000000e+00,-0.000000000000000000e+00,0.000000000000000000e+00,-6.539226880201609582e-02,-2.662205534180532851e-01,0.000000000000000000e+00,-1.738123544837898438e-01,1.428666464766881417e+00,0.000000000000000000e+00,-0.000000000000000000e+00,-0.000000000000000000e+00,0.000000000000000000e+00,3.273364517700058651e-02,0.000000000000000000e+00,0.000000000000000000e+00,0.000000000000000000e+00,0.000000000000000000e+00,0.000000000000000000e+00,-0.000000000000000000e+00,-0.000000000000000000e+00,0.000000000000000000e+00,0.000000000000000000e+00,0.000000000000000000e+00,-0.000000000000000000e+00,-0.000000000000000000e+00,-0.000000000000000000e+00,-0.000000000000000000e+00,3.012572244498919471e-01,-0.000000000000000000e+00,2.861349566179520743e-01,-1.791117794582766098e-01,-0.000000000000000000e+00
0.000000000000000000e+00,0.000000000000000000e+00,-0.000000000000000000e+00,-0.000000000000000000e+00,-1.860736151777419396e-03,0.000000000000000000e+00,0.000000000000000000e+00,0.000000000000000000e+00,-0.000000000000000000e+00,-6.797591396113713547e-01,-0.000000000000000000e+00,-0.000000000000000000e+00,-0.000000000000000000e+00,0.000000000000000000e+00,0.000000000000000000e+00,1.507235751219638598e+00,-0.000000000000000000e+00,-2.226334810896142199e-02,-0.000000000000000000e+00,-0.000000000000000000e+00,-0.000000000000000000e+00,-1.638008701507910891e-01,0.000000000000000000e+00,0.000000000000000000e+00,-0.000000000000000000e+00,0.000000000000000000e+00,-8.481494051469018469e-02,-2.158554960216553173e-02,0.000000000000000000e+00,-7.654039166314716147e-02,-0.000000000000000000e+00,0.000000000000000000e+00,-0.000000000000000000e+00,-1.761166178137393845e-01,0.000000000000000000e+00,-0.000000000000000000e+00,0.000000000000000000e+00,-0.000000000000000000e+00,-0.000000000000000000e+00
0.000000000000000000e+00,-2.242087742886549051e-02,-0.000000000000000000e+00,0.000000000000000000e+00,-0.000000000000000000e+00,-0.000000000000000000e+00,-0.000000000000000000e+00,0.000000000000000000e+00,-2.524675111760368157e-02,-0.000000000000000000e+00,-3.222981456819067059e-02,-0.000000000000000000e+00,-0.000000000000000000e+00,-1.995779491250598281e-01,-0.000000000000000000e+00,-0.000000000000000000e+00,1.227414742212150633e+00,-0.000000000000000000e+00,-0.000000000000000000e+00,0.000000000000000000e+00,0.000000000000000000e+00,-0.000000000000000000e+00,-0.000000000000000000e+00,-0.000000000000000000e+00,-0.000000000000000000e+00,-3.275288811937544092e-02,0.000000000000000000e+00,-0.000000000000000000e+00,-7.591031282085493326e-02,-0.000000000000000000e+00,-0.000000000000000000e+00,-3.751555894685763559e-01,0.000000000000000000e+00,-8.852862756928042351e-03,-0.000000000000000000e+00,-0.000000000000000000e+00,-0.000000000000000000e+00,-0.000000000000000000e+00,-9.637308567878317966e-02
9.716012962562103894e-02,1.019977086494949781e-01,-0.000000000000000000e+00,0.000000000000000000e+00,-2.452763039957708488e-02,1.397830584033402934e-01,0.000000000000000000e+00,0.000000000000000000e+00,-0.000000000000000000e+00,-0.000000000000000000e+00,-0.000000000000000000e+00,-1.022677494069717669e-01,-0.000000000000000000e+00,0.000000000000000000e+00,-0.000000000000000000e+00,-2.226334810896142199e-02,-0.000000000000000000e+00,1.444638357464979928e+00,-5.308331464562768831e-01,3.604900220224852014e-02,-2.505844657962570318e-02,-8.265643437491808354e-02,0.000000000000000000e+00,0.000000000000000000e+00,0.000000000000000000e+00,-0.000000000000000000e+00,-8.944337005577618349e-02,-0.000000000000000000e+00,0.000000000000000000e+00,0.000000000000000000e+00,0.000000000000000000e+00,0.000000000000000000e+00,-8.264800677928781786e-03,-6.109484166251094583e-02,0.000000000000000000e+00,0.000000000000000000e+00,0.000000000000000000e+00,0.000000000000000000e+00,-4.575651885950868941e-02
0.000000000000000000e+00,-0.000000000000000000e+00,-1.017003908994736430e-02,-0.000000000000000000e+00,-3.754629489801223352e-01,-0.000000000000000000e+00,-0.000000000000000000e+00,5.622771580966184901e-02,-0.000000000000000000e+00,-0.000000000000000000e+00,-0.000000000000000000e+00,-0.000000000000000000e+00,-0.000000000000000000e+00,-0.000000000000000000e+00,0.000000000000000000e+00,-0.000000000000000000e+00,-0.000000000000000000e+00,-5.308331464562768831e-01,1.422985401626889246e+00,8.646751620184137122e-02,-0.000000000000000000e+00,-0.000000000000000000e+00,-0.000000000000000000e+00,-0.000000000000000000e+00,-0.000000000000000000e+00,-0.000000000000000000e+00,-0.000000000000000000e+00,-0.000000000000000000e+00,0.000000000000000000e+00,-0.000000000000000000e+00,-0.000000000000000000e+00,-0.000000000000000000e+00,-0.000000000000000000e+00,-0.000000000000000000e+00,0.000000000000000000e+00,-0.000000000000000000e+00,-0.000000000000000000e+00,0.000000000000000000e+00,-3.996354839561470917e-02
0.000000000000000000e+00,0.000000000000000000e+00,0.000000000000000000e+00,0.000000000000000000e+00,0.000000000000000000e+00,0.000000000000000000e+00,-0.000000000000000000e+00,-0.000000000000000000e+00,0.000000000000000000e+00,-0.000000000000000000e+00,-0.000000000000000000e+00,7.781796714167962814e-02,-0.000000000000000000e+00,8.318001172566220902e-02,3.273364517700058651e-02,-0.000000000000000000e+00,0.000000000000000000e+00,3.604900220224852014e-02,8.646751620184137122e-02,1.033708155904528025e+00,-0.000000000000000000e+00,-0.000000000000000000e+00,0.000000000000000000e+00,0.000000000000000000e+00,0.000000000000000000e+00,0.000000000000000000e+00,-0.000000000000000000e+00,-0.000000000000000000e+00,-0.000000000000000000e+00,0.000000000000000000e+00,-0.000000000000000000e+00,-0.000000000000000000e+00,-0.000000000000000000e+00,0.000000000000000000e+00,-0.000000000000000000e+00,-0.000000000000000000e+00,0.000000000000000000e+00,0.000000000000000000e+00,0.000000000000000000e+00
0.000000000000000000e+00,0.000000000000000000e+00,-1.920662299790480976e-01,0.000000000000000000e+00,-0.000000000000000000e+00,0.000000000000000000e+00,0.000000000000000000e+00,1.053759814764547859e-01,-0.000000000000000000e+00,0.000000000000000000e+00,-0.000000000000000000e+00,-0.000000000000000000e+00,-1.452762552862855716e-01,0.000000000000000000e+00,0.000000000000000000e+00,-0.000000000000000000e+00,0.000000000000000000e+00,-2.505844657962570318e-02,-0.000000000000000000e+00,-0.000000000000000000e+00,1.901396532211194090e+00,-0.000000000000000000e+00,0.000000000000000000e+00,0.000000000000000000e+00,-0.000000000000000000e+00,0.000000000000000000e+00,-1.507391060101131719e-01,-2.719489538419157526e-01,0.000000000000000000e+00,0.000000000000000000e+00,-0.000000000000000000e+00,0.000000000000000000e+00,-7.232819002135566500e-01,-0.000000000000000000e+00,0.000000000000000000e+00,0.000000000000000000e+00,0.000000000000000000e+00,0.000000000000000000e+00,-0.000000000000000000e+00
0.000000000000000000e+00,0.000000000000000000e+00,-2.706413508077912256e-02,-0.000000000000000000e+00,-0.000000000000000000e+00,0.000000000000000000e+00,-1.627606409775269602e-01,9.337278211918836890e-02,-0.000000000000000000e+00,-2.138110886792018994e-01,-1.289868759270165928e-02,-1.170049024041847213e-01,-6.721166095740349622e-02,1.651250155136294306e-01,0.000000000000000000e+00,-1.638008701507910891e-01,-0.000000000000000000e+00,-8.265643437491808354e-02,-0.000000000000000000e+00,-0.000000000000000000e+00,-0.000000000000000000e+00,1.635967990531719707e+00,0.000000000000000000e+00,1.470458854622671563e-01,0.000000000000000000e+00,0.000000000000000000e+00,-0.000000000000000000e+00,-3.743887428590680910e-01,0.000000000000000000e+00,-0.000000000000000000e+00,-0.000000000000000000e+00,-0.000000000000000000e+00,-1.650853389495636481e-01,-0.000000000000000000e+00,0.000000000000000000e+00,-0.000000000000000000e+00,0.000000000000000000e+00,0.000000000000000000e+00,-0.000000000000000000e+00
-0.000000000000000000e+00,-1.038975828357152353e-01,0.000000000000000000e+00,-0.000000000000000000e+00,-0.000000000000000000e+00,-3.760421704920179353e-01,0.000000000000000000e+00,-0.000000000000000000e+00,-0.000000000000000000e+00,-0.000000000000000000e+00,0.000000000000000000e+00,0.000000000000000000e+00,0.000000000000000000e+00,-0.000000000000000000e+00,0.000000000000000000e+00,0.000000000000000000e+00,-0.000000000000000000e+00,0.000000000000000000e+00,-0.000000000000000000e+00,0.000000000000000000e+00,0.000000000000000000e+00,0.000000000000000000e+00,2.871251695500166345e+00,-4.729491385169682371e-01,-5.635511389946556982e-01,-0.000000000000000000e+00,0.000000000000000000e+00,0.000000000000000000e+00,-7.983521724914167950e-02,-4.431869409951866290e-01,0.000000000000000000e+00,-0.000000000000000000e+00,2.579480030042555772e-01,-0.000000000000000000e+00,-3.035540629789183487e-01,0.000000000000000000e+00,-5.997432504760562555e-01,-0.000000000000000000e+00,-0.000000000000000000e+00
-0.000000000000000000e+00,-0.000000000000000000e+00,0.000000000000000000e+00,0.000000000000000000e+00,0.000000000000000000e+00,-6.884300929879340059e-01,0.000000000000000000e+00,-0.000000000000000000e+00,-0.000000000000000000e+00,0.000000000000000000e+00,0.000000000000000000e+00,0.000000000000000000e+00,0.000000000000000000e+00,-0.000000000000000000e+00,0.000000000000000000e+00,0.000000000000000000e+00,-0.000000000000000000e+00,0.000000000000000000e+00,-0.000000000000000000e+00,0.000000000000000000e+00,0.000000000000000000e+00,1.470458854622671563e-01,-4.729491385169682371e-01,3.412206514476402663e+00,-6.000165942558786103e-01,-0.000000000000000000e+00,1.689541786980895410e-01,0.000000000000000000e+00,-1.829885714591652224e-01,-0.000000000000000000e+00,0.000000000000000000e+00,-0.000000000000000000e+00,0.000000000000000000e+00,0.000000000000000000e+00,-4.876528831648885842e-01,0.000000000000000000e+00,-8.617364383721403120e-01,0.000000000000000000e+00,-0.000000000000000000e+00
-0.000000000000000000e+00,-0.000000000000000000e+00,0.000000000000000000e+00,0.000000000000000000e+00,-0.000000000000000000e+00,-6.463415766793134676e-02,1.597911084236465495e-01,-0.000000000000000000e+00,-0.000000000000000000e+00,-0.000000000000000000e+00,8.673190867472337084e-02,0.000000000000000000e+00,0.000000000000000000e+00,-4.271168348766433975e-02,0.000000000000000000e+00,-0.000000000000000000e+00,-0.000000000000000000e+00,0.000000000000000000e+00,-0.000000000000000000e+00,0.000000000000000000e+00,-0.000000000000000000e+00,0.000000000000000000e+00,-5.635511389946556982e-01,-6.000165942558786103e-01,1.819059744229844622e+00,-0.000000000000000000e+00,0.000000000000000000e+00,-0.000000000000000000e+00,-0.000000000000000000e+00,-1.173118879122928837e-01,0.000000000000000000e+00,0.000000000000000000e+00,0.000000000000000000e+00,-0.000000000000000000e+00,-0.000000000000000000e+00,0.000000000000000000e+00,-0.000000000000000000e+00,-0.000000000000000000e+00,-0.000000000000000000e+00
-1.314869900333284769e-01,-3.412183957336716034e-02,-0.000000000000000000e+00,0.000000000000000000e+00,-0.000000000000000000e+00,-0.000000000000000000e+00,-0.000000000000000000e+00,0.000000000000000000e+00,-3.717791455489175695e-02,-0.000000000000000000e+00,-0.000000000000000000e+00,0.000000000000000000e+00,0.000000000000000000e+00,-0.000000000000000000e+00,-0.000000000000000000e+00,0.000000000000000000e+00,-3.275288811937544092e-02,-0.000000000000000000e+00,-0.000000000000000000e+00,0.000000000000000000e+00,0.000000000000000000e+00,0.000000000000000000e+00,-0.000000000000000000e+00,-0.000000000000000000e+00,-0.000000000000000000e+00,1.178228052617253496e+00,-0.000000000000000000e+00,1.961137626422431585e-02,-8.905233996481776160e-02,-2.518464254393243396e-01,-0.000000000000000000e+00,-0.000000000000000000e+00,0.000000000000000000e+00,-0.000000000000000000e+00,-0.000000000000000000e+00,-0.000000000000000000e+00,-0.000000000000000000e+00,-1.939279641815898902e-01,-0.000000000000000000e+00
1.031281446023210174e-01,2.808736601701331548e-01,-0.000000000000000000e+00,0.000000000000000000e+00,-2.279874799707372057e-01,2.628347554782526352e-01,0.000000000000000000e+00,0.000000000000000000e+00,-0.000000000000000000e+00,0.000000000000000000e+00,-0.000000000000000000e+00,-1.878155573710151363e-02,-0.000000000000000000e+00,-0.000000000000000000e+00,-0.000000000000000000e+00,-8.481494051469018469e-02,0.000000000000000000e+00,-8.944337005577618349e-02,-0.000000000000000000e+00,-0.000000000000000000e+00,-1.507391060101131719e-01,-0.000000000000000000e+00,0.000000000000000000e+00,1.689541786980895410e-01,0.000000000000000000e+00,-0.000000000000000000e+00,2.086071638662815975e+00,-0.000000000000000000e+00,1.232015761698216499e-01,-0.000000000000000000e+00,-7.490414054620887600e-03,0.000000000000000000e+00,-1.488769600546809291e-01,-0.000000000000000000e+00,3.227472411613455661e-01,-0.000000000000000000e+00,3.508854370427402225e-01,0.000000000000000000e+00,0.000000000000000000e+00
0.000000000000000000e+00,-0.000000000000000000e+00,-3.747542146349382985e-01,-0.000000000000000000e+00,-0.000000000000000000e+00,0.000000000000000000e+00,-1.619833011885981056e-01,0.000000000000000000e+00,-0.000000000000000000e+00,-0.000000000000000000e+00,-0.000000000000000000e+00,-0.000000000000000000e+00,-3.669354854786133213e-01,-0.000000000000000000e+00,0.000000000000000000e+00,-2.158554960216553173e-02,-0.000000000000000000e+00,-0.000000000000000000e+00,-0.000000000000000000e+00,-0.000000000000000000e+00,-2.719489538419157526e-01,-3.743887428590680910e-01,0.000000000000000000e+00,0.000000000000000000e+00,-0.000000000000000000e+00,1.961137626422431585e-02,-0.000000000000000000e+00,1.935230344913854594e+00,-0.000000000000000000e+00,-0.000000000000000000e+00,-8.596918725886791915e-03,-0.000000000000000000e+00,-2.577512036374496884e-01,-0.000000000000000000e+00,0.000000000000000000e+00,-0.000000000000000000e+00,-0.000000000000000000e+00,-0.000000000000000000e+00,-0.000000000000000000e+00
-2.689649081470829040e-01,-8.128483905929721753e-02,-0.000000000000000000e+00,0.000000000000000000e+00,0.000000000000000000e+00,-4.484410004718153986e-01,-0.000000000000000000e+00,-0.000000000000000000e+00,-0.000000000000000000e+00,-0.000000000000000000e+00,-0.000000000000000000e+00,0.000000000000000000e+00,0.000000000000000000e+00,-0.000000000000000000e+00,0.000000000000000000e+00,0.000000000000000000e+00,-7.591031282085493326e-02,0.000000000000000000e+00,0.000000000000000000e+00,-0.000000000000000000e+00,0.000000000000000000e+00,0.000000000000000000e+00,-7.983521724914167950e-02,-1.829885714591652224e-01,-0.000000000000000000e+00,-8.905233996481776160e-02,1.232015761698216499e-01,-0.000000000000000000e+00,1.723773616087112215e+00,-0.000000000000000000e+00,-0.000000000000000000e+00,-4.414973290153589303e-01,0.000000000000000000e+00,0.000000000000000000e+00,-0.000000000000000000e+00,0.000000000000000000e+00,-0.000000000000000000e+00,-1.876700220243570638e-01,-0.000000000000000000e+00
-0.000000000000000000e+00,-0.000000000000000000e+00,0.000000000000000000e+00,-0.000000000000000000e+00,-4.434322363806999512e-01,-0.000000000000000000e+00,-0.000000000000000000e+00,-0.000000000000000000e+00,-1.861136224096437974e-01,-1.709524963499549077e-01,0.000000000000000000e+00,-0.000000000000000000e+00,0.000000000000000000e+00,-0.000000000000000000e+00,0.000000000000000000e+00,-7.654039166314716147e-02,-0.000000000000000000e+00,0.000000000000000000e+00,-0.000000000000000000e+00,0.000000000000000000e+00,0.000000000000000000e+00,-0.000000000000000000e+00,-4.431869409951866290e-01,-0.000000000000000000e+00,-1.173118879122928837e-01,-2.518464254393243396e-01,-0.000000000000000000e+00,-0.000000000000000000e+00,-0.000000000000000000e+00,1.594022623070978639e+00,-0.000000000000000000e+00,0.000000000000000000e+00,0.000000000000000000e+00,-1.266958843608680108e-01,-0.000000000000000000e+00,-7.564406631232822864e-02,-0.000000000000000000e+00,-0.000000000000000000e+00,-0.000000000000000000e+00
-0.000000000000000000e+00,-0.000000000000000000e+00,-2.447574044141737071e-01,-0.000000000000000000e+00,-0.000000000000000000e+00,0.000000000000000000e+00,-1.832725934381532890e-02,1.414104522847066392e-01,-4.863325766617653673e-02,-0.000000000000000000e+00,-1.479065217360677753e-01,-5.449754576327955902e-02,-0.000000000000000000e+00,-0.000000000000000000e+00,-0.000000000000000000e+00,-0.000000000000000000e+00,-0.000000000000000000e+00,0.000000000000000000e+00,-0.000000000000000000e+00,-0.000000000000000000e+00,-0.000000000000000000e+00,-0.000000000000000000e+00,0.000000000000000000e+00,0.000000000000000000e+00,0.000000000000000000e+00,-0.000000000000000000e+00,-7.490414054620887600e-03,-8.596918725886791915e-03,-0.000000000000000000e+00,-0.000000000000000000e+00,1.336911681277860975e+00,-0.000000000000000000e+00,-0.000000000000000000e+00,-0.000000000000000000e+00,0.000000000000000000e+00,-1.918241586801183729e-01,0.000000000000000000e+00,-2.136966036918054868e-01,-0.000000000000000000e+00
0.000000000000000000e+00,-2.950604590000880934e-01,-0.000000000000000000e+00,0.000000000000000000e+00,-0.000000000000000000e+00,-0.000000000000000000e+00,-1.461200781277320615e-01,0.000000000000000000e+00,-0.000000000000000000e+00,-0.000000000000000000e+00,-7.301925124456819516e-01,-0.000000000000000000e+00,-1.961495420788838262e-01,-0.000000000000000000e+00,-0.000000000000000000e+00,0.000000000000000000e+00,-3.751555894685763559e-01,0.000000000000000000e+00,-0.000000000000000000e+00,-0.000000000000000000e+00,0.000000000000000000e+00,-0.000000000000000000e+00,-0.000000000000000000e+00,-0.000000000000000000e+00,0.000000000000000000e+00,-0.000000000000000000e+00,0.000000000000000000e+00,-0.000000000000000000e+00,-4.414973290153589303e-01,0.000000000000000000e+00,-0.000000000000000000e+00,1.845641767352445228e+00,-0.000000000000000000e+00,0.000000000000000000e+00,0.000000000000000000e+00,-0.000000000000000000e+00,-0.000000000000000000e+00,-0.000000000000000000e+00,-1.319906899450485824e-02
2.468355416401206252e-03,0.000000000000000000e+00,-2.574156029700098158e-01,0.000000000000000000e+00,-0.000000000000000000e+00,0.000000000000000000e+00,-0.000000000000000000e+00,3.787468328788487493e-01,-0.000000000000000000e+00,-0.000000000000000000e+00,-0.000000000000000000e+00,-1.936175924003749327e-01,-5.179964215227125246e-01,-0.000000000000000000e+00,-0.000000000000000000e+00,-0.000000000000000000e+00,0.000000000000000000e+00,-8.264800677928781786e-03,-0.000000000000000000e+00,-0.000000000000000000e+00,-7.232819002135566500e-01,-1.650853389495636481e-01,2.579480030042555772e-01,0.000000000000000000e+00,0.000000000000000000e+00,0.000000000000000000e+00,-1.488769600546809291e-01,-2.577512036374496884e-01,0.000000000000000000e+00,0.000000000000000000e+00,-0.000000000000000000e+00,-0.000000000000000000e+00,2.871789679307725329e+00,-0.000000000000000000e+00,3.147641585565310041e-01,-0.000000000000000000e+00,0.000000000000000000e+00,-0.000000000000000000e+00,-0.000000000000000000e+00
0.000000000000000000e+00,0.000000000000000000e+00,0.000000000000000000e+00,-0.000000000000000000e+00,-7.332392557565621249e-01,0.000000000000000000e+00,0.000000000000000000e+00,-0.000000000000000000e+00,-0.000000000000000000e+00,-0.000000000000000000e+00,-0.000000000000000000e+00,-3.178110667570702152e-01,-0.000000000000000000e+00,-0.000000000000000000e+00,-0.000000000000000000e+00,-1.761166178137393845e-01,-8.852862756928042351e-03,-6.109484166251094583e-02,-0.000000000000000000e+00,0.000000000000000000e+00,-0.000000000000000000e+00,-0.000000000000000000e+00,-0.000000000000000000e+00,0.000000000000000000e+00,-0.000000000000000000e+00,-0.000000000000000000e+00,-0.000000000000000000e+00,-0.000000000000000000e+00,0.000000000000000000e+00,-1.266958843608680108e-01,-0.000000000000000000e+00,0.000000000000000000e+00,-0.000000000000000000e+00,1.640683272396349146e+00,0.000000000000000000e+00,0.000000000000000000e+00,-0.000000000000000000e+00,-0.000000000000000000e+00,-0.000000000000000000e+00
-0.000000000000000000e+00,-0.000000000000000000e+00,0.000000000000000000e+00,-0.000000000000000000e+00,0.000000000000000000e+00,-5.783608733585287043e-01,0.000000000000000000e+00,-2.953463588719967836e-01,0.000000000000000000e+00,0.000000000000000000e+00,7.374795828364405503e-01,0.000000000000000000e+00,0.000000000000000000e+00,0.000000000000000000e+00,3.012572244498919471e-01,0.000000000000000000e+00,-0.000000000000000000e+00,0.000000000000000000e+00,0.000000000000000000e+00,-0.000000000000000000e+00,0.000000000000000000e+00,0.000000000000000000e+00,-3.035540629789183487e-01,-4.876528831648885842e-01,-0.000000000000000000e+00,-0.000000000000000000e+00,3.227472411613455661e-01,0.000000000000000000e+00,-0.000000000000000000e+00,-0.000000000000000000e+00,0.000000000000000000e+00,0.000000000000000000e+00,3.147641585565310041e-01,0.000000000000000000e+00,3.216509889394746136e+00,0.000000000000000000e+00,-3.357537368942776768e-01,0.000000000000000000e+00,0.000000000000000000e+00
0.000000000000000000e+00,-0.000000000000000000e+00,-0.000000000000000000e+00,-0.000000000000000000e+00,-2.626824753942307855e-01,0.000000000000000000e+00,-0.000000000000000000e+00,1.301925941193310399e-01,-3.197219285160697311e-01,-0.000000000000000000e+00,-0.000000000000000000e+00,-0.000000000000000000e+00,-0.000000000000000000e+00,-7.979396242766631508e-02,-0.000000000000000000e+00,-0.000000000000000000e+00,-0.000000000000000000e+00,0.000000000000000000e+00,-0.000000000000000000e+00,-0.000000000000000000e+00,0.000000000000000000e+00,-0.000000000000000000e+00,0.000000000000000000e+00,0.000000000000000000e+00,0.000000000000000000e+00,-0.000000000000000000e+00,-0.000000000000000000e+00,-0.000000000000000000e+00,0.000000000000000000e+00,-7.564406631232822864e-02,-1.918241586801183729e-01,-0.000000000000000000e+00,-0.000000000000000000e+00,0.000000000000000000e+00,0.000000000000000000e+00,1.327150446507616932e+00,0.000000000000000000e+00,-0.000000000000000000e+00,-0.000000000000000000e+00
-0.000000000000000000e+00,-5.362737852437686747e-01,-0.000000000000000000e+00,-0.000000000000000000e+00,0.000000000000000000e+00,-6.989438771794563854e-01,-0.000000000000000000e+00,-0.000000000000000000e+00,-0.000000000000000000e+00,-0.000000000000000000e+00,0.000000000000000000e+00,0.000000000000000000e+00,0.000000000000000000e+00,-0.000000000000000000e+00,2.861349566179520743e-01,0.000000000000000000e+00,-0.000000000000000000e+00,0.000000000000000000e+00,-0.000000000000000000e+00,0.000000000000000000e+00,0.000000000000000000e+00,0.000000000000000000e+00,-5.997432504760562555e-01,-8.617364383721403120e-01,-0.000000000000000000e+00,-0.000000000000000000e+00,3.508854370427402225e-01,-0.000000000000000000e+00,-0.000000000000000000e+00,-0.000000000000000000e+00,0.000000000000000000e+00,-0.000000000000000000e+00,0.000000000000000000e+00,-0.000000000000000000e+00,-3.357537368942776768e-01,0.000000000000000000e+00,3.398662618879336961e+00,0.000000000000000000e+00,-0.000000000000000000e+00
-2.087727677376546576e-01,-0.000000000000000000e+00,-0.000000000000000000e+00,-0.000000000000000000e+00,-0.000000000000000000e+00,0.000000000000000000e+00,-0.000000000000000000e+00,0.000000000000000000e+00,-1.272185661183530547e-01,-5.160244469098726472e-02,-7.081189132561535593e-02,-0.000000000000000000e+00,0.000000000000000000e+00,-0.000000000000000000e+00,-1.791117794582766098e-01,-0.000000000000000000e+00,-0.000000000000000000e+00,0.000000000000000000e+00,0.000000000000000000e+00,0.000000000000000000e+00,0.000000000000000000e+00,0.000000000000000000e+00,-0.000000000000000000e+00,0.000000000000000000e+00,-0.000000000000000000e+00,-1.939279641815898902e-01,0.000000000000000000e+00,-0.000000000000000000e+00,-1.876700220243570638e-01,-0.000000000000000000e+00,-2.136966036918054868e-01,-0.000000000000000000e+00,-0.000000000000000000e+00,-0.000000000000000000e+00,0.000000000000000000e+00,-0.000000000000000000e+00,0.000000000000000000e+00,1.311653764560584134e+00,-1.307067483974224675e-01
0.000000000000000000e+00,-1.331094510509615303e-01,-6.848358040275691339e-02,-0.000000000000000000e+00,-0.000000000000000000e+00,0.000000000000000000e+00,-0.000000000000000000e+00,0.000000000000000000e+00,-4.389309870993174378e-01,-3.567718920106252578e-01,-0.000000000000000000e+00,-3.295503719445013191e-01,-2.038674052965659955e-01,-1.701712956065609683e-02,-0.000000000000000000e+00,-0.000000000000000000e+00,-9.637308567878317966e-02,-4.575651885950868941e-02,-3.996354839561470917e-02,0.000000000000000000e+00,-0.000000000000000000e+00,-0.000000000000000000e+00,-0.000000000000000000e+00,-0.000000000000000000e+00,-0.000000000000000000e+00,-0.000000000000000000e+00,0.000000000000000000e+00,-0.000000000000000000e+00,-0.000000000000000000e+00,-0.000000000000000000e+00,-0.000000000000000000e+00,-1.319906899450485824e-02,-0.000000000000000000e+00,-0.000000000000000000e+00,0.000000000000000000e+00,-0.000000000000000000e+00,-0.000000000000000000e+00,-1.307067483974224675e-01,1.647242530098185886e+00
