2.079596932501876605e+00,-5.667889961122350995e-01,-0.000000000000000000e+00,0.000000000000000000e+00,-0.000000000000000000e+00,0.000000000000000000e+00,-0.000000000000000000e+00,0.000000000000000000e+00,-0.000000000000000000e+00,-1.470606970522481405e-01,-0.000000000000000000e+00,0.000000000000000000e+00,-0.000000000000000000e+00,-0.000000000000000000e+00,0.000000000000000000e+00,-0.000000000000000000e+00,-0.000000000000000000e+00,-0.000000000000000000e+00,-0.000000000000000000e+00,0.000000000000000000e+00,-0.000000000000000000e+00,0.000000000000000000e+00,0.000000000000000000e+00,0.000000000000000000e+00,-0.000000000000000000e+00,-0.000000000000000000e+00,-0.000000000000000000e+00,-1.958760916661384244e-01,-0.000000000000000000e+00,-2.411734258541584075e-01,-3.788750718816297769e-01,-2.701340285285581677e-01,-3.217374850233437056e-02,0.000000000000000000e+00,-1.942192819243500346e-01,-2.453038024583958920e-02,-0.000000000000000000e+00,-0.000000000000000000e+00,-0.000000000000000000e+00
-5.667889961122350995e-01,2.419388542627598948e+00,-0.000000000000000000e+00,-0.000000000000000000e+00,-0.000000000000000000e+00,0.000000000000000000e+00,-0.000000000000000000e+00,0.000000000000000000e+00,-1.365881885808284957e-01,-2.638879737302481376e-01,-0.000000000000000000e+00,-0.000000000000000000e+00,0.000000000000000000e+00,-7.603278319400560981e-02,-0.000000000000000000e+00,-0.000000000000000000e+00,-0.000000000000000000e+00,-0.000000000000000000e+00,-0.000000000000000000e+00,-0.000000000000000000e+00,-0.000000000000000000e+00,-0.000000000000000000e+00,-0.000000000000000000e+00,0.000000000000000000e+00,-0.000000000000000000e+00,-9.469475789398987264e-02,-0.000000000000000000e+00,-0.000000000000000000e+00,-4.991490694278790663e-01,-2.996412078182683278e-02,-0.000000000000000000e+00,-1.671854305660195050e-01,0.000000000000000000e+00,-0.000000000000000000e+00,-0.000000000000000000e+00,-3.103296213735287079e-01,-2.811120290469580896e-01,-0.000000000000000000e+00,-2.432491142561965525e-01
-0.000000000000000000e+00,-0.000000000000000000e+00,3.147270281741266995e+00,-0.000000000000000000e+00,-3.022099623201931484e-01,0.000000000000000000e+00,-0.000000000000000000e+00,8.369896376521535064e-01,-4.760372465413958420e-01,-0.000000000000000000e+00,0.000000000000000000e+00,-0.000000000000000000e+00,0.000000000000000000e+00,-2.515814969402013768e-02,-5.219396149671794161e-02,-0.000000000000000000e+00,0.000000000000000000e+00,-0.000000000000000000e+00,-0.000000000000000000e+00,-0.000000000000000000e+00,-9.389321494879633301e-01,-1.090878354755151110e-02,-7.264697271289753677e-02,-0.000000000000000000e+00,-0.000000000000000000e+00,-0.000000000000000000e+00,0.000000000000000000e+00,-0.000000000000000000e+00,-7.147416263263295377e-02,-0.000000000000000000e+00,-0.000000000000000000e+00,-0.000000000000000000e+00,-0.000000000000000000e+00,-4.556993886788687775e-01,0.000000000000000000e+00,-0.000000000000000000e+00,-0.000000000000000000e+00,-3.486314910101839804e-02,-1.943213721325145471e-01
0.000000000000000000e+00,-0.000000000000000000e+00,-0.000000000000000000e+00,1.859423919599930475e+00,-0.000000000000000000e+00,0.000000000000000000e+00,-0.000000000000000000e+00,-0.000000000000000000e+00,-1.877862581574826495e-01,0.000000000000000000e+00,1.390839591868327785e-01,-1.898401766754447273e-01,4.100632782347167771e-01,-0.000000000000000000e+00,-0.000000000000000000e+00,0.000000000000000000e+00,0.000000000000000000e+00,0.000000000000000000e+00,-0.000000000000000000e+00,-5.534094466432778470e-01,-0.000000000000000000e+00,-0.000000000000000000e+00,-0.000000000000000000e+00,-1.361681443085260568e-01,-7.531009882405055589e-02,0.000000000000000000e+00,0.000000000000000000e+00,0.000000000000000000e+00,-0.000000000000000000e+00,0.000000000000000000e+00,0.000000000000000000e+00,0.000000000000000000e+00,2.623563037652063556e-01,-0.000000000000000000e+00,0.000000000000000000e+00,0.000000000000000000e+00,-0.000000000000000000e+00,-0.000000000000000000e+00,-0.000000000000000000e+00
-0.000000000000000000e+00,-0.000000000000000000e+00,-3.022099623201931484e-01,-0.000000000000000000e+00,2.542746181750619172e+00,0.000000000000000000e+00,-0.000000000000000000e+00,4.566023433482588878e-01,-1.619430520875953794e-01,-0.000000000000000000e+00,-0.000000000000000000e+00,-0.000000000000000000e+00,-0.000000000000000000e+00,-3.121684762246534905e-01,-0.000000000000000000e+00,-0.000000000000000000e+00,-0.000000000000000000e+00,-0.000000000000000000e+00,-0.000000000000000000e+00,-0.000000000000000000e+00,-1.804671863271421484e-01,-0.000000000000000000e+00,-0.000000000000000000e+00,-0.000000000000000000e+00,-0.000000000000000000e+00,-0.000000000000000000e+00,-0.000000000000000000e+00,-0.000000000000000000e+00,-0.000000000000000000e+00,-0.000000000000000000e+00,-1.812891135457243563e-01,-5.470545311933138199e-01,-4.966532312883466249e-02,-5.301386352817651915e-01,-0.000000000000000000e+00,-0.000000000000000000e+00,-0.000000000000000000e+00,-8.516300099512368049e-02,-0.000000000000000000e+00
0.000000000000000000e+00,0.000000000000000000e+00,0.000000000000000000e+00,0.000000000000000000e+00,0.000000000000000000e+00,1.447221977520548597e+00,5.144748833957400735e-02,-0.000000000000000000e+00,2.360994058893762515e-01,-0.000000000000000000e+00,-3.603639883406868361e-01,2.821383879847529259e-03,0.000000000000000000e+00,-0.000000000000000000e+00,0.000000000000000000e+00,0.000000000000000000e+00,-2.256415425808241115e-01,0.000000000000000000e+00,1.099502306525910744e-01,0.000000000000000000e+00,-0.000000000000000000e+00,-0.000000000000000000e+00,0.000000000000000000e+00,-0.000000000000000000e+00,-2.684764269925435376e-01,0.000000000000000000e+00,0.000000000000000000e+00,0.000000000000000000e+00,-0.000000000000000000e+00,0.000000000000000000e+00,0.000000000000000000e+00,-0.000000000000000000e+00,-0.000000000000000000e+00,0.000000000000000000e+00,-2.270044574679013771e-01,0.000000000000000000e+00,-0.000000000000000000e+00,9.428417096718285859e-03,0.000000000000000000e+00
-0.000000000000000000e+00,-0.000000000000000000e+00,-0.000000000000000000e+00,-0.000000000000000000e+00,-0.000000000000000000e+00,5.144748833957400735e-02,1.066939365213911861e+00,1.622880202124909743e-01,-0.000000000000000000e+00,-0.000000000000000000e+00,0.000000000000000000e+00,-0.000000000000000000e+00,0.000000000000000000e+00,-0.000000000000000000e+00,-0.000000000000000000e+00,-0.000000000000000000e+00,0.000000000000000000e+00,0.000000000000000000e+00,-0.000000000000000000e+00,-0.000000000000000000e+00,-0.000000000000000000e+00,-0.000000000000000000e+00,-0.000000000000000000e+00,-0.000000000000000000e+00,0.000000000000000000e+00,-0.000000000000000000e+00,-0.000000000000000000e+00,-1.596456798531867838e-01,-0.000000000000000000e+00,-0.000000000000000000e+00,-0.000000000000000000e+00,-0.000000000000000000e+00,-0.000000000000000000e+00,-0.000000000000000000e+00,0.000000000000000000e+00,-0.000000000000000000e+00,0.000000000000000000e+00,0.000000000000000000e+00,-0.000000000000000000e+00
0.000000000000000000e+00,0.000000000000000000e+00,8.369896376521535064e-01,-0.000000000000000000e+00,4.566023433482588878e-01,-0.000000000000000000e+00,1.622880202124909743e-01,2.001842626880826259e+00,0.000000000000000000e+00,0.000000000000000000e+00,-0.000000000000000000e+00,0.000000000000000000e+00,-0.000000000000000000e+00,8.564571752808158855e-02,0.000000000000000000e+00,0.000000000000000000e+00,-0.000000000000000000e+00,0.000000000000000000e+00,5.223827435167444772e-02,-0.000000000000000000e+00,0.000000000000000000e+00,0.000000000000000000e+00,7.604516922588935336e-03,0.000000000000000000e+00,0.000000000000000000e+00,0.000000000000000000e+00,0.000000000000000000e+00,0.000000000000000000e+00,0.000000000000000000e+00,0.000000000000000000e+00,0.000000000000000000e+00,0.000000000000000000e+00,3.939063552366493526e-01,8.194867403397740335e-03,-0.000000000000000000e+00,0.000000000000000000e+00,0.000000000000000000e+00,0.000000000000000000e+00,0.000000000000000000e+00
-0.000000000000000000e+00,-1.365881885808284957e-01,-4.760372465413958420e-01,-1.877862581574826495e-01,-1.619430520875953794e-01,2.360994058893762515e-01,-0.000000000000000000e+00,0.000000000000000000e+00,2.851267284242887001e+00,-0.000000000000000000e+00,0.000000000000000000e+00,-6.644735225203060036e-01,0.000000000000000000e+00,-0.000000000000000000e+00,-2.689019233090929606e-01,0.000000000000000000e+00,0.000000000000000000e+00,-0.000000000000000000e+00,-0.000000000000000000e+00,-8.018221085092866462e-02,-9.168450977823205950e-03,-0.000000000000000000e+00,-0.000000000000000000e+00,-0.000000000000000000e+00,-0.000000000000000000e+00,-0.000000000000000000e+00,0.000000000000000000e+00,-0.000000000000000000e+00,-1.413890032087915527e-01,-0.000000000000000000e+00,-0.000000000000000000e+00,-0.000000000000000000e+00,0.000000000000000000e+00,-2.768001608892228238e-01,0.000000000000000000e+00,-7.550275787443350151e-02,-0.000000000000000000e+00,-9.034935597086803105e-02,-5.063900465479456159e-01
-1.470606970522481405e-01,-2.638879737302481376e-01,-0.000000000000000000e+00,0.000000000000000000e+00,-0.000000000000000000e+00,-0.000000000000000000e+00,-0.000000000000000000e+00,0.000000000000000000e+00,-0.000000000000000000e+00,2.130219950596359269e+00,-7.521838110471079641e-02,0.000000000000000000e+00,-4.276077928580280380e-02,-0.000000000000000000e+00,0.000000000000000000e+00,-6.786768262412540276e-01,-1.254673088746048777e-02,-0.000000000000000000e+00,-0.000000000000000000e+00,-0.000000000000000000e+00,-0.000000000000000000e+00,-5.378074981147899780e-02,-0.000000000000000000e+00,0.000000000000000000e+00,-9.681806473525388090e-02,-2.495027647048587288e-02,-4.198441111700698669e-02,-0.000000000000000000e+00,-0.000000000000000000e+00,-2.588368839934967469e-01,-4.281733178921735550e-01,-1.427584023692904727e-02,-0.000000000000000000e+00,-0.000000000000000000e+00,-0.000000000000000000e+00,-0.000000000000000000e+00,-0.000000000000000000e+00,-0.000000000000000000e+00,-5.470897824675217264e-02
-0.000000000000000000e+00,-0.000000000000000000e+00,0.000000000000000000e+00,1.390839591868327785e-01,-0.000000000000000000e+00,-3.603639883406868361e-01,0.000000000000000000e+00,-0.000000000000000000e+00,0.000000000000000000e+00,-7.521838110471079641e-02,2.594408499263478163e+00,6.329897417595775622e-02,-6.725727786161023181e-01,0.000000000000000000e+00,5.286176005250542431e-01,-0.000000000000000000e+00,-6.870795757934273773e-01,-0.000000000000000000e+00,0.000000000000000000e+00,0.000000000000000000e+00,-0.000000000000000000e+00,-0.000000000000000000e+00,0.000000000000000000e+00,0.000000000000000000e+00,-0.000000000000000000e+00,-0.000000000000000000e+00,-0.000000000000000000e+00,0.000000000000000000e+00,-0.000000000000000000e+00,-0.000000000000000000e+00,-0.000000000000000000e+00,-1.818908532294905567e-01,-0.000000000000000000e+00,0.000000000000000000e+00,-4.795298978418340852e-01,0.000000000000000000e+00,-0.000000000000000000e+00,0.000000000000000000e+00,0.000000000000000000e+00
0.000000000000000000e+00,-0.000000000000000000e+00,-0.000000000000000000e+00,-1.898401766754447273e-01,-0.000000000000000000e+00,2.821383879847529259e-03,-0.000000000000000000e+00,0.000000000000000000e+00,-6.644735225203060036e-01,0.000000000000000000e+00,6.329897417595775622e-02,3.059630328508174291e+00,0.000000000000000000e+00,-0.000000000000000000e+00,-1.210122130982823840e+00,0.000000000000000000e+00,0.000000000000000000e+00,-0.000000000000000000e+00,-9.864112448507762754e-02,-8.392923227353969728e-02,-0.000000000000000000e+00,-0.000000000000000000e+00,-2.114881991122418980e-01,-0.000000000000000000e+00,-0.000000000000000000e+00,-0.000000000000000000e+00,-0.000000000000000000e+00,-0.000000000000000000e+00,-0.000000000000000000e+00,0.000000000000000000e+00,0.000000000000000000e+00,0.000000000000000000e+00,0.000000000000000000e+00,-2.606378542370380025e-01,1.825989092175548667e-01,-0.000000000000000000e+00,-0.000000000000000000e+00,-7.704100438154661001e-02,-3.791345506310376812e-01
-0.000000000000000000e+00,0.000000000000000000e+00,0.000000000000000000e+00,4.100632782347167771e-01,-0.000000000000000000e+00,0.000000000000000000e+00,0.000000000000000000e+00,-0.000000000000000000e+00,0.000000000000000000e+00,-4.276077928580280380e-02,-6.725727786161023181e-01,0.000000000000000000e+00,1.910248267951927481e+00,0.000000000000000000e+00,0.000000000000000000e+00,-0.000000000000000000e+00,-4.411124671825275567e-02,-0.000000000000000000e+00,-0.000000000000000000e+00,0.000000000000000000e+00,0.000000000000000000e+00,0.000000000000000000e+00,1.376375833020518080e-01,0.000000000000000000e+00,0.000000000000000000e+00,-0.000000000000000000e+00,-0.000000000000000000e+00,-0.000000000000000000e+00,0.000000000000000000e+00,-0.000000000000000000e+00,-4.208132546447929112e-01,-0.000000000000000000e+00,-1.500569906922136765e-01,0.000000000000000000e+00,-7.402874648656505852e-02,0.000000000000000000e+00,-0.000000000000000000e+00,-0.000000000000000000e+00,-0.000000000000000000e+00
-0.000000000000000000e+00,-7.603278319400560981e-02,-2.515814969402013768e-02,-0.000000000000000000e+00,-3.121684762246534905e-01,-0.000000000000000000e+00,-0.000000000000000000e+00,8.564571752808158855e-02,-0.000000000000000000e+00,-0.000000000000000000e+00,0.000000000000000000e+00,-0.000000000000000000e+00,0.000000000000000000e+00,1.781635102773217127e+00,-1.653560908578568522e-01,-5.998370538011674538e-03,-0.000000000000000000e+00,-0.000000000000000000e+00,-6.895675241895125873e-02,-0.000000000000000000e+00,-0.000000000000000000e+00,-0.000000000000000000e+00,-1.731940704604940928e-01,-1.474966482385252908e-01,-5.118627326053834699e-03,-5.852961455983946709e-02,-2.209765988188574226e-01,-3.105240654891918139e-01,-1.099382717771270057e-01,-0.000000000000000000e+00,-0.000000000000000000e+00,-0.000000000000000000e+00,-0.000000000000000000e+00,-1.894746529808739172e-02,-0.000000000000000000e+00,-3.659062012679439868e-02,-0.000000000000000000e+00,-0.000000000000000000e+00,-0.000000000000000000e+00
0.000000000000000000e+00,-0.000000000000000000e+00,-5.219396149671794161e-02,-0.000000000000000000e+00,-0.000000000000000000e+00,0.000000000000000000e+00,-0.000000000000000000e+00,0.000000000000000000e+00,-2.689019233090929606e-01,0.000000000000000000e+00,5.286176005250542431e-01,-1.210122130982823840e+00,0.000000000000000000e+00,-1.653560908578568522e-01,2.623840897509961856e+00,-0.000000000000000000e+00,0.000000000000000000e+00,-0.000000000000000000e+00,-2.406135671336199697e-02,-0.000000000000000000e+00,-0.000000000000000000e+00,-0.000000000000000000e+00,-3.580675908200988689e-01,-9.677229487688161769e-02,-0.000000000000000000e+00,-0.000000000000000000e+00,-0.000000000000000000e+00,-0.000000000000000000e+00,-0.000000000000000000e+00,0.000000000000000000e+00,0.000000000000000000e+00,0.000000000000000000e+00,0.000000000000000000e+00,-6.540225552111349205e-02,4.056928705060976886e-02,-0.000000000000000000e+00,-0.000000000000000000e+00,-0.000000000000000000e+00,-0.000000000000000000e+00
-0.000000000000000000e+00,-0.000000000000000000e+00,-0.000000000000000000e+00,0.000000000000000000e+00,-0.000000000000000000e+00,0.000000000000000000e+00,-0.000000000000000000e+00,0.000000000000000000e+00,0.000000000000000000e+00,-6.786768262412540276e-01,-0.000000000000000000e+00,0.000000000000000000e+00,-0.000000000000000000e+00,-5.998370538011674538e-03,-0.000000000000000000e+00,2.034853841177902023e+00,-1.448786002461120437e-01,-4.511075848004945654e-01,-0.000000000000000000e+00,0.000000000000000000e+00,-0.000000000000000000e+00,-0.000000000000000000e+00,-0.000000000000000000e+00,-0.000000000000000000e+00,-0.000000000000000000e+00,-9.058930847332626046e-02,-1.544362720486928131e-01,-1.148307441525121958e-01,0.000000000000000000e+00,-2.707055794370441526e-01,-0.000000000000000000e+00,-0.000000000000000000e+00,-6.260947023249351095e-02,-0.000000000000000000e+00,-0.000000000000000000e+00,-0.000000000000000000e+00,-0.000000000000000000e+00,-2.878829605572056846e-02,-0.000000000000000000e+00
-0.000000000000000000e+00,-0.000000000000000000e+00,0.000000000000000000e+00,0.000000000000000000e+00,-0.000000000000000000e+00,-2.256415425808241115e-01,0.000000000000000000e+00,-0.000000000000000000e+00,0.000000000000000000e+00,-1.254673088746048777e-02,-6.870795757934273773e-01,0.000000000000000000e+00,-4.411124671825275567e-02,-0.000000000000000000e+00,0.000000000000000000e+00,-1.448786002461120437e-01,1.736453062613705134e+00,0.000000000000000000e+00,0.000000000000000000e+00,0.000000000000000000e+00,-0.000000000000000000e+00,-5.952626082941449293e-02,0.000000000000000000e+00,-0.000000000000000000e+00,-9.072426680892234363e-02,-1.797219532537837894e-01,-0.000000000000000000e+00,-0.000000000000000000e+00,-0.000000000000000000e+00,-0.000000000000000000e+00,-0.000000000000000000e+00,-0.000000000000000000e+00,-0.000000000000000000e+00,0.000000000000000000e+00,-2.160855152632484566e-01,0.000000000000000000e+00,-0.000000000000000000e+00,-0.000000000000000000e+00,0.000000000000000000e+00
-0.000000000000000000e+00,-0.000000000000000000e+00,-0.000000000000000000e+00,0.000000000000000000e+00,-0.000000000000000000e+00,0.000000000000000000e+00,0.000000000000000000e+00,0.000000000000000000e+00,-0.000000000000000000e+00,-0.000000000000000000e+00,-0.000000000000000000e+00,-0.000000000000000000e+00,-0.000000000000000000e+00,-0.000000000000000000e+00,-0.000000000000000000e+00,-4.511075848004945654e-01,0.000000000000000000e+00,1.942064894939971920e+00,-7.611281663421300969e-01,0.000000000000000000e+00,0.000000000000000000e+00,0.000000000000000000e+00,-0.000000000000000000e+00,0.000000000000000000e+00,-0.000000000000000000e+00,-0.000000000000000000e+00,-0.000000000000000000e+00,-1.334009831527323831e-01,0.000000000000000000e+00,-0.000000000000000000e+00,-1.604157964638173450e-01,-0.000000000000000000e+00,-0.000000000000000000e+00,-0.000000000000000000e+00,-0.000000000000000000e+00,0.000000000000000000e+00,-0.000000000000000000e+00,-3.303244623584545847e-01,-0.000000000000000000e+00
-0.000000000000000000e+00,-0.000000000000000000e+00,-0.000000000000000000e+00,-0.000000000000000000e+00,-0.000000000000000000e+00,1.099502306525910744e-01,-0.000000000000000000e+00,5.223827435167444772e-02,-0.000000000000000000e+00,-0.000000000000000000e+00,0.000000000000000000e+00,-9.864112448507762754e-02,-0.000000000000000000e+00,-6.895675241895125873e-02,-2.406135671336199697e-02,-0.000000000000000000e+00,0.000000000000000000e+00,-7.611281663421300969e-01,1.586106233530671483e+00,0.000000000000000000e+00,0.000000000000000000e+00,2.553034311468652118e-02,-3.302159211477427581e-02,0.000000000000000000e+00,0.000000000000000000e+00,-0.000000000000000000e+00,-0.000000000000000000e+00,-1.878592536974450777e-01,0.000000000000000000e+00,-0.000000000000000000e+00,-0.000000000000000000e+00,-0.000000000000000000e+00,-0.000000000000000000e+00,-0.000000000000000000e+00,0.000000000000000000e+00,-0.000000000000000000e+00,0.000000000000000000e+00,-0.000000000000000000e+00,-0.000000000000000000e+00
0.000000000000000000e+00,-0.000000000000000000e+00,-0.000000000000000000e+00,-5.534094466432778470e-01,-0.000000000000000000e+00,0.000000000000000000e+00,-0.000000000000000000e+00,-0.000000000000000000e+00,-8.018221085092866462e-02,-0.000000000000000000e+00,0.000000000000000000e+00,-8.392923227353969728e-02,0.000000000000000000e+00,-0.000000000000000000e+00,-0.000000000000000000e+00,0.000000000000000000e+00,0.000000000000000000e+00,0.000000000000000000e+00,0.000000000000000000e+00,2.208526485605650791e+00,-1.160877125447407759e-01,-4.640528561887181103e-01,-0.000000000000000000e+00,-0.000000000000000000e+00,-1.246483559220527837e-02,-0.000000000000000000e+00,0.000000000000000000e+00,0.000000000000000000e+00,-4.580714499965569120e-01,-0.000000000000000000e+00,0.000000000000000000e+00,0.000000000000000000e+00,6.265301363482972397e-01,-0.000000000000000000e+00,0.000000000000000000e+00,0.000000000000000000e+00,-0.000000000000000000e+00,-0.000000000000000000e+00,-2.816032414742727363e-01
-0.000000000000000000e+00,-0.000000000000000000e+00,-9.389321494879633301e-01,-0.000000000000000000e+00,-1.804671863271421484e-01,-0.000000000000000000e+00,-0.000000000000000000e+00,0.000000000000000000e+00,-9.168450977823205950e-03,-0.000000000000000000e+00,-0.000000000000000000e+00,-0.000000000000000000e+00,0.000000000000000000e+00,-0.000000000000000000e+00,-0.000000000000000000e+00,-0.000000000000000000e+00,-0.000000000000000000e+00,0.000000000000000000e+00,0.000000000000000000e+00,-1.160877125447407759e-01,2.098564052886493503e+00,-5.145455190059473605e-01,-0.000000000000000000e+00,-0.000000000000000000e+00,-0.000000000000000000e+00,-0.000000000000000000e+00,0.000000000000000000e+00,0.000000000000000000e+00,-2.589369609772238304e-02,-0.000000000000000000e+00,-0.000000000000000000e+00,-1.437321832476155629e-02,0.000000000000000000e+00,-4.923321179619349897e-02,0.000000000000000000e+00,-0.000000000000000000e+00,-1.285253039206478431e-01,-0.000000000000000000e+00,-0.000000000000000000e+00
0.000000000000000000e+00,-0.000000000000000000e+00,-1.090878354755151110e-02,-0.000000000000000000e+00,-0.000000000000000000e+00,-0.000000000000000000e+00,-0.000000000000000000e+00,0.000000000000000000e+00,-0.000000000000000000e+00,-5.378074981147899780e-02,-0.000000000000000000e+00,-0.000000000000000000e+00,0.000000000000000000e+00,-0.000000000000000000e+00,-0.000000000000000000e+00,-0.000000000000000000e+00,-5.952626082941449293e-02,0.000000000000000000e+00,2.553034311468652118e-02,-4.640528561887181103e-01,-5.145455190059473605e-01,1.488227018326930384e+00,-0.000000000000000000e+00,-8.372533228217822823e-03,-5.001348710291991101e-02,-0.000000000000000000e+00,-0.000000000000000000e+00,-0.000000000000000000e+00,-0.000000000000000000e+00,-0.000000000000000000e+00,0.000000000000000000e+00,-0.000000000000000000e+00,0.000000000000000000e+00,-0.000000000000000000e+00,0.000000000000000000e+00,-0.000000000000000000e+00,-0.000000000000000000e+00,-0.000000000000000000e+00,-0.000000000000000000e+00
0.000000000000000000e+00,-0.000000000000000000e+00,-7.264697271289753677e-02,-0.000000000000000000e+00,-0.000000000000000000e+00,0.000000000000000000e+00,-0.000000000000000000e+00,7.604516922588935336e-03,-0.000000000000000000e+00,-0.000000000000000000e+00,0.000000000000000000e+00,-2.114881991122418980e-01,1.376375833020518080e-01,-1.731940704604940928e-01,-3.580675908200988689e-01,-0.000000000000000000e+00,0.000000000000000000e+00,-0.000000000000000000e+00,-3.302159211477427581e-02,-0.000000000000000000e+00,-0.000000000000000000e+00,-0.000000000000000000e+00,1.983348517863085858e+00,-2.397777269868771599e-01,-6.685207163391823082e-01,-0.000000000000000000e+00,-0.000000000000000000e+00,-0.000000000000000000e+00,-0.000000000000000000e+00,-0.000000000000000000e+00,0.000000000000000000e+00,0.000000000000000000e+00,0.000000000000000000e+00,-1.620292746412684837e-01,0.000000000000000000e+00,-0.000000000000000000e+00,0.000000000000000000e+00,-0.000000000000000000e+00,-0.000000000000000000e+00
0.000000000000000000e+00,0.000000000000000000e+00,-0.000000000000000000e+00,-1.361681443085260568e-01,-0.000000000000000000e+00,-0.000000000000000000e+00,-0.000000000000000000e+00,0.000000000000000000e+00,-0.000000000000000000e+00,0.000000000000000000e+00,0.000000000000000000e+00,-0.000000000000000000e+00,0.000000000000000000e+00,-1.474966482385252908e-01,-9.677229487688161769e-02,-0.000000000000000000e+00,-0.000000000000000000e+00,0.000000000000000000e+00,0.000000000000000000e+00,-0.000000000000000000e+00,-0.000000000000000000e+00,-8.372533228217822823e-03,-2.397777269868771599e-01,1.472545841861605753e+00,-2.777498728445749188e-01,0.000000000000000000e+00,0.000000000000000000e+00,0.000000000000000000e+00,-0.000000000000000000e+00,0.000000000000000000e+00,0.000000000000000000e+00,0.000000000000000000e+00,0.000000000000000000e+00,-2.908827905129122704e-01,0.000000000000000000e+00,4.556142005762116309e-02,0.000000000000000000e+00,-0.000000000000000000e+00,-0.000000000000000000e+00
-0.000000000000000000e+00,-0.000000000000000000e+00,-0.000000000000000000e+00,-7.531009882405055589e-02,-0.000000000000000000e+00,-2.684764269925435376e-01,0.000000000000000000e+00,0.000000000000000000e+00,-0.000000000000000000e+00,-9.681806473525388090e-02,-0.000000000000000000e+00,-0.000000000000000000e+00,0.000000000000000000e+00,-5.118627326053834699e-03,-0.000000000000000000e+00,-0.000000000000000000e+00,-9.072426680892234363e-02,-0.000000000000000000e+00,0.000000000000000000e+00,-1.246483559220527837e-02,-0.000000000000000000e+00,-5.001348710291991101e-02,-6.685207163391823082e-01,-2.777498728445749188e-01,1.711682943546725788e+00,-0.000000000000000000e+00,-0.000000000000000000e+00,0.000000000000000000e+00,-2.691007298628099731e-01,-0.000000000000000000e+00,-0.000000000000000000e+00,-0.000000000000000000e+00,0.000000000000000000e+00,-0.000000000000000000e+00,-0.000000000000000000e+00,-0.000000000000000000e+00,-0.000000000000000000e+00,-1.814496187397741586e-02,-0.000000000000000000e+00
-0.000000000000000000e+00,-9.469475789398987264e-02,-0.000000000000000000e+00,0.000000000000000000e+00,-0.000000000000000000e+00,0.000000000000000000e+00,-0.000000000000000000e+00,0.000000000000000000e+00,-0.000000000000000000e+00,-2.495027647048587288e-02,-0.000000000000000000e+00,-0.000000000000000000e+00,-0.000000000000000000e+00,-5.852961455983946709e-02,-0.000000000000000000e+00,-9.058930847332626046e-02,-1.797219532537837894e-01,-0.000000000000000000e+00,-0.000000000000000000e+00,-0.000000000000000000e+00,-0.000000000000000000e+00,-0.000000000000000000e+00,-0.000000000000000000e+00,0.000000000000000000e+00,-0.000000000000000000e+00,2.590022950746645236e+00,-8.381456393759596502e-01,-6.578557603950441202e-01,-0.000000000000000000e+00,-3.276610919436270808e-01,-0.000000000000000000e+00,-2.375068889377934811e-02,-0.000000000000000000e+00,-0.000000000000000000e+00,-0.000000000000000000e+00,-2.177004223534884930e-01,-0.000000000000000000e+00,-2.439438370375401066e-01,-0.000000000000000000e+00
-0.000000000000000000e+00,-0.000000000000000000e+00,0.000000000000000000e+00,0.000000000000000000e+00,-0.000000000000000000e+00,0.000000000000000000e+00,-0.000000000000000000e+00,0.000000000000000000e+00,0.000000000000000000e+00,-4.198441111700698669e-02,-0.000000000000000000e+00,-0.000000000000000000e+00,-0.000000000000000000e+00,-2.209765988188574226e-01,-0.000000000000000000e+00,-1.544362720486928131e-01,-0.000000000000000000e+00,-0.000000000000000000e+00,-0.000000000000000000e+00,0.000000000000000000e+00,0.000000000000000000e+00,-0.000000000000000000e+00,-0.000000000000000000e+00,0.000000000000000000e+00,-0.000000000000000000e+00,-8.381456393759596502e-01,2.305356680460959762e+00,-5.457621082812197377e-01,-0.000000000000000000e+00,-0.000000000000000000e+00,-0.000000000000000000e+00,-0.000000000000000000e+00,-0.000000000000000000e+00,0.000000000000000000e+00,-3.743001927930478256e-01,-1.053413632712024151e-01,-0.000000000000000000e+00,-0.000000000000000000e+00,-0.000000000000000000e+00
-1.958760916661384244e-01,-0.000000000000000000e+00,-0.000000000000000000e+00,0.000000000000000000e+00,-0.000000000000000000e+00,0.000000000000000000e+00,-1.596456798531867838e-01,0.000000000000000000e+00,-0.000000000000000000e+00,-0.000000000000000000e+00,0.000000000000000000e+00,-0.000000000000000000e+00,-0.000000000000000000e+00,-3.105240654891918139e-01,-0.000000000000000000e+00,-1.148307441525121958e-01,-0.000000000000000000e+00,-1.334009831527323831e-01,-1.878592536974450777e-01,0.000000000000000000e+00,0.000000000000000000e+00,-0.000000000000000000e+00,-0.000000000000000000e+00,0.000000000000000000e+00,0.000000000000000000e+00,-6.578557603950441202e-01,-5.457621082812197377e-01,2.583674523509085663e+00,-0.000000000000000000e+00,-0.000000000000000000e+00,-4.435844094626373302e-01,-0.000000000000000000e+00,-1.644125835019003834e-01,-0.000000000000000000e+00,-0.000000000000000000e+00,-0.000000000000000000e+00,-0.000000000000000000e+00,-0.000000000000000000e+00,-0.000000000000000000e+00
-0.000000000000000000e+00,-4.991490694278790663e-01,-7.147416263263295377e-02,-0.000000000000000000e+00,-0.000000000000000000e+00,-0.000000000000000000e+00,-0.000000000000000000e+00,0.000000000000000000e+00,-1.413890032087915527e-01,-0.000000000000000000e+00,-0.000000000000000000e+00,-0.000000000000000000e+00,0.000000000000000000e+00,-1.099382717771270057e-01,-0.000000000000000000e+00,0.000000000000000000e+00,-0.000000000000000000e+00,0.000000000000000000e+00,0.000000000000000000e+00,-4.580714499965569120e-01,-2.589369609772238304e-02,-0.000000000000000000e+00,-0.000000000000000000e+00,-0.000000000000000000e+00,-2.691007298628099731e-01,-0.000000000000000000e+00,-0.000000000000000000e+00,-0.000000000000000000e+00,2.152926381716239401e+00,-0.000000000000000000e+00,-0.000000000000000000e+00,-3.795025996546394498e-02,0.000000000000000000e+00,-0.000000000000000000e+00,-0.000000000000000000e+00,-0.000000000000000000e+00,-6.480148647885427549e-01,-0.000000000000000000e+00,-0.000000000000000000e+00
-2.411734258541584075e-01,-2.996412078182683278e-02,-0.000000000000000000e+00,0.000000000000000000e+00,-0.000000000000000000e+00,0.000000000000000000e+00,-0.000000000000000000e+00,0.000000000000000000e+00,-0.000000000000000000e+00,-2.588368839934967469e-01,-0.000000000000000000e+00,0.000000000000000000e+00,-0.000000000000000000e+00,-0.000000000000000000e+00,0.000000000000000000e+00,-2.707055794370441526e-01,-0.000000000000000000e+00,-0.000000000000000000e+00,-0.000000000000000000e+00,-0.000000000000000000e+00,-0.000000000000000000e+00,-0.000000000000000000e+00,-0.000000000000000000e+00,0.000000000000000000e+00,-0.000000000000000000e+00,-3.276610919436270808e-01,-0.000000000000000000e+00,-0.000000000000000000e+00,-0.000000000000000000e+00,1.989314284493122642e+00,-7.195691608504872772e-02,-2.619067109597464360e-01,-0.000000000000000000e+00,0.000000000000000000e+00,-0.000000000000000000e+00,-0.000000000000000000e+00,-2.004582134442842167e-01,-2.696622338394009666e-01,-0.000000000000000000e+00
-3.788750718816297769e-01,-0.000000000000000000e+00,-0.000000000000000000e+00,0.000000000000000000e+00,-1.812891135457243563e-01,0.000000000000000000e+00,-0.000000000000000000e+00,0.000000000000000000e+00,-0.000000000000000000e+00,-4.281733178921735550e-01,-0.000000000000000000e+00,0.000000000000000000e+00,-4.208132546447929112e-01,-0.000000000000000000e+00,0.000000000000000000e+00,-0.000000000000000000e+00,-0.000000000000000000e+00,-1.604157964638173450e-01,-0.000000000000000000e+00,0.000000000000000000e+00,-0.000000000000000000e+00,0.000000000000000000e+00,0.000000000000000000e+00,0.000000000000000000e+00,-0.000000000000000000e+00,-0.000000000000000000e+00,-0.000000000000000000e+00,-4.435844094626373302e-01,-0.000000000000000000e+00,-7.195691608504872772e-02,2.381333882892827436e+00,-3.594576968868123945e-02,-4.762498632649383445e-01,-0.000000000000000000e+00,-6.267285909054098880e-02,-0.000000000000000000e+00,-0.000000000000000000e+00,-9.207899834752114598e-02,-0.000000000000000000e+00
-2.701340285285581677e-01,-1.671854305660195050e-01,-0.000000000000000000e+00,0.000000000000000000e+00,-5.470545311933138199e-01,-0.000000000000000000e+00,-0.000000000000000000e+00,0.000000000000000000e+00,-0.000000000000000000e+00,-1.427584023692904727e-02,-1.818908532294905567e-01,0.000000000000000000e+00,-0.000000000000000000e+00,-0.000000000000000000e+00,0.000000000000000000e+00,-0.000000000000000000e+00,-0.000000000000000000e+00,-0.000000000000000000e+00,-0.000000000000000000e+00,0.000000000000000000e+00,-1.437321832476155629e-02,-0.000000000000000000e+00,0.000000000000000000e+00,0.000000000000000000e+00,-0.000000000000000000e+00,-2.375068889377934811e-02,-0.000000000000000000e+00,-0.000000000000000000e+00,-3.795025996546394498e-02,-2.619067109597464360e-01,-3.594576968868123945e-02,2.184101188617631362e+00,-0.000000000000000000e+00,-0.000000000000000000e+00,-3.121532683540894845e-02,-2.310300614513811079e-01,-5.279625907397272888e-01,-0.000000000000000000e+00,-0.000000000000000000e+00
-3.217374850233437056e-02,0.000000000000000000e+00,-0.000000000000000000e+00,2.623563037652063556e-01,-4.966532312883466249e-02,-0.000000000000000000e+00,-0.000000000000000000e+00,3.939063552366493526e-01,0.000000000000000000e+00,-0.000000000000000000e+00,-0.000000000000000000e+00,0.000000000000000000e+00,-1.500569906922136765e-01,-0.000000000000000000e+00,0.000000000000000000e+00,-6.260947023249351095e-02,-0.000000000000000000e+00,-0.000000000000000000e+00,-0.000000000000000000e+00,6.265301363482972397e-01,0.000000000000000000e+00,0.000000000000000000e+00,0.000000000000000000e+00,0.000000000000000000e+00,0.000000000000000000e+00,-0.000000000000000000e+00,-0.000000000000000000e+00,-1.644125835019003834e-01,0.000000000000000000e+00,-0.000000000000000000e+00,-4.762498632649383445e-01,-0.000000000000000000e+00,1.907445246537033068e+00,-0.000000000000000000e+00,-1.017248948042150658e-01,-0.000000000000000000e+00,0.000000000000000000e+00,0.000000000000000000e+00,0.000000000000000000e+00
0.000000000000000000e+00,-0.000000000000000000e+00,-4.556993886788687775e-01,-0.000000000000000000e+00,-5.301386352817651915e-01,0.000000000000000000e+00,-0.000000000000000000e+00,8.194867403397740335e-03,-2.768001608892228238e-01,-0.000000000000000000e+00,0.000000000000000000e+00,-2.606378542370380025e-01,0.000000000000000000e+00,-1.894746529808739172e-02,-6.540225552111349205e-02,-0.000000000000000000e+00,0.000000000000000000e+00,-0.000000000000000000e+00,-0.000000000000000000e+00,-0.000000000000000000e+00,-4.923321179619349897e-02,-0.000000000000000000e+00,-1.620292746412684837e-01,-2.908827905129122704e-01,-0.000000000000000000e+00,-0.000000000000000000e+00,0.000000000000000000e+00,-0.000000000000000000e+00,-0.000000000000000000e+00,0.000000000000000000e+00,-0.000000000000000000e+00,-0.000000000000000000e+00,-0.000000000000000000e+00,2.257394976625832772e+00,6.803272265016675757e-02,0.000000000000000000e+00,-0.000000000000000000e+00,-0.000000000000000000e+00,-1.281026788449773635e-01
-1.942192819243500346e-01,-0.000000000000000000e+00,0.000000000000000000e+00,0.000000000000000000e+00,-0.000000000000000000e+00,-2.270044574679013771e-01,0.000000000000000000e+00,-0.000000000000000000e+00,0.000000000000000000e+00,-0.000000000000000000e+00,-4.795298978418340852e-01,1.825989092175548667e-01,-7.402874648656505852e-02,-0.000000000000000000e+00,4.056928705060976886e-02,-0.000000000000000000e+00,-2.160855152632484566e-01,-0.000000000000000000e+00,0.000000000000000000e+00,0.000000000000000000e+00,0.000000000000000000e+00,0.000000000000000000e+00,0.000000000000000000e+00,0.000000000000000000e+00,-0.000000000000000000e+00,-0.000000000000000000e+00,-3.743001927930478256e-01,-0.000000000000000000e+00,-0.000000000000000000e+00,-0.000000000000000000e+00,-6.267285909054098880e-02,-3.121532683540894845e-02,-1.017248948042150658e-01,6.803272265016675757e-02,1.872964679323043447e+00,-0.000000000000000000e+00,-1.414597021488391004e-01,0.000000000000000000e+00,0.000000000000000000e+00
-2.453038024583958920e-02,-3.103296213735287079e-01,-0.000000000000000000e+00,0.000000000000000000e+00,-0.000000000000000000e+00,0.000000000000000000e+00,-0.000000000000000000e+00,0.000000000000000000e+00,-7.550275787443350151e-02,-0.000000000000000000e+00,0.000000000000000000e+00,-0.000000000000000000e+00,0.000000000000000000e+00,-3.659062012679439868e-02,-0.000000000000000000e+00,-0.000000000000000000e+00,0.000000000000000000e+00,0.000000000000000000e+00,-0.000000000000000000e+00,0.000000000000000000e+00,-0.000000000000000000e+00,-0.000000000000000000e+00,-0.000000000000000000e+00,4.556142005762116309e-02,-0.000000000000000000e+00,-2.177004223534884930e-01,-1.053413632712024151e-01,-0.000000000000000000e+00,-0.000000000000000000e+00,-0.000000000000000000e+00,-0.000000000000000000e+00,-2.310300614513811079e-01,-0.000000000000000000e+00,0.000000000000000000e+00,-0.000000000000000000e+00,1.404132184538491757e+00,-0.000000000000000000e+00,-0.000000000000000000e+00,-0.000000000000000000e+00
-0.000000000000000000e+00,-2.811120290469580896e-01,-0.000000000000000000e+00,-0.000000000000000000e+00,-0.000000000000000000e+00,-0.000000000000000000e+00,0.000000000000000000e+00,0.000000000000000000e+00,-0.000000000000000000e+00,-0.000000000000000000e+00,-0.000000000000000000e+00,-0.000000000000000000e+00,-0.000000000000000000e+00,-0.000000000000000000e+00,-0.000000000000000000e+00,-0.000000000000000000e+00,-0.000000000000000000e+00,-0.000000000000000000e+00,0.000000000000000000e+00,-0.000000000000000000e+00,-1.285253039206478431e-01,-0.000000000000000000e+00,0.000000000000000000e+00,0.000000000000000000e+00,-0.000000000000000000e+00,-0.000000000000000000e+00,-0.000000000000000000e+00,-0.000000000000000000e+00,-6.480148647885427549e-01,-2.004582134442842167e-01,-0.000000000000000000e+00,-5.279625907397272888e-01,0.000000000000000000e+00,-0.000000000000000000e+00,-1.414597021488391004e-01,-0.000000000000000000e+00,2.020829583072142999e+00,-0.000000000000000000e+00,-0.000000000000000000e+00
-0.000000000000000000e+00,-0.000000000000000000e+00,-3.486314910101839804e-02,-0.000000000000000000e+00,-8.516300099512368049e-02,9.428417096718285859e-03,0.000000000000000000e+00,0.000000000000000000e+00,-9.034935597086803105e-02,-0.000000000000000000e+00,0.000000000000000000e+00,-7.704100438154661001e-02,-0.000000000000000000e+00,-0.000000000000000000e+00,-0.000000000000000000e+00,-2.878829605572056846e-02,-0.000000000000000000e+00,-3.303244623584545847e-01,-0.000000000000000000e+00,-0.000000000000000000e+00,-0.000000000000000000e+00,-0.000000000000000000e+00,-0.000000000000000000e+00,-0.000000000000000000e+00,-1.814496187397741586e-02,-2.439438370375401066e-01,-0.000000000000000000e+00,-0.000000000000000000e+00,-0.000000000000000000e+00,-2.696622338394009666e-01,-9.207899834752114598e-02,-0.000000000000000000e+00,0.000000000000000000e+00,-0.000000000000000000e+00,0.000000000000000000e+00,-0.000000000000000000e+00,-0.000000000000000000e+00,2.226026743280293818e+00,-9.711629471986247264e-01
-0.000000000000000000e+00,-2.432491142561965525e-01,-1.943213721325145471e-01,-0.000000000000000000e+00,-0.000000000000000000e+00,0.000000000000000000e+00,-0.000000000000000000e+00,0.000000000000000000e+00,-5.063900465479456159e-01,-5.470897824675217264e-02,0.000000000000000000e+00,-3.791345506310376812e-01,-0.000000000000000000e+00,-0.000000000000000000e+00,-0.000000000000000000e+00,-0.000000000000000000e+00,0.000000000000000000e+00,-0.000000000000000000e+00,-0.000000000000000000e+00,-2.816032414742727363e-01,-0.000000000000000000e+00,-0.000000000000000000e+00,-0.000000000000000000e+00,-0.000000000000000000e+00,-0.000000000000000000e+00,-0.000000000000000000e+00,-0.000000000000000000e+00,-0.000000000000000000e+00,-0.000000000000000000e+00,-0.000000000000000000e+00,-0.000000000000000000e+00,-0.000000000000000000e+00,0.000000000000000000e+00,-1.281026788449773635e-01,0.000000000000000000e+00,-0.000000000000000000e+00,-0.000000000000000000e+00,-9.711629471986247264e-01,2.631992807422010916e+00
