2.770231979183702453e+00,-5.935694293995890103e-01,-1.033259117597637722e-01,-0.000000000000000000e+00,-0.000000000000000000e+00,0.000000000000000000e+00,-0.000000000000000000e+00,0.000000000000000000e+00,-5.570918243915204959e-01,-0.000000000000000000e+00,-0.000000000000000000e+00,-0.000000000000000000e+00,0.000000000000000000e+00,-0.000000000000000000e+00,-0.000000000000000000e+00,-0.000000000000000000e+00,-0.000000000000000000e+00,-7.686629421924742744e-02,-2.453653775161400707e-01,-0.000000000000000000e+00,-0.000000000000000000e+00,0.000000000000000000e+00,-1.426776376015010672e-01,-0.000000000000000000e+00,-0.000000000000000000e+00,-5.072568690871789299e-01,-0.000000000000000000e+00,-1.101241534779862224e-01,-0.000000000000000000e+00,-3.066334745756258973e-01,-0.000000000000000000e+00,-0.000000000000000000e+00,-0.000000000000000000e+00,-0.000000000000000000e+00,-0.000000000000000000e+00,-3.404491824424599744e-01,-0.000000000000000000e+00,-0.000000000000000000e+00,-0.000000000000000000e+00
-5.935694293995890103e-01,2.824634599665006629e+00,-0.000000000000000000e+00,0.000000000000000000e+00,-0.000000000000000000e+00,-0.000000000000000000e+00,-1.156674552282689061e-01,0.000000000000000000e+00,-0.000000000000000000e+00,-2.093284107431851171e-01,-0.000000000000000000e+00,0.000000000000000000e+00,-0.000000000000000000e+00,-0.000000000000000000e+00,0.000000000000000000e+00,-1.959183401704648331e-01,-0.000000000000000000e+00,-0.000000000000000000e+00,-0.000000000000000000e+00,-0.000000000000000000e+00,-0.000000000000000000e+00,-0.000000000000000000e+00,-0.000000000000000000e+00,-0.000000000000000000e+00,-1.140636287690870859e-01,-4.898615020964794398e-02,-0.000000000000000000e+00,-5.034605119883518720e-02,-2.165219234271904269e-01,-0.000000000000000000e+00,-1.569111630488459752e-01,-7.288576235232457901e-02,-0.000000000000000000e+00,0.000000000000000000e+00,-3.737415483604605154e-02,-9.987266980707910635e-01,-2.598699229137436673e-01,0.000000000000000000e+00,0.000000000000000000e+00
-1.033259117597637722e-01,-0.000000000000000000e+00,2.721498005710095036e+00,-5.602779059378205917e-02,-5.604337990659921109e-01,0.000000000000000000e+00,-0.000000000000000000e+00,9.666329088139845593e-01,-0.000000000000000000e+00,-0.000000000000000000e+00,-0.000000000000000000e+00,-0.000000000000000000e+00,-0.000000000000000000e+00,-0.000000000000000000e+00,-0.000000000000000000e+00,-0.000000000000000000e+00,-0.000000000000000000e+00,-5.951936809268685430e-02,-4.890592145904533727e-01,-1.603921505713888362e-01,-8.661820063296528371e-02,-0.000000000000000000e+00,-0.000000000000000000e+00,-9.325614631108987418e-03,-0.000000000000000000e+00,-1.402261382760465191e-01,-0.000000000000000000e+00,-2.652152097086011850e-01,-0.000000000000000000e+00,-0.000000000000000000e+00,-0.000000000000000000e+00,-0.000000000000000000e+00,-0.000000000000000000e+00,-0.000000000000000000e+00,-0.000000000000000000e+00,-0.000000000000000000e+00,-0.000000000000000000e+00,-0.000000000000000000e+00,-0.000000000000000000e+00
-0.000000000000000000e+00,0.000000000000000000e+00,-5.602779059378205917e-02,1.459713387200866297e+00,-0.000000000000000000e+00,5.202154988024670218e-02,0.000000000000000000e+00,0.000000000000000000e+00,-1.107114034159035164e-02,0.000000000000000000e+00,0.000000000000000000e+00,-1.928670192539624906e-01,8.432486341925837792e-02,0.000000000000000000e+00,-0.000000000000000000e+00,0.000000000000000000e+00,0.000000000000000000e+00,-5.022401183780592637e-01,-3.182121569199623107e-02,-8.794748407623979858e-02,-0.000000000000000000e+00,-0.000000000000000000e+00,-0.000000000000000000e+00,-0.000000000000000000e+00,0.000000000000000000e+00,-0.000000000000000000e+00,-0.000000000000000000e+00,-0.000000000000000000e+00,-0.000000000000000000e+00,-0.000000000000000000e+00,0.000000000000000000e+00,0.000000000000000000e+00,0.000000000000000000e+00,-0.000000000000000000e+00,0.000000000000000000e+00,-0.000000000000000000e+00,8.208365245027417212e-02,-0.000000000000000000e+00,-0.000000000000000000e+00
-0.000000000000000000e+00,-0.000000000000000000e+00,-5.604337990659921109e-01,-0.000000000000000000e+00,2.580703826041361726e+00,-0.000000000000000000e+00,0.000000000000000000e+00,4.824874711142465578e-02,-1.470495212191462175e-01,-0.000000000000000000e+00,-0.000000000000000000e+00,-0.000000000000000000e+00,-0.000000000000000000e+00,-3.922011892063323457e-01,0.000000000000000000e+00,-0.000000000000000000e+00,-1.536368547955436203e-01,-1.056335475412994163e-01,-0.000000000000000000e+00,-0.000000000000000000e+00,-0.000000000000000000e+00,-0.000000000000000000e+00,-0.000000000000000000e+00,-0.000000000000000000e+00,-0.000000000000000000e+00,-2.785975985006173827e-01,-1.376886529457603259e-01,-2.992706044547466804e-01,-2.012772486786881809e-01,-2.899166508813623699e-01,-0.000000000000000000e+00,-0.000000000000000000e+00,-2.194495278462588461e-01,-0.000000000000000000e+00,-0.000000000000000000e+00,-0.000000000000000000e+00,-0.000000000000000000e+00,-0.000000000000000000e+00,-0.000000000000000000e+00
0.000000000000000000e+00,-0.000000000000000000e+00,0.000000000000000000e+00,5.202154988024670218e-02,-0.000000000000000000e+00,2.672998633465100138e+00,-0.000000000000000000e+00,0.000000000000000000e+00,3.556174432368267579e-01,-0.000000000000000000e+00,-2.693422784799321956e-01,0.000000000000000000e+00,-5.871262746735907978e-01,-0.000000000000000000e+00,0.000000000000000000e+00,-7.055357014704320695e-02,-0.000000000000000000e+00,1.101043171342160065e-01,1.261047427817069133e-01,1.329275236778384162e-01,-0.000000000000000000e+00,-0.000000000000000000e+00,0.000000000000000000e+00,0.000000000000000000e+00,-0.000000000000000000e+00,-0.000000000000000000e+00,-0.000000000000000000e+00,-0.000000000000000000e+00,-0.000000000000000000e+00,0.000000000000000000e+00,-1.479052511919313334e-02,-8.934689182471367008e-02,-0.000000000000000000e+00,1.339788752831009566e-01,-2.674372243513979952e-01,-0.000000000000000000e+00,-5.167536240353183263e-01,3.696612095091602601e-01,1.927387886385949489e-01
-0.000000000000000000e+00,-1.156674552282689061e-01,-0.000000000000000000e+00,0.000000000000000000e+00,0.000000000000000000e+00,-0.000000000000000000e+00,1.370097492821792384e+00,0.000000000000000000e+00,0.000000000000000000e+00,-0.000000000000000000e+00,0.000000000000000000e+00,0.000000000000000000e+00,0.000000000000000000e+00,0.000000000000000000e+00,-7.217607099223029288e-02,-0.000000000000000000e+00,3.800912397056327441e-02,0.000000000000000000e+00,-2.620965091078166775e-01,-1.804111859268514861e-01,-2.776072862557844578e-01,-0.000000000000000000e+00,-0.000000000000000000e+00,0.000000000000000000e+00,-0.000000000000000000e+00,-0.000000000000000000e+00,-0.000000000000000000e+00,-0.000000000000000000e+00,-0.000000000000000000e+00,0.000000000000000000e+00,-1.613635277441422544e-01,-0.000000000000000000e+00,0.000000000000000000e+00,0.000000000000000000e+00,0.000000000000000000e+00,-0.000000000000000000e+00,-0.000000000000000000e+00,0.000000000000000000e+00,0.000000000000000000e+00
0.000000000000000000e+00,0.000000000000000000e+00,9.666329088139845593e-01,0.000000000000000000e+00,4.824874711142465578e-02,0.000000000000000000e+00,0.000000000000000000e+00,2.081956335272464376e+00,0.000000000000000000e+00,0.000000000000000000e+00,0.000000000000000000e+00,0.000000000000000000e+00,0.000000000000000000e+00,0.000000000000000000e+00,0.000000000000000000e+00,5.702409355580671801e-02,0.000000000000000000e+00,0.000000000000000000e+00,0.000000000000000000e+00,9.847330811779239634e-02,5.552208986686141268e-02,0.000000000000000000e+00,0.000000000000000000e+00,0.000000000000000000e+00,0.000000000000000000e+00,0.000000000000000000e+00,8.683105664238437160e-02,2.219880900386209388e-01,0.000000000000000000e+00,0.000000000000000000e+00,2.035716058985315713e-01,0.000000000000000000e+00,1.982122829346963377e-01,0.000000000000000000e+00,0.000000000000000000e+00,0.000000000000000000e+00,0.000000000000000000e+00,-0.000000000000000000e+00,-0.000000000000000000e+00
-5.570918243915204959e-01,-0.000000000000000000e+00,-0.000000000000000000e+00,-1.107114034159035164e-02,-1.470495212191462175e-01,3.556174432368267579e-01,0.000000000000000000e+00,0.000000000000000000e+00,2.829392553615835748e+00,0.000000000000000000e+00,0.000000000000000000e+00,-0.000000000000000000e+00,0.000000000000000000e+00,-0.000000000000000000e+00,-0.000000000000000000e+00,0.000000000000000000e+00,-0.000000000000000000e+00,-8.793966084041944242e-01,-2.954571826151504155e-01,-0.000000000000000000e+00,0.000000000000000000e+00,0.000000000000000000e+00,-0.000000000000000000e+00,-0.000000000000000000e+00,-0.000000000000000000e+00,-0.000000000000000000e+00,-0.000000000000000000e+00,-0.000000000000000000e+00,-0.000000000000000000e+00,-1.638575791016018690e-01,0.000000000000000000e+00,0.000000000000000000e+00,0.000000000000000000e+00,-5.016444585151717123e-02,0.000000000000000000e+00,-0.000000000000000000e+00,0.000000000000000000e+00,-5.020848673750595292e-01,-1.230442260717640734e-01
-0.000000000000000000e+00,-2.093284107431851171e-01,-0.000000000000000000e+00,0.000000000000000000e+00,-0.000000000000000000e+00,-0.000000000000000000e+00,-0.000000000000000000e+00,0.000000000000000000e+00,0.000000000000000000e+00,2.526905327997507555e+00,-0.000000000000000000e+00,-0.000000000000000000e+00,-0.000000000000000000e+00,-0.000000000000000000e+00,0.000000000000000000e+00,-1.243086660894683781e+00,-0.000000000000000000e+00,0.000000000000000000e+00,-0.000000000000000000e+00,-0.000000000000000000e+00,-0.000000000000000000e+00,-0.000000000000000000e+00,-0.000000000000000000e+00,-0.000000000000000000e+00,-3.786184515565411690e-01,-0.000000000000000000e+00,-1.555400972260166104e-01,-0.000000000000000000e+00,-0.000000000000000000e+00,-1.293436977560106782e-01,-8.871282686087673952e-02,-0.000000000000000000e+00,-8.293260925992994304e-02,-0.000000000000000000e+00,-0.000000000000000000e+00,-1.169913579161864503e-01,-0.000000000000000000e+00,0.000000000000000000e+00,0.000000000000000000e+00
-0.000000000000000000e+00,-0.000000000000000000e+00,-0.000000000000000000e+00,0.000000000000000000e+00,-0.000000000000000000e+00,-2.693422784799321956e-01,0.000000000000000000e+00,0.000000000000000000e+00,0.000000000000000000e+00,-0.000000000000000000e+00,3.317660645707057210e+00,0.000000000000000000e+00,-1.574259710764626952e-01,-0.000000000000000000e+00,4.158872458174175946e-01,-0.000000000000000000e+00,-9.899323816059953929e-01,0.000000000000000000e+00,0.000000000000000000e+00,1.650645807860426639e-01,0.000000000000000000e+00,0.000000000000000000e+00,0.000000000000000000e+00,-0.000000000000000000e+00,-0.000000000000000000e+00,-0.000000000000000000e+00,-2.532535534601556004e-01,-0.000000000000000000e+00,-1.125215668208015829e-01,-0.000000000000000000e+00,-0.000000000000000000e+00,-6.698013461741889607e-01,-4.347992818472153909e-01,0.000000000000000000e+00,-1.947297852229526727e-01,-0.000000000000000000e+00,-0.000000000000000000e+00,0.000000000000000000e+00,0.000000000000000000e+00
-0.000000000000000000e+00,0.000000000000000000e+00,-0.000000000000000000e+00,-1.928670192539624906e-01,-0.000000000000000000e+00,0.000000000000000000e+00,0.000000000000000000e+00,0.000000000000000000e+00,-0.000000000000000000e+00,-0.000000000000000000e+00,0.000000000000000000e+00,2.521921137092984377e+00,0.000000000000000000e+00,-0.000000000000000000e+00,-1.508476329996209508e-01,-0.000000000000000000e+00,0.000000000000000000e+00,-2.568183278662836133e-01,-0.000000000000000000e+00,-1.803281672784776413e-01,0.000000000000000000e+00,-1.327276611961129560e-01,-3.771726303702448851e-02,-2.193027084166711549e-01,-0.000000000000000000e+00,-0.000000000000000000e+00,-0.000000000000000000e+00,-0.000000000000000000e+00,0.000000000000000000e+00,-0.000000000000000000e+00,0.000000000000000000e+00,0.000000000000000000e+00,0.000000000000000000e+00,-6.535891694318327616e-01,0.000000000000000000e+00,0.000000000000000000e+00,3.594345900011521738e-02,-5.817557240120317941e-01,-3.455934492226232502e-01
0.000000000000000000e+00,-0.000000000000000000e+00,-0.000000000000000000e+00,8.432486341925837792e-02,-0.000000000000000000e+00,-5.871262746735907978e-01,0.000000000000000000e+00,0.000000000000000000e+00,0.000000000000000000e+00,-0.000000000000000000e+00,-1.574259710764626952e-01,0.000000000000000000e+00,2.430923786908006701e+00,-0.000000000000000000e+00,1.539485230381343328e-01,-0.000000000000000000e+00,-0.000000000000000000e+00,0.000000000000000000e+00,0.000000000000000000e+00,0.000000000000000000e+00,-0.000000000000000000e+00,-0.000000000000000000e+00,0.000000000000000000e+00,-0.000000000000000000e+00,-0.000000000000000000e+00,-0.000000000000000000e+00,-0.000000000000000000e+00,-0.000000000000000000e+00,-0.000000000000000000e+00,0.000000000000000000e+00,-6.316583825640456618e-02,-0.000000000000000000e+00,-6.549746443483550618e-01,0.000000000000000000e+00,-4.651160182561937528e-01,-0.000000000000000000e+00,-2.671918137731046361e-01,0.000000000000000000e+00,0.000000000000000000e+00
-0.000000000000000000e+00,-0.000000000000000000e+00,-0.000000000000000000e+00,0.000000000000000000e+00,-3.922011892063323457e-01,-0.000000000000000000e+00,0.000000000000000000e+00,0.000000000000000000e+00,-0.000000000000000000e+00,-0.000000000000000000e+00,-0.000000000000000000e+00,-0.000000000000000000e+00,-0.000000000000000000e+00,1.814610434879713630e+00,0.000000000000000000e+00,-0.000000000000000000e+00,-3.734131764122570335e-02,-0.000000000000000000e+00,0.000000000000000000e+00,0.000000000000000000e+00,-0.000000000000000000e+00,-0.000000000000000000e+00,-4.152422004714181880e-02,-3.125827182400425786e-01,-1.816919864370158677e-01,-0.000000000000000000e+00,-0.000000000000000000e+00,-0.000000000000000000e+00,-0.000000000000000000e+00,-2.883535486724795871e-01,-0.000000000000000000e+00,-0.000000000000000000e+00,-2.324244556423571140e-01,-0.000000000000000000e+00,-9.880281396776079139e-02,-0.000000000000000000e+00,-0.000000000000000000e+00,-0.000000000000000000e+00,-2.130266626768784199e-01
-0.000000000000000000e+00,0.000000000000000000e+00,-0.000000000000000000e+00,-0.000000000000000000e+00,0.000000000000000000e+00,0.000000000000000000e+00,-7.217607099223029288e-02,0.000000000000000000e+00,-0.000000000000000000e+00,0.000000000000000000e+00,4.158872458174175946e-01,-1.508476329996209508e-01,1.539485230381343328e-01,0.000000000000000000e+00,2.261434551366704238e+00,-0.000000000000000000e+00,2.594877670953037452e-01,-0.000000000000000000e+00,-9.311957490839066487e-02,-5.037608173933546540e-01,-0.000000000000000000e+00,-7.709247501041416317e-02,-0.000000000000000000e+00,-0.000000000000000000e+00,-0.000000000000000000e+00,0.000000000000000000e+00,0.000000000000000000e+00,-0.000000000000000000e+00,0.000000000000000000e+00,0.000000000000000000e+00,0.000000000000000000e+00,4.571052707459791198e-02,0.000000000000000000e+00,-3.909800000361990935e-01,4.160583895251962483e-01,0.000000000000000000e+00,0.000000000000000000e+00,-0.000000000000000000e+00,-0.000000000000000000e+00
-0.000000000000000000e+00,-1.959183401704648331e-01,-0.000000000000000000e+00,0.000000000000000000e+00,-0.000000000000000000e+00,-7.055357014704320695e-02,-0.000000000000000000e+00,5.702409355580671801e-02,0.000000000000000000e+00,-1.243086660894683781e+00,-0.000000000000000000e+00,-0.000000000000000000e+00,-0.000000000000000000e+00,-0.000000000000000000e+00,-0.000000000000000000e+00,2.534381940425263657e+00,-0.000000000000000000e+00,0.000000000000000000e+00,-0.000000000000000000e+00,-0.000000000000000000e+00,-0.000000000000000000e+00,-2.220204177164958881e-01,-1.508123931140201435e-01,-0.000000000000000000e+00,-1.301109573814802634e-01,-0.000000000000000000e+00,-7.810000907450254104e-02,-1.188228604215424561e-01,-0.000000000000000000e+00,-0.000000000000000000e+00,-1.775683470861511570e-01,-0.000000000000000000e+00,-0.000000000000000000e+00,0.000000000000000000e+00,-0.000000000000000000e+00,-1.266330980246335169e-01,-0.000000000000000000e+00,0.000000000000000000e+00,0.000000000000000000e+00
-0.000000000000000000e+00,-0.000000000000000000e+00,-0.000000000000000000e+00,0.000000000000000000e+00,-1.536368547955436203e-01,-0.000000000000000000e+00,3.800912397056327441e-02,0.000000000000000000e+00,-0.000000000000000000e+00,-0.000000000000000000e+00,-9.899323816059953929e-01,0.000000000000000000e+00,-0.000000000000000000e+00,-3.734131764122570335e-02,2.594877670953037452e-01,-0.000000000000000000e+00,2.695047396704594256e+00,-0.000000000000000000e+00,0.000000000000000000e+00,6.200929631867409947e-02,0.000000000000000000e+00,0.000000000000000000e+00,-0.000000000000000000e+00,-0.000000000000000000e+00,-0.000000000000000000e+00,-5.008054355035120031e-02,-1.888799637651792929e-01,-0.000000000000000000e+00,-3.230094294312225167e-01,-0.000000000000000000e+00,-0.000000000000000000e+00,-1.824348881532629751e-01,-4.920642443716172765e-01,0.000000000000000000e+00,-0.000000000000000000e+00,-0.000000000000000000e+00,-0.000000000000000000e+00,0.000000000000000000e+00,0.000000000000000000e+00
-7.686629421924742744e-02,-0.000000000000000000e+00,-5.951936809268685430e-02,-5.022401183780592637e-01,-1.056335475412994163e-01,1.101043171342160065e-01,0.000000000000000000e+00,0.000000000000000000e+00,-8.793966084041944242e-01,0.000000000000000000e+00,0.000000000000000000e+00,-2.568183278662836133e-01,0.000000000000000000e+00,-0.000000000000000000e+00,-0.000000000000000000e+00,0.000000000000000000e+00,-0.000000000000000000e+00,2.795092763395960578e+00,-3.744758412323339059e-01,-0.000000000000000000e+00,0.000000000000000000e+00,0.000000000000000000e+00,-3.004063639898290998e-03,-0.000000000000000000e+00,-0.000000000000000000e+00,-0.000000000000000000e+00,-0.000000000000000000e+00,-0.000000000000000000e+00,-0.000000000000000000e+00,-1.354183838111301663e-01,0.000000000000000000e+00,0.000000000000000000e+00,0.000000000000000000e+00,-0.000000000000000000e+00,0.000000000000000000e+00,-0.000000000000000000e+00,0.000000000000000000e+00,-4.970300463945420688e-01,-0.000000000000000000e+00
-2.453653775161400707e-01,-0.000000000000000000e+00,-4.890592145904533727e-01,-3.182121569199623107e-02,-0.000000000000000000e+00,1.261047427817069133e-01,-2.620965091078166775e-01,0.000000000000000000e+00,-2.954571826151504155e-01,-0.000000000000000000e+00,0.000000000000000000e+00,-0.000000000000000000e+00,0.000000000000000000e+00,0.000000000000000000e+00,-9.311957490839066487e-02,-0.000000000000000000e+00,0.000000000000000000e+00,-3.744758412323339059e-01,2.474842298849818878e+00,-5.449684123127355173e-01,-0.000000000000000000e+00,-0.000000000000000000e+00,-1.057501487615442881e-01,-0.000000000000000000e+00,-0.000000000000000000e+00,-0.000000000000000000e+00,-0.000000000000000000e+00,-2.225718273484157128e-01,-0.000000000000000000e+00,-0.000000000000000000e+00,-0.000000000000000000e+00,0.000000000000000000e+00,0.000000000000000000e+00,-0.000000000000000000e+00,0.000000000000000000e+00,-0.000000000000000000e+00,0.000000000000000000e+00,-0.000000000000000000e+00,-0.000000000000000000e+00
-0.000000000000000000e+00,-0.000000000000000000e+00,-1.603921505713888362e-01,-8.794748407623979858e-02,-0.000000000000000000e+00,1.329275236778384162e-01,-1.804111859268514861e-01,9.847330811779239634e-02,-0.000000000000000000e+00,-0.000000000000000000e+00,1.650645807860426639e-01,-1.803281672784776413e-01,0.000000000000000000e+00,0.000000000000000000e+00,-5.037608173933546540e-01,-0.000000000000000000e+00,6.200929631867409947e-02,-0.000000000000000000e+00,-5.449684123127355173e-01,2.111130558136600222e+00,-0.000000000000000000e+00,-2.415386222258811000e-01,-0.000000000000000000e+00,-0.000000000000000000e+00,-0.000000000000000000e+00,-0.000000000000000000e+00,0.000000000000000000e+00,-4.284058932412253967e-02,0.000000000000000000e+00,-0.000000000000000000e+00,-0.000000000000000000e+00,0.000000000000000000e+00,0.000000000000000000e+00,-5.728607212056923553e-02,4.228862191284653294e-02,-0.000000000000000000e+00,0.000000000000000000e+00,-0.000000000000000000e+00,-0.000000000000000000e+00
-0.000000000000000000e+00,-0.000000000000000000e+00,-8.661820063296528371e-02,-0.000000000000000000e+00,-0.000000000000000000e+00,-0.000000000000000000e+00,-2.776072862557844578e-01,5.552208986686141268e-02,0.000000000000000000e+00,-0.000000000000000000e+00,0.000000000000000000e+00,0.000000000000000000e+00,-0.000000000000000000e+00,-0.000000000000000000e+00,-0.000000000000000000e+00,-0.000000000000000000e+00,0.000000000000000000e+00,0.000000000000000000e+00,-0.000000000000000000e+00,-0.000000000000000000e+00,1.646700530266251850e+00,-5.661052217379765050e-01,-0.000000000000000000e+00,0.000000000000000000e+00,-0.000000000000000000e+00,-0.000000000000000000e+00,-0.000000000000000000e+00,-0.000000000000000000e+00,-0.000000000000000000e+00,0.000000000000000000e+00,-4.352328626660885158e-01,-0.000000000000000000e+00,-0.000000000000000000e+00,-0.000000000000000000e+00,-0.000000000000000000e+00,-0.000000000000000000e+00,-0.000000000000000000e+00,0.000000000000000000e+00,0.000000000000000000e+00
0.000000000000000000e+00,-0.000000000000000000e+00,-0.000000000000000000e+00,-0.000000000000000000e+00,-0.000000000000000000e+00,-0.000000000000000000e+00,-0.000000000000000000e+00,0.000000000000000000e+00,0.000000000000000000e+00,-0.000000000000000000e+00,0.000000000000000000e+00,-1.327276611961129560e-01,-0.000000000000000000e+00,-0.000000000000000000e+00,-7.709247501041416317e-02,-2.220204177164958881e-01,0.000000000000000000e+00,0.000000000000000000e+00,-0.000000000000000000e+00,-2.415386222258811000e-01,-5.661052217379765050e-01,1.630154273549254240e+00,-0.000000000000000000e+00,-0.000000000000000000e+00,-0.000000000000000000e+00,-0.000000000000000000e+00,-0.000000000000000000e+00,-2.216953331732071375e-01,0.000000000000000000e+00,0.000000000000000000e+00,-0.000000000000000000e+00,0.000000000000000000e+00,-0.000000000000000000e+00,-6.446307177545676503e-02,0.000000000000000000e+00,-0.000000000000000000e+00,0.000000000000000000e+00,-0.000000000000000000e+00,-0.000000000000000000e+00
-1.426776376015010672e-01,-0.000000000000000000e+00,-0.000000000000000000e+00,-0.000000000000000000e+00,-0.000000000000000000e+00,0.000000000000000000e+00,-0.000000000000000000e+00,0.000000000000000000e+00,-0.000000000000000000e+00,-0.000000000000000000e+00,0.000000000000000000e+00,-3.771726303702448851e-02,0.000000000000000000e+00,-4.152422004714181880e-02,-0.000000000000000000e+00,-1.508123931140201435e-01,-0.000000000000000000e+00,-3.004063639898290998e-03,-1.057501487615442881e-01,-0.000000000000000000e+00,-0.000000000000000000e+00,-0.000000000000000000e+00,2.444627423114105635e+00,-4.046888793856271982e-01,-9.496330484549738715e-01,-8.275366679770200518e-02,-0.000000000000000000e+00,-3.821132163355019928e-01,-0.000000000000000000e+00,-1.534462124326631260e-01,-0.000000000000000000e+00,0.000000000000000000e+00,-0.000000000000000000e+00,-0.000000000000000000e+00,0.000000000000000000e+00,-0.000000000000000000e+00,-0.000000000000000000e+00,-0.000000000000000000e+00,-0.000000000000000000e+00
-0.000000000000000000e+00,-0.000000000000000000e+00,-9.325614631108987418e-03,-0.000000000000000000e+00,-0.000000000000000000e+00,0.000000000000000000e+00,0.000000000000000000e+00,0.000000000000000000e+00,-0.000000000000000000e+00,-0.000000000000000000e+00,-0.000000000000000000e+00,-2.193027084166711549e-01,-0.000000000000000000e+00,-3.125827182400425786e-01,-0.000000000000000000e+00,-0.000000000000000000e+00,-0.000000000000000000e+00,-0.000000000000000000e+00,-0.000000000000000000e+00,-0.000000000000000000e+00,0.000000000000000000e+00,-0.000000000000000000e+00,-4.046888793856271982e-01,1.537797918477461057e+00,-7.625328924558751054e-02,-0.000000000000000000e+00,-0.000000000000000000e+00,-0.000000000000000000e+00,-0.000000000000000000e+00,-1.031062529517204340e-01,-0.000000000000000000e+00,-0.000000000000000000e+00,-8.592585736699487331e-02,-7.570549057557568462e-02,0.000000000000000000e+00,0.000000000000000000e+00,0.000000000000000000e+00,-0.000000000000000000e+00,-0.000000000000000000e+00
-0.000000000000000000e+00,-1.140636287690870859e-01,-0.000000000000000000e+00,0.000000000000000000e+00,-0.000000000000000000e+00,-0.000000000000000000e+00,-0.000000000000000000e+00,0.000000000000000000e+00,-0.000000000000000000e+00,-3.786184515565411690e-01,-0.000000000000000000e+00,-0.000000000000000000e+00,-0.000000000000000000e+00,-1.816919864370158677e-01,-0.000000000000000000e+00,-1.301109573814802634e-01,-0.000000000000000000e+00,-0.000000000000000000e+00,-0.000000000000000000e+00,-0.000000000000000000e+00,-0.000000000000000000e+00,-0.000000000000000000e+00,-9.496330484549738715e-01,-7.625328924558751054e-02,2.460206295316593739e+00,-1.627588847751572643e-01,-1.956734701487720107e-01,-2.087532231181314993e-03,-0.000000000000000000e+00,-2.378786163800214459e-01,-0.000000000000000000e+00,-0.000000000000000000e+00,-0.000000000000000000e+00,-0.000000000000000000e+00,-0.000000000000000000e+00,-0.000000000000000000e+00,-0.000000000000000000e+00,-0.000000000000000000e+00,-0.000000000000000000e+00
-5.072568690871789299e-01,-4.898615020964794398e-02,-1.402261382760465191e-01,-0.000000000000000000e+00,-2.785975985006173827e-01,-0.000000000000000000e+00,-0.000000000000000000e+00,0.000000000000000000e+00,-0.000000000000000000e+00,-0.000000000000000000e+00,-0.000000000000000000e+00,-0.000000000000000000e+00,-0.000000000000000000e+00,-0.000000000000000000e+00,0.000000000000000000e+00,-0.000000000000000000e+00,-5.008054355035120031e-02,-0.000000000000000000e+00,-0.000000000000000000e+00,-0.000000000000000000e+00,-0.000000000000000000e+00,-0.000000000000000000e+00,-8.275366679770200518e-02,-0.000000000000000000e+00,-1.627588847751572643e-01,3.160894759615689331e+00,-9.627990760807113579e-01,-5.618486114949376997e-01,-4.961816038197266465e-01,-4.497022951776621924e-02,-0.000000000000000000e+00,-0.000000000000000000e+00,-0.000000000000000000e+00,-0.000000000000000000e+00,-0.000000000000000000e+00,-0.000000000000000000e+00,-0.000000000000000000e+00,-0.000000000000000000e+00,0.000000000000000000e+00
-0.000000000000000000e+00,-0.000000000000000000e+00,-0.000000000000000000e+00,-0.000000000000000000e+00,-1.376886529457603259e-01,-0.000000000000000000e+00,-0.000000000000000000e+00,8.683105664238437160e-02,-0.000000000000000000e+00,-1.555400972260166104e-01,-2.532535534601556004e-01,-0.000000000000000000e+00,-0.000000000000000000e+00,-0.000000000000000000e+00,0.000000000000000000e+00,-7.810000907450254104e-02,-1.888799637651792929e-01,-0.000000000000000000e+00,-0.000000000000000000e+00,0.000000000000000000e+00,-0.000000000000000000e+00,-0.000000000000000000e+00,-0.000000000000000000e+00,-0.000000000000000000e+00,-1.956734701487720107e-01,-9.627990760807113579e-01,2.818255305809727052e+00,-3.243146112397848196e-02,-1.133443243274962070e-01,-0.000000000000000000e+00,-2.613570189566128410e-01,-3.831094544444160754e-01,-1.221302721580285050e-01,0.000000000000000000e+00,-0.000000000000000000e+00,-0.000000000000000000e+00,-0.000000000000000000e+00,0.000000000000000000e+00,0.000000000000000000e+00
-1.101241534779862224e-01,-5.034605119883518720e-02,-2.652152097086011850e-01,-0.000000000000000000e+00,-2.992706044547466804e-01,-0.000000000000000000e+00,-0.000000000000000000e+00,2.219880900386209388e-01,-0.000000000000000000e+00,-0.000000000000000000e+00,-0.000000000000000000e+00,-0.000000000000000000e+00,-0.000000000000000000e+00,-0.000000000000000000e+00,-0.000000000000000000e+00,-1.188228604215424561e-01,-0.000000000000000000e+00,-0.000000000000000000e+00,-2.225718273484157128e-01,-4.284058932412253967e-02,-0.000000000000000000e+00,-2.216953331732071375e-01,-3.821132163355019928e-01,-0.000000000000000000e+00,-2.087532231181314993e-03,-5.618486114949376997e-01,-3.243146112397848196e-02,2.577001411242351381e+00,-0.000000000000000000e+00,-0.000000000000000000e+00,-2.395388817591460329e-01,-0.000000000000000000e+00,-0.000000000000000000e+00,-0.000000000000000000e+00,-0.000000000000000000e+00,-0.000000000000000000e+00,-0.000000000000000000e+00,-0.000000000000000000e+00,-0.000000000000000000e+00
-0.000000000000000000e+00,-2.165219234271904269e-01,-0.000000000000000000e+00,-0.000000000000000000e+00,-2.012772486786881809e-01,-0.000000000000000000e+00,-0.000000000000000000e+00,0.000000000000000000e+00,-0.000000000000000000e+00,-0.000000000000000000e+00,-1.125215668208015829e-01,0.000000000000000000e+00,-0.000000000000000000e+00,-0.000000000000000000e+00,0.000000000000000000e+00,-0.000000000000000000e+00,-3.230094294312225167e-01,-0.000000000000000000e+00,-0.000000000000000000e+00,0.000000000000000000e+00,-0.000000000000000000e+00,0.000000000000000000e+00,-0.000000000000000000e+00,-0.000000000000000000e+00,-0.000000000000000000e+00,-4.961816038197266465e-01,-1.133443243274962070e-01,-0.000000000000000000e+00,2.680059301260556026e+00,-0.000000000000000000e+00,-0.000000000000000000e+00,-8.214155343875774173e-01,-0.000000000000000000e+00,0.000000000000000000e+00,-0.000000000000000000e+00,-2.367293063135906539e-01,-2.119864536043034320e-01,0.000000000000000000e+00,0.000000000000000000e+00
-3.066334745756258973e-01,-0.000000000000000000e+00,-0.000000000000000000e+00,-0.000000000000000000e+00,-2.899166508813623699e-01,0.000000000000000000e+00,0.000000000000000000e+00,0.000000000000000000e+00,-1.638575791016018690e-01,-1.293436977560106782e-01,-0.000000000000000000e+00,-0.000000000000000000e+00,0.000000000000000000e+00,-2.883535486724795871e-01,0.000000000000000000e+00,-0.000000000000000000e+00,-0.000000000000000000e+00,-1.354183838111301663e-01,-0.000000000000000000e+00,-0.000000000000000000e+00,0.000000000000000000e+00,0.000000000000000000e+00,-1.534462124326631260e-01,-1.031062529517204340e-01,-2.378786163800214459e-01,-4.497022951776621924e-02,-0.000000000000000000e+00,-0.000000000000000000e+00,-0.000000000000000000e+00,2.228900752010119835e+00,0.000000000000000000e+00,-0.000000000000000000e+00,-0.000000000000000000e+00,-0.000000000000000000e+00,-0.000000000000000000e+00,-3.601356410250796669e-01,-0.000000000000000000e+00,-3.143127139431588224e-02,-8.150187564201320789e-02
-0.000000000000000000e+00,-1.569111630488459752e-01,-0.000000000000000000e+00,0.000000000000000000e+00,-0.000000000000000000e+00,-1.479052511919313334e-02,-1.613635277441422544e-01,2.035716058985315713e-01,0.000000000000000000e+00,-8.871282686087673952e-02,-0.000000000000000000e+00,0.000000000000000000e+00,-6.316583825640456618e-02,-0.000000000000000000e+00,0.000000000000000000e+00,-1.775683470861511570e-01,-0.000000000000000000e+00,0.000000000000000000e+00,-0.000000000000000000e+00,-0.000000000000000000e+00,-4.352328626660885158e-01,-0.000000000000000000e+00,-0.000000000000000000e+00,-0.000000000000000000e+00,-0.000000000000000000e+00,-0.000000000000000000e+00,-2.613570189566128410e-01,-2.395388817591460329e-01,-0.000000000000000000e+00,0.000000000000000000e+00,2.011976225447982713e+00,-2.677228631081356447e-01,-0.000000000000000000e+00,0.000000000000000000e+00,-0.000000000000000000e+00,-0.000000000000000000e+00,-9.997039022038912981e-02,9.970826897477623463e-02,9.982284158497167770e-03
-0.000000000000000000e+00,-7.288576235232457901e-02,-0.000000000000000000e+00,0.000000000000000000e+00,-0.000000000000000000e+00,-8.934689182471367008e-02,-0.000000000000000000e+00,0.000000000000000000e+00,0.000000000000000000e+00,-0.000000000000000000e+00,-6.698013461741889607e-01,0.000000000000000000e+00,-0.000000000000000000e+00,-0.000000000000000000e+00,4.571052707459791198e-02,-0.000000000000000000e+00,-1.824348881532629751e-01,0.000000000000000000e+00,0.000000000000000000e+00,0.000000000000000000e+00,-0.000000000000000000e+00,0.000000000000000000e+00,0.000000000000000000e+00,-0.000000000000000000e+00,-0.000000000000000000e+00,-0.000000000000000000e+00,-3.831094544444160754e-01,-0.000000000000000000e+00,-8.214155343875774173e-01,-0.000000000000000000e+00,-2.677228631081356447e-01,3.100417696674117707e+00,-2.089161589282775497e-02,0.000000000000000000e+00,-3.928313261914307408e-01,-3.153085347245671716e-02,-3.220011755989048430e-01,0.000000000000000000e+00,0.000000000000000000e+00
-0.000000000000000000e+00,-0.000000000000000000e+00,-0.000000000000000000e+00,0.000000000000000000e+00,-2.194495278462588461e-01,-0.000000000000000000e+00,0.000000000000000000e+00,1.982122829346963377e-01,0.000000000000000000e+00,-8.293260925992994304e-02,-4.347992818472153909e-01,0.000000000000000000e+00,-6.549746443483550618e-01,-2.324244556423571140e-01,0.000000000000000000e+00,-0.000000000000000000e+00,-4.920642443716172765e-01,0.000000000000000000e+00,0.000000000000000000e+00,0.000000000000000000e+00,-0.000000000000000000e+00,-0.000000000000000000e+00,-0.000000000000000000e+00,-8.592585736699487331e-02,-0.000000000000000000e+00,-0.000000000000000000e+00,-1.221302721580285050e-01,-0.000000000000000000e+00,-0.000000000000000000e+00,-0.000000000000000000e+00,-0.000000000000000000e+00,-2.089161589282775497e-02,2.464503910481434801e+00,0.000000000000000000e+00,-1.132439387862357594e-01,-0.000000000000000000e+00,-0.000000000000000000e+00,0.000000000000000000e+00,0.000000000000000000e+00
-0.000000000000000000e+00,0.000000000000000000e+00,-0.000000000000000000e+00,-0.000000000000000000e+00,-0.000000000000000000e+00,1.339788752831009566e-01,0.000000000000000000e+00,0.000000000000000000e+00,-5.016444585151717123e-02,-0.000000000000000000e+00,0.000000000000000000e+00,-6.535891694318327616e-01,0.000000000000000000e+00,-0.000000000000000000e+00,-3.909800000361990935e-01,0.000000000000000000e+00,0.000000000000000000e+00,-0.000000000000000000e+00,-0.000000000000000000e+00,-5.728607212056923553e-02,-0.000000000000000000e+00,-6.446307177545676503e-02,-0.000000000000000000e+00,-7.570549057557568462e-02,-0.000000000000000000e+00,-0.000000000000000000e+00,0.000000000000000000e+00,-0.000000000000000000e+00,0.000000000000000000e+00,-0.000000000000000000e+00,0.000000000000000000e+00,0.000000000000000000e+00,0.000000000000000000e+00,1.868541526492939253e+00,0.000000000000000000e+00,0.000000000000000000e+00,2.067759413729337165e-02,-1.852600152790836452e-01,-6.168396179214613584e-02
-0.000000000000000000e+00,-3.737415483604605154e-02,-0.000000000000000000e+00,0.000000000000000000e+00,-0.000000000000000000e+00,-2.674372243513979952e-01,0.000000000000000000e+00,0.000000000000000000e+00,0.000000000000000000e+00,-0.000000000000000000e+00,-1.947297852229526727e-01,0.000000000000000000e+00,-4.651160182561937528e-01,-9.880281396776079139e-02,4.160583895251962483e-01,-0.000000000000000000e+00,-0.000000000000000000e+00,0.000000000000000000e+00,0.000000000000000000e+00,4.228862191284653294e-02,-0.000000000000000000e+00,0.000000000000000000e+00,0.000000000000000000e+00,0.000000000000000000e+00,-0.000000000000000000e+00,-0.000000000000000000e+00,-0.000000000000000000e+00,-0.000000000000000000e+00,-0.000000000000000000e+00,-0.000000000000000000e+00,-0.000000000000000000e+00,-3.928313261914307408e-01,-1.132439387862357594e-01,0.000000000000000000e+00,2.920606186276074379e+00,-0.000000000000000000e+00,-1.021732386459967667e+00,0.000000000000000000e+00,0.000000000000000000e+00
-3.404491824424599744e-01,-9.987266980707910635e-01,-0.000000000000000000e+00,-0.000000000000000000e+00,-0.000000000000000000e+00,-0.000000000000000000e+00,-0.000000000000000000e+00,0.000000000000000000e+00,-0.000000000000000000e+00,-1.169913579161864503e-01,-0.000000000000000000e+00,0.000000000000000000e+00,-0.000000000000000000e+00,-0.000000000000000000e+00,0.000000000000000000e+00,-1.266330980246335169e-01,-0.000000000000000000e+00,-0.000000000000000000e+00,-0.000000000000000000e+00,-0.000000000000000000e+00,-0.000000000000000000e+00,-0.000000000000000000e+00,-0.000000000000000000e+00,0.000000000000000000e+00,-0.000000000000000000e+00,-0.000000000000000000e+00,-0.000000000000000000e+00,-0.000000000000000000e+00,-2.367293063135906539e-01,-3.601356410250796669e-01,-0.000000000000000000e+00,-3.153085347245671716e-02,-0.000000000000000000e+00,0.000000000000000000e+00,-0.000000000000000000e+00,2.379959300531553357e+00,-0.000000000000000000e+00,-0.000000000000000000e+00,-0.000000000000000000e+00
-0.000000000000000000e+00,-2.598699229137436673e-01,-0.000000000000000000e+00,8.208365245027417212e-02,-0.000000000000000000e+00,-5.167536240353183263e-01,-0.000000000000000000e+00,0.000000000000000000e+00,0.000000000000000000e+00,-0.000000000000000000e+00,-0.000000000000000000e+00,3.594345900011521738e-02,-2.671918137731046361e-01,-0.000000000000000000e+00,0.000000000000000000e+00,-0.000000000000000000e+00,-0.000000000000000000e+00,0.000000000000000000e+00,0.000000000000000000e+00,0.000000000000000000e+00,-0.000000000000000000e+00,0.000000000000000000e+00,-0.000000000000000000e+00,0.000000000000000000e+00,-0.000000000000000000e+00,-0.000000000000000000e+00,-0.000000000000000000e+00,-0.000000000000000000e+00,-2.119864536043034320e-01,-0.000000000000000000e+00,-9.997039022038912981e-02,-3.220011755989048430e-01,-0.000000000000000000e+00,2.067759413729337165e-02,-1.021732386459967667e+00,-0.000000000000000000e+00,2.698162137942627492e+00,0.000000000000000000e+00,0.000000000000000000e+00
-0.000000000000000000e+00,0.000000000000000000e+00,-0.000000000000000000e+00,-0.000000000000000000e+00,-0.000000000000000000e+00,3.696612095091602601e-01,0.000000000000000000e+00,-0.000000000000000000e+00,-5.020848673750595292e-01,0.000000000000000000e+00,0.000000000000000000e+00,-5.817557240120317941e-01,0.000000000000000000e+00,-0.000000000000000000e+00,-0.000000000000000000e+00,0.000000000000000000e+00,0.000000000000000000e+00,-4.970300463945420688e-01,-0.000000000000000000e+00,-0.000000000000000000e+00,0.000000000000000000e+00,-0.000000000000000000e+00,-0.000000000000000000e+00,-0.000000000000000000e+00,-0.000000000000000000e+00,-0.000000000000000000e+00,0.000000000000000000e+00,-0.000000000000000000e+00,0.000000000000000000e+00,-3.143127139431588224e-02,9.970826897477623463e-02,0.000000000000000000e+00,0.000000000000000000e+00,-1.852600152790836452e-01,0.000000000000000000e+00,-0.000000000000000000e+00,0.000000000000000000e+00,3.116949756135500404e+00,-1.095683444503820825e+00
-0.000000000000000000e+00,0.000000000000000000e+00,-0.000000000000000000e+00,-0.000000000000000000e+00,-0.000000000000000000e+00,1.927387886385949489e-01,0.000000000000000000e+00,-0.000000000000000000e+00,-1.230442260717640734e-01,0.000000000000000000e+00,0.000000000000000000e+00,-3.455934492226232502e-01,0.000000000000000000e+00,-2.130266626768784199e-01,-0.000000000000000000e+00,0.000000000000000000e+00,0.000000000000000000e+00,-0.000000000000000000e+00,-0.000000000000000000e+00,-0.000000000000000000e+00,0.000000000000000000e+00,-0.000000000000000000e+00,-0.000000000000000000e+00,-0.000000000000000000e+00,-0.000000000000000000e+00,0.000000000000000000e+00,0.000000000000000000e+00,-0.000000000000000000e+00,0.000000000000000000e+00,-8.150187564201320789e-02,9.982284158497167770e-03,0.000000000000000000e+00,0.000000000000000000e+00,-6.168396179214613584e-02,0.000000000000000000e+00,-0.000000000000000000e+00,0.000000000000000000e+00,-1.095683444503820825e+00,2.261600789333266803e+00
