2.486974643133531337e+00,-2.367909043709372219e-01,0.000000000000000000e+00,-1.068297386776424912e-01,-0.000000000000000000e+00,0.000000000000000000e+00,-0.000000000000000000e+00,-0.000000000000000000e+00,-2.304514250102480122e-01,-0.000000000000000000e+00,0.000000000000000000e+00,-5.258713135722833248e-02,0.000000000000000000e+00,-0.000000000000000000e+00,-0.000000000000000000e+00,-3.356750068442917456e-01,0.000000000000000000e+00,-2.668809296423566013e-01,-0.000000000000000000e+00,-3.412693637091039345e-01,0.000000000000000000e+00,-0.000000000000000000e+00,6.959419531690241856e-02,0.000000000000000000e+00,7.611487278644912813e-02,-3.497001657930842722e-02,-0.000000000000000000e+00,-0.000000000000000000e+00,0.000000000000000000e+00,-2.706120635340693026e-01,-0.000000000000000000e+00,0.000000000000000000e+00,0.000000000000000000e+00,-0.000000000000000000e+00,-3.438518686712778438e-02,-0.000000000000000000e+00,-0.000000000000000000e+00,-4.882961852567219152e-01,-0.000000000000000000e+00
-2.367909043709372219e-01,2.058549420815130482e+00,-0.000000000000000000e+00,-0.000000000000000000e+00,-0.000000000000000000e+00,0.000000000000000000e+00,-2.005002889811006717e-01,0.000000000000000000e+00,-3.044889821387844475e-01,-6.611935913951220989e-02,0.000000000000000000e+00,-0.000000000000000000e+00,-0.000000000000000000e+00,-0.000000000000000000e+00,0.000000000000000000e+00,-3.856733634705590552e-02,1.190971546830687927e-01,-1.062141227876908373e-01,-5.954625736490354315e-02,-0.000000000000000000e+00,0.000000000000000000e+00,-0.000000000000000000e+00,0.000000000000000000e+00,0.000000000000000000e+00,0.000000000000000000e+00,-1.634547825761322737e-01,-0.000000000000000000e+00,-9.030164152849458337e-02,-0.000000000000000000e+00,-2.570516752185904308e-02,-0.000000000000000000e+00,-0.000000000000000000e+00,-0.000000000000000000e+00,-0.000000000000000000e+00,-2.087640630091193439e-01,-0.000000000000000000e+00,-0.000000000000000000e+00,-5.069095506422416353e-02,-3.928091066669666676e-01
0.000000000000000000e+00,-0.000000000000000000e+00,2.285937965218899137e+00,-0.000000000000000000e+00,-4.209272080286487472e-01,0.000000000000000000e+00,-0.000000000000000000e+00,1.162094523638270926e+00,-0.000000000000000000e+00,-0.000000000000000000e+00,0.000000000000000000e+00,-0.000000000000000000e+00,-6.778212802448055352e-02,-0.000000000000000000e+00,4.796021514254579163e-03,-0.000000000000000000e+00,0.000000000000000000e+00,-0.000000000000000000e+00,-0.000000000000000000e+00,0.000000000000000000e+00,-0.000000000000000000e+00,-7.969840156683391519e-02,-0.000000000000000000e+00,-0.000000000000000000e+00,-5.312655383614212773e-03,-0.000000000000000000e+00,-5.080970486705735367e-02,-0.000000000000000000e+00,-0.000000000000000000e+00,-0.000000000000000000e+00,-0.000000000000000000e+00,-8.078384850195788336e-02,-3.399792154456993676e-01,-0.000000000000000000e+00,-0.000000000000000000e+00,-0.000000000000000000e+00,-0.000000000000000000e+00,0.000000000000000000e+00,-0.000000000000000000e+00
-1.068297386776424912e-01,-0.000000000000000000e+00,-0.000000000000000000e+00,2.056472593609165234e+00,-0.000000000000000000e+00,1.315804352823065348e-01,-0.000000000000000000e+00,0.000000000000000000e+00,-0.000000000000000000e+00,-4.572012612263752496e-02,1.731160642439297237e-01,-2.308469755205414808e-01,0.000000000000000000e+00,-0.000000000000000000e+00,-0.000000000000000000e+00,-1.345301363812817508e-01,1.770967804132553003e-01,-3.641726333618280353e-01,-1.453986200013435669e-02,-1.513544932364582485e-01,0.000000000000000000e+00,-0.000000000000000000e+00,1.738400875297065398e-02,0.000000000000000000e+00,0.000000000000000000e+00,-3.414282633864384412e-03,-0.000000000000000000e+00,-0.000000000000000000e+00,0.000000000000000000e+00,-0.000000000000000000e+00,-0.000000000000000000e+00,0.000000000000000000e+00,-0.000000000000000000e+00,-8.635694014216800662e-02,-0.000000000000000000e+00,-0.000000000000000000e+00,0.000000000000000000e+00,-2.970569958683032530e-01,-4.834609269881741389e-02
-0.000000000000000000e+00,-0.000000000000000000e+00,-4.209272080286487472e-01,-0.000000000000000000e+00,1.920711426063394178e+00,0.000000000000000000e+00,-0.000000000000000000e+00,3.440732627286063328e-01,-2.462483656662802223e-01,-0.000000000000000000e+00,0.000000000000000000e+00,-0.000000000000000000e+00,-0.000000000000000000e+00,-1.252236124007898022e-01,0.000000000000000000e+00,-0.000000000000000000e+00,0.000000000000000000e+00,-0.000000000000000000e+00,-0.000000000000000000e+00,-0.000000000000000000e+00,-7.205362125541835139e-02,-1.336500129186818653e-01,-0.000000000000000000e+00,-0.000000000000000000e+00,-0.000000000000000000e+00,-0.000000000000000000e+00,-8.024123739597055494e-02,-1.732378642020623583e-01,-2.437028596683167014e-01,-0.000000000000000000e+00,-0.000000000000000000e+00,-6.295751561125700890e-02,-0.000000000000000000e+00,-1.682737445683629429e-01,-0.000000000000000000e+00,-0.000000000000000000e+00,-0.000000000000000000e+00,-0.000000000000000000e+00,-1.025142407056805482e-01
0.000000000000000000e+00,0.000000000000000000e+00,0.000000000000000000e+00,1.315804352823065348e-01,0.000000000000000000e+00,1.948232282732076603e+00,1.475675027969862996e-01,-0.000000000000000000e+00,0.000000000000000000e+00,1.233891790752792705e-01,-4.587650327952071949e-01,2.865607990473242328e-01,-0.000000000000000000e+00,0.000000000000000000e+00,0.000000000000000000e+00,0.000000000000000000e+00,-4.659553929731071187e-01,0.000000000000000000e+00,0.000000000000000000e+00,0.000000000000000000e+00,-0.000000000000000000e+00,0.000000000000000000e+00,-0.000000000000000000e+00,-6.446093816386209985e-02,-0.000000000000000000e+00,0.000000000000000000e+00,0.000000000000000000e+00,0.000000000000000000e+00,-1.126448503219839581e-01,0.000000000000000000e+00,-0.000000000000000000e+00,-0.000000000000000000e+00,0.000000000000000000e+00,1.627833236281587270e-01,0.000000000000000000e+00,0.000000000000000000e+00,-0.000000000000000000e+00,0.000000000000000000e+00,0.000000000000000000e+00
-0.000000000000000000e+00,-2.005002889811006717e-01,-0.000000000000000000e+00,-0.000000000000000000e+00,-0.000000000000000000e+00,1.475675027969862996e-01,1.515594538132245761e+00,0.000000000000000000e+00,-0.000000000000000000e+00,-4.047489074697458999e-01,0.000000000000000000e+00,-1.674649696788160502e-01,-0.000000000000000000e+00,-0.000000000000000000e+00,-0.000000000000000000e+00,-0.000000000000000000e+00,0.000000000000000000e+00,-0.000000000000000000e+00,-1.224344741486552424e-01,-0.000000000000000000e+00,0.000000000000000000e+00,-0.000000000000000000e+00,0.000000000000000000e+00,0.000000000000000000e+00,0.000000000000000000e+00,-0.000000000000000000e+00,-7.689560215096388762e-02,-0.000000000000000000e+00,0.000000000000000000e+00,-0.000000000000000000e+00,-0.000000000000000000e+00,-0.000000000000000000e+00,-0.000000000000000000e+00,-0.000000000000000000e+00,-0.000000000000000000e+00,-0.000000000000000000e+00,0.000000000000000000e+00,-0.000000000000000000e+00,-6.851115031301178993e-02
-0.000000000000000000e+00,0.000000000000000000e+00,1.162094523638270926e+00,0.000000000000000000e+00,3.440732627286063328e-01,-0.000000000000000000e+00,0.000000000000000000e+00,2.117304767453094261e+00,0.000000000000000000e+00,0.000000000000000000e+00,-0.000000000000000000e+00,0.000000000000000000e+00,7.302994145726013353e-02,0.000000000000000000e+00,-5.524845658462577969e-02,0.000000000000000000e+00,-0.000000000000000000e+00,0.000000000000000000e+00,0.000000000000000000e+00,-0.000000000000000000e+00,0.000000000000000000e+00,0.000000000000000000e+00,0.000000000000000000e+00,0.000000000000000000e+00,3.801816446135813238e-02,0.000000000000000000e+00,4.068608064859385171e-02,0.000000000000000000e+00,0.000000000000000000e+00,0.000000000000000000e+00,0.000000000000000000e+00,9.027490712414913687e-02,1.438859455063022375e-01,0.000000000000000000e+00,0.000000000000000000e+00,0.000000000000000000e+00,-0.000000000000000000e+00,-0.000000000000000000e+00,0.000000000000000000e+00
-2.304514250102480122e-01,-3.044889821387844475e-01,-0.000000000000000000e+00,-0.000000000000000000e+00,-2.462483656662802223e-01,0.000000000000000000e+00,-0.000000000000000000e+00,0.000000000000000000e+00,2.405640846251930753e+00,-3.439296895953211086e-01,0.000000000000000000e+00,-0.000000000000000000e+00,0.000000000000000000e+00,-2.311401746979496741e-02,0.000000000000000000e+00,-1.921511616063834027e-01,0.000000000000000000e+00,-1.528297325520979189e-01,-8.180225812505065308e-02,-0.000000000000000000e+00,0.000000000000000000e+00,-0.000000000000000000e+00,0.000000000000000000e+00,0.000000000000000000e+00,0.000000000000000000e+00,-8.920866897536727791e-02,-0.000000000000000000e+00,-1.670930418713116039e-01,-0.000000000000000000e+00,-3.570027176747163078e-01,-0.000000000000000000e+00,-0.000000000000000000e+00,-0.000000000000000000e+00,-1.073569058313868091e-01,-0.000000000000000000e+00,-0.000000000000000000e+00,-0.000000000000000000e+00,-2.487199944974822011e-02,-2.719210721191050451e-01
-0.000000000000000000e+00,-6.611935913951220989e-02,-0.000000000000000000e+00,-4.572012612263752496e-02,-0.000000000000000000e+00,1.233891790752792705e-01,-4.047489074697458999e-01,0.000000000000000000e+00,-3.439296895953211086e-01,2.137665674768215229e+00,0.000000000000000000e+00,-1.957295995766207830e-01,-0.000000000000000000e+00,-0.000000000000000000e+00,0.000000000000000000e+00,-3.508940635447287404e-01,3.767608020166843957e-02,-0.000000000000000000e+00,-0.000000000000000000e+00,-0.000000000000000000e+00,0.000000000000000000e+00,-0.000000000000000000e+00,0.000000000000000000e+00,0.000000000000000000e+00,0.000000000000000000e+00,-0.000000000000000000e+00,-0.000000000000000000e+00,-0.000000000000000000e+00,0.000000000000000000e+00,-3.172283561578190247e-01,-0.000000000000000000e+00,-0.000000000000000000e+00,-0.000000000000000000e+00,-3.378237131063620280e-02,-0.000000000000000000e+00,-0.000000000000000000e+00,0.000000000000000000e+00,-0.000000000000000000e+00,-1.845998773173164742e-01
0.000000000000000000e+00,0.000000000000000000e+00,0.000000000000000000e+00,1.731160642439297237e-01,0.000000000000000000e+00,-4.587650327952071949e-01,0.000000000000000000e+00,-0.000000000000000000e+00,0.000000000000000000e+00,0.000000000000000000e+00,2.237626569195620974e+00,9.642222875448216990e-02,-0.000000000000000000e+00,0.000000000000000000e+00,0.000000000000000000e+00,5.996113824024514039e-02,-8.111398128994847800e-01,7.515267736184878811e-02,2.371990728503328445e-03,0.000000000000000000e+00,-0.000000000000000000e+00,0.000000000000000000e+00,-1.895995150717971756e-01,-0.000000000000000000e+00,-2.565525148144769951e-01,0.000000000000000000e+00,0.000000000000000000e+00,0.000000000000000000e+00,-0.000000000000000000e+00,0.000000000000000000e+00,-0.000000000000000000e+00,-0.000000000000000000e+00,-0.000000000000000000e+00,0.000000000000000000e+00,2.510748437824416451e-02,0.000000000000000000e+00,-0.000000000000000000e+00,7.868100601918493614e-03,0.000000000000000000e+00
-5.258713135722833248e-02,-0.000000000000000000e+00,-0.000000000000000000e+00,-2.308469755205414808e-01,-0.000000000000000000e+00,2.865607990473242328e-01,-1.674649696788160502e-01,0.000000000000000000e+00,-0.000000000000000000e+00,-1.957295995766207830e-01,9.642222875448216990e-02,2.284481383825855527e+00,0.000000000000000000e+00,-0.000000000000000000e+00,-0.000000000000000000e+00,-3.488922742114960451e-01,1.659331579525619160e-01,-5.572218206486061892e-02,-0.000000000000000000e+00,-0.000000000000000000e+00,0.000000000000000000e+00,-0.000000000000000000e+00,2.084392094126402972e-01,0.000000000000000000e+00,0.000000000000000000e+00,-0.000000000000000000e+00,-0.000000000000000000e+00,-0.000000000000000000e+00,0.000000000000000000e+00,-1.616306493464865490e-01,-0.000000000000000000e+00,0.000000000000000000e+00,0.000000000000000000e+00,-1.059325157408052415e-01,-0.000000000000000000e+00,-0.000000000000000000e+00,0.000000000000000000e+00,-3.091985857960685702e-01,-0.000000000000000000e+00
0.000000000000000000e+00,-0.000000000000000000e+00,-6.778212802448055352e-02,0.000000000000000000e+00,-0.000000000000000000e+00,-0.000000000000000000e+00,-0.000000000000000000e+00,7.302994145726013353e-02,0.000000000000000000e+00,-0.000000000000000000e+00,-0.000000000000000000e+00,0.000000000000000000e+00,1.407914538522639702e+00,-0.000000000000000000e+00,0.000000000000000000e+00,0.000000000000000000e+00,-0.000000000000000000e+00,0.000000000000000000e+00,-0.000000000000000000e+00,0.000000000000000000e+00,-0.000000000000000000e+00,-4.108605536188764812e-02,-2.218002010846879118e-02,-0.000000000000000000e+00,-2.267552428964740852e-01,-0.000000000000000000e+00,-3.901239857242741471e-01,-0.000000000000000000e+00,-0.000000000000000000e+00,0.000000000000000000e+00,-0.000000000000000000e+00,-3.810549721997741335e-01,-0.000000000000000000e+00,-0.000000000000000000e+00,-0.000000000000000000e+00,-0.000000000000000000e+00,-0.000000000000000000e+00,0.000000000000000000e+00,-0.000000000000000000e+00
-0.000000000000000000e+00,-0.000000000000000000e+00,-0.000000000000000000e+00,-0.000000000000000000e+00,-1.252236124007898022e-01,0.000000000000000000e+00,-0.000000000000000000e+00,0.000000000000000000e+00,-2.311401746979496741e-02,-0.000000000000000000e+00,0.000000000000000000e+00,-0.000000000000000000e+00,-0.000000000000000000e+00,1.358437207864686913e+00,0.000000000000000000e+00,-0.000000000000000000e+00,0.000000000000000000e+00,-2.781342536549647262e-02,-0.000000000000000000e+00,-1.370558671702555575e-01,-0.000000000000000000e+00,-4.887134297757832202e-02,-0.000000000000000000e+00,-1.791164238479296955e-01,-0.000000000000000000e+00,-2.587392442213096722e-01,-0.000000000000000000e+00,-9.463651448889559559e-02,-7.567377617567970505e-02,-0.000000000000000000e+00,-3.491894520919276712e-02,-0.000000000000000000e+00,-2.438044504684927158e-02,-5.254904705186779629e-02,-0.000000000000000000e+00,-9.174929372297585539e-02,-7.171024596680009022e-02,-0.000000000000000000e+00,-0.000000000000000000e+00
-0.000000000000000000e+00,0.000000000000000000e+00,4.796021514254579163e-03,-0.000000000000000000e+00,0.000000000000000000e+00,0.000000000000000000e+00,-0.000000000000000000e+00,-5.524845658462577969e-02,0.000000000000000000e+00,0.000000000000000000e+00,0.000000000000000000e+00,-0.000000000000000000e+00,0.000000000000000000e+00,0.000000000000000000e+00,1.072864090227157785e+00,-0.000000000000000000e+00,0.000000000000000000e+00,-0.000000000000000000e+00,-0.000000000000000000e+00,-3.857946092652817655e-02,0.000000000000000000e+00,0.000000000000000000e+00,7.782211662936006080e-02,0.000000000000000000e+00,0.000000000000000000e+00,0.000000000000000000e+00,0.000000000000000000e+00,0.000000000000000000e+00,7.652531802431093710e-02,-0.000000000000000000e+00,-0.000000000000000000e+00,1.920164687685752547e-01,0.000000000000000000e+00,-0.000000000000000000e+00,-0.000000000000000000e+00,0.000000000000000000e+00,-0.000000000000000000e+00,-0.000000000000000000e+00,0.000000000000000000e+00
-3.356750068442917456e-01,-3.856733634705590552e-02,-0.000000000000000000e+00,-1.345301363812817508e-01,-0.000000000000000000e+00,0.000000000000000000e+00,-0.000000000000000000e+00,0.000000000000000000e+00,-1.921511616063834027e-01,-3.508940635447287404e-01,5.996113824024514039e-02,-3.488922742114960451e-01,0.000000000000000000e+00,-0.000000000000000000e+00,-0.000000000000000000e+00,2.547365152586808179e+00,2.762216283877199502e-02,-6.907858313302005226e-02,-6.753740858628742849e-02,-4.533459447275563214e-02,0.000000000000000000e+00,-0.000000000000000000e+00,0.000000000000000000e+00,0.000000000000000000e+00,7.544010728484154549e-02,-0.000000000000000000e+00,-0.000000000000000000e+00,-0.000000000000000000e+00,0.000000000000000000e+00,-5.798735540803103827e-01,-0.000000000000000000e+00,0.000000000000000000e+00,-0.000000000000000000e+00,-3.686609569495998689e-02,-0.000000000000000000e+00,-0.000000000000000000e+00,0.000000000000000000e+00,-2.390063666682274712e-01,-0.000000000000000000e+00
0.000000000000000000e+00,1.190971546830687927e-01,0.000000000000000000e+00,1.770967804132553003e-01,0.000000000000000000e+00,-4.659553929731071187e-01,0.000000000000000000e+00,-0.000000000000000000e+00,0.000000000000000000e+00,3.767608020166843957e-02,-8.111398128994847800e-01,1.659331579525619160e-01,-0.000000000000000000e+00,0.000000000000000000e+00,0.000000000000000000e+00,2.762216283877199502e-02,2.284649037910825520e+00,7.698796181944428385e-02,2.782553766997126685e-02,0.000000000000000000e+00,-0.000000000000000000e+00,0.000000000000000000e+00,-1.710816936112346254e-01,-0.000000000000000000e+00,-1.578969025058296893e-01,0.000000000000000000e+00,0.000000000000000000e+00,0.000000000000000000e+00,-0.000000000000000000e+00,0.000000000000000000e+00,-0.000000000000000000e+00,-0.000000000000000000e+00,0.000000000000000000e+00,0.000000000000000000e+00,1.804479838126229682e-02,0.000000000000000000e+00,-0.000000000000000000e+00,0.000000000000000000e+00,0.000000000000000000e+00
-2.668809296423566013e-01,-1.062141227876908373e-01,-0.000000000000000000e+00,-3.641726333618280353e-01,-0.000000000000000000e+00,0.000000000000000000e+00,-0.000000000000000000e+00,0.000000000000000000e+00,-1.528297325520979189e-01,-0.000000000000000000e+00,7.515267736184878811e-02,-5.572218206486061892e-02,0.000000000000000000e+00,-2.781342536549647262e-02,-0.000000000000000000e+00,-6.907858313302005226e-02,7.698796181944428385e-02,2.430493126243180146e+00,-3.058723800910135293e-01,-1.843575993951294401e-01,-0.000000000000000000e+00,-0.000000000000000000e+00,0.000000000000000000e+00,0.000000000000000000e+00,0.000000000000000000e+00,-2.944404924343051455e-01,-0.000000000000000000e+00,-0.000000000000000000e+00,-0.000000000000000000e+00,-0.000000000000000000e+00,-0.000000000000000000e+00,-0.000000000000000000e+00,-0.000000000000000000e+00,-0.000000000000000000e+00,-1.099570886215354426e-01,-0.000000000000000000e+00,-0.000000000000000000e+00,-3.583590151410142033e-01,-1.315008490574179900e-01
-0.000000000000000000e+00,-5.954625736490354315e-02,-0.000000000000000000e+00,-1.453986200013435669e-02,-0.000000000000000000e+00,0.000000000000000000e+00,-1.224344741486552424e-01,0.000000000000000000e+00,-8.180225812505065308e-02,-0.000000000000000000e+00,2.371990728503328445e-03,-0.000000000000000000e+00,-0.000000000000000000e+00,-0.000000000000000000e+00,-0.000000000000000000e+00,-6.753740858628742849e-02,2.782553766997126685e-02,-3.058723800910135293e-01,1.705394384495009463e+00,-2.133305328958960412e-01,-0.000000000000000000e+00,-9.624725733383830695e-02,0.000000000000000000e+00,-0.000000000000000000e+00,0.000000000000000000e+00,-0.000000000000000000e+00,-0.000000000000000000e+00,-2.476304625664332848e-01,-0.000000000000000000e+00,-7.596204425198287147e-02,-0.000000000000000000e+00,-0.000000000000000000e+00,-0.000000000000000000e+00,-1.334235455588678732e-01,-7.980813305316601658e-02,-0.000000000000000000e+00,-0.000000000000000000e+00,-6.362627491730046825e-02,-0.000000000000000000e+00
-3.412693637091039345e-01,-0.000000000000000000e+00,0.000000000000000000e+00,-1.513544932364582485e-01,-0.000000000000000000e+00,0.000000000000000000e+00,-0.000000000000000000e+00,-0.000000000000000000e+00,-0.000000000000000000e+00,-0.000000000000000000e+00,0.000000000000000000e+00,-0.000000000000000000e+00,0.000000000000000000e+00,-1.370558671702555575e-01,-3.857946092652817655e-02,-4.533459447275563214e-02,0.000000000000000000e+00,-1.843575993951294401e-01,-2.133305328958960412e-01,1.870189101470284943e+00,-0.000000000000000000e+00,-1.259961239423124379e-01,0.000000000000000000e+00,-0.000000000000000000e+00,0.000000000000000000e+00,-7.115815057832420437e-03,-0.000000000000000000e+00,-5.067358234706235455e-03,0.000000000000000000e+00,-0.000000000000000000e+00,-0.000000000000000000e+00,0.000000000000000000e+00,-0.000000000000000000e+00,-0.000000000000000000e+00,-2.803242838242693824e-01,-0.000000000000000000e+00,-0.000000000000000000e+00,-2.869761109227949580e-01,-0.000000000000000000e+00
0.000000000000000000e+00,0.000000000000000000e+00,-0.000000000000000000e+00,0.000000000000000000e+00,-7.205362125541835139e-02,-0.000000000000000000e+00,0.000000000000000000e+00,0.000000000000000000e+00,0.000000000000000000e+00,0.000000000000000000e+00,-0.000000000000000000e+00,0.000000000000000000e+00,-0.000000000000000000e+00,-0.000000000000000000e+00,0.000000000000000000e+00,0.000000000000000000e+00,-0.000000000000000000e+00,-0.000000000000000000e+00,-0.000000000000000000e+00,-0.000000000000000000e+00,1.178636897403833483e+00,-1.927774641476734940e-01,-0.000000000000000000e+00,-1.021305990042178785e-01,-0.000000000000000000e+00,-0.000000000000000000e+00,-0.000000000000000000e+00,-0.000000000000000000e+00,-2.164913989616505385e-01,0.000000000000000000e+00,-3.771624539499413009e-02,-0.000000000000000000e+00,-0.000000000000000000e+00,-0.000000000000000000e+00,-0.000000000000000000e+00,-0.000000000000000000e+00,-1.430224687342008250e-01,0.000000000000000000e+00,0.000000000000000000e+00
-0.000000000000000000e+00,-0.000000000000000000e+00,-7.969840156683391519e-02,-0.000000000000000000e+00,-1.336500129186818653e-01,0.000000000000000000e+00,-0.000000000000000000e+00,0.000000000000000000e+00,-0.000000000000000000e+00,-0.000000000000000000e+00,0.000000000000000000e+00,-0.000000000000000000e+00,-4.108605536188764812e-02,-4.887134297757832202e-02,0.000000000000000000e+00,-0.000000000000000000e+00,0.000000000000000000e+00,-0.000000000000000000e+00,-9.624725733383830695e-02,-1.259961239423124379e-01,-1.927774641476734940e-01,1.581770130981129396e+00,0.000000000000000000e+00,-0.000000000000000000e+00,-0.000000000000000000e+00,-0.000000000000000000e+00,-2.061126719387259831e-01,-2.255406352386697677e-01,-0.000000000000000000e+00,-0.000000000000000000e+00,-0.000000000000000000e+00,-0.000000000000000000e+00,-3.442569176558550881e-01,-9.531816201101063479e-02,-0.000000000000000000e+00,-0.000000000000000000e+00,-0.000000000000000000e+00,-0.000000000000000000e+00,-0.000000000000000000e+00
6.959419531690241856e-02,0.000000000000000000e+00,-0.000000000000000000e+00,1.738400875297065398e-02,-0.000000000000000000e+00,-0.000000000000000000e+00,0.000000000000000000e+00,0.000000000000000000e+00,0.000000000000000000e+00,0.000000000000000000e+00,-1.895995150717971756e-01,2.084392094126402972e-01,-2.218002010846879118e-02,-0.000000000000000000e+00,7.782211662936006080e-02,0.000000000000000000e+00,-1.710816936112346254e-01,0.000000000000000000e+00,0.000000000000000000e+00,0.000000000000000000e+00,-0.000000000000000000e+00,0.000000000000000000e+00,1.942821591125132974e+00,-7.409630627969689132e-02,-8.695829293137279370e-01,0.000000000000000000e+00,-0.000000000000000000e+00,0.000000000000000000e+00,-1.673947593004438406e-01,0.000000000000000000e+00,-0.000000000000000000e+00,-4.304048421244762584e-02,-0.000000000000000000e+00,0.000000000000000000e+00,0.000000000000000000e+00,-0.000000000000000000e+00,-0.000000000000000000e+00,1.000089078892546085e-01,0.000000000000000000e+00
0.000000000000000000e+00,0.000000000000000000e+00,-0.000000000000000000e+00,0.000000000000000000e+00,-0.000000000000000000e+00,-6.446093816386209985e-02,0.000000000000000000e+00,0.000000000000000000e+00,0.000000000000000000e+00,0.000000000000000000e+00,-0.000000000000000000e+00,0.000000000000000000e+00,-0.000000000000000000e+00,-1.791164238479296955e-01,0.000000000000000000e+00,0.000000000000000000e+00,-0.000000000000000000e+00,0.000000000000000000e+00,-0.000000000000000000e+00,-0.000000000000000000e+00,-1.021305990042178785e-01,-0.000000000000000000e+00,-7.409630627969689132e-02,1.215921064698978427e+00,-1.208842211058555882e-01,-0.000000000000000000e+00,-0.000000000000000000e+00,-0.000000000000000000e+00,-1.457168183851869081e-01,0.000000000000000000e+00,-0.000000000000000000e+00,-0.000000000000000000e+00,-0.000000000000000000e+00,-0.000000000000000000e+00,-0.000000000000000000e+00,-0.000000000000000000e+00,-2.926830439403744766e-01,0.000000000000000000e+00,0.000000000000000000e+00
7.611487278644912813e-02,0.000000000000000000e+00,-5.312655383614212773e-03,0.000000000000000000e+00,-0.000000000000000000e+00,-0.000000000000000000e+00,0.000000000000000000e+00,3.801816446135813238e-02,0.000000000000000000e+00,0.000000000000000000e+00,-2.565525148144769951e-01,0.000000000000000000e+00,-2.267552428964740852e-01,-0.000000000000000000e+00,0.000000000000000000e+00,7.544010728484154549e-02,-1.578969025058296893e-01,0.000000000000000000e+00,0.000000000000000000e+00,0.000000000000000000e+00,-0.000000000000000000e+00,-0.000000000000000000e+00,-8.695829293137279370e-01,-1.208842211058555882e-01,1.921728027206850209e+00,0.000000000000000000e+00,-0.000000000000000000e+00,-0.000000000000000000e+00,-0.000000000000000000e+00,1.244883651206493275e-01,0.000000000000000000e+00,-3.402748788756433142e-03,-0.000000000000000000e+00,0.000000000000000000e+00,0.000000000000000000e+00,-0.000000000000000000e+00,-0.000000000000000000e+00,3.637547309147437513e-02,0.000000000000000000e+00
-3.497001657930842722e-02,-1.634547825761322737e-01,-0.000000000000000000e+00,-3.414282633864384412e-03,-0.000000000000000000e+00,0.000000000000000000e+00,-0.000000000000000000e+00,0.000000000000000000e+00,-8.920866897536727791e-02,-0.000000000000000000e+00,0.000000000000000000e+00,-0.000000000000000000e+00,-0.000000000000000000e+00,-2.587392442213096722e-01,0.000000000000000000e+00,-0.000000000000000000e+00,0.000000000000000000e+00,-2.944404924343051455e-01,-0.000000000000000000e+00,-7.115815057832420437e-03,-0.000000000000000000e+00,-0.000000000000000000e+00,0.000000000000000000e+00,-0.000000000000000000e+00,0.000000000000000000e+00,1.970446485049247354e+00,-3.553908850898900296e-01,-2.297542888044377604e-02,-0.000000000000000000e+00,-0.000000000000000000e+00,-0.000000000000000000e+00,-0.000000000000000000e+00,-0.000000000000000000e+00,-0.000000000000000000e+00,-2.258954450383968693e-01,-1.993687554054169586e-01,-0.000000000000000000e+00,-4.489698031152537794e-02,-3.483472768419422771e-01
-0.000000000000000000e+00,-0.000000000000000000e+00,-5.080970486705735367e-02,-0.000000000000000000e+00,-8.024123739597055494e-02,0.000000000000000000e+00,-7.689560215096388762e-02,4.068608064859385171e-02,-0.000000000000000000e+00,-0.000000000000000000e+00,0.000000000000000000e+00,-0.000000000000000000e+00,-3.901239857242741471e-01,-0.000000000000000000e+00,0.000000000000000000e+00,-0.000000000000000000e+00,0.000000000000000000e+00,-0.000000000000000000e+00,-0.000000000000000000e+00,-0.000000000000000000e+00,-0.000000000000000000e+00,-2.061126719387259831e-01,-0.000000000000000000e+00,-0.000000000000000000e+00,-0.000000000000000000e+00,-3.553908850898900296e-01,1.929502353660996317e+00,-3.725720298545553422e-01,-0.000000000000000000e+00,-0.000000000000000000e+00,-0.000000000000000000e+00,-1.512477830340684670e-01,-0.000000000000000000e+00,-0.000000000000000000e+00,-1.834197097450739611e-01,-1.045984683930415160e-01,-9.016591888238988453e-03,-0.000000000000000000e+00,-1.666153832397457568e-01
-0.000000000000000000e+00,-9.030164152849458337e-02,-0.000000000000000000e+00,-0.000000000000000000e+00,-1.732378642020623583e-01,0.000000000000000000e+00,-0.000000000000000000e+00,0.000000000000000000e+00,-1.670930418713116039e-01,-0.000000000000000000e+00,0.000000000000000000e+00,-0.000000000000000000e+00,-0.000000000000000000e+00,-9.463651448889559559e-02,0.000000000000000000e+00,-0.000000000000000000e+00,0.000000000000000000e+00,-0.000000000000000000e+00,-2.476304625664332848e-01,-5.067358234706235455e-03,-0.000000000000000000e+00,-2.255406352386697677e-01,0.000000000000000000e+00,-0.000000000000000000e+00,-0.000000000000000000e+00,-2.297542888044377604e-02,-3.725720298545553422e-01,1.676479561594631296e+00,-0.000000000000000000e+00,-0.000000000000000000e+00,-1.975382815636183564e-01,-0.000000000000000000e+00,-0.000000000000000000e+00,-0.000000000000000000e+00,-7.415462400290814826e-02,-2.034006005631341235e-02,-0.000000000000000000e+00,-0.000000000000000000e+00,-0.000000000000000000e+00
0.000000000000000000e+00,-0.000000000000000000e+00,-0.000000000000000000e+00,0.000000000000000000e+00,-2.437028596683167014e-01,-1.126448503219839581e-01,0.000000000000000000e+00,0.000000000000000000e+00,-0.000000000000000000e+00,0.000000000000000000e+00,-0.000000000000000000e+00,0.000000000000000000e+00,-0.000000000000000000e+00,-7.567377617567970505e-02,7.652531802431093710e-02,0.000000000000000000e+00,-0.000000000000000000e+00,-0.000000000000000000e+00,-0.000000000000000000e+00,0.000000000000000000e+00,-2.164913989616505385e-01,-0.000000000000000000e+00,-1.673947593004438406e-01,-1.457168183851869081e-01,-0.000000000000000000e+00,-0.000000000000000000e+00,-0.000000000000000000e+00,-0.000000000000000000e+00,1.399234614003607824e+00,0.000000000000000000e+00,-0.000000000000000000e+00,-3.505377073020032874e-01,-7.991522683736372590e-02,-0.000000000000000000e+00,-0.000000000000000000e+00,-0.000000000000000000e+00,-2.377201121517573054e-02,0.000000000000000000e+00,-0.000000000000000000e+00
-2.706120635340693026e-01,-2.570516752185904308e-02,-0.000000000000000000e+00,-0.000000000000000000e+00,-0.000000000000000000e+00,0.000000000000000000e+00,-0.000000000000000000e+00,0.000000000000000000e+00,-3.570027176747163078e-01,-3.172283561578190247e-01,0.000000000000000000e+00,-1.616306493464865490e-01,0.000000000000000000e+00,-0.000000000000000000e+00,-0.000000000000000000e+00,-5.798735540803103827e-01,0.000000000000000000e+00,-0.000000000000000000e+00,-7.596204425198287147e-02,-0.000000000000000000e+00,0.000000000000000000e+00,-0.000000000000000000e+00,0.000000000000000000e+00,0.000000000000000000e+00,1.244883651206493275e-01,-0.000000000000000000e+00,-0.000000000000000000e+00,-0.000000000000000000e+00,0.000000000000000000e+00,2.263839603296822212e+00,-0.000000000000000000e+00,0.000000000000000000e+00,0.000000000000000000e+00,-0.000000000000000000e+00,-0.000000000000000000e+00,-0.000000000000000000e+00,0.000000000000000000e+00,-2.430243441144441519e-01,-0.000000000000000000e+00
-0.000000000000000000e+00,-0.000000000000000000e+00,-0.000000000000000000e+00,-0.000000000000000000e+00,-0.000000000000000000e+00,-0.000000000000000000e+00,-0.000000000000000000e+00,0.000000000000000000e+00,-0.000000000000000000e+00,-0.000000000000000000e+00,-0.000000000000000000e+00,-0.000000000000000000e+00,-0.000000000000000000e+00,-3.491894520919276712e-02,-0.000000000000000000e+00,-0.000000000000000000e+00,-0.000000000000000000e+00,-0.000000000000000000e+00,-0.000000000000000000e+00,-0.000000000000000000e+00,-3.771624539499413009e-02,-0.000000000000000000e+00,-0.000000000000000000e+00,-0.000000000000000000e+00,0.000000000000000000e+00,-0.000000000000000000e+00,-0.000000000000000000e+00,-1.975382815636183564e-01,-0.000000000000000000e+00,-0.000000000000000000e+00,1.046595213166355620e+00,-0.000000000000000000e+00,-0.000000000000000000e+00,-0.000000000000000000e+00,-0.000000000000000000e+00,-0.000000000000000000e+00,-0.000000000000000000e+00,-0.000000000000000000e+00,-0.000000000000000000e+00
0.000000000000000000e+00,-0.000000000000000000e+00,-8.078384850195788336e-02,0.000000000000000000e+00,-6.295751561125700890e-02,-0.000000000000000000e+00,-0.000000000000000000e+00,9.027490712414913687e-02,-0.000000000000000000e+00,-0.000000000000000000e+00,-0.000000000000000000e+00,0.000000000000000000e+00,-3.810549721997741335e-01,-0.000000000000000000e+00,1.920164687685752547e-01,0.000000000000000000e+00,-0.000000000000000000e+00,-0.000000000000000000e+00,-0.000000000000000000e+00,0.000000000000000000e+00,-0.000000000000000000e+00,-0.000000000000000000e+00,-4.304048421244762584e-02,-0.000000000000000000e+00,-3.402748788756433142e-03,-0.000000000000000000e+00,-1.512477830340684670e-01,-0.000000000000000000e+00,-3.505377073020032874e-01,0.000000000000000000e+00,-0.000000000000000000e+00,1.538602609411208633e+00,-4.760079405499684224e-02,-0.000000000000000000e+00,-0.000000000000000000e+00,-1.836490284551201835e-01,-0.000000000000000000e+00,0.000000000000000000e+00,-0.000000000000000000e+00
0.000000000000000000e+00,-0.000000000000000000e+00,-3.399792154456993676e-01,-0.000000000000000000e+00,-0.000000000000000000e+00,0.000000000000000000e+00,-0.000000000000000000e+00,1.438859455063022375e-01,-0.000000000000000000e+00,-0.000000000000000000e+00,-0.000000000000000000e+00,0.000000000000000000e+00,-0.000000000000000000e+00,-2.438044504684927158e-02,0.000000000000000000e+00,-0.000000000000000000e+00,0.000000000000000000e+00,-0.000000000000000000e+00,-0.000000000000000000e+00,-0.000000000000000000e+00,-0.000000000000000000e+00,-3.442569176558550881e-01,-0.000000000000000000e+00,-0.000000000000000000e+00,-0.000000000000000000e+00,-0.000000000000000000e+00,-0.000000000000000000e+00,-0.000000000000000000e+00,-7.991522683736372590e-02,0.000000000000000000e+00,-0.000000000000000000e+00,-4.760079405499684224e-02,1.447427920136339363e+00,-4.378030209488849300e-02,-0.000000000000000000e+00,-1.828031975552044386e-01,-0.000000000000000000e+00,0.000000000000000000e+00,-0.000000000000000000e+00
-0.000000000000000000e+00,-0.000000000000000000e+00,-0.000000000000000000e+00,-8.635694014216800662e-02,-1.682737445683629429e-01,1.627833236281587270e-01,-0.000000000000000000e+00,0.000000000000000000e+00,-1.073569058313868091e-01,-3.378237131063620280e-02,0.000000000000000000e+00,-1.059325157408052415e-01,-0.000000000000000000e+00,-5.254904705186779629e-02,-0.000000000000000000e+00,-3.686609569495998689e-02,0.000000000000000000e+00,-0.000000000000000000e+00,-1.334235455588678732e-01,-0.000000000000000000e+00,-0.000000000000000000e+00,-9.531816201101063479e-02,0.000000000000000000e+00,-0.000000000000000000e+00,0.000000000000000000e+00,-0.000000000000000000e+00,-0.000000000000000000e+00,-0.000000000000000000e+00,-0.000000000000000000e+00,-0.000000000000000000e+00,-0.000000000000000000e+00,-0.000000000000000000e+00,-4.378030209488849300e-02,1.483539642104601874e+00,-4.122538562649639970e-02,-0.000000000000000000e+00,-0.000000000000000000e+00,-8.340169675003575311e-02,-1.483155922678617011e-01
-3.438518686712778438e-02,-2.087640630091193439e-01,-0.000000000000000000e+00,-0.000000000000000000e+00,-0.000000000000000000e+00,0.000000000000000000e+00,-0.000000000000000000e+00,0.000000000000000000e+00,-0.000000000000000000e+00,-0.000000000000000000e+00,2.510748437824416451e-02,-0.000000000000000000e+00,-0.000000000000000000e+00,-0.000000000000000000e+00,-0.000000000000000000e+00,-0.000000000000000000e+00,1.804479838126229682e-02,-1.099570886215354426e-01,-7.980813305316601658e-02,-2.803242838242693824e-01,-0.000000000000000000e+00,-0.000000000000000000e+00,0.000000000000000000e+00,-0.000000000000000000e+00,0.000000000000000000e+00,-2.258954450383968693e-01,-1.834197097450739611e-01,-7.415462400290814826e-02,-0.000000000000000000e+00,-0.000000000000000000e+00,-0.000000000000000000e+00,-0.000000000000000000e+00,-0.000000000000000000e+00,-4.122538562649639970e-02,1.759309078021540351e+00,-0.000000000000000000e+00,-3.928821062060439684e-01,-1.475948861508410634e-02,-9.402642952286624500e-02
-0.000000000000000000e+00,-0.000000000000000000e+00,-0.000000000000000000e+00,-0.000000000000000000e+00,-0.000000000000000000e+00,0.000000000000000000e+00,-0.000000000000000000e+00,0.000000000000000000e+00,-0.000000000000000000e+00,-0.000000000000000000e+00,0.000000000000000000e+00,-0.000000000000000000e+00,-0.000000000000000000e+00,-9.174929372297585539e-02,0.000000000000000000e+00,-0.000000000000000000e+00,0.000000000000000000e+00,-0.000000000000000000e+00,-0.000000000000000000e+00,-0.000000000000000000e+00,-0.000000000000000000e+00,-0.000000000000000000e+00,-0.000000000000000000e+00,-0.000000000000000000e+00,-0.000000000000000000e+00,-1.993687554054169586e-01,-1.045984683930415160e-01,-2.034006005631341235e-02,-0.000000000000000000e+00,-0.000000000000000000e+00,-0.000000000000000000e+00,-1.836490284551201835e-01,-1.828031975552044386e-01,-0.000000000000000000e+00,-0.000000000000000000e+00,1.218659301930485217e+00,-0.000000000000000000e+00,-0.000000000000000000e+00,-0.000000000000000000e+00
-0.000000000000000000e+00,-0.000000000000000000e+00,-0.000000000000000000e+00,0.000000000000000000e+00,-0.000000000000000000e+00,-0.000000000000000000e+00,0.000000000000000000e+00,-0.000000000000000000e+00,-0.000000000000000000e+00,0.000000000000000000e+00,-0.000000000000000000e+00,0.000000000000000000e+00,-0.000000000000000000e+00,-7.171024596680009022e-02,-0.000000000000000000e+00,0.000000000000000000e+00,-0.000000000000000000e+00,-0.000000000000000000e+00,-0.000000000000000000e+00,-0.000000000000000000e+00,-1.430224687342008250e-01,-0.000000000000000000e+00,-0.000000000000000000e+00,-2.926830439403744766e-01,-0.000000000000000000e+00,-0.000000000000000000e+00,-9.016591888238988453e-03,-0.000000000000000000e+00,-2.377201121517573054e-02,0.000000000000000000e+00,-0.000000000000000000e+00,-0.000000000000000000e+00,-0.000000000000000000e+00,-0.000000000000000000e+00,-3.928821062060439684e-01,-0.000000000000000000e+00,1.284872172914095056e+00,-0.000000000000000000e+00,-0.000000000000000000e+00
-4.882961852567219152e-01,-5.069095506422416353e-02,0.000000000000000000e+00,-2.970569958683032530e-01,-0.000000000000000000e+00,0.000000000000000000e+00,-0.000000000000000000e+00,-0.000000000000000000e+00,-2.487199944974822011e-02,-0.000000000000000000e+00,7.868100601918493614e-03,-3.091985857960685702e-01,0.000000000000000000e+00,-0.000000000000000000e+00,-0.000000000000000000e+00,-2.390063666682274712e-01,0.000000000000000000e+00,-3.583590151410142033e-01,-6.362627491730046825e-02,-2.869761109227949580e-01,0.000000000000000000e+00,-0.000000000000000000e+00,1.000089078892546085e-01,0.000000000000000000e+00,3.637547309147437513e-02,-4.489698031152537794e-02,-0.000000000000000000e+00,-0.000000000000000000e+00,0.000000000000000000e+00,-2.430243441144441519e-01,-0.000000000000000000e+00,0.000000000000000000e+00,0.000000000000000000e+00,-8.340169675003575311e-02,-1.475948861508410634e-02,-0.000000000000000000e+00,-0.000000000000000000e+00,2.547657704331273365e+00,-0.000000000000000000e+00
-0.000000000000000000e+00,-3.928091066669666676e-01,-0.000000000000000000e+00,-4.834609269881741389e-02,-1.025142407056805482e-01,0.000000000000000000e+00,-6.851115031301178993e-02,0.000000000000000000e+00,-2.719210721191050451e-01,-1.845998773173164742e-01,0.000000000000000000e+00,-0.000000000000000000e+00,-0.000000000000000000e+00,-0.000000000000000000e+00,0.000000000000000000e+00,-0.000000000000000000e+00,0.000000000000000000e+00,-1.315008490574179900e-01,-0.000000000000000000e+00,-0.000000000000000000e+00,0.000000000000000000e+00,-0.000000000000000000e+00,0.000000000000000000e+00,0.000000000000000000e+00,0.000000000000000000e+00,-3.483472768419422771e-01,-1.666153832397457568e-01,-0.000000000000000000e+00,-0.000000000000000000e+00,-0.000000000000000000e+00,-0.000000000000000000e+00,-0.000000000000000000e+00,-0.000000000000000000e+00,-1.483155922678617011e-01,-9.402642952286624500e-02,-0.000000000000000000e+00,-0.000000000000000000e+00,-0.000000000000000000e+00,1.988046766757825212e+00
