2.427408036809695968e+00,-7.274841827547379181e-01,-3.801258834549699206e-02,-0.000000000000000000e+00,-4.259484882586068721e-01,0.000000000000000000e+00,-0.000000000000000000e+00,0.000000000000000000e+00,-3.679090290373292216e-02,-1.608644116543319069e-01,-0.000000000000000000e+00,-0.000000000000000000e+00,-0.000000000000000000e+00,-0.000000000000000000e+00,-0.000000000000000000e+00,-3.258956196614802847e-01,-1.926657069844137926e-01,-0.000000000000000000e+00,-0.000000000000000000e+00,-0.000000000000000000e+00,-0.000000000000000000e+00,-0.000000000000000000e+00,0.000000000000000000e+00,-0.000000000000000000e+00,0.000000000000000000e+00,-1.769347345035761909e-01,-0.000000000000000000e+00,-2.910853490994323445e-01,-0.000000000000000000e+00,-1.061944138028925178e-02,-0.000000000000000000e+00,-4.707731645885439992e-02,-0.000000000000000000e+00,-0.000000000000000000e+00,-0.000000000000000000e+00,-0.000000000000000000e+00,-0.000000000000000000e+00,-3.209245407851048504e-01,-0.000000000000000000e+00
-7.274841827547379181e-01,1.762914178424715983e+00,-0.000000000000000000e+00,0.000000000000000000e+00,-0.000000000000000000e+00,-0.000000000000000000e+00,-0.000000000000000000e+00,0.000000000000000000e+00,-0.000000000000000000e+00,-0.000000000000000000e+00,-1.203450935802713728e-01,-0.000000000000000000e+00,-0.000000000000000000e+00,-1.289184269894469714e-01,-0.000000000000000000e+00,-0.000000000000000000e+00,-7.237042149596983887e-02,-0.000000000000000000e+00,-0.000000000000000000e+00,-0.000000000000000000e+00,-0.000000000000000000e+00,-0.000000000000000000e+00,0.000000000000000000e+00,-0.000000000000000000e+00,-0.000000000000000000e+00,-0.000000000000000000e+00,-0.000000000000000000e+00,-0.000000000000000000e+00,-0.000000000000000000e+00,-0.000000000000000000e+00,-0.000000000000000000e+00,-6.799694636917245905e-02,-0.000000000000000000e+00,-0.000000000000000000e+00,-0.000000000000000000e+00,-0.000000000000000000e+00,-4.012046161377036957e-01,-0.000000000000000000e+00,-6.882152704221114470e-03
-3.801258834549699206e-02,-0.000000000000000000e+00,2.546424700468715940e+00,-0.000000000000000000e+00,-7.358584260513070241e-01,-0.000000000000000000e+00,-0.000000000000000000e+00,3.573911503212016672e-01,-0.000000000000000000e+00,-0.000000000000000000e+00,-0.000000000000000000e+00,-0.000000000000000000e+00,-0.000000000000000000e+00,-0.000000000000000000e+00,-0.000000000000000000e+00,-0.000000000000000000e+00,-0.000000000000000000e+00,-3.003340073912001348e-02,-1.502953914189475784e-02,-1.230167525560854486e-01,-5.248854248238288278e-01,-2.602851287532718105e-01,-4.727012940883439790e-02,-0.000000000000000000e+00,-0.000000000000000000e+00,-0.000000000000000000e+00,-0.000000000000000000e+00,-0.000000000000000000e+00,-0.000000000000000000e+00,-1.061520573052746790e-03,-0.000000000000000000e+00,-0.000000000000000000e+00,-6.262044194503235683e-01,-1.603254646203003397e-01,0.000000000000000000e+00,-0.000000000000000000e+00,-0.000000000000000000e+00,-0.000000000000000000e+00,-0.000000000000000000e+00
-0.000000000000000000e+00,0.000000000000000000e+00,-0.000000000000000000e+00,1.772902756315198225e+00,-0.000000000000000000e+00,0.000000000000000000e+00,-1.637134617358869393e-01,-8.023204787282267603e-02,-0.000000000000000000e+00,-0.000000000000000000e+00,0.000000000000000000e+00,-0.000000000000000000e+00,-0.000000000000000000e+00,0.000000000000000000e+00,-0.000000000000000000e+00,-0.000000000000000000e+00,0.000000000000000000e+00,-2.036281956076745059e-01,-3.933759020742640389e-01,-5.913686949056331521e-01,-1.119199764205339592e-01,-1.907168984953349078e-01,-0.000000000000000000e+00,-0.000000000000000000e+00,-0.000000000000000000e+00,0.000000000000000000e+00,0.000000000000000000e+00,-0.000000000000000000e+00,-0.000000000000000000e+00,-0.000000000000000000e+00,1.020728047146204909e-01,-0.000000000000000000e+00,-0.000000000000000000e+00,-0.000000000000000000e+00,0.000000000000000000e+00,0.000000000000000000e+00,0.000000000000000000e+00,0.000000000000000000e+00,-0.000000000000000000e+00
-4.259484882586068721e-01,-0.000000000000000000e+00,-7.358584260513070241e-01,-0.000000000000000000e+00,2.295706183214306861e+00,0.000000000000000000e+00,-0.000000000000000000e+00,1.747240476037880130e-01,-0.000000000000000000e+00,-1.503262052663852620e-02,-0.000000000000000000e+00,-0.000000000000000000e+00,-0.000000000000000000e+00,-8.613381908851101831e-02,-0.000000000000000000e+00,-5.592046972431276991e-02,-1.577435488231417604e-01,-2.459074908353941213e-01,-0.000000000000000000e+00,-0.000000000000000000e+00,-0.000000000000000000e+00,-0.000000000000000000e+00,-7.788507524657478642e-02,-1.705199501606369794e-01,-0.000000000000000000e+00,-1.222690551773701617e-01,-0.000000000000000000e+00,-0.000000000000000000e+00,-0.000000000000000000e+00,-0.000000000000000000e+00,-1.299145625680462601e-01,-3.101229957741044596e-02,-0.000000000000000000e+00,-1.738248436020875531e-01,0.000000000000000000e+00,-0.000000000000000000e+00,-0.000000000000000000e+00,-0.000000000000000000e+00,-1.853352400403384184e-02
0.000000000000000000e+00,-0.000000000000000000e+00,-0.000000000000000000e+00,0.000000000000000000e+00,0.000000000000000000e+00,1.743803141662592759e+00,4.006158589008648047e-02,0.000000000000000000e+00,1.752434710374156657e-01,-6.361619130617751638e-02,-6.048144542115971856e-01,0.000000000000000000e+00,0.000000000000000000e+00,-0.000000000000000000e+00,0.000000000000000000e+00,-1.035139355262609112e-01,-0.000000000000000000e+00,4.635626465251052597e-02,0.000000000000000000e+00,0.000000000000000000e+00,-0.000000000000000000e+00,0.000000000000000000e+00,-0.000000000000000000e+00,0.000000000000000000e+00,-4.155753650900769758e-01,0.000000000000000000e+00,0.000000000000000000e+00,-0.000000000000000000e+00,0.000000000000000000e+00,0.000000000000000000e+00,-0.000000000000000000e+00,0.000000000000000000e+00,-0.000000000000000000e+00,1.043264984013117791e-01,-4.541666164612057077e-02,-0.000000000000000000e+00,-1.771288658391567128e-01,0.000000000000000000e+00,2.018962663759172049e-01
-0.000000000000000000e+00,-0.000000000000000000e+00,-0.000000000000000000e+00,-1.637134617358869393e-01,-0.000000000000000000e+00,4.006158589008648047e-02,1.680269182503010050e+00,-0.000000000000000000e+00,-0.000000000000000000e+00,0.000000000000000000e+00,4.198893199023034234e-02,-8.200498137131563559e-02,-3.966675978620197718e-01,-2.629642034204030324e-02,-0.000000000000000000e+00,0.000000000000000000e+00,1.267614682663744108e-01,-0.000000000000000000e+00,-0.000000000000000000e+00,-2.297948894386642182e-01,0.000000000000000000e+00,-5.823681297636064125e-01,-0.000000000000000000e+00,0.000000000000000000e+00,0.000000000000000000e+00,0.000000000000000000e+00,-0.000000000000000000e+00,-0.000000000000000000e+00,-0.000000000000000000e+00,-0.000000000000000000e+00,2.533096378719752739e-02,-0.000000000000000000e+00,0.000000000000000000e+00,-0.000000000000000000e+00,-0.000000000000000000e+00,0.000000000000000000e+00,-0.000000000000000000e+00,0.000000000000000000e+00,-0.000000000000000000e+00
0.000000000000000000e+00,0.000000000000000000e+00,3.573911503212016672e-01,-8.023204787282267603e-02,1.747240476037880130e-01,0.000000000000000000e+00,-0.000000000000000000e+00,1.416334415315619877e+00,0.000000000000000000e+00,0.000000000000000000e+00,0.000000000000000000e+00,-0.000000000000000000e+00,0.000000000000000000e+00,1.089871135395506230e-01,-0.000000000000000000e+00,0.000000000000000000e+00,1.422276993795758837e-01,-0.000000000000000000e+00,-0.000000000000000000e+00,-2.688363431928617042e-01,0.000000000000000000e+00,0.000000000000000000e+00,0.000000000000000000e+00,0.000000000000000000e+00,0.000000000000000000e+00,1.999405567155568553e-01,0.000000000000000000e+00,-0.000000000000000000e+00,0.000000000000000000e+00,0.000000000000000000e+00,1.974826806301517301e-01,0.000000000000000000e+00,0.000000000000000000e+00,0.000000000000000000e+00,0.000000000000000000e+00,0.000000000000000000e+00,0.000000000000000000e+00,0.000000000000000000e+00,0.000000000000000000e+00
-3.679090290373292216e-02,-0.000000000000000000e+00,-0.000000000000000000e+00,-0.000000000000000000e+00,-0.000000000000000000e+00,1.752434710374156657e-01,-0.000000000000000000e+00,0.000000000000000000e+00,3.091944678645599520e+00,-0.000000000000000000e+00,8.051067625019327212e-02,-4.401032190870715621e-01,0.000000000000000000e+00,-0.000000000000000000e+00,-3.317482298946045072e-01,-0.000000000000000000e+00,0.000000000000000000e+00,-4.468696732401752914e-01,-2.877415906101210563e-02,-0.000000000000000000e+00,0.000000000000000000e+00,0.000000000000000000e+00,0.000000000000000000e+00,-0.000000000000000000e+00,0.000000000000000000e+00,-0.000000000000000000e+00,-0.000000000000000000e+00,-0.000000000000000000e+00,-0.000000000000000000e+00,-6.317872228528872425e-01,-0.000000000000000000e+00,-0.000000000000000000e+00,0.000000000000000000e+00,-4.381713431350507948e-01,0.000000000000000000e+00,0.000000000000000000e+00,-0.000000000000000000e+00,-5.436145925621637121e-01,-3.862327407417033842e-01
-1.608644116543319069e-01,-0.000000000000000000e+00,-0.000000000000000000e+00,-0.000000000000000000e+00,-1.503262052663852620e-02,-6.361619130617751638e-02,0.000000000000000000e+00,0.000000000000000000e+00,-0.000000000000000000e+00,2.294670039673836648e+00,-0.000000000000000000e+00,-2.725967182980659764e-02,0.000000000000000000e+00,-3.400212075058741679e-01,-0.000000000000000000e+00,-7.379729412280496836e-01,-9.107359007578939847e-02,-0.000000000000000000e+00,-3.336174925348895370e-01,-0.000000000000000000e+00,-0.000000000000000000e+00,-0.000000000000000000e+00,-0.000000000000000000e+00,-2.380878403567912582e-01,-3.155696256671354245e-03,-0.000000000000000000e+00,-0.000000000000000000e+00,-1.314378975741503086e-01,-1.120866922037676711e-01,-5.472723346581551129e-02,-2.143150501322987345e-01,-0.000000000000000000e+00,0.000000000000000000e+00,-0.000000000000000000e+00,-0.000000000000000000e+00,-0.000000000000000000e+00,-4.289360635803642074e-02,-2.297740326122066357e-02,-0.000000000000000000e+00
-0.000000000000000000e+00,-1.203450935802713728e-01,-0.000000000000000000e+00,0.000000000000000000e+00,-0.000000000000000000e+00,-6.048144542115971856e-01,4.198893199023034234e-02,0.000000000000000000e+00,8.051067625019327212e-02,-0.000000000000000000e+00,2.152757140445490158e+00,5.263466188621533648e-02,-0.000000000000000000e+00,-0.000000000000000000e+00,1.004974890581910446e-01,-0.000000000000000000e+00,-8.142242717584746714e-01,0.000000000000000000e+00,0.000000000000000000e+00,0.000000000000000000e+00,-1.434891777867599964e-02,-0.000000000000000000e+00,-0.000000000000000000e+00,0.000000000000000000e+00,-4.563460642367787590e-01,-0.000000000000000000e+00,-0.000000000000000000e+00,0.000000000000000000e+00,-0.000000000000000000e+00,1.133448638245860146e-01,-0.000000000000000000e+00,0.000000000000000000e+00,-2.441884498928280703e-04,0.000000000000000000e+00,-0.000000000000000000e+00,-0.000000000000000000e+00,-4.461649534575682502e-02,0.000000000000000000e+00,0.000000000000000000e+00
-0.000000000000000000e+00,-0.000000000000000000e+00,-0.000000000000000000e+00,-0.000000000000000000e+00,-0.000000000000000000e+00,0.000000000000000000e+00,-8.200498137131563559e-02,-0.000000000000000000e+00,-4.401032190870715621e-01,-2.725967182980659764e-02,5.263466188621533648e-02,2.324037160569879301e+00,0.000000000000000000e+00,-6.176611087208184504e-03,-7.264948544399101316e-01,-0.000000000000000000e+00,0.000000000000000000e+00,-0.000000000000000000e+00,-6.373843841799343712e-01,-7.872166471685551614e-02,0.000000000000000000e+00,-0.000000000000000000e+00,0.000000000000000000e+00,-0.000000000000000000e+00,0.000000000000000000e+00,0.000000000000000000e+00,-0.000000000000000000e+00,-8.770348009093814623e-02,-0.000000000000000000e+00,-1.325071871885884212e-01,-0.000000000000000000e+00,-0.000000000000000000e+00,0.000000000000000000e+00,-6.070398204259618707e-02,-0.000000000000000000e+00,0.000000000000000000e+00,-0.000000000000000000e+00,-0.000000000000000000e+00,-0.000000000000000000e+00
-0.000000000000000000e+00,-0.000000000000000000e+00,-0.000000000000000000e+00,-0.000000000000000000e+00,-0.000000000000000000e+00,0.000000000000000000e+00,-3.966675978620197718e-01,0.000000000000000000e+00,0.000000000000000000e+00,0.000000000000000000e+00,-0.000000000000000000e+00,0.000000000000000000e+00,2.239426989412174329e+00,-0.000000000000000000e+00,5.035103165335445136e-02,0.000000000000000000e+00,-0.000000000000000000e+00,0.000000000000000000e+00,0.000000000000000000e+00,-0.000000000000000000e+00,0.000000000000000000e+00,-8.300182465988086289e-01,-1.573977857000245228e-01,0.000000000000000000e+00,-2.972667884366650068e-02,-0.000000000000000000e+00,-5.276145960232990761e-01,1.019700819370755462e-01,-0.000000000000000000e+00,1.016208761804895944e-01,8.398013580039304093e-03,-0.000000000000000000e+00,-1.660074553464335467e-01,-0.000000000000000000e+00,-1.836371990331193138e-01,-0.000000000000000000e+00,-0.000000000000000000e+00,2.046368240025017715e-01,-0.000000000000000000e+00
-0.000000000000000000e+00,-1.289184269894469714e-01,-0.000000000000000000e+00,0.000000000000000000e+00,-8.613381908851101831e-02,-0.000000000000000000e+00,-2.629642034204030324e-02,1.089871135395506230e-01,-0.000000000000000000e+00,-3.400212075058741679e-01,-0.000000000000000000e+00,-6.176611087208184504e-03,-0.000000000000000000e+00,1.724239493546807722e+00,-0.000000000000000000e+00,-0.000000000000000000e+00,-0.000000000000000000e+00,-0.000000000000000000e+00,-0.000000000000000000e+00,-0.000000000000000000e+00,0.000000000000000000e+00,-0.000000000000000000e+00,-1.980244767726460978e-02,-0.000000000000000000e+00,-2.284921730326312794e-01,-0.000000000000000000e+00,-0.000000000000000000e+00,-0.000000000000000000e+00,-1.174469839566631181e-02,-0.000000000000000000e+00,-0.000000000000000000e+00,-0.000000000000000000e+00,-0.000000000000000000e+00,-0.000000000000000000e+00,-2.899200752286210103e-01,-0.000000000000000000e+00,-3.931139439880785846e-01,-0.000000000000000000e+00,-0.000000000000000000e+00
-0.000000000000000000e+00,-0.000000000000000000e+00,-0.000000000000000000e+00,-0.000000000000000000e+00,-0.000000000000000000e+00,0.000000000000000000e+00,-0.000000000000000000e+00,-0.000000000000000000e+00,-3.317482298946045072e-01,-0.000000000000000000e+00,1.004974890581910446e-01,-7.264948544399101316e-01,5.035103165335445136e-02,-0.000000000000000000e+00,2.375334054776650383e+00,0.000000000000000000e+00,0.000000000000000000e+00,-0.000000000000000000e+00,-0.000000000000000000e+00,-0.000000000000000000e+00,0.000000000000000000e+00,0.000000000000000000e+00,0.000000000000000000e+00,-0.000000000000000000e+00,0.000000000000000000e+00,0.000000000000000000e+00,0.000000000000000000e+00,-1.873198725627547856e-01,0.000000000000000000e+00,-0.000000000000000000e+00,-0.000000000000000000e+00,0.000000000000000000e+00,5.090199118079482415e-02,-3.166345037800080142e-01,0.000000000000000000e+00,6.319872726725828116e-01,0.000000000000000000e+00,-3.821888471470734627e-01,0.000000000000000000e+00
-3.258956196614802847e-01,-0.000000000000000000e+00,-0.000000000000000000e+00,-0.000000000000000000e+00,-5.592046972431276991e-02,-1.035139355262609112e-01,0.000000000000000000e+00,0.000000000000000000e+00,-0.000000000000000000e+00,-7.379729412280496836e-01,-0.000000000000000000e+00,-0.000000000000000000e+00,0.000000000000000000e+00,-0.000000000000000000e+00,0.000000000000000000e+00,2.280594742819072263e+00,-2.329113435106026642e-01,-0.000000000000000000e+00,-1.176336485032800500e-01,-0.000000000000000000e+00,-7.106537507821379304e-05,-0.000000000000000000e+00,-0.000000000000000000e+00,-0.000000000000000000e+00,-0.000000000000000000e+00,-0.000000000000000000e+00,-0.000000000000000000e+00,-6.779954631462850045e-01,-0.000000000000000000e+00,-0.000000000000000000e+00,-0.000000000000000000e+00,-0.000000000000000000e+00,-0.000000000000000000e+00,0.000000000000000000e+00,-0.000000000000000000e+00,-0.000000000000000000e+00,-5.766023670457860739e-02,-0.000000000000000000e+00,0.000000000000000000e+00
-1.926657069844137926e-01,-7.237042149596983887e-02,-0.000000000000000000e+00,0.000000000000000000e+00,-1.577435488231417604e-01,-0.000000000000000000e+00,1.267614682663744108e-01,1.422276993795758837e-01,0.000000000000000000e+00,-9.107359007578939847e-02,-8.142242717584746714e-01,0.000000000000000000e+00,-0.000000000000000000e+00,-0.000000000000000000e+00,0.000000000000000000e+00,-2.329113435106026642e-01,1.907719961949393417e+00,0.000000000000000000e+00,0.000000000000000000e+00,0.000000000000000000e+00,-0.000000000000000000e+00,0.000000000000000000e+00,-0.000000000000000000e+00,-0.000000000000000000e+00,-0.000000000000000000e+00,-1.279431252389413853e-02,-0.000000000000000000e+00,-0.000000000000000000e+00,-1.331392644566435357e-01,-0.000000000000000000e+00,-0.000000000000000000e+00,-0.000000000000000000e+00,-1.405124854422895864e-01,0.000000000000000000e+00,-0.000000000000000000e+00,-0.000000000000000000e+00,-0.000000000000000000e+00,-0.000000000000000000e+00,-0.000000000000000000e+00
-0.000000000000000000e+00,-0.000000000000000000e+00,-3.003340073912001348e-02,-2.036281956076745059e-01,-2.459074908353941213e-01,4.635626465251052597e-02,-0.000000000000000000e+00,-0.000000000000000000e+00,-4.468696732401752914e-01,-0.000000000000000000e+00,0.000000000000000000e+00,-0.000000000000000000e+00,0.000000000000000000e+00,-0.000000000000000000e+00,-0.000000000000000000e+00,-0.000000000000000000e+00,0.000000000000000000e+00,2.871201233207989922e+00,-8.058248053690115764e-01,-2.686034885474311018e-01,-0.000000000000000000e+00,-0.000000000000000000e+00,-0.000000000000000000e+00,-4.424243143470902445e-02,0.000000000000000000e+00,-0.000000000000000000e+00,-0.000000000000000000e+00,-0.000000000000000000e+00,-5.275236217681903567e-02,-5.005911111675226399e-01,-0.000000000000000000e+00,-0.000000000000000000e+00,-0.000000000000000000e+00,-3.177307670773069637e-01,0.000000000000000000e+00,0.000000000000000000e+00,0.000000000000000000e+00,-1.418055844957104294e-01,-1.090164894894785214e-01
-0.000000000000000000e+00,-0.000000000000000000e+00,-1.502953914189475784e-02,-3.933759020742640389e-01,-0.000000000000000000e+00,0.000000000000000000e+00,-0.000000000000000000e+00,-0.000000000000000000e+00,-2.877415906101210563e-02,-3.336174925348895370e-01,0.000000000000000000e+00,-6.373843841799343712e-01,0.000000000000000000e+00,-0.000000000000000000e+00,-0.000000000000000000e+00,-1.176336485032800500e-01,0.000000000000000000e+00,-8.058248053690115764e-01,2.736222004744343295e+00,-0.000000000000000000e+00,-0.000000000000000000e+00,-0.000000000000000000e+00,-0.000000000000000000e+00,-0.000000000000000000e+00,-0.000000000000000000e+00,-0.000000000000000000e+00,-0.000000000000000000e+00,-1.069938809754130971e-01,-0.000000000000000000e+00,-4.501965729876643008e-01,-0.000000000000000000e+00,-1.983441975320714840e-02,-0.000000000000000000e+00,-0.000000000000000000e+00,-0.000000000000000000e+00,0.000000000000000000e+00,-0.000000000000000000e+00,-0.000000000000000000e+00,-0.000000000000000000e+00
-0.000000000000000000e+00,-0.000000000000000000e+00,-1.230167525560854486e-01,-5.913686949056331521e-01,-0.000000000000000000e+00,0.000000000000000000e+00,-2.297948894386642182e-01,-2.688363431928617042e-01,-0.000000000000000000e+00,-0.000000000000000000e+00,0.000000000000000000e+00,-7.872166471685551614e-02,-0.000000000000000000e+00,-0.000000000000000000e+00,-0.000000000000000000e+00,-0.000000000000000000e+00,0.000000000000000000e+00,-2.686034885474311018e-01,-0.000000000000000000e+00,1.802613191232923073e+00,-1.262789792993130600e-01,-9.736197916428372678e-02,-0.000000000000000000e+00,-0.000000000000000000e+00,-0.000000000000000000e+00,0.000000000000000000e+00,0.000000000000000000e+00,-2.835747125409493474e-01,-0.000000000000000000e+00,-0.000000000000000000e+00,0.000000000000000000e+00,0.000000000000000000e+00,-0.000000000000000000e+00,-0.000000000000000000e+00,0.000000000000000000e+00,0.000000000000000000e+00,0.000000000000000000e+00,-0.000000000000000000e+00,0.000000000000000000e+00
-0.000000000000000000e+00,-0.000000000000000000e+00,-5.248854248238288278e-01,-1.119199764205339592e-01,-0.000000000000000000e+00,-0.000000000000000000e+00,0.000000000000000000e+00,0.000000000000000000e+00,0.000000000000000000e+00,-0.000000000000000000e+00,-1.434891777867599964e-02,0.000000000000000000e+00,0.000000000000000000e+00,0.000000000000000000e+00,0.000000000000000000e+00,-7.106537507821379304e-05,-0.000000000000000000e+00,-0.000000000000000000e+00,-0.000000000000000000e+00,-1.262789792993130600e-01,1.790050134573053509e+00,-0.000000000000000000e+00,-0.000000000000000000e+00,0.000000000000000000e+00,-0.000000000000000000e+00,0.000000000000000000e+00,0.000000000000000000e+00,-4.693545382348391498e-02,-0.000000000000000000e+00,0.000000000000000000e+00,0.000000000000000000e+00,0.000000000000000000e+00,-6.894259641942251937e-01,0.000000000000000000e+00,0.000000000000000000e+00,-0.000000000000000000e+00,0.000000000000000000e+00,0.000000000000000000e+00,1.295103913188560552e-01
-0.000000000000000000e+00,-0.000000000000000000e+00,-2.602851287532718105e-01,-1.907168984953349078e-01,-0.000000000000000000e+00,0.000000000000000000e+00,-5.823681297636064125e-01,0.000000000000000000e+00,0.000000000000000000e+00,-0.000000000000000000e+00,-0.000000000000000000e+00,-0.000000000000000000e+00,-8.300182465988086289e-01,-0.000000000000000000e+00,0.000000000000000000e+00,-0.000000000000000000e+00,0.000000000000000000e+00,-0.000000000000000000e+00,-0.000000000000000000e+00,-9.736197916428372678e-02,-0.000000000000000000e+00,2.400248663644759528e+00,-0.000000000000000000e+00,0.000000000000000000e+00,-0.000000000000000000e+00,0.000000000000000000e+00,-1.224319392880606448e-02,0.000000000000000000e+00,-0.000000000000000000e+00,0.000000000000000000e+00,1.377356213313835620e-01,-0.000000000000000000e+00,-4.967341374737578308e-01,-0.000000000000000000e+00,-7.998333404522756096e-02,-0.000000000000000000e+00,-0.000000000000000000e+00,0.000000000000000000e+00,0.000000000000000000e+00
0.000000000000000000e+00,0.000000000000000000e+00,-4.727012940883439790e-02,-0.000000000000000000e+00,-7.788507524657478642e-02,-0.000000000000000000e+00,-0.000000000000000000e+00,0.000000000000000000e+00,0.000000000000000000e+00,-0.000000000000000000e+00,-0.000000000000000000e+00,0.000000000000000000e+00,-1.573977857000245228e-01,-1.980244767726460978e-02,0.000000000000000000e+00,-0.000000000000000000e+00,-0.000000000000000000e+00,-0.000000000000000000e+00,-0.000000000000000000e+00,-0.000000000000000000e+00,-0.000000000000000000e+00,-0.000000000000000000e+00,1.683815590897886461e+00,-1.536558661099562961e-01,-6.110246828666969776e-01,-0.000000000000000000e+00,-8.034255851417257399e-02,0.000000000000000000e+00,-1.299004935321648457e-01,-0.000000000000000000e+00,-0.000000000000000000e+00,-1.550048244348559146e-01,-8.252276094801566653e-02,-0.000000000000000000e+00,-0.000000000000000000e+00,-3.591895406798820134e-02,-0.000000000000000000e+00,8.027807412376826782e-04,-0.000000000000000000e+00
-0.000000000000000000e+00,-0.000000000000000000e+00,-0.000000000000000000e+00,-0.000000000000000000e+00,-1.705199501606369794e-01,0.000000000000000000e+00,0.000000000000000000e+00,0.000000000000000000e+00,-0.000000000000000000e+00,-2.380878403567912582e-01,0.000000000000000000e+00,-0.000000000000000000e+00,0.000000000000000000e+00,-0.000000000000000000e+00,-0.000000000000000000e+00,-0.000000000000000000e+00,-0.000000000000000000e+00,-4.424243143470902445e-02,-0.000000000000000000e+00,-0.000000000000000000e+00,0.000000000000000000e+00,0.000000000000000000e+00,-1.536558661099562961e-01,1.758922779358204513e+00,-0.000000000000000000e+00,-4.751156792638080301e-02,-0.000000000000000000e+00,-0.000000000000000000e+00,-1.593016365405831303e-01,-3.688423640855801322e-01,-1.275878335378863859e-01,-3.650683540743828170e-01,-0.000000000000000000e+00,-0.000000000000000000e+00,0.000000000000000000e+00,-0.000000000000000000e+00,-0.000000000000000000e+00,-0.000000000000000000e+00,-4.946024433460863290e-02
0.000000000000000000e+00,-0.000000000000000000e+00,-0.000000000000000000e+00,-0.000000000000000000e+00,-0.000000000000000000e+00,-4.155753650900769758e-01,0.000000000000000000e+00,0.000000000000000000e+00,0.000000000000000000e+00,-3.155696256671354245e-03,-4.563460642367787590e-01,0.000000000000000000e+00,-2.972667884366650068e-02,-2.284921730326312794e-01,0.000000000000000000e+00,-0.000000000000000000e+00,-0.000000000000000000e+00,0.000000000000000000e+00,-0.000000000000000000e+00,-0.000000000000000000e+00,-0.000000000000000000e+00,-0.000000000000000000e+00,-6.110246828666969776e-01,-0.000000000000000000e+00,2.232719079289608111e+00,-0.000000000000000000e+00,-1.484840895074763384e-02,0.000000000000000000e+00,-0.000000000000000000e+00,0.000000000000000000e+00,-0.000000000000000000e+00,-0.000000000000000000e+00,-1.949766298816895671e-01,-0.000000000000000000e+00,-0.000000000000000000e+00,-4.251131974391169077e-01,-1.121607088886552722e-01,0.000000000000000000e+00,0.000000000000000000e+00
-1.769347345035761909e-01,-0.000000000000000000e+00,-0.000000000000000000e+00,0.000000000000000000e+00,-1.222690551773701617e-01,0.000000000000000000e+00,0.000000000000000000e+00,1.999405567155568553e-01,-0.000000000000000000e+00,-0.000000000000000000e+00,-0.000000000000000000e+00,0.000000000000000000e+00,-0.000000000000000000e+00,-0.000000000000000000e+00,0.000000000000000000e+00,-0.000000000000000000e+00,-1.279431252389413853e-02,-0.000000000000000000e+00,-0.000000000000000000e+00,0.000000000000000000e+00,0.000000000000000000e+00,0.000000000000000000e+00,-0.000000000000000000e+00,-4.751156792638080301e-02,-0.000000000000000000e+00,2.048931482946394489e+00,-5.312112225772028795e-01,0.000000000000000000e+00,-4.946412912588276090e-01,-0.000000000000000000e+00,-9.625735769940181596e-02,-5.058966060028441403e-02,-0.000000000000000000e+00,-0.000000000000000000e+00,-0.000000000000000000e+00,-1.404747875004973279e-01,-6.191972518902539441e-02,-0.000000000000000000e+00,-3.367559327215000065e-01
-0.000000000000000000e+00,-0.000000000000000000e+00,-0.000000000000000000e+00,0.000000000000000000e+00,-0.000000000000000000e+00,0.000000000000000000e+00,-0.000000000000000000e+00,0.000000000000000000e+00,-0.000000000000000000e+00,-0.000000000000000000e+00,-0.000000000000000000e+00,-0.000000000000000000e+00,-5.276145960232990761e-01,-0.000000000000000000e+00,0.000000000000000000e+00,-0.000000000000000000e+00,-0.000000000000000000e+00,-0.000000000000000000e+00,-0.000000000000000000e+00,0.000000000000000000e+00,0.000000000000000000e+00,-1.224319392880606448e-02,-8.034255851417257399e-02,-0.000000000000000000e+00,-1.484840895074763384e-02,-5.312112225772028795e-01,2.241644706802953024e+00,0.000000000000000000e+00,-0.000000000000000000e+00,-0.000000000000000000e+00,-0.000000000000000000e+00,-4.968757891916690261e-01,-0.000000000000000000e+00,-0.000000000000000000e+00,-8.799169398423414834e-02,-5.276646260565922564e-01,-1.442076966734278654e-01,0.000000000000000000e+00,-0.000000000000000000e+00
-2.910853490994323445e-01,-0.000000000000000000e+00,-0.000000000000000000e+00,-0.000000000000000000e+00,-0.000000000000000000e+00,-0.000000000000000000e+00,-0.000000000000000000e+00,-0.000000000000000000e+00,-0.000000000000000000e+00,-1.314378975741503086e-01,0.000000000000000000e+00,-8.770348009093814623e-02,1.019700819370755462e-01,-0.000000000000000000e+00,-1.873198725627547856e-01,-6.779954631462850045e-01,-0.000000000000000000e+00,-0.000000000000000000e+00,-1.069938809754130971e-01,-2.835747125409493474e-01,-4.693545382348391498e-02,0.000000000000000000e+00,0.000000000000000000e+00,-0.000000000000000000e+00,0.000000000000000000e+00,0.000000000000000000e+00,0.000000000000000000e+00,1.934500133366996222e+00,-0.000000000000000000e+00,-9.713338283711119014e-02,-0.000000000000000000e+00,-0.000000000000000000e+00,0.000000000000000000e+00,-0.000000000000000000e+00,0.000000000000000000e+00,2.728767583996358215e-02,-0.000000000000000000e+00,-0.000000000000000000e+00,0.000000000000000000e+00
-0.000000000000000000e+00,-0.000000000000000000e+00,-0.000000000000000000e+00,-0.000000000000000000e+00,-0.000000000000000000e+00,0.000000000000000000e+00,-0.000000000000000000e+00,0.000000000000000000e+00,-0.000000000000000000e+00,-1.120866922037676711e-01,-0.000000000000000000e+00,-0.000000000000000000e+00,-0.000000000000000000e+00,-1.174469839566631181e-02,0.000000000000000000e+00,-0.000000000000000000e+00,-1.331392644566435357e-01,-5.275236217681903567e-02,-0.000000000000000000e+00,-0.000000000000000000e+00,-0.000000000000000000e+00,-0.000000000000000000e+00,-1.299004935321648457e-01,-1.593016365405831303e-01,-0.000000000000000000e+00,-4.946412912588276090e-01,-0.000000000000000000e+00,-0.000000000000000000e+00,1.829547999131795777e+00,-0.000000000000000000e+00,-0.000000000000000000e+00,-3.102571473518200840e-01,-0.000000000000000000e+00,-0.000000000000000000e+00,-0.000000000000000000e+00,-0.000000000000000000e+00,-3.365780620333126416e-01,-0.000000000000000000e+00,-0.000000000000000000e+00
-1.061944138028925178e-02,-0.000000000000000000e+00,-1.061520573052746790e-03,-0.000000000000000000e+00,-0.000000000000000000e+00,0.000000000000000000e+00,-0.000000000000000000e+00,0.000000000000000000e+00,-6.317872228528872425e-01,-5.472723346581551129e-02,1.133448638245860146e-01,-1.325071871885884212e-01,1.016208761804895944e-01,-0.000000000000000000e+00,-0.000000000000000000e+00,-0.000000000000000000e+00,-0.000000000000000000e+00,-5.005911111675226399e-01,-4.501965729876643008e-01,-0.000000000000000000e+00,0.000000000000000000e+00,0.000000000000000000e+00,-0.000000000000000000e+00,-3.688423640855801322e-01,0.000000000000000000e+00,-0.000000000000000000e+00,-0.000000000000000000e+00,-9.713338283711119014e-02,-0.000000000000000000e+00,2.485650811573260732e+00,-1.738161982500980533e-03,-4.332748890690065607e-02,0.000000000000000000e+00,-0.000000000000000000e+00,0.000000000000000000e+00,0.000000000000000000e+00,0.000000000000000000e+00,-1.987359797827158991e-01,-0.000000000000000000e+00
-0.000000000000000000e+00,-0.000000000000000000e+00,-0.000000000000000000e+00,1.020728047146204909e-01,-1.299145625680462601e-01,-0.000000000000000000e+00,2.533096378719752739e-02,1.974826806301517301e-01,-0.000000000000000000e+00,-2.143150501322987345e-01,-0.000000000000000000e+00,-0.000000000000000000e+00,8.398013580039304093e-03,-0.000000000000000000e+00,-0.000000000000000000e+00,-0.000000000000000000e+00,-0.000000000000000000e+00,-0.000000000000000000e+00,-0.000000000000000000e+00,0.000000000000000000e+00,0.000000000000000000e+00,1.377356213313835620e-01,-0.000000000000000000e+00,-1.275878335378863859e-01,-0.000000000000000000e+00,-9.625735769940181596e-02,-0.000000000000000000e+00,-0.000000000000000000e+00,-0.000000000000000000e+00,-1.738161982500980533e-03,1.377256335291542566e+00,-0.000000000000000000e+00,0.000000000000000000e+00,-0.000000000000000000e+00,0.000000000000000000e+00,-0.000000000000000000e+00,-0.000000000000000000e+00,-2.534560675107241368e-01,-1.325484267042036091e-01
-4.707731645885439992e-02,-6.799694636917245905e-02,-0.000000000000000000e+00,-0.000000000000000000e+00,-3.101229957741044596e-02,0.000000000000000000e+00,-0.000000000000000000e+00,0.000000000000000000e+00,-0.000000000000000000e+00,-0.000000000000000000e+00,0.000000000000000000e+00,-0.000000000000000000e+00,-0.000000000000000000e+00,-0.000000000000000000e+00,0.000000000000000000e+00,-0.000000000000000000e+00,-0.000000000000000000e+00,-0.000000000000000000e+00,-1.983441975320714840e-02,0.000000000000000000e+00,0.000000000000000000e+00,-0.000000000000000000e+00,-1.550048244348559146e-01,-3.650683540743828170e-01,-0.000000000000000000e+00,-5.058966060028441403e-02,-4.968757891916690261e-01,-0.000000000000000000e+00,-3.102571473518200840e-01,-4.332748890690065607e-02,-0.000000000000000000e+00,1.967509525223958500e+00,-0.000000000000000000e+00,-0.000000000000000000e+00,-1.588607663711222029e-01,-0.000000000000000000e+00,-5.414641256482151388e-02,-0.000000000000000000e+00,-2.944060444867308557e-01
-0.000000000000000000e+00,-0.000000000000000000e+00,-6.262044194503235683e-01,-0.000000000000000000e+00,-0.000000000000000000e+00,-0.000000000000000000e+00,0.000000000000000000e+00,0.000000000000000000e+00,0.000000000000000000e+00,0.000000000000000000e+00,-2.441884498928280703e-04,0.000000000000000000e+00,-1.660074553464335467e-01,-0.000000000000000000e+00,5.090199118079482415e-02,-0.000000000000000000e+00,-1.405124854422895864e-01,-0.000000000000000000e+00,-0.000000000000000000e+00,-0.000000000000000000e+00,-6.894259641942251937e-01,-4.967341374737578308e-01,-8.252276094801566653e-02,-0.000000000000000000e+00,-1.949766298816895671e-01,-0.000000000000000000e+00,-0.000000000000000000e+00,0.000000000000000000e+00,-0.000000000000000000e+00,0.000000000000000000e+00,0.000000000000000000e+00,-0.000000000000000000e+00,2.327946117333780318e+00,-0.000000000000000000e+00,-0.000000000000000000e+00,-4.370849079172540314e-02,-0.000000000000000000e+00,0.000000000000000000e+00,-0.000000000000000000e+00
-0.000000000000000000e+00,-0.000000000000000000e+00,-1.603254646203003397e-01,-0.000000000000000000e+00,-1.738248436020875531e-01,1.043264984013117791e-01,-0.000000000000000000e+00,0.000000000000000000e+00,-4.381713431350507948e-01,-0.000000000000000000e+00,0.000000000000000000e+00,-6.070398204259618707e-02,-0.000000000000000000e+00,-0.000000000000000000e+00,-3.166345037800080142e-01,0.000000000000000000e+00,0.000000000000000000e+00,-3.177307670773069637e-01,-0.000000000000000000e+00,-0.000000000000000000e+00,0.000000000000000000e+00,-0.000000000000000000e+00,-0.000000000000000000e+00,-0.000000000000000000e+00,-0.000000000000000000e+00,-0.000000000000000000e+00,-0.000000000000000000e+00,-0.000000000000000000e+00,-0.000000000000000000e+00,-0.000000000000000000e+00,-0.000000000000000000e+00,-0.000000000000000000e+00,-0.000000000000000000e+00,1.844074792253047823e+00,0.000000000000000000e+00,0.000000000000000000e+00,0.000000000000000000e+00,-2.884809855568425466e-03,-1.784260075186581418e-01
-0.000000000000000000e+00,-0.000000000000000000e+00,0.000000000000000000e+00,0.000000000000000000e+00,0.000000000000000000e+00,-4.541666164612057077e-02,-0.000000000000000000e+00,0.000000000000000000e+00,0.000000000000000000e+00,-0.000000000000000000e+00,-0.000000000000000000e+00,-0.000000000000000000e+00,-1.836371990331193138e-01,-2.899200752286210103e-01,0.000000000000000000e+00,-0.000000000000000000e+00,-0.000000000000000000e+00,0.000000000000000000e+00,-0.000000000000000000e+00,0.000000000000000000e+00,0.000000000000000000e+00,-7.998333404522756096e-02,-0.000000000000000000e+00,0.000000000000000000e+00,-0.000000000000000000e+00,-0.000000000000000000e+00,-8.799169398423414834e-02,0.000000000000000000e+00,-0.000000000000000000e+00,0.000000000000000000e+00,0.000000000000000000e+00,-1.588607663711222029e-01,-0.000000000000000000e+00,0.000000000000000000e+00,1.760263825990426856e+00,-1.683904665010195201e-01,-5.992952255501797776e-01,1.750519086598459340e-01,0.000000000000000000e+00
-0.000000000000000000e+00,-0.000000000000000000e+00,-0.000000000000000000e+00,0.000000000000000000e+00,-0.000000000000000000e+00,-0.000000000000000000e+00,0.000000000000000000e+00,0.000000000000000000e+00,0.000000000000000000e+00,-0.000000000000000000e+00,-0.000000000000000000e+00,0.000000000000000000e+00,-0.000000000000000000e+00,-0.000000000000000000e+00,6.319872726725828116e-01,-0.000000000000000000e+00,-0.000000000000000000e+00,0.000000000000000000e+00,0.000000000000000000e+00,0.000000000000000000e+00,-0.000000000000000000e+00,-0.000000000000000000e+00,-3.591895406798820134e-02,-0.000000000000000000e+00,-4.251131974391169077e-01,-1.404747875004973279e-01,-5.276646260565922564e-01,2.728767583996358215e-02,-0.000000000000000000e+00,0.000000000000000000e+00,-0.000000000000000000e+00,-0.000000000000000000e+00,-4.370849079172540314e-02,0.000000000000000000e+00,-1.683904665010195201e-01,1.870386491021705400e+00,-0.000000000000000000e+00,0.000000000000000000e+00,-0.000000000000000000e+00
-0.000000000000000000e+00,-4.012046161377036957e-01,-0.000000000000000000e+00,0.000000000000000000e+00,-0.000000000000000000e+00,-1.771288658391567128e-01,-0.000000000000000000e+00,0.000000000000000000e+00,-0.000000000000000000e+00,-4.289360635803642074e-02,-4.461649534575682502e-02,-0.000000000000000000e+00,-0.000000000000000000e+00,-3.931139439880785846e-01,0.000000000000000000e+00,-5.766023670457860739e-02,-0.000000000000000000e+00,0.000000000000000000e+00,-0.000000000000000000e+00,0.000000000000000000e+00,0.000000000000000000e+00,-0.000000000000000000e+00,-0.000000000000000000e+00,-0.000000000000000000e+00,-1.121607088886552722e-01,-6.191972518902539441e-02,-1.442076966734278654e-01,-0.000000000000000000e+00,-3.365780620333126416e-01,0.000000000000000000e+00,-0.000000000000000000e+00,-5.414641256482151388e-02,-0.000000000000000000e+00,0.000000000000000000e+00,-5.992952255501797776e-01,-0.000000000000000000e+00,2.197114183460845638e+00,-0.000000000000000000e+00,-0.000000000000000000e+00
-3.209245407851048504e-01,-0.000000000000000000e+00,-0.000000000000000000e+00,0.000000000000000000e+00,-0.000000000000000000e+00,0.000000000000000000e+00,0.000000000000000000e+00,0.000000000000000000e+00,-5.436145925621637121e-01,-2.297740326122066357e-02,0.000000000000000000e+00,-0.000000000000000000e+00,2.046368240025017715e-01,-0.000000000000000000e+00,-3.821888471470734627e-01,-0.000000000000000000e+00,-0.000000000000000000e+00,-1.418055844957104294e-01,-0.000000000000000000e+00,-0.000000000000000000e+00,0.000000000000000000e+00,0.000000000000000000e+00,8.027807412376826782e-04,-0.000000000000000000e+00,0.000000000000000000e+00,-0.000000000000000000e+00,0.000000000000000000e+00,-0.000000000000000000e+00,-0.000000000000000000e+00,-1.987359797827158991e-01,-2.534560675107241368e-01,-0.000000000000000000e+00,0.000000000000000000e+00,-2.884809855568425466e-03,1.750519086598459340e-01,0.000000000000000000e+00,-0.000000000000000000e+00,2.105171481928031607e+00,-2.245739018570527268e-01
-0.000000000000000000e+00,-6.882152704221114470e-03,-0.000000000000000000e+00,-0.000000000000000000e+00,-1.853352400403384184e-02,2.018962663759172049e-01,-0.000000000000000000e+00,0.000000000000000000e+00,-3.862327407417033842e-01,-0.000000000000000000e+00,0.000000000000000000e+00,-0.000000000000000000e+00,-0.000000000000000000e+00,-0.000000000000000000e+00,0.000000000000000000e+00,0.000000000000000000e+00,-0.000000000000000000e+00,-1.090164894894785214e-01,-0.000000000000000000e+00,0.000000000000000000e+00,1.295103913188560552e-01,0.000000000000000000e+00,-0.000000000000000000e+00,-4.946024433460863290e-02,0.000000000000000000e+00,-3.367559327215000065e-01,-0.000000000000000000e+00,0.000000000000000000e+00,-0.000000000000000000e+00,-0.000000000000000000e+00,-1.325484267042036091e-01,-2.944060444867308557e-01,-0.000000000000000000e+00,-1.784260075186581418e-01,0.000000000000000000e+00,-0.000000000000000000e+00,-0.000000000000000000e+00,-2.245739018570527268e-01,1.785484263212369305e+00
