2.344621949921838588e+00,-2.898988166572278313e-01,-0.000000000000000000e+00,0.000000000000000000e+00,-1.072410992915599909e-01,0.000000000000000000e+00,0.000000000000000000e+00,0.000000000000000000e+00,-3.919870845865410236e-01,-3.447555051810141657e-01,0.000000000000000000e+00,0.000000000000000000e+00,0.000000000000000000e+00,-2.519426454332062693e-01,-0.000000000000000000e+00,-1.303767376262337796e-01,-0.000000000000000000e+00,0.000000000000000000e+00,-0.000000000000000000e+00,0.000000000000000000e+00,-0.000000000000000000e+00,-0.000000000000000000e+00,-0.000000000000000000e+00,-0.000000000000000000e+00,-5.218147033006936136e-02,-1.697957060377489058e-01,-7.665501307038713463e-02,-2.128003305056286321e-02,-1.292205268287642539e-01,-6.445272633544275598e-01,-3.815058042398641186e-02,-0.000000000000000000e+00,-0.000000000000000000e+00,-2.561129517894973964e-03,-0.000000000000000000e+00,0.000000000000000000e+00,0.000000000000000000e+00,-0.000000000000000000e+00,-0.000000000000000000e+00
-2.898988166572278313e-01,1.731125652201132681e+00,-0.000000000000000000e+00,0.000000000000000000e+00,-0.000000000000000000e+00,-0.000000000000000000e+00,-0.000000000000000000e+00,-0.000000000000000000e+00,-0.000000000000000000e+00,-0.000000000000000000e+00,-0.000000000000000000e+00,0.000000000000000000e+00,-0.000000000000000000e+00,-3.448211943405325441e-01,0.000000000000000000e+00,-0.000000000000000000e+00,-0.000000000000000000e+00,8.385403924468531889e-02,0.000000000000000000e+00,0.000000000000000000e+00,-0.000000000000000000e+00,-0.000000000000000000e+00,-0.000000000000000000e+00,-0.000000000000000000e+00,-1.282668921748546798e-01,-0.000000000000000000e+00,-8.063848696180689335e-02,0.000000000000000000e+00,-0.000000000000000000e+00,-0.000000000000000000e+00,-0.000000000000000000e+00,-4.245861920028464187e-01,-4.974301523355154769e-02,-0.000000000000000000e+00,-0.000000000000000000e+00,-2.168725858015608729e-02,-2.181094286518889258e-01,0.000000000000000000e+00,-0.000000000000000000e+00
-0.000000000000000000e+00,-0.000000000000000000e+00,2.729328293829845986e+00,0.000000000000000000e+00,-4.154429864325459021e-01,0.000000000000000000e+00,0.000000000000000000e+00,1.610160297486123770e+00,-1.764976473608516616e-01,-0.000000000000000000e+00,0.000000000000000000e+00,-0.000000000000000000e+00,0.000000000000000000e+00,-0.000000000000000000e+00,-0.000000000000000000e+00,-0.000000000000000000e+00,0.000000000000000000e+00,-0.000000000000000000e+00,-0.000000000000000000e+00,0.000000000000000000e+00,-7.542834356072017354e-02,-0.000000000000000000e+00,-0.000000000000000000e+00,-0.000000000000000000e+00,-7.316947073497394316e-02,-0.000000000000000000e+00,-0.000000000000000000e+00,-0.000000000000000000e+00,-0.000000000000000000e+00,-2.132746383462984785e-01,-0.000000000000000000e+00,0.000000000000000000e+00,-0.000000000000000000e+00,-1.122754128723752777e-02,0.000000000000000000e+00,0.000000000000000000e+00,0.000000000000000000e+00,-0.000000000000000000e+00,-0.000000000000000000e+00
0.000000000000000000e+00,0.000000000000000000e+00,0.000000000000000000e+00,1.510435316131492733e+00,0.000000000000000000e+00,1.431109562077359336e-02,-0.000000000000000000e+00,-0.000000000000000000e+00,-0.000000000000000000e+00,-0.000000000000000000e+00,0.000000000000000000e+00,-3.161682244420189192e-01,0.000000000000000000e+00,5.939519897258123578e-03,-0.000000000000000000e+00,-0.000000000000000000e+00,1.660937368130383507e-01,-1.988189050463007590e-01,-0.000000000000000000e+00,-0.000000000000000000e+00,0.000000000000000000e+00,-0.000000000000000000e+00,0.000000000000000000e+00,0.000000000000000000e+00,0.000000000000000000e+00,-0.000000000000000000e+00,1.009711552114297139e-01,-0.000000000000000000e+00,0.000000000000000000e+00,0.000000000000000000e+00,6.909758128838137947e-02,4.473486964709356972e-02,4.007661865077927765e-01,-0.000000000000000000e+00,0.000000000000000000e+00,0.000000000000000000e+00,0.000000000000000000e+00,-0.000000000000000000e+00,-0.000000000000000000e+00
-1.072410992915599909e-01,-0.000000000000000000e+00,-4.154429864325459021e-01,0.000000000000000000e+00,2.588045829759850758e+00,0.000000000000000000e+00,-0.000000000000000000e+00,3.756383135225950243e-01,-5.796295551794069523e-01,-5.324891099736269590e-03,0.000000000000000000e+00,0.000000000000000000e+00,2.239135529229500654e-01,-6.394518318345709940e-02,-0.000000000000000000e+00,-0.000000000000000000e+00,0.000000000000000000e+00,-0.000000000000000000e+00,-0.000000000000000000e+00,0.000000000000000000e+00,-0.000000000000000000e+00,-0.000000000000000000e+00,-0.000000000000000000e+00,-0.000000000000000000e+00,-0.000000000000000000e+00,-8.692800718232995827e-02,-0.000000000000000000e+00,-2.367232207226177831e-01,-0.000000000000000000e+00,-2.424689907352172435e-01,-3.943323773818401268e-01,-0.000000000000000000e+00,-0.000000000000000000e+00,-8.539073422473962560e-02,0.000000000000000000e+00,0.000000000000000000e+00,-0.000000000000000000e+00,-0.000000000000000000e+00,-0.000000000000000000e+00
0.000000000000000000e+00,-0.000000000000000000e+00,0.000000000000000000e+00,1.431109562077359336e-02,0.000000000000000000e+00,2.763211314902852767e+00,-0.000000000000000000e+00,-0.000000000000000000e+00,0.000000000000000000e+00,0.000000000000000000e+00,-3.788312235813026119e-01,0.000000000000000000e+00,-1.602479724847398479e-01,-0.000000000000000000e+00,0.000000000000000000e+00,0.000000000000000000e+00,-7.758952761911267482e-01,0.000000000000000000e+00,2.950100779358830194e-02,0.000000000000000000e+00,0.000000000000000000e+00,-0.000000000000000000e+00,-4.760888872242207692e-01,-0.000000000000000000e+00,-0.000000000000000000e+00,0.000000000000000000e+00,-0.000000000000000000e+00,0.000000000000000000e+00,-0.000000000000000000e+00,0.000000000000000000e+00,-0.000000000000000000e+00,-0.000000000000000000e+00,-0.000000000000000000e+00,0.000000000000000000e+00,-9.421631156585320577e-01,0.000000000000000000e+00,-0.000000000000000000e+00,5.897748459235080398e-02,0.000000000000000000e+00
0.000000000000000000e+00,-0.000000000000000000e+00,0.000000000000000000e+00,-0.000000000000000000e+00,-0.000000000000000000e+00,-0.000000000000000000e+00,1.401678333022554845e+00,-0.000000000000000000e+00,0.000000000000000000e+00,0.000000000000000000e+00,-1.146806443183341767e-01,2.037125178126706349e-01,-0.000000000000000000e+00,-0.000000000000000000e+00,2.496332160436854630e-01,-0.000000000000000000e+00,-0.000000000000000000e+00,0.000000000000000000e+00,0.000000000000000000e+00,-0.000000000000000000e+00,-0.000000000000000000e+00,-0.000000000000000000e+00,0.000000000000000000e+00,0.000000000000000000e+00,-0.000000000000000000e+00,1.106815366563714820e-01,-0.000000000000000000e+00,0.000000000000000000e+00,6.094131874187085594e-03,0.000000000000000000e+00,-0.000000000000000000e+00,-1.777060161700994012e-02,0.000000000000000000e+00,0.000000000000000000e+00,-0.000000000000000000e+00,-7.495906732501707304e-02,-2.325276941277553966e-01,0.000000000000000000e+00,0.000000000000000000e+00
0.000000000000000000e+00,-0.000000000000000000e+00,1.610160297486123770e+00,-0.000000000000000000e+00,3.756383135225950243e-01,-0.000000000000000000e+00,-0.000000000000000000e+00,2.673887710592905087e+00,1.431254227131021099e-03,0.000000000000000000e+00,-0.000000000000000000e+00,-0.000000000000000000e+00,-0.000000000000000000e+00,0.000000000000000000e+00,0.000000000000000000e+00,0.000000000000000000e+00,-0.000000000000000000e+00,0.000000000000000000e+00,0.000000000000000000e+00,-0.000000000000000000e+00,0.000000000000000000e+00,0.000000000000000000e+00,0.000000000000000000e+00,0.000000000000000000e+00,7.116370090247525759e-02,0.000000000000000000e+00,0.000000000000000000e+00,1.398809570691864623e-01,0.000000000000000000e+00,1.104032397939983950e-01,0.000000000000000000e+00,-0.000000000000000000e+00,1.584886885423523184e-01,7.281821551872857956e-02,-0.000000000000000000e+00,-1.208352407535881190e-01,-0.000000000000000000e+00,5.725239334607063607e-02,0.000000000000000000e+00
-3.919870845865410236e-01,-0.000000000000000000e+00,-1.764976473608516616e-01,-0.000000000000000000e+00,-5.796295551794069523e-01,0.000000000000000000e+00,0.000000000000000000e+00,1.431254227131021099e-03,2.938962828421074924e+00,-1.305567263598332861e-01,0.000000000000000000e+00,-0.000000000000000000e+00,0.000000000000000000e+00,-0.000000000000000000e+00,-0.000000000000000000e+00,-0.000000000000000000e+00,0.000000000000000000e+00,-0.000000000000000000e+00,-0.000000000000000000e+00,0.000000000000000000e+00,-0.000000000000000000e+00,-0.000000000000000000e+00,-0.000000000000000000e+00,-0.000000000000000000e+00,-0.000000000000000000e+00,-0.000000000000000000e+00,-0.000000000000000000e+00,-0.000000000000000000e+00,-0.000000000000000000e+00,-6.278399249403930904e-01,-3.251463690708432299e-03,-0.000000000000000000e+00,-0.000000000000000000e+00,-8.101337635202341403e-01,0.000000000000000000e+00,0.000000000000000000e+00,-0.000000000000000000e+00,-0.000000000000000000e+00,-4.167955135057238025e-01
-3.447555051810141657e-01,-0.000000000000000000e+00,-0.000000000000000000e+00,-0.000000000000000000e+00,-5.324891099736269590e-03,0.000000000000000000e+00,0.000000000000000000e+00,0.000000000000000000e+00,-1.305567263598332861e-01,2.008004001344809719e+00,0.000000000000000000e+00,-0.000000000000000000e+00,5.106882033577861413e-02,-0.000000000000000000e+00,-0.000000000000000000e+00,-3.484012791013807453e-01,-0.000000000000000000e+00,-0.000000000000000000e+00,-0.000000000000000000e+00,-0.000000000000000000e+00,-0.000000000000000000e+00,-0.000000000000000000e+00,-0.000000000000000000e+00,-0.000000000000000000e+00,-0.000000000000000000e+00,-3.649781099226768188e-01,-5.534320618287330573e-02,-2.170125214706668249e-01,-0.000000000000000000e+00,-3.846169637272161546e-01,-2.408013478521662046e-02,0.000000000000000000e+00,0.000000000000000000e+00,-0.000000000000000000e+00,0.000000000000000000e+00,-0.000000000000000000e+00,0.000000000000000000e+00,-0.000000000000000000e+00,-0.000000000000000000e+00
0.000000000000000000e+00,-0.000000000000000000e+00,0.000000000000000000e+00,0.000000000000000000e+00,0.000000000000000000e+00,-3.788312235813026119e-01,-1.146806443183341767e-01,-0.000000000000000000e+00,0.000000000000000000e+00,0.000000000000000000e+00,2.863652343952054480e+00,6.611095648673394332e-02,-0.000000000000000000e+00,-0.000000000000000000e+00,5.804123462409791490e-01,-0.000000000000000000e+00,-3.711362835863094567e-01,2.599321788804430655e-01,2.327400856119792860e-01,0.000000000000000000e+00,-0.000000000000000000e+00,-0.000000000000000000e+00,0.000000000000000000e+00,0.000000000000000000e+00,-0.000000000000000000e+00,0.000000000000000000e+00,-0.000000000000000000e+00,4.356720007185484536e-03,0.000000000000000000e+00,0.000000000000000000e+00,-1.194526187709469417e-02,-3.645638433941292278e-01,-0.000000000000000000e+00,7.822474582847886715e-02,-0.000000000000000000e+00,-1.294090449284415190e-01,-1.506986422604660869e-01,5.140509682780705081e-01,0.000000000000000000e+00
0.000000000000000000e+00,0.000000000000000000e+00,-0.000000000000000000e+00,-3.161682244420189192e-01,0.000000000000000000e+00,0.000000000000000000e+00,2.037125178126706349e-01,-0.000000000000000000e+00,-0.000000000000000000e+00,-0.000000000000000000e+00,6.611095648673394332e-02,2.153006031573370560e+00,0.000000000000000000e+00,2.274221958530339358e-02,-6.702583505126709085e-01,0.000000000000000000e+00,0.000000000000000000e+00,-2.055324355362199151e-01,-3.490919728144713519e-01,-8.642703591458332502e-02,0.000000000000000000e+00,-0.000000000000000000e+00,-0.000000000000000000e+00,0.000000000000000000e+00,9.476829498894596970e-02,-0.000000000000000000e+00,0.000000000000000000e+00,-0.000000000000000000e+00,-0.000000000000000000e+00,-0.000000000000000000e+00,9.422823136968067059e-02,0.000000000000000000e+00,0.000000000000000000e+00,-1.626615770770115932e-01,0.000000000000000000e+00,0.000000000000000000e+00,0.000000000000000000e+00,-0.000000000000000000e+00,-6.434035591745358718e-03
0.000000000000000000e+00,-0.000000000000000000e+00,0.000000000000000000e+00,0.000000000000000000e+00,2.239135529229500654e-01,-1.602479724847398479e-01,-0.000000000000000000e+00,-0.000000000000000000e+00,0.000000000000000000e+00,5.106882033577861413e-02,-0.000000000000000000e+00,0.000000000000000000e+00,1.706335487895056513e+00,-0.000000000000000000e+00,0.000000000000000000e+00,0.000000000000000000e+00,-0.000000000000000000e+00,0.000000000000000000e+00,2.303493639272779342e-04,0.000000000000000000e+00,0.000000000000000000e+00,0.000000000000000000e+00,-0.000000000000000000e+00,-0.000000000000000000e+00,-0.000000000000000000e+00,2.085374183310733653e-01,7.250504069725394142e-05,3.535243812171990907e-01,-0.000000000000000000e+00,0.000000000000000000e+00,2.210677711004915835e-01,-0.000000000000000000e+00,-0.000000000000000000e+00,1.410916232255681191e-01,-2.914199808277969095e-01,-0.000000000000000000e+00,-0.000000000000000000e+00,7.473340703470041958e-03,0.000000000000000000e+00
-2.519426454332062693e-01,-3.448211943405325441e-01,-0.000000000000000000e+00,5.939519897258123578e-03,-6.394518318345709940e-02,-0.000000000000000000e+00,-0.000000000000000000e+00,0.000000000000000000e+00,-0.000000000000000000e+00,-0.000000000000000000e+00,-0.000000000000000000e+00,2.274221958530339358e-02,-0.000000000000000000e+00,2.105599757036304087e+00,0.000000000000000000e+00,-0.000000000000000000e+00,-3.586650119112910068e-02,0.000000000000000000e+00,0.000000000000000000e+00,0.000000000000000000e+00,-0.000000000000000000e+00,-0.000000000000000000e+00,-0.000000000000000000e+00,-1.062199709581136964e-01,-3.968052176004687737e-01,-0.000000000000000000e+00,-4.813868906236537515e-02,-0.000000000000000000e+00,-1.513849124796946832e-01,-0.000000000000000000e+00,-2.706400075681617556e-01,-3.530645270318631956e-01,-2.874880002744543139e-01,-0.000000000000000000e+00,-4.593711870257461555e-02,-0.000000000000000000e+00,-0.000000000000000000e+00,0.000000000000000000e+00,-0.000000000000000000e+00
-0.000000000000000000e+00,0.000000000000000000e+00,-0.000000000000000000e+00,-0.000000000000000000e+00,-0.000000000000000000e+00,0.000000000000000000e+00,2.496332160436854630e-01,0.000000000000000000e+00,-0.000000000000000000e+00,-0.000000000000000000e+00,5.804123462409791490e-01,-6.702583505126709085e-01,0.000000000000000000e+00,0.000000000000000000e+00,3.180525319539138973e+00,0.000000000000000000e+00,0.000000000000000000e+00,-2.319963124560102674e-01,-4.098413863166054383e-01,-0.000000000000000000e+00,-0.000000000000000000e+00,-0.000000000000000000e+00,-0.000000000000000000e+00,-0.000000000000000000e+00,0.000000000000000000e+00,-0.000000000000000000e+00,0.000000000000000000e+00,-0.000000000000000000e+00,-0.000000000000000000e+00,-0.000000000000000000e+00,0.000000000000000000e+00,4.510275464296396863e-02,0.000000000000000000e+00,-5.134021028291376743e-01,0.000000000000000000e+00,0.000000000000000000e+00,2.710147830723387830e-01,-4.844798068503225474e-01,-0.000000000000000000e+00
-1.303767376262337796e-01,-0.000000000000000000e+00,-0.000000000000000000e+00,-0.000000000000000000e+00,-0.000000000000000000e+00,0.000000000000000000e+00,-0.000000000000000000e+00,0.000000000000000000e+00,-0.000000000000000000e+00,-3.484012791013807453e-01,-0.000000000000000000e+00,0.000000000000000000e+00,0.000000000000000000e+00,-0.000000000000000000e+00,0.000000000000000000e+00,1.961419132968930557e+00,-0.000000000000000000e+00,-0.000000000000000000e+00,-0.000000000000000000e+00,-3.265228636437227938e-01,-5.449751041555734865e-01,-1.482418793662856615e-01,-0.000000000000000000e+00,-0.000000000000000000e+00,-0.000000000000000000e+00,-0.000000000000000000e+00,-1.406524508878750079e-01,-1.876253076686518499e-03,-0.000000000000000000e+00,-1.597164763879579674e-01,-9.170897703193758854e-02,-0.000000000000000000e+00,0.000000000000000000e+00,-0.000000000000000000e+00,0.000000000000000000e+00,-2.563270443313538927e-01,0.000000000000000000e+00,-0.000000000000000000e+00,-0.000000000000000000e+00
-0.000000000000000000e+00,-0.000000000000000000e+00,0.000000000000000000e+00,1.660937368130383507e-01,0.000000000000000000e+00,-7.758952761911267482e-01,-0.000000000000000000e+00,-0.000000000000000000e+00,0.000000000000000000e+00,-0.000000000000000000e+00,-3.711362835863094567e-01,0.000000000000000000e+00,-0.000000000000000000e+00,-3.586650119112910068e-02,0.000000000000000000e+00,-0.000000000000000000e+00,2.118894156220169300e+00,0.000000000000000000e+00,0.000000000000000000e+00,0.000000000000000000e+00,-0.000000000000000000e+00,-0.000000000000000000e+00,-2.473071985959720831e-01,-2.674203152866336253e-01,-2.015472098537173309e-02,0.000000000000000000e+00,-0.000000000000000000e+00,0.000000000000000000e+00,-0.000000000000000000e+00,0.000000000000000000e+00,-0.000000000000000000e+00,-0.000000000000000000e+00,-0.000000000000000000e+00,0.000000000000000000e+00,-1.205357697185000382e-01,-0.000000000000000000e+00,-0.000000000000000000e+00,0.000000000000000000e+00,0.000000000000000000e+00
0.000000000000000000e+00,8.385403924468531889e-02,-0.000000000000000000e+00,-1.988189050463007590e-01,-0.000000000000000000e+00,0.000000000000000000e+00,0.000000000000000000e+00,0.000000000000000000e+00,-0.000000000000000000e+00,-0.000000000000000000e+00,2.599321788804430655e-01,-2.055324355362199151e-01,0.000000000000000000e+00,0.000000000000000000e+00,-2.319963124560102674e-01,-0.000000000000000000e+00,0.000000000000000000e+00,2.773877892793966460e+00,-9.893658266390966682e-01,-0.000000000000000000e+00,0.000000000000000000e+00,0.000000000000000000e+00,-0.000000000000000000e+00,-0.000000000000000000e+00,8.550845351819928719e-02,-1.087697118091611598e-01,0.000000000000000000e+00,-1.070760270724103735e-01,-0.000000000000000000e+00,-0.000000000000000000e+00,0.000000000000000000e+00,0.000000000000000000e+00,0.000000000000000000e+00,-0.000000000000000000e+00,4.551790547792373270e-02,0.000000000000000000e+00,4.141926914495839829e-01,-2.100411505382368260e-01,-0.000000000000000000e+00
-0.000000000000000000e+00,0.000000000000000000e+00,-0.000000000000000000e+00,-0.000000000000000000e+00,-0.000000000000000000e+00,2.950100779358830194e-02,0.000000000000000000e+00,0.000000000000000000e+00,-0.000000000000000000e+00,-0.000000000000000000e+00,2.327400856119792860e-01,-3.490919728144713519e-01,2.303493639272779342e-04,0.000000000000000000e+00,-4.098413863166054383e-01,-0.000000000000000000e+00,0.000000000000000000e+00,-9.893658266390966682e-01,2.559663897281136080e+00,-0.000000000000000000e+00,0.000000000000000000e+00,0.000000000000000000e+00,-0.000000000000000000e+00,-0.000000000000000000e+00,1.412508678099093189e-03,-2.199666899085616634e-01,-0.000000000000000000e+00,-4.439396791756306665e-02,-0.000000000000000000e+00,-0.000000000000000000e+00,0.000000000000000000e+00,0.000000000000000000e+00,0.000000000000000000e+00,-0.000000000000000000e+00,1.091393221378801903e-01,0.000000000000000000e+00,0.000000000000000000e+00,-4.434224728200748811e-02,-3.220868598653561787e-02
0.000000000000000000e+00,0.000000000000000000e+00,0.000000000000000000e+00,-0.000000000000000000e+00,0.000000000000000000e+00,0.000000000000000000e+00,-0.000000000000000000e+00,-0.000000000000000000e+00,0.000000000000000000e+00,-0.000000000000000000e+00,0.000000000000000000e+00,-8.642703591458332502e-02,0.000000000000000000e+00,0.000000000000000000e+00,-0.000000000000000000e+00,-3.265228636437227938e-01,0.000000000000000000e+00,-0.000000000000000000e+00,-0.000000000000000000e+00,1.889492475550846873e+00,-1.757476090369862465e-01,-8.770413694368291990e-01,-0.000000000000000000e+00,0.000000000000000000e+00,7.849523063378932575e-02,0.000000000000000000e+00,0.000000000000000000e+00,-0.000000000000000000e+00,0.000000000000000000e+00,0.000000000000000000e+00,0.000000000000000000e+00,0.000000000000000000e+00,0.000000000000000000e+00,0.000000000000000000e+00,0.000000000000000000e+00,-2.305471189998014592e-01,0.000000000000000000e+00,-0.000000000000000000e+00,-0.000000000000000000e+00
-0.000000000000000000e+00,-0.000000000000000000e+00,-7.542834356072017354e-02,0.000000000000000000e+00,-0.000000000000000000e+00,0.000000000000000000e+00,-0.000000000000000000e+00,0.000000000000000000e+00,-0.000000000000000000e+00,-0.000000000000000000e+00,-0.000000000000000000e+00,0.000000000000000000e+00,0.000000000000000000e+00,-0.000000000000000000e+00,-0.000000000000000000e+00,-5.449751041555734865e-01,-0.000000000000000000e+00,0.000000000000000000e+00,0.000000000000000000e+00,-1.757476090369862465e-01,1.783640976778176679e+00,-5.807865560671753302e-01,-0.000000000000000000e+00,-0.000000000000000000e+00,0.000000000000000000e+00,-0.000000000000000000e+00,-1.214788722042711294e-01,-6.429872846216368176e-02,0.000000000000000000e+00,-0.000000000000000000e+00,-0.000000000000000000e+00,-0.000000000000000000e+00,-0.000000000000000000e+00,-0.000000000000000000e+00,0.000000000000000000e+00,-2.628531158092791906e-02,0.000000000000000000e+00,-0.000000000000000000e+00,-0.000000000000000000e+00
-0.000000000000000000e+00,-0.000000000000000000e+00,-0.000000000000000000e+00,-0.000000000000000000e+00,-0.000000000000000000e+00,-0.000000000000000000e+00,-0.000000000000000000e+00,0.000000000000000000e+00,-0.000000000000000000e+00,-0.000000000000000000e+00,-0.000000000000000000e+00,-0.000000000000000000e+00,0.000000000000000000e+00,-0.000000000000000000e+00,-0.000000000000000000e+00,-1.482418793662856615e-01,-0.000000000000000000e+00,0.000000000000000000e+00,0.000000000000000000e+00,-8.770413694368291990e-01,-5.807865560671753302e-01,1.990396058032511961e+00,-0.000000000000000000e+00,0.000000000000000000e+00,0.000000000000000000e+00,-0.000000000000000000e+00,-0.000000000000000000e+00,-0.000000000000000000e+00,0.000000000000000000e+00,-0.000000000000000000e+00,-0.000000000000000000e+00,0.000000000000000000e+00,0.000000000000000000e+00,-0.000000000000000000e+00,0.000000000000000000e+00,-1.115725531981705404e-01,0.000000000000000000e+00,-0.000000000000000000e+00,-1.650932026290738777e-02
-0.000000000000000000e+00,-0.000000000000000000e+00,-0.000000000000000000e+00,0.000000000000000000e+00,-0.000000000000000000e+00,-4.760888872242207692e-01,0.000000000000000000e+00,0.000000000000000000e+00,-0.000000000000000000e+00,-0.000000000000000000e+00,0.000000000000000000e+00,-0.000000000000000000e+00,-0.000000000000000000e+00,-0.000000000000000000e+00,-0.000000000000000000e+00,-0.000000000000000000e+00,-2.473071985959720831e-01,-0.000000000000000000e+00,-0.000000000000000000e+00,-0.000000000000000000e+00,-0.000000000000000000e+00,-0.000000000000000000e+00,2.115137431868131301e+00,-6.799895892051649460e-01,-1.733104649803585418e-01,-0.000000000000000000e+00,-0.000000000000000000e+00,-0.000000000000000000e+00,-2.676197219613036804e-01,-0.000000000000000000e+00,-0.000000000000000000e+00,-0.000000000000000000e+00,-0.000000000000000000e+00,-0.000000000000000000e+00,-1.815711230645773999e-01,3.410543824096378546e-02,-0.000000000000000000e+00,-0.000000000000000000e+00,-0.000000000000000000e+00
-0.000000000000000000e+00,-0.000000000000000000e+00,-0.000000000000000000e+00,0.000000000000000000e+00,-0.000000000000000000e+00,-0.000000000000000000e+00,0.000000000000000000e+00,0.000000000000000000e+00,-0.000000000000000000e+00,-0.000000000000000000e+00,0.000000000000000000e+00,0.000000000000000000e+00,-0.000000000000000000e+00,-1.062199709581136964e-01,-0.000000000000000000e+00,-0.000000000000000000e+00,-2.674203152866336253e-01,-0.000000000000000000e+00,-0.000000000000000000e+00,0.000000000000000000e+00,-0.000000000000000000e+00,0.000000000000000000e+00,-6.799895892051649460e-01,2.029005727075799292e+00,-1.021303265148263001e-01,-0.000000000000000000e+00,-0.000000000000000000e+00,-0.000000000000000000e+00,-6.268556554268235326e-01,-0.000000000000000000e+00,-0.000000000000000000e+00,-0.000000000000000000e+00,-1.328209478100656482e-01,-0.000000000000000000e+00,-0.000000000000000000e+00,5.038658844495784613e-03,0.000000000000000000e+00,-0.000000000000000000e+00,-0.000000000000000000e+00
-5.218147033006936136e-02,-1.282668921748546798e-01,-7.316947073497394316e-02,0.000000000000000000e+00,-0.000000000000000000e+00,-0.000000000000000000e+00,-0.000000000000000000e+00,7.116370090247525759e-02,-0.000000000000000000e+00,-0.000000000000000000e+00,-0.000000000000000000e+00,9.476829498894596970e-02,-0.000000000000000000e+00,-3.968052176004687737e-01,0.000000000000000000e+00,-0.000000000000000000e+00,-2.015472098537173309e-02,8.550845351819928719e-02,1.412508678099093189e-03,7.849523063378932575e-02,0.000000000000000000e+00,0.000000000000000000e+00,-1.733104649803585418e-01,-1.021303265148263001e-01,1.828714834096823338e+00,0.000000000000000000e+00,-0.000000000000000000e+00,-0.000000000000000000e+00,-0.000000000000000000e+00,-1.718517881954650106e-01,-6.976418605087127134e-02,-0.000000000000000000e+00,-2.836295065996041753e-01,-0.000000000000000000e+00,-2.920987530928786935e-01,0.000000000000000000e+00,-0.000000000000000000e+00,-0.000000000000000000e+00,-0.000000000000000000e+00
-1.697957060377489058e-01,-0.000000000000000000e+00,-0.000000000000000000e+00,-0.000000000000000000e+00,-8.692800718232995827e-02,0.000000000000000000e+00,1.106815366563714820e-01,0.000000000000000000e+00,-0.000000000000000000e+00,-3.649781099226768188e-01,0.000000000000000000e+00,-0.000000000000000000e+00,2.085374183310733653e-01,-0.000000000000000000e+00,-0.000000000000000000e+00,-0.000000000000000000e+00,0.000000000000000000e+00,-1.087697118091611598e-01,-2.199666899085616634e-01,0.000000000000000000e+00,-0.000000000000000000e+00,-0.000000000000000000e+00,-0.000000000000000000e+00,-0.000000000000000000e+00,0.000000000000000000e+00,2.826320521284120257e+00,-5.831031407993554627e-02,-7.792742959511470557e-01,-2.069077490405205610e-01,-1.243504749571947288e-01,-0.000000000000000000e+00,0.000000000000000000e+00,0.000000000000000000e+00,-2.153682720913839832e-01,0.000000000000000000e+00,0.000000000000000000e+00,0.000000000000000000e+00,-5.733036436424946425e-01,-1.008880538898683649e-01
-7.665501307038713463e-02,-8.063848696180689335e-02,-0.000000000000000000e+00,1.009711552114297139e-01,-0.000000000000000000e+00,-0.000000000000000000e+00,-0.000000000000000000e+00,0.000000000000000000e+00,-0.000000000000000000e+00,-5.534320618287330573e-02,-0.000000000000000000e+00,0.000000000000000000e+00,7.250504069725394142e-05,-4.813868906236537515e-02,0.000000000000000000e+00,-1.406524508878750079e-01,-0.000000000000000000e+00,0.000000000000000000e+00,-0.000000000000000000e+00,0.000000000000000000e+00,-1.214788722042711294e-01,-0.000000000000000000e+00,-0.000000000000000000e+00,-0.000000000000000000e+00,-0.000000000000000000e+00,-5.831031407993554627e-02,1.681269040897742650e+00,-0.000000000000000000e+00,-0.000000000000000000e+00,-0.000000000000000000e+00,-5.009143795704451563e-01,-3.997563285647257603e-01,-0.000000000000000000e+00,-0.000000000000000000e+00,-0.000000000000000000e+00,-1.068329319329975602e-01,-0.000000000000000000e+00,-0.000000000000000000e+00,-1.600247240134507198e-01
-2.128003305056286321e-02,0.000000000000000000e+00,-0.000000000000000000e+00,-0.000000000000000000e+00,-2.367232207226177831e-01,0.000000000000000000e+00,0.000000000000000000e+00,1.398809570691864623e-01,-0.000000000000000000e+00,-2.170125214706668249e-01,4.356720007185484536e-03,-0.000000000000000000e+00,3.535243812171990907e-01,-0.000000000000000000e+00,-0.000000000000000000e+00,-1.876253076686518499e-03,0.000000000000000000e+00,-1.070760270724103735e-01,-4.439396791756306665e-02,-0.000000000000000000e+00,-6.429872846216368176e-02,-0.000000000000000000e+00,-0.000000000000000000e+00,-0.000000000000000000e+00,-0.000000000000000000e+00,-7.792742959511470557e-01,-0.000000000000000000e+00,2.525001119291300000e+00,-0.000000000000000000e+00,-1.256453723064901995e-01,-0.000000000000000000e+00,0.000000000000000000e+00,-0.000000000000000000e+00,-5.294413489096434083e-02,0.000000000000000000e+00,0.000000000000000000e+00,1.531908721943688045e-01,-4.023953780744674025e-01,-0.000000000000000000e+00
-1.292205268287642539e-01,-0.000000000000000000e+00,-0.000000000000000000e+00,0.000000000000000000e+00,-0.000000000000000000e+00,-0.000000000000000000e+00,6.094131874187085594e-03,0.000000000000000000e+00,-0.000000000000000000e+00,-0.000000000000000000e+00,0.000000000000000000e+00,-0.000000000000000000e+00,-0.000000000000000000e+00,-1.513849124796946832e-01,-0.000000000000000000e+00,-0.000000000000000000e+00,-0.000000000000000000e+00,-0.000000000000000000e+00,-0.000000000000000000e+00,0.000000000000000000e+00,0.000000000000000000e+00,0.000000000000000000e+00,-2.676197219613036804e-01,-6.268556554268235326e-01,-0.000000000000000000e+00,-2.069077490405205610e-01,-0.000000000000000000e+00,-0.000000000000000000e+00,1.686859334560240731e+00,-0.000000000000000000e+00,-0.000000000000000000e+00,-0.000000000000000000e+00,-8.284636385199373176e-02,-0.000000000000000000e+00,-9.861996245515949888e-02,2.153427636033526105e-01,-0.000000000000000000e+00,-0.000000000000000000e+00,-0.000000000000000000e+00
-6.445272633544275598e-01,-0.000000000000000000e+00,-2.132746383462984785e-01,0.000000000000000000e+00,-2.424689907352172435e-01,0.000000000000000000e+00,0.000000000000000000e+00,1.104032397939983950e-01,-6.278399249403930904e-01,-3.846169637272161546e-01,0.000000000000000000e+00,-0.000000000000000000e+00,0.000000000000000000e+00,-0.000000000000000000e+00,-0.000000000000000000e+00,-1.597164763879579674e-01,0.000000000000000000e+00,-0.000000000000000000e+00,-0.000000000000000000e+00,0.000000000000000000e+00,-0.000000000000000000e+00,-0.000000000000000000e+00,-0.000000000000000000e+00,-0.000000000000000000e+00,-1.718517881954650106e-01,-1.243504749571947288e-01,-0.000000000000000000e+00,-1.256453723064901995e-01,-0.000000000000000000e+00,2.696766645669724571e+00,-1.083032284139024554e-01,-0.000000000000000000e+00,-0.000000000000000000e+00,-3.482955015106543005e-03,0.000000000000000000e+00,0.000000000000000000e+00,0.000000000000000000e+00,-0.000000000000000000e+00,-2.553447357910441917e-02
-3.815058042398641186e-02,-0.000000000000000000e+00,-0.000000000000000000e+00,6.909758128838137947e-02,-3.943323773818401268e-01,-0.000000000000000000e+00,-0.000000000000000000e+00,0.000000000000000000e+00,-3.251463690708432299e-03,-2.408013478521662046e-02,-1.194526187709469417e-02,9.422823136968067059e-02,2.210677711004915835e-01,-2.706400075681617556e-01,0.000000000000000000e+00,-9.170897703193758854e-02,-0.000000000000000000e+00,0.000000000000000000e+00,0.000000000000000000e+00,0.000000000000000000e+00,-0.000000000000000000e+00,-0.000000000000000000e+00,-0.000000000000000000e+00,-0.000000000000000000e+00,-6.976418605087127134e-02,-0.000000000000000000e+00,-5.009143795704451563e-01,-0.000000000000000000e+00,-0.000000000000000000e+00,-1.083032284139024554e-01,1.787370273815179988e+00,-4.807616589872076851e-02,-0.000000000000000000e+00,-0.000000000000000000e+00,-0.000000000000000000e+00,-0.000000000000000000e+00,-3.607025197481552453e-02,0.000000000000000000e+00,-0.000000000000000000e+00
-0.000000000000000000e+00,-4.245861920028464187e-01,0.000000000000000000e+00,4.473486964709356972e-02,-0.000000000000000000e+00,-0.000000000000000000e+00,-1.777060161700994012e-02,-0.000000000000000000e+00,-0.000000000000000000e+00,0.000000000000000000e+00,-3.645638433941292278e-01,0.000000000000000000e+00,-0.000000000000000000e+00,-3.530645270318631956e-01,4.510275464296396863e-02,-0.000000000000000000e+00,-0.000000000000000000e+00,0.000000000000000000e+00,0.000000000000000000e+00,0.000000000000000000e+00,-0.000000000000000000e+00,0.000000000000000000e+00,-0.000000000000000000e+00,-0.000000000000000000e+00,-0.000000000000000000e+00,0.000000000000000000e+00,-3.997563285647257603e-01,0.000000000000000000e+00,-0.000000000000000000e+00,-0.000000000000000000e+00,-4.807616589872076851e-02,2.322075321140427473e+00,-0.000000000000000000e+00,0.000000000000000000e+00,-1.023200480127377243e-01,-0.000000000000000000e+00,-7.233384691986461945e-01,0.000000000000000000e+00,-0.000000000000000000e+00
-0.000000000000000000e+00,-4.974301523355154769e-02,-0.000000000000000000e+00,4.007661865077927765e-01,-0.000000000000000000e+00,-0.000000000000000000e+00,0.000000000000000000e+00,1.584886885423523184e-01,-0.000000000000000000e+00,0.000000000000000000e+00,-0.000000000000000000e+00,0.000000000000000000e+00,-0.000000000000000000e+00,-2.874880002744543139e-01,0.000000000000000000e+00,0.000000000000000000e+00,-0.000000000000000000e+00,0.000000000000000000e+00,0.000000000000000000e+00,0.000000000000000000e+00,-0.000000000000000000e+00,0.000000000000000000e+00,-0.000000000000000000e+00,-1.328209478100656482e-01,-2.836295065996041753e-01,0.000000000000000000e+00,-0.000000000000000000e+00,-0.000000000000000000e+00,-8.284636385199373176e-02,-0.000000000000000000e+00,-0.000000000000000000e+00,-0.000000000000000000e+00,1.658097405038215566e+00,-0.000000000000000000e+00,-1.330684455696869717e-01,0.000000000000000000e+00,-7.950530121568015474e-02,0.000000000000000000e+00,-0.000000000000000000e+00
-2.561129517894973964e-03,-0.000000000000000000e+00,-1.122754128723752777e-02,-0.000000000000000000e+00,-8.539073422473962560e-02,0.000000000000000000e+00,0.000000000000000000e+00,7.281821551872857956e-02,-8.101337635202341403e-01,-0.000000000000000000e+00,7.822474582847886715e-02,-1.626615770770115932e-01,1.410916232255681191e-01,-0.000000000000000000e+00,-5.134021028291376743e-01,-0.000000000000000000e+00,0.000000000000000000e+00,-0.000000000000000000e+00,-0.000000000000000000e+00,0.000000000000000000e+00,-0.000000000000000000e+00,-0.000000000000000000e+00,-0.000000000000000000e+00,-0.000000000000000000e+00,-0.000000000000000000e+00,-2.153682720913839832e-01,-0.000000000000000000e+00,-5.294413489096434083e-02,-0.000000000000000000e+00,-3.482955015106543005e-03,-0.000000000000000000e+00,0.000000000000000000e+00,-0.000000000000000000e+00,2.422786121278694971e+00,0.000000000000000000e+00,1.282775418404021039e-02,0.000000000000000000e+00,-2.304179923740619917e-01,-1.163499920250897213e-01
-0.000000000000000000e+00,-0.000000000000000000e+00,0.000000000000000000e+00,0.000000000000000000e+00,0.000000000000000000e+00,-9.421631156585320577e-01,-0.000000000000000000e+00,-0.000000000000000000e+00,0.000000000000000000e+00,0.000000000000000000e+00,-0.000000000000000000e+00,0.000000000000000000e+00,-2.914199808277969095e-01,-4.593711870257461555e-02,0.000000000000000000e+00,0.000000000000000000e+00,-1.205357697185000382e-01,4.551790547792373270e-02,1.091393221378801903e-01,0.000000000000000000e+00,0.000000000000000000e+00,0.000000000000000000e+00,-1.815711230645773999e-01,-0.000000000000000000e+00,-2.920987530928786935e-01,0.000000000000000000e+00,-0.000000000000000000e+00,0.000000000000000000e+00,-9.861996245515949888e-02,0.000000000000000000e+00,-0.000000000000000000e+00,-1.023200480127377243e-01,-1.330684455696869717e-01,0.000000000000000000e+00,2.603435197209485352e+00,0.000000000000000000e+00,-5.309914458034721285e-01,2.545476489699704907e-03,0.000000000000000000e+00
0.000000000000000000e+00,-2.168725858015608729e-02,0.000000000000000000e+00,0.000000000000000000e+00,0.000000000000000000e+00,0.000000000000000000e+00,-7.495906732501707304e-02,-1.208352407535881190e-01,0.000000000000000000e+00,-0.000000000000000000e+00,-1.294090449284415190e-01,0.000000000000000000e+00,-0.000000000000000000e+00,-0.000000000000000000e+00,0.000000000000000000e+00,-2.563270443313538927e-01,-0.000000000000000000e+00,0.000000000000000000e+00,0.000000000000000000e+00,-2.305471189998014592e-01,-2.628531158092791906e-02,-1.115725531981705404e-01,3.410543824096378546e-02,5.038658844495784613e-03,0.000000000000000000e+00,0.000000000000000000e+00,-1.068329319329975602e-01,0.000000000000000000e+00,2.153427636033526105e-01,0.000000000000000000e+00,-0.000000000000000000e+00,-0.000000000000000000e+00,0.000000000000000000e+00,1.282775418404021039e-02,0.000000000000000000e+00,1.280620305278370674e+00,-0.000000000000000000e+00,0.000000000000000000e+00,-0.000000000000000000e+00
0.000000000000000000e+00,-2.181094286518889258e-01,0.000000000000000000e+00,0.000000000000000000e+00,-0.000000000000000000e+00,-0.000000000000000000e+00,-2.325276941277553966e-01,-0.000000000000000000e+00,-0.000000000000000000e+00,0.000000000000000000e+00,-1.506986422604660869e-01,0.000000000000000000e+00,-0.000000000000000000e+00,-0.000000000000000000e+00,2.710147830723387830e-01,0.000000000000000000e+00,-0.000000000000000000e+00,4.141926914495839829e-01,0.000000000000000000e+00,0.000000000000000000e+00,0.000000000000000000e+00,0.000000000000000000e+00,-0.000000000000000000e+00,0.000000000000000000e+00,-0.000000000000000000e+00,0.000000000000000000e+00,-0.000000000000000000e+00,1.531908721943688045e-01,-0.000000000000000000e+00,0.000000000000000000e+00,-3.607025197481552453e-02,-7.233384691986461945e-01,-7.950530121568015474e-02,0.000000000000000000e+00,-5.309914458034721285e-01,-0.000000000000000000e+00,2.592356733733989227e+00,6.916753562173007241e-02,-0.000000000000000000e+00
-0.000000000000000000e+00,0.000000000000000000e+00,-0.000000000000000000e+00,-0.000000000000000000e+00,-0.000000000000000000e+00,5.897748459235080398e-02,0.000000000000000000e+00,5.725239334607063607e-02,-0.000000000000000000e+00,-0.000000000000000000e+00,5.140509682780705081e-01,-0.000000000000000000e+00,7.473340703470041958e-03,0.000000000000000000e+00,-4.844798068503225474e-01,-0.000000000000000000e+00,0.000000000000000000e+00,-2.100411505382368260e-01,-4.434224728200748811e-02,-0.000000000000000000e+00,-0.000000000000000000e+00,-0.000000000000000000e+00,-0.000000000000000000e+00,-0.000000000000000000e+00,-0.000000000000000000e+00,-5.733036436424946425e-01,-0.000000000000000000e+00,-4.023953780744674025e-01,-0.000000000000000000e+00,-0.000000000000000000e+00,0.000000000000000000e+00,0.000000000000000000e+00,0.000000000000000000e+00,-2.304179923740619917e-01,2.545476489699704907e-03,0.000000000000000000e+00,6.916753562173007241e-02,2.888276618837167131e+00,-4.898558091441632123e-01
-0.000000000000000000e+00,-0.000000000000000000e+00,-0.000000000000000000e+00,-0.000000000000000000e+00,-0.000000000000000000e+00,0.000000000000000000e+00,0.000000000000000000e+00,0.000000000000000000e+00,-4.167955135057238025e-01,-0.000000000000000000e+00,0.000000000000000000e+00,-6.434035591745358718e-03,0.000000000000000000e+00,-0.000000000000000000e+00,-0.000000000000000000e+00,-0.000000000000000000e+00,0.000000000000000000e+00,-0.000000000000000000e+00,-3.220868598653561787e-02,-0.000000000000000000e+00,-0.000000000000000000e+00,-1.650932026290738777e-02,-0.000000000000000000e+00,-0.000000000000000000e+00,-0.000000000000000000e+00,-1.008880538898683649e-01,-1.600247240134507198e-01,-0.000000000000000000e+00,-0.000000000000000000e+00,-2.553447357910441917e-02,-0.000000000000000000e+00,-0.000000000000000000e+00,-0.000000000000000000e+00,-1.163499920250897213e-01,0.000000000000000000e+00,-0.000000000000000000e+00,-0.000000000000000000e+00,-4.898558091441632123e-01,1.643570695373379520e+00
