2.340217996708633841e+00,-8.610154982092179665e-01,-0.000000000000000000e+00,0.000000000000000000e+00,-3.948459988050952857e-02,0.000000000000000000e+00,0.000000000000000000e+00,0.000000000000000000e+00,-0.000000000000000000e+00,-2.514298355856374734e-01,0.000000000000000000e+00,-0.000000000000000000e+00,0.000000000000000000e+00,-1.381343812335226739e-01,-0.000000000000000000e+00,-3.729498505471670611e-01,-0.000000000000000000e+00,-0.000000000000000000e+00,-0.000000000000000000e+00,-0.000000000000000000e+00,-0.000000000000000000e+00,-0.000000000000000000e+00,-4.407427412762289498e-02,-0.000000000000000000e+00,-1.548886005964808243e-01,-1.335385995991388852e-01,-0.000000000000000000e+00,-0.000000000000000000e+00,-8.302125647352437410e-02,-2.258738251949221065e-01,-0.000000000000000000e+00,-0.000000000000000000e+00,-0.000000000000000000e+00,-0.000000000000000000e+00,-0.000000000000000000e+00,-0.000000000000000000e+00,-0.000000000000000000e+00,-0.000000000000000000e+00,-0.000000000000000000e+00
-8.610154982092179665e-01,2.184635816657410690e+00,-0.000000000000000000e+00,-0.000000000000000000e+00,-3.719343270709251498e-02,0.000000000000000000e+00,0.000000000000000000e+00,0.000000000000000000e+00,-1.814937530969396862e-01,-1.412586349056014212e-01,0.000000000000000000e+00,-0.000000000000000000e+00,0.000000000000000000e+00,-5.662108798795944219e-03,-0.000000000000000000e+00,-2.662736831895569645e-01,-0.000000000000000000e+00,-0.000000000000000000e+00,-0.000000000000000000e+00,-0.000000000000000000e+00,-0.000000000000000000e+00,-0.000000000000000000e+00,-7.145291931467506741e-02,-0.000000000000000000e+00,-5.244549366504736715e-02,-2.353844450942246813e-02,-0.000000000000000000e+00,-0.000000000000000000e+00,-0.000000000000000000e+00,-3.496172709236375353e-01,-0.000000000000000000e+00,-0.000000000000000000e+00,-0.000000000000000000e+00,-0.000000000000000000e+00,-0.000000000000000000e+00,-0.000000000000000000e+00,-0.000000000000000000e+00,-0.000000000000000000e+00,-0.000000000000000000e+00
-0.000000000000000000e+00,-0.000000000000000000e+00,2.493811533425005056e+00,0.000000000000000000e+00,-5.301107555297742691e-01,0.000000000000000000e+00,0.000000000000000000e+00,0.000000000000000000e+00,-0.000000000000000000e+00,-3.795841718429461831e-01,0.000000000000000000e+00,-1.444967911470292909e-01,-0.000000000000000000e+00,-1.065623404659682832e-01,-0.000000000000000000e+00,-2.050171331318874079e-01,-0.000000000000000000e+00,-0.000000000000000000e+00,-0.000000000000000000e+00,-7.308119236555572773e-02,-0.000000000000000000e+00,-9.053442346652550154e-02,-1.469904128064202509e-01,-0.000000000000000000e+00,-0.000000000000000000e+00,-4.984067050545358535e-02,-4.568603505648617669e-03,-9.273701853035291875e-02,-0.000000000000000000e+00,-3.789951636611649244e-02,-4.631882015016513393e-02,-0.000000000000000000e+00,-1.286912468750397720e-01,-1.051633869304657715e-01,-0.000000000000000000e+00,-1.796520435393157145e-01,-9.607368563908666448e-02,-2.126765826113771463e-01,-0.000000000000000000e+00
0.000000000000000000e+00,-0.000000000000000000e+00,0.000000000000000000e+00,1.686083929612302468e+00,0.000000000000000000e+00,-0.000000000000000000e+00,0.000000000000000000e+00,0.000000000000000000e+00,-0.000000000000000000e+00,0.000000000000000000e+00,0.000000000000000000e+00,0.000000000000000000e+00,3.044863581753169401e-01,0.000000000000000000e+00,-3.006924580675424466e-02,0.000000000000000000e+00,4.265335304732856964e-02,-1.249599061855379833e-01,-0.000000000000000000e+00,0.000000000000000000e+00,3.105167899199667847e-01,2.468178423006106570e-02,0.000000000000000000e+00,-0.000000000000000000e+00,-0.000000000000000000e+00,0.000000000000000000e+00,0.000000000000000000e+00,0.000000000000000000e+00,1.155237253528441643e-01,-0.000000000000000000e+00,1.592475200346121222e-01,0.000000000000000000e+00,0.000000000000000000e+00,-0.000000000000000000e+00,2.663151010100811011e-01,0.000000000000000000e+00,5.350779345913298651e-02,0.000000000000000000e+00,-0.000000000000000000e+00
-3.948459988050952857e-02,-3.719343270709251498e-02,-5.301107555297742691e-01,0.000000000000000000e+00,2.320621739612921619e+00,0.000000000000000000e+00,0.000000000000000000e+00,0.000000000000000000e+00,-1.787727927287537100e-01,-4.370208009578230302e-02,0.000000000000000000e+00,-1.251705015811626145e-02,-0.000000000000000000e+00,-5.668630834445786276e-02,-0.000000000000000000e+00,-5.591376848067673017e-02,-2.020869728634252238e-01,-0.000000000000000000e+00,-0.000000000000000000e+00,-0.000000000000000000e+00,-0.000000000000000000e+00,-0.000000000000000000e+00,-3.546786691542807013e-01,-0.000000000000000000e+00,-0.000000000000000000e+00,-2.373464780969503640e-01,-0.000000000000000000e+00,-1.095086063291403344e-01,-0.000000000000000000e+00,-1.806190182552695755e-02,-0.000000000000000000e+00,-2.882827080886667462e-02,-4.596971784846605458e-02,-0.000000000000000000e+00,-0.000000000000000000e+00,-2.228451659342790825e-01,-0.000000000000000000e+00,-1.551798748487036583e-01,-0.000000000000000000e+00
0.000000000000000000e+00,0.000000000000000000e+00,0.000000000000000000e+00,-0.000000000000000000e+00,0.000000000000000000e+00,1.596242030832423664e+00,0.000000000000000000e+00,0.000000000000000000e+00,0.000000000000000000e+00,0.000000000000000000e+00,0.000000000000000000e+00,0.000000000000000000e+00,3.703568496312558689e-01,0.000000000000000000e+00,-3.452027500704602653e-02,0.000000000000000000e+00,0.000000000000000000e+00,-0.000000000000000000e+00,-0.000000000000000000e+00,1.917471134344538031e-01,1.629303319461020139e-01,2.233785068136542595e-01,0.000000000000000000e+00,-3.071196944995822561e-02,-0.000000000000000000e+00,0.000000000000000000e+00,0.000000000000000000e+00,0.000000000000000000e+00,0.000000000000000000e+00,0.000000000000000000e+00,1.178085300014215658e-01,0.000000000000000000e+00,5.716098194015092893e-02,-0.000000000000000000e+00,0.000000000000000000e+00,0.000000000000000000e+00,0.000000000000000000e+00,9.497453319894563761e-02,0.000000000000000000e+00
0.000000000000000000e+00,0.000000000000000000e+00,0.000000000000000000e+00,0.000000000000000000e+00,0.000000000000000000e+00,0.000000000000000000e+00,1.453532125449761736e+00,-1.870354235152346944e-01,0.000000000000000000e+00,0.000000000000000000e+00,-0.000000000000000000e+00,5.367923322925379631e-02,-1.540831340197873767e-01,0.000000000000000000e+00,1.740840938360302959e-01,0.000000000000000000e+00,-0.000000000000000000e+00,0.000000000000000000e+00,0.000000000000000000e+00,-0.000000000000000000e+00,-0.000000000000000000e+00,-0.000000000000000000e+00,0.000000000000000000e+00,0.000000000000000000e+00,1.978434048857891647e-01,-0.000000000000000000e+00,-0.000000000000000000e+00,-0.000000000000000000e+00,-0.000000000000000000e+00,0.000000000000000000e+00,-0.000000000000000000e+00,-0.000000000000000000e+00,-0.000000000000000000e+00,0.000000000000000000e+00,-2.296052545866225994e-02,0.000000000000000000e+00,-0.000000000000000000e+00,0.000000000000000000e+00,4.297126417447870717e-01
0.000000000000000000e+00,0.000000000000000000e+00,0.000000000000000000e+00,0.000000000000000000e+00,0.000000000000000000e+00,0.000000000000000000e+00,-1.870354235152346944e-01,1.532051036382310771e+00,1.917950791416611622e-01,0.000000000000000000e+00,-0.000000000000000000e+00,0.000000000000000000e+00,-3.375599085524609855e-01,-0.000000000000000000e+00,0.000000000000000000e+00,0.000000000000000000e+00,-0.000000000000000000e+00,1.628695404730909901e-01,1.148343869230575021e-01,-0.000000000000000000e+00,-0.000000000000000000e+00,-0.000000000000000000e+00,0.000000000000000000e+00,9.371378412265297941e-02,1.047846349641151364e-01,-0.000000000000000000e+00,-0.000000000000000000e+00,-0.000000000000000000e+00,-0.000000000000000000e+00,0.000000000000000000e+00,-0.000000000000000000e+00,-0.000000000000000000e+00,-0.000000000000000000e+00,0.000000000000000000e+00,-2.833887631328643741e-01,0.000000000000000000e+00,-0.000000000000000000e+00,0.000000000000000000e+00,0.000000000000000000e+00
-0.000000000000000000e+00,-1.814937530969396862e-01,-0.000000000000000000e+00,-0.000000000000000000e+00,-1.787727927287537100e-01,0.000000000000000000e+00,0.000000000000000000e+00,1.917950791416611622e-01,2.310961881327566303e+00,-2.029866390756549302e-02,0.000000000000000000e+00,-0.000000000000000000e+00,0.000000000000000000e+00,-0.000000000000000000e+00,-0.000000000000000000e+00,-0.000000000000000000e+00,-0.000000000000000000e+00,-1.233874915552095330e-01,-1.260099532266850397e-01,-0.000000000000000000e+00,0.000000000000000000e+00,-0.000000000000000000e+00,-1.865503400285697944e-01,-5.498889235438556011e-02,-2.500534976121432384e-01,-0.000000000000000000e+00,-0.000000000000000000e+00,-0.000000000000000000e+00,-0.000000000000000000e+00,-4.473083902207736218e-01,-0.000000000000000000e+00,-0.000000000000000000e+00,-0.000000000000000000e+00,-3.829804531343677376e-01,0.000000000000000000e+00,-8.429203365476628518e-02,-0.000000000000000000e+00,-0.000000000000000000e+00,-3.271845475527662694e-01
-2.514298355856374734e-01,-1.412586349056014212e-01,-3.795841718429461831e-01,0.000000000000000000e+00,-4.370208009578230302e-02,0.000000000000000000e+00,0.000000000000000000e+00,0.000000000000000000e+00,-2.029866390756549302e-02,2.274774924773301787e+00,0.000000000000000000e+00,-8.489913491673774584e-03,-0.000000000000000000e+00,-4.150678042039362481e-05,-0.000000000000000000e+00,-2.781425451528555248e-01,-0.000000000000000000e+00,-0.000000000000000000e+00,-0.000000000000000000e+00,-0.000000000000000000e+00,-0.000000000000000000e+00,-0.000000000000000000e+00,-8.397021161055953642e-02,-0.000000000000000000e+00,-1.436244301192420025e-01,-1.128290814681412284e-02,-0.000000000000000000e+00,-0.000000000000000000e+00,-7.985261504177114389e-02,-3.677689520244538657e-01,-0.000000000000000000e+00,-0.000000000000000000e+00,-0.000000000000000000e+00,-7.765920262548121900e-02,-0.000000000000000000e+00,-9.648849473485059114e-02,-0.000000000000000000e+00,-2.825216487251510089e-01,-3.870137817199639091e-02
0.000000000000000000e+00,0.000000000000000000e+00,0.000000000000000000e+00,0.000000000000000000e+00,0.000000000000000000e+00,0.000000000000000000e+00,-0.000000000000000000e+00,-0.000000000000000000e+00,0.000000000000000000e+00,0.000000000000000000e+00,1.029763497261074745e+00,0.000000000000000000e+00,-3.230596873501283967e-02,0.000000000000000000e+00,0.000000000000000000e+00,0.000000000000000000e+00,-0.000000000000000000e+00,0.000000000000000000e+00,0.000000000000000000e+00,-0.000000000000000000e+00,-0.000000000000000000e+00,-0.000000000000000000e+00,0.000000000000000000e+00,0.000000000000000000e+00,1.270352162930406259e-01,0.000000000000000000e+00,-0.000000000000000000e+00,0.000000000000000000e+00,1.000156515037999988e-01,0.000000000000000000e+00,-0.000000000000000000e+00,-0.000000000000000000e+00,-0.000000000000000000e+00,0.000000000000000000e+00,-0.000000000000000000e+00,0.000000000000000000e+00,0.000000000000000000e+00,0.000000000000000000e+00,0.000000000000000000e+00
-0.000000000000000000e+00,-0.000000000000000000e+00,-1.444967911470292909e-01,0.000000000000000000e+00,-1.251705015811626145e-02,0.000000000000000000e+00,5.367923322925379631e-02,0.000000000000000000e+00,-0.000000000000000000e+00,-8.489913491673774584e-03,0.000000000000000000e+00,2.033615797444291662e+00,0.000000000000000000e+00,-1.315828346607938841e-02,-1.293566838039690026e-01,-0.000000000000000000e+00,-0.000000000000000000e+00,-0.000000000000000000e+00,-0.000000000000000000e+00,-0.000000000000000000e+00,-0.000000000000000000e+00,-0.000000000000000000e+00,-2.674241542137731353e-01,-0.000000000000000000e+00,-0.000000000000000000e+00,-0.000000000000000000e+00,-0.000000000000000000e+00,-0.000000000000000000e+00,-0.000000000000000000e+00,-0.000000000000000000e+00,-0.000000000000000000e+00,-0.000000000000000000e+00,-0.000000000000000000e+00,-5.193147559457970130e-01,-0.000000000000000000e+00,-3.140359052253259287e-01,-0.000000000000000000e+00,-2.499094384632187527e-01,-3.040169670811854741e-01
0.000000000000000000e+00,0.000000000000000000e+00,-0.000000000000000000e+00,3.044863581753169401e-01,-0.000000000000000000e+00,3.703568496312558689e-01,-1.540831340197873767e-01,-3.375599085524609855e-01,0.000000000000000000e+00,-0.000000000000000000e+00,-3.230596873501283967e-02,0.000000000000000000e+00,2.466327553910311998e+00,-0.000000000000000000e+00,3.685596262350382957e-01,-0.000000000000000000e+00,-1.531501465784573801e-01,2.341126117823138508e-01,5.096562841633506952e-02,-0.000000000000000000e+00,-4.507165629421019948e-01,-1.010499894407711624e-01,-0.000000000000000000e+00,0.000000000000000000e+00,0.000000000000000000e+00,-0.000000000000000000e+00,-0.000000000000000000e+00,-0.000000000000000000e+00,-0.000000000000000000e+00,0.000000000000000000e+00,-2.167067706519699901e-03,-8.191435955097003951e-02,-9.550210840837170673e-03,0.000000000000000000e+00,-3.886708776592830428e-01,-0.000000000000000000e+00,-0.000000000000000000e+00,-0.000000000000000000e+00,0.000000000000000000e+00
-1.381343812335226739e-01,-5.662108798795944219e-03,-1.065623404659682832e-01,0.000000000000000000e+00,-5.668630834445786276e-02,0.000000000000000000e+00,0.000000000000000000e+00,-0.000000000000000000e+00,-0.000000000000000000e+00,-4.150678042039362481e-05,0.000000000000000000e+00,-1.315828346607938841e-02,-0.000000000000000000e+00,2.135265534243373509e+00,-0.000000000000000000e+00,-2.708860008537956610e-01,-7.386343220728791570e-02,0.000000000000000000e+00,-0.000000000000000000e+00,-0.000000000000000000e+00,-0.000000000000000000e+00,-0.000000000000000000e+00,-2.693155567090234626e-01,-9.290112143392185995e-02,-0.000000000000000000e+00,-1.808946384094527737e-01,-1.977215294107581844e-01,-1.495012270173308733e-01,-2.080220072157673294e-01,-0.000000000000000000e+00,-0.000000000000000000e+00,-7.722137437035891949e-02,-1.694841004572706089e-01,-0.000000000000000000e+00,-0.000000000000000000e+00,-1.062841619016927433e-02,-1.721917703462947646e-01,-0.000000000000000000e+00,-0.000000000000000000e+00
-0.000000000000000000e+00,-0.000000000000000000e+00,-0.000000000000000000e+00,-3.006924580675424466e-02,-0.000000000000000000e+00,-3.452027500704602653e-02,1.740840938360302959e-01,0.000000000000000000e+00,-0.000000000000000000e+00,-0.000000000000000000e+00,0.000000000000000000e+00,-1.293566838039690026e-01,3.685596262350382957e-01,-0.000000000000000000e+00,1.575699764507960010e+00,-0.000000000000000000e+00,0.000000000000000000e+00,-1.611163571228361180e-01,-2.432728172082892493e-01,0.000000000000000000e+00,0.000000000000000000e+00,0.000000000000000000e+00,-0.000000000000000000e+00,-1.619759945933184342e-02,-6.819573198784078388e-03,0.000000000000000000e+00,0.000000000000000000e+00,0.000000000000000000e+00,0.000000000000000000e+00,-0.000000000000000000e+00,0.000000000000000000e+00,0.000000000000000000e+00,0.000000000000000000e+00,-2.553652596974157474e-01,9.047054833076791092e-02,-0.000000000000000000e+00,0.000000000000000000e+00,-0.000000000000000000e+00,-0.000000000000000000e+00
-3.729498505471670611e-01,-2.662736831895569645e-01,-2.050171331318874079e-01,0.000000000000000000e+00,-5.591376848067673017e-02,0.000000000000000000e+00,0.000000000000000000e+00,0.000000000000000000e+00,-0.000000000000000000e+00,-2.781425451528555248e-01,0.000000000000000000e+00,-0.000000000000000000e+00,-0.000000000000000000e+00,-2.708860008537956610e-01,-0.000000000000000000e+00,2.001469329761323301e+00,-0.000000000000000000e+00,-0.000000000000000000e+00,-0.000000000000000000e+00,-0.000000000000000000e+00,-0.000000000000000000e+00,-0.000000000000000000e+00,-9.275898435653327778e-02,-4.843112923772711909e-02,-0.000000000000000000e+00,-0.000000000000000000e+00,-0.000000000000000000e+00,-0.000000000000000000e+00,-0.000000000000000000e+00,-1.219459613252507346e-01,-0.000000000000000000e+00,-0.000000000000000000e+00,-0.000000000000000000e+00,-8.602954230227760624e-02,-0.000000000000000000e+00,-8.741909875151759879e-02,-0.000000000000000000e+00,-0.000000000000000000e+00,-0.000000000000000000e+00
-0.000000000000000000e+00,-0.000000000000000000e+00,-0.000000000000000000e+00,4.265335304732856964e-02,-2.020869728634252238e-01,0.000000000000000000e+00,-0.000000000000000000e+00,-0.000000000000000000e+00,-0.000000000000000000e+00,-0.000000000000000000e+00,-0.000000000000000000e+00,-0.000000000000000000e+00,-1.531501465784573801e-01,-7.386343220728791570e-02,0.000000000000000000e+00,-0.000000000000000000e+00,2.474859894833718599e+00,0.000000000000000000e+00,0.000000000000000000e+00,-0.000000000000000000e+00,-1.948286215335604254e-01,-2.005508255545514762e-01,-0.000000000000000000e+00,-0.000000000000000000e+00,-0.000000000000000000e+00,-2.291835821247246441e-01,-2.178581178598701096e-01,-1.690825498241322333e-01,-0.000000000000000000e+00,-0.000000000000000000e+00,-2.949930081904462709e-01,-4.588602113278579808e-01,-8.157765014992053587e-02,-0.000000000000000000e+00,-0.000000000000000000e+00,-0.000000000000000000e+00,-1.513254694864714089e-01,-1.173970760948005350e-02,-0.000000000000000000e+00
-0.000000000000000000e+00,-0.000000000000000000e+00,-0.000000000000000000e+00,-1.249599061855379833e-01,-0.000000000000000000e+00,-0.000000000000000000e+00,0.000000000000000000e+00,1.628695404730909901e-01,-1.233874915552095330e-01,-0.000000000000000000e+00,0.000000000000000000e+00,-0.000000000000000000e+00,2.341126117823138508e-01,0.000000000000000000e+00,-1.611163571228361180e-01,-0.000000000000000000e+00,0.000000000000000000e+00,1.874098069739378314e+00,-7.429799212112087048e-01,0.000000000000000000e+00,1.902634788609139024e-02,0.000000000000000000e+00,-0.000000000000000000e+00,-1.693587906996125714e-01,-0.000000000000000000e+00,0.000000000000000000e+00,0.000000000000000000e+00,0.000000000000000000e+00,0.000000000000000000e+00,-0.000000000000000000e+00,0.000000000000000000e+00,0.000000000000000000e+00,0.000000000000000000e+00,-1.146625824747875139e-01,7.709914888076102590e-02,-0.000000000000000000e+00,0.000000000000000000e+00,0.000000000000000000e+00,-0.000000000000000000e+00
-0.000000000000000000e+00,-0.000000000000000000e+00,-0.000000000000000000e+00,-0.000000000000000000e+00,-0.000000000000000000e+00,-0.000000000000000000e+00,0.000000000000000000e+00,1.148343869230575021e-01,-1.260099532266850397e-01,-0.000000000000000000e+00,0.000000000000000000e+00,-0.000000000000000000e+00,5.096562841633506952e-02,-0.000000000000000000e+00,-2.432728172082892493e-01,-0.000000000000000000e+00,0.000000000000000000e+00,-7.429799212112087048e-01,2.127673294771363022e+00,0.000000000000000000e+00,0.000000000000000000e+00,0.000000000000000000e+00,-0.000000000000000000e+00,-0.000000000000000000e+00,-0.000000000000000000e+00,0.000000000000000000e+00,0.000000000000000000e+00,0.000000000000000000e+00,0.000000000000000000e+00,-0.000000000000000000e+00,0.000000000000000000e+00,0.000000000000000000e+00,0.000000000000000000e+00,-3.961300584582636564e-01,0.000000000000000000e+00,-0.000000000000000000e+00,0.000000000000000000e+00,-0.000000000000000000e+00,-4.485033977504809255e-01
-0.000000000000000000e+00,-0.000000000000000000e+00,-7.308119236555572773e-02,0.000000000000000000e+00,-0.000000000000000000e+00,1.917471134344538031e-01,-0.000000000000000000e+00,-0.000000000000000000e+00,-0.000000000000000000e+00,-0.000000000000000000e+00,-0.000000000000000000e+00,-0.000000000000000000e+00,-0.000000000000000000e+00,-0.000000000000000000e+00,0.000000000000000000e+00,-0.000000000000000000e+00,-0.000000000000000000e+00,0.000000000000000000e+00,0.000000000000000000e+00,2.464936658682066906e+00,-2.064968608301289144e-01,-4.031747129271276986e-01,-0.000000000000000000e+00,-0.000000000000000000e+00,0.000000000000000000e+00,-1.421107490404797946e-01,-0.000000000000000000e+00,-4.107646603203635172e-01,-0.000000000000000000e+00,-0.000000000000000000e+00,-1.086215558177415358e-01,-1.511460341526565387e-01,-4.270037032503218311e-01,-0.000000000000000000e+00,-1.916587152426294516e-01,-1.050802722427228997e-01,-0.000000000000000000e+00,-0.000000000000000000e+00,-0.000000000000000000e+00
-0.000000000000000000e+00,-0.000000000000000000e+00,-0.000000000000000000e+00,3.105167899199667847e-01,-0.000000000000000000e+00,1.629303319461020139e-01,-0.000000000000000000e+00,-0.000000000000000000e+00,0.000000000000000000e+00,-0.000000000000000000e+00,-0.000000000000000000e+00,-0.000000000000000000e+00,-4.507165629421019948e-01,-0.000000000000000000e+00,0.000000000000000000e+00,-0.000000000000000000e+00,-1.948286215335604254e-01,1.902634788609139024e-02,0.000000000000000000e+00,-2.064968608301289144e-01,2.946423788392150911e+00,-3.659774123509410559e-01,-0.000000000000000000e+00,0.000000000000000000e+00,0.000000000000000000e+00,-6.832655669179960554e-03,-0.000000000000000000e+00,-2.559758432758885149e-01,-7.668925028854244562e-03,-0.000000000000000000e+00,-3.170140565088879758e-01,-9.019888510228936396e-02,-1.708015833478548073e-01,0.000000000000000000e+00,-4.685599723676245887e-01,-0.000000000000000000e+00,-1.137260142517260569e-01,-0.000000000000000000e+00,0.000000000000000000e+00
-0.000000000000000000e+00,-0.000000000000000000e+00,-9.053442346652550154e-02,2.468178423006106570e-02,-0.000000000000000000e+00,2.233785068136542595e-01,-0.000000000000000000e+00,-0.000000000000000000e+00,-0.000000000000000000e+00,-0.000000000000000000e+00,-0.000000000000000000e+00,-0.000000000000000000e+00,-1.010499894407711624e-01,-0.000000000000000000e+00,0.000000000000000000e+00,-0.000000000000000000e+00,-2.005508255545514762e-01,0.000000000000000000e+00,0.000000000000000000e+00,-4.031747129271276986e-01,-3.659774123509410559e-01,2.927071954130339382e+00,-0.000000000000000000e+00,-0.000000000000000000e+00,0.000000000000000000e+00,-1.776263224542744823e-01,-2.076130784797758366e-02,-3.294762794858490662e-01,-0.000000000000000000e+00,-0.000000000000000000e+00,-3.199409658188011596e-01,-2.938186367146423603e-02,-3.691130332939721037e-01,-0.000000000000000000e+00,-1.961213529735421623e-01,-0.000000000000000000e+00,-1.482771103101921117e-01,-3.358804661171153200e-02,-0.000000000000000000e+00
-4.407427412762289498e-02,-7.145291931467506741e-02,-1.469904128064202509e-01,0.000000000000000000e+00,-3.546786691542807013e-01,0.000000000000000000e+00,0.000000000000000000e+00,0.000000000000000000e+00,-1.865503400285697944e-01,-8.397021161055953642e-02,0.000000000000000000e+00,-2.674241542137731353e-01,-0.000000000000000000e+00,-2.693155567090234626e-01,-0.000000000000000000e+00,-9.275898435653327778e-02,-0.000000000000000000e+00,-0.000000000000000000e+00,-0.000000000000000000e+00,-0.000000000000000000e+00,-0.000000000000000000e+00,-0.000000000000000000e+00,2.285456816183548234e+00,-0.000000000000000000e+00,-5.692648786360993834e-02,-1.800477156804014822e-01,-0.000000000000000000e+00,-3.027501208983255851e-02,-0.000000000000000000e+00,-2.043612550996321275e-01,-0.000000000000000000e+00,-9.189987039997894736e-02,-0.000000000000000000e+00,-6.108629935107222526e-03,-0.000000000000000000e+00,-2.721496340028690258e-02,-0.000000000000000000e+00,-2.410173637550308834e-01,-0.000000000000000000e+00
-0.000000000000000000e+00,-0.000000000000000000e+00,-0.000000000000000000e+00,-0.000000000000000000e+00,-0.000000000000000000e+00,-3.071196944995822561e-02,0.000000000000000000e+00,9.371378412265297941e-02,-5.498889235438556011e-02,-0.000000000000000000e+00,0.000000000000000000e+00,-0.000000000000000000e+00,0.000000000000000000e+00,-9.290112143392185995e-02,-1.619759945933184342e-02,-4.843112923772711909e-02,-0.000000000000000000e+00,-1.693587906996125714e-01,-0.000000000000000000e+00,-0.000000000000000000e+00,0.000000000000000000e+00,-0.000000000000000000e+00,-0.000000000000000000e+00,1.244382504724869110e+00,-2.934416220743703008e-01,-0.000000000000000000e+00,-0.000000000000000000e+00,-0.000000000000000000e+00,-0.000000000000000000e+00,-0.000000000000000000e+00,-0.000000000000000000e+00,-0.000000000000000000e+00,-0.000000000000000000e+00,-5.040387180390311361e-02,0.000000000000000000e+00,-0.000000000000000000e+00,-0.000000000000000000e+00,-0.000000000000000000e+00,-0.000000000000000000e+00
-1.548886005964808243e-01,-5.244549366504736715e-02,-0.000000000000000000e+00,-0.000000000000000000e+00,-0.000000000000000000e+00,-0.000000000000000000e+00,1.978434048857891647e-01,1.047846349641151364e-01,-2.500534976121432384e-01,-1.436244301192420025e-01,1.270352162930406259e-01,-0.000000000000000000e+00,0.000000000000000000e+00,-0.000000000000000000e+00,-6.819573198784078388e-03,-0.000000000000000000e+00,-0.000000000000000000e+00,-0.000000000000000000e+00,-0.000000000000000000e+00,0.000000000000000000e+00,0.000000000000000000e+00,0.000000000000000000e+00,-5.692648786360993834e-02,-2.934416220743703008e-01,1.729535934388438667e+00,-0.000000000000000000e+00,-0.000000000000000000e+00,-0.000000000000000000e+00,-0.000000000000000000e+00,-8.239536678257833313e-02,-0.000000000000000000e+00,0.000000000000000000e+00,-0.000000000000000000e+00,-2.246237732407558307e-01,0.000000000000000000e+00,-0.000000000000000000e+00,-0.000000000000000000e+00,-0.000000000000000000e+00,-1.105314365441445179e-01
-1.335385995991388852e-01,-2.353844450942246813e-02,-4.984067050545358535e-02,0.000000000000000000e+00,-2.373464780969503640e-01,0.000000000000000000e+00,-0.000000000000000000e+00,-0.000000000000000000e+00,-0.000000000000000000e+00,-1.128290814681412284e-02,0.000000000000000000e+00,-0.000000000000000000e+00,-0.000000000000000000e+00,-1.808946384094527737e-01,0.000000000000000000e+00,-0.000000000000000000e+00,-2.291835821247246441e-01,0.000000000000000000e+00,0.000000000000000000e+00,-1.421107490404797946e-01,-6.832655669179960554e-03,-1.776263224542744823e-01,-1.800477156804014822e-01,-0.000000000000000000e+00,-0.000000000000000000e+00,2.776737523469997360e+00,-3.227015030639249216e-01,-3.623922311238609861e-01,-2.045851391420572540e-01,-0.000000000000000000e+00,-1.663122147798241079e-01,-6.006365604841608363e-02,-1.491175100339608428e-01,-0.000000000000000000e+00,-0.000000000000000000e+00,-1.595088286958620469e-02,-6.690086685339795280e-02,-2.467504776894742236e-01,-0.000000000000000000e+00
-0.000000000000000000e+00,-0.000000000000000000e+00,-4.568603505648617669e-03,0.000000000000000000e+00,-0.000000000000000000e+00,0.000000000000000000e+00,-0.000000000000000000e+00,-0.000000000000000000e+00,-0.000000000000000000e+00,-0.000000000000000000e+00,-0.000000000000000000e+00,-0.000000000000000000e+00,-0.000000000000000000e+00,-1.977215294107581844e-01,0.000000000000000000e+00,-0.000000000000000000e+00,-2.178581178598701096e-01,0.000000000000000000e+00,0.000000000000000000e+00,-0.000000000000000000e+00,-0.000000000000000000e+00,-2.076130784797758366e-02,-0.000000000000000000e+00,-0.000000000000000000e+00,-0.000000000000000000e+00,-3.227015030639249216e-01,2.074015344745441247e+00,-1.075145375501375539e-01,-0.000000000000000000e+00,-0.000000000000000000e+00,-3.199893423923902414e-01,-1.804206699318807450e-01,-2.520354576868915619e-01,-0.000000000000000000e+00,-0.000000000000000000e+00,-0.000000000000000000e+00,-3.936233827994414097e-02,-2.010886985793819970e-01,-0.000000000000000000e+00
-0.000000000000000000e+00,-0.000000000000000000e+00,-9.273701853035291875e-02,0.000000000000000000e+00,-1.095086063291403344e-01,0.000000000000000000e+00,-0.000000000000000000e+00,-0.000000000000000000e+00,-0.000000000000000000e+00,-0.000000000000000000e+00,0.000000000000000000e+00,-0.000000000000000000e+00,-0.000000000000000000e+00,-1.495012270173308733e-01,0.000000000000000000e+00,-0.000000000000000000e+00,-1.690825498241322333e-01,0.000000000000000000e+00,0.000000000000000000e+00,-4.107646603203635172e-01,-2.559758432758885149e-01,-3.294762794858490662e-01,-3.027501208983255851e-02,-0.000000000000000000e+00,-0.000000000000000000e+00,-3.623922311238609861e-01,-1.075145375501375539e-01,3.045129192206676105e+00,-1.503419958318792660e-01,-0.000000000000000000e+00,-2.594068523129076098e-01,-1.370575081061439771e-01,-3.607230515960681561e-01,-0.000000000000000000e+00,-3.487571814223948408e-02,-0.000000000000000000e+00,-1.698343656991328776e-01,-6.945519587143143825e-02,-0.000000000000000000e+00
-8.302125647352437410e-02,-0.000000000000000000e+00,-0.000000000000000000e+00,1.155237253528441643e-01,-0.000000000000000000e+00,0.000000000000000000e+00,-0.000000000000000000e+00,-0.000000000000000000e+00,-0.000000000000000000e+00,-7.985261504177114389e-02,1.000156515037999988e-01,-0.000000000000000000e+00,-0.000000000000000000e+00,-2.080220072157673294e-01,0.000000000000000000e+00,-0.000000000000000000e+00,-0.000000000000000000e+00,0.000000000000000000e+00,0.000000000000000000e+00,-0.000000000000000000e+00,-7.668925028854244562e-03,-0.000000000000000000e+00,-0.000000000000000000e+00,-0.000000000000000000e+00,-0.000000000000000000e+00,-2.045851391420572540e-01,-0.000000000000000000e+00,-1.503419958318792660e-01,1.739652472086681501e+00,-0.000000000000000000e+00,-1.094657603397966167e-01,-0.000000000000000000e+00,-0.000000000000000000e+00,-0.000000000000000000e+00,-6.355962221222562214e-02,-0.000000000000000000e+00,-4.352190250584531683e-01,-0.000000000000000000e+00,-0.000000000000000000e+00
-2.258738251949221065e-01,-3.496172709236375353e-01,-3.789951636611649244e-02,-0.000000000000000000e+00,-1.806190182552695755e-02,0.000000000000000000e+00,0.000000000000000000e+00,0.000000000000000000e+00,-4.473083902207736218e-01,-3.677689520244538657e-01,0.000000000000000000e+00,-0.000000000000000000e+00,0.000000000000000000e+00,-0.000000000000000000e+00,-0.000000000000000000e+00,-1.219459613252507346e-01,-0.000000000000000000e+00,-0.000000000000000000e+00,-0.000000000000000000e+00,-0.000000000000000000e+00,-0.000000000000000000e+00,-0.000000000000000000e+00,-2.043612550996321275e-01,-0.000000000000000000e+00,-8.239536678257833313e-02,-0.000000000000000000e+00,-0.000000000000000000e+00,-0.000000000000000000e+00,-0.000000000000000000e+00,2.412474378124818131e+00,-0.000000000000000000e+00,-0.000000000000000000e+00,-0.000000000000000000e+00,-1.565114047390423757e-01,0.000000000000000000e+00,-2.356790776579972269e-01,-0.000000000000000000e+00,-6.333947659688199394e-02,-1.882734651706423068e-01
-0.000000000000000000e+00,-0.000000000000000000e+00,-4.631882015016513393e-02,1.592475200346121222e-01,-0.000000000000000000e+00,1.178085300014215658e-01,-0.000000000000000000e+00,-0.000000000000000000e+00,-0.000000000000000000e+00,-0.000000000000000000e+00,-0.000000000000000000e+00,-0.000000000000000000e+00,-2.167067706519699901e-03,-0.000000000000000000e+00,0.000000000000000000e+00,-0.000000000000000000e+00,-2.949930081904462709e-01,0.000000000000000000e+00,0.000000000000000000e+00,-1.086215558177415358e-01,-3.170140565088879758e-01,-3.199409658188011596e-01,-0.000000000000000000e+00,-0.000000000000000000e+00,-0.000000000000000000e+00,-1.663122147798241079e-01,-3.199893423923902414e-01,-2.594068523129076098e-01,-1.094657603397966167e-01,-0.000000000000000000e+00,2.903038678885462076e+00,-1.993317114162424311e-02,-2.429822726100491492e-01,-0.000000000000000000e+00,-1.081483216075173476e-01,-0.000000000000000000e+00,-2.554878279052449352e-01,-2.304971565824463497e-01,-0.000000000000000000e+00
-0.000000000000000000e+00,-0.000000000000000000e+00,-0.000000000000000000e+00,0.000000000000000000e+00,-2.882827080886667462e-02,0.000000000000000000e+00,-0.000000000000000000e+00,-0.000000000000000000e+00,-0.000000000000000000e+00,-0.000000000000000000e+00,-0.000000000000000000e+00,-0.000000000000000000e+00,-8.191435955097003951e-02,-7.722137437035891949e-02,0.000000000000000000e+00,-0.000000000000000000e+00,-4.588602113278579808e-01,0.000000000000000000e+00,0.000000000000000000e+00,-1.511460341526565387e-01,-9.019888510228936396e-02,-2.938186367146423603e-02,-9.189987039997894736e-02,-0.000000000000000000e+00,0.000000000000000000e+00,-6.006365604841608363e-02,-1.804206699318807450e-01,-1.370575081061439771e-01,-0.000000000000000000e+00,-0.000000000000000000e+00,-1.993317114162424311e-02,1.992646545243550449e+00,-1.565890709779714229e-01,-0.000000000000000000e+00,-0.000000000000000000e+00,-0.000000000000000000e+00,-2.291576361044947163e-01,-0.000000000000000000e+00,0.000000000000000000e+00
-0.000000000000000000e+00,-0.000000000000000000e+00,-1.286912468750397720e-01,0.000000000000000000e+00,-4.596971784846605458e-02,5.716098194015092893e-02,-0.000000000000000000e+00,-0.000000000000000000e+00,-0.000000000000000000e+00,-0.000000000000000000e+00,-0.000000000000000000e+00,-0.000000000000000000e+00,-9.550210840837170673e-03,-1.694841004572706089e-01,0.000000000000000000e+00,-0.000000000000000000e+00,-8.157765014992053587e-02,0.000000000000000000e+00,0.000000000000000000e+00,-4.270037032503218311e-01,-1.708015833478548073e-01,-3.691130332939721037e-01,-0.000000000000000000e+00,-0.000000000000000000e+00,-0.000000000000000000e+00,-1.491175100339608428e-01,-2.520354576868915619e-01,-3.607230515960681561e-01,-0.000000000000000000e+00,-0.000000000000000000e+00,-2.429822726100491492e-01,-1.565890709779714229e-01,2.786828555314306399e+00,-0.000000000000000000e+00,-6.929053923773098589e-02,-0.000000000000000000e+00,-1.511360561406645264e-01,-0.000000000000000000e+00,-0.000000000000000000e+00
-0.000000000000000000e+00,-0.000000000000000000e+00,-1.051633869304657715e-01,-0.000000000000000000e+00,-0.000000000000000000e+00,-0.000000000000000000e+00,0.000000000000000000e+00,0.000000000000000000e+00,-3.829804531343677376e-01,-7.765920262548121900e-02,0.000000000000000000e+00,-5.193147559457970130e-01,0.000000000000000000e+00,-0.000000000000000000e+00,-2.553652596974157474e-01,-8.602954230227760624e-02,-0.000000000000000000e+00,-1.146625824747875139e-01,-3.961300584582636564e-01,-0.000000000000000000e+00,0.000000000000000000e+00,-0.000000000000000000e+00,-6.108629935107222526e-03,-5.040387180390311361e-02,-2.246237732407558307e-01,-0.000000000000000000e+00,-0.000000000000000000e+00,-0.000000000000000000e+00,-0.000000000000000000e+00,-1.565114047390423757e-01,-0.000000000000000000e+00,-0.000000000000000000e+00,-0.000000000000000000e+00,2.359143159516015054e+00,0.000000000000000000e+00,-1.101076122169217519e-01,-0.000000000000000000e+00,-0.000000000000000000e+00,-1.336445696419517881e-01
-0.000000000000000000e+00,-0.000000000000000000e+00,-0.000000000000000000e+00,2.663151010100811011e-01,-0.000000000000000000e+00,0.000000000000000000e+00,-2.296052545866225994e-02,-2.833887631328643741e-01,0.000000000000000000e+00,-0.000000000000000000e+00,-0.000000000000000000e+00,-0.000000000000000000e+00,-3.886708776592830428e-01,-0.000000000000000000e+00,9.047054833076791092e-02,-0.000000000000000000e+00,-0.000000000000000000e+00,7.709914888076102590e-02,0.000000000000000000e+00,-1.916587152426294516e-01,-4.685599723676245887e-01,-1.961213529735421623e-01,-0.000000000000000000e+00,0.000000000000000000e+00,0.000000000000000000e+00,-0.000000000000000000e+00,-0.000000000000000000e+00,-3.487571814223948408e-02,-6.355962221222562214e-02,0.000000000000000000e+00,-1.081483216075173476e-01,-0.000000000000000000e+00,-6.929053923773098589e-02,0.000000000000000000e+00,2.371842462874616864e+00,-0.000000000000000000e+00,-2.983101049802460158e-01,-0.000000000000000000e+00,0.000000000000000000e+00
-0.000000000000000000e+00,-0.000000000000000000e+00,-1.796520435393157145e-01,0.000000000000000000e+00,-2.228451659342790825e-01,0.000000000000000000e+00,0.000000000000000000e+00,0.000000000000000000e+00,-8.429203365476628518e-02,-9.648849473485059114e-02,0.000000000000000000e+00,-3.140359052253259287e-01,-0.000000000000000000e+00,-1.062841619016927433e-02,-0.000000000000000000e+00,-8.741909875151759879e-02,-0.000000000000000000e+00,-0.000000000000000000e+00,-0.000000000000000000e+00,-1.050802722427228997e-01,-0.000000000000000000e+00,-0.000000000000000000e+00,-2.721496340028690258e-02,-0.000000000000000000e+00,-0.000000000000000000e+00,-1.595088286958620469e-02,-0.000000000000000000e+00,-0.000000000000000000e+00,-0.000000000000000000e+00,-2.356790776579972269e-01,-0.000000000000000000e+00,-0.000000000000000000e+00,-0.000000000000000000e+00,-1.101076122169217519e-01,-0.000000000000000000e+00,1.830678652209783985e+00,-0.000000000000000000e+00,-1.696687644767096437e-01,-0.000000000000000000e+00
-0.000000000000000000e+00,-0.000000000000000000e+00,-9.607368563908666448e-02,5.350779345913298651e-02,-0.000000000000000000e+00,0.000000000000000000e+00,-0.000000000000000000e+00,-0.000000000000000000e+00,-0.000000000000000000e+00,-0.000000000000000000e+00,0.000000000000000000e+00,-0.000000000000000000e+00,-0.000000000000000000e+00,-1.721917703462947646e-01,0.000000000000000000e+00,-0.000000000000000000e+00,-1.513254694864714089e-01,0.000000000000000000e+00,0.000000000000000000e+00,-0.000000000000000000e+00,-1.137260142517260569e-01,-1.482771103101921117e-01,-0.000000000000000000e+00,-0.000000000000000000e+00,-0.000000000000000000e+00,-6.690086685339795280e-02,-3.936233827994414097e-02,-1.698343656991328776e-01,-4.352190250584531683e-01,-0.000000000000000000e+00,-2.554878279052449352e-01,-2.291576361044947163e-01,-1.511360561406645264e-01,-0.000000000000000000e+00,-2.983101049802460158e-01,-0.000000000000000000e+00,2.373953390824724341e+00,-0.000000000000000000e+00,0.000000000000000000e+00
-0.000000000000000000e+00,-0.000000000000000000e+00,-2.126765826113771463e-01,0.000000000000000000e+00,-1.551798748487036583e-01,9.497453319894563761e-02,0.000000000000000000e+00,0.000000000000000000e+00,-0.000000000000000000e+00,-2.825216487251510089e-01,0.000000000000000000e+00,-2.499094384632187527e-01,-0.000000000000000000e+00,-0.000000000000000000e+00,-0.000000000000000000e+00,-0.000000000000000000e+00,-1.173970760948005350e-02,0.000000000000000000e+00,-0.000000000000000000e+00,-0.000000000000000000e+00,-0.000000000000000000e+00,-3.358804661171153200e-02,-2.410173637550308834e-01,-0.000000000000000000e+00,-0.000000000000000000e+00,-2.467504776894742236e-01,-2.010886985793819970e-01,-6.945519587143143825e-02,-0.000000000000000000e+00,-6.333947659688199394e-02,-2.304971565824463497e-01,-0.000000000000000000e+00,-0.000000000000000000e+00,-0.000000000000000000e+00,-0.000000000000000000e+00,-1.696687644767096437e-01,-0.000000000000000000e+00,2.294347032023035471e+00,-1.501879758179648083e-01
-0.000000000000000000e+00,-0.000000000000000000e+00,-0.000000000000000000e+00,-0.000000000000000000e+00,-0.000000000000000000e+00,0.000000000000000000e+00,4.297126417447870717e-01,0.000000000000000000e+00,-3.271845475527662694e-01,-3.870137817199639091e-02,0.000000000000000000e+00,-3.040169670811854741e-01,0.000000000000000000e+00,-0.000000000000000000e+00,-0.000000000000000000e+00,-0.000000000000000000e+00,-0.000000000000000000e+00,-0.000000000000000000e+00,-4.485033977504809255e-01,-0.000000000000000000e+00,0.000000000000000000e+00,-0.000000000000000000e+00,-0.000000000000000000e+00,-0.000000000000000000e+00,-1.105314365441445179e-01,-0.000000000000000000e+00,-0.000000000000000000e+00,-0.000000000000000000e+00,-0.000000000000000000e+00,-1.882734651706423068e-01,-0.000000000000000000e+00,0.000000000000000000e+00,-0.000000000000000000e+00,-1.336445696419517881e-01,0.000000000000000000e+00,-0.000000000000000000e+00,0.000000000000000000e+00,-1.501879758179648083e-01,2.071844459882453915e+00
