1.964931598142313440e+00,-7.121212489593186090e-01,-0.000000000000000000e+00,-0.000000000000000000e+00,-2.281861559935674244e-01,0.000000000000000000e+00,-0.000000000000000000e+00,0.000000000000000000e+00,-0.000000000000000000e+00,-1.303352118263743920e-01,-0.000000000000000000e+00,-0.000000000000000000e+00,0.000000000000000000e+00,-0.000000000000000000e+00,0.000000000000000000e+00,-0.000000000000000000e+00,-1.965472313110990243e-01,-0.000000000000000000e+00,-0.000000000000000000e+00,0.000000000000000000e+00,-0.000000000000000000e+00,-0.000000000000000000e+00,-0.000000000000000000e+00,-0.000000000000000000e+00,-0.000000000000000000e+00,-1.864110773954004152e-01,-0.000000000000000000e+00,-0.000000000000000000e+00,-1.693438221444952541e-02,-7.872467724774991071e-02,-0.000000000000000000e+00,-3.641293303715517626e-01,-0.000000000000000000e+00,-0.000000000000000000e+00,-0.000000000000000000e+00,-1.244251544133915394e-01,-0.000000000000000000e+00,-0.000000000000000000e+00,-0.000000000000000000e+00
-7.121212489593186090e-01,1.599813702332307130e+00,0.000000000000000000e+00,-0.000000000000000000e+00,-5.676346266338871266e-02,0.000000000000000000e+00,-3.484018376126461064e-02,0.000000000000000000e+00,-0.000000000000000000e+00,-8.577754862525538426e-02,-0.000000000000000000e+00,-0.000000000000000000e+00,0.000000000000000000e+00,-0.000000000000000000e+00,0.000000000000000000e+00,-0.000000000000000000e+00,-0.000000000000000000e+00,-0.000000000000000000e+00,-0.000000000000000000e+00,0.000000000000000000e+00,-0.000000000000000000e+00,-0.000000000000000000e+00,-0.000000000000000000e+00,-0.000000000000000000e+00,-0.000000000000000000e+00,-0.000000000000000000e+00,-0.000000000000000000e+00,-0.000000000000000000e+00,-1.276129859020938839e-01,-0.000000000000000000e+00,-0.000000000000000000e+00,-6.227399829415231763e-02,-0.000000000000000000e+00,0.000000000000000000e+00,-0.000000000000000000e+00,-1.909102089891314136e-01,-2.224211938727556695e-02,0.000000000000000000e+00,0.000000000000000000e+00
-0.000000000000000000e+00,0.000000000000000000e+00,2.048037295328034357e+00,0.000000000000000000e+00,-6.591264003929649118e-02,-0.000000000000000000e+00,-0.000000000000000000e+00,1.132847635594271818e+00,-0.000000000000000000e+00,-3.466751374899977589e-02,-1.801080752763375981e-03,0.000000000000000000e+00,0.000000000000000000e+00,-0.000000000000000000e+00,0.000000000000000000e+00,-0.000000000000000000e+00,-0.000000000000000000e+00,0.000000000000000000e+00,-0.000000000000000000e+00,0.000000000000000000e+00,-6.846981137587300481e-02,-6.558674747821263695e-02,-0.000000000000000000e+00,-0.000000000000000000e+00,-0.000000000000000000e+00,-2.748151075342945560e-01,-0.000000000000000000e+00,-1.610934460873457152e-01,-0.000000000000000000e+00,-0.000000000000000000e+00,-0.000000000000000000e+00,-0.000000000000000000e+00,-0.000000000000000000e+00,-0.000000000000000000e+00,-8.127777456564103456e-03,-0.000000000000000000e+00,-0.000000000000000000e+00,-0.000000000000000000e+00,-0.000000000000000000e+00
-0.000000000000000000e+00,-0.000000000000000000e+00,0.000000000000000000e+00,2.231104337118078984e+00,-0.000000000000000000e+00,-0.000000000000000000e+00,-0.000000000000000000e+00,-3.762240022696190095e-02,-0.000000000000000000e+00,-0.000000000000000000e+00,-0.000000000000000000e+00,-2.865810939380861178e-01,-3.901260477856697828e-01,0.000000000000000000e+00,-0.000000000000000000e+00,-0.000000000000000000e+00,0.000000000000000000e+00,-4.135419273062760359e-01,-1.063795003596440525e-01,-5.238846861418704204e-02,-0.000000000000000000e+00,0.000000000000000000e+00,-6.492660928141424925e-02,-0.000000000000000000e+00,-0.000000000000000000e+00,0.000000000000000000e+00,1.194294905338953022e-02,1.569421888519256791e-01,-0.000000000000000000e+00,-4.503874675431189219e-04,2.440246129960255972e-01,-0.000000000000000000e+00,4.133870126762495545e-01,-0.000000000000000000e+00,0.000000000000000000e+00,-0.000000000000000000e+00,0.000000000000000000e+00,-0.000000000000000000e+00,0.000000000000000000e+00
-2.281861559935674244e-01,-5.676346266338871266e-02,-6.591264003929649118e-02,-0.000000000000000000e+00,1.445881220215962326e+00,0.000000000000000000e+00,-1.157928786128621795e-01,8.415629143170005877e-02,-3.041696187617460856e-01,-1.228252076870426507e-01,-0.000000000000000000e+00,-0.000000000000000000e+00,-0.000000000000000000e+00,-6.371576728609926188e-02,0.000000000000000000e+00,-0.000000000000000000e+00,-0.000000000000000000e+00,-0.000000000000000000e+00,-0.000000000000000000e+00,0.000000000000000000e+00,-1.431446935705521228e-01,-0.000000000000000000e+00,-0.000000000000000000e+00,-0.000000000000000000e+00,-0.000000000000000000e+00,-0.000000000000000000e+00,-0.000000000000000000e+00,-0.000000000000000000e+00,-0.000000000000000000e+00,-6.304358313822991389e-02,0.000000000000000000e+00,-7.055195656688209582e-02,0.000000000000000000e+00,-7.549210762404201525e-02,-0.000000000000000000e+00,-0.000000000000000000e+00,-0.000000000000000000e+00,-0.000000000000000000e+00,-0.000000000000000000e+00
0.000000000000000000e+00,0.000000000000000000e+00,-0.000000000000000000e+00,-0.000000000000000000e+00,0.000000000000000000e+00,1.930275626695912683e+00,0.000000000000000000e+00,-0.000000000000000000e+00,-0.000000000000000000e+00,-0.000000000000000000e+00,-0.000000000000000000e+00,-1.007945324161740042e-01,-0.000000000000000000e+00,0.000000000000000000e+00,-3.718645901202390913e-01,-1.522381858711863989e-01,-0.000000000000000000e+00,-6.375757778851884328e-02,-1.545785607156949792e-01,-3.037361170005592470e-01,-0.000000000000000000e+00,0.000000000000000000e+00,-7.650548326724790349e-02,-0.000000000000000000e+00,-2.880073680796462199e-01,-0.000000000000000000e+00,0.000000000000000000e+00,0.000000000000000000e+00,-2.641387197973513734e-01,-0.000000000000000000e+00,1.929689759651343969e-02,-0.000000000000000000e+00,0.000000000000000000e+00,-0.000000000000000000e+00,-1.787088424521676433e-01,0.000000000000000000e+00,0.000000000000000000e+00,-0.000000000000000000e+00,0.000000000000000000e+00
-0.000000000000000000e+00,-3.484018376126461064e-02,-0.000000000000000000e+00,-0.000000000000000000e+00,-1.157928786128621795e-01,0.000000000000000000e+00,1.029669823574522969e+00,0.000000000000000000e+00,-0.000000000000000000e+00,-0.000000000000000000e+00,-0.000000000000000000e+00,0.000000000000000000e+00,0.000000000000000000e+00,-2.761023364163849719e-02,0.000000000000000000e+00,0.000000000000000000e+00,-0.000000000000000000e+00,-0.000000000000000000e+00,-0.000000000000000000e+00,0.000000000000000000e+00,-0.000000000000000000e+00,-4.649533090223034737e-02,0.000000000000000000e+00,0.000000000000000000e+00,0.000000000000000000e+00,-0.000000000000000000e+00,-0.000000000000000000e+00,-0.000000000000000000e+00,-0.000000000000000000e+00,0.000000000000000000e+00,-0.000000000000000000e+00,-0.000000000000000000e+00,-0.000000000000000000e+00,0.000000000000000000e+00,0.000000000000000000e+00,-0.000000000000000000e+00,-0.000000000000000000e+00,-0.000000000000000000e+00,-4.889338096554064761e-02
0.000000000000000000e+00,0.000000000000000000e+00,1.132847635594271818e+00,-3.762240022696190095e-02,8.415629143170005877e-02,-0.000000000000000000e+00,0.000000000000000000e+00,2.278419170342448119e+00,0.000000000000000000e+00,0.000000000000000000e+00,0.000000000000000000e+00,-0.000000000000000000e+00,-0.000000000000000000e+00,1.301852374909830690e-01,-0.000000000000000000e+00,0.000000000000000000e+00,0.000000000000000000e+00,-0.000000000000000000e+00,-0.000000000000000000e+00,-0.000000000000000000e+00,0.000000000000000000e+00,1.302620530763712869e-01,-0.000000000000000000e+00,0.000000000000000000e+00,0.000000000000000000e+00,1.972476729644595805e-01,0.000000000000000000e+00,4.402786485308025077e-01,0.000000000000000000e+00,0.000000000000000000e+00,0.000000000000000000e+00,0.000000000000000000e+00,7.005364415837239678e-02,0.000000000000000000e+00,0.000000000000000000e+00,0.000000000000000000e+00,0.000000000000000000e+00,0.000000000000000000e+00,0.000000000000000000e+00
-0.000000000000000000e+00,-0.000000000000000000e+00,-0.000000000000000000e+00,-0.000000000000000000e+00,-3.041696187617460856e-01,-0.000000000000000000e+00,-0.000000000000000000e+00,0.000000000000000000e+00,2.284019675335112520e+00,-0.000000000000000000e+00,-7.285694734185337029e-02,-0.000000000000000000e+00,-9.715190713363477948e-02,-0.000000000000000000e+00,-0.000000000000000000e+00,-2.205944717456422011e-01,-0.000000000000000000e+00,-3.272666678293290610e-01,-9.834500284280603410e-02,-0.000000000000000000e+00,-2.134284727923398961e-01,-0.000000000000000000e+00,-1.956813390962856836e-01,-2.780636143190208867e-02,-3.543416387539928721e-03,-0.000000000000000000e+00,0.000000000000000000e+00,0.000000000000000000e+00,-0.000000000000000000e+00,-2.916431617621888517e-01,0.000000000000000000e+00,-0.000000000000000000e+00,0.000000000000000000e+00,-6.073934242248640869e-01,-0.000000000000000000e+00,-0.000000000000000000e+00,0.000000000000000000e+00,-7.276929881320695626e-02,-0.000000000000000000e+00
-1.303352118263743920e-01,-8.577754862525538426e-02,-3.466751374899977589e-02,-0.000000000000000000e+00,-1.228252076870426507e-01,-0.000000000000000000e+00,-0.000000000000000000e+00,0.000000000000000000e+00,-0.000000000000000000e+00,1.761091156974689209e+00,-2.921021703427636312e-02,-0.000000000000000000e+00,0.000000000000000000e+00,-2.694167342042363411e-01,0.000000000000000000e+00,-3.829781601075463171e-02,-0.000000000000000000e+00,-0.000000000000000000e+00,-0.000000000000000000e+00,-0.000000000000000000e+00,-6.516276119375262466e-02,-0.000000000000000000e+00,-0.000000000000000000e+00,-6.922012886920191066e-02,-3.064945210916212442e-02,-1.929023959122712351e-01,-0.000000000000000000e+00,-0.000000000000000000e+00,-2.833264400409097328e-01,-6.096900581515286160e-02,-0.000000000000000000e+00,-2.724522135231959297e-01,-0.000000000000000000e+00,-0.000000000000000000e+00,-1.430714195416818713e-01,-7.298865271339113892e-02,-5.662539344285265341e-02,-0.000000000000000000e+00,-0.000000000000000000e+00
-0.000000000000000000e+00,-0.000000000000000000e+00,-1.801080752763375981e-03,-0.000000000000000000e+00,-0.000000000000000000e+00,-0.000000000000000000e+00,-0.000000000000000000e+00,0.000000000000000000e+00,-7.285694734185337029e-02,-2.921021703427636312e-02,1.740860183648870185e+00,-0.000000000000000000e+00,-0.000000000000000000e+00,-0.000000000000000000e+00,-0.000000000000000000e+00,-1.066097265196843391e-01,-6.402081375747139536e-01,-0.000000000000000000e+00,-0.000000000000000000e+00,-0.000000000000000000e+00,-1.738224486869918151e-01,-0.000000000000000000e+00,-0.000000000000000000e+00,-1.549292923497330166e-01,-6.854985975622915340e-02,-2.963067517474338858e-02,-0.000000000000000000e+00,-0.000000000000000000e+00,-6.834233993344911162e-02,-3.112625075313878512e-02,0.000000000000000000e+00,-8.288060412696166002e-02,0.000000000000000000e+00,-4.082525708168083245e-02,-8.098579515897189052e-02,-4.731925228910967285e-02,-0.000000000000000000e+00,-1.591527549956392451e-01,-0.000000000000000000e+00
-0.000000000000000000e+00,-0.000000000000000000e+00,0.000000000000000000e+00,-2.865810939380861178e-01,-0.000000000000000000e+00,-1.007945324161740042e-01,0.000000000000000000e+00,-0.000000000000000000e+00,-0.000000000000000000e+00,-0.000000000000000000e+00,-0.000000000000000000e+00,1.748723379969612246e+00,-9.061479519590955045e-02,0.000000000000000000e+00,-2.675121974986524043e-01,-6.530977595775813715e-02,-0.000000000000000000e+00,-1.936312437907334316e-01,-0.000000000000000000e+00,-2.381682126096709984e-01,-0.000000000000000000e+00,0.000000000000000000e+00,-8.743929124728394564e-02,-0.000000000000000000e+00,-0.000000000000000000e+00,0.000000000000000000e+00,0.000000000000000000e+00,0.000000000000000000e+00,-5.883119506644168828e-02,-0.000000000000000000e+00,8.373726010285832688e-02,-0.000000000000000000e+00,7.270766387479501991e-02,-1.232827351269109861e-02,-0.000000000000000000e+00,0.000000000000000000e+00,0.000000000000000000e+00,-0.000000000000000000e+00,0.000000000000000000e+00
0.000000000000000000e+00,0.000000000000000000e+00,0.000000000000000000e+00,-3.901260477856697828e-01,-0.000000000000000000e+00,-0.000000000000000000e+00,0.000000000000000000e+00,-0.000000000000000000e+00,-9.715190713363477948e-02,0.000000000000000000e+00,-0.000000000000000000e+00,-9.061479519590955045e-02,2.602639762762268383e+00,0.000000000000000000e+00,-2.250364389074316351e-01,-0.000000000000000000e+00,0.000000000000000000e+00,-1.756937108837408890e-01,-0.000000000000000000e+00,-5.018582067326309015e-02,-0.000000000000000000e+00,0.000000000000000000e+00,-1.336773166925569467e-01,-0.000000000000000000e+00,-0.000000000000000000e+00,0.000000000000000000e+00,2.074676476792416124e-01,2.913840046113499449e-01,-0.000000000000000000e+00,-0.000000000000000000e+00,5.370811426925181653e-01,0.000000000000000000e+00,4.485978414064896169e-01,-0.000000000000000000e+00,0.000000000000000000e+00,0.000000000000000000e+00,8.094792297643407797e-02,-0.000000000000000000e+00,0.000000000000000000e+00
-0.000000000000000000e+00,-0.000000000000000000e+00,-0.000000000000000000e+00,0.000000000000000000e+00,-6.371576728609926188e-02,0.000000000000000000e+00,-2.761023364163849719e-02,1.301852374909830690e-01,-0.000000000000000000e+00,-2.694167342042363411e-01,-0.000000000000000000e+00,0.000000000000000000e+00,0.000000000000000000e+00,1.944232398994598210e+00,0.000000000000000000e+00,0.000000000000000000e+00,-0.000000000000000000e+00,0.000000000000000000e+00,-0.000000000000000000e+00,0.000000000000000000e+00,-1.385534097751803598e-02,-1.943338736591641303e-01,-0.000000000000000000e+00,-0.000000000000000000e+00,-0.000000000000000000e+00,-9.762930616878828793e-02,-2.909840880296154508e-01,-2.144536282591898435e-01,-0.000000000000000000e+00,0.000000000000000000e+00,-0.000000000000000000e+00,-0.000000000000000000e+00,-8.624956284714911658e-02,-0.000000000000000000e+00,-0.000000000000000000e+00,-8.512284474263859257e-02,-4.553442719868703858e-01,-0.000000000000000000e+00,-1.600063134722459202e-01
0.000000000000000000e+00,0.000000000000000000e+00,0.000000000000000000e+00,-0.000000000000000000e+00,0.000000000000000000e+00,-3.718645901202390913e-01,0.000000000000000000e+00,-0.000000000000000000e+00,-0.000000000000000000e+00,0.000000000000000000e+00,-0.000000000000000000e+00,-2.675121974986524043e-01,-2.250364389074316351e-01,0.000000000000000000e+00,1.919645386317303304e+00,-7.169932442094809066e-02,-0.000000000000000000e+00,-0.000000000000000000e+00,-0.000000000000000000e+00,-2.681130224142878604e-01,-0.000000000000000000e+00,0.000000000000000000e+00,-0.000000000000000000e+00,-0.000000000000000000e+00,-0.000000000000000000e+00,0.000000000000000000e+00,0.000000000000000000e+00,1.554140824598495563e-01,-0.000000000000000000e+00,-0.000000000000000000e+00,2.802277525387655288e-01,0.000000000000000000e+00,1.330305422551688599e-01,-7.018391474844007383e-02,-0.000000000000000000e+00,0.000000000000000000e+00,0.000000000000000000e+00,-0.000000000000000000e+00,0.000000000000000000e+00
-0.000000000000000000e+00,-0.000000000000000000e+00,-0.000000000000000000e+00,-0.000000000000000000e+00,-0.000000000000000000e+00,-1.522381858711863989e-01,0.000000000000000000e+00,0.000000000000000000e+00,-2.205944717456422011e-01,-3.829781601075463171e-02,-1.066097265196843391e-01,-6.530977595775813715e-02,-0.000000000000000000e+00,0.000000000000000000e+00,-7.169932442094809066e-02,2.521175030078433021e+00,-0.000000000000000000e+00,-2.444021065400494852e-01,-0.000000000000000000e+00,-0.000000000000000000e+00,-0.000000000000000000e+00,0.000000000000000000e+00,-2.829935263646084498e-01,-2.298961614456818958e-01,-4.131879076095533176e-01,-0.000000000000000000e+00,0.000000000000000000e+00,0.000000000000000000e+00,-4.640895031434653928e-02,-5.129484393375939311e-01,1.961918760058486144e-01,-0.000000000000000000e+00,0.000000000000000000e+00,-1.744614393028234567e-01,-0.000000000000000000e+00,-0.000000000000000000e+00,0.000000000000000000e+00,-0.000000000000000000e+00,0.000000000000000000e+00
-1.965472313110990243e-01,-0.000000000000000000e+00,-0.000000000000000000e+00,0.000000000000000000e+00,-0.000000000000000000e+00,-0.000000000000000000e+00,-0.000000000000000000e+00,0.000000000000000000e+00,-0.000000000000000000e+00,-0.000000000000000000e+00,-6.402081375747139536e-01,-0.000000000000000000e+00,0.000000000000000000e+00,-0.000000000000000000e+00,-0.000000000000000000e+00,-0.000000000000000000e+00,1.699917527026383546e+00,-0.000000000000000000e+00,-0.000000000000000000e+00,0.000000000000000000e+00,-0.000000000000000000e+00,-0.000000000000000000e+00,-0.000000000000000000e+00,-0.000000000000000000e+00,-0.000000000000000000e+00,-2.153097664593601468e-01,-0.000000000000000000e+00,-0.000000000000000000e+00,-0.000000000000000000e+00,-0.000000000000000000e+00,-0.000000000000000000e+00,-2.675827915974578475e-01,-0.000000000000000000e+00,-0.000000000000000000e+00,-0.000000000000000000e+00,-1.619742991394485521e-01,-6.048170964372591440e-02,-2.586828264339042019e-02,-0.000000000000000000e+00
-0.000000000000000000e+00,-0.000000000000000000e+00,0.000000000000000000e+00,-4.135419273062760359e-01,-0.000000000000000000e+00,-6.375757778851884328e-02,-0.000000000000000000e+00,-0.000000000000000000e+00,-3.272666678293290610e-01,-0.000000000000000000e+00,-0.000000000000000000e+00,-1.936312437907334316e-01,-1.756937108837408890e-01,0.000000000000000000e+00,-0.000000000000000000e+00,-2.444021065400494852e-01,-0.000000000000000000e+00,2.590148155508215755e+00,-5.026173344410757027e-01,-1.410858622378317606e-01,-0.000000000000000000e+00,0.000000000000000000e+00,-1.810420152275707961e-01,-0.000000000000000000e+00,-2.311572863837661473e-01,0.000000000000000000e+00,0.000000000000000000e+00,0.000000000000000000e+00,-1.926165482304690105e-02,-1.250266520572504425e-01,1.107877579788680428e-01,-0.000000000000000000e+00,1.151405286649600235e-01,-0.000000000000000000e+00,-0.000000000000000000e+00,-0.000000000000000000e+00,0.000000000000000000e+00,-0.000000000000000000e+00,0.000000000000000000e+00
-0.000000000000000000e+00,-0.000000000000000000e+00,-0.000000000000000000e+00,-1.063795003596440525e-01,-0.000000000000000000e+00,-1.545785607156949792e-01,-0.000000000000000000e+00,-0.000000000000000000e+00,-9.834500284280603410e-02,-0.000000000000000000e+00,-0.000000000000000000e+00,-0.000000000000000000e+00,-0.000000000000000000e+00,-0.000000000000000000e+00,-0.000000000000000000e+00,-0.000000000000000000e+00,-0.000000000000000000e+00,-5.026173344410757027e-01,1.808436746629161096e+00,-2.734438858401790906e-01,-4.223865267669521528e-02,-0.000000000000000000e+00,-1.105659271478494909e-01,-0.000000000000000000e+00,-1.338245530059967159e-01,0.000000000000000000e+00,0.000000000000000000e+00,0.000000000000000000e+00,-1.538169111978993087e-01,-0.000000000000000000e+00,0.000000000000000000e+00,-0.000000000000000000e+00,0.000000000000000000e+00,-0.000000000000000000e+00,-0.000000000000000000e+00,-0.000000000000000000e+00,0.000000000000000000e+00,-1.543922693638302701e-01,-0.000000000000000000e+00
0.000000000000000000e+00,0.000000000000000000e+00,0.000000000000000000e+00,-5.238846861418704204e-02,0.000000000000000000e+00,-3.037361170005592470e-01,0.000000000000000000e+00,-0.000000000000000000e+00,-0.000000000000000000e+00,-0.000000000000000000e+00,-0.000000000000000000e+00,-2.381682126096709984e-01,-5.018582067326309015e-02,0.000000000000000000e+00,-2.681130224142878604e-01,-0.000000000000000000e+00,0.000000000000000000e+00,-1.410858622378317606e-01,-2.734438858401790906e-01,1.704427653638089568e+00,-0.000000000000000000e+00,0.000000000000000000e+00,-0.000000000000000000e+00,-0.000000000000000000e+00,-0.000000000000000000e+00,0.000000000000000000e+00,1.837777483997319120e-02,0.000000000000000000e+00,-0.000000000000000000e+00,-0.000000000000000000e+00,7.292439037305543936e-02,-0.000000000000000000e+00,6.302670119288560080e-02,-0.000000000000000000e+00,-0.000000000000000000e+00,0.000000000000000000e+00,0.000000000000000000e+00,-0.000000000000000000e+00,0.000000000000000000e+00
-0.000000000000000000e+00,-0.000000000000000000e+00,-6.846981137587300481e-02,-0.000000000000000000e+00,-1.431446935705521228e-01,-0.000000000000000000e+00,-0.000000000000000000e+00,0.000000000000000000e+00,-2.134284727923398961e-01,-6.516276119375262466e-02,-1.738224486869918151e-01,-0.000000000000000000e+00,-0.000000000000000000e+00,-1.385534097751803598e-02,-0.000000000000000000e+00,-0.000000000000000000e+00,-0.000000000000000000e+00,-0.000000000000000000e+00,-4.223865267669521528e-02,-0.000000000000000000e+00,1.536726467893370751e+00,-2.978757035324523100e-02,-0.000000000000000000e+00,-0.000000000000000000e+00,-0.000000000000000000e+00,-1.372541449745632580e-01,-0.000000000000000000e+00,-0.000000000000000000e+00,-1.493655378339076856e-01,-0.000000000000000000e+00,0.000000000000000000e+00,-0.000000000000000000e+00,0.000000000000000000e+00,-3.297367568957334516e-01,-7.341045816207190933e-02,-0.000000000000000000e+00,-0.000000000000000000e+00,-4.806680712783980430e-02,-0.000000000000000000e+00
-0.000000000000000000e+00,-0.000000000000000000e+00,-6.558674747821263695e-02,0.000000000000000000e+00,-0.000000000000000000e+00,0.000000000000000000e+00,-4.649533090223034737e-02,1.302620530763712869e-01,-0.000000000000000000e+00,-0.000000000000000000e+00,-0.000000000000000000e+00,0.000000000000000000e+00,0.000000000000000000e+00,-1.943338736591641303e-01,0.000000000000000000e+00,0.000000000000000000e+00,-0.000000000000000000e+00,0.000000000000000000e+00,-0.000000000000000000e+00,0.000000000000000000e+00,-2.978757035324523100e-02,1.406785894357636568e+00,0.000000000000000000e+00,-0.000000000000000000e+00,0.000000000000000000e+00,-0.000000000000000000e+00,-1.765255206705796109e-01,-4.891905753172852422e-02,-0.000000000000000000e+00,0.000000000000000000e+00,-0.000000000000000000e+00,-0.000000000000000000e+00,-6.704418668773630408e-02,-0.000000000000000000e+00,-0.000000000000000000e+00,-0.000000000000000000e+00,-9.759556594453834555e-02,-0.000000000000000000e+00,-2.598756631620888768e-01
-0.000000000000000000e+00,-0.000000000000000000e+00,-0.000000000000000000e+00,-6.492660928141424925e-02,-0.000000000000000000e+00,-7.650548326724790349e-02,0.000000000000000000e+00,-0.000000000000000000e+00,-1.956813390962856836e-01,-0.000000000000000000e+00,-0.000000000000000000e+00,-8.743929124728394564e-02,-1.336773166925569467e-01,-0.000000000000000000e+00,-0.000000000000000000e+00,-2.829935263646084498e-01,-0.000000000000000000e+00,-1.810420152275707961e-01,-1.105659271478494909e-01,-0.000000000000000000e+00,-0.000000000000000000e+00,0.000000000000000000e+00,2.250155580003007305e+00,-3.719177543803018904e-01,-5.732773177880704507e-01,-0.000000000000000000e+00,0.000000000000000000e+00,0.000000000000000000e+00,-1.630963559887113265e-02,-3.396290514563213986e-02,1.081966623692170032e-01,-0.000000000000000000e+00,0.000000000000000000e+00,-2.776905924720059898e-02,-0.000000000000000000e+00,-0.000000000000000000e+00,0.000000000000000000e+00,-0.000000000000000000e+00,0.000000000000000000e+00
-0.000000000000000000e+00,-0.000000000000000000e+00,-0.000000000000000000e+00,-0.000000000000000000e+00,-0.000000000000000000e+00,-0.000000000000000000e+00,0.000000000000000000e+00,0.000000000000000000e+00,-2.780636143190208867e-02,-6.922012886920191066e-02,-1.549292923497330166e-01,-0.000000000000000000e+00,-0.000000000000000000e+00,-0.000000000000000000e+00,-0.000000000000000000e+00,-2.298961614456818958e-01,-0.000000000000000000e+00,-0.000000000000000000e+00,-0.000000000000000000e+00,-0.000000000000000000e+00,-0.000000000000000000e+00,-0.000000000000000000e+00,-3.719177543803018904e-01,1.673126052720301127e+00,-2.385103623632157388e-01,-0.000000000000000000e+00,0.000000000000000000e+00,0.000000000000000000e+00,-1.588841478913805838e-01,-5.958973548266965209e-02,0.000000000000000000e+00,-0.000000000000000000e+00,0.000000000000000000e+00,-1.302561713942096688e-01,-1.229485572573689282e-02,-0.000000000000000000e+00,-0.000000000000000000e+00,-0.000000000000000000e+00,0.000000000000000000e+00
-0.000000000000000000e+00,-0.000000000000000000e+00,-0.000000000000000000e+00,-0.000000000000000000e+00,-0.000000000000000000e+00,-2.880073680796462199e-01,0.000000000000000000e+00,0.000000000000000000e+00,-3.543416387539928721e-03,-3.064945210916212442e-02,-6.854985975622915340e-02,-0.000000000000000000e+00,-0.000000000000000000e+00,-0.000000000000000000e+00,-0.000000000000000000e+00,-4.131879076095533176e-01,-0.000000000000000000e+00,-2.311572863837661473e-01,-1.338245530059967159e-01,-0.000000000000000000e+00,-0.000000000000000000e+00,0.000000000000000000e+00,-5.732773177880704507e-01,-2.385103623632157388e-01,2.361705940131476389e+00,-0.000000000000000000e+00,0.000000000000000000e+00,0.000000000000000000e+00,-9.473325431017726173e-02,-1.839663359242842966e-01,6.612110796856289496e-02,-0.000000000000000000e+00,0.000000000000000000e+00,-1.148135852633385412e-01,-0.000000000000000000e+00,-0.000000000000000000e+00,0.000000000000000000e+00,-0.000000000000000000e+00,0.000000000000000000e+00
-1.864110773954004152e-01,-0.000000000000000000e+00,-2.748151075342945560e-01,0.000000000000000000e+00,-0.000000000000000000e+00,-0.000000000000000000e+00,-0.000000000000000000e+00,1.972476729644595805e-01,-0.000000000000000000e+00,-1.929023959122712351e-01,-2.963067517474338858e-02,0.000000000000000000e+00,0.000000000000000000e+00,-9.762930616878828793e-02,0.000000000000000000e+00,-0.000000000000000000e+00,-2.153097664593601468e-01,0.000000000000000000e+00,0.000000000000000000e+00,0.000000000000000000e+00,-1.372541449745632580e-01,-0.000000000000000000e+00,-0.000000000000000000e+00,-0.000000000000000000e+00,-0.000000000000000000e+00,2.005323484131422251e+00,-2.089132560266542538e-01,-3.601782174877645737e-01,-0.000000000000000000e+00,-0.000000000000000000e+00,-0.000000000000000000e+00,-0.000000000000000000e+00,-0.000000000000000000e+00,-0.000000000000000000e+00,-2.405595343209915027e-01,-0.000000000000000000e+00,-1.847675474903716364e-01,-0.000000000000000000e+00,-0.000000000000000000e+00
-0.000000000000000000e+00,-0.000000000000000000e+00,-0.000000000000000000e+00,1.194294905338953022e-02,-0.000000000000000000e+00,0.000000000000000000e+00,-0.000000000000000000e+00,0.000000000000000000e+00,0.000000000000000000e+00,-0.000000000000000000e+00,-0.000000000000000000e+00,0.000000000000000000e+00,2.074676476792416124e-01,-2.909840880296154508e-01,0.000000000000000000e+00,0.000000000000000000e+00,-0.000000000000000000e+00,0.000000000000000000e+00,0.000000000000000000e+00,1.837777483997319120e-02,-0.000000000000000000e+00,-1.765255206705796109e-01,0.000000000000000000e+00,0.000000000000000000e+00,0.000000000000000000e+00,-2.089132560266542538e-01,2.464820747749380203e+00,-3.085001273753043560e-01,-0.000000000000000000e+00,0.000000000000000000e+00,-3.649990486950537294e-01,-0.000000000000000000e+00,-3.000105401139286920e-01,0.000000000000000000e+00,-0.000000000000000000e+00,-0.000000000000000000e+00,-4.502122819550894439e-01,-0.000000000000000000e+00,-3.783882114320769041e-01
-0.000000000000000000e+00,-0.000000000000000000e+00,-1.610934460873457152e-01,1.569421888519256791e-01,-0.000000000000000000e+00,0.000000000000000000e+00,-0.000000000000000000e+00,4.402786485308025077e-01,0.000000000000000000e+00,-0.000000000000000000e+00,-0.000000000000000000e+00,0.000000000000000000e+00,2.913840046113499449e-01,-2.144536282591898435e-01,1.554140824598495563e-01,0.000000000000000000e+00,-0.000000000000000000e+00,0.000000000000000000e+00,0.000000000000000000e+00,0.000000000000000000e+00,-0.000000000000000000e+00,-4.891905753172852422e-02,0.000000000000000000e+00,0.000000000000000000e+00,0.000000000000000000e+00,-3.601782174877645737e-01,-3.085001273753043560e-01,2.466747397116358265e+00,-0.000000000000000000e+00,0.000000000000000000e+00,-1.617128677761146827e-01,-0.000000000000000000e+00,-2.389226791602332978e-01,0.000000000000000000e+00,-0.000000000000000000e+00,-0.000000000000000000e+00,-2.072447556510189359e-01,0.000000000000000000e+00,-0.000000000000000000e+00
-1.693438221444952541e-02,-1.276129859020938839e-01,-0.000000000000000000e+00,-0.000000000000000000e+00,-0.000000000000000000e+00,-2.641387197973513734e-01,-0.000000000000000000e+00,0.000000000000000000e+00,-0.000000000000000000e+00,-2.833264400409097328e-01,-6.834233993344911162e-02,-5.883119506644168828e-02,-0.000000000000000000e+00,-0.000000000000000000e+00,-0.000000000000000000e+00,-4.640895031434653928e-02,-0.000000000000000000e+00,-1.926165482304690105e-02,-1.538169111978993087e-01,-0.000000000000000000e+00,-1.493655378339076856e-01,-0.000000000000000000e+00,-1.630963559887113265e-02,-1.588841478913805838e-01,-9.473325431017726173e-02,-0.000000000000000000e+00,-0.000000000000000000e+00,-0.000000000000000000e+00,1.937133788367737530e+00,-0.000000000000000000e+00,0.000000000000000000e+00,-3.159830941122406256e-01,0.000000000000000000e+00,-0.000000000000000000e+00,-4.103127431478459930e-01,-0.000000000000000000e+00,-0.000000000000000000e+00,-0.000000000000000000e+00,-0.000000000000000000e+00
-7.872467724774991071e-02,-0.000000000000000000e+00,-0.000000000000000000e+00,-4.503874675431189219e-04,-6.304358313822991389e-02,-0.000000000000000000e+00,0.000000000000000000e+00,0.000000000000000000e+00,-2.916431617621888517e-01,-6.096900581515286160e-02,-3.112625075313878512e-02,-0.000000000000000000e+00,-0.000000000000000000e+00,0.000000000000000000e+00,-0.000000000000000000e+00,-5.129484393375939311e-01,-0.000000000000000000e+00,-1.250266520572504425e-01,-0.000000000000000000e+00,-0.000000000000000000e+00,-0.000000000000000000e+00,0.000000000000000000e+00,-3.396290514563213986e-02,-5.958973548266965209e-02,-1.839663359242842966e-01,-0.000000000000000000e+00,0.000000000000000000e+00,0.000000000000000000e+00,-0.000000000000000000e+00,1.857078337476910423e+00,2.088301946250267424e-02,-1.241424463765138236e-01,1.345596820684340500e-01,-6.969754916831620573e-02,-0.000000000000000000e+00,-0.000000000000000000e+00,0.000000000000000000e+00,-0.000000000000000000e+00,0.000000000000000000e+00
-0.000000000000000000e+00,-0.000000000000000000e+00,-0.000000000000000000e+00,2.440246129960255972e-01,0.000000000000000000e+00,1.929689759651343969e-02,-0.000000000000000000e+00,0.000000000000000000e+00,0.000000000000000000e+00,-0.000000000000000000e+00,0.000000000000000000e+00,8.373726010285832688e-02,5.370811426925181653e-01,-0.000000000000000000e+00,2.802277525387655288e-01,1.961918760058486144e-01,-0.000000000000000000e+00,1.107877579788680428e-01,0.000000000000000000e+00,7.292439037305543936e-02,0.000000000000000000e+00,-0.000000000000000000e+00,1.081966623692170032e-01,0.000000000000000000e+00,6.612110796856289496e-02,-0.000000000000000000e+00,-3.649990486950537294e-01,-1.617128677761146827e-01,0.000000000000000000e+00,2.088301946250267424e-02,2.731961477524712301e+00,0.000000000000000000e+00,-5.149589364625343224e-01,0.000000000000000000e+00,-0.000000000000000000e+00,-0.000000000000000000e+00,-1.980284810086629932e-01,0.000000000000000000e+00,-0.000000000000000000e+00
-3.641293303715517626e-01,-6.227399829415231763e-02,-0.000000000000000000e+00,-0.000000000000000000e+00,-7.055195656688209582e-02,-0.000000000000000000e+00,-0.000000000000000000e+00,0.000000000000000000e+00,-0.000000000000000000e+00,-2.724522135231959297e-01,-8.288060412696166002e-02,-0.000000000000000000e+00,0.000000000000000000e+00,-0.000000000000000000e+00,0.000000000000000000e+00,-0.000000000000000000e+00,-2.675827915974578475e-01,-0.000000000000000000e+00,-0.000000000000000000e+00,-0.000000000000000000e+00,-0.000000000000000000e+00,-0.000000000000000000e+00,-0.000000000000000000e+00,-0.000000000000000000e+00,-0.000000000000000000e+00,-0.000000000000000000e+00,-0.000000000000000000e+00,-0.000000000000000000e+00,-3.159830941122406256e-01,-1.241424463765138236e-01,0.000000000000000000e+00,1.780550700911731843e+00,0.000000000000000000e+00,-0.000000000000000000e+00,-0.000000000000000000e+00,-1.909529671924858341e-01,-2.632163346275737809e-02,-0.000000000000000000e+00,0.000000000000000000e+00
-0.000000000000000000e+00,-0.000000000000000000e+00,-0.000000000000000000e+00,4.133870126762495545e-01,0.000000000000000000e+00,0.000000000000000000e+00,-0.000000000000000000e+00,7.005364415837239678e-02,0.000000000000000000e+00,-0.000000000000000000e+00,0.000000000000000000e+00,7.270766387479501991e-02,4.485978414064896169e-01,-8.624956284714911658e-02,1.330305422551688599e-01,0.000000000000000000e+00,-0.000000000000000000e+00,1.151405286649600235e-01,0.000000000000000000e+00,6.302670119288560080e-02,0.000000000000000000e+00,-6.704418668773630408e-02,0.000000000000000000e+00,0.000000000000000000e+00,0.000000000000000000e+00,-0.000000000000000000e+00,-3.000105401139286920e-01,-2.389226791602332978e-01,0.000000000000000000e+00,1.345596820684340500e-01,-5.149589364625343224e-01,0.000000000000000000e+00,2.591826380406682340e+00,0.000000000000000000e+00,-0.000000000000000000e+00,-0.000000000000000000e+00,-1.242031721272323919e-01,0.000000000000000000e+00,-1.953415187695170616e-03
-0.000000000000000000e+00,0.000000000000000000e+00,-0.000000000000000000e+00,-0.000000000000000000e+00,-7.549210762404201525e-02,-0.000000000000000000e+00,0.000000000000000000e+00,0.000000000000000000e+00,-6.073934242248640869e-01,-0.000000000000000000e+00,-4.082525708168083245e-02,-1.232827351269109861e-02,-0.000000000000000000e+00,-0.000000000000000000e+00,-7.018391474844007383e-02,-1.744614393028234567e-01,-0.000000000000000000e+00,-0.000000000000000000e+00,-0.000000000000000000e+00,-0.000000000000000000e+00,-3.297367568957334516e-01,-0.000000000000000000e+00,-2.776905924720059898e-02,-1.302561713942096688e-01,-1.148135852633385412e-01,-0.000000000000000000e+00,0.000000000000000000e+00,0.000000000000000000e+00,-0.000000000000000000e+00,-6.969754916831620573e-02,0.000000000000000000e+00,-0.000000000000000000e+00,0.000000000000000000e+00,1.815600474057540437e+00,-0.000000000000000000e+00,-0.000000000000000000e+00,0.000000000000000000e+00,-7.418401002079201209e-03,-0.000000000000000000e+00
-0.000000000000000000e+00,-0.000000000000000000e+00,-8.127777456564103456e-03,0.000000000000000000e+00,-0.000000000000000000e+00,-1.787088424521676433e-01,0.000000000000000000e+00,0.000000000000000000e+00,-0.000000000000000000e+00,-1.430714195416818713e-01,-8.098579515897189052e-02,-0.000000000000000000e+00,0.000000000000000000e+00,-0.000000000000000000e+00,-0.000000000000000000e+00,-0.000000000000000000e+00,-0.000000000000000000e+00,-0.000000000000000000e+00,-0.000000000000000000e+00,-0.000000000000000000e+00,-7.341045816207190933e-02,-0.000000000000000000e+00,-0.000000000000000000e+00,-1.229485572573689282e-02,-0.000000000000000000e+00,-2.405595343209915027e-01,-0.000000000000000000e+00,-0.000000000000000000e+00,-4.103127431478459930e-01,-0.000000000000000000e+00,-0.000000000000000000e+00,-0.000000000000000000e+00,-0.000000000000000000e+00,-0.000000000000000000e+00,1.526023478974320557e+00,-0.000000000000000000e+00,-2.241899849849640636e-01,-7.717885172255511961e-02,-0.000000000000000000e+00
-1.244251544133915394e-01,-1.909102089891314136e-01,-0.000000000000000000e+00,-0.000000000000000000e+00,-0.000000000000000000e+00,0.000000000000000000e+00,-0.000000000000000000e+00,0.000000000000000000e+00,-0.000000000000000000e+00,-7.298865271339113892e-02,-4.731925228910967285e-02,0.000000000000000000e+00,0.000000000000000000e+00,-8.512284474263859257e-02,0.000000000000000000e+00,-0.000000000000000000e+00,-1.619742991394485521e-01,-0.000000000000000000e+00,-0.000000000000000000e+00,0.000000000000000000e+00,-0.000000000000000000e+00,-0.000000000000000000e+00,-0.000000000000000000e+00,-0.000000000000000000e+00,-0.000000000000000000e+00,-0.000000000000000000e+00,-0.000000000000000000e+00,-0.000000000000000000e+00,-0.000000000000000000e+00,-0.000000000000000000e+00,-0.000000000000000000e+00,-1.909529671924858341e-01,-0.000000000000000000e+00,-0.000000000000000000e+00,-0.000000000000000000e+00,1.302622553833019392e+00,-1.926913531786270811e-02,-5.057463410536401638e-02,-0.000000000000000000e+00
-0.000000000000000000e+00,-2.224211938727556695e-02,-0.000000000000000000e+00,0.000000000000000000e+00,-0.000000000000000000e+00,0.000000000000000000e+00,-0.000000000000000000e+00,0.000000000000000000e+00,0.000000000000000000e+00,-5.662539344285265341e-02,-0.000000000000000000e+00,0.000000000000000000e+00,8.094792297643407797e-02,-4.553442719868703858e-01,0.000000000000000000e+00,0.000000000000000000e+00,-6.048170964372591440e-02,0.000000000000000000e+00,0.000000000000000000e+00,0.000000000000000000e+00,-0.000000000000000000e+00,-9.759556594453834555e-02,0.000000000000000000e+00,-0.000000000000000000e+00,0.000000000000000000e+00,-1.847675474903716364e-01,-4.502122819550894439e-01,-2.072447556510189359e-01,-0.000000000000000000e+00,0.000000000000000000e+00,-1.980284810086629932e-01,-2.632163346275737809e-02,-1.242031721272323919e-01,0.000000000000000000e+00,-2.241899849849640636e-01,-1.926913531786270811e-02,2.067416907116147229e+00,-0.000000000000000000e+00,-0.000000000000000000e+00
-0.000000000000000000e+00,0.000000000000000000e+00,-0.000000000000000000e+00,-0.000000000000000000e+00,-0.000000000000000000e+00,-0.000000000000000000e+00,-0.000000000000000000e+00,0.000000000000000000e+00,-7.276929881320695626e-02,-0.000000000000000000e+00,-1.591527549956392451e-01,-0.000000000000000000e+00,-0.000000000000000000e+00,-0.000000000000000000e+00,-0.000000000000000000e+00,-0.000000000000000000e+00,-2.586828264339042019e-02,-0.000000000000000000e+00,-1.543922693638302701e-01,-0.000000000000000000e+00,-4.806680712783980430e-02,-0.000000000000000000e+00,-0.000000000000000000e+00,-0.000000000000000000e+00,-0.000000000000000000e+00,-0.000000000000000000e+00,-0.000000000000000000e+00,0.000000000000000000e+00,-0.000000000000000000e+00,-0.000000000000000000e+00,0.000000000000000000e+00,-0.000000000000000000e+00,0.000000000000000000e+00,-7.418401002079201209e-03,-7.717885172255511961e-02,-5.057463410536401638e-02,-0.000000000000000000e+00,1.204247988422627591e+00,-2.769031488387645457e-01
-0.000000000000000000e+00,0.000000000000000000e+00,-0.000000000000000000e+00,0.000000000000000000e+00,-0.000000000000000000e+00,0.000000000000000000e+00,-4.889338096554064761e-02,0.000000000000000000e+00,-0.000000000000000000e+00,-0.000000000000000000e+00,-0.000000000000000000e+00,0.000000000000000000e+00,0.000000000000000000e+00,-1.600063134722459202e-01,0.000000000000000000e+00,0.000000000000000000e+00,-0.000000000000000000e+00,0.000000000000000000e+00,-0.000000000000000000e+00,0.000000000000000000e+00,-0.000000000000000000e+00,-2.598756631620888768e-01,0.000000000000000000e+00,0.000000000000000000e+00,0.000000000000000000e+00,-0.000000000000000000e+00,-3.783882114320769041e-01,-0.000000000000000000e+00,-0.000000000000000000e+00,0.000000000000000000e+00,-0.000000000000000000e+00,0.000000000000000000e+00,-1.953415187695170616e-03,-0.000000000000000000e+00,-0.000000000000000000e+00,-0.000000000000000000e+00,-0.000000000000000000e+00,-2.769031488387645457e-01,1.397907866930673704e+00
