2.170073189351400256e+00,0.000000000000000000e+00,-0.000000000000000000e+00,-4.908769240033825088e-01,-0.000000000000000000e+00,0.000000000000000000e+00,-0.000000000000000000e+00,0.000000000000000000e+00,-5.550008010577767853e-02,-0.000000000000000000e+00,0.000000000000000000e+00,-0.000000000000000000e+00,-0.000000000000000000e+00,0.000000000000000000e+00,-0.000000000000000000e+00,-1.828695871610967749e-01,0.000000000000000000e+00,-2.198797050250027585e-01,-0.000000000000000000e+00,-8.297754878032752301e-02,-3.801460821774817894e-02,-0.000000000000000000e+00,0.000000000000000000e+00,0.000000000000000000e+00,-0.000000000000000000e+00,-0.000000000000000000e+00,0.000000000000000000e+00,-2.332413765709734355e-01,-0.000000000000000000e+00,-2.387483476183148157e-01,0.000000000000000000e+00,1.229372288196435292e-01,0.000000000000000000e+00,-0.000000000000000000e+00,0.000000000000000000e+00,-1.672684381257023845e-01,0.000000000000000000e+00,-5.853210263803273472e-01,-0.000000000000000000e+00
0.000000000000000000e+00,1.903317015479287111e+00,-0.000000000000000000e+00,0.000000000000000000e+00,-0.000000000000000000e+00,-0.000000000000000000e+00,-0.000000000000000000e+00,0.000000000000000000e+00,0.000000000000000000e+00,-4.035409161066352834e-01,-2.132694170621022428e-02,0.000000000000000000e+00,0.000000000000000000e+00,-2.322823732823309784e-01,0.000000000000000000e+00,-0.000000000000000000e+00,-0.000000000000000000e+00,0.000000000000000000e+00,0.000000000000000000e+00,-0.000000000000000000e+00,-0.000000000000000000e+00,0.000000000000000000e+00,-0.000000000000000000e+00,-2.372307623162214496e-01,-8.157107106013693210e-02,-0.000000000000000000e+00,-1.131432157228962204e-01,-0.000000000000000000e+00,-0.000000000000000000e+00,-0.000000000000000000e+00,-2.354382554827814944e-01,-1.928748625936284877e-01,-0.000000000000000000e+00,0.000000000000000000e+00,-0.000000000000000000e+00,-0.000000000000000000e+00,-2.768247871575044150e-01,0.000000000000000000e+00,-0.000000000000000000e+00
-0.000000000000000000e+00,-0.000000000000000000e+00,2.410784763977985357e+00,-0.000000000000000000e+00,-0.000000000000000000e+00,0.000000000000000000e+00,-2.285059776953635158e-01,1.094500618177972617e+00,-0.000000000000000000e+00,-2.525235381985653227e-01,0.000000000000000000e+00,0.000000000000000000e+00,0.000000000000000000e+00,-1.177335247395062123e-01,0.000000000000000000e+00,-0.000000000000000000e+00,-0.000000000000000000e+00,-0.000000000000000000e+00,-0.000000000000000000e+00,-5.797487959475554342e-02,-3.498579858119479358e-01,0.000000000000000000e+00,0.000000000000000000e+00,-0.000000000000000000e+00,-0.000000000000000000e+00,-1.424288084574307778e-01,-0.000000000000000000e+00,-1.625633986161655886e-01,-0.000000000000000000e+00,-8.878774051696607106e-02,-5.845387048948045422e-02,-0.000000000000000000e+00,-3.389885157070868238e-02,-0.000000000000000000e+00,-0.000000000000000000e+00,-0.000000000000000000e+00,-0.000000000000000000e+00,-0.000000000000000000e+00,-0.000000000000000000e+00
-4.908769240033825088e-01,0.000000000000000000e+00,-0.000000000000000000e+00,2.130400912026066962e+00,-0.000000000000000000e+00,5.941727907748422383e-02,-1.099464176344064348e-01,0.000000000000000000e+00,-7.262036130869985173e-02,-0.000000000000000000e+00,6.763760643583054122e-02,-0.000000000000000000e+00,-1.001561755197228482e-01,0.000000000000000000e+00,-0.000000000000000000e+00,-2.272948385326745493e-02,0.000000000000000000e+00,-3.196444077549182028e-01,-0.000000000000000000e+00,-2.848170555253192737e-01,-0.000000000000000000e+00,0.000000000000000000e+00,0.000000000000000000e+00,0.000000000000000000e+00,-0.000000000000000000e+00,-0.000000000000000000e+00,0.000000000000000000e+00,-2.420948832371681569e-01,-0.000000000000000000e+00,-4.034768785432075733e-01,0.000000000000000000e+00,6.842812058047245682e-02,0.000000000000000000e+00,-0.000000000000000000e+00,0.000000000000000000e+00,-1.132419927091533746e-01,0.000000000000000000e+00,-1.775839759381038774e-01,-0.000000000000000000e+00
-0.000000000000000000e+00,-0.000000000000000000e+00,-0.000000000000000000e+00,-0.000000000000000000e+00,1.277865535197695968e+00,0.000000000000000000e+00,-0.000000000000000000e+00,2.618847026086476015e-01,-7.097390981223102024e-02,-1.098992996721562532e-01,0.000000000000000000e+00,-0.000000000000000000e+00,-0.000000000000000000e+00,-0.000000000000000000e+00,0.000000000000000000e+00,-1.999958090652786402e-01,-0.000000000000000000e+00,-0.000000000000000000e+00,-3.010140548993257559e-01,0.000000000000000000e+00,0.000000000000000000e+00,0.000000000000000000e+00,-0.000000000000000000e+00,-0.000000000000000000e+00,-4.563300532919196961e-02,-0.000000000000000000e+00,0.000000000000000000e+00,-0.000000000000000000e+00,0.000000000000000000e+00,-0.000000000000000000e+00,-0.000000000000000000e+00,0.000000000000000000e+00,0.000000000000000000e+00,-9.194917414680359863e-03,0.000000000000000000e+00,-0.000000000000000000e+00,-0.000000000000000000e+00,-0.000000000000000000e+00,-0.000000000000000000e+00
0.000000000000000000e+00,-0.000000000000000000e+00,0.000000000000000000e+00,5.941727907748422383e-02,0.000000000000000000e+00,2.406792057070224367e+00,0.000000000000000000e+00,-0.000000000000000000e+00,2.267388112164536729e-01,-0.000000000000000000e+00,-4.505810810732856497e-01,0.000000000000000000e+00,0.000000000000000000e+00,-0.000000000000000000e+00,0.000000000000000000e+00,0.000000000000000000e+00,-4.513508981243716245e-01,8.851254861293982035e-02,0.000000000000000000e+00,0.000000000000000000e+00,0.000000000000000000e+00,0.000000000000000000e+00,-4.073553500201797517e-01,-7.530354656631667309e-02,-0.000000000000000000e+00,-0.000000000000000000e+00,-0.000000000000000000e+00,0.000000000000000000e+00,-0.000000000000000000e+00,0.000000000000000000e+00,-0.000000000000000000e+00,-2.078245971402349901e-01,-0.000000000000000000e+00,4.780425513305954638e-03,-2.105467941619877381e-01,0.000000000000000000e+00,-0.000000000000000000e+00,2.280357809829393623e-01,0.000000000000000000e+00
-0.000000000000000000e+00,-0.000000000000000000e+00,-2.285059776953635158e-01,-1.099464176344064348e-01,-0.000000000000000000e+00,0.000000000000000000e+00,1.371684635427315779e+00,1.415646675361056650e-01,-0.000000000000000000e+00,-0.000000000000000000e+00,0.000000000000000000e+00,-0.000000000000000000e+00,-0.000000000000000000e+00,-0.000000000000000000e+00,0.000000000000000000e+00,-0.000000000000000000e+00,0.000000000000000000e+00,-0.000000000000000000e+00,-0.000000000000000000e+00,-0.000000000000000000e+00,-2.188509386363073628e-01,-0.000000000000000000e+00,0.000000000000000000e+00,0.000000000000000000e+00,-0.000000000000000000e+00,-0.000000000000000000e+00,-0.000000000000000000e+00,-1.574810031306048685e-01,-0.000000000000000000e+00,-0.000000000000000000e+00,-0.000000000000000000e+00,0.000000000000000000e+00,-1.781126862143598000e-01,-0.000000000000000000e+00,-0.000000000000000000e+00,-0.000000000000000000e+00,-0.000000000000000000e+00,-0.000000000000000000e+00,-0.000000000000000000e+00
0.000000000000000000e+00,0.000000000000000000e+00,1.094500618177972617e+00,0.000000000000000000e+00,2.618847026086476015e-01,-0.000000000000000000e+00,1.415646675361056650e-01,2.212926604560840449e+00,0.000000000000000000e+00,2.381059475746179210e-01,-0.000000000000000000e+00,0.000000000000000000e+00,-0.000000000000000000e+00,3.541128399836178386e-02,-0.000000000000000000e+00,4.968721575443128119e-02,0.000000000000000000e+00,0.000000000000000000e+00,0.000000000000000000e+00,0.000000000000000000e+00,1.854316477273485224e-03,-0.000000000000000000e+00,-0.000000000000000000e+00,0.000000000000000000e+00,1.644049220286992186e-01,0.000000000000000000e+00,0.000000000000000000e+00,2.231396480584781350e-01,0.000000000000000000e+00,5.666956298573727624e-02,0.000000000000000000e+00,0.000000000000000000e+00,0.000000000000000000e+00,0.000000000000000000e+00,0.000000000000000000e+00,0.000000000000000000e+00,0.000000000000000000e+00,0.000000000000000000e+00,0.000000000000000000e+00
-5.550008010577767853e-02,0.000000000000000000e+00,-0.000000000000000000e+00,-7.262036130869985173e-02,-7.097390981223102024e-02,2.267388112164536729e-01,-0.000000000000000000e+00,0.000000000000000000e+00,2.362376633891345890e+00,-0.000000000000000000e+00,0.000000000000000000e+00,-1.360203705104466310e-01,-0.000000000000000000e+00,0.000000000000000000e+00,-0.000000000000000000e+00,-2.342417301283572784e-01,2.953433593214569233e-02,-2.574872770799144783e-01,-4.399506063197737293e-01,-0.000000000000000000e+00,0.000000000000000000e+00,-0.000000000000000000e+00,0.000000000000000000e+00,0.000000000000000000e+00,-0.000000000000000000e+00,0.000000000000000000e+00,0.000000000000000000e+00,-0.000000000000000000e+00,0.000000000000000000e+00,-6.058867845932162932e-02,0.000000000000000000e+00,1.254165617681830477e-02,0.000000000000000000e+00,-6.500794929966494662e-01,4.635319458155925249e-02,-0.000000000000000000e+00,0.000000000000000000e+00,-1.576519238844341919e-01,-1.328599037543558015e-01
-0.000000000000000000e+00,-4.035409161066352834e-01,-2.525235381985653227e-01,-0.000000000000000000e+00,-1.098992996721562532e-01,-0.000000000000000000e+00,-0.000000000000000000e+00,2.381059475746179210e-01,-0.000000000000000000e+00,2.072438759284483289e+00,-0.000000000000000000e+00,0.000000000000000000e+00,0.000000000000000000e+00,-1.528519716883258994e-01,7.910961969047883291e-02,-3.694274887605617508e-01,-0.000000000000000000e+00,0.000000000000000000e+00,-0.000000000000000000e+00,-0.000000000000000000e+00,-0.000000000000000000e+00,0.000000000000000000e+00,-0.000000000000000000e+00,-6.332721592001333728e-03,-4.681847953217481151e-01,-4.006506501295272610e-02,-0.000000000000000000e+00,-0.000000000000000000e+00,-0.000000000000000000e+00,-3.013282054002726085e-01,-0.000000000000000000e+00,-0.000000000000000000e+00,-0.000000000000000000e+00,0.000000000000000000e+00,-0.000000000000000000e+00,-1.825293703121762257e-02,-1.965967832955109289e-03,0.000000000000000000e+00,-0.000000000000000000e+00
0.000000000000000000e+00,-2.132694170621022428e-02,0.000000000000000000e+00,6.763760643583054122e-02,0.000000000000000000e+00,-4.505810810732856497e-01,0.000000000000000000e+00,-0.000000000000000000e+00,0.000000000000000000e+00,-0.000000000000000000e+00,2.685728050414295076e+00,0.000000000000000000e+00,0.000000000000000000e+00,-0.000000000000000000e+00,0.000000000000000000e+00,0.000000000000000000e+00,-3.526721679653134767e-01,2.664469193876003450e-01,0.000000000000000000e+00,0.000000000000000000e+00,0.000000000000000000e+00,0.000000000000000000e+00,-3.447611343688944952e-01,-8.569517954564566387e-02,-0.000000000000000000e+00,-0.000000000000000000e+00,-1.230541951279013058e-01,0.000000000000000000e+00,-0.000000000000000000e+00,0.000000000000000000e+00,-3.538581227206887003e-02,-4.869377507808012040e-01,-0.000000000000000000e+00,1.463069561719900109e-02,-3.614176950573057636e-04,0.000000000000000000e+00,-1.903305924243784697e-01,3.628846945879840025e-01,0.000000000000000000e+00
-0.000000000000000000e+00,0.000000000000000000e+00,0.000000000000000000e+00,-0.000000000000000000e+00,-0.000000000000000000e+00,0.000000000000000000e+00,-0.000000000000000000e+00,0.000000000000000000e+00,-1.360203705104466310e-01,0.000000000000000000e+00,0.000000000000000000e+00,2.082291475756427257e+00,-0.000000000000000000e+00,0.000000000000000000e+00,-2.088031793173512549e-02,-0.000000000000000000e+00,2.524823204379464392e-01,-3.263989726283939019e-01,-8.648616069621585523e-02,0.000000000000000000e+00,-0.000000000000000000e+00,-3.503528889946506131e-01,0.000000000000000000e+00,0.000000000000000000e+00,0.000000000000000000e+00,0.000000000000000000e+00,0.000000000000000000e+00,-0.000000000000000000e+00,0.000000000000000000e+00,-0.000000000000000000e+00,0.000000000000000000e+00,0.000000000000000000e+00,0.000000000000000000e+00,-1.801458211068345250e-01,3.065359811381893618e-01,0.000000000000000000e+00,0.000000000000000000e+00,-0.000000000000000000e+00,-5.547967545885287288e-01
-0.000000000000000000e+00,0.000000000000000000e+00,0.000000000000000000e+00,-1.001561755197228482e-01,-0.000000000000000000e+00,0.000000000000000000e+00,-0.000000000000000000e+00,-0.000000000000000000e+00,-0.000000000000000000e+00,0.000000000000000000e+00,0.000000000000000000e+00,-0.000000000000000000e+00,1.376835778088231210e+00,0.000000000000000000e+00,-1.205623820422542791e-01,-0.000000000000000000e+00,0.000000000000000000e+00,-1.174981474713331225e-01,-0.000000000000000000e+00,-0.000000000000000000e+00,-0.000000000000000000e+00,-0.000000000000000000e+00,8.116887712280274059e-02,1.471667541178328931e-01,0.000000000000000000e+00,0.000000000000000000e+00,0.000000000000000000e+00,-2.948949080535540404e-02,0.000000000000000000e+00,-0.000000000000000000e+00,5.951853266375783241e-02,1.735334111062339646e-01,0.000000000000000000e+00,-0.000000000000000000e+00,0.000000000000000000e+00,-0.000000000000000000e+00,0.000000000000000000e+00,-1.769561921080618494e-01,-0.000000000000000000e+00
0.000000000000000000e+00,-2.322823732823309784e-01,-1.177335247395062123e-01,0.000000000000000000e+00,-0.000000000000000000e+00,-0.000000000000000000e+00,-0.000000000000000000e+00,3.541128399836178386e-02,0.000000000000000000e+00,-1.528519716883258994e-01,-0.000000000000000000e+00,0.000000000000000000e+00,0.000000000000000000e+00,2.357907164490577578e+00,1.999849034096518319e-01,-0.000000000000000000e+00,-0.000000000000000000e+00,0.000000000000000000e+00,0.000000000000000000e+00,-0.000000000000000000e+00,-0.000000000000000000e+00,0.000000000000000000e+00,-0.000000000000000000e+00,-6.455487503230705748e-02,-1.849883803348322323e-02,-2.540115856057232890e-01,-1.452586528608343364e-01,-0.000000000000000000e+00,-1.951293061642505877e-01,-0.000000000000000000e+00,-2.449477576512002486e-01,-0.000000000000000000e+00,-0.000000000000000000e+00,0.000000000000000000e+00,-2.961683435656299879e-01,-0.000000000000000000e+00,-4.793777255840001583e-01,0.000000000000000000e+00,0.000000000000000000e+00
-0.000000000000000000e+00,0.000000000000000000e+00,0.000000000000000000e+00,-0.000000000000000000e+00,0.000000000000000000e+00,0.000000000000000000e+00,0.000000000000000000e+00,-0.000000000000000000e+00,-0.000000000000000000e+00,7.910961969047883291e-02,0.000000000000000000e+00,-2.088031793173512549e-02,-1.205623820422542791e-01,1.999849034096518319e-01,2.167552534208687653e+00,0.000000000000000000e+00,0.000000000000000000e+00,-0.000000000000000000e+00,-0.000000000000000000e+00,0.000000000000000000e+00,0.000000000000000000e+00,-9.551948785880001042e-03,0.000000000000000000e+00,1.415633934709720383e-02,0.000000000000000000e+00,1.772826916832242750e-01,2.290006533449712167e-01,0.000000000000000000e+00,0.000000000000000000e+00,0.000000000000000000e+00,3.521262838623305802e-01,1.060127808710440156e-01,0.000000000000000000e+00,-3.102782325298887867e-01,3.143499835101685735e-01,-0.000000000000000000e+00,1.948052943496539902e-01,-3.513290534230271295e-02,-0.000000000000000000e+00
-1.828695871610967749e-01,-0.000000000000000000e+00,-0.000000000000000000e+00,-2.272948385326745493e-02,-1.999958090652786402e-01,0.000000000000000000e+00,-0.000000000000000000e+00,4.968721575443128119e-02,-2.342417301283572784e-01,-3.694274887605617508e-01,0.000000000000000000e+00,-0.000000000000000000e+00,-0.000000000000000000e+00,-0.000000000000000000e+00,0.000000000000000000e+00,1.821051816082931651e+00,0.000000000000000000e+00,-0.000000000000000000e+00,-0.000000000000000000e+00,-0.000000000000000000e+00,-0.000000000000000000e+00,0.000000000000000000e+00,-0.000000000000000000e+00,-0.000000000000000000e+00,-3.864398219801408463e-02,-0.000000000000000000e+00,0.000000000000000000e+00,-0.000000000000000000e+00,-0.000000000000000000e+00,-4.428771627712810299e-01,0.000000000000000000e+00,0.000000000000000000e+00,0.000000000000000000e+00,-0.000000000000000000e+00,0.000000000000000000e+00,-4.504391464188348126e-01,-0.000000000000000000e+00,-0.000000000000000000e+00,-0.000000000000000000e+00
0.000000000000000000e+00,-0.000000000000000000e+00,-0.000000000000000000e+00,0.000000000000000000e+00,-0.000000000000000000e+00,-4.513508981243716245e-01,0.000000000000000000e+00,0.000000000000000000e+00,2.953433593214569233e-02,-0.000000000000000000e+00,-3.526721679653134767e-01,2.524823204379464392e-01,0.000000000000000000e+00,-0.000000000000000000e+00,0.000000000000000000e+00,0.000000000000000000e+00,2.108638837858185511e+00,0.000000000000000000e+00,0.000000000000000000e+00,0.000000000000000000e+00,-0.000000000000000000e+00,0.000000000000000000e+00,-2.262094361652784158e-01,-0.000000000000000000e+00,-0.000000000000000000e+00,-0.000000000000000000e+00,-0.000000000000000000e+00,-0.000000000000000000e+00,-9.774762600860321948e-02,0.000000000000000000e+00,-0.000000000000000000e+00,-9.206817620323019813e-02,-0.000000000000000000e+00,3.885439365090306851e-02,-3.220880140034463879e-01,0.000000000000000000e+00,-1.262701003390670207e-01,0.000000000000000000e+00,0.000000000000000000e+00
-2.198797050250027585e-01,0.000000000000000000e+00,-0.000000000000000000e+00,-3.196444077549182028e-01,-0.000000000000000000e+00,8.851254861293982035e-02,-0.000000000000000000e+00,0.000000000000000000e+00,-2.574872770799144783e-01,0.000000000000000000e+00,2.664469193876003450e-01,-3.263989726283939019e-01,-1.174981474713331225e-01,0.000000000000000000e+00,-0.000000000000000000e+00,-0.000000000000000000e+00,0.000000000000000000e+00,2.445050872854288126e+00,-6.437511424733984022e-02,-0.000000000000000000e+00,-0.000000000000000000e+00,-0.000000000000000000e+00,0.000000000000000000e+00,0.000000000000000000e+00,0.000000000000000000e+00,0.000000000000000000e+00,0.000000000000000000e+00,-0.000000000000000000e+00,0.000000000000000000e+00,-0.000000000000000000e+00,0.000000000000000000e+00,3.792408063313421063e-01,0.000000000000000000e+00,-3.100255236545874094e-01,3.933494778000418829e-02,-0.000000000000000000e+00,0.000000000000000000e+00,-2.189613406063982692e-01,-0.000000000000000000e+00
-0.000000000000000000e+00,0.000000000000000000e+00,-0.000000000000000000e+00,-0.000000000000000000e+00,-3.010140548993257559e-01,0.000000000000000000e+00,-0.000000000000000000e+00,0.000000000000000000e+00,-4.399506063197737293e-01,-0.000000000000000000e+00,0.000000000000000000e+00,-8.648616069621585523e-02,-0.000000000000000000e+00,0.000000000000000000e+00,-0.000000000000000000e+00,-0.000000000000000000e+00,0.000000000000000000e+00,-6.437511424733984022e-02,2.193735780677782188e+00,0.000000000000000000e+00,0.000000000000000000e+00,-0.000000000000000000e+00,0.000000000000000000e+00,0.000000000000000000e+00,0.000000000000000000e+00,5.793951927911429600e-02,0.000000000000000000e+00,0.000000000000000000e+00,1.902570262647132748e-01,-0.000000000000000000e+00,0.000000000000000000e+00,0.000000000000000000e+00,0.000000000000000000e+00,-7.057692813030216339e-01,2.738781531213960729e-01,-0.000000000000000000e+00,0.000000000000000000e+00,-0.000000000000000000e+00,-1.452450486570376342e-01
-8.297754878032752301e-02,-0.000000000000000000e+00,-5.797487959475554342e-02,-2.848170555253192737e-01,0.000000000000000000e+00,0.000000000000000000e+00,-0.000000000000000000e+00,0.000000000000000000e+00,-0.000000000000000000e+00,-0.000000000000000000e+00,0.000000000000000000e+00,0.000000000000000000e+00,-0.000000000000000000e+00,-0.000000000000000000e+00,0.000000000000000000e+00,-0.000000000000000000e+00,0.000000000000000000e+00,-0.000000000000000000e+00,0.000000000000000000e+00,1.633162299390082284e+00,-5.141737056669684058e-01,0.000000000000000000e+00,0.000000000000000000e+00,0.000000000000000000e+00,-0.000000000000000000e+00,-2.476560924204429526e-01,-0.000000000000000000e+00,-2.765186508057447812e-01,-2.767284233823474188e-02,-3.779387559573549327e-02,-0.000000000000000000e+00,0.000000000000000000e+00,-0.000000000000000000e+00,0.000000000000000000e+00,-0.000000000000000000e+00,-2.975308021227842173e-02,-0.000000000000000000e+00,-0.000000000000000000e+00,0.000000000000000000e+00
-3.801460821774817894e-02,-0.000000000000000000e+00,-3.498579858119479358e-01,-0.000000000000000000e+00,0.000000000000000000e+00,0.000000000000000000e+00,-2.188509386363073628e-01,1.854316477273485224e-03,0.000000000000000000e+00,-0.000000000000000000e+00,0.000000000000000000e+00,-0.000000000000000000e+00,-0.000000000000000000e+00,-0.000000000000000000e+00,0.000000000000000000e+00,-0.000000000000000000e+00,-0.000000000000000000e+00,-0.000000000000000000e+00,0.000000000000000000e+00,-5.141737056669684058e-01,1.885966998448910470e+00,-0.000000000000000000e+00,0.000000000000000000e+00,0.000000000000000000e+00,-0.000000000000000000e+00,-7.546266402298837384e-02,-0.000000000000000000e+00,-9.815659203169668778e-02,-2.889018628795866905e-01,-0.000000000000000000e+00,-0.000000000000000000e+00,0.000000000000000000e+00,-3.490640345001891354e-01,0.000000000000000000e+00,-0.000000000000000000e+00,-0.000000000000000000e+00,-0.000000000000000000e+00,-0.000000000000000000e+00,-0.000000000000000000e+00
-0.000000000000000000e+00,0.000000000000000000e+00,0.000000000000000000e+00,0.000000000000000000e+00,0.000000000000000000e+00,0.000000000000000000e+00,-0.000000000000000000e+00,-0.000000000000000000e+00,-0.000000000000000000e+00,0.000000000000000000e+00,0.000000000000000000e+00,-3.503528889946506131e-01,-0.000000000000000000e+00,0.000000000000000000e+00,-9.551948785880001042e-03,0.000000000000000000e+00,0.000000000000000000e+00,-0.000000000000000000e+00,-0.000000000000000000e+00,0.000000000000000000e+00,-0.000000000000000000e+00,1.172055904749325750e+00,0.000000000000000000e+00,0.000000000000000000e+00,0.000000000000000000e+00,1.665028555168280577e-01,0.000000000000000000e+00,-0.000000000000000000e+00,0.000000000000000000e+00,0.000000000000000000e+00,0.000000000000000000e+00,0.000000000000000000e+00,-0.000000000000000000e+00,-0.000000000000000000e+00,0.000000000000000000e+00,0.000000000000000000e+00,0.000000000000000000e+00,-0.000000000000000000e+00,-1.521586092574606780e-02
0.000000000000000000e+00,-0.000000000000000000e+00,0.000000000000000000e+00,0.000000000000000000e+00,-0.000000000000000000e+00,-4.073553500201797517e-01,0.000000000000000000e+00,-0.000000000000000000e+00,0.000000000000000000e+00,-0.000000000000000000e+00,-3.447611343688944952e-01,0.000000000000000000e+00,8.116887712280274059e-02,-0.000000000000000000e+00,0.000000000000000000e+00,-0.000000000000000000e+00,-2.262094361652784158e-01,0.000000000000000000e+00,0.000000000000000000e+00,0.000000000000000000e+00,0.000000000000000000e+00,0.000000000000000000e+00,1.906731596795173234e+00,-4.032575720747300085e-01,-1.720401150210502661e-01,-0.000000000000000000e+00,-0.000000000000000000e+00,0.000000000000000000e+00,-0.000000000000000000e+00,0.000000000000000000e+00,-0.000000000000000000e+00,-9.365980882469800151e-02,-0.000000000000000000e+00,0.000000000000000000e+00,-0.000000000000000000e+00,0.000000000000000000e+00,-0.000000000000000000e+00,0.000000000000000000e+00,0.000000000000000000e+00
0.000000000000000000e+00,-2.372307623162214496e-01,-0.000000000000000000e+00,0.000000000000000000e+00,-0.000000000000000000e+00,-7.530354656631667309e-02,0.000000000000000000e+00,0.000000000000000000e+00,0.000000000000000000e+00,-6.332721592001333728e-03,-8.569517954564566387e-02,0.000000000000000000e+00,1.471667541178328931e-01,-6.455487503230705748e-02,1.415633934709720383e-02,-0.000000000000000000e+00,-0.000000000000000000e+00,0.000000000000000000e+00,0.000000000000000000e+00,0.000000000000000000e+00,0.000000000000000000e+00,0.000000000000000000e+00,-4.032575720747300085e-01,1.918224582753437435e+00,-3.372811525398385912e-01,-0.000000000000000000e+00,-0.000000000000000000e+00,0.000000000000000000e+00,-0.000000000000000000e+00,-0.000000000000000000e+00,-1.772571765579416259e-01,-1.312512339424634911e-01,-0.000000000000000000e+00,0.000000000000000000e+00,-0.000000000000000000e+00,-0.000000000000000000e+00,-1.657576157974171294e-01,3.347624991092152530e-02,0.000000000000000000e+00
-0.000000000000000000e+00,-8.157107106013693210e-02,-0.000000000000000000e+00,-0.000000000000000000e+00,-4.563300532919196961e-02,-0.000000000000000000e+00,-0.000000000000000000e+00,1.644049220286992186e-01,-0.000000000000000000e+00,-4.681847953217481151e-01,-0.000000000000000000e+00,0.000000000000000000e+00,0.000000000000000000e+00,-1.849883803348322323e-02,0.000000000000000000e+00,-3.864398219801408463e-02,-0.000000000000000000e+00,0.000000000000000000e+00,0.000000000000000000e+00,-0.000000000000000000e+00,-0.000000000000000000e+00,0.000000000000000000e+00,-1.720401150210502661e-01,-3.372811525398385912e-01,1.683451418241209474e+00,-1.224211709669696113e-01,-0.000000000000000000e+00,-4.997996531362262213e-02,-0.000000000000000000e+00,-0.000000000000000000e+00,-0.000000000000000000e+00,-0.000000000000000000e+00,-0.000000000000000000e+00,0.000000000000000000e+00,-0.000000000000000000e+00,-0.000000000000000000e+00,-1.180548924338389177e-01,0.000000000000000000e+00,-0.000000000000000000e+00
-0.000000000000000000e+00,-0.000000000000000000e+00,-1.424288084574307778e-01,-0.000000000000000000e+00,-0.000000000000000000e+00,-0.000000000000000000e+00,-0.000000000000000000e+00,0.000000000000000000e+00,0.000000000000000000e+00,-4.006506501295272610e-02,-0.000000000000000000e+00,0.000000000000000000e+00,0.000000000000000000e+00,-2.540115856057232890e-01,1.772826916832242750e-01,-0.000000000000000000e+00,-0.000000000000000000e+00,0.000000000000000000e+00,5.793951927911429600e-02,-2.476560924204429526e-01,-7.546266402298837384e-02,1.665028555168280577e-01,-0.000000000000000000e+00,-0.000000000000000000e+00,-1.224211709669696113e-01,2.093853953790038691e+00,-0.000000000000000000e+00,-0.000000000000000000e+00,-6.653867939629380945e-01,-0.000000000000000000e+00,-0.000000000000000000e+00,-0.000000000000000000e+00,-0.000000000000000000e+00,0.000000000000000000e+00,-2.883769298210720478e-01,-0.000000000000000000e+00,-0.000000000000000000e+00,0.000000000000000000e+00,0.000000000000000000e+00
0.000000000000000000e+00,-1.131432157228962204e-01,-0.000000000000000000e+00,0.000000000000000000e+00,0.000000000000000000e+00,-0.000000000000000000e+00,-0.000000000000000000e+00,0.000000000000000000e+00,0.000000000000000000e+00,-0.000000000000000000e+00,-1.230541951279013058e-01,0.000000000000000000e+00,0.000000000000000000e+00,-1.452586528608343364e-01,2.290006533449712167e-01,0.000000000000000000e+00,-0.000000000000000000e+00,0.000000000000000000e+00,0.000000000000000000e+00,-0.000000000000000000e+00,-0.000000000000000000e+00,0.000000000000000000e+00,-0.000000000000000000e+00,-0.000000000000000000e+00,-0.000000000000000000e+00,-0.000000000000000000e+00,2.312641616029391223e+00,-0.000000000000000000e+00,-0.000000000000000000e+00,-0.000000000000000000e+00,-5.746033659929400406e-01,-2.085308831853852074e-01,-4.754254627474682193e-01,6.937870265597768926e-02,-0.000000000000000000e+00,0.000000000000000000e+00,-3.081180187650106039e-01,0.000000000000000000e+00,-0.000000000000000000e+00
-2.332413765709734355e-01,-0.000000000000000000e+00,-1.625633986161655886e-01,-2.420948832371681569e-01,-0.000000000000000000e+00,0.000000000000000000e+00,-1.574810031306048685e-01,2.231396480584781350e-01,-0.000000000000000000e+00,-0.000000000000000000e+00,0.000000000000000000e+00,-0.000000000000000000e+00,-2.948949080535540404e-02,-0.000000000000000000e+00,0.000000000000000000e+00,-0.000000000000000000e+00,-0.000000000000000000e+00,-0.000000000000000000e+00,0.000000000000000000e+00,-2.765186508057447812e-01,-9.815659203169668778e-02,-0.000000000000000000e+00,0.000000000000000000e+00,0.000000000000000000e+00,-4.997996531362262213e-02,-0.000000000000000000e+00,-0.000000000000000000e+00,1.610152823225426522e+00,-1.119567218392445995e-01,-4.461829274348105140e-02,-0.000000000000000000e+00,0.000000000000000000e+00,-0.000000000000000000e+00,-0.000000000000000000e+00,-0.000000000000000000e+00,-0.000000000000000000e+00,-0.000000000000000000e+00,-0.000000000000000000e+00,-0.000000000000000000e+00
-0.000000000000000000e+00,-0.000000000000000000e+00,-0.000000000000000000e+00,-0.000000000000000000e+00,0.000000000000000000e+00,-0.000000000000000000e+00,-0.000000000000000000e+00,0.000000000000000000e+00,0.000000000000000000e+00,-0.000000000000000000e+00,-0.000000000000000000e+00,0.000000000000000000e+00,0.000000000000000000e+00,-1.951293061642505877e-01,0.000000000000000000e+00,-0.000000000000000000e+00,-9.774762600860321948e-02,0.000000000000000000e+00,1.902570262647132748e-01,-2.767284233823474188e-02,-2.889018628795866905e-01,0.000000000000000000e+00,-0.000000000000000000e+00,-0.000000000000000000e+00,-0.000000000000000000e+00,-6.653867939629380945e-01,-0.000000000000000000e+00,-1.119567218392445995e-01,2.133380914170111886e+00,-0.000000000000000000e+00,-0.000000000000000000e+00,-0.000000000000000000e+00,-1.678781051113114875e-01,0.000000000000000000e+00,-2.325450169384283561e-01,-0.000000000000000000e+00,-2.235789616646494671e-01,0.000000000000000000e+00,0.000000000000000000e+00
-2.387483476183148157e-01,-0.000000000000000000e+00,-8.878774051696607106e-02,-4.034768785432075733e-01,-0.000000000000000000e+00,0.000000000000000000e+00,-0.000000000000000000e+00,5.666956298573727624e-02,-6.058867845932162932e-02,-3.013282054002726085e-01,0.000000000000000000e+00,-0.000000000000000000e+00,-0.000000000000000000e+00,-0.000000000000000000e+00,0.000000000000000000e+00,-4.428771627712810299e-01,0.000000000000000000e+00,-0.000000000000000000e+00,-0.000000000000000000e+00,-3.779387559573549327e-02,-0.000000000000000000e+00,0.000000000000000000e+00,0.000000000000000000e+00,-0.000000000000000000e+00,-0.000000000000000000e+00,-0.000000000000000000e+00,-0.000000000000000000e+00,-4.461829274348105140e-02,-0.000000000000000000e+00,1.739754592537301026e+00,-0.000000000000000000e+00,0.000000000000000000e+00,-0.000000000000000000e+00,-0.000000000000000000e+00,0.000000000000000000e+00,-0.000000000000000000e+00,-0.000000000000000000e+00,-0.000000000000000000e+00,-0.000000000000000000e+00
0.000000000000000000e+00,-2.354382554827814944e-01,-5.845387048948045422e-02,0.000000000000000000e+00,-0.000000000000000000e+00,-0.000000000000000000e+00,-0.000000000000000000e+00,0.000000000000000000e+00,0.000000000000000000e+00,-0.000000000000000000e+00,-3.538581227206887003e-02,0.000000000000000000e+00,5.951853266375783241e-02,-2.449477576512002486e-01,3.521262838623305802e-01,0.000000000000000000e+00,-0.000000000000000000e+00,0.000000000000000000e+00,0.000000000000000000e+00,-0.000000000000000000e+00,-0.000000000000000000e+00,0.000000000000000000e+00,-0.000000000000000000e+00,-1.772571765579416259e-01,-0.000000000000000000e+00,-0.000000000000000000e+00,-5.746033659929400406e-01,-0.000000000000000000e+00,-0.000000000000000000e+00,-0.000000000000000000e+00,2.611650292941887219e+00,-1.317368772616258621e-01,-3.672532138966247972e-01,2.191899110060608388e-03,-9.075309976925186040e-02,0.000000000000000000e+00,-3.727841604332732817e-01,4.234314488898245632e-02,-0.000000000000000000e+00
1.229372288196435292e-01,-1.928748625936284877e-01,-0.000000000000000000e+00,6.842812058047245682e-02,0.000000000000000000e+00,-2.078245971402349901e-01,0.000000000000000000e+00,0.000000000000000000e+00,1.254165617681830477e-02,-0.000000000000000000e+00,-4.869377507808012040e-01,0.000000000000000000e+00,1.735334111062339646e-01,-0.000000000000000000e+00,1.060127808710440156e-01,0.000000000000000000e+00,-9.206817620323019813e-02,3.792408063313421063e-01,0.000000000000000000e+00,0.000000000000000000e+00,0.000000000000000000e+00,0.000000000000000000e+00,-9.365980882469800151e-02,-1.312512339424634911e-01,-0.000000000000000000e+00,-0.000000000000000000e+00,-2.085308831853852074e-01,0.000000000000000000e+00,-0.000000000000000000e+00,0.000000000000000000e+00,-1.317368772616258621e-01,2.780841611278124681e+00,-0.000000000000000000e+00,2.651967819349188363e-02,-2.918088262910579350e-02,0.000000000000000000e+00,-1.142989313223869152e-01,5.136371035949860442e-01,0.000000000000000000e+00
0.000000000000000000e+00,-0.000000000000000000e+00,-3.389885157070868238e-02,0.000000000000000000e+00,0.000000000000000000e+00,-0.000000000000000000e+00,-1.781126862143598000e-01,0.000000000000000000e+00,0.000000000000000000e+00,-0.000000000000000000e+00,-0.000000000000000000e+00,0.000000000000000000e+00,0.000000000000000000e+00,-0.000000000000000000e+00,0.000000000000000000e+00,0.000000000000000000e+00,-0.000000000000000000e+00,0.000000000000000000e+00,0.000000000000000000e+00,-0.000000000000000000e+00,-3.490640345001891354e-01,-0.000000000000000000e+00,-0.000000000000000000e+00,-0.000000000000000000e+00,-0.000000000000000000e+00,-0.000000000000000000e+00,-4.754254627474682193e-01,-0.000000000000000000e+00,-1.678781051113114875e-01,-0.000000000000000000e+00,-3.672532138966247972e-01,-0.000000000000000000e+00,1.850522045949737793e+00,0.000000000000000000e+00,-0.000000000000000000e+00,0.000000000000000000e+00,-1.515771779389887552e-01,0.000000000000000000e+00,-0.000000000000000000e+00
-0.000000000000000000e+00,0.000000000000000000e+00,-0.000000000000000000e+00,-0.000000000000000000e+00,-9.194917414680359863e-03,4.780425513305954638e-03,-0.000000000000000000e+00,0.000000000000000000e+00,-6.500794929966494662e-01,0.000000000000000000e+00,1.463069561719900109e-02,-1.801458211068345250e-01,-0.000000000000000000e+00,0.000000000000000000e+00,-3.102782325298887867e-01,-0.000000000000000000e+00,3.885439365090306851e-02,-3.100255236545874094e-01,-7.057692813030216339e-01,0.000000000000000000e+00,0.000000000000000000e+00,-0.000000000000000000e+00,0.000000000000000000e+00,0.000000000000000000e+00,0.000000000000000000e+00,0.000000000000000000e+00,6.937870265597768926e-02,-0.000000000000000000e+00,0.000000000000000000e+00,-0.000000000000000000e+00,2.191899110060608388e-03,2.651967819349188363e-02,0.000000000000000000e+00,2.589310255506008573e+00,2.976688539587209470e-01,-0.000000000000000000e+00,0.000000000000000000e+00,-0.000000000000000000e+00,-0.000000000000000000e+00
0.000000000000000000e+00,-0.000000000000000000e+00,-0.000000000000000000e+00,0.000000000000000000e+00,0.000000000000000000e+00,-2.105467941619877381e-01,-0.000000000000000000e+00,0.000000000000000000e+00,4.635319458155925249e-02,-0.000000000000000000e+00,-3.614176950573057636e-04,3.065359811381893618e-01,0.000000000000000000e+00,-2.961683435656299879e-01,3.143499835101685735e-01,0.000000000000000000e+00,-3.220880140034463879e-01,3.933494778000418829e-02,2.738781531213960729e-01,-0.000000000000000000e+00,-0.000000000000000000e+00,0.000000000000000000e+00,-0.000000000000000000e+00,-0.000000000000000000e+00,-0.000000000000000000e+00,-2.883769298210720478e-01,-0.000000000000000000e+00,-0.000000000000000000e+00,-2.325450169384283561e-01,0.000000000000000000e+00,-9.075309976925186040e-02,-2.918088262910579350e-02,-0.000000000000000000e+00,2.976688539587209470e-01,2.720399437549914978e+00,0.000000000000000000e+00,-2.573123083243756271e-01,0.000000000000000000e+00,0.000000000000000000e+00
-1.672684381257023845e-01,-0.000000000000000000e+00,-0.000000000000000000e+00,-1.132419927091533746e-01,-0.000000000000000000e+00,0.000000000000000000e+00,-0.000000000000000000e+00,0.000000000000000000e+00,-0.000000000000000000e+00,-1.825293703121762257e-02,0.000000000000000000e+00,0.000000000000000000e+00,-0.000000000000000000e+00,-0.000000000000000000e+00,-0.000000000000000000e+00,-4.504391464188348126e-01,0.000000000000000000e+00,-0.000000000000000000e+00,-0.000000000000000000e+00,-2.975308021227842173e-02,-0.000000000000000000e+00,0.000000000000000000e+00,0.000000000000000000e+00,-0.000000000000000000e+00,-0.000000000000000000e+00,-0.000000000000000000e+00,0.000000000000000000e+00,-0.000000000000000000e+00,-0.000000000000000000e+00,-0.000000000000000000e+00,0.000000000000000000e+00,0.000000000000000000e+00,0.000000000000000000e+00,-0.000000000000000000e+00,0.000000000000000000e+00,1.299163382489350482e+00,-0.000000000000000000e+00,-0.000000000000000000e+00,-0.000000000000000000e+00
0.000000000000000000e+00,-2.768247871575044150e-01,-0.000000000000000000e+00,0.000000000000000000e+00,-0.000000000000000000e+00,-0.000000000000000000e+00,-0.000000000000000000e+00,0.000000000000000000e+00,0.000000000000000000e+00,-1.965967832955109289e-03,-1.903305924243784697e-01,0.000000000000000000e+00,0.000000000000000000e+00,-4.793777255840001583e-01,1.948052943496539902e-01,-0.000000000000000000e+00,-1.262701003390670207e-01,0.000000000000000000e+00,0.000000000000000000e+00,-0.000000000000000000e+00,-0.000000000000000000e+00,0.000000000000000000e+00,-0.000000000000000000e+00,-1.657576157974171294e-01,-1.180548924338389177e-01,-0.000000000000000000e+00,-3.081180187650106039e-01,-0.000000000000000000e+00,-2.235789616646494671e-01,-0.000000000000000000e+00,-3.727841604332732817e-01,-1.142989313223869152e-01,-1.515771779389887552e-01,0.000000000000000000e+00,-2.573123083243756271e-01,-0.000000000000000000e+00,2.757202101068882971e+00,0.000000000000000000e+00,0.000000000000000000e+00
-5.853210263803273472e-01,0.000000000000000000e+00,-0.000000000000000000e+00,-1.775839759381038774e-01,-0.000000000000000000e+00,2.280357809829393623e-01,-0.000000000000000000e+00,0.000000000000000000e+00,-1.576519238844341919e-01,0.000000000000000000e+00,3.628846945879840025e-01,-0.000000000000000000e+00,-1.769561921080618494e-01,0.000000000000000000e+00,-3.513290534230271295e-02,-0.000000000000000000e+00,0.000000000000000000e+00,-2.189613406063982692e-01,-0.000000000000000000e+00,-0.000000000000000000e+00,-0.000000000000000000e+00,-0.000000000000000000e+00,0.000000000000000000e+00,3.347624991092152530e-02,0.000000000000000000e+00,0.000000000000000000e+00,0.000000000000000000e+00,-0.000000000000000000e+00,0.000000000000000000e+00,-0.000000000000000000e+00,4.234314488898245632e-02,5.136371035949860442e-01,0.000000000000000000e+00,-0.000000000000000000e+00,0.000000000000000000e+00,-0.000000000000000000e+00,0.000000000000000000e+00,2.441472019210671363e+00,-0.000000000000000000e+00
-0.000000000000000000e+00,-0.000000000000000000e+00,-0.000000000000000000e+00,-0.000000000000000000e+00,-0.000000000000000000e+00,0.000000000000000000e+00,-0.000000000000000000e+00,0.000000000000000000e+00,-1.328599037543558015e-01,-0.000000000000000000e+00,0.000000000000000000e+00,-5.547967545885287288e-01,-0.000000000000000000e+00,0.000000000000000000e+00,-0.000000000000000000e+00,-0.000000000000000000e+00,0.000000000000000000e+00,-0.000000000000000000e+00,-1.452450486570376342e-01,0.000000000000000000e+00,-0.000000000000000000e+00,-1.521586092574606780e-02,0.000000000000000000e+00,0.000000000000000000e+00,-0.000000000000000000e+00,0.000000000000000000e+00,-0.000000000000000000e+00,-0.000000000000000000e+00,0.000000000000000000e+00,-0.000000000000000000e+00,-0.000000000000000000e+00,0.000000000000000000e+00,-0.000000000000000000e+00,-0.000000000000000000e+00,0.000000000000000000e+00,-0.000000000000000000e+00,0.000000000000000000e+00,-0.000000000000000000e+00,1.383690346592163944e+00
