2.114781031974950487e+00,-5.703676662923287122e-01,0.000000000000000000e+00,-0.000000000000000000e+00,-1.831459859934099210e-01,0.000000000000000000e+00,-0.000000000000000000e+00,-0.000000000000000000e+00,-0.000000000000000000e+00,-1.041685354213191111e-01,-0.000000000000000000e+00,-0.000000000000000000e+00,-0.000000000000000000e+00,-0.000000000000000000e+00,-0.000000000000000000e+00,-3.828351527881963534e-01,-0.000000000000000000e+00,-0.000000000000000000e+00,0.000000000000000000e+00,-0.000000000000000000e+00,0.000000000000000000e+00,-0.000000000000000000e+00,-1.426166382177586067e-01,-0.000000000000000000e+00,-0.000000000000000000e+00,-1.371351451464024040e-01,0.000000000000000000e+00,-0.000000000000000000e+00,-1.689656635395761775e-01,-2.038502225086856745e-01,0.000000000000000000e+00,-0.000000000000000000e+00,-0.000000000000000000e+00,-0.000000000000000000e+00,0.000000000000000000e+00,-2.216452830676521879e-01,-0.000000000000000000e+00,-1.782987255707852714e-01,-0.000000000000000000e+00
-5.703676662923287122e-01,2.070066505412553770e+00,-0.000000000000000000e+00,-0.000000000000000000e+00,-0.000000000000000000e+00,0.000000000000000000e+00,0.000000000000000000e+00,0.000000000000000000e+00,-0.000000000000000000e+00,-0.000000000000000000e+00,-0.000000000000000000e+00,-0.000000000000000000e+00,-0.000000000000000000e+00,-0.000000000000000000e+00,0.000000000000000000e+00,-5.464963297415584981e-02,0.000000000000000000e+00,-0.000000000000000000e+00,1.305121803393103908e-01,-5.649995925746962439e-02,0.000000000000000000e+00,0.000000000000000000e+00,-0.000000000000000000e+00,-0.000000000000000000e+00,-4.850661371977573189e-01,-1.464100303576301165e-01,3.173872588876702761e-02,0.000000000000000000e+00,-0.000000000000000000e+00,-6.230898271358152885e-01,0.000000000000000000e+00,0.000000000000000000e+00,0.000000000000000000e+00,-6.063503718623614036e-02,0.000000000000000000e+00,-0.000000000000000000e+00,4.227758939173624497e-02,-0.000000000000000000e+00,-0.000000000000000000e+00
0.000000000000000000e+00,-0.000000000000000000e+00,2.240451141227312259e+00,-1.806912458652885911e-02,-1.871286240540310231e-01,0.000000000000000000e+00,0.000000000000000000e+00,9.189136472399914712e-01,-4.312402175844991248e-02,-0.000000000000000000e+00,-0.000000000000000000e+00,-0.000000000000000000e+00,0.000000000000000000e+00,-1.786217751792043285e-01,0.000000000000000000e+00,-0.000000000000000000e+00,0.000000000000000000e+00,-5.385401247065371155e-01,0.000000000000000000e+00,0.000000000000000000e+00,-2.240542020947879909e-01,-0.000000000000000000e+00,-0.000000000000000000e+00,0.000000000000000000e+00,-6.077339436923897414e-02,-2.617381012126109296e-01,-0.000000000000000000e+00,-6.749918668594202809e-02,0.000000000000000000e+00,-6.948228804331366137e-02,-0.000000000000000000e+00,-0.000000000000000000e+00,-0.000000000000000000e+00,-0.000000000000000000e+00,-0.000000000000000000e+00,-0.000000000000000000e+00,0.000000000000000000e+00,0.000000000000000000e+00,0.000000000000000000e+00
-0.000000000000000000e+00,-0.000000000000000000e+00,-1.806912458652885911e-02,1.376768276296597815e+00,-0.000000000000000000e+00,0.000000000000000000e+00,-0.000000000000000000e+00,4.541040281008711099e-02,-4.649429610408679914e-02,-0.000000000000000000e+00,-0.000000000000000000e+00,-0.000000000000000000e+00,0.000000000000000000e+00,-2.289948563097130366e-02,5.341001165828465069e-01,-0.000000000000000000e+00,0.000000000000000000e+00,-0.000000000000000000e+00,0.000000000000000000e+00,-0.000000000000000000e+00,-0.000000000000000000e+00,-0.000000000000000000e+00,-0.000000000000000000e+00,-0.000000000000000000e+00,-4.069373062282739123e-02,-2.147171557497231098e-01,-0.000000000000000000e+00,-0.000000000000000000e+00,0.000000000000000000e+00,-0.000000000000000000e+00,-0.000000000000000000e+00,0.000000000000000000e+00,0.000000000000000000e+00,-2.833206744365145413e-01,-0.000000000000000000e+00,-0.000000000000000000e+00,0.000000000000000000e+00,0.000000000000000000e+00,-0.000000000000000000e+00
-1.831459859934099210e-01,-0.000000000000000000e+00,-1.871286240540310231e-01,-0.000000000000000000e+00,1.667393896502682438e+00,0.000000000000000000e+00,-0.000000000000000000e+00,0.000000000000000000e+00,-1.244983512521841557e-01,-5.174186297088149283e-02,-0.000000000000000000e+00,-0.000000000000000000e+00,0.000000000000000000e+00,-3.502860285963683706e-01,0.000000000000000000e+00,-4.209751902166459364e-02,-0.000000000000000000e+00,-4.146303367288186464e-02,0.000000000000000000e+00,-0.000000000000000000e+00,-0.000000000000000000e+00,-0.000000000000000000e+00,-0.000000000000000000e+00,0.000000000000000000e+00,-0.000000000000000000e+00,-0.000000000000000000e+00,-0.000000000000000000e+00,-0.000000000000000000e+00,-0.000000000000000000e+00,-5.965077905084094356e-02,-0.000000000000000000e+00,0.000000000000000000e+00,-0.000000000000000000e+00,-3.138572882357041349e-01,0.000000000000000000e+00,-1.040680226182452983e-01,-0.000000000000000000e+00,-0.000000000000000000e+00,-3.820467858372975783e-02
0.000000000000000000e+00,0.000000000000000000e+00,0.000000000000000000e+00,0.000000000000000000e+00,0.000000000000000000e+00,1.097397018634400867e+00,-0.000000000000000000e+00,-0.000000000000000000e+00,0.000000000000000000e+00,0.000000000000000000e+00,-0.000000000000000000e+00,0.000000000000000000e+00,0.000000000000000000e+00,0.000000000000000000e+00,0.000000000000000000e+00,0.000000000000000000e+00,-0.000000000000000000e+00,-0.000000000000000000e+00,-0.000000000000000000e+00,2.177565423789460941e-01,0.000000000000000000e+00,-0.000000000000000000e+00,-8.152081401086325174e-02,6.049803901490444225e-02,0.000000000000000000e+00,0.000000000000000000e+00,0.000000000000000000e+00,5.655653241612788439e-04,-2.141402389687802332e-01,0.000000000000000000e+00,0.000000000000000000e+00,0.000000000000000000e+00,0.000000000000000000e+00,0.000000000000000000e+00,-0.000000000000000000e+00,-0.000000000000000000e+00,-0.000000000000000000e+00,0.000000000000000000e+00,0.000000000000000000e+00
-0.000000000000000000e+00,0.000000000000000000e+00,0.000000000000000000e+00,-0.000000000000000000e+00,-0.000000000000000000e+00,-0.000000000000000000e+00,1.287713123548551497e+00,-0.000000000000000000e+00,0.000000000000000000e+00,-0.000000000000000000e+00,-0.000000000000000000e+00,4.173610952506871113e-02,-0.000000000000000000e+00,-0.000000000000000000e+00,1.190549730547222837e-02,-0.000000000000000000e+00,-1.472394857908811312e-02,-0.000000000000000000e+00,0.000000000000000000e+00,-0.000000000000000000e+00,-0.000000000000000000e+00,-4.929975817124571114e-01,-0.000000000000000000e+00,-0.000000000000000000e+00,1.287081574638846522e-03,-0.000000000000000000e+00,-0.000000000000000000e+00,-4.523339709293100475e-02,-0.000000000000000000e+00,-0.000000000000000000e+00,-0.000000000000000000e+00,-0.000000000000000000e+00,-0.000000000000000000e+00,0.000000000000000000e+00,-1.745953305301110314e-01,0.000000000000000000e+00,-5.679528912821985021e-02,0.000000000000000000e+00,1.021806395237912918e-01
-0.000000000000000000e+00,0.000000000000000000e+00,9.189136472399914712e-01,4.541040281008711099e-02,0.000000000000000000e+00,-0.000000000000000000e+00,-0.000000000000000000e+00,1.573510753145431762e+00,0.000000000000000000e+00,-0.000000000000000000e+00,-0.000000000000000000e+00,-0.000000000000000000e+00,-0.000000000000000000e+00,0.000000000000000000e+00,-1.640879709682175336e-01,-0.000000000000000000e+00,-0.000000000000000000e+00,0.000000000000000000e+00,-2.533921784115676645e-02,0.000000000000000000e+00,-0.000000000000000000e+00,-0.000000000000000000e+00,-0.000000000000000000e+00,-0.000000000000000000e+00,0.000000000000000000e+00,0.000000000000000000e+00,-0.000000000000000000e+00,0.000000000000000000e+00,-1.222901010410030465e-01,6.415202923015743408e-02,-0.000000000000000000e+00,-0.000000000000000000e+00,-0.000000000000000000e+00,0.000000000000000000e+00,-1.515017071373944979e-01,-0.000000000000000000e+00,-6.602314034277137478e-02,-0.000000000000000000e+00,-0.000000000000000000e+00
-0.000000000000000000e+00,-0.000000000000000000e+00,-4.312402175844991248e-02,-4.649429610408679914e-02,-1.244983512521841557e-01,0.000000000000000000e+00,0.000000000000000000e+00,0.000000000000000000e+00,2.821629276187557434e+00,-3.745214302168756726e-01,-0.000000000000000000e+00,-2.904196571958555517e-01,0.000000000000000000e+00,-4.530492724591691500e-01,-0.000000000000000000e+00,-0.000000000000000000e+00,-0.000000000000000000e+00,-0.000000000000000000e+00,-0.000000000000000000e+00,-0.000000000000000000e+00,-0.000000000000000000e+00,-0.000000000000000000e+00,-0.000000000000000000e+00,-0.000000000000000000e+00,-3.028111042800166741e-01,-4.145835167965027379e-01,-0.000000000000000000e+00,-0.000000000000000000e+00,-0.000000000000000000e+00,-0.000000000000000000e+00,-5.876421956720228462e-02,-0.000000000000000000e+00,-0.000000000000000000e+00,-8.102168377686227441e-01,-0.000000000000000000e+00,-0.000000000000000000e+00,-0.000000000000000000e+00,-0.000000000000000000e+00,-2.648104915161764716e-01
-1.041685354213191111e-01,-0.000000000000000000e+00,-0.000000000000000000e+00,-0.000000000000000000e+00,-5.174186297088149283e-02,0.000000000000000000e+00,-0.000000000000000000e+00,-0.000000000000000000e+00,-3.745214302168756726e-01,2.489454461479629899e+00,-0.000000000000000000e+00,-0.000000000000000000e+00,0.000000000000000000e+00,-1.370566176319651386e-01,-0.000000000000000000e+00,-1.094538775143499398e+00,-0.000000000000000000e+00,-0.000000000000000000e+00,-0.000000000000000000e+00,-0.000000000000000000e+00,-0.000000000000000000e+00,-5.014479325609487795e-03,-0.000000000000000000e+00,-1.185570777414493154e-01,-7.708569125138951816e-02,-2.613111971068492884e-02,-0.000000000000000000e+00,-0.000000000000000000e+00,-0.000000000000000000e+00,-0.000000000000000000e+00,-1.652715136074954239e-01,-0.000000000000000000e+00,-2.216242391397863498e-01,-0.000000000000000000e+00,-0.000000000000000000e+00,-0.000000000000000000e+00,-0.000000000000000000e+00,-0.000000000000000000e+00,-1.664630799422427698e-01
-0.000000000000000000e+00,-0.000000000000000000e+00,-0.000000000000000000e+00,-0.000000000000000000e+00,-0.000000000000000000e+00,-0.000000000000000000e+00,-0.000000000000000000e+00,-0.000000000000000000e+00,-0.000000000000000000e+00,-0.000000000000000000e+00,2.211731967271816757e+00,-1.095307617235212333e-01,-0.000000000000000000e+00,-3.171599548433390314e-01,-0.000000000000000000e+00,-6.799769854784470414e-03,-1.910730754267438714e-01,-0.000000000000000000e+00,-0.000000000000000000e+00,-0.000000000000000000e+00,-2.705178892649000646e-03,-1.562595110531554699e-02,-2.156062361800215321e-01,-0.000000000000000000e+00,-0.000000000000000000e+00,-0.000000000000000000e+00,-8.956081758413626456e-03,-0.000000000000000000e+00,-1.459102654052266967e-01,-0.000000000000000000e+00,-0.000000000000000000e+00,-9.785184085102391904e-01,-8.087872818625739535e-03,0.000000000000000000e+00,-0.000000000000000000e+00,-0.000000000000000000e+00,-3.083422108608552953e-02,-9.511754268826382031e-02,-0.000000000000000000e+00
-0.000000000000000000e+00,-0.000000000000000000e+00,-0.000000000000000000e+00,-0.000000000000000000e+00,-0.000000000000000000e+00,0.000000000000000000e+00,4.173610952506871113e-02,-0.000000000000000000e+00,-2.904196571958555517e-01,-0.000000000000000000e+00,-1.095307617235212333e-01,2.000391863337451781e+00,-0.000000000000000000e+00,-8.386441940080832658e-02,-1.307593078692179979e-02,-0.000000000000000000e+00,-0.000000000000000000e+00,-0.000000000000000000e+00,-0.000000000000000000e+00,-0.000000000000000000e+00,-0.000000000000000000e+00,-0.000000000000000000e+00,-0.000000000000000000e+00,-0.000000000000000000e+00,-0.000000000000000000e+00,-5.658509505864613154e-02,-3.948252673273646152e-01,-0.000000000000000000e+00,-0.000000000000000000e+00,-0.000000000000000000e+00,-0.000000000000000000e+00,-0.000000000000000000e+00,-0.000000000000000000e+00,-0.000000000000000000e+00,-0.000000000000000000e+00,-0.000000000000000000e+00,-0.000000000000000000e+00,-3.406060577027327230e-01,-5.869337320162377747e-01
-0.000000000000000000e+00,-0.000000000000000000e+00,0.000000000000000000e+00,0.000000000000000000e+00,0.000000000000000000e+00,0.000000000000000000e+00,-0.000000000000000000e+00,-0.000000000000000000e+00,0.000000000000000000e+00,0.000000000000000000e+00,-0.000000000000000000e+00,-0.000000000000000000e+00,1.050335677493643649e+00,-0.000000000000000000e+00,-0.000000000000000000e+00,-0.000000000000000000e+00,-1.334153611966940323e-01,-0.000000000000000000e+00,-0.000000000000000000e+00,-0.000000000000000000e+00,0.000000000000000000e+00,-0.000000000000000000e+00,-0.000000000000000000e+00,-0.000000000000000000e+00,0.000000000000000000e+00,0.000000000000000000e+00,0.000000000000000000e+00,0.000000000000000000e+00,-0.000000000000000000e+00,-0.000000000000000000e+00,2.158798654915958515e-01,-0.000000000000000000e+00,0.000000000000000000e+00,9.218458690966882529e-02,-0.000000000000000000e+00,-0.000000000000000000e+00,-0.000000000000000000e+00,-0.000000000000000000e+00,0.000000000000000000e+00
-0.000000000000000000e+00,-0.000000000000000000e+00,-1.786217751792043285e-01,-2.289948563097130366e-02,-3.502860285963683706e-01,0.000000000000000000e+00,-0.000000000000000000e+00,0.000000000000000000e+00,-4.530492724591691500e-01,-1.370566176319651386e-01,-3.171599548433390314e-01,-8.386441940080832658e-02,-0.000000000000000000e+00,2.306289491337765174e+00,-0.000000000000000000e+00,-9.891559760593229833e-02,-0.000000000000000000e+00,-2.992326330582095739e-01,-0.000000000000000000e+00,-0.000000000000000000e+00,-1.553470792168028074e-02,-0.000000000000000000e+00,-1.106911114868946722e-01,-1.259564661780203931e-01,-0.000000000000000000e+00,-1.424291763756411477e-01,-0.000000000000000000e+00,-2.009062318354039589e-01,-0.000000000000000000e+00,-6.510012065019281542e-03,-0.000000000000000000e+00,-9.919500298862122048e-03,-3.731269174904171954e-02,-0.000000000000000000e+00,-1.122876332140720392e-02,-0.000000000000000000e+00,-0.000000000000000000e+00,-0.000000000000000000e+00,-0.000000000000000000e+00
-0.000000000000000000e+00,0.000000000000000000e+00,0.000000000000000000e+00,5.341001165828465069e-01,0.000000000000000000e+00,0.000000000000000000e+00,1.190549730547222837e-02,-1.640879709682175336e-01,-0.000000000000000000e+00,-0.000000000000000000e+00,-0.000000000000000000e+00,-1.307593078692179979e-02,-0.000000000000000000e+00,-0.000000000000000000e+00,1.786182850304671055e+00,-0.000000000000000000e+00,-0.000000000000000000e+00,-0.000000000000000000e+00,-5.517560263743150895e-01,-0.000000000000000000e+00,-0.000000000000000000e+00,-0.000000000000000000e+00,-0.000000000000000000e+00,-0.000000000000000000e+00,-0.000000000000000000e+00,0.000000000000000000e+00,-0.000000000000000000e+00,-0.000000000000000000e+00,-1.763901952297261197e-02,0.000000000000000000e+00,-0.000000000000000000e+00,-1.010252199581950817e-02,-0.000000000000000000e+00,0.000000000000000000e+00,-0.000000000000000000e+00,-0.000000000000000000e+00,-0.000000000000000000e+00,-6.395978241205360071e-01,-0.000000000000000000e+00
-3.828351527881963534e-01,-5.464963297415584981e-02,-0.000000000000000000e+00,-0.000000000000000000e+00,-4.209751902166459364e-02,0.000000000000000000e+00,-0.000000000000000000e+00,-0.000000000000000000e+00,-0.000000000000000000e+00,-1.094538775143499398e+00,-6.799769854784470414e-03,-0.000000000000000000e+00,-0.000000000000000000e+00,-9.891559760593229833e-02,-0.000000000000000000e+00,2.402764989895708858e+00,-0.000000000000000000e+00,-0.000000000000000000e+00,-0.000000000000000000e+00,-2.184797301961565741e-01,-3.113170874540505118e-02,-2.398165275057099685e-02,-0.000000000000000000e+00,-7.163034893896610793e-03,-0.000000000000000000e+00,-2.006388805765433880e-01,-0.000000000000000000e+00,-2.278070317999718042e-01,-0.000000000000000000e+00,-5.685922127494772577e-02,-0.000000000000000000e+00,-5.022139993264707752e-02,-0.000000000000000000e+00,-0.000000000000000000e+00,-0.000000000000000000e+00,-0.000000000000000000e+00,-0.000000000000000000e+00,-0.000000000000000000e+00,-0.000000000000000000e+00
-0.000000000000000000e+00,0.000000000000000000e+00,0.000000000000000000e+00,0.000000000000000000e+00,-0.000000000000000000e+00,-0.000000000000000000e+00,-1.472394857908811312e-02,-0.000000000000000000e+00,-0.000000000000000000e+00,-0.000000000000000000e+00,-1.910730754267438714e-01,-0.000000000000000000e+00,-1.334153611966940323e-01,-0.000000000000000000e+00,-0.000000000000000000e+00,-0.000000000000000000e+00,2.238824562536430474e+00,-3.811245511659474335e-03,-2.441591829668881553e-01,0.000000000000000000e+00,-0.000000000000000000e+00,-1.007912601402936315e-01,-3.189734523840582203e-01,-0.000000000000000000e+00,0.000000000000000000e+00,-0.000000000000000000e+00,-0.000000000000000000e+00,-0.000000000000000000e+00,-3.839306289306069209e-01,0.000000000000000000e+00,-0.000000000000000000e+00,-3.181282554291186004e-01,-7.400831083350323247e-02,0.000000000000000000e+00,-4.711309769885904664e-01,-0.000000000000000000e+00,-2.500862544718155389e-01,-0.000000000000000000e+00,-0.000000000000000000e+00
-0.000000000000000000e+00,-0.000000000000000000e+00,-5.385401247065371155e-01,-0.000000000000000000e+00,-4.146303367288186464e-02,-0.000000000000000000e+00,-0.000000000000000000e+00,0.000000000000000000e+00,-0.000000000000000000e+00,-0.000000000000000000e+00,-0.000000000000000000e+00,-0.000000000000000000e+00,-0.000000000000000000e+00,-2.992326330582095739e-01,-0.000000000000000000e+00,-0.000000000000000000e+00,-3.811245511659474335e-03,1.651222281452149554e+00,-3.063682104536551987e-01,4.254164265206433065e-02,-0.000000000000000000e+00,-0.000000000000000000e+00,-2.044537482378948889e-01,-0.000000000000000000e+00,-0.000000000000000000e+00,-4.817896127221353575e-03,-0.000000000000000000e+00,-0.000000000000000000e+00,-0.000000000000000000e+00,-0.000000000000000000e+00,-0.000000000000000000e+00,-0.000000000000000000e+00,-0.000000000000000000e+00,0.000000000000000000e+00,-1.008595740321208134e-01,-2.659939598523184540e-02,-0.000000000000000000e+00,-0.000000000000000000e+00,0.000000000000000000e+00
0.000000000000000000e+00,1.305121803393103908e-01,0.000000000000000000e+00,0.000000000000000000e+00,0.000000000000000000e+00,-0.000000000000000000e+00,0.000000000000000000e+00,-2.533921784115676645e-02,-0.000000000000000000e+00,-0.000000000000000000e+00,-0.000000000000000000e+00,-0.000000000000000000e+00,-0.000000000000000000e+00,-0.000000000000000000e+00,-5.517560263743150895e-01,-0.000000000000000000e+00,-2.441591829668881553e-01,-3.063682104536551987e-01,1.550280097050332762e+00,1.371084077298493353e-01,-0.000000000000000000e+00,-0.000000000000000000e+00,-1.925800491162405967e-02,-0.000000000000000000e+00,0.000000000000000000e+00,0.000000000000000000e+00,-0.000000000000000000e+00,-0.000000000000000000e+00,-0.000000000000000000e+00,0.000000000000000000e+00,-0.000000000000000000e+00,-1.049327787189340694e-01,-0.000000000000000000e+00,0.000000000000000000e+00,-1.207010037204296338e-01,-0.000000000000000000e+00,-0.000000000000000000e+00,-1.715722594573669199e-02,-0.000000000000000000e+00
-0.000000000000000000e+00,-5.649995925746962439e-02,0.000000000000000000e+00,-0.000000000000000000e+00,-0.000000000000000000e+00,2.177565423789460941e-01,-0.000000000000000000e+00,0.000000000000000000e+00,-0.000000000000000000e+00,-0.000000000000000000e+00,-0.000000000000000000e+00,-0.000000000000000000e+00,-0.000000000000000000e+00,-0.000000000000000000e+00,-0.000000000000000000e+00,-2.184797301961565741e-01,0.000000000000000000e+00,4.254164265206433065e-02,1.371084077298493353e-01,1.142914283389413033e+00,-1.125241769615051984e-01,-0.000000000000000000e+00,0.000000000000000000e+00,-0.000000000000000000e+00,-0.000000000000000000e+00,-0.000000000000000000e+00,-0.000000000000000000e+00,-6.485448386939368648e-02,0.000000000000000000e+00,-0.000000000000000000e+00,-0.000000000000000000e+00,-0.000000000000000000e+00,-0.000000000000000000e+00,-0.000000000000000000e+00,4.721776985855005021e-02,0.000000000000000000e+00,-0.000000000000000000e+00,-0.000000000000000000e+00,-0.000000000000000000e+00
0.000000000000000000e+00,0.000000000000000000e+00,-2.240542020947879909e-01,-0.000000000000000000e+00,-0.000000000000000000e+00,0.000000000000000000e+00,-0.000000000000000000e+00,-0.000000000000000000e+00,-0.000000000000000000e+00,-0.000000000000000000e+00,-2.705178892649000646e-03,-0.000000000000000000e+00,0.000000000000000000e+00,-1.553470792168028074e-02,-0.000000000000000000e+00,-3.113170874540505118e-02,-0.000000000000000000e+00,-0.000000000000000000e+00,-0.000000000000000000e+00,-1.125241769615051984e-01,2.131624249321278253e+00,-3.026025510445069511e-01,-0.000000000000000000e+00,-0.000000000000000000e+00,-0.000000000000000000e+00,-0.000000000000000000e+00,-0.000000000000000000e+00,-6.676607060931271098e-01,-0.000000000000000000e+00,-0.000000000000000000e+00,-0.000000000000000000e+00,-2.777923349229681760e-01,-4.325694668686770883e-01,0.000000000000000000e+00,-0.000000000000000000e+00,0.000000000000000000e+00,-0.000000000000000000e+00,-0.000000000000000000e+00,0.000000000000000000e+00
-0.000000000000000000e+00,0.000000000000000000e+00,-0.000000000000000000e+00,-0.000000000000000000e+00,-0.000000000000000000e+00,-0.000000000000000000e+00,-4.929975817124571114e-01,-0.000000000000000000e+00,-0.000000000000000000e+00,-5.014479325609487795e-03,-1.562595110531554699e-02,-0.000000000000000000e+00,-0.000000000000000000e+00,-0.000000000000000000e+00,-0.000000000000000000e+00,-2.398165275057099685e-02,-1.007912601402936315e-01,-0.000000000000000000e+00,-0.000000000000000000e+00,-0.000000000000000000e+00,-3.026025510445069511e-01,1.989847974978092182e+00,-0.000000000000000000e+00,0.000000000000000000e+00,0.000000000000000000e+00,-0.000000000000000000e+00,-6.072733096776993661e-02,-5.138986744798332840e-01,-1.199072127160603907e-02,-0.000000000000000000e+00,-2.226941010712840674e-01,-7.199855062872448364e-02,-1.067887643380807938e-01,0.000000000000000000e+00,-0.000000000000000000e+00,-0.000000000000000000e+00,-3.406697835463267775e-03,-0.000000000000000000e+00,-0.000000000000000000e+00
-1.426166382177586067e-01,-0.000000000000000000e+00,-0.000000000000000000e+00,-0.000000000000000000e+00,-0.000000000000000000e+00,-8.152081401086325174e-02,-0.000000000000000000e+00,-0.000000000000000000e+00,-0.000000000000000000e+00,-0.000000000000000000e+00,-2.156062361800215321e-01,-0.000000000000000000e+00,-0.000000000000000000e+00,-1.106911114868946722e-01,-0.000000000000000000e+00,-0.000000000000000000e+00,-3.189734523840582203e-01,-2.044537482378948889e-01,-1.925800491162405967e-02,0.000000000000000000e+00,-0.000000000000000000e+00,-0.000000000000000000e+00,1.785690103748987623e+00,-2.946627406401555183e-01,-1.015027764117255038e-01,-0.000000000000000000e+00,-0.000000000000000000e+00,-0.000000000000000000e+00,-1.259520753346969613e-01,-0.000000000000000000e+00,-0.000000000000000000e+00,-1.065043845396422828e-01,-0.000000000000000000e+00,0.000000000000000000e+00,-0.000000000000000000e+00,-2.075580734239375891e-01,-0.000000000000000000e+00,-0.000000000000000000e+00,-0.000000000000000000e+00
-0.000000000000000000e+00,-0.000000000000000000e+00,0.000000000000000000e+00,-0.000000000000000000e+00,0.000000000000000000e+00,6.049803901490444225e-02,-0.000000000000000000e+00,-0.000000000000000000e+00,-0.000000000000000000e+00,-1.185570777414493154e-01,-0.000000000000000000e+00,-0.000000000000000000e+00,-0.000000000000000000e+00,-1.259564661780203931e-01,-0.000000000000000000e+00,-7.163034893896610793e-03,-0.000000000000000000e+00,-0.000000000000000000e+00,-0.000000000000000000e+00,-0.000000000000000000e+00,-0.000000000000000000e+00,0.000000000000000000e+00,-2.946627406401555183e-01,1.216422279501281123e+00,-0.000000000000000000e+00,-0.000000000000000000e+00,-0.000000000000000000e+00,-0.000000000000000000e+00,-0.000000000000000000e+00,-0.000000000000000000e+00,-0.000000000000000000e+00,-0.000000000000000000e+00,-0.000000000000000000e+00,0.000000000000000000e+00,-1.161588434360098648e-01,0.000000000000000000e+00,-1.810811279646988917e-02,-0.000000000000000000e+00,-0.000000000000000000e+00
-0.000000000000000000e+00,-4.850661371977573189e-01,-6.077339436923897414e-02,-4.069373062282739123e-02,-0.000000000000000000e+00,0.000000000000000000e+00,1.287081574638846522e-03,0.000000000000000000e+00,-3.028111042800166741e-01,-7.708569125138951816e-02,-0.000000000000000000e+00,-0.000000000000000000e+00,0.000000000000000000e+00,-0.000000000000000000e+00,-0.000000000000000000e+00,-0.000000000000000000e+00,0.000000000000000000e+00,-0.000000000000000000e+00,0.000000000000000000e+00,-0.000000000000000000e+00,-0.000000000000000000e+00,0.000000000000000000e+00,-1.015027764117255038e-01,-0.000000000000000000e+00,1.969102575067475769e+00,-2.612475816345663504e-01,0.000000000000000000e+00,-0.000000000000000000e+00,0.000000000000000000e+00,-1.662337389098650364e-01,0.000000000000000000e+00,-0.000000000000000000e+00,-0.000000000000000000e+00,-7.612275540864942014e-02,0.000000000000000000e+00,-3.331169934301416724e-01,0.000000000000000000e+00,-0.000000000000000000e+00,-1.011761153749685532e-01
-1.371351451464024040e-01,-1.464100303576301165e-01,-2.617381012126109296e-01,-2.147171557497231098e-01,-0.000000000000000000e+00,0.000000000000000000e+00,-0.000000000000000000e+00,0.000000000000000000e+00,-4.145835167965027379e-01,-2.613111971068492884e-02,-0.000000000000000000e+00,-5.658509505864613154e-02,0.000000000000000000e+00,-1.424291763756411477e-01,0.000000000000000000e+00,-2.006388805765433880e-01,-0.000000000000000000e+00,-4.817896127221353575e-03,0.000000000000000000e+00,-0.000000000000000000e+00,-0.000000000000000000e+00,-0.000000000000000000e+00,-0.000000000000000000e+00,-0.000000000000000000e+00,-2.612475816345663504e-01,2.125455366164154203e+00,-0.000000000000000000e+00,-3.115133228610386662e-02,-0.000000000000000000e+00,-1.922349321882999562e-01,-0.000000000000000000e+00,-0.000000000000000000e+00,-0.000000000000000000e+00,-0.000000000000000000e+00,-0.000000000000000000e+00,-0.000000000000000000e+00,-0.000000000000000000e+00,-2.518469554425558643e-01,-0.000000000000000000e+00
0.000000000000000000e+00,3.173872588876702761e-02,-0.000000000000000000e+00,-0.000000000000000000e+00,-0.000000000000000000e+00,0.000000000000000000e+00,-0.000000000000000000e+00,-0.000000000000000000e+00,-0.000000000000000000e+00,-0.000000000000000000e+00,-8.956081758413626456e-03,-3.948252673273646152e-01,0.000000000000000000e+00,-0.000000000000000000e+00,-0.000000000000000000e+00,-0.000000000000000000e+00,-0.000000000000000000e+00,-0.000000000000000000e+00,-0.000000000000000000e+00,-0.000000000000000000e+00,-0.000000000000000000e+00,-6.072733096776993661e-02,-0.000000000000000000e+00,-0.000000000000000000e+00,0.000000000000000000e+00,-0.000000000000000000e+00,2.248319513358013833e+00,-0.000000000000000000e+00,-0.000000000000000000e+00,0.000000000000000000e+00,-7.213621196001981373e-01,-3.162631097766623878e-01,-2.781781115941875937e-01,0.000000000000000000e+00,-0.000000000000000000e+00,-0.000000000000000000e+00,-2.472689329223122859e-02,-6.172190912118707962e-03,-3.797044044495527237e-01
-0.000000000000000000e+00,0.000000000000000000e+00,-6.749918668594202809e-02,-0.000000000000000000e+00,-0.000000000000000000e+00,5.655653241612788439e-04,-4.523339709293100475e-02,0.000000000000000000e+00,-0.000000000000000000e+00,-0.000000000000000000e+00,-0.000000000000000000e+00,-0.000000000000000000e+00,0.000000000000000000e+00,-2.009062318354039589e-01,-0.000000000000000000e+00,-2.278070317999718042e-01,-0.000000000000000000e+00,-0.000000000000000000e+00,-0.000000000000000000e+00,-6.485448386939368648e-02,-6.676607060931271098e-01,-5.138986744798332840e-01,-0.000000000000000000e+00,-0.000000000000000000e+00,-0.000000000000000000e+00,-3.115133228610386662e-02,-0.000000000000000000e+00,2.550096643217438341e+00,-0.000000000000000000e+00,-0.000000000000000000e+00,-2.825546519265971224e-01,-6.354643794637623855e-02,-5.031014114212302157e-01,-0.000000000000000000e+00,-0.000000000000000000e+00,0.000000000000000000e+00,-0.000000000000000000e+00,-0.000000000000000000e+00,0.000000000000000000e+00
-1.689656635395761775e-01,-0.000000000000000000e+00,0.000000000000000000e+00,0.000000000000000000e+00,-0.000000000000000000e+00,-2.141402389687802332e-01,-0.000000000000000000e+00,-1.222901010410030465e-01,-0.000000000000000000e+00,-0.000000000000000000e+00,-1.459102654052266967e-01,-0.000000000000000000e+00,-0.000000000000000000e+00,-0.000000000000000000e+00,-1.763901952297261197e-02,-0.000000000000000000e+00,-3.839306289306069209e-01,-0.000000000000000000e+00,-0.000000000000000000e+00,0.000000000000000000e+00,-0.000000000000000000e+00,-1.199072127160603907e-02,-1.259520753346969613e-01,-0.000000000000000000e+00,0.000000000000000000e+00,-0.000000000000000000e+00,-0.000000000000000000e+00,-0.000000000000000000e+00,1.700141218392563713e+00,-0.000000000000000000e+00,-0.000000000000000000e+00,-0.000000000000000000e+00,-5.013355106171767800e-02,0.000000000000000000e+00,-3.814712135892188716e-01,-0.000000000000000000e+00,-0.000000000000000000e+00,-1.360835063120275634e-01,-0.000000000000000000e+00
-2.038502225086856745e-01,-6.230898271358152885e-01,-6.948228804331366137e-02,-0.000000000000000000e+00,-5.965077905084094356e-02,0.000000000000000000e+00,-0.000000000000000000e+00,6.415202923015743408e-02,-0.000000000000000000e+00,-0.000000000000000000e+00,-0.000000000000000000e+00,-0.000000000000000000e+00,-0.000000000000000000e+00,-6.510012065019281542e-03,0.000000000000000000e+00,-5.685922127494772577e-02,0.000000000000000000e+00,-0.000000000000000000e+00,0.000000000000000000e+00,-0.000000000000000000e+00,-0.000000000000000000e+00,-0.000000000000000000e+00,-0.000000000000000000e+00,-0.000000000000000000e+00,-1.662337389098650364e-01,-1.922349321882999562e-01,0.000000000000000000e+00,-0.000000000000000000e+00,-0.000000000000000000e+00,1.724318044557787255e+00,0.000000000000000000e+00,0.000000000000000000e+00,0.000000000000000000e+00,-0.000000000000000000e+00,0.000000000000000000e+00,-5.523166632613471516e-02,4.326403814216876059e-02,-0.000000000000000000e+00,-0.000000000000000000e+00
0.000000000000000000e+00,0.000000000000000000e+00,-0.000000000000000000e+00,-0.000000000000000000e+00,-0.000000000000000000e+00,0.000000000000000000e+00,-0.000000000000000000e+00,-0.000000000000000000e+00,-5.876421956720228462e-02,-1.652715136074954239e-01,-0.000000000000000000e+00,-0.000000000000000000e+00,2.158798654915958515e-01,-0.000000000000000000e+00,-0.000000000000000000e+00,-0.000000000000000000e+00,-0.000000000000000000e+00,-0.000000000000000000e+00,-0.000000000000000000e+00,-0.000000000000000000e+00,-0.000000000000000000e+00,-2.226941010712840674e-01,-0.000000000000000000e+00,-0.000000000000000000e+00,0.000000000000000000e+00,-0.000000000000000000e+00,-7.213621196001981373e-01,-2.825546519265971224e-01,-0.000000000000000000e+00,0.000000000000000000e+00,2.725098237140923363e+00,-0.000000000000000000e+00,-6.738702475728788333e-01,-0.000000000000000000e+00,-0.000000000000000000e+00,0.000000000000000000e+00,-6.049152429944483211e-01,-0.000000000000000000e+00,-0.000000000000000000e+00
-0.000000000000000000e+00,0.000000000000000000e+00,-0.000000000000000000e+00,0.000000000000000000e+00,0.000000000000000000e+00,0.000000000000000000e+00,-0.000000000000000000e+00,-0.000000000000000000e+00,-0.000000000000000000e+00,-0.000000000000000000e+00,-9.785184085102391904e-01,-0.000000000000000000e+00,-0.000000000000000000e+00,-9.919500298862122048e-03,-1.010252199581950817e-02,-5.022139993264707752e-02,-3.181282554291186004e-01,-0.000000000000000000e+00,-1.049327787189340694e-01,-0.000000000000000000e+00,-2.777923349229681760e-01,-7.199855062872448364e-02,-1.065043845396422828e-01,-0.000000000000000000e+00,-0.000000000000000000e+00,-0.000000000000000000e+00,-3.162631097766623878e-01,-6.354643794637623855e-02,-0.000000000000000000e+00,0.000000000000000000e+00,-0.000000000000000000e+00,2.748457606378431617e+00,-0.000000000000000000e+00,8.504531648762922447e-02,-0.000000000000000000e+00,-0.000000000000000000e+00,-6.690306145170958896e-01,-0.000000000000000000e+00,-0.000000000000000000e+00
-0.000000000000000000e+00,0.000000000000000000e+00,-0.000000000000000000e+00,0.000000000000000000e+00,-0.000000000000000000e+00,0.000000000000000000e+00,-0.000000000000000000e+00,-0.000000000000000000e+00,-0.000000000000000000e+00,-2.216242391397863498e-01,-8.087872818625739535e-03,-0.000000000000000000e+00,0.000000000000000000e+00,-3.731269174904171954e-02,-0.000000000000000000e+00,-0.000000000000000000e+00,-7.400831083350323247e-02,-0.000000000000000000e+00,-0.000000000000000000e+00,-0.000000000000000000e+00,-4.325694668686770883e-01,-1.067887643380807938e-01,-0.000000000000000000e+00,-0.000000000000000000e+00,-0.000000000000000000e+00,-0.000000000000000000e+00,-2.781781115941875937e-01,-5.031014114212302157e-01,-5.013355106171767800e-02,0.000000000000000000e+00,-6.738702475728788333e-01,-0.000000000000000000e+00,2.721300701538832190e+00,-0.000000000000000000e+00,-3.473319858790309134e-01,0.000000000000000000e+00,-1.493176874597080817e-01,-0.000000000000000000e+00,-0.000000000000000000e+00
-0.000000000000000000e+00,-6.063503718623614036e-02,-0.000000000000000000e+00,-2.833206744365145413e-01,-3.138572882357041349e-01,0.000000000000000000e+00,0.000000000000000000e+00,0.000000000000000000e+00,-8.102168377686227441e-01,-0.000000000000000000e+00,0.000000000000000000e+00,-0.000000000000000000e+00,9.218458690966882529e-02,-0.000000000000000000e+00,0.000000000000000000e+00,-0.000000000000000000e+00,0.000000000000000000e+00,0.000000000000000000e+00,0.000000000000000000e+00,-0.000000000000000000e+00,0.000000000000000000e+00,0.000000000000000000e+00,0.000000000000000000e+00,0.000000000000000000e+00,-7.612275540864942014e-02,-0.000000000000000000e+00,0.000000000000000000e+00,-0.000000000000000000e+00,0.000000000000000000e+00,-0.000000000000000000e+00,-0.000000000000000000e+00,8.504531648762922447e-02,-0.000000000000000000e+00,1.820162403772005000e+00,0.000000000000000000e+00,0.000000000000000000e+00,0.000000000000000000e+00,-0.000000000000000000e+00,-9.518619644416044523e-02
0.000000000000000000e+00,0.000000000000000000e+00,-0.000000000000000000e+00,-0.000000000000000000e+00,0.000000000000000000e+00,-0.000000000000000000e+00,-1.745953305301110314e-01,-1.515017071373944979e-01,-0.000000000000000000e+00,-0.000000000000000000e+00,-0.000000000000000000e+00,-0.000000000000000000e+00,-0.000000000000000000e+00,-1.122876332140720392e-02,-0.000000000000000000e+00,-0.000000000000000000e+00,-4.711309769885904664e-01,-1.008595740321208134e-01,-1.207010037204296338e-01,4.721776985855005021e-02,-0.000000000000000000e+00,-0.000000000000000000e+00,-0.000000000000000000e+00,-1.161588434360098648e-01,0.000000000000000000e+00,-0.000000000000000000e+00,-0.000000000000000000e+00,-0.000000000000000000e+00,-3.814712135892188716e-01,0.000000000000000000e+00,-0.000000000000000000e+00,-0.000000000000000000e+00,-3.473319858790309134e-01,0.000000000000000000e+00,1.923847723953459266e+00,-0.000000000000000000e+00,-2.220528335484707738e-01,-0.000000000000000000e+00,0.000000000000000000e+00
-2.216452830676521879e-01,-0.000000000000000000e+00,-0.000000000000000000e+00,-0.000000000000000000e+00,-1.040680226182452983e-01,-0.000000000000000000e+00,0.000000000000000000e+00,-0.000000000000000000e+00,-0.000000000000000000e+00,-0.000000000000000000e+00,-0.000000000000000000e+00,-0.000000000000000000e+00,-0.000000000000000000e+00,-0.000000000000000000e+00,-0.000000000000000000e+00,-0.000000000000000000e+00,-0.000000000000000000e+00,-2.659939598523184540e-02,-0.000000000000000000e+00,0.000000000000000000e+00,0.000000000000000000e+00,-0.000000000000000000e+00,-2.075580734239375891e-01,0.000000000000000000e+00,-3.331169934301416724e-01,-0.000000000000000000e+00,-0.000000000000000000e+00,0.000000000000000000e+00,-0.000000000000000000e+00,-5.523166632613471516e-02,0.000000000000000000e+00,-0.000000000000000000e+00,0.000000000000000000e+00,0.000000000000000000e+00,-0.000000000000000000e+00,1.361979445482741191e+00,0.000000000000000000e+00,-0.000000000000000000e+00,-0.000000000000000000e+00
-0.000000000000000000e+00,4.227758939173624497e-02,0.000000000000000000e+00,0.000000000000000000e+00,-0.000000000000000000e+00,-0.000000000000000000e+00,-5.679528912821985021e-02,-6.602314034277137478e-02,-0.000000000000000000e+00,-0.000000000000000000e+00,-3.083422108608552953e-02,-0.000000000000000000e+00,-0.000000000000000000e+00,-0.000000000000000000e+00,-0.000000000000000000e+00,-0.000000000000000000e+00,-2.500862544718155389e-01,-0.000000000000000000e+00,-0.000000000000000000e+00,-0.000000000000000000e+00,-0.000000000000000000e+00,-3.406697835463267775e-03,-0.000000000000000000e+00,-1.810811279646988917e-02,0.000000000000000000e+00,-0.000000000000000000e+00,-2.472689329223122859e-02,-0.000000000000000000e+00,-0.000000000000000000e+00,4.326403814216876059e-02,-6.049152429944483211e-01,-6.690306145170958896e-01,-1.493176874597080817e-01,0.000000000000000000e+00,-2.220528335484707738e-01,0.000000000000000000e+00,2.150571104940795397e+00,-0.000000000000000000e+00,-0.000000000000000000e+00
-1.782987255707852714e-01,-0.000000000000000000e+00,0.000000000000000000e+00,0.000000000000000000e+00,-0.000000000000000000e+00,0.000000000000000000e+00,0.000000000000000000e+00,-0.000000000000000000e+00,-0.000000000000000000e+00,-0.000000000000000000e+00,-9.511754268826382031e-02,-3.406060577027327230e-01,-0.000000000000000000e+00,-0.000000000000000000e+00,-6.395978241205360071e-01,-0.000000000000000000e+00,-0.000000000000000000e+00,-0.000000000000000000e+00,-1.715722594573669199e-02,-0.000000000000000000e+00,-0.000000000000000000e+00,-0.000000000000000000e+00,-0.000000000000000000e+00,-0.000000000000000000e+00,-0.000000000000000000e+00,-2.518469554425558643e-01,-6.172190912118707962e-03,-0.000000000000000000e+00,-1.360835063120275634e-01,-0.000000000000000000e+00,-0.000000000000000000e+00,-0.000000000000000000e+00,-0.000000000000000000e+00,-0.000000000000000000e+00,-0.000000000000000000e+00,-0.000000000000000000e+00,-0.000000000000000000e+00,1.939698766607199865e+00,-3.926115420239751908e-01
-0.000000000000000000e+00,-0.000000000000000000e+00,0.000000000000000000e+00,-0.000000000000000000e+00,-3.820467858372975783e-02,0.000000000000000000e+00,1.021806395237912918e-01,-0.000000000000000000e+00,-2.648104915161764716e-01,-1.664630799422427698e-01,-0.000000000000000000e+00,-5.869337320162377747e-01,0.000000000000000000e+00,-0.000000000000000000e+00,-0.000000000000000000e+00,-0.000000000000000000e+00,-0.000000000000000000e+00,0.000000000000000000e+00,-0.000000000000000000e+00,-0.000000000000000000e+00,0.000000000000000000e+00,-0.000000000000000000e+00,-0.000000000000000000e+00,-0.000000000000000000e+00,-1.011761153749685532e-01,-0.000000000000000000e+00,-3.797044044495527237e-01,0.000000000000000000e+00,-0.000000000000000000e+00,-0.000000000000000000e+00,-0.000000000000000000e+00,-0.000000000000000000e+00,-0.000000000000000000e+00,-9.518619644416044523e-02,0.000000000000000000e+00,-0.000000000000000000e+00,-0.000000000000000000e+00,-3.926115420239751908e-01,2.066068366043723792e+00
