2.705506737699442610e+00,-3.561880597779332747e-01,-0.000000000000000000e+00,0.000000000000000000e+00,-1.976484951449032912e-01,0.000000000000000000e+00,3.032808794517344309e-02,0.000000000000000000e+00,-6.713004797980180738e-02,-0.000000000000000000e+00,-0.000000000000000000e+00,-0.000000000000000000e+00,-0.000000000000000000e+00,-0.000000000000000000e+00,-1.434325646903964191e-01,-3.695354585477207410e-01,-4.306603620484407424e-02,-0.000000000000000000e+00,-0.000000000000000000e+00,-0.000000000000000000e+00,0.000000000000000000e+00,0.000000000000000000e+00,-0.000000000000000000e+00,-0.000000000000000000e+00,-3.640822989647848895e-01,-0.000000000000000000e+00,-0.000000000000000000e+00,-0.000000000000000000e+00,0.000000000000000000e+00,-0.000000000000000000e+00,0.000000000000000000e+00,-0.000000000000000000e+00,0.000000000000000000e+00,-1.116376990048983248e-01,0.000000000000000000e+00,-2.289313890604975366e-01,-0.000000000000000000e+00,-8.869359799883309581e-01,-0.000000000000000000e+00
-3.561880597779332747e-01,2.784287097800461908e+00,-0.000000000000000000e+00,-0.000000000000000000e+00,-5.005524689671798921e-02,0.000000000000000000e+00,0.000000000000000000e+00,0.000000000000000000e+00,-3.878722128528621638e-01,-3.840056891471448908e-01,-0.000000000000000000e+00,-0.000000000000000000e+00,0.000000000000000000e+00,-1.494547474918293643e-02,-7.264448888361220436e-02,-4.351748022776418257e-01,-0.000000000000000000e+00,-0.000000000000000000e+00,-0.000000000000000000e+00,0.000000000000000000e+00,-0.000000000000000000e+00,0.000000000000000000e+00,-1.319368778120755537e-01,-0.000000000000000000e+00,-0.000000000000000000e+00,-0.000000000000000000e+00,-0.000000000000000000e+00,-0.000000000000000000e+00,0.000000000000000000e+00,-0.000000000000000000e+00,-0.000000000000000000e+00,-5.778403244107714887e-01,0.000000000000000000e+00,-2.684867327622975641e-01,0.000000000000000000e+00,-9.776011990369615212e-02,-0.000000000000000000e+00,-8.401479904441573610e-02,-1.719580214125278339e-02
-0.000000000000000000e+00,-0.000000000000000000e+00,2.661339961984723779e+00,0.000000000000000000e+00,-9.590339987409926548e-02,-0.000000000000000000e+00,0.000000000000000000e+00,6.508783454544636582e-01,-0.000000000000000000e+00,-0.000000000000000000e+00,-0.000000000000000000e+00,-0.000000000000000000e+00,8.294251670395243192e-02,-2.967919407740995386e-01,-0.000000000000000000e+00,-0.000000000000000000e+00,-0.000000000000000000e+00,-0.000000000000000000e+00,-0.000000000000000000e+00,0.000000000000000000e+00,-9.943969563830312719e-02,0.000000000000000000e+00,-0.000000000000000000e+00,-7.059178388004562488e-02,-2.338771925608164326e-02,-4.003680464524194682e-01,-6.262975937211166799e-02,-1.276203240477185863e-01,-0.000000000000000000e+00,-0.000000000000000000e+00,-6.358692915694310610e-01,-0.000000000000000000e+00,-0.000000000000000000e+00,-2.879560571557620019e-01,-0.000000000000000000e+00,-0.000000000000000000e+00,-0.000000000000000000e+00,-0.000000000000000000e+00,-0.000000000000000000e+00
0.000000000000000000e+00,-0.000000000000000000e+00,0.000000000000000000e+00,1.171374151887997206e+00,-0.000000000000000000e+00,0.000000000000000000e+00,-3.918218769203855589e-01,-0.000000000000000000e+00,-0.000000000000000000e+00,-0.000000000000000000e+00,-0.000000000000000000e+00,-0.000000000000000000e+00,-0.000000000000000000e+00,0.000000000000000000e+00,6.160632854395154540e-02,-0.000000000000000000e+00,0.000000000000000000e+00,-2.006677748957195750e-01,-0.000000000000000000e+00,0.000000000000000000e+00,-0.000000000000000000e+00,-0.000000000000000000e+00,0.000000000000000000e+00,0.000000000000000000e+00,0.000000000000000000e+00,-0.000000000000000000e+00,-0.000000000000000000e+00,0.000000000000000000e+00,-0.000000000000000000e+00,-3.439986750217320643e-02,0.000000000000000000e+00,-0.000000000000000000e+00,-0.000000000000000000e+00,0.000000000000000000e+00,-0.000000000000000000e+00,0.000000000000000000e+00,0.000000000000000000e+00,0.000000000000000000e+00,-0.000000000000000000e+00
-1.976484951449032912e-01,-5.005524689671798921e-02,-9.590339987409926548e-02,-0.000000000000000000e+00,2.353425642333749845e+00,0.000000000000000000e+00,0.000000000000000000e+00,0.000000000000000000e+00,-3.350992521662628509e-01,-8.551751031238859213e-02,-1.012593163726508844e-01,-0.000000000000000000e+00,0.000000000000000000e+00,-4.113309698730628905e-01,-0.000000000000000000e+00,-2.597014268329967401e-01,-8.945415202762639628e-02,-0.000000000000000000e+00,-0.000000000000000000e+00,0.000000000000000000e+00,-0.000000000000000000e+00,0.000000000000000000e+00,-0.000000000000000000e+00,-0.000000000000000000e+00,-3.203173667711395889e-01,-1.843450209873173651e-01,-0.000000000000000000e+00,-0.000000000000000000e+00,-0.000000000000000000e+00,-0.000000000000000000e+00,-0.000000000000000000e+00,-0.000000000000000000e+00,-0.000000000000000000e+00,-2.474461062838762340e-02,0.000000000000000000e+00,-0.000000000000000000e+00,-0.000000000000000000e+00,-9.263142506036924420e-03,-1.619163231688280358e-01
0.000000000000000000e+00,0.000000000000000000e+00,-0.000000000000000000e+00,0.000000000000000000e+00,0.000000000000000000e+00,1.927923911699377602e+00,-0.000000000000000000e+00,0.000000000000000000e+00,-0.000000000000000000e+00,0.000000000000000000e+00,-0.000000000000000000e+00,1.553670386654054381e-01,-0.000000000000000000e+00,-0.000000000000000000e+00,2.898947094079047937e-01,0.000000000000000000e+00,0.000000000000000000e+00,0.000000000000000000e+00,0.000000000000000000e+00,5.027889479030896169e-02,-4.544943373754144478e-01,0.000000000000000000e+00,0.000000000000000000e+00,-3.409070071639537791e-01,-0.000000000000000000e+00,-0.000000000000000000e+00,0.000000000000000000e+00,-0.000000000000000000e+00,-4.362871487672097537e-01,-0.000000000000000000e+00,-0.000000000000000000e+00,0.000000000000000000e+00,-0.000000000000000000e+00,1.515154205633094664e-01,-3.297455064471238595e-01,0.000000000000000000e+00,-9.116476704792243757e-03,0.000000000000000000e+00,-0.000000000000000000e+00
3.032808794517344309e-02,0.000000000000000000e+00,0.000000000000000000e+00,-3.918218769203855589e-01,0.000000000000000000e+00,-0.000000000000000000e+00,1.753713355357184644e+00,-0.000000000000000000e+00,0.000000000000000000e+00,0.000000000000000000e+00,-0.000000000000000000e+00,6.616331075405168516e-02,0.000000000000000000e+00,0.000000000000000000e+00,1.176849307664451158e-02,0.000000000000000000e+00,1.195083449808840709e-01,-0.000000000000000000e+00,-0.000000000000000000e+00,0.000000000000000000e+00,-0.000000000000000000e+00,-0.000000000000000000e+00,1.154350544567151610e-01,-0.000000000000000000e+00,0.000000000000000000e+00,-0.000000000000000000e+00,0.000000000000000000e+00,4.090148001571098924e-01,-1.325836052404947563e-01,-0.000000000000000000e+00,0.000000000000000000e+00,-0.000000000000000000e+00,-7.345712147782924861e-02,1.595019013211537717e-02,-6.106322922694831234e-01,0.000000000000000000e+00,0.000000000000000000e+00,0.000000000000000000e+00,3.278603322033956519e-02
0.000000000000000000e+00,0.000000000000000000e+00,6.508783454544636582e-01,-0.000000000000000000e+00,0.000000000000000000e+00,0.000000000000000000e+00,-0.000000000000000000e+00,2.719008869992867172e+00,0.000000000000000000e+00,0.000000000000000000e+00,7.325061301980903550e-02,0.000000000000000000e+00,-0.000000000000000000e+00,4.476302165577004111e-01,0.000000000000000000e+00,0.000000000000000000e+00,6.922353019352643633e-03,-0.000000000000000000e+00,0.000000000000000000e+00,-0.000000000000000000e+00,0.000000000000000000e+00,-0.000000000000000000e+00,0.000000000000000000e+00,1.849146904070357589e-01,6.868123825804393900e-02,0.000000000000000000e+00,1.115402776098913251e-01,8.285403958104876621e-01,-0.000000000000000000e+00,0.000000000000000000e+00,3.264038413685563800e-01,0.000000000000000000e+00,0.000000000000000000e+00,0.000000000000000000e+00,-0.000000000000000000e+00,4.171788115631093474e-02,6.210379797085837685e-03,0.000000000000000000e+00,4.996458642761044538e-02
-6.713004797980180738e-02,-3.878722128528621638e-01,-0.000000000000000000e+00,-0.000000000000000000e+00,-3.350992521662628509e-01,-0.000000000000000000e+00,0.000000000000000000e+00,0.000000000000000000e+00,2.720855536809950959e+00,-0.000000000000000000e+00,-0.000000000000000000e+00,-0.000000000000000000e+00,0.000000000000000000e+00,-1.276631594191637575e-01,-0.000000000000000000e+00,-2.986241097329598304e-01,-0.000000000000000000e+00,-0.000000000000000000e+00,-0.000000000000000000e+00,0.000000000000000000e+00,-0.000000000000000000e+00,0.000000000000000000e+00,-5.590660146874607689e-02,-3.453079545408732024e-04,-0.000000000000000000e+00,-4.272767915438418496e-01,-3.067461221834982266e-01,-0.000000000000000000e+00,-0.000000000000000000e+00,-4.011157049256057761e-01,-0.000000000000000000e+00,-6.333441320131492913e-02,-0.000000000000000000e+00,-0.000000000000000000e+00,-0.000000000000000000e+00,-3.895888886102341631e-02,-0.000000000000000000e+00,-0.000000000000000000e+00,-4.536579004593550013e-01
-0.000000000000000000e+00,-3.840056891471448908e-01,-0.000000000000000000e+00,-0.000000000000000000e+00,-8.551751031238859213e-02,0.000000000000000000e+00,0.000000000000000000e+00,0.000000000000000000e+00,-0.000000000000000000e+00,2.498439565244082949e+00,-0.000000000000000000e+00,-0.000000000000000000e+00,0.000000000000000000e+00,-9.599533150992146935e-02,-0.000000000000000000e+00,-8.474982198209516371e-01,-0.000000000000000000e+00,-0.000000000000000000e+00,-1.249619743736474081e-01,0.000000000000000000e+00,-0.000000000000000000e+00,-0.000000000000000000e+00,-0.000000000000000000e+00,-0.000000000000000000e+00,-1.910469533341672688e-01,-0.000000000000000000e+00,-0.000000000000000000e+00,-0.000000000000000000e+00,0.000000000000000000e+00,-0.000000000000000000e+00,-0.000000000000000000e+00,-0.000000000000000000e+00,0.000000000000000000e+00,-3.236132137128522324e-01,0.000000000000000000e+00,-3.237478205686799559e-01,-0.000000000000000000e+00,-0.000000000000000000e+00,-0.000000000000000000e+00
-0.000000000000000000e+00,-0.000000000000000000e+00,-0.000000000000000000e+00,-0.000000000000000000e+00,-1.012593163726508844e-01,-0.000000000000000000e+00,-0.000000000000000000e+00,7.325061301980903550e-02,-0.000000000000000000e+00,-0.000000000000000000e+00,1.677590470735928596e+00,0.000000000000000000e+00,0.000000000000000000e+00,-1.169581703772968051e-01,1.010895150486907090e-01,-0.000000000000000000e+00,-3.593287339203292685e-01,2.154983689080332554e-01,0.000000000000000000e+00,-0.000000000000000000e+00,-0.000000000000000000e+00,0.000000000000000000e+00,-0.000000000000000000e+00,-2.304238901534757245e-01,-0.000000000000000000e+00,-3.636783795462941171e-01,-0.000000000000000000e+00,-0.000000000000000000e+00,-0.000000000000000000e+00,-0.000000000000000000e+00,-3.286704832104989094e-02,-0.000000000000000000e+00,-0.000000000000000000e+00,-0.000000000000000000e+00,-0.000000000000000000e+00,-0.000000000000000000e+00,0.000000000000000000e+00,-0.000000000000000000e+00,-2.579511718394809638e-01
-0.000000000000000000e+00,-0.000000000000000000e+00,-0.000000000000000000e+00,-0.000000000000000000e+00,-0.000000000000000000e+00,1.553670386654054381e-01,6.616331075405168516e-02,0.000000000000000000e+00,-0.000000000000000000e+00,-0.000000000000000000e+00,0.000000000000000000e+00,2.045168079635562020e+00,0.000000000000000000e+00,-0.000000000000000000e+00,-9.800897327789734326e-02,-0.000000000000000000e+00,-0.000000000000000000e+00,-1.126136988551046381e-01,-1.167069606883145566e-01,0.000000000000000000e+00,0.000000000000000000e+00,0.000000000000000000e+00,-8.278736563386926428e-02,0.000000000000000000e+00,-0.000000000000000000e+00,0.000000000000000000e+00,-7.599852962046014238e-01,-0.000000000000000000e+00,1.856673822825036235e-01,0.000000000000000000e+00,-0.000000000000000000e+00,-1.596489090500962105e-01,-0.000000000000000000e+00,-3.717723506611467221e-01,1.601086662969156971e-01,-0.000000000000000000e+00,-0.000000000000000000e+00,-0.000000000000000000e+00,-0.000000000000000000e+00
-0.000000000000000000e+00,0.000000000000000000e+00,8.294251670395243192e-02,-0.000000000000000000e+00,0.000000000000000000e+00,-0.000000000000000000e+00,0.000000000000000000e+00,-0.000000000000000000e+00,0.000000000000000000e+00,0.000000000000000000e+00,0.000000000000000000e+00,0.000000000000000000e+00,1.390878185672124179e+00,0.000000000000000000e+00,0.000000000000000000e+00,0.000000000000000000e+00,-0.000000000000000000e+00,0.000000000000000000e+00,1.485133465681948151e-01,-0.000000000000000000e+00,0.000000000000000000e+00,-0.000000000000000000e+00,-0.000000000000000000e+00,0.000000000000000000e+00,-0.000000000000000000e+00,0.000000000000000000e+00,0.000000000000000000e+00,-0.000000000000000000e+00,0.000000000000000000e+00,0.000000000000000000e+00,4.785895816332044195e-01,0.000000000000000000e+00,2.604960083620240230e-01,0.000000000000000000e+00,4.106667442632400133e-02,0.000000000000000000e+00,0.000000000000000000e+00,-9.384796024384378654e-02,-0.000000000000000000e+00
-0.000000000000000000e+00,-1.494547474918293643e-02,-2.967919407740995386e-01,0.000000000000000000e+00,-4.113309698730628905e-01,-0.000000000000000000e+00,0.000000000000000000e+00,4.476302165577004111e-01,-1.276631594191637575e-01,-9.599533150992146935e-02,-1.169581703772968051e-01,-0.000000000000000000e+00,0.000000000000000000e+00,2.699806635028013879e+00,-0.000000000000000000e+00,-0.000000000000000000e+00,-4.533661808669198212e-02,0.000000000000000000e+00,-0.000000000000000000e+00,0.000000000000000000e+00,-0.000000000000000000e+00,0.000000000000000000e+00,-8.758462609685942202e-02,-3.242914076998107964e-01,-3.019687235832614336e-01,-2.236400702552129513e-02,-5.711632009874240828e-02,-1.130709320353378011e-01,-0.000000000000000000e+00,-0.000000000000000000e+00,-0.000000000000000000e+00,-0.000000000000000000e+00,-0.000000000000000000e+00,-4.877395375517912940e-02,0.000000000000000000e+00,-2.123569953791361598e-01,-0.000000000000000000e+00,-0.000000000000000000e+00,-1.728686700600198800e-01
-1.434325646903964191e-01,-7.264448888361220436e-02,-0.000000000000000000e+00,6.160632854395154540e-02,-0.000000000000000000e+00,2.898947094079047937e-01,1.176849307664451158e-02,0.000000000000000000e+00,-0.000000000000000000e+00,-0.000000000000000000e+00,1.010895150486907090e-01,-9.800897327789734326e-02,0.000000000000000000e+00,-0.000000000000000000e+00,1.573536803174511167e+00,-0.000000000000000000e+00,-0.000000000000000000e+00,-2.104563397841610062e-01,-0.000000000000000000e+00,0.000000000000000000e+00,0.000000000000000000e+00,-0.000000000000000000e+00,-0.000000000000000000e+00,0.000000000000000000e+00,-0.000000000000000000e+00,0.000000000000000000e+00,-0.000000000000000000e+00,-0.000000000000000000e+00,0.000000000000000000e+00,0.000000000000000000e+00,0.000000000000000000e+00,-0.000000000000000000e+00,0.000000000000000000e+00,-5.001328178372536071e-01,1.610148134834990530e-01,-0.000000000000000000e+00,0.000000000000000000e+00,-0.000000000000000000e+00,0.000000000000000000e+00
-3.695354585477207410e-01,-4.351748022776418257e-01,-0.000000000000000000e+00,-0.000000000000000000e+00,-2.597014268329967401e-01,0.000000000000000000e+00,0.000000000000000000e+00,0.000000000000000000e+00,-2.986241097329598304e-01,-8.474982198209516371e-01,-0.000000000000000000e+00,-0.000000000000000000e+00,0.000000000000000000e+00,-0.000000000000000000e+00,-0.000000000000000000e+00,2.917460977747331707e+00,-0.000000000000000000e+00,-0.000000000000000000e+00,-1.800846060832345941e-01,0.000000000000000000e+00,-0.000000000000000000e+00,0.000000000000000000e+00,-5.804510860021783181e-02,-0.000000000000000000e+00,-5.097149342669313188e-02,-0.000000000000000000e+00,-1.127425390662537344e-02,-0.000000000000000000e+00,0.000000000000000000e+00,-0.000000000000000000e+00,-0.000000000000000000e+00,-1.907854852122650435e-01,-0.000000000000000000e+00,-2.738571890543094467e-01,0.000000000000000000e+00,-0.000000000000000000e+00,-0.000000000000000000e+00,-0.000000000000000000e+00,-0.000000000000000000e+00
-4.306603620484407424e-02,-0.000000000000000000e+00,-0.000000000000000000e+00,0.000000000000000000e+00,-8.945415202762639628e-02,0.000000000000000000e+00,1.195083449808840709e-01,6.922353019352643633e-03,-0.000000000000000000e+00,-0.000000000000000000e+00,-3.593287339203292685e-01,-0.000000000000000000e+00,-0.000000000000000000e+00,-4.533661808669198212e-02,-0.000000000000000000e+00,-0.000000000000000000e+00,1.756117675866437189e+00,0.000000000000000000e+00,-0.000000000000000000e+00,-3.187232096526162323e-02,0.000000000000000000e+00,0.000000000000000000e+00,-2.055884385678675708e-01,-0.000000000000000000e+00,-0.000000000000000000e+00,-0.000000000000000000e+00,-0.000000000000000000e+00,-1.850894543491247712e-01,0.000000000000000000e+00,0.000000000000000000e+00,-0.000000000000000000e+00,0.000000000000000000e+00,0.000000000000000000e+00,-6.082307745684298328e-02,2.054935542391762016e-01,-0.000000000000000000e+00,0.000000000000000000e+00,-3.468617977013246922e-01,-1.370462388055022351e-01
-0.000000000000000000e+00,-0.000000000000000000e+00,-0.000000000000000000e+00,-2.006677748957195750e-01,-0.000000000000000000e+00,0.000000000000000000e+00,-0.000000000000000000e+00,-0.000000000000000000e+00,-0.000000000000000000e+00,-0.000000000000000000e+00,2.154983689080332554e-01,-1.126136988551046381e-01,0.000000000000000000e+00,0.000000000000000000e+00,-2.104563397841610062e-01,-0.000000000000000000e+00,0.000000000000000000e+00,1.907982236076060323e+00,-9.310764683245944529e-01,9.788420400321075354e-02,0.000000000000000000e+00,0.000000000000000000e+00,-0.000000000000000000e+00,0.000000000000000000e+00,-0.000000000000000000e+00,0.000000000000000000e+00,-0.000000000000000000e+00,0.000000000000000000e+00,0.000000000000000000e+00,-1.896879045056639457e-01,0.000000000000000000e+00,-2.503265954903384771e-01,-0.000000000000000000e+00,-0.000000000000000000e+00,0.000000000000000000e+00,-0.000000000000000000e+00,-0.000000000000000000e+00,0.000000000000000000e+00,0.000000000000000000e+00
-0.000000000000000000e+00,-0.000000000000000000e+00,-0.000000000000000000e+00,-0.000000000000000000e+00,-0.000000000000000000e+00,0.000000000000000000e+00,-0.000000000000000000e+00,0.000000000000000000e+00,-0.000000000000000000e+00,-1.249619743736474081e-01,0.000000000000000000e+00,-1.167069606883145566e-01,1.485133465681948151e-01,-0.000000000000000000e+00,-0.000000000000000000e+00,-1.800846060832345941e-01,-0.000000000000000000e+00,-9.310764683245944529e-01,2.298878367231211861e+00,0.000000000000000000e+00,0.000000000000000000e+00,0.000000000000000000e+00,-0.000000000000000000e+00,-0.000000000000000000e+00,-0.000000000000000000e+00,-0.000000000000000000e+00,-0.000000000000000000e+00,0.000000000000000000e+00,0.000000000000000000e+00,-1.528919461161825921e-01,-0.000000000000000000e+00,-1.674411851740389701e-01,-0.000000000000000000e+00,-5.354616842389752218e-01,0.000000000000000000e+00,-0.000000000000000000e+00,-0.000000000000000000e+00,0.000000000000000000e+00,0.000000000000000000e+00
-0.000000000000000000e+00,0.000000000000000000e+00,0.000000000000000000e+00,0.000000000000000000e+00,0.000000000000000000e+00,5.027889479030896169e-02,0.000000000000000000e+00,-0.000000000000000000e+00,0.000000000000000000e+00,0.000000000000000000e+00,-0.000000000000000000e+00,0.000000000000000000e+00,-0.000000000000000000e+00,0.000000000000000000e+00,0.000000000000000000e+00,0.000000000000000000e+00,-3.187232096526162323e-02,9.788420400321075354e-02,0.000000000000000000e+00,1.147646005993764540e+00,8.389405325553171699e-02,-0.000000000000000000e+00,0.000000000000000000e+00,0.000000000000000000e+00,-0.000000000000000000e+00,0.000000000000000000e+00,0.000000000000000000e+00,0.000000000000000000e+00,0.000000000000000000e+00,1.958330150569935479e-02,0.000000000000000000e+00,0.000000000000000000e+00,0.000000000000000000e+00,0.000000000000000000e+00,0.000000000000000000e+00,0.000000000000000000e+00,3.168673789377061678e-01,-1.510366924293074162e-02,-0.000000000000000000e+00
0.000000000000000000e+00,-0.000000000000000000e+00,-9.943969563830312719e-02,-0.000000000000000000e+00,-0.000000000000000000e+00,-4.544943373754144478e-01,-0.000000000000000000e+00,0.000000000000000000e+00,-0.000000000000000000e+00,-0.000000000000000000e+00,-0.000000000000000000e+00,0.000000000000000000e+00,0.000000000000000000e+00,-0.000000000000000000e+00,0.000000000000000000e+00,-0.000000000000000000e+00,0.000000000000000000e+00,0.000000000000000000e+00,0.000000000000000000e+00,8.389405325553171699e-02,1.986023320225083655e+00,0.000000000000000000e+00,-0.000000000000000000e+00,-2.874298704826283024e-01,-0.000000000000000000e+00,-0.000000000000000000e+00,-0.000000000000000000e+00,-1.509837431002261088e-01,-4.343269517808519276e-02,-0.000000000000000000e+00,-1.901140979318275692e-01,0.000000000000000000e+00,-4.497349233280352743e-01,0.000000000000000000e+00,-0.000000000000000000e+00,-0.000000000000000000e+00,-3.590681229135563313e-01,0.000000000000000000e+00,-0.000000000000000000e+00
0.000000000000000000e+00,0.000000000000000000e+00,0.000000000000000000e+00,-0.000000000000000000e+00,0.000000000000000000e+00,0.000000000000000000e+00,-0.000000000000000000e+00,-0.000000000000000000e+00,0.000000000000000000e+00,-0.000000000000000000e+00,0.000000000000000000e+00,0.000000000000000000e+00,-0.000000000000000000e+00,0.000000000000000000e+00,-0.000000000000000000e+00,0.000000000000000000e+00,0.000000000000000000e+00,0.000000000000000000e+00,0.000000000000000000e+00,-0.000000000000000000e+00,0.000000000000000000e+00,1.010277880392024041e+00,-0.000000000000000000e+00,0.000000000000000000e+00,0.000000000000000000e+00,5.143630804815402940e-02,0.000000000000000000e+00,0.000000000000000000e+00,4.815934647674969399e-02,0.000000000000000000e+00,0.000000000000000000e+00,-0.000000000000000000e+00,0.000000000000000000e+00,0.000000000000000000e+00,0.000000000000000000e+00,0.000000000000000000e+00,3.533384997441923331e-02,0.000000000000000000e+00,0.000000000000000000e+00
-0.000000000000000000e+00,-1.319368778120755537e-01,-0.000000000000000000e+00,0.000000000000000000e+00,-0.000000000000000000e+00,0.000000000000000000e+00,1.154350544567151610e-01,0.000000000000000000e+00,-5.590660146874607689e-02,-0.000000000000000000e+00,-0.000000000000000000e+00,-8.278736563386926428e-02,-0.000000000000000000e+00,-8.758462609685942202e-02,-0.000000000000000000e+00,-5.804510860021783181e-02,-2.055884385678675708e-01,-0.000000000000000000e+00,-0.000000000000000000e+00,0.000000000000000000e+00,-0.000000000000000000e+00,-0.000000000000000000e+00,2.106828700441453428e+00,-1.126832538191491068e-01,-5.517528605982412460e-01,-0.000000000000000000e+00,-2.150508226290308855e-01,-0.000000000000000000e+00,0.000000000000000000e+00,-0.000000000000000000e+00,-0.000000000000000000e+00,-0.000000000000000000e+00,-0.000000000000000000e+00,-2.751984532332359401e-01,0.000000000000000000e+00,-0.000000000000000000e+00,-0.000000000000000000e+00,-4.824836459634219282e-02,-1.349982210173629460e-01
-0.000000000000000000e+00,-0.000000000000000000e+00,-7.059178388004562488e-02,0.000000000000000000e+00,-0.000000000000000000e+00,-3.409070071639537791e-01,-0.000000000000000000e+00,1.849146904070357589e-01,-3.453079545408732024e-04,-0.000000000000000000e+00,-2.304238901534757245e-01,0.000000000000000000e+00,0.000000000000000000e+00,-3.242914076998107964e-01,0.000000000000000000e+00,-0.000000000000000000e+00,-0.000000000000000000e+00,0.000000000000000000e+00,-0.000000000000000000e+00,0.000000000000000000e+00,-2.874298704826283024e-01,0.000000000000000000e+00,-1.126832538191491068e-01,2.044672175062681951e+00,-7.283592620360979097e-02,-2.355109793663010820e-01,-0.000000000000000000e+00,-0.000000000000000000e+00,-5.949222418958467068e-02,-1.334542602629449071e-01,-4.196510704931935565e-02,-0.000000000000000000e+00,-6.484062177780369751e-02,-0.000000000000000000e+00,-0.000000000000000000e+00,-0.000000000000000000e+00,-7.540654751854497517e-02,-0.000000000000000000e+00,-0.000000000000000000e+00
-3.640822989647848895e-01,-0.000000000000000000e+00,-2.338771925608164326e-02,0.000000000000000000e+00,-3.203173667711395889e-01,-0.000000000000000000e+00,0.000000000000000000e+00,6.868123825804393900e-02,-0.000000000000000000e+00,-1.910469533341672688e-01,-0.000000000000000000e+00,-0.000000000000000000e+00,-0.000000000000000000e+00,-3.019687235832614336e-01,-0.000000000000000000e+00,-5.097149342669313188e-02,-0.000000000000000000e+00,-0.000000000000000000e+00,-0.000000000000000000e+00,-0.000000000000000000e+00,-0.000000000000000000e+00,0.000000000000000000e+00,-5.517528605982412460e-01,-7.283592620360979097e-02,2.600587701067517798e+00,-0.000000000000000000e+00,-0.000000000000000000e+00,-2.002002787164638142e-01,0.000000000000000000e+00,-0.000000000000000000e+00,-0.000000000000000000e+00,-0.000000000000000000e+00,0.000000000000000000e+00,-6.482387068590567125e-02,0.000000000000000000e+00,-1.042473574605870257e-01,-0.000000000000000000e+00,-1.627462783577260375e-01,-2.106138681830651560e-01
-0.000000000000000000e+00,-0.000000000000000000e+00,-4.003680464524194682e-01,-0.000000000000000000e+00,-1.843450209873173651e-01,-0.000000000000000000e+00,-0.000000000000000000e+00,0.000000000000000000e+00,-4.272767915438418496e-01,-0.000000000000000000e+00,-3.636783795462941171e-01,0.000000000000000000e+00,0.000000000000000000e+00,-2.236400702552129513e-02,0.000000000000000000e+00,-0.000000000000000000e+00,-0.000000000000000000e+00,0.000000000000000000e+00,-0.000000000000000000e+00,0.000000000000000000e+00,-0.000000000000000000e+00,5.143630804815402940e-02,-0.000000000000000000e+00,-2.355109793663010820e-01,-0.000000000000000000e+00,2.187387940456088753e+00,-0.000000000000000000e+00,-0.000000000000000000e+00,-3.550731054229890327e-01,-1.480751347987376842e-01,-0.000000000000000000e+00,-0.000000000000000000e+00,-1.927825113908757659e-01,-0.000000000000000000e+00,-0.000000000000000000e+00,-0.000000000000000000e+00,-0.000000000000000000e+00,-0.000000000000000000e+00,-0.000000000000000000e+00
-0.000000000000000000e+00,-0.000000000000000000e+00,-6.262975937211166799e-02,-0.000000000000000000e+00,-0.000000000000000000e+00,0.000000000000000000e+00,0.000000000000000000e+00,1.115402776098913251e-01,-3.067461221834982266e-01,-0.000000000000000000e+00,-0.000000000000000000e+00,-7.599852962046014238e-01,0.000000000000000000e+00,-5.711632009874240828e-02,-0.000000000000000000e+00,-1.127425390662537344e-02,-0.000000000000000000e+00,-0.000000000000000000e+00,-0.000000000000000000e+00,0.000000000000000000e+00,-0.000000000000000000e+00,0.000000000000000000e+00,-2.150508226290308855e-01,-0.000000000000000000e+00,-0.000000000000000000e+00,-0.000000000000000000e+00,2.442077416803455581e+00,-0.000000000000000000e+00,0.000000000000000000e+00,-0.000000000000000000e+00,-1.046702302003108820e-01,-4.576647598616688239e-01,-0.000000000000000000e+00,-8.444773235296566816e-02,0.000000000000000000e+00,-0.000000000000000000e+00,-1.762350966575453592e-01,-0.000000000000000000e+00,-2.571247297260642051e-01
-0.000000000000000000e+00,-0.000000000000000000e+00,-1.276203240477185863e-01,0.000000000000000000e+00,-0.000000000000000000e+00,-0.000000000000000000e+00,4.090148001571098924e-01,8.285403958104876621e-01,-0.000000000000000000e+00,-0.000000000000000000e+00,-0.000000000000000000e+00,-0.000000000000000000e+00,-0.000000000000000000e+00,-1.130709320353378011e-01,-0.000000000000000000e+00,-0.000000000000000000e+00,-1.850894543491247712e-01,0.000000000000000000e+00,0.000000000000000000e+00,0.000000000000000000e+00,-1.509837431002261088e-01,0.000000000000000000e+00,-0.000000000000000000e+00,-0.000000000000000000e+00,-2.002002787164638142e-01,-0.000000000000000000e+00,-0.000000000000000000e+00,2.151321538668070410e+00,0.000000000000000000e+00,0.000000000000000000e+00,-0.000000000000000000e+00,0.000000000000000000e+00,0.000000000000000000e+00,-0.000000000000000000e+00,0.000000000000000000e+00,-2.106340141245093556e-01,-1.479210908465629012e-03,-0.000000000000000000e+00,-6.252933755463167299e-03
0.000000000000000000e+00,0.000000000000000000e+00,-0.000000000000000000e+00,-0.000000000000000000e+00,-0.000000000000000000e+00,-4.362871487672097537e-01,-1.325836052404947563e-01,-0.000000000000000000e+00,-0.000000000000000000e+00,0.000000000000000000e+00,-0.000000000000000000e+00,1.856673822825036235e-01,0.000000000000000000e+00,-0.000000000000000000e+00,0.000000000000000000e+00,0.000000000000000000e+00,0.000000000000000000e+00,0.000000000000000000e+00,0.000000000000000000e+00,0.000000000000000000e+00,-4.343269517808519276e-02,4.815934647674969399e-02,0.000000000000000000e+00,-5.949222418958467068e-02,0.000000000000000000e+00,-3.550731054229890327e-01,0.000000000000000000e+00,0.000000000000000000e+00,2.662448642886886763e+00,-2.066965431609021353e-01,-0.000000000000000000e+00,0.000000000000000000e+00,-3.775832519460226577e-01,0.000000000000000000e+00,-1.106374796150387807e+00,0.000000000000000000e+00,-3.738988643135950085e-02,0.000000000000000000e+00,0.000000000000000000e+00
-0.000000000000000000e+00,-0.000000000000000000e+00,-0.000000000000000000e+00,-3.439986750217320643e-02,-0.000000000000000000e+00,-0.000000000000000000e+00,-0.000000000000000000e+00,0.000000000000000000e+00,-4.011157049256057761e-01,-0.000000000000000000e+00,-0.000000000000000000e+00,0.000000000000000000e+00,0.000000000000000000e+00,-0.000000000000000000e+00,0.000000000000000000e+00,-0.000000000000000000e+00,0.000000000000000000e+00,-1.896879045056639457e-01,-1.528919461161825921e-01,1.958330150569935479e-02,-0.000000000000000000e+00,0.000000000000000000e+00,-0.000000000000000000e+00,-1.334542602629449071e-01,-0.000000000000000000e+00,-1.480751347987376842e-01,-0.000000000000000000e+00,0.000000000000000000e+00,-2.066965431609021353e-01,1.852688637313984810e+00,-0.000000000000000000e+00,-0.000000000000000000e+00,-2.150632355987634470e-01,-0.000000000000000000e+00,-4.524228855877374111e-01,-0.000000000000000000e+00,-0.000000000000000000e+00,-0.000000000000000000e+00,-0.000000000000000000e+00
0.000000000000000000e+00,-0.000000000000000000e+00,-6.358692915694310610e-01,0.000000000000000000e+00,-0.000000000000000000e+00,-0.000000000000000000e+00,0.000000000000000000e+00,3.264038413685563800e-01,-0.000000000000000000e+00,-0.000000000000000000e+00,-3.286704832104989094e-02,-0.000000000000000000e+00,4.785895816332044195e-01,-0.000000000000000000e+00,0.000000000000000000e+00,-0.000000000000000000e+00,-0.000000000000000000e+00,0.000000000000000000e+00,-0.000000000000000000e+00,0.000000000000000000e+00,-1.901140979318275692e-01,0.000000000000000000e+00,-0.000000000000000000e+00,-4.196510704931935565e-02,-0.000000000000000000e+00,-0.000000000000000000e+00,-1.046702302003108820e-01,-0.000000000000000000e+00,-0.000000000000000000e+00,-0.000000000000000000e+00,2.058909016584164142e+00,-0.000000000000000000e+00,-1.548551442516980237e-01,-0.000000000000000000e+00,-0.000000000000000000e+00,-0.000000000000000000e+00,-9.549429434834978692e-02,0.000000000000000000e+00,-0.000000000000000000e+00
-0.000000000000000000e+00,-5.778403244107714887e-01,-0.000000000000000000e+00,-0.000000000000000000e+00,-0.000000000000000000e+00,0.000000000000000000e+00,-0.000000000000000000e+00,0.000000000000000000e+00,-6.333441320131492913e-02,-0.000000000000000000e+00,-0.000000000000000000e+00,-1.596489090500962105e-01,0.000000000000000000e+00,-0.000000000000000000e+00,-0.000000000000000000e+00,-1.907854852122650435e-01,0.000000000000000000e+00,-2.503265954903384771e-01,-1.674411851740389701e-01,0.000000000000000000e+00,0.000000000000000000e+00,-0.000000000000000000e+00,-0.000000000000000000e+00,-0.000000000000000000e+00,-0.000000000000000000e+00,-0.000000000000000000e+00,-4.576647598616688239e-01,0.000000000000000000e+00,0.000000000000000000e+00,-0.000000000000000000e+00,-0.000000000000000000e+00,2.090279022021761079e+00,-0.000000000000000000e+00,-0.000000000000000000e+00,-0.000000000000000000e+00,-0.000000000000000000e+00,-1.377882662868497587e-01,-0.000000000000000000e+00,-0.000000000000000000e+00
0.000000000000000000e+00,0.000000000000000000e+00,-0.000000000000000000e+00,-0.000000000000000000e+00,-0.000000000000000000e+00,-0.000000000000000000e+00,-7.345712147782924861e-02,0.000000000000000000e+00,-0.000000000000000000e+00,0.000000000000000000e+00,-0.000000000000000000e+00,-0.000000000000000000e+00,2.604960083620240230e-01,-0.000000000000000000e+00,0.000000000000000000e+00,-0.000000000000000000e+00,0.000000000000000000e+00,-0.000000000000000000e+00,-0.000000000000000000e+00,0.000000000000000000e+00,-4.497349233280352743e-01,0.000000000000000000e+00,-0.000000000000000000e+00,-6.484062177780369751e-02,0.000000000000000000e+00,-1.927825113908757659e-01,-0.000000000000000000e+00,0.000000000000000000e+00,-3.775832519460226577e-01,-2.150632355987634470e-01,-1.548551442516980237e-01,-0.000000000000000000e+00,2.179375338029670317e+00,0.000000000000000000e+00,-4.963851589660546737e-01,0.000000000000000000e+00,-6.182313657024896686e-02,0.000000000000000000e+00,-0.000000000000000000e+00
-1.116376990048983248e-01,-2.684867327622975641e-01,-2.879560571557620019e-01,0.000000000000000000e+00,-2.474461062838762340e-02,1.515154205633094664e-01,1.595019013211537717e-02,0.000000000000000000e+00,-0.000000000000000000e+00,-3.236132137128522324e-01,-0.000000000000000000e+00,-3.717723506611467221e-01,0.000000000000000000e+00,-4.877395375517912940e-02,-5.001328178372536071e-01,-2.738571890543094467e-01,-6.082307745684298328e-02,-0.000000000000000000e+00,-5.354616842389752218e-01,0.000000000000000000e+00,0.000000000000000000e+00,0.000000000000000000e+00,-2.751984532332359401e-01,-0.000000000000000000e+00,-6.482387068590567125e-02,-0.000000000000000000e+00,-8.444773235296566816e-02,-0.000000000000000000e+00,0.000000000000000000e+00,-0.000000000000000000e+00,-0.000000000000000000e+00,-0.000000000000000000e+00,0.000000000000000000e+00,2.962771922576895811e+00,0.000000000000000000e+00,-1.693129264360833108e-01,-0.000000000000000000e+00,-0.000000000000000000e+00,-0.000000000000000000e+00
0.000000000000000000e+00,0.000000000000000000e+00,-0.000000000000000000e+00,-0.000000000000000000e+00,0.000000000000000000e+00,-3.297455064471238595e-01,-6.106322922694831234e-01,-0.000000000000000000e+00,-0.000000000000000000e+00,0.000000000000000000e+00,-0.000000000000000000e+00,1.601086662969156971e-01,4.106667442632400133e-02,0.000000000000000000e+00,1.610148134834990530e-01,0.000000000000000000e+00,2.054935542391762016e-01,0.000000000000000000e+00,0.000000000000000000e+00,0.000000000000000000e+00,-0.000000000000000000e+00,0.000000000000000000e+00,0.000000000000000000e+00,-0.000000000000000000e+00,0.000000000000000000e+00,-0.000000000000000000e+00,0.000000000000000000e+00,0.000000000000000000e+00,-1.106374796150387807e+00,-4.524228855877374111e-01,-0.000000000000000000e+00,-0.000000000000000000e+00,-4.963851589660546737e-01,0.000000000000000000e+00,2.912714436155700692e+00,0.000000000000000000e+00,-4.930276960316933542e-03,0.000000000000000000e+00,0.000000000000000000e+00
-2.289313890604975366e-01,-9.776011990369615212e-02,-0.000000000000000000e+00,0.000000000000000000e+00,-0.000000000000000000e+00,0.000000000000000000e+00,0.000000000000000000e+00,4.171788115631093474e-02,-3.895888886102341631e-02,-3.237478205686799559e-01,-0.000000000000000000e+00,-0.000000000000000000e+00,0.000000000000000000e+00,-2.123569953791361598e-01,-0.000000000000000000e+00,-0.000000000000000000e+00,-0.000000000000000000e+00,-0.000000000000000000e+00,-0.000000000000000000e+00,0.000000000000000000e+00,-0.000000000000000000e+00,0.000000000000000000e+00,-0.000000000000000000e+00,-0.000000000000000000e+00,-1.042473574605870257e-01,-0.000000000000000000e+00,-0.000000000000000000e+00,-2.106340141245093556e-01,0.000000000000000000e+00,-0.000000000000000000e+00,-0.000000000000000000e+00,-0.000000000000000000e+00,0.000000000000000000e+00,-1.693129264360833108e-01,0.000000000000000000e+00,1.837662655161607761e+00,-1.841968685365548142e-01,-4.722724753087162268e-03,-5.039678094659934965e-02
-0.000000000000000000e+00,-0.000000000000000000e+00,-0.000000000000000000e+00,0.000000000000000000e+00,-0.000000000000000000e+00,-9.116476704792243757e-03,0.000000000000000000e+00,6.210379797085837685e-03,-0.000000000000000000e+00,-0.000000000000000000e+00,0.000000000000000000e+00,-0.000000000000000000e+00,0.000000000000000000e+00,-0.000000000000000000e+00,0.000000000000000000e+00,-0.000000000000000000e+00,0.000000000000000000e+00,-0.000000000000000000e+00,-0.000000000000000000e+00,3.168673789377061678e-01,-3.590681229135563313e-01,3.533384997441923331e-02,-0.000000000000000000e+00,-7.540654751854497517e-02,-0.000000000000000000e+00,-0.000000000000000000e+00,-1.762350966575453592e-01,-1.479210908465629012e-03,-3.738988643135950085e-02,-0.000000000000000000e+00,-9.549429434834978692e-02,-1.377882662868497587e-01,-6.182313657024896686e-02,-0.000000000000000000e+00,-4.930276960316933542e-03,-1.841968685365548142e-01,1.544830986102653014e+00,0.000000000000000000e+00,-0.000000000000000000e+00
-8.869359799883309581e-01,-8.401479904441573610e-02,-0.000000000000000000e+00,0.000000000000000000e+00,-9.263142506036924420e-03,0.000000000000000000e+00,0.000000000000000000e+00,0.000000000000000000e+00,-0.000000000000000000e+00,-0.000000000000000000e+00,-0.000000000000000000e+00,-0.000000000000000000e+00,-9.384796024384378654e-02,-0.000000000000000000e+00,-0.000000000000000000e+00,-0.000000000000000000e+00,-3.468617977013246922e-01,0.000000000000000000e+00,0.000000000000000000e+00,-1.510366924293074162e-02,0.000000000000000000e+00,0.000000000000000000e+00,-4.824836459634219282e-02,-0.000000000000000000e+00,-1.627462783577260375e-01,-0.000000000000000000e+00,-0.000000000000000000e+00,-0.000000000000000000e+00,0.000000000000000000e+00,-0.000000000000000000e+00,0.000000000000000000e+00,-0.000000000000000000e+00,0.000000000000000000e+00,-0.000000000000000000e+00,0.000000000000000000e+00,-4.722724753087162268e-03,0.000000000000000000e+00,2.287745856528427435e+00,-5.747238071143323523e-01
-0.000000000000000000e+00,-1.719580214125278339e-02,-0.000000000000000000e+00,-0.000000000000000000e+00,-1.619163231688280358e-01,-0.000000000000000000e+00,3.278603322033956519e-02,4.996458642761044538e-02,-4.536579004593550013e-01,-0.000000000000000000e+00,-2.579511718394809638e-01,-0.000000000000000000e+00,-0.000000000000000000e+00,-1.728686700600198800e-01,0.000000000000000000e+00,-0.000000000000000000e+00,-1.370462388055022351e-01,0.000000000000000000e+00,0.000000000000000000e+00,-0.000000000000000000e+00,-0.000000000000000000e+00,0.000000000000000000e+00,-1.349982210173629460e-01,-0.000000000000000000e+00,-2.106138681830651560e-01,-0.000000000000000000e+00,-2.571247297260642051e-01,-6.252933755463167299e-03,0.000000000000000000e+00,-0.000000000000000000e+00,-0.000000000000000000e+00,-0.000000000000000000e+00,-0.000000000000000000e+00,-0.000000000000000000e+00,0.000000000000000000e+00,-5.039678094659934965e-02,-0.000000000000000000e+00,-5.747238071143323523e-01,2.433722363828525026e+00
