2.412634025070306887e+00,-6.939516222155359682e-01,-0.000000000000000000e+00,0.000000000000000000e+00,-8.636828237748356285e-02,-8.812717006447992607e-02,-0.000000000000000000e+00,0.000000000000000000e+00,-0.000000000000000000e+00,-0.000000000000000000e+00,-1.132439657018545487e-01,0.000000000000000000e+00,0.000000000000000000e+00,-1.699607280187090674e-01,-0.000000000000000000e+00,-9.784054400409940289e-02,-0.000000000000000000e+00,-0.000000000000000000e+00,0.000000000000000000e+00,-0.000000000000000000e+00,-0.000000000000000000e+00,-0.000000000000000000e+00,-3.527378222270386998e-01,-0.000000000000000000e+00,-0.000000000000000000e+00,-1.097451580283801548e-01,-2.900707745496421963e-01,-0.000000000000000000e+00,-8.093452823083871484e-02,-1.294182462481875510e-02,-0.000000000000000000e+00,-1.221210178175142630e-01,-0.000000000000000000e+00,-0.000000000000000000e+00,-0.000000000000000000e+00,-7.324550658785194956e-02,-0.000000000000000000e+00,-1.994825902735149203e-01,-0.000000000000000000e+00
-6.939516222155359682e-01,2.412413126465279056e+00,-0.000000000000000000e+00,0.000000000000000000e+00,-1.754979348496988056e-01,-9.009890264138784022e-02,-0.000000000000000000e+00,0.000000000000000000e+00,-4.422906570232339879e-02,-7.328846936800850753e-02,-7.883580094555654727e-02,0.000000000000000000e+00,0.000000000000000000e+00,-1.104020886525504397e-01,-0.000000000000000000e+00,-3.263625464791075070e-01,-0.000000000000000000e+00,-0.000000000000000000e+00,0.000000000000000000e+00,-0.000000000000000000e+00,-0.000000000000000000e+00,-0.000000000000000000e+00,-2.076596017851040921e-01,-0.000000000000000000e+00,-0.000000000000000000e+00,-0.000000000000000000e+00,-1.016910720169891813e-01,-0.000000000000000000e+00,-0.000000000000000000e+00,-1.686269754132292409e-01,-2.736956652913849486e-02,-0.000000000000000000e+00,-0.000000000000000000e+00,-1.213751758073163545e-01,-0.000000000000000000e+00,-1.851533182004316824e-01,-0.000000000000000000e+00,-0.000000000000000000e+00,-0.000000000000000000e+00
-0.000000000000000000e+00,-0.000000000000000000e+00,2.271685516544191596e+00,0.000000000000000000e+00,-6.301477163580306018e-02,-0.000000000000000000e+00,0.000000000000000000e+00,1.061384424350071853e+00,-1.271018073169710438e-01,-0.000000000000000000e+00,-0.000000000000000000e+00,0.000000000000000000e+00,0.000000000000000000e+00,-1.000886638500092518e-02,-0.000000000000000000e+00,-0.000000000000000000e+00,0.000000000000000000e+00,-0.000000000000000000e+00,-0.000000000000000000e+00,-0.000000000000000000e+00,-0.000000000000000000e+00,-0.000000000000000000e+00,-0.000000000000000000e+00,-0.000000000000000000e+00,-0.000000000000000000e+00,-2.562660118166157908e-01,-0.000000000000000000e+00,-4.478733188150298972e-01,-0.000000000000000000e+00,-0.000000000000000000e+00,-0.000000000000000000e+00,-0.000000000000000000e+00,-6.798916663184463582e-02,-0.000000000000000000e+00,-0.000000000000000000e+00,-1.224028096571069396e-01,-0.000000000000000000e+00,-0.000000000000000000e+00,-0.000000000000000000e+00
0.000000000000000000e+00,0.000000000000000000e+00,0.000000000000000000e+00,1.057791251499227814e+00,0.000000000000000000e+00,1.677302494503081585e-03,-0.000000000000000000e+00,-0.000000000000000000e+00,0.000000000000000000e+00,0.000000000000000000e+00,7.368068529517561582e-02,-0.000000000000000000e+00,-0.000000000000000000e+00,0.000000000000000000e+00,0.000000000000000000e+00,0.000000000000000000e+00,-0.000000000000000000e+00,-2.136634619876401353e-01,-0.000000000000000000e+00,0.000000000000000000e+00,4.760018379649064851e-02,0.000000000000000000e+00,0.000000000000000000e+00,0.000000000000000000e+00,0.000000000000000000e+00,0.000000000000000000e+00,0.000000000000000000e+00,0.000000000000000000e+00,0.000000000000000000e+00,0.000000000000000000e+00,0.000000000000000000e+00,0.000000000000000000e+00,0.000000000000000000e+00,5.089189838489908968e-02,0.000000000000000000e+00,0.000000000000000000e+00,0.000000000000000000e+00,9.042541425283037379e-03,0.000000000000000000e+00
-8.636828237748356285e-02,-1.754979348496988056e-01,-6.301477163580306018e-02,0.000000000000000000e+00,2.467437922735215228e+00,-0.000000000000000000e+00,-0.000000000000000000e+00,0.000000000000000000e+00,-2.199518242460404838e-01,-2.781724122795603549e-01,-2.281023706060988573e-02,0.000000000000000000e+00,0.000000000000000000e+00,-3.535309111570353324e-01,-0.000000000000000000e+00,-2.411065931949809560e-01,-0.000000000000000000e+00,-0.000000000000000000e+00,-0.000000000000000000e+00,-0.000000000000000000e+00,-0.000000000000000000e+00,-0.000000000000000000e+00,-7.366169163409824749e-02,-0.000000000000000000e+00,-5.937895149602001599e-02,-4.972778098158853882e-02,-7.677632315464394397e-02,-1.116379549300796636e-01,-0.000000000000000000e+00,-7.064233446831548469e-02,-2.203546518604918847e-01,-0.000000000000000000e+00,-0.000000000000000000e+00,-4.314356432313979361e-01,-0.000000000000000000e+00,-3.895660243851303134e-02,-0.000000000000000000e+00,-0.000000000000000000e+00,-0.000000000000000000e+00
-8.812717006447992607e-02,-9.009890264138784022e-02,-0.000000000000000000e+00,1.677302494503081585e-03,-0.000000000000000000e+00,2.119631308016583393e+00,-0.000000000000000000e+00,0.000000000000000000e+00,-0.000000000000000000e+00,-0.000000000000000000e+00,-4.163587534621249753e-01,0.000000000000000000e+00,2.710405726186253250e-02,-0.000000000000000000e+00,-0.000000000000000000e+00,-0.000000000000000000e+00,-0.000000000000000000e+00,0.000000000000000000e+00,0.000000000000000000e+00,-0.000000000000000000e+00,-1.129879589974130683e-01,-0.000000000000000000e+00,-2.554873413228574419e-01,-1.520731525879837065e-01,-0.000000000000000000e+00,-0.000000000000000000e+00,-0.000000000000000000e+00,-0.000000000000000000e+00,-2.116620278786764953e-01,-1.827332092237407002e-01,-6.102950448265506700e-02,-8.875169567370966642e-03,-3.036782615666498986e-01,-0.000000000000000000e+00,-6.517140283671904455e-02,-0.000000000000000000e+00,-0.000000000000000000e+00,-0.000000000000000000e+00,-0.000000000000000000e+00
-0.000000000000000000e+00,-0.000000000000000000e+00,0.000000000000000000e+00,-0.000000000000000000e+00,-0.000000000000000000e+00,-0.000000000000000000e+00,1.466905285372908319e+00,-0.000000000000000000e+00,0.000000000000000000e+00,-0.000000000000000000e+00,-0.000000000000000000e+00,0.000000000000000000e+00,-0.000000000000000000e+00,-0.000000000000000000e+00,0.000000000000000000e+00,-0.000000000000000000e+00,-2.082151308591701222e-01,0.000000000000000000e+00,5.606988061684833706e-03,-2.154260303795012543e-01,-0.000000000000000000e+00,-3.527547624171697427e-01,-0.000000000000000000e+00,-0.000000000000000000e+00,-0.000000000000000000e+00,-0.000000000000000000e+00,-0.000000000000000000e+00,-0.000000000000000000e+00,-0.000000000000000000e+00,-0.000000000000000000e+00,-0.000000000000000000e+00,-0.000000000000000000e+00,-0.000000000000000000e+00,-0.000000000000000000e+00,-4.993218378570882937e-02,0.000000000000000000e+00,-2.236645030890752339e-01,0.000000000000000000e+00,0.000000000000000000e+00
0.000000000000000000e+00,0.000000000000000000e+00,1.061384424350071853e+00,-0.000000000000000000e+00,0.000000000000000000e+00,0.000000000000000000e+00,-0.000000000000000000e+00,1.985768000276013190e+00,1.906750955397704950e-01,0.000000000000000000e+00,0.000000000000000000e+00,-0.000000000000000000e+00,-5.014915992176975645e-02,0.000000000000000000e+00,0.000000000000000000e+00,0.000000000000000000e+00,-0.000000000000000000e+00,1.551781390700959773e-01,0.000000000000000000e+00,0.000000000000000000e+00,-0.000000000000000000e+00,-0.000000000000000000e+00,0.000000000000000000e+00,0.000000000000000000e+00,-0.000000000000000000e+00,0.000000000000000000e+00,0.000000000000000000e+00,2.332601848952587098e-01,-0.000000000000000000e+00,0.000000000000000000e+00,0.000000000000000000e+00,-0.000000000000000000e+00,0.000000000000000000e+00,0.000000000000000000e+00,0.000000000000000000e+00,8.494985876761558530e-02,-0.000000000000000000e+00,0.000000000000000000e+00,0.000000000000000000e+00
-0.000000000000000000e+00,-4.422906570232339879e-02,-1.271018073169710438e-01,0.000000000000000000e+00,-2.199518242460404838e-01,-0.000000000000000000e+00,0.000000000000000000e+00,1.906750955397704950e-01,1.862843361091591543e+00,-1.472783923284977890e-02,-0.000000000000000000e+00,-0.000000000000000000e+00,2.681330163452776139e-02,-5.947842761779715409e-02,-0.000000000000000000e+00,-1.921815375202557685e-01,0.000000000000000000e+00,-0.000000000000000000e+00,-2.512929435540206882e-02,-0.000000000000000000e+00,-0.000000000000000000e+00,0.000000000000000000e+00,-1.001044744553815091e-01,-0.000000000000000000e+00,-0.000000000000000000e+00,-0.000000000000000000e+00,-0.000000000000000000e+00,-0.000000000000000000e+00,-0.000000000000000000e+00,-0.000000000000000000e+00,-0.000000000000000000e+00,-0.000000000000000000e+00,-0.000000000000000000e+00,-4.272406533114021521e-01,-0.000000000000000000e+00,-1.336831099308568582e-01,-0.000000000000000000e+00,-0.000000000000000000e+00,-2.853463977052922429e-01
-0.000000000000000000e+00,-7.328846936800850753e-02,-0.000000000000000000e+00,0.000000000000000000e+00,-2.781724122795603549e-01,-0.000000000000000000e+00,-0.000000000000000000e+00,0.000000000000000000e+00,-1.472783923284977890e-02,2.524769550325986156e+00,-1.289553914168448945e-01,0.000000000000000000e+00,0.000000000000000000e+00,-1.285416339703722433e-01,0.000000000000000000e+00,-4.216779742654675478e-01,-0.000000000000000000e+00,-0.000000000000000000e+00,0.000000000000000000e+00,-0.000000000000000000e+00,-0.000000000000000000e+00,-0.000000000000000000e+00,-7.600605313338047730e-02,-1.096164557562940151e-01,-4.551898310245984791e-01,-3.307524549404454711e-03,-0.000000000000000000e+00,-0.000000000000000000e+00,-8.707256204638375019e-02,-3.405179804560554691e-01,-2.922537124841613765e-01,-4.463111922157515787e-03,-0.000000000000000000e+00,-5.351646705876711430e-02,-0.000000000000000000e+00,-0.000000000000000000e+00,-0.000000000000000000e+00,-0.000000000000000000e+00,-1.055482641208520256e-01
-1.132439657018545487e-01,-7.883580094555654727e-02,-0.000000000000000000e+00,7.368068529517561582e-02,-2.281023706060988573e-02,-4.163587534621249753e-01,-0.000000000000000000e+00,0.000000000000000000e+00,-0.000000000000000000e+00,-1.289553914168448945e-01,2.641227502034642516e+00,0.000000000000000000e+00,0.000000000000000000e+00,-0.000000000000000000e+00,-0.000000000000000000e+00,-0.000000000000000000e+00,-0.000000000000000000e+00,0.000000000000000000e+00,0.000000000000000000e+00,-1.073517697871095716e-01,-2.255163377067967156e-01,-0.000000000000000000e+00,-3.167945875200903205e-01,-2.676816661134569508e-01,-5.818523398921905676e-02,-4.384924229661885803e-02,-0.000000000000000000e+00,-2.818310792655069272e-02,-2.548101251701124781e-01,-9.377942076789129444e-02,-1.705481677205772095e-01,-8.126858541694093052e-02,-2.971977177323375519e-01,-0.000000000000000000e+00,-0.000000000000000000e+00,-0.000000000000000000e+00,-0.000000000000000000e+00,-1.367193609930464522e-02,-0.000000000000000000e+00
0.000000000000000000e+00,0.000000000000000000e+00,0.000000000000000000e+00,-0.000000000000000000e+00,0.000000000000000000e+00,0.000000000000000000e+00,0.000000000000000000e+00,-0.000000000000000000e+00,-0.000000000000000000e+00,0.000000000000000000e+00,0.000000000000000000e+00,1.073359932265695260e+00,-1.636198443615586307e-01,0.000000000000000000e+00,-1.063832907847509085e-01,0.000000000000000000e+00,-3.451171597589880197e-03,0.000000000000000000e+00,-0.000000000000000000e+00,0.000000000000000000e+00,0.000000000000000000e+00,-0.000000000000000000e+00,0.000000000000000000e+00,0.000000000000000000e+00,-0.000000000000000000e+00,0.000000000000000000e+00,-0.000000000000000000e+00,0.000000000000000000e+00,0.000000000000000000e+00,0.000000000000000000e+00,0.000000000000000000e+00,0.000000000000000000e+00,1.671301936429367141e-01,-0.000000000000000000e+00,0.000000000000000000e+00,0.000000000000000000e+00,0.000000000000000000e+00,-0.000000000000000000e+00,-1.177375415030422340e-01
0.000000000000000000e+00,0.000000000000000000e+00,0.000000000000000000e+00,-0.000000000000000000e+00,0.000000000000000000e+00,2.710405726186253250e-02,-0.000000000000000000e+00,-5.014915992176975645e-02,2.681330163452776139e-02,0.000000000000000000e+00,0.000000000000000000e+00,-1.636198443615586307e-01,1.265908644913490644e+00,0.000000000000000000e+00,1.132371146149253362e-02,0.000000000000000000e+00,-2.318165089574092674e-01,5.702724145359047009e-03,-0.000000000000000000e+00,0.000000000000000000e+00,0.000000000000000000e+00,-0.000000000000000000e+00,1.784945717102489060e-01,0.000000000000000000e+00,0.000000000000000000e+00,3.163689049150121557e-02,-0.000000000000000000e+00,0.000000000000000000e+00,0.000000000000000000e+00,1.939571735476124659e-01,0.000000000000000000e+00,0.000000000000000000e+00,1.353689225539493890e-01,8.064120723099613142e-02,0.000000000000000000e+00,0.000000000000000000e+00,-0.000000000000000000e+00,2.376283884649358410e-03,0.000000000000000000e+00
-1.699607280187090674e-01,-1.104020886525504397e-01,-1.000886638500092518e-02,0.000000000000000000e+00,-3.535309111570353324e-01,-0.000000000000000000e+00,-0.000000000000000000e+00,0.000000000000000000e+00,-5.947842761779715409e-02,-1.285416339703722433e-01,-0.000000000000000000e+00,0.000000000000000000e+00,0.000000000000000000e+00,2.408965610750646302e+00,0.000000000000000000e+00,-1.858617424266659768e-01,-0.000000000000000000e+00,-0.000000000000000000e+00,0.000000000000000000e+00,-0.000000000000000000e+00,-0.000000000000000000e+00,-0.000000000000000000e+00,-1.387009423180891876e-01,-5.036659101678932215e-02,-6.161961006998560586e-02,-1.826637693635499160e-01,-1.654004075026475618e-01,-5.787919356497597811e-02,-0.000000000000000000e+00,-0.000000000000000000e+00,-1.817161349057121456e-01,-5.295726787710482164e-02,-0.000000000000000000e+00,-0.000000000000000000e+00,-2.120455534446806234e-01,-3.077195183073400120e-01,-1.029446935771971966e-01,-0.000000000000000000e+00,-0.000000000000000000e+00
-0.000000000000000000e+00,-0.000000000000000000e+00,-0.000000000000000000e+00,0.000000000000000000e+00,-0.000000000000000000e+00,-0.000000000000000000e+00,0.000000000000000000e+00,0.000000000000000000e+00,-0.000000000000000000e+00,0.000000000000000000e+00,-0.000000000000000000e+00,-1.063832907847509085e-01,1.132371146149253362e-02,0.000000000000000000e+00,1.108398461289477499e+00,0.000000000000000000e+00,0.000000000000000000e+00,-0.000000000000000000e+00,-0.000000000000000000e+00,0.000000000000000000e+00,-0.000000000000000000e+00,0.000000000000000000e+00,-0.000000000000000000e+00,-0.000000000000000000e+00,-0.000000000000000000e+00,-0.000000000000000000e+00,-0.000000000000000000e+00,-0.000000000000000000e+00,0.000000000000000000e+00,-0.000000000000000000e+00,0.000000000000000000e+00,-0.000000000000000000e+00,-0.000000000000000000e+00,-1.607153383852998052e-01,0.000000000000000000e+00,-0.000000000000000000e+00,0.000000000000000000e+00,-2.473657452224884146e-01,-0.000000000000000000e+00
-9.784054400409940289e-02,-3.263625464791075070e-01,-0.000000000000000000e+00,0.000000000000000000e+00,-2.411065931949809560e-01,-0.000000000000000000e+00,-0.000000000000000000e+00,0.000000000000000000e+00,-1.921815375202557685e-01,-4.216779742654675478e-01,-0.000000000000000000e+00,0.000000000000000000e+00,0.000000000000000000e+00,-1.858617424266659768e-01,0.000000000000000000e+00,2.351382768504609810e+00,-0.000000000000000000e+00,-0.000000000000000000e+00,0.000000000000000000e+00,-0.000000000000000000e+00,-0.000000000000000000e+00,-0.000000000000000000e+00,-2.043303689273973794e-02,-0.000000000000000000e+00,-1.873683153080008823e-01,-0.000000000000000000e+00,-7.119810514494914755e-02,-0.000000000000000000e+00,-0.000000000000000000e+00,-3.435929328226129953e-01,-1.132100568012252284e-01,-0.000000000000000000e+00,-0.000000000000000000e+00,-2.853121226493081711e-02,-0.000000000000000000e+00,-1.056535076690536118e-01,-0.000000000000000000e+00,-0.000000000000000000e+00,-0.000000000000000000e+00
-0.000000000000000000e+00,-0.000000000000000000e+00,0.000000000000000000e+00,-0.000000000000000000e+00,-0.000000000000000000e+00,-0.000000000000000000e+00,-2.082151308591701222e-01,-0.000000000000000000e+00,0.000000000000000000e+00,-0.000000000000000000e+00,-0.000000000000000000e+00,-3.451171597589880197e-03,-2.318165089574092674e-01,-0.000000000000000000e+00,0.000000000000000000e+00,-0.000000000000000000e+00,1.375703963931126816e+00,1.693167499669310377e-02,1.299464877683015156e-02,-0.000000000000000000e+00,-0.000000000000000000e+00,-2.309517562138498348e-01,-0.000000000000000000e+00,-0.000000000000000000e+00,-9.447152616753374393e-03,-0.000000000000000000e+00,-4.933283304654300511e-02,-0.000000000000000000e+00,-0.000000000000000000e+00,0.000000000000000000e+00,-0.000000000000000000e+00,-1.486644002980007373e-01,-0.000000000000000000e+00,0.000000000000000000e+00,-0.000000000000000000e+00,-0.000000000000000000e+00,-2.833771953087862450e-01,-0.000000000000000000e+00,-0.000000000000000000e+00
-0.000000000000000000e+00,-0.000000000000000000e+00,-0.000000000000000000e+00,-2.136634619876401353e-01,-0.000000000000000000e+00,0.000000000000000000e+00,0.000000000000000000e+00,1.551781390700959773e-01,-0.000000000000000000e+00,-0.000000000000000000e+00,0.000000000000000000e+00,0.000000000000000000e+00,5.702724145359047009e-03,-0.000000000000000000e+00,-0.000000000000000000e+00,-0.000000000000000000e+00,1.693167499669310377e-02,1.178550227194403943e+00,-3.079827990318453890e-01,0.000000000000000000e+00,0.000000000000000000e+00,0.000000000000000000e+00,-0.000000000000000000e+00,0.000000000000000000e+00,0.000000000000000000e+00,-1.340424596153737546e-01,0.000000000000000000e+00,-0.000000000000000000e+00,0.000000000000000000e+00,-0.000000000000000000e+00,0.000000000000000000e+00,0.000000000000000000e+00,-0.000000000000000000e+00,-0.000000000000000000e+00,0.000000000000000000e+00,-0.000000000000000000e+00,0.000000000000000000e+00,-0.000000000000000000e+00,-0.000000000000000000e+00
0.000000000000000000e+00,0.000000000000000000e+00,-0.000000000000000000e+00,-0.000000000000000000e+00,-0.000000000000000000e+00,0.000000000000000000e+00,5.606988061684833706e-03,0.000000000000000000e+00,-2.512929435540206882e-02,0.000000000000000000e+00,0.000000000000000000e+00,-0.000000000000000000e+00,-0.000000000000000000e+00,0.000000000000000000e+00,-0.000000000000000000e+00,0.000000000000000000e+00,1.299464877683015156e-02,-3.079827990318453890e-01,1.091237582450701460e+00,0.000000000000000000e+00,0.000000000000000000e+00,5.560058291518649859e-02,0.000000000000000000e+00,0.000000000000000000e+00,0.000000000000000000e+00,-0.000000000000000000e+00,0.000000000000000000e+00,-0.000000000000000000e+00,0.000000000000000000e+00,0.000000000000000000e+00,0.000000000000000000e+00,2.260549091867226218e-02,0.000000000000000000e+00,-0.000000000000000000e+00,0.000000000000000000e+00,0.000000000000000000e+00,0.000000000000000000e+00,0.000000000000000000e+00,-0.000000000000000000e+00
-0.000000000000000000e+00,-0.000000000000000000e+00,-0.000000000000000000e+00,0.000000000000000000e+00,-0.000000000000000000e+00,-0.000000000000000000e+00,-2.154260303795012543e-01,0.000000000000000000e+00,-0.000000000000000000e+00,-0.000000000000000000e+00,-1.073517697871095716e-01,0.000000000000000000e+00,0.000000000000000000e+00,-0.000000000000000000e+00,0.000000000000000000e+00,-0.000000000000000000e+00,-0.000000000000000000e+00,0.000000000000000000e+00,0.000000000000000000e+00,2.362902826331760853e+00,-1.647305061848270691e-01,-3.811936706168870259e-01,-0.000000000000000000e+00,-2.389437176704850008e-01,-0.000000000000000000e+00,-0.000000000000000000e+00,-0.000000000000000000e+00,-0.000000000000000000e+00,-2.763020894602106203e-01,-0.000000000000000000e+00,-2.251199910927265124e-01,-1.463425800122091502e-01,-2.052397934077534181e-01,-0.000000000000000000e+00,-2.923313480012126320e-01,-0.000000000000000000e+00,-9.356890547727048091e-02,-0.000000000000000000e+00,-0.000000000000000000e+00
-0.000000000000000000e+00,-0.000000000000000000e+00,-0.000000000000000000e+00,4.760018379649064851e-02,-0.000000000000000000e+00,-1.129879589974130683e-01,-0.000000000000000000e+00,-0.000000000000000000e+00,-0.000000000000000000e+00,-0.000000000000000000e+00,-2.255163377067967156e-01,0.000000000000000000e+00,0.000000000000000000e+00,-0.000000000000000000e+00,-0.000000000000000000e+00,-0.000000000000000000e+00,-0.000000000000000000e+00,0.000000000000000000e+00,0.000000000000000000e+00,-1.647305061848270691e-01,2.393601174091367856e+00,-3.687030817383695203e-01,-0.000000000000000000e+00,-3.711499512421611580e-01,-1.472790486345863514e-01,-0.000000000000000000e+00,-0.000000000000000000e+00,-0.000000000000000000e+00,-3.152301543170293319e-01,-1.216213937341466683e-01,-0.000000000000000000e+00,-1.610512086504901630e-01,-3.253451985839317384e-01,-1.461237241908023426e-02,-0.000000000000000000e+00,-0.000000000000000000e+00,-0.000000000000000000e+00,-0.000000000000000000e+00,-0.000000000000000000e+00
-0.000000000000000000e+00,-0.000000000000000000e+00,-0.000000000000000000e+00,0.000000000000000000e+00,-0.000000000000000000e+00,-0.000000000000000000e+00,-3.527547624171697427e-01,-0.000000000000000000e+00,0.000000000000000000e+00,-0.000000000000000000e+00,-0.000000000000000000e+00,-0.000000000000000000e+00,-0.000000000000000000e+00,-0.000000000000000000e+00,0.000000000000000000e+00,-0.000000000000000000e+00,-2.309517562138498348e-01,0.000000000000000000e+00,5.560058291518649859e-02,-3.811936706168870259e-01,-3.687030817383695203e-01,2.153282472793037972e+00,-0.000000000000000000e+00,-6.080433659069418156e-02,-1.567943168197848403e-01,-0.000000000000000000e+00,-0.000000000000000000e+00,-0.000000000000000000e+00,-9.946108579885777623e-02,-0.000000000000000000e+00,-0.000000000000000000e+00,-2.770435606107917725e-01,-0.000000000000000000e+00,-0.000000000000000000e+00,-0.000000000000000000e+00,-0.000000000000000000e+00,-1.838714752371626016e-01,-0.000000000000000000e+00,-0.000000000000000000e+00
-3.527378222270386998e-01,-2.076596017851040921e-01,-0.000000000000000000e+00,0.000000000000000000e+00,-7.366169163409824749e-02,-2.554873413228574419e-01,-0.000000000000000000e+00,0.000000000000000000e+00,-1.001044744553815091e-01,-7.600605313338047730e-02,-3.167945875200903205e-01,0.000000000000000000e+00,1.784945717102489060e-01,-1.387009423180891876e-01,-0.000000000000000000e+00,-2.043303689273973794e-02,-0.000000000000000000e+00,-0.000000000000000000e+00,0.000000000000000000e+00,-0.000000000000000000e+00,-0.000000000000000000e+00,-0.000000000000000000e+00,2.441957162685315819e+00,-0.000000000000000000e+00,-0.000000000000000000e+00,-3.039392150127972481e-01,-0.000000000000000000e+00,-6.459548058766570455e-02,-0.000000000000000000e+00,-2.161018844103424208e-01,-0.000000000000000000e+00,-0.000000000000000000e+00,-4.450712899784821375e-02,-0.000000000000000000e+00,-0.000000000000000000e+00,-0.000000000000000000e+00,-0.000000000000000000e+00,-1.465598251711315025e-01,-1.980001138922866388e-01
-0.000000000000000000e+00,-0.000000000000000000e+00,-0.000000000000000000e+00,0.000000000000000000e+00,-0.000000000000000000e+00,-1.520731525879837065e-01,-0.000000000000000000e+00,0.000000000000000000e+00,-0.000000000000000000e+00,-1.096164557562940151e-01,-2.676816661134569508e-01,0.000000000000000000e+00,0.000000000000000000e+00,-5.036659101678932215e-02,-0.000000000000000000e+00,-0.000000000000000000e+00,-0.000000000000000000e+00,0.000000000000000000e+00,0.000000000000000000e+00,-2.389437176704850008e-01,-3.711499512421611580e-01,-6.080433659069418156e-02,-0.000000000000000000e+00,2.770909366425795994e+00,-2.544239602709902348e-01,-0.000000000000000000e+00,-0.000000000000000000e+00,-0.000000000000000000e+00,-3.867732938272988030e-01,-2.228143532113025654e-02,-1.292561161223595156e-01,-3.608084568031839634e-01,-9.901000329481823847e-02,-0.000000000000000000e+00,-2.261115028740497968e-01,-0.000000000000000000e+00,-9.887891705324693137e-02,-0.000000000000000000e+00,-0.000000000000000000e+00
-0.000000000000000000e+00,-0.000000000000000000e+00,-0.000000000000000000e+00,0.000000000000000000e+00,-5.937895149602001599e-02,-0.000000000000000000e+00,-0.000000000000000000e+00,-0.000000000000000000e+00,-0.000000000000000000e+00,-4.551898310245984791e-01,-5.818523398921905676e-02,-0.000000000000000000e+00,0.000000000000000000e+00,-6.161961006998560586e-02,-0.000000000000000000e+00,-1.873683153080008823e-01,-9.447152616753374393e-03,0.000000000000000000e+00,0.000000000000000000e+00,-0.000000000000000000e+00,-1.472790486345863514e-01,-1.567943168197848403e-01,-0.000000000000000000e+00,-2.544239602709902348e-01,2.135025587092941990e+00,-0.000000000000000000e+00,-0.000000000000000000e+00,-0.000000000000000000e+00,-2.659272359626420681e-02,-2.378245840643396225e-02,-1.514140338486103243e-01,-2.306216664397490179e-01,-0.000000000000000000e+00,-5.943080322039932112e-02,-0.000000000000000000e+00,-0.000000000000000000e+00,-1.345670457656207020e-01,-0.000000000000000000e+00,-0.000000000000000000e+00
-1.097451580283801548e-01,-0.000000000000000000e+00,-2.562660118166157908e-01,0.000000000000000000e+00,-4.972778098158853882e-02,-0.000000000000000000e+00,-0.000000000000000000e+00,0.000000000000000000e+00,-0.000000000000000000e+00,-3.307524549404454711e-03,-4.384924229661885803e-02,0.000000000000000000e+00,3.163689049150121557e-02,-1.826637693635499160e-01,-0.000000000000000000e+00,-0.000000000000000000e+00,-0.000000000000000000e+00,-1.340424596153737546e-01,-0.000000000000000000e+00,-0.000000000000000000e+00,-0.000000000000000000e+00,-0.000000000000000000e+00,-3.039392150127972481e-01,-0.000000000000000000e+00,-0.000000000000000000e+00,2.088428798560070021e+00,-0.000000000000000000e+00,-5.875212454188855071e-01,-0.000000000000000000e+00,-1.647191003797736364e-01,-7.416122280043317694e-02,-0.000000000000000000e+00,-1.067629258915026164e-01,-0.000000000000000000e+00,-4.728857014947857734e-02,-0.000000000000000000e+00,-0.000000000000000000e+00,-1.193801869077570216e-02,-0.000000000000000000e+00
-2.900707745496421963e-01,-1.016910720169891813e-01,-0.000000000000000000e+00,0.000000000000000000e+00,-7.677632315464394397e-02,-0.000000000000000000e+00,-0.000000000000000000e+00,0.000000000000000000e+00,-0.000000000000000000e+00,-0.000000000000000000e+00,-0.000000000000000000e+00,-0.000000000000000000e+00,-0.000000000000000000e+00,-1.654004075026475618e-01,-0.000000000000000000e+00,-7.119810514494914755e-02,-4.933283304654300511e-02,0.000000000000000000e+00,0.000000000000000000e+00,-0.000000000000000000e+00,-0.000000000000000000e+00,-0.000000000000000000e+00,-0.000000000000000000e+00,-0.000000000000000000e+00,-0.000000000000000000e+00,-0.000000000000000000e+00,1.532198767840502907e+00,-0.000000000000000000e+00,-0.000000000000000000e+00,-0.000000000000000000e+00,-1.907561163553108882e-02,-0.000000000000000000e+00,-0.000000000000000000e+00,-0.000000000000000000e+00,-0.000000000000000000e+00,-3.300399353978578643e-01,-0.000000000000000000e+00,-9.168251945071009823e-02,-0.000000000000000000e+00
-0.000000000000000000e+00,-0.000000000000000000e+00,-4.478733188150298972e-01,0.000000000000000000e+00,-1.116379549300796636e-01,-0.000000000000000000e+00,-0.000000000000000000e+00,2.332601848952587098e-01,-0.000000000000000000e+00,-0.000000000000000000e+00,-2.818310792655069272e-02,0.000000000000000000e+00,0.000000000000000000e+00,-5.787919356497597811e-02,-0.000000000000000000e+00,-0.000000000000000000e+00,-0.000000000000000000e+00,-0.000000000000000000e+00,-0.000000000000000000e+00,-0.000000000000000000e+00,-0.000000000000000000e+00,-0.000000000000000000e+00,-6.459548058766570455e-02,-0.000000000000000000e+00,-0.000000000000000000e+00,-5.875212454188855071e-01,-0.000000000000000000e+00,2.127602062093293611e+00,-0.000000000000000000e+00,-0.000000000000000000e+00,-2.634543515875149566e-01,-0.000000000000000000e+00,-1.366480842617812663e-01,-0.000000000000000000e+00,-0.000000000000000000e+00,-1.173248865443091982e-01,-0.000000000000000000e+00,-8.250136643202040168e-03,-2.284605046432462358e-02
-8.093452823083871484e-02,-0.000000000000000000e+00,-0.000000000000000000e+00,0.000000000000000000e+00,-0.000000000000000000e+00,-2.116620278786764953e-01,-0.000000000000000000e+00,-0.000000000000000000e+00,-0.000000000000000000e+00,-8.707256204638375019e-02,-2.548101251701124781e-01,0.000000000000000000e+00,0.000000000000000000e+00,-0.000000000000000000e+00,0.000000000000000000e+00,-0.000000000000000000e+00,-0.000000000000000000e+00,0.000000000000000000e+00,0.000000000000000000e+00,-2.763020894602106203e-01,-3.152301543170293319e-01,-9.946108579885777623e-02,-0.000000000000000000e+00,-3.867732938272988030e-01,-2.659272359626420681e-02,-0.000000000000000000e+00,-0.000000000000000000e+00,-0.000000000000000000e+00,2.918554725401320216e+00,-1.023737674251462837e-01,-1.023386160047056181e-01,-4.593092842554389321e-01,-2.024666429175601620e-02,-0.000000000000000000e+00,-4.114001372905402576e-01,-0.000000000000000000e+00,-1.835451994046247703e-01,-0.000000000000000000e+00,-0.000000000000000000e+00
-1.294182462481875510e-02,-1.686269754132292409e-01,-0.000000000000000000e+00,0.000000000000000000e+00,-7.064233446831548469e-02,-1.827332092237407002e-01,-0.000000000000000000e+00,0.000000000000000000e+00,-0.000000000000000000e+00,-3.405179804560554691e-01,-9.377942076789129444e-02,0.000000000000000000e+00,1.939571735476124659e-01,-0.000000000000000000e+00,-0.000000000000000000e+00,-3.435929328226129953e-01,0.000000000000000000e+00,-0.000000000000000000e+00,0.000000000000000000e+00,-0.000000000000000000e+00,-1.216213937341466683e-01,-0.000000000000000000e+00,-2.161018844103424208e-01,-2.228143532113025654e-02,-2.378245840643396225e-02,-1.647191003797736364e-01,-0.000000000000000000e+00,-0.000000000000000000e+00,-1.023737674251462837e-01,2.232432302623414966e+00,-3.179934791157871393e-02,-0.000000000000000000e+00,-1.287574015666173299e-01,-4.943418736393139640e-02,-0.000000000000000000e+00,-0.000000000000000000e+00,-0.000000000000000000e+00,-0.000000000000000000e+00,-0.000000000000000000e+00
-0.000000000000000000e+00,-2.736956652913849486e-02,-0.000000000000000000e+00,0.000000000000000000e+00,-2.203546518604918847e-01,-6.102950448265506700e-02,-0.000000000000000000e+00,0.000000000000000000e+00,-0.000000000000000000e+00,-2.922537124841613765e-01,-1.705481677205772095e-01,0.000000000000000000e+00,0.000000000000000000e+00,-1.817161349057121456e-01,0.000000000000000000e+00,-1.132100568012252284e-01,-0.000000000000000000e+00,0.000000000000000000e+00,0.000000000000000000e+00,-2.251199910927265124e-01,-0.000000000000000000e+00,-0.000000000000000000e+00,-0.000000000000000000e+00,-1.292561161223595156e-01,-1.514140338486103243e-01,-7.416122280043317694e-02,-1.907561163553108882e-02,-2.634543515875149566e-01,-1.023386160047056181e-01,-3.179934791157871393e-02,2.345468223785687645e+00,-8.994137008814136192e-02,-1.925353441548630432e-02,-1.131696288997906807e-01,-9.837278770527299598e-02,-0.000000000000000000e+00,-8.551408888409342546e-03,-0.000000000000000000e+00,-0.000000000000000000e+00
-1.221210178175142630e-01,-0.000000000000000000e+00,-0.000000000000000000e+00,0.000000000000000000e+00,-0.000000000000000000e+00,-8.875169567370966642e-03,-0.000000000000000000e+00,-0.000000000000000000e+00,-0.000000000000000000e+00,-4.463111922157515787e-03,-8.126858541694093052e-02,0.000000000000000000e+00,0.000000000000000000e+00,-5.295726787710482164e-02,-0.000000000000000000e+00,-0.000000000000000000e+00,-1.486644002980007373e-01,0.000000000000000000e+00,2.260549091867226218e-02,-1.463425800122091502e-01,-1.610512086504901630e-01,-2.770435606107917725e-01,-0.000000000000000000e+00,-3.608084568031839634e-01,-2.306216664397490179e-01,-0.000000000000000000e+00,-0.000000000000000000e+00,-0.000000000000000000e+00,-4.593092842554389321e-01,-0.000000000000000000e+00,-8.994137008814136192e-02,2.738328415638751512e+00,-0.000000000000000000e+00,-0.000000000000000000e+00,-2.705096183722777714e-01,-0.000000000000000000e+00,-4.155485573245408237e-01,-0.000000000000000000e+00,-0.000000000000000000e+00
-0.000000000000000000e+00,-0.000000000000000000e+00,-6.798916663184463582e-02,0.000000000000000000e+00,-0.000000000000000000e+00,-3.036782615666498986e-01,-0.000000000000000000e+00,0.000000000000000000e+00,-0.000000000000000000e+00,-0.000000000000000000e+00,-2.971977177323375519e-01,1.671301936429367141e-01,1.353689225539493890e-01,-0.000000000000000000e+00,-0.000000000000000000e+00,-0.000000000000000000e+00,-0.000000000000000000e+00,-0.000000000000000000e+00,0.000000000000000000e+00,-2.052397934077534181e-01,-3.253451985839317384e-01,-0.000000000000000000e+00,-4.450712899784821375e-02,-9.901000329481823847e-02,-0.000000000000000000e+00,-1.067629258915026164e-01,-0.000000000000000000e+00,-1.366480842617812663e-01,-2.024666429175601620e-02,-1.287574015666173299e-01,-1.925353441548630432e-02,-0.000000000000000000e+00,2.010100977815960643e+00,-0.000000000000000000e+00,-0.000000000000000000e+00,-0.000000000000000000e+00,-0.000000000000000000e+00,-0.000000000000000000e+00,-0.000000000000000000e+00
-0.000000000000000000e+00,-1.213751758073163545e-01,-0.000000000000000000e+00,5.089189838489908968e-02,-4.314356432313979361e-01,-0.000000000000000000e+00,-0.000000000000000000e+00,0.000000000000000000e+00,-4.272406533114021521e-01,-5.351646705876711430e-02,-0.000000000000000000e+00,-0.000000000000000000e+00,8.064120723099613142e-02,-0.000000000000000000e+00,-1.607153383852998052e-01,-2.853121226493081711e-02,0.000000000000000000e+00,-0.000000000000000000e+00,-0.000000000000000000e+00,-0.000000000000000000e+00,-1.461237241908023426e-02,-0.000000000000000000e+00,-0.000000000000000000e+00,-0.000000000000000000e+00,-5.943080322039932112e-02,-0.000000000000000000e+00,-0.000000000000000000e+00,-0.000000000000000000e+00,-0.000000000000000000e+00,-4.943418736393139640e-02,-1.131696288997906807e-01,-0.000000000000000000e+00,-0.000000000000000000e+00,1.797665023096107539e+00,-0.000000000000000000e+00,-8.658213420986222986e-02,-0.000000000000000000e+00,-0.000000000000000000e+00,-7.166199903138123495e-02
-0.000000000000000000e+00,-0.000000000000000000e+00,-0.000000000000000000e+00,0.000000000000000000e+00,-0.000000000000000000e+00,-6.517140283671904455e-02,-4.993218378570882937e-02,0.000000000000000000e+00,-0.000000000000000000e+00,-0.000000000000000000e+00,-0.000000000000000000e+00,0.000000000000000000e+00,0.000000000000000000e+00,-2.120455534446806234e-01,0.000000000000000000e+00,-0.000000000000000000e+00,-0.000000000000000000e+00,0.000000000000000000e+00,0.000000000000000000e+00,-2.923313480012126320e-01,-0.000000000000000000e+00,-0.000000000000000000e+00,-0.000000000000000000e+00,-2.261115028740497968e-01,-0.000000000000000000e+00,-4.728857014947857734e-02,-0.000000000000000000e+00,-0.000000000000000000e+00,-4.114001372905402576e-01,-0.000000000000000000e+00,-9.837278770527299598e-02,-2.705096183722777714e-01,-0.000000000000000000e+00,-0.000000000000000000e+00,2.434580783381312674e+00,-0.000000000000000000e+00,-6.598920447903526831e-01,-0.000000000000000000e+00,-0.000000000000000000e+00
-7.324550658785194956e-02,-1.851533182004316824e-01,-1.224028096571069396e-01,0.000000000000000000e+00,-3.895660243851303134e-02,-0.000000000000000000e+00,0.000000000000000000e+00,8.494985876761558530e-02,-1.336831099308568582e-01,-0.000000000000000000e+00,-0.000000000000000000e+00,0.000000000000000000e+00,0.000000000000000000e+00,-3.077195183073400120e-01,-0.000000000000000000e+00,-1.056535076690536118e-01,-0.000000000000000000e+00,-0.000000000000000000e+00,0.000000000000000000e+00,-0.000000000000000000e+00,-0.000000000000000000e+00,-0.000000000000000000e+00,-0.000000000000000000e+00,-0.000000000000000000e+00,-0.000000000000000000e+00,-0.000000000000000000e+00,-3.300399353978578643e-01,-1.173248865443091982e-01,-0.000000000000000000e+00,-0.000000000000000000e+00,-0.000000000000000000e+00,-0.000000000000000000e+00,-0.000000000000000000e+00,-8.658213420986222986e-02,-0.000000000000000000e+00,1.791911433233694062e+00,-0.000000000000000000e+00,-1.046163743572357391e-01,-0.000000000000000000e+00
-0.000000000000000000e+00,-0.000000000000000000e+00,-0.000000000000000000e+00,0.000000000000000000e+00,-0.000000000000000000e+00,-0.000000000000000000e+00,-2.236645030890752339e-01,-0.000000000000000000e+00,-0.000000000000000000e+00,-0.000000000000000000e+00,-0.000000000000000000e+00,0.000000000000000000e+00,-0.000000000000000000e+00,-1.029446935771971966e-01,0.000000000000000000e+00,-0.000000000000000000e+00,-2.833771953087862450e-01,0.000000000000000000e+00,0.000000000000000000e+00,-9.356890547727048091e-02,-0.000000000000000000e+00,-1.838714752371626016e-01,-0.000000000000000000e+00,-9.887891705324693137e-02,-1.345670457656207020e-01,-0.000000000000000000e+00,-0.000000000000000000e+00,-0.000000000000000000e+00,-1.835451994046247703e-01,-0.000000000000000000e+00,-8.551408888409342546e-03,-4.155485573245408237e-01,-0.000000000000000000e+00,-0.000000000000000000e+00,-6.598920447903526831e-01,-0.000000000000000000e+00,2.378330447790778734e+00,-0.000000000000000000e+00,-0.000000000000000000e+00
-1.994825902735149203e-01,-0.000000000000000000e+00,-0.000000000000000000e+00,9.042541425283037379e-03,-0.000000000000000000e+00,-0.000000000000000000e+00,0.000000000000000000e+00,0.000000000000000000e+00,-0.000000000000000000e+00,-0.000000000000000000e+00,-1.367193609930464522e-02,-0.000000000000000000e+00,2.376283884649358410e-03,-0.000000000000000000e+00,-2.473657452224884146e-01,-0.000000000000000000e+00,-0.000000000000000000e+00,-0.000000000000000000e+00,0.000000000000000000e+00,-0.000000000000000000e+00,-0.000000000000000000e+00,-0.000000000000000000e+00,-1.465598251711315025e-01,-0.000000000000000000e+00,-0.000000000000000000e+00,-1.193801869077570216e-02,-9.168251945071009823e-02,-8.250136643202040168e-03,-0.000000000000000000e+00,-0.000000000000000000e+00,-0.000000000000000000e+00,-0.000000000000000000e+00,-0.000000000000000000e+00,-0.000000000000000000e+00,-0.000000000000000000e+00,-1.046163743572357391e-01,-0.000000000000000000e+00,1.336615502813387479e+00,-2.187841998371483909e-01
-0.000000000000000000e+00,-0.000000000000000000e+00,-0.000000000000000000e+00,0.000000000000000000e+00,-0.000000000000000000e+00,-0.000000000000000000e+00,0.000000000000000000e+00,0.000000000000000000e+00,-2.853463977052922429e-01,-1.055482641208520256e-01,-0.000000000000000000e+00,-1.177375415030422340e-01,0.000000000000000000e+00,-0.000000000000000000e+00,-0.000000000000000000e+00,-0.000000000000000000e+00,-0.000000000000000000e+00,-0.000000000000000000e+00,-0.000000000000000000e+00,-0.000000000000000000e+00,-0.000000000000000000e+00,-0.000000000000000000e+00,-1.980001138922866388e-01,-0.000000000000000000e+00,-0.000000000000000000e+00,-0.000000000000000000e+00,-0.000000000000000000e+00,-2.284605046432462358e-02,-0.000000000000000000e+00,-0.000000000000000000e+00,-0.000000000000000000e+00,-0.000000000000000000e+00,-0.000000000000000000e+00,-7.166199903138123495e-02,-0.000000000000000000e+00,-0.000000000000000000e+00,-0.000000000000000000e+00,-2.187841998371483909e-01,1.333087392052851206e+00
