1.808957682209613171e+00,-3.334484652351100142e-01,-4.965585340768910450e-02,-0.000000000000000000e+00,-7.705935299393437687e-02,0.000000000000000000e+00,-0.000000000000000000e+00,1.754459194146434226e-02,-0.000000000000000000e+00,-3.551064391827236238e-02,0.000000000000000000e+00,4.778728457207737090e-02,-0.000000000000000000e+00,-1.348792041730554059e-01,0.000000000000000000e+00,-2.564026199372313464e-01,0.000000000000000000e+00,-0.000000000000000000e+00,-2.234326041147513889e-02,0.000000000000000000e+00,0.000000000000000000e+00,-0.000000000000000000e+00,-0.000000000000000000e+00,-5.833586570981045410e-03,-0.000000000000000000e+00,-5.593839206030983696e-02,-0.000000000000000000e+00,0.000000000000000000e+00,-0.000000000000000000e+00,-3.288735252632551953e-02,0.000000000000000000e+00,0.000000000000000000e+00,-0.000000000000000000e+00,-7.041849398743249555e-02,-0.000000000000000000e+00,-0.000000000000000000e+00,-0.000000000000000000e+00,-2.330868418813049625e-01,-2.700167234285603124e-01
-3.334484652351100142e-01,2.383827082572902434e+00,-0.000000000000000000e+00,-1.281647024781725486e-01,-0.000000000000000000e+00,-0.000000000000000000e+00,-0.000000000000000000e+00,0.000000000000000000e+00,-2.600521922674445263e-01,-5.128774987348457826e-01,-0.000000000000000000e+00,0.000000000000000000e+00,-2.961283282695116592e-02,-3.715585291630272846e-01,0.000000000000000000e+00,-1.006903830385644759e-02,0.000000000000000000e+00,-0.000000000000000000e+00,-0.000000000000000000e+00,0.000000000000000000e+00,1.352769975729922192e-01,-0.000000000000000000e+00,-6.200971922500046751e-02,-1.300900816065582444e-01,-0.000000000000000000e+00,-0.000000000000000000e+00,-0.000000000000000000e+00,2.214267038335876805e-02,-0.000000000000000000e+00,-0.000000000000000000e+00,0.000000000000000000e+00,0.000000000000000000e+00,-0.000000000000000000e+00,-0.000000000000000000e+00,-0.000000000000000000e+00,-0.000000000000000000e+00,-0.000000000000000000e+00,-1.671428073300424144e-01,-3.322734311855364275e-01
-4.965585340768910450e-02,-0.000000000000000000e+00,2.079074775210432158e+00,-0.000000000000000000e+00,-1.981909935203083895e-01,-0.000000000000000000e+00,-0.000000000000000000e+00,1.192698567754903349e+00,-0.000000000000000000e+00,-0.000000000000000000e+00,0.000000000000000000e+00,0.000000000000000000e+00,0.000000000000000000e+00,-0.000000000000000000e+00,-0.000000000000000000e+00,-1.766328249857558944e-02,0.000000000000000000e+00,-0.000000000000000000e+00,-0.000000000000000000e+00,-0.000000000000000000e+00,-1.438389986762248808e-02,-0.000000000000000000e+00,-0.000000000000000000e+00,-0.000000000000000000e+00,-0.000000000000000000e+00,-0.000000000000000000e+00,-1.274332213988508267e-01,-4.816295538417785654e-02,-0.000000000000000000e+00,-1.057034507458119547e-02,-1.616595518879224147e-01,0.000000000000000000e+00,-0.000000000000000000e+00,-1.524454948202390026e-01,-0.000000000000000000e+00,-0.000000000000000000e+00,-0.000000000000000000e+00,-0.000000000000000000e+00,-0.000000000000000000e+00
-0.000000000000000000e+00,-1.281647024781725486e-01,-0.000000000000000000e+00,1.550871595761108335e+00,-0.000000000000000000e+00,-0.000000000000000000e+00,-0.000000000000000000e+00,0.000000000000000000e+00,-1.522328813219634147e-01,-0.000000000000000000e+00,-0.000000000000000000e+00,0.000000000000000000e+00,-0.000000000000000000e+00,-8.410864902235169749e-02,1.244916561272499805e-01,-0.000000000000000000e+00,0.000000000000000000e+00,-3.087924710946524653e-01,-1.002695227293559921e-01,0.000000000000000000e+00,8.794450528384616106e-02,0.000000000000000000e+00,-0.000000000000000000e+00,-0.000000000000000000e+00,-0.000000000000000000e+00,-0.000000000000000000e+00,-0.000000000000000000e+00,2.562547823251546952e-01,-0.000000000000000000e+00,-0.000000000000000000e+00,0.000000000000000000e+00,0.000000000000000000e+00,-0.000000000000000000e+00,-0.000000000000000000e+00,-0.000000000000000000e+00,-0.000000000000000000e+00,-2.202805695155248336e-02,-2.108250578478199078e-01,-0.000000000000000000e+00
-7.705935299393437687e-02,-0.000000000000000000e+00,-1.981909935203083895e-01,-0.000000000000000000e+00,1.924394339450382629e+00,-0.000000000000000000e+00,-0.000000000000000000e+00,1.935109276948809021e-01,-1.201165762573711548e-01,-1.673299218784234377e-01,-0.000000000000000000e+00,0.000000000000000000e+00,0.000000000000000000e+00,-7.791078763994238598e-02,0.000000000000000000e+00,-1.816702572974367158e-01,-0.000000000000000000e+00,-0.000000000000000000e+00,-0.000000000000000000e+00,0.000000000000000000e+00,0.000000000000000000e+00,0.000000000000000000e+00,-0.000000000000000000e+00,-0.000000000000000000e+00,-0.000000000000000000e+00,-1.431356240796589074e-01,-1.971600596488666535e-01,0.000000000000000000e+00,-4.786133121436815518e-02,-2.501571341923508607e-01,-0.000000000000000000e+00,-0.000000000000000000e+00,-0.000000000000000000e+00,-2.338147308360465915e-01,-0.000000000000000000e+00,-3.465872531486491326e-02,-0.000000000000000000e+00,-0.000000000000000000e+00,-0.000000000000000000e+00
0.000000000000000000e+00,-0.000000000000000000e+00,-0.000000000000000000e+00,-0.000000000000000000e+00,-0.000000000000000000e+00,2.349764563621808744e+00,0.000000000000000000e+00,0.000000000000000000e+00,-0.000000000000000000e+00,-0.000000000000000000e+00,-8.676954316074720897e-01,0.000000000000000000e+00,0.000000000000000000e+00,-0.000000000000000000e+00,1.297227364706427244e-01,-0.000000000000000000e+00,-4.125316767197317325e-01,-0.000000000000000000e+00,0.000000000000000000e+00,0.000000000000000000e+00,0.000000000000000000e+00,0.000000000000000000e+00,-2.058839905464106002e-01,-0.000000000000000000e+00,-1.548018762132798709e-01,-0.000000000000000000e+00,-0.000000000000000000e+00,0.000000000000000000e+00,-0.000000000000000000e+00,-0.000000000000000000e+00,-0.000000000000000000e+00,-0.000000000000000000e+00,-1.774571834806212833e-01,0.000000000000000000e+00,-1.014593509136144933e-01,0.000000000000000000e+00,-3.603150633134235559e-01,-0.000000000000000000e+00,0.000000000000000000e+00
-0.000000000000000000e+00,-0.000000000000000000e+00,-0.000000000000000000e+00,-0.000000000000000000e+00,-0.000000000000000000e+00,0.000000000000000000e+00,1.344047737974536361e+00,0.000000000000000000e+00,-5.259585818179241673e-02,-6.336633582808771925e-02,0.000000000000000000e+00,2.464785682884612986e-02,-0.000000000000000000e+00,-1.172985896356241314e-01,-0.000000000000000000e+00,-3.632899991759597214e-02,0.000000000000000000e+00,-2.951269026922305472e-02,-3.776696085904405198e-01,0.000000000000000000e+00,0.000000000000000000e+00,-0.000000000000000000e+00,-0.000000000000000000e+00,-0.000000000000000000e+00,-0.000000000000000000e+00,-0.000000000000000000e+00,-0.000000000000000000e+00,0.000000000000000000e+00,-0.000000000000000000e+00,-0.000000000000000000e+00,-0.000000000000000000e+00,0.000000000000000000e+00,-0.000000000000000000e+00,-5.691299881043668241e-02,-0.000000000000000000e+00,-0.000000000000000000e+00,-0.000000000000000000e+00,-0.000000000000000000e+00,-1.488802388526025977e-01
1.754459194146434226e-02,0.000000000000000000e+00,1.192698567754903349e+00,0.000000000000000000e+00,1.935109276948809021e-01,0.000000000000000000e+00,0.000000000000000000e+00,2.144765721714826157e+00,0.000000000000000000e+00,0.000000000000000000e+00,0.000000000000000000e+00,-0.000000000000000000e+00,-0.000000000000000000e+00,0.000000000000000000e+00,0.000000000000000000e+00,0.000000000000000000e+00,-0.000000000000000000e+00,0.000000000000000000e+00,0.000000000000000000e+00,0.000000000000000000e+00,0.000000000000000000e+00,0.000000000000000000e+00,0.000000000000000000e+00,0.000000000000000000e+00,0.000000000000000000e+00,0.000000000000000000e+00,5.087326955253784755e-02,0.000000000000000000e+00,0.000000000000000000e+00,1.945603454118585360e-02,3.559119288522508313e-03,-0.000000000000000000e+00,2.091358310974889279e-01,2.543583876022892931e-01,0.000000000000000000e+00,0.000000000000000000e+00,0.000000000000000000e+00,0.000000000000000000e+00,0.000000000000000000e+00
-0.000000000000000000e+00,-2.600521922674445263e-01,-0.000000000000000000e+00,-1.522328813219634147e-01,-1.201165762573711548e-01,-0.000000000000000000e+00,-5.259585818179241673e-02,0.000000000000000000e+00,2.501394167504468857e+00,-2.970828413240770294e-01,-0.000000000000000000e+00,0.000000000000000000e+00,-0.000000000000000000e+00,-2.174402228310408913e-01,0.000000000000000000e+00,-2.184384985205825302e-01,0.000000000000000000e+00,-1.358959677310164760e-01,-1.403642578134995655e-01,0.000000000000000000e+00,0.000000000000000000e+00,-0.000000000000000000e+00,-0.000000000000000000e+00,-1.260980168382400957e-01,-0.000000000000000000e+00,-0.000000000000000000e+00,-0.000000000000000000e+00,0.000000000000000000e+00,-0.000000000000000000e+00,-0.000000000000000000e+00,0.000000000000000000e+00,0.000000000000000000e+00,-4.258372719629333752e-02,-4.205223162166043527e-01,-0.000000000000000000e+00,-0.000000000000000000e+00,-2.312245995398655961e-03,-3.565596226677935632e-01,-1.797284179685122996e-01
-3.551064391827236238e-02,-5.128774987348457826e-01,-0.000000000000000000e+00,-0.000000000000000000e+00,-1.673299218784234377e-01,-0.000000000000000000e+00,-6.336633582808771925e-02,0.000000000000000000e+00,-2.970828413240770294e-01,2.560675438222632216e+00,-0.000000000000000000e+00,0.000000000000000000e+00,-0.000000000000000000e+00,-1.948674315837257975e-01,0.000000000000000000e+00,-5.972403266320973625e-01,0.000000000000000000e+00,-5.480589095516620775e-03,-1.816715028418507474e-02,0.000000000000000000e+00,0.000000000000000000e+00,-0.000000000000000000e+00,-1.466266047072181666e-01,-0.000000000000000000e+00,-0.000000000000000000e+00,-0.000000000000000000e+00,-2.592624137873527149e-02,0.000000000000000000e+00,-5.107636784530147911e-02,-4.641978268039420041e-01,0.000000000000000000e+00,0.000000000000000000e+00,-0.000000000000000000e+00,-2.881695571438264505e-02,-0.000000000000000000e+00,-1.889802072703737276e-02,-5.650455207476531372e-04,-0.000000000000000000e+00,-0.000000000000000000e+00
0.000000000000000000e+00,-0.000000000000000000e+00,0.000000000000000000e+00,-0.000000000000000000e+00,-0.000000000000000000e+00,-8.676954316074720897e-01,0.000000000000000000e+00,0.000000000000000000e+00,-0.000000000000000000e+00,-0.000000000000000000e+00,2.227790254963954109e+00,0.000000000000000000e+00,0.000000000000000000e+00,-0.000000000000000000e+00,7.885308512725526520e-02,-0.000000000000000000e+00,-7.052355701371280094e-01,-0.000000000000000000e+00,0.000000000000000000e+00,1.115342965785880297e-01,0.000000000000000000e+00,0.000000000000000000e+00,-1.020494937096198956e-01,-0.000000000000000000e+00,-1.161250356412515949e-01,-0.000000000000000000e+00,-0.000000000000000000e+00,0.000000000000000000e+00,-0.000000000000000000e+00,-0.000000000000000000e+00,-0.000000000000000000e+00,-0.000000000000000000e+00,-8.710183655091251198e-02,0.000000000000000000e+00,-0.000000000000000000e+00,0.000000000000000000e+00,-9.612940515948596720e-02,-0.000000000000000000e+00,0.000000000000000000e+00
4.778728457207737090e-02,0.000000000000000000e+00,0.000000000000000000e+00,0.000000000000000000e+00,0.000000000000000000e+00,0.000000000000000000e+00,2.464785682884612986e-02,-0.000000000000000000e+00,0.000000000000000000e+00,0.000000000000000000e+00,0.000000000000000000e+00,1.053191947250976535e+00,-0.000000000000000000e+00,0.000000000000000000e+00,-1.019837415230834682e-01,0.000000000000000000e+00,-0.000000000000000000e+00,0.000000000000000000e+00,0.000000000000000000e+00,-0.000000000000000000e+00,-0.000000000000000000e+00,-0.000000000000000000e+00,0.000000000000000000e+00,0.000000000000000000e+00,0.000000000000000000e+00,0.000000000000000000e+00,0.000000000000000000e+00,-0.000000000000000000e+00,0.000000000000000000e+00,7.621209651324250059e-03,-0.000000000000000000e+00,-0.000000000000000000e+00,0.000000000000000000e+00,0.000000000000000000e+00,0.000000000000000000e+00,0.000000000000000000e+00,0.000000000000000000e+00,3.085425809020221968e-02,1.256063039571310991e-01
-0.000000000000000000e+00,-2.961283282695116592e-02,0.000000000000000000e+00,-0.000000000000000000e+00,0.000000000000000000e+00,0.000000000000000000e+00,-0.000000000000000000e+00,-0.000000000000000000e+00,-0.000000000000000000e+00,-0.000000000000000000e+00,0.000000000000000000e+00,-0.000000000000000000e+00,1.514897208882171942e+00,-0.000000000000000000e+00,0.000000000000000000e+00,-0.000000000000000000e+00,0.000000000000000000e+00,-0.000000000000000000e+00,-0.000000000000000000e+00,0.000000000000000000e+00,6.578960877110826000e-02,0.000000000000000000e+00,-0.000000000000000000e+00,-0.000000000000000000e+00,-0.000000000000000000e+00,0.000000000000000000e+00,0.000000000000000000e+00,0.000000000000000000e+00,0.000000000000000000e+00,0.000000000000000000e+00,8.274129676915319420e-01,1.419014260078986511e-01,0.000000000000000000e+00,-0.000000000000000000e+00,0.000000000000000000e+00,0.000000000000000000e+00,0.000000000000000000e+00,-8.063181548459698311e-02,-0.000000000000000000e+00
-1.348792041730554059e-01,-3.715585291630272846e-01,-0.000000000000000000e+00,-8.410864902235169749e-02,-7.791078763994238598e-02,-0.000000000000000000e+00,-1.172985896356241314e-01,0.000000000000000000e+00,-2.174402228310408913e-01,-1.948674315837257975e-01,-0.000000000000000000e+00,0.000000000000000000e+00,-0.000000000000000000e+00,2.417183794723354762e+00,0.000000000000000000e+00,-0.000000000000000000e+00,0.000000000000000000e+00,-0.000000000000000000e+00,-3.641969713534869840e-02,0.000000000000000000e+00,0.000000000000000000e+00,-0.000000000000000000e+00,-1.679050981741503079e-01,-2.820953761005937088e-01,-2.405426753787427707e-01,-0.000000000000000000e+00,-0.000000000000000000e+00,0.000000000000000000e+00,-0.000000000000000000e+00,-2.980130880401463123e-02,0.000000000000000000e+00,0.000000000000000000e+00,-4.954819368035962707e-02,-1.208475592156807166e-01,-0.000000000000000000e+00,-0.000000000000000000e+00,-1.089661294570912625e-01,-1.654607638437269601e-01,-1.855718047443907781e-01
0.000000000000000000e+00,0.000000000000000000e+00,-0.000000000000000000e+00,1.244916561272499805e-01,0.000000000000000000e+00,1.297227364706427244e-01,-0.000000000000000000e+00,0.000000000000000000e+00,0.000000000000000000e+00,0.000000000000000000e+00,7.885308512725526520e-02,-1.019837415230834682e-01,0.000000000000000000e+00,0.000000000000000000e+00,1.388380098096251736e+00,0.000000000000000000e+00,0.000000000000000000e+00,6.746111703737153742e-02,-0.000000000000000000e+00,-1.536653075812897395e-01,-2.423751067769590872e-01,-2.955641716273969544e-01,9.118892131680152169e-02,0.000000000000000000e+00,0.000000000000000000e+00,0.000000000000000000e+00,0.000000000000000000e+00,-0.000000000000000000e+00,0.000000000000000000e+00,0.000000000000000000e+00,-0.000000000000000000e+00,0.000000000000000000e+00,0.000000000000000000e+00,-0.000000000000000000e+00,0.000000000000000000e+00,-0.000000000000000000e+00,0.000000000000000000e+00,0.000000000000000000e+00,0.000000000000000000e+00
-2.564026199372313464e-01,-1.006903830385644759e-02,-1.766328249857558944e-02,-0.000000000000000000e+00,-1.816702572974367158e-01,-0.000000000000000000e+00,-3.632899991759597214e-02,0.000000000000000000e+00,-2.184384985205825302e-01,-5.972403266320973625e-01,-0.000000000000000000e+00,0.000000000000000000e+00,-0.000000000000000000e+00,-0.000000000000000000e+00,0.000000000000000000e+00,2.338777526851024913e+00,0.000000000000000000e+00,-1.429565580804536412e-02,-0.000000000000000000e+00,0.000000000000000000e+00,0.000000000000000000e+00,-0.000000000000000000e+00,-9.022320787503014528e-02,-3.353068732656697137e-02,-0.000000000000000000e+00,-2.025838245256853520e-01,-8.513320602194357489e-02,-0.000000000000000000e+00,-7.440380029651323668e-02,-4.955845559809748391e-01,-0.000000000000000000e+00,0.000000000000000000e+00,-0.000000000000000000e+00,-0.000000000000000000e+00,-0.000000000000000000e+00,-1.199584637103133372e-01,-0.000000000000000000e+00,-0.000000000000000000e+00,-0.000000000000000000e+00
0.000000000000000000e+00,0.000000000000000000e+00,0.000000000000000000e+00,0.000000000000000000e+00,-0.000000000000000000e+00,-4.125316767197317325e-01,0.000000000000000000e+00,-0.000000000000000000e+00,0.000000000000000000e+00,0.000000000000000000e+00,-7.052355701371280094e-01,-0.000000000000000000e+00,0.000000000000000000e+00,0.000000000000000000e+00,0.000000000000000000e+00,0.000000000000000000e+00,1.865934440692754492e+00,-0.000000000000000000e+00,1.666710589159077216e-01,0.000000000000000000e+00,0.000000000000000000e+00,2.224834926921704925e-01,-0.000000000000000000e+00,-0.000000000000000000e+00,-0.000000000000000000e+00,-0.000000000000000000e+00,-0.000000000000000000e+00,0.000000000000000000e+00,-0.000000000000000000e+00,-0.000000000000000000e+00,-0.000000000000000000e+00,-4.103478438128884687e-01,-0.000000000000000000e+00,0.000000000000000000e+00,-2.536038369636729739e-02,0.000000000000000000e+00,-0.000000000000000000e+00,0.000000000000000000e+00,0.000000000000000000e+00
-0.000000000000000000e+00,-0.000000000000000000e+00,-0.000000000000000000e+00,-3.087924710946524653e-01,-0.000000000000000000e+00,-0.000000000000000000e+00,-2.951269026922305472e-02,0.000000000000000000e+00,-1.358959677310164760e-01,-5.480589095516620775e-03,-0.000000000000000000e+00,0.000000000000000000e+00,-0.000000000000000000e+00,-0.000000000000000000e+00,6.746111703737153742e-02,-1.429565580804536412e-02,-0.000000000000000000e+00,1.390204182985793402e+00,-2.304749590999216613e-01,0.000000000000000000e+00,1.109107610674497785e-01,-0.000000000000000000e+00,-0.000000000000000000e+00,-0.000000000000000000e+00,-0.000000000000000000e+00,-1.204030187550952230e-02,-0.000000000000000000e+00,0.000000000000000000e+00,-6.925581202863614894e-03,-0.000000000000000000e+00,0.000000000000000000e+00,-0.000000000000000000e+00,-0.000000000000000000e+00,-0.000000000000000000e+00,-0.000000000000000000e+00,-0.000000000000000000e+00,-1.305664958430290956e-01,-8.031029047219664929e-02,-0.000000000000000000e+00
-2.234326041147513889e-02,-0.000000000000000000e+00,-0.000000000000000000e+00,-1.002695227293559921e-01,-0.000000000000000000e+00,0.000000000000000000e+00,-3.776696085904405198e-01,0.000000000000000000e+00,-1.403642578134995655e-01,-1.816715028418507474e-02,0.000000000000000000e+00,0.000000000000000000e+00,-0.000000000000000000e+00,-3.641969713534869840e-02,-0.000000000000000000e+00,-0.000000000000000000e+00,1.666710589159077216e-01,-2.304749590999216613e-01,1.654800276105266255e+00,-0.000000000000000000e+00,0.000000000000000000e+00,-1.940214123773947030e-01,-0.000000000000000000e+00,-0.000000000000000000e+00,-0.000000000000000000e+00,-0.000000000000000000e+00,-5.354824923275532111e-02,0.000000000000000000e+00,-0.000000000000000000e+00,-0.000000000000000000e+00,-0.000000000000000000e+00,0.000000000000000000e+00,-0.000000000000000000e+00,-0.000000000000000000e+00,-0.000000000000000000e+00,-0.000000000000000000e+00,-0.000000000000000000e+00,-0.000000000000000000e+00,-4.632581939966691764e-01
0.000000000000000000e+00,0.000000000000000000e+00,-0.000000000000000000e+00,0.000000000000000000e+00,0.000000000000000000e+00,0.000000000000000000e+00,0.000000000000000000e+00,0.000000000000000000e+00,0.000000000000000000e+00,0.000000000000000000e+00,1.115342965785880297e-01,-0.000000000000000000e+00,0.000000000000000000e+00,0.000000000000000000e+00,-1.536653075812897395e-01,0.000000000000000000e+00,0.000000000000000000e+00,0.000000000000000000e+00,-0.000000000000000000e+00,1.570455338956080249e+00,-2.132354495109059223e-01,-3.986551796580155016e-01,5.130057105632079839e-02,0.000000000000000000e+00,0.000000000000000000e+00,0.000000000000000000e+00,0.000000000000000000e+00,-3.182455554813873322e-01,0.000000000000000000e+00,0.000000000000000000e+00,-2.589043564292623500e-01,0.000000000000000000e+00,0.000000000000000000e+00,0.000000000000000000e+00,-0.000000000000000000e+00,-0.000000000000000000e+00,0.000000000000000000e+00,5.846981790347564878e-02,0.000000000000000000e+00
0.000000000000000000e+00,1.352769975729922192e-01,-1.438389986762248808e-02,8.794450528384616106e-02,0.000000000000000000e+00,0.000000000000000000e+00,0.000000000000000000e+00,0.000000000000000000e+00,0.000000000000000000e+00,0.000000000000000000e+00,0.000000000000000000e+00,-0.000000000000000000e+00,6.578960877110826000e-02,0.000000000000000000e+00,-2.423751067769590872e-01,0.000000000000000000e+00,0.000000000000000000e+00,1.109107610674497785e-01,0.000000000000000000e+00,-2.132354495109059223e-01,1.483215032967073466e+00,-3.878060491557815820e-02,4.173334899140978410e-02,0.000000000000000000e+00,0.000000000000000000e+00,0.000000000000000000e+00,-0.000000000000000000e+00,-3.223739109945352732e-01,0.000000000000000000e+00,0.000000000000000000e+00,-1.671171053071452417e-01,0.000000000000000000e+00,0.000000000000000000e+00,-0.000000000000000000e+00,-0.000000000000000000e+00,-0.000000000000000000e+00,0.000000000000000000e+00,0.000000000000000000e+00,0.000000000000000000e+00
-0.000000000000000000e+00,-0.000000000000000000e+00,-0.000000000000000000e+00,0.000000000000000000e+00,0.000000000000000000e+00,0.000000000000000000e+00,-0.000000000000000000e+00,0.000000000000000000e+00,-0.000000000000000000e+00,-0.000000000000000000e+00,0.000000000000000000e+00,-0.000000000000000000e+00,0.000000000000000000e+00,-0.000000000000000000e+00,-2.955641716273969544e-01,-0.000000000000000000e+00,2.224834926921704925e-01,-0.000000000000000000e+00,-1.940214123773947030e-01,-3.986551796580155016e-01,-3.878060491557815820e-02,1.373673908060276672e+00,0.000000000000000000e+00,-0.000000000000000000e+00,0.000000000000000000e+00,0.000000000000000000e+00,-0.000000000000000000e+00,-3.725197646745918162e-02,0.000000000000000000e+00,0.000000000000000000e+00,-0.000000000000000000e+00,0.000000000000000000e+00,-0.000000000000000000e+00,-1.135699384398371620e-01,-0.000000000000000000e+00,-0.000000000000000000e+00,-0.000000000000000000e+00,-0.000000000000000000e+00,-0.000000000000000000e+00
-0.000000000000000000e+00,-6.200971922500046751e-02,-0.000000000000000000e+00,-0.000000000000000000e+00,-0.000000000000000000e+00,-2.058839905464106002e-01,-0.000000000000000000e+00,0.000000000000000000e+00,-0.000000000000000000e+00,-1.466266047072181666e-01,-1.020494937096198956e-01,0.000000000000000000e+00,-0.000000000000000000e+00,-1.679050981741503079e-01,9.118892131680152169e-02,-9.022320787503014528e-02,-0.000000000000000000e+00,-0.000000000000000000e+00,-0.000000000000000000e+00,5.130057105632079839e-02,4.173334899140978410e-02,0.000000000000000000e+00,2.533366754696822820e+00,-2.901164748822785966e-01,-4.780919914203668464e-01,-2.116853737445941186e-01,-0.000000000000000000e+00,0.000000000000000000e+00,-0.000000000000000000e+00,-2.486524485955698416e-01,0.000000000000000000e+00,-0.000000000000000000e+00,-2.712230192893789193e-01,-0.000000000000000000e+00,-0.000000000000000000e+00,-0.000000000000000000e+00,-2.996922838289776680e-01,-6.027922777451819036e-02,-0.000000000000000000e+00
-5.833586570981045410e-03,-1.300900816065582444e-01,-0.000000000000000000e+00,-0.000000000000000000e+00,-0.000000000000000000e+00,-0.000000000000000000e+00,-0.000000000000000000e+00,0.000000000000000000e+00,-1.260980168382400957e-01,-0.000000000000000000e+00,-0.000000000000000000e+00,0.000000000000000000e+00,-0.000000000000000000e+00,-2.820953761005937088e-01,0.000000000000000000e+00,-3.353068732656697137e-02,-0.000000000000000000e+00,-0.000000000000000000e+00,-0.000000000000000000e+00,0.000000000000000000e+00,0.000000000000000000e+00,-0.000000000000000000e+00,-2.901164748822785966e-01,1.894832155890411540e+00,-3.065699468303347830e-01,-0.000000000000000000e+00,-0.000000000000000000e+00,0.000000000000000000e+00,-0.000000000000000000e+00,-0.000000000000000000e+00,0.000000000000000000e+00,0.000000000000000000e+00,-3.021712067918707056e-01,-0.000000000000000000e+00,-0.000000000000000000e+00,0.000000000000000000e+00,-0.000000000000000000e+00,-1.762840439073072307e-01,-0.000000000000000000e+00
-0.000000000000000000e+00,-0.000000000000000000e+00,-0.000000000000000000e+00,-0.000000000000000000e+00,-0.000000000000000000e+00,-1.548018762132798709e-01,-0.000000000000000000e+00,0.000000000000000000e+00,-0.000000000000000000e+00,-0.000000000000000000e+00,-1.161250356412515949e-01,0.000000000000000000e+00,-0.000000000000000000e+00,-2.405426753787427707e-01,0.000000000000000000e+00,-0.000000000000000000e+00,-0.000000000000000000e+00,-0.000000000000000000e+00,-0.000000000000000000e+00,0.000000000000000000e+00,0.000000000000000000e+00,0.000000000000000000e+00,-4.780919914203668464e-01,-3.065699468303347830e-01,2.380723976457327140e+00,-1.074298160447695067e-03,-3.050129556263264999e-02,0.000000000000000000e+00,-0.000000000000000000e+00,-2.211956313087616310e-01,-0.000000000000000000e+00,-0.000000000000000000e+00,-5.250561708430624419e-01,-0.000000000000000000e+00,-1.371614922201224440e-01,-0.000000000000000000e+00,-1.143908913364279495e-01,-8.647883081263053884e-02,-0.000000000000000000e+00
-5.593839206030983696e-02,-0.000000000000000000e+00,-0.000000000000000000e+00,-0.000000000000000000e+00,-1.431356240796589074e-01,-0.000000000000000000e+00,-0.000000000000000000e+00,0.000000000000000000e+00,-0.000000000000000000e+00,-0.000000000000000000e+00,-0.000000000000000000e+00,0.000000000000000000e+00,0.000000000000000000e+00,-0.000000000000000000e+00,0.000000000000000000e+00,-2.025838245256853520e-01,-0.000000000000000000e+00,-1.204030187550952230e-02,-0.000000000000000000e+00,0.000000000000000000e+00,0.000000000000000000e+00,0.000000000000000000e+00,-2.116853737445941186e-01,-0.000000000000000000e+00,-1.074298160447695067e-03,1.921375443369590652e+00,-3.880191390200015134e-01,0.000000000000000000e+00,-6.291281070385875696e-01,-5.842811877043662533e-02,-0.000000000000000000e+00,-0.000000000000000000e+00,-0.000000000000000000e+00,-0.000000000000000000e+00,-9.583238934444951451e-02,-0.000000000000000000e+00,-2.080618372151644621e-02,-1.290804127521426835e-02,-0.000000000000000000e+00
-0.000000000000000000e+00,-0.000000000000000000e+00,-1.274332213988508267e-01,-0.000000000000000000e+00,-1.971600596488666535e-01,-0.000000000000000000e+00,-0.000000000000000000e+00,5.087326955253784755e-02,-0.000000000000000000e+00,-2.592624137873527149e-02,-0.000000000000000000e+00,0.000000000000000000e+00,0.000000000000000000e+00,-0.000000000000000000e+00,0.000000000000000000e+00,-8.513320602194357489e-02,-0.000000000000000000e+00,-0.000000000000000000e+00,-5.354824923275532111e-02,0.000000000000000000e+00,-0.000000000000000000e+00,-0.000000000000000000e+00,-0.000000000000000000e+00,-0.000000000000000000e+00,-3.050129556263264999e-02,-3.880191390200015134e-01,1.751051047247840442e+00,-0.000000000000000000e+00,-0.000000000000000000e+00,-4.304691690769477802e-02,-1.004679768143186686e-01,-0.000000000000000000e+00,-5.995176967583478594e-02,-1.173480046436974483e-01,-3.337458014029284770e-01,-9.002589087851395333e-02,-7.459686180294863855e-02,-0.000000000000000000e+00,-0.000000000000000000e+00
0.000000000000000000e+00,2.214267038335876805e-02,-4.816295538417785654e-02,2.562547823251546952e-01,0.000000000000000000e+00,0.000000000000000000e+00,0.000000000000000000e+00,0.000000000000000000e+00,0.000000000000000000e+00,0.000000000000000000e+00,0.000000000000000000e+00,-0.000000000000000000e+00,0.000000000000000000e+00,0.000000000000000000e+00,-0.000000000000000000e+00,-0.000000000000000000e+00,0.000000000000000000e+00,0.000000000000000000e+00,0.000000000000000000e+00,-3.182455554813873322e-01,-3.223739109945352732e-01,-3.725197646745918162e-02,0.000000000000000000e+00,0.000000000000000000e+00,0.000000000000000000e+00,0.000000000000000000e+00,-0.000000000000000000e+00,1.491726948508958150e+00,0.000000000000000000e+00,0.000000000000000000e+00,-3.228263280185624806e-01,-0.000000000000000000e+00,0.000000000000000000e+00,0.000000000000000000e+00,-0.000000000000000000e+00,-0.000000000000000000e+00,0.000000000000000000e+00,0.000000000000000000e+00,0.000000000000000000e+00
-0.000000000000000000e+00,-0.000000000000000000e+00,-0.000000000000000000e+00,-0.000000000000000000e+00,-4.786133121436815518e-02,-0.000000000000000000e+00,-0.000000000000000000e+00,0.000000000000000000e+00,-0.000000000000000000e+00,-5.107636784530147911e-02,-0.000000000000000000e+00,0.000000000000000000e+00,0.000000000000000000e+00,-0.000000000000000000e+00,0.000000000000000000e+00,-7.440380029651323668e-02,-0.000000000000000000e+00,-6.925581202863614894e-03,-0.000000000000000000e+00,0.000000000000000000e+00,0.000000000000000000e+00,0.000000000000000000e+00,-0.000000000000000000e+00,-0.000000000000000000e+00,-0.000000000000000000e+00,-6.291281070385875696e-01,-0.000000000000000000e+00,0.000000000000000000e+00,1.624785310653718229e+00,-4.111290472545189173e-02,-0.000000000000000000e+00,-1.695870094710535403e-01,-0.000000000000000000e+00,-0.000000000000000000e+00,-1.162514808998781762e-01,-7.016215588473399822e-02,-2.228153173628618366e-01,-0.000000000000000000e+00,-0.000000000000000000e+00
-3.288735252632551953e-02,-0.000000000000000000e+00,-1.057034507458119547e-02,-0.000000000000000000e+00,-2.501571341923508607e-01,-0.000000000000000000e+00,-0.000000000000000000e+00,1.945603454118585360e-02,-0.000000000000000000e+00,-4.641978268039420041e-01,-0.000000000000000000e+00,7.621209651324250059e-03,0.000000000000000000e+00,-2.980130880401463123e-02,0.000000000000000000e+00,-4.955845559809748391e-01,-0.000000000000000000e+00,-0.000000000000000000e+00,-0.000000000000000000e+00,0.000000000000000000e+00,0.000000000000000000e+00,0.000000000000000000e+00,-2.486524485955698416e-01,-0.000000000000000000e+00,-2.211956313087616310e-01,-5.842811877043662533e-02,-4.304691690769477802e-02,0.000000000000000000e+00,-4.111290472545189173e-02,2.169552036383743054e+00,-0.000000000000000000e+00,-0.000000000000000000e+00,-0.000000000000000000e+00,-0.000000000000000000e+00,-1.101077163806223058e-01,-1.220465001594968069e-01,-7.831156221930762537e-03,-0.000000000000000000e+00,-0.000000000000000000e+00
0.000000000000000000e+00,0.000000000000000000e+00,-1.616595518879224147e-01,0.000000000000000000e+00,-0.000000000000000000e+00,-0.000000000000000000e+00,-0.000000000000000000e+00,3.559119288522508313e-03,0.000000000000000000e+00,0.000000000000000000e+00,-0.000000000000000000e+00,-0.000000000000000000e+00,8.274129676915319420e-01,0.000000000000000000e+00,-0.000000000000000000e+00,-0.000000000000000000e+00,-0.000000000000000000e+00,0.000000000000000000e+00,-0.000000000000000000e+00,-2.589043564292623500e-01,-1.671171053071452417e-01,-0.000000000000000000e+00,0.000000000000000000e+00,0.000000000000000000e+00,-0.000000000000000000e+00,-0.000000000000000000e+00,-1.004679768143186686e-01,-3.228263280185624806e-01,-0.000000000000000000e+00,-0.000000000000000000e+00,1.789826517604710343e+00,-0.000000000000000000e+00,-0.000000000000000000e+00,-0.000000000000000000e+00,-1.131442894076227362e-01,-1.007799737095304952e-02,-0.000000000000000000e+00,0.000000000000000000e+00,0.000000000000000000e+00
0.000000000000000000e+00,0.000000000000000000e+00,0.000000000000000000e+00,0.000000000000000000e+00,-0.000000000000000000e+00,-0.000000000000000000e+00,0.000000000000000000e+00,-0.000000000000000000e+00,0.000000000000000000e+00,0.000000000000000000e+00,-0.000000000000000000e+00,-0.000000000000000000e+00,1.419014260078986511e-01,0.000000000000000000e+00,0.000000000000000000e+00,0.000000000000000000e+00,-4.103478438128884687e-01,-0.000000000000000000e+00,0.000000000000000000e+00,0.000000000000000000e+00,0.000000000000000000e+00,0.000000000000000000e+00,-0.000000000000000000e+00,0.000000000000000000e+00,-0.000000000000000000e+00,-0.000000000000000000e+00,-0.000000000000000000e+00,-0.000000000000000000e+00,-1.695870094710535403e-01,-0.000000000000000000e+00,-0.000000000000000000e+00,1.203093028566266431e+00,-0.000000000000000000e+00,0.000000000000000000e+00,-0.000000000000000000e+00,-0.000000000000000000e+00,-1.047051021519768317e-02,0.000000000000000000e+00,6.609094237555608597e-02
-0.000000000000000000e+00,-0.000000000000000000e+00,-0.000000000000000000e+00,-0.000000000000000000e+00,-0.000000000000000000e+00,-1.774571834806212833e-01,-0.000000000000000000e+00,2.091358310974889279e-01,-4.258372719629333752e-02,-0.000000000000000000e+00,-8.710183655091251198e-02,0.000000000000000000e+00,0.000000000000000000e+00,-4.954819368035962707e-02,0.000000000000000000e+00,-0.000000000000000000e+00,-0.000000000000000000e+00,-0.000000000000000000e+00,-0.000000000000000000e+00,0.000000000000000000e+00,0.000000000000000000e+00,-0.000000000000000000e+00,-2.712230192893789193e-01,-3.021712067918707056e-01,-5.250561708430624419e-01,-0.000000000000000000e+00,-5.995176967583478594e-02,0.000000000000000000e+00,-0.000000000000000000e+00,-0.000000000000000000e+00,-0.000000000000000000e+00,-0.000000000000000000e+00,2.195586203316826523e+00,-3.589527181638398762e-02,-1.935316502913808911e-01,0.000000000000000000e+00,-1.507053289094842929e-01,-1.381430599322133745e-01,-0.000000000000000000e+00
-7.041849398743249555e-02,-0.000000000000000000e+00,-1.524454948202390026e-01,-0.000000000000000000e+00,-2.338147308360465915e-01,0.000000000000000000e+00,-5.691299881043668241e-02,2.543583876022892931e-01,-4.205223162166043527e-01,-2.881695571438264505e-02,0.000000000000000000e+00,0.000000000000000000e+00,-0.000000000000000000e+00,-1.208475592156807166e-01,-0.000000000000000000e+00,-0.000000000000000000e+00,0.000000000000000000e+00,-0.000000000000000000e+00,-0.000000000000000000e+00,0.000000000000000000e+00,-0.000000000000000000e+00,-1.135699384398371620e-01,-0.000000000000000000e+00,-0.000000000000000000e+00,-0.000000000000000000e+00,-0.000000000000000000e+00,-1.173480046436974483e-01,0.000000000000000000e+00,-0.000000000000000000e+00,-0.000000000000000000e+00,-0.000000000000000000e+00,0.000000000000000000e+00,-3.589527181638398762e-02,1.947475059087537153e+00,-0.000000000000000000e+00,-0.000000000000000000e+00,-0.000000000000000000e+00,-1.061160211048545743e-01,-2.947662945346206653e-01
-0.000000000000000000e+00,-0.000000000000000000e+00,-0.000000000000000000e+00,-0.000000000000000000e+00,-0.000000000000000000e+00,-1.014593509136144933e-01,-0.000000000000000000e+00,0.000000000000000000e+00,-0.000000000000000000e+00,-0.000000000000000000e+00,-0.000000000000000000e+00,0.000000000000000000e+00,0.000000000000000000e+00,-0.000000000000000000e+00,0.000000000000000000e+00,-0.000000000000000000e+00,-2.536038369636729739e-02,-0.000000000000000000e+00,-0.000000000000000000e+00,-0.000000000000000000e+00,-0.000000000000000000e+00,-0.000000000000000000e+00,-0.000000000000000000e+00,-0.000000000000000000e+00,-1.371614922201224440e-01,-9.583238934444951451e-02,-3.337458014029284770e-01,-0.000000000000000000e+00,-1.162514808998781762e-01,-1.101077163806223058e-01,-1.131442894076227362e-01,-0.000000000000000000e+00,-1.935316502913808911e-01,-0.000000000000000000e+00,1.841786641247742384e+00,-0.000000000000000000e+00,-5.522815883279108551e-01,-0.000000000000000000e+00,-0.000000000000000000e+00
-0.000000000000000000e+00,-0.000000000000000000e+00,-0.000000000000000000e+00,-0.000000000000000000e+00,-3.465872531486491326e-02,0.000000000000000000e+00,-0.000000000000000000e+00,0.000000000000000000e+00,-0.000000000000000000e+00,-1.889802072703737276e-02,0.000000000000000000e+00,0.000000000000000000e+00,0.000000000000000000e+00,-0.000000000000000000e+00,-0.000000000000000000e+00,-1.199584637103133372e-01,0.000000000000000000e+00,-0.000000000000000000e+00,-0.000000000000000000e+00,-0.000000000000000000e+00,-0.000000000000000000e+00,-0.000000000000000000e+00,-0.000000000000000000e+00,0.000000000000000000e+00,-0.000000000000000000e+00,-0.000000000000000000e+00,-9.002589087851395333e-02,-0.000000000000000000e+00,-7.016215588473399822e-02,-1.220465001594968069e-01,-1.007799737095304952e-02,-0.000000000000000000e+00,0.000000000000000000e+00,-0.000000000000000000e+00,-0.000000000000000000e+00,1.110230383533447718e+00,-0.000000000000000000e+00,0.000000000000000000e+00,-0.000000000000000000e+00
-0.000000000000000000e+00,-0.000000000000000000e+00,-0.000000000000000000e+00,-2.202805695155248336e-02,-0.000000000000000000e+00,-3.603150633134235559e-01,-0.000000000000000000e+00,0.000000000000000000e+00,-2.312245995398655961e-03,-5.650455207476531372e-04,-9.612940515948596720e-02,0.000000000000000000e+00,0.000000000000000000e+00,-1.089661294570912625e-01,0.000000000000000000e+00,-0.000000000000000000e+00,-0.000000000000000000e+00,-1.305664958430290956e-01,-0.000000000000000000e+00,0.000000000000000000e+00,0.000000000000000000e+00,-0.000000000000000000e+00,-2.996922838289776680e-01,-0.000000000000000000e+00,-1.143908913364279495e-01,-2.080618372151644621e-02,-7.459686180294863855e-02,0.000000000000000000e+00,-2.228153173628618366e-01,-7.831156221930762537e-03,-0.000000000000000000e+00,-1.047051021519768317e-02,-1.507053289094842929e-01,-0.000000000000000000e+00,-5.522815883279108551e-01,-0.000000000000000000e+00,2.108954300701205042e+00,-0.000000000000000000e+00,-0.000000000000000000e+00
-2.330868418813049625e-01,-1.671428073300424144e-01,-0.000000000000000000e+00,-2.108250578478199078e-01,-0.000000000000000000e+00,-0.000000000000000000e+00,-0.000000000000000000e+00,0.000000000000000000e+00,-3.565596226677935632e-01,-0.000000000000000000e+00,-0.000000000000000000e+00,3.085425809020221968e-02,-8.063181548459698311e-02,-1.654607638437269601e-01,0.000000000000000000e+00,-0.000000000000000000e+00,0.000000000000000000e+00,-8.031029047219664929e-02,-0.000000000000000000e+00,5.846981790347564878e-02,0.000000000000000000e+00,-0.000000000000000000e+00,-6.027922777451819036e-02,-1.762840439073072307e-01,-8.647883081263053884e-02,-1.290804127521426835e-02,-0.000000000000000000e+00,0.000000000000000000e+00,-0.000000000000000000e+00,-0.000000000000000000e+00,0.000000000000000000e+00,0.000000000000000000e+00,-1.381430599322133745e-01,-1.061160211048545743e-01,-0.000000000000000000e+00,0.000000000000000000e+00,-0.000000000000000000e+00,2.222998038714735003e+00,-4.317066471073741085e-01
-2.700167234285603124e-01,-3.322734311855364275e-01,-0.000000000000000000e+00,-0.000000000000000000e+00,-0.000000000000000000e+00,0.000000000000000000e+00,-1.488802388526025977e-01,0.000000000000000000e+00,-1.797284179685122996e-01,-0.000000000000000000e+00,0.000000000000000000e+00,1.256063039571310991e-01,-0.000000000000000000e+00,-1.855718047443907781e-01,0.000000000000000000e+00,-0.000000000000000000e+00,0.000000000000000000e+00,-0.000000000000000000e+00,-4.632581939966691764e-01,0.000000000000000000e+00,0.000000000000000000e+00,-0.000000000000000000e+00,-0.000000000000000000e+00,-0.000000000000000000e+00,-0.000000000000000000e+00,-0.000000000000000000e+00,-0.000000000000000000e+00,0.000000000000000000e+00,-0.000000000000000000e+00,-0.000000000000000000e+00,0.000000000000000000e+00,6.609094237555608597e-02,-0.000000000000000000e+00,-2.947662945346206653e-01,-0.000000000000000000e+00,-0.000000000000000000e+00,-0.000000000000000000e+00,-4.317066471073741085e-01,2.284054564306379209e+00
