1.247590200059127685e+00,-0.000000000000000000e+00,-0.000000000000000000e+00,-0.000000000000000000e+00,-0.000000000000000000e+00,-0.000000000000000000e+00,0.000000000000000000e+00,1.608830785785991813e-02,-0.000000000000000000e+00,0.000000000000000000e+00,0.000000000000000000e+00,0.000000000000000000e+00,5.832180216655225014e-02,-0.000000000000000000e+00,0.000000000000000000e+00,-0.000000000000000000e+00,0.000000000000000000e+00,-0.000000000000000000e+00,-0.000000000000000000e+00,-0.000000000000000000e+00,-0.000000000000000000e+00,0.000000000000000000e+00,-0.000000000000000000e+00,-0.000000000000000000e+00,-0.000000000000000000e+00,-3.709449379197486407e-01,0.000000000000000000e+00,-1.088351977385797545e-02,-0.000000000000000000e+00,-2.019757494614383142e-01,-0.000000000000000000e+00,0.000000000000000000e+00,-0.000000000000000000e+00,0.000000000000000000e+00,-0.000000000000000000e+00,-0.000000000000000000e+00,-0.000000000000000000e+00,-3.207509757566865405e-01,-0.000000000000000000e+00
-0.000000000000000000e+00,2.271405812363269217e+00,-0.000000000000000000e+00,-0.000000000000000000e+00,-0.000000000000000000e+00,1.116665303498730472e-01,-9.393146194326568166e-02,1.889929479045297095e-02,-3.513209449478651436e-01,0.000000000000000000e+00,2.290331235813135649e-02,-7.914470916529983691e-02,-1.626691930065570224e-01,-0.000000000000000000e+00,-0.000000000000000000e+00,-0.000000000000000000e+00,0.000000000000000000e+00,-9.065201672494214991e-02,-0.000000000000000000e+00,-0.000000000000000000e+00,0.000000000000000000e+00,-2.550130895002064579e-01,-1.317766564563745690e-01,-0.000000000000000000e+00,-0.000000000000000000e+00,0.000000000000000000e+00,-4.199954093146007206e-01,0.000000000000000000e+00,4.709181662285930048e-02,-0.000000000000000000e+00,-0.000000000000000000e+00,-0.000000000000000000e+00,0.000000000000000000e+00,-0.000000000000000000e+00,-0.000000000000000000e+00,-0.000000000000000000e+00,-0.000000000000000000e+00,-1.266661788726455018e-01,-4.764063610013610783e-01
-0.000000000000000000e+00,-0.000000000000000000e+00,1.890851973464434010e+00,-0.000000000000000000e+00,-4.327631842162998344e-01,0.000000000000000000e+00,-0.000000000000000000e+00,6.354350637093468812e-01,-1.209162119368341337e-02,-0.000000000000000000e+00,0.000000000000000000e+00,-0.000000000000000000e+00,-0.000000000000000000e+00,-8.659662906222839740e-02,0.000000000000000000e+00,-7.451576320748815041e-02,-0.000000000000000000e+00,-0.000000000000000000e+00,-0.000000000000000000e+00,-0.000000000000000000e+00,-0.000000000000000000e+00,-2.701263276149960535e-01,-0.000000000000000000e+00,-0.000000000000000000e+00,-4.977270627144739917e-02,-0.000000000000000000e+00,-0.000000000000000000e+00,-0.000000000000000000e+00,0.000000000000000000e+00,-1.730764259041942324e-02,-0.000000000000000000e+00,-0.000000000000000000e+00,-3.856075125592454689e-01,-1.056160125298470642e-01,-0.000000000000000000e+00,-0.000000000000000000e+00,-0.000000000000000000e+00,-1.483960991472460002e-02,-0.000000000000000000e+00
-0.000000000000000000e+00,-0.000000000000000000e+00,-0.000000000000000000e+00,2.665900347661922076e+00,-0.000000000000000000e+00,6.944239888482006684e-02,-3.280676317730411573e-01,0.000000000000000000e+00,-2.793723064461664518e-01,0.000000000000000000e+00,2.855839298538520032e-01,-5.011984314305357735e-01,-0.000000000000000000e+00,-0.000000000000000000e+00,-0.000000000000000000e+00,-0.000000000000000000e+00,0.000000000000000000e+00,-4.620937419513069799e-01,-1.037434361364406449e-01,-3.226765643322450083e-01,0.000000000000000000e+00,-0.000000000000000000e+00,-0.000000000000000000e+00,-0.000000000000000000e+00,-0.000000000000000000e+00,0.000000000000000000e+00,-0.000000000000000000e+00,0.000000000000000000e+00,9.763281875769250218e-02,-0.000000000000000000e+00,0.000000000000000000e+00,-0.000000000000000000e+00,2.341056877390016930e-02,-0.000000000000000000e+00,0.000000000000000000e+00,0.000000000000000000e+00,0.000000000000000000e+00,-1.336629520274331406e-01,-2.329208757984306266e-01
-0.000000000000000000e+00,-0.000000000000000000e+00,-4.327631842162998344e-01,-0.000000000000000000e+00,1.862754213364014921e+00,0.000000000000000000e+00,-0.000000000000000000e+00,1.695632937179753497e-01,-1.482459839921360656e-01,-0.000000000000000000e+00,-0.000000000000000000e+00,-0.000000000000000000e+00,-1.253032950448253469e-01,-3.550593696154424328e-01,0.000000000000000000e+00,-0.000000000000000000e+00,-2.049712729477850409e-02,-0.000000000000000000e+00,-0.000000000000000000e+00,-0.000000000000000000e+00,-0.000000000000000000e+00,-1.487858196252422049e-01,-2.810596438282942922e-01,-0.000000000000000000e+00,-0.000000000000000000e+00,-0.000000000000000000e+00,-0.000000000000000000e+00,-0.000000000000000000e+00,0.000000000000000000e+00,-4.358124476513582785e-02,-0.000000000000000000e+00,-0.000000000000000000e+00,-0.000000000000000000e+00,-3.084778630375705211e-01,-0.000000000000000000e+00,-0.000000000000000000e+00,-0.000000000000000000e+00,-0.000000000000000000e+00,-0.000000000000000000e+00
-0.000000000000000000e+00,1.116665303498730472e-01,0.000000000000000000e+00,6.944239888482006684e-02,0.000000000000000000e+00,2.071172033582106664e+00,1.288542679708439866e-02,-0.000000000000000000e+00,0.000000000000000000e+00,-0.000000000000000000e+00,-8.354688149728944913e-01,5.202974267710662459e-02,0.000000000000000000e+00,-0.000000000000000000e+00,1.140331133358347786e-02,0.000000000000000000e+00,-0.000000000000000000e+00,1.695068129667806275e-02,0.000000000000000000e+00,4.699815277028596833e-02,-0.000000000000000000e+00,0.000000000000000000e+00,-0.000000000000000000e+00,4.656600536731739931e-02,0.000000000000000000e+00,-0.000000000000000000e+00,0.000000000000000000e+00,-0.000000000000000000e+00,-4.413833704977465078e-01,-0.000000000000000000e+00,-0.000000000000000000e+00,0.000000000000000000e+00,-0.000000000000000000e+00,0.000000000000000000e+00,-0.000000000000000000e+00,0.000000000000000000e+00,-0.000000000000000000e+00,0.000000000000000000e+00,2.721365327144766311e-01
0.000000000000000000e+00,-9.393146194326568166e-02,-0.000000000000000000e+00,-3.280676317730411573e-01,-0.000000000000000000e+00,1.288542679708439866e-02,2.407863073440942525e+00,0.000000000000000000e+00,-1.782151530834442665e-01,0.000000000000000000e+00,0.000000000000000000e+00,-3.794730737725541259e-01,-2.943606268798861780e-01,-0.000000000000000000e+00,-0.000000000000000000e+00,-0.000000000000000000e+00,-0.000000000000000000e+00,-7.646424177695476665e-02,-4.649057546377144412e-02,-4.986453746284866262e-02,0.000000000000000000e+00,-8.813557266923427447e-02,-0.000000000000000000e+00,-0.000000000000000000e+00,-0.000000000000000000e+00,4.056752940436852278e-02,-0.000000000000000000e+00,0.000000000000000000e+00,6.277782317189458672e-01,0.000000000000000000e+00,0.000000000000000000e+00,-0.000000000000000000e+00,0.000000000000000000e+00,-0.000000000000000000e+00,0.000000000000000000e+00,-0.000000000000000000e+00,0.000000000000000000e+00,-0.000000000000000000e+00,-2.055593293568560576e-01
1.608830785785991813e-02,1.889929479045297095e-02,6.354350637093468812e-01,0.000000000000000000e+00,1.695632937179753497e-01,-0.000000000000000000e+00,0.000000000000000000e+00,1.492447294322394535e+00,0.000000000000000000e+00,0.000000000000000000e+00,-0.000000000000000000e+00,1.031364487595130613e-03,0.000000000000000000e+00,7.329001344096443271e-02,-0.000000000000000000e+00,0.000000000000000000e+00,0.000000000000000000e+00,2.092023806517649687e-02,0.000000000000000000e+00,1.000998011251378987e-02,-0.000000000000000000e+00,0.000000000000000000e+00,0.000000000000000000e+00,0.000000000000000000e+00,0.000000000000000000e+00,0.000000000000000000e+00,0.000000000000000000e+00,-0.000000000000000000e+00,-0.000000000000000000e+00,0.000000000000000000e+00,1.605902162896326313e-02,0.000000000000000000e+00,0.000000000000000000e+00,0.000000000000000000e+00,0.000000000000000000e+00,0.000000000000000000e+00,0.000000000000000000e+00,1.592419690036676883e-01,0.000000000000000000e+00
-0.000000000000000000e+00,-3.513209449478651436e-01,-1.209162119368341337e-02,-2.793723064461664518e-01,-1.482459839921360656e-01,0.000000000000000000e+00,-1.782151530834442665e-01,0.000000000000000000e+00,2.622254231041088346e+00,0.000000000000000000e+00,0.000000000000000000e+00,-2.830146239774225525e-01,-0.000000000000000000e+00,-4.451114011429373879e-03,-0.000000000000000000e+00,-0.000000000000000000e+00,-0.000000000000000000e+00,-0.000000000000000000e+00,-1.475238672153027508e-01,-2.958703649986461071e-01,0.000000000000000000e+00,-6.345929275845409168e-02,-0.000000000000000000e+00,-1.858468925519923820e-01,-3.645986145515185337e-03,0.000000000000000000e+00,-2.146132165232007838e-02,0.000000000000000000e+00,0.000000000000000000e+00,-0.000000000000000000e+00,-0.000000000000000000e+00,-1.111578256867936793e-01,0.000000000000000000e+00,-3.726046458261161182e-02,0.000000000000000000e+00,-0.000000000000000000e+00,-0.000000000000000000e+00,-4.780937443906208562e-01,-3.325170832945827382e-01
0.000000000000000000e+00,0.000000000000000000e+00,-0.000000000000000000e+00,0.000000000000000000e+00,-0.000000000000000000e+00,-0.000000000000000000e+00,0.000000000000000000e+00,0.000000000000000000e+00,0.000000000000000000e+00,1.415419108954934169e+00,-0.000000000000000000e+00,0.000000000000000000e+00,-0.000000000000000000e+00,-0.000000000000000000e+00,1.096715804034254921e-01,-5.097173335580047482e-01,-3.672964463153772369e-02,0.000000000000000000e+00,0.000000000000000000e+00,0.000000000000000000e+00,-1.490988344735054150e-01,-0.000000000000000000e+00,-0.000000000000000000e+00,0.000000000000000000e+00,-0.000000000000000000e+00,-0.000000000000000000e+00,-0.000000000000000000e+00,-1.223826420329610504e-01,-0.000000000000000000e+00,-0.000000000000000000e+00,-0.000000000000000000e+00,0.000000000000000000e+00,-2.402869881360232551e-01,0.000000000000000000e+00,-2.841303871636765427e-02,-8.575996868084183322e-02,-0.000000000000000000e+00,0.000000000000000000e+00,0.000000000000000000e+00
0.000000000000000000e+00,2.290331235813135649e-02,0.000000000000000000e+00,2.855839298538520032e-01,-0.000000000000000000e+00,-8.354688149728944913e-01,0.000000000000000000e+00,-0.000000000000000000e+00,0.000000000000000000e+00,-0.000000000000000000e+00,1.900317833503164522e+00,8.831842773343039077e-02,0.000000000000000000e+00,-0.000000000000000000e+00,2.086903341358115616e-01,0.000000000000000000e+00,-7.318274370356804559e-02,1.417022913462738162e-03,0.000000000000000000e+00,0.000000000000000000e+00,-0.000000000000000000e+00,0.000000000000000000e+00,0.000000000000000000e+00,0.000000000000000000e+00,0.000000000000000000e+00,-0.000000000000000000e+00,0.000000000000000000e+00,-0.000000000000000000e+00,-4.377491425745740072e-02,0.000000000000000000e+00,-0.000000000000000000e+00,0.000000000000000000e+00,-1.878176209831834420e-01,0.000000000000000000e+00,-0.000000000000000000e+00,-0.000000000000000000e+00,-0.000000000000000000e+00,1.022666222874593633e-01,5.870307204023594849e-02
0.000000000000000000e+00,-7.914470916529983691e-02,-0.000000000000000000e+00,-5.011984314305357735e-01,-0.000000000000000000e+00,5.202974267710662459e-02,-3.794730737725541259e-01,1.031364487595130613e-03,-2.830146239774225525e-01,0.000000000000000000e+00,8.831842773343039077e-02,2.451434793882736773e+00,-0.000000000000000000e+00,-0.000000000000000000e+00,-0.000000000000000000e+00,-0.000000000000000000e+00,-0.000000000000000000e+00,-1.247525763229862805e-01,-0.000000000000000000e+00,-1.083214450767329556e-01,2.196484127863963798e-01,-0.000000000000000000e+00,-0.000000000000000000e+00,-5.643747520897218761e-02,-0.000000000000000000e+00,0.000000000000000000e+00,-5.610076761654345795e-02,0.000000000000000000e+00,3.035094326315233570e-01,-0.000000000000000000e+00,0.000000000000000000e+00,-0.000000000000000000e+00,0.000000000000000000e+00,-0.000000000000000000e+00,0.000000000000000000e+00,0.000000000000000000e+00,0.000000000000000000e+00,-0.000000000000000000e+00,-3.462922056264780557e-01
5.832180216655225014e-02,-1.626691930065570224e-01,-0.000000000000000000e+00,-0.000000000000000000e+00,-1.253032950448253469e-01,0.000000000000000000e+00,-2.943606268798861780e-01,0.000000000000000000e+00,-0.000000000000000000e+00,-0.000000000000000000e+00,0.000000000000000000e+00,-0.000000000000000000e+00,1.794601305226883881e+00,-0.000000000000000000e+00,0.000000000000000000e+00,-0.000000000000000000e+00,-0.000000000000000000e+00,-0.000000000000000000e+00,-0.000000000000000000e+00,-0.000000000000000000e+00,-0.000000000000000000e+00,-3.763303496628876976e-01,-0.000000000000000000e+00,-0.000000000000000000e+00,-3.545983400745172237e-02,0.000000000000000000e+00,-4.826641402721912333e-01,0.000000000000000000e+00,1.699535594230326685e-01,0.000000000000000000e+00,-0.000000000000000000e+00,-0.000000000000000000e+00,-0.000000000000000000e+00,-0.000000000000000000e+00,-0.000000000000000000e+00,-0.000000000000000000e+00,-0.000000000000000000e+00,-0.000000000000000000e+00,-0.000000000000000000e+00
-0.000000000000000000e+00,-0.000000000000000000e+00,-8.659662906222839740e-02,-0.000000000000000000e+00,-3.550593696154424328e-01,-0.000000000000000000e+00,-0.000000000000000000e+00,7.329001344096443271e-02,-4.451114011429373879e-03,-0.000000000000000000e+00,-0.000000000000000000e+00,-0.000000000000000000e+00,-0.000000000000000000e+00,1.465471396056689413e+00,0.000000000000000000e+00,-0.000000000000000000e+00,-1.211720241240722279e-01,-0.000000000000000000e+00,-0.000000000000000000e+00,-0.000000000000000000e+00,0.000000000000000000e+00,-0.000000000000000000e+00,-1.232532330730165271e-01,-2.059192390172233100e-01,-3.425028294929640116e-01,-0.000000000000000000e+00,-0.000000000000000000e+00,0.000000000000000000e+00,0.000000000000000000e+00,-0.000000000000000000e+00,-0.000000000000000000e+00,-0.000000000000000000e+00,-0.000000000000000000e+00,-0.000000000000000000e+00,-0.000000000000000000e+00,-0.000000000000000000e+00,-0.000000000000000000e+00,-2.132035596000774955e-02,-0.000000000000000000e+00
0.000000000000000000e+00,-0.000000000000000000e+00,0.000000000000000000e+00,-0.000000000000000000e+00,0.000000000000000000e+00,1.140331133358347786e-02,-0.000000000000000000e+00,-0.000000000000000000e+00,-0.000000000000000000e+00,1.096715804034254921e-01,2.086903341358115616e-01,-0.000000000000000000e+00,0.000000000000000000e+00,0.000000000000000000e+00,1.156671789570355102e+00,0.000000000000000000e+00,0.000000000000000000e+00,0.000000000000000000e+00,0.000000000000000000e+00,-7.982288315684700486e-02,0.000000000000000000e+00,-0.000000000000000000e+00,0.000000000000000000e+00,-4.244614583673917557e-02,0.000000000000000000e+00,0.000000000000000000e+00,0.000000000000000000e+00,0.000000000000000000e+00,0.000000000000000000e+00,-0.000000000000000000e+00,0.000000000000000000e+00,-0.000000000000000000e+00,1.126868322079892099e-01,-1.109569495407496942e-01,1.422259747377058736e-01,0.000000000000000000e+00,0.000000000000000000e+00,-0.000000000000000000e+00,-0.000000000000000000e+00
-0.000000000000000000e+00,-0.000000000000000000e+00,-7.451576320748815041e-02,-0.000000000000000000e+00,-0.000000000000000000e+00,0.000000000000000000e+00,-0.000000000000000000e+00,0.000000000000000000e+00,-0.000000000000000000e+00,-5.097173335580047482e-01,0.000000000000000000e+00,-0.000000000000000000e+00,-0.000000000000000000e+00,-0.000000000000000000e+00,0.000000000000000000e+00,1.557394368446654687e+00,-0.000000000000000000e+00,-0.000000000000000000e+00,-0.000000000000000000e+00,-0.000000000000000000e+00,-0.000000000000000000e+00,-1.331278251421305903e-01,-4.718749373461338104e-02,-0.000000000000000000e+00,-0.000000000000000000e+00,-0.000000000000000000e+00,-0.000000000000000000e+00,-4.573654441967300172e-02,0.000000000000000000e+00,-5.178596200581073727e-01,-0.000000000000000000e+00,-0.000000000000000000e+00,-9.383317894063139541e-02,-0.000000000000000000e+00,-0.000000000000000000e+00,-9.654057912130772912e-02,-0.000000000000000000e+00,-0.000000000000000000e+00,-0.000000000000000000e+00
0.000000000000000000e+00,0.000000000000000000e+00,-0.000000000000000000e+00,0.000000000000000000e+00,-2.049712729477850409e-02,-0.000000000000000000e+00,-0.000000000000000000e+00,0.000000000000000000e+00,-0.000000000000000000e+00,-3.672964463153772369e-02,-7.318274370356804559e-02,-0.000000000000000000e+00,-0.000000000000000000e+00,-1.211720241240722279e-01,0.000000000000000000e+00,-0.000000000000000000e+00,1.057389630755908527e+00,0.000000000000000000e+00,0.000000000000000000e+00,-0.000000000000000000e+00,-0.000000000000000000e+00,-0.000000000000000000e+00,-0.000000000000000000e+00,-4.796796661201191761e-03,-0.000000000000000000e+00,0.000000000000000000e+00,0.000000000000000000e+00,-0.000000000000000000e+00,-0.000000000000000000e+00,-1.702150937270937303e-01,0.000000000000000000e+00,-0.000000000000000000e+00,-0.000000000000000000e+00,-1.324616275614014932e-02,0.000000000000000000e+00,-0.000000000000000000e+00,0.000000000000000000e+00,0.000000000000000000e+00,0.000000000000000000e+00
-0.000000000000000000e+00,-9.065201672494214991e-02,-0.000000000000000000e+00,-4.620937419513069799e-01,-0.000000000000000000e+00,1.695068129667806275e-02,-7.646424177695476665e-02,2.092023806517649687e-02,-0.000000000000000000e+00,0.000000000000000000e+00,1.417022913462738162e-03,-1.247525763229862805e-01,-0.000000000000000000e+00,-0.000000000000000000e+00,0.000000000000000000e+00,-0.000000000000000000e+00,0.000000000000000000e+00,1.936777173239176308e+00,-6.152446581963203487e-01,-0.000000000000000000e+00,0.000000000000000000e+00,-0.000000000000000000e+00,-0.000000000000000000e+00,-0.000000000000000000e+00,-0.000000000000000000e+00,0.000000000000000000e+00,-0.000000000000000000e+00,0.000000000000000000e+00,0.000000000000000000e+00,-0.000000000000000000e+00,0.000000000000000000e+00,-0.000000000000000000e+00,0.000000000000000000e+00,0.000000000000000000e+00,0.000000000000000000e+00,-0.000000000000000000e+00,-0.000000000000000000e+00,-1.624353200275021059e-01,-1.264479223290372878e-01
-0.000000000000000000e+00,-0.000000000000000000e+00,-0.000000000000000000e+00,-1.037434361364406449e-01,-0.000000000000000000e+00,0.000000000000000000e+00,-4.649057546377144412e-02,0.000000000000000000e+00,-1.475238672153027508e-01,0.000000000000000000e+00,0.000000000000000000e+00,-0.000000000000000000e+00,-0.000000000000000000e+00,-0.000000000000000000e+00,0.000000000000000000e+00,-0.000000000000000000e+00,0.000000000000000000e+00,-6.152446581963203487e-01,1.917918435305131286e+00,-5.239672633078893554e-02,0.000000000000000000e+00,-3.022150525205239413e-01,-0.000000000000000000e+00,-0.000000000000000000e+00,-0.000000000000000000e+00,0.000000000000000000e+00,-0.000000000000000000e+00,0.000000000000000000e+00,0.000000000000000000e+00,-0.000000000000000000e+00,0.000000000000000000e+00,-0.000000000000000000e+00,0.000000000000000000e+00,-0.000000000000000000e+00,0.000000000000000000e+00,-0.000000000000000000e+00,-0.000000000000000000e+00,-5.895500570813449331e-02,-3.592417597808434948e-01
-0.000000000000000000e+00,-0.000000000000000000e+00,-0.000000000000000000e+00,-3.226765643322450083e-01,-0.000000000000000000e+00,4.699815277028596833e-02,-4.986453746284866262e-02,1.000998011251378987e-02,-2.958703649986461071e-01,0.000000000000000000e+00,0.000000000000000000e+00,-1.083214450767329556e-01,-0.000000000000000000e+00,-0.000000000000000000e+00,-7.982288315684700486e-02,-0.000000000000000000e+00,-0.000000000000000000e+00,-0.000000000000000000e+00,-5.239672633078893554e-02,1.751980034071041636e+00,0.000000000000000000e+00,-2.253255931142987556e-01,-0.000000000000000000e+00,-0.000000000000000000e+00,-0.000000000000000000e+00,0.000000000000000000e+00,-0.000000000000000000e+00,0.000000000000000000e+00,0.000000000000000000e+00,-0.000000000000000000e+00,0.000000000000000000e+00,-1.347043362896034879e-01,0.000000000000000000e+00,-7.721898268115572062e-02,0.000000000000000000e+00,-0.000000000000000000e+00,0.000000000000000000e+00,-0.000000000000000000e+00,-1.910653169817689845e-01
-0.000000000000000000e+00,0.000000000000000000e+00,-0.000000000000000000e+00,0.000000000000000000e+00,-0.000000000000000000e+00,-0.000000000000000000e+00,0.000000000000000000e+00,-0.000000000000000000e+00,0.000000000000000000e+00,-1.490988344735054150e-01,-0.000000000000000000e+00,2.196484127863963798e-01,-0.000000000000000000e+00,0.000000000000000000e+00,0.000000000000000000e+00,-0.000000000000000000e+00,-0.000000000000000000e+00,0.000000000000000000e+00,0.000000000000000000e+00,0.000000000000000000e+00,1.305019274933379547e+00,-0.000000000000000000e+00,-0.000000000000000000e+00,0.000000000000000000e+00,0.000000000000000000e+00,-0.000000000000000000e+00,0.000000000000000000e+00,-4.458830176537188078e-02,-0.000000000000000000e+00,-0.000000000000000000e+00,-0.000000000000000000e+00,0.000000000000000000e+00,-4.621912705947067157e-01,0.000000000000000000e+00,-0.000000000000000000e+00,-9.916475719708309211e-02,-2.078361091924751242e-02,0.000000000000000000e+00,0.000000000000000000e+00
0.000000000000000000e+00,-2.550130895002064579e-01,-2.701263276149960535e-01,-0.000000000000000000e+00,-1.487858196252422049e-01,0.000000000000000000e+00,-8.813557266923427447e-02,0.000000000000000000e+00,-6.345929275845409168e-02,-0.000000000000000000e+00,0.000000000000000000e+00,-0.000000000000000000e+00,-3.763303496628876976e-01,-0.000000000000000000e+00,-0.000000000000000000e+00,-1.331278251421305903e-01,-0.000000000000000000e+00,-0.000000000000000000e+00,-3.022150525205239413e-01,-2.253255931142987556e-01,-0.000000000000000000e+00,2.005768863758085718e+00,-8.033880620663089167e-02,-0.000000000000000000e+00,-0.000000000000000000e+00,0.000000000000000000e+00,-0.000000000000000000e+00,0.000000000000000000e+00,0.000000000000000000e+00,-0.000000000000000000e+00,-0.000000000000000000e+00,-2.955354286372804951e-01,-0.000000000000000000e+00,-0.000000000000000000e+00,-0.000000000000000000e+00,-7.477382926675393837e-02,-0.000000000000000000e+00,-0.000000000000000000e+00,-2.399424050258418956e-02
-0.000000000000000000e+00,-1.317766564563745690e-01,-0.000000000000000000e+00,-0.000000000000000000e+00,-2.810596438282942922e-01,-0.000000000000000000e+00,-0.000000000000000000e+00,0.000000000000000000e+00,-0.000000000000000000e+00,-0.000000000000000000e+00,0.000000000000000000e+00,-0.000000000000000000e+00,-0.000000000000000000e+00,-1.232532330730165271e-01,0.000000000000000000e+00,-4.718749373461338104e-02,-0.000000000000000000e+00,-0.000000000000000000e+00,-0.000000000000000000e+00,-0.000000000000000000e+00,-0.000000000000000000e+00,-8.033880620663089167e-02,1.395561866278731467e+00,-0.000000000000000000e+00,-1.836610642928083736e-01,-0.000000000000000000e+00,-0.000000000000000000e+00,-0.000000000000000000e+00,0.000000000000000000e+00,-0.000000000000000000e+00,-0.000000000000000000e+00,-2.444571250597115872e-02,-0.000000000000000000e+00,-0.000000000000000000e+00,-5.083521882686657667e-02,-0.000000000000000000e+00,-2.008434895334447468e-01,-1.727054867299123997e-01,-0.000000000000000000e+00
-0.000000000000000000e+00,-0.000000000000000000e+00,-0.000000000000000000e+00,-0.000000000000000000e+00,-0.000000000000000000e+00,4.656600536731739931e-02,-0.000000000000000000e+00,0.000000000000000000e+00,-1.858468925519923820e-01,0.000000000000000000e+00,0.000000000000000000e+00,-5.643747520897218761e-02,-0.000000000000000000e+00,-2.059192390172233100e-01,-4.244614583673917557e-02,-0.000000000000000000e+00,-4.796796661201191761e-03,-0.000000000000000000e+00,-0.000000000000000000e+00,-0.000000000000000000e+00,0.000000000000000000e+00,-0.000000000000000000e+00,-0.000000000000000000e+00,1.338667512316189967e+00,-1.029141168990616306e-01,0.000000000000000000e+00,-0.000000000000000000e+00,0.000000000000000000e+00,0.000000000000000000e+00,-0.000000000000000000e+00,-0.000000000000000000e+00,-0.000000000000000000e+00,0.000000000000000000e+00,-3.696211953561674979e-01,2.120233519528933949e-02,0.000000000000000000e+00,0.000000000000000000e+00,-1.651988324955031007e-02,-0.000000000000000000e+00
-0.000000000000000000e+00,-0.000000000000000000e+00,-4.977270627144739917e-02,-0.000000000000000000e+00,-0.000000000000000000e+00,0.000000000000000000e+00,-0.000000000000000000e+00,0.000000000000000000e+00,-3.645986145515185337e-03,-0.000000000000000000e+00,0.000000000000000000e+00,-0.000000000000000000e+00,-3.545983400745172237e-02,-3.425028294929640116e-01,0.000000000000000000e+00,-0.000000000000000000e+00,-0.000000000000000000e+00,-0.000000000000000000e+00,-0.000000000000000000e+00,-0.000000000000000000e+00,0.000000000000000000e+00,-0.000000000000000000e+00,-1.836610642928083736e-01,-1.029141168990616306e-01,1.290636313115036460e+00,-0.000000000000000000e+00,-1.829684327683931411e-01,0.000000000000000000e+00,0.000000000000000000e+00,-0.000000000000000000e+00,-1.885125211417195898e-02,-0.000000000000000000e+00,-0.000000000000000000e+00,-0.000000000000000000e+00,-0.000000000000000000e+00,0.000000000000000000e+00,-0.000000000000000000e+00,-2.168591801788020274e-02,-0.000000000000000000e+00
-3.709449379197486407e-01,0.000000000000000000e+00,-0.000000000000000000e+00,0.000000000000000000e+00,-0.000000000000000000e+00,-0.000000000000000000e+00,4.056752940436852278e-02,0.000000000000000000e+00,0.000000000000000000e+00,-0.000000000000000000e+00,-0.000000000000000000e+00,0.000000000000000000e+00,0.000000000000000000e+00,-0.000000000000000000e+00,0.000000000000000000e+00,-0.000000000000000000e+00,0.000000000000000000e+00,0.000000000000000000e+00,0.000000000000000000e+00,0.000000000000000000e+00,-0.000000000000000000e+00,0.000000000000000000e+00,-0.000000000000000000e+00,0.000000000000000000e+00,-0.000000000000000000e+00,1.513503269176616373e+00,-0.000000000000000000e+00,-3.019946144881721084e-01,-4.068087996153773034e-01,-0.000000000000000000e+00,-3.307886608546090068e-01,0.000000000000000000e+00,-0.000000000000000000e+00,0.000000000000000000e+00,-1.061759265306867206e-01,-0.000000000000000000e+00,-1.018714740982340217e-01,-0.000000000000000000e+00,0.000000000000000000e+00
0.000000000000000000e+00,-4.199954093146007206e-01,-0.000000000000000000e+00,-0.000000000000000000e+00,-0.000000000000000000e+00,0.000000000000000000e+00,-0.000000000000000000e+00,0.000000000000000000e+00,-2.146132165232007838e-02,-0.000000000000000000e+00,0.000000000000000000e+00,-5.610076761654345795e-02,-4.826641402721912333e-01,-0.000000000000000000e+00,0.000000000000000000e+00,-0.000000000000000000e+00,0.000000000000000000e+00,-0.000000000000000000e+00,-0.000000000000000000e+00,-0.000000000000000000e+00,0.000000000000000000e+00,-0.000000000000000000e+00,-0.000000000000000000e+00,-0.000000000000000000e+00,-1.829684327683931411e-01,-0.000000000000000000e+00,1.685982338092733679e+00,0.000000000000000000e+00,1.473340413804063997e-01,0.000000000000000000e+00,-3.211295134113466565e-01,-0.000000000000000000e+00,0.000000000000000000e+00,-0.000000000000000000e+00,-0.000000000000000000e+00,-0.000000000000000000e+00,-0.000000000000000000e+00,-0.000000000000000000e+00,-0.000000000000000000e+00
-1.088351977385797545e-02,0.000000000000000000e+00,-0.000000000000000000e+00,0.000000000000000000e+00,-0.000000000000000000e+00,-0.000000000000000000e+00,0.000000000000000000e+00,-0.000000000000000000e+00,0.000000000000000000e+00,-1.223826420329610504e-01,-0.000000000000000000e+00,0.000000000000000000e+00,0.000000000000000000e+00,0.000000000000000000e+00,0.000000000000000000e+00,-4.573654441967300172e-02,-0.000000000000000000e+00,0.000000000000000000e+00,0.000000000000000000e+00,0.000000000000000000e+00,-4.458830176537188078e-02,0.000000000000000000e+00,-0.000000000000000000e+00,0.000000000000000000e+00,0.000000000000000000e+00,-3.019946144881721084e-01,0.000000000000000000e+00,1.241324349925035930e+00,-1.660424243078523487e-01,-1.878708719836303109e-01,-0.000000000000000000e+00,0.000000000000000000e+00,-0.000000000000000000e+00,0.000000000000000000e+00,-6.033801548598566322e-02,-0.000000000000000000e+00,-2.512320279735302461e-02,-0.000000000000000000e+00,1.371729828187953030e-03
-0.000000000000000000e+00,4.709181662285930048e-02,0.000000000000000000e+00,9.763281875769250218e-02,0.000000000000000000e+00,-4.413833704977465078e-01,6.277782317189458672e-01,-0.000000000000000000e+00,0.000000000000000000e+00,-0.000000000000000000e+00,-4.377491425745740072e-02,3.035094326315233570e-01,1.699535594230326685e-01,0.000000000000000000e+00,0.000000000000000000e+00,0.000000000000000000e+00,-0.000000000000000000e+00,0.000000000000000000e+00,0.000000000000000000e+00,0.000000000000000000e+00,-0.000000000000000000e+00,0.000000000000000000e+00,0.000000000000000000e+00,0.000000000000000000e+00,0.000000000000000000e+00,-4.068087996153773034e-01,1.473340413804063997e-01,-1.660424243078523487e-01,2.313852358118342334e+00,-0.000000000000000000e+00,-0.000000000000000000e+00,0.000000000000000000e+00,-2.836487997219615254e-02,0.000000000000000000e+00,-0.000000000000000000e+00,-0.000000000000000000e+00,-0.000000000000000000e+00,0.000000000000000000e+00,1.455639436456427904e-01
-2.019757494614383142e-01,-0.000000000000000000e+00,-1.730764259041942324e-02,-0.000000000000000000e+00,-4.358124476513582785e-02,-0.000000000000000000e+00,0.000000000000000000e+00,0.000000000000000000e+00,-0.000000000000000000e+00,-0.000000000000000000e+00,0.000000000000000000e+00,-0.000000000000000000e+00,0.000000000000000000e+00,-0.000000000000000000e+00,-0.000000000000000000e+00,-5.178596200581073727e-01,-1.702150937270937303e-01,-0.000000000000000000e+00,-0.000000000000000000e+00,-0.000000000000000000e+00,-0.000000000000000000e+00,-0.000000000000000000e+00,-0.000000000000000000e+00,-0.000000000000000000e+00,-0.000000000000000000e+00,-0.000000000000000000e+00,0.000000000000000000e+00,-1.878708719836303109e-01,-0.000000000000000000e+00,1.367507933344870086e+00,0.000000000000000000e+00,-0.000000000000000000e+00,-0.000000000000000000e+00,-4.531460574096317362e-02,-0.000000000000000000e+00,-0.000000000000000000e+00,-0.000000000000000000e+00,-1.082562418112001379e-02,-0.000000000000000000e+00
-0.000000000000000000e+00,-0.000000000000000000e+00,-0.000000000000000000e+00,0.000000000000000000e+00,-0.000000000000000000e+00,-0.000000000000000000e+00,0.000000000000000000e+00,1.605902162896326313e-02,-0.000000000000000000e+00,-0.000000000000000000e+00,-0.000000000000000000e+00,0.000000000000000000e+00,-0.000000000000000000e+00,-0.000000000000000000e+00,0.000000000000000000e+00,-0.000000000000000000e+00,0.000000000000000000e+00,0.000000000000000000e+00,0.000000000000000000e+00,0.000000000000000000e+00,-0.000000000000000000e+00,-0.000000000000000000e+00,-0.000000000000000000e+00,-0.000000000000000000e+00,-1.885125211417195898e-02,-3.307886608546090068e-01,-3.211295134113466565e-01,-0.000000000000000000e+00,-0.000000000000000000e+00,0.000000000000000000e+00,1.224636196078397354e+00,-0.000000000000000000e+00,-0.000000000000000000e+00,-0.000000000000000000e+00,-1.316058260220797915e-01,-9.437556355294719757e-02,-1.670512031826645524e-02,-0.000000000000000000e+00,0.000000000000000000e+00
0.000000000000000000e+00,-0.000000000000000000e+00,-0.000000000000000000e+00,-0.000000000000000000e+00,-0.000000000000000000e+00,0.000000000000000000e+00,-0.000000000000000000e+00,0.000000000000000000e+00,-1.111578256867936793e-01,0.000000000000000000e+00,0.000000000000000000e+00,-0.000000000000000000e+00,-0.000000000000000000e+00,-0.000000000000000000e+00,-0.000000000000000000e+00,-0.000000000000000000e+00,-0.000000000000000000e+00,-0.000000000000000000e+00,-0.000000000000000000e+00,-1.347043362896034879e-01,0.000000000000000000e+00,-2.955354286372804951e-01,-2.444571250597115872e-02,-0.000000000000000000e+00,-0.000000000000000000e+00,0.000000000000000000e+00,-0.000000000000000000e+00,0.000000000000000000e+00,0.000000000000000000e+00,-0.000000000000000000e+00,-0.000000000000000000e+00,1.361381218410315785e+00,-0.000000000000000000e+00,-3.768676657399568364e-01,-0.000000000000000000e+00,-0.000000000000000000e+00,-1.113828805862357788e-02,-0.000000000000000000e+00,-0.000000000000000000e+00
-0.000000000000000000e+00,0.000000000000000000e+00,-3.856075125592454689e-01,2.341056877390016930e-02,-0.000000000000000000e+00,-0.000000000000000000e+00,0.000000000000000000e+00,0.000000000000000000e+00,0.000000000000000000e+00,-2.402869881360232551e-01,-1.878176209831834420e-01,0.000000000000000000e+00,-0.000000000000000000e+00,-0.000000000000000000e+00,1.126868322079892099e-01,-9.383317894063139541e-02,-0.000000000000000000e+00,0.000000000000000000e+00,0.000000000000000000e+00,0.000000000000000000e+00,-4.621912705947067157e-01,-0.000000000000000000e+00,-0.000000000000000000e+00,0.000000000000000000e+00,-0.000000000000000000e+00,-0.000000000000000000e+00,0.000000000000000000e+00,-0.000000000000000000e+00,-2.836487997219615254e-02,-0.000000000000000000e+00,-0.000000000000000000e+00,-0.000000000000000000e+00,1.496749315286081794e+00,-0.000000000000000000e+00,-3.177733896988940016e-02,-0.000000000000000000e+00,-6.125843366798924133e-02,0.000000000000000000e+00,0.000000000000000000e+00
0.000000000000000000e+00,-0.000000000000000000e+00,-1.056160125298470642e-01,-0.000000000000000000e+00,-3.084778630375705211e-01,0.000000000000000000e+00,-0.000000000000000000e+00,0.000000000000000000e+00,-3.726046458261161182e-02,0.000000000000000000e+00,0.000000000000000000e+00,-0.000000000000000000e+00,-0.000000000000000000e+00,-0.000000000000000000e+00,-1.109569495407496942e-01,-0.000000000000000000e+00,-1.324616275614014932e-02,0.000000000000000000e+00,-0.000000000000000000e+00,-7.721898268115572062e-02,0.000000000000000000e+00,-0.000000000000000000e+00,-0.000000000000000000e+00,-3.696211953561674979e-01,-0.000000000000000000e+00,0.000000000000000000e+00,-0.000000000000000000e+00,0.000000000000000000e+00,0.000000000000000000e+00,-4.531460574096317362e-02,-0.000000000000000000e+00,-3.768676657399568364e-01,-0.000000000000000000e+00,1.522367564397820949e+00,0.000000000000000000e+00,0.000000000000000000e+00,-0.000000000000000000e+00,-0.000000000000000000e+00,-0.000000000000000000e+00
-0.000000000000000000e+00,-0.000000000000000000e+00,-0.000000000000000000e+00,0.000000000000000000e+00,-0.000000000000000000e+00,-0.000000000000000000e+00,0.000000000000000000e+00,0.000000000000000000e+00,0.000000000000000000e+00,-2.841303871636765427e-02,-0.000000000000000000e+00,0.000000000000000000e+00,-0.000000000000000000e+00,-0.000000000000000000e+00,1.422259747377058736e-01,-0.000000000000000000e+00,0.000000000000000000e+00,0.000000000000000000e+00,0.000000000000000000e+00,0.000000000000000000e+00,-0.000000000000000000e+00,-0.000000000000000000e+00,-5.083521882686657667e-02,2.120233519528933949e-02,-0.000000000000000000e+00,-1.061759265306867206e-01,-0.000000000000000000e+00,-6.033801548598566322e-02,-0.000000000000000000e+00,-0.000000000000000000e+00,-1.316058260220797915e-01,-0.000000000000000000e+00,-3.177733896988940016e-02,0.000000000000000000e+00,1.709360225858447491e+00,-6.674058983499092657e-02,-9.722242920849574199e-01,-0.000000000000000000e+00,0.000000000000000000e+00
-0.000000000000000000e+00,-0.000000000000000000e+00,-0.000000000000000000e+00,0.000000000000000000e+00,-0.000000000000000000e+00,0.000000000000000000e+00,-0.000000000000000000e+00,0.000000000000000000e+00,-0.000000000000000000e+00,-8.575996868084183322e-02,-0.000000000000000000e+00,0.000000000000000000e+00,-0.000000000000000000e+00,-0.000000000000000000e+00,0.000000000000000000e+00,-9.654057912130772912e-02,-0.000000000000000000e+00,-0.000000000000000000e+00,-0.000000000000000000e+00,-0.000000000000000000e+00,-9.916475719708309211e-02,-7.477382926675393837e-02,-0.000000000000000000e+00,0.000000000000000000e+00,0.000000000000000000e+00,-0.000000000000000000e+00,-0.000000000000000000e+00,-0.000000000000000000e+00,-0.000000000000000000e+00,-0.000000000000000000e+00,-9.437556355294719757e-02,-0.000000000000000000e+00,-0.000000000000000000e+00,0.000000000000000000e+00,-6.674058983499092657e-02,1.069502508304467803e+00,-0.000000000000000000e+00,-0.000000000000000000e+00,-0.000000000000000000e+00
-0.000000000000000000e+00,-0.000000000000000000e+00,-0.000000000000000000e+00,0.000000000000000000e+00,-0.000000000000000000e+00,-0.000000000000000000e+00,0.000000000000000000e+00,0.000000000000000000e+00,-0.000000000000000000e+00,-0.000000000000000000e+00,-0.000000000000000000e+00,0.000000000000000000e+00,-0.000000000000000000e+00,-0.000000000000000000e+00,0.000000000000000000e+00,-0.000000000000000000e+00,0.000000000000000000e+00,-0.000000000000000000e+00,-0.000000000000000000e+00,0.000000000000000000e+00,-2.078361091924751242e-02,-0.000000000000000000e+00,-2.008434895334447468e-01,0.000000000000000000e+00,-0.000000000000000000e+00,-1.018714740982340217e-01,-0.000000000000000000e+00,-2.512320279735302461e-02,-0.000000000000000000e+00,-0.000000000000000000e+00,-1.670512031826645524e-02,-1.113828805862357788e-02,-6.125843366798924133e-02,-0.000000000000000000e+00,-9.722242920849574199e-01,-0.000000000000000000e+00,1.685066290847379467e+00,-0.000000000000000000e+00,0.000000000000000000e+00
-3.207509757566865405e-01,-1.266661788726455018e-01,-1.483960991472460002e-02,-1.336629520274331406e-01,-0.000000000000000000e+00,0.000000000000000000e+00,-0.000000000000000000e+00,1.592419690036676883e-01,-4.780937443906208562e-01,0.000000000000000000e+00,1.022666222874593633e-01,-0.000000000000000000e+00,-0.000000000000000000e+00,-2.132035596000774955e-02,-0.000000000000000000e+00,-0.000000000000000000e+00,0.000000000000000000e+00,-1.624353200275021059e-01,-5.895500570813449331e-02,-0.000000000000000000e+00,0.000000000000000000e+00,-0.000000000000000000e+00,-1.727054867299123997e-01,-1.651988324955031007e-02,-2.168591801788020274e-02,-0.000000000000000000e+00,-0.000000000000000000e+00,-0.000000000000000000e+00,0.000000000000000000e+00,-1.082562418112001379e-02,-0.000000000000000000e+00,-0.000000000000000000e+00,0.000000000000000000e+00,-0.000000000000000000e+00,-0.000000000000000000e+00,-0.000000000000000000e+00,-0.000000000000000000e+00,1.865254753684739031e+00,-2.179546185921918122e-01
-0.000000000000000000e+00,-4.764063610013610783e-01,-0.000000000000000000e+00,-2.329208757984306266e-01,-0.000000000000000000e+00,2.721365327144766311e-01,-2.055593293568560576e-01,0.000000000000000000e+00,-3.325170832945827382e-01,0.000000000000000000e+00,5.870307204023594849e-02,-3.462922056264780557e-01,-0.000000000000000000e+00,-0.000000000000000000e+00,-0.000000000000000000e+00,-0.000000000000000000e+00,0.000000000000000000e+00,-1.264479223290372878e-01,-3.592417597808434948e-01,-1.910653169817689845e-01,0.000000000000000000e+00,-2.399424050258418956e-02,-0.000000000000000000e+00,-0.000000000000000000e+00,-0.000000000000000000e+00,0.000000000000000000e+00,-0.000000000000000000e+00,1.371729828187953030e-03,1.455639436456427904e-01,-0.000000000000000000e+00,0.000000000000000000e+00,-0.000000000000000000e+00,0.000000000000000000e+00,-0.000000000000000000e+00,0.000000000000000000e+00,-0.000000000000000000e+00,0.000000000000000000e+00,-2.179546185921918122e-01,2.776947835312649548e+00
