2.041910315083431460e+00,-3.581256368941401758e-01,-0.000000000000000000e+00,0.000000000000000000e+00,-0.000000000000000000e+00,-0.000000000000000000e+00,-0.000000000000000000e+00,0.000000000000000000e+00,-0.000000000000000000e+00,-0.000000000000000000e+00,0.000000000000000000e+00,-0.000000000000000000e+00,0.000000000000000000e+00,-0.000000000000000000e+00,-1.648203701384911568e-01,-4.880008712560843925e-02,0.000000000000000000e+00,-7.496803477412249117e-02,-0.000000000000000000e+00,-0.000000000000000000e+00,-0.000000000000000000e+00,-0.000000000000000000e+00,-5.913058482286284029e-02,-0.000000000000000000e+00,-2.907343194518332077e-02,-7.867386926229345823e-02,-0.000000000000000000e+00,-0.000000000000000000e+00,-1.174581250372295910e-01,-4.605041713239904633e-01,-0.000000000000000000e+00,-0.000000000000000000e+00,-0.000000000000000000e+00,-0.000000000000000000e+00,-0.000000000000000000e+00,-2.589403070775109228e-01,-0.000000000000000000e+00,-2.532007408975515128e-01,-1.909743618872102311e-01
-3.581256368941401758e-01,2.165608509811634441e+00,-0.000000000000000000e+00,-0.000000000000000000e+00,-0.000000000000000000e+00,-0.000000000000000000e+00,-0.000000000000000000e+00,0.000000000000000000e+00,-0.000000000000000000e+00,-1.716499540659398859e-01,-0.000000000000000000e+00,-0.000000000000000000e+00,0.000000000000000000e+00,-6.239092939685012690e-02,-0.000000000000000000e+00,-2.379878815521291324e-01,0.000000000000000000e+00,-2.239246623851249771e-02,-0.000000000000000000e+00,-0.000000000000000000e+00,-0.000000000000000000e+00,-0.000000000000000000e+00,-1.511023873930579520e-01,-0.000000000000000000e+00,-1.210918799122834427e-01,-0.000000000000000000e+00,-0.000000000000000000e+00,-0.000000000000000000e+00,-0.000000000000000000e+00,-1.066134225888956955e-01,-0.000000000000000000e+00,-1.836623424130626181e-01,-0.000000000000000000e+00,-0.000000000000000000e+00,-0.000000000000000000e+00,-1.868361025573777590e-01,-0.000000000000000000e+00,-0.000000000000000000e+00,-4.831119297360754183e-01
-0.000000000000000000e+00,-0.000000000000000000e+00,2.466786125180068900e+00,-0.000000000000000000e+00,-4.585140353314282602e-01,-0.000000000000000000e+00,-0.000000000000000000e+00,6.905102355612662279e-01,-0.000000000000000000e+00,-1.209136915500715476e-01,-0.000000000000000000e+00,-0.000000000000000000e+00,1.569835534639754115e-01,-1.482541543815679708e-01,0.000000000000000000e+00,-0.000000000000000000e+00,-0.000000000000000000e+00,-8.790781472382513950e-02,-2.055021158391242275e-01,-0.000000000000000000e+00,-0.000000000000000000e+00,-0.000000000000000000e+00,-0.000000000000000000e+00,-0.000000000000000000e+00,-3.274468851861593588e-02,-0.000000000000000000e+00,-0.000000000000000000e+00,-3.449468309739215921e-01,-0.000000000000000000e+00,-0.000000000000000000e+00,-9.757641399974215091e-02,-0.000000000000000000e+00,-0.000000000000000000e+00,-1.196559503113022310e-01,-0.000000000000000000e+00,-0.000000000000000000e+00,-0.000000000000000000e+00,-0.000000000000000000e+00,-0.000000000000000000e+00
0.000000000000000000e+00,-0.000000000000000000e+00,-0.000000000000000000e+00,1.374709779078840288e+00,0.000000000000000000e+00,-0.000000000000000000e+00,-6.180498104613685317e-01,-0.000000000000000000e+00,-0.000000000000000000e+00,-0.000000000000000000e+00,-0.000000000000000000e+00,0.000000000000000000e+00,-0.000000000000000000e+00,-0.000000000000000000e+00,2.562849333390406215e-01,-0.000000000000000000e+00,-0.000000000000000000e+00,-0.000000000000000000e+00,-0.000000000000000000e+00,-1.411619564985334974e-02,0.000000000000000000e+00,-0.000000000000000000e+00,0.000000000000000000e+00,-0.000000000000000000e+00,-0.000000000000000000e+00,0.000000000000000000e+00,-0.000000000000000000e+00,0.000000000000000000e+00,-0.000000000000000000e+00,-0.000000000000000000e+00,-0.000000000000000000e+00,-0.000000000000000000e+00,-7.647806832365000584e-02,0.000000000000000000e+00,-0.000000000000000000e+00,0.000000000000000000e+00,-5.238809861552250896e-02,0.000000000000000000e+00,0.000000000000000000e+00
-0.000000000000000000e+00,-0.000000000000000000e+00,-4.585140353314282602e-01,0.000000000000000000e+00,2.263197592304280192e+00,-0.000000000000000000e+00,-0.000000000000000000e+00,4.991887049712781521e-01,-1.915128491737201344e-01,-2.621447669416154466e-02,-0.000000000000000000e+00,-0.000000000000000000e+00,0.000000000000000000e+00,-1.637458426548327739e-01,-0.000000000000000000e+00,-0.000000000000000000e+00,-0.000000000000000000e+00,-4.499089448293931426e-01,-1.596119553268943170e-01,-0.000000000000000000e+00,-0.000000000000000000e+00,-0.000000000000000000e+00,-8.537730539680889186e-02,-0.000000000000000000e+00,-0.000000000000000000e+00,-1.358228593420137409e-01,-0.000000000000000000e+00,-0.000000000000000000e+00,-0.000000000000000000e+00,-0.000000000000000000e+00,-0.000000000000000000e+00,-0.000000000000000000e+00,-0.000000000000000000e+00,-4.026595253993356729e-03,-0.000000000000000000e+00,-0.000000000000000000e+00,-0.000000000000000000e+00,-0.000000000000000000e+00,-0.000000000000000000e+00
-0.000000000000000000e+00,-0.000000000000000000e+00,-0.000000000000000000e+00,-0.000000000000000000e+00,-0.000000000000000000e+00,1.774163943791431608e+00,-0.000000000000000000e+00,0.000000000000000000e+00,-0.000000000000000000e+00,-0.000000000000000000e+00,-3.627340681563077096e-01,0.000000000000000000e+00,0.000000000000000000e+00,-0.000000000000000000e+00,0.000000000000000000e+00,-0.000000000000000000e+00,0.000000000000000000e+00,0.000000000000000000e+00,-0.000000000000000000e+00,-6.048482819963513744e-03,-1.851722020314005568e-01,-2.962683789106144300e-02,-0.000000000000000000e+00,-2.143809352144408764e-02,-0.000000000000000000e+00,-0.000000000000000000e+00,-0.000000000000000000e+00,-0.000000000000000000e+00,-2.773763405956843897e-01,-0.000000000000000000e+00,-0.000000000000000000e+00,-0.000000000000000000e+00,-9.381278955403465902e-02,0.000000000000000000e+00,-5.134910340942653306e-01,0.000000000000000000e+00,-2.084095052227319042e-02,-0.000000000000000000e+00,-0.000000000000000000e+00
-0.000000000000000000e+00,-0.000000000000000000e+00,-0.000000000000000000e+00,-6.180498104613685317e-01,-0.000000000000000000e+00,-0.000000000000000000e+00,1.402829258148453384e+00,0.000000000000000000e+00,-0.000000000000000000e+00,-0.000000000000000000e+00,-0.000000000000000000e+00,2.746275427706965644e-01,-0.000000000000000000e+00,-0.000000000000000000e+00,0.000000000000000000e+00,-0.000000000000000000e+00,-0.000000000000000000e+00,-0.000000000000000000e+00,-0.000000000000000000e+00,-2.239387250728950077e-02,0.000000000000000000e+00,-0.000000000000000000e+00,-0.000000000000000000e+00,-0.000000000000000000e+00,-0.000000000000000000e+00,-0.000000000000000000e+00,-0.000000000000000000e+00,-0.000000000000000000e+00,-2.214041700315683980e-01,-0.000000000000000000e+00,-0.000000000000000000e+00,-0.000000000000000000e+00,-0.000000000000000000e+00,0.000000000000000000e+00,-0.000000000000000000e+00,-0.000000000000000000e+00,-0.000000000000000000e+00,0.000000000000000000e+00,0.000000000000000000e+00
0.000000000000000000e+00,0.000000000000000000e+00,6.905102355612662279e-01,-0.000000000000000000e+00,4.991887049712781521e-01,0.000000000000000000e+00,0.000000000000000000e+00,2.412915986512501831e+00,0.000000000000000000e+00,0.000000000000000000e+00,0.000000000000000000e+00,0.000000000000000000e+00,-1.478051804766154775e-01,1.488125376281163592e-01,0.000000000000000000e+00,0.000000000000000000e+00,0.000000000000000000e+00,2.569280980078548771e-01,1.469654974446694129e-01,0.000000000000000000e+00,0.000000000000000000e+00,0.000000000000000000e+00,3.466618686049464243e-02,0.000000000000000000e+00,0.000000000000000000e+00,0.000000000000000000e+00,0.000000000000000000e+00,0.000000000000000000e+00,0.000000000000000000e+00,0.000000000000000000e+00,0.000000000000000000e+00,0.000000000000000000e+00,0.000000000000000000e+00,3.373083909021723503e-01,0.000000000000000000e+00,7.485518617091122158e-03,0.000000000000000000e+00,0.000000000000000000e+00,1.342770544053639437e-01
-0.000000000000000000e+00,-0.000000000000000000e+00,-0.000000000000000000e+00,-0.000000000000000000e+00,-1.915128491737201344e-01,-0.000000000000000000e+00,-0.000000000000000000e+00,0.000000000000000000e+00,2.465938624585850558e+00,-2.666296086032258206e-01,-0.000000000000000000e+00,-2.599444270881635238e-02,0.000000000000000000e+00,-1.004431215901608193e-01,-0.000000000000000000e+00,-3.289454139343653272e-01,-0.000000000000000000e+00,-0.000000000000000000e+00,-1.604366297328567448e-01,-0.000000000000000000e+00,-0.000000000000000000e+00,-0.000000000000000000e+00,-1.625173056963944429e-01,-0.000000000000000000e+00,-0.000000000000000000e+00,-2.439650981821266662e-01,-1.254354090888701867e-01,-1.555124729324633415e-01,-0.000000000000000000e+00,-1.481255738387366461e-01,-3.010898445413814351e-01,-1.906942287316090168e-01,-0.000000000000000000e+00,-2.628873413722625924e-02,-0.000000000000000000e+00,-0.000000000000000000e+00,-0.000000000000000000e+00,-8.735152898541045929e-02,-4.701864554186245548e-02
-0.000000000000000000e+00,-1.716499540659398859e-01,-1.209136915500715476e-01,-0.000000000000000000e+00,-2.621447669416154466e-02,-0.000000000000000000e+00,-0.000000000000000000e+00,0.000000000000000000e+00,-2.666296086032258206e-01,2.653369171672669946e+00,-0.000000000000000000e+00,-0.000000000000000000e+00,2.320629596274878248e-01,-2.038517755510357299e-01,-0.000000000000000000e+00,-4.244056988898546323e-01,-0.000000000000000000e+00,-0.000000000000000000e+00,-0.000000000000000000e+00,-0.000000000000000000e+00,-0.000000000000000000e+00,-0.000000000000000000e+00,-2.082938087930929771e-01,-5.750194528978191943e-02,-2.160368606054893781e-01,-0.000000000000000000e+00,-4.550401152151905583e-03,-5.470904169028125569e-02,-0.000000000000000000e+00,-7.739547231262605687e-02,-1.424690925655311413e-01,-1.525349104043356996e-01,-0.000000000000000000e+00,-0.000000000000000000e+00,-0.000000000000000000e+00,-0.000000000000000000e+00,-2.433086849312418309e-01,-0.000000000000000000e+00,-1.963268461801792319e-01
0.000000000000000000e+00,-0.000000000000000000e+00,-0.000000000000000000e+00,-0.000000000000000000e+00,-0.000000000000000000e+00,-3.627340681563077096e-01,-0.000000000000000000e+00,0.000000000000000000e+00,-0.000000000000000000e+00,-0.000000000000000000e+00,2.048130547861402029e+00,0.000000000000000000e+00,7.288650213539731026e-02,-0.000000000000000000e+00,2.976860713090347804e-02,-0.000000000000000000e+00,-0.000000000000000000e+00,0.000000000000000000e+00,-0.000000000000000000e+00,-0.000000000000000000e+00,-0.000000000000000000e+00,-0.000000000000000000e+00,-0.000000000000000000e+00,-9.954247538417973495e-02,-0.000000000000000000e+00,-0.000000000000000000e+00,-3.137907085273833330e-01,-0.000000000000000000e+00,-0.000000000000000000e+00,-0.000000000000000000e+00,-7.350390165639748841e-02,-2.296710639436622473e-02,-4.510914638851002967e-01,0.000000000000000000e+00,-1.796014461669645512e-01,0.000000000000000000e+00,-3.333016665583904414e-01,-0.000000000000000000e+00,-0.000000000000000000e+00
-0.000000000000000000e+00,-0.000000000000000000e+00,-0.000000000000000000e+00,0.000000000000000000e+00,-0.000000000000000000e+00,0.000000000000000000e+00,2.746275427706965644e-01,0.000000000000000000e+00,-2.599444270881635238e-02,-0.000000000000000000e+00,0.000000000000000000e+00,1.822262803218491101e+00,0.000000000000000000e+00,-0.000000000000000000e+00,-4.017735664687517305e-01,-0.000000000000000000e+00,0.000000000000000000e+00,-0.000000000000000000e+00,-0.000000000000000000e+00,0.000000000000000000e+00,-0.000000000000000000e+00,-0.000000000000000000e+00,-0.000000000000000000e+00,-0.000000000000000000e+00,-0.000000000000000000e+00,-0.000000000000000000e+00,-0.000000000000000000e+00,-0.000000000000000000e+00,0.000000000000000000e+00,-0.000000000000000000e+00,-0.000000000000000000e+00,-0.000000000000000000e+00,0.000000000000000000e+00,-4.197805877245002204e-01,-0.000000000000000000e+00,-8.992587292991829906e-02,-0.000000000000000000e+00,-2.406595798132354080e-01,-4.164097958515363129e-01
0.000000000000000000e+00,0.000000000000000000e+00,1.569835534639754115e-01,-0.000000000000000000e+00,0.000000000000000000e+00,0.000000000000000000e+00,-0.000000000000000000e+00,-1.478051804766154775e-01,0.000000000000000000e+00,2.320629596274878248e-01,7.288650213539731026e-02,0.000000000000000000e+00,1.877242705050811367e+00,2.970067326679010425e-02,-0.000000000000000000e+00,0.000000000000000000e+00,0.000000000000000000e+00,0.000000000000000000e+00,0.000000000000000000e+00,0.000000000000000000e+00,1.053280675615271209e-02,0.000000000000000000e+00,0.000000000000000000e+00,0.000000000000000000e+00,0.000000000000000000e+00,0.000000000000000000e+00,1.221420458703440237e-01,1.102496648113894390e-01,0.000000000000000000e+00,0.000000000000000000e+00,6.588176216552293907e-01,0.000000000000000000e+00,0.000000000000000000e+00,1.138520902734267888e-04,0.000000000000000000e+00,0.000000000000000000e+00,3.977897944603858010e-02,0.000000000000000000e+00,1.990868471260961656e-02
-0.000000000000000000e+00,-6.239092939685012690e-02,-1.482541543815679708e-01,-0.000000000000000000e+00,-1.637458426548327739e-01,-0.000000000000000000e+00,-0.000000000000000000e+00,1.488125376281163592e-01,-1.004431215901608193e-01,-2.038517755510357299e-01,-0.000000000000000000e+00,-0.000000000000000000e+00,2.970067326679010425e-02,2.394415012810985122e+00,-0.000000000000000000e+00,-3.266124023480224126e-01,0.000000000000000000e+00,-6.403275154207620570e-03,-1.932861638239474766e-01,-0.000000000000000000e+00,-0.000000000000000000e+00,-0.000000000000000000e+00,-2.319692451641426623e-01,-0.000000000000000000e+00,-1.597783122067971961e-01,-7.644454355499316622e-02,-0.000000000000000000e+00,-2.212374845969692153e-02,-0.000000000000000000e+00,-0.000000000000000000e+00,-2.996459422186068672e-02,-1.515109593790953391e-01,-0.000000000000000000e+00,-0.000000000000000000e+00,-0.000000000000000000e+00,-5.837231800254734371e-02,-3.295783892814106442e-01,-0.000000000000000000e+00,-1.204030505152146012e-02
-1.648203701384911568e-01,-0.000000000000000000e+00,0.000000000000000000e+00,2.562849333390406215e-01,-0.000000000000000000e+00,0.000000000000000000e+00,0.000000000000000000e+00,0.000000000000000000e+00,-0.000000000000000000e+00,-0.000000000000000000e+00,2.976860713090347804e-02,-4.017735664687517305e-01,-0.000000000000000000e+00,-0.000000000000000000e+00,1.457061902520338403e+00,-0.000000000000000000e+00,1.149215231186477559e-02,-0.000000000000000000e+00,-0.000000000000000000e+00,0.000000000000000000e+00,-0.000000000000000000e+00,-0.000000000000000000e+00,-0.000000000000000000e+00,-0.000000000000000000e+00,-0.000000000000000000e+00,-0.000000000000000000e+00,0.000000000000000000e+00,-0.000000000000000000e+00,-0.000000000000000000e+00,-0.000000000000000000e+00,0.000000000000000000e+00,-0.000000000000000000e+00,0.000000000000000000e+00,-1.300673412825428532e-01,0.000000000000000000e+00,-0.000000000000000000e+00,0.000000000000000000e+00,-2.715102535547338491e-01,-0.000000000000000000e+00
-4.880008712560843925e-02,-2.379878815521291324e-01,-0.000000000000000000e+00,-0.000000000000000000e+00,-0.000000000000000000e+00,-0.000000000000000000e+00,-0.000000000000000000e+00,0.000000000000000000e+00,-3.289454139343653272e-01,-4.244056988898546323e-01,-0.000000000000000000e+00,-0.000000000000000000e+00,0.000000000000000000e+00,-3.266124023480224126e-01,-0.000000000000000000e+00,2.478005261135226789e+00,0.000000000000000000e+00,-0.000000000000000000e+00,-0.000000000000000000e+00,-0.000000000000000000e+00,-0.000000000000000000e+00,-0.000000000000000000e+00,-1.701411859491696599e-01,-0.000000000000000000e+00,-2.079660315429094145e-02,-0.000000000000000000e+00,-0.000000000000000000e+00,-0.000000000000000000e+00,-0.000000000000000000e+00,-1.712763881033250724e-01,-0.000000000000000000e+00,-1.040604906174599081e-01,-0.000000000000000000e+00,-3.705392626892725638e-02,-0.000000000000000000e+00,-2.786872376804612750e-01,-0.000000000000000000e+00,-1.547970687337439644e-01,-2.450828815315190534e-01
0.000000000000000000e+00,0.000000000000000000e+00,-0.000000000000000000e+00,-0.000000000000000000e+00,-0.000000000000000000e+00,0.000000000000000000e+00,-0.000000000000000000e+00,0.000000000000000000e+00,-0.000000000000000000e+00,-0.000000000000000000e+00,-0.000000000000000000e+00,0.000000000000000000e+00,0.000000000000000000e+00,0.000000000000000000e+00,1.149215231186477559e-02,0.000000000000000000e+00,1.000715995351481258e+00,-0.000000000000000000e+00,0.000000000000000000e+00,0.000000000000000000e+00,0.000000000000000000e+00,0.000000000000000000e+00,-0.000000000000000000e+00,-0.000000000000000000e+00,0.000000000000000000e+00,-0.000000000000000000e+00,-2.658605436380430745e-02,-0.000000000000000000e+00,-0.000000000000000000e+00,0.000000000000000000e+00,-0.000000000000000000e+00,-0.000000000000000000e+00,-0.000000000000000000e+00,0.000000000000000000e+00,-0.000000000000000000e+00,0.000000000000000000e+00,-0.000000000000000000e+00,0.000000000000000000e+00,0.000000000000000000e+00
-7.496803477412249117e-02,-2.239246623851249771e-02,-8.790781472382513950e-02,-0.000000000000000000e+00,-4.499089448293931426e-01,0.000000000000000000e+00,-0.000000000000000000e+00,2.569280980078548771e-01,-0.000000000000000000e+00,-0.000000000000000000e+00,0.000000000000000000e+00,-0.000000000000000000e+00,0.000000000000000000e+00,-6.403275154207620570e-03,-0.000000000000000000e+00,-0.000000000000000000e+00,-0.000000000000000000e+00,1.716891099874856996e+00,-4.017870604795119038e-01,-0.000000000000000000e+00,-0.000000000000000000e+00,-0.000000000000000000e+00,-0.000000000000000000e+00,-0.000000000000000000e+00,-0.000000000000000000e+00,-0.000000000000000000e+00,-0.000000000000000000e+00,-0.000000000000000000e+00,-0.000000000000000000e+00,-0.000000000000000000e+00,-0.000000000000000000e+00,-0.000000000000000000e+00,0.000000000000000000e+00,-0.000000000000000000e+00,-0.000000000000000000e+00,-9.399164462539962017e-02,-0.000000000000000000e+00,-0.000000000000000000e+00,-0.000000000000000000e+00
-0.000000000000000000e+00,-0.000000000000000000e+00,-2.055021158391242275e-01,-0.000000000000000000e+00,-1.596119553268943170e-01,-0.000000000000000000e+00,-0.000000000000000000e+00,1.469654974446694129e-01,-1.604366297328567448e-01,-0.000000000000000000e+00,-0.000000000000000000e+00,-0.000000000000000000e+00,0.000000000000000000e+00,-1.932861638239474766e-01,-0.000000000000000000e+00,-0.000000000000000000e+00,0.000000000000000000e+00,-4.017870604795119038e-01,2.027411933327693649e+00,-0.000000000000000000e+00,-0.000000000000000000e+00,-0.000000000000000000e+00,-6.272890926775538667e-02,-0.000000000000000000e+00,-0.000000000000000000e+00,-2.458100453292939511e-02,-0.000000000000000000e+00,-8.982959357993505756e-02,-0.000000000000000000e+00,-3.111542864533148670e-02,-0.000000000000000000e+00,-8.891332327542876557e-02,-0.000000000000000000e+00,-3.821330554421173975e-01,-0.000000000000000000e+00,-0.000000000000000000e+00,-0.000000000000000000e+00,-0.000000000000000000e+00,-0.000000000000000000e+00
-0.000000000000000000e+00,-0.000000000000000000e+00,-0.000000000000000000e+00,-1.411619564985334974e-02,-0.000000000000000000e+00,-6.048482819963513744e-03,-2.239387250728950077e-02,0.000000000000000000e+00,-0.000000000000000000e+00,-0.000000000000000000e+00,-0.000000000000000000e+00,0.000000000000000000e+00,0.000000000000000000e+00,-0.000000000000000000e+00,0.000000000000000000e+00,-0.000000000000000000e+00,0.000000000000000000e+00,-0.000000000000000000e+00,-0.000000000000000000e+00,1.374440004038031349e+00,-7.833283224516802631e-03,-4.440647223451222314e-01,-0.000000000000000000e+00,-1.937257433905920784e-02,-0.000000000000000000e+00,-0.000000000000000000e+00,-0.000000000000000000e+00,-0.000000000000000000e+00,-0.000000000000000000e+00,-0.000000000000000000e+00,-0.000000000000000000e+00,-0.000000000000000000e+00,-3.426190823512292871e-01,-0.000000000000000000e+00,-0.000000000000000000e+00,0.000000000000000000e+00,-0.000000000000000000e+00,0.000000000000000000e+00,-0.000000000000000000e+00
-0.000000000000000000e+00,-0.000000000000000000e+00,-0.000000000000000000e+00,0.000000000000000000e+00,-0.000000000000000000e+00,-1.851722020314005568e-01,0.000000000000000000e+00,0.000000000000000000e+00,-0.000000000000000000e+00,-0.000000000000000000e+00,-0.000000000000000000e+00,-0.000000000000000000e+00,1.053280675615271209e-02,-0.000000000000000000e+00,-0.000000000000000000e+00,-0.000000000000000000e+00,0.000000000000000000e+00,-0.000000000000000000e+00,-0.000000000000000000e+00,-7.833283224516802631e-03,1.552646565108501076e+00,-4.904995301130876117e-01,-5.217472151202485336e-02,-1.961218063526564415e-01,-0.000000000000000000e+00,-0.000000000000000000e+00,-0.000000000000000000e+00,-1.977716720590571853e-01,-0.000000000000000000e+00,-0.000000000000000000e+00,-0.000000000000000000e+00,-0.000000000000000000e+00,-3.953525260009882469e-02,-0.000000000000000000e+00,-0.000000000000000000e+00,-0.000000000000000000e+00,-0.000000000000000000e+00,-0.000000000000000000e+00,-0.000000000000000000e+00
-0.000000000000000000e+00,-0.000000000000000000e+00,-0.000000000000000000e+00,-0.000000000000000000e+00,-0.000000000000000000e+00,-2.962683789106144300e-02,-0.000000000000000000e+00,0.000000000000000000e+00,-0.000000000000000000e+00,-0.000000000000000000e+00,-0.000000000000000000e+00,-0.000000000000000000e+00,0.000000000000000000e+00,-0.000000000000000000e+00,-0.000000000000000000e+00,-0.000000000000000000e+00,0.000000000000000000e+00,-0.000000000000000000e+00,-0.000000000000000000e+00,-4.440647223451222314e-01,-4.904995301130876117e-01,2.081909908805355869e+00,-0.000000000000000000e+00,-2.433976511540630050e-01,-1.407234237801953392e-01,-0.000000000000000000e+00,-0.000000000000000000e+00,-2.457940808338024419e-01,-1.392675224756165404e-02,-3.098976997707405048e-02,-9.303458874678470492e-02,-8.164685694148689221e-02,-2.683170907306548503e-01,-0.000000000000000000e+00,-4.529632254703865740e-02,-0.000000000000000000e+00,-0.000000000000000000e+00,-0.000000000000000000e+00,-0.000000000000000000e+00
-5.913058482286284029e-02,-1.511023873930579520e-01,-0.000000000000000000e+00,0.000000000000000000e+00,-8.537730539680889186e-02,-0.000000000000000000e+00,-0.000000000000000000e+00,3.466618686049464243e-02,-1.625173056963944429e-01,-2.082938087930929771e-01,-0.000000000000000000e+00,-0.000000000000000000e+00,0.000000000000000000e+00,-2.319692451641426623e-01,-0.000000000000000000e+00,-1.701411859491696599e-01,-0.000000000000000000e+00,-0.000000000000000000e+00,-6.272890926775538667e-02,-0.000000000000000000e+00,-5.217472151202485336e-02,-0.000000000000000000e+00,2.388898910553944432e+00,-1.713076934998954692e-01,-2.044230593083517789e-01,-2.539306906690153021e-01,-0.000000000000000000e+00,-1.219889215821545608e-01,-0.000000000000000000e+00,-1.455398705880239785e-01,-0.000000000000000000e+00,-1.435242872575974160e-01,-0.000000000000000000e+00,-0.000000000000000000e+00,-0.000000000000000000e+00,-0.000000000000000000e+00,-0.000000000000000000e+00,-1.371444041181843210e-01,-1.022921114389115510e-01
-0.000000000000000000e+00,-0.000000000000000000e+00,-0.000000000000000000e+00,-0.000000000000000000e+00,-0.000000000000000000e+00,-2.143809352144408764e-02,-0.000000000000000000e+00,0.000000000000000000e+00,-0.000000000000000000e+00,-5.750194528978191943e-02,-9.954247538417973495e-02,-0.000000000000000000e+00,0.000000000000000000e+00,-0.000000000000000000e+00,-0.000000000000000000e+00,-0.000000000000000000e+00,-0.000000000000000000e+00,-0.000000000000000000e+00,-0.000000000000000000e+00,-1.937257433905920784e-02,-1.961218063526564415e-01,-2.433976511540630050e-01,-1.713076934998954692e-01,2.110406112518880661e+00,-3.639166140042541797e-01,-0.000000000000000000e+00,-0.000000000000000000e+00,-1.611698689985251454e-01,-1.371452123109945243e-01,-0.000000000000000000e+00,-9.474317995811125381e-02,-0.000000000000000000e+00,-2.489995175364875246e-01,-0.000000000000000000e+00,-1.598561734515179522e-01,-0.000000000000000000e+00,-1.275278486538347633e-01,-0.000000000000000000e+00,-0.000000000000000000e+00
-2.907343194518332077e-02,-1.210918799122834427e-01,-3.274468851861593588e-02,-0.000000000000000000e+00,-0.000000000000000000e+00,-0.000000000000000000e+00,-0.000000000000000000e+00,0.000000000000000000e+00,-0.000000000000000000e+00,-2.160368606054893781e-01,-0.000000000000000000e+00,-0.000000000000000000e+00,0.000000000000000000e+00,-1.597783122067971961e-01,-0.000000000000000000e+00,-2.079660315429094145e-02,0.000000000000000000e+00,-0.000000000000000000e+00,-0.000000000000000000e+00,-0.000000000000000000e+00,-0.000000000000000000e+00,-1.407234237801953392e-01,-2.044230593083517789e-01,-3.639166140042541797e-01,2.046937650110919993e+00,-0.000000000000000000e+00,-0.000000000000000000e+00,-1.474487447604835577e-01,-2.215778838578179866e-01,-2.840719966627127113e-01,-0.000000000000000000e+00,-0.000000000000000000e+00,-0.000000000000000000e+00,-0.000000000000000000e+00,-0.000000000000000000e+00,-0.000000000000000000e+00,-0.000000000000000000e+00,-0.000000000000000000e+00,-5.776767565524418974e-02
-7.867386926229345823e-02,-0.000000000000000000e+00,-0.000000000000000000e+00,0.000000000000000000e+00,-1.358228593420137409e-01,-0.000000000000000000e+00,-0.000000000000000000e+00,0.000000000000000000e+00,-2.439650981821266662e-01,-0.000000000000000000e+00,-0.000000000000000000e+00,-0.000000000000000000e+00,0.000000000000000000e+00,-7.644454355499316622e-02,-0.000000000000000000e+00,-0.000000000000000000e+00,-0.000000000000000000e+00,-0.000000000000000000e+00,-2.458100453292939511e-02,-0.000000000000000000e+00,-0.000000000000000000e+00,-0.000000000000000000e+00,-2.539306906690153021e-01,-0.000000000000000000e+00,-0.000000000000000000e+00,2.250492949562697742e+00,-2.322926697439733346e-01,-4.577306866890055170e-01,-3.902851677411642989e-02,-0.000000000000000000e+00,-1.340723045414343728e-01,-1.518331950319962327e-02,-0.000000000000000000e+00,-0.000000000000000000e+00,-2.303329802580515451e-01,-0.000000000000000000e+00,-0.000000000000000000e+00,-3.525838659214472481e-01,-0.000000000000000000e+00
-0.000000000000000000e+00,-0.000000000000000000e+00,-0.000000000000000000e+00,-0.000000000000000000e+00,-0.000000000000000000e+00,-0.000000000000000000e+00,-0.000000000000000000e+00,0.000000000000000000e+00,-1.254354090888701867e-01,-4.550401152151905583e-03,-3.137907085273833330e-01,-0.000000000000000000e+00,1.221420458703440237e-01,-0.000000000000000000e+00,0.000000000000000000e+00,-0.000000000000000000e+00,-2.658605436380430745e-02,-0.000000000000000000e+00,-0.000000000000000000e+00,-0.000000000000000000e+00,-0.000000000000000000e+00,-0.000000000000000000e+00,-0.000000000000000000e+00,-0.000000000000000000e+00,-0.000000000000000000e+00,-2.322926697439733346e-01,2.003434597556625452e+00,-0.000000000000000000e+00,-0.000000000000000000e+00,-0.000000000000000000e+00,-3.612988647372957218e-01,-2.712448158615881622e-01,-2.547618046935056224e-01,-0.000000000000000000e+00,-5.598352222683139479e-02,-0.000000000000000000e+00,-1.024410867456160001e-01,-0.000000000000000000e+00,-0.000000000000000000e+00
-0.000000000000000000e+00,-0.000000000000000000e+00,-3.449468309739215921e-01,0.000000000000000000e+00,-0.000000000000000000e+00,-0.000000000000000000e+00,-0.000000000000000000e+00,0.000000000000000000e+00,-1.555124729324633415e-01,-5.470904169028125569e-02,-0.000000000000000000e+00,-0.000000000000000000e+00,1.102496648113894390e-01,-2.212374845969692153e-02,-0.000000000000000000e+00,-0.000000000000000000e+00,-0.000000000000000000e+00,-0.000000000000000000e+00,-8.982959357993505756e-02,-0.000000000000000000e+00,-1.977716720590571853e-01,-2.457940808338024419e-01,-1.219889215821545608e-01,-1.611698689985251454e-01,-1.474487447604835577e-01,-4.577306866890055170e-01,-0.000000000000000000e+00,2.528692778572843469e+00,-0.000000000000000000e+00,-0.000000000000000000e+00,-4.361791641826511245e-01,-0.000000000000000000e+00,-0.000000000000000000e+00,-1.486862737038733839e-01,-0.000000000000000000e+00,-0.000000000000000000e+00,-0.000000000000000000e+00,-0.000000000000000000e+00,-0.000000000000000000e+00
-1.174581250372295910e-01,-0.000000000000000000e+00,-0.000000000000000000e+00,-0.000000000000000000e+00,-0.000000000000000000e+00,-2.773763405956843897e-01,-2.214041700315683980e-01,0.000000000000000000e+00,-0.000000000000000000e+00,-0.000000000000000000e+00,-0.000000000000000000e+00,0.000000000000000000e+00,0.000000000000000000e+00,-0.000000000000000000e+00,-0.000000000000000000e+00,-0.000000000000000000e+00,-0.000000000000000000e+00,-0.000000000000000000e+00,-0.000000000000000000e+00,-0.000000000000000000e+00,-0.000000000000000000e+00,-1.392675224756165404e-02,-0.000000000000000000e+00,-1.371452123109945243e-01,-2.215778838578179866e-01,-3.902851677411642989e-02,-0.000000000000000000e+00,-0.000000000000000000e+00,1.771212587825057305e+00,-5.641680386343610187e-02,-0.000000000000000000e+00,-0.000000000000000000e+00,-1.877572551919343136e-01,0.000000000000000000e+00,-3.586499488023798254e-01,-0.000000000000000000e+00,-1.103909195254186848e-01,-0.000000000000000000e+00,-0.000000000000000000e+00
-4.605041713239904633e-01,-1.066134225888956955e-01,-0.000000000000000000e+00,-0.000000000000000000e+00,-0.000000000000000000e+00,-0.000000000000000000e+00,-0.000000000000000000e+00,0.000000000000000000e+00,-1.481255738387366461e-01,-7.739547231262605687e-02,-0.000000000000000000e+00,-0.000000000000000000e+00,0.000000000000000000e+00,-0.000000000000000000e+00,-0.000000000000000000e+00,-1.712763881033250724e-01,0.000000000000000000e+00,-0.000000000000000000e+00,-3.111542864533148670e-02,-0.000000000000000000e+00,-0.000000000000000000e+00,-3.098976997707405048e-02,-1.455398705880239785e-01,-0.000000000000000000e+00,-2.840719966627127113e-01,-0.000000000000000000e+00,-0.000000000000000000e+00,-0.000000000000000000e+00,-5.641680386343610187e-02,1.768326046636487181e+00,-0.000000000000000000e+00,-0.000000000000000000e+00,-0.000000000000000000e+00,-8.148463659045068405e-03,-0.000000000000000000e+00,-0.000000000000000000e+00,-0.000000000000000000e+00,-0.000000000000000000e+00,-0.000000000000000000e+00
-0.000000000000000000e+00,-0.000000000000000000e+00,-9.757641399974215091e-02,-0.000000000000000000e+00,-0.000000000000000000e+00,-0.000000000000000000e+00,-0.000000000000000000e+00,0.000000000000000000e+00,-3.010898445413814351e-01,-1.424690925655311413e-01,-7.350390165639748841e-02,-0.000000000000000000e+00,6.588176216552293907e-01,-2.996459422186068672e-02,0.000000000000000000e+00,-0.000000000000000000e+00,-0.000000000000000000e+00,-0.000000000000000000e+00,-0.000000000000000000e+00,-0.000000000000000000e+00,-0.000000000000000000e+00,-9.303458874678470492e-02,-0.000000000000000000e+00,-9.474317995811125381e-02,-0.000000000000000000e+00,-1.340723045414343728e-01,-3.612988647372957218e-01,-4.361791641826511245e-01,-0.000000000000000000e+00,-0.000000000000000000e+00,2.676361034006075723e+00,-4.570645991006740128e-02,-1.815252266977831208e-01,-0.000000000000000000e+00,-8.767213546608423891e-02,-0.000000000000000000e+00,-8.119458298429456378e-02,-0.000000000000000000e+00,-0.000000000000000000e+00
-0.000000000000000000e+00,-1.836623424130626181e-01,-0.000000000000000000e+00,-0.000000000000000000e+00,-0.000000000000000000e+00,-0.000000000000000000e+00,-0.000000000000000000e+00,0.000000000000000000e+00,-1.906942287316090168e-01,-1.525349104043356996e-01,-2.296710639436622473e-02,-0.000000000000000000e+00,0.000000000000000000e+00,-1.515109593790953391e-01,-0.000000000000000000e+00,-1.040604906174599081e-01,-0.000000000000000000e+00,-0.000000000000000000e+00,-8.891332327542876557e-02,-0.000000000000000000e+00,-0.000000000000000000e+00,-8.164685694148689221e-02,-1.435242872575974160e-01,-0.000000000000000000e+00,-0.000000000000000000e+00,-1.518331950319962327e-02,-2.712448158615881622e-01,-0.000000000000000000e+00,-0.000000000000000000e+00,-0.000000000000000000e+00,-4.570645991006740128e-02,2.193559106881064480e+00,-0.000000000000000000e+00,-0.000000000000000000e+00,-8.901011007358647364e-02,-0.000000000000000000e+00,-5.338548586031711674e-01,-0.000000000000000000e+00,-6.352009685509243941e-02
-0.000000000000000000e+00,-0.000000000000000000e+00,-0.000000000000000000e+00,-7.647806832365000584e-02,-0.000000000000000000e+00,-9.381278955403465902e-02,-0.000000000000000000e+00,0.000000000000000000e+00,-0.000000000000000000e+00,-0.000000000000000000e+00,-4.510914638851002967e-01,0.000000000000000000e+00,0.000000000000000000e+00,-0.000000000000000000e+00,0.000000000000000000e+00,-0.000000000000000000e+00,-0.000000000000000000e+00,0.000000000000000000e+00,-0.000000000000000000e+00,-3.426190823512292871e-01,-3.953525260009882469e-02,-2.683170907306548503e-01,-0.000000000000000000e+00,-2.489995175364875246e-01,-0.000000000000000000e+00,-0.000000000000000000e+00,-2.547618046935056224e-01,-0.000000000000000000e+00,-1.877572551919343136e-01,-0.000000000000000000e+00,-1.815252266977831208e-01,-0.000000000000000000e+00,2.411337747911939111e+00,0.000000000000000000e+00,-2.815795687845098483e-01,0.000000000000000000e+00,-2.176106573543388489e-01,-0.000000000000000000e+00,-0.000000000000000000e+00
-0.000000000000000000e+00,-0.000000000000000000e+00,-1.196559503113022310e-01,0.000000000000000000e+00,-4.026595253993356729e-03,0.000000000000000000e+00,0.000000000000000000e+00,3.373083909021723503e-01,-2.628873413722625924e-02,-0.000000000000000000e+00,0.000000000000000000e+00,-4.197805877245002204e-01,1.138520902734267888e-04,-0.000000000000000000e+00,-1.300673412825428532e-01,-3.705392626892725638e-02,0.000000000000000000e+00,-0.000000000000000000e+00,-3.821330554421173975e-01,-0.000000000000000000e+00,-0.000000000000000000e+00,-0.000000000000000000e+00,-0.000000000000000000e+00,-0.000000000000000000e+00,-0.000000000000000000e+00,-0.000000000000000000e+00,-0.000000000000000000e+00,-1.486862737038733839e-01,0.000000000000000000e+00,-8.148463659045068405e-03,-0.000000000000000000e+00,-0.000000000000000000e+00,0.000000000000000000e+00,1.841417376391814020e+00,0.000000000000000000e+00,-0.000000000000000000e+00,-0.000000000000000000e+00,-0.000000000000000000e+00,-9.822310961599231560e-02
-0.000000000000000000e+00,-0.000000000000000000e+00,-0.000000000000000000e+00,-0.000000000000000000e+00,-0.000000000000000000e+00,-5.134910340942653306e-01,-0.000000000000000000e+00,0.000000000000000000e+00,-0.000000000000000000e+00,-0.000000000000000000e+00,-1.796014461669645512e-01,-0.000000000000000000e+00,0.000000000000000000e+00,-0.000000000000000000e+00,0.000000000000000000e+00,-0.000000000000000000e+00,-0.000000000000000000e+00,-0.000000000000000000e+00,-0.000000000000000000e+00,-0.000000000000000000e+00,-0.000000000000000000e+00,-4.529632254703865740e-02,-0.000000000000000000e+00,-1.598561734515179522e-01,-0.000000000000000000e+00,-2.303329802580515451e-01,-5.598352222683139479e-02,-0.000000000000000000e+00,-3.586499488023798254e-01,-0.000000000000000000e+00,-8.767213546608423891e-02,-8.901011007358647364e-02,-2.815795687845098483e-01,0.000000000000000000e+00,2.303964553812982263e+00,-0.000000000000000000e+00,-3.293570881635859426e-01,-0.000000000000000000e+00,-0.000000000000000000e+00
-2.589403070775109228e-01,-1.868361025573777590e-01,-0.000000000000000000e+00,0.000000000000000000e+00,-0.000000000000000000e+00,0.000000000000000000e+00,-0.000000000000000000e+00,7.485518617091122158e-03,-0.000000000000000000e+00,-0.000000000000000000e+00,0.000000000000000000e+00,-8.992587292991829906e-02,0.000000000000000000e+00,-5.837231800254734371e-02,-0.000000000000000000e+00,-2.786872376804612750e-01,0.000000000000000000e+00,-9.399164462539962017e-02,-0.000000000000000000e+00,0.000000000000000000e+00,-0.000000000000000000e+00,-0.000000000000000000e+00,-0.000000000000000000e+00,-0.000000000000000000e+00,-0.000000000000000000e+00,-0.000000000000000000e+00,-0.000000000000000000e+00,-0.000000000000000000e+00,-0.000000000000000000e+00,-0.000000000000000000e+00,-0.000000000000000000e+00,-0.000000000000000000e+00,0.000000000000000000e+00,-0.000000000000000000e+00,-0.000000000000000000e+00,1.657814182726014218e+00,-0.000000000000000000e+00,-0.000000000000000000e+00,-3.674877707312876884e-01
-0.000000000000000000e+00,-0.000000000000000000e+00,-0.000000000000000000e+00,-5.238809861552250896e-02,-0.000000000000000000e+00,-2.084095052227319042e-02,-0.000000000000000000e+00,0.000000000000000000e+00,-0.000000000000000000e+00,-2.433086849312418309e-01,-3.333016665583904414e-01,-0.000000000000000000e+00,3.977897944603858010e-02,-3.295783892814106442e-01,0.000000000000000000e+00,-0.000000000000000000e+00,-0.000000000000000000e+00,-0.000000000000000000e+00,-0.000000000000000000e+00,-0.000000000000000000e+00,-0.000000000000000000e+00,-0.000000000000000000e+00,-0.000000000000000000e+00,-1.275278486538347633e-01,-0.000000000000000000e+00,-0.000000000000000000e+00,-1.024410867456160001e-01,-0.000000000000000000e+00,-1.103909195254186848e-01,-0.000000000000000000e+00,-8.119458298429456378e-02,-5.338548586031711674e-01,-2.176106573543388489e-01,-0.000000000000000000e+00,-3.293570881635859426e-01,-0.000000000000000000e+00,2.435452713904552091e+00,-0.000000000000000000e+00,-0.000000000000000000e+00
-2.532007408975515128e-01,-0.000000000000000000e+00,-0.000000000000000000e+00,0.000000000000000000e+00,-0.000000000000000000e+00,-0.000000000000000000e+00,0.000000000000000000e+00,0.000000000000000000e+00,-8.735152898541045929e-02,-0.000000000000000000e+00,-0.000000000000000000e+00,-2.406595798132354080e-01,0.000000000000000000e+00,-0.000000000000000000e+00,-2.715102535547338491e-01,-1.547970687337439644e-01,0.000000000000000000e+00,-0.000000000000000000e+00,-0.000000000000000000e+00,0.000000000000000000e+00,-0.000000000000000000e+00,-0.000000000000000000e+00,-1.371444041181843210e-01,-0.000000000000000000e+00,-0.000000000000000000e+00,-3.525838659214472481e-01,-0.000000000000000000e+00,-0.000000000000000000e+00,-0.000000000000000000e+00,-0.000000000000000000e+00,-0.000000000000000000e+00,-0.000000000000000000e+00,-0.000000000000000000e+00,-0.000000000000000000e+00,-0.000000000000000000e+00,-0.000000000000000000e+00,-0.000000000000000000e+00,1.692865105683092786e+00,-1.170548937357132266e-02
-1.909743618872102311e-01,-4.831119297360754183e-01,-0.000000000000000000e+00,0.000000000000000000e+00,-0.000000000000000000e+00,-0.000000000000000000e+00,0.000000000000000000e+00,1.342770544053639437e-01,-4.701864554186245548e-02,-1.963268461801792319e-01,-0.000000000000000000e+00,-4.164097958515363129e-01,1.990868471260961656e-02,-1.204030505152146012e-02,-0.000000000000000000e+00,-2.450828815315190534e-01,0.000000000000000000e+00,-0.000000000000000000e+00,-0.000000000000000000e+00,-0.000000000000000000e+00,-0.000000000000000000e+00,-0.000000000000000000e+00,-1.022921114389115510e-01,-0.000000000000000000e+00,-5.776767565524418974e-02,-0.000000000000000000e+00,-0.000000000000000000e+00,-0.000000000000000000e+00,-0.000000000000000000e+00,-0.000000000000000000e+00,-0.000000000000000000e+00,-6.352009685509243941e-02,-0.000000000000000000e+00,-9.822310961599231560e-02,-0.000000000000000000e+00,-3.674877707312876884e-01,-0.000000000000000000e+00,-1.170548937357132266e-02,2.344194329389075460e+00
