1.722929781248764280e+00,-1.946478620332950105e-01,-0.000000000000000000e+00,-0.000000000000000000e+00,-0.000000000000000000e+00,0.000000000000000000e+00,-0.000000000000000000e+00,1.831490943420567216e-02,-2.053130840601051499e-01,-0.000000000000000000e+00,0.000000000000000000e+00,-0.000000000000000000e+00,0.000000000000000000e+00,-0.000000000000000000e+00,-0.000000000000000000e+00,-3.637390759711661148e-01,-0.000000000000000000e+00,-0.000000000000000000e+00,-0.000000000000000000e+00,-0.000000000000000000e+00,-0.000000000000000000e+00,-0.000000000000000000e+00,0.000000000000000000e+00,-0.000000000000000000e+00,-0.000000000000000000e+00,-5.996398063189264382e-01,0.000000000000000000e+00,-9.646580420634288944e-02,-1.509612830244983217e-01,-5.973399475645064377e-02,0.000000000000000000e+00,-0.000000000000000000e+00,-0.000000000000000000e+00,-0.000000000000000000e+00,-3.617753612250203255e-03,-0.000000000000000000e+00,0.000000000000000000e+00,-3.397452964910200462e-02,0.000000000000000000e+00
-1.946478620332950105e-01,1.869401922439177355e+00,-0.000000000000000000e+00,-0.000000000000000000e+00,-0.000000000000000000e+00,-0.000000000000000000e+00,-1.163860911436260526e-01,0.000000000000000000e+00,-0.000000000000000000e+00,-1.397436772708539332e-01,-1.479060812558372351e-01,-6.829858953382622611e-02,2.177856231321134706e-01,-0.000000000000000000e+00,-0.000000000000000000e+00,-0.000000000000000000e+00,-0.000000000000000000e+00,2.354412747983046852e-02,0.000000000000000000e+00,0.000000000000000000e+00,-0.000000000000000000e+00,-0.000000000000000000e+00,-0.000000000000000000e+00,-0.000000000000000000e+00,-2.998569672089996807e-01,-0.000000000000000000e+00,-2.356986344381500897e-02,-0.000000000000000000e+00,-1.644118814593514832e-01,-1.623066826085460268e-01,-1.609225694144708896e-01,-2.597626672025107886e-01,-0.000000000000000000e+00,-0.000000000000000000e+00,0.000000000000000000e+00,-1.636258420349965270e-01,-0.000000000000000000e+00,-0.000000000000000000e+00,-1.459488449122764431e-01
-0.000000000000000000e+00,-0.000000000000000000e+00,2.913988441895740245e+00,-0.000000000000000000e+00,-4.679226553094076868e-01,0.000000000000000000e+00,-0.000000000000000000e+00,1.411769230144897413e+00,-2.350864140424016200e-04,-0.000000000000000000e+00,0.000000000000000000e+00,-0.000000000000000000e+00,0.000000000000000000e+00,-0.000000000000000000e+00,0.000000000000000000e+00,-1.334620515499097826e-01,0.000000000000000000e+00,-0.000000000000000000e+00,-0.000000000000000000e+00,0.000000000000000000e+00,-3.058226105686296936e-01,-1.939715599163644444e-01,-0.000000000000000000e+00,-0.000000000000000000e+00,-0.000000000000000000e+00,-0.000000000000000000e+00,-0.000000000000000000e+00,-2.675887009886563361e-01,-0.000000000000000000e+00,-2.079279159180526526e-01,-3.098277224323267576e-02,-0.000000000000000000e+00,-4.017032069070290007e-02,-1.089123618947638317e-01,-0.000000000000000000e+00,-0.000000000000000000e+00,-0.000000000000000000e+00,-0.000000000000000000e+00,-0.000000000000000000e+00
-0.000000000000000000e+00,-0.000000000000000000e+00,-0.000000000000000000e+00,2.059839676200617031e+00,0.000000000000000000e+00,0.000000000000000000e+00,-0.000000000000000000e+00,0.000000000000000000e+00,-0.000000000000000000e+00,0.000000000000000000e+00,7.559374920398248543e-02,-2.090684022805970321e-01,0.000000000000000000e+00,0.000000000000000000e+00,-0.000000000000000000e+00,-0.000000000000000000e+00,1.103412795883255276e-01,-0.000000000000000000e+00,-4.733992730253284154e-01,-4.762242998998790777e-01,-2.913761735202242131e-01,-0.000000000000000000e+00,-0.000000000000000000e+00,-0.000000000000000000e+00,-0.000000000000000000e+00,-6.340635508848052604e-02,-0.000000000000000000e+00,-6.138451084092700905e-01,-0.000000000000000000e+00,0.000000000000000000e+00,0.000000000000000000e+00,-0.000000000000000000e+00,-0.000000000000000000e+00,0.000000000000000000e+00,0.000000000000000000e+00,2.242465536446428820e-01,0.000000000000000000e+00,-0.000000000000000000e+00,-0.000000000000000000e+00
-0.000000000000000000e+00,-0.000000000000000000e+00,-4.679226553094076868e-01,0.000000000000000000e+00,2.687974145249774072e+00,0.000000000000000000e+00,0.000000000000000000e+00,5.470965147971708076e-01,-0.000000000000000000e+00,-0.000000000000000000e+00,-0.000000000000000000e+00,-0.000000000000000000e+00,0.000000000000000000e+00,-4.273475861175264345e-01,0.000000000000000000e+00,-0.000000000000000000e+00,-0.000000000000000000e+00,0.000000000000000000e+00,0.000000000000000000e+00,2.027879587158732677e-01,-0.000000000000000000e+00,-1.809982167872226655e-01,-0.000000000000000000e+00,-0.000000000000000000e+00,-0.000000000000000000e+00,0.000000000000000000e+00,0.000000000000000000e+00,-0.000000000000000000e+00,-0.000000000000000000e+00,-2.439365186388948170e-01,-0.000000000000000000e+00,0.000000000000000000e+00,-3.479290392245801278e-02,-8.767303605014523660e-01,-0.000000000000000000e+00,-0.000000000000000000e+00,0.000000000000000000e+00,-0.000000000000000000e+00,-0.000000000000000000e+00
0.000000000000000000e+00,-0.000000000000000000e+00,0.000000000000000000e+00,0.000000000000000000e+00,0.000000000000000000e+00,2.239419507975265233e+00,-0.000000000000000000e+00,-0.000000000000000000e+00,3.643063568796434670e-01,-2.192125532200648631e-03,-5.485114681438014728e-01,0.000000000000000000e+00,-2.789887974631347078e-01,0.000000000000000000e+00,7.838825525916827408e-02,-0.000000000000000000e+00,-1.025972977417446280e-01,0.000000000000000000e+00,0.000000000000000000e+00,-0.000000000000000000e+00,2.300389789781075445e-01,0.000000000000000000e+00,-5.011820629098452384e-01,-0.000000000000000000e+00,-0.000000000000000000e+00,0.000000000000000000e+00,-1.880283928866963994e-01,0.000000000000000000e+00,-0.000000000000000000e+00,0.000000000000000000e+00,-0.000000000000000000e+00,-0.000000000000000000e+00,-0.000000000000000000e+00,0.000000000000000000e+00,-0.000000000000000000e+00,-0.000000000000000000e+00,-6.485988124129552501e-01,1.113982673915426408e-02,-0.000000000000000000e+00
-0.000000000000000000e+00,-1.163860911436260526e-01,-0.000000000000000000e+00,-0.000000000000000000e+00,0.000000000000000000e+00,-0.000000000000000000e+00,1.178921378191717384e+00,0.000000000000000000e+00,0.000000000000000000e+00,-0.000000000000000000e+00,-0.000000000000000000e+00,-0.000000000000000000e+00,0.000000000000000000e+00,0.000000000000000000e+00,4.754662602612313993e-02,-0.000000000000000000e+00,0.000000000000000000e+00,0.000000000000000000e+00,-0.000000000000000000e+00,-0.000000000000000000e+00,-0.000000000000000000e+00,0.000000000000000000e+00,-0.000000000000000000e+00,-0.000000000000000000e+00,-4.297862807923103629e-02,-0.000000000000000000e+00,-1.509491635036794566e-01,-2.166065610330607794e-01,-0.000000000000000000e+00,-0.000000000000000000e+00,-1.023212799035568277e-01,-0.000000000000000000e+00,-0.000000000000000000e+00,0.000000000000000000e+00,0.000000000000000000e+00,0.000000000000000000e+00,-0.000000000000000000e+00,-0.000000000000000000e+00,-0.000000000000000000e+00
1.831490943420567216e-02,0.000000000000000000e+00,1.411769230144897413e+00,0.000000000000000000e+00,5.470965147971708076e-01,-0.000000000000000000e+00,0.000000000000000000e+00,2.633553674401368561e+00,2.839387811683200674e-02,0.000000000000000000e+00,0.000000000000000000e+00,0.000000000000000000e+00,-0.000000000000000000e+00,0.000000000000000000e+00,-0.000000000000000000e+00,1.228897937735972529e-01,0.000000000000000000e+00,0.000000000000000000e+00,0.000000000000000000e+00,-0.000000000000000000e+00,0.000000000000000000e+00,0.000000000000000000e+00,0.000000000000000000e+00,0.000000000000000000e+00,4.451231200269058219e-02,0.000000000000000000e+00,0.000000000000000000e+00,0.000000000000000000e+00,0.000000000000000000e+00,2.540486484590953522e-03,8.256972351114745534e-02,0.000000000000000000e+00,1.866753047687403078e-01,9.779878518408878507e-02,0.000000000000000000e+00,-0.000000000000000000e+00,0.000000000000000000e+00,0.000000000000000000e+00,0.000000000000000000e+00
-2.053130840601051499e-01,-0.000000000000000000e+00,-2.350864140424016200e-04,-0.000000000000000000e+00,-0.000000000000000000e+00,3.643063568796434670e-01,0.000000000000000000e+00,2.839387811683200674e-02,2.069559444467343301e+00,0.000000000000000000e+00,1.483238675594252855e-02,-0.000000000000000000e+00,1.512810851480852758e-01,-1.725136954898625341e-01,-5.608476136173456278e-02,-0.000000000000000000e+00,-0.000000000000000000e+00,-2.728016988292034650e-01,-0.000000000000000000e+00,0.000000000000000000e+00,-0.000000000000000000e+00,-8.752645564739709727e-03,0.000000000000000000e+00,-0.000000000000000000e+00,-0.000000000000000000e+00,-0.000000000000000000e+00,0.000000000000000000e+00,-1.217927631697640796e-02,-0.000000000000000000e+00,-1.629873383772291184e-01,0.000000000000000000e+00,-0.000000000000000000e+00,-0.000000000000000000e+00,-5.603913493327037365e-01,-0.000000000000000000e+00,0.000000000000000000e+00,0.000000000000000000e+00,-5.827262021578563100e-01,-0.000000000000000000e+00
-0.000000000000000000e+00,-1.397436772708539332e-01,-0.000000000000000000e+00,0.000000000000000000e+00,-0.000000000000000000e+00,-2.192125532200648631e-03,-0.000000000000000000e+00,0.000000000000000000e+00,0.000000000000000000e+00,1.852825025665958858e+00,-1.398562799275224755e-01,-0.000000000000000000e+00,-0.000000000000000000e+00,-0.000000000000000000e+00,1.402087492706839966e-01,-4.042598232903023003e-01,-0.000000000000000000e+00,0.000000000000000000e+00,0.000000000000000000e+00,0.000000000000000000e+00,-0.000000000000000000e+00,-0.000000000000000000e+00,-1.276390334771531077e-01,-0.000000000000000000e+00,-2.224214152558305624e-01,-0.000000000000000000e+00,-0.000000000000000000e+00,-0.000000000000000000e+00,-8.172261586340072437e-02,-2.037298490727372235e-01,-1.850310581409310984e-01,-0.000000000000000000e+00,-0.000000000000000000e+00,-0.000000000000000000e+00,-2.029571874569340850e-01,-2.539026943861280583e-01,-0.000000000000000000e+00,0.000000000000000000e+00,-0.000000000000000000e+00
0.000000000000000000e+00,-1.479060812558372351e-01,0.000000000000000000e+00,7.559374920398248543e-02,-0.000000000000000000e+00,-5.485114681438014728e-01,-0.000000000000000000e+00,0.000000000000000000e+00,1.483238675594252855e-02,-1.398562799275224755e-01,1.727703948288173308e+00,-0.000000000000000000e+00,-0.000000000000000000e+00,-0.000000000000000000e+00,0.000000000000000000e+00,-0.000000000000000000e+00,-4.827049622406362483e-01,0.000000000000000000e+00,8.409787200324984890e-02,0.000000000000000000e+00,1.551082068847532969e-01,0.000000000000000000e+00,-8.019871834620499740e-02,-0.000000000000000000e+00,-0.000000000000000000e+00,0.000000000000000000e+00,-1.624536244765270934e-02,0.000000000000000000e+00,-0.000000000000000000e+00,0.000000000000000000e+00,-7.983456928460071211e-02,-1.652484147336630640e-02,-0.000000000000000000e+00,0.000000000000000000e+00,0.000000000000000000e+00,-0.000000000000000000e+00,-0.000000000000000000e+00,0.000000000000000000e+00,-0.000000000000000000e+00
-0.000000000000000000e+00,-6.829858953382622611e-02,-0.000000000000000000e+00,-2.090684022805970321e-01,-0.000000000000000000e+00,0.000000000000000000e+00,-0.000000000000000000e+00,0.000000000000000000e+00,-0.000000000000000000e+00,-0.000000000000000000e+00,-0.000000000000000000e+00,1.638137240605456846e+00,2.530555786776230928e-02,-0.000000000000000000e+00,-0.000000000000000000e+00,-0.000000000000000000e+00,2.480730052477605162e-03,-0.000000000000000000e+00,-0.000000000000000000e+00,-0.000000000000000000e+00,-0.000000000000000000e+00,-9.122470103124689922e-02,-0.000000000000000000e+00,-0.000000000000000000e+00,-0.000000000000000000e+00,-0.000000000000000000e+00,-1.455537454030547406e-01,-4.379718882881504238e-01,-0.000000000000000000e+00,0.000000000000000000e+00,-3.699281927048937990e-01,-1.787604715979831393e-01,-0.000000000000000000e+00,-0.000000000000000000e+00,1.108416366527344710e-01,-0.000000000000000000e+00,-0.000000000000000000e+00,0.000000000000000000e+00,-6.508563280038545673e-02
0.000000000000000000e+00,2.177856231321134706e-01,0.000000000000000000e+00,0.000000000000000000e+00,0.000000000000000000e+00,-2.789887974631347078e-01,0.000000000000000000e+00,-0.000000000000000000e+00,1.512810851480852758e-01,-0.000000000000000000e+00,-0.000000000000000000e+00,2.530555786776230928e-02,1.290563943029328975e+00,0.000000000000000000e+00,0.000000000000000000e+00,-7.702956003513079970e-03,-0.000000000000000000e+00,-0.000000000000000000e+00,0.000000000000000000e+00,-1.150639087046034098e-01,0.000000000000000000e+00,0.000000000000000000e+00,-0.000000000000000000e+00,0.000000000000000000e+00,0.000000000000000000e+00,6.289653555849199218e-02,0.000000000000000000e+00,0.000000000000000000e+00,0.000000000000000000e+00,0.000000000000000000e+00,0.000000000000000000e+00,0.000000000000000000e+00,-3.748284553769034438e-02,2.352178142905195501e-01,-3.628961582694845839e-02,0.000000000000000000e+00,-1.044143900632056032e-01,0.000000000000000000e+00,4.776707688874257118e-02
-0.000000000000000000e+00,-0.000000000000000000e+00,-0.000000000000000000e+00,0.000000000000000000e+00,-4.273475861175264345e-01,0.000000000000000000e+00,0.000000000000000000e+00,0.000000000000000000e+00,-1.725136954898625341e-01,-0.000000000000000000e+00,-0.000000000000000000e+00,-0.000000000000000000e+00,0.000000000000000000e+00,1.510777115362061052e+00,-0.000000000000000000e+00,-0.000000000000000000e+00,-5.994978484998881446e-02,-0.000000000000000000e+00,0.000000000000000000e+00,6.034015746792031898e-02,0.000000000000000000e+00,-0.000000000000000000e+00,-0.000000000000000000e+00,-3.704350447096278476e-01,-0.000000000000000000e+00,0.000000000000000000e+00,0.000000000000000000e+00,0.000000000000000000e+00,-0.000000000000000000e+00,-8.078899533338157468e-02,-0.000000000000000000e+00,-0.000000000000000000e+00,-1.740357936157721219e-01,-5.204058270547762960e-02,-0.000000000000000000e+00,-0.000000000000000000e+00,0.000000000000000000e+00,-0.000000000000000000e+00,-0.000000000000000000e+00
-0.000000000000000000e+00,-0.000000000000000000e+00,0.000000000000000000e+00,-0.000000000000000000e+00,0.000000000000000000e+00,7.838825525916827408e-02,4.754662602612313993e-02,-0.000000000000000000e+00,-5.608476136173456278e-02,1.402087492706839966e-01,0.000000000000000000e+00,-0.000000000000000000e+00,0.000000000000000000e+00,-0.000000000000000000e+00,1.230029131567553335e+00,0.000000000000000000e+00,-0.000000000000000000e+00,-5.910303566722176910e-02,-0.000000000000000000e+00,-1.268674255304723941e-01,-0.000000000000000000e+00,-0.000000000000000000e+00,1.658146813542858700e-02,-0.000000000000000000e+00,8.193002932936326033e-02,-2.848776678706146925e-01,0.000000000000000000e+00,-0.000000000000000000e+00,0.000000000000000000e+00,0.000000000000000000e+00,2.661719946538923520e-01,-0.000000000000000000e+00,0.000000000000000000e+00,0.000000000000000000e+00,0.000000000000000000e+00,-0.000000000000000000e+00,0.000000000000000000e+00,-0.000000000000000000e+00,0.000000000000000000e+00
-3.637390759711661148e-01,-0.000000000000000000e+00,-1.334620515499097826e-01,-0.000000000000000000e+00,-0.000000000000000000e+00,-0.000000000000000000e+00,-0.000000000000000000e+00,1.228897937735972529e-01,-0.000000000000000000e+00,-4.042598232903023003e-01,-0.000000000000000000e+00,-0.000000000000000000e+00,-7.702956003513079970e-03,-0.000000000000000000e+00,0.000000000000000000e+00,1.843606904177836014e+00,-2.483220618166811500e-01,-1.473258701594838405e-01,-1.813079696701669005e-02,-0.000000000000000000e+00,-0.000000000000000000e+00,-0.000000000000000000e+00,-0.000000000000000000e+00,-0.000000000000000000e+00,-7.307590121043105970e-04,-0.000000000000000000e+00,-0.000000000000000000e+00,-1.027050529196287948e-01,-0.000000000000000000e+00,-0.000000000000000000e+00,-0.000000000000000000e+00,-0.000000000000000000e+00,-3.451080773910905619e-01,0.000000000000000000e+00,-2.671158350826541850e-01,-0.000000000000000000e+00,-6.509766242116487613e-03,-0.000000000000000000e+00,0.000000000000000000e+00
-0.000000000000000000e+00,-0.000000000000000000e+00,0.000000000000000000e+00,1.103412795883255276e-01,-0.000000000000000000e+00,-1.025972977417446280e-01,0.000000000000000000e+00,0.000000000000000000e+00,-0.000000000000000000e+00,-0.000000000000000000e+00,-4.827049622406362483e-01,2.480730052477605162e-03,-0.000000000000000000e+00,-5.994978484998881446e-02,-0.000000000000000000e+00,-2.483220618166811500e-01,1.402131998976078542e+00,-0.000000000000000000e+00,0.000000000000000000e+00,0.000000000000000000e+00,5.329913205445875601e-02,0.000000000000000000e+00,-0.000000000000000000e+00,-0.000000000000000000e+00,-5.302080286039868688e-03,-0.000000000000000000e+00,-0.000000000000000000e+00,0.000000000000000000e+00,-0.000000000000000000e+00,-0.000000000000000000e+00,0.000000000000000000e+00,-1.312909975794940842e-01,-1.394728988744617718e-02,0.000000000000000000e+00,-9.477714245137967147e-03,-0.000000000000000000e+00,-0.000000000000000000e+00,-0.000000000000000000e+00,-0.000000000000000000e+00
-0.000000000000000000e+00,2.354412747983046852e-02,-0.000000000000000000e+00,-0.000000000000000000e+00,0.000000000000000000e+00,0.000000000000000000e+00,0.000000000000000000e+00,0.000000000000000000e+00,-2.728016988292034650e-01,0.000000000000000000e+00,0.000000000000000000e+00,-0.000000000000000000e+00,-0.000000000000000000e+00,-0.000000000000000000e+00,-5.910303566722176910e-02,-1.473258701594838405e-01,-0.000000000000000000e+00,1.494673670311486680e+00,-5.477006786771166924e-01,-1.556189812785522576e-02,0.000000000000000000e+00,-0.000000000000000000e+00,0.000000000000000000e+00,-0.000000000000000000e+00,0.000000000000000000e+00,-0.000000000000000000e+00,0.000000000000000000e+00,-4.814679907358720978e-02,0.000000000000000000e+00,0.000000000000000000e+00,1.505919070745205708e-02,-0.000000000000000000e+00,-4.998118723222613052e-03,0.000000000000000000e+00,-0.000000000000000000e+00,0.000000000000000000e+00,-0.000000000000000000e+00,-2.325743132319237072e-01,0.000000000000000000e+00
-0.000000000000000000e+00,0.000000000000000000e+00,-0.000000000000000000e+00,-4.733992730253284154e-01,0.000000000000000000e+00,0.000000000000000000e+00,-0.000000000000000000e+00,0.000000000000000000e+00,-0.000000000000000000e+00,0.000000000000000000e+00,8.409787200324984890e-02,-0.000000000000000000e+00,0.000000000000000000e+00,0.000000000000000000e+00,-0.000000000000000000e+00,-1.813079696701669005e-02,0.000000000000000000e+00,-5.477006786771166924e-01,1.767567498599807996e+00,-1.804051586670388507e-01,-0.000000000000000000e+00,0.000000000000000000e+00,0.000000000000000000e+00,-0.000000000000000000e+00,0.000000000000000000e+00,-0.000000000000000000e+00,0.000000000000000000e+00,-3.500653713076377627e-01,-0.000000000000000000e+00,0.000000000000000000e+00,0.000000000000000000e+00,-0.000000000000000000e+00,-0.000000000000000000e+00,0.000000000000000000e+00,0.000000000000000000e+00,1.114234992157215054e-01,0.000000000000000000e+00,-0.000000000000000000e+00,0.000000000000000000e+00
-0.000000000000000000e+00,0.000000000000000000e+00,0.000000000000000000e+00,-4.762242998998790777e-01,2.027879587158732677e-01,-0.000000000000000000e+00,-0.000000000000000000e+00,-0.000000000000000000e+00,0.000000000000000000e+00,0.000000000000000000e+00,0.000000000000000000e+00,-0.000000000000000000e+00,-1.150639087046034098e-01,6.034015746792031898e-02,-1.268674255304723941e-01,-0.000000000000000000e+00,0.000000000000000000e+00,-1.556189812785522576e-02,-1.804051586670388507e-01,1.352716579948429310e+00,-0.000000000000000000e+00,0.000000000000000000e+00,-0.000000000000000000e+00,-0.000000000000000000e+00,0.000000000000000000e+00,-4.799125135485377697e-02,0.000000000000000000e+00,-4.231932846967316475e-02,0.000000000000000000e+00,2.453522152894792308e-02,0.000000000000000000e+00,-0.000000000000000000e+00,-0.000000000000000000e+00,0.000000000000000000e+00,-0.000000000000000000e+00,1.875940031392148849e-02,-0.000000000000000000e+00,0.000000000000000000e+00,0.000000000000000000e+00
-0.000000000000000000e+00,-0.000000000000000000e+00,-3.058226105686296936e-01,-2.913761735202242131e-01,-0.000000000000000000e+00,2.300389789781075445e-01,-0.000000000000000000e+00,0.000000000000000000e+00,-0.000000000000000000e+00,-0.000000000000000000e+00,1.551082068847532969e-01,-0.000000000000000000e+00,0.000000000000000000e+00,0.000000000000000000e+00,-0.000000000000000000e+00,-0.000000000000000000e+00,5.329913205445875601e-02,0.000000000000000000e+00,-0.000000000000000000e+00,-0.000000000000000000e+00,1.523095072930958249e+00,-4.644697258266679007e-01,-0.000000000000000000e+00,-0.000000000000000000e+00,0.000000000000000000e+00,-0.000000000000000000e+00,0.000000000000000000e+00,-0.000000000000000000e+00,0.000000000000000000e+00,-0.000000000000000000e+00,-0.000000000000000000e+00,-0.000000000000000000e+00,-0.000000000000000000e+00,-0.000000000000000000e+00,-0.000000000000000000e+00,0.000000000000000000e+00,0.000000000000000000e+00,-0.000000000000000000e+00,-0.000000000000000000e+00
-0.000000000000000000e+00,-0.000000000000000000e+00,-1.939715599163644444e-01,-0.000000000000000000e+00,-1.809982167872226655e-01,0.000000000000000000e+00,0.000000000000000000e+00,0.000000000000000000e+00,-8.752645564739709727e-03,-0.000000000000000000e+00,0.000000000000000000e+00,-9.122470103124689922e-02,0.000000000000000000e+00,-0.000000000000000000e+00,-0.000000000000000000e+00,-0.000000000000000000e+00,0.000000000000000000e+00,-0.000000000000000000e+00,0.000000000000000000e+00,0.000000000000000000e+00,-4.644697258266679007e-01,1.882909024496956629e+00,-0.000000000000000000e+00,-0.000000000000000000e+00,-0.000000000000000000e+00,-0.000000000000000000e+00,-0.000000000000000000e+00,-0.000000000000000000e+00,0.000000000000000000e+00,-1.516532544357272749e-01,-0.000000000000000000e+00,-0.000000000000000000e+00,-1.731260215051066281e-02,-4.673539823895725975e-01,-0.000000000000000000e+00,-0.000000000000000000e+00,0.000000000000000000e+00,-0.000000000000000000e+00,-3.118036045188435912e-01
0.000000000000000000e+00,-0.000000000000000000e+00,-0.000000000000000000e+00,-0.000000000000000000e+00,-0.000000000000000000e+00,-5.011820629098452384e-01,-0.000000000000000000e+00,0.000000000000000000e+00,0.000000000000000000e+00,-1.276390334771531077e-01,-8.019871834620499740e-02,-0.000000000000000000e+00,-0.000000000000000000e+00,-0.000000000000000000e+00,1.658146813542858700e-02,-0.000000000000000000e+00,-0.000000000000000000e+00,0.000000000000000000e+00,0.000000000000000000e+00,-0.000000000000000000e+00,-0.000000000000000000e+00,-0.000000000000000000e+00,2.236250407422024189e+00,-2.190880467724917180e-01,-6.038957277420089476e-01,0.000000000000000000e+00,-3.256020014615806923e-01,-0.000000000000000000e+00,-1.454161937727887211e-01,-0.000000000000000000e+00,-3.015454064746867502e-01,-0.000000000000000000e+00,-2.227694787499365225e-01,-0.000000000000000000e+00,-0.000000000000000000e+00,-0.000000000000000000e+00,-0.000000000000000000e+00,0.000000000000000000e+00,-0.000000000000000000e+00
-0.000000000000000000e+00,-0.000000000000000000e+00,-0.000000000000000000e+00,-0.000000000000000000e+00,-0.000000000000000000e+00,-0.000000000000000000e+00,-0.000000000000000000e+00,0.000000000000000000e+00,-0.000000000000000000e+00,-0.000000000000000000e+00,-0.000000000000000000e+00,-0.000000000000000000e+00,0.000000000000000000e+00,-3.704350447096278476e-01,-0.000000000000000000e+00,-0.000000000000000000e+00,-0.000000000000000000e+00,-0.000000000000000000e+00,-0.000000000000000000e+00,-0.000000000000000000e+00,-0.000000000000000000e+00,-0.000000000000000000e+00,-2.190880467724917180e-01,1.246603653216722174e+00,-0.000000000000000000e+00,-0.000000000000000000e+00,-0.000000000000000000e+00,-0.000000000000000000e+00,-0.000000000000000000e+00,-0.000000000000000000e+00,-0.000000000000000000e+00,-1.724929042900165965e-01,-0.000000000000000000e+00,0.000000000000000000e+00,0.000000000000000000e+00,0.000000000000000000e+00,0.000000000000000000e+00,-0.000000000000000000e+00,-0.000000000000000000e+00
-0.000000000000000000e+00,-2.998569672089996807e-01,-0.000000000000000000e+00,-0.000000000000000000e+00,-0.000000000000000000e+00,-0.000000000000000000e+00,-4.297862807923103629e-02,4.451231200269058219e-02,-0.000000000000000000e+00,-2.224214152558305624e-01,-0.000000000000000000e+00,-0.000000000000000000e+00,0.000000000000000000e+00,-0.000000000000000000e+00,8.193002932936326033e-02,-7.307590121043105970e-04,-5.302080286039868688e-03,0.000000000000000000e+00,0.000000000000000000e+00,0.000000000000000000e+00,0.000000000000000000e+00,-0.000000000000000000e+00,-6.038957277420089476e-01,-0.000000000000000000e+00,2.006916751459261850e+00,0.000000000000000000e+00,-4.691416184132932848e-02,-0.000000000000000000e+00,-5.848894917333512938e-02,-2.387918372105048703e-01,-1.003092853694600578e-01,-0.000000000000000000e+00,-0.000000000000000000e+00,-0.000000000000000000e+00,-0.000000000000000000e+00,-0.000000000000000000e+00,-0.000000000000000000e+00,-0.000000000000000000e+00,-3.252809899479828792e-01
-5.996398063189264382e-01,-0.000000000000000000e+00,-0.000000000000000000e+00,-6.340635508848052604e-02,0.000000000000000000e+00,0.000000000000000000e+00,-0.000000000000000000e+00,0.000000000000000000e+00,-0.000000000000000000e+00,-0.000000000000000000e+00,0.000000000000000000e+00,-0.000000000000000000e+00,6.289653555849199218e-02,0.000000000000000000e+00,-2.848776678706146925e-01,-0.000000000000000000e+00,-0.000000000000000000e+00,-0.000000000000000000e+00,-0.000000000000000000e+00,-4.799125135485377697e-02,-0.000000000000000000e+00,-0.000000000000000000e+00,0.000000000000000000e+00,-0.000000000000000000e+00,0.000000000000000000e+00,1.697562384281154690e+00,-0.000000000000000000e+00,-2.372189843652112440e-01,-0.000000000000000000e+00,-0.000000000000000000e+00,0.000000000000000000e+00,-4.803002509064918657e-01,-0.000000000000000000e+00,0.000000000000000000e+00,-0.000000000000000000e+00,-0.000000000000000000e+00,-0.000000000000000000e+00,-0.000000000000000000e+00,-0.000000000000000000e+00
0.000000000000000000e+00,-2.356986344381500897e-02,-0.000000000000000000e+00,-0.000000000000000000e+00,0.000000000000000000e+00,-1.880283928866963994e-01,-1.509491635036794566e-01,0.000000000000000000e+00,0.000000000000000000e+00,-0.000000000000000000e+00,-1.624536244765270934e-02,-1.455537454030547406e-01,0.000000000000000000e+00,0.000000000000000000e+00,0.000000000000000000e+00,-0.000000000000000000e+00,-0.000000000000000000e+00,0.000000000000000000e+00,0.000000000000000000e+00,0.000000000000000000e+00,0.000000000000000000e+00,-0.000000000000000000e+00,-3.256020014615806923e-01,-0.000000000000000000e+00,-4.691416184132932848e-02,-0.000000000000000000e+00,2.142300810400673772e+00,-5.000185972561038521e-03,-0.000000000000000000e+00,0.000000000000000000e+00,-6.772155468268881151e-01,-3.226412895909077649e-01,-0.000000000000000000e+00,0.000000000000000000e+00,0.000000000000000000e+00,-0.000000000000000000e+00,-3.635628190067068111e-02,0.000000000000000000e+00,-3.611715158788514901e-01
-9.646580420634288944e-02,-0.000000000000000000e+00,-2.675887009886563361e-01,-6.138451084092700905e-01,-0.000000000000000000e+00,0.000000000000000000e+00,-2.166065610330607794e-01,0.000000000000000000e+00,-1.217927631697640796e-02,-0.000000000000000000e+00,0.000000000000000000e+00,-4.379718882881504238e-01,0.000000000000000000e+00,0.000000000000000000e+00,-0.000000000000000000e+00,-1.027050529196287948e-01,0.000000000000000000e+00,-4.814679907358720978e-02,-3.500653713076377627e-01,-4.231932846967316475e-02,-0.000000000000000000e+00,-0.000000000000000000e+00,-0.000000000000000000e+00,-0.000000000000000000e+00,-0.000000000000000000e+00,-2.372189843652112440e-01,-5.000185972561038521e-03,2.069264820108392300e+00,-0.000000000000000000e+00,-0.000000000000000000e+00,-0.000000000000000000e+00,-0.000000000000000000e+00,-1.136037419886762843e-03,-0.000000000000000000e+00,-0.000000000000000000e+00,0.000000000000000000e+00,-0.000000000000000000e+00,-0.000000000000000000e+00,-0.000000000000000000e+00
-1.509612830244983217e-01,-1.644118814593514832e-01,-0.000000000000000000e+00,-0.000000000000000000e+00,-0.000000000000000000e+00,-0.000000000000000000e+00,-0.000000000000000000e+00,0.000000000000000000e+00,-0.000000000000000000e+00,-8.172261586340072437e-02,-0.000000000000000000e+00,-0.000000000000000000e+00,0.000000000000000000e+00,-0.000000000000000000e+00,0.000000000000000000e+00,-0.000000000000000000e+00,-0.000000000000000000e+00,0.000000000000000000e+00,-0.000000000000000000e+00,0.000000000000000000e+00,0.000000000000000000e+00,0.000000000000000000e+00,-1.454161937727887211e-01,-0.000000000000000000e+00,-5.848894917333512938e-02,-0.000000000000000000e+00,-0.000000000000000000e+00,-0.000000000000000000e+00,1.451120438525719036e+00,-0.000000000000000000e+00,-0.000000000000000000e+00,-2.797106191205357972e-01,-0.000000000000000000e+00,0.000000000000000000e+00,-0.000000000000000000e+00,-0.000000000000000000e+00,-3.132254280235229338e-01,0.000000000000000000e+00,-0.000000000000000000e+00
-5.973399475645064377e-02,-1.623066826085460268e-01,-2.079279159180526526e-01,0.000000000000000000e+00,-2.439365186388948170e-01,0.000000000000000000e+00,-0.000000000000000000e+00,2.540486484590953522e-03,-1.629873383772291184e-01,-2.037298490727372235e-01,0.000000000000000000e+00,0.000000000000000000e+00,0.000000000000000000e+00,-8.078899533338157468e-02,0.000000000000000000e+00,-0.000000000000000000e+00,-0.000000000000000000e+00,0.000000000000000000e+00,0.000000000000000000e+00,2.453522152894792308e-02,-0.000000000000000000e+00,-1.516532544357272749e-01,-0.000000000000000000e+00,-0.000000000000000000e+00,-2.387918372105048703e-01,-0.000000000000000000e+00,0.000000000000000000e+00,-0.000000000000000000e+00,-0.000000000000000000e+00,1.823016149413282161e+00,-0.000000000000000000e+00,-0.000000000000000000e+00,-0.000000000000000000e+00,-0.000000000000000000e+00,-4.108394913349776995e-02,-2.338029524298422812e-01,0.000000000000000000e+00,-8.641651545241116339e-02,-1.394532437608176079e-01
0.000000000000000000e+00,-1.609225694144708896e-01,-3.098277224323267576e-02,0.000000000000000000e+00,-0.000000000000000000e+00,-0.000000000000000000e+00,-1.023212799035568277e-01,8.256972351114745534e-02,0.000000000000000000e+00,-1.850310581409310984e-01,-7.983456928460071211e-02,-3.699281927048937990e-01,0.000000000000000000e+00,-0.000000000000000000e+00,2.661719946538923520e-01,-0.000000000000000000e+00,0.000000000000000000e+00,1.505919070745205708e-02,0.000000000000000000e+00,0.000000000000000000e+00,-0.000000000000000000e+00,-0.000000000000000000e+00,-3.015454064746867502e-01,-0.000000000000000000e+00,-1.003092853694600578e-01,0.000000000000000000e+00,-6.772155468268881151e-01,-0.000000000000000000e+00,-0.000000000000000000e+00,-0.000000000000000000e+00,2.148905039383244731e+00,-0.000000000000000000e+00,-0.000000000000000000e+00,-0.000000000000000000e+00,-0.000000000000000000e+00,-0.000000000000000000e+00,-9.212727893384607680e-02,1.665494624482794297e-02,-0.000000000000000000e+00
-0.000000000000000000e+00,-2.597626672025107886e-01,-0.000000000000000000e+00,-0.000000000000000000e+00,0.000000000000000000e+00,-0.000000000000000000e+00,-0.000000000000000000e+00,0.000000000000000000e+00,-0.000000000000000000e+00,-0.000000000000000000e+00,-1.652484147336630640e-02,-1.787604715979831393e-01,0.000000000000000000e+00,-0.000000000000000000e+00,-0.000000000000000000e+00,-0.000000000000000000e+00,-1.312909975794940842e-01,-0.000000000000000000e+00,-0.000000000000000000e+00,-0.000000000000000000e+00,-0.000000000000000000e+00,-0.000000000000000000e+00,-0.000000000000000000e+00,-1.724929042900165965e-01,-0.000000000000000000e+00,-4.803002509064918657e-01,-3.226412895909077649e-01,-0.000000000000000000e+00,-2.797106191205357972e-01,-0.000000000000000000e+00,-0.000000000000000000e+00,1.788819002278490888e+00,-0.000000000000000000e+00,0.000000000000000000e+00,0.000000000000000000e+00,-0.000000000000000000e+00,-1.271300142307624503e-01,0.000000000000000000e+00,-0.000000000000000000e+00
-0.000000000000000000e+00,-0.000000000000000000e+00,-4.017032069070290007e-02,-0.000000000000000000e+00,-3.479290392245801278e-02,-0.000000000000000000e+00,-0.000000000000000000e+00,1.866753047687403078e-01,-0.000000000000000000e+00,-0.000000000000000000e+00,-0.000000000000000000e+00,-0.000000000000000000e+00,-3.748284553769034438e-02,-1.740357936157721219e-01,0.000000000000000000e+00,-3.451080773910905619e-01,-1.394728988744617718e-02,-4.998118723222613052e-03,-0.000000000000000000e+00,-0.000000000000000000e+00,-0.000000000000000000e+00,-1.731260215051066281e-02,-2.227694787499365225e-01,-0.000000000000000000e+00,-0.000000000000000000e+00,-0.000000000000000000e+00,-0.000000000000000000e+00,-1.136037419886762843e-03,-0.000000000000000000e+00,-0.000000000000000000e+00,-0.000000000000000000e+00,-0.000000000000000000e+00,1.475974143504181324e+00,-0.000000000000000000e+00,-8.894098533124107642e-02,0.000000000000000000e+00,-2.044930509289082377e-01,-0.000000000000000000e+00,-0.000000000000000000e+00
-0.000000000000000000e+00,-0.000000000000000000e+00,-1.089123618947638317e-01,0.000000000000000000e+00,-8.767303605014523660e-01,0.000000000000000000e+00,0.000000000000000000e+00,9.779878518408878507e-02,-5.603913493327037365e-01,-0.000000000000000000e+00,0.000000000000000000e+00,-0.000000000000000000e+00,2.352178142905195501e-01,-5.204058270547762960e-02,0.000000000000000000e+00,0.000000000000000000e+00,0.000000000000000000e+00,0.000000000000000000e+00,0.000000000000000000e+00,0.000000000000000000e+00,-0.000000000000000000e+00,-4.673539823895725975e-01,-0.000000000000000000e+00,0.000000000000000000e+00,-0.000000000000000000e+00,0.000000000000000000e+00,0.000000000000000000e+00,-0.000000000000000000e+00,0.000000000000000000e+00,-0.000000000000000000e+00,-0.000000000000000000e+00,0.000000000000000000e+00,-0.000000000000000000e+00,2.377260285783787008e+00,-0.000000000000000000e+00,-0.000000000000000000e+00,0.000000000000000000e+00,-5.188837128140383337e-02,-0.000000000000000000e+00
-3.617753612250203255e-03,0.000000000000000000e+00,-0.000000000000000000e+00,0.000000000000000000e+00,-0.000000000000000000e+00,-0.000000000000000000e+00,0.000000000000000000e+00,0.000000000000000000e+00,-0.000000000000000000e+00,-2.029571874569340850e-01,0.000000000000000000e+00,1.108416366527344710e-01,-3.628961582694845839e-02,-0.000000000000000000e+00,0.000000000000000000e+00,-2.671158350826541850e-01,-9.477714245137967147e-03,-0.000000000000000000e+00,0.000000000000000000e+00,-0.000000000000000000e+00,-0.000000000000000000e+00,-0.000000000000000000e+00,-0.000000000000000000e+00,0.000000000000000000e+00,-0.000000000000000000e+00,-0.000000000000000000e+00,0.000000000000000000e+00,-0.000000000000000000e+00,-0.000000000000000000e+00,-4.108394913349776995e-02,-0.000000000000000000e+00,0.000000000000000000e+00,-8.894098533124107642e-02,-0.000000000000000000e+00,1.230606057513135232e+00,-6.912225497569408905e-02,-1.188692023436787315e-01,-0.000000000000000000e+00,-0.000000000000000000e+00
-0.000000000000000000e+00,-1.636258420349965270e-01,-0.000000000000000000e+00,2.242465536446428820e-01,-0.000000000000000000e+00,-0.000000000000000000e+00,0.000000000000000000e+00,-0.000000000000000000e+00,0.000000000000000000e+00,-2.539026943861280583e-01,-0.000000000000000000e+00,-0.000000000000000000e+00,0.000000000000000000e+00,-0.000000000000000000e+00,-0.000000000000000000e+00,-0.000000000000000000e+00,-0.000000000000000000e+00,0.000000000000000000e+00,1.114234992157215054e-01,1.875940031392148849e-02,0.000000000000000000e+00,-0.000000000000000000e+00,-0.000000000000000000e+00,0.000000000000000000e+00,-0.000000000000000000e+00,-0.000000000000000000e+00,-0.000000000000000000e+00,0.000000000000000000e+00,-0.000000000000000000e+00,-2.338029524298422812e-01,-0.000000000000000000e+00,-0.000000000000000000e+00,0.000000000000000000e+00,-0.000000000000000000e+00,-6.912225497569408905e-02,1.298189168668169913e+00,-0.000000000000000000e+00,0.000000000000000000e+00,-4.714742099664302050e-02
0.000000000000000000e+00,-0.000000000000000000e+00,-0.000000000000000000e+00,0.000000000000000000e+00,0.000000000000000000e+00,-6.485988124129552501e-01,-0.000000000000000000e+00,0.000000000000000000e+00,0.000000000000000000e+00,-0.000000000000000000e+00,-0.000000000000000000e+00,-0.000000000000000000e+00,-1.044143900632056032e-01,0.000000000000000000e+00,0.000000000000000000e+00,-6.509766242116487613e-03,-0.000000000000000000e+00,-0.000000000000000000e+00,0.000000000000000000e+00,-0.000000000000000000e+00,0.000000000000000000e+00,0.000000000000000000e+00,-0.000000000000000000e+00,0.000000000000000000e+00,-0.000000000000000000e+00,-0.000000000000000000e+00,-3.635628190067068111e-02,-0.000000000000000000e+00,-3.132254280235229338e-01,0.000000000000000000e+00,-9.212727893384607680e-02,-1.271300142307624503e-01,-2.044930509289082377e-01,0.000000000000000000e+00,-1.188692023436787315e-01,-0.000000000000000000e+00,1.668641319421974911e+00,4.229604887032535621e-02,-0.000000000000000000e+00
-3.397452964910200462e-02,-0.000000000000000000e+00,-0.000000000000000000e+00,-0.000000000000000000e+00,-0.000000000000000000e+00,1.113982673915426408e-02,-0.000000000000000000e+00,0.000000000000000000e+00,-5.827262021578563100e-01,0.000000000000000000e+00,0.000000000000000000e+00,0.000000000000000000e+00,0.000000000000000000e+00,-0.000000000000000000e+00,-0.000000000000000000e+00,-0.000000000000000000e+00,-0.000000000000000000e+00,-2.325743132319237072e-01,-0.000000000000000000e+00,0.000000000000000000e+00,-0.000000000000000000e+00,-0.000000000000000000e+00,0.000000000000000000e+00,-0.000000000000000000e+00,-0.000000000000000000e+00,-0.000000000000000000e+00,0.000000000000000000e+00,-0.000000000000000000e+00,0.000000000000000000e+00,-8.641651545241116339e-02,1.665494624482794297e-02,0.000000000000000000e+00,-0.000000000000000000e+00,-5.188837128140383337e-02,-0.000000000000000000e+00,0.000000000000000000e+00,4.229604887032535621e-02,1.524926491305225840e+00,-2.482469762177511308e-01
0.000000000000000000e+00,-1.459488449122764431e-01,-0.000000000000000000e+00,-0.000000000000000000e+00,-0.000000000000000000e+00,-0.000000000000000000e+00,-0.000000000000000000e+00,0.000000000000000000e+00,-0.000000000000000000e+00,-0.000000000000000000e+00,-0.000000000000000000e+00,-6.508563280038545673e-02,4.776707688874257118e-02,-0.000000000000000000e+00,0.000000000000000000e+00,0.000000000000000000e+00,-0.000000000000000000e+00,0.000000000000000000e+00,0.000000000000000000e+00,0.000000000000000000e+00,-0.000000000000000000e+00,-3.118036045188435912e-01,-0.000000000000000000e+00,-0.000000000000000000e+00,-3.252809899479828792e-01,-0.000000000000000000e+00,-3.611715158788514901e-01,-0.000000000000000000e+00,-0.000000000000000000e+00,-1.394532437608176079e-01,-0.000000000000000000e+00,-0.000000000000000000e+00,-0.000000000000000000e+00,-0.000000000000000000e+00,-0.000000000000000000e+00,-4.714742099664302050e-02,-0.000000000000000000e+00,-2.482469762177511308e-01,1.687189009609058710e+00
