3.115880110039453310e+00,-0.000000000000000000e+00,0.000000000000000000e+00,-0.000000000000000000e+00,-0.000000000000000000e+00,-0.000000000000000000e+00,-0.000000000000000000e+00,-0.000000000000000000e+00,-1.930140795525591216e-02,-0.000000000000000000e+00,-0.000000000000000000e+00,-3.356688991227733260e-02,-1.307818941286707226e-01,-2.055197578616127594e-03,-3.670366917627916892e-01,-4.963463352660255068e-01,-2.789922757099224104e-01,-1.010724272555563324e-01,0.000000000000000000e+00,-0.000000000000000000e+00,-0.000000000000000000e+00,-0.000000000000000000e+00,-1.970346221062235503e-01,-8.514525809237584453e-02,-2.151433962574969549e-01,-2.102610347739592711e-01,0.000000000000000000e+00,-2.287556015702980339e-01,-0.000000000000000000e+00,-0.000000000000000000e+00,0.000000000000000000e+00,-0.000000000000000000e+00,0.000000000000000000e+00,-8.804352585362641703e-02,-0.000000000000000000e+00,-0.000000000000000000e+00,-0.000000000000000000e+00,-1.109427586964151891e+00,-0.000000000000000000e+00
-0.000000000000000000e+00,1.541840828690866250e+00,-0.000000000000000000e+00,-0.000000000000000000e+00,-0.000000000000000000e+00,-0.000000000000000000e+00,-0.000000000000000000e+00,0.000000000000000000e+00,-1.273054502471301086e-01,-3.679219832508506260e-01,-0.000000000000000000e+00,-0.000000000000000000e+00,1.033319926206650308e-01,-0.000000000000000000e+00,-0.000000000000000000e+00,-0.000000000000000000e+00,-0.000000000000000000e+00,0.000000000000000000e+00,6.304180741352598261e-02,-0.000000000000000000e+00,0.000000000000000000e+00,-0.000000000000000000e+00,-8.907775737130825544e-02,-0.000000000000000000e+00,-0.000000000000000000e+00,-0.000000000000000000e+00,-0.000000000000000000e+00,0.000000000000000000e+00,0.000000000000000000e+00,-0.000000000000000000e+00,-1.389054298692751210e-01,-0.000000000000000000e+00,-0.000000000000000000e+00,-0.000000000000000000e+00,-0.000000000000000000e+00,-0.000000000000000000e+00,-0.000000000000000000e+00,-0.000000000000000000e+00,-4.804840901428722999e-01
0.000000000000000000e+00,-0.000000000000000000e+00,2.352815253151236519e+00,0.000000000000000000e+00,-2.299533814895870498e-01,-0.000000000000000000e+00,0.000000000000000000e+00,1.297001466675098413e+00,-0.000000000000000000e+00,0.000000000000000000e+00,0.000000000000000000e+00,0.000000000000000000e+00,1.380899469836749938e-01,-0.000000000000000000e+00,0.000000000000000000e+00,0.000000000000000000e+00,0.000000000000000000e+00,2.713241910837368986e-01,2.580775147618736675e-03,0.000000000000000000e+00,-0.000000000000000000e+00,0.000000000000000000e+00,-0.000000000000000000e+00,-0.000000000000000000e+00,-0.000000000000000000e+00,0.000000000000000000e+00,-0.000000000000000000e+00,0.000000000000000000e+00,0.000000000000000000e+00,0.000000000000000000e+00,-1.225322295194085365e-02,0.000000000000000000e+00,-4.860925899217968249e-01,-0.000000000000000000e+00,0.000000000000000000e+00,0.000000000000000000e+00,0.000000000000000000e+00,0.000000000000000000e+00,-0.000000000000000000e+00
-0.000000000000000000e+00,-0.000000000000000000e+00,0.000000000000000000e+00,1.016039875723796726e+00,0.000000000000000000e+00,0.000000000000000000e+00,-0.000000000000000000e+00,-0.000000000000000000e+00,-0.000000000000000000e+00,-0.000000000000000000e+00,0.000000000000000000e+00,0.000000000000000000e+00,-0.000000000000000000e+00,-0.000000000000000000e+00,0.000000000000000000e+00,-0.000000000000000000e+00,0.000000000000000000e+00,-0.000000000000000000e+00,0.000000000000000000e+00,-0.000000000000000000e+00,-0.000000000000000000e+00,-0.000000000000000000e+00,-0.000000000000000000e+00,0.000000000000000000e+00,-0.000000000000000000e+00,0.000000000000000000e+00,0.000000000000000000e+00,0.000000000000000000e+00,0.000000000000000000e+00,-0.000000000000000000e+00,0.000000000000000000e+00,0.000000000000000000e+00,0.000000000000000000e+00,-0.000000000000000000e+00,0.000000000000000000e+00,0.000000000000000000e+00,0.000000000000000000e+00,-0.000000000000000000e+00,-1.276608315785838499e-01
-0.000000000000000000e+00,-0.000000000000000000e+00,-2.299533814895870498e-01,0.000000000000000000e+00,1.710168469298386507e+00,-4.918983218889694253e-02,0.000000000000000000e+00,0.000000000000000000e+00,-8.782277256129746024e-02,-0.000000000000000000e+00,-1.919857342736883132e-02,-2.151017263996225087e-02,0.000000000000000000e+00,-3.042549549589059765e-01,-0.000000000000000000e+00,-0.000000000000000000e+00,-0.000000000000000000e+00,0.000000000000000000e+00,2.542854142615207924e-01,-0.000000000000000000e+00,-0.000000000000000000e+00,0.000000000000000000e+00,-0.000000000000000000e+00,-0.000000000000000000e+00,-0.000000000000000000e+00,-1.178886470818090448e-01,-0.000000000000000000e+00,-0.000000000000000000e+00,-0.000000000000000000e+00,-1.019938265997741011e-01,-0.000000000000000000e+00,-0.000000000000000000e+00,-1.454875797056774112e-01,-4.103628135227407880e-01,-0.000000000000000000e+00,-0.000000000000000000e+00,-0.000000000000000000e+00,-0.000000000000000000e+00,-0.000000000000000000e+00
-0.000000000000000000e+00,-0.000000000000000000e+00,-0.000000000000000000e+00,0.000000000000000000e+00,-4.918983218889694253e-02,2.078935312980470407e+00,0.000000000000000000e+00,0.000000000000000000e+00,-0.000000000000000000e+00,0.000000000000000000e+00,-4.422055934574698477e-01,-0.000000000000000000e+00,-0.000000000000000000e+00,-2.724275434142412466e-01,-0.000000000000000000e+00,-0.000000000000000000e+00,-1.265876103397732544e-01,-0.000000000000000000e+00,0.000000000000000000e+00,0.000000000000000000e+00,-5.827128990428370736e-02,0.000000000000000000e+00,-0.000000000000000000e+00,-0.000000000000000000e+00,-2.883393095790270366e-01,-0.000000000000000000e+00,-0.000000000000000000e+00,-9.768772673040407306e-02,-1.149588862144601126e-01,-0.000000000000000000e+00,-3.709462006741712919e-02,-0.000000000000000000e+00,-1.392923016992695384e-01,-0.000000000000000000e+00,-9.014591429043235238e-02,-0.000000000000000000e+00,-3.482829665463338942e-01,-0.000000000000000000e+00,0.000000000000000000e+00
-0.000000000000000000e+00,-0.000000000000000000e+00,0.000000000000000000e+00,-0.000000000000000000e+00,0.000000000000000000e+00,0.000000000000000000e+00,1.004537019618014781e+00,-0.000000000000000000e+00,-0.000000000000000000e+00,-0.000000000000000000e+00,0.000000000000000000e+00,0.000000000000000000e+00,0.000000000000000000e+00,0.000000000000000000e+00,0.000000000000000000e+00,-0.000000000000000000e+00,0.000000000000000000e+00,-4.754632330644132515e-02,-0.000000000000000000e+00,-0.000000000000000000e+00,0.000000000000000000e+00,-0.000000000000000000e+00,0.000000000000000000e+00,-0.000000000000000000e+00,0.000000000000000000e+00,0.000000000000000000e+00,0.000000000000000000e+00,0.000000000000000000e+00,0.000000000000000000e+00,-0.000000000000000000e+00,0.000000000000000000e+00,0.000000000000000000e+00,0.000000000000000000e+00,0.000000000000000000e+00,0.000000000000000000e+00,0.000000000000000000e+00,0.000000000000000000e+00,-0.000000000000000000e+00,-4.315917001538313591e-02
-0.000000000000000000e+00,0.000000000000000000e+00,1.297001466675098413e+00,-0.000000000000000000e+00,0.000000000000000000e+00,0.000000000000000000e+00,-0.000000000000000000e+00,2.009091634200551368e+00,0.000000000000000000e+00,-0.000000000000000000e+00,-0.000000000000000000e+00,-0.000000000000000000e+00,-3.457292070595003458e-02,0.000000000000000000e+00,-0.000000000000000000e+00,-2.882051966953161001e-02,-0.000000000000000000e+00,-8.961695968640068233e-02,-2.769381970151166619e-02,-0.000000000000000000e+00,-0.000000000000000000e+00,-1.002489759535822589e-02,0.000000000000000000e+00,0.000000000000000000e+00,0.000000000000000000e+00,-0.000000000000000000e+00,-0.000000000000000000e+00,-0.000000000000000000e+00,-0.000000000000000000e+00,-0.000000000000000000e+00,0.000000000000000000e+00,-0.000000000000000000e+00,1.318448185519798255e-01,0.000000000000000000e+00,-0.000000000000000000e+00,-0.000000000000000000e+00,-0.000000000000000000e+00,-0.000000000000000000e+00,0.000000000000000000e+00
-1.930140795525591216e-02,-1.273054502471301086e-01,-0.000000000000000000e+00,-0.000000000000000000e+00,-8.782277256129746024e-02,-0.000000000000000000e+00,-0.000000000000000000e+00,0.000000000000000000e+00,2.856133176664810591e+00,-3.387682860313812605e-01,-0.000000000000000000e+00,-0.000000000000000000e+00,-0.000000000000000000e+00,-0.000000000000000000e+00,-0.000000000000000000e+00,-2.448145680241609889e-01,-0.000000000000000000e+00,-0.000000000000000000e+00,6.068433839048783390e-02,-0.000000000000000000e+00,-0.000000000000000000e+00,-0.000000000000000000e+00,-0.000000000000000000e+00,-1.778013875444665881e-02,-0.000000000000000000e+00,-0.000000000000000000e+00,0.000000000000000000e+00,-0.000000000000000000e+00,0.000000000000000000e+00,-6.705025970146626380e-01,0.000000000000000000e+00,-0.000000000000000000e+00,0.000000000000000000e+00,-7.181675829541315226e-01,-0.000000000000000000e+00,-0.000000000000000000e+00,-0.000000000000000000e+00,-3.906813484384802915e-01,-3.211580343173130458e-01
-0.000000000000000000e+00,-3.679219832508506260e-01,0.000000000000000000e+00,-0.000000000000000000e+00,-0.000000000000000000e+00,0.000000000000000000e+00,-0.000000000000000000e+00,-0.000000000000000000e+00,-3.387682860313812605e-01,2.548122903938671691e+00,-0.000000000000000000e+00,-0.000000000000000000e+00,0.000000000000000000e+00,-0.000000000000000000e+00,-0.000000000000000000e+00,-9.846549798780626084e-01,-0.000000000000000000e+00,-0.000000000000000000e+00,0.000000000000000000e+00,-1.305342308758734304e-01,0.000000000000000000e+00,-0.000000000000000000e+00,-0.000000000000000000e+00,-0.000000000000000000e+00,0.000000000000000000e+00,-0.000000000000000000e+00,0.000000000000000000e+00,0.000000000000000000e+00,0.000000000000000000e+00,-4.875652638223343383e-01,0.000000000000000000e+00,-0.000000000000000000e+00,1.865303037318995216e-01,-0.000000000000000000e+00,-0.000000000000000000e+00,-0.000000000000000000e+00,0.000000000000000000e+00,-0.000000000000000000e+00,-1.968144603764564182e-01
-0.000000000000000000e+00,-0.000000000000000000e+00,0.000000000000000000e+00,0.000000000000000000e+00,-1.919857342736883132e-02,-4.422055934574698477e-01,0.000000000000000000e+00,-0.000000000000000000e+00,-0.000000000000000000e+00,-0.000000000000000000e+00,2.111618810077753761e+00,-0.000000000000000000e+00,-0.000000000000000000e+00,-2.766823955446517935e-02,-0.000000000000000000e+00,-0.000000000000000000e+00,-4.936383437166552701e-01,-0.000000000000000000e+00,-0.000000000000000000e+00,0.000000000000000000e+00,-1.193635344849997004e-02,0.000000000000000000e+00,-0.000000000000000000e+00,-0.000000000000000000e+00,-0.000000000000000000e+00,-1.042292728002036234e-01,-1.410663977814835823e-01,-0.000000000000000000e+00,-1.746067485833265598e-01,-0.000000000000000000e+00,-1.103674509746783716e-01,-0.000000000000000000e+00,-0.000000000000000000e+00,-0.000000000000000000e+00,-1.482816556790380880e-01,-8.559181498873184857e-02,-2.361528395391952195e-01,-0.000000000000000000e+00,0.000000000000000000e+00
-3.356688991227733260e-02,-0.000000000000000000e+00,0.000000000000000000e+00,0.000000000000000000e+00,-2.151017263996225087e-02,-0.000000000000000000e+00,0.000000000000000000e+00,-0.000000000000000000e+00,-0.000000000000000000e+00,-0.000000000000000000e+00,-0.000000000000000000e+00,1.718984050886467774e+00,-0.000000000000000000e+00,-4.418119725065557807e-02,-2.908962036277119023e-01,-0.000000000000000000e+00,-0.000000000000000000e+00,-0.000000000000000000e+00,0.000000000000000000e+00,-0.000000000000000000e+00,-1.562110474591707765e-01,-0.000000000000000000e+00,-1.318015591769390038e-01,-4.414229533167228492e-02,-1.190123558720996080e-02,-6.951917150292247216e-02,0.000000000000000000e+00,-3.766866354583637277e-01,-5.520567584767103325e-03,-0.000000000000000000e+00,-0.000000000000000000e+00,-0.000000000000000000e+00,-0.000000000000000000e+00,-3.377550503132134563e-01,-0.000000000000000000e+00,-0.000000000000000000e+00,-0.000000000000000000e+00,-3.636633690792776680e-02,-0.000000000000000000e+00
-1.307818941286707226e-01,1.033319926206650308e-01,1.380899469836749938e-01,-0.000000000000000000e+00,0.000000000000000000e+00,-0.000000000000000000e+00,0.000000000000000000e+00,-3.457292070595003458e-02,-0.000000000000000000e+00,0.000000000000000000e+00,-0.000000000000000000e+00,-0.000000000000000000e+00,1.331817944275172971e+00,-0.000000000000000000e+00,-1.140362531598575341e-01,-0.000000000000000000e+00,-0.000000000000000000e+00,-1.274861787666550506e-01,-0.000000000000000000e+00,-0.000000000000000000e+00,-8.294762072835539261e-04,-1.161332989826236589e-02,-0.000000000000000000e+00,-0.000000000000000000e+00,-6.370854918622630148e-02,-0.000000000000000000e+00,2.204203247737545474e-02,-2.627858973095076323e-01,-0.000000000000000000e+00,-0.000000000000000000e+00,4.003695108855887530e-01,-0.000000000000000000e+00,0.000000000000000000e+00,-0.000000000000000000e+00,-0.000000000000000000e+00,-0.000000000000000000e+00,-0.000000000000000000e+00,-0.000000000000000000e+00,0.000000000000000000e+00
-2.055197578616127594e-03,-0.000000000000000000e+00,-0.000000000000000000e+00,-0.000000000000000000e+00,-3.042549549589059765e-01,-2.724275434142412466e-01,0.000000000000000000e+00,0.000000000000000000e+00,-0.000000000000000000e+00,-0.000000000000000000e+00,-2.766823955446517935e-02,-4.418119725065557807e-02,-0.000000000000000000e+00,2.699071158669911874e+00,-1.013096315389519497e-01,-0.000000000000000000e+00,-3.195503326098601826e-02,-0.000000000000000000e+00,0.000000000000000000e+00,0.000000000000000000e+00,-0.000000000000000000e+00,0.000000000000000000e+00,-1.351377734543546538e-01,-7.213293038500971921e-01,-6.355780189504534050e-01,-0.000000000000000000e+00,0.000000000000000000e+00,-0.000000000000000000e+00,-0.000000000000000000e+00,-8.070451772586602346e-02,-0.000000000000000000e+00,-0.000000000000000000e+00,-0.000000000000000000e+00,-3.386825949265300228e-01,-1.017223872636178056e-01,-5.676528959849337641e-02,-6.262351422801595846e-02,-0.000000000000000000e+00,-0.000000000000000000e+00
-3.670366917627916892e-01,-0.000000000000000000e+00,0.000000000000000000e+00,0.000000000000000000e+00,-0.000000000000000000e+00,-0.000000000000000000e+00,0.000000000000000000e+00,-0.000000000000000000e+00,-0.000000000000000000e+00,-0.000000000000000000e+00,-0.000000000000000000e+00,-2.908962036277119023e-01,-1.140362531598575341e-01,-1.013096315389519497e-01,1.663468462115997637e+00,-0.000000000000000000e+00,-0.000000000000000000e+00,0.000000000000000000e+00,0.000000000000000000e+00,-0.000000000000000000e+00,-0.000000000000000000e+00,-0.000000000000000000e+00,-0.000000000000000000e+00,-0.000000000000000000e+00,-0.000000000000000000e+00,-7.578871425143926532e-02,0.000000000000000000e+00,-0.000000000000000000e+00,-0.000000000000000000e+00,-0.000000000000000000e+00,0.000000000000000000e+00,-0.000000000000000000e+00,0.000000000000000000e+00,-3.187897032514498963e-01,-0.000000000000000000e+00,-0.000000000000000000e+00,-0.000000000000000000e+00,-1.319521309827637046e-01,-0.000000000000000000e+00
-4.963463352660255068e-01,-0.000000000000000000e+00,0.000000000000000000e+00,-0.000000000000000000e+00,-0.000000000000000000e+00,-0.000000000000000000e+00,-0.000000000000000000e+00,-2.882051966953161001e-02,-2.448145680241609889e-01,-9.846549798780626084e-01,-0.000000000000000000e+00,-0.000000000000000000e+00,-0.000000000000000000e+00,-0.000000000000000000e+00,-0.000000000000000000e+00,2.946815012215636020e+00,-3.423031375613017763e-02,-7.896776185808820903e-02,0.000000000000000000e+00,-6.862775623684086446e-02,0.000000000000000000e+00,-1.982972760852898600e-02,-0.000000000000000000e+00,-4.314197375478188989e-02,-0.000000000000000000e+00,-0.000000000000000000e+00,0.000000000000000000e+00,-0.000000000000000000e+00,-0.000000000000000000e+00,-4.400184991652901778e-01,0.000000000000000000e+00,-5.044857709505134319e-02,1.764966493962256411e-01,-0.000000000000000000e+00,-0.000000000000000000e+00,-0.000000000000000000e+00,-0.000000000000000000e+00,-5.555981881841630665e-01,-0.000000000000000000e+00
-2.789922757099224104e-01,-0.000000000000000000e+00,0.000000000000000000e+00,0.000000000000000000e+00,-0.000000000000000000e+00,-1.265876103397732544e-01,0.000000000000000000e+00,-0.000000000000000000e+00,-0.000000000000000000e+00,-0.000000000000000000e+00,-4.936383437166552701e-01,-0.000000000000000000e+00,-0.000000000000000000e+00,-3.195503326098601826e-02,-0.000000000000000000e+00,-3.423031375613017763e-02,2.494762862750268262e+00,-0.000000000000000000e+00,-0.000000000000000000e+00,-0.000000000000000000e+00,-0.000000000000000000e+00,-0.000000000000000000e+00,-0.000000000000000000e+00,-2.340492666744727335e-01,-0.000000000000000000e+00,-4.805895012231659047e-01,-0.000000000000000000e+00,-1.334622876820189957e-02,-2.227115271648324735e-01,-1.630400213783651242e-01,-0.000000000000000000e+00,-2.484357647293559679e-01,-0.000000000000000000e+00,-0.000000000000000000e+00,-1.744568077514047633e-01,-1.516533204046071996e-02,-4.096973832315196212e-02,-0.000000000000000000e+00,0.000000000000000000e+00
-1.010724272555563324e-01,0.000000000000000000e+00,2.713241910837368986e-01,-0.000000000000000000e+00,0.000000000000000000e+00,-0.000000000000000000e+00,-4.754632330644132515e-02,-8.961695968640068233e-02,-0.000000000000000000e+00,-0.000000000000000000e+00,-0.000000000000000000e+00,-0.000000000000000000e+00,-1.274861787666550506e-01,-0.000000000000000000e+00,0.000000000000000000e+00,-7.896776185808820903e-02,-0.000000000000000000e+00,1.376019730327436408e+00,-2.638098471645746734e-01,-8.998701916024530456e-02,-0.000000000000000000e+00,-1.291254596013739764e-01,-0.000000000000000000e+00,-0.000000000000000000e+00,-0.000000000000000000e+00,-0.000000000000000000e+00,0.000000000000000000e+00,-2.031757579379852297e-01,-8.932906274226975335e-03,-0.000000000000000000e+00,0.000000000000000000e+00,-0.000000000000000000e+00,1.246692526959843894e-01,0.000000000000000000e+00,-0.000000000000000000e+00,0.000000000000000000e+00,-0.000000000000000000e+00,-0.000000000000000000e+00,-0.000000000000000000e+00
0.000000000000000000e+00,6.304180741352598261e-02,2.580775147618736675e-03,0.000000000000000000e+00,2.542854142615207924e-01,0.000000000000000000e+00,-0.000000000000000000e+00,-2.769381970151166619e-02,6.068433839048783390e-02,0.000000000000000000e+00,-0.000000000000000000e+00,0.000000000000000000e+00,-0.000000000000000000e+00,0.000000000000000000e+00,0.000000000000000000e+00,0.000000000000000000e+00,-0.000000000000000000e+00,-2.638098471645746734e-01,1.347126414959655571e+00,-0.000000000000000000e+00,-0.000000000000000000e+00,-0.000000000000000000e+00,0.000000000000000000e+00,0.000000000000000000e+00,0.000000000000000000e+00,-0.000000000000000000e+00,-7.014747094218716505e-02,-0.000000000000000000e+00,-3.782373677893319935e-02,0.000000000000000000e+00,0.000000000000000000e+00,-0.000000000000000000e+00,0.000000000000000000e+00,3.807072556462666735e-01,-0.000000000000000000e+00,-0.000000000000000000e+00,-0.000000000000000000e+00,0.000000000000000000e+00,8.003321578071462272e-02
-0.000000000000000000e+00,-0.000000000000000000e+00,0.000000000000000000e+00,-0.000000000000000000e+00,-0.000000000000000000e+00,0.000000000000000000e+00,-0.000000000000000000e+00,-0.000000000000000000e+00,-0.000000000000000000e+00,-1.305342308758734304e-01,0.000000000000000000e+00,-0.000000000000000000e+00,-0.000000000000000000e+00,0.000000000000000000e+00,-0.000000000000000000e+00,-6.862775623684086446e-02,-0.000000000000000000e+00,-8.998701916024530456e-02,-0.000000000000000000e+00,1.100572163341492216e+00,-0.000000000000000000e+00,-1.414134992657233303e-01,-0.000000000000000000e+00,0.000000000000000000e+00,-0.000000000000000000e+00,-0.000000000000000000e+00,-0.000000000000000000e+00,-0.000000000000000000e+00,-0.000000000000000000e+00,-0.000000000000000000e+00,0.000000000000000000e+00,-0.000000000000000000e+00,5.289180306004653831e-02,-0.000000000000000000e+00,-0.000000000000000000e+00,-0.000000000000000000e+00,-0.000000000000000000e+00,-0.000000000000000000e+00,-4.203015936171736883e-02
-0.000000000000000000e+00,0.000000000000000000e+00,-0.000000000000000000e+00,-0.000000000000000000e+00,-0.000000000000000000e+00,-5.827128990428370736e-02,0.000000000000000000e+00,-0.000000000000000000e+00,-0.000000000000000000e+00,0.000000000000000000e+00,-1.193635344849997004e-02,-1.562110474591707765e-01,-8.294762072835539261e-04,-0.000000000000000000e+00,-0.000000000000000000e+00,0.000000000000000000e+00,-0.000000000000000000e+00,-0.000000000000000000e+00,-0.000000000000000000e+00,-0.000000000000000000e+00,1.252807431489256329e+00,-0.000000000000000000e+00,-0.000000000000000000e+00,-0.000000000000000000e+00,-2.013557809695832868e-01,-0.000000000000000000e+00,-0.000000000000000000e+00,-3.966526712612245681e-02,-2.361339782531392539e-01,0.000000000000000000e+00,-0.000000000000000000e+00,-0.000000000000000000e+00,-3.498047696425121006e-02,-0.000000000000000000e+00,-0.000000000000000000e+00,-0.000000000000000000e+00,-0.000000000000000000e+00,-0.000000000000000000e+00,0.000000000000000000e+00
-0.000000000000000000e+00,-0.000000000000000000e+00,0.000000000000000000e+00,-0.000000000000000000e+00,0.000000000000000000e+00,0.000000000000000000e+00,-0.000000000000000000e+00,-1.002489759535822589e-02,-0.000000000000000000e+00,-0.000000000000000000e+00,0.000000000000000000e+00,-0.000000000000000000e+00,-1.161332989826236589e-02,0.000000000000000000e+00,-0.000000000000000000e+00,-1.982972760852898600e-02,-0.000000000000000000e+00,-1.291254596013739764e-01,-0.000000000000000000e+00,-1.414134992657233303e-01,-0.000000000000000000e+00,1.160146320766752615e+00,-0.000000000000000000e+00,0.000000000000000000e+00,-0.000000000000000000e+00,-0.000000000000000000e+00,0.000000000000000000e+00,-0.000000000000000000e+00,0.000000000000000000e+00,-0.000000000000000000e+00,0.000000000000000000e+00,-0.000000000000000000e+00,1.609983478925773037e-01,-0.000000000000000000e+00,0.000000000000000000e+00,0.000000000000000000e+00,0.000000000000000000e+00,-0.000000000000000000e+00,-2.477774100453116746e-01
-1.970346221062235503e-01,-8.907775737130825544e-02,-0.000000000000000000e+00,-0.000000000000000000e+00,-0.000000000000000000e+00,-0.000000000000000000e+00,0.000000000000000000e+00,0.000000000000000000e+00,-0.000000000000000000e+00,-0.000000000000000000e+00,-0.000000000000000000e+00,-1.318015591769390038e-01,-0.000000000000000000e+00,-1.351377734543546538e-01,-0.000000000000000000e+00,-0.000000000000000000e+00,-0.000000000000000000e+00,-0.000000000000000000e+00,0.000000000000000000e+00,-0.000000000000000000e+00,-0.000000000000000000e+00,-0.000000000000000000e+00,1.910823321756815130e+00,-0.000000000000000000e+00,-8.982775779653279224e-01,-4.845103847997767055e-02,-0.000000000000000000e+00,-0.000000000000000000e+00,-0.000000000000000000e+00,-0.000000000000000000e+00,-6.735153110820094047e-02,-0.000000000000000000e+00,-0.000000000000000000e+00,-4.019720975877273672e-02,-0.000000000000000000e+00,-0.000000000000000000e+00,-0.000000000000000000e+00,-3.253262053858049091e-02,-0.000000000000000000e+00
-8.514525809237584453e-02,-0.000000000000000000e+00,-0.000000000000000000e+00,0.000000000000000000e+00,-0.000000000000000000e+00,-0.000000000000000000e+00,-0.000000000000000000e+00,0.000000000000000000e+00,-1.778013875444665881e-02,-0.000000000000000000e+00,-0.000000000000000000e+00,-4.414229533167228492e-02,-0.000000000000000000e+00,-7.213293038500971921e-01,-0.000000000000000000e+00,-4.314197375478188989e-02,-2.340492666744727335e-01,-0.000000000000000000e+00,0.000000000000000000e+00,0.000000000000000000e+00,-0.000000000000000000e+00,0.000000000000000000e+00,-0.000000000000000000e+00,1.968768626089570040e+00,-8.379549948707025464e-02,-0.000000000000000000e+00,-0.000000000000000000e+00,-1.049133152719690515e-01,-8.040713969649546100e-03,-1.612154490788789141e-01,-0.000000000000000000e+00,-5.666551377495279013e-02,-0.000000000000000000e+00,-0.000000000000000000e+00,-4.205581601542018877e-02,-0.000000000000000000e+00,-1.529124772894181195e-01,-0.000000000000000000e+00,-0.000000000000000000e+00
-2.151433962574969549e-01,-0.000000000000000000e+00,-0.000000000000000000e+00,-0.000000000000000000e+00,-0.000000000000000000e+00,-2.883393095790270366e-01,0.000000000000000000e+00,0.000000000000000000e+00,-0.000000000000000000e+00,0.000000000000000000e+00,-0.000000000000000000e+00,-1.190123558720996080e-02,-6.370854918622630148e-02,-6.355780189504534050e-01,-0.000000000000000000e+00,-0.000000000000000000e+00,-0.000000000000000000e+00,-0.000000000000000000e+00,0.000000000000000000e+00,-0.000000000000000000e+00,-2.013557809695832868e-01,-0.000000000000000000e+00,-8.982775779653279224e-01,-8.379549948707025464e-02,2.791375256916315717e+00,-7.455743985265134155e-02,0.000000000000000000e+00,-3.282430180796212515e-01,-1.785385253400855465e-01,-0.000000000000000000e+00,-0.000000000000000000e+00,-0.000000000000000000e+00,-0.000000000000000000e+00,-0.000000000000000000e+00,-0.000000000000000000e+00,-0.000000000000000000e+00,-6.395530340799152058e-02,-0.000000000000000000e+00,-0.000000000000000000e+00
-2.102610347739592711e-01,-0.000000000000000000e+00,0.000000000000000000e+00,0.000000000000000000e+00,-1.178886470818090448e-01,-0.000000000000000000e+00,0.000000000000000000e+00,-0.000000000000000000e+00,-0.000000000000000000e+00,-0.000000000000000000e+00,-1.042292728002036234e-01,-6.951917150292247216e-02,-0.000000000000000000e+00,-0.000000000000000000e+00,-7.578871425143926532e-02,-0.000000000000000000e+00,-4.805895012231659047e-01,-0.000000000000000000e+00,-0.000000000000000000e+00,-0.000000000000000000e+00,-0.000000000000000000e+00,-0.000000000000000000e+00,-4.845103847997767055e-02,-0.000000000000000000e+00,-7.455743985265134155e-02,2.432795727292683452e+00,-3.330423470159483146e-01,-5.199776317010694482e-02,-5.048582519534722257e-01,-0.000000000000000000e+00,-0.000000000000000000e+00,-3.844073133830646638e-01,-0.000000000000000000e+00,-0.000000000000000000e+00,-5.982257282787870056e-02,-0.000000000000000000e+00,-0.000000000000000000e+00,-0.000000000000000000e+00,0.000000000000000000e+00
0.000000000000000000e+00,-0.000000000000000000e+00,-0.000000000000000000e+00,0.000000000000000000e+00,-0.000000000000000000e+00,-0.000000000000000000e+00,0.000000000000000000e+00,-0.000000000000000000e+00,0.000000000000000000e+00,0.000000000000000000e+00,-1.410663977814835823e-01,0.000000000000000000e+00,2.204203247737545474e-02,0.000000000000000000e+00,0.000000000000000000e+00,0.000000000000000000e+00,-0.000000000000000000e+00,0.000000000000000000e+00,-7.014747094218716505e-02,-0.000000000000000000e+00,-0.000000000000000000e+00,0.000000000000000000e+00,-0.000000000000000000e+00,-0.000000000000000000e+00,0.000000000000000000e+00,-3.330423470159483146e-01,1.890378857589699368e+00,0.000000000000000000e+00,-0.000000000000000000e+00,0.000000000000000000e+00,-6.474569384464952115e-01,-3.885554135500024486e-01,-0.000000000000000000e+00,2.989507170730500152e-02,-6.732277188142608837e-02,-1.602308191698290085e-01,-0.000000000000000000e+00,0.000000000000000000e+00,6.110237611877867951e-03
-2.287556015702980339e-01,0.000000000000000000e+00,0.000000000000000000e+00,0.000000000000000000e+00,-0.000000000000000000e+00,-9.768772673040407306e-02,0.000000000000000000e+00,-0.000000000000000000e+00,-0.000000000000000000e+00,0.000000000000000000e+00,-0.000000000000000000e+00,-3.766866354583637277e-01,-2.627858973095076323e-01,-0.000000000000000000e+00,-0.000000000000000000e+00,-0.000000000000000000e+00,-1.334622876820189957e-02,-2.031757579379852297e-01,-0.000000000000000000e+00,-0.000000000000000000e+00,-3.966526712612245681e-02,-0.000000000000000000e+00,-0.000000000000000000e+00,-1.049133152719690515e-01,-3.282430180796212515e-01,-5.199776317010694482e-02,0.000000000000000000e+00,2.056085501779203462e+00,-5.218438146194105398e-01,-0.000000000000000000e+00,-0.000000000000000000e+00,-0.000000000000000000e+00,-0.000000000000000000e+00,-0.000000000000000000e+00,-0.000000000000000000e+00,-0.000000000000000000e+00,-0.000000000000000000e+00,-0.000000000000000000e+00,0.000000000000000000e+00
-0.000000000000000000e+00,0.000000000000000000e+00,0.000000000000000000e+00,0.000000000000000000e+00,-0.000000000000000000e+00,-1.149588862144601126e-01,0.000000000000000000e+00,-0.000000000000000000e+00,0.000000000000000000e+00,0.000000000000000000e+00,-1.746067485833265598e-01,-5.520567584767103325e-03,-0.000000000000000000e+00,-0.000000000000000000e+00,-0.000000000000000000e+00,-0.000000000000000000e+00,-2.227115271648324735e-01,-8.932906274226975335e-03,-3.782373677893319935e-02,-0.000000000000000000e+00,-2.361339782531392539e-01,0.000000000000000000e+00,-0.000000000000000000e+00,-8.040713969649546100e-03,-1.785385253400855465e-01,-5.048582519534722257e-01,-0.000000000000000000e+00,-5.218438146194105398e-01,2.756702697172846772e+00,-0.000000000000000000e+00,-0.000000000000000000e+00,-2.834934322519858663e-01,-0.000000000000000000e+00,-0.000000000000000000e+00,-0.000000000000000000e+00,-0.000000000000000000e+00,-7.160521927783848328e-01,-0.000000000000000000e+00,1.531306922904145662e-01
-0.000000000000000000e+00,-0.000000000000000000e+00,0.000000000000000000e+00,-0.000000000000000000e+00,-1.019938265997741011e-01,-0.000000000000000000e+00,-0.000000000000000000e+00,-0.000000000000000000e+00,-6.705025970146626380e-01,-4.875652638223343383e-01,-0.000000000000000000e+00,-0.000000000000000000e+00,-0.000000000000000000e+00,-8.070451772586602346e-02,-0.000000000000000000e+00,-4.400184991652901778e-01,-1.630400213783651242e-01,-0.000000000000000000e+00,0.000000000000000000e+00,-0.000000000000000000e+00,0.000000000000000000e+00,-0.000000000000000000e+00,-0.000000000000000000e+00,-1.612154490788789141e-01,-0.000000000000000000e+00,-0.000000000000000000e+00,0.000000000000000000e+00,-0.000000000000000000e+00,-0.000000000000000000e+00,2.456082423001084702e+00,-0.000000000000000000e+00,-0.000000000000000000e+00,0.000000000000000000e+00,-1.817971783786846984e-01,-0.000000000000000000e+00,-1.793041762640266434e-01,-0.000000000000000000e+00,-0.000000000000000000e+00,-0.000000000000000000e+00
0.000000000000000000e+00,-1.389054298692751210e-01,-1.225322295194085365e-02,0.000000000000000000e+00,-0.000000000000000000e+00,-3.709462006741712919e-02,0.000000000000000000e+00,0.000000000000000000e+00,0.000000000000000000e+00,0.000000000000000000e+00,-1.103674509746783716e-01,-0.000000000000000000e+00,4.003695108855887530e-01,-0.000000000000000000e+00,0.000000000000000000e+00,0.000000000000000000e+00,-0.000000000000000000e+00,0.000000000000000000e+00,0.000000000000000000e+00,0.000000000000000000e+00,-0.000000000000000000e+00,0.000000000000000000e+00,-6.735153110820094047e-02,-0.000000000000000000e+00,-0.000000000000000000e+00,-0.000000000000000000e+00,-6.474569384464952115e-01,-0.000000000000000000e+00,-0.000000000000000000e+00,-0.000000000000000000e+00,1.943840618983755597e+00,-0.000000000000000000e+00,-5.634917784795351325e-01,0.000000000000000000e+00,-7.671566296249562877e-02,-2.116183367108875890e-01,-0.000000000000000000e+00,0.000000000000000000e+00,0.000000000000000000e+00
-0.000000000000000000e+00,-0.000000000000000000e+00,0.000000000000000000e+00,0.000000000000000000e+00,-0.000000000000000000e+00,-0.000000000000000000e+00,0.000000000000000000e+00,-0.000000000000000000e+00,-0.000000000000000000e+00,-0.000000000000000000e+00,-0.000000000000000000e+00,-0.000000000000000000e+00,-0.000000000000000000e+00,-0.000000000000000000e+00,-0.000000000000000000e+00,-5.044857709505134319e-02,-2.484357647293559679e-01,-0.000000000000000000e+00,-0.000000000000000000e+00,-0.000000000000000000e+00,-0.000000000000000000e+00,-0.000000000000000000e+00,-0.000000000000000000e+00,-5.666551377495279013e-02,-0.000000000000000000e+00,-3.844073133830646638e-01,-3.885554135500024486e-01,-0.000000000000000000e+00,-2.834934322519858663e-01,-0.000000000000000000e+00,-0.000000000000000000e+00,2.443306737707465093e+00,-0.000000000000000000e+00,-0.000000000000000000e+00,-4.462464185511327286e-01,-2.328512681414242891e-01,-3.243744331870147546e-01,-0.000000000000000000e+00,0.000000000000000000e+00
0.000000000000000000e+00,-0.000000000000000000e+00,-4.860925899217968249e-01,0.000000000000000000e+00,-1.454875797056774112e-01,-1.392923016992695384e-01,0.000000000000000000e+00,1.318448185519798255e-01,0.000000000000000000e+00,1.865303037318995216e-01,-0.000000000000000000e+00,-0.000000000000000000e+00,0.000000000000000000e+00,-0.000000000000000000e+00,0.000000000000000000e+00,1.764966493962256411e-01,-0.000000000000000000e+00,1.246692526959843894e-01,0.000000000000000000e+00,5.289180306004653831e-02,-3.498047696425121006e-02,1.609983478925773037e-01,-0.000000000000000000e+00,-0.000000000000000000e+00,-0.000000000000000000e+00,-0.000000000000000000e+00,-0.000000000000000000e+00,-0.000000000000000000e+00,-0.000000000000000000e+00,0.000000000000000000e+00,-5.634917784795351325e-01,-0.000000000000000000e+00,1.746098548734226874e+00,-0.000000000000000000e+00,-0.000000000000000000e+00,-0.000000000000000000e+00,-0.000000000000000000e+00,0.000000000000000000e+00,0.000000000000000000e+00
-8.804352585362641703e-02,-0.000000000000000000e+00,-0.000000000000000000e+00,-0.000000000000000000e+00,-4.103628135227407880e-01,-0.000000000000000000e+00,0.000000000000000000e+00,0.000000000000000000e+00,-7.181675829541315226e-01,-0.000000000000000000e+00,-0.000000000000000000e+00,-3.377550503132134563e-01,-0.000000000000000000e+00,-3.386825949265300228e-01,-3.187897032514498963e-01,-0.000000000000000000e+00,-0.000000000000000000e+00,0.000000000000000000e+00,3.807072556462666735e-01,-0.000000000000000000e+00,-0.000000000000000000e+00,-0.000000000000000000e+00,-4.019720975877273672e-02,-0.000000000000000000e+00,-0.000000000000000000e+00,-0.000000000000000000e+00,2.989507170730500152e-02,-0.000000000000000000e+00,-0.000000000000000000e+00,-1.817971783786846984e-01,0.000000000000000000e+00,-0.000000000000000000e+00,-0.000000000000000000e+00,2.698823249375762678e+00,-0.000000000000000000e+00,-0.000000000000000000e+00,-0.000000000000000000e+00,-2.356986327309816831e-01,-0.000000000000000000e+00
-0.000000000000000000e+00,-0.000000000000000000e+00,0.000000000000000000e+00,0.000000000000000000e+00,-0.000000000000000000e+00,-9.014591429043235238e-02,0.000000000000000000e+00,-0.000000000000000000e+00,-0.000000000000000000e+00,-0.000000000000000000e+00,-1.482816556790380880e-01,-0.000000000000000000e+00,-0.000000000000000000e+00,-1.017223872636178056e-01,-0.000000000000000000e+00,-0.000000000000000000e+00,-1.744568077514047633e-01,-0.000000000000000000e+00,-0.000000000000000000e+00,-0.000000000000000000e+00,-0.000000000000000000e+00,0.000000000000000000e+00,-0.000000000000000000e+00,-4.205581601542018877e-02,-0.000000000000000000e+00,-5.982257282787870056e-02,-6.732277188142608837e-02,-0.000000000000000000e+00,-0.000000000000000000e+00,-0.000000000000000000e+00,-7.671566296249562877e-02,-4.462464185511327286e-01,-0.000000000000000000e+00,-0.000000000000000000e+00,2.769447873441137631e+00,-7.341923398622260954e-01,-8.410462010981737402e-01,-0.000000000000000000e+00,0.000000000000000000e+00
-0.000000000000000000e+00,-0.000000000000000000e+00,0.000000000000000000e+00,0.000000000000000000e+00,-0.000000000000000000e+00,-0.000000000000000000e+00,0.000000000000000000e+00,-0.000000000000000000e+00,-0.000000000000000000e+00,-0.000000000000000000e+00,-8.559181498873184857e-02,-0.000000000000000000e+00,-0.000000000000000000e+00,-5.676528959849337641e-02,-0.000000000000000000e+00,-0.000000000000000000e+00,-1.516533204046071996e-02,0.000000000000000000e+00,-0.000000000000000000e+00,-0.000000000000000000e+00,-0.000000000000000000e+00,0.000000000000000000e+00,-0.000000000000000000e+00,-0.000000000000000000e+00,-0.000000000000000000e+00,-0.000000000000000000e+00,-1.602308191698290085e-01,-0.000000000000000000e+00,-0.000000000000000000e+00,-1.793041762640266434e-01,-2.116183367108875890e-01,-2.328512681414242891e-01,-0.000000000000000000e+00,-0.000000000000000000e+00,-7.341923398622260954e-01,2.025782097050411235e+00,-1.844876095935223392e-01,-0.000000000000000000e+00,0.000000000000000000e+00
-0.000000000000000000e+00,-0.000000000000000000e+00,0.000000000000000000e+00,0.000000000000000000e+00,-0.000000000000000000e+00,-3.482829665463338942e-01,0.000000000000000000e+00,-0.000000000000000000e+00,-0.000000000000000000e+00,0.000000000000000000e+00,-2.361528395391952195e-01,-0.000000000000000000e+00,-0.000000000000000000e+00,-6.262351422801595846e-02,-0.000000000000000000e+00,-0.000000000000000000e+00,-4.096973832315196212e-02,-0.000000000000000000e+00,-0.000000000000000000e+00,-0.000000000000000000e+00,-0.000000000000000000e+00,0.000000000000000000e+00,-0.000000000000000000e+00,-1.529124772894181195e-01,-6.395530340799152058e-02,-0.000000000000000000e+00,-0.000000000000000000e+00,-0.000000000000000000e+00,-7.160521927783848328e-01,-0.000000000000000000e+00,-0.000000000000000000e+00,-3.243744331870147546e-01,-0.000000000000000000e+00,-0.000000000000000000e+00,-8.410462010981737402e-01,-1.844876095935223392e-01,2.917569216683838285e+00,-0.000000000000000000e+00,0.000000000000000000e+00
-1.109427586964151891e+00,-0.000000000000000000e+00,0.000000000000000000e+00,-0.000000000000000000e+00,-0.000000000000000000e+00,-0.000000000000000000e+00,-0.000000000000000000e+00,-0.000000000000000000e+00,-3.906813484384802915e-01,-0.000000000000000000e+00,-0.000000000000000000e+00,-3.636633690792776680e-02,-0.000000000000000000e+00,-0.000000000000000000e+00,-1.319521309827637046e-01,-5.555981881841630665e-01,-0.000000000000000000e+00,-0.000000000000000000e+00,0.000000000000000000e+00,-0.000000000000000000e+00,-0.000000000000000000e+00,-0.000000000000000000e+00,-3.253262053858049091e-02,-0.000000000000000000e+00,-0.000000000000000000e+00,-0.000000000000000000e+00,0.000000000000000000e+00,-0.000000000000000000e+00,-0.000000000000000000e+00,-0.000000000000000000e+00,0.000000000000000000e+00,-0.000000000000000000e+00,0.000000000000000000e+00,-2.356986327309816831e-01,-0.000000000000000000e+00,-0.000000000000000000e+00,-0.000000000000000000e+00,2.900284279846477187e+00,-4.369177483004113571e-01
-0.000000000000000000e+00,-4.804840901428722999e-01,-0.000000000000000000e+00,-1.276608315785838499e-01,-0.000000000000000000e+00,0.000000000000000000e+00,-4.315917001538313591e-02,0.000000000000000000e+00,-3.211580343173130458e-01,-1.968144603764564182e-01,0.000000000000000000e+00,-0.000000000000000000e+00,0.000000000000000000e+00,-0.000000000000000000e+00,-0.000000000000000000e+00,-0.000000000000000000e+00,0.000000000000000000e+00,-0.000000000000000000e+00,8.003321578071462272e-02,-4.203015936171736883e-02,0.000000000000000000e+00,-2.477774100453116746e-01,-0.000000000000000000e+00,-0.000000000000000000e+00,-0.000000000000000000e+00,0.000000000000000000e+00,6.110237611877867951e-03,0.000000000000000000e+00,1.531306922904145662e-01,-0.000000000000000000e+00,0.000000000000000000e+00,0.000000000000000000e+00,0.000000000000000000e+00,-0.000000000000000000e+00,0.000000000000000000e+00,0.000000000000000000e+00,0.000000000000000000e+00,-4.369177483004113571e-01,1.820545735109429852e+00
