1.861589022199853005e+00,-4.903399736996414404e-01,-0.000000000000000000e+00,-0.000000000000000000e+00,-0.000000000000000000e+00,0.000000000000000000e+00,-0.000000000000000000e+00,0.000000000000000000e+00,-9.090814152936682602e-02,-0.000000000000000000e+00,0.000000000000000000e+00,-0.000000000000000000e+00,0.000000000000000000e+00,-0.000000000000000000e+00,-0.000000000000000000e+00,-7.533701621455220210e-02,-2.233706863161348186e-02,-5.021832875878103758e-02,-0.000000000000000000e+00,-0.000000000000000000e+00,-0.000000000000000000e+00,-0.000000000000000000e+00,0.000000000000000000e+00,-0.000000000000000000e+00,0.000000000000000000e+00,-0.000000000000000000e+00,-0.000000000000000000e+00,-0.000000000000000000e+00,0.000000000000000000e+00,-0.000000000000000000e+00,-0.000000000000000000e+00,-0.000000000000000000e+00,0.000000000000000000e+00,-0.000000000000000000e+00,-6.903185831023177232e-02,-0.000000000000000000e+00,-1.340939910668315083e-01,-3.836771165699518482e-01,-2.680270060899458962e-01
-4.903399736996414404e-01,2.398717900075455045e+00,-0.000000000000000000e+00,-0.000000000000000000e+00,-0.000000000000000000e+00,0.000000000000000000e+00,-1.115797457213139193e-02,-0.000000000000000000e+00,-7.811009997438633778e-02,-2.691281847147460882e-01,0.000000000000000000e+00,-4.320957113467523841e-02,0.000000000000000000e+00,-0.000000000000000000e+00,-8.965577855177818412e-02,-2.864072460389739394e-01,-1.179105892092621038e-01,-4.371590314107642178e-02,-0.000000000000000000e+00,-1.120415598946552654e-01,0.000000000000000000e+00,-0.000000000000000000e+00,0.000000000000000000e+00,-0.000000000000000000e+00,0.000000000000000000e+00,-0.000000000000000000e+00,0.000000000000000000e+00,-0.000000000000000000e+00,0.000000000000000000e+00,-2.579410538796540475e-01,-1.168816268029956862e-01,-0.000000000000000000e+00,0.000000000000000000e+00,-0.000000000000000000e+00,-0.000000000000000000e+00,-0.000000000000000000e+00,-2.137003721803897860e-01,-0.000000000000000000e+00,-3.372303924289772881e-01
-0.000000000000000000e+00,-0.000000000000000000e+00,1.948537392804888801e+00,-6.820116274734901694e-03,-3.878400099116420252e-01,0.000000000000000000e+00,-2.567726275624853012e-03,7.225234246715316333e-01,-4.006126749303108581e-02,-4.761199014444904287e-02,0.000000000000000000e+00,-0.000000000000000000e+00,0.000000000000000000e+00,-0.000000000000000000e+00,-0.000000000000000000e+00,-1.165648772840089178e-02,-0.000000000000000000e+00,-1.370195317999087226e-01,-2.221123665864562224e-01,-0.000000000000000000e+00,-5.504797355913527285e-02,-3.672453105029773179e-01,0.000000000000000000e+00,-0.000000000000000000e+00,0.000000000000000000e+00,-0.000000000000000000e+00,-0.000000000000000000e+00,-0.000000000000000000e+00,0.000000000000000000e+00,-0.000000000000000000e+00,0.000000000000000000e+00,-0.000000000000000000e+00,-0.000000000000000000e+00,-0.000000000000000000e+00,-0.000000000000000000e+00,-0.000000000000000000e+00,-0.000000000000000000e+00,-1.640057024796615914e-01,-0.000000000000000000e+00
-0.000000000000000000e+00,-0.000000000000000000e+00,-6.820116274734901694e-03,1.851028489440357028e+00,-0.000000000000000000e+00,-0.000000000000000000e+00,-5.742676591955818699e-01,0.000000000000000000e+00,-0.000000000000000000e+00,-1.642988793062632180e-01,3.711580451223864263e-02,-0.000000000000000000e+00,0.000000000000000000e+00,0.000000000000000000e+00,-0.000000000000000000e+00,-2.079344261094076551e-01,-0.000000000000000000e+00,-1.968741457917141113e-01,-0.000000000000000000e+00,-1.327242044740432614e-01,0.000000000000000000e+00,-0.000000000000000000e+00,0.000000000000000000e+00,-0.000000000000000000e+00,2.796437342500029954e-02,-3.676149466921251746e-02,0.000000000000000000e+00,-0.000000000000000000e+00,0.000000000000000000e+00,-1.908906290035499442e-01,-0.000000000000000000e+00,-0.000000000000000000e+00,0.000000000000000000e+00,-0.000000000000000000e+00,-0.000000000000000000e+00,-0.000000000000000000e+00,-0.000000000000000000e+00,-0.000000000000000000e+00,-0.000000000000000000e+00
-0.000000000000000000e+00,-0.000000000000000000e+00,-3.878400099116420252e-01,-0.000000000000000000e+00,1.449936002438104277e+00,-0.000000000000000000e+00,-0.000000000000000000e+00,1.301347965624902459e-01,-0.000000000000000000e+00,-0.000000000000000000e+00,-0.000000000000000000e+00,-0.000000000000000000e+00,0.000000000000000000e+00,-2.779924850340639297e-01,0.000000000000000000e+00,-0.000000000000000000e+00,0.000000000000000000e+00,-0.000000000000000000e+00,-0.000000000000000000e+00,-0.000000000000000000e+00,-4.100909561953320487e-02,-1.768937149695020208e-02,-0.000000000000000000e+00,-1.882875667774836226e-01,-0.000000000000000000e+00,-0.000000000000000000e+00,-0.000000000000000000e+00,-0.000000000000000000e+00,-0.000000000000000000e+00,-0.000000000000000000e+00,-0.000000000000000000e+00,-0.000000000000000000e+00,-1.661035780134364759e-01,-0.000000000000000000e+00,-0.000000000000000000e+00,-7.880021816190241335e-02,-0.000000000000000000e+00,-7.291973392491146733e-02,-0.000000000000000000e+00
0.000000000000000000e+00,0.000000000000000000e+00,0.000000000000000000e+00,-0.000000000000000000e+00,-0.000000000000000000e+00,1.319130409589637898e+00,0.000000000000000000e+00,-0.000000000000000000e+00,0.000000000000000000e+00,0.000000000000000000e+00,-2.697164356800591523e-01,0.000000000000000000e+00,-2.107198455714059167e-03,-7.360740130716851570e-02,0.000000000000000000e+00,0.000000000000000000e+00,-0.000000000000000000e+00,0.000000000000000000e+00,0.000000000000000000e+00,0.000000000000000000e+00,-0.000000000000000000e+00,-0.000000000000000000e+00,-1.829303459931170550e-01,-2.886114695854583023e-01,-6.456599828193598789e-02,-0.000000000000000000e+00,-0.000000000000000000e+00,-1.053032511826635098e-01,-0.000000000000000000e+00,0.000000000000000000e+00,-0.000000000000000000e+00,-0.000000000000000000e+00,-0.000000000000000000e+00,0.000000000000000000e+00,-0.000000000000000000e+00,-0.000000000000000000e+00,0.000000000000000000e+00,0.000000000000000000e+00,0.000000000000000000e+00
-0.000000000000000000e+00,-1.115797457213139193e-02,-2.567726275624853012e-03,-5.742676591955818699e-01,-0.000000000000000000e+00,0.000000000000000000e+00,2.220434454643545941e+00,0.000000000000000000e+00,-1.317019109468380023e-01,-9.026677813800010330e-02,1.945046368703325368e-01,-0.000000000000000000e+00,0.000000000000000000e+00,0.000000000000000000e+00,-0.000000000000000000e+00,-0.000000000000000000e+00,-0.000000000000000000e+00,-1.623360521702639503e-01,-1.397485221514050413e-01,-1.996108224758724181e-01,0.000000000000000000e+00,-0.000000000000000000e+00,1.402460895183813179e-02,0.000000000000000000e+00,7.827304561611926614e-02,-0.000000000000000000e+00,0.000000000000000000e+00,-0.000000000000000000e+00,2.518100890726127083e-01,-2.606058879976438925e-01,-0.000000000000000000e+00,-0.000000000000000000e+00,3.343727264637661508e-03,-1.316448151074798012e-01,-0.000000000000000000e+00,0.000000000000000000e+00,-0.000000000000000000e+00,-0.000000000000000000e+00,-0.000000000000000000e+00
0.000000000000000000e+00,-0.000000000000000000e+00,7.225234246715316333e-01,0.000000000000000000e+00,1.301347965624902459e-01,-0.000000000000000000e+00,0.000000000000000000e+00,1.818516737600388344e+00,0.000000000000000000e+00,0.000000000000000000e+00,-0.000000000000000000e+00,-0.000000000000000000e+00,-0.000000000000000000e+00,0.000000000000000000e+00,-0.000000000000000000e+00,0.000000000000000000e+00,-0.000000000000000000e+00,0.000000000000000000e+00,0.000000000000000000e+00,-0.000000000000000000e+00,4.675682864676163342e-01,0.000000000000000000e+00,0.000000000000000000e+00,0.000000000000000000e+00,0.000000000000000000e+00,-0.000000000000000000e+00,0.000000000000000000e+00,-0.000000000000000000e+00,0.000000000000000000e+00,-0.000000000000000000e+00,-0.000000000000000000e+00,-0.000000000000000000e+00,2.649831502846864417e-01,0.000000000000000000e+00,0.000000000000000000e+00,1.547118735749413443e-01,0.000000000000000000e+00,0.000000000000000000e+00,0.000000000000000000e+00
-9.090814152936682602e-02,-7.811009997438633778e-02,-4.006126749303108581e-02,-0.000000000000000000e+00,-0.000000000000000000e+00,0.000000000000000000e+00,-1.317019109468380023e-01,0.000000000000000000e+00,2.791926414093463649e+00,-6.438804982977576474e-02,0.000000000000000000e+00,-4.432528464763933057e-02,6.117504896330611466e-03,-0.000000000000000000e+00,-1.744090271654347712e-01,-1.285377263491401800e-01,-0.000000000000000000e+00,-1.685432670031550562e-01,-2.848407020289422942e-01,-5.495618389080024480e-02,0.000000000000000000e+00,-0.000000000000000000e+00,0.000000000000000000e+00,-0.000000000000000000e+00,6.349405005989906814e-02,-0.000000000000000000e+00,0.000000000000000000e+00,-0.000000000000000000e+00,0.000000000000000000e+00,-2.909887332723961051e-01,-0.000000000000000000e+00,-0.000000000000000000e+00,0.000000000000000000e+00,-5.596344940062881745e-01,-0.000000000000000000e+00,-0.000000000000000000e+00,-1.958635031112604952e-01,-2.895707891085621544e-01,-2.379512784976335893e-01
-0.000000000000000000e+00,-2.691281847147460882e-01,-4.761199014444904287e-02,-1.642988793062632180e-01,-0.000000000000000000e+00,0.000000000000000000e+00,-9.026677813800010330e-02,0.000000000000000000e+00,-6.438804982977576474e-02,2.689548059895740195e+00,0.000000000000000000e+00,-5.023536145464615466e-01,0.000000000000000000e+00,-0.000000000000000000e+00,-4.495626120368648865e-02,-4.543015675304276080e-01,-3.592283861578089016e-02,-4.622482207251037839e-02,-1.967653328373384913e-01,-6.212310155277382673e-02,0.000000000000000000e+00,-0.000000000000000000e+00,0.000000000000000000e+00,-0.000000000000000000e+00,0.000000000000000000e+00,-1.270982958947772801e-01,-0.000000000000000000e+00,-0.000000000000000000e+00,0.000000000000000000e+00,-3.065766328634742521e-01,-0.000000000000000000e+00,-4.227220645925414133e-02,0.000000000000000000e+00,-9.107827895458218623e-03,-0.000000000000000000e+00,-0.000000000000000000e+00,-8.487625061300067830e-02,-1.828218656005430875e-01,-1.052789891142750095e-01
0.000000000000000000e+00,0.000000000000000000e+00,0.000000000000000000e+00,3.711580451223864263e-02,-0.000000000000000000e+00,-2.697164356800591523e-01,1.945046368703325368e-01,-0.000000000000000000e+00,0.000000000000000000e+00,0.000000000000000000e+00,1.644332545955231817e+00,0.000000000000000000e+00,-1.479065644557251424e-01,-1.299408798050630531e-01,0.000000000000000000e+00,0.000000000000000000e+00,-0.000000000000000000e+00,4.411533295836500730e-03,0.000000000000000000e+00,3.656877430743533247e-02,-0.000000000000000000e+00,0.000000000000000000e+00,-2.010112720345336168e-01,-0.000000000000000000e+00,-2.772985045264220738e-01,-0.000000000000000000e+00,-9.277463839598326656e-02,-0.000000000000000000e+00,-1.754702726484456965e-01,0.000000000000000000e+00,-0.000000000000000000e+00,-0.000000000000000000e+00,-0.000000000000000000e+00,7.193036407432039370e-02,0.000000000000000000e+00,-0.000000000000000000e+00,0.000000000000000000e+00,0.000000000000000000e+00,0.000000000000000000e+00
-0.000000000000000000e+00,-4.320957113467523841e-02,-0.000000000000000000e+00,-0.000000000000000000e+00,-0.000000000000000000e+00,0.000000000000000000e+00,-0.000000000000000000e+00,-0.000000000000000000e+00,-4.432528464763933057e-02,-5.023536145464615466e-01,0.000000000000000000e+00,2.558407364330033573e+00,0.000000000000000000e+00,-0.000000000000000000e+00,-4.358676182818473910e-01,-2.436126258422024182e-01,-0.000000000000000000e+00,-5.840809749826125774e-02,-1.385377044564369553e-01,-2.952345495695147815e-01,0.000000000000000000e+00,-0.000000000000000000e+00,0.000000000000000000e+00,-0.000000000000000000e+00,0.000000000000000000e+00,-0.000000000000000000e+00,-0.000000000000000000e+00,-0.000000000000000000e+00,0.000000000000000000e+00,-1.885145739132672582e-01,-0.000000000000000000e+00,-7.231172134053087674e-02,0.000000000000000000e+00,-1.200714024381950573e-01,-0.000000000000000000e+00,0.000000000000000000e+00,-5.527906713430490865e-02,-1.223983584730547469e-01,-2.609388678066090761e-01
0.000000000000000000e+00,0.000000000000000000e+00,0.000000000000000000e+00,0.000000000000000000e+00,0.000000000000000000e+00,-2.107198455714059167e-03,0.000000000000000000e+00,-0.000000000000000000e+00,6.117504896330611466e-03,0.000000000000000000e+00,-1.479065644557251424e-01,0.000000000000000000e+00,1.246595969243242008e+00,-0.000000000000000000e+00,0.000000000000000000e+00,0.000000000000000000e+00,-0.000000000000000000e+00,0.000000000000000000e+00,0.000000000000000000e+00,0.000000000000000000e+00,-0.000000000000000000e+00,0.000000000000000000e+00,-2.757009105112378511e-01,-0.000000000000000000e+00,-8.766382898263239132e-02,-0.000000000000000000e+00,-3.466339593408291481e-02,-0.000000000000000000e+00,-2.969320451194458824e-02,0.000000000000000000e+00,-0.000000000000000000e+00,-0.000000000000000000e+00,-0.000000000000000000e+00,1.279832285955160021e-01,0.000000000000000000e+00,-0.000000000000000000e+00,2.671740611752817032e-02,0.000000000000000000e+00,0.000000000000000000e+00
-0.000000000000000000e+00,-0.000000000000000000e+00,-0.000000000000000000e+00,0.000000000000000000e+00,-2.779924850340639297e-01,-7.360740130716851570e-02,0.000000000000000000e+00,0.000000000000000000e+00,-0.000000000000000000e+00,-0.000000000000000000e+00,-1.299408798050630531e-01,-0.000000000000000000e+00,-0.000000000000000000e+00,1.466206236353662540e+00,-0.000000000000000000e+00,-0.000000000000000000e+00,-2.621725934889066259e-02,-0.000000000000000000e+00,-0.000000000000000000e+00,-0.000000000000000000e+00,-0.000000000000000000e+00,-2.859346475425138256e-02,-7.937201197343041192e-02,-4.015268828113262578e-01,-0.000000000000000000e+00,-0.000000000000000000e+00,-9.010361204388969703e-02,-0.000000000000000000e+00,-0.000000000000000000e+00,-0.000000000000000000e+00,-1.850809391079238364e-01,-1.810146033463128357e-01,-1.218118283989908868e-03,-0.000000000000000000e+00,-0.000000000000000000e+00,-5.663351215329256311e-02,-0.000000000000000000e+00,-0.000000000000000000e+00,-0.000000000000000000e+00
-0.000000000000000000e+00,-8.965577855177818412e-02,-0.000000000000000000e+00,-0.000000000000000000e+00,0.000000000000000000e+00,0.000000000000000000e+00,-0.000000000000000000e+00,-0.000000000000000000e+00,-1.744090271654347712e-01,-4.495626120368648865e-02,0.000000000000000000e+00,-4.358676182818473910e-01,0.000000000000000000e+00,-0.000000000000000000e+00,2.118811395775714868e+00,-0.000000000000000000e+00,-0.000000000000000000e+00,-0.000000000000000000e+00,-0.000000000000000000e+00,-1.806802179789285534e-01,0.000000000000000000e+00,-0.000000000000000000e+00,1.260488520732929718e-01,0.000000000000000000e+00,2.036777086612279186e-01,-0.000000000000000000e+00,0.000000000000000000e+00,0.000000000000000000e+00,2.218885380752156633e-01,-1.117960584172563998e-01,-0.000000000000000000e+00,-0.000000000000000000e+00,2.605800527780415821e-01,-2.791368403755685734e-01,-0.000000000000000000e+00,0.000000000000000000e+00,-0.000000000000000000e+00,-0.000000000000000000e+00,-0.000000000000000000e+00
-7.533701621455220210e-02,-2.864072460389739394e-01,-1.165648772840089178e-02,-2.079344261094076551e-01,-0.000000000000000000e+00,0.000000000000000000e+00,-0.000000000000000000e+00,0.000000000000000000e+00,-1.285377263491401800e-01,-4.543015675304276080e-01,0.000000000000000000e+00,-2.436126258422024182e-01,0.000000000000000000e+00,-0.000000000000000000e+00,-0.000000000000000000e+00,2.681156358464758860e+00,-2.116186510125915021e-01,-3.246031181096314389e-01,-1.703693486321029155e-02,-0.000000000000000000e+00,0.000000000000000000e+00,-0.000000000000000000e+00,0.000000000000000000e+00,-0.000000000000000000e+00,0.000000000000000000e+00,-1.434973144228039732e-01,-0.000000000000000000e+00,-0.000000000000000000e+00,0.000000000000000000e+00,-3.016645526314073456e-01,-0.000000000000000000e+00,-8.461056862625814315e-03,0.000000000000000000e+00,-0.000000000000000000e+00,-0.000000000000000000e+00,-0.000000000000000000e+00,-5.706959092481914825e-02,-3.190097864969259622e-01,-8.020524104996659687e-02
-2.233706863161348186e-02,-1.179105892092621038e-01,-0.000000000000000000e+00,-0.000000000000000000e+00,0.000000000000000000e+00,-0.000000000000000000e+00,-0.000000000000000000e+00,-0.000000000000000000e+00,-0.000000000000000000e+00,-3.592283861578089016e-02,-0.000000000000000000e+00,-0.000000000000000000e+00,-0.000000000000000000e+00,-2.621725934889066259e-02,-0.000000000000000000e+00,-2.116186510125915021e-01,1.258263355038973685e+00,-0.000000000000000000e+00,-0.000000000000000000e+00,-0.000000000000000000e+00,0.000000000000000000e+00,-0.000000000000000000e+00,0.000000000000000000e+00,-0.000000000000000000e+00,0.000000000000000000e+00,-0.000000000000000000e+00,-0.000000000000000000e+00,-0.000000000000000000e+00,0.000000000000000000e+00,-0.000000000000000000e+00,-3.592978593424627221e-01,-0.000000000000000000e+00,0.000000000000000000e+00,-0.000000000000000000e+00,-0.000000000000000000e+00,0.000000000000000000e+00,-0.000000000000000000e+00,-0.000000000000000000e+00,-0.000000000000000000e+00
-5.021832875878103758e-02,-4.371590314107642178e-02,-1.370195317999087226e-01,-1.968741457917141113e-01,-0.000000000000000000e+00,0.000000000000000000e+00,-1.623360521702639503e-01,0.000000000000000000e+00,-1.685432670031550562e-01,-4.622482207251037839e-02,4.411533295836500730e-03,-5.840809749826125774e-02,0.000000000000000000e+00,-0.000000000000000000e+00,-0.000000000000000000e+00,-3.246031181096314389e-01,-0.000000000000000000e+00,2.580097508393333072e+00,-5.236798405606454265e-01,-2.138580555625186896e-01,-0.000000000000000000e+00,-4.708541888861757230e-02,0.000000000000000000e+00,-0.000000000000000000e+00,0.000000000000000000e+00,-0.000000000000000000e+00,0.000000000000000000e+00,-0.000000000000000000e+00,0.000000000000000000e+00,-1.801694103308944528e-01,-0.000000000000000000e+00,-0.000000000000000000e+00,0.000000000000000000e+00,-2.115093074288270647e-01,-0.000000000000000000e+00,-0.000000000000000000e+00,-1.344023511041579355e-01,-5.984122410076925941e-02,-1.225200282559634340e-01
-0.000000000000000000e+00,-0.000000000000000000e+00,-2.221123665864562224e-01,-0.000000000000000000e+00,-0.000000000000000000e+00,0.000000000000000000e+00,-1.397485221514050413e-01,0.000000000000000000e+00,-2.848407020289422942e-01,-1.967653328373384913e-01,0.000000000000000000e+00,-1.385377044564369553e-01,0.000000000000000000e+00,-0.000000000000000000e+00,-0.000000000000000000e+00,-1.703693486321029155e-02,-0.000000000000000000e+00,-5.236798405606454265e-01,2.368546044966193254e+00,-1.011984887463231175e-01,-0.000000000000000000e+00,-0.000000000000000000e+00,0.000000000000000000e+00,-0.000000000000000000e+00,0.000000000000000000e+00,-0.000000000000000000e+00,0.000000000000000000e+00,-0.000000000000000000e+00,0.000000000000000000e+00,-4.610580095803667490e-04,-0.000000000000000000e+00,-0.000000000000000000e+00,0.000000000000000000e+00,-2.886605939520138775e-01,-0.000000000000000000e+00,-0.000000000000000000e+00,-0.000000000000000000e+00,-1.872665556283441557e-01,-2.265658936087015241e-01
-0.000000000000000000e+00,-1.120415598946552654e-01,-0.000000000000000000e+00,-1.327242044740432614e-01,-0.000000000000000000e+00,0.000000000000000000e+00,-1.996108224758724181e-01,-0.000000000000000000e+00,-5.495618389080024480e-02,-6.212310155277382673e-02,3.656877430743533247e-02,-2.952345495695147815e-01,0.000000000000000000e+00,-0.000000000000000000e+00,-1.806802179789285534e-01,-0.000000000000000000e+00,-0.000000000000000000e+00,-2.138580555625186896e-01,-1.011984887463231175e-01,2.225939445657564963e+00,0.000000000000000000e+00,-2.868550508468733495e-01,0.000000000000000000e+00,0.000000000000000000e+00,3.301330651908548734e-03,-0.000000000000000000e+00,0.000000000000000000e+00,-0.000000000000000000e+00,3.304520020440974981e-02,-2.243095394455741631e-01,-0.000000000000000000e+00,-0.000000000000000000e+00,0.000000000000000000e+00,-1.886132134438693042e-01,-0.000000000000000000e+00,0.000000000000000000e+00,-4.631880281996499787e-02,-0.000000000000000000e+00,-1.316092401995628269e-01
-0.000000000000000000e+00,0.000000000000000000e+00,-5.504797355913527285e-02,0.000000000000000000e+00,-4.100909561953320487e-02,-0.000000000000000000e+00,0.000000000000000000e+00,4.675682864676163342e-01,0.000000000000000000e+00,0.000000000000000000e+00,-0.000000000000000000e+00,0.000000000000000000e+00,-0.000000000000000000e+00,-0.000000000000000000e+00,0.000000000000000000e+00,0.000000000000000000e+00,0.000000000000000000e+00,-0.000000000000000000e+00,-0.000000000000000000e+00,0.000000000000000000e+00,1.635040801691335588e+00,-3.211103345683835597e-01,-0.000000000000000000e+00,-0.000000000000000000e+00,-0.000000000000000000e+00,0.000000000000000000e+00,-0.000000000000000000e+00,0.000000000000000000e+00,-0.000000000000000000e+00,0.000000000000000000e+00,0.000000000000000000e+00,0.000000000000000000e+00,-5.489902721755953729e-01,0.000000000000000000e+00,0.000000000000000000e+00,-0.000000000000000000e+00,0.000000000000000000e+00,0.000000000000000000e+00,0.000000000000000000e+00
-0.000000000000000000e+00,-0.000000000000000000e+00,-3.672453105029773179e-01,-0.000000000000000000e+00,-1.768937149695020208e-02,-0.000000000000000000e+00,-0.000000000000000000e+00,0.000000000000000000e+00,-0.000000000000000000e+00,-0.000000000000000000e+00,0.000000000000000000e+00,-0.000000000000000000e+00,0.000000000000000000e+00,-2.859346475425138256e-02,-0.000000000000000000e+00,-0.000000000000000000e+00,-0.000000000000000000e+00,-4.708541888861757230e-02,-0.000000000000000000e+00,-2.868550508468733495e-01,-3.211103345683835597e-01,1.372678059466950540e+00,-0.000000000000000000e+00,-0.000000000000000000e+00,0.000000000000000000e+00,-0.000000000000000000e+00,0.000000000000000000e+00,-0.000000000000000000e+00,0.000000000000000000e+00,-0.000000000000000000e+00,-0.000000000000000000e+00,-0.000000000000000000e+00,-0.000000000000000000e+00,-0.000000000000000000e+00,-0.000000000000000000e+00,-0.000000000000000000e+00,-0.000000000000000000e+00,-0.000000000000000000e+00,-0.000000000000000000e+00
0.000000000000000000e+00,0.000000000000000000e+00,0.000000000000000000e+00,0.000000000000000000e+00,-0.000000000000000000e+00,-1.829303459931170550e-01,1.402460895183813179e-02,0.000000000000000000e+00,0.000000000000000000e+00,0.000000000000000000e+00,-2.010112720345336168e-01,0.000000000000000000e+00,-2.757009105112378511e-01,-7.937201197343041192e-02,1.260488520732929718e-01,0.000000000000000000e+00,0.000000000000000000e+00,0.000000000000000000e+00,0.000000000000000000e+00,0.000000000000000000e+00,-0.000000000000000000e+00,-0.000000000000000000e+00,2.241657870207416803e+00,-1.362857489668531930e-01,-8.144590497269498242e-01,0.000000000000000000e+00,-0.000000000000000000e+00,-0.000000000000000000e+00,-2.186384340467066312e-01,1.264074284619343298e-02,-0.000000000000000000e+00,-0.000000000000000000e+00,-2.972075381092366686e-01,8.284470641129487722e-02,0.000000000000000000e+00,-0.000000000000000000e+00,0.000000000000000000e+00,0.000000000000000000e+00,0.000000000000000000e+00
-0.000000000000000000e+00,-0.000000000000000000e+00,-0.000000000000000000e+00,-0.000000000000000000e+00,-1.882875667774836226e-01,-2.886114695854583023e-01,0.000000000000000000e+00,0.000000000000000000e+00,-0.000000000000000000e+00,-0.000000000000000000e+00,-0.000000000000000000e+00,-0.000000000000000000e+00,-0.000000000000000000e+00,-4.015268828113262578e-01,0.000000000000000000e+00,-0.000000000000000000e+00,-0.000000000000000000e+00,-0.000000000000000000e+00,-0.000000000000000000e+00,0.000000000000000000e+00,-0.000000000000000000e+00,-0.000000000000000000e+00,-1.362857489668531930e-01,1.409620679141299959e+00,-1.264028678958116214e-01,-0.000000000000000000e+00,-0.000000000000000000e+00,-0.000000000000000000e+00,-0.000000000000000000e+00,-0.000000000000000000e+00,-0.000000000000000000e+00,-0.000000000000000000e+00,-0.000000000000000000e+00,0.000000000000000000e+00,-0.000000000000000000e+00,-0.000000000000000000e+00,-0.000000000000000000e+00,-0.000000000000000000e+00,-0.000000000000000000e+00
0.000000000000000000e+00,0.000000000000000000e+00,0.000000000000000000e+00,2.796437342500029954e-02,-0.000000000000000000e+00,-6.456599828193598789e-02,7.827304561611926614e-02,0.000000000000000000e+00,6.349405005989906814e-02,0.000000000000000000e+00,-2.772985045264220738e-01,0.000000000000000000e+00,-8.766382898263239132e-02,-0.000000000000000000e+00,2.036777086612279186e-01,0.000000000000000000e+00,0.000000000000000000e+00,0.000000000000000000e+00,0.000000000000000000e+00,3.301330651908548734e-03,-0.000000000000000000e+00,0.000000000000000000e+00,-8.144590497269498242e-01,-1.264028678958116214e-01,2.304308177442293548e+00,0.000000000000000000e+00,-0.000000000000000000e+00,-0.000000000000000000e+00,-1.637006418972640209e-01,1.366173977285118912e-01,-0.000000000000000000e+00,-0.000000000000000000e+00,-3.018131893378704911e-01,1.169679182910177972e-01,0.000000000000000000e+00,-0.000000000000000000e+00,0.000000000000000000e+00,0.000000000000000000e+00,0.000000000000000000e+00
-0.000000000000000000e+00,-0.000000000000000000e+00,-0.000000000000000000e+00,-3.676149466921251746e-02,-0.000000000000000000e+00,-0.000000000000000000e+00,-0.000000000000000000e+00,-0.000000000000000000e+00,-0.000000000000000000e+00,-1.270982958947772801e-01,-0.000000000000000000e+00,-0.000000000000000000e+00,-0.000000000000000000e+00,-0.000000000000000000e+00,-0.000000000000000000e+00,-1.434973144228039732e-01,-0.000000000000000000e+00,-0.000000000000000000e+00,-0.000000000000000000e+00,-0.000000000000000000e+00,0.000000000000000000e+00,-0.000000000000000000e+00,0.000000000000000000e+00,-0.000000000000000000e+00,0.000000000000000000e+00,1.455365138349285603e+00,-3.161393060090412765e-01,-2.083151581251034001e-01,-0.000000000000000000e+00,-0.000000000000000000e+00,-1.556903608201192502e-01,-1.674285468301722202e-01,0.000000000000000000e+00,-0.000000000000000000e+00,-1.850588542390689817e-01,-0.000000000000000000e+00,-6.036827074446096675e-02,-7.910743262324972103e-02,-0.000000000000000000e+00
-0.000000000000000000e+00,0.000000000000000000e+00,-0.000000000000000000e+00,0.000000000000000000e+00,-0.000000000000000000e+00,-0.000000000000000000e+00,0.000000000000000000e+00,0.000000000000000000e+00,0.000000000000000000e+00,-0.000000000000000000e+00,-9.277463839598326656e-02,-0.000000000000000000e+00,-3.466339593408291481e-02,-9.010361204388969703e-02,0.000000000000000000e+00,-0.000000000000000000e+00,-0.000000000000000000e+00,0.000000000000000000e+00,0.000000000000000000e+00,0.000000000000000000e+00,-0.000000000000000000e+00,0.000000000000000000e+00,-0.000000000000000000e+00,-0.000000000000000000e+00,-0.000000000000000000e+00,-3.161393060090412765e-01,1.381616451168991899e+00,-0.000000000000000000e+00,-2.546510892470061904e-01,0.000000000000000000e+00,-0.000000000000000000e+00,-2.359949749522843032e-01,-0.000000000000000000e+00,0.000000000000000000e+00,-2.598912274624573526e-02,-2.952566004818150680e-01,-0.000000000000000000e+00,-0.000000000000000000e+00,-0.000000000000000000e+00
-0.000000000000000000e+00,-0.000000000000000000e+00,-0.000000000000000000e+00,-0.000000000000000000e+00,-0.000000000000000000e+00,-1.053032511826635098e-01,-0.000000000000000000e+00,-0.000000000000000000e+00,-0.000000000000000000e+00,-0.000000000000000000e+00,-0.000000000000000000e+00,-0.000000000000000000e+00,-0.000000000000000000e+00,-0.000000000000000000e+00,0.000000000000000000e+00,-0.000000000000000000e+00,-0.000000000000000000e+00,-0.000000000000000000e+00,-0.000000000000000000e+00,-0.000000000000000000e+00,0.000000000000000000e+00,-0.000000000000000000e+00,-0.000000000000000000e+00,-0.000000000000000000e+00,-0.000000000000000000e+00,-2.083151581251034001e-01,-0.000000000000000000e+00,1.141169486067792338e+00,-0.000000000000000000e+00,-0.000000000000000000e+00,-1.953222591512902562e-01,-9.480775134369136270e-02,-0.000000000000000000e+00,-0.000000000000000000e+00,-0.000000000000000000e+00,-0.000000000000000000e+00,-0.000000000000000000e+00,-0.000000000000000000e+00,-0.000000000000000000e+00
0.000000000000000000e+00,0.000000000000000000e+00,0.000000000000000000e+00,0.000000000000000000e+00,-0.000000000000000000e+00,-0.000000000000000000e+00,2.518100890726127083e-01,0.000000000000000000e+00,0.000000000000000000e+00,0.000000000000000000e+00,-1.754702726484456965e-01,0.000000000000000000e+00,-2.969320451194458824e-02,-0.000000000000000000e+00,2.218885380752156633e-01,0.000000000000000000e+00,0.000000000000000000e+00,0.000000000000000000e+00,0.000000000000000000e+00,3.304520020440974981e-02,-0.000000000000000000e+00,0.000000000000000000e+00,-2.186384340467066312e-01,-0.000000000000000000e+00,-1.637006418972640209e-01,-0.000000000000000000e+00,-2.546510892470061904e-01,-0.000000000000000000e+00,1.783251447110174581e+00,9.569549081247430422e-02,-0.000000000000000000e+00,-0.000000000000000000e+00,-1.809494672144575378e-01,6.331795875235145254e-02,0.000000000000000000e+00,-1.981398315819102862e-01,0.000000000000000000e+00,0.000000000000000000e+00,0.000000000000000000e+00
-0.000000000000000000e+00,-2.579410538796540475e-01,-0.000000000000000000e+00,-1.908906290035499442e-01,-0.000000000000000000e+00,0.000000000000000000e+00,-2.606058879976438925e-01,-0.000000000000000000e+00,-2.909887332723961051e-01,-3.065766328634742521e-01,0.000000000000000000e+00,-1.885145739132672582e-01,0.000000000000000000e+00,-0.000000000000000000e+00,-1.117960584172563998e-01,-3.016645526314073456e-01,-0.000000000000000000e+00,-1.801694103308944528e-01,-4.610580095803667490e-04,-2.243095394455741631e-01,0.000000000000000000e+00,-0.000000000000000000e+00,1.264074284619343298e-02,-0.000000000000000000e+00,1.366173977285118912e-01,-0.000000000000000000e+00,0.000000000000000000e+00,-0.000000000000000000e+00,9.569549081247430422e-02,2.939517480426459883e+00,-0.000000000000000000e+00,-0.000000000000000000e+00,9.421955831424751182e-02,-3.262830660981270725e-01,-0.000000000000000000e+00,0.000000000000000000e+00,-1.391687318985393995e-01,-1.628428145995470741e-02,-6.440253904555909292e-02
-0.000000000000000000e+00,-1.168816268029956862e-01,0.000000000000000000e+00,-0.000000000000000000e+00,-0.000000000000000000e+00,-0.000000000000000000e+00,-0.000000000000000000e+00,-0.000000000000000000e+00,-0.000000000000000000e+00,-0.000000000000000000e+00,-0.000000000000000000e+00,-0.000000000000000000e+00,-0.000000000000000000e+00,-1.850809391079238364e-01,-0.000000000000000000e+00,-0.000000000000000000e+00,-3.592978593424627221e-01,-0.000000000000000000e+00,-0.000000000000000000e+00,-0.000000000000000000e+00,0.000000000000000000e+00,-0.000000000000000000e+00,-0.000000000000000000e+00,-0.000000000000000000e+00,-0.000000000000000000e+00,-1.556903608201192502e-01,-0.000000000000000000e+00,-1.953222591512902562e-01,-0.000000000000000000e+00,-0.000000000000000000e+00,1.521717611005032555e+00,-3.774247769353511472e-01,0.000000000000000000e+00,-0.000000000000000000e+00,-1.237675374633161740e-01,-0.000000000000000000e+00,-5.593318785655311542e-02,-0.000000000000000000e+00,-0.000000000000000000e+00
-0.000000000000000000e+00,-0.000000000000000000e+00,-0.000000000000000000e+00,-0.000000000000000000e+00,-0.000000000000000000e+00,-0.000000000000000000e+00,-0.000000000000000000e+00,-0.000000000000000000e+00,-0.000000000000000000e+00,-4.227220645925414133e-02,-0.000000000000000000e+00,-7.231172134053087674e-02,-0.000000000000000000e+00,-1.810146033463128357e-01,-0.000000000000000000e+00,-8.461056862625814315e-03,-0.000000000000000000e+00,-0.000000000000000000e+00,-0.000000000000000000e+00,-0.000000000000000000e+00,0.000000000000000000e+00,-0.000000000000000000e+00,-0.000000000000000000e+00,-0.000000000000000000e+00,-0.000000000000000000e+00,-1.674285468301722202e-01,-2.359949749522843032e-01,-9.480775134369136270e-02,-0.000000000000000000e+00,-0.000000000000000000e+00,-3.774247769353511472e-01,1.375795040525451096e+00,0.000000000000000000e+00,-0.000000000000000000e+00,-0.000000000000000000e+00,-0.000000000000000000e+00,-1.078651259133263200e-02,-0.000000000000000000e+00,-0.000000000000000000e+00
0.000000000000000000e+00,0.000000000000000000e+00,-0.000000000000000000e+00,0.000000000000000000e+00,-1.661035780134364759e-01,-0.000000000000000000e+00,3.343727264637661508e-03,2.649831502846864417e-01,0.000000000000000000e+00,0.000000000000000000e+00,-0.000000000000000000e+00,0.000000000000000000e+00,-0.000000000000000000e+00,-1.218118283989908868e-03,2.605800527780415821e-01,0.000000000000000000e+00,0.000000000000000000e+00,0.000000000000000000e+00,0.000000000000000000e+00,0.000000000000000000e+00,-5.489902721755953729e-01,-0.000000000000000000e+00,-2.972075381092366686e-01,-0.000000000000000000e+00,-3.018131893378704911e-01,0.000000000000000000e+00,-0.000000000000000000e+00,-0.000000000000000000e+00,-1.809494672144575378e-01,9.421955831424751182e-02,0.000000000000000000e+00,0.000000000000000000e+00,1.961591731056071763e+00,0.000000000000000000e+00,0.000000000000000000e+00,-1.464450592543951046e-01,0.000000000000000000e+00,0.000000000000000000e+00,0.000000000000000000e+00
-0.000000000000000000e+00,-0.000000000000000000e+00,-0.000000000000000000e+00,-0.000000000000000000e+00,-0.000000000000000000e+00,0.000000000000000000e+00,-1.316448151074798012e-01,0.000000000000000000e+00,-5.596344940062881745e-01,-9.107827895458218623e-03,7.193036407432039370e-02,-1.200714024381950573e-01,1.279832285955160021e-01,-0.000000000000000000e+00,-2.791368403755685734e-01,-0.000000000000000000e+00,-0.000000000000000000e+00,-2.115093074288270647e-01,-2.886605939520138775e-01,-1.886132134438693042e-01,0.000000000000000000e+00,-0.000000000000000000e+00,8.284470641129487722e-02,0.000000000000000000e+00,1.169679182910177972e-01,-0.000000000000000000e+00,0.000000000000000000e+00,-0.000000000000000000e+00,6.331795875235145254e-02,-3.262830660981270725e-01,-0.000000000000000000e+00,-0.000000000000000000e+00,0.000000000000000000e+00,2.705348629058301313e+00,-0.000000000000000000e+00,0.000000000000000000e+00,-5.603555490532935446e-02,-1.205172163375552441e-01,-1.294221698638427787e-01
-6.903185831023177232e-02,-0.000000000000000000e+00,-0.000000000000000000e+00,-0.000000000000000000e+00,-0.000000000000000000e+00,-0.000000000000000000e+00,-0.000000000000000000e+00,0.000000000000000000e+00,-0.000000000000000000e+00,-0.000000000000000000e+00,0.000000000000000000e+00,-0.000000000000000000e+00,0.000000000000000000e+00,-0.000000000000000000e+00,-0.000000000000000000e+00,-0.000000000000000000e+00,-0.000000000000000000e+00,-0.000000000000000000e+00,-0.000000000000000000e+00,-0.000000000000000000e+00,0.000000000000000000e+00,-0.000000000000000000e+00,0.000000000000000000e+00,-0.000000000000000000e+00,0.000000000000000000e+00,-1.850588542390689817e-01,-2.598912274624573526e-02,-0.000000000000000000e+00,0.000000000000000000e+00,-0.000000000000000000e+00,-1.237675374633161740e-01,-0.000000000000000000e+00,0.000000000000000000e+00,-0.000000000000000000e+00,1.341186289251816710e+00,-0.000000000000000000e+00,-4.995533325117260115e-01,-0.000000000000000000e+00,-0.000000000000000000e+00
-0.000000000000000000e+00,-0.000000000000000000e+00,-0.000000000000000000e+00,-0.000000000000000000e+00,-7.880021816190241335e-02,-0.000000000000000000e+00,0.000000000000000000e+00,1.547118735749413443e-01,-0.000000000000000000e+00,-0.000000000000000000e+00,-0.000000000000000000e+00,0.000000000000000000e+00,-0.000000000000000000e+00,-5.663351215329256311e-02,0.000000000000000000e+00,-0.000000000000000000e+00,0.000000000000000000e+00,-0.000000000000000000e+00,-0.000000000000000000e+00,0.000000000000000000e+00,-0.000000000000000000e+00,-0.000000000000000000e+00,-0.000000000000000000e+00,-0.000000000000000000e+00,-0.000000000000000000e+00,-0.000000000000000000e+00,-2.952566004818150680e-01,-0.000000000000000000e+00,-1.981398315819102862e-01,0.000000000000000000e+00,-0.000000000000000000e+00,-0.000000000000000000e+00,-1.464450592543951046e-01,0.000000000000000000e+00,-0.000000000000000000e+00,1.267074562905937896e+00,-0.000000000000000000e+00,-0.000000000000000000e+00,-0.000000000000000000e+00
-1.340939910668315083e-01,-2.137003721803897860e-01,-0.000000000000000000e+00,-0.000000000000000000e+00,-0.000000000000000000e+00,0.000000000000000000e+00,-0.000000000000000000e+00,0.000000000000000000e+00,-1.958635031112604952e-01,-8.487625061300067830e-02,0.000000000000000000e+00,-5.527906713430490865e-02,2.671740611752817032e-02,-0.000000000000000000e+00,-0.000000000000000000e+00,-5.706959092481914825e-02,-0.000000000000000000e+00,-1.344023511041579355e-01,-0.000000000000000000e+00,-4.631880281996499787e-02,0.000000000000000000e+00,-0.000000000000000000e+00,0.000000000000000000e+00,-0.000000000000000000e+00,0.000000000000000000e+00,-6.036827074446096675e-02,-0.000000000000000000e+00,-0.000000000000000000e+00,0.000000000000000000e+00,-1.391687318985393995e-01,-5.593318785655311542e-02,-1.078651259133263200e-02,0.000000000000000000e+00,-5.603555490532935446e-02,-4.995533325117260115e-01,-0.000000000000000000e+00,1.999642978675871596e+00,-4.034331396957039489e-02,-2.136850262338417517e-01
-3.836771165699518482e-01,-0.000000000000000000e+00,-1.640057024796615914e-01,-0.000000000000000000e+00,-7.291973392491146733e-02,0.000000000000000000e+00,-0.000000000000000000e+00,0.000000000000000000e+00,-2.895707891085621544e-01,-1.828218656005430875e-01,0.000000000000000000e+00,-1.223983584730547469e-01,0.000000000000000000e+00,-0.000000000000000000e+00,-0.000000000000000000e+00,-3.190097864969259622e-01,-0.000000000000000000e+00,-5.984122410076925941e-02,-1.872665556283441557e-01,-0.000000000000000000e+00,0.000000000000000000e+00,-0.000000000000000000e+00,0.000000000000000000e+00,-0.000000000000000000e+00,0.000000000000000000e+00,-7.910743262324972103e-02,-0.000000000000000000e+00,-0.000000000000000000e+00,0.000000000000000000e+00,-1.628428145995470741e-02,-0.000000000000000000e+00,-0.000000000000000000e+00,0.000000000000000000e+00,-1.205172163375552441e-01,-0.000000000000000000e+00,-0.000000000000000000e+00,-4.034331396957039489e-02,2.356607205121003190e+00,-3.868867442523729050e-01
-2.680270060899458962e-01,-3.372303924289772881e-01,-0.000000000000000000e+00,-0.000000000000000000e+00,-0.000000000000000000e+00,0.000000000000000000e+00,-0.000000000000000000e+00,0.000000000000000000e+00,-2.379512784976335893e-01,-1.052789891142750095e-01,0.000000000000000000e+00,-2.609388678066090761e-01,0.000000000000000000e+00,-0.000000000000000000e+00,-0.000000000000000000e+00,-8.020524104996659687e-02,-0.000000000000000000e+00,-1.225200282559634340e-01,-2.265658936087015241e-01,-1.316092401995628269e-01,0.000000000000000000e+00,-0.000000000000000000e+00,0.000000000000000000e+00,-0.000000000000000000e+00,0.000000000000000000e+00,-0.000000000000000000e+00,-0.000000000000000000e+00,-0.000000000000000000e+00,0.000000000000000000e+00,-6.440253904555909292e-02,-0.000000000000000000e+00,-0.000000000000000000e+00,0.000000000000000000e+00,-1.294221698638427787e-01,-0.000000000000000000e+00,-0.000000000000000000e+00,-2.136850262338417517e-01,-3.868867442523729050e-01,2.560441109155166206e+00
