2.341353144737203351e+00,-8.189183328696966191e-01,0.000000000000000000e+00,-0.000000000000000000e+00,-0.000000000000000000e+00,0.000000000000000000e+00,0.000000000000000000e+00,-0.000000000000000000e+00,-9.830102913813484888e-02,-3.229470798364323936e-01,0.000000000000000000e+00,0.000000000000000000e+00,0.000000000000000000e+00,-0.000000000000000000e+00,0.000000000000000000e+00,-0.000000000000000000e+00,-0.000000000000000000e+00,-0.000000000000000000e+00,-1.557161199904265715e-03,0.000000000000000000e+00,0.000000000000000000e+00,0.000000000000000000e+00,-0.000000000000000000e+00,0.000000000000000000e+00,-3.654084384292304311e-01,-8.857118227388761922e-02,-0.000000000000000000e+00,-0.000000000000000000e+00,-4.348617739354005418e-01,-1.143831871796504619e-02,-0.000000000000000000e+00,-0.000000000000000000e+00,0.000000000000000000e+00,-0.000000000000000000e+00,-0.000000000000000000e+00,-0.000000000000000000e+00,-0.000000000000000000e+00,-1.650337735430404129e-01,-0.000000000000000000e+00
-8.189183328696966191e-01,2.534646011754247308e+00,0.000000000000000000e+00,-0.000000000000000000e+00,-0.000000000000000000e+00,-0.000000000000000000e+00,0.000000000000000000e+00,-0.000000000000000000e+00,-0.000000000000000000e+00,-5.097029490729860779e-01,-0.000000000000000000e+00,-0.000000000000000000e+00,-0.000000000000000000e+00,-0.000000000000000000e+00,-0.000000000000000000e+00,-3.443242897949318482e-01,-0.000000000000000000e+00,-0.000000000000000000e+00,-9.723093067954005631e-02,-0.000000000000000000e+00,0.000000000000000000e+00,0.000000000000000000e+00,-0.000000000000000000e+00,0.000000000000000000e+00,-0.000000000000000000e+00,-1.439347455254192665e-01,-0.000000000000000000e+00,-0.000000000000000000e+00,-5.502062871348964435e-02,-0.000000000000000000e+00,-0.000000000000000000e+00,-7.565586948349485585e-02,0.000000000000000000e+00,0.000000000000000000e+00,-2.488047059000488836e-01,-2.647103440140620781e-02,-1.784190402930950770e-01,-0.000000000000000000e+00,-0.000000000000000000e+00
0.000000000000000000e+00,0.000000000000000000e+00,3.114896781591561137e+00,-0.000000000000000000e+00,-4.317386518705585985e-01,-0.000000000000000000e+00,0.000000000000000000e+00,1.321643577656044455e+00,-5.393038760828108152e-02,-0.000000000000000000e+00,0.000000000000000000e+00,-0.000000000000000000e+00,0.000000000000000000e+00,-2.527277826505900382e-01,1.771665333516704577e-02,-0.000000000000000000e+00,-0.000000000000000000e+00,-2.774567467769080698e-01,-0.000000000000000000e+00,-0.000000000000000000e+00,-2.962605226584583487e-02,-0.000000000000000000e+00,-1.680361916131214717e-01,-1.847821520902124537e-01,-0.000000000000000000e+00,-0.000000000000000000e+00,-0.000000000000000000e+00,-0.000000000000000000e+00,0.000000000000000000e+00,-2.054549179180243171e-02,-0.000000000000000000e+00,-0.000000000000000000e+00,-5.206824326862151686e-01,-3.271222369995764601e-02,-0.000000000000000000e+00,0.000000000000000000e+00,-0.000000000000000000e+00,-0.000000000000000000e+00,-0.000000000000000000e+00
-0.000000000000000000e+00,-0.000000000000000000e+00,-0.000000000000000000e+00,1.352367955800994892e+00,-7.990151779795720555e-02,-0.000000000000000000e+00,-0.000000000000000000e+00,0.000000000000000000e+00,-3.032527757568412308e-01,-0.000000000000000000e+00,0.000000000000000000e+00,-0.000000000000000000e+00,0.000000000000000000e+00,-0.000000000000000000e+00,1.458569726422991319e-01,-0.000000000000000000e+00,-0.000000000000000000e+00,-3.272504885738903857e-01,-0.000000000000000000e+00,-0.000000000000000000e+00,-0.000000000000000000e+00,0.000000000000000000e+00,-0.000000000000000000e+00,-0.000000000000000000e+00,-0.000000000000000000e+00,-0.000000000000000000e+00,-0.000000000000000000e+00,-0.000000000000000000e+00,-0.000000000000000000e+00,-0.000000000000000000e+00,-0.000000000000000000e+00,-0.000000000000000000e+00,-0.000000000000000000e+00,-0.000000000000000000e+00,0.000000000000000000e+00,0.000000000000000000e+00,-0.000000000000000000e+00,-0.000000000000000000e+00,-0.000000000000000000e+00
-0.000000000000000000e+00,-0.000000000000000000e+00,-4.317386518705585985e-01,-7.990151779795720555e-02,2.911653093871174658e+00,-0.000000000000000000e+00,0.000000000000000000e+00,0.000000000000000000e+00,-7.794982855786684040e-01,-0.000000000000000000e+00,0.000000000000000000e+00,0.000000000000000000e+00,0.000000000000000000e+00,-1.703216250837220613e-01,1.390541868425504701e-01,-0.000000000000000000e+00,-1.675381455479166837e-01,-3.026215163954915077e-02,-0.000000000000000000e+00,0.000000000000000000e+00,0.000000000000000000e+00,0.000000000000000000e+00,-0.000000000000000000e+00,-0.000000000000000000e+00,-2.736937914236753193e-03,-0.000000000000000000e+00,-0.000000000000000000e+00,-0.000000000000000000e+00,-0.000000000000000000e+00,-4.468299399981496833e-01,-0.000000000000000000e+00,-8.207063727129604302e-02,-5.185043885449980294e-01,-3.594273843380316746e-01,-0.000000000000000000e+00,0.000000000000000000e+00,-0.000000000000000000e+00,-0.000000000000000000e+00,-0.000000000000000000e+00
0.000000000000000000e+00,-0.000000000000000000e+00,-0.000000000000000000e+00,-0.000000000000000000e+00,-0.000000000000000000e+00,1.589620200242516601e+00,-0.000000000000000000e+00,0.000000000000000000e+00,0.000000000000000000e+00,-0.000000000000000000e+00,-3.775309847622379533e-01,-0.000000000000000000e+00,-0.000000000000000000e+00,-0.000000000000000000e+00,-0.000000000000000000e+00,-0.000000000000000000e+00,-2.480737411109190937e-01,0.000000000000000000e+00,-0.000000000000000000e+00,-0.000000000000000000e+00,0.000000000000000000e+00,-0.000000000000000000e+00,-0.000000000000000000e+00,0.000000000000000000e+00,-0.000000000000000000e+00,-0.000000000000000000e+00,-0.000000000000000000e+00,-0.000000000000000000e+00,-1.150268537263647306e-01,-0.000000000000000000e+00,-0.000000000000000000e+00,-1.954044397405118871e-01,-0.000000000000000000e+00,-0.000000000000000000e+00,-0.000000000000000000e+00,-1.250969403259544477e-01,-2.373890507531024041e-01,8.898578019764065428e-02,0.000000000000000000e+00
0.000000000000000000e+00,0.000000000000000000e+00,0.000000000000000000e+00,-0.000000000000000000e+00,0.000000000000000000e+00,-0.000000000000000000e+00,1.000377183245534818e+00,-0.000000000000000000e+00,0.000000000000000000e+00,0.000000000000000000e+00,-0.000000000000000000e+00,0.000000000000000000e+00,0.000000000000000000e+00,-0.000000000000000000e+00,1.942490169457694940e-02,0.000000000000000000e+00,-0.000000000000000000e+00,0.000000000000000000e+00,0.000000000000000000e+00,-0.000000000000000000e+00,0.000000000000000000e+00,0.000000000000000000e+00,0.000000000000000000e+00,0.000000000000000000e+00,0.000000000000000000e+00,0.000000000000000000e+00,0.000000000000000000e+00,0.000000000000000000e+00,-0.000000000000000000e+00,0.000000000000000000e+00,0.000000000000000000e+00,0.000000000000000000e+00,0.000000000000000000e+00,0.000000000000000000e+00,0.000000000000000000e+00,-0.000000000000000000e+00,0.000000000000000000e+00,0.000000000000000000e+00,0.000000000000000000e+00
-0.000000000000000000e+00,-0.000000000000000000e+00,1.321643577656044455e+00,0.000000000000000000e+00,0.000000000000000000e+00,0.000000000000000000e+00,-0.000000000000000000e+00,2.456098684692255230e+00,0.000000000000000000e+00,0.000000000000000000e+00,-0.000000000000000000e+00,0.000000000000000000e+00,-0.000000000000000000e+00,3.210624812272080408e-01,-4.277329370369985923e-02,0.000000000000000000e+00,0.000000000000000000e+00,0.000000000000000000e+00,-0.000000000000000000e+00,0.000000000000000000e+00,3.539474933520239119e-01,0.000000000000000000e+00,1.158860905110513789e-01,1.794255387572010474e-01,0.000000000000000000e+00,-0.000000000000000000e+00,0.000000000000000000e+00,0.000000000000000000e+00,-0.000000000000000000e+00,1.968708391442139122e-03,0.000000000000000000e+00,0.000000000000000000e+00,0.000000000000000000e+00,0.000000000000000000e+00,0.000000000000000000e+00,-0.000000000000000000e+00,0.000000000000000000e+00,0.000000000000000000e+00,0.000000000000000000e+00
-9.830102913813484888e-02,-0.000000000000000000e+00,-5.393038760828108152e-02,-3.032527757568412308e-01,-7.794982855786684040e-01,0.000000000000000000e+00,0.000000000000000000e+00,0.000000000000000000e+00,2.606798101416878399e+00,-6.542174073348789275e-03,0.000000000000000000e+00,0.000000000000000000e+00,1.708424072256365944e-01,-0.000000000000000000e+00,2.211385901772335572e-01,-0.000000000000000000e+00,-0.000000000000000000e+00,-6.273115210993915891e-01,-1.717266175890228008e-02,0.000000000000000000e+00,0.000000000000000000e+00,6.001431496682294031e-03,-0.000000000000000000e+00,-0.000000000000000000e+00,-8.253391492054230894e-02,-0.000000000000000000e+00,-0.000000000000000000e+00,-0.000000000000000000e+00,-8.881027555312516128e-03,-4.170806215478849999e-01,-0.000000000000000000e+00,-0.000000000000000000e+00,-0.000000000000000000e+00,-0.000000000000000000e+00,0.000000000000000000e+00,0.000000000000000000e+00,-0.000000000000000000e+00,-1.817518531553804773e-01,-0.000000000000000000e+00
-3.229470798364323936e-01,-5.097029490729860779e-01,-0.000000000000000000e+00,-0.000000000000000000e+00,-0.000000000000000000e+00,-0.000000000000000000e+00,0.000000000000000000e+00,0.000000000000000000e+00,-6.542174073348789275e-03,2.907064260361615027e+00,-0.000000000000000000e+00,-0.000000000000000000e+00,0.000000000000000000e+00,-0.000000000000000000e+00,0.000000000000000000e+00,-9.083202342239842242e-01,-0.000000000000000000e+00,-1.458234076516829458e-01,-4.015893248272773414e-02,-0.000000000000000000e+00,-0.000000000000000000e+00,-0.000000000000000000e+00,-8.378087661831583322e-02,-0.000000000000000000e+00,-1.241158021042582382e-01,-0.000000000000000000e+00,-0.000000000000000000e+00,-0.000000000000000000e+00,-0.000000000000000000e+00,-7.673244058736707895e-01,-2.384969648843792908e-02,-0.000000000000000000e+00,-0.000000000000000000e+00,-0.000000000000000000e+00,-0.000000000000000000e+00,-0.000000000000000000e+00,-0.000000000000000000e+00,-6.673360059819925631e-03,-0.000000000000000000e+00
0.000000000000000000e+00,-0.000000000000000000e+00,0.000000000000000000e+00,0.000000000000000000e+00,0.000000000000000000e+00,-3.775309847622379533e-01,-0.000000000000000000e+00,-0.000000000000000000e+00,0.000000000000000000e+00,-0.000000000000000000e+00,2.012636506573259876e+00,-9.815792980467315243e-02,-4.453044349632588883e-01,-0.000000000000000000e+00,-1.966261064175076761e-02,-0.000000000000000000e+00,-0.000000000000000000e+00,0.000000000000000000e+00,-0.000000000000000000e+00,-0.000000000000000000e+00,-0.000000000000000000e+00,-0.000000000000000000e+00,-0.000000000000000000e+00,0.000000000000000000e+00,-0.000000000000000000e+00,-0.000000000000000000e+00,-5.814178724215254279e-01,-7.694982968841052040e-02,-0.000000000000000000e+00,0.000000000000000000e+00,-0.000000000000000000e+00,-0.000000000000000000e+00,-0.000000000000000000e+00,-0.000000000000000000e+00,-9.682082113872501894e-02,-2.624173572886154826e-01,-1.677350616802741612e-01,9.133935079544218405e-02,0.000000000000000000e+00
0.000000000000000000e+00,-0.000000000000000000e+00,-0.000000000000000000e+00,-0.000000000000000000e+00,0.000000000000000000e+00,-0.000000000000000000e+00,0.000000000000000000e+00,0.000000000000000000e+00,0.000000000000000000e+00,-0.000000000000000000e+00,-9.815792980467315243e-02,2.217239760139147364e+00,-4.172750995880582514e-01,-0.000000000000000000e+00,-2.559627419451996899e-01,-0.000000000000000000e+00,0.000000000000000000e+00,0.000000000000000000e+00,-0.000000000000000000e+00,-0.000000000000000000e+00,-0.000000000000000000e+00,-9.072056154833341157e-01,-3.814122166117697027e-02,-0.000000000000000000e+00,0.000000000000000000e+00,0.000000000000000000e+00,-0.000000000000000000e+00,-0.000000000000000000e+00,0.000000000000000000e+00,0.000000000000000000e+00,-3.039034624796868034e-01,-0.000000000000000000e+00,-0.000000000000000000e+00,-0.000000000000000000e+00,-1.193091842323727586e-01,-0.000000000000000000e+00,-0.000000000000000000e+00,0.000000000000000000e+00,-4.413421127562300872e-01
0.000000000000000000e+00,-0.000000000000000000e+00,0.000000000000000000e+00,0.000000000000000000e+00,0.000000000000000000e+00,-0.000000000000000000e+00,0.000000000000000000e+00,-0.000000000000000000e+00,1.708424072256365944e-01,0.000000000000000000e+00,-4.453044349632588883e-01,-4.172750995880582514e-01,1.620206459897451490e+00,-0.000000000000000000e+00,-4.629524933528877395e-01,0.000000000000000000e+00,0.000000000000000000e+00,0.000000000000000000e+00,0.000000000000000000e+00,-0.000000000000000000e+00,0.000000000000000000e+00,-2.666571329843493016e-02,-0.000000000000000000e+00,0.000000000000000000e+00,0.000000000000000000e+00,0.000000000000000000e+00,-0.000000000000000000e+00,-0.000000000000000000e+00,5.662330377038581053e-02,5.137900374772438189e-02,-0.000000000000000000e+00,0.000000000000000000e+00,0.000000000000000000e+00,-0.000000000000000000e+00,-0.000000000000000000e+00,-0.000000000000000000e+00,-0.000000000000000000e+00,1.967734062641243453e-01,-0.000000000000000000e+00
-0.000000000000000000e+00,-0.000000000000000000e+00,-2.527277826505900382e-01,-0.000000000000000000e+00,-1.703216250837220613e-01,-0.000000000000000000e+00,-0.000000000000000000e+00,3.210624812272080408e-01,-0.000000000000000000e+00,-0.000000000000000000e+00,-0.000000000000000000e+00,-0.000000000000000000e+00,-0.000000000000000000e+00,2.522850826855869588e+00,0.000000000000000000e+00,-0.000000000000000000e+00,-0.000000000000000000e+00,-0.000000000000000000e+00,-0.000000000000000000e+00,-0.000000000000000000e+00,-0.000000000000000000e+00,-0.000000000000000000e+00,-3.541606078795434542e-01,-4.062769284829546024e-01,-0.000000000000000000e+00,-0.000000000000000000e+00,-7.829505424830920934e-02,-0.000000000000000000e+00,-0.000000000000000000e+00,-2.962212079648524621e-01,-3.556817569775399535e-01,-0.000000000000000000e+00,-4.037321165289818325e-01,-3.958302975099376592e-02,-0.000000000000000000e+00,-0.000000000000000000e+00,-0.000000000000000000e+00,-0.000000000000000000e+00,-0.000000000000000000e+00
0.000000000000000000e+00,-0.000000000000000000e+00,1.771665333516704577e-02,1.458569726422991319e-01,1.390541868425504701e-01,-0.000000000000000000e+00,1.942490169457694940e-02,-4.277329370369985923e-02,2.211385901772335572e-01,0.000000000000000000e+00,-1.966261064175076761e-02,-2.559627419451996899e-01,-4.629524933528877395e-01,0.000000000000000000e+00,1.483323676798489643e+00,0.000000000000000000e+00,3.830685972057656929e-02,5.218754323757082009e-02,-0.000000000000000000e+00,-0.000000000000000000e+00,-0.000000000000000000e+00,-4.278542580623405367e-02,-0.000000000000000000e+00,0.000000000000000000e+00,0.000000000000000000e+00,0.000000000000000000e+00,-0.000000000000000000e+00,-0.000000000000000000e+00,0.000000000000000000e+00,5.768567948482794527e-02,-0.000000000000000000e+00,0.000000000000000000e+00,0.000000000000000000e+00,0.000000000000000000e+00,-0.000000000000000000e+00,-0.000000000000000000e+00,-0.000000000000000000e+00,0.000000000000000000e+00,-0.000000000000000000e+00
-0.000000000000000000e+00,-3.443242897949318482e-01,-0.000000000000000000e+00,-0.000000000000000000e+00,-0.000000000000000000e+00,-0.000000000000000000e+00,0.000000000000000000e+00,0.000000000000000000e+00,-0.000000000000000000e+00,-9.083202342239842242e-01,-0.000000000000000000e+00,-0.000000000000000000e+00,0.000000000000000000e+00,-0.000000000000000000e+00,0.000000000000000000e+00,2.983192385535050839e+00,-0.000000000000000000e+00,-0.000000000000000000e+00,-0.000000000000000000e+00,-0.000000000000000000e+00,-0.000000000000000000e+00,-0.000000000000000000e+00,-0.000000000000000000e+00,0.000000000000000000e+00,-0.000000000000000000e+00,-3.146517144558506618e-01,-1.913704207845083327e-01,-3.813096908220954262e-01,-0.000000000000000000e+00,-1.670562031490627763e-01,-1.587647062512712315e-01,-0.000000000000000000e+00,-0.000000000000000000e+00,0.000000000000000000e+00,-7.773704255358981907e-02,-5.711722630270663625e-01,-0.000000000000000000e+00,-0.000000000000000000e+00,-0.000000000000000000e+00
-0.000000000000000000e+00,-0.000000000000000000e+00,-0.000000000000000000e+00,-0.000000000000000000e+00,-1.675381455479166837e-01,-2.480737411109190937e-01,-0.000000000000000000e+00,0.000000000000000000e+00,-0.000000000000000000e+00,-0.000000000000000000e+00,-0.000000000000000000e+00,0.000000000000000000e+00,0.000000000000000000e+00,-0.000000000000000000e+00,3.830685972057656929e-02,-0.000000000000000000e+00,1.609588305262769303e+00,-0.000000000000000000e+00,-0.000000000000000000e+00,-0.000000000000000000e+00,-0.000000000000000000e+00,0.000000000000000000e+00,-0.000000000000000000e+00,0.000000000000000000e+00,-2.095395420324610430e-02,-3.351012115726821894e-01,-0.000000000000000000e+00,-5.677222885848803857e-02,-9.966239964506791449e-02,-1.885688698656451945e-01,-0.000000000000000000e+00,-1.795576882209406477e-01,-0.000000000000000000e+00,-0.000000000000000000e+00,-0.000000000000000000e+00,-0.000000000000000000e+00,-0.000000000000000000e+00,-0.000000000000000000e+00,0.000000000000000000e+00
-0.000000000000000000e+00,-0.000000000000000000e+00,-2.774567467769080698e-01,-3.272504885738903857e-01,-3.026215163954915077e-02,0.000000000000000000e+00,0.000000000000000000e+00,0.000000000000000000e+00,-6.273115210993915891e-01,-1.458234076516829458e-01,0.000000000000000000e+00,0.000000000000000000e+00,0.000000000000000000e+00,-0.000000000000000000e+00,5.218754323757082009e-02,-0.000000000000000000e+00,-0.000000000000000000e+00,2.183538481149084109e+00,-5.746323604729498546e-01,-0.000000000000000000e+00,-0.000000000000000000e+00,0.000000000000000000e+00,-3.299179167327210421e-02,-0.000000000000000000e+00,-1.648369252419800216e-02,-0.000000000000000000e+00,-0.000000000000000000e+00,-0.000000000000000000e+00,-0.000000000000000000e+00,-7.692355246556806248e-02,-0.000000000000000000e+00,-0.000000000000000000e+00,-0.000000000000000000e+00,-0.000000000000000000e+00,-0.000000000000000000e+00,0.000000000000000000e+00,-0.000000000000000000e+00,-9.821231935556032355e-02,-3.705531202558903087e-02
-1.557161199904265715e-03,-9.723093067954005631e-02,-0.000000000000000000e+00,-0.000000000000000000e+00,-0.000000000000000000e+00,-0.000000000000000000e+00,0.000000000000000000e+00,-0.000000000000000000e+00,-1.717266175890228008e-02,-4.015893248272773414e-02,-0.000000000000000000e+00,-0.000000000000000000e+00,0.000000000000000000e+00,-0.000000000000000000e+00,-0.000000000000000000e+00,-0.000000000000000000e+00,-0.000000000000000000e+00,-5.746323604729498546e-01,1.540468819166268988e+00,0.000000000000000000e+00,0.000000000000000000e+00,0.000000000000000000e+00,-0.000000000000000000e+00,0.000000000000000000e+00,-7.202731125559144743e-02,-0.000000000000000000e+00,-0.000000000000000000e+00,-0.000000000000000000e+00,-5.900364249665746713e-02,-0.000000000000000000e+00,-0.000000000000000000e+00,-2.326680918683744215e-01,-0.000000000000000000e+00,0.000000000000000000e+00,-0.000000000000000000e+00,-0.000000000000000000e+00,-0.000000000000000000e+00,-1.043207674322765288e-01,-1.808933137507500247e-02
0.000000000000000000e+00,-0.000000000000000000e+00,-0.000000000000000000e+00,-0.000000000000000000e+00,0.000000000000000000e+00,-0.000000000000000000e+00,-0.000000000000000000e+00,0.000000000000000000e+00,0.000000000000000000e+00,-0.000000000000000000e+00,-0.000000000000000000e+00,-0.000000000000000000e+00,-0.000000000000000000e+00,-0.000000000000000000e+00,-0.000000000000000000e+00,-0.000000000000000000e+00,-0.000000000000000000e+00,-0.000000000000000000e+00,0.000000000000000000e+00,1.376787185683989279e+00,-6.519449009330639810e-02,-6.484834999263778821e-01,-0.000000000000000000e+00,0.000000000000000000e+00,0.000000000000000000e+00,0.000000000000000000e+00,-0.000000000000000000e+00,-7.674853386335141192e-02,0.000000000000000000e+00,0.000000000000000000e+00,-0.000000000000000000e+00,0.000000000000000000e+00,0.000000000000000000e+00,0.000000000000000000e+00,-0.000000000000000000e+00,-0.000000000000000000e+00,-0.000000000000000000e+00,-0.000000000000000000e+00,-0.000000000000000000e+00
0.000000000000000000e+00,0.000000000000000000e+00,-2.962605226584583487e-02,-0.000000000000000000e+00,0.000000000000000000e+00,0.000000000000000000e+00,0.000000000000000000e+00,3.539474933520239119e-01,0.000000000000000000e+00,-0.000000000000000000e+00,-0.000000000000000000e+00,-0.000000000000000000e+00,0.000000000000000000e+00,-0.000000000000000000e+00,-0.000000000000000000e+00,-0.000000000000000000e+00,-0.000000000000000000e+00,-0.000000000000000000e+00,0.000000000000000000e+00,-6.519449009330639810e-02,1.722386829446247214e+00,-7.588963113780834435e-01,-1.532948583705314449e-01,-0.000000000000000000e+00,-0.000000000000000000e+00,0.000000000000000000e+00,-0.000000000000000000e+00,-0.000000000000000000e+00,0.000000000000000000e+00,-0.000000000000000000e+00,-8.710106183527735468e-02,0.000000000000000000e+00,-0.000000000000000000e+00,-0.000000000000000000e+00,-0.000000000000000000e+00,-0.000000000000000000e+00,-0.000000000000000000e+00,-0.000000000000000000e+00,-0.000000000000000000e+00
0.000000000000000000e+00,0.000000000000000000e+00,-0.000000000000000000e+00,0.000000000000000000e+00,0.000000000000000000e+00,-0.000000000000000000e+00,0.000000000000000000e+00,0.000000000000000000e+00,6.001431496682294031e-03,-0.000000000000000000e+00,-0.000000000000000000e+00,-9.072056154833341157e-01,-2.666571329843493016e-02,-0.000000000000000000e+00,-4.278542580623405367e-02,-0.000000000000000000e+00,0.000000000000000000e+00,0.000000000000000000e+00,0.000000000000000000e+00,-6.484834999263778821e-01,-7.588963113780834435e-01,2.444388564551918996e+00,-0.000000000000000000e+00,-0.000000000000000000e+00,0.000000000000000000e+00,0.000000000000000000e+00,-0.000000000000000000e+00,-3.791036132114310869e-02,4.581385320956133517e-03,0.000000000000000000e+00,-1.612402162330923427e-01,0.000000000000000000e+00,-0.000000000000000000e+00,-0.000000000000000000e+00,-0.000000000000000000e+00,-0.000000000000000000e+00,-0.000000000000000000e+00,0.000000000000000000e+00,-0.000000000000000000e+00
-0.000000000000000000e+00,-0.000000000000000000e+00,-1.680361916131214717e-01,-0.000000000000000000e+00,-0.000000000000000000e+00,-0.000000000000000000e+00,0.000000000000000000e+00,1.158860905110513789e-01,-0.000000000000000000e+00,-8.378087661831583322e-02,-0.000000000000000000e+00,-3.814122166117697027e-02,-0.000000000000000000e+00,-3.541606078795434542e-01,-0.000000000000000000e+00,-0.000000000000000000e+00,-0.000000000000000000e+00,-3.299179167327210421e-02,-0.000000000000000000e+00,-0.000000000000000000e+00,-1.532948583705314449e-01,-0.000000000000000000e+00,2.151157851190456771e+00,-1.601960176736220987e-01,-3.332247344223214780e-01,-0.000000000000000000e+00,-0.000000000000000000e+00,-0.000000000000000000e+00,0.000000000000000000e+00,-0.000000000000000000e+00,-3.985186721233041629e-01,-0.000000000000000000e+00,-0.000000000000000000e+00,-9.719825623429981243e-02,-0.000000000000000000e+00,0.000000000000000000e+00,-0.000000000000000000e+00,-0.000000000000000000e+00,-3.861744705775103093e-01
0.000000000000000000e+00,0.000000000000000000e+00,-1.847821520902124537e-01,-0.000000000000000000e+00,-0.000000000000000000e+00,0.000000000000000000e+00,0.000000000000000000e+00,1.794255387572010474e-01,-0.000000000000000000e+00,-0.000000000000000000e+00,0.000000000000000000e+00,-0.000000000000000000e+00,0.000000000000000000e+00,-4.062769284829546024e-01,0.000000000000000000e+00,0.000000000000000000e+00,0.000000000000000000e+00,-0.000000000000000000e+00,0.000000000000000000e+00,0.000000000000000000e+00,-0.000000000000000000e+00,-0.000000000000000000e+00,-1.601960176736220987e-01,1.456550951865845933e+00,-0.000000000000000000e+00,0.000000000000000000e+00,0.000000000000000000e+00,0.000000000000000000e+00,1.178243419857778335e-01,-0.000000000000000000e+00,-0.000000000000000000e+00,0.000000000000000000e+00,-6.831675078784901940e-03,-1.666968295248521803e-01,0.000000000000000000e+00,2.119032478564413791e-01,0.000000000000000000e+00,-0.000000000000000000e+00,-0.000000000000000000e+00
-3.654084384292304311e-01,-0.000000000000000000e+00,-0.000000000000000000e+00,-0.000000000000000000e+00,-2.736937914236753193e-03,-0.000000000000000000e+00,0.000000000000000000e+00,0.000000000000000000e+00,-8.253391492054230894e-02,-1.241158021042582382e-01,-0.000000000000000000e+00,0.000000000000000000e+00,0.000000000000000000e+00,-0.000000000000000000e+00,0.000000000000000000e+00,-0.000000000000000000e+00,-2.095395420324610430e-02,-1.648369252419800216e-02,-7.202731125559144743e-02,0.000000000000000000e+00,-0.000000000000000000e+00,0.000000000000000000e+00,-3.332247344223214780e-01,-0.000000000000000000e+00,1.859055974350297902e+00,-0.000000000000000000e+00,-0.000000000000000000e+00,-2.371437653678207524e-01,-1.070928856022369119e-01,-2.965015471580089157e-01,-0.000000000000000000e+00,-0.000000000000000000e+00,-0.000000000000000000e+00,-0.000000000000000000e+00,-5.010169997839134665e-02,-0.000000000000000000e+00,-0.000000000000000000e+00,-0.000000000000000000e+00,-0.000000000000000000e+00
-8.857118227388761922e-02,-1.439347455254192665e-01,-0.000000000000000000e+00,-0.000000000000000000e+00,-0.000000000000000000e+00,-0.000000000000000000e+00,0.000000000000000000e+00,-0.000000000000000000e+00,-0.000000000000000000e+00,-0.000000000000000000e+00,-0.000000000000000000e+00,0.000000000000000000e+00,0.000000000000000000e+00,-0.000000000000000000e+00,0.000000000000000000e+00,-3.146517144558506618e-01,-3.351012115726821894e-01,-0.000000000000000000e+00,-0.000000000000000000e+00,0.000000000000000000e+00,0.000000000000000000e+00,0.000000000000000000e+00,-0.000000000000000000e+00,0.000000000000000000e+00,-0.000000000000000000e+00,2.719505417140100967e+00,-5.062101190769093817e-01,-1.599328580447661463e-01,-4.375965119660367164e-01,-0.000000000000000000e+00,-0.000000000000000000e+00,-5.454117046581536954e-01,-0.000000000000000000e+00,-0.000000000000000000e+00,-0.000000000000000000e+00,-2.727469070914640970e-01,-0.000000000000000000e+00,-0.000000000000000000e+00,0.000000000000000000e+00
-0.000000000000000000e+00,-0.000000000000000000e+00,-0.000000000000000000e+00,-0.000000000000000000e+00,-0.000000000000000000e+00,-0.000000000000000000e+00,0.000000000000000000e+00,0.000000000000000000e+00,-0.000000000000000000e+00,-0.000000000000000000e+00,-5.814178724215254279e-01,-0.000000000000000000e+00,-0.000000000000000000e+00,-7.829505424830920934e-02,-0.000000000000000000e+00,-1.913704207845083327e-01,-0.000000000000000000e+00,-0.000000000000000000e+00,-0.000000000000000000e+00,-0.000000000000000000e+00,-0.000000000000000000e+00,-0.000000000000000000e+00,-0.000000000000000000e+00,0.000000000000000000e+00,-0.000000000000000000e+00,-5.062101190769093817e-01,2.766613669674070408e+00,-1.188496477555713027e-01,-0.000000000000000000e+00,-0.000000000000000000e+00,-4.028128005984386029e-01,-6.232542782311183416e-01,-6.114249047297962147e-02,-0.000000000000000000e+00,-1.153795564484313141e-01,-7.578506387036168523e-02,-1.455270412865836416e-01,0.000000000000000000e+00,-0.000000000000000000e+00
-0.000000000000000000e+00,-0.000000000000000000e+00,-0.000000000000000000e+00,-0.000000000000000000e+00,-0.000000000000000000e+00,-0.000000000000000000e+00,0.000000000000000000e+00,0.000000000000000000e+00,-0.000000000000000000e+00,-0.000000000000000000e+00,-7.694982968841052040e-02,-0.000000000000000000e+00,-0.000000000000000000e+00,-0.000000000000000000e+00,-0.000000000000000000e+00,-3.813096908220954262e-01,-5.677222885848803857e-02,-0.000000000000000000e+00,-0.000000000000000000e+00,-7.674853386335141192e-02,-0.000000000000000000e+00,-3.791036132114310869e-02,-0.000000000000000000e+00,0.000000000000000000e+00,-2.371437653678207524e-01,-1.599328580447661463e-01,-1.188496477555713027e-01,2.293985082915588780e+00,-0.000000000000000000e+00,-0.000000000000000000e+00,-8.886674830331562358e-01,-0.000000000000000000e+00,-0.000000000000000000e+00,-0.000000000000000000e+00,-1.393444496230695495e-01,-1.067608668917078250e-02,-5.602470138112299741e-02,-0.000000000000000000e+00,-0.000000000000000000e+00
-4.348617739354005418e-01,-5.502062871348964435e-02,0.000000000000000000e+00,-0.000000000000000000e+00,-0.000000000000000000e+00,-1.150268537263647306e-01,-0.000000000000000000e+00,-0.000000000000000000e+00,-8.881027555312516128e-03,-0.000000000000000000e+00,-0.000000000000000000e+00,0.000000000000000000e+00,5.662330377038581053e-02,-0.000000000000000000e+00,0.000000000000000000e+00,-0.000000000000000000e+00,-9.966239964506791449e-02,-0.000000000000000000e+00,-5.900364249665746713e-02,0.000000000000000000e+00,0.000000000000000000e+00,4.581385320956133517e-03,0.000000000000000000e+00,1.178243419857778335e-01,-1.070928856022369119e-01,-4.375965119660367164e-01,-0.000000000000000000e+00,-0.000000000000000000e+00,2.169810917836993980e+00,-2.305215439129775223e-01,-0.000000000000000000e+00,-2.984801011785194746e-01,-0.000000000000000000e+00,0.000000000000000000e+00,-0.000000000000000000e+00,-9.491817707211236410e-02,-2.129757071061977591e-01,-0.000000000000000000e+00,0.000000000000000000e+00
-1.143831871796504619e-02,-0.000000000000000000e+00,-2.054549179180243171e-02,-0.000000000000000000e+00,-4.468299399981496833e-01,-0.000000000000000000e+00,0.000000000000000000e+00,1.968708391442139122e-03,-4.170806215478849999e-01,-7.673244058736707895e-01,0.000000000000000000e+00,0.000000000000000000e+00,5.137900374772438189e-02,-2.962212079648524621e-01,5.768567948482794527e-02,-1.670562031490627763e-01,-1.885688698656451945e-01,-7.692355246556806248e-02,-0.000000000000000000e+00,0.000000000000000000e+00,-0.000000000000000000e+00,0.000000000000000000e+00,-0.000000000000000000e+00,-0.000000000000000000e+00,-2.965015471580089157e-01,-0.000000000000000000e+00,-0.000000000000000000e+00,-0.000000000000000000e+00,-2.305215439129775223e-01,2.846778530667155582e+00,-0.000000000000000000e+00,-1.123320351860228883e-01,-0.000000000000000000e+00,-0.000000000000000000e+00,-0.000000000000000000e+00,-0.000000000000000000e+00,-0.000000000000000000e+00,-0.000000000000000000e+00,-0.000000000000000000e+00
-0.000000000000000000e+00,-0.000000000000000000e+00,-0.000000000000000000e+00,-0.000000000000000000e+00,-0.000000000000000000e+00,-0.000000000000000000e+00,0.000000000000000000e+00,0.000000000000000000e+00,-0.000000000000000000e+00,-2.384969648843792908e-02,-0.000000000000000000e+00,-3.039034624796868034e-01,-0.000000000000000000e+00,-3.556817569775399535e-01,-0.000000000000000000e+00,-1.587647062512712315e-01,-0.000000000000000000e+00,-0.000000000000000000e+00,-0.000000000000000000e+00,-0.000000000000000000e+00,-8.710106183527735468e-02,-1.612402162330923427e-01,-3.985186721233041629e-01,-0.000000000000000000e+00,-0.000000000000000000e+00,-0.000000000000000000e+00,-4.028128005984386029e-01,-8.886674830331562358e-01,-0.000000000000000000e+00,-0.000000000000000000e+00,2.775103323084138651e+00,-0.000000000000000000e+00,-4.402022490857743220e-02,-1.951364668527130475e-01,-0.000000000000000000e+00,-0.000000000000000000e+00,-6.741134527351298755e-02,-0.000000000000000000e+00,-0.000000000000000000e+00
-0.000000000000000000e+00,-7.565586948349485585e-02,-0.000000000000000000e+00,-0.000000000000000000e+00,-8.207063727129604302e-02,-1.954044397405118871e-01,0.000000000000000000e+00,0.000000000000000000e+00,-0.000000000000000000e+00,-0.000000000000000000e+00,-0.000000000000000000e+00,-0.000000000000000000e+00,0.000000000000000000e+00,-0.000000000000000000e+00,0.000000000000000000e+00,-0.000000000000000000e+00,-1.795576882209406477e-01,-0.000000000000000000e+00,-2.326680918683744215e-01,0.000000000000000000e+00,0.000000000000000000e+00,0.000000000000000000e+00,-0.000000000000000000e+00,0.000000000000000000e+00,-0.000000000000000000e+00,-5.454117046581536954e-01,-6.232542782311183416e-01,-0.000000000000000000e+00,-2.984801011785194746e-01,-1.123320351860228883e-01,-0.000000000000000000e+00,2.600377896260420485e+00,-1.171994688733970780e-01,-0.000000000000000000e+00,-0.000000000000000000e+00,-0.000000000000000000e+00,-2.867490636106556634e-01,-0.000000000000000000e+00,0.000000000000000000e+00
0.000000000000000000e+00,0.000000000000000000e+00,-5.206824326862151686e-01,-0.000000000000000000e+00,-5.185043885449980294e-01,-0.000000000000000000e+00,0.000000000000000000e+00,0.000000000000000000e+00,-0.000000000000000000e+00,-0.000000000000000000e+00,-0.000000000000000000e+00,-0.000000000000000000e+00,0.000000000000000000e+00,-4.037321165289818325e-01,0.000000000000000000e+00,-0.000000000000000000e+00,-0.000000000000000000e+00,-0.000000000000000000e+00,-0.000000000000000000e+00,0.000000000000000000e+00,-0.000000000000000000e+00,-0.000000000000000000e+00,-0.000000000000000000e+00,-6.831675078784901940e-03,-0.000000000000000000e+00,-0.000000000000000000e+00,-6.114249047297962147e-02,-0.000000000000000000e+00,-0.000000000000000000e+00,-0.000000000000000000e+00,-4.402022490857743220e-02,-1.171994688733970780e-01,2.390021374676523536e+00,-6.232855249339569470e-01,-0.000000000000000000e+00,0.000000000000000000e+00,-0.000000000000000000e+00,-0.000000000000000000e+00,-0.000000000000000000e+00
-0.000000000000000000e+00,0.000000000000000000e+00,-3.271222369995764601e-02,-0.000000000000000000e+00,-3.594273843380316746e-01,-0.000000000000000000e+00,0.000000000000000000e+00,0.000000000000000000e+00,-0.000000000000000000e+00,-0.000000000000000000e+00,-0.000000000000000000e+00,-0.000000000000000000e+00,-0.000000000000000000e+00,-3.958302975099376592e-02,0.000000000000000000e+00,0.000000000000000000e+00,-0.000000000000000000e+00,-0.000000000000000000e+00,0.000000000000000000e+00,0.000000000000000000e+00,-0.000000000000000000e+00,-0.000000000000000000e+00,-9.719825623429981243e-02,-1.666968295248521803e-01,-0.000000000000000000e+00,-0.000000000000000000e+00,-0.000000000000000000e+00,-0.000000000000000000e+00,0.000000000000000000e+00,-0.000000000000000000e+00,-1.951364668527130475e-01,-0.000000000000000000e+00,-6.232855249339569470e-01,1.805597552025572261e+00,-0.000000000000000000e+00,0.000000000000000000e+00,-0.000000000000000000e+00,-0.000000000000000000e+00,-0.000000000000000000e+00
-0.000000000000000000e+00,-2.488047059000488836e-01,-0.000000000000000000e+00,0.000000000000000000e+00,-0.000000000000000000e+00,-0.000000000000000000e+00,0.000000000000000000e+00,0.000000000000000000e+00,0.000000000000000000e+00,-0.000000000000000000e+00,-9.682082113872501894e-02,-1.193091842323727586e-01,-0.000000000000000000e+00,-0.000000000000000000e+00,-0.000000000000000000e+00,-7.773704255358981907e-02,-0.000000000000000000e+00,-0.000000000000000000e+00,-0.000000000000000000e+00,-0.000000000000000000e+00,-0.000000000000000000e+00,-0.000000000000000000e+00,-0.000000000000000000e+00,0.000000000000000000e+00,-5.010169997839134665e-02,-0.000000000000000000e+00,-1.153795564484313141e-01,-1.393444496230695495e-01,-0.000000000000000000e+00,-0.000000000000000000e+00,-0.000000000000000000e+00,-0.000000000000000000e+00,-0.000000000000000000e+00,-0.000000000000000000e+00,2.250388700680046927e+00,-1.571117401030794059e-01,-1.083159512598957264e+00,0.000000000000000000e+00,-0.000000000000000000e+00
-0.000000000000000000e+00,-2.647103440140620781e-02,0.000000000000000000e+00,0.000000000000000000e+00,0.000000000000000000e+00,-1.250969403259544477e-01,-0.000000000000000000e+00,-0.000000000000000000e+00,0.000000000000000000e+00,-0.000000000000000000e+00,-2.624173572886154826e-01,-0.000000000000000000e+00,-0.000000000000000000e+00,-0.000000000000000000e+00,-0.000000000000000000e+00,-5.711722630270663625e-01,-0.000000000000000000e+00,0.000000000000000000e+00,-0.000000000000000000e+00,-0.000000000000000000e+00,-0.000000000000000000e+00,-0.000000000000000000e+00,0.000000000000000000e+00,2.119032478564413791e-01,-0.000000000000000000e+00,-2.727469070914640970e-01,-7.578506387036168523e-02,-1.067608668917078250e-02,-9.491817707211236410e-02,-0.000000000000000000e+00,-0.000000000000000000e+00,-0.000000000000000000e+00,0.000000000000000000e+00,0.000000000000000000e+00,-1.571117401030794059e-01,1.985036405557899730e+00,-2.337978666872188305e-01,0.000000000000000000e+00,0.000000000000000000e+00
-0.000000000000000000e+00,-1.784190402930950770e-01,-0.000000000000000000e+00,-0.000000000000000000e+00,-0.000000000000000000e+00,-2.373890507531024041e-01,0.000000000000000000e+00,0.000000000000000000e+00,-0.000000000000000000e+00,-0.000000000000000000e+00,-1.677350616802741612e-01,-0.000000000000000000e+00,-0.000000000000000000e+00,-0.000000000000000000e+00,-0.000000000000000000e+00,-0.000000000000000000e+00,-0.000000000000000000e+00,-0.000000000000000000e+00,-0.000000000000000000e+00,-0.000000000000000000e+00,-0.000000000000000000e+00,-0.000000000000000000e+00,-0.000000000000000000e+00,0.000000000000000000e+00,-0.000000000000000000e+00,-0.000000000000000000e+00,-1.455270412865836416e-01,-5.602470138112299741e-02,-2.129757071061977591e-01,-0.000000000000000000e+00,-6.741134527351298755e-02,-2.867490636106556634e-01,-0.000000000000000000e+00,-0.000000000000000000e+00,-1.083159512598957264e+00,-2.337978666872188305e-01,2.615497537407779127e+00,0.000000000000000000e+00,-0.000000000000000000e+00
-1.650337735430404129e-01,-0.000000000000000000e+00,-0.000000000000000000e+00,-0.000000000000000000e+00,-0.000000000000000000e+00,8.898578019764065428e-02,0.000000000000000000e+00,0.000000000000000000e+00,-1.817518531553804773e-01,-6.673360059819925631e-03,9.133935079544218405e-02,0.000000000000000000e+00,1.967734062641243453e-01,-0.000000000000000000e+00,0.000000000000000000e+00,-0.000000000000000000e+00,-0.000000000000000000e+00,-9.821231935556032355e-02,-1.043207674322765288e-01,-0.000000000000000000e+00,-0.000000000000000000e+00,0.000000000000000000e+00,-0.000000000000000000e+00,-0.000000000000000000e+00,-0.000000000000000000e+00,-0.000000000000000000e+00,0.000000000000000000e+00,-0.000000000000000000e+00,-0.000000000000000000e+00,-0.000000000000000000e+00,-0.000000000000000000e+00,-0.000000000000000000e+00,-0.000000000000000000e+00,-0.000000000000000000e+00,0.000000000000000000e+00,0.000000000000000000e+00,0.000000000000000000e+00,1.305716291648195027e+00,-3.284357469108614147e-01
-0.000000000000000000e+00,-0.000000000000000000e+00,-0.000000000000000000e+00,-0.000000000000000000e+00,-0.000000000000000000e+00,0.000000000000000000e+00,0.000000000000000000e+00,0.000000000000000000e+00,-0.000000000000000000e+00,-0.000000000000000000e+00,0.000000000000000000e+00,-4.413421127562300872e-01,-0.000000000000000000e+00,-0.000000000000000000e+00,-0.000000000000000000e+00,-0.000000000000000000e+00,0.000000000000000000e+00,-3.705531202558903087e-02,-1.808933137507500247e-02,-0.000000000000000000e+00,-0.000000000000000000e+00,-0.000000000000000000e+00,-3.861744705775103093e-01,-0.000000000000000000e+00,-0.000000000000000000e+00,0.000000000000000000e+00,-0.000000000000000000e+00,-0.000000000000000000e+00,0.000000000000000000e+00,-0.000000000000000000e+00,-0.000000000000000000e+00,0.000000000000000000e+00,-0.000000000000000000e+00,-0.000000000000000000e+00,-0.000000000000000000e+00,0.000000000000000000e+00,-0.000000000000000000e+00,-3.284357469108614147e-01,1.469663030399862125e+00
