1.190343509002189659e+00,-6.955195918031649438e-02,-0.000000000000000000e+00,-0.000000000000000000e+00,-0.000000000000000000e+00,-0.000000000000000000e+00,-0.000000000000000000e+00,0.000000000000000000e+00,-1.347079535465609268e-01,-2.021997796878798603e-01,-0.000000000000000000e+00,-0.000000000000000000e+00,-0.000000000000000000e+00,-0.000000000000000000e+00,0.000000000000000000e+00,-8.598141257000724638e-03,0.000000000000000000e+00,-0.000000000000000000e+00,-0.000000000000000000e+00,-0.000000000000000000e+00,-0.000000000000000000e+00,-0.000000000000000000e+00,-0.000000000000000000e+00,-0.000000000000000000e+00,-2.535493138831174109e-02,-0.000000000000000000e+00,-0.000000000000000000e+00,-3.420203102544742968e-02,-1.997213610649588647e-02,-1.399118078483157779e-01,-0.000000000000000000e+00,-0.000000000000000000e+00,-0.000000000000000000e+00,-0.000000000000000000e+00,-0.000000000000000000e+00,0.000000000000000000e+00,-0.000000000000000000e+00,-0.000000000000000000e+00,-1.058252195722576283e-01
-6.955195918031649438e-02,1.614769867067063824e+00,-6.936693499768829818e-02,-4.531154180702046119e-02,-0.000000000000000000e+00,-1.066382650376221236e-01,-7.820618168904262812e-02,7.537144218703875631e-02,-5.524432191486121357e-02,-8.570842263360167745e-02,-0.000000000000000000e+00,-0.000000000000000000e+00,-0.000000000000000000e+00,-7.152045908428322774e-02,0.000000000000000000e+00,-0.000000000000000000e+00,0.000000000000000000e+00,-0.000000000000000000e+00,-0.000000000000000000e+00,-2.102112100783423872e-03,-0.000000000000000000e+00,-3.916300855624124666e-02,-9.736497624750251045e-02,-9.167626065072259633e-02,-1.194231236354859615e-01,-1.116663286368535096e-01,-8.032058584867421414e-02,-2.055695252407282320e-03,-6.958906733967348823e-02,-7.504424917515925553e-02,-9.103546088542112391e-02,-5.730661759580273074e-02,-4.484374426212653364e-02,0.000000000000000000e+00,-3.009895790845774910e-02,0.000000000000000000e+00,-9.004869663268824653e-02,0.000000000000000000e+00,-4.970254940938425604e-03
-0.000000000000000000e+00,-6.936693499768829818e-02,1.600746434324944234e+00,-6.824321895734995758e-02,-0.000000000000000000e+00,-5.948002686833659368e-03,-0.000000000000000000e+00,2.338225669087177772e-01,-9.780090449826771282e-02,-1.805218491664260100e-02,-0.000000000000000000e+00,-0.000000000000000000e+00,-0.000000000000000000e+00,-8.620404921394986264e-02,0.000000000000000000e+00,-0.000000000000000000e+00,0.000000000000000000e+00,-1.015178689599281342e-01,-0.000000000000000000e+00,-0.000000000000000000e+00,-6.215950201083566933e-03,-0.000000000000000000e+00,-6.597882752221289823e-03,-1.095957094474754676e-03,-9.284996455412506539e-03,-1.461240647049955044e-01,-5.117359316487554016e-02,-9.539258531492723903e-02,-5.701921389581043886e-02,-6.982015249385735423e-02,-1.013690961925349868e-02,-1.398554784132367834e-01,-1.628806855881735349e-01,0.000000000000000000e+00,-7.943250137249437126e-02,0.000000000000000000e+00,-9.639860987473945764e-02,0.000000000000000000e+00,-2.592004230013046293e-02
-0.000000000000000000e+00,-4.531154180702046119e-02,-6.824321895734995758e-02,1.595622013800372274e+00,-0.000000000000000000e+00,-6.802340421826366668e-02,-1.409542949291013592e-01,6.280343064274875042e-02,-0.000000000000000000e+00,-0.000000000000000000e+00,-0.000000000000000000e+00,-0.000000000000000000e+00,-0.000000000000000000e+00,-8.552323987766506652e-02,0.000000000000000000e+00,-0.000000000000000000e+00,0.000000000000000000e+00,-0.000000000000000000e+00,-0.000000000000000000e+00,-8.475800203089088602e-02,-3.018588863993933863e-02,-7.244539650105559503e-02,-7.676236961138474535e-02,-9.058068041459554909e-02,-6.345442988022674535e-02,-5.449540970655634975e-02,-1.382886143788973621e-01,-0.000000000000000000e+00,-3.530234407018741777e-02,-0.000000000000000000e+00,-1.013002597242530362e-01,-9.370621517665993216e-02,-9.037705214384299246e-02,0.000000000000000000e+00,-7.718495242999152961e-02,0.000000000000000000e+00,-8.854557170668797550e-02,0.000000000000000000e+00,-0.000000000000000000e+00
-0.000000000000000000e+00,-0.000000000000000000e+00,-0.000000000000000000e+00,-0.000000000000000000e+00,1.024928079557572147e+00,-0.000000000000000000e+00,-0.000000000000000000e+00,0.000000000000000000e+00,-1.576103590857248077e-02,-0.000000000000000000e+00,-0.000000000000000000e+00,-0.000000000000000000e+00,0.000000000000000000e+00,-0.000000000000000000e+00,-0.000000000000000000e+00,-0.000000000000000000e+00,-0.000000000000000000e+00,-0.000000000000000000e+00,-0.000000000000000000e+00,-0.000000000000000000e+00,-0.000000000000000000e+00,-0.000000000000000000e+00,-0.000000000000000000e+00,-0.000000000000000000e+00,-0.000000000000000000e+00,-0.000000000000000000e+00,-0.000000000000000000e+00,-0.000000000000000000e+00,-0.000000000000000000e+00,-0.000000000000000000e+00,-0.000000000000000000e+00,-0.000000000000000000e+00,-0.000000000000000000e+00,-0.000000000000000000e+00,-0.000000000000000000e+00,-0.000000000000000000e+00,-0.000000000000000000e+00,-0.000000000000000000e+00,-1.546388653716097294e-01
-0.000000000000000000e+00,-1.066382650376221236e-01,-5.948002686833659368e-03,-6.802340421826366668e-02,-0.000000000000000000e+00,1.626778556838114120e+00,-7.354740237240714462e-02,5.404306414887093644e-03,-0.000000000000000000e+00,-0.000000000000000000e+00,-0.000000000000000000e+00,-0.000000000000000000e+00,-2.218744968493805564e-02,-5.519175121352774133e-02,0.000000000000000000e+00,-0.000000000000000000e+00,0.000000000000000000e+00,-0.000000000000000000e+00,-0.000000000000000000e+00,-1.021166945972742102e-01,-4.380155122985567029e-02,-1.117168170080086592e-01,-1.754048368672408154e-01,-1.619086494255747022e-01,-1.411322208665803934e-01,-6.332272718577189319e-02,-5.970671101083636217e-02,-0.000000000000000000e+00,-5.011269833261228213e-02,-5.030164388448730983e-02,-0.000000000000000000e+00,-1.406113813263360976e-02,-0.000000000000000000e+00,0.000000000000000000e+00,-1.266927659534836659e-01,0.000000000000000000e+00,-1.383387140322419051e-01,0.000000000000000000e+00,-0.000000000000000000e+00
-0.000000000000000000e+00,-7.820618168904262812e-02,-0.000000000000000000e+00,-1.409542949291013592e-01,-0.000000000000000000e+00,-7.354740237240714462e-02,1.422731166243751622e+00,1.972583407272272306e-03,-0.000000000000000000e+00,-0.000000000000000000e+00,-0.000000000000000000e+00,-0.000000000000000000e+00,-4.454902627256079189e-02,-8.055314838219730655e-02,2.935215612433781773e-03,-0.000000000000000000e+00,0.000000000000000000e+00,-0.000000000000000000e+00,-0.000000000000000000e+00,-6.796652847783507707e-03,-0.000000000000000000e+00,-3.638581816192557744e-02,-7.552718573568685534e-02,-8.224602649586185144e-02,-6.138078555335459846e-02,-7.041326940851165561e-02,-1.674592012634777971e-01,-0.000000000000000000e+00,-0.000000000000000000e+00,-0.000000000000000000e+00,-1.274278587451348754e-01,-5.492357139307355030e-02,-5.748018708386450071e-02,0.000000000000000000e+00,-0.000000000000000000e+00,0.000000000000000000e+00,-7.094373741582107873e-02,0.000000000000000000e+00,-0.000000000000000000e+00
0.000000000000000000e+00,7.537144218703875631e-02,2.338225669087177772e-01,6.280343064274875042e-02,0.000000000000000000e+00,5.404306414887093644e-03,1.972583407272272306e-03,1.580065328871353758e+00,7.823303269945007521e-02,6.920343266722436262e-04,0.000000000000000000e+00,0.000000000000000000e+00,0.000000000000000000e+00,8.650795522480310418e-02,-0.000000000000000000e+00,0.000000000000000000e+00,-0.000000000000000000e+00,8.436123559202683697e-02,0.000000000000000000e+00,0.000000000000000000e+00,0.000000000000000000e+00,0.000000000000000000e+00,0.000000000000000000e+00,0.000000000000000000e+00,0.000000000000000000e+00,1.706397566699813517e-01,7.367142016191559339e-02,7.029079474039533204e-02,3.719923961301038057e-02,4.828057823775906005e-02,8.923434244594534784e-03,1.446905955521703702e-01,1.690062726284489447e-01,-0.000000000000000000e+00,6.954290759248059339e-02,-0.000000000000000000e+00,1.044849222569195213e-01,-0.000000000000000000e+00,4.335727506232046891e-02
-1.347079535465609268e-01,-5.524432191486121357e-02,-9.780090449826771282e-02,-0.000000000000000000e+00,-1.576103590857248077e-02,-0.000000000000000000e+00,-0.000000000000000000e+00,7.823303269945007521e-02,1.423430328803961364e+00,-1.761922892151935038e-01,-0.000000000000000000e+00,-0.000000000000000000e+00,-0.000000000000000000e+00,-9.809353560973116393e-02,0.000000000000000000e+00,-0.000000000000000000e+00,0.000000000000000000e+00,-4.567429198368744975e-02,-0.000000000000000000e+00,-0.000000000000000000e+00,-8.135929903663404600e-03,-0.000000000000000000e+00,-0.000000000000000000e+00,-0.000000000000000000e+00,-4.381691205146078655e-02,-5.178972432818165078e-02,-5.664502237409974571e-03,-1.013329430835391981e-01,-6.561263836050859610e-02,-1.335543346884397742e-01,-4.664747033839991563e-02,-1.214137450699876927e-02,-7.452112401831227639e-02,0.000000000000000000e+00,-0.000000000000000000e+00,0.000000000000000000e+00,-0.000000000000000000e+00,0.000000000000000000e+00,-1.638074963478763357e-01
-2.021997796878798603e-01,-8.570842263360167745e-02,-1.805218491664260100e-02,-0.000000000000000000e+00,-0.000000000000000000e+00,-0.000000000000000000e+00,-0.000000000000000000e+00,6.920343266722436262e-04,-1.761922892151935038e-01,1.361843326547539812e+00,-0.000000000000000000e+00,-0.000000000000000000e+00,-0.000000000000000000e+00,-6.165560533087294237e-02,0.000000000000000000e+00,-1.673420140855084726e-01,0.000000000000000000e+00,-0.000000000000000000e+00,-0.000000000000000000e+00,-0.000000000000000000e+00,-0.000000000000000000e+00,-0.000000000000000000e+00,-0.000000000000000000e+00,-0.000000000000000000e+00,-5.603833410006893445e-02,-1.697556098901187391e-03,-0.000000000000000000e+00,-1.961690361802592708e-02,-5.650184311586699953e-02,-2.184476741501485686e-01,-4.950105350620638209e-03,-0.000000000000000000e+00,-1.343562651069456215e-02,-0.000000000000000000e+00,-0.000000000000000000e+00,0.000000000000000000e+00,-0.000000000000000000e+00,-0.000000000000000000e+00,-1.746717241147270894e-01
-0.000000000000000000e+00,-0.000000000000000000e+00,-0.000000000000000000e+00,-0.000000000000000000e+00,-0.000000000000000000e+00,-0.000000000000000000e+00,-0.000000000000000000e+00,0.000000000000000000e+00,-0.000000000000000000e+00,-0.000000000000000000e+00,1.000000000000000222e+00,-0.000000000000000000e+00,0.000000000000000000e+00,-0.000000000000000000e+00,-0.000000000000000000e+00,-0.000000000000000000e+00,-0.000000000000000000e+00,-0.000000000000000000e+00,-0.000000000000000000e+00,-0.000000000000000000e+00,-0.000000000000000000e+00,-0.000000000000000000e+00,-0.000000000000000000e+00,-0.000000000000000000e+00,-0.000000000000000000e+00,-0.000000000000000000e+00,-0.000000000000000000e+00,-0.000000000000000000e+00,-0.000000000000000000e+00,-0.000000000000000000e+00,-0.000000000000000000e+00,-0.000000000000000000e+00,-0.000000000000000000e+00,-0.000000000000000000e+00,-0.000000000000000000e+00,-0.000000000000000000e+00,-0.000000000000000000e+00,-0.000000000000000000e+00,-0.000000000000000000e+00
-0.000000000000000000e+00,-0.000000000000000000e+00,-0.000000000000000000e+00,-0.000000000000000000e+00,-0.000000000000000000e+00,-0.000000000000000000e+00,-0.000000000000000000e+00,0.000000000000000000e+00,-0.000000000000000000e+00,-0.000000000000000000e+00,-0.000000000000000000e+00,1.164772363855385962e+00,0.000000000000000000e+00,-0.000000000000000000e+00,-9.307379071069145360e-02,-0.000000000000000000e+00,-0.000000000000000000e+00,-2.770593219667676910e-01,-2.332841436080285991e-01,-0.000000000000000000e+00,-0.000000000000000000e+00,-0.000000000000000000e+00,-0.000000000000000000e+00,-0.000000000000000000e+00,-0.000000000000000000e+00,-0.000000000000000000e+00,-0.000000000000000000e+00,-0.000000000000000000e+00,-0.000000000000000000e+00,-0.000000000000000000e+00,-0.000000000000000000e+00,-0.000000000000000000e+00,-0.000000000000000000e+00,-1.611255527913808133e-02,-0.000000000000000000e+00,-0.000000000000000000e+00,-0.000000000000000000e+00,-0.000000000000000000e+00,-9.040494889753506597e-03
-0.000000000000000000e+00,-0.000000000000000000e+00,-0.000000000000000000e+00,-0.000000000000000000e+00,0.000000000000000000e+00,-2.218744968493805564e-02,-4.454902627256079189e-02,0.000000000000000000e+00,-0.000000000000000000e+00,-0.000000000000000000e+00,0.000000000000000000e+00,0.000000000000000000e+00,1.085323820187642951e+00,-0.000000000000000000e+00,1.579346766175482031e-01,0.000000000000000000e+00,0.000000000000000000e+00,0.000000000000000000e+00,0.000000000000000000e+00,-0.000000000000000000e+00,-0.000000000000000000e+00,-2.175773997795846931e-02,-0.000000000000000000e+00,-4.335327224988891337e-02,-0.000000000000000000e+00,-0.000000000000000000e+00,-0.000000000000000000e+00,-0.000000000000000000e+00,-0.000000000000000000e+00,-0.000000000000000000e+00,-0.000000000000000000e+00,-0.000000000000000000e+00,-0.000000000000000000e+00,1.377178636503222919e-01,-0.000000000000000000e+00,1.480108891665932458e-01,-0.000000000000000000e+00,0.000000000000000000e+00,-0.000000000000000000e+00
-0.000000000000000000e+00,-7.152045908428322774e-02,-8.620404921394986264e-02,-8.552323987766506652e-02,-0.000000000000000000e+00,-5.519175121352774133e-02,-8.055314838219730655e-02,8.650795522480310418e-02,-9.809353560973116393e-02,-6.165560533087294237e-02,-0.000000000000000000e+00,-0.000000000000000000e+00,-0.000000000000000000e+00,1.570989270679318706e+00,0.000000000000000000e+00,-0.000000000000000000e+00,0.000000000000000000e+00,-0.000000000000000000e+00,-0.000000000000000000e+00,-0.000000000000000000e+00,-0.000000000000000000e+00,-0.000000000000000000e+00,-6.586255147610757532e-02,-6.414699921358318901e-02,-7.724134981759051000e-02,-1.238091239061363952e-01,-1.375549039086398362e-01,-0.000000000000000000e+00,-3.253408864103732312e-02,-0.000000000000000000e+00,-1.237362294834496446e-01,-9.424944486651799791e-02,-5.528246711387442558e-02,0.000000000000000000e+00,-7.170317902733638893e-02,0.000000000000000000e+00,-6.233296785981369548e-02,0.000000000000000000e+00,-0.000000000000000000e+00
0.000000000000000000e+00,0.000000000000000000e+00,0.000000000000000000e+00,0.000000000000000000e+00,-0.000000000000000000e+00,0.000000000000000000e+00,2.935215612433781773e-03,-0.000000000000000000e+00,0.000000000000000000e+00,0.000000000000000000e+00,-0.000000000000000000e+00,-9.307379071069145360e-02,1.579346766175482031e-01,0.000000000000000000e+00,1.072364668733556625e+00,-0.000000000000000000e+00,-0.000000000000000000e+00,-0.000000000000000000e+00,-2.317794198845170295e-02,0.000000000000000000e+00,0.000000000000000000e+00,0.000000000000000000e+00,0.000000000000000000e+00,0.000000000000000000e+00,0.000000000000000000e+00,0.000000000000000000e+00,0.000000000000000000e+00,0.000000000000000000e+00,0.000000000000000000e+00,0.000000000000000000e+00,0.000000000000000000e+00,0.000000000000000000e+00,0.000000000000000000e+00,-1.754668582646070341e-01,0.000000000000000000e+00,-0.000000000000000000e+00,0.000000000000000000e+00,-0.000000000000000000e+00,-0.000000000000000000e+00
-8.598141257000724638e-03,-0.000000000000000000e+00,-0.000000000000000000e+00,-0.000000000000000000e+00,-0.000000000000000000e+00,-0.000000000000000000e+00,-0.000000000000000000e+00,0.000000000000000000e+00,-0.000000000000000000e+00,-1.673420140855084726e-01,-0.000000000000000000e+00,-0.000000000000000000e+00,0.000000000000000000e+00,-0.000000000000000000e+00,-0.000000000000000000e+00,1.033621067570407837e+00,0.000000000000000000e+00,-0.000000000000000000e+00,-1.198609845867344530e-02,-0.000000000000000000e+00,-0.000000000000000000e+00,-0.000000000000000000e+00,-0.000000000000000000e+00,-0.000000000000000000e+00,-0.000000000000000000e+00,-0.000000000000000000e+00,-0.000000000000000000e+00,-0.000000000000000000e+00,-0.000000000000000000e+00,-3.420954826024618506e-02,-0.000000000000000000e+00,-0.000000000000000000e+00,-0.000000000000000000e+00,-0.000000000000000000e+00,-0.000000000000000000e+00,-0.000000000000000000e+00,-0.000000000000000000e+00,-0.000000000000000000e+00,-0.000000000000000000e+00
0.000000000000000000e+00,0.000000000000000000e+00,0.000000000000000000e+00,0.000000000000000000e+00,-0.000000000000000000e+00,0.000000000000000000e+00,0.000000000000000000e+00,-0.000000000000000000e+00,0.000000000000000000e+00,0.000000000000000000e+00,-0.000000000000000000e+00,-0.000000000000000000e+00,0.000000000000000000e+00,0.000000000000000000e+00,-0.000000000000000000e+00,0.000000000000000000e+00,1.013507159302921901e+00,-0.000000000000000000e+00,-0.000000000000000000e+00,8.960999677885039816e-02,0.000000000000000000e+00,2.887932106759604628e-02,0.000000000000000000e+00,0.000000000000000000e+00,0.000000000000000000e+00,0.000000000000000000e+00,0.000000000000000000e+00,0.000000000000000000e+00,0.000000000000000000e+00,0.000000000000000000e+00,0.000000000000000000e+00,0.000000000000000000e+00,0.000000000000000000e+00,-0.000000000000000000e+00,0.000000000000000000e+00,-4.804895002284719635e-02,0.000000000000000000e+00,-0.000000000000000000e+00,-0.000000000000000000e+00
-0.000000000000000000e+00,-0.000000000000000000e+00,-1.015178689599281342e-01,-0.000000000000000000e+00,-0.000000000000000000e+00,-0.000000000000000000e+00,-0.000000000000000000e+00,8.436123559202683697e-02,-4.567429198368744975e-02,-0.000000000000000000e+00,-0.000000000000000000e+00,-2.770593219667676910e-01,0.000000000000000000e+00,-0.000000000000000000e+00,-0.000000000000000000e+00,-0.000000000000000000e+00,-0.000000000000000000e+00,1.285177341903405157e+00,-3.529752214937142973e-01,-0.000000000000000000e+00,-0.000000000000000000e+00,-0.000000000000000000e+00,-0.000000000000000000e+00,-0.000000000000000000e+00,-0.000000000000000000e+00,-0.000000000000000000e+00,-0.000000000000000000e+00,-8.901761090797669085e-02,-0.000000000000000000e+00,-4.293167052892696289e-02,-0.000000000000000000e+00,-0.000000000000000000e+00,-2.152351964033859949e-02,-0.000000000000000000e+00,-0.000000000000000000e+00,-0.000000000000000000e+00,-0.000000000000000000e+00,0.000000000000000000e+00,-5.105727846430524464e-02
-0.000000000000000000e+00,-0.000000000000000000e+00,-0.000000000000000000e+00,-0.000000000000000000e+00,-0.000000000000000000e+00,-0.000000000000000000e+00,-0.000000000000000000e+00,0.000000000000000000e+00,-0.000000000000000000e+00,-0.000000000000000000e+00,-0.000000000000000000e+00,-2.332841436080285991e-01,0.000000000000000000e+00,-0.000000000000000000e+00,-2.317794198845170295e-02,-1.198609845867344530e-02,-0.000000000000000000e+00,-3.529752214937142973e-01,1.195161006146071792e+00,-0.000000000000000000e+00,-0.000000000000000000e+00,-0.000000000000000000e+00,-0.000000000000000000e+00,-0.000000000000000000e+00,-0.000000000000000000e+00,-0.000000000000000000e+00,-0.000000000000000000e+00,-0.000000000000000000e+00,-0.000000000000000000e+00,-0.000000000000000000e+00,-0.000000000000000000e+00,-0.000000000000000000e+00,-0.000000000000000000e+00,-0.000000000000000000e+00,-0.000000000000000000e+00,-0.000000000000000000e+00,-0.000000000000000000e+00,-0.000000000000000000e+00,-0.000000000000000000e+00
-0.000000000000000000e+00,-2.102112100783423872e-03,-0.000000000000000000e+00,-8.475800203089088602e-02,-0.000000000000000000e+00,-1.021166945972742102e-01,-6.796652847783507707e-03,0.000000000000000000e+00,-0.000000000000000000e+00,-0.000000000000000000e+00,-0.000000000000000000e+00,-0.000000000000000000e+00,-0.000000000000000000e+00,-0.000000000000000000e+00,0.000000000000000000e+00,-0.000000000000000000e+00,8.960999677885039816e-02,-0.000000000000000000e+00,-0.000000000000000000e+00,1.504853313677247506e+00,-2.471761589289183658e-01,-2.344307041399814606e-01,-1.185628123682571644e-01,-1.433880134110509241e-01,-1.064098876954264472e-01,-0.000000000000000000e+00,-0.000000000000000000e+00,-0.000000000000000000e+00,-6.922640121895454191e-02,-0.000000000000000000e+00,-0.000000000000000000e+00,-0.000000000000000000e+00,-0.000000000000000000e+00,0.000000000000000000e+00,-1.090918267727913754e-01,1.717751270898360688e-02,-4.029367327690488998e-02,0.000000000000000000e+00,-0.000000000000000000e+00
-0.000000000000000000e+00,-0.000000000000000000e+00,-6.215950201083566933e-03,-3.018588863993933863e-02,-0.000000000000000000e+00,-4.380155122985567029e-02,-0.000000000000000000e+00,0.000000000000000000e+00,-8.135929903663404600e-03,-0.000000000000000000e+00,-0.000000000000000000e+00,-0.000000000000000000e+00,-0.000000000000000000e+00,-0.000000000000000000e+00,0.000000000000000000e+00,-0.000000000000000000e+00,0.000000000000000000e+00,-0.000000000000000000e+00,-0.000000000000000000e+00,-2.471761589289183658e-01,1.438774063599606245e+00,-1.826001173334970695e-01,-6.436374609998582463e-02,-6.966663584588146663e-02,-7.238878513441059093e-02,-0.000000000000000000e+00,-0.000000000000000000e+00,-3.398190707893994356e-02,-1.435998566964925005e-01,-1.493923443908602711e-01,-0.000000000000000000e+00,-0.000000000000000000e+00,-0.000000000000000000e+00,0.000000000000000000e+00,-1.245041995154946568e-01,0.000000000000000000e+00,-3.318594433150115486e-02,0.000000000000000000e+00,-0.000000000000000000e+00
-0.000000000000000000e+00,-3.916300855624124666e-02,-0.000000000000000000e+00,-7.244539650105559503e-02,-0.000000000000000000e+00,-1.117168170080086592e-01,-3.638581816192557744e-02,0.000000000000000000e+00,-0.000000000000000000e+00,-0.000000000000000000e+00,-0.000000000000000000e+00,-0.000000000000000000e+00,-2.175773997795846931e-02,-0.000000000000000000e+00,0.000000000000000000e+00,-0.000000000000000000e+00,2.887932106759604628e-02,-0.000000000000000000e+00,-0.000000000000000000e+00,-2.344307041399814606e-01,-1.826001173334970695e-01,1.529046121700885941e+00,-1.205322238057773554e-01,-1.345262475669900815e-01,-1.149515055606097208e-01,-0.000000000000000000e+00,-0.000000000000000000e+00,-0.000000000000000000e+00,-9.193725438515715220e-02,-3.336464157330350233e-02,-0.000000000000000000e+00,-3.649691710913328686e-03,-0.000000000000000000e+00,0.000000000000000000e+00,-9.569187788752332724e-02,0.000000000000000000e+00,-7.845462374906099490e-02,0.000000000000000000e+00,-0.000000000000000000e+00
-0.000000000000000000e+00,-9.736497624750251045e-02,-6.597882752221289823e-03,-7.676236961138474535e-02,-0.000000000000000000e+00,-1.754048368672408154e-01,-7.552718573568685534e-02,0.000000000000000000e+00,-0.000000000000000000e+00,-0.000000000000000000e+00,-0.000000000000000000e+00,-0.000000000000000000e+00,-0.000000000000000000e+00,-6.586255147610757532e-02,0.000000000000000000e+00,-0.000000000000000000e+00,0.000000000000000000e+00,-0.000000000000000000e+00,-0.000000000000000000e+00,-1.185628123682571644e-01,-6.436374609998582463e-02,-1.205322238057773554e-01,1.642029824644187341e+00,-1.643079906417949654e-01,-1.489735994520899609e-01,-5.089337392074457650e-02,-3.693029974895128270e-02,-0.000000000000000000e+00,-4.053480525427001491e-02,-5.947928497254037494e-02,-0.000000000000000000e+00,-1.057530132297969036e-02,-0.000000000000000000e+00,0.000000000000000000e+00,-1.401020833095513451e-01,0.000000000000000000e+00,-1.304351132635193089e-01,0.000000000000000000e+00,-0.000000000000000000e+00
-0.000000000000000000e+00,-9.167626065072259633e-02,-1.095957094474754676e-03,-9.058068041459554909e-02,-0.000000000000000000e+00,-1.619086494255747022e-01,-8.224602649586185144e-02,0.000000000000000000e+00,-0.000000000000000000e+00,-0.000000000000000000e+00,-0.000000000000000000e+00,-0.000000000000000000e+00,-4.335327224988891337e-02,-6.414699921358318901e-02,0.000000000000000000e+00,-0.000000000000000000e+00,0.000000000000000000e+00,-0.000000000000000000e+00,-0.000000000000000000e+00,-1.433880134110509241e-01,-6.966663584588146663e-02,-1.345262475669900815e-01,-1.643079906417949654e-01,1.655819716665250629e+00,-1.365114708865111659e-01,-4.293023742931563469e-02,-6.544576830563528236e-02,-0.000000000000000000e+00,-5.778380779088423264e-02,-1.371635757469716506e-02,-2.485280275913571632e-02,-9.805599322932572956e-03,-0.000000000000000000e+00,0.000000000000000000e+00,-1.288314139137944625e-01,0.000000000000000000e+00,-1.235544833734530668e-01,0.000000000000000000e+00,-0.000000000000000000e+00
-2.535493138831174109e-02,-1.194231236354859615e-01,-9.284996455412506539e-03,-6.345442988022674535e-02,-0.000000000000000000e+00,-1.411322208665803934e-01,-6.138078555335459846e-02,0.000000000000000000e+00,-4.381691205146078655e-02,-5.603833410006893445e-02,-0.000000000000000000e+00,-0.000000000000000000e+00,-0.000000000000000000e+00,-7.724134981759051000e-02,0.000000000000000000e+00,-0.000000000000000000e+00,0.000000000000000000e+00,-0.000000000000000000e+00,-0.000000000000000000e+00,-1.064098876954264472e-01,-7.238878513441059093e-02,-1.149515055606097208e-01,-1.489735994520899609e-01,-1.365114708865111659e-01,1.654295961752694888e+00,-4.838679260203244958e-02,-4.909172073319879870e-02,-0.000000000000000000e+00,-7.861808912598555743e-02,-1.038749175828824894e-01,-3.399617501013369597e-02,-1.100136971969024359e-02,-0.000000000000000000e+00,0.000000000000000000e+00,-9.254236122378228790e-02,0.000000000000000000e+00,-8.927699084516559080e-02,0.000000000000000000e+00,-0.000000000000000000e+00
-0.000000000000000000e+00,-1.116663286368535096e-01,-1.461240647049955044e-01,-5.449540970655634975e-02,-0.000000000000000000e+00,-6.332272718577189319e-02,-7.041326940851165561e-02,1.706397566699813517e-01,-5.178972432818165078e-02,-1.697556098901187391e-03,-0.000000000000000000e+00,-0.000000000000000000e+00,-0.000000000000000000e+00,-1.238091239061363952e-01,0.000000000000000000e+00,-0.000000000000000000e+00,0.000000000000000000e+00,-0.000000000000000000e+00,-0.000000000000000000e+00,-0.000000000000000000e+00,-0.000000000000000000e+00,-0.000000000000000000e+00,-5.089337392074457650e-02,-4.293023742931563469e-02,-4.838679260203244958e-02,1.590197281769173632e+00,-1.473001055372954171e-01,-0.000000000000000000e+00,-1.775837906231934188e-02,-0.000000000000000000e+00,-9.207915534949925873e-02,-9.048068771437423052e-02,-6.180321561193589247e-02,0.000000000000000000e+00,-4.068518631394527074e-02,0.000000000000000000e+00,-9.280639625479097932e-02,0.000000000000000000e+00,-8.510909096930598106e-02
-0.000000000000000000e+00,-8.032058584867421414e-02,-5.117359316487554016e-02,-1.382886143788973621e-01,-0.000000000000000000e+00,-5.970671101083636217e-02,-1.674592012634777971e-01,7.367142016191559339e-02,-5.664502237409974571e-03,-0.000000000000000000e+00,-0.000000000000000000e+00,-0.000000000000000000e+00,-0.000000000000000000e+00,-1.375549039086398362e-01,0.000000000000000000e+00,-0.000000000000000000e+00,0.000000000000000000e+00,-0.000000000000000000e+00,-0.000000000000000000e+00,-0.000000000000000000e+00,-0.000000000000000000e+00,-0.000000000000000000e+00,-3.693029974895128270e-02,-6.544576830563528236e-02,-4.909172073319879870e-02,-1.473001055372954171e-01,1.558828880409850903e+00,-0.000000000000000000e+00,-4.086313286786690153e-03,-0.000000000000000000e+00,-1.846789322158903235e-01,-8.955768717603440621e-02,-1.079013452221093267e-01,0.000000000000000000e+00,-0.000000000000000000e+00,0.000000000000000000e+00,-5.695564031542374450e-02,0.000000000000000000e+00,-0.000000000000000000e+00
-3.420203102544742968e-02,-2.055695252407282320e-03,-9.539258531492723903e-02,-0.000000000000000000e+00,-0.000000000000000000e+00,-0.000000000000000000e+00,-0.000000000000000000e+00,7.029079474039533204e-02,-1.013329430835391981e-01,-1.961690361802592708e-02,-0.000000000000000000e+00,-0.000000000000000000e+00,-0.000000000000000000e+00,-0.000000000000000000e+00,0.000000000000000000e+00,-0.000000000000000000e+00,0.000000000000000000e+00,-8.901761090797669085e-02,-0.000000000000000000e+00,-0.000000000000000000e+00,-3.398190707893994356e-02,-0.000000000000000000e+00,-0.000000000000000000e+00,-0.000000000000000000e+00,-0.000000000000000000e+00,-0.000000000000000000e+00,-0.000000000000000000e+00,1.160605077631460036e+00,-1.131705041260695765e-01,-4.832061681424431460e-02,-0.000000000000000000e+00,-1.793261476904310300e-02,-6.537207333101856255e-02,-0.000000000000000000e+00,-0.000000000000000000e+00,0.000000000000000000e+00,-0.000000000000000000e+00,0.000000000000000000e+00,-4.830428421952872448e-02
-1.997213610649588647e-02,-6.958906733967348823e-02,-5.701921389581043886e-02,-3.530234407018741777e-02,-0.000000000000000000e+00,-5.011269833261228213e-02,-0.000000000000000000e+00,3.719923961301038057e-02,-6.561263836050859610e-02,-5.650184311586699953e-02,-0.000000000000000000e+00,-0.000000000000000000e+00,-0.000000000000000000e+00,-3.253408864103732312e-02,0.000000000000000000e+00,-0.000000000000000000e+00,0.000000000000000000e+00,-0.000000000000000000e+00,-0.000000000000000000e+00,-6.922640121895454191e-02,-1.435998566964925005e-01,-9.193725438515715220e-02,-4.053480525427001491e-02,-5.778380779088423264e-02,-7.861808912598555743e-02,-1.775837906231934188e-02,-4.086313286786690153e-03,-1.131705041260695765e-01,1.532734782879362934e+00,-1.142151824143486233e-01,-4.610472848060269413e-02,-1.467595214996742781e-01,-1.089220965703002891e-01,0.000000000000000000e+00,-4.557613112289305574e-02,0.000000000000000000e+00,-4.417692777673028204e-02,0.000000000000000000e+00,-0.000000000000000000e+00
-1.399118078483157779e-01,-7.504424917515925553e-02,-6.982015249385735423e-02,-0.000000000000000000e+00,-0.000000000000000000e+00,-5.030164388448730983e-02,-0.000000000000000000e+00,4.828057823775906005e-02,-1.335543346884397742e-01,-2.184476741501485686e-01,-0.000000000000000000e+00,-0.000000000000000000e+00,-0.000000000000000000e+00,-0.000000000000000000e+00,0.000000000000000000e+00,-3.420954826024618506e-02,0.000000000000000000e+00,-4.293167052892696289e-02,-0.000000000000000000e+00,-0.000000000000000000e+00,-1.493923443908602711e-01,-3.336464157330350233e-02,-5.947928497254037494e-02,-1.371635757469716506e-02,-1.038749175828824894e-01,-0.000000000000000000e+00,-0.000000000000000000e+00,-4.832061681424431460e-02,-1.142151824143486233e-01,1.464517423526421114e+00,-0.000000000000000000e+00,-0.000000000000000000e+00,-0.000000000000000000e+00,0.000000000000000000e+00,-8.125172700006660920e-02,0.000000000000000000e+00,-3.718986914630083296e-02,0.000000000000000000e+00,-0.000000000000000000e+00
-0.000000000000000000e+00,-9.103546088542112391e-02,-1.013690961925349868e-02,-1.013002597242530362e-01,-0.000000000000000000e+00,-0.000000000000000000e+00,-1.274278587451348754e-01,8.923434244594534784e-03,-4.664747033839991563e-02,-4.950105350620638209e-03,-0.000000000000000000e+00,-0.000000000000000000e+00,-0.000000000000000000e+00,-1.237362294834496446e-01,0.000000000000000000e+00,-0.000000000000000000e+00,0.000000000000000000e+00,-0.000000000000000000e+00,-0.000000000000000000e+00,-0.000000000000000000e+00,-0.000000000000000000e+00,-0.000000000000000000e+00,-0.000000000000000000e+00,-2.485280275913571632e-02,-3.399617501013369597e-02,-9.207915534949925873e-02,-1.846789322158903235e-01,-0.000000000000000000e+00,-4.610472848060269413e-02,-0.000000000000000000e+00,1.364589126893728022e+00,-7.226407388689846945e-02,-1.047537445242235354e-01,0.000000000000000000e+00,-0.000000000000000000e+00,0.000000000000000000e+00,-0.000000000000000000e+00,0.000000000000000000e+00,-1.355145286596341932e-02
-0.000000000000000000e+00,-5.730661759580273074e-02,-1.398554784132367834e-01,-9.370621517665993216e-02,-0.000000000000000000e+00,-1.406113813263360976e-02,-5.492357139307355030e-02,1.446905955521703702e-01,-1.214137450699876927e-02,-0.000000000000000000e+00,-0.000000000000000000e+00,-0.000000000000000000e+00,-0.000000000000000000e+00,-9.424944486651799791e-02,0.000000000000000000e+00,-0.000000000000000000e+00,0.000000000000000000e+00,-0.000000000000000000e+00,-0.000000000000000000e+00,-0.000000000000000000e+00,-0.000000000000000000e+00,-3.649691710913328686e-03,-1.057530132297969036e-02,-9.805599322932572956e-03,-1.100136971969024359e-02,-9.048068771437423052e-02,-8.955768717603440621e-02,-1.793261476904310300e-02,-1.467595214996742781e-01,-0.000000000000000000e+00,-7.226407388689846945e-02,1.532852379977517332e+00,-2.016688603406764368e-01,0.000000000000000000e+00,-4.803499028120952752e-02,0.000000000000000000e+00,-9.611708434953809832e-02,0.000000000000000000e+00,-0.000000000000000000e+00
-0.000000000000000000e+00,-4.484374426212653364e-02,-1.628806855881735349e-01,-9.037705214384299246e-02,-0.000000000000000000e+00,-0.000000000000000000e+00,-5.748018708386450071e-02,1.690062726284489447e-01,-7.452112401831227639e-02,-1.343562651069456215e-02,-0.000000000000000000e+00,-0.000000000000000000e+00,-0.000000000000000000e+00,-5.528246711387442558e-02,0.000000000000000000e+00,-0.000000000000000000e+00,0.000000000000000000e+00,-2.152351964033859949e-02,-0.000000000000000000e+00,-0.000000000000000000e+00,-0.000000000000000000e+00,-0.000000000000000000e+00,-0.000000000000000000e+00,-0.000000000000000000e+00,-0.000000000000000000e+00,-6.180321561193589247e-02,-1.079013452221093267e-01,-6.537207333101856255e-02,-1.089220965703002891e-01,-0.000000000000000000e+00,-1.047537445242235354e-01,-2.016688603406764368e-01,1.495394957628323640e+00,0.000000000000000000e+00,-0.000000000000000000e+00,0.000000000000000000e+00,-3.047301617161317713e-02,0.000000000000000000e+00,-7.601416071731583075e-03
-0.000000000000000000e+00,0.000000000000000000e+00,0.000000000000000000e+00,0.000000000000000000e+00,-0.000000000000000000e+00,0.000000000000000000e+00,0.000000000000000000e+00,-0.000000000000000000e+00,0.000000000000000000e+00,-0.000000000000000000e+00,-0.000000000000000000e+00,-1.611255527913808133e-02,1.377178636503222919e-01,0.000000000000000000e+00,-1.754668582646070341e-01,-0.000000000000000000e+00,-0.000000000000000000e+00,-0.000000000000000000e+00,-0.000000000000000000e+00,0.000000000000000000e+00,0.000000000000000000e+00,0.000000000000000000e+00,0.000000000000000000e+00,0.000000000000000000e+00,0.000000000000000000e+00,0.000000000000000000e+00,0.000000000000000000e+00,-0.000000000000000000e+00,0.000000000000000000e+00,0.000000000000000000e+00,0.000000000000000000e+00,0.000000000000000000e+00,0.000000000000000000e+00,1.071685360878003035e+00,0.000000000000000000e+00,-1.058292884825415420e-01,0.000000000000000000e+00,-0.000000000000000000e+00,-0.000000000000000000e+00
-0.000000000000000000e+00,-3.009895790845774910e-02,-7.943250137249437126e-02,-7.718495242999152961e-02,-0.000000000000000000e+00,-1.266927659534836659e-01,-0.000000000000000000e+00,6.954290759248059339e-02,-0.000000000000000000e+00,-0.000000000000000000e+00,-0.000000000000000000e+00,-0.000000000000000000e+00,-0.000000000000000000e+00,-7.170317902733638893e-02,0.000000000000000000e+00,-0.000000000000000000e+00,0.000000000000000000e+00,-0.000000000000000000e+00,-0.000000000000000000e+00,-1.090918267727913754e-01,-1.245041995154946568e-01,-9.569187788752332724e-02,-1.401020833095513451e-01,-1.288314139137944625e-01,-9.254236122378228790e-02,-4.068518631394527074e-02,-0.000000000000000000e+00,-0.000000000000000000e+00,-4.557613112289305574e-02,-8.125172700006660920e-02,-0.000000000000000000e+00,-4.803499028120952752e-02,-0.000000000000000000e+00,0.000000000000000000e+00,1.588330531068634643e+00,0.000000000000000000e+00,-1.504470021294161131e-01,0.000000000000000000e+00,-0.000000000000000000e+00
0.000000000000000000e+00,0.000000000000000000e+00,0.000000000000000000e+00,0.000000000000000000e+00,-0.000000000000000000e+00,0.000000000000000000e+00,0.000000000000000000e+00,-0.000000000000000000e+00,0.000000000000000000e+00,0.000000000000000000e+00,-0.000000000000000000e+00,-0.000000000000000000e+00,1.480108891665932458e-01,0.000000000000000000e+00,-0.000000000000000000e+00,-0.000000000000000000e+00,-4.804895002284719635e-02,-0.000000000000000000e+00,-0.000000000000000000e+00,1.717751270898360688e-02,0.000000000000000000e+00,0.000000000000000000e+00,0.000000000000000000e+00,0.000000000000000000e+00,0.000000000000000000e+00,0.000000000000000000e+00,0.000000000000000000e+00,0.000000000000000000e+00,0.000000000000000000e+00,0.000000000000000000e+00,0.000000000000000000e+00,0.000000000000000000e+00,0.000000000000000000e+00,-1.058292884825415420e-01,0.000000000000000000e+00,1.040258874349880180e+00,0.000000000000000000e+00,-0.000000000000000000e+00,-0.000000000000000000e+00
-0.000000000000000000e+00,-9.004869663268824653e-02,-9.639860987473945764e-02,-8.854557170668797550e-02,-0.000000000000000000e+00,-1.383387140322419051e-01,-7.094373741582107873e-02,1.044849222569195213e-01,-0.000000000000000000e+00,-0.000000000000000000e+00,-0.000000000000000000e+00,-0.000000000000000000e+00,-0.000000000000000000e+00,-6.233296785981369548e-02,0.000000000000000000e+00,-0.000000000000000000e+00,0.000000000000000000e+00,-0.000000000000000000e+00,-0.000000000000000000e+00,-4.029367327690488998e-02,-3.318594433150115486e-02,-7.845462374906099490e-02,-1.304351132635193089e-01,-1.235544833734530668e-01,-8.927699084516559080e-02,-9.280639625479097932e-02,-5.695564031542374450e-02,-0.000000000000000000e+00,-4.417692777673028204e-02,-3.718986914630083296e-02,-0.000000000000000000e+00,-9.611708434953809832e-02,-3.047301617161317713e-02,0.000000000000000000e+00,-1.504470021294161131e-01,0.000000000000000000e+00,1.661942908627362270e+00,0.000000000000000000e+00,-0.000000000000000000e+00
-0.000000000000000000e+00,0.000000000000000000e+00,0.000000000000000000e+00,0.000000000000000000e+00,-0.000000000000000000e+00,0.000000000000000000e+00,0.000000000000000000e+00,-0.000000000000000000e+00,0.000000000000000000e+00,-0.000000000000000000e+00,-0.000000000000000000e+00,-0.000000000000000000e+00,0.000000000000000000e+00,0.000000000000000000e+00,-0.000000000000000000e+00,-0.000000000000000000e+00,-0.000000000000000000e+00,0.000000000000000000e+00,-0.000000000000000000e+00,0.000000000000000000e+00,0.000000000000000000e+00,0.000000000000000000e+00,0.000000000000000000e+00,0.000000000000000000e+00,0.000000000000000000e+00,0.000000000000000000e+00,0.000000000000000000e+00,0.000000000000000000e+00,0.000000000000000000e+00,0.000000000000000000e+00,0.000000000000000000e+00,0.000000000000000000e+00,0.000000000000000000e+00,-0.000000000000000000e+00,0.000000000000000000e+00,-0.000000000000000000e+00,0.000000000000000000e+00,9.999999999999988898e-01,-0.000000000000000000e+00
-1.058252195722576283e-01,-4.970254940938425604e-03,-2.592004230013046293e-02,-0.000000000000000000e+00,-1.546388653716097294e-01,-0.000000000000000000e+00,-0.000000000000000000e+00,4.335727506232046891e-02,-1.638074963478763357e-01,-1.746717241147270894e-01,-0.000000000000000000e+00,-9.040494889753506597e-03,-0.000000000000000000e+00,-0.000000000000000000e+00,-0.000000000000000000e+00,-0.000000000000000000e+00,-0.000000000000000000e+00,-5.105727846430524464e-02,-0.000000000000000000e+00,-0.000000000000000000e+00,-0.000000000000000000e+00,-0.000000000000000000e+00,-0.000000000000000000e+00,-0.000000000000000000e+00,-0.000000000000000000e+00,-8.510909096930598106e-02,-0.000000000000000000e+00,-4.830428421952872448e-02,-0.000000000000000000e+00,-0.000000000000000000e+00,-1.355145286596341932e-02,-0.000000000000000000e+00,-7.601416071731583075e-03,-0.000000000000000000e+00,-0.000000000000000000e+00,-0.000000000000000000e+00,-0.000000000000000000e+00,-0.000000000000000000e+00,1.191472761966206217e+00
