1.558438029750295772e+00,-3.031741100717205151e-01,-0.000000000000000000e+00,0.000000000000000000e+00,-0.000000000000000000e+00,0.000000000000000000e+00,-0.000000000000000000e+00,4.228173918636964068e-02,-2.421900197330799920e-01,-0.000000000000000000e+00,0.000000000000000000e+00,-0.000000000000000000e+00,0.000000000000000000e+00,-0.000000000000000000e+00,-0.000000000000000000e+00,-0.000000000000000000e+00,0.000000000000000000e+00,-0.000000000000000000e+00,-0.000000000000000000e+00,0.000000000000000000e+00,-1.662312612365263176e-02,-0.000000000000000000e+00,-1.828184423430583294e-01,-0.000000000000000000e+00,-0.000000000000000000e+00,-4.598974725794896523e-01,-0.000000000000000000e+00,-2.603924979200430423e-01,-0.000000000000000000e+00,-0.000000000000000000e+00,-0.000000000000000000e+00,-0.000000000000000000e+00,0.000000000000000000e+00,-0.000000000000000000e+00,0.000000000000000000e+00,-0.000000000000000000e+00,0.000000000000000000e+00,-0.000000000000000000e+00,-0.000000000000000000e+00
-3.031741100717205151e-01,1.731301839253987618e+00,-0.000000000000000000e+00,0.000000000000000000e+00,-1.443020229198721804e-01,-0.000000000000000000e+00,-0.000000000000000000e+00,1.987088097433157424e-02,-0.000000000000000000e+00,-3.036079035574317797e-01,-0.000000000000000000e+00,-0.000000000000000000e+00,0.000000000000000000e+00,-1.449561229201328794e-01,-0.000000000000000000e+00,-1.620084485229505294e-02,-0.000000000000000000e+00,-0.000000000000000000e+00,-0.000000000000000000e+00,-0.000000000000000000e+00,0.000000000000000000e+00,0.000000000000000000e+00,-3.365745438276889212e-01,-0.000000000000000000e+00,-4.100240180446342725e-02,-0.000000000000000000e+00,-0.000000000000000000e+00,-0.000000000000000000e+00,-0.000000000000000000e+00,-1.396849974793896443e-01,-1.654135280939370845e-01,-0.000000000000000000e+00,-0.000000000000000000e+00,-6.774688259957632741e-02,-0.000000000000000000e+00,-0.000000000000000000e+00,-0.000000000000000000e+00,-0.000000000000000000e+00,-0.000000000000000000e+00
-0.000000000000000000e+00,-0.000000000000000000e+00,2.134370828988726210e+00,-0.000000000000000000e+00,-5.747590652702712077e-01,0.000000000000000000e+00,-0.000000000000000000e+00,7.857176156779509535e-01,-1.167742690627241869e-01,-0.000000000000000000e+00,0.000000000000000000e+00,-0.000000000000000000e+00,0.000000000000000000e+00,-0.000000000000000000e+00,0.000000000000000000e+00,-0.000000000000000000e+00,0.000000000000000000e+00,-0.000000000000000000e+00,-2.353863312728105006e-01,0.000000000000000000e+00,-0.000000000000000000e+00,-0.000000000000000000e+00,-1.731543434247146407e-01,-0.000000000000000000e+00,-0.000000000000000000e+00,-0.000000000000000000e+00,-2.441720746059264716e-02,-3.067030840866839525e-01,0.000000000000000000e+00,-0.000000000000000000e+00,-0.000000000000000000e+00,0.000000000000000000e+00,-0.000000000000000000e+00,-2.143407220469571717e-02,0.000000000000000000e+00,0.000000000000000000e+00,0.000000000000000000e+00,-5.995434642678897086e-02,-1.043579415661249898e-02
0.000000000000000000e+00,0.000000000000000000e+00,-0.000000000000000000e+00,2.262529078451271936e+00,0.000000000000000000e+00,3.099897842788055038e-02,-1.997836093651991773e-02,-0.000000000000000000e+00,-0.000000000000000000e+00,0.000000000000000000e+00,1.100176940767220585e-01,-2.441984141046558976e-01,-0.000000000000000000e+00,0.000000000000000000e+00,4.156562519904814512e-01,0.000000000000000000e+00,1.749188591178484631e-01,-4.479519744779336121e-01,-0.000000000000000000e+00,-0.000000000000000000e+00,-0.000000000000000000e+00,-0.000000000000000000e+00,-0.000000000000000000e+00,0.000000000000000000e+00,2.019175084797139308e-01,0.000000000000000000e+00,0.000000000000000000e+00,0.000000000000000000e+00,4.022096126740784539e-01,0.000000000000000000e+00,3.602147931004424236e-02,0.000000000000000000e+00,0.000000000000000000e+00,0.000000000000000000e+00,1.824352430973819050e-01,0.000000000000000000e+00,0.000000000000000000e+00,-9.469681760669985959e-02,-9.299137756997865071e-04
-0.000000000000000000e+00,-1.443020229198721804e-01,-5.747590652702712077e-01,0.000000000000000000e+00,2.196769748075346307e+00,0.000000000000000000e+00,-0.000000000000000000e+00,5.239206341878241968e-01,-1.664798029657705569e-01,-0.000000000000000000e+00,0.000000000000000000e+00,-0.000000000000000000e+00,0.000000000000000000e+00,-1.570137821896747665e-01,0.000000000000000000e+00,-0.000000000000000000e+00,0.000000000000000000e+00,-0.000000000000000000e+00,-8.233833868889690877e-02,0.000000000000000000e+00,-0.000000000000000000e+00,-0.000000000000000000e+00,-4.720783382707919446e-02,-0.000000000000000000e+00,-0.000000000000000000e+00,-0.000000000000000000e+00,-0.000000000000000000e+00,-2.503823051509958611e-02,-0.000000000000000000e+00,-0.000000000000000000e+00,-0.000000000000000000e+00,-0.000000000000000000e+00,-0.000000000000000000e+00,-6.686215229599564713e-01,0.000000000000000000e+00,-0.000000000000000000e+00,0.000000000000000000e+00,-0.000000000000000000e+00,-0.000000000000000000e+00
0.000000000000000000e+00,-0.000000000000000000e+00,0.000000000000000000e+00,3.099897842788055038e-02,0.000000000000000000e+00,2.663022149883385925e+00,0.000000000000000000e+00,-0.000000000000000000e+00,2.067649146156872730e-01,-0.000000000000000000e+00,-4.396764647499866174e-01,2.188034074132998510e-02,-0.000000000000000000e+00,-4.092299300827804270e-03,-0.000000000000000000e+00,-0.000000000000000000e+00,-3.208461968574361500e-01,0.000000000000000000e+00,0.000000000000000000e+00,-0.000000000000000000e+00,2.013962463973330563e-01,1.078953200502020815e-01,-0.000000000000000000e+00,-0.000000000000000000e+00,-5.232881513428547932e-02,0.000000000000000000e+00,-0.000000000000000000e+00,0.000000000000000000e+00,-0.000000000000000000e+00,-0.000000000000000000e+00,-0.000000000000000000e+00,-2.286432158155657646e-01,-3.349272431076333878e-01,-0.000000000000000000e+00,-3.790981528647815457e-01,-0.000000000000000000e+00,-3.838747838572090787e-01,1.424943664608201502e-02,1.351549615237036817e-01
-0.000000000000000000e+00,-0.000000000000000000e+00,-0.000000000000000000e+00,-1.997836093651991773e-02,-0.000000000000000000e+00,0.000000000000000000e+00,1.233425174271174152e+00,0.000000000000000000e+00,-0.000000000000000000e+00,0.000000000000000000e+00,0.000000000000000000e+00,-0.000000000000000000e+00,-0.000000000000000000e+00,0.000000000000000000e+00,1.204085901373427858e-02,-0.000000000000000000e+00,0.000000000000000000e+00,-3.155821165649207449e-01,-2.370147173847285682e-01,-0.000000000000000000e+00,-0.000000000000000000e+00,-0.000000000000000000e+00,-0.000000000000000000e+00,-0.000000000000000000e+00,0.000000000000000000e+00,-0.000000000000000000e+00,-0.000000000000000000e+00,-0.000000000000000000e+00,0.000000000000000000e+00,0.000000000000000000e+00,-0.000000000000000000e+00,0.000000000000000000e+00,-0.000000000000000000e+00,0.000000000000000000e+00,0.000000000000000000e+00,6.147558292787625583e-02,0.000000000000000000e+00,-2.650178285678791990e-02,-0.000000000000000000e+00
4.228173918636964068e-02,1.987088097433157424e-02,7.857176156779509535e-01,-0.000000000000000000e+00,5.239206341878241968e-01,-0.000000000000000000e+00,0.000000000000000000e+00,1.854987148001352226e+00,0.000000000000000000e+00,0.000000000000000000e+00,-0.000000000000000000e+00,-0.000000000000000000e+00,-0.000000000000000000e+00,1.865541287156588166e-02,-0.000000000000000000e+00,0.000000000000000000e+00,-0.000000000000000000e+00,0.000000000000000000e+00,0.000000000000000000e+00,-0.000000000000000000e+00,0.000000000000000000e+00,-0.000000000000000000e+00,2.658915032039013693e-02,0.000000000000000000e+00,0.000000000000000000e+00,0.000000000000000000e+00,0.000000000000000000e+00,0.000000000000000000e+00,0.000000000000000000e+00,0.000000000000000000e+00,0.000000000000000000e+00,0.000000000000000000e+00,0.000000000000000000e+00,8.614487370042754610e-02,-0.000000000000000000e+00,0.000000000000000000e+00,-0.000000000000000000e+00,0.000000000000000000e+00,0.000000000000000000e+00
-2.421900197330799920e-01,-0.000000000000000000e+00,-1.167742690627241869e-01,-0.000000000000000000e+00,-1.664798029657705569e-01,2.067649146156872730e-01,-0.000000000000000000e+00,0.000000000000000000e+00,2.168619769446869849e+00,0.000000000000000000e+00,1.850058249987714121e-01,-2.610398352886065254e-01,0.000000000000000000e+00,0.000000000000000000e+00,0.000000000000000000e+00,0.000000000000000000e+00,0.000000000000000000e+00,-1.841076863030355337e-01,-1.918571844430934648e-01,0.000000000000000000e+00,-2.604590755384931233e-01,-8.798412935170038876e-03,-0.000000000000000000e+00,0.000000000000000000e+00,0.000000000000000000e+00,-0.000000000000000000e+00,0.000000000000000000e+00,-0.000000000000000000e+00,0.000000000000000000e+00,-0.000000000000000000e+00,0.000000000000000000e+00,0.000000000000000000e+00,0.000000000000000000e+00,-0.000000000000000000e+00,1.960719492620921767e-01,0.000000000000000000e+00,0.000000000000000000e+00,-2.795330926433017837e-01,-2.816376059720648306e-01
-0.000000000000000000e+00,-3.036079035574317797e-01,-0.000000000000000000e+00,0.000000000000000000e+00,-0.000000000000000000e+00,-0.000000000000000000e+00,0.000000000000000000e+00,0.000000000000000000e+00,0.000000000000000000e+00,2.517855131934957136e+00,-0.000000000000000000e+00,0.000000000000000000e+00,0.000000000000000000e+00,-0.000000000000000000e+00,-0.000000000000000000e+00,-6.757045379597863555e-01,-0.000000000000000000e+00,0.000000000000000000e+00,-0.000000000000000000e+00,-2.608513180398096265e-02,0.000000000000000000e+00,-0.000000000000000000e+00,-6.560173070215688518e-02,-8.461068854484422863e-02,-3.332023878937955819e-01,-0.000000000000000000e+00,-0.000000000000000000e+00,-9.672770508946455792e-02,-1.152816417645239622e-01,-5.104748183755449809e-01,-1.774661930791006093e-01,-1.919246497471521762e-01,-0.000000000000000000e+00,-0.000000000000000000e+00,-0.000000000000000000e+00,-1.666259080463021736e-01,-2.699003351889906269e-02,0.000000000000000000e+00,0.000000000000000000e+00
0.000000000000000000e+00,-0.000000000000000000e+00,0.000000000000000000e+00,1.100176940767220585e-01,0.000000000000000000e+00,-4.396764647499866174e-01,0.000000000000000000e+00,-0.000000000000000000e+00,1.850058249987714121e-01,-0.000000000000000000e+00,2.593362554389078145e+00,1.365220263027127900e-01,-0.000000000000000000e+00,-6.215176476529343796e-02,-0.000000000000000000e+00,-1.876090310997872990e-02,-5.233673528494819926e-01,1.341798279779760940e-02,0.000000000000000000e+00,-0.000000000000000000e+00,2.846138467510995196e-01,1.084974439188245571e-01,-0.000000000000000000e+00,-0.000000000000000000e+00,-0.000000000000000000e+00,-0.000000000000000000e+00,-0.000000000000000000e+00,0.000000000000000000e+00,-0.000000000000000000e+00,-0.000000000000000000e+00,-0.000000000000000000e+00,-2.555485260175611728e-01,-2.122766854724947028e-01,-0.000000000000000000e+00,-2.712169155700294709e-01,-0.000000000000000000e+00,-1.610767110617030706e-01,0.000000000000000000e+00,0.000000000000000000e+00
-0.000000000000000000e+00,-0.000000000000000000e+00,-0.000000000000000000e+00,-2.441984141046558976e-01,-0.000000000000000000e+00,2.188034074132998510e-02,-0.000000000000000000e+00,-0.000000000000000000e+00,-2.610398352886065254e-01,0.000000000000000000e+00,1.365220263027127900e-01,1.960001437919926204e+00,0.000000000000000000e+00,0.000000000000000000e+00,0.000000000000000000e+00,0.000000000000000000e+00,1.141614312950449961e-01,-2.617801095449445170e-01,-0.000000000000000000e+00,-0.000000000000000000e+00,-0.000000000000000000e+00,-1.275990873440585550e-03,-0.000000000000000000e+00,0.000000000000000000e+00,0.000000000000000000e+00,-0.000000000000000000e+00,-0.000000000000000000e+00,-0.000000000000000000e+00,0.000000000000000000e+00,0.000000000000000000e+00,0.000000000000000000e+00,0.000000000000000000e+00,0.000000000000000000e+00,0.000000000000000000e+00,7.056477180931206017e-02,0.000000000000000000e+00,0.000000000000000000e+00,-2.620130832203195759e-01,-4.073566358665137721e-01
0.000000000000000000e+00,0.000000000000000000e+00,0.000000000000000000e+00,-0.000000000000000000e+00,0.000000000000000000e+00,-0.000000000000000000e+00,-0.000000000000000000e+00,-0.000000000000000000e+00,0.000000000000000000e+00,0.000000000000000000e+00,-0.000000000000000000e+00,0.000000000000000000e+00,1.088864407017306357e+00,0.000000000000000000e+00,0.000000000000000000e+00,0.000000000000000000e+00,-0.000000000000000000e+00,0.000000000000000000e+00,0.000000000000000000e+00,-0.000000000000000000e+00,0.000000000000000000e+00,2.084236612035873445e-02,0.000000000000000000e+00,0.000000000000000000e+00,0.000000000000000000e+00,0.000000000000000000e+00,0.000000000000000000e+00,1.847807378952703583e-01,0.000000000000000000e+00,0.000000000000000000e+00,1.814127390551244778e-01,0.000000000000000000e+00,-0.000000000000000000e+00,0.000000000000000000e+00,0.000000000000000000e+00,0.000000000000000000e+00,0.000000000000000000e+00,0.000000000000000000e+00,0.000000000000000000e+00
-0.000000000000000000e+00,-1.449561229201328794e-01,-0.000000000000000000e+00,0.000000000000000000e+00,-1.570137821896747665e-01,-4.092299300827804270e-03,0.000000000000000000e+00,1.865541287156588166e-02,0.000000000000000000e+00,-0.000000000000000000e+00,-6.215176476529343796e-02,0.000000000000000000e+00,0.000000000000000000e+00,2.117191585590727954e+00,-0.000000000000000000e+00,-1.017649577327010280e-01,-7.659615703478497850e-02,0.000000000000000000e+00,-0.000000000000000000e+00,-0.000000000000000000e+00,0.000000000000000000e+00,0.000000000000000000e+00,-0.000000000000000000e+00,-1.565185760394907921e-01,-2.701392867653738539e-01,-0.000000000000000000e+00,-0.000000000000000000e+00,-0.000000000000000000e+00,-1.190589371138546654e-01,-0.000000000000000000e+00,-2.455023117173347202e-01,-2.415503649884699899e-01,-4.146308650055193779e-01,-2.882071292633530679e-01,-0.000000000000000000e+00,-0.000000000000000000e+00,-0.000000000000000000e+00,0.000000000000000000e+00,0.000000000000000000e+00
-0.000000000000000000e+00,-0.000000000000000000e+00,0.000000000000000000e+00,4.156562519904814512e-01,0.000000000000000000e+00,-0.000000000000000000e+00,1.204085901373427858e-02,-0.000000000000000000e+00,0.000000000000000000e+00,-0.000000000000000000e+00,-0.000000000000000000e+00,0.000000000000000000e+00,0.000000000000000000e+00,-0.000000000000000000e+00,1.743907152397240923e+00,-0.000000000000000000e+00,-0.000000000000000000e+00,3.739510008485735226e-01,3.177125155983068772e-01,0.000000000000000000e+00,0.000000000000000000e+00,-0.000000000000000000e+00,0.000000000000000000e+00,-0.000000000000000000e+00,-4.864944169753896569e-02,-0.000000000000000000e+00,0.000000000000000000e+00,-0.000000000000000000e+00,-1.708679543470309394e-03,-0.000000000000000000e+00,-0.000000000000000000e+00,-0.000000000000000000e+00,-0.000000000000000000e+00,-0.000000000000000000e+00,-1.216382487887606861e-01,-2.542737370022664090e-01,-4.531465448894127224e-02,0.000000000000000000e+00,0.000000000000000000e+00
-0.000000000000000000e+00,-1.620084485229505294e-02,-0.000000000000000000e+00,0.000000000000000000e+00,-0.000000000000000000e+00,-0.000000000000000000e+00,-0.000000000000000000e+00,0.000000000000000000e+00,0.000000000000000000e+00,-6.757045379597863555e-01,-1.876090310997872990e-02,0.000000000000000000e+00,0.000000000000000000e+00,-1.017649577327010280e-01,-0.000000000000000000e+00,2.108827812962017934e+00,-1.796321686400038919e-02,0.000000000000000000e+00,-0.000000000000000000e+00,-1.016989473932722599e-01,0.000000000000000000e+00,0.000000000000000000e+00,-1.978483424805111968e-01,-1.151147048430216230e-01,-2.011635927528541423e-01,-0.000000000000000000e+00,-1.759273507115440560e-01,-4.767733454617969352e-02,-0.000000000000000000e+00,-2.830192336367069461e-01,-1.109584782983183276e-01,-1.287335207764980505e-01,-0.000000000000000000e+00,-0.000000000000000000e+00,-0.000000000000000000e+00,-6.085449880303774733e-02,-0.000000000000000000e+00,0.000000000000000000e+00,0.000000000000000000e+00
0.000000000000000000e+00,-0.000000000000000000e+00,0.000000000000000000e+00,1.749188591178484631e-01,0.000000000000000000e+00,-3.208461968574361500e-01,0.000000000000000000e+00,-0.000000000000000000e+00,0.000000000000000000e+00,-0.000000000000000000e+00,-5.233673528494819926e-01,1.141614312950449961e-01,-0.000000000000000000e+00,-7.659615703478497850e-02,-0.000000000000000000e+00,-1.796321686400038919e-02,2.366074864967606661e+00,0.000000000000000000e+00,0.000000000000000000e+00,-0.000000000000000000e+00,6.616604091807865018e-03,0.000000000000000000e+00,-0.000000000000000000e+00,-0.000000000000000000e+00,-0.000000000000000000e+00,-0.000000000000000000e+00,-0.000000000000000000e+00,-0.000000000000000000e+00,-1.844282765213634823e-01,-0.000000000000000000e+00,-0.000000000000000000e+00,-1.945195908429373510e-01,-3.599090447443725749e-02,-0.000000000000000000e+00,-1.737600152721099078e-01,-0.000000000000000000e+00,-2.062664984920101752e-01,0.000000000000000000e+00,3.109575751322068982e-01
-0.000000000000000000e+00,-0.000000000000000000e+00,-0.000000000000000000e+00,-4.479519744779336121e-01,-0.000000000000000000e+00,0.000000000000000000e+00,-3.155821165649207449e-01,0.000000000000000000e+00,-1.841076863030355337e-01,0.000000000000000000e+00,1.341798279779760940e-02,-2.617801095449445170e-01,0.000000000000000000e+00,0.000000000000000000e+00,3.739510008485735226e-01,0.000000000000000000e+00,0.000000000000000000e+00,2.300753606328163503e+00,-4.778348791359487979e-01,-0.000000000000000000e+00,-0.000000000000000000e+00,-0.000000000000000000e+00,-0.000000000000000000e+00,0.000000000000000000e+00,0.000000000000000000e+00,-0.000000000000000000e+00,-0.000000000000000000e+00,-0.000000000000000000e+00,0.000000000000000000e+00,0.000000000000000000e+00,0.000000000000000000e+00,0.000000000000000000e+00,0.000000000000000000e+00,0.000000000000000000e+00,9.834893514582133955e-02,0.000000000000000000e+00,0.000000000000000000e+00,-2.711368925231256166e-01,-4.928932195774819031e-02
-0.000000000000000000e+00,-0.000000000000000000e+00,-2.353863312728105006e-01,-0.000000000000000000e+00,-8.233833868889690877e-02,0.000000000000000000e+00,-2.370147173847285682e-01,0.000000000000000000e+00,-1.918571844430934648e-01,-0.000000000000000000e+00,0.000000000000000000e+00,-0.000000000000000000e+00,0.000000000000000000e+00,-0.000000000000000000e+00,3.177125155983068772e-01,-0.000000000000000000e+00,0.000000000000000000e+00,-4.778348791359487979e-01,1.663680545475483719e+00,-0.000000000000000000e+00,-0.000000000000000000e+00,0.000000000000000000e+00,-9.523938149063240766e-02,-0.000000000000000000e+00,-0.000000000000000000e+00,-0.000000000000000000e+00,-6.771137194941426185e-02,-0.000000000000000000e+00,0.000000000000000000e+00,-0.000000000000000000e+00,-0.000000000000000000e+00,0.000000000000000000e+00,-0.000000000000000000e+00,-0.000000000000000000e+00,0.000000000000000000e+00,0.000000000000000000e+00,0.000000000000000000e+00,-1.214872049202332140e-02,-0.000000000000000000e+00
0.000000000000000000e+00,-0.000000000000000000e+00,0.000000000000000000e+00,-0.000000000000000000e+00,0.000000000000000000e+00,-0.000000000000000000e+00,-0.000000000000000000e+00,-0.000000000000000000e+00,0.000000000000000000e+00,-2.608513180398096265e-02,-0.000000000000000000e+00,-0.000000000000000000e+00,-0.000000000000000000e+00,-0.000000000000000000e+00,0.000000000000000000e+00,-1.016989473932722599e-01,-0.000000000000000000e+00,-0.000000000000000000e+00,-0.000000000000000000e+00,1.014374486889805249e+00,-0.000000000000000000e+00,-0.000000000000000000e+00,-0.000000000000000000e+00,-0.000000000000000000e+00,-0.000000000000000000e+00,-0.000000000000000000e+00,-0.000000000000000000e+00,-0.000000000000000000e+00,-0.000000000000000000e+00,-0.000000000000000000e+00,-0.000000000000000000e+00,-0.000000000000000000e+00,0.000000000000000000e+00,0.000000000000000000e+00,-0.000000000000000000e+00,-9.426977924375505189e-04,-0.000000000000000000e+00,0.000000000000000000e+00,-0.000000000000000000e+00
-1.662312612365263176e-02,0.000000000000000000e+00,-0.000000000000000000e+00,-0.000000000000000000e+00,-0.000000000000000000e+00,2.013962463973330563e-01,-0.000000000000000000e+00,0.000000000000000000e+00,-2.604590755384931233e-01,0.000000000000000000e+00,2.846138467510995196e-01,-0.000000000000000000e+00,0.000000000000000000e+00,0.000000000000000000e+00,0.000000000000000000e+00,0.000000000000000000e+00,6.616604091807865018e-03,-0.000000000000000000e+00,-0.000000000000000000e+00,-0.000000000000000000e+00,2.073239917809198474e+00,-9.313009191140465548e-01,-0.000000000000000000e+00,0.000000000000000000e+00,0.000000000000000000e+00,-0.000000000000000000e+00,0.000000000000000000e+00,-3.088774327430119371e-01,0.000000000000000000e+00,-0.000000000000000000e+00,-0.000000000000000000e+00,0.000000000000000000e+00,0.000000000000000000e+00,0.000000000000000000e+00,0.000000000000000000e+00,-0.000000000000000000e+00,0.000000000000000000e+00,-0.000000000000000000e+00,-1.204489453106919183e-01
-0.000000000000000000e+00,0.000000000000000000e+00,-0.000000000000000000e+00,-0.000000000000000000e+00,-0.000000000000000000e+00,1.078953200502020815e-01,-0.000000000000000000e+00,-0.000000000000000000e+00,-8.798412935170038876e-03,-0.000000000000000000e+00,1.084974439188245571e-01,-1.275990873440585550e-03,2.084236612035873445e-02,0.000000000000000000e+00,-0.000000000000000000e+00,0.000000000000000000e+00,0.000000000000000000e+00,-0.000000000000000000e+00,0.000000000000000000e+00,-0.000000000000000000e+00,-9.313009191140465548e-01,1.727330807731220386e+00,-0.000000000000000000e+00,0.000000000000000000e+00,0.000000000000000000e+00,-0.000000000000000000e+00,0.000000000000000000e+00,-8.589095597099891122e-02,0.000000000000000000e+00,-0.000000000000000000e+00,-0.000000000000000000e+00,0.000000000000000000e+00,0.000000000000000000e+00,0.000000000000000000e+00,0.000000000000000000e+00,-0.000000000000000000e+00,0.000000000000000000e+00,-0.000000000000000000e+00,-9.158783568155799693e-02
-1.828184423430583294e-01,-3.365745438276889212e-01,-1.731543434247146407e-01,-0.000000000000000000e+00,-4.720783382707919446e-02,-0.000000000000000000e+00,-0.000000000000000000e+00,2.658915032039013693e-02,-0.000000000000000000e+00,-6.560173070215688518e-02,-0.000000000000000000e+00,-0.000000000000000000e+00,0.000000000000000000e+00,-0.000000000000000000e+00,0.000000000000000000e+00,-1.978483424805111968e-01,-0.000000000000000000e+00,-0.000000000000000000e+00,-9.523938149063240766e-02,-0.000000000000000000e+00,-0.000000000000000000e+00,-0.000000000000000000e+00,1.544387537834361446e+00,-0.000000000000000000e+00,-7.929985940647860110e-02,-0.000000000000000000e+00,-3.876387610956048141e-02,-0.000000000000000000e+00,-0.000000000000000000e+00,-7.486584835706676377e-02,-1.384270270470960573e-01,-0.000000000000000000e+00,-0.000000000000000000e+00,-0.000000000000000000e+00,-0.000000000000000000e+00,-0.000000000000000000e+00,-0.000000000000000000e+00,-0.000000000000000000e+00,-0.000000000000000000e+00
-0.000000000000000000e+00,-0.000000000000000000e+00,-0.000000000000000000e+00,0.000000000000000000e+00,-0.000000000000000000e+00,-0.000000000000000000e+00,-0.000000000000000000e+00,0.000000000000000000e+00,0.000000000000000000e+00,-8.461068854484422863e-02,-0.000000000000000000e+00,0.000000000000000000e+00,0.000000000000000000e+00,-1.565185760394907921e-01,-0.000000000000000000e+00,-1.151147048430216230e-01,-0.000000000000000000e+00,0.000000000000000000e+00,-0.000000000000000000e+00,-0.000000000000000000e+00,0.000000000000000000e+00,0.000000000000000000e+00,-0.000000000000000000e+00,1.419582798180760941e+00,-9.541266730252620509e-02,-0.000000000000000000e+00,-1.207917007325994135e-01,-0.000000000000000000e+00,-0.000000000000000000e+00,-9.298934755326589488e-03,-0.000000000000000000e+00,-3.825020091532710387e-02,-3.247836445694576302e-01,-1.374026739817979792e-01,-0.000000000000000000e+00,0.000000000000000000e+00,-0.000000000000000000e+00,0.000000000000000000e+00,0.000000000000000000e+00
-0.000000000000000000e+00,-4.100240180446342725e-02,-0.000000000000000000e+00,2.019175084797139308e-01,-0.000000000000000000e+00,-5.232881513428547932e-02,0.000000000000000000e+00,0.000000000000000000e+00,0.000000000000000000e+00,-3.332023878937955819e-01,-0.000000000000000000e+00,0.000000000000000000e+00,0.000000000000000000e+00,-2.701392867653738539e-01,-4.864944169753896569e-02,-2.011635927528541423e-01,-0.000000000000000000e+00,0.000000000000000000e+00,-0.000000000000000000e+00,-0.000000000000000000e+00,0.000000000000000000e+00,0.000000000000000000e+00,-7.929985940647860110e-02,-9.541266730252620509e-02,2.062587561604015018e+00,-0.000000000000000000e+00,-0.000000000000000000e+00,-0.000000000000000000e+00,-0.000000000000000000e+00,-1.227727554916225872e-01,-2.447477508103189925e-01,-0.000000000000000000e+00,-1.759182528573382531e-01,-1.596872989415689947e-01,-7.793262534638760453e-02,-0.000000000000000000e+00,-9.044392144774210385e-02,0.000000000000000000e+00,0.000000000000000000e+00
-4.598974725794896523e-01,-0.000000000000000000e+00,-0.000000000000000000e+00,0.000000000000000000e+00,-0.000000000000000000e+00,0.000000000000000000e+00,-0.000000000000000000e+00,0.000000000000000000e+00,-0.000000000000000000e+00,-0.000000000000000000e+00,-0.000000000000000000e+00,-0.000000000000000000e+00,0.000000000000000000e+00,-0.000000000000000000e+00,-0.000000000000000000e+00,-0.000000000000000000e+00,-0.000000000000000000e+00,-0.000000000000000000e+00,-0.000000000000000000e+00,-0.000000000000000000e+00,-0.000000000000000000e+00,-0.000000000000000000e+00,-0.000000000000000000e+00,-0.000000000000000000e+00,-0.000000000000000000e+00,1.383091232147368510e+00,-2.459792770146062846e-01,-2.465303113335351737e-01,-3.254479762294624351e-02,-1.503313261167205095e-02,-3.266199875691098292e-02,-0.000000000000000000e+00,-0.000000000000000000e+00,-0.000000000000000000e+00,-0.000000000000000000e+00,-0.000000000000000000e+00,-0.000000000000000000e+00,-0.000000000000000000e+00,-0.000000000000000000e+00
-0.000000000000000000e+00,-0.000000000000000000e+00,-2.441720746059264716e-02,0.000000000000000000e+00,-0.000000000000000000e+00,-0.000000000000000000e+00,-0.000000000000000000e+00,0.000000000000000000e+00,0.000000000000000000e+00,-0.000000000000000000e+00,-0.000000000000000000e+00,-0.000000000000000000e+00,0.000000000000000000e+00,-0.000000000000000000e+00,0.000000000000000000e+00,-1.759273507115440560e-01,-0.000000000000000000e+00,-0.000000000000000000e+00,-6.771137194941426185e-02,-0.000000000000000000e+00,0.000000000000000000e+00,0.000000000000000000e+00,-3.876387610956048141e-02,-1.207917007325994135e-01,-0.000000000000000000e+00,-2.459792770146062846e-01,1.193590422951665397e+00,-0.000000000000000000e+00,-0.000000000000000000e+00,-0.000000000000000000e+00,-6.934731824964018854e-02,-1.459177577056239641e-02,-3.995899382994388266e-02,-0.000000000000000000e+00,-0.000000000000000000e+00,0.000000000000000000e+00,-0.000000000000000000e+00,-0.000000000000000000e+00,-0.000000000000000000e+00
-2.603924979200430423e-01,-0.000000000000000000e+00,-3.067030840866839525e-01,0.000000000000000000e+00,-2.503823051509958611e-02,0.000000000000000000e+00,-0.000000000000000000e+00,0.000000000000000000e+00,-0.000000000000000000e+00,-9.672770508946455792e-02,0.000000000000000000e+00,-0.000000000000000000e+00,1.847807378952703583e-01,-0.000000000000000000e+00,-0.000000000000000000e+00,-4.767733454617969352e-02,-0.000000000000000000e+00,-0.000000000000000000e+00,-0.000000000000000000e+00,-0.000000000000000000e+00,-3.088774327430119371e-01,-8.589095597099891122e-02,-0.000000000000000000e+00,-0.000000000000000000e+00,-0.000000000000000000e+00,-2.465303113335351737e-01,-0.000000000000000000e+00,1.726762166841881330e+00,-0.000000000000000000e+00,-2.307521789942816592e-01,-2.947183400854487267e-01,-0.000000000000000000e+00,-0.000000000000000000e+00,-0.000000000000000000e+00,-0.000000000000000000e+00,-0.000000000000000000e+00,-0.000000000000000000e+00,-0.000000000000000000e+00,-0.000000000000000000e+00
-0.000000000000000000e+00,-0.000000000000000000e+00,0.000000000000000000e+00,4.022096126740784539e-01,-0.000000000000000000e+00,-0.000000000000000000e+00,0.000000000000000000e+00,0.000000000000000000e+00,0.000000000000000000e+00,-1.152816417645239622e-01,-0.000000000000000000e+00,0.000000000000000000e+00,0.000000000000000000e+00,-1.190589371138546654e-01,-1.708679543470309394e-03,-0.000000000000000000e+00,-1.844282765213634823e-01,0.000000000000000000e+00,0.000000000000000000e+00,-0.000000000000000000e+00,0.000000000000000000e+00,0.000000000000000000e+00,-0.000000000000000000e+00,-0.000000000000000000e+00,-0.000000000000000000e+00,-3.254479762294624351e-02,-0.000000000000000000e+00,-0.000000000000000000e+00,2.219858438274847412e+00,-1.408254141358586398e-01,-0.000000000000000000e+00,-5.464880926443707043e-01,-5.254754485326482843e-02,-0.000000000000000000e+00,-2.615723201552870858e-01,-1.379379107340608646e-01,-2.567014678610285427e-01,0.000000000000000000e+00,0.000000000000000000e+00
-0.000000000000000000e+00,-1.396849974793896443e-01,-0.000000000000000000e+00,0.000000000000000000e+00,-0.000000000000000000e+00,-0.000000000000000000e+00,0.000000000000000000e+00,0.000000000000000000e+00,-0.000000000000000000e+00,-5.104748183755449809e-01,-0.000000000000000000e+00,0.000000000000000000e+00,0.000000000000000000e+00,-0.000000000000000000e+00,-0.000000000000000000e+00,-2.830192336367069461e-01,-0.000000000000000000e+00,0.000000000000000000e+00,-0.000000000000000000e+00,-0.000000000000000000e+00,-0.000000000000000000e+00,-0.000000000000000000e+00,-7.486584835706676377e-02,-9.298934755326589488e-03,-1.227727554916225872e-01,-1.503313261167205095e-02,-0.000000000000000000e+00,-2.307521789942816592e-01,-1.408254141358586398e-01,2.067493746506118057e+00,-1.718268452425341375e-01,-4.804997944028756990e-02,-0.000000000000000000e+00,-0.000000000000000000e+00,-0.000000000000000000e+00,-3.933272801111589168e-01,-0.000000000000000000e+00,0.000000000000000000e+00,-0.000000000000000000e+00
-0.000000000000000000e+00,-1.654135280939370845e-01,-0.000000000000000000e+00,3.602147931004424236e-02,-0.000000000000000000e+00,-0.000000000000000000e+00,-0.000000000000000000e+00,0.000000000000000000e+00,0.000000000000000000e+00,-1.774661930791006093e-01,-0.000000000000000000e+00,0.000000000000000000e+00,1.814127390551244778e-01,-2.455023117173347202e-01,-0.000000000000000000e+00,-1.109584782983183276e-01,-0.000000000000000000e+00,0.000000000000000000e+00,-0.000000000000000000e+00,-0.000000000000000000e+00,-0.000000000000000000e+00,-0.000000000000000000e+00,-1.384270270470960573e-01,-0.000000000000000000e+00,-2.447477508103189925e-01,-3.266199875691098292e-02,-6.934731824964018854e-02,-2.947183400854487267e-01,-0.000000000000000000e+00,-1.718268452425341375e-01,1.884682295488352866e+00,-0.000000000000000000e+00,-1.667790952956887118e-01,-0.000000000000000000e+00,-0.000000000000000000e+00,-0.000000000000000000e+00,-0.000000000000000000e+00,0.000000000000000000e+00,0.000000000000000000e+00
-0.000000000000000000e+00,-0.000000000000000000e+00,0.000000000000000000e+00,0.000000000000000000e+00,-0.000000000000000000e+00,-2.286432158155657646e-01,0.000000000000000000e+00,0.000000000000000000e+00,0.000000000000000000e+00,-1.919246497471521762e-01,-2.555485260175611728e-01,0.000000000000000000e+00,0.000000000000000000e+00,-2.415503649884699899e-01,-0.000000000000000000e+00,-1.287335207764980505e-01,-1.945195908429373510e-01,0.000000000000000000e+00,0.000000000000000000e+00,-0.000000000000000000e+00,0.000000000000000000e+00,0.000000000000000000e+00,-0.000000000000000000e+00,-3.825020091532710387e-02,-0.000000000000000000e+00,-0.000000000000000000e+00,-1.459177577056239641e-02,-0.000000000000000000e+00,-5.464880926443707043e-01,-4.804997944028756990e-02,-0.000000000000000000e+00,2.384993008011672799e+00,-3.429770689489049229e-02,-0.000000000000000000e+00,-7.701894721807242550e-02,-0.000000000000000000e+00,-4.430961700508023737e-01,0.000000000000000000e+00,0.000000000000000000e+00
0.000000000000000000e+00,-0.000000000000000000e+00,-0.000000000000000000e+00,0.000000000000000000e+00,-0.000000000000000000e+00,-3.349272431076333878e-01,-0.000000000000000000e+00,0.000000000000000000e+00,0.000000000000000000e+00,-0.000000000000000000e+00,-2.122766854724947028e-01,0.000000000000000000e+00,-0.000000000000000000e+00,-4.146308650055193779e-01,-0.000000000000000000e+00,-0.000000000000000000e+00,-3.599090447443725749e-02,0.000000000000000000e+00,-0.000000000000000000e+00,0.000000000000000000e+00,0.000000000000000000e+00,0.000000000000000000e+00,-0.000000000000000000e+00,-3.247836445694576302e-01,-1.759182528573382531e-01,-0.000000000000000000e+00,-3.995899382994388266e-02,-0.000000000000000000e+00,-5.254754485326482843e-02,-0.000000000000000000e+00,-1.667790952956887118e-01,-3.429770689489049229e-02,1.984162647021513015e+00,-2.417098169710046873e-01,-3.122977080335420912e-03,0.000000000000000000e+00,-0.000000000000000000e+00,0.000000000000000000e+00,0.000000000000000000e+00
-0.000000000000000000e+00,-6.774688259957632741e-02,-2.143407220469571717e-02,0.000000000000000000e+00,-6.686215229599564713e-01,-0.000000000000000000e+00,0.000000000000000000e+00,8.614487370042754610e-02,-0.000000000000000000e+00,-0.000000000000000000e+00,-0.000000000000000000e+00,0.000000000000000000e+00,0.000000000000000000e+00,-2.882071292633530679e-01,-0.000000000000000000e+00,-0.000000000000000000e+00,-0.000000000000000000e+00,0.000000000000000000e+00,-0.000000000000000000e+00,0.000000000000000000e+00,0.000000000000000000e+00,0.000000000000000000e+00,-0.000000000000000000e+00,-1.374026739817979792e-01,-1.596872989415689947e-01,-0.000000000000000000e+00,-0.000000000000000000e+00,-0.000000000000000000e+00,-0.000000000000000000e+00,-0.000000000000000000e+00,-0.000000000000000000e+00,-0.000000000000000000e+00,-2.417098169710046873e-01,1.790439533947574713e+00,-0.000000000000000000e+00,-0.000000000000000000e+00,-0.000000000000000000e+00,0.000000000000000000e+00,0.000000000000000000e+00
0.000000000000000000e+00,-0.000000000000000000e+00,0.000000000000000000e+00,1.824352430973819050e-01,0.000000000000000000e+00,-3.790981528647815457e-01,0.000000000000000000e+00,-0.000000000000000000e+00,1.960719492620921767e-01,-0.000000000000000000e+00,-2.712169155700294709e-01,7.056477180931206017e-02,0.000000000000000000e+00,-0.000000000000000000e+00,-1.216382487887606861e-01,-0.000000000000000000e+00,-1.737600152721099078e-01,9.834893514582133955e-02,0.000000000000000000e+00,-0.000000000000000000e+00,0.000000000000000000e+00,0.000000000000000000e+00,-0.000000000000000000e+00,-0.000000000000000000e+00,-7.793262534638760453e-02,-0.000000000000000000e+00,-0.000000000000000000e+00,-0.000000000000000000e+00,-2.615723201552870858e-01,-0.000000000000000000e+00,-0.000000000000000000e+00,-7.701894721807242550e-02,-3.122977080335420912e-03,-0.000000000000000000e+00,2.564714801489162976e+00,-0.000000000000000000e+00,-5.728928816387997003e-01,1.550434403032457387e-01,0.000000000000000000e+00
-0.000000000000000000e+00,-0.000000000000000000e+00,0.000000000000000000e+00,0.000000000000000000e+00,-0.000000000000000000e+00,-0.000000000000000000e+00,6.147558292787625583e-02,0.000000000000000000e+00,0.000000000000000000e+00,-1.666259080463021736e-01,-0.000000000000000000e+00,0.000000000000000000e+00,0.000000000000000000e+00,-0.000000000000000000e+00,-2.542737370022664090e-01,-6.085449880303774733e-02,-0.000000000000000000e+00,0.000000000000000000e+00,0.000000000000000000e+00,-9.426977924375505189e-04,-0.000000000000000000e+00,-0.000000000000000000e+00,-0.000000000000000000e+00,0.000000000000000000e+00,-0.000000000000000000e+00,-0.000000000000000000e+00,0.000000000000000000e+00,-0.000000000000000000e+00,-1.379379107340608646e-01,-3.933272801111589168e-01,-0.000000000000000000e+00,-0.000000000000000000e+00,0.000000000000000000e+00,-0.000000000000000000e+00,-0.000000000000000000e+00,1.418050410941684270e+00,-0.000000000000000000e+00,0.000000000000000000e+00,0.000000000000000000e+00
0.000000000000000000e+00,-0.000000000000000000e+00,0.000000000000000000e+00,0.000000000000000000e+00,0.000000000000000000e+00,-3.838747838572090787e-01,0.000000000000000000e+00,-0.000000000000000000e+00,0.000000000000000000e+00,-2.699003351889906269e-02,-1.610767110617030706e-01,0.000000000000000000e+00,0.000000000000000000e+00,-0.000000000000000000e+00,-4.531465448894127224e-02,-0.000000000000000000e+00,-2.062664984920101752e-01,0.000000000000000000e+00,0.000000000000000000e+00,-0.000000000000000000e+00,0.000000000000000000e+00,0.000000000000000000e+00,-0.000000000000000000e+00,-0.000000000000000000e+00,-9.044392144774210385e-02,-0.000000000000000000e+00,-0.000000000000000000e+00,-0.000000000000000000e+00,-2.567014678610285427e-01,-0.000000000000000000e+00,-0.000000000000000000e+00,-4.430961700508023737e-01,-0.000000000000000000e+00,-0.000000000000000000e+00,-5.728928816387997003e-01,-0.000000000000000000e+00,2.553605319946993024e+00,3.293073272757391923e-01,4.323130360232245450e-02
-0.000000000000000000e+00,-0.000000000000000000e+00,-5.995434642678897086e-02,-9.469681760669985959e-02,-0.000000000000000000e+00,1.424943664608201502e-02,-2.650178285678791990e-02,0.000000000000000000e+00,-2.795330926433017837e-01,0.000000000000000000e+00,0.000000000000000000e+00,-2.620130832203195759e-01,0.000000000000000000e+00,0.000000000000000000e+00,0.000000000000000000e+00,0.000000000000000000e+00,0.000000000000000000e+00,-2.711368925231256166e-01,-1.214872049202332140e-02,0.000000000000000000e+00,-0.000000000000000000e+00,-0.000000000000000000e+00,-0.000000000000000000e+00,0.000000000000000000e+00,0.000000000000000000e+00,-0.000000000000000000e+00,-0.000000000000000000e+00,-0.000000000000000000e+00,0.000000000000000000e+00,0.000000000000000000e+00,0.000000000000000000e+00,0.000000000000000000e+00,0.000000000000000000e+00,0.000000000000000000e+00,1.550434403032457387e-01,0.000000000000000000e+00,3.293073272757391923e-01,2.141598931262961969e+00,-5.786203266530031142e-01
-0.000000000000000000e+00,-0.000000000000000000e+00,-1.043579415661249898e-02,-9.299137756997865071e-04,-0.000000000000000000e+00,1.351549615237036817e-01,-0.000000000000000000e+00,0.000000000000000000e+00,-2.816376059720648306e-01,0.000000000000000000e+00,0.000000000000000000e+00,-4.073566358665137721e-01,0.000000000000000000e+00,0.000000000000000000e+00,0.000000000000000000e+00,0.000000000000000000e+00,3.109575751322068982e-01,-4.928932195774819031e-02,-0.000000000000000000e+00,-0.000000000000000000e+00,-1.204489453106919183e-01,-9.158783568155799693e-02,-0.000000000000000000e+00,0.000000000000000000e+00,0.000000000000000000e+00,-0.000000000000000000e+00,-0.000000000000000000e+00,-0.000000000000000000e+00,0.000000000000000000e+00,-0.000000000000000000e+00,0.000000000000000000e+00,0.000000000000000000e+00,0.000000000000000000e+00,0.000000000000000000e+00,0.000000000000000000e+00,0.000000000000000000e+00,4.323130360232245450e-02,-5.786203266530031142e-01,2.117048108058650957e+00
