2.530513248433154061e+00,-8.825702043510238459e-01,-0.000000000000000000e+00,0.000000000000000000e+00,-0.000000000000000000e+00,0.000000000000000000e+00,0.000000000000000000e+00,0.000000000000000000e+00,-2.074993615371173994e-01,-0.000000000000000000e+00,-0.000000000000000000e+00,-0.000000000000000000e+00,0.000000000000000000e+00,-0.000000000000000000e+00,-0.000000000000000000e+00,-3.266321214417475804e-01,-0.000000000000000000e+00,0.000000000000000000e+00,-0.000000000000000000e+00,1.107236687986657905e-02,-0.000000000000000000e+00,0.000000000000000000e+00,-0.000000000000000000e+00,-0.000000000000000000e+00,-0.000000000000000000e+00,-1.816879481610061686e-01,-0.000000000000000000e+00,-0.000000000000000000e+00,-4.826885090645498255e-02,-3.788588135974415017e-01,-1.767359054042212940e-01,-2.931393130620341125e-01,0.000000000000000000e+00,-0.000000000000000000e+00,-0.000000000000000000e+00,-1.533820497958413021e-01,-3.015913642568974692e-02,-0.000000000000000000e+00,-0.000000000000000000e+00
-8.825702043510238459e-01,1.972193330570900294e+00,0.000000000000000000e+00,-0.000000000000000000e+00,-0.000000000000000000e+00,0.000000000000000000e+00,0.000000000000000000e+00,-0.000000000000000000e+00,-0.000000000000000000e+00,-0.000000000000000000e+00,-0.000000000000000000e+00,-0.000000000000000000e+00,2.045337710312443089e-02,-0.000000000000000000e+00,0.000000000000000000e+00,-3.097078565687164109e-01,-1.672376472138635550e-01,0.000000000000000000e+00,0.000000000000000000e+00,0.000000000000000000e+00,0.000000000000000000e+00,-0.000000000000000000e+00,-0.000000000000000000e+00,-0.000000000000000000e+00,-0.000000000000000000e+00,-0.000000000000000000e+00,-0.000000000000000000e+00,-0.000000000000000000e+00,-0.000000000000000000e+00,-0.000000000000000000e+00,-1.595310714883792225e-02,-2.338998585984684853e-01,0.000000000000000000e+00,-0.000000000000000000e+00,0.000000000000000000e+00,-0.000000000000000000e+00,-1.464656711620929141e-01,-0.000000000000000000e+00,-0.000000000000000000e+00
-0.000000000000000000e+00,0.000000000000000000e+00,2.801685204079982672e+00,0.000000000000000000e+00,-2.501037005559434423e-01,-0.000000000000000000e+00,0.000000000000000000e+00,1.453874875203489347e+00,-0.000000000000000000e+00,-5.217644896704867752e-02,-0.000000000000000000e+00,-0.000000000000000000e+00,0.000000000000000000e+00,-0.000000000000000000e+00,-0.000000000000000000e+00,-0.000000000000000000e+00,0.000000000000000000e+00,-0.000000000000000000e+00,-1.208515225640883484e-01,-0.000000000000000000e+00,-1.175963527619613425e-01,-6.644678594521195858e-02,-0.000000000000000000e+00,-0.000000000000000000e+00,-7.824886053216374704e-02,-2.687407227843521471e-02,-0.000000000000000000e+00,-5.557639581652275007e-01,-0.000000000000000000e+00,-6.267438669878101776e-02,-0.000000000000000000e+00,-0.000000000000000000e+00,-1.890392413979720757e-02,-2.800177066213656307e-02,0.000000000000000000e+00,-0.000000000000000000e+00,0.000000000000000000e+00,-0.000000000000000000e+00,-0.000000000000000000e+00
0.000000000000000000e+00,-0.000000000000000000e+00,0.000000000000000000e+00,1.134623793122503166e+00,4.968916354794650908e-02,0.000000000000000000e+00,-0.000000000000000000e+00,-0.000000000000000000e+00,0.000000000000000000e+00,-0.000000000000000000e+00,-0.000000000000000000e+00,-0.000000000000000000e+00,-0.000000000000000000e+00,0.000000000000000000e+00,-0.000000000000000000e+00,-0.000000000000000000e+00,0.000000000000000000e+00,-9.412237507841359624e-03,-0.000000000000000000e+00,-0.000000000000000000e+00,0.000000000000000000e+00,-0.000000000000000000e+00,0.000000000000000000e+00,0.000000000000000000e+00,0.000000000000000000e+00,0.000000000000000000e+00,-0.000000000000000000e+00,2.397705547395688197e-01,1.633581183579580487e-01,0.000000000000000000e+00,0.000000000000000000e+00,-0.000000000000000000e+00,6.198459685663171292e-02,0.000000000000000000e+00,3.471912960765672924e-03,0.000000000000000000e+00,0.000000000000000000e+00,0.000000000000000000e+00,-0.000000000000000000e+00
-0.000000000000000000e+00,-0.000000000000000000e+00,-2.501037005559434423e-01,4.968916354794650908e-02,2.411196348628572572e+00,0.000000000000000000e+00,2.143967007274481806e-01,2.826133363838722601e-01,-1.404853850255326497e-01,-0.000000000000000000e+00,-5.836458607303639246e-02,-0.000000000000000000e+00,0.000000000000000000e+00,-1.233571561177145559e-01,-0.000000000000000000e+00,-0.000000000000000000e+00,-0.000000000000000000e+00,0.000000000000000000e+00,-0.000000000000000000e+00,0.000000000000000000e+00,-0.000000000000000000e+00,0.000000000000000000e+00,-1.808719141625214077e-01,-0.000000000000000000e+00,-0.000000000000000000e+00,-2.802448782817344997e-01,-0.000000000000000000e+00,-1.992678348129697796e-01,-0.000000000000000000e+00,-2.231982420882004658e-01,-1.806893315435751102e-01,-0.000000000000000000e+00,-0.000000000000000000e+00,-4.120469636103541444e-01,-0.000000000000000000e+00,-0.000000000000000000e+00,-0.000000000000000000e+00,-2.552249880059578868e-02,-0.000000000000000000e+00
0.000000000000000000e+00,0.000000000000000000e+00,-0.000000000000000000e+00,0.000000000000000000e+00,0.000000000000000000e+00,2.270637439232881416e+00,-0.000000000000000000e+00,0.000000000000000000e+00,0.000000000000000000e+00,-0.000000000000000000e+00,0.000000000000000000e+00,1.962212148662773326e-01,0.000000000000000000e+00,-0.000000000000000000e+00,6.122387363859234100e-01,0.000000000000000000e+00,-0.000000000000000000e+00,0.000000000000000000e+00,0.000000000000000000e+00,-5.318882660147842417e-02,0.000000000000000000e+00,0.000000000000000000e+00,-0.000000000000000000e+00,-1.998274473857918065e-01,-0.000000000000000000e+00,-0.000000000000000000e+00,-0.000000000000000000e+00,-0.000000000000000000e+00,-0.000000000000000000e+00,-0.000000000000000000e+00,-0.000000000000000000e+00,-0.000000000000000000e+00,-9.047927154671250305e-01,0.000000000000000000e+00,-3.048810180988871799e-01,-0.000000000000000000e+00,-2.036965257866319434e-01,0.000000000000000000e+00,1.864319232877728327e-01
0.000000000000000000e+00,0.000000000000000000e+00,0.000000000000000000e+00,-0.000000000000000000e+00,2.143967007274481806e-01,-0.000000000000000000e+00,1.688006648804359688e+00,-0.000000000000000000e+00,1.858964830943521385e-01,0.000000000000000000e+00,0.000000000000000000e+00,4.650816551605672922e-02,-1.074656609973073523e-01,2.490260629465466599e-02,0.000000000000000000e+00,0.000000000000000000e+00,2.450821723034438404e-01,0.000000000000000000e+00,0.000000000000000000e+00,-0.000000000000000000e+00,-0.000000000000000000e+00,-0.000000000000000000e+00,0.000000000000000000e+00,0.000000000000000000e+00,1.567555296738164846e-03,0.000000000000000000e+00,0.000000000000000000e+00,0.000000000000000000e+00,-0.000000000000000000e+00,0.000000000000000000e+00,6.587370984929384610e-02,0.000000000000000000e+00,0.000000000000000000e+00,2.069023166018044424e-01,-0.000000000000000000e+00,0.000000000000000000e+00,0.000000000000000000e+00,1.601479663713576904e-02,3.459823519501661337e-01
0.000000000000000000e+00,-0.000000000000000000e+00,1.453874875203489347e+00,-0.000000000000000000e+00,2.826133363838722601e-01,0.000000000000000000e+00,-0.000000000000000000e+00,2.822069662053733996e+00,0.000000000000000000e+00,0.000000000000000000e+00,0.000000000000000000e+00,0.000000000000000000e+00,0.000000000000000000e+00,0.000000000000000000e+00,0.000000000000000000e+00,0.000000000000000000e+00,-0.000000000000000000e+00,0.000000000000000000e+00,0.000000000000000000e+00,-0.000000000000000000e+00,3.169294457798300102e-01,0.000000000000000000e+00,0.000000000000000000e+00,0.000000000000000000e+00,0.000000000000000000e+00,1.728570721604225646e-01,0.000000000000000000e+00,4.688409509235220707e-01,0.000000000000000000e+00,1.590949661767497927e-02,0.000000000000000000e+00,0.000000000000000000e+00,0.000000000000000000e+00,1.030329582349354123e-01,-0.000000000000000000e+00,0.000000000000000000e+00,-0.000000000000000000e+00,0.000000000000000000e+00,0.000000000000000000e+00
-2.074993615371173994e-01,-0.000000000000000000e+00,-0.000000000000000000e+00,0.000000000000000000e+00,-1.404853850255326497e-01,0.000000000000000000e+00,1.858964830943521385e-01,0.000000000000000000e+00,3.187677661739978241e+00,-0.000000000000000000e+00,-0.000000000000000000e+00,-5.204133205287288233e-02,0.000000000000000000e+00,-5.486227943919237404e-01,-0.000000000000000000e+00,-4.599520532994599287e-01,-0.000000000000000000e+00,-0.000000000000000000e+00,-1.521673969732855736e-01,0.000000000000000000e+00,-0.000000000000000000e+00,-0.000000000000000000e+00,-2.347702221835114636e-02,-0.000000000000000000e+00,-0.000000000000000000e+00,-2.601402324983458428e-02,-1.529195007797353179e-01,-0.000000000000000000e+00,-0.000000000000000000e+00,-4.728203634516967707e-02,-8.659440458668685170e-02,-2.164643778997864254e-02,0.000000000000000000e+00,-7.451034188438483419e-01,0.000000000000000000e+00,-3.680650398622681979e-02,-0.000000000000000000e+00,-3.506633910086361383e-01,-3.387343786108991117e-01
-0.000000000000000000e+00,-0.000000000000000000e+00,-5.217644896704867752e-02,-0.000000000000000000e+00,-0.000000000000000000e+00,-0.000000000000000000e+00,0.000000000000000000e+00,0.000000000000000000e+00,-0.000000000000000000e+00,1.965439857320919304e+00,-0.000000000000000000e+00,-0.000000000000000000e+00,0.000000000000000000e+00,-0.000000000000000000e+00,0.000000000000000000e+00,-5.130363138306393012e-01,-0.000000000000000000e+00,-0.000000000000000000e+00,-1.560348989696101474e-01,-0.000000000000000000e+00,0.000000000000000000e+00,-0.000000000000000000e+00,-1.062078715421384684e-01,-1.318164404060669093e-01,-3.870033961854757454e-01,-0.000000000000000000e+00,-1.120918443486575294e-01,-0.000000000000000000e+00,0.000000000000000000e+00,-3.046584035319292449e-01,-9.305184695400456341e-02,-0.000000000000000000e+00,-0.000000000000000000e+00,-0.000000000000000000e+00,0.000000000000000000e+00,-0.000000000000000000e+00,-0.000000000000000000e+00,-0.000000000000000000e+00,-7.893691360589985551e-02
-0.000000000000000000e+00,-0.000000000000000000e+00,-0.000000000000000000e+00,-0.000000000000000000e+00,-5.836458607303639246e-02,0.000000000000000000e+00,0.000000000000000000e+00,0.000000000000000000e+00,-0.000000000000000000e+00,-0.000000000000000000e+00,1.613747909326973762e+00,-2.196213663846195013e-02,0.000000000000000000e+00,-0.000000000000000000e+00,-0.000000000000000000e+00,-0.000000000000000000e+00,-4.150637315589626453e-01,-0.000000000000000000e+00,-0.000000000000000000e+00,0.000000000000000000e+00,-0.000000000000000000e+00,-0.000000000000000000e+00,-0.000000000000000000e+00,0.000000000000000000e+00,-0.000000000000000000e+00,-0.000000000000000000e+00,-1.672813343131541175e-01,-0.000000000000000000e+00,0.000000000000000000e+00,-0.000000000000000000e+00,-3.378194817884977441e-02,-3.365828902420814339e-01,-0.000000000000000000e+00,-0.000000000000000000e+00,3.377851780943268156e-02,-0.000000000000000000e+00,-0.000000000000000000e+00,-0.000000000000000000e+00,-3.214753562844732682e-01
-0.000000000000000000e+00,-0.000000000000000000e+00,-0.000000000000000000e+00,-0.000000000000000000e+00,-0.000000000000000000e+00,1.962212148662773326e-01,4.650816551605672922e-02,0.000000000000000000e+00,-5.204133205287288233e-02,-0.000000000000000000e+00,-2.196213663846195013e-02,2.625318492362610279e+00,-0.000000000000000000e+00,-0.000000000000000000e+00,-3.200974596252110782e-01,-0.000000000000000000e+00,-0.000000000000000000e+00,-4.399413706646940758e-01,-2.243438132355531078e-01,0.000000000000000000e+00,-0.000000000000000000e+00,-7.652820582150426931e-02,-0.000000000000000000e+00,-0.000000000000000000e+00,-0.000000000000000000e+00,-0.000000000000000000e+00,-3.573643876178783652e-01,0.000000000000000000e+00,8.826585003866362078e-02,-0.000000000000000000e+00,-0.000000000000000000e+00,-0.000000000000000000e+00,0.000000000000000000e+00,-3.319820414597148273e-01,2.640954917808982505e-01,-0.000000000000000000e+00,0.000000000000000000e+00,-0.000000000000000000e+00,-7.004554450301200275e-01
0.000000000000000000e+00,2.045337710312443089e-02,0.000000000000000000e+00,-0.000000000000000000e+00,0.000000000000000000e+00,0.000000000000000000e+00,-1.074656609973073523e-01,0.000000000000000000e+00,0.000000000000000000e+00,0.000000000000000000e+00,0.000000000000000000e+00,-0.000000000000000000e+00,2.084596141756742238e+00,0.000000000000000000e+00,-0.000000000000000000e+00,0.000000000000000000e+00,7.539614499042135431e-01,-5.716235380198825961e-02,-0.000000000000000000e+00,-0.000000000000000000e+00,-0.000000000000000000e+00,-0.000000000000000000e+00,0.000000000000000000e+00,0.000000000000000000e+00,5.885855553908556775e-03,-0.000000000000000000e+00,0.000000000000000000e+00,0.000000000000000000e+00,0.000000000000000000e+00,0.000000000000000000e+00,6.352192127956624024e-01,0.000000000000000000e+00,0.000000000000000000e+00,0.000000000000000000e+00,-0.000000000000000000e+00,0.000000000000000000e+00,4.944906443400743923e-01,-0.000000000000000000e+00,0.000000000000000000e+00
-0.000000000000000000e+00,-0.000000000000000000e+00,-0.000000000000000000e+00,0.000000000000000000e+00,-1.233571561177145559e-01,-0.000000000000000000e+00,2.490260629465466599e-02,0.000000000000000000e+00,-5.486227943919237404e-01,-0.000000000000000000e+00,-0.000000000000000000e+00,-0.000000000000000000e+00,0.000000000000000000e+00,2.315362697823404758e+00,-0.000000000000000000e+00,-0.000000000000000000e+00,-0.000000000000000000e+00,-7.925121907463013315e-02,-0.000000000000000000e+00,0.000000000000000000e+00,-0.000000000000000000e+00,-0.000000000000000000e+00,-3.296116501351548655e-01,-1.020280412818126564e-01,-0.000000000000000000e+00,-0.000000000000000000e+00,-0.000000000000000000e+00,-0.000000000000000000e+00,-0.000000000000000000e+00,-1.697315910700668284e-01,-0.000000000000000000e+00,-0.000000000000000000e+00,-0.000000000000000000e+00,-6.498309867957710595e-02,-0.000000000000000000e+00,-8.506187066613313252e-01,-0.000000000000000000e+00,-0.000000000000000000e+00,-0.000000000000000000e+00
-0.000000000000000000e+00,0.000000000000000000e+00,-0.000000000000000000e+00,-0.000000000000000000e+00,-0.000000000000000000e+00,6.122387363859234100e-01,0.000000000000000000e+00,0.000000000000000000e+00,-0.000000000000000000e+00,0.000000000000000000e+00,-0.000000000000000000e+00,-3.200974596252110782e-01,-0.000000000000000000e+00,-0.000000000000000000e+00,2.401124849463760480e+00,-0.000000000000000000e+00,0.000000000000000000e+00,-3.758672817147217793e-01,-1.157425505290188977e-01,0.000000000000000000e+00,-1.931257571840960807e-02,-0.000000000000000000e+00,0.000000000000000000e+00,0.000000000000000000e+00,0.000000000000000000e+00,-0.000000000000000000e+00,-0.000000000000000000e+00,0.000000000000000000e+00,0.000000000000000000e+00,-0.000000000000000000e+00,0.000000000000000000e+00,-0.000000000000000000e+00,0.000000000000000000e+00,-2.522533548920782298e-01,0.000000000000000000e+00,-0.000000000000000000e+00,5.649257043391393562e-01,-5.363051859347405248e-01,-0.000000000000000000e+00
-3.266321214417475804e-01,-3.097078565687164109e-01,-0.000000000000000000e+00,-0.000000000000000000e+00,-0.000000000000000000e+00,0.000000000000000000e+00,0.000000000000000000e+00,0.000000000000000000e+00,-4.599520532994599287e-01,-5.130363138306393012e-01,-0.000000000000000000e+00,-0.000000000000000000e+00,0.000000000000000000e+00,-0.000000000000000000e+00,-0.000000000000000000e+00,2.495878625762117942e+00,-0.000000000000000000e+00,-9.028315496035554943e-02,-4.085377386557548923e-02,0.000000000000000000e+00,-0.000000000000000000e+00,-0.000000000000000000e+00,-0.000000000000000000e+00,-0.000000000000000000e+00,-0.000000000000000000e+00,-5.086337156535356702e-02,-0.000000000000000000e+00,-0.000000000000000000e+00,0.000000000000000000e+00,-3.104925603092676401e-01,-0.000000000000000000e+00,-9.808326702738477676e-02,0.000000000000000000e+00,-8.249854200391303419e-03,0.000000000000000000e+00,-1.904886118250538329e-01,0.000000000000000000e+00,-1.447794604761368231e-02,-2.294096460603598231e-01
-0.000000000000000000e+00,-1.672376472138635550e-01,0.000000000000000000e+00,0.000000000000000000e+00,-0.000000000000000000e+00,-0.000000000000000000e+00,2.450821723034438404e-01,-0.000000000000000000e+00,-0.000000000000000000e+00,-0.000000000000000000e+00,-4.150637315589626453e-01,-0.000000000000000000e+00,7.539614499042135431e-01,-0.000000000000000000e+00,0.000000000000000000e+00,-0.000000000000000000e+00,1.861175630871030107e+00,0.000000000000000000e+00,0.000000000000000000e+00,0.000000000000000000e+00,5.097391250704578353e-03,0.000000000000000000e+00,-2.489554733055810223e-02,-0.000000000000000000e+00,-0.000000000000000000e+00,0.000000000000000000e+00,-0.000000000000000000e+00,-0.000000000000000000e+00,0.000000000000000000e+00,-0.000000000000000000e+00,-1.349242480791195548e-02,-1.226185623210914594e-01,-0.000000000000000000e+00,-0.000000000000000000e+00,0.000000000000000000e+00,-0.000000000000000000e+00,-0.000000000000000000e+00,-0.000000000000000000e+00,-0.000000000000000000e+00
0.000000000000000000e+00,0.000000000000000000e+00,-0.000000000000000000e+00,-9.412237507841359624e-03,0.000000000000000000e+00,0.000000000000000000e+00,0.000000000000000000e+00,0.000000000000000000e+00,-0.000000000000000000e+00,-0.000000000000000000e+00,-0.000000000000000000e+00,-4.399413706646940758e-01,-5.716235380198825961e-02,-7.925121907463013315e-02,-3.758672817147217793e-01,-9.028315496035554943e-02,0.000000000000000000e+00,1.928196419990811039e+00,-5.669823586688897965e-01,0.000000000000000000e+00,-0.000000000000000000e+00,-0.000000000000000000e+00,-0.000000000000000000e+00,-0.000000000000000000e+00,-0.000000000000000000e+00,-0.000000000000000000e+00,-0.000000000000000000e+00,0.000000000000000000e+00,0.000000000000000000e+00,-0.000000000000000000e+00,0.000000000000000000e+00,-0.000000000000000000e+00,0.000000000000000000e+00,-0.000000000000000000e+00,0.000000000000000000e+00,-9.270192348066470800e-02,2.282110129482165795e-01,-0.000000000000000000e+00,-0.000000000000000000e+00
-0.000000000000000000e+00,0.000000000000000000e+00,-1.208515225640883484e-01,-0.000000000000000000e+00,-0.000000000000000000e+00,0.000000000000000000e+00,0.000000000000000000e+00,0.000000000000000000e+00,-1.521673969732855736e-01,-1.560348989696101474e-01,-0.000000000000000000e+00,-2.243438132355531078e-01,-0.000000000000000000e+00,-0.000000000000000000e+00,-1.157425505290188977e-01,-4.085377386557548923e-02,0.000000000000000000e+00,-5.669823586688897965e-01,1.866275762934527682e+00,-0.000000000000000000e+00,-0.000000000000000000e+00,-0.000000000000000000e+00,-0.000000000000000000e+00,-0.000000000000000000e+00,-0.000000000000000000e+00,-0.000000000000000000e+00,-0.000000000000000000e+00,-0.000000000000000000e+00,0.000000000000000000e+00,-0.000000000000000000e+00,-0.000000000000000000e+00,-0.000000000000000000e+00,0.000000000000000000e+00,-0.000000000000000000e+00,0.000000000000000000e+00,-0.000000000000000000e+00,0.000000000000000000e+00,-2.029313033909775355e-01,-1.666750578469748667e-01
1.107236687986657905e-02,0.000000000000000000e+00,-0.000000000000000000e+00,-0.000000000000000000e+00,0.000000000000000000e+00,-5.318882660147842417e-02,-0.000000000000000000e+00,-0.000000000000000000e+00,0.000000000000000000e+00,-0.000000000000000000e+00,0.000000000000000000e+00,0.000000000000000000e+00,-0.000000000000000000e+00,0.000000000000000000e+00,0.000000000000000000e+00,0.000000000000000000e+00,0.000000000000000000e+00,0.000000000000000000e+00,-0.000000000000000000e+00,1.006637904404075412e+00,0.000000000000000000e+00,-6.784923879100160371e-02,0.000000000000000000e+00,-0.000000000000000000e+00,-0.000000000000000000e+00,0.000000000000000000e+00,-0.000000000000000000e+00,-0.000000000000000000e+00,0.000000000000000000e+00,0.000000000000000000e+00,-0.000000000000000000e+00,0.000000000000000000e+00,-8.682079335269608832e-04,0.000000000000000000e+00,-0.000000000000000000e+00,0.000000000000000000e+00,-0.000000000000000000e+00,0.000000000000000000e+00,0.000000000000000000e+00
-0.000000000000000000e+00,0.000000000000000000e+00,-1.175963527619613425e-01,0.000000000000000000e+00,-0.000000000000000000e+00,0.000000000000000000e+00,-0.000000000000000000e+00,3.169294457798300102e-01,-0.000000000000000000e+00,0.000000000000000000e+00,-0.000000000000000000e+00,-0.000000000000000000e+00,-0.000000000000000000e+00,-0.000000000000000000e+00,-1.931257571840960807e-02,-0.000000000000000000e+00,5.097391250704578353e-03,-0.000000000000000000e+00,-0.000000000000000000e+00,0.000000000000000000e+00,1.162657013519495575e+00,-6.740898028565427136e-02,0.000000000000000000e+00,4.539154904389174766e-02,0.000000000000000000e+00,-1.484973975361127303e-02,-0.000000000000000000e+00,-0.000000000000000000e+00,-3.142249512791191191e-02,-0.000000000000000000e+00,-0.000000000000000000e+00,0.000000000000000000e+00,-0.000000000000000000e+00,-0.000000000000000000e+00,-0.000000000000000000e+00,-0.000000000000000000e+00,0.000000000000000000e+00,-0.000000000000000000e+00,-0.000000000000000000e+00
0.000000000000000000e+00,-0.000000000000000000e+00,-6.644678594521195858e-02,-0.000000000000000000e+00,0.000000000000000000e+00,0.000000000000000000e+00,-0.000000000000000000e+00,0.000000000000000000e+00,-0.000000000000000000e+00,-0.000000000000000000e+00,-0.000000000000000000e+00,-7.652820582150426931e-02,-0.000000000000000000e+00,-0.000000000000000000e+00,-0.000000000000000000e+00,-0.000000000000000000e+00,0.000000000000000000e+00,-0.000000000000000000e+00,-0.000000000000000000e+00,-6.784923879100160371e-02,-6.740898028565427136e-02,1.086876779480751676e+00,0.000000000000000000e+00,-0.000000000000000000e+00,-0.000000000000000000e+00,0.000000000000000000e+00,-5.920500909064143474e-02,-0.000000000000000000e+00,0.000000000000000000e+00,0.000000000000000000e+00,-3.199131680625108554e-02,-0.000000000000000000e+00,-0.000000000000000000e+00,-0.000000000000000000e+00,2.044740392573515808e-01,-0.000000000000000000e+00,0.000000000000000000e+00,0.000000000000000000e+00,-0.000000000000000000e+00
-0.000000000000000000e+00,-0.000000000000000000e+00,-0.000000000000000000e+00,0.000000000000000000e+00,-1.808719141625214077e-01,-0.000000000000000000e+00,0.000000000000000000e+00,0.000000000000000000e+00,-2.347702221835114636e-02,-1.062078715421384684e-01,-0.000000000000000000e+00,-0.000000000000000000e+00,0.000000000000000000e+00,-3.296116501351548655e-01,0.000000000000000000e+00,-0.000000000000000000e+00,-2.489554733055810223e-02,-0.000000000000000000e+00,-0.000000000000000000e+00,0.000000000000000000e+00,0.000000000000000000e+00,0.000000000000000000e+00,2.178968009445561016e+00,-8.885006132287517899e-02,-5.645957855074219545e-01,-5.546620759773469161e-02,-0.000000000000000000e+00,-0.000000000000000000e+00,-0.000000000000000000e+00,-6.690884468233532223e-01,-4.903354068709858508e-03,-7.751809809362678050e-02,-0.000000000000000000e+00,-0.000000000000000000e+00,-0.000000000000000000e+00,-0.000000000000000000e+00,-3.286945587386985723e-02,-0.000000000000000000e+00,-0.000000000000000000e+00
-0.000000000000000000e+00,-0.000000000000000000e+00,-0.000000000000000000e+00,0.000000000000000000e+00,-0.000000000000000000e+00,-1.998274473857918065e-01,0.000000000000000000e+00,0.000000000000000000e+00,-0.000000000000000000e+00,-1.318164404060669093e-01,0.000000000000000000e+00,-0.000000000000000000e+00,0.000000000000000000e+00,-1.020280412818126564e-01,0.000000000000000000e+00,-0.000000000000000000e+00,-0.000000000000000000e+00,-0.000000000000000000e+00,-0.000000000000000000e+00,-0.000000000000000000e+00,4.539154904389174766e-02,-0.000000000000000000e+00,-8.885006132287517899e-02,1.421595466748887482e+00,-5.167314490546186523e-01,-0.000000000000000000e+00,-0.000000000000000000e+00,-0.000000000000000000e+00,-0.000000000000000000e+00,-0.000000000000000000e+00,-0.000000000000000000e+00,-0.000000000000000000e+00,-1.872133105119169749e-02,0.000000000000000000e+00,-0.000000000000000000e+00,-0.000000000000000000e+00,-0.000000000000000000e+00,0.000000000000000000e+00,0.000000000000000000e+00
-0.000000000000000000e+00,-0.000000000000000000e+00,-7.824886053216374704e-02,0.000000000000000000e+00,-0.000000000000000000e+00,-0.000000000000000000e+00,1.567555296738164846e-03,0.000000000000000000e+00,-0.000000000000000000e+00,-3.870033961854757454e-01,-0.000000000000000000e+00,-0.000000000000000000e+00,5.885855553908556775e-03,-0.000000000000000000e+00,0.000000000000000000e+00,-0.000000000000000000e+00,-0.000000000000000000e+00,-0.000000000000000000e+00,-0.000000000000000000e+00,-0.000000000000000000e+00,0.000000000000000000e+00,-0.000000000000000000e+00,-5.645957855074219545e-01,-5.167314490546186523e-01,2.146635796335118140e+00,-0.000000000000000000e+00,-0.000000000000000000e+00,-5.597973667205709269e-02,-0.000000000000000000e+00,-0.000000000000000000e+00,-1.024937692502940895e-01,-0.000000000000000000e+00,-5.031937514199126271e-01,-0.000000000000000000e+00,-0.000000000000000000e+00,-0.000000000000000000e+00,-6.974903195374886067e-02,0.000000000000000000e+00,-0.000000000000000000e+00
-1.816879481610061686e-01,-0.000000000000000000e+00,-2.687407227843521471e-02,0.000000000000000000e+00,-2.802448782817344997e-01,-0.000000000000000000e+00,0.000000000000000000e+00,1.728570721604225646e-01,-2.601402324983458428e-02,-0.000000000000000000e+00,-0.000000000000000000e+00,-0.000000000000000000e+00,-0.000000000000000000e+00,-0.000000000000000000e+00,-0.000000000000000000e+00,-5.086337156535356702e-02,0.000000000000000000e+00,-0.000000000000000000e+00,-0.000000000000000000e+00,0.000000000000000000e+00,-1.484973975361127303e-02,0.000000000000000000e+00,-5.546620759773469161e-02,-0.000000000000000000e+00,-0.000000000000000000e+00,2.106395673786348066e+00,-0.000000000000000000e+00,-5.449218291367269318e-01,-2.636854881040378573e-01,-2.615624154304159177e-01,-0.000000000000000000e+00,-0.000000000000000000e+00,-0.000000000000000000e+00,-0.000000000000000000e+00,-0.000000000000000000e+00,-0.000000000000000000e+00,-0.000000000000000000e+00,-3.268249684796629140e-01,-0.000000000000000000e+00
-0.000000000000000000e+00,-0.000000000000000000e+00,-0.000000000000000000e+00,-0.000000000000000000e+00,-0.000000000000000000e+00,-0.000000000000000000e+00,0.000000000000000000e+00,0.000000000000000000e+00,-1.529195007797353179e-01,-1.120918443486575294e-01,-1.672813343131541175e-01,-3.573643876178783652e-01,0.000000000000000000e+00,-0.000000000000000000e+00,-0.000000000000000000e+00,-0.000000000000000000e+00,-0.000000000000000000e+00,-0.000000000000000000e+00,-0.000000000000000000e+00,-0.000000000000000000e+00,-0.000000000000000000e+00,-5.920500909064143474e-02,-0.000000000000000000e+00,-0.000000000000000000e+00,-0.000000000000000000e+00,-0.000000000000000000e+00,1.845121527717599630e+00,-0.000000000000000000e+00,-0.000000000000000000e+00,-0.000000000000000000e+00,-2.248094359323215552e-01,-2.704992854684578618e-01,-0.000000000000000000e+00,-0.000000000000000000e+00,0.000000000000000000e+00,-3.491832476889477621e-01,-0.000000000000000000e+00,-7.891413010709004763e-03,-1.227024214479716241e-01
-0.000000000000000000e+00,-0.000000000000000000e+00,-5.557639581652275007e-01,2.397705547395688197e-01,-1.992678348129697796e-01,-0.000000000000000000e+00,0.000000000000000000e+00,4.688409509235220707e-01,-0.000000000000000000e+00,-0.000000000000000000e+00,-0.000000000000000000e+00,0.000000000000000000e+00,0.000000000000000000e+00,-0.000000000000000000e+00,0.000000000000000000e+00,-0.000000000000000000e+00,-0.000000000000000000e+00,0.000000000000000000e+00,-0.000000000000000000e+00,-0.000000000000000000e+00,-0.000000000000000000e+00,-0.000000000000000000e+00,-0.000000000000000000e+00,-0.000000000000000000e+00,-5.597973667205709269e-02,-5.449218291367269318e-01,-0.000000000000000000e+00,2.579529969445140125e+00,-3.832522797720628455e-02,-1.582978181383179125e-02,-1.732395489297911817e-01,-0.000000000000000000e+00,-5.970988140167661218e-01,-0.000000000000000000e+00,-0.000000000000000000e+00,-0.000000000000000000e+00,-0.000000000000000000e+00,-0.000000000000000000e+00,-0.000000000000000000e+00
-4.826885090645498255e-02,-0.000000000000000000e+00,-0.000000000000000000e+00,1.633581183579580487e-01,-0.000000000000000000e+00,-0.000000000000000000e+00,-0.000000000000000000e+00,0.000000000000000000e+00,-0.000000000000000000e+00,0.000000000000000000e+00,0.000000000000000000e+00,8.826585003866362078e-02,0.000000000000000000e+00,-0.000000000000000000e+00,0.000000000000000000e+00,0.000000000000000000e+00,0.000000000000000000e+00,0.000000000000000000e+00,0.000000000000000000e+00,0.000000000000000000e+00,-3.142249512791191191e-02,0.000000000000000000e+00,-0.000000000000000000e+00,-0.000000000000000000e+00,-0.000000000000000000e+00,-2.636854881040378573e-01,-0.000000000000000000e+00,-3.832522797720628455e-02,1.645592729532910248e+00,-3.398796786439954587e-02,-0.000000000000000000e+00,-0.000000000000000000e+00,-0.000000000000000000e+00,0.000000000000000000e+00,-7.229504006484105405e-01,-0.000000000000000000e+00,-2.625922011468282968e-01,-0.000000000000000000e+00,0.000000000000000000e+00
-3.788588135974415017e-01,-0.000000000000000000e+00,-6.267438669878101776e-02,0.000000000000000000e+00,-2.231982420882004658e-01,-0.000000000000000000e+00,0.000000000000000000e+00,1.590949661767497927e-02,-4.728203634516967707e-02,-3.046584035319292449e-01,-0.000000000000000000e+00,-0.000000000000000000e+00,0.000000000000000000e+00,-1.697315910700668284e-01,-0.000000000000000000e+00,-3.104925603092676401e-01,-0.000000000000000000e+00,-0.000000000000000000e+00,-0.000000000000000000e+00,0.000000000000000000e+00,-0.000000000000000000e+00,0.000000000000000000e+00,-6.690884468233532223e-01,-0.000000000000000000e+00,-0.000000000000000000e+00,-2.615624154304159177e-01,-0.000000000000000000e+00,-1.582978181383179125e-02,-3.398796786439954587e-02,2.483015973828427647e+00,-0.000000000000000000e+00,-0.000000000000000000e+00,-0.000000000000000000e+00,-0.000000000000000000e+00,-0.000000000000000000e+00,-0.000000000000000000e+00,-0.000000000000000000e+00,-1.001627734447048390e-01,-0.000000000000000000e+00
-1.767359054042212940e-01,-1.595310714883792225e-02,-0.000000000000000000e+00,0.000000000000000000e+00,-1.806893315435751102e-01,-0.000000000000000000e+00,6.587370984929384610e-02,0.000000000000000000e+00,-8.659440458668685170e-02,-9.305184695400456341e-02,-3.378194817884977441e-02,-0.000000000000000000e+00,6.352192127956624024e-01,-0.000000000000000000e+00,0.000000000000000000e+00,-0.000000000000000000e+00,-1.349242480791195548e-02,0.000000000000000000e+00,-0.000000000000000000e+00,-0.000000000000000000e+00,-0.000000000000000000e+00,-3.199131680625108554e-02,-4.903354068709858508e-03,-0.000000000000000000e+00,-1.024937692502940895e-01,-0.000000000000000000e+00,-2.248094359323215552e-01,-1.732395489297911817e-01,-0.000000000000000000e+00,-0.000000000000000000e+00,2.131092321823212732e+00,-9.583459494346933949e-02,-0.000000000000000000e+00,-1.020292496004651800e-01,0.000000000000000000e+00,-0.000000000000000000e+00,-3.176616882018866717e-01,-0.000000000000000000e+00,-6.695582649448557355e-02
-2.931393130620341125e-01,-2.338998585984684853e-01,-0.000000000000000000e+00,-0.000000000000000000e+00,-0.000000000000000000e+00,-0.000000000000000000e+00,0.000000000000000000e+00,0.000000000000000000e+00,-2.164643778997864254e-02,-0.000000000000000000e+00,-3.365828902420814339e-01,-0.000000000000000000e+00,0.000000000000000000e+00,-0.000000000000000000e+00,-0.000000000000000000e+00,-9.808326702738477676e-02,-1.226185623210914594e-01,-0.000000000000000000e+00,-0.000000000000000000e+00,0.000000000000000000e+00,0.000000000000000000e+00,-0.000000000000000000e+00,-7.751809809362678050e-02,-0.000000000000000000e+00,-0.000000000000000000e+00,-0.000000000000000000e+00,-2.704992854684578618e-01,-0.000000000000000000e+00,-0.000000000000000000e+00,-0.000000000000000000e+00,-9.583459494346933949e-02,1.722755448523245247e+00,-0.000000000000000000e+00,-0.000000000000000000e+00,0.000000000000000000e+00,-1.026308968585804351e-02,-0.000000000000000000e+00,-0.000000000000000000e+00,-0.000000000000000000e+00
0.000000000000000000e+00,0.000000000000000000e+00,-1.890392413979720757e-02,6.198459685663171292e-02,-0.000000000000000000e+00,-9.047927154671250305e-01,0.000000000000000000e+00,0.000000000000000000e+00,0.000000000000000000e+00,-0.000000000000000000e+00,-0.000000000000000000e+00,0.000000000000000000e+00,0.000000000000000000e+00,-0.000000000000000000e+00,0.000000000000000000e+00,0.000000000000000000e+00,-0.000000000000000000e+00,0.000000000000000000e+00,0.000000000000000000e+00,-8.682079335269608832e-04,-0.000000000000000000e+00,-0.000000000000000000e+00,-0.000000000000000000e+00,-1.872133105119169749e-02,-5.031937514199126271e-01,-0.000000000000000000e+00,-0.000000000000000000e+00,-5.970988140167661218e-01,-0.000000000000000000e+00,-0.000000000000000000e+00,-0.000000000000000000e+00,-0.000000000000000000e+00,2.230962548276394397e+00,0.000000000000000000e+00,-2.042207445031481439e-01,0.000000000000000000e+00,-1.125359819702222847e-01,0.000000000000000000e+00,0.000000000000000000e+00
-0.000000000000000000e+00,-0.000000000000000000e+00,-2.800177066213656307e-02,0.000000000000000000e+00,-4.120469636103541444e-01,0.000000000000000000e+00,2.069023166018044424e-01,1.030329582349354123e-01,-7.451034188438483419e-01,-0.000000000000000000e+00,-0.000000000000000000e+00,-3.319820414597148273e-01,0.000000000000000000e+00,-6.498309867957710595e-02,-2.522533548920782298e-01,-8.249854200391303419e-03,-0.000000000000000000e+00,-0.000000000000000000e+00,-0.000000000000000000e+00,0.000000000000000000e+00,-0.000000000000000000e+00,-0.000000000000000000e+00,-0.000000000000000000e+00,0.000000000000000000e+00,-0.000000000000000000e+00,-0.000000000000000000e+00,-0.000000000000000000e+00,-0.000000000000000000e+00,0.000000000000000000e+00,-0.000000000000000000e+00,-1.020292496004651800e-01,-0.000000000000000000e+00,0.000000000000000000e+00,2.648249153772467057e+00,0.000000000000000000e+00,-0.000000000000000000e+00,0.000000000000000000e+00,-2.251724240724528314e-01,-3.262585415250608967e-01
-0.000000000000000000e+00,0.000000000000000000e+00,0.000000000000000000e+00,3.471912960765672924e-03,-0.000000000000000000e+00,-3.048810180988871799e-01,-0.000000000000000000e+00,-0.000000000000000000e+00,0.000000000000000000e+00,0.000000000000000000e+00,3.377851780943268156e-02,2.640954917808982505e-01,-0.000000000000000000e+00,-0.000000000000000000e+00,0.000000000000000000e+00,0.000000000000000000e+00,0.000000000000000000e+00,0.000000000000000000e+00,0.000000000000000000e+00,-0.000000000000000000e+00,-0.000000000000000000e+00,2.044740392573515808e-01,-0.000000000000000000e+00,-0.000000000000000000e+00,-0.000000000000000000e+00,-0.000000000000000000e+00,0.000000000000000000e+00,-0.000000000000000000e+00,-7.229504006484105405e-01,-0.000000000000000000e+00,0.000000000000000000e+00,0.000000000000000000e+00,-2.042207445031481439e-01,0.000000000000000000e+00,1.739483461167173228e+00,-0.000000000000000000e+00,-0.000000000000000000e+00,-0.000000000000000000e+00,0.000000000000000000e+00
-1.533820497958413021e-01,-0.000000000000000000e+00,-0.000000000000000000e+00,0.000000000000000000e+00,-0.000000000000000000e+00,-0.000000000000000000e+00,0.000000000000000000e+00,0.000000000000000000e+00,-3.680650398622681979e-02,-0.000000000000000000e+00,-0.000000000000000000e+00,-0.000000000000000000e+00,0.000000000000000000e+00,-8.506187066613313252e-01,-0.000000000000000000e+00,-1.904886118250538329e-01,-0.000000000000000000e+00,-9.270192348066470800e-02,-0.000000000000000000e+00,0.000000000000000000e+00,-0.000000000000000000e+00,-0.000000000000000000e+00,-0.000000000000000000e+00,-0.000000000000000000e+00,-0.000000000000000000e+00,-0.000000000000000000e+00,-3.491832476889477621e-01,-0.000000000000000000e+00,-0.000000000000000000e+00,-0.000000000000000000e+00,-0.000000000000000000e+00,-1.026308968585804351e-02,0.000000000000000000e+00,-0.000000000000000000e+00,-0.000000000000000000e+00,1.988634043039072985e+00,-0.000000000000000000e+00,-1.089546560290026445e-01,-0.000000000000000000e+00
-3.015913642568974692e-02,-1.464656711620929141e-01,0.000000000000000000e+00,0.000000000000000000e+00,-0.000000000000000000e+00,-2.036965257866319434e-01,0.000000000000000000e+00,-0.000000000000000000e+00,-0.000000000000000000e+00,-0.000000000000000000e+00,-0.000000000000000000e+00,0.000000000000000000e+00,4.944906443400743923e-01,-0.000000000000000000e+00,5.649257043391393562e-01,0.000000000000000000e+00,-0.000000000000000000e+00,2.282110129482165795e-01,0.000000000000000000e+00,-0.000000000000000000e+00,0.000000000000000000e+00,0.000000000000000000e+00,-3.286945587386985723e-02,-0.000000000000000000e+00,-6.974903195374886067e-02,-0.000000000000000000e+00,-0.000000000000000000e+00,-0.000000000000000000e+00,-2.625922011468282968e-01,-0.000000000000000000e+00,-3.176616882018866717e-01,-0.000000000000000000e+00,-1.125359819702222847e-01,0.000000000000000000e+00,-0.000000000000000000e+00,-0.000000000000000000e+00,1.963962466044238964e+00,0.000000000000000000e+00,0.000000000000000000e+00
-0.000000000000000000e+00,-0.000000000000000000e+00,-0.000000000000000000e+00,0.000000000000000000e+00,-2.552249880059578868e-02,0.000000000000000000e+00,1.601479663713576904e-02,0.000000000000000000e+00,-3.506633910086361383e-01,-0.000000000000000000e+00,-0.000000000000000000e+00,-0.000000000000000000e+00,-0.000000000000000000e+00,-0.000000000000000000e+00,-5.363051859347405248e-01,-1.447794604761368231e-02,-0.000000000000000000e+00,-0.000000000000000000e+00,-2.029313033909775355e-01,0.000000000000000000e+00,-0.000000000000000000e+00,0.000000000000000000e+00,-0.000000000000000000e+00,0.000000000000000000e+00,0.000000000000000000e+00,-3.268249684796629140e-01,-7.891413010709004763e-03,-0.000000000000000000e+00,-0.000000000000000000e+00,-1.001627734447048390e-01,-0.000000000000000000e+00,-0.000000000000000000e+00,0.000000000000000000e+00,-2.251724240724528314e-01,-0.000000000000000000e+00,-1.089546560290026445e-01,0.000000000000000000e+00,2.008277348091149772e+00,-7.812305004880200354e-02
-0.000000000000000000e+00,-0.000000000000000000e+00,-0.000000000000000000e+00,-0.000000000000000000e+00,-0.000000000000000000e+00,1.864319232877728327e-01,3.459823519501661337e-01,0.000000000000000000e+00,-3.387343786108991117e-01,-7.893691360589985551e-02,-3.214753562844732682e-01,-7.004554450301200275e-01,0.000000000000000000e+00,-0.000000000000000000e+00,-0.000000000000000000e+00,-2.294096460603598231e-01,-0.000000000000000000e+00,-0.000000000000000000e+00,-1.666750578469748667e-01,0.000000000000000000e+00,-0.000000000000000000e+00,-0.000000000000000000e+00,-0.000000000000000000e+00,0.000000000000000000e+00,-0.000000000000000000e+00,-0.000000000000000000e+00,-1.227024214479716241e-01,-0.000000000000000000e+00,0.000000000000000000e+00,-0.000000000000000000e+00,-6.695582649448557355e-02,-0.000000000000000000e+00,0.000000000000000000e+00,-3.262585415250608967e-01,0.000000000000000000e+00,-0.000000000000000000e+00,0.000000000000000000e+00,-7.812305004880200354e-02,2.639445766856987952e+00
