2.222807112521913098e+00,-0.000000000000000000e+00,-0.000000000000000000e+00,0.000000000000000000e+00,-0.000000000000000000e+00,-0.000000000000000000e+00,-0.000000000000000000e+00,0.000000000000000000e+00,-6.034092726381808667e-04,-0.000000000000000000e+00,0.000000000000000000e+00,1.595014219190959703e-01,-0.000000000000000000e+00,-0.000000000000000000e+00,-0.000000000000000000e+00,-0.000000000000000000e+00,-0.000000000000000000e+00,0.000000000000000000e+00,5.009111435947186802e-02,0.000000000000000000e+00,0.000000000000000000e+00,0.000000000000000000e+00,-0.000000000000000000e+00,-0.000000000000000000e+00,-0.000000000000000000e+00,-3.780955388963456731e-01,0.000000000000000000e+00,0.000000000000000000e+00,-3.510934204885791110e-01,-4.789768897169853212e-01,-7.021046900275941527e-02,0.000000000000000000e+00,0.000000000000000000e+00,0.000000000000000000e+00,-0.000000000000000000e+00,0.000000000000000000e+00,0.000000000000000000e+00,-7.296542116856743476e-01,0.000000000000000000e+00
-0.000000000000000000e+00,1.797393542010932821e+00,-0.000000000000000000e+00,-4.468054863723080854e-04,-0.000000000000000000e+00,-0.000000000000000000e+00,1.605774367321109036e-02,0.000000000000000000e+00,-2.597778827817996405e-01,-1.815907195436643751e-01,-0.000000000000000000e+00,-0.000000000000000000e+00,1.940513440075664342e-01,-0.000000000000000000e+00,0.000000000000000000e+00,-0.000000000000000000e+00,-0.000000000000000000e+00,-0.000000000000000000e+00,-0.000000000000000000e+00,-0.000000000000000000e+00,-0.000000000000000000e+00,-0.000000000000000000e+00,-8.607929642245612523e-02,-0.000000000000000000e+00,-0.000000000000000000e+00,-0.000000000000000000e+00,-1.449518653783663791e-01,-2.308529974333965729e-02,-0.000000000000000000e+00,-0.000000000000000000e+00,0.000000000000000000e+00,-2.762151383244261238e-01,-0.000000000000000000e+00,-0.000000000000000000e+00,-0.000000000000000000e+00,0.000000000000000000e+00,-8.418415260213690798e-02,-0.000000000000000000e+00,-5.520864601463658650e-01
-0.000000000000000000e+00,-0.000000000000000000e+00,2.337385977140196580e+00,-0.000000000000000000e+00,-2.466727167770330353e-01,-0.000000000000000000e+00,0.000000000000000000e+00,1.067188569213891602e+00,-1.196140732040035654e-01,-0.000000000000000000e+00,0.000000000000000000e+00,-0.000000000000000000e+00,0.000000000000000000e+00,-1.621993089590421100e-01,0.000000000000000000e+00,0.000000000000000000e+00,-1.531698116637876528e-01,0.000000000000000000e+00,-0.000000000000000000e+00,-0.000000000000000000e+00,-0.000000000000000000e+00,-0.000000000000000000e+00,-0.000000000000000000e+00,-2.596263774790373915e-02,-1.285902021099021575e-01,-4.541875190380493393e-02,-1.407852211838453993e-01,-0.000000000000000000e+00,-0.000000000000000000e+00,-0.000000000000000000e+00,-1.050145602494369779e-01,-0.000000000000000000e+00,-1.623376421393202818e-01,-0.000000000000000000e+00,-0.000000000000000000e+00,-0.000000000000000000e+00,-9.748981340552324501e-03,-0.000000000000000000e+00,-0.000000000000000000e+00
0.000000000000000000e+00,-4.468054863723080854e-04,-0.000000000000000000e+00,1.140728911303995341e+00,0.000000000000000000e+00,-0.000000000000000000e+00,0.000000000000000000e+00,0.000000000000000000e+00,-0.000000000000000000e+00,-0.000000000000000000e+00,-0.000000000000000000e+00,-2.625049745715131166e-01,0.000000000000000000e+00,-0.000000000000000000e+00,0.000000000000000000e+00,0.000000000000000000e+00,-0.000000000000000000e+00,-2.818474601362136109e-02,-7.076382025051712599e-02,-0.000000000000000000e+00,-0.000000000000000000e+00,-0.000000000000000000e+00,-0.000000000000000000e+00,-0.000000000000000000e+00,-0.000000000000000000e+00,0.000000000000000000e+00,-0.000000000000000000e+00,-1.146216083817105380e-01,0.000000000000000000e+00,0.000000000000000000e+00,0.000000000000000000e+00,-1.291016372974533762e-02,-0.000000000000000000e+00,-0.000000000000000000e+00,0.000000000000000000e+00,0.000000000000000000e+00,-0.000000000000000000e+00,0.000000000000000000e+00,-4.452066691977489554e-02
-0.000000000000000000e+00,-0.000000000000000000e+00,-2.466727167770330353e-01,0.000000000000000000e+00,1.613073624563030828e+00,-0.000000000000000000e+00,-0.000000000000000000e+00,1.876178728833031994e-01,-0.000000000000000000e+00,-0.000000000000000000e+00,0.000000000000000000e+00,0.000000000000000000e+00,0.000000000000000000e+00,-0.000000000000000000e+00,0.000000000000000000e+00,-0.000000000000000000e+00,-0.000000000000000000e+00,0.000000000000000000e+00,0.000000000000000000e+00,0.000000000000000000e+00,0.000000000000000000e+00,0.000000000000000000e+00,-0.000000000000000000e+00,-0.000000000000000000e+00,-8.022316897992284868e-02,-6.215984894982751197e-02,0.000000000000000000e+00,0.000000000000000000e+00,-0.000000000000000000e+00,-2.748434921330408232e-01,-4.864117420626373200e-01,0.000000000000000000e+00,0.000000000000000000e+00,-2.017680429804747655e-01,-0.000000000000000000e+00,-6.081896053846540771e-03,0.000000000000000000e+00,-0.000000000000000000e+00,-0.000000000000000000e+00
-0.000000000000000000e+00,-0.000000000000000000e+00,-0.000000000000000000e+00,-0.000000000000000000e+00,-0.000000000000000000e+00,2.135863259596928465e+00,0.000000000000000000e+00,0.000000000000000000e+00,-0.000000000000000000e+00,0.000000000000000000e+00,-0.000000000000000000e+00,-0.000000000000000000e+00,0.000000000000000000e+00,-9.397132343601143079e-02,0.000000000000000000e+00,0.000000000000000000e+00,-2.587852571233815735e-01,0.000000000000000000e+00,0.000000000000000000e+00,-0.000000000000000000e+00,-0.000000000000000000e+00,-0.000000000000000000e+00,-5.715894796793673585e-03,-6.180555345526577149e-01,-0.000000000000000000e+00,-0.000000000000000000e+00,-5.835173888288546157e-04,-0.000000000000000000e+00,-3.158618504294150031e-01,-0.000000000000000000e+00,-0.000000000000000000e+00,-1.171766822716374390e-01,-9.709176829863383484e-02,0.000000000000000000e+00,-2.605183449182358335e-01,1.367755187992893695e-01,-2.323887806471466866e-01,-0.000000000000000000e+00,-0.000000000000000000e+00
-0.000000000000000000e+00,1.605774367321109036e-02,0.000000000000000000e+00,0.000000000000000000e+00,-0.000000000000000000e+00,0.000000000000000000e+00,1.879770495245387307e+00,-0.000000000000000000e+00,0.000000000000000000e+00,0.000000000000000000e+00,0.000000000000000000e+00,5.620388975184500424e-01,-1.458108761377452101e-01,0.000000000000000000e+00,-0.000000000000000000e+00,-0.000000000000000000e+00,0.000000000000000000e+00,0.000000000000000000e+00,9.709361206969985281e-02,1.813015424164645117e-01,0.000000000000000000e+00,0.000000000000000000e+00,0.000000000000000000e+00,0.000000000000000000e+00,0.000000000000000000e+00,-0.000000000000000000e+00,2.233615933851878232e-01,1.570861391534945084e-01,-0.000000000000000000e+00,-9.889316887600348160e-02,-1.442669224412582163e-01,1.842550847361649480e-01,0.000000000000000000e+00,0.000000000000000000e+00,-0.000000000000000000e+00,-0.000000000000000000e+00,2.382421121610865666e-02,-1.813396756562939416e-01,1.395947454779400687e-01
0.000000000000000000e+00,0.000000000000000000e+00,1.067188569213891602e+00,0.000000000000000000e+00,1.876178728833031994e-01,0.000000000000000000e+00,-0.000000000000000000e+00,2.327692729306954700e+00,4.097149714749780819e-02,0.000000000000000000e+00,-0.000000000000000000e+00,0.000000000000000000e+00,-0.000000000000000000e+00,1.598824088507674324e-01,-0.000000000000000000e+00,-0.000000000000000000e+00,1.376709585317739959e-01,-0.000000000000000000e+00,0.000000000000000000e+00,0.000000000000000000e+00,3.441615079417843781e-02,0.000000000000000000e+00,0.000000000000000000e+00,8.429118189120493598e-02,9.677183487905820225e-02,3.908664656973722881e-03,1.005145500754860005e-01,0.000000000000000000e+00,0.000000000000000000e+00,0.000000000000000000e+00,1.281886106824205729e-01,0.000000000000000000e+00,2.272938452162601708e-01,0.000000000000000000e+00,7.418025928342335262e-02,0.000000000000000000e+00,6.747373573390687230e-04,0.000000000000000000e+00,0.000000000000000000e+00
-6.034092726381808667e-04,-2.597778827817996405e-01,-1.196140732040035654e-01,-0.000000000000000000e+00,-0.000000000000000000e+00,-0.000000000000000000e+00,0.000000000000000000e+00,4.097149714749780819e-02,1.588080667985752870e+00,-5.284074591878204150e-04,-0.000000000000000000e+00,-0.000000000000000000e+00,0.000000000000000000e+00,-1.216522111296336889e-01,0.000000000000000000e+00,-0.000000000000000000e+00,-1.761186816298380697e-01,-0.000000000000000000e+00,-0.000000000000000000e+00,-0.000000000000000000e+00,-0.000000000000000000e+00,-0.000000000000000000e+00,-2.092115310840553244e-01,-1.308446657743934623e-03,-8.456253029524925247e-02,-7.274232971994459840e-02,-0.000000000000000000e+00,-0.000000000000000000e+00,-0.000000000000000000e+00,-2.178632735510908913e-01,-0.000000000000000000e+00,-0.000000000000000000e+00,-0.000000000000000000e+00,-0.000000000000000000e+00,-0.000000000000000000e+00,0.000000000000000000e+00,-0.000000000000000000e+00,-0.000000000000000000e+00,-2.022521097983394911e-01
-0.000000000000000000e+00,-1.815907195436643751e-01,-0.000000000000000000e+00,-0.000000000000000000e+00,-0.000000000000000000e+00,0.000000000000000000e+00,0.000000000000000000e+00,0.000000000000000000e+00,-5.284074591878204150e-04,1.563150033755501989e+00,0.000000000000000000e+00,-0.000000000000000000e+00,0.000000000000000000e+00,-0.000000000000000000e+00,0.000000000000000000e+00,-5.401537095309749681e-01,-0.000000000000000000e+00,-0.000000000000000000e+00,-2.524855474454471005e-02,0.000000000000000000e+00,0.000000000000000000e+00,-0.000000000000000000e+00,-1.384880258146795051e-01,-0.000000000000000000e+00,-6.245189976924094000e-02,0.000000000000000000e+00,-0.000000000000000000e+00,-0.000000000000000000e+00,0.000000000000000000e+00,-0.000000000000000000e+00,-0.000000000000000000e+00,-0.000000000000000000e+00,-0.000000000000000000e+00,-2.451167997209841853e-01,0.000000000000000000e+00,-4.969351050251841900e-02,-0.000000000000000000e+00,0.000000000000000000e+00,-3.270392912733691149e-01
0.000000000000000000e+00,-0.000000000000000000e+00,0.000000000000000000e+00,-0.000000000000000000e+00,0.000000000000000000e+00,-0.000000000000000000e+00,0.000000000000000000e+00,-0.000000000000000000e+00,-0.000000000000000000e+00,0.000000000000000000e+00,1.006217716823515129e+00,-0.000000000000000000e+00,0.000000000000000000e+00,-0.000000000000000000e+00,-0.000000000000000000e+00,-0.000000000000000000e+00,-0.000000000000000000e+00,-6.410321714673081206e-02,-0.000000000000000000e+00,-0.000000000000000000e+00,-0.000000000000000000e+00,-0.000000000000000000e+00,-0.000000000000000000e+00,-0.000000000000000000e+00,0.000000000000000000e+00,0.000000000000000000e+00,-0.000000000000000000e+00,-2.646731154118770954e-02,-0.000000000000000000e+00,0.000000000000000000e+00,0.000000000000000000e+00,-0.000000000000000000e+00,-0.000000000000000000e+00,-0.000000000000000000e+00,-0.000000000000000000e+00,3.156893601290604312e-02,-0.000000000000000000e+00,0.000000000000000000e+00,-0.000000000000000000e+00
1.595014219190959703e-01,-0.000000000000000000e+00,-0.000000000000000000e+00,-2.625049745715131166e-01,0.000000000000000000e+00,-0.000000000000000000e+00,5.620388975184500424e-01,0.000000000000000000e+00,-0.000000000000000000e+00,-0.000000000000000000e+00,-0.000000000000000000e+00,2.284841723452360807e+00,0.000000000000000000e+00,-0.000000000000000000e+00,0.000000000000000000e+00,0.000000000000000000e+00,-0.000000000000000000e+00,-0.000000000000000000e+00,-4.696955531683252305e-01,-0.000000000000000000e+00,-0.000000000000000000e+00,-5.693735776913042557e-01,-0.000000000000000000e+00,-0.000000000000000000e+00,-0.000000000000000000e+00,0.000000000000000000e+00,-4.947714935675785741e-02,-0.000000000000000000e+00,0.000000000000000000e+00,0.000000000000000000e+00,0.000000000000000000e+00,-7.530363928642071214e-02,-0.000000000000000000e+00,-0.000000000000000000e+00,0.000000000000000000e+00,0.000000000000000000e+00,-0.000000000000000000e+00,3.363420909514945878e-01,-2.574083336307340097e-01
-0.000000000000000000e+00,1.940513440075664342e-01,0.000000000000000000e+00,0.000000000000000000e+00,0.000000000000000000e+00,0.000000000000000000e+00,-1.458108761377452101e-01,-0.000000000000000000e+00,0.000000000000000000e+00,0.000000000000000000e+00,0.000000000000000000e+00,0.000000000000000000e+00,1.222937883326932207e+00,0.000000000000000000e+00,-0.000000000000000000e+00,0.000000000000000000e+00,0.000000000000000000e+00,0.000000000000000000e+00,5.784360772206271345e-02,0.000000000000000000e+00,0.000000000000000000e+00,0.000000000000000000e+00,0.000000000000000000e+00,0.000000000000000000e+00,0.000000000000000000e+00,0.000000000000000000e+00,2.126792564979463132e-02,2.120648908515755937e-01,-0.000000000000000000e+00,-0.000000000000000000e+00,0.000000000000000000e+00,0.000000000000000000e+00,0.000000000000000000e+00,0.000000000000000000e+00,-0.000000000000000000e+00,0.000000000000000000e+00,0.000000000000000000e+00,-0.000000000000000000e+00,1.042243729126094559e-01
-0.000000000000000000e+00,-0.000000000000000000e+00,-1.621993089590421100e-01,-0.000000000000000000e+00,-0.000000000000000000e+00,-9.397132343601143079e-02,0.000000000000000000e+00,1.598824088507674324e-01,-1.216522111296336889e-01,-0.000000000000000000e+00,-0.000000000000000000e+00,-0.000000000000000000e+00,0.000000000000000000e+00,2.172997648760114586e+00,0.000000000000000000e+00,0.000000000000000000e+00,-2.356015478325758639e-01,0.000000000000000000e+00,0.000000000000000000e+00,-0.000000000000000000e+00,-0.000000000000000000e+00,-0.000000000000000000e+00,-2.300720210380964859e-01,-4.734915994852145760e-01,-2.214727811484667463e-01,-1.501744707985851746e-01,-1.454035529510859515e-01,-0.000000000000000000e+00,-8.900547454790999624e-02,-0.000000000000000000e+00,-0.000000000000000000e+00,-2.004542683386069737e-03,-3.702256757902050704e-03,0.000000000000000000e+00,-9.410688431912254959e-02,0.000000000000000000e+00,-6.641945169155931417e-02,-0.000000000000000000e+00,-0.000000000000000000e+00
-0.000000000000000000e+00,0.000000000000000000e+00,0.000000000000000000e+00,0.000000000000000000e+00,0.000000000000000000e+00,0.000000000000000000e+00,-0.000000000000000000e+00,-0.000000000000000000e+00,0.000000000000000000e+00,0.000000000000000000e+00,-0.000000000000000000e+00,0.000000000000000000e+00,-0.000000000000000000e+00,0.000000000000000000e+00,1.052926200541633772e+00,-0.000000000000000000e+00,0.000000000000000000e+00,-0.000000000000000000e+00,0.000000000000000000e+00,0.000000000000000000e+00,0.000000000000000000e+00,9.974633928960115192e-02,1.934988267213264279e-01,0.000000000000000000e+00,0.000000000000000000e+00,-0.000000000000000000e+00,0.000000000000000000e+00,0.000000000000000000e+00,-0.000000000000000000e+00,-0.000000000000000000e+00,0.000000000000000000e+00,0.000000000000000000e+00,0.000000000000000000e+00,-0.000000000000000000e+00,0.000000000000000000e+00,0.000000000000000000e+00,0.000000000000000000e+00,-4.408386697648832009e-02,0.000000000000000000e+00
-0.000000000000000000e+00,-0.000000000000000000e+00,0.000000000000000000e+00,0.000000000000000000e+00,-0.000000000000000000e+00,0.000000000000000000e+00,-0.000000000000000000e+00,-0.000000000000000000e+00,-0.000000000000000000e+00,-5.401537095309749681e-01,-0.000000000000000000e+00,0.000000000000000000e+00,0.000000000000000000e+00,0.000000000000000000e+00,-0.000000000000000000e+00,1.334391800965393227e+00,0.000000000000000000e+00,-0.000000000000000000e+00,-0.000000000000000000e+00,4.137943726900435853e-02,2.831800162604415291e-02,0.000000000000000000e+00,-0.000000000000000000e+00,0.000000000000000000e+00,-0.000000000000000000e+00,0.000000000000000000e+00,0.000000000000000000e+00,0.000000000000000000e+00,0.000000000000000000e+00,-0.000000000000000000e+00,0.000000000000000000e+00,0.000000000000000000e+00,6.100695792512540738e-02,-1.611708762545516205e-01,1.868498503901475927e-01,-7.662917416465601927e-02,0.000000000000000000e+00,-0.000000000000000000e+00,-0.000000000000000000e+00
-0.000000000000000000e+00,-0.000000000000000000e+00,-1.531698116637876528e-01,-0.000000000000000000e+00,-0.000000000000000000e+00,-2.587852571233815735e-01,0.000000000000000000e+00,1.376709585317739959e-01,-1.761186816298380697e-01,-0.000000000000000000e+00,-0.000000000000000000e+00,-0.000000000000000000e+00,0.000000000000000000e+00,-2.356015478325758639e-01,0.000000000000000000e+00,0.000000000000000000e+00,1.860851657204354082e+00,0.000000000000000000e+00,-0.000000000000000000e+00,-0.000000000000000000e+00,-0.000000000000000000e+00,-0.000000000000000000e+00,-2.369604248614419206e-01,-2.056690568838451250e-01,-0.000000000000000000e+00,-9.424310758795143017e-02,-0.000000000000000000e+00,-0.000000000000000000e+00,-7.410002176188211324e-03,-0.000000000000000000e+00,-0.000000000000000000e+00,-1.766428538501324252e-01,-1.151947842194419279e-02,0.000000000000000000e+00,-3.416880138197482542e-02,0.000000000000000000e+00,-4.715399179144671993e-02,-0.000000000000000000e+00,-0.000000000000000000e+00
0.000000000000000000e+00,-0.000000000000000000e+00,0.000000000000000000e+00,-2.818474601362136109e-02,0.000000000000000000e+00,0.000000000000000000e+00,0.000000000000000000e+00,-0.000000000000000000e+00,-0.000000000000000000e+00,-0.000000000000000000e+00,-6.410321714673081206e-02,-0.000000000000000000e+00,0.000000000000000000e+00,0.000000000000000000e+00,-0.000000000000000000e+00,-0.000000000000000000e+00,0.000000000000000000e+00,1.572735732748686832e+00,-7.101310607941503372e-01,-0.000000000000000000e+00,0.000000000000000000e+00,-0.000000000000000000e+00,0.000000000000000000e+00,0.000000000000000000e+00,0.000000000000000000e+00,0.000000000000000000e+00,-0.000000000000000000e+00,-0.000000000000000000e+00,0.000000000000000000e+00,0.000000000000000000e+00,1.352383836088413283e-01,-0.000000000000000000e+00,0.000000000000000000e+00,-3.244818894273571175e-01,1.269544247385277214e-01,0.000000000000000000e+00,-0.000000000000000000e+00,0.000000000000000000e+00,-0.000000000000000000e+00
5.009111435947186802e-02,-0.000000000000000000e+00,-0.000000000000000000e+00,-7.076382025051712599e-02,0.000000000000000000e+00,0.000000000000000000e+00,9.709361206969985281e-02,0.000000000000000000e+00,-0.000000000000000000e+00,-2.524855474454471005e-02,-0.000000000000000000e+00,-4.696955531683252305e-01,5.784360772206271345e-02,0.000000000000000000e+00,0.000000000000000000e+00,-0.000000000000000000e+00,-0.000000000000000000e+00,-7.101310607941503372e-01,1.957755524724157148e+00,-0.000000000000000000e+00,-0.000000000000000000e+00,-0.000000000000000000e+00,0.000000000000000000e+00,0.000000000000000000e+00,0.000000000000000000e+00,0.000000000000000000e+00,-0.000000000000000000e+00,-2.064576799133430868e-02,0.000000000000000000e+00,0.000000000000000000e+00,0.000000000000000000e+00,-0.000000000000000000e+00,-0.000000000000000000e+00,-1.901943068340289922e-01,0.000000000000000000e+00,0.000000000000000000e+00,-0.000000000000000000e+00,2.252262752617175678e-01,-1.978169547435804088e-01
0.000000000000000000e+00,-0.000000000000000000e+00,-0.000000000000000000e+00,-0.000000000000000000e+00,0.000000000000000000e+00,-0.000000000000000000e+00,1.813015424164645117e-01,0.000000000000000000e+00,-0.000000000000000000e+00,0.000000000000000000e+00,-0.000000000000000000e+00,-0.000000000000000000e+00,0.000000000000000000e+00,-0.000000000000000000e+00,0.000000000000000000e+00,4.137943726900435853e-02,-0.000000000000000000e+00,-0.000000000000000000e+00,-0.000000000000000000e+00,2.117783754340852642e+00,-3.911343608694823337e-01,-0.000000000000000000e+00,-0.000000000000000000e+00,-0.000000000000000000e+00,-0.000000000000000000e+00,-0.000000000000000000e+00,-2.129304284197915398e-01,-5.156051151225280460e-01,-0.000000000000000000e+00,0.000000000000000000e+00,0.000000000000000000e+00,-1.919149838050334955e-01,-1.690022985484896934e-01,0.000000000000000000e+00,-0.000000000000000000e+00,1.080814838214926021e-01,-3.021821053179822858e-01,0.000000000000000000e+00,-0.000000000000000000e+00
0.000000000000000000e+00,-0.000000000000000000e+00,-0.000000000000000000e+00,-0.000000000000000000e+00,0.000000000000000000e+00,-0.000000000000000000e+00,0.000000000000000000e+00,3.441615079417843781e-02,-0.000000000000000000e+00,0.000000000000000000e+00,-0.000000000000000000e+00,-0.000000000000000000e+00,0.000000000000000000e+00,-0.000000000000000000e+00,0.000000000000000000e+00,2.831800162604415291e-02,-0.000000000000000000e+00,0.000000000000000000e+00,-0.000000000000000000e+00,-3.911343608694823337e-01,1.916798058470203792e+00,-4.517217955329423384e-01,-0.000000000000000000e+00,-0.000000000000000000e+00,-0.000000000000000000e+00,-0.000000000000000000e+00,-2.473544718152003927e-02,-1.167141129571163394e-01,-0.000000000000000000e+00,-0.000000000000000000e+00,0.000000000000000000e+00,-1.120325353933114693e-01,-4.379536275548231994e-01,0.000000000000000000e+00,-0.000000000000000000e+00,0.000000000000000000e+00,-1.385336895952953007e-01,0.000000000000000000e+00,-0.000000000000000000e+00
0.000000000000000000e+00,-0.000000000000000000e+00,-0.000000000000000000e+00,-0.000000000000000000e+00,0.000000000000000000e+00,-0.000000000000000000e+00,0.000000000000000000e+00,0.000000000000000000e+00,-0.000000000000000000e+00,-0.000000000000000000e+00,-0.000000000000000000e+00,-5.693735776913042557e-01,0.000000000000000000e+00,-0.000000000000000000e+00,9.974633928960115192e-02,0.000000000000000000e+00,-0.000000000000000000e+00,-0.000000000000000000e+00,-0.000000000000000000e+00,-0.000000000000000000e+00,-4.517217955329423384e-01,1.715131295575278880e+00,-0.000000000000000000e+00,-0.000000000000000000e+00,-0.000000000000000000e+00,0.000000000000000000e+00,-4.613171175250082440e-02,-0.000000000000000000e+00,0.000000000000000000e+00,0.000000000000000000e+00,0.000000000000000000e+00,-0.000000000000000000e+00,-3.401116176565107674e-01,0.000000000000000000e+00,-0.000000000000000000e+00,0.000000000000000000e+00,-0.000000000000000000e+00,6.548273907227415876e-03,-0.000000000000000000e+00
-0.000000000000000000e+00,-8.607929642245612523e-02,-0.000000000000000000e+00,-0.000000000000000000e+00,-0.000000000000000000e+00,-5.715894796793673585e-03,0.000000000000000000e+00,0.000000000000000000e+00,-2.092115310840553244e-01,-1.384880258146795051e-01,-0.000000000000000000e+00,-0.000000000000000000e+00,0.000000000000000000e+00,-2.300720210380964859e-01,1.934988267213264279e-01,-0.000000000000000000e+00,-2.369604248614419206e-01,0.000000000000000000e+00,0.000000000000000000e+00,-0.000000000000000000e+00,-0.000000000000000000e+00,-0.000000000000000000e+00,1.916211810120249215e+00,-7.799337293866769050e-02,-7.086379757137378776e-01,-0.000000000000000000e+00,-0.000000000000000000e+00,-0.000000000000000000e+00,-0.000000000000000000e+00,-3.007286922703947263e-02,-1.010302139200484478e-01,-0.000000000000000000e+00,-0.000000000000000000e+00,-0.000000000000000000e+00,-0.000000000000000000e+00,-0.000000000000000000e+00,-0.000000000000000000e+00,-0.000000000000000000e+00,-0.000000000000000000e+00
-0.000000000000000000e+00,-0.000000000000000000e+00,-2.596263774790373915e-02,-0.000000000000000000e+00,-0.000000000000000000e+00,-6.180555345526577149e-01,0.000000000000000000e+00,8.429118189120493598e-02,-1.308446657743934623e-03,-0.000000000000000000e+00,-0.000000000000000000e+00,-0.000000000000000000e+00,0.000000000000000000e+00,-4.734915994852145760e-01,0.000000000000000000e+00,0.000000000000000000e+00,-2.056690568838451250e-01,0.000000000000000000e+00,0.000000000000000000e+00,-0.000000000000000000e+00,-0.000000000000000000e+00,-0.000000000000000000e+00,-7.799337293866769050e-02,2.615196493842385284e+00,-1.458400056282875834e-01,-4.840979109102719509e-03,-5.490559937580444944e-02,-0.000000000000000000e+00,-3.018094450119643835e-01,-0.000000000000000000e+00,-0.000000000000000000e+00,-9.735422995085041276e-02,-1.250792539924632241e-01,0.000000000000000000e+00,-3.615431701197885928e-01,0.000000000000000000e+00,-2.345627765895399730e-01,-0.000000000000000000e+00,-0.000000000000000000e+00
-0.000000000000000000e+00,-0.000000000000000000e+00,-1.285902021099021575e-01,-0.000000000000000000e+00,-8.022316897992284868e-02,-0.000000000000000000e+00,0.000000000000000000e+00,9.677183487905820225e-02,-8.456253029524925247e-02,-6.245189976924094000e-02,0.000000000000000000e+00,-0.000000000000000000e+00,0.000000000000000000e+00,-2.214727811484667463e-01,0.000000000000000000e+00,-0.000000000000000000e+00,-0.000000000000000000e+00,0.000000000000000000e+00,0.000000000000000000e+00,-0.000000000000000000e+00,-0.000000000000000000e+00,-0.000000000000000000e+00,-7.086379757137378776e-01,-1.458400056282875834e-01,1.845029699853873106e+00,-0.000000000000000000e+00,-0.000000000000000000e+00,-0.000000000000000000e+00,-0.000000000000000000e+00,-1.374566011347442829e-01,-5.976148850968072967e-02,-0.000000000000000000e+00,-0.000000000000000000e+00,-0.000000000000000000e+00,-0.000000000000000000e+00,-0.000000000000000000e+00,-0.000000000000000000e+00,-0.000000000000000000e+00,-0.000000000000000000e+00
-3.780955388963456731e-01,-0.000000000000000000e+00,-4.541875190380493393e-02,0.000000000000000000e+00,-6.215984894982751197e-02,-0.000000000000000000e+00,-0.000000000000000000e+00,3.908664656973722881e-03,-7.274232971994459840e-02,0.000000000000000000e+00,0.000000000000000000e+00,0.000000000000000000e+00,0.000000000000000000e+00,-1.501744707985851746e-01,-0.000000000000000000e+00,0.000000000000000000e+00,-9.424310758795143017e-02,0.000000000000000000e+00,0.000000000000000000e+00,-0.000000000000000000e+00,-0.000000000000000000e+00,0.000000000000000000e+00,-0.000000000000000000e+00,-4.840979109102719509e-03,-0.000000000000000000e+00,2.201905660411746180e+00,-0.000000000000000000e+00,-0.000000000000000000e+00,-4.411271709424633980e-01,-3.392425518208766477e-01,-1.529747329472943285e-01,-0.000000000000000000e+00,-0.000000000000000000e+00,0.000000000000000000e+00,-2.509587518898453995e-01,0.000000000000000000e+00,-0.000000000000000000e+00,-3.159711925846569458e-01,0.000000000000000000e+00
0.000000000000000000e+00,-1.449518653783663791e-01,-1.407852211838453993e-01,-0.000000000000000000e+00,0.000000000000000000e+00,-5.835173888288546157e-04,2.233615933851878232e-01,1.005145500754860005e-01,-0.000000000000000000e+00,-0.000000000000000000e+00,-0.000000000000000000e+00,-4.947714935675785741e-02,2.126792564979463132e-02,-1.454035529510859515e-01,0.000000000000000000e+00,0.000000000000000000e+00,-0.000000000000000000e+00,-0.000000000000000000e+00,-0.000000000000000000e+00,-2.129304284197915398e-01,-2.473544718152003927e-02,-4.613171175250082440e-02,-0.000000000000000000e+00,-5.490559937580444944e-02,-0.000000000000000000e+00,-0.000000000000000000e+00,2.621709546810180314e+00,-9.462646334057012165e-02,-0.000000000000000000e+00,-0.000000000000000000e+00,0.000000000000000000e+00,-5.198402259055008301e-01,-4.838368840639191149e-01,0.000000000000000000e+00,-0.000000000000000000e+00,0.000000000000000000e+00,-5.178885185654634737e-01,0.000000000000000000e+00,-0.000000000000000000e+00
0.000000000000000000e+00,-2.308529974333965729e-02,-0.000000000000000000e+00,-1.146216083817105380e-01,0.000000000000000000e+00,-0.000000000000000000e+00,1.570861391534945084e-01,0.000000000000000000e+00,-0.000000000000000000e+00,-0.000000000000000000e+00,-2.646731154118770954e-02,-0.000000000000000000e+00,2.120648908515755937e-01,-0.000000000000000000e+00,0.000000000000000000e+00,0.000000000000000000e+00,-0.000000000000000000e+00,-0.000000000000000000e+00,-2.064576799133430868e-02,-5.156051151225280460e-01,-1.167141129571163394e-01,-0.000000000000000000e+00,-0.000000000000000000e+00,-0.000000000000000000e+00,-0.000000000000000000e+00,-0.000000000000000000e+00,-9.462646334057012165e-02,1.815994155192737436e+00,-0.000000000000000000e+00,0.000000000000000000e+00,0.000000000000000000e+00,-1.821809039032574740e-01,-0.000000000000000000e+00,0.000000000000000000e+00,-0.000000000000000000e+00,0.000000000000000000e+00,-2.754290581707982688e-01,0.000000000000000000e+00,-0.000000000000000000e+00
-3.510934204885791110e-01,-0.000000000000000000e+00,-0.000000000000000000e+00,0.000000000000000000e+00,-0.000000000000000000e+00,-3.158618504294150031e-01,-0.000000000000000000e+00,0.000000000000000000e+00,-0.000000000000000000e+00,0.000000000000000000e+00,-0.000000000000000000e+00,0.000000000000000000e+00,-0.000000000000000000e+00,-8.900547454790999624e-02,-0.000000000000000000e+00,0.000000000000000000e+00,-7.410002176188211324e-03,0.000000000000000000e+00,0.000000000000000000e+00,-0.000000000000000000e+00,-0.000000000000000000e+00,0.000000000000000000e+00,-0.000000000000000000e+00,-3.018094450119643835e-01,-0.000000000000000000e+00,-4.411271709424633980e-01,-0.000000000000000000e+00,-0.000000000000000000e+00,2.447511460644812065e+00,-1.766097813897758717e-01,-0.000000000000000000e+00,-0.000000000000000000e+00,-0.000000000000000000e+00,1.210520583774033973e-02,-7.712192711660149635e-01,0.000000000000000000e+00,-0.000000000000000000e+00,-0.000000000000000000e+00,0.000000000000000000e+00
-4.789768897169853212e-01,-0.000000000000000000e+00,-0.000000000000000000e+00,0.000000000000000000e+00,-2.748434921330408232e-01,-0.000000000000000000e+00,-9.889316887600348160e-02,0.000000000000000000e+00,-2.178632735510908913e-01,-0.000000000000000000e+00,0.000000000000000000e+00,0.000000000000000000e+00,-0.000000000000000000e+00,-0.000000000000000000e+00,-0.000000000000000000e+00,-0.000000000000000000e+00,-0.000000000000000000e+00,0.000000000000000000e+00,0.000000000000000000e+00,0.000000000000000000e+00,-0.000000000000000000e+00,0.000000000000000000e+00,-3.007286922703947263e-02,-0.000000000000000000e+00,-1.374566011347442829e-01,-3.392425518208766477e-01,-0.000000000000000000e+00,0.000000000000000000e+00,-1.766097813897758717e-01,2.118094588408400369e+00,-3.867362536678559115e-02,0.000000000000000000e+00,-0.000000000000000000e+00,0.000000000000000000e+00,-2.480527179861062859e-01,-0.000000000000000000e+00,-0.000000000000000000e+00,-2.852274026432753407e-01,0.000000000000000000e+00
-7.021046900275941527e-02,0.000000000000000000e+00,-1.050145602494369779e-01,0.000000000000000000e+00,-4.864117420626373200e-01,-0.000000000000000000e+00,-1.442669224412582163e-01,1.281886106824205729e-01,-0.000000000000000000e+00,-0.000000000000000000e+00,0.000000000000000000e+00,0.000000000000000000e+00,0.000000000000000000e+00,-0.000000000000000000e+00,0.000000000000000000e+00,0.000000000000000000e+00,-0.000000000000000000e+00,1.352383836088413283e-01,0.000000000000000000e+00,0.000000000000000000e+00,0.000000000000000000e+00,0.000000000000000000e+00,-1.010302139200484478e-01,-0.000000000000000000e+00,-5.976148850968072967e-02,-1.529747329472943285e-01,0.000000000000000000e+00,0.000000000000000000e+00,-0.000000000000000000e+00,-3.867362536678559115e-02,1.507627182449291503e+00,0.000000000000000000e+00,-0.000000000000000000e+00,-0.000000000000000000e+00,-0.000000000000000000e+00,-1.324122064501117857e-01,0.000000000000000000e+00,-0.000000000000000000e+00,0.000000000000000000e+00
0.000000000000000000e+00,-2.762151383244261238e-01,-0.000000000000000000e+00,-1.291016372974533762e-02,0.000000000000000000e+00,-1.171766822716374390e-01,1.842550847361649480e-01,0.000000000000000000e+00,-0.000000000000000000e+00,-0.000000000000000000e+00,-0.000000000000000000e+00,-7.530363928642071214e-02,0.000000000000000000e+00,-2.004542683386069737e-03,0.000000000000000000e+00,0.000000000000000000e+00,-1.766428538501324252e-01,-0.000000000000000000e+00,-0.000000000000000000e+00,-1.919149838050334955e-01,-1.120325353933114693e-01,-0.000000000000000000e+00,-0.000000000000000000e+00,-9.735422995085041276e-02,-0.000000000000000000e+00,-0.000000000000000000e+00,-5.198402259055008301e-01,-1.821809039032574740e-01,-0.000000000000000000e+00,0.000000000000000000e+00,0.000000000000000000e+00,2.743708447994162025e+00,-4.406418574110010922e-01,0.000000000000000000e+00,-0.000000000000000000e+00,0.000000000000000000e+00,-5.798536369952124181e-01,0.000000000000000000e+00,-0.000000000000000000e+00
0.000000000000000000e+00,-0.000000000000000000e+00,-1.623376421393202818e-01,-0.000000000000000000e+00,0.000000000000000000e+00,-9.709176829863383484e-02,0.000000000000000000e+00,2.272938452162601708e-01,-0.000000000000000000e+00,-0.000000000000000000e+00,-0.000000000000000000e+00,-0.000000000000000000e+00,0.000000000000000000e+00,-3.702256757902050704e-03,0.000000000000000000e+00,6.100695792512540738e-02,-1.151947842194419279e-02,0.000000000000000000e+00,-0.000000000000000000e+00,-1.690022985484896934e-01,-4.379536275548231994e-01,-3.401116176565107674e-01,-0.000000000000000000e+00,-1.250792539924632241e-01,-0.000000000000000000e+00,-0.000000000000000000e+00,-4.838368840639191149e-01,-0.000000000000000000e+00,-0.000000000000000000e+00,-0.000000000000000000e+00,-0.000000000000000000e+00,-4.406418574110010922e-01,2.724295027041331974e+00,0.000000000000000000e+00,-0.000000000000000000e+00,0.000000000000000000e+00,-4.162877743021208277e-01,0.000000000000000000e+00,-0.000000000000000000e+00
0.000000000000000000e+00,-0.000000000000000000e+00,-0.000000000000000000e+00,-0.000000000000000000e+00,-2.017680429804747655e-01,0.000000000000000000e+00,0.000000000000000000e+00,0.000000000000000000e+00,-0.000000000000000000e+00,-2.451167997209841853e-01,-0.000000000000000000e+00,-0.000000000000000000e+00,0.000000000000000000e+00,0.000000000000000000e+00,-0.000000000000000000e+00,-1.611708762545516205e-01,0.000000000000000000e+00,-3.244818894273571175e-01,-1.901943068340289922e-01,0.000000000000000000e+00,0.000000000000000000e+00,0.000000000000000000e+00,-0.000000000000000000e+00,0.000000000000000000e+00,-0.000000000000000000e+00,0.000000000000000000e+00,0.000000000000000000e+00,0.000000000000000000e+00,1.210520583774033973e-02,0.000000000000000000e+00,-0.000000000000000000e+00,0.000000000000000000e+00,0.000000000000000000e+00,1.396030117901726708e+00,1.362074630628114791e-01,-3.155626027416178619e-02,0.000000000000000000e+00,0.000000000000000000e+00,-9.603193349899291631e-02
-0.000000000000000000e+00,-0.000000000000000000e+00,-0.000000000000000000e+00,0.000000000000000000e+00,-0.000000000000000000e+00,-2.605183449182358335e-01,-0.000000000000000000e+00,7.418025928342335262e-02,-0.000000000000000000e+00,0.000000000000000000e+00,-0.000000000000000000e+00,0.000000000000000000e+00,-0.000000000000000000e+00,-9.410688431912254959e-02,0.000000000000000000e+00,1.868498503901475927e-01,-3.416880138197482542e-02,1.269544247385277214e-01,0.000000000000000000e+00,-0.000000000000000000e+00,-0.000000000000000000e+00,-0.000000000000000000e+00,-0.000000000000000000e+00,-3.615431701197885928e-01,-0.000000000000000000e+00,-2.509587518898453995e-01,-0.000000000000000000e+00,-0.000000000000000000e+00,-7.712192711660149635e-01,-2.480527179861062859e-01,-0.000000000000000000e+00,-0.000000000000000000e+00,-0.000000000000000000e+00,1.362074630628114791e-01,2.298755748661097886e+00,0.000000000000000000e+00,-0.000000000000000000e+00,-0.000000000000000000e+00,0.000000000000000000e+00
0.000000000000000000e+00,0.000000000000000000e+00,-0.000000000000000000e+00,0.000000000000000000e+00,-6.081896053846540771e-03,1.367755187992893695e-01,-0.000000000000000000e+00,0.000000000000000000e+00,0.000000000000000000e+00,-4.969351050251841900e-02,3.156893601290604312e-02,0.000000000000000000e+00,0.000000000000000000e+00,0.000000000000000000e+00,0.000000000000000000e+00,-7.662917416465601927e-02,0.000000000000000000e+00,0.000000000000000000e+00,0.000000000000000000e+00,1.080814838214926021e-01,0.000000000000000000e+00,0.000000000000000000e+00,-0.000000000000000000e+00,0.000000000000000000e+00,-0.000000000000000000e+00,0.000000000000000000e+00,0.000000000000000000e+00,0.000000000000000000e+00,0.000000000000000000e+00,-0.000000000000000000e+00,-1.324122064501117857e-01,0.000000000000000000e+00,0.000000000000000000e+00,-3.155626027416178619e-02,0.000000000000000000e+00,1.061234592805411880e+00,6.579245370496907518e-03,0.000000000000000000e+00,-0.000000000000000000e+00
0.000000000000000000e+00,-8.418415260213690798e-02,-9.748981340552324501e-03,-0.000000000000000000e+00,0.000000000000000000e+00,-2.323887806471466866e-01,2.382421121610865666e-02,6.747373573390687230e-04,-0.000000000000000000e+00,-0.000000000000000000e+00,-0.000000000000000000e+00,-0.000000000000000000e+00,0.000000000000000000e+00,-6.641945169155931417e-02,0.000000000000000000e+00,0.000000000000000000e+00,-4.715399179144671993e-02,-0.000000000000000000e+00,-0.000000000000000000e+00,-3.021821053179822858e-01,-1.385336895952953007e-01,-0.000000000000000000e+00,-0.000000000000000000e+00,-2.345627765895399730e-01,-0.000000000000000000e+00,-0.000000000000000000e+00,-5.178885185654634737e-01,-2.754290581707982688e-01,-0.000000000000000000e+00,-0.000000000000000000e+00,0.000000000000000000e+00,-5.798536369952124181e-01,-4.162877743021208277e-01,0.000000000000000000e+00,-0.000000000000000000e+00,6.579245370496907518e-03,2.783683581294705167e+00,0.000000000000000000e+00,-0.000000000000000000e+00
-7.296542116856743476e-01,-0.000000000000000000e+00,-0.000000000000000000e+00,0.000000000000000000e+00,-0.000000000000000000e+00,-0.000000000000000000e+00,-1.813396756562939416e-01,0.000000000000000000e+00,-0.000000000000000000e+00,0.000000000000000000e+00,0.000000000000000000e+00,3.363420909514945878e-01,-0.000000000000000000e+00,-0.000000000000000000e+00,-4.408386697648832009e-02,-0.000000000000000000e+00,-0.000000000000000000e+00,0.000000000000000000e+00,2.252262752617175678e-01,0.000000000000000000e+00,0.000000000000000000e+00,6.548273907227415876e-03,-0.000000000000000000e+00,-0.000000000000000000e+00,-0.000000000000000000e+00,-3.159711925846569458e-01,0.000000000000000000e+00,0.000000000000000000e+00,-0.000000000000000000e+00,-2.852274026432753407e-01,-0.000000000000000000e+00,0.000000000000000000e+00,0.000000000000000000e+00,0.000000000000000000e+00,-0.000000000000000000e+00,0.000000000000000000e+00,0.000000000000000000e+00,2.046317682175141428e+00,0.000000000000000000e+00
0.000000000000000000e+00,-5.520864601463658650e-01,-0.000000000000000000e+00,-4.452066691977489554e-02,-0.000000000000000000e+00,-0.000000000000000000e+00,1.395947454779400687e-01,0.000000000000000000e+00,-2.022521097983394911e-01,-3.270392912733691149e-01,-0.000000000000000000e+00,-2.574083336307340097e-01,1.042243729126094559e-01,-0.000000000000000000e+00,0.000000000000000000e+00,-0.000000000000000000e+00,-0.000000000000000000e+00,-0.000000000000000000e+00,-1.978169547435804088e-01,-0.000000000000000000e+00,-0.000000000000000000e+00,-0.000000000000000000e+00,-0.000000000000000000e+00,-0.000000000000000000e+00,-0.000000000000000000e+00,0.000000000000000000e+00,-0.000000000000000000e+00,-0.000000000000000000e+00,0.000000000000000000e+00,0.000000000000000000e+00,0.000000000000000000e+00,-0.000000000000000000e+00,-0.000000000000000000e+00,-9.603193349899291631e-02,0.000000000000000000e+00,-0.000000000000000000e+00,-0.000000000000000000e+00,0.000000000000000000e+00,1.798254420513131668e+00
