1.867363076175716063e+00,-8.429422376377722070e-01,-0.000000000000000000e+00,3.711157128701164098e-01,0.000000000000000000e+00,0.000000000000000000e+00,-0.000000000000000000e+00,0.000000000000000000e+00,-0.000000000000000000e+00,-1.082293321880603981e-01,-0.000000000000000000e+00,0.000000000000000000e+00,0.000000000000000000e+00,-0.000000000000000000e+00,0.000000000000000000e+00,-7.328490133605999879e-02,0.000000000000000000e+00,0.000000000000000000e+00,-0.000000000000000000e+00,-0.000000000000000000e+00,0.000000000000000000e+00,-0.000000000000000000e+00,-0.000000000000000000e+00,-0.000000000000000000e+00,-0.000000000000000000e+00,-6.308103404501270994e-02,-0.000000000000000000e+00,-0.000000000000000000e+00,-1.563149677282718308e-01,-3.095732866913606385e-01,-0.000000000000000000e+00,0.000000000000000000e+00,-0.000000000000000000e+00,0.000000000000000000e+00,-0.000000000000000000e+00,-6.216104429302078335e-03,-0.000000000000000000e+00,-0.000000000000000000e+00,-0.000000000000000000e+00
-8.429422376377722070e-01,1.758344482298946687e+00,-0.000000000000000000e+00,0.000000000000000000e+00,0.000000000000000000e+00,0.000000000000000000e+00,0.000000000000000000e+00,0.000000000000000000e+00,-0.000000000000000000e+00,-3.579506858882418596e-01,0.000000000000000000e+00,0.000000000000000000e+00,0.000000000000000000e+00,-0.000000000000000000e+00,-0.000000000000000000e+00,-0.000000000000000000e+00,0.000000000000000000e+00,-0.000000000000000000e+00,-0.000000000000000000e+00,-0.000000000000000000e+00,-0.000000000000000000e+00,-0.000000000000000000e+00,-0.000000000000000000e+00,0.000000000000000000e+00,-0.000000000000000000e+00,-1.277320170867381477e-01,-0.000000000000000000e+00,-0.000000000000000000e+00,-5.797595317488730970e-02,-9.040933207267712324e-02,-0.000000000000000000e+00,0.000000000000000000e+00,-0.000000000000000000e+00,-0.000000000000000000e+00,0.000000000000000000e+00,-0.000000000000000000e+00,0.000000000000000000e+00,-0.000000000000000000e+00,-2.808726396662012195e-02
-0.000000000000000000e+00,-0.000000000000000000e+00,2.966901392917841829e+00,0.000000000000000000e+00,-4.045517131006668432e-01,0.000000000000000000e+00,-0.000000000000000000e+00,1.305094263067158700e+00,-0.000000000000000000e+00,-4.142104372619991037e-02,0.000000000000000000e+00,-0.000000000000000000e+00,0.000000000000000000e+00,-0.000000000000000000e+00,-1.233672921496618141e-01,-8.693056066128991566e-02,3.794755114172221507e-03,-2.068450547483579594e-01,-6.872922724573829467e-02,-0.000000000000000000e+00,-4.666980262926606615e-01,-0.000000000000000000e+00,0.000000000000000000e+00,0.000000000000000000e+00,-0.000000000000000000e+00,-0.000000000000000000e+00,0.000000000000000000e+00,-2.433305039392430202e-01,-0.000000000000000000e+00,-5.889943091779847872e-02,-0.000000000000000000e+00,0.000000000000000000e+00,-1.301621321117064634e-01,-1.673660210675536886e-01,0.000000000000000000e+00,-0.000000000000000000e+00,0.000000000000000000e+00,-0.000000000000000000e+00,-0.000000000000000000e+00
3.711157128701164098e-01,0.000000000000000000e+00,0.000000000000000000e+00,1.833789527532230457e+00,-0.000000000000000000e+00,0.000000000000000000e+00,2.159049868323949795e-01,-0.000000000000000000e+00,-1.371282947428346943e-02,0.000000000000000000e+00,0.000000000000000000e+00,-4.903280389327197009e-01,1.215555757214587113e-01,-0.000000000000000000e+00,0.000000000000000000e+00,0.000000000000000000e+00,-0.000000000000000000e+00,-2.752124159781120863e-02,-0.000000000000000000e+00,0.000000000000000000e+00,-0.000000000000000000e+00,-0.000000000000000000e+00,-0.000000000000000000e+00,0.000000000000000000e+00,0.000000000000000000e+00,0.000000000000000000e+00,0.000000000000000000e+00,0.000000000000000000e+00,2.223772043361502970e-01,0.000000000000000000e+00,1.389460829690052079e-01,0.000000000000000000e+00,1.015433313545872629e-01,-0.000000000000000000e+00,3.020506545165965034e-02,3.065341781863740733e-01,0.000000000000000000e+00,-0.000000000000000000e+00,-0.000000000000000000e+00
0.000000000000000000e+00,0.000000000000000000e+00,-4.045517131006668432e-01,-0.000000000000000000e+00,1.896365038474964182e+00,0.000000000000000000e+00,0.000000000000000000e+00,2.217104707805098510e-02,-4.433584164288561363e-02,-0.000000000000000000e+00,0.000000000000000000e+00,-1.455542738482877296e-01,0.000000000000000000e+00,-5.245909298896350714e-01,-0.000000000000000000e+00,-0.000000000000000000e+00,0.000000000000000000e+00,-0.000000000000000000e+00,-2.878359375421271071e-01,-0.000000000000000000e+00,-0.000000000000000000e+00,-0.000000000000000000e+00,-0.000000000000000000e+00,-0.000000000000000000e+00,-0.000000000000000000e+00,-6.768182954712134713e-02,-0.000000000000000000e+00,-0.000000000000000000e+00,0.000000000000000000e+00,-7.860853351101773634e-03,-0.000000000000000000e+00,0.000000000000000000e+00,-5.766107826808673092e-02,-2.629182146910531426e-01,0.000000000000000000e+00,-0.000000000000000000e+00,0.000000000000000000e+00,-2.783363679732023255e-02,-0.000000000000000000e+00
0.000000000000000000e+00,0.000000000000000000e+00,0.000000000000000000e+00,0.000000000000000000e+00,0.000000000000000000e+00,1.694349267538879822e+00,-0.000000000000000000e+00,-0.000000000000000000e+00,0.000000000000000000e+00,0.000000000000000000e+00,-1.406155273823195551e-01,8.966376559946204194e-02,-0.000000000000000000e+00,0.000000000000000000e+00,2.516714892993615615e-01,9.613606473285864207e-02,-2.922127485934019053e-01,0.000000000000000000e+00,0.000000000000000000e+00,0.000000000000000000e+00,0.000000000000000000e+00,0.000000000000000000e+00,-0.000000000000000000e+00,-0.000000000000000000e+00,7.489497190790890546e-02,0.000000000000000000e+00,-0.000000000000000000e+00,0.000000000000000000e+00,-0.000000000000000000e+00,0.000000000000000000e+00,-0.000000000000000000e+00,-2.838433907963560654e-01,0.000000000000000000e+00,0.000000000000000000e+00,-0.000000000000000000e+00,-0.000000000000000000e+00,-2.150656748564732657e-01,0.000000000000000000e+00,0.000000000000000000e+00
-0.000000000000000000e+00,0.000000000000000000e+00,-0.000000000000000000e+00,2.159049868323949795e-01,0.000000000000000000e+00,-0.000000000000000000e+00,2.090193278577251679e+00,0.000000000000000000e+00,3.406586039303138164e-02,-0.000000000000000000e+00,-0.000000000000000000e+00,2.480274082647315470e-01,-5.196915992249487859e-01,1.812976983063525060e-01,0.000000000000000000e+00,-0.000000000000000000e+00,-0.000000000000000000e+00,0.000000000000000000e+00,0.000000000000000000e+00,-0.000000000000000000e+00,0.000000000000000000e+00,0.000000000000000000e+00,0.000000000000000000e+00,-0.000000000000000000e+00,0.000000000000000000e+00,0.000000000000000000e+00,-0.000000000000000000e+00,-1.376350566880536197e-01,-8.744001065892718916e-02,0.000000000000000000e+00,-4.054820360420880593e-02,-0.000000000000000000e+00,-1.645104799712930055e-01,0.000000000000000000e+00,-1.349992249563227997e-01,-2.141245140723299079e-01,-7.612141520245310593e-03,2.911033135201509525e-01,9.152178182510201099e-02
0.000000000000000000e+00,0.000000000000000000e+00,1.305094263067158700e+00,-0.000000000000000000e+00,2.217104707805098510e-02,-0.000000000000000000e+00,0.000000000000000000e+00,2.705630520035744446e+00,0.000000000000000000e+00,7.511828677531218190e-02,-0.000000000000000000e+00,0.000000000000000000e+00,0.000000000000000000e+00,0.000000000000000000e+00,0.000000000000000000e+00,0.000000000000000000e+00,-1.195848399694026953e-01,0.000000000000000000e+00,0.000000000000000000e+00,8.551328739936023271e-02,5.375013787916340657e-01,0.000000000000000000e+00,-0.000000000000000000e+00,-0.000000000000000000e+00,0.000000000000000000e+00,0.000000000000000000e+00,-0.000000000000000000e+00,1.362196825253284282e-01,0.000000000000000000e+00,7.046958155569826854e-02,0.000000000000000000e+00,-0.000000000000000000e+00,1.406533735221201509e-01,3.101309159189294395e-01,0.000000000000000000e+00,0.000000000000000000e+00,-0.000000000000000000e+00,0.000000000000000000e+00,0.000000000000000000e+00
-0.000000000000000000e+00,-0.000000000000000000e+00,-0.000000000000000000e+00,-1.371282947428346943e-02,-4.433584164288561363e-02,0.000000000000000000e+00,3.406586039303138164e-02,0.000000000000000000e+00,2.881989109198545673e+00,-0.000000000000000000e+00,2.393733561034672164e-01,-2.638630672167927016e-01,3.586562888352026746e-01,-2.466256408702047209e-01,-0.000000000000000000e+00,-0.000000000000000000e+00,0.000000000000000000e+00,-2.337044726611108847e-01,-0.000000000000000000e+00,-0.000000000000000000e+00,-0.000000000000000000e+00,-0.000000000000000000e+00,-0.000000000000000000e+00,0.000000000000000000e+00,-0.000000000000000000e+00,-0.000000000000000000e+00,0.000000000000000000e+00,0.000000000000000000e+00,0.000000000000000000e+00,-1.770937528458276788e-01,0.000000000000000000e+00,8.581689741130275884e-02,0.000000000000000000e+00,-9.538851672646694868e-02,2.783120875963158991e-02,0.000000000000000000e+00,0.000000000000000000e+00,-5.587981169480952248e-01,-7.223620193168250880e-01
-1.082293321880603981e-01,-3.579506858882418596e-01,-4.142104372619991037e-02,0.000000000000000000e+00,-0.000000000000000000e+00,0.000000000000000000e+00,-0.000000000000000000e+00,7.511828677531218190e-02,-0.000000000000000000e+00,2.294573715581774476e+00,0.000000000000000000e+00,-0.000000000000000000e+00,0.000000000000000000e+00,-0.000000000000000000e+00,-0.000000000000000000e+00,-7.066661760775463375e-01,0.000000000000000000e+00,-0.000000000000000000e+00,-0.000000000000000000e+00,-0.000000000000000000e+00,-0.000000000000000000e+00,-0.000000000000000000e+00,-0.000000000000000000e+00,-0.000000000000000000e+00,-4.845990990203169479e-01,-0.000000000000000000e+00,-0.000000000000000000e+00,-0.000000000000000000e+00,-0.000000000000000000e+00,-5.589262646469316254e-01,-1.362821428280106273e-01,0.000000000000000000e+00,-2.517443046154610106e-02,-0.000000000000000000e+00,0.000000000000000000e+00,-1.062177549748593991e-01,0.000000000000000000e+00,-0.000000000000000000e+00,-0.000000000000000000e+00
-0.000000000000000000e+00,0.000000000000000000e+00,0.000000000000000000e+00,0.000000000000000000e+00,0.000000000000000000e+00,-1.406155273823195551e-01,-0.000000000000000000e+00,-0.000000000000000000e+00,2.393733561034672164e-01,0.000000000000000000e+00,3.059036577208860130e+00,2.888549730975201735e-01,-1.071868593281519733e-01,2.439017894662862118e-02,1.496734407453323701e-01,0.000000000000000000e+00,-5.718781087716449107e-01,0.000000000000000000e+00,0.000000000000000000e+00,0.000000000000000000e+00,0.000000000000000000e+00,4.473946313145011483e-02,-0.000000000000000000e+00,-2.035461438338682233e-02,0.000000000000000000e+00,0.000000000000000000e+00,-1.768498709870755803e-01,0.000000000000000000e+00,-0.000000000000000000e+00,3.995874800057670068e-02,-0.000000000000000000e+00,-8.159614786913270690e-01,-0.000000000000000000e+00,2.185863794472496791e-01,-2.115547824114844336e-02,-0.000000000000000000e+00,-4.779174401050714227e-01,0.000000000000000000e+00,0.000000000000000000e+00
0.000000000000000000e+00,0.000000000000000000e+00,-0.000000000000000000e+00,-4.903280389327197009e-01,-1.455542738482877296e-01,8.966376559946204194e-02,2.480274082647315470e-01,0.000000000000000000e+00,-2.638630672167927016e-01,-0.000000000000000000e+00,2.888549730975201735e-01,2.370017047882686967e+00,0.000000000000000000e+00,-1.250374286234030852e-02,-3.392887035944429086e-01,-0.000000000000000000e+00,0.000000000000000000e+00,-1.978743895633167660e-01,-0.000000000000000000e+00,-0.000000000000000000e+00,-0.000000000000000000e+00,-2.317194572718641321e-01,-0.000000000000000000e+00,0.000000000000000000e+00,-0.000000000000000000e+00,-0.000000000000000000e+00,0.000000000000000000e+00,-0.000000000000000000e+00,5.206450539557831714e-02,-0.000000000000000000e+00,0.000000000000000000e+00,7.664905880775933766e-02,0.000000000000000000e+00,-1.169110679484940685e-01,1.835028431819104786e-02,0.000000000000000000e+00,4.824852384635713171e-02,-0.000000000000000000e+00,-0.000000000000000000e+00
0.000000000000000000e+00,0.000000000000000000e+00,0.000000000000000000e+00,1.215555757214587113e-01,0.000000000000000000e+00,-0.000000000000000000e+00,-5.196915992249487859e-01,0.000000000000000000e+00,3.586562888352026746e-01,0.000000000000000000e+00,-1.071868593281519733e-01,0.000000000000000000e+00,2.329533290637893828e+00,1.146741739657043541e-01,0.000000000000000000e+00,-0.000000000000000000e+00,-0.000000000000000000e+00,0.000000000000000000e+00,0.000000000000000000e+00,-0.000000000000000000e+00,-0.000000000000000000e+00,0.000000000000000000e+00,0.000000000000000000e+00,-0.000000000000000000e+00,0.000000000000000000e+00,0.000000000000000000e+00,-1.980353547062794484e-01,-0.000000000000000000e+00,-0.000000000000000000e+00,0.000000000000000000e+00,-5.997172403712002636e-02,-0.000000000000000000e+00,-3.393974148626554416e-02,0.000000000000000000e+00,-1.543941469148579215e-01,-0.000000000000000000e+00,-2.028496504947292223e-01,2.873693709387924455e-01,3.057803285003727889e-01
-0.000000000000000000e+00,-0.000000000000000000e+00,-0.000000000000000000e+00,-0.000000000000000000e+00,-5.245909298896350714e-01,0.000000000000000000e+00,1.812976983063525060e-01,0.000000000000000000e+00,-2.466256408702047209e-01,-0.000000000000000000e+00,2.439017894662862118e-02,-1.250374286234030852e-02,1.146741739657043541e-01,1.829930918784284266e+00,-0.000000000000000000e+00,-0.000000000000000000e+00,0.000000000000000000e+00,-0.000000000000000000e+00,-0.000000000000000000e+00,0.000000000000000000e+00,-0.000000000000000000e+00,-0.000000000000000000e+00,-1.082582017073091402e-01,0.000000000000000000e+00,-5.753978304705036767e-02,-1.457064696102853630e-03,0.000000000000000000e+00,-0.000000000000000000e+00,0.000000000000000000e+00,-1.776257704956053507e-01,0.000000000000000000e+00,0.000000000000000000e+00,-0.000000000000000000e+00,-2.277625492248634420e-01,0.000000000000000000e+00,0.000000000000000000e+00,0.000000000000000000e+00,-3.375911982418134533e-02,-1.149793237996262346e-01
0.000000000000000000e+00,-0.000000000000000000e+00,-1.233672921496618141e-01,0.000000000000000000e+00,-0.000000000000000000e+00,2.516714892993615615e-01,0.000000000000000000e+00,0.000000000000000000e+00,-0.000000000000000000e+00,-0.000000000000000000e+00,1.496734407453323701e-01,-3.392887035944429086e-01,0.000000000000000000e+00,-0.000000000000000000e+00,2.257989354446710895e+00,-1.575557382600977219e-01,5.122359428917587498e-02,-1.579338259753838847e-02,-0.000000000000000000e+00,-1.139386031342775329e-01,-0.000000000000000000e+00,-2.967054398094479128e-01,0.000000000000000000e+00,0.000000000000000000e+00,-0.000000000000000000e+00,-0.000000000000000000e+00,0.000000000000000000e+00,-7.221567288769009663e-02,0.000000000000000000e+00,-5.839160939268595030e-02,-0.000000000000000000e+00,2.947071856248216770e-01,-0.000000000000000000e+00,-4.455169676417435332e-01,0.000000000000000000e+00,-0.000000000000000000e+00,0.000000000000000000e+00,-0.000000000000000000e+00,-0.000000000000000000e+00
-7.328490133605999879e-02,-0.000000000000000000e+00,-8.693056066128991566e-02,0.000000000000000000e+00,-0.000000000000000000e+00,9.613606473285864207e-02,-0.000000000000000000e+00,0.000000000000000000e+00,-0.000000000000000000e+00,-7.066661760775463375e-01,0.000000000000000000e+00,-0.000000000000000000e+00,-0.000000000000000000e+00,-0.000000000000000000e+00,-1.575557382600977219e-01,1.971204013709606961e+00,2.090541933101761410e-02,-0.000000000000000000e+00,-2.604028465490866862e-01,-0.000000000000000000e+00,-0.000000000000000000e+00,-0.000000000000000000e+00,-0.000000000000000000e+00,0.000000000000000000e+00,-5.597056525222525447e-02,-7.560533858111248562e-02,-0.000000000000000000e+00,-1.661632851897753838e-01,0.000000000000000000e+00,-2.492120336240987999e-01,-0.000000000000000000e+00,0.000000000000000000e+00,-1.412250070371632027e-01,-0.000000000000000000e+00,0.000000000000000000e+00,-4.022589700669600837e-02,0.000000000000000000e+00,-0.000000000000000000e+00,-0.000000000000000000e+00
0.000000000000000000e+00,0.000000000000000000e+00,3.794755114172221507e-03,-0.000000000000000000e+00,0.000000000000000000e+00,-2.922127485934019053e-01,-0.000000000000000000e+00,-1.195848399694026953e-01,0.000000000000000000e+00,0.000000000000000000e+00,-5.718781087716449107e-01,0.000000000000000000e+00,-0.000000000000000000e+00,0.000000000000000000e+00,5.122359428917587498e-02,2.090541933101761410e-02,1.989694502555269029e+00,0.000000000000000000e+00,0.000000000000000000e+00,0.000000000000000000e+00,0.000000000000000000e+00,0.000000000000000000e+00,-1.604318538466848187e-01,-3.332875931897555377e-01,-0.000000000000000000e+00,0.000000000000000000e+00,-0.000000000000000000e+00,0.000000000000000000e+00,-2.690225836532666448e-01,0.000000000000000000e+00,-0.000000000000000000e+00,-1.358098843940860612e-01,-0.000000000000000000e+00,8.902875084031953989e-02,-2.453652928648467069e-02,0.000000000000000000e+00,-0.000000000000000000e+00,0.000000000000000000e+00,0.000000000000000000e+00
0.000000000000000000e+00,-0.000000000000000000e+00,-2.068450547483579594e-01,-2.752124159781120863e-02,-0.000000000000000000e+00,0.000000000000000000e+00,0.000000000000000000e+00,0.000000000000000000e+00,-2.337044726611108847e-01,-0.000000000000000000e+00,0.000000000000000000e+00,-1.978743895633167660e-01,0.000000000000000000e+00,-0.000000000000000000e+00,-1.579338259753838847e-02,-0.000000000000000000e+00,0.000000000000000000e+00,2.003866798544670758e+00,-6.181222437381598267e-01,-1.572368997927233890e-03,-8.069909881705789045e-02,-1.739245282312859853e-01,0.000000000000000000e+00,0.000000000000000000e+00,-0.000000000000000000e+00,-0.000000000000000000e+00,0.000000000000000000e+00,-0.000000000000000000e+00,0.000000000000000000e+00,-0.000000000000000000e+00,0.000000000000000000e+00,0.000000000000000000e+00,-0.000000000000000000e+00,-0.000000000000000000e+00,0.000000000000000000e+00,0.000000000000000000e+00,0.000000000000000000e+00,-1.691878800725288012e-01,-2.402993712595209719e-01
-0.000000000000000000e+00,-0.000000000000000000e+00,-6.872922724573829467e-02,-0.000000000000000000e+00,-2.878359375421271071e-01,0.000000000000000000e+00,0.000000000000000000e+00,0.000000000000000000e+00,-0.000000000000000000e+00,-0.000000000000000000e+00,0.000000000000000000e+00,-0.000000000000000000e+00,0.000000000000000000e+00,-0.000000000000000000e+00,-0.000000000000000000e+00,-2.604028465490866862e-01,0.000000000000000000e+00,-6.181222437381598267e-01,1.722609190397488499e+00,-0.000000000000000000e+00,-1.496686770907452169e-01,-0.000000000000000000e+00,-0.000000000000000000e+00,0.000000000000000000e+00,-0.000000000000000000e+00,-0.000000000000000000e+00,0.000000000000000000e+00,-0.000000000000000000e+00,0.000000000000000000e+00,-3.201540114925800068e-02,-0.000000000000000000e+00,0.000000000000000000e+00,-9.440168463302070490e-02,-0.000000000000000000e+00,0.000000000000000000e+00,0.000000000000000000e+00,0.000000000000000000e+00,-0.000000000000000000e+00,-5.436993959091498962e-02
-0.000000000000000000e+00,-0.000000000000000000e+00,-0.000000000000000000e+00,0.000000000000000000e+00,-0.000000000000000000e+00,0.000000000000000000e+00,-0.000000000000000000e+00,8.551328739936023271e-02,-0.000000000000000000e+00,-0.000000000000000000e+00,0.000000000000000000e+00,-0.000000000000000000e+00,-0.000000000000000000e+00,0.000000000000000000e+00,-1.139386031342775329e-01,-0.000000000000000000e+00,0.000000000000000000e+00,-1.572368997927233890e-03,-0.000000000000000000e+00,2.040899864919557327e+00,-5.305428218336224466e-01,-8.494072831291965553e-01,3.339235490380116911e-01,0.000000000000000000e+00,-0.000000000000000000e+00,0.000000000000000000e+00,-0.000000000000000000e+00,-0.000000000000000000e+00,-0.000000000000000000e+00,-0.000000000000000000e+00,-0.000000000000000000e+00,0.000000000000000000e+00,-0.000000000000000000e+00,-0.000000000000000000e+00,0.000000000000000000e+00,-0.000000000000000000e+00,0.000000000000000000e+00,0.000000000000000000e+00,0.000000000000000000e+00
0.000000000000000000e+00,-0.000000000000000000e+00,-4.666980262926606615e-01,-0.000000000000000000e+00,-0.000000000000000000e+00,0.000000000000000000e+00,0.000000000000000000e+00,5.375013787916340657e-01,-0.000000000000000000e+00,-0.000000000000000000e+00,0.000000000000000000e+00,-0.000000000000000000e+00,-0.000000000000000000e+00,-0.000000000000000000e+00,-0.000000000000000000e+00,-0.000000000000000000e+00,0.000000000000000000e+00,-8.069909881705789045e-02,-1.496686770907452169e-01,-5.305428218336224466e-01,2.241076557810987246e+00,-3.815195945614781592e-01,0.000000000000000000e+00,0.000000000000000000e+00,-0.000000000000000000e+00,0.000000000000000000e+00,0.000000000000000000e+00,-0.000000000000000000e+00,0.000000000000000000e+00,-0.000000000000000000e+00,-0.000000000000000000e+00,0.000000000000000000e+00,-0.000000000000000000e+00,-0.000000000000000000e+00,0.000000000000000000e+00,-0.000000000000000000e+00,0.000000000000000000e+00,-0.000000000000000000e+00,-0.000000000000000000e+00
-0.000000000000000000e+00,-0.000000000000000000e+00,-0.000000000000000000e+00,-0.000000000000000000e+00,-0.000000000000000000e+00,0.000000000000000000e+00,0.000000000000000000e+00,0.000000000000000000e+00,-0.000000000000000000e+00,-0.000000000000000000e+00,4.473946313145011483e-02,-2.317194572718641321e-01,0.000000000000000000e+00,-0.000000000000000000e+00,-2.967054398094479128e-01,-0.000000000000000000e+00,0.000000000000000000e+00,-1.739245282312859853e-01,-0.000000000000000000e+00,-8.494072831291965553e-01,-3.815195945614781592e-01,2.362456878066622856e+00,0.000000000000000000e+00,0.000000000000000000e+00,-0.000000000000000000e+00,0.000000000000000000e+00,0.000000000000000000e+00,-0.000000000000000000e+00,0.000000000000000000e+00,-0.000000000000000000e+00,0.000000000000000000e+00,2.890011260359782175e-01,-0.000000000000000000e+00,-5.947881430623220417e-02,0.000000000000000000e+00,-0.000000000000000000e+00,4.933985785906636751e-02,-0.000000000000000000e+00,-0.000000000000000000e+00
-0.000000000000000000e+00,-0.000000000000000000e+00,0.000000000000000000e+00,-0.000000000000000000e+00,-0.000000000000000000e+00,-0.000000000000000000e+00,0.000000000000000000e+00,-0.000000000000000000e+00,-0.000000000000000000e+00,-0.000000000000000000e+00,-0.000000000000000000e+00,-0.000000000000000000e+00,0.000000000000000000e+00,-1.082582017073091402e-01,0.000000000000000000e+00,-0.000000000000000000e+00,-1.604318538466848187e-01,0.000000000000000000e+00,-0.000000000000000000e+00,3.339235490380116911e-01,0.000000000000000000e+00,0.000000000000000000e+00,1.156976424803870307e+00,-8.046536318315583580e-02,-1.303246562197695191e-01,-5.603217371355066062e-02,-0.000000000000000000e+00,0.000000000000000000e+00,-0.000000000000000000e+00,-0.000000000000000000e+00,-0.000000000000000000e+00,-0.000000000000000000e+00,-0.000000000000000000e+00,0.000000000000000000e+00,-0.000000000000000000e+00,-0.000000000000000000e+00,-0.000000000000000000e+00,-3.509766485982190876e-02,-0.000000000000000000e+00
-0.000000000000000000e+00,0.000000000000000000e+00,0.000000000000000000e+00,0.000000000000000000e+00,-0.000000000000000000e+00,-0.000000000000000000e+00,-0.000000000000000000e+00,-0.000000000000000000e+00,0.000000000000000000e+00,-0.000000000000000000e+00,-2.035461438338682233e-02,0.000000000000000000e+00,-0.000000000000000000e+00,0.000000000000000000e+00,0.000000000000000000e+00,0.000000000000000000e+00,-3.332875931897555377e-01,0.000000000000000000e+00,0.000000000000000000e+00,0.000000000000000000e+00,0.000000000000000000e+00,0.000000000000000000e+00,-8.046536318315583580e-02,1.379953929927119516e+00,-0.000000000000000000e+00,-0.000000000000000000e+00,-0.000000000000000000e+00,-0.000000000000000000e+00,-2.450119597295075669e-01,-0.000000000000000000e+00,-9.062055040700714437e-02,-0.000000000000000000e+00,-4.913058744021477769e-02,0.000000000000000000e+00,-6.022804552832868724e-02,-0.000000000000000000e+00,-1.476280151235962179e-01,0.000000000000000000e+00,0.000000000000000000e+00
-0.000000000000000000e+00,-0.000000000000000000e+00,-0.000000000000000000e+00,0.000000000000000000e+00,-0.000000000000000000e+00,7.489497190790890546e-02,0.000000000000000000e+00,0.000000000000000000e+00,-0.000000000000000000e+00,-4.845990990203169479e-01,0.000000000000000000e+00,-0.000000000000000000e+00,0.000000000000000000e+00,-5.753978304705036767e-02,-0.000000000000000000e+00,-5.597056525222525447e-02,-0.000000000000000000e+00,-0.000000000000000000e+00,-0.000000000000000000e+00,-0.000000000000000000e+00,-0.000000000000000000e+00,-0.000000000000000000e+00,-1.303246562197695191e-01,-0.000000000000000000e+00,1.365703150180615166e+00,-0.000000000000000000e+00,-0.000000000000000000e+00,-0.000000000000000000e+00,-0.000000000000000000e+00,-9.932496706048080104e-02,-3.497186304925493927e-02,0.000000000000000000e+00,-4.468566055519242880e-02,-0.000000000000000000e+00,-0.000000000000000000e+00,-0.000000000000000000e+00,0.000000000000000000e+00,-0.000000000000000000e+00,-1.050079270025897210e-01
-6.308103404501270994e-02,-1.277320170867381477e-01,-0.000000000000000000e+00,0.000000000000000000e+00,-6.768182954712134713e-02,0.000000000000000000e+00,0.000000000000000000e+00,0.000000000000000000e+00,-0.000000000000000000e+00,-0.000000000000000000e+00,0.000000000000000000e+00,-0.000000000000000000e+00,0.000000000000000000e+00,-1.457064696102853630e-03,-0.000000000000000000e+00,-7.560533858111248562e-02,0.000000000000000000e+00,-0.000000000000000000e+00,-0.000000000000000000e+00,0.000000000000000000e+00,0.000000000000000000e+00,0.000000000000000000e+00,-5.603217371355066062e-02,-0.000000000000000000e+00,-0.000000000000000000e+00,1.439453437231716482e+00,-1.175127319755383815e-01,-5.924332831428165136e-01,-0.000000000000000000e+00,-1.019842251979855424e-01,-0.000000000000000000e+00,-0.000000000000000000e+00,-0.000000000000000000e+00,-0.000000000000000000e+00,-0.000000000000000000e+00,-0.000000000000000000e+00,-0.000000000000000000e+00,-0.000000000000000000e+00,-0.000000000000000000e+00
-0.000000000000000000e+00,-0.000000000000000000e+00,0.000000000000000000e+00,0.000000000000000000e+00,-0.000000000000000000e+00,-0.000000000000000000e+00,-0.000000000000000000e+00,-0.000000000000000000e+00,0.000000000000000000e+00,-0.000000000000000000e+00,-1.768498709870755803e-01,0.000000000000000000e+00,-1.980353547062794484e-01,0.000000000000000000e+00,0.000000000000000000e+00,-0.000000000000000000e+00,-0.000000000000000000e+00,0.000000000000000000e+00,0.000000000000000000e+00,-0.000000000000000000e+00,0.000000000000000000e+00,0.000000000000000000e+00,-0.000000000000000000e+00,-0.000000000000000000e+00,-0.000000000000000000e+00,-1.175127319755383815e-01,1.768637595501482807e+00,-1.293311800240830485e-02,-0.000000000000000000e+00,0.000000000000000000e+00,-9.112843974936986058e-01,-5.675539821991618800e-02,-0.000000000000000000e+00,0.000000000000000000e+00,-0.000000000000000000e+00,-0.000000000000000000e+00,-3.548938139562831523e-02,0.000000000000000000e+00,0.000000000000000000e+00
-0.000000000000000000e+00,-0.000000000000000000e+00,-2.433305039392430202e-01,0.000000000000000000e+00,-0.000000000000000000e+00,0.000000000000000000e+00,-1.376350566880536197e-01,1.362196825253284282e-01,0.000000000000000000e+00,-0.000000000000000000e+00,0.000000000000000000e+00,-0.000000000000000000e+00,-0.000000000000000000e+00,-0.000000000000000000e+00,-7.221567288769009663e-02,-1.661632851897753838e-01,0.000000000000000000e+00,-0.000000000000000000e+00,-0.000000000000000000e+00,-0.000000000000000000e+00,-0.000000000000000000e+00,-0.000000000000000000e+00,0.000000000000000000e+00,-0.000000000000000000e+00,-0.000000000000000000e+00,-5.924332831428165136e-01,-1.293311800240830485e-02,1.829564632768830634e+00,-0.000000000000000000e+00,-0.000000000000000000e+00,-1.641313263493541230e-01,-0.000000000000000000e+00,-3.658613972855691010e-01,-0.000000000000000000e+00,-4.978596975710562755e-02,-2.003932344911760755e-01,-0.000000000000000000e+00,0.000000000000000000e+00,0.000000000000000000e+00
-1.563149677282718308e-01,-5.797595317488730970e-02,-0.000000000000000000e+00,2.223772043361502970e-01,0.000000000000000000e+00,-0.000000000000000000e+00,-8.744001065892718916e-02,0.000000000000000000e+00,0.000000000000000000e+00,-0.000000000000000000e+00,-0.000000000000000000e+00,5.206450539557831714e-02,-0.000000000000000000e+00,0.000000000000000000e+00,0.000000000000000000e+00,0.000000000000000000e+00,-2.690225836532666448e-01,0.000000000000000000e+00,0.000000000000000000e+00,-0.000000000000000000e+00,0.000000000000000000e+00,0.000000000000000000e+00,-0.000000000000000000e+00,-2.450119597295075669e-01,-0.000000000000000000e+00,-0.000000000000000000e+00,-0.000000000000000000e+00,-0.000000000000000000e+00,1.817253592539234797e+00,-0.000000000000000000e+00,-1.011881748092719052e-01,-0.000000000000000000e+00,-0.000000000000000000e+00,0.000000000000000000e+00,-5.536755626363196736e-01,-0.000000000000000000e+00,-1.038809936913497045e-01,0.000000000000000000e+00,0.000000000000000000e+00
-3.095732866913606385e-01,-9.040933207267712324e-02,-5.889943091779847872e-02,0.000000000000000000e+00,-7.860853351101773634e-03,0.000000000000000000e+00,0.000000000000000000e+00,7.046958155569826854e-02,-1.770937528458276788e-01,-5.589262646469316254e-01,3.995874800057670068e-02,-0.000000000000000000e+00,0.000000000000000000e+00,-1.776257704956053507e-01,-5.839160939268595030e-02,-2.492120336240987999e-01,0.000000000000000000e+00,-0.000000000000000000e+00,-3.201540114925800068e-02,-0.000000000000000000e+00,-0.000000000000000000e+00,-0.000000000000000000e+00,-0.000000000000000000e+00,-0.000000000000000000e+00,-9.932496706048080104e-02,-1.019842251979855424e-01,0.000000000000000000e+00,-0.000000000000000000e+00,-0.000000000000000000e+00,2.197004499978965963e+00,-0.000000000000000000e+00,2.483812590523739594e-01,-0.000000000000000000e+00,-7.879028496945494897e-02,0.000000000000000000e+00,-0.000000000000000000e+00,0.000000000000000000e+00,-0.000000000000000000e+00,-2.311162412625012708e-01
-0.000000000000000000e+00,-0.000000000000000000e+00,-0.000000000000000000e+00,1.389460829690052079e-01,-0.000000000000000000e+00,-0.000000000000000000e+00,-4.054820360420880593e-02,0.000000000000000000e+00,0.000000000000000000e+00,-1.362821428280106273e-01,-0.000000000000000000e+00,0.000000000000000000e+00,-5.997172403712002636e-02,0.000000000000000000e+00,-0.000000000000000000e+00,-0.000000000000000000e+00,-0.000000000000000000e+00,0.000000000000000000e+00,-0.000000000000000000e+00,-0.000000000000000000e+00,-0.000000000000000000e+00,0.000000000000000000e+00,-0.000000000000000000e+00,-9.062055040700714437e-02,-3.497186304925493927e-02,-0.000000000000000000e+00,-9.112843974936986058e-01,-1.641313263493541230e-01,-1.011881748092719052e-01,-0.000000000000000000e+00,2.163532791293549806e+00,-0.000000000000000000e+00,-4.264261479811299882e-01,0.000000000000000000e+00,-1.256818712583187836e-01,-0.000000000000000000e+00,-2.206964844778284418e-01,0.000000000000000000e+00,0.000000000000000000e+00
0.000000000000000000e+00,0.000000000000000000e+00,0.000000000000000000e+00,0.000000000000000000e+00,0.000000000000000000e+00,-2.838433907963560654e-01,-0.000000000000000000e+00,-0.000000000000000000e+00,8.581689741130275884e-02,0.000000000000000000e+00,-8.159614786913270690e-01,7.664905880775933766e-02,-0.000000000000000000e+00,0.000000000000000000e+00,2.947071856248216770e-01,0.000000000000000000e+00,-1.358098843940860612e-01,0.000000000000000000e+00,0.000000000000000000e+00,0.000000000000000000e+00,0.000000000000000000e+00,2.890011260359782175e-01,-0.000000000000000000e+00,-0.000000000000000000e+00,0.000000000000000000e+00,-0.000000000000000000e+00,-5.675539821991618800e-02,-0.000000000000000000e+00,-0.000000000000000000e+00,2.483812590523739594e-01,-0.000000000000000000e+00,3.115131281050536050e+00,-0.000000000000000000e+00,2.524016939676370641e-01,-0.000000000000000000e+00,0.000000000000000000e+00,-8.302875096598746341e-01,0.000000000000000000e+00,0.000000000000000000e+00
-0.000000000000000000e+00,-0.000000000000000000e+00,-1.301621321117064634e-01,1.015433313545872629e-01,-5.766107826808673092e-02,0.000000000000000000e+00,-1.645104799712930055e-01,1.406533735221201509e-01,0.000000000000000000e+00,-2.517443046154610106e-02,-0.000000000000000000e+00,0.000000000000000000e+00,-3.393974148626554416e-02,-0.000000000000000000e+00,-0.000000000000000000e+00,-1.412250070371632027e-01,-0.000000000000000000e+00,-0.000000000000000000e+00,-9.440168463302070490e-02,-0.000000000000000000e+00,-0.000000000000000000e+00,-0.000000000000000000e+00,-0.000000000000000000e+00,-4.913058744021477769e-02,-4.468566055519242880e-02,-0.000000000000000000e+00,-0.000000000000000000e+00,-3.658613972855691010e-01,-0.000000000000000000e+00,-0.000000000000000000e+00,-4.264261479811299882e-01,-0.000000000000000000e+00,1.750041830417938149e+00,-0.000000000000000000e+00,-3.299576356939949440e-01,-2.094057492142118934e-02,-0.000000000000000000e+00,0.000000000000000000e+00,0.000000000000000000e+00
0.000000000000000000e+00,-0.000000000000000000e+00,-1.673660210675536886e-01,-0.000000000000000000e+00,-2.629182146910531426e-01,0.000000000000000000e+00,0.000000000000000000e+00,3.101309159189294395e-01,-9.538851672646694868e-02,-0.000000000000000000e+00,2.185863794472496791e-01,-1.169110679484940685e-01,0.000000000000000000e+00,-2.277625492248634420e-01,-4.455169676417435332e-01,-0.000000000000000000e+00,8.902875084031953989e-02,-0.000000000000000000e+00,-0.000000000000000000e+00,-0.000000000000000000e+00,-0.000000000000000000e+00,-5.947881430623220417e-02,0.000000000000000000e+00,0.000000000000000000e+00,-0.000000000000000000e+00,-0.000000000000000000e+00,0.000000000000000000e+00,-0.000000000000000000e+00,0.000000000000000000e+00,-7.879028496945494897e-02,0.000000000000000000e+00,2.524016939676370641e-01,-0.000000000000000000e+00,2.266009957688786436e+00,0.000000000000000000e+00,-0.000000000000000000e+00,0.000000000000000000e+00,-0.000000000000000000e+00,-0.000000000000000000e+00
-0.000000000000000000e+00,0.000000000000000000e+00,0.000000000000000000e+00,3.020506545165965034e-02,0.000000000000000000e+00,-0.000000000000000000e+00,-1.349992249563227997e-01,0.000000000000000000e+00,2.783120875963158991e-02,0.000000000000000000e+00,-2.115547824114844336e-02,1.835028431819104786e-02,-1.543941469148579215e-01,0.000000000000000000e+00,0.000000000000000000e+00,0.000000000000000000e+00,-2.453652928648467069e-02,0.000000000000000000e+00,0.000000000000000000e+00,0.000000000000000000e+00,0.000000000000000000e+00,0.000000000000000000e+00,-0.000000000000000000e+00,-6.022804552832868724e-02,-0.000000000000000000e+00,-0.000000000000000000e+00,-0.000000000000000000e+00,-4.978596975710562755e-02,-5.536755626363196736e-01,0.000000000000000000e+00,-1.256818712583187836e-01,-0.000000000000000000e+00,-3.299576356939949440e-01,0.000000000000000000e+00,2.011546307957649216e+00,-0.000000000000000000e+00,-5.229391326567781606e-01,0.000000000000000000e+00,0.000000000000000000e+00
-6.216104429302078335e-03,-0.000000000000000000e+00,-0.000000000000000000e+00,3.065341781863740733e-01,-0.000000000000000000e+00,-0.000000000000000000e+00,-2.141245140723299079e-01,0.000000000000000000e+00,0.000000000000000000e+00,-1.062177549748593991e-01,-0.000000000000000000e+00,0.000000000000000000e+00,-0.000000000000000000e+00,0.000000000000000000e+00,-0.000000000000000000e+00,-4.022589700669600837e-02,0.000000000000000000e+00,0.000000000000000000e+00,0.000000000000000000e+00,-0.000000000000000000e+00,-0.000000000000000000e+00,-0.000000000000000000e+00,-0.000000000000000000e+00,-0.000000000000000000e+00,-0.000000000000000000e+00,-0.000000000000000000e+00,-0.000000000000000000e+00,-2.003932344911760755e-01,-0.000000000000000000e+00,-0.000000000000000000e+00,-0.000000000000000000e+00,0.000000000000000000e+00,-2.094057492142118934e-02,-0.000000000000000000e+00,-0.000000000000000000e+00,1.265895648523395201e+00,-0.000000000000000000e+00,0.000000000000000000e+00,0.000000000000000000e+00
-0.000000000000000000e+00,0.000000000000000000e+00,0.000000000000000000e+00,0.000000000000000000e+00,0.000000000000000000e+00,-2.150656748564732657e-01,-7.612141520245310593e-03,-0.000000000000000000e+00,0.000000000000000000e+00,0.000000000000000000e+00,-4.779174401050714227e-01,4.824852384635713171e-02,-2.028496504947292223e-01,0.000000000000000000e+00,0.000000000000000000e+00,0.000000000000000000e+00,-0.000000000000000000e+00,0.000000000000000000e+00,0.000000000000000000e+00,0.000000000000000000e+00,0.000000000000000000e+00,4.933985785906636751e-02,-0.000000000000000000e+00,-1.476280151235962179e-01,0.000000000000000000e+00,-0.000000000000000000e+00,-3.548938139562831523e-02,-0.000000000000000000e+00,-1.038809936913497045e-01,0.000000000000000000e+00,-2.206964844778284418e-01,-8.302875096598746341e-01,-0.000000000000000000e+00,0.000000000000000000e+00,-5.229391326567781606e-01,-0.000000000000000000e+00,2.672650064646193258e+00,0.000000000000000000e+00,0.000000000000000000e+00
-0.000000000000000000e+00,-0.000000000000000000e+00,-0.000000000000000000e+00,-0.000000000000000000e+00,-2.783363679732023255e-02,0.000000000000000000e+00,2.911033135201509525e-01,0.000000000000000000e+00,-5.587981169480952248e-01,-0.000000000000000000e+00,0.000000000000000000e+00,-0.000000000000000000e+00,2.873693709387924455e-01,-3.375911982418134533e-02,-0.000000000000000000e+00,-0.000000000000000000e+00,0.000000000000000000e+00,-1.691878800725288012e-01,-0.000000000000000000e+00,0.000000000000000000e+00,-0.000000000000000000e+00,-0.000000000000000000e+00,-3.509766485982190876e-02,0.000000000000000000e+00,-0.000000000000000000e+00,-0.000000000000000000e+00,0.000000000000000000e+00,0.000000000000000000e+00,0.000000000000000000e+00,-0.000000000000000000e+00,0.000000000000000000e+00,0.000000000000000000e+00,0.000000000000000000e+00,-0.000000000000000000e+00,0.000000000000000000e+00,0.000000000000000000e+00,0.000000000000000000e+00,2.469866567107192878e+00,-9.387192409030126194e-01
-0.000000000000000000e+00,-2.808726396662012195e-02,-0.000000000000000000e+00,-0.000000000000000000e+00,-0.000000000000000000e+00,0.000000000000000000e+00,9.152178182510201099e-02,0.000000000000000000e+00,-7.223620193168250880e-01,-0.000000000000000000e+00,0.000000000000000000e+00,-0.000000000000000000e+00,3.057803285003727889e-01,-1.149793237996262346e-01,-0.000000000000000000e+00,-0.000000000000000000e+00,0.000000000000000000e+00,-2.402993712595209719e-01,-5.436993959091498962e-02,0.000000000000000000e+00,-0.000000000000000000e+00,-0.000000000000000000e+00,-0.000000000000000000e+00,0.000000000000000000e+00,-1.050079270025897210e-01,-0.000000000000000000e+00,0.000000000000000000e+00,0.000000000000000000e+00,0.000000000000000000e+00,-2.311162412625012708e-01,0.000000000000000000e+00,0.000000000000000000e+00,0.000000000000000000e+00,-0.000000000000000000e+00,0.000000000000000000e+00,0.000000000000000000e+00,0.000000000000000000e+00,-9.387192409030126194e-01,2.738627120433160478e+00
