1.916125322848778234e+00,-3.277447480730651952e-01,-0.000000000000000000e+00,0.000000000000000000e+00,-1.876054074147293915e-01,0.000000000000000000e+00,-0.000000000000000000e+00,0.000000000000000000e+00,-3.298512161159630751e-01,-4.547035886294147899e-01,-0.000000000000000000e+00,-0.000000000000000000e+00,0.000000000000000000e+00,-0.000000000000000000e+00,-0.000000000000000000e+00,-1.529472163031828091e-01,-0.000000000000000000e+00,-0.000000000000000000e+00,-0.000000000000000000e+00,-0.000000000000000000e+00,-0.000000000000000000e+00,-3.989986801462794969e-02,-0.000000000000000000e+00,-0.000000000000000000e+00,-1.138856503457179531e-03,-1.438494690971848788e-01,-0.000000000000000000e+00,-0.000000000000000000e+00,-4.032309891476756891e-02,-1.525410786149715980e-01,-0.000000000000000000e+00,-0.000000000000000000e+00,-0.000000000000000000e+00,-0.000000000000000000e+00,-0.000000000000000000e+00,-0.000000000000000000e+00,0.000000000000000000e+00,-0.000000000000000000e+00,-0.000000000000000000e+00
-3.277447480730651952e-01,1.802659961395055577e+00,-0.000000000000000000e+00,0.000000000000000000e+00,-1.138966928424950814e-01,0.000000000000000000e+00,0.000000000000000000e+00,0.000000000000000000e+00,-3.128161738629898769e-01,-3.400431451906490987e-01,0.000000000000000000e+00,-0.000000000000000000e+00,0.000000000000000000e+00,-0.000000000000000000e+00,-0.000000000000000000e+00,-0.000000000000000000e+00,-0.000000000000000000e+00,-0.000000000000000000e+00,-0.000000000000000000e+00,-0.000000000000000000e+00,-0.000000000000000000e+00,-9.273618870573438477e-02,-0.000000000000000000e+00,-0.000000000000000000e+00,-0.000000000000000000e+00,-0.000000000000000000e+00,-0.000000000000000000e+00,-0.000000000000000000e+00,-0.000000000000000000e+00,-2.853962868284841137e-01,-0.000000000000000000e+00,-0.000000000000000000e+00,-0.000000000000000000e+00,-0.000000000000000000e+00,-0.000000000000000000e+00,-0.000000000000000000e+00,-0.000000000000000000e+00,-1.639127135288915849e-01,-1.807738881724905988e-02
-0.000000000000000000e+00,-0.000000000000000000e+00,2.614620128461721649e+00,0.000000000000000000e+00,-2.060671985695765873e-01,0.000000000000000000e+00,-0.000000000000000000e+00,8.066985783652714792e-01,-0.000000000000000000e+00,-0.000000000000000000e+00,-0.000000000000000000e+00,-0.000000000000000000e+00,0.000000000000000000e+00,-2.674359380528934862e-02,-0.000000000000000000e+00,-0.000000000000000000e+00,-0.000000000000000000e+00,-2.013111685264320772e-01,-5.759419841119804706e-02,-0.000000000000000000e+00,-5.281845114999151880e-01,-0.000000000000000000e+00,0.000000000000000000e+00,0.000000000000000000e+00,-0.000000000000000000e+00,-9.409101444581335905e-02,-5.494079672287789651e-02,-1.571055094480870440e-01,-0.000000000000000000e+00,-0.000000000000000000e+00,-2.596091517997488052e-01,0.000000000000000000e+00,-0.000000000000000000e+00,-3.389334826297197845e-01,-0.000000000000000000e+00,-0.000000000000000000e+00,0.000000000000000000e+00,-0.000000000000000000e+00,-0.000000000000000000e+00
0.000000000000000000e+00,0.000000000000000000e+00,0.000000000000000000e+00,1.473858621696292115e+00,-0.000000000000000000e+00,-8.750204227940515389e-02,0.000000000000000000e+00,0.000000000000000000e+00,-0.000000000000000000e+00,0.000000000000000000e+00,0.000000000000000000e+00,2.245695427042350700e-01,0.000000000000000000e+00,-0.000000000000000000e+00,4.618111511919275602e-01,0.000000000000000000e+00,-0.000000000000000000e+00,0.000000000000000000e+00,0.000000000000000000e+00,1.022000095243619094e-01,0.000000000000000000e+00,-0.000000000000000000e+00,-0.000000000000000000e+00,-1.306848746287514740e-01,-0.000000000000000000e+00,2.330598913128425001e-02,0.000000000000000000e+00,0.000000000000000000e+00,-0.000000000000000000e+00,-0.000000000000000000e+00,-0.000000000000000000e+00,-0.000000000000000000e+00,-0.000000000000000000e+00,0.000000000000000000e+00,0.000000000000000000e+00,0.000000000000000000e+00,-0.000000000000000000e+00,0.000000000000000000e+00,0.000000000000000000e+00
-1.876054074147293915e-01,-1.138966928424950814e-01,-2.060671985695765873e-01,-0.000000000000000000e+00,2.086276393167797227e+00,-0.000000000000000000e+00,-0.000000000000000000e+00,6.001682763309807989e-01,-1.679023723384157618e-01,-2.470579133713391717e-01,0.000000000000000000e+00,-0.000000000000000000e+00,3.626913017227535209e-03,-2.963981753316285439e-01,0.000000000000000000e+00,-0.000000000000000000e+00,-0.000000000000000000e+00,-0.000000000000000000e+00,-0.000000000000000000e+00,0.000000000000000000e+00,-0.000000000000000000e+00,-0.000000000000000000e+00,-0.000000000000000000e+00,-0.000000000000000000e+00,-0.000000000000000000e+00,-0.000000000000000000e+00,-0.000000000000000000e+00,-0.000000000000000000e+00,-7.155897588320740688e-02,-1.135217341204235036e-01,-0.000000000000000000e+00,-0.000000000000000000e+00,-0.000000000000000000e+00,-1.132448053789634201e-01,0.000000000000000000e+00,-0.000000000000000000e+00,0.000000000000000000e+00,-3.559606308093050259e-02,-0.000000000000000000e+00
0.000000000000000000e+00,0.000000000000000000e+00,0.000000000000000000e+00,-8.750204227940515389e-02,-0.000000000000000000e+00,2.738027946551111036e+00,1.453996131937781711e-01,-0.000000000000000000e+00,0.000000000000000000e+00,0.000000000000000000e+00,3.151528777855016478e-02,3.124825045609208596e-01,0.000000000000000000e+00,0.000000000000000000e+00,1.843274396671311932e-01,1.658333626352465062e-01,-0.000000000000000000e+00,0.000000000000000000e+00,0.000000000000000000e+00,3.843849406087030407e-01,2.404644259342420265e-01,-0.000000000000000000e+00,-5.210271352334288064e-01,-2.958632368836475734e-01,-0.000000000000000000e+00,0.000000000000000000e+00,0.000000000000000000e+00,0.000000000000000000e+00,-0.000000000000000000e+00,-0.000000000000000000e+00,-0.000000000000000000e+00,-6.503307029878617473e-02,-0.000000000000000000e+00,0.000000000000000000e+00,-0.000000000000000000e+00,1.055078681146375125e-01,-5.506056607968656813e-01,0.000000000000000000e+00,1.371486013336614684e-02
-0.000000000000000000e+00,0.000000000000000000e+00,-0.000000000000000000e+00,0.000000000000000000e+00,-0.000000000000000000e+00,1.453996131937781711e-01,1.500256660847378409e+00,0.000000000000000000e+00,-0.000000000000000000e+00,-0.000000000000000000e+00,-1.388678110064137383e-01,-0.000000000000000000e+00,-0.000000000000000000e+00,-0.000000000000000000e+00,-0.000000000000000000e+00,-1.292127081065870542e-01,-0.000000000000000000e+00,-0.000000000000000000e+00,-8.658498272311149213e-02,-1.494261616614371568e-01,-9.405932638500995313e-02,-0.000000000000000000e+00,0.000000000000000000e+00,0.000000000000000000e+00,0.000000000000000000e+00,-0.000000000000000000e+00,-0.000000000000000000e+00,-2.606685134088084221e-01,0.000000000000000000e+00,0.000000000000000000e+00,-0.000000000000000000e+00,0.000000000000000000e+00,8.846308610945312345e-02,-0.000000000000000000e+00,0.000000000000000000e+00,-1.326656617185108522e-01,2.360839078459832374e-02,-0.000000000000000000e+00,-0.000000000000000000e+00
0.000000000000000000e+00,0.000000000000000000e+00,8.066985783652714792e-01,0.000000000000000000e+00,6.001682763309807989e-01,-0.000000000000000000e+00,0.000000000000000000e+00,2.423421023612579273e+00,0.000000000000000000e+00,0.000000000000000000e+00,-0.000000000000000000e+00,-0.000000000000000000e+00,-2.070545572976195126e-01,8.323603440296835354e-02,-0.000000000000000000e+00,0.000000000000000000e+00,0.000000000000000000e+00,1.567310798654440451e-01,0.000000000000000000e+00,-0.000000000000000000e+00,0.000000000000000000e+00,0.000000000000000000e+00,0.000000000000000000e+00,0.000000000000000000e+00,0.000000000000000000e+00,0.000000000000000000e+00,0.000000000000000000e+00,0.000000000000000000e+00,0.000000000000000000e+00,0.000000000000000000e+00,4.094518008747136673e-01,0.000000000000000000e+00,0.000000000000000000e+00,1.635842786699659435e-01,0.000000000000000000e+00,0.000000000000000000e+00,-0.000000000000000000e+00,1.893234799048248637e-02,0.000000000000000000e+00
-3.298512161159630751e-01,-3.128161738629898769e-01,-0.000000000000000000e+00,-0.000000000000000000e+00,-1.679023723384157618e-01,0.000000000000000000e+00,-0.000000000000000000e+00,0.000000000000000000e+00,2.049654473735863736e+00,-3.342259870164289715e-01,0.000000000000000000e+00,-0.000000000000000000e+00,3.575874130930532108e-02,-1.986929287075325512e-01,-0.000000000000000000e+00,-0.000000000000000000e+00,-0.000000000000000000e+00,-2.008437474443436691e-02,-7.350831052133058319e-02,0.000000000000000000e+00,-0.000000000000000000e+00,-0.000000000000000000e+00,-0.000000000000000000e+00,-0.000000000000000000e+00,-0.000000000000000000e+00,-0.000000000000000000e+00,-9.274865062157129636e-02,-0.000000000000000000e+00,-4.666324285928678817e-02,-2.494165658588915757e-01,-0.000000000000000000e+00,-0.000000000000000000e+00,-6.868941290570010696e-03,-0.000000000000000000e+00,-0.000000000000000000e+00,-0.000000000000000000e+00,-0.000000000000000000e+00,-2.992923244796162341e-01,-0.000000000000000000e+00
-4.547035886294147899e-01,-3.400431451906490987e-01,-0.000000000000000000e+00,0.000000000000000000e+00,-2.470579133713391717e-01,0.000000000000000000e+00,-0.000000000000000000e+00,0.000000000000000000e+00,-3.342259870164289715e-01,2.266097829546737774e+00,-0.000000000000000000e+00,-0.000000000000000000e+00,0.000000000000000000e+00,-4.559020229667217860e-04,-0.000000000000000000e+00,-3.083571056175720693e-01,-0.000000000000000000e+00,-0.000000000000000000e+00,-0.000000000000000000e+00,-0.000000000000000000e+00,-0.000000000000000000e+00,-0.000000000000000000e+00,-0.000000000000000000e+00,-0.000000000000000000e+00,-0.000000000000000000e+00,-0.000000000000000000e+00,-1.846317895956900990e-01,-0.000000000000000000e+00,-0.000000000000000000e+00,-4.077922065307828525e-01,-0.000000000000000000e+00,-0.000000000000000000e+00,-6.649303314936904317e-03,-0.000000000000000000e+00,-0.000000000000000000e+00,-0.000000000000000000e+00,0.000000000000000000e+00,-1.107312671964839623e-01,-0.000000000000000000e+00
-0.000000000000000000e+00,0.000000000000000000e+00,-0.000000000000000000e+00,0.000000000000000000e+00,0.000000000000000000e+00,3.151528777855016478e-02,-1.388678110064137383e-01,-0.000000000000000000e+00,0.000000000000000000e+00,-0.000000000000000000e+00,1.478138281457988645e+00,-4.308425180800404958e-02,-0.000000000000000000e+00,-0.000000000000000000e+00,-2.096972196232874119e-01,-0.000000000000000000e+00,-2.731062113376302447e-01,-0.000000000000000000e+00,-1.377412585175300241e-01,-4.011176530602362789e-01,-0.000000000000000000e+00,0.000000000000000000e+00,0.000000000000000000e+00,0.000000000000000000e+00,0.000000000000000000e+00,-6.231320658541966880e-03,-0.000000000000000000e+00,-4.771702880267054969e-02,-0.000000000000000000e+00,0.000000000000000000e+00,0.000000000000000000e+00,-0.000000000000000000e+00,0.000000000000000000e+00,-0.000000000000000000e+00,-0.000000000000000000e+00,-0.000000000000000000e+00,0.000000000000000000e+00,0.000000000000000000e+00,-0.000000000000000000e+00
-0.000000000000000000e+00,-0.000000000000000000e+00,-0.000000000000000000e+00,2.245695427042350700e-01,-0.000000000000000000e+00,3.124825045609208596e-01,-0.000000000000000000e+00,-0.000000000000000000e+00,-0.000000000000000000e+00,-0.000000000000000000e+00,-4.308425180800404958e-02,2.327379656963211918e+00,-0.000000000000000000e+00,-0.000000000000000000e+00,-7.127423946176938419e-01,-0.000000000000000000e+00,-0.000000000000000000e+00,-0.000000000000000000e+00,-1.927873770036222512e-01,-1.531473000146135188e-01,-2.553151344720475460e-02,-0.000000000000000000e+00,1.336280282725829383e-01,4.284405976162323354e-02,0.000000000000000000e+00,-6.972017245762152093e-02,-0.000000000000000000e+00,-1.349603607084236823e-01,0.000000000000000000e+00,0.000000000000000000e+00,0.000000000000000000e+00,0.000000000000000000e+00,0.000000000000000000e+00,-0.000000000000000000e+00,0.000000000000000000e+00,-1.459281281750612336e-01,2.692207849347602946e-02,-0.000000000000000000e+00,-2.306708000063088237e-01
0.000000000000000000e+00,0.000000000000000000e+00,0.000000000000000000e+00,0.000000000000000000e+00,3.626913017227535209e-03,0.000000000000000000e+00,-0.000000000000000000e+00,-2.070545572976195126e-01,3.575874130930532108e-02,0.000000000000000000e+00,-0.000000000000000000e+00,-0.000000000000000000e+00,1.454199024845591159e+00,0.000000000000000000e+00,-0.000000000000000000e+00,-0.000000000000000000e+00,0.000000000000000000e+00,0.000000000000000000e+00,0.000000000000000000e+00,-0.000000000000000000e+00,0.000000000000000000e+00,-0.000000000000000000e+00,0.000000000000000000e+00,0.000000000000000000e+00,-0.000000000000000000e+00,0.000000000000000000e+00,0.000000000000000000e+00,-0.000000000000000000e+00,0.000000000000000000e+00,0.000000000000000000e+00,6.445172850070699511e-01,0.000000000000000000e+00,1.399809113015640094e-01,0.000000000000000000e+00,3.607243412738376370e-02,-0.000000000000000000e+00,0.000000000000000000e+00,0.000000000000000000e+00,0.000000000000000000e+00
-0.000000000000000000e+00,-0.000000000000000000e+00,-2.674359380528934862e-02,-0.000000000000000000e+00,-2.963981753316285439e-01,0.000000000000000000e+00,-0.000000000000000000e+00,8.323603440296835354e-02,-1.986929287075325512e-01,-4.559020229667217860e-04,-0.000000000000000000e+00,-0.000000000000000000e+00,0.000000000000000000e+00,1.543519640821662930e+00,-0.000000000000000000e+00,-0.000000000000000000e+00,-0.000000000000000000e+00,-2.738384413372329726e-02,-0.000000000000000000e+00,0.000000000000000000e+00,-0.000000000000000000e+00,0.000000000000000000e+00,-0.000000000000000000e+00,-0.000000000000000000e+00,-0.000000000000000000e+00,-0.000000000000000000e+00,-0.000000000000000000e+00,-0.000000000000000000e+00,-0.000000000000000000e+00,-0.000000000000000000e+00,-2.070563733485017988e-01,-0.000000000000000000e+00,-1.963800647496107346e-02,-3.329441435643045177e-01,0.000000000000000000e+00,-0.000000000000000000e+00,0.000000000000000000e+00,-5.771265863642140170e-02,-0.000000000000000000e+00
-0.000000000000000000e+00,-0.000000000000000000e+00,-0.000000000000000000e+00,4.618111511919275602e-01,0.000000000000000000e+00,1.843274396671311932e-01,-0.000000000000000000e+00,-0.000000000000000000e+00,-0.000000000000000000e+00,-0.000000000000000000e+00,-2.096972196232874119e-01,-7.127423946176938419e-01,-0.000000000000000000e+00,-0.000000000000000000e+00,2.216654707874217145e+00,-0.000000000000000000e+00,-0.000000000000000000e+00,-0.000000000000000000e+00,-1.302577946695329392e-01,-1.672082456802052308e-01,-0.000000000000000000e+00,0.000000000000000000e+00,1.015085103750272694e-01,0.000000000000000000e+00,0.000000000000000000e+00,-1.410475347229791787e-01,-0.000000000000000000e+00,-0.000000000000000000e+00,-0.000000000000000000e+00,0.000000000000000000e+00,0.000000000000000000e+00,0.000000000000000000e+00,0.000000000000000000e+00,-0.000000000000000000e+00,0.000000000000000000e+00,-1.360460917434019590e-01,2.173342338347985028e-02,-0.000000000000000000e+00,-0.000000000000000000e+00
-1.529472163031828091e-01,-0.000000000000000000e+00,-0.000000000000000000e+00,0.000000000000000000e+00,-0.000000000000000000e+00,1.658333626352465062e-01,-1.292127081065870542e-01,0.000000000000000000e+00,-0.000000000000000000e+00,-3.083571056175720693e-01,-0.000000000000000000e+00,-0.000000000000000000e+00,-0.000000000000000000e+00,-0.000000000000000000e+00,-0.000000000000000000e+00,1.922567161021600857e+00,-0.000000000000000000e+00,-0.000000000000000000e+00,-0.000000000000000000e+00,-0.000000000000000000e+00,-0.000000000000000000e+00,-0.000000000000000000e+00,0.000000000000000000e+00,0.000000000000000000e+00,-0.000000000000000000e+00,-1.539391849369829701e-01,-7.146453655131437821e-02,-3.448453770581028088e-01,-0.000000000000000000e+00,-0.000000000000000000e+00,-0.000000000000000000e+00,0.000000000000000000e+00,0.000000000000000000e+00,-2.447832197466449089e-01,0.000000000000000000e+00,-1.773212383549818139e-01,3.405126514249827430e-02,-0.000000000000000000e+00,-1.519607406004543915e-01
-0.000000000000000000e+00,-0.000000000000000000e+00,-0.000000000000000000e+00,-0.000000000000000000e+00,-0.000000000000000000e+00,-0.000000000000000000e+00,-0.000000000000000000e+00,0.000000000000000000e+00,-0.000000000000000000e+00,-0.000000000000000000e+00,-2.731062113376302447e-01,-0.000000000000000000e+00,0.000000000000000000e+00,-0.000000000000000000e+00,-0.000000000000000000e+00,-0.000000000000000000e+00,1.311351923687046561e+00,-0.000000000000000000e+00,-0.000000000000000000e+00,-0.000000000000000000e+00,-0.000000000000000000e+00,-0.000000000000000000e+00,-0.000000000000000000e+00,-0.000000000000000000e+00,-0.000000000000000000e+00,-6.353266623687457704e-02,-0.000000000000000000e+00,-0.000000000000000000e+00,-4.851245040015988996e-01,-0.000000000000000000e+00,-1.848248009230932937e-02,-6.484483031575703771e-02,-0.000000000000000000e+00,-0.000000000000000000e+00,-1.370543328855443332e-01,-0.000000000000000000e+00,-0.000000000000000000e+00,-0.000000000000000000e+00,-0.000000000000000000e+00
-0.000000000000000000e+00,-0.000000000000000000e+00,-2.013111685264320772e-01,0.000000000000000000e+00,-0.000000000000000000e+00,0.000000000000000000e+00,-0.000000000000000000e+00,1.567310798654440451e-01,-2.008437474443436691e-02,-0.000000000000000000e+00,-0.000000000000000000e+00,-0.000000000000000000e+00,0.000000000000000000e+00,-2.738384413372329726e-02,-0.000000000000000000e+00,-0.000000000000000000e+00,-0.000000000000000000e+00,1.689894941457156685e+00,-9.733531620675811569e-02,-0.000000000000000000e+00,-5.383880079125361040e-02,-0.000000000000000000e+00,0.000000000000000000e+00,0.000000000000000000e+00,-0.000000000000000000e+00,-2.067033668774694022e-01,-5.311512091842503225e-02,-0.000000000000000000e+00,-0.000000000000000000e+00,-0.000000000000000000e+00,-1.544572769338574958e-01,0.000000000000000000e+00,-0.000000000000000000e+00,-2.611170750971926746e-01,-0.000000000000000000e+00,-0.000000000000000000e+00,0.000000000000000000e+00,-0.000000000000000000e+00,-2.461431045818469054e-01
-0.000000000000000000e+00,-0.000000000000000000e+00,-5.759419841119804706e-02,0.000000000000000000e+00,-0.000000000000000000e+00,0.000000000000000000e+00,-8.658498272311149213e-02,0.000000000000000000e+00,-7.350831052133058319e-02,-0.000000000000000000e+00,-1.377412585175300241e-01,-1.927873770036222512e-01,0.000000000000000000e+00,-0.000000000000000000e+00,-1.302577946695329392e-01,-0.000000000000000000e+00,-0.000000000000000000e+00,-9.733531620675811569e-02,1.680783554831996707e+00,-0.000000000000000000e+00,-2.547919855053181193e-01,-0.000000000000000000e+00,0.000000000000000000e+00,0.000000000000000000e+00,0.000000000000000000e+00,-1.561001913013656817e-01,-0.000000000000000000e+00,-8.189234160394617823e-02,-0.000000000000000000e+00,-0.000000000000000000e+00,-0.000000000000000000e+00,0.000000000000000000e+00,0.000000000000000000e+00,-0.000000000000000000e+00,-0.000000000000000000e+00,-1.508087615015832328e-01,0.000000000000000000e+00,-0.000000000000000000e+00,-1.362447540595573270e-01
-0.000000000000000000e+00,-0.000000000000000000e+00,-0.000000000000000000e+00,1.022000095243619094e-01,0.000000000000000000e+00,3.843849406087030407e-01,-1.494261616614371568e-01,-0.000000000000000000e+00,0.000000000000000000e+00,-0.000000000000000000e+00,-4.011176530602362789e-01,-1.531473000146135188e-01,-0.000000000000000000e+00,0.000000000000000000e+00,-1.672082456802052308e-01,-0.000000000000000000e+00,-0.000000000000000000e+00,-0.000000000000000000e+00,-0.000000000000000000e+00,1.959186317034899982e+00,-0.000000000000000000e+00,-0.000000000000000000e+00,7.271347996244180434e-02,0.000000000000000000e+00,0.000000000000000000e+00,-0.000000000000000000e+00,-0.000000000000000000e+00,-3.414013928948771426e-01,0.000000000000000000e+00,0.000000000000000000e+00,0.000000000000000000e+00,0.000000000000000000e+00,1.535735809007103825e-01,-0.000000000000000000e+00,-0.000000000000000000e+00,-0.000000000000000000e+00,6.790577077601676892e-02,-0.000000000000000000e+00,-0.000000000000000000e+00
-0.000000000000000000e+00,-0.000000000000000000e+00,-5.281845114999151880e-01,0.000000000000000000e+00,-0.000000000000000000e+00,2.404644259342420265e-01,-9.405932638500995313e-02,0.000000000000000000e+00,-0.000000000000000000e+00,-0.000000000000000000e+00,-0.000000000000000000e+00,-2.553151344720475460e-02,0.000000000000000000e+00,-0.000000000000000000e+00,-0.000000000000000000e+00,-0.000000000000000000e+00,-0.000000000000000000e+00,-5.383880079125361040e-02,-2.547919855053181193e-01,-0.000000000000000000e+00,2.266933516067077825e+00,0.000000000000000000e+00,6.432182704006869645e-02,0.000000000000000000e+00,0.000000000000000000e+00,-2.612787493316799381e-01,-5.456598417328516193e-02,-2.579285580342305928e-01,-0.000000000000000000e+00,-0.000000000000000000e+00,-2.024411505107738193e-02,0.000000000000000000e+00,-0.000000000000000000e+00,-3.261659020173968138e-01,-0.000000000000000000e+00,-8.079733399899516333e-02,0.000000000000000000e+00,-0.000000000000000000e+00,-8.517297963857076160e-02
-3.989986801462794969e-02,-9.273618870573438477e-02,-0.000000000000000000e+00,-0.000000000000000000e+00,-0.000000000000000000e+00,-0.000000000000000000e+00,-0.000000000000000000e+00,0.000000000000000000e+00,-0.000000000000000000e+00,-0.000000000000000000e+00,0.000000000000000000e+00,-0.000000000000000000e+00,-0.000000000000000000e+00,0.000000000000000000e+00,0.000000000000000000e+00,-0.000000000000000000e+00,-0.000000000000000000e+00,-0.000000000000000000e+00,-0.000000000000000000e+00,-0.000000000000000000e+00,0.000000000000000000e+00,1.014395428167307323e+00,-0.000000000000000000e+00,-0.000000000000000000e+00,-0.000000000000000000e+00,-0.000000000000000000e+00,-0.000000000000000000e+00,-0.000000000000000000e+00,-0.000000000000000000e+00,-3.550731353168498465e-03,0.000000000000000000e+00,-0.000000000000000000e+00,-0.000000000000000000e+00,-0.000000000000000000e+00,0.000000000000000000e+00,-0.000000000000000000e+00,0.000000000000000000e+00,-0.000000000000000000e+00,-0.000000000000000000e+00
-0.000000000000000000e+00,-0.000000000000000000e+00,0.000000000000000000e+00,-0.000000000000000000e+00,-0.000000000000000000e+00,-5.210271352334288064e-01,0.000000000000000000e+00,0.000000000000000000e+00,-0.000000000000000000e+00,-0.000000000000000000e+00,0.000000000000000000e+00,1.336280282725829383e-01,0.000000000000000000e+00,-0.000000000000000000e+00,1.015085103750272694e-01,0.000000000000000000e+00,-0.000000000000000000e+00,0.000000000000000000e+00,0.000000000000000000e+00,7.271347996244180434e-02,6.432182704006869645e-02,-0.000000000000000000e+00,2.220760632264936252e+00,-5.857601183137142176e-01,-2.483008659240138749e-01,0.000000000000000000e+00,0.000000000000000000e+00,0.000000000000000000e+00,-4.680039609679443463e-02,-6.462199126985267161e-02,-0.000000000000000000e+00,-1.807834885276331238e-01,-2.565567363377750307e-02,0.000000000000000000e+00,-0.000000000000000000e+00,0.000000000000000000e+00,-2.821846131128316615e-01,0.000000000000000000e+00,0.000000000000000000e+00
-0.000000000000000000e+00,-0.000000000000000000e+00,0.000000000000000000e+00,-1.306848746287514740e-01,-0.000000000000000000e+00,-2.958632368836475734e-01,0.000000000000000000e+00,0.000000000000000000e+00,-0.000000000000000000e+00,-0.000000000000000000e+00,0.000000000000000000e+00,4.284405976162323354e-02,0.000000000000000000e+00,-0.000000000000000000e+00,0.000000000000000000e+00,0.000000000000000000e+00,-0.000000000000000000e+00,0.000000000000000000e+00,0.000000000000000000e+00,0.000000000000000000e+00,0.000000000000000000e+00,-0.000000000000000000e+00,-5.857601183137142176e-01,2.119134528630571612e+00,-5.402358178094020247e-02,0.000000000000000000e+00,-0.000000000000000000e+00,0.000000000000000000e+00,-2.992529919767064062e-01,-7.650947199582229519e-02,-0.000000000000000000e+00,-1.794833922441650964e-01,-1.056678024106772751e-01,0.000000000000000000e+00,-2.631234426501244394e-02,0.000000000000000000e+00,-4.115819722250549373e-01,-0.000000000000000000e+00,0.000000000000000000e+00
-1.138856503457179531e-03,-0.000000000000000000e+00,-0.000000000000000000e+00,-0.000000000000000000e+00,-0.000000000000000000e+00,-0.000000000000000000e+00,0.000000000000000000e+00,0.000000000000000000e+00,-0.000000000000000000e+00,-0.000000000000000000e+00,0.000000000000000000e+00,0.000000000000000000e+00,-0.000000000000000000e+00,-0.000000000000000000e+00,0.000000000000000000e+00,-0.000000000000000000e+00,-0.000000000000000000e+00,-0.000000000000000000e+00,0.000000000000000000e+00,0.000000000000000000e+00,0.000000000000000000e+00,-0.000000000000000000e+00,-2.483008659240138749e-01,-5.402358178094020247e-02,1.336516964927776163e+00,-0.000000000000000000e+00,-0.000000000000000000e+00,-0.000000000000000000e+00,-2.948196769486294277e-01,-3.155070133733759441e-01,-0.000000000000000000e+00,-7.386640068507575874e-02,-0.000000000000000000e+00,-0.000000000000000000e+00,-0.000000000000000000e+00,-0.000000000000000000e+00,-0.000000000000000000e+00,-0.000000000000000000e+00,-0.000000000000000000e+00
-1.438494690971848788e-01,-0.000000000000000000e+00,-9.409101444581335905e-02,2.330598913128425001e-02,-0.000000000000000000e+00,0.000000000000000000e+00,-0.000000000000000000e+00,0.000000000000000000e+00,-0.000000000000000000e+00,-0.000000000000000000e+00,-6.231320658541966880e-03,-6.972017245762152093e-02,0.000000000000000000e+00,-0.000000000000000000e+00,-1.410475347229791787e-01,-1.539391849369829701e-01,-6.353266623687457704e-02,-2.067033668774694022e-01,-1.561001913013656817e-01,-0.000000000000000000e+00,-2.612787493316799381e-01,-0.000000000000000000e+00,0.000000000000000000e+00,0.000000000000000000e+00,-0.000000000000000000e+00,2.205137362572764825e+00,-4.733663808602611711e-01,-3.681813321000256822e-01,-0.000000000000000000e+00,-0.000000000000000000e+00,-0.000000000000000000e+00,-0.000000000000000000e+00,-0.000000000000000000e+00,-0.000000000000000000e+00,-0.000000000000000000e+00,-0.000000000000000000e+00,0.000000000000000000e+00,-2.196185583486588433e-01,-3.605440603949144202e-02
-0.000000000000000000e+00,-0.000000000000000000e+00,-5.494079672287789651e-02,0.000000000000000000e+00,-0.000000000000000000e+00,0.000000000000000000e+00,-0.000000000000000000e+00,0.000000000000000000e+00,-9.274865062157129636e-02,-1.846317895956900990e-01,-0.000000000000000000e+00,-0.000000000000000000e+00,0.000000000000000000e+00,-0.000000000000000000e+00,-0.000000000000000000e+00,-7.146453655131437821e-02,-0.000000000000000000e+00,-5.311512091842503225e-02,-0.000000000000000000e+00,-0.000000000000000000e+00,-5.456598417328516193e-02,-0.000000000000000000e+00,0.000000000000000000e+00,-0.000000000000000000e+00,-0.000000000000000000e+00,-4.733663808602611711e-01,1.704950660981818134e+00,-1.794048609322416721e-01,-0.000000000000000000e+00,-0.000000000000000000e+00,-1.817355373498235060e-01,-0.000000000000000000e+00,-0.000000000000000000e+00,-0.000000000000000000e+00,-0.000000000000000000e+00,-0.000000000000000000e+00,0.000000000000000000e+00,-0.000000000000000000e+00,-1.656091136479578563e-01
-0.000000000000000000e+00,-0.000000000000000000e+00,-1.571055094480870440e-01,0.000000000000000000e+00,-0.000000000000000000e+00,0.000000000000000000e+00,-2.606685134088084221e-01,0.000000000000000000e+00,-0.000000000000000000e+00,-0.000000000000000000e+00,-4.771702880267054969e-02,-1.349603607084236823e-01,-0.000000000000000000e+00,-0.000000000000000000e+00,-0.000000000000000000e+00,-3.448453770581028088e-01,-0.000000000000000000e+00,-0.000000000000000000e+00,-8.189234160394617823e-02,-3.414013928948771426e-01,-2.579285580342305928e-01,-0.000000000000000000e+00,0.000000000000000000e+00,0.000000000000000000e+00,-0.000000000000000000e+00,-3.681813321000256822e-01,-1.794048609322416721e-01,2.418887183547973496e+00,-0.000000000000000000e+00,-0.000000000000000000e+00,-0.000000000000000000e+00,0.000000000000000000e+00,0.000000000000000000e+00,-1.063292902117879135e-01,0.000000000000000000e+00,-1.767435081817273212e-01,4.046665913803695891e-02,-4.915877587928778325e-02,-1.440186289279016540e-01
-4.032309891476756891e-02,-0.000000000000000000e+00,-0.000000000000000000e+00,-0.000000000000000000e+00,-7.155897588320740688e-02,-0.000000000000000000e+00,0.000000000000000000e+00,0.000000000000000000e+00,-4.666324285928678817e-02,-0.000000000000000000e+00,-0.000000000000000000e+00,0.000000000000000000e+00,0.000000000000000000e+00,-0.000000000000000000e+00,-0.000000000000000000e+00,-0.000000000000000000e+00,-4.851245040015988996e-01,-0.000000000000000000e+00,-0.000000000000000000e+00,0.000000000000000000e+00,-0.000000000000000000e+00,-0.000000000000000000e+00,-4.680039609679443463e-02,-2.992529919767064062e-01,-2.948196769486294277e-01,-0.000000000000000000e+00,-0.000000000000000000e+00,-0.000000000000000000e+00,1.710165776461757714e+00,-9.024897639496391732e-02,-0.000000000000000000e+00,-4.045276932614509935e-01,-2.729290158441924352e-02,-0.000000000000000000e+00,-6.061727329899182365e-02,0.000000000000000000e+00,-0.000000000000000000e+00,-0.000000000000000000e+00,-0.000000000000000000e+00
-1.525410786149715980e-01,-2.853962868284841137e-01,-0.000000000000000000e+00,-0.000000000000000000e+00,-1.135217341204235036e-01,-0.000000000000000000e+00,0.000000000000000000e+00,0.000000000000000000e+00,-2.494165658588915757e-01,-4.077922065307828525e-01,0.000000000000000000e+00,0.000000000000000000e+00,0.000000000000000000e+00,-0.000000000000000000e+00,0.000000000000000000e+00,-0.000000000000000000e+00,-0.000000000000000000e+00,-0.000000000000000000e+00,-0.000000000000000000e+00,0.000000000000000000e+00,-0.000000000000000000e+00,-3.550731353168498465e-03,-6.462199126985267161e-02,-7.650947199582229519e-02,-3.155070133733759441e-01,-0.000000000000000000e+00,-0.000000000000000000e+00,-0.000000000000000000e+00,-9.024897639496391732e-02,1.738863635474740876e+00,-1.673337113897955045e-02,-3.900676898700113082e-02,-0.000000000000000000e+00,-0.000000000000000000e+00,-0.000000000000000000e+00,-0.000000000000000000e+00,-0.000000000000000000e+00,-2.019164566883499198e-02,-0.000000000000000000e+00
-0.000000000000000000e+00,-0.000000000000000000e+00,-2.596091517997488052e-01,-0.000000000000000000e+00,-0.000000000000000000e+00,-0.000000000000000000e+00,-0.000000000000000000e+00,4.094518008747136673e-01,-0.000000000000000000e+00,-0.000000000000000000e+00,0.000000000000000000e+00,0.000000000000000000e+00,6.445172850070699511e-01,-2.070563733485017988e-01,0.000000000000000000e+00,-0.000000000000000000e+00,-1.848248009230932937e-02,-1.544572769338574958e-01,-0.000000000000000000e+00,0.000000000000000000e+00,-2.024411505107738193e-02,0.000000000000000000e+00,-0.000000000000000000e+00,-0.000000000000000000e+00,-0.000000000000000000e+00,-0.000000000000000000e+00,-1.817355373498235060e-01,-0.000000000000000000e+00,-0.000000000000000000e+00,-1.673337113897955045e-02,1.953592655670776779e+00,-0.000000000000000000e+00,-0.000000000000000000e+00,-0.000000000000000000e+00,-1.210841000531768658e-01,-0.000000000000000000e+00,-0.000000000000000000e+00,-0.000000000000000000e+00,-0.000000000000000000e+00
-0.000000000000000000e+00,-0.000000000000000000e+00,0.000000000000000000e+00,-0.000000000000000000e+00,-0.000000000000000000e+00,-6.503307029878617473e-02,0.000000000000000000e+00,0.000000000000000000e+00,-0.000000000000000000e+00,-0.000000000000000000e+00,-0.000000000000000000e+00,0.000000000000000000e+00,0.000000000000000000e+00,-0.000000000000000000e+00,0.000000000000000000e+00,0.000000000000000000e+00,-6.484483031575703771e-02,0.000000000000000000e+00,0.000000000000000000e+00,0.000000000000000000e+00,0.000000000000000000e+00,-0.000000000000000000e+00,-1.807834885276331238e-01,-1.794833922441650964e-01,-7.386640068507575874e-02,-0.000000000000000000e+00,-0.000000000000000000e+00,0.000000000000000000e+00,-4.045276932614509935e-01,-3.900676898700113082e-02,-0.000000000000000000e+00,1.860590352000853320e+00,-2.388168188107890055e-01,0.000000000000000000e+00,-1.793082862380065146e-01,0.000000000000000000e+00,-5.090492711845310270e-01,-0.000000000000000000e+00,0.000000000000000000e+00
-0.000000000000000000e+00,-0.000000000000000000e+00,-0.000000000000000000e+00,-0.000000000000000000e+00,-0.000000000000000000e+00,-0.000000000000000000e+00,8.846308610945312345e-02,0.000000000000000000e+00,-6.868941290570010696e-03,-6.649303314936904317e-03,0.000000000000000000e+00,0.000000000000000000e+00,1.399809113015640094e-01,-1.963800647496107346e-02,0.000000000000000000e+00,0.000000000000000000e+00,-0.000000000000000000e+00,-0.000000000000000000e+00,0.000000000000000000e+00,1.535735809007103825e-01,-0.000000000000000000e+00,-0.000000000000000000e+00,-2.565567363377750307e-02,-1.056678024106772751e-01,-0.000000000000000000e+00,-0.000000000000000000e+00,-0.000000000000000000e+00,0.000000000000000000e+00,-2.729290158441924352e-02,-0.000000000000000000e+00,-0.000000000000000000e+00,-2.388168188107890055e-01,1.209061797318397247e+00,-0.000000000000000000e+00,-7.432639132027857830e-03,0.000000000000000000e+00,-4.386333383255693746e-02,-0.000000000000000000e+00,0.000000000000000000e+00
-0.000000000000000000e+00,-0.000000000000000000e+00,-3.389334826297197845e-01,0.000000000000000000e+00,-1.132448053789634201e-01,0.000000000000000000e+00,-0.000000000000000000e+00,1.635842786699659435e-01,-0.000000000000000000e+00,-0.000000000000000000e+00,-0.000000000000000000e+00,-0.000000000000000000e+00,0.000000000000000000e+00,-3.329441435643045177e-01,-0.000000000000000000e+00,-2.447832197466449089e-01,-0.000000000000000000e+00,-2.611170750971926746e-01,-0.000000000000000000e+00,-0.000000000000000000e+00,-3.261659020173968138e-01,-0.000000000000000000e+00,0.000000000000000000e+00,0.000000000000000000e+00,-0.000000000000000000e+00,-0.000000000000000000e+00,-0.000000000000000000e+00,-1.063292902117879135e-01,-0.000000000000000000e+00,-0.000000000000000000e+00,-0.000000000000000000e+00,0.000000000000000000e+00,-0.000000000000000000e+00,2.323121030207971227e+00,0.000000000000000000e+00,-1.088819708213132759e-01,1.204186436088607592e-01,-2.128173120408532459e-01,-2.455804639446592941e-01
-0.000000000000000000e+00,-0.000000000000000000e+00,-0.000000000000000000e+00,0.000000000000000000e+00,0.000000000000000000e+00,-0.000000000000000000e+00,0.000000000000000000e+00,0.000000000000000000e+00,-0.000000000000000000e+00,-0.000000000000000000e+00,-0.000000000000000000e+00,0.000000000000000000e+00,3.607243412738376370e-02,0.000000000000000000e+00,0.000000000000000000e+00,0.000000000000000000e+00,-1.370543328855443332e-01,-0.000000000000000000e+00,-0.000000000000000000e+00,-0.000000000000000000e+00,-0.000000000000000000e+00,0.000000000000000000e+00,-0.000000000000000000e+00,-2.631234426501244394e-02,-0.000000000000000000e+00,-0.000000000000000000e+00,-0.000000000000000000e+00,0.000000000000000000e+00,-6.061727329899182365e-02,-0.000000000000000000e+00,-1.210841000531768658e-01,-1.793082862380065146e-01,-7.432639132027857830e-03,0.000000000000000000e+00,1.168763005473940630e+00,0.000000000000000000e+00,-1.835719240657723295e-01,-0.000000000000000000e+00,0.000000000000000000e+00
-0.000000000000000000e+00,-0.000000000000000000e+00,-0.000000000000000000e+00,0.000000000000000000e+00,-0.000000000000000000e+00,1.055078681146375125e-01,-1.326656617185108522e-01,0.000000000000000000e+00,-0.000000000000000000e+00,-0.000000000000000000e+00,-0.000000000000000000e+00,-1.459281281750612336e-01,-0.000000000000000000e+00,-0.000000000000000000e+00,-1.360460917434019590e-01,-1.773212383549818139e-01,-0.000000000000000000e+00,-0.000000000000000000e+00,-1.508087615015832328e-01,-0.000000000000000000e+00,-8.079733399899516333e-02,-0.000000000000000000e+00,0.000000000000000000e+00,0.000000000000000000e+00,-0.000000000000000000e+00,-0.000000000000000000e+00,-0.000000000000000000e+00,-1.767435081817273212e-01,0.000000000000000000e+00,-0.000000000000000000e+00,-0.000000000000000000e+00,0.000000000000000000e+00,0.000000000000000000e+00,-1.088819708213132759e-01,0.000000000000000000e+00,1.640595649958226154e+00,1.749717674103666576e-01,-0.000000000000000000e+00,-5.843821088727903235e-02
0.000000000000000000e+00,-0.000000000000000000e+00,0.000000000000000000e+00,-0.000000000000000000e+00,0.000000000000000000e+00,-5.506056607968656813e-01,2.360839078459832374e-02,-0.000000000000000000e+00,-0.000000000000000000e+00,0.000000000000000000e+00,0.000000000000000000e+00,2.692207849347602946e-02,0.000000000000000000e+00,0.000000000000000000e+00,2.173342338347985028e-02,3.405126514249827430e-02,-0.000000000000000000e+00,0.000000000000000000e+00,0.000000000000000000e+00,6.790577077601676892e-02,0.000000000000000000e+00,0.000000000000000000e+00,-2.821846131128316615e-01,-4.115819722250549373e-01,-0.000000000000000000e+00,0.000000000000000000e+00,0.000000000000000000e+00,4.046665913803695891e-02,-0.000000000000000000e+00,-0.000000000000000000e+00,-0.000000000000000000e+00,-5.090492711845310270e-01,-4.386333383255693746e-02,1.204186436088607592e-01,-1.835719240657723295e-01,1.749717674103666576e-01,2.308894310596874888e+00,0.000000000000000000e+00,0.000000000000000000e+00
-0.000000000000000000e+00,-1.639127135288915849e-01,-0.000000000000000000e+00,0.000000000000000000e+00,-3.559606308093050259e-02,0.000000000000000000e+00,-0.000000000000000000e+00,1.893234799048248637e-02,-2.992923244796162341e-01,-1.107312671964839623e-01,0.000000000000000000e+00,-0.000000000000000000e+00,0.000000000000000000e+00,-5.771265863642140170e-02,-0.000000000000000000e+00,-0.000000000000000000e+00,-0.000000000000000000e+00,-0.000000000000000000e+00,-0.000000000000000000e+00,-0.000000000000000000e+00,-0.000000000000000000e+00,-0.000000000000000000e+00,0.000000000000000000e+00,-0.000000000000000000e+00,-0.000000000000000000e+00,-2.196185583486588433e-01,-0.000000000000000000e+00,-4.915877587928778325e-02,-0.000000000000000000e+00,-2.019164566883499198e-02,-0.000000000000000000e+00,-0.000000000000000000e+00,-0.000000000000000000e+00,-2.128173120408532459e-01,-0.000000000000000000e+00,-0.000000000000000000e+00,0.000000000000000000e+00,1.495402969699103579e+00,-1.023805346531649974e-03
-0.000000000000000000e+00,-1.807738881724905988e-02,-0.000000000000000000e+00,0.000000000000000000e+00,-0.000000000000000000e+00,1.371486013336614684e-02,-0.000000000000000000e+00,0.000000000000000000e+00,-0.000000000000000000e+00,-0.000000000000000000e+00,-0.000000000000000000e+00,-2.306708000063088237e-01,0.000000000000000000e+00,-0.000000000000000000e+00,-0.000000000000000000e+00,-1.519607406004543915e-01,-0.000000000000000000e+00,-2.461431045818469054e-01,-1.362447540595573270e-01,-0.000000000000000000e+00,-8.517297963857076160e-02,-0.000000000000000000e+00,0.000000000000000000e+00,0.000000000000000000e+00,-0.000000000000000000e+00,-3.605440603949144202e-02,-1.656091136479578563e-01,-1.440186289279016540e-01,-0.000000000000000000e+00,-0.000000000000000000e+00,-0.000000000000000000e+00,0.000000000000000000e+00,0.000000000000000000e+00,-2.455804639446592941e-01,0.000000000000000000e+00,-5.843821088727903235e-02,0.000000000000000000e+00,-1.023805346531649974e-03,1.702522795162280556e+00
