1.033245109823512475e+00,0.000000000000000000e+00,-0.000000000000000000e+00,-0.000000000000000000e+00,-0.000000000000000000e+00,0.000000000000000000e+00,0.000000000000000000e+00,0.000000000000000000e+00,-4.065948743692346379e-02,-0.000000000000000000e+00,0.000000000000000000e+00,-0.000000000000000000e+00,-0.000000000000000000e+00,-0.000000000000000000e+00,-8.030806831907740320e-03,-2.447419696871189383e-03,0.000000000000000000e+00,-0.000000000000000000e+00,-0.000000000000000000e+00,0.000000000000000000e+00,-0.000000000000000000e+00,-0.000000000000000000e+00,0.000000000000000000e+00,0.000000000000000000e+00,0.000000000000000000e+00,-1.199895757287039039e-01,-0.000000000000000000e+00,0.000000000000000000e+00,0.000000000000000000e+00,0.000000000000000000e+00,-0.000000000000000000e+00,3.910920120251405209e-03,-0.000000000000000000e+00,-0.000000000000000000e+00,0.000000000000000000e+00,0.000000000000000000e+00,3.039100763329087920e-02,-0.000000000000000000e+00,-6.471935425300177902e-02
0.000000000000000000e+00,1.000000000000000888e+00,0.000000000000000000e+00,-0.000000000000000000e+00,0.000000000000000000e+00,-0.000000000000000000e+00,0.000000000000000000e+00,-0.000000000000000000e+00,-0.000000000000000000e+00,-0.000000000000000000e+00,-0.000000000000000000e+00,-0.000000000000000000e+00,-0.000000000000000000e+00,-0.000000000000000000e+00,0.000000000000000000e+00,-0.000000000000000000e+00,-0.000000000000000000e+00,0.000000000000000000e+00,0.000000000000000000e+00,0.000000000000000000e+00,0.000000000000000000e+00,0.000000000000000000e+00,-0.000000000000000000e+00,-0.000000000000000000e+00,-0.000000000000000000e+00,0.000000000000000000e+00,0.000000000000000000e+00,0.000000000000000000e+00,-0.000000000000000000e+00,-0.000000000000000000e+00,0.000000000000000000e+00,-0.000000000000000000e+00,-0.000000000000000000e+00,-0.000000000000000000e+00,-0.000000000000000000e+00,-0.000000000000000000e+00,-0.000000000000000000e+00,-0.000000000000000000e+00,-0.000000000000000000e+00
-0.000000000000000000e+00,0.000000000000000000e+00,1.364394665814952834e+00,-0.000000000000000000e+00,-1.388842031596934819e-02,0.000000000000000000e+00,0.000000000000000000e+00,2.796256534068258248e-01,-5.127383831809290832e-02,-0.000000000000000000e+00,7.006447634918133716e-02,-4.328355329702769649e-02,-5.096011406104410113e-02,-0.000000000000000000e+00,-5.541423824670103915e-02,-0.000000000000000000e+00,1.034090583151218851e-01,-6.170193061440115007e-02,-6.223715846054834328e-02,0.000000000000000000e+00,-0.000000000000000000e+00,-5.918958131472067813e-02,0.000000000000000000e+00,0.000000000000000000e+00,0.000000000000000000e+00,-1.652269507093808570e-02,-1.929395021175952379e-02,0.000000000000000000e+00,3.567868950217738949e-02,0.000000000000000000e+00,-0.000000000000000000e+00,9.128500630630886903e-02,-3.220761304404991948e-02,-0.000000000000000000e+00,4.450874933765953251e-02,-0.000000000000000000e+00,7.591399422295097739e-03,0.000000000000000000e+00,-8.611341854179721533e-02
-0.000000000000000000e+00,-0.000000000000000000e+00,-0.000000000000000000e+00,1.022117656140793640e+00,-0.000000000000000000e+00,6.165037311172013451e-03,0.000000000000000000e+00,0.000000000000000000e+00,-0.000000000000000000e+00,-0.000000000000000000e+00,0.000000000000000000e+00,-0.000000000000000000e+00,-0.000000000000000000e+00,-0.000000000000000000e+00,-0.000000000000000000e+00,-0.000000000000000000e+00,0.000000000000000000e+00,-0.000000000000000000e+00,-0.000000000000000000e+00,0.000000000000000000e+00,0.000000000000000000e+00,-0.000000000000000000e+00,0.000000000000000000e+00,5.628177822514706524e-02,1.050922251806114538e-01,-0.000000000000000000e+00,-0.000000000000000000e+00,-0.000000000000000000e+00,2.246635864684170744e-02,0.000000000000000000e+00,-0.000000000000000000e+00,0.000000000000000000e+00,-0.000000000000000000e+00,-0.000000000000000000e+00,0.000000000000000000e+00,-0.000000000000000000e+00,0.000000000000000000e+00,0.000000000000000000e+00,-0.000000000000000000e+00
-0.000000000000000000e+00,0.000000000000000000e+00,-1.388842031596934819e-02,-0.000000000000000000e+00,1.414038117965690455e+00,4.786938080267413853e-02,0.000000000000000000e+00,2.602462210420012842e-02,-0.000000000000000000e+00,-0.000000000000000000e+00,0.000000000000000000e+00,-6.359821411725390117e-02,-4.279061347424453071e-02,-1.823015924675256971e-01,-1.111856165774249838e-01,-0.000000000000000000e+00,0.000000000000000000e+00,-5.903567836126939750e-02,-1.379370059667488213e-01,0.000000000000000000e+00,0.000000000000000000e+00,-6.918715822643935198e-02,0.000000000000000000e+00,2.492317174579903108e-02,0.000000000000000000e+00,-1.619463923454185217e-01,-1.108489716751553389e-01,-0.000000000000000000e+00,9.033389185420966083e-02,-0.000000000000000000e+00,-0.000000000000000000e+00,1.770017855477295024e-02,-2.413955316873203638e-02,-0.000000000000000000e+00,2.917185980883384849e-02,-1.167670777246885006e-01,0.000000000000000000e+00,0.000000000000000000e+00,-1.983444232898801118e-02
0.000000000000000000e+00,-0.000000000000000000e+00,0.000000000000000000e+00,6.165037311172013451e-03,4.786938080267413853e-02,1.596541097407673693e+00,-7.902254302118304208e-02,-1.507007345075358530e-02,0.000000000000000000e+00,0.000000000000000000e+00,-1.957543799198403160e-03,8.933141184251057465e-02,8.674282610928261972e-02,1.003676475790853811e-02,1.775223278349685740e-02,0.000000000000000000e+00,-0.000000000000000000e+00,6.586052737203998420e-02,7.052970341518655095e-02,-0.000000000000000000e+00,0.000000000000000000e+00,7.753048561197614652e-02,-8.888000168640770859e-02,-1.403557489099957478e-01,-1.249891069541633482e-01,6.463517523317521829e-02,1.147543362397398237e-01,0.000000000000000000e+00,-1.123445000561017620e-01,-0.000000000000000000e+00,2.122103041882610758e-02,-5.676712857993040234e-02,1.209388188117835189e-01,0.000000000000000000e+00,-1.117799460609666257e-01,0.000000000000000000e+00,-1.039472023087824187e-01,-0.000000000000000000e+00,4.854132682557307267e-03
0.000000000000000000e+00,0.000000000000000000e+00,0.000000000000000000e+00,0.000000000000000000e+00,0.000000000000000000e+00,-7.902254302118304208e-02,1.275506213822860113e+00,-0.000000000000000000e+00,0.000000000000000000e+00,0.000000000000000000e+00,-0.000000000000000000e+00,1.292545264447085562e-01,9.240421300408015182e-02,1.156295186218307125e-01,4.253051479369771709e-02,0.000000000000000000e+00,-0.000000000000000000e+00,3.267116701838564813e-02,4.330345037278517106e-02,-0.000000000000000000e+00,0.000000000000000000e+00,0.000000000000000000e+00,-2.433098497932172088e-02,-4.067628510034657779e-02,-0.000000000000000000e+00,0.000000000000000000e+00,4.562465336936746829e-02,-0.000000000000000000e+00,-3.408702466360959138e-02,-0.000000000000000000e+00,0.000000000000000000e+00,-0.000000000000000000e+00,1.094146467174031551e-01,0.000000000000000000e+00,-1.034095928534571329e-01,0.000000000000000000e+00,-0.000000000000000000e+00,-0.000000000000000000e+00,7.175508716506558138e-02
0.000000000000000000e+00,-0.000000000000000000e+00,2.796256534068258248e-01,0.000000000000000000e+00,2.602462210420012842e-02,-1.507007345075358530e-02,-0.000000000000000000e+00,1.487893553117273449e+00,6.640950700377727667e-03,0.000000000000000000e+00,-1.036396135773203359e-01,2.427159267285203606e-02,7.412349900584581930e-02,0.000000000000000000e+00,5.680886824370896815e-02,0.000000000000000000e+00,-1.451256456745291523e-01,7.194781240967521030e-02,7.566220339685623963e-02,-0.000000000000000000e+00,0.000000000000000000e+00,6.103688576230216489e-02,-3.961076306558086735e-02,-8.262548166924689116e-03,-0.000000000000000000e+00,2.342786365650454186e-02,4.245706667530665251e-02,-0.000000000000000000e+00,-7.540374026638192728e-02,-0.000000000000000000e+00,0.000000000000000000e+00,-1.264354611756581814e-01,8.319517520210291742e-03,0.000000000000000000e+00,-6.887665697063635739e-02,0.000000000000000000e+00,-4.712574864050696893e-02,-0.000000000000000000e+00,6.146001655908181482e-02
-4.065948743692346379e-02,-0.000000000000000000e+00,-5.127383831809290832e-02,-0.000000000000000000e+00,-0.000000000000000000e+00,0.000000000000000000e+00,0.000000000000000000e+00,6.640950700377727667e-03,1.176234259951436822e+00,-1.470936185511416139e-01,0.000000000000000000e+00,-0.000000000000000000e+00,-0.000000000000000000e+00,-0.000000000000000000e+00,-7.855185269312109364e-02,-1.451541076940879582e-01,0.000000000000000000e+00,-0.000000000000000000e+00,-0.000000000000000000e+00,0.000000000000000000e+00,-0.000000000000000000e+00,-0.000000000000000000e+00,0.000000000000000000e+00,0.000000000000000000e+00,0.000000000000000000e+00,-4.876162496552188808e-02,-0.000000000000000000e+00,0.000000000000000000e+00,0.000000000000000000e+00,-0.000000000000000000e+00,-0.000000000000000000e+00,0.000000000000000000e+00,-0.000000000000000000e+00,-2.703578459492436692e-02,0.000000000000000000e+00,-0.000000000000000000e+00,0.000000000000000000e+00,-0.000000000000000000e+00,-2.632736824740065096e-01
-0.000000000000000000e+00,-0.000000000000000000e+00,-0.000000000000000000e+00,-0.000000000000000000e+00,-0.000000000000000000e+00,0.000000000000000000e+00,0.000000000000000000e+00,0.000000000000000000e+00,-1.470936185511416139e-01,1.145119525186697240e+00,0.000000000000000000e+00,-0.000000000000000000e+00,-0.000000000000000000e+00,-0.000000000000000000e+00,-0.000000000000000000e+00,-3.236524266418510098e-01,0.000000000000000000e+00,-0.000000000000000000e+00,-0.000000000000000000e+00,0.000000000000000000e+00,-0.000000000000000000e+00,-0.000000000000000000e+00,0.000000000000000000e+00,0.000000000000000000e+00,0.000000000000000000e+00,-0.000000000000000000e+00,-0.000000000000000000e+00,0.000000000000000000e+00,0.000000000000000000e+00,-0.000000000000000000e+00,-0.000000000000000000e+00,0.000000000000000000e+00,-0.000000000000000000e+00,-0.000000000000000000e+00,0.000000000000000000e+00,-0.000000000000000000e+00,0.000000000000000000e+00,-0.000000000000000000e+00,-7.835708399004009950e-02
0.000000000000000000e+00,-0.000000000000000000e+00,7.006447634918133716e-02,0.000000000000000000e+00,0.000000000000000000e+00,-1.957543799198403160e-03,-0.000000000000000000e+00,-1.036396135773203359e-01,0.000000000000000000e+00,0.000000000000000000e+00,1.293844546819676866e+00,0.000000000000000000e+00,0.000000000000000000e+00,0.000000000000000000e+00,0.000000000000000000e+00,0.000000000000000000e+00,-1.855197912594404031e-01,9.679569630933024249e-02,4.351748280745372510e-02,-0.000000000000000000e+00,0.000000000000000000e+00,2.091127353422464821e-02,-1.856945686700734724e-03,-0.000000000000000000e+00,-0.000000000000000000e+00,0.000000000000000000e+00,3.325125114220349454e-02,-0.000000000000000000e+00,-8.408303695671009992e-02,-0.000000000000000000e+00,0.000000000000000000e+00,-2.174976833451897351e-01,0.000000000000000000e+00,0.000000000000000000e+00,-1.224029047780170881e-02,0.000000000000000000e+00,-8.000487186374154180e-02,-0.000000000000000000e+00,0.000000000000000000e+00
-0.000000000000000000e+00,-0.000000000000000000e+00,-4.328355329702769649e-02,-0.000000000000000000e+00,-6.359821411725390117e-02,8.933141184251057465e-02,1.292545264447085562e-01,2.427159267285203606e-02,-0.000000000000000000e+00,-0.000000000000000000e+00,0.000000000000000000e+00,1.515253385415699316e+00,-1.140952916519645949e-01,-6.616457739868647492e-02,-7.697480649082681647e-02,-0.000000000000000000e+00,0.000000000000000000e+00,-5.991329785134703878e-02,-8.439816167561448035e-02,0.000000000000000000e+00,-0.000000000000000000e+00,-8.464852937600884225e-03,3.855541043363889392e-02,9.673131131346286715e-02,3.797957161736289361e-02,-4.504887315686279675e-02,-5.450950617911249491e-02,-0.000000000000000000e+00,6.708208361881590198e-02,0.000000000000000000e+00,-0.000000000000000000e+00,0.000000000000000000e+00,-1.672018869828247878e-01,-0.000000000000000000e+00,9.546111123664072218e-02,-0.000000000000000000e+00,0.000000000000000000e+00,0.000000000000000000e+00,-1.378340915748763051e-01
-0.000000000000000000e+00,-0.000000000000000000e+00,-5.096011406104410113e-02,-0.000000000000000000e+00,-4.279061347424453071e-02,8.674282610928261972e-02,9.240421300408015182e-02,7.412349900584581930e-02,-0.000000000000000000e+00,-0.000000000000000000e+00,0.000000000000000000e+00,-1.140952916519645949e-01,1.415458909112159658e+00,-2.979451427489161405e-02,-1.261055340218204986e-02,-0.000000000000000000e+00,0.000000000000000000e+00,-5.726964631261128452e-02,-8.323271736898167628e-02,0.000000000000000000e+00,-0.000000000000000000e+00,-5.996366471521429736e-02,1.527752099018684674e-02,6.425298714337576711e-02,4.865036625682110649e-02,-1.214845731637553654e-02,-2.081307188469173550e-02,-0.000000000000000000e+00,1.016660303774729046e-01,0.000000000000000000e+00,-0.000000000000000000e+00,0.000000000000000000e+00,-1.643565437334430501e-01,-0.000000000000000000e+00,5.509105312476215988e-02,-0.000000000000000000e+00,0.000000000000000000e+00,0.000000000000000000e+00,-9.412163330262020289e-02
-0.000000000000000000e+00,-0.000000000000000000e+00,-0.000000000000000000e+00,-0.000000000000000000e+00,-1.823015924675256971e-01,1.003676475790853811e-02,1.156295186218307125e-01,0.000000000000000000e+00,-0.000000000000000000e+00,-0.000000000000000000e+00,0.000000000000000000e+00,-6.616457739868647492e-02,-2.979451427489161405e-02,1.209326630927693991e+00,-6.150860131552203514e-02,-0.000000000000000000e+00,0.000000000000000000e+00,-0.000000000000000000e+00,-1.893759028711491932e-02,0.000000000000000000e+00,-0.000000000000000000e+00,-0.000000000000000000e+00,0.000000000000000000e+00,0.000000000000000000e+00,0.000000000000000000e+00,-9.476538638321378716e-02,-4.432883868586807302e-02,-0.000000000000000000e+00,1.884426196546629855e-04,-0.000000000000000000e+00,-0.000000000000000000e+00,0.000000000000000000e+00,-1.197926352440801950e-01,-0.000000000000000000e+00,0.000000000000000000e+00,-8.050719664634209405e-02,0.000000000000000000e+00,0.000000000000000000e+00,-3.062426709132103769e-02
-8.030806831907740320e-03,0.000000000000000000e+00,-5.541423824670103915e-02,-0.000000000000000000e+00,-1.111856165774249838e-01,1.775223278349685740e-02,4.253051479369771709e-02,5.680886824370896815e-02,-7.855185269312109364e-02,-0.000000000000000000e+00,0.000000000000000000e+00,-7.697480649082681647e-02,-1.261055340218204986e-02,-6.150860131552203514e-02,1.347607418047016337e+00,-0.000000000000000000e+00,0.000000000000000000e+00,-1.131124178390963825e-01,-9.291716282994010034e-02,0.000000000000000000e+00,-0.000000000000000000e+00,-4.349221968534373178e-02,0.000000000000000000e+00,0.000000000000000000e+00,0.000000000000000000e+00,-1.793946416234370456e-01,-5.799968091451408736e-02,0.000000000000000000e+00,2.517004417001159500e-03,-0.000000000000000000e+00,-0.000000000000000000e+00,2.207848535557316652e-02,-0.000000000000000000e+00,-0.000000000000000000e+00,4.559987100129471449e-02,-0.000000000000000000e+00,1.077444861109911473e-02,0.000000000000000000e+00,-9.053229887186142744e-02
-2.447419696871189383e-03,-0.000000000000000000e+00,-0.000000000000000000e+00,-0.000000000000000000e+00,-0.000000000000000000e+00,0.000000000000000000e+00,0.000000000000000000e+00,0.000000000000000000e+00,-1.451541076940879582e-01,-3.236524266418510098e-01,0.000000000000000000e+00,-0.000000000000000000e+00,-0.000000000000000000e+00,-0.000000000000000000e+00,-0.000000000000000000e+00,1.142045399845644349e+00,0.000000000000000000e+00,-0.000000000000000000e+00,-0.000000000000000000e+00,0.000000000000000000e+00,-0.000000000000000000e+00,-0.000000000000000000e+00,0.000000000000000000e+00,0.000000000000000000e+00,0.000000000000000000e+00,-0.000000000000000000e+00,-0.000000000000000000e+00,0.000000000000000000e+00,0.000000000000000000e+00,-0.000000000000000000e+00,-0.000000000000000000e+00,0.000000000000000000e+00,-0.000000000000000000e+00,-0.000000000000000000e+00,0.000000000000000000e+00,-0.000000000000000000e+00,0.000000000000000000e+00,-0.000000000000000000e+00,-6.657192669579360678e-02
0.000000000000000000e+00,-0.000000000000000000e+00,1.034090583151218851e-01,0.000000000000000000e+00,0.000000000000000000e+00,-0.000000000000000000e+00,-0.000000000000000000e+00,-1.451256456745291523e-01,0.000000000000000000e+00,0.000000000000000000e+00,-1.855197912594404031e-01,0.000000000000000000e+00,0.000000000000000000e+00,0.000000000000000000e+00,0.000000000000000000e+00,0.000000000000000000e+00,1.269200599587218425e+00,3.299794641325037772e-03,0.000000000000000000e+00,-0.000000000000000000e+00,0.000000000000000000e+00,7.475709203160418696e-03,-1.370784701069152900e-01,-1.298684233158082504e-03,-0.000000000000000000e+00,0.000000000000000000e+00,2.054259725728570241e-02,-0.000000000000000000e+00,-1.656604716805944871e-02,-0.000000000000000000e+00,0.000000000000000000e+00,-1.363305941359151119e-01,0.000000000000000000e+00,0.000000000000000000e+00,-4.731299767030418268e-02,0.000000000000000000e+00,-1.012648436713881328e-01,-0.000000000000000000e+00,0.000000000000000000e+00
-0.000000000000000000e+00,0.000000000000000000e+00,-6.170193061440115007e-02,-0.000000000000000000e+00,-5.903567836126939750e-02,6.586052737203998420e-02,3.267116701838564813e-02,7.194781240967521030e-02,-0.000000000000000000e+00,-0.000000000000000000e+00,9.679569630933024249e-02,-5.991329785134703878e-02,-5.726964631261128452e-02,-0.000000000000000000e+00,-1.131124178390963825e-01,-0.000000000000000000e+00,3.299794641325037772e-03,1.531127009518028270e+00,-1.517583154738972040e-01,0.000000000000000000e+00,-0.000000000000000000e+00,-7.578082517175389887e-02,5.104746491165767369e-02,6.013159694274995692e-02,3.292006132790983863e-02,-8.121704237428649387e-02,-6.045151092089836448e-02,0.000000000000000000e+00,8.152504332131300935e-02,0.000000000000000000e+00,-0.000000000000000000e+00,9.669861174851979158e-02,-0.000000000000000000e+00,-0.000000000000000000e+00,7.308854064844459708e-02,-0.000000000000000000e+00,7.747603957037339784e-02,0.000000000000000000e+00,-7.281920074987417724e-02
-0.000000000000000000e+00,0.000000000000000000e+00,-6.223715846054834328e-02,-0.000000000000000000e+00,-1.379370059667488213e-01,7.052970341518655095e-02,4.330345037278517106e-02,7.566220339685623963e-02,-0.000000000000000000e+00,-0.000000000000000000e+00,4.351748280745372510e-02,-8.439816167561448035e-02,-8.323271736898167628e-02,-1.893759028711491932e-02,-9.291716282994010034e-02,-0.000000000000000000e+00,0.000000000000000000e+00,-1.517583154738972040e-01,1.548009185531235232e+00,0.000000000000000000e+00,-0.000000000000000000e+00,-5.323617565284469166e-02,1.376708641191453676e-02,6.927334246896890702e-02,2.673363405638603391e-02,-8.415625537217910623e-02,-6.869153438653324839e-02,0.000000000000000000e+00,1.073619627773264307e-01,0.000000000000000000e+00,-0.000000000000000000e+00,6.217344639178096904e-02,-6.050548714866543082e-02,-0.000000000000000000e+00,7.621171774181850767e-02,-0.000000000000000000e+00,2.018570164510904638e-02,0.000000000000000000e+00,-5.386445098305877449e-02
0.000000000000000000e+00,0.000000000000000000e+00,0.000000000000000000e+00,0.000000000000000000e+00,0.000000000000000000e+00,-0.000000000000000000e+00,-0.000000000000000000e+00,-0.000000000000000000e+00,0.000000000000000000e+00,0.000000000000000000e+00,-0.000000000000000000e+00,0.000000000000000000e+00,0.000000000000000000e+00,0.000000000000000000e+00,0.000000000000000000e+00,0.000000000000000000e+00,-0.000000000000000000e+00,0.000000000000000000e+00,0.000000000000000000e+00,1.000000000000000444e+00,-0.000000000000000000e+00,0.000000000000000000e+00,-0.000000000000000000e+00,-0.000000000000000000e+00,-0.000000000000000000e+00,0.000000000000000000e+00,0.000000000000000000e+00,-0.000000000000000000e+00,-0.000000000000000000e+00,0.000000000000000000e+00,0.000000000000000000e+00,-0.000000000000000000e+00,0.000000000000000000e+00,0.000000000000000000e+00,-0.000000000000000000e+00,0.000000000000000000e+00,-0.000000000000000000e+00,0.000000000000000000e+00,0.000000000000000000e+00
-0.000000000000000000e+00,0.000000000000000000e+00,-0.000000000000000000e+00,0.000000000000000000e+00,0.000000000000000000e+00,0.000000000000000000e+00,0.000000000000000000e+00,0.000000000000000000e+00,-0.000000000000000000e+00,-0.000000000000000000e+00,0.000000000000000000e+00,-0.000000000000000000e+00,-0.000000000000000000e+00,-0.000000000000000000e+00,-0.000000000000000000e+00,-0.000000000000000000e+00,0.000000000000000000e+00,-0.000000000000000000e+00,-0.000000000000000000e+00,-0.000000000000000000e+00,9.999999999999997780e-01,-0.000000000000000000e+00,0.000000000000000000e+00,0.000000000000000000e+00,-0.000000000000000000e+00,0.000000000000000000e+00,-0.000000000000000000e+00,-0.000000000000000000e+00,0.000000000000000000e+00,0.000000000000000000e+00,-0.000000000000000000e+00,0.000000000000000000e+00,-0.000000000000000000e+00,0.000000000000000000e+00,0.000000000000000000e+00,0.000000000000000000e+00,0.000000000000000000e+00,0.000000000000000000e+00,-0.000000000000000000e+00
-0.000000000000000000e+00,0.000000000000000000e+00,-5.918958131472067813e-02,-0.000000000000000000e+00,-6.918715822643935198e-02,7.753048561197614652e-02,0.000000000000000000e+00,6.103688576230216489e-02,-0.000000000000000000e+00,-0.000000000000000000e+00,2.091127353422464821e-02,-8.464852937600884225e-03,-5.996366471521429736e-02,-0.000000000000000000e+00,-4.349221968534373178e-02,-0.000000000000000000e+00,7.475709203160418696e-03,-7.578082517175389887e-02,-5.323617565284469166e-02,0.000000000000000000e+00,-0.000000000000000000e+00,1.371372656122018308e+00,5.221291160156358441e-02,8.356891641172352336e-02,1.363993081724865775e-01,-6.695406005531660820e-02,-6.600675921611294517e-02,-0.000000000000000000e+00,6.749567536768739939e-02,0.000000000000000000e+00,-6.227551158320578442e-03,7.036945459409690851e-02,-6.032728070255522976e-03,-0.000000000000000000e+00,2.074853532043924309e-02,-0.000000000000000000e+00,7.911395147424896135e-02,0.000000000000000000e+00,-0.000000000000000000e+00
0.000000000000000000e+00,-0.000000000000000000e+00,0.000000000000000000e+00,0.000000000000000000e+00,0.000000000000000000e+00,-8.888000168640770859e-02,-2.433098497932172088e-02,-3.961076306558086735e-02,0.000000000000000000e+00,0.000000000000000000e+00,-1.856945686700734724e-03,3.855541043363889392e-02,1.527752099018684674e-02,0.000000000000000000e+00,0.000000000000000000e+00,0.000000000000000000e+00,-1.370784701069152900e-01,5.104746491165767369e-02,1.376708641191453676e-02,-0.000000000000000000e+00,0.000000000000000000e+00,5.221291160156358441e-02,1.423970975503109360e+00,-1.315604772909306219e-01,-1.574108262694431382e-01,0.000000000000000000e+00,7.350864434647956525e-02,0.000000000000000000e+00,-4.915647863639722309e-02,-0.000000000000000000e+00,9.749938657259279648e-03,-7.368168007059193447e-02,1.425962513425361837e-02,-0.000000000000000000e+00,-1.085911013274769854e-01,0.000000000000000000e+00,-1.792535177307616467e-01,-0.000000000000000000e+00,0.000000000000000000e+00
0.000000000000000000e+00,-0.000000000000000000e+00,0.000000000000000000e+00,5.628177822514706524e-02,2.492317174579903108e-02,-1.403557489099957478e-01,-4.067628510034657779e-02,-8.262548166924689116e-03,0.000000000000000000e+00,0.000000000000000000e+00,-0.000000000000000000e+00,9.673131131346286715e-02,6.425298714337576711e-02,0.000000000000000000e+00,0.000000000000000000e+00,0.000000000000000000e+00,-1.298684233158082504e-03,6.013159694274995692e-02,6.927334246896890702e-02,-0.000000000000000000e+00,0.000000000000000000e+00,8.356891641172352336e-02,-1.315604772909306219e-01,1.588878115995657092e+00,-1.598561319339505959e-01,4.740790954550871267e-02,1.090391891026671611e-01,0.000000000000000000e+00,-1.085897520666469357e-01,-0.000000000000000000e+00,4.239594945753691335e-02,-4.846500244911460670e-02,1.152175175445679378e-01,0.000000000000000000e+00,-1.216805933037156534e-01,0.000000000000000000e+00,-1.134497064080079998e-01,-0.000000000000000000e+00,0.000000000000000000e+00
0.000000000000000000e+00,-0.000000000000000000e+00,0.000000000000000000e+00,1.050922251806114538e-01,0.000000000000000000e+00,-1.249891069541633482e-01,-0.000000000000000000e+00,-0.000000000000000000e+00,0.000000000000000000e+00,0.000000000000000000e+00,-0.000000000000000000e+00,3.797957161736289361e-02,4.865036625682110649e-02,0.000000000000000000e+00,0.000000000000000000e+00,0.000000000000000000e+00,-0.000000000000000000e+00,3.292006132790983863e-02,2.673363405638603391e-02,-0.000000000000000000e+00,-0.000000000000000000e+00,1.363993081724865775e-01,-1.574108262694431382e-01,-1.598561319339505959e-01,1.361530516058566675e+00,0.000000000000000000e+00,6.745346871125507127e-02,0.000000000000000000e+00,-7.804316064040522916e-02,-0.000000000000000000e+00,3.574213756773899492e-02,-0.000000000000000000e+00,3.197980229779660843e-02,-0.000000000000000000e+00,-4.275131990740219101e-02,0.000000000000000000e+00,-9.218943295363229984e-02,-0.000000000000000000e+00,0.000000000000000000e+00
-1.199895757287039039e-01,0.000000000000000000e+00,-1.652269507093808570e-02,-0.000000000000000000e+00,-1.619463923454185217e-01,6.463517523317521829e-02,0.000000000000000000e+00,2.342786365650454186e-02,-4.876162496552188808e-02,-0.000000000000000000e+00,0.000000000000000000e+00,-4.504887315686279675e-02,-1.214845731637553654e-02,-9.476538638321378716e-02,-1.793946416234370456e-01,-0.000000000000000000e+00,0.000000000000000000e+00,-8.121704237428649387e-02,-8.415625537217910623e-02,0.000000000000000000e+00,0.000000000000000000e+00,-6.695406005531660820e-02,0.000000000000000000e+00,4.740790954550871267e-02,0.000000000000000000e+00,1.419465218508449089e+00,-8.967090415960647654e-02,0.000000000000000000e+00,1.975628131315661229e-02,0.000000000000000000e+00,-0.000000000000000000e+00,3.480954310478477642e-02,-2.653074689578003697e-03,-0.000000000000000000e+00,5.996708666600723131e-02,-0.000000000000000000e+00,2.945322033550799509e-02,0.000000000000000000e+00,-1.065240889902219629e-01
-0.000000000000000000e+00,0.000000000000000000e+00,-1.929395021175952379e-02,-0.000000000000000000e+00,-1.108489716751553389e-01,1.147543362397398237e-01,4.562465336936746829e-02,4.245706667530665251e-02,-0.000000000000000000e+00,-0.000000000000000000e+00,3.325125114220349454e-02,-5.450950617911249491e-02,-2.081307188469173550e-02,-4.432883868586807302e-02,-5.799968091451408736e-02,-0.000000000000000000e+00,2.054259725728570241e-02,-6.045151092089836448e-02,-6.869153438653324839e-02,0.000000000000000000e+00,-0.000000000000000000e+00,-6.600675921611294517e-02,7.350864434647956525e-02,1.090391891026671611e-01,6.745346871125507127e-02,-8.967090415960647654e-02,1.578427375446198377e+00,-0.000000000000000000e+00,9.126851648652936633e-02,0.000000000000000000e+00,-1.000056672576864897e-01,8.680797204339926743e-02,-5.283394025122783305e-02,-0.000000000000000000e+00,1.048723635693818990e-01,-0.000000000000000000e+00,1.410072061942085897e-01,0.000000000000000000e+00,-0.000000000000000000e+00
0.000000000000000000e+00,0.000000000000000000e+00,0.000000000000000000e+00,-0.000000000000000000e+00,-0.000000000000000000e+00,0.000000000000000000e+00,-0.000000000000000000e+00,-0.000000000000000000e+00,0.000000000000000000e+00,0.000000000000000000e+00,-0.000000000000000000e+00,-0.000000000000000000e+00,-0.000000000000000000e+00,-0.000000000000000000e+00,0.000000000000000000e+00,0.000000000000000000e+00,-0.000000000000000000e+00,0.000000000000000000e+00,0.000000000000000000e+00,-0.000000000000000000e+00,-0.000000000000000000e+00,-0.000000000000000000e+00,0.000000000000000000e+00,0.000000000000000000e+00,0.000000000000000000e+00,0.000000000000000000e+00,-0.000000000000000000e+00,9.999999999999997780e-01,0.000000000000000000e+00,0.000000000000000000e+00,-0.000000000000000000e+00,-0.000000000000000000e+00,-0.000000000000000000e+00,0.000000000000000000e+00,-0.000000000000000000e+00,-0.000000000000000000e+00,0.000000000000000000e+00,0.000000000000000000e+00,0.000000000000000000e+00
0.000000000000000000e+00,-0.000000000000000000e+00,3.567868950217738949e-02,2.246635864684170744e-02,9.033389185420966083e-02,-1.123445000561017620e-01,-3.408702466360959138e-02,-7.540374026638192728e-02,0.000000000000000000e+00,0.000000000000000000e+00,-8.408303695671009992e-02,6.708208361881590198e-02,1.016660303774729046e-01,1.884426196546629855e-04,2.517004417001159500e-03,0.000000000000000000e+00,-1.656604716805944871e-02,8.152504332131300935e-02,1.073619627773264307e-01,-0.000000000000000000e+00,0.000000000000000000e+00,6.749567536768739939e-02,-4.915647863639722309e-02,-1.085897520666469357e-01,-7.804316064040522916e-02,1.975628131315661229e-02,9.126851648652936633e-02,0.000000000000000000e+00,1.570957925760452012e+00,-0.000000000000000000e+00,0.000000000000000000e+00,-1.153134561547383835e-01,7.676981282586048394e-02,0.000000000000000000e+00,-9.841243481062905696e-02,0.000000000000000000e+00,-6.750719495077471544e-02,-0.000000000000000000e+00,0.000000000000000000e+00
0.000000000000000000e+00,-0.000000000000000000e+00,0.000000000000000000e+00,0.000000000000000000e+00,-0.000000000000000000e+00,-0.000000000000000000e+00,-0.000000000000000000e+00,-0.000000000000000000e+00,-0.000000000000000000e+00,-0.000000000000000000e+00,-0.000000000000000000e+00,0.000000000000000000e+00,0.000000000000000000e+00,-0.000000000000000000e+00,-0.000000000000000000e+00,-0.000000000000000000e+00,-0.000000000000000000e+00,0.000000000000000000e+00,0.000000000000000000e+00,0.000000000000000000e+00,0.000000000000000000e+00,0.000000000000000000e+00,-0.000000000000000000e+00,-0.000000000000000000e+00,-0.000000000000000000e+00,0.000000000000000000e+00,0.000000000000000000e+00,0.000000000000000000e+00,-0.000000000000000000e+00,1.013019742226601183e+00,0.000000000000000000e+00,-0.000000000000000000e+00,0.000000000000000000e+00,-1.148444857807691122e-01,-0.000000000000000000e+00,-0.000000000000000000e+00,-0.000000000000000000e+00,-0.000000000000000000e+00,-0.000000000000000000e+00
-0.000000000000000000e+00,0.000000000000000000e+00,-0.000000000000000000e+00,-0.000000000000000000e+00,-0.000000000000000000e+00,2.122103041882610758e-02,0.000000000000000000e+00,0.000000000000000000e+00,-0.000000000000000000e+00,-0.000000000000000000e+00,0.000000000000000000e+00,-0.000000000000000000e+00,-0.000000000000000000e+00,-0.000000000000000000e+00,-0.000000000000000000e+00,-0.000000000000000000e+00,0.000000000000000000e+00,-0.000000000000000000e+00,-0.000000000000000000e+00,0.000000000000000000e+00,-0.000000000000000000e+00,-6.227551158320578442e-03,9.749938657259279648e-03,4.239594945753691335e-02,3.574213756773899492e-02,-0.000000000000000000e+00,-1.000056672576864897e-01,-0.000000000000000000e+00,0.000000000000000000e+00,0.000000000000000000e+00,1.047133826793579692e+00,0.000000000000000000e+00,-0.000000000000000000e+00,0.000000000000000000e+00,0.000000000000000000e+00,-0.000000000000000000e+00,9.229220962481801682e-02,0.000000000000000000e+00,-0.000000000000000000e+00
3.910920120251405209e-03,-0.000000000000000000e+00,9.128500630630886903e-02,0.000000000000000000e+00,1.770017855477295024e-02,-5.676712857993040234e-02,-0.000000000000000000e+00,-1.264354611756581814e-01,0.000000000000000000e+00,0.000000000000000000e+00,-2.174976833451897351e-01,0.000000000000000000e+00,0.000000000000000000e+00,0.000000000000000000e+00,2.207848535557316652e-02,0.000000000000000000e+00,-1.363305941359151119e-01,9.669861174851979158e-02,6.217344639178096904e-02,-0.000000000000000000e+00,0.000000000000000000e+00,7.036945459409690851e-02,-7.368168007059193447e-02,-4.846500244911460670e-02,-0.000000000000000000e+00,3.480954310478477642e-02,8.680797204339926743e-02,-0.000000000000000000e+00,-1.153134561547383835e-01,-0.000000000000000000e+00,0.000000000000000000e+00,1.510756752507079748e+00,0.000000000000000000e+00,0.000000000000000000e+00,-5.574353746102735097e-02,0.000000000000000000e+00,-1.456380514941390258e-01,-0.000000000000000000e+00,0.000000000000000000e+00
-0.000000000000000000e+00,-0.000000000000000000e+00,-3.220761304404991948e-02,-0.000000000000000000e+00,-2.413955316873203638e-02,1.209388188117835189e-01,1.094146467174031551e-01,8.319517520210291742e-03,-0.000000000000000000e+00,-0.000000000000000000e+00,0.000000000000000000e+00,-1.672018869828247878e-01,-1.643565437334430501e-01,-1.197926352440801950e-01,-0.000000000000000000e+00,-0.000000000000000000e+00,0.000000000000000000e+00,-0.000000000000000000e+00,-6.050548714866543082e-02,0.000000000000000000e+00,-0.000000000000000000e+00,-6.032728070255522976e-03,1.425962513425361837e-02,1.152175175445679378e-01,3.197980229779660843e-02,-2.653074689578003697e-03,-5.283394025122783305e-02,-0.000000000000000000e+00,7.676981282586048394e-02,0.000000000000000000e+00,-0.000000000000000000e+00,0.000000000000000000e+00,1.423947512078826083e+00,-0.000000000000000000e+00,9.419162791524486600e-02,-0.000000000000000000e+00,0.000000000000000000e+00,0.000000000000000000e+00,-7.270746834105966394e-02
-0.000000000000000000e+00,-0.000000000000000000e+00,-0.000000000000000000e+00,-0.000000000000000000e+00,-0.000000000000000000e+00,0.000000000000000000e+00,0.000000000000000000e+00,0.000000000000000000e+00,-2.703578459492436692e-02,-0.000000000000000000e+00,0.000000000000000000e+00,-0.000000000000000000e+00,-0.000000000000000000e+00,-0.000000000000000000e+00,-0.000000000000000000e+00,-0.000000000000000000e+00,0.000000000000000000e+00,-0.000000000000000000e+00,-0.000000000000000000e+00,0.000000000000000000e+00,0.000000000000000000e+00,-0.000000000000000000e+00,-0.000000000000000000e+00,0.000000000000000000e+00,-0.000000000000000000e+00,-0.000000000000000000e+00,-0.000000000000000000e+00,0.000000000000000000e+00,0.000000000000000000e+00,-1.148444857807691122e-01,0.000000000000000000e+00,0.000000000000000000e+00,-0.000000000000000000e+00,1.013750142593724979e+00,0.000000000000000000e+00,-0.000000000000000000e+00,0.000000000000000000e+00,-0.000000000000000000e+00,-0.000000000000000000e+00
0.000000000000000000e+00,-0.000000000000000000e+00,4.450874933765953251e-02,0.000000000000000000e+00,2.917185980883384849e-02,-1.117799460609666257e-01,-1.034095928534571329e-01,-6.887665697063635739e-02,0.000000000000000000e+00,0.000000000000000000e+00,-1.224029047780170881e-02,9.546111123664072218e-02,5.509105312476215988e-02,0.000000000000000000e+00,4.559987100129471449e-02,0.000000000000000000e+00,-4.731299767030418268e-02,7.308854064844459708e-02,7.621171774181850767e-02,-0.000000000000000000e+00,0.000000000000000000e+00,2.074853532043924309e-02,-1.085911013274769854e-01,-1.216805933037156534e-01,-4.275131990740219101e-02,5.996708666600723131e-02,1.048723635693818990e-01,-0.000000000000000000e+00,-9.841243481062905696e-02,-0.000000000000000000e+00,0.000000000000000000e+00,-5.574353746102735097e-02,9.419162791524486600e-02,0.000000000000000000e+00,1.587388270409262780e+00,0.000000000000000000e+00,-1.055446538095185655e-01,-0.000000000000000000e+00,5.974017292352104547e-02
0.000000000000000000e+00,-0.000000000000000000e+00,-0.000000000000000000e+00,-0.000000000000000000e+00,-1.167670777246885006e-01,0.000000000000000000e+00,0.000000000000000000e+00,0.000000000000000000e+00,-0.000000000000000000e+00,-0.000000000000000000e+00,0.000000000000000000e+00,-0.000000000000000000e+00,-0.000000000000000000e+00,-8.050719664634209405e-02,-0.000000000000000000e+00,-0.000000000000000000e+00,0.000000000000000000e+00,-0.000000000000000000e+00,-0.000000000000000000e+00,0.000000000000000000e+00,0.000000000000000000e+00,-0.000000000000000000e+00,0.000000000000000000e+00,0.000000000000000000e+00,0.000000000000000000e+00,-0.000000000000000000e+00,-0.000000000000000000e+00,-0.000000000000000000e+00,0.000000000000000000e+00,-0.000000000000000000e+00,-0.000000000000000000e+00,0.000000000000000000e+00,-0.000000000000000000e+00,-0.000000000000000000e+00,0.000000000000000000e+00,1.025225705830385303e+00,0.000000000000000000e+00,0.000000000000000000e+00,-0.000000000000000000e+00
3.039100763329087920e-02,-0.000000000000000000e+00,7.591399422295097739e-03,0.000000000000000000e+00,0.000000000000000000e+00,-1.039472023087824187e-01,-0.000000000000000000e+00,-4.712574864050696893e-02,0.000000000000000000e+00,0.000000000000000000e+00,-8.000487186374154180e-02,0.000000000000000000e+00,0.000000000000000000e+00,0.000000000000000000e+00,1.077444861109911473e-02,0.000000000000000000e+00,-1.012648436713881328e-01,7.747603957037339784e-02,2.018570164510904638e-02,-0.000000000000000000e+00,0.000000000000000000e+00,7.911395147424896135e-02,-1.792535177307616467e-01,-1.134497064080079998e-01,-9.218943295363229984e-02,2.945322033550799509e-02,1.410072061942085897e-01,0.000000000000000000e+00,-6.750719495077471544e-02,-0.000000000000000000e+00,9.229220962481801682e-02,-1.456380514941390258e-01,0.000000000000000000e+00,0.000000000000000000e+00,-1.055446538095185655e-01,0.000000000000000000e+00,1.518427806111859457e+00,-0.000000000000000000e+00,0.000000000000000000e+00
-0.000000000000000000e+00,-0.000000000000000000e+00,0.000000000000000000e+00,0.000000000000000000e+00,0.000000000000000000e+00,-0.000000000000000000e+00,-0.000000000000000000e+00,-0.000000000000000000e+00,-0.000000000000000000e+00,-0.000000000000000000e+00,-0.000000000000000000e+00,0.000000000000000000e+00,0.000000000000000000e+00,0.000000000000000000e+00,0.000000000000000000e+00,-0.000000000000000000e+00,-0.000000000000000000e+00,0.000000000000000000e+00,0.000000000000000000e+00,0.000000000000000000e+00,0.000000000000000000e+00,0.000000000000000000e+00,-0.000000000000000000e+00,-0.000000000000000000e+00,-0.000000000000000000e+00,0.000000000000000000e+00,0.000000000000000000e+00,0.000000000000000000e+00,-0.000000000000000000e+00,-0.000000000000000000e+00,0.000000000000000000e+00,-0.000000000000000000e+00,0.000000000000000000e+00,-0.000000000000000000e+00,-0.000000000000000000e+00,0.000000000000000000e+00,-0.000000000000000000e+00,1.000000000000000222e+00,-0.000000000000000000e+00
-6.471935425300177902e-02,-0.000000000000000000e+00,-8.611341854179721533e-02,-0.000000000000000000e+00,-1.983444232898801118e-02,4.854132682557307267e-03,7.175508716506558138e-02,6.146001655908181482e-02,-2.632736824740065096e-01,-7.835708399004009950e-02,0.000000000000000000e+00,-1.378340915748763051e-01,-9.412163330262020289e-02,-3.062426709132103769e-02,-9.053229887186142744e-02,-6.657192669579360678e-02,0.000000000000000000e+00,-7.281920074987417724e-02,-5.386445098305877449e-02,0.000000000000000000e+00,-0.000000000000000000e+00,-0.000000000000000000e+00,0.000000000000000000e+00,0.000000000000000000e+00,0.000000000000000000e+00,-1.065240889902219629e-01,-0.000000000000000000e+00,0.000000000000000000e+00,0.000000000000000000e+00,-0.000000000000000000e+00,-0.000000000000000000e+00,0.000000000000000000e+00,-7.270746834105966394e-02,-0.000000000000000000e+00,5.974017292352104547e-02,-0.000000000000000000e+00,0.000000000000000000e+00,-0.000000000000000000e+00,1.388799043193932992e+00
