1.442021458735646799e+00,-1.785585574950052101e-01,-0.000000000000000000e+00,-0.000000000000000000e+00,-1.721894020814565551e-01,0.000000000000000000e+00,-0.000000000000000000e+00,0.000000000000000000e+00,-0.000000000000000000e+00,-1.954691227337211276e-02,-0.000000000000000000e+00,-0.000000000000000000e+00,-9.860152693008845254e-03,-0.000000000000000000e+00,0.000000000000000000e+00,-4.932116901557340866e-02,-3.295900274691548337e-01,-0.000000000000000000e+00,-0.000000000000000000e+00,-0.000000000000000000e+00,-0.000000000000000000e+00,-0.000000000000000000e+00,-0.000000000000000000e+00,-0.000000000000000000e+00,-0.000000000000000000e+00,-0.000000000000000000e+00,-0.000000000000000000e+00,-0.000000000000000000e+00,-1.289026377693699432e-01,-0.000000000000000000e+00,-0.000000000000000000e+00,-0.000000000000000000e+00,-0.000000000000000000e+00,0.000000000000000000e+00,-0.000000000000000000e+00,-0.000000000000000000e+00,-0.000000000000000000e+00,-2.458489381293536558e-01,-9.842700466095993805e-02
-1.785585574950052101e-01,1.715096623956003929e+00,-2.063394624965827345e-02,-0.000000000000000000e+00,-0.000000000000000000e+00,0.000000000000000000e+00,-0.000000000000000000e+00,6.135925797845086932e-02,-0.000000000000000000e+00,-5.608175636406442788e-01,-0.000000000000000000e+00,0.000000000000000000e+00,-0.000000000000000000e+00,-0.000000000000000000e+00,0.000000000000000000e+00,-1.761264358687505138e-01,-0.000000000000000000e+00,-0.000000000000000000e+00,0.000000000000000000e+00,0.000000000000000000e+00,-9.553506601427437517e-02,-1.495318215466691636e-01,-0.000000000000000000e+00,-0.000000000000000000e+00,-0.000000000000000000e+00,0.000000000000000000e+00,-3.484268458086981542e-03,-0.000000000000000000e+00,-0.000000000000000000e+00,-2.794799490132751987e-02,-2.125889600514109801e-01,-1.810230580545481860e-01,-0.000000000000000000e+00,-0.000000000000000000e+00,0.000000000000000000e+00,-0.000000000000000000e+00,-0.000000000000000000e+00,0.000000000000000000e+00,-0.000000000000000000e+00
-0.000000000000000000e+00,-2.063394624965827345e-02,2.695102429222638207e+00,-0.000000000000000000e+00,-3.571176690437926071e-01,0.000000000000000000e+00,-0.000000000000000000e+00,1.486126230783227253e+00,-3.257626364541051089e-02,-0.000000000000000000e+00,-0.000000000000000000e+00,-0.000000000000000000e+00,-0.000000000000000000e+00,-0.000000000000000000e+00,-0.000000000000000000e+00,-0.000000000000000000e+00,-0.000000000000000000e+00,-8.118353536554925864e-02,-2.156434924584492083e-02,2.934253476591693402e-02,-2.072075367994164752e-01,-0.000000000000000000e+00,-0.000000000000000000e+00,-0.000000000000000000e+00,-7.650878085684845176e-02,-0.000000000000000000e+00,-0.000000000000000000e+00,-2.211914745272758609e-01,0.000000000000000000e+00,-0.000000000000000000e+00,-6.843749029984495802e-02,-0.000000000000000000e+00,-0.000000000000000000e+00,-1.116986983991045818e-01,-0.000000000000000000e+00,-0.000000000000000000e+00,0.000000000000000000e+00,0.000000000000000000e+00,-1.469934306125675882e-01
-0.000000000000000000e+00,-0.000000000000000000e+00,-0.000000000000000000e+00,1.215760024989451127e+00,-0.000000000000000000e+00,0.000000000000000000e+00,-3.017235276831791713e-01,0.000000000000000000e+00,-0.000000000000000000e+00,-4.263314948089511752e-02,0.000000000000000000e+00,0.000000000000000000e+00,-0.000000000000000000e+00,0.000000000000000000e+00,2.873325397235064194e-01,-0.000000000000000000e+00,-0.000000000000000000e+00,-1.956788366582383476e-02,-1.550908292902594132e-01,-7.703698844518022670e-02,1.113585767883428224e-01,0.000000000000000000e+00,0.000000000000000000e+00,0.000000000000000000e+00,-0.000000000000000000e+00,0.000000000000000000e+00,0.000000000000000000e+00,-0.000000000000000000e+00,-0.000000000000000000e+00,-0.000000000000000000e+00,7.466118230128367117e-02,-0.000000000000000000e+00,0.000000000000000000e+00,0.000000000000000000e+00,0.000000000000000000e+00,0.000000000000000000e+00,-0.000000000000000000e+00,4.484934762873415276e-02,0.000000000000000000e+00
-1.721894020814565551e-01,-0.000000000000000000e+00,-3.571176690437926071e-01,-0.000000000000000000e+00,1.921872157876018283e+00,-0.000000000000000000e+00,-9.416311090447848642e-02,7.406201610785606571e-02,-0.000000000000000000e+00,-0.000000000000000000e+00,-0.000000000000000000e+00,-0.000000000000000000e+00,-0.000000000000000000e+00,-0.000000000000000000e+00,-0.000000000000000000e+00,-0.000000000000000000e+00,-0.000000000000000000e+00,-3.484670373750570899e-02,-5.865690025233337712e-01,-0.000000000000000000e+00,0.000000000000000000e+00,-0.000000000000000000e+00,-0.000000000000000000e+00,-0.000000000000000000e+00,-0.000000000000000000e+00,-0.000000000000000000e+00,-0.000000000000000000e+00,-4.776706259856635106e-01,-0.000000000000000000e+00,-0.000000000000000000e+00,-0.000000000000000000e+00,-0.000000000000000000e+00,-0.000000000000000000e+00,-1.334834007296059888e-01,-0.000000000000000000e+00,-0.000000000000000000e+00,-0.000000000000000000e+00,-0.000000000000000000e+00,-2.546366509102706427e-02
0.000000000000000000e+00,0.000000000000000000e+00,0.000000000000000000e+00,0.000000000000000000e+00,-0.000000000000000000e+00,1.113049443580517828e+00,-1.178451750408758270e-01,-0.000000000000000000e+00,1.407500756466349978e-01,0.000000000000000000e+00,-2.322739592552307275e-02,0.000000000000000000e+00,-1.170134393996891814e-01,-0.000000000000000000e+00,-6.169578982888714730e-02,0.000000000000000000e+00,0.000000000000000000e+00,-0.000000000000000000e+00,0.000000000000000000e+00,-0.000000000000000000e+00,0.000000000000000000e+00,-0.000000000000000000e+00,-0.000000000000000000e+00,0.000000000000000000e+00,0.000000000000000000e+00,0.000000000000000000e+00,9.318960378767611463e-02,-0.000000000000000000e+00,-0.000000000000000000e+00,0.000000000000000000e+00,0.000000000000000000e+00,-0.000000000000000000e+00,-0.000000000000000000e+00,0.000000000000000000e+00,0.000000000000000000e+00,-2.354588966113183579e-01,-0.000000000000000000e+00,-0.000000000000000000e+00,0.000000000000000000e+00
-0.000000000000000000e+00,-0.000000000000000000e+00,-0.000000000000000000e+00,-3.017235276831791713e-01,-9.416311090447848642e-02,-1.178451750408758270e-01,1.258677967581926627e+00,0.000000000000000000e+00,0.000000000000000000e+00,-7.289766336942205514e-03,0.000000000000000000e+00,3.330296362135389820e-01,-5.161067584678545594e-02,-0.000000000000000000e+00,0.000000000000000000e+00,-0.000000000000000000e+00,0.000000000000000000e+00,-1.951359098475142495e-01,-0.000000000000000000e+00,-5.551116507803435622e-03,0.000000000000000000e+00,-0.000000000000000000e+00,-0.000000000000000000e+00,0.000000000000000000e+00,-0.000000000000000000e+00,0.000000000000000000e+00,0.000000000000000000e+00,-1.340398553263735804e-02,-0.000000000000000000e+00,-4.749775897456154361e-02,0.000000000000000000e+00,-0.000000000000000000e+00,-0.000000000000000000e+00,0.000000000000000000e+00,-0.000000000000000000e+00,-6.128787513972609735e-02,-0.000000000000000000e+00,6.784766472219283528e-02,0.000000000000000000e+00
0.000000000000000000e+00,6.135925797845086932e-02,1.486126230783227253e+00,0.000000000000000000e+00,7.406201610785606571e-02,-0.000000000000000000e+00,0.000000000000000000e+00,2.548271745025001866e+00,1.129496127033556979e-01,0.000000000000000000e+00,0.000000000000000000e+00,0.000000000000000000e+00,0.000000000000000000e+00,0.000000000000000000e+00,0.000000000000000000e+00,0.000000000000000000e+00,0.000000000000000000e+00,1.749432058329870032e-01,2.164306665740083901e-01,-4.505358543436487756e-02,9.322914984615435219e-02,0.000000000000000000e+00,0.000000000000000000e+00,1.780484507808945960e-01,1.772884107060159744e-03,0.000000000000000000e+00,0.000000000000000000e+00,1.261020579460564450e-01,-0.000000000000000000e+00,0.000000000000000000e+00,0.000000000000000000e+00,0.000000000000000000e+00,0.000000000000000000e+00,1.016298648745683070e-01,0.000000000000000000e+00,0.000000000000000000e+00,-0.000000000000000000e+00,-0.000000000000000000e+00,0.000000000000000000e+00
-0.000000000000000000e+00,-0.000000000000000000e+00,-3.257626364541051089e-02,-0.000000000000000000e+00,-0.000000000000000000e+00,1.407500756466349978e-01,0.000000000000000000e+00,1.129496127033556979e-01,2.133300562188833460e+00,-3.265200696035714389e-01,-0.000000000000000000e+00,-1.926014055910060807e-01,-0.000000000000000000e+00,-0.000000000000000000e+00,-0.000000000000000000e+00,-3.017802750286641134e-01,-0.000000000000000000e+00,-0.000000000000000000e+00,-4.255488621745073113e-02,-0.000000000000000000e+00,-0.000000000000000000e+00,-6.289642979479531659e-02,-0.000000000000000000e+00,-0.000000000000000000e+00,-0.000000000000000000e+00,-4.596755150727112049e-01,-7.634620288165534785e-02,-1.536056211492202173e-01,-0.000000000000000000e+00,-7.872412850681864693e-02,-0.000000000000000000e+00,-0.000000000000000000e+00,-1.091967260457825106e-01,-2.770994024959091417e-01,-0.000000000000000000e+00,-0.000000000000000000e+00,-0.000000000000000000e+00,-0.000000000000000000e+00,-1.657864311682915870e-01
-1.954691227337211276e-02,-5.608175636406442788e-01,-0.000000000000000000e+00,-4.263314948089511752e-02,-0.000000000000000000e+00,0.000000000000000000e+00,-7.289766336942205514e-03,0.000000000000000000e+00,-3.265200696035714389e-01,2.186055802207515608e+00,-0.000000000000000000e+00,-0.000000000000000000e+00,-0.000000000000000000e+00,-0.000000000000000000e+00,0.000000000000000000e+00,-5.768609275070185616e-01,-0.000000000000000000e+00,-0.000000000000000000e+00,-0.000000000000000000e+00,-0.000000000000000000e+00,-0.000000000000000000e+00,-5.036910879788876645e-03,-0.000000000000000000e+00,0.000000000000000000e+00,-0.000000000000000000e+00,-0.000000000000000000e+00,-2.503313010718310420e-03,-2.999155151899885463e-01,-0.000000000000000000e+00,-4.096547980277883139e-01,-0.000000000000000000e+00,-0.000000000000000000e+00,-0.000000000000000000e+00,-0.000000000000000000e+00,0.000000000000000000e+00,-0.000000000000000000e+00,-0.000000000000000000e+00,0.000000000000000000e+00,-0.000000000000000000e+00
-0.000000000000000000e+00,-0.000000000000000000e+00,-0.000000000000000000e+00,0.000000000000000000e+00,-0.000000000000000000e+00,-2.322739592552307275e-02,0.000000000000000000e+00,0.000000000000000000e+00,-0.000000000000000000e+00,-0.000000000000000000e+00,1.724460016017411279e+00,-0.000000000000000000e+00,-0.000000000000000000e+00,-0.000000000000000000e+00,-0.000000000000000000e+00,-0.000000000000000000e+00,-6.575426278975713412e-01,-0.000000000000000000e+00,0.000000000000000000e+00,0.000000000000000000e+00,-9.177719464888715872e-02,-5.007088225205167525e-02,-0.000000000000000000e+00,-1.042452805159643781e-01,-0.000000000000000000e+00,0.000000000000000000e+00,-0.000000000000000000e+00,-0.000000000000000000e+00,-0.000000000000000000e+00,0.000000000000000000e+00,-0.000000000000000000e+00,-4.384655975874650613e-01,-1.193060585966866649e-01,0.000000000000000000e+00,-0.000000000000000000e+00,-0.000000000000000000e+00,-0.000000000000000000e+00,-2.194279218722900229e-02,-0.000000000000000000e+00
-0.000000000000000000e+00,0.000000000000000000e+00,-0.000000000000000000e+00,0.000000000000000000e+00,-0.000000000000000000e+00,0.000000000000000000e+00,3.330296362135389820e-01,0.000000000000000000e+00,-1.926014055910060807e-01,-0.000000000000000000e+00,-0.000000000000000000e+00,1.631915254314636021e+00,-0.000000000000000000e+00,-0.000000000000000000e+00,-2.204465889946103097e-01,-0.000000000000000000e+00,-0.000000000000000000e+00,-0.000000000000000000e+00,-2.023529423380722100e-02,-9.131631639691314972e-02,0.000000000000000000e+00,-1.601153538265148030e-02,-0.000000000000000000e+00,-0.000000000000000000e+00,-0.000000000000000000e+00,-1.853391296518326903e-01,-0.000000000000000000e+00,-0.000000000000000000e+00,-4.423767317755222112e-02,-0.000000000000000000e+00,-0.000000000000000000e+00,-0.000000000000000000e+00,-0.000000000000000000e+00,-1.082636986976100169e-01,-0.000000000000000000e+00,-0.000000000000000000e+00,-0.000000000000000000e+00,-2.568253697611536657e-01,-3.139821597792202823e-01
-9.860152693008845254e-03,-0.000000000000000000e+00,-0.000000000000000000e+00,-0.000000000000000000e+00,-0.000000000000000000e+00,-1.170134393996891814e-01,-5.161067584678545594e-02,0.000000000000000000e+00,-0.000000000000000000e+00,-0.000000000000000000e+00,-0.000000000000000000e+00,-0.000000000000000000e+00,1.162868314059996244e+00,-0.000000000000000000e+00,-2.935894198496334997e-02,-0.000000000000000000e+00,-0.000000000000000000e+00,-1.536072597578473989e-03,0.000000000000000000e+00,-2.188964982655724201e-01,-0.000000000000000000e+00,-0.000000000000000000e+00,-0.000000000000000000e+00,0.000000000000000000e+00,0.000000000000000000e+00,0.000000000000000000e+00,0.000000000000000000e+00,-0.000000000000000000e+00,-1.146793555340804432e-01,-0.000000000000000000e+00,2.611252640568180183e-01,-1.276115120608578568e-02,-0.000000000000000000e+00,-0.000000000000000000e+00,-0.000000000000000000e+00,-7.843952442062436525e-02,-2.520765004495076345e-02,-0.000000000000000000e+00,0.000000000000000000e+00
-0.000000000000000000e+00,-0.000000000000000000e+00,-0.000000000000000000e+00,0.000000000000000000e+00,-0.000000000000000000e+00,-0.000000000000000000e+00,-0.000000000000000000e+00,0.000000000000000000e+00,-0.000000000000000000e+00,-0.000000000000000000e+00,-0.000000000000000000e+00,-0.000000000000000000e+00,-0.000000000000000000e+00,2.062126176998139826e+00,-3.442190503434458537e-01,-4.837150286472267635e-01,-0.000000000000000000e+00,-1.267574641466782392e-01,-0.000000000000000000e+00,-0.000000000000000000e+00,0.000000000000000000e+00,-0.000000000000000000e+00,-0.000000000000000000e+00,-1.538585803370127736e-01,-0.000000000000000000e+00,0.000000000000000000e+00,0.000000000000000000e+00,-1.562221462258565619e-01,-0.000000000000000000e+00,-0.000000000000000000e+00,-0.000000000000000000e+00,-0.000000000000000000e+00,-2.828425790025160258e-01,-0.000000000000000000e+00,-2.221952819870850748e-01,-2.438196485877412445e-01,-3.543333032958868034e-01,-0.000000000000000000e+00,0.000000000000000000e+00
0.000000000000000000e+00,0.000000000000000000e+00,-0.000000000000000000e+00,2.873325397235064194e-01,-0.000000000000000000e+00,-6.169578982888714730e-02,0.000000000000000000e+00,0.000000000000000000e+00,-0.000000000000000000e+00,0.000000000000000000e+00,-0.000000000000000000e+00,-2.204465889946103097e-01,-2.935894198496334997e-02,-3.442190503434458537e-01,1.636241402051010985e+00,-0.000000000000000000e+00,-0.000000000000000000e+00,-0.000000000000000000e+00,0.000000000000000000e+00,-0.000000000000000000e+00,-0.000000000000000000e+00,-2.747613861132446739e-02,-0.000000000000000000e+00,-0.000000000000000000e+00,-0.000000000000000000e+00,-0.000000000000000000e+00,0.000000000000000000e+00,-0.000000000000000000e+00,-7.066521736130051967e-02,0.000000000000000000e+00,-0.000000000000000000e+00,-1.381997151804103541e-01,-2.226685295423066480e-01,-0.000000000000000000e+00,-3.117997208705115819e-02,-5.759391594275934528e-02,-2.304882905230776560e-02,-2.722384745540941120e-01,-0.000000000000000000e+00
-4.932116901557340866e-02,-1.761264358687505138e-01,-0.000000000000000000e+00,-0.000000000000000000e+00,-0.000000000000000000e+00,0.000000000000000000e+00,-0.000000000000000000e+00,0.000000000000000000e+00,-3.017802750286641134e-01,-5.768609275070185616e-01,-0.000000000000000000e+00,-0.000000000000000000e+00,-0.000000000000000000e+00,-4.837150286472267635e-01,-0.000000000000000000e+00,2.013317412092969327e+00,-0.000000000000000000e+00,-0.000000000000000000e+00,-0.000000000000000000e+00,-1.414445687916226491e-01,0.000000000000000000e+00,-4.014155392344348483e-02,-0.000000000000000000e+00,-0.000000000000000000e+00,-0.000000000000000000e+00,-0.000000000000000000e+00,-0.000000000000000000e+00,-1.244700617220973887e-01,-0.000000000000000000e+00,-0.000000000000000000e+00,-0.000000000000000000e+00,-0.000000000000000000e+00,-7.817857441943500130e-02,-0.000000000000000000e+00,-0.000000000000000000e+00,-0.000000000000000000e+00,-4.331379611352317166e-02,0.000000000000000000e+00,-0.000000000000000000e+00
-3.295900274691548337e-01,-0.000000000000000000e+00,-0.000000000000000000e+00,-0.000000000000000000e+00,-0.000000000000000000e+00,0.000000000000000000e+00,0.000000000000000000e+00,0.000000000000000000e+00,-0.000000000000000000e+00,-0.000000000000000000e+00,-6.575426278975713412e-01,-0.000000000000000000e+00,-0.000000000000000000e+00,-0.000000000000000000e+00,-0.000000000000000000e+00,-0.000000000000000000e+00,2.090802770065872895e+00,-0.000000000000000000e+00,0.000000000000000000e+00,-0.000000000000000000e+00,-0.000000000000000000e+00,-1.203322584860208322e-01,-0.000000000000000000e+00,-0.000000000000000000e+00,-0.000000000000000000e+00,-0.000000000000000000e+00,-0.000000000000000000e+00,-0.000000000000000000e+00,-4.692998436930090889e-01,-0.000000000000000000e+00,-0.000000000000000000e+00,-4.137707636564103564e-01,-3.701499807525623909e-02,0.000000000000000000e+00,-0.000000000000000000e+00,0.000000000000000000e+00,-0.000000000000000000e+00,-2.019796363158108884e-02,-0.000000000000000000e+00
-0.000000000000000000e+00,-0.000000000000000000e+00,-8.118353536554925864e-02,-1.956788366582383476e-02,-3.484670373750570899e-02,-0.000000000000000000e+00,-1.951359098475142495e-01,1.749432058329870032e-01,-0.000000000000000000e+00,-0.000000000000000000e+00,-0.000000000000000000e+00,-0.000000000000000000e+00,-1.536072597578473989e-03,-1.267574641466782392e-01,-0.000000000000000000e+00,-0.000000000000000000e+00,-0.000000000000000000e+00,1.258457088453782236e+00,-9.068618663233167509e-02,-0.000000000000000000e+00,-0.000000000000000000e+00,-0.000000000000000000e+00,-0.000000000000000000e+00,-0.000000000000000000e+00,-0.000000000000000000e+00,-0.000000000000000000e+00,0.000000000000000000e+00,-0.000000000000000000e+00,-0.000000000000000000e+00,0.000000000000000000e+00,0.000000000000000000e+00,-1.307685149466388808e-01,-5.872159198668031044e-02,0.000000000000000000e+00,-0.000000000000000000e+00,-0.000000000000000000e+00,-8.382996334566068797e-02,0.000000000000000000e+00,0.000000000000000000e+00
-0.000000000000000000e+00,0.000000000000000000e+00,-2.156434924584492083e-02,-1.550908292902594132e-01,-5.865690025233337712e-01,0.000000000000000000e+00,-0.000000000000000000e+00,2.164306665740083901e-01,-4.255488621745073113e-02,-0.000000000000000000e+00,0.000000000000000000e+00,-2.023529423380722100e-02,0.000000000000000000e+00,-0.000000000000000000e+00,0.000000000000000000e+00,-0.000000000000000000e+00,0.000000000000000000e+00,-9.068618663233167509e-02,1.448413585115420732e+00,0.000000000000000000e+00,0.000000000000000000e+00,0.000000000000000000e+00,0.000000000000000000e+00,-0.000000000000000000e+00,-0.000000000000000000e+00,-0.000000000000000000e+00,-0.000000000000000000e+00,-0.000000000000000000e+00,0.000000000000000000e+00,0.000000000000000000e+00,-0.000000000000000000e+00,0.000000000000000000e+00,-0.000000000000000000e+00,-0.000000000000000000e+00,0.000000000000000000e+00,0.000000000000000000e+00,0.000000000000000000e+00,0.000000000000000000e+00,-0.000000000000000000e+00
-0.000000000000000000e+00,0.000000000000000000e+00,2.934253476591693402e-02,-7.703698844518022670e-02,-0.000000000000000000e+00,-0.000000000000000000e+00,-5.551116507803435622e-03,-4.505358543436487756e-02,-0.000000000000000000e+00,-0.000000000000000000e+00,0.000000000000000000e+00,-9.131631639691314972e-02,-2.188964982655724201e-01,-0.000000000000000000e+00,-0.000000000000000000e+00,-1.414445687916226491e-01,-0.000000000000000000e+00,-0.000000000000000000e+00,0.000000000000000000e+00,1.477605447969675634e+00,2.446397365708015414e-01,-0.000000000000000000e+00,0.000000000000000000e+00,3.027362901615591323e-02,0.000000000000000000e+00,-0.000000000000000000e+00,0.000000000000000000e+00,-0.000000000000000000e+00,-3.600247392486013442e-01,-0.000000000000000000e+00,0.000000000000000000e+00,-0.000000000000000000e+00,-0.000000000000000000e+00,0.000000000000000000e+00,-0.000000000000000000e+00,-0.000000000000000000e+00,-3.926114741853372059e-01,-0.000000000000000000e+00,0.000000000000000000e+00
-0.000000000000000000e+00,-9.553506601427437517e-02,-2.072075367994164752e-01,1.113585767883428224e-01,0.000000000000000000e+00,0.000000000000000000e+00,0.000000000000000000e+00,9.322914984615435219e-02,-0.000000000000000000e+00,-0.000000000000000000e+00,-9.177719464888715872e-02,0.000000000000000000e+00,-0.000000000000000000e+00,0.000000000000000000e+00,-0.000000000000000000e+00,0.000000000000000000e+00,-0.000000000000000000e+00,-0.000000000000000000e+00,0.000000000000000000e+00,2.446397365708015414e-01,1.303601465971781836e+00,-1.313870706807413781e-02,-0.000000000000000000e+00,-2.435323940751713823e-01,-0.000000000000000000e+00,0.000000000000000000e+00,-5.889925703051328287e-02,-0.000000000000000000e+00,0.000000000000000000e+00,-0.000000000000000000e+00,-0.000000000000000000e+00,-0.000000000000000000e+00,-0.000000000000000000e+00,-0.000000000000000000e+00,-9.982641582761449250e-02,-0.000000000000000000e+00,0.000000000000000000e+00,-0.000000000000000000e+00,-6.345662573628182979e-02
-0.000000000000000000e+00,-1.495318215466691636e-01,-0.000000000000000000e+00,0.000000000000000000e+00,-0.000000000000000000e+00,-0.000000000000000000e+00,-0.000000000000000000e+00,0.000000000000000000e+00,-6.289642979479531659e-02,-5.036910879788876645e-03,-5.007088225205167525e-02,-1.601153538265148030e-02,-0.000000000000000000e+00,-0.000000000000000000e+00,-2.747613861132446739e-02,-4.014155392344348483e-02,-1.203322584860208322e-01,-0.000000000000000000e+00,0.000000000000000000e+00,-0.000000000000000000e+00,-1.313870706807413781e-02,1.337074973487041518e+00,0.000000000000000000e+00,-0.000000000000000000e+00,-0.000000000000000000e+00,-0.000000000000000000e+00,-0.000000000000000000e+00,-9.710617783676278592e-02,-0.000000000000000000e+00,-1.219299794503017897e-01,-0.000000000000000000e+00,-2.420410146575051602e-01,-0.000000000000000000e+00,-2.927756047976589476e-02,-0.000000000000000000e+00,-4.060391596146111642e-02,-0.000000000000000000e+00,-0.000000000000000000e+00,-0.000000000000000000e+00
-0.000000000000000000e+00,-0.000000000000000000e+00,-0.000000000000000000e+00,0.000000000000000000e+00,-0.000000000000000000e+00,-0.000000000000000000e+00,-0.000000000000000000e+00,0.000000000000000000e+00,-0.000000000000000000e+00,-0.000000000000000000e+00,-0.000000000000000000e+00,-0.000000000000000000e+00,-0.000000000000000000e+00,-0.000000000000000000e+00,-0.000000000000000000e+00,-0.000000000000000000e+00,-0.000000000000000000e+00,-0.000000000000000000e+00,0.000000000000000000e+00,0.000000000000000000e+00,-0.000000000000000000e+00,0.000000000000000000e+00,1.452183610818846393e+00,-3.184103959315425642e-02,-6.137536046557965363e-01,0.000000000000000000e+00,-0.000000000000000000e+00,-0.000000000000000000e+00,-1.233595443604816599e-02,-0.000000000000000000e+00,-0.000000000000000000e+00,-2.888891150756077442e-02,-0.000000000000000000e+00,-0.000000000000000000e+00,-5.295946024214694126e-02,-3.478230793937964194e-01,-5.628907679529343219e-03,-2.514833419739876882e-02,-0.000000000000000000e+00
-0.000000000000000000e+00,-0.000000000000000000e+00,-0.000000000000000000e+00,0.000000000000000000e+00,-0.000000000000000000e+00,0.000000000000000000e+00,0.000000000000000000e+00,1.780484507808945960e-01,-0.000000000000000000e+00,0.000000000000000000e+00,-1.042452805159643781e-01,-0.000000000000000000e+00,0.000000000000000000e+00,-1.538585803370127736e-01,-0.000000000000000000e+00,-0.000000000000000000e+00,-0.000000000000000000e+00,-0.000000000000000000e+00,-0.000000000000000000e+00,3.027362901615591323e-02,-2.435323940751713823e-01,-0.000000000000000000e+00,-3.184103959315425642e-02,1.217344302102632891e+00,-0.000000000000000000e+00,0.000000000000000000e+00,-0.000000000000000000e+00,-0.000000000000000000e+00,0.000000000000000000e+00,0.000000000000000000e+00,-0.000000000000000000e+00,-0.000000000000000000e+00,-0.000000000000000000e+00,-0.000000000000000000e+00,-3.385449066364448756e-02,-8.492273260346858144e-02,-0.000000000000000000e+00,-0.000000000000000000e+00,-0.000000000000000000e+00
-0.000000000000000000e+00,-0.000000000000000000e+00,-7.650878085684845176e-02,-0.000000000000000000e+00,-0.000000000000000000e+00,0.000000000000000000e+00,-0.000000000000000000e+00,1.772884107060159744e-03,-0.000000000000000000e+00,-0.000000000000000000e+00,-0.000000000000000000e+00,-0.000000000000000000e+00,0.000000000000000000e+00,-0.000000000000000000e+00,-0.000000000000000000e+00,-0.000000000000000000e+00,-0.000000000000000000e+00,-0.000000000000000000e+00,-0.000000000000000000e+00,0.000000000000000000e+00,-0.000000000000000000e+00,-0.000000000000000000e+00,-6.137536046557965363e-01,-0.000000000000000000e+00,1.517761542122461060e+00,-0.000000000000000000e+00,-2.776458974317711631e-02,-3.218203915969810591e-01,-0.000000000000000000e+00,-0.000000000000000000e+00,-1.958893886506285764e-01,-0.000000000000000000e+00,-0.000000000000000000e+00,-0.000000000000000000e+00,-0.000000000000000000e+00,-0.000000000000000000e+00,-0.000000000000000000e+00,-0.000000000000000000e+00,-0.000000000000000000e+00
-0.000000000000000000e+00,0.000000000000000000e+00,-0.000000000000000000e+00,0.000000000000000000e+00,-0.000000000000000000e+00,0.000000000000000000e+00,0.000000000000000000e+00,0.000000000000000000e+00,-4.596755150727112049e-01,-0.000000000000000000e+00,0.000000000000000000e+00,-1.853391296518326903e-01,0.000000000000000000e+00,0.000000000000000000e+00,-0.000000000000000000e+00,-0.000000000000000000e+00,-0.000000000000000000e+00,-0.000000000000000000e+00,-0.000000000000000000e+00,-0.000000000000000000e+00,0.000000000000000000e+00,-0.000000000000000000e+00,0.000000000000000000e+00,0.000000000000000000e+00,-0.000000000000000000e+00,1.483594027423627670e+00,-3.604261174423694647e-01,-6.722336418748461884e-02,-0.000000000000000000e+00,-0.000000000000000000e+00,-4.867315962010700103e-02,0.000000000000000000e+00,-0.000000000000000000e+00,-0.000000000000000000e+00,-0.000000000000000000e+00,0.000000000000000000e+00,-0.000000000000000000e+00,-0.000000000000000000e+00,-0.000000000000000000e+00
-0.000000000000000000e+00,-3.484268458086981542e-03,-0.000000000000000000e+00,0.000000000000000000e+00,-0.000000000000000000e+00,9.318960378767611463e-02,0.000000000000000000e+00,0.000000000000000000e+00,-7.634620288165534785e-02,-2.503313010718310420e-03,-0.000000000000000000e+00,-0.000000000000000000e+00,0.000000000000000000e+00,0.000000000000000000e+00,0.000000000000000000e+00,-0.000000000000000000e+00,-0.000000000000000000e+00,0.000000000000000000e+00,-0.000000000000000000e+00,0.000000000000000000e+00,-5.889925703051328287e-02,-0.000000000000000000e+00,-0.000000000000000000e+00,-0.000000000000000000e+00,-2.776458974317711631e-02,-3.604261174423694647e-01,1.658438083454064849e+00,-0.000000000000000000e+00,0.000000000000000000e+00,-0.000000000000000000e+00,-3.249129006153110288e-01,-0.000000000000000000e+00,-0.000000000000000000e+00,-0.000000000000000000e+00,0.000000000000000000e+00,1.968656158919587437e-02,3.106118484848744213e-02,-0.000000000000000000e+00,-6.006891362682410529e-01
-0.000000000000000000e+00,-0.000000000000000000e+00,-2.211914745272758609e-01,-0.000000000000000000e+00,-4.776706259856635106e-01,-0.000000000000000000e+00,-1.340398553263735804e-02,1.261020579460564450e-01,-1.536056211492202173e-01,-2.999155151899885463e-01,-0.000000000000000000e+00,-0.000000000000000000e+00,-0.000000000000000000e+00,-1.562221462258565619e-01,-0.000000000000000000e+00,-1.244700617220973887e-01,-0.000000000000000000e+00,-0.000000000000000000e+00,-0.000000000000000000e+00,-0.000000000000000000e+00,-0.000000000000000000e+00,-9.710617783676278592e-02,-0.000000000000000000e+00,-0.000000000000000000e+00,-3.218203915969810591e-01,-6.722336418748461884e-02,-0.000000000000000000e+00,2.352147003292990313e+00,-1.101766651420382909e-01,-7.607052885781775964e-02,-0.000000000000000000e+00,-6.077618551060003788e-02,-1.969340191069817725e-01,-3.258893027713878898e-01,-0.000000000000000000e+00,-0.000000000000000000e+00,-0.000000000000000000e+00,-0.000000000000000000e+00,-0.000000000000000000e+00
-1.289026377693699432e-01,-0.000000000000000000e+00,0.000000000000000000e+00,-0.000000000000000000e+00,-0.000000000000000000e+00,-0.000000000000000000e+00,-0.000000000000000000e+00,-0.000000000000000000e+00,-0.000000000000000000e+00,-0.000000000000000000e+00,-0.000000000000000000e+00,-4.423767317755222112e-02,-1.146793555340804432e-01,-0.000000000000000000e+00,-7.066521736130051967e-02,-0.000000000000000000e+00,-4.692998436930090889e-01,-0.000000000000000000e+00,0.000000000000000000e+00,-3.600247392486013442e-01,0.000000000000000000e+00,-0.000000000000000000e+00,-1.233595443604816599e-02,0.000000000000000000e+00,-0.000000000000000000e+00,-0.000000000000000000e+00,0.000000000000000000e+00,-1.101766651420382909e-01,2.216240545973031661e+00,0.000000000000000000e+00,-0.000000000000000000e+00,-3.081586935090169233e-01,-2.790806124850501654e-02,0.000000000000000000e+00,-0.000000000000000000e+00,-0.000000000000000000e+00,-6.690352477808478859e-01,-9.921812201025530242e-02,-0.000000000000000000e+00
-0.000000000000000000e+00,-2.794799490132751987e-02,-0.000000000000000000e+00,-0.000000000000000000e+00,-0.000000000000000000e+00,0.000000000000000000e+00,-4.749775897456154361e-02,0.000000000000000000e+00,-7.872412850681864693e-02,-4.096547980277883139e-01,0.000000000000000000e+00,-0.000000000000000000e+00,-0.000000000000000000e+00,-0.000000000000000000e+00,0.000000000000000000e+00,-0.000000000000000000e+00,-0.000000000000000000e+00,0.000000000000000000e+00,0.000000000000000000e+00,-0.000000000000000000e+00,-0.000000000000000000e+00,-1.219299794503017897e-01,-0.000000000000000000e+00,0.000000000000000000e+00,-0.000000000000000000e+00,-0.000000000000000000e+00,-0.000000000000000000e+00,-7.607052885781775964e-02,0.000000000000000000e+00,1.403310372850778975e+00,-0.000000000000000000e+00,-0.000000000000000000e+00,-0.000000000000000000e+00,-1.971660042560486881e-01,0.000000000000000000e+00,-1.606728811943758661e-01,0.000000000000000000e+00,2.353685941274286444e-02,-0.000000000000000000e+00
-0.000000000000000000e+00,-2.125889600514109801e-01,-6.843749029984495802e-02,7.466118230128367117e-02,-0.000000000000000000e+00,0.000000000000000000e+00,0.000000000000000000e+00,0.000000000000000000e+00,-0.000000000000000000e+00,-0.000000000000000000e+00,-0.000000000000000000e+00,-0.000000000000000000e+00,2.611252640568180183e-01,-0.000000000000000000e+00,-0.000000000000000000e+00,-0.000000000000000000e+00,-0.000000000000000000e+00,0.000000000000000000e+00,-0.000000000000000000e+00,0.000000000000000000e+00,-0.000000000000000000e+00,-0.000000000000000000e+00,-0.000000000000000000e+00,-0.000000000000000000e+00,-1.958893886506285764e-01,-4.867315962010700103e-02,-3.249129006153110288e-01,-0.000000000000000000e+00,-0.000000000000000000e+00,-0.000000000000000000e+00,1.528772771444030676e+00,-0.000000000000000000e+00,-2.490730402613634542e-01,-2.217509262973319240e-01,0.000000000000000000e+00,0.000000000000000000e+00,0.000000000000000000e+00,-0.000000000000000000e+00,-0.000000000000000000e+00
-0.000000000000000000e+00,-1.810230580545481860e-01,-0.000000000000000000e+00,-0.000000000000000000e+00,-0.000000000000000000e+00,-0.000000000000000000e+00,-0.000000000000000000e+00,0.000000000000000000e+00,-0.000000000000000000e+00,-0.000000000000000000e+00,-4.384655975874650613e-01,-0.000000000000000000e+00,-1.276115120608578568e-02,-0.000000000000000000e+00,-1.381997151804103541e-01,-0.000000000000000000e+00,-4.137707636564103564e-01,-1.307685149466388808e-01,0.000000000000000000e+00,-0.000000000000000000e+00,-0.000000000000000000e+00,-2.420410146575051602e-01,-2.888891150756077442e-02,-0.000000000000000000e+00,-0.000000000000000000e+00,0.000000000000000000e+00,-0.000000000000000000e+00,-6.077618551060003788e-02,-3.081586935090169233e-01,-0.000000000000000000e+00,-0.000000000000000000e+00,2.322312845085213073e+00,-4.140746937421413421e-02,-0.000000000000000000e+00,-6.378224947885881291e-02,-0.000000000000000000e+00,-4.835361149062173403e-01,-0.000000000000000000e+00,-1.298586911081774653e-01
-0.000000000000000000e+00,-0.000000000000000000e+00,-0.000000000000000000e+00,0.000000000000000000e+00,-0.000000000000000000e+00,-0.000000000000000000e+00,-0.000000000000000000e+00,0.000000000000000000e+00,-1.091967260457825106e-01,-0.000000000000000000e+00,-1.193060585966866649e-01,-0.000000000000000000e+00,-0.000000000000000000e+00,-2.828425790025160258e-01,-2.226685295423066480e-01,-7.817857441943500130e-02,-3.701499807525623909e-02,-5.872159198668031044e-02,-0.000000000000000000e+00,-0.000000000000000000e+00,-0.000000000000000000e+00,-0.000000000000000000e+00,-0.000000000000000000e+00,-0.000000000000000000e+00,-0.000000000000000000e+00,-0.000000000000000000e+00,-0.000000000000000000e+00,-1.969340191069817725e-01,-2.790806124850501654e-02,-0.000000000000000000e+00,-2.490730402613634542e-01,-4.140746937421413421e-02,1.564079971452172257e+00,-0.000000000000000000e+00,-0.000000000000000000e+00,-0.000000000000000000e+00,-0.000000000000000000e+00,-1.793391139915569144e-02,-0.000000000000000000e+00
0.000000000000000000e+00,-0.000000000000000000e+00,-1.116986983991045818e-01,0.000000000000000000e+00,-1.334834007296059888e-01,0.000000000000000000e+00,0.000000000000000000e+00,1.016298648745683070e-01,-2.770994024959091417e-01,-0.000000000000000000e+00,0.000000000000000000e+00,-1.082636986976100169e-01,-0.000000000000000000e+00,-0.000000000000000000e+00,-0.000000000000000000e+00,-0.000000000000000000e+00,0.000000000000000000e+00,0.000000000000000000e+00,-0.000000000000000000e+00,0.000000000000000000e+00,-0.000000000000000000e+00,-2.927756047976589476e-02,-0.000000000000000000e+00,-0.000000000000000000e+00,-0.000000000000000000e+00,-0.000000000000000000e+00,-0.000000000000000000e+00,-3.258893027713878898e-01,0.000000000000000000e+00,-1.971660042560486881e-01,-2.217509262973319240e-01,-0.000000000000000000e+00,-0.000000000000000000e+00,1.747881531966430479e+00,-0.000000000000000000e+00,-4.920066995769373230e-02,0.000000000000000000e+00,-0.000000000000000000e+00,-1.774156060850386740e-01
-0.000000000000000000e+00,0.000000000000000000e+00,-0.000000000000000000e+00,0.000000000000000000e+00,-0.000000000000000000e+00,0.000000000000000000e+00,-0.000000000000000000e+00,0.000000000000000000e+00,-0.000000000000000000e+00,0.000000000000000000e+00,-0.000000000000000000e+00,-0.000000000000000000e+00,-0.000000000000000000e+00,-2.221952819870850748e-01,-3.117997208705115819e-02,-0.000000000000000000e+00,-0.000000000000000000e+00,-0.000000000000000000e+00,0.000000000000000000e+00,-0.000000000000000000e+00,-9.982641582761449250e-02,-0.000000000000000000e+00,-5.295946024214694126e-02,-3.385449066364448756e-02,-0.000000000000000000e+00,-0.000000000000000000e+00,0.000000000000000000e+00,-0.000000000000000000e+00,-0.000000000000000000e+00,0.000000000000000000e+00,0.000000000000000000e+00,-6.378224947885881291e-02,-0.000000000000000000e+00,-0.000000000000000000e+00,1.478828775160189180e+00,-0.000000000000000000e+00,-6.004573704422487834e-01,-0.000000000000000000e+00,-0.000000000000000000e+00
-0.000000000000000000e+00,-0.000000000000000000e+00,-0.000000000000000000e+00,0.000000000000000000e+00,-0.000000000000000000e+00,-2.354588966113183579e-01,-6.128787513972609735e-02,0.000000000000000000e+00,-0.000000000000000000e+00,-0.000000000000000000e+00,-0.000000000000000000e+00,-0.000000000000000000e+00,-7.843952442062436525e-02,-2.438196485877412445e-01,-5.759391594275934528e-02,-0.000000000000000000e+00,0.000000000000000000e+00,-0.000000000000000000e+00,0.000000000000000000e+00,-0.000000000000000000e+00,-0.000000000000000000e+00,-4.060391596146111642e-02,-3.478230793937964194e-01,-8.492273260346858144e-02,-0.000000000000000000e+00,0.000000000000000000e+00,1.968656158919587437e-02,-0.000000000000000000e+00,-0.000000000000000000e+00,-1.606728811943758661e-01,0.000000000000000000e+00,-0.000000000000000000e+00,-0.000000000000000000e+00,-4.920066995769373230e-02,-0.000000000000000000e+00,1.356351192809194472e+00,-0.000000000000000000e+00,-0.000000000000000000e+00,-0.000000000000000000e+00
-0.000000000000000000e+00,-0.000000000000000000e+00,0.000000000000000000e+00,-0.000000000000000000e+00,-0.000000000000000000e+00,-0.000000000000000000e+00,-0.000000000000000000e+00,-0.000000000000000000e+00,-0.000000000000000000e+00,-0.000000000000000000e+00,-0.000000000000000000e+00,-0.000000000000000000e+00,-2.520765004495076345e-02,-3.543333032958868034e-01,-2.304882905230776560e-02,-4.331379611352317166e-02,-0.000000000000000000e+00,-8.382996334566068797e-02,0.000000000000000000e+00,-3.926114741853372059e-01,0.000000000000000000e+00,-0.000000000000000000e+00,-5.628907679529343219e-03,-0.000000000000000000e+00,-0.000000000000000000e+00,-0.000000000000000000e+00,3.106118484848744213e-02,-0.000000000000000000e+00,-6.690352477808478859e-01,0.000000000000000000e+00,0.000000000000000000e+00,-4.835361149062173403e-01,-0.000000000000000000e+00,0.000000000000000000e+00,-6.004573704422487834e-01,-0.000000000000000000e+00,2.436791406681793060e+00,-0.000000000000000000e+00,0.000000000000000000e+00
-2.458489381293536558e-01,0.000000000000000000e+00,0.000000000000000000e+00,4.484934762873415276e-02,-0.000000000000000000e+00,-0.000000000000000000e+00,6.784766472219283528e-02,-0.000000000000000000e+00,-0.000000000000000000e+00,0.000000000000000000e+00,-2.194279218722900229e-02,-2.568253697611536657e-01,-0.000000000000000000e+00,-0.000000000000000000e+00,-2.722384745540941120e-01,0.000000000000000000e+00,-2.019796363158108884e-02,0.000000000000000000e+00,0.000000000000000000e+00,-0.000000000000000000e+00,-0.000000000000000000e+00,-0.000000000000000000e+00,-2.514833419739876882e-02,-0.000000000000000000e+00,-0.000000000000000000e+00,-0.000000000000000000e+00,-0.000000000000000000e+00,-0.000000000000000000e+00,-9.921812201025530242e-02,2.353685941274286444e-02,-0.000000000000000000e+00,-0.000000000000000000e+00,-1.793391139915569144e-02,-0.000000000000000000e+00,-0.000000000000000000e+00,-0.000000000000000000e+00,-0.000000000000000000e+00,1.394913209247081731e+00,-1.269184405870067145e-01
-9.842700466095993805e-02,-0.000000000000000000e+00,-1.469934306125675882e-01,0.000000000000000000e+00,-2.546366509102706427e-02,0.000000000000000000e+00,0.000000000000000000e+00,0.000000000000000000e+00,-1.657864311682915870e-01,-0.000000000000000000e+00,-0.000000000000000000e+00,-3.139821597792202823e-01,0.000000000000000000e+00,0.000000000000000000e+00,-0.000000000000000000e+00,-0.000000000000000000e+00,-0.000000000000000000e+00,0.000000000000000000e+00,-0.000000000000000000e+00,0.000000000000000000e+00,-6.345662573628182979e-02,-0.000000000000000000e+00,-0.000000000000000000e+00,-0.000000000000000000e+00,-0.000000000000000000e+00,-0.000000000000000000e+00,-6.006891362682410529e-01,-0.000000000000000000e+00,-0.000000000000000000e+00,-0.000000000000000000e+00,-0.000000000000000000e+00,-1.298586911081774653e-01,-0.000000000000000000e+00,-1.774156060850386740e-01,-0.000000000000000000e+00,-0.000000000000000000e+00,0.000000000000000000e+00,-1.269184405870067145e-01,1.800920932064241642e+00
