2.047834977561000525e+00,-4.374818298522434312e-01,-0.000000000000000000e+00,-0.000000000000000000e+00,-0.000000000000000000e+00,0.000000000000000000e+00,-0.000000000000000000e+00,0.000000000000000000e+00,-5.078839981269551995e-02,-1.079532055137360502e-01,-5.451189892600222936e-02,-0.000000000000000000e+00,0.000000000000000000e+00,-2.076515381299640778e-02,0.000000000000000000e+00,-3.235408588136017838e-01,-0.000000000000000000e+00,-3.217505637939978291e-02,-0.000000000000000000e+00,-0.000000000000000000e+00,-0.000000000000000000e+00,-0.000000000000000000e+00,-0.000000000000000000e+00,-0.000000000000000000e+00,-0.000000000000000000e+00,-1.581427555458147782e-01,-0.000000000000000000e+00,-1.419195262940188551e-01,-0.000000000000000000e+00,-8.933344214074802336e-03,-0.000000000000000000e+00,-0.000000000000000000e+00,-0.000000000000000000e+00,-0.000000000000000000e+00,-0.000000000000000000e+00,-1.775823548450930767e-01,-0.000000000000000000e+00,-4.443633316725546512e-01,-0.000000000000000000e+00
-4.374818298522434312e-01,2.256420348267869969e+00,-1.816838241111725857e-02,-0.000000000000000000e+00,-6.620300323834300837e-02,0.000000000000000000e+00,-0.000000000000000000e+00,0.000000000000000000e+00,-2.486498159788088150e-02,-1.393081329802683677e-01,-1.412728437626336042e-01,-0.000000000000000000e+00,0.000000000000000000e+00,-1.906264483683385025e-01,0.000000000000000000e+00,-9.584803054033350089e-02,0.000000000000000000e+00,-0.000000000000000000e+00,-0.000000000000000000e+00,-0.000000000000000000e+00,0.000000000000000000e+00,-0.000000000000000000e+00,-3.429156360679320309e-02,-0.000000000000000000e+00,-0.000000000000000000e+00,-3.189025123925553484e-01,-7.894651977903552331e-02,-1.092807404517224523e-01,-0.000000000000000000e+00,-0.000000000000000000e+00,-0.000000000000000000e+00,-8.701599764256562342e-02,-0.000000000000000000e+00,-0.000000000000000000e+00,-4.895256748750637793e-02,-1.322189006363025665e-01,-0.000000000000000000e+00,-4.502213226942803348e-01,-0.000000000000000000e+00
-0.000000000000000000e+00,-1.816838241111725857e-02,2.151341030271056720e+00,-0.000000000000000000e+00,-2.743808386161277271e-02,0.000000000000000000e+00,-0.000000000000000000e+00,7.629356744728379436e-01,-0.000000000000000000e+00,-0.000000000000000000e+00,-0.000000000000000000e+00,-0.000000000000000000e+00,-0.000000000000000000e+00,-0.000000000000000000e+00,0.000000000000000000e+00,-0.000000000000000000e+00,0.000000000000000000e+00,-8.481603506156761008e-02,-0.000000000000000000e+00,-0.000000000000000000e+00,-1.924953009411338734e-01,-3.093259680730433003e-01,-1.624446543240304908e-01,-0.000000000000000000e+00,-4.703706596777994242e-02,-0.000000000000000000e+00,-1.767218424827282641e-01,-4.150232438212028002e-02,-2.433260635634046723e-02,-0.000000000000000000e+00,-3.023762121839622674e-01,-0.000000000000000000e+00,-0.000000000000000000e+00,-1.429338314607666027e-01,-0.000000000000000000e+00,-0.000000000000000000e+00,-0.000000000000000000e+00,-0.000000000000000000e+00,-0.000000000000000000e+00
-0.000000000000000000e+00,-0.000000000000000000e+00,-0.000000000000000000e+00,2.142078105335049276e+00,0.000000000000000000e+00,0.000000000000000000e+00,-3.685138241538962744e-01,-0.000000000000000000e+00,-1.553112345438847630e-01,-0.000000000000000000e+00,0.000000000000000000e+00,-4.473921316836161899e-01,0.000000000000000000e+00,-0.000000000000000000e+00,-0.000000000000000000e+00,-0.000000000000000000e+00,6.577017931543210905e-02,-2.997928101956239266e-01,-8.583165951147186945e-02,-4.585688933855733285e-01,0.000000000000000000e+00,-0.000000000000000000e+00,-0.000000000000000000e+00,-0.000000000000000000e+00,-0.000000000000000000e+00,-0.000000000000000000e+00,-0.000000000000000000e+00,-0.000000000000000000e+00,-0.000000000000000000e+00,-0.000000000000000000e+00,0.000000000000000000e+00,0.000000000000000000e+00,2.130223114238954107e-01,-0.000000000000000000e+00,0.000000000000000000e+00,0.000000000000000000e+00,0.000000000000000000e+00,-0.000000000000000000e+00,-2.860765624243495897e-01
-0.000000000000000000e+00,-6.620300323834300837e-02,-2.743808386161277271e-02,0.000000000000000000e+00,1.584187545375579598e+00,0.000000000000000000e+00,0.000000000000000000e+00,1.040914507914399850e-01,-0.000000000000000000e+00,-3.359863754217163878e-01,-4.958205953811765931e-03,0.000000000000000000e+00,0.000000000000000000e+00,-0.000000000000000000e+00,0.000000000000000000e+00,-2.897622572646890715e-01,0.000000000000000000e+00,-0.000000000000000000e+00,-0.000000000000000000e+00,0.000000000000000000e+00,-0.000000000000000000e+00,0.000000000000000000e+00,-0.000000000000000000e+00,-0.000000000000000000e+00,-1.571457027124632810e-02,-0.000000000000000000e+00,-0.000000000000000000e+00,-0.000000000000000000e+00,-0.000000000000000000e+00,-0.000000000000000000e+00,-8.576944967213000204e-02,-0.000000000000000000e+00,-1.270790388413728655e-01,-0.000000000000000000e+00,-0.000000000000000000e+00,-0.000000000000000000e+00,-0.000000000000000000e+00,-2.632160879788830732e-01,-0.000000000000000000e+00
0.000000000000000000e+00,0.000000000000000000e+00,0.000000000000000000e+00,0.000000000000000000e+00,0.000000000000000000e+00,1.811794998609516982e+00,0.000000000000000000e+00,-0.000000000000000000e+00,1.447603878744893047e-01,0.000000000000000000e+00,0.000000000000000000e+00,3.550032736828813429e-02,-2.828986253913526872e-01,0.000000000000000000e+00,0.000000000000000000e+00,0.000000000000000000e+00,-5.873393355650134984e-01,0.000000000000000000e+00,0.000000000000000000e+00,0.000000000000000000e+00,-7.576343964247579665e-02,0.000000000000000000e+00,0.000000000000000000e+00,6.991603728641661297e-02,-0.000000000000000000e+00,0.000000000000000000e+00,0.000000000000000000e+00,-0.000000000000000000e+00,-0.000000000000000000e+00,1.907582711560278088e-01,-0.000000000000000000e+00,-0.000000000000000000e+00,-0.000000000000000000e+00,1.115139287693571457e-01,-1.978932071162822770e-01,-0.000000000000000000e+00,-1.440101150775566774e-01,0.000000000000000000e+00,3.545484612058695251e-01
-0.000000000000000000e+00,-0.000000000000000000e+00,-0.000000000000000000e+00,-3.685138241538962744e-01,0.000000000000000000e+00,0.000000000000000000e+00,1.841201794993091223e+00,0.000000000000000000e+00,-9.234379346519216991e-03,-0.000000000000000000e+00,-0.000000000000000000e+00,-0.000000000000000000e+00,-0.000000000000000000e+00,-6.749803177872223947e-02,-0.000000000000000000e+00,-0.000000000000000000e+00,0.000000000000000000e+00,-1.066636272629244570e-01,-0.000000000000000000e+00,-3.589288327338267526e-01,0.000000000000000000e+00,-1.405693857051119600e-01,-0.000000000000000000e+00,-3.280081230216215504e-02,-0.000000000000000000e+00,-0.000000000000000000e+00,-0.000000000000000000e+00,-0.000000000000000000e+00,-1.636406288022745625e-01,-0.000000000000000000e+00,-0.000000000000000000e+00,-0.000000000000000000e+00,0.000000000000000000e+00,-1.754260373998272060e-01,0.000000000000000000e+00,0.000000000000000000e+00,0.000000000000000000e+00,-0.000000000000000000e+00,-2.437323974390869508e-01
0.000000000000000000e+00,0.000000000000000000e+00,7.629356744728379436e-01,-0.000000000000000000e+00,1.040914507914399850e-01,-0.000000000000000000e+00,0.000000000000000000e+00,1.742428555099349685e+00,0.000000000000000000e+00,0.000000000000000000e+00,0.000000000000000000e+00,-0.000000000000000000e+00,0.000000000000000000e+00,0.000000000000000000e+00,-0.000000000000000000e+00,0.000000000000000000e+00,-0.000000000000000000e+00,0.000000000000000000e+00,-0.000000000000000000e+00,0.000000000000000000e+00,1.783503503447256278e-01,0.000000000000000000e+00,0.000000000000000000e+00,-0.000000000000000000e+00,0.000000000000000000e+00,0.000000000000000000e+00,0.000000000000000000e+00,0.000000000000000000e+00,0.000000000000000000e+00,0.000000000000000000e+00,4.475568778685056620e-02,1.567602493526980834e-01,1.237209473852369651e-01,0.000000000000000000e+00,0.000000000000000000e+00,1.725897843034424894e-01,0.000000000000000000e+00,0.000000000000000000e+00,0.000000000000000000e+00
-5.078839981269551995e-02,-2.486498159788088150e-02,-0.000000000000000000e+00,-1.553112345438847630e-01,-0.000000000000000000e+00,1.447603878744893047e-01,-9.234379346519216991e-03,0.000000000000000000e+00,2.635823102304134302e+00,-0.000000000000000000e+00,-0.000000000000000000e+00,-0.000000000000000000e+00,0.000000000000000000e+00,-1.114657444521455071e-01,-0.000000000000000000e+00,-0.000000000000000000e+00,0.000000000000000000e+00,-3.800094210974040987e-01,-4.053440712361719989e-01,-0.000000000000000000e+00,0.000000000000000000e+00,-0.000000000000000000e+00,-0.000000000000000000e+00,-9.879895695474161244e-02,-0.000000000000000000e+00,-6.586898120920679778e-02,-0.000000000000000000e+00,-0.000000000000000000e+00,-0.000000000000000000e+00,-3.586850801235214603e-01,-0.000000000000000000e+00,-0.000000000000000000e+00,0.000000000000000000e+00,-3.064329189319814351e-01,0.000000000000000000e+00,0.000000000000000000e+00,0.000000000000000000e+00,-3.390167522925137122e-01,-3.857651682972195184e-01
-1.079532055137360502e-01,-1.393081329802683677e-01,-0.000000000000000000e+00,-0.000000000000000000e+00,-3.359863754217163878e-01,0.000000000000000000e+00,-0.000000000000000000e+00,0.000000000000000000e+00,-0.000000000000000000e+00,2.514264782673377496e+00,-0.000000000000000000e+00,-0.000000000000000000e+00,0.000000000000000000e+00,-7.238784788172203388e-02,0.000000000000000000e+00,-3.370601559631623556e-01,0.000000000000000000e+00,-5.896228374502872349e-02,-4.557457050443132207e-01,-0.000000000000000000e+00,0.000000000000000000e+00,-0.000000000000000000e+00,-0.000000000000000000e+00,-0.000000000000000000e+00,-3.001267321588995118e-01,-8.394336304089008993e-02,-1.342340865545004203e-01,-0.000000000000000000e+00,-0.000000000000000000e+00,-4.101894376129638364e-01,-0.000000000000000000e+00,-0.000000000000000000e+00,-0.000000000000000000e+00,-0.000000000000000000e+00,-0.000000000000000000e+00,-0.000000000000000000e+00,-0.000000000000000000e+00,-2.686052115097382065e-01,-0.000000000000000000e+00
-5.451189892600222936e-02,-1.412728437626336042e-01,-0.000000000000000000e+00,0.000000000000000000e+00,-4.958205953811765931e-03,0.000000000000000000e+00,-0.000000000000000000e+00,0.000000000000000000e+00,-0.000000000000000000e+00,-0.000000000000000000e+00,1.211785394224743184e+00,0.000000000000000000e+00,0.000000000000000000e+00,-0.000000000000000000e+00,0.000000000000000000e+00,-0.000000000000000000e+00,-0.000000000000000000e+00,-0.000000000000000000e+00,-0.000000000000000000e+00,0.000000000000000000e+00,0.000000000000000000e+00,0.000000000000000000e+00,-0.000000000000000000e+00,-1.448126067493861469e-01,-0.000000000000000000e+00,-0.000000000000000000e+00,-0.000000000000000000e+00,-0.000000000000000000e+00,-0.000000000000000000e+00,-0.000000000000000000e+00,-0.000000000000000000e+00,-3.179501069638788757e-01,-0.000000000000000000e+00,-0.000000000000000000e+00,-0.000000000000000000e+00,-0.000000000000000000e+00,-0.000000000000000000e+00,-4.665858781188853693e-02,-0.000000000000000000e+00
-0.000000000000000000e+00,-0.000000000000000000e+00,-0.000000000000000000e+00,-4.473921316836161899e-01,0.000000000000000000e+00,3.550032736828813429e-02,-0.000000000000000000e+00,-0.000000000000000000e+00,-0.000000000000000000e+00,-0.000000000000000000e+00,0.000000000000000000e+00,1.476631490184166617e+00,-0.000000000000000000e+00,-0.000000000000000000e+00,-4.556648161178396550e-01,0.000000000000000000e+00,0.000000000000000000e+00,-0.000000000000000000e+00,-0.000000000000000000e+00,-7.992246878004138910e-02,0.000000000000000000e+00,-0.000000000000000000e+00,-0.000000000000000000e+00,-0.000000000000000000e+00,0.000000000000000000e+00,-6.679103748535300533e-02,-0.000000000000000000e+00,-0.000000000000000000e+00,-2.705973260996076893e-02,-0.000000000000000000e+00,-0.000000000000000000e+00,0.000000000000000000e+00,0.000000000000000000e+00,-0.000000000000000000e+00,0.000000000000000000e+00,0.000000000000000000e+00,0.000000000000000000e+00,-0.000000000000000000e+00,-1.288185333624979889e-01
0.000000000000000000e+00,0.000000000000000000e+00,-0.000000000000000000e+00,0.000000000000000000e+00,0.000000000000000000e+00,-2.828986253913526872e-01,-0.000000000000000000e+00,0.000000000000000000e+00,0.000000000000000000e+00,0.000000000000000000e+00,0.000000000000000000e+00,-0.000000000000000000e+00,1.257750147978079269e+00,-0.000000000000000000e+00,0.000000000000000000e+00,-0.000000000000000000e+00,-0.000000000000000000e+00,0.000000000000000000e+00,0.000000000000000000e+00,-0.000000000000000000e+00,-1.921806582776519889e-01,-0.000000000000000000e+00,-0.000000000000000000e+00,0.000000000000000000e+00,-0.000000000000000000e+00,-0.000000000000000000e+00,-0.000000000000000000e+00,-0.000000000000000000e+00,-0.000000000000000000e+00,0.000000000000000000e+00,-6.698484103087044839e-02,-0.000000000000000000e+00,-1.101116866223257329e-01,0.000000000000000000e+00,-1.249675078919240158e-02,-0.000000000000000000e+00,-2.187605889464655506e-01,0.000000000000000000e+00,0.000000000000000000e+00
-2.076515381299640778e-02,-1.906264483683385025e-01,-0.000000000000000000e+00,-0.000000000000000000e+00,-0.000000000000000000e+00,0.000000000000000000e+00,-6.749803177872223947e-02,0.000000000000000000e+00,-1.114657444521455071e-01,-7.238784788172203388e-02,-0.000000000000000000e+00,-0.000000000000000000e+00,-0.000000000000000000e+00,2.148028474063444104e+00,0.000000000000000000e+00,-6.533616658016319634e-02,-0.000000000000000000e+00,-0.000000000000000000e+00,-1.088051886353329500e-01,-2.146457122588658895e-02,0.000000000000000000e+00,-0.000000000000000000e+00,-3.610438037528142519e-01,-1.257359594767641087e-01,-1.155310158574847507e-01,-1.930850995391811820e-01,-5.944839056649661724e-02,-1.401798381237844282e-01,-2.141557523215454062e-01,-3.235695601913595731e-01,-0.000000000000000000e+00,-1.448732252731680173e-02,-0.000000000000000000e+00,-0.000000000000000000e+00,-0.000000000000000000e+00,-0.000000000000000000e+00,-0.000000000000000000e+00,-3.611794902669489271e-02,-0.000000000000000000e+00
0.000000000000000000e+00,0.000000000000000000e+00,0.000000000000000000e+00,-0.000000000000000000e+00,0.000000000000000000e+00,0.000000000000000000e+00,-0.000000000000000000e+00,-0.000000000000000000e+00,-0.000000000000000000e+00,0.000000000000000000e+00,0.000000000000000000e+00,-4.556648161178396550e-01,0.000000000000000000e+00,0.000000000000000000e+00,1.187914319963483400e+00,0.000000000000000000e+00,0.000000000000000000e+00,0.000000000000000000e+00,-0.000000000000000000e+00,-0.000000000000000000e+00,3.618801481419935129e-02,0.000000000000000000e+00,0.000000000000000000e+00,-0.000000000000000000e+00,1.944338040300517753e-02,-0.000000000000000000e+00,0.000000000000000000e+00,0.000000000000000000e+00,0.000000000000000000e+00,-0.000000000000000000e+00,0.000000000000000000e+00,0.000000000000000000e+00,0.000000000000000000e+00,-0.000000000000000000e+00,0.000000000000000000e+00,1.441611057212598135e-01,0.000000000000000000e+00,0.000000000000000000e+00,-0.000000000000000000e+00
-3.235408588136017838e-01,-9.584803054033350089e-02,-0.000000000000000000e+00,-0.000000000000000000e+00,-2.897622572646890715e-01,0.000000000000000000e+00,-0.000000000000000000e+00,0.000000000000000000e+00,-0.000000000000000000e+00,-3.370601559631623556e-01,-0.000000000000000000e+00,0.000000000000000000e+00,-0.000000000000000000e+00,-6.533616658016319634e-02,0.000000000000000000e+00,1.902831580554046553e+00,-0.000000000000000000e+00,-0.000000000000000000e+00,-0.000000000000000000e+00,-0.000000000000000000e+00,-0.000000000000000000e+00,-0.000000000000000000e+00,-2.373764666819747071e-01,-0.000000000000000000e+00,-8.302441910467764363e-02,-9.501823779481094467e-02,-0.000000000000000000e+00,-1.425216087155998790e-01,-0.000000000000000000e+00,-7.008331187895181641e-03,-0.000000000000000000e+00,-0.000000000000000000e+00,-1.562558943567814293e-03,-0.000000000000000000e+00,-6.455623844971460600e-03,-3.176494777905178313e-02,-0.000000000000000000e+00,-7.489195354899519375e-02,-0.000000000000000000e+00
-0.000000000000000000e+00,0.000000000000000000e+00,0.000000000000000000e+00,6.577017931543210905e-02,0.000000000000000000e+00,-5.873393355650134984e-01,0.000000000000000000e+00,-0.000000000000000000e+00,0.000000000000000000e+00,0.000000000000000000e+00,-0.000000000000000000e+00,0.000000000000000000e+00,-0.000000000000000000e+00,-0.000000000000000000e+00,0.000000000000000000e+00,-0.000000000000000000e+00,1.404133388205035970e+00,3.329513343435272499e-02,0.000000000000000000e+00,0.000000000000000000e+00,-0.000000000000000000e+00,0.000000000000000000e+00,0.000000000000000000e+00,0.000000000000000000e+00,-0.000000000000000000e+00,-0.000000000000000000e+00,0.000000000000000000e+00,-0.000000000000000000e+00,-0.000000000000000000e+00,0.000000000000000000e+00,-0.000000000000000000e+00,-1.170599669434394842e-02,-2.086106242476921946e-02,0.000000000000000000e+00,-1.152752066892874516e-01,-0.000000000000000000e+00,-1.332940578567581025e-01,0.000000000000000000e+00,7.162837146364658958e-02
-3.217505637939978291e-02,-0.000000000000000000e+00,-8.481603506156761008e-02,-2.997928101956239266e-01,-0.000000000000000000e+00,0.000000000000000000e+00,-1.066636272629244570e-01,0.000000000000000000e+00,-3.800094210974040987e-01,-5.896228374502872349e-02,-0.000000000000000000e+00,-0.000000000000000000e+00,0.000000000000000000e+00,-0.000000000000000000e+00,0.000000000000000000e+00,-0.000000000000000000e+00,3.329513343435272499e-02,2.461889797632620613e+00,-2.741677388848774988e-01,-3.476898505065831868e-01,0.000000000000000000e+00,-1.631886718765409583e-01,-9.395601296910312261e-03,-0.000000000000000000e+00,-0.000000000000000000e+00,-0.000000000000000000e+00,-1.556701372110428326e-02,-0.000000000000000000e+00,-0.000000000000000000e+00,-8.673025200786839417e-02,-0.000000000000000000e+00,-0.000000000000000000e+00,0.000000000000000000e+00,-1.086266634250661334e-01,0.000000000000000000e+00,-0.000000000000000000e+00,0.000000000000000000e+00,-0.000000000000000000e+00,-5.436349978055114995e-01
-0.000000000000000000e+00,-0.000000000000000000e+00,-0.000000000000000000e+00,-8.583165951147186945e-02,-0.000000000000000000e+00,0.000000000000000000e+00,-0.000000000000000000e+00,-0.000000000000000000e+00,-4.053440712361719989e-01,-4.557457050443132207e-01,-0.000000000000000000e+00,-0.000000000000000000e+00,0.000000000000000000e+00,-1.088051886353329500e-01,-0.000000000000000000e+00,-0.000000000000000000e+00,0.000000000000000000e+00,-2.741677388848774988e-01,2.274518368034481597e+00,-0.000000000000000000e+00,0.000000000000000000e+00,-0.000000000000000000e+00,-0.000000000000000000e+00,-1.534723343389026440e-01,-0.000000000000000000e+00,-0.000000000000000000e+00,-0.000000000000000000e+00,-0.000000000000000000e+00,-0.000000000000000000e+00,-3.374671719152931293e-01,-0.000000000000000000e+00,-0.000000000000000000e+00,0.000000000000000000e+00,-5.846425740150082428e-03,0.000000000000000000e+00,0.000000000000000000e+00,0.000000000000000000e+00,-1.015145668865402445e-01,-2.784131851994843254e-01
-0.000000000000000000e+00,-0.000000000000000000e+00,-0.000000000000000000e+00,-4.585688933855733285e-01,0.000000000000000000e+00,0.000000000000000000e+00,-3.589288327338267526e-01,0.000000000000000000e+00,-0.000000000000000000e+00,-0.000000000000000000e+00,0.000000000000000000e+00,-7.992246878004138910e-02,-0.000000000000000000e+00,-2.146457122588658895e-02,-0.000000000000000000e+00,-0.000000000000000000e+00,0.000000000000000000e+00,-3.476898505065831868e-01,-0.000000000000000000e+00,2.282909548945249334e+00,-0.000000000000000000e+00,-6.555826887433442440e-01,-0.000000000000000000e+00,-0.000000000000000000e+00,-0.000000000000000000e+00,-0.000000000000000000e+00,-4.780630776278996241e-02,-0.000000000000000000e+00,-2.714314004043288930e-01,-0.000000000000000000e+00,-0.000000000000000000e+00,0.000000000000000000e+00,0.000000000000000000e+00,-0.000000000000000000e+00,0.000000000000000000e+00,0.000000000000000000e+00,-0.000000000000000000e+00,-0.000000000000000000e+00,-4.221472659176578324e-02
-0.000000000000000000e+00,0.000000000000000000e+00,-1.924953009411338734e-01,0.000000000000000000e+00,-0.000000000000000000e+00,-7.576343964247579665e-02,0.000000000000000000e+00,1.783503503447256278e-01,0.000000000000000000e+00,0.000000000000000000e+00,0.000000000000000000e+00,0.000000000000000000e+00,-1.921806582776519889e-01,0.000000000000000000e+00,3.618801481419935129e-02,-0.000000000000000000e+00,-0.000000000000000000e+00,0.000000000000000000e+00,0.000000000000000000e+00,-0.000000000000000000e+00,1.481410851876630685e+00,-1.917636402655577277e-01,-0.000000000000000000e+00,0.000000000000000000e+00,-0.000000000000000000e+00,0.000000000000000000e+00,-0.000000000000000000e+00,-0.000000000000000000e+00,-0.000000000000000000e+00,0.000000000000000000e+00,-5.710796564761209254e-02,-0.000000000000000000e+00,-4.178858019260408008e-01,0.000000000000000000e+00,-0.000000000000000000e+00,-0.000000000000000000e+00,-8.643142043513333053e-03,0.000000000000000000e+00,0.000000000000000000e+00
-0.000000000000000000e+00,-0.000000000000000000e+00,-3.093259680730433003e-01,-0.000000000000000000e+00,0.000000000000000000e+00,0.000000000000000000e+00,-1.405693857051119600e-01,0.000000000000000000e+00,-0.000000000000000000e+00,-0.000000000000000000e+00,0.000000000000000000e+00,-0.000000000000000000e+00,-0.000000000000000000e+00,-0.000000000000000000e+00,0.000000000000000000e+00,-0.000000000000000000e+00,0.000000000000000000e+00,-1.631886718765409583e-01,-0.000000000000000000e+00,-6.555826887433442440e-01,-1.917636402655577277e-01,2.049125628763402762e+00,-2.072011532402181777e-01,-0.000000000000000000e+00,-6.664457948525424891e-02,-0.000000000000000000e+00,-0.000000000000000000e+00,-0.000000000000000000e+00,-3.218588392578843882e-01,-0.000000000000000000e+00,-0.000000000000000000e+00,-0.000000000000000000e+00,-0.000000000000000000e+00,-0.000000000000000000e+00,-0.000000000000000000e+00,-0.000000000000000000e+00,-0.000000000000000000e+00,-0.000000000000000000e+00,-0.000000000000000000e+00
-0.000000000000000000e+00,-3.429156360679320309e-02,-1.624446543240304908e-01,-0.000000000000000000e+00,-0.000000000000000000e+00,0.000000000000000000e+00,-0.000000000000000000e+00,0.000000000000000000e+00,-0.000000000000000000e+00,-0.000000000000000000e+00,-0.000000000000000000e+00,-0.000000000000000000e+00,-0.000000000000000000e+00,-3.610438037528142519e-01,0.000000000000000000e+00,-2.373764666819747071e-01,0.000000000000000000e+00,-9.395601296910312261e-03,-0.000000000000000000e+00,-0.000000000000000000e+00,-0.000000000000000000e+00,-2.072011532402181777e-01,1.966338575404332323e+00,-0.000000000000000000e+00,-5.381605078575951717e-01,-3.258298978277565650e-02,-1.720692121345790693e-01,-4.438685060768526869e-02,-0.000000000000000000e+00,-0.000000000000000000e+00,-1.023890412621881602e-01,-0.000000000000000000e+00,-0.000000000000000000e+00,-0.000000000000000000e+00,-0.000000000000000000e+00,-0.000000000000000000e+00,-0.000000000000000000e+00,-0.000000000000000000e+00,-0.000000000000000000e+00
-0.000000000000000000e+00,-0.000000000000000000e+00,-0.000000000000000000e+00,-0.000000000000000000e+00,-0.000000000000000000e+00,6.991603728641661297e-02,-3.280081230216215504e-02,-0.000000000000000000e+00,-9.879895695474161244e-02,-0.000000000000000000e+00,-1.448126067493861469e-01,-0.000000000000000000e+00,0.000000000000000000e+00,-1.257359594767641087e-01,-0.000000000000000000e+00,-0.000000000000000000e+00,0.000000000000000000e+00,-0.000000000000000000e+00,-1.534723343389026440e-01,-0.000000000000000000e+00,0.000000000000000000e+00,-0.000000000000000000e+00,-0.000000000000000000e+00,1.317499527973938100e+00,-0.000000000000000000e+00,-0.000000000000000000e+00,-0.000000000000000000e+00,-0.000000000000000000e+00,-0.000000000000000000e+00,-4.650006127326562072e-02,0.000000000000000000e+00,-0.000000000000000000e+00,0.000000000000000000e+00,-1.731176839306759196e-01,0.000000000000000000e+00,8.210745826838670644e-03,0.000000000000000000e+00,-0.000000000000000000e+00,-1.017743496284318899e-01
-0.000000000000000000e+00,-0.000000000000000000e+00,-4.703706596777994242e-02,-0.000000000000000000e+00,-1.571457027124632810e-02,-0.000000000000000000e+00,-0.000000000000000000e+00,0.000000000000000000e+00,-0.000000000000000000e+00,-3.001267321588995118e-01,-0.000000000000000000e+00,0.000000000000000000e+00,-0.000000000000000000e+00,-1.155310158574847507e-01,1.944338040300517753e-02,-8.302441910467764363e-02,-0.000000000000000000e+00,-0.000000000000000000e+00,-0.000000000000000000e+00,-0.000000000000000000e+00,-0.000000000000000000e+00,-6.664457948525424891e-02,-5.381605078575951717e-01,-0.000000000000000000e+00,1.660163130325055247e+00,-0.000000000000000000e+00,-0.000000000000000000e+00,-0.000000000000000000e+00,-1.000249215823587889e-01,-0.000000000000000000e+00,-3.098312416591134100e-02,-0.000000000000000000e+00,-4.052261123992836889e-02,-0.000000000000000000e+00,-0.000000000000000000e+00,-5.825765348059638860e-02,-0.000000000000000000e+00,-0.000000000000000000e+00,-0.000000000000000000e+00
-1.581427555458147782e-01,-3.189025123925553484e-01,-0.000000000000000000e+00,-0.000000000000000000e+00,-0.000000000000000000e+00,0.000000000000000000e+00,-0.000000000000000000e+00,0.000000000000000000e+00,-6.586898120920679778e-02,-8.394336304089008993e-02,-0.000000000000000000e+00,-6.679103748535300533e-02,-0.000000000000000000e+00,-1.930850995391811820e-01,-0.000000000000000000e+00,-9.501823779481094467e-02,-0.000000000000000000e+00,-0.000000000000000000e+00,-0.000000000000000000e+00,-0.000000000000000000e+00,0.000000000000000000e+00,-0.000000000000000000e+00,-3.258298978277565650e-02,-0.000000000000000000e+00,-0.000000000000000000e+00,2.277167724089168566e+00,-4.593066687576402019e-01,-5.103502873312369958e-01,-8.590853375630921884e-02,-1.225393550837837048e-01,-0.000000000000000000e+00,-0.000000000000000000e+00,-0.000000000000000000e+00,-0.000000000000000000e+00,-0.000000000000000000e+00,-0.000000000000000000e+00,-0.000000000000000000e+00,-9.576079590517183604e-02,-0.000000000000000000e+00
-0.000000000000000000e+00,-7.894651977903552331e-02,-1.767218424827282641e-01,-0.000000000000000000e+00,-0.000000000000000000e+00,0.000000000000000000e+00,-0.000000000000000000e+00,0.000000000000000000e+00,-0.000000000000000000e+00,-1.342340865545004203e-01,-0.000000000000000000e+00,-0.000000000000000000e+00,-0.000000000000000000e+00,-5.944839056649661724e-02,0.000000000000000000e+00,-0.000000000000000000e+00,0.000000000000000000e+00,-1.556701372110428326e-02,-0.000000000000000000e+00,-4.780630776278996241e-02,-0.000000000000000000e+00,-0.000000000000000000e+00,-1.720692121345790693e-01,-0.000000000000000000e+00,-0.000000000000000000e+00,-4.593066687576402019e-01,2.315354428309055912e+00,-3.400632954300827349e-01,-3.464289108215815038e-01,-2.019962108342924709e-02,-5.086496909241867703e-01,-0.000000000000000000e+00,-0.000000000000000000e+00,-0.000000000000000000e+00,-0.000000000000000000e+00,-0.000000000000000000e+00,-0.000000000000000000e+00,-0.000000000000000000e+00,-0.000000000000000000e+00
-1.419195262940188551e-01,-1.092807404517224523e-01,-4.150232438212028002e-02,-0.000000000000000000e+00,-0.000000000000000000e+00,-0.000000000000000000e+00,-0.000000000000000000e+00,0.000000000000000000e+00,-0.000000000000000000e+00,-0.000000000000000000e+00,-0.000000000000000000e+00,-0.000000000000000000e+00,-0.000000000000000000e+00,-1.401798381237844282e-01,0.000000000000000000e+00,-1.425216087155998790e-01,-0.000000000000000000e+00,-0.000000000000000000e+00,-0.000000000000000000e+00,-0.000000000000000000e+00,-0.000000000000000000e+00,-0.000000000000000000e+00,-4.438685060768526869e-02,-0.000000000000000000e+00,-0.000000000000000000e+00,-5.103502873312369958e-01,-3.400632954300827349e-01,2.096314772920694125e+00,-1.422051709941242470e-01,-0.000000000000000000e+00,-2.007967430829332434e-01,-0.000000000000000000e+00,-0.000000000000000000e+00,-0.000000000000000000e+00,-1.612988262884554325e-01,-0.000000000000000000e+00,-1.270409268033580730e-01,-1.813611006432277323e-02,-0.000000000000000000e+00
-0.000000000000000000e+00,-0.000000000000000000e+00,-2.433260635634046723e-02,-0.000000000000000000e+00,-0.000000000000000000e+00,-0.000000000000000000e+00,-1.636406288022745625e-01,0.000000000000000000e+00,-0.000000000000000000e+00,-0.000000000000000000e+00,-0.000000000000000000e+00,-2.705973260996076893e-02,-0.000000000000000000e+00,-2.141557523215454062e-01,0.000000000000000000e+00,-0.000000000000000000e+00,-0.000000000000000000e+00,-0.000000000000000000e+00,-0.000000000000000000e+00,-2.714314004043288930e-01,-0.000000000000000000e+00,-3.218588392578843882e-01,-0.000000000000000000e+00,-0.000000000000000000e+00,-1.000249215823587889e-01,-8.590853375630921884e-02,-3.464289108215815038e-01,-1.422051709941242470e-01,1.943641890360119806e+00,-0.000000000000000000e+00,-0.000000000000000000e+00,-2.019557736536750081e-01,-0.000000000000000000e+00,-0.000000000000000000e+00,-0.000000000000000000e+00,-0.000000000000000000e+00,-8.542909325864489478e-02,-0.000000000000000000e+00,-0.000000000000000000e+00
-8.933344214074802336e-03,-0.000000000000000000e+00,-0.000000000000000000e+00,-0.000000000000000000e+00,-0.000000000000000000e+00,1.907582711560278088e-01,-0.000000000000000000e+00,0.000000000000000000e+00,-3.586850801235214603e-01,-4.101894376129638364e-01,-0.000000000000000000e+00,-0.000000000000000000e+00,0.000000000000000000e+00,-3.235695601913595731e-01,-0.000000000000000000e+00,-7.008331187895181641e-03,0.000000000000000000e+00,-8.673025200786839417e-02,-3.374671719152931293e-01,-0.000000000000000000e+00,0.000000000000000000e+00,-0.000000000000000000e+00,-0.000000000000000000e+00,-4.650006127326562072e-02,-0.000000000000000000e+00,-1.225393550837837048e-01,-2.019962108342924709e-02,-0.000000000000000000e+00,-0.000000000000000000e+00,2.470947902910582972e+00,-0.000000000000000000e+00,-0.000000000000000000e+00,0.000000000000000000e+00,-1.314434694963882155e-01,0.000000000000000000e+00,-0.000000000000000000e+00,0.000000000000000000e+00,-3.349789166441399235e-01,-2.125640538238990629e-01
-0.000000000000000000e+00,-0.000000000000000000e+00,-3.023762121839622674e-01,0.000000000000000000e+00,-8.576944967213000204e-02,-0.000000000000000000e+00,-0.000000000000000000e+00,4.475568778685056620e-02,-0.000000000000000000e+00,-0.000000000000000000e+00,-0.000000000000000000e+00,-0.000000000000000000e+00,-6.698484103087044839e-02,-0.000000000000000000e+00,0.000000000000000000e+00,-0.000000000000000000e+00,-0.000000000000000000e+00,-0.000000000000000000e+00,-0.000000000000000000e+00,-0.000000000000000000e+00,-5.710796564761209254e-02,-0.000000000000000000e+00,-1.023890412621881602e-01,0.000000000000000000e+00,-3.098312416591134100e-02,-0.000000000000000000e+00,-5.086496909241867703e-01,-2.007967430829332434e-01,-0.000000000000000000e+00,-0.000000000000000000e+00,2.151704150523896963e+00,-2.332567500505216551e-01,-3.500432433370975205e-01,-0.000000000000000000e+00,-7.060767201242075519e-02,-3.126439483955960608e-01,-3.180725040590866998e-02,-0.000000000000000000e+00,-0.000000000000000000e+00
-0.000000000000000000e+00,-8.701599764256562342e-02,-0.000000000000000000e+00,0.000000000000000000e+00,-0.000000000000000000e+00,-0.000000000000000000e+00,-0.000000000000000000e+00,1.567602493526980834e-01,-0.000000000000000000e+00,-0.000000000000000000e+00,-3.179501069638788757e-01,0.000000000000000000e+00,-0.000000000000000000e+00,-1.448732252731680173e-02,0.000000000000000000e+00,-0.000000000000000000e+00,-1.170599669434394842e-02,-0.000000000000000000e+00,-0.000000000000000000e+00,0.000000000000000000e+00,-0.000000000000000000e+00,-0.000000000000000000e+00,-0.000000000000000000e+00,-0.000000000000000000e+00,-0.000000000000000000e+00,-0.000000000000000000e+00,-0.000000000000000000e+00,-0.000000000000000000e+00,-2.019557736536750081e-01,-0.000000000000000000e+00,-2.332567500505216551e-01,1.524299623954555649e+00,-2.382424623220039551e-03,-0.000000000000000000e+00,-2.956274359821545530e-02,-1.217742005432669722e-01,-2.389435970373198492e-01,-0.000000000000000000e+00,0.000000000000000000e+00
-0.000000000000000000e+00,-0.000000000000000000e+00,-0.000000000000000000e+00,2.130223114238954107e-01,-1.270790388413728655e-01,-0.000000000000000000e+00,0.000000000000000000e+00,1.237209473852369651e-01,0.000000000000000000e+00,-0.000000000000000000e+00,-0.000000000000000000e+00,0.000000000000000000e+00,-1.101116866223257329e-01,-0.000000000000000000e+00,0.000000000000000000e+00,-1.562558943567814293e-03,-2.086106242476921946e-02,0.000000000000000000e+00,0.000000000000000000e+00,0.000000000000000000e+00,-4.178858019260408008e-01,-0.000000000000000000e+00,-0.000000000000000000e+00,0.000000000000000000e+00,-4.052261123992836889e-02,-0.000000000000000000e+00,-0.000000000000000000e+00,-0.000000000000000000e+00,-0.000000000000000000e+00,0.000000000000000000e+00,-3.500432433370975205e-01,-2.382424623220039551e-03,1.567853808429687135e+00,0.000000000000000000e+00,-3.300785016257574978e-02,-6.355211881738594137e-02,-1.747308862027357190e-01,-0.000000000000000000e+00,0.000000000000000000e+00
-0.000000000000000000e+00,-0.000000000000000000e+00,-1.429338314607666027e-01,-0.000000000000000000e+00,-0.000000000000000000e+00,1.115139287693571457e-01,-1.754260373998272060e-01,0.000000000000000000e+00,-3.064329189319814351e-01,-0.000000000000000000e+00,-0.000000000000000000e+00,-0.000000000000000000e+00,0.000000000000000000e+00,-0.000000000000000000e+00,-0.000000000000000000e+00,-0.000000000000000000e+00,0.000000000000000000e+00,-1.086266634250661334e-01,-5.846425740150082428e-03,-0.000000000000000000e+00,0.000000000000000000e+00,-0.000000000000000000e+00,-0.000000000000000000e+00,-1.731176839306759196e-01,-0.000000000000000000e+00,-0.000000000000000000e+00,-0.000000000000000000e+00,-0.000000000000000000e+00,-0.000000000000000000e+00,-1.314434694963882155e-01,-0.000000000000000000e+00,-0.000000000000000000e+00,0.000000000000000000e+00,1.666560323553786027e+00,0.000000000000000000e+00,0.000000000000000000e+00,0.000000000000000000e+00,-0.000000000000000000e+00,-2.965125828771696948e-01
-0.000000000000000000e+00,-4.895256748750637793e-02,-0.000000000000000000e+00,0.000000000000000000e+00,-0.000000000000000000e+00,-1.978932071162822770e-01,0.000000000000000000e+00,0.000000000000000000e+00,0.000000000000000000e+00,-0.000000000000000000e+00,-0.000000000000000000e+00,0.000000000000000000e+00,-1.249675078919240158e-02,-0.000000000000000000e+00,0.000000000000000000e+00,-6.455623844971460600e-03,-1.152752066892874516e-01,0.000000000000000000e+00,0.000000000000000000e+00,0.000000000000000000e+00,-0.000000000000000000e+00,-0.000000000000000000e+00,-0.000000000000000000e+00,0.000000000000000000e+00,-0.000000000000000000e+00,-0.000000000000000000e+00,-0.000000000000000000e+00,-1.612988262884554325e-01,-0.000000000000000000e+00,0.000000000000000000e+00,-7.060767201242075519e-02,-2.956274359821545530e-02,-3.300785016257574978e-02,0.000000000000000000e+00,1.888398146269385958e+00,-3.753206591726039876e-01,-8.308718460846634679e-01,-0.000000000000000000e+00,0.000000000000000000e+00
-1.775823548450930767e-01,-1.322189006363025665e-01,-0.000000000000000000e+00,0.000000000000000000e+00,-0.000000000000000000e+00,-0.000000000000000000e+00,0.000000000000000000e+00,1.725897843034424894e-01,0.000000000000000000e+00,-0.000000000000000000e+00,-0.000000000000000000e+00,0.000000000000000000e+00,-0.000000000000000000e+00,-0.000000000000000000e+00,1.441611057212598135e-01,-3.176494777905178313e-02,-0.000000000000000000e+00,-0.000000000000000000e+00,0.000000000000000000e+00,0.000000000000000000e+00,-0.000000000000000000e+00,-0.000000000000000000e+00,-0.000000000000000000e+00,8.210745826838670644e-03,-5.825765348059638860e-02,-0.000000000000000000e+00,-0.000000000000000000e+00,-0.000000000000000000e+00,-0.000000000000000000e+00,-0.000000000000000000e+00,-3.126439483955960608e-01,-1.217742005432669722e-01,-6.355211881738594137e-02,0.000000000000000000e+00,-3.753206591726039876e-01,1.647077274049279838e+00,-7.718054182619815684e-02,-0.000000000000000000e+00,0.000000000000000000e+00
-0.000000000000000000e+00,-0.000000000000000000e+00,-0.000000000000000000e+00,0.000000000000000000e+00,-0.000000000000000000e+00,-1.440101150775566774e-01,0.000000000000000000e+00,0.000000000000000000e+00,0.000000000000000000e+00,-0.000000000000000000e+00,-0.000000000000000000e+00,0.000000000000000000e+00,-2.187605889464655506e-01,-0.000000000000000000e+00,0.000000000000000000e+00,-0.000000000000000000e+00,-1.332940578567581025e-01,0.000000000000000000e+00,0.000000000000000000e+00,-0.000000000000000000e+00,-8.643142043513333053e-03,-0.000000000000000000e+00,-0.000000000000000000e+00,0.000000000000000000e+00,-0.000000000000000000e+00,-0.000000000000000000e+00,-0.000000000000000000e+00,-1.270409268033580730e-01,-8.542909325864489478e-02,0.000000000000000000e+00,-3.180725040590866998e-02,-2.389435970373198492e-01,-1.747308862027357190e-01,0.000000000000000000e+00,-8.308718460846634679e-01,-7.718054182619815684e-02,1.924267785197327774e+00,-0.000000000000000000e+00,0.000000000000000000e+00
-4.443633316725546512e-01,-4.502213226942803348e-01,-0.000000000000000000e+00,-0.000000000000000000e+00,-2.632160879788830732e-01,0.000000000000000000e+00,-0.000000000000000000e+00,0.000000000000000000e+00,-3.390167522925137122e-01,-2.686052115097382065e-01,-4.665858781188853693e-02,-0.000000000000000000e+00,0.000000000000000000e+00,-3.611794902669489271e-02,0.000000000000000000e+00,-7.489195354899519375e-02,0.000000000000000000e+00,-0.000000000000000000e+00,-1.015145668865402445e-01,-0.000000000000000000e+00,0.000000000000000000e+00,-0.000000000000000000e+00,-0.000000000000000000e+00,-0.000000000000000000e+00,-0.000000000000000000e+00,-9.576079590517183604e-02,-0.000000000000000000e+00,-1.813611006432277323e-02,-0.000000000000000000e+00,-3.349789166441399235e-01,-0.000000000000000000e+00,-0.000000000000000000e+00,-0.000000000000000000e+00,-0.000000000000000000e+00,-0.000000000000000000e+00,-0.000000000000000000e+00,-0.000000000000000000e+00,2.415297982595196125e+00,-4.653586043859711356e-03
-0.000000000000000000e+00,-0.000000000000000000e+00,-0.000000000000000000e+00,-2.860765624243495897e-01,-0.000000000000000000e+00,3.545484612058695251e-01,-2.437323974390869508e-01,0.000000000000000000e+00,-3.857651682972195184e-01,-0.000000000000000000e+00,-0.000000000000000000e+00,-1.288185333624979889e-01,0.000000000000000000e+00,-0.000000000000000000e+00,-0.000000000000000000e+00,-0.000000000000000000e+00,7.162837146364658958e-02,-5.436349978055114995e-01,-2.784131851994843254e-01,-4.221472659176578324e-02,0.000000000000000000e+00,-0.000000000000000000e+00,-0.000000000000000000e+00,-1.017743496284318899e-01,-0.000000000000000000e+00,-0.000000000000000000e+00,-0.000000000000000000e+00,-0.000000000000000000e+00,-0.000000000000000000e+00,-2.125640538238990629e-01,-0.000000000000000000e+00,0.000000000000000000e+00,0.000000000000000000e+00,-2.965125828771696948e-01,0.000000000000000000e+00,0.000000000000000000e+00,0.000000000000000000e+00,-4.653586043859711356e-03,2.636272994972637562e+00
