2.397747236393215520e+00,-0.000000000000000000e+00,-0.000000000000000000e+00,-0.000000000000000000e+00,-0.000000000000000000e+00,0.000000000000000000e+00,-0.000000000000000000e+00,0.000000000000000000e+00,-1.244366675962322172e-01,-0.000000000000000000e+00,-0.000000000000000000e+00,0.000000000000000000e+00,0.000000000000000000e+00,-0.000000000000000000e+00,-1.498021372666324957e-01,-1.673246641940483725e-01,0.000000000000000000e+00,-7.343324230929189345e-02,-0.000000000000000000e+00,-0.000000000000000000e+00,-1.497083460509469610e-01,-0.000000000000000000e+00,-0.000000000000000000e+00,-1.200614000127751407e-01,-1.338273370669503803e-01,-9.832118116771287886e-02,2.837259475518983387e-01,-0.000000000000000000e+00,-5.965266215197232436e-01,-0.000000000000000000e+00,0.000000000000000000e+00,1.586038824550208559e-01,-1.524198013151341347e-01,-0.000000000000000000e+00,0.000000000000000000e+00,-1.560924850159122607e-02,0.000000000000000000e+00,-3.064299961943662276e-01,-0.000000000000000000e+00
-0.000000000000000000e+00,1.510037569845940730e+00,-0.000000000000000000e+00,0.000000000000000000e+00,-0.000000000000000000e+00,-0.000000000000000000e+00,-0.000000000000000000e+00,0.000000000000000000e+00,-0.000000000000000000e+00,-9.922500671761204372e-02,-0.000000000000000000e+00,-0.000000000000000000e+00,0.000000000000000000e+00,-1.727181030642635506e-02,0.000000000000000000e+00,-0.000000000000000000e+00,-0.000000000000000000e+00,-0.000000000000000000e+00,-0.000000000000000000e+00,2.201492678965672953e-02,0.000000000000000000e+00,0.000000000000000000e+00,-9.031356801885161156e-02,-7.294440392804922568e-02,-0.000000000000000000e+00,0.000000000000000000e+00,-0.000000000000000000e+00,0.000000000000000000e+00,-0.000000000000000000e+00,-0.000000000000000000e+00,-1.793297730989970862e-01,-9.328532156789186292e-02,0.000000000000000000e+00,-0.000000000000000000e+00,0.000000000000000000e+00,-2.993882538438667473e-01,-0.000000000000000000e+00,-0.000000000000000000e+00,-5.750816164640082384e-01
-0.000000000000000000e+00,-0.000000000000000000e+00,1.868539086209149103e+00,-6.231896225187343041e-02,-1.062074349792231504e-01,-0.000000000000000000e+00,-0.000000000000000000e+00,5.857777302418966103e-01,-8.209312944213556507e-02,-9.883808701622066872e-02,-0.000000000000000000e+00,0.000000000000000000e+00,3.490858748074020246e-02,-0.000000000000000000e+00,-0.000000000000000000e+00,-1.890964237552700299e-04,-0.000000000000000000e+00,-8.047076563781481451e-02,-2.303045420162726231e-01,-0.000000000000000000e+00,-0.000000000000000000e+00,-0.000000000000000000e+00,-0.000000000000000000e+00,-0.000000000000000000e+00,-1.971423608688322171e-01,-0.000000000000000000e+00,-0.000000000000000000e+00,-1.425924678460263433e-02,-0.000000000000000000e+00,-1.797295580718720198e-01,-1.268954887886530013e-02,0.000000000000000000e+00,-0.000000000000000000e+00,-0.000000000000000000e+00,-0.000000000000000000e+00,-0.000000000000000000e+00,-0.000000000000000000e+00,-0.000000000000000000e+00,0.000000000000000000e+00
-0.000000000000000000e+00,0.000000000000000000e+00,-6.231896225187343041e-02,1.522519595173817519e+00,-6.588141578239663232e-02,4.165829212722591685e-02,-2.654935429214917431e-01,2.714999851987995316e-02,-0.000000000000000000e+00,-0.000000000000000000e+00,-0.000000000000000000e+00,0.000000000000000000e+00,4.097102581308582209e-02,0.000000000000000000e+00,-0.000000000000000000e+00,-0.000000000000000000e+00,0.000000000000000000e+00,-3.015917455571444084e-01,-1.256752648188412536e-03,-0.000000000000000000e+00,-4.879260236843469163e-03,-0.000000000000000000e+00,-0.000000000000000000e+00,-0.000000000000000000e+00,-0.000000000000000000e+00,-0.000000000000000000e+00,0.000000000000000000e+00,-2.299894516589737758e-01,-0.000000000000000000e+00,-0.000000000000000000e+00,0.000000000000000000e+00,1.277688457613332940e-01,-1.439361712669412485e-01,-0.000000000000000000e+00,0.000000000000000000e+00,-0.000000000000000000e+00,0.000000000000000000e+00,-0.000000000000000000e+00,0.000000000000000000e+00
-0.000000000000000000e+00,-0.000000000000000000e+00,-1.062074349792231504e-01,-6.588141578239663232e-02,1.423265432741296133e+00,0.000000000000000000e+00,-0.000000000000000000e+00,2.223526271154215028e-01,-9.067678757939269529e-02,-0.000000000000000000e+00,-0.000000000000000000e+00,0.000000000000000000e+00,0.000000000000000000e+00,-6.554137033570146820e-02,-0.000000000000000000e+00,-0.000000000000000000e+00,0.000000000000000000e+00,-1.290182529066855044e-01,-0.000000000000000000e+00,0.000000000000000000e+00,-0.000000000000000000e+00,0.000000000000000000e+00,-4.311922302655488842e-02,-0.000000000000000000e+00,-0.000000000000000000e+00,-0.000000000000000000e+00,0.000000000000000000e+00,-0.000000000000000000e+00,-1.236936454711741878e-01,-2.295601210383563587e-02,0.000000000000000000e+00,0.000000000000000000e+00,-0.000000000000000000e+00,-2.052027476367802028e-01,0.000000000000000000e+00,-0.000000000000000000e+00,0.000000000000000000e+00,-0.000000000000000000e+00,-0.000000000000000000e+00
0.000000000000000000e+00,-0.000000000000000000e+00,-0.000000000000000000e+00,4.165829212722591685e-02,0.000000000000000000e+00,1.718529938898385456e+00,0.000000000000000000e+00,-0.000000000000000000e+00,-0.000000000000000000e+00,-0.000000000000000000e+00,0.000000000000000000e+00,0.000000000000000000e+00,-0.000000000000000000e+00,-1.509007104593532850e-02,0.000000000000000000e+00,-0.000000000000000000e+00,-3.878093491480918420e-01,0.000000000000000000e+00,0.000000000000000000e+00,0.000000000000000000e+00,0.000000000000000000e+00,0.000000000000000000e+00,-0.000000000000000000e+00,-0.000000000000000000e+00,-0.000000000000000000e+00,-0.000000000000000000e+00,-6.740895924186127153e-02,0.000000000000000000e+00,0.000000000000000000e+00,-0.000000000000000000e+00,-7.676800188894167265e-02,-6.046301450717093268e-02,2.959491149238341334e-02,0.000000000000000000e+00,-4.612244332309705652e-01,-0.000000000000000000e+00,-4.237442953491154518e-01,-0.000000000000000000e+00,-0.000000000000000000e+00
-0.000000000000000000e+00,-0.000000000000000000e+00,-0.000000000000000000e+00,-2.654935429214917431e-01,-0.000000000000000000e+00,0.000000000000000000e+00,1.494661006894178135e+00,2.878218595235315092e-01,-0.000000000000000000e+00,-0.000000000000000000e+00,-0.000000000000000000e+00,-0.000000000000000000e+00,-0.000000000000000000e+00,0.000000000000000000e+00,-0.000000000000000000e+00,-0.000000000000000000e+00,-0.000000000000000000e+00,-0.000000000000000000e+00,-4.585213139926430648e-01,-0.000000000000000000e+00,-0.000000000000000000e+00,-0.000000000000000000e+00,-0.000000000000000000e+00,-0.000000000000000000e+00,-0.000000000000000000e+00,0.000000000000000000e+00,0.000000000000000000e+00,-0.000000000000000000e+00,0.000000000000000000e+00,-0.000000000000000000e+00,-0.000000000000000000e+00,-0.000000000000000000e+00,-0.000000000000000000e+00,-4.936120392402116447e-02,0.000000000000000000e+00,-0.000000000000000000e+00,0.000000000000000000e+00,0.000000000000000000e+00,-0.000000000000000000e+00
0.000000000000000000e+00,0.000000000000000000e+00,5.857777302418966103e-01,2.714999851987995316e-02,2.223526271154215028e-01,-0.000000000000000000e+00,2.878218595235315092e-01,2.589067363234962116e+00,0.000000000000000000e+00,1.693959970556158934e-01,0.000000000000000000e+00,-0.000000000000000000e+00,-0.000000000000000000e+00,0.000000000000000000e+00,0.000000000000000000e+00,2.220309487716256025e-01,0.000000000000000000e+00,3.301143312823167086e-01,3.233758731321322299e-01,0.000000000000000000e+00,0.000000000000000000e+00,0.000000000000000000e+00,0.000000000000000000e+00,0.000000000000000000e+00,1.912222100716898521e-01,0.000000000000000000e+00,-0.000000000000000000e+00,0.000000000000000000e+00,0.000000000000000000e+00,0.000000000000000000e+00,0.000000000000000000e+00,-0.000000000000000000e+00,0.000000000000000000e+00,3.890294278051504295e-01,-0.000000000000000000e+00,0.000000000000000000e+00,-0.000000000000000000e+00,0.000000000000000000e+00,0.000000000000000000e+00
-1.244366675962322172e-01,-0.000000000000000000e+00,-8.209312944213556507e-02,-0.000000000000000000e+00,-9.067678757939269529e-02,-0.000000000000000000e+00,-0.000000000000000000e+00,0.000000000000000000e+00,2.443156234341409050e+00,-4.318006205273782205e-01,-0.000000000000000000e+00,0.000000000000000000e+00,0.000000000000000000e+00,-5.443568442496169585e-02,-0.000000000000000000e+00,-2.308588625678832662e-01,-0.000000000000000000e+00,-8.443411615436205095e-03,-0.000000000000000000e+00,-0.000000000000000000e+00,-0.000000000000000000e+00,-0.000000000000000000e+00,-0.000000000000000000e+00,-0.000000000000000000e+00,-4.229836245122511329e-01,-5.984356385378481434e-03,0.000000000000000000e+00,-1.969300138485302054e-01,-2.007256187252015323e-01,-4.467889017406689867e-01,-0.000000000000000000e+00,0.000000000000000000e+00,-0.000000000000000000e+00,-0.000000000000000000e+00,-0.000000000000000000e+00,-0.000000000000000000e+00,-0.000000000000000000e+00,-1.794055506562092506e-01,-0.000000000000000000e+00
-0.000000000000000000e+00,-9.922500671761204372e-02,-9.883808701622066872e-02,-0.000000000000000000e+00,-0.000000000000000000e+00,-0.000000000000000000e+00,-0.000000000000000000e+00,1.693959970556158934e-01,-4.318006205273782205e-01,2.370388441629896370e+00,-1.132248173265109070e-01,0.000000000000000000e+00,0.000000000000000000e+00,-8.296844008004951310e-02,-0.000000000000000000e+00,-5.762093756030882696e-01,-0.000000000000000000e+00,-1.150929060280072441e-01,-0.000000000000000000e+00,-0.000000000000000000e+00,-0.000000000000000000e+00,-0.000000000000000000e+00,-0.000000000000000000e+00,-2.072879510661420135e-02,-2.798199951303673161e-01,-0.000000000000000000e+00,0.000000000000000000e+00,-0.000000000000000000e+00,-0.000000000000000000e+00,-2.683502375621966696e-01,-0.000000000000000000e+00,0.000000000000000000e+00,-0.000000000000000000e+00,-4.705001999646168942e-02,-0.000000000000000000e+00,-7.639450052514086542e-02,-0.000000000000000000e+00,-8.854675316017364406e-02,-7.390581565194431768e-02
-0.000000000000000000e+00,-0.000000000000000000e+00,-0.000000000000000000e+00,-0.000000000000000000e+00,-0.000000000000000000e+00,0.000000000000000000e+00,-0.000000000000000000e+00,0.000000000000000000e+00,-0.000000000000000000e+00,-1.132248173265109070e-01,1.194994830182168677e+00,-0.000000000000000000e+00,-0.000000000000000000e+00,-0.000000000000000000e+00,-0.000000000000000000e+00,-2.342636507413229513e-02,-2.499373926948768587e-01,-0.000000000000000000e+00,-0.000000000000000000e+00,-0.000000000000000000e+00,-0.000000000000000000e+00,-1.964110669885686944e-01,-0.000000000000000000e+00,-0.000000000000000000e+00,-0.000000000000000000e+00,-5.503339057919023197e-02,0.000000000000000000e+00,-0.000000000000000000e+00,-0.000000000000000000e+00,-0.000000000000000000e+00,0.000000000000000000e+00,-0.000000000000000000e+00,-1.650033831421021113e-01,-0.000000000000000000e+00,0.000000000000000000e+00,-0.000000000000000000e+00,0.000000000000000000e+00,-0.000000000000000000e+00,-0.000000000000000000e+00
0.000000000000000000e+00,-0.000000000000000000e+00,0.000000000000000000e+00,0.000000000000000000e+00,0.000000000000000000e+00,0.000000000000000000e+00,-0.000000000000000000e+00,-0.000000000000000000e+00,0.000000000000000000e+00,0.000000000000000000e+00,-0.000000000000000000e+00,1.208124733577202958e+00,-0.000000000000000000e+00,0.000000000000000000e+00,-0.000000000000000000e+00,0.000000000000000000e+00,0.000000000000000000e+00,0.000000000000000000e+00,-0.000000000000000000e+00,0.000000000000000000e+00,0.000000000000000000e+00,-0.000000000000000000e+00,-0.000000000000000000e+00,-0.000000000000000000e+00,0.000000000000000000e+00,0.000000000000000000e+00,-0.000000000000000000e+00,2.517076733322569648e-01,0.000000000000000000e+00,3.307008601251776314e-02,-0.000000000000000000e+00,-0.000000000000000000e+00,0.000000000000000000e+00,-0.000000000000000000e+00,4.632421147149755336e-03,-0.000000000000000000e+00,-0.000000000000000000e+00,0.000000000000000000e+00,-4.446493170204491308e-01
0.000000000000000000e+00,0.000000000000000000e+00,3.490858748074020246e-02,4.097102581308582209e-02,0.000000000000000000e+00,-0.000000000000000000e+00,-0.000000000000000000e+00,-0.000000000000000000e+00,0.000000000000000000e+00,0.000000000000000000e+00,-0.000000000000000000e+00,-0.000000000000000000e+00,1.079716133996543315e+00,-0.000000000000000000e+00,0.000000000000000000e+00,0.000000000000000000e+00,-0.000000000000000000e+00,0.000000000000000000e+00,0.000000000000000000e+00,0.000000000000000000e+00,0.000000000000000000e+00,-0.000000000000000000e+00,-0.000000000000000000e+00,-0.000000000000000000e+00,0.000000000000000000e+00,0.000000000000000000e+00,-0.000000000000000000e+00,0.000000000000000000e+00,0.000000000000000000e+00,0.000000000000000000e+00,2.920934786853757181e-01,-0.000000000000000000e+00,0.000000000000000000e+00,0.000000000000000000e+00,-0.000000000000000000e+00,0.000000000000000000e+00,-0.000000000000000000e+00,0.000000000000000000e+00,-0.000000000000000000e+00
-0.000000000000000000e+00,-1.727181030642635506e-02,-0.000000000000000000e+00,0.000000000000000000e+00,-6.554137033570146820e-02,-1.509007104593532850e-02,0.000000000000000000e+00,0.000000000000000000e+00,-5.443568442496169585e-02,-8.296844008004951310e-02,-0.000000000000000000e+00,0.000000000000000000e+00,-0.000000000000000000e+00,1.317700946791904304e+00,-0.000000000000000000e+00,-0.000000000000000000e+00,-0.000000000000000000e+00,-0.000000000000000000e+00,0.000000000000000000e+00,0.000000000000000000e+00,-0.000000000000000000e+00,0.000000000000000000e+00,-2.428098164881656307e-01,-7.724528370773436903e-02,-0.000000000000000000e+00,-0.000000000000000000e+00,-0.000000000000000000e+00,-0.000000000000000000e+00,-0.000000000000000000e+00,-2.362759150339962255e-01,-0.000000000000000000e+00,-0.000000000000000000e+00,-0.000000000000000000e+00,-0.000000000000000000e+00,-0.000000000000000000e+00,-2.224494371682478600e-01,-1.689373416370784642e-01,-0.000000000000000000e+00,-0.000000000000000000e+00
-1.498021372666324957e-01,0.000000000000000000e+00,-0.000000000000000000e+00,-0.000000000000000000e+00,-0.000000000000000000e+00,0.000000000000000000e+00,-0.000000000000000000e+00,0.000000000000000000e+00,-0.000000000000000000e+00,-0.000000000000000000e+00,-0.000000000000000000e+00,-0.000000000000000000e+00,0.000000000000000000e+00,-0.000000000000000000e+00,2.176131705165841090e+00,-0.000000000000000000e+00,0.000000000000000000e+00,-0.000000000000000000e+00,-0.000000000000000000e+00,-1.526623548092031568e-03,-4.521913204930870234e-01,-3.845610001023015978e-01,-0.000000000000000000e+00,-0.000000000000000000e+00,-0.000000000000000000e+00,-1.414127232568477555e-01,2.744134426302075047e-01,-0.000000000000000000e+00,-0.000000000000000000e+00,-0.000000000000000000e+00,0.000000000000000000e+00,1.246585881739868812e-01,-1.819913481090847107e-01,-0.000000000000000000e+00,0.000000000000000000e+00,-0.000000000000000000e+00,0.000000000000000000e+00,-4.311538444247322022e-01,-0.000000000000000000e+00
-1.673246641940483725e-01,-0.000000000000000000e+00,-1.890964237552700299e-04,-0.000000000000000000e+00,-0.000000000000000000e+00,-0.000000000000000000e+00,-0.000000000000000000e+00,2.220309487716256025e-01,-2.308588625678832662e-01,-5.762093756030882696e-01,-2.342636507413229513e-02,0.000000000000000000e+00,0.000000000000000000e+00,-0.000000000000000000e+00,-0.000000000000000000e+00,2.409717113009552492e+00,-0.000000000000000000e+00,-2.986054595398547895e-01,-4.841383786942016904e-02,-0.000000000000000000e+00,-0.000000000000000000e+00,-0.000000000000000000e+00,-2.320702387997403832e-02,-2.919009661005538339e-02,-2.297627303168307822e-01,-1.717299373457119582e-01,0.000000000000000000e+00,-0.000000000000000000e+00,-1.200798462300424474e-02,-1.522443035930073629e-01,-0.000000000000000000e+00,0.000000000000000000e+00,-0.000000000000000000e+00,-1.582783268670190091e-01,0.000000000000000000e+00,-0.000000000000000000e+00,0.000000000000000000e+00,-9.184880243612297823e-02,-0.000000000000000000e+00
0.000000000000000000e+00,-0.000000000000000000e+00,-0.000000000000000000e+00,0.000000000000000000e+00,0.000000000000000000e+00,-3.878093491480918420e-01,-0.000000000000000000e+00,0.000000000000000000e+00,-0.000000000000000000e+00,-0.000000000000000000e+00,-2.499373926948768587e-01,0.000000000000000000e+00,-0.000000000000000000e+00,-0.000000000000000000e+00,0.000000000000000000e+00,-0.000000000000000000e+00,1.375934069086532929e+00,0.000000000000000000e+00,0.000000000000000000e+00,-0.000000000000000000e+00,-0.000000000000000000e+00,0.000000000000000000e+00,-0.000000000000000000e+00,-0.000000000000000000e+00,-0.000000000000000000e+00,-0.000000000000000000e+00,-0.000000000000000000e+00,-0.000000000000000000e+00,-0.000000000000000000e+00,-0.000000000000000000e+00,-5.261663358114850031e-02,-3.320839141210248091e-02,0.000000000000000000e+00,0.000000000000000000e+00,-2.282861087375457620e-01,0.000000000000000000e+00,-1.505488527489787787e-01,-0.000000000000000000e+00,0.000000000000000000e+00
-7.343324230929189345e-02,-0.000000000000000000e+00,-8.047076563781481451e-02,-3.015917455571444084e-01,-1.290182529066855044e-01,0.000000000000000000e+00,-0.000000000000000000e+00,3.301143312823167086e-01,-8.443411615436205095e-03,-1.150929060280072441e-01,-0.000000000000000000e+00,0.000000000000000000e+00,0.000000000000000000e+00,-0.000000000000000000e+00,-0.000000000000000000e+00,-2.986054595398547895e-01,0.000000000000000000e+00,2.555872869507805678e+00,-5.333090015441377396e-01,-0.000000000000000000e+00,-2.724346063227158984e-02,-1.802079177385109143e-01,-0.000000000000000000e+00,-0.000000000000000000e+00,-1.016967949374619484e-01,-1.168152631153668991e-02,0.000000000000000000e+00,-0.000000000000000000e+00,-0.000000000000000000e+00,-0.000000000000000000e+00,0.000000000000000000e+00,0.000000000000000000e+00,-1.949292557107115409e-01,-3.595426368589884625e-01,0.000000000000000000e+00,-0.000000000000000000e+00,0.000000000000000000e+00,-0.000000000000000000e+00,-0.000000000000000000e+00
-0.000000000000000000e+00,-0.000000000000000000e+00,-2.303045420162726231e-01,-1.256752648188412536e-03,-0.000000000000000000e+00,0.000000000000000000e+00,-4.585213139926430648e-01,3.233758731321322299e-01,-0.000000000000000000e+00,-0.000000000000000000e+00,-0.000000000000000000e+00,-0.000000000000000000e+00,0.000000000000000000e+00,0.000000000000000000e+00,-0.000000000000000000e+00,-4.841383786942016904e-02,0.000000000000000000e+00,-5.333090015441377396e-01,2.198726886489124510e+00,-0.000000000000000000e+00,-0.000000000000000000e+00,-2.404953567231333245e-01,-0.000000000000000000e+00,-0.000000000000000000e+00,-0.000000000000000000e+00,-0.000000000000000000e+00,0.000000000000000000e+00,-0.000000000000000000e+00,-0.000000000000000000e+00,-0.000000000000000000e+00,-0.000000000000000000e+00,0.000000000000000000e+00,-0.000000000000000000e+00,-3.145345424544346846e-01,0.000000000000000000e+00,-0.000000000000000000e+00,0.000000000000000000e+00,-0.000000000000000000e+00,-0.000000000000000000e+00
-0.000000000000000000e+00,2.201492678965672953e-02,-0.000000000000000000e+00,-0.000000000000000000e+00,0.000000000000000000e+00,0.000000000000000000e+00,-0.000000000000000000e+00,0.000000000000000000e+00,-0.000000000000000000e+00,-0.000000000000000000e+00,-0.000000000000000000e+00,0.000000000000000000e+00,0.000000000000000000e+00,0.000000000000000000e+00,-1.526623548092031568e-03,-0.000000000000000000e+00,-0.000000000000000000e+00,-0.000000000000000000e+00,-0.000000000000000000e+00,1.647320124985241607e+00,-4.594098375199943685e-01,-3.810175491247739799e-01,0.000000000000000000e+00,-0.000000000000000000e+00,-0.000000000000000000e+00,-9.910568474578007603e-02,0.000000000000000000e+00,-2.539292751317593910e-01,-0.000000000000000000e+00,-0.000000000000000000e+00,0.000000000000000000e+00,8.200185070444278301e-02,-0.000000000000000000e+00,-0.000000000000000000e+00,-0.000000000000000000e+00,0.000000000000000000e+00,0.000000000000000000e+00,-0.000000000000000000e+00,0.000000000000000000e+00
-1.497083460509469610e-01,0.000000000000000000e+00,-0.000000000000000000e+00,-4.879260236843469163e-03,-0.000000000000000000e+00,0.000000000000000000e+00,-0.000000000000000000e+00,0.000000000000000000e+00,-0.000000000000000000e+00,-0.000000000000000000e+00,-0.000000000000000000e+00,0.000000000000000000e+00,0.000000000000000000e+00,-0.000000000000000000e+00,-4.521913204930870234e-01,-0.000000000000000000e+00,-0.000000000000000000e+00,-2.724346063227158984e-02,-0.000000000000000000e+00,-4.594098375199943685e-01,2.473008646451760661e+00,-2.212941452638472473e-01,-0.000000000000000000e+00,-0.000000000000000000e+00,-3.509542885806213319e-02,-1.731030544558684603e-01,0.000000000000000000e+00,-3.624601325563111542e-01,-0.000000000000000000e+00,-0.000000000000000000e+00,5.583390549520697577e-02,1.380002523385741031e-01,-4.922350148872622899e-01,-0.000000000000000000e+00,0.000000000000000000e+00,-0.000000000000000000e+00,0.000000000000000000e+00,-0.000000000000000000e+00,0.000000000000000000e+00
-0.000000000000000000e+00,0.000000000000000000e+00,-0.000000000000000000e+00,-0.000000000000000000e+00,0.000000000000000000e+00,0.000000000000000000e+00,-0.000000000000000000e+00,0.000000000000000000e+00,-0.000000000000000000e+00,-0.000000000000000000e+00,-1.964110669885686944e-01,-0.000000000000000000e+00,-0.000000000000000000e+00,0.000000000000000000e+00,-3.845610001023015978e-01,-0.000000000000000000e+00,0.000000000000000000e+00,-1.802079177385109143e-01,-2.404953567231333245e-01,-3.810175491247739799e-01,-2.212941452638472473e-01,1.918845227692532296e+00,-0.000000000000000000e+00,-0.000000000000000000e+00,-0.000000000000000000e+00,-0.000000000000000000e+00,0.000000000000000000e+00,-0.000000000000000000e+00,-0.000000000000000000e+00,-0.000000000000000000e+00,0.000000000000000000e+00,0.000000000000000000e+00,-2.478123252781787300e-01,-2.091140628031717963e-02,0.000000000000000000e+00,-0.000000000000000000e+00,0.000000000000000000e+00,-0.000000000000000000e+00,-0.000000000000000000e+00
-0.000000000000000000e+00,-9.031356801885161156e-02,-0.000000000000000000e+00,-0.000000000000000000e+00,-4.311922302655488842e-02,-0.000000000000000000e+00,-0.000000000000000000e+00,0.000000000000000000e+00,-0.000000000000000000e+00,-0.000000000000000000e+00,-0.000000000000000000e+00,-0.000000000000000000e+00,-0.000000000000000000e+00,-2.428098164881656307e-01,-0.000000000000000000e+00,-2.320702387997403832e-02,-0.000000000000000000e+00,-0.000000000000000000e+00,-0.000000000000000000e+00,0.000000000000000000e+00,-0.000000000000000000e+00,-0.000000000000000000e+00,1.182802436730565177e+00,-8.540468599838402231e-02,-2.244719505637840160e-02,-0.000000000000000000e+00,-0.000000000000000000e+00,-0.000000000000000000e+00,-0.000000000000000000e+00,-0.000000000000000000e+00,-0.000000000000000000e+00,-0.000000000000000000e+00,-0.000000000000000000e+00,-0.000000000000000000e+00,-0.000000000000000000e+00,-1.816702320661904846e-01,-0.000000000000000000e+00,-0.000000000000000000e+00,-0.000000000000000000e+00
-1.200614000127751407e-01,-7.294440392804922568e-02,-0.000000000000000000e+00,-0.000000000000000000e+00,-0.000000000000000000e+00,-0.000000000000000000e+00,-0.000000000000000000e+00,0.000000000000000000e+00,-0.000000000000000000e+00,-2.072879510661420135e-02,-0.000000000000000000e+00,-0.000000000000000000e+00,-0.000000000000000000e+00,-7.724528370773436903e-02,-0.000000000000000000e+00,-2.919009661005538339e-02,-0.000000000000000000e+00,-0.000000000000000000e+00,-0.000000000000000000e+00,-0.000000000000000000e+00,-0.000000000000000000e+00,-0.000000000000000000e+00,-8.540468599838402231e-02,1.354583692109712079e+00,-1.665106642012357807e-01,-0.000000000000000000e+00,0.000000000000000000e+00,-0.000000000000000000e+00,-0.000000000000000000e+00,-0.000000000000000000e+00,0.000000000000000000e+00,0.000000000000000000e+00,-0.000000000000000000e+00,-1.896035215038873178e-01,0.000000000000000000e+00,-2.423230305487857894e-01,-0.000000000000000000e+00,-1.841066689115547841e-02,-4.505641550877191592e-02
-1.338273370669503803e-01,-0.000000000000000000e+00,-1.971423608688322171e-01,-0.000000000000000000e+00,-0.000000000000000000e+00,-0.000000000000000000e+00,-0.000000000000000000e+00,1.912222100716898521e-01,-4.229836245122511329e-01,-2.798199951303673161e-01,-0.000000000000000000e+00,0.000000000000000000e+00,0.000000000000000000e+00,-0.000000000000000000e+00,-0.000000000000000000e+00,-2.297627303168307822e-01,-0.000000000000000000e+00,-1.016967949374619484e-01,-0.000000000000000000e+00,-0.000000000000000000e+00,-3.509542885806213319e-02,-0.000000000000000000e+00,-2.244719505637840160e-02,-1.665106642012357807e-01,2.460156121216870773e+00,-1.012282002941038012e-01,0.000000000000000000e+00,-6.591318686741207133e-02,-1.323752016272424226e-01,-1.964338036768513707e-01,-0.000000000000000000e+00,0.000000000000000000e+00,-1.602969005992661566e-01,-1.640260596204413668e-01,-0.000000000000000000e+00,-5.997860679781148729e-03,-0.000000000000000000e+00,-0.000000000000000000e+00,-0.000000000000000000e+00
-9.832118116771287886e-02,0.000000000000000000e+00,-0.000000000000000000e+00,-0.000000000000000000e+00,-0.000000000000000000e+00,-0.000000000000000000e+00,0.000000000000000000e+00,0.000000000000000000e+00,-5.984356385378481434e-03,-0.000000000000000000e+00,-5.503339057919023197e-02,0.000000000000000000e+00,0.000000000000000000e+00,-0.000000000000000000e+00,-1.414127232568477555e-01,-1.717299373457119582e-01,-0.000000000000000000e+00,-1.168152631153668991e-02,-0.000000000000000000e+00,-9.910568474578007603e-02,-1.731030544558684603e-01,-0.000000000000000000e+00,-0.000000000000000000e+00,-0.000000000000000000e+00,-1.012282002941038012e-01,2.315582589268320390e+00,0.000000000000000000e+00,-4.498075125659633522e-01,-4.067592388446399920e-01,-1.982393730802967102e-02,0.000000000000000000e+00,0.000000000000000000e+00,-0.000000000000000000e+00,-0.000000000000000000e+00,-0.000000000000000000e+00,-0.000000000000000000e+00,0.000000000000000000e+00,-5.373495338513828434e-01,-0.000000000000000000e+00
2.837259475518983387e-01,-0.000000000000000000e+00,-0.000000000000000000e+00,0.000000000000000000e+00,0.000000000000000000e+00,-6.740895924186127153e-02,0.000000000000000000e+00,-0.000000000000000000e+00,0.000000000000000000e+00,0.000000000000000000e+00,0.000000000000000000e+00,-0.000000000000000000e+00,-0.000000000000000000e+00,-0.000000000000000000e+00,2.744134426302075047e-01,0.000000000000000000e+00,-0.000000000000000000e+00,0.000000000000000000e+00,0.000000000000000000e+00,0.000000000000000000e+00,0.000000000000000000e+00,0.000000000000000000e+00,-0.000000000000000000e+00,0.000000000000000000e+00,0.000000000000000000e+00,0.000000000000000000e+00,1.895142874946617928e+00,0.000000000000000000e+00,0.000000000000000000e+00,0.000000000000000000e+00,-1.958916160429216291e-01,-2.450616359152783530e-01,8.436225214444048603e-02,2.267842870225530993e-02,-1.079797941408282697e-01,0.000000000000000000e+00,-6.312386493128868681e-01,0.000000000000000000e+00,-0.000000000000000000e+00
-0.000000000000000000e+00,0.000000000000000000e+00,-1.425924678460263433e-02,-2.299894516589737758e-01,-0.000000000000000000e+00,0.000000000000000000e+00,-0.000000000000000000e+00,0.000000000000000000e+00,-1.969300138485302054e-01,-0.000000000000000000e+00,-0.000000000000000000e+00,2.517076733322569648e-01,0.000000000000000000e+00,-0.000000000000000000e+00,-0.000000000000000000e+00,-0.000000000000000000e+00,-0.000000000000000000e+00,-0.000000000000000000e+00,-0.000000000000000000e+00,-2.539292751317593910e-01,-3.624601325563111542e-01,-0.000000000000000000e+00,-0.000000000000000000e+00,-0.000000000000000000e+00,-6.591318686741207133e-02,-4.498075125659633522e-01,0.000000000000000000e+00,2.397644681657784105e+00,-1.985541862338709440e-01,-1.760178566543361967e-01,0.000000000000000000e+00,2.855582956795987837e-01,-2.343323995922579062e-01,-0.000000000000000000e+00,-0.000000000000000000e+00,-0.000000000000000000e+00,0.000000000000000000e+00,-0.000000000000000000e+00,0.000000000000000000e+00
-5.965266215197232436e-01,-0.000000000000000000e+00,-0.000000000000000000e+00,-0.000000000000000000e+00,-1.236936454711741878e-01,0.000000000000000000e+00,0.000000000000000000e+00,0.000000000000000000e+00,-2.007256187252015323e-01,-0.000000000000000000e+00,-0.000000000000000000e+00,0.000000000000000000e+00,0.000000000000000000e+00,-0.000000000000000000e+00,-0.000000000000000000e+00,-1.200798462300424474e-02,-0.000000000000000000e+00,-0.000000000000000000e+00,-0.000000000000000000e+00,-0.000000000000000000e+00,-0.000000000000000000e+00,-0.000000000000000000e+00,-0.000000000000000000e+00,-0.000000000000000000e+00,-1.323752016272424226e-01,-4.067592388446399920e-01,0.000000000000000000e+00,-1.985541862338709440e-01,2.557383342856246244e+00,-2.579778029600121592e-01,0.000000000000000000e+00,0.000000000000000000e+00,-1.078912440145069901e-01,-0.000000000000000000e+00,0.000000000000000000e+00,-4.129278760442422341e-02,0.000000000000000000e+00,-5.281239073958218233e-01,-0.000000000000000000e+00
-0.000000000000000000e+00,-0.000000000000000000e+00,-1.797295580718720198e-01,-0.000000000000000000e+00,-2.295601210383563587e-02,-0.000000000000000000e+00,-0.000000000000000000e+00,0.000000000000000000e+00,-4.467889017406689867e-01,-2.683502375621966696e-01,-0.000000000000000000e+00,3.307008601251776314e-02,0.000000000000000000e+00,-2.362759150339962255e-01,-0.000000000000000000e+00,-1.522443035930073629e-01,-0.000000000000000000e+00,-0.000000000000000000e+00,-0.000000000000000000e+00,-0.000000000000000000e+00,-0.000000000000000000e+00,-0.000000000000000000e+00,-0.000000000000000000e+00,-0.000000000000000000e+00,-1.964338036768513707e-01,-1.982393730802967102e-02,0.000000000000000000e+00,-1.760178566543361967e-01,-2.579778029600121592e-01,2.033809515477624341e+00,-0.000000000000000000e+00,0.000000000000000000e+00,-0.000000000000000000e+00,-0.000000000000000000e+00,-0.000000000000000000e+00,-0.000000000000000000e+00,-0.000000000000000000e+00,-0.000000000000000000e+00,-0.000000000000000000e+00
0.000000000000000000e+00,-1.793297730989970862e-01,-1.268954887886530013e-02,0.000000000000000000e+00,0.000000000000000000e+00,-7.676800188894167265e-02,-0.000000000000000000e+00,0.000000000000000000e+00,-0.000000000000000000e+00,-0.000000000000000000e+00,0.000000000000000000e+00,-0.000000000000000000e+00,2.920934786853757181e-01,-0.000000000000000000e+00,0.000000000000000000e+00,-0.000000000000000000e+00,-5.261663358114850031e-02,0.000000000000000000e+00,-0.000000000000000000e+00,0.000000000000000000e+00,5.583390549520697577e-02,0.000000000000000000e+00,-0.000000000000000000e+00,0.000000000000000000e+00,-0.000000000000000000e+00,0.000000000000000000e+00,-1.958916160429216291e-01,0.000000000000000000e+00,0.000000000000000000e+00,-0.000000000000000000e+00,1.217268504249014338e+00,-1.128532184646995618e-01,0.000000000000000000e+00,-0.000000000000000000e+00,-0.000000000000000000e+00,-0.000000000000000000e+00,-0.000000000000000000e+00,0.000000000000000000e+00,-0.000000000000000000e+00
1.586038824550208559e-01,-9.328532156789186292e-02,0.000000000000000000e+00,1.277688457613332940e-01,0.000000000000000000e+00,-6.046301450717093268e-02,-0.000000000000000000e+00,-0.000000000000000000e+00,0.000000000000000000e+00,0.000000000000000000e+00,-0.000000000000000000e+00,-0.000000000000000000e+00,-0.000000000000000000e+00,-0.000000000000000000e+00,1.246585881739868812e-01,0.000000000000000000e+00,-3.320839141210248091e-02,0.000000000000000000e+00,0.000000000000000000e+00,8.200185070444278301e-02,1.380002523385741031e-01,0.000000000000000000e+00,-0.000000000000000000e+00,0.000000000000000000e+00,0.000000000000000000e+00,0.000000000000000000e+00,-2.450616359152783530e-01,2.855582956795987837e-01,0.000000000000000000e+00,0.000000000000000000e+00,-1.128532184646995618e-01,1.840855396731917004e+00,1.878102579035942632e-01,0.000000000000000000e+00,-0.000000000000000000e+00,-0.000000000000000000e+00,-3.279143699580027160e-01,0.000000000000000000e+00,-1.121969395704005591e-02
-1.524198013151341347e-01,0.000000000000000000e+00,-0.000000000000000000e+00,-1.439361712669412485e-01,-0.000000000000000000e+00,2.959491149238341334e-02,-0.000000000000000000e+00,0.000000000000000000e+00,-0.000000000000000000e+00,-0.000000000000000000e+00,-1.650033831421021113e-01,0.000000000000000000e+00,0.000000000000000000e+00,-0.000000000000000000e+00,-1.819913481090847107e-01,-0.000000000000000000e+00,0.000000000000000000e+00,-1.949292557107115409e-01,-0.000000000000000000e+00,-0.000000000000000000e+00,-4.922350148872622899e-01,-2.478123252781787300e-01,-0.000000000000000000e+00,-0.000000000000000000e+00,-1.602969005992661566e-01,-0.000000000000000000e+00,8.436225214444048603e-02,-2.343323995922579062e-01,-1.078912440145069901e-01,-0.000000000000000000e+00,0.000000000000000000e+00,1.878102579035942632e-01,2.251138545934710855e+00,-7.878287518463414005e-03,0.000000000000000000e+00,-0.000000000000000000e+00,0.000000000000000000e+00,-0.000000000000000000e+00,0.000000000000000000e+00
-0.000000000000000000e+00,-0.000000000000000000e+00,-0.000000000000000000e+00,-0.000000000000000000e+00,-2.052027476367802028e-01,0.000000000000000000e+00,-4.936120392402116447e-02,3.890294278051504295e-01,-0.000000000000000000e+00,-4.705001999646168942e-02,-0.000000000000000000e+00,-0.000000000000000000e+00,0.000000000000000000e+00,-0.000000000000000000e+00,-0.000000000000000000e+00,-1.582783268670190091e-01,0.000000000000000000e+00,-3.595426368589884625e-01,-3.145345424544346846e-01,-0.000000000000000000e+00,-0.000000000000000000e+00,-2.091140628031717963e-02,-0.000000000000000000e+00,-1.896035215038873178e-01,-1.640260596204413668e-01,-0.000000000000000000e+00,2.267842870225530993e-02,-0.000000000000000000e+00,-0.000000000000000000e+00,-0.000000000000000000e+00,-0.000000000000000000e+00,0.000000000000000000e+00,-7.878287518463414005e-03,2.161410492945989414e+00,7.956122968453041566e-02,-2.215381357416990327e-01,0.000000000000000000e+00,-0.000000000000000000e+00,-1.244972787654990282e-01
0.000000000000000000e+00,0.000000000000000000e+00,-0.000000000000000000e+00,0.000000000000000000e+00,0.000000000000000000e+00,-4.612244332309705652e-01,0.000000000000000000e+00,-0.000000000000000000e+00,-0.000000000000000000e+00,-0.000000000000000000e+00,0.000000000000000000e+00,4.632421147149755336e-03,-0.000000000000000000e+00,-0.000000000000000000e+00,0.000000000000000000e+00,0.000000000000000000e+00,-2.282861087375457620e-01,0.000000000000000000e+00,0.000000000000000000e+00,-0.000000000000000000e+00,0.000000000000000000e+00,0.000000000000000000e+00,-0.000000000000000000e+00,0.000000000000000000e+00,-0.000000000000000000e+00,-0.000000000000000000e+00,-1.079797941408282697e-01,-0.000000000000000000e+00,0.000000000000000000e+00,-0.000000000000000000e+00,-0.000000000000000000e+00,-0.000000000000000000e+00,0.000000000000000000e+00,7.956122968453041566e-02,1.673182143195547145e+00,0.000000000000000000e+00,-5.146150125148123422e-01,0.000000000000000000e+00,0.000000000000000000e+00
-1.560924850159122607e-02,-2.993882538438667473e-01,-0.000000000000000000e+00,-0.000000000000000000e+00,-0.000000000000000000e+00,-0.000000000000000000e+00,-0.000000000000000000e+00,0.000000000000000000e+00,-0.000000000000000000e+00,-7.639450052514086542e-02,-0.000000000000000000e+00,-0.000000000000000000e+00,0.000000000000000000e+00,-2.224494371682478600e-01,-0.000000000000000000e+00,-0.000000000000000000e+00,0.000000000000000000e+00,-0.000000000000000000e+00,-0.000000000000000000e+00,0.000000000000000000e+00,-0.000000000000000000e+00,-0.000000000000000000e+00,-1.816702320661904846e-01,-2.423230305487857894e-01,-5.997860679781148729e-03,-0.000000000000000000e+00,0.000000000000000000e+00,-0.000000000000000000e+00,-4.129278760442422341e-02,-0.000000000000000000e+00,-0.000000000000000000e+00,-0.000000000000000000e+00,-0.000000000000000000e+00,-2.215381357416990327e-01,0.000000000000000000e+00,1.614994251499304534e+00,0.000000000000000000e+00,-4.779304556368713965e-03,-3.250895373464696148e-01
0.000000000000000000e+00,-0.000000000000000000e+00,-0.000000000000000000e+00,0.000000000000000000e+00,0.000000000000000000e+00,-4.237442953491154518e-01,0.000000000000000000e+00,-0.000000000000000000e+00,-0.000000000000000000e+00,-0.000000000000000000e+00,0.000000000000000000e+00,-0.000000000000000000e+00,-0.000000000000000000e+00,-1.689373416370784642e-01,0.000000000000000000e+00,0.000000000000000000e+00,-1.505488527489787787e-01,0.000000000000000000e+00,0.000000000000000000e+00,0.000000000000000000e+00,0.000000000000000000e+00,0.000000000000000000e+00,-0.000000000000000000e+00,-0.000000000000000000e+00,-0.000000000000000000e+00,0.000000000000000000e+00,-6.312386493128868681e-01,0.000000000000000000e+00,0.000000000000000000e+00,-0.000000000000000000e+00,-0.000000000000000000e+00,-3.279143699580027160e-01,0.000000000000000000e+00,0.000000000000000000e+00,-5.146150125148123422e-01,0.000000000000000000e+00,2.082583229898213428e+00,0.000000000000000000e+00,-0.000000000000000000e+00
-3.064299961943662276e-01,-0.000000000000000000e+00,-0.000000000000000000e+00,-0.000000000000000000e+00,-0.000000000000000000e+00,-0.000000000000000000e+00,0.000000000000000000e+00,0.000000000000000000e+00,-1.794055506562092506e-01,-8.854675316017364406e-02,-0.000000000000000000e+00,0.000000000000000000e+00,0.000000000000000000e+00,-0.000000000000000000e+00,-4.311538444247322022e-01,-9.184880243612297823e-02,-0.000000000000000000e+00,-0.000000000000000000e+00,-0.000000000000000000e+00,-0.000000000000000000e+00,-0.000000000000000000e+00,-0.000000000000000000e+00,-0.000000000000000000e+00,-1.841066689115547841e-02,-0.000000000000000000e+00,-5.373495338513828434e-01,0.000000000000000000e+00,-0.000000000000000000e+00,-5.281239073958218233e-01,-0.000000000000000000e+00,0.000000000000000000e+00,0.000000000000000000e+00,-0.000000000000000000e+00,-0.000000000000000000e+00,0.000000000000000000e+00,-4.779304556368713965e-03,0.000000000000000000e+00,2.308600040910026685e+00,-0.000000000000000000e+00
-0.000000000000000000e+00,-5.750816164640082384e-01,0.000000000000000000e+00,0.000000000000000000e+00,-0.000000000000000000e+00,-0.000000000000000000e+00,-0.000000000000000000e+00,0.000000000000000000e+00,-0.000000000000000000e+00,-7.390581565194431768e-02,-0.000000000000000000e+00,-4.446493170204491308e-01,-0.000000000000000000e+00,-0.000000000000000000e+00,-0.000000000000000000e+00,-0.000000000000000000e+00,0.000000000000000000e+00,-0.000000000000000000e+00,-0.000000000000000000e+00,0.000000000000000000e+00,0.000000000000000000e+00,-0.000000000000000000e+00,-0.000000000000000000e+00,-4.505641550877191592e-02,-0.000000000000000000e+00,-0.000000000000000000e+00,-0.000000000000000000e+00,0.000000000000000000e+00,-0.000000000000000000e+00,-0.000000000000000000e+00,-0.000000000000000000e+00,-1.121969395704005591e-02,0.000000000000000000e+00,-1.244972787654990282e-01,0.000000000000000000e+00,-3.250895373464696148e-01,-0.000000000000000000e+00,-0.000000000000000000e+00,1.646422163354683388e+00
