1.989095651278680155e+00,-6.889011160709653803e-01,-1.514341647706854725e-03,-0.000000000000000000e+00,-0.000000000000000000e+00,-0.000000000000000000e+00,-0.000000000000000000e+00,1.808229353696821085e-01,-1.994139729962400298e-01,-0.000000000000000000e+00,-0.000000000000000000e+00,-0.000000000000000000e+00,0.000000000000000000e+00,-0.000000000000000000e+00,0.000000000000000000e+00,-0.000000000000000000e+00,-0.000000000000000000e+00,0.000000000000000000e+00,0.000000000000000000e+00,-0.000000000000000000e+00,-0.000000000000000000e+00,-0.000000000000000000e+00,0.000000000000000000e+00,-0.000000000000000000e+00,0.000000000000000000e+00,-0.000000000000000000e+00,-0.000000000000000000e+00,-0.000000000000000000e+00,-3.046487836874157626e-02,-0.000000000000000000e+00,-0.000000000000000000e+00,-4.253718038491134945e-01,-0.000000000000000000e+00,-0.000000000000000000e+00,-1.189719520475298192e-01,-2.664110956781725603e-01,-0.000000000000000000e+00,-0.000000000000000000e+00,-0.000000000000000000e+00
-6.889011160709653803e-01,1.948897716684106607e+00,-0.000000000000000000e+00,0.000000000000000000e+00,-0.000000000000000000e+00,0.000000000000000000e+00,-0.000000000000000000e+00,0.000000000000000000e+00,-0.000000000000000000e+00,-0.000000000000000000e+00,-1.199411461133746831e-01,-0.000000000000000000e+00,-0.000000000000000000e+00,-0.000000000000000000e+00,0.000000000000000000e+00,0.000000000000000000e+00,-0.000000000000000000e+00,0.000000000000000000e+00,0.000000000000000000e+00,-0.000000000000000000e+00,-0.000000000000000000e+00,-6.260268594005435894e-02,0.000000000000000000e+00,-0.000000000000000000e+00,-0.000000000000000000e+00,-0.000000000000000000e+00,-0.000000000000000000e+00,-0.000000000000000000e+00,-1.144664067588950368e-01,-0.000000000000000000e+00,-1.668186221904220390e-01,-1.641134746275608736e-01,-0.000000000000000000e+00,-0.000000000000000000e+00,-7.740286405170879180e-02,-2.974308680476980271e-01,-2.942056770883221817e-01,-0.000000000000000000e+00,-0.000000000000000000e+00
-1.514341647706854725e-03,-0.000000000000000000e+00,3.139916193734339167e+00,0.000000000000000000e+00,-8.376775659396490381e-01,-0.000000000000000000e+00,-0.000000000000000000e+00,1.104414117478329738e+00,-4.040819067949137922e-01,-0.000000000000000000e+00,-0.000000000000000000e+00,-0.000000000000000000e+00,-0.000000000000000000e+00,-0.000000000000000000e+00,0.000000000000000000e+00,-0.000000000000000000e+00,-0.000000000000000000e+00,-0.000000000000000000e+00,-0.000000000000000000e+00,-0.000000000000000000e+00,-0.000000000000000000e+00,-6.944661747326497103e-02,-0.000000000000000000e+00,-0.000000000000000000e+00,-0.000000000000000000e+00,-0.000000000000000000e+00,-0.000000000000000000e+00,-0.000000000000000000e+00,-0.000000000000000000e+00,-0.000000000000000000e+00,-0.000000000000000000e+00,-1.782272951304041397e-01,-3.949059574528462346e-01,-2.080112841514781541e-01,-6.697363859501666294e-02,-0.000000000000000000e+00,-0.000000000000000000e+00,-0.000000000000000000e+00,-0.000000000000000000e+00
-0.000000000000000000e+00,0.000000000000000000e+00,0.000000000000000000e+00,1.536635359633597098e+00,0.000000000000000000e+00,0.000000000000000000e+00,-2.628438903633902313e-01,0.000000000000000000e+00,-0.000000000000000000e+00,-0.000000000000000000e+00,0.000000000000000000e+00,-0.000000000000000000e+00,4.336441593386988758e-01,-2.356903304517731779e-01,0.000000000000000000e+00,-0.000000000000000000e+00,0.000000000000000000e+00,-0.000000000000000000e+00,-1.392248576595015164e-01,-2.067256017917373512e-01,-0.000000000000000000e+00,0.000000000000000000e+00,-1.914615502717099613e-02,-0.000000000000000000e+00,-6.008894015159937929e-02,-0.000000000000000000e+00,-0.000000000000000000e+00,-0.000000000000000000e+00,-0.000000000000000000e+00,-0.000000000000000000e+00,-8.592468503119682355e-02,-0.000000000000000000e+00,0.000000000000000000e+00,-0.000000000000000000e+00,-0.000000000000000000e+00,0.000000000000000000e+00,0.000000000000000000e+00,-0.000000000000000000e+00,-0.000000000000000000e+00
-0.000000000000000000e+00,-0.000000000000000000e+00,-8.376775659396490381e-01,0.000000000000000000e+00,2.349486980909813560e+00,-0.000000000000000000e+00,-0.000000000000000000e+00,1.084821089288699469e-01,-4.375202335775562057e-01,-5.719661245564280905e-02,-0.000000000000000000e+00,-0.000000000000000000e+00,-0.000000000000000000e+00,-0.000000000000000000e+00,-0.000000000000000000e+00,-0.000000000000000000e+00,-0.000000000000000000e+00,-1.507976399269187195e-01,-0.000000000000000000e+00,-0.000000000000000000e+00,0.000000000000000000e+00,-0.000000000000000000e+00,-0.000000000000000000e+00,-0.000000000000000000e+00,-0.000000000000000000e+00,-0.000000000000000000e+00,-0.000000000000000000e+00,-0.000000000000000000e+00,-0.000000000000000000e+00,-1.723720647198035416e-01,-0.000000000000000000e+00,-0.000000000000000000e+00,-0.000000000000000000e+00,-4.215691559477577899e-01,-0.000000000000000000e+00,0.000000000000000000e+00,-0.000000000000000000e+00,-0.000000000000000000e+00,-0.000000000000000000e+00
-0.000000000000000000e+00,0.000000000000000000e+00,-0.000000000000000000e+00,0.000000000000000000e+00,-0.000000000000000000e+00,1.478790308782156560e+00,-0.000000000000000000e+00,0.000000000000000000e+00,0.000000000000000000e+00,-0.000000000000000000e+00,-1.419438892398612317e-01,0.000000000000000000e+00,-2.906635231768969763e-01,-0.000000000000000000e+00,0.000000000000000000e+00,-0.000000000000000000e+00,-3.129524811007938223e-01,0.000000000000000000e+00,0.000000000000000000e+00,0.000000000000000000e+00,-0.000000000000000000e+00,-4.043600983585295128e-02,-0.000000000000000000e+00,-0.000000000000000000e+00,0.000000000000000000e+00,2.235923705120385907e-01,9.928699770912773059e-02,0.000000000000000000e+00,0.000000000000000000e+00,0.000000000000000000e+00,0.000000000000000000e+00,-0.000000000000000000e+00,-0.000000000000000000e+00,0.000000000000000000e+00,-0.000000000000000000e+00,-8.490933510782040783e-02,-0.000000000000000000e+00,2.275999066679199323e-01,1.500964030832650786e-01
-0.000000000000000000e+00,-0.000000000000000000e+00,-0.000000000000000000e+00,-2.628438903633902313e-01,-0.000000000000000000e+00,-0.000000000000000000e+00,1.318204292306141445e+00,2.122061901923128283e-02,-0.000000000000000000e+00,-0.000000000000000000e+00,-0.000000000000000000e+00,0.000000000000000000e+00,-0.000000000000000000e+00,-0.000000000000000000e+00,0.000000000000000000e+00,-1.598648822087147259e-01,-0.000000000000000000e+00,-4.890518339857449076e-02,-0.000000000000000000e+00,-0.000000000000000000e+00,-0.000000000000000000e+00,-0.000000000000000000e+00,-4.218957853915718953e-02,-0.000000000000000000e+00,-0.000000000000000000e+00,0.000000000000000000e+00,0.000000000000000000e+00,-0.000000000000000000e+00,-0.000000000000000000e+00,-0.000000000000000000e+00,-6.553711058260895672e-02,-0.000000000000000000e+00,-0.000000000000000000e+00,-3.128882625261524830e-01,-0.000000000000000000e+00,0.000000000000000000e+00,0.000000000000000000e+00,-0.000000000000000000e+00,-0.000000000000000000e+00
1.808229353696821085e-01,0.000000000000000000e+00,1.104414117478329738e+00,0.000000000000000000e+00,1.084821089288699469e-01,0.000000000000000000e+00,2.122061901923128283e-02,2.644136386894042179e+00,4.564470631884404717e-01,3.532547170219961508e-02,0.000000000000000000e+00,0.000000000000000000e+00,-0.000000000000000000e+00,2.532071602526688725e-01,-0.000000000000000000e+00,1.476925480472154883e-01,6.227307468674770502e-02,0.000000000000000000e+00,0.000000000000000000e+00,6.179400236209170970e-03,0.000000000000000000e+00,0.000000000000000000e+00,1.044564657480174102e-01,0.000000000000000000e+00,0.000000000000000000e+00,0.000000000000000000e+00,0.000000000000000000e+00,0.000000000000000000e+00,0.000000000000000000e+00,0.000000000000000000e+00,0.000000000000000000e+00,0.000000000000000000e+00,2.203278144304307920e-02,1.014595700376240694e-01,6.456653962164947413e-02,0.000000000000000000e+00,0.000000000000000000e+00,0.000000000000000000e+00,0.000000000000000000e+00
-1.994139729962400298e-01,-0.000000000000000000e+00,-4.040819067949137922e-01,-0.000000000000000000e+00,-4.375202335775562057e-01,0.000000000000000000e+00,-0.000000000000000000e+00,4.564470631884404717e-01,3.094341391139942665e+00,-1.311082609414326861e-01,-0.000000000000000000e+00,-0.000000000000000000e+00,0.000000000000000000e+00,-2.938455101135889480e-01,-0.000000000000000000e+00,-0.000000000000000000e+00,-0.000000000000000000e+00,-0.000000000000000000e+00,-0.000000000000000000e+00,-1.460256499533299154e-02,-0.000000000000000000e+00,-0.000000000000000000e+00,-0.000000000000000000e+00,-5.618276896150978250e-02,-0.000000000000000000e+00,-8.816787457898812852e-02,-0.000000000000000000e+00,-3.699490485617332961e-03,-0.000000000000000000e+00,-0.000000000000000000e+00,-5.406308464754471244e-01,-3.395285456622693099e-01,-7.487265137088190692e-02,-3.906979177981833029e-01,-3.043087320356501271e-02,-0.000000000000000000e+00,-0.000000000000000000e+00,-0.000000000000000000e+00,-0.000000000000000000e+00
-0.000000000000000000e+00,-0.000000000000000000e+00,-0.000000000000000000e+00,-0.000000000000000000e+00,-5.719661245564280905e-02,-0.000000000000000000e+00,-0.000000000000000000e+00,3.532547170219961508e-02,-1.311082609414326861e-01,2.544356252536740026e+00,-0.000000000000000000e+00,-0.000000000000000000e+00,0.000000000000000000e+00,-8.471447886525466930e-02,0.000000000000000000e+00,-8.642803868007236101e-01,-9.783920147613882345e-02,-5.075561558359532183e-02,-3.260738711750917895e-01,-0.000000000000000000e+00,-0.000000000000000000e+00,-0.000000000000000000e+00,-1.041867202625959138e-01,-0.000000000000000000e+00,-6.194079319286269758e-01,-0.000000000000000000e+00,0.000000000000000000e+00,-0.000000000000000000e+00,0.000000000000000000e+00,-1.267130579494623044e-01,-1.288323909096570907e-01,-0.000000000000000000e+00,-0.000000000000000000e+00,-0.000000000000000000e+00,-0.000000000000000000e+00,-0.000000000000000000e+00,0.000000000000000000e+00,-0.000000000000000000e+00,-0.000000000000000000e+00
-0.000000000000000000e+00,-1.199411461133746831e-01,-0.000000000000000000e+00,0.000000000000000000e+00,-0.000000000000000000e+00,-1.419438892398612317e-01,-0.000000000000000000e+00,0.000000000000000000e+00,-0.000000000000000000e+00,-0.000000000000000000e+00,1.708222835180222887e+00,-0.000000000000000000e+00,-3.104218203434933598e-01,-0.000000000000000000e+00,-0.000000000000000000e+00,-0.000000000000000000e+00,-7.392595479913607326e-01,0.000000000000000000e+00,0.000000000000000000e+00,0.000000000000000000e+00,-0.000000000000000000e+00,-5.146127064005935614e-02,-0.000000000000000000e+00,-0.000000000000000000e+00,-0.000000000000000000e+00,-0.000000000000000000e+00,-0.000000000000000000e+00,-0.000000000000000000e+00,0.000000000000000000e+00,-0.000000000000000000e+00,-0.000000000000000000e+00,-3.334826986743134186e-02,-2.334358736537315848e-01,-0.000000000000000000e+00,-0.000000000000000000e+00,-8.095216302500300720e-02,-0.000000000000000000e+00,0.000000000000000000e+00,-0.000000000000000000e+00
-0.000000000000000000e+00,-0.000000000000000000e+00,-0.000000000000000000e+00,-0.000000000000000000e+00,-0.000000000000000000e+00,0.000000000000000000e+00,0.000000000000000000e+00,0.000000000000000000e+00,-0.000000000000000000e+00,-0.000000000000000000e+00,-0.000000000000000000e+00,1.767111384793121465e+00,0.000000000000000000e+00,-0.000000000000000000e+00,-4.355174796047354135e-01,-0.000000000000000000e+00,-0.000000000000000000e+00,-0.000000000000000000e+00,-3.796785261506098463e-02,-0.000000000000000000e+00,0.000000000000000000e+00,-0.000000000000000000e+00,0.000000000000000000e+00,-0.000000000000000000e+00,-3.175296863524901259e-02,-2.177536608151999786e-01,-1.609736937318858307e-01,-3.023689545023233172e-01,-7.149162332181091539e-02,-2.554395838553490117e-02,-2.427725986496737376e-01,-4.848463514413448722e-02,-0.000000000000000000e+00,-0.000000000000000000e+00,-0.000000000000000000e+00,0.000000000000000000e+00,-0.000000000000000000e+00,-0.000000000000000000e+00,-0.000000000000000000e+00
0.000000000000000000e+00,-0.000000000000000000e+00,-0.000000000000000000e+00,4.336441593386988758e-01,-0.000000000000000000e+00,-2.906635231768969763e-01,-0.000000000000000000e+00,-0.000000000000000000e+00,0.000000000000000000e+00,0.000000000000000000e+00,-3.104218203434933598e-01,0.000000000000000000e+00,1.495247883563965763e+00,0.000000000000000000e+00,-0.000000000000000000e+00,0.000000000000000000e+00,-0.000000000000000000e+00,0.000000000000000000e+00,0.000000000000000000e+00,4.084343242930874029e-02,0.000000000000000000e+00,-1.963367210839148669e-01,0.000000000000000000e+00,0.000000000000000000e+00,9.206345586040241835e-02,1.321537191278892576e-01,0.000000000000000000e+00,0.000000000000000000e+00,9.667563460467906711e-02,0.000000000000000000e+00,0.000000000000000000e+00,0.000000000000000000e+00,-0.000000000000000000e+00,-0.000000000000000000e+00,0.000000000000000000e+00,-0.000000000000000000e+00,-0.000000000000000000e+00,0.000000000000000000e+00,0.000000000000000000e+00
-0.000000000000000000e+00,-0.000000000000000000e+00,-0.000000000000000000e+00,-2.356903304517731779e-01,-0.000000000000000000e+00,-0.000000000000000000e+00,-0.000000000000000000e+00,2.532071602526688725e-01,-2.938455101135889480e-01,-8.471447886525466930e-02,-0.000000000000000000e+00,-0.000000000000000000e+00,0.000000000000000000e+00,2.359662913433896225e+00,0.000000000000000000e+00,-0.000000000000000000e+00,-1.562338459433142146e-01,-0.000000000000000000e+00,-0.000000000000000000e+00,-1.015685951454893682e-01,-2.161847996953557838e-01,-2.744499722982095963e-02,-2.808392300109998074e-01,-7.069039943482603450e-01,-1.100420357645429809e-01,-0.000000000000000000e+00,0.000000000000000000e+00,-0.000000000000000000e+00,-0.000000000000000000e+00,-1.831289496361434843e-01,-0.000000000000000000e+00,-0.000000000000000000e+00,-0.000000000000000000e+00,-0.000000000000000000e+00,-9.461335684204238983e-02,-0.000000000000000000e+00,-0.000000000000000000e+00,-0.000000000000000000e+00,-0.000000000000000000e+00
0.000000000000000000e+00,0.000000000000000000e+00,0.000000000000000000e+00,0.000000000000000000e+00,-0.000000000000000000e+00,0.000000000000000000e+00,0.000000000000000000e+00,-0.000000000000000000e+00,-0.000000000000000000e+00,0.000000000000000000e+00,-0.000000000000000000e+00,-4.355174796047354135e-01,-0.000000000000000000e+00,0.000000000000000000e+00,1.373880709255161925e+00,0.000000000000000000e+00,-0.000000000000000000e+00,-4.926040077997462241e-02,-4.765551974190586348e-02,-0.000000000000000000e+00,0.000000000000000000e+00,0.000000000000000000e+00,1.088713772379449329e-01,0.000000000000000000e+00,-0.000000000000000000e+00,-0.000000000000000000e+00,-0.000000000000000000e+00,-3.162595068297581191e-01,-0.000000000000000000e+00,-0.000000000000000000e+00,-0.000000000000000000e+00,-0.000000000000000000e+00,0.000000000000000000e+00,0.000000000000000000e+00,0.000000000000000000e+00,3.056836394811070570e-02,0.000000000000000000e+00,-0.000000000000000000e+00,-3.218698049114325499e-02
-0.000000000000000000e+00,0.000000000000000000e+00,-0.000000000000000000e+00,-0.000000000000000000e+00,-0.000000000000000000e+00,-0.000000000000000000e+00,-1.598648822087147259e-01,1.476925480472154883e-01,-0.000000000000000000e+00,-8.642803868007236101e-01,-0.000000000000000000e+00,-0.000000000000000000e+00,0.000000000000000000e+00,-0.000000000000000000e+00,0.000000000000000000e+00,2.127371927467681445e+00,-6.317000060816237161e-02,-1.195805138404734402e-01,-0.000000000000000000e+00,-0.000000000000000000e+00,-8.529694567832990515e-02,-0.000000000000000000e+00,-3.379522503299518532e-01,-0.000000000000000000e+00,-8.216228096411509751e-02,-0.000000000000000000e+00,0.000000000000000000e+00,-0.000000000000000000e+00,0.000000000000000000e+00,-2.418477078514861267e-01,-0.000000000000000000e+00,0.000000000000000000e+00,-0.000000000000000000e+00,-0.000000000000000000e+00,-0.000000000000000000e+00,-0.000000000000000000e+00,0.000000000000000000e+00,-0.000000000000000000e+00,-0.000000000000000000e+00
-0.000000000000000000e+00,-0.000000000000000000e+00,-0.000000000000000000e+00,0.000000000000000000e+00,-0.000000000000000000e+00,-3.129524811007938223e-01,-0.000000000000000000e+00,6.227307468674770502e-02,-0.000000000000000000e+00,-9.783920147613882345e-02,-7.392595479913607326e-01,-0.000000000000000000e+00,-0.000000000000000000e+00,-1.562338459433142146e-01,-0.000000000000000000e+00,-6.317000060816237161e-02,1.798013724274316605e+00,-0.000000000000000000e+00,0.000000000000000000e+00,0.000000000000000000e+00,-1.423254510201658052e-01,-0.000000000000000000e+00,-5.562064068372299386e-03,-1.044782791945833393e-02,-0.000000000000000000e+00,0.000000000000000000e+00,0.000000000000000000e+00,-0.000000000000000000e+00,0.000000000000000000e+00,-1.604366723986360987e-01,0.000000000000000000e+00,-0.000000000000000000e+00,-1.808651508073608749e-01,-0.000000000000000000e+00,-0.000000000000000000e+00,-2.575027980202329939e-02,-0.000000000000000000e+00,0.000000000000000000e+00,0.000000000000000000e+00
0.000000000000000000e+00,0.000000000000000000e+00,-0.000000000000000000e+00,-0.000000000000000000e+00,-1.507976399269187195e-01,0.000000000000000000e+00,-4.890518339857449076e-02,0.000000000000000000e+00,-0.000000000000000000e+00,-5.075561558359532183e-02,0.000000000000000000e+00,-0.000000000000000000e+00,0.000000000000000000e+00,-0.000000000000000000e+00,-4.926040077997462241e-02,-1.195805138404734402e-01,-0.000000000000000000e+00,2.768064853664362612e+00,-1.097490405027454097e+00,-6.627171303878440223e-02,0.000000000000000000e+00,0.000000000000000000e+00,-0.000000000000000000e+00,-0.000000000000000000e+00,-1.005090104149532204e-02,-0.000000000000000000e+00,-0.000000000000000000e+00,-4.920891853816397599e-01,-0.000000000000000000e+00,-2.687470574255966804e-01,-0.000000000000000000e+00,0.000000000000000000e+00,0.000000000000000000e+00,-0.000000000000000000e+00,0.000000000000000000e+00,0.000000000000000000e+00,0.000000000000000000e+00,-5.018141157575887190e-01,-0.000000000000000000e+00
0.000000000000000000e+00,0.000000000000000000e+00,-0.000000000000000000e+00,-1.392248576595015164e-01,-0.000000000000000000e+00,0.000000000000000000e+00,-0.000000000000000000e+00,0.000000000000000000e+00,-0.000000000000000000e+00,-3.260738711750917895e-01,0.000000000000000000e+00,-3.796785261506098463e-02,0.000000000000000000e+00,-0.000000000000000000e+00,-4.765551974190586348e-02,-0.000000000000000000e+00,0.000000000000000000e+00,-1.097490405027454097e+00,2.536471007373419795e+00,-2.518955318388783615e-01,0.000000000000000000e+00,0.000000000000000000e+00,-0.000000000000000000e+00,-0.000000000000000000e+00,-2.554758392406585310e-01,-0.000000000000000000e+00,-0.000000000000000000e+00,-1.192071676763274690e-01,-0.000000000000000000e+00,-3.958087816296024242e-02,-2.274145223796308901e-01,-0.000000000000000000e+00,0.000000000000000000e+00,-0.000000000000000000e+00,-0.000000000000000000e+00,1.684879631152366164e-01,0.000000000000000000e+00,-0.000000000000000000e+00,-4.660430184295986239e-02
-0.000000000000000000e+00,-0.000000000000000000e+00,-0.000000000000000000e+00,-2.067256017917373512e-01,-0.000000000000000000e+00,0.000000000000000000e+00,-0.000000000000000000e+00,6.179400236209170970e-03,-1.460256499533299154e-02,-0.000000000000000000e+00,0.000000000000000000e+00,-0.000000000000000000e+00,4.084343242930874029e-02,-1.015685951454893682e-01,-0.000000000000000000e+00,-0.000000000000000000e+00,0.000000000000000000e+00,-6.627171303878440223e-02,-2.518955318388783615e-01,1.387079095877951085e+00,0.000000000000000000e+00,0.000000000000000000e+00,-0.000000000000000000e+00,-0.000000000000000000e+00,-5.987875224241279853e-02,-0.000000000000000000e+00,-0.000000000000000000e+00,-4.304630532113275926e-02,-1.328840300618938097e-01,-0.000000000000000000e+00,-0.000000000000000000e+00,-0.000000000000000000e+00,1.356388010436415659e-01,-0.000000000000000000e+00,-0.000000000000000000e+00,0.000000000000000000e+00,-0.000000000000000000e+00,-1.500324362903810438e-01,-1.204271908358494833e-02
-0.000000000000000000e+00,-0.000000000000000000e+00,-0.000000000000000000e+00,-0.000000000000000000e+00,0.000000000000000000e+00,-0.000000000000000000e+00,-0.000000000000000000e+00,0.000000000000000000e+00,-0.000000000000000000e+00,-0.000000000000000000e+00,-0.000000000000000000e+00,0.000000000000000000e+00,0.000000000000000000e+00,-2.161847996953557838e-01,0.000000000000000000e+00,-8.529694567832990515e-02,-1.423254510201658052e-01,0.000000000000000000e+00,0.000000000000000000e+00,0.000000000000000000e+00,1.611516877579651119e+00,-7.791382116887034526e-01,-0.000000000000000000e+00,-0.000000000000000000e+00,-0.000000000000000000e+00,0.000000000000000000e+00,0.000000000000000000e+00,0.000000000000000000e+00,-0.000000000000000000e+00,-0.000000000000000000e+00,-0.000000000000000000e+00,-0.000000000000000000e+00,-0.000000000000000000e+00,-0.000000000000000000e+00,-0.000000000000000000e+00,-9.265543437779083513e-02,-0.000000000000000000e+00,-0.000000000000000000e+00,-0.000000000000000000e+00
-0.000000000000000000e+00,-6.260268594005435894e-02,-6.944661747326497103e-02,0.000000000000000000e+00,-0.000000000000000000e+00,-4.043600983585295128e-02,-0.000000000000000000e+00,0.000000000000000000e+00,-0.000000000000000000e+00,-0.000000000000000000e+00,-5.146127064005935614e-02,-0.000000000000000000e+00,-1.963367210839148669e-01,-2.744499722982095963e-02,0.000000000000000000e+00,-0.000000000000000000e+00,-0.000000000000000000e+00,0.000000000000000000e+00,0.000000000000000000e+00,0.000000000000000000e+00,-7.791382116887034526e-01,1.796334728188398566e+00,-0.000000000000000000e+00,-9.535510498800711665e-02,-0.000000000000000000e+00,0.000000000000000000e+00,0.000000000000000000e+00,0.000000000000000000e+00,-0.000000000000000000e+00,-0.000000000000000000e+00,-0.000000000000000000e+00,-0.000000000000000000e+00,-4.403003652610313345e-01,-0.000000000000000000e+00,-3.646471053187925505e-03,-3.064145089857778920e-02,-1.014064393507524593e-03,0.000000000000000000e+00,-0.000000000000000000e+00
0.000000000000000000e+00,0.000000000000000000e+00,-0.000000000000000000e+00,-1.914615502717099613e-02,-0.000000000000000000e+00,-0.000000000000000000e+00,-4.218957853915718953e-02,1.044564657480174102e-01,-0.000000000000000000e+00,-1.041867202625959138e-01,-0.000000000000000000e+00,0.000000000000000000e+00,0.000000000000000000e+00,-2.808392300109998074e-01,1.088713772379449329e-01,-3.379522503299518532e-01,-5.562064068372299386e-03,-0.000000000000000000e+00,-0.000000000000000000e+00,-0.000000000000000000e+00,-0.000000000000000000e+00,-0.000000000000000000e+00,1.629779913145164461e+00,-1.951287496767303564e-01,-3.515895442197431997e-01,-0.000000000000000000e+00,1.490148995289457823e-01,0.000000000000000000e+00,0.000000000000000000e+00,-0.000000000000000000e+00,-0.000000000000000000e+00,0.000000000000000000e+00,-0.000000000000000000e+00,-0.000000000000000000e+00,-0.000000000000000000e+00,-0.000000000000000000e+00,0.000000000000000000e+00,-0.000000000000000000e+00,0.000000000000000000e+00
-0.000000000000000000e+00,-0.000000000000000000e+00,-0.000000000000000000e+00,-0.000000000000000000e+00,-0.000000000000000000e+00,-0.000000000000000000e+00,-0.000000000000000000e+00,0.000000000000000000e+00,-5.618276896150978250e-02,-0.000000000000000000e+00,-0.000000000000000000e+00,-0.000000000000000000e+00,0.000000000000000000e+00,-7.069039943482603450e-01,0.000000000000000000e+00,-0.000000000000000000e+00,-1.044782791945833393e-02,-0.000000000000000000e+00,-0.000000000000000000e+00,-0.000000000000000000e+00,-0.000000000000000000e+00,-9.535510498800711665e-02,-1.951287496767303564e-01,1.861062355762054032e+00,-0.000000000000000000e+00,-0.000000000000000000e+00,-0.000000000000000000e+00,-0.000000000000000000e+00,-8.191979911908817136e-02,-2.257412686467950846e-02,-0.000000000000000000e+00,-1.173050791146441757e-01,-2.002239448254728160e-01,-2.306646078233663688e-01,-0.000000000000000000e+00,-0.000000000000000000e+00,-0.000000000000000000e+00,-0.000000000000000000e+00,-0.000000000000000000e+00
0.000000000000000000e+00,-0.000000000000000000e+00,-0.000000000000000000e+00,-6.008894015159937929e-02,-0.000000000000000000e+00,0.000000000000000000e+00,-0.000000000000000000e+00,0.000000000000000000e+00,-0.000000000000000000e+00,-6.194079319286269758e-01,-0.000000000000000000e+00,-3.175296863524901259e-02,9.206345586040241835e-02,-1.100420357645429809e-01,-0.000000000000000000e+00,-8.216228096411509751e-02,-0.000000000000000000e+00,-1.005090104149532204e-02,-2.554758392406585310e-01,-5.987875224241279853e-02,-0.000000000000000000e+00,-0.000000000000000000e+00,-3.515895442197431997e-01,-0.000000000000000000e+00,2.140586082799574186e+00,-3.637565866389488173e-02,0.000000000000000000e+00,-0.000000000000000000e+00,-0.000000000000000000e+00,-1.526292764663913781e-01,-9.778800852781971420e-02,0.000000000000000000e+00,-0.000000000000000000e+00,-0.000000000000000000e+00,-1.488892163769002346e-02,0.000000000000000000e+00,0.000000000000000000e+00,-2.285074853797763594e-01,-0.000000000000000000e+00
-0.000000000000000000e+00,-0.000000000000000000e+00,-0.000000000000000000e+00,-0.000000000000000000e+00,-0.000000000000000000e+00,2.235923705120385907e-01,0.000000000000000000e+00,0.000000000000000000e+00,-8.816787457898812852e-02,-0.000000000000000000e+00,-0.000000000000000000e+00,-2.177536608151999786e-01,1.321537191278892576e-01,-0.000000000000000000e+00,-0.000000000000000000e+00,-0.000000000000000000e+00,0.000000000000000000e+00,-0.000000000000000000e+00,-0.000000000000000000e+00,-0.000000000000000000e+00,0.000000000000000000e+00,0.000000000000000000e+00,-0.000000000000000000e+00,-0.000000000000000000e+00,-3.637565866389488173e-02,2.485725276704839004e+00,-5.553088267424352020e-01,-6.507960192792323628e-01,-8.160389430191677951e-02,-1.936942657340643137e-01,-3.675316802084641621e-01,-1.230707121598000053e-01,-0.000000000000000000e+00,-0.000000000000000000e+00,-0.000000000000000000e+00,0.000000000000000000e+00,-0.000000000000000000e+00,-0.000000000000000000e+00,-0.000000000000000000e+00
-0.000000000000000000e+00,-0.000000000000000000e+00,-0.000000000000000000e+00,-0.000000000000000000e+00,-0.000000000000000000e+00,9.928699770912773059e-02,0.000000000000000000e+00,0.000000000000000000e+00,-0.000000000000000000e+00,0.000000000000000000e+00,-0.000000000000000000e+00,-1.609736937318858307e-01,0.000000000000000000e+00,0.000000000000000000e+00,-0.000000000000000000e+00,0.000000000000000000e+00,0.000000000000000000e+00,-0.000000000000000000e+00,-0.000000000000000000e+00,-0.000000000000000000e+00,0.000000000000000000e+00,0.000000000000000000e+00,1.490148995289457823e-01,-0.000000000000000000e+00,0.000000000000000000e+00,-5.553088267424352020e-01,2.092354660491185125e+00,-3.313890931707834109e-01,-4.624072821996683680e-01,-0.000000000000000000e+00,-0.000000000000000000e+00,-1.234137133587291102e-01,0.000000000000000000e+00,-0.000000000000000000e+00,-0.000000000000000000e+00,0.000000000000000000e+00,-0.000000000000000000e+00,-0.000000000000000000e+00,-3.190937414191936661e-01
-0.000000000000000000e+00,-0.000000000000000000e+00,-0.000000000000000000e+00,-0.000000000000000000e+00,-0.000000000000000000e+00,0.000000000000000000e+00,-0.000000000000000000e+00,0.000000000000000000e+00,-3.699490485617332961e-03,-0.000000000000000000e+00,-0.000000000000000000e+00,-3.023689545023233172e-01,0.000000000000000000e+00,-0.000000000000000000e+00,-3.162595068297581191e-01,-0.000000000000000000e+00,-0.000000000000000000e+00,-4.920891853816397599e-01,-1.192071676763274690e-01,-4.304630532113275926e-02,0.000000000000000000e+00,0.000000000000000000e+00,0.000000000000000000e+00,-0.000000000000000000e+00,-0.000000000000000000e+00,-6.507960192792323628e-01,-3.313890931707834109e-01,2.784079492397128597e+00,-0.000000000000000000e+00,-6.308703663427085717e-02,-3.219896879651260591e-01,-0.000000000000000000e+00,-0.000000000000000000e+00,-0.000000000000000000e+00,-0.000000000000000000e+00,0.000000000000000000e+00,-0.000000000000000000e+00,-2.536764599821733634e-01,-1.366950701231798015e-01
-3.046487836874157626e-02,-1.144664067588950368e-01,-0.000000000000000000e+00,-0.000000000000000000e+00,-0.000000000000000000e+00,0.000000000000000000e+00,-0.000000000000000000e+00,0.000000000000000000e+00,-0.000000000000000000e+00,0.000000000000000000e+00,0.000000000000000000e+00,-7.149162332181091539e-02,9.667563460467906711e-02,-0.000000000000000000e+00,-0.000000000000000000e+00,0.000000000000000000e+00,0.000000000000000000e+00,-0.000000000000000000e+00,-0.000000000000000000e+00,-1.328840300618938097e-01,-0.000000000000000000e+00,-0.000000000000000000e+00,0.000000000000000000e+00,-8.191979911908817136e-02,-0.000000000000000000e+00,-8.160389430191677951e-02,-4.624072821996683680e-01,-0.000000000000000000e+00,2.074951187365333016e+00,-0.000000000000000000e+00,-1.572389946929076965e-01,-3.720517598431140049e-01,0.000000000000000000e+00,-0.000000000000000000e+00,-0.000000000000000000e+00,0.000000000000000000e+00,-4.834061434494600906e-01,-0.000000000000000000e+00,-7.612087082646221137e-02
-0.000000000000000000e+00,-0.000000000000000000e+00,-0.000000000000000000e+00,-0.000000000000000000e+00,-1.723720647198035416e-01,0.000000000000000000e+00,-0.000000000000000000e+00,0.000000000000000000e+00,-0.000000000000000000e+00,-1.267130579494623044e-01,-0.000000000000000000e+00,-2.554395838553490117e-02,0.000000000000000000e+00,-1.831289496361434843e-01,-0.000000000000000000e+00,-2.418477078514861267e-01,-1.604366723986360987e-01,-2.687470574255966804e-01,-3.958087816296024242e-02,-0.000000000000000000e+00,-0.000000000000000000e+00,-0.000000000000000000e+00,-0.000000000000000000e+00,-2.257412686467950846e-02,-1.526292764663913781e-01,-1.936942657340643137e-01,-0.000000000000000000e+00,-6.308703663427085717e-02,-0.000000000000000000e+00,2.010744655483326149e+00,-0.000000000000000000e+00,-0.000000000000000000e+00,-0.000000000000000000e+00,-0.000000000000000000e+00,-0.000000000000000000e+00,-0.000000000000000000e+00,0.000000000000000000e+00,-3.249107325571398697e-01,-7.819192710323240314e-02
-0.000000000000000000e+00,-1.668186221904220390e-01,-0.000000000000000000e+00,-8.592468503119682355e-02,-0.000000000000000000e+00,0.000000000000000000e+00,-6.553711058260895672e-02,0.000000000000000000e+00,-5.406308464754471244e-01,-1.288323909096570907e-01,-0.000000000000000000e+00,-2.427725986496737376e-01,0.000000000000000000e+00,-0.000000000000000000e+00,-0.000000000000000000e+00,-0.000000000000000000e+00,0.000000000000000000e+00,-0.000000000000000000e+00,-2.274145223796308901e-01,-0.000000000000000000e+00,-0.000000000000000000e+00,-0.000000000000000000e+00,-0.000000000000000000e+00,-0.000000000000000000e+00,-9.778800852781971420e-02,-3.675316802084641621e-01,-0.000000000000000000e+00,-3.219896879651260591e-01,-1.572389946929076965e-01,-0.000000000000000000e+00,2.452193167184096634e+00,-2.012923056115152251e-02,-0.000000000000000000e+00,-2.111785768270203669e-03,-1.414343108632536428e-01,0.000000000000000000e+00,-0.000000000000000000e+00,-0.000000000000000000e+00,-1.541812452806739231e-01
-4.253718038491134945e-01,-1.641134746275608736e-01,-1.782272951304041397e-01,-0.000000000000000000e+00,-0.000000000000000000e+00,-0.000000000000000000e+00,-0.000000000000000000e+00,0.000000000000000000e+00,-3.395285456622693099e-01,-0.000000000000000000e+00,-3.334826986743134186e-02,-4.848463514413448722e-02,0.000000000000000000e+00,-0.000000000000000000e+00,-0.000000000000000000e+00,0.000000000000000000e+00,-0.000000000000000000e+00,0.000000000000000000e+00,-0.000000000000000000e+00,-0.000000000000000000e+00,-0.000000000000000000e+00,-0.000000000000000000e+00,0.000000000000000000e+00,-1.173050791146441757e-01,0.000000000000000000e+00,-1.230707121598000053e-01,-1.234137133587291102e-01,-0.000000000000000000e+00,-3.720517598431140049e-01,-0.000000000000000000e+00,-2.012923056115152251e-02,2.374986605634125780e+00,-0.000000000000000000e+00,-0.000000000000000000e+00,-0.000000000000000000e+00,-0.000000000000000000e+00,-5.872609299552027373e-01,0.000000000000000000e+00,-0.000000000000000000e+00
-0.000000000000000000e+00,-0.000000000000000000e+00,-3.949059574528462346e-01,0.000000000000000000e+00,-0.000000000000000000e+00,-0.000000000000000000e+00,-0.000000000000000000e+00,2.203278144304307920e-02,-7.487265137088190692e-02,-0.000000000000000000e+00,-2.334358736537315848e-01,-0.000000000000000000e+00,-0.000000000000000000e+00,-0.000000000000000000e+00,0.000000000000000000e+00,-0.000000000000000000e+00,-1.808651508073608749e-01,0.000000000000000000e+00,0.000000000000000000e+00,1.356388010436415659e-01,-0.000000000000000000e+00,-4.403003652610313345e-01,-0.000000000000000000e+00,-2.002239448254728160e-01,-0.000000000000000000e+00,-0.000000000000000000e+00,0.000000000000000000e+00,-0.000000000000000000e+00,0.000000000000000000e+00,-0.000000000000000000e+00,-0.000000000000000000e+00,-0.000000000000000000e+00,1.870790240354680556e+00,-3.424607679918597603e-01,-0.000000000000000000e+00,-0.000000000000000000e+00,-0.000000000000000000e+00,0.000000000000000000e+00,0.000000000000000000e+00
-0.000000000000000000e+00,-0.000000000000000000e+00,-2.080112841514781541e-01,-0.000000000000000000e+00,-4.215691559477577899e-01,0.000000000000000000e+00,-3.128882625261524830e-01,1.014595700376240694e-01,-3.906979177981833029e-01,-0.000000000000000000e+00,-0.000000000000000000e+00,-0.000000000000000000e+00,-0.000000000000000000e+00,-0.000000000000000000e+00,0.000000000000000000e+00,-0.000000000000000000e+00,-0.000000000000000000e+00,-0.000000000000000000e+00,-0.000000000000000000e+00,-0.000000000000000000e+00,-0.000000000000000000e+00,-0.000000000000000000e+00,-0.000000000000000000e+00,-2.306646078233663688e-01,-0.000000000000000000e+00,-0.000000000000000000e+00,-0.000000000000000000e+00,-0.000000000000000000e+00,-0.000000000000000000e+00,-0.000000000000000000e+00,-2.111785768270203669e-03,-0.000000000000000000e+00,-3.424607679918597603e-01,2.075584928320997058e+00,-1.879521090078477980e-02,0.000000000000000000e+00,-0.000000000000000000e+00,-0.000000000000000000e+00,-0.000000000000000000e+00
-1.189719520475298192e-01,-7.740286405170879180e-02,-6.697363859501666294e-02,-0.000000000000000000e+00,-0.000000000000000000e+00,-0.000000000000000000e+00,-0.000000000000000000e+00,6.456653962164947413e-02,-3.043087320356501271e-02,-0.000000000000000000e+00,-0.000000000000000000e+00,-0.000000000000000000e+00,0.000000000000000000e+00,-9.461335684204238983e-02,0.000000000000000000e+00,-0.000000000000000000e+00,-0.000000000000000000e+00,0.000000000000000000e+00,-0.000000000000000000e+00,-0.000000000000000000e+00,-0.000000000000000000e+00,-3.646471053187925505e-03,-0.000000000000000000e+00,-0.000000000000000000e+00,-1.488892163769002346e-02,-0.000000000000000000e+00,-0.000000000000000000e+00,-0.000000000000000000e+00,-0.000000000000000000e+00,-0.000000000000000000e+00,-1.414343108632536428e-01,-0.000000000000000000e+00,-0.000000000000000000e+00,-1.879521090078477980e-02,1.437619246332088485e+00,-0.000000000000000000e+00,-4.355589057045107793e-01,-0.000000000000000000e+00,-0.000000000000000000e+00
-2.664110956781725603e-01,-2.974308680476980271e-01,-0.000000000000000000e+00,0.000000000000000000e+00,0.000000000000000000e+00,-8.490933510782040783e-02,0.000000000000000000e+00,0.000000000000000000e+00,-0.000000000000000000e+00,-0.000000000000000000e+00,-8.095216302500300720e-02,0.000000000000000000e+00,-0.000000000000000000e+00,-0.000000000000000000e+00,3.056836394811070570e-02,-0.000000000000000000e+00,-2.575027980202329939e-02,0.000000000000000000e+00,1.684879631152366164e-01,0.000000000000000000e+00,-9.265543437779083513e-02,-3.064145089857778920e-02,-0.000000000000000000e+00,-0.000000000000000000e+00,0.000000000000000000e+00,0.000000000000000000e+00,0.000000000000000000e+00,0.000000000000000000e+00,0.000000000000000000e+00,-0.000000000000000000e+00,0.000000000000000000e+00,-0.000000000000000000e+00,-0.000000000000000000e+00,0.000000000000000000e+00,-0.000000000000000000e+00,1.258454168288425823e+00,-0.000000000000000000e+00,0.000000000000000000e+00,0.000000000000000000e+00
-0.000000000000000000e+00,-2.942056770883221817e-01,-0.000000000000000000e+00,0.000000000000000000e+00,-0.000000000000000000e+00,-0.000000000000000000e+00,0.000000000000000000e+00,0.000000000000000000e+00,-0.000000000000000000e+00,0.000000000000000000e+00,-0.000000000000000000e+00,-0.000000000000000000e+00,-0.000000000000000000e+00,-0.000000000000000000e+00,0.000000000000000000e+00,0.000000000000000000e+00,-0.000000000000000000e+00,0.000000000000000000e+00,0.000000000000000000e+00,-0.000000000000000000e+00,-0.000000000000000000e+00,-1.014064393507524593e-03,0.000000000000000000e+00,-0.000000000000000000e+00,0.000000000000000000e+00,-0.000000000000000000e+00,-0.000000000000000000e+00,-0.000000000000000000e+00,-4.834061434494600906e-01,0.000000000000000000e+00,-0.000000000000000000e+00,-5.872609299552027373e-01,-0.000000000000000000e+00,-0.000000000000000000e+00,-4.355589057045107793e-01,-0.000000000000000000e+00,1.978183321928256078e+00,0.000000000000000000e+00,0.000000000000000000e+00
-0.000000000000000000e+00,-0.000000000000000000e+00,-0.000000000000000000e+00,-0.000000000000000000e+00,-0.000000000000000000e+00,2.275999066679199323e-01,-0.000000000000000000e+00,0.000000000000000000e+00,-0.000000000000000000e+00,-0.000000000000000000e+00,0.000000000000000000e+00,-0.000000000000000000e+00,0.000000000000000000e+00,-0.000000000000000000e+00,-0.000000000000000000e+00,-0.000000000000000000e+00,0.000000000000000000e+00,-5.018141157575887190e-01,-0.000000000000000000e+00,-1.500324362903810438e-01,-0.000000000000000000e+00,0.000000000000000000e+00,-0.000000000000000000e+00,-0.000000000000000000e+00,-2.285074853797763594e-01,-0.000000000000000000e+00,-0.000000000000000000e+00,-2.536764599821733634e-01,-0.000000000000000000e+00,-3.249107325571398697e-01,-0.000000000000000000e+00,0.000000000000000000e+00,0.000000000000000000e+00,-0.000000000000000000e+00,-0.000000000000000000e+00,0.000000000000000000e+00,0.000000000000000000e+00,2.493004851622943718e+00,-9.133568689012854236e-01
-0.000000000000000000e+00,-0.000000000000000000e+00,-0.000000000000000000e+00,-0.000000000000000000e+00,-0.000000000000000000e+00,1.500964030832650786e-01,-0.000000000000000000e+00,0.000000000000000000e+00,-0.000000000000000000e+00,-0.000000000000000000e+00,-0.000000000000000000e+00,-0.000000000000000000e+00,0.000000000000000000e+00,-0.000000000000000000e+00,-3.218698049114325499e-02,-0.000000000000000000e+00,0.000000000000000000e+00,-0.000000000000000000e+00,-4.660430184295986239e-02,-1.204271908358494833e-02,-0.000000000000000000e+00,-0.000000000000000000e+00,0.000000000000000000e+00,-0.000000000000000000e+00,-0.000000000000000000e+00,-0.000000000000000000e+00,-3.190937414191936661e-01,-1.366950701231798015e-01,-7.612087082646221137e-02,-7.819192710323240314e-02,-1.541812452806739231e-01,-0.000000000000000000e+00,0.000000000000000000e+00,-0.000000000000000000e+00,-0.000000000000000000e+00,0.000000000000000000e+00,0.000000000000000000e+00,-9.133568689012854236e-01,2.070670998886501746e+00
