2.421117465448361816e+00,-6.275042411370486128e-01,-0.000000000000000000e+00,-0.000000000000000000e+00,-0.000000000000000000e+00,-0.000000000000000000e+00,-0.000000000000000000e+00,0.000000000000000000e+00,-0.000000000000000000e+00,-0.000000000000000000e+00,-0.000000000000000000e+00,-0.000000000000000000e+00,0.000000000000000000e+00,-0.000000000000000000e+00,-1.086937050166141977e-01,-4.378918114907685011e-01,-0.000000000000000000e+00,-0.000000000000000000e+00,0.000000000000000000e+00,-0.000000000000000000e+00,-0.000000000000000000e+00,-9.173356500582811879e-02,-0.000000000000000000e+00,-8.107049439250044176e-02,-2.061306707801426052e-02,-2.830039816478953085e-01,-0.000000000000000000e+00,-2.489611658497494287e-02,-0.000000000000000000e+00,-1.171629130891803927e-01,-0.000000000000000000e+00,-1.544468733588423744e-02,0.000000000000000000e+00,-0.000000000000000000e+00,-0.000000000000000000e+00,-0.000000000000000000e+00,-0.000000000000000000e+00,-6.122844500029477333e-01,-6.983780905012383633e-02
-6.275042411370486128e-01,2.279437085001401186e+00,-0.000000000000000000e+00,-2.726039891374941807e-02,-0.000000000000000000e+00,0.000000000000000000e+00,-0.000000000000000000e+00,0.000000000000000000e+00,-0.000000000000000000e+00,-3.859090052970584606e-01,-0.000000000000000000e+00,-7.068678588333991708e-02,0.000000000000000000e+00,-0.000000000000000000e+00,-0.000000000000000000e+00,-1.737526255449598767e-01,-0.000000000000000000e+00,-0.000000000000000000e+00,0.000000000000000000e+00,-2.597578704425577284e-02,0.000000000000000000e+00,-0.000000000000000000e+00,-0.000000000000000000e+00,-0.000000000000000000e+00,-1.422077212811050650e-01,-0.000000000000000000e+00,-0.000000000000000000e+00,-0.000000000000000000e+00,0.000000000000000000e+00,-1.318600819909389365e-03,-1.231371565931999590e-01,-0.000000000000000000e+00,0.000000000000000000e+00,-1.062966788250731959e-01,-0.000000000000000000e+00,-0.000000000000000000e+00,-0.000000000000000000e+00,-9.027715673222216908e-02,-4.833314247458116442e-01
-0.000000000000000000e+00,-0.000000000000000000e+00,2.570967334629943313e+00,-0.000000000000000000e+00,-2.926503377495125457e-01,-1.209017725656004738e-01,-0.000000000000000000e+00,1.081886468981430705e+00,-0.000000000000000000e+00,0.000000000000000000e+00,-0.000000000000000000e+00,-0.000000000000000000e+00,2.012005338107516472e-01,-9.363681450061543676e-02,-0.000000000000000000e+00,0.000000000000000000e+00,-0.000000000000000000e+00,0.000000000000000000e+00,0.000000000000000000e+00,0.000000000000000000e+00,-3.869984186478744870e-02,-0.000000000000000000e+00,-1.019995767878234816e-01,-0.000000000000000000e+00,-1.388917851940641712e-01,-0.000000000000000000e+00,-0.000000000000000000e+00,-0.000000000000000000e+00,-0.000000000000000000e+00,-0.000000000000000000e+00,-1.152142335019955693e-01,-0.000000000000000000e+00,-5.783836165023794607e-01,-0.000000000000000000e+00,-0.000000000000000000e+00,-0.000000000000000000e+00,-0.000000000000000000e+00,-0.000000000000000000e+00,-0.000000000000000000e+00
-0.000000000000000000e+00,-2.726039891374941807e-02,-0.000000000000000000e+00,1.035615645584829769e+00,-0.000000000000000000e+00,0.000000000000000000e+00,-1.179316520526045436e-01,-0.000000000000000000e+00,-0.000000000000000000e+00,-1.626508902085373187e-02,-0.000000000000000000e+00,-0.000000000000000000e+00,-0.000000000000000000e+00,-0.000000000000000000e+00,0.000000000000000000e+00,-0.000000000000000000e+00,-0.000000000000000000e+00,-1.144852149082657561e-01,-0.000000000000000000e+00,-0.000000000000000000e+00,0.000000000000000000e+00,-0.000000000000000000e+00,-0.000000000000000000e+00,0.000000000000000000e+00,-0.000000000000000000e+00,0.000000000000000000e+00,-0.000000000000000000e+00,0.000000000000000000e+00,0.000000000000000000e+00,-0.000000000000000000e+00,-0.000000000000000000e+00,0.000000000000000000e+00,0.000000000000000000e+00,-0.000000000000000000e+00,0.000000000000000000e+00,-0.000000000000000000e+00,0.000000000000000000e+00,-0.000000000000000000e+00,-0.000000000000000000e+00
-0.000000000000000000e+00,-0.000000000000000000e+00,-2.926503377495125457e-01,-0.000000000000000000e+00,2.091389450234884428e+00,-0.000000000000000000e+00,0.000000000000000000e+00,1.850498825353390775e-01,-3.332009730810100295e-02,-0.000000000000000000e+00,-0.000000000000000000e+00,-1.939957704817022177e-01,0.000000000000000000e+00,-4.802207573238917448e-01,-0.000000000000000000e+00,-0.000000000000000000e+00,-8.449619333069080529e-02,0.000000000000000000e+00,0.000000000000000000e+00,-0.000000000000000000e+00,0.000000000000000000e+00,0.000000000000000000e+00,-0.000000000000000000e+00,-0.000000000000000000e+00,-0.000000000000000000e+00,-1.928837248855061193e-01,-0.000000000000000000e+00,-0.000000000000000000e+00,-0.000000000000000000e+00,-1.328646827556395349e-01,-0.000000000000000000e+00,-0.000000000000000000e+00,-6.468755063294946706e-02,-4.586302596270707133e-01,-0.000000000000000000e+00,-5.150734631351443042e-03,-0.000000000000000000e+00,-0.000000000000000000e+00,-0.000000000000000000e+00
-0.000000000000000000e+00,0.000000000000000000e+00,-1.209017725656004738e-01,0.000000000000000000e+00,-0.000000000000000000e+00,1.299841332058025767e+00,0.000000000000000000e+00,0.000000000000000000e+00,-0.000000000000000000e+00,0.000000000000000000e+00,-0.000000000000000000e+00,-0.000000000000000000e+00,0.000000000000000000e+00,-0.000000000000000000e+00,-0.000000000000000000e+00,0.000000000000000000e+00,-1.208802919578177010e-01,0.000000000000000000e+00,0.000000000000000000e+00,0.000000000000000000e+00,-0.000000000000000000e+00,-0.000000000000000000e+00,-1.296691492261435874e-01,-1.967434951633762266e-02,-1.552611661912561836e-01,0.000000000000000000e+00,0.000000000000000000e+00,-1.745824180013626215e-01,-1.343413563043612258e-01,-0.000000000000000000e+00,-0.000000000000000000e+00,-0.000000000000000000e+00,-5.363129065527214023e-02,-0.000000000000000000e+00,-0.000000000000000000e+00,0.000000000000000000e+00,-1.878004294096611779e-02,-0.000000000000000000e+00,-0.000000000000000000e+00
-0.000000000000000000e+00,-0.000000000000000000e+00,-0.000000000000000000e+00,-1.179316520526045436e-01,0.000000000000000000e+00,0.000000000000000000e+00,1.152588543619394112e+00,0.000000000000000000e+00,-0.000000000000000000e+00,-0.000000000000000000e+00,0.000000000000000000e+00,0.000000000000000000e+00,-0.000000000000000000e+00,0.000000000000000000e+00,-0.000000000000000000e+00,-0.000000000000000000e+00,0.000000000000000000e+00,-2.200267287830013629e-01,-0.000000000000000000e+00,-8.069022755857625795e-02,-0.000000000000000000e+00,-0.000000000000000000e+00,0.000000000000000000e+00,0.000000000000000000e+00,-0.000000000000000000e+00,0.000000000000000000e+00,-0.000000000000000000e+00,-3.108670720028089071e-02,2.183084206409719591e-02,0.000000000000000000e+00,-0.000000000000000000e+00,0.000000000000000000e+00,0.000000000000000000e+00,-0.000000000000000000e+00,0.000000000000000000e+00,0.000000000000000000e+00,0.000000000000000000e+00,-1.510715400543284972e-02,-2.460813933978183432e-01
0.000000000000000000e+00,0.000000000000000000e+00,1.081886468981430705e+00,-0.000000000000000000e+00,1.850498825353390775e-01,0.000000000000000000e+00,0.000000000000000000e+00,2.007679931771144677e+00,0.000000000000000000e+00,-0.000000000000000000e+00,-0.000000000000000000e+00,0.000000000000000000e+00,-0.000000000000000000e+00,0.000000000000000000e+00,0.000000000000000000e+00,-0.000000000000000000e+00,0.000000000000000000e+00,0.000000000000000000e+00,0.000000000000000000e+00,0.000000000000000000e+00,0.000000000000000000e+00,-0.000000000000000000e+00,0.000000000000000000e+00,0.000000000000000000e+00,1.188928182270669598e-01,0.000000000000000000e+00,1.173346226793904948e-02,1.283034801628393437e-02,0.000000000000000000e+00,0.000000000000000000e+00,1.350861877963061009e-01,0.000000000000000000e+00,1.048447311024006123e-01,0.000000000000000000e+00,0.000000000000000000e+00,0.000000000000000000e+00,3.974023766813029185e-02,0.000000000000000000e+00,0.000000000000000000e+00
-0.000000000000000000e+00,-0.000000000000000000e+00,-0.000000000000000000e+00,-0.000000000000000000e+00,-3.332009730810100295e-02,-0.000000000000000000e+00,-0.000000000000000000e+00,0.000000000000000000e+00,2.763336427095393066e+00,-3.467957076784197179e-01,-0.000000000000000000e+00,-0.000000000000000000e+00,0.000000000000000000e+00,-3.962521585355845144e-02,-1.430580533106645680e-01,-5.516602592318624321e-02,-6.076124447485803381e-02,-0.000000000000000000e+00,2.012805086143862054e-01,-0.000000000000000000e+00,1.163119992695956922e-01,0.000000000000000000e+00,-0.000000000000000000e+00,-0.000000000000000000e+00,-0.000000000000000000e+00,-0.000000000000000000e+00,-0.000000000000000000e+00,-1.314217080466941953e-02,0.000000000000000000e+00,-3.703023305141591170e-01,-0.000000000000000000e+00,-0.000000000000000000e+00,-0.000000000000000000e+00,-9.151974427465021655e-01,-0.000000000000000000e+00,0.000000000000000000e+00,-0.000000000000000000e+00,-2.349071616621055403e-01,-4.413502319352335390e-01
-0.000000000000000000e+00,-3.859090052970584606e-01,0.000000000000000000e+00,-1.626508902085373187e-02,-0.000000000000000000e+00,0.000000000000000000e+00,-0.000000000000000000e+00,-0.000000000000000000e+00,-3.467957076784197179e-01,2.676082651002011925e+00,-0.000000000000000000e+00,-0.000000000000000000e+00,-0.000000000000000000e+00,-0.000000000000000000e+00,-0.000000000000000000e+00,-1.306193235471478697e+00,-0.000000000000000000e+00,-0.000000000000000000e+00,0.000000000000000000e+00,-0.000000000000000000e+00,1.080276452230302248e-01,-0.000000000000000000e+00,-0.000000000000000000e+00,-0.000000000000000000e+00,-0.000000000000000000e+00,-0.000000000000000000e+00,-0.000000000000000000e+00,-0.000000000000000000e+00,0.000000000000000000e+00,-2.308232682485706622e-01,-0.000000000000000000e+00,-1.020837555730454288e-01,1.441212489219195758e-01,-4.210512551519642044e-03,-0.000000000000000000e+00,-0.000000000000000000e+00,-0.000000000000000000e+00,-1.302526022006467443e-01,-5.601321842034583803e-02
-0.000000000000000000e+00,-0.000000000000000000e+00,-0.000000000000000000e+00,-0.000000000000000000e+00,-0.000000000000000000e+00,-0.000000000000000000e+00,0.000000000000000000e+00,-0.000000000000000000e+00,-0.000000000000000000e+00,-0.000000000000000000e+00,1.794658994918942874e+00,-0.000000000000000000e+00,0.000000000000000000e+00,-0.000000000000000000e+00,-0.000000000000000000e+00,-4.479418422641669173e-02,-9.877847488139923637e-01,-0.000000000000000000e+00,0.000000000000000000e+00,-0.000000000000000000e+00,0.000000000000000000e+00,0.000000000000000000e+00,-0.000000000000000000e+00,-0.000000000000000000e+00,-0.000000000000000000e+00,-6.364261997279832550e-02,-0.000000000000000000e+00,-0.000000000000000000e+00,-9.115601378888479878e-02,-4.849166936490492685e-02,-0.000000000000000000e+00,-0.000000000000000000e+00,0.000000000000000000e+00,-0.000000000000000000e+00,-1.542854753956033331e-01,-7.785843349253073267e-03,-2.635557616759821777e-03,-0.000000000000000000e+00,0.000000000000000000e+00
-0.000000000000000000e+00,-7.068678588333991708e-02,-0.000000000000000000e+00,-0.000000000000000000e+00,-1.939957704817022177e-01,-0.000000000000000000e+00,0.000000000000000000e+00,0.000000000000000000e+00,-0.000000000000000000e+00,-0.000000000000000000e+00,-0.000000000000000000e+00,1.330571832541409982e+00,0.000000000000000000e+00,-0.000000000000000000e+00,-0.000000000000000000e+00,-0.000000000000000000e+00,-4.767060333994507793e-02,-0.000000000000000000e+00,2.044108510677906249e-02,-1.671877244093666615e-01,-0.000000000000000000e+00,-0.000000000000000000e+00,-0.000000000000000000e+00,-0.000000000000000000e+00,-5.871646564003162039e-02,-6.475540221386140438e-02,-4.709337118250864901e-02,-1.259502720223307504e-01,-0.000000000000000000e+00,-0.000000000000000000e+00,-0.000000000000000000e+00,-0.000000000000000000e+00,-0.000000000000000000e+00,-2.060803806618221878e-01,-0.000000000000000000e+00,-0.000000000000000000e+00,-0.000000000000000000e+00,-0.000000000000000000e+00,-0.000000000000000000e+00
0.000000000000000000e+00,0.000000000000000000e+00,2.012005338107516472e-01,-0.000000000000000000e+00,0.000000000000000000e+00,0.000000000000000000e+00,-0.000000000000000000e+00,-0.000000000000000000e+00,0.000000000000000000e+00,-0.000000000000000000e+00,0.000000000000000000e+00,0.000000000000000000e+00,1.707802466298439015e+00,0.000000000000000000e+00,0.000000000000000000e+00,0.000000000000000000e+00,0.000000000000000000e+00,-0.000000000000000000e+00,-0.000000000000000000e+00,-0.000000000000000000e+00,1.445723714504890296e-02,0.000000000000000000e+00,1.772071808707605944e-01,5.534840221672759908e-02,0.000000000000000000e+00,2.630660017115714344e-02,3.988150209082887837e-02,0.000000000000000000e+00,0.000000000000000000e+00,0.000000000000000000e+00,7.208472443654011519e-01,0.000000000000000000e+00,4.762741125625821748e-02,0.000000000000000000e+00,0.000000000000000000e+00,1.191269839441916056e-01,0.000000000000000000e+00,0.000000000000000000e+00,0.000000000000000000e+00
-0.000000000000000000e+00,-0.000000000000000000e+00,-9.363681450061543676e-02,-0.000000000000000000e+00,-4.802207573238917448e-01,-0.000000000000000000e+00,0.000000000000000000e+00,0.000000000000000000e+00,-3.962521585355845144e-02,-0.000000000000000000e+00,-0.000000000000000000e+00,-0.000000000000000000e+00,0.000000000000000000e+00,2.163647299036237204e+00,-0.000000000000000000e+00,-0.000000000000000000e+00,-0.000000000000000000e+00,0.000000000000000000e+00,1.912840034885216201e-01,0.000000000000000000e+00,0.000000000000000000e+00,0.000000000000000000e+00,-2.300778386818320975e-01,-4.306830426276486157e-01,-0.000000000000000000e+00,-0.000000000000000000e+00,-0.000000000000000000e+00,-0.000000000000000000e+00,-0.000000000000000000e+00,-9.117020491939845095e-02,-1.198087632715255507e-01,-0.000000000000000000e+00,-1.333978328631411914e-01,-2.078313643799377941e-01,-1.774961693394125628e-01,-0.000000000000000000e+00,-7.287451430543206987e-02,-0.000000000000000000e+00,-0.000000000000000000e+00
-1.086937050166141977e-01,-0.000000000000000000e+00,-0.000000000000000000e+00,0.000000000000000000e+00,-0.000000000000000000e+00,-0.000000000000000000e+00,-0.000000000000000000e+00,0.000000000000000000e+00,-1.430580533106645680e-01,-0.000000000000000000e+00,-0.000000000000000000e+00,-0.000000000000000000e+00,0.000000000000000000e+00,-0.000000000000000000e+00,1.590534468886404484e+00,-0.000000000000000000e+00,-0.000000000000000000e+00,-0.000000000000000000e+00,0.000000000000000000e+00,-0.000000000000000000e+00,0.000000000000000000e+00,-0.000000000000000000e+00,-0.000000000000000000e+00,-0.000000000000000000e+00,-4.411723497342856341e-03,-0.000000000000000000e+00,-0.000000000000000000e+00,-1.159880300673164361e-01,0.000000000000000000e+00,-0.000000000000000000e+00,-0.000000000000000000e+00,-0.000000000000000000e+00,-0.000000000000000000e+00,-2.754192091676973542e-01,0.000000000000000000e+00,0.000000000000000000e+00,-0.000000000000000000e+00,-3.052309726739980689e-01,-2.523050210093638612e-01
-4.378918114907685011e-01,-1.737526255449598767e-01,0.000000000000000000e+00,-0.000000000000000000e+00,-0.000000000000000000e+00,0.000000000000000000e+00,-0.000000000000000000e+00,-0.000000000000000000e+00,-5.516602592318624321e-02,-1.306193235471478697e+00,-4.479418422641669173e-02,-0.000000000000000000e+00,0.000000000000000000e+00,-0.000000000000000000e+00,-0.000000000000000000e+00,2.958044057268298221e+00,-1.956960533134076974e-01,-0.000000000000000000e+00,0.000000000000000000e+00,-0.000000000000000000e+00,0.000000000000000000e+00,-0.000000000000000000e+00,-0.000000000000000000e+00,-0.000000000000000000e+00,-0.000000000000000000e+00,-0.000000000000000000e+00,-0.000000000000000000e+00,-0.000000000000000000e+00,0.000000000000000000e+00,-5.366782833132222041e-01,-0.000000000000000000e+00,-2.590734739198770620e-01,0.000000000000000000e+00,-0.000000000000000000e+00,-0.000000000000000000e+00,-0.000000000000000000e+00,-0.000000000000000000e+00,-0.000000000000000000e+00,-0.000000000000000000e+00
-0.000000000000000000e+00,-0.000000000000000000e+00,-0.000000000000000000e+00,-0.000000000000000000e+00,-8.449619333069080529e-02,-1.208802919578177010e-01,0.000000000000000000e+00,0.000000000000000000e+00,-6.076124447485803381e-02,-0.000000000000000000e+00,-9.877847488139923637e-01,-4.767060333994507793e-02,0.000000000000000000e+00,-0.000000000000000000e+00,-0.000000000000000000e+00,-1.956960533134076974e-01,2.123059309696891273e+00,-0.000000000000000000e+00,0.000000000000000000e+00,-0.000000000000000000e+00,0.000000000000000000e+00,0.000000000000000000e+00,-0.000000000000000000e+00,-0.000000000000000000e+00,-0.000000000000000000e+00,-6.949809368875882465e-02,-4.173747164018108691e-02,-0.000000000000000000e+00,-3.781766220028457554e-02,-4.973026438293200874e-02,-0.000000000000000000e+00,-3.506314448536917427e-01,0.000000000000000000e+00,-0.000000000000000000e+00,-4.177814045425694289e-02,-0.000000000000000000e+00,-9.853542166731833057e-03,-0.000000000000000000e+00,-0.000000000000000000e+00
-0.000000000000000000e+00,-0.000000000000000000e+00,0.000000000000000000e+00,-1.144852149082657561e-01,0.000000000000000000e+00,0.000000000000000000e+00,-2.200267287830013629e-01,0.000000000000000000e+00,-0.000000000000000000e+00,-0.000000000000000000e+00,-0.000000000000000000e+00,-0.000000000000000000e+00,-0.000000000000000000e+00,0.000000000000000000e+00,-0.000000000000000000e+00,-0.000000000000000000e+00,-0.000000000000000000e+00,1.159233317629080995e+00,-2.690182385344319083e-01,-7.554214672330947233e-02,0.000000000000000000e+00,0.000000000000000000e+00,0.000000000000000000e+00,0.000000000000000000e+00,-0.000000000000000000e+00,-0.000000000000000000e+00,-1.107602181681223014e-01,-1.599809999324588450e-01,-0.000000000000000000e+00,-0.000000000000000000e+00,-0.000000000000000000e+00,-0.000000000000000000e+00,8.032450537083782316e-02,0.000000000000000000e+00,0.000000000000000000e+00,0.000000000000000000e+00,-0.000000000000000000e+00,-0.000000000000000000e+00,-0.000000000000000000e+00
0.000000000000000000e+00,0.000000000000000000e+00,0.000000000000000000e+00,-0.000000000000000000e+00,0.000000000000000000e+00,0.000000000000000000e+00,-0.000000000000000000e+00,0.000000000000000000e+00,2.012805086143862054e-01,0.000000000000000000e+00,0.000000000000000000e+00,2.044108510677906249e-02,-0.000000000000000000e+00,1.912840034885216201e-01,0.000000000000000000e+00,0.000000000000000000e+00,0.000000000000000000e+00,-2.690182385344319083e-01,1.543665865070220411e+00,-0.000000000000000000e+00,-1.757500548981474810e-03,-0.000000000000000000e+00,0.000000000000000000e+00,0.000000000000000000e+00,0.000000000000000000e+00,-0.000000000000000000e+00,-0.000000000000000000e+00,0.000000000000000000e+00,-0.000000000000000000e+00,0.000000000000000000e+00,0.000000000000000000e+00,0.000000000000000000e+00,0.000000000000000000e+00,5.873678074896826473e-01,0.000000000000000000e+00,-0.000000000000000000e+00,0.000000000000000000e+00,0.000000000000000000e+00,0.000000000000000000e+00
-0.000000000000000000e+00,-2.597578704425577284e-02,0.000000000000000000e+00,-0.000000000000000000e+00,-0.000000000000000000e+00,0.000000000000000000e+00,-8.069022755857625795e-02,0.000000000000000000e+00,-0.000000000000000000e+00,-0.000000000000000000e+00,-0.000000000000000000e+00,-1.671877244093666615e-01,-0.000000000000000000e+00,0.000000000000000000e+00,-0.000000000000000000e+00,-0.000000000000000000e+00,-0.000000000000000000e+00,-7.554214672330947233e-02,-0.000000000000000000e+00,1.171220489489375405e+00,0.000000000000000000e+00,-0.000000000000000000e+00,-0.000000000000000000e+00,0.000000000000000000e+00,-0.000000000000000000e+00,-0.000000000000000000e+00,-0.000000000000000000e+00,-4.913824527630841071e-02,0.000000000000000000e+00,-0.000000000000000000e+00,-0.000000000000000000e+00,-0.000000000000000000e+00,0.000000000000000000e+00,-0.000000000000000000e+00,0.000000000000000000e+00,0.000000000000000000e+00,0.000000000000000000e+00,-2.783236133206868912e-01,-0.000000000000000000e+00
-0.000000000000000000e+00,0.000000000000000000e+00,-3.869984186478744870e-02,0.000000000000000000e+00,0.000000000000000000e+00,-0.000000000000000000e+00,-0.000000000000000000e+00,0.000000000000000000e+00,1.163119992695956922e-01,1.080276452230302248e-01,0.000000000000000000e+00,-0.000000000000000000e+00,1.445723714504890296e-02,0.000000000000000000e+00,0.000000000000000000e+00,0.000000000000000000e+00,0.000000000000000000e+00,0.000000000000000000e+00,-1.757500548981474810e-03,0.000000000000000000e+00,1.176521028360534959e+00,-4.044199079813230457e-01,-0.000000000000000000e+00,-0.000000000000000000e+00,-0.000000000000000000e+00,-0.000000000000000000e+00,-0.000000000000000000e+00,-0.000000000000000000e+00,-7.557521662070587794e-03,0.000000000000000000e+00,-0.000000000000000000e+00,0.000000000000000000e+00,-1.035283413183636925e-01,0.000000000000000000e+00,0.000000000000000000e+00,-0.000000000000000000e+00,0.000000000000000000e+00,0.000000000000000000e+00,0.000000000000000000e+00
-9.173356500582811879e-02,-0.000000000000000000e+00,-0.000000000000000000e+00,-0.000000000000000000e+00,0.000000000000000000e+00,-0.000000000000000000e+00,-0.000000000000000000e+00,-0.000000000000000000e+00,0.000000000000000000e+00,-0.000000000000000000e+00,0.000000000000000000e+00,-0.000000000000000000e+00,0.000000000000000000e+00,0.000000000000000000e+00,-0.000000000000000000e+00,-0.000000000000000000e+00,0.000000000000000000e+00,0.000000000000000000e+00,-0.000000000000000000e+00,-0.000000000000000000e+00,-4.044199079813230457e-01,1.154861596937090340e+00,-0.000000000000000000e+00,-3.407323515642088352e-02,-0.000000000000000000e+00,-0.000000000000000000e+00,-0.000000000000000000e+00,-4.064942659218120924e-02,-0.000000000000000000e+00,-0.000000000000000000e+00,-0.000000000000000000e+00,0.000000000000000000e+00,-0.000000000000000000e+00,-0.000000000000000000e+00,0.000000000000000000e+00,0.000000000000000000e+00,0.000000000000000000e+00,-0.000000000000000000e+00,-0.000000000000000000e+00
-0.000000000000000000e+00,-0.000000000000000000e+00,-1.019995767878234816e-01,-0.000000000000000000e+00,-0.000000000000000000e+00,-1.296691492261435874e-01,0.000000000000000000e+00,0.000000000000000000e+00,-0.000000000000000000e+00,-0.000000000000000000e+00,-0.000000000000000000e+00,-0.000000000000000000e+00,1.772071808707605944e-01,-2.300778386818320975e-01,-0.000000000000000000e+00,-0.000000000000000000e+00,-0.000000000000000000e+00,0.000000000000000000e+00,0.000000000000000000e+00,-0.000000000000000000e+00,-0.000000000000000000e+00,-0.000000000000000000e+00,2.001371718358965879e+00,-1.799979086945226459e-01,-7.875538245411363159e-01,-2.917352697826420052e-02,-0.000000000000000000e+00,-0.000000000000000000e+00,-0.000000000000000000e+00,-0.000000000000000000e+00,-1.824672739505844299e-01,-0.000000000000000000e+00,-0.000000000000000000e+00,-0.000000000000000000e+00,-7.349161423990091535e-02,-0.000000000000000000e+00,-1.849405280589788529e-03,-0.000000000000000000e+00,-0.000000000000000000e+00
-8.107049439250044176e-02,-0.000000000000000000e+00,-0.000000000000000000e+00,0.000000000000000000e+00,-0.000000000000000000e+00,-1.967434951633762266e-02,0.000000000000000000e+00,0.000000000000000000e+00,-0.000000000000000000e+00,-0.000000000000000000e+00,-0.000000000000000000e+00,-0.000000000000000000e+00,5.534840221672759908e-02,-4.306830426276486157e-01,-0.000000000000000000e+00,-0.000000000000000000e+00,-0.000000000000000000e+00,0.000000000000000000e+00,0.000000000000000000e+00,0.000000000000000000e+00,-0.000000000000000000e+00,-3.407323515642088352e-02,-1.799979086945226459e-01,1.836109093160632533e+00,-2.125091388467615638e-01,-3.754022644614145310e-02,-0.000000000000000000e+00,-0.000000000000000000e+00,-4.459407343292573489e-02,-3.563542994395115793e-01,-0.000000000000000000e+00,-6.420177600990083222e-02,-1.112454104097476554e-01,-0.000000000000000000e+00,-3.665713589847474640e-02,-0.000000000000000000e+00,-9.752338181538737494e-02,-0.000000000000000000e+00,-0.000000000000000000e+00
-2.061306707801426052e-02,-1.422077212811050650e-01,-1.388917851940641712e-01,-0.000000000000000000e+00,-0.000000000000000000e+00,-1.552611661912561836e-01,-0.000000000000000000e+00,1.188928182270669598e-01,-0.000000000000000000e+00,-0.000000000000000000e+00,-0.000000000000000000e+00,-5.871646564003162039e-02,0.000000000000000000e+00,-0.000000000000000000e+00,-4.411723497342856341e-03,-0.000000000000000000e+00,-0.000000000000000000e+00,-0.000000000000000000e+00,0.000000000000000000e+00,-0.000000000000000000e+00,-0.000000000000000000e+00,-0.000000000000000000e+00,-7.875538245411363159e-01,-2.125091388467615638e-01,2.029349959242079393e+00,-8.534518713605988849e-02,-0.000000000000000000e+00,-2.271321763187599679e-02,-3.945054643436721881e-02,-0.000000000000000000e+00,-2.568166093283084928e-02,-1.282807810890687281e-02,-0.000000000000000000e+00,-1.187471670020309386e-02,-0.000000000000000000e+00,-0.000000000000000000e+00,-2.012199638382598244e-01,-0.000000000000000000e+00,-0.000000000000000000e+00
-2.830039816478953085e-01,-0.000000000000000000e+00,-0.000000000000000000e+00,0.000000000000000000e+00,-1.928837248855061193e-01,0.000000000000000000e+00,0.000000000000000000e+00,0.000000000000000000e+00,-0.000000000000000000e+00,-0.000000000000000000e+00,-6.364261997279832550e-02,-6.475540221386140438e-02,2.630660017115714344e-02,-0.000000000000000000e+00,-0.000000000000000000e+00,-0.000000000000000000e+00,-6.949809368875882465e-02,-0.000000000000000000e+00,-0.000000000000000000e+00,-0.000000000000000000e+00,-0.000000000000000000e+00,-0.000000000000000000e+00,-2.917352697826420052e-02,-3.754022644614145310e-02,-8.534518713605988849e-02,2.443442485449834667e+00,-8.723621103742315031e-01,-0.000000000000000000e+00,-4.403559254214539642e-01,-0.000000000000000000e+00,-1.119919147936248027e-01,-1.954379352401100500e-01,-0.000000000000000000e+00,-0.000000000000000000e+00,-0.000000000000000000e+00,-1.693407789260103491e-01,-0.000000000000000000e+00,-0.000000000000000000e+00,-0.000000000000000000e+00
-0.000000000000000000e+00,-0.000000000000000000e+00,-0.000000000000000000e+00,-0.000000000000000000e+00,-0.000000000000000000e+00,0.000000000000000000e+00,-0.000000000000000000e+00,1.173346226793904948e-02,-0.000000000000000000e+00,-0.000000000000000000e+00,-0.000000000000000000e+00,-4.709337118250864901e-02,3.988150209082887837e-02,-0.000000000000000000e+00,-0.000000000000000000e+00,-0.000000000000000000e+00,-4.173747164018108691e-02,-1.107602181681223014e-01,-0.000000000000000000e+00,-0.000000000000000000e+00,-0.000000000000000000e+00,-0.000000000000000000e+00,-0.000000000000000000e+00,-0.000000000000000000e+00,-0.000000000000000000e+00,-8.723621103742315031e-01,2.185486107994640381e+00,-7.265664599353086062e-02,-0.000000000000000000e+00,-0.000000000000000000e+00,-5.189111583886601986e-01,-2.187706194806602888e-01,-0.000000000000000000e+00,-0.000000000000000000e+00,-0.000000000000000000e+00,-2.302129518844954204e-01,-0.000000000000000000e+00,-0.000000000000000000e+00,-0.000000000000000000e+00
-2.489611658497494287e-02,-0.000000000000000000e+00,-0.000000000000000000e+00,0.000000000000000000e+00,-0.000000000000000000e+00,-1.745824180013626215e-01,-3.108670720028089071e-02,1.283034801628393437e-02,-1.314217080466941953e-02,-0.000000000000000000e+00,-0.000000000000000000e+00,-1.259502720223307504e-01,0.000000000000000000e+00,-0.000000000000000000e+00,-1.159880300673164361e-01,-0.000000000000000000e+00,-0.000000000000000000e+00,-1.599809999324588450e-01,0.000000000000000000e+00,-4.913824527630841071e-02,-0.000000000000000000e+00,-4.064942659218120924e-02,-0.000000000000000000e+00,-0.000000000000000000e+00,-2.271321763187599679e-02,-0.000000000000000000e+00,-7.265664599353086062e-02,1.465446551530166230e+00,-0.000000000000000000e+00,-0.000000000000000000e+00,-1.638670761601749293e-01,-0.000000000000000000e+00,-2.137444244952044770e-01,-3.834796211548838207e-02,0.000000000000000000e+00,0.000000000000000000e+00,-0.000000000000000000e+00,-1.211091938244524407e-01,-1.084034596862249039e-01
-0.000000000000000000e+00,0.000000000000000000e+00,-0.000000000000000000e+00,0.000000000000000000e+00,-0.000000000000000000e+00,-1.343413563043612258e-01,2.183084206409719591e-02,0.000000000000000000e+00,0.000000000000000000e+00,0.000000000000000000e+00,-9.115601378888479878e-02,-0.000000000000000000e+00,0.000000000000000000e+00,-0.000000000000000000e+00,0.000000000000000000e+00,0.000000000000000000e+00,-3.781766220028457554e-02,-0.000000000000000000e+00,-0.000000000000000000e+00,0.000000000000000000e+00,-7.557521662070587794e-03,-0.000000000000000000e+00,-0.000000000000000000e+00,-4.459407343292573489e-02,-3.945054643436721881e-02,-4.403559254214539642e-01,-0.000000000000000000e+00,-0.000000000000000000e+00,1.692505113403938832e+00,-0.000000000000000000e+00,-0.000000000000000000e+00,-1.831844642058355621e-01,-0.000000000000000000e+00,0.000000000000000000e+00,-1.546026708750554146e-01,-0.000000000000000000e+00,-3.296693339947080470e-01,0.000000000000000000e+00,0.000000000000000000e+00
-1.171629130891803927e-01,-1.318600819909389365e-03,-0.000000000000000000e+00,-0.000000000000000000e+00,-1.328646827556395349e-01,-0.000000000000000000e+00,0.000000000000000000e+00,0.000000000000000000e+00,-3.703023305141591170e-01,-2.308232682485706622e-01,-4.849166936490492685e-02,-0.000000000000000000e+00,0.000000000000000000e+00,-9.117020491939845095e-02,-0.000000000000000000e+00,-5.366782833132222041e-01,-4.973026438293200874e-02,-0.000000000000000000e+00,0.000000000000000000e+00,-0.000000000000000000e+00,0.000000000000000000e+00,-0.000000000000000000e+00,-0.000000000000000000e+00,-3.563542994395115793e-01,-0.000000000000000000e+00,-0.000000000000000000e+00,-0.000000000000000000e+00,-0.000000000000000000e+00,-0.000000000000000000e+00,2.296421130702836155e+00,-0.000000000000000000e+00,-7.602717165613701034e-02,-0.000000000000000000e+00,-1.135477989871434418e-01,-0.000000000000000000e+00,-2.496101309451519978e-01,-0.000000000000000000e+00,-0.000000000000000000e+00,-0.000000000000000000e+00
-0.000000000000000000e+00,-1.231371565931999590e-01,-1.152142335019955693e-01,-0.000000000000000000e+00,-0.000000000000000000e+00,-0.000000000000000000e+00,-0.000000000000000000e+00,1.350861877963061009e-01,-0.000000000000000000e+00,-0.000000000000000000e+00,-0.000000000000000000e+00,-0.000000000000000000e+00,7.208472443654011519e-01,-1.198087632715255507e-01,-0.000000000000000000e+00,-0.000000000000000000e+00,-0.000000000000000000e+00,-0.000000000000000000e+00,0.000000000000000000e+00,-0.000000000000000000e+00,-0.000000000000000000e+00,-0.000000000000000000e+00,-1.824672739505844299e-01,-0.000000000000000000e+00,-2.568166093283084928e-02,-1.119919147936248027e-01,-5.189111583886601986e-01,-1.638670761601749293e-01,-0.000000000000000000e+00,-0.000000000000000000e+00,2.378423205545404873e+00,-0.000000000000000000e+00,-1.525203590485847416e-01,-0.000000000000000000e+00,-2.413563883728595816e-01,-0.000000000000000000e+00,-0.000000000000000000e+00,-0.000000000000000000e+00,-0.000000000000000000e+00
-1.544468733588423744e-02,-0.000000000000000000e+00,-0.000000000000000000e+00,0.000000000000000000e+00,-0.000000000000000000e+00,-0.000000000000000000e+00,0.000000000000000000e+00,0.000000000000000000e+00,-0.000000000000000000e+00,-1.020837555730454288e-01,-0.000000000000000000e+00,-0.000000000000000000e+00,0.000000000000000000e+00,-0.000000000000000000e+00,-0.000000000000000000e+00,-2.590734739198770620e-01,-3.506314448536917427e-01,-0.000000000000000000e+00,0.000000000000000000e+00,-0.000000000000000000e+00,0.000000000000000000e+00,0.000000000000000000e+00,-0.000000000000000000e+00,-6.420177600990083222e-02,-1.282807810890687281e-02,-1.954379352401100500e-01,-2.187706194806602888e-01,-0.000000000000000000e+00,-1.831844642058355621e-01,-7.602717165613701034e-02,-0.000000000000000000e+00,2.318942282753129192e+00,-0.000000000000000000e+00,-0.000000000000000000e+00,-3.703908366798911445e-01,-0.000000000000000000e+00,-5.450765607810901248e-01,-0.000000000000000000e+00,-0.000000000000000000e+00
0.000000000000000000e+00,0.000000000000000000e+00,-5.783836165023794607e-01,0.000000000000000000e+00,-6.468755063294946706e-02,-5.363129065527214023e-02,0.000000000000000000e+00,1.048447311024006123e-01,-0.000000000000000000e+00,1.441212489219195758e-01,0.000000000000000000e+00,-0.000000000000000000e+00,4.762741125625821748e-02,-1.333978328631411914e-01,-0.000000000000000000e+00,0.000000000000000000e+00,0.000000000000000000e+00,8.032450537083782316e-02,0.000000000000000000e+00,0.000000000000000000e+00,-1.035283413183636925e-01,-0.000000000000000000e+00,-0.000000000000000000e+00,-1.112454104097476554e-01,-0.000000000000000000e+00,-0.000000000000000000e+00,-0.000000000000000000e+00,-2.137444244952044770e-01,-0.000000000000000000e+00,-0.000000000000000000e+00,-1.525203590485847416e-01,-0.000000000000000000e+00,1.653174261433072445e+00,-0.000000000000000000e+00,-0.000000000000000000e+00,-0.000000000000000000e+00,-0.000000000000000000e+00,0.000000000000000000e+00,0.000000000000000000e+00
-0.000000000000000000e+00,-1.062966788250731959e-01,-0.000000000000000000e+00,-0.000000000000000000e+00,-4.586302596270707133e-01,-0.000000000000000000e+00,-0.000000000000000000e+00,0.000000000000000000e+00,-9.151974427465021655e-01,-4.210512551519642044e-03,-0.000000000000000000e+00,-2.060803806618221878e-01,0.000000000000000000e+00,-2.078313643799377941e-01,-2.754192091676973542e-01,-0.000000000000000000e+00,-0.000000000000000000e+00,0.000000000000000000e+00,5.873678074896826473e-01,-0.000000000000000000e+00,0.000000000000000000e+00,-0.000000000000000000e+00,-0.000000000000000000e+00,-0.000000000000000000e+00,-1.187471670020309386e-02,-0.000000000000000000e+00,-0.000000000000000000e+00,-3.834796211548838207e-02,0.000000000000000000e+00,-1.135477989871434418e-01,-0.000000000000000000e+00,-0.000000000000000000e+00,-0.000000000000000000e+00,2.861568702638730421e+00,-0.000000000000000000e+00,0.000000000000000000e+00,-0.000000000000000000e+00,-5.498006354887382402e-02,-2.123933671373302579e-01
-0.000000000000000000e+00,-0.000000000000000000e+00,-0.000000000000000000e+00,0.000000000000000000e+00,-0.000000000000000000e+00,-0.000000000000000000e+00,0.000000000000000000e+00,0.000000000000000000e+00,-0.000000000000000000e+00,-0.000000000000000000e+00,-1.542854753956033331e-01,-0.000000000000000000e+00,0.000000000000000000e+00,-1.774961693394125628e-01,0.000000000000000000e+00,-0.000000000000000000e+00,-4.177814045425694289e-02,0.000000000000000000e+00,0.000000000000000000e+00,0.000000000000000000e+00,0.000000000000000000e+00,0.000000000000000000e+00,-7.349161423990091535e-02,-3.665713589847474640e-02,-0.000000000000000000e+00,-0.000000000000000000e+00,-0.000000000000000000e+00,0.000000000000000000e+00,-1.546026708750554146e-01,-0.000000000000000000e+00,-2.413563883728595816e-01,-3.703908366798911445e-01,-0.000000000000000000e+00,-0.000000000000000000e+00,2.386899445664031116e+00,-3.873851594932660736e-01,-8.379876590783479351e-01,0.000000000000000000e+00,0.000000000000000000e+00
-0.000000000000000000e+00,-0.000000000000000000e+00,-0.000000000000000000e+00,-0.000000000000000000e+00,-5.150734631351443042e-03,0.000000000000000000e+00,0.000000000000000000e+00,0.000000000000000000e+00,0.000000000000000000e+00,-0.000000000000000000e+00,-7.785843349253073267e-03,-0.000000000000000000e+00,1.191269839441916056e-01,-0.000000000000000000e+00,0.000000000000000000e+00,-0.000000000000000000e+00,-0.000000000000000000e+00,0.000000000000000000e+00,-0.000000000000000000e+00,0.000000000000000000e+00,-0.000000000000000000e+00,0.000000000000000000e+00,-0.000000000000000000e+00,-0.000000000000000000e+00,-0.000000000000000000e+00,-1.693407789260103491e-01,-2.302129518844954204e-01,0.000000000000000000e+00,-0.000000000000000000e+00,-2.496101309451519978e-01,-0.000000000000000000e+00,-0.000000000000000000e+00,-0.000000000000000000e+00,0.000000000000000000e+00,-3.873851594932660736e-01,1.518151307129538496e+00,-0.000000000000000000e+00,0.000000000000000000e+00,0.000000000000000000e+00
-0.000000000000000000e+00,-0.000000000000000000e+00,-0.000000000000000000e+00,0.000000000000000000e+00,-0.000000000000000000e+00,-1.878004294096611779e-02,0.000000000000000000e+00,3.974023766813029185e-02,-0.000000000000000000e+00,-0.000000000000000000e+00,-2.635557616759821777e-03,-0.000000000000000000e+00,0.000000000000000000e+00,-7.287451430543206987e-02,-0.000000000000000000e+00,-0.000000000000000000e+00,-9.853542166731833057e-03,-0.000000000000000000e+00,0.000000000000000000e+00,0.000000000000000000e+00,0.000000000000000000e+00,0.000000000000000000e+00,-1.849405280589788529e-03,-9.752338181538737494e-02,-2.012199638382598244e-01,-0.000000000000000000e+00,-0.000000000000000000e+00,-0.000000000000000000e+00,-3.296693339947080470e-01,-0.000000000000000000e+00,-0.000000000000000000e+00,-5.450765607810901248e-01,-0.000000000000000000e+00,-0.000000000000000000e+00,-8.379876590783479351e-01,-0.000000000000000000e+00,2.264604533284030108e+00,-0.000000000000000000e+00,0.000000000000000000e+00
-6.122844500029477333e-01,-9.027715673222216908e-02,-0.000000000000000000e+00,-0.000000000000000000e+00,-0.000000000000000000e+00,-0.000000000000000000e+00,-1.510715400543284972e-02,0.000000000000000000e+00,-2.349071616621055403e-01,-1.302526022006467443e-01,-0.000000000000000000e+00,-0.000000000000000000e+00,0.000000000000000000e+00,-0.000000000000000000e+00,-3.052309726739980689e-01,-0.000000000000000000e+00,-0.000000000000000000e+00,-0.000000000000000000e+00,0.000000000000000000e+00,-2.783236133206868912e-01,0.000000000000000000e+00,-0.000000000000000000e+00,-0.000000000000000000e+00,-0.000000000000000000e+00,-0.000000000000000000e+00,-0.000000000000000000e+00,-0.000000000000000000e+00,-1.211091938244524407e-01,0.000000000000000000e+00,-0.000000000000000000e+00,-0.000000000000000000e+00,-0.000000000000000000e+00,0.000000000000000000e+00,-5.498006354887382402e-02,0.000000000000000000e+00,0.000000000000000000e+00,-0.000000000000000000e+00,2.749272414520768315e+00,-1.045971326746863106e+00
-6.983780905012383633e-02,-4.833314247458116442e-01,-0.000000000000000000e+00,-0.000000000000000000e+00,-0.000000000000000000e+00,-0.000000000000000000e+00,-2.460813933978183432e-01,0.000000000000000000e+00,-4.413502319352335390e-01,-5.601321842034583803e-02,0.000000000000000000e+00,-0.000000000000000000e+00,0.000000000000000000e+00,-0.000000000000000000e+00,-2.523050210093638612e-01,-0.000000000000000000e+00,-0.000000000000000000e+00,-0.000000000000000000e+00,0.000000000000000000e+00,-0.000000000000000000e+00,0.000000000000000000e+00,-0.000000000000000000e+00,-0.000000000000000000e+00,-0.000000000000000000e+00,-0.000000000000000000e+00,-0.000000000000000000e+00,-0.000000000000000000e+00,-1.084034596862249039e-01,0.000000000000000000e+00,-0.000000000000000000e+00,-0.000000000000000000e+00,-0.000000000000000000e+00,0.000000000000000000e+00,-2.123933671373302579e-01,0.000000000000000000e+00,0.000000000000000000e+00,0.000000000000000000e+00,-1.045971326746863106e+00,2.771641000052930792e+00
