2.559103218692671433e+00,-0.000000000000000000e+00,-4.316481773907928504e-02,0.000000000000000000e+00,-0.000000000000000000e+00,0.000000000000000000e+00,-0.000000000000000000e+00,4.210425479348052502e-02,-2.155000022687013697e-02,0.000000000000000000e+00,-0.000000000000000000e+00,-0.000000000000000000e+00,0.000000000000000000e+00,-0.000000000000000000e+00,-5.759591302452565093e-02,-0.000000000000000000e+00,-4.301118113078215011e-01,0.000000000000000000e+00,-0.000000000000000000e+00,-0.000000000000000000e+00,-8.055501813398516231e-02,0.000000000000000000e+00,-0.000000000000000000e+00,-3.082802699397339530e-01,-0.000000000000000000e+00,-3.359339243877031422e-01,-0.000000000000000000e+00,-2.335182203002890700e-01,-0.000000000000000000e+00,0.000000000000000000e+00,-0.000000000000000000e+00,-0.000000000000000000e+00,-1.043899045563996958e-01,0.000000000000000000e+00,-0.000000000000000000e+00,-0.000000000000000000e+00,-0.000000000000000000e+00,-9.320187975072221631e-01,-1.769856377164260308e-01
-0.000000000000000000e+00,1.420311358854788208e+00,0.000000000000000000e+00,-0.000000000000000000e+00,0.000000000000000000e+00,-2.571010735656900636e-01,0.000000000000000000e+00,-0.000000000000000000e+00,-0.000000000000000000e+00,-3.307269490197641271e-01,-0.000000000000000000e+00,0.000000000000000000e+00,0.000000000000000000e+00,-3.162616515429780145e-02,0.000000000000000000e+00,-0.000000000000000000e+00,0.000000000000000000e+00,0.000000000000000000e+00,9.686554270562595936e-02,0.000000000000000000e+00,0.000000000000000000e+00,-0.000000000000000000e+00,-2.554942102496598477e-01,-0.000000000000000000e+00,-0.000000000000000000e+00,0.000000000000000000e+00,0.000000000000000000e+00,1.114016735539349462e-01,0.000000000000000000e+00,-0.000000000000000000e+00,-1.782926080726996709e-01,0.000000000000000000e+00,0.000000000000000000e+00,-0.000000000000000000e+00,-0.000000000000000000e+00,-0.000000000000000000e+00,-0.000000000000000000e+00,-0.000000000000000000e+00,-1.367205432463940717e-01
-4.316481773907928504e-02,0.000000000000000000e+00,3.281683543448009832e+00,0.000000000000000000e+00,-3.830980608987821223e-01,0.000000000000000000e+00,-0.000000000000000000e+00,1.193159607013678514e+00,-0.000000000000000000e+00,2.260611936656402310e-01,-0.000000000000000000e+00,-1.328837636639328482e-02,9.870288221581891008e-02,-0.000000000000000000e+00,-0.000000000000000000e+00,0.000000000000000000e+00,-1.347814787037030504e-01,-0.000000000000000000e+00,-1.047089259210997186e-01,-0.000000000000000000e+00,-4.022416636248433153e-01,0.000000000000000000e+00,-0.000000000000000000e+00,-0.000000000000000000e+00,-5.884946635822701361e-02,-7.496668330272919512e-02,-3.432933775396654341e-02,-7.214122829177271011e-03,-0.000000000000000000e+00,0.000000000000000000e+00,-0.000000000000000000e+00,-0.000000000000000000e+00,-7.167734723492029669e-01,0.000000000000000000e+00,-0.000000000000000000e+00,-0.000000000000000000e+00,-0.000000000000000000e+00,-0.000000000000000000e+00,-1.121550723318232891e-02
0.000000000000000000e+00,-0.000000000000000000e+00,0.000000000000000000e+00,1.000701779293915017e+00,0.000000000000000000e+00,0.000000000000000000e+00,-0.000000000000000000e+00,-0.000000000000000000e+00,0.000000000000000000e+00,-0.000000000000000000e+00,0.000000000000000000e+00,0.000000000000000000e+00,0.000000000000000000e+00,0.000000000000000000e+00,2.225206986723210489e-02,0.000000000000000000e+00,0.000000000000000000e+00,-1.443345097859668330e-02,-0.000000000000000000e+00,-0.000000000000000000e+00,-0.000000000000000000e+00,0.000000000000000000e+00,0.000000000000000000e+00,0.000000000000000000e+00,0.000000000000000000e+00,0.000000000000000000e+00,-0.000000000000000000e+00,0.000000000000000000e+00,0.000000000000000000e+00,0.000000000000000000e+00,-0.000000000000000000e+00,0.000000000000000000e+00,0.000000000000000000e+00,0.000000000000000000e+00,-0.000000000000000000e+00,0.000000000000000000e+00,0.000000000000000000e+00,0.000000000000000000e+00,-0.000000000000000000e+00
-0.000000000000000000e+00,0.000000000000000000e+00,-3.830980608987821223e-01,0.000000000000000000e+00,2.279768045140933896e+00,0.000000000000000000e+00,-0.000000000000000000e+00,3.862975385617866131e-01,-3.831808458054634103e-01,0.000000000000000000e+00,-0.000000000000000000e+00,-1.185596371718644904e-01,0.000000000000000000e+00,-0.000000000000000000e+00,-3.263011235994647818e-02,-0.000000000000000000e+00,-1.553840150300621892e-01,0.000000000000000000e+00,-0.000000000000000000e+00,-0.000000000000000000e+00,-0.000000000000000000e+00,4.432783929786165977e-02,-0.000000000000000000e+00,-0.000000000000000000e+00,-1.335168832513633774e-01,-4.086941545391089559e-01,-0.000000000000000000e+00,-0.000000000000000000e+00,-0.000000000000000000e+00,0.000000000000000000e+00,-0.000000000000000000e+00,-0.000000000000000000e+00,-2.898322210567921275e-01,-0.000000000000000000e+00,-0.000000000000000000e+00,-9.168470736483746997e-02,-0.000000000000000000e+00,-0.000000000000000000e+00,-0.000000000000000000e+00
0.000000000000000000e+00,-2.571010735656900636e-01,0.000000000000000000e+00,0.000000000000000000e+00,0.000000000000000000e+00,1.407068858528718769e+00,0.000000000000000000e+00,-0.000000000000000000e+00,-0.000000000000000000e+00,-2.042180475677891557e-02,-2.926137592950608934e-01,0.000000000000000000e+00,0.000000000000000000e+00,-3.521617188350533167e-01,0.000000000000000000e+00,-0.000000000000000000e+00,0.000000000000000000e+00,0.000000000000000000e+00,6.377762351911298033e-02,0.000000000000000000e+00,4.399845770466619121e-02,0.000000000000000000e+00,-1.492909942689804419e-02,-0.000000000000000000e+00,-0.000000000000000000e+00,0.000000000000000000e+00,0.000000000000000000e+00,0.000000000000000000e+00,-0.000000000000000000e+00,-1.278817863076326944e-01,-5.395489174361991352e-02,-0.000000000000000000e+00,0.000000000000000000e+00,-0.000000000000000000e+00,-0.000000000000000000e+00,-0.000000000000000000e+00,-0.000000000000000000e+00,0.000000000000000000e+00,-0.000000000000000000e+00
-0.000000000000000000e+00,0.000000000000000000e+00,-0.000000000000000000e+00,-0.000000000000000000e+00,-0.000000000000000000e+00,0.000000000000000000e+00,1.169752287948759184e+00,0.000000000000000000e+00,-0.000000000000000000e+00,0.000000000000000000e+00,-0.000000000000000000e+00,0.000000000000000000e+00,0.000000000000000000e+00,0.000000000000000000e+00,-0.000000000000000000e+00,-0.000000000000000000e+00,-0.000000000000000000e+00,-1.246145478599095385e-01,-1.538126189877457861e-01,-9.517499754593859718e-02,-2.300577483519993666e-02,9.682776750532670618e-02,0.000000000000000000e+00,-0.000000000000000000e+00,-0.000000000000000000e+00,-2.392138185642853423e-02,-2.324147867066568562e-02,-5.234726875222781711e-02,-0.000000000000000000e+00,0.000000000000000000e+00,-0.000000000000000000e+00,-0.000000000000000000e+00,-0.000000000000000000e+00,0.000000000000000000e+00,-0.000000000000000000e+00,0.000000000000000000e+00,-0.000000000000000000e+00,-0.000000000000000000e+00,-1.577722841557372135e-01
4.210425479348052502e-02,-0.000000000000000000e+00,1.193159607013678514e+00,-0.000000000000000000e+00,3.862975385617866131e-01,-0.000000000000000000e+00,0.000000000000000000e+00,3.141814708309912607e+00,0.000000000000000000e+00,-1.476940416076250595e-01,0.000000000000000000e+00,0.000000000000000000e+00,-7.265697129135764709e-02,0.000000000000000000e+00,0.000000000000000000e+00,-0.000000000000000000e+00,3.608215171678844438e-03,0.000000000000000000e+00,1.691366729589101059e-01,0.000000000000000000e+00,2.594272988979244229e-02,-2.193921764137129748e-01,0.000000000000000000e+00,0.000000000000000000e+00,1.302815697747659041e-01,2.356740307596598694e-01,7.130741788131191722e-03,2.021479223631406641e-01,0.000000000000000000e+00,-3.840421776421119870e-02,0.000000000000000000e+00,0.000000000000000000e+00,5.447164380300191233e-01,-0.000000000000000000e+00,0.000000000000000000e+00,0.000000000000000000e+00,0.000000000000000000e+00,0.000000000000000000e+00,0.000000000000000000e+00
-2.155000022687013697e-02,-0.000000000000000000e+00,-0.000000000000000000e+00,0.000000000000000000e+00,-3.831808458054634103e-01,-0.000000000000000000e+00,-0.000000000000000000e+00,0.000000000000000000e+00,1.752935724238936288e+00,-0.000000000000000000e+00,-0.000000000000000000e+00,-0.000000000000000000e+00,0.000000000000000000e+00,-3.779999297181585449e-01,-0.000000000000000000e+00,-1.607634703609584492e-01,-0.000000000000000000e+00,0.000000000000000000e+00,0.000000000000000000e+00,-0.000000000000000000e+00,-0.000000000000000000e+00,0.000000000000000000e+00,-0.000000000000000000e+00,-1.691170903290960259e-01,-0.000000000000000000e+00,-0.000000000000000000e+00,-0.000000000000000000e+00,-0.000000000000000000e+00,0.000000000000000000e+00,-0.000000000000000000e+00,-3.194675736875773192e-02,-0.000000000000000000e+00,-0.000000000000000000e+00,-3.676757574245130278e-01,-0.000000000000000000e+00,-0.000000000000000000e+00,-0.000000000000000000e+00,-1.184274523549902064e-01,-2.549272210803565364e-01
0.000000000000000000e+00,-3.307269490197641271e-01,2.260611936656402310e-01,-0.000000000000000000e+00,0.000000000000000000e+00,-2.042180475677891557e-02,0.000000000000000000e+00,-1.476940416076250595e-01,-0.000000000000000000e+00,2.412915699536894998e+00,0.000000000000000000e+00,0.000000000000000000e+00,-0.000000000000000000e+00,-0.000000000000000000e+00,0.000000000000000000e+00,-8.456346239145965393e-01,0.000000000000000000e+00,0.000000000000000000e+00,1.543194204741353270e-01,0.000000000000000000e+00,1.014989103115626623e-01,-0.000000000000000000e+00,-0.000000000000000000e+00,-0.000000000000000000e+00,0.000000000000000000e+00,0.000000000000000000e+00,0.000000000000000000e+00,9.678758645789418968e-02,0.000000000000000000e+00,-5.726554505735907963e-01,0.000000000000000000e+00,-0.000000000000000000e+00,3.238321364017641146e-01,-3.294097185968357377e-02,-0.000000000000000000e+00,-0.000000000000000000e+00,-0.000000000000000000e+00,0.000000000000000000e+00,-0.000000000000000000e+00
-0.000000000000000000e+00,-0.000000000000000000e+00,-0.000000000000000000e+00,0.000000000000000000e+00,-0.000000000000000000e+00,-2.926137592950608934e-01,-0.000000000000000000e+00,0.000000000000000000e+00,-0.000000000000000000e+00,0.000000000000000000e+00,1.626023475724996503e+00,-0.000000000000000000e+00,4.969153595510781424e-02,-0.000000000000000000e+00,-0.000000000000000000e+00,-0.000000000000000000e+00,-5.924982675511973884e-01,-0.000000000000000000e+00,-0.000000000000000000e+00,-0.000000000000000000e+00,-0.000000000000000000e+00,3.827198749995284338e-02,-0.000000000000000000e+00,-0.000000000000000000e+00,-1.574932053411967278e-02,-0.000000000000000000e+00,-0.000000000000000000e+00,-0.000000000000000000e+00,-5.571455232763306009e-02,-0.000000000000000000e+00,-2.701321800557787700e-01,-0.000000000000000000e+00,-0.000000000000000000e+00,-0.000000000000000000e+00,-2.219380658913759283e-02,-1.064727126558664971e-01,-6.394229810317640650e-02,-0.000000000000000000e+00,-0.000000000000000000e+00
-0.000000000000000000e+00,0.000000000000000000e+00,-1.328837636639328482e-02,0.000000000000000000e+00,-1.185596371718644904e-01,0.000000000000000000e+00,0.000000000000000000e+00,0.000000000000000000e+00,-0.000000000000000000e+00,0.000000000000000000e+00,-0.000000000000000000e+00,1.297726164442032371e+00,0.000000000000000000e+00,-0.000000000000000000e+00,-2.345493281924004303e-01,-0.000000000000000000e+00,-2.682089412589978156e-02,-0.000000000000000000e+00,-0.000000000000000000e+00,-0.000000000000000000e+00,-1.341240761380770030e-01,-0.000000000000000000e+00,-0.000000000000000000e+00,-0.000000000000000000e+00,-6.706460011009743316e-02,-6.654224599069199012e-03,-0.000000000000000000e+00,-2.525305840310611560e-01,-0.000000000000000000e+00,0.000000000000000000e+00,-0.000000000000000000e+00,-0.000000000000000000e+00,-0.000000000000000000e+00,-0.000000000000000000e+00,-0.000000000000000000e+00,-0.000000000000000000e+00,-0.000000000000000000e+00,-0.000000000000000000e+00,-0.000000000000000000e+00
0.000000000000000000e+00,0.000000000000000000e+00,9.870288221581891008e-02,0.000000000000000000e+00,0.000000000000000000e+00,0.000000000000000000e+00,0.000000000000000000e+00,-7.265697129135764709e-02,0.000000000000000000e+00,-0.000000000000000000e+00,4.969153595510781424e-02,0.000000000000000000e+00,1.480717939303464181e+00,0.000000000000000000e+00,0.000000000000000000e+00,-0.000000000000000000e+00,0.000000000000000000e+00,0.000000000000000000e+00,0.000000000000000000e+00,0.000000000000000000e+00,0.000000000000000000e+00,-2.467751089464955694e-01,0.000000000000000000e+00,0.000000000000000000e+00,0.000000000000000000e+00,0.000000000000000000e+00,1.548030503621792009e-01,0.000000000000000000e+00,0.000000000000000000e+00,-8.346967791107383003e-03,5.659989362211537145e-01,0.000000000000000000e+00,0.000000000000000000e+00,-0.000000000000000000e+00,0.000000000000000000e+00,0.000000000000000000e+00,0.000000000000000000e+00,0.000000000000000000e+00,6.834660432447818654e-04
-0.000000000000000000e+00,-3.162616515429780145e-02,-0.000000000000000000e+00,0.000000000000000000e+00,-0.000000000000000000e+00,-3.521617188350533167e-01,0.000000000000000000e+00,0.000000000000000000e+00,-3.779999297181585449e-01,-0.000000000000000000e+00,-0.000000000000000000e+00,-0.000000000000000000e+00,0.000000000000000000e+00,2.139640429549986678e+00,-0.000000000000000000e+00,-0.000000000000000000e+00,-0.000000000000000000e+00,3.921503941450889263e-03,0.000000000000000000e+00,0.000000000000000000e+00,0.000000000000000000e+00,-0.000000000000000000e+00,-2.956974540000475438e-01,-3.005868223098341896e-01,-2.008584409795124426e-01,-0.000000000000000000e+00,0.000000000000000000e+00,-0.000000000000000000e+00,-0.000000000000000000e+00,-1.869110960298340507e-01,-0.000000000000000000e+00,-0.000000000000000000e+00,-0.000000000000000000e+00,-4.760030283639961057e-01,-9.194765408301749932e-02,-2.858874067136887159e-03,-1.763534585581570946e-01,-0.000000000000000000e+00,-0.000000000000000000e+00
-5.759591302452565093e-02,0.000000000000000000e+00,-0.000000000000000000e+00,2.225206986723210489e-02,-3.263011235994647818e-02,0.000000000000000000e+00,-0.000000000000000000e+00,0.000000000000000000e+00,-0.000000000000000000e+00,0.000000000000000000e+00,-0.000000000000000000e+00,-2.345493281924004303e-01,0.000000000000000000e+00,-0.000000000000000000e+00,1.335450964517918893e+00,-0.000000000000000000e+00,-0.000000000000000000e+00,5.111305893403798872e-02,-0.000000000000000000e+00,-0.000000000000000000e+00,-7.428178628237669390e-02,-0.000000000000000000e+00,-0.000000000000000000e+00,-1.065482546493235760e-01,-1.235407628513713121e-02,-0.000000000000000000e+00,-0.000000000000000000e+00,-2.065972334793389487e-01,-0.000000000000000000e+00,0.000000000000000000e+00,-0.000000000000000000e+00,-0.000000000000000000e+00,-0.000000000000000000e+00,-0.000000000000000000e+00,-0.000000000000000000e+00,-0.000000000000000000e+00,-0.000000000000000000e+00,-2.299588031788376008e-01,-7.828412634917007729e-03
-0.000000000000000000e+00,-0.000000000000000000e+00,0.000000000000000000e+00,0.000000000000000000e+00,-0.000000000000000000e+00,-0.000000000000000000e+00,-0.000000000000000000e+00,-0.000000000000000000e+00,-1.607634703609584492e-01,-8.456346239145965393e-01,-0.000000000000000000e+00,-0.000000000000000000e+00,-0.000000000000000000e+00,-0.000000000000000000e+00,-0.000000000000000000e+00,1.887101347042042132e+00,-0.000000000000000000e+00,-0.000000000000000000e+00,0.000000000000000000e+00,-0.000000000000000000e+00,0.000000000000000000e+00,-0.000000000000000000e+00,-0.000000000000000000e+00,-8.412335465415897440e-02,-0.000000000000000000e+00,-0.000000000000000000e+00,-0.000000000000000000e+00,0.000000000000000000e+00,-0.000000000000000000e+00,-3.175145758271871177e-01,0.000000000000000000e+00,-2.276186825686340731e-01,0.000000000000000000e+00,-0.000000000000000000e+00,-2.389931934824492954e-01,-0.000000000000000000e+00,-2.697106380433870673e-02,-1.077046939048331847e-01,-0.000000000000000000e+00
-4.301118113078215011e-01,0.000000000000000000e+00,-1.347814787037030504e-01,0.000000000000000000e+00,-1.553840150300621892e-01,0.000000000000000000e+00,-0.000000000000000000e+00,3.608215171678844438e-03,-0.000000000000000000e+00,0.000000000000000000e+00,-5.924982675511973884e-01,-2.682089412589978156e-02,0.000000000000000000e+00,-0.000000000000000000e+00,-0.000000000000000000e+00,-0.000000000000000000e+00,2.353344451999912934e+00,-0.000000000000000000e+00,-1.377792249106142564e-01,-8.128329043590935832e-02,-4.634489250417998807e-02,0.000000000000000000e+00,-0.000000000000000000e+00,-6.915753056843264301e-02,-0.000000000000000000e+00,-4.802153375526011514e-01,-2.979791294711839900e-01,-0.000000000000000000e+00,-3.874955278621423915e-02,0.000000000000000000e+00,-0.000000000000000000e+00,-0.000000000000000000e+00,-0.000000000000000000e+00,0.000000000000000000e+00,-0.000000000000000000e+00,-0.000000000000000000e+00,-0.000000000000000000e+00,-0.000000000000000000e+00,-0.000000000000000000e+00
0.000000000000000000e+00,0.000000000000000000e+00,-0.000000000000000000e+00,-1.443345097859668330e-02,0.000000000000000000e+00,0.000000000000000000e+00,-1.246145478599095385e-01,0.000000000000000000e+00,0.000000000000000000e+00,0.000000000000000000e+00,-0.000000000000000000e+00,-0.000000000000000000e+00,0.000000000000000000e+00,3.921503941450889263e-03,5.111305893403798872e-02,-0.000000000000000000e+00,-0.000000000000000000e+00,1.541984086836571066e+00,-3.034780443463810928e-01,-1.556361945058722385e-01,-0.000000000000000000e+00,0.000000000000000000e+00,2.555040117751669615e-01,0.000000000000000000e+00,0.000000000000000000e+00,-0.000000000000000000e+00,-0.000000000000000000e+00,-0.000000000000000000e+00,-0.000000000000000000e+00,0.000000000000000000e+00,0.000000000000000000e+00,-0.000000000000000000e+00,0.000000000000000000e+00,4.958934543443950238e-01,-0.000000000000000000e+00,0.000000000000000000e+00,-0.000000000000000000e+00,0.000000000000000000e+00,-0.000000000000000000e+00
-0.000000000000000000e+00,9.686554270562595936e-02,-1.047089259210997186e-01,-0.000000000000000000e+00,-0.000000000000000000e+00,6.377762351911298033e-02,-1.538126189877457861e-01,1.691366729589101059e-01,0.000000000000000000e+00,1.543194204741353270e-01,-0.000000000000000000e+00,-0.000000000000000000e+00,0.000000000000000000e+00,0.000000000000000000e+00,-0.000000000000000000e+00,0.000000000000000000e+00,-1.377792249106142564e-01,-3.034780443463810928e-01,2.408085184894178887e+00,-2.735318602638044938e-01,-2.591502878600998594e-01,0.000000000000000000e+00,0.000000000000000000e+00,-0.000000000000000000e+00,-0.000000000000000000e+00,-1.900022934023786608e-02,-4.214088188527727041e-01,-0.000000000000000000e+00,-0.000000000000000000e+00,2.714010423476330147e-01,0.000000000000000000e+00,-0.000000000000000000e+00,-0.000000000000000000e+00,6.413656689656282994e-01,-0.000000000000000000e+00,-0.000000000000000000e+00,-0.000000000000000000e+00,-0.000000000000000000e+00,-0.000000000000000000e+00
-0.000000000000000000e+00,0.000000000000000000e+00,-0.000000000000000000e+00,-0.000000000000000000e+00,-0.000000000000000000e+00,0.000000000000000000e+00,-9.517499754593859718e-02,0.000000000000000000e+00,-0.000000000000000000e+00,0.000000000000000000e+00,-0.000000000000000000e+00,-0.000000000000000000e+00,0.000000000000000000e+00,0.000000000000000000e+00,-0.000000000000000000e+00,-0.000000000000000000e+00,-8.128329043590935832e-02,-1.556361945058722385e-01,-2.735318602638044938e-01,1.461616653712062730e+00,-2.195766126370595761e-01,0.000000000000000000e+00,0.000000000000000000e+00,-0.000000000000000000e+00,-0.000000000000000000e+00,-6.049419321399041038e-02,-0.000000000000000000e+00,-2.725416792620307116e-01,-0.000000000000000000e+00,2.071050524560284767e-02,-0.000000000000000000e+00,-0.000000000000000000e+00,-0.000000000000000000e+00,0.000000000000000000e+00,-0.000000000000000000e+00,-0.000000000000000000e+00,-0.000000000000000000e+00,-0.000000000000000000e+00,-0.000000000000000000e+00
-8.055501813398516231e-02,0.000000000000000000e+00,-4.022416636248433153e-01,-0.000000000000000000e+00,-0.000000000000000000e+00,4.399845770466619121e-02,-2.300577483519993666e-02,2.594272988979244229e-02,-0.000000000000000000e+00,1.014989103115626623e-01,-0.000000000000000000e+00,-1.341240761380770030e-01,0.000000000000000000e+00,0.000000000000000000e+00,-7.428178628237669390e-02,0.000000000000000000e+00,-4.634489250417998807e-02,-0.000000000000000000e+00,-2.591502878600998594e-01,-2.195766126370595761e-01,2.027602869572405986e+00,-0.000000000000000000e+00,0.000000000000000000e+00,-0.000000000000000000e+00,-0.000000000000000000e+00,-1.905551690878631022e-01,-5.994055023210339422e-02,-2.772007956157485631e-01,-0.000000000000000000e+00,0.000000000000000000e+00,-0.000000000000000000e+00,-0.000000000000000000e+00,-1.513328573673075050e-01,0.000000000000000000e+00,-0.000000000000000000e+00,-0.000000000000000000e+00,0.000000000000000000e+00,-0.000000000000000000e+00,-0.000000000000000000e+00
0.000000000000000000e+00,-0.000000000000000000e+00,0.000000000000000000e+00,0.000000000000000000e+00,4.432783929786165977e-02,0.000000000000000000e+00,9.682776750532670618e-02,-2.193921764137129748e-01,0.000000000000000000e+00,-0.000000000000000000e+00,3.827198749995284338e-02,-0.000000000000000000e+00,-2.467751089464955694e-01,-0.000000000000000000e+00,-0.000000000000000000e+00,-0.000000000000000000e+00,0.000000000000000000e+00,0.000000000000000000e+00,0.000000000000000000e+00,0.000000000000000000e+00,-0.000000000000000000e+00,1.231314469895490316e+00,-0.000000000000000000e+00,-0.000000000000000000e+00,0.000000000000000000e+00,0.000000000000000000e+00,0.000000000000000000e+00,0.000000000000000000e+00,0.000000000000000000e+00,-2.033018750161696142e-01,0.000000000000000000e+00,0.000000000000000000e+00,0.000000000000000000e+00,-0.000000000000000000e+00,0.000000000000000000e+00,0.000000000000000000e+00,0.000000000000000000e+00,-0.000000000000000000e+00,0.000000000000000000e+00
-0.000000000000000000e+00,-2.554942102496598477e-01,-0.000000000000000000e+00,0.000000000000000000e+00,-0.000000000000000000e+00,-1.492909942689804419e-02,0.000000000000000000e+00,0.000000000000000000e+00,-0.000000000000000000e+00,-0.000000000000000000e+00,-0.000000000000000000e+00,-0.000000000000000000e+00,0.000000000000000000e+00,-2.956974540000475438e-01,-0.000000000000000000e+00,-0.000000000000000000e+00,-0.000000000000000000e+00,2.555040117751669615e-01,0.000000000000000000e+00,0.000000000000000000e+00,0.000000000000000000e+00,-0.000000000000000000e+00,1.767562186940383029e+00,-0.000000000000000000e+00,-5.120819104242070319e-01,-0.000000000000000000e+00,0.000000000000000000e+00,0.000000000000000000e+00,-0.000000000000000000e+00,-0.000000000000000000e+00,-2.410488678619928105e-01,-0.000000000000000000e+00,-0.000000000000000000e+00,-5.396348227451851914e-02,-0.000000000000000000e+00,-1.194256505651113687e-01,-0.000000000000000000e+00,-7.419095086952828821e-02,-0.000000000000000000e+00
-3.082802699397339530e-01,-0.000000000000000000e+00,-0.000000000000000000e+00,0.000000000000000000e+00,-0.000000000000000000e+00,-0.000000000000000000e+00,-0.000000000000000000e+00,0.000000000000000000e+00,-1.691170903290960259e-01,-0.000000000000000000e+00,-0.000000000000000000e+00,-0.000000000000000000e+00,0.000000000000000000e+00,-3.005868223098341896e-01,-1.065482546493235760e-01,-8.412335465415897440e-02,-6.915753056843264301e-02,0.000000000000000000e+00,-0.000000000000000000e+00,-0.000000000000000000e+00,-0.000000000000000000e+00,-0.000000000000000000e+00,-0.000000000000000000e+00,1.741159713878690729e+00,-1.140293974646881953e-01,-0.000000000000000000e+00,-0.000000000000000000e+00,-6.243740139888465102e-02,-5.154223256089863342e-02,-0.000000000000000000e+00,-0.000000000000000000e+00,-0.000000000000000000e+00,-2.260195670461023210e-01,-0.000000000000000000e+00,-1.244685441923871344e-01,-0.000000000000000000e+00,-1.490420466274157696e-01,-3.633465182187695791e-02,-0.000000000000000000e+00
-0.000000000000000000e+00,-0.000000000000000000e+00,-5.884946635822701361e-02,0.000000000000000000e+00,-1.335168832513633774e-01,-0.000000000000000000e+00,-0.000000000000000000e+00,1.302815697747659041e-01,-0.000000000000000000e+00,0.000000000000000000e+00,-1.574932053411967278e-02,-6.706460011009743316e-02,0.000000000000000000e+00,-2.008584409795124426e-01,-1.235407628513713121e-02,-0.000000000000000000e+00,-0.000000000000000000e+00,0.000000000000000000e+00,-0.000000000000000000e+00,-0.000000000000000000e+00,-0.000000000000000000e+00,0.000000000000000000e+00,-5.120819104242070319e-01,-1.140293974646881953e-01,1.955507143542893012e+00,-7.874720458993905367e-03,-1.242100892615325969e-01,-0.000000000000000000e+00,-0.000000000000000000e+00,0.000000000000000000e+00,-3.597881818167569246e-01,-0.000000000000000000e+00,-0.000000000000000000e+00,-0.000000000000000000e+00,-1.732611295225851555e-01,-9.823202652168491755e-02,-5.909646481145956753e-02,-0.000000000000000000e+00,-5.853600914414242018e-02
-3.359339243877031422e-01,0.000000000000000000e+00,-7.496668330272919512e-02,0.000000000000000000e+00,-4.086941545391089559e-01,0.000000000000000000e+00,-2.392138185642853423e-02,2.356740307596598694e-01,-0.000000000000000000e+00,0.000000000000000000e+00,-0.000000000000000000e+00,-6.654224599069199012e-03,0.000000000000000000e+00,-0.000000000000000000e+00,-0.000000000000000000e+00,-0.000000000000000000e+00,-4.802153375526011514e-01,-0.000000000000000000e+00,-1.900022934023786608e-02,-6.049419321399041038e-02,-1.905551690878631022e-01,0.000000000000000000e+00,-0.000000000000000000e+00,-0.000000000000000000e+00,-7.874720458993905367e-03,3.080357207154613253e+00,-8.408837139411153849e-01,-3.128788600760427641e-01,-3.634685465618257005e-01,0.000000000000000000e+00,-0.000000000000000000e+00,-0.000000000000000000e+00,-0.000000000000000000e+00,0.000000000000000000e+00,-0.000000000000000000e+00,-0.000000000000000000e+00,-0.000000000000000000e+00,-2.444362114264347907e-02,-0.000000000000000000e+00
-0.000000000000000000e+00,0.000000000000000000e+00,-3.432933775396654341e-02,-0.000000000000000000e+00,-0.000000000000000000e+00,0.000000000000000000e+00,-2.324147867066568562e-02,7.130741788131191722e-03,-0.000000000000000000e+00,0.000000000000000000e+00,-0.000000000000000000e+00,-0.000000000000000000e+00,1.548030503621792009e-01,0.000000000000000000e+00,-0.000000000000000000e+00,-0.000000000000000000e+00,-2.979791294711839900e-01,-0.000000000000000000e+00,-4.214088188527727041e-01,-0.000000000000000000e+00,-5.994055023210339422e-02,0.000000000000000000e+00,0.000000000000000000e+00,-0.000000000000000000e+00,-1.242100892615325969e-01,-8.408837139411153849e-01,2.498145048195921092e+00,-4.181362512966422390e-02,-4.432778779369320188e-01,0.000000000000000000e+00,-0.000000000000000000e+00,-1.870393467515462926e-01,-0.000000000000000000e+00,0.000000000000000000e+00,-5.550537292030346959e-02,-2.265055495693406307e-02,-0.000000000000000000e+00,-0.000000000000000000e+00,-0.000000000000000000e+00
-2.335182203002890700e-01,1.114016735539349462e-01,-7.214122829177271011e-03,0.000000000000000000e+00,-0.000000000000000000e+00,0.000000000000000000e+00,-5.234726875222781711e-02,2.021479223631406641e-01,-0.000000000000000000e+00,9.678758645789418968e-02,-0.000000000000000000e+00,-2.525305840310611560e-01,0.000000000000000000e+00,-0.000000000000000000e+00,-2.065972334793389487e-01,0.000000000000000000e+00,-0.000000000000000000e+00,-0.000000000000000000e+00,-0.000000000000000000e+00,-2.725416792620307116e-01,-2.772007956157485631e-01,0.000000000000000000e+00,0.000000000000000000e+00,-6.243740139888465102e-02,-0.000000000000000000e+00,-3.128788600760427641e-01,-4.181362512966422390e-02,2.265541197549215902e+00,-0.000000000000000000e+00,0.000000000000000000e+00,-0.000000000000000000e+00,-0.000000000000000000e+00,-4.150925539450491808e-01,0.000000000000000000e+00,-0.000000000000000000e+00,-0.000000000000000000e+00,-0.000000000000000000e+00,-5.270385918593224750e-02,-0.000000000000000000e+00
-0.000000000000000000e+00,0.000000000000000000e+00,-0.000000000000000000e+00,0.000000000000000000e+00,-0.000000000000000000e+00,-0.000000000000000000e+00,-0.000000000000000000e+00,0.000000000000000000e+00,0.000000000000000000e+00,0.000000000000000000e+00,-5.571455232763306009e-02,-0.000000000000000000e+00,0.000000000000000000e+00,-0.000000000000000000e+00,-0.000000000000000000e+00,-0.000000000000000000e+00,-3.874955278621423915e-02,-0.000000000000000000e+00,-0.000000000000000000e+00,-0.000000000000000000e+00,-0.000000000000000000e+00,0.000000000000000000e+00,-0.000000000000000000e+00,-5.154223256089863342e-02,-0.000000000000000000e+00,-3.634685465618257005e-01,-4.432778779369320188e-01,-0.000000000000000000e+00,2.090705337324697766e+00,0.000000000000000000e+00,-1.048682884351148231e-01,-5.489708662524867000e-01,-0.000000000000000000e+00,0.000000000000000000e+00,-1.932854525440631244e-01,-1.233388614388285232e-02,-2.157877039564901345e-01,-0.000000000000000000e+00,0.000000000000000000e+00
0.000000000000000000e+00,-0.000000000000000000e+00,0.000000000000000000e+00,0.000000000000000000e+00,0.000000000000000000e+00,-1.278817863076326944e-01,0.000000000000000000e+00,-3.840421776421119870e-02,-0.000000000000000000e+00,-5.726554505735907963e-01,-0.000000000000000000e+00,0.000000000000000000e+00,-8.346967791107383003e-03,-1.869110960298340507e-01,0.000000000000000000e+00,-3.175145758271871177e-01,0.000000000000000000e+00,0.000000000000000000e+00,2.714010423476330147e-01,2.071050524560284767e-02,0.000000000000000000e+00,-2.033018750161696142e-01,-0.000000000000000000e+00,-0.000000000000000000e+00,0.000000000000000000e+00,0.000000000000000000e+00,0.000000000000000000e+00,0.000000000000000000e+00,0.000000000000000000e+00,2.108562575716012244e+00,-0.000000000000000000e+00,-0.000000000000000000e+00,0.000000000000000000e+00,-5.114313630084961204e-01,-0.000000000000000000e+00,-7.811821693212310513e-02,-0.000000000000000000e+00,-0.000000000000000000e+00,0.000000000000000000e+00
-0.000000000000000000e+00,-1.782926080726996709e-01,-0.000000000000000000e+00,-0.000000000000000000e+00,-0.000000000000000000e+00,-5.395489174361991352e-02,-0.000000000000000000e+00,0.000000000000000000e+00,-3.194675736875773192e-02,0.000000000000000000e+00,-2.701321800557787700e-01,-0.000000000000000000e+00,5.659989362211537145e-01,-0.000000000000000000e+00,-0.000000000000000000e+00,0.000000000000000000e+00,-0.000000000000000000e+00,0.000000000000000000e+00,0.000000000000000000e+00,-0.000000000000000000e+00,-0.000000000000000000e+00,0.000000000000000000e+00,-2.410488678619928105e-01,-0.000000000000000000e+00,-3.597881818167569246e-01,-0.000000000000000000e+00,-0.000000000000000000e+00,-0.000000000000000000e+00,-1.048682884351148231e-01,-0.000000000000000000e+00,1.894715932660722357e+00,-0.000000000000000000e+00,-4.282443385252850121e-02,-0.000000000000000000e+00,-1.043990876521860428e-01,-5.775631619391757149e-02,-4.068265335162956492e-02,-0.000000000000000000e+00,-2.177547308810381249e-02
-0.000000000000000000e+00,0.000000000000000000e+00,-0.000000000000000000e+00,0.000000000000000000e+00,-0.000000000000000000e+00,-0.000000000000000000e+00,-0.000000000000000000e+00,0.000000000000000000e+00,-0.000000000000000000e+00,-0.000000000000000000e+00,-0.000000000000000000e+00,-0.000000000000000000e+00,0.000000000000000000e+00,-0.000000000000000000e+00,-0.000000000000000000e+00,-2.276186825686340731e-01,-0.000000000000000000e+00,-0.000000000000000000e+00,-0.000000000000000000e+00,-0.000000000000000000e+00,-0.000000000000000000e+00,0.000000000000000000e+00,-0.000000000000000000e+00,-0.000000000000000000e+00,-0.000000000000000000e+00,-0.000000000000000000e+00,-1.870393467515462926e-01,-0.000000000000000000e+00,-5.489708662524867000e-01,-0.000000000000000000e+00,-0.000000000000000000e+00,2.057097277612562891e+00,-0.000000000000000000e+00,0.000000000000000000e+00,-3.462081834845942563e-01,-2.080850965518985796e-01,-4.669587150259933983e-01,-0.000000000000000000e+00,-0.000000000000000000e+00
-1.043899045563996958e-01,0.000000000000000000e+00,-7.167734723492029669e-01,0.000000000000000000e+00,-2.898322210567921275e-01,0.000000000000000000e+00,-0.000000000000000000e+00,5.447164380300191233e-01,-0.000000000000000000e+00,3.238321364017641146e-01,-0.000000000000000000e+00,-0.000000000000000000e+00,0.000000000000000000e+00,-0.000000000000000000e+00,-0.000000000000000000e+00,0.000000000000000000e+00,-0.000000000000000000e+00,0.000000000000000000e+00,-0.000000000000000000e+00,-0.000000000000000000e+00,-1.513328573673075050e-01,0.000000000000000000e+00,-0.000000000000000000e+00,-2.260195670461023210e-01,-0.000000000000000000e+00,-0.000000000000000000e+00,-0.000000000000000000e+00,-4.150925539450491808e-01,-0.000000000000000000e+00,0.000000000000000000e+00,-4.282443385252850121e-02,-0.000000000000000000e+00,2.697429483126418059e+00,0.000000000000000000e+00,-0.000000000000000000e+00,-0.000000000000000000e+00,-0.000000000000000000e+00,-0.000000000000000000e+00,-0.000000000000000000e+00
0.000000000000000000e+00,-0.000000000000000000e+00,0.000000000000000000e+00,0.000000000000000000e+00,-0.000000000000000000e+00,-0.000000000000000000e+00,0.000000000000000000e+00,-0.000000000000000000e+00,-3.676757574245130278e-01,-3.294097185968357377e-02,-0.000000000000000000e+00,-0.000000000000000000e+00,-0.000000000000000000e+00,-4.760030283639961057e-01,-0.000000000000000000e+00,-0.000000000000000000e+00,0.000000000000000000e+00,4.958934543443950238e-01,6.413656689656282994e-01,0.000000000000000000e+00,0.000000000000000000e+00,-0.000000000000000000e+00,-5.396348227451851914e-02,-0.000000000000000000e+00,-0.000000000000000000e+00,0.000000000000000000e+00,0.000000000000000000e+00,0.000000000000000000e+00,0.000000000000000000e+00,-5.114313630084961204e-01,-0.000000000000000000e+00,0.000000000000000000e+00,0.000000000000000000e+00,2.310538263242611912e+00,-0.000000000000000000e+00,-0.000000000000000000e+00,-0.000000000000000000e+00,-0.000000000000000000e+00,0.000000000000000000e+00
-0.000000000000000000e+00,-0.000000000000000000e+00,-0.000000000000000000e+00,-0.000000000000000000e+00,-0.000000000000000000e+00,-0.000000000000000000e+00,-0.000000000000000000e+00,0.000000000000000000e+00,-0.000000000000000000e+00,-0.000000000000000000e+00,-2.219380658913759283e-02,-0.000000000000000000e+00,0.000000000000000000e+00,-9.194765408301749932e-02,-0.000000000000000000e+00,-2.389931934824492954e-01,-0.000000000000000000e+00,-0.000000000000000000e+00,-0.000000000000000000e+00,-0.000000000000000000e+00,-0.000000000000000000e+00,0.000000000000000000e+00,-0.000000000000000000e+00,-1.244685441923871344e-01,-1.732611295225851555e-01,-0.000000000000000000e+00,-5.550537292030346959e-02,-0.000000000000000000e+00,-1.932854525440631244e-01,-0.000000000000000000e+00,-1.043990876521860428e-01,-3.462081834845942563e-01,-0.000000000000000000e+00,-0.000000000000000000e+00,2.343275206386463694e+00,-3.347633690083799407e-01,-7.860873460924604483e-01,-0.000000000000000000e+00,-0.000000000000000000e+00
-0.000000000000000000e+00,-0.000000000000000000e+00,-0.000000000000000000e+00,0.000000000000000000e+00,-9.168470736483746997e-02,-0.000000000000000000e+00,0.000000000000000000e+00,0.000000000000000000e+00,-0.000000000000000000e+00,-0.000000000000000000e+00,-1.064727126558664971e-01,-0.000000000000000000e+00,0.000000000000000000e+00,-2.858874067136887159e-03,-0.000000000000000000e+00,-0.000000000000000000e+00,-0.000000000000000000e+00,0.000000000000000000e+00,-0.000000000000000000e+00,-0.000000000000000000e+00,-0.000000000000000000e+00,0.000000000000000000e+00,-1.194256505651113687e-01,-0.000000000000000000e+00,-9.823202652168491755e-02,-0.000000000000000000e+00,-2.265055495693406307e-02,-0.000000000000000000e+00,-1.233388614388285232e-02,-7.811821693212310513e-02,-5.775631619391757149e-02,-2.080850965518985796e-01,-0.000000000000000000e+00,-0.000000000000000000e+00,-3.347633690083799407e-01,1.660766946025478141e+00,-3.463631504152211993e-01,-0.000000000000000000e+00,0.000000000000000000e+00
-0.000000000000000000e+00,-0.000000000000000000e+00,-0.000000000000000000e+00,0.000000000000000000e+00,-0.000000000000000000e+00,-0.000000000000000000e+00,-0.000000000000000000e+00,0.000000000000000000e+00,-0.000000000000000000e+00,-0.000000000000000000e+00,-6.394229810317640650e-02,-0.000000000000000000e+00,0.000000000000000000e+00,-1.763534585581570946e-01,-0.000000000000000000e+00,-2.697106380433870673e-02,-0.000000000000000000e+00,-0.000000000000000000e+00,-0.000000000000000000e+00,-0.000000000000000000e+00,0.000000000000000000e+00,0.000000000000000000e+00,-0.000000000000000000e+00,-1.490420466274157696e-01,-5.909646481145956753e-02,-0.000000000000000000e+00,-0.000000000000000000e+00,-0.000000000000000000e+00,-2.157877039564901345e-01,-0.000000000000000000e+00,-4.068265335162956492e-02,-4.669587150259933983e-01,-0.000000000000000000e+00,-0.000000000000000000e+00,-7.860873460924604483e-01,-3.463631504152211993e-01,2.323297283590312290e+00,-0.000000000000000000e+00,0.000000000000000000e+00
-9.320187975072221631e-01,-0.000000000000000000e+00,-0.000000000000000000e+00,0.000000000000000000e+00,-0.000000000000000000e+00,0.000000000000000000e+00,-0.000000000000000000e+00,0.000000000000000000e+00,-1.184274523549902064e-01,0.000000000000000000e+00,-0.000000000000000000e+00,-0.000000000000000000e+00,0.000000000000000000e+00,-0.000000000000000000e+00,-2.299588031788376008e-01,-1.077046939048331847e-01,-0.000000000000000000e+00,0.000000000000000000e+00,-0.000000000000000000e+00,-0.000000000000000000e+00,-0.000000000000000000e+00,-0.000000000000000000e+00,-7.419095086952828821e-02,-3.633465182187695791e-02,-0.000000000000000000e+00,-2.444362114264347907e-02,-0.000000000000000000e+00,-5.270385918593224750e-02,-0.000000000000000000e+00,-0.000000000000000000e+00,-0.000000000000000000e+00,-0.000000000000000000e+00,-0.000000000000000000e+00,-0.000000000000000000e+00,-0.000000000000000000e+00,-0.000000000000000000e+00,-0.000000000000000000e+00,1.965836209887972474e+00,-3.411667420407577533e-01
-1.769856377164260308e-01,-1.367205432463940717e-01,-1.121550723318232891e-02,-0.000000000000000000e+00,-0.000000000000000000e+00,-0.000000000000000000e+00,-1.577722841557372135e-01,0.000000000000000000e+00,-2.549272210803565364e-01,-0.000000000000000000e+00,-0.000000000000000000e+00,-0.000000000000000000e+00,6.834660432447818654e-04,-0.000000000000000000e+00,-7.828412634917007729e-03,-0.000000000000000000e+00,-0.000000000000000000e+00,-0.000000000000000000e+00,-0.000000000000000000e+00,-0.000000000000000000e+00,-0.000000000000000000e+00,0.000000000000000000e+00,-0.000000000000000000e+00,-0.000000000000000000e+00,-5.853600914414242018e-02,-0.000000000000000000e+00,-0.000000000000000000e+00,-0.000000000000000000e+00,0.000000000000000000e+00,0.000000000000000000e+00,-2.177547308810381249e-02,-0.000000000000000000e+00,-0.000000000000000000e+00,0.000000000000000000e+00,-0.000000000000000000e+00,0.000000000000000000e+00,0.000000000000000000e+00,-3.411667420407577533e-01,1.393130133182009178e+00
