2.289772509009220691e+00,-4.427652802264719911e-01,-0.000000000000000000e+00,0.000000000000000000e+00,-2.473443817551380375e-01,0.000000000000000000e+00,-0.000000000000000000e+00,9.065399990910838479e-02,-0.000000000000000000e+00,-0.000000000000000000e+00,0.000000000000000000e+00,-0.000000000000000000e+00,-0.000000000000000000e+00,-1.377660498678834611e-01,-1.251777738657005867e-01,-9.598684695771532438e-02,-7.012893395485514381e-02,-1.822469576404984748e-01,-0.000000000000000000e+00,-0.000000000000000000e+00,-0.000000000000000000e+00,-0.000000000000000000e+00,-0.000000000000000000e+00,0.000000000000000000e+00,-0.000000000000000000e+00,-2.507864896916749409e-01,-0.000000000000000000e+00,-0.000000000000000000e+00,-0.000000000000000000e+00,-1.230151169368388087e-01,-0.000000000000000000e+00,-0.000000000000000000e+00,0.000000000000000000e+00,-0.000000000000000000e+00,-0.000000000000000000e+00,-4.579968665974878395e-01,-0.000000000000000000e+00,-1.344064832076976579e-01,-1.074715554702772025e-01
-4.427652802264719911e-01,2.287720297098272404e+00,-1.543142509399574869e-01,-0.000000000000000000e+00,-6.293613399158395905e-02,0.000000000000000000e+00,-0.000000000000000000e+00,0.000000000000000000e+00,-1.043134657040099694e-01,-2.919434211325383499e-01,0.000000000000000000e+00,-0.000000000000000000e+00,0.000000000000000000e+00,-2.494613072668139253e-01,-0.000000000000000000e+00,-2.874075903935319753e-01,-0.000000000000000000e+00,-0.000000000000000000e+00,-1.068928905230315668e-01,-0.000000000000000000e+00,-0.000000000000000000e+00,-1.958479777168758984e-02,-0.000000000000000000e+00,-0.000000000000000000e+00,-0.000000000000000000e+00,-0.000000000000000000e+00,-0.000000000000000000e+00,-0.000000000000000000e+00,-0.000000000000000000e+00,-0.000000000000000000e+00,-0.000000000000000000e+00,-1.352434281782538272e-01,-0.000000000000000000e+00,-0.000000000000000000e+00,-0.000000000000000000e+00,-5.906580419795812165e-02,-0.000000000000000000e+00,-1.246382631100412426e-02,-3.077471961720336102e-01
-0.000000000000000000e+00,-1.543142509399574869e-01,2.429244970478883658e+00,-0.000000000000000000e+00,-2.436724192154360313e-01,0.000000000000000000e+00,-0.000000000000000000e+00,8.107717670683222133e-01,-8.973255922378597926e-02,-0.000000000000000000e+00,0.000000000000000000e+00,-0.000000000000000000e+00,0.000000000000000000e+00,-1.966609973576421422e-01,-0.000000000000000000e+00,-0.000000000000000000e+00,-0.000000000000000000e+00,-7.842033837836577537e-02,-2.457875219073317463e-01,-0.000000000000000000e+00,-0.000000000000000000e+00,-1.968333738465723459e-01,-0.000000000000000000e+00,-0.000000000000000000e+00,-0.000000000000000000e+00,-0.000000000000000000e+00,-0.000000000000000000e+00,-2.091445422186605230e-01,-0.000000000000000000e+00,-0.000000000000000000e+00,-0.000000000000000000e+00,-0.000000000000000000e+00,-0.000000000000000000e+00,-0.000000000000000000e+00,-0.000000000000000000e+00,-0.000000000000000000e+00,-0.000000000000000000e+00,-0.000000000000000000e+00,-1.999562081283650372e-01
0.000000000000000000e+00,-0.000000000000000000e+00,-0.000000000000000000e+00,1.363187879467095298e+00,0.000000000000000000e+00,0.000000000000000000e+00,-6.282573373162506636e-01,-0.000000000000000000e+00,-0.000000000000000000e+00,-0.000000000000000000e+00,-0.000000000000000000e+00,0.000000000000000000e+00,-0.000000000000000000e+00,-0.000000000000000000e+00,0.000000000000000000e+00,-0.000000000000000000e+00,-0.000000000000000000e+00,-0.000000000000000000e+00,-0.000000000000000000e+00,-2.418692634373072192e-01,0.000000000000000000e+00,-0.000000000000000000e+00,-0.000000000000000000e+00,-0.000000000000000000e+00,-0.000000000000000000e+00,-0.000000000000000000e+00,-0.000000000000000000e+00,-0.000000000000000000e+00,-0.000000000000000000e+00,-0.000000000000000000e+00,0.000000000000000000e+00,-0.000000000000000000e+00,-0.000000000000000000e+00,0.000000000000000000e+00,-0.000000000000000000e+00,0.000000000000000000e+00,-0.000000000000000000e+00,0.000000000000000000e+00,0.000000000000000000e+00
-2.473443817551380375e-01,-6.293613399158395905e-02,-2.436724192154360313e-01,0.000000000000000000e+00,2.127818557334162364e+00,0.000000000000000000e+00,-0.000000000000000000e+00,4.086042765405625277e-01,-1.904627004886154384e-01,-0.000000000000000000e+00,0.000000000000000000e+00,-0.000000000000000000e+00,0.000000000000000000e+00,-4.469896804190027183e-03,-0.000000000000000000e+00,-0.000000000000000000e+00,-0.000000000000000000e+00,-3.037344707878605332e-01,-3.097984481126945799e-01,-0.000000000000000000e+00,-5.200835985071392692e-02,-0.000000000000000000e+00,0.000000000000000000e+00,0.000000000000000000e+00,0.000000000000000000e+00,-1.667661050055372143e-02,-0.000000000000000000e+00,-6.820344524123817150e-03,-0.000000000000000000e+00,-0.000000000000000000e+00,-0.000000000000000000e+00,-0.000000000000000000e+00,0.000000000000000000e+00,-1.844322391553317453e-01,-0.000000000000000000e+00,-0.000000000000000000e+00,-0.000000000000000000e+00,-0.000000000000000000e+00,-0.000000000000000000e+00
0.000000000000000000e+00,0.000000000000000000e+00,0.000000000000000000e+00,0.000000000000000000e+00,0.000000000000000000e+00,1.192509429488450845e+00,0.000000000000000000e+00,-0.000000000000000000e+00,0.000000000000000000e+00,0.000000000000000000e+00,-4.602994492052369657e-01,8.678710977971489104e-02,-0.000000000000000000e+00,0.000000000000000000e+00,0.000000000000000000e+00,0.000000000000000000e+00,0.000000000000000000e+00,0.000000000000000000e+00,0.000000000000000000e+00,-0.000000000000000000e+00,-0.000000000000000000e+00,0.000000000000000000e+00,0.000000000000000000e+00,0.000000000000000000e+00,0.000000000000000000e+00,-0.000000000000000000e+00,-0.000000000000000000e+00,-0.000000000000000000e+00,-0.000000000000000000e+00,0.000000000000000000e+00,-0.000000000000000000e+00,0.000000000000000000e+00,-0.000000000000000000e+00,0.000000000000000000e+00,-5.107846924432073166e-02,0.000000000000000000e+00,-0.000000000000000000e+00,-0.000000000000000000e+00,0.000000000000000000e+00
-0.000000000000000000e+00,-0.000000000000000000e+00,-0.000000000000000000e+00,-6.282573373162506636e-01,-0.000000000000000000e+00,0.000000000000000000e+00,1.319843459356754733e+00,0.000000000000000000e+00,-0.000000000000000000e+00,-0.000000000000000000e+00,0.000000000000000000e+00,0.000000000000000000e+00,-0.000000000000000000e+00,-0.000000000000000000e+00,6.291619911509527263e-02,-0.000000000000000000e+00,-8.338705090343929982e-02,-0.000000000000000000e+00,-0.000000000000000000e+00,-2.919056004981458730e-02,0.000000000000000000e+00,-0.000000000000000000e+00,-0.000000000000000000e+00,-0.000000000000000000e+00,-0.000000000000000000e+00,0.000000000000000000e+00,-0.000000000000000000e+00,0.000000000000000000e+00,-2.936720207767716528e-02,-0.000000000000000000e+00,0.000000000000000000e+00,-0.000000000000000000e+00,-0.000000000000000000e+00,0.000000000000000000e+00,-0.000000000000000000e+00,0.000000000000000000e+00,-0.000000000000000000e+00,0.000000000000000000e+00,0.000000000000000000e+00
9.065399990910838479e-02,0.000000000000000000e+00,8.107717670683222133e-01,-0.000000000000000000e+00,4.086042765405625277e-01,-0.000000000000000000e+00,0.000000000000000000e+00,2.408067611697718657e+00,0.000000000000000000e+00,0.000000000000000000e+00,-0.000000000000000000e+00,0.000000000000000000e+00,-0.000000000000000000e+00,0.000000000000000000e+00,0.000000000000000000e+00,0.000000000000000000e+00,0.000000000000000000e+00,2.350099441976455927e-01,9.580882857245955064e-02,0.000000000000000000e+00,0.000000000000000000e+00,0.000000000000000000e+00,-0.000000000000000000e+00,-0.000000000000000000e+00,0.000000000000000000e+00,0.000000000000000000e+00,0.000000000000000000e+00,0.000000000000000000e+00,-0.000000000000000000e+00,0.000000000000000000e+00,0.000000000000000000e+00,0.000000000000000000e+00,-0.000000000000000000e+00,4.821939914351566769e-01,-0.000000000000000000e+00,0.000000000000000000e+00,0.000000000000000000e+00,0.000000000000000000e+00,2.056962991161166432e-01
-0.000000000000000000e+00,-1.043134657040099694e-01,-8.973255922378597926e-02,-0.000000000000000000e+00,-1.904627004886154384e-01,0.000000000000000000e+00,-0.000000000000000000e+00,0.000000000000000000e+00,2.550366989952278285e+00,-4.787934917577583716e-01,-0.000000000000000000e+00,-0.000000000000000000e+00,4.267987262434276563e-02,-2.949563103971440947e-01,-0.000000000000000000e+00,-1.800341689902946463e-01,-0.000000000000000000e+00,-0.000000000000000000e+00,-5.709542409911116251e-02,-0.000000000000000000e+00,-4.112751096891220648e-02,-0.000000000000000000e+00,-0.000000000000000000e+00,-0.000000000000000000e+00,-0.000000000000000000e+00,-5.458115735993163131e-02,-4.584383196248847936e-02,-3.454222068556664360e-01,-0.000000000000000000e+00,-0.000000000000000000e+00,-2.247692752900834479e-01,-8.346310268104538410e-02,-0.000000000000000000e+00,-0.000000000000000000e+00,-0.000000000000000000e+00,-0.000000000000000000e+00,-1.620667985906312225e-01,-1.589067599670774752e-02,-2.519573245519321492e-01
-0.000000000000000000e+00,-2.919434211325383499e-01,-0.000000000000000000e+00,-0.000000000000000000e+00,-0.000000000000000000e+00,0.000000000000000000e+00,-0.000000000000000000e+00,0.000000000000000000e+00,-4.787934917577583716e-01,2.682368459377240555e+00,-0.000000000000000000e+00,-0.000000000000000000e+00,0.000000000000000000e+00,-3.075672404511867741e-01,-0.000000000000000000e+00,-4.995638872131606401e-01,-0.000000000000000000e+00,-0.000000000000000000e+00,-0.000000000000000000e+00,-0.000000000000000000e+00,-0.000000000000000000e+00,-4.503663973060192255e-02,-1.011444634693115354e-03,-0.000000000000000000e+00,-1.544355181595183542e-02,-0.000000000000000000e+00,-0.000000000000000000e+00,-8.201172035227843882e-02,-0.000000000000000000e+00,-2.809475002722560677e-01,-0.000000000000000000e+00,-2.279244788221945484e-01,-0.000000000000000000e+00,-0.000000000000000000e+00,-0.000000000000000000e+00,-0.000000000000000000e+00,-1.659169356578496235e-01,-9.469833731375304486e-02,-2.740610745943222182e-01
0.000000000000000000e+00,0.000000000000000000e+00,0.000000000000000000e+00,-0.000000000000000000e+00,0.000000000000000000e+00,-4.602994492052369657e-01,0.000000000000000000e+00,-0.000000000000000000e+00,-0.000000000000000000e+00,-0.000000000000000000e+00,1.586026125985686930e+00,0.000000000000000000e+00,0.000000000000000000e+00,-0.000000000000000000e+00,3.512365732448224399e-03,0.000000000000000000e+00,0.000000000000000000e+00,0.000000000000000000e+00,0.000000000000000000e+00,-2.318307226084173958e-02,-0.000000000000000000e+00,-0.000000000000000000e+00,-0.000000000000000000e+00,-0.000000000000000000e+00,-0.000000000000000000e+00,-0.000000000000000000e+00,-9.401497303932483673e-02,-0.000000000000000000e+00,-0.000000000000000000e+00,0.000000000000000000e+00,-1.606674178769613437e-01,-0.000000000000000000e+00,-1.399903897224121507e-01,1.653821379572670974e-02,-5.120760765608821652e-01,0.000000000000000000e+00,-0.000000000000000000e+00,-0.000000000000000000e+00,0.000000000000000000e+00
-0.000000000000000000e+00,-0.000000000000000000e+00,-0.000000000000000000e+00,0.000000000000000000e+00,-0.000000000000000000e+00,8.678710977971489104e-02,0.000000000000000000e+00,0.000000000000000000e+00,-0.000000000000000000e+00,-0.000000000000000000e+00,0.000000000000000000e+00,1.847930884360978077e+00,0.000000000000000000e+00,-0.000000000000000000e+00,-5.992214758706887467e-01,-0.000000000000000000e+00,-0.000000000000000000e+00,-0.000000000000000000e+00,-8.406578117627297453e-02,-0.000000000000000000e+00,-1.685289200767655510e-02,-1.957304763079122378e-01,-0.000000000000000000e+00,0.000000000000000000e+00,-0.000000000000000000e+00,-0.000000000000000000e+00,-0.000000000000000000e+00,-0.000000000000000000e+00,0.000000000000000000e+00,-0.000000000000000000e+00,-0.000000000000000000e+00,-0.000000000000000000e+00,-0.000000000000000000e+00,-3.552980867939015686e-01,0.000000000000000000e+00,-0.000000000000000000e+00,-0.000000000000000000e+00,-0.000000000000000000e+00,-3.715504322911862833e-01
-0.000000000000000000e+00,0.000000000000000000e+00,0.000000000000000000e+00,-0.000000000000000000e+00,0.000000000000000000e+00,-0.000000000000000000e+00,-0.000000000000000000e+00,-0.000000000000000000e+00,4.267987262434276563e-02,0.000000000000000000e+00,0.000000000000000000e+00,0.000000000000000000e+00,1.528663803933209886e+00,0.000000000000000000e+00,0.000000000000000000e+00,0.000000000000000000e+00,-1.089175787917283540e-02,-0.000000000000000000e+00,0.000000000000000000e+00,0.000000000000000000e+00,3.418776371616991626e-03,2.145221935565832724e-02,0.000000000000000000e+00,0.000000000000000000e+00,0.000000000000000000e+00,0.000000000000000000e+00,0.000000000000000000e+00,0.000000000000000000e+00,-0.000000000000000000e+00,-0.000000000000000000e+00,7.975525975736836859e-01,0.000000000000000000e+00,0.000000000000000000e+00,6.990574846800481912e-02,0.000000000000000000e+00,-0.000000000000000000e+00,0.000000000000000000e+00,0.000000000000000000e+00,7.931836685979865020e-02
-1.377660498678834611e-01,-2.494613072668139253e-01,-1.966609973576421422e-01,-0.000000000000000000e+00,-4.469896804190027183e-03,0.000000000000000000e+00,-0.000000000000000000e+00,0.000000000000000000e+00,-2.949563103971440947e-01,-3.075672404511867741e-01,-0.000000000000000000e+00,-0.000000000000000000e+00,0.000000000000000000e+00,2.560471521935043793e+00,-0.000000000000000000e+00,-2.768874814479396762e-01,-0.000000000000000000e+00,-0.000000000000000000e+00,-1.318080199730632396e-01,-0.000000000000000000e+00,-0.000000000000000000e+00,-0.000000000000000000e+00,-0.000000000000000000e+00,-0.000000000000000000e+00,-0.000000000000000000e+00,-1.638678581942442924e-01,-0.000000000000000000e+00,-3.418928325374208099e-01,-0.000000000000000000e+00,-3.939276860469340807e-02,-0.000000000000000000e+00,-1.264500173702979013e-01,-0.000000000000000000e+00,-0.000000000000000000e+00,-0.000000000000000000e+00,-0.000000000000000000e+00,-2.812887562411159337e-01,-0.000000000000000000e+00,-7.712586798913648178e-02
-1.251777738657005867e-01,-0.000000000000000000e+00,-0.000000000000000000e+00,0.000000000000000000e+00,-0.000000000000000000e+00,0.000000000000000000e+00,6.291619911509527263e-02,0.000000000000000000e+00,-0.000000000000000000e+00,-0.000000000000000000e+00,3.512365732448224399e-03,-5.992214758706887467e-01,0.000000000000000000e+00,-0.000000000000000000e+00,1.996283045274903856e+00,-0.000000000000000000e+00,-0.000000000000000000e+00,-1.180827153410051733e-01,-9.346669946624711067e-02,0.000000000000000000e+00,-1.263809273635649322e-01,-0.000000000000000000e+00,0.000000000000000000e+00,1.184614854268623008e-02,0.000000000000000000e+00,-0.000000000000000000e+00,-0.000000000000000000e+00,-0.000000000000000000e+00,0.000000000000000000e+00,-0.000000000000000000e+00,-0.000000000000000000e+00,-0.000000000000000000e+00,0.000000000000000000e+00,-2.470963110733238044e-01,0.000000000000000000e+00,-4.171546608557656355e-01,0.000000000000000000e+00,-2.443520251830420542e-01,-0.000000000000000000e+00
-9.598684695771532438e-02,-2.874075903935319753e-01,-0.000000000000000000e+00,-0.000000000000000000e+00,-0.000000000000000000e+00,0.000000000000000000e+00,-0.000000000000000000e+00,0.000000000000000000e+00,-1.800341689902946463e-01,-4.995638872131606401e-01,0.000000000000000000e+00,-0.000000000000000000e+00,0.000000000000000000e+00,-2.768874814479396762e-01,-0.000000000000000000e+00,2.500304374535378127e+00,-0.000000000000000000e+00,-0.000000000000000000e+00,-0.000000000000000000e+00,-0.000000000000000000e+00,-0.000000000000000000e+00,-0.000000000000000000e+00,-0.000000000000000000e+00,-0.000000000000000000e+00,-2.246911826575476723e-01,-0.000000000000000000e+00,-0.000000000000000000e+00,-0.000000000000000000e+00,-0.000000000000000000e+00,-6.290967646933606217e-01,-0.000000000000000000e+00,-2.379862830356542502e-01,-0.000000000000000000e+00,-0.000000000000000000e+00,-0.000000000000000000e+00,-4.951230118025441024e-03,-1.182471310228625644e-02,-4.488017364787870445e-02,-5.931159763795362805e-02
-7.012893395485514381e-02,-0.000000000000000000e+00,-0.000000000000000000e+00,-0.000000000000000000e+00,-0.000000000000000000e+00,0.000000000000000000e+00,-8.338705090343929982e-02,0.000000000000000000e+00,-0.000000000000000000e+00,-0.000000000000000000e+00,0.000000000000000000e+00,-0.000000000000000000e+00,-1.089175787917283540e-02,-0.000000000000000000e+00,-0.000000000000000000e+00,-0.000000000000000000e+00,1.085876816495376040e+00,-1.148789895733287325e-01,-0.000000000000000000e+00,-0.000000000000000000e+00,-0.000000000000000000e+00,-0.000000000000000000e+00,-0.000000000000000000e+00,-0.000000000000000000e+00,-0.000000000000000000e+00,-0.000000000000000000e+00,-0.000000000000000000e+00,-0.000000000000000000e+00,-2.033217292825211520e-01,-0.000000000000000000e+00,0.000000000000000000e+00,-0.000000000000000000e+00,-0.000000000000000000e+00,-0.000000000000000000e+00,-0.000000000000000000e+00,-0.000000000000000000e+00,-0.000000000000000000e+00,-0.000000000000000000e+00,-0.000000000000000000e+00
-1.822469576404984748e-01,-0.000000000000000000e+00,-7.842033837836577537e-02,-0.000000000000000000e+00,-3.037344707878605332e-01,0.000000000000000000e+00,-0.000000000000000000e+00,2.350099441976455927e-01,-0.000000000000000000e+00,-0.000000000000000000e+00,0.000000000000000000e+00,-0.000000000000000000e+00,-0.000000000000000000e+00,-0.000000000000000000e+00,-1.180827153410051733e-01,-0.000000000000000000e+00,-1.148789895733287325e-01,1.924442379546211779e+00,-6.931586902045957510e-01,-0.000000000000000000e+00,-0.000000000000000000e+00,-0.000000000000000000e+00,0.000000000000000000e+00,0.000000000000000000e+00,0.000000000000000000e+00,-0.000000000000000000e+00,-0.000000000000000000e+00,-0.000000000000000000e+00,0.000000000000000000e+00,-0.000000000000000000e+00,0.000000000000000000e+00,-0.000000000000000000e+00,0.000000000000000000e+00,-0.000000000000000000e+00,0.000000000000000000e+00,-0.000000000000000000e+00,0.000000000000000000e+00,-0.000000000000000000e+00,-0.000000000000000000e+00
-0.000000000000000000e+00,-1.068928905230315668e-01,-2.457875219073317463e-01,-0.000000000000000000e+00,-3.097984481126945799e-01,0.000000000000000000e+00,-0.000000000000000000e+00,9.580882857245955064e-02,-5.709542409911116251e-02,-0.000000000000000000e+00,0.000000000000000000e+00,-8.406578117627297453e-02,0.000000000000000000e+00,-1.318080199730632396e-01,-9.346669946624711067e-02,-0.000000000000000000e+00,-0.000000000000000000e+00,-6.931586902045957510e-01,2.276443537277623719e+00,-0.000000000000000000e+00,-2.100168760932583367e-01,-0.000000000000000000e+00,0.000000000000000000e+00,0.000000000000000000e+00,0.000000000000000000e+00,-6.192085564240965012e-02,-0.000000000000000000e+00,-0.000000000000000000e+00,0.000000000000000000e+00,-0.000000000000000000e+00,-0.000000000000000000e+00,-0.000000000000000000e+00,0.000000000000000000e+00,-2.225015158477125776e-01,-0.000000000000000000e+00,-0.000000000000000000e+00,-0.000000000000000000e+00,-0.000000000000000000e+00,-0.000000000000000000e+00
-0.000000000000000000e+00,-0.000000000000000000e+00,-0.000000000000000000e+00,-2.418692634373072192e-01,-0.000000000000000000e+00,-0.000000000000000000e+00,-2.919056004981458730e-02,0.000000000000000000e+00,-0.000000000000000000e+00,-0.000000000000000000e+00,-2.318307226084173958e-02,-0.000000000000000000e+00,0.000000000000000000e+00,-0.000000000000000000e+00,0.000000000000000000e+00,-0.000000000000000000e+00,-0.000000000000000000e+00,-0.000000000000000000e+00,-0.000000000000000000e+00,1.952787555079250836e+00,-0.000000000000000000e+00,-3.251819816502154459e-01,-0.000000000000000000e+00,-0.000000000000000000e+00,-0.000000000000000000e+00,-0.000000000000000000e+00,-4.080636911200355987e-01,-0.000000000000000000e+00,-0.000000000000000000e+00,-0.000000000000000000e+00,-0.000000000000000000e+00,-1.330667783104109991e-01,-5.856633589937807471e-01,0.000000000000000000e+00,-1.405232545555752943e-01,0.000000000000000000e+00,-1.854944501578364990e-02,-0.000000000000000000e+00,-0.000000000000000000e+00
-0.000000000000000000e+00,-0.000000000000000000e+00,-0.000000000000000000e+00,0.000000000000000000e+00,-5.200835985071392692e-02,-0.000000000000000000e+00,0.000000000000000000e+00,0.000000000000000000e+00,-4.112751096891220648e-02,-0.000000000000000000e+00,-0.000000000000000000e+00,-1.685289200767655510e-02,3.418776371616991626e-03,-0.000000000000000000e+00,-1.263809273635649322e-01,-0.000000000000000000e+00,-0.000000000000000000e+00,-0.000000000000000000e+00,-2.100168760932583367e-01,-0.000000000000000000e+00,1.491121747794743380e+00,-0.000000000000000000e+00,0.000000000000000000e+00,0.000000000000000000e+00,0.000000000000000000e+00,-7.700042275579614681e-02,-3.419347908705224620e-02,-2.670855936442785850e-01,0.000000000000000000e+00,-0.000000000000000000e+00,-3.006762010826303372e-02,-0.000000000000000000e+00,-0.000000000000000000e+00,-1.398058198326168067e-01,-0.000000000000000000e+00,-0.000000000000000000e+00,-0.000000000000000000e+00,-1.031524911379343851e-01,-7.131908460290574403e-02
-0.000000000000000000e+00,-1.958479777168758984e-02,-1.968333738465723459e-01,-0.000000000000000000e+00,-0.000000000000000000e+00,0.000000000000000000e+00,-0.000000000000000000e+00,0.000000000000000000e+00,-0.000000000000000000e+00,-4.503663973060192255e-02,-0.000000000000000000e+00,-1.957304763079122378e-01,2.145221935565832724e-02,-0.000000000000000000e+00,-0.000000000000000000e+00,-0.000000000000000000e+00,-0.000000000000000000e+00,-0.000000000000000000e+00,-0.000000000000000000e+00,-3.251819816502154459e-01,-0.000000000000000000e+00,1.951625802781281394e+00,-6.821112162162740536e-03,-0.000000000000000000e+00,-0.000000000000000000e+00,-0.000000000000000000e+00,-2.392937177701197349e-01,-0.000000000000000000e+00,-0.000000000000000000e+00,-0.000000000000000000e+00,-3.082235438168335895e-01,-2.331022153231923633e-01,-1.344573540062868888e-01,-0.000000000000000000e+00,-0.000000000000000000e+00,-0.000000000000000000e+00,-0.000000000000000000e+00,-0.000000000000000000e+00,-1.962738819245818667e-01
-0.000000000000000000e+00,-0.000000000000000000e+00,-0.000000000000000000e+00,-0.000000000000000000e+00,0.000000000000000000e+00,0.000000000000000000e+00,-0.000000000000000000e+00,-0.000000000000000000e+00,-0.000000000000000000e+00,-1.011444634693115354e-03,-0.000000000000000000e+00,-0.000000000000000000e+00,0.000000000000000000e+00,-0.000000000000000000e+00,0.000000000000000000e+00,-0.000000000000000000e+00,-0.000000000000000000e+00,0.000000000000000000e+00,0.000000000000000000e+00,-0.000000000000000000e+00,0.000000000000000000e+00,-6.821112162162740536e-03,2.407023510060268379e+00,-6.808635009645721547e-01,-7.179127574292837322e-01,-0.000000000000000000e+00,-0.000000000000000000e+00,-0.000000000000000000e+00,-1.173674472025144216e-01,-0.000000000000000000e+00,-0.000000000000000000e+00,-2.463580277439944843e-01,-3.533513615604021996e-01,0.000000000000000000e+00,-0.000000000000000000e+00,0.000000000000000000e+00,-2.067725063349159509e-01,-0.000000000000000000e+00,-0.000000000000000000e+00
0.000000000000000000e+00,-0.000000000000000000e+00,-0.000000000000000000e+00,-0.000000000000000000e+00,0.000000000000000000e+00,0.000000000000000000e+00,-0.000000000000000000e+00,-0.000000000000000000e+00,-0.000000000000000000e+00,-0.000000000000000000e+00,-0.000000000000000000e+00,0.000000000000000000e+00,0.000000000000000000e+00,-0.000000000000000000e+00,1.184614854268623008e-02,-0.000000000000000000e+00,-0.000000000000000000e+00,0.000000000000000000e+00,0.000000000000000000e+00,-0.000000000000000000e+00,0.000000000000000000e+00,-0.000000000000000000e+00,-6.808635009645721547e-01,2.216905341160631426e+00,-8.313724166117847370e-01,0.000000000000000000e+00,-0.000000000000000000e+00,-0.000000000000000000e+00,-1.069740603792423556e-01,-0.000000000000000000e+00,-0.000000000000000000e+00,-1.559839329388794382e-01,-7.558829324497499946e-02,0.000000000000000000e+00,-0.000000000000000000e+00,0.000000000000000000e+00,-1.237802608080780103e-01,-0.000000000000000000e+00,-0.000000000000000000e+00
-0.000000000000000000e+00,-0.000000000000000000e+00,-0.000000000000000000e+00,-0.000000000000000000e+00,0.000000000000000000e+00,0.000000000000000000e+00,-0.000000000000000000e+00,0.000000000000000000e+00,-0.000000000000000000e+00,-1.544355181595183542e-02,-0.000000000000000000e+00,-0.000000000000000000e+00,0.000000000000000000e+00,-0.000000000000000000e+00,0.000000000000000000e+00,-2.246911826575476723e-01,-0.000000000000000000e+00,0.000000000000000000e+00,0.000000000000000000e+00,-0.000000000000000000e+00,0.000000000000000000e+00,-0.000000000000000000e+00,-7.179127574292837322e-01,-8.313724166117847370e-01,2.276071104682154456e+00,-0.000000000000000000e+00,-0.000000000000000000e+00,-0.000000000000000000e+00,-3.016577386802543961e-02,-5.232515341130405950e-02,-0.000000000000000000e+00,-1.180734173880082782e-01,-0.000000000000000000e+00,0.000000000000000000e+00,-0.000000000000000000e+00,0.000000000000000000e+00,-8.975979589527822988e-02,-0.000000000000000000e+00,-0.000000000000000000e+00
-2.507864896916749409e-01,-0.000000000000000000e+00,-0.000000000000000000e+00,-0.000000000000000000e+00,-1.667661050055372143e-02,-0.000000000000000000e+00,0.000000000000000000e+00,0.000000000000000000e+00,-5.458115735993163131e-02,-0.000000000000000000e+00,-0.000000000000000000e+00,-0.000000000000000000e+00,0.000000000000000000e+00,-1.638678581942442924e-01,-0.000000000000000000e+00,-0.000000000000000000e+00,-0.000000000000000000e+00,-0.000000000000000000e+00,-6.192085564240965012e-02,-0.000000000000000000e+00,-7.700042275579614681e-02,-0.000000000000000000e+00,-0.000000000000000000e+00,0.000000000000000000e+00,-0.000000000000000000e+00,2.147607386078146607e+00,-1.680668364169407569e-01,-5.831833717437207021e-01,-0.000000000000000000e+00,-0.000000000000000000e+00,-0.000000000000000000e+00,-0.000000000000000000e+00,-0.000000000000000000e+00,-0.000000000000000000e+00,-3.198115066858170930e-01,-0.000000000000000000e+00,-0.000000000000000000e+00,-3.971856409535129973e-01,-0.000000000000000000e+00
-0.000000000000000000e+00,-0.000000000000000000e+00,-0.000000000000000000e+00,-0.000000000000000000e+00,-0.000000000000000000e+00,-0.000000000000000000e+00,-0.000000000000000000e+00,0.000000000000000000e+00,-4.584383196248847936e-02,-0.000000000000000000e+00,-9.401497303932483673e-02,-0.000000000000000000e+00,0.000000000000000000e+00,-0.000000000000000000e+00,-0.000000000000000000e+00,-0.000000000000000000e+00,-0.000000000000000000e+00,-0.000000000000000000e+00,-0.000000000000000000e+00,-4.080636911200355987e-01,-3.419347908705224620e-02,-2.392937177701197349e-01,-0.000000000000000000e+00,-0.000000000000000000e+00,-0.000000000000000000e+00,-1.680668364169407569e-01,2.052111121505068692e+00,-1.753836214524376880e-01,-0.000000000000000000e+00,-0.000000000000000000e+00,-2.284719006194592394e-01,-1.694475130482593350e-01,-2.080658210879107184e-01,-0.000000000000000000e+00,-5.062585640132719056e-02,-0.000000000000000000e+00,-0.000000000000000000e+00,-2.508908695510176368e-01,-0.000000000000000000e+00
-0.000000000000000000e+00,-0.000000000000000000e+00,-2.091445422186605230e-01,-0.000000000000000000e+00,-6.820344524123817150e-03,-0.000000000000000000e+00,0.000000000000000000e+00,0.000000000000000000e+00,-3.454222068556664360e-01,-8.201172035227843882e-02,-0.000000000000000000e+00,-0.000000000000000000e+00,0.000000000000000000e+00,-3.418928325374208099e-01,-0.000000000000000000e+00,-0.000000000000000000e+00,-0.000000000000000000e+00,-0.000000000000000000e+00,-0.000000000000000000e+00,-0.000000000000000000e+00,-2.670855936442785850e-01,-0.000000000000000000e+00,-0.000000000000000000e+00,-0.000000000000000000e+00,-0.000000000000000000e+00,-5.831833717437207021e-01,-1.753836214524376880e-01,2.513066705126615563e+00,-0.000000000000000000e+00,-0.000000000000000000e+00,-3.687371801029015739e-01,-0.000000000000000000e+00,-0.000000000000000000e+00,-0.000000000000000000e+00,-1.124427241264510380e-01,-0.000000000000000000e+00,-1.052615277003753902e-01,-5.360561654070254006e-02,-0.000000000000000000e+00
-0.000000000000000000e+00,-0.000000000000000000e+00,-0.000000000000000000e+00,-0.000000000000000000e+00,-0.000000000000000000e+00,-0.000000000000000000e+00,-2.936720207767716528e-02,-0.000000000000000000e+00,-0.000000000000000000e+00,-0.000000000000000000e+00,-0.000000000000000000e+00,0.000000000000000000e+00,-0.000000000000000000e+00,-0.000000000000000000e+00,0.000000000000000000e+00,-0.000000000000000000e+00,-2.033217292825211520e-01,0.000000000000000000e+00,0.000000000000000000e+00,-0.000000000000000000e+00,0.000000000000000000e+00,-0.000000000000000000e+00,-1.173674472025144216e-01,-1.069740603792423556e-01,-3.016577386802543961e-02,-0.000000000000000000e+00,-0.000000000000000000e+00,-0.000000000000000000e+00,1.495008577084757873e+00,-0.000000000000000000e+00,0.000000000000000000e+00,-0.000000000000000000e+00,-7.596472624175881760e-02,6.405746302313593266e-02,-4.744306629009331644e-01,0.000000000000000000e+00,-2.001116012151086809e-01,-0.000000000000000000e+00,-0.000000000000000000e+00
-1.230151169368388087e-01,-0.000000000000000000e+00,-0.000000000000000000e+00,-0.000000000000000000e+00,-0.000000000000000000e+00,0.000000000000000000e+00,-0.000000000000000000e+00,0.000000000000000000e+00,-0.000000000000000000e+00,-2.809475002722560677e-01,0.000000000000000000e+00,-0.000000000000000000e+00,-0.000000000000000000e+00,-3.939276860469340807e-02,-0.000000000000000000e+00,-6.290967646933606217e-01,-0.000000000000000000e+00,-0.000000000000000000e+00,-0.000000000000000000e+00,-0.000000000000000000e+00,-0.000000000000000000e+00,-0.000000000000000000e+00,-0.000000000000000000e+00,-0.000000000000000000e+00,-5.232515341130405950e-02,-0.000000000000000000e+00,-0.000000000000000000e+00,-0.000000000000000000e+00,-0.000000000000000000e+00,1.723267679862634294e+00,0.000000000000000000e+00,-2.765876040529568342e-02,-0.000000000000000000e+00,-0.000000000000000000e+00,-0.000000000000000000e+00,-2.272485051503836673e-01,-0.000000000000000000e+00,-0.000000000000000000e+00,-0.000000000000000000e+00
-0.000000000000000000e+00,-0.000000000000000000e+00,-0.000000000000000000e+00,0.000000000000000000e+00,-0.000000000000000000e+00,-0.000000000000000000e+00,0.000000000000000000e+00,0.000000000000000000e+00,-2.247692752900834479e-01,-0.000000000000000000e+00,-1.606674178769613437e-01,-0.000000000000000000e+00,7.975525975736836859e-01,-0.000000000000000000e+00,-0.000000000000000000e+00,-0.000000000000000000e+00,0.000000000000000000e+00,0.000000000000000000e+00,-0.000000000000000000e+00,-0.000000000000000000e+00,-3.006762010826303372e-02,-3.082235438168335895e-01,-0.000000000000000000e+00,-0.000000000000000000e+00,-0.000000000000000000e+00,-0.000000000000000000e+00,-2.284719006194592394e-01,-3.687371801029015739e-01,0.000000000000000000e+00,0.000000000000000000e+00,2.125197862885646050e+00,-0.000000000000000000e+00,-4.765446244836814282e-02,-0.000000000000000000e+00,-0.000000000000000000e+00,0.000000000000000000e+00,-0.000000000000000000e+00,-0.000000000000000000e+00,-0.000000000000000000e+00
-0.000000000000000000e+00,-1.352434281782538272e-01,-0.000000000000000000e+00,-0.000000000000000000e+00,-0.000000000000000000e+00,0.000000000000000000e+00,-0.000000000000000000e+00,0.000000000000000000e+00,-8.346310268104538410e-02,-2.279244788221945484e-01,-0.000000000000000000e+00,-0.000000000000000000e+00,0.000000000000000000e+00,-1.264500173702979013e-01,-0.000000000000000000e+00,-2.379862830356542502e-01,-0.000000000000000000e+00,-0.000000000000000000e+00,-0.000000000000000000e+00,-1.330667783104109991e-01,-0.000000000000000000e+00,-2.331022153231923633e-01,-2.463580277439944843e-01,-1.559839329388794382e-01,-1.180734173880082782e-01,-0.000000000000000000e+00,-1.694475130482593350e-01,-0.000000000000000000e+00,-0.000000000000000000e+00,-2.765876040529568342e-02,-0.000000000000000000e+00,2.526845838084542439e+00,-1.667312831854762811e-01,0.000000000000000000e+00,-1.137181642849486030e-01,-0.000000000000000000e+00,-5.261975090476046502e-01,-0.000000000000000000e+00,-0.000000000000000000e+00
0.000000000000000000e+00,-0.000000000000000000e+00,-0.000000000000000000e+00,-0.000000000000000000e+00,0.000000000000000000e+00,-0.000000000000000000e+00,-0.000000000000000000e+00,-0.000000000000000000e+00,-0.000000000000000000e+00,-0.000000000000000000e+00,-1.399903897224121507e-01,-0.000000000000000000e+00,0.000000000000000000e+00,-0.000000000000000000e+00,0.000000000000000000e+00,-0.000000000000000000e+00,-0.000000000000000000e+00,0.000000000000000000e+00,0.000000000000000000e+00,-5.856633589937807471e-01,-0.000000000000000000e+00,-1.344573540062868888e-01,-3.533513615604021996e-01,-7.558829324497499946e-02,-0.000000000000000000e+00,-0.000000000000000000e+00,-2.080658210879107184e-01,-0.000000000000000000e+00,-7.596472624175881760e-02,-0.000000000000000000e+00,-4.765446244836814282e-02,-1.667312831854762811e-01,2.108575156645503323e+00,0.000000000000000000e+00,-2.409873024482568071e-01,0.000000000000000000e+00,-8.341582832485384957e-02,-0.000000000000000000e+00,-0.000000000000000000e+00
-0.000000000000000000e+00,-0.000000000000000000e+00,-0.000000000000000000e+00,0.000000000000000000e+00,-1.844322391553317453e-01,0.000000000000000000e+00,0.000000000000000000e+00,4.821939914351566769e-01,-0.000000000000000000e+00,-0.000000000000000000e+00,1.653821379572670974e-02,-3.552980867939015686e-01,6.990574846800481912e-02,-0.000000000000000000e+00,-2.470963110733238044e-01,-0.000000000000000000e+00,-0.000000000000000000e+00,-0.000000000000000000e+00,-2.225015158477125776e-01,0.000000000000000000e+00,-1.398058198326168067e-01,-0.000000000000000000e+00,0.000000000000000000e+00,0.000000000000000000e+00,0.000000000000000000e+00,-0.000000000000000000e+00,-0.000000000000000000e+00,-0.000000000000000000e+00,6.405746302313593266e-02,-0.000000000000000000e+00,-0.000000000000000000e+00,0.000000000000000000e+00,0.000000000000000000e+00,1.955665830258544347e+00,0.000000000000000000e+00,-1.060416748342800919e-01,0.000000000000000000e+00,-0.000000000000000000e+00,-1.025961969065590090e-01
-0.000000000000000000e+00,-0.000000000000000000e+00,-0.000000000000000000e+00,-0.000000000000000000e+00,-0.000000000000000000e+00,-5.107846924432073166e-02,-0.000000000000000000e+00,-0.000000000000000000e+00,-0.000000000000000000e+00,-0.000000000000000000e+00,-5.120760765608821652e-01,0.000000000000000000e+00,0.000000000000000000e+00,-0.000000000000000000e+00,0.000000000000000000e+00,-0.000000000000000000e+00,-0.000000000000000000e+00,0.000000000000000000e+00,-0.000000000000000000e+00,-1.405232545555752943e-01,-0.000000000000000000e+00,-0.000000000000000000e+00,-0.000000000000000000e+00,-0.000000000000000000e+00,-0.000000000000000000e+00,-3.198115066858170930e-01,-5.062585640132719056e-02,-1.124427241264510380e-01,-4.744306629009331644e-01,-0.000000000000000000e+00,-0.000000000000000000e+00,-1.137181642849486030e-01,-2.409873024482568071e-01,0.000000000000000000e+00,2.384983299487244857e+00,0.000000000000000000e+00,-5.863195102134410863e-01,-0.000000000000000000e+00,-0.000000000000000000e+00
-4.579968665974878395e-01,-5.906580419795812165e-02,-0.000000000000000000e+00,0.000000000000000000e+00,-0.000000000000000000e+00,0.000000000000000000e+00,0.000000000000000000e+00,0.000000000000000000e+00,-0.000000000000000000e+00,-0.000000000000000000e+00,0.000000000000000000e+00,-0.000000000000000000e+00,-0.000000000000000000e+00,-0.000000000000000000e+00,-4.171546608557656355e-01,-4.951230118025441024e-03,-0.000000000000000000e+00,-0.000000000000000000e+00,-0.000000000000000000e+00,0.000000000000000000e+00,-0.000000000000000000e+00,-0.000000000000000000e+00,0.000000000000000000e+00,0.000000000000000000e+00,0.000000000000000000e+00,-0.000000000000000000e+00,-0.000000000000000000e+00,-0.000000000000000000e+00,0.000000000000000000e+00,-2.272485051503836673e-01,0.000000000000000000e+00,-0.000000000000000000e+00,0.000000000000000000e+00,-1.060416748342800919e-01,0.000000000000000000e+00,1.673886038104413609e+00,-0.000000000000000000e+00,-1.233637488977305519e-01,-0.000000000000000000e+00
-0.000000000000000000e+00,-0.000000000000000000e+00,-0.000000000000000000e+00,-0.000000000000000000e+00,-0.000000000000000000e+00,-0.000000000000000000e+00,-0.000000000000000000e+00,0.000000000000000000e+00,-1.620667985906312225e-01,-1.659169356578496235e-01,-0.000000000000000000e+00,-0.000000000000000000e+00,0.000000000000000000e+00,-2.812887562411159337e-01,0.000000000000000000e+00,-1.182471310228625644e-02,-0.000000000000000000e+00,0.000000000000000000e+00,-0.000000000000000000e+00,-1.854944501578364990e-02,-0.000000000000000000e+00,-0.000000000000000000e+00,-2.067725063349159509e-01,-1.237802608080780103e-01,-8.975979589527822988e-02,-0.000000000000000000e+00,-0.000000000000000000e+00,-1.052615277003753902e-01,-2.001116012151086809e-01,-0.000000000000000000e+00,-0.000000000000000000e+00,-5.261975090476046502e-01,-8.341582832485384957e-02,0.000000000000000000e+00,-5.863195102134410863e-01,-0.000000000000000000e+00,2.476842772793829806e+00,-0.000000000000000000e+00,-0.000000000000000000e+00
-1.344064832076976579e-01,-1.246382631100412426e-02,-0.000000000000000000e+00,0.000000000000000000e+00,-0.000000000000000000e+00,-0.000000000000000000e+00,0.000000000000000000e+00,0.000000000000000000e+00,-1.589067599670774752e-02,-9.469833731375304486e-02,-0.000000000000000000e+00,-0.000000000000000000e+00,0.000000000000000000e+00,-0.000000000000000000e+00,-2.443520251830420542e-01,-4.488017364787870445e-02,-0.000000000000000000e+00,-0.000000000000000000e+00,-0.000000000000000000e+00,-0.000000000000000000e+00,-1.031524911379343851e-01,-0.000000000000000000e+00,-0.000000000000000000e+00,-0.000000000000000000e+00,-0.000000000000000000e+00,-3.971856409535129973e-01,-2.508908695510176368e-01,-5.360561654070254006e-02,-0.000000000000000000e+00,-0.000000000000000000e+00,-0.000000000000000000e+00,-0.000000000000000000e+00,-0.000000000000000000e+00,-0.000000000000000000e+00,-0.000000000000000000e+00,-1.233637488977305519e-01,-0.000000000000000000e+00,1.721642041901871423e+00,-6.148798942423320396e-02
-1.074715554702772025e-01,-3.077471961720336102e-01,-1.999562081283650372e-01,0.000000000000000000e+00,-0.000000000000000000e+00,0.000000000000000000e+00,0.000000000000000000e+00,2.056962991161166432e-01,-2.519573245519321492e-01,-2.740610745943222182e-01,0.000000000000000000e+00,-3.715504322911862833e-01,7.931836685979865020e-02,-7.712586798913648178e-02,-0.000000000000000000e+00,-5.931159763795362805e-02,-0.000000000000000000e+00,-0.000000000000000000e+00,-0.000000000000000000e+00,-0.000000000000000000e+00,-7.131908460290574403e-02,-1.962738819245818667e-01,-0.000000000000000000e+00,-0.000000000000000000e+00,-0.000000000000000000e+00,-0.000000000000000000e+00,-0.000000000000000000e+00,-0.000000000000000000e+00,-0.000000000000000000e+00,-0.000000000000000000e+00,-0.000000000000000000e+00,-0.000000000000000000e+00,-0.000000000000000000e+00,-1.025961969065590090e-01,-0.000000000000000000e+00,-0.000000000000000000e+00,-0.000000000000000000e+00,-6.148798942423320396e-02,2.271971405106477437e+00
