2.097351468538504182e+00,-0.000000000000000000e+00,-0.000000000000000000e+00,-0.000000000000000000e+00,0.000000000000000000e+00,0.000000000000000000e+00,1.527226544752487425e-01,3.980454498512410177e-01,0.000000000000000000e+00,-0.000000000000000000e+00,-0.000000000000000000e+00,0.000000000000000000e+00,0.000000000000000000e+00,0.000000000000000000e+00,-0.000000000000000000e+00,0.000000000000000000e+00,-6.510665731754769481e-02,0.000000000000000000e+00,2.772747208201787328e-01,-0.000000000000000000e+00,2.724397252588589557e-02,0.000000000000000000e+00,0.000000000000000000e+00,-1.319682876276266903e-01,0.000000000000000000e+00,-3.091545091666939582e-01,-0.000000000000000000e+00,0.000000000000000000e+00,-0.000000000000000000e+00,0.000000000000000000e+00,0.000000000000000000e+00,0.000000000000000000e+00,-0.000000000000000000e+00,0.000000000000000000e+00,-5.948344464543957599e-01,0.000000000000000000e+00,-5.686851965640345868e-02,-1.512809430202746996e-01,0.000000000000000000e+00
-0.000000000000000000e+00,2.093944281635239157e+00,-1.197365470390917008e-01,0.000000000000000000e+00,-2.380742787937735472e-01,-0.000000000000000000e+00,-0.000000000000000000e+00,-0.000000000000000000e+00,-3.643310744450157790e-01,-0.000000000000000000e+00,-3.804795970395766780e-01,-1.191760135140460530e-01,-1.401519703681883833e-01,-0.000000000000000000e+00,-0.000000000000000000e+00,-0.000000000000000000e+00,-0.000000000000000000e+00,-2.914037021209765418e-02,-0.000000000000000000e+00,0.000000000000000000e+00,-0.000000000000000000e+00,-0.000000000000000000e+00,-1.253298012312897280e-01,-0.000000000000000000e+00,-3.963760058475255393e-02,0.000000000000000000e+00,-0.000000000000000000e+00,-1.240677709419893554e-01,0.000000000000000000e+00,-0.000000000000000000e+00,-7.168576837740249508e-02,-0.000000000000000000e+00,-1.463955323683858445e-01,-4.838056908257597905e-02,0.000000000000000000e+00,-0.000000000000000000e+00,-0.000000000000000000e+00,2.605882757920454512e-02,-2.683490534431434149e-01
-0.000000000000000000e+00,-1.197365470390917008e-01,1.472226860755339262e+00,0.000000000000000000e+00,-0.000000000000000000e+00,-0.000000000000000000e+00,-0.000000000000000000e+00,1.594851155729040126e-01,-0.000000000000000000e+00,-0.000000000000000000e+00,-0.000000000000000000e+00,-0.000000000000000000e+00,-0.000000000000000000e+00,-1.955381593562143840e-03,-1.503354781794311590e-01,-0.000000000000000000e+00,-5.037680606158045915e-02,-0.000000000000000000e+00,-0.000000000000000000e+00,-0.000000000000000000e+00,-0.000000000000000000e+00,-0.000000000000000000e+00,-0.000000000000000000e+00,-2.417300567804191863e-02,-0.000000000000000000e+00,-0.000000000000000000e+00,-1.718816149792593007e-01,-2.648016758917626223e-01,-0.000000000000000000e+00,-0.000000000000000000e+00,-1.973425894852325752e-02,-0.000000000000000000e+00,-4.782664126295306239e-01,-0.000000000000000000e+00,-0.000000000000000000e+00,-0.000000000000000000e+00,-1.169578389072131602e-01,-0.000000000000000000e+00,-0.000000000000000000e+00
-0.000000000000000000e+00,0.000000000000000000e+00,0.000000000000000000e+00,1.028230653912789894e+00,0.000000000000000000e+00,0.000000000000000000e+00,0.000000000000000000e+00,0.000000000000000000e+00,0.000000000000000000e+00,0.000000000000000000e+00,0.000000000000000000e+00,0.000000000000000000e+00,0.000000000000000000e+00,0.000000000000000000e+00,1.160209156199571712e-01,0.000000000000000000e+00,-0.000000000000000000e+00,0.000000000000000000e+00,0.000000000000000000e+00,-0.000000000000000000e+00,0.000000000000000000e+00,0.000000000000000000e+00,0.000000000000000000e+00,-0.000000000000000000e+00,0.000000000000000000e+00,-0.000000000000000000e+00,5.182105400704323239e-02,9.878895021714372005e-02,0.000000000000000000e+00,0.000000000000000000e+00,0.000000000000000000e+00,0.000000000000000000e+00,0.000000000000000000e+00,0.000000000000000000e+00,-0.000000000000000000e+00,0.000000000000000000e+00,0.000000000000000000e+00,-0.000000000000000000e+00,0.000000000000000000e+00
0.000000000000000000e+00,-2.380742787937735472e-01,-0.000000000000000000e+00,0.000000000000000000e+00,2.439825805224366206e+00,-0.000000000000000000e+00,-0.000000000000000000e+00,-0.000000000000000000e+00,-4.338668724348905825e-01,-0.000000000000000000e+00,-1.217387998891063805e-01,-0.000000000000000000e+00,-0.000000000000000000e+00,-1.726208384040623933e-01,0.000000000000000000e+00,-0.000000000000000000e+00,-0.000000000000000000e+00,-9.195279756980970221e-02,-0.000000000000000000e+00,0.000000000000000000e+00,-2.826001289232840663e-01,-5.062121100480826419e-02,-1.157515429750622694e-02,0.000000000000000000e+00,-0.000000000000000000e+00,0.000000000000000000e+00,-0.000000000000000000e+00,-0.000000000000000000e+00,0.000000000000000000e+00,-0.000000000000000000e+00,-2.866310691507450437e-01,-0.000000000000000000e+00,-2.544209255218552457e-01,-2.343950858658630232e-01,0.000000000000000000e+00,-2.981841751030760435e-01,-0.000000000000000000e+00,2.011301299209093396e-01,-0.000000000000000000e+00
0.000000000000000000e+00,-0.000000000000000000e+00,-0.000000000000000000e+00,0.000000000000000000e+00,-0.000000000000000000e+00,1.088713177503396912e+00,-1.286277434985010938e-02,-0.000000000000000000e+00,-0.000000000000000000e+00,0.000000000000000000e+00,-1.177209525830658771e-01,-0.000000000000000000e+00,-0.000000000000000000e+00,-0.000000000000000000e+00,0.000000000000000000e+00,-0.000000000000000000e+00,-0.000000000000000000e+00,-0.000000000000000000e+00,-0.000000000000000000e+00,0.000000000000000000e+00,-1.157231374226795201e-01,-9.130890697701514458e-02,-0.000000000000000000e+00,0.000000000000000000e+00,0.000000000000000000e+00,0.000000000000000000e+00,-0.000000000000000000e+00,-0.000000000000000000e+00,0.000000000000000000e+00,-0.000000000000000000e+00,-0.000000000000000000e+00,-0.000000000000000000e+00,-7.400429523524904019e-02,-0.000000000000000000e+00,0.000000000000000000e+00,-0.000000000000000000e+00,0.000000000000000000e+00,2.533662504099368218e-02,-0.000000000000000000e+00
1.527226544752487425e-01,-0.000000000000000000e+00,-0.000000000000000000e+00,0.000000000000000000e+00,-0.000000000000000000e+00,-1.286277434985010938e-02,1.851958862798308791e+00,-0.000000000000000000e+00,-2.424549020424931201e-01,0.000000000000000000e+00,-0.000000000000000000e+00,-0.000000000000000000e+00,-1.089685963186550616e-01,-0.000000000000000000e+00,0.000000000000000000e+00,-0.000000000000000000e+00,0.000000000000000000e+00,-7.054664028985173363e-02,-3.179624859367151113e-01,0.000000000000000000e+00,-1.066874035406567833e-01,-5.253699326638501532e-02,-0.000000000000000000e+00,0.000000000000000000e+00,-3.420004518318513469e-03,2.651866715635330107e-02,-0.000000000000000000e+00,-9.489417935099209861e-03,0.000000000000000000e+00,-1.088930580827051076e-01,-0.000000000000000000e+00,-0.000000000000000000e+00,-0.000000000000000000e+00,-3.279358764708269480e-01,1.415919566059375967e-01,-0.000000000000000000e+00,0.000000000000000000e+00,2.558960190158539316e-02,-4.340913547383264126e-02
3.980454498512410177e-01,-0.000000000000000000e+00,1.594851155729040126e-01,0.000000000000000000e+00,-0.000000000000000000e+00,-0.000000000000000000e+00,-0.000000000000000000e+00,1.825450346258167489e+00,-0.000000000000000000e+00,1.137392381746092813e-02,0.000000000000000000e+00,-0.000000000000000000e+00,-0.000000000000000000e+00,0.000000000000000000e+00,8.226192747903468550e-02,0.000000000000000000e+00,0.000000000000000000e+00,-1.176382670301449884e-01,-1.813058890422841185e-01,0.000000000000000000e+00,-1.159765463271799669e-02,-0.000000000000000000e+00,0.000000000000000000e+00,8.620811786572724067e-02,-0.000000000000000000e+00,2.151994278624135282e-01,0.000000000000000000e+00,-0.000000000000000000e+00,2.847795381462970080e-02,-0.000000000000000000e+00,-0.000000000000000000e+00,-0.000000000000000000e+00,-0.000000000000000000e+00,-0.000000000000000000e+00,1.530072391152167699e-01,-0.000000000000000000e+00,0.000000000000000000e+00,4.278531798614532700e-01,-0.000000000000000000e+00
0.000000000000000000e+00,-3.643310744450157790e-01,-0.000000000000000000e+00,0.000000000000000000e+00,-4.338668724348905825e-01,-0.000000000000000000e+00,-2.424549020424931201e-01,-0.000000000000000000e+00,2.621105388253644808e+00,-0.000000000000000000e+00,-0.000000000000000000e+00,-1.930872103925467542e-01,-0.000000000000000000e+00,-1.096650379882656290e-01,0.000000000000000000e+00,-0.000000000000000000e+00,-0.000000000000000000e+00,-5.674488767733811695e-02,-0.000000000000000000e+00,0.000000000000000000e+00,-0.000000000000000000e+00,-0.000000000000000000e+00,-3.245120349517006675e-01,-0.000000000000000000e+00,-2.530962323232925359e-01,0.000000000000000000e+00,-0.000000000000000000e+00,-0.000000000000000000e+00,0.000000000000000000e+00,-4.539639679347017842e-01,-0.000000000000000000e+00,-0.000000000000000000e+00,-0.000000000000000000e+00,-1.783434761562057158e-01,0.000000000000000000e+00,-1.568508104894672239e-01,-0.000000000000000000e+00,0.000000000000000000e+00,-1.813148495995766385e-01
-0.000000000000000000e+00,-0.000000000000000000e+00,-0.000000000000000000e+00,0.000000000000000000e+00,-0.000000000000000000e+00,0.000000000000000000e+00,0.000000000000000000e+00,1.137392381746092813e-02,-0.000000000000000000e+00,1.934129298007094100e+00,-0.000000000000000000e+00,0.000000000000000000e+00,0.000000000000000000e+00,-0.000000000000000000e+00,-0.000000000000000000e+00,-7.690912566557520647e-01,-0.000000000000000000e+00,0.000000000000000000e+00,0.000000000000000000e+00,-0.000000000000000000e+00,0.000000000000000000e+00,0.000000000000000000e+00,-0.000000000000000000e+00,0.000000000000000000e+00,-0.000000000000000000e+00,-1.094597872553436518e-01,-3.017491573095588131e-01,-0.000000000000000000e+00,-4.452422479880574491e-01,-0.000000000000000000e+00,-0.000000000000000000e+00,-0.000000000000000000e+00,0.000000000000000000e+00,0.000000000000000000e+00,-0.000000000000000000e+00,-0.000000000000000000e+00,-2.941306468995293355e-01,-0.000000000000000000e+00,0.000000000000000000e+00
-0.000000000000000000e+00,-3.804795970395766780e-01,-0.000000000000000000e+00,0.000000000000000000e+00,-1.217387998891063805e-01,-1.177209525830658771e-01,-0.000000000000000000e+00,0.000000000000000000e+00,-0.000000000000000000e+00,-0.000000000000000000e+00,2.081843911730464125e+00,-0.000000000000000000e+00,-0.000000000000000000e+00,-3.807394816611767707e-01,0.000000000000000000e+00,-0.000000000000000000e+00,-6.916745613825311390e-01,-0.000000000000000000e+00,-0.000000000000000000e+00,0.000000000000000000e+00,-0.000000000000000000e+00,-0.000000000000000000e+00,-1.915370422517474469e-01,-0.000000000000000000e+00,-0.000000000000000000e+00,0.000000000000000000e+00,-0.000000000000000000e+00,-0.000000000000000000e+00,-0.000000000000000000e+00,-0.000000000000000000e+00,-1.606552352359968683e-01,-9.801534653225069116e-02,-8.554369022964834063e-03,-0.000000000000000000e+00,-0.000000000000000000e+00,-0.000000000000000000e+00,-5.495846047104689658e-02,0.000000000000000000e+00,-0.000000000000000000e+00
0.000000000000000000e+00,-1.191760135140460530e-01,-0.000000000000000000e+00,0.000000000000000000e+00,-0.000000000000000000e+00,-0.000000000000000000e+00,-0.000000000000000000e+00,-0.000000000000000000e+00,-1.930872103925467542e-01,0.000000000000000000e+00,-0.000000000000000000e+00,2.299922438668644986e+00,-3.366425855203438178e-01,-0.000000000000000000e+00,0.000000000000000000e+00,-0.000000000000000000e+00,0.000000000000000000e+00,-1.548746740897265772e-01,-0.000000000000000000e+00,0.000000000000000000e+00,-0.000000000000000000e+00,-1.215951528873641524e-01,-0.000000000000000000e+00,0.000000000000000000e+00,-3.043826434280166165e-02,4.887276953251071254e-01,-0.000000000000000000e+00,-0.000000000000000000e+00,0.000000000000000000e+00,-0.000000000000000000e+00,-0.000000000000000000e+00,-0.000000000000000000e+00,-0.000000000000000000e+00,-3.537241093362757383e-01,8.578371960507458205e-02,-0.000000000000000000e+00,0.000000000000000000e+00,4.026368728158917498e-02,-4.384170018379646150e-01
0.000000000000000000e+00,-1.401519703681883833e-01,-0.000000000000000000e+00,0.000000000000000000e+00,-0.000000000000000000e+00,-0.000000000000000000e+00,-1.089685963186550616e-01,-0.000000000000000000e+00,-0.000000000000000000e+00,0.000000000000000000e+00,-0.000000000000000000e+00,-3.366425855203438178e-01,2.220199354739562647e+00,-0.000000000000000000e+00,-0.000000000000000000e+00,-0.000000000000000000e+00,0.000000000000000000e+00,-1.361959836215210773e-01,-3.468208239101971957e-01,0.000000000000000000e+00,-0.000000000000000000e+00,-4.207478235066478556e-01,-0.000000000000000000e+00,-0.000000000000000000e+00,-0.000000000000000000e+00,3.205167141846083229e-02,-0.000000000000000000e+00,-2.196420139338932931e-01,7.433684479148224000e-02,-0.000000000000000000e+00,-0.000000000000000000e+00,-0.000000000000000000e+00,-2.217647743893231549e-01,-2.037797070036615199e-01,0.000000000000000000e+00,-0.000000000000000000e+00,-0.000000000000000000e+00,0.000000000000000000e+00,-1.079196123844392424e-01
0.000000000000000000e+00,-0.000000000000000000e+00,-1.955381593562143840e-03,0.000000000000000000e+00,-1.726208384040623933e-01,-0.000000000000000000e+00,-0.000000000000000000e+00,0.000000000000000000e+00,-1.096650379882656290e-01,-0.000000000000000000e+00,-3.807394816611767707e-01,-0.000000000000000000e+00,-0.000000000000000000e+00,2.064934368007392607e+00,-0.000000000000000000e+00,-2.178481731094104867e-02,-1.233536677583728369e-01,-0.000000000000000000e+00,-0.000000000000000000e+00,0.000000000000000000e+00,-0.000000000000000000e+00,-3.340251964629174092e-02,-1.149620525917816188e-01,-0.000000000000000000e+00,-9.016365094726416785e-02,0.000000000000000000e+00,-1.152665968335704200e-01,-0.000000000000000000e+00,-0.000000000000000000e+00,-1.271054682866492036e-01,-1.823594844052088548e-01,-3.000688830334861668e-01,-3.000218637401102020e-02,-0.000000000000000000e+00,-0.000000000000000000e+00,-3.181606860673827364e-01,-2.996903133428886756e-02,0.000000000000000000e+00,-0.000000000000000000e+00
-0.000000000000000000e+00,-0.000000000000000000e+00,-1.503354781794311590e-01,1.160209156199571712e-01,0.000000000000000000e+00,0.000000000000000000e+00,0.000000000000000000e+00,8.226192747903468550e-02,0.000000000000000000e+00,-0.000000000000000000e+00,0.000000000000000000e+00,0.000000000000000000e+00,-0.000000000000000000e+00,-0.000000000000000000e+00,1.050943897958867668e+00,0.000000000000000000e+00,0.000000000000000000e+00,5.766170847751122402e-02,0.000000000000000000e+00,-0.000000000000000000e+00,3.706155144378064925e-02,0.000000000000000000e+00,-0.000000000000000000e+00,-0.000000000000000000e+00,0.000000000000000000e+00,-0.000000000000000000e+00,-0.000000000000000000e+00,-0.000000000000000000e+00,-0.000000000000000000e+00,0.000000000000000000e+00,0.000000000000000000e+00,-0.000000000000000000e+00,-0.000000000000000000e+00,0.000000000000000000e+00,-0.000000000000000000e+00,0.000000000000000000e+00,-0.000000000000000000e+00,-0.000000000000000000e+00,-0.000000000000000000e+00
0.000000000000000000e+00,-0.000000000000000000e+00,-0.000000000000000000e+00,0.000000000000000000e+00,-0.000000000000000000e+00,-0.000000000000000000e+00,-0.000000000000000000e+00,0.000000000000000000e+00,-0.000000000000000000e+00,-7.690912566557520647e-01,-0.000000000000000000e+00,-0.000000000000000000e+00,-0.000000000000000000e+00,-2.178481731094104867e-02,0.000000000000000000e+00,2.179427897984431706e+00,-0.000000000000000000e+00,-0.000000000000000000e+00,-0.000000000000000000e+00,-0.000000000000000000e+00,-0.000000000000000000e+00,-0.000000000000000000e+00,-8.352392036962502653e-02,0.000000000000000000e+00,-0.000000000000000000e+00,-0.000000000000000000e+00,-4.362150484459655780e-02,-0.000000000000000000e+00,-0.000000000000000000e+00,-6.889275051527057325e-01,-0.000000000000000000e+00,-4.508466720227574664e-01,0.000000000000000000e+00,-0.000000000000000000e+00,0.000000000000000000e+00,-4.500316216794855717e-02,-0.000000000000000000e+00,0.000000000000000000e+00,0.000000000000000000e+00
-6.510665731754769481e-02,-0.000000000000000000e+00,-5.037680606158045915e-02,-0.000000000000000000e+00,-0.000000000000000000e+00,-0.000000000000000000e+00,0.000000000000000000e+00,0.000000000000000000e+00,-0.000000000000000000e+00,-0.000000000000000000e+00,-6.916745613825311390e-01,0.000000000000000000e+00,0.000000000000000000e+00,-1.233536677583728369e-01,0.000000000000000000e+00,-0.000000000000000000e+00,1.750327061906911341e+00,-0.000000000000000000e+00,0.000000000000000000e+00,0.000000000000000000e+00,-0.000000000000000000e+00,-0.000000000000000000e+00,-1.142320022463484686e-02,-0.000000000000000000e+00,-0.000000000000000000e+00,-0.000000000000000000e+00,-0.000000000000000000e+00,-0.000000000000000000e+00,-2.108055652037515437e-01,-0.000000000000000000e+00,-0.000000000000000000e+00,-1.140155170858781347e-01,-2.075331561285304049e-02,-0.000000000000000000e+00,-6.210657146900079584e-02,-0.000000000000000000e+00,-3.475471908281933531e-01,0.000000000000000000e+00,0.000000000000000000e+00
0.000000000000000000e+00,-2.914037021209765418e-02,-0.000000000000000000e+00,0.000000000000000000e+00,-9.195279756980970221e-02,-0.000000000000000000e+00,-7.054664028985173363e-02,-1.176382670301449884e-01,-5.674488767733811695e-02,0.000000000000000000e+00,-0.000000000000000000e+00,-1.548746740897265772e-01,-1.361959836215210773e-01,-0.000000000000000000e+00,5.766170847751122402e-02,-0.000000000000000000e+00,-0.000000000000000000e+00,2.087096849823835587e+00,-4.776555191712392734e-01,0.000000000000000000e+00,-1.345274345500660149e-02,-8.733311531653728532e-03,-0.000000000000000000e+00,0.000000000000000000e+00,-0.000000000000000000e+00,6.253966944635966363e-02,-0.000000000000000000e+00,-0.000000000000000000e+00,0.000000000000000000e+00,-0.000000000000000000e+00,-0.000000000000000000e+00,-0.000000000000000000e+00,-0.000000000000000000e+00,-1.769141734205943450e-01,4.532029435938147305e-02,-0.000000000000000000e+00,0.000000000000000000e+00,4.975679866179855138e-01,-0.000000000000000000e+00
2.772747208201787328e-01,-0.000000000000000000e+00,-0.000000000000000000e+00,0.000000000000000000e+00,-0.000000000000000000e+00,-0.000000000000000000e+00,-3.179624859367151113e-01,-1.813058890422841185e-01,-0.000000000000000000e+00,0.000000000000000000e+00,-0.000000000000000000e+00,-0.000000000000000000e+00,-3.468208239101971957e-01,-0.000000000000000000e+00,0.000000000000000000e+00,-0.000000000000000000e+00,0.000000000000000000e+00,-4.776555191712392734e-01,2.460155620257470588e+00,0.000000000000000000e+00,-1.092483808883677882e-01,-2.238863362593636330e-01,-0.000000000000000000e+00,0.000000000000000000e+00,-0.000000000000000000e+00,0.000000000000000000e+00,-0.000000000000000000e+00,-1.581334129802227928e-01,0.000000000000000000e+00,-0.000000000000000000e+00,-0.000000000000000000e+00,-0.000000000000000000e+00,-0.000000000000000000e+00,-1.054708846935973610e-01,1.805652329588304239e-01,-6.192461140054520558e-02,-0.000000000000000000e+00,2.563019815020148306e-01,-0.000000000000000000e+00
-0.000000000000000000e+00,0.000000000000000000e+00,-0.000000000000000000e+00,-0.000000000000000000e+00,0.000000000000000000e+00,0.000000000000000000e+00,0.000000000000000000e+00,0.000000000000000000e+00,0.000000000000000000e+00,-0.000000000000000000e+00,0.000000000000000000e+00,0.000000000000000000e+00,0.000000000000000000e+00,0.000000000000000000e+00,-0.000000000000000000e+00,-0.000000000000000000e+00,0.000000000000000000e+00,0.000000000000000000e+00,0.000000000000000000e+00,1.000150260183416906e+00,0.000000000000000000e+00,0.000000000000000000e+00,-0.000000000000000000e+00,-0.000000000000000000e+00,-0.000000000000000000e+00,-0.000000000000000000e+00,-0.000000000000000000e+00,0.000000000000000000e+00,-0.000000000000000000e+00,-0.000000000000000000e+00,0.000000000000000000e+00,0.000000000000000000e+00,0.000000000000000000e+00,1.225910153635976357e-02,-0.000000000000000000e+00,0.000000000000000000e+00,-0.000000000000000000e+00,-0.000000000000000000e+00,0.000000000000000000e+00
2.724397252588589557e-02,-0.000000000000000000e+00,-0.000000000000000000e+00,0.000000000000000000e+00,-2.826001289232840663e-01,-1.157231374226795201e-01,-1.066874035406567833e-01,-1.159765463271799669e-02,-0.000000000000000000e+00,0.000000000000000000e+00,-0.000000000000000000e+00,-0.000000000000000000e+00,-0.000000000000000000e+00,-0.000000000000000000e+00,3.706155144378064925e-02,-0.000000000000000000e+00,-0.000000000000000000e+00,-1.345274345500660149e-02,-1.092483808883677882e-01,0.000000000000000000e+00,1.613142095057540359e+00,-4.482002236990970112e-01,-0.000000000000000000e+00,0.000000000000000000e+00,-0.000000000000000000e+00,4.487113373951368001e-02,-0.000000000000000000e+00,-0.000000000000000000e+00,0.000000000000000000e+00,-0.000000000000000000e+00,-0.000000000000000000e+00,-0.000000000000000000e+00,-0.000000000000000000e+00,-8.852237123826665888e-02,0.000000000000000000e+00,-0.000000000000000000e+00,0.000000000000000000e+00,9.752699231406818103e-02,-0.000000000000000000e+00
0.000000000000000000e+00,-0.000000000000000000e+00,-0.000000000000000000e+00,0.000000000000000000e+00,-5.062121100480826419e-02,-9.130890697701514458e-02,-5.253699326638501532e-02,-0.000000000000000000e+00,-0.000000000000000000e+00,0.000000000000000000e+00,-0.000000000000000000e+00,-1.215951528873641524e-01,-4.207478235066478556e-01,-3.340251964629174092e-02,0.000000000000000000e+00,-0.000000000000000000e+00,-0.000000000000000000e+00,-8.733311531653728532e-03,-2.238863362593636330e-01,0.000000000000000000e+00,-4.482002236990970112e-01,2.160183810161097728e+00,-0.000000000000000000e+00,-0.000000000000000000e+00,-0.000000000000000000e+00,0.000000000000000000e+00,-0.000000000000000000e+00,-0.000000000000000000e+00,0.000000000000000000e+00,-0.000000000000000000e+00,-3.151833588263752706e-01,-0.000000000000000000e+00,-1.586229651795597051e-01,-2.823348869063586064e-01,0.000000000000000000e+00,-2.874843115846495434e-02,0.000000000000000000e+00,0.000000000000000000e+00,-0.000000000000000000e+00
0.000000000000000000e+00,-1.253298012312897280e-01,-0.000000000000000000e+00,0.000000000000000000e+00,-1.157515429750622694e-02,-0.000000000000000000e+00,-0.000000000000000000e+00,0.000000000000000000e+00,-3.245120349517006675e-01,-0.000000000000000000e+00,-1.915370422517474469e-01,-0.000000000000000000e+00,-0.000000000000000000e+00,-1.149620525917816188e-01,-0.000000000000000000e+00,-8.352392036962502653e-02,-1.142320022463484686e-02,-0.000000000000000000e+00,-0.000000000000000000e+00,-0.000000000000000000e+00,-0.000000000000000000e+00,-0.000000000000000000e+00,1.837660900902252203e+00,-0.000000000000000000e+00,-5.053293603512445387e-01,0.000000000000000000e+00,-0.000000000000000000e+00,-0.000000000000000000e+00,-0.000000000000000000e+00,-3.318199448658714079e-01,-0.000000000000000000e+00,-0.000000000000000000e+00,-0.000000000000000000e+00,-0.000000000000000000e+00,0.000000000000000000e+00,-0.000000000000000000e+00,-0.000000000000000000e+00,0.000000000000000000e+00,-0.000000000000000000e+00
-1.319682876276266903e-01,-0.000000000000000000e+00,-2.417300567804191863e-02,-0.000000000000000000e+00,0.000000000000000000e+00,0.000000000000000000e+00,0.000000000000000000e+00,8.620811786572724067e-02,-0.000000000000000000e+00,0.000000000000000000e+00,-0.000000000000000000e+00,0.000000000000000000e+00,-0.000000000000000000e+00,-0.000000000000000000e+00,-0.000000000000000000e+00,0.000000000000000000e+00,-0.000000000000000000e+00,0.000000000000000000e+00,0.000000000000000000e+00,-0.000000000000000000e+00,0.000000000000000000e+00,-0.000000000000000000e+00,-0.000000000000000000e+00,1.070203500373439143e+00,-2.198886659204125626e-01,-0.000000000000000000e+00,0.000000000000000000e+00,0.000000000000000000e+00,0.000000000000000000e+00,0.000000000000000000e+00,-0.000000000000000000e+00,0.000000000000000000e+00,-0.000000000000000000e+00,0.000000000000000000e+00,-0.000000000000000000e+00,0.000000000000000000e+00,-0.000000000000000000e+00,-0.000000000000000000e+00,-0.000000000000000000e+00
0.000000000000000000e+00,-3.963760058475255393e-02,-0.000000000000000000e+00,0.000000000000000000e+00,-0.000000000000000000e+00,0.000000000000000000e+00,-3.420004518318513469e-03,-0.000000000000000000e+00,-2.530962323232925359e-01,-0.000000000000000000e+00,-0.000000000000000000e+00,-3.043826434280166165e-02,-0.000000000000000000e+00,-9.016365094726416785e-02,0.000000000000000000e+00,-0.000000000000000000e+00,-0.000000000000000000e+00,-0.000000000000000000e+00,-0.000000000000000000e+00,-0.000000000000000000e+00,-0.000000000000000000e+00,-0.000000000000000000e+00,-5.053293603512445387e-01,-2.198886659204125626e-01,1.498118354778457562e+00,4.346436341410245263e-02,0.000000000000000000e+00,-0.000000000000000000e+00,0.000000000000000000e+00,-0.000000000000000000e+00,-0.000000000000000000e+00,-0.000000000000000000e+00,-0.000000000000000000e+00,-0.000000000000000000e+00,0.000000000000000000e+00,-0.000000000000000000e+00,-0.000000000000000000e+00,0.000000000000000000e+00,-7.802225269631342386e-02
-3.091545091666939582e-01,0.000000000000000000e+00,-0.000000000000000000e+00,-0.000000000000000000e+00,0.000000000000000000e+00,0.000000000000000000e+00,2.651866715635330107e-02,2.151994278624135282e-01,0.000000000000000000e+00,-1.094597872553436518e-01,0.000000000000000000e+00,4.887276953251071254e-01,3.205167141846083229e-02,0.000000000000000000e+00,-0.000000000000000000e+00,-0.000000000000000000e+00,-0.000000000000000000e+00,6.253966944635966363e-02,0.000000000000000000e+00,-0.000000000000000000e+00,4.487113373951368001e-02,0.000000000000000000e+00,0.000000000000000000e+00,-0.000000000000000000e+00,4.346436341410245263e-02,2.412831919894479871e+00,-0.000000000000000000e+00,0.000000000000000000e+00,-5.415094805354173646e-01,0.000000000000000000e+00,0.000000000000000000e+00,-0.000000000000000000e+00,0.000000000000000000e+00,1.452530267123395835e-01,-3.434845856372698014e-01,0.000000000000000000e+00,-0.000000000000000000e+00,-3.271393892179171869e-01,3.760967836815627685e-02
-0.000000000000000000e+00,-0.000000000000000000e+00,-1.718816149792593007e-01,5.182105400704323239e-02,-0.000000000000000000e+00,-0.000000000000000000e+00,-0.000000000000000000e+00,0.000000000000000000e+00,-0.000000000000000000e+00,-3.017491573095588131e-01,-0.000000000000000000e+00,-0.000000000000000000e+00,-0.000000000000000000e+00,-1.152665968335704200e-01,-0.000000000000000000e+00,-4.362150484459655780e-02,-0.000000000000000000e+00,-0.000000000000000000e+00,-0.000000000000000000e+00,-0.000000000000000000e+00,-0.000000000000000000e+00,-0.000000000000000000e+00,-0.000000000000000000e+00,0.000000000000000000e+00,0.000000000000000000e+00,-0.000000000000000000e+00,1.482240964416638329e+00,-4.451976374910372736e-02,-0.000000000000000000e+00,-0.000000000000000000e+00,-1.939821513563435018e-01,-3.463312496989721101e-01,-0.000000000000000000e+00,-0.000000000000000000e+00,-0.000000000000000000e+00,-0.000000000000000000e+00,-1.072384478953957668e-03,-0.000000000000000000e+00,0.000000000000000000e+00
0.000000000000000000e+00,-1.240677709419893554e-01,-2.648016758917626223e-01,9.878895021714372005e-02,-0.000000000000000000e+00,-0.000000000000000000e+00,-9.489417935099209861e-03,-0.000000000000000000e+00,-0.000000000000000000e+00,-0.000000000000000000e+00,-0.000000000000000000e+00,-0.000000000000000000e+00,-2.196420139338932931e-01,-0.000000000000000000e+00,-0.000000000000000000e+00,-0.000000000000000000e+00,-0.000000000000000000e+00,-0.000000000000000000e+00,-1.581334129802227928e-01,0.000000000000000000e+00,-0.000000000000000000e+00,-0.000000000000000000e+00,-0.000000000000000000e+00,0.000000000000000000e+00,-0.000000000000000000e+00,0.000000000000000000e+00,-4.451976374910372736e-02,1.326660890238160029e+00,0.000000000000000000e+00,-0.000000000000000000e+00,-1.171656287692583731e-01,-0.000000000000000000e+00,-0.000000000000000000e+00,-0.000000000000000000e+00,0.000000000000000000e+00,-0.000000000000000000e+00,-0.000000000000000000e+00,0.000000000000000000e+00,-0.000000000000000000e+00
-0.000000000000000000e+00,0.000000000000000000e+00,-0.000000000000000000e+00,0.000000000000000000e+00,0.000000000000000000e+00,0.000000000000000000e+00,0.000000000000000000e+00,2.847795381462970080e-02,0.000000000000000000e+00,-4.452422479880574491e-01,-0.000000000000000000e+00,0.000000000000000000e+00,7.433684479148224000e-02,-0.000000000000000000e+00,-0.000000000000000000e+00,-0.000000000000000000e+00,-2.108055652037515437e-01,0.000000000000000000e+00,0.000000000000000000e+00,-0.000000000000000000e+00,0.000000000000000000e+00,0.000000000000000000e+00,-0.000000000000000000e+00,0.000000000000000000e+00,0.000000000000000000e+00,-5.415094805354173646e-01,-0.000000000000000000e+00,0.000000000000000000e+00,1.961672752894453531e+00,-0.000000000000000000e+00,-0.000000000000000000e+00,-2.720457803460550328e-01,0.000000000000000000e+00,0.000000000000000000e+00,-3.352599981730661760e-01,-0.000000000000000000e+00,-2.527923571476390907e-01,-0.000000000000000000e+00,4.976477705805983781e-02
0.000000000000000000e+00,-0.000000000000000000e+00,-0.000000000000000000e+00,0.000000000000000000e+00,-0.000000000000000000e+00,-0.000000000000000000e+00,-1.088930580827051076e-01,-0.000000000000000000e+00,-4.539639679347017842e-01,-0.000000000000000000e+00,-0.000000000000000000e+00,-0.000000000000000000e+00,-0.000000000000000000e+00,-1.271054682866492036e-01,0.000000000000000000e+00,-6.889275051527057325e-01,-0.000000000000000000e+00,-0.000000000000000000e+00,-0.000000000000000000e+00,-0.000000000000000000e+00,-0.000000000000000000e+00,-0.000000000000000000e+00,-3.318199448658714079e-01,0.000000000000000000e+00,-0.000000000000000000e+00,0.000000000000000000e+00,-0.000000000000000000e+00,-0.000000000000000000e+00,-0.000000000000000000e+00,2.423740926832632425e+00,-0.000000000000000000e+00,-1.377175613652085184e-01,-0.000000000000000000e+00,-0.000000000000000000e+00,0.000000000000000000e+00,-6.421096709447795536e-01,-0.000000000000000000e+00,0.000000000000000000e+00,-0.000000000000000000e+00
0.000000000000000000e+00,-7.168576837740249508e-02,-1.973425894852325752e-02,0.000000000000000000e+00,-2.866310691507450437e-01,-0.000000000000000000e+00,-0.000000000000000000e+00,-0.000000000000000000e+00,-0.000000000000000000e+00,-0.000000000000000000e+00,-1.606552352359968683e-01,-0.000000000000000000e+00,-0.000000000000000000e+00,-1.823594844052088548e-01,0.000000000000000000e+00,-0.000000000000000000e+00,-0.000000000000000000e+00,-0.000000000000000000e+00,-0.000000000000000000e+00,0.000000000000000000e+00,-0.000000000000000000e+00,-3.151833588263752706e-01,-0.000000000000000000e+00,-0.000000000000000000e+00,-0.000000000000000000e+00,0.000000000000000000e+00,-1.939821513563435018e-01,-1.171656287692583731e-01,-0.000000000000000000e+00,-0.000000000000000000e+00,1.896766521625725455e+00,-1.201357466846515731e-01,-3.628036489042572588e-01,-0.000000000000000000e+00,-0.000000000000000000e+00,-8.670521471303205274e-02,-0.000000000000000000e+00,0.000000000000000000e+00,-0.000000000000000000e+00
0.000000000000000000e+00,-0.000000000000000000e+00,-0.000000000000000000e+00,0.000000000000000000e+00,-0.000000000000000000e+00,-0.000000000000000000e+00,-0.000000000000000000e+00,-0.000000000000000000e+00,-0.000000000000000000e+00,-0.000000000000000000e+00,-9.801534653225069116e-02,-0.000000000000000000e+00,-0.000000000000000000e+00,-3.000688830334861668e-01,-0.000000000000000000e+00,-4.508466720227574664e-01,-1.140155170858781347e-01,-0.000000000000000000e+00,-0.000000000000000000e+00,0.000000000000000000e+00,-0.000000000000000000e+00,-0.000000000000000000e+00,-0.000000000000000000e+00,0.000000000000000000e+00,-0.000000000000000000e+00,-0.000000000000000000e+00,-3.463312496989721101e-01,-0.000000000000000000e+00,-2.720457803460550328e-01,-1.377175613652085184e-01,-1.201357466846515731e-01,2.144672612393654809e+00,-0.000000000000000000e+00,-0.000000000000000000e+00,-0.000000000000000000e+00,-3.393605188402318840e-01,-2.124816404587432650e-01,0.000000000000000000e+00,0.000000000000000000e+00
-0.000000000000000000e+00,-1.463955323683858445e-01,-4.782664126295306239e-01,0.000000000000000000e+00,-2.544209255218552457e-01,-7.400429523524904019e-02,-0.000000000000000000e+00,-0.000000000000000000e+00,-0.000000000000000000e+00,0.000000000000000000e+00,-8.554369022964834063e-03,-0.000000000000000000e+00,-2.217647743893231549e-01,-3.000218637401102020e-02,-0.000000000000000000e+00,0.000000000000000000e+00,-2.075331561285304049e-02,-0.000000000000000000e+00,-0.000000000000000000e+00,0.000000000000000000e+00,-0.000000000000000000e+00,-1.586229651795597051e-01,-0.000000000000000000e+00,-0.000000000000000000e+00,-0.000000000000000000e+00,0.000000000000000000e+00,-0.000000000000000000e+00,-0.000000000000000000e+00,0.000000000000000000e+00,-0.000000000000000000e+00,-3.628036489042572588e-01,-0.000000000000000000e+00,1.806074510019996193e+00,-0.000000000000000000e+00,-0.000000000000000000e+00,-0.000000000000000000e+00,-0.000000000000000000e+00,0.000000000000000000e+00,-0.000000000000000000e+00
0.000000000000000000e+00,-4.838056908257597905e-02,-0.000000000000000000e+00,0.000000000000000000e+00,-2.343950858658630232e-01,-0.000000000000000000e+00,-3.279358764708269480e-01,-0.000000000000000000e+00,-1.783434761562057158e-01,0.000000000000000000e+00,-0.000000000000000000e+00,-3.537241093362757383e-01,-2.037797070036615199e-01,-0.000000000000000000e+00,0.000000000000000000e+00,-0.000000000000000000e+00,-0.000000000000000000e+00,-1.769141734205943450e-01,-1.054708846935973610e-01,1.225910153635976357e-02,-8.852237123826665888e-02,-2.823348869063586064e-01,-0.000000000000000000e+00,0.000000000000000000e+00,-0.000000000000000000e+00,1.452530267123395835e-01,-0.000000000000000000e+00,-0.000000000000000000e+00,0.000000000000000000e+00,-0.000000000000000000e+00,-0.000000000000000000e+00,-0.000000000000000000e+00,-0.000000000000000000e+00,2.667709121965189834e+00,0.000000000000000000e+00,-1.483344058531389509e-01,0.000000000000000000e+00,3.868524298757261559e-01,-2.479566795205770668e-01
-5.948344464543957599e-01,0.000000000000000000e+00,-0.000000000000000000e+00,-0.000000000000000000e+00,0.000000000000000000e+00,0.000000000000000000e+00,1.415919566059375967e-01,1.530072391152167699e-01,0.000000000000000000e+00,-0.000000000000000000e+00,-0.000000000000000000e+00,8.578371960507458205e-02,0.000000000000000000e+00,-0.000000000000000000e+00,-0.000000000000000000e+00,0.000000000000000000e+00,-6.210657146900079584e-02,4.532029435938147305e-02,1.805652329588304239e-01,-0.000000000000000000e+00,0.000000000000000000e+00,0.000000000000000000e+00,0.000000000000000000e+00,-0.000000000000000000e+00,0.000000000000000000e+00,-3.434845856372698014e-01,-0.000000000000000000e+00,0.000000000000000000e+00,-3.352599981730661760e-01,0.000000000000000000e+00,-0.000000000000000000e+00,-0.000000000000000000e+00,-0.000000000000000000e+00,0.000000000000000000e+00,2.096344621923967200e+00,0.000000000000000000e+00,-2.614230417558357500e-01,-0.000000000000000000e+00,0.000000000000000000e+00
0.000000000000000000e+00,-0.000000000000000000e+00,-0.000000000000000000e+00,0.000000000000000000e+00,-2.981841751030760435e-01,-0.000000000000000000e+00,-0.000000000000000000e+00,-0.000000000000000000e+00,-1.568508104894672239e-01,-0.000000000000000000e+00,-0.000000000000000000e+00,-0.000000000000000000e+00,-0.000000000000000000e+00,-3.181606860673827364e-01,0.000000000000000000e+00,-4.500316216794855717e-02,-0.000000000000000000e+00,-0.000000000000000000e+00,-6.192461140054520558e-02,0.000000000000000000e+00,-0.000000000000000000e+00,-2.874843115846495434e-02,-0.000000000000000000e+00,0.000000000000000000e+00,-0.000000000000000000e+00,0.000000000000000000e+00,-0.000000000000000000e+00,-0.000000000000000000e+00,-0.000000000000000000e+00,-6.421096709447795536e-01,-8.670521471303205274e-02,-3.393605188402318840e-01,-0.000000000000000000e+00,-1.483344058531389509e-01,0.000000000000000000e+00,2.178039899085138398e+00,-0.000000000000000000e+00,2.110912603654819739e-02,-0.000000000000000000e+00
-5.686851965640345868e-02,-0.000000000000000000e+00,-1.169578389072131602e-01,0.000000000000000000e+00,-0.000000000000000000e+00,0.000000000000000000e+00,0.000000000000000000e+00,0.000000000000000000e+00,-0.000000000000000000e+00,-2.941306468995293355e-01,-5.495846047104689658e-02,0.000000000000000000e+00,-0.000000000000000000e+00,-2.996903133428886756e-02,-0.000000000000000000e+00,-0.000000000000000000e+00,-3.475471908281933531e-01,0.000000000000000000e+00,-0.000000000000000000e+00,-0.000000000000000000e+00,0.000000000000000000e+00,0.000000000000000000e+00,-0.000000000000000000e+00,-0.000000000000000000e+00,-0.000000000000000000e+00,-0.000000000000000000e+00,-1.072384478953957668e-03,-0.000000000000000000e+00,-2.527923571476390907e-01,-0.000000000000000000e+00,-0.000000000000000000e+00,-2.124816404587432650e-01,-0.000000000000000000e+00,0.000000000000000000e+00,-2.614230417558357500e-01,-0.000000000000000000e+00,1.645554550041267383e+00,-0.000000000000000000e+00,0.000000000000000000e+00
-1.512809430202746996e-01,2.605882757920454512e-02,-0.000000000000000000e+00,-0.000000000000000000e+00,2.011301299209093396e-01,2.533662504099368218e-02,2.558960190158539316e-02,4.278531798614532700e-01,0.000000000000000000e+00,-0.000000000000000000e+00,0.000000000000000000e+00,4.026368728158917498e-02,0.000000000000000000e+00,0.000000000000000000e+00,-0.000000000000000000e+00,0.000000000000000000e+00,0.000000000000000000e+00,4.975679866179855138e-01,2.563019815020148306e-01,-0.000000000000000000e+00,9.752699231406818103e-02,0.000000000000000000e+00,0.000000000000000000e+00,-0.000000000000000000e+00,0.000000000000000000e+00,-3.271393892179171869e-01,-0.000000000000000000e+00,0.000000000000000000e+00,-0.000000000000000000e+00,0.000000000000000000e+00,0.000000000000000000e+00,0.000000000000000000e+00,0.000000000000000000e+00,3.868524298757261559e-01,-0.000000000000000000e+00,2.110912603654819739e-02,-0.000000000000000000e+00,2.394881617898642290e+00,0.000000000000000000e+00
0.000000000000000000e+00,-2.683490534431434149e-01,-0.000000000000000000e+00,0.000000000000000000e+00,-0.000000000000000000e+00,-0.000000000000000000e+00,-4.340913547383264126e-02,-0.000000000000000000e+00,-1.813148495995766385e-01,0.000000000000000000e+00,-0.000000000000000000e+00,-4.384170018379646150e-01,-1.079196123844392424e-01,-0.000000000000000000e+00,-0.000000000000000000e+00,0.000000000000000000e+00,0.000000000000000000e+00,-0.000000000000000000e+00,-0.000000000000000000e+00,0.000000000000000000e+00,-0.000000000000000000e+00,-0.000000000000000000e+00,-0.000000000000000000e+00,-0.000000000000000000e+00,-7.802225269631342386e-02,3.760967836815627685e-02,0.000000000000000000e+00,-0.000000000000000000e+00,4.976477705805983781e-02,-0.000000000000000000e+00,-0.000000000000000000e+00,0.000000000000000000e+00,-0.000000000000000000e+00,-2.479566795205770668e-01,0.000000000000000000e+00,-0.000000000000000000e+00,0.000000000000000000e+00,0.000000000000000000e+00,1.706663178913915946e+00
