2.975922403587681231e+00,-3.629011843146424943e-02,-0.000000000000000000e+00,0.000000000000000000e+00,-0.000000000000000000e+00,0.000000000000000000e+00,0.000000000000000000e+00,1.265699014712832193e-01,-1.533139704718776697e-01,-2.914037466341218852e-01,0.000000000000000000e+00,0.000000000000000000e+00,0.000000000000000000e+00,-1.341521975422658997e-01,-1.985782877113062561e-01,-7.207970144660688083e-01,0.000000000000000000e+00,-0.000000000000000000e+00,-0.000000000000000000e+00,0.000000000000000000e+00,-0.000000000000000000e+00,0.000000000000000000e+00,-0.000000000000000000e+00,-0.000000000000000000e+00,-1.796374088411891168e-01,-0.000000000000000000e+00,0.000000000000000000e+00,-1.744568722576143316e-01,-5.980046813280023160e-02,-3.185159992456894074e-01,0.000000000000000000e+00,0.000000000000000000e+00,-0.000000000000000000e+00,-1.761857345598680583e-02,0.000000000000000000e+00,-0.000000000000000000e+00,-0.000000000000000000e+00,-7.322328391798866853e-01,-0.000000000000000000e+00
-3.629011843146424943e-02,2.106673684513426181e+00,-0.000000000000000000e+00,0.000000000000000000e+00,-0.000000000000000000e+00,-0.000000000000000000e+00,-0.000000000000000000e+00,0.000000000000000000e+00,-0.000000000000000000e+00,-2.666824215925701624e-01,-0.000000000000000000e+00,-2.093471246564379551e-01,-0.000000000000000000e+00,-0.000000000000000000e+00,0.000000000000000000e+00,-0.000000000000000000e+00,-0.000000000000000000e+00,0.000000000000000000e+00,-0.000000000000000000e+00,0.000000000000000000e+00,0.000000000000000000e+00,-0.000000000000000000e+00,-4.696404921449122694e-01,-1.594807122963461110e-01,-0.000000000000000000e+00,-0.000000000000000000e+00,-1.381065312325040553e-02,0.000000000000000000e+00,-0.000000000000000000e+00,-1.460687474343295988e-01,-0.000000000000000000e+00,-1.165131716447876109e-01,-0.000000000000000000e+00,-0.000000000000000000e+00,0.000000000000000000e+00,-4.108271632467098977e-02,-0.000000000000000000e+00,-0.000000000000000000e+00,-7.674579299598016657e-01
-0.000000000000000000e+00,-0.000000000000000000e+00,2.273103904041362977e+00,-0.000000000000000000e+00,-0.000000000000000000e+00,0.000000000000000000e+00,0.000000000000000000e+00,6.196269037011313818e-01,-3.336206523696926690e-02,-0.000000000000000000e+00,0.000000000000000000e+00,0.000000000000000000e+00,-0.000000000000000000e+00,-4.725513334782811825e-02,-0.000000000000000000e+00,-0.000000000000000000e+00,-5.076305251770728277e-02,-0.000000000000000000e+00,-0.000000000000000000e+00,-1.332099686395259441e-01,-0.000000000000000000e+00,-0.000000000000000000e+00,0.000000000000000000e+00,-0.000000000000000000e+00,-0.000000000000000000e+00,-6.334227531479100781e-01,-2.425234361775453484e-01,-3.857173300012768646e-02,-0.000000000000000000e+00,-0.000000000000000000e+00,-4.115535726526878268e-02,-0.000000000000000000e+00,-6.374227275134558557e-01,-0.000000000000000000e+00,-0.000000000000000000e+00,-0.000000000000000000e+00,-0.000000000000000000e+00,-0.000000000000000000e+00,0.000000000000000000e+00
0.000000000000000000e+00,0.000000000000000000e+00,-0.000000000000000000e+00,1.275076471067107198e+00,-0.000000000000000000e+00,-3.719072439821067416e-02,-3.895948045854333297e-01,-0.000000000000000000e+00,0.000000000000000000e+00,0.000000000000000000e+00,0.000000000000000000e+00,0.000000000000000000e+00,-0.000000000000000000e+00,0.000000000000000000e+00,0.000000000000000000e+00,0.000000000000000000e+00,-0.000000000000000000e+00,-4.896803320113027325e-02,-2.239402152251598541e-02,-7.944617899313398401e-02,-0.000000000000000000e+00,-0.000000000000000000e+00,-0.000000000000000000e+00,-0.000000000000000000e+00,-0.000000000000000000e+00,-0.000000000000000000e+00,0.000000000000000000e+00,-0.000000000000000000e+00,-0.000000000000000000e+00,0.000000000000000000e+00,-0.000000000000000000e+00,-0.000000000000000000e+00,-2.422547205812555227e-01,0.000000000000000000e+00,-0.000000000000000000e+00,0.000000000000000000e+00,-1.085561197200212019e-01,0.000000000000000000e+00,1.356579612468542251e-01
-0.000000000000000000e+00,-0.000000000000000000e+00,-0.000000000000000000e+00,-0.000000000000000000e+00,1.545057669788402421e+00,0.000000000000000000e+00,-0.000000000000000000e+00,0.000000000000000000e+00,-3.592720427262686700e-01,-7.317733039844080689e-02,0.000000000000000000e+00,-0.000000000000000000e+00,0.000000000000000000e+00,-0.000000000000000000e+00,-0.000000000000000000e+00,-0.000000000000000000e+00,-0.000000000000000000e+00,-0.000000000000000000e+00,-2.198395108209420246e-01,0.000000000000000000e+00,0.000000000000000000e+00,0.000000000000000000e+00,-0.000000000000000000e+00,-0.000000000000000000e+00,-0.000000000000000000e+00,-0.000000000000000000e+00,-0.000000000000000000e+00,-0.000000000000000000e+00,-0.000000000000000000e+00,-3.975766036479767146e-02,0.000000000000000000e+00,0.000000000000000000e+00,0.000000000000000000e+00,-4.563734654567246363e-01,0.000000000000000000e+00,-2.203594883612579672e-02,0.000000000000000000e+00,-0.000000000000000000e+00,-0.000000000000000000e+00
0.000000000000000000e+00,-0.000000000000000000e+00,0.000000000000000000e+00,-3.719072439821067416e-02,0.000000000000000000e+00,1.296748369862779526e+00,-0.000000000000000000e+00,0.000000000000000000e+00,1.185304196373593646e-02,0.000000000000000000e+00,-0.000000000000000000e+00,-0.000000000000000000e+00,-1.189982916600511031e-01,0.000000000000000000e+00,0.000000000000000000e+00,0.000000000000000000e+00,0.000000000000000000e+00,-0.000000000000000000e+00,-8.179795698456547581e-02,0.000000000000000000e+00,-0.000000000000000000e+00,-0.000000000000000000e+00,-3.696256554407688355e-02,-0.000000000000000000e+00,9.872135498944745180e-02,3.778667512853221833e-02,0.000000000000000000e+00,0.000000000000000000e+00,-0.000000000000000000e+00,0.000000000000000000e+00,-9.138024195068020564e-03,-2.520467052454356538e-01,-0.000000000000000000e+00,0.000000000000000000e+00,-0.000000000000000000e+00,5.311955198724711835e-02,-3.906016110603150460e-01,0.000000000000000000e+00,0.000000000000000000e+00
0.000000000000000000e+00,-0.000000000000000000e+00,0.000000000000000000e+00,-3.895948045854333297e-01,-0.000000000000000000e+00,-0.000000000000000000e+00,1.292032733265846334e+00,-7.546689358665914504e-02,0.000000000000000000e+00,0.000000000000000000e+00,-0.000000000000000000e+00,-0.000000000000000000e+00,-2.429424543695622996e-01,0.000000000000000000e+00,6.051811375231291174e-02,0.000000000000000000e+00,-0.000000000000000000e+00,0.000000000000000000e+00,-0.000000000000000000e+00,-0.000000000000000000e+00,0.000000000000000000e+00,0.000000000000000000e+00,-0.000000000000000000e+00,-0.000000000000000000e+00,0.000000000000000000e+00,-0.000000000000000000e+00,-0.000000000000000000e+00,0.000000000000000000e+00,0.000000000000000000e+00,-0.000000000000000000e+00,-0.000000000000000000e+00,-0.000000000000000000e+00,-0.000000000000000000e+00,0.000000000000000000e+00,-2.082555284988779898e-01,0.000000000000000000e+00,-0.000000000000000000e+00,0.000000000000000000e+00,0.000000000000000000e+00
1.265699014712832193e-01,0.000000000000000000e+00,6.196269037011313818e-01,-0.000000000000000000e+00,0.000000000000000000e+00,0.000000000000000000e+00,-7.546689358665914504e-02,2.079674281071694608e+00,0.000000000000000000e+00,3.379503223465189499e-01,-0.000000000000000000e+00,0.000000000000000000e+00,-0.000000000000000000e+00,0.000000000000000000e+00,0.000000000000000000e+00,0.000000000000000000e+00,0.000000000000000000e+00,0.000000000000000000e+00,3.035578619115846810e-01,-0.000000000000000000e+00,0.000000000000000000e+00,0.000000000000000000e+00,0.000000000000000000e+00,0.000000000000000000e+00,0.000000000000000000e+00,0.000000000000000000e+00,0.000000000000000000e+00,3.596267632384131385e-01,-0.000000000000000000e+00,0.000000000000000000e+00,0.000000000000000000e+00,0.000000000000000000e+00,0.000000000000000000e+00,2.978594394201912743e-01,-6.986105007004843326e-02,0.000000000000000000e+00,0.000000000000000000e+00,0.000000000000000000e+00,0.000000000000000000e+00
-1.533139704718776697e-01,-0.000000000000000000e+00,-3.336206523696926690e-02,0.000000000000000000e+00,-3.592720427262686700e-01,1.185304196373593646e-02,0.000000000000000000e+00,0.000000000000000000e+00,2.679551315158038349e+00,-1.853618973550641147e-01,0.000000000000000000e+00,0.000000000000000000e+00,0.000000000000000000e+00,-3.550635245459290434e-01,-0.000000000000000000e+00,-0.000000000000000000e+00,-0.000000000000000000e+00,-0.000000000000000000e+00,-0.000000000000000000e+00,0.000000000000000000e+00,-0.000000000000000000e+00,0.000000000000000000e+00,-0.000000000000000000e+00,-2.406404831355253571e-01,-3.571269799681148216e-01,-6.552966719630367587e-01,-0.000000000000000000e+00,-0.000000000000000000e+00,-0.000000000000000000e+00,-2.071394874159640798e-01,0.000000000000000000e+00,-0.000000000000000000e+00,-0.000000000000000000e+00,-0.000000000000000000e+00,-0.000000000000000000e+00,-4.176799062740317869e-01,0.000000000000000000e+00,-0.000000000000000000e+00,-0.000000000000000000e+00
-2.914037466341218852e-01,-2.666824215925701624e-01,-0.000000000000000000e+00,0.000000000000000000e+00,-7.317733039844080689e-02,0.000000000000000000e+00,0.000000000000000000e+00,3.379503223465189499e-01,-1.853618973550641147e-01,2.731014715198259779e+00,0.000000000000000000e+00,-0.000000000000000000e+00,0.000000000000000000e+00,-1.463367440577274803e-01,-0.000000000000000000e+00,-3.459205370444129457e-01,-0.000000000000000000e+00,-0.000000000000000000e+00,-0.000000000000000000e+00,0.000000000000000000e+00,0.000000000000000000e+00,0.000000000000000000e+00,-0.000000000000000000e+00,-2.199135605611638594e-02,-5.756448352373245980e-02,-0.000000000000000000e+00,-0.000000000000000000e+00,-0.000000000000000000e+00,-0.000000000000000000e+00,-5.479268888612088828e-01,-0.000000000000000000e+00,-0.000000000000000000e+00,-0.000000000000000000e+00,-1.411256653460123689e-01,0.000000000000000000e+00,-4.702434012947191988e-01,0.000000000000000000e+00,-0.000000000000000000e+00,-9.374696457263330396e-02
0.000000000000000000e+00,-0.000000000000000000e+00,0.000000000000000000e+00,0.000000000000000000e+00,0.000000000000000000e+00,-0.000000000000000000e+00,-0.000000000000000000e+00,-0.000000000000000000e+00,0.000000000000000000e+00,0.000000000000000000e+00,1.819240309020398350e+00,-0.000000000000000000e+00,-1.589333351187737220e-01,0.000000000000000000e+00,2.922601644710370317e-01,2.163849418975920813e-01,-3.621504145864037211e-02,2.422402894389986405e-01,0.000000000000000000e+00,0.000000000000000000e+00,0.000000000000000000e+00,0.000000000000000000e+00,-1.232631850398557688e-01,-0.000000000000000000e+00,0.000000000000000000e+00,0.000000000000000000e+00,-0.000000000000000000e+00,2.745026561512477481e-01,0.000000000000000000e+00,0.000000000000000000e+00,-0.000000000000000000e+00,-4.854051553590606471e-01,0.000000000000000000e+00,0.000000000000000000e+00,-0.000000000000000000e+00,-0.000000000000000000e+00,0.000000000000000000e+00,5.064694053811258194e-03,-0.000000000000000000e+00
0.000000000000000000e+00,-2.093471246564379551e-01,0.000000000000000000e+00,0.000000000000000000e+00,-0.000000000000000000e+00,-0.000000000000000000e+00,-0.000000000000000000e+00,0.000000000000000000e+00,0.000000000000000000e+00,-0.000000000000000000e+00,-0.000000000000000000e+00,1.449890171798175142e+00,-0.000000000000000000e+00,0.000000000000000000e+00,0.000000000000000000e+00,-0.000000000000000000e+00,0.000000000000000000e+00,0.000000000000000000e+00,-0.000000000000000000e+00,4.301155596461416764e-01,9.320513695915088465e-03,-0.000000000000000000e+00,-2.572387473810060499e-01,-0.000000000000000000e+00,0.000000000000000000e+00,4.467976817278064040e-03,-0.000000000000000000e+00,1.418119476354121333e-01,0.000000000000000000e+00,-0.000000000000000000e+00,-0.000000000000000000e+00,-0.000000000000000000e+00,0.000000000000000000e+00,-0.000000000000000000e+00,0.000000000000000000e+00,-0.000000000000000000e+00,0.000000000000000000e+00,0.000000000000000000e+00,-2.709114907451136145e-01
0.000000000000000000e+00,-0.000000000000000000e+00,-0.000000000000000000e+00,-0.000000000000000000e+00,0.000000000000000000e+00,-1.189982916600511031e-01,-2.429424543695622996e-01,-0.000000000000000000e+00,0.000000000000000000e+00,0.000000000000000000e+00,-1.589333351187737220e-01,-0.000000000000000000e+00,1.577956333357019014e+00,0.000000000000000000e+00,0.000000000000000000e+00,2.196512305304989809e-01,-0.000000000000000000e+00,0.000000000000000000e+00,-0.000000000000000000e+00,-0.000000000000000000e+00,0.000000000000000000e+00,-1.436323469387744134e-01,-0.000000000000000000e+00,-0.000000000000000000e+00,0.000000000000000000e+00,-0.000000000000000000e+00,-2.490475534114232614e-01,0.000000000000000000e+00,0.000000000000000000e+00,0.000000000000000000e+00,-0.000000000000000000e+00,-9.980901258430983913e-02,-0.000000000000000000e+00,0.000000000000000000e+00,-1.819155267306755142e-01,0.000000000000000000e+00,-0.000000000000000000e+00,2.771060137442293847e-01,0.000000000000000000e+00
-1.341521975422658997e-01,-0.000000000000000000e+00,-4.725513334782811825e-02,0.000000000000000000e+00,-0.000000000000000000e+00,0.000000000000000000e+00,0.000000000000000000e+00,0.000000000000000000e+00,-3.550635245459290434e-01,-1.463367440577274803e-01,0.000000000000000000e+00,0.000000000000000000e+00,0.000000000000000000e+00,2.176157109434230019e+00,-0.000000000000000000e+00,-0.000000000000000000e+00,-0.000000000000000000e+00,0.000000000000000000e+00,-0.000000000000000000e+00,-0.000000000000000000e+00,0.000000000000000000e+00,0.000000000000000000e+00,-0.000000000000000000e+00,-3.758297271372535442e-01,-1.345614236351407589e-01,-4.165323043285569238e-01,-0.000000000000000000e+00,-0.000000000000000000e+00,-2.281858314789830811e-01,-2.980977995928669189e-01,-0.000000000000000000e+00,-0.000000000000000000e+00,-0.000000000000000000e+00,-0.000000000000000000e+00,-0.000000000000000000e+00,-6.526261465283879348e-02,-0.000000000000000000e+00,-0.000000000000000000e+00,-2.303506952704733116e-02
-1.985782877113062561e-01,0.000000000000000000e+00,-0.000000000000000000e+00,0.000000000000000000e+00,-0.000000000000000000e+00,0.000000000000000000e+00,6.051811375231291174e-02,0.000000000000000000e+00,-0.000000000000000000e+00,-0.000000000000000000e+00,2.922601644710370317e-01,0.000000000000000000e+00,0.000000000000000000e+00,-0.000000000000000000e+00,3.269423895592750373e+00,-3.951200486688647429e-01,6.108530220213419931e-02,-8.168551482331022351e-01,-0.000000000000000000e+00,0.000000000000000000e+00,-0.000000000000000000e+00,-0.000000000000000000e+00,0.000000000000000000e+00,-0.000000000000000000e+00,-0.000000000000000000e+00,-0.000000000000000000e+00,0.000000000000000000e+00,-5.477942173285618166e-01,-0.000000000000000000e+00,-0.000000000000000000e+00,1.251283190076958318e-01,6.843042629152408518e-02,-0.000000000000000000e+00,-5.543891785903616309e-01,8.645911578093755379e-02,-0.000000000000000000e+00,-0.000000000000000000e+00,-4.918786704038841107e-01,-0.000000000000000000e+00
-7.207970144660688083e-01,-0.000000000000000000e+00,-0.000000000000000000e+00,0.000000000000000000e+00,-0.000000000000000000e+00,0.000000000000000000e+00,0.000000000000000000e+00,0.000000000000000000e+00,-0.000000000000000000e+00,-3.459205370444129457e-01,2.163849418975920813e-01,-0.000000000000000000e+00,2.196512305304989809e-01,-0.000000000000000000e+00,-3.951200486688647429e-01,2.855646477415305196e+00,0.000000000000000000e+00,-2.290981178191862574e-02,-0.000000000000000000e+00,0.000000000000000000e+00,-0.000000000000000000e+00,-0.000000000000000000e+00,-0.000000000000000000e+00,-0.000000000000000000e+00,-1.527149528483375505e-02,-0.000000000000000000e+00,0.000000000000000000e+00,-7.682363613900915211e-02,-0.000000000000000000e+00,-1.419380857584169875e-01,0.000000000000000000e+00,0.000000000000000000e+00,-0.000000000000000000e+00,-3.366308219668470714e-01,2.279319964007052723e-01,-0.000000000000000000e+00,0.000000000000000000e+00,-4.153812231955774648e-01,-0.000000000000000000e+00
0.000000000000000000e+00,-0.000000000000000000e+00,-5.076305251770728277e-02,-0.000000000000000000e+00,-0.000000000000000000e+00,0.000000000000000000e+00,-0.000000000000000000e+00,0.000000000000000000e+00,-0.000000000000000000e+00,-0.000000000000000000e+00,-3.621504145864037211e-02,0.000000000000000000e+00,-0.000000000000000000e+00,-0.000000000000000000e+00,6.108530220213419931e-02,0.000000000000000000e+00,1.746158411446042669e+00,0.000000000000000000e+00,0.000000000000000000e+00,-5.706248663757215733e-02,0.000000000000000000e+00,-0.000000000000000000e+00,-0.000000000000000000e+00,-9.016351715826037561e-02,-0.000000000000000000e+00,-0.000000000000000000e+00,-6.313309584323333334e-01,0.000000000000000000e+00,0.000000000000000000e+00,-0.000000000000000000e+00,-1.065417029514392350e-01,-4.084656131604897378e-01,-0.000000000000000000e+00,1.231216834027516749e-01,-0.000000000000000000e+00,-0.000000000000000000e+00,-4.735460521991883415e-02,0.000000000000000000e+00,0.000000000000000000e+00
-0.000000000000000000e+00,0.000000000000000000e+00,-0.000000000000000000e+00,-4.896803320113027325e-02,-0.000000000000000000e+00,-0.000000000000000000e+00,0.000000000000000000e+00,0.000000000000000000e+00,-0.000000000000000000e+00,-0.000000000000000000e+00,2.422402894389986405e-01,0.000000000000000000e+00,0.000000000000000000e+00,0.000000000000000000e+00,-8.168551482331022351e-01,-2.290981178191862574e-02,0.000000000000000000e+00,2.586188510166884669e+00,-3.710620200603512719e-01,-0.000000000000000000e+00,-5.671610344750005472e-01,-7.943820785939534335e-02,0.000000000000000000e+00,-0.000000000000000000e+00,-0.000000000000000000e+00,-0.000000000000000000e+00,1.690529563817325109e-01,-4.790095417980859693e-01,-1.584954747910677364e-01,-0.000000000000000000e+00,0.000000000000000000e+00,0.000000000000000000e+00,-0.000000000000000000e+00,-0.000000000000000000e+00,0.000000000000000000e+00,0.000000000000000000e+00,-0.000000000000000000e+00,-0.000000000000000000e+00,0.000000000000000000e+00
-0.000000000000000000e+00,-0.000000000000000000e+00,-0.000000000000000000e+00,-2.239402152251598541e-02,-2.198395108209420246e-01,-8.179795698456547581e-02,-0.000000000000000000e+00,3.035578619115846810e-01,-0.000000000000000000e+00,-0.000000000000000000e+00,0.000000000000000000e+00,-0.000000000000000000e+00,-0.000000000000000000e+00,-0.000000000000000000e+00,-0.000000000000000000e+00,-0.000000000000000000e+00,0.000000000000000000e+00,-3.710620200603512719e-01,1.597976809878364213e+00,0.000000000000000000e+00,-0.000000000000000000e+00,-2.289743442227631237e-02,-1.387375413467028251e-01,-0.000000000000000000e+00,-0.000000000000000000e+00,-0.000000000000000000e+00,-0.000000000000000000e+00,-0.000000000000000000e+00,-0.000000000000000000e+00,-0.000000000000000000e+00,0.000000000000000000e+00,0.000000000000000000e+00,-0.000000000000000000e+00,-3.148868295035646137e-01,0.000000000000000000e+00,-0.000000000000000000e+00,-0.000000000000000000e+00,-0.000000000000000000e+00,0.000000000000000000e+00
0.000000000000000000e+00,0.000000000000000000e+00,-1.332099686395259441e-01,-7.944617899313398401e-02,0.000000000000000000e+00,0.000000000000000000e+00,-0.000000000000000000e+00,-0.000000000000000000e+00,0.000000000000000000e+00,0.000000000000000000e+00,0.000000000000000000e+00,4.301155596461416764e-01,-0.000000000000000000e+00,-0.000000000000000000e+00,0.000000000000000000e+00,0.000000000000000000e+00,-5.706248663757215733e-02,-0.000000000000000000e+00,0.000000000000000000e+00,1.558120132139901637e+00,-0.000000000000000000e+00,-0.000000000000000000e+00,1.364444075319603544e-01,0.000000000000000000e+00,0.000000000000000000e+00,-2.350985769158999705e-01,-0.000000000000000000e+00,-0.000000000000000000e+00,-0.000000000000000000e+00,0.000000000000000000e+00,-0.000000000000000000e+00,-0.000000000000000000e+00,-4.040891312944253078e-01,1.279672780652707231e-01,-1.670091008284939893e-01,0.000000000000000000e+00,-0.000000000000000000e+00,0.000000000000000000e+00,1.160479851216785901e-01
-0.000000000000000000e+00,0.000000000000000000e+00,-0.000000000000000000e+00,-0.000000000000000000e+00,0.000000000000000000e+00,-0.000000000000000000e+00,0.000000000000000000e+00,0.000000000000000000e+00,-0.000000000000000000e+00,0.000000000000000000e+00,0.000000000000000000e+00,9.320513695915088465e-03,0.000000000000000000e+00,0.000000000000000000e+00,-0.000000000000000000e+00,-0.000000000000000000e+00,0.000000000000000000e+00,-5.671610344750005472e-01,-0.000000000000000000e+00,-0.000000000000000000e+00,1.738323195765442808e+00,-2.322514585715533264e-01,0.000000000000000000e+00,-0.000000000000000000e+00,-0.000000000000000000e+00,0.000000000000000000e+00,0.000000000000000000e+00,-3.350947692489714136e-01,-0.000000000000000000e+00,0.000000000000000000e+00,0.000000000000000000e+00,0.000000000000000000e+00,-3.660964670760006312e-01,-0.000000000000000000e+00,0.000000000000000000e+00,0.000000000000000000e+00,-0.000000000000000000e+00,-0.000000000000000000e+00,0.000000000000000000e+00
0.000000000000000000e+00,-0.000000000000000000e+00,-0.000000000000000000e+00,-0.000000000000000000e+00,0.000000000000000000e+00,-0.000000000000000000e+00,0.000000000000000000e+00,0.000000000000000000e+00,0.000000000000000000e+00,0.000000000000000000e+00,0.000000000000000000e+00,-0.000000000000000000e+00,-1.436323469387744134e-01,0.000000000000000000e+00,-0.000000000000000000e+00,-0.000000000000000000e+00,-0.000000000000000000e+00,-7.943820785939534335e-02,-2.289743442227631237e-02,-0.000000000000000000e+00,-2.322514585715533264e-01,1.184340383890438497e+00,0.000000000000000000e+00,-0.000000000000000000e+00,1.942672082092722699e-02,0.000000000000000000e+00,0.000000000000000000e+00,-0.000000000000000000e+00,0.000000000000000000e+00,0.000000000000000000e+00,-0.000000000000000000e+00,-0.000000000000000000e+00,-1.509917297120733359e-01,-0.000000000000000000e+00,0.000000000000000000e+00,0.000000000000000000e+00,-1.444544061207159169e-01,0.000000000000000000e+00,0.000000000000000000e+00
-0.000000000000000000e+00,-4.696404921449122694e-01,0.000000000000000000e+00,-0.000000000000000000e+00,-0.000000000000000000e+00,-3.696256554407688355e-02,-0.000000000000000000e+00,0.000000000000000000e+00,-0.000000000000000000e+00,-0.000000000000000000e+00,-1.232631850398557688e-01,-2.572387473810060499e-01,-0.000000000000000000e+00,-0.000000000000000000e+00,0.000000000000000000e+00,-0.000000000000000000e+00,-0.000000000000000000e+00,0.000000000000000000e+00,-1.387375413467028251e-01,1.364444075319603544e-01,0.000000000000000000e+00,0.000000000000000000e+00,1.824500055294348444e+00,-4.122438021499811311e-01,-0.000000000000000000e+00,0.000000000000000000e+00,-0.000000000000000000e+00,0.000000000000000000e+00,-0.000000000000000000e+00,-7.884359680777096313e-02,-0.000000000000000000e+00,-3.153453720128400750e-01,0.000000000000000000e+00,-0.000000000000000000e+00,-0.000000000000000000e+00,-2.074196179530275463e-01,-0.000000000000000000e+00,-0.000000000000000000e+00,-1.200893866098638046e-02
-0.000000000000000000e+00,-1.594807122963461110e-01,-0.000000000000000000e+00,-0.000000000000000000e+00,-0.000000000000000000e+00,-0.000000000000000000e+00,-0.000000000000000000e+00,0.000000000000000000e+00,-2.406404831355253571e-01,-2.199135605611638594e-02,-0.000000000000000000e+00,-0.000000000000000000e+00,-0.000000000000000000e+00,-3.758297271372535442e-01,-0.000000000000000000e+00,-0.000000000000000000e+00,-9.016351715826037561e-02,-0.000000000000000000e+00,-0.000000000000000000e+00,0.000000000000000000e+00,-0.000000000000000000e+00,-0.000000000000000000e+00,-4.122438021499811311e-01,1.784185358285920620e+00,-0.000000000000000000e+00,-0.000000000000000000e+00,-2.988540247692107465e-01,-0.000000000000000000e+00,-9.923158788317180956e-02,-0.000000000000000000e+00,-0.000000000000000000e+00,-4.840745514365252244e-02,-0.000000000000000000e+00,-0.000000000000000000e+00,-2.079221774224880234e-02,-0.000000000000000000e+00,-1.537542898112357476e-02,-0.000000000000000000e+00,-5.331852330318973682e-02
-1.796374088411891168e-01,-0.000000000000000000e+00,-0.000000000000000000e+00,-0.000000000000000000e+00,-0.000000000000000000e+00,9.872135498944745180e-02,0.000000000000000000e+00,0.000000000000000000e+00,-3.571269799681148216e-01,-5.756448352373245980e-02,0.000000000000000000e+00,0.000000000000000000e+00,0.000000000000000000e+00,-1.345614236351407589e-01,-0.000000000000000000e+00,-1.527149528483375505e-02,-0.000000000000000000e+00,-0.000000000000000000e+00,-0.000000000000000000e+00,0.000000000000000000e+00,-0.000000000000000000e+00,1.942672082092722699e-02,-0.000000000000000000e+00,-0.000000000000000000e+00,2.046424534527918837e+00,-8.663741003456838785e-02,-0.000000000000000000e+00,-0.000000000000000000e+00,-1.290802379190542359e-01,-3.635777553243516036e-01,0.000000000000000000e+00,0.000000000000000000e+00,-0.000000000000000000e+00,-0.000000000000000000e+00,-0.000000000000000000e+00,-2.984051921750031644e-01,0.000000000000000000e+00,-2.994843703384106326e-01,-0.000000000000000000e+00
-0.000000000000000000e+00,-0.000000000000000000e+00,-6.334227531479100781e-01,-0.000000000000000000e+00,-0.000000000000000000e+00,3.778667512853221833e-02,-0.000000000000000000e+00,0.000000000000000000e+00,-6.552966719630367587e-01,-0.000000000000000000e+00,0.000000000000000000e+00,4.467976817278064040e-03,-0.000000000000000000e+00,-4.165323043285569238e-01,-0.000000000000000000e+00,-0.000000000000000000e+00,-0.000000000000000000e+00,-0.000000000000000000e+00,-0.000000000000000000e+00,-2.350985769158999705e-01,0.000000000000000000e+00,0.000000000000000000e+00,0.000000000000000000e+00,-0.000000000000000000e+00,-8.663741003456838785e-02,2.394338101300182320e+00,-3.912586796305520531e-01,-0.000000000000000000e+00,-1.086100646772285711e-01,-0.000000000000000000e+00,-0.000000000000000000e+00,-0.000000000000000000e+00,-3.527119864604905120e-02,-0.000000000000000000e+00,-2.289106815159193953e-01,-0.000000000000000000e+00,-0.000000000000000000e+00,-0.000000000000000000e+00,-0.000000000000000000e+00
0.000000000000000000e+00,-1.381065312325040553e-02,-2.425234361775453484e-01,0.000000000000000000e+00,-0.000000000000000000e+00,0.000000000000000000e+00,-0.000000000000000000e+00,0.000000000000000000e+00,-0.000000000000000000e+00,-0.000000000000000000e+00,-0.000000000000000000e+00,-0.000000000000000000e+00,-2.490475534114232614e-01,-0.000000000000000000e+00,0.000000000000000000e+00,0.000000000000000000e+00,-6.313309584323333334e-01,1.690529563817325109e-01,-0.000000000000000000e+00,-0.000000000000000000e+00,0.000000000000000000e+00,0.000000000000000000e+00,-0.000000000000000000e+00,-2.988540247692107465e-01,-0.000000000000000000e+00,-3.912586796305520531e-01,2.309729515219404838e+00,0.000000000000000000e+00,0.000000000000000000e+00,-0.000000000000000000e+00,-5.315321906281954556e-01,-2.406909328316459429e-01,-0.000000000000000000e+00,0.000000000000000000e+00,-6.214469419599796124e-02,-0.000000000000000000e+00,-0.000000000000000000e+00,0.000000000000000000e+00,-0.000000000000000000e+00
-1.744568722576143316e-01,0.000000000000000000e+00,-3.857173300012768646e-02,-0.000000000000000000e+00,-0.000000000000000000e+00,0.000000000000000000e+00,0.000000000000000000e+00,3.596267632384131385e-01,-0.000000000000000000e+00,-0.000000000000000000e+00,2.745026561512477481e-01,1.418119476354121333e-01,0.000000000000000000e+00,-0.000000000000000000e+00,-5.477942173285618166e-01,-7.682363613900915211e-02,0.000000000000000000e+00,-4.790095417980859693e-01,-0.000000000000000000e+00,-0.000000000000000000e+00,-3.350947692489714136e-01,-0.000000000000000000e+00,0.000000000000000000e+00,-0.000000000000000000e+00,-0.000000000000000000e+00,-0.000000000000000000e+00,0.000000000000000000e+00,2.778076791138328616e+00,-0.000000000000000000e+00,-0.000000000000000000e+00,0.000000000000000000e+00,0.000000000000000000e+00,-4.682425277563266874e-01,-0.000000000000000000e+00,0.000000000000000000e+00,0.000000000000000000e+00,-0.000000000000000000e+00,-3.142984220915913118e-01,0.000000000000000000e+00
-5.980046813280023160e-02,-0.000000000000000000e+00,-0.000000000000000000e+00,-0.000000000000000000e+00,-0.000000000000000000e+00,-0.000000000000000000e+00,0.000000000000000000e+00,-0.000000000000000000e+00,-0.000000000000000000e+00,-0.000000000000000000e+00,0.000000000000000000e+00,0.000000000000000000e+00,0.000000000000000000e+00,-2.281858314789830811e-01,-0.000000000000000000e+00,-0.000000000000000000e+00,0.000000000000000000e+00,-1.584954747910677364e-01,-0.000000000000000000e+00,-0.000000000000000000e+00,-0.000000000000000000e+00,0.000000000000000000e+00,-0.000000000000000000e+00,-9.923158788317180956e-02,-1.290802379190542359e-01,-1.086100646772285711e-01,0.000000000000000000e+00,-0.000000000000000000e+00,1.554158021667209066e+00,-0.000000000000000000e+00,-0.000000000000000000e+00,-0.000000000000000000e+00,-1.509110267825556906e-01,-0.000000000000000000e+00,-3.470457227319228566e-01,-0.000000000000000000e+00,-2.074328364257818635e-01,-1.650192519022151139e-01,-0.000000000000000000e+00
-3.185159992456894074e-01,-1.460687474343295988e-01,-0.000000000000000000e+00,0.000000000000000000e+00,-3.975766036479767146e-02,0.000000000000000000e+00,-0.000000000000000000e+00,0.000000000000000000e+00,-2.071394874159640798e-01,-5.479268888612088828e-01,0.000000000000000000e+00,-0.000000000000000000e+00,0.000000000000000000e+00,-2.980977995928669189e-01,-0.000000000000000000e+00,-1.419380857584169875e-01,-0.000000000000000000e+00,-0.000000000000000000e+00,-0.000000000000000000e+00,0.000000000000000000e+00,0.000000000000000000e+00,0.000000000000000000e+00,-7.884359680777096313e-02,-0.000000000000000000e+00,-3.635777553243516036e-01,-0.000000000000000000e+00,-0.000000000000000000e+00,-0.000000000000000000e+00,-0.000000000000000000e+00,2.475017433892094498e+00,0.000000000000000000e+00,-0.000000000000000000e+00,-0.000000000000000000e+00,-0.000000000000000000e+00,-0.000000000000000000e+00,-2.493248380033649680e-01,-0.000000000000000000e+00,-9.728763847807540832e-02,-5.900646969296064609e-02
0.000000000000000000e+00,-0.000000000000000000e+00,-4.115535726526878268e-02,-0.000000000000000000e+00,0.000000000000000000e+00,-9.138024195068020564e-03,-0.000000000000000000e+00,0.000000000000000000e+00,0.000000000000000000e+00,-0.000000000000000000e+00,-0.000000000000000000e+00,-0.000000000000000000e+00,-0.000000000000000000e+00,-0.000000000000000000e+00,1.251283190076958318e-01,0.000000000000000000e+00,-1.065417029514392350e-01,0.000000000000000000e+00,0.000000000000000000e+00,-0.000000000000000000e+00,0.000000000000000000e+00,-0.000000000000000000e+00,-0.000000000000000000e+00,-0.000000000000000000e+00,0.000000000000000000e+00,-0.000000000000000000e+00,-5.315321906281954556e-01,0.000000000000000000e+00,-0.000000000000000000e+00,0.000000000000000000e+00,1.967533457491733140e+00,-5.348578699902071243e-01,-0.000000000000000000e+00,3.293193348533295789e-02,-2.935105896986081597e-01,0.000000000000000000e+00,-2.620086585665176368e-02,3.198055387180818721e-01,-0.000000000000000000e+00
0.000000000000000000e+00,-1.165131716447876109e-01,-0.000000000000000000e+00,-0.000000000000000000e+00,0.000000000000000000e+00,-2.520467052454356538e-01,-0.000000000000000000e+00,0.000000000000000000e+00,-0.000000000000000000e+00,-0.000000000000000000e+00,-4.854051553590606471e-01,-0.000000000000000000e+00,-9.980901258430983913e-02,-0.000000000000000000e+00,6.843042629152408518e-02,0.000000000000000000e+00,-4.084656131604897378e-01,0.000000000000000000e+00,0.000000000000000000e+00,-0.000000000000000000e+00,0.000000000000000000e+00,-0.000000000000000000e+00,-3.153453720128400750e-01,-4.840745514365252244e-02,0.000000000000000000e+00,-0.000000000000000000e+00,-2.406909328316459429e-01,0.000000000000000000e+00,-0.000000000000000000e+00,-0.000000000000000000e+00,-5.348578699902071243e-01,2.381165534670951711e+00,-0.000000000000000000e+00,0.000000000000000000e+00,-7.039089685342288238e-02,0.000000000000000000e+00,-4.155628316125485888e-01,0.000000000000000000e+00,-0.000000000000000000e+00
-0.000000000000000000e+00,-0.000000000000000000e+00,-6.374227275134558557e-01,-2.422547205812555227e-01,0.000000000000000000e+00,-0.000000000000000000e+00,-0.000000000000000000e+00,0.000000000000000000e+00,-0.000000000000000000e+00,-0.000000000000000000e+00,0.000000000000000000e+00,0.000000000000000000e+00,-0.000000000000000000e+00,-0.000000000000000000e+00,-0.000000000000000000e+00,-0.000000000000000000e+00,-0.000000000000000000e+00,-0.000000000000000000e+00,-0.000000000000000000e+00,-4.040891312944253078e-01,-3.660964670760006312e-01,-1.509917297120733359e-01,0.000000000000000000e+00,-0.000000000000000000e+00,-0.000000000000000000e+00,-3.527119864604905120e-02,-0.000000000000000000e+00,-4.682425277563266874e-01,-1.509110267825556906e-01,-0.000000000000000000e+00,-0.000000000000000000e+00,-0.000000000000000000e+00,2.389419424258162117e+00,0.000000000000000000e+00,-0.000000000000000000e+00,0.000000000000000000e+00,-5.425878363967828744e-01,-0.000000000000000000e+00,0.000000000000000000e+00
-1.761857345598680583e-02,-0.000000000000000000e+00,-0.000000000000000000e+00,0.000000000000000000e+00,-4.563734654567246363e-01,0.000000000000000000e+00,0.000000000000000000e+00,2.978594394201912743e-01,-0.000000000000000000e+00,-1.411256653460123689e-01,0.000000000000000000e+00,-0.000000000000000000e+00,0.000000000000000000e+00,-0.000000000000000000e+00,-5.543891785903616309e-01,-3.366308219668470714e-01,1.231216834027516749e-01,-0.000000000000000000e+00,-3.148868295035646137e-01,1.279672780652707231e-01,-0.000000000000000000e+00,-0.000000000000000000e+00,-0.000000000000000000e+00,-0.000000000000000000e+00,-0.000000000000000000e+00,-0.000000000000000000e+00,0.000000000000000000e+00,-0.000000000000000000e+00,-0.000000000000000000e+00,-0.000000000000000000e+00,3.293193348533295789e-02,0.000000000000000000e+00,0.000000000000000000e+00,2.397224507112921899e+00,1.224222833078561778e-01,-2.906340027227044542e-01,2.730196099118746556e-02,-0.000000000000000000e+00,-0.000000000000000000e+00
0.000000000000000000e+00,0.000000000000000000e+00,-0.000000000000000000e+00,-0.000000000000000000e+00,0.000000000000000000e+00,-0.000000000000000000e+00,-2.082555284988779898e-01,-6.986105007004843326e-02,-0.000000000000000000e+00,0.000000000000000000e+00,-0.000000000000000000e+00,0.000000000000000000e+00,-1.819155267306755142e-01,-0.000000000000000000e+00,8.645911578093755379e-02,2.279319964007052723e-01,-0.000000000000000000e+00,0.000000000000000000e+00,0.000000000000000000e+00,-1.670091008284939893e-01,0.000000000000000000e+00,0.000000000000000000e+00,-0.000000000000000000e+00,-2.079221774224880234e-02,-0.000000000000000000e+00,-2.289106815159193953e-01,-6.214469419599796124e-02,0.000000000000000000e+00,-3.470457227319228566e-01,-0.000000000000000000e+00,-2.935105896986081597e-01,-7.039089685342288238e-02,-0.000000000000000000e+00,1.224222833078561778e-01,1.632969067296995425e+00,0.000000000000000000e+00,-0.000000000000000000e+00,0.000000000000000000e+00,0.000000000000000000e+00
-0.000000000000000000e+00,-4.108271632467098977e-02,-0.000000000000000000e+00,0.000000000000000000e+00,-2.203594883612579672e-02,5.311955198724711835e-02,0.000000000000000000e+00,0.000000000000000000e+00,-4.176799062740317869e-01,-4.702434012947191988e-01,-0.000000000000000000e+00,-0.000000000000000000e+00,0.000000000000000000e+00,-6.526261465283879348e-02,-0.000000000000000000e+00,-0.000000000000000000e+00,-0.000000000000000000e+00,0.000000000000000000e+00,-0.000000000000000000e+00,0.000000000000000000e+00,0.000000000000000000e+00,0.000000000000000000e+00,-2.074196179530275463e-01,-0.000000000000000000e+00,-2.984051921750031644e-01,-0.000000000000000000e+00,-0.000000000000000000e+00,0.000000000000000000e+00,-0.000000000000000000e+00,-2.493248380033649680e-01,0.000000000000000000e+00,0.000000000000000000e+00,0.000000000000000000e+00,-2.906340027227044542e-01,0.000000000000000000e+00,2.276051311152284207e+00,0.000000000000000000e+00,-0.000000000000000000e+00,-2.748215694241779583e-01
-0.000000000000000000e+00,-0.000000000000000000e+00,-0.000000000000000000e+00,-1.085561197200212019e-01,0.000000000000000000e+00,-3.906016110603150460e-01,-0.000000000000000000e+00,0.000000000000000000e+00,0.000000000000000000e+00,0.000000000000000000e+00,0.000000000000000000e+00,0.000000000000000000e+00,-0.000000000000000000e+00,-0.000000000000000000e+00,-0.000000000000000000e+00,0.000000000000000000e+00,-4.735460521991883415e-02,-0.000000000000000000e+00,-0.000000000000000000e+00,-0.000000000000000000e+00,-0.000000000000000000e+00,-1.444544061207159169e-01,-0.000000000000000000e+00,-1.537542898112357476e-02,0.000000000000000000e+00,-0.000000000000000000e+00,-0.000000000000000000e+00,-0.000000000000000000e+00,-2.074328364257818635e-01,-0.000000000000000000e+00,-2.620086585665176368e-02,-4.155628316125485888e-01,-5.425878363967828744e-01,2.730196099118746556e-02,-0.000000000000000000e+00,0.000000000000000000e+00,1.748739869237083466e+00,-0.000000000000000000e+00,0.000000000000000000e+00
-7.322328391798866853e-01,-0.000000000000000000e+00,-0.000000000000000000e+00,0.000000000000000000e+00,-0.000000000000000000e+00,0.000000000000000000e+00,0.000000000000000000e+00,0.000000000000000000e+00,-0.000000000000000000e+00,-0.000000000000000000e+00,5.064694053811258194e-03,0.000000000000000000e+00,2.771060137442293847e-01,-0.000000000000000000e+00,-4.918786704038841107e-01,-4.153812231955774648e-01,0.000000000000000000e+00,-0.000000000000000000e+00,-0.000000000000000000e+00,0.000000000000000000e+00,-0.000000000000000000e+00,0.000000000000000000e+00,-0.000000000000000000e+00,-0.000000000000000000e+00,-2.994843703384106326e-01,-0.000000000000000000e+00,0.000000000000000000e+00,-3.142984220915913118e-01,-1.650192519022151139e-01,-9.728763847807540832e-02,3.198055387180818721e-01,0.000000000000000000e+00,-0.000000000000000000e+00,-0.000000000000000000e+00,0.000000000000000000e+00,-0.000000000000000000e+00,-0.000000000000000000e+00,2.794856920122906097e+00,-0.000000000000000000e+00
-0.000000000000000000e+00,-7.674579299598016657e-01,0.000000000000000000e+00,1.356579612468542251e-01,-0.000000000000000000e+00,0.000000000000000000e+00,0.000000000000000000e+00,0.000000000000000000e+00,-0.000000000000000000e+00,-9.374696457263330396e-02,-0.000000000000000000e+00,-2.709114907451136145e-01,0.000000000000000000e+00,-2.303506952704733116e-02,-0.000000000000000000e+00,-0.000000000000000000e+00,0.000000000000000000e+00,0.000000000000000000e+00,0.000000000000000000e+00,1.160479851216785901e-01,0.000000000000000000e+00,0.000000000000000000e+00,-1.200893866098638046e-02,-5.331852330318973682e-02,-0.000000000000000000e+00,-0.000000000000000000e+00,-0.000000000000000000e+00,0.000000000000000000e+00,-0.000000000000000000e+00,-5.900646969296064609e-02,-0.000000000000000000e+00,-0.000000000000000000e+00,0.000000000000000000e+00,-0.000000000000000000e+00,0.000000000000000000e+00,-2.748215694241779583e-01,0.000000000000000000e+00,-0.000000000000000000e+00,1.818955195597758534e+00
