1.705157861225700566e+00,-1.330229981965007080e-01,-0.000000000000000000e+00,0.000000000000000000e+00,-0.000000000000000000e+00,0.000000000000000000e+00,-0.000000000000000000e+00,0.000000000000000000e+00,-0.000000000000000000e+00,-2.721100894574137175e-01,-0.000000000000000000e+00,1.406257069357002842e-01,0.000000000000000000e+00,-0.000000000000000000e+00,0.000000000000000000e+00,-3.226833207596916386e-01,-0.000000000000000000e+00,-0.000000000000000000e+00,-0.000000000000000000e+00,0.000000000000000000e+00,-0.000000000000000000e+00,0.000000000000000000e+00,-2.254580799220818610e-01,-0.000000000000000000e+00,-3.205526834210568887e-02,-0.000000000000000000e+00,-0.000000000000000000e+00,-0.000000000000000000e+00,-9.045667434948238828e-02,-3.267224164878055892e-01,-0.000000000000000000e+00,-0.000000000000000000e+00,-0.000000000000000000e+00,-0.000000000000000000e+00,-0.000000000000000000e+00,-0.000000000000000000e+00,0.000000000000000000e+00,-6.907039105751877107e-03,-2.079197788918167866e-01
-1.330229981965007080e-01,2.405068517688998764e+00,0.000000000000000000e+00,-0.000000000000000000e+00,-0.000000000000000000e+00,-0.000000000000000000e+00,0.000000000000000000e+00,-0.000000000000000000e+00,-0.000000000000000000e+00,-0.000000000000000000e+00,-5.476299496768242125e-01,-0.000000000000000000e+00,9.673086222731240580e-02,-0.000000000000000000e+00,2.057309310963299498e-01,0.000000000000000000e+00,-0.000000000000000000e+00,-5.831739005962340017e-02,-1.403670661047919932e-01,1.652564813170193381e-01,7.432873988337911075e-02,0.000000000000000000e+00,-1.374531054822838820e-02,-0.000000000000000000e+00,-0.000000000000000000e+00,0.000000000000000000e+00,-5.390125515956306623e-01,6.428719854193006011e-02,-0.000000000000000000e+00,-0.000000000000000000e+00,-0.000000000000000000e+00,-0.000000000000000000e+00,-0.000000000000000000e+00,0.000000000000000000e+00,-8.004028086920604579e-02,-2.215778578661088405e-01,-2.828169439577710720e-01,0.000000000000000000e+00,-1.030416612147576766e-01
-0.000000000000000000e+00,0.000000000000000000e+00,2.948538965468164186e+00,0.000000000000000000e+00,-2.313877831604875257e-01,0.000000000000000000e+00,-0.000000000000000000e+00,1.377732826859976445e+00,-0.000000000000000000e+00,-0.000000000000000000e+00,0.000000000000000000e+00,0.000000000000000000e+00,0.000000000000000000e+00,-0.000000000000000000e+00,-0.000000000000000000e+00,-2.154918924667027086e-02,0.000000000000000000e+00,-0.000000000000000000e+00,-0.000000000000000000e+00,-0.000000000000000000e+00,-6.181063763235531416e-01,-4.300777617960374610e-02,-0.000000000000000000e+00,-1.918188155682935435e-03,-0.000000000000000000e+00,-1.130027655554529005e-02,-0.000000000000000000e+00,-4.093671991876197680e-01,-0.000000000000000000e+00,-0.000000000000000000e+00,-0.000000000000000000e+00,0.000000000000000000e+00,-1.583671492323715513e-01,-1.490447320349572169e-01,-0.000000000000000000e+00,-0.000000000000000000e+00,0.000000000000000000e+00,-0.000000000000000000e+00,-0.000000000000000000e+00
0.000000000000000000e+00,-0.000000000000000000e+00,0.000000000000000000e+00,1.809193740055544231e+00,-0.000000000000000000e+00,0.000000000000000000e+00,0.000000000000000000e+00,0.000000000000000000e+00,-0.000000000000000000e+00,-0.000000000000000000e+00,-0.000000000000000000e+00,-3.066944769358450062e-01,0.000000000000000000e+00,-0.000000000000000000e+00,0.000000000000000000e+00,0.000000000000000000e+00,-0.000000000000000000e+00,-8.767953174242337777e-01,-3.111215973827515247e-01,1.590291616963717125e-01,1.528509488963882279e-01,0.000000000000000000e+00,-0.000000000000000000e+00,-0.000000000000000000e+00,-0.000000000000000000e+00,3.714040912586705472e-03,-0.000000000000000000e+00,7.598637046162919073e-02,0.000000000000000000e+00,-0.000000000000000000e+00,0.000000000000000000e+00,0.000000000000000000e+00,0.000000000000000000e+00,0.000000000000000000e+00,-0.000000000000000000e+00,-0.000000000000000000e+00,-0.000000000000000000e+00,0.000000000000000000e+00,-0.000000000000000000e+00
-0.000000000000000000e+00,-0.000000000000000000e+00,-2.313877831604875257e-01,-0.000000000000000000e+00,2.135770133942890947e+00,0.000000000000000000e+00,-0.000000000000000000e+00,6.395064607842935178e-01,-3.981710658185431684e-01,-1.593777705376002995e-01,0.000000000000000000e+00,-0.000000000000000000e+00,0.000000000000000000e+00,-2.380424821214625064e-01,-0.000000000000000000e+00,-1.533454856994441728e-01,-0.000000000000000000e+00,-3.204840301943988612e-01,-0.000000000000000000e+00,0.000000000000000000e+00,-0.000000000000000000e+00,0.000000000000000000e+00,-0.000000000000000000e+00,-0.000000000000000000e+00,-0.000000000000000000e+00,-0.000000000000000000e+00,-0.000000000000000000e+00,-0.000000000000000000e+00,-0.000000000000000000e+00,-4.214881730869368681e-02,-0.000000000000000000e+00,0.000000000000000000e+00,-0.000000000000000000e+00,-4.417124431947321017e-02,-0.000000000000000000e+00,-0.000000000000000000e+00,0.000000000000000000e+00,-0.000000000000000000e+00,-0.000000000000000000e+00
0.000000000000000000e+00,-0.000000000000000000e+00,0.000000000000000000e+00,0.000000000000000000e+00,0.000000000000000000e+00,2.381843961664731779e+00,-0.000000000000000000e+00,-0.000000000000000000e+00,0.000000000000000000e+00,0.000000000000000000e+00,-3.297026966539532977e-01,0.000000000000000000e+00,0.000000000000000000e+00,-0.000000000000000000e+00,2.545334464801320973e-01,5.226183478562049928e-02,-8.909966490066142941e-02,0.000000000000000000e+00,0.000000000000000000e+00,0.000000000000000000e+00,1.357203315108053143e-01,0.000000000000000000e+00,-0.000000000000000000e+00,-0.000000000000000000e+00,8.591382060923991038e-02,0.000000000000000000e+00,-0.000000000000000000e+00,0.000000000000000000e+00,-0.000000000000000000e+00,0.000000000000000000e+00,-0.000000000000000000e+00,-5.314288912698345024e-01,-0.000000000000000000e+00,2.290471328491925918e-01,-1.830296962681159656e-01,-8.865962801987392616e-02,-5.258324201505790718e-01,0.000000000000000000e+00,-0.000000000000000000e+00
-0.000000000000000000e+00,0.000000000000000000e+00,-0.000000000000000000e+00,0.000000000000000000e+00,-0.000000000000000000e+00,-0.000000000000000000e+00,1.061156014640112444e+00,1.211315663891825295e-01,-0.000000000000000000e+00,0.000000000000000000e+00,0.000000000000000000e+00,-0.000000000000000000e+00,-0.000000000000000000e+00,-0.000000000000000000e+00,-0.000000000000000000e+00,-0.000000000000000000e+00,0.000000000000000000e+00,0.000000000000000000e+00,-0.000000000000000000e+00,-7.747053499891882501e-03,-0.000000000000000000e+00,-6.491585475669439664e-02,-0.000000000000000000e+00,-1.788578924337468068e-01,0.000000000000000000e+00,-0.000000000000000000e+00,-0.000000000000000000e+00,-0.000000000000000000e+00,-0.000000000000000000e+00,-0.000000000000000000e+00,-0.000000000000000000e+00,-4.807272158902033826e-02,-1.400446407260797811e-02,-0.000000000000000000e+00,-0.000000000000000000e+00,0.000000000000000000e+00,0.000000000000000000e+00,-0.000000000000000000e+00,-0.000000000000000000e+00
0.000000000000000000e+00,-0.000000000000000000e+00,1.377732826859976445e+00,0.000000000000000000e+00,6.395064607842935178e-01,-0.000000000000000000e+00,1.211315663891825295e-01,2.712865071269523032e+00,1.642272012854386065e-01,0.000000000000000000e+00,-0.000000000000000000e+00,0.000000000000000000e+00,-0.000000000000000000e+00,0.000000000000000000e+00,0.000000000000000000e+00,0.000000000000000000e+00,-0.000000000000000000e+00,0.000000000000000000e+00,0.000000000000000000e+00,0.000000000000000000e+00,5.421980892337188718e-02,0.000000000000000000e+00,0.000000000000000000e+00,0.000000000000000000e+00,0.000000000000000000e+00,0.000000000000000000e+00,0.000000000000000000e+00,0.000000000000000000e+00,0.000000000000000000e+00,0.000000000000000000e+00,0.000000000000000000e+00,-0.000000000000000000e+00,2.424481956843279329e-01,1.512960129492730565e-01,0.000000000000000000e+00,0.000000000000000000e+00,-0.000000000000000000e+00,0.000000000000000000e+00,0.000000000000000000e+00
-0.000000000000000000e+00,-0.000000000000000000e+00,-0.000000000000000000e+00,-0.000000000000000000e+00,-3.981710658185431684e-01,0.000000000000000000e+00,-0.000000000000000000e+00,1.642272012854386065e-01,2.629433135613756356e+00,-0.000000000000000000e+00,0.000000000000000000e+00,-0.000000000000000000e+00,0.000000000000000000e+00,-0.000000000000000000e+00,-0.000000000000000000e+00,-1.231629939173687072e-01,0.000000000000000000e+00,-3.371599600450578271e-01,-1.400516141826697869e-01,-0.000000000000000000e+00,-0.000000000000000000e+00,0.000000000000000000e+00,-0.000000000000000000e+00,-0.000000000000000000e+00,-5.250640712002220267e-01,-0.000000000000000000e+00,0.000000000000000000e+00,-0.000000000000000000e+00,-0.000000000000000000e+00,-1.585877307171285888e-01,-0.000000000000000000e+00,0.000000000000000000e+00,-2.213285396284258438e-02,-4.891787496616937236e-01,-0.000000000000000000e+00,0.000000000000000000e+00,0.000000000000000000e+00,-5.171477530071189044e-01,-3.155505594092911092e-01
-2.721100894574137175e-01,-0.000000000000000000e+00,-0.000000000000000000e+00,-0.000000000000000000e+00,-1.593777705376002995e-01,0.000000000000000000e+00,0.000000000000000000e+00,0.000000000000000000e+00,-0.000000000000000000e+00,2.235253401595675093e+00,-0.000000000000000000e+00,1.622852859663831415e-01,1.580628155744122909e-01,-0.000000000000000000e+00,0.000000000000000000e+00,-6.111707389200413676e-01,-0.000000000000000000e+00,-0.000000000000000000e+00,-0.000000000000000000e+00,0.000000000000000000e+00,-0.000000000000000000e+00,0.000000000000000000e+00,-6.140442518713840753e-02,-0.000000000000000000e+00,-3.463687523013438962e-01,-0.000000000000000000e+00,-0.000000000000000000e+00,-0.000000000000000000e+00,-0.000000000000000000e+00,-6.595600747174760192e-01,-0.000000000000000000e+00,1.123577822765861600e-01,0.000000000000000000e+00,-0.000000000000000000e+00,0.000000000000000000e+00,-0.000000000000000000e+00,0.000000000000000000e+00,-0.000000000000000000e+00,-0.000000000000000000e+00
-0.000000000000000000e+00,-5.476299496768242125e-01,0.000000000000000000e+00,-0.000000000000000000e+00,0.000000000000000000e+00,-3.297026966539532977e-01,0.000000000000000000e+00,-0.000000000000000000e+00,0.000000000000000000e+00,-0.000000000000000000e+00,2.815679926690954016e+00,0.000000000000000000e+00,2.934510503422016470e-01,-0.000000000000000000e+00,4.810349935697982304e-01,0.000000000000000000e+00,-3.621591494088707286e-01,-0.000000000000000000e+00,-0.000000000000000000e+00,2.235424295650565718e-01,0.000000000000000000e+00,0.000000000000000000e+00,-0.000000000000000000e+00,-0.000000000000000000e+00,0.000000000000000000e+00,5.272187360305272824e-02,-2.890472760762471949e-01,0.000000000000000000e+00,-0.000000000000000000e+00,-0.000000000000000000e+00,-5.371865804206533805e-03,-0.000000000000000000e+00,0.000000000000000000e+00,1.440012488401439805e-01,-0.000000000000000000e+00,-0.000000000000000000e+00,-3.316777902644202358e-01,0.000000000000000000e+00,-0.000000000000000000e+00
1.406257069357002842e-01,-0.000000000000000000e+00,0.000000000000000000e+00,-3.066944769358450062e-01,-0.000000000000000000e+00,0.000000000000000000e+00,-0.000000000000000000e+00,0.000000000000000000e+00,-0.000000000000000000e+00,1.622852859663831415e-01,0.000000000000000000e+00,1.150344941315513569e+00,-1.268627103781783116e-01,-0.000000000000000000e+00,-0.000000000000000000e+00,1.883998025666211787e-02,2.970153045047407500e-02,-0.000000000000000000e+00,-8.510844871019870861e-02,-0.000000000000000000e+00,0.000000000000000000e+00,-1.332654462773912550e-02,0.000000000000000000e+00,-0.000000000000000000e+00,-0.000000000000000000e+00,0.000000000000000000e+00,0.000000000000000000e+00,0.000000000000000000e+00,0.000000000000000000e+00,0.000000000000000000e+00,0.000000000000000000e+00,-0.000000000000000000e+00,-0.000000000000000000e+00,-9.037993800525100443e-03,-0.000000000000000000e+00,0.000000000000000000e+00,-0.000000000000000000e+00,0.000000000000000000e+00,-0.000000000000000000e+00
0.000000000000000000e+00,9.673086222731240580e-02,0.000000000000000000e+00,0.000000000000000000e+00,0.000000000000000000e+00,0.000000000000000000e+00,-0.000000000000000000e+00,-0.000000000000000000e+00,0.000000000000000000e+00,1.580628155744122909e-01,2.934510503422016470e-01,-1.268627103781783116e-01,1.853227172367237774e+00,0.000000000000000000e+00,-2.020643788984326228e-01,0.000000000000000000e+00,4.154340499126009389e-02,0.000000000000000000e+00,0.000000000000000000e+00,-3.107316479205666782e-01,-0.000000000000000000e+00,-0.000000000000000000e+00,0.000000000000000000e+00,0.000000000000000000e+00,0.000000000000000000e+00,-0.000000000000000000e+00,0.000000000000000000e+00,-0.000000000000000000e+00,-0.000000000000000000e+00,0.000000000000000000e+00,5.306815341747601611e-01,-0.000000000000000000e+00,-0.000000000000000000e+00,-0.000000000000000000e+00,0.000000000000000000e+00,1.512034746114559181e-01,0.000000000000000000e+00,-0.000000000000000000e+00,0.000000000000000000e+00
-0.000000000000000000e+00,-0.000000000000000000e+00,-0.000000000000000000e+00,-0.000000000000000000e+00,-2.380424821214625064e-01,-0.000000000000000000e+00,-0.000000000000000000e+00,0.000000000000000000e+00,-0.000000000000000000e+00,-0.000000000000000000e+00,-0.000000000000000000e+00,-0.000000000000000000e+00,0.000000000000000000e+00,1.543158782471178991e+00,0.000000000000000000e+00,-0.000000000000000000e+00,-0.000000000000000000e+00,-3.812362335179616396e-02,-1.954472394589933659e-01,0.000000000000000000e+00,-0.000000000000000000e+00,0.000000000000000000e+00,-0.000000000000000000e+00,-3.356090320554596107e-01,-0.000000000000000000e+00,-0.000000000000000000e+00,-0.000000000000000000e+00,-0.000000000000000000e+00,-2.115256138483465331e-01,-1.902129275557881694e-01,-0.000000000000000000e+00,-0.000000000000000000e+00,-0.000000000000000000e+00,-0.000000000000000000e+00,-2.296892009142286473e-01,-0.000000000000000000e+00,-0.000000000000000000e+00,-0.000000000000000000e+00,-1.340583443206719017e-01
0.000000000000000000e+00,2.057309310963299498e-01,-0.000000000000000000e+00,0.000000000000000000e+00,-0.000000000000000000e+00,2.545334464801320973e-01,-0.000000000000000000e+00,0.000000000000000000e+00,-0.000000000000000000e+00,0.000000000000000000e+00,4.810349935697982304e-01,-0.000000000000000000e+00,-2.020643788984326228e-01,0.000000000000000000e+00,3.055827616209005004e+00,-0.000000000000000000e+00,0.000000000000000000e+00,-0.000000000000000000e+00,-0.000000000000000000e+00,-1.991334156635007069e-01,-0.000000000000000000e+00,-0.000000000000000000e+00,0.000000000000000000e+00,0.000000000000000000e+00,-0.000000000000000000e+00,-2.530660578938476735e-01,8.119411511797052644e-03,-1.121144338532666512e-01,-0.000000000000000000e+00,0.000000000000000000e+00,2.733507747314282976e-02,0.000000000000000000e+00,-0.000000000000000000e+00,-6.971193119245118197e-01,0.000000000000000000e+00,3.916542772314926535e-01,2.112822057214838734e-01,-3.277431505709891280e-01,-0.000000000000000000e+00
-3.226833207596916386e-01,0.000000000000000000e+00,-2.154918924667027086e-02,0.000000000000000000e+00,-1.533454856994441728e-01,5.226183478562049928e-02,-0.000000000000000000e+00,0.000000000000000000e+00,-1.231629939173687072e-01,-6.111707389200413676e-01,0.000000000000000000e+00,1.883998025666211787e-02,0.000000000000000000e+00,-0.000000000000000000e+00,-0.000000000000000000e+00,1.968882485144292538e+00,-0.000000000000000000e+00,-0.000000000000000000e+00,-0.000000000000000000e+00,-0.000000000000000000e+00,-4.144176740020856509e-02,0.000000000000000000e+00,-1.964748665764798341e-01,-0.000000000000000000e+00,-0.000000000000000000e+00,-0.000000000000000000e+00,0.000000000000000000e+00,-0.000000000000000000e+00,0.000000000000000000e+00,-2.562896115545819087e-01,-0.000000000000000000e+00,0.000000000000000000e+00,0.000000000000000000e+00,-0.000000000000000000e+00,0.000000000000000000e+00,-0.000000000000000000e+00,2.436527994670208142e-02,-1.641528964001900126e-01,-0.000000000000000000e+00
-0.000000000000000000e+00,-0.000000000000000000e+00,0.000000000000000000e+00,-0.000000000000000000e+00,-0.000000000000000000e+00,-8.909966490066142941e-02,0.000000000000000000e+00,-0.000000000000000000e+00,0.000000000000000000e+00,-0.000000000000000000e+00,-3.621591494088707286e-01,2.970153045047407500e-02,4.154340499126009389e-02,-0.000000000000000000e+00,0.000000000000000000e+00,-0.000000000000000000e+00,1.267262998037363309e+00,0.000000000000000000e+00,-0.000000000000000000e+00,0.000000000000000000e+00,0.000000000000000000e+00,2.176896635720712014e-01,-0.000000000000000000e+00,-1.288863161353886178e-01,-0.000000000000000000e+00,0.000000000000000000e+00,-0.000000000000000000e+00,0.000000000000000000e+00,-0.000000000000000000e+00,-0.000000000000000000e+00,-0.000000000000000000e+00,-0.000000000000000000e+00,0.000000000000000000e+00,0.000000000000000000e+00,-0.000000000000000000e+00,-0.000000000000000000e+00,-0.000000000000000000e+00,0.000000000000000000e+00,-0.000000000000000000e+00
-0.000000000000000000e+00,-5.831739005962340017e-02,-0.000000000000000000e+00,-8.767953174242337777e-01,-3.204840301943988612e-01,0.000000000000000000e+00,0.000000000000000000e+00,0.000000000000000000e+00,-3.371599600450578271e-01,-0.000000000000000000e+00,-0.000000000000000000e+00,-0.000000000000000000e+00,0.000000000000000000e+00,-3.812362335179616396e-02,-0.000000000000000000e+00,-0.000000000000000000e+00,0.000000000000000000e+00,2.280196219088335585e+00,-5.831095477960240858e-01,2.656558503999848983e-02,0.000000000000000000e+00,0.000000000000000000e+00,-0.000000000000000000e+00,-0.000000000000000000e+00,-0.000000000000000000e+00,0.000000000000000000e+00,-0.000000000000000000e+00,0.000000000000000000e+00,0.000000000000000000e+00,-2.525783020887182873e-01,0.000000000000000000e+00,0.000000000000000000e+00,-0.000000000000000000e+00,-0.000000000000000000e+00,-0.000000000000000000e+00,-0.000000000000000000e+00,-0.000000000000000000e+00,-0.000000000000000000e+00,-0.000000000000000000e+00
-0.000000000000000000e+00,-1.403670661047919932e-01,-0.000000000000000000e+00,-3.111215973827515247e-01,-0.000000000000000000e+00,0.000000000000000000e+00,-0.000000000000000000e+00,0.000000000000000000e+00,-1.400516141826697869e-01,-0.000000000000000000e+00,-0.000000000000000000e+00,-8.510844871019870861e-02,0.000000000000000000e+00,-1.954472394589933659e-01,-0.000000000000000000e+00,-0.000000000000000000e+00,-0.000000000000000000e+00,-5.831095477960240858e-01,1.890842975122937197e+00,8.914941870790130335e-04,0.000000000000000000e+00,0.000000000000000000e+00,-6.374709084479451837e-02,-0.000000000000000000e+00,-2.803053429972151428e-02,0.000000000000000000e+00,-0.000000000000000000e+00,0.000000000000000000e+00,-0.000000000000000000e+00,-0.000000000000000000e+00,-0.000000000000000000e+00,0.000000000000000000e+00,-0.000000000000000000e+00,-0.000000000000000000e+00,-1.526704565504172825e-03,-0.000000000000000000e+00,-0.000000000000000000e+00,-0.000000000000000000e+00,-4.338960779565349535e-01
0.000000000000000000e+00,1.652564813170193381e-01,-0.000000000000000000e+00,1.590291616963717125e-01,0.000000000000000000e+00,0.000000000000000000e+00,-7.747053499891882501e-03,0.000000000000000000e+00,-0.000000000000000000e+00,0.000000000000000000e+00,2.235424295650565718e-01,-0.000000000000000000e+00,-3.107316479205666782e-01,0.000000000000000000e+00,-1.991334156635007069e-01,-0.000000000000000000e+00,0.000000000000000000e+00,2.656558503999848983e-02,8.914941870790130335e-04,2.633194813040727222e+00,-1.962841860888090428e-01,-5.202309906968930475e-01,0.000000000000000000e+00,-0.000000000000000000e+00,0.000000000000000000e+00,-2.465725357247777472e-01,0.000000000000000000e+00,-6.905026070779585190e-01,-0.000000000000000000e+00,0.000000000000000000e+00,0.000000000000000000e+00,0.000000000000000000e+00,-0.000000000000000000e+00,-1.032119877646344719e-01,0.000000000000000000e+00,1.658336052372669511e-01,0.000000000000000000e+00,-0.000000000000000000e+00,0.000000000000000000e+00
-0.000000000000000000e+00,7.432873988337911075e-02,-6.181063763235531416e-01,1.528509488963882279e-01,-0.000000000000000000e+00,1.357203315108053143e-01,-0.000000000000000000e+00,5.421980892337188718e-02,-0.000000000000000000e+00,-0.000000000000000000e+00,0.000000000000000000e+00,0.000000000000000000e+00,-0.000000000000000000e+00,-0.000000000000000000e+00,-0.000000000000000000e+00,-4.144176740020856509e-02,0.000000000000000000e+00,0.000000000000000000e+00,0.000000000000000000e+00,-1.962841860888090428e-01,2.909989818334020928e+00,-0.000000000000000000e+00,-0.000000000000000000e+00,-0.000000000000000000e+00,-0.000000000000000000e+00,-5.175941148718355977e-01,0.000000000000000000e+00,-9.787453291983232440e-01,-0.000000000000000000e+00,-0.000000000000000000e+00,-0.000000000000000000e+00,0.000000000000000000e+00,-0.000000000000000000e+00,-6.007864198059212346e-02,0.000000000000000000e+00,0.000000000000000000e+00,8.050918127530393154e-02,-1.652997260880452179e-01,0.000000000000000000e+00
0.000000000000000000e+00,0.000000000000000000e+00,-4.300777617960374610e-02,0.000000000000000000e+00,0.000000000000000000e+00,0.000000000000000000e+00,-6.491585475669439664e-02,0.000000000000000000e+00,0.000000000000000000e+00,0.000000000000000000e+00,0.000000000000000000e+00,-1.332654462773912550e-02,-0.000000000000000000e+00,0.000000000000000000e+00,-0.000000000000000000e+00,0.000000000000000000e+00,2.176896635720712014e-01,0.000000000000000000e+00,0.000000000000000000e+00,-5.202309906968930475e-01,-0.000000000000000000e+00,1.341665885936211611e+00,0.000000000000000000e+00,-0.000000000000000000e+00,0.000000000000000000e+00,-0.000000000000000000e+00,-0.000000000000000000e+00,-0.000000000000000000e+00,-0.000000000000000000e+00,0.000000000000000000e+00,-0.000000000000000000e+00,-1.800339619440942049e-02,-2.061215835447922917e-02,-5.285816626250881139e-02,-0.000000000000000000e+00,0.000000000000000000e+00,-0.000000000000000000e+00,0.000000000000000000e+00,-0.000000000000000000e+00
-2.254580799220818610e-01,-1.374531054822838820e-02,-0.000000000000000000e+00,-0.000000000000000000e+00,-0.000000000000000000e+00,-0.000000000000000000e+00,-0.000000000000000000e+00,0.000000000000000000e+00,-0.000000000000000000e+00,-6.140442518713840753e-02,-0.000000000000000000e+00,0.000000000000000000e+00,0.000000000000000000e+00,-0.000000000000000000e+00,0.000000000000000000e+00,-1.964748665764798341e-01,-0.000000000000000000e+00,-0.000000000000000000e+00,-6.374709084479451837e-02,0.000000000000000000e+00,-0.000000000000000000e+00,0.000000000000000000e+00,1.542916865494045497e+00,-2.669320095844961993e-01,-2.544464905722270132e-01,0.000000000000000000e+00,-0.000000000000000000e+00,0.000000000000000000e+00,-0.000000000000000000e+00,-5.079673492880545232e-02,-2.002113563974901311e-01,-0.000000000000000000e+00,-0.000000000000000000e+00,0.000000000000000000e+00,-1.175080608208399352e-01,-0.000000000000000000e+00,-0.000000000000000000e+00,-0.000000000000000000e+00,-1.469829077690733565e-01
-0.000000000000000000e+00,-0.000000000000000000e+00,-1.918188155682935435e-03,-0.000000000000000000e+00,-0.000000000000000000e+00,-0.000000000000000000e+00,-1.788578924337468068e-01,0.000000000000000000e+00,-0.000000000000000000e+00,-0.000000000000000000e+00,-0.000000000000000000e+00,-0.000000000000000000e+00,0.000000000000000000e+00,-3.356090320554596107e-01,0.000000000000000000e+00,-0.000000000000000000e+00,-1.288863161353886178e-01,-0.000000000000000000e+00,-0.000000000000000000e+00,-0.000000000000000000e+00,-0.000000000000000000e+00,-0.000000000000000000e+00,-2.669320095844961993e-01,1.341043718954444630e+00,-0.000000000000000000e+00,-0.000000000000000000e+00,-0.000000000000000000e+00,-0.000000000000000000e+00,-8.111899174000186674e-02,-0.000000000000000000e+00,-1.266130935638290315e-02,-4.344990174200828205e-03,-1.101059304182103321e-01,-0.000000000000000000e+00,-0.000000000000000000e+00,0.000000000000000000e+00,-0.000000000000000000e+00,-0.000000000000000000e+00,-7.997827974406518381e-02
-3.205526834210568887e-02,-0.000000000000000000e+00,-0.000000000000000000e+00,-0.000000000000000000e+00,-0.000000000000000000e+00,8.591382060923991038e-02,0.000000000000000000e+00,0.000000000000000000e+00,-5.250640712002220267e-01,-3.463687523013438962e-01,0.000000000000000000e+00,-0.000000000000000000e+00,0.000000000000000000e+00,-0.000000000000000000e+00,-0.000000000000000000e+00,-0.000000000000000000e+00,-0.000000000000000000e+00,-0.000000000000000000e+00,-2.803053429972151428e-02,0.000000000000000000e+00,-0.000000000000000000e+00,0.000000000000000000e+00,-2.544464905722270132e-01,-0.000000000000000000e+00,1.704620370696111831e+00,-0.000000000000000000e+00,0.000000000000000000e+00,-0.000000000000000000e+00,-0.000000000000000000e+00,-6.293860906105731845e-02,0.000000000000000000e+00,1.962914286908846173e-01,-0.000000000000000000e+00,-0.000000000000000000e+00,0.000000000000000000e+00,0.000000000000000000e+00,0.000000000000000000e+00,-9.810182608809173144e-02,-0.000000000000000000e+00
-0.000000000000000000e+00,0.000000000000000000e+00,-1.130027655554529005e-02,3.714040912586705472e-03,-0.000000000000000000e+00,0.000000000000000000e+00,-0.000000000000000000e+00,0.000000000000000000e+00,-0.000000000000000000e+00,-0.000000000000000000e+00,5.272187360305272824e-02,0.000000000000000000e+00,-0.000000000000000000e+00,-0.000000000000000000e+00,-2.530660578938476735e-01,-0.000000000000000000e+00,0.000000000000000000e+00,0.000000000000000000e+00,0.000000000000000000e+00,-2.465725357247777472e-01,-5.175941148718355977e-01,-0.000000000000000000e+00,0.000000000000000000e+00,-0.000000000000000000e+00,-0.000000000000000000e+00,2.703855964381000287e+00,0.000000000000000000e+00,-6.801260381870143368e-01,-2.583432174409752147e-01,-0.000000000000000000e+00,0.000000000000000000e+00,0.000000000000000000e+00,-1.088278976901664585e-01,-1.148897468591630749e-01,0.000000000000000000e+00,0.000000000000000000e+00,0.000000000000000000e+00,-6.169150261627913689e-01,-0.000000000000000000e+00
-0.000000000000000000e+00,-5.390125515956306623e-01,-0.000000000000000000e+00,-0.000000000000000000e+00,-0.000000000000000000e+00,-0.000000000000000000e+00,-0.000000000000000000e+00,0.000000000000000000e+00,0.000000000000000000e+00,-0.000000000000000000e+00,-2.890472760762471949e-01,0.000000000000000000e+00,0.000000000000000000e+00,-0.000000000000000000e+00,8.119411511797052644e-03,0.000000000000000000e+00,-0.000000000000000000e+00,-0.000000000000000000e+00,-0.000000000000000000e+00,0.000000000000000000e+00,0.000000000000000000e+00,-0.000000000000000000e+00,-0.000000000000000000e+00,-0.000000000000000000e+00,0.000000000000000000e+00,0.000000000000000000e+00,2.449896159875117441e+00,0.000000000000000000e+00,-0.000000000000000000e+00,-0.000000000000000000e+00,-5.897030554511935030e-01,-1.809185183507634742e-01,-0.000000000000000000e+00,0.000000000000000000e+00,-0.000000000000000000e+00,-0.000000000000000000e+00,-7.231813027842513009e-01,0.000000000000000000e+00,-1.083903739043633879e-01
-0.000000000000000000e+00,6.428719854193006011e-02,-4.093671991876197680e-01,7.598637046162919073e-02,-0.000000000000000000e+00,0.000000000000000000e+00,-0.000000000000000000e+00,0.000000000000000000e+00,-0.000000000000000000e+00,-0.000000000000000000e+00,0.000000000000000000e+00,0.000000000000000000e+00,-0.000000000000000000e+00,-0.000000000000000000e+00,-1.121144338532666512e-01,-0.000000000000000000e+00,0.000000000000000000e+00,0.000000000000000000e+00,0.000000000000000000e+00,-6.905026070779585190e-01,-9.787453291983232440e-01,-0.000000000000000000e+00,0.000000000000000000e+00,-0.000000000000000000e+00,-0.000000000000000000e+00,-6.801260381870143368e-01,0.000000000000000000e+00,3.168585968873034453e+00,-0.000000000000000000e+00,-0.000000000000000000e+00,0.000000000000000000e+00,0.000000000000000000e+00,-0.000000000000000000e+00,-2.444107341880378814e-01,0.000000000000000000e+00,0.000000000000000000e+00,0.000000000000000000e+00,-0.000000000000000000e+00,0.000000000000000000e+00
-9.045667434948238828e-02,-0.000000000000000000e+00,-0.000000000000000000e+00,0.000000000000000000e+00,-0.000000000000000000e+00,-0.000000000000000000e+00,-0.000000000000000000e+00,0.000000000000000000e+00,-0.000000000000000000e+00,-0.000000000000000000e+00,-0.000000000000000000e+00,0.000000000000000000e+00,-0.000000000000000000e+00,-2.115256138483465331e-01,-0.000000000000000000e+00,0.000000000000000000e+00,-0.000000000000000000e+00,0.000000000000000000e+00,-0.000000000000000000e+00,-0.000000000000000000e+00,-0.000000000000000000e+00,-0.000000000000000000e+00,-0.000000000000000000e+00,-8.111899174000186674e-02,-0.000000000000000000e+00,-2.583432174409752147e-01,-0.000000000000000000e+00,-0.000000000000000000e+00,1.237015722105547999e+00,-0.000000000000000000e+00,0.000000000000000000e+00,-1.911030731325513987e-01,-2.037174051653662388e-01,-0.000000000000000000e+00,-0.000000000000000000e+00,0.000000000000000000e+00,-0.000000000000000000e+00,-0.000000000000000000e+00,-0.000000000000000000e+00
-3.267224164878055892e-01,-0.000000000000000000e+00,-0.000000000000000000e+00,-0.000000000000000000e+00,-4.214881730869368681e-02,0.000000000000000000e+00,-0.000000000000000000e+00,0.000000000000000000e+00,-1.585877307171285888e-01,-6.595600747174760192e-01,-0.000000000000000000e+00,0.000000000000000000e+00,0.000000000000000000e+00,-1.902129275557881694e-01,0.000000000000000000e+00,-2.562896115545819087e-01,-0.000000000000000000e+00,-2.525783020887182873e-01,-0.000000000000000000e+00,0.000000000000000000e+00,-0.000000000000000000e+00,0.000000000000000000e+00,-5.079673492880545232e-02,-0.000000000000000000e+00,-6.293860906105731845e-02,-0.000000000000000000e+00,-0.000000000000000000e+00,-0.000000000000000000e+00,-0.000000000000000000e+00,2.020325519754678556e+00,-0.000000000000000000e+00,0.000000000000000000e+00,-0.000000000000000000e+00,-0.000000000000000000e+00,-0.000000000000000000e+00,-0.000000000000000000e+00,0.000000000000000000e+00,-0.000000000000000000e+00,-0.000000000000000000e+00
-0.000000000000000000e+00,-0.000000000000000000e+00,-0.000000000000000000e+00,0.000000000000000000e+00,-0.000000000000000000e+00,-0.000000000000000000e+00,-0.000000000000000000e+00,0.000000000000000000e+00,-0.000000000000000000e+00,-0.000000000000000000e+00,-5.371865804206533805e-03,0.000000000000000000e+00,5.306815341747601611e-01,-0.000000000000000000e+00,2.733507747314282976e-02,-0.000000000000000000e+00,-0.000000000000000000e+00,0.000000000000000000e+00,-0.000000000000000000e+00,0.000000000000000000e+00,-0.000000000000000000e+00,-0.000000000000000000e+00,-2.002113563974901311e-01,-1.266130935638290315e-02,0.000000000000000000e+00,0.000000000000000000e+00,-5.897030554511935030e-01,0.000000000000000000e+00,0.000000000000000000e+00,-0.000000000000000000e+00,1.920823232860163099e+00,-0.000000000000000000e+00,-7.587558256409443480e-02,0.000000000000000000e+00,-3.008062025340499379e-01,-1.915126249210616916e-01,-0.000000000000000000e+00,0.000000000000000000e+00,-1.541697808574713771e-03
-0.000000000000000000e+00,-0.000000000000000000e+00,0.000000000000000000e+00,0.000000000000000000e+00,0.000000000000000000e+00,-5.314288912698345024e-01,-4.807272158902033826e-02,-0.000000000000000000e+00,0.000000000000000000e+00,1.123577822765861600e-01,-0.000000000000000000e+00,-0.000000000000000000e+00,-0.000000000000000000e+00,-0.000000000000000000e+00,0.000000000000000000e+00,0.000000000000000000e+00,-0.000000000000000000e+00,0.000000000000000000e+00,0.000000000000000000e+00,0.000000000000000000e+00,0.000000000000000000e+00,-1.800339619440942049e-02,-0.000000000000000000e+00,-4.344990174200828205e-03,1.962914286908846173e-01,0.000000000000000000e+00,-1.809185183507634742e-01,0.000000000000000000e+00,-1.911030731325513987e-01,0.000000000000000000e+00,-0.000000000000000000e+00,1.876521191468491834e+00,-5.447485763019908195e-02,0.000000000000000000e+00,-1.008923255907818867e-01,-0.000000000000000000e+00,-5.702890697112669161e-01,0.000000000000000000e+00,-0.000000000000000000e+00
-0.000000000000000000e+00,-0.000000000000000000e+00,-1.583671492323715513e-01,0.000000000000000000e+00,-0.000000000000000000e+00,-0.000000000000000000e+00,-1.400446407260797811e-02,2.424481956843279329e-01,-2.213285396284258438e-02,0.000000000000000000e+00,0.000000000000000000e+00,-0.000000000000000000e+00,-0.000000000000000000e+00,-0.000000000000000000e+00,-0.000000000000000000e+00,0.000000000000000000e+00,0.000000000000000000e+00,-0.000000000000000000e+00,-0.000000000000000000e+00,-0.000000000000000000e+00,-0.000000000000000000e+00,-2.061215835447922917e-02,-0.000000000000000000e+00,-1.101059304182103321e-01,-0.000000000000000000e+00,-1.088278976901664585e-01,-0.000000000000000000e+00,-0.000000000000000000e+00,-2.037174051653662388e-01,-0.000000000000000000e+00,-7.587558256409443480e-02,-5.447485763019908195e-02,1.413657961148426789e+00,-1.070446998861429577e-01,-2.142136601684271890e-01,-0.000000000000000000e+00,-0.000000000000000000e+00,-0.000000000000000000e+00,-1.791607096909660912e-01
-0.000000000000000000e+00,0.000000000000000000e+00,-1.490447320349572169e-01,0.000000000000000000e+00,-4.417124431947321017e-02,2.290471328491925918e-01,-0.000000000000000000e+00,1.512960129492730565e-01,-4.891787496616937236e-01,-0.000000000000000000e+00,1.440012488401439805e-01,-9.037993800525100443e-03,-0.000000000000000000e+00,-0.000000000000000000e+00,-6.971193119245118197e-01,-0.000000000000000000e+00,0.000000000000000000e+00,-0.000000000000000000e+00,-0.000000000000000000e+00,-1.032119877646344719e-01,-6.007864198059212346e-02,-5.285816626250881139e-02,0.000000000000000000e+00,-0.000000000000000000e+00,-0.000000000000000000e+00,-1.148897468591630749e-01,0.000000000000000000e+00,-2.444107341880378814e-01,-0.000000000000000000e+00,-0.000000000000000000e+00,0.000000000000000000e+00,0.000000000000000000e+00,-1.070446998861429577e-01,2.540933728294144878e+00,0.000000000000000000e+00,0.000000000000000000e+00,0.000000000000000000e+00,-1.468632271213153317e-01,-0.000000000000000000e+00
-0.000000000000000000e+00,-8.004028086920604579e-02,-0.000000000000000000e+00,-0.000000000000000000e+00,-0.000000000000000000e+00,-1.830296962681159656e-01,-0.000000000000000000e+00,0.000000000000000000e+00,-0.000000000000000000e+00,0.000000000000000000e+00,-0.000000000000000000e+00,-0.000000000000000000e+00,0.000000000000000000e+00,-2.296892009142286473e-01,0.000000000000000000e+00,0.000000000000000000e+00,-0.000000000000000000e+00,-0.000000000000000000e+00,-1.526704565504172825e-03,0.000000000000000000e+00,0.000000000000000000e+00,-0.000000000000000000e+00,-1.175080608208399352e-01,-0.000000000000000000e+00,0.000000000000000000e+00,0.000000000000000000e+00,-0.000000000000000000e+00,0.000000000000000000e+00,-0.000000000000000000e+00,-0.000000000000000000e+00,-3.008062025340499379e-01,-1.008923255907818867e-01,-2.142136601684271890e-01,0.000000000000000000e+00,1.662786371969995125e+00,-2.413288576562474808e-01,-2.672410853280122733e-01,0.000000000000000000e+00,-8.519962404734734984e-02
-0.000000000000000000e+00,-2.215778578661088405e-01,-0.000000000000000000e+00,-0.000000000000000000e+00,-0.000000000000000000e+00,-8.865962801987392616e-02,0.000000000000000000e+00,0.000000000000000000e+00,0.000000000000000000e+00,-0.000000000000000000e+00,-0.000000000000000000e+00,0.000000000000000000e+00,1.512034746114559181e-01,-0.000000000000000000e+00,3.916542772314926535e-01,-0.000000000000000000e+00,-0.000000000000000000e+00,-0.000000000000000000e+00,-0.000000000000000000e+00,1.658336052372669511e-01,0.000000000000000000e+00,0.000000000000000000e+00,-0.000000000000000000e+00,0.000000000000000000e+00,0.000000000000000000e+00,0.000000000000000000e+00,-0.000000000000000000e+00,0.000000000000000000e+00,0.000000000000000000e+00,-0.000000000000000000e+00,-1.915126249210616916e-01,-0.000000000000000000e+00,-0.000000000000000000e+00,0.000000000000000000e+00,-2.413288576562474808e-01,1.694385831280779797e+00,-0.000000000000000000e+00,0.000000000000000000e+00,-0.000000000000000000e+00
0.000000000000000000e+00,-2.828169439577710720e-01,0.000000000000000000e+00,-0.000000000000000000e+00,0.000000000000000000e+00,-5.258324201505790718e-01,0.000000000000000000e+00,-0.000000000000000000e+00,0.000000000000000000e+00,0.000000000000000000e+00,-3.316777902644202358e-01,-0.000000000000000000e+00,0.000000000000000000e+00,-0.000000000000000000e+00,2.112822057214838734e-01,2.436527994670208142e-02,-0.000000000000000000e+00,-0.000000000000000000e+00,-0.000000000000000000e+00,0.000000000000000000e+00,8.050918127530393154e-02,-0.000000000000000000e+00,-0.000000000000000000e+00,-0.000000000000000000e+00,0.000000000000000000e+00,0.000000000000000000e+00,-7.231813027842513009e-01,0.000000000000000000e+00,-0.000000000000000000e+00,0.000000000000000000e+00,-0.000000000000000000e+00,-5.702890697112669161e-01,-0.000000000000000000e+00,0.000000000000000000e+00,-2.672410853280122733e-01,-0.000000000000000000e+00,3.006141553866587213e+00,2.761315930140148533e-01,-0.000000000000000000e+00
-6.907039105751877107e-03,0.000000000000000000e+00,-0.000000000000000000e+00,0.000000000000000000e+00,-0.000000000000000000e+00,0.000000000000000000e+00,-0.000000000000000000e+00,0.000000000000000000e+00,-5.171477530071189044e-01,-0.000000000000000000e+00,0.000000000000000000e+00,0.000000000000000000e+00,-0.000000000000000000e+00,-0.000000000000000000e+00,-3.277431505709891280e-01,-1.641528964001900126e-01,0.000000000000000000e+00,-0.000000000000000000e+00,-0.000000000000000000e+00,-0.000000000000000000e+00,-1.652997260880452179e-01,0.000000000000000000e+00,-0.000000000000000000e+00,-0.000000000000000000e+00,-9.810182608809173144e-02,-6.169150261627913689e-01,0.000000000000000000e+00,-0.000000000000000000e+00,-0.000000000000000000e+00,-0.000000000000000000e+00,0.000000000000000000e+00,0.000000000000000000e+00,-0.000000000000000000e+00,-1.468632271213153317e-01,0.000000000000000000e+00,0.000000000000000000e+00,2.761315930140148533e-01,2.279059777525697772e+00,-0.000000000000000000e+00
-2.079197788918167866e-01,-1.030416612147576766e-01,-0.000000000000000000e+00,-0.000000000000000000e+00,-0.000000000000000000e+00,-0.000000000000000000e+00,-0.000000000000000000e+00,0.000000000000000000e+00,-3.155505594092911092e-01,-0.000000000000000000e+00,-0.000000000000000000e+00,-0.000000000000000000e+00,0.000000000000000000e+00,-1.340583443206719017e-01,-0.000000000000000000e+00,-0.000000000000000000e+00,-0.000000000000000000e+00,-0.000000000000000000e+00,-4.338960779565349535e-01,0.000000000000000000e+00,0.000000000000000000e+00,-0.000000000000000000e+00,-1.469829077690733565e-01,-7.997827974406518381e-02,-0.000000000000000000e+00,-0.000000000000000000e+00,-1.083903739043633879e-01,0.000000000000000000e+00,-0.000000000000000000e+00,-0.000000000000000000e+00,-1.541697808574713771e-03,-0.000000000000000000e+00,-1.791607096909660912e-01,-0.000000000000000000e+00,-8.519962404734734984e-02,-0.000000000000000000e+00,-0.000000000000000000e+00,-0.000000000000000000e+00,1.657786179443517138e+00
