2.520327549358853947e+00,-6.658377771732127970e-01,-0.000000000000000000e+00,-0.000000000000000000e+00,-6.265166064364023624e-02,0.000000000000000000e+00,-1.155768312093447964e-01,0.000000000000000000e+00,-0.000000000000000000e+00,-8.642464987072132065e-02,0.000000000000000000e+00,-0.000000000000000000e+00,-0.000000000000000000e+00,-7.863044098454342878e-02,-0.000000000000000000e+00,-0.000000000000000000e+00,-0.000000000000000000e+00,-0.000000000000000000e+00,-0.000000000000000000e+00,0.000000000000000000e+00,0.000000000000000000e+00,0.000000000000000000e+00,-5.631708155333154525e-02,-0.000000000000000000e+00,-0.000000000000000000e+00,-2.400441478362400627e-01,-5.978990052932921934e-02,-2.508828683799063097e-01,-9.398171328841466166e-02,-0.000000000000000000e+00,-4.472765328607867796e-01,-0.000000000000000000e+00,-2.220253484211055783e-02,-0.000000000000000000e+00,-5.903600561620843401e-02,-1.858269045832534050e-01,-0.000000000000000000e+00,-0.000000000000000000e+00,-2.275082570376125990e-01
-6.658377771732127970e-01,2.123981423846041050e+00,-0.000000000000000000e+00,-0.000000000000000000e+00,-0.000000000000000000e+00,0.000000000000000000e+00,-0.000000000000000000e+00,0.000000000000000000e+00,-1.234600298276385955e-01,-1.972991656515151460e-01,-0.000000000000000000e+00,-0.000000000000000000e+00,-0.000000000000000000e+00,-0.000000000000000000e+00,-0.000000000000000000e+00,-0.000000000000000000e+00,-0.000000000000000000e+00,-0.000000000000000000e+00,-0.000000000000000000e+00,0.000000000000000000e+00,0.000000000000000000e+00,-0.000000000000000000e+00,-0.000000000000000000e+00,-0.000000000000000000e+00,-0.000000000000000000e+00,-0.000000000000000000e+00,-0.000000000000000000e+00,-0.000000000000000000e+00,-2.944812080487344552e-01,-0.000000000000000000e+00,-0.000000000000000000e+00,-4.350934806258925369e-01,-0.000000000000000000e+00,-0.000000000000000000e+00,-0.000000000000000000e+00,-2.877483535475500176e-01,-6.321091010112911412e-02,-0.000000000000000000e+00,-0.000000000000000000e+00
-0.000000000000000000e+00,-0.000000000000000000e+00,1.644093769857668530e+00,0.000000000000000000e+00,-4.207617514847735718e-01,-0.000000000000000000e+00,-0.000000000000000000e+00,1.861098243435412025e-01,-1.114868412624078209e-01,-1.508725356614447344e-01,-0.000000000000000000e+00,0.000000000000000000e+00,-0.000000000000000000e+00,-6.551165017135368585e-02,0.000000000000000000e+00,-0.000000000000000000e+00,-0.000000000000000000e+00,-0.000000000000000000e+00,-0.000000000000000000e+00,-0.000000000000000000e+00,-1.905644230100143333e-01,-0.000000000000000000e+00,-0.000000000000000000e+00,-0.000000000000000000e+00,-9.639523914460429443e-02,-0.000000000000000000e+00,-0.000000000000000000e+00,-0.000000000000000000e+00,-0.000000000000000000e+00,-4.265993131268389082e-02,-0.000000000000000000e+00,-1.171667457905407744e-01,-0.000000000000000000e+00,-2.716675500016028089e-01,-0.000000000000000000e+00,-0.000000000000000000e+00,-0.000000000000000000e+00,-0.000000000000000000e+00,-0.000000000000000000e+00
-0.000000000000000000e+00,-0.000000000000000000e+00,0.000000000000000000e+00,1.263770457134265168e+00,-0.000000000000000000e+00,1.785195085439686136e-01,-2.172185243262455545e-01,0.000000000000000000e+00,0.000000000000000000e+00,0.000000000000000000e+00,3.514380323165007813e-01,-0.000000000000000000e+00,0.000000000000000000e+00,0.000000000000000000e+00,-0.000000000000000000e+00,0.000000000000000000e+00,0.000000000000000000e+00,0.000000000000000000e+00,-0.000000000000000000e+00,0.000000000000000000e+00,6.993788005111778103e-04,0.000000000000000000e+00,-0.000000000000000000e+00,-0.000000000000000000e+00,0.000000000000000000e+00,-0.000000000000000000e+00,-0.000000000000000000e+00,-0.000000000000000000e+00,-0.000000000000000000e+00,0.000000000000000000e+00,-0.000000000000000000e+00,0.000000000000000000e+00,-0.000000000000000000e+00,-0.000000000000000000e+00,0.000000000000000000e+00,-0.000000000000000000e+00,0.000000000000000000e+00,-0.000000000000000000e+00,-0.000000000000000000e+00
-6.265166064364023624e-02,-0.000000000000000000e+00,-4.207617514847735718e-01,-0.000000000000000000e+00,2.299594963727477293e+00,0.000000000000000000e+00,-5.521834201458018093e-02,3.086284041290778823e-01,-2.520491422221784461e-01,-0.000000000000000000e+00,0.000000000000000000e+00,-0.000000000000000000e+00,-0.000000000000000000e+00,-2.728700657492639237e-01,-0.000000000000000000e+00,-0.000000000000000000e+00,-0.000000000000000000e+00,-0.000000000000000000e+00,-0.000000000000000000e+00,0.000000000000000000e+00,-0.000000000000000000e+00,0.000000000000000000e+00,-0.000000000000000000e+00,-0.000000000000000000e+00,-0.000000000000000000e+00,-0.000000000000000000e+00,-0.000000000000000000e+00,-0.000000000000000000e+00,-0.000000000000000000e+00,-0.000000000000000000e+00,-3.229966812472972459e-01,-1.022907292093429288e-01,-3.379597877505045173e-02,-6.028616944683389267e-01,-0.000000000000000000e+00,-0.000000000000000000e+00,-0.000000000000000000e+00,-0.000000000000000000e+00,-2.911726850570908309e-03
0.000000000000000000e+00,0.000000000000000000e+00,-0.000000000000000000e+00,1.785195085439686136e-01,0.000000000000000000e+00,2.089209833188079291e+00,6.097129405837464072e-02,-4.930404989271699318e-02,-0.000000000000000000e+00,-0.000000000000000000e+00,-7.537763505602217418e-01,9.699182054630384187e-02,-0.000000000000000000e+00,-0.000000000000000000e+00,2.956821512823043507e-01,-0.000000000000000000e+00,-0.000000000000000000e+00,0.000000000000000000e+00,0.000000000000000000e+00,-3.705029382570000918e-01,-2.930455923716961952e-01,-8.346857445326394398e-02,0.000000000000000000e+00,-0.000000000000000000e+00,-0.000000000000000000e+00,0.000000000000000000e+00,0.000000000000000000e+00,0.000000000000000000e+00,0.000000000000000000e+00,-0.000000000000000000e+00,0.000000000000000000e+00,-0.000000000000000000e+00,0.000000000000000000e+00,0.000000000000000000e+00,-0.000000000000000000e+00,0.000000000000000000e+00,-0.000000000000000000e+00,0.000000000000000000e+00,0.000000000000000000e+00
-1.155768312093447964e-01,-0.000000000000000000e+00,-0.000000000000000000e+00,-2.172185243262455545e-01,-5.521834201458018093e-02,6.097129405837464072e-02,2.003674958872588174e+00,3.688571948149351742e-01,0.000000000000000000e+00,-0.000000000000000000e+00,0.000000000000000000e+00,-0.000000000000000000e+00,-0.000000000000000000e+00,-0.000000000000000000e+00,-0.000000000000000000e+00,-0.000000000000000000e+00,-0.000000000000000000e+00,-0.000000000000000000e+00,-1.642590138060118915e-02,1.619849907669269895e-01,0.000000000000000000e+00,0.000000000000000000e+00,-1.385696611504300402e-01,-0.000000000000000000e+00,-0.000000000000000000e+00,-0.000000000000000000e+00,-0.000000000000000000e+00,-3.445211252826994586e-01,-0.000000000000000000e+00,0.000000000000000000e+00,-2.117177429445674386e-01,-0.000000000000000000e+00,-2.539602595090406645e-01,-0.000000000000000000e+00,-0.000000000000000000e+00,-0.000000000000000000e+00,-0.000000000000000000e+00,-0.000000000000000000e+00,-0.000000000000000000e+00
0.000000000000000000e+00,0.000000000000000000e+00,1.861098243435412025e-01,0.000000000000000000e+00,3.086284041290778823e-01,-4.930404989271699318e-02,3.688571948149351742e-01,2.192897769912256489e+00,0.000000000000000000e+00,0.000000000000000000e+00,-0.000000000000000000e+00,1.392406386744913550e-03,0.000000000000000000e+00,0.000000000000000000e+00,0.000000000000000000e+00,0.000000000000000000e+00,0.000000000000000000e+00,0.000000000000000000e+00,7.806312976169928197e-02,-2.439931599624786951e-01,-0.000000000000000000e+00,-0.000000000000000000e+00,2.431797555441487235e-01,0.000000000000000000e+00,0.000000000000000000e+00,0.000000000000000000e+00,0.000000000000000000e+00,5.954657277505003704e-02,0.000000000000000000e+00,0.000000000000000000e+00,1.488102032997072055e-01,0.000000000000000000e+00,3.495241358249951413e-01,1.475661550561043200e-01,0.000000000000000000e+00,0.000000000000000000e+00,0.000000000000000000e+00,0.000000000000000000e+00,5.390299151740045314e-02
-0.000000000000000000e+00,-1.234600298276385955e-01,-1.114868412624078209e-01,0.000000000000000000e+00,-2.520491422221784461e-01,-0.000000000000000000e+00,0.000000000000000000e+00,0.000000000000000000e+00,1.563242813232335937e+00,-0.000000000000000000e+00,-0.000000000000000000e+00,-0.000000000000000000e+00,0.000000000000000000e+00,-0.000000000000000000e+00,0.000000000000000000e+00,-0.000000000000000000e+00,-0.000000000000000000e+00,0.000000000000000000e+00,0.000000000000000000e+00,-0.000000000000000000e+00,-0.000000000000000000e+00,-0.000000000000000000e+00,-0.000000000000000000e+00,-0.000000000000000000e+00,-0.000000000000000000e+00,-0.000000000000000000e+00,-0.000000000000000000e+00,0.000000000000000000e+00,-0.000000000000000000e+00,-6.625254891763723841e-02,-0.000000000000000000e+00,-4.971568487361414657e-01,-0.000000000000000000e+00,-1.874077911622860360e-01,-0.000000000000000000e+00,-0.000000000000000000e+00,-6.432695198867462855e-03,-0.000000000000000000e+00,-0.000000000000000000e+00
-8.642464987072132065e-02,-1.972991656515151460e-01,-1.508725356614447344e-01,0.000000000000000000e+00,-0.000000000000000000e+00,-0.000000000000000000e+00,-0.000000000000000000e+00,0.000000000000000000e+00,-0.000000000000000000e+00,2.160682966647273773e+00,-0.000000000000000000e+00,-0.000000000000000000e+00,-0.000000000000000000e+00,-2.167921166045408132e-01,0.000000000000000000e+00,-5.356517072936004542e-01,-2.540634881127046829e-01,-0.000000000000000000e+00,-0.000000000000000000e+00,0.000000000000000000e+00,-0.000000000000000000e+00,-5.828356703826673146e-02,-0.000000000000000000e+00,-0.000000000000000000e+00,-2.447040616285402204e-01,-0.000000000000000000e+00,-0.000000000000000000e+00,-0.000000000000000000e+00,-0.000000000000000000e+00,-4.084950722285974334e-01,-0.000000000000000000e+00,-0.000000000000000000e+00,-0.000000000000000000e+00,-0.000000000000000000e+00,-2.840511212053242196e-01,-0.000000000000000000e+00,-0.000000000000000000e+00,-0.000000000000000000e+00,-0.000000000000000000e+00
0.000000000000000000e+00,-0.000000000000000000e+00,-0.000000000000000000e+00,3.514380323165007813e-01,0.000000000000000000e+00,-7.537763505602217418e-01,0.000000000000000000e+00,-0.000000000000000000e+00,-0.000000000000000000e+00,-0.000000000000000000e+00,2.049258159159883963e+00,0.000000000000000000e+00,-0.000000000000000000e+00,-0.000000000000000000e+00,0.000000000000000000e+00,-0.000000000000000000e+00,-3.885958022298109937e-01,0.000000000000000000e+00,0.000000000000000000e+00,-1.137298866333946168e-01,-3.180286345947375692e-01,-2.848836543160536069e-02,0.000000000000000000e+00,-0.000000000000000000e+00,-0.000000000000000000e+00,-0.000000000000000000e+00,0.000000000000000000e+00,0.000000000000000000e+00,-0.000000000000000000e+00,-3.553565510742141553e-01,0.000000000000000000e+00,-5.866874691568801578e-03,0.000000000000000000e+00,0.000000000000000000e+00,-0.000000000000000000e+00,0.000000000000000000e+00,-1.690576703051631935e-01,0.000000000000000000e+00,0.000000000000000000e+00
-0.000000000000000000e+00,-0.000000000000000000e+00,0.000000000000000000e+00,-0.000000000000000000e+00,-0.000000000000000000e+00,9.699182054630384187e-02,-0.000000000000000000e+00,1.392406386744913550e-03,-0.000000000000000000e+00,-0.000000000000000000e+00,0.000000000000000000e+00,2.489325604022486704e+00,-0.000000000000000000e+00,-0.000000000000000000e+00,-5.796669876044447944e-01,-0.000000000000000000e+00,-0.000000000000000000e+00,-0.000000000000000000e+00,-3.642292183398186389e-01,1.153229627351911452e-01,1.029962637490760835e-01,0.000000000000000000e+00,-0.000000000000000000e+00,-0.000000000000000000e+00,-0.000000000000000000e+00,-1.430105379903458818e-01,-2.811416082779515380e-01,-2.066910372926843709e-01,-0.000000000000000000e+00,0.000000000000000000e+00,-0.000000000000000000e+00,-0.000000000000000000e+00,-1.319285816265759748e-01,-0.000000000000000000e+00,-0.000000000000000000e+00,-0.000000000000000000e+00,0.000000000000000000e+00,-1.809445314910249347e-01,-3.359213952733446362e-01
-0.000000000000000000e+00,-0.000000000000000000e+00,-0.000000000000000000e+00,0.000000000000000000e+00,-0.000000000000000000e+00,-0.000000000000000000e+00,-0.000000000000000000e+00,0.000000000000000000e+00,0.000000000000000000e+00,-0.000000000000000000e+00,-0.000000000000000000e+00,-0.000000000000000000e+00,1.637255820674677675e+00,-5.114208738088005246e-02,-0.000000000000000000e+00,-2.810540077803981851e-01,-4.241712930396685823e-03,-2.411189051966340369e-01,-4.047248232985087985e-02,0.000000000000000000e+00,0.000000000000000000e+00,0.000000000000000000e+00,-0.000000000000000000e+00,-0.000000000000000000e+00,-0.000000000000000000e+00,-1.077048653691368291e-01,-2.567879941422819279e-01,-0.000000000000000000e+00,-0.000000000000000000e+00,-0.000000000000000000e+00,-0.000000000000000000e+00,-0.000000000000000000e+00,-1.751401672192471615e-01,-0.000000000000000000e+00,-2.281026452988005604e-01,-0.000000000000000000e+00,-0.000000000000000000e+00,-0.000000000000000000e+00,-0.000000000000000000e+00
-7.863044098454342878e-02,-0.000000000000000000e+00,-6.551165017135368585e-02,0.000000000000000000e+00,-2.728700657492639237e-01,-0.000000000000000000e+00,-0.000000000000000000e+00,0.000000000000000000e+00,-0.000000000000000000e+00,-2.167921166045408132e-01,-0.000000000000000000e+00,-0.000000000000000000e+00,-5.114208738088005246e-02,1.762261013007323074e+00,-0.000000000000000000e+00,-8.114301996019102070e-02,-7.294013440210510291e-02,-0.000000000000000000e+00,-0.000000000000000000e+00,0.000000000000000000e+00,-0.000000000000000000e+00,-0.000000000000000000e+00,-0.000000000000000000e+00,-1.264750566036029755e-01,-5.293964418602018634e-02,-0.000000000000000000e+00,-0.000000000000000000e+00,-0.000000000000000000e+00,-0.000000000000000000e+00,-4.637368136158230743e-03,-3.562394213300372481e-02,-1.165000450316152070e-01,-1.693381052199313397e-01,-0.000000000000000000e+00,-3.214352669876517909e-01,-0.000000000000000000e+00,-2.207730541480682276e-02,-1.775497539489970591e-02,-5.504205614905239435e-02
-0.000000000000000000e+00,-0.000000000000000000e+00,0.000000000000000000e+00,-0.000000000000000000e+00,-0.000000000000000000e+00,2.956821512823043507e-01,-0.000000000000000000e+00,0.000000000000000000e+00,0.000000000000000000e+00,0.000000000000000000e+00,0.000000000000000000e+00,-5.796669876044447944e-01,-0.000000000000000000e+00,-0.000000000000000000e+00,2.344551243761603398e+00,-0.000000000000000000e+00,-0.000000000000000000e+00,-2.254468415924503963e-02,-1.822597641937370450e-01,5.924227863088034340e-02,4.194650819929835461e-01,0.000000000000000000e+00,-0.000000000000000000e+00,-0.000000000000000000e+00,0.000000000000000000e+00,-2.560985635646689795e-01,-2.323189640233803976e-01,-2.421570712742518172e-01,-0.000000000000000000e+00,0.000000000000000000e+00,-0.000000000000000000e+00,-0.000000000000000000e+00,-0.000000000000000000e+00,-0.000000000000000000e+00,-0.000000000000000000e+00,-6.256961922232963380e-02,0.000000000000000000e+00,-3.011316601517907698e-02,-0.000000000000000000e+00
-0.000000000000000000e+00,-0.000000000000000000e+00,-0.000000000000000000e+00,0.000000000000000000e+00,-0.000000000000000000e+00,-0.000000000000000000e+00,-0.000000000000000000e+00,0.000000000000000000e+00,-0.000000000000000000e+00,-5.356517072936004542e-01,-0.000000000000000000e+00,-0.000000000000000000e+00,-2.810540077803981851e-01,-8.114301996019102070e-02,-0.000000000000000000e+00,2.056736724842162189e+00,-3.009395968449330924e-03,-3.166405448169057335e-01,-7.896471739039656254e-03,0.000000000000000000e+00,0.000000000000000000e+00,-4.968023899152824475e-03,-3.243353552468941081e-01,-0.000000000000000000e+00,-1.606460766909096061e-01,-7.243513207505070106e-02,-6.814518442491071873e-03,-0.000000000000000000e+00,-0.000000000000000000e+00,-7.963957256730867795e-02,-0.000000000000000000e+00,-0.000000000000000000e+00,-0.000000000000000000e+00,-0.000000000000000000e+00,-1.252377828823125483e-01,-0.000000000000000000e+00,-0.000000000000000000e+00,-1.398865242220145022e-01,-0.000000000000000000e+00
-0.000000000000000000e+00,-0.000000000000000000e+00,-0.000000000000000000e+00,0.000000000000000000e+00,-0.000000000000000000e+00,-0.000000000000000000e+00,-0.000000000000000000e+00,0.000000000000000000e+00,-0.000000000000000000e+00,-2.540634881127046829e-01,-3.885958022298109937e-01,-0.000000000000000000e+00,-4.241712930396685823e-03,-7.294013440210510291e-02,-0.000000000000000000e+00,-3.009395968449330924e-03,1.381034881432748662e+00,-0.000000000000000000e+00,-0.000000000000000000e+00,-0.000000000000000000e+00,-0.000000000000000000e+00,-1.036808791778578119e-02,-0.000000000000000000e+00,-0.000000000000000000e+00,-1.264284834155203485e-01,-3.906030572191502431e-02,-0.000000000000000000e+00,-0.000000000000000000e+00,-0.000000000000000000e+00,-8.690158032338372862e-02,-0.000000000000000000e+00,-6.905618589845957667e-02,-0.000000000000000000e+00,-0.000000000000000000e+00,-7.634497050017209629e-02,-0.000000000000000000e+00,-4.106398840950899187e-02,-0.000000000000000000e+00,-0.000000000000000000e+00
-0.000000000000000000e+00,-0.000000000000000000e+00,-0.000000000000000000e+00,0.000000000000000000e+00,-0.000000000000000000e+00,0.000000000000000000e+00,-0.000000000000000000e+00,0.000000000000000000e+00,0.000000000000000000e+00,-0.000000000000000000e+00,0.000000000000000000e+00,-0.000000000000000000e+00,-2.411189051966340369e-01,-0.000000000000000000e+00,-2.254468415924503963e-02,-3.166405448169057335e-01,-0.000000000000000000e+00,1.753204850535394765e+00,-5.258925255981667934e-01,0.000000000000000000e+00,0.000000000000000000e+00,0.000000000000000000e+00,-0.000000000000000000e+00,-0.000000000000000000e+00,-0.000000000000000000e+00,-4.319190941562256643e-03,-3.936686866786537342e-02,-0.000000000000000000e+00,-0.000000000000000000e+00,-0.000000000000000000e+00,-0.000000000000000000e+00,-0.000000000000000000e+00,-0.000000000000000000e+00,-0.000000000000000000e+00,-0.000000000000000000e+00,-0.000000000000000000e+00,0.000000000000000000e+00,-3.464856262368365414e-01,-0.000000000000000000e+00
-0.000000000000000000e+00,-0.000000000000000000e+00,-0.000000000000000000e+00,-0.000000000000000000e+00,-0.000000000000000000e+00,0.000000000000000000e+00,-1.642590138060118915e-02,7.806312976169928197e-02,0.000000000000000000e+00,-0.000000000000000000e+00,0.000000000000000000e+00,-3.642292183398186389e-01,-4.047248232985087985e-02,-0.000000000000000000e+00,-1.822597641937370450e-01,-7.896471739039656254e-03,-0.000000000000000000e+00,-5.258925255981667934e-01,2.241200432107512963e+00,1.618701676434715631e-01,7.890155846034196951e-02,0.000000000000000000e+00,-1.468718240953340581e-01,-0.000000000000000000e+00,-0.000000000000000000e+00,-0.000000000000000000e+00,-2.414400934747487626e-01,-2.044508732371557169e-01,-0.000000000000000000e+00,0.000000000000000000e+00,-0.000000000000000000e+00,-0.000000000000000000e+00,-1.233801633085963023e-01,-0.000000000000000000e+00,-0.000000000000000000e+00,-0.000000000000000000e+00,0.000000000000000000e+00,-8.898901632981430498e-02,-0.000000000000000000e+00
0.000000000000000000e+00,0.000000000000000000e+00,-0.000000000000000000e+00,0.000000000000000000e+00,0.000000000000000000e+00,-3.705029382570000918e-01,1.619849907669269895e-01,-2.439931599624786951e-01,-0.000000000000000000e+00,0.000000000000000000e+00,-1.137298866333946168e-01,1.153229627351911452e-01,0.000000000000000000e+00,0.000000000000000000e+00,5.924227863088034340e-02,0.000000000000000000e+00,-0.000000000000000000e+00,0.000000000000000000e+00,1.618701676434715631e-01,2.046796324500768538e+00,-2.674109163297385128e-01,-0.000000000000000000e+00,7.406623973262475846e-02,0.000000000000000000e+00,0.000000000000000000e+00,0.000000000000000000e+00,0.000000000000000000e+00,2.165889327754935145e-01,0.000000000000000000e+00,-0.000000000000000000e+00,3.349417167190465831e-03,-0.000000000000000000e+00,2.817426269109097881e-01,0.000000000000000000e+00,0.000000000000000000e+00,0.000000000000000000e+00,-0.000000000000000000e+00,0.000000000000000000e+00,0.000000000000000000e+00
0.000000000000000000e+00,0.000000000000000000e+00,-1.905644230100143333e-01,6.993788005111778103e-04,-0.000000000000000000e+00,-2.930455923716961952e-01,0.000000000000000000e+00,-0.000000000000000000e+00,-0.000000000000000000e+00,-0.000000000000000000e+00,-3.180286345947375692e-01,1.029962637490760835e-01,0.000000000000000000e+00,-0.000000000000000000e+00,4.194650819929835461e-01,0.000000000000000000e+00,-0.000000000000000000e+00,0.000000000000000000e+00,7.890155846034196951e-02,-2.674109163297385128e-01,1.810510750574502392e+00,-2.086280130155963308e-01,0.000000000000000000e+00,-0.000000000000000000e+00,-0.000000000000000000e+00,0.000000000000000000e+00,3.253895443663672171e-02,7.213095191547451435e-02,0.000000000000000000e+00,-3.118489483488740693e-02,0.000000000000000000e+00,-0.000000000000000000e+00,0.000000000000000000e+00,-0.000000000000000000e+00,0.000000000000000000e+00,0.000000000000000000e+00,-0.000000000000000000e+00,0.000000000000000000e+00,0.000000000000000000e+00
0.000000000000000000e+00,-0.000000000000000000e+00,-0.000000000000000000e+00,0.000000000000000000e+00,0.000000000000000000e+00,-8.346857445326394398e-02,0.000000000000000000e+00,-0.000000000000000000e+00,-0.000000000000000000e+00,-5.828356703826673146e-02,-2.848836543160536069e-02,0.000000000000000000e+00,0.000000000000000000e+00,-0.000000000000000000e+00,0.000000000000000000e+00,-4.968023899152824475e-03,-1.036808791778578119e-02,0.000000000000000000e+00,0.000000000000000000e+00,-0.000000000000000000e+00,-2.086280130155963308e-01,1.097255962938790796e+00,-0.000000000000000000e+00,-0.000000000000000000e+00,-4.200847030611050414e-02,0.000000000000000000e+00,0.000000000000000000e+00,0.000000000000000000e+00,0.000000000000000000e+00,-9.488702198328982651e-02,0.000000000000000000e+00,-0.000000000000000000e+00,0.000000000000000000e+00,0.000000000000000000e+00,-0.000000000000000000e+00,0.000000000000000000e+00,-0.000000000000000000e+00,-0.000000000000000000e+00,0.000000000000000000e+00
-5.631708155333154525e-02,-0.000000000000000000e+00,-0.000000000000000000e+00,-0.000000000000000000e+00,-0.000000000000000000e+00,0.000000000000000000e+00,-1.385696611504300402e-01,2.431797555441487235e-01,-0.000000000000000000e+00,-0.000000000000000000e+00,0.000000000000000000e+00,-0.000000000000000000e+00,-0.000000000000000000e+00,-0.000000000000000000e+00,-0.000000000000000000e+00,-3.243353552468941081e-01,-0.000000000000000000e+00,-0.000000000000000000e+00,-1.468718240953340581e-01,7.406623973262475846e-02,0.000000000000000000e+00,-0.000000000000000000e+00,2.067033038302306114e+00,-7.718480264161317606e-03,-3.656740835590578942e-01,-0.000000000000000000e+00,-0.000000000000000000e+00,-3.181672185405092727e-03,-0.000000000000000000e+00,-0.000000000000000000e+00,-2.468299419834465436e-01,-0.000000000000000000e+00,-2.322035239194993883e-01,-0.000000000000000000e+00,-0.000000000000000000e+00,-0.000000000000000000e+00,-0.000000000000000000e+00,-2.173104065361841988e-02,-2.137446769562593996e-01
-0.000000000000000000e+00,-0.000000000000000000e+00,-0.000000000000000000e+00,-0.000000000000000000e+00,-0.000000000000000000e+00,-0.000000000000000000e+00,-0.000000000000000000e+00,0.000000000000000000e+00,-0.000000000000000000e+00,-0.000000000000000000e+00,-0.000000000000000000e+00,-0.000000000000000000e+00,-0.000000000000000000e+00,-1.264750566036029755e-01,-0.000000000000000000e+00,-0.000000000000000000e+00,-0.000000000000000000e+00,-0.000000000000000000e+00,-0.000000000000000000e+00,0.000000000000000000e+00,-0.000000000000000000e+00,-0.000000000000000000e+00,-7.718480264161317606e-03,1.112840530069599820e+00,-2.079929985136744208e-01,-0.000000000000000000e+00,-0.000000000000000000e+00,-0.000000000000000000e+00,-0.000000000000000000e+00,-0.000000000000000000e+00,-0.000000000000000000e+00,-0.000000000000000000e+00,-0.000000000000000000e+00,-0.000000000000000000e+00,-0.000000000000000000e+00,0.000000000000000000e+00,-0.000000000000000000e+00,-4.344380977744760619e-02,-8.612264834984320605e-02
-0.000000000000000000e+00,-0.000000000000000000e+00,-9.639523914460429443e-02,0.000000000000000000e+00,-0.000000000000000000e+00,-0.000000000000000000e+00,-0.000000000000000000e+00,0.000000000000000000e+00,-0.000000000000000000e+00,-2.447040616285402204e-01,-0.000000000000000000e+00,-0.000000000000000000e+00,-0.000000000000000000e+00,-5.293964418602018634e-02,0.000000000000000000e+00,-1.606460766909096061e-01,-1.264284834155203485e-01,-0.000000000000000000e+00,-0.000000000000000000e+00,0.000000000000000000e+00,-0.000000000000000000e+00,-4.200847030611050414e-02,-3.656740835590578942e-01,-2.079929985136744208e-01,1.538696870411175643e+00,-0.000000000000000000e+00,-0.000000000000000000e+00,-0.000000000000000000e+00,-0.000000000000000000e+00,-8.886156553832892657e-02,-0.000000000000000000e+00,-0.000000000000000000e+00,-0.000000000000000000e+00,-0.000000000000000000e+00,-4.420997348058189336e-02,0.000000000000000000e+00,-0.000000000000000000e+00,-0.000000000000000000e+00,-0.000000000000000000e+00
-2.400441478362400627e-01,-0.000000000000000000e+00,-0.000000000000000000e+00,-0.000000000000000000e+00,-0.000000000000000000e+00,0.000000000000000000e+00,-0.000000000000000000e+00,0.000000000000000000e+00,-0.000000000000000000e+00,-0.000000000000000000e+00,-0.000000000000000000e+00,-1.430105379903458818e-01,-1.077048653691368291e-01,-0.000000000000000000e+00,-2.560985635646689795e-01,-7.243513207505070106e-02,-3.906030572191502431e-02,-4.319190941562256643e-03,-0.000000000000000000e+00,0.000000000000000000e+00,0.000000000000000000e+00,0.000000000000000000e+00,-0.000000000000000000e+00,-0.000000000000000000e+00,-0.000000000000000000e+00,2.479708023316545162e+00,-5.731045961648970621e-01,-3.164043758235092763e-01,-1.694290993829310754e-01,-0.000000000000000000e+00,-9.771667458233995740e-02,-0.000000000000000000e+00,-0.000000000000000000e+00,-0.000000000000000000e+00,-0.000000000000000000e+00,-3.190449486625218656e-01,-0.000000000000000000e+00,-2.300414245176803929e-01,-0.000000000000000000e+00
-5.978990052932921934e-02,-0.000000000000000000e+00,-0.000000000000000000e+00,-0.000000000000000000e+00,-0.000000000000000000e+00,0.000000000000000000e+00,-0.000000000000000000e+00,0.000000000000000000e+00,-0.000000000000000000e+00,-0.000000000000000000e+00,0.000000000000000000e+00,-2.811416082779515380e-01,-2.567879941422819279e-01,-0.000000000000000000e+00,-2.323189640233803976e-01,-6.814518442491071873e-03,-0.000000000000000000e+00,-3.936686866786537342e-02,-2.414400934747487626e-01,0.000000000000000000e+00,3.253895443663672171e-02,0.000000000000000000e+00,-0.000000000000000000e+00,-0.000000000000000000e+00,-0.000000000000000000e+00,-5.731045961648970621e-01,2.772690729907218543e+00,-4.293400344476033803e-01,-6.804589536848319742e-02,-0.000000000000000000e+00,-1.411729751849189751e-01,-0.000000000000000000e+00,-1.404555743698607806e-01,-0.000000000000000000e+00,-1.324379066706202202e-01,-3.413507075391787327e-01,-0.000000000000000000e+00,-0.000000000000000000e+00,-0.000000000000000000e+00
-2.508828683799063097e-01,-0.000000000000000000e+00,-0.000000000000000000e+00,-0.000000000000000000e+00,-0.000000000000000000e+00,0.000000000000000000e+00,-3.445211252826994586e-01,5.954657277505003704e-02,0.000000000000000000e+00,-0.000000000000000000e+00,0.000000000000000000e+00,-2.066910372926843709e-01,-0.000000000000000000e+00,-0.000000000000000000e+00,-2.421570712742518172e-01,-0.000000000000000000e+00,-0.000000000000000000e+00,-0.000000000000000000e+00,-2.044508732371557169e-01,2.165889327754935145e-01,7.213095191547451435e-02,0.000000000000000000e+00,-3.181672185405092727e-03,-0.000000000000000000e+00,-0.000000000000000000e+00,-3.164043758235092763e-01,-4.293400344476033803e-01,2.884774991620344675e+00,-0.000000000000000000e+00,-0.000000000000000000e+00,-3.731663150536551621e-01,-0.000000000000000000e+00,-2.382846392238191224e-01,-0.000000000000000000e+00,-0.000000000000000000e+00,-3.721717789044495794e-02,-0.000000000000000000e+00,-4.989334961945757208e-02,-3.831077449775827787e-02
-9.398171328841466166e-02,-2.944812080487344552e-01,-0.000000000000000000e+00,-0.000000000000000000e+00,-0.000000000000000000e+00,0.000000000000000000e+00,-0.000000000000000000e+00,0.000000000000000000e+00,-0.000000000000000000e+00,-0.000000000000000000e+00,-0.000000000000000000e+00,-0.000000000000000000e+00,-0.000000000000000000e+00,-0.000000000000000000e+00,-0.000000000000000000e+00,-0.000000000000000000e+00,-0.000000000000000000e+00,-0.000000000000000000e+00,-0.000000000000000000e+00,0.000000000000000000e+00,0.000000000000000000e+00,0.000000000000000000e+00,-0.000000000000000000e+00,-0.000000000000000000e+00,-0.000000000000000000e+00,-1.694290993829310754e-01,-6.804589536848319742e-02,-0.000000000000000000e+00,1.914995943338996032e+00,-0.000000000000000000e+00,-0.000000000000000000e+00,-2.949489989529581746e-01,-0.000000000000000000e+00,-0.000000000000000000e+00,-3.102847825427208495e-01,-2.778945344640605941e-01,-3.313632711935109443e-01,-0.000000000000000000e+00,-0.000000000000000000e+00
-0.000000000000000000e+00,-0.000000000000000000e+00,-4.265993131268389082e-02,0.000000000000000000e+00,-0.000000000000000000e+00,-0.000000000000000000e+00,0.000000000000000000e+00,0.000000000000000000e+00,-6.625254891763723841e-02,-4.084950722285974334e-01,-3.553565510742141553e-01,0.000000000000000000e+00,-0.000000000000000000e+00,-4.637368136158230743e-03,0.000000000000000000e+00,-7.963957256730867795e-02,-8.690158032338372862e-02,-0.000000000000000000e+00,0.000000000000000000e+00,-0.000000000000000000e+00,-3.118489483488740693e-02,-9.488702198328982651e-02,-0.000000000000000000e+00,-0.000000000000000000e+00,-8.886156553832892657e-02,-0.000000000000000000e+00,-0.000000000000000000e+00,-0.000000000000000000e+00,-0.000000000000000000e+00,1.582201103260602926e+00,-0.000000000000000000e+00,-1.947413588736641166e-01,-0.000000000000000000e+00,-0.000000000000000000e+00,-0.000000000000000000e+00,-0.000000000000000000e+00,-1.552269001660757930e-01,-0.000000000000000000e+00,-0.000000000000000000e+00
-4.472765328607867796e-01,-0.000000000000000000e+00,-0.000000000000000000e+00,-0.000000000000000000e+00,-3.229966812472972459e-01,0.000000000000000000e+00,-2.117177429445674386e-01,1.488102032997072055e-01,-0.000000000000000000e+00,-0.000000000000000000e+00,0.000000000000000000e+00,-0.000000000000000000e+00,-0.000000000000000000e+00,-3.562394213300372481e-02,-0.000000000000000000e+00,-0.000000000000000000e+00,-0.000000000000000000e+00,-0.000000000000000000e+00,-0.000000000000000000e+00,3.349417167190465831e-03,0.000000000000000000e+00,0.000000000000000000e+00,-2.468299419834465436e-01,-0.000000000000000000e+00,-0.000000000000000000e+00,-9.771667458233995740e-02,-1.411729751849189751e-01,-3.731663150536551621e-01,-0.000000000000000000e+00,-0.000000000000000000e+00,2.625035561344216894e+00,-0.000000000000000000e+00,-2.969302115821779720e-01,-2.463142427466452969e-02,-0.000000000000000000e+00,-0.000000000000000000e+00,-0.000000000000000000e+00,-4.419591961391980406e-02,-3.296372643547210712e-01
-0.000000000000000000e+00,-4.350934806258925369e-01,-1.171667457905407744e-01,0.000000000000000000e+00,-1.022907292093429288e-01,-0.000000000000000000e+00,-0.000000000000000000e+00,0.000000000000000000e+00,-4.971568487361414657e-01,-0.000000000000000000e+00,-5.866874691568801578e-03,-0.000000000000000000e+00,-0.000000000000000000e+00,-1.165000450316152070e-01,-0.000000000000000000e+00,-0.000000000000000000e+00,-6.905618589845957667e-02,-0.000000000000000000e+00,-0.000000000000000000e+00,-0.000000000000000000e+00,-0.000000000000000000e+00,-0.000000000000000000e+00,-0.000000000000000000e+00,-0.000000000000000000e+00,-0.000000000000000000e+00,-0.000000000000000000e+00,-0.000000000000000000e+00,-0.000000000000000000e+00,-2.949489989529581746e-01,-1.947413588736641166e-01,-0.000000000000000000e+00,2.126682056154554079e+00,-0.000000000000000000e+00,-0.000000000000000000e+00,-0.000000000000000000e+00,-4.025128923454786289e-02,-4.225068603992608307e-01,-0.000000000000000000e+00,-0.000000000000000000e+00
-2.220253484211055783e-02,-0.000000000000000000e+00,-0.000000000000000000e+00,-0.000000000000000000e+00,-3.379597877505045173e-02,0.000000000000000000e+00,-2.539602595090406645e-01,3.495241358249951413e-01,-0.000000000000000000e+00,-0.000000000000000000e+00,0.000000000000000000e+00,-1.319285816265759748e-01,-1.751401672192471615e-01,-1.693381052199313397e-01,-0.000000000000000000e+00,-0.000000000000000000e+00,-0.000000000000000000e+00,-0.000000000000000000e+00,-1.233801633085963023e-01,2.817426269109097881e-01,0.000000000000000000e+00,0.000000000000000000e+00,-2.322035239194993883e-01,-0.000000000000000000e+00,-0.000000000000000000e+00,-0.000000000000000000e+00,-1.404555743698607806e-01,-2.382846392238191224e-01,-0.000000000000000000e+00,-0.000000000000000000e+00,-2.969302115821779720e-01,-0.000000000000000000e+00,2.504818398316617678e+00,-3.857217725410973935e-02,-0.000000000000000000e+00,-0.000000000000000000e+00,-0.000000000000000000e+00,-0.000000000000000000e+00,-1.640615600455021250e-01
-0.000000000000000000e+00,-0.000000000000000000e+00,-2.716675500016028089e-01,-0.000000000000000000e+00,-6.028616944683389267e-01,0.000000000000000000e+00,-0.000000000000000000e+00,1.475661550561043200e-01,-1.874077911622860360e-01,-0.000000000000000000e+00,0.000000000000000000e+00,-0.000000000000000000e+00,-0.000000000000000000e+00,-0.000000000000000000e+00,-0.000000000000000000e+00,-0.000000000000000000e+00,-0.000000000000000000e+00,-0.000000000000000000e+00,-0.000000000000000000e+00,0.000000000000000000e+00,-0.000000000000000000e+00,0.000000000000000000e+00,-0.000000000000000000e+00,-0.000000000000000000e+00,-0.000000000000000000e+00,-0.000000000000000000e+00,-0.000000000000000000e+00,-0.000000000000000000e+00,-0.000000000000000000e+00,-0.000000000000000000e+00,-2.463142427466452969e-02,-0.000000000000000000e+00,-3.857217725410973935e-02,1.745148729047840908e+00,-0.000000000000000000e+00,-0.000000000000000000e+00,-0.000000000000000000e+00,-0.000000000000000000e+00,-2.078661203722823037e-01
-5.903600561620843401e-02,-0.000000000000000000e+00,-0.000000000000000000e+00,0.000000000000000000e+00,-0.000000000000000000e+00,-0.000000000000000000e+00,-0.000000000000000000e+00,0.000000000000000000e+00,-0.000000000000000000e+00,-2.840511212053242196e-01,-0.000000000000000000e+00,-0.000000000000000000e+00,-2.281026452988005604e-01,-3.214352669876517909e-01,-0.000000000000000000e+00,-1.252377828823125483e-01,-7.634497050017209629e-02,-0.000000000000000000e+00,-0.000000000000000000e+00,0.000000000000000000e+00,0.000000000000000000e+00,-0.000000000000000000e+00,-0.000000000000000000e+00,-0.000000000000000000e+00,-4.420997348058189336e-02,-0.000000000000000000e+00,-1.324379066706202202e-01,-0.000000000000000000e+00,-3.102847825427208495e-01,-0.000000000000000000e+00,-0.000000000000000000e+00,-0.000000000000000000e+00,-0.000000000000000000e+00,-0.000000000000000000e+00,1.818119808867697529e+00,-0.000000000000000000e+00,-2.013839952173055725e-01,-0.000000000000000000e+00,-0.000000000000000000e+00
-1.858269045832534050e-01,-2.877483535475500176e-01,-0.000000000000000000e+00,-0.000000000000000000e+00,-0.000000000000000000e+00,0.000000000000000000e+00,-0.000000000000000000e+00,0.000000000000000000e+00,-0.000000000000000000e+00,-0.000000000000000000e+00,0.000000000000000000e+00,-0.000000000000000000e+00,-0.000000000000000000e+00,-0.000000000000000000e+00,-6.256961922232963380e-02,-0.000000000000000000e+00,-0.000000000000000000e+00,-0.000000000000000000e+00,-0.000000000000000000e+00,0.000000000000000000e+00,0.000000000000000000e+00,0.000000000000000000e+00,-0.000000000000000000e+00,0.000000000000000000e+00,0.000000000000000000e+00,-3.190449486625218656e-01,-3.413507075391787327e-01,-3.721717789044495794e-02,-2.778945344640605941e-01,-0.000000000000000000e+00,-0.000000000000000000e+00,-4.025128923454786289e-02,-0.000000000000000000e+00,-0.000000000000000000e+00,-0.000000000000000000e+00,1.806316649504109417e+00,-0.000000000000000000e+00,-0.000000000000000000e+00,-0.000000000000000000e+00
-0.000000000000000000e+00,-6.321091010112911412e-02,-0.000000000000000000e+00,0.000000000000000000e+00,-0.000000000000000000e+00,-0.000000000000000000e+00,-0.000000000000000000e+00,0.000000000000000000e+00,-6.432695198867462855e-03,-0.000000000000000000e+00,-1.690576703051631935e-01,0.000000000000000000e+00,-0.000000000000000000e+00,-2.207730541480682276e-02,0.000000000000000000e+00,-0.000000000000000000e+00,-4.106398840950899187e-02,0.000000000000000000e+00,0.000000000000000000e+00,-0.000000000000000000e+00,-0.000000000000000000e+00,-0.000000000000000000e+00,-0.000000000000000000e+00,-0.000000000000000000e+00,-0.000000000000000000e+00,-0.000000000000000000e+00,-0.000000000000000000e+00,-0.000000000000000000e+00,-3.313632711935109443e-01,-1.552269001660757930e-01,-0.000000000000000000e+00,-4.225068603992608307e-01,-0.000000000000000000e+00,-0.000000000000000000e+00,-2.013839952173055725e-01,-0.000000000000000000e+00,1.589312599909809665e+00,-0.000000000000000000e+00,-0.000000000000000000e+00
-0.000000000000000000e+00,-0.000000000000000000e+00,-0.000000000000000000e+00,-0.000000000000000000e+00,-0.000000000000000000e+00,0.000000000000000000e+00,-0.000000000000000000e+00,0.000000000000000000e+00,-0.000000000000000000e+00,-0.000000000000000000e+00,0.000000000000000000e+00,-1.809445314910249347e-01,-0.000000000000000000e+00,-1.775497539489970591e-02,-3.011316601517907698e-02,-1.398865242220145022e-01,-0.000000000000000000e+00,-3.464856262368365414e-01,-8.898901632981430498e-02,0.000000000000000000e+00,0.000000000000000000e+00,-0.000000000000000000e+00,-2.173104065361841988e-02,-4.344380977744760619e-02,-0.000000000000000000e+00,-2.300414245176803929e-01,-0.000000000000000000e+00,-4.989334961945757208e-02,-0.000000000000000000e+00,-0.000000000000000000e+00,-4.419591961391980406e-02,-0.000000000000000000e+00,-0.000000000000000000e+00,-0.000000000000000000e+00,-0.000000000000000000e+00,-0.000000000000000000e+00,-0.000000000000000000e+00,1.888563190540463621e+00,-5.378288003535314221e-01
-2.275082570376125990e-01,-0.000000000000000000e+00,-0.000000000000000000e+00,-0.000000000000000000e+00,-2.911726850570908309e-03,0.000000000000000000e+00,-0.000000000000000000e+00,5.390299151740045314e-02,-0.000000000000000000e+00,-0.000000000000000000e+00,0.000000000000000000e+00,-3.359213952733446362e-01,-0.000000000000000000e+00,-5.504205614905239435e-02,-0.000000000000000000e+00,-0.000000000000000000e+00,-0.000000000000000000e+00,-0.000000000000000000e+00,-0.000000000000000000e+00,0.000000000000000000e+00,0.000000000000000000e+00,0.000000000000000000e+00,-2.137446769562593996e-01,-8.612264834984320605e-02,-0.000000000000000000e+00,-0.000000000000000000e+00,-0.000000000000000000e+00,-3.831077449775827787e-02,-0.000000000000000000e+00,-0.000000000000000000e+00,-3.296372643547210712e-01,-0.000000000000000000e+00,-1.640615600455021250e-01,-2.078661203722823037e-01,-0.000000000000000000e+00,-0.000000000000000000e+00,-0.000000000000000000e+00,-5.378288003535314221e-01,2.213693837452737956e+00
