1.258399490547133404e+00,-0.000000000000000000e+00,-0.000000000000000000e+00,0.000000000000000000e+00,-0.000000000000000000e+00,-0.000000000000000000e+00,0.000000000000000000e+00,0.000000000000000000e+00,-0.000000000000000000e+00,-2.677205789840282277e-02,0.000000000000000000e+00,0.000000000000000000e+00,0.000000000000000000e+00,-6.607478738718390587e-02,-0.000000000000000000e+00,-0.000000000000000000e+00,-0.000000000000000000e+00,-0.000000000000000000e+00,-0.000000000000000000e+00,-0.000000000000000000e+00,-8.212267265074941688e-03,-0.000000000000000000e+00,-0.000000000000000000e+00,-0.000000000000000000e+00,-0.000000000000000000e+00,-0.000000000000000000e+00,-0.000000000000000000e+00,-2.639686028833414522e-01,-1.273954737564352013e-01,-0.000000000000000000e+00,-0.000000000000000000e+00,0.000000000000000000e+00,-0.000000000000000000e+00,-0.000000000000000000e+00,-0.000000000000000000e+00,-0.000000000000000000e+00,0.000000000000000000e+00,-3.783293632856831179e-01,-0.000000000000000000e+00
-0.000000000000000000e+00,1.179636086362807923e+00,-0.000000000000000000e+00,0.000000000000000000e+00,-0.000000000000000000e+00,0.000000000000000000e+00,0.000000000000000000e+00,0.000000000000000000e+00,-0.000000000000000000e+00,-0.000000000000000000e+00,-0.000000000000000000e+00,0.000000000000000000e+00,0.000000000000000000e+00,0.000000000000000000e+00,3.141142051723370132e-01,-0.000000000000000000e+00,0.000000000000000000e+00,0.000000000000000000e+00,-0.000000000000000000e+00,0.000000000000000000e+00,1.254822224412855368e-02,-0.000000000000000000e+00,0.000000000000000000e+00,0.000000000000000000e+00,0.000000000000000000e+00,0.000000000000000000e+00,-0.000000000000000000e+00,0.000000000000000000e+00,0.000000000000000000e+00,-0.000000000000000000e+00,-1.003801432613423694e-01,-1.821053821026559494e-01,0.000000000000000000e+00,-0.000000000000000000e+00,0.000000000000000000e+00,-8.032502446929989937e-02,-0.000000000000000000e+00,0.000000000000000000e+00,-0.000000000000000000e+00
-0.000000000000000000e+00,-0.000000000000000000e+00,1.980680239079321447e+00,0.000000000000000000e+00,-2.730594521948345732e-02,-0.000000000000000000e+00,0.000000000000000000e+00,7.392611373646275075e-01,-0.000000000000000000e+00,-1.990257199565468871e-01,-0.000000000000000000e+00,-0.000000000000000000e+00,0.000000000000000000e+00,-2.269804380850767300e-01,0.000000000000000000e+00,-9.263456563683675205e-02,-0.000000000000000000e+00,0.000000000000000000e+00,0.000000000000000000e+00,-0.000000000000000000e+00,-0.000000000000000000e+00,-1.129767953369526096e-01,-0.000000000000000000e+00,-0.000000000000000000e+00,-0.000000000000000000e+00,0.000000000000000000e+00,-0.000000000000000000e+00,0.000000000000000000e+00,-0.000000000000000000e+00,-2.156743273529531657e-01,-1.611485310128786264e-01,-0.000000000000000000e+00,-2.635609866385310029e-01,-2.604232950850511874e-01,-0.000000000000000000e+00,-0.000000000000000000e+00,-0.000000000000000000e+00,-0.000000000000000000e+00,-0.000000000000000000e+00
0.000000000000000000e+00,0.000000000000000000e+00,0.000000000000000000e+00,1.401712893500554058e+00,-0.000000000000000000e+00,0.000000000000000000e+00,-2.198561595128974422e-01,-0.000000000000000000e+00,-0.000000000000000000e+00,-0.000000000000000000e+00,0.000000000000000000e+00,-1.968379329380881837e-01,-0.000000000000000000e+00,0.000000000000000000e+00,-0.000000000000000000e+00,-0.000000000000000000e+00,0.000000000000000000e+00,-1.929284428369205939e-01,-0.000000000000000000e+00,-4.758637499240420676e-01,0.000000000000000000e+00,-1.050516837626902233e-01,0.000000000000000000e+00,0.000000000000000000e+00,0.000000000000000000e+00,-0.000000000000000000e+00,0.000000000000000000e+00,-0.000000000000000000e+00,-0.000000000000000000e+00,-0.000000000000000000e+00,0.000000000000000000e+00,0.000000000000000000e+00,0.000000000000000000e+00,-0.000000000000000000e+00,-0.000000000000000000e+00,0.000000000000000000e+00,-0.000000000000000000e+00,0.000000000000000000e+00,-6.430430549016441684e-03
-0.000000000000000000e+00,-0.000000000000000000e+00,-2.730594521948345732e-02,-0.000000000000000000e+00,1.314178256634286779e+00,0.000000000000000000e+00,0.000000000000000000e+00,0.000000000000000000e+00,-9.170155628509121803e-02,0.000000000000000000e+00,0.000000000000000000e+00,-0.000000000000000000e+00,0.000000000000000000e+00,-0.000000000000000000e+00,0.000000000000000000e+00,0.000000000000000000e+00,0.000000000000000000e+00,-0.000000000000000000e+00,-1.855496264990188215e-01,0.000000000000000000e+00,-0.000000000000000000e+00,-0.000000000000000000e+00,0.000000000000000000e+00,0.000000000000000000e+00,0.000000000000000000e+00,0.000000000000000000e+00,-0.000000000000000000e+00,0.000000000000000000e+00,0.000000000000000000e+00,0.000000000000000000e+00,-0.000000000000000000e+00,-0.000000000000000000e+00,0.000000000000000000e+00,-5.099717311434014411e-01,0.000000000000000000e+00,-0.000000000000000000e+00,-0.000000000000000000e+00,-2.675884188014498663e-02,-2.894049957144073301e-02
-0.000000000000000000e+00,0.000000000000000000e+00,-0.000000000000000000e+00,0.000000000000000000e+00,0.000000000000000000e+00,2.596072043491584047e+00,0.000000000000000000e+00,0.000000000000000000e+00,0.000000000000000000e+00,-8.821681355113064615e-02,-4.546013172120954016e-01,-0.000000000000000000e+00,0.000000000000000000e+00,-0.000000000000000000e+00,0.000000000000000000e+00,-9.418859034259267904e-02,-5.481730251564305156e-01,0.000000000000000000e+00,0.000000000000000000e+00,-0.000000000000000000e+00,0.000000000000000000e+00,-0.000000000000000000e+00,-3.958638870775477159e-01,-1.275261956422446830e-01,-4.686622012665117576e-01,0.000000000000000000e+00,-0.000000000000000000e+00,0.000000000000000000e+00,-0.000000000000000000e+00,-0.000000000000000000e+00,-0.000000000000000000e+00,-0.000000000000000000e+00,-8.030941660015929184e-02,0.000000000000000000e+00,-2.333300435928969407e-01,-0.000000000000000000e+00,-1.424304522622150959e-01,0.000000000000000000e+00,0.000000000000000000e+00
0.000000000000000000e+00,0.000000000000000000e+00,0.000000000000000000e+00,-2.198561595128974422e-01,0.000000000000000000e+00,0.000000000000000000e+00,1.348901623619451318e+00,-0.000000000000000000e+00,0.000000000000000000e+00,0.000000000000000000e+00,8.133251877390579310e-02,-0.000000000000000000e+00,-0.000000000000000000e+00,0.000000000000000000e+00,-1.808417087599230311e-01,0.000000000000000000e+00,0.000000000000000000e+00,-2.182405614108123559e-01,-0.000000000000000000e+00,-4.273501133521626083e-02,-0.000000000000000000e+00,-0.000000000000000000e+00,0.000000000000000000e+00,0.000000000000000000e+00,0.000000000000000000e+00,-8.425019537668734793e-03,0.000000000000000000e+00,-2.475733408219332188e-01,-0.000000000000000000e+00,0.000000000000000000e+00,1.585883832727774945e-01,2.901265951893282000e-02,0.000000000000000000e+00,0.000000000000000000e+00,-0.000000000000000000e+00,0.000000000000000000e+00,0.000000000000000000e+00,-0.000000000000000000e+00,-0.000000000000000000e+00
0.000000000000000000e+00,0.000000000000000000e+00,7.392611373646275075e-01,-0.000000000000000000e+00,0.000000000000000000e+00,0.000000000000000000e+00,-0.000000000000000000e+00,1.505308570603587581e+00,0.000000000000000000e+00,4.098895380203516903e-02,0.000000000000000000e+00,-0.000000000000000000e+00,-0.000000000000000000e+00,0.000000000000000000e+00,-0.000000000000000000e+00,2.890016608563610728e-02,2.443318857051114418e-03,-0.000000000000000000e+00,-0.000000000000000000e+00,-0.000000000000000000e+00,5.625332779759533580e-02,0.000000000000000000e+00,6.006366458572627576e-02,2.423295838945653535e-02,3.387596241861643570e-02,-0.000000000000000000e+00,-0.000000000000000000e+00,0.000000000000000000e+00,0.000000000000000000e+00,0.000000000000000000e+00,0.000000000000000000e+00,0.000000000000000000e+00,6.482501684219080240e-02,0.000000000000000000e+00,0.000000000000000000e+00,0.000000000000000000e+00,-0.000000000000000000e+00,0.000000000000000000e+00,-0.000000000000000000e+00
-0.000000000000000000e+00,-0.000000000000000000e+00,-0.000000000000000000e+00,-0.000000000000000000e+00,-9.170155628509121803e-02,0.000000000000000000e+00,0.000000000000000000e+00,0.000000000000000000e+00,1.437638993426662237e+00,0.000000000000000000e+00,0.000000000000000000e+00,-3.288669761294543605e-03,0.000000000000000000e+00,-0.000000000000000000e+00,0.000000000000000000e+00,0.000000000000000000e+00,0.000000000000000000e+00,-0.000000000000000000e+00,-2.595954302294955496e-01,0.000000000000000000e+00,-0.000000000000000000e+00,-0.000000000000000000e+00,0.000000000000000000e+00,0.000000000000000000e+00,0.000000000000000000e+00,-0.000000000000000000e+00,0.000000000000000000e+00,-0.000000000000000000e+00,0.000000000000000000e+00,-0.000000000000000000e+00,-0.000000000000000000e+00,-0.000000000000000000e+00,0.000000000000000000e+00,-3.572831858397008120e-01,0.000000000000000000e+00,0.000000000000000000e+00,-0.000000000000000000e+00,-2.946404627019542088e-01,-2.371852930701648654e-01
-2.677205789840282277e-02,-0.000000000000000000e+00,-1.990257199565468871e-01,-0.000000000000000000e+00,0.000000000000000000e+00,-8.821681355113064615e-02,0.000000000000000000e+00,4.098895380203516903e-02,0.000000000000000000e+00,2.265881353304943779e+00,-3.797665647574307440e-02,-0.000000000000000000e+00,0.000000000000000000e+00,-0.000000000000000000e+00,0.000000000000000000e+00,-5.556862159669753165e-01,-6.174259583086766368e-02,0.000000000000000000e+00,0.000000000000000000e+00,-0.000000000000000000e+00,-0.000000000000000000e+00,-6.752555496310531664e-04,-1.690994277551797764e-01,-1.169898171409506776e-01,-1.990261079475877382e-01,0.000000000000000000e+00,-0.000000000000000000e+00,-0.000000000000000000e+00,-0.000000000000000000e+00,-4.310315513363465190e-01,-0.000000000000000000e+00,-0.000000000000000000e+00,-1.554900210924520521e-01,-0.000000000000000000e+00,-1.759089344424717982e-01,-8.309025131633565597e-02,-0.000000000000000000e+00,0.000000000000000000e+00,0.000000000000000000e+00
0.000000000000000000e+00,-0.000000000000000000e+00,-0.000000000000000000e+00,0.000000000000000000e+00,0.000000000000000000e+00,-4.546013172120954016e-01,8.133251877390579310e-02,0.000000000000000000e+00,0.000000000000000000e+00,-3.797665647574307440e-02,2.178635234500689855e+00,0.000000000000000000e+00,0.000000000000000000e+00,-0.000000000000000000e+00,0.000000000000000000e+00,-3.367058687360425379e-02,-5.681832781241146213e-01,2.564876672682641495e-02,2.840308951548066174e-01,-0.000000000000000000e+00,0.000000000000000000e+00,-0.000000000000000000e+00,-1.499515748430859663e-01,-0.000000000000000000e+00,-2.550706505144850755e-01,0.000000000000000000e+00,-0.000000000000000000e+00,0.000000000000000000e+00,-0.000000000000000000e+00,-8.715580931553473798e-03,-8.091269522809214909e-02,-8.320078834344521446e-02,-1.196140540786561207e-01,-0.000000000000000000e+00,-0.000000000000000000e+00,-0.000000000000000000e+00,-1.436370822124381497e-01,4.405584008507114346e-02,0.000000000000000000e+00
0.000000000000000000e+00,0.000000000000000000e+00,-0.000000000000000000e+00,-1.968379329380881837e-01,-0.000000000000000000e+00,-0.000000000000000000e+00,-0.000000000000000000e+00,-0.000000000000000000e+00,-3.288669761294543605e-03,-0.000000000000000000e+00,0.000000000000000000e+00,1.312190591512790938e+00,-0.000000000000000000e+00,-0.000000000000000000e+00,-0.000000000000000000e+00,-0.000000000000000000e+00,-0.000000000000000000e+00,-1.071969043755728601e-02,-1.992060615228364029e-01,-5.942989105056055432e-02,0.000000000000000000e+00,-2.373083486183599246e-03,-0.000000000000000000e+00,-0.000000000000000000e+00,-0.000000000000000000e+00,-0.000000000000000000e+00,-2.972313160202755267e-02,-0.000000000000000000e+00,0.000000000000000000e+00,-0.000000000000000000e+00,-0.000000000000000000e+00,-0.000000000000000000e+00,-0.000000000000000000e+00,-0.000000000000000000e+00,-0.000000000000000000e+00,-0.000000000000000000e+00,-7.861534533653324885e-02,-0.000000000000000000e+00,-4.140206420207500626e-01
0.000000000000000000e+00,0.000000000000000000e+00,0.000000000000000000e+00,-0.000000000000000000e+00,0.000000000000000000e+00,0.000000000000000000e+00,-0.000000000000000000e+00,-0.000000000000000000e+00,0.000000000000000000e+00,0.000000000000000000e+00,0.000000000000000000e+00,-0.000000000000000000e+00,1.010580701007980586e+00,0.000000000000000000e+00,-0.000000000000000000e+00,0.000000000000000000e+00,0.000000000000000000e+00,-0.000000000000000000e+00,0.000000000000000000e+00,-1.034039505784951490e-01,0.000000000000000000e+00,-0.000000000000000000e+00,0.000000000000000000e+00,0.000000000000000000e+00,0.000000000000000000e+00,-0.000000000000000000e+00,-0.000000000000000000e+00,-0.000000000000000000e+00,0.000000000000000000e+00,0.000000000000000000e+00,0.000000000000000000e+00,-0.000000000000000000e+00,0.000000000000000000e+00,0.000000000000000000e+00,-0.000000000000000000e+00,-0.000000000000000000e+00,0.000000000000000000e+00,0.000000000000000000e+00,-0.000000000000000000e+00
-6.607478738718390587e-02,0.000000000000000000e+00,-2.269804380850767300e-01,0.000000000000000000e+00,-0.000000000000000000e+00,-0.000000000000000000e+00,0.000000000000000000e+00,0.000000000000000000e+00,-0.000000000000000000e+00,-0.000000000000000000e+00,-0.000000000000000000e+00,-0.000000000000000000e+00,0.000000000000000000e+00,1.164376011070934469e+00,0.000000000000000000e+00,-0.000000000000000000e+00,-0.000000000000000000e+00,-0.000000000000000000e+00,-0.000000000000000000e+00,0.000000000000000000e+00,-0.000000000000000000e+00,-0.000000000000000000e+00,-0.000000000000000000e+00,-0.000000000000000000e+00,-0.000000000000000000e+00,-0.000000000000000000e+00,-0.000000000000000000e+00,-0.000000000000000000e+00,-1.087036772278358043e-01,-0.000000000000000000e+00,-0.000000000000000000e+00,-0.000000000000000000e+00,-2.247163491804403668e-01,-0.000000000000000000e+00,-0.000000000000000000e+00,-0.000000000000000000e+00,-0.000000000000000000e+00,-6.272891077262505999e-02,-0.000000000000000000e+00
-0.000000000000000000e+00,3.141142051723370132e-01,0.000000000000000000e+00,-0.000000000000000000e+00,0.000000000000000000e+00,0.000000000000000000e+00,-1.808417087599230311e-01,-0.000000000000000000e+00,0.000000000000000000e+00,0.000000000000000000e+00,0.000000000000000000e+00,-0.000000000000000000e+00,-0.000000000000000000e+00,0.000000000000000000e+00,1.271026192360698248e+00,0.000000000000000000e+00,0.000000000000000000e+00,-0.000000000000000000e+00,-0.000000000000000000e+00,-0.000000000000000000e+00,-1.264318385614549012e-01,-0.000000000000000000e+00,0.000000000000000000e+00,-0.000000000000000000e+00,0.000000000000000000e+00,-1.784209530643512398e-01,-0.000000000000000000e+00,-1.251611819530709657e-01,-0.000000000000000000e+00,0.000000000000000000e+00,0.000000000000000000e+00,2.860926278141348242e-02,0.000000000000000000e+00,0.000000000000000000e+00,-0.000000000000000000e+00,0.000000000000000000e+00,0.000000000000000000e+00,-0.000000000000000000e+00,0.000000000000000000e+00
-0.000000000000000000e+00,-0.000000000000000000e+00,-9.263456563683675205e-02,-0.000000000000000000e+00,0.000000000000000000e+00,-9.418859034259267904e-02,0.000000000000000000e+00,2.890016608563610728e-02,0.000000000000000000e+00,-5.556862159669753165e-01,-3.367058687360425379e-02,-0.000000000000000000e+00,0.000000000000000000e+00,-0.000000000000000000e+00,0.000000000000000000e+00,2.531007863648464973e+00,-1.177739336865135517e-01,0.000000000000000000e+00,0.000000000000000000e+00,-0.000000000000000000e+00,-0.000000000000000000e+00,-5.602446873908089459e-02,-3.750584095146264896e-01,-3.292865579593526881e-01,-2.059017298428955645e-01,0.000000000000000000e+00,-0.000000000000000000e+00,-0.000000000000000000e+00,-0.000000000000000000e+00,-4.003986395021000844e-01,-3.600720109977505884e-02,-0.000000000000000000e+00,-2.908799439449538671e-01,-0.000000000000000000e+00,-0.000000000000000000e+00,-0.000000000000000000e+00,-0.000000000000000000e+00,0.000000000000000000e+00,0.000000000000000000e+00
-0.000000000000000000e+00,0.000000000000000000e+00,-0.000000000000000000e+00,0.000000000000000000e+00,0.000000000000000000e+00,-5.481730251564305156e-01,0.000000000000000000e+00,2.443318857051114418e-03,0.000000000000000000e+00,-6.174259583086766368e-02,-5.681832781241146213e-01,-0.000000000000000000e+00,0.000000000000000000e+00,-0.000000000000000000e+00,0.000000000000000000e+00,-1.177739336865135517e-01,2.553117416321287525e+00,0.000000000000000000e+00,3.171311572267591222e-02,-0.000000000000000000e+00,-0.000000000000000000e+00,-0.000000000000000000e+00,-3.662490062626965193e-01,-2.348986164940372046e-01,-3.203003349061451233e-01,0.000000000000000000e+00,-0.000000000000000000e+00,0.000000000000000000e+00,-0.000000000000000000e+00,-0.000000000000000000e+00,-0.000000000000000000e+00,-0.000000000000000000e+00,-2.255559692016564644e-01,-0.000000000000000000e+00,-0.000000000000000000e+00,-0.000000000000000000e+00,-0.000000000000000000e+00,0.000000000000000000e+00,0.000000000000000000e+00
-0.000000000000000000e+00,0.000000000000000000e+00,0.000000000000000000e+00,-1.929284428369205939e-01,-0.000000000000000000e+00,0.000000000000000000e+00,-2.182405614108123559e-01,-0.000000000000000000e+00,-0.000000000000000000e+00,0.000000000000000000e+00,2.564876672682641495e-02,-1.071969043755728601e-02,-0.000000000000000000e+00,-0.000000000000000000e+00,-0.000000000000000000e+00,0.000000000000000000e+00,0.000000000000000000e+00,1.642459340277776958e+00,-3.631853586866420347e-01,-0.000000000000000000e+00,-0.000000000000000000e+00,-0.000000000000000000e+00,0.000000000000000000e+00,0.000000000000000000e+00,0.000000000000000000e+00,-3.099277969835925184e-01,0.000000000000000000e+00,-2.482430438911089055e-01,-0.000000000000000000e+00,0.000000000000000000e+00,0.000000000000000000e+00,1.064280856793816260e-01,0.000000000000000000e+00,0.000000000000000000e+00,-0.000000000000000000e+00,0.000000000000000000e+00,0.000000000000000000e+00,-2.734339819594291954e-01,-0.000000000000000000e+00
-0.000000000000000000e+00,-0.000000000000000000e+00,0.000000000000000000e+00,-0.000000000000000000e+00,-1.855496264990188215e-01,0.000000000000000000e+00,-0.000000000000000000e+00,-0.000000000000000000e+00,-2.595954302294955496e-01,0.000000000000000000e+00,2.840308951548066174e-01,-1.992060615228364029e-01,0.000000000000000000e+00,-0.000000000000000000e+00,-0.000000000000000000e+00,0.000000000000000000e+00,3.171311572267591222e-02,-3.631853586866420347e-01,1.702185728942925413e+00,-0.000000000000000000e+00,0.000000000000000000e+00,-0.000000000000000000e+00,0.000000000000000000e+00,0.000000000000000000e+00,0.000000000000000000e+00,-0.000000000000000000e+00,0.000000000000000000e+00,-0.000000000000000000e+00,0.000000000000000000e+00,0.000000000000000000e+00,-0.000000000000000000e+00,0.000000000000000000e+00,0.000000000000000000e+00,-0.000000000000000000e+00,0.000000000000000000e+00,0.000000000000000000e+00,-0.000000000000000000e+00,-1.873069682153277460e-01,-4.293617234735919164e-01
-0.000000000000000000e+00,0.000000000000000000e+00,-0.000000000000000000e+00,-4.758637499240420676e-01,0.000000000000000000e+00,-0.000000000000000000e+00,-4.273501133521626083e-02,-0.000000000000000000e+00,0.000000000000000000e+00,-0.000000000000000000e+00,-0.000000000000000000e+00,-5.942989105056055432e-02,-1.034039505784951490e-01,0.000000000000000000e+00,-0.000000000000000000e+00,-0.000000000000000000e+00,-0.000000000000000000e+00,-0.000000000000000000e+00,-0.000000000000000000e+00,1.470778141222752078e+00,0.000000000000000000e+00,-2.625256615702246665e-01,-0.000000000000000000e+00,-0.000000000000000000e+00,-0.000000000000000000e+00,-0.000000000000000000e+00,-0.000000000000000000e+00,-8.637226637656574002e-02,-0.000000000000000000e+00,-0.000000000000000000e+00,0.000000000000000000e+00,0.000000000000000000e+00,-0.000000000000000000e+00,-0.000000000000000000e+00,-3.394609485209117983e-01,-0.000000000000000000e+00,-0.000000000000000000e+00,0.000000000000000000e+00,-1.170739964035108216e-01
-8.212267265074941688e-03,1.254822224412855368e-02,-0.000000000000000000e+00,0.000000000000000000e+00,-0.000000000000000000e+00,0.000000000000000000e+00,-0.000000000000000000e+00,5.625332779759533580e-02,-0.000000000000000000e+00,-0.000000000000000000e+00,0.000000000000000000e+00,0.000000000000000000e+00,0.000000000000000000e+00,-0.000000000000000000e+00,-1.264318385614549012e-01,-0.000000000000000000e+00,-0.000000000000000000e+00,-0.000000000000000000e+00,0.000000000000000000e+00,0.000000000000000000e+00,1.175248085149477539e+00,-9.611283556158298214e-02,-0.000000000000000000e+00,-0.000000000000000000e+00,-0.000000000000000000e+00,-0.000000000000000000e+00,0.000000000000000000e+00,-3.643939112898755828e-01,-1.026639957228438552e-02,0.000000000000000000e+00,0.000000000000000000e+00,0.000000000000000000e+00,-0.000000000000000000e+00,-0.000000000000000000e+00,-0.000000000000000000e+00,0.000000000000000000e+00,0.000000000000000000e+00,-0.000000000000000000e+00,0.000000000000000000e+00
-0.000000000000000000e+00,-0.000000000000000000e+00,-1.129767953369526096e-01,-1.050516837626902233e-01,-0.000000000000000000e+00,-0.000000000000000000e+00,-0.000000000000000000e+00,0.000000000000000000e+00,-0.000000000000000000e+00,-6.752555496310531664e-04,-0.000000000000000000e+00,-2.373083486183599246e-03,-0.000000000000000000e+00,-0.000000000000000000e+00,-0.000000000000000000e+00,-5.602446873908089459e-02,-0.000000000000000000e+00,-0.000000000000000000e+00,-0.000000000000000000e+00,-2.625256615702246665e-01,-9.611283556158298214e-02,1.167212157993039900e+00,-0.000000000000000000e+00,-0.000000000000000000e+00,-0.000000000000000000e+00,0.000000000000000000e+00,-0.000000000000000000e+00,-0.000000000000000000e+00,-0.000000000000000000e+00,-0.000000000000000000e+00,-0.000000000000000000e+00,-0.000000000000000000e+00,-0.000000000000000000e+00,-3.637624501093032064e-02,-8.549345888207644795e-02,-0.000000000000000000e+00,-0.000000000000000000e+00,-0.000000000000000000e+00,-0.000000000000000000e+00
-0.000000000000000000e+00,0.000000000000000000e+00,-0.000000000000000000e+00,0.000000000000000000e+00,0.000000000000000000e+00,-3.958638870775477159e-01,0.000000000000000000e+00,6.006366458572627576e-02,0.000000000000000000e+00,-1.690994277551797764e-01,-1.499515748430859663e-01,-0.000000000000000000e+00,0.000000000000000000e+00,-0.000000000000000000e+00,0.000000000000000000e+00,-3.750584095146264896e-01,-3.662490062626965193e-01,0.000000000000000000e+00,0.000000000000000000e+00,-0.000000000000000000e+00,-0.000000000000000000e+00,-0.000000000000000000e+00,2.794050752352765787e+00,-4.178458641869173817e-01,-5.673058575371844325e-01,0.000000000000000000e+00,-0.000000000000000000e+00,-0.000000000000000000e+00,-0.000000000000000000e+00,-0.000000000000000000e+00,-3.586754481256945910e-03,-0.000000000000000000e+00,-2.630719228803686249e-01,-0.000000000000000000e+00,-7.109686749378966997e-02,-0.000000000000000000e+00,-0.000000000000000000e+00,0.000000000000000000e+00,0.000000000000000000e+00
-0.000000000000000000e+00,0.000000000000000000e+00,-0.000000000000000000e+00,0.000000000000000000e+00,0.000000000000000000e+00,-1.275261956422446830e-01,0.000000000000000000e+00,2.423295838945653535e-02,0.000000000000000000e+00,-1.169898171409506776e-01,-0.000000000000000000e+00,-0.000000000000000000e+00,0.000000000000000000e+00,-0.000000000000000000e+00,-0.000000000000000000e+00,-3.292865579593526881e-01,-2.348986164940372046e-01,0.000000000000000000e+00,0.000000000000000000e+00,-0.000000000000000000e+00,-0.000000000000000000e+00,-0.000000000000000000e+00,-4.178458641869173817e-01,2.070433795110881547e+00,-3.464081173561150417e-01,0.000000000000000000e+00,-0.000000000000000000e+00,-0.000000000000000000e+00,-1.932322660999122310e-01,-0.000000000000000000e+00,-0.000000000000000000e+00,-0.000000000000000000e+00,-1.629966805883373837e-01,0.000000000000000000e+00,-0.000000000000000000e+00,-0.000000000000000000e+00,-0.000000000000000000e+00,0.000000000000000000e+00,0.000000000000000000e+00
-0.000000000000000000e+00,0.000000000000000000e+00,-0.000000000000000000e+00,0.000000000000000000e+00,0.000000000000000000e+00,-4.686622012665117576e-01,0.000000000000000000e+00,3.387596241861643570e-02,0.000000000000000000e+00,-1.990261079475877382e-01,-2.550706505144850755e-01,-0.000000000000000000e+00,0.000000000000000000e+00,-0.000000000000000000e+00,0.000000000000000000e+00,-2.059017298428955645e-01,-3.203003349061451233e-01,0.000000000000000000e+00,0.000000000000000000e+00,-0.000000000000000000e+00,-0.000000000000000000e+00,-0.000000000000000000e+00,-5.673058575371844325e-01,-3.464081173561150417e-01,2.679685456095369123e+00,0.000000000000000000e+00,-0.000000000000000000e+00,-0.000000000000000000e+00,-0.000000000000000000e+00,-0.000000000000000000e+00,-0.000000000000000000e+00,-0.000000000000000000e+00,-1.551263766420355183e-01,-0.000000000000000000e+00,-1.448908963438885200e-01,-0.000000000000000000e+00,-0.000000000000000000e+00,0.000000000000000000e+00,0.000000000000000000e+00
-0.000000000000000000e+00,0.000000000000000000e+00,0.000000000000000000e+00,-0.000000000000000000e+00,0.000000000000000000e+00,0.000000000000000000e+00,-8.425019537668734793e-03,-0.000000000000000000e+00,-0.000000000000000000e+00,0.000000000000000000e+00,0.000000000000000000e+00,-0.000000000000000000e+00,-0.000000000000000000e+00,-0.000000000000000000e+00,-1.784209530643512398e-01,0.000000000000000000e+00,0.000000000000000000e+00,-3.099277969835925184e-01,-0.000000000000000000e+00,-0.000000000000000000e+00,-0.000000000000000000e+00,0.000000000000000000e+00,0.000000000000000000e+00,0.000000000000000000e+00,0.000000000000000000e+00,1.532774647529700163e+00,-0.000000000000000000e+00,-4.654196930765933660e-01,-1.582225061157197243e-01,0.000000000000000000e+00,7.911774676216609681e-02,1.714076578660559680e-01,0.000000000000000000e+00,0.000000000000000000e+00,-0.000000000000000000e+00,0.000000000000000000e+00,0.000000000000000000e+00,-0.000000000000000000e+00,-0.000000000000000000e+00
-0.000000000000000000e+00,-0.000000000000000000e+00,-0.000000000000000000e+00,0.000000000000000000e+00,-0.000000000000000000e+00,-0.000000000000000000e+00,0.000000000000000000e+00,-0.000000000000000000e+00,0.000000000000000000e+00,-0.000000000000000000e+00,-0.000000000000000000e+00,-2.972313160202755267e-02,-0.000000000000000000e+00,-0.000000000000000000e+00,-0.000000000000000000e+00,-0.000000000000000000e+00,-0.000000000000000000e+00,0.000000000000000000e+00,0.000000000000000000e+00,-0.000000000000000000e+00,0.000000000000000000e+00,-0.000000000000000000e+00,-0.000000000000000000e+00,-0.000000000000000000e+00,-0.000000000000000000e+00,-0.000000000000000000e+00,1.092740714927661339e+00,-0.000000000000000000e+00,0.000000000000000000e+00,-0.000000000000000000e+00,-2.566677484343657389e-01,-2.394006773123880626e-03,-0.000000000000000000e+00,0.000000000000000000e+00,-9.952397153597737633e-02,-6.538903760488680439e-02,-0.000000000000000000e+00,0.000000000000000000e+00,-4.632442584932465468e-02
-2.639686028833414522e-01,0.000000000000000000e+00,0.000000000000000000e+00,-0.000000000000000000e+00,0.000000000000000000e+00,0.000000000000000000e+00,-2.475733408219332188e-01,0.000000000000000000e+00,-0.000000000000000000e+00,-0.000000000000000000e+00,0.000000000000000000e+00,-0.000000000000000000e+00,-0.000000000000000000e+00,-0.000000000000000000e+00,-1.251611819530709657e-01,-0.000000000000000000e+00,0.000000000000000000e+00,-2.482430438911089055e-01,-0.000000000000000000e+00,-8.637226637656574002e-02,-3.643939112898755828e-01,-0.000000000000000000e+00,-0.000000000000000000e+00,-0.000000000000000000e+00,-0.000000000000000000e+00,-4.654196930765933660e-01,-0.000000000000000000e+00,1.852345459352664925e+00,-2.836258985356435725e-01,0.000000000000000000e+00,0.000000000000000000e+00,1.726905934731269299e-01,-0.000000000000000000e+00,0.000000000000000000e+00,-5.086251026339278641e-02,-0.000000000000000000e+00,0.000000000000000000e+00,-4.014729131784016726e-03,-0.000000000000000000e+00
-1.273954737564352013e-01,0.000000000000000000e+00,-0.000000000000000000e+00,-0.000000000000000000e+00,0.000000000000000000e+00,-0.000000000000000000e+00,-0.000000000000000000e+00,0.000000000000000000e+00,0.000000000000000000e+00,-0.000000000000000000e+00,-0.000000000000000000e+00,0.000000000000000000e+00,0.000000000000000000e+00,-1.087036772278358043e-01,-0.000000000000000000e+00,-0.000000000000000000e+00,-0.000000000000000000e+00,-0.000000000000000000e+00,0.000000000000000000e+00,-0.000000000000000000e+00,-1.026639957228438552e-02,-0.000000000000000000e+00,-0.000000000000000000e+00,-1.932322660999122310e-01,-0.000000000000000000e+00,-1.582225061157197243e-01,0.000000000000000000e+00,-2.836258985356435725e-01,1.227539541456818206e+00,-0.000000000000000000e+00,0.000000000000000000e+00,1.286017917838540997e-02,-0.000000000000000000e+00,0.000000000000000000e+00,-4.174958711082593643e-02,-0.000000000000000000e+00,0.000000000000000000e+00,-0.000000000000000000e+00,3.820341116732778319e-02
-0.000000000000000000e+00,-0.000000000000000000e+00,-2.156743273529531657e-01,-0.000000000000000000e+00,0.000000000000000000e+00,-0.000000000000000000e+00,0.000000000000000000e+00,0.000000000000000000e+00,-0.000000000000000000e+00,-4.310315513363465190e-01,-8.715580931553473798e-03,-0.000000000000000000e+00,0.000000000000000000e+00,-0.000000000000000000e+00,0.000000000000000000e+00,-4.003986395021000844e-01,-0.000000000000000000e+00,0.000000000000000000e+00,0.000000000000000000e+00,-0.000000000000000000e+00,0.000000000000000000e+00,-0.000000000000000000e+00,-0.000000000000000000e+00,-0.000000000000000000e+00,-0.000000000000000000e+00,0.000000000000000000e+00,-0.000000000000000000e+00,0.000000000000000000e+00,-0.000000000000000000e+00,1.804232689434732029e+00,-0.000000000000000000e+00,-0.000000000000000000e+00,-1.154645267947124049e-01,-0.000000000000000000e+00,-6.723064379873751328e-02,-3.347348708291982833e-01,-1.624123195529128816e-01,0.000000000000000000e+00,0.000000000000000000e+00
-0.000000000000000000e+00,-1.003801432613423694e-01,-1.611485310128786264e-01,0.000000000000000000e+00,-0.000000000000000000e+00,-0.000000000000000000e+00,1.585883832727774945e-01,0.000000000000000000e+00,-0.000000000000000000e+00,-0.000000000000000000e+00,-8.091269522809214909e-02,-0.000000000000000000e+00,0.000000000000000000e+00,-0.000000000000000000e+00,0.000000000000000000e+00,-3.600720109977505884e-02,-0.000000000000000000e+00,0.000000000000000000e+00,-0.000000000000000000e+00,0.000000000000000000e+00,0.000000000000000000e+00,-0.000000000000000000e+00,-3.586754481256945910e-03,-0.000000000000000000e+00,-0.000000000000000000e+00,7.911774676216609681e-02,-2.566677484343657389e-01,0.000000000000000000e+00,0.000000000000000000e+00,-0.000000000000000000e+00,1.594829218727486841e+00,-5.704052822921999999e-01,-1.367174996290755340e-01,-1.044363198950890859e-01,-0.000000000000000000e+00,-6.468648584667600898e-02,-3.529221327735428126e-02,0.000000000000000000e+00,-0.000000000000000000e+00
0.000000000000000000e+00,-1.821053821026559494e-01,-0.000000000000000000e+00,0.000000000000000000e+00,-0.000000000000000000e+00,-0.000000000000000000e+00,2.901265951893282000e-02,0.000000000000000000e+00,-0.000000000000000000e+00,-0.000000000000000000e+00,-8.320078834344521446e-02,-0.000000000000000000e+00,-0.000000000000000000e+00,-0.000000000000000000e+00,2.860926278141348242e-02,-0.000000000000000000e+00,-0.000000000000000000e+00,1.064280856793816260e-01,0.000000000000000000e+00,0.000000000000000000e+00,0.000000000000000000e+00,-0.000000000000000000e+00,-0.000000000000000000e+00,-0.000000000000000000e+00,-0.000000000000000000e+00,1.714076578660559680e-01,-2.394006773123880626e-03,1.726905934731269299e-01,1.286017917838540997e-02,-0.000000000000000000e+00,-5.704052822921999999e-01,1.624566431701738978e+00,-0.000000000000000000e+00,-0.000000000000000000e+00,0.000000000000000000e+00,-0.000000000000000000e+00,-3.240148983208205324e-01,0.000000000000000000e+00,-0.000000000000000000e+00
-0.000000000000000000e+00,0.000000000000000000e+00,-2.635609866385310029e-01,0.000000000000000000e+00,0.000000000000000000e+00,-8.030941660015929184e-02,0.000000000000000000e+00,6.482501684219080240e-02,0.000000000000000000e+00,-1.554900210924520521e-01,-1.196140540786561207e-01,-0.000000000000000000e+00,0.000000000000000000e+00,-2.247163491804403668e-01,0.000000000000000000e+00,-2.908799439449538671e-01,-2.255559692016564644e-01,0.000000000000000000e+00,0.000000000000000000e+00,-0.000000000000000000e+00,-0.000000000000000000e+00,-0.000000000000000000e+00,-2.630719228803686249e-01,-1.629966805883373837e-01,-1.551263766420355183e-01,0.000000000000000000e+00,-0.000000000000000000e+00,-0.000000000000000000e+00,-0.000000000000000000e+00,-1.154645267947124049e-01,-1.367174996290755340e-01,-0.000000000000000000e+00,2.141768162969878819e+00,-0.000000000000000000e+00,-0.000000000000000000e+00,-0.000000000000000000e+00,-4.648277386164904879e-03,0.000000000000000000e+00,0.000000000000000000e+00
-0.000000000000000000e+00,-0.000000000000000000e+00,-2.604232950850511874e-01,-0.000000000000000000e+00,-5.099717311434014411e-01,0.000000000000000000e+00,0.000000000000000000e+00,0.000000000000000000e+00,-3.572831858397008120e-01,-0.000000000000000000e+00,-0.000000000000000000e+00,-0.000000000000000000e+00,0.000000000000000000e+00,-0.000000000000000000e+00,0.000000000000000000e+00,-0.000000000000000000e+00,-0.000000000000000000e+00,0.000000000000000000e+00,-0.000000000000000000e+00,-0.000000000000000000e+00,-0.000000000000000000e+00,-3.637624501093032064e-02,-0.000000000000000000e+00,0.000000000000000000e+00,-0.000000000000000000e+00,0.000000000000000000e+00,0.000000000000000000e+00,0.000000000000000000e+00,0.000000000000000000e+00,-0.000000000000000000e+00,-1.044363198950890859e-01,-0.000000000000000000e+00,-0.000000000000000000e+00,1.447082216637110008e+00,0.000000000000000000e+00,-0.000000000000000000e+00,-0.000000000000000000e+00,-0.000000000000000000e+00,-0.000000000000000000e+00
-0.000000000000000000e+00,0.000000000000000000e+00,-0.000000000000000000e+00,-0.000000000000000000e+00,0.000000000000000000e+00,-2.333300435928969407e-01,-0.000000000000000000e+00,0.000000000000000000e+00,0.000000000000000000e+00,-1.759089344424717982e-01,-0.000000000000000000e+00,-0.000000000000000000e+00,-0.000000000000000000e+00,-0.000000000000000000e+00,-0.000000000000000000e+00,-0.000000000000000000e+00,-0.000000000000000000e+00,-0.000000000000000000e+00,0.000000000000000000e+00,-3.394609485209117983e-01,-0.000000000000000000e+00,-8.549345888207644795e-02,-7.109686749378966997e-02,-0.000000000000000000e+00,-1.448908963438885200e-01,-0.000000000000000000e+00,-9.952397153597737633e-02,-5.086251026339278641e-02,-4.174958711082593643e-02,-6.723064379873751328e-02,-0.000000000000000000e+00,0.000000000000000000e+00,-0.000000000000000000e+00,0.000000000000000000e+00,1.483124180456702801e+00,-0.000000000000000000e+00,-1.825531979212905997e-01,0.000000000000000000e+00,-0.000000000000000000e+00
-0.000000000000000000e+00,-8.032502446929989937e-02,-0.000000000000000000e+00,0.000000000000000000e+00,-0.000000000000000000e+00,-0.000000000000000000e+00,0.000000000000000000e+00,0.000000000000000000e+00,0.000000000000000000e+00,-8.309025131633565597e-02,-0.000000000000000000e+00,-0.000000000000000000e+00,-0.000000000000000000e+00,-0.000000000000000000e+00,0.000000000000000000e+00,-0.000000000000000000e+00,-0.000000000000000000e+00,0.000000000000000000e+00,0.000000000000000000e+00,-0.000000000000000000e+00,0.000000000000000000e+00,-0.000000000000000000e+00,-0.000000000000000000e+00,-0.000000000000000000e+00,-0.000000000000000000e+00,0.000000000000000000e+00,-6.538903760488680439e-02,-0.000000000000000000e+00,-0.000000000000000000e+00,-3.347348708291982833e-01,-6.468648584667600898e-02,-0.000000000000000000e+00,-0.000000000000000000e+00,-0.000000000000000000e+00,-0.000000000000000000e+00,1.167225412746027313e+00,-0.000000000000000000e+00,0.000000000000000000e+00,-0.000000000000000000e+00
0.000000000000000000e+00,-0.000000000000000000e+00,-0.000000000000000000e+00,-0.000000000000000000e+00,-0.000000000000000000e+00,-1.424304522622150959e-01,0.000000000000000000e+00,-0.000000000000000000e+00,-0.000000000000000000e+00,-0.000000000000000000e+00,-1.436370822124381497e-01,-7.861534533653324885e-02,0.000000000000000000e+00,-0.000000000000000000e+00,0.000000000000000000e+00,-0.000000000000000000e+00,-0.000000000000000000e+00,0.000000000000000000e+00,-0.000000000000000000e+00,-0.000000000000000000e+00,0.000000000000000000e+00,-0.000000000000000000e+00,-0.000000000000000000e+00,-0.000000000000000000e+00,-0.000000000000000000e+00,0.000000000000000000e+00,-0.000000000000000000e+00,0.000000000000000000e+00,0.000000000000000000e+00,-1.624123195529128816e-01,-3.529221327735428126e-02,-3.240148983208205324e-01,-4.648277386164904879e-03,-0.000000000000000000e+00,-1.825531979212905997e-01,-0.000000000000000000e+00,1.330098309617414376e+00,0.000000000000000000e+00,-0.000000000000000000e+00
-3.783293632856831179e-01,0.000000000000000000e+00,-0.000000000000000000e+00,0.000000000000000000e+00,-2.675884188014498663e-02,0.000000000000000000e+00,-0.000000000000000000e+00,0.000000000000000000e+00,-2.946404627019542088e-01,0.000000000000000000e+00,4.405584008507114346e-02,-0.000000000000000000e+00,0.000000000000000000e+00,-6.272891077262505999e-02,-0.000000000000000000e+00,0.000000000000000000e+00,0.000000000000000000e+00,-2.734339819594291954e-01,-1.873069682153277460e-01,0.000000000000000000e+00,-0.000000000000000000e+00,-0.000000000000000000e+00,0.000000000000000000e+00,0.000000000000000000e+00,0.000000000000000000e+00,-0.000000000000000000e+00,0.000000000000000000e+00,-4.014729131784016726e-03,-0.000000000000000000e+00,0.000000000000000000e+00,0.000000000000000000e+00,0.000000000000000000e+00,0.000000000000000000e+00,-0.000000000000000000e+00,0.000000000000000000e+00,0.000000000000000000e+00,0.000000000000000000e+00,1.416422355699635149e+00,-0.000000000000000000e+00
-0.000000000000000000e+00,-0.000000000000000000e+00,-0.000000000000000000e+00,-6.430430549016441684e-03,-2.894049957144073301e-02,0.000000000000000000e+00,-0.000000000000000000e+00,-0.000000000000000000e+00,-2.371852930701648654e-01,0.000000000000000000e+00,0.000000000000000000e+00,-4.140206420207500626e-01,-0.000000000000000000e+00,-0.000000000000000000e+00,0.000000000000000000e+00,0.000000000000000000e+00,0.000000000000000000e+00,-0.000000000000000000e+00,-4.293617234735919164e-01,-1.170739964035108216e-01,0.000000000000000000e+00,-0.000000000000000000e+00,0.000000000000000000e+00,0.000000000000000000e+00,0.000000000000000000e+00,-0.000000000000000000e+00,-4.632442584932465468e-02,-0.000000000000000000e+00,3.820341116732778319e-02,0.000000000000000000e+00,-0.000000000000000000e+00,-0.000000000000000000e+00,0.000000000000000000e+00,-0.000000000000000000e+00,-0.000000000000000000e+00,-0.000000000000000000e+00,-0.000000000000000000e+00,-0.000000000000000000e+00,1.482279879689586854e+00
