2.126230149610134124e+00,-0.000000000000000000e+00,-1.210526463683254672e-01,0.000000000000000000e+00,-0.000000000000000000e+00,0.000000000000000000e+00,-0.000000000000000000e+00,9.775655995915025209e-03,-0.000000000000000000e+00,-0.000000000000000000e+00,-0.000000000000000000e+00,0.000000000000000000e+00,2.401695258955365009e-01,-0.000000000000000000e+00,-1.192922520703315337e-01,-0.000000000000000000e+00,0.000000000000000000e+00,-0.000000000000000000e+00,1.057819099929195421e-02,-0.000000000000000000e+00,-1.049581487205107910e-01,0.000000000000000000e+00,0.000000000000000000e+00,-0.000000000000000000e+00,-2.771919597301052418e-01,-2.977053884143338047e-01,-0.000000000000000000e+00,-0.000000000000000000e+00,-4.809111570923884083e-01,-0.000000000000000000e+00,-2.022267108098979027e-01,0.000000000000000000e+00,-2.072058016589003182e-01,0.000000000000000000e+00,-0.000000000000000000e+00,0.000000000000000000e+00,-0.000000000000000000e+00,-5.988126993964531380e-02,-0.000000000000000000e+00
-0.000000000000000000e+00,1.577412406891619323e+00,-0.000000000000000000e+00,0.000000000000000000e+00,-0.000000000000000000e+00,-0.000000000000000000e+00,0.000000000000000000e+00,0.000000000000000000e+00,-0.000000000000000000e+00,-3.381062605120562781e-01,0.000000000000000000e+00,-0.000000000000000000e+00,-0.000000000000000000e+00,-0.000000000000000000e+00,-0.000000000000000000e+00,-0.000000000000000000e+00,-0.000000000000000000e+00,0.000000000000000000e+00,-0.000000000000000000e+00,0.000000000000000000e+00,0.000000000000000000e+00,-0.000000000000000000e+00,-0.000000000000000000e+00,0.000000000000000000e+00,-0.000000000000000000e+00,0.000000000000000000e+00,0.000000000000000000e+00,0.000000000000000000e+00,0.000000000000000000e+00,-0.000000000000000000e+00,-0.000000000000000000e+00,-0.000000000000000000e+00,0.000000000000000000e+00,-2.381946493124858719e-02,0.000000000000000000e+00,-2.678711053267984199e-01,-0.000000000000000000e+00,-1.407310636437974216e-01,-6.172167708881148851e-01
-1.210526463683254672e-01,-0.000000000000000000e+00,2.366020948394299328e+00,-0.000000000000000000e+00,-4.230984747196735452e-01,0.000000000000000000e+00,-0.000000000000000000e+00,9.095931578312705934e-01,-1.834536009960476555e-01,-0.000000000000000000e+00,-0.000000000000000000e+00,0.000000000000000000e+00,0.000000000000000000e+00,-0.000000000000000000e+00,-2.170607960861011265e-01,-0.000000000000000000e+00,0.000000000000000000e+00,-0.000000000000000000e+00,0.000000000000000000e+00,-0.000000000000000000e+00,-0.000000000000000000e+00,0.000000000000000000e+00,0.000000000000000000e+00,-0.000000000000000000e+00,-1.606217356337169833e-01,-1.089752321878958569e-01,-0.000000000000000000e+00,-9.651503992906368401e-02,-0.000000000000000000e+00,-0.000000000000000000e+00,-1.956392523842206965e-01,0.000000000000000000e+00,-1.723517202285349548e-01,-0.000000000000000000e+00,-0.000000000000000000e+00,-0.000000000000000000e+00,0.000000000000000000e+00,-0.000000000000000000e+00,-0.000000000000000000e+00
0.000000000000000000e+00,0.000000000000000000e+00,-0.000000000000000000e+00,1.646755682740003612e+00,-0.000000000000000000e+00,-0.000000000000000000e+00,-0.000000000000000000e+00,0.000000000000000000e+00,-0.000000000000000000e+00,0.000000000000000000e+00,0.000000000000000000e+00,0.000000000000000000e+00,-0.000000000000000000e+00,0.000000000000000000e+00,3.231463930156047715e-01,0.000000000000000000e+00,0.000000000000000000e+00,-5.714605018420026994e-01,-5.018020075657799728e-01,0.000000000000000000e+00,0.000000000000000000e+00,0.000000000000000000e+00,-3.566422284803583836e-02,-0.000000000000000000e+00,0.000000000000000000e+00,0.000000000000000000e+00,-0.000000000000000000e+00,0.000000000000000000e+00,0.000000000000000000e+00,-0.000000000000000000e+00,0.000000000000000000e+00,-0.000000000000000000e+00,0.000000000000000000e+00,-0.000000000000000000e+00,0.000000000000000000e+00,-0.000000000000000000e+00,-0.000000000000000000e+00,0.000000000000000000e+00,0.000000000000000000e+00
-0.000000000000000000e+00,-0.000000000000000000e+00,-4.230984747196735452e-01,-0.000000000000000000e+00,1.562135114599040753e+00,0.000000000000000000e+00,-2.137841602215961867e-02,3.664660537785157657e-01,-0.000000000000000000e+00,-0.000000000000000000e+00,0.000000000000000000e+00,0.000000000000000000e+00,0.000000000000000000e+00,-8.387689348995668037e-02,-0.000000000000000000e+00,-1.673171374931430033e-02,0.000000000000000000e+00,-2.273586065444463955e-01,-0.000000000000000000e+00,-0.000000000000000000e+00,-0.000000000000000000e+00,0.000000000000000000e+00,0.000000000000000000e+00,-0.000000000000000000e+00,-9.388557639787453724e-02,-0.000000000000000000e+00,-0.000000000000000000e+00,-0.000000000000000000e+00,-0.000000000000000000e+00,-0.000000000000000000e+00,-0.000000000000000000e+00,1.370723902875449832e-02,-0.000000000000000000e+00,-2.704797788605156628e-01,-0.000000000000000000e+00,-0.000000000000000000e+00,0.000000000000000000e+00,-0.000000000000000000e+00,-0.000000000000000000e+00
0.000000000000000000e+00,-0.000000000000000000e+00,0.000000000000000000e+00,-0.000000000000000000e+00,0.000000000000000000e+00,2.271321774370305135e+00,0.000000000000000000e+00,-0.000000000000000000e+00,0.000000000000000000e+00,0.000000000000000000e+00,0.000000000000000000e+00,0.000000000000000000e+00,-0.000000000000000000e+00,0.000000000000000000e+00,2.569443679122509483e-01,0.000000000000000000e+00,0.000000000000000000e+00,-0.000000000000000000e+00,-0.000000000000000000e+00,3.868770340573386979e-01,8.900155856636471352e-02,0.000000000000000000e+00,-5.676424931937640306e-01,-0.000000000000000000e+00,0.000000000000000000e+00,0.000000000000000000e+00,-0.000000000000000000e+00,0.000000000000000000e+00,0.000000000000000000e+00,-0.000000000000000000e+00,0.000000000000000000e+00,-5.927100104935294489e-01,3.894504524182083594e-01,-0.000000000000000000e+00,0.000000000000000000e+00,0.000000000000000000e+00,-1.423511996121500089e-01,-0.000000000000000000e+00,-0.000000000000000000e+00
-0.000000000000000000e+00,0.000000000000000000e+00,-0.000000000000000000e+00,-0.000000000000000000e+00,-2.137841602215961867e-02,0.000000000000000000e+00,1.212683220268624185e+00,0.000000000000000000e+00,-0.000000000000000000e+00,0.000000000000000000e+00,-0.000000000000000000e+00,4.210052923530271385e-01,0.000000000000000000e+00,-0.000000000000000000e+00,0.000000000000000000e+00,-0.000000000000000000e+00,0.000000000000000000e+00,-1.265002297918563501e-01,0.000000000000000000e+00,-6.847486379991972461e-02,-8.507974260209853409e-03,0.000000000000000000e+00,0.000000000000000000e+00,-0.000000000000000000e+00,-0.000000000000000000e+00,-0.000000000000000000e+00,-0.000000000000000000e+00,-1.205084269831730864e-01,-0.000000000000000000e+00,-0.000000000000000000e+00,-0.000000000000000000e+00,1.421205640654380105e-02,-0.000000000000000000e+00,0.000000000000000000e+00,-0.000000000000000000e+00,0.000000000000000000e+00,0.000000000000000000e+00,0.000000000000000000e+00,0.000000000000000000e+00
9.775655995915025209e-03,0.000000000000000000e+00,9.095931578312705934e-01,0.000000000000000000e+00,3.664660537785157657e-01,-0.000000000000000000e+00,0.000000000000000000e+00,2.096508751635410839e+00,1.063744559469804452e-01,0.000000000000000000e+00,0.000000000000000000e+00,-0.000000000000000000e+00,-0.000000000000000000e+00,1.724087406155714597e-01,0.000000000000000000e+00,0.000000000000000000e+00,-0.000000000000000000e+00,8.946337937434505061e-02,0.000000000000000000e+00,0.000000000000000000e+00,0.000000000000000000e+00,-0.000000000000000000e+00,0.000000000000000000e+00,0.000000000000000000e+00,2.468006270236354494e-01,0.000000000000000000e+00,1.119321215620580207e-01,7.049995499973629731e-02,0.000000000000000000e+00,0.000000000000000000e+00,0.000000000000000000e+00,-0.000000000000000000e+00,0.000000000000000000e+00,0.000000000000000000e+00,0.000000000000000000e+00,0.000000000000000000e+00,0.000000000000000000e+00,0.000000000000000000e+00,0.000000000000000000e+00
-0.000000000000000000e+00,-0.000000000000000000e+00,-1.834536009960476555e-01,-0.000000000000000000e+00,-0.000000000000000000e+00,0.000000000000000000e+00,-0.000000000000000000e+00,1.063744559469804452e-01,1.710530786332935982e+00,-0.000000000000000000e+00,0.000000000000000000e+00,0.000000000000000000e+00,0.000000000000000000e+00,-1.862249567986044296e-01,-0.000000000000000000e+00,-3.970121650667705615e-01,0.000000000000000000e+00,-0.000000000000000000e+00,0.000000000000000000e+00,-0.000000000000000000e+00,-0.000000000000000000e+00,0.000000000000000000e+00,-0.000000000000000000e+00,-0.000000000000000000e+00,-2.531066559116742498e-01,-5.384002761510667950e-02,-0.000000000000000000e+00,-3.092804021307208120e-02,-0.000000000000000000e+00,-4.339870774881529059e-01,-1.014681899494012827e-03,0.000000000000000000e+00,-0.000000000000000000e+00,-0.000000000000000000e+00,-0.000000000000000000e+00,-0.000000000000000000e+00,-0.000000000000000000e+00,-0.000000000000000000e+00,-4.639524331001817353e-02
-0.000000000000000000e+00,-3.381062605120562781e-01,-0.000000000000000000e+00,0.000000000000000000e+00,-0.000000000000000000e+00,0.000000000000000000e+00,0.000000000000000000e+00,0.000000000000000000e+00,-0.000000000000000000e+00,1.616173989393912214e+00,1.449124127053059430e-01,-0.000000000000000000e+00,-0.000000000000000000e+00,-0.000000000000000000e+00,-0.000000000000000000e+00,-5.658945428790640442e-01,-0.000000000000000000e+00,0.000000000000000000e+00,-0.000000000000000000e+00,0.000000000000000000e+00,0.000000000000000000e+00,-0.000000000000000000e+00,-0.000000000000000000e+00,-0.000000000000000000e+00,-0.000000000000000000e+00,0.000000000000000000e+00,0.000000000000000000e+00,0.000000000000000000e+00,0.000000000000000000e+00,-1.966207971517517916e-01,-0.000000000000000000e+00,0.000000000000000000e+00,0.000000000000000000e+00,-3.305146462167133509e-02,0.000000000000000000e+00,-2.434871532518874115e-01,0.000000000000000000e+00,-1.552889299624746755e-01,-0.000000000000000000e+00
-0.000000000000000000e+00,0.000000000000000000e+00,-0.000000000000000000e+00,0.000000000000000000e+00,0.000000000000000000e+00,0.000000000000000000e+00,-0.000000000000000000e+00,0.000000000000000000e+00,0.000000000000000000e+00,1.449124127053059430e-01,1.149364528034759969e+00,0.000000000000000000e+00,0.000000000000000000e+00,-0.000000000000000000e+00,-0.000000000000000000e+00,0.000000000000000000e+00,-0.000000000000000000e+00,0.000000000000000000e+00,0.000000000000000000e+00,-0.000000000000000000e+00,-0.000000000000000000e+00,0.000000000000000000e+00,1.407609977318849404e-01,-0.000000000000000000e+00,-0.000000000000000000e+00,-0.000000000000000000e+00,-0.000000000000000000e+00,-0.000000000000000000e+00,-3.451974598763557500e-01,0.000000000000000000e+00,-0.000000000000000000e+00,-0.000000000000000000e+00,-0.000000000000000000e+00,2.001840373731597275e-02,-0.000000000000000000e+00,0.000000000000000000e+00,-0.000000000000000000e+00,0.000000000000000000e+00,0.000000000000000000e+00
0.000000000000000000e+00,-0.000000000000000000e+00,0.000000000000000000e+00,0.000000000000000000e+00,0.000000000000000000e+00,0.000000000000000000e+00,4.210052923530271385e-01,-0.000000000000000000e+00,0.000000000000000000e+00,-0.000000000000000000e+00,0.000000000000000000e+00,1.477621566574132350e+00,-4.017648862429046112e-03,0.000000000000000000e+00,-2.585284706399262333e-01,0.000000000000000000e+00,-1.355347138551171449e-01,0.000000000000000000e+00,-0.000000000000000000e+00,0.000000000000000000e+00,0.000000000000000000e+00,-1.624751116221076763e-01,0.000000000000000000e+00,2.124357425938092347e-01,0.000000000000000000e+00,0.000000000000000000e+00,0.000000000000000000e+00,5.955344167443152315e-02,0.000000000000000000e+00,0.000000000000000000e+00,0.000000000000000000e+00,0.000000000000000000e+00,0.000000000000000000e+00,-0.000000000000000000e+00,1.946483075488139869e-01,-1.725931891661020012e-01,0.000000000000000000e+00,-0.000000000000000000e+00,-0.000000000000000000e+00
2.401695258955365009e-01,-0.000000000000000000e+00,0.000000000000000000e+00,-0.000000000000000000e+00,0.000000000000000000e+00,-0.000000000000000000e+00,0.000000000000000000e+00,-0.000000000000000000e+00,0.000000000000000000e+00,-0.000000000000000000e+00,0.000000000000000000e+00,-4.017648862429046112e-03,2.077313938552576289e+00,0.000000000000000000e+00,0.000000000000000000e+00,0.000000000000000000e+00,-1.134220343546236548e-01,0.000000000000000000e+00,-8.729539805941054220e-02,2.402329434726211896e-02,0.000000000000000000e+00,-0.000000000000000000e+00,-0.000000000000000000e+00,0.000000000000000000e+00,0.000000000000000000e+00,3.791585092623457331e-01,2.536908922354787488e-01,4.345190435336874768e-01,1.738732816942021864e-01,0.000000000000000000e+00,2.352442145081627134e-01,-0.000000000000000000e+00,5.343613261249643975e-02,-0.000000000000000000e+00,5.157900734321857472e-02,-0.000000000000000000e+00,0.000000000000000000e+00,-0.000000000000000000e+00,-0.000000000000000000e+00
-0.000000000000000000e+00,-0.000000000000000000e+00,-0.000000000000000000e+00,0.000000000000000000e+00,-8.387689348995668037e-02,0.000000000000000000e+00,-0.000000000000000000e+00,1.724087406155714597e-01,-1.862249567986044296e-01,-0.000000000000000000e+00,-0.000000000000000000e+00,0.000000000000000000e+00,0.000000000000000000e+00,1.845649810524618850e+00,-0.000000000000000000e+00,-0.000000000000000000e+00,0.000000000000000000e+00,-0.000000000000000000e+00,0.000000000000000000e+00,-0.000000000000000000e+00,-0.000000000000000000e+00,2.100950923411019355e-01,-0.000000000000000000e+00,-2.256182926894075569e-01,-2.733839754758818907e-01,-1.261159171810766755e-01,-0.000000000000000000e+00,-1.075104771168078066e-01,-2.906068597833740344e-03,-1.463496858082396213e-01,-0.000000000000000000e+00,0.000000000000000000e+00,-0.000000000000000000e+00,0.000000000000000000e+00,-3.730595017921133905e-01,-0.000000000000000000e+00,-0.000000000000000000e+00,-1.560585429731398219e-03,-0.000000000000000000e+00
-1.192922520703315337e-01,-0.000000000000000000e+00,-2.170607960861011265e-01,3.231463930156047715e-01,-0.000000000000000000e+00,2.569443679122509483e-01,0.000000000000000000e+00,0.000000000000000000e+00,-0.000000000000000000e+00,-0.000000000000000000e+00,-0.000000000000000000e+00,-2.585284706399262333e-01,0.000000000000000000e+00,-0.000000000000000000e+00,1.525123461780917511e+00,-0.000000000000000000e+00,-0.000000000000000000e+00,0.000000000000000000e+00,0.000000000000000000e+00,-1.418836154526813553e-01,-0.000000000000000000e+00,-0.000000000000000000e+00,0.000000000000000000e+00,0.000000000000000000e+00,-0.000000000000000000e+00,-0.000000000000000000e+00,0.000000000000000000e+00,-0.000000000000000000e+00,-0.000000000000000000e+00,-0.000000000000000000e+00,-1.765268774300366161e-01,0.000000000000000000e+00,-6.264340338206630943e-02,-0.000000000000000000e+00,-0.000000000000000000e+00,-0.000000000000000000e+00,0.000000000000000000e+00,-1.036468667064722182e-01,-0.000000000000000000e+00
-0.000000000000000000e+00,-0.000000000000000000e+00,-0.000000000000000000e+00,0.000000000000000000e+00,-1.673171374931430033e-02,0.000000000000000000e+00,-0.000000000000000000e+00,0.000000000000000000e+00,-3.970121650667705615e-01,-5.658945428790640442e-01,0.000000000000000000e+00,0.000000000000000000e+00,0.000000000000000000e+00,-0.000000000000000000e+00,-0.000000000000000000e+00,1.628919320320227682e+00,0.000000000000000000e+00,-0.000000000000000000e+00,0.000000000000000000e+00,-0.000000000000000000e+00,-0.000000000000000000e+00,0.000000000000000000e+00,-0.000000000000000000e+00,-0.000000000000000000e+00,-7.157084633279561792e-02,-0.000000000000000000e+00,0.000000000000000000e+00,-0.000000000000000000e+00,-0.000000000000000000e+00,-2.638952788555731233e-01,-0.000000000000000000e+00,1.650936921378743927e-01,-0.000000000000000000e+00,-0.000000000000000000e+00,-0.000000000000000000e+00,-8.151946380796154523e-02,0.000000000000000000e+00,-0.000000000000000000e+00,-0.000000000000000000e+00
0.000000000000000000e+00,-0.000000000000000000e+00,0.000000000000000000e+00,0.000000000000000000e+00,0.000000000000000000e+00,0.000000000000000000e+00,0.000000000000000000e+00,-0.000000000000000000e+00,0.000000000000000000e+00,-0.000000000000000000e+00,-0.000000000000000000e+00,-1.355347138551171449e-01,-1.134220343546236548e-01,0.000000000000000000e+00,-0.000000000000000000e+00,0.000000000000000000e+00,1.290990345698725061e+00,0.000000000000000000e+00,-0.000000000000000000e+00,0.000000000000000000e+00,0.000000000000000000e+00,-0.000000000000000000e+00,0.000000000000000000e+00,1.684855641960014139e-01,0.000000000000000000e+00,0.000000000000000000e+00,1.003370460759338278e-01,4.051140959902482103e-02,0.000000000000000000e+00,0.000000000000000000e+00,0.000000000000000000e+00,0.000000000000000000e+00,0.000000000000000000e+00,-8.869354450454626504e-02,1.559167657220318359e-01,-9.384755230014955873e-02,1.197824363919550161e-01,-0.000000000000000000e+00,-0.000000000000000000e+00
-0.000000000000000000e+00,0.000000000000000000e+00,-0.000000000000000000e+00,-5.714605018420026994e-01,-2.273586065444463955e-01,-0.000000000000000000e+00,-1.265002297918563501e-01,8.946337937434505061e-02,-0.000000000000000000e+00,0.000000000000000000e+00,0.000000000000000000e+00,0.000000000000000000e+00,0.000000000000000000e+00,-0.000000000000000000e+00,0.000000000000000000e+00,-0.000000000000000000e+00,0.000000000000000000e+00,1.492551110719625429e+00,-3.293745157521389966e-01,-0.000000000000000000e+00,-0.000000000000000000e+00,0.000000000000000000e+00,-0.000000000000000000e+00,-0.000000000000000000e+00,-0.000000000000000000e+00,-0.000000000000000000e+00,-0.000000000000000000e+00,-0.000000000000000000e+00,-0.000000000000000000e+00,-0.000000000000000000e+00,-0.000000000000000000e+00,-0.000000000000000000e+00,-0.000000000000000000e+00,-0.000000000000000000e+00,-0.000000000000000000e+00,-0.000000000000000000e+00,-0.000000000000000000e+00,0.000000000000000000e+00,0.000000000000000000e+00
1.057819099929195421e-02,-0.000000000000000000e+00,0.000000000000000000e+00,-5.018020075657799728e-01,-0.000000000000000000e+00,-0.000000000000000000e+00,0.000000000000000000e+00,0.000000000000000000e+00,0.000000000000000000e+00,-0.000000000000000000e+00,0.000000000000000000e+00,-0.000000000000000000e+00,-8.729539805941054220e-02,0.000000000000000000e+00,0.000000000000000000e+00,0.000000000000000000e+00,-0.000000000000000000e+00,-3.293745157521389966e-01,1.881509700315125766e+00,3.941842226401293808e-02,1.460986401089039433e-01,-0.000000000000000000e+00,-0.000000000000000000e+00,0.000000000000000000e+00,0.000000000000000000e+00,0.000000000000000000e+00,0.000000000000000000e+00,0.000000000000000000e+00,2.157866814792118448e-01,-0.000000000000000000e+00,0.000000000000000000e+00,-0.000000000000000000e+00,1.264466660931318764e-01,-5.418086346165061906e-01,1.176573498114032446e-01,-0.000000000000000000e+00,0.000000000000000000e+00,0.000000000000000000e+00,0.000000000000000000e+00
-0.000000000000000000e+00,0.000000000000000000e+00,-0.000000000000000000e+00,0.000000000000000000e+00,-0.000000000000000000e+00,3.868770340573386979e-01,-6.847486379991972461e-02,0.000000000000000000e+00,-0.000000000000000000e+00,0.000000000000000000e+00,-0.000000000000000000e+00,0.000000000000000000e+00,2.402329434726211896e-02,-0.000000000000000000e+00,-1.418836154526813553e-01,-0.000000000000000000e+00,0.000000000000000000e+00,-0.000000000000000000e+00,3.941842226401293808e-02,2.557353725106225273e+00,-6.038101205204974287e-01,0.000000000000000000e+00,1.293751581366602565e-01,0.000000000000000000e+00,-0.000000000000000000e+00,-1.028287788120973156e-01,-0.000000000000000000e+00,-4.078321586062379212e-02,-0.000000000000000000e+00,0.000000000000000000e+00,-2.652055121225489476e-01,3.870077780030559134e-01,-5.811071560465280728e-01,0.000000000000000000e+00,-0.000000000000000000e+00,0.000000000000000000e+00,0.000000000000000000e+00,0.000000000000000000e+00,0.000000000000000000e+00
-1.049581487205107910e-01,0.000000000000000000e+00,-0.000000000000000000e+00,0.000000000000000000e+00,-0.000000000000000000e+00,8.900155856636471352e-02,-8.507974260209853409e-03,0.000000000000000000e+00,-0.000000000000000000e+00,0.000000000000000000e+00,-0.000000000000000000e+00,0.000000000000000000e+00,0.000000000000000000e+00,-0.000000000000000000e+00,-0.000000000000000000e+00,-0.000000000000000000e+00,0.000000000000000000e+00,-0.000000000000000000e+00,1.460986401089039433e-01,-6.038101205204974287e-01,2.369472063241770066e+00,0.000000000000000000e+00,2.740699420887832138e-02,-0.000000000000000000e+00,-0.000000000000000000e+00,-1.371837058277042554e-01,-0.000000000000000000e+00,-1.156192866882055359e-01,-1.298203318949091023e-01,0.000000000000000000e+00,-3.026586740089559635e-01,1.741628882343356222e-01,-5.435820471076963090e-01,0.000000000000000000e+00,-3.130643449587157401e-02,0.000000000000000000e+00,0.000000000000000000e+00,0.000000000000000000e+00,0.000000000000000000e+00
0.000000000000000000e+00,-0.000000000000000000e+00,0.000000000000000000e+00,0.000000000000000000e+00,0.000000000000000000e+00,0.000000000000000000e+00,0.000000000000000000e+00,-0.000000000000000000e+00,0.000000000000000000e+00,-0.000000000000000000e+00,0.000000000000000000e+00,-1.624751116221076763e-01,-0.000000000000000000e+00,2.100950923411019355e-01,-0.000000000000000000e+00,0.000000000000000000e+00,-0.000000000000000000e+00,0.000000000000000000e+00,-0.000000000000000000e+00,0.000000000000000000e+00,0.000000000000000000e+00,1.479552631993254153e+00,0.000000000000000000e+00,3.607863121019706520e-01,4.139999172072583722e-02,0.000000000000000000e+00,0.000000000000000000e+00,0.000000000000000000e+00,2.126421281748460956e-01,0.000000000000000000e+00,0.000000000000000000e+00,0.000000000000000000e+00,0.000000000000000000e+00,-0.000000000000000000e+00,1.716894940842323691e-01,-0.000000000000000000e+00,2.563384390648287305e-03,0.000000000000000000e+00,0.000000000000000000e+00
0.000000000000000000e+00,-0.000000000000000000e+00,0.000000000000000000e+00,-3.566422284803583836e-02,0.000000000000000000e+00,-5.676424931937640306e-01,0.000000000000000000e+00,0.000000000000000000e+00,-0.000000000000000000e+00,-0.000000000000000000e+00,1.407609977318849404e-01,0.000000000000000000e+00,-0.000000000000000000e+00,-0.000000000000000000e+00,0.000000000000000000e+00,-0.000000000000000000e+00,0.000000000000000000e+00,-0.000000000000000000e+00,-0.000000000000000000e+00,1.293751581366602565e-01,2.740699420887832138e-02,0.000000000000000000e+00,1.586280616530326260e+00,-2.301010424020160372e-01,-0.000000000000000000e+00,0.000000000000000000e+00,-0.000000000000000000e+00,0.000000000000000000e+00,0.000000000000000000e+00,-2.635398060504096085e-01,0.000000000000000000e+00,-2.144413269486684578e-02,4.440518347894607289e-03,-0.000000000000000000e+00,-0.000000000000000000e+00,-0.000000000000000000e+00,-2.262840146881406334e-01,-0.000000000000000000e+00,-0.000000000000000000e+00
-0.000000000000000000e+00,0.000000000000000000e+00,-0.000000000000000000e+00,-0.000000000000000000e+00,-0.000000000000000000e+00,-0.000000000000000000e+00,-0.000000000000000000e+00,0.000000000000000000e+00,-0.000000000000000000e+00,-0.000000000000000000e+00,-0.000000000000000000e+00,2.124357425938092347e-01,0.000000000000000000e+00,-2.256182926894075569e-01,0.000000000000000000e+00,-0.000000000000000000e+00,1.684855641960014139e-01,-0.000000000000000000e+00,0.000000000000000000e+00,0.000000000000000000e+00,-0.000000000000000000e+00,3.607863121019706520e-01,-2.301010424020160372e-01,2.108512511393748845e+00,-1.805788621288041684e-02,-0.000000000000000000e+00,-2.066650568365906160e-01,-0.000000000000000000e+00,-0.000000000000000000e+00,-4.682967422194225099e-02,-0.000000000000000000e+00,-0.000000000000000000e+00,-0.000000000000000000e+00,0.000000000000000000e+00,-4.001088866643618958e-01,0.000000000000000000e+00,-6.422332158810107883e-01,-0.000000000000000000e+00,-0.000000000000000000e+00
-2.771919597301052418e-01,-0.000000000000000000e+00,-1.606217356337169833e-01,0.000000000000000000e+00,-9.388557639787453724e-02,0.000000000000000000e+00,-0.000000000000000000e+00,2.468006270236354494e-01,-2.531066559116742498e-01,-0.000000000000000000e+00,-0.000000000000000000e+00,0.000000000000000000e+00,0.000000000000000000e+00,-2.733839754758818907e-01,-0.000000000000000000e+00,-7.157084633279561792e-02,0.000000000000000000e+00,-0.000000000000000000e+00,0.000000000000000000e+00,-0.000000000000000000e+00,-0.000000000000000000e+00,4.139999172072583722e-02,-0.000000000000000000e+00,-1.805788621288041684e-02,1.835831601224985121e+00,-3.910660208127100801e-02,-0.000000000000000000e+00,-1.753919874993032368e-01,-6.509185194953287512e-02,-0.000000000000000000e+00,-0.000000000000000000e+00,0.000000000000000000e+00,-5.549869750299959992e-02,-0.000000000000000000e+00,-3.133202514940462008e-02,-0.000000000000000000e+00,-0.000000000000000000e+00,-5.525593618406902247e-02,-5.672669522476567194e-02
-2.977053884143338047e-01,0.000000000000000000e+00,-1.089752321878958569e-01,0.000000000000000000e+00,-0.000000000000000000e+00,0.000000000000000000e+00,-0.000000000000000000e+00,0.000000000000000000e+00,-5.384002761510667950e-02,0.000000000000000000e+00,-0.000000000000000000e+00,0.000000000000000000e+00,3.791585092623457331e-01,-1.261159171810766755e-01,-0.000000000000000000e+00,-0.000000000000000000e+00,0.000000000000000000e+00,-0.000000000000000000e+00,0.000000000000000000e+00,-1.028287788120973156e-01,-1.371837058277042554e-01,0.000000000000000000e+00,0.000000000000000000e+00,-0.000000000000000000e+00,-3.910660208127100801e-02,2.754019927168083193e+00,-1.480075221527825946e-01,-5.098142778323694335e-01,-4.471644934848508779e-01,-0.000000000000000000e+00,-1.411596369933922901e-01,0.000000000000000000e+00,-1.993887520156797655e-01,0.000000000000000000e+00,-2.996580681145145642e-01,0.000000000000000000e+00,-0.000000000000000000e+00,-0.000000000000000000e+00,0.000000000000000000e+00
-0.000000000000000000e+00,0.000000000000000000e+00,-0.000000000000000000e+00,-0.000000000000000000e+00,-0.000000000000000000e+00,-0.000000000000000000e+00,-0.000000000000000000e+00,1.119321215620580207e-01,-0.000000000000000000e+00,0.000000000000000000e+00,-0.000000000000000000e+00,0.000000000000000000e+00,2.536908922354787488e-01,-0.000000000000000000e+00,0.000000000000000000e+00,0.000000000000000000e+00,1.003370460759338278e-01,-0.000000000000000000e+00,0.000000000000000000e+00,-0.000000000000000000e+00,-0.000000000000000000e+00,0.000000000000000000e+00,-0.000000000000000000e+00,-2.066650568365906160e-01,-0.000000000000000000e+00,-1.480075221527825946e-01,1.469289087149327599e+00,-1.686595899020224831e-01,-0.000000000000000000e+00,-0.000000000000000000e+00,-0.000000000000000000e+00,-0.000000000000000000e+00,-0.000000000000000000e+00,0.000000000000000000e+00,-0.000000000000000000e+00,4.638957252376386953e-02,-2.673234602289545347e-01,-0.000000000000000000e+00,-0.000000000000000000e+00
-0.000000000000000000e+00,0.000000000000000000e+00,-9.651503992906368401e-02,0.000000000000000000e+00,-0.000000000000000000e+00,0.000000000000000000e+00,-1.205084269831730864e-01,7.049995499973629731e-02,-3.092804021307208120e-02,0.000000000000000000e+00,-0.000000000000000000e+00,5.955344167443152315e-02,4.345190435336874768e-01,-1.075104771168078066e-01,-0.000000000000000000e+00,-0.000000000000000000e+00,4.051140959902482103e-02,-0.000000000000000000e+00,0.000000000000000000e+00,-4.078321586062379212e-02,-1.156192866882055359e-01,0.000000000000000000e+00,0.000000000000000000e+00,-0.000000000000000000e+00,-1.753919874993032368e-01,-5.098142778323694335e-01,-1.686595899020224831e-01,2.514132536893353365e+00,-3.029120678249082044e-01,-0.000000000000000000e+00,-8.273723137994475063e-02,0.000000000000000000e+00,-1.969667203977589764e-01,0.000000000000000000e+00,-2.486445922647978202e-01,0.000000000000000000e+00,-0.000000000000000000e+00,-0.000000000000000000e+00,-0.000000000000000000e+00
-4.809111570923884083e-01,0.000000000000000000e+00,-0.000000000000000000e+00,0.000000000000000000e+00,-0.000000000000000000e+00,0.000000000000000000e+00,-0.000000000000000000e+00,0.000000000000000000e+00,-0.000000000000000000e+00,0.000000000000000000e+00,-3.451974598763557500e-01,0.000000000000000000e+00,1.738732816942021864e-01,-2.906068597833740344e-03,-0.000000000000000000e+00,-0.000000000000000000e+00,0.000000000000000000e+00,-0.000000000000000000e+00,2.157866814792118448e-01,-0.000000000000000000e+00,-1.298203318949091023e-01,2.126421281748460956e-01,0.000000000000000000e+00,-0.000000000000000000e+00,-6.509185194953287512e-02,-4.471644934848508779e-01,-0.000000000000000000e+00,-3.029120678249082044e-01,2.625985288812917595e+00,-0.000000000000000000e+00,-0.000000000000000000e+00,0.000000000000000000e+00,-1.274210615410643621e-01,2.264482530980519229e-02,-4.984137646642590735e-01,0.000000000000000000e+00,-0.000000000000000000e+00,-0.000000000000000000e+00,-0.000000000000000000e+00
-0.000000000000000000e+00,-0.000000000000000000e+00,-0.000000000000000000e+00,-0.000000000000000000e+00,-0.000000000000000000e+00,-0.000000000000000000e+00,-0.000000000000000000e+00,0.000000000000000000e+00,-4.339870774881529059e-01,-1.966207971517517916e-01,0.000000000000000000e+00,0.000000000000000000e+00,0.000000000000000000e+00,-1.463496858082396213e-01,-0.000000000000000000e+00,-2.638952788555731233e-01,0.000000000000000000e+00,-0.000000000000000000e+00,-0.000000000000000000e+00,0.000000000000000000e+00,0.000000000000000000e+00,0.000000000000000000e+00,-2.635398060504096085e-01,-4.682967422194225099e-02,-0.000000000000000000e+00,-0.000000000000000000e+00,-0.000000000000000000e+00,-0.000000000000000000e+00,-0.000000000000000000e+00,1.479216290106684761e+00,-0.000000000000000000e+00,-0.000000000000000000e+00,0.000000000000000000e+00,-0.000000000000000000e+00,-0.000000000000000000e+00,-0.000000000000000000e+00,-0.000000000000000000e+00,-0.000000000000000000e+00,-0.000000000000000000e+00
-2.022267108098979027e-01,-0.000000000000000000e+00,-1.956392523842206965e-01,0.000000000000000000e+00,-0.000000000000000000e+00,0.000000000000000000e+00,-0.000000000000000000e+00,0.000000000000000000e+00,-1.014681899494012827e-03,-0.000000000000000000e+00,-0.000000000000000000e+00,0.000000000000000000e+00,2.352442145081627134e-01,-0.000000000000000000e+00,-1.765268774300366161e-01,-0.000000000000000000e+00,0.000000000000000000e+00,-0.000000000000000000e+00,0.000000000000000000e+00,-2.652055121225489476e-01,-3.026586740089559635e-01,0.000000000000000000e+00,0.000000000000000000e+00,-0.000000000000000000e+00,-0.000000000000000000e+00,-1.411596369933922901e-01,-0.000000000000000000e+00,-8.273723137994475063e-02,-0.000000000000000000e+00,-0.000000000000000000e+00,1.917659262657273267e+00,0.000000000000000000e+00,-1.941131038099022654e-01,0.000000000000000000e+00,-0.000000000000000000e+00,-0.000000000000000000e+00,0.000000000000000000e+00,-0.000000000000000000e+00,-0.000000000000000000e+00
0.000000000000000000e+00,-0.000000000000000000e+00,0.000000000000000000e+00,-0.000000000000000000e+00,1.370723902875449832e-02,-5.927100104935294489e-01,1.421205640654380105e-02,-0.000000000000000000e+00,0.000000000000000000e+00,0.000000000000000000e+00,-0.000000000000000000e+00,0.000000000000000000e+00,-0.000000000000000000e+00,0.000000000000000000e+00,0.000000000000000000e+00,1.650936921378743927e-01,0.000000000000000000e+00,-0.000000000000000000e+00,-0.000000000000000000e+00,3.870077780030559134e-01,1.741628882343356222e-01,0.000000000000000000e+00,-2.144413269486684578e-02,-0.000000000000000000e+00,0.000000000000000000e+00,0.000000000000000000e+00,-0.000000000000000000e+00,0.000000000000000000e+00,0.000000000000000000e+00,-0.000000000000000000e+00,0.000000000000000000e+00,1.950556795701196888e+00,0.000000000000000000e+00,0.000000000000000000e+00,0.000000000000000000e+00,0.000000000000000000e+00,-6.132450274680395497e-01,-0.000000000000000000e+00,-0.000000000000000000e+00
-2.072058016589003182e-01,0.000000000000000000e+00,-1.723517202285349548e-01,0.000000000000000000e+00,-0.000000000000000000e+00,3.894504524182083594e-01,-0.000000000000000000e+00,0.000000000000000000e+00,-0.000000000000000000e+00,0.000000000000000000e+00,-0.000000000000000000e+00,0.000000000000000000e+00,5.343613261249643975e-02,-0.000000000000000000e+00,-6.264340338206630943e-02,-0.000000000000000000e+00,0.000000000000000000e+00,-0.000000000000000000e+00,1.264466660931318764e-01,-5.811071560465280728e-01,-5.435820471076963090e-01,0.000000000000000000e+00,4.440518347894607289e-03,-0.000000000000000000e+00,-5.549869750299959992e-02,-1.993887520156797655e-01,-0.000000000000000000e+00,-1.969667203977589764e-01,-1.274210615410643621e-01,0.000000000000000000e+00,-1.941131038099022654e-01,0.000000000000000000e+00,2.674236973058364164e+00,0.000000000000000000e+00,-0.000000000000000000e+00,0.000000000000000000e+00,0.000000000000000000e+00,-0.000000000000000000e+00,-0.000000000000000000e+00
0.000000000000000000e+00,-2.381946493124858719e-02,-0.000000000000000000e+00,-0.000000000000000000e+00,-2.704797788605156628e-01,-0.000000000000000000e+00,0.000000000000000000e+00,0.000000000000000000e+00,-0.000000000000000000e+00,-3.305146462167133509e-02,2.001840373731597275e-02,-0.000000000000000000e+00,-0.000000000000000000e+00,0.000000000000000000e+00,-0.000000000000000000e+00,-0.000000000000000000e+00,-8.869354450454626504e-02,-0.000000000000000000e+00,-5.418086346165061906e-01,0.000000000000000000e+00,0.000000000000000000e+00,-0.000000000000000000e+00,-0.000000000000000000e+00,0.000000000000000000e+00,-0.000000000000000000e+00,0.000000000000000000e+00,0.000000000000000000e+00,0.000000000000000000e+00,2.264482530980519229e-02,-0.000000000000000000e+00,0.000000000000000000e+00,0.000000000000000000e+00,0.000000000000000000e+00,1.602195589430496891e+00,0.000000000000000000e+00,-5.803440018214585105e-01,0.000000000000000000e+00,-0.000000000000000000e+00,-0.000000000000000000e+00
-0.000000000000000000e+00,0.000000000000000000e+00,-0.000000000000000000e+00,0.000000000000000000e+00,-0.000000000000000000e+00,0.000000000000000000e+00,-0.000000000000000000e+00,0.000000000000000000e+00,-0.000000000000000000e+00,0.000000000000000000e+00,-0.000000000000000000e+00,1.946483075488139869e-01,5.157900734321857472e-02,-3.730595017921133905e-01,-0.000000000000000000e+00,-0.000000000000000000e+00,1.559167657220318359e-01,-0.000000000000000000e+00,1.176573498114032446e-01,-0.000000000000000000e+00,-3.130643449587157401e-02,1.716894940842323691e-01,-0.000000000000000000e+00,-4.001088866643618958e-01,-3.133202514940462008e-02,-2.996580681145145642e-01,-0.000000000000000000e+00,-2.486445922647978202e-01,-4.984137646642590735e-01,-0.000000000000000000e+00,-0.000000000000000000e+00,0.000000000000000000e+00,-0.000000000000000000e+00,0.000000000000000000e+00,2.325031307958718596e+00,0.000000000000000000e+00,-4.245395941856875549e-02,-0.000000000000000000e+00,-0.000000000000000000e+00
0.000000000000000000e+00,-2.678711053267984199e-01,-0.000000000000000000e+00,-0.000000000000000000e+00,-0.000000000000000000e+00,0.000000000000000000e+00,0.000000000000000000e+00,0.000000000000000000e+00,-0.000000000000000000e+00,-2.434871532518874115e-01,0.000000000000000000e+00,-1.725931891661020012e-01,-0.000000000000000000e+00,-0.000000000000000000e+00,-0.000000000000000000e+00,-8.151946380796154523e-02,-9.384755230014955873e-02,-0.000000000000000000e+00,-0.000000000000000000e+00,0.000000000000000000e+00,0.000000000000000000e+00,-0.000000000000000000e+00,-0.000000000000000000e+00,0.000000000000000000e+00,-0.000000000000000000e+00,0.000000000000000000e+00,4.638957252376386953e-02,0.000000000000000000e+00,0.000000000000000000e+00,-0.000000000000000000e+00,-0.000000000000000000e+00,0.000000000000000000e+00,0.000000000000000000e+00,-5.803440018214585105e-01,0.000000000000000000e+00,1.520961589492228150e+00,4.347511717093404532e-02,-0.000000000000000000e+00,-0.000000000000000000e+00
-0.000000000000000000e+00,-0.000000000000000000e+00,0.000000000000000000e+00,-0.000000000000000000e+00,0.000000000000000000e+00,-1.423511996121500089e-01,0.000000000000000000e+00,0.000000000000000000e+00,-0.000000000000000000e+00,0.000000000000000000e+00,-0.000000000000000000e+00,0.000000000000000000e+00,0.000000000000000000e+00,-0.000000000000000000e+00,0.000000000000000000e+00,0.000000000000000000e+00,1.197824363919550161e-01,-0.000000000000000000e+00,0.000000000000000000e+00,0.000000000000000000e+00,0.000000000000000000e+00,2.563384390648287305e-03,-2.262840146881406334e-01,-6.422332158810107883e-01,-0.000000000000000000e+00,-0.000000000000000000e+00,-2.673234602289545347e-01,-0.000000000000000000e+00,-0.000000000000000000e+00,-0.000000000000000000e+00,0.000000000000000000e+00,-6.132450274680395497e-01,0.000000000000000000e+00,0.000000000000000000e+00,-4.245395941856875549e-02,4.347511717093404532e-02,1.900686744109062021e+00,-0.000000000000000000e+00,-0.000000000000000000e+00
-5.988126993964531380e-02,-1.407310636437974216e-01,-0.000000000000000000e+00,0.000000000000000000e+00,-0.000000000000000000e+00,-0.000000000000000000e+00,0.000000000000000000e+00,0.000000000000000000e+00,-0.000000000000000000e+00,-1.552889299624746755e-01,0.000000000000000000e+00,-0.000000000000000000e+00,-0.000000000000000000e+00,-1.560585429731398219e-03,-1.036468667064722182e-01,-0.000000000000000000e+00,-0.000000000000000000e+00,0.000000000000000000e+00,0.000000000000000000e+00,0.000000000000000000e+00,0.000000000000000000e+00,0.000000000000000000e+00,-0.000000000000000000e+00,-0.000000000000000000e+00,-5.525593618406902247e-02,-0.000000000000000000e+00,-0.000000000000000000e+00,-0.000000000000000000e+00,-0.000000000000000000e+00,-0.000000000000000000e+00,-0.000000000000000000e+00,-0.000000000000000000e+00,-0.000000000000000000e+00,-0.000000000000000000e+00,-0.000000000000000000e+00,-0.000000000000000000e+00,-0.000000000000000000e+00,1.237044397112248673e+00,-3.317074609833098320e-01
-0.000000000000000000e+00,-6.172167708881148851e-01,-0.000000000000000000e+00,0.000000000000000000e+00,-0.000000000000000000e+00,-0.000000000000000000e+00,0.000000000000000000e+00,0.000000000000000000e+00,-4.639524331001817353e-02,-0.000000000000000000e+00,0.000000000000000000e+00,-0.000000000000000000e+00,-0.000000000000000000e+00,-0.000000000000000000e+00,-0.000000000000000000e+00,-0.000000000000000000e+00,-0.000000000000000000e+00,0.000000000000000000e+00,0.000000000000000000e+00,0.000000000000000000e+00,0.000000000000000000e+00,0.000000000000000000e+00,-0.000000000000000000e+00,-0.000000000000000000e+00,-5.672669522476567194e-02,0.000000000000000000e+00,-0.000000000000000000e+00,-0.000000000000000000e+00,-0.000000000000000000e+00,-0.000000000000000000e+00,-0.000000000000000000e+00,-0.000000000000000000e+00,-0.000000000000000000e+00,-0.000000000000000000e+00,-0.000000000000000000e+00,-0.000000000000000000e+00,-0.000000000000000000e+00,-3.317074609833098320e-01,1.448434440357669883e+00
