1.547574851465379320e+00,-0.000000000000000000e+00,0.000000000000000000e+00,-0.000000000000000000e+00,-1.840026584761935147e-01,-0.000000000000000000e+00,0.000000000000000000e+00,0.000000000000000000e+00,-4.446278133889108308e-01,-0.000000000000000000e+00,-0.000000000000000000e+00,0.000000000000000000e+00,-0.000000000000000000e+00,0.000000000000000000e+00,-0.000000000000000000e+00,-0.000000000000000000e+00,0.000000000000000000e+00,-0.000000000000000000e+00,0.000000000000000000e+00,0.000000000000000000e+00,0.000000000000000000e+00,0.000000000000000000e+00,-4.229456307666368958e-02,-0.000000000000000000e+00,-0.000000000000000000e+00,0.000000000000000000e+00,0.000000000000000000e+00,0.000000000000000000e+00,-0.000000000000000000e+00,-3.398086851252278828e-01,0.000000000000000000e+00,0.000000000000000000e+00,0.000000000000000000e+00,-0.000000000000000000e+00,0.000000000000000000e+00,-1.622847733689657401e-01,0.000000000000000000e+00,-1.520102710618975728e-01,-3.666414635973546526e-02
-0.000000000000000000e+00,1.873422153964887205e+00,-0.000000000000000000e+00,0.000000000000000000e+00,-0.000000000000000000e+00,0.000000000000000000e+00,0.000000000000000000e+00,4.482876990617193358e-02,0.000000000000000000e+00,-2.332270770095386803e-01,-0.000000000000000000e+00,-9.385013773723345498e-02,0.000000000000000000e+00,-1.864597558688926571e-01,0.000000000000000000e+00,-3.107508982417793164e-01,-0.000000000000000000e+00,0.000000000000000000e+00,-0.000000000000000000e+00,0.000000000000000000e+00,-0.000000000000000000e+00,-0.000000000000000000e+00,-0.000000000000000000e+00,-0.000000000000000000e+00,-0.000000000000000000e+00,-6.785564573374691481e-03,-0.000000000000000000e+00,-0.000000000000000000e+00,-0.000000000000000000e+00,-0.000000000000000000e+00,-0.000000000000000000e+00,-2.405393453017359018e-01,-0.000000000000000000e+00,0.000000000000000000e+00,-0.000000000000000000e+00,-4.467960264913820589e-01,-3.102787717154144032e-01,0.000000000000000000e+00,-0.000000000000000000e+00
0.000000000000000000e+00,-0.000000000000000000e+00,2.810150146964679241e+00,0.000000000000000000e+00,-0.000000000000000000e+00,0.000000000000000000e+00,0.000000000000000000e+00,6.694828979159389570e-01,0.000000000000000000e+00,-0.000000000000000000e+00,0.000000000000000000e+00,-1.366056920754272486e-01,1.227020355072901275e-01,-2.018297178107829326e-01,0.000000000000000000e+00,-0.000000000000000000e+00,-0.000000000000000000e+00,0.000000000000000000e+00,-2.827029603475166297e-01,0.000000000000000000e+00,-1.872470582072438272e-01,-0.000000000000000000e+00,0.000000000000000000e+00,0.000000000000000000e+00,0.000000000000000000e+00,-2.191858602233950348e-01,-1.298621193797651618e-01,-4.657165562068628639e-01,-0.000000000000000000e+00,-0.000000000000000000e+00,-2.703572484794003472e-01,-9.398406321421942655e-02,-2.005747003451106014e-01,0.000000000000000000e+00,-0.000000000000000000e+00,-0.000000000000000000e+00,-0.000000000000000000e+00,0.000000000000000000e+00,-0.000000000000000000e+00
-0.000000000000000000e+00,0.000000000000000000e+00,0.000000000000000000e+00,1.376621870604558318e+00,-0.000000000000000000e+00,-0.000000000000000000e+00,-0.000000000000000000e+00,-0.000000000000000000e+00,-0.000000000000000000e+00,0.000000000000000000e+00,-0.000000000000000000e+00,0.000000000000000000e+00,-0.000000000000000000e+00,3.716148235457205490e-02,-0.000000000000000000e+00,0.000000000000000000e+00,0.000000000000000000e+00,-2.123961180906596968e-01,-0.000000000000000000e+00,-3.049069911409683087e-01,0.000000000000000000e+00,0.000000000000000000e+00,-0.000000000000000000e+00,-0.000000000000000000e+00,-0.000000000000000000e+00,2.070445324952890631e-01,8.566077221275975040e-03,0.000000000000000000e+00,3.504186145906375283e-02,-0.000000000000000000e+00,9.036359011650035855e-02,1.172256684669983340e-01,0.000000000000000000e+00,-1.040927346124173938e-02,1.900568796188724374e-02,0.000000000000000000e+00,0.000000000000000000e+00,-0.000000000000000000e+00,-0.000000000000000000e+00
-1.840026584761935147e-01,-0.000000000000000000e+00,-0.000000000000000000e+00,-0.000000000000000000e+00,1.435178458717037309e+00,-7.497833566681202933e-02,0.000000000000000000e+00,2.774559571311144834e-01,-0.000000000000000000e+00,-0.000000000000000000e+00,-0.000000000000000000e+00,0.000000000000000000e+00,0.000000000000000000e+00,-0.000000000000000000e+00,-0.000000000000000000e+00,-1.866941083999234807e-01,-0.000000000000000000e+00,-0.000000000000000000e+00,-0.000000000000000000e+00,0.000000000000000000e+00,0.000000000000000000e+00,-0.000000000000000000e+00,-1.341423154591393947e-02,-0.000000000000000000e+00,-2.494160377024114972e-01,0.000000000000000000e+00,0.000000000000000000e+00,0.000000000000000000e+00,-0.000000000000000000e+00,-1.122939141544795488e-01,0.000000000000000000e+00,-0.000000000000000000e+00,0.000000000000000000e+00,-1.276069938554108552e-01,-0.000000000000000000e+00,-0.000000000000000000e+00,-0.000000000000000000e+00,-8.352029345593817156e-02,-1.323364060405249898e-01
-0.000000000000000000e+00,0.000000000000000000e+00,0.000000000000000000e+00,-0.000000000000000000e+00,-7.497833566681202933e-02,2.094018673427140875e+00,0.000000000000000000e+00,-0.000000000000000000e+00,-0.000000000000000000e+00,-0.000000000000000000e+00,-2.892810089225246548e-03,5.389195682399228887e-02,-0.000000000000000000e+00,0.000000000000000000e+00,-0.000000000000000000e+00,-0.000000000000000000e+00,-0.000000000000000000e+00,-1.223731576283843270e-01,0.000000000000000000e+00,0.000000000000000000e+00,2.162014928621350252e-01,-0.000000000000000000e+00,-7.495815089184532098e-01,-3.607289765802782489e-01,-3.305796924197038633e-01,0.000000000000000000e+00,0.000000000000000000e+00,0.000000000000000000e+00,-0.000000000000000000e+00,-0.000000000000000000e+00,8.695818610602665255e-02,0.000000000000000000e+00,0.000000000000000000e+00,-0.000000000000000000e+00,-0.000000000000000000e+00,0.000000000000000000e+00,-0.000000000000000000e+00,-1.858476163850944218e-01,-0.000000000000000000e+00
0.000000000000000000e+00,0.000000000000000000e+00,0.000000000000000000e+00,-0.000000000000000000e+00,0.000000000000000000e+00,0.000000000000000000e+00,1.194693671062853069e+00,-0.000000000000000000e+00,0.000000000000000000e+00,0.000000000000000000e+00,0.000000000000000000e+00,0.000000000000000000e+00,0.000000000000000000e+00,-0.000000000000000000e+00,1.034229622242226476e-01,4.349327661206730915e-03,0.000000000000000000e+00,1.842645859253334850e-02,0.000000000000000000e+00,-0.000000000000000000e+00,-0.000000000000000000e+00,-0.000000000000000000e+00,0.000000000000000000e+00,-0.000000000000000000e+00,0.000000000000000000e+00,-0.000000000000000000e+00,0.000000000000000000e+00,-0.000000000000000000e+00,-0.000000000000000000e+00,0.000000000000000000e+00,-0.000000000000000000e+00,-0.000000000000000000e+00,-0.000000000000000000e+00,0.000000000000000000e+00,-0.000000000000000000e+00,6.866663493492522301e-03,-0.000000000000000000e+00,5.826561326883554492e-02,3.977325251053683841e-01
0.000000000000000000e+00,4.482876990617193358e-02,6.694828979159389570e-01,-0.000000000000000000e+00,2.774559571311144834e-01,-0.000000000000000000e+00,-0.000000000000000000e+00,2.014450207026869943e+00,-0.000000000000000000e+00,2.966418447207155862e-01,-0.000000000000000000e+00,0.000000000000000000e+00,-1.761982028798537991e-01,1.256590010401562874e-01,-0.000000000000000000e+00,2.065741575981927536e-01,0.000000000000000000e+00,-0.000000000000000000e+00,1.148315510264497352e-01,-7.783418021790815267e-02,0.000000000000000000e+00,0.000000000000000000e+00,0.000000000000000000e+00,0.000000000000000000e+00,0.000000000000000000e+00,3.016771384736040458e-03,0.000000000000000000e+00,1.909436831952218971e-01,0.000000000000000000e+00,0.000000000000000000e+00,0.000000000000000000e+00,2.564714212693309375e-02,0.000000000000000000e+00,-0.000000000000000000e+00,0.000000000000000000e+00,0.000000000000000000e+00,0.000000000000000000e+00,-0.000000000000000000e+00,0.000000000000000000e+00
-4.446278133889108308e-01,0.000000000000000000e+00,0.000000000000000000e+00,-0.000000000000000000e+00,-0.000000000000000000e+00,-0.000000000000000000e+00,0.000000000000000000e+00,-0.000000000000000000e+00,2.390496173649887091e+00,-0.000000000000000000e+00,-0.000000000000000000e+00,0.000000000000000000e+00,-0.000000000000000000e+00,0.000000000000000000e+00,-3.900856455813051515e-01,-0.000000000000000000e+00,0.000000000000000000e+00,-1.741651905474232709e-01,0.000000000000000000e+00,-0.000000000000000000e+00,0.000000000000000000e+00,0.000000000000000000e+00,-0.000000000000000000e+00,0.000000000000000000e+00,-0.000000000000000000e+00,0.000000000000000000e+00,0.000000000000000000e+00,0.000000000000000000e+00,0.000000000000000000e+00,-1.378248974698786100e-01,0.000000000000000000e+00,0.000000000000000000e+00,1.406787529685163685e-01,-5.800977084215701574e-01,1.113766455504232172e-01,-0.000000000000000000e+00,0.000000000000000000e+00,-2.713350299821690736e-01,-3.873647583036735065e-01
-0.000000000000000000e+00,-2.332270770095386803e-01,-0.000000000000000000e+00,0.000000000000000000e+00,-0.000000000000000000e+00,-0.000000000000000000e+00,0.000000000000000000e+00,2.966418447207155862e-01,-0.000000000000000000e+00,1.988051251583268009e+00,-0.000000000000000000e+00,-0.000000000000000000e+00,1.244077695046489664e-02,-0.000000000000000000e+00,0.000000000000000000e+00,-7.515896167874343003e-01,-0.000000000000000000e+00,0.000000000000000000e+00,-6.794741518155343607e-02,0.000000000000000000e+00,-0.000000000000000000e+00,-0.000000000000000000e+00,-0.000000000000000000e+00,-0.000000000000000000e+00,-2.628135956642167481e-01,-9.721788703331567250e-02,-0.000000000000000000e+00,-0.000000000000000000e+00,-3.621694057899841560e-03,-8.719064133372733671e-02,-0.000000000000000000e+00,-0.000000000000000000e+00,-0.000000000000000000e+00,0.000000000000000000e+00,-9.555823152936582243e-02,-1.098667365753077871e-02,-1.517253528191412626e-01,-0.000000000000000000e+00,-0.000000000000000000e+00
-0.000000000000000000e+00,-0.000000000000000000e+00,0.000000000000000000e+00,-0.000000000000000000e+00,-0.000000000000000000e+00,-2.892810089225246548e-03,0.000000000000000000e+00,-0.000000000000000000e+00,-0.000000000000000000e+00,-0.000000000000000000e+00,1.062634569274940377e+00,0.000000000000000000e+00,-0.000000000000000000e+00,0.000000000000000000e+00,-0.000000000000000000e+00,-0.000000000000000000e+00,-0.000000000000000000e+00,-0.000000000000000000e+00,0.000000000000000000e+00,0.000000000000000000e+00,5.798207297103603539e-03,0.000000000000000000e+00,-2.313129043680791919e-01,-0.000000000000000000e+00,-0.000000000000000000e+00,0.000000000000000000e+00,0.000000000000000000e+00,0.000000000000000000e+00,-0.000000000000000000e+00,-0.000000000000000000e+00,0.000000000000000000e+00,0.000000000000000000e+00,0.000000000000000000e+00,-0.000000000000000000e+00,-0.000000000000000000e+00,-0.000000000000000000e+00,0.000000000000000000e+00,-4.902415478854965647e-02,-0.000000000000000000e+00
0.000000000000000000e+00,-9.385013773723345498e-02,-1.366056920754272486e-01,0.000000000000000000e+00,0.000000000000000000e+00,5.389195682399228887e-02,0.000000000000000000e+00,0.000000000000000000e+00,0.000000000000000000e+00,-0.000000000000000000e+00,0.000000000000000000e+00,2.190331314787899775e+00,0.000000000000000000e+00,-1.207651078099111763e-01,0.000000000000000000e+00,-0.000000000000000000e+00,-0.000000000000000000e+00,0.000000000000000000e+00,-3.589247348726855580e-01,0.000000000000000000e+00,-2.020740329459394802e-01,-0.000000000000000000e+00,1.159651372740949926e-01,0.000000000000000000e+00,0.000000000000000000e+00,-0.000000000000000000e+00,-5.521781607035189943e-01,-7.815835462939264844e-02,0.000000000000000000e+00,0.000000000000000000e+00,-2.224566965523214201e-01,-0.000000000000000000e+00,-1.868684251459333256e-01,0.000000000000000000e+00,-0.000000000000000000e+00,-3.491094461604353494e-02,-3.145177463957473871e-03,0.000000000000000000e+00,-0.000000000000000000e+00
-0.000000000000000000e+00,0.000000000000000000e+00,1.227020355072901275e-01,-0.000000000000000000e+00,0.000000000000000000e+00,-0.000000000000000000e+00,0.000000000000000000e+00,-1.761982028798537991e-01,-0.000000000000000000e+00,1.244077695046489664e-02,-0.000000000000000000e+00,0.000000000000000000e+00,1.140040942606701524e+00,0.000000000000000000e+00,-0.000000000000000000e+00,0.000000000000000000e+00,-0.000000000000000000e+00,-0.000000000000000000e+00,0.000000000000000000e+00,-8.690438314758906768e-02,0.000000000000000000e+00,0.000000000000000000e+00,-0.000000000000000000e+00,0.000000000000000000e+00,0.000000000000000000e+00,0.000000000000000000e+00,0.000000000000000000e+00,7.370260155941117663e-02,0.000000000000000000e+00,0.000000000000000000e+00,5.960297470458626040e-02,0.000000000000000000e+00,0.000000000000000000e+00,-0.000000000000000000e+00,0.000000000000000000e+00,0.000000000000000000e+00,0.000000000000000000e+00,-0.000000000000000000e+00,0.000000000000000000e+00
0.000000000000000000e+00,-1.864597558688926571e-01,-2.018297178107829326e-01,3.716148235457205490e-02,-0.000000000000000000e+00,0.000000000000000000e+00,-0.000000000000000000e+00,1.256590010401562874e-01,0.000000000000000000e+00,-0.000000000000000000e+00,0.000000000000000000e+00,-1.207651078099111763e-01,0.000000000000000000e+00,2.736599682824657265e+00,6.273674660584792340e-02,-0.000000000000000000e+00,-0.000000000000000000e+00,0.000000000000000000e+00,-8.772690048845944305e-04,6.541317760399541215e-02,-0.000000000000000000e+00,-0.000000000000000000e+00,0.000000000000000000e+00,-0.000000000000000000e+00,-0.000000000000000000e+00,-2.800156249999843916e-01,-2.613363290700456698e-01,-2.435703504784903495e-01,-0.000000000000000000e+00,-0.000000000000000000e+00,-2.218968452845881123e-01,-4.111146175087079802e-01,-1.916194090723451204e-01,0.000000000000000000e+00,-9.859633304910718488e-02,-0.000000000000000000e+00,-3.431984717939513541e-01,0.000000000000000000e+00,0.000000000000000000e+00
-0.000000000000000000e+00,0.000000000000000000e+00,0.000000000000000000e+00,-0.000000000000000000e+00,-0.000000000000000000e+00,-0.000000000000000000e+00,1.034229622242226476e-01,-0.000000000000000000e+00,-3.900856455813051515e-01,0.000000000000000000e+00,-0.000000000000000000e+00,0.000000000000000000e+00,-0.000000000000000000e+00,6.273674660584792340e-02,2.317976069312337017e+00,-0.000000000000000000e+00,0.000000000000000000e+00,-4.852581154138561614e-01,0.000000000000000000e+00,-0.000000000000000000e+00,0.000000000000000000e+00,0.000000000000000000e+00,-0.000000000000000000e+00,0.000000000000000000e+00,-0.000000000000000000e+00,0.000000000000000000e+00,2.706799753189451097e-03,0.000000000000000000e+00,0.000000000000000000e+00,-0.000000000000000000e+00,7.760081629861807773e-02,2.551864411113720643e-01,1.280684463016832919e-01,-4.199222783956587102e-01,1.689412697559704302e-01,-0.000000000000000000e+00,5.365789259605729944e-02,-2.147989264986377989e-01,-0.000000000000000000e+00
-0.000000000000000000e+00,-3.107508982417793164e-01,-0.000000000000000000e+00,0.000000000000000000e+00,-1.866941083999234807e-01,-0.000000000000000000e+00,4.349327661206730915e-03,2.065741575981927536e-01,-0.000000000000000000e+00,-7.515896167874343003e-01,-0.000000000000000000e+00,-0.000000000000000000e+00,0.000000000000000000e+00,-0.000000000000000000e+00,-0.000000000000000000e+00,2.132722703011122878e+00,-7.067571193877641988e-02,-0.000000000000000000e+00,-0.000000000000000000e+00,0.000000000000000000e+00,-0.000000000000000000e+00,-0.000000000000000000e+00,-0.000000000000000000e+00,-0.000000000000000000e+00,-1.060079976484679665e-01,-1.503598192563383208e-02,-0.000000000000000000e+00,-0.000000000000000000e+00,-6.005740283706959698e-02,-4.092715063927142016e-01,-0.000000000000000000e+00,-0.000000000000000000e+00,-0.000000000000000000e+00,-0.000000000000000000e+00,-0.000000000000000000e+00,-2.678365059455711794e-01,-0.000000000000000000e+00,-0.000000000000000000e+00,-0.000000000000000000e+00
0.000000000000000000e+00,-0.000000000000000000e+00,-0.000000000000000000e+00,0.000000000000000000e+00,-0.000000000000000000e+00,-0.000000000000000000e+00,0.000000000000000000e+00,0.000000000000000000e+00,0.000000000000000000e+00,-0.000000000000000000e+00,-0.000000000000000000e+00,-0.000000000000000000e+00,-0.000000000000000000e+00,-0.000000000000000000e+00,0.000000000000000000e+00,-7.067571193877641988e-02,1.115146012519766971e+00,0.000000000000000000e+00,-2.477035565252766816e-02,0.000000000000000000e+00,-0.000000000000000000e+00,-0.000000000000000000e+00,-0.000000000000000000e+00,-0.000000000000000000e+00,-0.000000000000000000e+00,-0.000000000000000000e+00,-0.000000000000000000e+00,-0.000000000000000000e+00,-7.832832476012882572e-02,-0.000000000000000000e+00,-0.000000000000000000e+00,-1.362475435974896953e-01,-0.000000000000000000e+00,0.000000000000000000e+00,-5.376534669645486458e-02,-0.000000000000000000e+00,-1.110956253765018054e-01,-0.000000000000000000e+00,0.000000000000000000e+00
-0.000000000000000000e+00,0.000000000000000000e+00,0.000000000000000000e+00,-2.123961180906596968e-01,-0.000000000000000000e+00,-1.223731576283843270e-01,1.842645859253334850e-02,-0.000000000000000000e+00,-1.741651905474232709e-01,0.000000000000000000e+00,-0.000000000000000000e+00,0.000000000000000000e+00,-0.000000000000000000e+00,0.000000000000000000e+00,-4.852581154138561614e-01,-0.000000000000000000e+00,0.000000000000000000e+00,2.119136301105756459e+00,0.000000000000000000e+00,-0.000000000000000000e+00,3.469985751939537455e-02,0.000000000000000000e+00,-0.000000000000000000e+00,-0.000000000000000000e+00,-0.000000000000000000e+00,0.000000000000000000e+00,0.000000000000000000e+00,6.787380443340415570e-02,0.000000000000000000e+00,-0.000000000000000000e+00,2.732858915905883590e-01,2.046887295124643832e-02,1.620112974470069300e-01,-2.180077713533416228e-01,0.000000000000000000e+00,-0.000000000000000000e+00,0.000000000000000000e+00,-3.180550946253024036e-01,-3.752946238037522045e-03
0.000000000000000000e+00,-0.000000000000000000e+00,-2.827029603475166297e-01,-0.000000000000000000e+00,-0.000000000000000000e+00,0.000000000000000000e+00,0.000000000000000000e+00,1.148315510264497352e-01,0.000000000000000000e+00,-6.794741518155343607e-02,0.000000000000000000e+00,-3.589247348726855580e-01,0.000000000000000000e+00,-8.772690048845944305e-04,0.000000000000000000e+00,-0.000000000000000000e+00,-2.477035565252766816e-02,0.000000000000000000e+00,1.691433405150750247e+00,0.000000000000000000e+00,-0.000000000000000000e+00,-0.000000000000000000e+00,0.000000000000000000e+00,-0.000000000000000000e+00,0.000000000000000000e+00,-0.000000000000000000e+00,-1.848175092437673583e-01,-1.051437411217306106e-01,-0.000000000000000000e+00,-0.000000000000000000e+00,-0.000000000000000000e+00,-0.000000000000000000e+00,-1.440887598431062067e-01,0.000000000000000000e+00,-0.000000000000000000e+00,-0.000000000000000000e+00,-9.326673605934719669e-02,0.000000000000000000e+00,-0.000000000000000000e+00
0.000000000000000000e+00,0.000000000000000000e+00,0.000000000000000000e+00,-3.049069911409683087e-01,0.000000000000000000e+00,0.000000000000000000e+00,-0.000000000000000000e+00,-7.783418021790815267e-02,-0.000000000000000000e+00,0.000000000000000000e+00,0.000000000000000000e+00,0.000000000000000000e+00,-8.690438314758906768e-02,6.541317760399541215e-02,-0.000000000000000000e+00,0.000000000000000000e+00,0.000000000000000000e+00,-0.000000000000000000e+00,0.000000000000000000e+00,1.149101163628751365e+00,0.000000000000000000e+00,-0.000000000000000000e+00,0.000000000000000000e+00,0.000000000000000000e+00,0.000000000000000000e+00,0.000000000000000000e+00,0.000000000000000000e+00,0.000000000000000000e+00,0.000000000000000000e+00,-0.000000000000000000e+00,0.000000000000000000e+00,2.967252003570965482e-02,0.000000000000000000e+00,-0.000000000000000000e+00,0.000000000000000000e+00,0.000000000000000000e+00,0.000000000000000000e+00,-0.000000000000000000e+00,0.000000000000000000e+00
0.000000000000000000e+00,-0.000000000000000000e+00,-1.872470582072438272e-01,0.000000000000000000e+00,0.000000000000000000e+00,2.162014928621350252e-01,-0.000000000000000000e+00,0.000000000000000000e+00,0.000000000000000000e+00,-0.000000000000000000e+00,5.798207297103603539e-03,-2.020740329459394802e-01,0.000000000000000000e+00,-0.000000000000000000e+00,0.000000000000000000e+00,-0.000000000000000000e+00,-0.000000000000000000e+00,3.469985751939537455e-02,-0.000000000000000000e+00,0.000000000000000000e+00,2.181702387989677749e+00,-0.000000000000000000e+00,1.221882475487109376e-01,0.000000000000000000e+00,0.000000000000000000e+00,-1.361029206291622662e-01,-1.612890543612427174e-01,-3.521983683346814886e-01,-0.000000000000000000e+00,0.000000000000000000e+00,-3.988262120997053684e-01,-0.000000000000000000e+00,-1.343382489257892998e-01,2.540412454388698421e-02,-0.000000000000000000e+00,-0.000000000000000000e+00,-0.000000000000000000e+00,2.018699872489745084e-01,0.000000000000000000e+00
0.000000000000000000e+00,-0.000000000000000000e+00,-0.000000000000000000e+00,0.000000000000000000e+00,-0.000000000000000000e+00,-0.000000000000000000e+00,-0.000000000000000000e+00,0.000000000000000000e+00,0.000000000000000000e+00,-0.000000000000000000e+00,0.000000000000000000e+00,-0.000000000000000000e+00,0.000000000000000000e+00,-0.000000000000000000e+00,0.000000000000000000e+00,-0.000000000000000000e+00,-0.000000000000000000e+00,0.000000000000000000e+00,-0.000000000000000000e+00,-0.000000000000000000e+00,-0.000000000000000000e+00,1.033367261093773193e+00,-0.000000000000000000e+00,-0.000000000000000000e+00,-0.000000000000000000e+00,-0.000000000000000000e+00,-0.000000000000000000e+00,-0.000000000000000000e+00,-0.000000000000000000e+00,0.000000000000000000e+00,-0.000000000000000000e+00,-6.751296313333279842e-02,-2.891639280796482955e-02,0.000000000000000000e+00,-0.000000000000000000e+00,0.000000000000000000e+00,-1.116478316461789605e-01,0.000000000000000000e+00,-0.000000000000000000e+00
-4.229456307666368958e-02,-0.000000000000000000e+00,0.000000000000000000e+00,-0.000000000000000000e+00,-1.341423154591393947e-02,-7.495815089184532098e-01,0.000000000000000000e+00,0.000000000000000000e+00,-0.000000000000000000e+00,-0.000000000000000000e+00,-2.313129043680791919e-01,1.159651372740949926e-01,-0.000000000000000000e+00,0.000000000000000000e+00,-0.000000000000000000e+00,-0.000000000000000000e+00,-0.000000000000000000e+00,-0.000000000000000000e+00,0.000000000000000000e+00,0.000000000000000000e+00,1.221882475487109376e-01,-0.000000000000000000e+00,2.251978868839965564e+00,-3.603771909838027754e-01,-6.004671207510910991e-01,0.000000000000000000e+00,0.000000000000000000e+00,0.000000000000000000e+00,-1.336997780111608414e-01,-5.426304435855165698e-02,0.000000000000000000e+00,0.000000000000000000e+00,0.000000000000000000e+00,-0.000000000000000000e+00,-0.000000000000000000e+00,-0.000000000000000000e+00,-0.000000000000000000e+00,-1.562752829935493692e-01,-0.000000000000000000e+00
-0.000000000000000000e+00,-0.000000000000000000e+00,0.000000000000000000e+00,-0.000000000000000000e+00,-0.000000000000000000e+00,-3.607289765802782489e-01,-0.000000000000000000e+00,0.000000000000000000e+00,0.000000000000000000e+00,-0.000000000000000000e+00,-0.000000000000000000e+00,0.000000000000000000e+00,0.000000000000000000e+00,-0.000000000000000000e+00,0.000000000000000000e+00,-0.000000000000000000e+00,-0.000000000000000000e+00,-0.000000000000000000e+00,-0.000000000000000000e+00,0.000000000000000000e+00,0.000000000000000000e+00,-0.000000000000000000e+00,-3.603771909838027754e-01,1.639999542272453592e+00,-3.661701295318945393e-01,-0.000000000000000000e+00,0.000000000000000000e+00,0.000000000000000000e+00,-2.906122965886065446e-01,-0.000000000000000000e+00,0.000000000000000000e+00,-0.000000000000000000e+00,0.000000000000000000e+00,-0.000000000000000000e+00,-7.272395818689990354e-02,0.000000000000000000e+00,-0.000000000000000000e+00,-0.000000000000000000e+00,0.000000000000000000e+00
-0.000000000000000000e+00,-0.000000000000000000e+00,0.000000000000000000e+00,-0.000000000000000000e+00,-2.494160377024114972e-01,-3.305796924197038633e-01,0.000000000000000000e+00,0.000000000000000000e+00,-0.000000000000000000e+00,-2.628135956642167481e-01,-0.000000000000000000e+00,0.000000000000000000e+00,0.000000000000000000e+00,-0.000000000000000000e+00,-0.000000000000000000e+00,-1.060079976484679665e-01,-0.000000000000000000e+00,-0.000000000000000000e+00,0.000000000000000000e+00,0.000000000000000000e+00,0.000000000000000000e+00,-0.000000000000000000e+00,-6.004671207510910991e-01,-3.661701295318945393e-01,1.943213148274444357e+00,0.000000000000000000e+00,0.000000000000000000e+00,0.000000000000000000e+00,-0.000000000000000000e+00,-7.039396504263302490e-02,0.000000000000000000e+00,-0.000000000000000000e+00,0.000000000000000000e+00,-0.000000000000000000e+00,-0.000000000000000000e+00,-0.000000000000000000e+00,-0.000000000000000000e+00,-0.000000000000000000e+00,-0.000000000000000000e+00
0.000000000000000000e+00,-6.785564573374691481e-03,-2.191858602233950348e-01,2.070445324952890631e-01,0.000000000000000000e+00,0.000000000000000000e+00,-0.000000000000000000e+00,3.016771384736040458e-03,0.000000000000000000e+00,-9.721788703331567250e-02,0.000000000000000000e+00,-0.000000000000000000e+00,0.000000000000000000e+00,-2.800156249999843916e-01,0.000000000000000000e+00,-1.503598192563383208e-02,-0.000000000000000000e+00,0.000000000000000000e+00,-0.000000000000000000e+00,0.000000000000000000e+00,-1.361029206291622662e-01,-0.000000000000000000e+00,0.000000000000000000e+00,-0.000000000000000000e+00,0.000000000000000000e+00,2.649435940068387563e+00,-2.083677571773580040e-01,-4.044428612635072584e-01,-8.293756124735027213e-02,-0.000000000000000000e+00,-2.321278711322655730e-01,-1.920140601150698012e-01,-2.529562166117852451e-01,2.201791242925091319e-02,-2.689297084106646585e-01,-0.000000000000000000e+00,-1.439296611459575381e-01,0.000000000000000000e+00,0.000000000000000000e+00
0.000000000000000000e+00,-0.000000000000000000e+00,-1.298621193797651618e-01,8.566077221275975040e-03,0.000000000000000000e+00,0.000000000000000000e+00,0.000000000000000000e+00,0.000000000000000000e+00,0.000000000000000000e+00,-0.000000000000000000e+00,0.000000000000000000e+00,-5.521781607035189943e-01,0.000000000000000000e+00,-2.613363290700456698e-01,2.706799753189451097e-03,-0.000000000000000000e+00,-0.000000000000000000e+00,0.000000000000000000e+00,-1.848175092437673583e-01,0.000000000000000000e+00,-1.612890543612427174e-01,-0.000000000000000000e+00,0.000000000000000000e+00,0.000000000000000000e+00,0.000000000000000000e+00,-2.083677571773580040e-01,2.918350838435637140e+00,-2.142756547030433001e-01,-0.000000000000000000e+00,0.000000000000000000e+00,-3.588764779779126668e-01,-2.187215939570988366e-01,-3.449961153980323769e-01,1.931788484745158574e-01,-0.000000000000000000e+00,-0.000000000000000000e+00,-1.753907803345250427e-01,0.000000000000000000e+00,0.000000000000000000e+00
0.000000000000000000e+00,-0.000000000000000000e+00,-4.657165562068628639e-01,0.000000000000000000e+00,0.000000000000000000e+00,0.000000000000000000e+00,-0.000000000000000000e+00,1.909436831952218971e-01,0.000000000000000000e+00,-0.000000000000000000e+00,0.000000000000000000e+00,-7.815835462939264844e-02,7.370260155941117663e-02,-2.435703504784903495e-01,0.000000000000000000e+00,-0.000000000000000000e+00,-0.000000000000000000e+00,6.787380443340415570e-02,-1.051437411217306106e-01,0.000000000000000000e+00,-3.521983683346814886e-01,-0.000000000000000000e+00,0.000000000000000000e+00,0.000000000000000000e+00,0.000000000000000000e+00,-4.044428612635072584e-01,-2.142756547030433001e-01,2.868993407856921252e+00,-0.000000000000000000e+00,0.000000000000000000e+00,-3.859410271541194870e-01,-5.342810158744019933e-02,-3.178363171138875454e-01,0.000000000000000000e+00,-0.000000000000000000e+00,-0.000000000000000000e+00,-0.000000000000000000e+00,0.000000000000000000e+00,0.000000000000000000e+00
-0.000000000000000000e+00,-0.000000000000000000e+00,-0.000000000000000000e+00,3.504186145906375283e-02,-0.000000000000000000e+00,-0.000000000000000000e+00,-0.000000000000000000e+00,0.000000000000000000e+00,0.000000000000000000e+00,-3.621694057899841560e-03,-0.000000000000000000e+00,0.000000000000000000e+00,0.000000000000000000e+00,-0.000000000000000000e+00,0.000000000000000000e+00,-6.005740283706959698e-02,-7.832832476012882572e-02,0.000000000000000000e+00,-0.000000000000000000e+00,0.000000000000000000e+00,-0.000000000000000000e+00,-0.000000000000000000e+00,-1.336997780111608414e-01,-2.906122965886065446e-01,-0.000000000000000000e+00,-8.293756124735027213e-02,-0.000000000000000000e+00,-0.000000000000000000e+00,1.720400168072292013e+00,-0.000000000000000000e+00,-0.000000000000000000e+00,-1.620604510989641645e-01,-0.000000000000000000e+00,0.000000000000000000e+00,-7.626859286383839143e-01,-0.000000000000000000e+00,-4.575223487689295682e-02,0.000000000000000000e+00,0.000000000000000000e+00
-3.398086851252278828e-01,-0.000000000000000000e+00,-0.000000000000000000e+00,-0.000000000000000000e+00,-1.122939141544795488e-01,-0.000000000000000000e+00,0.000000000000000000e+00,0.000000000000000000e+00,-1.378248974698786100e-01,-8.719064133372733671e-02,-0.000000000000000000e+00,0.000000000000000000e+00,0.000000000000000000e+00,-0.000000000000000000e+00,-0.000000000000000000e+00,-4.092715063927142016e-01,-0.000000000000000000e+00,-0.000000000000000000e+00,-0.000000000000000000e+00,-0.000000000000000000e+00,0.000000000000000000e+00,0.000000000000000000e+00,-5.426304435855165698e-02,-0.000000000000000000e+00,-7.039396504263302490e-02,-0.000000000000000000e+00,0.000000000000000000e+00,0.000000000000000000e+00,-0.000000000000000000e+00,1.620614570164422119e+00,0.000000000000000000e+00,0.000000000000000000e+00,0.000000000000000000e+00,-0.000000000000000000e+00,-0.000000000000000000e+00,-1.604494717935908699e-01,-0.000000000000000000e+00,-1.474237329055599899e-01,-1.262554765860021133e-01
0.000000000000000000e+00,-0.000000000000000000e+00,-2.703572484794003472e-01,9.036359011650035855e-02,0.000000000000000000e+00,8.695818610602665255e-02,-0.000000000000000000e+00,0.000000000000000000e+00,0.000000000000000000e+00,-0.000000000000000000e+00,0.000000000000000000e+00,-2.224566965523214201e-01,5.960297470458626040e-02,-2.218968452845881123e-01,7.760081629861807773e-02,-0.000000000000000000e+00,-0.000000000000000000e+00,2.732858915905883590e-01,-0.000000000000000000e+00,0.000000000000000000e+00,-3.988262120997053684e-01,-0.000000000000000000e+00,0.000000000000000000e+00,0.000000000000000000e+00,0.000000000000000000e+00,-2.321278711322655730e-01,-3.588764779779126668e-01,-3.859410271541194870e-01,-0.000000000000000000e+00,0.000000000000000000e+00,2.922495550941060838e+00,-7.501636514983485438e-03,-2.850596804920718097e-01,1.236469082208306453e-01,-0.000000000000000000e+00,-0.000000000000000000e+00,-0.000000000000000000e+00,4.191409343031789192e-02,0.000000000000000000e+00
0.000000000000000000e+00,-2.405393453017359018e-01,-9.398406321421942655e-02,1.172256684669983340e-01,-0.000000000000000000e+00,0.000000000000000000e+00,-0.000000000000000000e+00,2.564714212693309375e-02,0.000000000000000000e+00,-0.000000000000000000e+00,0.000000000000000000e+00,-0.000000000000000000e+00,0.000000000000000000e+00,-4.111146175087079802e-01,2.551864411113720643e-01,-0.000000000000000000e+00,-1.362475435974896953e-01,2.046887295124643832e-02,-0.000000000000000000e+00,2.967252003570965482e-02,-0.000000000000000000e+00,-6.751296313333279842e-02,0.000000000000000000e+00,-0.000000000000000000e+00,-0.000000000000000000e+00,-1.920140601150698012e-01,-2.187215939570988366e-01,-5.342810158744019933e-02,-1.620604510989641645e-01,0.000000000000000000e+00,-7.501636514983485438e-03,2.713942451830803737e+00,-2.564174119523073281e-01,0.000000000000000000e+00,-2.058825747510192039e-01,-0.000000000000000000e+00,-5.317737170868670482e-01,0.000000000000000000e+00,0.000000000000000000e+00
0.000000000000000000e+00,-0.000000000000000000e+00,-2.005747003451106014e-01,0.000000000000000000e+00,0.000000000000000000e+00,0.000000000000000000e+00,-0.000000000000000000e+00,0.000000000000000000e+00,1.406787529685163685e-01,-0.000000000000000000e+00,0.000000000000000000e+00,-1.868684251459333256e-01,0.000000000000000000e+00,-1.916194090723451204e-01,1.280684463016832919e-01,-0.000000000000000000e+00,-0.000000000000000000e+00,1.620112974470069300e-01,-1.440887598431062067e-01,0.000000000000000000e+00,-1.343382489257892998e-01,-2.891639280796482955e-02,0.000000000000000000e+00,0.000000000000000000e+00,0.000000000000000000e+00,-2.529562166117852451e-01,-3.449961153980323769e-01,-3.178363171138875454e-01,-0.000000000000000000e+00,0.000000000000000000e+00,-2.850596804920718097e-01,-2.564174119523073281e-01,2.991996541857901537e+00,2.165540384765025916e-01,-0.000000000000000000e+00,-0.000000000000000000e+00,-1.857472579402738300e-01,5.117882492853458032e-02,0.000000000000000000e+00
-0.000000000000000000e+00,0.000000000000000000e+00,0.000000000000000000e+00,-1.040927346124173938e-02,-1.276069938554108552e-01,-0.000000000000000000e+00,0.000000000000000000e+00,-0.000000000000000000e+00,-5.800977084215701574e-01,0.000000000000000000e+00,-0.000000000000000000e+00,0.000000000000000000e+00,-0.000000000000000000e+00,0.000000000000000000e+00,-4.199222783956587102e-01,-0.000000000000000000e+00,0.000000000000000000e+00,-2.180077713533416228e-01,0.000000000000000000e+00,-0.000000000000000000e+00,2.540412454388698421e-02,0.000000000000000000e+00,-0.000000000000000000e+00,-0.000000000000000000e+00,-0.000000000000000000e+00,2.201791242925091319e-02,1.931788484745158574e-01,0.000000000000000000e+00,0.000000000000000000e+00,-0.000000000000000000e+00,1.236469082208306453e-01,0.000000000000000000e+00,2.165540384765025916e-01,2.333454551054874759e+00,1.150589480474741577e-01,0.000000000000000000e+00,1.992054446103919477e-02,-2.618299494771998970e-01,-8.734485652757367768e-02
0.000000000000000000e+00,-0.000000000000000000e+00,-0.000000000000000000e+00,1.900568796188724374e-02,-0.000000000000000000e+00,-0.000000000000000000e+00,-0.000000000000000000e+00,0.000000000000000000e+00,1.113766455504232172e-01,-9.555823152936582243e-02,-0.000000000000000000e+00,-0.000000000000000000e+00,0.000000000000000000e+00,-9.859633304910718488e-02,1.689412697559704302e-01,-0.000000000000000000e+00,-5.376534669645486458e-02,0.000000000000000000e+00,-0.000000000000000000e+00,0.000000000000000000e+00,-0.000000000000000000e+00,-0.000000000000000000e+00,-0.000000000000000000e+00,-7.272395818689990354e-02,-0.000000000000000000e+00,-2.689297084106646585e-01,-0.000000000000000000e+00,-0.000000000000000000e+00,-7.626859286383839143e-01,-0.000000000000000000e+00,-0.000000000000000000e+00,-2.058825747510192039e-01,-0.000000000000000000e+00,1.150589480474741577e-01,2.367417197101957527e+00,-0.000000000000000000e+00,-5.597041154599285973e-01,0.000000000000000000e+00,0.000000000000000000e+00
-1.622847733689657401e-01,-4.467960264913820589e-01,-0.000000000000000000e+00,0.000000000000000000e+00,-0.000000000000000000e+00,0.000000000000000000e+00,6.866663493492522301e-03,0.000000000000000000e+00,-0.000000000000000000e+00,-1.098667365753077871e-02,-0.000000000000000000e+00,-3.491094461604353494e-02,0.000000000000000000e+00,-0.000000000000000000e+00,-0.000000000000000000e+00,-2.678365059455711794e-01,-0.000000000000000000e+00,-0.000000000000000000e+00,-0.000000000000000000e+00,0.000000000000000000e+00,-0.000000000000000000e+00,0.000000000000000000e+00,-0.000000000000000000e+00,0.000000000000000000e+00,-0.000000000000000000e+00,-0.000000000000000000e+00,-0.000000000000000000e+00,-0.000000000000000000e+00,-0.000000000000000000e+00,-1.604494717935908699e-01,-0.000000000000000000e+00,-0.000000000000000000e+00,-0.000000000000000000e+00,0.000000000000000000e+00,-0.000000000000000000e+00,1.501402416855029953e+00,-0.000000000000000000e+00,-0.000000000000000000e+00,-2.775403079217048652e-01
0.000000000000000000e+00,-3.102787717154144032e-01,-0.000000000000000000e+00,0.000000000000000000e+00,-0.000000000000000000e+00,-0.000000000000000000e+00,-0.000000000000000000e+00,0.000000000000000000e+00,0.000000000000000000e+00,-1.517253528191412626e-01,0.000000000000000000e+00,-3.145177463957473871e-03,0.000000000000000000e+00,-3.431984717939513541e-01,5.365789259605729944e-02,-0.000000000000000000e+00,-1.110956253765018054e-01,0.000000000000000000e+00,-9.326673605934719669e-02,0.000000000000000000e+00,-0.000000000000000000e+00,-1.116478316461789605e-01,-0.000000000000000000e+00,-0.000000000000000000e+00,-0.000000000000000000e+00,-1.439296611459575381e-01,-1.753907803345250427e-01,-0.000000000000000000e+00,-4.575223487689295682e-02,-0.000000000000000000e+00,-0.000000000000000000e+00,-5.317737170868670482e-01,-1.857472579402738300e-01,1.992054446103919477e-02,-5.597041154599285973e-01,-0.000000000000000000e+00,2.605594977119564337e+00,0.000000000000000000e+00,0.000000000000000000e+00
-1.520102710618975728e-01,0.000000000000000000e+00,0.000000000000000000e+00,-0.000000000000000000e+00,-8.352029345593817156e-02,-1.858476163850944218e-01,5.826561326883554492e-02,-0.000000000000000000e+00,-2.713350299821690736e-01,-0.000000000000000000e+00,-4.902415478854965647e-02,0.000000000000000000e+00,-0.000000000000000000e+00,0.000000000000000000e+00,-2.147989264986377989e-01,-0.000000000000000000e+00,-0.000000000000000000e+00,-3.180550946253024036e-01,0.000000000000000000e+00,-0.000000000000000000e+00,2.018699872489745084e-01,0.000000000000000000e+00,-1.562752829935493692e-01,-0.000000000000000000e+00,-0.000000000000000000e+00,0.000000000000000000e+00,0.000000000000000000e+00,0.000000000000000000e+00,0.000000000000000000e+00,-1.474237329055599899e-01,4.191409343031789192e-02,0.000000000000000000e+00,5.117882492853458032e-02,-2.618299494771998970e-01,0.000000000000000000e+00,-0.000000000000000000e+00,0.000000000000000000e+00,2.063086273750541544e+00,-1.319167887254843463e-01
-3.666414635973546526e-02,-0.000000000000000000e+00,-0.000000000000000000e+00,-0.000000000000000000e+00,-1.323364060405249898e-01,-0.000000000000000000e+00,3.977325251053683841e-01,0.000000000000000000e+00,-3.873647583036735065e-01,-0.000000000000000000e+00,-0.000000000000000000e+00,-0.000000000000000000e+00,0.000000000000000000e+00,0.000000000000000000e+00,-0.000000000000000000e+00,-0.000000000000000000e+00,0.000000000000000000e+00,-3.752946238037522045e-03,-0.000000000000000000e+00,0.000000000000000000e+00,0.000000000000000000e+00,-0.000000000000000000e+00,-0.000000000000000000e+00,0.000000000000000000e+00,-0.000000000000000000e+00,0.000000000000000000e+00,0.000000000000000000e+00,0.000000000000000000e+00,0.000000000000000000e+00,-1.262554765860021133e-01,0.000000000000000000e+00,0.000000000000000000e+00,0.000000000000000000e+00,-8.734485652757367768e-02,0.000000000000000000e+00,-2.775403079217048652e-01,0.000000000000000000e+00,-1.319167887254843463e-01,1.591759448491694595e+00
