1.988308086929317042e+00,-7.307299656997378046e-01,-0.000000000000000000e+00,0.000000000000000000e+00,-0.000000000000000000e+00,-2.179038111835995550e-01,0.000000000000000000e+00,1.203022609872681364e-01,-0.000000000000000000e+00,-0.000000000000000000e+00,-0.000000000000000000e+00,-1.093540542442412132e-02,7.545319061067957966e-02,-0.000000000000000000e+00,-0.000000000000000000e+00,-0.000000000000000000e+00,0.000000000000000000e+00,-0.000000000000000000e+00,-0.000000000000000000e+00,-0.000000000000000000e+00,-0.000000000000000000e+00,-1.403089219994672898e-01,-0.000000000000000000e+00,-0.000000000000000000e+00,-0.000000000000000000e+00,-0.000000000000000000e+00,-0.000000000000000000e+00,-0.000000000000000000e+00,-2.201833290710937530e-02,-2.781427062785712390e-01,-0.000000000000000000e+00,-0.000000000000000000e+00,-0.000000000000000000e+00,-2.669570816659913234e-02,-0.000000000000000000e+00,-2.420120271277643662e-02,-0.000000000000000000e+00,-0.000000000000000000e+00,-4.065820391442647175e-01
-7.307299656997378046e-01,2.107362900704572439e+00,-0.000000000000000000e+00,0.000000000000000000e+00,-0.000000000000000000e+00,-0.000000000000000000e+00,-0.000000000000000000e+00,0.000000000000000000e+00,-0.000000000000000000e+00,-3.529769978079331377e-02,-0.000000000000000000e+00,-0.000000000000000000e+00,0.000000000000000000e+00,-0.000000000000000000e+00,-0.000000000000000000e+00,-1.733628684239864326e-01,0.000000000000000000e+00,-0.000000000000000000e+00,0.000000000000000000e+00,-0.000000000000000000e+00,-0.000000000000000000e+00,-2.069076002518824842e-01,-0.000000000000000000e+00,-9.717394141491006443e-02,-0.000000000000000000e+00,-6.247362774008032721e-02,-0.000000000000000000e+00,-0.000000000000000000e+00,-0.000000000000000000e+00,-3.586600908959111655e-02,-0.000000000000000000e+00,-1.171847382706465296e-01,-0.000000000000000000e+00,-0.000000000000000000e+00,-0.000000000000000000e+00,-1.300516550424631324e-01,-1.673823554600354924e-01,-3.421093741131360499e-02,-2.930065712415590440e-01
-0.000000000000000000e+00,-0.000000000000000000e+00,2.153838890503133818e+00,-0.000000000000000000e+00,-5.890601426724697554e-01,-0.000000000000000000e+00,-1.172611943667217355e-01,4.486346723308628492e-01,-6.142604857260596657e-02,-6.588829413702508575e-02,-0.000000000000000000e+00,-0.000000000000000000e+00,0.000000000000000000e+00,-1.485017549064563958e-01,0.000000000000000000e+00,-4.146481373775647017e-02,-0.000000000000000000e+00,-4.196615219339426550e-02,-0.000000000000000000e+00,-2.723291128889386847e-01,-7.412711742451964271e-03,-1.697559378527430662e-01,-0.000000000000000000e+00,-1.043699791309186248e-01,-4.854458108424589136e-02,-0.000000000000000000e+00,-0.000000000000000000e+00,-2.064610369959277714e-01,-7.201848894682058751e-03,-1.135254248720214167e-02,-3.112393246392595320e-02,-1.752564515621620952e-02,-0.000000000000000000e+00,-0.000000000000000000e+00,-0.000000000000000000e+00,-0.000000000000000000e+00,-0.000000000000000000e+00,-0.000000000000000000e+00,-0.000000000000000000e+00
0.000000000000000000e+00,0.000000000000000000e+00,-0.000000000000000000e+00,1.774098377906812019e+00,-0.000000000000000000e+00,0.000000000000000000e+00,-7.018723215672177940e-01,-0.000000000000000000e+00,-0.000000000000000000e+00,-0.000000000000000000e+00,-0.000000000000000000e+00,0.000000000000000000e+00,-5.144891037626277142e-02,-0.000000000000000000e+00,6.749653088872563655e-01,-0.000000000000000000e+00,-0.000000000000000000e+00,-0.000000000000000000e+00,-0.000000000000000000e+00,-3.532743781337378125e-02,-0.000000000000000000e+00,-0.000000000000000000e+00,-0.000000000000000000e+00,-0.000000000000000000e+00,-0.000000000000000000e+00,-0.000000000000000000e+00,-0.000000000000000000e+00,-0.000000000000000000e+00,-0.000000000000000000e+00,-0.000000000000000000e+00,-2.367199175604761154e-03,-0.000000000000000000e+00,-1.699738105906180574e-01,0.000000000000000000e+00,-0.000000000000000000e+00,0.000000000000000000e+00,-0.000000000000000000e+00,0.000000000000000000e+00,0.000000000000000000e+00
-0.000000000000000000e+00,-0.000000000000000000e+00,-5.890601426724697554e-01,-0.000000000000000000e+00,1.800418835726608435e+00,-0.000000000000000000e+00,-3.074220092731164838e-02,1.899170866863889306e-01,-1.831381813076924103e-01,-8.595034710609070205e-02,-0.000000000000000000e+00,-0.000000000000000000e+00,0.000000000000000000e+00,-1.450608969827059391e-01,0.000000000000000000e+00,-0.000000000000000000e+00,-0.000000000000000000e+00,-4.095445881071019950e-02,-3.027721144087657801e-01,-0.000000000000000000e+00,-0.000000000000000000e+00,-0.000000000000000000e+00,-0.000000000000000000e+00,-0.000000000000000000e+00,-4.953691997682871384e-02,-0.000000000000000000e+00,-0.000000000000000000e+00,-0.000000000000000000e+00,-0.000000000000000000e+00,-0.000000000000000000e+00,-5.484555430169217594e-02,-0.000000000000000000e+00,-0.000000000000000000e+00,-0.000000000000000000e+00,-0.000000000000000000e+00,-0.000000000000000000e+00,-0.000000000000000000e+00,-0.000000000000000000e+00,-0.000000000000000000e+00
-2.179038111835995550e-01,-0.000000000000000000e+00,-0.000000000000000000e+00,0.000000000000000000e+00,-0.000000000000000000e+00,1.126213992557287158e+00,0.000000000000000000e+00,0.000000000000000000e+00,-0.000000000000000000e+00,-0.000000000000000000e+00,-7.401453572000800396e-02,-0.000000000000000000e+00,0.000000000000000000e+00,-0.000000000000000000e+00,-1.204511756133035544e-01,-0.000000000000000000e+00,-0.000000000000000000e+00,-2.209703198386975265e-02,-0.000000000000000000e+00,-0.000000000000000000e+00,-0.000000000000000000e+00,-0.000000000000000000e+00,-0.000000000000000000e+00,-0.000000000000000000e+00,-0.000000000000000000e+00,-0.000000000000000000e+00,-0.000000000000000000e+00,-0.000000000000000000e+00,-1.381436601339407766e-01,-0.000000000000000000e+00,-0.000000000000000000e+00,-0.000000000000000000e+00,-0.000000000000000000e+00,-0.000000000000000000e+00,-0.000000000000000000e+00,-0.000000000000000000e+00,-1.179907405811287703e-02,-0.000000000000000000e+00,-0.000000000000000000e+00
0.000000000000000000e+00,-0.000000000000000000e+00,-1.172611943667217355e-01,-7.018723215672177940e-01,-3.074220092731164838e-02,0.000000000000000000e+00,1.706221194927998397e+00,0.000000000000000000e+00,-0.000000000000000000e+00,-0.000000000000000000e+00,-0.000000000000000000e+00,1.265894690320126525e-01,-3.746910073918404555e-02,-5.110023014649561768e-02,0.000000000000000000e+00,-0.000000000000000000e+00,-3.226327658999957326e-01,-8.148840690812522713e-02,-0.000000000000000000e+00,-1.971662320398940849e-01,-0.000000000000000000e+00,-0.000000000000000000e+00,-0.000000000000000000e+00,-0.000000000000000000e+00,-0.000000000000000000e+00,-0.000000000000000000e+00,-0.000000000000000000e+00,-4.166233185548976620e-02,-3.456347744975148129e-02,-0.000000000000000000e+00,-0.000000000000000000e+00,-0.000000000000000000e+00,-9.524934977308492645e-02,0.000000000000000000e+00,-0.000000000000000000e+00,-0.000000000000000000e+00,-0.000000000000000000e+00,0.000000000000000000e+00,0.000000000000000000e+00
1.203022609872681364e-01,0.000000000000000000e+00,4.486346723308628492e-01,-0.000000000000000000e+00,1.899170866863889306e-01,0.000000000000000000e+00,0.000000000000000000e+00,1.565170230867572121e+00,0.000000000000000000e+00,0.000000000000000000e+00,0.000000000000000000e+00,0.000000000000000000e+00,-0.000000000000000000e+00,0.000000000000000000e+00,0.000000000000000000e+00,0.000000000000000000e+00,-0.000000000000000000e+00,2.221574563621878939e-01,1.822320825732535177e-01,0.000000000000000000e+00,0.000000000000000000e+00,0.000000000000000000e+00,0.000000000000000000e+00,0.000000000000000000e+00,0.000000000000000000e+00,0.000000000000000000e+00,-0.000000000000000000e+00,0.000000000000000000e+00,0.000000000000000000e+00,1.653497572350825021e-02,0.000000000000000000e+00,0.000000000000000000e+00,-0.000000000000000000e+00,2.239349756528304924e-01,0.000000000000000000e+00,0.000000000000000000e+00,0.000000000000000000e+00,-0.000000000000000000e+00,0.000000000000000000e+00
-0.000000000000000000e+00,-0.000000000000000000e+00,-6.142604857260596657e-02,-0.000000000000000000e+00,-1.831381813076924103e-01,-0.000000000000000000e+00,-0.000000000000000000e+00,0.000000000000000000e+00,2.582750643741298813e+00,-4.453217938030825662e-01,-0.000000000000000000e+00,-0.000000000000000000e+00,0.000000000000000000e+00,-0.000000000000000000e+00,0.000000000000000000e+00,-3.890867099709973131e-01,-0.000000000000000000e+00,-0.000000000000000000e+00,-0.000000000000000000e+00,-0.000000000000000000e+00,-5.183110945921573509e-02,-2.787043715514224158e-03,-1.258334904820112010e-01,-5.435529578672090162e-02,-6.706052273231027927e-02,-8.261622955908093369e-02,-1.379833588910421051e-02,-2.053982729277215591e-01,-0.000000000000000000e+00,-7.644192435528346374e-02,-3.734635984572007850e-01,-3.555201307136068856e-01,-0.000000000000000000e+00,-0.000000000000000000e+00,-0.000000000000000000e+00,-0.000000000000000000e+00,-3.154964360266331730e-02,-0.000000000000000000e+00,-1.795672507387402195e-01
-0.000000000000000000e+00,-3.529769978079331377e-02,-6.588829413702508575e-02,-0.000000000000000000e+00,-8.595034710609070205e-02,-0.000000000000000000e+00,-0.000000000000000000e+00,0.000000000000000000e+00,-4.453217938030825662e-01,2.413150654112191873e+00,-0.000000000000000000e+00,-0.000000000000000000e+00,0.000000000000000000e+00,-0.000000000000000000e+00,0.000000000000000000e+00,-4.923494917271357130e-01,-0.000000000000000000e+00,-0.000000000000000000e+00,-0.000000000000000000e+00,-0.000000000000000000e+00,-0.000000000000000000e+00,-7.718392118175014527e-02,-2.553324322710323613e-01,-0.000000000000000000e+00,-2.160944305794511577e-01,-0.000000000000000000e+00,-0.000000000000000000e+00,-0.000000000000000000e+00,-0.000000000000000000e+00,-2.434882475020481718e-01,-1.009134022723151697e-01,-0.000000000000000000e+00,-0.000000000000000000e+00,-0.000000000000000000e+00,-0.000000000000000000e+00,-0.000000000000000000e+00,-0.000000000000000000e+00,-0.000000000000000000e+00,-4.716503068380157315e-01
-0.000000000000000000e+00,-0.000000000000000000e+00,-0.000000000000000000e+00,-0.000000000000000000e+00,-0.000000000000000000e+00,-7.401453572000800396e-02,-0.000000000000000000e+00,0.000000000000000000e+00,-0.000000000000000000e+00,-0.000000000000000000e+00,2.014164715160839503e+00,-0.000000000000000000e+00,0.000000000000000000e+00,-4.731548184828905657e-02,0.000000000000000000e+00,-0.000000000000000000e+00,-0.000000000000000000e+00,-0.000000000000000000e+00,0.000000000000000000e+00,-0.000000000000000000e+00,-1.374334629234410521e-01,-0.000000000000000000e+00,-1.090805324028574358e-02,-1.130102997942620396e-02,-0.000000000000000000e+00,-2.689062558421634330e-01,-0.000000000000000000e+00,-1.964423154901983049e-01,-2.566458982875237105e-01,-0.000000000000000000e+00,-2.877645057591707300e-01,-2.016987530883121438e-01,-1.395285984715629313e-01,0.000000000000000000e+00,-2.049415265859826640e-01,-0.000000000000000000e+00,-6.182830946741521387e-03,-0.000000000000000000e+00,-0.000000000000000000e+00
-1.093540542442412132e-02,-0.000000000000000000e+00,-0.000000000000000000e+00,0.000000000000000000e+00,-0.000000000000000000e+00,-0.000000000000000000e+00,1.265894690320126525e-01,0.000000000000000000e+00,-0.000000000000000000e+00,-0.000000000000000000e+00,-0.000000000000000000e+00,1.448383485195506637e+00,2.413149480377920972e-02,-0.000000000000000000e+00,-4.071052082444726605e-01,-0.000000000000000000e+00,0.000000000000000000e+00,0.000000000000000000e+00,0.000000000000000000e+00,0.000000000000000000e+00,-0.000000000000000000e+00,-0.000000000000000000e+00,-2.608804962548094686e-02,-0.000000000000000000e+00,-0.000000000000000000e+00,-0.000000000000000000e+00,-0.000000000000000000e+00,-0.000000000000000000e+00,-0.000000000000000000e+00,0.000000000000000000e+00,-0.000000000000000000e+00,-0.000000000000000000e+00,-0.000000000000000000e+00,-1.872865132445713371e-02,-0.000000000000000000e+00,-1.200669878745531383e-01,-0.000000000000000000e+00,-3.359661423362534927e-01,-3.316066206044499531e-01
7.545319061067957966e-02,0.000000000000000000e+00,0.000000000000000000e+00,-5.144891037626277142e-02,0.000000000000000000e+00,0.000000000000000000e+00,-3.746910073918404555e-02,-0.000000000000000000e+00,0.000000000000000000e+00,0.000000000000000000e+00,0.000000000000000000e+00,2.413149480377920972e-02,1.349936113068544108e+00,-0.000000000000000000e+00,0.000000000000000000e+00,0.000000000000000000e+00,-2.735091371368969515e-01,-0.000000000000000000e+00,0.000000000000000000e+00,-9.755395332026055993e-03,-0.000000000000000000e+00,0.000000000000000000e+00,0.000000000000000000e+00,0.000000000000000000e+00,0.000000000000000000e+00,-0.000000000000000000e+00,-0.000000000000000000e+00,-0.000000000000000000e+00,-0.000000000000000000e+00,0.000000000000000000e+00,0.000000000000000000e+00,0.000000000000000000e+00,-0.000000000000000000e+00,5.350015574456647993e-01,-0.000000000000000000e+00,0.000000000000000000e+00,-0.000000000000000000e+00,0.000000000000000000e+00,2.903011215495959751e-02
-0.000000000000000000e+00,-0.000000000000000000e+00,-1.485017549064563958e-01,-0.000000000000000000e+00,-1.450608969827059391e-01,-0.000000000000000000e+00,-5.110023014649561768e-02,0.000000000000000000e+00,-0.000000000000000000e+00,-0.000000000000000000e+00,-4.731548184828905657e-02,-0.000000000000000000e+00,-0.000000000000000000e+00,2.339722678079116047e+00,0.000000000000000000e+00,-2.958698736457345685e-02,-0.000000000000000000e+00,-0.000000000000000000e+00,-0.000000000000000000e+00,-0.000000000000000000e+00,-5.821519260591682954e-02,-1.770380441267042915e-01,-1.122990839636944377e-01,-3.699180946761665978e-01,-2.140445122320812077e-01,-0.000000000000000000e+00,-0.000000000000000000e+00,-1.909824217656422851e-01,-8.989099235771776109e-02,-0.000000000000000000e+00,-6.643069367857457053e-02,-2.209796314991520905e-01,-1.413920739809470806e-01,-0.000000000000000000e+00,-0.000000000000000000e+00,-1.264344970290560977e-01,-2.616727165389267640e-01,-0.000000000000000000e+00,-0.000000000000000000e+00
-0.000000000000000000e+00,-0.000000000000000000e+00,0.000000000000000000e+00,6.749653088872563655e-01,0.000000000000000000e+00,-1.204511756133035544e-01,0.000000000000000000e+00,0.000000000000000000e+00,0.000000000000000000e+00,0.000000000000000000e+00,0.000000000000000000e+00,-4.071052082444726605e-01,0.000000000000000000e+00,0.000000000000000000e+00,1.493217067774896156e+00,0.000000000000000000e+00,0.000000000000000000e+00,0.000000000000000000e+00,-0.000000000000000000e+00,0.000000000000000000e+00,0.000000000000000000e+00,-0.000000000000000000e+00,-0.000000000000000000e+00,0.000000000000000000e+00,-0.000000000000000000e+00,-0.000000000000000000e+00,0.000000000000000000e+00,0.000000000000000000e+00,0.000000000000000000e+00,0.000000000000000000e+00,0.000000000000000000e+00,0.000000000000000000e+00,0.000000000000000000e+00,-0.000000000000000000e+00,0.000000000000000000e+00,-0.000000000000000000e+00,0.000000000000000000e+00,-0.000000000000000000e+00,-0.000000000000000000e+00
-0.000000000000000000e+00,-1.733628684239864326e-01,-4.146481373775647017e-02,-0.000000000000000000e+00,-0.000000000000000000e+00,-0.000000000000000000e+00,-0.000000000000000000e+00,0.000000000000000000e+00,-3.890867099709973131e-01,-4.923494917271357130e-01,-0.000000000000000000e+00,-0.000000000000000000e+00,0.000000000000000000e+00,-2.958698736457345685e-02,0.000000000000000000e+00,2.281363548690236609e+00,-0.000000000000000000e+00,-0.000000000000000000e+00,-0.000000000000000000e+00,-0.000000000000000000e+00,-0.000000000000000000e+00,-0.000000000000000000e+00,-1.813242569605888477e-01,-1.582268884334008807e-01,-1.446774543605880703e-01,-5.226558257607432853e-03,-0.000000000000000000e+00,-1.768591779803121711e-01,-0.000000000000000000e+00,-1.749742173861533190e-01,-3.576908285183890562e-02,-5.561494929278414795e-02,-0.000000000000000000e+00,-0.000000000000000000e+00,-0.000000000000000000e+00,-1.492589247574316602e-01,-7.046897019223256897e-02,-0.000000000000000000e+00,-4.599309168720341207e-02
0.000000000000000000e+00,0.000000000000000000e+00,-0.000000000000000000e+00,-0.000000000000000000e+00,-0.000000000000000000e+00,-0.000000000000000000e+00,-3.226327658999957326e-01,-0.000000000000000000e+00,-0.000000000000000000e+00,-0.000000000000000000e+00,-0.000000000000000000e+00,0.000000000000000000e+00,-2.735091371368969515e-01,-0.000000000000000000e+00,0.000000000000000000e+00,-0.000000000000000000e+00,1.611073687494868789e+00,-0.000000000000000000e+00,0.000000000000000000e+00,-0.000000000000000000e+00,-0.000000000000000000e+00,0.000000000000000000e+00,-0.000000000000000000e+00,-0.000000000000000000e+00,-0.000000000000000000e+00,-1.654039542384874717e-01,-2.856506617715524610e-01,-0.000000000000000000e+00,-0.000000000000000000e+00,0.000000000000000000e+00,-0.000000000000000000e+00,-0.000000000000000000e+00,-3.729991826896781881e-01,2.277505510018425217e-01,-0.000000000000000000e+00,-0.000000000000000000e+00,-0.000000000000000000e+00,-0.000000000000000000e+00,0.000000000000000000e+00
-0.000000000000000000e+00,-0.000000000000000000e+00,-4.196615219339426550e-02,-0.000000000000000000e+00,-4.095445881071019950e-02,-2.209703198386975265e-02,-8.148840690812522713e-02,2.221574563621878939e-01,-0.000000000000000000e+00,-0.000000000000000000e+00,-0.000000000000000000e+00,0.000000000000000000e+00,-0.000000000000000000e+00,-0.000000000000000000e+00,0.000000000000000000e+00,-0.000000000000000000e+00,-0.000000000000000000e+00,1.346174906450062991e+00,-3.960780125067148716e-01,-2.139145814260277889e-01,0.000000000000000000e+00,-0.000000000000000000e+00,-0.000000000000000000e+00,-0.000000000000000000e+00,-0.000000000000000000e+00,-0.000000000000000000e+00,-0.000000000000000000e+00,-0.000000000000000000e+00,-0.000000000000000000e+00,-0.000000000000000000e+00,0.000000000000000000e+00,-0.000000000000000000e+00,-0.000000000000000000e+00,0.000000000000000000e+00,-0.000000000000000000e+00,-0.000000000000000000e+00,-0.000000000000000000e+00,3.744330460212751295e-03,0.000000000000000000e+00
-0.000000000000000000e+00,0.000000000000000000e+00,-0.000000000000000000e+00,-0.000000000000000000e+00,-3.027721144087657801e-01,-0.000000000000000000e+00,-0.000000000000000000e+00,1.822320825732535177e-01,-0.000000000000000000e+00,-0.000000000000000000e+00,0.000000000000000000e+00,0.000000000000000000e+00,0.000000000000000000e+00,-0.000000000000000000e+00,-0.000000000000000000e+00,-0.000000000000000000e+00,0.000000000000000000e+00,-3.960780125067148716e-01,1.476131524324157285e+00,-0.000000000000000000e+00,-0.000000000000000000e+00,-0.000000000000000000e+00,-0.000000000000000000e+00,-0.000000000000000000e+00,-1.545238726151334785e-01,0.000000000000000000e+00,0.000000000000000000e+00,-0.000000000000000000e+00,-0.000000000000000000e+00,-0.000000000000000000e+00,-0.000000000000000000e+00,-0.000000000000000000e+00,0.000000000000000000e+00,-2.275504738233880275e-01,-0.000000000000000000e+00,-0.000000000000000000e+00,-0.000000000000000000e+00,0.000000000000000000e+00,-0.000000000000000000e+00
-0.000000000000000000e+00,-0.000000000000000000e+00,-2.723291128889386847e-01,-3.532743781337378125e-02,-0.000000000000000000e+00,-0.000000000000000000e+00,-1.971662320398940849e-01,0.000000000000000000e+00,-0.000000000000000000e+00,-0.000000000000000000e+00,-0.000000000000000000e+00,0.000000000000000000e+00,-9.755395332026055993e-03,-0.000000000000000000e+00,0.000000000000000000e+00,-0.000000000000000000e+00,-0.000000000000000000e+00,-2.139145814260277889e-01,-0.000000000000000000e+00,1.224302452006248210e+00,-0.000000000000000000e+00,-0.000000000000000000e+00,-0.000000000000000000e+00,-0.000000000000000000e+00,-0.000000000000000000e+00,-0.000000000000000000e+00,-2.547974136323793298e-02,-0.000000000000000000e+00,-0.000000000000000000e+00,-0.000000000000000000e+00,-0.000000000000000000e+00,-0.000000000000000000e+00,-1.295025878286816014e-02,0.000000000000000000e+00,-0.000000000000000000e+00,-0.000000000000000000e+00,-0.000000000000000000e+00,0.000000000000000000e+00,-0.000000000000000000e+00
-0.000000000000000000e+00,-0.000000000000000000e+00,-7.412711742451964271e-03,-0.000000000000000000e+00,-0.000000000000000000e+00,-0.000000000000000000e+00,-0.000000000000000000e+00,0.000000000000000000e+00,-5.183110945921573509e-02,-0.000000000000000000e+00,-1.374334629234410521e-01,-0.000000000000000000e+00,-0.000000000000000000e+00,-5.821519260591682954e-02,0.000000000000000000e+00,-0.000000000000000000e+00,-0.000000000000000000e+00,0.000000000000000000e+00,-0.000000000000000000e+00,-0.000000000000000000e+00,2.108398487196311510e+00,-1.889843643270015250e-01,-3.704528212989425390e-02,-1.845731432893742974e-01,-2.455132438697267550e-02,-0.000000000000000000e+00,-0.000000000000000000e+00,-7.809621036943519001e-02,-1.128729229767111986e-01,-0.000000000000000000e+00,-3.121930756803203422e-01,-1.629235460819473957e-01,-2.634648651884854420e-01,-0.000000000000000000e+00,-1.422893299360787622e-01,-0.000000000000000000e+00,-2.152764469523492097e-01,-0.000000000000000000e+00,-0.000000000000000000e+00
-1.403089219994672898e-01,-2.069076002518824842e-01,-1.697559378527430662e-01,-0.000000000000000000e+00,-0.000000000000000000e+00,-0.000000000000000000e+00,-0.000000000000000000e+00,0.000000000000000000e+00,-2.787043715514224158e-03,-7.718392118175014527e-02,-0.000000000000000000e+00,-0.000000000000000000e+00,0.000000000000000000e+00,-1.770380441267042915e-01,-0.000000000000000000e+00,-0.000000000000000000e+00,0.000000000000000000e+00,-0.000000000000000000e+00,-0.000000000000000000e+00,-0.000000000000000000e+00,-1.889843643270015250e-01,1.829868399112032362e+00,-0.000000000000000000e+00,-2.520017282100198708e-01,-7.931604950843902657e-02,-0.000000000000000000e+00,-0.000000000000000000e+00,-1.232198169005577909e-01,-0.000000000000000000e+00,-0.000000000000000000e+00,-3.708041581969126997e-03,-3.021531889386965680e-02,-0.000000000000000000e+00,-0.000000000000000000e+00,-1.379144265797071223e-01,-1.342291474328969995e-02,-8.891160783561176395e-03,-0.000000000000000000e+00,-7.138445028398884840e-02
-0.000000000000000000e+00,-0.000000000000000000e+00,-0.000000000000000000e+00,-0.000000000000000000e+00,-0.000000000000000000e+00,-0.000000000000000000e+00,-0.000000000000000000e+00,0.000000000000000000e+00,-1.258334904820112010e-01,-2.553324322710323613e-01,-1.090805324028574358e-02,-2.608804962548094686e-02,0.000000000000000000e+00,-1.122990839636944377e-01,-0.000000000000000000e+00,-1.813242569605888477e-01,-0.000000000000000000e+00,-0.000000000000000000e+00,-0.000000000000000000e+00,-0.000000000000000000e+00,-3.704528212989425390e-02,-0.000000000000000000e+00,1.930506554667258623e+00,-1.069391689587865513e-01,-2.431484106956386948e-01,-1.861120203496921532e-01,-7.353217178779071495e-02,-0.000000000000000000e+00,-0.000000000000000000e+00,-0.000000000000000000e+00,-0.000000000000000000e+00,-1.012679757569115019e-01,-0.000000000000000000e+00,-0.000000000000000000e+00,-0.000000000000000000e+00,-0.000000000000000000e+00,-1.962079331120602232e-01,-1.200233994783118513e-01,-3.990313888021143618e-02
-0.000000000000000000e+00,-9.717394141491006443e-02,-1.043699791309186248e-01,-0.000000000000000000e+00,-0.000000000000000000e+00,-0.000000000000000000e+00,-0.000000000000000000e+00,0.000000000000000000e+00,-5.435529578672090162e-02,-0.000000000000000000e+00,-1.130102997942620396e-02,-0.000000000000000000e+00,0.000000000000000000e+00,-3.699180946761665978e-01,0.000000000000000000e+00,-1.582268884334008807e-01,-0.000000000000000000e+00,-0.000000000000000000e+00,-0.000000000000000000e+00,-0.000000000000000000e+00,-1.845731432893742974e-01,-2.520017282100198708e-01,-1.069391689587865513e-01,2.296778198988330910e+00,-2.320949538190074934e-01,-1.708820590980707210e-02,-0.000000000000000000e+00,-2.014081123667617601e-01,-1.605361297947310584e-01,-0.000000000000000000e+00,-6.051325556450654758e-02,-1.634234263857450298e-01,-0.000000000000000000e+00,-0.000000000000000000e+00,-0.000000000000000000e+00,-5.255576435317912964e-02,-1.010943215137831974e-01,-0.000000000000000000e+00,-0.000000000000000000e+00
-0.000000000000000000e+00,-0.000000000000000000e+00,-4.854458108424589136e-02,-0.000000000000000000e+00,-4.953691997682871384e-02,-0.000000000000000000e+00,-0.000000000000000000e+00,0.000000000000000000e+00,-6.706052273231027927e-02,-2.160944305794511577e-01,-0.000000000000000000e+00,-0.000000000000000000e+00,0.000000000000000000e+00,-2.140445122320812077e-01,-0.000000000000000000e+00,-1.446774543605880703e-01,-0.000000000000000000e+00,-0.000000000000000000e+00,-1.545238726151334785e-01,-0.000000000000000000e+00,-2.455132438697267550e-02,-7.931604950843902657e-02,-2.431484106956386948e-01,-2.320949538190074934e-01,1.892173532859423579e+00,-0.000000000000000000e+00,-0.000000000000000000e+00,-0.000000000000000000e+00,-0.000000000000000000e+00,-4.267256677931249159e-02,-0.000000000000000000e+00,-0.000000000000000000e+00,-0.000000000000000000e+00,-1.371221187982621208e-02,-0.000000000000000000e+00,-1.487808654088032534e-01,-7.600797078226441406e-02,-0.000000000000000000e+00,-1.168375669475266304e-01
-0.000000000000000000e+00,-6.247362774008032721e-02,-0.000000000000000000e+00,-0.000000000000000000e+00,-0.000000000000000000e+00,-0.000000000000000000e+00,-0.000000000000000000e+00,0.000000000000000000e+00,-8.261622955908093369e-02,-0.000000000000000000e+00,-2.689062558421634330e-01,-0.000000000000000000e+00,-0.000000000000000000e+00,-0.000000000000000000e+00,-0.000000000000000000e+00,-5.226558257607432853e-03,-1.654039542384874717e-01,-0.000000000000000000e+00,0.000000000000000000e+00,-0.000000000000000000e+00,-0.000000000000000000e+00,-0.000000000000000000e+00,-1.861120203496921532e-01,-1.708820590980707210e-02,-0.000000000000000000e+00,2.398963785718227548e+00,-4.391721743489444552e-01,-2.456283261800871476e-01,-1.641572013857017232e-01,-0.000000000000000000e+00,-0.000000000000000000e+00,-1.535209530663564081e-01,-6.430265760092819527e-02,0.000000000000000000e+00,-2.728047325422637281e-01,-0.000000000000000000e+00,-5.352736602291596757e-02,-3.686803834477416220e-01,-0.000000000000000000e+00
-0.000000000000000000e+00,-0.000000000000000000e+00,-0.000000000000000000e+00,-0.000000000000000000e+00,-0.000000000000000000e+00,-0.000000000000000000e+00,-0.000000000000000000e+00,-0.000000000000000000e+00,-1.379833588910421051e-02,-0.000000000000000000e+00,-0.000000000000000000e+00,-0.000000000000000000e+00,-0.000000000000000000e+00,-0.000000000000000000e+00,0.000000000000000000e+00,-0.000000000000000000e+00,-2.856506617715524610e-01,-0.000000000000000000e+00,0.000000000000000000e+00,-2.547974136323793298e-02,-0.000000000000000000e+00,-0.000000000000000000e+00,-7.353217178779071495e-02,-0.000000000000000000e+00,-0.000000000000000000e+00,-4.391721743489444552e-01,2.133180970891916051e+00,-8.416608165058880875e-02,-0.000000000000000000e+00,0.000000000000000000e+00,-2.154749057211874097e-01,-2.031371440073024282e-01,-4.852593458885702260e-01,0.000000000000000000e+00,-6.498197726588071654e-02,-0.000000000000000000e+00,-1.453608807564347842e-02,-1.654745745088207487e-01,-0.000000000000000000e+00
-0.000000000000000000e+00,-0.000000000000000000e+00,-2.064610369959277714e-01,-0.000000000000000000e+00,-0.000000000000000000e+00,-0.000000000000000000e+00,-4.166233185548976620e-02,0.000000000000000000e+00,-2.053982729277215591e-01,-0.000000000000000000e+00,-1.964423154901983049e-01,-0.000000000000000000e+00,-0.000000000000000000e+00,-1.909824217656422851e-01,0.000000000000000000e+00,-1.768591779803121711e-01,-0.000000000000000000e+00,-0.000000000000000000e+00,-0.000000000000000000e+00,-0.000000000000000000e+00,-7.809621036943519001e-02,-1.232198169005577909e-01,-0.000000000000000000e+00,-2.014081123667617601e-01,-0.000000000000000000e+00,-2.456283261800871476e-01,-8.416608165058880875e-02,2.781817249400586167e+00,-4.265463680247851691e-03,-0.000000000000000000e+00,-4.471485659992159856e-01,-1.335427411578731238e-01,-3.524848082185951803e-01,0.000000000000000000e+00,-2.237342082948536870e-01,-0.000000000000000000e+00,-4.389067351677664736e-02,-0.000000000000000000e+00,-0.000000000000000000e+00
-2.201833290710937530e-02,-0.000000000000000000e+00,-7.201848894682058751e-03,-0.000000000000000000e+00,-0.000000000000000000e+00,-1.381436601339407766e-01,-3.456347744975148129e-02,0.000000000000000000e+00,-0.000000000000000000e+00,-0.000000000000000000e+00,-2.566458982875237105e-01,-0.000000000000000000e+00,-0.000000000000000000e+00,-8.989099235771776109e-02,0.000000000000000000e+00,-0.000000000000000000e+00,-0.000000000000000000e+00,-0.000000000000000000e+00,-0.000000000000000000e+00,-0.000000000000000000e+00,-1.128729229767111986e-01,-0.000000000000000000e+00,-0.000000000000000000e+00,-1.605361297947310584e-01,-0.000000000000000000e+00,-1.641572013857017232e-01,-0.000000000000000000e+00,-4.265463680247851691e-03,2.118506381600819832e+00,-0.000000000000000000e+00,-0.000000000000000000e+00,-2.304808118219546786e-01,-1.791364226279873739e-01,0.000000000000000000e+00,-4.289461939653023137e-01,-0.000000000000000000e+00,-2.270664988165479736e-01,-0.000000000000000000e+00,-0.000000000000000000e+00
-2.781427062785712390e-01,-3.586600908959111655e-02,-1.135254248720214167e-02,-0.000000000000000000e+00,-0.000000000000000000e+00,-0.000000000000000000e+00,-0.000000000000000000e+00,1.653497572350825021e-02,-7.644192435528346374e-02,-2.434882475020481718e-01,-0.000000000000000000e+00,0.000000000000000000e+00,0.000000000000000000e+00,-0.000000000000000000e+00,0.000000000000000000e+00,-1.749742173861533190e-01,0.000000000000000000e+00,-0.000000000000000000e+00,-0.000000000000000000e+00,-0.000000000000000000e+00,-0.000000000000000000e+00,-0.000000000000000000e+00,-0.000000000000000000e+00,-0.000000000000000000e+00,-4.267256677931249159e-02,-0.000000000000000000e+00,0.000000000000000000e+00,-0.000000000000000000e+00,-0.000000000000000000e+00,1.431638023252539638e+00,-0.000000000000000000e+00,-0.000000000000000000e+00,0.000000000000000000e+00,-2.316598448208174454e-01,-0.000000000000000000e+00,-0.000000000000000000e+00,-0.000000000000000000e+00,0.000000000000000000e+00,-0.000000000000000000e+00
-0.000000000000000000e+00,-0.000000000000000000e+00,-3.112393246392595320e-02,-2.367199175604761154e-03,-5.484555430169217594e-02,-0.000000000000000000e+00,-0.000000000000000000e+00,0.000000000000000000e+00,-3.734635984572007850e-01,-1.009134022723151697e-01,-2.877645057591707300e-01,-0.000000000000000000e+00,0.000000000000000000e+00,-6.643069367857457053e-02,0.000000000000000000e+00,-3.576908285183890562e-02,-0.000000000000000000e+00,0.000000000000000000e+00,-0.000000000000000000e+00,-0.000000000000000000e+00,-3.121930756803203422e-01,-3.708041581969126997e-03,-0.000000000000000000e+00,-6.051325556450654758e-02,-0.000000000000000000e+00,-0.000000000000000000e+00,-2.154749057211874097e-01,-4.471485659992159856e-01,-0.000000000000000000e+00,-0.000000000000000000e+00,2.491293945641913865e+00,-1.025986773607299868e-01,-3.786900910181115187e-01,-0.000000000000000000e+00,-0.000000000000000000e+00,-0.000000000000000000e+00,-8.909601117915550220e-03,-0.000000000000000000e+00,-0.000000000000000000e+00
-0.000000000000000000e+00,-1.171847382706465296e-01,-1.752564515621620952e-02,-0.000000000000000000e+00,-0.000000000000000000e+00,-0.000000000000000000e+00,-0.000000000000000000e+00,0.000000000000000000e+00,-3.555201307136068856e-01,-0.000000000000000000e+00,-2.016987530883121438e-01,-0.000000000000000000e+00,0.000000000000000000e+00,-2.209796314991520905e-01,0.000000000000000000e+00,-5.561494929278414795e-02,-0.000000000000000000e+00,-0.000000000000000000e+00,-0.000000000000000000e+00,-0.000000000000000000e+00,-1.629235460819473957e-01,-3.021531889386965680e-02,-1.012679757569115019e-01,-1.634234263857450298e-01,-0.000000000000000000e+00,-1.535209530663564081e-01,-2.031371440073024282e-01,-1.335427411578731238e-01,-2.304808118219546786e-01,-0.000000000000000000e+00,-1.025986773607299868e-01,2.768359455387792600e+00,-8.603105555776844465e-03,-0.000000000000000000e+00,-1.871373279033584358e-01,-0.000000000000000000e+00,-4.741942326098182448e-01,-0.000000000000000000e+00,-0.000000000000000000e+00
-0.000000000000000000e+00,-0.000000000000000000e+00,-0.000000000000000000e+00,-1.699738105906180574e-01,-0.000000000000000000e+00,-0.000000000000000000e+00,-9.524934977308492645e-02,-0.000000000000000000e+00,-0.000000000000000000e+00,-0.000000000000000000e+00,-1.395285984715629313e-01,-0.000000000000000000e+00,-0.000000000000000000e+00,-1.413920739809470806e-01,0.000000000000000000e+00,-0.000000000000000000e+00,-3.729991826896781881e-01,-0.000000000000000000e+00,0.000000000000000000e+00,-1.295025878286816014e-02,-2.634648651884854420e-01,-0.000000000000000000e+00,-0.000000000000000000e+00,-0.000000000000000000e+00,-0.000000000000000000e+00,-6.430265760092819527e-02,-4.852593458885702260e-01,-3.524848082185951803e-01,-1.791364226279873739e-01,0.000000000000000000e+00,-3.786900910181115187e-01,-8.603105555776844465e-03,2.675781780832038770e+00,0.000000000000000000e+00,-2.198765702292252988e-01,-0.000000000000000000e+00,-9.779539145941536227e-02,-0.000000000000000000e+00,-0.000000000000000000e+00
-2.669570816659913234e-02,-0.000000000000000000e+00,-0.000000000000000000e+00,0.000000000000000000e+00,-0.000000000000000000e+00,-0.000000000000000000e+00,0.000000000000000000e+00,2.239349756528304924e-01,-0.000000000000000000e+00,-0.000000000000000000e+00,0.000000000000000000e+00,-1.872865132445713371e-02,5.350015574456647993e-01,-0.000000000000000000e+00,-0.000000000000000000e+00,-0.000000000000000000e+00,2.277505510018425217e-01,0.000000000000000000e+00,-2.275504738233880275e-01,0.000000000000000000e+00,-0.000000000000000000e+00,-0.000000000000000000e+00,-0.000000000000000000e+00,-0.000000000000000000e+00,-1.371221187982621208e-02,0.000000000000000000e+00,0.000000000000000000e+00,0.000000000000000000e+00,0.000000000000000000e+00,-2.316598448208174454e-01,-0.000000000000000000e+00,-0.000000000000000000e+00,0.000000000000000000e+00,1.551913446061844670e+00,0.000000000000000000e+00,-0.000000000000000000e+00,-0.000000000000000000e+00,0.000000000000000000e+00,-1.700653407367543335e-01
-0.000000000000000000e+00,-0.000000000000000000e+00,-0.000000000000000000e+00,-0.000000000000000000e+00,-0.000000000000000000e+00,-0.000000000000000000e+00,-0.000000000000000000e+00,0.000000000000000000e+00,-0.000000000000000000e+00,-0.000000000000000000e+00,-2.049415265859826640e-01,-0.000000000000000000e+00,-0.000000000000000000e+00,-0.000000000000000000e+00,0.000000000000000000e+00,-0.000000000000000000e+00,-0.000000000000000000e+00,-0.000000000000000000e+00,-0.000000000000000000e+00,-0.000000000000000000e+00,-1.422893299360787622e-01,-1.379144265797071223e-01,-0.000000000000000000e+00,-0.000000000000000000e+00,-0.000000000000000000e+00,-2.728047325422637281e-01,-6.498197726588071654e-02,-2.237342082948536870e-01,-4.289461939653023137e-01,-0.000000000000000000e+00,-0.000000000000000000e+00,-1.871373279033584358e-01,-2.198765702292252988e-01,0.000000000000000000e+00,2.332743339627034285e+00,-0.000000000000000000e+00,-3.679205959040630081e-01,-0.000000000000000000e+00,-0.000000000000000000e+00
-2.420120271277643662e-02,-1.300516550424631324e-01,-0.000000000000000000e+00,0.000000000000000000e+00,-0.000000000000000000e+00,-0.000000000000000000e+00,-0.000000000000000000e+00,0.000000000000000000e+00,-0.000000000000000000e+00,-0.000000000000000000e+00,-0.000000000000000000e+00,-1.200669878745531383e-01,0.000000000000000000e+00,-1.264344970290560977e-01,-0.000000000000000000e+00,-1.492589247574316602e-01,-0.000000000000000000e+00,-0.000000000000000000e+00,-0.000000000000000000e+00,-0.000000000000000000e+00,-0.000000000000000000e+00,-1.342291474328969995e-02,-0.000000000000000000e+00,-5.255576435317912964e-02,-1.487808654088032534e-01,-0.000000000000000000e+00,-0.000000000000000000e+00,-0.000000000000000000e+00,-0.000000000000000000e+00,-0.000000000000000000e+00,-0.000000000000000000e+00,-0.000000000000000000e+00,-0.000000000000000000e+00,-0.000000000000000000e+00,-0.000000000000000000e+00,1.259237284437684012e+00,-0.000000000000000000e+00,-0.000000000000000000e+00,-3.763246989579729224e-02
-0.000000000000000000e+00,-1.673823554600354924e-01,-0.000000000000000000e+00,-0.000000000000000000e+00,-0.000000000000000000e+00,-1.179907405811287703e-02,-0.000000000000000000e+00,0.000000000000000000e+00,-3.154964360266331730e-02,-0.000000000000000000e+00,-6.182830946741521387e-03,-0.000000000000000000e+00,-0.000000000000000000e+00,-2.616727165389267640e-01,0.000000000000000000e+00,-7.046897019223256897e-02,-0.000000000000000000e+00,-0.000000000000000000e+00,-0.000000000000000000e+00,-0.000000000000000000e+00,-2.152764469523492097e-01,-8.891160783561176395e-03,-1.962079331120602232e-01,-1.010943215137831974e-01,-7.600797078226441406e-02,-5.352736602291596757e-02,-1.453608807564347842e-02,-4.389067351677664736e-02,-2.270664988165479736e-01,-0.000000000000000000e+00,-8.909601117915550220e-03,-4.741942326098182448e-01,-9.779539145941536227e-02,-0.000000000000000000e+00,-3.679205959040630081e-01,-0.000000000000000000e+00,2.428270554214648769e+00,-0.000000000000000000e+00,-0.000000000000000000e+00
-0.000000000000000000e+00,-3.421093741131360499e-02,-0.000000000000000000e+00,0.000000000000000000e+00,-0.000000000000000000e+00,-0.000000000000000000e+00,0.000000000000000000e+00,-0.000000000000000000e+00,-0.000000000000000000e+00,-0.000000000000000000e+00,-0.000000000000000000e+00,-3.359661423362534927e-01,0.000000000000000000e+00,-0.000000000000000000e+00,-0.000000000000000000e+00,-0.000000000000000000e+00,-0.000000000000000000e+00,3.744330460212751295e-03,0.000000000000000000e+00,0.000000000000000000e+00,-0.000000000000000000e+00,-0.000000000000000000e+00,-1.200233994783118513e-01,-0.000000000000000000e+00,-0.000000000000000000e+00,-3.686803834477416220e-01,-1.654745745088207487e-01,-0.000000000000000000e+00,-0.000000000000000000e+00,0.000000000000000000e+00,-0.000000000000000000e+00,-0.000000000000000000e+00,-0.000000000000000000e+00,0.000000000000000000e+00,-0.000000000000000000e+00,-0.000000000000000000e+00,-0.000000000000000000e+00,1.499879717464914108e+00,-1.962828087625175244e-01
-4.065820391442647175e-01,-2.930065712415590440e-01,-0.000000000000000000e+00,0.000000000000000000e+00,-0.000000000000000000e+00,-0.000000000000000000e+00,0.000000000000000000e+00,0.000000000000000000e+00,-1.795672507387402195e-01,-4.716503068380157315e-01,-0.000000000000000000e+00,-3.316066206044499531e-01,2.903011215495959751e-02,-0.000000000000000000e+00,-0.000000000000000000e+00,-4.599309168720341207e-02,0.000000000000000000e+00,0.000000000000000000e+00,-0.000000000000000000e+00,-0.000000000000000000e+00,-0.000000000000000000e+00,-7.138445028398884840e-02,-3.990313888021143618e-02,-0.000000000000000000e+00,-1.168375669475266304e-01,-0.000000000000000000e+00,-0.000000000000000000e+00,-0.000000000000000000e+00,-0.000000000000000000e+00,-0.000000000000000000e+00,-0.000000000000000000e+00,-0.000000000000000000e+00,-0.000000000000000000e+00,-1.700653407367543335e-01,-0.000000000000000000e+00,-3.763246989579729224e-02,-0.000000000000000000e+00,-1.962828087625175244e-01,2.157203459395329315e+00
