2.120023202761283532e+00,-5.385612465849466401e-01,0.000000000000000000e+00,-0.000000000000000000e+00,-0.000000000000000000e+00,-0.000000000000000000e+00,-6.590602788663584011e-02,-0.000000000000000000e+00,-0.000000000000000000e+00,-5.662340200242121924e-01,-0.000000000000000000e+00,0.000000000000000000e+00,0.000000000000000000e+00,-2.192158631890927245e-01,0.000000000000000000e+00,-0.000000000000000000e+00,-7.261988482311387827e-02,0.000000000000000000e+00,0.000000000000000000e+00,0.000000000000000000e+00,-0.000000000000000000e+00,-2.904839212441654231e-02,-9.666852016764707761e-03,-0.000000000000000000e+00,-0.000000000000000000e+00,-8.840083039004653642e-02,-0.000000000000000000e+00,-6.737055529121398212e-02,-2.576137039214642099e-01,-2.772949531983793792e-01,-3.578429635797512887e-02,-0.000000000000000000e+00,-0.000000000000000000e+00,0.000000000000000000e+00,-4.424479221744252559e-03,0.000000000000000000e+00,-0.000000000000000000e+00,-0.000000000000000000e+00,-0.000000000000000000e+00
-5.385612465849466401e-01,1.843371461887405527e+00,0.000000000000000000e+00,-9.328673820009861228e-02,0.000000000000000000e+00,-0.000000000000000000e+00,-1.658188927326465500e-01,-0.000000000000000000e+00,0.000000000000000000e+00,-0.000000000000000000e+00,-1.267384967342481406e-01,0.000000000000000000e+00,5.089801981489878308e-02,-0.000000000000000000e+00,0.000000000000000000e+00,0.000000000000000000e+00,-1.913779960254079759e-01,0.000000000000000000e+00,2.191048725375684125e-01,0.000000000000000000e+00,-0.000000000000000000e+00,-9.603861515937989202e-02,-0.000000000000000000e+00,-0.000000000000000000e+00,0.000000000000000000e+00,-0.000000000000000000e+00,-1.756052970792395806e-01,-0.000000000000000000e+00,-4.599921116305605989e-02,-3.139999163618559241e-02,-0.000000000000000000e+00,-2.405289696443721394e-03,-0.000000000000000000e+00,0.000000000000000000e+00,-0.000000000000000000e+00,0.000000000000000000e+00,-0.000000000000000000e+00,-0.000000000000000000e+00,-0.000000000000000000e+00
0.000000000000000000e+00,0.000000000000000000e+00,1.539663504247661185e+00,0.000000000000000000e+00,-5.026071458282657112e-01,0.000000000000000000e+00,0.000000000000000000e+00,4.938338037431638239e-01,-0.000000000000000000e+00,0.000000000000000000e+00,0.000000000000000000e+00,-0.000000000000000000e+00,-0.000000000000000000e+00,-0.000000000000000000e+00,-0.000000000000000000e+00,-0.000000000000000000e+00,0.000000000000000000e+00,-1.762199674792235271e-01,-3.024290532933443260e-03,-0.000000000000000000e+00,0.000000000000000000e+00,0.000000000000000000e+00,-0.000000000000000000e+00,0.000000000000000000e+00,-0.000000000000000000e+00,-0.000000000000000000e+00,0.000000000000000000e+00,0.000000000000000000e+00,0.000000000000000000e+00,0.000000000000000000e+00,0.000000000000000000e+00,0.000000000000000000e+00,-2.411328455624483710e-02,-1.477181647068648990e-02,0.000000000000000000e+00,-0.000000000000000000e+00,0.000000000000000000e+00,-0.000000000000000000e+00,-4.158749660393021297e-02
-0.000000000000000000e+00,-9.328673820009861228e-02,0.000000000000000000e+00,1.017627278115520006e+00,0.000000000000000000e+00,-0.000000000000000000e+00,-1.985260132265055308e-02,-0.000000000000000000e+00,0.000000000000000000e+00,-0.000000000000000000e+00,-0.000000000000000000e+00,0.000000000000000000e+00,0.000000000000000000e+00,-0.000000000000000000e+00,0.000000000000000000e+00,0.000000000000000000e+00,-0.000000000000000000e+00,0.000000000000000000e+00,0.000000000000000000e+00,-1.093539064697690993e-01,-0.000000000000000000e+00,-0.000000000000000000e+00,-0.000000000000000000e+00,-0.000000000000000000e+00,0.000000000000000000e+00,-0.000000000000000000e+00,-0.000000000000000000e+00,-0.000000000000000000e+00,-0.000000000000000000e+00,-0.000000000000000000e+00,-0.000000000000000000e+00,-0.000000000000000000e+00,0.000000000000000000e+00,0.000000000000000000e+00,-0.000000000000000000e+00,0.000000000000000000e+00,-0.000000000000000000e+00,0.000000000000000000e+00,-0.000000000000000000e+00
-0.000000000000000000e+00,0.000000000000000000e+00,-5.026071458282657112e-01,0.000000000000000000e+00,1.586981538077781861e+00,0.000000000000000000e+00,0.000000000000000000e+00,1.163865833653713461e-01,-3.445435913751699886e-01,-0.000000000000000000e+00,0.000000000000000000e+00,-0.000000000000000000e+00,-0.000000000000000000e+00,-0.000000000000000000e+00,-0.000000000000000000e+00,-8.823042080828918943e-02,0.000000000000000000e+00,-8.269203063884475458e-02,-6.390303979213424190e-02,-8.790965162673209515e-03,0.000000000000000000e+00,0.000000000000000000e+00,-0.000000000000000000e+00,0.000000000000000000e+00,-1.472245152437564875e-01,-0.000000000000000000e+00,0.000000000000000000e+00,-0.000000000000000000e+00,0.000000000000000000e+00,-0.000000000000000000e+00,-0.000000000000000000e+00,0.000000000000000000e+00,-7.521070770292961893e-02,-3.460926269269493441e-03,0.000000000000000000e+00,-6.503027692486977596e-02,0.000000000000000000e+00,-0.000000000000000000e+00,-1.793150948311550974e-01
-0.000000000000000000e+00,-0.000000000000000000e+00,0.000000000000000000e+00,-0.000000000000000000e+00,0.000000000000000000e+00,2.915552644758515832e+00,-0.000000000000000000e+00,-0.000000000000000000e+00,0.000000000000000000e+00,-0.000000000000000000e+00,-1.809565692781895940e-01,3.002124439562329217e-01,0.000000000000000000e+00,-0.000000000000000000e+00,2.262578313027911736e-01,0.000000000000000000e+00,-1.824351686358377800e-01,2.228145771562023425e-01,9.349325174343070533e-02,0.000000000000000000e+00,-9.500453867983360556e-02,-0.000000000000000000e+00,-0.000000000000000000e+00,-2.115007133217646496e-01,0.000000000000000000e+00,-0.000000000000000000e+00,-6.507043000126778998e-02,-0.000000000000000000e+00,-2.188871464900166708e-01,-0.000000000000000000e+00,-4.178486165694839799e-02,-2.554774119359151663e-01,-0.000000000000000000e+00,2.136958236799674782e-01,-2.673962909689057699e-01,1.089526406869018547e-02,-3.054640202930268833e-01,-0.000000000000000000e+00,0.000000000000000000e+00
-6.590602788663584011e-02,-1.658188927326465500e-01,0.000000000000000000e+00,-1.985260132265055308e-02,0.000000000000000000e+00,-0.000000000000000000e+00,2.327112561123154233e+00,-1.615530866103677965e-01,0.000000000000000000e+00,-0.000000000000000000e+00,-0.000000000000000000e+00,1.558890779326292386e-01,0.000000000000000000e+00,-0.000000000000000000e+00,3.325300931381642289e-01,0.000000000000000000e+00,-0.000000000000000000e+00,0.000000000000000000e+00,2.052900891424437602e-01,0.000000000000000000e+00,-4.079395183419767118e-02,-3.837941421392149222e-01,-0.000000000000000000e+00,-3.141603977917602208e-02,0.000000000000000000e+00,-0.000000000000000000e+00,-1.838514207120169747e-02,-0.000000000000000000e+00,-8.846985105530477678e-02,-0.000000000000000000e+00,-8.732943611994452293e-02,-9.682113574026819658e-02,-0.000000000000000000e+00,1.725352541370234749e-01,-1.279473342880790565e-01,0.000000000000000000e+00,-1.493954560011721000e-01,-0.000000000000000000e+00,0.000000000000000000e+00
-0.000000000000000000e+00,-0.000000000000000000e+00,4.938338037431638239e-01,-0.000000000000000000e+00,1.163865833653713461e-01,-0.000000000000000000e+00,-1.615530866103677965e-01,1.457761244243098275e+00,0.000000000000000000e+00,-0.000000000000000000e+00,-0.000000000000000000e+00,8.288678068546999345e-02,5.390887035723305326e-02,-0.000000000000000000e+00,0.000000000000000000e+00,0.000000000000000000e+00,-0.000000000000000000e+00,0.000000000000000000e+00,1.635872766638580417e-02,1.779573434370455010e-01,-0.000000000000000000e+00,-0.000000000000000000e+00,-0.000000000000000000e+00,-0.000000000000000000e+00,0.000000000000000000e+00,0.000000000000000000e+00,-0.000000000000000000e+00,-0.000000000000000000e+00,-0.000000000000000000e+00,-0.000000000000000000e+00,-3.675773350459263233e-02,-0.000000000000000000e+00,-0.000000000000000000e+00,7.018994875588230320e-02,-0.000000000000000000e+00,2.990851625846908252e-02,-0.000000000000000000e+00,-0.000000000000000000e+00,0.000000000000000000e+00
-0.000000000000000000e+00,0.000000000000000000e+00,-0.000000000000000000e+00,0.000000000000000000e+00,-3.445435913751699886e-01,0.000000000000000000e+00,0.000000000000000000e+00,0.000000000000000000e+00,1.540440580636269985e+00,-0.000000000000000000e+00,0.000000000000000000e+00,-0.000000000000000000e+00,0.000000000000000000e+00,-0.000000000000000000e+00,-0.000000000000000000e+00,-3.898462898214880012e-01,0.000000000000000000e+00,-4.879653223280582680e-02,-0.000000000000000000e+00,-0.000000000000000000e+00,-0.000000000000000000e+00,0.000000000000000000e+00,-2.390876825047025533e-01,0.000000000000000000e+00,-1.778002212349969469e-01,-4.506493279399591267e-02,-0.000000000000000000e+00,-0.000000000000000000e+00,0.000000000000000000e+00,-2.369961588074570580e-01,-0.000000000000000000e+00,0.000000000000000000e+00,-9.285357655477081973e-02,-0.000000000000000000e+00,0.000000000000000000e+00,-0.000000000000000000e+00,0.000000000000000000e+00,-0.000000000000000000e+00,-8.851004138805187993e-02
-5.662340200242121924e-01,-0.000000000000000000e+00,0.000000000000000000e+00,-0.000000000000000000e+00,-0.000000000000000000e+00,-0.000000000000000000e+00,-0.000000000000000000e+00,-0.000000000000000000e+00,-0.000000000000000000e+00,1.882599408254242546e+00,-0.000000000000000000e+00,0.000000000000000000e+00,0.000000000000000000e+00,-2.258206989971664747e-01,0.000000000000000000e+00,-3.318893482956958296e-01,-0.000000000000000000e+00,0.000000000000000000e+00,0.000000000000000000e+00,0.000000000000000000e+00,-0.000000000000000000e+00,-0.000000000000000000e+00,-2.509156188045907343e-01,-0.000000000000000000e+00,-0.000000000000000000e+00,-1.000712012578228727e-01,-0.000000000000000000e+00,-1.874506045445040181e-01,-0.000000000000000000e+00,-2.831432822531319005e-01,-0.000000000000000000e+00,-0.000000000000000000e+00,-0.000000000000000000e+00,0.000000000000000000e+00,-0.000000000000000000e+00,0.000000000000000000e+00,-0.000000000000000000e+00,-0.000000000000000000e+00,-0.000000000000000000e+00
-0.000000000000000000e+00,-1.267384967342481406e-01,0.000000000000000000e+00,-0.000000000000000000e+00,0.000000000000000000e+00,-1.809565692781895940e-01,-0.000000000000000000e+00,-0.000000000000000000e+00,0.000000000000000000e+00,-0.000000000000000000e+00,2.803901493770382114e+00,1.347342944113476271e-01,0.000000000000000000e+00,-0.000000000000000000e+00,1.326859111540263092e-01,0.000000000000000000e+00,-3.985798101412809102e-01,1.803513039603575618e-01,1.448945207009155189e-01,1.357822355585557896e-02,-1.116428932801292739e-01,-0.000000000000000000e+00,-0.000000000000000000e+00,-1.528304826668939187e-01,0.000000000000000000e+00,-0.000000000000000000e+00,-2.140210529415913221e-01,-0.000000000000000000e+00,-1.682713517732314368e-01,-0.000000000000000000e+00,-1.228014866733624227e-01,-1.983259377433165271e-01,-0.000000000000000000e+00,2.061783636726340629e-01,-1.828159708757077784e-01,0.000000000000000000e+00,-1.459645354668603900e-01,-0.000000000000000000e+00,0.000000000000000000e+00
0.000000000000000000e+00,0.000000000000000000e+00,-0.000000000000000000e+00,0.000000000000000000e+00,-0.000000000000000000e+00,3.002124439562329217e-01,1.558890779326292386e-01,8.288678068546999345e-02,-0.000000000000000000e+00,0.000000000000000000e+00,1.347342944113476271e-01,2.734507983945793086e+00,-0.000000000000000000e+00,0.000000000000000000e+00,-3.490435972135669251e-01,-0.000000000000000000e+00,0.000000000000000000e+00,-1.101756845416505121e-01,-5.010980864736894885e-03,-1.607426103453321042e-01,1.676319667957200110e-01,0.000000000000000000e+00,0.000000000000000000e+00,2.408381882658517104e-01,-0.000000000000000000e+00,0.000000000000000000e+00,0.000000000000000000e+00,5.104640337026745966e-02,1.284835551834815903e-01,0.000000000000000000e+00,7.544143484559860668e-02,3.514355167557774162e-02,0.000000000000000000e+00,-1.884838681465075827e-01,2.724815331799010920e-01,-2.290398727663776057e-01,1.328851462964851515e-01,0.000000000000000000e+00,-9.753682373620323198e-02
0.000000000000000000e+00,5.089801981489878308e-02,-0.000000000000000000e+00,0.000000000000000000e+00,-0.000000000000000000e+00,0.000000000000000000e+00,0.000000000000000000e+00,5.390887035723305326e-02,0.000000000000000000e+00,0.000000000000000000e+00,0.000000000000000000e+00,-0.000000000000000000e+00,1.255975310039463944e+00,0.000000000000000000e+00,-0.000000000000000000e+00,0.000000000000000000e+00,0.000000000000000000e+00,-0.000000000000000000e+00,-0.000000000000000000e+00,-1.608359682364527560e-02,0.000000000000000000e+00,0.000000000000000000e+00,0.000000000000000000e+00,0.000000000000000000e+00,-0.000000000000000000e+00,0.000000000000000000e+00,0.000000000000000000e+00,0.000000000000000000e+00,0.000000000000000000e+00,0.000000000000000000e+00,3.829610117419711690e-01,0.000000000000000000e+00,2.167604625307814337e-01,-0.000000000000000000e+00,0.000000000000000000e+00,-0.000000000000000000e+00,0.000000000000000000e+00,0.000000000000000000e+00,0.000000000000000000e+00
-2.192158631890927245e-01,-0.000000000000000000e+00,-0.000000000000000000e+00,-0.000000000000000000e+00,-0.000000000000000000e+00,-0.000000000000000000e+00,-0.000000000000000000e+00,-0.000000000000000000e+00,-0.000000000000000000e+00,-2.258206989971664747e-01,-0.000000000000000000e+00,0.000000000000000000e+00,0.000000000000000000e+00,1.759013644005064991e+00,0.000000000000000000e+00,-0.000000000000000000e+00,-0.000000000000000000e+00,0.000000000000000000e+00,0.000000000000000000e+00,0.000000000000000000e+00,-1.852317468272465448e-02,-0.000000000000000000e+00,-1.919967236900860796e-01,-0.000000000000000000e+00,-0.000000000000000000e+00,-2.727708921218309768e-01,-0.000000000000000000e+00,-3.385216220154826927e-01,-5.132956874875565373e-02,-0.000000000000000000e+00,-9.272516657503195037e-02,-0.000000000000000000e+00,-2.093547882122938630e-01,0.000000000000000000e+00,-0.000000000000000000e+00,-0.000000000000000000e+00,-0.000000000000000000e+00,-0.000000000000000000e+00,-0.000000000000000000e+00
0.000000000000000000e+00,0.000000000000000000e+00,-0.000000000000000000e+00,0.000000000000000000e+00,-0.000000000000000000e+00,2.262578313027911736e-01,3.325300931381642289e-01,0.000000000000000000e+00,-0.000000000000000000e+00,0.000000000000000000e+00,1.326859111540263092e-01,-3.490435972135669251e-01,-0.000000000000000000e+00,0.000000000000000000e+00,2.990010983482187079e+00,-0.000000000000000000e+00,0.000000000000000000e+00,-2.067045796127474355e-01,-2.813984747987309243e-01,-0.000000000000000000e+00,4.799940268886133954e-02,9.249704613924727981e-02,0.000000000000000000e+00,1.514008549504536061e-01,-0.000000000000000000e+00,0.000000000000000000e+00,0.000000000000000000e+00,0.000000000000000000e+00,8.235997209998792423e-02,0.000000000000000000e+00,5.616472516109804157e-03,2.041909072766305289e-01,0.000000000000000000e+00,-2.777848515838508558e-01,1.955878848848686402e-01,-2.647508428291768245e-01,2.185206223120816638e-01,0.000000000000000000e+00,-0.000000000000000000e+00
-0.000000000000000000e+00,0.000000000000000000e+00,-0.000000000000000000e+00,0.000000000000000000e+00,-8.823042080828918943e-02,0.000000000000000000e+00,0.000000000000000000e+00,0.000000000000000000e+00,-3.898462898214880012e-01,-3.318893482956958296e-01,0.000000000000000000e+00,-0.000000000000000000e+00,0.000000000000000000e+00,-0.000000000000000000e+00,-0.000000000000000000e+00,1.490641776053308387e+00,0.000000000000000000e+00,-0.000000000000000000e+00,-6.328310524206134935e-02,-0.000000000000000000e+00,0.000000000000000000e+00,0.000000000000000000e+00,-0.000000000000000000e+00,0.000000000000000000e+00,-3.211295388506673620e-01,-1.104436215116274406e-01,0.000000000000000000e+00,-0.000000000000000000e+00,0.000000000000000000e+00,-6.673517640994314215e-02,0.000000000000000000e+00,0.000000000000000000e+00,-0.000000000000000000e+00,-0.000000000000000000e+00,0.000000000000000000e+00,-1.256294841449575039e-01,0.000000000000000000e+00,-0.000000000000000000e+00,-0.000000000000000000e+00
-7.261988482311387827e-02,-1.913779960254079759e-01,0.000000000000000000e+00,-0.000000000000000000e+00,0.000000000000000000e+00,-1.824351686358377800e-01,-0.000000000000000000e+00,-0.000000000000000000e+00,0.000000000000000000e+00,-0.000000000000000000e+00,-3.985798101412809102e-01,0.000000000000000000e+00,0.000000000000000000e+00,-0.000000000000000000e+00,0.000000000000000000e+00,0.000000000000000000e+00,2.581752583617472840e+00,1.444424688871963069e-01,1.174508854684602061e-01,0.000000000000000000e+00,-2.120833140438741285e-02,-0.000000000000000000e+00,-0.000000000000000000e+00,-1.764329515983245888e-01,0.000000000000000000e+00,-0.000000000000000000e+00,-1.637142192049675649e-01,-4.900208069863492416e-02,-3.752439042130000235e-01,-0.000000000000000000e+00,-0.000000000000000000e+00,-1.602594075973403365e-01,-0.000000000000000000e+00,1.261580979728502971e-01,-1.809972621760845002e-01,0.000000000000000000e+00,-1.599738098117340634e-01,-0.000000000000000000e+00,0.000000000000000000e+00
0.000000000000000000e+00,0.000000000000000000e+00,-1.762199674792235271e-01,0.000000000000000000e+00,-8.269203063884475458e-02,2.228145771562023425e-01,0.000000000000000000e+00,0.000000000000000000e+00,-4.879653223280582680e-02,0.000000000000000000e+00,1.803513039603575618e-01,-1.101756845416505121e-01,-0.000000000000000000e+00,0.000000000000000000e+00,-2.067045796127474355e-01,-0.000000000000000000e+00,1.444424688871963069e-01,2.420962115752963939e+00,-5.004827785280865360e-01,-0.000000000000000000e+00,0.000000000000000000e+00,0.000000000000000000e+00,0.000000000000000000e+00,3.564291376956937266e-04,-2.262133190797466775e-01,0.000000000000000000e+00,0.000000000000000000e+00,0.000000000000000000e+00,2.502380129608978987e-02,-0.000000000000000000e+00,0.000000000000000000e+00,9.203414677059391924e-02,0.000000000000000000e+00,-3.083529476756675103e-01,7.634718159799841475e-02,-9.979621148257730723e-02,7.204121838963520319e-02,0.000000000000000000e+00,-0.000000000000000000e+00
0.000000000000000000e+00,2.191048725375684125e-01,-3.024290532933443260e-03,0.000000000000000000e+00,-6.390303979213424190e-02,9.349325174343070533e-02,2.052900891424437602e-01,1.635872766638580417e-02,-0.000000000000000000e+00,0.000000000000000000e+00,1.448945207009155189e-01,-5.010980864736894885e-03,-0.000000000000000000e+00,0.000000000000000000e+00,-2.813984747987309243e-01,-6.328310524206134935e-02,1.174508854684602061e-01,-5.004827785280865360e-01,2.477131757636122700e+00,-0.000000000000000000e+00,0.000000000000000000e+00,0.000000000000000000e+00,0.000000000000000000e+00,0.000000000000000000e+00,-1.795791982198632064e-01,0.000000000000000000e+00,0.000000000000000000e+00,0.000000000000000000e+00,4.327770836322806375e-02,0.000000000000000000e+00,0.000000000000000000e+00,6.849865707733855669e-02,-0.000000000000000000e+00,-4.521647939193340071e-01,3.778483562950548519e-02,-0.000000000000000000e+00,7.509740730904089501e-02,0.000000000000000000e+00,-0.000000000000000000e+00
0.000000000000000000e+00,0.000000000000000000e+00,-0.000000000000000000e+00,-1.093539064697690993e-01,-8.790965162673209515e-03,0.000000000000000000e+00,0.000000000000000000e+00,1.779573434370455010e-01,-0.000000000000000000e+00,0.000000000000000000e+00,1.357822355585557896e-02,-1.607426103453321042e-01,-1.608359682364527560e-02,0.000000000000000000e+00,-0.000000000000000000e+00,-0.000000000000000000e+00,0.000000000000000000e+00,-0.000000000000000000e+00,-0.000000000000000000e+00,1.253287620258019874e+00,0.000000000000000000e+00,0.000000000000000000e+00,-0.000000000000000000e+00,0.000000000000000000e+00,-0.000000000000000000e+00,0.000000000000000000e+00,0.000000000000000000e+00,0.000000000000000000e+00,0.000000000000000000e+00,-0.000000000000000000e+00,0.000000000000000000e+00,0.000000000000000000e+00,0.000000000000000000e+00,-0.000000000000000000e+00,0.000000000000000000e+00,-9.911979796374549567e-02,0.000000000000000000e+00,2.254760515508461571e-01,-1.810517914650027205e-01
-0.000000000000000000e+00,-0.000000000000000000e+00,0.000000000000000000e+00,-0.000000000000000000e+00,0.000000000000000000e+00,-9.500453867983360556e-02,-4.079395183419767118e-02,-0.000000000000000000e+00,-0.000000000000000000e+00,-0.000000000000000000e+00,-1.116428932801292739e-01,1.676319667957200110e-01,0.000000000000000000e+00,-1.852317468272465448e-02,4.799940268886133954e-02,0.000000000000000000e+00,-2.120833140438741285e-02,0.000000000000000000e+00,0.000000000000000000e+00,0.000000000000000000e+00,2.313876312240895405e+00,-3.237885368484250681e-01,-1.313728207885348290e-02,-1.915824182915474294e-01,0.000000000000000000e+00,-0.000000000000000000e+00,-1.413567518455440819e-01,-2.598801185158459703e-01,-1.155429380441554688e-01,-0.000000000000000000e+00,-2.684726588957229154e-01,-8.275669846544762842e-02,-1.110481532058524429e-01,0.000000000000000000e+00,-1.546288923928646475e-01,0.000000000000000000e+00,-7.567526066066807000e-02,-0.000000000000000000e+00,0.000000000000000000e+00
-2.904839212441654231e-02,-9.603861515937989202e-02,0.000000000000000000e+00,-0.000000000000000000e+00,0.000000000000000000e+00,-0.000000000000000000e+00,-3.837941421392149222e-01,-0.000000000000000000e+00,0.000000000000000000e+00,-0.000000000000000000e+00,-0.000000000000000000e+00,0.000000000000000000e+00,0.000000000000000000e+00,-0.000000000000000000e+00,9.249704613924727981e-02,0.000000000000000000e+00,-0.000000000000000000e+00,0.000000000000000000e+00,0.000000000000000000e+00,0.000000000000000000e+00,-3.237885368484250681e-01,2.484396432503452878e+00,-8.066272983727139356e-02,-1.337538070333127438e-01,0.000000000000000000e+00,-0.000000000000000000e+00,-4.126843135650142824e-01,-0.000000000000000000e+00,-9.840211059227715884e-02,-0.000000000000000000e+00,-1.691916401316459206e-01,-2.918174250959765237e-01,-0.000000000000000000e+00,3.534456438738550754e-02,-2.277886153344803322e-02,0.000000000000000000e+00,-2.503201606929101874e-01,-0.000000000000000000e+00,0.000000000000000000e+00
-9.666852016764707761e-03,-0.000000000000000000e+00,-0.000000000000000000e+00,-0.000000000000000000e+00,-0.000000000000000000e+00,-0.000000000000000000e+00,-0.000000000000000000e+00,-0.000000000000000000e+00,-2.390876825047025533e-01,-2.509156188045907343e-01,-0.000000000000000000e+00,0.000000000000000000e+00,0.000000000000000000e+00,-1.919967236900860796e-01,0.000000000000000000e+00,-0.000000000000000000e+00,-0.000000000000000000e+00,0.000000000000000000e+00,0.000000000000000000e+00,-0.000000000000000000e+00,-1.313728207885348290e-02,-8.066272983727139356e-02,1.579057901056000413e+00,-3.845172966449798835e-02,-8.659794162172340659e-02,-1.162896975915178321e-01,-1.274673703780656309e-01,-1.244909824471626819e-01,-0.000000000000000000e+00,-0.000000000000000000e+00,-6.721499940924434424e-02,-0.000000000000000000e+00,-0.000000000000000000e+00,0.000000000000000000e+00,-0.000000000000000000e+00,0.000000000000000000e+00,-0.000000000000000000e+00,-2.212347477740338741e-01,-0.000000000000000000e+00
-0.000000000000000000e+00,-0.000000000000000000e+00,0.000000000000000000e+00,-0.000000000000000000e+00,0.000000000000000000e+00,-2.115007133217646496e-01,-3.141603977917602208e-02,-0.000000000000000000e+00,0.000000000000000000e+00,-0.000000000000000000e+00,-1.528304826668939187e-01,2.408381882658517104e-01,0.000000000000000000e+00,-0.000000000000000000e+00,1.514008549504536061e-01,0.000000000000000000e+00,-1.764329515983245888e-01,3.564291376956937266e-04,0.000000000000000000e+00,0.000000000000000000e+00,-1.915824182915474294e-01,-1.337538070333127438e-01,-3.845172966449798835e-02,2.914527026367216944e+00,0.000000000000000000e+00,-0.000000000000000000e+00,-1.299064788278620763e-01,-1.532505702159958072e-01,-2.767444390746962579e-01,-0.000000000000000000e+00,-2.005659252000678849e-01,-2.147728047499635473e-01,-0.000000000000000000e+00,7.052887497036805509e-02,-3.112543895053371257e-01,3.265080946229728318e-03,-2.322969606919638996e-01,-5.341756630607845391e-02,0.000000000000000000e+00
-0.000000000000000000e+00,0.000000000000000000e+00,-0.000000000000000000e+00,0.000000000000000000e+00,-1.472245152437564875e-01,0.000000000000000000e+00,0.000000000000000000e+00,0.000000000000000000e+00,-1.778002212349969469e-01,-0.000000000000000000e+00,0.000000000000000000e+00,-0.000000000000000000e+00,-0.000000000000000000e+00,-0.000000000000000000e+00,-0.000000000000000000e+00,-3.211295388506673620e-01,0.000000000000000000e+00,-2.262133190797466775e-01,-1.795791982198632064e-01,-0.000000000000000000e+00,0.000000000000000000e+00,0.000000000000000000e+00,-8.659794162172340659e-02,0.000000000000000000e+00,1.373403481343791421e+00,-0.000000000000000000e+00,0.000000000000000000e+00,-0.000000000000000000e+00,0.000000000000000000e+00,-0.000000000000000000e+00,0.000000000000000000e+00,0.000000000000000000e+00,-0.000000000000000000e+00,-0.000000000000000000e+00,0.000000000000000000e+00,-5.252150426267879896e-02,0.000000000000000000e+00,-0.000000000000000000e+00,-1.397871516667322477e-02
-8.840083039004653642e-02,-0.000000000000000000e+00,-0.000000000000000000e+00,-0.000000000000000000e+00,-0.000000000000000000e+00,-0.000000000000000000e+00,-0.000000000000000000e+00,0.000000000000000000e+00,-4.506493279399591267e-02,-1.000712012578228727e-01,-0.000000000000000000e+00,0.000000000000000000e+00,0.000000000000000000e+00,-2.727708921218309768e-01,0.000000000000000000e+00,-1.104436215116274406e-01,-0.000000000000000000e+00,0.000000000000000000e+00,0.000000000000000000e+00,0.000000000000000000e+00,-0.000000000000000000e+00,-0.000000000000000000e+00,-1.162896975915178321e-01,-0.000000000000000000e+00,-0.000000000000000000e+00,1.624534993501563607e+00,-0.000000000000000000e+00,-2.024240475886430746e-01,-0.000000000000000000e+00,-2.217625795542698536e-02,-0.000000000000000000e+00,-0.000000000000000000e+00,-1.325584261476747960e-01,0.000000000000000000e+00,-0.000000000000000000e+00,-0.000000000000000000e+00,-0.000000000000000000e+00,-4.030053184527925825e-01,-0.000000000000000000e+00
-0.000000000000000000e+00,-1.756052970792395806e-01,0.000000000000000000e+00,-0.000000000000000000e+00,0.000000000000000000e+00,-6.507043000126778998e-02,-1.838514207120169747e-02,-0.000000000000000000e+00,-0.000000000000000000e+00,-0.000000000000000000e+00,-2.140210529415913221e-01,0.000000000000000000e+00,0.000000000000000000e+00,-0.000000000000000000e+00,0.000000000000000000e+00,0.000000000000000000e+00,-1.637142192049675649e-01,0.000000000000000000e+00,0.000000000000000000e+00,0.000000000000000000e+00,-1.413567518455440819e-01,-4.126843135650142824e-01,-1.274673703780656309e-01,-1.299064788278620763e-01,0.000000000000000000e+00,-0.000000000000000000e+00,2.553730935689623394e+00,-2.402774728233787044e-02,-1.527574902056951789e-01,-0.000000000000000000e+00,-3.220387842641762588e-01,-3.269973689366494352e-01,-0.000000000000000000e+00,0.000000000000000000e+00,-3.546651398914668629e-02,0.000000000000000000e+00,-2.241228252886695305e-01,-0.000000000000000000e+00,-0.000000000000000000e+00
-6.737055529121398212e-02,-0.000000000000000000e+00,0.000000000000000000e+00,-0.000000000000000000e+00,-0.000000000000000000e+00,-0.000000000000000000e+00,-0.000000000000000000e+00,-0.000000000000000000e+00,-0.000000000000000000e+00,-1.874506045445040181e-01,-0.000000000000000000e+00,5.104640337026745966e-02,0.000000000000000000e+00,-3.385216220154826927e-01,0.000000000000000000e+00,-0.000000000000000000e+00,-4.900208069863492416e-02,0.000000000000000000e+00,0.000000000000000000e+00,0.000000000000000000e+00,-2.598801185158459703e-01,-0.000000000000000000e+00,-1.244909824471626819e-01,-1.532505702159958072e-01,-0.000000000000000000e+00,-2.024240475886430746e-01,-2.402774728233787044e-02,2.271902804453731939e+00,-1.438524615047652999e-01,-0.000000000000000000e+00,-2.338951092662673314e-01,-0.000000000000000000e+00,-2.134296787333661294e-01,0.000000000000000000e+00,-7.028709149491803310e-02,0.000000000000000000e+00,-0.000000000000000000e+00,-3.711390222870842859e-01,0.000000000000000000e+00
-2.576137039214642099e-01,-4.599921116305605989e-02,0.000000000000000000e+00,-0.000000000000000000e+00,0.000000000000000000e+00,-2.188871464900166708e-01,-8.846985105530477678e-02,-0.000000000000000000e+00,0.000000000000000000e+00,-0.000000000000000000e+00,-1.682713517732314368e-01,1.284835551834815903e-01,0.000000000000000000e+00,-5.132956874875565373e-02,8.235997209998792423e-02,0.000000000000000000e+00,-3.752439042130000235e-01,2.502380129608978987e-02,4.327770836322806375e-02,0.000000000000000000e+00,-1.155429380441554688e-01,-9.840211059227715884e-02,-0.000000000000000000e+00,-2.767444390746962579e-01,0.000000000000000000e+00,-0.000000000000000000e+00,-1.527574902056951789e-01,-1.438524615047652999e-01,2.988881150090604066e+00,-0.000000000000000000e+00,-7.684701297932637273e-03,-1.801937103722075217e-01,-0.000000000000000000e+00,1.005783172369236339e-01,-3.101658119485829479e-01,0.000000000000000000e+00,-2.419026104407022704e-01,-0.000000000000000000e+00,0.000000000000000000e+00
-2.772949531983793792e-01,-3.139999163618559241e-02,0.000000000000000000e+00,-0.000000000000000000e+00,-0.000000000000000000e+00,-0.000000000000000000e+00,-0.000000000000000000e+00,-0.000000000000000000e+00,-2.369961588074570580e-01,-2.831432822531319005e-01,-0.000000000000000000e+00,0.000000000000000000e+00,0.000000000000000000e+00,-0.000000000000000000e+00,0.000000000000000000e+00,-6.673517640994314215e-02,-0.000000000000000000e+00,-0.000000000000000000e+00,0.000000000000000000e+00,-0.000000000000000000e+00,-0.000000000000000000e+00,-0.000000000000000000e+00,-0.000000000000000000e+00,-0.000000000000000000e+00,-0.000000000000000000e+00,-2.217625795542698536e-02,-0.000000000000000000e+00,-0.000000000000000000e+00,-0.000000000000000000e+00,1.320317119024692065e+00,-0.000000000000000000e+00,-0.000000000000000000e+00,-0.000000000000000000e+00,-0.000000000000000000e+00,-0.000000000000000000e+00,-0.000000000000000000e+00,-0.000000000000000000e+00,-0.000000000000000000e+00,-0.000000000000000000e+00
-3.578429635797512887e-02,-0.000000000000000000e+00,0.000000000000000000e+00,-0.000000000000000000e+00,-0.000000000000000000e+00,-4.178486165694839799e-02,-8.732943611994452293e-02,-3.675773350459263233e-02,-0.000000000000000000e+00,-0.000000000000000000e+00,-1.228014866733624227e-01,7.544143484559860668e-02,3.829610117419711690e-01,-9.272516657503195037e-02,5.616472516109804157e-03,0.000000000000000000e+00,-0.000000000000000000e+00,0.000000000000000000e+00,0.000000000000000000e+00,0.000000000000000000e+00,-2.684726588957229154e-01,-1.691916401316459206e-01,-6.721499940924434424e-02,-2.005659252000678849e-01,0.000000000000000000e+00,-0.000000000000000000e+00,-3.220387842641762588e-01,-2.338951092662673314e-01,-7.684701297932637273e-03,-0.000000000000000000e+00,2.449483880852590723e+00,-9.549017472780077509e-02,-2.646332321122695230e-01,0.000000000000000000e+00,-7.251507860951775242e-02,0.000000000000000000e+00,-1.072867766386747940e-01,-0.000000000000000000e+00,0.000000000000000000e+00
-0.000000000000000000e+00,-2.405289696443721394e-03,0.000000000000000000e+00,-0.000000000000000000e+00,0.000000000000000000e+00,-2.554774119359151663e-01,-9.682113574026819658e-02,-0.000000000000000000e+00,0.000000000000000000e+00,-0.000000000000000000e+00,-1.983259377433165271e-01,3.514355167557774162e-02,0.000000000000000000e+00,-0.000000000000000000e+00,2.041909072766305289e-01,0.000000000000000000e+00,-1.602594075973403365e-01,9.203414677059391924e-02,6.849865707733855669e-02,0.000000000000000000e+00,-8.275669846544762842e-02,-2.918174250959765237e-01,-0.000000000000000000e+00,-2.147728047499635473e-01,0.000000000000000000e+00,-0.000000000000000000e+00,-3.269973689366494352e-01,-0.000000000000000000e+00,-1.801937103722075217e-01,-0.000000000000000000e+00,-9.549017472780077509e-02,2.993708961098778598e+00,-0.000000000000000000e+00,1.780254175299389174e-01,-2.052749852842248868e-01,6.560233638243642695e-02,-2.806330977000117688e-01,-0.000000000000000000e+00,0.000000000000000000e+00
-0.000000000000000000e+00,-0.000000000000000000e+00,-2.411328455624483710e-02,0.000000000000000000e+00,-7.521070770292961893e-02,-0.000000000000000000e+00,-0.000000000000000000e+00,-0.000000000000000000e+00,-9.285357655477081973e-02,-0.000000000000000000e+00,-0.000000000000000000e+00,0.000000000000000000e+00,2.167604625307814337e-01,-2.093547882122938630e-01,0.000000000000000000e+00,-0.000000000000000000e+00,-0.000000000000000000e+00,0.000000000000000000e+00,-0.000000000000000000e+00,0.000000000000000000e+00,-1.110481532058524429e-01,-0.000000000000000000e+00,-0.000000000000000000e+00,-0.000000000000000000e+00,-0.000000000000000000e+00,-1.325584261476747960e-01,-0.000000000000000000e+00,-2.134296787333661294e-01,-0.000000000000000000e+00,-0.000000000000000000e+00,-2.646332321122695230e-01,-0.000000000000000000e+00,1.531378845395622301e+00,0.000000000000000000e+00,-0.000000000000000000e+00,0.000000000000000000e+00,-0.000000000000000000e+00,-1.094011633696961583e-01,-0.000000000000000000e+00
0.000000000000000000e+00,0.000000000000000000e+00,-1.477181647068648990e-02,0.000000000000000000e+00,-3.460926269269493441e-03,2.136958236799674782e-01,1.725352541370234749e-01,7.018994875588230320e-02,-0.000000000000000000e+00,0.000000000000000000e+00,2.061783636726340629e-01,-1.884838681465075827e-01,-0.000000000000000000e+00,0.000000000000000000e+00,-2.777848515838508558e-01,-0.000000000000000000e+00,1.261580979728502971e-01,-3.083529476756675103e-01,-4.521647939193340071e-01,-0.000000000000000000e+00,0.000000000000000000e+00,3.534456438738550754e-02,0.000000000000000000e+00,7.052887497036805509e-02,-0.000000000000000000e+00,0.000000000000000000e+00,0.000000000000000000e+00,0.000000000000000000e+00,1.005783172369236339e-01,-0.000000000000000000e+00,0.000000000000000000e+00,1.780254175299389174e-01,0.000000000000000000e+00,2.928079317980861962e+00,1.594917242743207342e-01,-2.597037629089939959e-01,1.917201622685783813e-01,0.000000000000000000e+00,-0.000000000000000000e+00
-4.424479221744252559e-03,-0.000000000000000000e+00,0.000000000000000000e+00,-0.000000000000000000e+00,0.000000000000000000e+00,-2.673962909689057699e-01,-1.279473342880790565e-01,-0.000000000000000000e+00,0.000000000000000000e+00,-0.000000000000000000e+00,-1.828159708757077784e-01,2.724815331799010920e-01,0.000000000000000000e+00,-0.000000000000000000e+00,1.955878848848686402e-01,0.000000000000000000e+00,-1.809972621760845002e-01,7.634718159799841475e-02,3.778483562950548519e-02,0.000000000000000000e+00,-1.546288923928646475e-01,-2.277886153344803322e-02,-0.000000000000000000e+00,-3.112543895053371257e-01,0.000000000000000000e+00,-0.000000000000000000e+00,-3.546651398914668629e-02,-7.028709149491803310e-02,-3.101658119485829479e-01,-0.000000000000000000e+00,-7.251507860951775242e-02,-2.052749852842248868e-01,-0.000000000000000000e+00,1.594917242743207342e-01,2.935254511789969545e+00,0.000000000000000000e+00,-2.463945737458732022e-01,-0.000000000000000000e+00,0.000000000000000000e+00
0.000000000000000000e+00,0.000000000000000000e+00,-0.000000000000000000e+00,0.000000000000000000e+00,-6.503027692486977596e-02,1.089526406869018547e-02,0.000000000000000000e+00,2.990851625846908252e-02,-0.000000000000000000e+00,0.000000000000000000e+00,0.000000000000000000e+00,-2.290398727663776057e-01,-0.000000000000000000e+00,-0.000000000000000000e+00,-2.647508428291768245e-01,-1.256294841449575039e-01,0.000000000000000000e+00,-9.979621148257730723e-02,-0.000000000000000000e+00,-9.911979796374549567e-02,0.000000000000000000e+00,0.000000000000000000e+00,0.000000000000000000e+00,3.265080946229728318e-03,-5.252150426267879896e-02,-0.000000000000000000e+00,0.000000000000000000e+00,0.000000000000000000e+00,0.000000000000000000e+00,-0.000000000000000000e+00,0.000000000000000000e+00,6.560233638243642695e-02,0.000000000000000000e+00,-2.597037629089939959e-01,0.000000000000000000e+00,1.635822327591855530e+00,2.192951047846454157e-02,0.000000000000000000e+00,-2.169188059473317887e-01
-0.000000000000000000e+00,-0.000000000000000000e+00,0.000000000000000000e+00,-0.000000000000000000e+00,0.000000000000000000e+00,-3.054640202930268833e-01,-1.493954560011721000e-01,-0.000000000000000000e+00,0.000000000000000000e+00,-0.000000000000000000e+00,-1.459645354668603900e-01,1.328851462964851515e-01,0.000000000000000000e+00,-0.000000000000000000e+00,2.185206223120816638e-01,0.000000000000000000e+00,-1.599738098117340634e-01,7.204121838963520319e-02,7.509740730904089501e-02,0.000000000000000000e+00,-7.567526066066807000e-02,-2.503201606929101874e-01,-0.000000000000000000e+00,-2.322969606919638996e-01,0.000000000000000000e+00,-0.000000000000000000e+00,-2.241228252886695305e-01,-0.000000000000000000e+00,-2.419026104407022704e-01,-0.000000000000000000e+00,-1.072867766386747940e-01,-2.806330977000117688e-01,-0.000000000000000000e+00,1.917201622685783813e-01,-2.463945737458732022e-01,2.192951047846454157e-02,3.081913629590405268e+00,-0.000000000000000000e+00,0.000000000000000000e+00
-0.000000000000000000e+00,-0.000000000000000000e+00,-0.000000000000000000e+00,0.000000000000000000e+00,-0.000000000000000000e+00,-0.000000000000000000e+00,-0.000000000000000000e+00,-0.000000000000000000e+00,-0.000000000000000000e+00,-0.000000000000000000e+00,-0.000000000000000000e+00,0.000000000000000000e+00,0.000000000000000000e+00,-0.000000000000000000e+00,0.000000000000000000e+00,-0.000000000000000000e+00,-0.000000000000000000e+00,0.000000000000000000e+00,0.000000000000000000e+00,2.254760515508461571e-01,-0.000000000000000000e+00,-0.000000000000000000e+00,-2.212347477740338741e-01,-5.341756630607845391e-02,-0.000000000000000000e+00,-4.030053184527925825e-01,-0.000000000000000000e+00,-3.711390222870842859e-01,-0.000000000000000000e+00,-0.000000000000000000e+00,-0.000000000000000000e+00,-0.000000000000000000e+00,-1.094011633696961583e-01,0.000000000000000000e+00,-0.000000000000000000e+00,0.000000000000000000e+00,-0.000000000000000000e+00,1.589510092622162363e+00,0.000000000000000000e+00
-0.000000000000000000e+00,-0.000000000000000000e+00,-4.158749660393021297e-02,-0.000000000000000000e+00,-1.793150948311550974e-01,0.000000000000000000e+00,0.000000000000000000e+00,0.000000000000000000e+00,-8.851004138805187993e-02,-0.000000000000000000e+00,0.000000000000000000e+00,-9.753682373620323198e-02,0.000000000000000000e+00,-0.000000000000000000e+00,-0.000000000000000000e+00,-0.000000000000000000e+00,0.000000000000000000e+00,-0.000000000000000000e+00,-0.000000000000000000e+00,-1.810517914650027205e-01,0.000000000000000000e+00,0.000000000000000000e+00,-0.000000000000000000e+00,0.000000000000000000e+00,-1.397871516667322477e-02,-0.000000000000000000e+00,-0.000000000000000000e+00,0.000000000000000000e+00,0.000000000000000000e+00,-0.000000000000000000e+00,0.000000000000000000e+00,0.000000000000000000e+00,-0.000000000000000000e+00,-0.000000000000000000e+00,0.000000000000000000e+00,-2.169188059473317887e-01,0.000000000000000000e+00,0.000000000000000000e+00,1.216618223312431635e+00
