2.626290147808259867e+00,-1.641309328579093618e-01,-0.000000000000000000e+00,0.000000000000000000e+00,-0.000000000000000000e+00,-2.088012393080561913e-01,0.000000000000000000e+00,2.182343765403050029e-01,-0.000000000000000000e+00,-0.000000000000000000e+00,-0.000000000000000000e+00,0.000000000000000000e+00,-0.000000000000000000e+00,-0.000000000000000000e+00,0.000000000000000000e+00,-0.000000000000000000e+00,-2.560796252390021843e-01,0.000000000000000000e+00,0.000000000000000000e+00,0.000000000000000000e+00,-0.000000000000000000e+00,-0.000000000000000000e+00,-0.000000000000000000e+00,0.000000000000000000e+00,-0.000000000000000000e+00,-2.669356881759420985e-01,-0.000000000000000000e+00,-0.000000000000000000e+00,-4.821238409328665875e-01,-2.492701256652385400e-01,-0.000000000000000000e+00,-4.854977745395145372e-01,-0.000000000000000000e+00,0.000000000000000000e+00,-0.000000000000000000e+00,-2.579620973485871049e-01,0.000000000000000000e+00,-4.998039214295642019e-01,-0.000000000000000000e+00
-1.641309328579093618e-01,2.097759371378991489e+00,-1.875552281932187093e-02,-0.000000000000000000e+00,-0.000000000000000000e+00,-0.000000000000000000e+00,-0.000000000000000000e+00,0.000000000000000000e+00,-3.513816187959478698e-01,-1.804623647788260454e-01,0.000000000000000000e+00,-0.000000000000000000e+00,-0.000000000000000000e+00,-0.000000000000000000e+00,0.000000000000000000e+00,-0.000000000000000000e+00,0.000000000000000000e+00,-0.000000000000000000e+00,-0.000000000000000000e+00,-0.000000000000000000e+00,-0.000000000000000000e+00,-0.000000000000000000e+00,-8.050410141920472107e-02,0.000000000000000000e+00,-0.000000000000000000e+00,-0.000000000000000000e+00,-3.900969536900493750e-01,0.000000000000000000e+00,-0.000000000000000000e+00,-1.985870596531223373e-02,-0.000000000000000000e+00,-7.380056347922854532e-02,0.000000000000000000e+00,-0.000000000000000000e+00,-0.000000000000000000e+00,-1.662729315207520930e-01,-3.014467310644464715e-01,-2.499893101236656465e-02,-5.021809950271174383e-01
-0.000000000000000000e+00,-1.875552281932187093e-02,2.554058694974098653e+00,-4.596251710292124926e-02,-6.466709978446490981e-01,-0.000000000000000000e+00,0.000000000000000000e+00,4.672134181429889455e-01,-3.176436018657910476e-01,-0.000000000000000000e+00,0.000000000000000000e+00,-0.000000000000000000e+00,0.000000000000000000e+00,-6.225104270918430452e-03,-0.000000000000000000e+00,-0.000000000000000000e+00,0.000000000000000000e+00,-9.355839076004468513e-02,-0.000000000000000000e+00,-1.107232205349959336e-01,-2.114325684215450918e-01,-2.809541157156584257e-01,-2.009425022955826923e-01,-0.000000000000000000e+00,-0.000000000000000000e+00,-0.000000000000000000e+00,0.000000000000000000e+00,-0.000000000000000000e+00,-0.000000000000000000e+00,-0.000000000000000000e+00,-0.000000000000000000e+00,-0.000000000000000000e+00,-0.000000000000000000e+00,-3.376194288792058185e-01,-0.000000000000000000e+00,-0.000000000000000000e+00,-5.585293177796386843e-02,-0.000000000000000000e+00,-0.000000000000000000e+00
0.000000000000000000e+00,-0.000000000000000000e+00,-4.596251710292124926e-02,1.605015012069845426e+00,-0.000000000000000000e+00,0.000000000000000000e+00,-6.353731492922776170e-02,0.000000000000000000e+00,-4.175834654181906358e-02,-0.000000000000000000e+00,0.000000000000000000e+00,-0.000000000000000000e+00,1.486798548541605203e-01,-0.000000000000000000e+00,-0.000000000000000000e+00,-0.000000000000000000e+00,0.000000000000000000e+00,-4.918994347433300884e-01,-2.214452479635113744e-03,-2.471531422873448625e-01,-0.000000000000000000e+00,-0.000000000000000000e+00,-6.638840349503738469e-02,0.000000000000000000e+00,-0.000000000000000000e+00,-0.000000000000000000e+00,-0.000000000000000000e+00,-0.000000000000000000e+00,-0.000000000000000000e+00,-0.000000000000000000e+00,0.000000000000000000e+00,-0.000000000000000000e+00,0.000000000000000000e+00,-1.118183935014821634e-01,-0.000000000000000000e+00,0.000000000000000000e+00,-1.308404102241551292e-01,0.000000000000000000e+00,-0.000000000000000000e+00
-0.000000000000000000e+00,-0.000000000000000000e+00,-6.466709978446490981e-01,-0.000000000000000000e+00,2.633297190308196534e+00,0.000000000000000000e+00,0.000000000000000000e+00,0.000000000000000000e+00,-3.239276995501249590e-01,-0.000000000000000000e+00,0.000000000000000000e+00,-1.156277549340335546e-02,0.000000000000000000e+00,-4.624567538984368786e-01,-0.000000000000000000e+00,-0.000000000000000000e+00,0.000000000000000000e+00,-1.081574424720068150e-01,-0.000000000000000000e+00,-0.000000000000000000e+00,-6.876707070073843908e-02,-1.838917510908909536e-01,-1.438911625624303692e-01,-0.000000000000000000e+00,-4.155963978072070297e-01,-0.000000000000000000e+00,0.000000000000000000e+00,-0.000000000000000000e+00,-0.000000000000000000e+00,-3.682822714581989593e-02,-0.000000000000000000e+00,-0.000000000000000000e+00,-1.284547464232827785e-01,-1.190446888157206534e-01,-0.000000000000000000e+00,-0.000000000000000000e+00,-0.000000000000000000e+00,-1.674567318555049700e-01,-0.000000000000000000e+00
-2.088012393080561913e-01,-0.000000000000000000e+00,-0.000000000000000000e+00,0.000000000000000000e+00,0.000000000000000000e+00,2.330904275014688221e+00,0.000000000000000000e+00,0.000000000000000000e+00,0.000000000000000000e+00,-0.000000000000000000e+00,-2.573358645553746604e-01,1.893318601452194661e-01,-8.855344636888141663e-01,-0.000000000000000000e+00,3.185746736981915905e-01,-0.000000000000000000e+00,-0.000000000000000000e+00,0.000000000000000000e+00,0.000000000000000000e+00,0.000000000000000000e+00,-6.449314537647327095e-02,-0.000000000000000000e+00,0.000000000000000000e+00,-0.000000000000000000e+00,-0.000000000000000000e+00,-0.000000000000000000e+00,-1.596782249024796818e-01,-0.000000000000000000e+00,-0.000000000000000000e+00,-0.000000000000000000e+00,-0.000000000000000000e+00,-3.133127525976165950e-01,-1.385035868285195426e-01,0.000000000000000000e+00,-2.598389327995145881e-01,-1.475600819777106443e-01,-0.000000000000000000e+00,-0.000000000000000000e+00,0.000000000000000000e+00
0.000000000000000000e+00,-0.000000000000000000e+00,0.000000000000000000e+00,-6.353731492922776170e-02,0.000000000000000000e+00,0.000000000000000000e+00,1.138017631180425537e+00,0.000000000000000000e+00,0.000000000000000000e+00,-0.000000000000000000e+00,0.000000000000000000e+00,-0.000000000000000000e+00,-0.000000000000000000e+00,0.000000000000000000e+00,-0.000000000000000000e+00,-0.000000000000000000e+00,0.000000000000000000e+00,-0.000000000000000000e+00,-0.000000000000000000e+00,-0.000000000000000000e+00,-0.000000000000000000e+00,-3.471635710096947491e-01,0.000000000000000000e+00,-0.000000000000000000e+00,-0.000000000000000000e+00,0.000000000000000000e+00,-0.000000000000000000e+00,-0.000000000000000000e+00,0.000000000000000000e+00,-0.000000000000000000e+00,-5.635911117458573122e-02,0.000000000000000000e+00,0.000000000000000000e+00,0.000000000000000000e+00,0.000000000000000000e+00,0.000000000000000000e+00,-0.000000000000000000e+00,0.000000000000000000e+00,0.000000000000000000e+00
2.182343765403050029e-01,0.000000000000000000e+00,4.672134181429889455e-01,0.000000000000000000e+00,0.000000000000000000e+00,0.000000000000000000e+00,0.000000000000000000e+00,1.420137032873662220e+00,0.000000000000000000e+00,0.000000000000000000e+00,0.000000000000000000e+00,-0.000000000000000000e+00,0.000000000000000000e+00,0.000000000000000000e+00,-0.000000000000000000e+00,0.000000000000000000e+00,0.000000000000000000e+00,0.000000000000000000e+00,0.000000000000000000e+00,0.000000000000000000e+00,8.086854702470705480e-02,2.400420664059146544e-02,0.000000000000000000e+00,-0.000000000000000000e+00,0.000000000000000000e+00,0.000000000000000000e+00,0.000000000000000000e+00,0.000000000000000000e+00,0.000000000000000000e+00,0.000000000000000000e+00,0.000000000000000000e+00,2.392998793849556716e-01,0.000000000000000000e+00,0.000000000000000000e+00,0.000000000000000000e+00,0.000000000000000000e+00,-0.000000000000000000e+00,0.000000000000000000e+00,0.000000000000000000e+00
-0.000000000000000000e+00,-3.513816187959478698e-01,-3.176436018657910476e-01,-4.175834654181906358e-02,-3.239276995501249590e-01,0.000000000000000000e+00,0.000000000000000000e+00,0.000000000000000000e+00,2.937879774022157164e+00,-0.000000000000000000e+00,0.000000000000000000e+00,-8.455452067702221020e-02,0.000000000000000000e+00,-0.000000000000000000e+00,-0.000000000000000000e+00,-0.000000000000000000e+00,0.000000000000000000e+00,-2.408612726393291326e-01,-3.825728291512995316e-01,-1.530815719618244530e-01,-0.000000000000000000e+00,-0.000000000000000000e+00,-1.017617414451948560e-01,0.000000000000000000e+00,-0.000000000000000000e+00,-0.000000000000000000e+00,0.000000000000000000e+00,0.000000000000000000e+00,-0.000000000000000000e+00,-0.000000000000000000e+00,-0.000000000000000000e+00,-0.000000000000000000e+00,-0.000000000000000000e+00,-6.882205384221878885e-01,-0.000000000000000000e+00,-0.000000000000000000e+00,-4.880951124646475126e-03,-2.381899620565988696e-01,-3.807894481560467059e-01
-0.000000000000000000e+00,-1.804623647788260454e-01,-0.000000000000000000e+00,-0.000000000000000000e+00,-0.000000000000000000e+00,-0.000000000000000000e+00,-0.000000000000000000e+00,0.000000000000000000e+00,-0.000000000000000000e+00,2.338464053214234450e+00,-0.000000000000000000e+00,-0.000000000000000000e+00,-0.000000000000000000e+00,-0.000000000000000000e+00,-0.000000000000000000e+00,-6.748089952210029052e-01,0.000000000000000000e+00,-1.142091041716147143e-01,-1.080706622174247844e-01,-0.000000000000000000e+00,-1.829391732487211514e-02,-0.000000000000000000e+00,-0.000000000000000000e+00,0.000000000000000000e+00,-4.730352478443361486e-01,-0.000000000000000000e+00,-3.821321061370700628e-02,-0.000000000000000000e+00,-0.000000000000000000e+00,-4.833498691338286024e-01,-2.636621863008962730e-01,-0.000000000000000000e+00,-0.000000000000000000e+00,0.000000000000000000e+00,-0.000000000000000000e+00,-0.000000000000000000e+00,-0.000000000000000000e+00,-0.000000000000000000e+00,-0.000000000000000000e+00
-0.000000000000000000e+00,0.000000000000000000e+00,0.000000000000000000e+00,0.000000000000000000e+00,0.000000000000000000e+00,-2.573358645553746604e-01,0.000000000000000000e+00,0.000000000000000000e+00,0.000000000000000000e+00,-0.000000000000000000e+00,1.823367367896162605e+00,1.914751339892270532e-01,-2.976745021251053433e-02,0.000000000000000000e+00,0.000000000000000000e+00,-0.000000000000000000e+00,-5.020711182343265966e-01,0.000000000000000000e+00,2.403356055503189093e-01,0.000000000000000000e+00,-0.000000000000000000e+00,0.000000000000000000e+00,0.000000000000000000e+00,-0.000000000000000000e+00,0.000000000000000000e+00,-0.000000000000000000e+00,-0.000000000000000000e+00,-0.000000000000000000e+00,-0.000000000000000000e+00,-0.000000000000000000e+00,0.000000000000000000e+00,-4.803430918752235046e-01,-1.574427509407426429e-01,9.457439681765272832e-02,-0.000000000000000000e+00,-0.000000000000000000e+00,0.000000000000000000e+00,-0.000000000000000000e+00,0.000000000000000000e+00
0.000000000000000000e+00,-0.000000000000000000e+00,-0.000000000000000000e+00,-0.000000000000000000e+00,-1.156277549340335546e-02,1.893318601452194661e-01,-0.000000000000000000e+00,-0.000000000000000000e+00,-8.455452067702221020e-02,-0.000000000000000000e+00,1.914751339892270532e-01,2.149037482338663985e+00,0.000000000000000000e+00,-7.116426237472593674e-02,-3.811210543342423707e-01,-0.000000000000000000e+00,2.768644178759641639e-01,-5.054905734821352192e-01,-9.469458561294011312e-02,-1.416320808459152758e-01,-0.000000000000000000e+00,-8.515327628664672022e-02,-0.000000000000000000e+00,-0.000000000000000000e+00,-4.901591484710534491e-02,0.000000000000000000e+00,0.000000000000000000e+00,0.000000000000000000e+00,0.000000000000000000e+00,-0.000000000000000000e+00,-9.845290362631767267e-02,0.000000000000000000e+00,0.000000000000000000e+00,-3.234718356208569068e-01,0.000000000000000000e+00,0.000000000000000000e+00,-2.159732870494211060e-02,-0.000000000000000000e+00,-0.000000000000000000e+00
-0.000000000000000000e+00,-0.000000000000000000e+00,0.000000000000000000e+00,1.486798548541605203e-01,0.000000000000000000e+00,-8.855344636888141663e-01,-0.000000000000000000e+00,0.000000000000000000e+00,0.000000000000000000e+00,-0.000000000000000000e+00,-2.976745021251053433e-02,0.000000000000000000e+00,2.209773320820157316e+00,0.000000000000000000e+00,3.154323085513478508e-01,0.000000000000000000e+00,-0.000000000000000000e+00,2.770262016896493651e-01,2.780800214135518700e-01,1.848375716828064286e-01,-0.000000000000000000e+00,0.000000000000000000e+00,0.000000000000000000e+00,-0.000000000000000000e+00,0.000000000000000000e+00,-0.000000000000000000e+00,-9.517436142062676721e-04,-0.000000000000000000e+00,0.000000000000000000e+00,-0.000000000000000000e+00,-7.768951815973275388e-02,-0.000000000000000000e+00,-4.544204864232424118e-02,1.953232042983241989e-01,-0.000000000000000000e+00,-1.404207549469425331e-01,-0.000000000000000000e+00,0.000000000000000000e+00,0.000000000000000000e+00
-0.000000000000000000e+00,-0.000000000000000000e+00,-6.225104270918430452e-03,-0.000000000000000000e+00,-4.624567538984368786e-01,-0.000000000000000000e+00,0.000000000000000000e+00,0.000000000000000000e+00,-0.000000000000000000e+00,-0.000000000000000000e+00,0.000000000000000000e+00,-7.116426237472593674e-02,0.000000000000000000e+00,2.115339805835144471e+00,-0.000000000000000000e+00,0.000000000000000000e+00,0.000000000000000000e+00,-0.000000000000000000e+00,-0.000000000000000000e+00,-0.000000000000000000e+00,-0.000000000000000000e+00,-1.875421209553114477e-01,-0.000000000000000000e+00,-5.972126447654755310e-01,-3.428255046887609958e-02,0.000000000000000000e+00,0.000000000000000000e+00,0.000000000000000000e+00,-0.000000000000000000e+00,-0.000000000000000000e+00,-0.000000000000000000e+00,-0.000000000000000000e+00,-2.643029749951741336e-01,-4.280281895179727791e-01,-0.000000000000000000e+00,-0.000000000000000000e+00,-1.421261198661634417e-01,-0.000000000000000000e+00,-0.000000000000000000e+00
0.000000000000000000e+00,0.000000000000000000e+00,-0.000000000000000000e+00,-0.000000000000000000e+00,-0.000000000000000000e+00,3.185746736981915905e-01,-0.000000000000000000e+00,-0.000000000000000000e+00,-0.000000000000000000e+00,-0.000000000000000000e+00,0.000000000000000000e+00,-3.811210543342423707e-01,3.154323085513478508e-01,-0.000000000000000000e+00,1.602603321021153659e+00,-3.986947032352494702e-02,-0.000000000000000000e+00,-1.892245566180504324e-01,-0.000000000000000000e+00,-7.324333370718784375e-02,-0.000000000000000000e+00,-0.000000000000000000e+00,-0.000000000000000000e+00,-0.000000000000000000e+00,-0.000000000000000000e+00,-0.000000000000000000e+00,0.000000000000000000e+00,-1.447756030166459304e-02,-0.000000000000000000e+00,-0.000000000000000000e+00,-0.000000000000000000e+00,0.000000000000000000e+00,-0.000000000000000000e+00,-0.000000000000000000e+00,0.000000000000000000e+00,0.000000000000000000e+00,0.000000000000000000e+00,-0.000000000000000000e+00,0.000000000000000000e+00
-0.000000000000000000e+00,-0.000000000000000000e+00,-0.000000000000000000e+00,-0.000000000000000000e+00,-0.000000000000000000e+00,-0.000000000000000000e+00,-0.000000000000000000e+00,0.000000000000000000e+00,-0.000000000000000000e+00,-6.748089952210029052e-01,-0.000000000000000000e+00,-0.000000000000000000e+00,0.000000000000000000e+00,0.000000000000000000e+00,-3.986947032352494702e-02,2.714435622803450077e+00,-0.000000000000000000e+00,-1.971709531518356373e-02,-4.472001741317123760e-03,-0.000000000000000000e+00,-0.000000000000000000e+00,-0.000000000000000000e+00,-5.117245467126720904e-01,0.000000000000000000e+00,-0.000000000000000000e+00,-6.103956258423189896e-01,-0.000000000000000000e+00,-3.969791487281128517e-01,-0.000000000000000000e+00,-5.178573209497929764e-01,-0.000000000000000000e+00,-0.000000000000000000e+00,-0.000000000000000000e+00,0.000000000000000000e+00,-0.000000000000000000e+00,-0.000000000000000000e+00,-0.000000000000000000e+00,-0.000000000000000000e+00,-0.000000000000000000e+00
-2.560796252390021843e-01,0.000000000000000000e+00,0.000000000000000000e+00,0.000000000000000000e+00,0.000000000000000000e+00,-0.000000000000000000e+00,0.000000000000000000e+00,0.000000000000000000e+00,0.000000000000000000e+00,0.000000000000000000e+00,-5.020711182343265966e-01,2.768644178759641639e-01,-0.000000000000000000e+00,0.000000000000000000e+00,-0.000000000000000000e+00,-0.000000000000000000e+00,1.730439702578061345e+00,0.000000000000000000e+00,2.882900158273039512e-03,1.592126861306451813e-01,-0.000000000000000000e+00,0.000000000000000000e+00,-0.000000000000000000e+00,-0.000000000000000000e+00,0.000000000000000000e+00,-0.000000000000000000e+00,-0.000000000000000000e+00,-4.463282620133698919e-01,-7.283384939717979512e-02,-0.000000000000000000e+00,0.000000000000000000e+00,-0.000000000000000000e+00,-9.730663911099679542e-02,0.000000000000000000e+00,-0.000000000000000000e+00,0.000000000000000000e+00,0.000000000000000000e+00,-0.000000000000000000e+00,1.109603949394823152e-01
0.000000000000000000e+00,-0.000000000000000000e+00,-9.355839076004468513e-02,-4.918994347433300884e-01,-1.081574424720068150e-01,0.000000000000000000e+00,-0.000000000000000000e+00,0.000000000000000000e+00,-2.408612726393291326e-01,-1.142091041716147143e-01,0.000000000000000000e+00,-5.054905734821352192e-01,2.770262016896493651e-01,-0.000000000000000000e+00,-1.892245566180504324e-01,-1.971709531518356373e-02,0.000000000000000000e+00,2.924453920450733158e+00,-9.179010852069714455e-01,-2.568851630082618076e-01,-0.000000000000000000e+00,-0.000000000000000000e+00,-6.276351312460659582e-02,0.000000000000000000e+00,-0.000000000000000000e+00,-0.000000000000000000e+00,0.000000000000000000e+00,-0.000000000000000000e+00,-0.000000000000000000e+00,-0.000000000000000000e+00,-0.000000000000000000e+00,0.000000000000000000e+00,0.000000000000000000e+00,-0.000000000000000000e+00,-0.000000000000000000e+00,0.000000000000000000e+00,-0.000000000000000000e+00,-0.000000000000000000e+00,-0.000000000000000000e+00
0.000000000000000000e+00,-0.000000000000000000e+00,-0.000000000000000000e+00,-2.214452479635113744e-03,-0.000000000000000000e+00,0.000000000000000000e+00,-0.000000000000000000e+00,0.000000000000000000e+00,-3.825728291512995316e-01,-1.080706622174247844e-01,2.403356055503189093e-01,-9.469458561294011312e-02,2.780800214135518700e-01,-0.000000000000000000e+00,-0.000000000000000000e+00,-4.472001741317123760e-03,2.882900158273039512e-03,-9.179010852069714455e-01,2.785266807230756481e+00,-2.230233511820070291e-01,0.000000000000000000e+00,-0.000000000000000000e+00,-1.260458512022353053e-02,0.000000000000000000e+00,-0.000000000000000000e+00,-0.000000000000000000e+00,-0.000000000000000000e+00,0.000000000000000000e+00,-0.000000000000000000e+00,-0.000000000000000000e+00,-0.000000000000000000e+00,0.000000000000000000e+00,6.296480994386254894e-03,-0.000000000000000000e+00,0.000000000000000000e+00,0.000000000000000000e+00,-0.000000000000000000e+00,-0.000000000000000000e+00,-7.614416111940688348e-01
0.000000000000000000e+00,-0.000000000000000000e+00,-1.107232205349959336e-01,-2.471531422873448625e-01,-0.000000000000000000e+00,0.000000000000000000e+00,-0.000000000000000000e+00,0.000000000000000000e+00,-1.530815719618244530e-01,-0.000000000000000000e+00,0.000000000000000000e+00,-1.416320808459152758e-01,1.848375716828064286e-01,-0.000000000000000000e+00,-7.324333370718784375e-02,-0.000000000000000000e+00,1.592126861306451813e-01,-2.568851630082618076e-01,-2.230233511820070291e-01,1.977227741275106476e+00,-0.000000000000000000e+00,-4.293876174714684746e-01,-1.013456095446490790e-01,0.000000000000000000e+00,-0.000000000000000000e+00,-0.000000000000000000e+00,0.000000000000000000e+00,-0.000000000000000000e+00,-0.000000000000000000e+00,-0.000000000000000000e+00,-0.000000000000000000e+00,0.000000000000000000e+00,0.000000000000000000e+00,-0.000000000000000000e+00,-0.000000000000000000e+00,0.000000000000000000e+00,-0.000000000000000000e+00,-0.000000000000000000e+00,-0.000000000000000000e+00
-0.000000000000000000e+00,-0.000000000000000000e+00,-2.114325684215450918e-01,-0.000000000000000000e+00,-6.876707070073843908e-02,-6.449314537647327095e-02,-0.000000000000000000e+00,8.086854702470705480e-02,-0.000000000000000000e+00,-1.829391732487211514e-02,-0.000000000000000000e+00,-0.000000000000000000e+00,-0.000000000000000000e+00,-0.000000000000000000e+00,-0.000000000000000000e+00,-0.000000000000000000e+00,-0.000000000000000000e+00,-0.000000000000000000e+00,0.000000000000000000e+00,-0.000000000000000000e+00,2.260112414973472372e+00,-5.992148538625958754e-01,-0.000000000000000000e+00,-0.000000000000000000e+00,-1.163438634007278316e-01,-0.000000000000000000e+00,-0.000000000000000000e+00,-0.000000000000000000e+00,-0.000000000000000000e+00,-5.129590890248389434e-02,-1.210398315187558999e-01,-6.991348071493319605e-02,-8.530697904895485628e-01,-0.000000000000000000e+00,-1.155273255258026932e-01,-0.000000000000000000e+00,-0.000000000000000000e+00,-0.000000000000000000e+00,0.000000000000000000e+00
-0.000000000000000000e+00,-0.000000000000000000e+00,-2.809541157156584257e-01,-0.000000000000000000e+00,-1.838917510908909536e-01,-0.000000000000000000e+00,-3.471635710096947491e-01,2.400420664059146544e-02,-0.000000000000000000e+00,-0.000000000000000000e+00,0.000000000000000000e+00,-8.515327628664672022e-02,0.000000000000000000e+00,-1.875421209553114477e-01,-0.000000000000000000e+00,-0.000000000000000000e+00,0.000000000000000000e+00,-0.000000000000000000e+00,-0.000000000000000000e+00,-4.293876174714684746e-01,-5.992148538625958754e-01,2.112073440479717235e+00,-0.000000000000000000e+00,-0.000000000000000000e+00,-6.500690975226441903e-02,0.000000000000000000e+00,0.000000000000000000e+00,-0.000000000000000000e+00,-0.000000000000000000e+00,-3.809974140295149803e-02,-3.670098251282040425e-02,-0.000000000000000000e+00,-0.000000000000000000e+00,-0.000000000000000000e+00,-0.000000000000000000e+00,-0.000000000000000000e+00,-6.934154261887768298e-04,-0.000000000000000000e+00,-0.000000000000000000e+00
-0.000000000000000000e+00,-8.050410141920472107e-02,-2.009425022955826923e-01,-6.638840349503738469e-02,-1.438911625624303692e-01,0.000000000000000000e+00,0.000000000000000000e+00,0.000000000000000000e+00,-1.017617414451948560e-01,-0.000000000000000000e+00,0.000000000000000000e+00,-0.000000000000000000e+00,0.000000000000000000e+00,-0.000000000000000000e+00,-0.000000000000000000e+00,-5.117245467126720904e-01,-0.000000000000000000e+00,-6.276351312460659582e-02,-1.260458512022353053e-02,-1.013456095446490790e-01,-0.000000000000000000e+00,-0.000000000000000000e+00,2.558385625791561147e+00,-0.000000000000000000e+00,-4.659441924713333960e-01,-1.046045678625869002e-01,-0.000000000000000000e+00,-0.000000000000000000e+00,-2.747052634927706904e-01,-1.796658195438419758e-01,-0.000000000000000000e+00,-0.000000000000000000e+00,-0.000000000000000000e+00,-0.000000000000000000e+00,-2.896287574543469634e-01,-0.000000000000000000e+00,-2.189122983090514007e-01,-0.000000000000000000e+00,-0.000000000000000000e+00
0.000000000000000000e+00,0.000000000000000000e+00,-0.000000000000000000e+00,0.000000000000000000e+00,-0.000000000000000000e+00,-0.000000000000000000e+00,-0.000000000000000000e+00,-0.000000000000000000e+00,0.000000000000000000e+00,0.000000000000000000e+00,-0.000000000000000000e+00,-0.000000000000000000e+00,-0.000000000000000000e+00,-5.972126447654755310e-01,-0.000000000000000000e+00,0.000000000000000000e+00,-0.000000000000000000e+00,0.000000000000000000e+00,0.000000000000000000e+00,0.000000000000000000e+00,-0.000000000000000000e+00,-0.000000000000000000e+00,-0.000000000000000000e+00,1.477923277575345251e+00,-1.076346234274792868e-01,0.000000000000000000e+00,0.000000000000000000e+00,0.000000000000000000e+00,-0.000000000000000000e+00,0.000000000000000000e+00,-0.000000000000000000e+00,-0.000000000000000000e+00,-3.023982603115146772e-01,-0.000000000000000000e+00,-0.000000000000000000e+00,-0.000000000000000000e+00,-0.000000000000000000e+00,-0.000000000000000000e+00,0.000000000000000000e+00
-0.000000000000000000e+00,-0.000000000000000000e+00,-0.000000000000000000e+00,-0.000000000000000000e+00,-4.155963978072070297e-01,-0.000000000000000000e+00,-0.000000000000000000e+00,0.000000000000000000e+00,-0.000000000000000000e+00,-4.730352478443361486e-01,0.000000000000000000e+00,-4.901591484710534491e-02,0.000000000000000000e+00,-3.428255046887609958e-02,-0.000000000000000000e+00,-0.000000000000000000e+00,0.000000000000000000e+00,-0.000000000000000000e+00,-0.000000000000000000e+00,-0.000000000000000000e+00,-1.163438634007278316e-01,-6.500690975226441903e-02,-4.659441924713333960e-01,-1.076346234274792868e-01,2.245988627999566667e+00,-0.000000000000000000e+00,-0.000000000000000000e+00,-0.000000000000000000e+00,-0.000000000000000000e+00,-1.454739698015109772e-01,-1.677478954404982570e-01,-0.000000000000000000e+00,-0.000000000000000000e+00,-0.000000000000000000e+00,-9.524039757753759161e-02,-0.000000000000000000e+00,-1.717193815815042102e-01,-0.000000000000000000e+00,-0.000000000000000000e+00
-2.669356881759420985e-01,-0.000000000000000000e+00,-0.000000000000000000e+00,-0.000000000000000000e+00,-0.000000000000000000e+00,-0.000000000000000000e+00,0.000000000000000000e+00,0.000000000000000000e+00,-0.000000000000000000e+00,-0.000000000000000000e+00,-0.000000000000000000e+00,0.000000000000000000e+00,-0.000000000000000000e+00,0.000000000000000000e+00,-0.000000000000000000e+00,-6.103956258423189896e-01,-0.000000000000000000e+00,-0.000000000000000000e+00,-0.000000000000000000e+00,-0.000000000000000000e+00,-0.000000000000000000e+00,0.000000000000000000e+00,-1.046045678625869002e-01,0.000000000000000000e+00,-0.000000000000000000e+00,2.317700156350063434e+00,-4.944758716067853554e-01,-3.510706580762453233e-01,-3.654879608711092964e-01,-0.000000000000000000e+00,-0.000000000000000000e+00,-0.000000000000000000e+00,0.000000000000000000e+00,0.000000000000000000e+00,-9.935661622676963955e-02,-0.000000000000000000e+00,-0.000000000000000000e+00,-0.000000000000000000e+00,-0.000000000000000000e+00
-0.000000000000000000e+00,-3.900969536900493750e-01,0.000000000000000000e+00,-0.000000000000000000e+00,0.000000000000000000e+00,-1.596782249024796818e-01,-0.000000000000000000e+00,0.000000000000000000e+00,0.000000000000000000e+00,-3.821321061370700628e-02,-0.000000000000000000e+00,0.000000000000000000e+00,-9.517436142062676721e-04,0.000000000000000000e+00,0.000000000000000000e+00,-0.000000000000000000e+00,-0.000000000000000000e+00,0.000000000000000000e+00,-0.000000000000000000e+00,0.000000000000000000e+00,-0.000000000000000000e+00,0.000000000000000000e+00,-0.000000000000000000e+00,0.000000000000000000e+00,-0.000000000000000000e+00,-4.944758716067853554e-01,1.700294411641628534e+00,-0.000000000000000000e+00,-0.000000000000000000e+00,-2.459080479536889657e-02,-3.434416471723538145e-01,-1.154355742706445198e-01,0.000000000000000000e+00,5.225279736430276517e-02,-0.000000000000000000e+00,-0.000000000000000000e+00,-0.000000000000000000e+00,-0.000000000000000000e+00,-0.000000000000000000e+00
-0.000000000000000000e+00,0.000000000000000000e+00,-0.000000000000000000e+00,-0.000000000000000000e+00,-0.000000000000000000e+00,-0.000000000000000000e+00,-0.000000000000000000e+00,0.000000000000000000e+00,0.000000000000000000e+00,-0.000000000000000000e+00,-0.000000000000000000e+00,0.000000000000000000e+00,-0.000000000000000000e+00,0.000000000000000000e+00,-1.447756030166459304e-02,-3.969791487281128517e-01,-4.463282620133698919e-01,-0.000000000000000000e+00,0.000000000000000000e+00,-0.000000000000000000e+00,-0.000000000000000000e+00,-0.000000000000000000e+00,-0.000000000000000000e+00,0.000000000000000000e+00,-0.000000000000000000e+00,-3.510706580762453233e-01,-0.000000000000000000e+00,2.119300416032290357e+00,-6.130066596206199536e-01,-7.907671737253114952e-02,-0.000000000000000000e+00,-0.000000000000000000e+00,-7.598610191716509421e-02,0.000000000000000000e+00,-1.242748005542303052e-01,-0.000000000000000000e+00,0.000000000000000000e+00,-0.000000000000000000e+00,0.000000000000000000e+00
-4.821238409328665875e-01,-0.000000000000000000e+00,-0.000000000000000000e+00,-0.000000000000000000e+00,-0.000000000000000000e+00,-0.000000000000000000e+00,0.000000000000000000e+00,0.000000000000000000e+00,-0.000000000000000000e+00,-0.000000000000000000e+00,-0.000000000000000000e+00,0.000000000000000000e+00,0.000000000000000000e+00,-0.000000000000000000e+00,-0.000000000000000000e+00,-0.000000000000000000e+00,-7.283384939717979512e-02,-0.000000000000000000e+00,-0.000000000000000000e+00,-0.000000000000000000e+00,-0.000000000000000000e+00,-0.000000000000000000e+00,-2.747052634927706904e-01,-0.000000000000000000e+00,-0.000000000000000000e+00,-3.654879608711092964e-01,-0.000000000000000000e+00,-6.130066596206199536e-01,2.387320297316883000e+00,-0.000000000000000000e+00,-0.000000000000000000e+00,-0.000000000000000000e+00,-6.474773245754550377e-02,-0.000000000000000000e+00,-2.714965496589633043e-01,-0.000000000000000000e+00,-0.000000000000000000e+00,-2.755027934707765525e-01,-0.000000000000000000e+00
-2.492701256652385400e-01,-1.985870596531223373e-02,-0.000000000000000000e+00,-0.000000000000000000e+00,-3.682822714581989593e-02,-0.000000000000000000e+00,-0.000000000000000000e+00,0.000000000000000000e+00,-0.000000000000000000e+00,-4.833498691338286024e-01,-0.000000000000000000e+00,-0.000000000000000000e+00,-0.000000000000000000e+00,-0.000000000000000000e+00,-0.000000000000000000e+00,-5.178573209497929764e-01,-0.000000000000000000e+00,-0.000000000000000000e+00,-0.000000000000000000e+00,-0.000000000000000000e+00,-5.129590890248389434e-02,-3.809974140295149803e-02,-1.796658195438419758e-01,0.000000000000000000e+00,-1.454739698015109772e-01,-0.000000000000000000e+00,-2.459080479536889657e-02,-7.907671737253114952e-02,-0.000000000000000000e+00,2.455490217901449945e+00,-0.000000000000000000e+00,-0.000000000000000000e+00,-0.000000000000000000e+00,0.000000000000000000e+00,-0.000000000000000000e+00,-2.005490960117987942e-01,-0.000000000000000000e+00,-4.778705158604769077e-01,-0.000000000000000000e+00
-0.000000000000000000e+00,-0.000000000000000000e+00,-0.000000000000000000e+00,0.000000000000000000e+00,-0.000000000000000000e+00,-0.000000000000000000e+00,-5.635911117458573122e-02,0.000000000000000000e+00,-0.000000000000000000e+00,-2.636621863008962730e-01,0.000000000000000000e+00,-9.845290362631767267e-02,-7.768951815973275388e-02,-0.000000000000000000e+00,-0.000000000000000000e+00,-0.000000000000000000e+00,0.000000000000000000e+00,-0.000000000000000000e+00,-0.000000000000000000e+00,-0.000000000000000000e+00,-1.210398315187558999e-01,-3.670098251282040425e-02,-0.000000000000000000e+00,-0.000000000000000000e+00,-1.677478954404982570e-01,-0.000000000000000000e+00,-3.434416471723538145e-01,-0.000000000000000000e+00,-0.000000000000000000e+00,-0.000000000000000000e+00,1.600202401394370089e+00,-0.000000000000000000e+00,-0.000000000000000000e+00,0.000000000000000000e+00,-0.000000000000000000e+00,-2.659879706346599537e-01,-1.339922077611039875e-01,-0.000000000000000000e+00,-0.000000000000000000e+00
-4.854977745395145372e-01,-7.380056347922854532e-02,-0.000000000000000000e+00,-0.000000000000000000e+00,-0.000000000000000000e+00,-3.133127525976165950e-01,0.000000000000000000e+00,2.392998793849556716e-01,-0.000000000000000000e+00,-0.000000000000000000e+00,-4.803430918752235046e-01,0.000000000000000000e+00,-0.000000000000000000e+00,-0.000000000000000000e+00,0.000000000000000000e+00,-0.000000000000000000e+00,-0.000000000000000000e+00,0.000000000000000000e+00,0.000000000000000000e+00,0.000000000000000000e+00,-6.991348071493319605e-02,-0.000000000000000000e+00,-0.000000000000000000e+00,-0.000000000000000000e+00,-0.000000000000000000e+00,-0.000000000000000000e+00,-1.154355742706445198e-01,-0.000000000000000000e+00,-0.000000000000000000e+00,-0.000000000000000000e+00,-0.000000000000000000e+00,1.807733294534033641e+00,-0.000000000000000000e+00,0.000000000000000000e+00,-4.836572623765082041e-03,-1.870145661445776417e-02,-0.000000000000000000e+00,-0.000000000000000000e+00,-0.000000000000000000e+00
-0.000000000000000000e+00,0.000000000000000000e+00,-0.000000000000000000e+00,0.000000000000000000e+00,-1.284547464232827785e-01,-1.385035868285195426e-01,0.000000000000000000e+00,0.000000000000000000e+00,-0.000000000000000000e+00,-0.000000000000000000e+00,-1.574427509407426429e-01,0.000000000000000000e+00,-4.544204864232424118e-02,-2.643029749951741336e-01,-0.000000000000000000e+00,-0.000000000000000000e+00,-9.730663911099679542e-02,0.000000000000000000e+00,6.296480994386254894e-03,0.000000000000000000e+00,-8.530697904895485628e-01,-0.000000000000000000e+00,-0.000000000000000000e+00,-3.023982603115146772e-01,-0.000000000000000000e+00,0.000000000000000000e+00,0.000000000000000000e+00,-7.598610191716509421e-02,-6.474773245754550377e-02,-0.000000000000000000e+00,-0.000000000000000000e+00,-0.000000000000000000e+00,2.035256988869957873e+00,-0.000000000000000000e+00,-1.063885321305391429e-01,-9.761223770819237727e-03,-0.000000000000000000e+00,-1.653193712935132134e-02,1.596813783637940909e-01
0.000000000000000000e+00,-0.000000000000000000e+00,-3.376194288792058185e-01,-1.118183935014821634e-01,-1.190446888157206534e-01,0.000000000000000000e+00,0.000000000000000000e+00,0.000000000000000000e+00,-6.882205384221878885e-01,0.000000000000000000e+00,9.457439681765272832e-02,-3.234718356208569068e-01,1.953232042983241989e-01,-4.280281895179727791e-01,-0.000000000000000000e+00,0.000000000000000000e+00,0.000000000000000000e+00,-0.000000000000000000e+00,-0.000000000000000000e+00,-0.000000000000000000e+00,-0.000000000000000000e+00,-0.000000000000000000e+00,-0.000000000000000000e+00,-0.000000000000000000e+00,-0.000000000000000000e+00,0.000000000000000000e+00,5.225279736430276517e-02,0.000000000000000000e+00,-0.000000000000000000e+00,0.000000000000000000e+00,0.000000000000000000e+00,0.000000000000000000e+00,-0.000000000000000000e+00,2.216562594765291827e+00,0.000000000000000000e+00,0.000000000000000000e+00,-0.000000000000000000e+00,-0.000000000000000000e+00,-0.000000000000000000e+00
-0.000000000000000000e+00,-0.000000000000000000e+00,-0.000000000000000000e+00,-0.000000000000000000e+00,-0.000000000000000000e+00,-2.598389327995145881e-01,0.000000000000000000e+00,0.000000000000000000e+00,-0.000000000000000000e+00,-0.000000000000000000e+00,-0.000000000000000000e+00,0.000000000000000000e+00,-0.000000000000000000e+00,-0.000000000000000000e+00,0.000000000000000000e+00,-0.000000000000000000e+00,-0.000000000000000000e+00,-0.000000000000000000e+00,0.000000000000000000e+00,-0.000000000000000000e+00,-1.155273255258026932e-01,-0.000000000000000000e+00,-2.896287574543469634e-01,-0.000000000000000000e+00,-9.524039757753759161e-02,-9.935661622676963955e-02,-0.000000000000000000e+00,-1.242748005542303052e-01,-2.714965496589633043e-01,-0.000000000000000000e+00,-0.000000000000000000e+00,-4.836572623765082041e-03,-1.063885321305391429e-01,0.000000000000000000e+00,1.808853705649179577e+00,-0.000000000000000000e+00,-3.991050698583838430e-01,-0.000000000000000000e+00,0.000000000000000000e+00
-2.579620973485871049e-01,-1.662729315207520930e-01,-0.000000000000000000e+00,0.000000000000000000e+00,-0.000000000000000000e+00,-1.475600819777106443e-01,0.000000000000000000e+00,0.000000000000000000e+00,-0.000000000000000000e+00,-0.000000000000000000e+00,-0.000000000000000000e+00,0.000000000000000000e+00,-1.404207549469425331e-01,-0.000000000000000000e+00,0.000000000000000000e+00,-0.000000000000000000e+00,0.000000000000000000e+00,0.000000000000000000e+00,0.000000000000000000e+00,0.000000000000000000e+00,-0.000000000000000000e+00,-0.000000000000000000e+00,-0.000000000000000000e+00,-0.000000000000000000e+00,-0.000000000000000000e+00,-0.000000000000000000e+00,-0.000000000000000000e+00,-0.000000000000000000e+00,-0.000000000000000000e+00,-2.005490960117987942e-01,-2.659879706346599537e-01,-1.870145661445776417e-02,-9.761223770819237727e-03,0.000000000000000000e+00,-0.000000000000000000e+00,1.681394116753900825e+00,-0.000000000000000000e+00,-3.758909676098592390e-01,-0.000000000000000000e+00
0.000000000000000000e+00,-3.014467310644464715e-01,-5.585293177796386843e-02,-1.308404102241551292e-01,-0.000000000000000000e+00,-0.000000000000000000e+00,-0.000000000000000000e+00,-0.000000000000000000e+00,-4.880951124646475126e-03,-0.000000000000000000e+00,0.000000000000000000e+00,-2.159732870494211060e-02,-0.000000000000000000e+00,-1.421261198661634417e-01,0.000000000000000000e+00,-0.000000000000000000e+00,0.000000000000000000e+00,-0.000000000000000000e+00,-0.000000000000000000e+00,-0.000000000000000000e+00,-0.000000000000000000e+00,-6.934154261887768298e-04,-2.189122983090514007e-01,-0.000000000000000000e+00,-1.717193815815042102e-01,-0.000000000000000000e+00,-0.000000000000000000e+00,0.000000000000000000e+00,-0.000000000000000000e+00,-0.000000000000000000e+00,-1.339922077611039875e-01,-0.000000000000000000e+00,-0.000000000000000000e+00,-0.000000000000000000e+00,-3.991050698583838430e-01,-0.000000000000000000e+00,1.713733234457637034e+00,-0.000000000000000000e+00,-0.000000000000000000e+00
-4.998039214295642019e-01,-2.499893101236656465e-02,-0.000000000000000000e+00,0.000000000000000000e+00,-1.674567318555049700e-01,-0.000000000000000000e+00,0.000000000000000000e+00,0.000000000000000000e+00,-2.381899620565988696e-01,-0.000000000000000000e+00,-0.000000000000000000e+00,-0.000000000000000000e+00,0.000000000000000000e+00,-0.000000000000000000e+00,-0.000000000000000000e+00,-0.000000000000000000e+00,-0.000000000000000000e+00,-0.000000000000000000e+00,-0.000000000000000000e+00,-0.000000000000000000e+00,-0.000000000000000000e+00,-0.000000000000000000e+00,-0.000000000000000000e+00,-0.000000000000000000e+00,-0.000000000000000000e+00,-0.000000000000000000e+00,-0.000000000000000000e+00,-0.000000000000000000e+00,-2.755027934707765525e-01,-4.778705158604769077e-01,-0.000000000000000000e+00,-0.000000000000000000e+00,-1.653193712935132134e-02,-0.000000000000000000e+00,-0.000000000000000000e+00,-3.758909676098592390e-01,-0.000000000000000000e+00,2.197449875712127021e+00,-1.537323697468519768e-01
-0.000000000000000000e+00,-5.021809950271174383e-01,-0.000000000000000000e+00,-0.000000000000000000e+00,-0.000000000000000000e+00,0.000000000000000000e+00,0.000000000000000000e+00,0.000000000000000000e+00,-3.807894481560467059e-01,-0.000000000000000000e+00,0.000000000000000000e+00,-0.000000000000000000e+00,0.000000000000000000e+00,-0.000000000000000000e+00,0.000000000000000000e+00,-0.000000000000000000e+00,1.109603949394823152e-01,-0.000000000000000000e+00,-7.614416111940688348e-01,-0.000000000000000000e+00,0.000000000000000000e+00,-0.000000000000000000e+00,-0.000000000000000000e+00,0.000000000000000000e+00,-0.000000000000000000e+00,-0.000000000000000000e+00,-0.000000000000000000e+00,0.000000000000000000e+00,-0.000000000000000000e+00,-0.000000000000000000e+00,-0.000000000000000000e+00,-0.000000000000000000e+00,1.596813783637940909e-01,-0.000000000000000000e+00,0.000000000000000000e+00,-0.000000000000000000e+00,-0.000000000000000000e+00,-1.537323697468519768e-01,2.004665470852514453e+00
