1.016264292266680025e+00,-0.000000000000000000e+00,-0.000000000000000000e+00,-0.000000000000000000e+00,-0.000000000000000000e+00,-0.000000000000000000e+00,-0.000000000000000000e+00,0.000000000000000000e+00,-0.000000000000000000e+00,-0.000000000000000000e+00,-0.000000000000000000e+00,0.000000000000000000e+00,-0.000000000000000000e+00,-0.000000000000000000e+00,-0.000000000000000000e+00,-1.235993645256728418e-02,-0.000000000000000000e+00,-0.000000000000000000e+00,-0.000000000000000000e+00,-0.000000000000000000e+00,-0.000000000000000000e+00,-0.000000000000000000e+00,-0.000000000000000000e+00,-0.000000000000000000e+00,-0.000000000000000000e+00,-7.326519850397084088e-02,0.000000000000000000e+00,-0.000000000000000000e+00,-8.507700444250107519e-02,-0.000000000000000000e+00,-0.000000000000000000e+00,-0.000000000000000000e+00,-0.000000000000000000e+00,-0.000000000000000000e+00,-0.000000000000000000e+00,0.000000000000000000e+00,-0.000000000000000000e+00,-0.000000000000000000e+00,-0.000000000000000000e+00
-0.000000000000000000e+00,1.495883917664003082e+00,-8.858326960834946029e-02,-3.756538793995454345e-02,-0.000000000000000000e+00,-7.239936679723389668e-02,9.253299205356818602e-02,9.226743942252449426e-02,-0.000000000000000000e+00,-3.440986610307791155e-02,-5.302512612680525782e-03,-1.530345003618907573e-01,-1.132807126223106253e-01,-0.000000000000000000e+00,0.000000000000000000e+00,0.000000000000000000e+00,-0.000000000000000000e+00,-0.000000000000000000e+00,-1.488068877253061195e-01,-0.000000000000000000e+00,-5.937638861157583381e-02,-1.123519241798294904e-01,-1.920160155450880216e-02,-8.378144331231909825e-02,-5.859222539733342783e-02,-0.000000000000000000e+00,0.000000000000000000e+00,-0.000000000000000000e+00,-0.000000000000000000e+00,0.000000000000000000e+00,0.000000000000000000e+00,-1.246522056689192970e-01,-7.091802447258457182e-03,-0.000000000000000000e+00,-0.000000000000000000e+00,-0.000000000000000000e+00,-9.892714614744300972e-02,0.000000000000000000e+00,-1.682694073424191306e-01
-0.000000000000000000e+00,-8.858326960834946029e-02,1.680831862947224087e+00,-3.653286039966588405e-02,-0.000000000000000000e+00,-1.043377855203838772e-01,0.000000000000000000e+00,1.437380179568734651e-01,-0.000000000000000000e+00,-2.953413491145373548e-02,-4.901447819414210538e-02,-4.308027235808131739e-02,-1.909911062658945294e-02,-0.000000000000000000e+00,0.000000000000000000e+00,-0.000000000000000000e+00,-2.149268297844944900e-02,-7.966487135310200418e-02,-6.463033312318990087e-02,-1.307952529414825871e-01,-1.476630456610530939e-01,-1.192730335911418582e-01,-6.971494691644093689e-02,-1.100844824188470933e-01,-7.878982707698559129e-02,-3.986105823045703322e-02,0.000000000000000000e+00,-1.293335030479699221e-01,-8.598197286265836514e-02,0.000000000000000000e+00,0.000000000000000000e+00,-4.412297466330123569e-02,-1.215821922113499987e-01,-0.000000000000000000e+00,-4.495853423220499967e-02,-0.000000000000000000e+00,-9.756149589857156246e-02,0.000000000000000000e+00,-0.000000000000000000e+00
-0.000000000000000000e+00,-3.756538793995454345e-02,-3.653286039966588405e-02,1.045543480969161720e+00,-0.000000000000000000e+00,-3.952138312678035725e-02,0.000000000000000000e+00,1.865028412812087116e-02,-0.000000000000000000e+00,-0.000000000000000000e+00,-0.000000000000000000e+00,-7.109741675465360011e-03,-6.409209204375188040e-02,0.000000000000000000e+00,0.000000000000000000e+00,-0.000000000000000000e+00,-0.000000000000000000e+00,-0.000000000000000000e+00,-0.000000000000000000e+00,-3.322478767960304613e-02,-1.739593863215086605e-02,-8.492033438978593973e-02,-0.000000000000000000e+00,-0.000000000000000000e+00,-0.000000000000000000e+00,-0.000000000000000000e+00,0.000000000000000000e+00,-0.000000000000000000e+00,-0.000000000000000000e+00,-0.000000000000000000e+00,0.000000000000000000e+00,-0.000000000000000000e+00,-0.000000000000000000e+00,-0.000000000000000000e+00,-0.000000000000000000e+00,0.000000000000000000e+00,-0.000000000000000000e+00,0.000000000000000000e+00,-1.830327519284435846e-03
-0.000000000000000000e+00,-0.000000000000000000e+00,-0.000000000000000000e+00,-0.000000000000000000e+00,1.153158305578680043e+00,-1.625910881940484387e-02,0.000000000000000000e+00,3.323361361733832495e-03,-1.791491271695005438e-01,-5.431751432420696413e-02,-0.000000000000000000e+00,-0.000000000000000000e+00,-0.000000000000000000e+00,-0.000000000000000000e+00,0.000000000000000000e+00,-0.000000000000000000e+00,-0.000000000000000000e+00,-0.000000000000000000e+00,-2.034670169309859555e-01,-0.000000000000000000e+00,-0.000000000000000000e+00,-0.000000000000000000e+00,-8.957433869813798133e-02,-0.000000000000000000e+00,-3.815241908478969601e-02,-8.696336935639123467e-02,-0.000000000000000000e+00,-0.000000000000000000e+00,-0.000000000000000000e+00,0.000000000000000000e+00,0.000000000000000000e+00,-0.000000000000000000e+00,-0.000000000000000000e+00,-9.603894853279784649e-02,-3.627810786700887830e-02,-0.000000000000000000e+00,-0.000000000000000000e+00,-0.000000000000000000e+00,-0.000000000000000000e+00
-0.000000000000000000e+00,-7.239936679723389668e-02,-1.043377855203838772e-01,-3.952138312678035725e-02,-1.625910881940484387e-02,1.547641791724803983e+00,0.000000000000000000e+00,1.128152098832758826e-01,-0.000000000000000000e+00,-5.728269946009709873e-02,-0.000000000000000000e+00,-2.867190554440147976e-02,-1.661871224243236314e-02,-0.000000000000000000e+00,0.000000000000000000e+00,-0.000000000000000000e+00,-0.000000000000000000e+00,-0.000000000000000000e+00,-2.024051735651645825e-02,-5.025930828821906921e-02,-9.929682837758327385e-02,-9.377152336556943135e-02,-8.600654911614244447e-02,-1.813491385000452483e-01,-1.099457197181145512e-01,-0.000000000000000000e+00,0.000000000000000000e+00,-9.142813353142036081e-03,-7.091877706837317052e-02,0.000000000000000000e+00,0.000000000000000000e+00,-0.000000000000000000e+00,-1.330530568322564056e-01,-0.000000000000000000e+00,-1.483715270905740513e-01,-0.000000000000000000e+00,-9.278315395957585643e-02,0.000000000000000000e+00,-0.000000000000000000e+00
-0.000000000000000000e+00,9.253299205356818602e-02,0.000000000000000000e+00,0.000000000000000000e+00,0.000000000000000000e+00,0.000000000000000000e+00,1.127063716220681355e+00,-0.000000000000000000e+00,0.000000000000000000e+00,0.000000000000000000e+00,0.000000000000000000e+00,2.512433140398460663e-01,1.009433260411408788e-02,0.000000000000000000e+00,-0.000000000000000000e+00,-0.000000000000000000e+00,0.000000000000000000e+00,0.000000000000000000e+00,0.000000000000000000e+00,0.000000000000000000e+00,0.000000000000000000e+00,0.000000000000000000e+00,0.000000000000000000e+00,0.000000000000000000e+00,0.000000000000000000e+00,0.000000000000000000e+00,0.000000000000000000e+00,0.000000000000000000e+00,0.000000000000000000e+00,-0.000000000000000000e+00,-0.000000000000000000e+00,4.047534409581734355e-02,0.000000000000000000e+00,0.000000000000000000e+00,0.000000000000000000e+00,0.000000000000000000e+00,0.000000000000000000e+00,-9.341915886367782584e-02,8.708835400432417273e-02
0.000000000000000000e+00,9.226743942252449426e-02,1.437380179568734651e-01,1.865028412812087116e-02,3.323361361733832495e-03,1.128152098832758826e-01,-0.000000000000000000e+00,1.679480942177160374e+00,0.000000000000000000e+00,2.879737735290616857e-02,3.664539071307044982e-02,2.959163867821932095e-02,2.259847964874497558e-02,0.000000000000000000e+00,-0.000000000000000000e+00,0.000000000000000000e+00,1.138165121507444567e-02,7.022241068899169603e-02,7.327488401989173950e-02,1.134215177684403802e-01,1.326087076724108138e-01,1.084619639632538324e-01,8.407405152440781959e-02,1.177595748454454555e-01,8.878409136637031851e-02,5.042427995925134049e-02,-0.000000000000000000e+00,1.145573228539721600e-01,9.931813886369075806e-02,-0.000000000000000000e+00,-0.000000000000000000e+00,3.283431066578764573e-02,1.121449811445285744e-01,0.000000000000000000e+00,6.454495769123595739e-02,0.000000000000000000e+00,1.132183154001076414e-01,-0.000000000000000000e+00,0.000000000000000000e+00
-0.000000000000000000e+00,-0.000000000000000000e+00,-0.000000000000000000e+00,-0.000000000000000000e+00,-1.791491271695005438e-01,-0.000000000000000000e+00,0.000000000000000000e+00,0.000000000000000000e+00,1.061415447836787873e+00,-5.633127332623987654e-02,-0.000000000000000000e+00,-0.000000000000000000e+00,-0.000000000000000000e+00,-0.000000000000000000e+00,0.000000000000000000e+00,-0.000000000000000000e+00,-0.000000000000000000e+00,-0.000000000000000000e+00,-0.000000000000000000e+00,-0.000000000000000000e+00,-0.000000000000000000e+00,-0.000000000000000000e+00,-0.000000000000000000e+00,-0.000000000000000000e+00,-0.000000000000000000e+00,-0.000000000000000000e+00,-0.000000000000000000e+00,-0.000000000000000000e+00,-0.000000000000000000e+00,-0.000000000000000000e+00,-0.000000000000000000e+00,-0.000000000000000000e+00,-0.000000000000000000e+00,-1.382834896212087050e-01,-0.000000000000000000e+00,-0.000000000000000000e+00,-0.000000000000000000e+00,-0.000000000000000000e+00,-0.000000000000000000e+00
-0.000000000000000000e+00,-3.440986610307791155e-02,-2.953413491145373548e-02,-0.000000000000000000e+00,-5.431751432420696413e-02,-5.728269946009709873e-02,0.000000000000000000e+00,2.879737735290616857e-02,-5.633127332623987654e-02,1.092056155378744231e+00,-0.000000000000000000e+00,-0.000000000000000000e+00,-0.000000000000000000e+00,-0.000000000000000000e+00,0.000000000000000000e+00,-0.000000000000000000e+00,-0.000000000000000000e+00,-0.000000000000000000e+00,-3.055702728471735088e-02,-3.861641685041076674e-03,-0.000000000000000000e+00,-5.382007900210097895e-02,-4.990731406816747290e-02,-0.000000000000000000e+00,-6.922944982507431289e-02,-0.000000000000000000e+00,0.000000000000000000e+00,-0.000000000000000000e+00,-0.000000000000000000e+00,-0.000000000000000000e+00,0.000000000000000000e+00,-0.000000000000000000e+00,-0.000000000000000000e+00,-0.000000000000000000e+00,-0.000000000000000000e+00,-0.000000000000000000e+00,-0.000000000000000000e+00,0.000000000000000000e+00,-1.035428250416018658e-01
-0.000000000000000000e+00,-5.302512612680525782e-03,-4.901447819414210538e-02,-0.000000000000000000e+00,-0.000000000000000000e+00,-0.000000000000000000e+00,0.000000000000000000e+00,3.664539071307044982e-02,-0.000000000000000000e+00,-0.000000000000000000e+00,1.192522946301008302e+00,-0.000000000000000000e+00,-0.000000000000000000e+00,-0.000000000000000000e+00,0.000000000000000000e+00,-0.000000000000000000e+00,-6.227820533290911315e-02,-0.000000000000000000e+00,-0.000000000000000000e+00,-0.000000000000000000e+00,-0.000000000000000000e+00,-6.114925324309016669e-02,-1.688482859101781974e-01,-1.400293500866869705e-02,-2.305027116536020881e-01,-0.000000000000000000e+00,0.000000000000000000e+00,-5.256659332299399440e-02,-0.000000000000000000e+00,0.000000000000000000e+00,-0.000000000000000000e+00,-5.258563237141773705e-02,-0.000000000000000000e+00,-0.000000000000000000e+00,-0.000000000000000000e+00,0.000000000000000000e+00,-7.305500522174715287e-03,0.000000000000000000e+00,-0.000000000000000000e+00
0.000000000000000000e+00,-1.530345003618907573e-01,-4.308027235808131739e-02,-7.109741675465360011e-03,-0.000000000000000000e+00,-2.867190554440147976e-02,2.512433140398460663e-01,2.959163867821932095e-02,-0.000000000000000000e+00,-0.000000000000000000e+00,-0.000000000000000000e+00,1.471388328111489896e+00,-1.987060943319029216e-01,-0.000000000000000000e+00,0.000000000000000000e+00,0.000000000000000000e+00,-0.000000000000000000e+00,-0.000000000000000000e+00,-4.995842865579037950e-02,-0.000000000000000000e+00,-2.703869736032303919e-02,-1.584055594066090533e-01,-0.000000000000000000e+00,-3.000938476128408791e-02,-0.000000000000000000e+00,-0.000000000000000000e+00,0.000000000000000000e+00,-0.000000000000000000e+00,-0.000000000000000000e+00,0.000000000000000000e+00,0.000000000000000000e+00,-1.439422443123262729e-01,-3.989051161381122063e-02,-0.000000000000000000e+00,-0.000000000000000000e+00,-0.000000000000000000e+00,-9.784826773372093389e-02,4.736772224011741306e-02,-2.312519622830834232e-01
-0.000000000000000000e+00,-1.132807126223106253e-01,-1.909911062658945294e-02,-6.409209204375188040e-02,-0.000000000000000000e+00,-1.661871224243236314e-02,1.009433260411408788e-02,2.259847964874497558e-02,-0.000000000000000000e+00,-0.000000000000000000e+00,-0.000000000000000000e+00,-1.987060943319029216e-01,1.165412268416219144e+00,-0.000000000000000000e+00,0.000000000000000000e+00,0.000000000000000000e+00,-0.000000000000000000e+00,-0.000000000000000000e+00,-1.266041640662118883e-02,-0.000000000000000000e+00,-4.576044592560260527e-02,-6.844205233196146154e-02,-0.000000000000000000e+00,-3.781118819210953826e-03,-0.000000000000000000e+00,-0.000000000000000000e+00,0.000000000000000000e+00,-0.000000000000000000e+00,-0.000000000000000000e+00,-0.000000000000000000e+00,9.928171218444570290e-02,-0.000000000000000000e+00,-3.838977550680230943e-02,-0.000000000000000000e+00,-0.000000000000000000e+00,-0.000000000000000000e+00,-2.447541973632283083e-02,0.000000000000000000e+00,-3.878109533248331325e-02
-0.000000000000000000e+00,-0.000000000000000000e+00,-0.000000000000000000e+00,0.000000000000000000e+00,-0.000000000000000000e+00,-0.000000000000000000e+00,0.000000000000000000e+00,0.000000000000000000e+00,-0.000000000000000000e+00,-0.000000000000000000e+00,-0.000000000000000000e+00,-0.000000000000000000e+00,-0.000000000000000000e+00,1.000000000000000222e+00,0.000000000000000000e+00,-0.000000000000000000e+00,-0.000000000000000000e+00,-0.000000000000000000e+00,-0.000000000000000000e+00,-0.000000000000000000e+00,-0.000000000000000000e+00,-0.000000000000000000e+00,-0.000000000000000000e+00,-0.000000000000000000e+00,-0.000000000000000000e+00,-0.000000000000000000e+00,-0.000000000000000000e+00,-0.000000000000000000e+00,-0.000000000000000000e+00,0.000000000000000000e+00,-0.000000000000000000e+00,-0.000000000000000000e+00,-0.000000000000000000e+00,-0.000000000000000000e+00,-0.000000000000000000e+00,-0.000000000000000000e+00,-0.000000000000000000e+00,0.000000000000000000e+00,-0.000000000000000000e+00
-0.000000000000000000e+00,0.000000000000000000e+00,0.000000000000000000e+00,0.000000000000000000e+00,0.000000000000000000e+00,0.000000000000000000e+00,-0.000000000000000000e+00,-0.000000000000000000e+00,0.000000000000000000e+00,0.000000000000000000e+00,0.000000000000000000e+00,0.000000000000000000e+00,0.000000000000000000e+00,0.000000000000000000e+00,1.000780328758294813e+00,-0.000000000000000000e+00,0.000000000000000000e+00,0.000000000000000000e+00,0.000000000000000000e+00,0.000000000000000000e+00,0.000000000000000000e+00,0.000000000000000000e+00,0.000000000000000000e+00,0.000000000000000000e+00,0.000000000000000000e+00,-0.000000000000000000e+00,0.000000000000000000e+00,0.000000000000000000e+00,-0.000000000000000000e+00,-0.000000000000000000e+00,-0.000000000000000000e+00,0.000000000000000000e+00,0.000000000000000000e+00,-0.000000000000000000e+00,0.000000000000000000e+00,0.000000000000000000e+00,0.000000000000000000e+00,-2.794526205398255303e-02,0.000000000000000000e+00
-1.235993645256728418e-02,0.000000000000000000e+00,-0.000000000000000000e+00,-0.000000000000000000e+00,-0.000000000000000000e+00,-0.000000000000000000e+00,-0.000000000000000000e+00,0.000000000000000000e+00,-0.000000000000000000e+00,-0.000000000000000000e+00,-0.000000000000000000e+00,0.000000000000000000e+00,0.000000000000000000e+00,-0.000000000000000000e+00,-0.000000000000000000e+00,1.000152744690237849e+00,-0.000000000000000000e+00,-0.000000000000000000e+00,-0.000000000000000000e+00,-0.000000000000000000e+00,-0.000000000000000000e+00,-0.000000000000000000e+00,-0.000000000000000000e+00,-0.000000000000000000e+00,-0.000000000000000000e+00,-0.000000000000000000e+00,-0.000000000000000000e+00,-0.000000000000000000e+00,-0.000000000000000000e+00,-0.000000000000000000e+00,-0.000000000000000000e+00,0.000000000000000000e+00,-0.000000000000000000e+00,-0.000000000000000000e+00,-0.000000000000000000e+00,-0.000000000000000000e+00,0.000000000000000000e+00,-0.000000000000000000e+00,0.000000000000000000e+00
-0.000000000000000000e+00,-0.000000000000000000e+00,-2.149268297844944900e-02,-0.000000000000000000e+00,-0.000000000000000000e+00,-0.000000000000000000e+00,0.000000000000000000e+00,1.138165121507444567e-02,-0.000000000000000000e+00,-0.000000000000000000e+00,-6.227820533290911315e-02,-0.000000000000000000e+00,-0.000000000000000000e+00,-0.000000000000000000e+00,0.000000000000000000e+00,-0.000000000000000000e+00,1.052111471342370930e+00,-0.000000000000000000e+00,-0.000000000000000000e+00,-0.000000000000000000e+00,-0.000000000000000000e+00,-1.872550715676978006e-02,-7.006130474696933841e-02,-5.405197895847591895e-03,-1.112767411256744554e-01,-0.000000000000000000e+00,0.000000000000000000e+00,-4.459439627730519412e-02,-0.000000000000000000e+00,0.000000000000000000e+00,-0.000000000000000000e+00,-0.000000000000000000e+00,-0.000000000000000000e+00,-0.000000000000000000e+00,-0.000000000000000000e+00,-0.000000000000000000e+00,-0.000000000000000000e+00,0.000000000000000000e+00,-0.000000000000000000e+00
-0.000000000000000000e+00,-0.000000000000000000e+00,-7.966487135310200418e-02,-0.000000000000000000e+00,-0.000000000000000000e+00,-0.000000000000000000e+00,0.000000000000000000e+00,7.022241068899169603e-02,-0.000000000000000000e+00,-0.000000000000000000e+00,-0.000000000000000000e+00,-0.000000000000000000e+00,-0.000000000000000000e+00,-0.000000000000000000e+00,0.000000000000000000e+00,-0.000000000000000000e+00,-0.000000000000000000e+00,1.207528386468133652e+00,-2.650771986519027679e-01,-0.000000000000000000e+00,-4.826102178137900434e-02,-1.159126581358473941e-02,-4.352933687589446293e-02,-0.000000000000000000e+00,-1.924205808117867428e-02,-8.628976499956939050e-02,0.000000000000000000e+00,-1.243733061625441200e-01,-0.000000000000000000e+00,-0.000000000000000000e+00,0.000000000000000000e+00,-0.000000000000000000e+00,-0.000000000000000000e+00,-0.000000000000000000e+00,-0.000000000000000000e+00,-0.000000000000000000e+00,-0.000000000000000000e+00,0.000000000000000000e+00,-3.338189994206685468e-02
-0.000000000000000000e+00,-1.488068877253061195e-01,-6.463033312318990087e-02,-0.000000000000000000e+00,-2.034670169309859555e-01,-2.024051735651645825e-02,0.000000000000000000e+00,7.327488401989173950e-02,-0.000000000000000000e+00,-3.055702728471735088e-02,-0.000000000000000000e+00,-4.995842865579037950e-02,-1.266041640662118883e-02,-0.000000000000000000e+00,0.000000000000000000e+00,-0.000000000000000000e+00,-0.000000000000000000e+00,-2.650771986519027679e-01,1.423220097009710861e+00,-0.000000000000000000e+00,-5.236538874143707029e-02,-6.113718209795051400e-02,-3.686740166570638688e-02,-2.046652223747000288e-02,-8.404621542741580464e-02,-0.000000000000000000e+00,0.000000000000000000e+00,-0.000000000000000000e+00,-0.000000000000000000e+00,0.000000000000000000e+00,0.000000000000000000e+00,-0.000000000000000000e+00,-0.000000000000000000e+00,-1.232759263541907124e-01,-0.000000000000000000e+00,-0.000000000000000000e+00,-4.829438113461220067e-02,0.000000000000000000e+00,-1.810272335428022572e-01
-0.000000000000000000e+00,-0.000000000000000000e+00,-1.307952529414825871e-01,-3.322478767960304613e-02,-0.000000000000000000e+00,-5.025930828821906921e-02,0.000000000000000000e+00,1.134215177684403802e-01,-0.000000000000000000e+00,-3.861641685041076674e-03,-0.000000000000000000e+00,-0.000000000000000000e+00,-0.000000000000000000e+00,-0.000000000000000000e+00,0.000000000000000000e+00,-0.000000000000000000e+00,-0.000000000000000000e+00,-0.000000000000000000e+00,-0.000000000000000000e+00,1.291220760656126343e+00,-8.070117898873005458e-02,-5.080147197306417867e-02,-0.000000000000000000e+00,-6.159399822416134623e-02,-0.000000000000000000e+00,-5.869458078926997197e-02,0.000000000000000000e+00,-1.451390215605488365e-01,-1.591893355949130506e-01,0.000000000000000000e+00,-0.000000000000000000e+00,-0.000000000000000000e+00,-2.097466758881466262e-02,-0.000000000000000000e+00,-6.150689549464173622e-02,0.000000000000000000e+00,-0.000000000000000000e+00,0.000000000000000000e+00,-0.000000000000000000e+00
-0.000000000000000000e+00,-5.937638861157583381e-02,-1.476630456610530939e-01,-1.739593863215086605e-02,-0.000000000000000000e+00,-9.929682837758327385e-02,0.000000000000000000e+00,1.326087076724108138e-01,-0.000000000000000000e+00,-0.000000000000000000e+00,-0.000000000000000000e+00,-2.703869736032303919e-02,-4.576044592560260527e-02,-0.000000000000000000e+00,0.000000000000000000e+00,-0.000000000000000000e+00,-0.000000000000000000e+00,-4.826102178137900434e-02,-5.236538874143707029e-02,-8.070117898873005458e-02,1.510609790361368887e+00,-1.152653399184381255e-01,-2.818843193567887109e-02,-9.171166573259452448e-02,-1.409499799796236179e-02,-1.389716723178666125e-02,0.000000000000000000e+00,-1.131657190177860900e-01,-4.995752776563453651e-02,0.000000000000000000e+00,0.000000000000000000e+00,-0.000000000000000000e+00,-2.029250262148600825e-01,-0.000000000000000000e+00,-2.547590684592829224e-02,0.000000000000000000e+00,-7.893596451248906243e-02,0.000000000000000000e+00,-0.000000000000000000e+00
-0.000000000000000000e+00,-1.123519241798294904e-01,-1.192730335911418582e-01,-8.492033438978593973e-02,-0.000000000000000000e+00,-9.377152336556943135e-02,0.000000000000000000e+00,1.084619639632538324e-01,-0.000000000000000000e+00,-5.382007900210097895e-02,-6.114925324309016669e-02,-1.584055594066090533e-01,-6.844205233196146154e-02,-0.000000000000000000e+00,0.000000000000000000e+00,-0.000000000000000000e+00,-1.872550715676978006e-02,-1.159126581358473941e-02,-6.113718209795051400e-02,-5.080147197306417867e-02,-1.152653399184381255e-01,1.607950956181333213e+00,-5.231961193534312438e-02,-1.037977893916561256e-01,-6.488989577478307402e-02,-0.000000000000000000e+00,0.000000000000000000e+00,-8.816583245350075038e-02,-0.000000000000000000e+00,0.000000000000000000e+00,0.000000000000000000e+00,-9.748605833140291943e-02,-1.102822589720138108e-01,-0.000000000000000000e+00,-0.000000000000000000e+00,-0.000000000000000000e+00,-8.979033873671742050e-02,0.000000000000000000e+00,-9.250337987561729758e-02
-0.000000000000000000e+00,-1.920160155450880216e-02,-6.971494691644093689e-02,-0.000000000000000000e+00,-8.957433869813798133e-02,-8.600654911614244447e-02,0.000000000000000000e+00,8.407405152440781959e-02,-0.000000000000000000e+00,-4.990731406816747290e-02,-1.688482859101781974e-01,-0.000000000000000000e+00,-0.000000000000000000e+00,-0.000000000000000000e+00,0.000000000000000000e+00,-0.000000000000000000e+00,-7.006130474696933841e-02,-4.352933687589446293e-02,-3.686740166570638688e-02,-0.000000000000000000e+00,-2.818843193567887109e-02,-5.231961193534312438e-02,1.403659188675286051e+00,-9.633837726425767412e-02,-1.899085362022094048e-01,-0.000000000000000000e+00,0.000000000000000000e+00,-0.000000000000000000e+00,-7.207193011435353291e-02,0.000000000000000000e+00,0.000000000000000000e+00,-0.000000000000000000e+00,-2.031542140371041250e-02,-0.000000000000000000e+00,-1.313031920694089638e-01,-0.000000000000000000e+00,-4.145250719488227653e-02,0.000000000000000000e+00,-0.000000000000000000e+00
-0.000000000000000000e+00,-8.378144331231909825e-02,-1.100844824188470933e-01,-0.000000000000000000e+00,-0.000000000000000000e+00,-1.813491385000452483e-01,0.000000000000000000e+00,1.177595748454454555e-01,-0.000000000000000000e+00,-0.000000000000000000e+00,-1.400293500866869705e-02,-3.000938476128408791e-02,-3.781118819210953826e-03,-0.000000000000000000e+00,0.000000000000000000e+00,-0.000000000000000000e+00,-5.405197895847591895e-03,-0.000000000000000000e+00,-2.046652223747000288e-02,-6.159399822416134623e-02,-9.171166573259452448e-02,-1.037977893916561256e-01,-9.633837726425767412e-02,1.605417341041465162e+00,-1.217458319943456463e-01,-0.000000000000000000e+00,0.000000000000000000e+00,-6.195716642043341826e-02,-9.612774363920209564e-02,0.000000000000000000e+00,0.000000000000000000e+00,-2.184547959284082949e-02,-1.196418782051981711e-01,-0.000000000000000000e+00,-1.190178506061493474e-01,0.000000000000000000e+00,-1.486469816038355762e-01,0.000000000000000000e+00,-0.000000000000000000e+00
-0.000000000000000000e+00,-5.859222539733342783e-02,-7.878982707698559129e-02,-0.000000000000000000e+00,-3.815241908478969601e-02,-1.099457197181145512e-01,0.000000000000000000e+00,8.878409136637031851e-02,-0.000000000000000000e+00,-6.922944982507431289e-02,-2.305027116536020881e-01,-0.000000000000000000e+00,-0.000000000000000000e+00,-0.000000000000000000e+00,0.000000000000000000e+00,-0.000000000000000000e+00,-1.112767411256744554e-01,-1.924205808117867428e-02,-8.404621542741580464e-02,-0.000000000000000000e+00,-1.409499799796236179e-02,-6.488989577478307402e-02,-1.899085362022094048e-01,-1.217458319943456463e-01,1.504141010075426221e+00,-0.000000000000000000e+00,0.000000000000000000e+00,-3.974353745631255264e-02,-1.417175156161233109e-02,0.000000000000000000e+00,0.000000000000000000e+00,-0.000000000000000000e+00,-4.494021218224572567e-02,-0.000000000000000000e+00,-1.084658590337624628e-01,-0.000000000000000000e+00,-7.876678898896469216e-02,0.000000000000000000e+00,-0.000000000000000000e+00
-7.326519850397084088e-02,-0.000000000000000000e+00,-3.986105823045703322e-02,-0.000000000000000000e+00,-8.696336935639123467e-02,-0.000000000000000000e+00,0.000000000000000000e+00,5.042427995925134049e-02,-0.000000000000000000e+00,-0.000000000000000000e+00,-0.000000000000000000e+00,-0.000000000000000000e+00,-0.000000000000000000e+00,-0.000000000000000000e+00,-0.000000000000000000e+00,-0.000000000000000000e+00,-0.000000000000000000e+00,-8.628976499956939050e-02,-0.000000000000000000e+00,-5.869458078926997197e-02,-1.389716723178666125e-02,-0.000000000000000000e+00,-0.000000000000000000e+00,-0.000000000000000000e+00,-0.000000000000000000e+00,1.196088033586212296e+00,0.000000000000000000e+00,-1.882019573396010448e-01,-1.922669675002301182e-01,0.000000000000000000e+00,-0.000000000000000000e+00,-0.000000000000000000e+00,-0.000000000000000000e+00,-0.000000000000000000e+00,-4.180366400924191012e-02,-0.000000000000000000e+00,-0.000000000000000000e+00,0.000000000000000000e+00,-0.000000000000000000e+00
0.000000000000000000e+00,0.000000000000000000e+00,0.000000000000000000e+00,0.000000000000000000e+00,-0.000000000000000000e+00,0.000000000000000000e+00,0.000000000000000000e+00,-0.000000000000000000e+00,-0.000000000000000000e+00,0.000000000000000000e+00,0.000000000000000000e+00,0.000000000000000000e+00,0.000000000000000000e+00,-0.000000000000000000e+00,0.000000000000000000e+00,-0.000000000000000000e+00,0.000000000000000000e+00,0.000000000000000000e+00,0.000000000000000000e+00,0.000000000000000000e+00,0.000000000000000000e+00,0.000000000000000000e+00,0.000000000000000000e+00,0.000000000000000000e+00,0.000000000000000000e+00,0.000000000000000000e+00,9.999999999999997780e-01,0.000000000000000000e+00,0.000000000000000000e+00,0.000000000000000000e+00,-0.000000000000000000e+00,0.000000000000000000e+00,0.000000000000000000e+00,-0.000000000000000000e+00,0.000000000000000000e+00,-0.000000000000000000e+00,0.000000000000000000e+00,-0.000000000000000000e+00,0.000000000000000000e+00
-0.000000000000000000e+00,-0.000000000000000000e+00,-1.293335030479699221e-01,-0.000000000000000000e+00,-0.000000000000000000e+00,-9.142813353142036081e-03,0.000000000000000000e+00,1.145573228539721600e-01,-0.000000000000000000e+00,-0.000000000000000000e+00,-5.256659332299399440e-02,-0.000000000000000000e+00,-0.000000000000000000e+00,-0.000000000000000000e+00,0.000000000000000000e+00,-0.000000000000000000e+00,-4.459439627730519412e-02,-1.243733061625441200e-01,-0.000000000000000000e+00,-1.451390215605488365e-01,-1.131657190177860900e-01,-8.816583245350075038e-02,-0.000000000000000000e+00,-6.195716642043341826e-02,-3.974353745631255264e-02,-1.882019573396010448e-01,0.000000000000000000e+00,1.448458034764971814e+00,-1.571035142072619295e-01,0.000000000000000000e+00,0.000000000000000000e+00,-0.000000000000000000e+00,-4.900769890446758648e-02,-0.000000000000000000e+00,-0.000000000000000000e+00,-0.000000000000000000e+00,-7.920961814451617233e-02,0.000000000000000000e+00,-0.000000000000000000e+00
-8.507700444250107519e-02,-0.000000000000000000e+00,-8.598197286265836514e-02,-0.000000000000000000e+00,-0.000000000000000000e+00,-7.091877706837317052e-02,0.000000000000000000e+00,9.931813886369075806e-02,-0.000000000000000000e+00,-0.000000000000000000e+00,-0.000000000000000000e+00,-0.000000000000000000e+00,-0.000000000000000000e+00,-0.000000000000000000e+00,-0.000000000000000000e+00,-0.000000000000000000e+00,-0.000000000000000000e+00,-0.000000000000000000e+00,-0.000000000000000000e+00,-1.591893355949130506e-01,-4.995752776563453651e-02,-0.000000000000000000e+00,-7.207193011435353291e-02,-9.612774363920209564e-02,-1.417175156161233109e-02,-1.922669675002301182e-01,0.000000000000000000e+00,-1.571035142072619295e-01,1.397979981114395365e+00,0.000000000000000000e+00,-0.000000000000000000e+00,-0.000000000000000000e+00,-2.083726403124068829e-02,-0.000000000000000000e+00,-1.499955285524986470e-01,0.000000000000000000e+00,-3.255794323351912656e-02,0.000000000000000000e+00,-0.000000000000000000e+00
-0.000000000000000000e+00,0.000000000000000000e+00,0.000000000000000000e+00,-0.000000000000000000e+00,0.000000000000000000e+00,0.000000000000000000e+00,-0.000000000000000000e+00,-0.000000000000000000e+00,-0.000000000000000000e+00,-0.000000000000000000e+00,0.000000000000000000e+00,0.000000000000000000e+00,-0.000000000000000000e+00,0.000000000000000000e+00,-0.000000000000000000e+00,-0.000000000000000000e+00,0.000000000000000000e+00,-0.000000000000000000e+00,0.000000000000000000e+00,0.000000000000000000e+00,0.000000000000000000e+00,0.000000000000000000e+00,0.000000000000000000e+00,0.000000000000000000e+00,0.000000000000000000e+00,0.000000000000000000e+00,0.000000000000000000e+00,0.000000000000000000e+00,0.000000000000000000e+00,1.000000000000000222e+00,0.000000000000000000e+00,0.000000000000000000e+00,0.000000000000000000e+00,-0.000000000000000000e+00,0.000000000000000000e+00,-0.000000000000000000e+00,0.000000000000000000e+00,-0.000000000000000000e+00,-0.000000000000000000e+00
-0.000000000000000000e+00,0.000000000000000000e+00,0.000000000000000000e+00,0.000000000000000000e+00,0.000000000000000000e+00,0.000000000000000000e+00,-0.000000000000000000e+00,-0.000000000000000000e+00,-0.000000000000000000e+00,0.000000000000000000e+00,-0.000000000000000000e+00,0.000000000000000000e+00,9.928171218444570290e-02,-0.000000000000000000e+00,-0.000000000000000000e+00,-0.000000000000000000e+00,-0.000000000000000000e+00,0.000000000000000000e+00,0.000000000000000000e+00,-0.000000000000000000e+00,0.000000000000000000e+00,0.000000000000000000e+00,0.000000000000000000e+00,0.000000000000000000e+00,0.000000000000000000e+00,-0.000000000000000000e+00,-0.000000000000000000e+00,0.000000000000000000e+00,-0.000000000000000000e+00,0.000000000000000000e+00,1.009761567903258772e+00,0.000000000000000000e+00,0.000000000000000000e+00,0.000000000000000000e+00,0.000000000000000000e+00,0.000000000000000000e+00,0.000000000000000000e+00,-0.000000000000000000e+00,0.000000000000000000e+00
-0.000000000000000000e+00,-1.246522056689192970e-01,-4.412297466330123569e-02,-0.000000000000000000e+00,-0.000000000000000000e+00,-0.000000000000000000e+00,4.047534409581734355e-02,3.283431066578764573e-02,-0.000000000000000000e+00,-0.000000000000000000e+00,-5.258563237141773705e-02,-1.439422443123262729e-01,-0.000000000000000000e+00,-0.000000000000000000e+00,0.000000000000000000e+00,0.000000000000000000e+00,-0.000000000000000000e+00,-0.000000000000000000e+00,-0.000000000000000000e+00,-0.000000000000000000e+00,-0.000000000000000000e+00,-9.748605833140291943e-02,-0.000000000000000000e+00,-2.184547959284082949e-02,-0.000000000000000000e+00,-0.000000000000000000e+00,0.000000000000000000e+00,-0.000000000000000000e+00,-0.000000000000000000e+00,0.000000000000000000e+00,0.000000000000000000e+00,1.161485624223119961e+00,-0.000000000000000000e+00,-0.000000000000000000e+00,-0.000000000000000000e+00,-0.000000000000000000e+00,-1.154307044038156843e-01,0.000000000000000000e+00,-0.000000000000000000e+00
-0.000000000000000000e+00,-7.091802447258457182e-03,-1.215821922113499987e-01,-0.000000000000000000e+00,-0.000000000000000000e+00,-1.330530568322564056e-01,0.000000000000000000e+00,1.121449811445285744e-01,-0.000000000000000000e+00,-0.000000000000000000e+00,-0.000000000000000000e+00,-3.989051161381122063e-02,-3.838977550680230943e-02,-0.000000000000000000e+00,0.000000000000000000e+00,-0.000000000000000000e+00,-0.000000000000000000e+00,-0.000000000000000000e+00,-0.000000000000000000e+00,-2.097466758881466262e-02,-2.029250262148600825e-01,-1.102822589720138108e-01,-2.031542140371041250e-02,-1.196418782051981711e-01,-4.494021218224572567e-02,-0.000000000000000000e+00,0.000000000000000000e+00,-4.900769890446758648e-02,-2.083726403124068829e-02,0.000000000000000000e+00,0.000000000000000000e+00,-0.000000000000000000e+00,1.478051882678450113e+00,-0.000000000000000000e+00,-1.251458091302939946e-01,0.000000000000000000e+00,-1.446649329558969688e-01,0.000000000000000000e+00,-0.000000000000000000e+00
-0.000000000000000000e+00,-0.000000000000000000e+00,-0.000000000000000000e+00,-0.000000000000000000e+00,-9.603894853279784649e-02,-0.000000000000000000e+00,0.000000000000000000e+00,0.000000000000000000e+00,-1.382834896212087050e-01,-0.000000000000000000e+00,-0.000000000000000000e+00,-0.000000000000000000e+00,-0.000000000000000000e+00,-0.000000000000000000e+00,-0.000000000000000000e+00,-0.000000000000000000e+00,-0.000000000000000000e+00,-0.000000000000000000e+00,-1.232759263541907124e-01,-0.000000000000000000e+00,-0.000000000000000000e+00,-0.000000000000000000e+00,-0.000000000000000000e+00,-0.000000000000000000e+00,-0.000000000000000000e+00,-0.000000000000000000e+00,-0.000000000000000000e+00,-0.000000000000000000e+00,-0.000000000000000000e+00,-0.000000000000000000e+00,0.000000000000000000e+00,-0.000000000000000000e+00,-0.000000000000000000e+00,1.062194554233276023e+00,-0.000000000000000000e+00,-0.000000000000000000e+00,-0.000000000000000000e+00,-0.000000000000000000e+00,-5.348792526527313546e-02
-0.000000000000000000e+00,-0.000000000000000000e+00,-4.495853423220499967e-02,-0.000000000000000000e+00,-3.627810786700887830e-02,-1.483715270905740513e-01,0.000000000000000000e+00,6.454495769123595739e-02,-0.000000000000000000e+00,-0.000000000000000000e+00,-0.000000000000000000e+00,-0.000000000000000000e+00,-0.000000000000000000e+00,-0.000000000000000000e+00,0.000000000000000000e+00,-0.000000000000000000e+00,-0.000000000000000000e+00,-0.000000000000000000e+00,-0.000000000000000000e+00,-6.150689549464173622e-02,-2.547590684592829224e-02,-0.000000000000000000e+00,-1.313031920694089638e-01,-1.190178506061493474e-01,-1.084658590337624628e-01,-4.180366400924191012e-02,0.000000000000000000e+00,-0.000000000000000000e+00,-1.499955285524986470e-01,0.000000000000000000e+00,0.000000000000000000e+00,-0.000000000000000000e+00,-1.251458091302939946e-01,-0.000000000000000000e+00,1.367201450407727892e+00,-0.000000000000000000e+00,-8.639067157918103868e-02,0.000000000000000000e+00,-0.000000000000000000e+00
0.000000000000000000e+00,-0.000000000000000000e+00,-0.000000000000000000e+00,0.000000000000000000e+00,-0.000000000000000000e+00,-0.000000000000000000e+00,0.000000000000000000e+00,0.000000000000000000e+00,-0.000000000000000000e+00,-0.000000000000000000e+00,0.000000000000000000e+00,-0.000000000000000000e+00,-0.000000000000000000e+00,-0.000000000000000000e+00,0.000000000000000000e+00,-0.000000000000000000e+00,-0.000000000000000000e+00,-0.000000000000000000e+00,-0.000000000000000000e+00,0.000000000000000000e+00,0.000000000000000000e+00,-0.000000000000000000e+00,-0.000000000000000000e+00,0.000000000000000000e+00,-0.000000000000000000e+00,-0.000000000000000000e+00,-0.000000000000000000e+00,-0.000000000000000000e+00,0.000000000000000000e+00,-0.000000000000000000e+00,0.000000000000000000e+00,-0.000000000000000000e+00,0.000000000000000000e+00,-0.000000000000000000e+00,-0.000000000000000000e+00,9.999999999999997780e-01,-0.000000000000000000e+00,-0.000000000000000000e+00,-0.000000000000000000e+00
-0.000000000000000000e+00,-9.892714614744300972e-02,-9.756149589857156246e-02,-0.000000000000000000e+00,-0.000000000000000000e+00,-9.278315395957585643e-02,0.000000000000000000e+00,1.132183154001076414e-01,-0.000000000000000000e+00,-0.000000000000000000e+00,-7.305500522174715287e-03,-9.784826773372093389e-02,-2.447541973632283083e-02,-0.000000000000000000e+00,0.000000000000000000e+00,0.000000000000000000e+00,-0.000000000000000000e+00,-0.000000000000000000e+00,-4.829438113461220067e-02,-0.000000000000000000e+00,-7.893596451248906243e-02,-8.979033873671742050e-02,-4.145250719488227653e-02,-1.486469816038355762e-01,-7.876678898896469216e-02,-0.000000000000000000e+00,0.000000000000000000e+00,-7.920961814451617233e-02,-3.255794323351912656e-02,0.000000000000000000e+00,0.000000000000000000e+00,-1.154307044038156843e-01,-1.446649329558969688e-01,-0.000000000000000000e+00,-8.639067157918103868e-02,-0.000000000000000000e+00,1.516990528871835275e+00,0.000000000000000000e+00,-0.000000000000000000e+00
-0.000000000000000000e+00,0.000000000000000000e+00,0.000000000000000000e+00,0.000000000000000000e+00,-0.000000000000000000e+00,0.000000000000000000e+00,-9.341915886367782584e-02,-0.000000000000000000e+00,-0.000000000000000000e+00,0.000000000000000000e+00,0.000000000000000000e+00,4.736772224011741306e-02,0.000000000000000000e+00,0.000000000000000000e+00,-2.794526205398255303e-02,-0.000000000000000000e+00,0.000000000000000000e+00,0.000000000000000000e+00,0.000000000000000000e+00,0.000000000000000000e+00,0.000000000000000000e+00,0.000000000000000000e+00,0.000000000000000000e+00,0.000000000000000000e+00,0.000000000000000000e+00,0.000000000000000000e+00,-0.000000000000000000e+00,0.000000000000000000e+00,0.000000000000000000e+00,-0.000000000000000000e+00,-0.000000000000000000e+00,0.000000000000000000e+00,0.000000000000000000e+00,-0.000000000000000000e+00,0.000000000000000000e+00,-0.000000000000000000e+00,0.000000000000000000e+00,1.014214114349582196e+00,0.000000000000000000e+00
-0.000000000000000000e+00,-1.682694073424191306e-01,-0.000000000000000000e+00,-1.830327519284435846e-03,-0.000000000000000000e+00,-0.000000000000000000e+00,8.708835400432417273e-02,0.000000000000000000e+00,-0.000000000000000000e+00,-1.035428250416018658e-01,-0.000000000000000000e+00,-2.312519622830834232e-01,-3.878109533248331325e-02,-0.000000000000000000e+00,0.000000000000000000e+00,0.000000000000000000e+00,-0.000000000000000000e+00,-3.338189994206685468e-02,-1.810272335428022572e-01,-0.000000000000000000e+00,-0.000000000000000000e+00,-9.250337987561729758e-02,-0.000000000000000000e+00,-0.000000000000000000e+00,-0.000000000000000000e+00,-0.000000000000000000e+00,0.000000000000000000e+00,-0.000000000000000000e+00,-0.000000000000000000e+00,-0.000000000000000000e+00,0.000000000000000000e+00,-0.000000000000000000e+00,-0.000000000000000000e+00,-5.348792526527313546e-02,-0.000000000000000000e+00,-0.000000000000000000e+00,-0.000000000000000000e+00,0.000000000000000000e+00,1.266868306497108243e+00
