2.244717037956260430e+00,-1.078068956722268434e-01,-0.000000000000000000e+00,-0.000000000000000000e+00,-0.000000000000000000e+00,-0.000000000000000000e+00,-0.000000000000000000e+00,0.000000000000000000e+00,-0.000000000000000000e+00,-1.926222878560845397e-01,-1.080928254718673959e-01,-0.000000000000000000e+00,0.000000000000000000e+00,-0.000000000000000000e+00,-0.000000000000000000e+00,-3.154603598936263076e-01,-1.931766296212450440e-01,-2.871836561747894215e-02,-0.000000000000000000e+00,-0.000000000000000000e+00,-0.000000000000000000e+00,-0.000000000000000000e+00,-0.000000000000000000e+00,-0.000000000000000000e+00,-0.000000000000000000e+00,-1.923549921968839213e-02,-0.000000000000000000e+00,-0.000000000000000000e+00,-6.159844331313644172e-01,-9.990218034632736277e-02,-0.000000000000000000e+00,-1.946001694173092600e-01,-0.000000000000000000e+00,-0.000000000000000000e+00,-0.000000000000000000e+00,-9.484145659247723847e-02,-1.154095775257817091e-01,-1.814678011834694737e-01,-0.000000000000000000e+00
-1.078068956722268434e-01,2.466027520548004670e+00,-0.000000000000000000e+00,-0.000000000000000000e+00,-5.883010419757409709e-02,-0.000000000000000000e+00,-0.000000000000000000e+00,0.000000000000000000e+00,-0.000000000000000000e+00,-2.458800592948072461e-01,-2.093287494867710971e-02,-0.000000000000000000e+00,0.000000000000000000e+00,-1.992551960026153757e-01,-0.000000000000000000e+00,-5.048983250638162668e-01,-0.000000000000000000e+00,-0.000000000000000000e+00,-0.000000000000000000e+00,0.000000000000000000e+00,-0.000000000000000000e+00,-0.000000000000000000e+00,-2.415411793409937280e-01,-0.000000000000000000e+00,-1.678455016446369491e-02,-0.000000000000000000e+00,-0.000000000000000000e+00,-0.000000000000000000e+00,-0.000000000000000000e+00,-3.240177096262834566e-01,-0.000000000000000000e+00,-4.064729640916039388e-01,-0.000000000000000000e+00,-2.772060209444883183e-01,-0.000000000000000000e+00,-1.202527999225643657e-01,-0.000000000000000000e+00,-0.000000000000000000e+00,-0.000000000000000000e+00
-0.000000000000000000e+00,-0.000000000000000000e+00,2.059221336795036716e+00,-0.000000000000000000e+00,-3.816256800541561467e-01,-0.000000000000000000e+00,-0.000000000000000000e+00,8.805471696048915442e-01,-7.493469800853384821e-02,-0.000000000000000000e+00,-0.000000000000000000e+00,-0.000000000000000000e+00,3.654719412777514276e-02,-0.000000000000000000e+00,-0.000000000000000000e+00,-0.000000000000000000e+00,-0.000000000000000000e+00,0.000000000000000000e+00,-0.000000000000000000e+00,0.000000000000000000e+00,-0.000000000000000000e+00,-0.000000000000000000e+00,-0.000000000000000000e+00,-0.000000000000000000e+00,-1.784565296352132457e-01,-0.000000000000000000e+00,-6.780640737887978775e-02,-6.252995500512077871e-03,-0.000000000000000000e+00,-0.000000000000000000e+00,-9.230352608999681241e-02,-0.000000000000000000e+00,-0.000000000000000000e+00,-1.726842145309691878e-01,-0.000000000000000000e+00,-0.000000000000000000e+00,-0.000000000000000000e+00,-0.000000000000000000e+00,-0.000000000000000000e+00
-0.000000000000000000e+00,-0.000000000000000000e+00,-0.000000000000000000e+00,1.207643736066591034e+00,-1.328374230086710184e-01,-0.000000000000000000e+00,-1.460343893101046786e-01,0.000000000000000000e+00,0.000000000000000000e+00,-0.000000000000000000e+00,-0.000000000000000000e+00,-0.000000000000000000e+00,-0.000000000000000000e+00,-0.000000000000000000e+00,0.000000000000000000e+00,-0.000000000000000000e+00,-0.000000000000000000e+00,-4.445866696473173285e-02,-0.000000000000000000e+00,-0.000000000000000000e+00,-0.000000000000000000e+00,-2.494162696971548993e-02,-0.000000000000000000e+00,-0.000000000000000000e+00,-0.000000000000000000e+00,-0.000000000000000000e+00,-0.000000000000000000e+00,-0.000000000000000000e+00,-0.000000000000000000e+00,-0.000000000000000000e+00,-0.000000000000000000e+00,-0.000000000000000000e+00,-2.923812353235025752e-01,-0.000000000000000000e+00,-1.991981678175324885e-02,-1.179479485829825064e-01,-6.208719004921801204e-02,-0.000000000000000000e+00,0.000000000000000000e+00
-0.000000000000000000e+00,-5.883010419757409709e-02,-3.816256800541561467e-01,-1.328374230086710184e-01,2.024329516380153127e+00,0.000000000000000000e+00,-6.124243718456777452e-02,2.252424203184781037e-01,-0.000000000000000000e+00,-0.000000000000000000e+00,-0.000000000000000000e+00,-0.000000000000000000e+00,0.000000000000000000e+00,-8.862520614626046012e-02,-0.000000000000000000e+00,-0.000000000000000000e+00,-0.000000000000000000e+00,-0.000000000000000000e+00,-5.768069966175286556e-01,0.000000000000000000e+00,0.000000000000000000e+00,-0.000000000000000000e+00,-0.000000000000000000e+00,-0.000000000000000000e+00,-0.000000000000000000e+00,-0.000000000000000000e+00,-0.000000000000000000e+00,-0.000000000000000000e+00,-0.000000000000000000e+00,-0.000000000000000000e+00,-0.000000000000000000e+00,-0.000000000000000000e+00,-0.000000000000000000e+00,-4.270890237754770835e-01,-0.000000000000000000e+00,-0.000000000000000000e+00,-0.000000000000000000e+00,-0.000000000000000000e+00,-0.000000000000000000e+00
-0.000000000000000000e+00,-0.000000000000000000e+00,-0.000000000000000000e+00,-0.000000000000000000e+00,0.000000000000000000e+00,1.573189352776041883e+00,-0.000000000000000000e+00,0.000000000000000000e+00,-0.000000000000000000e+00,-0.000000000000000000e+00,-1.790836494028763826e-01,-0.000000000000000000e+00,0.000000000000000000e+00,-0.000000000000000000e+00,-0.000000000000000000e+00,-0.000000000000000000e+00,-3.116790408982059724e-01,-1.475401660476191243e-02,-0.000000000000000000e+00,-0.000000000000000000e+00,-3.761398652681141597e-02,-0.000000000000000000e+00,-0.000000000000000000e+00,-0.000000000000000000e+00,-0.000000000000000000e+00,-1.908272090386162745e-01,-8.040230806389830551e-03,-0.000000000000000000e+00,-0.000000000000000000e+00,-0.000000000000000000e+00,-0.000000000000000000e+00,-0.000000000000000000e+00,-1.364218199894271129e-02,-0.000000000000000000e+00,-4.091938001965199079e-01,-0.000000000000000000e+00,-9.856057921465002924e-02,-0.000000000000000000e+00,-0.000000000000000000e+00
-0.000000000000000000e+00,-0.000000000000000000e+00,-0.000000000000000000e+00,-1.460343893101046786e-01,-6.124243718456777452e-02,-0.000000000000000000e+00,1.146445674206962639e+00,0.000000000000000000e+00,0.000000000000000000e+00,-0.000000000000000000e+00,-0.000000000000000000e+00,3.567208887174030951e-01,-0.000000000000000000e+00,-0.000000000000000000e+00,0.000000000000000000e+00,-0.000000000000000000e+00,-0.000000000000000000e+00,-0.000000000000000000e+00,-1.259289432844498124e-01,-0.000000000000000000e+00,-0.000000000000000000e+00,-0.000000000000000000e+00,-0.000000000000000000e+00,-0.000000000000000000e+00,-7.977858174937341521e-03,-0.000000000000000000e+00,0.000000000000000000e+00,-0.000000000000000000e+00,-0.000000000000000000e+00,-0.000000000000000000e+00,-0.000000000000000000e+00,-0.000000000000000000e+00,-0.000000000000000000e+00,-0.000000000000000000e+00,-9.818525171718335554e-02,-0.000000000000000000e+00,-0.000000000000000000e+00,0.000000000000000000e+00,0.000000000000000000e+00
0.000000000000000000e+00,0.000000000000000000e+00,8.805471696048915442e-01,0.000000000000000000e+00,2.252424203184781037e-01,0.000000000000000000e+00,0.000000000000000000e+00,2.388723331467665023e+00,4.204518458485505539e-01,0.000000000000000000e+00,4.739692994226858691e-02,0.000000000000000000e+00,-0.000000000000000000e+00,0.000000000000000000e+00,0.000000000000000000e+00,0.000000000000000000e+00,0.000000000000000000e+00,0.000000000000000000e+00,2.312337107402213932e-01,-0.000000000000000000e+00,0.000000000000000000e+00,-0.000000000000000000e+00,5.409997162488405092e-02,1.133104031899699465e-01,1.258141925913730530e-01,0.000000000000000000e+00,5.997240172135709368e-03,0.000000000000000000e+00,0.000000000000000000e+00,0.000000000000000000e+00,0.000000000000000000e+00,0.000000000000000000e+00,0.000000000000000000e+00,3.027655990584710577e-01,0.000000000000000000e+00,0.000000000000000000e+00,0.000000000000000000e+00,0.000000000000000000e+00,0.000000000000000000e+00
-0.000000000000000000e+00,-0.000000000000000000e+00,-7.493469800853384821e-02,0.000000000000000000e+00,-0.000000000000000000e+00,-0.000000000000000000e+00,0.000000000000000000e+00,4.204518458485505539e-01,2.322486511007291199e+00,-0.000000000000000000e+00,-2.761356936932738218e-02,-2.384358276783355574e-02,8.670956800016456356e-02,-3.018634303261758314e-02,-0.000000000000000000e+00,-0.000000000000000000e+00,-0.000000000000000000e+00,0.000000000000000000e+00,-2.108426495290385144e-02,2.218379799259749541e-01,0.000000000000000000e+00,0.000000000000000000e+00,-4.997490550932017772e-01,-8.414782645736499853e-03,-0.000000000000000000e+00,-0.000000000000000000e+00,-0.000000000000000000e+00,0.000000000000000000e+00,-0.000000000000000000e+00,-0.000000000000000000e+00,-0.000000000000000000e+00,-0.000000000000000000e+00,0.000000000000000000e+00,-6.561067138200133986e-01,-0.000000000000000000e+00,-0.000000000000000000e+00,-0.000000000000000000e+00,-1.898387343000006999e-01,-3.681846122164839641e-01
-1.926222878560845397e-01,-2.458800592948072461e-01,-0.000000000000000000e+00,-0.000000000000000000e+00,-0.000000000000000000e+00,-0.000000000000000000e+00,-0.000000000000000000e+00,0.000000000000000000e+00,-0.000000000000000000e+00,2.660578717154300943e+00,-5.561024230061554358e-02,-0.000000000000000000e+00,0.000000000000000000e+00,-3.070144828751213417e-01,-0.000000000000000000e+00,-6.056224388390275548e-01,-0.000000000000000000e+00,-4.625518596469496008e-02,-0.000000000000000000e+00,-0.000000000000000000e+00,-0.000000000000000000e+00,-0.000000000000000000e+00,-2.845810473965750820e-01,-0.000000000000000000e+00,-1.332239162270857369e-01,-0.000000000000000000e+00,-0.000000000000000000e+00,-0.000000000000000000e+00,-0.000000000000000000e+00,-4.947478363394163248e-01,-1.195225595688309966e-01,-5.326517625669861117e-02,-0.000000000000000000e+00,-0.000000000000000000e+00,-0.000000000000000000e+00,-1.512555538677115841e-01,-6.053179423485560012e-02,-9.704951507472325822e-02,-0.000000000000000000e+00
-1.080928254718673959e-01,-2.093287494867710971e-02,-0.000000000000000000e+00,-0.000000000000000000e+00,-0.000000000000000000e+00,-1.790836494028763826e-01,-0.000000000000000000e+00,4.739692994226858691e-02,-2.761356936932738218e-02,-5.561024230061554358e-02,2.132446408736242027e+00,-0.000000000000000000e+00,0.000000000000000000e+00,-1.510367618507175991e-01,-0.000000000000000000e+00,-0.000000000000000000e+00,-4.508314805755296306e-01,-0.000000000000000000e+00,-0.000000000000000000e+00,-0.000000000000000000e+00,-0.000000000000000000e+00,0.000000000000000000e+00,-1.887190616457270764e-01,-0.000000000000000000e+00,-0.000000000000000000e+00,-2.024754500588551165e-01,-1.798248992672465130e-01,-0.000000000000000000e+00,-5.730038636538072050e-02,-0.000000000000000000e+00,-0.000000000000000000e+00,-2.523105889348543074e-01,-0.000000000000000000e+00,-1.845383072978426520e-02,-0.000000000000000000e+00,-0.000000000000000000e+00,-0.000000000000000000e+00,-2.316391279895240185e-01,-1.795813918084114905e-02
-0.000000000000000000e+00,-0.000000000000000000e+00,-0.000000000000000000e+00,-0.000000000000000000e+00,-0.000000000000000000e+00,-0.000000000000000000e+00,3.567208887174030951e-01,0.000000000000000000e+00,-2.384358276783355574e-02,-0.000000000000000000e+00,-0.000000000000000000e+00,1.503966430626347162e+00,0.000000000000000000e+00,-6.358551689571666221e-02,-3.205425906911026912e-01,-0.000000000000000000e+00,-0.000000000000000000e+00,-0.000000000000000000e+00,-0.000000000000000000e+00,0.000000000000000000e+00,0.000000000000000000e+00,-0.000000000000000000e+00,-0.000000000000000000e+00,-0.000000000000000000e+00,-0.000000000000000000e+00,0.000000000000000000e+00,-3.327959858791411651e-01,-0.000000000000000000e+00,-0.000000000000000000e+00,-5.379767844691731200e-03,-0.000000000000000000e+00,-7.133204493091055420e-02,-0.000000000000000000e+00,-4.921847527912157592e-03,0.000000000000000000e+00,-0.000000000000000000e+00,-0.000000000000000000e+00,-1.158913513295551784e-01,-1.463876450982447563e-01
0.000000000000000000e+00,0.000000000000000000e+00,3.654719412777514276e-02,-0.000000000000000000e+00,0.000000000000000000e+00,0.000000000000000000e+00,-0.000000000000000000e+00,-0.000000000000000000e+00,8.670956800016456356e-02,0.000000000000000000e+00,0.000000000000000000e+00,0.000000000000000000e+00,1.097895641761254648e+00,0.000000000000000000e+00,0.000000000000000000e+00,0.000000000000000000e+00,0.000000000000000000e+00,-0.000000000000000000e+00,0.000000000000000000e+00,-0.000000000000000000e+00,0.000000000000000000e+00,-0.000000000000000000e+00,0.000000000000000000e+00,0.000000000000000000e+00,0.000000000000000000e+00,1.762200388112691862e-01,0.000000000000000000e+00,0.000000000000000000e+00,0.000000000000000000e+00,-0.000000000000000000e+00,0.000000000000000000e+00,0.000000000000000000e+00,-0.000000000000000000e+00,0.000000000000000000e+00,0.000000000000000000e+00,0.000000000000000000e+00,-0.000000000000000000e+00,8.884301363126081985e-02,4.832153697901014205e-02
-0.000000000000000000e+00,-1.992551960026153757e-01,-0.000000000000000000e+00,-0.000000000000000000e+00,-8.862520614626046012e-02,-0.000000000000000000e+00,-0.000000000000000000e+00,0.000000000000000000e+00,-3.018634303261758314e-02,-3.070144828751213417e-01,-1.510367618507175991e-01,-6.358551689571666221e-02,0.000000000000000000e+00,2.363800983526377131e+00,-0.000000000000000000e+00,-2.276108801532950310e-01,-0.000000000000000000e+00,-4.667940834884605874e-04,-1.112697187350770861e-01,-0.000000000000000000e+00,-0.000000000000000000e+00,-0.000000000000000000e+00,-1.942932322339981088e-01,-1.252505845119076533e-01,-1.935834921967802269e-02,-0.000000000000000000e+00,-0.000000000000000000e+00,-0.000000000000000000e+00,-0.000000000000000000e+00,-1.824243493171971153e-01,-4.482060632198887895e-02,-2.482395347037226752e-01,-0.000000000000000000e+00,-1.931349166718047961e-01,-0.000000000000000000e+00,-3.235219465826081470e-02,-3.112052867797817091e-01,-0.000000000000000000e+00,-0.000000000000000000e+00
-0.000000000000000000e+00,-0.000000000000000000e+00,-0.000000000000000000e+00,0.000000000000000000e+00,-0.000000000000000000e+00,-0.000000000000000000e+00,0.000000000000000000e+00,0.000000000000000000e+00,-0.000000000000000000e+00,-0.000000000000000000e+00,-0.000000000000000000e+00,-3.205425906911026912e-01,0.000000000000000000e+00,-0.000000000000000000e+00,1.441709654280011410e+00,-0.000000000000000000e+00,-0.000000000000000000e+00,-0.000000000000000000e+00,-0.000000000000000000e+00,-0.000000000000000000e+00,-0.000000000000000000e+00,-0.000000000000000000e+00,-0.000000000000000000e+00,-0.000000000000000000e+00,-7.398988014410112779e-02,-0.000000000000000000e+00,-7.688823746529464820e-02,-2.385378791742407689e-01,-0.000000000000000000e+00,-0.000000000000000000e+00,-2.061692853454467067e-01,-0.000000000000000000e+00,-0.000000000000000000e+00,-0.000000000000000000e+00,-0.000000000000000000e+00,-0.000000000000000000e+00,-2.163211878677723521e-01,-0.000000000000000000e+00,-0.000000000000000000e+00
-3.154603598936263076e-01,-5.048983250638162668e-01,-0.000000000000000000e+00,-0.000000000000000000e+00,-0.000000000000000000e+00,-0.000000000000000000e+00,-0.000000000000000000e+00,0.000000000000000000e+00,-0.000000000000000000e+00,-6.056224388390275548e-01,-0.000000000000000000e+00,-0.000000000000000000e+00,0.000000000000000000e+00,-2.276108801532950310e-01,-0.000000000000000000e+00,2.620890299511357657e+00,-0.000000000000000000e+00,-0.000000000000000000e+00,-0.000000000000000000e+00,0.000000000000000000e+00,-0.000000000000000000e+00,-0.000000000000000000e+00,-1.659235457659239132e-01,-0.000000000000000000e+00,-0.000000000000000000e+00,-0.000000000000000000e+00,-0.000000000000000000e+00,-0.000000000000000000e+00,-1.467160926451078345e-02,-6.502508803972381068e-01,-0.000000000000000000e+00,-4.176583796949596278e-02,-0.000000000000000000e+00,-0.000000000000000000e+00,-0.000000000000000000e+00,-1.306056224520177854e-02,-0.000000000000000000e+00,-0.000000000000000000e+00,-0.000000000000000000e+00
-1.931766296212450440e-01,-0.000000000000000000e+00,-0.000000000000000000e+00,-0.000000000000000000e+00,-0.000000000000000000e+00,-3.116790408982059724e-01,-0.000000000000000000e+00,0.000000000000000000e+00,-0.000000000000000000e+00,-0.000000000000000000e+00,-4.508314805755296306e-01,-0.000000000000000000e+00,0.000000000000000000e+00,-0.000000000000000000e+00,-0.000000000000000000e+00,-0.000000000000000000e+00,1.915128557564512279e+00,-0.000000000000000000e+00,-0.000000000000000000e+00,-0.000000000000000000e+00,-0.000000000000000000e+00,-0.000000000000000000e+00,-0.000000000000000000e+00,-0.000000000000000000e+00,-0.000000000000000000e+00,-2.332041005806056999e-01,-0.000000000000000000e+00,-0.000000000000000000e+00,-1.789888523495184458e-01,-0.000000000000000000e+00,-0.000000000000000000e+00,-1.556045875889288110e-01,-0.000000000000000000e+00,-0.000000000000000000e+00,-1.109517751439706851e-01,-0.000000000000000000e+00,-0.000000000000000000e+00,-1.468893472066298556e-01,-0.000000000000000000e+00
-2.871836561747894215e-02,-0.000000000000000000e+00,0.000000000000000000e+00,-4.445866696473173285e-02,-0.000000000000000000e+00,-1.475401660476191243e-02,-0.000000000000000000e+00,0.000000000000000000e+00,0.000000000000000000e+00,-4.625518596469496008e-02,-0.000000000000000000e+00,-0.000000000000000000e+00,-0.000000000000000000e+00,-4.667940834884605874e-04,-0.000000000000000000e+00,-0.000000000000000000e+00,-0.000000000000000000e+00,1.143288500499168192e+00,-9.264360186752284773e-03,-0.000000000000000000e+00,-0.000000000000000000e+00,-0.000000000000000000e+00,-0.000000000000000000e+00,-0.000000000000000000e+00,-2.585092308456768753e-02,-0.000000000000000000e+00,-0.000000000000000000e+00,-0.000000000000000000e+00,-1.851273411694801668e-02,-0.000000000000000000e+00,-0.000000000000000000e+00,-0.000000000000000000e+00,-1.550038195995835089e-01,-0.000000000000000000e+00,-0.000000000000000000e+00,0.000000000000000000e+00,-2.086164659107435926e-01,-0.000000000000000000e+00,0.000000000000000000e+00
-0.000000000000000000e+00,-0.000000000000000000e+00,-0.000000000000000000e+00,-0.000000000000000000e+00,-5.768069966175286556e-01,-0.000000000000000000e+00,-1.259289432844498124e-01,2.312337107402213932e-01,-2.108426495290385144e-02,-0.000000000000000000e+00,-0.000000000000000000e+00,-0.000000000000000000e+00,0.000000000000000000e+00,-1.112697187350770861e-01,-0.000000000000000000e+00,-0.000000000000000000e+00,-0.000000000000000000e+00,-9.264360186752284773e-03,1.800705834975970365e+00,0.000000000000000000e+00,0.000000000000000000e+00,0.000000000000000000e+00,-0.000000000000000000e+00,-0.000000000000000000e+00,-1.511123532598563635e-01,-0.000000000000000000e+00,-0.000000000000000000e+00,-0.000000000000000000e+00,-0.000000000000000000e+00,-0.000000000000000000e+00,-0.000000000000000000e+00,-0.000000000000000000e+00,-0.000000000000000000e+00,-3.837379059860510644e-01,-0.000000000000000000e+00,-0.000000000000000000e+00,-0.000000000000000000e+00,-0.000000000000000000e+00,0.000000000000000000e+00
-0.000000000000000000e+00,0.000000000000000000e+00,0.000000000000000000e+00,-0.000000000000000000e+00,0.000000000000000000e+00,-0.000000000000000000e+00,-0.000000000000000000e+00,-0.000000000000000000e+00,2.218379799259749541e-01,-0.000000000000000000e+00,-0.000000000000000000e+00,0.000000000000000000e+00,-0.000000000000000000e+00,-0.000000000000000000e+00,-0.000000000000000000e+00,0.000000000000000000e+00,-0.000000000000000000e+00,-0.000000000000000000e+00,0.000000000000000000e+00,1.193421215783943889e+00,-3.274571881115565658e-02,-3.274804828182217298e-01,0.000000000000000000e+00,0.000000000000000000e+00,0.000000000000000000e+00,-0.000000000000000000e+00,-0.000000000000000000e+00,-0.000000000000000000e+00,-0.000000000000000000e+00,0.000000000000000000e+00,-0.000000000000000000e+00,-0.000000000000000000e+00,-1.821625477530109116e-01,0.000000000000000000e+00,-0.000000000000000000e+00,-0.000000000000000000e+00,-0.000000000000000000e+00,0.000000000000000000e+00,0.000000000000000000e+00
-0.000000000000000000e+00,-0.000000000000000000e+00,-0.000000000000000000e+00,-0.000000000000000000e+00,0.000000000000000000e+00,-3.761398652681141597e-02,-0.000000000000000000e+00,0.000000000000000000e+00,0.000000000000000000e+00,-0.000000000000000000e+00,-0.000000000000000000e+00,0.000000000000000000e+00,0.000000000000000000e+00,-0.000000000000000000e+00,-0.000000000000000000e+00,-0.000000000000000000e+00,-0.000000000000000000e+00,-0.000000000000000000e+00,0.000000000000000000e+00,-3.274571881115565658e-02,1.507414793470397196e+00,-5.984399081459733649e-01,-0.000000000000000000e+00,-0.000000000000000000e+00,-0.000000000000000000e+00,-1.661723875844316745e-01,-1.042828013124066366e-01,-0.000000000000000000e+00,-0.000000000000000000e+00,0.000000000000000000e+00,-0.000000000000000000e+00,-0.000000000000000000e+00,-2.106580713303214114e-01,0.000000000000000000e+00,-0.000000000000000000e+00,-0.000000000000000000e+00,-0.000000000000000000e+00,-0.000000000000000000e+00,-0.000000000000000000e+00
-0.000000000000000000e+00,-0.000000000000000000e+00,-0.000000000000000000e+00,-2.494162696971548993e-02,-0.000000000000000000e+00,-0.000000000000000000e+00,-0.000000000000000000e+00,-0.000000000000000000e+00,0.000000000000000000e+00,-0.000000000000000000e+00,0.000000000000000000e+00,-0.000000000000000000e+00,-0.000000000000000000e+00,-0.000000000000000000e+00,-0.000000000000000000e+00,-0.000000000000000000e+00,-0.000000000000000000e+00,-0.000000000000000000e+00,0.000000000000000000e+00,-3.274804828182217298e-01,-5.984399081459733649e-01,1.828818910355278327e+00,0.000000000000000000e+00,0.000000000000000000e+00,-0.000000000000000000e+00,-0.000000000000000000e+00,-0.000000000000000000e+00,-1.707943142892552613e-01,-0.000000000000000000e+00,-0.000000000000000000e+00,-0.000000000000000000e+00,-0.000000000000000000e+00,-5.649662412230842534e-01,0.000000000000000000e+00,-0.000000000000000000e+00,-0.000000000000000000e+00,-0.000000000000000000e+00,0.000000000000000000e+00,0.000000000000000000e+00
-0.000000000000000000e+00,-2.415411793409937280e-01,-0.000000000000000000e+00,-0.000000000000000000e+00,-0.000000000000000000e+00,-0.000000000000000000e+00,-0.000000000000000000e+00,5.409997162488405092e-02,-4.997490550932017772e-01,-2.845810473965750820e-01,-1.887190616457270764e-01,-0.000000000000000000e+00,0.000000000000000000e+00,-1.942932322339981088e-01,-0.000000000000000000e+00,-1.659235457659239132e-01,-0.000000000000000000e+00,-0.000000000000000000e+00,-0.000000000000000000e+00,0.000000000000000000e+00,-0.000000000000000000e+00,0.000000000000000000e+00,2.081195024147668882e+00,-1.669057509253296934e-01,-3.081669930677015737e-02,-1.241215996098856411e-01,-0.000000000000000000e+00,-0.000000000000000000e+00,-0.000000000000000000e+00,-0.000000000000000000e+00,-4.665687084059318840e-02,-0.000000000000000000e+00,-0.000000000000000000e+00,-0.000000000000000000e+00,-0.000000000000000000e+00,-0.000000000000000000e+00,-0.000000000000000000e+00,-6.283440058218824065e-02,-2.278331681288097918e-02
-0.000000000000000000e+00,-0.000000000000000000e+00,-0.000000000000000000e+00,-0.000000000000000000e+00,-0.000000000000000000e+00,-0.000000000000000000e+00,-0.000000000000000000e+00,1.133104031899699465e-01,-8.414782645736499853e-03,-0.000000000000000000e+00,-0.000000000000000000e+00,-0.000000000000000000e+00,0.000000000000000000e+00,-1.252505845119076533e-01,-0.000000000000000000e+00,-0.000000000000000000e+00,-0.000000000000000000e+00,-0.000000000000000000e+00,-0.000000000000000000e+00,0.000000000000000000e+00,-0.000000000000000000e+00,0.000000000000000000e+00,-1.669057509253296934e-01,1.295777436049174725e+00,-2.749824078273775396e-01,-1.344596440405556870e-01,-0.000000000000000000e+00,-0.000000000000000000e+00,-0.000000000000000000e+00,-0.000000000000000000e+00,-0.000000000000000000e+00,-0.000000000000000000e+00,-0.000000000000000000e+00,-0.000000000000000000e+00,-0.000000000000000000e+00,-3.498830210878472319e-02,-0.000000000000000000e+00,-0.000000000000000000e+00,-0.000000000000000000e+00
-0.000000000000000000e+00,-1.678455016446369491e-02,-1.784565296352132457e-01,-0.000000000000000000e+00,-0.000000000000000000e+00,-0.000000000000000000e+00,-7.977858174937341521e-03,1.258141925913730530e-01,-0.000000000000000000e+00,-1.332239162270857369e-01,-0.000000000000000000e+00,-0.000000000000000000e+00,0.000000000000000000e+00,-1.935834921967802269e-02,-7.398988014410112779e-02,-0.000000000000000000e+00,-0.000000000000000000e+00,-2.585092308456768753e-02,-1.511123532598563635e-01,0.000000000000000000e+00,-0.000000000000000000e+00,-0.000000000000000000e+00,-3.081669930677015737e-02,-2.749824078273775396e-01,1.602202824963328442e+00,-0.000000000000000000e+00,-0.000000000000000000e+00,-5.747770667020694890e-02,-0.000000000000000000e+00,-0.000000000000000000e+00,-4.075512109812465256e-02,-2.124957416723895556e-02,-0.000000000000000000e+00,-0.000000000000000000e+00,-0.000000000000000000e+00,-0.000000000000000000e+00,-3.292917015266894065e-01,-0.000000000000000000e+00,-0.000000000000000000e+00
-1.923549921968839213e-02,-0.000000000000000000e+00,-0.000000000000000000e+00,-0.000000000000000000e+00,-0.000000000000000000e+00,-1.908272090386162745e-01,-0.000000000000000000e+00,0.000000000000000000e+00,-0.000000000000000000e+00,-0.000000000000000000e+00,-2.024754500588551165e-01,0.000000000000000000e+00,1.762200388112691862e-01,-0.000000000000000000e+00,-0.000000000000000000e+00,-0.000000000000000000e+00,-2.332041005806056999e-01,-0.000000000000000000e+00,-0.000000000000000000e+00,-0.000000000000000000e+00,-1.661723875844316745e-01,-0.000000000000000000e+00,-1.241215996098856411e-01,-1.344596440405556870e-01,-0.000000000000000000e+00,1.855322978721151372e+00,-1.956756256227692656e-02,-0.000000000000000000e+00,-1.220653868368777456e-01,-0.000000000000000000e+00,-1.146614485696169083e-01,-0.000000000000000000e+00,-0.000000000000000000e+00,-0.000000000000000000e+00,-2.693053290713564585e-01,-0.000000000000000000e+00,-0.000000000000000000e+00,-2.251287974530417901e-01,-0.000000000000000000e+00
-0.000000000000000000e+00,-0.000000000000000000e+00,-6.780640737887978775e-02,-0.000000000000000000e+00,-0.000000000000000000e+00,-8.040230806389830551e-03,0.000000000000000000e+00,5.997240172135709368e-03,-0.000000000000000000e+00,-0.000000000000000000e+00,-1.798248992672465130e-01,-3.327959858791411651e-01,0.000000000000000000e+00,-0.000000000000000000e+00,-7.688823746529464820e-02,-0.000000000000000000e+00,-0.000000000000000000e+00,-0.000000000000000000e+00,-0.000000000000000000e+00,-0.000000000000000000e+00,-1.042828013124066366e-01,-0.000000000000000000e+00,-0.000000000000000000e+00,-0.000000000000000000e+00,-0.000000000000000000e+00,-1.956756256227692656e-02,1.908745516845904211e+00,-5.033256975357235097e-02,-4.790283519990554822e-02,-0.000000000000000000e+00,-3.603647864884484409e-01,-3.517732916590653180e-02,-1.404410759103553175e-01,-0.000000000000000000e+00,-0.000000000000000000e+00,-0.000000000000000000e+00,-3.399475198991344649e-02,-1.407014798303770631e-01,-4.245966799172272155e-01
-0.000000000000000000e+00,-0.000000000000000000e+00,-6.252995500512077871e-03,-0.000000000000000000e+00,-0.000000000000000000e+00,-0.000000000000000000e+00,-0.000000000000000000e+00,0.000000000000000000e+00,0.000000000000000000e+00,-0.000000000000000000e+00,-0.000000000000000000e+00,-0.000000000000000000e+00,0.000000000000000000e+00,-0.000000000000000000e+00,-2.385378791742407689e-01,-0.000000000000000000e+00,-0.000000000000000000e+00,-0.000000000000000000e+00,-0.000000000000000000e+00,-0.000000000000000000e+00,-0.000000000000000000e+00,-1.707943142892552613e-01,-0.000000000000000000e+00,-0.000000000000000000e+00,-5.747770667020694890e-02,-0.000000000000000000e+00,-5.033256975357235097e-02,1.892796278270395982e+00,-1.022505952230109566e-01,-0.000000000000000000e+00,-2.220772046205454209e-01,-0.000000000000000000e+00,-6.450944839434914480e-01,-0.000000000000000000e+00,-1.193791939395559970e-01,-4.418645689348555533e-02,-2.041986745547032245e-01,-0.000000000000000000e+00,-0.000000000000000000e+00
-6.159844331313644172e-01,-0.000000000000000000e+00,-0.000000000000000000e+00,-0.000000000000000000e+00,-0.000000000000000000e+00,-0.000000000000000000e+00,-0.000000000000000000e+00,0.000000000000000000e+00,-0.000000000000000000e+00,-0.000000000000000000e+00,-5.730038636538072050e-02,-0.000000000000000000e+00,0.000000000000000000e+00,-0.000000000000000000e+00,-0.000000000000000000e+00,-1.467160926451078345e-02,-1.789888523495184458e-01,-1.851273411694801668e-02,-0.000000000000000000e+00,-0.000000000000000000e+00,-0.000000000000000000e+00,-0.000000000000000000e+00,-0.000000000000000000e+00,-0.000000000000000000e+00,-0.000000000000000000e+00,-1.220653868368777456e-01,-4.790283519990554822e-02,-1.022505952230109566e-01,2.122312318341369686e+00,-0.000000000000000000e+00,-0.000000000000000000e+00,-1.989783766233544637e-01,-7.857202158781893819e-02,-0.000000000000000000e+00,-3.429990940354206708e-01,-0.000000000000000000e+00,-1.867987795477038526e-01,-1.507313010501308281e-01,-0.000000000000000000e+00
-9.990218034632736277e-02,-3.240177096262834566e-01,-0.000000000000000000e+00,-0.000000000000000000e+00,-0.000000000000000000e+00,-0.000000000000000000e+00,-0.000000000000000000e+00,0.000000000000000000e+00,-0.000000000000000000e+00,-4.947478363394163248e-01,-0.000000000000000000e+00,-5.379767844691731200e-03,-0.000000000000000000e+00,-1.824243493171971153e-01,-0.000000000000000000e+00,-6.502508803972381068e-01,-0.000000000000000000e+00,-0.000000000000000000e+00,-0.000000000000000000e+00,0.000000000000000000e+00,0.000000000000000000e+00,-0.000000000000000000e+00,-0.000000000000000000e+00,-0.000000000000000000e+00,-0.000000000000000000e+00,-0.000000000000000000e+00,-0.000000000000000000e+00,-0.000000000000000000e+00,-0.000000000000000000e+00,2.201433727372043236e+00,-0.000000000000000000e+00,-6.331949020266028350e-02,-0.000000000000000000e+00,-0.000000000000000000e+00,-0.000000000000000000e+00,-0.000000000000000000e+00,-1.271169499996150365e-01,-0.000000000000000000e+00,-0.000000000000000000e+00
-0.000000000000000000e+00,-0.000000000000000000e+00,-9.230352608999681241e-02,-0.000000000000000000e+00,-0.000000000000000000e+00,-0.000000000000000000e+00,-0.000000000000000000e+00,0.000000000000000000e+00,-0.000000000000000000e+00,-1.195225595688309966e-01,-0.000000000000000000e+00,-0.000000000000000000e+00,0.000000000000000000e+00,-4.482060632198887895e-02,-2.061692853454467067e-01,-0.000000000000000000e+00,-0.000000000000000000e+00,-0.000000000000000000e+00,-0.000000000000000000e+00,-0.000000000000000000e+00,-0.000000000000000000e+00,-0.000000000000000000e+00,-4.665687084059318840e-02,-0.000000000000000000e+00,-4.075512109812465256e-02,-1.146614485696169083e-01,-3.603647864884484409e-01,-2.220772046205454209e-01,-0.000000000000000000e+00,-0.000000000000000000e+00,1.773386198536480274e+00,-2.254103791816291225e-01,-2.435087964344243017e-01,-0.000000000000000000e+00,-0.000000000000000000e+00,-0.000000000000000000e+00,-0.000000000000000000e+00,-0.000000000000000000e+00,-0.000000000000000000e+00
-1.946001694173092600e-01,-4.064729640916039388e-01,-0.000000000000000000e+00,-0.000000000000000000e+00,-0.000000000000000000e+00,-0.000000000000000000e+00,-0.000000000000000000e+00,0.000000000000000000e+00,-0.000000000000000000e+00,-5.326517625669861117e-02,-2.523105889348543074e-01,-7.133204493091055420e-02,0.000000000000000000e+00,-2.482395347037226752e-01,-0.000000000000000000e+00,-4.176583796949596278e-02,-1.556045875889288110e-01,-0.000000000000000000e+00,-0.000000000000000000e+00,-0.000000000000000000e+00,-0.000000000000000000e+00,-0.000000000000000000e+00,-0.000000000000000000e+00,-0.000000000000000000e+00,-2.124957416723895556e-02,-0.000000000000000000e+00,-3.517732916590653180e-02,-0.000000000000000000e+00,-1.989783766233544637e-01,-6.331949020266028350e-02,-2.254103791816291225e-01,2.453780590329086131e+00,-0.000000000000000000e+00,-2.759359473094058837e-02,-0.000000000000000000e+00,-5.030676709455724621e-02,-5.460997842696860838e-01,-0.000000000000000000e+00,-0.000000000000000000e+00
-0.000000000000000000e+00,-0.000000000000000000e+00,-0.000000000000000000e+00,-2.923812353235025752e-01,-0.000000000000000000e+00,-1.364218199894271129e-02,-0.000000000000000000e+00,0.000000000000000000e+00,0.000000000000000000e+00,-0.000000000000000000e+00,-0.000000000000000000e+00,-0.000000000000000000e+00,-0.000000000000000000e+00,-0.000000000000000000e+00,-0.000000000000000000e+00,-0.000000000000000000e+00,-0.000000000000000000e+00,-1.550038195995835089e-01,-0.000000000000000000e+00,-1.821625477530109116e-01,-2.106580713303214114e-01,-5.649662412230842534e-01,-0.000000000000000000e+00,-0.000000000000000000e+00,-0.000000000000000000e+00,-0.000000000000000000e+00,-1.404410759103553175e-01,-6.450944839434914480e-01,-7.857202158781893819e-02,-0.000000000000000000e+00,-2.435087964344243017e-01,-0.000000000000000000e+00,2.240973557999249355e+00,-0.000000000000000000e+00,-1.036778136046548754e-01,-0.000000000000000000e+00,-2.264363952166111721e-02,-0.000000000000000000e+00,0.000000000000000000e+00
-0.000000000000000000e+00,-2.772060209444883183e-01,-1.726842145309691878e-01,-0.000000000000000000e+00,-4.270890237754770835e-01,-0.000000000000000000e+00,-0.000000000000000000e+00,3.027655990584710577e-01,-6.561067138200133986e-01,-0.000000000000000000e+00,-1.845383072978426520e-02,-4.921847527912157592e-03,0.000000000000000000e+00,-1.931349166718047961e-01,-0.000000000000000000e+00,-0.000000000000000000e+00,-0.000000000000000000e+00,-0.000000000000000000e+00,-3.837379059860510644e-01,0.000000000000000000e+00,0.000000000000000000e+00,0.000000000000000000e+00,-0.000000000000000000e+00,-0.000000000000000000e+00,-0.000000000000000000e+00,-0.000000000000000000e+00,-0.000000000000000000e+00,-0.000000000000000000e+00,-0.000000000000000000e+00,-0.000000000000000000e+00,-0.000000000000000000e+00,-2.759359473094058837e-02,-0.000000000000000000e+00,2.416269262545389207e+00,-0.000000000000000000e+00,-0.000000000000000000e+00,-0.000000000000000000e+00,-0.000000000000000000e+00,-0.000000000000000000e+00
-0.000000000000000000e+00,-0.000000000000000000e+00,-0.000000000000000000e+00,-1.991981678175324885e-02,-0.000000000000000000e+00,-4.091938001965199079e-01,-9.818525171718335554e-02,0.000000000000000000e+00,-0.000000000000000000e+00,-0.000000000000000000e+00,-0.000000000000000000e+00,0.000000000000000000e+00,0.000000000000000000e+00,-0.000000000000000000e+00,-0.000000000000000000e+00,-0.000000000000000000e+00,-1.109517751439706851e-01,-0.000000000000000000e+00,-0.000000000000000000e+00,-0.000000000000000000e+00,-0.000000000000000000e+00,-0.000000000000000000e+00,-0.000000000000000000e+00,-0.000000000000000000e+00,-0.000000000000000000e+00,-2.693053290713564585e-01,-0.000000000000000000e+00,-1.193791939395559970e-01,-3.429990940354206708e-01,-0.000000000000000000e+00,-0.000000000000000000e+00,-0.000000000000000000e+00,-1.036778136046548754e-01,-0.000000000000000000e+00,1.727883123162250012e+00,-2.823551508347190916e-02,-1.536000688879994025e-01,-0.000000000000000000e+00,-0.000000000000000000e+00
-9.484145659247723847e-02,-1.202527999225643657e-01,-0.000000000000000000e+00,-1.179479485829825064e-01,-0.000000000000000000e+00,-0.000000000000000000e+00,-0.000000000000000000e+00,0.000000000000000000e+00,-0.000000000000000000e+00,-1.512555538677115841e-01,-0.000000000000000000e+00,-0.000000000000000000e+00,0.000000000000000000e+00,-3.235219465826081470e-02,-0.000000000000000000e+00,-1.306056224520177854e-02,-0.000000000000000000e+00,0.000000000000000000e+00,-0.000000000000000000e+00,-0.000000000000000000e+00,-0.000000000000000000e+00,-0.000000000000000000e+00,-0.000000000000000000e+00,-3.498830210878472319e-02,-0.000000000000000000e+00,-0.000000000000000000e+00,-0.000000000000000000e+00,-4.418645689348555533e-02,-0.000000000000000000e+00,-0.000000000000000000e+00,-0.000000000000000000e+00,-5.030676709455724621e-02,-0.000000000000000000e+00,-0.000000000000000000e+00,-2.823551508347190916e-02,1.191917502680426733e+00,-0.000000000000000000e+00,-0.000000000000000000e+00,-0.000000000000000000e+00
-1.154095775257817091e-01,-0.000000000000000000e+00,-0.000000000000000000e+00,-6.208719004921801204e-02,-0.000000000000000000e+00,-9.856057921465002924e-02,-0.000000000000000000e+00,0.000000000000000000e+00,-0.000000000000000000e+00,-6.053179423485560012e-02,-0.000000000000000000e+00,-0.000000000000000000e+00,-0.000000000000000000e+00,-3.112052867797817091e-01,-2.163211878677723521e-01,-0.000000000000000000e+00,-0.000000000000000000e+00,-2.086164659107435926e-01,-0.000000000000000000e+00,-0.000000000000000000e+00,-0.000000000000000000e+00,-0.000000000000000000e+00,-0.000000000000000000e+00,-0.000000000000000000e+00,-3.292917015266894065e-01,-0.000000000000000000e+00,-3.399475198991344649e-02,-2.041986745547032245e-01,-1.867987795477038526e-01,-1.271169499996150365e-01,-0.000000000000000000e+00,-5.460997842696860838e-01,-2.264363952166111721e-02,-0.000000000000000000e+00,-1.536000688879994025e-01,-0.000000000000000000e+00,2.340693557248914924e+00,-0.000000000000000000e+00,-0.000000000000000000e+00
-1.814678011834694737e-01,-0.000000000000000000e+00,-0.000000000000000000e+00,-0.000000000000000000e+00,-0.000000000000000000e+00,-0.000000000000000000e+00,0.000000000000000000e+00,0.000000000000000000e+00,-1.898387343000006999e-01,-9.704951507472325822e-02,-2.316391279895240185e-01,-1.158913513295551784e-01,8.884301363126081985e-02,-0.000000000000000000e+00,-0.000000000000000000e+00,-0.000000000000000000e+00,-1.468893472066298556e-01,-0.000000000000000000e+00,-0.000000000000000000e+00,0.000000000000000000e+00,-0.000000000000000000e+00,0.000000000000000000e+00,-6.283440058218824065e-02,-0.000000000000000000e+00,-0.000000000000000000e+00,-2.251287974530417901e-01,-1.407014798303770631e-01,-0.000000000000000000e+00,-1.507313010501308281e-01,-0.000000000000000000e+00,-0.000000000000000000e+00,-0.000000000000000000e+00,-0.000000000000000000e+00,-0.000000000000000000e+00,-0.000000000000000000e+00,-0.000000000000000000e+00,-0.000000000000000000e+00,1.900395806143627242e+00,-3.154710173780036486e-01
-0.000000000000000000e+00,-0.000000000000000000e+00,-0.000000000000000000e+00,0.000000000000000000e+00,-0.000000000000000000e+00,-0.000000000000000000e+00,0.000000000000000000e+00,0.000000000000000000e+00,-3.681846122164839641e-01,-0.000000000000000000e+00,-1.795813918084114905e-02,-1.463876450982447563e-01,4.832153697901014205e-02,-0.000000000000000000e+00,-0.000000000000000000e+00,-0.000000000000000000e+00,-0.000000000000000000e+00,0.000000000000000000e+00,0.000000000000000000e+00,0.000000000000000000e+00,-0.000000000000000000e+00,0.000000000000000000e+00,-2.278331681288097918e-02,-0.000000000000000000e+00,-0.000000000000000000e+00,-0.000000000000000000e+00,-4.245966799172272155e-01,-0.000000000000000000e+00,-0.000000000000000000e+00,-0.000000000000000000e+00,-0.000000000000000000e+00,-0.000000000000000000e+00,0.000000000000000000e+00,-0.000000000000000000e+00,-0.000000000000000000e+00,-0.000000000000000000e+00,-0.000000000000000000e+00,-3.154710173780036486e-01,1.609107931735697994e+00
