2.152217627882350381e+00,-3.463871125165426390e-01,0.000000000000000000e+00,-0.000000000000000000e+00,-0.000000000000000000e+00,-2.528460654861062751e-01,0.000000000000000000e+00,-0.000000000000000000e+00,-1.892683478271214026e-01,-0.000000000000000000e+00,0.000000000000000000e+00,0.000000000000000000e+00,-0.000000000000000000e+00,0.000000000000000000e+00,-0.000000000000000000e+00,-2.051835569768388490e-01,-0.000000000000000000e+00,-0.000000000000000000e+00,-0.000000000000000000e+00,-0.000000000000000000e+00,-0.000000000000000000e+00,0.000000000000000000e+00,-0.000000000000000000e+00,-0.000000000000000000e+00,-8.210061307982848000e-02,-0.000000000000000000e+00,0.000000000000000000e+00,-0.000000000000000000e+00,-1.947826538047037481e-01,-0.000000000000000000e+00,-0.000000000000000000e+00,-0.000000000000000000e+00,0.000000000000000000e+00,-0.000000000000000000e+00,-0.000000000000000000e+00,0.000000000000000000e+00,-0.000000000000000000e+00,-9.446837706768451692e-01,-0.000000000000000000e+00
-3.463871125165426390e-01,2.888504940634995855e+00,0.000000000000000000e+00,-0.000000000000000000e+00,-0.000000000000000000e+00,-0.000000000000000000e+00,1.659657400670945526e-02,-0.000000000000000000e+00,-0.000000000000000000e+00,-4.668178046112208546e-01,7.349750815263455216e-03,-1.343978793735714147e-02,-6.800381334085740283e-03,0.000000000000000000e+00,-0.000000000000000000e+00,-6.750206063965993319e-01,0.000000000000000000e+00,-0.000000000000000000e+00,-2.609074521153987858e-01,0.000000000000000000e+00,0.000000000000000000e+00,-0.000000000000000000e+00,-2.690017653085590710e-01,0.000000000000000000e+00,-0.000000000000000000e+00,0.000000000000000000e+00,0.000000000000000000e+00,-0.000000000000000000e+00,0.000000000000000000e+00,-0.000000000000000000e+00,-0.000000000000000000e+00,-3.687157630216056914e-01,0.000000000000000000e+00,-0.000000000000000000e+00,0.000000000000000000e+00,0.000000000000000000e+00,-0.000000000000000000e+00,-0.000000000000000000e+00,-5.634303443236072795e-01
0.000000000000000000e+00,0.000000000000000000e+00,2.987592986598960554e+00,-1.973469001130079281e-01,-2.277310029686364368e-01,-0.000000000000000000e+00,0.000000000000000000e+00,1.440012667624290366e+00,-0.000000000000000000e+00,0.000000000000000000e+00,-0.000000000000000000e+00,-0.000000000000000000e+00,0.000000000000000000e+00,-4.251310317742716394e-01,0.000000000000000000e+00,0.000000000000000000e+00,-0.000000000000000000e+00,-0.000000000000000000e+00,-0.000000000000000000e+00,-0.000000000000000000e+00,-0.000000000000000000e+00,0.000000000000000000e+00,-0.000000000000000000e+00,-0.000000000000000000e+00,-1.354050766207076095e-01,-5.236703239934156068e-02,-8.583138331108310093e-02,-8.987025378111934693e-02,-0.000000000000000000e+00,0.000000000000000000e+00,-1.955820855942383418e-01,-0.000000000000000000e+00,-0.000000000000000000e+00,-1.765743664549288550e-01,0.000000000000000000e+00,-3.528057368973775976e-01,-0.000000000000000000e+00,0.000000000000000000e+00,0.000000000000000000e+00
-0.000000000000000000e+00,-0.000000000000000000e+00,-1.973469001130079281e-01,1.438245039175843454e+00,-2.079943840913955067e-01,-0.000000000000000000e+00,0.000000000000000000e+00,9.189423328053056284e-02,-1.076596179074631454e-01,-0.000000000000000000e+00,0.000000000000000000e+00,-0.000000000000000000e+00,-0.000000000000000000e+00,-9.440661476279607611e-02,-0.000000000000000000e+00,-0.000000000000000000e+00,0.000000000000000000e+00,-2.605374578603837921e-01,-0.000000000000000000e+00,-0.000000000000000000e+00,-0.000000000000000000e+00,-0.000000000000000000e+00,-0.000000000000000000e+00,-0.000000000000000000e+00,-0.000000000000000000e+00,-0.000000000000000000e+00,-1.254117450228931785e-01,-0.000000000000000000e+00,0.000000000000000000e+00,-0.000000000000000000e+00,-0.000000000000000000e+00,-0.000000000000000000e+00,-0.000000000000000000e+00,-0.000000000000000000e+00,0.000000000000000000e+00,-0.000000000000000000e+00,-1.532270305658962883e-02,0.000000000000000000e+00,-0.000000000000000000e+00
-0.000000000000000000e+00,-0.000000000000000000e+00,-2.277310029686364368e-01,-2.079943840913955067e-01,2.832921334668888402e+00,-0.000000000000000000e+00,0.000000000000000000e+00,3.050310157157704732e-02,-3.532342572008074222e-01,-0.000000000000000000e+00,0.000000000000000000e+00,-0.000000000000000000e+00,-0.000000000000000000e+00,-9.888866794217131273e-02,-1.184003008516927233e-02,-0.000000000000000000e+00,-0.000000000000000000e+00,-7.378604999400149023e-01,-0.000000000000000000e+00,0.000000000000000000e+00,0.000000000000000000e+00,-0.000000000000000000e+00,-2.524361479779669432e-02,-0.000000000000000000e+00,-3.086804203191159668e-01,-0.000000000000000000e+00,0.000000000000000000e+00,-7.813176001520648339e-02,0.000000000000000000e+00,-7.001536999697827168e-02,-0.000000000000000000e+00,-0.000000000000000000e+00,-0.000000000000000000e+00,-8.384417165842152908e-01,0.000000000000000000e+00,-0.000000000000000000e+00,-0.000000000000000000e+00,-0.000000000000000000e+00,-0.000000000000000000e+00
-2.528460654861062751e-01,-0.000000000000000000e+00,-0.000000000000000000e+00,-0.000000000000000000e+00,-0.000000000000000000e+00,1.373027332366511422e+00,-0.000000000000000000e+00,0.000000000000000000e+00,-0.000000000000000000e+00,-0.000000000000000000e+00,-0.000000000000000000e+00,0.000000000000000000e+00,-0.000000000000000000e+00,0.000000000000000000e+00,-0.000000000000000000e+00,-0.000000000000000000e+00,-0.000000000000000000e+00,-0.000000000000000000e+00,0.000000000000000000e+00,-0.000000000000000000e+00,-1.612918261883490231e-03,0.000000000000000000e+00,-0.000000000000000000e+00,-0.000000000000000000e+00,-2.720363979186465886e-01,-0.000000000000000000e+00,0.000000000000000000e+00,0.000000000000000000e+00,-3.618431892949595108e-01,0.000000000000000000e+00,-5.645801207818547385e-02,-0.000000000000000000e+00,-4.915437680725449204e-02,-0.000000000000000000e+00,-7.088840997725094628e-02,0.000000000000000000e+00,-0.000000000000000000e+00,-0.000000000000000000e+00,-0.000000000000000000e+00
0.000000000000000000e+00,1.659657400670945526e-02,0.000000000000000000e+00,0.000000000000000000e+00,0.000000000000000000e+00,-0.000000000000000000e+00,2.085745500512079964e+00,-0.000000000000000000e+00,0.000000000000000000e+00,0.000000000000000000e+00,-0.000000000000000000e+00,4.860363244080733169e-01,2.169148491472875154e-02,0.000000000000000000e+00,0.000000000000000000e+00,0.000000000000000000e+00,0.000000000000000000e+00,1.171630828268934582e-01,3.384049640385967672e-01,-4.393742707572118600e-01,-0.000000000000000000e+00,0.000000000000000000e+00,4.303930854302997350e-03,-0.000000000000000000e+00,0.000000000000000000e+00,-0.000000000000000000e+00,-0.000000000000000000e+00,0.000000000000000000e+00,-1.076249020911800164e-01,0.000000000000000000e+00,-0.000000000000000000e+00,2.089207265597450847e-01,-0.000000000000000000e+00,6.336656871120986689e-02,-3.458317400711016787e-02,-0.000000000000000000e+00,0.000000000000000000e+00,0.000000000000000000e+00,2.840687465334619799e-01
-0.000000000000000000e+00,-0.000000000000000000e+00,1.440012667624290366e+00,9.189423328053056284e-02,3.050310157157704732e-02,0.000000000000000000e+00,-0.000000000000000000e+00,2.706899055677276511e+00,0.000000000000000000e+00,-0.000000000000000000e+00,0.000000000000000000e+00,0.000000000000000000e+00,-0.000000000000000000e+00,9.781360416974839433e-02,-0.000000000000000000e+00,-0.000000000000000000e+00,0.000000000000000000e+00,0.000000000000000000e+00,0.000000000000000000e+00,0.000000000000000000e+00,0.000000000000000000e+00,-0.000000000000000000e+00,0.000000000000000000e+00,0.000000000000000000e+00,1.816285431399638495e-01,1.310652811160112619e-01,1.328246378989782206e-01,0.000000000000000000e+00,0.000000000000000000e+00,-0.000000000000000000e+00,4.029452590570042902e-01,0.000000000000000000e+00,1.242795955333783342e-01,2.432728456972475459e-02,0.000000000000000000e+00,0.000000000000000000e+00,9.973545163233597799e-02,-0.000000000000000000e+00,-0.000000000000000000e+00
-1.892683478271214026e-01,-0.000000000000000000e+00,-0.000000000000000000e+00,-1.076596179074631454e-01,-3.532342572008074222e-01,-0.000000000000000000e+00,0.000000000000000000e+00,0.000000000000000000e+00,2.177346218132361955e+00,-0.000000000000000000e+00,-0.000000000000000000e+00,-0.000000000000000000e+00,-0.000000000000000000e+00,-1.772778876866588083e-01,-1.236601756899007899e-02,-9.564099067961744083e-02,-0.000000000000000000e+00,-1.516646725705410870e-01,-0.000000000000000000e+00,-0.000000000000000000e+00,-0.000000000000000000e+00,0.000000000000000000e+00,-2.855488631337635419e-01,-0.000000000000000000e+00,-5.984111279221588919e-01,-5.761233763723135233e-03,-0.000000000000000000e+00,-0.000000000000000000e+00,-0.000000000000000000e+00,-0.000000000000000000e+00,-0.000000000000000000e+00,-0.000000000000000000e+00,-0.000000000000000000e+00,-7.445970558700173991e-02,0.000000000000000000e+00,-0.000000000000000000e+00,-0.000000000000000000e+00,-0.000000000000000000e+00,-1.231812248389927700e-01
-0.000000000000000000e+00,-4.668178046112208546e-01,0.000000000000000000e+00,-0.000000000000000000e+00,-0.000000000000000000e+00,-0.000000000000000000e+00,0.000000000000000000e+00,-0.000000000000000000e+00,-0.000000000000000000e+00,2.957849970938066786e+00,6.729465862608989546e-02,-1.224065164410435835e-01,-2.012042395606579714e-01,-0.000000000000000000e+00,-0.000000000000000000e+00,-8.678651392658059960e-01,0.000000000000000000e+00,-1.522946266505495472e-01,-1.610126050327722602e-01,0.000000000000000000e+00,0.000000000000000000e+00,-0.000000000000000000e+00,-2.785708587205188991e-01,0.000000000000000000e+00,-0.000000000000000000e+00,0.000000000000000000e+00,0.000000000000000000e+00,-4.164656179446377809e-02,0.000000000000000000e+00,-4.474059858202308337e-01,0.000000000000000000e+00,-0.000000000000000000e+00,0.000000000000000000e+00,-0.000000000000000000e+00,1.662025321990946158e-01,0.000000000000000000e+00,-0.000000000000000000e+00,-0.000000000000000000e+00,-2.958698375595701369e-01
0.000000000000000000e+00,7.349750815263455216e-03,-0.000000000000000000e+00,0.000000000000000000e+00,0.000000000000000000e+00,-0.000000000000000000e+00,-0.000000000000000000e+00,0.000000000000000000e+00,-0.000000000000000000e+00,6.729465862608989546e-02,1.620855092146809673e+00,0.000000000000000000e+00,0.000000000000000000e+00,-0.000000000000000000e+00,2.251870152576898321e-01,0.000000000000000000e+00,-5.877674454658889935e-01,0.000000000000000000e+00,1.968361427839982192e-01,-8.389825739702813645e-02,-0.000000000000000000e+00,1.297821004632432884e-01,0.000000000000000000e+00,-0.000000000000000000e+00,-0.000000000000000000e+00,-1.376757440105486757e-02,-1.725263379403727815e-01,7.078160952326481570e-02,-0.000000000000000000e+00,6.041090874421341239e-02,-0.000000000000000000e+00,0.000000000000000000e+00,-0.000000000000000000e+00,0.000000000000000000e+00,-5.447233832357782635e-02,-1.445107264774080358e-01,0.000000000000000000e+00,0.000000000000000000e+00,0.000000000000000000e+00
0.000000000000000000e+00,-1.343978793735714147e-02,-0.000000000000000000e+00,-0.000000000000000000e+00,-0.000000000000000000e+00,0.000000000000000000e+00,4.860363244080733169e-01,0.000000000000000000e+00,-0.000000000000000000e+00,-1.224065164410435835e-01,0.000000000000000000e+00,2.822824790634678838e+00,-2.249403554876881067e-02,-0.000000000000000000e+00,-0.000000000000000000e+00,-0.000000000000000000e+00,0.000000000000000000e+00,-1.207813318829531607e-01,-7.523211535642532199e-01,0.000000000000000000e+00,0.000000000000000000e+00,-2.818743943153321357e-02,-2.675501012209360319e-01,0.000000000000000000e+00,-0.000000000000000000e+00,0.000000000000000000e+00,-0.000000000000000000e+00,-1.331226095096061171e-02,3.121434111494459929e-01,-4.690130677845313206e-02,-0.000000000000000000e+00,-4.956796384176218040e-01,-0.000000000000000000e+00,-1.762848472280946488e-01,8.084356656715910305e-02,0.000000000000000000e+00,-2.958899718622973740e-01,0.000000000000000000e+00,-0.000000000000000000e+00
-0.000000000000000000e+00,-6.800381334085740283e-03,0.000000000000000000e+00,-0.000000000000000000e+00,-0.000000000000000000e+00,-0.000000000000000000e+00,2.169148491472875154e-02,-0.000000000000000000e+00,-0.000000000000000000e+00,-2.012042395606579714e-01,0.000000000000000000e+00,-2.249403554876881067e-02,1.173716368249498654e+00,0.000000000000000000e+00,0.000000000000000000e+00,-0.000000000000000000e+00,0.000000000000000000e+00,-0.000000000000000000e+00,-2.835708863843740615e-02,5.430049293499673510e-03,0.000000000000000000e+00,-0.000000000000000000e+00,-0.000000000000000000e+00,4.576505062765016257e-02,0.000000000000000000e+00,9.930747501487328932e-02,2.092591318644096768e-02,-0.000000000000000000e+00,1.485820215189237459e-01,-0.000000000000000000e+00,0.000000000000000000e+00,-0.000000000000000000e+00,0.000000000000000000e+00,-0.000000000000000000e+00,0.000000000000000000e+00,1.631131415104490334e-01,-0.000000000000000000e+00,0.000000000000000000e+00,-0.000000000000000000e+00
0.000000000000000000e+00,0.000000000000000000e+00,-4.251310317742716394e-01,-9.440661476279607611e-02,-9.888866794217131273e-02,0.000000000000000000e+00,0.000000000000000000e+00,9.781360416974839433e-02,-1.772778876866588083e-01,-0.000000000000000000e+00,-0.000000000000000000e+00,-0.000000000000000000e+00,0.000000000000000000e+00,1.688764583340126357e+00,-0.000000000000000000e+00,-0.000000000000000000e+00,0.000000000000000000e+00,-0.000000000000000000e+00,-0.000000000000000000e+00,-0.000000000000000000e+00,-0.000000000000000000e+00,0.000000000000000000e+00,-0.000000000000000000e+00,-8.336096235301843071e-02,-1.821487669680285507e-03,-0.000000000000000000e+00,-1.158156833312366518e-01,-6.749201200627582067e-03,0.000000000000000000e+00,-0.000000000000000000e+00,-0.000000000000000000e+00,-0.000000000000000000e+00,-2.181568858526808374e-01,-0.000000000000000000e+00,0.000000000000000000e+00,-2.928187907070706197e-01,-0.000000000000000000e+00,0.000000000000000000e+00,-0.000000000000000000e+00
-0.000000000000000000e+00,-0.000000000000000000e+00,0.000000000000000000e+00,-0.000000000000000000e+00,-1.184003008516927233e-02,-0.000000000000000000e+00,0.000000000000000000e+00,-0.000000000000000000e+00,-1.236601756899007899e-02,-0.000000000000000000e+00,2.251870152576898321e-01,-0.000000000000000000e+00,0.000000000000000000e+00,-0.000000000000000000e+00,1.633820364622133869e+00,-1.933578376459014203e-01,0.000000000000000000e+00,-2.864744311027951629e-02,-2.227593415438080815e-01,0.000000000000000000e+00,-0.000000000000000000e+00,-0.000000000000000000e+00,-2.735022766637580649e-02,-0.000000000000000000e+00,-0.000000000000000000e+00,-0.000000000000000000e+00,0.000000000000000000e+00,-6.811361705868612670e-02,-0.000000000000000000e+00,-0.000000000000000000e+00,0.000000000000000000e+00,-0.000000000000000000e+00,0.000000000000000000e+00,-1.344463289186936528e-01,0.000000000000000000e+00,0.000000000000000000e+00,-0.000000000000000000e+00,-3.718920997502241366e-01,-1.611294205762274778e-01
-2.051835569768388490e-01,-6.750206063965993319e-01,0.000000000000000000e+00,-0.000000000000000000e+00,-0.000000000000000000e+00,-0.000000000000000000e+00,0.000000000000000000e+00,-0.000000000000000000e+00,-9.564099067961744083e-02,-8.678651392658059960e-01,0.000000000000000000e+00,-0.000000000000000000e+00,-0.000000000000000000e+00,-0.000000000000000000e+00,-1.933578376459014203e-01,2.823143390086939153e+00,0.000000000000000000e+00,-0.000000000000000000e+00,-0.000000000000000000e+00,0.000000000000000000e+00,0.000000000000000000e+00,-0.000000000000000000e+00,-1.855887027245430865e-01,0.000000000000000000e+00,-0.000000000000000000e+00,0.000000000000000000e+00,3.798184408134649276e-02,-0.000000000000000000e+00,0.000000000000000000e+00,-1.680410355973489256e-01,0.000000000000000000e+00,-0.000000000000000000e+00,0.000000000000000000e+00,-0.000000000000000000e+00,0.000000000000000000e+00,0.000000000000000000e+00,-0.000000000000000000e+00,-7.269477194755892546e-02,-3.944277431091022801e-01
-0.000000000000000000e+00,0.000000000000000000e+00,-0.000000000000000000e+00,0.000000000000000000e+00,-0.000000000000000000e+00,-0.000000000000000000e+00,0.000000000000000000e+00,0.000000000000000000e+00,-0.000000000000000000e+00,0.000000000000000000e+00,-5.877674454658889935e-01,0.000000000000000000e+00,0.000000000000000000e+00,0.000000000000000000e+00,0.000000000000000000e+00,0.000000000000000000e+00,1.329278885576469893e+00,0.000000000000000000e+00,0.000000000000000000e+00,-0.000000000000000000e+00,-0.000000000000000000e+00,2.928042362236680379e-02,0.000000000000000000e+00,-0.000000000000000000e+00,-0.000000000000000000e+00,-4.626301614574949289e-02,-0.000000000000000000e+00,1.593076808358568908e-01,-1.160245590130147726e-03,0.000000000000000000e+00,-0.000000000000000000e+00,-0.000000000000000000e+00,-0.000000000000000000e+00,0.000000000000000000e+00,-0.000000000000000000e+00,-0.000000000000000000e+00,0.000000000000000000e+00,-0.000000000000000000e+00,-0.000000000000000000e+00
-0.000000000000000000e+00,-0.000000000000000000e+00,-0.000000000000000000e+00,-2.605374578603837921e-01,-7.378604999400149023e-01,-0.000000000000000000e+00,1.171630828268934582e-01,0.000000000000000000e+00,-1.516646725705410870e-01,-1.522946266505495472e-01,0.000000000000000000e+00,-1.207813318829531607e-01,-0.000000000000000000e+00,-0.000000000000000000e+00,-2.864744311027951629e-02,-0.000000000000000000e+00,0.000000000000000000e+00,2.856918164795912318e+00,-3.509036273436290654e-01,0.000000000000000000e+00,0.000000000000000000e+00,-0.000000000000000000e+00,-2.083742901865442421e-01,-0.000000000000000000e+00,-0.000000000000000000e+00,-0.000000000000000000e+00,0.000000000000000000e+00,-4.134478594131740098e-02,0.000000000000000000e+00,-0.000000000000000000e+00,-0.000000000000000000e+00,-0.000000000000000000e+00,0.000000000000000000e+00,-7.470211288183532528e-01,0.000000000000000000e+00,-0.000000000000000000e+00,-0.000000000000000000e+00,-0.000000000000000000e+00,-8.783208693915564580e-02
-0.000000000000000000e+00,-2.609074521153987858e-01,-0.000000000000000000e+00,-0.000000000000000000e+00,-0.000000000000000000e+00,0.000000000000000000e+00,3.384049640385967672e-01,0.000000000000000000e+00,-0.000000000000000000e+00,-1.610126050327722602e-01,1.968361427839982192e-01,-7.523211535642532199e-01,-2.835708863843740615e-02,-0.000000000000000000e+00,-2.227593415438080815e-01,-0.000000000000000000e+00,0.000000000000000000e+00,-3.509036273436290654e-01,2.632244310270818843e+00,0.000000000000000000e+00,0.000000000000000000e+00,-0.000000000000000000e+00,-5.648439987866541931e-03,0.000000000000000000e+00,-0.000000000000000000e+00,0.000000000000000000e+00,0.000000000000000000e+00,-0.000000000000000000e+00,6.739120354508512656e-02,-2.722958575674846310e-02,0.000000000000000000e+00,-2.284345688938644314e-01,0.000000000000000000e+00,-0.000000000000000000e+00,1.678152947591792510e-01,2.818860069966227372e-02,-6.211818607149002802e-02,-0.000000000000000000e+00,-1.484661581002749003e-02
-0.000000000000000000e+00,0.000000000000000000e+00,-0.000000000000000000e+00,-0.000000000000000000e+00,0.000000000000000000e+00,-0.000000000000000000e+00,-4.393742707572118600e-01,0.000000000000000000e+00,-0.000000000000000000e+00,0.000000000000000000e+00,-8.389825739702813645e-02,0.000000000000000000e+00,5.430049293499673510e-03,-0.000000000000000000e+00,0.000000000000000000e+00,0.000000000000000000e+00,-0.000000000000000000e+00,0.000000000000000000e+00,0.000000000000000000e+00,1.533972875659488810e+00,-2.637348816535063367e-01,-0.000000000000000000e+00,0.000000000000000000e+00,-1.009868502121814282e-01,-0.000000000000000000e+00,-1.071321381257086119e-01,-5.784805070505335406e-02,0.000000000000000000e+00,-5.707827761497781018e-03,1.182860065515830561e-01,-0.000000000000000000e+00,0.000000000000000000e+00,-5.159100108443115396e-02,0.000000000000000000e+00,-2.240600615997001832e-01,-6.769255138478227907e-02,0.000000000000000000e+00,-0.000000000000000000e+00,0.000000000000000000e+00
-0.000000000000000000e+00,0.000000000000000000e+00,-0.000000000000000000e+00,-0.000000000000000000e+00,0.000000000000000000e+00,-1.612918261883490231e-03,-0.000000000000000000e+00,0.000000000000000000e+00,-0.000000000000000000e+00,0.000000000000000000e+00,-0.000000000000000000e+00,0.000000000000000000e+00,0.000000000000000000e+00,-0.000000000000000000e+00,-0.000000000000000000e+00,0.000000000000000000e+00,-0.000000000000000000e+00,0.000000000000000000e+00,0.000000000000000000e+00,-2.637348816535063367e-01,1.293813640123927966e+00,-0.000000000000000000e+00,0.000000000000000000e+00,-0.000000000000000000e+00,-0.000000000000000000e+00,-0.000000000000000000e+00,-0.000000000000000000e+00,-4.131379296169729320e-02,-0.000000000000000000e+00,1.645875985378109226e-04,-0.000000000000000000e+00,0.000000000000000000e+00,-4.886511238446200056e-01,0.000000000000000000e+00,-0.000000000000000000e+00,-0.000000000000000000e+00,-0.000000000000000000e+00,-0.000000000000000000e+00,0.000000000000000000e+00
0.000000000000000000e+00,-0.000000000000000000e+00,0.000000000000000000e+00,-0.000000000000000000e+00,-0.000000000000000000e+00,0.000000000000000000e+00,0.000000000000000000e+00,-0.000000000000000000e+00,0.000000000000000000e+00,-0.000000000000000000e+00,1.297821004632432884e-01,-2.818743943153321357e-02,-0.000000000000000000e+00,0.000000000000000000e+00,-0.000000000000000000e+00,-0.000000000000000000e+00,2.928042362236680379e-02,-0.000000000000000000e+00,-0.000000000000000000e+00,-0.000000000000000000e+00,-0.000000000000000000e+00,1.053392082772459881e+00,-0.000000000000000000e+00,0.000000000000000000e+00,0.000000000000000000e+00,4.236082347940066384e-02,0.000000000000000000e+00,-2.686889215156503669e-02,0.000000000000000000e+00,-0.000000000000000000e+00,-0.000000000000000000e+00,-6.890750156116424996e-02,-0.000000000000000000e+00,-0.000000000000000000e+00,0.000000000000000000e+00,0.000000000000000000e+00,-5.543695977403034769e-02,0.000000000000000000e+00,-0.000000000000000000e+00
-0.000000000000000000e+00,-2.690017653085590710e-01,-0.000000000000000000e+00,-0.000000000000000000e+00,-2.524361479779669432e-02,-0.000000000000000000e+00,4.303930854302997350e-03,0.000000000000000000e+00,-2.855488631337635419e-01,-2.785708587205188991e-01,0.000000000000000000e+00,-2.675501012209360319e-01,-0.000000000000000000e+00,-0.000000000000000000e+00,-2.735022766637580649e-02,-1.855887027245430865e-01,0.000000000000000000e+00,-2.083742901865442421e-01,-5.648439987866541931e-03,0.000000000000000000e+00,0.000000000000000000e+00,-0.000000000000000000e+00,2.574137659953940727e+00,-0.000000000000000000e+00,-4.145374265552121962e-01,-0.000000000000000000e+00,0.000000000000000000e+00,-0.000000000000000000e+00,0.000000000000000000e+00,-8.562986038810753431e-02,-0.000000000000000000e+00,-9.442181410553643350e-02,-0.000000000000000000e+00,-2.493268177089133508e-01,0.000000000000000000e+00,0.000000000000000000e+00,-1.931503590293873196e-01,-0.000000000000000000e+00,-1.768047661325108100e-01
-0.000000000000000000e+00,0.000000000000000000e+00,-0.000000000000000000e+00,-0.000000000000000000e+00,-0.000000000000000000e+00,-0.000000000000000000e+00,-0.000000000000000000e+00,0.000000000000000000e+00,-0.000000000000000000e+00,0.000000000000000000e+00,-0.000000000000000000e+00,0.000000000000000000e+00,4.576505062765016257e-02,-8.336096235301843071e-02,-0.000000000000000000e+00,0.000000000000000000e+00,-0.000000000000000000e+00,-0.000000000000000000e+00,0.000000000000000000e+00,-1.009868502121814282e-01,-0.000000000000000000e+00,0.000000000000000000e+00,-0.000000000000000000e+00,1.634186950363013091e+00,-1.071753090598399488e-01,-1.900243985925291479e-01,-0.000000000000000000e+00,0.000000000000000000e+00,-2.533208052555315781e-01,0.000000000000000000e+00,-1.401619015070973417e-01,0.000000000000000000e+00,-3.359701983522249691e-01,0.000000000000000000e+00,-3.317847381247409633e-01,-0.000000000000000000e+00,-0.000000000000000000e+00,-0.000000000000000000e+00,0.000000000000000000e+00
-8.210061307982848000e-02,-0.000000000000000000e+00,-1.354050766207076095e-01,-0.000000000000000000e+00,-3.086804203191159668e-01,-2.720363979186465886e-01,0.000000000000000000e+00,1.816285431399638495e-01,-5.984111279221588919e-01,-0.000000000000000000e+00,-0.000000000000000000e+00,-0.000000000000000000e+00,0.000000000000000000e+00,-1.821487669680285507e-03,-0.000000000000000000e+00,-0.000000000000000000e+00,-0.000000000000000000e+00,-0.000000000000000000e+00,-0.000000000000000000e+00,-0.000000000000000000e+00,-0.000000000000000000e+00,0.000000000000000000e+00,-4.145374265552121962e-01,-1.071753090598399488e-01,2.473183485175523444e+00,-3.502108486224254635e-01,-0.000000000000000000e+00,-0.000000000000000000e+00,-0.000000000000000000e+00,-0.000000000000000000e+00,-2.552384817027799624e-01,-0.000000000000000000e+00,-0.000000000000000000e+00,-1.080366214500856764e-01,-0.000000000000000000e+00,-0.000000000000000000e+00,-0.000000000000000000e+00,-9.276846056939890006e-02,-0.000000000000000000e+00
-0.000000000000000000e+00,0.000000000000000000e+00,-5.236703239934156068e-02,-0.000000000000000000e+00,-0.000000000000000000e+00,-0.000000000000000000e+00,-0.000000000000000000e+00,1.310652811160112619e-01,-5.761233763723135233e-03,0.000000000000000000e+00,-1.376757440105486757e-02,0.000000000000000000e+00,9.930747501487328932e-02,-0.000000000000000000e+00,-0.000000000000000000e+00,0.000000000000000000e+00,-4.626301614574949289e-02,-0.000000000000000000e+00,0.000000000000000000e+00,-1.071321381257086119e-01,-0.000000000000000000e+00,4.236082347940066384e-02,-0.000000000000000000e+00,-1.900243985925291479e-01,-3.502108486224254635e-01,2.041850225199240754e+00,-1.713663324337322269e-01,-0.000000000000000000e+00,-7.152577587941576498e-01,0.000000000000000000e+00,-2.069611372882908529e-01,3.209156799782544346e-03,-1.513308467738548324e-01,-0.000000000000000000e+00,-0.000000000000000000e+00,-5.549661836252818559e-02,0.000000000000000000e+00,-0.000000000000000000e+00,0.000000000000000000e+00
0.000000000000000000e+00,0.000000000000000000e+00,-8.583138331108310093e-02,-1.254117450228931785e-01,0.000000000000000000e+00,0.000000000000000000e+00,-0.000000000000000000e+00,1.328246378989782206e-01,-0.000000000000000000e+00,0.000000000000000000e+00,-1.725263379403727815e-01,-0.000000000000000000e+00,2.092591318644096768e-02,-1.158156833312366518e-01,0.000000000000000000e+00,3.798184408134649276e-02,-0.000000000000000000e+00,0.000000000000000000e+00,0.000000000000000000e+00,-5.784805070505335406e-02,-0.000000000000000000e+00,0.000000000000000000e+00,0.000000000000000000e+00,-0.000000000000000000e+00,-0.000000000000000000e+00,-1.713663324337322269e-01,1.679344310508967597e+00,0.000000000000000000e+00,-0.000000000000000000e+00,1.502699884619360937e-01,-1.293392234274543806e-01,-0.000000000000000000e+00,-5.724807974413292921e-01,0.000000000000000000e+00,-0.000000000000000000e+00,-0.000000000000000000e+00,-0.000000000000000000e+00,0.000000000000000000e+00,0.000000000000000000e+00
-0.000000000000000000e+00,-0.000000000000000000e+00,-8.987025378111934693e-02,-0.000000000000000000e+00,-7.813176001520648339e-02,0.000000000000000000e+00,0.000000000000000000e+00,0.000000000000000000e+00,-0.000000000000000000e+00,-4.164656179446377809e-02,7.078160952326481570e-02,-1.331226095096061171e-02,-0.000000000000000000e+00,-6.749201200627582067e-03,-6.811361705868612670e-02,-0.000000000000000000e+00,1.593076808358568908e-01,-4.134478594131740098e-02,-0.000000000000000000e+00,0.000000000000000000e+00,-4.131379296169729320e-02,-2.686889215156503669e-02,-0.000000000000000000e+00,0.000000000000000000e+00,-0.000000000000000000e+00,-0.000000000000000000e+00,0.000000000000000000e+00,1.373454204241608467e+00,0.000000000000000000e+00,-0.000000000000000000e+00,-0.000000000000000000e+00,-0.000000000000000000e+00,-0.000000000000000000e+00,-3.217332039920308695e-01,1.872744355058730270e-01,-0.000000000000000000e+00,-0.000000000000000000e+00,-0.000000000000000000e+00,-0.000000000000000000e+00
-1.947826538047037481e-01,0.000000000000000000e+00,-0.000000000000000000e+00,0.000000000000000000e+00,0.000000000000000000e+00,-3.618431892949595108e-01,-1.076249020911800164e-01,0.000000000000000000e+00,-0.000000000000000000e+00,0.000000000000000000e+00,-0.000000000000000000e+00,3.121434111494459929e-01,1.485820215189237459e-01,0.000000000000000000e+00,-0.000000000000000000e+00,0.000000000000000000e+00,-1.160245590130147726e-03,0.000000000000000000e+00,6.739120354508512656e-02,-5.707827761497781018e-03,-0.000000000000000000e+00,0.000000000000000000e+00,0.000000000000000000e+00,-2.533208052555315781e-01,-0.000000000000000000e+00,-7.152577587941576498e-01,-0.000000000000000000e+00,0.000000000000000000e+00,2.087335888330970501e+00,3.131494462928474665e-02,-0.000000000000000000e+00,0.000000000000000000e+00,-0.000000000000000000e+00,0.000000000000000000e+00,-3.298267096939371812e-01,-0.000000000000000000e+00,0.000000000000000000e+00,-2.322052980157340019e-01,0.000000000000000000e+00
-0.000000000000000000e+00,-0.000000000000000000e+00,0.000000000000000000e+00,-0.000000000000000000e+00,-7.001536999697827168e-02,0.000000000000000000e+00,0.000000000000000000e+00,-0.000000000000000000e+00,-0.000000000000000000e+00,-4.474059858202308337e-01,6.041090874421341239e-02,-4.690130677845313206e-02,-0.000000000000000000e+00,-0.000000000000000000e+00,-0.000000000000000000e+00,-1.680410355973489256e-01,0.000000000000000000e+00,-0.000000000000000000e+00,-2.722958575674846310e-02,1.182860065515830561e-01,1.645875985378109226e-04,-0.000000000000000000e+00,-8.562986038810753431e-02,0.000000000000000000e+00,-0.000000000000000000e+00,0.000000000000000000e+00,1.502699884619360937e-01,-0.000000000000000000e+00,3.131494462928474665e-02,1.760313981066772726e+00,0.000000000000000000e+00,-0.000000000000000000e+00,1.663310835017086861e-02,-8.080686150412817736e-02,4.061470032472878078e-01,-0.000000000000000000e+00,0.000000000000000000e+00,-0.000000000000000000e+00,-0.000000000000000000e+00
-0.000000000000000000e+00,-0.000000000000000000e+00,-1.955820855942383418e-01,-0.000000000000000000e+00,-0.000000000000000000e+00,-5.645801207818547385e-02,-0.000000000000000000e+00,4.029452590570042902e-01,-0.000000000000000000e+00,0.000000000000000000e+00,-0.000000000000000000e+00,-0.000000000000000000e+00,0.000000000000000000e+00,-0.000000000000000000e+00,0.000000000000000000e+00,0.000000000000000000e+00,-0.000000000000000000e+00,-0.000000000000000000e+00,0.000000000000000000e+00,-0.000000000000000000e+00,-0.000000000000000000e+00,-0.000000000000000000e+00,-0.000000000000000000e+00,-1.401619015070973417e-01,-2.552384817027799624e-01,-2.069611372882908529e-01,-1.293392234274543806e-01,-0.000000000000000000e+00,-0.000000000000000000e+00,0.000000000000000000e+00,1.713231364314277805e+00,-0.000000000000000000e+00,-1.226950004796115712e-01,-0.000000000000000000e+00,-0.000000000000000000e+00,-0.000000000000000000e+00,-4.381376755528266359e-02,-0.000000000000000000e+00,-0.000000000000000000e+00
-0.000000000000000000e+00,-3.687157630216056914e-01,-0.000000000000000000e+00,-0.000000000000000000e+00,-0.000000000000000000e+00,-0.000000000000000000e+00,2.089207265597450847e-01,0.000000000000000000e+00,-0.000000000000000000e+00,-0.000000000000000000e+00,0.000000000000000000e+00,-4.956796384176218040e-01,-0.000000000000000000e+00,-0.000000000000000000e+00,-0.000000000000000000e+00,-0.000000000000000000e+00,-0.000000000000000000e+00,-0.000000000000000000e+00,-2.284345688938644314e-01,0.000000000000000000e+00,0.000000000000000000e+00,-6.890750156116424996e-02,-9.442181410553643350e-02,0.000000000000000000e+00,-0.000000000000000000e+00,3.209156799782544346e-03,-0.000000000000000000e+00,-0.000000000000000000e+00,0.000000000000000000e+00,-0.000000000000000000e+00,-0.000000000000000000e+00,2.030010521113050803e+00,0.000000000000000000e+00,-0.000000000000000000e+00,0.000000000000000000e+00,9.515834508378817613e-02,-4.356358581549554798e-01,0.000000000000000000e+00,-0.000000000000000000e+00
0.000000000000000000e+00,0.000000000000000000e+00,-0.000000000000000000e+00,-0.000000000000000000e+00,-0.000000000000000000e+00,-4.915437680725449204e-02,-0.000000000000000000e+00,1.242795955333783342e-01,-0.000000000000000000e+00,0.000000000000000000e+00,-0.000000000000000000e+00,-0.000000000000000000e+00,0.000000000000000000e+00,-2.181568858526808374e-01,0.000000000000000000e+00,0.000000000000000000e+00,-0.000000000000000000e+00,0.000000000000000000e+00,0.000000000000000000e+00,-5.159100108443115396e-02,-4.886511238446200056e-01,-0.000000000000000000e+00,-0.000000000000000000e+00,-3.359701983522249691e-01,-0.000000000000000000e+00,-1.513308467738548324e-01,-5.724807974413292921e-01,-0.000000000000000000e+00,-0.000000000000000000e+00,1.663310835017086861e-02,-1.226950004796115712e-01,0.000000000000000000e+00,2.121887324931377439e+00,0.000000000000000000e+00,-1.831073963138734606e-01,-0.000000000000000000e+00,-3.305719728735998508e-01,0.000000000000000000e+00,0.000000000000000000e+00
-0.000000000000000000e+00,-0.000000000000000000e+00,-1.765743664549288550e-01,-0.000000000000000000e+00,-8.384417165842152908e-01,-0.000000000000000000e+00,6.336656871120986689e-02,2.432728456972475459e-02,-7.445970558700173991e-02,-0.000000000000000000e+00,0.000000000000000000e+00,-1.762848472280946488e-01,-0.000000000000000000e+00,-0.000000000000000000e+00,-1.344463289186936528e-01,-0.000000000000000000e+00,0.000000000000000000e+00,-7.470211288183532528e-01,-0.000000000000000000e+00,0.000000000000000000e+00,0.000000000000000000e+00,-0.000000000000000000e+00,-2.493268177089133508e-01,0.000000000000000000e+00,-1.080366214500856764e-01,-0.000000000000000000e+00,0.000000000000000000e+00,-3.217332039920308695e-01,0.000000000000000000e+00,-8.080686150412817736e-02,-0.000000000000000000e+00,-0.000000000000000000e+00,0.000000000000000000e+00,2.933358977305541071e+00,2.508928612778388301e-01,-0.000000000000000000e+00,-0.000000000000000000e+00,-0.000000000000000000e+00,-2.002618131673369536e-02
-0.000000000000000000e+00,0.000000000000000000e+00,0.000000000000000000e+00,0.000000000000000000e+00,0.000000000000000000e+00,-7.088840997725094628e-02,-3.458317400711016787e-02,0.000000000000000000e+00,0.000000000000000000e+00,1.662025321990946158e-01,-5.447233832357782635e-02,8.084356656715910305e-02,0.000000000000000000e+00,0.000000000000000000e+00,0.000000000000000000e+00,0.000000000000000000e+00,-0.000000000000000000e+00,0.000000000000000000e+00,1.678152947591792510e-01,-2.240600615997001832e-01,-0.000000000000000000e+00,0.000000000000000000e+00,0.000000000000000000e+00,-3.317847381247409633e-01,-0.000000000000000000e+00,-0.000000000000000000e+00,-0.000000000000000000e+00,1.872744355058730270e-01,-3.298267096939371812e-01,4.061470032472878078e-01,-0.000000000000000000e+00,0.000000000000000000e+00,-1.831073963138734606e-01,2.508928612778388301e-01,2.014021627332081010e+00,-0.000000000000000000e+00,-0.000000000000000000e+00,-0.000000000000000000e+00,0.000000000000000000e+00
0.000000000000000000e+00,0.000000000000000000e+00,-3.528057368973775976e-01,-0.000000000000000000e+00,-0.000000000000000000e+00,0.000000000000000000e+00,-0.000000000000000000e+00,0.000000000000000000e+00,-0.000000000000000000e+00,0.000000000000000000e+00,-1.445107264774080358e-01,0.000000000000000000e+00,1.631131415104490334e-01,-2.928187907070706197e-01,0.000000000000000000e+00,0.000000000000000000e+00,-0.000000000000000000e+00,-0.000000000000000000e+00,2.818860069966227372e-02,-6.769255138478227907e-02,-0.000000000000000000e+00,0.000000000000000000e+00,0.000000000000000000e+00,-0.000000000000000000e+00,-0.000000000000000000e+00,-5.549661836252818559e-02,-0.000000000000000000e+00,-0.000000000000000000e+00,-0.000000000000000000e+00,-0.000000000000000000e+00,-0.000000000000000000e+00,9.515834508378817613e-02,-0.000000000000000000e+00,-0.000000000000000000e+00,-0.000000000000000000e+00,1.346885290796183465e+00,0.000000000000000000e+00,0.000000000000000000e+00,0.000000000000000000e+00
-0.000000000000000000e+00,-0.000000000000000000e+00,-0.000000000000000000e+00,-1.532270305658962883e-02,-0.000000000000000000e+00,-0.000000000000000000e+00,0.000000000000000000e+00,9.973545163233597799e-02,-0.000000000000000000e+00,-0.000000000000000000e+00,0.000000000000000000e+00,-2.958899718622973740e-01,-0.000000000000000000e+00,-0.000000000000000000e+00,-0.000000000000000000e+00,-0.000000000000000000e+00,0.000000000000000000e+00,-0.000000000000000000e+00,-6.211818607149002802e-02,0.000000000000000000e+00,-0.000000000000000000e+00,-5.543695977403034769e-02,-1.931503590293873196e-01,-0.000000000000000000e+00,-0.000000000000000000e+00,0.000000000000000000e+00,-0.000000000000000000e+00,-0.000000000000000000e+00,0.000000000000000000e+00,0.000000000000000000e+00,-4.381376755528266359e-02,-4.356358581549554798e-01,-3.305719728735998508e-01,-0.000000000000000000e+00,-0.000000000000000000e+00,0.000000000000000000e+00,1.611829009550620695e+00,0.000000000000000000e+00,-0.000000000000000000e+00
-9.446837706768451692e-01,-0.000000000000000000e+00,0.000000000000000000e+00,0.000000000000000000e+00,-0.000000000000000000e+00,-0.000000000000000000e+00,0.000000000000000000e+00,-0.000000000000000000e+00,-0.000000000000000000e+00,-0.000000000000000000e+00,0.000000000000000000e+00,0.000000000000000000e+00,0.000000000000000000e+00,0.000000000000000000e+00,-3.718920997502241366e-01,-7.269477194755892546e-02,-0.000000000000000000e+00,-0.000000000000000000e+00,-0.000000000000000000e+00,-0.000000000000000000e+00,-0.000000000000000000e+00,0.000000000000000000e+00,-0.000000000000000000e+00,-0.000000000000000000e+00,-9.276846056939890006e-02,-0.000000000000000000e+00,0.000000000000000000e+00,-0.000000000000000000e+00,-2.322052980157340019e-01,-0.000000000000000000e+00,-0.000000000000000000e+00,0.000000000000000000e+00,0.000000000000000000e+00,-0.000000000000000000e+00,-0.000000000000000000e+00,0.000000000000000000e+00,0.000000000000000000e+00,2.130073186592096768e+00,-4.058612758904567852e-01
-0.000000000000000000e+00,-5.634303443236072795e-01,0.000000000000000000e+00,-0.000000000000000000e+00,-0.000000000000000000e+00,-0.000000000000000000e+00,2.840687465334619799e-01,-0.000000000000000000e+00,-1.231812248389927700e-01,-2.958698375595701369e-01,0.000000000000000000e+00,-0.000000000000000000e+00,-0.000000000000000000e+00,-0.000000000000000000e+00,-1.611294205762274778e-01,-3.944277431091022801e-01,-0.000000000000000000e+00,-8.783208693915564580e-02,-1.484661581002749003e-02,0.000000000000000000e+00,0.000000000000000000e+00,-0.000000000000000000e+00,-1.768047661325108100e-01,0.000000000000000000e+00,-0.000000000000000000e+00,0.000000000000000000e+00,0.000000000000000000e+00,-0.000000000000000000e+00,0.000000000000000000e+00,-0.000000000000000000e+00,-0.000000000000000000e+00,-0.000000000000000000e+00,0.000000000000000000e+00,-2.002618131673369536e-02,0.000000000000000000e+00,0.000000000000000000e+00,-0.000000000000000000e+00,-4.058612758904567852e-01,2.484332338360605075e+00
