2.680005507049387337e+00,-1.033730101056422157e+00,-0.000000000000000000e+00,0.000000000000000000e+00,-0.000000000000000000e+00,-0.000000000000000000e+00,-1.297598064911872628e-01,7.084965828146351507e-02,0.000000000000000000e+00,-0.000000000000000000e+00,-4.201301926484853067e-02,-0.000000000000000000e+00,-0.000000000000000000e+00,-2.081433673392230066e-02,0.000000000000000000e+00,0.000000000000000000e+00,-0.000000000000000000e+00,0.000000000000000000e+00,0.000000000000000000e+00,-0.000000000000000000e+00,-0.000000000000000000e+00,-0.000000000000000000e+00,-0.000000000000000000e+00,-0.000000000000000000e+00,-0.000000000000000000e+00,-5.502183116438154054e-01,-1.619827918591010274e-01,-3.500454533795312271e-03,-3.222737804014300655e-01,0.000000000000000000e+00,-1.114109919348975353e-01,-0.000000000000000000e+00,-0.000000000000000000e+00,-0.000000000000000000e+00,-0.000000000000000000e+00,-1.064601972946341985e-01,-9.369232546740051404e-02,0.000000000000000000e+00,-1.838083801019620434e-01
-1.033730101056422157e+00,2.526457621770690221e+00,-0.000000000000000000e+00,0.000000000000000000e+00,-0.000000000000000000e+00,-0.000000000000000000e+00,-2.920312023871082102e-02,0.000000000000000000e+00,0.000000000000000000e+00,0.000000000000000000e+00,-6.553683610481031430e-01,-0.000000000000000000e+00,-0.000000000000000000e+00,-0.000000000000000000e+00,0.000000000000000000e+00,1.714699531164172175e-01,-0.000000000000000000e+00,0.000000000000000000e+00,0.000000000000000000e+00,-0.000000000000000000e+00,-0.000000000000000000e+00,-1.753945423192011799e-01,-0.000000000000000000e+00,-0.000000000000000000e+00,-0.000000000000000000e+00,-0.000000000000000000e+00,-0.000000000000000000e+00,-2.757788660062632929e-02,-1.651030647166348564e-01,0.000000000000000000e+00,-8.841835261387052947e-02,-0.000000000000000000e+00,-0.000000000000000000e+00,-0.000000000000000000e+00,-0.000000000000000000e+00,-0.000000000000000000e+00,-2.930478494578491744e-01,0.000000000000000000e+00,-1.916718521533415376e-01
-0.000000000000000000e+00,-0.000000000000000000e+00,3.101596827339748952e+00,0.000000000000000000e+00,-4.338968154471933847e-01,-0.000000000000000000e+00,-0.000000000000000000e+00,5.231497802949858222e-01,-0.000000000000000000e+00,-0.000000000000000000e+00,-0.000000000000000000e+00,0.000000000000000000e+00,0.000000000000000000e+00,-2.663671367782717743e-03,0.000000000000000000e+00,-0.000000000000000000e+00,-0.000000000000000000e+00,-0.000000000000000000e+00,-2.131273727427607512e-01,0.000000000000000000e+00,-3.669700583053048248e-01,-7.412299687380506652e-02,-0.000000000000000000e+00,-6.440413905238348558e-02,-0.000000000000000000e+00,-0.000000000000000000e+00,-0.000000000000000000e+00,-2.118465093504323105e-01,-0.000000000000000000e+00,-0.000000000000000000e+00,-0.000000000000000000e+00,0.000000000000000000e+00,-8.395837903675631431e-01,-3.735416292413629713e-01,-0.000000000000000000e+00,-3.580134345805370821e-01,-0.000000000000000000e+00,-0.000000000000000000e+00,-0.000000000000000000e+00
0.000000000000000000e+00,0.000000000000000000e+00,0.000000000000000000e+00,1.463996927797636349e+00,0.000000000000000000e+00,0.000000000000000000e+00,-2.690199612356192760e-01,-2.810831123252908181e-01,0.000000000000000000e+00,0.000000000000000000e+00,0.000000000000000000e+00,-2.936198355517430011e-02,-0.000000000000000000e+00,0.000000000000000000e+00,-2.274898570041863077e-01,0.000000000000000000e+00,0.000000000000000000e+00,-2.219480883866913890e-01,-0.000000000000000000e+00,-2.886985281028198735e-01,-8.070334658209306344e-02,-1.026597760031741496e-01,0.000000000000000000e+00,-0.000000000000000000e+00,0.000000000000000000e+00,0.000000000000000000e+00,0.000000000000000000e+00,-0.000000000000000000e+00,-0.000000000000000000e+00,0.000000000000000000e+00,0.000000000000000000e+00,-0.000000000000000000e+00,0.000000000000000000e+00,-0.000000000000000000e+00,0.000000000000000000e+00,0.000000000000000000e+00,9.686966684914297132e-02,0.000000000000000000e+00,0.000000000000000000e+00
-0.000000000000000000e+00,-0.000000000000000000e+00,-4.338968154471933847e-01,0.000000000000000000e+00,3.011093396444094239e+00,-0.000000000000000000e+00,-0.000000000000000000e+00,5.720980694948514245e-01,-8.379207256292248163e-02,-0.000000000000000000e+00,-0.000000000000000000e+00,0.000000000000000000e+00,0.000000000000000000e+00,-4.025403289736877444e-01,0.000000000000000000e+00,-0.000000000000000000e+00,-0.000000000000000000e+00,-0.000000000000000000e+00,-2.923609478481474788e-01,0.000000000000000000e+00,-0.000000000000000000e+00,-0.000000000000000000e+00,-0.000000000000000000e+00,-1.857490609346310745e-02,-0.000000000000000000e+00,-1.680332559567689343e-01,-0.000000000000000000e+00,-3.947240519773945883e-02,-0.000000000000000000e+00,-0.000000000000000000e+00,-4.838804946006441954e-01,0.000000000000000000e+00,-1.153094317661712137e-01,-3.596010176569785499e-01,-0.000000000000000000e+00,-2.522299411169884875e-01,-1.596537163714841223e-01,-0.000000000000000000e+00,-0.000000000000000000e+00
-0.000000000000000000e+00,-0.000000000000000000e+00,-0.000000000000000000e+00,0.000000000000000000e+00,-0.000000000000000000e+00,3.142206024730975322e+00,-0.000000000000000000e+00,0.000000000000000000e+00,0.000000000000000000e+00,0.000000000000000000e+00,-1.449247708107303245e-01,2.273910592550446308e-01,0.000000000000000000e+00,-0.000000000000000000e+00,1.084624021905085112e-01,0.000000000000000000e+00,-6.880179228580467488e-01,0.000000000000000000e+00,-0.000000000000000000e+00,0.000000000000000000e+00,-0.000000000000000000e+00,-0.000000000000000000e+00,-6.118258161118369509e-01,-0.000000000000000000e+00,-8.301429420398369619e-01,-0.000000000000000000e+00,0.000000000000000000e+00,-0.000000000000000000e+00,0.000000000000000000e+00,0.000000000000000000e+00,-0.000000000000000000e+00,0.000000000000000000e+00,-5.495836450866804779e-02,0.000000000000000000e+00,-3.572957677080711991e-01,-9.671770301819293536e-02,-1.721666160625637265e-01,0.000000000000000000e+00,0.000000000000000000e+00
-1.297598064911872628e-01,-2.920312023871082102e-02,-0.000000000000000000e+00,-2.690199612356192760e-01,-0.000000000000000000e+00,-0.000000000000000000e+00,2.014534548937418901e+00,0.000000000000000000e+00,0.000000000000000000e+00,-0.000000000000000000e+00,-0.000000000000000000e+00,-0.000000000000000000e+00,-0.000000000000000000e+00,-0.000000000000000000e+00,-0.000000000000000000e+00,0.000000000000000000e+00,0.000000000000000000e+00,-1.790142566033084970e-01,-0.000000000000000000e+00,-2.238377074623560670e-01,-0.000000000000000000e+00,-5.629104048885046341e-01,-0.000000000000000000e+00,-7.714730791771515217e-02,-0.000000000000000000e+00,-0.000000000000000000e+00,-0.000000000000000000e+00,-3.790912975519553640e-01,-1.513276746584893695e-01,-0.000000000000000000e+00,-0.000000000000000000e+00,-0.000000000000000000e+00,-0.000000000000000000e+00,-8.353282779128799740e-02,-0.000000000000000000e+00,-0.000000000000000000e+00,-0.000000000000000000e+00,-0.000000000000000000e+00,-0.000000000000000000e+00
7.084965828146351507e-02,0.000000000000000000e+00,5.231497802949858222e-01,-2.810831123252908181e-01,5.720980694948514245e-01,0.000000000000000000e+00,0.000000000000000000e+00,2.099937105710874441e+00,7.430079547403208029e-02,3.218484636515718533e-02,0.000000000000000000e+00,-0.000000000000000000e+00,-0.000000000000000000e+00,0.000000000000000000e+00,-0.000000000000000000e+00,0.000000000000000000e+00,0.000000000000000000e+00,-0.000000000000000000e+00,0.000000000000000000e+00,-0.000000000000000000e+00,0.000000000000000000e+00,0.000000000000000000e+00,0.000000000000000000e+00,0.000000000000000000e+00,0.000000000000000000e+00,2.270390729836786747e-01,0.000000000000000000e+00,0.000000000000000000e+00,0.000000000000000000e+00,0.000000000000000000e+00,1.670827630381713919e-02,-0.000000000000000000e+00,0.000000000000000000e+00,2.293312542383194041e-01,0.000000000000000000e+00,1.739434007608144789e-02,1.830564754840898201e-01,0.000000000000000000e+00,0.000000000000000000e+00
0.000000000000000000e+00,0.000000000000000000e+00,-0.000000000000000000e+00,0.000000000000000000e+00,-8.379207256292248163e-02,0.000000000000000000e+00,0.000000000000000000e+00,7.430079547403208029e-02,2.178025446857882130e+00,-1.451653424957413119e-01,7.968457144267933334e-02,0.000000000000000000e+00,0.000000000000000000e+00,-0.000000000000000000e+00,-0.000000000000000000e+00,-6.096802030880416057e-01,0.000000000000000000e+00,-0.000000000000000000e+00,-8.237158084135329239e-02,8.864534867398408957e-02,0.000000000000000000e+00,0.000000000000000000e+00,0.000000000000000000e+00,-0.000000000000000000e+00,0.000000000000000000e+00,-0.000000000000000000e+00,-0.000000000000000000e+00,0.000000000000000000e+00,0.000000000000000000e+00,-6.545345660876935590e-01,-0.000000000000000000e+00,0.000000000000000000e+00,-0.000000000000000000e+00,-2.102182072444718774e-01,-0.000000000000000000e+00,-0.000000000000000000e+00,-0.000000000000000000e+00,-2.435226564357964862e-01,-0.000000000000000000e+00
-0.000000000000000000e+00,0.000000000000000000e+00,-0.000000000000000000e+00,0.000000000000000000e+00,-0.000000000000000000e+00,0.000000000000000000e+00,-0.000000000000000000e+00,3.218484636515718533e-02,-1.451653424957413119e-01,2.362135031256196172e+00,0.000000000000000000e+00,-0.000000000000000000e+00,-0.000000000000000000e+00,-0.000000000000000000e+00,-0.000000000000000000e+00,-3.707284498274153739e-01,4.027141220467237576e-02,-0.000000000000000000e+00,-2.444723130245422815e-01,0.000000000000000000e+00,0.000000000000000000e+00,0.000000000000000000e+00,0.000000000000000000e+00,-1.068681594914674682e-01,0.000000000000000000e+00,-0.000000000000000000e+00,-0.000000000000000000e+00,-0.000000000000000000e+00,-0.000000000000000000e+00,-8.278181949406975271e-01,-0.000000000000000000e+00,-0.000000000000000000e+00,-0.000000000000000000e+00,-0.000000000000000000e+00,0.000000000000000000e+00,-0.000000000000000000e+00,0.000000000000000000e+00,-4.390895177030096352e-01,-3.236737162271223212e-01
-4.201301926484853067e-02,-6.553683610481031430e-01,-0.000000000000000000e+00,0.000000000000000000e+00,-0.000000000000000000e+00,-1.449247708107303245e-01,-0.000000000000000000e+00,0.000000000000000000e+00,7.968457144267933334e-02,0.000000000000000000e+00,2.141980198952707859e+00,-0.000000000000000000e+00,-1.039650997311840908e-01,-0.000000000000000000e+00,0.000000000000000000e+00,2.313451929381588404e-02,-5.964295097971629156e-01,0.000000000000000000e+00,0.000000000000000000e+00,-7.801387665501420543e-02,0.000000000000000000e+00,-0.000000000000000000e+00,-2.290904831064240477e-01,-0.000000000000000000e+00,-0.000000000000000000e+00,-0.000000000000000000e+00,-0.000000000000000000e+00,-3.685752691619204047e-02,-0.000000000000000000e+00,3.490175375694103410e-01,-1.494727434863057092e-01,-0.000000000000000000e+00,-0.000000000000000000e+00,0.000000000000000000e+00,-0.000000000000000000e+00,-0.000000000000000000e+00,-0.000000000000000000e+00,0.000000000000000000e+00,-0.000000000000000000e+00
-0.000000000000000000e+00,-0.000000000000000000e+00,0.000000000000000000e+00,-2.936198355517430011e-02,0.000000000000000000e+00,2.273910592550446308e-01,-0.000000000000000000e+00,-0.000000000000000000e+00,0.000000000000000000e+00,-0.000000000000000000e+00,-0.000000000000000000e+00,2.530151201352673240e+00,-4.788958402716304574e-01,0.000000000000000000e+00,-8.022096708572719059e-01,0.000000000000000000e+00,1.160291269789021085e-01,-0.000000000000000000e+00,0.000000000000000000e+00,-1.662995090329492665e-01,0.000000000000000000e+00,-0.000000000000000000e+00,0.000000000000000000e+00,-0.000000000000000000e+00,1.673128696945843860e-02,-0.000000000000000000e+00,-0.000000000000000000e+00,-0.000000000000000000e+00,-8.222882570914950839e-02,0.000000000000000000e+00,0.000000000000000000e+00,-6.086582809338934030e-01,6.736824750445258303e-02,-0.000000000000000000e+00,1.250760316895249968e-01,6.897604485416056197e-02,0.000000000000000000e+00,-0.000000000000000000e+00,-2.018650920322685727e-01
-0.000000000000000000e+00,-0.000000000000000000e+00,0.000000000000000000e+00,-0.000000000000000000e+00,0.000000000000000000e+00,0.000000000000000000e+00,-0.000000000000000000e+00,-0.000000000000000000e+00,0.000000000000000000e+00,-0.000000000000000000e+00,-1.039650997311840908e-01,-4.788958402716304574e-01,2.239130904543800149e+00,-0.000000000000000000e+00,-0.000000000000000000e+00,5.701438704927742213e-02,0.000000000000000000e+00,-0.000000000000000000e+00,0.000000000000000000e+00,-5.904930853658567624e-01,-0.000000000000000000e+00,-1.721749293243608758e-01,0.000000000000000000e+00,-0.000000000000000000e+00,0.000000000000000000e+00,-0.000000000000000000e+00,-4.466180792695784718e-01,-0.000000000000000000e+00,-2.895118994587178585e-01,0.000000000000000000e+00,-0.000000000000000000e+00,-2.305930635365245618e-01,0.000000000000000000e+00,-0.000000000000000000e+00,0.000000000000000000e+00,0.000000000000000000e+00,0.000000000000000000e+00,-0.000000000000000000e+00,-0.000000000000000000e+00
-2.081433673392230066e-02,-0.000000000000000000e+00,-2.663671367782717743e-03,0.000000000000000000e+00,-4.025403289736877444e-01,-0.000000000000000000e+00,-0.000000000000000000e+00,0.000000000000000000e+00,-0.000000000000000000e+00,-0.000000000000000000e+00,-0.000000000000000000e+00,0.000000000000000000e+00,-0.000000000000000000e+00,2.109026251145174058e+00,0.000000000000000000e+00,-0.000000000000000000e+00,-0.000000000000000000e+00,-0.000000000000000000e+00,-9.235618013151158240e-03,-0.000000000000000000e+00,-0.000000000000000000e+00,-7.222110777010795667e-04,-0.000000000000000000e+00,-2.127105198700307842e-01,-0.000000000000000000e+00,-2.931492938972211568e-02,-0.000000000000000000e+00,-1.139808255083791938e-01,-0.000000000000000000e+00,-0.000000000000000000e+00,-5.687497416370228542e-01,0.000000000000000000e+00,-3.566477008633657797e-01,-0.000000000000000000e+00,-6.322827863960181483e-02,-1.564330587436949527e-01,-1.365193394395637638e-02,-4.914948773062793180e-03,-1.651688382090137769e-02
0.000000000000000000e+00,0.000000000000000000e+00,0.000000000000000000e+00,-2.274898570041863077e-01,0.000000000000000000e+00,1.084624021905085112e-01,-0.000000000000000000e+00,-0.000000000000000000e+00,-0.000000000000000000e+00,-0.000000000000000000e+00,0.000000000000000000e+00,-8.022096708572719059e-01,-0.000000000000000000e+00,0.000000000000000000e+00,2.407046531200203177e+00,-0.000000000000000000e+00,3.971406670167997310e-01,-3.492283805170730560e-01,-0.000000000000000000e+00,-1.617521491164300163e-01,0.000000000000000000e+00,-0.000000000000000000e+00,0.000000000000000000e+00,-0.000000000000000000e+00,1.203263924313760086e-01,-0.000000000000000000e+00,-0.000000000000000000e+00,-0.000000000000000000e+00,-0.000000000000000000e+00,-0.000000000000000000e+00,0.000000000000000000e+00,-1.098673750719816045e-01,0.000000000000000000e+00,-0.000000000000000000e+00,0.000000000000000000e+00,0.000000000000000000e+00,1.969841645123553420e-01,-3.888737808065050316e-01,-0.000000000000000000e+00
0.000000000000000000e+00,1.714699531164172175e-01,-0.000000000000000000e+00,0.000000000000000000e+00,-0.000000000000000000e+00,0.000000000000000000e+00,0.000000000000000000e+00,0.000000000000000000e+00,-6.096802030880416057e-01,-3.707284498274153739e-01,2.313451929381588404e-02,0.000000000000000000e+00,5.701438704927742213e-02,-0.000000000000000000e+00,-0.000000000000000000e+00,2.207123351300360525e+00,0.000000000000000000e+00,-2.864686387669136414e-01,-4.317581212382950659e-03,0.000000000000000000e+00,0.000000000000000000e+00,5.107011864348536684e-02,0.000000000000000000e+00,-0.000000000000000000e+00,0.000000000000000000e+00,-0.000000000000000000e+00,0.000000000000000000e+00,0.000000000000000000e+00,0.000000000000000000e+00,-6.257186283167700536e-01,-0.000000000000000000e+00,0.000000000000000000e+00,0.000000000000000000e+00,-0.000000000000000000e+00,0.000000000000000000e+00,-0.000000000000000000e+00,0.000000000000000000e+00,-1.378287051366965110e-01,0.000000000000000000e+00
-0.000000000000000000e+00,-0.000000000000000000e+00,-0.000000000000000000e+00,0.000000000000000000e+00,-0.000000000000000000e+00,-6.880179228580467488e-01,0.000000000000000000e+00,0.000000000000000000e+00,0.000000000000000000e+00,4.027141220467237576e-02,-5.964295097971629156e-01,1.160291269789021085e-01,0.000000000000000000e+00,-0.000000000000000000e+00,3.971406670167997310e-01,0.000000000000000000e+00,2.762918836659878252e+00,0.000000000000000000e+00,0.000000000000000000e+00,0.000000000000000000e+00,-0.000000000000000000e+00,-0.000000000000000000e+00,-2.670719352942195202e-01,-0.000000000000000000e+00,-4.608134115408972775e-01,0.000000000000000000e+00,0.000000000000000000e+00,-0.000000000000000000e+00,0.000000000000000000e+00,1.986409071724436759e-01,-0.000000000000000000e+00,0.000000000000000000e+00,-0.000000000000000000e+00,6.474962927098262822e-02,-6.450357360073295798e-02,-0.000000000000000000e+00,-5.372959151498963443e-02,1.886645147452677140e-01,0.000000000000000000e+00
0.000000000000000000e+00,0.000000000000000000e+00,-0.000000000000000000e+00,-2.219480883866913890e-01,-0.000000000000000000e+00,0.000000000000000000e+00,-1.790142566033084970e-01,-0.000000000000000000e+00,-0.000000000000000000e+00,-0.000000000000000000e+00,0.000000000000000000e+00,-0.000000000000000000e+00,-0.000000000000000000e+00,-0.000000000000000000e+00,-3.492283805170730560e-01,-2.864686387669136414e-01,0.000000000000000000e+00,1.835082056906208292e+00,-5.791099729827775544e-01,-0.000000000000000000e+00,-0.000000000000000000e+00,-0.000000000000000000e+00,-0.000000000000000000e+00,-1.023452810867273854e-01,0.000000000000000000e+00,-0.000000000000000000e+00,-0.000000000000000000e+00,-2.370702720145841658e-01,-0.000000000000000000e+00,-0.000000000000000000e+00,-0.000000000000000000e+00,-0.000000000000000000e+00,-0.000000000000000000e+00,-0.000000000000000000e+00,0.000000000000000000e+00,-0.000000000000000000e+00,0.000000000000000000e+00,-0.000000000000000000e+00,0.000000000000000000e+00
0.000000000000000000e+00,0.000000000000000000e+00,-2.131273727427607512e-01,-0.000000000000000000e+00,-2.923609478481474788e-01,-0.000000000000000000e+00,-0.000000000000000000e+00,0.000000000000000000e+00,-8.237158084135329239e-02,-2.444723130245422815e-01,0.000000000000000000e+00,0.000000000000000000e+00,0.000000000000000000e+00,-9.235618013151158240e-03,-0.000000000000000000e+00,-4.317581212382950659e-03,0.000000000000000000e+00,-5.791099729827775544e-01,1.933688769289440668e+00,0.000000000000000000e+00,-0.000000000000000000e+00,-0.000000000000000000e+00,-0.000000000000000000e+00,-1.661283741358010879e-01,-0.000000000000000000e+00,-0.000000000000000000e+00,0.000000000000000000e+00,-3.995086488337514646e-02,0.000000000000000000e+00,-2.150890272491499389e-01,-0.000000000000000000e+00,0.000000000000000000e+00,-0.000000000000000000e+00,-4.415891405551937432e-02,-0.000000000000000000e+00,-0.000000000000000000e+00,-0.000000000000000000e+00,-1.322108843453712324e-01,-0.000000000000000000e+00
-0.000000000000000000e+00,-0.000000000000000000e+00,0.000000000000000000e+00,-2.886985281028198735e-01,0.000000000000000000e+00,0.000000000000000000e+00,-2.238377074623560670e-01,-0.000000000000000000e+00,8.864534867398408957e-02,0.000000000000000000e+00,-7.801387665501420543e-02,-1.662995090329492665e-01,-5.904930853658567624e-01,-0.000000000000000000e+00,-1.617521491164300163e-01,0.000000000000000000e+00,0.000000000000000000e+00,-0.000000000000000000e+00,0.000000000000000000e+00,1.966134420906236580e+00,-0.000000000000000000e+00,-1.289088373286846889e-01,0.000000000000000000e+00,-0.000000000000000000e+00,0.000000000000000000e+00,-0.000000000000000000e+00,-0.000000000000000000e+00,-0.000000000000000000e+00,-1.636745686395326693e-01,0.000000000000000000e+00,-0.000000000000000000e+00,-2.246184061676522181e-01,0.000000000000000000e+00,-0.000000000000000000e+00,0.000000000000000000e+00,0.000000000000000000e+00,0.000000000000000000e+00,-0.000000000000000000e+00,-0.000000000000000000e+00
-0.000000000000000000e+00,-0.000000000000000000e+00,-3.669700583053048248e-01,-8.070334658209306344e-02,-0.000000000000000000e+00,-0.000000000000000000e+00,-0.000000000000000000e+00,0.000000000000000000e+00,0.000000000000000000e+00,0.000000000000000000e+00,0.000000000000000000e+00,0.000000000000000000e+00,-0.000000000000000000e+00,-0.000000000000000000e+00,0.000000000000000000e+00,0.000000000000000000e+00,-0.000000000000000000e+00,-0.000000000000000000e+00,-0.000000000000000000e+00,-0.000000000000000000e+00,2.205475579732846469e+00,-1.038616781128902433e+00,-0.000000000000000000e+00,-0.000000000000000000e+00,-0.000000000000000000e+00,-0.000000000000000000e+00,-0.000000000000000000e+00,-3.066616965726209898e-01,-0.000000000000000000e+00,-0.000000000000000000e+00,-0.000000000000000000e+00,0.000000000000000000e+00,-1.940233893906643803e-01,-9.174464099012012361e-03,-0.000000000000000000e+00,-0.000000000000000000e+00,-0.000000000000000000e+00,0.000000000000000000e+00,0.000000000000000000e+00
-0.000000000000000000e+00,-1.753945423192011799e-01,-7.412299687380506652e-02,-1.026597760031741496e-01,-0.000000000000000000e+00,-0.000000000000000000e+00,-5.629104048885046341e-01,0.000000000000000000e+00,0.000000000000000000e+00,0.000000000000000000e+00,-0.000000000000000000e+00,-0.000000000000000000e+00,-1.721749293243608758e-01,-7.222110777010795667e-04,-0.000000000000000000e+00,5.107011864348536684e-02,-0.000000000000000000e+00,-0.000000000000000000e+00,-0.000000000000000000e+00,-1.289088373286846889e-01,-1.038616781128902433e+00,2.571746202980703444e+00,-0.000000000000000000e+00,-7.127806563489574865e-02,-0.000000000000000000e+00,-0.000000000000000000e+00,-0.000000000000000000e+00,-3.207633277499621904e-01,-0.000000000000000000e+00,0.000000000000000000e+00,-0.000000000000000000e+00,-0.000000000000000000e+00,-9.351165707060919707e-02,-0.000000000000000000e+00,-0.000000000000000000e+00,-0.000000000000000000e+00,-0.000000000000000000e+00,0.000000000000000000e+00,-0.000000000000000000e+00
-0.000000000000000000e+00,-0.000000000000000000e+00,-0.000000000000000000e+00,0.000000000000000000e+00,-0.000000000000000000e+00,-6.118258161118369509e-01,-0.000000000000000000e+00,0.000000000000000000e+00,0.000000000000000000e+00,0.000000000000000000e+00,-2.290904831064240477e-01,0.000000000000000000e+00,0.000000000000000000e+00,-0.000000000000000000e+00,0.000000000000000000e+00,0.000000000000000000e+00,-2.670719352942195202e-01,-0.000000000000000000e+00,-0.000000000000000000e+00,0.000000000000000000e+00,-0.000000000000000000e+00,-0.000000000000000000e+00,2.971611406316560622e+00,-3.586506806430695415e-01,-9.867597205732981935e-01,-0.000000000000000000e+00,0.000000000000000000e+00,-4.234399892427354734e-02,0.000000000000000000e+00,0.000000000000000000e+00,-0.000000000000000000e+00,0.000000000000000000e+00,-2.701431684309962278e-01,0.000000000000000000e+00,-2.123262514194664274e-01,-1.480367271136125984e-01,-0.000000000000000000e+00,0.000000000000000000e+00,0.000000000000000000e+00
-0.000000000000000000e+00,-0.000000000000000000e+00,-6.440413905238348558e-02,-0.000000000000000000e+00,-1.857490609346310745e-02,-0.000000000000000000e+00,-7.714730791771515217e-02,0.000000000000000000e+00,-0.000000000000000000e+00,-1.068681594914674682e-01,-0.000000000000000000e+00,-0.000000000000000000e+00,-0.000000000000000000e+00,-2.127105198700307842e-01,-0.000000000000000000e+00,-0.000000000000000000e+00,-0.000000000000000000e+00,-1.023452810867273854e-01,-1.661283741358010879e-01,-0.000000000000000000e+00,-0.000000000000000000e+00,-7.127806563489574865e-02,-3.586506806430695415e-01,1.510615370778916278e+00,-0.000000000000000000e+00,-0.000000000000000000e+00,-0.000000000000000000e+00,-0.000000000000000000e+00,-0.000000000000000000e+00,-0.000000000000000000e+00,-0.000000000000000000e+00,-0.000000000000000000e+00,-0.000000000000000000e+00,-0.000000000000000000e+00,-2.009357265737265752e-01,-0.000000000000000000e+00,-0.000000000000000000e+00,-0.000000000000000000e+00,-0.000000000000000000e+00
-0.000000000000000000e+00,-0.000000000000000000e+00,-0.000000000000000000e+00,0.000000000000000000e+00,-0.000000000000000000e+00,-8.301429420398369619e-01,-0.000000000000000000e+00,0.000000000000000000e+00,0.000000000000000000e+00,0.000000000000000000e+00,-0.000000000000000000e+00,1.673128696945843860e-02,0.000000000000000000e+00,-0.000000000000000000e+00,1.203263924313760086e-01,0.000000000000000000e+00,-4.608134115408972775e-01,0.000000000000000000e+00,-0.000000000000000000e+00,0.000000000000000000e+00,-0.000000000000000000e+00,-0.000000000000000000e+00,-9.867597205732981935e-01,-0.000000000000000000e+00,3.076615638933398067e+00,0.000000000000000000e+00,0.000000000000000000e+00,-0.000000000000000000e+00,0.000000000000000000e+00,0.000000000000000000e+00,-0.000000000000000000e+00,1.218131546192133124e-01,-4.513549783024135842e-02,0.000000000000000000e+00,-2.823952666551769464e-01,-2.402214221461811128e-01,-0.000000000000000000e+00,6.980667356074725383e-02,0.000000000000000000e+00
-5.502183116438154054e-01,-0.000000000000000000e+00,-0.000000000000000000e+00,0.000000000000000000e+00,-1.680332559567689343e-01,-0.000000000000000000e+00,-0.000000000000000000e+00,2.270390729836786747e-01,-0.000000000000000000e+00,-0.000000000000000000e+00,-0.000000000000000000e+00,-0.000000000000000000e+00,-0.000000000000000000e+00,-2.931492938972211568e-02,-0.000000000000000000e+00,-0.000000000000000000e+00,0.000000000000000000e+00,-0.000000000000000000e+00,-0.000000000000000000e+00,-0.000000000000000000e+00,-0.000000000000000000e+00,-0.000000000000000000e+00,-0.000000000000000000e+00,-0.000000000000000000e+00,0.000000000000000000e+00,2.728984901240190108e+00,-6.465775740361923152e-01,-4.184533636850240046e-01,-2.507008859541681178e-01,-0.000000000000000000e+00,-3.060053454986511601e-01,-0.000000000000000000e+00,-0.000000000000000000e+00,-2.857060721007383952e-01,-0.000000000000000000e+00,-0.000000000000000000e+00,-0.000000000000000000e+00,-0.000000000000000000e+00,-0.000000000000000000e+00
-1.619827918591010274e-01,-0.000000000000000000e+00,-0.000000000000000000e+00,0.000000000000000000e+00,-0.000000000000000000e+00,0.000000000000000000e+00,-0.000000000000000000e+00,0.000000000000000000e+00,-0.000000000000000000e+00,-0.000000000000000000e+00,-0.000000000000000000e+00,-0.000000000000000000e+00,-4.466180792695784718e-01,-0.000000000000000000e+00,-0.000000000000000000e+00,0.000000000000000000e+00,0.000000000000000000e+00,-0.000000000000000000e+00,0.000000000000000000e+00,-0.000000000000000000e+00,-0.000000000000000000e+00,-0.000000000000000000e+00,0.000000000000000000e+00,-0.000000000000000000e+00,0.000000000000000000e+00,-6.465775740361923152e-01,2.502243535990109180e+00,-0.000000000000000000e+00,-6.562047596209192868e-01,0.000000000000000000e+00,-3.203551940329776304e-01,-1.135869633822156471e-01,0.000000000000000000e+00,-0.000000000000000000e+00,0.000000000000000000e+00,-0.000000000000000000e+00,-0.000000000000000000e+00,-1.488495090634329651e-02,-1.731086228564545915e-01
-3.500454533795312271e-03,-2.757788660062632929e-02,-2.118465093504323105e-01,-0.000000000000000000e+00,-3.947240519773945883e-02,-0.000000000000000000e+00,-3.790912975519553640e-01,0.000000000000000000e+00,0.000000000000000000e+00,-0.000000000000000000e+00,-3.685752691619204047e-02,-0.000000000000000000e+00,-0.000000000000000000e+00,-1.139808255083791938e-01,-0.000000000000000000e+00,0.000000000000000000e+00,-0.000000000000000000e+00,-2.370702720145841658e-01,-3.995086488337514646e-02,-0.000000000000000000e+00,-3.066616965726209898e-01,-3.207633277499621904e-01,-4.234399892427354734e-02,-0.000000000000000000e+00,-0.000000000000000000e+00,-4.184533636850240046e-01,-0.000000000000000000e+00,2.557024879595534372e+00,-0.000000000000000000e+00,0.000000000000000000e+00,-5.699063566387378987e-01,-0.000000000000000000e+00,-0.000000000000000000e+00,-0.000000000000000000e+00,-0.000000000000000000e+00,-0.000000000000000000e+00,-0.000000000000000000e+00,-0.000000000000000000e+00,-0.000000000000000000e+00
-3.222737804014300655e-01,-1.651030647166348564e-01,-0.000000000000000000e+00,-0.000000000000000000e+00,-0.000000000000000000e+00,0.000000000000000000e+00,-1.513276746584893695e-01,0.000000000000000000e+00,0.000000000000000000e+00,-0.000000000000000000e+00,-0.000000000000000000e+00,-8.222882570914950839e-02,-2.895118994587178585e-01,-0.000000000000000000e+00,-0.000000000000000000e+00,0.000000000000000000e+00,0.000000000000000000e+00,-0.000000000000000000e+00,0.000000000000000000e+00,-1.636745686395326693e-01,-0.000000000000000000e+00,-0.000000000000000000e+00,0.000000000000000000e+00,-0.000000000000000000e+00,0.000000000000000000e+00,-2.507008859541681178e-01,-6.562047596209192868e-01,-0.000000000000000000e+00,2.690672265949271225e+00,0.000000000000000000e+00,-0.000000000000000000e+00,-6.598640199233007930e-01,0.000000000000000000e+00,-0.000000000000000000e+00,0.000000000000000000e+00,0.000000000000000000e+00,-0.000000000000000000e+00,-0.000000000000000000e+00,-2.137870078901680793e-01
0.000000000000000000e+00,0.000000000000000000e+00,-0.000000000000000000e+00,0.000000000000000000e+00,-0.000000000000000000e+00,0.000000000000000000e+00,-0.000000000000000000e+00,0.000000000000000000e+00,-6.545345660876935590e-01,-8.278181949406975271e-01,3.490175375694103410e-01,0.000000000000000000e+00,0.000000000000000000e+00,-0.000000000000000000e+00,-0.000000000000000000e+00,-6.257186283167700536e-01,1.986409071724436759e-01,-0.000000000000000000e+00,-2.150890272491499389e-01,0.000000000000000000e+00,-0.000000000000000000e+00,0.000000000000000000e+00,0.000000000000000000e+00,-0.000000000000000000e+00,0.000000000000000000e+00,-0.000000000000000000e+00,0.000000000000000000e+00,0.000000000000000000e+00,0.000000000000000000e+00,2.839774615266335900e+00,-0.000000000000000000e+00,0.000000000000000000e+00,-0.000000000000000000e+00,-3.285721391297376504e-01,0.000000000000000000e+00,-0.000000000000000000e+00,0.000000000000000000e+00,-4.180576294836331475e-02,-0.000000000000000000e+00
-1.114109919348975353e-01,-8.841835261387052947e-02,-0.000000000000000000e+00,0.000000000000000000e+00,-4.838804946006441954e-01,-0.000000000000000000e+00,-0.000000000000000000e+00,1.670827630381713919e-02,-0.000000000000000000e+00,-0.000000000000000000e+00,-1.494727434863057092e-01,0.000000000000000000e+00,-0.000000000000000000e+00,-5.687497416370228542e-01,0.000000000000000000e+00,-0.000000000000000000e+00,-0.000000000000000000e+00,-0.000000000000000000e+00,-0.000000000000000000e+00,-0.000000000000000000e+00,-0.000000000000000000e+00,-0.000000000000000000e+00,-0.000000000000000000e+00,-0.000000000000000000e+00,-0.000000000000000000e+00,-3.060053454986511601e-01,-3.203551940329776304e-01,-5.699063566387378987e-01,-0.000000000000000000e+00,-0.000000000000000000e+00,2.703690953097718008e+00,-0.000000000000000000e+00,-0.000000000000000000e+00,-0.000000000000000000e+00,-0.000000000000000000e+00,-1.398296111756746896e-01,-1.124361661272598040e-01,-0.000000000000000000e+00,-0.000000000000000000e+00
-0.000000000000000000e+00,-0.000000000000000000e+00,0.000000000000000000e+00,-0.000000000000000000e+00,0.000000000000000000e+00,0.000000000000000000e+00,-0.000000000000000000e+00,-0.000000000000000000e+00,0.000000000000000000e+00,-0.000000000000000000e+00,-0.000000000000000000e+00,-6.086582809338934030e-01,-2.305930635365245618e-01,0.000000000000000000e+00,-1.098673750719816045e-01,0.000000000000000000e+00,0.000000000000000000e+00,-0.000000000000000000e+00,0.000000000000000000e+00,-2.246184061676522181e-01,0.000000000000000000e+00,-0.000000000000000000e+00,0.000000000000000000e+00,-0.000000000000000000e+00,1.218131546192133124e-01,-0.000000000000000000e+00,-1.135869633822156471e-01,-0.000000000000000000e+00,-6.598640199233007930e-01,0.000000000000000000e+00,-0.000000000000000000e+00,2.150894940803224742e+00,6.569336776213054174e-02,-0.000000000000000000e+00,2.011277758640711566e-02,1.270921656441376460e-02,0.000000000000000000e+00,-0.000000000000000000e+00,-5.250652254784062695e-02
-0.000000000000000000e+00,-0.000000000000000000e+00,-8.395837903675631431e-01,0.000000000000000000e+00,-1.153094317661712137e-01,-5.495836450866804779e-02,-0.000000000000000000e+00,0.000000000000000000e+00,-0.000000000000000000e+00,-0.000000000000000000e+00,-0.000000000000000000e+00,6.736824750445258303e-02,0.000000000000000000e+00,-3.566477008633657797e-01,0.000000000000000000e+00,0.000000000000000000e+00,-0.000000000000000000e+00,-0.000000000000000000e+00,-0.000000000000000000e+00,0.000000000000000000e+00,-1.940233893906643803e-01,-9.351165707060919707e-02,-2.701431684309962278e-01,-0.000000000000000000e+00,-4.513549783024135842e-02,-0.000000000000000000e+00,0.000000000000000000e+00,-0.000000000000000000e+00,0.000000000000000000e+00,-0.000000000000000000e+00,-0.000000000000000000e+00,6.569336776213054174e-02,2.500863365952965101e+00,-0.000000000000000000e+00,-1.759545170945056580e-01,-2.523068905181605204e-01,-1.379665557431545564e-01,0.000000000000000000e+00,-0.000000000000000000e+00
-0.000000000000000000e+00,-0.000000000000000000e+00,-3.735416292413629713e-01,-0.000000000000000000e+00,-3.596010176569785499e-01,0.000000000000000000e+00,-8.353282779128799740e-02,2.293312542383194041e-01,-2.102182072444718774e-01,-0.000000000000000000e+00,0.000000000000000000e+00,-0.000000000000000000e+00,-0.000000000000000000e+00,-0.000000000000000000e+00,-0.000000000000000000e+00,-0.000000000000000000e+00,6.474962927098262822e-02,-0.000000000000000000e+00,-4.415891405551937432e-02,-0.000000000000000000e+00,-9.174464099012012361e-03,-0.000000000000000000e+00,0.000000000000000000e+00,-0.000000000000000000e+00,0.000000000000000000e+00,-2.857060721007383952e-01,-0.000000000000000000e+00,-0.000000000000000000e+00,-0.000000000000000000e+00,-3.285721391297376504e-01,-0.000000000000000000e+00,-0.000000000000000000e+00,-0.000000000000000000e+00,1.935316659309715526e+00,-0.000000000000000000e+00,-0.000000000000000000e+00,-0.000000000000000000e+00,-0.000000000000000000e+00,-0.000000000000000000e+00
-0.000000000000000000e+00,-0.000000000000000000e+00,-0.000000000000000000e+00,0.000000000000000000e+00,-0.000000000000000000e+00,-3.572957677080711991e-01,-0.000000000000000000e+00,0.000000000000000000e+00,-0.000000000000000000e+00,0.000000000000000000e+00,-0.000000000000000000e+00,1.250760316895249968e-01,0.000000000000000000e+00,-6.322827863960181483e-02,0.000000000000000000e+00,0.000000000000000000e+00,-6.450357360073295798e-02,0.000000000000000000e+00,-0.000000000000000000e+00,0.000000000000000000e+00,-0.000000000000000000e+00,-0.000000000000000000e+00,-2.123262514194664274e-01,-2.009357265737265752e-01,-2.823952666551769464e-01,-0.000000000000000000e+00,0.000000000000000000e+00,-0.000000000000000000e+00,0.000000000000000000e+00,0.000000000000000000e+00,-0.000000000000000000e+00,2.011277758640711566e-02,-1.759545170945056580e-01,-0.000000000000000000e+00,2.816767460224526065e+00,-2.879201806109962236e-01,-1.134961794816955027e+00,0.000000000000000000e+00,0.000000000000000000e+00
-1.064601972946341985e-01,-0.000000000000000000e+00,-3.580134345805370821e-01,0.000000000000000000e+00,-2.522299411169884875e-01,-9.671770301819293536e-02,-0.000000000000000000e+00,1.739434007608144789e-02,-0.000000000000000000e+00,-0.000000000000000000e+00,-0.000000000000000000e+00,6.897604485416056197e-02,0.000000000000000000e+00,-1.564330587436949527e-01,0.000000000000000000e+00,-0.000000000000000000e+00,-0.000000000000000000e+00,-0.000000000000000000e+00,-0.000000000000000000e+00,0.000000000000000000e+00,-0.000000000000000000e+00,-0.000000000000000000e+00,-1.480367271136125984e-01,-0.000000000000000000e+00,-2.402214221461811128e-01,-0.000000000000000000e+00,-0.000000000000000000e+00,-0.000000000000000000e+00,0.000000000000000000e+00,-0.000000000000000000e+00,-1.398296111756746896e-01,1.270921656441376460e-02,-2.523068905181605204e-01,-0.000000000000000000e+00,-2.879201806109962236e-01,2.408797043053879872e+00,-3.745106462961629856e-01,0.000000000000000000e+00,-0.000000000000000000e+00
-9.369232546740051404e-02,-2.930478494578491744e-01,-0.000000000000000000e+00,9.686966684914297132e-02,-1.596537163714841223e-01,-1.721666160625637265e-01,-0.000000000000000000e+00,1.830564754840898201e-01,-0.000000000000000000e+00,0.000000000000000000e+00,-0.000000000000000000e+00,0.000000000000000000e+00,0.000000000000000000e+00,-1.365193394395637638e-02,1.969841645123553420e-01,0.000000000000000000e+00,-5.372959151498963443e-02,0.000000000000000000e+00,-0.000000000000000000e+00,0.000000000000000000e+00,-0.000000000000000000e+00,-0.000000000000000000e+00,-0.000000000000000000e+00,-0.000000000000000000e+00,-0.000000000000000000e+00,-0.000000000000000000e+00,-0.000000000000000000e+00,-0.000000000000000000e+00,-0.000000000000000000e+00,0.000000000000000000e+00,-1.124361661272598040e-01,0.000000000000000000e+00,-1.379665557431545564e-01,-0.000000000000000000e+00,-1.134961794816955027e+00,-3.745106462961629856e-01,2.744173823247399557e+00,0.000000000000000000e+00,-0.000000000000000000e+00
0.000000000000000000e+00,0.000000000000000000e+00,-0.000000000000000000e+00,0.000000000000000000e+00,-0.000000000000000000e+00,0.000000000000000000e+00,-0.000000000000000000e+00,0.000000000000000000e+00,-2.435226564357964862e-01,-4.390895177030096352e-01,0.000000000000000000e+00,-0.000000000000000000e+00,-0.000000000000000000e+00,-4.914948773062793180e-03,-3.888737808065050316e-01,-1.378287051366965110e-01,1.886645147452677140e-01,-0.000000000000000000e+00,-1.322108843453712324e-01,-0.000000000000000000e+00,0.000000000000000000e+00,0.000000000000000000e+00,0.000000000000000000e+00,-0.000000000000000000e+00,6.980667356074725383e-02,-0.000000000000000000e+00,-1.488495090634329651e-02,-0.000000000000000000e+00,-0.000000000000000000e+00,-4.180576294836331475e-02,-0.000000000000000000e+00,-0.000000000000000000e+00,0.000000000000000000e+00,-0.000000000000000000e+00,0.000000000000000000e+00,0.000000000000000000e+00,0.000000000000000000e+00,1.758741822740397032e+00,-0.000000000000000000e+00
-1.838083801019620434e-01,-1.916718521533415376e-01,-0.000000000000000000e+00,0.000000000000000000e+00,-0.000000000000000000e+00,0.000000000000000000e+00,-0.000000000000000000e+00,0.000000000000000000e+00,-0.000000000000000000e+00,-3.236737162271223212e-01,-0.000000000000000000e+00,-2.018650920322685727e-01,-0.000000000000000000e+00,-1.651688382090137769e-02,-0.000000000000000000e+00,0.000000000000000000e+00,0.000000000000000000e+00,0.000000000000000000e+00,-0.000000000000000000e+00,-0.000000000000000000e+00,0.000000000000000000e+00,-0.000000000000000000e+00,0.000000000000000000e+00,-0.000000000000000000e+00,0.000000000000000000e+00,-0.000000000000000000e+00,-1.731086228564545915e-01,-0.000000000000000000e+00,-2.137870078901680793e-01,-0.000000000000000000e+00,-0.000000000000000000e+00,-5.250652254784062695e-02,-0.000000000000000000e+00,-0.000000000000000000e+00,0.000000000000000000e+00,-0.000000000000000000e+00,-0.000000000000000000e+00,-0.000000000000000000e+00,1.524161206250504552e+00
