2.787372293933656930e+00,-8.388580570165570238e-01,-0.000000000000000000e+00,-0.000000000000000000e+00,-0.000000000000000000e+00,-0.000000000000000000e+00,-0.000000000000000000e+00,0.000000000000000000e+00,-3.062602976144911393e-01,-5.962325895410621746e-01,-0.000000000000000000e+00,0.000000000000000000e+00,0.000000000000000000e+00,-0.000000000000000000e+00,0.000000000000000000e+00,-2.673170960554516196e-02,-0.000000000000000000e+00,0.000000000000000000e+00,0.000000000000000000e+00,0.000000000000000000e+00,0.000000000000000000e+00,-0.000000000000000000e+00,-0.000000000000000000e+00,0.000000000000000000e+00,-0.000000000000000000e+00,-0.000000000000000000e+00,-0.000000000000000000e+00,-0.000000000000000000e+00,-5.034271128233904768e-01,-5.181531104693132272e-01,-0.000000000000000000e+00,-0.000000000000000000e+00,0.000000000000000000e+00,-0.000000000000000000e+00,-0.000000000000000000e+00,-0.000000000000000000e+00,0.000000000000000000e+00,-6.809076630062449453e-02,-0.000000000000000000e+00
-8.388580570165570238e-01,2.348607995659280245e+00,-0.000000000000000000e+00,-0.000000000000000000e+00,-0.000000000000000000e+00,-2.639171199055769801e-01,0.000000000000000000e+00,0.000000000000000000e+00,-3.285887350217592262e-01,-7.089565994312240112e-03,-0.000000000000000000e+00,0.000000000000000000e+00,0.000000000000000000e+00,-0.000000000000000000e+00,0.000000000000000000e+00,-6.825031494482632077e-02,-0.000000000000000000e+00,-0.000000000000000000e+00,-0.000000000000000000e+00,0.000000000000000000e+00,0.000000000000000000e+00,-0.000000000000000000e+00,-0.000000000000000000e+00,0.000000000000000000e+00,-0.000000000000000000e+00,-2.378853025153593315e-01,-6.062978758679576224e-02,-0.000000000000000000e+00,-3.216185889259443043e-01,-1.667646266097442820e-01,-0.000000000000000000e+00,-1.471525594258633052e-01,0.000000000000000000e+00,-0.000000000000000000e+00,-0.000000000000000000e+00,-6.529478885020242873e-02,-0.000000000000000000e+00,-0.000000000000000000e+00,0.000000000000000000e+00
-0.000000000000000000e+00,-0.000000000000000000e+00,3.366856579478433975e+00,0.000000000000000000e+00,-5.978393190991565520e-01,0.000000000000000000e+00,-0.000000000000000000e+00,1.044779725675402116e+00,-5.396424934183410294e-01,-0.000000000000000000e+00,-0.000000000000000000e+00,-0.000000000000000000e+00,0.000000000000000000e+00,-1.626038125643552990e-01,-0.000000000000000000e+00,-0.000000000000000000e+00,-0.000000000000000000e+00,-0.000000000000000000e+00,-2.025892255003084938e-02,-0.000000000000000000e+00,-3.593739589358340702e-01,-3.082098062431940511e-01,-0.000000000000000000e+00,-0.000000000000000000e+00,-0.000000000000000000e+00,-0.000000000000000000e+00,-0.000000000000000000e+00,-0.000000000000000000e+00,-0.000000000000000000e+00,-0.000000000000000000e+00,-7.820032013094104992e-03,-4.968613714785883456e-02,-1.970301879115896881e-01,-3.668271666309693702e-01,-0.000000000000000000e+00,0.000000000000000000e+00,-0.000000000000000000e+00,-0.000000000000000000e+00,-0.000000000000000000e+00
-0.000000000000000000e+00,-0.000000000000000000e+00,0.000000000000000000e+00,1.832549102267247099e+00,0.000000000000000000e+00,1.417025766473432591e-01,-3.895072907390336181e-01,0.000000000000000000e+00,-0.000000000000000000e+00,-0.000000000000000000e+00,-0.000000000000000000e+00,-1.871603294448948296e-01,-0.000000000000000000e+00,-0.000000000000000000e+00,-0.000000000000000000e+00,-9.521981107820778889e-02,-8.717075026043293040e-02,-0.000000000000000000e+00,-0.000000000000000000e+00,-8.197289967868708338e-01,0.000000000000000000e+00,-0.000000000000000000e+00,-0.000000000000000000e+00,0.000000000000000000e+00,-0.000000000000000000e+00,-0.000000000000000000e+00,0.000000000000000000e+00,-2.832892070071279123e-03,-0.000000000000000000e+00,0.000000000000000000e+00,-0.000000000000000000e+00,-0.000000000000000000e+00,-0.000000000000000000e+00,0.000000000000000000e+00,-0.000000000000000000e+00,-7.232225051872404054e-02,-0.000000000000000000e+00,-0.000000000000000000e+00,-0.000000000000000000e+00
-0.000000000000000000e+00,-0.000000000000000000e+00,-5.978393190991565520e-01,0.000000000000000000e+00,2.503952923538534936e+00,0.000000000000000000e+00,-0.000000000000000000e+00,2.993950619917820632e-01,-1.130908871606263189e-01,-0.000000000000000000e+00,-0.000000000000000000e+00,-0.000000000000000000e+00,0.000000000000000000e+00,-5.218758849936301347e-01,-0.000000000000000000e+00,-0.000000000000000000e+00,-0.000000000000000000e+00,-0.000000000000000000e+00,-0.000000000000000000e+00,-0.000000000000000000e+00,-0.000000000000000000e+00,-1.057583889155514628e-02,-0.000000000000000000e+00,-0.000000000000000000e+00,-1.292431829864562898e-01,-0.000000000000000000e+00,-0.000000000000000000e+00,-0.000000000000000000e+00,-0.000000000000000000e+00,-3.058407140160681811e-02,-1.066575905237366062e-01,-0.000000000000000000e+00,-6.687132216009039620e-02,-4.961822709034452439e-01,-0.000000000000000000e+00,0.000000000000000000e+00,-0.000000000000000000e+00,-1.389426430650902121e-02,-9.892260390191458252e-02
-0.000000000000000000e+00,-2.639171199055769801e-01,0.000000000000000000e+00,1.417025766473432591e-01,0.000000000000000000e+00,1.135884923612533015e+00,0.000000000000000000e+00,-0.000000000000000000e+00,-0.000000000000000000e+00,0.000000000000000000e+00,-0.000000000000000000e+00,8.138069408832045160e-02,0.000000000000000000e+00,0.000000000000000000e+00,6.242356004029992605e-03,0.000000000000000000e+00,-0.000000000000000000e+00,-0.000000000000000000e+00,-0.000000000000000000e+00,0.000000000000000000e+00,0.000000000000000000e+00,0.000000000000000000e+00,-0.000000000000000000e+00,0.000000000000000000e+00,-0.000000000000000000e+00,-0.000000000000000000e+00,-0.000000000000000000e+00,0.000000000000000000e+00,-0.000000000000000000e+00,-0.000000000000000000e+00,0.000000000000000000e+00,-0.000000000000000000e+00,7.402561338467050778e-02,0.000000000000000000e+00,-0.000000000000000000e+00,-0.000000000000000000e+00,-0.000000000000000000e+00,0.000000000000000000e+00,2.353421217582876979e-01
-0.000000000000000000e+00,0.000000000000000000e+00,-0.000000000000000000e+00,-3.895072907390336181e-01,-0.000000000000000000e+00,0.000000000000000000e+00,1.205760503789523597e+00,0.000000000000000000e+00,-0.000000000000000000e+00,-0.000000000000000000e+00,0.000000000000000000e+00,-0.000000000000000000e+00,-0.000000000000000000e+00,-0.000000000000000000e+00,-0.000000000000000000e+00,-0.000000000000000000e+00,0.000000000000000000e+00,0.000000000000000000e+00,0.000000000000000000e+00,-1.265004552833008666e-01,0.000000000000000000e+00,-0.000000000000000000e+00,-0.000000000000000000e+00,1.363371897409636213e-01,-0.000000000000000000e+00,0.000000000000000000e+00,2.789986681449772507e-02,0.000000000000000000e+00,0.000000000000000000e+00,0.000000000000000000e+00,0.000000000000000000e+00,0.000000000000000000e+00,0.000000000000000000e+00,0.000000000000000000e+00,1.488586992981779933e-01,-0.000000000000000000e+00,0.000000000000000000e+00,0.000000000000000000e+00,-0.000000000000000000e+00
0.000000000000000000e+00,0.000000000000000000e+00,1.044779725675402116e+00,0.000000000000000000e+00,2.993950619917820632e-01,-0.000000000000000000e+00,0.000000000000000000e+00,2.190878044642983635e+00,1.200042615872172758e-01,0.000000000000000000e+00,0.000000000000000000e+00,0.000000000000000000e+00,-0.000000000000000000e+00,0.000000000000000000e+00,0.000000000000000000e+00,0.000000000000000000e+00,0.000000000000000000e+00,0.000000000000000000e+00,0.000000000000000000e+00,0.000000000000000000e+00,0.000000000000000000e+00,2.121916233105851923e-01,0.000000000000000000e+00,0.000000000000000000e+00,0.000000000000000000e+00,0.000000000000000000e+00,0.000000000000000000e+00,0.000000000000000000e+00,0.000000000000000000e+00,0.000000000000000000e+00,0.000000000000000000e+00,0.000000000000000000e+00,0.000000000000000000e+00,1.506093715059992344e-01,0.000000000000000000e+00,0.000000000000000000e+00,0.000000000000000000e+00,9.239459714877463863e-05,0.000000000000000000e+00
-3.062602976144911393e-01,-3.285887350217592262e-01,-5.396424934183410294e-01,-0.000000000000000000e+00,-1.130908871606263189e-01,-0.000000000000000000e+00,-0.000000000000000000e+00,1.200042615872172758e-01,2.651172174056587671e+00,-0.000000000000000000e+00,-1.123168117423795770e-01,-0.000000000000000000e+00,0.000000000000000000e+00,-1.689353055026633077e-01,0.000000000000000000e+00,-8.542185733723083041e-02,-0.000000000000000000e+00,-0.000000000000000000e+00,-0.000000000000000000e+00,0.000000000000000000e+00,-0.000000000000000000e+00,-0.000000000000000000e+00,-0.000000000000000000e+00,-0.000000000000000000e+00,-0.000000000000000000e+00,-0.000000000000000000e+00,-2.785956007245246960e-02,-3.171902741033122419e-02,-0.000000000000000000e+00,-3.211656533914033496e-01,-0.000000000000000000e+00,-0.000000000000000000e+00,-0.000000000000000000e+00,-4.872029687833120959e-01,-0.000000000000000000e+00,0.000000000000000000e+00,-0.000000000000000000e+00,-1.836436297272902030e-01,-0.000000000000000000e+00
-5.962325895410621746e-01,-7.089565994312240112e-03,-0.000000000000000000e+00,-0.000000000000000000e+00,-0.000000000000000000e+00,0.000000000000000000e+00,-0.000000000000000000e+00,0.000000000000000000e+00,-0.000000000000000000e+00,2.308218025494930270e+00,-0.000000000000000000e+00,-0.000000000000000000e+00,0.000000000000000000e+00,-0.000000000000000000e+00,0.000000000000000000e+00,-8.787192039906112084e-01,-0.000000000000000000e+00,0.000000000000000000e+00,0.000000000000000000e+00,-0.000000000000000000e+00,1.696801738762241107e-01,-0.000000000000000000e+00,-0.000000000000000000e+00,0.000000000000000000e+00,-2.007343488886329796e-01,-0.000000000000000000e+00,-1.241337714122304342e-01,-0.000000000000000000e+00,-7.006571496146533212e-03,-1.030325919899695991e-01,-0.000000000000000000e+00,-0.000000000000000000e+00,0.000000000000000000e+00,0.000000000000000000e+00,-8.850693809839009496e-02,-1.514442233412793271e-01,-0.000000000000000000e+00,-1.996831083664266371e-01,-0.000000000000000000e+00
-0.000000000000000000e+00,-0.000000000000000000e+00,-0.000000000000000000e+00,-0.000000000000000000e+00,-0.000000000000000000e+00,-0.000000000000000000e+00,0.000000000000000000e+00,0.000000000000000000e+00,-1.123168117423795770e-01,-0.000000000000000000e+00,2.565091729119240771e+00,-0.000000000000000000e+00,0.000000000000000000e+00,-0.000000000000000000e+00,-0.000000000000000000e+00,-0.000000000000000000e+00,-4.989680275038311241e-01,-0.000000000000000000e+00,-0.000000000000000000e+00,-0.000000000000000000e+00,-0.000000000000000000e+00,-1.189842287837948459e-01,-0.000000000000000000e+00,-0.000000000000000000e+00,-0.000000000000000000e+00,-1.610642972065610135e-01,-6.380121965549420127e-01,-2.627615548614261054e-01,-1.898380183501083007e-01,-0.000000000000000000e+00,-2.400182623366663437e-01,-3.679172406288412356e-01,-0.000000000000000000e+00,-0.000000000000000000e+00,-0.000000000000000000e+00,-0.000000000000000000e+00,-0.000000000000000000e+00,-0.000000000000000000e+00,-0.000000000000000000e+00
0.000000000000000000e+00,0.000000000000000000e+00,-0.000000000000000000e+00,-1.871603294448948296e-01,-0.000000000000000000e+00,8.138069408832045160e-02,-0.000000000000000000e+00,0.000000000000000000e+00,-0.000000000000000000e+00,-0.000000000000000000e+00,-0.000000000000000000e+00,2.354206406799355999e+00,0.000000000000000000e+00,-0.000000000000000000e+00,-6.940595053295923744e-01,-0.000000000000000000e+00,-0.000000000000000000e+00,-1.279546858518923191e-01,-0.000000000000000000e+00,-3.837365447834784615e-01,0.000000000000000000e+00,-3.646860207832682086e-03,-0.000000000000000000e+00,-0.000000000000000000e+00,-0.000000000000000000e+00,-0.000000000000000000e+00,-0.000000000000000000e+00,-2.879674566116754431e-01,0.000000000000000000e+00,0.000000000000000000e+00,-0.000000000000000000e+00,-0.000000000000000000e+00,-0.000000000000000000e+00,-0.000000000000000000e+00,-0.000000000000000000e+00,-0.000000000000000000e+00,-1.690978327236813405e-01,-2.195533407389499772e-02,-6.006907998170742946e-01
0.000000000000000000e+00,0.000000000000000000e+00,0.000000000000000000e+00,-0.000000000000000000e+00,0.000000000000000000e+00,0.000000000000000000e+00,-0.000000000000000000e+00,-0.000000000000000000e+00,0.000000000000000000e+00,0.000000000000000000e+00,0.000000000000000000e+00,0.000000000000000000e+00,1.427017091365141876e+00,0.000000000000000000e+00,-0.000000000000000000e+00,0.000000000000000000e+00,0.000000000000000000e+00,0.000000000000000000e+00,0.000000000000000000e+00,-0.000000000000000000e+00,0.000000000000000000e+00,0.000000000000000000e+00,0.000000000000000000e+00,0.000000000000000000e+00,0.000000000000000000e+00,1.412300138917547132e-01,6.931314251123070480e-02,8.076443548348326285e-02,6.326516842003912467e-04,0.000000000000000000e+00,5.803656237007213115e-01,2.050487996523537096e-02,0.000000000000000000e+00,0.000000000000000000e+00,0.000000000000000000e+00,-0.000000000000000000e+00,0.000000000000000000e+00,0.000000000000000000e+00,-0.000000000000000000e+00
-0.000000000000000000e+00,-0.000000000000000000e+00,-1.626038125643552990e-01,-0.000000000000000000e+00,-5.218758849936301347e-01,0.000000000000000000e+00,-0.000000000000000000e+00,0.000000000000000000e+00,-1.689353055026633077e-01,-0.000000000000000000e+00,-0.000000000000000000e+00,-0.000000000000000000e+00,0.000000000000000000e+00,2.105577473706487623e+00,-0.000000000000000000e+00,-0.000000000000000000e+00,-0.000000000000000000e+00,-1.967287974182876376e-01,-0.000000000000000000e+00,-6.411340696284199836e-02,-0.000000000000000000e+00,-3.344174526792056401e-01,-4.189644458486433548e-02,-1.933715683941594488e-01,-1.140367215980725019e-01,-0.000000000000000000e+00,-0.000000000000000000e+00,-1.915104175070050929e-02,-0.000000000000000000e+00,-0.000000000000000000e+00,-0.000000000000000000e+00,-0.000000000000000000e+00,-1.981414169570117623e-01,-0.000000000000000000e+00,-0.000000000000000000e+00,-0.000000000000000000e+00,-0.000000000000000000e+00,-0.000000000000000000e+00,-1.079276636065131939e-01
0.000000000000000000e+00,0.000000000000000000e+00,-0.000000000000000000e+00,-0.000000000000000000e+00,-0.000000000000000000e+00,6.242356004029992605e-03,-0.000000000000000000e+00,0.000000000000000000e+00,0.000000000000000000e+00,0.000000000000000000e+00,-0.000000000000000000e+00,-6.940595053295923744e-01,-0.000000000000000000e+00,-0.000000000000000000e+00,1.621098200605253226e+00,0.000000000000000000e+00,-0.000000000000000000e+00,-9.241009666820446111e-02,-0.000000000000000000e+00,-3.424548337229937900e-01,-0.000000000000000000e+00,-0.000000000000000000e+00,-0.000000000000000000e+00,-0.000000000000000000e+00,0.000000000000000000e+00,-0.000000000000000000e+00,0.000000000000000000e+00,-0.000000000000000000e+00,0.000000000000000000e+00,0.000000000000000000e+00,-0.000000000000000000e+00,-0.000000000000000000e+00,-5.171379545504259378e-02,-0.000000000000000000e+00,1.091820331542912026e-01,-0.000000000000000000e+00,-0.000000000000000000e+00,-0.000000000000000000e+00,-0.000000000000000000e+00
-2.673170960554516196e-02,-6.825031494482632077e-02,-0.000000000000000000e+00,-9.521981107820778889e-02,-0.000000000000000000e+00,0.000000000000000000e+00,-0.000000000000000000e+00,0.000000000000000000e+00,-8.542185733723083041e-02,-8.787192039906112084e-01,-0.000000000000000000e+00,-0.000000000000000000e+00,0.000000000000000000e+00,-0.000000000000000000e+00,0.000000000000000000e+00,2.304786770794350570e+00,-0.000000000000000000e+00,-0.000000000000000000e+00,-0.000000000000000000e+00,-4.194596779118353602e-02,0.000000000000000000e+00,-0.000000000000000000e+00,-2.270864183099617073e-01,0.000000000000000000e+00,-3.897683776286812313e-02,-3.380090290202991676e-02,-9.050962100904026697e-02,-0.000000000000000000e+00,-0.000000000000000000e+00,-0.000000000000000000e+00,-2.195886265792789949e-01,-0.000000000000000000e+00,-0.000000000000000000e+00,-0.000000000000000000e+00,-0.000000000000000000e+00,-1.898069228201107184e-01,-4.271478313376199376e-02,-3.726626581441383479e-01,-5.003843675980742395e-02
-0.000000000000000000e+00,-0.000000000000000000e+00,-0.000000000000000000e+00,-8.717075026043293040e-02,-0.000000000000000000e+00,-0.000000000000000000e+00,0.000000000000000000e+00,0.000000000000000000e+00,-0.000000000000000000e+00,-0.000000000000000000e+00,-4.989680275038311241e-01,-0.000000000000000000e+00,0.000000000000000000e+00,-0.000000000000000000e+00,-0.000000000000000000e+00,-0.000000000000000000e+00,2.268592958754249711e+00,-1.938734237259534185e-02,-0.000000000000000000e+00,-1.395489591765422706e-02,-0.000000000000000000e+00,-5.293277572086434873e-02,-0.000000000000000000e+00,-0.000000000000000000e+00,-0.000000000000000000e+00,-3.461462371420185313e-01,-0.000000000000000000e+00,-0.000000000000000000e+00,-0.000000000000000000e+00,0.000000000000000000e+00,-3.726323038538355281e-02,-6.099109466809041757e-01,-0.000000000000000000e+00,-0.000000000000000000e+00,-0.000000000000000000e+00,-7.152388130398364130e-02,-4.044819272763432449e-01,0.000000000000000000e+00,0.000000000000000000e+00
0.000000000000000000e+00,-0.000000000000000000e+00,-0.000000000000000000e+00,-0.000000000000000000e+00,-0.000000000000000000e+00,-0.000000000000000000e+00,0.000000000000000000e+00,0.000000000000000000e+00,-0.000000000000000000e+00,0.000000000000000000e+00,-0.000000000000000000e+00,-1.279546858518923191e-01,0.000000000000000000e+00,-1.967287974182876376e-01,-9.241009666820446111e-02,-0.000000000000000000e+00,-1.938734237259534185e-02,2.448498915820479738e+00,-1.189913267420661391e+00,-2.305498503374179553e-01,-0.000000000000000000e+00,-0.000000000000000000e+00,-4.645751170116305118e-02,-0.000000000000000000e+00,-0.000000000000000000e+00,-0.000000000000000000e+00,-0.000000000000000000e+00,-4.007843060605672386e-02,0.000000000000000000e+00,0.000000000000000000e+00,-1.881802906665533126e-01,-0.000000000000000000e+00,-1.776383695594249412e-01,-0.000000000000000000e+00,0.000000000000000000e+00,-0.000000000000000000e+00,-2.260504087886448521e-01,-0.000000000000000000e+00,-0.000000000000000000e+00
0.000000000000000000e+00,-0.000000000000000000e+00,-2.025892255003084938e-02,-0.000000000000000000e+00,-0.000000000000000000e+00,-0.000000000000000000e+00,0.000000000000000000e+00,0.000000000000000000e+00,-0.000000000000000000e+00,0.000000000000000000e+00,-0.000000000000000000e+00,-0.000000000000000000e+00,0.000000000000000000e+00,-0.000000000000000000e+00,-0.000000000000000000e+00,-0.000000000000000000e+00,-0.000000000000000000e+00,-1.189913267420661391e+00,2.056549446228058908e+00,-0.000000000000000000e+00,-0.000000000000000000e+00,-0.000000000000000000e+00,-1.786818885656507871e-01,-3.187638856842399393e-02,-0.000000000000000000e+00,-0.000000000000000000e+00,-0.000000000000000000e+00,-0.000000000000000000e+00,0.000000000000000000e+00,0.000000000000000000e+00,-1.607132170796729820e-01,-9.621411602970857124e-02,-7.550032175945393942e-02,-0.000000000000000000e+00,0.000000000000000000e+00,0.000000000000000000e+00,-0.000000000000000000e+00,-0.000000000000000000e+00,-2.453209483565345697e-02
0.000000000000000000e+00,0.000000000000000000e+00,-0.000000000000000000e+00,-8.197289967868708338e-01,-0.000000000000000000e+00,0.000000000000000000e+00,-1.265004552833008666e-01,0.000000000000000000e+00,0.000000000000000000e+00,-0.000000000000000000e+00,-0.000000000000000000e+00,-3.837365447834784615e-01,-0.000000000000000000e+00,-6.411340696284199836e-02,-3.424548337229937900e-01,-4.194596779118353602e-02,-1.395489591765422706e-02,-2.305498503374179553e-01,-0.000000000000000000e+00,2.205686133185127851e+00,0.000000000000000000e+00,-6.527977050513668333e-02,-0.000000000000000000e+00,-0.000000000000000000e+00,-0.000000000000000000e+00,-0.000000000000000000e+00,0.000000000000000000e+00,-0.000000000000000000e+00,0.000000000000000000e+00,1.386513156089250187e-02,-0.000000000000000000e+00,-0.000000000000000000e+00,-2.383322293159010480e-02,0.000000000000000000e+00,0.000000000000000000e+00,-0.000000000000000000e+00,-1.358678013144913876e-01,-0.000000000000000000e+00,-9.588697600659701337e-02
0.000000000000000000e+00,0.000000000000000000e+00,-3.593739589358340702e-01,0.000000000000000000e+00,-0.000000000000000000e+00,0.000000000000000000e+00,0.000000000000000000e+00,0.000000000000000000e+00,-0.000000000000000000e+00,1.696801738762241107e-01,-0.000000000000000000e+00,0.000000000000000000e+00,0.000000000000000000e+00,-0.000000000000000000e+00,-0.000000000000000000e+00,0.000000000000000000e+00,-0.000000000000000000e+00,-0.000000000000000000e+00,-0.000000000000000000e+00,0.000000000000000000e+00,1.481234109229947471e+00,-2.564918794140177982e-01,-0.000000000000000000e+00,-0.000000000000000000e+00,0.000000000000000000e+00,-0.000000000000000000e+00,-0.000000000000000000e+00,-0.000000000000000000e+00,0.000000000000000000e+00,-0.000000000000000000e+00,-0.000000000000000000e+00,-0.000000000000000000e+00,-3.190981251816800701e-01,-1.291042206820549876e-01,0.000000000000000000e+00,1.224925483355457645e-01,-0.000000000000000000e+00,0.000000000000000000e+00,0.000000000000000000e+00
-0.000000000000000000e+00,-0.000000000000000000e+00,-3.082098062431940511e-01,-0.000000000000000000e+00,-1.057583889155514628e-02,0.000000000000000000e+00,-0.000000000000000000e+00,2.121916233105851923e-01,-0.000000000000000000e+00,-0.000000000000000000e+00,-1.189842287837948459e-01,-3.646860207832682086e-03,0.000000000000000000e+00,-3.344174526792056401e-01,-0.000000000000000000e+00,-0.000000000000000000e+00,-5.293277572086434873e-02,-0.000000000000000000e+00,-0.000000000000000000e+00,-6.527977050513668333e-02,-2.564918794140177982e-01,2.460842387916343910e+00,-0.000000000000000000e+00,-0.000000000000000000e+00,-0.000000000000000000e+00,-0.000000000000000000e+00,-0.000000000000000000e+00,-4.470560245611334138e-01,-0.000000000000000000e+00,-0.000000000000000000e+00,-2.102978941017119574e-01,-0.000000000000000000e+00,-3.881563618081902978e-01,-1.829671577947729610e-01,-0.000000000000000000e+00,-0.000000000000000000e+00,-0.000000000000000000e+00,-0.000000000000000000e+00,-0.000000000000000000e+00
-0.000000000000000000e+00,-0.000000000000000000e+00,-0.000000000000000000e+00,-0.000000000000000000e+00,-0.000000000000000000e+00,-0.000000000000000000e+00,-0.000000000000000000e+00,0.000000000000000000e+00,-0.000000000000000000e+00,-0.000000000000000000e+00,-0.000000000000000000e+00,-0.000000000000000000e+00,0.000000000000000000e+00,-4.189644458486433548e-02,-0.000000000000000000e+00,-2.270864183099617073e-01,-0.000000000000000000e+00,-4.645751170116305118e-02,-1.786818885656507871e-01,-0.000000000000000000e+00,-0.000000000000000000e+00,-0.000000000000000000e+00,1.680872719667377391e+00,-4.370635052548307864e-02,-7.409255955307193497e-01,-0.000000000000000000e+00,-5.111511352217917165e-02,-0.000000000000000000e+00,-0.000000000000000000e+00,-4.884863202909825453e-02,-0.000000000000000000e+00,-0.000000000000000000e+00,-0.000000000000000000e+00,-0.000000000000000000e+00,-0.000000000000000000e+00,-0.000000000000000000e+00,-0.000000000000000000e+00,-0.000000000000000000e+00,-1.359816852569428226e-02
0.000000000000000000e+00,0.000000000000000000e+00,-0.000000000000000000e+00,0.000000000000000000e+00,-0.000000000000000000e+00,0.000000000000000000e+00,1.363371897409636213e-01,0.000000000000000000e+00,-0.000000000000000000e+00,0.000000000000000000e+00,-0.000000000000000000e+00,-0.000000000000000000e+00,0.000000000000000000e+00,-1.933715683941594488e-01,-0.000000000000000000e+00,0.000000000000000000e+00,-0.000000000000000000e+00,-0.000000000000000000e+00,-3.187638856842399393e-02,-0.000000000000000000e+00,-0.000000000000000000e+00,-0.000000000000000000e+00,-4.370635052548307864e-02,1.306722747635994608e+00,-0.000000000000000000e+00,0.000000000000000000e+00,-0.000000000000000000e+00,-0.000000000000000000e+00,0.000000000000000000e+00,0.000000000000000000e+00,-0.000000000000000000e+00,0.000000000000000000e+00,-3.562628797017908244e-01,-1.305857137311742522e-01,-0.000000000000000000e+00,2.124851576127248787e-01,-0.000000000000000000e+00,-0.000000000000000000e+00,-0.000000000000000000e+00
-0.000000000000000000e+00,-0.000000000000000000e+00,-0.000000000000000000e+00,-0.000000000000000000e+00,-1.292431829864562898e-01,-0.000000000000000000e+00,-0.000000000000000000e+00,0.000000000000000000e+00,-0.000000000000000000e+00,-2.007343488886329796e-01,-0.000000000000000000e+00,-0.000000000000000000e+00,0.000000000000000000e+00,-1.140367215980725019e-01,0.000000000000000000e+00,-3.897683776286812313e-02,-0.000000000000000000e+00,-0.000000000000000000e+00,-0.000000000000000000e+00,-0.000000000000000000e+00,0.000000000000000000e+00,-0.000000000000000000e+00,-7.409255955307193497e-01,-0.000000000000000000e+00,2.027123161630195014e+00,-0.000000000000000000e+00,-4.630861478266493081e-02,-0.000000000000000000e+00,-0.000000000000000000e+00,-4.178005566082897415e-01,-0.000000000000000000e+00,-0.000000000000000000e+00,0.000000000000000000e+00,-0.000000000000000000e+00,-0.000000000000000000e+00,-0.000000000000000000e+00,-0.000000000000000000e+00,-2.282907893249695730e-01,-6.007007122324622278e-02
-0.000000000000000000e+00,-2.378853025153593315e-01,-0.000000000000000000e+00,-0.000000000000000000e+00,-0.000000000000000000e+00,-0.000000000000000000e+00,0.000000000000000000e+00,0.000000000000000000e+00,-0.000000000000000000e+00,-0.000000000000000000e+00,-1.610642972065610135e-01,-0.000000000000000000e+00,1.412300138917547132e-01,-0.000000000000000000e+00,-0.000000000000000000e+00,-3.380090290202991676e-02,-3.461462371420185313e-01,-0.000000000000000000e+00,-0.000000000000000000e+00,-0.000000000000000000e+00,-0.000000000000000000e+00,-0.000000000000000000e+00,-0.000000000000000000e+00,0.000000000000000000e+00,-0.000000000000000000e+00,3.065916822869906522e+00,-3.177076201363085994e-01,-8.412304910732908425e-01,-6.314785034106372708e-01,-0.000000000000000000e+00,-9.926147237952988658e-03,-3.485737969507832767e-01,-0.000000000000000000e+00,-0.000000000000000000e+00,-0.000000000000000000e+00,-9.438614426989801187e-02,-1.724473933125588720e-01,-0.000000000000000000e+00,0.000000000000000000e+00
-0.000000000000000000e+00,-6.062978758679576224e-02,-0.000000000000000000e+00,0.000000000000000000e+00,-0.000000000000000000e+00,-0.000000000000000000e+00,2.789986681449772507e-02,0.000000000000000000e+00,-2.785956007245246960e-02,-1.241337714122304342e-01,-6.380121965549420127e-01,-0.000000000000000000e+00,6.931314251123070480e-02,-0.000000000000000000e+00,0.000000000000000000e+00,-9.050962100904026697e-02,-0.000000000000000000e+00,-0.000000000000000000e+00,-0.000000000000000000e+00,0.000000000000000000e+00,-0.000000000000000000e+00,-0.000000000000000000e+00,-5.111511352217917165e-02,-0.000000000000000000e+00,-4.630861478266493081e-02,-3.177076201363085994e-01,2.059938281777740077e+00,-2.635573201330993105e-03,-2.432677368244608451e-01,-1.383617317787869672e-01,-0.000000000000000000e+00,-2.174107913611183010e-02,-0.000000000000000000e+00,-0.000000000000000000e+00,-2.893996232340190211e-02,-0.000000000000000000e+00,-0.000000000000000000e+00,-1.148810899710291100e-01,-0.000000000000000000e+00
-0.000000000000000000e+00,-0.000000000000000000e+00,-0.000000000000000000e+00,-2.832892070071279123e-03,-0.000000000000000000e+00,0.000000000000000000e+00,0.000000000000000000e+00,0.000000000000000000e+00,-3.171902741033122419e-02,-0.000000000000000000e+00,-2.627615548614261054e-01,-2.879674566116754431e-01,8.076443548348326285e-02,-1.915104175070050929e-02,-0.000000000000000000e+00,-0.000000000000000000e+00,-0.000000000000000000e+00,-4.007843060605672386e-02,-0.000000000000000000e+00,-0.000000000000000000e+00,-0.000000000000000000e+00,-4.470560245611334138e-01,-0.000000000000000000e+00,-0.000000000000000000e+00,-0.000000000000000000e+00,-8.412304910732908425e-01,-2.635573201330993105e-03,2.710098857061217004e+00,-1.314517155879072474e-01,-0.000000000000000000e+00,-3.770223907434818722e-01,-0.000000000000000000e+00,-1.113670663217586065e-01,-0.000000000000000000e+00,-0.000000000000000000e+00,-0.000000000000000000e+00,-1.984286429265091078e-01,-0.000000000000000000e+00,-0.000000000000000000e+00
-5.034271128233904768e-01,-3.216185889259443043e-01,-0.000000000000000000e+00,-0.000000000000000000e+00,-0.000000000000000000e+00,-0.000000000000000000e+00,0.000000000000000000e+00,0.000000000000000000e+00,-0.000000000000000000e+00,-7.006571496146533212e-03,-1.898380183501083007e-01,0.000000000000000000e+00,6.326516842003912467e-04,-0.000000000000000000e+00,0.000000000000000000e+00,-0.000000000000000000e+00,-0.000000000000000000e+00,0.000000000000000000e+00,0.000000000000000000e+00,0.000000000000000000e+00,0.000000000000000000e+00,-0.000000000000000000e+00,-0.000000000000000000e+00,0.000000000000000000e+00,-0.000000000000000000e+00,-6.314785034106372708e-01,-2.432677368244608451e-01,-1.314517155879072474e-01,2.251759923976339728e+00,-0.000000000000000000e+00,-0.000000000000000000e+00,-0.000000000000000000e+00,0.000000000000000000e+00,0.000000000000000000e+00,-6.359713500865289693e-02,-5.737577501972281752e-02,-0.000000000000000000e+00,-0.000000000000000000e+00,0.000000000000000000e+00
-5.181531104693132272e-01,-1.667646266097442820e-01,-0.000000000000000000e+00,0.000000000000000000e+00,-3.058407140160681811e-02,-0.000000000000000000e+00,0.000000000000000000e+00,0.000000000000000000e+00,-3.211656533914033496e-01,-1.030325919899695991e-01,-0.000000000000000000e+00,0.000000000000000000e+00,0.000000000000000000e+00,-0.000000000000000000e+00,0.000000000000000000e+00,-0.000000000000000000e+00,0.000000000000000000e+00,0.000000000000000000e+00,0.000000000000000000e+00,1.386513156089250187e-02,-0.000000000000000000e+00,-0.000000000000000000e+00,-4.884863202909825453e-02,0.000000000000000000e+00,-4.178005566082897415e-01,-0.000000000000000000e+00,-1.383617317787869672e-01,-0.000000000000000000e+00,-0.000000000000000000e+00,1.968140687022761792e+00,-0.000000000000000000e+00,0.000000000000000000e+00,0.000000000000000000e+00,-0.000000000000000000e+00,0.000000000000000000e+00,-0.000000000000000000e+00,0.000000000000000000e+00,-5.676203493570549513e-02,-0.000000000000000000e+00
-0.000000000000000000e+00,-0.000000000000000000e+00,-7.820032013094104992e-03,-0.000000000000000000e+00,-1.066575905237366062e-01,0.000000000000000000e+00,0.000000000000000000e+00,0.000000000000000000e+00,-0.000000000000000000e+00,-0.000000000000000000e+00,-2.400182623366663437e-01,-0.000000000000000000e+00,5.803656237007213115e-01,-0.000000000000000000e+00,-0.000000000000000000e+00,-2.195886265792789949e-01,-3.726323038538355281e-02,-1.881802906665533126e-01,-1.607132170796729820e-01,-0.000000000000000000e+00,-0.000000000000000000e+00,-2.102978941017119574e-01,-0.000000000000000000e+00,-0.000000000000000000e+00,-0.000000000000000000e+00,-9.926147237952988658e-03,-0.000000000000000000e+00,-3.770223907434818722e-01,-0.000000000000000000e+00,-0.000000000000000000e+00,2.321190574444447652e+00,-1.363019638053568627e-01,-0.000000000000000000e+00,-9.783673282331509236e-02,-0.000000000000000000e+00,-0.000000000000000000e+00,-1.285009023197855593e-01,-0.000000000000000000e+00,-0.000000000000000000e+00
-0.000000000000000000e+00,-1.471525594258633052e-01,-4.968613714785883456e-02,-0.000000000000000000e+00,-0.000000000000000000e+00,-0.000000000000000000e+00,0.000000000000000000e+00,0.000000000000000000e+00,-0.000000000000000000e+00,-0.000000000000000000e+00,-3.679172406288412356e-01,-0.000000000000000000e+00,2.050487996523537096e-02,-0.000000000000000000e+00,-0.000000000000000000e+00,-0.000000000000000000e+00,-6.099109466809041757e-01,-0.000000000000000000e+00,-9.621411602970857124e-02,-0.000000000000000000e+00,-0.000000000000000000e+00,-0.000000000000000000e+00,-0.000000000000000000e+00,0.000000000000000000e+00,-0.000000000000000000e+00,-3.485737969507832767e-01,-2.174107913611183010e-02,-0.000000000000000000e+00,-0.000000000000000000e+00,0.000000000000000000e+00,-1.363019638053568627e-01,2.438825059704082143e+00,-0.000000000000000000e+00,-0.000000000000000000e+00,-0.000000000000000000e+00,-0.000000000000000000e+00,-5.759988910372422222e-01,-0.000000000000000000e+00,0.000000000000000000e+00
0.000000000000000000e+00,0.000000000000000000e+00,-1.970301879115896881e-01,-0.000000000000000000e+00,-6.687132216009039620e-02,7.402561338467050778e-02,0.000000000000000000e+00,0.000000000000000000e+00,-0.000000000000000000e+00,0.000000000000000000e+00,-0.000000000000000000e+00,-0.000000000000000000e+00,0.000000000000000000e+00,-1.981414169570117623e-01,-5.171379545504259378e-02,-0.000000000000000000e+00,-0.000000000000000000e+00,-1.776383695594249412e-01,-7.550032175945393942e-02,-2.383322293159010480e-02,-3.190981251816800701e-01,-3.881563618081902978e-01,-0.000000000000000000e+00,-3.562628797017908244e-01,0.000000000000000000e+00,-0.000000000000000000e+00,-0.000000000000000000e+00,-1.113670663217586065e-01,0.000000000000000000e+00,0.000000000000000000e+00,-0.000000000000000000e+00,-0.000000000000000000e+00,2.160950275081842342e+00,-2.144256462812855757e-01,0.000000000000000000e+00,1.019495318619115069e-02,-1.216897069492047789e-01,-0.000000000000000000e+00,-0.000000000000000000e+00
-0.000000000000000000e+00,-0.000000000000000000e+00,-3.668271666309693702e-01,0.000000000000000000e+00,-4.961822709034452439e-01,0.000000000000000000e+00,0.000000000000000000e+00,1.506093715059992344e-01,-4.872029687833120959e-01,0.000000000000000000e+00,-0.000000000000000000e+00,-0.000000000000000000e+00,0.000000000000000000e+00,-0.000000000000000000e+00,-0.000000000000000000e+00,-0.000000000000000000e+00,-0.000000000000000000e+00,-0.000000000000000000e+00,-0.000000000000000000e+00,0.000000000000000000e+00,-1.291042206820549876e-01,-1.829671577947729610e-01,-0.000000000000000000e+00,-1.305857137311742522e-01,-0.000000000000000000e+00,-0.000000000000000000e+00,-0.000000000000000000e+00,-0.000000000000000000e+00,0.000000000000000000e+00,-0.000000000000000000e+00,-9.783673282331509236e-02,-0.000000000000000000e+00,-2.144256462812855757e-01,2.420398874676458423e+00,-0.000000000000000000e+00,0.000000000000000000e+00,-0.000000000000000000e+00,-1.989524885780792618e-01,-0.000000000000000000e+00
-0.000000000000000000e+00,-0.000000000000000000e+00,-0.000000000000000000e+00,-0.000000000000000000e+00,-0.000000000000000000e+00,-0.000000000000000000e+00,1.488586992981779933e-01,0.000000000000000000e+00,-0.000000000000000000e+00,-8.850693809839009496e-02,-0.000000000000000000e+00,-0.000000000000000000e+00,0.000000000000000000e+00,-0.000000000000000000e+00,1.091820331542912026e-01,-0.000000000000000000e+00,-0.000000000000000000e+00,0.000000000000000000e+00,0.000000000000000000e+00,0.000000000000000000e+00,0.000000000000000000e+00,-0.000000000000000000e+00,-0.000000000000000000e+00,-0.000000000000000000e+00,-0.000000000000000000e+00,-0.000000000000000000e+00,-2.893996232340190211e-02,-0.000000000000000000e+00,-6.359713500865289693e-02,0.000000000000000000e+00,-0.000000000000000000e+00,-0.000000000000000000e+00,0.000000000000000000e+00,-0.000000000000000000e+00,1.136317382883801796e+00,-0.000000000000000000e+00,-2.947089958743082660e-01,-0.000000000000000000e+00,0.000000000000000000e+00
-0.000000000000000000e+00,-6.529478885020242873e-02,0.000000000000000000e+00,-7.232225051872404054e-02,0.000000000000000000e+00,-0.000000000000000000e+00,-0.000000000000000000e+00,0.000000000000000000e+00,0.000000000000000000e+00,-1.514442233412793271e-01,-0.000000000000000000e+00,-0.000000000000000000e+00,-0.000000000000000000e+00,-0.000000000000000000e+00,-0.000000000000000000e+00,-1.898069228201107184e-01,-7.152388130398364130e-02,-0.000000000000000000e+00,0.000000000000000000e+00,-0.000000000000000000e+00,1.224925483355457645e-01,-0.000000000000000000e+00,-0.000000000000000000e+00,2.124851576127248787e-01,-0.000000000000000000e+00,-9.438614426989801187e-02,-0.000000000000000000e+00,-0.000000000000000000e+00,-5.737577501972281752e-02,-0.000000000000000000e+00,-0.000000000000000000e+00,-0.000000000000000000e+00,1.019495318619115069e-02,0.000000000000000000e+00,-0.000000000000000000e+00,1.218365117248795038e+00,-0.000000000000000000e+00,0.000000000000000000e+00,-0.000000000000000000e+00
0.000000000000000000e+00,-0.000000000000000000e+00,-0.000000000000000000e+00,-0.000000000000000000e+00,-0.000000000000000000e+00,-0.000000000000000000e+00,0.000000000000000000e+00,0.000000000000000000e+00,-0.000000000000000000e+00,-0.000000000000000000e+00,-0.000000000000000000e+00,-1.690978327236813405e-01,0.000000000000000000e+00,-0.000000000000000000e+00,-0.000000000000000000e+00,-4.271478313376199376e-02,-4.044819272763432449e-01,-2.260504087886448521e-01,-0.000000000000000000e+00,-1.358678013144913876e-01,-0.000000000000000000e+00,-0.000000000000000000e+00,-0.000000000000000000e+00,-0.000000000000000000e+00,-0.000000000000000000e+00,-1.724473933125588720e-01,-0.000000000000000000e+00,-1.984286429265091078e-01,-0.000000000000000000e+00,0.000000000000000000e+00,-1.285009023197855593e-01,-5.759988910372422222e-01,-1.216897069492047789e-01,-0.000000000000000000e+00,-2.947089958743082660e-01,-0.000000000000000000e+00,2.297791407584410361e+00,-0.000000000000000000e+00,-0.000000000000000000e+00
-6.809076630062449453e-02,-0.000000000000000000e+00,-0.000000000000000000e+00,-0.000000000000000000e+00,-1.389426430650902121e-02,0.000000000000000000e+00,0.000000000000000000e+00,9.239459714877463863e-05,-1.836436297272902030e-01,-1.996831083664266371e-01,-0.000000000000000000e+00,-2.195533407389499772e-02,0.000000000000000000e+00,-0.000000000000000000e+00,-0.000000000000000000e+00,-3.726626581441383479e-01,0.000000000000000000e+00,-0.000000000000000000e+00,-0.000000000000000000e+00,-0.000000000000000000e+00,0.000000000000000000e+00,-0.000000000000000000e+00,-0.000000000000000000e+00,-0.000000000000000000e+00,-2.282907893249695730e-01,-0.000000000000000000e+00,-1.148810899710291100e-01,-0.000000000000000000e+00,-0.000000000000000000e+00,-5.676203493570549513e-02,-0.000000000000000000e+00,-0.000000000000000000e+00,-0.000000000000000000e+00,-1.989524885780792618e-01,-0.000000000000000000e+00,0.000000000000000000e+00,-0.000000000000000000e+00,2.046543444260374489e+00,-5.683226072061696721e-01
-0.000000000000000000e+00,0.000000000000000000e+00,-0.000000000000000000e+00,-0.000000000000000000e+00,-9.892260390191458252e-02,2.353421217582876979e-01,-0.000000000000000000e+00,0.000000000000000000e+00,-0.000000000000000000e+00,-0.000000000000000000e+00,-0.000000000000000000e+00,-6.006907998170742946e-01,-0.000000000000000000e+00,-1.079276636065131939e-01,-0.000000000000000000e+00,-5.003843675980742395e-02,0.000000000000000000e+00,-0.000000000000000000e+00,-2.453209483565345697e-02,-9.588697600659701337e-02,0.000000000000000000e+00,-0.000000000000000000e+00,-1.359816852569428226e-02,-0.000000000000000000e+00,-6.007007122324622278e-02,0.000000000000000000e+00,-0.000000000000000000e+00,-0.000000000000000000e+00,0.000000000000000000e+00,-0.000000000000000000e+00,-0.000000000000000000e+00,0.000000000000000000e+00,-0.000000000000000000e+00,-0.000000000000000000e+00,0.000000000000000000e+00,-0.000000000000000000e+00,-0.000000000000000000e+00,-5.683226072061696721e-01,1.886403189276906645e+00
