2.368894453130599764e+00,-5.770315938048463655e-01,-0.000000000000000000e+00,0.000000000000000000e+00,-2.008977269986852998e-01,2.027826099183502317e-02,8.168846424692729341e-03,0.000000000000000000e+00,-0.000000000000000000e+00,-4.521001494155205691e-01,-0.000000000000000000e+00,-0.000000000000000000e+00,-0.000000000000000000e+00,-1.240826920244188919e-02,-0.000000000000000000e+00,-4.888923748525239588e-01,0.000000000000000000e+00,0.000000000000000000e+00,-0.000000000000000000e+00,-0.000000000000000000e+00,-0.000000000000000000e+00,0.000000000000000000e+00,-0.000000000000000000e+00,-0.000000000000000000e+00,-2.237623498314212644e-01,-1.561280172218873219e-01,-0.000000000000000000e+00,-0.000000000000000000e+00,-8.816805970593336039e-02,-1.783931407385135337e-01,-0.000000000000000000e+00,-0.000000000000000000e+00,-0.000000000000000000e+00,-0.000000000000000000e+00,-0.000000000000000000e+00,-0.000000000000000000e+00,-0.000000000000000000e+00,-0.000000000000000000e+00,-0.000000000000000000e+00
-5.770315938048463655e-01,1.817019788130969538e+00,-0.000000000000000000e+00,0.000000000000000000e+00,-0.000000000000000000e+00,-0.000000000000000000e+00,0.000000000000000000e+00,0.000000000000000000e+00,-0.000000000000000000e+00,-1.381165687418717813e-01,-2.444890917335501845e-01,-0.000000000000000000e+00,-0.000000000000000000e+00,-0.000000000000000000e+00,0.000000000000000000e+00,-0.000000000000000000e+00,-0.000000000000000000e+00,4.137503910540714369e-02,-0.000000000000000000e+00,0.000000000000000000e+00,-0.000000000000000000e+00,2.106852546855244451e-02,-0.000000000000000000e+00,-8.874669156051623320e-02,-1.943650296072438333e-02,-3.975171844153887468e-01,-1.555682251692636908e-01,0.000000000000000000e+00,-0.000000000000000000e+00,-0.000000000000000000e+00,-0.000000000000000000e+00,-0.000000000000000000e+00,0.000000000000000000e+00,-0.000000000000000000e+00,-0.000000000000000000e+00,-0.000000000000000000e+00,-0.000000000000000000e+00,-0.000000000000000000e+00,-0.000000000000000000e+00
-0.000000000000000000e+00,-0.000000000000000000e+00,3.380490907926422928e+00,1.501196757212414599e-02,-0.000000000000000000e+00,0.000000000000000000e+00,0.000000000000000000e+00,1.012944594651505659e+00,-0.000000000000000000e+00,-0.000000000000000000e+00,-0.000000000000000000e+00,-2.286413181742167622e-01,-0.000000000000000000e+00,-0.000000000000000000e+00,-3.992550884453886506e-01,-4.496443480323839004e-02,-0.000000000000000000e+00,-0.000000000000000000e+00,-3.080836335290152994e-01,-2.217353141871933504e-03,-2.583955941256471656e-01,0.000000000000000000e+00,-0.000000000000000000e+00,-0.000000000000000000e+00,-0.000000000000000000e+00,-0.000000000000000000e+00,-1.991336937700003695e-01,-2.508241112887222291e-01,-0.000000000000000000e+00,-0.000000000000000000e+00,-2.337316437737122984e-02,-0.000000000000000000e+00,-6.607626370499524171e-01,0.000000000000000000e+00,-0.000000000000000000e+00,-0.000000000000000000e+00,-8.917709709081346817e-03,-0.000000000000000000e+00,-1.097787798841510093e-01
0.000000000000000000e+00,0.000000000000000000e+00,1.501196757212414599e-02,1.969455374425316707e+00,0.000000000000000000e+00,-0.000000000000000000e+00,-0.000000000000000000e+00,-7.999106257818405785e-02,-0.000000000000000000e+00,0.000000000000000000e+00,0.000000000000000000e+00,0.000000000000000000e+00,7.485423462315017595e-03,0.000000000000000000e+00,5.653308044199275573e-01,0.000000000000000000e+00,0.000000000000000000e+00,0.000000000000000000e+00,0.000000000000000000e+00,0.000000000000000000e+00,0.000000000000000000e+00,-0.000000000000000000e+00,0.000000000000000000e+00,0.000000000000000000e+00,0.000000000000000000e+00,9.182668652211134486e-02,0.000000000000000000e+00,7.261437287479807212e-01,7.464488897386675759e-02,0.000000000000000000e+00,0.000000000000000000e+00,0.000000000000000000e+00,0.000000000000000000e+00,-8.622781593748268802e-02,1.084592952854785547e-01,0.000000000000000000e+00,0.000000000000000000e+00,0.000000000000000000e+00,0.000000000000000000e+00
-2.008977269986852998e-01,-0.000000000000000000e+00,-0.000000000000000000e+00,0.000000000000000000e+00,2.030162096389537041e+00,0.000000000000000000e+00,0.000000000000000000e+00,0.000000000000000000e+00,-3.081893288211179915e-01,-0.000000000000000000e+00,-2.104119832763679532e-01,-0.000000000000000000e+00,-0.000000000000000000e+00,-4.860802122067375830e-01,-0.000000000000000000e+00,-1.812932293798731609e-01,-0.000000000000000000e+00,-0.000000000000000000e+00,-1.999953445491197135e-01,0.000000000000000000e+00,-3.075666732476987630e-01,0.000000000000000000e+00,-8.424731285955545934e-02,-0.000000000000000000e+00,-0.000000000000000000e+00,-0.000000000000000000e+00,-0.000000000000000000e+00,-0.000000000000000000e+00,-0.000000000000000000e+00,-2.148314552228252142e-02,-0.000000000000000000e+00,-0.000000000000000000e+00,-0.000000000000000000e+00,-1.204829104138666063e-01,-0.000000000000000000e+00,-0.000000000000000000e+00,-0.000000000000000000e+00,-0.000000000000000000e+00,-0.000000000000000000e+00
2.027826099183502317e-02,-0.000000000000000000e+00,0.000000000000000000e+00,-0.000000000000000000e+00,0.000000000000000000e+00,1.418689978125087015e+00,-0.000000000000000000e+00,-0.000000000000000000e+00,1.211089288328818930e-01,0.000000000000000000e+00,0.000000000000000000e+00,8.516235678223949002e-02,4.861006727322748217e-02,0.000000000000000000e+00,4.464169992971543932e-01,0.000000000000000000e+00,-3.938081112004438444e-01,0.000000000000000000e+00,0.000000000000000000e+00,0.000000000000000000e+00,1.003895442799216109e-01,-0.000000000000000000e+00,0.000000000000000000e+00,-0.000000000000000000e+00,-0.000000000000000000e+00,0.000000000000000000e+00,-0.000000000000000000e+00,0.000000000000000000e+00,-0.000000000000000000e+00,0.000000000000000000e+00,-0.000000000000000000e+00,-3.572952851649672801e-01,-0.000000000000000000e+00,0.000000000000000000e+00,-0.000000000000000000e+00,0.000000000000000000e+00,-0.000000000000000000e+00,1.327780429117657313e-01,0.000000000000000000e+00
8.168846424692729341e-03,0.000000000000000000e+00,0.000000000000000000e+00,-0.000000000000000000e+00,0.000000000000000000e+00,-0.000000000000000000e+00,1.764664323732179962e+00,-0.000000000000000000e+00,0.000000000000000000e+00,0.000000000000000000e+00,0.000000000000000000e+00,5.782424079994958888e-01,1.217073301331644680e-01,1.040600574421762141e-03,4.768056739169631436e-02,0.000000000000000000e+00,-0.000000000000000000e+00,-0.000000000000000000e+00,2.635081200769990861e-01,0.000000000000000000e+00,0.000000000000000000e+00,-1.321444705990438007e-01,0.000000000000000000e+00,0.000000000000000000e+00,0.000000000000000000e+00,0.000000000000000000e+00,2.502579657738504548e-01,0.000000000000000000e+00,1.006711226716330287e-01,0.000000000000000000e+00,-0.000000000000000000e+00,0.000000000000000000e+00,0.000000000000000000e+00,-1.224313154375862300e-01,0.000000000000000000e+00,0.000000000000000000e+00,1.620541793345711412e-01,-0.000000000000000000e+00,0.000000000000000000e+00
0.000000000000000000e+00,0.000000000000000000e+00,1.012944594651505659e+00,-7.999106257818405785e-02,0.000000000000000000e+00,-0.000000000000000000e+00,-0.000000000000000000e+00,3.305285422858399880e+00,0.000000000000000000e+00,0.000000000000000000e+00,0.000000000000000000e+00,2.083508767374937787e-01,0.000000000000000000e+00,0.000000000000000000e+00,3.896189273297581690e-01,7.182045431592307128e-02,0.000000000000000000e+00,0.000000000000000000e+00,2.781034151180162284e-01,0.000000000000000000e+00,2.454086280017417632e-01,-0.000000000000000000e+00,0.000000000000000000e+00,0.000000000000000000e+00,0.000000000000000000e+00,0.000000000000000000e+00,2.518065669178272681e-01,2.217192046433131558e-01,0.000000000000000000e+00,0.000000000000000000e+00,0.000000000000000000e+00,0.000000000000000000e+00,5.466853335038533990e-01,-0.000000000000000000e+00,0.000000000000000000e+00,6.074914652722512853e-02,3.190793348283912229e-02,0.000000000000000000e+00,6.106152560393171558e-02
-0.000000000000000000e+00,-0.000000000000000000e+00,-0.000000000000000000e+00,-0.000000000000000000e+00,-3.081893288211179915e-01,1.211089288328818930e-01,0.000000000000000000e+00,0.000000000000000000e+00,1.967635597430904326e+00,-3.752457974793163564e-02,-9.698119802166718303e-03,-0.000000000000000000e+00,-0.000000000000000000e+00,-4.052345241124482439e-02,-0.000000000000000000e+00,-5.642527916039095232e-02,0.000000000000000000e+00,-0.000000000000000000e+00,-0.000000000000000000e+00,0.000000000000000000e+00,-0.000000000000000000e+00,0.000000000000000000e+00,-2.053920944164829843e-01,-0.000000000000000000e+00,-0.000000000000000000e+00,-0.000000000000000000e+00,0.000000000000000000e+00,0.000000000000000000e+00,-0.000000000000000000e+00,-1.898854455407044672e-01,-0.000000000000000000e+00,0.000000000000000000e+00,0.000000000000000000e+00,-9.075910738562045221e-01,0.000000000000000000e+00,-0.000000000000000000e+00,0.000000000000000000e+00,-2.330346050144943282e-01,-0.000000000000000000e+00
-4.521001494155205691e-01,-1.381165687418717813e-01,-0.000000000000000000e+00,0.000000000000000000e+00,-0.000000000000000000e+00,0.000000000000000000e+00,0.000000000000000000e+00,0.000000000000000000e+00,-3.752457974793163564e-02,2.575025976016309226e+00,-0.000000000000000000e+00,-0.000000000000000000e+00,-0.000000000000000000e+00,-2.534391685548760820e-01,-0.000000000000000000e+00,-7.558249519366074809e-01,-0.000000000000000000e+00,-0.000000000000000000e+00,-0.000000000000000000e+00,-0.000000000000000000e+00,-0.000000000000000000e+00,0.000000000000000000e+00,-1.572195672056309612e-01,-0.000000000000000000e+00,-1.716932738226818744e-01,-0.000000000000000000e+00,-0.000000000000000000e+00,-0.000000000000000000e+00,-1.118765759710655394e-01,-3.569583793691329388e-01,-0.000000000000000000e+00,-0.000000000000000000e+00,-0.000000000000000000e+00,-0.000000000000000000e+00,-0.000000000000000000e+00,-1.977153941880835097e-01,-0.000000000000000000e+00,-0.000000000000000000e+00,-6.222930396892698002e-02
-0.000000000000000000e+00,-2.444890917335501845e-01,-0.000000000000000000e+00,0.000000000000000000e+00,-2.104119832763679532e-01,0.000000000000000000e+00,0.000000000000000000e+00,0.000000000000000000e+00,-9.698119802166718303e-03,-0.000000000000000000e+00,1.442116938025421069e+00,-0.000000000000000000e+00,-0.000000000000000000e+00,-2.109975994085581952e-01,-0.000000000000000000e+00,-0.000000000000000000e+00,-1.769948315927103583e-02,0.000000000000000000e+00,-0.000000000000000000e+00,0.000000000000000000e+00,-6.903135182781136928e-03,0.000000000000000000e+00,-1.060833254030566913e-01,-0.000000000000000000e+00,-0.000000000000000000e+00,-2.015474292688880231e-01,-0.000000000000000000e+00,-0.000000000000000000e+00,-0.000000000000000000e+00,-2.793295306081402737e-02,-0.000000000000000000e+00,-0.000000000000000000e+00,-0.000000000000000000e+00,-0.000000000000000000e+00,-0.000000000000000000e+00,-0.000000000000000000e+00,-0.000000000000000000e+00,-0.000000000000000000e+00,-6.653725573915221514e-02
-0.000000000000000000e+00,-0.000000000000000000e+00,-2.286413181742167622e-01,0.000000000000000000e+00,-0.000000000000000000e+00,8.516235678223949002e-02,5.782424079994958888e-01,2.083508767374937787e-01,-0.000000000000000000e+00,-0.000000000000000000e+00,-0.000000000000000000e+00,2.436088170819799448e+00,-0.000000000000000000e+00,-0.000000000000000000e+00,-5.622687985796620547e-01,-1.212590295802656731e-01,0.000000000000000000e+00,-0.000000000000000000e+00,-4.526713709747789416e-01,-0.000000000000000000e+00,-0.000000000000000000e+00,0.000000000000000000e+00,-0.000000000000000000e+00,-0.000000000000000000e+00,-0.000000000000000000e+00,-0.000000000000000000e+00,-0.000000000000000000e+00,-0.000000000000000000e+00,-0.000000000000000000e+00,-0.000000000000000000e+00,-0.000000000000000000e+00,-0.000000000000000000e+00,-0.000000000000000000e+00,0.000000000000000000e+00,-0.000000000000000000e+00,-0.000000000000000000e+00,-0.000000000000000000e+00,0.000000000000000000e+00,-2.596164710159294953e-01
-0.000000000000000000e+00,-0.000000000000000000e+00,-0.000000000000000000e+00,7.485423462315017595e-03,-0.000000000000000000e+00,4.861006727322748217e-02,1.217073301331644680e-01,0.000000000000000000e+00,-0.000000000000000000e+00,-0.000000000000000000e+00,-0.000000000000000000e+00,-0.000000000000000000e+00,1.138370546514588799e+00,-0.000000000000000000e+00,-5.337818742704923680e-02,-0.000000000000000000e+00,-0.000000000000000000e+00,5.091136890137988071e-03,-0.000000000000000000e+00,1.113020896072871163e-01,-0.000000000000000000e+00,0.000000000000000000e+00,-0.000000000000000000e+00,0.000000000000000000e+00,-2.681136321983107040e-03,-0.000000000000000000e+00,-0.000000000000000000e+00,-0.000000000000000000e+00,-0.000000000000000000e+00,-2.995366908696996122e-02,3.848910192647261308e-01,-0.000000000000000000e+00,-0.000000000000000000e+00,0.000000000000000000e+00,-0.000000000000000000e+00,0.000000000000000000e+00,-0.000000000000000000e+00,0.000000000000000000e+00,0.000000000000000000e+00
-1.240826920244188919e-02,-0.000000000000000000e+00,-0.000000000000000000e+00,0.000000000000000000e+00,-4.860802122067375830e-01,0.000000000000000000e+00,1.040600574421762141e-03,0.000000000000000000e+00,-4.052345241124482439e-02,-2.534391685548760820e-01,-2.109975994085581952e-01,-0.000000000000000000e+00,-0.000000000000000000e+00,2.229300479993869377e+00,-0.000000000000000000e+00,-1.393051527458713246e-01,-0.000000000000000000e+00,-0.000000000000000000e+00,-5.763610353351618365e-02,0.000000000000000000e+00,-4.118605237452436195e-03,0.000000000000000000e+00,-1.370756058446468695e-01,-5.206131058996921190e-01,-0.000000000000000000e+00,-0.000000000000000000e+00,-5.291576627729730614e-02,-0.000000000000000000e+00,-2.981508757019418754e-01,-0.000000000000000000e+00,-0.000000000000000000e+00,-0.000000000000000000e+00,-0.000000000000000000e+00,-0.000000000000000000e+00,-6.359046738461530957e-02,-9.440624019366035402e-02,-0.000000000000000000e+00,-0.000000000000000000e+00,-0.000000000000000000e+00
-0.000000000000000000e+00,0.000000000000000000e+00,-3.992550884453886506e-01,5.653308044199275573e-01,-0.000000000000000000e+00,4.464169992971543932e-01,4.768056739169631436e-02,3.896189273297581690e-01,-0.000000000000000000e+00,-0.000000000000000000e+00,-0.000000000000000000e+00,-5.622687985796620547e-01,-5.337818742704923680e-02,-0.000000000000000000e+00,2.673576471389395248e+00,-1.605274107389106572e-02,0.000000000000000000e+00,-3.052228398734984846e-03,-3.160703621063497282e-02,-8.598554906693056665e-02,-2.249949415932358809e-01,0.000000000000000000e+00,-0.000000000000000000e+00,-0.000000000000000000e+00,-0.000000000000000000e+00,-0.000000000000000000e+00,-0.000000000000000000e+00,-2.180957589453711432e-01,-0.000000000000000000e+00,-0.000000000000000000e+00,-0.000000000000000000e+00,-0.000000000000000000e+00,-0.000000000000000000e+00,0.000000000000000000e+00,-0.000000000000000000e+00,-0.000000000000000000e+00,-0.000000000000000000e+00,-0.000000000000000000e+00,-0.000000000000000000e+00
-4.888923748525239588e-01,-0.000000000000000000e+00,-4.496443480323839004e-02,0.000000000000000000e+00,-1.812932293798731609e-01,0.000000000000000000e+00,0.000000000000000000e+00,7.182045431592307128e-02,-5.642527916039095232e-02,-7.558249519366074809e-01,-0.000000000000000000e+00,-1.212590295802656731e-01,-0.000000000000000000e+00,-1.393051527458713246e-01,-1.605274107389106572e-02,2.661190740638999408e+00,0.000000000000000000e+00,-0.000000000000000000e+00,-6.345562007295886542e-02,-0.000000000000000000e+00,-6.036699403888442367e-02,0.000000000000000000e+00,-2.755122108231061184e-01,-0.000000000000000000e+00,-0.000000000000000000e+00,-0.000000000000000000e+00,-0.000000000000000000e+00,-0.000000000000000000e+00,-0.000000000000000000e+00,-2.726948958094324027e-01,-0.000000000000000000e+00,-0.000000000000000000e+00,-0.000000000000000000e+00,-0.000000000000000000e+00,-0.000000000000000000e+00,-3.070394562281619222e-01,-0.000000000000000000e+00,-0.000000000000000000e+00,-1.084517588520676409e-02
0.000000000000000000e+00,-0.000000000000000000e+00,-0.000000000000000000e+00,0.000000000000000000e+00,-0.000000000000000000e+00,-3.938081112004438444e-01,-0.000000000000000000e+00,0.000000000000000000e+00,0.000000000000000000e+00,-0.000000000000000000e+00,-1.769948315927103583e-02,0.000000000000000000e+00,-0.000000000000000000e+00,-0.000000000000000000e+00,0.000000000000000000e+00,0.000000000000000000e+00,1.482264770128130849e+00,-0.000000000000000000e+00,0.000000000000000000e+00,0.000000000000000000e+00,0.000000000000000000e+00,0.000000000000000000e+00,-2.999157106178621662e-02,-1.272724075972143654e-01,-0.000000000000000000e+00,-0.000000000000000000e+00,-0.000000000000000000e+00,-0.000000000000000000e+00,-1.477478971279611863e-01,-0.000000000000000000e+00,-3.413356402494701486e-02,-2.203496467283471150e-01,-0.000000000000000000e+00,-0.000000000000000000e+00,-3.500804442019341267e-01,-0.000000000000000000e+00,-0.000000000000000000e+00,-0.000000000000000000e+00,0.000000000000000000e+00
0.000000000000000000e+00,4.137503910540714369e-02,-0.000000000000000000e+00,0.000000000000000000e+00,-0.000000000000000000e+00,0.000000000000000000e+00,-0.000000000000000000e+00,0.000000000000000000e+00,-0.000000000000000000e+00,-0.000000000000000000e+00,0.000000000000000000e+00,-0.000000000000000000e+00,5.091136890137988071e-03,-0.000000000000000000e+00,-3.052228398734984846e-03,-0.000000000000000000e+00,-0.000000000000000000e+00,1.399824709589848171e+00,-0.000000000000000000e+00,-1.053446933969890975e-01,-5.451383030388821938e-02,-1.338772904007407526e-02,0.000000000000000000e+00,-0.000000000000000000e+00,0.000000000000000000e+00,-0.000000000000000000e+00,0.000000000000000000e+00,-0.000000000000000000e+00,-0.000000000000000000e+00,0.000000000000000000e+00,-7.674056338465394533e-02,-0.000000000000000000e+00,-1.045496541202518559e-01,-0.000000000000000000e+00,-0.000000000000000000e+00,0.000000000000000000e+00,0.000000000000000000e+00,-3.070196565500089014e-01,-4.340717203968872950e-01
-0.000000000000000000e+00,-0.000000000000000000e+00,-3.080836335290152994e-01,0.000000000000000000e+00,-1.999953445491197135e-01,0.000000000000000000e+00,2.635081200769990861e-01,2.781034151180162284e-01,-0.000000000000000000e+00,-0.000000000000000000e+00,-0.000000000000000000e+00,-4.526713709747789416e-01,-0.000000000000000000e+00,-5.763610353351618365e-02,-3.160703621063497282e-02,-6.345562007295886542e-02,0.000000000000000000e+00,-0.000000000000000000e+00,2.368839231593355965e+00,-0.000000000000000000e+00,-2.647278302580198250e-01,0.000000000000000000e+00,-0.000000000000000000e+00,-0.000000000000000000e+00,-0.000000000000000000e+00,-0.000000000000000000e+00,-3.068036297468909046e-01,-0.000000000000000000e+00,-0.000000000000000000e+00,-0.000000000000000000e+00,-0.000000000000000000e+00,-0.000000000000000000e+00,-1.101829773122479789e-01,0.000000000000000000e+00,-0.000000000000000000e+00,-0.000000000000000000e+00,-0.000000000000000000e+00,0.000000000000000000e+00,-3.535390285431430635e-02
-0.000000000000000000e+00,0.000000000000000000e+00,-2.217353141871933504e-03,0.000000000000000000e+00,0.000000000000000000e+00,0.000000000000000000e+00,0.000000000000000000e+00,0.000000000000000000e+00,0.000000000000000000e+00,-0.000000000000000000e+00,0.000000000000000000e+00,-0.000000000000000000e+00,1.113020896072871163e-01,0.000000000000000000e+00,-8.598554906693056665e-02,-0.000000000000000000e+00,0.000000000000000000e+00,-1.053446933969890975e-01,-0.000000000000000000e+00,1.076395944229126656e+00,-1.191144490966714597e-01,-0.000000000000000000e+00,0.000000000000000000e+00,-0.000000000000000000e+00,0.000000000000000000e+00,-0.000000000000000000e+00,-0.000000000000000000e+00,-1.969138833090940816e-02,-0.000000000000000000e+00,0.000000000000000000e+00,-0.000000000000000000e+00,-0.000000000000000000e+00,-8.730534636962484357e-03,0.000000000000000000e+00,0.000000000000000000e+00,0.000000000000000000e+00,-0.000000000000000000e+00,-0.000000000000000000e+00,-0.000000000000000000e+00
-0.000000000000000000e+00,-0.000000000000000000e+00,-2.583955941256471656e-01,0.000000000000000000e+00,-3.075666732476987630e-01,1.003895442799216109e-01,0.000000000000000000e+00,2.454086280017417632e-01,-0.000000000000000000e+00,-0.000000000000000000e+00,-6.903135182781136928e-03,-0.000000000000000000e+00,-0.000000000000000000e+00,-4.118605237452436195e-03,-2.249949415932358809e-01,-6.036699403888442367e-02,0.000000000000000000e+00,-5.451383030388821938e-02,-2.647278302580198250e-01,-1.191144490966714597e-01,2.157156197997253333e+00,0.000000000000000000e+00,-0.000000000000000000e+00,-0.000000000000000000e+00,-0.000000000000000000e+00,-3.510922200900838952e-01,-0.000000000000000000e+00,-5.186529825152026707e-02,-0.000000000000000000e+00,-0.000000000000000000e+00,-0.000000000000000000e+00,-0.000000000000000000e+00,-3.634750960909972212e-02,-0.000000000000000000e+00,-0.000000000000000000e+00,-0.000000000000000000e+00,-0.000000000000000000e+00,-1.926955569045270267e-02,-1.860101196058933926e-01
0.000000000000000000e+00,2.106852546855244451e-02,0.000000000000000000e+00,-0.000000000000000000e+00,0.000000000000000000e+00,-0.000000000000000000e+00,-1.321444705990438007e-01,-0.000000000000000000e+00,0.000000000000000000e+00,0.000000000000000000e+00,0.000000000000000000e+00,0.000000000000000000e+00,0.000000000000000000e+00,0.000000000000000000e+00,0.000000000000000000e+00,0.000000000000000000e+00,0.000000000000000000e+00,-1.338772904007407526e-02,0.000000000000000000e+00,-0.000000000000000000e+00,0.000000000000000000e+00,1.043424566488403427e+00,0.000000000000000000e+00,0.000000000000000000e+00,0.000000000000000000e+00,6.494160880541414993e-02,5.530992798606152588e-02,0.000000000000000000e+00,0.000000000000000000e+00,0.000000000000000000e+00,-0.000000000000000000e+00,0.000000000000000000e+00,-0.000000000000000000e+00,-0.000000000000000000e+00,0.000000000000000000e+00,0.000000000000000000e+00,0.000000000000000000e+00,0.000000000000000000e+00,-0.000000000000000000e+00
-0.000000000000000000e+00,-0.000000000000000000e+00,-0.000000000000000000e+00,0.000000000000000000e+00,-8.424731285955545934e-02,0.000000000000000000e+00,0.000000000000000000e+00,0.000000000000000000e+00,-2.053920944164829843e-01,-1.572195672056309612e-01,-1.060833254030566913e-01,-0.000000000000000000e+00,-0.000000000000000000e+00,-1.370756058446468695e-01,-0.000000000000000000e+00,-2.755122108231061184e-01,-2.999157106178621662e-02,0.000000000000000000e+00,-0.000000000000000000e+00,0.000000000000000000e+00,-0.000000000000000000e+00,0.000000000000000000e+00,2.298124623942536804e+00,-3.308642739838086877e-01,-8.821614369061800964e-01,-0.000000000000000000e+00,-0.000000000000000000e+00,-0.000000000000000000e+00,-0.000000000000000000e+00,-1.141722428298180270e-01,-0.000000000000000000e+00,-0.000000000000000000e+00,-0.000000000000000000e+00,-0.000000000000000000e+00,-0.000000000000000000e+00,-7.202497178492420216e-02,-0.000000000000000000e+00,-0.000000000000000000e+00,-0.000000000000000000e+00
-0.000000000000000000e+00,-8.874669156051623320e-02,-0.000000000000000000e+00,0.000000000000000000e+00,-0.000000000000000000e+00,-0.000000000000000000e+00,0.000000000000000000e+00,0.000000000000000000e+00,-0.000000000000000000e+00,-0.000000000000000000e+00,-0.000000000000000000e+00,-0.000000000000000000e+00,0.000000000000000000e+00,-5.206131058996921190e-01,-0.000000000000000000e+00,-0.000000000000000000e+00,-1.272724075972143654e-01,-0.000000000000000000e+00,-0.000000000000000000e+00,-0.000000000000000000e+00,-0.000000000000000000e+00,0.000000000000000000e+00,-3.308642739838086877e-01,1.661521979008071748e+00,-4.359289813680635589e-02,-0.000000000000000000e+00,-7.795156528530168549e-02,-0.000000000000000000e+00,-0.000000000000000000e+00,-0.000000000000000000e+00,-1.237635320934505484e-01,-0.000000000000000000e+00,-0.000000000000000000e+00,-0.000000000000000000e+00,-1.583033856740519163e-01,-0.000000000000000000e+00,-0.000000000000000000e+00,-0.000000000000000000e+00,-0.000000000000000000e+00
-2.237623498314212644e-01,-1.943650296072438333e-02,-0.000000000000000000e+00,0.000000000000000000e+00,-0.000000000000000000e+00,-0.000000000000000000e+00,0.000000000000000000e+00,0.000000000000000000e+00,-0.000000000000000000e+00,-1.716932738226818744e-01,-0.000000000000000000e+00,-0.000000000000000000e+00,-2.681136321983107040e-03,-0.000000000000000000e+00,-0.000000000000000000e+00,-0.000000000000000000e+00,-0.000000000000000000e+00,0.000000000000000000e+00,-0.000000000000000000e+00,0.000000000000000000e+00,-0.000000000000000000e+00,0.000000000000000000e+00,-8.821614369061800964e-01,-4.359289813680635589e-02,2.008150908543163915e+00,-0.000000000000000000e+00,-0.000000000000000000e+00,-0.000000000000000000e+00,-0.000000000000000000e+00,-3.874452394136361777e-01,-0.000000000000000000e+00,-0.000000000000000000e+00,-0.000000000000000000e+00,-0.000000000000000000e+00,-0.000000000000000000e+00,-0.000000000000000000e+00,-0.000000000000000000e+00,0.000000000000000000e+00,0.000000000000000000e+00
-1.561280172218873219e-01,-3.975171844153887468e-01,-0.000000000000000000e+00,9.182668652211134486e-02,-0.000000000000000000e+00,0.000000000000000000e+00,0.000000000000000000e+00,0.000000000000000000e+00,-0.000000000000000000e+00,-0.000000000000000000e+00,-2.015474292688880231e-01,-0.000000000000000000e+00,-0.000000000000000000e+00,-0.000000000000000000e+00,-0.000000000000000000e+00,-0.000000000000000000e+00,-0.000000000000000000e+00,-0.000000000000000000e+00,-0.000000000000000000e+00,-0.000000000000000000e+00,-3.510922200900838952e-01,6.494160880541414993e-02,-0.000000000000000000e+00,-0.000000000000000000e+00,-0.000000000000000000e+00,2.183533746915981677e+00,-2.001537796472036834e-01,-3.113019596003385736e-01,-4.481786951669634589e-01,0.000000000000000000e+00,-0.000000000000000000e+00,-0.000000000000000000e+00,-0.000000000000000000e+00,0.000000000000000000e+00,-0.000000000000000000e+00,-0.000000000000000000e+00,-0.000000000000000000e+00,-1.517197060169438727e-01,-0.000000000000000000e+00
-0.000000000000000000e+00,-1.555682251692636908e-01,-1.991336937700003695e-01,0.000000000000000000e+00,-0.000000000000000000e+00,-0.000000000000000000e+00,2.502579657738504548e-01,2.518065669178272681e-01,0.000000000000000000e+00,-0.000000000000000000e+00,-0.000000000000000000e+00,-0.000000000000000000e+00,-0.000000000000000000e+00,-5.291576627729730614e-02,-0.000000000000000000e+00,-0.000000000000000000e+00,-0.000000000000000000e+00,0.000000000000000000e+00,-3.068036297468909046e-01,-0.000000000000000000e+00,-0.000000000000000000e+00,5.530992798606152588e-02,-0.000000000000000000e+00,-7.795156528530168549e-02,-0.000000000000000000e+00,-2.001537796472036834e-01,2.361251795850900503e+00,-0.000000000000000000e+00,-0.000000000000000000e+00,-0.000000000000000000e+00,-0.000000000000000000e+00,-1.100498501435448057e-01,-0.000000000000000000e+00,0.000000000000000000e+00,-0.000000000000000000e+00,-1.553894214106869009e-01,-7.085555961410153758e-01,0.000000000000000000e+00,-0.000000000000000000e+00
-0.000000000000000000e+00,0.000000000000000000e+00,-2.508241112887222291e-01,7.261437287479807212e-01,-0.000000000000000000e+00,0.000000000000000000e+00,0.000000000000000000e+00,2.217192046433131558e-01,0.000000000000000000e+00,-0.000000000000000000e+00,-0.000000000000000000e+00,-0.000000000000000000e+00,-0.000000000000000000e+00,-0.000000000000000000e+00,-2.180957589453711432e-01,-0.000000000000000000e+00,-0.000000000000000000e+00,-0.000000000000000000e+00,-0.000000000000000000e+00,-1.969138833090940816e-02,-5.186529825152026707e-02,0.000000000000000000e+00,-0.000000000000000000e+00,-0.000000000000000000e+00,-0.000000000000000000e+00,-3.113019596003385736e-01,-0.000000000000000000e+00,2.690456114451470704e+00,-1.572186277045642677e-01,0.000000000000000000e+00,-0.000000000000000000e+00,-0.000000000000000000e+00,-6.382936840528070643e-01,0.000000000000000000e+00,-1.689765201256124838e-01,-0.000000000000000000e+00,-0.000000000000000000e+00,-0.000000000000000000e+00,-0.000000000000000000e+00
-8.816805970593336039e-02,-0.000000000000000000e+00,-0.000000000000000000e+00,7.464488897386675759e-02,-0.000000000000000000e+00,-0.000000000000000000e+00,1.006711226716330287e-01,0.000000000000000000e+00,-0.000000000000000000e+00,-1.118765759710655394e-01,-0.000000000000000000e+00,-0.000000000000000000e+00,-0.000000000000000000e+00,-2.981508757019418754e-01,-0.000000000000000000e+00,-0.000000000000000000e+00,-1.477478971279611863e-01,-0.000000000000000000e+00,-0.000000000000000000e+00,-0.000000000000000000e+00,-0.000000000000000000e+00,0.000000000000000000e+00,-0.000000000000000000e+00,-0.000000000000000000e+00,-0.000000000000000000e+00,-4.481786951669634589e-01,-0.000000000000000000e+00,-1.572186277045642677e-01,1.953112909155578558e+00,-0.000000000000000000e+00,-0.000000000000000000e+00,-6.603181679772431034e-02,-0.000000000000000000e+00,0.000000000000000000e+00,-3.609763901769378891e-01,-0.000000000000000000e+00,-8.918506258306950485e-02,-0.000000000000000000e+00,-0.000000000000000000e+00
-1.783931407385135337e-01,-0.000000000000000000e+00,-0.000000000000000000e+00,0.000000000000000000e+00,-2.148314552228252142e-02,0.000000000000000000e+00,0.000000000000000000e+00,0.000000000000000000e+00,-1.898854455407044672e-01,-3.569583793691329388e-01,-2.793295306081402737e-02,-0.000000000000000000e+00,-2.995366908696996122e-02,-0.000000000000000000e+00,-0.000000000000000000e+00,-2.726948958094324027e-01,-0.000000000000000000e+00,0.000000000000000000e+00,-0.000000000000000000e+00,0.000000000000000000e+00,-0.000000000000000000e+00,0.000000000000000000e+00,-1.141722428298180270e-01,-0.000000000000000000e+00,-3.874452394136361777e-01,0.000000000000000000e+00,-0.000000000000000000e+00,0.000000000000000000e+00,-0.000000000000000000e+00,1.792502053879446278e+00,0.000000000000000000e+00,0.000000000000000000e+00,-0.000000000000000000e+00,-0.000000000000000000e+00,0.000000000000000000e+00,-0.000000000000000000e+00,0.000000000000000000e+00,0.000000000000000000e+00,-0.000000000000000000e+00
-0.000000000000000000e+00,-0.000000000000000000e+00,-2.337316437737122984e-02,0.000000000000000000e+00,-0.000000000000000000e+00,-0.000000000000000000e+00,-0.000000000000000000e+00,0.000000000000000000e+00,-0.000000000000000000e+00,-0.000000000000000000e+00,-0.000000000000000000e+00,-0.000000000000000000e+00,3.848910192647261308e-01,-0.000000000000000000e+00,-0.000000000000000000e+00,-0.000000000000000000e+00,-3.413356402494701486e-02,-7.674056338465394533e-02,-0.000000000000000000e+00,-0.000000000000000000e+00,-0.000000000000000000e+00,-0.000000000000000000e+00,-0.000000000000000000e+00,-1.237635320934505484e-01,-0.000000000000000000e+00,-0.000000000000000000e+00,-0.000000000000000000e+00,-0.000000000000000000e+00,-0.000000000000000000e+00,0.000000000000000000e+00,1.653561537896435008e+00,-3.492054476004895491e-01,-3.747339406756278746e-01,-0.000000000000000000e+00,-0.000000000000000000e+00,-0.000000000000000000e+00,-0.000000000000000000e+00,-0.000000000000000000e+00,-2.696985845500838863e-01
-0.000000000000000000e+00,-0.000000000000000000e+00,-0.000000000000000000e+00,0.000000000000000000e+00,-0.000000000000000000e+00,-3.572952851649672801e-01,0.000000000000000000e+00,0.000000000000000000e+00,0.000000000000000000e+00,-0.000000000000000000e+00,-0.000000000000000000e+00,-0.000000000000000000e+00,-0.000000000000000000e+00,-0.000000000000000000e+00,-0.000000000000000000e+00,-0.000000000000000000e+00,-2.203496467283471150e-01,-0.000000000000000000e+00,-0.000000000000000000e+00,-0.000000000000000000e+00,-0.000000000000000000e+00,0.000000000000000000e+00,-0.000000000000000000e+00,-0.000000000000000000e+00,-0.000000000000000000e+00,-0.000000000000000000e+00,-1.100498501435448057e-01,-0.000000000000000000e+00,-6.603181679772431034e-02,0.000000000000000000e+00,-3.492054476004895491e-01,2.697646692743445040e+00,-5.114752240490061386e-01,0.000000000000000000e+00,-4.184052288246020712e-01,-0.000000000000000000e+00,-1.042047466951687040e+00,0.000000000000000000e+00,-0.000000000000000000e+00
-0.000000000000000000e+00,0.000000000000000000e+00,-6.607626370499524171e-01,0.000000000000000000e+00,-0.000000000000000000e+00,-0.000000000000000000e+00,0.000000000000000000e+00,5.466853335038533990e-01,0.000000000000000000e+00,-0.000000000000000000e+00,-0.000000000000000000e+00,-0.000000000000000000e+00,-0.000000000000000000e+00,-0.000000000000000000e+00,-0.000000000000000000e+00,-0.000000000000000000e+00,-0.000000000000000000e+00,-1.045496541202518559e-01,-1.101829773122479789e-01,-8.730534636962484357e-03,-3.634750960909972212e-02,-0.000000000000000000e+00,-0.000000000000000000e+00,-0.000000000000000000e+00,-0.000000000000000000e+00,-0.000000000000000000e+00,-0.000000000000000000e+00,-6.382936840528070643e-01,-0.000000000000000000e+00,-0.000000000000000000e+00,-3.747339406756278746e-01,-5.114752240490061386e-01,2.865842618548279042e+00,0.000000000000000000e+00,-0.000000000000000000e+00,-0.000000000000000000e+00,-0.000000000000000000e+00,-0.000000000000000000e+00,-0.000000000000000000e+00
-0.000000000000000000e+00,-0.000000000000000000e+00,0.000000000000000000e+00,-8.622781593748268802e-02,-1.204829104138666063e-01,0.000000000000000000e+00,-1.224313154375862300e-01,-0.000000000000000000e+00,-9.075910738562045221e-01,-0.000000000000000000e+00,-0.000000000000000000e+00,0.000000000000000000e+00,0.000000000000000000e+00,-0.000000000000000000e+00,0.000000000000000000e+00,-0.000000000000000000e+00,-0.000000000000000000e+00,-0.000000000000000000e+00,0.000000000000000000e+00,0.000000000000000000e+00,-0.000000000000000000e+00,-0.000000000000000000e+00,-0.000000000000000000e+00,-0.000000000000000000e+00,-0.000000000000000000e+00,0.000000000000000000e+00,0.000000000000000000e+00,0.000000000000000000e+00,0.000000000000000000e+00,-0.000000000000000000e+00,-0.000000000000000000e+00,0.000000000000000000e+00,0.000000000000000000e+00,1.612074089846801339e+00,0.000000000000000000e+00,-0.000000000000000000e+00,2.078740877223471950e-01,-9.974888711516213813e-02,-0.000000000000000000e+00
-0.000000000000000000e+00,-0.000000000000000000e+00,-0.000000000000000000e+00,1.084592952854785547e-01,-0.000000000000000000e+00,-0.000000000000000000e+00,0.000000000000000000e+00,0.000000000000000000e+00,0.000000000000000000e+00,-0.000000000000000000e+00,-0.000000000000000000e+00,-0.000000000000000000e+00,-0.000000000000000000e+00,-6.359046738461530957e-02,-0.000000000000000000e+00,-0.000000000000000000e+00,-3.500804442019341267e-01,-0.000000000000000000e+00,-0.000000000000000000e+00,0.000000000000000000e+00,-0.000000000000000000e+00,0.000000000000000000e+00,-0.000000000000000000e+00,-1.583033856740519163e-01,-0.000000000000000000e+00,-0.000000000000000000e+00,-0.000000000000000000e+00,-1.689765201256124838e-01,-3.609763901769378891e-01,0.000000000000000000e+00,-0.000000000000000000e+00,-4.184052288246020712e-01,-0.000000000000000000e+00,0.000000000000000000e+00,2.110131201398934397e+00,-7.037909418751189805e-02,-4.505843414464272834e-01,-0.000000000000000000e+00,-0.000000000000000000e+00
-0.000000000000000000e+00,-0.000000000000000000e+00,-0.000000000000000000e+00,0.000000000000000000e+00,-0.000000000000000000e+00,0.000000000000000000e+00,0.000000000000000000e+00,6.074914652722512853e-02,-0.000000000000000000e+00,-1.977153941880835097e-01,-0.000000000000000000e+00,-0.000000000000000000e+00,0.000000000000000000e+00,-9.440624019366035402e-02,-0.000000000000000000e+00,-3.070394562281619222e-01,-0.000000000000000000e+00,0.000000000000000000e+00,-0.000000000000000000e+00,0.000000000000000000e+00,-0.000000000000000000e+00,0.000000000000000000e+00,-7.202497178492420216e-02,-0.000000000000000000e+00,-0.000000000000000000e+00,-0.000000000000000000e+00,-1.553894214106869009e-01,-0.000000000000000000e+00,-0.000000000000000000e+00,-0.000000000000000000e+00,-0.000000000000000000e+00,-0.000000000000000000e+00,-0.000000000000000000e+00,-0.000000000000000000e+00,-7.037909418751189805e-02,1.410637357041916173e+00,-3.460042827633598439e-02,0.000000000000000000e+00,-0.000000000000000000e+00
-0.000000000000000000e+00,-0.000000000000000000e+00,-8.917709709081346817e-03,0.000000000000000000e+00,-0.000000000000000000e+00,-0.000000000000000000e+00,1.620541793345711412e-01,3.190793348283912229e-02,0.000000000000000000e+00,-0.000000000000000000e+00,-0.000000000000000000e+00,-0.000000000000000000e+00,-0.000000000000000000e+00,-0.000000000000000000e+00,-0.000000000000000000e+00,-0.000000000000000000e+00,-0.000000000000000000e+00,0.000000000000000000e+00,-0.000000000000000000e+00,-0.000000000000000000e+00,-0.000000000000000000e+00,0.000000000000000000e+00,-0.000000000000000000e+00,-0.000000000000000000e+00,-0.000000000000000000e+00,-0.000000000000000000e+00,-7.085555961410153758e-01,-0.000000000000000000e+00,-8.918506258306950485e-02,0.000000000000000000e+00,-0.000000000000000000e+00,-1.042047466951687040e+00,-0.000000000000000000e+00,2.078740877223471950e-01,-4.505843414464272834e-01,-3.460042827633598439e-02,2.610504892332434324e+00,0.000000000000000000e+00,-0.000000000000000000e+00
-0.000000000000000000e+00,-0.000000000000000000e+00,-0.000000000000000000e+00,0.000000000000000000e+00,-0.000000000000000000e+00,1.327780429117657313e-01,-0.000000000000000000e+00,0.000000000000000000e+00,-2.330346050144943282e-01,-0.000000000000000000e+00,-0.000000000000000000e+00,0.000000000000000000e+00,0.000000000000000000e+00,-0.000000000000000000e+00,-0.000000000000000000e+00,-0.000000000000000000e+00,-0.000000000000000000e+00,-3.070196565500089014e-01,0.000000000000000000e+00,-0.000000000000000000e+00,-1.926955569045270267e-02,0.000000000000000000e+00,-0.000000000000000000e+00,-0.000000000000000000e+00,0.000000000000000000e+00,-1.517197060169438727e-01,0.000000000000000000e+00,-0.000000000000000000e+00,-0.000000000000000000e+00,0.000000000000000000e+00,-0.000000000000000000e+00,0.000000000000000000e+00,-0.000000000000000000e+00,-9.974888711516213813e-02,-0.000000000000000000e+00,0.000000000000000000e+00,0.000000000000000000e+00,1.374883878351983890e+00,-2.240390121623644371e-01
-0.000000000000000000e+00,-0.000000000000000000e+00,-1.097787798841510093e-01,0.000000000000000000e+00,-0.000000000000000000e+00,0.000000000000000000e+00,0.000000000000000000e+00,6.106152560393171558e-02,-0.000000000000000000e+00,-6.222930396892698002e-02,-6.653725573915221514e-02,-2.596164710159294953e-01,0.000000000000000000e+00,-0.000000000000000000e+00,-0.000000000000000000e+00,-1.084517588520676409e-02,0.000000000000000000e+00,-4.340717203968872950e-01,-3.535390285431430635e-02,-0.000000000000000000e+00,-1.860101196058933926e-01,-0.000000000000000000e+00,-0.000000000000000000e+00,-0.000000000000000000e+00,0.000000000000000000e+00,-0.000000000000000000e+00,-0.000000000000000000e+00,-0.000000000000000000e+00,-0.000000000000000000e+00,-0.000000000000000000e+00,-2.696985845500838863e-01,-0.000000000000000000e+00,-0.000000000000000000e+00,-0.000000000000000000e+00,-0.000000000000000000e+00,-0.000000000000000000e+00,-0.000000000000000000e+00,-2.240390121623644371e-01,1.734130071585593624e+00
