1.349936500002475448e+00,-1.231120875951965815e-01,0.000000000000000000e+00,0.000000000000000000e+00,0.000000000000000000e+00,-0.000000000000000000e+00,0.000000000000000000e+00,-0.000000000000000000e+00,0.000000000000000000e+00,0.000000000000000000e+00,-1.949692671309278397e-02,0.000000000000000000e+00,0.000000000000000000e+00,-0.000000000000000000e+00,0.000000000000000000e+00,0.000000000000000000e+00,-2.060878030275781758e-01,2.846714042933118013e-02,1.058812601742463028e-01,0.000000000000000000e+00,-0.000000000000000000e+00,0.000000000000000000e+00,-0.000000000000000000e+00,-0.000000000000000000e+00,-1.273627568621635842e-01,-3.080763103725404073e-01,-0.000000000000000000e+00,-0.000000000000000000e+00,-1.732930135859599430e-01,0.000000000000000000e+00,0.000000000000000000e+00,-0.000000000000000000e+00,-0.000000000000000000e+00,0.000000000000000000e+00,-0.000000000000000000e+00,0.000000000000000000e+00,0.000000000000000000e+00,-1.713337570610854732e-01,-0.000000000000000000e+00
-1.231120875951965815e-01,1.252246602321235747e+00,-0.000000000000000000e+00,0.000000000000000000e+00,-0.000000000000000000e+00,0.000000000000000000e+00,0.000000000000000000e+00,-0.000000000000000000e+00,0.000000000000000000e+00,-2.226353449342158286e-01,-0.000000000000000000e+00,-0.000000000000000000e+00,0.000000000000000000e+00,-4.336874764470404625e-03,2.779528257159867219e-02,-0.000000000000000000e+00,-0.000000000000000000e+00,0.000000000000000000e+00,0.000000000000000000e+00,0.000000000000000000e+00,0.000000000000000000e+00,-0.000000000000000000e+00,-0.000000000000000000e+00,0.000000000000000000e+00,-0.000000000000000000e+00,0.000000000000000000e+00,-6.461774316496102233e-02,0.000000000000000000e+00,0.000000000000000000e+00,0.000000000000000000e+00,-7.337000961478558347e-02,-1.555882880326797391e-01,-0.000000000000000000e+00,0.000000000000000000e+00,0.000000000000000000e+00,0.000000000000000000e+00,0.000000000000000000e+00,0.000000000000000000e+00,-2.944939725944040187e-01
0.000000000000000000e+00,-0.000000000000000000e+00,2.908058889871401931e+00,-8.254562163545643705e-02,-4.113550715383778034e-01,0.000000000000000000e+00,-0.000000000000000000e+00,8.779797033865369693e-01,-0.000000000000000000e+00,-0.000000000000000000e+00,0.000000000000000000e+00,-0.000000000000000000e+00,5.790488221499880128e-02,-0.000000000000000000e+00,0.000000000000000000e+00,-0.000000000000000000e+00,0.000000000000000000e+00,-7.018890423896824160e-01,-0.000000000000000000e+00,0.000000000000000000e+00,-0.000000000000000000e+00,-0.000000000000000000e+00,-0.000000000000000000e+00,-0.000000000000000000e+00,-0.000000000000000000e+00,-2.970168020723128466e-01,-8.522826056957850949e-02,-0.000000000000000000e+00,-0.000000000000000000e+00,-0.000000000000000000e+00,-2.194324280683320194e-01,-0.000000000000000000e+00,-2.258816725636954015e-01,-3.539387053544369444e-01,-0.000000000000000000e+00,-0.000000000000000000e+00,-0.000000000000000000e+00,0.000000000000000000e+00,-0.000000000000000000e+00
0.000000000000000000e+00,0.000000000000000000e+00,-8.254562163545643705e-02,1.274449100297900817e+00,-0.000000000000000000e+00,0.000000000000000000e+00,-3.890616431156032617e-01,0.000000000000000000e+00,0.000000000000000000e+00,0.000000000000000000e+00,-0.000000000000000000e+00,-1.460693095807451547e-01,8.022892759174006516e-02,-0.000000000000000000e+00,0.000000000000000000e+00,0.000000000000000000e+00,-0.000000000000000000e+00,-0.000000000000000000e+00,-0.000000000000000000e+00,0.000000000000000000e+00,-0.000000000000000000e+00,0.000000000000000000e+00,0.000000000000000000e+00,-6.321475175945295844e-02,0.000000000000000000e+00,0.000000000000000000e+00,-0.000000000000000000e+00,0.000000000000000000e+00,0.000000000000000000e+00,-3.862972553704981105e-02,-3.036344946475583728e-01,-0.000000000000000000e+00,-0.000000000000000000e+00,-0.000000000000000000e+00,-0.000000000000000000e+00,-0.000000000000000000e+00,-0.000000000000000000e+00,-0.000000000000000000e+00,-1.583469023161262687e-02
0.000000000000000000e+00,-0.000000000000000000e+00,-4.113550715383778034e-01,-0.000000000000000000e+00,2.177044566856844110e+00,0.000000000000000000e+00,-0.000000000000000000e+00,4.054953169714837213e-01,-0.000000000000000000e+00,-1.940795352227916437e-01,0.000000000000000000e+00,-0.000000000000000000e+00,0.000000000000000000e+00,-2.878338593953214120e-01,0.000000000000000000e+00,-0.000000000000000000e+00,0.000000000000000000e+00,-3.856604327186478609e-01,-0.000000000000000000e+00,0.000000000000000000e+00,0.000000000000000000e+00,0.000000000000000000e+00,-0.000000000000000000e+00,-0.000000000000000000e+00,-0.000000000000000000e+00,-0.000000000000000000e+00,-0.000000000000000000e+00,-0.000000000000000000e+00,1.653292387434566330e-02,-6.327903515246781352e-02,-0.000000000000000000e+00,0.000000000000000000e+00,0.000000000000000000e+00,-3.823741352902640944e-01,0.000000000000000000e+00,-0.000000000000000000e+00,0.000000000000000000e+00,0.000000000000000000e+00,-0.000000000000000000e+00
-0.000000000000000000e+00,0.000000000000000000e+00,0.000000000000000000e+00,0.000000000000000000e+00,0.000000000000000000e+00,1.666774956158230347e+00,6.928923966044937821e-02,0.000000000000000000e+00,-0.000000000000000000e+00,0.000000000000000000e+00,0.000000000000000000e+00,5.821577108427344882e-02,-0.000000000000000000e+00,0.000000000000000000e+00,0.000000000000000000e+00,8.077342114372487725e-02,0.000000000000000000e+00,0.000000000000000000e+00,1.165244897502077798e-01,1.015047804012549487e-01,0.000000000000000000e+00,0.000000000000000000e+00,-2.061674472793897581e-02,-0.000000000000000000e+00,-2.133628678940646672e-01,-0.000000000000000000e+00,1.282639455157331410e-01,5.161215604048694505e-01,-0.000000000000000000e+00,0.000000000000000000e+00,-0.000000000000000000e+00,-0.000000000000000000e+00,-0.000000000000000000e+00,0.000000000000000000e+00,-4.574569890371757985e-01,-0.000000000000000000e+00,-2.836005505971302566e-03,0.000000000000000000e+00,0.000000000000000000e+00
0.000000000000000000e+00,0.000000000000000000e+00,-0.000000000000000000e+00,-3.890616431156032617e-01,-0.000000000000000000e+00,6.928923966044937821e-02,1.276736129770830397e+00,-0.000000000000000000e+00,2.769009777309918152e-01,0.000000000000000000e+00,-0.000000000000000000e+00,0.000000000000000000e+00,8.360214399785824424e-02,0.000000000000000000e+00,0.000000000000000000e+00,-0.000000000000000000e+00,0.000000000000000000e+00,0.000000000000000000e+00,0.000000000000000000e+00,0.000000000000000000e+00,0.000000000000000000e+00,0.000000000000000000e+00,7.559059365197162705e-02,0.000000000000000000e+00,3.860896690181530450e-02,0.000000000000000000e+00,-0.000000000000000000e+00,-9.893720062450327146e-02,1.100147525979824348e-01,-0.000000000000000000e+00,0.000000000000000000e+00,2.710549572370515858e-02,0.000000000000000000e+00,0.000000000000000000e+00,4.230883343807772395e-02,0.000000000000000000e+00,9.861103122885335470e-02,-0.000000000000000000e+00,-0.000000000000000000e+00
-0.000000000000000000e+00,-0.000000000000000000e+00,8.779797033865369693e-01,0.000000000000000000e+00,4.054953169714837213e-01,0.000000000000000000e+00,-0.000000000000000000e+00,2.294338830697553178e+00,1.839644914400663245e-01,0.000000000000000000e+00,-0.000000000000000000e+00,-0.000000000000000000e+00,-0.000000000000000000e+00,0.000000000000000000e+00,-0.000000000000000000e+00,-0.000000000000000000e+00,-0.000000000000000000e+00,4.146912228723017568e-01,-0.000000000000000000e+00,-1.470759781971136271e-01,0.000000000000000000e+00,-0.000000000000000000e+00,0.000000000000000000e+00,0.000000000000000000e+00,0.000000000000000000e+00,1.023596668044564895e-01,0.000000000000000000e+00,-0.000000000000000000e+00,-0.000000000000000000e+00,0.000000000000000000e+00,2.489698762914440699e-01,0.000000000000000000e+00,0.000000000000000000e+00,0.000000000000000000e+00,0.000000000000000000e+00,5.329471528519461043e-02,0.000000000000000000e+00,-5.158330703756486973e-02,-0.000000000000000000e+00
0.000000000000000000e+00,0.000000000000000000e+00,-0.000000000000000000e+00,0.000000000000000000e+00,-0.000000000000000000e+00,-0.000000000000000000e+00,2.769009777309918152e-01,1.839644914400663245e-01,1.782404797799352680e+00,-1.376349236674274390e-01,0.000000000000000000e+00,-0.000000000000000000e+00,0.000000000000000000e+00,-2.322828122446553636e-02,-6.117780013824134291e-03,-0.000000000000000000e+00,-0.000000000000000000e+00,-3.556742301291358765e-02,-0.000000000000000000e+00,-0.000000000000000000e+00,-0.000000000000000000e+00,-0.000000000000000000e+00,-1.288455686234117881e-01,-0.000000000000000000e+00,-9.103836471742179914e-02,-0.000000000000000000e+00,-0.000000000000000000e+00,0.000000000000000000e+00,-0.000000000000000000e+00,-2.978071785356823376e-01,-0.000000000000000000e+00,-0.000000000000000000e+00,-0.000000000000000000e+00,-3.481992056516698963e-01,0.000000000000000000e+00,-4.385735723508689676e-01,-3.613615500881772746e-02,-0.000000000000000000e+00,-0.000000000000000000e+00
0.000000000000000000e+00,-2.226353449342158286e-01,-0.000000000000000000e+00,0.000000000000000000e+00,-1.940795352227916437e-01,0.000000000000000000e+00,0.000000000000000000e+00,0.000000000000000000e+00,-1.376349236674274390e-01,1.825597465601808800e+00,2.008151808524930027e-01,-0.000000000000000000e+00,0.000000000000000000e+00,-0.000000000000000000e+00,-0.000000000000000000e+00,-6.809159650548771703e-01,0.000000000000000000e+00,-8.723690260098077021e-02,-0.000000000000000000e+00,0.000000000000000000e+00,-0.000000000000000000e+00,-0.000000000000000000e+00,-0.000000000000000000e+00,0.000000000000000000e+00,-0.000000000000000000e+00,0.000000000000000000e+00,-0.000000000000000000e+00,-0.000000000000000000e+00,0.000000000000000000e+00,-4.696136983944826371e-02,-5.471622953589135724e-02,0.000000000000000000e+00,-0.000000000000000000e+00,-2.954205580420853905e-01,0.000000000000000000e+00,-0.000000000000000000e+00,-0.000000000000000000e+00,-0.000000000000000000e+00,-2.668838590943443251e-02
-1.949692671309278397e-02,-0.000000000000000000e+00,0.000000000000000000e+00,-0.000000000000000000e+00,0.000000000000000000e+00,0.000000000000000000e+00,-0.000000000000000000e+00,-0.000000000000000000e+00,0.000000000000000000e+00,2.008151808524930027e-01,1.344441036828831981e+00,-0.000000000000000000e+00,0.000000000000000000e+00,-0.000000000000000000e+00,0.000000000000000000e+00,4.901720767458270234e-02,-4.131141234229933068e-01,0.000000000000000000e+00,0.000000000000000000e+00,0.000000000000000000e+00,0.000000000000000000e+00,1.467989380488881057e-01,0.000000000000000000e+00,-0.000000000000000000e+00,-0.000000000000000000e+00,-0.000000000000000000e+00,-1.450897803299989186e-01,0.000000000000000000e+00,-0.000000000000000000e+00,0.000000000000000000e+00,0.000000000000000000e+00,-2.868845209219076375e-01,-0.000000000000000000e+00,0.000000000000000000e+00,0.000000000000000000e+00,0.000000000000000000e+00,0.000000000000000000e+00,-0.000000000000000000e+00,-2.652015411155856511e-02
0.000000000000000000e+00,-0.000000000000000000e+00,-0.000000000000000000e+00,-1.460693095807451547e-01,-0.000000000000000000e+00,5.821577108427344882e-02,0.000000000000000000e+00,-0.000000000000000000e+00,-0.000000000000000000e+00,-0.000000000000000000e+00,-0.000000000000000000e+00,1.888638565139034942e+00,0.000000000000000000e+00,-1.015752327730302523e-01,-7.838396223969361365e-02,-0.000000000000000000e+00,-0.000000000000000000e+00,-0.000000000000000000e+00,-6.904098127737197110e-01,-4.483724693236649378e-02,-0.000000000000000000e+00,-1.179921773918288924e-01,-0.000000000000000000e+00,-2.198462180992043213e-01,0.000000000000000000e+00,0.000000000000000000e+00,-1.263949531536271709e-01,-0.000000000000000000e+00,-0.000000000000000000e+00,-1.825730179549788640e-02,-0.000000000000000000e+00,-0.000000000000000000e+00,0.000000000000000000e+00,-1.417238110396785711e-01,0.000000000000000000e+00,-1.336440865198409989e-01,-0.000000000000000000e+00,-4.665639703225069046e-02,-1.748358513852678042e-01
0.000000000000000000e+00,0.000000000000000000e+00,5.790488221499880128e-02,8.022892759174006516e-02,0.000000000000000000e+00,-0.000000000000000000e+00,8.360214399785824424e-02,-0.000000000000000000e+00,0.000000000000000000e+00,0.000000000000000000e+00,0.000000000000000000e+00,0.000000000000000000e+00,1.048398985792244664e+00,0.000000000000000000e+00,0.000000000000000000e+00,0.000000000000000000e+00,0.000000000000000000e+00,0.000000000000000000e+00,0.000000000000000000e+00,0.000000000000000000e+00,8.389652157517125258e-03,0.000000000000000000e+00,-0.000000000000000000e+00,0.000000000000000000e+00,-2.819604176272108229e-02,0.000000000000000000e+00,4.098409714927998826e-02,7.393247786698327328e-02,0.000000000000000000e+00,4.949982363929496254e-02,0.000000000000000000e+00,0.000000000000000000e+00,0.000000000000000000e+00,0.000000000000000000e+00,-0.000000000000000000e+00,0.000000000000000000e+00,0.000000000000000000e+00,1.473353743955438735e-02,1.699002506942494384e-02
-0.000000000000000000e+00,-4.336874764470404625e-03,-0.000000000000000000e+00,-0.000000000000000000e+00,-2.878338593953214120e-01,0.000000000000000000e+00,0.000000000000000000e+00,0.000000000000000000e+00,-2.322828122446553636e-02,-0.000000000000000000e+00,-0.000000000000000000e+00,-1.015752327730302523e-01,0.000000000000000000e+00,1.412563914030520618e+00,-0.000000000000000000e+00,-0.000000000000000000e+00,-1.219181673553099282e-01,-0.000000000000000000e+00,-0.000000000000000000e+00,-0.000000000000000000e+00,0.000000000000000000e+00,0.000000000000000000e+00,-1.998969875472363100e-01,-1.243084439273043906e-01,-5.638260508293862355e-02,-0.000000000000000000e+00,-1.300940135542293929e-01,-0.000000000000000000e+00,-0.000000000000000000e+00,-0.000000000000000000e+00,-4.315093631934140139e-02,-0.000000000000000000e+00,0.000000000000000000e+00,-6.434841934828162968e-02,0.000000000000000000e+00,-0.000000000000000000e+00,0.000000000000000000e+00,-2.106196701872872779e-02,-1.524510509242245904e-01
0.000000000000000000e+00,2.779528257159867219e-02,0.000000000000000000e+00,0.000000000000000000e+00,0.000000000000000000e+00,0.000000000000000000e+00,0.000000000000000000e+00,-0.000000000000000000e+00,-6.117780013824134291e-03,-0.000000000000000000e+00,0.000000000000000000e+00,-7.838396223969361365e-02,0.000000000000000000e+00,-0.000000000000000000e+00,2.735081299610510275e+00,-1.661477593442224343e-01,-0.000000000000000000e+00,-0.000000000000000000e+00,-8.026168336573575868e-01,-7.466741005407835363e-01,-0.000000000000000000e+00,-0.000000000000000000e+00,0.000000000000000000e+00,-0.000000000000000000e+00,0.000000000000000000e+00,-0.000000000000000000e+00,-0.000000000000000000e+00,-5.013621028605597107e-01,-1.849785873235182676e-01,-1.189685344625872852e-02,2.022330528068466138e-01,0.000000000000000000e+00,-0.000000000000000000e+00,-1.463981821935871064e-01,0.000000000000000000e+00,-0.000000000000000000e+00,-0.000000000000000000e+00,-3.187965766637639864e-01,0.000000000000000000e+00
0.000000000000000000e+00,-0.000000000000000000e+00,-0.000000000000000000e+00,0.000000000000000000e+00,-0.000000000000000000e+00,8.077342114372487725e-02,-0.000000000000000000e+00,-0.000000000000000000e+00,-0.000000000000000000e+00,-6.809159650548771703e-01,4.901720767458270234e-02,-0.000000000000000000e+00,0.000000000000000000e+00,-0.000000000000000000e+00,-1.661477593442224343e-01,1.953004277154941848e+00,-0.000000000000000000e+00,-0.000000000000000000e+00,-1.993749709685660731e-01,-0.000000000000000000e+00,-7.140184361057300144e-02,-1.211403957658817726e-01,0.000000000000000000e+00,0.000000000000000000e+00,0.000000000000000000e+00,0.000000000000000000e+00,-0.000000000000000000e+00,-2.858182421250325400e-01,0.000000000000000000e+00,-2.610338707115648638e-01,0.000000000000000000e+00,0.000000000000000000e+00,-0.000000000000000000e+00,-1.188377089683636118e-01,2.532535042063793762e-02,-0.000000000000000000e+00,-0.000000000000000000e+00,-0.000000000000000000e+00,-1.490298327578048164e-02
-2.060878030275781758e-01,-0.000000000000000000e+00,0.000000000000000000e+00,-0.000000000000000000e+00,0.000000000000000000e+00,0.000000000000000000e+00,0.000000000000000000e+00,-0.000000000000000000e+00,-0.000000000000000000e+00,0.000000000000000000e+00,-4.131141234229933068e-01,-0.000000000000000000e+00,0.000000000000000000e+00,-1.219181673553099282e-01,-0.000000000000000000e+00,-0.000000000000000000e+00,1.806953619198251371e+00,0.000000000000000000e+00,-0.000000000000000000e+00,-0.000000000000000000e+00,-0.000000000000000000e+00,-0.000000000000000000e+00,-0.000000000000000000e+00,-0.000000000000000000e+00,-0.000000000000000000e+00,-8.265603855684500179e-02,-3.239757331987219158e-01,-0.000000000000000000e+00,-4.992235317539245876e-01,-0.000000000000000000e+00,0.000000000000000000e+00,-8.566341909060333840e-03,-0.000000000000000000e+00,0.000000000000000000e+00,0.000000000000000000e+00,-0.000000000000000000e+00,0.000000000000000000e+00,-1.997453481685011467e-01,-0.000000000000000000e+00
2.846714042933118013e-02,0.000000000000000000e+00,-7.018890423896824160e-01,-0.000000000000000000e+00,-3.856604327186478609e-01,0.000000000000000000e+00,0.000000000000000000e+00,4.146912228723017568e-01,-3.556742301291358765e-02,-8.723690260098077021e-02,0.000000000000000000e+00,-0.000000000000000000e+00,0.000000000000000000e+00,-0.000000000000000000e+00,-0.000000000000000000e+00,-0.000000000000000000e+00,0.000000000000000000e+00,2.524622537042922943e+00,-3.823317531166916527e-01,0.000000000000000000e+00,-0.000000000000000000e+00,-0.000000000000000000e+00,-0.000000000000000000e+00,-0.000000000000000000e+00,0.000000000000000000e+00,-0.000000000000000000e+00,-0.000000000000000000e+00,-0.000000000000000000e+00,0.000000000000000000e+00,-0.000000000000000000e+00,-0.000000000000000000e+00,-0.000000000000000000e+00,-0.000000000000000000e+00,-5.013385666614947889e-01,0.000000000000000000e+00,-0.000000000000000000e+00,-0.000000000000000000e+00,0.000000000000000000e+00,0.000000000000000000e+00
1.058812601742463028e-01,0.000000000000000000e+00,-0.000000000000000000e+00,-0.000000000000000000e+00,-0.000000000000000000e+00,1.165244897502077798e-01,0.000000000000000000e+00,-0.000000000000000000e+00,-0.000000000000000000e+00,-0.000000000000000000e+00,0.000000000000000000e+00,-6.904098127737197110e-01,0.000000000000000000e+00,-0.000000000000000000e+00,-8.026168336573575868e-01,-1.993749709685660731e-01,-0.000000000000000000e+00,-3.823317531166916527e-01,2.606950320956509692e+00,-2.908806400513188617e-01,-0.000000000000000000e+00,-9.658523808608138195e-02,0.000000000000000000e+00,0.000000000000000000e+00,8.036937604640313759e-02,0.000000000000000000e+00,-0.000000000000000000e+00,-6.214307429847309994e-02,-0.000000000000000000e+00,-8.886109890818704934e-03,0.000000000000000000e+00,0.000000000000000000e+00,-0.000000000000000000e+00,-1.605037194837277137e-01,0.000000000000000000e+00,-0.000000000000000000e+00,-0.000000000000000000e+00,-0.000000000000000000e+00,0.000000000000000000e+00
0.000000000000000000e+00,0.000000000000000000e+00,0.000000000000000000e+00,0.000000000000000000e+00,0.000000000000000000e+00,1.015047804012549487e-01,0.000000000000000000e+00,-1.470759781971136271e-01,-0.000000000000000000e+00,0.000000000000000000e+00,0.000000000000000000e+00,-4.483724693236649378e-02,0.000000000000000000e+00,-0.000000000000000000e+00,-7.466741005407835363e-01,-0.000000000000000000e+00,-0.000000000000000000e+00,0.000000000000000000e+00,-2.908806400513188617e-01,2.312163835401681578e+00,-1.879654173031455600e-01,-2.775988337404409201e-01,0.000000000000000000e+00,0.000000000000000000e+00,3.990971160560433106e-02,0.000000000000000000e+00,-0.000000000000000000e+00,-5.590812264703113321e-01,-1.985468293500406989e-01,-0.000000000000000000e+00,3.483782365838269252e-02,0.000000000000000000e+00,-0.000000000000000000e+00,-0.000000000000000000e+00,0.000000000000000000e+00,-0.000000000000000000e+00,-0.000000000000000000e+00,-0.000000000000000000e+00,0.000000000000000000e+00
-0.000000000000000000e+00,0.000000000000000000e+00,-0.000000000000000000e+00,-0.000000000000000000e+00,0.000000000000000000e+00,0.000000000000000000e+00,0.000000000000000000e+00,0.000000000000000000e+00,-0.000000000000000000e+00,-0.000000000000000000e+00,0.000000000000000000e+00,-0.000000000000000000e+00,8.389652157517125258e-03,0.000000000000000000e+00,-0.000000000000000000e+00,-7.140184361057300144e-02,-0.000000000000000000e+00,-0.000000000000000000e+00,-0.000000000000000000e+00,-1.879654173031455600e-01,1.895060640213320990e+00,-5.135014340981061132e-01,0.000000000000000000e+00,-0.000000000000000000e+00,0.000000000000000000e+00,-0.000000000000000000e+00,-0.000000000000000000e+00,-0.000000000000000000e+00,-2.074226116944891951e-01,-0.000000000000000000e+00,-0.000000000000000000e+00,-0.000000000000000000e+00,-4.381009093710316882e-01,-0.000000000000000000e+00,-0.000000000000000000e+00,-0.000000000000000000e+00,-4.719508765390970639e-01,-0.000000000000000000e+00,-0.000000000000000000e+00
0.000000000000000000e+00,-0.000000000000000000e+00,-0.000000000000000000e+00,0.000000000000000000e+00,0.000000000000000000e+00,0.000000000000000000e+00,0.000000000000000000e+00,-0.000000000000000000e+00,-0.000000000000000000e+00,-0.000000000000000000e+00,1.467989380488881057e-01,-1.179921773918288924e-01,0.000000000000000000e+00,0.000000000000000000e+00,-0.000000000000000000e+00,-1.211403957658817726e-01,-0.000000000000000000e+00,-0.000000000000000000e+00,-9.658523808608138195e-02,-2.775988337404409201e-01,-5.135014340981061132e-01,1.517314803638944332e+00,3.863428703226610278e-02,0.000000000000000000e+00,8.344789948310167571e-02,0.000000000000000000e+00,-7.876290664660715035e-02,-0.000000000000000000e+00,-0.000000000000000000e+00,0.000000000000000000e+00,-0.000000000000000000e+00,-0.000000000000000000e+00,-0.000000000000000000e+00,-0.000000000000000000e+00,0.000000000000000000e+00,-0.000000000000000000e+00,-7.753768541777059271e-03,0.000000000000000000e+00,0.000000000000000000e+00
-0.000000000000000000e+00,-0.000000000000000000e+00,-0.000000000000000000e+00,0.000000000000000000e+00,-0.000000000000000000e+00,-2.061674472793897581e-02,7.559059365197162705e-02,0.000000000000000000e+00,-1.288455686234117881e-01,-0.000000000000000000e+00,0.000000000000000000e+00,-0.000000000000000000e+00,-0.000000000000000000e+00,-1.998969875472363100e-01,0.000000000000000000e+00,0.000000000000000000e+00,-0.000000000000000000e+00,-0.000000000000000000e+00,0.000000000000000000e+00,0.000000000000000000e+00,0.000000000000000000e+00,3.863428703226610278e-02,1.526473964177723852e+00,-2.179867071494154263e-01,-6.651781881222538217e-01,-0.000000000000000000e+00,0.000000000000000000e+00,0.000000000000000000e+00,-0.000000000000000000e+00,-0.000000000000000000e+00,-6.056475749602227565e-02,-0.000000000000000000e+00,0.000000000000000000e+00,0.000000000000000000e+00,-0.000000000000000000e+00,-0.000000000000000000e+00,-0.000000000000000000e+00,-0.000000000000000000e+00,-0.000000000000000000e+00
-0.000000000000000000e+00,0.000000000000000000e+00,-0.000000000000000000e+00,-6.321475175945295844e-02,-0.000000000000000000e+00,-0.000000000000000000e+00,0.000000000000000000e+00,0.000000000000000000e+00,-0.000000000000000000e+00,0.000000000000000000e+00,-0.000000000000000000e+00,-2.198462180992043213e-01,0.000000000000000000e+00,-1.243084439273043906e-01,-0.000000000000000000e+00,0.000000000000000000e+00,-0.000000000000000000e+00,-0.000000000000000000e+00,0.000000000000000000e+00,0.000000000000000000e+00,-0.000000000000000000e+00,0.000000000000000000e+00,-2.179867071494154263e-01,1.449695623644935427e+00,-0.000000000000000000e+00,-6.246820714564120525e-02,-0.000000000000000000e+00,0.000000000000000000e+00,-9.028194454322885365e-02,-0.000000000000000000e+00,-7.864732934322843372e-02,-2.107581215663980878e-01,-0.000000000000000000e+00,-0.000000000000000000e+00,-1.866625892612931992e-01,-0.000000000000000000e+00,-9.543052581597930017e-02,-6.538521643034171660e-02,-5.123321517195991714e-02
-1.273627568621635842e-01,-0.000000000000000000e+00,-0.000000000000000000e+00,0.000000000000000000e+00,-0.000000000000000000e+00,-2.133628678940646672e-01,3.860896690181530450e-02,0.000000000000000000e+00,-9.103836471742179914e-02,-0.000000000000000000e+00,-0.000000000000000000e+00,0.000000000000000000e+00,-2.819604176272108229e-02,-5.638260508293862355e-02,0.000000000000000000e+00,0.000000000000000000e+00,-0.000000000000000000e+00,0.000000000000000000e+00,8.036937604640313759e-02,3.990971160560433106e-02,0.000000000000000000e+00,8.344789948310167571e-02,-6.651781881222538217e-01,-0.000000000000000000e+00,1.569779627468267158e+00,-7.571420989983373984e-02,0.000000000000000000e+00,1.257852357993906600e-01,-0.000000000000000000e+00,-0.000000000000000000e+00,-0.000000000000000000e+00,-7.746381419832186477e-02,-0.000000000000000000e+00,0.000000000000000000e+00,-8.107068276375112292e-02,-0.000000000000000000e+00,-0.000000000000000000e+00,-0.000000000000000000e+00,-0.000000000000000000e+00
-3.080763103725404073e-01,0.000000000000000000e+00,-2.970168020723128466e-01,0.000000000000000000e+00,-0.000000000000000000e+00,-0.000000000000000000e+00,0.000000000000000000e+00,1.023596668044564895e-01,-0.000000000000000000e+00,0.000000000000000000e+00,-0.000000000000000000e+00,0.000000000000000000e+00,0.000000000000000000e+00,-0.000000000000000000e+00,-0.000000000000000000e+00,0.000000000000000000e+00,-8.265603855684500179e-02,-0.000000000000000000e+00,0.000000000000000000e+00,0.000000000000000000e+00,-0.000000000000000000e+00,0.000000000000000000e+00,-0.000000000000000000e+00,-6.246820714564120525e-02,-7.571420989983373984e-02,1.708592514663478390e+00,-1.684749599665437414e-01,-0.000000000000000000e+00,-4.029677001203564313e-01,-0.000000000000000000e+00,-0.000000000000000000e+00,-0.000000000000000000e+00,-1.899920949195878506e-01,-0.000000000000000000e+00,-1.398421063339480401e-02,-0.000000000000000000e+00,-0.000000000000000000e+00,-0.000000000000000000e+00,0.000000000000000000e+00
-0.000000000000000000e+00,-6.461774316496102233e-02,-8.522826056957850949e-02,-0.000000000000000000e+00,-0.000000000000000000e+00,1.282639455157331410e-01,-0.000000000000000000e+00,0.000000000000000000e+00,-0.000000000000000000e+00,-0.000000000000000000e+00,-1.450897803299989186e-01,-1.263949531536271709e-01,4.098409714927998826e-02,-1.300940135542293929e-01,-0.000000000000000000e+00,-0.000000000000000000e+00,-3.239757331987219158e-01,-0.000000000000000000e+00,-0.000000000000000000e+00,-0.000000000000000000e+00,-0.000000000000000000e+00,-7.876290664660715035e-02,0.000000000000000000e+00,-0.000000000000000000e+00,0.000000000000000000e+00,-1.684749599665437414e-01,1.718462962844287789e+00,-5.872914597288012017e-02,-1.234097197464597284e-01,0.000000000000000000e+00,-0.000000000000000000e+00,-4.348522940815575111e-01,-0.000000000000000000e+00,-0.000000000000000000e+00,-0.000000000000000000e+00,0.000000000000000000e+00,-0.000000000000000000e+00,-0.000000000000000000e+00,-0.000000000000000000e+00
-0.000000000000000000e+00,0.000000000000000000e+00,-0.000000000000000000e+00,0.000000000000000000e+00,-0.000000000000000000e+00,5.161215604048694505e-01,-9.893720062450327146e-02,-0.000000000000000000e+00,0.000000000000000000e+00,-0.000000000000000000e+00,0.000000000000000000e+00,-0.000000000000000000e+00,7.393247786698327328e-02,-0.000000000000000000e+00,-5.013621028605597107e-01,-2.858182421250325400e-01,-0.000000000000000000e+00,-0.000000000000000000e+00,-6.214307429847309994e-02,-5.590812264703113321e-01,-0.000000000000000000e+00,-0.000000000000000000e+00,0.000000000000000000e+00,0.000000000000000000e+00,1.257852357993906600e-01,-0.000000000000000000e+00,-5.872914597288012017e-02,2.200759347009247691e+00,-0.000000000000000000e+00,-0.000000000000000000e+00,1.245123091307941687e-01,0.000000000000000000e+00,-0.000000000000000000e+00,-6.936543113947225836e-02,1.082107908516913991e-01,0.000000000000000000e+00,0.000000000000000000e+00,-0.000000000000000000e+00,0.000000000000000000e+00
-1.732930135859599430e-01,0.000000000000000000e+00,-0.000000000000000000e+00,0.000000000000000000e+00,1.653292387434566330e-02,-0.000000000000000000e+00,1.100147525979824348e-01,-0.000000000000000000e+00,-0.000000000000000000e+00,0.000000000000000000e+00,-0.000000000000000000e+00,-0.000000000000000000e+00,0.000000000000000000e+00,-0.000000000000000000e+00,-1.849785873235182676e-01,0.000000000000000000e+00,-4.992235317539245876e-01,0.000000000000000000e+00,-0.000000000000000000e+00,-1.985468293500406989e-01,-2.074226116944891951e-01,-0.000000000000000000e+00,-0.000000000000000000e+00,-9.028194454322885365e-02,-0.000000000000000000e+00,-4.029677001203564313e-01,-1.234097197464597284e-01,-0.000000000000000000e+00,2.055487203196691315e+00,-0.000000000000000000e+00,0.000000000000000000e+00,-1.448570624443791810e-01,-8.779584085332411969e-02,0.000000000000000000e+00,-8.093208061243659102e-02,-0.000000000000000000e+00,-1.113573064171422683e-01,-5.587370674992339636e-02,0.000000000000000000e+00
0.000000000000000000e+00,0.000000000000000000e+00,-0.000000000000000000e+00,-3.862972553704981105e-02,-6.327903515246781352e-02,0.000000000000000000e+00,-0.000000000000000000e+00,0.000000000000000000e+00,-2.978071785356823376e-01,-4.696136983944826371e-02,0.000000000000000000e+00,-1.825730179549788640e-02,4.949982363929496254e-02,-0.000000000000000000e+00,-1.189685344625872852e-02,-2.610338707115648638e-01,-0.000000000000000000e+00,-0.000000000000000000e+00,-8.886109890818704934e-03,-0.000000000000000000e+00,-0.000000000000000000e+00,0.000000000000000000e+00,-0.000000000000000000e+00,-0.000000000000000000e+00,-0.000000000000000000e+00,-0.000000000000000000e+00,0.000000000000000000e+00,-0.000000000000000000e+00,-0.000000000000000000e+00,1.481871820568335218e+00,-0.000000000000000000e+00,0.000000000000000000e+00,-0.000000000000000000e+00,-3.400489187939530894e-02,0.000000000000000000e+00,-1.952809109434894830e-01,-0.000000000000000000e+00,-1.692593403333080559e-01,-1.794697514194324717e-01
0.000000000000000000e+00,-7.337000961478558347e-02,-2.194324280683320194e-01,-3.036344946475583728e-01,-0.000000000000000000e+00,-0.000000000000000000e+00,0.000000000000000000e+00,2.489698762914440699e-01,-0.000000000000000000e+00,-5.471622953589135724e-02,0.000000000000000000e+00,-0.000000000000000000e+00,0.000000000000000000e+00,-4.315093631934140139e-02,2.022330528068466138e-01,0.000000000000000000e+00,0.000000000000000000e+00,-0.000000000000000000e+00,0.000000000000000000e+00,3.483782365838269252e-02,-0.000000000000000000e+00,-0.000000000000000000e+00,-6.056475749602227565e-02,-7.864732934322843372e-02,-0.000000000000000000e+00,-0.000000000000000000e+00,-0.000000000000000000e+00,1.245123091307941687e-01,0.000000000000000000e+00,-0.000000000000000000e+00,1.399610163978612487e+00,-8.117633105405812344e-02,-0.000000000000000000e+00,-0.000000000000000000e+00,-8.771846084942615251e-02,-5.948352324215820663e-02,-3.814051741694729492e-02,0.000000000000000000e+00,-0.000000000000000000e+00
-0.000000000000000000e+00,-1.555882880326797391e-01,-0.000000000000000000e+00,-0.000000000000000000e+00,0.000000000000000000e+00,-0.000000000000000000e+00,2.710549572370515858e-02,0.000000000000000000e+00,-0.000000000000000000e+00,0.000000000000000000e+00,-2.868845209219076375e-01,-0.000000000000000000e+00,0.000000000000000000e+00,-0.000000000000000000e+00,0.000000000000000000e+00,0.000000000000000000e+00,-8.566341909060333840e-03,-0.000000000000000000e+00,0.000000000000000000e+00,0.000000000000000000e+00,-0.000000000000000000e+00,-0.000000000000000000e+00,-0.000000000000000000e+00,-2.107581215663980878e-01,-7.746381419832186477e-02,-0.000000000000000000e+00,-4.348522940815575111e-01,0.000000000000000000e+00,-1.448570624443791810e-01,0.000000000000000000e+00,-8.117633105405812344e-02,1.863802338243414347e+00,-1.823627099704509258e-01,-0.000000000000000000e+00,-1.767242736103879774e-01,-0.000000000000000000e+00,-3.575766808204636771e-01,0.000000000000000000e+00,-0.000000000000000000e+00
-0.000000000000000000e+00,-0.000000000000000000e+00,-2.258816725636954015e-01,-0.000000000000000000e+00,0.000000000000000000e+00,-0.000000000000000000e+00,0.000000000000000000e+00,0.000000000000000000e+00,-0.000000000000000000e+00,-0.000000000000000000e+00,-0.000000000000000000e+00,0.000000000000000000e+00,0.000000000000000000e+00,0.000000000000000000e+00,-0.000000000000000000e+00,-0.000000000000000000e+00,-0.000000000000000000e+00,-0.000000000000000000e+00,-0.000000000000000000e+00,-0.000000000000000000e+00,-4.381009093710316882e-01,-0.000000000000000000e+00,0.000000000000000000e+00,-0.000000000000000000e+00,-0.000000000000000000e+00,-1.899920949195878506e-01,-0.000000000000000000e+00,-0.000000000000000000e+00,-8.779584085332411969e-02,-0.000000000000000000e+00,-0.000000000000000000e+00,-1.823627099704509258e-01,1.811898592050659174e+00,-0.000000000000000000e+00,-1.131128876640447173e-01,-4.018668489511481590e-02,-4.659107030603198973e-01,0.000000000000000000e+00,0.000000000000000000e+00
0.000000000000000000e+00,0.000000000000000000e+00,-3.539387053544369444e-01,-0.000000000000000000e+00,-3.823741352902640944e-01,0.000000000000000000e+00,0.000000000000000000e+00,0.000000000000000000e+00,-3.481992056516698963e-01,-2.954205580420853905e-01,0.000000000000000000e+00,-1.417238110396785711e-01,0.000000000000000000e+00,-6.434841934828162968e-02,-1.463981821935871064e-01,-1.188377089683636118e-01,0.000000000000000000e+00,-5.013385666614947889e-01,-1.605037194837277137e-01,-0.000000000000000000e+00,-0.000000000000000000e+00,-0.000000000000000000e+00,0.000000000000000000e+00,-0.000000000000000000e+00,0.000000000000000000e+00,-0.000000000000000000e+00,-0.000000000000000000e+00,-6.936543113947225836e-02,0.000000000000000000e+00,-3.400489187939530894e-02,-0.000000000000000000e+00,-0.000000000000000000e+00,-0.000000000000000000e+00,2.471815911385567333e+00,1.744814612342534821e-01,-1.508837907775912313e-01,-0.000000000000000000e+00,-0.000000000000000000e+00,-0.000000000000000000e+00
-0.000000000000000000e+00,0.000000000000000000e+00,-0.000000000000000000e+00,-0.000000000000000000e+00,0.000000000000000000e+00,-4.574569890371757985e-01,4.230883343807772395e-02,0.000000000000000000e+00,0.000000000000000000e+00,0.000000000000000000e+00,0.000000000000000000e+00,0.000000000000000000e+00,-0.000000000000000000e+00,0.000000000000000000e+00,0.000000000000000000e+00,2.532535042063793762e-02,0.000000000000000000e+00,0.000000000000000000e+00,0.000000000000000000e+00,0.000000000000000000e+00,-0.000000000000000000e+00,0.000000000000000000e+00,-0.000000000000000000e+00,-1.866625892612931992e-01,-8.107068276375112292e-02,-1.398421063339480401e-02,-0.000000000000000000e+00,1.082107908516913991e-01,-8.093208061243659102e-02,0.000000000000000000e+00,-8.771846084942615251e-02,-1.767242736103879774e-01,-1.131128876640447173e-01,1.744814612342534821e-01,1.647185256331090475e+00,-0.000000000000000000e+00,-4.732274251825657196e-01,0.000000000000000000e+00,0.000000000000000000e+00
0.000000000000000000e+00,0.000000000000000000e+00,-0.000000000000000000e+00,-0.000000000000000000e+00,-0.000000000000000000e+00,-0.000000000000000000e+00,0.000000000000000000e+00,5.329471528519461043e-02,-4.385735723508689676e-01,-0.000000000000000000e+00,0.000000000000000000e+00,-1.336440865198409989e-01,0.000000000000000000e+00,-0.000000000000000000e+00,-0.000000000000000000e+00,-0.000000000000000000e+00,-0.000000000000000000e+00,-0.000000000000000000e+00,-0.000000000000000000e+00,-0.000000000000000000e+00,-0.000000000000000000e+00,-0.000000000000000000e+00,-0.000000000000000000e+00,-0.000000000000000000e+00,-0.000000000000000000e+00,-0.000000000000000000e+00,0.000000000000000000e+00,0.000000000000000000e+00,-0.000000000000000000e+00,-1.952809109434894830e-01,-5.948352324215820663e-02,-0.000000000000000000e+00,-4.018668489511481590e-02,-1.508837907775912313e-01,-0.000000000000000000e+00,1.453234185296345737e+00,-1.110836771111973209e-01,-0.000000000000000000e+00,-0.000000000000000000e+00
0.000000000000000000e+00,0.000000000000000000e+00,-0.000000000000000000e+00,-0.000000000000000000e+00,0.000000000000000000e+00,-2.836005505971302566e-03,9.861103122885335470e-02,0.000000000000000000e+00,-3.613615500881772746e-02,-0.000000000000000000e+00,0.000000000000000000e+00,-0.000000000000000000e+00,0.000000000000000000e+00,0.000000000000000000e+00,-0.000000000000000000e+00,-0.000000000000000000e+00,0.000000000000000000e+00,-0.000000000000000000e+00,-0.000000000000000000e+00,-0.000000000000000000e+00,-4.719508765390970639e-01,-7.753768541777059271e-03,-0.000000000000000000e+00,-9.543052581597930017e-02,-0.000000000000000000e+00,-0.000000000000000000e+00,-0.000000000000000000e+00,0.000000000000000000e+00,-1.113573064171422683e-01,-0.000000000000000000e+00,-3.814051741694729492e-02,-3.575766808204636771e-01,-4.659107030603198973e-01,-0.000000000000000000e+00,-4.732274251825657196e-01,-1.110836771111973209e-01,2.048958821515145523e+00,0.000000000000000000e+00,-0.000000000000000000e+00
-1.713337570610854732e-01,0.000000000000000000e+00,0.000000000000000000e+00,-0.000000000000000000e+00,0.000000000000000000e+00,0.000000000000000000e+00,-0.000000000000000000e+00,-5.158330703756486973e-02,-0.000000000000000000e+00,-0.000000000000000000e+00,-0.000000000000000000e+00,-4.665639703225069046e-02,1.473353743955438735e-02,-2.106196701872872779e-02,-3.187965766637639864e-01,-0.000000000000000000e+00,-1.997453481685011467e-01,0.000000000000000000e+00,-0.000000000000000000e+00,-0.000000000000000000e+00,-0.000000000000000000e+00,0.000000000000000000e+00,-0.000000000000000000e+00,-6.538521643034171660e-02,-0.000000000000000000e+00,-0.000000000000000000e+00,-0.000000000000000000e+00,-0.000000000000000000e+00,-5.587370674992339636e-02,-1.692593403333080559e-01,0.000000000000000000e+00,0.000000000000000000e+00,0.000000000000000000e+00,-0.000000000000000000e+00,0.000000000000000000e+00,-0.000000000000000000e+00,0.000000000000000000e+00,1.458003643845683817e+00,-3.074390339197610733e-01
-0.000000000000000000e+00,-2.944939725944040187e-01,-0.000000000000000000e+00,-1.583469023161262687e-02,-0.000000000000000000e+00,0.000000000000000000e+00,-0.000000000000000000e+00,-0.000000000000000000e+00,-0.000000000000000000e+00,-2.668838590943443251e-02,-2.652015411155856511e-02,-1.748358513852678042e-01,1.699002506942494384e-02,-1.524510509242245904e-01,0.000000000000000000e+00,-1.490298327578048164e-02,-0.000000000000000000e+00,0.000000000000000000e+00,0.000000000000000000e+00,0.000000000000000000e+00,-0.000000000000000000e+00,0.000000000000000000e+00,-0.000000000000000000e+00,-5.123321517195991714e-02,-0.000000000000000000e+00,0.000000000000000000e+00,-0.000000000000000000e+00,0.000000000000000000e+00,0.000000000000000000e+00,-1.794697514194324717e-01,-0.000000000000000000e+00,-0.000000000000000000e+00,0.000000000000000000e+00,-0.000000000000000000e+00,0.000000000000000000e+00,-0.000000000000000000e+00,-0.000000000000000000e+00,-3.074390339197610733e-01,1.405453709628276204e+00
