2.412257433190565514e+00,-1.911233458198104973e-01,-0.000000000000000000e+00,-0.000000000000000000e+00,-0.000000000000000000e+00,-0.000000000000000000e+00,1.807432327479241083e-02,0.000000000000000000e+00,-0.000000000000000000e+00,-2.391749093184897534e-01,-0.000000000000000000e+00,-0.000000000000000000e+00,0.000000000000000000e+00,-0.000000000000000000e+00,0.000000000000000000e+00,-4.005711840092059384e-01,-0.000000000000000000e+00,-0.000000000000000000e+00,-0.000000000000000000e+00,0.000000000000000000e+00,0.000000000000000000e+00,0.000000000000000000e+00,-0.000000000000000000e+00,-0.000000000000000000e+00,-8.358306681021218654e-02,-2.678728365890581387e-01,-6.251342684861907473e-02,-0.000000000000000000e+00,-5.202133640191941577e-01,-3.220991552485509279e-01,-0.000000000000000000e+00,-7.191737599512873502e-02,-0.000000000000000000e+00,-0.000000000000000000e+00,-0.000000000000000000e+00,-1.206127137807029050e-02,-1.495383371007089901e-01,-0.000000000000000000e+00,0.000000000000000000e+00
-1.911233458198104973e-01,2.206654859426313564e+00,0.000000000000000000e+00,0.000000000000000000e+00,-0.000000000000000000e+00,-0.000000000000000000e+00,0.000000000000000000e+00,0.000000000000000000e+00,-4.143156312033254851e-01,-4.638624093879475940e-01,-0.000000000000000000e+00,0.000000000000000000e+00,0.000000000000000000e+00,-0.000000000000000000e+00,1.681522731683249006e-01,-0.000000000000000000e+00,-0.000000000000000000e+00,-0.000000000000000000e+00,-0.000000000000000000e+00,2.092662899184540015e-01,2.109659473189335610e-01,0.000000000000000000e+00,-0.000000000000000000e+00,-0.000000000000000000e+00,-1.388425540080649445e-01,-0.000000000000000000e+00,-0.000000000000000000e+00,0.000000000000000000e+00,-3.581052253721892509e-01,-2.215666211565733568e-01,-0.000000000000000000e+00,-0.000000000000000000e+00,-0.000000000000000000e+00,0.000000000000000000e+00,-0.000000000000000000e+00,-0.000000000000000000e+00,-0.000000000000000000e+00,0.000000000000000000e+00,-0.000000000000000000e+00
-0.000000000000000000e+00,0.000000000000000000e+00,2.414537322735839098e+00,-2.015655292794679143e-01,-1.929791584027544249e-01,0.000000000000000000e+00,-0.000000000000000000e+00,1.019569849822407503e+00,-0.000000000000000000e+00,-0.000000000000000000e+00,-0.000000000000000000e+00,-0.000000000000000000e+00,0.000000000000000000e+00,-7.971397680768748523e-03,-0.000000000000000000e+00,-0.000000000000000000e+00,-0.000000000000000000e+00,-7.355625921627929886e-02,-0.000000000000000000e+00,-0.000000000000000000e+00,-0.000000000000000000e+00,-0.000000000000000000e+00,-0.000000000000000000e+00,-7.365932253732834778e-02,-0.000000000000000000e+00,-0.000000000000000000e+00,-0.000000000000000000e+00,-0.000000000000000000e+00,-0.000000000000000000e+00,-0.000000000000000000e+00,-2.545490079568885067e-01,-0.000000000000000000e+00,-3.087335845246124699e-01,-3.493472119725051783e-01,-0.000000000000000000e+00,-0.000000000000000000e+00,-0.000000000000000000e+00,-8.213429922072873479e-02,-0.000000000000000000e+00
-0.000000000000000000e+00,0.000000000000000000e+00,-2.015655292794679143e-01,1.598096326308839910e+00,-0.000000000000000000e+00,0.000000000000000000e+00,0.000000000000000000e+00,0.000000000000000000e+00,-0.000000000000000000e+00,-0.000000000000000000e+00,-0.000000000000000000e+00,-0.000000000000000000e+00,1.097363390074760844e-02,-1.838180400231008080e-02,-0.000000000000000000e+00,-0.000000000000000000e+00,-0.000000000000000000e+00,-0.000000000000000000e+00,-1.852305462083495280e-01,-0.000000000000000000e+00,-9.769809727808605182e-02,-0.000000000000000000e+00,-0.000000000000000000e+00,-0.000000000000000000e+00,-0.000000000000000000e+00,-1.711910828251101413e-01,-0.000000000000000000e+00,-2.388637750531055481e-01,-0.000000000000000000e+00,-0.000000000000000000e+00,-4.702818591347912580e-02,-0.000000000000000000e+00,-0.000000000000000000e+00,-2.019649167872600570e-01,-0.000000000000000000e+00,-0.000000000000000000e+00,-0.000000000000000000e+00,-3.306742504077139766e-01,0.000000000000000000e+00
-0.000000000000000000e+00,-0.000000000000000000e+00,-1.929791584027544249e-01,-0.000000000000000000e+00,2.542092406346478040e+00,-0.000000000000000000e+00,0.000000000000000000e+00,3.335836068125563880e-01,-4.658535780349757349e-01,-0.000000000000000000e+00,-0.000000000000000000e+00,-0.000000000000000000e+00,0.000000000000000000e+00,-4.910648809582373597e-01,0.000000000000000000e+00,-0.000000000000000000e+00,-0.000000000000000000e+00,-0.000000000000000000e+00,-0.000000000000000000e+00,0.000000000000000000e+00,0.000000000000000000e+00,0.000000000000000000e+00,-0.000000000000000000e+00,-0.000000000000000000e+00,-0.000000000000000000e+00,-0.000000000000000000e+00,-1.143021501983055160e-01,-0.000000000000000000e+00,-8.058339094891388277e-02,-2.661918612275809282e-01,-0.000000000000000000e+00,-3.721501644973178313e-02,-3.086926766767965624e-01,-4.334294625000273959e-01,-0.000000000000000000e+00,-0.000000000000000000e+00,-0.000000000000000000e+00,-0.000000000000000000e+00,-0.000000000000000000e+00
-0.000000000000000000e+00,-0.000000000000000000e+00,0.000000000000000000e+00,0.000000000000000000e+00,-0.000000000000000000e+00,2.051478303133473791e+00,0.000000000000000000e+00,0.000000000000000000e+00,-0.000000000000000000e+00,-0.000000000000000000e+00,-7.746614794366687429e-01,1.200403080075198303e-01,-1.347339290825377801e-03,-0.000000000000000000e+00,1.200657827402420302e-01,-0.000000000000000000e+00,-5.291094001487952614e-01,0.000000000000000000e+00,-0.000000000000000000e+00,0.000000000000000000e+00,3.885236144041804771e-03,1.346957589862770033e-01,0.000000000000000000e+00,0.000000000000000000e+00,-1.078724387444112004e-01,-0.000000000000000000e+00,-0.000000000000000000e+00,-0.000000000000000000e+00,-0.000000000000000000e+00,-0.000000000000000000e+00,-0.000000000000000000e+00,-0.000000000000000000e+00,-0.000000000000000000e+00,0.000000000000000000e+00,-9.295629096154293947e-02,-0.000000000000000000e+00,-6.495858513365151965e-02,0.000000000000000000e+00,3.552356534495534901e-02
1.807432327479241083e-02,0.000000000000000000e+00,-0.000000000000000000e+00,0.000000000000000000e+00,0.000000000000000000e+00,0.000000000000000000e+00,1.321326868821417921e+00,-0.000000000000000000e+00,-0.000000000000000000e+00,0.000000000000000000e+00,1.742130269973188039e-01,-0.000000000000000000e+00,0.000000000000000000e+00,0.000000000000000000e+00,-0.000000000000000000e+00,0.000000000000000000e+00,1.175860529424820888e-01,-0.000000000000000000e+00,0.000000000000000000e+00,-0.000000000000000000e+00,-0.000000000000000000e+00,-1.665098206614997189e-01,-0.000000000000000000e+00,-0.000000000000000000e+00,0.000000000000000000e+00,1.099622233824274070e-01,0.000000000000000000e+00,0.000000000000000000e+00,7.767349013729211993e-03,0.000000000000000000e+00,0.000000000000000000e+00,2.024697536164129508e-01,0.000000000000000000e+00,0.000000000000000000e+00,0.000000000000000000e+00,0.000000000000000000e+00,1.189639248502625257e-01,0.000000000000000000e+00,-6.251350739502146980e-02
0.000000000000000000e+00,0.000000000000000000e+00,1.019569849822407503e+00,0.000000000000000000e+00,3.335836068125563880e-01,0.000000000000000000e+00,-0.000000000000000000e+00,2.039872178152031701e+00,0.000000000000000000e+00,0.000000000000000000e+00,0.000000000000000000e+00,0.000000000000000000e+00,-0.000000000000000000e+00,1.309578600522289249e-01,-0.000000000000000000e+00,0.000000000000000000e+00,0.000000000000000000e+00,7.567219455335545686e-02,0.000000000000000000e+00,-0.000000000000000000e+00,0.000000000000000000e+00,0.000000000000000000e+00,8.263318552822325469e-02,9.466456255606621462e-02,0.000000000000000000e+00,0.000000000000000000e+00,0.000000000000000000e+00,0.000000000000000000e+00,0.000000000000000000e+00,0.000000000000000000e+00,0.000000000000000000e+00,0.000000000000000000e+00,0.000000000000000000e+00,4.138372054469320604e-02,0.000000000000000000e+00,0.000000000000000000e+00,0.000000000000000000e+00,0.000000000000000000e+00,0.000000000000000000e+00
-0.000000000000000000e+00,-4.143156312033254851e-01,-0.000000000000000000e+00,-0.000000000000000000e+00,-4.658535780349757349e-01,-0.000000000000000000e+00,-0.000000000000000000e+00,0.000000000000000000e+00,2.372762406045192840e+00,-2.618206700089723005e-01,-0.000000000000000000e+00,-0.000000000000000000e+00,9.626480449073807413e-03,-1.337407573954438045e-01,0.000000000000000000e+00,-0.000000000000000000e+00,-0.000000000000000000e+00,-5.614266095386502009e-01,-0.000000000000000000e+00,0.000000000000000000e+00,0.000000000000000000e+00,0.000000000000000000e+00,-2.315401077483114634e-01,-0.000000000000000000e+00,-0.000000000000000000e+00,-0.000000000000000000e+00,-0.000000000000000000e+00,0.000000000000000000e+00,-0.000000000000000000e+00,-2.775777013764785250e-01,-0.000000000000000000e+00,-0.000000000000000000e+00,-0.000000000000000000e+00,-0.000000000000000000e+00,-0.000000000000000000e+00,-0.000000000000000000e+00,-0.000000000000000000e+00,-0.000000000000000000e+00,-2.548968097150904333e-01
-2.391749093184897534e-01,-4.638624093879475940e-01,-0.000000000000000000e+00,-0.000000000000000000e+00,-0.000000000000000000e+00,-0.000000000000000000e+00,0.000000000000000000e+00,0.000000000000000000e+00,-2.618206700089723005e-01,2.692825912714828629e+00,-0.000000000000000000e+00,-0.000000000000000000e+00,0.000000000000000000e+00,-0.000000000000000000e+00,0.000000000000000000e+00,-7.110014127131548678e-01,-0.000000000000000000e+00,-0.000000000000000000e+00,-1.260274891645161432e-01,0.000000000000000000e+00,0.000000000000000000e+00,0.000000000000000000e+00,-0.000000000000000000e+00,-0.000000000000000000e+00,-1.094852861291602669e-01,-0.000000000000000000e+00,-1.413157190903958360e-01,-0.000000000000000000e+00,-1.219131146109277974e-01,-4.491131881645225588e-01,-9.155181055079619767e-02,-0.000000000000000000e+00,-0.000000000000000000e+00,-0.000000000000000000e+00,-0.000000000000000000e+00,-5.622770180918723604e-02,-0.000000000000000000e+00,-0.000000000000000000e+00,-0.000000000000000000e+00
-0.000000000000000000e+00,-0.000000000000000000e+00,-0.000000000000000000e+00,-0.000000000000000000e+00,-0.000000000000000000e+00,-7.746614794366687429e-01,1.742130269973188039e-01,0.000000000000000000e+00,-0.000000000000000000e+00,-0.000000000000000000e+00,2.143341709588528765e+00,5.424499945243809601e-02,-0.000000000000000000e+00,-0.000000000000000000e+00,2.788409182125591024e-02,-3.842254275134265873e-02,-4.952616693124896607e-01,-0.000000000000000000e+00,-0.000000000000000000e+00,0.000000000000000000e+00,0.000000000000000000e+00,0.000000000000000000e+00,0.000000000000000000e+00,0.000000000000000000e+00,-0.000000000000000000e+00,-0.000000000000000000e+00,-0.000000000000000000e+00,-0.000000000000000000e+00,-0.000000000000000000e+00,-0.000000000000000000e+00,-0.000000000000000000e+00,-2.486304181744865005e-01,-0.000000000000000000e+00,0.000000000000000000e+00,-7.224805304086470703e-02,-0.000000000000000000e+00,-1.593676098409453068e-01,-0.000000000000000000e+00,8.463065074738844451e-02
-0.000000000000000000e+00,0.000000000000000000e+00,-0.000000000000000000e+00,-0.000000000000000000e+00,-0.000000000000000000e+00,1.200403080075198303e-01,-0.000000000000000000e+00,0.000000000000000000e+00,-0.000000000000000000e+00,-0.000000000000000000e+00,5.424499945243809601e-02,1.417004460273667554e+00,1.671595478359122131e-02,-0.000000000000000000e+00,-3.291324550422682349e-01,-0.000000000000000000e+00,0.000000000000000000e+00,-0.000000000000000000e+00,-0.000000000000000000e+00,-0.000000000000000000e+00,-9.932775649207110924e-02,-3.407285041030068129e-01,-0.000000000000000000e+00,-0.000000000000000000e+00,0.000000000000000000e+00,-0.000000000000000000e+00,-0.000000000000000000e+00,-0.000000000000000000e+00,0.000000000000000000e+00,-0.000000000000000000e+00,-0.000000000000000000e+00,0.000000000000000000e+00,-0.000000000000000000e+00,-5.309790722948274505e-02,0.000000000000000000e+00,-0.000000000000000000e+00,0.000000000000000000e+00,-9.558185685265505049e-02,-1.259726819985111657e-02
0.000000000000000000e+00,0.000000000000000000e+00,0.000000000000000000e+00,1.097363390074760844e-02,0.000000000000000000e+00,-1.347339290825377801e-03,0.000000000000000000e+00,-0.000000000000000000e+00,9.626480449073807413e-03,0.000000000000000000e+00,-0.000000000000000000e+00,1.671595478359122131e-02,1.247809554304989854e+00,0.000000000000000000e+00,0.000000000000000000e+00,0.000000000000000000e+00,-0.000000000000000000e+00,0.000000000000000000e+00,0.000000000000000000e+00,0.000000000000000000e+00,0.000000000000000000e+00,0.000000000000000000e+00,0.000000000000000000e+00,0.000000000000000000e+00,0.000000000000000000e+00,0.000000000000000000e+00,8.518816638095713656e-03,0.000000000000000000e+00,0.000000000000000000e+00,0.000000000000000000e+00,1.050310659598945318e-01,0.000000000000000000e+00,0.000000000000000000e+00,4.966819273720644579e-01,0.000000000000000000e+00,-0.000000000000000000e+00,0.000000000000000000e+00,0.000000000000000000e+00,0.000000000000000000e+00
-0.000000000000000000e+00,-0.000000000000000000e+00,-7.971397680768748523e-03,-1.838180400231008080e-02,-4.910648809582373597e-01,-0.000000000000000000e+00,0.000000000000000000e+00,1.309578600522289249e-01,-1.337407573954438045e-01,-0.000000000000000000e+00,-0.000000000000000000e+00,-0.000000000000000000e+00,0.000000000000000000e+00,2.263613165782470737e+00,0.000000000000000000e+00,-0.000000000000000000e+00,-8.647732353020666507e-02,-0.000000000000000000e+00,-1.004184538644093960e-01,0.000000000000000000e+00,0.000000000000000000e+00,0.000000000000000000e+00,-2.529840681423651261e-01,-1.242362327862037152e-01,-3.047242111573524870e-01,-0.000000000000000000e+00,-0.000000000000000000e+00,-0.000000000000000000e+00,-1.345284290770195901e-01,-8.667117901992933693e-02,-0.000000000000000000e+00,-0.000000000000000000e+00,-4.060774116960481073e-01,-1.238913178334618941e-02,-6.355026773003065454e-02,-0.000000000000000000e+00,-2.336253907424826887e-02,-0.000000000000000000e+00,-0.000000000000000000e+00
0.000000000000000000e+00,1.681522731683249006e-01,-0.000000000000000000e+00,-0.000000000000000000e+00,0.000000000000000000e+00,1.200657827402420302e-01,-0.000000000000000000e+00,-0.000000000000000000e+00,0.000000000000000000e+00,0.000000000000000000e+00,2.788409182125591024e-02,-3.291324550422682349e-01,0.000000000000000000e+00,0.000000000000000000e+00,1.958721623956575675e+00,0.000000000000000000e+00,0.000000000000000000e+00,0.000000000000000000e+00,-0.000000000000000000e+00,-3.818664580399513953e-01,-4.602878688574825183e-01,-2.166228897941386289e-01,0.000000000000000000e+00,0.000000000000000000e+00,3.526443231536317141e-02,-0.000000000000000000e+00,0.000000000000000000e+00,-0.000000000000000000e+00,0.000000000000000000e+00,0.000000000000000000e+00,0.000000000000000000e+00,0.000000000000000000e+00,0.000000000000000000e+00,-0.000000000000000000e+00,0.000000000000000000e+00,-0.000000000000000000e+00,0.000000000000000000e+00,-2.943248903285268225e-01,0.000000000000000000e+00
-4.005711840092059384e-01,-0.000000000000000000e+00,-0.000000000000000000e+00,-0.000000000000000000e+00,-0.000000000000000000e+00,-0.000000000000000000e+00,0.000000000000000000e+00,0.000000000000000000e+00,-0.000000000000000000e+00,-7.110014127131548678e-01,-3.842254275134265873e-02,-0.000000000000000000e+00,0.000000000000000000e+00,-0.000000000000000000e+00,0.000000000000000000e+00,2.692331334074286708e+00,-0.000000000000000000e+00,-0.000000000000000000e+00,-1.516279517629480489e-01,0.000000000000000000e+00,0.000000000000000000e+00,0.000000000000000000e+00,-0.000000000000000000e+00,-0.000000000000000000e+00,-1.197238844697118415e-01,-3.083811765083328549e-01,-8.912225248206248618e-02,-0.000000000000000000e+00,-7.194133793556188594e-02,-2.738217064414950053e-01,-3.570225906011556538e-01,-5.044353292018070173e-02,-0.000000000000000000e+00,-0.000000000000000000e+00,-0.000000000000000000e+00,-2.125896187376474511e-01,-8.129557761194639021e-02,-0.000000000000000000e+00,0.000000000000000000e+00
-0.000000000000000000e+00,-0.000000000000000000e+00,-0.000000000000000000e+00,-0.000000000000000000e+00,-0.000000000000000000e+00,-5.291094001487952614e-01,1.175860529424820888e-01,0.000000000000000000e+00,-0.000000000000000000e+00,-0.000000000000000000e+00,-4.952616693124896607e-01,0.000000000000000000e+00,-0.000000000000000000e+00,-8.647732353020666507e-02,0.000000000000000000e+00,-0.000000000000000000e+00,2.409680675365412750e+00,-0.000000000000000000e+00,-0.000000000000000000e+00,1.391097073550313923e-01,0.000000000000000000e+00,1.354828708745826893e-01,-0.000000000000000000e+00,-0.000000000000000000e+00,-4.624087831677649030e-01,-0.000000000000000000e+00,-0.000000000000000000e+00,-0.000000000000000000e+00,-1.867082950973673189e-02,-0.000000000000000000e+00,-0.000000000000000000e+00,-1.842564509561948616e-01,-1.474309720761367015e-01,0.000000000000000000e+00,-2.022545640105266884e-01,-0.000000000000000000e+00,-1.117919961870312839e-01,-0.000000000000000000e+00,0.000000000000000000e+00
-0.000000000000000000e+00,-0.000000000000000000e+00,-7.355625921627929886e-02,-0.000000000000000000e+00,-0.000000000000000000e+00,0.000000000000000000e+00,-0.000000000000000000e+00,7.567219455335545686e-02,-5.614266095386502009e-01,-0.000000000000000000e+00,-0.000000000000000000e+00,-0.000000000000000000e+00,0.000000000000000000e+00,-0.000000000000000000e+00,0.000000000000000000e+00,-0.000000000000000000e+00,-0.000000000000000000e+00,1.666319246359960982e+00,-4.663207057787340792e-01,0.000000000000000000e+00,0.000000000000000000e+00,0.000000000000000000e+00,-4.804702921994996216e-05,-6.904667892999101497e-02,-0.000000000000000000e+00,0.000000000000000000e+00,-0.000000000000000000e+00,0.000000000000000000e+00,-0.000000000000000000e+00,-0.000000000000000000e+00,-0.000000000000000000e+00,-0.000000000000000000e+00,-0.000000000000000000e+00,-0.000000000000000000e+00,0.000000000000000000e+00,-0.000000000000000000e+00,-0.000000000000000000e+00,-0.000000000000000000e+00,-2.605502323856656588e-01
-0.000000000000000000e+00,-0.000000000000000000e+00,-0.000000000000000000e+00,-1.852305462083495280e-01,-0.000000000000000000e+00,-0.000000000000000000e+00,0.000000000000000000e+00,0.000000000000000000e+00,-0.000000000000000000e+00,-1.260274891645161432e-01,-0.000000000000000000e+00,-0.000000000000000000e+00,0.000000000000000000e+00,-1.004184538644093960e-01,-0.000000000000000000e+00,-1.516279517629480489e-01,-0.000000000000000000e+00,-4.663207057787340792e-01,1.588219276573897831e+00,-0.000000000000000000e+00,-0.000000000000000000e+00,0.000000000000000000e+00,-0.000000000000000000e+00,-0.000000000000000000e+00,-0.000000000000000000e+00,-0.000000000000000000e+00,-6.186997568102740874e-02,-0.000000000000000000e+00,-0.000000000000000000e+00,-0.000000000000000000e+00,-0.000000000000000000e+00,-0.000000000000000000e+00,-0.000000000000000000e+00,0.000000000000000000e+00,-0.000000000000000000e+00,-0.000000000000000000e+00,-0.000000000000000000e+00,-3.413474248094462982e-01,-0.000000000000000000e+00
0.000000000000000000e+00,2.092662899184540015e-01,-0.000000000000000000e+00,-0.000000000000000000e+00,0.000000000000000000e+00,0.000000000000000000e+00,-0.000000000000000000e+00,-0.000000000000000000e+00,0.000000000000000000e+00,0.000000000000000000e+00,0.000000000000000000e+00,-0.000000000000000000e+00,0.000000000000000000e+00,0.000000000000000000e+00,-3.818664580399513953e-01,0.000000000000000000e+00,1.391097073550313923e-01,0.000000000000000000e+00,-0.000000000000000000e+00,2.182768964263355649e+00,-5.796204858384950143e-01,-5.468529678491725887e-01,0.000000000000000000e+00,0.000000000000000000e+00,9.570501682429279067e-02,-0.000000000000000000e+00,0.000000000000000000e+00,-2.984910369782073358e-01,0.000000000000000000e+00,0.000000000000000000e+00,-0.000000000000000000e+00,0.000000000000000000e+00,0.000000000000000000e+00,-0.000000000000000000e+00,0.000000000000000000e+00,-0.000000000000000000e+00,0.000000000000000000e+00,-0.000000000000000000e+00,0.000000000000000000e+00
0.000000000000000000e+00,2.109659473189335610e-01,-0.000000000000000000e+00,-9.769809727808605182e-02,0.000000000000000000e+00,3.885236144041804771e-03,-0.000000000000000000e+00,0.000000000000000000e+00,0.000000000000000000e+00,0.000000000000000000e+00,0.000000000000000000e+00,-9.932775649207110924e-02,0.000000000000000000e+00,0.000000000000000000e+00,-4.602878688574825183e-01,0.000000000000000000e+00,0.000000000000000000e+00,0.000000000000000000e+00,-0.000000000000000000e+00,-5.796204858384950143e-01,2.373473029510432930e+00,-5.636691165911775769e-01,-0.000000000000000000e+00,0.000000000000000000e+00,0.000000000000000000e+00,-0.000000000000000000e+00,-0.000000000000000000e+00,-4.488525192760268734e-01,0.000000000000000000e+00,0.000000000000000000e+00,-0.000000000000000000e+00,0.000000000000000000e+00,-0.000000000000000000e+00,-0.000000000000000000e+00,0.000000000000000000e+00,-0.000000000000000000e+00,0.000000000000000000e+00,-1.184149966900282375e-01,0.000000000000000000e+00
0.000000000000000000e+00,0.000000000000000000e+00,-0.000000000000000000e+00,-0.000000000000000000e+00,0.000000000000000000e+00,1.346957589862770033e-01,-1.665098206614997189e-01,0.000000000000000000e+00,0.000000000000000000e+00,0.000000000000000000e+00,0.000000000000000000e+00,-3.407285041030068129e-01,0.000000000000000000e+00,0.000000000000000000e+00,-2.166228897941386289e-01,0.000000000000000000e+00,1.354828708745826893e-01,0.000000000000000000e+00,0.000000000000000000e+00,-5.468529678491725887e-01,-5.636691165911775769e-01,2.133250795935073718e+00,0.000000000000000000e+00,0.000000000000000000e+00,3.546383808472337862e-03,-0.000000000000000000e+00,-0.000000000000000000e+00,-1.189368865744489107e-01,0.000000000000000000e+00,0.000000000000000000e+00,-0.000000000000000000e+00,0.000000000000000000e+00,0.000000000000000000e+00,-0.000000000000000000e+00,0.000000000000000000e+00,-0.000000000000000000e+00,0.000000000000000000e+00,-0.000000000000000000e+00,0.000000000000000000e+00
-0.000000000000000000e+00,-0.000000000000000000e+00,-0.000000000000000000e+00,-0.000000000000000000e+00,-0.000000000000000000e+00,0.000000000000000000e+00,-0.000000000000000000e+00,8.263318552822325469e-02,-2.315401077483114634e-01,-0.000000000000000000e+00,0.000000000000000000e+00,-0.000000000000000000e+00,0.000000000000000000e+00,-2.529840681423651261e-01,0.000000000000000000e+00,-0.000000000000000000e+00,-0.000000000000000000e+00,-4.804702921994996216e-05,-0.000000000000000000e+00,0.000000000000000000e+00,-0.000000000000000000e+00,0.000000000000000000e+00,1.834659475922486571e+00,-5.401965177028197340e-01,-3.443704089894507603e-01,-0.000000000000000000e+00,-0.000000000000000000e+00,-0.000000000000000000e+00,-0.000000000000000000e+00,-0.000000000000000000e+00,-1.982861492481665378e-01,-0.000000000000000000e+00,-0.000000000000000000e+00,-2.993944191952618156e-02,-0.000000000000000000e+00,0.000000000000000000e+00,-0.000000000000000000e+00,-1.394365557135293253e-03,-1.246868658890124548e-01
-0.000000000000000000e+00,-0.000000000000000000e+00,-7.365932253732834778e-02,-0.000000000000000000e+00,-0.000000000000000000e+00,0.000000000000000000e+00,-0.000000000000000000e+00,9.466456255606621462e-02,-0.000000000000000000e+00,-0.000000000000000000e+00,0.000000000000000000e+00,-0.000000000000000000e+00,0.000000000000000000e+00,-1.242362327862037152e-01,0.000000000000000000e+00,-0.000000000000000000e+00,-0.000000000000000000e+00,-6.904667892999101497e-02,-0.000000000000000000e+00,0.000000000000000000e+00,0.000000000000000000e+00,0.000000000000000000e+00,-5.401965177028197340e-01,1.429487650749429184e+00,-0.000000000000000000e+00,0.000000000000000000e+00,-0.000000000000000000e+00,0.000000000000000000e+00,-0.000000000000000000e+00,-0.000000000000000000e+00,-0.000000000000000000e+00,-0.000000000000000000e+00,-0.000000000000000000e+00,-7.526958362943340919e-02,0.000000000000000000e+00,0.000000000000000000e+00,-0.000000000000000000e+00,-0.000000000000000000e+00,-6.542730743550266570e-02
-8.358306681021218654e-02,-1.388425540080649445e-01,-0.000000000000000000e+00,-0.000000000000000000e+00,-0.000000000000000000e+00,-1.078724387444112004e-01,0.000000000000000000e+00,0.000000000000000000e+00,-0.000000000000000000e+00,-1.094852861291602669e-01,-0.000000000000000000e+00,0.000000000000000000e+00,0.000000000000000000e+00,-3.047242111573524870e-01,3.526443231536317141e-02,-1.197238844697118415e-01,-4.624087831677649030e-01,-0.000000000000000000e+00,-0.000000000000000000e+00,9.570501682429279067e-02,0.000000000000000000e+00,3.546383808472337862e-03,-3.443704089894507603e-01,-0.000000000000000000e+00,2.174028248941800356e+00,-0.000000000000000000e+00,-0.000000000000000000e+00,-0.000000000000000000e+00,-1.204693389293947370e-01,-6.123537275848370959e-02,-0.000000000000000000e+00,-0.000000000000000000e+00,-1.122807294069585321e-01,-0.000000000000000000e+00,-8.059807695945229999e-02,-0.000000000000000000e+00,-1.141525781603775491e-01,-0.000000000000000000e+00,-0.000000000000000000e+00
-2.678728365890581387e-01,-0.000000000000000000e+00,-0.000000000000000000e+00,-1.711910828251101413e-01,-0.000000000000000000e+00,-0.000000000000000000e+00,1.099622233824274070e-01,0.000000000000000000e+00,-0.000000000000000000e+00,-0.000000000000000000e+00,-0.000000000000000000e+00,-0.000000000000000000e+00,0.000000000000000000e+00,-0.000000000000000000e+00,-0.000000000000000000e+00,-3.083811765083328549e-01,-0.000000000000000000e+00,0.000000000000000000e+00,-0.000000000000000000e+00,-0.000000000000000000e+00,-0.000000000000000000e+00,-0.000000000000000000e+00,-0.000000000000000000e+00,0.000000000000000000e+00,-0.000000000000000000e+00,2.568861214654414304e+00,-4.251838807622477234e-01,-5.859997641912659816e-01,-0.000000000000000000e+00,-0.000000000000000000e+00,-0.000000000000000000e+00,-3.095289401616579950e-01,-0.000000000000000000e+00,-0.000000000000000000e+00,-2.819794502218667676e-01,-1.239697453436357788e-01,-1.335353781079795521e-01,-3.131901778637854461e-01,7.510257214877123777e-02
-6.251342684861907473e-02,-0.000000000000000000e+00,-0.000000000000000000e+00,-0.000000000000000000e+00,-1.143021501983055160e-01,-0.000000000000000000e+00,0.000000000000000000e+00,0.000000000000000000e+00,-0.000000000000000000e+00,-1.413157190903958360e-01,-0.000000000000000000e+00,-0.000000000000000000e+00,8.518816638095713656e-03,-0.000000000000000000e+00,0.000000000000000000e+00,-8.912225248206248618e-02,-0.000000000000000000e+00,-0.000000000000000000e+00,-6.186997568102740874e-02,0.000000000000000000e+00,-0.000000000000000000e+00,-0.000000000000000000e+00,-0.000000000000000000e+00,-0.000000000000000000e+00,-0.000000000000000000e+00,-4.251838807622477234e-01,2.352499634178866650e+00,-0.000000000000000000e+00,-1.536044520732184407e-02,-9.616119568076829383e-02,-4.831061554686288950e-01,-4.454361065779972595e-01,-1.978366711945333811e-01,-0.000000000000000000e+00,-9.710833862555866280e-02,-2.420572484243850922e-02,-1.231070394477497554e-01,-0.000000000000000000e+00,0.000000000000000000e+00
-0.000000000000000000e+00,0.000000000000000000e+00,-0.000000000000000000e+00,-2.388637750531055481e-01,-0.000000000000000000e+00,-0.000000000000000000e+00,0.000000000000000000e+00,0.000000000000000000e+00,0.000000000000000000e+00,-0.000000000000000000e+00,-0.000000000000000000e+00,-0.000000000000000000e+00,0.000000000000000000e+00,-0.000000000000000000e+00,-0.000000000000000000e+00,-0.000000000000000000e+00,-0.000000000000000000e+00,0.000000000000000000e+00,-0.000000000000000000e+00,-2.984910369782073358e-01,-4.488525192760268734e-01,-1.189368865744489107e-01,-0.000000000000000000e+00,0.000000000000000000e+00,-0.000000000000000000e+00,-5.859997641912659816e-01,-0.000000000000000000e+00,2.001908781204769561e+00,-0.000000000000000000e+00,-0.000000000000000000e+00,-2.455399811492062212e-01,-0.000000000000000000e+00,-0.000000000000000000e+00,-0.000000000000000000e+00,-0.000000000000000000e+00,-4.189680158623761835e-02,-0.000000000000000000e+00,-2.370928555970265028e-01,2.210410286394741131e-01
-5.202133640191941577e-01,-3.581052253721892509e-01,-0.000000000000000000e+00,-0.000000000000000000e+00,-8.058339094891388277e-02,-0.000000000000000000e+00,7.767349013729211993e-03,0.000000000000000000e+00,-0.000000000000000000e+00,-1.219131146109277974e-01,-0.000000000000000000e+00,0.000000000000000000e+00,0.000000000000000000e+00,-1.345284290770195901e-01,0.000000000000000000e+00,-7.194133793556188594e-02,-1.867082950973673189e-02,-0.000000000000000000e+00,-0.000000000000000000e+00,0.000000000000000000e+00,0.000000000000000000e+00,0.000000000000000000e+00,-0.000000000000000000e+00,-0.000000000000000000e+00,-1.204693389293947370e-01,-0.000000000000000000e+00,-1.536044520732184407e-02,-0.000000000000000000e+00,2.606894114490039271e+00,-3.064607868138681801e-01,-0.000000000000000000e+00,-4.214016458991104996e-01,-0.000000000000000000e+00,-0.000000000000000000e+00,-0.000000000000000000e+00,-1.005051305706855871e-02,-4.481183602035616609e-01,-0.000000000000000000e+00,0.000000000000000000e+00
-3.220991552485509279e-01,-2.215666211565733568e-01,-0.000000000000000000e+00,-0.000000000000000000e+00,-2.661918612275809282e-01,-0.000000000000000000e+00,0.000000000000000000e+00,0.000000000000000000e+00,-2.775777013764785250e-01,-4.491131881645225588e-01,-0.000000000000000000e+00,-0.000000000000000000e+00,0.000000000000000000e+00,-8.667117901992933693e-02,0.000000000000000000e+00,-2.738217064414950053e-01,-0.000000000000000000e+00,-0.000000000000000000e+00,-0.000000000000000000e+00,0.000000000000000000e+00,0.000000000000000000e+00,0.000000000000000000e+00,-0.000000000000000000e+00,-0.000000000000000000e+00,-6.123537275848370959e-02,-0.000000000000000000e+00,-9.616119568076829383e-02,-0.000000000000000000e+00,-3.064607868138681801e-01,2.635701902763886384e+00,-1.609856199584952519e-01,-1.092732930816138898e-01,-0.000000000000000000e+00,-0.000000000000000000e+00,-0.000000000000000000e+00,-1.191039496731370884e-01,-3.567472159791473373e-03,-0.000000000000000000e+00,-0.000000000000000000e+00
-0.000000000000000000e+00,-0.000000000000000000e+00,-2.545490079568885067e-01,-4.702818591347912580e-02,-0.000000000000000000e+00,-0.000000000000000000e+00,0.000000000000000000e+00,0.000000000000000000e+00,-0.000000000000000000e+00,-9.155181055079619767e-02,-0.000000000000000000e+00,-0.000000000000000000e+00,1.050310659598945318e-01,-0.000000000000000000e+00,0.000000000000000000e+00,-3.570225906011556538e-01,-0.000000000000000000e+00,-0.000000000000000000e+00,-0.000000000000000000e+00,-0.000000000000000000e+00,-0.000000000000000000e+00,-0.000000000000000000e+00,-1.982861492481665378e-01,-0.000000000000000000e+00,-0.000000000000000000e+00,-0.000000000000000000e+00,-4.831061554686288950e-01,-2.455399811492062212e-01,-0.000000000000000000e+00,-1.609856199584952519e-01,2.010569026497183831e+00,-0.000000000000000000e+00,-1.243548851404129713e-01,-0.000000000000000000e+00,-0.000000000000000000e+00,-0.000000000000000000e+00,-0.000000000000000000e+00,-0.000000000000000000e+00,-0.000000000000000000e+00
-7.191737599512873502e-02,-0.000000000000000000e+00,-0.000000000000000000e+00,-0.000000000000000000e+00,-3.721501644973178313e-02,-0.000000000000000000e+00,2.024697536164129508e-01,0.000000000000000000e+00,-0.000000000000000000e+00,-0.000000000000000000e+00,-2.486304181744865005e-01,0.000000000000000000e+00,0.000000000000000000e+00,-0.000000000000000000e+00,0.000000000000000000e+00,-5.044353292018070173e-02,-1.842564509561948616e-01,-0.000000000000000000e+00,-0.000000000000000000e+00,0.000000000000000000e+00,0.000000000000000000e+00,0.000000000000000000e+00,-0.000000000000000000e+00,-0.000000000000000000e+00,-0.000000000000000000e+00,-3.095289401616579950e-01,-4.454361065779972595e-01,-0.000000000000000000e+00,-4.214016458991104996e-01,-1.092732930816138898e-01,-0.000000000000000000e+00,2.529903909655608185e+00,-2.731408814127522441e-02,-0.000000000000000000e+00,-2.084981168212000913e-01,-2.626667905513227833e-02,-3.313813252718743052e-01,-0.000000000000000000e+00,0.000000000000000000e+00
-0.000000000000000000e+00,-0.000000000000000000e+00,-3.087335845246124699e-01,-0.000000000000000000e+00,-3.086926766767965624e-01,-0.000000000000000000e+00,0.000000000000000000e+00,0.000000000000000000e+00,-0.000000000000000000e+00,-0.000000000000000000e+00,-0.000000000000000000e+00,-0.000000000000000000e+00,0.000000000000000000e+00,-4.060774116960481073e-01,0.000000000000000000e+00,-0.000000000000000000e+00,-1.474309720761367015e-01,-0.000000000000000000e+00,-0.000000000000000000e+00,0.000000000000000000e+00,-0.000000000000000000e+00,0.000000000000000000e+00,-0.000000000000000000e+00,-0.000000000000000000e+00,-1.122807294069585321e-01,-0.000000000000000000e+00,-1.978366711945333811e-01,-0.000000000000000000e+00,-0.000000000000000000e+00,-0.000000000000000000e+00,-1.243548851404129713e-01,-2.731408814127522441e-02,1.906290987076288523e+00,-3.384757716107646836e-02,-5.689725944588778367e-03,-0.000000000000000000e+00,-8.039383005441270991e-02,-0.000000000000000000e+00,0.000000000000000000e+00
-0.000000000000000000e+00,0.000000000000000000e+00,-3.493472119725051783e-01,-2.019649167872600570e-01,-4.334294625000273959e-01,0.000000000000000000e+00,0.000000000000000000e+00,4.138372054469320604e-02,-0.000000000000000000e+00,-0.000000000000000000e+00,0.000000000000000000e+00,-5.309790722948274505e-02,4.966819273720644579e-01,-1.238913178334618941e-02,-0.000000000000000000e+00,-0.000000000000000000e+00,0.000000000000000000e+00,-0.000000000000000000e+00,0.000000000000000000e+00,-0.000000000000000000e+00,-0.000000000000000000e+00,-0.000000000000000000e+00,-2.993944191952618156e-02,-7.526958362943340919e-02,-0.000000000000000000e+00,-0.000000000000000000e+00,-0.000000000000000000e+00,-0.000000000000000000e+00,-0.000000000000000000e+00,-0.000000000000000000e+00,-0.000000000000000000e+00,-0.000000000000000000e+00,-3.384757716107646836e-02,1.757202506799249386e+00,-0.000000000000000000e+00,0.000000000000000000e+00,-0.000000000000000000e+00,-0.000000000000000000e+00,-0.000000000000000000e+00
-0.000000000000000000e+00,-0.000000000000000000e+00,-0.000000000000000000e+00,-0.000000000000000000e+00,-0.000000000000000000e+00,-9.295629096154293947e-02,0.000000000000000000e+00,0.000000000000000000e+00,-0.000000000000000000e+00,-0.000000000000000000e+00,-7.224805304086470703e-02,0.000000000000000000e+00,0.000000000000000000e+00,-6.355026773003065454e-02,0.000000000000000000e+00,-0.000000000000000000e+00,-2.022545640105266884e-01,0.000000000000000000e+00,-0.000000000000000000e+00,0.000000000000000000e+00,0.000000000000000000e+00,0.000000000000000000e+00,-0.000000000000000000e+00,0.000000000000000000e+00,-8.059807695945229999e-02,-2.819794502218667676e-01,-9.710833862555866280e-02,-0.000000000000000000e+00,-0.000000000000000000e+00,-0.000000000000000000e+00,-0.000000000000000000e+00,-2.084981168212000913e-01,-5.689725944588778367e-03,-0.000000000000000000e+00,2.132601042394508095e+00,-0.000000000000000000e+00,-8.384692920896247292e-01,-0.000000000000000000e+00,0.000000000000000000e+00
-1.206127137807029050e-02,-0.000000000000000000e+00,-0.000000000000000000e+00,-0.000000000000000000e+00,-0.000000000000000000e+00,-0.000000000000000000e+00,0.000000000000000000e+00,0.000000000000000000e+00,-0.000000000000000000e+00,-5.622770180918723604e-02,-0.000000000000000000e+00,-0.000000000000000000e+00,-0.000000000000000000e+00,-0.000000000000000000e+00,-0.000000000000000000e+00,-2.125896187376474511e-01,-0.000000000000000000e+00,-0.000000000000000000e+00,-0.000000000000000000e+00,-0.000000000000000000e+00,-0.000000000000000000e+00,-0.000000000000000000e+00,0.000000000000000000e+00,0.000000000000000000e+00,-0.000000000000000000e+00,-1.239697453436357788e-01,-2.420572484243850922e-02,-4.189680158623761835e-02,-1.005051305706855871e-02,-1.191039496731370884e-01,-0.000000000000000000e+00,-2.626667905513227833e-02,-0.000000000000000000e+00,0.000000000000000000e+00,-0.000000000000000000e+00,1.236423141664626968e+00,-5.694626661807104112e-02,-0.000000000000000000e+00,0.000000000000000000e+00
-1.495383371007089901e-01,-0.000000000000000000e+00,-0.000000000000000000e+00,-0.000000000000000000e+00,-0.000000000000000000e+00,-6.495858513365151965e-02,1.189639248502625257e-01,0.000000000000000000e+00,-0.000000000000000000e+00,-0.000000000000000000e+00,-1.593676098409453068e-01,0.000000000000000000e+00,0.000000000000000000e+00,-2.336253907424826887e-02,0.000000000000000000e+00,-8.129557761194639021e-02,-1.117919961870312839e-01,-0.000000000000000000e+00,-0.000000000000000000e+00,0.000000000000000000e+00,0.000000000000000000e+00,0.000000000000000000e+00,-0.000000000000000000e+00,-0.000000000000000000e+00,-1.141525781603775491e-01,-1.335353781079795521e-01,-1.231070394477497554e-01,-0.000000000000000000e+00,-4.481183602035616609e-01,-3.567472159791473373e-03,-0.000000000000000000e+00,-3.313813252718743052e-01,-8.039383005441270991e-02,-0.000000000000000000e+00,-8.384692920896247292e-01,-5.694626661807104112e-02,2.681247729447977957e+00,-0.000000000000000000e+00,0.000000000000000000e+00
-0.000000000000000000e+00,0.000000000000000000e+00,-8.213429922072873479e-02,-3.306742504077139766e-01,-0.000000000000000000e+00,0.000000000000000000e+00,0.000000000000000000e+00,0.000000000000000000e+00,-0.000000000000000000e+00,-0.000000000000000000e+00,-0.000000000000000000e+00,-9.558185685265505049e-02,0.000000000000000000e+00,-0.000000000000000000e+00,-2.943248903285268225e-01,-0.000000000000000000e+00,-0.000000000000000000e+00,-0.000000000000000000e+00,-3.413474248094462982e-01,-0.000000000000000000e+00,-1.184149966900282375e-01,-0.000000000000000000e+00,-1.394365557135293253e-03,-0.000000000000000000e+00,-0.000000000000000000e+00,-3.131901778637854461e-01,-0.000000000000000000e+00,-2.370928555970265028e-01,-0.000000000000000000e+00,-0.000000000000000000e+00,-0.000000000000000000e+00,-0.000000000000000000e+00,-0.000000000000000000e+00,-0.000000000000000000e+00,-0.000000000000000000e+00,-0.000000000000000000e+00,-0.000000000000000000e+00,1.725704289223682686e+00,-0.000000000000000000e+00
0.000000000000000000e+00,-0.000000000000000000e+00,-0.000000000000000000e+00,0.000000000000000000e+00,-0.000000000000000000e+00,3.552356534495534901e-02,-6.251350739502146980e-02,0.000000000000000000e+00,-2.548968097150904333e-01,-0.000000000000000000e+00,8.463065074738844451e-02,-1.259726819985111657e-02,0.000000000000000000e+00,-0.000000000000000000e+00,0.000000000000000000e+00,0.000000000000000000e+00,0.000000000000000000e+00,-2.605502323856656588e-01,-0.000000000000000000e+00,0.000000000000000000e+00,0.000000000000000000e+00,0.000000000000000000e+00,-1.246868658890124548e-01,-6.542730743550266570e-02,-0.000000000000000000e+00,7.510257214877123777e-02,0.000000000000000000e+00,2.210410286394741131e-01,0.000000000000000000e+00,-0.000000000000000000e+00,-0.000000000000000000e+00,0.000000000000000000e+00,0.000000000000000000e+00,-0.000000000000000000e+00,0.000000000000000000e+00,0.000000000000000000e+00,0.000000000000000000e+00,-0.000000000000000000e+00,1.229436230861568946e+00
