1.000000000000000000e+00,3.994552818208943479e-01,-5.290147134547861646e-02,-1.609667881741804751e-01,-8.459873886858204628e-02,-7.631888389359289815e-02,8.948468271822050679e-02,-1.332419440730732429e-02,3.214372510437670666e-02,-8.846859429381440446e-03,5.488069691975265563e-02,-8.719223569696943343e-02,-8.666627093667537973e-02,1.909728325898298051e-01,-1.075764814399018249e-01,1.122961383914148764e-01,-6.389305284203741775e-02,1.254263518110278197e-01,-2.636057876980277270e-02,-9.380626277595767448e-02,2.827027142608896926e-02,2.074397229164701064e-03,3.096783390307531955e-02,6.991753673039476091e-02,2.276082535756536809e-02,-1.667126978185124730e-01,1.386951441338371005e-01,1.144886274205333121e-01,8.733105584703750035e-02,8.941802623367179487e-03,-1.228385949398384455e-02,-6.830007972999371790e-02,5.515333724064722803e-02,-7.504001898451991004e-02,1.393270650503373731e-01,2.393076967658924470e-01,3.613323785792316167e-02,2.211628672340523183e-01,3.028338756115647040e-02
3.994552818208939038e-01,1.000000000000000000e+00,5.673725364775122210e-02,2.190210443333060267e-02,1.343337637772969995e-01,-1.156329598980575246e-01,-3.087802927957928006e-04,-9.919454122720644529e-02,1.372209642681725128e-01,-8.585211227446082338e-02,-8.453835132541510922e-02,6.497683345744818817e-02,1.656972666782114967e-01,-7.609733767965603905e-03,3.223171754236380752e-03,3.335464086833955181e-03,1.534500314415319575e-02,1.383661594796301540e-02,-1.193372625345106436e-01,9.939266074182900867e-02,-9.835132683960803868e-02,2.207752251726985762e-02,1.674848275138175052e-02,-1.322901294845437725e-01,-1.600042561913225525e-01,3.379510155763262857e-02,-4.097684728702359613e-02,-8.344813752084213887e-02,4.933066925688115584e-02,3.066618849237571220e-01,-1.431659736644535774e-01,1.233274894298944796e-01,-2.212324872217211469e-01,8.176718601667001818e-02,8.964569260223664848e-02,8.824877179656065440e-02,-5.773611102840051079e-02,-1.015429546022335178e-01,8.427862029485988504e-02
-5.290147134547888014e-02,5.673725364775118046e-02,1.000000000000000000e+00,-6.878405454468045077e-02,2.485576030505362854e-01,-8.298163175893416912e-03,5.013589160845463577e-02,-2.994906014334235422e-01,4.647669464321709659e-02,-2.317002211524797975e-02,-7.292499852849301800e-02,8.642361965921355194e-02,-7.134680089208146614e-02,2.659717055619860437e-02,3.797850905484140283e-02,2.905254717798321645e-02,8.896212640696220253e-02,1.520819055610316550e-01,2.573587946184499251e-02,8.596413644352933481e-02,3.121239070364226764e-01,4.696975188275447771e-02,1.057157639632058249e-01,-6.193120419316114345e-02,-8.262893286418569738e-02,-7.593705810686998681e-02,3.435800221078940536e-02,-5.816677655149850995e-02,5.392029972610073302e-02,-7.706188513312933752e-02,-1.029806756719053307e-01,-1.040145232657030544e-01,2.202445919692865572e-01,1.519736618351553714e-01,-6.276577610815677055e-02,3.201423182059604487e-03,-7.311187309155847691e-02,2.032641418408223308e-02,1.158523141794075700e-01
-1.609667881741805306e-01,2.190210443333093920e-02,-6.878405454468017322e-02,1.000000000000000000e+00,1.971823788796495461e-02,-4.927460281028187006e-02,2.015305407081278422e-01,1.584512593415194626e-01,1.017289504417060592e-02,-1.474709923303200651e-02,-1.185901204857764402e-01,1.053702973122446346e-01,-1.178456561780394651e-01,1.193638695135824379e-01,-1.223253982045380134e-01,6.958006378229102118e-02,-5.610005161123179235e-02,-4.810349637495230785e-02,2.148236229195880087e-01,1.156360159645312274e-01,-1.421974946678286958e-02,9.744868249445561015e-02,-7.157089607724712033e-02,9.859870995970866636e-02,-6.751419385508843074e-02,2.624767915838312898e-02,-2.055546947926290349e-02,1.815211190023322818e-01,8.230077839950664109e-02,-1.875031989281165934e-01,-1.335926962638431248e-01,1.025848769132894356e-01,-1.091301595919052202e-02,-1.583207023046820025e-02,6.777697329175463858e-03,1.805520352249686752e-02,7.689758444426576800e-02,4.659157640010837265e-02,-9.480867510882101667e-02
-8.459873886858208791e-02,1.343337637772970550e-01,2.485576030505361467e-01,1.971823788796509686e-02,1.000000000000000000e+00,3.201295166225240352e-02,-5.294112912769714796e-02,-1.973262192443757668e-01,-2.467217215565542868e-02,-1.779935629762177327e-02,8.503132048722689129e-02,2.223786525107227241e-01,2.525464800676479812e-02,1.396957410494253926e-01,4.857056203960856411e-02,1.574001938952736962e-02,1.137665111116231524e-02,-6.729585581972301334e-02,-5.645952097364506303e-03,2.786351248172978454e-02,7.154269114175149102e-02,-4.289634169848750844e-02,1.864166382888649831e-01,3.034833533263115238e-02,-1.134780528059398386e-01,8.429975072348368237e-02,-5.735583715429171808e-02,3.829972177409732281e-02,-1.167808995637700797e-01,-4.674269495186857137e-02,9.372327699736535123e-02,7.613730614345186332e-02,2.962806876778625517e-02,2.820518347616330357e-01,2.434231216159499916e-02,-5.732431750846017637e-02,-2.862746423621107678e-02,3.115860720349905577e-02,5.747302094645533044e-02
-7.631888389359298142e-02,-1.156329598980574969e-01,-8.298163175893233032e-03,-4.927460281028173822e-02,3.201295166225245903e-02,1.000000000000000000e+00,1.679941994611016121e-01,7.511858513118180314e-02,-2.712173839644438714e-02,-4.476370993857711755e-02,-7.931148619243980069e-02,8.052948230933051899e-02,1.116265014711746023e-01,1.802835060852682747e-01,1.216215731408817058e-01,-4.058519702145001878e-02,2.443638397248074356e-01,-5.871947790359357405e-02,-1.929124006790805534e-02,1.214241567559982277e-01,-1.660648530938181600e-02,1.190321952915697201e-01,6.923895957549046354e-02,-5.142123617073684344e-02,4.005510101005353707e-02,-5.229815180290801196e-02,8.195065346840466058e-02,1.080815102251549975e-01,4.417999795379878164e-02,-4.074054868392316953e-02,-1.619183658586826335e-01,1.272990490837789535e-01,-1.332819217243663701e-01,-9.440946964791495366e-02,8.703334379797611486e-02,6.367643130683540986e-02,9.745938667480272266e-02,3.882007495556005772e-02,-3.300861366966354599e-02
8.948468271822063169e-02,-3.087802927960323009e-04,5.013589160845455250e-02,2.015305407081276479e-01,-5.294112912769712020e-02,1.679941994611016398e-01,1.000000000000000000e+00,6.981364562000139107e-02,5.965347918561295093e-02,-4.385552572383985548e-02,6.828440925162693187e-02,-1.594172712643650985e-02,2.258616780652272782e-01,2.323356684126836463e-02,-4.702061410482650389e-02,1.798937764222475477e-01,-3.546970545490868171e-03,1.581924478779512810e-01,1.325369414004506641e-01,2.789895303038687074e-02,-6.347811096498504058e-02,1.128613490910573142e-01,-1.191163676669501209e-01,-2.313176972914369675e-02,1.355073483409283130e-01,1.215111090346591843e-01,-3.497369583814785021e-01,-3.728166613250408906e-02,1.142563624545629430e-01,-9.597048682194070368e-02,1.338523836045349968e-01,-2.475737461804655357e-02,-4.421767778805089227e-02,8.623709388565292677e-02,-1.523570058319172471e-01,9.409708344761984200e-02,3.748438679094518583e-02,-2.005079962572421381e-01,1.848407394589051955e-01
-1.332419440730762093e-02,-9.919454122720645917e-02,-2.994906014334237088e-01,1.584512593415191295e-01,-1.973262192443755725e-01,7.511858513118170599e-02,6.981364562000154372e-02,1.000000000000000000e+00,1.738878132583694669e-02,-6.125594282955764552e-03,4.155281200969223460e-02,6.572949707478341341e-02,8.476143384237280753e-02,-1.335422966113763432e-01,1.557821604593012388e-01,-9.315166410189432145e-02,-6.994066775979679990e-03,1.316715311887532540e-02,3.543230430352731219e-02,1.424890970026557735e-01,1.313895175082420985e-01,1.320731251405403983e-01,9.016645562097438948e-02,2.464042933448525041e-02,-1.230431427789617504e-01,-1.242990683856349254e-01,1.443767715182894540e-01,1.041554085274312529e-02,-5.711534766109203215e-02,-1.059504060691495581e-02,-3.999947196090247042e-02,-7.756563777182477748e-02,-1.484135322485859165e-01,1.282715753794418378e-01,5.759137147545596164e-02,4.775008373614728074e-02,-7.588711191749411555e-02,-9.928574909378172497e-03,-1.417634163738590025e-01
3.214372510437652625e-02,1.372209642681725683e-01,4.647669464321718680e-02,1.017289504417010458e-02,-2.467217215565518235e-02,-2.712173839644469592e-02,5.965347918561325624e-02,1.738878132583701955e-02,1.000000000000000000e+00,-1.064154227849715278e-01,-1.087496275542178814e-01,5.994998842093326313e-02,-1.094940633854590284e-01,1.991789082401664024e-01,2.339335690904075990e-02,-8.342734773116450286e-02,-4.530534836395862935e-02,1.516055428796476978e-01,1.301322706241513916e-01,-7.378466491230999125e-02,-5.916970423430329556e-02,1.517660455373635864e-02,-4.693788654041507885e-02,-8.339135000107567031e-02,-6.103918961028752255e-02,-2.656856687204636400e-02,1.218234497485495421e-01,3.559057541083547604e-02,-8.052136259516069761e-03,1.646040579576185936e-01,-1.125885980377495238e-01,3.443285172785172377e-02,-4.335305620225401307e-02,2.571369265522360226e-01,6.969108578663736620e-02,-3.596831358681308599e-02,2.162300678832647892e-03,1.334629744614394542e-01,1.565976807489758427e-01
-8.846859429381166359e-03,-8.585211227446130910e-02,-2.317002211524794852e-02,-1.474709923303205682e-02,-1.779935629762178020e-02,-4.476370993857693714e-02,-4.385552572384025793e-02,-6.125594282955453170e-03,-1.064154227849714446e-01,1.000000000000000000e+00,-2.256223837332287097e-02,1.033898996503882367e-01,1.525528546235335736e-02,1.651634323729849266e-02,-5.188382788849432714e-02,4.131569917604295261e-01,1.652431145267222248e-02,3.133149819099256828e-02,1.421509321403853776e-01,7.882865528953706541e-03,4.288764373214180164e-02,6.047942644166606069e-02,-7.577745724757753258e-03,3.905431392769958404e-02,1.776435346256985959e-01,5.535970668351147123e-02,-1.005727350924870978e-01,-1.018892859270848217e-01,4.873715551947700036e-02,-7.107973559126800484e-03,1.665374024306904843e-01,4.912857893261047409e-02,4.602477889317514032e-02,-9.947214243480526075e-02,9.881402202626315967e-02,1.221170849004736825e-01,8.669637834406512811e-02,3.286322160788934105e-02,1.170020363499046506e-01
5.488069691975232256e-02,-8.453835132541534514e-02,-7.292499852849285147e-02,-1.185901204857764818e-01,8.503132048722679415e-02,-7.931148619244021702e-02,6.828440925162686248e-02,4.155281200969213745e-02,-1.087496275542176594e-01,-2.256223837332309301e-02,1.000000000000000000e+00,1.668657287246397836e-01,-1.545314208185086802e-01,1.403642742618765593e-01,-8.297818487773014895e-02,-4.085144152446799903e-02,4.133099671786050755e-01,1.411711032992306672e-02,3.106974611715751511e-02,-2.095753803474356969e-01,6.197298053849348287e-02,-3.752330644898905360e-02,-3.441145694915574704e-02,6.485705116258182190e-02,2.064948475427046126e-02,2.326377468610303090e-01,1.094860980833237130e-02,-1.618105892965499837e-01,-2.867373083371359960e-02,-3.928688079564412322e-02,-8.280086615356196944e-02,1.706897619682229972e-01,8.681801509004570538e-02,-1.187949072841638781e-01,3.505596450010739495e-02,1.218499316421404605e-01,1.806442528053336938e-02,8.571374156177438697e-02,-6.085873835300050806e-03
-8.719223569696912812e-02,6.497683345744798000e-02,8.642361965921355194e-02,1.053702973122447872e-01,2.223786525107224465e-01,8.052948230933076879e-02,-1.594172712643646128e-02,6.572949707478323300e-02,5.994998842093302721e-02,1.033898996503885420e-01,1.668657287246397836e-01,1.000000000000000000e+00,6.093056907473221040e-02,1.954076885768802133e-02,1.766200154526648969e-01,3.558239645962707476e-02,-1.299440807267757958e-01,-9.655904476897612942e-02,5.026660314792066181e-02,-7.476398639648874911e-02,-1.918976206742781798e-01,-3.534809265489090996e-02,2.860963635412194089e-02,-2.048759937364475793e-03,7.169526574446410949e-02,-5.762156434872585040e-03,2.296614858771025280e-01,-3.849549889204534336e-02,-1.705261413819017047e-03,-9.424730784841484077e-02,-1.228817765814401303e-01,-1.518676289633448875e-02,-1.533327436913408011e-02,6.821345401689829502e-02,3.726833786886778188e-02,3.762943933302688448e-02,1.386940074227586452e-02,-2.250387409795884808e-01,1.627636058975774902e-01
-8.666627093667551851e-02,1.656972666782117742e-01,-7.134680089208139675e-02,-1.178456561780397011e-01,2.525464800676488486e-02,1.116265014711741582e-01,2.258616780652275002e-01,8.476143384237268263e-02,-1.094940633854591117e-01,1.525528546235329144e-02,-1.545314208185087634e-01,6.093056907473234224e-02,1.000000000000000000e+00,1.262202748403205288e-01,-1.290679058978052296e-01,9.699557606923701891e-02,3.315354811963589637e-02,-2.462106930457952716e-02,1.235661272416995263e-02,-5.581915277506143552e-02,-8.336357356869091018e-02,2.470882577221252541e-01,-1.438086315279047539e-02,6.477393621080584918e-02,-1.038130360806152896e-01,5.737354916393223175e-02,1.174560969021341272e-01,-1.095560529045370712e-01,2.181744313966069507e-02,-4.198888317468761795e-03,-1.513655500587161307e-01,1.008657217751075252e-01,1.604107608772996352e-01,-2.577475517224619289e-02,1.335168254569419621e-01,1.140745349325487067e-02,-1.684740979644049758e-02,-1.709148275033070541e-01,1.426828857564726716e-01
1.909728325898298884e-01,-7.609733767965924829e-03,2.659717055619859050e-02,1.193638695135823963e-01,1.396957410494253093e-01,1.802835060852681082e-01,2.323356684126808361e-02,-1.335422966113764820e-01,1.991789082401661526e-01,1.651634323729787857e-02,1.403642742618762818e-01,1.954076885768808725e-02,1.262202748403204733e-01,1.000000000000000000e+00,7.671435167479246503e-03,-3.855292135140299392e-02,6.656236288949858582e-02,3.561574430840612482e-02,-7.055105152537495539e-02,-1.595162635638740778e-01,1.164395241353968942e-02,-4.159291044785486807e-03,4.877563031195072951e-02,3.732188215303325896e-01,1.326794726558457593e-01,3.771498579203455461e-03,-1.545850446712859413e-02,1.348348422066975028e-01,8.826380791815975624e-02,-1.151925665781035890e-01,-3.845056838095628829e-03,2.184246492870837650e-02,1.555535777909909483e-02,1.338591064335292180e-01,-3.440589885601649106e-02,-4.848483435227747551e-02,-3.823589688279150495e-02,-7.359964914741908004e-02,-1.355975474993042496e-01
-1.075764814399020192e-01,3.223171754236627516e-03,3.797850905484163181e-02,-1.223253982045382909e-01,4.857056203960874452e-02,1.216215731408813311e-01,-4.702061410482598347e-02,1.557821604593014886e-01,2.339335690904115195e-02,-5.188382788849413979e-02,-8.297818487773032936e-02,1.766200154526652577e-01,-1.290679058978050631e-01,7.671435167479203135e-03,1.000000000000000000e+00,-8.242506421886508505e-03,8.744203291707179637e-02,1.709039008566785312e-01,3.460815527055497443e-01,1.970636102258976341e-01,1.248391972330320379e-03,-1.451292898337069592e-01,-1.087511747012782914e-02,6.330083480268290652e-02,-5.183856149804432628e-02,9.207669454317349289e-02,-1.406243692471235290e-02,1.776252048598951361e-01,-1.971747283007972001e-02,1.284007352601886087e-01,-8.949250018770785187e-02,-7.371016176617176119e-02,4.724574604306398112e-02,1.163619573998264101e-01,-1.657513582584514977e-01,6.771081853204719003e-02,1.782598098518554247e-02,8.303417206755242530e-02,-2.913500165346365883e-02
1.122961383914147515e-01,3.335464086834175924e-03,2.905254717798320604e-02,6.958006378229070199e-02,1.574001938952734186e-02,-4.058519702145029634e-02,1.798937764222478253e-01,-9.315166410189439083e-02,-8.342734773116405878e-02,4.131569917604295816e-01,-4.085144152446836679e-02,3.558239645962734538e-02,9.699557606923699116e-02,-3.855292135140336862e-02,-8.242506421886326359e-03,1.000000000000000000e+00,-4.833542755882507674e-02,8.387255319210033810e-02,-6.355614819176168273e-02,-2.489794095887760614e-02,-8.964769390631115165e-03,-6.915013967522526395e-02,9.916449451789551006e-02,-2.083051196400413987e-02,-9.081325249213890310e-03,2.076823377930238079e-01,-1.048223919911170782e-01,1.280806491347595000e-01,-5.974650250955690356e-02,5.604021009131857078e-02,-1.115754818537907644e-02,7.405635484696817226e-03,-5.517354973095125320e-02,1.272261903406986805e-01,1.040149114372884015e-01,6.032550885958534725e-02,-2.619988731635253254e-02,2.265672098777494342e-02,-9.486455204718818868e-02
-6.389305284203718183e-02,1.534500314415376820e-02,8.896212640696185558e-02,-5.610005161123160500e-02,1.137665111116229616e-02,2.443638397248082406e-01,-3.546970545490582809e-03,-6.994066775979967086e-03,-4.530534836395838649e-02,1.652431145267300658e-02,4.133099671786051865e-01,-1.299440807267755460e-01,3.315354811963583392e-02,6.656236288949825275e-02,8.744203291707181025e-02,-4.833542755882571512e-02,1.000000000000000000e+00,-1.530115433230933627e-03,-8.646326297127579497e-02,5.754286237796983616e-02,-8.884314568162922018e-03,-4.453788020348054683e-02,3.293052317660399853e-02,-1.885226451162793498e-02,-1.278072876592649225e-02,1.475305970958614710e-01,-3.578719754079477677e-02,9.443641563131721650e-02,-5.506386519517637509e-03,-7.551536824120530511e-02,8.497584570606794840e-02,6.699706371179193869e-03,-2.559546298165503789e-02,-4.616663673259389922e-02,9.314054620416846453e-02,-2.559306082401059321e-02,2.887727559576460518e-02,-9.129133679371499721e-02,8.548538831983187869e-02
1.254263518110274866e-01,1.383661594796306571e-02,1.520819055610310444e-01,-4.810349637495205111e-02,-6.729585581972324926e-02,-5.871947790359358099e-02,1.581924478779511978e-01,1.316715311887527856e-02,1.516055428796467541e-01,3.133149819099240868e-02,1.411711032992283947e-02,-9.655904476897576860e-02,-2.462106930457994697e-02,3.561574430840655503e-02,1.709039008566785034e-01,8.387255319210036586e-02,-1.530115433230931025e-03,1.000000000000000000e+00,3.102986308408457461e-01,7.156889994859040594e-02,8.752022137151839465e-02,1.283107371582413968e-02,-7.682456600717853246e-02,1.762526134118264434e-02,7.993150919155897483e-02,6.276432771570675251e-02,-1.439584805864276840e-01,-7.454356691094365939e-02,-4.676830543212377733e-02,-5.832883299023416956e-02,-4.563293231065072841e-02,3.762741023049425565e-02,-5.811218924597663649e-02,-1.131352934837055735e-01,1.868732105595613882e-02,-1.305164383193379851e-01,-2.711323413066601962e-02,1.582383129560131219e-01,1.738473880103995339e-01
-2.636057876980250556e-02,-1.193372625345105048e-01,2.573587946184528047e-02,2.148236229195882030e-01,-5.645952097364344106e-03,-1.929124006790769799e-02,1.325369414004502200e-01,3.543230430352721505e-02,1.301322706241511695e-01,1.421509321403853221e-01,3.106974611715799389e-02,5.026660314792024548e-02,1.235661272417011222e-02,-7.055105152537541335e-02,3.460815527055499108e-01,-6.355614819176137742e-02,-8.646326297127565619e-02,3.102986308408460236e-01,1.000000000000000000e+00,-3.545100560635201792e-02,-4.930670621102271889e-03,1.654389714567654907e-02,2.104301697299588991e-03,2.753817120742896307e-02,1.439168805603641133e-02,-8.696181118102010166e-02,1.091662351252583041e-01,-5.043965984367052013e-02,-1.355214764388004700e-01,1.051149008652823985e-01,2.086027508951918824e-02,3.594660470610801239e-02,-1.542006280599823344e-02,-7.736844174210649738e-02,1.836311926434799511e-03,-1.122589685394958792e-01,-1.124707789172167821e-01,-2.661591404199493797e-03,4.132943765979695677e-02
-9.380626277595754958e-02,9.939266074182871724e-02,8.596413644352927930e-02,1.156360159645314356e-01,2.786351248172958678e-02,1.214241567559978530e-01,2.789895303038660360e-02,1.424890970026555792e-01,-7.378466491230999125e-02,7.882865528953026529e-03,-2.095753803474357524e-01,-7.476398639648866584e-02,-5.581915277506175471e-02,-1.595162635638738835e-01,1.970636102258978006e-01,-2.489794095887735981e-02,5.754286237797005127e-02,7.156889994859008675e-02,-3.545100560635153913e-02,1.000000000000000000e+00,2.215324129799078057e-01,1.765993035802209121e-01,1.175591143221485502e-02,2.357512745340237942e-02,6.405722875693918572e-02,1.068152570703512910e-02,5.226508725419254375e-02,2.572202400355037000e-01,7.711638220414293587e-02,4.241244000178686843e-03,6.736355894251111476e-02,1.466167904633687569e-01,-8.839122840119120750e-02,-2.953298267809311220e-02,3.915170645578203677e-03,4.014662464399218087e-04,8.072813267459801045e-02,-7.462142235831809023e-02,-6.223129389271246648e-02
2.827027142608947580e-02,-9.835132683960837174e-02,3.121239070364235091e-01,-1.421974946678262498e-02,7.154269114175160205e-02,-1.660648530938188538e-02,-6.347811096498473526e-02,1.313895175082419597e-01,-5.916970423430313597e-02,4.288764373214246084e-02,6.197298053849396166e-02,-1.918976206742785406e-01,-8.336357356869023016e-02,1.164395241353946391e-02,1.248391972330186806e-03,-8.964769390631271290e-03,-8.884314568163463252e-03,8.752022137151810321e-02,-4.930670621102187755e-03,2.215324129799082775e-01,1.000000000000000000e+00,3.774096387909560701e-01,5.654130501997645109e-02,-7.657909006388397000e-02,7.567456792532510634e-02,-8.530870956393372950e-02,9.506429253441344568e-03,5.980886011671880664e-02,1.697079884993178342e-03,5.028053915506131705e-02,-7.898795769599289973e-02,-8.037805266506804769e-02,2.360412942016237303e-01,-9.834106055281510717e-02,-1.143233333022900325e-02,-3.823322665930838082e-02,2.153270037983446433e-02,-2.392188798866501723e-02,-9.609722208044764458e-02
2.074397229164583970e-03,2.207752251727005191e-02,4.696975188275387403e-02,9.744868249445581831e-02,-4.289634169848769579e-02,1.190321952915701226e-01,1.128613490910569811e-01,1.320731251405405093e-01,1.517660455373657201e-02,6.047942644166611620e-02,-3.752330644898956707e-02,-3.534809265489094465e-02,2.470882577221250043e-01,-4.159291044785701046e-03,-1.451292898337066817e-01,-6.915013967522555538e-02,-4.453788020348038029e-02,1.283107371582423335e-02,1.654389714567604946e-02,1.765993035802202182e-01,3.774096387909570693e-01,1.000000000000000000e+00,-6.437692312936746028e-03,-2.779246737839281139e-02,-6.724348527096886408e-02,1.650449970799630975e-02,5.744435153513737652e-02,-3.439404378125641287e-02,-6.262148815548433667e-02,7.484649216458222343e-02,8.390796360011280874e-02,-2.665386422168457281e-02,2.378551684043284098e-01,1.184404715456060207e-02,1.037972994539410748e-01,1.597613785339256978e-02,-2.641126105948377739e-02,-3.150355750279789507e-02,1.144150955496050781e-01
3.096783390307542363e-02,1.674848275138186501e-02,1.057157639632056723e-01,-7.157089607724720359e-02,1.864166382888649831e-01,6.923895957549053293e-02,-1.191163676669504956e-01,9.016645562097459765e-02,-4.693788654041517600e-02,-7.577745724758051631e-03,-3.441145694915597603e-02,2.860963635412203804e-02,-1.438086315279079631e-02,4.877563031195086829e-02,-1.087511747012782741e-02,9.916449451789564884e-02,3.293052317660428302e-02,-7.682456600717858797e-02,2.104301697300024407e-03,1.175591143221463124e-02,5.654130501997634700e-02,-6.437692312936587301e-03,1.000000000000000000e+00,-5.777312189381186153e-02,4.954601069042380845e-01,-7.480259246782433591e-02,-5.728579616002037710e-03,-3.846820746214108661e-02,2.005779224901312052e-02,1.943771405882392667e-01,4.885470363123058796e-02,5.681565112985056953e-02,4.173180751517899245e-02,-9.271130183628387145e-02,1.259531061293302397e-02,-2.479258183622497225e-02,-3.648302395758572583e-03,6.185946469947244120e-02,-2.770489066811111095e-02
6.991753673039467765e-02,-1.322901294845435505e-01,-6.193120419316133080e-02,9.859870995970872187e-02,3.034833533263119054e-02,-5.142123617073689895e-02,-2.313176972914336021e-02,2.464042933448505265e-02,-8.339135000107578133e-02,3.905431392769975057e-02,6.485705116258197456e-02,-2.048759937364317933e-03,6.477393621080584918e-02,3.732188215303323675e-01,6.330083480268293428e-02,-2.083051196400439661e-02,-1.885226451162811886e-02,1.762526134118260965e-02,2.753817120742889368e-02,2.357512745340233432e-02,-7.657909006388356754e-02,-2.779246737839306466e-02,-5.777312189381200030e-02,1.000000000000000000e+00,1.056901270922668973e-01,-7.511937280266590966e-02,-2.729270033627622868e-02,9.246081636381645041e-02,-7.083968028525348959e-02,1.680030670840421125e-01,-8.845390508419911924e-02,5.565369086484726197e-02,8.107596161794973499e-02,-7.919056853326168766e-02,2.930691998046254174e-02,-2.118321015419893094e-01,6.513308665470952941e-02,-9.608754902888477778e-02,1.257575180610269738e-01
2.276082535756508360e-02,-1.600042561913223027e-01,-8.262893286418558636e-02,-6.751419385508856952e-02,-1.134780528059399357e-01,4.005510101005329421e-02,1.355073483409287849e-01,-1.230431427789615423e-01,-6.103918961028757112e-02,1.776435346256992620e-01,2.064948475427034677e-02,7.169526574446394296e-02,-1.038130360806155394e-01,1.326794726558459814e-01,-5.183856149804424995e-02,-9.081325249214098477e-03,-1.278072876592659633e-02,7.993150919155923850e-02,1.439168805603603662e-02,6.405722875693925511e-02,7.567456792532514798e-02,-6.724348527096918327e-02,4.954601069042383621e-01,1.056901270922667585e-01,1.000000000000000000e+00,-5.927520803998344995e-02,9.945654832743897056e-02,-1.105135699433327928e-01,8.267894322881569336e-02,1.305965917031030876e-01,2.076186023472198494e-02,-1.122741494939592799e-01,-7.134225498415204189e-04,2.425020924428346325e-02,3.957271291483662606e-02,-5.914564586287231196e-02,1.348589162655621995e-02,8.147784684588810222e-02,1.289813311865256329e-01
-1.667126978185123620e-01,3.379510155763255919e-02,-7.593705810686952884e-02,2.624767915838331633e-02,8.429975072348355747e-02,-5.229815180290794951e-02,1.215111090346591011e-01,-1.242990683856348144e-01,-2.656856687204636747e-02,5.535970668351121449e-02,2.326377468610306976e-01,-5.762156434872773257e-03,5.737354916393255788e-02,3.771498579203641944e-03,9.207669454317365942e-02,2.076823377930238357e-01,1.475305970958609714e-01,6.276432771570675251e-02,-8.696181118101994900e-02,1.068152570703514818e-02,-8.530870956393350746e-02,1.650449970799564708e-02,-7.480259246782444693e-02,-7.511937280266584027e-02,-5.927520803998381771e-02,1.000000000000000000e+00,3.241900236690787307e-01,2.643453797183664689e-01,1.174094336710744015e-03,2.056321690931091628e-01,-1.780648655854197016e-01,7.145331036796562230e-02,3.814034199919463103e-02,-1.073583647343887559e-01,-4.501396742265237338e-02,-4.024156076786234576e-02,4.944802315082488103e-02,1.887687781888541527e-01,-6.440008470701021059e-02
1.386951441338369062e-01,-4.097684728702392920e-02,3.435800221078896127e-02,-2.055546947926310819e-02,-5.735583715429171808e-02,8.195065346840468834e-02,-3.497369583814785576e-01,1.443767715182891764e-01,1.218234497485490980e-01,-1.005727350924866537e-01,1.094860980833221691e-02,2.296614858771025558e-01,1.174560969021337248e-01,-1.545850446712837209e-02,-1.406243692471275362e-02,-1.048223919911172863e-01,-3.578719754079458248e-02,-1.439584805864272676e-01,1.091662351252580404e-01,5.226508725419302254e-02,9.506429253440976807e-03,5.744435153513778591e-02,-5.728579616001908473e-03,-2.729270033627631195e-02,9.945654832743858198e-02,3.241900236690783976e-01,1.000000000000000000e+00,1.024798447504332161e-01,1.070305595505677970e-01,-1.868052237047143072e-01,2.648184973992990243e-01,1.137480092641579149e-01,-1.893452550690699898e-01,1.131104684275885258e-01,1.486073112408759778e-01,-2.712355407459774229e-02,-2.317450449816858826e-01,3.330448644735131691e-02,1.436458381185810040e-01
1.144886274205332566e-01,-8.344813752084243030e-02,-5.816677655149850995e-02,1.815211190023322263e-01,3.829972177409737832e-02,1.080815102251551918e-01,-3.728166613250443601e-02,1.041554085274329355e-02,3.559057541083533033e-02,-1.018892859270845302e-01,-1.618105892965501502e-01,-3.849549889204558623e-02,-1.095560529045371823e-01,1.348348422066978081e-01,1.776252048598950251e-01,1.280806491347596110e-01,9.443641563131729977e-02,-7.454356691094331244e-02,-5.043965984367063810e-02,2.572202400355038110e-01,5.980886011671843888e-02,-3.439404378125627409e-02,-3.846820746214113518e-02,9.246081636381615898e-02,-1.105135699433326679e-01,2.643453797183668019e-01,1.024798447504329801e-01,1.000000000000000000e+00,-8.140186370919062775e-02,-2.614288748631625123e-02,1.659415870822191219e-01,-1.336569320867424075e-02,9.948684175321499679e-02,-3.190565822204007723e-02,-7.533676523793469970e-02,1.230450997375386740e-01,4.143564517083991178e-02,1.910859588007302046e-01,-6.129427018892435325e-02
8.733105584703795832e-02,4.933066925688106563e-02,5.392029972610116323e-02,8.230077839950701579e-02,-1.167808995637701630e-01,4.417999795379864980e-02,1.142563624545631790e-01,-5.711534766109209460e-02,-8.052136259516111394e-03,4.873715551947681301e-02,-2.867373083371312428e-02,-1.705261413818801941e-03,2.181744313966097262e-02,8.826380791815960358e-02,-1.971747283007936613e-02,-5.974650250955686193e-02,-5.506386519518145783e-03,-4.676830543212422142e-02,-1.355214764388007198e-01,7.711638220414308853e-02,1.697079884993856836e-03,-6.262148815548487790e-02,2.005779224901270766e-02,-7.083968028525364224e-02,8.267894322881572111e-02,1.174094336711380008e-03,1.070305595505674501e-01,-8.140186370919082204e-02,1.000000000000000000e+00,1.512328821432688819e-01,6.231097861047139863e-02,1.996978722482410096e-01,2.347486399634017562e-02,8.920412440510358532e-02,5.440708838630159416e-02,2.010468449360906448e-02,2.210493028812708649e-01,8.654801591278064865e-03,-9.121931630950771974e-02
8.941802623367139588e-03,3.066618849237567335e-01,-7.706188513312957344e-02,-1.875031989281162603e-01,-4.674269495186871709e-02,-4.074054868392291279e-02,-9.597048682194093960e-02,-1.059504060691545714e-02,1.646040579576187324e-01,-7.107973559126874209e-03,-3.928688079564401220e-02,-9.424730784841495179e-02,-4.198888317468452147e-03,-1.151925665781035057e-01,1.284007352601884977e-01,5.604021009131904957e-02,-7.551536824120526348e-02,-5.832883299023394058e-02,1.051149008652821210e-01,4.241244000178746691e-03,5.028053915506111582e-02,7.484649216458266752e-02,1.943771405882391001e-01,1.680030670840420015e-01,1.305965917031031431e-01,2.056321690931086077e-01,-1.868052237047143072e-01,-2.614288748631643858e-02,1.512328821432683823e-01,1.000000000000000000e+00,2.661309266164120849e-02,5.700163686743641572e-02,-2.767404729004489805e-02,-7.195776880548822307e-02,-6.923076627038185493e-02,1.593869058110613246e-01,-3.905379667346225298e-02,1.247659746355506277e-01,8.175091723735118665e-02
-1.228385949398433027e-02,-1.431659736644530778e-01,-1.029806756719051641e-01,-1.335926962638432913e-01,9.372327699736540674e-02,-1.619183658586830499e-01,1.338523836045354132e-01,-3.999947196090238022e-02,-1.125885980377494683e-01,1.665374024306900680e-01,-8.280086615356184454e-02,-1.228817765814398111e-01,-1.513655500587160196e-01,-3.845056838095496990e-03,-8.949250018770767146e-02,-1.115754818537894461e-02,8.497584570606735166e-02,-4.563293231065045780e-02,2.086027508951890722e-02,6.736355894251093435e-02,-7.898795769599289973e-02,8.390796360011271160e-02,4.885470363123032428e-02,-8.845390508419911924e-02,2.076186023472227984e-02,-1.780648655854203399e-01,2.648184973992999680e-01,1.659415870822190942e-01,6.231097861047068392e-02,2.661309266164128828e-02,1.000000000000000000e+00,1.345803498369295137e-01,1.212944483670947912e-02,1.114701838658495175e-01,4.549025185871218707e-02,3.843653156088484152e-02,1.689751275663410601e-01,5.511451115944296375e-02,1.388789016533440446e-01
-6.830007972999362076e-02,1.233274894298946045e-01,-1.040145232657031238e-01,1.025848769132892552e-01,7.613730614345198822e-02,1.272990490837789535e-01,-2.475737461804671316e-02,-7.756563777182415298e-02,3.443285172785179316e-02,4.912857893260998143e-02,1.706897619682227474e-01,-1.518676289633466223e-02,1.008657217751076640e-01,2.184246492870800874e-02,-7.371016176617202487e-02,7.405635484696886615e-03,6.699706371179755919e-03,3.762741023049426953e-02,3.594660470610820668e-02,1.466167904633690344e-01,-8.037805266506838076e-02,-2.665386422168500649e-02,5.681565112985113852e-02,5.565369086484751177e-02,-1.122741494939594326e-01,7.145331036796596924e-02,1.137480092641579149e-01,-1.336569320867450616e-02,1.996978722482407043e-01,5.700163686743620062e-02,1.345803498369297080e-01,1.000000000000000000e+00,2.447208377659318423e-02,1.189366391410536308e-02,2.007827810091671744e-02,1.675337933011538660e-01,1.998076792986999695e-01,-6.831735972767764842e-02,2.394928647328329815e-02
5.515333724064686027e-02,-2.212324872217212302e-01,2.202445919692863630e-01,-1.091301595919096784e-02,2.962806876778646681e-02,-1.332819217243665089e-01,-4.421767778805066329e-02,-1.484135322485858888e-01,-4.335305620225405471e-02,4.602477889317466153e-02,8.681801509004594131e-02,-1.533327436913376439e-02,1.604107608772995519e-01,1.555535777909943136e-02,4.724574604306396031e-02,-5.517354973095105891e-02,-2.559546298165533279e-02,-5.811218924597687241e-02,-1.542006280599779629e-02,-8.839122840119109648e-02,2.360412942016242299e-01,2.378551684043281322e-01,4.173180751517857612e-02,8.107596161794980438e-02,-7.134225498417386688e-04,3.814034199919458940e-02,-1.893452550690700176e-01,9.948684175321498291e-02,2.347486399634065440e-02,-2.767404729004457192e-02,1.212944483670917901e-02,2.447208377659242096e-02,1.000000000000000000e+00,9.768192873952170896e-02,1.305248115015718025e-01,9.292428936537448780e-02,1.086882261226872204e-01,6.481970999579950155e-02,-9.366407298097109702e-02
-7.504001898451970187e-02,8.176718601667018471e-02,1.519736618351554269e-01,-1.583207023046757228e-02,2.820518347616329247e-01,-9.440946964791437079e-02,8.623709388565256595e-02,1.282715753794420044e-01,2.571369265522363001e-01,-9.947214243480516360e-02,-1.187949072841635867e-01,6.821345401689775378e-02,-2.577475517224589799e-02,1.338591064335291347e-01,1.163619573998271178e-01,1.272261903406989858e-01,-4.616663673259405881e-02,-1.131352934837060314e-01,-7.736844174210689984e-02,-2.953298267809315036e-02,-9.834106055281467695e-02,1.184404715456007645e-02,-9.271130183628389920e-02,-7.919056853326168766e-02,2.425020924428344937e-02,-1.073583647343884784e-01,1.131104684275878874e-01,-3.190565822204060459e-02,8.920412440510416818e-02,-7.195776880548868104e-02,1.114701838658503086e-01,1.189366391410502481e-02,9.768192873952183386e-02,1.000000000000000000e+00,9.831295823450407131e-03,-1.540931775029587558e-01,5.533097773323718271e-03,1.747026475228181663e-01,-2.370198945855504086e-02
1.393270650503378172e-01,8.964569260223662073e-02,-6.276577610815597952e-02,6.777697329175632127e-03,2.434231216159485345e-02,8.703334379797610099e-02,-1.523570058319171638e-01,5.759137147545607266e-02,6.969108578663742171e-02,9.881402202626329845e-02,3.505596450010756149e-02,3.726833786886768474e-02,1.335168254569422119e-01,-3.440589885601679637e-02,-1.657513582584513867e-01,1.040149114372887068e-01,9.314054620416860331e-02,1.868732105595556636e-02,1.836311926435475186e-03,3.915170645577422184e-03,-1.143233333022900325e-02,1.037972994539411303e-01,1.259531061293305866e-02,2.930691998046222949e-02,3.957271291483648729e-02,-4.501396742265256767e-02,1.486073112408758945e-01,-7.533676523793439439e-02,5.440708838630133742e-02,-6.923076627038157738e-02,4.549025185871252014e-02,2.007827810091718235e-02,1.305248115015709975e-01,9.831295823450155597e-03,1.000000000000000000e+00,-1.363023389191848345e-01,1.675262439302267758e-01,5.721030779796312804e-02,-1.524933139488137968e-01
2.393076967658925303e-01,8.824877179656090420e-02,3.201423182059487827e-03,1.805520352249730467e-02,-5.732431750846015556e-02,6.367643130683557640e-02,9.409708344762003629e-02,4.775008373614696849e-02,-3.596831358681366886e-02,1.221170849004740433e-01,1.218499316421402939e-01,3.762943933302682203e-02,1.140745349325472668e-02,-4.848483435227790572e-02,6.771081853204791168e-02,6.032550885958525011e-02,-2.559306082401016647e-02,-1.305164383193385402e-01,-1.122589685394954628e-01,4.014662464392254799e-04,-3.823322665930748571e-02,1.597613785339234080e-02,-2.479258183622513878e-02,-2.118321015419890319e-01,-5.914564586287226339e-02,-4.024156076786216535e-02,-2.712355407459823148e-02,1.230450997375385491e-01,2.010468449361084084e-02,1.593869058110609360e-01,3.843653156088510520e-02,1.675337933011534497e-01,9.292428936537382167e-02,-1.540931775029585893e-01,-1.363023389191836132e-01,1.000000000000000000e+00,6.646620788964754944e-02,-4.451401427209521200e-02,-1.403942265630017325e-02
3.613323785792266207e-02,-5.773611102840066345e-02,-7.311187309155912917e-02,7.689758444426549044e-02,-2.862746423621074371e-02,9.745938667480291695e-02,3.748438679094494297e-02,-7.588711191749454577e-02,2.162300678832378576e-03,8.669637834406605792e-02,1.806442528053300856e-02,1.386940074227600503e-02,-1.684740979644094513e-02,-3.823589688279161597e-02,1.782598098518455021e-02,-2.619988731635310847e-02,2.887727559576560785e-02,-2.711323413066520083e-02,-1.124707789172169903e-01,8.072813267459830189e-02,2.153270037983392310e-02,-2.641126105948306269e-02,-3.648302395758821082e-03,6.513308665470976533e-02,1.348589162655648536e-02,4.944802315082397204e-02,-2.317450449816853830e-01,4.143564517084051546e-02,2.210493028812710037e-01,-3.905379667346216971e-02,1.689751275663392283e-01,1.998076792986994143e-01,1.086882261226873037e-01,5.533097773324793800e-03,1.675262439302259709e-01,6.646620788964921478e-02,1.000000000000000000e+00,9.334849053915659362e-03,-8.644782036181004881e-02
2.211628672340525403e-01,-1.015429546022332818e-01,2.032641418408192430e-02,4.659157640010817836e-02,3.115860720349906618e-02,3.882007495555982179e-02,-2.005079962572420826e-01,-9.928574909378467400e-03,1.334629744614395375e-01,3.286322160788941737e-02,8.571374156177430370e-02,-2.250387409795883698e-01,-1.709148275033071096e-01,-7.359964914741952413e-02,8.303417206755213387e-02,2.265672098777460688e-02,-9.129133679371494170e-02,1.582383129560123169e-01,-2.661591404198801209e-03,-7.462142235831806247e-02,-2.392188798866479171e-02,-3.150355750279749956e-02,6.185946469947281590e-02,-9.608754902888470839e-02,8.147784684588840753e-02,1.887687781888545413e-01,3.330448644735102548e-02,1.910859588007306487e-01,8.654801591278260889e-03,1.247659746355499200e-01,5.511451115944260987e-02,-6.831735972767750964e-02,6.481970999579923787e-02,1.747026475228181941e-01,5.721030779796303090e-02,-4.451401427209537159e-02,9.334849053915468542e-03,1.000000000000000000e+00,1.464389251301473904e-01
3.028338756115676877e-02,8.427862029485971851e-02,1.158523141794079309e-01,-9.480867510882064197e-02,5.747302094645553167e-02,-3.300861366966342803e-02,1.848407394589049180e-01,-1.417634163738589193e-01,1.565976807489767308e-01,1.170020363499045118e-01,-6.085873835299954529e-03,1.627636058975772682e-01,1.426828857564732267e-01,-1.355975474993049157e-01,-2.913500165346316964e-02,-9.486455204718800827e-02,8.548538831983271136e-02,1.738473880103986180e-01,4.132943765979739392e-02,-6.223129389271280648e-02,-9.609722208044731151e-02,1.144150955496043565e-01,-2.770489066811152382e-02,1.257575180610270849e-01,1.289813311865258827e-01,-6.440008470701016896e-02,1.436458381185805877e-01,-6.129427018892436019e-02,-9.121931630950741443e-02,8.175091723735147808e-02,1.388789016533444887e-01,2.394928647328259039e-02,-9.366407298097099987e-02,-2.370198945855544331e-02,-1.524933139488132694e-01,-1.403942265630006916e-02,-8.644782036181018758e-02,1.464389251301469186e-01,1.000000000000000000e+00
