2.651412214724351291e+00,-8.311986555382310238e-01,-0.000000000000000000e+00,-0.000000000000000000e+00,-0.000000000000000000e+00,-0.000000000000000000e+00,-0.000000000000000000e+00,0.000000000000000000e+00,-9.428668292636266379e-02,-0.000000000000000000e+00,-0.000000000000000000e+00,0.000000000000000000e+00,0.000000000000000000e+00,-0.000000000000000000e+00,0.000000000000000000e+00,-0.000000000000000000e+00,-2.895960784769925633e-02,0.000000000000000000e+00,0.000000000000000000e+00,-0.000000000000000000e+00,0.000000000000000000e+00,-0.000000000000000000e+00,-0.000000000000000000e+00,-0.000000000000000000e+00,-0.000000000000000000e+00,-7.770387011258683696e-02,-8.531675697411954251e-02,-2.999931212449523654e-01,-2.401745350084900366e-01,-0.000000000000000000e+00,-1.347071512937251248e-01,-3.978855215218550789e-01,0.000000000000000000e+00,-0.000000000000000000e+00,-0.000000000000000000e+00,-3.302315052033018561e-01,-9.896579878469780045e-02,-0.000000000000000000e+00,0.000000000000000000e+00
-8.311986555382310238e-01,2.638505418630302746e+00,-0.000000000000000000e+00,-0.000000000000000000e+00,-0.000000000000000000e+00,-0.000000000000000000e+00,-0.000000000000000000e+00,0.000000000000000000e+00,-4.746970775860120395e-01,0.000000000000000000e+00,-0.000000000000000000e+00,-0.000000000000000000e+00,0.000000000000000000e+00,-0.000000000000000000e+00,-0.000000000000000000e+00,-0.000000000000000000e+00,-7.345838007036771533e-02,0.000000000000000000e+00,1.267866233469401019e-03,-0.000000000000000000e+00,6.723664126979016220e-02,-0.000000000000000000e+00,-0.000000000000000000e+00,-0.000000000000000000e+00,-0.000000000000000000e+00,-2.020165643018713708e-01,-0.000000000000000000e+00,-0.000000000000000000e+00,-4.962434568283672909e-01,-0.000000000000000000e+00,-0.000000000000000000e+00,-2.660338684952223143e-01,0.000000000000000000e+00,-0.000000000000000000e+00,-0.000000000000000000e+00,-5.008871148646400900e-02,-1.314557672161056345e-01,-0.000000000000000000e+00,0.000000000000000000e+00
-0.000000000000000000e+00,-0.000000000000000000e+00,3.044429180947178626e+00,-0.000000000000000000e+00,-3.437138120495233373e-01,-0.000000000000000000e+00,-0.000000000000000000e+00,1.352397133040893706e+00,-1.103870410218810855e-01,-0.000000000000000000e+00,0.000000000000000000e+00,-0.000000000000000000e+00,0.000000000000000000e+00,-1.307003246066557323e-01,0.000000000000000000e+00,-0.000000000000000000e+00,-1.378072907726325159e-02,-1.381568875015424802e-01,-0.000000000000000000e+00,-0.000000000000000000e+00,-0.000000000000000000e+00,-0.000000000000000000e+00,-0.000000000000000000e+00,-0.000000000000000000e+00,-0.000000000000000000e+00,-0.000000000000000000e+00,-0.000000000000000000e+00,-5.749165244461178215e-02,-0.000000000000000000e+00,-0.000000000000000000e+00,-0.000000000000000000e+00,-0.000000000000000000e+00,-4.787583416121419799e-01,-5.386739736937820044e-01,-0.000000000000000000e+00,0.000000000000000000e+00,-0.000000000000000000e+00,-0.000000000000000000e+00,-0.000000000000000000e+00
-0.000000000000000000e+00,-0.000000000000000000e+00,-0.000000000000000000e+00,1.493526222405732407e+00,-0.000000000000000000e+00,0.000000000000000000e+00,-1.320177452265264839e-01,0.000000000000000000e+00,-1.083256637528780819e-01,0.000000000000000000e+00,0.000000000000000000e+00,-0.000000000000000000e+00,0.000000000000000000e+00,-0.000000000000000000e+00,-1.702353306746214046e-01,-0.000000000000000000e+00,-3.030438056050731993e-02,-0.000000000000000000e+00,0.000000000000000000e+00,-1.819427390379964038e-01,0.000000000000000000e+00,-0.000000000000000000e+00,-2.361280158775547547e-02,-3.743770219743424721e-01,-0.000000000000000000e+00,-0.000000000000000000e+00,0.000000000000000000e+00,-0.000000000000000000e+00,-0.000000000000000000e+00,-0.000000000000000000e+00,0.000000000000000000e+00,-0.000000000000000000e+00,-0.000000000000000000e+00,-3.161336229517248131e-01,-0.000000000000000000e+00,0.000000000000000000e+00,-0.000000000000000000e+00,-0.000000000000000000e+00,0.000000000000000000e+00
-0.000000000000000000e+00,-0.000000000000000000e+00,-3.437138120495233373e-01,-0.000000000000000000e+00,2.233404726995445788e+00,-0.000000000000000000e+00,0.000000000000000000e+00,3.595112727948622799e-01,-0.000000000000000000e+00,-0.000000000000000000e+00,0.000000000000000000e+00,0.000000000000000000e+00,0.000000000000000000e+00,-2.902319980952204337e-01,0.000000000000000000e+00,-0.000000000000000000e+00,-0.000000000000000000e+00,-3.729254582422661946e-01,-0.000000000000000000e+00,0.000000000000000000e+00,-0.000000000000000000e+00,0.000000000000000000e+00,-0.000000000000000000e+00,-0.000000000000000000e+00,-1.356547483135016885e-01,0.000000000000000000e+00,0.000000000000000000e+00,-1.858791565007477387e-01,-0.000000000000000000e+00,-1.526837389840750014e-01,-0.000000000000000000e+00,-0.000000000000000000e+00,-2.599351411222156627e-01,-6.079023629756977881e-02,-0.000000000000000000e+00,0.000000000000000000e+00,-0.000000000000000000e+00,-0.000000000000000000e+00,-9.876888282938761643e-02
-0.000000000000000000e+00,-0.000000000000000000e+00,-0.000000000000000000e+00,0.000000000000000000e+00,-0.000000000000000000e+00,1.122084766173358616e+00,5.113762921418558288e-02,0.000000000000000000e+00,-0.000000000000000000e+00,-0.000000000000000000e+00,-0.000000000000000000e+00,2.902297394256058150e-01,-0.000000000000000000e+00,0.000000000000000000e+00,0.000000000000000000e+00,-0.000000000000000000e+00,-0.000000000000000000e+00,-5.564290045615963298e-02,-0.000000000000000000e+00,9.062452523721625797e-02,-0.000000000000000000e+00,1.172956960075792997e-02,-0.000000000000000000e+00,0.000000000000000000e+00,-0.000000000000000000e+00,-0.000000000000000000e+00,-0.000000000000000000e+00,-0.000000000000000000e+00,-0.000000000000000000e+00,-0.000000000000000000e+00,-0.000000000000000000e+00,-0.000000000000000000e+00,-0.000000000000000000e+00,0.000000000000000000e+00,-0.000000000000000000e+00,-0.000000000000000000e+00,-0.000000000000000000e+00,-0.000000000000000000e+00,0.000000000000000000e+00
-0.000000000000000000e+00,-0.000000000000000000e+00,-0.000000000000000000e+00,-1.320177452265264839e-01,0.000000000000000000e+00,5.113762921418558288e-02,1.877385673919680809e+00,-0.000000000000000000e+00,-0.000000000000000000e+00,-0.000000000000000000e+00,-0.000000000000000000e+00,-0.000000000000000000e+00,0.000000000000000000e+00,-0.000000000000000000e+00,-0.000000000000000000e+00,-0.000000000000000000e+00,-0.000000000000000000e+00,0.000000000000000000e+00,0.000000000000000000e+00,-7.467156284707251457e-01,-0.000000000000000000e+00,-4.979710705777968816e-01,-0.000000000000000000e+00,-0.000000000000000000e+00,-0.000000000000000000e+00,-0.000000000000000000e+00,-0.000000000000000000e+00,-6.430279516837161813e-02,-0.000000000000000000e+00,-0.000000000000000000e+00,-0.000000000000000000e+00,-0.000000000000000000e+00,0.000000000000000000e+00,-0.000000000000000000e+00,-0.000000000000000000e+00,-0.000000000000000000e+00,-1.832048147722029341e-01,0.000000000000000000e+00,0.000000000000000000e+00
0.000000000000000000e+00,0.000000000000000000e+00,1.352397133040893706e+00,0.000000000000000000e+00,3.595112727948622799e-01,0.000000000000000000e+00,-0.000000000000000000e+00,2.443858814868957730e+00,7.445023566607612830e-02,0.000000000000000000e+00,0.000000000000000000e+00,0.000000000000000000e+00,-0.000000000000000000e+00,1.173779435433469076e-01,-0.000000000000000000e+00,0.000000000000000000e+00,2.151463725962720480e-02,0.000000000000000000e+00,0.000000000000000000e+00,0.000000000000000000e+00,0.000000000000000000e+00,0.000000000000000000e+00,0.000000000000000000e+00,0.000000000000000000e+00,0.000000000000000000e+00,0.000000000000000000e+00,0.000000000000000000e+00,0.000000000000000000e+00,0.000000000000000000e+00,0.000000000000000000e+00,0.000000000000000000e+00,2.151890056300843901e-01,0.000000000000000000e+00,4.905465936415374928e-02,0.000000000000000000e+00,-0.000000000000000000e+00,0.000000000000000000e+00,0.000000000000000000e+00,0.000000000000000000e+00
-9.428668292636266379e-02,-4.746970775860120395e-01,-1.103870410218810855e-01,-1.083256637528780819e-01,-0.000000000000000000e+00,-0.000000000000000000e+00,-0.000000000000000000e+00,7.445023566607612830e-02,2.634489323551832740e+00,0.000000000000000000e+00,-0.000000000000000000e+00,-0.000000000000000000e+00,2.222173668406900726e-01,-0.000000000000000000e+00,-0.000000000000000000e+00,-0.000000000000000000e+00,-1.002903436047907770e-01,-1.125772774653277658e-01,-0.000000000000000000e+00,-0.000000000000000000e+00,3.121285727338168337e-01,0.000000000000000000e+00,-0.000000000000000000e+00,-7.791581331292340984e-02,-0.000000000000000000e+00,-3.400373286996509481e-02,-0.000000000000000000e+00,-0.000000000000000000e+00,-4.355316578207000799e-01,-0.000000000000000000e+00,-0.000000000000000000e+00,-4.720377831695579118e-01,-0.000000000000000000e+00,-5.131735015922710419e-01,-0.000000000000000000e+00,-0.000000000000000000e+00,-0.000000000000000000e+00,-0.000000000000000000e+00,-0.000000000000000000e+00
-0.000000000000000000e+00,0.000000000000000000e+00,-0.000000000000000000e+00,0.000000000000000000e+00,-0.000000000000000000e+00,-0.000000000000000000e+00,-0.000000000000000000e+00,0.000000000000000000e+00,0.000000000000000000e+00,2.364175986024827925e+00,-0.000000000000000000e+00,-0.000000000000000000e+00,-0.000000000000000000e+00,-0.000000000000000000e+00,8.325862162581987302e-02,-4.852230831180748827e-01,-0.000000000000000000e+00,-0.000000000000000000e+00,-4.596488734443124891e-01,0.000000000000000000e+00,-2.599682874600874882e-01,-0.000000000000000000e+00,-0.000000000000000000e+00,0.000000000000000000e+00,-3.695749327042178178e-01,-0.000000000000000000e+00,-0.000000000000000000e+00,-0.000000000000000000e+00,0.000000000000000000e+00,-3.168887982097267630e-01,-0.000000000000000000e+00,-0.000000000000000000e+00,-1.194825871460208910e-01,0.000000000000000000e+00,-0.000000000000000000e+00,-0.000000000000000000e+00,0.000000000000000000e+00,-0.000000000000000000e+00,-5.009749635116030886e-01
-0.000000000000000000e+00,-0.000000000000000000e+00,0.000000000000000000e+00,0.000000000000000000e+00,0.000000000000000000e+00,-0.000000000000000000e+00,-0.000000000000000000e+00,0.000000000000000000e+00,-0.000000000000000000e+00,-0.000000000000000000e+00,1.523057506685482343e+00,-0.000000000000000000e+00,-0.000000000000000000e+00,-0.000000000000000000e+00,0.000000000000000000e+00,-0.000000000000000000e+00,-4.587017381785686299e-01,0.000000000000000000e+00,0.000000000000000000e+00,-0.000000000000000000e+00,-0.000000000000000000e+00,-0.000000000000000000e+00,-0.000000000000000000e+00,0.000000000000000000e+00,-0.000000000000000000e+00,-2.420876635884434414e-01,-1.909374549143809940e-01,-0.000000000000000000e+00,-0.000000000000000000e+00,-0.000000000000000000e+00,-8.600776225435707856e-02,-0.000000000000000000e+00,0.000000000000000000e+00,0.000000000000000000e+00,-0.000000000000000000e+00,-1.471878717002907122e-01,-0.000000000000000000e+00,0.000000000000000000e+00,0.000000000000000000e+00
0.000000000000000000e+00,-0.000000000000000000e+00,-0.000000000000000000e+00,-0.000000000000000000e+00,0.000000000000000000e+00,2.902297394256058150e-01,-0.000000000000000000e+00,0.000000000000000000e+00,-0.000000000000000000e+00,-0.000000000000000000e+00,-0.000000000000000000e+00,1.711854711666569662e+00,-0.000000000000000000e+00,-1.066459323762950634e-01,-5.673517147774017610e-01,-0.000000000000000000e+00,-0.000000000000000000e+00,-0.000000000000000000e+00,0.000000000000000000e+00,-2.796849171201581385e-01,-0.000000000000000000e+00,-4.394241111961151858e-01,-5.229680089831137413e-02,-4.793260935079491497e-02,-0.000000000000000000e+00,-0.000000000000000000e+00,-0.000000000000000000e+00,-0.000000000000000000e+00,-0.000000000000000000e+00,-0.000000000000000000e+00,-0.000000000000000000e+00,0.000000000000000000e+00,-0.000000000000000000e+00,-0.000000000000000000e+00,-0.000000000000000000e+00,-0.000000000000000000e+00,0.000000000000000000e+00,-0.000000000000000000e+00,-0.000000000000000000e+00
0.000000000000000000e+00,0.000000000000000000e+00,0.000000000000000000e+00,0.000000000000000000e+00,0.000000000000000000e+00,-0.000000000000000000e+00,0.000000000000000000e+00,-0.000000000000000000e+00,2.222173668406900726e-01,-0.000000000000000000e+00,-0.000000000000000000e+00,-0.000000000000000000e+00,1.428180887653131226e+00,0.000000000000000000e+00,0.000000000000000000e+00,-0.000000000000000000e+00,0.000000000000000000e+00,1.668881528461370056e-01,0.000000000000000000e+00,-0.000000000000000000e+00,-3.500940974617414159e-01,-9.997231875566560400e-02,-0.000000000000000000e+00,0.000000000000000000e+00,0.000000000000000000e+00,0.000000000000000000e+00,-0.000000000000000000e+00,0.000000000000000000e+00,0.000000000000000000e+00,0.000000000000000000e+00,0.000000000000000000e+00,3.821133455119599814e-02,0.000000000000000000e+00,3.953333732567599901e-01,-0.000000000000000000e+00,-6.109212539290514304e-03,0.000000000000000000e+00,2.941870815761221669e-02,0.000000000000000000e+00
-0.000000000000000000e+00,-0.000000000000000000e+00,-1.307003246066557323e-01,-0.000000000000000000e+00,-2.902319980952204337e-01,0.000000000000000000e+00,-0.000000000000000000e+00,1.173779435433469076e-01,-0.000000000000000000e+00,-0.000000000000000000e+00,-0.000000000000000000e+00,-1.066459323762950634e-01,0.000000000000000000e+00,2.312029774928181958e+00,-0.000000000000000000e+00,-3.371068749825055499e-02,-1.228048828483970789e-01,-0.000000000000000000e+00,-0.000000000000000000e+00,-0.000000000000000000e+00,-0.000000000000000000e+00,-4.038948718714579708e-03,-5.994022305081808666e-01,-4.442800327705382912e-01,-1.237016331706799893e-01,0.000000000000000000e+00,-0.000000000000000000e+00,-0.000000000000000000e+00,-0.000000000000000000e+00,-1.086756282633183357e-01,-0.000000000000000000e+00,-0.000000000000000000e+00,-2.386772574405536529e-01,-1.889866031081988973e-01,-0.000000000000000000e+00,-0.000000000000000000e+00,-0.000000000000000000e+00,-0.000000000000000000e+00,-0.000000000000000000e+00
0.000000000000000000e+00,-0.000000000000000000e+00,0.000000000000000000e+00,-1.702353306746214046e-01,0.000000000000000000e+00,0.000000000000000000e+00,-0.000000000000000000e+00,-0.000000000000000000e+00,-0.000000000000000000e+00,8.325862162581987302e-02,0.000000000000000000e+00,-5.673517147774017610e-01,0.000000000000000000e+00,-0.000000000000000000e+00,1.398974313049136553e+00,-0.000000000000000000e+00,0.000000000000000000e+00,-0.000000000000000000e+00,0.000000000000000000e+00,-0.000000000000000000e+00,3.238105844760579832e-01,-0.000000000000000000e+00,-0.000000000000000000e+00,-1.215921711223251350e-01,0.000000000000000000e+00,-0.000000000000000000e+00,0.000000000000000000e+00,2.506731994601168675e-02,0.000000000000000000e+00,0.000000000000000000e+00,8.533685211966830775e-02,0.000000000000000000e+00,0.000000000000000000e+00,-0.000000000000000000e+00,0.000000000000000000e+00,0.000000000000000000e+00,0.000000000000000000e+00,-1.286336904327786690e-01,0.000000000000000000e+00
-0.000000000000000000e+00,-0.000000000000000000e+00,-0.000000000000000000e+00,-0.000000000000000000e+00,-0.000000000000000000e+00,-0.000000000000000000e+00,-0.000000000000000000e+00,0.000000000000000000e+00,-0.000000000000000000e+00,-4.852230831180748827e-01,-0.000000000000000000e+00,-0.000000000000000000e+00,-0.000000000000000000e+00,-3.371068749825055499e-02,-0.000000000000000000e+00,2.574159396120403454e+00,-0.000000000000000000e+00,-0.000000000000000000e+00,-0.000000000000000000e+00,-0.000000000000000000e+00,-0.000000000000000000e+00,-0.000000000000000000e+00,-1.988927191600557143e-01,-0.000000000000000000e+00,-8.116025560330232536e-02,-2.637811308123148013e-01,-0.000000000000000000e+00,-4.384958326216553681e-01,-0.000000000000000000e+00,-7.906716252184733396e-01,-0.000000000000000000e+00,-0.000000000000000000e+00,-5.226666860768293399e-02,-0.000000000000000000e+00,-0.000000000000000000e+00,-2.197214048542979747e-01,-0.000000000000000000e+00,-1.742502153724514447e-01,-0.000000000000000000e+00
-2.895960784769925633e-02,-7.345838007036771533e-02,-1.378072907726325159e-02,-3.030438056050731993e-02,-0.000000000000000000e+00,-0.000000000000000000e+00,-0.000000000000000000e+00,2.151463725962720480e-02,-1.002903436047907770e-01,-0.000000000000000000e+00,-4.587017381785686299e-01,-0.000000000000000000e+00,0.000000000000000000e+00,-1.228048828483970789e-01,0.000000000000000000e+00,-0.000000000000000000e+00,2.062585287559074221e+00,-0.000000000000000000e+00,0.000000000000000000e+00,-0.000000000000000000e+00,0.000000000000000000e+00,-0.000000000000000000e+00,-0.000000000000000000e+00,-0.000000000000000000e+00,-0.000000000000000000e+00,-9.462109722812017676e-02,-0.000000000000000000e+00,-2.215045632832802341e-02,-3.672835235599444803e-01,-0.000000000000000000e+00,-0.000000000000000000e+00,-5.779216052449591690e-01,-0.000000000000000000e+00,-0.000000000000000000e+00,-0.000000000000000000e+00,-0.000000000000000000e+00,-3.499408314469253448e-03,-0.000000000000000000e+00,0.000000000000000000e+00
0.000000000000000000e+00,0.000000000000000000e+00,-1.381568875015424802e-01,-0.000000000000000000e+00,-3.729254582422661946e-01,-5.564290045615963298e-02,0.000000000000000000e+00,0.000000000000000000e+00,-1.125772774653277658e-01,-0.000000000000000000e+00,0.000000000000000000e+00,-0.000000000000000000e+00,1.668881528461370056e-01,-0.000000000000000000e+00,-0.000000000000000000e+00,-0.000000000000000000e+00,-0.000000000000000000e+00,2.013485459334864114e+00,-6.000651109408738915e-01,0.000000000000000000e+00,0.000000000000000000e+00,7.636503685118105345e-02,-0.000000000000000000e+00,-0.000000000000000000e+00,-0.000000000000000000e+00,-0.000000000000000000e+00,0.000000000000000000e+00,-0.000000000000000000e+00,-0.000000000000000000e+00,-1.510699329569706872e-01,0.000000000000000000e+00,-0.000000000000000000e+00,-1.414824386904787734e-01,-0.000000000000000000e+00,0.000000000000000000e+00,0.000000000000000000e+00,0.000000000000000000e+00,-3.663591596271102979e-01,-0.000000000000000000e+00
0.000000000000000000e+00,1.267866233469401019e-03,-0.000000000000000000e+00,0.000000000000000000e+00,-0.000000000000000000e+00,-0.000000000000000000e+00,0.000000000000000000e+00,0.000000000000000000e+00,-0.000000000000000000e+00,-4.596488734443124891e-01,0.000000000000000000e+00,0.000000000000000000e+00,0.000000000000000000e+00,-0.000000000000000000e+00,0.000000000000000000e+00,-0.000000000000000000e+00,0.000000000000000000e+00,-6.000651109408738915e-01,2.272547577680994468e+00,7.898102184109156987e-02,0.000000000000000000e+00,0.000000000000000000e+00,0.000000000000000000e+00,-0.000000000000000000e+00,-0.000000000000000000e+00,0.000000000000000000e+00,1.218446889637687103e-01,0.000000000000000000e+00,0.000000000000000000e+00,-0.000000000000000000e+00,0.000000000000000000e+00,0.000000000000000000e+00,-6.502059065200713195e-02,0.000000000000000000e+00,0.000000000000000000e+00,0.000000000000000000e+00,0.000000000000000000e+00,-0.000000000000000000e+00,-9.942452800758923015e-01
-0.000000000000000000e+00,-0.000000000000000000e+00,-0.000000000000000000e+00,-1.819427390379964038e-01,0.000000000000000000e+00,9.062452523721625797e-02,-7.467156284707251457e-01,0.000000000000000000e+00,-0.000000000000000000e+00,0.000000000000000000e+00,-0.000000000000000000e+00,-2.796849171201581385e-01,-0.000000000000000000e+00,-0.000000000000000000e+00,-0.000000000000000000e+00,-0.000000000000000000e+00,-0.000000000000000000e+00,0.000000000000000000e+00,7.898102184109156987e-02,2.059547425755465344e+00,0.000000000000000000e+00,-5.419600328246215737e-01,-0.000000000000000000e+00,-6.465321673517393508e-02,-0.000000000000000000e+00,-0.000000000000000000e+00,-0.000000000000000000e+00,-0.000000000000000000e+00,-9.984146127485486744e-02,0.000000000000000000e+00,-0.000000000000000000e+00,-0.000000000000000000e+00,0.000000000000000000e+00,-0.000000000000000000e+00,-0.000000000000000000e+00,-0.000000000000000000e+00,-8.717437991902776684e-02,0.000000000000000000e+00,0.000000000000000000e+00
0.000000000000000000e+00,6.723664126979016220e-02,-0.000000000000000000e+00,0.000000000000000000e+00,-0.000000000000000000e+00,-0.000000000000000000e+00,-0.000000000000000000e+00,0.000000000000000000e+00,3.121285727338168337e-01,-2.599682874600874882e-01,-0.000000000000000000e+00,-0.000000000000000000e+00,-3.500940974617414159e-01,-0.000000000000000000e+00,3.238105844760579832e-01,-0.000000000000000000e+00,0.000000000000000000e+00,0.000000000000000000e+00,0.000000000000000000e+00,0.000000000000000000e+00,1.604782765394533905e+00,-4.691820805819579832e-01,-0.000000000000000000e+00,0.000000000000000000e+00,-0.000000000000000000e+00,0.000000000000000000e+00,-0.000000000000000000e+00,-9.303405795800269440e-02,0.000000000000000000e+00,-0.000000000000000000e+00,-0.000000000000000000e+00,0.000000000000000000e+00,-2.857707737042385343e-01,0.000000000000000000e+00,-2.242279694920668864e-01,-0.000000000000000000e+00,0.000000000000000000e+00,0.000000000000000000e+00,-0.000000000000000000e+00
-0.000000000000000000e+00,-0.000000000000000000e+00,-0.000000000000000000e+00,-0.000000000000000000e+00,0.000000000000000000e+00,1.172956960075792997e-02,-4.979710705777968816e-01,0.000000000000000000e+00,0.000000000000000000e+00,-0.000000000000000000e+00,-0.000000000000000000e+00,-4.394241111961151858e-01,-9.997231875566560400e-02,-4.038948718714579708e-03,-0.000000000000000000e+00,-0.000000000000000000e+00,-0.000000000000000000e+00,7.636503685118105345e-02,0.000000000000000000e+00,-5.419600328246215737e-01,-4.691820805819579832e-01,2.051309857193517772e+00,-0.000000000000000000e+00,-0.000000000000000000e+00,-3.414874138555553523e-02,-0.000000000000000000e+00,-0.000000000000000000e+00,-1.398328949534893006e-01,-0.000000000000000000e+00,-0.000000000000000000e+00,-0.000000000000000000e+00,-0.000000000000000000e+00,-0.000000000000000000e+00,-0.000000000000000000e+00,-7.563791097422470355e-02,-0.000000000000000000e+00,-0.000000000000000000e+00,0.000000000000000000e+00,0.000000000000000000e+00
-0.000000000000000000e+00,-0.000000000000000000e+00,-0.000000000000000000e+00,-2.361280158775547547e-02,-0.000000000000000000e+00,-0.000000000000000000e+00,-0.000000000000000000e+00,0.000000000000000000e+00,-0.000000000000000000e+00,-0.000000000000000000e+00,-0.000000000000000000e+00,-5.229680089831137413e-02,-0.000000000000000000e+00,-5.994022305081808666e-01,-0.000000000000000000e+00,-1.988927191600557143e-01,-0.000000000000000000e+00,-0.000000000000000000e+00,0.000000000000000000e+00,-0.000000000000000000e+00,-0.000000000000000000e+00,-0.000000000000000000e+00,2.337865826565797445e+00,-9.725627368043977816e-02,-5.814822948713869177e-01,-0.000000000000000000e+00,-0.000000000000000000e+00,-0.000000000000000000e+00,-0.000000000000000000e+00,-3.094041331232063041e-01,-0.000000000000000000e+00,-0.000000000000000000e+00,-0.000000000000000000e+00,-0.000000000000000000e+00,-3.956285197089838279e-01,-0.000000000000000000e+00,-0.000000000000000000e+00,-1.379594694289771328e-01,-0.000000000000000000e+00
-0.000000000000000000e+00,-0.000000000000000000e+00,-0.000000000000000000e+00,-3.743770219743424721e-01,-0.000000000000000000e+00,0.000000000000000000e+00,-0.000000000000000000e+00,0.000000000000000000e+00,-7.791581331292340984e-02,0.000000000000000000e+00,0.000000000000000000e+00,-4.793260935079491497e-02,0.000000000000000000e+00,-4.442800327705382912e-01,-1.215921711223251350e-01,-0.000000000000000000e+00,-0.000000000000000000e+00,-0.000000000000000000e+00,-0.000000000000000000e+00,-6.465321673517393508e-02,0.000000000000000000e+00,-0.000000000000000000e+00,-9.725627368043977816e-02,1.505408634728644390e+00,-2.463047858007764990e-02,0.000000000000000000e+00,-0.000000000000000000e+00,-0.000000000000000000e+00,-0.000000000000000000e+00,-0.000000000000000000e+00,0.000000000000000000e+00,-0.000000000000000000e+00,-0.000000000000000000e+00,-2.063917733143227733e-03,-0.000000000000000000e+00,0.000000000000000000e+00,-0.000000000000000000e+00,-0.000000000000000000e+00,-0.000000000000000000e+00
-0.000000000000000000e+00,-0.000000000000000000e+00,-0.000000000000000000e+00,-0.000000000000000000e+00,-1.356547483135016885e-01,-0.000000000000000000e+00,-0.000000000000000000e+00,0.000000000000000000e+00,-0.000000000000000000e+00,-3.695749327042178178e-01,-0.000000000000000000e+00,-0.000000000000000000e+00,0.000000000000000000e+00,-1.237016331706799893e-01,0.000000000000000000e+00,-8.116025560330232536e-02,-0.000000000000000000e+00,-0.000000000000000000e+00,-0.000000000000000000e+00,-0.000000000000000000e+00,-0.000000000000000000e+00,-3.414874138555553523e-02,-5.814822948713869177e-01,-2.463047858007764990e-02,2.097450792562013167e+00,-0.000000000000000000e+00,-0.000000000000000000e+00,-1.317437337021104549e-01,-0.000000000000000000e+00,-1.752865463422713932e-01,-0.000000000000000000e+00,-0.000000000000000000e+00,-2.080468329812754924e-01,-0.000000000000000000e+00,-1.699950037990816676e-01,-0.000000000000000000e+00,-0.000000000000000000e+00,-0.000000000000000000e+00,-6.109902062765473763e-03
-7.770387011258683696e-02,-2.020165643018713708e-01,-0.000000000000000000e+00,-0.000000000000000000e+00,0.000000000000000000e+00,-0.000000000000000000e+00,-0.000000000000000000e+00,0.000000000000000000e+00,-3.400373286996509481e-02,-0.000000000000000000e+00,-2.420876635884434414e-01,-0.000000000000000000e+00,0.000000000000000000e+00,0.000000000000000000e+00,-0.000000000000000000e+00,-2.637811308123148013e-01,-9.462109722812017676e-02,-0.000000000000000000e+00,0.000000000000000000e+00,-0.000000000000000000e+00,0.000000000000000000e+00,-0.000000000000000000e+00,-0.000000000000000000e+00,0.000000000000000000e+00,-0.000000000000000000e+00,1.944695066526342053e+00,-4.686288859970270670e-01,-0.000000000000000000e+00,-5.714571138936424405e-02,-0.000000000000000000e+00,-9.882011989801908758e-02,-4.759914742136139160e-02,0.000000000000000000e+00,-0.000000000000000000e+00,-0.000000000000000000e+00,-1.973234926379602017e-01,-4.210122408343551503e-02,-0.000000000000000000e+00,0.000000000000000000e+00
-8.531675697411954251e-02,-0.000000000000000000e+00,-0.000000000000000000e+00,0.000000000000000000e+00,0.000000000000000000e+00,-0.000000000000000000e+00,-0.000000000000000000e+00,0.000000000000000000e+00,-0.000000000000000000e+00,-0.000000000000000000e+00,-1.909374549143809940e-01,-0.000000000000000000e+00,-0.000000000000000000e+00,-0.000000000000000000e+00,0.000000000000000000e+00,-0.000000000000000000e+00,-0.000000000000000000e+00,0.000000000000000000e+00,1.218446889637687103e-01,-0.000000000000000000e+00,-0.000000000000000000e+00,-0.000000000000000000e+00,-0.000000000000000000e+00,-0.000000000000000000e+00,-0.000000000000000000e+00,-4.686288859970270670e-01,2.293601014166860796e+00,-0.000000000000000000e+00,-1.883997169664347049e-01,-0.000000000000000000e+00,-6.686183407758389263e-01,-1.693624897112333272e-01,0.000000000000000000e+00,-0.000000000000000000e+00,-2.519827526281285257e-01,-2.233168554826052143e-01,-4.266820940360398912e-02,-0.000000000000000000e+00,0.000000000000000000e+00
-2.999931212449523654e-01,-0.000000000000000000e+00,-5.749165244461178215e-02,-0.000000000000000000e+00,-1.858791565007477387e-01,-0.000000000000000000e+00,-6.430279516837161813e-02,0.000000000000000000e+00,-0.000000000000000000e+00,-0.000000000000000000e+00,-0.000000000000000000e+00,-0.000000000000000000e+00,0.000000000000000000e+00,-0.000000000000000000e+00,2.506731994601168675e-02,-4.384958326216553681e-01,-2.215045632832802341e-02,-0.000000000000000000e+00,0.000000000000000000e+00,-0.000000000000000000e+00,-9.303405795800269440e-02,-1.398328949534893006e-01,-0.000000000000000000e+00,-0.000000000000000000e+00,-1.317437337021104549e-01,-0.000000000000000000e+00,-0.000000000000000000e+00,2.486871873524401089e+00,-0.000000000000000000e+00,-0.000000000000000000e+00,-8.463358181066211738e-01,-2.960131607202918791e-01,-0.000000000000000000e+00,-0.000000000000000000e+00,-0.000000000000000000e+00,-0.000000000000000000e+00,-7.482914407243033972e-02,-0.000000000000000000e+00,-0.000000000000000000e+00
-2.401745350084900366e-01,-4.962434568283672909e-01,-0.000000000000000000e+00,-0.000000000000000000e+00,-0.000000000000000000e+00,-0.000000000000000000e+00,-0.000000000000000000e+00,0.000000000000000000e+00,-4.355316578207000799e-01,0.000000000000000000e+00,-0.000000000000000000e+00,-0.000000000000000000e+00,0.000000000000000000e+00,-0.000000000000000000e+00,0.000000000000000000e+00,-0.000000000000000000e+00,-3.672835235599444803e-01,-0.000000000000000000e+00,0.000000000000000000e+00,-9.984146127485486744e-02,0.000000000000000000e+00,-0.000000000000000000e+00,-0.000000000000000000e+00,-0.000000000000000000e+00,-0.000000000000000000e+00,-5.714571138936424405e-02,-1.883997169664347049e-01,-0.000000000000000000e+00,3.256560210942167632e+00,-0.000000000000000000e+00,-1.003119561671160509e-02,-6.740253007846189748e-01,0.000000000000000000e+00,-0.000000000000000000e+00,-0.000000000000000000e+00,-0.000000000000000000e+00,-8.602994970567655608e-01,-0.000000000000000000e+00,0.000000000000000000e+00
-0.000000000000000000e+00,-0.000000000000000000e+00,-0.000000000000000000e+00,-0.000000000000000000e+00,-1.526837389840750014e-01,-0.000000000000000000e+00,-0.000000000000000000e+00,0.000000000000000000e+00,-0.000000000000000000e+00,-3.168887982097267630e-01,-0.000000000000000000e+00,-0.000000000000000000e+00,0.000000000000000000e+00,-1.086756282633183357e-01,0.000000000000000000e+00,-7.906716252184733396e-01,-0.000000000000000000e+00,-1.510699329569706872e-01,-0.000000000000000000e+00,0.000000000000000000e+00,-0.000000000000000000e+00,-0.000000000000000000e+00,-3.094041331232063041e-01,-0.000000000000000000e+00,-1.752865463422713932e-01,-0.000000000000000000e+00,-0.000000000000000000e+00,-0.000000000000000000e+00,-0.000000000000000000e+00,2.347867205488859632e+00,-0.000000000000000000e+00,-0.000000000000000000e+00,-3.292430536434219623e-02,-0.000000000000000000e+00,-0.000000000000000000e+00,-0.000000000000000000e+00,-0.000000000000000000e+00,-2.708307983264223173e-01,-0.000000000000000000e+00
-1.347071512937251248e-01,-0.000000000000000000e+00,-0.000000000000000000e+00,0.000000000000000000e+00,-0.000000000000000000e+00,-0.000000000000000000e+00,-0.000000000000000000e+00,0.000000000000000000e+00,-0.000000000000000000e+00,-0.000000000000000000e+00,-8.600776225435707856e-02,-0.000000000000000000e+00,0.000000000000000000e+00,-0.000000000000000000e+00,8.533685211966830775e-02,-0.000000000000000000e+00,-0.000000000000000000e+00,0.000000000000000000e+00,0.000000000000000000e+00,-0.000000000000000000e+00,-0.000000000000000000e+00,-0.000000000000000000e+00,-0.000000000000000000e+00,0.000000000000000000e+00,-0.000000000000000000e+00,-9.882011989801908758e-02,-6.686183407758389263e-01,-8.463358181066211738e-01,-1.003119561671160509e-02,-0.000000000000000000e+00,2.717879804535394239e+00,-3.144557027220337697e-01,-0.000000000000000000e+00,-0.000000000000000000e+00,-2.087636332260871252e-01,-2.895804189781587268e-01,-1.262830894569449136e-01,-0.000000000000000000e+00,0.000000000000000000e+00
-3.978855215218550789e-01,-2.660338684952223143e-01,-0.000000000000000000e+00,-0.000000000000000000e+00,-0.000000000000000000e+00,-0.000000000000000000e+00,-0.000000000000000000e+00,2.151890056300843901e-01,-4.720377831695579118e-01,-0.000000000000000000e+00,-0.000000000000000000e+00,0.000000000000000000e+00,3.821133455119599814e-02,-0.000000000000000000e+00,0.000000000000000000e+00,-0.000000000000000000e+00,-5.779216052449591690e-01,-0.000000000000000000e+00,0.000000000000000000e+00,-0.000000000000000000e+00,0.000000000000000000e+00,-0.000000000000000000e+00,-0.000000000000000000e+00,-0.000000000000000000e+00,-0.000000000000000000e+00,-4.759914742136139160e-02,-1.693624897112333272e-01,-2.960131607202918791e-01,-6.740253007846189748e-01,-0.000000000000000000e+00,-3.144557027220337697e-01,3.328828241226578832e+00,-0.000000000000000000e+00,-0.000000000000000000e+00,-0.000000000000000000e+00,-0.000000000000000000e+00,-1.474304909469828506e-01,-0.000000000000000000e+00,0.000000000000000000e+00
0.000000000000000000e+00,0.000000000000000000e+00,-4.787583416121419799e-01,-0.000000000000000000e+00,-2.599351411222156627e-01,-0.000000000000000000e+00,0.000000000000000000e+00,0.000000000000000000e+00,-0.000000000000000000e+00,-1.194825871460208910e-01,0.000000000000000000e+00,-0.000000000000000000e+00,0.000000000000000000e+00,-2.386772574405536529e-01,0.000000000000000000e+00,-5.226666860768293399e-02,-0.000000000000000000e+00,-1.414824386904787734e-01,-6.502059065200713195e-02,0.000000000000000000e+00,-2.857707737042385343e-01,-0.000000000000000000e+00,-0.000000000000000000e+00,-0.000000000000000000e+00,-2.080468329812754924e-01,0.000000000000000000e+00,0.000000000000000000e+00,-0.000000000000000000e+00,0.000000000000000000e+00,-3.292430536434219623e-02,-0.000000000000000000e+00,-0.000000000000000000e+00,1.992919729822120178e+00,-9.638503481828879227e-02,-0.000000000000000000e+00,0.000000000000000000e+00,0.000000000000000000e+00,-0.000000000000000000e+00,-7.613806907197595564e-02
-0.000000000000000000e+00,-0.000000000000000000e+00,-5.386739736937820044e-01,-3.161336229517248131e-01,-6.079023629756977881e-02,0.000000000000000000e+00,-0.000000000000000000e+00,4.905465936415374928e-02,-5.131735015922710419e-01,0.000000000000000000e+00,0.000000000000000000e+00,-0.000000000000000000e+00,3.953333732567599901e-01,-1.889866031081988973e-01,-0.000000000000000000e+00,-0.000000000000000000e+00,-0.000000000000000000e+00,-0.000000000000000000e+00,0.000000000000000000e+00,-0.000000000000000000e+00,0.000000000000000000e+00,-0.000000000000000000e+00,-0.000000000000000000e+00,-2.063917733143227733e-03,-0.000000000000000000e+00,-0.000000000000000000e+00,-0.000000000000000000e+00,-0.000000000000000000e+00,-0.000000000000000000e+00,-0.000000000000000000e+00,-0.000000000000000000e+00,-0.000000000000000000e+00,-9.638503481828879227e-02,2.208766994204814704e+00,0.000000000000000000e+00,0.000000000000000000e+00,-0.000000000000000000e+00,-2.113456279981579533e-01,-0.000000000000000000e+00
-0.000000000000000000e+00,-0.000000000000000000e+00,-0.000000000000000000e+00,-0.000000000000000000e+00,-0.000000000000000000e+00,-0.000000000000000000e+00,-0.000000000000000000e+00,0.000000000000000000e+00,-0.000000000000000000e+00,-0.000000000000000000e+00,-0.000000000000000000e+00,-0.000000000000000000e+00,-0.000000000000000000e+00,-0.000000000000000000e+00,0.000000000000000000e+00,-0.000000000000000000e+00,-0.000000000000000000e+00,0.000000000000000000e+00,0.000000000000000000e+00,-0.000000000000000000e+00,-2.242279694920668864e-01,-7.563791097422470355e-02,-3.956285197089838279e-01,-0.000000000000000000e+00,-1.699950037990816676e-01,-0.000000000000000000e+00,-2.519827526281285257e-01,-0.000000000000000000e+00,-0.000000000000000000e+00,-0.000000000000000000e+00,-2.087636332260871252e-01,-0.000000000000000000e+00,-0.000000000000000000e+00,0.000000000000000000e+00,1.774176189075328480e+00,-3.886588331774201016e-02,-3.602476068306920132e-01,0.000000000000000000e+00,0.000000000000000000e+00
-3.302315052033018561e-01,-5.008871148646400900e-02,0.000000000000000000e+00,0.000000000000000000e+00,0.000000000000000000e+00,-0.000000000000000000e+00,-0.000000000000000000e+00,-0.000000000000000000e+00,-0.000000000000000000e+00,-0.000000000000000000e+00,-1.471878717002907122e-01,-0.000000000000000000e+00,-6.109212539290514304e-03,-0.000000000000000000e+00,0.000000000000000000e+00,-2.197214048542979747e-01,-0.000000000000000000e+00,0.000000000000000000e+00,0.000000000000000000e+00,-0.000000000000000000e+00,-0.000000000000000000e+00,-0.000000000000000000e+00,-0.000000000000000000e+00,0.000000000000000000e+00,-0.000000000000000000e+00,-1.973234926379602017e-01,-2.233168554826052143e-01,-0.000000000000000000e+00,-0.000000000000000000e+00,-0.000000000000000000e+00,-2.895804189781587268e-01,-0.000000000000000000e+00,0.000000000000000000e+00,0.000000000000000000e+00,-3.886588331774201016e-02,1.750746247635126762e+00,-1.078296531634858994e-02,-0.000000000000000000e+00,0.000000000000000000e+00
-9.896579878469780045e-02,-1.314557672161056345e-01,-0.000000000000000000e+00,-0.000000000000000000e+00,-0.000000000000000000e+00,-0.000000000000000000e+00,-1.832048147722029341e-01,0.000000000000000000e+00,-0.000000000000000000e+00,0.000000000000000000e+00,-0.000000000000000000e+00,0.000000000000000000e+00,0.000000000000000000e+00,-0.000000000000000000e+00,0.000000000000000000e+00,-0.000000000000000000e+00,-3.499408314469253448e-03,0.000000000000000000e+00,0.000000000000000000e+00,-8.717437991902776684e-02,0.000000000000000000e+00,-0.000000000000000000e+00,-0.000000000000000000e+00,-0.000000000000000000e+00,-0.000000000000000000e+00,-4.210122408343551503e-02,-4.266820940360398912e-02,-7.482914407243033972e-02,-8.602994970567655608e-01,-0.000000000000000000e+00,-1.262830894569449136e-01,-1.474304909469828506e-01,0.000000000000000000e+00,-0.000000000000000000e+00,-3.602476068306920132e-01,-1.078296531634858994e-02,2.232602168069547588e+00,0.000000000000000000e+00,0.000000000000000000e+00
-0.000000000000000000e+00,-0.000000000000000000e+00,-0.000000000000000000e+00,-0.000000000000000000e+00,-0.000000000000000000e+00,-0.000000000000000000e+00,0.000000000000000000e+00,0.000000000000000000e+00,-0.000000000000000000e+00,-0.000000000000000000e+00,0.000000000000000000e+00,-0.000000000000000000e+00,2.941870815761221669e-02,-0.000000000000000000e+00,-1.286336904327786690e-01,-1.742502153724514447e-01,-0.000000000000000000e+00,-3.663591596271102979e-01,-0.000000000000000000e+00,0.000000000000000000e+00,0.000000000000000000e+00,0.000000000000000000e+00,-1.379594694289771328e-01,-0.000000000000000000e+00,-0.000000000000000000e+00,-0.000000000000000000e+00,-0.000000000000000000e+00,-0.000000000000000000e+00,-0.000000000000000000e+00,-2.708307983264223173e-01,-0.000000000000000000e+00,-0.000000000000000000e+00,-0.000000000000000000e+00,-2.113456279981579533e-01,0.000000000000000000e+00,-0.000000000000000000e+00,0.000000000000000000e+00,1.743195210705673404e+00,-3.328995723618187186e-01
0.000000000000000000e+00,0.000000000000000000e+00,-0.000000000000000000e+00,0.000000000000000000e+00,-9.876888282938761643e-02,0.000000000000000000e+00,0.000000000000000000e+00,0.000000000000000000e+00,-0.000000000000000000e+00,-5.009749635116030886e-01,0.000000000000000000e+00,-0.000000000000000000e+00,0.000000000000000000e+00,-0.000000000000000000e+00,0.000000000000000000e+00,-0.000000000000000000e+00,0.000000000000000000e+00,-0.000000000000000000e+00,-9.942452800758923015e-01,0.000000000000000000e+00,-0.000000000000000000e+00,0.000000000000000000e+00,-0.000000000000000000e+00,-0.000000000000000000e+00,-6.109902062765473763e-03,0.000000000000000000e+00,0.000000000000000000e+00,-0.000000000000000000e+00,0.000000000000000000e+00,-0.000000000000000000e+00,0.000000000000000000e+00,0.000000000000000000e+00,-7.613806907197595564e-02,-0.000000000000000000e+00,0.000000000000000000e+00,0.000000000000000000e+00,0.000000000000000000e+00,-3.328995723618187186e-01,2.203554652831193117e+00
