2.511392452043462509e+00,0.000000000000000000e+00,-1.521939261355412243e-01,-0.000000000000000000e+00,-0.000000000000000000e+00,-0.000000000000000000e+00,-0.000000000000000000e+00,1.069450782202478467e-01,-7.330999215034850192e-02,-0.000000000000000000e+00,0.000000000000000000e+00,1.865823760553439736e-01,0.000000000000000000e+00,-0.000000000000000000e+00,-2.305854225878511965e-01,-2.402677065792324373e-01,0.000000000000000000e+00,-0.000000000000000000e+00,0.000000000000000000e+00,-1.123769194079745348e-01,-1.853010623520893740e-01,-0.000000000000000000e+00,0.000000000000000000e+00,0.000000000000000000e+00,0.000000000000000000e+00,-8.496689887561297005e-02,0.000000000000000000e+00,-9.325766731159156053e-02,-5.001287410432299074e-01,-0.000000000000000000e+00,-0.000000000000000000e+00,0.000000000000000000e+00,-1.956824240815933924e-01,-0.000000000000000000e+00,1.382590788240714019e-01,0.000000000000000000e+00,0.000000000000000000e+00,-3.700329236446552872e-01,0.000000000000000000e+00
0.000000000000000000e+00,1.258582090843521240e+00,0.000000000000000000e+00,0.000000000000000000e+00,0.000000000000000000e+00,-0.000000000000000000e+00,0.000000000000000000e+00,-0.000000000000000000e+00,2.814262962797672504e-02,0.000000000000000000e+00,-0.000000000000000000e+00,-0.000000000000000000e+00,-0.000000000000000000e+00,3.031502776761124673e-02,4.164220912927107249e-02,4.465832842355202392e-02,-0.000000000000000000e+00,1.161098413189552009e-01,-0.000000000000000000e+00,0.000000000000000000e+00,0.000000000000000000e+00,7.485215858197673267e-02,-0.000000000000000000e+00,-1.663655609394550927e-01,-0.000000000000000000e+00,9.859192230309785088e-02,1.243399816325598539e-01,0.000000000000000000e+00,0.000000000000000000e+00,0.000000000000000000e+00,2.690262238694009558e-02,-0.000000000000000000e+00,0.000000000000000000e+00,0.000000000000000000e+00,-0.000000000000000000e+00,-0.000000000000000000e+00,-1.916501601651855458e-01,0.000000000000000000e+00,-9.027359660368824285e-04
-1.521939261355412243e-01,0.000000000000000000e+00,2.754307120077092108e+00,-0.000000000000000000e+00,-0.000000000000000000e+00,-0.000000000000000000e+00,-0.000000000000000000e+00,7.725999656961839435e-01,-0.000000000000000000e+00,-0.000000000000000000e+00,0.000000000000000000e+00,0.000000000000000000e+00,0.000000000000000000e+00,-0.000000000000000000e+00,-9.410683981791537200e-02,-2.415620388500127613e-01,0.000000000000000000e+00,-2.030315898131673791e-01,0.000000000000000000e+00,-1.951772964075141614e-01,-2.192675416822801038e-01,-2.456873629980757812e-01,0.000000000000000000e+00,0.000000000000000000e+00,0.000000000000000000e+00,-3.255649396001899371e-02,0.000000000000000000e+00,-1.794858150307073741e-01,-4.626281723026819809e-02,-2.046314002205596727e-01,-0.000000000000000000e+00,0.000000000000000000e+00,-3.022135815051054664e-01,-0.000000000000000000e+00,5.271027256895721019e-02,-0.000000000000000000e+00,0.000000000000000000e+00,-9.043787414225926136e-02,0.000000000000000000e+00
-0.000000000000000000e+00,0.000000000000000000e+00,-0.000000000000000000e+00,1.128582659357705742e+00,-0.000000000000000000e+00,-0.000000000000000000e+00,-3.265233122912111763e-01,0.000000000000000000e+00,-0.000000000000000000e+00,-0.000000000000000000e+00,-0.000000000000000000e+00,-0.000000000000000000e+00,-0.000000000000000000e+00,1.821925500534406495e-01,-0.000000000000000000e+00,-0.000000000000000000e+00,0.000000000000000000e+00,-0.000000000000000000e+00,0.000000000000000000e+00,0.000000000000000000e+00,-0.000000000000000000e+00,-0.000000000000000000e+00,-0.000000000000000000e+00,-0.000000000000000000e+00,-0.000000000000000000e+00,-0.000000000000000000e+00,0.000000000000000000e+00,0.000000000000000000e+00,-0.000000000000000000e+00,-0.000000000000000000e+00,1.682559919269118257e-02,0.000000000000000000e+00,-0.000000000000000000e+00,0.000000000000000000e+00,0.000000000000000000e+00,0.000000000000000000e+00,0.000000000000000000e+00,-0.000000000000000000e+00,-0.000000000000000000e+00
-0.000000000000000000e+00,0.000000000000000000e+00,-0.000000000000000000e+00,-0.000000000000000000e+00,1.164722554207936689e+00,-0.000000000000000000e+00,-2.728238705360578470e-02,0.000000000000000000e+00,-1.964468036354023450e-01,-0.000000000000000000e+00,0.000000000000000000e+00,0.000000000000000000e+00,-0.000000000000000000e+00,-0.000000000000000000e+00,-0.000000000000000000e+00,-0.000000000000000000e+00,0.000000000000000000e+00,-3.827045836567417175e-02,-7.040807881674754354e-02,-0.000000000000000000e+00,-0.000000000000000000e+00,-0.000000000000000000e+00,-0.000000000000000000e+00,-0.000000000000000000e+00,-0.000000000000000000e+00,-4.297103984613467875e-02,-0.000000000000000000e+00,-0.000000000000000000e+00,-0.000000000000000000e+00,-0.000000000000000000e+00,0.000000000000000000e+00,0.000000000000000000e+00,-3.856361448893331351e-02,-2.400078613285147044e-01,0.000000000000000000e+00,-0.000000000000000000e+00,0.000000000000000000e+00,-3.766492001806484580e-02,-0.000000000000000000e+00
-0.000000000000000000e+00,-0.000000000000000000e+00,-0.000000000000000000e+00,-0.000000000000000000e+00,-0.000000000000000000e+00,1.057847613191695624e+00,-0.000000000000000000e+00,0.000000000000000000e+00,-1.953234581322057795e-01,-0.000000000000000000e+00,0.000000000000000000e+00,0.000000000000000000e+00,-0.000000000000000000e+00,0.000000000000000000e+00,-0.000000000000000000e+00,-0.000000000000000000e+00,0.000000000000000000e+00,0.000000000000000000e+00,0.000000000000000000e+00,0.000000000000000000e+00,-0.000000000000000000e+00,-0.000000000000000000e+00,0.000000000000000000e+00,-1.902140788064725641e-01,-0.000000000000000000e+00,-0.000000000000000000e+00,0.000000000000000000e+00,-0.000000000000000000e+00,-0.000000000000000000e+00,-0.000000000000000000e+00,0.000000000000000000e+00,0.000000000000000000e+00,-0.000000000000000000e+00,0.000000000000000000e+00,0.000000000000000000e+00,-0.000000000000000000e+00,-0.000000000000000000e+00,-0.000000000000000000e+00,0.000000000000000000e+00
-0.000000000000000000e+00,0.000000000000000000e+00,-0.000000000000000000e+00,-3.265233122912111763e-01,-2.728238705360578470e-02,-0.000000000000000000e+00,1.103106917293953382e+00,0.000000000000000000e+00,-0.000000000000000000e+00,-0.000000000000000000e+00,0.000000000000000000e+00,2.825756361877751130e-02,0.000000000000000000e+00,0.000000000000000000e+00,-0.000000000000000000e+00,-0.000000000000000000e+00,0.000000000000000000e+00,-0.000000000000000000e+00,0.000000000000000000e+00,-0.000000000000000000e+00,-0.000000000000000000e+00,-4.078588603837447757e-02,-0.000000000000000000e+00,-0.000000000000000000e+00,-0.000000000000000000e+00,-0.000000000000000000e+00,0.000000000000000000e+00,-0.000000000000000000e+00,-0.000000000000000000e+00,-0.000000000000000000e+00,0.000000000000000000e+00,0.000000000000000000e+00,-0.000000000000000000e+00,-0.000000000000000000e+00,0.000000000000000000e+00,0.000000000000000000e+00,0.000000000000000000e+00,-4.279466350611559750e-02,-0.000000000000000000e+00
1.069450782202478467e-01,-0.000000000000000000e+00,7.725999656961839435e-01,0.000000000000000000e+00,0.000000000000000000e+00,0.000000000000000000e+00,0.000000000000000000e+00,2.172276152147148309e+00,0.000000000000000000e+00,0.000000000000000000e+00,-0.000000000000000000e+00,-0.000000000000000000e+00,-0.000000000000000000e+00,0.000000000000000000e+00,0.000000000000000000e+00,1.387791651898536149e-01,-0.000000000000000000e+00,1.011988075779814839e-01,0.000000000000000000e+00,1.193648768436108148e-01,2.396352421191990378e-01,7.636830413104207793e-02,-0.000000000000000000e+00,-0.000000000000000000e+00,-0.000000000000000000e+00,0.000000000000000000e+00,-0.000000000000000000e+00,6.885108163191513975e-02,0.000000000000000000e+00,1.452171625698867596e-01,0.000000000000000000e+00,-0.000000000000000000e+00,2.788213979858131797e-01,0.000000000000000000e+00,-0.000000000000000000e+00,0.000000000000000000e+00,-0.000000000000000000e+00,0.000000000000000000e+00,-0.000000000000000000e+00
-7.330999215034850192e-02,2.814262962797672504e-02,-0.000000000000000000e+00,-0.000000000000000000e+00,-1.964468036354023450e-01,-1.953234581322057795e-01,-0.000000000000000000e+00,0.000000000000000000e+00,1.669434711116324355e+00,-3.430127206810573148e-01,0.000000000000000000e+00,1.765194195274867942e-02,0.000000000000000000e+00,-0.000000000000000000e+00,-5.615975250840550201e-03,-3.076526103124946898e-01,0.000000000000000000e+00,-0.000000000000000000e+00,0.000000000000000000e+00,-0.000000000000000000e+00,-0.000000000000000000e+00,-1.978886905301695948e-02,0.000000000000000000e+00,0.000000000000000000e+00,0.000000000000000000e+00,-5.750413601968652061e-02,0.000000000000000000e+00,-8.796329199562376300e-02,-0.000000000000000000e+00,-1.134155404554693519e-01,-0.000000000000000000e+00,7.426128742044503517e-02,-1.182541147716871244e-01,-1.152638354442879626e-01,2.880037038948690328e-02,-0.000000000000000000e+00,0.000000000000000000e+00,-1.209581121216091321e-01,0.000000000000000000e+00
-0.000000000000000000e+00,0.000000000000000000e+00,-0.000000000000000000e+00,-0.000000000000000000e+00,-0.000000000000000000e+00,-0.000000000000000000e+00,-0.000000000000000000e+00,0.000000000000000000e+00,-3.430127206810573148e-01,1.195196325665983439e+00,0.000000000000000000e+00,0.000000000000000000e+00,0.000000000000000000e+00,-0.000000000000000000e+00,-0.000000000000000000e+00,-1.314122214199241190e-01,0.000000000000000000e+00,-0.000000000000000000e+00,0.000000000000000000e+00,-0.000000000000000000e+00,-0.000000000000000000e+00,-2.552318684738748289e-02,0.000000000000000000e+00,0.000000000000000000e+00,-0.000000000000000000e+00,-0.000000000000000000e+00,0.000000000000000000e+00,-0.000000000000000000e+00,-0.000000000000000000e+00,-1.021273351866897189e-01,-0.000000000000000000e+00,0.000000000000000000e+00,-0.000000000000000000e+00,-0.000000000000000000e+00,0.000000000000000000e+00,-0.000000000000000000e+00,0.000000000000000000e+00,-0.000000000000000000e+00,0.000000000000000000e+00
0.000000000000000000e+00,-0.000000000000000000e+00,0.000000000000000000e+00,-0.000000000000000000e+00,0.000000000000000000e+00,0.000000000000000000e+00,0.000000000000000000e+00,-0.000000000000000000e+00,0.000000000000000000e+00,0.000000000000000000e+00,1.331339738850500387e+00,-0.000000000000000000e+00,-0.000000000000000000e+00,0.000000000000000000e+00,0.000000000000000000e+00,0.000000000000000000e+00,-0.000000000000000000e+00,0.000000000000000000e+00,-0.000000000000000000e+00,0.000000000000000000e+00,0.000000000000000000e+00,0.000000000000000000e+00,-2.202409525737156482e-01,-0.000000000000000000e+00,-5.265044951250998917e-01,0.000000000000000000e+00,0.000000000000000000e+00,0.000000000000000000e+00,0.000000000000000000e+00,0.000000000000000000e+00,0.000000000000000000e+00,-0.000000000000000000e+00,0.000000000000000000e+00,0.000000000000000000e+00,-0.000000000000000000e+00,0.000000000000000000e+00,-0.000000000000000000e+00,0.000000000000000000e+00,-0.000000000000000000e+00
1.865823760553439736e-01,-0.000000000000000000e+00,0.000000000000000000e+00,-0.000000000000000000e+00,0.000000000000000000e+00,0.000000000000000000e+00,2.825756361877751130e-02,-0.000000000000000000e+00,1.765194195274867942e-02,0.000000000000000000e+00,-0.000000000000000000e+00,1.287484509762533591e+00,-0.000000000000000000e+00,1.142109429113727925e-01,0.000000000000000000e+00,0.000000000000000000e+00,-0.000000000000000000e+00,0.000000000000000000e+00,-0.000000000000000000e+00,5.742121963415806191e-02,1.082884279825518520e-01,0.000000000000000000e+00,-0.000000000000000000e+00,0.000000000000000000e+00,-0.000000000000000000e+00,0.000000000000000000e+00,-0.000000000000000000e+00,1.160329578275550444e-01,0.000000000000000000e+00,0.000000000000000000e+00,0.000000000000000000e+00,-2.828408625304077995e-01,0.000000000000000000e+00,0.000000000000000000e+00,-2.303828407183303867e-02,-0.000000000000000000e+00,-2.618973796726635321e-03,0.000000000000000000e+00,-1.292251731575954909e-01
0.000000000000000000e+00,-0.000000000000000000e+00,0.000000000000000000e+00,-0.000000000000000000e+00,-0.000000000000000000e+00,-0.000000000000000000e+00,0.000000000000000000e+00,-0.000000000000000000e+00,0.000000000000000000e+00,0.000000000000000000e+00,-0.000000000000000000e+00,-0.000000000000000000e+00,1.391234476408079512e+00,1.833647005997368282e-02,0.000000000000000000e+00,0.000000000000000000e+00,-0.000000000000000000e+00,0.000000000000000000e+00,-0.000000000000000000e+00,1.556996207149242417e-01,0.000000000000000000e+00,0.000000000000000000e+00,-0.000000000000000000e+00,-0.000000000000000000e+00,-0.000000000000000000e+00,0.000000000000000000e+00,-0.000000000000000000e+00,0.000000000000000000e+00,0.000000000000000000e+00,0.000000000000000000e+00,6.839922885029549038e-01,-0.000000000000000000e+00,0.000000000000000000e+00,0.000000000000000000e+00,0.000000000000000000e+00,0.000000000000000000e+00,0.000000000000000000e+00,0.000000000000000000e+00,-0.000000000000000000e+00
-0.000000000000000000e+00,3.031502776761124673e-02,-0.000000000000000000e+00,1.821925500534406495e-01,-0.000000000000000000e+00,0.000000000000000000e+00,0.000000000000000000e+00,0.000000000000000000e+00,-0.000000000000000000e+00,-0.000000000000000000e+00,0.000000000000000000e+00,1.142109429113727925e-01,1.833647005997368282e-02,1.215673714745185707e+00,-0.000000000000000000e+00,-0.000000000000000000e+00,0.000000000000000000e+00,-0.000000000000000000e+00,-0.000000000000000000e+00,-7.342405215505980187e-02,-0.000000000000000000e+00,-0.000000000000000000e+00,0.000000000000000000e+00,0.000000000000000000e+00,0.000000000000000000e+00,-2.529854035048810790e-01,-0.000000000000000000e+00,-3.284003910552185657e-02,-0.000000000000000000e+00,-0.000000000000000000e+00,-1.820057755992423587e-01,0.000000000000000000e+00,-0.000000000000000000e+00,-0.000000000000000000e+00,0.000000000000000000e+00,-0.000000000000000000e+00,0.000000000000000000e+00,-0.000000000000000000e+00,4.849999005991148526e-02
-2.305854225878511965e-01,4.164220912927107249e-02,-9.410683981791537200e-02,-0.000000000000000000e+00,-0.000000000000000000e+00,-0.000000000000000000e+00,-0.000000000000000000e+00,0.000000000000000000e+00,-5.615975250840550201e-03,-0.000000000000000000e+00,0.000000000000000000e+00,0.000000000000000000e+00,0.000000000000000000e+00,-0.000000000000000000e+00,2.406342162819369079e+00,-2.544437115807610672e-01,0.000000000000000000e+00,-1.599634932685492783e-01,0.000000000000000000e+00,-1.305305426980120920e-01,-0.000000000000000000e+00,-5.505279899758911549e-02,8.009245975400926254e-02,2.099737449691582436e-01,0.000000000000000000e+00,-4.850355154657500778e-01,-0.000000000000000000e+00,-3.578290111156414571e-02,-2.350206718268250117e-01,-9.502993973615012080e-02,-0.000000000000000000e+00,0.000000000000000000e+00,-2.877286448609818123e-02,-7.436657201070906442e-02,1.930137385325563781e-01,-0.000000000000000000e+00,1.333917576759507118e-01,-1.688139942020111250e-01,0.000000000000000000e+00
-2.402677065792324373e-01,4.465832842355202392e-02,-2.415620388500127613e-01,-0.000000000000000000e+00,-0.000000000000000000e+00,-0.000000000000000000e+00,-0.000000000000000000e+00,1.387791651898536149e-01,-3.076526103124946898e-01,-1.314122214199241190e-01,0.000000000000000000e+00,0.000000000000000000e+00,0.000000000000000000e+00,-0.000000000000000000e+00,-2.544437115807610672e-01,2.169329675550700109e+00,0.000000000000000000e+00,-4.864488263754967318e-02,0.000000000000000000e+00,-9.506349375612907493e-02,-3.373958469653137032e-02,-3.710215632796765289e-03,0.000000000000000000e+00,0.000000000000000000e+00,0.000000000000000000e+00,-1.847892603206108264e-01,0.000000000000000000e+00,-1.200965459575337180e-01,-0.000000000000000000e+00,-1.227283053357303318e-02,-0.000000000000000000e+00,0.000000000000000000e+00,-1.716992533671487520e-01,-0.000000000000000000e+00,0.000000000000000000e+00,-0.000000000000000000e+00,0.000000000000000000e+00,-2.016138815649230476e-01,0.000000000000000000e+00
0.000000000000000000e+00,-0.000000000000000000e+00,0.000000000000000000e+00,0.000000000000000000e+00,0.000000000000000000e+00,0.000000000000000000e+00,0.000000000000000000e+00,-0.000000000000000000e+00,0.000000000000000000e+00,0.000000000000000000e+00,-0.000000000000000000e+00,-0.000000000000000000e+00,-0.000000000000000000e+00,0.000000000000000000e+00,0.000000000000000000e+00,0.000000000000000000e+00,1.134293144012231025e+00,0.000000000000000000e+00,0.000000000000000000e+00,0.000000000000000000e+00,0.000000000000000000e+00,0.000000000000000000e+00,-2.675065559977331253e-02,-0.000000000000000000e+00,-1.630292563692937735e-01,0.000000000000000000e+00,0.000000000000000000e+00,0.000000000000000000e+00,3.010221833697773186e-01,0.000000000000000000e+00,0.000000000000000000e+00,-0.000000000000000000e+00,0.000000000000000000e+00,0.000000000000000000e+00,-0.000000000000000000e+00,0.000000000000000000e+00,-0.000000000000000000e+00,0.000000000000000000e+00,0.000000000000000000e+00
-0.000000000000000000e+00,1.161098413189552009e-01,-2.030315898131673791e-01,-0.000000000000000000e+00,-3.827045836567417175e-02,0.000000000000000000e+00,-0.000000000000000000e+00,1.011988075779814839e-01,-0.000000000000000000e+00,-0.000000000000000000e+00,0.000000000000000000e+00,0.000000000000000000e+00,0.000000000000000000e+00,-0.000000000000000000e+00,-1.599634932685492783e-01,-4.864488263754967318e-02,0.000000000000000000e+00,1.586948618923865073e+00,-3.235735671474638808e-01,-0.000000000000000000e+00,-0.000000000000000000e+00,-0.000000000000000000e+00,0.000000000000000000e+00,8.809483658762827518e-02,0.000000000000000000e+00,-1.773887504109240287e-01,-0.000000000000000000e+00,-1.382562339036345206e-02,-0.000000000000000000e+00,-0.000000000000000000e+00,-0.000000000000000000e+00,0.000000000000000000e+00,-0.000000000000000000e+00,-3.774832577797627986e-02,0.000000000000000000e+00,-0.000000000000000000e+00,1.149872268738951209e-01,-1.398191213487433027e-01,-0.000000000000000000e+00
0.000000000000000000e+00,-0.000000000000000000e+00,0.000000000000000000e+00,0.000000000000000000e+00,-7.040807881674754354e-02,0.000000000000000000e+00,0.000000000000000000e+00,0.000000000000000000e+00,0.000000000000000000e+00,0.000000000000000000e+00,-0.000000000000000000e+00,-0.000000000000000000e+00,-0.000000000000000000e+00,-0.000000000000000000e+00,0.000000000000000000e+00,0.000000000000000000e+00,0.000000000000000000e+00,-3.235735671474638808e-01,1.121460139662117994e+00,0.000000000000000000e+00,0.000000000000000000e+00,0.000000000000000000e+00,-0.000000000000000000e+00,0.000000000000000000e+00,-0.000000000000000000e+00,0.000000000000000000e+00,-0.000000000000000000e+00,0.000000000000000000e+00,0.000000000000000000e+00,0.000000000000000000e+00,0.000000000000000000e+00,-0.000000000000000000e+00,0.000000000000000000e+00,-9.012560866139928198e-03,-0.000000000000000000e+00,-3.953766468310218607e-02,0.000000000000000000e+00,0.000000000000000000e+00,-1.248174657633097234e-01
-1.123769194079745348e-01,0.000000000000000000e+00,-1.951772964075141614e-01,0.000000000000000000e+00,-0.000000000000000000e+00,0.000000000000000000e+00,-0.000000000000000000e+00,1.193648768436108148e-01,-0.000000000000000000e+00,-0.000000000000000000e+00,0.000000000000000000e+00,5.742121963415806191e-02,1.556996207149242417e-01,-7.342405215505980187e-02,-1.305305426980120920e-01,-9.506349375612907493e-02,0.000000000000000000e+00,-0.000000000000000000e+00,0.000000000000000000e+00,1.623585984877053523e+00,-1.460922486319490010e-01,-5.929732145989062564e-02,0.000000000000000000e+00,0.000000000000000000e+00,0.000000000000000000e+00,-5.494703217904919196e-02,0.000000000000000000e+00,-1.595524697282508231e-01,-9.143768181238701165e-02,-0.000000000000000000e+00,-5.740014296349235656e-02,0.000000000000000000e+00,-0.000000000000000000e+00,-0.000000000000000000e+00,0.000000000000000000e+00,0.000000000000000000e+00,0.000000000000000000e+00,-0.000000000000000000e+00,5.548135643128573880e-02
-1.853010623520893740e-01,0.000000000000000000e+00,-2.192675416822801038e-01,-0.000000000000000000e+00,-0.000000000000000000e+00,-0.000000000000000000e+00,-0.000000000000000000e+00,2.396352421191990378e-01,-0.000000000000000000e+00,-0.000000000000000000e+00,0.000000000000000000e+00,1.082884279825518520e-01,0.000000000000000000e+00,-0.000000000000000000e+00,-0.000000000000000000e+00,-3.373958469653137032e-02,0.000000000000000000e+00,-0.000000000000000000e+00,0.000000000000000000e+00,-1.460922486319490010e-01,1.973985698983271808e+00,-0.000000000000000000e+00,0.000000000000000000e+00,0.000000000000000000e+00,0.000000000000000000e+00,-0.000000000000000000e+00,0.000000000000000000e+00,-5.775716353619501225e-02,-2.037241015215413564e-01,-7.293749381422237089e-03,-0.000000000000000000e+00,0.000000000000000000e+00,-4.718340942254968806e-01,-0.000000000000000000e+00,0.000000000000000000e+00,-0.000000000000000000e+00,0.000000000000000000e+00,-1.493287256716757105e-01,0.000000000000000000e+00
-0.000000000000000000e+00,7.485215858197673267e-02,-2.456873629980757812e-01,-0.000000000000000000e+00,-0.000000000000000000e+00,-0.000000000000000000e+00,-4.078588603837447757e-02,7.636830413104207793e-02,-1.978886905301695948e-02,-2.552318684738748289e-02,0.000000000000000000e+00,0.000000000000000000e+00,0.000000000000000000e+00,-0.000000000000000000e+00,-5.505279899758911549e-02,-3.710215632796765289e-03,0.000000000000000000e+00,-0.000000000000000000e+00,0.000000000000000000e+00,-5.929732145989062564e-02,-0.000000000000000000e+00,1.459568469326840257e+00,0.000000000000000000e+00,1.518449853881178452e-02,0.000000000000000000e+00,-5.407392861982979887e-02,-0.000000000000000000e+00,-2.164691153420722491e-01,-0.000000000000000000e+00,-5.789237486333880661e-02,-0.000000000000000000e+00,0.000000000000000000e+00,-4.208472295127119178e-02,-0.000000000000000000e+00,1.787409347477437738e-01,-0.000000000000000000e+00,0.000000000000000000e+00,-0.000000000000000000e+00,0.000000000000000000e+00
0.000000000000000000e+00,-0.000000000000000000e+00,0.000000000000000000e+00,-0.000000000000000000e+00,-0.000000000000000000e+00,0.000000000000000000e+00,-0.000000000000000000e+00,-0.000000000000000000e+00,0.000000000000000000e+00,0.000000000000000000e+00,-2.202409525737156482e-01,-0.000000000000000000e+00,-0.000000000000000000e+00,0.000000000000000000e+00,8.009245975400926254e-02,0.000000000000000000e+00,-2.675065559977331253e-02,0.000000000000000000e+00,-0.000000000000000000e+00,0.000000000000000000e+00,0.000000000000000000e+00,0.000000000000000000e+00,1.520690688566027404e+00,-1.829353616878048594e-01,-5.179850134603045664e-01,2.632833364463017453e-02,0.000000000000000000e+00,3.346022510442813597e-02,2.246450246429410880e-01,0.000000000000000000e+00,4.149110519888164761e-02,0.000000000000000000e+00,0.000000000000000000e+00,0.000000000000000000e+00,-0.000000000000000000e+00,0.000000000000000000e+00,-0.000000000000000000e+00,0.000000000000000000e+00,-0.000000000000000000e+00
0.000000000000000000e+00,-1.663655609394550927e-01,0.000000000000000000e+00,-0.000000000000000000e+00,-0.000000000000000000e+00,-1.902140788064725641e-01,-0.000000000000000000e+00,-0.000000000000000000e+00,0.000000000000000000e+00,0.000000000000000000e+00,-0.000000000000000000e+00,0.000000000000000000e+00,-0.000000000000000000e+00,0.000000000000000000e+00,2.099737449691582436e-01,0.000000000000000000e+00,-0.000000000000000000e+00,8.809483658762827518e-02,0.000000000000000000e+00,0.000000000000000000e+00,0.000000000000000000e+00,1.518449853881178452e-02,-1.829353616878048594e-01,1.361811481545352365e+00,-9.773286399297909099e-02,0.000000000000000000e+00,0.000000000000000000e+00,0.000000000000000000e+00,0.000000000000000000e+00,0.000000000000000000e+00,1.732112392425458613e-01,0.000000000000000000e+00,0.000000000000000000e+00,0.000000000000000000e+00,-0.000000000000000000e+00,0.000000000000000000e+00,-1.914448741414792876e-01,0.000000000000000000e+00,-0.000000000000000000e+00
0.000000000000000000e+00,-0.000000000000000000e+00,0.000000000000000000e+00,-0.000000000000000000e+00,-0.000000000000000000e+00,-0.000000000000000000e+00,-0.000000000000000000e+00,-0.000000000000000000e+00,0.000000000000000000e+00,-0.000000000000000000e+00,-5.265044951250998917e-01,-0.000000000000000000e+00,-0.000000000000000000e+00,0.000000000000000000e+00,0.000000000000000000e+00,0.000000000000000000e+00,-1.630292563692937735e-01,0.000000000000000000e+00,-0.000000000000000000e+00,0.000000000000000000e+00,0.000000000000000000e+00,0.000000000000000000e+00,-5.179850134603045664e-01,-9.773286399297909099e-02,1.580443633584699858e+00,0.000000000000000000e+00,0.000000000000000000e+00,0.000000000000000000e+00,5.113313226813686468e-02,0.000000000000000000e+00,0.000000000000000000e+00,0.000000000000000000e+00,0.000000000000000000e+00,0.000000000000000000e+00,-0.000000000000000000e+00,0.000000000000000000e+00,-0.000000000000000000e+00,0.000000000000000000e+00,-0.000000000000000000e+00
-8.496689887561297005e-02,9.859192230309785088e-02,-3.255649396001899371e-02,-0.000000000000000000e+00,-4.297103984613467875e-02,-0.000000000000000000e+00,-0.000000000000000000e+00,0.000000000000000000e+00,-5.750413601968652061e-02,-0.000000000000000000e+00,0.000000000000000000e+00,0.000000000000000000e+00,0.000000000000000000e+00,-2.529854035048810790e-01,-4.850355154657500778e-01,-1.847892603206108264e-01,0.000000000000000000e+00,-1.773887504109240287e-01,0.000000000000000000e+00,-5.494703217904919196e-02,-0.000000000000000000e+00,-5.407392861982979887e-02,2.632833364463017453e-02,0.000000000000000000e+00,0.000000000000000000e+00,2.249648239159384833e+00,-0.000000000000000000e+00,-3.396479662980151359e-01,-8.831419710325409678e-03,-1.236978724326652096e-01,-0.000000000000000000e+00,0.000000000000000000e+00,-2.031310086276845173e-01,-0.000000000000000000e+00,2.390100257306817244e-01,-0.000000000000000000e+00,0.000000000000000000e+00,-1.142816146905599115e-02,0.000000000000000000e+00
0.000000000000000000e+00,1.243399816325598539e-01,0.000000000000000000e+00,0.000000000000000000e+00,-0.000000000000000000e+00,0.000000000000000000e+00,0.000000000000000000e+00,-0.000000000000000000e+00,0.000000000000000000e+00,0.000000000000000000e+00,0.000000000000000000e+00,-0.000000000000000000e+00,-0.000000000000000000e+00,-0.000000000000000000e+00,-0.000000000000000000e+00,0.000000000000000000e+00,0.000000000000000000e+00,-0.000000000000000000e+00,-0.000000000000000000e+00,0.000000000000000000e+00,0.000000000000000000e+00,-0.000000000000000000e+00,0.000000000000000000e+00,0.000000000000000000e+00,0.000000000000000000e+00,-0.000000000000000000e+00,1.059313860038606725e+00,0.000000000000000000e+00,0.000000000000000000e+00,0.000000000000000000e+00,-0.000000000000000000e+00,0.000000000000000000e+00,0.000000000000000000e+00,-7.363422127654613292e-02,0.000000000000000000e+00,0.000000000000000000e+00,1.448988300986277789e-01,0.000000000000000000e+00,0.000000000000000000e+00
-9.325766731159156053e-02,0.000000000000000000e+00,-1.794858150307073741e-01,0.000000000000000000e+00,-0.000000000000000000e+00,-0.000000000000000000e+00,-0.000000000000000000e+00,6.885108163191513975e-02,-8.796329199562376300e-02,-0.000000000000000000e+00,0.000000000000000000e+00,1.160329578275550444e-01,0.000000000000000000e+00,-3.284003910552185657e-02,-3.578290111156414571e-02,-1.200965459575337180e-01,0.000000000000000000e+00,-1.382562339036345206e-02,0.000000000000000000e+00,-1.595524697282508231e-01,-5.775716353619501225e-02,-2.164691153420722491e-01,3.346022510442813597e-02,0.000000000000000000e+00,0.000000000000000000e+00,-3.396479662980151359e-01,0.000000000000000000e+00,2.127679175617830154e+00,-2.556589749994563898e-01,-0.000000000000000000e+00,-0.000000000000000000e+00,0.000000000000000000e+00,-1.160811926687761314e-01,-0.000000000000000000e+00,1.657355109331442866e-01,-0.000000000000000000e+00,0.000000000000000000e+00,-1.215135333862233102e-01,0.000000000000000000e+00
-5.001287410432299074e-01,0.000000000000000000e+00,-4.626281723026819809e-02,-0.000000000000000000e+00,-0.000000000000000000e+00,-0.000000000000000000e+00,-0.000000000000000000e+00,0.000000000000000000e+00,-0.000000000000000000e+00,-0.000000000000000000e+00,0.000000000000000000e+00,0.000000000000000000e+00,0.000000000000000000e+00,-0.000000000000000000e+00,-2.350206718268250117e-01,-0.000000000000000000e+00,3.010221833697773186e-01,-0.000000000000000000e+00,0.000000000000000000e+00,-9.143768181238701165e-02,-2.037241015215413564e-01,-0.000000000000000000e+00,2.246450246429410880e-01,0.000000000000000000e+00,5.113313226813686468e-02,-8.831419710325409678e-03,0.000000000000000000e+00,-2.556589749994563898e-01,2.186432486074491255e+00,-0.000000000000000000e+00,-0.000000000000000000e+00,0.000000000000000000e+00,-0.000000000000000000e+00,-0.000000000000000000e+00,1.897259285643174420e-01,-0.000000000000000000e+00,9.715191124364581932e-02,-1.904424194304486506e-01,0.000000000000000000e+00
-0.000000000000000000e+00,0.000000000000000000e+00,-2.046314002205596727e-01,-0.000000000000000000e+00,-0.000000000000000000e+00,-0.000000000000000000e+00,-0.000000000000000000e+00,1.452171625698867596e-01,-1.134155404554693519e-01,-1.021273351866897189e-01,0.000000000000000000e+00,0.000000000000000000e+00,0.000000000000000000e+00,-0.000000000000000000e+00,-9.502993973615012080e-02,-1.227283053357303318e-02,0.000000000000000000e+00,-0.000000000000000000e+00,0.000000000000000000e+00,-0.000000000000000000e+00,-7.293749381422237089e-03,-5.789237486333880661e-02,0.000000000000000000e+00,0.000000000000000000e+00,0.000000000000000000e+00,-1.236978724326652096e-01,0.000000000000000000e+00,-0.000000000000000000e+00,-0.000000000000000000e+00,1.351873557125879755e+00,-0.000000000000000000e+00,0.000000000000000000e+00,-8.966321387386484709e-02,-0.000000000000000000e+00,0.000000000000000000e+00,-0.000000000000000000e+00,0.000000000000000000e+00,-0.000000000000000000e+00,0.000000000000000000e+00
-0.000000000000000000e+00,2.690262238694009558e-02,-0.000000000000000000e+00,1.682559919269118257e-02,0.000000000000000000e+00,0.000000000000000000e+00,0.000000000000000000e+00,0.000000000000000000e+00,-0.000000000000000000e+00,-0.000000000000000000e+00,0.000000000000000000e+00,0.000000000000000000e+00,6.839922885029549038e-01,-1.820057755992423587e-01,-0.000000000000000000e+00,-0.000000000000000000e+00,0.000000000000000000e+00,-0.000000000000000000e+00,0.000000000000000000e+00,-5.740014296349235656e-02,-0.000000000000000000e+00,-0.000000000000000000e+00,4.149110519888164761e-02,1.732112392425458613e-01,0.000000000000000000e+00,-0.000000000000000000e+00,-0.000000000000000000e+00,-0.000000000000000000e+00,-0.000000000000000000e+00,-0.000000000000000000e+00,1.457670865630562362e+00,-0.000000000000000000e+00,-0.000000000000000000e+00,-0.000000000000000000e+00,-0.000000000000000000e+00,-0.000000000000000000e+00,0.000000000000000000e+00,-0.000000000000000000e+00,9.079039722335518342e-03
0.000000000000000000e+00,-0.000000000000000000e+00,0.000000000000000000e+00,0.000000000000000000e+00,0.000000000000000000e+00,0.000000000000000000e+00,0.000000000000000000e+00,-0.000000000000000000e+00,7.426128742044503517e-02,0.000000000000000000e+00,-0.000000000000000000e+00,-2.828408625304077995e-01,-0.000000000000000000e+00,0.000000000000000000e+00,0.000000000000000000e+00,0.000000000000000000e+00,-0.000000000000000000e+00,0.000000000000000000e+00,-0.000000000000000000e+00,0.000000000000000000e+00,0.000000000000000000e+00,0.000000000000000000e+00,0.000000000000000000e+00,0.000000000000000000e+00,0.000000000000000000e+00,0.000000000000000000e+00,0.000000000000000000e+00,0.000000000000000000e+00,0.000000000000000000e+00,0.000000000000000000e+00,-0.000000000000000000e+00,1.134428211569270095e+00,0.000000000000000000e+00,0.000000000000000000e+00,-0.000000000000000000e+00,-0.000000000000000000e+00,-1.697503556603782993e-01,0.000000000000000000e+00,-0.000000000000000000e+00
-1.956824240815933924e-01,0.000000000000000000e+00,-3.022135815051054664e-01,-0.000000000000000000e+00,-3.856361448893331351e-02,-0.000000000000000000e+00,-0.000000000000000000e+00,2.788213979858131797e-01,-1.182541147716871244e-01,-0.000000000000000000e+00,0.000000000000000000e+00,0.000000000000000000e+00,0.000000000000000000e+00,-0.000000000000000000e+00,-2.877286448609818123e-02,-1.716992533671487520e-01,0.000000000000000000e+00,-0.000000000000000000e+00,0.000000000000000000e+00,-0.000000000000000000e+00,-4.718340942254968806e-01,-4.208472295127119178e-02,0.000000000000000000e+00,0.000000000000000000e+00,0.000000000000000000e+00,-2.031310086276845173e-01,0.000000000000000000e+00,-1.160811926687761314e-01,-0.000000000000000000e+00,-8.966321387386484709e-02,-0.000000000000000000e+00,0.000000000000000000e+00,2.309739481167302877e+00,-0.000000000000000000e+00,1.119637011484739958e-01,-0.000000000000000000e+00,0.000000000000000000e+00,-1.788123459736155607e-01,0.000000000000000000e+00
-0.000000000000000000e+00,0.000000000000000000e+00,-0.000000000000000000e+00,0.000000000000000000e+00,-2.400078613285147044e-01,0.000000000000000000e+00,-0.000000000000000000e+00,0.000000000000000000e+00,-1.152638354442879626e-01,-0.000000000000000000e+00,0.000000000000000000e+00,0.000000000000000000e+00,0.000000000000000000e+00,-0.000000000000000000e+00,-7.436657201070906442e-02,-0.000000000000000000e+00,0.000000000000000000e+00,-3.774832577797627986e-02,-9.012560866139928198e-03,-0.000000000000000000e+00,-0.000000000000000000e+00,-0.000000000000000000e+00,0.000000000000000000e+00,0.000000000000000000e+00,0.000000000000000000e+00,-0.000000000000000000e+00,-7.363422127654613292e-02,-0.000000000000000000e+00,-0.000000000000000000e+00,-0.000000000000000000e+00,-0.000000000000000000e+00,0.000000000000000000e+00,-0.000000000000000000e+00,1.190900673096846107e+00,0.000000000000000000e+00,-0.000000000000000000e+00,1.827034685797626068e-01,-3.012000860610903122e-02,0.000000000000000000e+00
1.382590788240714019e-01,-0.000000000000000000e+00,5.271027256895721019e-02,0.000000000000000000e+00,0.000000000000000000e+00,0.000000000000000000e+00,0.000000000000000000e+00,-0.000000000000000000e+00,2.880037038948690328e-02,0.000000000000000000e+00,-0.000000000000000000e+00,-2.303828407183303867e-02,0.000000000000000000e+00,0.000000000000000000e+00,1.930137385325563781e-01,0.000000000000000000e+00,-0.000000000000000000e+00,0.000000000000000000e+00,-0.000000000000000000e+00,0.000000000000000000e+00,0.000000000000000000e+00,1.787409347477437738e-01,-0.000000000000000000e+00,-0.000000000000000000e+00,-0.000000000000000000e+00,2.390100257306817244e-01,0.000000000000000000e+00,1.657355109331442866e-01,1.897259285643174420e-01,0.000000000000000000e+00,-0.000000000000000000e+00,-0.000000000000000000e+00,1.119637011484739958e-01,0.000000000000000000e+00,2.086795904441550942e+00,-0.000000000000000000e+00,-6.056740887457932043e-01,1.390714740934077542e-01,-0.000000000000000000e+00
0.000000000000000000e+00,-0.000000000000000000e+00,-0.000000000000000000e+00,0.000000000000000000e+00,-0.000000000000000000e+00,-0.000000000000000000e+00,0.000000000000000000e+00,0.000000000000000000e+00,-0.000000000000000000e+00,-0.000000000000000000e+00,0.000000000000000000e+00,-0.000000000000000000e+00,0.000000000000000000e+00,-0.000000000000000000e+00,-0.000000000000000000e+00,-0.000000000000000000e+00,0.000000000000000000e+00,-0.000000000000000000e+00,-3.953766468310218607e-02,0.000000000000000000e+00,-0.000000000000000000e+00,-0.000000000000000000e+00,0.000000000000000000e+00,0.000000000000000000e+00,0.000000000000000000e+00,-0.000000000000000000e+00,0.000000000000000000e+00,-0.000000000000000000e+00,-0.000000000000000000e+00,-0.000000000000000000e+00,-0.000000000000000000e+00,-0.000000000000000000e+00,-0.000000000000000000e+00,-0.000000000000000000e+00,-0.000000000000000000e+00,1.002521512873067566e+00,-0.000000000000000000e+00,-0.000000000000000000e+00,-2.710230239080356832e-02
0.000000000000000000e+00,-1.916501601651855458e-01,0.000000000000000000e+00,0.000000000000000000e+00,0.000000000000000000e+00,-0.000000000000000000e+00,0.000000000000000000e+00,-0.000000000000000000e+00,0.000000000000000000e+00,0.000000000000000000e+00,-0.000000000000000000e+00,-2.618973796726635321e-03,0.000000000000000000e+00,0.000000000000000000e+00,1.333917576759507118e-01,0.000000000000000000e+00,-0.000000000000000000e+00,1.149872268738951209e-01,0.000000000000000000e+00,0.000000000000000000e+00,0.000000000000000000e+00,0.000000000000000000e+00,-0.000000000000000000e+00,-1.914448741414792876e-01,-0.000000000000000000e+00,0.000000000000000000e+00,1.448988300986277789e-01,0.000000000000000000e+00,9.715191124364581932e-02,0.000000000000000000e+00,0.000000000000000000e+00,-1.697503556603782993e-01,0.000000000000000000e+00,1.827034685797626068e-01,-6.056740887457932043e-01,-0.000000000000000000e+00,1.742032659923427262e+00,1.460820379332330304e-02,-0.000000000000000000e+00
-3.700329236446552872e-01,0.000000000000000000e+00,-9.043787414225926136e-02,-0.000000000000000000e+00,-3.766492001806484580e-02,-0.000000000000000000e+00,-4.279466350611559750e-02,0.000000000000000000e+00,-1.209581121216091321e-01,-0.000000000000000000e+00,0.000000000000000000e+00,0.000000000000000000e+00,0.000000000000000000e+00,-0.000000000000000000e+00,-1.688139942020111250e-01,-2.016138815649230476e-01,0.000000000000000000e+00,-1.398191213487433027e-01,0.000000000000000000e+00,-0.000000000000000000e+00,-1.493287256716757105e-01,-0.000000000000000000e+00,0.000000000000000000e+00,0.000000000000000000e+00,0.000000000000000000e+00,-1.142816146905599115e-02,0.000000000000000000e+00,-1.215135333862233102e-01,-1.904424194304486506e-01,-0.000000000000000000e+00,-0.000000000000000000e+00,0.000000000000000000e+00,-1.788123459736155607e-01,-3.012000860610903122e-02,1.390714740934077542e-01,-0.000000000000000000e+00,1.460820379332330304e-02,2.029905595507318417e+00,-0.000000000000000000e+00
0.000000000000000000e+00,-9.027359660368824285e-04,0.000000000000000000e+00,-0.000000000000000000e+00,-0.000000000000000000e+00,0.000000000000000000e+00,-0.000000000000000000e+00,-0.000000000000000000e+00,0.000000000000000000e+00,0.000000000000000000e+00,-0.000000000000000000e+00,-1.292251731575954909e-01,-0.000000000000000000e+00,4.849999005991148526e-02,0.000000000000000000e+00,0.000000000000000000e+00,0.000000000000000000e+00,-0.000000000000000000e+00,-1.248174657633097234e-01,5.548135643128573880e-02,0.000000000000000000e+00,0.000000000000000000e+00,-0.000000000000000000e+00,-0.000000000000000000e+00,-0.000000000000000000e+00,0.000000000000000000e+00,0.000000000000000000e+00,0.000000000000000000e+00,0.000000000000000000e+00,0.000000000000000000e+00,9.079039722335518342e-03,-0.000000000000000000e+00,0.000000000000000000e+00,0.000000000000000000e+00,-0.000000000000000000e+00,-2.710230239080356832e-02,-0.000000000000000000e+00,-0.000000000000000000e+00,1.041963746906532151e+00
