1.495899335334070379e+00,-4.088339536682763509e-01,-0.000000000000000000e+00,-0.000000000000000000e+00,-1.785527898148022985e-01,0.000000000000000000e+00,-0.000000000000000000e+00,-5.610029184993999690e-02,-0.000000000000000000e+00,-0.000000000000000000e+00,-0.000000000000000000e+00,-0.000000000000000000e+00,-0.000000000000000000e+00,-0.000000000000000000e+00,-0.000000000000000000e+00,-0.000000000000000000e+00,-0.000000000000000000e+00,-0.000000000000000000e+00,0.000000000000000000e+00,-0.000000000000000000e+00,-0.000000000000000000e+00,-0.000000000000000000e+00,-0.000000000000000000e+00,-0.000000000000000000e+00,-2.036442840796774678e-01,-0.000000000000000000e+00,-3.653540610360803131e-01,-0.000000000000000000e+00,-0.000000000000000000e+00,-0.000000000000000000e+00,-0.000000000000000000e+00,-0.000000000000000000e+00,-0.000000000000000000e+00,-0.000000000000000000e+00,0.000000000000000000e+00,-0.000000000000000000e+00,0.000000000000000000e+00,-0.000000000000000000e+00,-0.000000000000000000e+00
-4.088339536682763509e-01,1.558429830669166405e+00,-0.000000000000000000e+00,-0.000000000000000000e+00,-0.000000000000000000e+00,0.000000000000000000e+00,-9.033448280377534556e-02,-0.000000000000000000e+00,-0.000000000000000000e+00,-3.260171907351328696e-02,-0.000000000000000000e+00,0.000000000000000000e+00,-0.000000000000000000e+00,-0.000000000000000000e+00,-0.000000000000000000e+00,-7.729129865876244176e-02,-0.000000000000000000e+00,-0.000000000000000000e+00,-0.000000000000000000e+00,-0.000000000000000000e+00,-0.000000000000000000e+00,-0.000000000000000000e+00,-0.000000000000000000e+00,-0.000000000000000000e+00,-1.859788550904160898e-01,-1.446055113136601733e-01,-3.760374781141082035e-01,-1.243032467430034982e-01,-0.000000000000000000e+00,0.000000000000000000e+00,-0.000000000000000000e+00,-0.000000000000000000e+00,-0.000000000000000000e+00,0.000000000000000000e+00,0.000000000000000000e+00,-0.000000000000000000e+00,0.000000000000000000e+00,0.000000000000000000e+00,-0.000000000000000000e+00
-0.000000000000000000e+00,-0.000000000000000000e+00,2.834646262641474124e+00,-0.000000000000000000e+00,-0.000000000000000000e+00,0.000000000000000000e+00,-1.238299161014060346e-01,0.000000000000000000e+00,0.000000000000000000e+00,0.000000000000000000e+00,-0.000000000000000000e+00,-0.000000000000000000e+00,-9.049181770387686174e-02,0.000000000000000000e+00,-0.000000000000000000e+00,-0.000000000000000000e+00,-1.588105765825257032e-01,-1.301855232033580501e-01,-4.325579718669273800e-03,-4.158274427128202944e-01,-5.770768315026847395e-01,-4.628005795921930621e-01,-0.000000000000000000e+00,-7.913001988001507059e-02,-0.000000000000000000e+00,-0.000000000000000000e+00,-0.000000000000000000e+00,-9.173638315146190325e-02,-2.061503854935551883e-01,4.122482754633399749e-02,-0.000000000000000000e+00,-0.000000000000000000e+00,-4.683412240242127433e-01,0.000000000000000000e+00,0.000000000000000000e+00,0.000000000000000000e+00,-0.000000000000000000e+00,1.942625242146839848e-01,3.461473789121824463e-02
-0.000000000000000000e+00,-0.000000000000000000e+00,-0.000000000000000000e+00,1.546386743280558251e+00,0.000000000000000000e+00,0.000000000000000000e+00,-0.000000000000000000e+00,-0.000000000000000000e+00,0.000000000000000000e+00,0.000000000000000000e+00,-0.000000000000000000e+00,-0.000000000000000000e+00,-1.728097410079441343e-01,-1.325556180186540645e-01,-0.000000000000000000e+00,0.000000000000000000e+00,-0.000000000000000000e+00,-1.711651906988922783e-03,-5.656336866324833679e-01,-1.195253852944391793e-01,-5.890356217902870117e-02,-7.180271933635847675e-03,-2.639710335176974065e-01,-0.000000000000000000e+00,-0.000000000000000000e+00,-3.321705754308153583e-03,-0.000000000000000000e+00,0.000000000000000000e+00,-0.000000000000000000e+00,7.407859320547628690e-02,6.680810627477462571e-02,-2.118980278399100470e-02,-0.000000000000000000e+00,0.000000000000000000e+00,0.000000000000000000e+00,8.936256739780233660e-02,0.000000000000000000e+00,0.000000000000000000e+00,0.000000000000000000e+00
-1.785527898148022985e-01,-0.000000000000000000e+00,-0.000000000000000000e+00,0.000000000000000000e+00,1.367701974895855876e+00,0.000000000000000000e+00,-0.000000000000000000e+00,-0.000000000000000000e+00,-1.326616992520546212e-01,-0.000000000000000000e+00,-0.000000000000000000e+00,-0.000000000000000000e+00,-0.000000000000000000e+00,-0.000000000000000000e+00,-0.000000000000000000e+00,0.000000000000000000e+00,-0.000000000000000000e+00,-0.000000000000000000e+00,0.000000000000000000e+00,-0.000000000000000000e+00,-0.000000000000000000e+00,-0.000000000000000000e+00,-0.000000000000000000e+00,-0.000000000000000000e+00,-1.611542934471358046e-01,-2.669525120266620366e-01,-1.960425872475764497e-01,-1.347669804188034171e-01,-0.000000000000000000e+00,-0.000000000000000000e+00,-0.000000000000000000e+00,-0.000000000000000000e+00,-0.000000000000000000e+00,-1.341457638693140664e-01,0.000000000000000000e+00,-9.004958078761370055e-02,0.000000000000000000e+00,-0.000000000000000000e+00,-0.000000000000000000e+00
0.000000000000000000e+00,0.000000000000000000e+00,0.000000000000000000e+00,0.000000000000000000e+00,0.000000000000000000e+00,1.047939640421956309e+00,7.859933211174317813e-02,0.000000000000000000e+00,-0.000000000000000000e+00,-0.000000000000000000e+00,0.000000000000000000e+00,-0.000000000000000000e+00,1.142069454511600995e-01,0.000000000000000000e+00,0.000000000000000000e+00,0.000000000000000000e+00,0.000000000000000000e+00,0.000000000000000000e+00,0.000000000000000000e+00,0.000000000000000000e+00,0.000000000000000000e+00,0.000000000000000000e+00,0.000000000000000000e+00,0.000000000000000000e+00,0.000000000000000000e+00,0.000000000000000000e+00,0.000000000000000000e+00,1.145810954421341288e-01,0.000000000000000000e+00,-0.000000000000000000e+00,-0.000000000000000000e+00,-0.000000000000000000e+00,0.000000000000000000e+00,-0.000000000000000000e+00,-0.000000000000000000e+00,-0.000000000000000000e+00,-0.000000000000000000e+00,-0.000000000000000000e+00,-0.000000000000000000e+00
-0.000000000000000000e+00,-9.033448280377534556e-02,-1.238299161014060346e-01,-0.000000000000000000e+00,-0.000000000000000000e+00,7.859933211174317813e-02,1.857867130791504673e+00,-0.000000000000000000e+00,0.000000000000000000e+00,0.000000000000000000e+00,-0.000000000000000000e+00,0.000000000000000000e+00,-2.536733448052134743e-01,-0.000000000000000000e+00,-0.000000000000000000e+00,-0.000000000000000000e+00,-0.000000000000000000e+00,-0.000000000000000000e+00,-0.000000000000000000e+00,-2.837980024135393076e-01,-0.000000000000000000e+00,-2.082306524996513364e-01,-0.000000000000000000e+00,-0.000000000000000000e+00,0.000000000000000000e+00,-2.146043771423307780e-02,-2.124092367694327965e-01,-0.000000000000000000e+00,-0.000000000000000000e+00,0.000000000000000000e+00,0.000000000000000000e+00,-0.000000000000000000e+00,-2.943490618377841983e-01,1.054604280672686578e-01,1.329899534588263876e-01,3.263074411029464467e-02,0.000000000000000000e+00,6.198516991563875200e-02,2.358052109545836703e-02
-5.610029184993999690e-02,-0.000000000000000000e+00,0.000000000000000000e+00,-0.000000000000000000e+00,-0.000000000000000000e+00,0.000000000000000000e+00,-0.000000000000000000e+00,1.081808021708748457e+00,-0.000000000000000000e+00,-0.000000000000000000e+00,-0.000000000000000000e+00,0.000000000000000000e+00,-0.000000000000000000e+00,-0.000000000000000000e+00,-0.000000000000000000e+00,-0.000000000000000000e+00,-0.000000000000000000e+00,-0.000000000000000000e+00,0.000000000000000000e+00,-0.000000000000000000e+00,-0.000000000000000000e+00,-0.000000000000000000e+00,-0.000000000000000000e+00,-0.000000000000000000e+00,-0.000000000000000000e+00,-9.524733175878846714e-02,-2.006372826625321126e-01,-0.000000000000000000e+00,-0.000000000000000000e+00,-0.000000000000000000e+00,-0.000000000000000000e+00,-0.000000000000000000e+00,-0.000000000000000000e+00,-0.000000000000000000e+00,0.000000000000000000e+00,-0.000000000000000000e+00,-0.000000000000000000e+00,-0.000000000000000000e+00,-0.000000000000000000e+00
-0.000000000000000000e+00,-0.000000000000000000e+00,0.000000000000000000e+00,0.000000000000000000e+00,-1.326616992520546212e-01,-0.000000000000000000e+00,0.000000000000000000e+00,-0.000000000000000000e+00,1.602231313144386604e+00,-5.269920507493979639e-02,0.000000000000000000e+00,-1.178985937919265481e-01,0.000000000000000000e+00,-0.000000000000000000e+00,-1.173541867975293057e-01,-0.000000000000000000e+00,0.000000000000000000e+00,-0.000000000000000000e+00,0.000000000000000000e+00,0.000000000000000000e+00,0.000000000000000000e+00,0.000000000000000000e+00,-0.000000000000000000e+00,0.000000000000000000e+00,-3.499430784233117930e-01,-0.000000000000000000e+00,-0.000000000000000000e+00,-0.000000000000000000e+00,0.000000000000000000e+00,-0.000000000000000000e+00,-0.000000000000000000e+00,0.000000000000000000e+00,0.000000000000000000e+00,-4.292544762838836347e-01,-0.000000000000000000e+00,-1.906075539553784073e-02,-0.000000000000000000e+00,-4.226973664760291099e-02,-3.997258470512748407e-01
-0.000000000000000000e+00,-3.260171907351328696e-02,0.000000000000000000e+00,0.000000000000000000e+00,-0.000000000000000000e+00,-0.000000000000000000e+00,0.000000000000000000e+00,-0.000000000000000000e+00,-5.269920507493979639e-02,1.518907914943810056e+00,0.000000000000000000e+00,-0.000000000000000000e+00,-0.000000000000000000e+00,-0.000000000000000000e+00,-0.000000000000000000e+00,-6.695884377036024349e-01,-0.000000000000000000e+00,-0.000000000000000000e+00,0.000000000000000000e+00,-0.000000000000000000e+00,0.000000000000000000e+00,-0.000000000000000000e+00,-0.000000000000000000e+00,-0.000000000000000000e+00,-2.089739904116143798e-01,-0.000000000000000000e+00,-0.000000000000000000e+00,-0.000000000000000000e+00,0.000000000000000000e+00,-0.000000000000000000e+00,-0.000000000000000000e+00,0.000000000000000000e+00,-0.000000000000000000e+00,-0.000000000000000000e+00,-0.000000000000000000e+00,-0.000000000000000000e+00,-0.000000000000000000e+00,-9.319837412253298425e-02,-2.760494332788159810e-01
-0.000000000000000000e+00,-0.000000000000000000e+00,-0.000000000000000000e+00,-0.000000000000000000e+00,-0.000000000000000000e+00,0.000000000000000000e+00,-0.000000000000000000e+00,-0.000000000000000000e+00,0.000000000000000000e+00,0.000000000000000000e+00,1.000000000000000222e+00,0.000000000000000000e+00,-0.000000000000000000e+00,0.000000000000000000e+00,0.000000000000000000e+00,0.000000000000000000e+00,-0.000000000000000000e+00,-0.000000000000000000e+00,0.000000000000000000e+00,-0.000000000000000000e+00,-0.000000000000000000e+00,-0.000000000000000000e+00,-0.000000000000000000e+00,-0.000000000000000000e+00,0.000000000000000000e+00,-0.000000000000000000e+00,-0.000000000000000000e+00,-0.000000000000000000e+00,-0.000000000000000000e+00,0.000000000000000000e+00,0.000000000000000000e+00,-0.000000000000000000e+00,-0.000000000000000000e+00,0.000000000000000000e+00,0.000000000000000000e+00,0.000000000000000000e+00,0.000000000000000000e+00,0.000000000000000000e+00,0.000000000000000000e+00
-0.000000000000000000e+00,0.000000000000000000e+00,-0.000000000000000000e+00,-0.000000000000000000e+00,-0.000000000000000000e+00,-0.000000000000000000e+00,0.000000000000000000e+00,0.000000000000000000e+00,-1.178985937919265481e-01,-0.000000000000000000e+00,0.000000000000000000e+00,1.232339252803500651e+00,0.000000000000000000e+00,0.000000000000000000e+00,-2.503955323924131893e-01,-0.000000000000000000e+00,-0.000000000000000000e+00,-6.900874022057455759e-02,-0.000000000000000000e+00,-0.000000000000000000e+00,-0.000000000000000000e+00,-0.000000000000000000e+00,-0.000000000000000000e+00,-0.000000000000000000e+00,-0.000000000000000000e+00,-0.000000000000000000e+00,-0.000000000000000000e+00,-0.000000000000000000e+00,-0.000000000000000000e+00,0.000000000000000000e+00,0.000000000000000000e+00,-0.000000000000000000e+00,-0.000000000000000000e+00,-3.404304551024056047e-01,-0.000000000000000000e+00,-0.000000000000000000e+00,-0.000000000000000000e+00,-0.000000000000000000e+00,-0.000000000000000000e+00
-0.000000000000000000e+00,-0.000000000000000000e+00,-9.049181770387686174e-02,-1.728097410079441343e-01,-0.000000000000000000e+00,1.142069454511600995e-01,-2.536733448052134743e-01,-0.000000000000000000e+00,0.000000000000000000e+00,-0.000000000000000000e+00,-0.000000000000000000e+00,0.000000000000000000e+00,1.716837627822631385e+00,-0.000000000000000000e+00,-0.000000000000000000e+00,-0.000000000000000000e+00,-0.000000000000000000e+00,-1.317375367913192763e-01,-6.270726179677277301e-02,-2.790608828042473455e-01,-0.000000000000000000e+00,-1.778857369076476402e-01,-4.709289540420399933e-02,-0.000000000000000000e+00,-0.000000000000000000e+00,-9.510347681911415774e-02,-1.071695106975238676e-01,-0.000000000000000000e+00,-0.000000000000000000e+00,5.201640827412977452e-02,0.000000000000000000e+00,-0.000000000000000000e+00,-7.557849383497367013e-02,0.000000000000000000e+00,3.402313583226108246e-02,0.000000000000000000e+00,0.000000000000000000e+00,0.000000000000000000e+00,0.000000000000000000e+00
-0.000000000000000000e+00,-0.000000000000000000e+00,0.000000000000000000e+00,-1.325556180186540645e-01,-0.000000000000000000e+00,0.000000000000000000e+00,-0.000000000000000000e+00,-0.000000000000000000e+00,-0.000000000000000000e+00,-0.000000000000000000e+00,0.000000000000000000e+00,0.000000000000000000e+00,-0.000000000000000000e+00,1.137422219229037523e+00,-0.000000000000000000e+00,-0.000000000000000000e+00,0.000000000000000000e+00,0.000000000000000000e+00,-0.000000000000000000e+00,-0.000000000000000000e+00,0.000000000000000000e+00,-0.000000000000000000e+00,-3.202996231377400749e-01,-0.000000000000000000e+00,-3.664543046144985022e-02,-0.000000000000000000e+00,-0.000000000000000000e+00,0.000000000000000000e+00,-0.000000000000000000e+00,-0.000000000000000000e+00,0.000000000000000000e+00,-0.000000000000000000e+00,-0.000000000000000000e+00,0.000000000000000000e+00,0.000000000000000000e+00,-0.000000000000000000e+00,-0.000000000000000000e+00,0.000000000000000000e+00,0.000000000000000000e+00
-0.000000000000000000e+00,-0.000000000000000000e+00,-0.000000000000000000e+00,-0.000000000000000000e+00,-0.000000000000000000e+00,0.000000000000000000e+00,-0.000000000000000000e+00,-0.000000000000000000e+00,-1.173541867975293057e-01,-0.000000000000000000e+00,0.000000000000000000e+00,-2.503955323924131893e-01,-0.000000000000000000e+00,-0.000000000000000000e+00,1.226153340539860803e+00,-0.000000000000000000e+00,-0.000000000000000000e+00,-9.672119170897289231e-02,-0.000000000000000000e+00,-0.000000000000000000e+00,-0.000000000000000000e+00,-0.000000000000000000e+00,-2.570154479884409482e-01,-0.000000000000000000e+00,-0.000000000000000000e+00,-1.660413362992776976e-02,-1.136670657583473826e-01,-0.000000000000000000e+00,-0.000000000000000000e+00,0.000000000000000000e+00,-0.000000000000000000e+00,-0.000000000000000000e+00,-0.000000000000000000e+00,-8.761482229159776869e-02,0.000000000000000000e+00,0.000000000000000000e+00,-0.000000000000000000e+00,-0.000000000000000000e+00,-0.000000000000000000e+00
-0.000000000000000000e+00,-7.729129865876244176e-02,-0.000000000000000000e+00,0.000000000000000000e+00,0.000000000000000000e+00,0.000000000000000000e+00,-0.000000000000000000e+00,-0.000000000000000000e+00,-0.000000000000000000e+00,-6.695884377036024349e-01,0.000000000000000000e+00,-0.000000000000000000e+00,-0.000000000000000000e+00,-0.000000000000000000e+00,-0.000000000000000000e+00,1.346433616869547212e+00,-0.000000000000000000e+00,-0.000000000000000000e+00,-0.000000000000000000e+00,-0.000000000000000000e+00,-0.000000000000000000e+00,-0.000000000000000000e+00,-5.259248570672373294e-03,-0.000000000000000000e+00,-0.000000000000000000e+00,-0.000000000000000000e+00,-0.000000000000000000e+00,-0.000000000000000000e+00,0.000000000000000000e+00,0.000000000000000000e+00,-0.000000000000000000e+00,0.000000000000000000e+00,-0.000000000000000000e+00,-0.000000000000000000e+00,0.000000000000000000e+00,-0.000000000000000000e+00,0.000000000000000000e+00,-0.000000000000000000e+00,-0.000000000000000000e+00
-0.000000000000000000e+00,-0.000000000000000000e+00,-1.588105765825257032e-01,-0.000000000000000000e+00,-0.000000000000000000e+00,0.000000000000000000e+00,-0.000000000000000000e+00,-0.000000000000000000e+00,0.000000000000000000e+00,-0.000000000000000000e+00,-0.000000000000000000e+00,-0.000000000000000000e+00,-0.000000000000000000e+00,0.000000000000000000e+00,-0.000000000000000000e+00,-0.000000000000000000e+00,1.346049661493016858e+00,-0.000000000000000000e+00,-0.000000000000000000e+00,-1.106588852033385528e-01,-1.359640532346918229e-01,-1.721909083424449094e-01,-0.000000000000000000e+00,-3.571474594104421391e-02,0.000000000000000000e+00,-6.771465039449463263e-02,-0.000000000000000000e+00,-1.822216032939460439e-01,-4.950144638385466089e-02,0.000000000000000000e+00,-0.000000000000000000e+00,-0.000000000000000000e+00,-0.000000000000000000e+00,0.000000000000000000e+00,0.000000000000000000e+00,0.000000000000000000e+00,-0.000000000000000000e+00,0.000000000000000000e+00,0.000000000000000000e+00
-0.000000000000000000e+00,-0.000000000000000000e+00,-1.301855232033580501e-01,-1.711651906988922783e-03,-0.000000000000000000e+00,0.000000000000000000e+00,-0.000000000000000000e+00,-0.000000000000000000e+00,-0.000000000000000000e+00,-0.000000000000000000e+00,-0.000000000000000000e+00,-6.900874022057455759e-02,-1.317375367913192763e-01,0.000000000000000000e+00,-9.672119170897289231e-02,-0.000000000000000000e+00,-0.000000000000000000e+00,1.484932502807712273e+00,-2.219979806612626116e-01,-1.356772932255219388e-01,-9.486532875567081635e-02,-1.241546725743316176e-01,-0.000000000000000000e+00,-0.000000000000000000e+00,-0.000000000000000000e+00,-0.000000000000000000e+00,-0.000000000000000000e+00,-0.000000000000000000e+00,-1.925793057631232930e-01,2.013876952486500296e-02,0.000000000000000000e+00,-1.638002931461664691e-03,-6.284884042349095368e-02,-0.000000000000000000e+00,2.255076680605708553e-02,0.000000000000000000e+00,0.000000000000000000e+00,0.000000000000000000e+00,0.000000000000000000e+00
0.000000000000000000e+00,-0.000000000000000000e+00,-4.325579718669273800e-03,-5.656336866324833679e-01,0.000000000000000000e+00,0.000000000000000000e+00,-0.000000000000000000e+00,0.000000000000000000e+00,0.000000000000000000e+00,0.000000000000000000e+00,0.000000000000000000e+00,-0.000000000000000000e+00,-6.270726179677277301e-02,-0.000000000000000000e+00,-0.000000000000000000e+00,-0.000000000000000000e+00,-0.000000000000000000e+00,-2.219979806612626116e-01,1.378056518928009622e+00,-1.403883145117181160e-03,-0.000000000000000000e+00,-0.000000000000000000e+00,-1.268764804740246666e-02,-0.000000000000000000e+00,-0.000000000000000000e+00,-0.000000000000000000e+00,-0.000000000000000000e+00,0.000000000000000000e+00,-0.000000000000000000e+00,0.000000000000000000e+00,0.000000000000000000e+00,-7.821802466011745780e-02,-0.000000000000000000e+00,3.372020342420851274e-02,0.000000000000000000e+00,0.000000000000000000e+00,-0.000000000000000000e+00,0.000000000000000000e+00,0.000000000000000000e+00
-0.000000000000000000e+00,-0.000000000000000000e+00,-4.158274427128202944e-01,-1.195253852944391793e-01,-0.000000000000000000e+00,0.000000000000000000e+00,-2.837980024135393076e-01,-0.000000000000000000e+00,0.000000000000000000e+00,-0.000000000000000000e+00,-0.000000000000000000e+00,-0.000000000000000000e+00,-2.790608828042473455e-01,-0.000000000000000000e+00,-0.000000000000000000e+00,-0.000000000000000000e+00,-1.106588852033385528e-01,-1.356772932255219388e-01,-1.403883145117181160e-03,2.831294389906870546e+00,-3.032414690280997305e-01,-3.896868973419778115e-01,-0.000000000000000000e+00,-1.826698837292345390e-01,-0.000000000000000000e+00,-2.535340123706157356e-01,-1.452250799732222319e-01,-6.314121716010930030e-02,-1.648452358707110654e-01,0.000000000000000000e+00,-0.000000000000000000e+00,-1.682098923522518455e-02,-2.963719795886098907e-01,0.000000000000000000e+00,0.000000000000000000e+00,0.000000000000000000e+00,-0.000000000000000000e+00,0.000000000000000000e+00,0.000000000000000000e+00
-0.000000000000000000e+00,-0.000000000000000000e+00,-5.770768315026847395e-01,-5.890356217902870117e-02,-0.000000000000000000e+00,0.000000000000000000e+00,-0.000000000000000000e+00,-0.000000000000000000e+00,0.000000000000000000e+00,0.000000000000000000e+00,-0.000000000000000000e+00,-0.000000000000000000e+00,-0.000000000000000000e+00,0.000000000000000000e+00,-0.000000000000000000e+00,-0.000000000000000000e+00,-1.359640532346918229e-01,-9.486532875567081635e-02,-0.000000000000000000e+00,-3.032414690280997305e-01,2.689299819199405750e+00,-5.057045011041002569e-01,-0.000000000000000000e+00,-1.690346228749720625e-01,0.000000000000000000e+00,-2.337522018536778226e-02,-0.000000000000000000e+00,-0.000000000000000000e+00,-1.839957664651412361e-01,1.321666537790307794e-01,-0.000000000000000000e+00,-0.000000000000000000e+00,-4.695722167146591519e-01,0.000000000000000000e+00,0.000000000000000000e+00,0.000000000000000000e+00,-0.000000000000000000e+00,5.696952934211414743e-02,1.471751404432770916e-01
-0.000000000000000000e+00,-0.000000000000000000e+00,-4.628005795921930621e-01,-7.180271933635847675e-03,-0.000000000000000000e+00,0.000000000000000000e+00,-2.082306524996513364e-01,-0.000000000000000000e+00,0.000000000000000000e+00,-0.000000000000000000e+00,-0.000000000000000000e+00,-0.000000000000000000e+00,-1.778857369076476402e-01,-0.000000000000000000e+00,-0.000000000000000000e+00,-0.000000000000000000e+00,-1.721909083424449094e-01,-1.241546725743316176e-01,-0.000000000000000000e+00,-3.896868973419778115e-01,-5.057045011041002569e-01,2.916330112802901109e+00,-0.000000000000000000e+00,-1.965103776882864139e-01,-0.000000000000000000e+00,-2.431832712544650665e-01,-0.000000000000000000e+00,-1.126600286375237757e-02,-2.126895037982909631e-01,2.865249285489302605e-02,-0.000000000000000000e+00,-0.000000000000000000e+00,-3.886391769782761019e-01,0.000000000000000000e+00,0.000000000000000000e+00,0.000000000000000000e+00,0.000000000000000000e+00,0.000000000000000000e+00,0.000000000000000000e+00
-0.000000000000000000e+00,-0.000000000000000000e+00,-0.000000000000000000e+00,-2.639710335176974065e-01,-0.000000000000000000e+00,0.000000000000000000e+00,-0.000000000000000000e+00,-0.000000000000000000e+00,-0.000000000000000000e+00,-0.000000000000000000e+00,-0.000000000000000000e+00,-0.000000000000000000e+00,-4.709289540420399933e-02,-3.202996231377400749e-01,-2.570154479884409482e-01,-5.259248570672373294e-03,-0.000000000000000000e+00,-0.000000000000000000e+00,-1.268764804740246666e-02,-0.000000000000000000e+00,-0.000000000000000000e+00,-0.000000000000000000e+00,1.364428721442410453e+00,-8.954274071748817565e-02,-2.658272735487445804e-01,-0.000000000000000000e+00,-0.000000000000000000e+00,-0.000000000000000000e+00,-0.000000000000000000e+00,0.000000000000000000e+00,0.000000000000000000e+00,-0.000000000000000000e+00,-0.000000000000000000e+00,-0.000000000000000000e+00,0.000000000000000000e+00,0.000000000000000000e+00,-0.000000000000000000e+00,-0.000000000000000000e+00,-0.000000000000000000e+00
-0.000000000000000000e+00,-0.000000000000000000e+00,-7.913001988001507059e-02,-0.000000000000000000e+00,-0.000000000000000000e+00,0.000000000000000000e+00,-0.000000000000000000e+00,-0.000000000000000000e+00,0.000000000000000000e+00,-0.000000000000000000e+00,-0.000000000000000000e+00,-0.000000000000000000e+00,-0.000000000000000000e+00,-0.000000000000000000e+00,-0.000000000000000000e+00,-0.000000000000000000e+00,-3.571474594104421391e-02,-0.000000000000000000e+00,-0.000000000000000000e+00,-1.826698837292345390e-01,-1.690346228749720625e-01,-1.965103776882864139e-01,-8.954274071748817565e-02,1.591780955446015833e+00,-0.000000000000000000e+00,-9.658091287106175538e-02,-1.159189379950224287e-02,-0.000000000000000000e+00,-1.815389793023330922e-01,0.000000000000000000e+00,-0.000000000000000000e+00,-0.000000000000000000e+00,-7.486711452197314376e-02,0.000000000000000000e+00,2.194538201422123191e-01,0.000000000000000000e+00,-0.000000000000000000e+00,0.000000000000000000e+00,1.845593019934421361e-02
-2.036442840796774678e-01,-1.859788550904160898e-01,-0.000000000000000000e+00,-0.000000000000000000e+00,-1.611542934471358046e-01,0.000000000000000000e+00,0.000000000000000000e+00,-0.000000000000000000e+00,-3.499430784233117930e-01,-2.089739904116143798e-01,0.000000000000000000e+00,-0.000000000000000000e+00,-0.000000000000000000e+00,-3.664543046144985022e-02,-0.000000000000000000e+00,-0.000000000000000000e+00,0.000000000000000000e+00,-0.000000000000000000e+00,-0.000000000000000000e+00,-0.000000000000000000e+00,0.000000000000000000e+00,-0.000000000000000000e+00,-2.658272735487445804e-01,-0.000000000000000000e+00,1.430758162890104934e+00,-0.000000000000000000e+00,-0.000000000000000000e+00,-0.000000000000000000e+00,-0.000000000000000000e+00,-0.000000000000000000e+00,-0.000000000000000000e+00,-0.000000000000000000e+00,-0.000000000000000000e+00,-0.000000000000000000e+00,-0.000000000000000000e+00,-3.141896199835903652e-02,-0.000000000000000000e+00,-0.000000000000000000e+00,-0.000000000000000000e+00
-0.000000000000000000e+00,-1.446055113136601733e-01,-0.000000000000000000e+00,-3.321705754308153583e-03,-2.669525120266620366e-01,0.000000000000000000e+00,-2.146043771423307780e-02,-9.524733175878846714e-02,-0.000000000000000000e+00,-0.000000000000000000e+00,-0.000000000000000000e+00,-0.000000000000000000e+00,-9.510347681911415774e-02,-0.000000000000000000e+00,-1.660413362992776976e-02,-0.000000000000000000e+00,-6.771465039449463263e-02,-0.000000000000000000e+00,-0.000000000000000000e+00,-2.535340123706157356e-01,-2.337522018536778226e-02,-2.431832712544650665e-01,-0.000000000000000000e+00,-9.658091287106175538e-02,-0.000000000000000000e+00,1.999603482053424530e+00,-5.171450939948936121e-01,-8.244105837104122314e-02,-1.898940503086588294e-01,0.000000000000000000e+00,-0.000000000000000000e+00,-2.224055616951084099e-02,-0.000000000000000000e+00,-0.000000000000000000e+00,3.684279442227206269e-02,0.000000000000000000e+00,0.000000000000000000e+00,0.000000000000000000e+00,0.000000000000000000e+00
-3.653540610360803131e-01,-3.760374781141082035e-01,-0.000000000000000000e+00,-0.000000000000000000e+00,-1.960425872475764497e-01,0.000000000000000000e+00,-2.124092367694327965e-01,-2.006372826625321126e-01,-0.000000000000000000e+00,-0.000000000000000000e+00,-0.000000000000000000e+00,-0.000000000000000000e+00,-1.071695106975238676e-01,-0.000000000000000000e+00,-1.136670657583473826e-01,-0.000000000000000000e+00,-0.000000000000000000e+00,-0.000000000000000000e+00,-0.000000000000000000e+00,-1.452250799732222319e-01,-0.000000000000000000e+00,-0.000000000000000000e+00,-0.000000000000000000e+00,-1.159189379950224287e-02,-0.000000000000000000e+00,-5.171450939948936121e-01,2.045868612579383683e+00,-0.000000000000000000e+00,-6.409857204694903443e-02,0.000000000000000000e+00,-0.000000000000000000e+00,-0.000000000000000000e+00,-0.000000000000000000e+00,-0.000000000000000000e+00,5.054662673366530634e-02,0.000000000000000000e+00,0.000000000000000000e+00,0.000000000000000000e+00,0.000000000000000000e+00
-0.000000000000000000e+00,-1.243032467430034982e-01,-9.173638315146190325e-02,0.000000000000000000e+00,-1.347669804188034171e-01,1.145810954421341288e-01,-0.000000000000000000e+00,-0.000000000000000000e+00,-0.000000000000000000e+00,-0.000000000000000000e+00,-0.000000000000000000e+00,-0.000000000000000000e+00,-0.000000000000000000e+00,0.000000000000000000e+00,-0.000000000000000000e+00,-0.000000000000000000e+00,-1.822216032939460439e-01,-0.000000000000000000e+00,0.000000000000000000e+00,-6.314121716010930030e-02,-0.000000000000000000e+00,-1.126600286375237757e-02,-0.000000000000000000e+00,-0.000000000000000000e+00,-0.000000000000000000e+00,-8.244105837104122314e-02,-0.000000000000000000e+00,1.246765203935409572e+00,-0.000000000000000000e+00,-0.000000000000000000e+00,-2.510617488585806800e-01,0.000000000000000000e+00,-0.000000000000000000e+00,0.000000000000000000e+00,0.000000000000000000e+00,-0.000000000000000000e+00,-0.000000000000000000e+00,1.736948422280926163e-02,0.000000000000000000e+00
-0.000000000000000000e+00,-0.000000000000000000e+00,-2.061503854935551883e-01,-0.000000000000000000e+00,-0.000000000000000000e+00,0.000000000000000000e+00,-0.000000000000000000e+00,-0.000000000000000000e+00,0.000000000000000000e+00,0.000000000000000000e+00,-0.000000000000000000e+00,-0.000000000000000000e+00,-0.000000000000000000e+00,-0.000000000000000000e+00,-0.000000000000000000e+00,0.000000000000000000e+00,-4.950144638385466089e-02,-1.925793057631232930e-01,-0.000000000000000000e+00,-1.648452358707110654e-01,-1.839957664651412361e-01,-2.126895037982909631e-01,-0.000000000000000000e+00,-1.815389793023330922e-01,-0.000000000000000000e+00,-1.898940503086588294e-01,-6.409857204694903443e-02,-0.000000000000000000e+00,2.227070514003386403e+00,4.166199778257015374e-02,-0.000000000000000000e+00,-4.802399441177188644e-01,-2.462862589848659189e-01,0.000000000000000000e+00,2.329159335089432126e-01,0.000000000000000000e+00,-0.000000000000000000e+00,0.000000000000000000e+00,6.668718826862543407e-03
-0.000000000000000000e+00,0.000000000000000000e+00,4.122482754633399749e-02,7.407859320547628690e-02,-0.000000000000000000e+00,-0.000000000000000000e+00,0.000000000000000000e+00,-0.000000000000000000e+00,-0.000000000000000000e+00,-0.000000000000000000e+00,0.000000000000000000e+00,0.000000000000000000e+00,5.201640827412977452e-02,-0.000000000000000000e+00,0.000000000000000000e+00,0.000000000000000000e+00,0.000000000000000000e+00,2.013876952486500296e-02,0.000000000000000000e+00,0.000000000000000000e+00,1.321666537790307794e-01,2.865249285489302605e-02,0.000000000000000000e+00,0.000000000000000000e+00,-0.000000000000000000e+00,0.000000000000000000e+00,0.000000000000000000e+00,-0.000000000000000000e+00,4.166199778257015374e-02,1.338042279468846019e+00,-1.356069614860258010e-01,1.588582534273174640e-01,1.241125149293382107e-01,-0.000000000000000000e+00,-7.607919665271807574e-02,-3.004914404474984257e-01,-0.000000000000000000e+00,-0.000000000000000000e+00,-0.000000000000000000e+00
-0.000000000000000000e+00,-0.000000000000000000e+00,-0.000000000000000000e+00,6.680810627477462571e-02,-0.000000000000000000e+00,-0.000000000000000000e+00,0.000000000000000000e+00,-0.000000000000000000e+00,-0.000000000000000000e+00,-0.000000000000000000e+00,0.000000000000000000e+00,0.000000000000000000e+00,0.000000000000000000e+00,0.000000000000000000e+00,-0.000000000000000000e+00,-0.000000000000000000e+00,-0.000000000000000000e+00,0.000000000000000000e+00,0.000000000000000000e+00,-0.000000000000000000e+00,-0.000000000000000000e+00,-0.000000000000000000e+00,0.000000000000000000e+00,-0.000000000000000000e+00,-0.000000000000000000e+00,-0.000000000000000000e+00,-0.000000000000000000e+00,-2.510617488585806800e-01,-0.000000000000000000e+00,-1.356069614860258010e-01,1.079317294884037048e+00,4.927058306437306218e-02,-0.000000000000000000e+00,0.000000000000000000e+00,-0.000000000000000000e+00,-0.000000000000000000e+00,-0.000000000000000000e+00,0.000000000000000000e+00,0.000000000000000000e+00
-0.000000000000000000e+00,-0.000000000000000000e+00,-0.000000000000000000e+00,-2.118980278399100470e-02,-0.000000000000000000e+00,-0.000000000000000000e+00,-0.000000000000000000e+00,-0.000000000000000000e+00,0.000000000000000000e+00,0.000000000000000000e+00,-0.000000000000000000e+00,-0.000000000000000000e+00,-0.000000000000000000e+00,-0.000000000000000000e+00,-0.000000000000000000e+00,0.000000000000000000e+00,-0.000000000000000000e+00,-1.638002931461664691e-03,-7.821802466011745780e-02,-1.682098923522518455e-02,-0.000000000000000000e+00,-0.000000000000000000e+00,-0.000000000000000000e+00,-0.000000000000000000e+00,-0.000000000000000000e+00,-2.224055616951084099e-02,-0.000000000000000000e+00,0.000000000000000000e+00,-4.802399441177188644e-01,1.588582534273174640e-01,4.927058306437306218e-02,1.294831245349879145e+00,-0.000000000000000000e+00,-0.000000000000000000e+00,1.086801161978382529e-02,0.000000000000000000e+00,-0.000000000000000000e+00,0.000000000000000000e+00,0.000000000000000000e+00
-0.000000000000000000e+00,-0.000000000000000000e+00,-4.683412240242127433e-01,-0.000000000000000000e+00,-0.000000000000000000e+00,0.000000000000000000e+00,-2.943490618377841983e-01,-0.000000000000000000e+00,0.000000000000000000e+00,-0.000000000000000000e+00,-0.000000000000000000e+00,-0.000000000000000000e+00,-7.557849383497367013e-02,-0.000000000000000000e+00,-0.000000000000000000e+00,-0.000000000000000000e+00,-0.000000000000000000e+00,-6.284884042349095368e-02,-0.000000000000000000e+00,-2.963719795886098907e-01,-4.695722167146591519e-01,-3.886391769782761019e-01,-0.000000000000000000e+00,-7.486711452197314376e-02,-0.000000000000000000e+00,-0.000000000000000000e+00,-0.000000000000000000e+00,-0.000000000000000000e+00,-2.462862589848659189e-01,1.241125149293382107e-01,-0.000000000000000000e+00,-0.000000000000000000e+00,2.569742197543116724e+00,0.000000000000000000e+00,0.000000000000000000e+00,9.428866425610402113e-02,0.000000000000000000e+00,3.567418758880125385e-02,0.000000000000000000e+00
-0.000000000000000000e+00,0.000000000000000000e+00,0.000000000000000000e+00,0.000000000000000000e+00,-1.341457638693140664e-01,-0.000000000000000000e+00,1.054604280672686578e-01,-0.000000000000000000e+00,-4.292544762838836347e-01,-0.000000000000000000e+00,0.000000000000000000e+00,-3.404304551024056047e-01,0.000000000000000000e+00,0.000000000000000000e+00,-8.761482229159776869e-02,-0.000000000000000000e+00,0.000000000000000000e+00,-0.000000000000000000e+00,3.372020342420851274e-02,0.000000000000000000e+00,0.000000000000000000e+00,0.000000000000000000e+00,-0.000000000000000000e+00,0.000000000000000000e+00,-0.000000000000000000e+00,-0.000000000000000000e+00,-0.000000000000000000e+00,0.000000000000000000e+00,0.000000000000000000e+00,-0.000000000000000000e+00,0.000000000000000000e+00,-0.000000000000000000e+00,0.000000000000000000e+00,1.459547004683076521e+00,-0.000000000000000000e+00,-0.000000000000000000e+00,-0.000000000000000000e+00,-2.177011833143143171e-01,-5.726883882558975875e-02
0.000000000000000000e+00,0.000000000000000000e+00,0.000000000000000000e+00,0.000000000000000000e+00,0.000000000000000000e+00,-0.000000000000000000e+00,1.329899534588263876e-01,0.000000000000000000e+00,-0.000000000000000000e+00,-0.000000000000000000e+00,0.000000000000000000e+00,-0.000000000000000000e+00,3.402313583226108246e-02,0.000000000000000000e+00,0.000000000000000000e+00,0.000000000000000000e+00,0.000000000000000000e+00,2.255076680605708553e-02,0.000000000000000000e+00,0.000000000000000000e+00,0.000000000000000000e+00,0.000000000000000000e+00,0.000000000000000000e+00,2.194538201422123191e-01,-0.000000000000000000e+00,3.684279442227206269e-02,5.054662673366530634e-02,0.000000000000000000e+00,2.329159335089432126e-01,-7.607919665271807574e-02,-0.000000000000000000e+00,1.086801161978382529e-02,0.000000000000000000e+00,-0.000000000000000000e+00,1.281441488730211020e+00,-0.000000000000000000e+00,-0.000000000000000000e+00,-0.000000000000000000e+00,-5.517630594086904428e-02
-0.000000000000000000e+00,-0.000000000000000000e+00,0.000000000000000000e+00,8.936256739780233660e-02,-9.004958078761370055e-02,-0.000000000000000000e+00,3.263074411029464467e-02,-0.000000000000000000e+00,-1.906075539553784073e-02,-0.000000000000000000e+00,0.000000000000000000e+00,-0.000000000000000000e+00,0.000000000000000000e+00,-0.000000000000000000e+00,0.000000000000000000e+00,-0.000000000000000000e+00,0.000000000000000000e+00,0.000000000000000000e+00,0.000000000000000000e+00,0.000000000000000000e+00,0.000000000000000000e+00,0.000000000000000000e+00,0.000000000000000000e+00,0.000000000000000000e+00,-3.141896199835903652e-02,0.000000000000000000e+00,0.000000000000000000e+00,-0.000000000000000000e+00,0.000000000000000000e+00,-3.004914404474984257e-01,-0.000000000000000000e+00,0.000000000000000000e+00,9.428866425610402113e-02,-0.000000000000000000e+00,-0.000000000000000000e+00,1.151277425615322203e+00,-0.000000000000000000e+00,-0.000000000000000000e+00,-6.570089137680566738e-02
0.000000000000000000e+00,0.000000000000000000e+00,-0.000000000000000000e+00,0.000000000000000000e+00,0.000000000000000000e+00,-0.000000000000000000e+00,0.000000000000000000e+00,-0.000000000000000000e+00,-0.000000000000000000e+00,-0.000000000000000000e+00,0.000000000000000000e+00,-0.000000000000000000e+00,0.000000000000000000e+00,-0.000000000000000000e+00,-0.000000000000000000e+00,0.000000000000000000e+00,-0.000000000000000000e+00,0.000000000000000000e+00,-0.000000000000000000e+00,-0.000000000000000000e+00,-0.000000000000000000e+00,0.000000000000000000e+00,-0.000000000000000000e+00,-0.000000000000000000e+00,-0.000000000000000000e+00,0.000000000000000000e+00,0.000000000000000000e+00,-0.000000000000000000e+00,-0.000000000000000000e+00,-0.000000000000000000e+00,-0.000000000000000000e+00,-0.000000000000000000e+00,0.000000000000000000e+00,-0.000000000000000000e+00,-0.000000000000000000e+00,-0.000000000000000000e+00,9.999999999999997780e-01,-0.000000000000000000e+00,-0.000000000000000000e+00
-0.000000000000000000e+00,0.000000000000000000e+00,1.942625242146839848e-01,0.000000000000000000e+00,-0.000000000000000000e+00,-0.000000000000000000e+00,6.198516991563875200e-02,-0.000000000000000000e+00,-4.226973664760291099e-02,-9.319837412253298425e-02,0.000000000000000000e+00,-0.000000000000000000e+00,0.000000000000000000e+00,0.000000000000000000e+00,-0.000000000000000000e+00,-0.000000000000000000e+00,0.000000000000000000e+00,0.000000000000000000e+00,0.000000000000000000e+00,0.000000000000000000e+00,5.696952934211414743e-02,0.000000000000000000e+00,-0.000000000000000000e+00,0.000000000000000000e+00,-0.000000000000000000e+00,0.000000000000000000e+00,0.000000000000000000e+00,1.736948422280926163e-02,0.000000000000000000e+00,-0.000000000000000000e+00,0.000000000000000000e+00,0.000000000000000000e+00,3.567418758880125385e-02,-2.177011833143143171e-01,-0.000000000000000000e+00,-0.000000000000000000e+00,-0.000000000000000000e+00,1.654603176660976560e+00,-7.621619983752425664e-01
-0.000000000000000000e+00,-0.000000000000000000e+00,3.461473789121824463e-02,0.000000000000000000e+00,-0.000000000000000000e+00,-0.000000000000000000e+00,2.358052109545836703e-02,-0.000000000000000000e+00,-3.997258470512748407e-01,-2.760494332788159810e-01,0.000000000000000000e+00,-0.000000000000000000e+00,0.000000000000000000e+00,0.000000000000000000e+00,-0.000000000000000000e+00,-0.000000000000000000e+00,0.000000000000000000e+00,0.000000000000000000e+00,0.000000000000000000e+00,0.000000000000000000e+00,1.471751404432770916e-01,0.000000000000000000e+00,-0.000000000000000000e+00,1.845593019934421361e-02,-0.000000000000000000e+00,0.000000000000000000e+00,0.000000000000000000e+00,0.000000000000000000e+00,6.668718826862543407e-03,-0.000000000000000000e+00,0.000000000000000000e+00,0.000000000000000000e+00,0.000000000000000000e+00,-5.726883882558975875e-02,-5.517630594086904428e-02,-6.570089137680566738e-02,-0.000000000000000000e+00,-7.621619983752425664e-01,1.794812561327534750e+00
