1.202405909070057399e+00,-3.092015380909475253e-01,-0.000000000000000000e+00,0.000000000000000000e+00,-0.000000000000000000e+00,-0.000000000000000000e+00,-0.000000000000000000e+00,0.000000000000000000e+00,0.000000000000000000e+00,-1.084239195480979183e-02,-0.000000000000000000e+00,0.000000000000000000e+00,0.000000000000000000e+00,-0.000000000000000000e+00,0.000000000000000000e+00,-1.713736070992872840e-01,-0.000000000000000000e+00,0.000000000000000000e+00,0.000000000000000000e+00,0.000000000000000000e+00,-0.000000000000000000e+00,-0.000000000000000000e+00,-0.000000000000000000e+00,-0.000000000000000000e+00,-0.000000000000000000e+00,-2.278736219069606994e-01,-0.000000000000000000e+00,-0.000000000000000000e+00,-0.000000000000000000e+00,-0.000000000000000000e+00,-0.000000000000000000e+00,-0.000000000000000000e+00,-0.000000000000000000e+00,0.000000000000000000e+00,-0.000000000000000000e+00,-0.000000000000000000e+00,-0.000000000000000000e+00,0.000000000000000000e+00,0.000000000000000000e+00
-3.092015380909475253e-01,1.447281681029175981e+00,-0.000000000000000000e+00,0.000000000000000000e+00,0.000000000000000000e+00,-0.000000000000000000e+00,-0.000000000000000000e+00,0.000000000000000000e+00,0.000000000000000000e+00,-1.594011585844932466e-01,-0.000000000000000000e+00,0.000000000000000000e+00,0.000000000000000000e+00,-1.180636170046316102e-01,0.000000000000000000e+00,-4.568407382998691812e-02,-0.000000000000000000e+00,0.000000000000000000e+00,0.000000000000000000e+00,0.000000000000000000e+00,-0.000000000000000000e+00,-0.000000000000000000e+00,-1.258333181216455543e-01,-8.673090891105054989e-02,-4.836167596954852460e-02,-1.146456373890680364e-01,-8.591626611963183724e-02,-0.000000000000000000e+00,-1.197011300910564152e-01,-0.000000000000000000e+00,-0.000000000000000000e+00,-1.439408080483314256e-01,-0.000000000000000000e+00,0.000000000000000000e+00,-3.708193104763487201e-03,-0.000000000000000000e+00,-6.824413601380900467e-03,0.000000000000000000e+00,0.000000000000000000e+00
-0.000000000000000000e+00,-0.000000000000000000e+00,1.261943192934157798e+00,-0.000000000000000000e+00,-1.985118340100426870e-01,0.000000000000000000e+00,0.000000000000000000e+00,4.963776538175315167e-01,-0.000000000000000000e+00,-0.000000000000000000e+00,-0.000000000000000000e+00,-0.000000000000000000e+00,0.000000000000000000e+00,-0.000000000000000000e+00,-0.000000000000000000e+00,-0.000000000000000000e+00,-0.000000000000000000e+00,-0.000000000000000000e+00,-0.000000000000000000e+00,-0.000000000000000000e+00,-0.000000000000000000e+00,-1.146325679599640573e-02,-0.000000000000000000e+00,-0.000000000000000000e+00,-0.000000000000000000e+00,-0.000000000000000000e+00,-0.000000000000000000e+00,-0.000000000000000000e+00,-0.000000000000000000e+00,-0.000000000000000000e+00,-0.000000000000000000e+00,-0.000000000000000000e+00,-0.000000000000000000e+00,-0.000000000000000000e+00,-0.000000000000000000e+00,-0.000000000000000000e+00,-0.000000000000000000e+00,-0.000000000000000000e+00,-0.000000000000000000e+00
0.000000000000000000e+00,0.000000000000000000e+00,-0.000000000000000000e+00,1.120842064751923717e+00,-0.000000000000000000e+00,8.061011039367725617e-02,0.000000000000000000e+00,0.000000000000000000e+00,-3.385642408232153455e-02,0.000000000000000000e+00,6.124763495481003531e-03,-5.292598031419572246e-02,-0.000000000000000000e+00,6.094322324999566429e-03,-1.005094393119243396e-01,-0.000000000000000000e+00,1.090787762413759562e-02,-6.894438393917039221e-02,-2.647131663150493336e-03,-0.000000000000000000e+00,0.000000000000000000e+00,0.000000000000000000e+00,0.000000000000000000e+00,0.000000000000000000e+00,0.000000000000000000e+00,0.000000000000000000e+00,0.000000000000000000e+00,4.184031098507708796e-02,0.000000000000000000e+00,-0.000000000000000000e+00,0.000000000000000000e+00,0.000000000000000000e+00,0.000000000000000000e+00,-5.871974489892984456e-02,8.563282088881038132e-03,-0.000000000000000000e+00,8.418563345234709311e-03,-3.626442900198732777e-02,-2.782778459833331122e-02
-0.000000000000000000e+00,0.000000000000000000e+00,-1.985118340100426870e-01,-0.000000000000000000e+00,1.142747914455058078e+00,0.000000000000000000e+00,0.000000000000000000e+00,1.601736672159835562e-01,-1.124281418320769999e-01,0.000000000000000000e+00,0.000000000000000000e+00,-0.000000000000000000e+00,-0.000000000000000000e+00,0.000000000000000000e+00,-0.000000000000000000e+00,-0.000000000000000000e+00,0.000000000000000000e+00,-0.000000000000000000e+00,-0.000000000000000000e+00,-0.000000000000000000e+00,0.000000000000000000e+00,-0.000000000000000000e+00,0.000000000000000000e+00,0.000000000000000000e+00,0.000000000000000000e+00,0.000000000000000000e+00,0.000000000000000000e+00,0.000000000000000000e+00,0.000000000000000000e+00,-1.706651980376931166e-01,0.000000000000000000e+00,0.000000000000000000e+00,0.000000000000000000e+00,-4.658859808275508246e-02,0.000000000000000000e+00,-0.000000000000000000e+00,0.000000000000000000e+00,-0.000000000000000000e+00,-0.000000000000000000e+00
-0.000000000000000000e+00,-0.000000000000000000e+00,0.000000000000000000e+00,8.061011039367725617e-02,0.000000000000000000e+00,1.669554796425323007e+00,-4.490932328790198103e-02,-0.000000000000000000e+00,8.800825769107235852e-02,-1.500664631675583532e-02,-9.367021454082265219e-02,9.328908838204531817e-02,0.000000000000000000e+00,-8.083366197447719448e-02,8.975943910360090205e-02,-0.000000000000000000e+00,-1.068607944155845202e-01,8.681377198472085832e-02,5.494800251821237158e-02,0.000000000000000000e+00,-4.755925418734522486e-02,-0.000000000000000000e+00,-2.210980079761848058e-02,-0.000000000000000000e+00,-2.378529832072356215e-02,-0.000000000000000000e+00,-2.335309488643015283e-02,-8.044971852551850711e-02,-4.263161059898918498e-02,0.000000000000000000e+00,-5.353644455795211060e-02,-2.791703032579099034e-02,-1.064360562222943091e-01,1.011957242673375001e-01,-9.433187952894882267e-02,0.000000000000000000e+00,-9.396277118872975453e-02,7.906588697823088707e-02,9.942939771169351237e-02
-0.000000000000000000e+00,-0.000000000000000000e+00,0.000000000000000000e+00,0.000000000000000000e+00,0.000000000000000000e+00,-4.490932328790198103e-02,1.519347723116556859e+00,-0.000000000000000000e+00,1.457106146929715851e-01,-0.000000000000000000e+00,-7.977665124006337594e-02,1.286577407499562009e-01,0.000000000000000000e+00,-0.000000000000000000e+00,7.491256529278757237e-02,0.000000000000000000e+00,-3.008973557968534426e-02,7.422019773580783297e-02,6.403327094392159691e-02,0.000000000000000000e+00,-4.075881889537873864e-02,-0.000000000000000000e+00,-0.000000000000000000e+00,-0.000000000000000000e+00,-0.000000000000000000e+00,-0.000000000000000000e+00,-0.000000000000000000e+00,-4.177976868739499000e-02,-0.000000000000000000e+00,2.565533137385761671e-03,-9.774920115000043652e-02,-0.000000000000000000e+00,-2.972620986051905181e-02,1.245675041620185192e-01,-4.640133823730255291e-02,3.700176012738278647e-02,-6.804675150692773844e-02,1.296362738830980910e-01,1.210327297812291425e-01
0.000000000000000000e+00,0.000000000000000000e+00,4.963776538175315167e-01,0.000000000000000000e+00,1.601736672159835562e-01,-0.000000000000000000e+00,-0.000000000000000000e+00,1.249137578310050234e+00,0.000000000000000000e+00,0.000000000000000000e+00,-0.000000000000000000e+00,0.000000000000000000e+00,-0.000000000000000000e+00,0.000000000000000000e+00,0.000000000000000000e+00,0.000000000000000000e+00,0.000000000000000000e+00,0.000000000000000000e+00,0.000000000000000000e+00,0.000000000000000000e+00,0.000000000000000000e+00,0.000000000000000000e+00,0.000000000000000000e+00,0.000000000000000000e+00,0.000000000000000000e+00,0.000000000000000000e+00,0.000000000000000000e+00,0.000000000000000000e+00,0.000000000000000000e+00,0.000000000000000000e+00,0.000000000000000000e+00,0.000000000000000000e+00,0.000000000000000000e+00,0.000000000000000000e+00,0.000000000000000000e+00,0.000000000000000000e+00,0.000000000000000000e+00,0.000000000000000000e+00,0.000000000000000000e+00
0.000000000000000000e+00,0.000000000000000000e+00,-0.000000000000000000e+00,-3.385642408232153455e-02,-1.124281418320769999e-01,8.800825769107235852e-02,1.457106146929715851e-01,0.000000000000000000e+00,1.602193718498492681e+00,0.000000000000000000e+00,7.822276028192748365e-02,-1.310998044690800945e-01,-0.000000000000000000e+00,0.000000000000000000e+00,-8.382244906760007164e-02,-0.000000000000000000e+00,4.119924262521987290e-02,-3.232791354982858523e-02,-8.679490560714489544e-02,-0.000000000000000000e+00,2.775288043094387494e-02,0.000000000000000000e+00,0.000000000000000000e+00,0.000000000000000000e+00,0.000000000000000000e+00,0.000000000000000000e+00,0.000000000000000000e+00,0.000000000000000000e+00,0.000000000000000000e+00,-1.260526393126785161e-01,2.113193523966030302e-02,0.000000000000000000e+00,0.000000000000000000e+00,-1.932759385839538102e-01,3.673377872823069962e-02,-5.306126372825788196e-02,2.988128285715707655e-02,-1.487276404021512788e-01,-1.840270406959775840e-01
-1.084239195480979183e-02,-1.594011585844932466e-01,-0.000000000000000000e+00,0.000000000000000000e+00,0.000000000000000000e+00,-1.500664631675583532e-02,-0.000000000000000000e+00,0.000000000000000000e+00,0.000000000000000000e+00,1.529842195212095524e+00,-1.270557055783553407e-02,0.000000000000000000e+00,0.000000000000000000e+00,-1.113706860362506101e-01,0.000000000000000000e+00,-0.000000000000000000e+00,-5.221234902385051696e-02,0.000000000000000000e+00,0.000000000000000000e+00,0.000000000000000000e+00,-3.891706436813771597e-02,-0.000000000000000000e+00,-1.263579664572312966e-01,-1.005219818995950753e-01,-1.347865506437884719e-01,-1.550853602713489765e-01,-1.034317747202857241e-01,-3.725333477164791823e-02,-1.159188325122185032e-01,0.000000000000000000e+00,-1.764183030162519081e-02,-9.047420654248755634e-02,-3.915238282887918003e-02,0.000000000000000000e+00,-8.825974219288798550e-02,0.000000000000000000e+00,-8.009868706775673253e-02,0.000000000000000000e+00,0.000000000000000000e+00
-0.000000000000000000e+00,-0.000000000000000000e+00,-0.000000000000000000e+00,6.124763495481003531e-03,0.000000000000000000e+00,-9.367021454082265219e-02,-7.977665124006337594e-02,-0.000000000000000000e+00,7.822276028192748365e-02,-1.270557055783553407e-02,1.707712766576868546e+00,9.491772828577503540e-02,5.005104375958412642e-03,-5.317547461901159928e-02,4.712630573672713791e-02,-0.000000000000000000e+00,-1.286628460877820845e-01,8.206317361344744876e-02,2.328279993405720644e-02,0.000000000000000000e+00,-1.145115045952317390e-01,-0.000000000000000000e+00,-0.000000000000000000e+00,-0.000000000000000000e+00,-0.000000000000000000e+00,-0.000000000000000000e+00,-7.520414290260235557e-02,-7.800413334806001464e-02,-6.208866146032256811e-02,0.000000000000000000e+00,-1.152773718242970230e-01,-5.745393297181805581e-02,-9.921552450409315549e-02,9.894782772689657280e-02,-8.213779874804708059e-02,0.000000000000000000e+00,-8.942102420944755825e-02,8.324733881005323688e-02,8.516071497135503654e-02
0.000000000000000000e+00,0.000000000000000000e+00,-0.000000000000000000e+00,-5.292598031419572246e-02,-0.000000000000000000e+00,9.328908838204531817e-02,1.286577407499562009e-01,0.000000000000000000e+00,-1.310998044690800945e-01,0.000000000000000000e+00,9.491772828577503540e-02,1.693077836705729089e+00,-0.000000000000000000e+00,1.959592933579808183e-02,-1.290602690929904539e-01,0.000000000000000000e+00,1.014728133485059275e-01,-1.193921566075487606e-01,-9.204879651160048637e-02,-0.000000000000000000e+00,4.219271802924302178e-02,0.000000000000000000e+00,0.000000000000000000e+00,0.000000000000000000e+00,0.000000000000000000e+00,0.000000000000000000e+00,1.142982372962915091e-02,5.700499258890777410e-02,1.293642563947152747e-02,-0.000000000000000000e+00,5.756509064823188415e-02,0.000000000000000000e+00,3.994549197383497757e-02,-1.413773699075653589e-01,8.633935739869243176e-02,-0.000000000000000000e+00,7.979420200166036092e-02,-9.744088778924937799e-02,-1.229057675317955234e-01
0.000000000000000000e+00,0.000000000000000000e+00,0.000000000000000000e+00,-0.000000000000000000e+00,-0.000000000000000000e+00,0.000000000000000000e+00,0.000000000000000000e+00,-0.000000000000000000e+00,-0.000000000000000000e+00,0.000000000000000000e+00,5.005104375958412642e-03,-0.000000000000000000e+00,1.163395872206353987e+00,0.000000000000000000e+00,-0.000000000000000000e+00,0.000000000000000000e+00,0.000000000000000000e+00,-0.000000000000000000e+00,-0.000000000000000000e+00,-0.000000000000000000e+00,1.886060156644183694e-01,0.000000000000000000e+00,0.000000000000000000e+00,0.000000000000000000e+00,0.000000000000000000e+00,1.035647464844670629e-01,7.271397277920903235e-02,0.000000000000000000e+00,2.372726318410245741e-02,-0.000000000000000000e+00,1.522983880217402275e-01,5.577256383896055103e-02,3.625249280466505148e-04,-0.000000000000000000e+00,3.357492171562840872e-03,-0.000000000000000000e+00,1.829997476383470739e-02,-0.000000000000000000e+00,-0.000000000000000000e+00
-0.000000000000000000e+00,-1.180636170046316102e-01,-0.000000000000000000e+00,6.094322324999566429e-03,0.000000000000000000e+00,-8.083366197447719448e-02,-0.000000000000000000e+00,0.000000000000000000e+00,0.000000000000000000e+00,-1.113706860362506101e-01,-5.317547461901159928e-02,1.959592933579808183e-02,0.000000000000000000e+00,1.624317426577625456e+00,0.000000000000000000e+00,-0.000000000000000000e+00,-9.275243660892773523e-02,0.000000000000000000e+00,0.000000000000000000e+00,0.000000000000000000e+00,-4.681137046642361299e-02,-0.000000000000000000e+00,-1.212511309390275627e-01,-7.848254333078188982e-02,-8.583639068042991926e-02,-7.551485995420996467e-02,-7.595361171551563706e-02,-6.348505374319729500e-02,-1.536659884211882821e-01,0.000000000000000000e+00,-2.056564795226137679e-02,-1.441486220692838327e-01,-8.638141252980079121e-02,0.000000000000000000e+00,-1.199682145778175335e-01,0.000000000000000000e+00,-1.021907785753110864e-01,0.000000000000000000e+00,0.000000000000000000e+00
0.000000000000000000e+00,0.000000000000000000e+00,-0.000000000000000000e+00,-1.005094393119243396e-01,-0.000000000000000000e+00,8.975943910360090205e-02,7.491256529278757237e-02,0.000000000000000000e+00,-8.382244906760007164e-02,0.000000000000000000e+00,4.712630573672713791e-02,-1.290602690929904539e-01,-0.000000000000000000e+00,0.000000000000000000e+00,1.521138847180232512e+00,-0.000000000000000000e+00,7.890921418103877261e-02,-1.890652853387463361e-01,-1.757107415230004799e-01,-0.000000000000000000e+00,0.000000000000000000e+00,0.000000000000000000e+00,0.000000000000000000e+00,0.000000000000000000e+00,0.000000000000000000e+00,0.000000000000000000e+00,0.000000000000000000e+00,3.746123796582240956e-02,0.000000000000000000e+00,-2.995679500250359589e-02,1.501804909200739509e-02,0.000000000000000000e+00,6.006514101206890215e-03,-1.234250555188971116e-01,3.571587902667359982e-02,-0.000000000000000000e+00,2.867576076229357354e-02,-8.881465914963189434e-02,-7.307245566353266775e-02
-1.713736070992872840e-01,-4.568407382998691812e-02,-0.000000000000000000e+00,-0.000000000000000000e+00,-0.000000000000000000e+00,-0.000000000000000000e+00,0.000000000000000000e+00,0.000000000000000000e+00,-0.000000000000000000e+00,-0.000000000000000000e+00,-0.000000000000000000e+00,0.000000000000000000e+00,0.000000000000000000e+00,-0.000000000000000000e+00,-0.000000000000000000e+00,1.039384518885392072e+00,-0.000000000000000000e+00,-0.000000000000000000e+00,-0.000000000000000000e+00,-0.000000000000000000e+00,-0.000000000000000000e+00,-0.000000000000000000e+00,-0.000000000000000000e+00,-0.000000000000000000e+00,-0.000000000000000000e+00,-0.000000000000000000e+00,-0.000000000000000000e+00,-0.000000000000000000e+00,-0.000000000000000000e+00,-6.554244178756311878e-02,-0.000000000000000000e+00,-0.000000000000000000e+00,-0.000000000000000000e+00,-0.000000000000000000e+00,-0.000000000000000000e+00,-1.882237443023867737e-02,-0.000000000000000000e+00,-0.000000000000000000e+00,-0.000000000000000000e+00
-0.000000000000000000e+00,-0.000000000000000000e+00,-0.000000000000000000e+00,1.090787762413759562e-02,0.000000000000000000e+00,-1.068607944155845202e-01,-3.008973557968534426e-02,0.000000000000000000e+00,4.119924262521987290e-02,-5.221234902385051696e-02,-1.286628460877820845e-01,1.014728133485059275e-01,0.000000000000000000e+00,-9.275243660892773523e-02,7.890921418103877261e-02,-0.000000000000000000e+00,1.642297885730840790e+00,1.122194148531964891e-01,4.129464951475567830e-02,0.000000000000000000e+00,-9.092780764233683588e-02,-0.000000000000000000e+00,-9.053347160336674060e-04,-0.000000000000000000e+00,-0.000000000000000000e+00,-0.000000000000000000e+00,-5.328012004481328528e-02,-6.752631882499479654e-02,-6.288282054000397803e-02,0.000000000000000000e+00,-7.959508430668647827e-02,-5.067458985112636288e-02,-8.770729048315341336e-02,9.376025056132682167e-02,-6.422538673701158607e-02,0.000000000000000000e+00,-6.614384150127981810e-02,5.058196989733632076e-02,7.404961537307302999e-02
0.000000000000000000e+00,0.000000000000000000e+00,-0.000000000000000000e+00,-6.894438393917039221e-02,-0.000000000000000000e+00,8.681377198472085832e-02,7.422019773580783297e-02,0.000000000000000000e+00,-3.232791354982858523e-02,0.000000000000000000e+00,8.206317361344744876e-02,-1.193921566075487606e-01,-0.000000000000000000e+00,0.000000000000000000e+00,-1.890652853387463361e-01,-0.000000000000000000e+00,1.122194148531964891e-01,1.543472071108198174e+00,-2.407927254689583019e-01,-0.000000000000000000e+00,0.000000000000000000e+00,0.000000000000000000e+00,0.000000000000000000e+00,0.000000000000000000e+00,0.000000000000000000e+00,0.000000000000000000e+00,0.000000000000000000e+00,5.985983210361235651e-02,0.000000000000000000e+00,-0.000000000000000000e+00,5.958350868648752685e-02,0.000000000000000000e+00,7.159046737798260840e-02,-6.260319865691353625e-02,4.157498710507563514e-04,-0.000000000000000000e+00,2.949246775091284717e-02,-1.004101907798446991e-01,-3.830243539647571610e-02
0.000000000000000000e+00,0.000000000000000000e+00,-0.000000000000000000e+00,-2.647131663150493336e-03,-0.000000000000000000e+00,5.494800251821237158e-02,6.403327094392159691e-02,0.000000000000000000e+00,-8.679490560714489544e-02,0.000000000000000000e+00,2.328279993405720644e-02,-9.204879651160048637e-02,-0.000000000000000000e+00,0.000000000000000000e+00,-1.757107415230004799e-01,-0.000000000000000000e+00,4.129464951475567830e-02,-2.407927254689583019e-01,1.415343919951896900e+00,-0.000000000000000000e+00,0.000000000000000000e+00,0.000000000000000000e+00,0.000000000000000000e+00,0.000000000000000000e+00,0.000000000000000000e+00,0.000000000000000000e+00,0.000000000000000000e+00,0.000000000000000000e+00,0.000000000000000000e+00,-9.960807293305799781e-02,0.000000000000000000e+00,0.000000000000000000e+00,0.000000000000000000e+00,-6.788331597088693992e-02,0.000000000000000000e+00,-0.000000000000000000e+00,0.000000000000000000e+00,-1.259918456887587357e-01,-9.263592798047501353e-02
0.000000000000000000e+00,0.000000000000000000e+00,-0.000000000000000000e+00,-0.000000000000000000e+00,-0.000000000000000000e+00,0.000000000000000000e+00,0.000000000000000000e+00,0.000000000000000000e+00,-0.000000000000000000e+00,0.000000000000000000e+00,0.000000000000000000e+00,-0.000000000000000000e+00,-0.000000000000000000e+00,0.000000000000000000e+00,-0.000000000000000000e+00,-0.000000000000000000e+00,0.000000000000000000e+00,-0.000000000000000000e+00,-0.000000000000000000e+00,1.000000000000000888e+00,0.000000000000000000e+00,-0.000000000000000000e+00,0.000000000000000000e+00,0.000000000000000000e+00,0.000000000000000000e+00,0.000000000000000000e+00,0.000000000000000000e+00,0.000000000000000000e+00,0.000000000000000000e+00,-0.000000000000000000e+00,0.000000000000000000e+00,0.000000000000000000e+00,0.000000000000000000e+00,-0.000000000000000000e+00,0.000000000000000000e+00,-0.000000000000000000e+00,0.000000000000000000e+00,-0.000000000000000000e+00,-0.000000000000000000e+00
-0.000000000000000000e+00,-0.000000000000000000e+00,-0.000000000000000000e+00,0.000000000000000000e+00,0.000000000000000000e+00,-4.755925418734522486e-02,-4.075881889537873864e-02,0.000000000000000000e+00,2.775288043094387494e-02,-3.891706436813771597e-02,-1.145115045952317390e-01,4.219271802924302178e-02,1.886060156644183694e-01,-4.681137046642361299e-02,0.000000000000000000e+00,-0.000000000000000000e+00,-9.092780764233683588e-02,0.000000000000000000e+00,0.000000000000000000e+00,0.000000000000000000e+00,1.541101914215739832e+00,-0.000000000000000000e+00,-0.000000000000000000e+00,-0.000000000000000000e+00,-0.000000000000000000e+00,-4.726798143218085418e-02,-7.001837439091192217e-02,-1.153205338008381625e-01,-3.881551958147867049e-02,0.000000000000000000e+00,-1.503496012712754737e-01,-1.173951298359143802e-02,-1.593752923463743199e-01,2.629416790731233314e-02,-4.721351517325723945e-02,0.000000000000000000e+00,-4.537455719942235649e-02,5.924690573629866341e-02,7.573838571518846929e-02
-0.000000000000000000e+00,-0.000000000000000000e+00,-1.146325679599640573e-02,0.000000000000000000e+00,-0.000000000000000000e+00,-0.000000000000000000e+00,-0.000000000000000000e+00,0.000000000000000000e+00,0.000000000000000000e+00,-0.000000000000000000e+00,-0.000000000000000000e+00,0.000000000000000000e+00,0.000000000000000000e+00,-0.000000000000000000e+00,0.000000000000000000e+00,-0.000000000000000000e+00,-0.000000000000000000e+00,0.000000000000000000e+00,0.000000000000000000e+00,-0.000000000000000000e+00,-0.000000000000000000e+00,1.000131388993303228e+00,-0.000000000000000000e+00,-0.000000000000000000e+00,-0.000000000000000000e+00,-0.000000000000000000e+00,-0.000000000000000000e+00,-0.000000000000000000e+00,-0.000000000000000000e+00,-0.000000000000000000e+00,-0.000000000000000000e+00,-0.000000000000000000e+00,-0.000000000000000000e+00,0.000000000000000000e+00,-0.000000000000000000e+00,-0.000000000000000000e+00,-0.000000000000000000e+00,0.000000000000000000e+00,0.000000000000000000e+00
-0.000000000000000000e+00,-1.258333181216455543e-01,-0.000000000000000000e+00,0.000000000000000000e+00,0.000000000000000000e+00,-2.210980079761848058e-02,-0.000000000000000000e+00,0.000000000000000000e+00,0.000000000000000000e+00,-1.263579664572312966e-01,-0.000000000000000000e+00,0.000000000000000000e+00,0.000000000000000000e+00,-1.212511309390275627e-01,0.000000000000000000e+00,-0.000000000000000000e+00,-9.053347160336674060e-04,0.000000000000000000e+00,0.000000000000000000e+00,0.000000000000000000e+00,-0.000000000000000000e+00,-0.000000000000000000e+00,1.425719048370921005e+00,-2.342301227244096007e-01,-3.552243757997101681e-01,-0.000000000000000000e+00,-0.000000000000000000e+00,-0.000000000000000000e+00,-5.923154341222674341e-02,0.000000000000000000e+00,-0.000000000000000000e+00,-4.555298855390768620e-02,-0.000000000000000000e+00,0.000000000000000000e+00,-4.800051022200717277e-02,-0.000000000000000000e+00,-3.878174154790217654e-02,0.000000000000000000e+00,0.000000000000000000e+00
-0.000000000000000000e+00,-8.673090891105054989e-02,-0.000000000000000000e+00,0.000000000000000000e+00,0.000000000000000000e+00,-0.000000000000000000e+00,-0.000000000000000000e+00,0.000000000000000000e+00,0.000000000000000000e+00,-1.005219818995950753e-01,-0.000000000000000000e+00,0.000000000000000000e+00,0.000000000000000000e+00,-7.848254333078188982e-02,0.000000000000000000e+00,-0.000000000000000000e+00,-0.000000000000000000e+00,0.000000000000000000e+00,0.000000000000000000e+00,0.000000000000000000e+00,-0.000000000000000000e+00,-0.000000000000000000e+00,-2.342301227244096007e-01,1.355279701224177291e+00,-2.734137706402354762e-01,-0.000000000000000000e+00,-9.569819676894034122e-03,-0.000000000000000000e+00,-7.455719144013593647e-02,0.000000000000000000e+00,-0.000000000000000000e+00,-1.091834177759072183e-01,-0.000000000000000000e+00,0.000000000000000000e+00,-4.891807486068112942e-02,-0.000000000000000000e+00,-2.835427749935029440e-02,0.000000000000000000e+00,0.000000000000000000e+00
-0.000000000000000000e+00,-4.836167596954852460e-02,-0.000000000000000000e+00,0.000000000000000000e+00,0.000000000000000000e+00,-2.378529832072356215e-02,-0.000000000000000000e+00,0.000000000000000000e+00,0.000000000000000000e+00,-1.347865506437884719e-01,-0.000000000000000000e+00,0.000000000000000000e+00,0.000000000000000000e+00,-8.583639068042991926e-02,0.000000000000000000e+00,-0.000000000000000000e+00,-0.000000000000000000e+00,0.000000000000000000e+00,0.000000000000000000e+00,0.000000000000000000e+00,-0.000000000000000000e+00,-0.000000000000000000e+00,-3.552243757997101681e-01,-2.734137706402354762e-01,1.362902045980417975e+00,-0.000000000000000000e+00,-0.000000000000000000e+00,-0.000000000000000000e+00,-1.687457092491099001e-02,0.000000000000000000e+00,-0.000000000000000000e+00,-3.108888959420683280e-03,-0.000000000000000000e+00,0.000000000000000000e+00,-2.803543632155374929e-02,-0.000000000000000000e+00,-3.576355335521747003e-02,0.000000000000000000e+00,0.000000000000000000e+00
-2.278736219069606994e-01,-1.146456373890680364e-01,-0.000000000000000000e+00,0.000000000000000000e+00,0.000000000000000000e+00,-0.000000000000000000e+00,-0.000000000000000000e+00,0.000000000000000000e+00,0.000000000000000000e+00,-1.550853602713489765e-01,-0.000000000000000000e+00,0.000000000000000000e+00,1.035647464844670629e-01,-7.551485995420996467e-02,0.000000000000000000e+00,-0.000000000000000000e+00,-0.000000000000000000e+00,0.000000000000000000e+00,0.000000000000000000e+00,0.000000000000000000e+00,-4.726798143218085418e-02,-0.000000000000000000e+00,-0.000000000000000000e+00,-0.000000000000000000e+00,-0.000000000000000000e+00,1.413491344149572670e+00,-1.356825807041322496e-01,-6.897462138997893788e-02,-1.601187089984940082e-01,0.000000000000000000e+00,-2.901289718864374922e-02,-1.113100292332354219e-01,-3.080154723935094041e-02,0.000000000000000000e+00,-1.548186084923125136e-02,0.000000000000000000e+00,-5.498477194021094208e-03,0.000000000000000000e+00,0.000000000000000000e+00
-0.000000000000000000e+00,-8.591626611963183724e-02,-0.000000000000000000e+00,0.000000000000000000e+00,0.000000000000000000e+00,-2.335309488643015283e-02,-0.000000000000000000e+00,0.000000000000000000e+00,0.000000000000000000e+00,-1.034317747202857241e-01,-7.520414290260235557e-02,1.142982372962915091e-02,7.271397277920903235e-02,-7.595361171551563706e-02,0.000000000000000000e+00,-0.000000000000000000e+00,-5.328012004481328528e-02,0.000000000000000000e+00,0.000000000000000000e+00,0.000000000000000000e+00,-7.001837439091192217e-02,-0.000000000000000000e+00,-0.000000000000000000e+00,-9.569819676894034122e-03,-0.000000000000000000e+00,-1.356825807041322496e-01,1.562299809068184331e+00,-3.810494087343203884e-02,-1.166750326103057900e-01,0.000000000000000000e+00,-9.951805112167418088e-02,-1.663894590326121803e-01,-9.558639582560317371e-02,1.827524928343624011e-02,-1.147386227006950560e-01,0.000000000000000000e+00,-1.325943169282675083e-01,0.000000000000000000e+00,0.000000000000000000e+00
-0.000000000000000000e+00,-0.000000000000000000e+00,-0.000000000000000000e+00,4.184031098507708796e-02,0.000000000000000000e+00,-8.044971852551850711e-02,-4.177976868739499000e-02,0.000000000000000000e+00,0.000000000000000000e+00,-3.725333477164791823e-02,-7.800413334806001464e-02,5.700499258890777410e-02,0.000000000000000000e+00,-6.348505374319729500e-02,3.746123796582240956e-02,-0.000000000000000000e+00,-6.752631882499479654e-02,5.985983210361235651e-02,0.000000000000000000e+00,0.000000000000000000e+00,-1.153205338008381625e-01,-0.000000000000000000e+00,-0.000000000000000000e+00,-0.000000000000000000e+00,-0.000000000000000000e+00,-6.897462138997893788e-02,-3.810494087343203884e-02,1.493701491165255080e+00,-4.625752530070197099e-02,0.000000000000000000e+00,-1.621365503526204510e-01,-0.000000000000000000e+00,-1.920947646163763955e-01,5.123898922746782623e-03,-4.774677808322584649e-02,0.000000000000000000e+00,-3.684898435996986771e-02,3.466988988111574521e-02,4.751735030743003962e-02
-0.000000000000000000e+00,-1.197011300910564152e-01,-0.000000000000000000e+00,0.000000000000000000e+00,0.000000000000000000e+00,-4.263161059898918498e-02,-0.000000000000000000e+00,0.000000000000000000e+00,0.000000000000000000e+00,-1.159188325122185032e-01,-6.208866146032256811e-02,1.293642563947152747e-02,2.372726318410245741e-02,-1.536659884211882821e-01,0.000000000000000000e+00,-0.000000000000000000e+00,-6.288282054000397803e-02,0.000000000000000000e+00,0.000000000000000000e+00,0.000000000000000000e+00,-3.881551958147867049e-02,-0.000000000000000000e+00,-5.923154341222674341e-02,-7.455719144013593647e-02,-1.687457092491099001e-02,-1.601187089984940082e-01,-1.166750326103057900e-01,-4.625752530070197099e-02,1.636892777778063968e+00,0.000000000000000000e+00,-4.327243687219435586e-02,-1.757180017318504262e-01,-5.635860088278418778e-02,2.253793443282098991e-03,-1.413453352620420711e-01,0.000000000000000000e+00,-1.235341160844106584e-01,0.000000000000000000e+00,0.000000000000000000e+00
-0.000000000000000000e+00,-0.000000000000000000e+00,-0.000000000000000000e+00,-0.000000000000000000e+00,-1.706651980376931166e-01,0.000000000000000000e+00,2.565533137385761671e-03,0.000000000000000000e+00,-1.260526393126785161e-01,0.000000000000000000e+00,0.000000000000000000e+00,-0.000000000000000000e+00,-0.000000000000000000e+00,0.000000000000000000e+00,-2.995679500250359589e-02,-6.554244178756311878e-02,0.000000000000000000e+00,-0.000000000000000000e+00,-9.960807293305799781e-02,-0.000000000000000000e+00,0.000000000000000000e+00,-0.000000000000000000e+00,0.000000000000000000e+00,0.000000000000000000e+00,0.000000000000000000e+00,0.000000000000000000e+00,0.000000000000000000e+00,0.000000000000000000e+00,0.000000000000000000e+00,1.198163493354243103e+00,0.000000000000000000e+00,0.000000000000000000e+00,0.000000000000000000e+00,-1.149448421014518176e-02,0.000000000000000000e+00,-2.765620520827514750e-01,0.000000000000000000e+00,-5.977038656447874326e-02,-4.395042145673781070e-02
-0.000000000000000000e+00,-0.000000000000000000e+00,-0.000000000000000000e+00,0.000000000000000000e+00,0.000000000000000000e+00,-5.353644455795211060e-02,-9.774920115000043652e-02,0.000000000000000000e+00,2.113193523966030302e-02,-1.764183030162519081e-02,-1.152773718242970230e-01,5.756509064823188415e-02,1.522983880217402275e-01,-2.056564795226137679e-02,1.501804909200739509e-02,-0.000000000000000000e+00,-7.959508430668647827e-02,5.958350868648752685e-02,0.000000000000000000e+00,0.000000000000000000e+00,-1.503496012712754737e-01,-0.000000000000000000e+00,-0.000000000000000000e+00,-0.000000000000000000e+00,-0.000000000000000000e+00,-2.901289718864374922e-02,-9.951805112167418088e-02,-1.621365503526204510e-01,-4.327243687219435586e-02,0.000000000000000000e+00,1.649145079478437248e+00,-3.929925746898511180e-02,-1.509406263526231751e-01,3.544012275276451490e-02,-6.160060303233065582e-02,0.000000000000000000e+00,-8.098476747296148859e-02,9.233534082655163455e-02,4.917809233718985901e-02
-0.000000000000000000e+00,-1.439408080483314256e-01,-0.000000000000000000e+00,0.000000000000000000e+00,0.000000000000000000e+00,-2.791703032579099034e-02,-0.000000000000000000e+00,0.000000000000000000e+00,0.000000000000000000e+00,-9.047420654248755634e-02,-5.745393297181805581e-02,0.000000000000000000e+00,5.577256383896055103e-02,-1.441486220692838327e-01,0.000000000000000000e+00,-0.000000000000000000e+00,-5.067458985112636288e-02,0.000000000000000000e+00,0.000000000000000000e+00,0.000000000000000000e+00,-1.173951298359143802e-02,-0.000000000000000000e+00,-4.555298855390768620e-02,-1.091834177759072183e-01,-3.108888959420683280e-03,-1.113100292332354219e-01,-1.663894590326121803e-01,-0.000000000000000000e+00,-1.757180017318504262e-01,0.000000000000000000e+00,-3.929925746898511180e-02,1.595383265285843288e+00,-2.918843381312764829e-02,0.000000000000000000e+00,-1.424511235442280921e-01,0.000000000000000000e+00,-1.553781240000527142e-01,0.000000000000000000e+00,0.000000000000000000e+00
-0.000000000000000000e+00,-0.000000000000000000e+00,-0.000000000000000000e+00,0.000000000000000000e+00,0.000000000000000000e+00,-1.064360562222943091e-01,-2.972620986051905181e-02,0.000000000000000000e+00,0.000000000000000000e+00,-3.915238282887918003e-02,-9.921552450409315549e-02,3.994549197383497757e-02,3.625249280466505148e-04,-8.638141252980079121e-02,6.006514101206890215e-03,-0.000000000000000000e+00,-8.770729048315341336e-02,7.159046737798260840e-02,0.000000000000000000e+00,0.000000000000000000e+00,-1.593752923463743199e-01,-0.000000000000000000e+00,-0.000000000000000000e+00,-0.000000000000000000e+00,-0.000000000000000000e+00,-3.080154723935094041e-02,-9.558639582560317371e-02,-1.920947646163763955e-01,-5.635860088278418778e-02,0.000000000000000000e+00,-1.509406263526231751e-01,-2.918843381312764829e-02,1.584704958586970580e+00,1.548065876998758542e-02,-5.721545676539782632e-02,0.000000000000000000e+00,-7.701531981864753740e-02,3.682014597417605783e-02,3.021247898679928212e-02
0.000000000000000000e+00,0.000000000000000000e+00,-0.000000000000000000e+00,-5.871974489892984456e-02,-4.658859808275508246e-02,1.011957242673375001e-01,1.245675041620185192e-01,0.000000000000000000e+00,-1.932759385839538102e-01,0.000000000000000000e+00,9.894782772689657280e-02,-1.413773699075653589e-01,-0.000000000000000000e+00,0.000000000000000000e+00,-1.234250555188971116e-01,-0.000000000000000000e+00,9.376025056132682167e-02,-6.260319865691353625e-02,-6.788331597088693992e-02,-0.000000000000000000e+00,2.629416790731233314e-02,0.000000000000000000e+00,0.000000000000000000e+00,0.000000000000000000e+00,0.000000000000000000e+00,0.000000000000000000e+00,1.827524928343624011e-02,5.123898922746782623e-03,2.253793443282098991e-03,-1.149448421014518176e-02,3.544012275276451490e-02,0.000000000000000000e+00,1.548065876998758542e-02,1.645149796917517060e+00,8.871609113776983413e-02,-0.000000000000000000e+00,7.642693298927689949e-02,-1.055217426886165266e-01,-1.437189416031656453e-01
-0.000000000000000000e+00,-3.708193104763487201e-03,-0.000000000000000000e+00,8.563282088881038132e-03,0.000000000000000000e+00,-9.433187952894882267e-02,-4.640133823730255291e-02,0.000000000000000000e+00,3.673377872823069962e-02,-8.825974219288798550e-02,-8.213779874804708059e-02,8.633935739869243176e-02,3.357492171562840872e-03,-1.199682145778175335e-01,3.571587902667359982e-02,-0.000000000000000000e+00,-6.422538673701158607e-02,4.157498710507563514e-04,0.000000000000000000e+00,0.000000000000000000e+00,-4.721351517325723945e-02,-0.000000000000000000e+00,-4.800051022200717277e-02,-4.891807486068112942e-02,-2.803543632155374929e-02,-1.548186084923125136e-02,-1.147386227006950560e-01,-4.774677808322584649e-02,-1.413453352620420711e-01,0.000000000000000000e+00,-6.160060303233065582e-02,-1.424511235442280921e-01,-5.721545676539782632e-02,8.871609113776983413e-02,1.659947940825415413e+00,0.000000000000000000e+00,-1.486587021583579138e-01,9.374691379789584431e-03,2.490505375802410173e-02
-0.000000000000000000e+00,-0.000000000000000000e+00,-0.000000000000000000e+00,-0.000000000000000000e+00,-0.000000000000000000e+00,0.000000000000000000e+00,3.700176012738278647e-02,0.000000000000000000e+00,-5.306126372825788196e-02,0.000000000000000000e+00,0.000000000000000000e+00,-0.000000000000000000e+00,-0.000000000000000000e+00,0.000000000000000000e+00,-0.000000000000000000e+00,-1.882237443023867737e-02,0.000000000000000000e+00,-0.000000000000000000e+00,-0.000000000000000000e+00,-0.000000000000000000e+00,0.000000000000000000e+00,-0.000000000000000000e+00,-0.000000000000000000e+00,-0.000000000000000000e+00,-0.000000000000000000e+00,0.000000000000000000e+00,0.000000000000000000e+00,0.000000000000000000e+00,0.000000000000000000e+00,-2.765620520827514750e-01,0.000000000000000000e+00,0.000000000000000000e+00,0.000000000000000000e+00,-0.000000000000000000e+00,0.000000000000000000e+00,1.116089804374952754e+00,0.000000000000000000e+00,-7.737316990751443024e-02,-4.949670387955110162e-02
-0.000000000000000000e+00,-6.824413601380900467e-03,-0.000000000000000000e+00,8.418563345234709311e-03,0.000000000000000000e+00,-9.396277118872975453e-02,-6.804675150692773844e-02,0.000000000000000000e+00,2.988128285715707655e-02,-8.009868706775673253e-02,-8.942102420944755825e-02,7.979420200166036092e-02,1.829997476383470739e-02,-1.021907785753110864e-01,2.867576076229357354e-02,-0.000000000000000000e+00,-6.614384150127981810e-02,2.949246775091284717e-02,0.000000000000000000e+00,0.000000000000000000e+00,-4.537455719942235649e-02,-0.000000000000000000e+00,-3.878174154790217654e-02,-2.835427749935029440e-02,-3.576355335521747003e-02,-5.498477194021094208e-03,-1.325943169282675083e-01,-3.684898435996986771e-02,-1.235341160844106584e-01,0.000000000000000000e+00,-8.098476747296148859e-02,-1.553781240000527142e-01,-7.701531981864753740e-02,7.642693298927689949e-02,-1.486587021583579138e-01,0.000000000000000000e+00,1.671810540424045088e+00,2.619419340464920753e-02,5.739580077726079248e-03
0.000000000000000000e+00,0.000000000000000000e+00,-0.000000000000000000e+00,-3.626442900198732777e-02,-0.000000000000000000e+00,7.906588697823088707e-02,1.296362738830980910e-01,0.000000000000000000e+00,-1.487276404021512788e-01,0.000000000000000000e+00,8.324733881005323688e-02,-9.744088778924937799e-02,-0.000000000000000000e+00,0.000000000000000000e+00,-8.881465914963189434e-02,-0.000000000000000000e+00,5.058196989733632076e-02,-1.004101907798446991e-01,-1.259918456887587357e-01,-0.000000000000000000e+00,5.924690573629866341e-02,0.000000000000000000e+00,0.000000000000000000e+00,0.000000000000000000e+00,0.000000000000000000e+00,0.000000000000000000e+00,0.000000000000000000e+00,3.466988988111574521e-02,0.000000000000000000e+00,-5.977038656447874326e-02,9.233534082655163455e-02,0.000000000000000000e+00,3.682014597417605783e-02,-1.055217426886165266e-01,9.374691379789584431e-03,-7.737316990751443024e-02,2.619419340464920753e-02,1.607193780527266469e+00,-1.717487340680431407e-01
0.000000000000000000e+00,0.000000000000000000e+00,-0.000000000000000000e+00,-2.782778459833331122e-02,-0.000000000000000000e+00,9.942939771169351237e-02,1.210327297812291425e-01,0.000000000000000000e+00,-1.840270406959775840e-01,0.000000000000000000e+00,8.516071497135503654e-02,-1.229057675317955234e-01,-0.000000000000000000e+00,0.000000000000000000e+00,-7.307245566353266775e-02,-0.000000000000000000e+00,7.404961537307302999e-02,-3.830243539647571610e-02,-9.263592798047501353e-02,-0.000000000000000000e+00,7.573838571518846929e-02,0.000000000000000000e+00,0.000000000000000000e+00,0.000000000000000000e+00,0.000000000000000000e+00,0.000000000000000000e+00,0.000000000000000000e+00,4.751735030743003962e-02,0.000000000000000000e+00,-4.395042145673781070e-02,4.917809233718985901e-02,0.000000000000000000e+00,3.021247898679928212e-02,-1.437189416031656453e-01,2.490505375802410173e-02,-4.949670387955110162e-02,5.739580077726079248e-03,-1.717487340680431407e-01,1.600683176501711102e+00
