1.980750652097080566e+00,-1.429511533235147125e-01,-0.000000000000000000e+00,0.000000000000000000e+00,-0.000000000000000000e+00,-0.000000000000000000e+00,-0.000000000000000000e+00,5.812882632986841047e-01,-0.000000000000000000e+00,-0.000000000000000000e+00,-0.000000000000000000e+00,0.000000000000000000e+00,-0.000000000000000000e+00,0.000000000000000000e+00,0.000000000000000000e+00,-0.000000000000000000e+00,-0.000000000000000000e+00,-0.000000000000000000e+00,-1.146461468820375446e-01,-2.249130697120608757e-01,-0.000000000000000000e+00,-1.269571609016261204e-01,-5.570371756857905171e-02,-0.000000000000000000e+00,-0.000000000000000000e+00,-1.475904027420888720e-01,-0.000000000000000000e+00,-0.000000000000000000e+00,-3.730212975035019363e-01,-1.899942128956862986e-01,-1.452233221790906748e-01,-0.000000000000000000e+00,-0.000000000000000000e+00,-0.000000000000000000e+00,-7.324789494181770111e-02,-0.000000000000000000e+00,-0.000000000000000000e+00,-0.000000000000000000e+00,-0.000000000000000000e+00
-1.429511533235147125e-01,1.871966379688489335e+00,-0.000000000000000000e+00,0.000000000000000000e+00,-1.728424121894821253e-01,-0.000000000000000000e+00,0.000000000000000000e+00,0.000000000000000000e+00,-2.645535934259844735e-02,-4.915521468734624366e-01,-0.000000000000000000e+00,0.000000000000000000e+00,0.000000000000000000e+00,-3.708169470046825122e-03,-0.000000000000000000e+00,-0.000000000000000000e+00,-0.000000000000000000e+00,-0.000000000000000000e+00,-0.000000000000000000e+00,0.000000000000000000e+00,0.000000000000000000e+00,0.000000000000000000e+00,-3.352245626160516023e-03,-0.000000000000000000e+00,-1.628428463566727324e-01,-0.000000000000000000e+00,0.000000000000000000e+00,0.000000000000000000e+00,-0.000000000000000000e+00,-2.080481716290052685e-01,-0.000000000000000000e+00,-8.021434157391467076e-03,0.000000000000000000e+00,-0.000000000000000000e+00,-0.000000000000000000e+00,-0.000000000000000000e+00,-1.114206348444858469e-01,-0.000000000000000000e+00,-6.501036445595606006e-01
-0.000000000000000000e+00,-0.000000000000000000e+00,3.303144250384580261e+00,-1.084624995590030561e-02,0.000000000000000000e+00,0.000000000000000000e+00,-2.558558321427052418e-01,8.005245428111257278e-01,-0.000000000000000000e+00,0.000000000000000000e+00,-0.000000000000000000e+00,-0.000000000000000000e+00,0.000000000000000000e+00,-0.000000000000000000e+00,0.000000000000000000e+00,-0.000000000000000000e+00,-0.000000000000000000e+00,-0.000000000000000000e+00,-0.000000000000000000e+00,-3.121095635059518703e-01,-3.587401379935055146e-01,-3.606979011477924602e-02,-0.000000000000000000e+00,-0.000000000000000000e+00,0.000000000000000000e+00,-5.004851239211016711e-01,-2.348447321302326862e-01,-5.743493771611790644e-01,0.000000000000000000e+00,-0.000000000000000000e+00,-0.000000000000000000e+00,-0.000000000000000000e+00,-4.360530707795851058e-01,-0.000000000000000000e+00,-0.000000000000000000e+00,-2.253424927157364754e-01,0.000000000000000000e+00,0.000000000000000000e+00,0.000000000000000000e+00
0.000000000000000000e+00,0.000000000000000000e+00,-1.084624995590030561e-02,1.541146043409658217e+00,2.470464683241595585e-02,4.642668098212979211e-02,-3.539986354221615339e-01,0.000000000000000000e+00,0.000000000000000000e+00,0.000000000000000000e+00,-0.000000000000000000e+00,-1.887449516381367876e-01,5.434189568685524746e-02,-1.811961982300111240e-01,2.693399864978245073e-02,0.000000000000000000e+00,0.000000000000000000e+00,-0.000000000000000000e+00,-0.000000000000000000e+00,-0.000000000000000000e+00,-0.000000000000000000e+00,0.000000000000000000e+00,0.000000000000000000e+00,0.000000000000000000e+00,1.159146721288430507e-02,-0.000000000000000000e+00,-1.985998411018830012e-01,-1.263250938107862431e-01,4.098948987715228531e-02,0.000000000000000000e+00,0.000000000000000000e+00,0.000000000000000000e+00,-1.394156195498042761e-01,0.000000000000000000e+00,0.000000000000000000e+00,-0.000000000000000000e+00,0.000000000000000000e+00,0.000000000000000000e+00,0.000000000000000000e+00
-0.000000000000000000e+00,-1.728424121894821253e-01,0.000000000000000000e+00,2.470464683241595585e-02,1.903794144977126734e+00,-0.000000000000000000e+00,0.000000000000000000e+00,0.000000000000000000e+00,-1.820976570642462988e-02,-9.147388585913025782e-02,0.000000000000000000e+00,1.031466437769452960e-01,-0.000000000000000000e+00,0.000000000000000000e+00,-0.000000000000000000e+00,-0.000000000000000000e+00,-0.000000000000000000e+00,-2.454753300619226253e-01,-4.085737065408809876e-01,0.000000000000000000e+00,0.000000000000000000e+00,0.000000000000000000e+00,-4.228030937303031006e-02,-3.233788536257921342e-02,-3.190693397048767754e-01,-0.000000000000000000e+00,0.000000000000000000e+00,0.000000000000000000e+00,-1.056714188228025375e-01,-1.933052058347914937e-01,-2.245008594458780815e-01,-0.000000000000000000e+00,2.760174137282497830e-01,-1.137466686984713177e-01,-0.000000000000000000e+00,-0.000000000000000000e+00,-0.000000000000000000e+00,-0.000000000000000000e+00,-0.000000000000000000e+00
-0.000000000000000000e+00,-0.000000000000000000e+00,0.000000000000000000e+00,4.642668098212979211e-02,-0.000000000000000000e+00,3.438186959411841936e+00,-0.000000000000000000e+00,0.000000000000000000e+00,0.000000000000000000e+00,-0.000000000000000000e+00,-0.000000000000000000e+00,4.968600551376917696e-01,-9.028377032080249498e-02,0.000000000000000000e+00,0.000000000000000000e+00,0.000000000000000000e+00,-3.682365226514663359e-01,0.000000000000000000e+00,-0.000000000000000000e+00,0.000000000000000000e+00,0.000000000000000000e+00,-0.000000000000000000e+00,-8.840677555925854914e-02,-4.124369277113524856e-01,-5.690933647077058843e-01,0.000000000000000000e+00,0.000000000000000000e+00,2.758212248497795005e-01,-3.660177394088888203e-01,-0.000000000000000000e+00,-0.000000000000000000e+00,-3.401491194604739920e-01,0.000000000000000000e+00,1.258427796055352210e-01,-3.437316631897123220e-01,2.706287066692402155e-01,-3.138636709563168981e-01,-0.000000000000000000e+00,-0.000000000000000000e+00
-0.000000000000000000e+00,0.000000000000000000e+00,-2.558558321427052418e-01,-3.539986354221615339e-01,0.000000000000000000e+00,-0.000000000000000000e+00,1.842666572343613085e+00,2.471932803057290962e-01,0.000000000000000000e+00,0.000000000000000000e+00,-1.077410866481233118e-02,0.000000000000000000e+00,-0.000000000000000000e+00,0.000000000000000000e+00,0.000000000000000000e+00,-0.000000000000000000e+00,-0.000000000000000000e+00,-0.000000000000000000e+00,-6.245069984243994260e-02,-3.261421371194584418e-01,-1.526459053635273733e-01,-2.334735597735451973e-01,-0.000000000000000000e+00,-0.000000000000000000e+00,-0.000000000000000000e+00,-0.000000000000000000e+00,-0.000000000000000000e+00,-0.000000000000000000e+00,-0.000000000000000000e+00,-0.000000000000000000e+00,-0.000000000000000000e+00,-2.851336660960847313e-02,-6.187339971966580865e-02,0.000000000000000000e+00,-4.845665697506080366e-02,-0.000000000000000000e+00,-0.000000000000000000e+00,1.243725400352993227e-01,5.940344654101188671e-02
5.812882632986841047e-01,0.000000000000000000e+00,8.005245428111257278e-01,0.000000000000000000e+00,0.000000000000000000e+00,0.000000000000000000e+00,2.471932803057290962e-01,2.835968567537299645e+00,0.000000000000000000e+00,0.000000000000000000e+00,0.000000000000000000e+00,0.000000000000000000e+00,0.000000000000000000e+00,0.000000000000000000e+00,0.000000000000000000e+00,0.000000000000000000e+00,0.000000000000000000e+00,3.255421985111014438e-01,2.354653943142608619e-01,1.174294681449860461e-01,0.000000000000000000e+00,6.209089574511041792e-02,7.576380647156530368e-02,0.000000000000000000e+00,0.000000000000000000e+00,2.209986523819883197e-01,0.000000000000000000e+00,0.000000000000000000e+00,0.000000000000000000e+00,4.075871220921154503e-01,3.512007428613014293e-01,0.000000000000000000e+00,0.000000000000000000e+00,0.000000000000000000e+00,0.000000000000000000e+00,3.962098341924904371e-02,0.000000000000000000e+00,-0.000000000000000000e+00,-0.000000000000000000e+00
-0.000000000000000000e+00,-2.645535934259844735e-02,-0.000000000000000000e+00,0.000000000000000000e+00,-1.820976570642462988e-02,0.000000000000000000e+00,0.000000000000000000e+00,0.000000000000000000e+00,2.016460279092410435e+00,-5.961072882152484986e-02,0.000000000000000000e+00,-6.573779174920808821e-03,0.000000000000000000e+00,-1.464020002988688507e-01,-0.000000000000000000e+00,-0.000000000000000000e+00,-0.000000000000000000e+00,-0.000000000000000000e+00,-0.000000000000000000e+00,0.000000000000000000e+00,-0.000000000000000000e+00,-0.000000000000000000e+00,-0.000000000000000000e+00,0.000000000000000000e+00,-0.000000000000000000e+00,-6.944518162110961956e-01,-0.000000000000000000e+00,-0.000000000000000000e+00,-0.000000000000000000e+00,-0.000000000000000000e+00,-0.000000000000000000e+00,0.000000000000000000e+00,-0.000000000000000000e+00,-7.202478526567196448e-01,0.000000000000000000e+00,-0.000000000000000000e+00,0.000000000000000000e+00,-4.592811533307614158e-01,-1.791957315876890888e-02
-0.000000000000000000e+00,-4.915521468734624366e-01,0.000000000000000000e+00,0.000000000000000000e+00,-9.147388585913025782e-02,-0.000000000000000000e+00,0.000000000000000000e+00,0.000000000000000000e+00,-5.961072882152484986e-02,2.464769063134991445e+00,-0.000000000000000000e+00,0.000000000000000000e+00,-0.000000000000000000e+00,-0.000000000000000000e+00,-1.631631489947238944e-01,-1.127678849405004291e+00,0.000000000000000000e+00,-0.000000000000000000e+00,-0.000000000000000000e+00,0.000000000000000000e+00,0.000000000000000000e+00,0.000000000000000000e+00,-0.000000000000000000e+00,-0.000000000000000000e+00,-0.000000000000000000e+00,0.000000000000000000e+00,4.780625569743077175e-02,0.000000000000000000e+00,-0.000000000000000000e+00,-4.543236804867324952e-01,-3.089750883312119070e-02,0.000000000000000000e+00,4.844067769887167724e-02,-0.000000000000000000e+00,-0.000000000000000000e+00,-1.511108768296793303e-01,-0.000000000000000000e+00,-0.000000000000000000e+00,-0.000000000000000000e+00
-0.000000000000000000e+00,-0.000000000000000000e+00,-0.000000000000000000e+00,-0.000000000000000000e+00,0.000000000000000000e+00,-0.000000000000000000e+00,-1.077410866481233118e-02,0.000000000000000000e+00,0.000000000000000000e+00,-0.000000000000000000e+00,1.016251540462546954e+00,-0.000000000000000000e+00,-0.000000000000000000e+00,-8.874899164348228064e-02,0.000000000000000000e+00,-0.000000000000000000e+00,-0.000000000000000000e+00,0.000000000000000000e+00,0.000000000000000000e+00,-0.000000000000000000e+00,-1.279849390442671861e-02,-1.485774557891230904e-02,-0.000000000000000000e+00,-0.000000000000000000e+00,-0.000000000000000000e+00,0.000000000000000000e+00,-5.137283729381784264e-02,-0.000000000000000000e+00,-0.000000000000000000e+00,-0.000000000000000000e+00,0.000000000000000000e+00,-0.000000000000000000e+00,-0.000000000000000000e+00,0.000000000000000000e+00,-0.000000000000000000e+00,-0.000000000000000000e+00,-0.000000000000000000e+00,0.000000000000000000e+00,0.000000000000000000e+00
0.000000000000000000e+00,0.000000000000000000e+00,-0.000000000000000000e+00,-1.887449516381367876e-01,1.031466437769452960e-01,4.968600551376917696e-01,0.000000000000000000e+00,0.000000000000000000e+00,-6.573779174920808821e-03,0.000000000000000000e+00,-0.000000000000000000e+00,2.548635610726752709e+00,1.312552255298450425e-02,-1.616620158921375228e-01,-0.000000000000000000e+00,-0.000000000000000000e+00,0.000000000000000000e+00,0.000000000000000000e+00,0.000000000000000000e+00,-0.000000000000000000e+00,-0.000000000000000000e+00,-0.000000000000000000e+00,0.000000000000000000e+00,2.582147509153761566e-01,3.254061201599527386e-01,-0.000000000000000000e+00,-3.035279244456722259e-01,-6.894227231538240241e-01,0.000000000000000000e+00,0.000000000000000000e+00,0.000000000000000000e+00,0.000000000000000000e+00,-2.144717224625346808e-01,-1.471462149326674129e-01,0.000000000000000000e+00,-2.291676786482330433e-02,0.000000000000000000e+00,-0.000000000000000000e+00,-0.000000000000000000e+00
-0.000000000000000000e+00,0.000000000000000000e+00,0.000000000000000000e+00,5.434189568685524746e-02,-0.000000000000000000e+00,-9.028377032080249498e-02,-0.000000000000000000e+00,0.000000000000000000e+00,0.000000000000000000e+00,-0.000000000000000000e+00,-0.000000000000000000e+00,1.312552255298450425e-02,1.381314339855377771e+00,2.867413523445974319e-02,0.000000000000000000e+00,-0.000000000000000000e+00,-1.822771901980643483e-01,0.000000000000000000e+00,0.000000000000000000e+00,-0.000000000000000000e+00,-0.000000000000000000e+00,-1.720016161580840142e-01,-1.678702521171912543e-02,-1.204900659944500158e-01,-0.000000000000000000e+00,0.000000000000000000e+00,0.000000000000000000e+00,0.000000000000000000e+00,-0.000000000000000000e+00,-0.000000000000000000e+00,0.000000000000000000e+00,-1.067583630787490995e-01,-0.000000000000000000e+00,0.000000000000000000e+00,-1.607327316157936559e-01,1.252801139340477821e-01,-8.397632668441623593e-02,0.000000000000000000e+00,2.946902652283114876e-02
0.000000000000000000e+00,-3.708169470046825122e-03,-0.000000000000000000e+00,-1.811961982300111240e-01,0.000000000000000000e+00,0.000000000000000000e+00,0.000000000000000000e+00,0.000000000000000000e+00,-1.464020002988688507e-01,-0.000000000000000000e+00,-8.874899164348228064e-02,-1.616620158921375228e-01,2.867413523445974319e-02,1.262389971819245282e+00,0.000000000000000000e+00,-1.440268857078297604e-01,0.000000000000000000e+00,0.000000000000000000e+00,0.000000000000000000e+00,0.000000000000000000e+00,0.000000000000000000e+00,0.000000000000000000e+00,-0.000000000000000000e+00,0.000000000000000000e+00,0.000000000000000000e+00,-0.000000000000000000e+00,-0.000000000000000000e+00,-0.000000000000000000e+00,0.000000000000000000e+00,-0.000000000000000000e+00,0.000000000000000000e+00,0.000000000000000000e+00,-0.000000000000000000e+00,-5.359659847901306756e-02,0.000000000000000000e+00,-1.526890953948023266e-01,-0.000000000000000000e+00,-0.000000000000000000e+00,-1.346664949105050302e-01
0.000000000000000000e+00,-0.000000000000000000e+00,0.000000000000000000e+00,2.693399864978245073e-02,-0.000000000000000000e+00,0.000000000000000000e+00,0.000000000000000000e+00,0.000000000000000000e+00,-0.000000000000000000e+00,-1.631631489947238944e-01,0.000000000000000000e+00,-0.000000000000000000e+00,0.000000000000000000e+00,0.000000000000000000e+00,1.114946897616035715e+00,-0.000000000000000000e+00,4.947489812506579432e-02,0.000000000000000000e+00,-2.265241024699953531e-01,0.000000000000000000e+00,0.000000000000000000e+00,3.014996054845316478e-02,0.000000000000000000e+00,0.000000000000000000e+00,0.000000000000000000e+00,-0.000000000000000000e+00,1.419498179477727273e-01,0.000000000000000000e+00,-0.000000000000000000e+00,-0.000000000000000000e+00,-0.000000000000000000e+00,0.000000000000000000e+00,0.000000000000000000e+00,-8.767579304558187347e-02,-0.000000000000000000e+00,-0.000000000000000000e+00,0.000000000000000000e+00,-0.000000000000000000e+00,0.000000000000000000e+00
-0.000000000000000000e+00,-0.000000000000000000e+00,-0.000000000000000000e+00,0.000000000000000000e+00,-0.000000000000000000e+00,0.000000000000000000e+00,-0.000000000000000000e+00,0.000000000000000000e+00,-0.000000000000000000e+00,-1.127678849405004291e+00,-0.000000000000000000e+00,-0.000000000000000000e+00,-0.000000000000000000e+00,-1.440268857078297604e-01,-0.000000000000000000e+00,2.557446195852295823e+00,0.000000000000000000e+00,-0.000000000000000000e+00,-0.000000000000000000e+00,0.000000000000000000e+00,-0.000000000000000000e+00,-0.000000000000000000e+00,-0.000000000000000000e+00,-0.000000000000000000e+00,-0.000000000000000000e+00,-0.000000000000000000e+00,0.000000000000000000e+00,-0.000000000000000000e+00,0.000000000000000000e+00,-6.526067668773766206e-01,-0.000000000000000000e+00,0.000000000000000000e+00,0.000000000000000000e+00,-0.000000000000000000e+00,0.000000000000000000e+00,-6.454618106275842315e-01,0.000000000000000000e+00,0.000000000000000000e+00,-0.000000000000000000e+00
-0.000000000000000000e+00,-0.000000000000000000e+00,-0.000000000000000000e+00,0.000000000000000000e+00,-0.000000000000000000e+00,-3.682365226514663359e-01,-0.000000000000000000e+00,0.000000000000000000e+00,-0.000000000000000000e+00,0.000000000000000000e+00,-0.000000000000000000e+00,0.000000000000000000e+00,-1.822771901980643483e-01,0.000000000000000000e+00,4.947489812506579432e-02,0.000000000000000000e+00,2.219000555209028391e+00,-0.000000000000000000e+00,-0.000000000000000000e+00,-0.000000000000000000e+00,-0.000000000000000000e+00,-2.463532934624157456e-01,-3.901435334032274382e-01,-0.000000000000000000e+00,-0.000000000000000000e+00,-0.000000000000000000e+00,-0.000000000000000000e+00,0.000000000000000000e+00,-4.593935255040716981e-01,-0.000000000000000000e+00,-0.000000000000000000e+00,-1.577908590873177974e-01,-0.000000000000000000e+00,0.000000000000000000e+00,-3.662165177255651827e-01,2.088728826391405002e-01,-0.000000000000000000e+00,0.000000000000000000e+00,0.000000000000000000e+00
-0.000000000000000000e+00,-0.000000000000000000e+00,-0.000000000000000000e+00,-0.000000000000000000e+00,-2.454753300619226253e-01,0.000000000000000000e+00,-0.000000000000000000e+00,3.255421985111014438e-01,-0.000000000000000000e+00,-0.000000000000000000e+00,0.000000000000000000e+00,0.000000000000000000e+00,0.000000000000000000e+00,0.000000000000000000e+00,0.000000000000000000e+00,-0.000000000000000000e+00,-0.000000000000000000e+00,1.735016750878003666e+00,-6.358575157306914916e-01,-0.000000000000000000e+00,-0.000000000000000000e+00,-0.000000000000000000e+00,-0.000000000000000000e+00,-0.000000000000000000e+00,0.000000000000000000e+00,-0.000000000000000000e+00,-0.000000000000000000e+00,-0.000000000000000000e+00,-0.000000000000000000e+00,-0.000000000000000000e+00,-1.876367817552884731e-02,0.000000000000000000e+00,0.000000000000000000e+00,-3.319152757870810211e-01,-0.000000000000000000e+00,-0.000000000000000000e+00,0.000000000000000000e+00,9.052977896549087300e-02,0.000000000000000000e+00
-1.146461468820375446e-01,-0.000000000000000000e+00,-0.000000000000000000e+00,-0.000000000000000000e+00,-4.085737065408809876e-01,-0.000000000000000000e+00,-6.245069984243994260e-02,2.354653943142608619e-01,-0.000000000000000000e+00,-0.000000000000000000e+00,0.000000000000000000e+00,0.000000000000000000e+00,0.000000000000000000e+00,0.000000000000000000e+00,-2.265241024699953531e-01,-0.000000000000000000e+00,-0.000000000000000000e+00,-6.358575157306914916e-01,1.855152934963483435e+00,-0.000000000000000000e+00,0.000000000000000000e+00,0.000000000000000000e+00,-0.000000000000000000e+00,-0.000000000000000000e+00,-0.000000000000000000e+00,-0.000000000000000000e+00,0.000000000000000000e+00,0.000000000000000000e+00,-4.084613929876777794e-02,-0.000000000000000000e+00,-1.488266768472664703e-01,-0.000000000000000000e+00,0.000000000000000000e+00,-0.000000000000000000e+00,-0.000000000000000000e+00,-0.000000000000000000e+00,-0.000000000000000000e+00,0.000000000000000000e+00,0.000000000000000000e+00
-2.249130697120608757e-01,0.000000000000000000e+00,-3.121095635059518703e-01,-0.000000000000000000e+00,0.000000000000000000e+00,0.000000000000000000e+00,-3.261421371194584418e-01,1.174294681449860461e-01,0.000000000000000000e+00,0.000000000000000000e+00,-0.000000000000000000e+00,-0.000000000000000000e+00,-0.000000000000000000e+00,0.000000000000000000e+00,0.000000000000000000e+00,0.000000000000000000e+00,-0.000000000000000000e+00,-0.000000000000000000e+00,-0.000000000000000000e+00,2.055555391753981276e+00,-4.160991362453145270e-01,-2.152839376801561067e-01,-0.000000000000000000e+00,-0.000000000000000000e+00,0.000000000000000000e+00,-3.483727767823369820e-02,-0.000000000000000000e+00,-0.000000000000000000e+00,-0.000000000000000000e+00,-0.000000000000000000e+00,-0.000000000000000000e+00,0.000000000000000000e+00,-2.715527940113082184e-01,-0.000000000000000000e+00,-0.000000000000000000e+00,-0.000000000000000000e+00,0.000000000000000000e+00,0.000000000000000000e+00,0.000000000000000000e+00
-0.000000000000000000e+00,0.000000000000000000e+00,-3.587401379935055146e-01,-0.000000000000000000e+00,0.000000000000000000e+00,0.000000000000000000e+00,-1.526459053635273733e-01,0.000000000000000000e+00,-0.000000000000000000e+00,0.000000000000000000e+00,-1.279849390442671861e-02,-0.000000000000000000e+00,-0.000000000000000000e+00,0.000000000000000000e+00,0.000000000000000000e+00,-0.000000000000000000e+00,-0.000000000000000000e+00,-0.000000000000000000e+00,0.000000000000000000e+00,-4.160991362453145270e-01,3.103004171516402732e+00,-1.070793297580303616e+00,-0.000000000000000000e+00,-0.000000000000000000e+00,0.000000000000000000e+00,-0.000000000000000000e+00,-1.120141120326662576e-01,-2.519150010864254496e-01,-0.000000000000000000e+00,-0.000000000000000000e+00,0.000000000000000000e+00,0.000000000000000000e+00,-7.828654798337454368e-01,0.000000000000000000e+00,-0.000000000000000000e+00,-0.000000000000000000e+00,0.000000000000000000e+00,0.000000000000000000e+00,1.673826099350650132e-01
-1.269571609016261204e-01,0.000000000000000000e+00,-3.606979011477924602e-02,0.000000000000000000e+00,0.000000000000000000e+00,-0.000000000000000000e+00,-2.334735597735451973e-01,6.209089574511041792e-02,-0.000000000000000000e+00,0.000000000000000000e+00,-1.485774557891230904e-02,-0.000000000000000000e+00,-1.720016161580840142e-01,0.000000000000000000e+00,3.014996054845316478e-02,-0.000000000000000000e+00,-2.463532934624157456e-01,-0.000000000000000000e+00,0.000000000000000000e+00,-2.152839376801561067e-01,-1.070793297580303616e+00,2.205806751265396493e+00,-0.000000000000000000e+00,-0.000000000000000000e+00,0.000000000000000000e+00,-0.000000000000000000e+00,-0.000000000000000000e+00,-0.000000000000000000e+00,-0.000000000000000000e+00,-0.000000000000000000e+00,0.000000000000000000e+00,-0.000000000000000000e+00,-1.152834254743421577e-01,0.000000000000000000e+00,-0.000000000000000000e+00,0.000000000000000000e+00,-0.000000000000000000e+00,0.000000000000000000e+00,9.809564985987676011e-02
-5.570371756857905171e-02,-3.352245626160516023e-03,-0.000000000000000000e+00,0.000000000000000000e+00,-4.228030937303031006e-02,-8.840677555925854914e-02,-0.000000000000000000e+00,7.576380647156530368e-02,-0.000000000000000000e+00,-0.000000000000000000e+00,-0.000000000000000000e+00,0.000000000000000000e+00,-1.678702521171912543e-02,-0.000000000000000000e+00,0.000000000000000000e+00,-0.000000000000000000e+00,-3.901435334032274382e-01,-0.000000000000000000e+00,-0.000000000000000000e+00,-0.000000000000000000e+00,-0.000000000000000000e+00,-0.000000000000000000e+00,2.109192926938707302e+00,-2.877703579737843076e-01,-5.170271770638258380e-01,-5.381592091214654899e-02,-0.000000000000000000e+00,0.000000000000000000e+00,-3.579919593710645387e-02,-5.015934426665550477e-02,-0.000000000000000000e+00,-3.894916190664589606e-01,-0.000000000000000000e+00,0.000000000000000000e+00,-0.000000000000000000e+00,0.000000000000000000e+00,-0.000000000000000000e+00,-1.031261235693424066e-01,-0.000000000000000000e+00
-0.000000000000000000e+00,-0.000000000000000000e+00,-0.000000000000000000e+00,0.000000000000000000e+00,-3.233788536257921342e-02,-4.124369277113524856e-01,-0.000000000000000000e+00,0.000000000000000000e+00,0.000000000000000000e+00,-0.000000000000000000e+00,-0.000000000000000000e+00,2.582147509153761566e-01,-1.204900659944500158e-01,0.000000000000000000e+00,0.000000000000000000e+00,-0.000000000000000000e+00,-0.000000000000000000e+00,-0.000000000000000000e+00,-0.000000000000000000e+00,-0.000000000000000000e+00,-0.000000000000000000e+00,-0.000000000000000000e+00,-2.877703579737843076e-01,3.266628101839787135e+00,-6.363651863031934974e-01,0.000000000000000000e+00,0.000000000000000000e+00,0.000000000000000000e+00,-1.936768387914746259e-01,-3.404654082882644928e-01,-0.000000000000000000e+00,-5.030582867079819165e-01,0.000000000000000000e+00,4.784369003243026629e-03,-5.509463146995660088e-01,0.000000000000000000e+00,-2.612896300329773380e-01,-0.000000000000000000e+00,-0.000000000000000000e+00
-0.000000000000000000e+00,-1.628428463566727324e-01,0.000000000000000000e+00,1.159146721288430507e-02,-3.190693397048767754e-01,-5.690933647077058843e-01,-0.000000000000000000e+00,0.000000000000000000e+00,-0.000000000000000000e+00,-0.000000000000000000e+00,-0.000000000000000000e+00,3.254061201599527386e-01,-0.000000000000000000e+00,0.000000000000000000e+00,0.000000000000000000e+00,-0.000000000000000000e+00,-0.000000000000000000e+00,0.000000000000000000e+00,-0.000000000000000000e+00,0.000000000000000000e+00,0.000000000000000000e+00,0.000000000000000000e+00,-5.170271770638258380e-01,-6.363651863031934974e-01,2.926996547276201621e+00,0.000000000000000000e+00,0.000000000000000000e+00,7.491012906904596924e-02,-3.209368946396188860e-01,-0.000000000000000000e+00,-0.000000000000000000e+00,-1.497150164191373041e-02,0.000000000000000000e+00,0.000000000000000000e+00,-0.000000000000000000e+00,0.000000000000000000e+00,-2.026884518153458936e-01,-0.000000000000000000e+00,-1.130725893228182351e-02
-1.475904027420888720e-01,-0.000000000000000000e+00,-5.004851239211016711e-01,-0.000000000000000000e+00,-0.000000000000000000e+00,0.000000000000000000e+00,-0.000000000000000000e+00,2.209986523819883197e-01,-6.944518162110961956e-01,0.000000000000000000e+00,0.000000000000000000e+00,-0.000000000000000000e+00,0.000000000000000000e+00,-0.000000000000000000e+00,-0.000000000000000000e+00,-0.000000000000000000e+00,-0.000000000000000000e+00,-0.000000000000000000e+00,-0.000000000000000000e+00,-3.483727767823369820e-02,-0.000000000000000000e+00,-0.000000000000000000e+00,-5.381592091214654899e-02,0.000000000000000000e+00,0.000000000000000000e+00,2.319367493279417047e+00,-3.265934218503849240e-01,-4.313349395923986029e-01,-0.000000000000000000e+00,-0.000000000000000000e+00,-0.000000000000000000e+00,0.000000000000000000e+00,-0.000000000000000000e+00,-1.783291347219215922e-02,-0.000000000000000000e+00,-0.000000000000000000e+00,0.000000000000000000e+00,-3.261632013000936858e-02,-0.000000000000000000e+00
-0.000000000000000000e+00,0.000000000000000000e+00,-2.348447321302326862e-01,-1.985998411018830012e-01,0.000000000000000000e+00,0.000000000000000000e+00,-0.000000000000000000e+00,0.000000000000000000e+00,-0.000000000000000000e+00,4.780625569743077175e-02,-5.137283729381784264e-02,-3.035279244456722259e-01,0.000000000000000000e+00,-0.000000000000000000e+00,1.419498179477727273e-01,0.000000000000000000e+00,-0.000000000000000000e+00,-0.000000000000000000e+00,0.000000000000000000e+00,-0.000000000000000000e+00,-1.120141120326662576e-01,-0.000000000000000000e+00,-0.000000000000000000e+00,0.000000000000000000e+00,0.000000000000000000e+00,-3.265934218503849240e-01,2.322157185170826033e+00,-4.726109320213010556e-01,0.000000000000000000e+00,0.000000000000000000e+00,0.000000000000000000e+00,-0.000000000000000000e+00,-5.307975971792930903e-01,-0.000000000000000000e+00,0.000000000000000000e+00,-0.000000000000000000e+00,-0.000000000000000000e+00,-0.000000000000000000e+00,-0.000000000000000000e+00
-0.000000000000000000e+00,0.000000000000000000e+00,-5.743493771611790644e-01,-1.263250938107862431e-01,0.000000000000000000e+00,2.758212248497795005e-01,-0.000000000000000000e+00,0.000000000000000000e+00,-0.000000000000000000e+00,0.000000000000000000e+00,-0.000000000000000000e+00,-6.894227231538240241e-01,0.000000000000000000e+00,-0.000000000000000000e+00,0.000000000000000000e+00,-0.000000000000000000e+00,0.000000000000000000e+00,-0.000000000000000000e+00,0.000000000000000000e+00,-0.000000000000000000e+00,-2.519150010864254496e-01,-0.000000000000000000e+00,0.000000000000000000e+00,0.000000000000000000e+00,7.491012906904596924e-02,-4.313349395923986029e-01,-4.726109320213010556e-01,3.150424073172318540e+00,0.000000000000000000e+00,0.000000000000000000e+00,0.000000000000000000e+00,0.000000000000000000e+00,-5.626627958702135057e-01,-0.000000000000000000e+00,0.000000000000000000e+00,-0.000000000000000000e+00,0.000000000000000000e+00,0.000000000000000000e+00,0.000000000000000000e+00
-3.730212975035019363e-01,-0.000000000000000000e+00,0.000000000000000000e+00,4.098948987715228531e-02,-1.056714188228025375e-01,-3.660177394088888203e-01,-0.000000000000000000e+00,0.000000000000000000e+00,-0.000000000000000000e+00,-0.000000000000000000e+00,-0.000000000000000000e+00,0.000000000000000000e+00,-0.000000000000000000e+00,0.000000000000000000e+00,-0.000000000000000000e+00,0.000000000000000000e+00,-4.593935255040716981e-01,-0.000000000000000000e+00,-4.084613929876777794e-02,-0.000000000000000000e+00,-0.000000000000000000e+00,-0.000000000000000000e+00,-3.579919593710645387e-02,-1.936768387914746259e-01,-3.209368946396188860e-01,-0.000000000000000000e+00,0.000000000000000000e+00,0.000000000000000000e+00,2.867439180491013317e+00,-0.000000000000000000e+00,-1.073599640959701368e-01,-0.000000000000000000e+00,0.000000000000000000e+00,0.000000000000000000e+00,-1.015963212440819108e+00,0.000000000000000000e+00,-0.000000000000000000e+00,-0.000000000000000000e+00,-0.000000000000000000e+00
-1.899942128956862986e-01,-2.080481716290052685e-01,-0.000000000000000000e+00,0.000000000000000000e+00,-1.933052058347914937e-01,-0.000000000000000000e+00,-0.000000000000000000e+00,4.075871220921154503e-01,-0.000000000000000000e+00,-4.543236804867324952e-01,-0.000000000000000000e+00,0.000000000000000000e+00,-0.000000000000000000e+00,-0.000000000000000000e+00,-0.000000000000000000e+00,-6.526067668773766206e-01,-0.000000000000000000e+00,-0.000000000000000000e+00,-0.000000000000000000e+00,-0.000000000000000000e+00,-0.000000000000000000e+00,-0.000000000000000000e+00,-5.015934426665550477e-02,-3.404654082882644928e-01,-0.000000000000000000e+00,-0.000000000000000000e+00,0.000000000000000000e+00,0.000000000000000000e+00,-0.000000000000000000e+00,2.463376122772151788e+00,-3.161871832856981701e-01,-0.000000000000000000e+00,0.000000000000000000e+00,-0.000000000000000000e+00,-0.000000000000000000e+00,-1.425195319821266279e-02,-0.000000000000000000e+00,0.000000000000000000e+00,-0.000000000000000000e+00
-1.452233221790906748e-01,-0.000000000000000000e+00,-0.000000000000000000e+00,0.000000000000000000e+00,-2.245008594458780815e-01,-0.000000000000000000e+00,-0.000000000000000000e+00,3.512007428613014293e-01,-0.000000000000000000e+00,-3.089750883312119070e-02,0.000000000000000000e+00,0.000000000000000000e+00,0.000000000000000000e+00,0.000000000000000000e+00,-0.000000000000000000e+00,-0.000000000000000000e+00,-0.000000000000000000e+00,-1.876367817552884731e-02,-1.488266768472664703e-01,-0.000000000000000000e+00,0.000000000000000000e+00,0.000000000000000000e+00,-0.000000000000000000e+00,-0.000000000000000000e+00,-0.000000000000000000e+00,-0.000000000000000000e+00,0.000000000000000000e+00,0.000000000000000000e+00,-1.073599640959701368e-01,-3.161871832856981701e-01,1.596935100627868032e+00,0.000000000000000000e+00,0.000000000000000000e+00,-0.000000000000000000e+00,-0.000000000000000000e+00,-0.000000000000000000e+00,0.000000000000000000e+00,0.000000000000000000e+00,-0.000000000000000000e+00
-0.000000000000000000e+00,-8.021434157391467076e-03,-0.000000000000000000e+00,0.000000000000000000e+00,-0.000000000000000000e+00,-3.401491194604739920e-01,-2.851336660960847313e-02,0.000000000000000000e+00,0.000000000000000000e+00,0.000000000000000000e+00,-0.000000000000000000e+00,0.000000000000000000e+00,-1.067583630787490995e-01,0.000000000000000000e+00,0.000000000000000000e+00,0.000000000000000000e+00,-1.577908590873177974e-01,0.000000000000000000e+00,-0.000000000000000000e+00,0.000000000000000000e+00,0.000000000000000000e+00,-0.000000000000000000e+00,-3.894916190664589606e-01,-5.030582867079819165e-01,-1.497150164191373041e-02,0.000000000000000000e+00,-0.000000000000000000e+00,0.000000000000000000e+00,-0.000000000000000000e+00,-0.000000000000000000e+00,0.000000000000000000e+00,2.853188463609036774e+00,0.000000000000000000e+00,0.000000000000000000e+00,-0.000000000000000000e+00,0.000000000000000000e+00,-1.232408983115715673e+00,-0.000000000000000000e+00,-0.000000000000000000e+00
-0.000000000000000000e+00,0.000000000000000000e+00,-4.360530707795851058e-01,-1.394156195498042761e-01,2.760174137282497830e-01,0.000000000000000000e+00,-6.187339971966580865e-02,0.000000000000000000e+00,-0.000000000000000000e+00,4.844067769887167724e-02,-0.000000000000000000e+00,-2.144717224625346808e-01,-0.000000000000000000e+00,-0.000000000000000000e+00,0.000000000000000000e+00,0.000000000000000000e+00,-0.000000000000000000e+00,0.000000000000000000e+00,0.000000000000000000e+00,-2.715527940113082184e-01,-7.828654798337454368e-01,-1.152834254743421577e-01,-0.000000000000000000e+00,0.000000000000000000e+00,0.000000000000000000e+00,-0.000000000000000000e+00,-5.307975971792930903e-01,-5.626627958702135057e-01,0.000000000000000000e+00,0.000000000000000000e+00,0.000000000000000000e+00,0.000000000000000000e+00,3.050444494824763986e+00,-0.000000000000000000e+00,-0.000000000000000000e+00,-0.000000000000000000e+00,0.000000000000000000e+00,0.000000000000000000e+00,0.000000000000000000e+00
-0.000000000000000000e+00,-0.000000000000000000e+00,-0.000000000000000000e+00,0.000000000000000000e+00,-1.137466686984713177e-01,1.258427796055352210e-01,0.000000000000000000e+00,0.000000000000000000e+00,-7.202478526567196448e-01,-0.000000000000000000e+00,0.000000000000000000e+00,-1.471462149326674129e-01,0.000000000000000000e+00,-5.359659847901306756e-02,-8.767579304558187347e-02,-0.000000000000000000e+00,0.000000000000000000e+00,-3.319152757870810211e-01,-0.000000000000000000e+00,-0.000000000000000000e+00,0.000000000000000000e+00,0.000000000000000000e+00,0.000000000000000000e+00,4.784369003243026629e-03,0.000000000000000000e+00,-1.783291347219215922e-02,-0.000000000000000000e+00,-0.000000000000000000e+00,0.000000000000000000e+00,-0.000000000000000000e+00,-0.000000000000000000e+00,0.000000000000000000e+00,-0.000000000000000000e+00,1.685884259173034083e+00,0.000000000000000000e+00,-1.668580372348738017e-01,0.000000000000000000e+00,-0.000000000000000000e+00,-0.000000000000000000e+00
-7.324789494181770111e-02,-0.000000000000000000e+00,-0.000000000000000000e+00,0.000000000000000000e+00,-0.000000000000000000e+00,-3.437316631897123220e-01,-4.845665697506080366e-02,0.000000000000000000e+00,0.000000000000000000e+00,-0.000000000000000000e+00,-0.000000000000000000e+00,0.000000000000000000e+00,-1.607327316157936559e-01,0.000000000000000000e+00,-0.000000000000000000e+00,0.000000000000000000e+00,-3.662165177255651827e-01,-0.000000000000000000e+00,-0.000000000000000000e+00,-0.000000000000000000e+00,-0.000000000000000000e+00,-0.000000000000000000e+00,-0.000000000000000000e+00,-5.509463146995660088e-01,-0.000000000000000000e+00,-0.000000000000000000e+00,0.000000000000000000e+00,0.000000000000000000e+00,-1.015963212440819108e+00,-0.000000000000000000e+00,-0.000000000000000000e+00,-0.000000000000000000e+00,-0.000000000000000000e+00,0.000000000000000000e+00,2.830609361923579925e+00,0.000000000000000000e+00,-2.700749942806888182e-01,-0.000000000000000000e+00,-0.000000000000000000e+00
-0.000000000000000000e+00,-0.000000000000000000e+00,-2.253424927157364754e-01,-0.000000000000000000e+00,-0.000000000000000000e+00,2.706287066692402155e-01,-0.000000000000000000e+00,3.962098341924904371e-02,-0.000000000000000000e+00,-1.511108768296793303e-01,-0.000000000000000000e+00,-2.291676786482330433e-02,1.252801139340477821e-01,-1.526890953948023266e-01,-0.000000000000000000e+00,-6.454618106275842315e-01,2.088728826391405002e-01,-0.000000000000000000e+00,-0.000000000000000000e+00,-0.000000000000000000e+00,-0.000000000000000000e+00,0.000000000000000000e+00,0.000000000000000000e+00,0.000000000000000000e+00,0.000000000000000000e+00,-0.000000000000000000e+00,-0.000000000000000000e+00,-0.000000000000000000e+00,0.000000000000000000e+00,-1.425195319821266279e-02,-0.000000000000000000e+00,0.000000000000000000e+00,-0.000000000000000000e+00,-1.668580372348738017e-01,0.000000000000000000e+00,1.751001172571420961e+00,0.000000000000000000e+00,-0.000000000000000000e+00,-0.000000000000000000e+00
-0.000000000000000000e+00,-1.114206348444858469e-01,0.000000000000000000e+00,0.000000000000000000e+00,-0.000000000000000000e+00,-3.138636709563168981e-01,-0.000000000000000000e+00,0.000000000000000000e+00,0.000000000000000000e+00,-0.000000000000000000e+00,-0.000000000000000000e+00,0.000000000000000000e+00,-8.397632668441623593e-02,-0.000000000000000000e+00,0.000000000000000000e+00,0.000000000000000000e+00,-0.000000000000000000e+00,0.000000000000000000e+00,-0.000000000000000000e+00,0.000000000000000000e+00,0.000000000000000000e+00,-0.000000000000000000e+00,-0.000000000000000000e+00,-2.612896300329773380e-01,-2.026884518153458936e-01,0.000000000000000000e+00,-0.000000000000000000e+00,0.000000000000000000e+00,-0.000000000000000000e+00,-0.000000000000000000e+00,0.000000000000000000e+00,-1.232408983115715673e+00,0.000000000000000000e+00,0.000000000000000000e+00,-2.700749942806888182e-01,0.000000000000000000e+00,2.635806263859770127e+00,-0.000000000000000000e+00,-0.000000000000000000e+00
-0.000000000000000000e+00,-0.000000000000000000e+00,0.000000000000000000e+00,0.000000000000000000e+00,-0.000000000000000000e+00,-0.000000000000000000e+00,1.243725400352993227e-01,-0.000000000000000000e+00,-4.592811533307614158e-01,-0.000000000000000000e+00,0.000000000000000000e+00,-0.000000000000000000e+00,0.000000000000000000e+00,-0.000000000000000000e+00,-0.000000000000000000e+00,0.000000000000000000e+00,0.000000000000000000e+00,9.052977896549087300e-02,0.000000000000000000e+00,0.000000000000000000e+00,0.000000000000000000e+00,0.000000000000000000e+00,-1.031261235693424066e-01,-0.000000000000000000e+00,-0.000000000000000000e+00,-3.261632013000936858e-02,-0.000000000000000000e+00,0.000000000000000000e+00,-0.000000000000000000e+00,0.000000000000000000e+00,0.000000000000000000e+00,-0.000000000000000000e+00,0.000000000000000000e+00,-0.000000000000000000e+00,-0.000000000000000000e+00,-0.000000000000000000e+00,-0.000000000000000000e+00,1.220859693938887824e+00,-1.744026470994858302e-01
-0.000000000000000000e+00,-6.501036445595606006e-01,0.000000000000000000e+00,0.000000000000000000e+00,-0.000000000000000000e+00,-0.000000000000000000e+00,5.940344654101188671e-02,-0.000000000000000000e+00,-1.791957315876890888e-02,-0.000000000000000000e+00,0.000000000000000000e+00,-0.000000000000000000e+00,2.946902652283114876e-02,-1.346664949105050302e-01,0.000000000000000000e+00,-0.000000000000000000e+00,0.000000000000000000e+00,0.000000000000000000e+00,0.000000000000000000e+00,0.000000000000000000e+00,1.673826099350650132e-01,9.809564985987676011e-02,-0.000000000000000000e+00,-0.000000000000000000e+00,-1.130725893228182351e-02,-0.000000000000000000e+00,-0.000000000000000000e+00,0.000000000000000000e+00,-0.000000000000000000e+00,-0.000000000000000000e+00,-0.000000000000000000e+00,-0.000000000000000000e+00,0.000000000000000000e+00,-0.000000000000000000e+00,-0.000000000000000000e+00,-0.000000000000000000e+00,-0.000000000000000000e+00,-1.744026470994858302e-01,1.417747054726866462e+00
