1.587271427167612270e+00,-0.000000000000000000e+00,-0.000000000000000000e+00,0.000000000000000000e+00,-0.000000000000000000e+00,-0.000000000000000000e+00,-0.000000000000000000e+00,0.000000000000000000e+00,-0.000000000000000000e+00,-0.000000000000000000e+00,0.000000000000000000e+00,0.000000000000000000e+00,0.000000000000000000e+00,-2.637872106892940050e-01,-0.000000000000000000e+00,-0.000000000000000000e+00,-0.000000000000000000e+00,-0.000000000000000000e+00,0.000000000000000000e+00,-0.000000000000000000e+00,-1.000329763690515489e-01,0.000000000000000000e+00,-0.000000000000000000e+00,-0.000000000000000000e+00,-0.000000000000000000e+00,-1.206207784009890871e-01,-0.000000000000000000e+00,-0.000000000000000000e+00,-0.000000000000000000e+00,-4.011806571457303128e-01,-0.000000000000000000e+00,0.000000000000000000e+00,-1.087673000146969493e-01,0.000000000000000000e+00,-0.000000000000000000e+00,-0.000000000000000000e+00,-0.000000000000000000e+00,-6.089294956228432643e-01,0.000000000000000000e+00
-0.000000000000000000e+00,1.382965223892032247e+00,-0.000000000000000000e+00,-0.000000000000000000e+00,-0.000000000000000000e+00,0.000000000000000000e+00,0.000000000000000000e+00,0.000000000000000000e+00,-0.000000000000000000e+00,-2.309043870625824002e-01,0.000000000000000000e+00,-4.443646108862540217e-02,0.000000000000000000e+00,0.000000000000000000e+00,-0.000000000000000000e+00,-0.000000000000000000e+00,-0.000000000000000000e+00,-0.000000000000000000e+00,-0.000000000000000000e+00,-0.000000000000000000e+00,-0.000000000000000000e+00,-0.000000000000000000e+00,0.000000000000000000e+00,0.000000000000000000e+00,0.000000000000000000e+00,0.000000000000000000e+00,-0.000000000000000000e+00,-0.000000000000000000e+00,0.000000000000000000e+00,0.000000000000000000e+00,-1.767124611044800508e-01,-0.000000000000000000e+00,-0.000000000000000000e+00,-0.000000000000000000e+00,0.000000000000000000e+00,-2.235040927334116800e-01,0.000000000000000000e+00,-0.000000000000000000e+00,-3.415557719848502094e-01
-0.000000000000000000e+00,-0.000000000000000000e+00,1.938643501060534069e+00,0.000000000000000000e+00,-1.365932000261326495e-01,-0.000000000000000000e+00,-1.777702801270842486e-02,1.224063250844596995e+00,-0.000000000000000000e+00,-0.000000000000000000e+00,-0.000000000000000000e+00,0.000000000000000000e+00,0.000000000000000000e+00,-0.000000000000000000e+00,-0.000000000000000000e+00,0.000000000000000000e+00,-0.000000000000000000e+00,0.000000000000000000e+00,0.000000000000000000e+00,0.000000000000000000e+00,-0.000000000000000000e+00,3.518940256057595528e-02,-0.000000000000000000e+00,-0.000000000000000000e+00,-0.000000000000000000e+00,-1.586256013624179895e-01,-1.190251644135377901e-01,-0.000000000000000000e+00,-0.000000000000000000e+00,-0.000000000000000000e+00,-0.000000000000000000e+00,-4.858356087142286922e-02,-0.000000000000000000e+00,0.000000000000000000e+00,-0.000000000000000000e+00,-0.000000000000000000e+00,-0.000000000000000000e+00,-0.000000000000000000e+00,0.000000000000000000e+00
0.000000000000000000e+00,-0.000000000000000000e+00,0.000000000000000000e+00,1.033763726931233640e+00,-0.000000000000000000e+00,0.000000000000000000e+00,-0.000000000000000000e+00,-0.000000000000000000e+00,0.000000000000000000e+00,-0.000000000000000000e+00,0.000000000000000000e+00,-0.000000000000000000e+00,-0.000000000000000000e+00,2.108644417683167016e-02,0.000000000000000000e+00,-0.000000000000000000e+00,0.000000000000000000e+00,-0.000000000000000000e+00,-0.000000000000000000e+00,-0.000000000000000000e+00,0.000000000000000000e+00,-1.814568703572251862e-01,0.000000000000000000e+00,0.000000000000000000e+00,0.000000000000000000e+00,0.000000000000000000e+00,0.000000000000000000e+00,-0.000000000000000000e+00,0.000000000000000000e+00,0.000000000000000000e+00,-0.000000000000000000e+00,-0.000000000000000000e+00,0.000000000000000000e+00,-0.000000000000000000e+00,0.000000000000000000e+00,-0.000000000000000000e+00,0.000000000000000000e+00,0.000000000000000000e+00,-0.000000000000000000e+00
-0.000000000000000000e+00,-0.000000000000000000e+00,-1.365932000261326495e-01,-0.000000000000000000e+00,1.214057618466953148e+00,0.000000000000000000e+00,0.000000000000000000e+00,1.057590372534510936e-01,-1.681744867984738268e-01,-8.081113841227748062e-02,0.000000000000000000e+00,-0.000000000000000000e+00,0.000000000000000000e+00,-0.000000000000000000e+00,-0.000000000000000000e+00,-0.000000000000000000e+00,-0.000000000000000000e+00,-0.000000000000000000e+00,-0.000000000000000000e+00,0.000000000000000000e+00,-0.000000000000000000e+00,-0.000000000000000000e+00,0.000000000000000000e+00,0.000000000000000000e+00,0.000000000000000000e+00,-0.000000000000000000e+00,-0.000000000000000000e+00,-0.000000000000000000e+00,0.000000000000000000e+00,0.000000000000000000e+00,-0.000000000000000000e+00,-0.000000000000000000e+00,-0.000000000000000000e+00,-1.707538111103498457e-01,0.000000000000000000e+00,-2.203589029347326478e-01,0.000000000000000000e+00,-0.000000000000000000e+00,-0.000000000000000000e+00
-0.000000000000000000e+00,0.000000000000000000e+00,-0.000000000000000000e+00,0.000000000000000000e+00,0.000000000000000000e+00,2.898094834429155942e+00,-0.000000000000000000e+00,0.000000000000000000e+00,0.000000000000000000e+00,0.000000000000000000e+00,-2.158421445194048660e-01,1.470736294560491264e-01,0.000000000000000000e+00,-0.000000000000000000e+00,2.298315826436563014e-01,1.064547111553103415e-01,0.000000000000000000e+00,1.164802066907146549e-01,1.757380283953287048e-01,-0.000000000000000000e+00,-0.000000000000000000e+00,0.000000000000000000e+00,-3.192423812758408697e-01,-2.762947522340963302e-01,-2.726611884736882541e-01,-0.000000000000000000e+00,-0.000000000000000000e+00,0.000000000000000000e+00,-1.417899843033620377e-01,-0.000000000000000000e+00,0.000000000000000000e+00,-5.705123030431927256e-02,-0.000000000000000000e+00,6.987962128854142974e-02,-2.605020788175754221e-01,7.919440759547599629e-02,-3.052583770068641456e-01,0.000000000000000000e+00,2.207717547841089589e-01
-0.000000000000000000e+00,0.000000000000000000e+00,-1.777702801270842486e-02,-0.000000000000000000e+00,0.000000000000000000e+00,-0.000000000000000000e+00,1.003157971162318640e+00,0.000000000000000000e+00,0.000000000000000000e+00,0.000000000000000000e+00,-0.000000000000000000e+00,0.000000000000000000e+00,0.000000000000000000e+00,-0.000000000000000000e+00,0.000000000000000000e+00,0.000000000000000000e+00,0.000000000000000000e+00,0.000000000000000000e+00,0.000000000000000000e+00,-0.000000000000000000e+00,-0.000000000000000000e+00,0.000000000000000000e+00,-0.000000000000000000e+00,-0.000000000000000000e+00,-0.000000000000000000e+00,-0.000000000000000000e+00,-0.000000000000000000e+00,-0.000000000000000000e+00,-2.582435975197912986e-02,-3.920971473659640681e-03,-0.000000000000000000e+00,-0.000000000000000000e+00,-0.000000000000000000e+00,9.299194883925171115e-03,-0.000000000000000000e+00,0.000000000000000000e+00,-1.918672736932106743e-02,-0.000000000000000000e+00,0.000000000000000000e+00
0.000000000000000000e+00,0.000000000000000000e+00,1.224063250844596995e+00,-0.000000000000000000e+00,1.057590372534510936e-01,0.000000000000000000e+00,0.000000000000000000e+00,1.934579085122908548e+00,-0.000000000000000000e+00,0.000000000000000000e+00,0.000000000000000000e+00,-0.000000000000000000e+00,-0.000000000000000000e+00,0.000000000000000000e+00,0.000000000000000000e+00,-0.000000000000000000e+00,0.000000000000000000e+00,-0.000000000000000000e+00,-0.000000000000000000e+00,0.000000000000000000e+00,6.120803803620224887e-02,-0.000000000000000000e+00,0.000000000000000000e+00,0.000000000000000000e+00,0.000000000000000000e+00,0.000000000000000000e+00,1.722935592302456409e-01,0.000000000000000000e+00,0.000000000000000000e+00,0.000000000000000000e+00,0.000000000000000000e+00,8.395028884557422660e-03,1.034857173529301760e-01,-0.000000000000000000e+00,0.000000000000000000e+00,0.000000000000000000e+00,0.000000000000000000e+00,0.000000000000000000e+00,-0.000000000000000000e+00
-0.000000000000000000e+00,-0.000000000000000000e+00,-0.000000000000000000e+00,0.000000000000000000e+00,-1.681744867984738268e-01,0.000000000000000000e+00,0.000000000000000000e+00,-0.000000000000000000e+00,1.263603060962482205e+00,-3.009010747013433074e-01,0.000000000000000000e+00,-0.000000000000000000e+00,0.000000000000000000e+00,-2.197652613608187255e-01,-0.000000000000000000e+00,-0.000000000000000000e+00,-0.000000000000000000e+00,-0.000000000000000000e+00,-0.000000000000000000e+00,0.000000000000000000e+00,0.000000000000000000e+00,-0.000000000000000000e+00,-0.000000000000000000e+00,-0.000000000000000000e+00,-0.000000000000000000e+00,-0.000000000000000000e+00,0.000000000000000000e+00,0.000000000000000000e+00,0.000000000000000000e+00,-0.000000000000000000e+00,-0.000000000000000000e+00,0.000000000000000000e+00,-0.000000000000000000e+00,-0.000000000000000000e+00,0.000000000000000000e+00,-1.080908020352478877e-01,0.000000000000000000e+00,-1.595479830041587332e-01,-0.000000000000000000e+00
-0.000000000000000000e+00,-2.309043870625824002e-01,-0.000000000000000000e+00,-0.000000000000000000e+00,-8.081113841227748062e-02,0.000000000000000000e+00,0.000000000000000000e+00,0.000000000000000000e+00,-3.009010747013433074e-01,1.787316448378923672e+00,0.000000000000000000e+00,-0.000000000000000000e+00,0.000000000000000000e+00,-0.000000000000000000e+00,-0.000000000000000000e+00,-5.383224061704831032e-01,-0.000000000000000000e+00,-0.000000000000000000e+00,-0.000000000000000000e+00,-0.000000000000000000e+00,-0.000000000000000000e+00,-0.000000000000000000e+00,0.000000000000000000e+00,0.000000000000000000e+00,0.000000000000000000e+00,0.000000000000000000e+00,0.000000000000000000e+00,-0.000000000000000000e+00,0.000000000000000000e+00,-0.000000000000000000e+00,-1.243279835902871555e-01,0.000000000000000000e+00,-0.000000000000000000e+00,-0.000000000000000000e+00,0.000000000000000000e+00,-4.499056577843636440e-01,0.000000000000000000e+00,-9.116690157800154664e-04,-0.000000000000000000e+00
0.000000000000000000e+00,0.000000000000000000e+00,-0.000000000000000000e+00,0.000000000000000000e+00,0.000000000000000000e+00,-2.158421445194048660e-01,-0.000000000000000000e+00,0.000000000000000000e+00,0.000000000000000000e+00,0.000000000000000000e+00,1.955764297741966695e+00,3.475392174304182957e-03,0.000000000000000000e+00,-0.000000000000000000e+00,1.296598313781225642e-01,3.221499895870175156e-01,0.000000000000000000e+00,3.309289088235635445e-02,0.000000000000000000e+00,0.000000000000000000e+00,-0.000000000000000000e+00,0.000000000000000000e+00,-1.043429065540316669e-01,-1.375114929298387190e-01,-1.427408509191996078e-01,-0.000000000000000000e+00,-0.000000000000000000e+00,0.000000000000000000e+00,-0.000000000000000000e+00,-0.000000000000000000e+00,0.000000000000000000e+00,-1.463410238720808665e-01,-0.000000000000000000e+00,3.437068353037957963e-02,-2.947554087775963727e-01,1.009036903096530713e-01,-6.784606971320340796e-02,0.000000000000000000e+00,6.615507785083436787e-02
0.000000000000000000e+00,-4.443646108862540217e-02,0.000000000000000000e+00,-0.000000000000000000e+00,-0.000000000000000000e+00,1.470736294560491264e-01,0.000000000000000000e+00,-0.000000000000000000e+00,-0.000000000000000000e+00,-0.000000000000000000e+00,3.475392174304182957e-03,2.838194658608828913e+00,-0.000000000000000000e+00,0.000000000000000000e+00,-2.926839025386508419e-01,-0.000000000000000000e+00,-0.000000000000000000e+00,-1.500753524470832823e-01,-4.012272024801161185e-01,0.000000000000000000e+00,0.000000000000000000e+00,-7.255570545136227900e-02,1.247151919560002403e-01,1.529288791896134536e-01,1.535220090056876319e-01,5.368922102447808153e-02,0.000000000000000000e+00,-0.000000000000000000e+00,2.313052788126716552e-01,0.000000000000000000e+00,-0.000000000000000000e+00,0.000000000000000000e+00,-0.000000000000000000e+00,-4.519949251215438779e-01,1.380876708471993619e-01,-3.215249997766793377e-02,2.097790031482915651e-02,-0.000000000000000000e+00,-3.841642543142901323e-01
0.000000000000000000e+00,0.000000000000000000e+00,0.000000000000000000e+00,-0.000000000000000000e+00,0.000000000000000000e+00,0.000000000000000000e+00,0.000000000000000000e+00,-0.000000000000000000e+00,0.000000000000000000e+00,0.000000000000000000e+00,0.000000000000000000e+00,-0.000000000000000000e+00,9.999999999999997780e-01,0.000000000000000000e+00,0.000000000000000000e+00,0.000000000000000000e+00,0.000000000000000000e+00,-0.000000000000000000e+00,-0.000000000000000000e+00,-0.000000000000000000e+00,0.000000000000000000e+00,-0.000000000000000000e+00,0.000000000000000000e+00,0.000000000000000000e+00,0.000000000000000000e+00,0.000000000000000000e+00,-0.000000000000000000e+00,0.000000000000000000e+00,0.000000000000000000e+00,0.000000000000000000e+00,0.000000000000000000e+00,0.000000000000000000e+00,0.000000000000000000e+00,-0.000000000000000000e+00,0.000000000000000000e+00,0.000000000000000000e+00,0.000000000000000000e+00,0.000000000000000000e+00,-0.000000000000000000e+00
-2.637872106892940050e-01,0.000000000000000000e+00,-0.000000000000000000e+00,2.108644417683167016e-02,-0.000000000000000000e+00,-0.000000000000000000e+00,-0.000000000000000000e+00,0.000000000000000000e+00,-2.197652613608187255e-01,-0.000000000000000000e+00,-0.000000000000000000e+00,0.000000000000000000e+00,0.000000000000000000e+00,1.513268863109415996e+00,-0.000000000000000000e+00,-0.000000000000000000e+00,-2.302446286910081741e-01,0.000000000000000000e+00,0.000000000000000000e+00,-0.000000000000000000e+00,-0.000000000000000000e+00,0.000000000000000000e+00,-0.000000000000000000e+00,-0.000000000000000000e+00,-0.000000000000000000e+00,-3.437677519251415292e-01,-8.227409071106932259e-02,0.000000000000000000e+00,-0.000000000000000000e+00,-1.829366472588469239e-01,-0.000000000000000000e+00,-0.000000000000000000e+00,-2.025679178894636279e-01,0.000000000000000000e+00,-0.000000000000000000e+00,-0.000000000000000000e+00,-0.000000000000000000e+00,-0.000000000000000000e+00,0.000000000000000000e+00
-0.000000000000000000e+00,-0.000000000000000000e+00,-0.000000000000000000e+00,0.000000000000000000e+00,-0.000000000000000000e+00,2.298315826436563014e-01,0.000000000000000000e+00,0.000000000000000000e+00,-0.000000000000000000e+00,-0.000000000000000000e+00,1.296598313781225642e-01,-2.926839025386508419e-01,0.000000000000000000e+00,-0.000000000000000000e+00,2.244452232271555658e+00,-8.077243801320896366e-02,-0.000000000000000000e+00,-3.947313498318084091e-01,-8.991826396693967938e-02,-0.000000000000000000e+00,0.000000000000000000e+00,-0.000000000000000000e+00,7.800195105066835832e-02,5.248243220003507431e-02,1.848820008861306041e-01,0.000000000000000000e+00,0.000000000000000000e+00,-1.714680258480428265e-01,0.000000000000000000e+00,0.000000000000000000e+00,-0.000000000000000000e+00,0.000000000000000000e+00,-0.000000000000000000e+00,-1.550730431413491484e-01,0.000000000000000000e+00,-1.566118056528743030e-01,0.000000000000000000e+00,-3.101138062311769583e-01,-9.663799685050728644e-03
-0.000000000000000000e+00,-0.000000000000000000e+00,0.000000000000000000e+00,-0.000000000000000000e+00,-0.000000000000000000e+00,1.064547111553103415e-01,0.000000000000000000e+00,-0.000000000000000000e+00,-0.000000000000000000e+00,-5.383224061704831032e-01,3.221499895870175156e-01,-0.000000000000000000e+00,0.000000000000000000e+00,-0.000000000000000000e+00,-8.077243801320896366e-02,2.283481091325507251e+00,-0.000000000000000000e+00,-3.220702935577460235e-01,-0.000000000000000000e+00,-0.000000000000000000e+00,-0.000000000000000000e+00,-1.053259951268983030e-01,0.000000000000000000e+00,0.000000000000000000e+00,0.000000000000000000e+00,0.000000000000000000e+00,0.000000000000000000e+00,-2.195068311581527543e-01,0.000000000000000000e+00,0.000000000000000000e+00,-0.000000000000000000e+00,0.000000000000000000e+00,-0.000000000000000000e+00,-1.266267358986479241e-01,1.414412061964204388e-02,-2.922371465209374075e-01,0.000000000000000000e+00,-3.086057824974369201e-01,-9.626864605233437233e-02
-0.000000000000000000e+00,-0.000000000000000000e+00,-0.000000000000000000e+00,0.000000000000000000e+00,-0.000000000000000000e+00,0.000000000000000000e+00,0.000000000000000000e+00,0.000000000000000000e+00,-0.000000000000000000e+00,-0.000000000000000000e+00,0.000000000000000000e+00,-0.000000000000000000e+00,0.000000000000000000e+00,-2.302446286910081741e-01,-0.000000000000000000e+00,-0.000000000000000000e+00,1.211760330323069956e+00,-0.000000000000000000e+00,-0.000000000000000000e+00,-0.000000000000000000e+00,-0.000000000000000000e+00,0.000000000000000000e+00,-0.000000000000000000e+00,0.000000000000000000e+00,0.000000000000000000e+00,-0.000000000000000000e+00,-0.000000000000000000e+00,-0.000000000000000000e+00,-0.000000000000000000e+00,-0.000000000000000000e+00,-7.029182684084962426e-03,-0.000000000000000000e+00,-2.487545695366696896e-01,-0.000000000000000000e+00,-0.000000000000000000e+00,-0.000000000000000000e+00,-0.000000000000000000e+00,-2.681577245479557781e-01,0.000000000000000000e+00
-0.000000000000000000e+00,-0.000000000000000000e+00,0.000000000000000000e+00,-0.000000000000000000e+00,-0.000000000000000000e+00,1.164802066907146549e-01,0.000000000000000000e+00,-0.000000000000000000e+00,-0.000000000000000000e+00,-0.000000000000000000e+00,3.309289088235635445e-02,-1.500753524470832823e-01,-0.000000000000000000e+00,0.000000000000000000e+00,-3.947313498318084091e-01,-3.220702935577460235e-01,-0.000000000000000000e+00,2.305217774850691459e+00,-5.689328215137058331e-01,0.000000000000000000e+00,0.000000000000000000e+00,-6.682322075419981633e-02,1.186686532854445281e-01,7.503460385413061873e-02,6.676961519274501877e-02,0.000000000000000000e+00,0.000000000000000000e+00,-0.000000000000000000e+00,0.000000000000000000e+00,0.000000000000000000e+00,-0.000000000000000000e+00,0.000000000000000000e+00,-0.000000000000000000e+00,-2.184514218949316910e-01,2.548118339782883685e-02,-0.000000000000000000e+00,0.000000000000000000e+00,-0.000000000000000000e+00,-1.350366046042913298e-02
0.000000000000000000e+00,-0.000000000000000000e+00,0.000000000000000000e+00,-0.000000000000000000e+00,-0.000000000000000000e+00,1.757380283953287048e-01,0.000000000000000000e+00,-0.000000000000000000e+00,-0.000000000000000000e+00,-0.000000000000000000e+00,0.000000000000000000e+00,-4.012272024801161185e-01,-0.000000000000000000e+00,0.000000000000000000e+00,-8.991826396693967938e-02,-0.000000000000000000e+00,-0.000000000000000000e+00,-5.689328215137058331e-01,2.693301419657058382e+00,0.000000000000000000e+00,0.000000000000000000e+00,-1.974491806859834664e-01,7.221739771981607048e-02,1.291054960938371465e-01,6.018903569429782940e-02,0.000000000000000000e+00,0.000000000000000000e+00,-0.000000000000000000e+00,2.134831515403758095e-01,0.000000000000000000e+00,-0.000000000000000000e+00,0.000000000000000000e+00,-0.000000000000000000e+00,-2.863020354402421863e-01,2.206550545123977386e-02,-0.000000000000000000e+00,1.269728506667504864e-01,-0.000000000000000000e+00,-3.109374504085546942e-01
-0.000000000000000000e+00,-0.000000000000000000e+00,0.000000000000000000e+00,-0.000000000000000000e+00,0.000000000000000000e+00,-0.000000000000000000e+00,-0.000000000000000000e+00,0.000000000000000000e+00,0.000000000000000000e+00,-0.000000000000000000e+00,0.000000000000000000e+00,0.000000000000000000e+00,-0.000000000000000000e+00,-0.000000000000000000e+00,-0.000000000000000000e+00,-0.000000000000000000e+00,-0.000000000000000000e+00,0.000000000000000000e+00,0.000000000000000000e+00,1.002227441345517001e+00,-4.724822270342465130e-02,-0.000000000000000000e+00,0.000000000000000000e+00,-0.000000000000000000e+00,-0.000000000000000000e+00,-0.000000000000000000e+00,-0.000000000000000000e+00,-0.000000000000000000e+00,-0.000000000000000000e+00,-0.000000000000000000e+00,-0.000000000000000000e+00,-0.000000000000000000e+00,-0.000000000000000000e+00,0.000000000000000000e+00,-0.000000000000000000e+00,-0.000000000000000000e+00,-0.000000000000000000e+00,-0.000000000000000000e+00,0.000000000000000000e+00
-1.000329763690515489e-01,-0.000000000000000000e+00,-0.000000000000000000e+00,0.000000000000000000e+00,-0.000000000000000000e+00,-0.000000000000000000e+00,-0.000000000000000000e+00,6.120803803620224887e-02,0.000000000000000000e+00,-0.000000000000000000e+00,-0.000000000000000000e+00,0.000000000000000000e+00,0.000000000000000000e+00,-0.000000000000000000e+00,0.000000000000000000e+00,-0.000000000000000000e+00,-0.000000000000000000e+00,0.000000000000000000e+00,0.000000000000000000e+00,-4.724822270342465130e-02,1.209720860560878464e+00,0.000000000000000000e+00,-0.000000000000000000e+00,-0.000000000000000000e+00,-0.000000000000000000e+00,-2.093672066272100063e-01,-9.389154703729059304e-02,-0.000000000000000000e+00,-4.907975226930452912e-03,-0.000000000000000000e+00,-0.000000000000000000e+00,-0.000000000000000000e+00,-2.742443777856792275e-01,0.000000000000000000e+00,-0.000000000000000000e+00,0.000000000000000000e+00,-0.000000000000000000e+00,-0.000000000000000000e+00,0.000000000000000000e+00
0.000000000000000000e+00,-0.000000000000000000e+00,3.518940256057595528e-02,-1.814568703572251862e-01,-0.000000000000000000e+00,0.000000000000000000e+00,0.000000000000000000e+00,-0.000000000000000000e+00,-0.000000000000000000e+00,-0.000000000000000000e+00,0.000000000000000000e+00,-7.255570545136227900e-02,-0.000000000000000000e+00,0.000000000000000000e+00,-0.000000000000000000e+00,-1.053259951268983030e-01,0.000000000000000000e+00,-6.682322075419981633e-02,-1.974491806859834664e-01,-0.000000000000000000e+00,0.000000000000000000e+00,1.654778761131552089e+00,3.980646001613841883e-02,8.087275968318852204e-02,0.000000000000000000e+00,1.362336724148278111e-01,0.000000000000000000e+00,-0.000000000000000000e+00,1.951085896305035372e-01,0.000000000000000000e+00,-0.000000000000000000e+00,0.000000000000000000e+00,-0.000000000000000000e+00,-8.651806643475082326e-02,1.225937233487454370e-01,-0.000000000000000000e+00,0.000000000000000000e+00,-0.000000000000000000e+00,-1.353391996979166900e-01
-0.000000000000000000e+00,0.000000000000000000e+00,-0.000000000000000000e+00,0.000000000000000000e+00,0.000000000000000000e+00,-3.192423812758408697e-01,-0.000000000000000000e+00,0.000000000000000000e+00,-0.000000000000000000e+00,0.000000000000000000e+00,-1.043429065540316669e-01,1.247151919560002403e-01,0.000000000000000000e+00,-0.000000000000000000e+00,7.800195105066835832e-02,0.000000000000000000e+00,-0.000000000000000000e+00,1.186686532854445281e-01,7.221739771981607048e-02,0.000000000000000000e+00,-0.000000000000000000e+00,3.980646001613841883e-02,2.788108378880800320e+00,-3.008719722186558587e-01,-5.265074263960575207e-01,-1.097227123209379152e-01,-0.000000000000000000e+00,1.072350374366844716e-01,-1.697826175938864368e-01,-2.807285004600399425e-01,0.000000000000000000e+00,-0.000000000000000000e+00,-0.000000000000000000e+00,3.703068091540948070e-02,-2.663640621483858717e-01,0.000000000000000000e+00,-5.874204994670396973e-02,0.000000000000000000e+00,1.292324918862465533e-01
-0.000000000000000000e+00,0.000000000000000000e+00,-0.000000000000000000e+00,0.000000000000000000e+00,0.000000000000000000e+00,-2.762947522340963302e-01,-0.000000000000000000e+00,0.000000000000000000e+00,-0.000000000000000000e+00,0.000000000000000000e+00,-1.375114929298387190e-01,1.529288791896134536e-01,0.000000000000000000e+00,-0.000000000000000000e+00,5.248243220003507431e-02,0.000000000000000000e+00,0.000000000000000000e+00,7.503460385413061873e-02,1.291054960938371465e-01,-0.000000000000000000e+00,-0.000000000000000000e+00,8.087275968318852204e-02,-3.008719722186558587e-01,2.985443783016425989e+00,-3.750935811870679260e-01,-2.578886435957223333e-01,-0.000000000000000000e+00,0.000000000000000000e+00,-2.539421097716240139e-01,-9.844405906629902225e-02,0.000000000000000000e+00,-0.000000000000000000e+00,-0.000000000000000000e+00,3.179508645401866312e-02,-2.664170880808894859e-01,0.000000000000000000e+00,-3.947711231924257436e-01,0.000000000000000000e+00,1.692602209392203017e-01
-0.000000000000000000e+00,0.000000000000000000e+00,-0.000000000000000000e+00,0.000000000000000000e+00,0.000000000000000000e+00,-2.726611884736882541e-01,-0.000000000000000000e+00,0.000000000000000000e+00,-0.000000000000000000e+00,0.000000000000000000e+00,-1.427408509191996078e-01,1.535220090056876319e-01,0.000000000000000000e+00,-0.000000000000000000e+00,1.848820008861306041e-01,0.000000000000000000e+00,0.000000000000000000e+00,6.676961519274501877e-02,6.018903569429782940e-02,-0.000000000000000000e+00,-0.000000000000000000e+00,0.000000000000000000e+00,-5.265074263960575207e-01,-3.750935811870679260e-01,2.740356773007802449e+00,-1.030732278352078507e-01,-0.000000000000000000e+00,0.000000000000000000e+00,-1.453083857724036809e-01,-1.300432614995552238e-01,0.000000000000000000e+00,-0.000000000000000000e+00,-0.000000000000000000e+00,1.373649144310829656e-02,-2.013856078504187019e-01,0.000000000000000000e+00,-2.499944385808310632e-01,0.000000000000000000e+00,8.505477284970398844e-02
-1.206207784009890871e-01,0.000000000000000000e+00,-1.586256013624179895e-01,0.000000000000000000e+00,-0.000000000000000000e+00,-0.000000000000000000e+00,-0.000000000000000000e+00,0.000000000000000000e+00,-0.000000000000000000e+00,0.000000000000000000e+00,-0.000000000000000000e+00,5.368922102447808153e-02,0.000000000000000000e+00,-3.437677519251415292e-01,0.000000000000000000e+00,0.000000000000000000e+00,-0.000000000000000000e+00,0.000000000000000000e+00,0.000000000000000000e+00,-0.000000000000000000e+00,-2.093672066272100063e-01,1.362336724148278111e-01,-1.097227123209379152e-01,-2.578886435957223333e-01,-1.030732278352078507e-01,2.507774378395430936e+00,-5.291324193697723687e-03,0.000000000000000000e+00,-5.009322713679505990e-01,-4.112879182735243999e-01,0.000000000000000000e+00,-0.000000000000000000e+00,-0.000000000000000000e+00,0.000000000000000000e+00,-2.361706355783834144e-01,0.000000000000000000e+00,-1.214931556483043046e-01,-0.000000000000000000e+00,8.201951120582795518e-02
-0.000000000000000000e+00,-0.000000000000000000e+00,-1.190251644135377901e-01,0.000000000000000000e+00,-0.000000000000000000e+00,-0.000000000000000000e+00,-0.000000000000000000e+00,1.722935592302456409e-01,0.000000000000000000e+00,0.000000000000000000e+00,-0.000000000000000000e+00,0.000000000000000000e+00,-0.000000000000000000e+00,-8.227409071106932259e-02,0.000000000000000000e+00,0.000000000000000000e+00,-0.000000000000000000e+00,0.000000000000000000e+00,0.000000000000000000e+00,-0.000000000000000000e+00,-9.389154703729059304e-02,0.000000000000000000e+00,-0.000000000000000000e+00,-0.000000000000000000e+00,-0.000000000000000000e+00,-5.291324193697723687e-03,1.397925284949086189e+00,-0.000000000000000000e+00,-0.000000000000000000e+00,-0.000000000000000000e+00,0.000000000000000000e+00,-1.619762494192434621e-01,-2.383466022931565176e-01,0.000000000000000000e+00,-0.000000000000000000e+00,-0.000000000000000000e+00,-3.411010651160252261e-01,-0.000000000000000000e+00,0.000000000000000000e+00
-0.000000000000000000e+00,-0.000000000000000000e+00,-0.000000000000000000e+00,-0.000000000000000000e+00,-0.000000000000000000e+00,0.000000000000000000e+00,-0.000000000000000000e+00,0.000000000000000000e+00,0.000000000000000000e+00,-0.000000000000000000e+00,0.000000000000000000e+00,-0.000000000000000000e+00,0.000000000000000000e+00,0.000000000000000000e+00,-1.714680258480428265e-01,-2.195068311581527543e-01,-0.000000000000000000e+00,-0.000000000000000000e+00,-0.000000000000000000e+00,-0.000000000000000000e+00,-0.000000000000000000e+00,-0.000000000000000000e+00,1.072350374366844716e-01,0.000000000000000000e+00,0.000000000000000000e+00,0.000000000000000000e+00,-0.000000000000000000e+00,1.219225384331841910e+00,0.000000000000000000e+00,0.000000000000000000e+00,-0.000000000000000000e+00,0.000000000000000000e+00,-0.000000000000000000e+00,-0.000000000000000000e+00,9.406716078035970430e-02,-0.000000000000000000e+00,0.000000000000000000e+00,-7.346681990273869201e-02,-0.000000000000000000e+00
-0.000000000000000000e+00,0.000000000000000000e+00,-0.000000000000000000e+00,0.000000000000000000e+00,0.000000000000000000e+00,-1.417899843033620377e-01,-2.582435975197912986e-02,0.000000000000000000e+00,0.000000000000000000e+00,0.000000000000000000e+00,-0.000000000000000000e+00,2.313052788126716552e-01,0.000000000000000000e+00,-0.000000000000000000e+00,0.000000000000000000e+00,0.000000000000000000e+00,-0.000000000000000000e+00,0.000000000000000000e+00,2.134831515403758095e-01,-0.000000000000000000e+00,-4.907975226930452912e-03,1.951085896305035372e-01,-1.697826175938864368e-01,-2.539421097716240139e-01,-1.453083857724036809e-01,-5.009322713679505990e-01,-0.000000000000000000e+00,0.000000000000000000e+00,3.012220035848540256e+00,-3.757526695174583375e-01,0.000000000000000000e+00,-0.000000000000000000e+00,-0.000000000000000000e+00,1.537096881415062066e-01,-2.603051567960850132e-01,0.000000000000000000e+00,-2.703290763356334669e-01,0.000000000000000000e+00,2.096710184952889078e-01
-4.011806571457303128e-01,0.000000000000000000e+00,-0.000000000000000000e+00,0.000000000000000000e+00,0.000000000000000000e+00,-0.000000000000000000e+00,-3.920971473659640681e-03,0.000000000000000000e+00,-0.000000000000000000e+00,-0.000000000000000000e+00,-0.000000000000000000e+00,0.000000000000000000e+00,0.000000000000000000e+00,-1.829366472588469239e-01,0.000000000000000000e+00,0.000000000000000000e+00,-0.000000000000000000e+00,0.000000000000000000e+00,0.000000000000000000e+00,-0.000000000000000000e+00,-0.000000000000000000e+00,0.000000000000000000e+00,-2.807285004600399425e-01,-9.844405906629902225e-02,-1.300432614995552238e-01,-4.112879182735243999e-01,-0.000000000000000000e+00,0.000000000000000000e+00,-3.757526695174583375e-01,2.125367338956008378e+00,0.000000000000000000e+00,-0.000000000000000000e+00,-0.000000000000000000e+00,0.000000000000000000e+00,-2.293534485780764354e-01,0.000000000000000000e+00,-8.218006108053765510e-03,-0.000000000000000000e+00,0.000000000000000000e+00
-0.000000000000000000e+00,-1.767124611044800508e-01,-0.000000000000000000e+00,-0.000000000000000000e+00,-0.000000000000000000e+00,0.000000000000000000e+00,-0.000000000000000000e+00,0.000000000000000000e+00,-0.000000000000000000e+00,-1.243279835902871555e-01,0.000000000000000000e+00,-0.000000000000000000e+00,0.000000000000000000e+00,-0.000000000000000000e+00,-0.000000000000000000e+00,-0.000000000000000000e+00,-7.029182684084962426e-03,-0.000000000000000000e+00,-0.000000000000000000e+00,-0.000000000000000000e+00,-0.000000000000000000e+00,-0.000000000000000000e+00,0.000000000000000000e+00,0.000000000000000000e+00,0.000000000000000000e+00,0.000000000000000000e+00,0.000000000000000000e+00,-0.000000000000000000e+00,0.000000000000000000e+00,0.000000000000000000e+00,1.078869147337425449e+00,-0.000000000000000000e+00,-0.000000000000000000e+00,-0.000000000000000000e+00,0.000000000000000000e+00,-0.000000000000000000e+00,0.000000000000000000e+00,-8.860141708156031581e-02,-0.000000000000000000e+00
0.000000000000000000e+00,-0.000000000000000000e+00,-4.858356087142286922e-02,-0.000000000000000000e+00,-0.000000000000000000e+00,-5.705123030431927256e-02,-0.000000000000000000e+00,8.395028884557422660e-03,0.000000000000000000e+00,0.000000000000000000e+00,-1.463410238720808665e-01,0.000000000000000000e+00,0.000000000000000000e+00,-0.000000000000000000e+00,0.000000000000000000e+00,0.000000000000000000e+00,-0.000000000000000000e+00,0.000000000000000000e+00,0.000000000000000000e+00,-0.000000000000000000e+00,-0.000000000000000000e+00,0.000000000000000000e+00,-0.000000000000000000e+00,-0.000000000000000000e+00,-0.000000000000000000e+00,-0.000000000000000000e+00,-1.619762494192434621e-01,0.000000000000000000e+00,-0.000000000000000000e+00,-0.000000000000000000e+00,-0.000000000000000000e+00,1.317172877629389838e+00,-1.355290248811853726e-01,0.000000000000000000e+00,-1.523975134635049446e-02,0.000000000000000000e+00,-3.464597810652601528e-01,0.000000000000000000e+00,0.000000000000000000e+00
-1.087673000146969493e-01,-0.000000000000000000e+00,-0.000000000000000000e+00,0.000000000000000000e+00,-0.000000000000000000e+00,-0.000000000000000000e+00,-0.000000000000000000e+00,1.034857173529301760e-01,-0.000000000000000000e+00,-0.000000000000000000e+00,-0.000000000000000000e+00,-0.000000000000000000e+00,0.000000000000000000e+00,-2.025679178894636279e-01,-0.000000000000000000e+00,-0.000000000000000000e+00,-2.487545695366696896e-01,-0.000000000000000000e+00,-0.000000000000000000e+00,-0.000000000000000000e+00,-2.742443777856792275e-01,-0.000000000000000000e+00,-0.000000000000000000e+00,-0.000000000000000000e+00,-0.000000000000000000e+00,-0.000000000000000000e+00,-2.383466022931565176e-01,-0.000000000000000000e+00,-0.000000000000000000e+00,-0.000000000000000000e+00,-0.000000000000000000e+00,-1.355290248811853726e-01,1.395584955248987624e+00,-0.000000000000000000e+00,-0.000000000000000000e+00,-0.000000000000000000e+00,-0.000000000000000000e+00,-0.000000000000000000e+00,0.000000000000000000e+00
0.000000000000000000e+00,-0.000000000000000000e+00,0.000000000000000000e+00,-0.000000000000000000e+00,-1.707538111103498457e-01,6.987962128854142974e-02,9.299194883925171115e-03,-0.000000000000000000e+00,-0.000000000000000000e+00,-0.000000000000000000e+00,3.437068353037957963e-02,-4.519949251215438779e-01,-0.000000000000000000e+00,0.000000000000000000e+00,-1.550730431413491484e-01,-1.266267358986479241e-01,-0.000000000000000000e+00,-2.184514218949316910e-01,-2.863020354402421863e-01,0.000000000000000000e+00,0.000000000000000000e+00,-8.651806643475082326e-02,3.703068091540948070e-02,3.179508645401866312e-02,1.373649144310829656e-02,0.000000000000000000e+00,0.000000000000000000e+00,-0.000000000000000000e+00,1.537096881415062066e-01,0.000000000000000000e+00,-0.000000000000000000e+00,0.000000000000000000e+00,-0.000000000000000000e+00,2.685061959577207169e+00,2.246112389794880093e-01,-1.850327911571638395e-01,1.362891616174884413e-01,-0.000000000000000000e+00,-4.192214344981911034e-01
-0.000000000000000000e+00,0.000000000000000000e+00,-0.000000000000000000e+00,0.000000000000000000e+00,0.000000000000000000e+00,-2.605020788175754221e-01,-0.000000000000000000e+00,0.000000000000000000e+00,0.000000000000000000e+00,0.000000000000000000e+00,-2.947554087775963727e-01,1.380876708471993619e-01,0.000000000000000000e+00,-0.000000000000000000e+00,0.000000000000000000e+00,1.414412061964204388e-02,-0.000000000000000000e+00,2.548118339782883685e-02,2.206550545123977386e-02,-0.000000000000000000e+00,-0.000000000000000000e+00,1.225937233487454370e-01,-2.663640621483858717e-01,-2.664170880808894859e-01,-2.013856078504187019e-01,-2.361706355783834144e-01,-0.000000000000000000e+00,9.406716078035970430e-02,-2.603051567960850132e-01,-2.293534485780764354e-01,0.000000000000000000e+00,-1.523975134635049446e-02,-0.000000000000000000e+00,2.246112389794880093e-01,2.882992207654945016e+00,0.000000000000000000e+00,-1.054052362505290413e-01,0.000000000000000000e+00,2.381575289539546170e-01
-0.000000000000000000e+00,-2.235040927334116800e-01,-0.000000000000000000e+00,-0.000000000000000000e+00,-2.203589029347326478e-01,7.919440759547599629e-02,0.000000000000000000e+00,0.000000000000000000e+00,-1.080908020352478877e-01,-4.499056577843636440e-01,1.009036903096530713e-01,-3.215249997766793377e-02,0.000000000000000000e+00,-0.000000000000000000e+00,-1.566118056528743030e-01,-2.922371465209374075e-01,-0.000000000000000000e+00,-0.000000000000000000e+00,-0.000000000000000000e+00,-0.000000000000000000e+00,0.000000000000000000e+00,-0.000000000000000000e+00,0.000000000000000000e+00,0.000000000000000000e+00,0.000000000000000000e+00,0.000000000000000000e+00,-0.000000000000000000e+00,-0.000000000000000000e+00,0.000000000000000000e+00,0.000000000000000000e+00,-0.000000000000000000e+00,0.000000000000000000e+00,-0.000000000000000000e+00,-1.850327911571638395e-01,0.000000000000000000e+00,1.996594140704686104e+00,0.000000000000000000e+00,-2.055977782056062075e-01,-9.595452695542236454e-02
-0.000000000000000000e+00,0.000000000000000000e+00,-0.000000000000000000e+00,0.000000000000000000e+00,0.000000000000000000e+00,-3.052583770068641456e-01,-1.918672736932106743e-02,0.000000000000000000e+00,0.000000000000000000e+00,0.000000000000000000e+00,-6.784606971320340796e-02,2.097790031482915651e-02,0.000000000000000000e+00,-0.000000000000000000e+00,0.000000000000000000e+00,0.000000000000000000e+00,-0.000000000000000000e+00,0.000000000000000000e+00,1.269728506667504864e-01,-0.000000000000000000e+00,-0.000000000000000000e+00,0.000000000000000000e+00,-5.874204994670396973e-02,-3.947711231924257436e-01,-2.499944385808310632e-01,-1.214931556483043046e-01,-3.411010651160252261e-01,0.000000000000000000e+00,-2.703290763356334669e-01,-8.218006108053765510e-03,0.000000000000000000e+00,-3.464597810652601528e-01,-0.000000000000000000e+00,1.362891616174884413e-01,-1.054052362505290413e-01,0.000000000000000000e+00,2.512218007322570834e+00,0.000000000000000000e+00,1.065273795538221602e-01
-6.089294956228432643e-01,-0.000000000000000000e+00,-0.000000000000000000e+00,0.000000000000000000e+00,-0.000000000000000000e+00,0.000000000000000000e+00,-0.000000000000000000e+00,0.000000000000000000e+00,-1.595479830041587332e-01,-9.116690157800154664e-04,0.000000000000000000e+00,-0.000000000000000000e+00,0.000000000000000000e+00,-0.000000000000000000e+00,-3.101138062311769583e-01,-3.086057824974369201e-01,-2.681577245479557781e-01,-0.000000000000000000e+00,-0.000000000000000000e+00,-0.000000000000000000e+00,-0.000000000000000000e+00,-0.000000000000000000e+00,0.000000000000000000e+00,0.000000000000000000e+00,0.000000000000000000e+00,-0.000000000000000000e+00,-0.000000000000000000e+00,-7.346681990273869201e-02,0.000000000000000000e+00,-0.000000000000000000e+00,-8.860141708156031581e-02,0.000000000000000000e+00,-0.000000000000000000e+00,-0.000000000000000000e+00,0.000000000000000000e+00,-2.055977782056062075e-01,0.000000000000000000e+00,1.707424471505238017e+00,-0.000000000000000000e+00
0.000000000000000000e+00,-3.415557719848502094e-01,0.000000000000000000e+00,-0.000000000000000000e+00,-0.000000000000000000e+00,2.207717547841089589e-01,0.000000000000000000e+00,-0.000000000000000000e+00,-0.000000000000000000e+00,-0.000000000000000000e+00,6.615507785083436787e-02,-3.841642543142901323e-01,-0.000000000000000000e+00,0.000000000000000000e+00,-9.663799685050728644e-03,-9.626864605233437233e-02,0.000000000000000000e+00,-1.350366046042913298e-02,-3.109374504085546942e-01,0.000000000000000000e+00,0.000000000000000000e+00,-1.353391996979166900e-01,1.292324918862465533e-01,1.692602209392203017e-01,8.505477284970398844e-02,8.201951120582795518e-02,0.000000000000000000e+00,-0.000000000000000000e+00,2.096710184952889078e-01,0.000000000000000000e+00,-0.000000000000000000e+00,0.000000000000000000e+00,0.000000000000000000e+00,-4.192214344981911034e-01,2.381575289539546170e-01,-9.595452695542236454e-02,1.065273795538221602e-01,-0.000000000000000000e+00,2.918806216595334124e+00
