1.916445649026510045e+00,-5.879244988275225126e-01,0.000000000000000000e+00,-0.000000000000000000e+00,-1.372049912862396970e-01,0.000000000000000000e+00,-0.000000000000000000e+00,-0.000000000000000000e+00,-1.000333597470780128e-01,-1.111638526442460390e-01,0.000000000000000000e+00,-0.000000000000000000e+00,0.000000000000000000e+00,-0.000000000000000000e+00,-0.000000000000000000e+00,-2.821783469057370652e-01,0.000000000000000000e+00,-3.795388252160501806e-04,-0.000000000000000000e+00,-0.000000000000000000e+00,-0.000000000000000000e+00,-0.000000000000000000e+00,-0.000000000000000000e+00,-0.000000000000000000e+00,-0.000000000000000000e+00,0.000000000000000000e+00,-0.000000000000000000e+00,-3.558469006080024200e-02,-2.157532604604210993e-02,-4.152281467967613993e-01,-0.000000000000000000e+00,-0.000000000000000000e+00,-0.000000000000000000e+00,-0.000000000000000000e+00,0.000000000000000000e+00,-1.392869027986541781e-02,0.000000000000000000e+00,-0.000000000000000000e+00,-0.000000000000000000e+00
-5.879244988275225126e-01,2.220821424601332250e+00,0.000000000000000000e+00,-1.864346599436303986e-01,-0.000000000000000000e+00,0.000000000000000000e+00,-0.000000000000000000e+00,-0.000000000000000000e+00,-0.000000000000000000e+00,-0.000000000000000000e+00,0.000000000000000000e+00,-0.000000000000000000e+00,-0.000000000000000000e+00,-5.494157571466051077e-02,6.514077300099596624e-02,-6.168040644917860416e-02,4.858552301805067059e-02,-2.327746646895502147e-01,-0.000000000000000000e+00,-0.000000000000000000e+00,-0.000000000000000000e+00,-2.666004604673020140e-01,-0.000000000000000000e+00,-0.000000000000000000e+00,-0.000000000000000000e+00,0.000000000000000000e+00,-3.358348150209414795e-01,-0.000000000000000000e+00,-5.158376479853368779e-02,-1.571809455343074480e-01,-8.938006814284439605e-02,-3.147596688965211276e-01,-0.000000000000000000e+00,-0.000000000000000000e+00,0.000000000000000000e+00,-0.000000000000000000e+00,-0.000000000000000000e+00,0.000000000000000000e+00,-0.000000000000000000e+00
0.000000000000000000e+00,0.000000000000000000e+00,2.256746532588280285e+00,0.000000000000000000e+00,-0.000000000000000000e+00,-0.000000000000000000e+00,-0.000000000000000000e+00,1.539302991853578106e+00,-0.000000000000000000e+00,-0.000000000000000000e+00,0.000000000000000000e+00,0.000000000000000000e+00,1.265812190355942481e-02,-0.000000000000000000e+00,-0.000000000000000000e+00,-0.000000000000000000e+00,-1.184196890427089283e-01,-0.000000000000000000e+00,-0.000000000000000000e+00,-0.000000000000000000e+00,-0.000000000000000000e+00,-0.000000000000000000e+00,-1.034221330245192472e-01,-6.599339983419760802e-02,-1.326513150969517718e-01,-1.884297997980807771e-01,0.000000000000000000e+00,-1.007962404459511636e-02,0.000000000000000000e+00,-0.000000000000000000e+00,-1.089450827086608231e-01,0.000000000000000000e+00,-6.772723292052075517e-02,-0.000000000000000000e+00,-0.000000000000000000e+00,-3.913269258900150399e-02,0.000000000000000000e+00,-2.546309621277097115e-03,-0.000000000000000000e+00
-0.000000000000000000e+00,-1.864346599436303986e-01,0.000000000000000000e+00,1.614881780221159246e+00,-0.000000000000000000e+00,7.472652179788902282e-02,-6.577962559593715508e-02,-0.000000000000000000e+00,-0.000000000000000000e+00,-0.000000000000000000e+00,0.000000000000000000e+00,-0.000000000000000000e+00,-0.000000000000000000e+00,-0.000000000000000000e+00,2.254479172397141351e-01,-8.392067800468373806e-02,1.286290653977635035e-01,-0.000000000000000000e+00,-1.701480649878008844e-01,-7.008993826379690539e-02,-0.000000000000000000e+00,-0.000000000000000000e+00,0.000000000000000000e+00,0.000000000000000000e+00,0.000000000000000000e+00,2.775957997224045570e-01,-2.647255836247871530e-01,-0.000000000000000000e+00,0.000000000000000000e+00,-0.000000000000000000e+00,-0.000000000000000000e+00,-0.000000000000000000e+00,0.000000000000000000e+00,0.000000000000000000e+00,3.510247377177810185e-02,0.000000000000000000e+00,-0.000000000000000000e+00,0.000000000000000000e+00,-4.869299114688874913e-02
-1.372049912862396970e-01,-0.000000000000000000e+00,-0.000000000000000000e+00,-0.000000000000000000e+00,2.373109558576409928e+00,0.000000000000000000e+00,-0.000000000000000000e+00,3.530482997315770310e-01,-1.610469303665312824e-01,-0.000000000000000000e+00,0.000000000000000000e+00,-0.000000000000000000e+00,0.000000000000000000e+00,-0.000000000000000000e+00,-0.000000000000000000e+00,-8.407058222132940406e-02,0.000000000000000000e+00,-7.313047314863394543e-01,-1.962726827740109981e-01,-0.000000000000000000e+00,-0.000000000000000000e+00,-0.000000000000000000e+00,-1.017414800861111274e-01,-0.000000000000000000e+00,-0.000000000000000000e+00,0.000000000000000000e+00,-0.000000000000000000e+00,-0.000000000000000000e+00,-0.000000000000000000e+00,-1.654411791130186993e-01,-0.000000000000000000e+00,-4.737902639522709181e-02,-0.000000000000000000e+00,-4.391458885597475659e-01,0.000000000000000000e+00,-0.000000000000000000e+00,0.000000000000000000e+00,-0.000000000000000000e+00,-0.000000000000000000e+00
0.000000000000000000e+00,0.000000000000000000e+00,-0.000000000000000000e+00,7.472652179788902282e-02,0.000000000000000000e+00,2.375042472884213218e+00,0.000000000000000000e+00,0.000000000000000000e+00,0.000000000000000000e+00,0.000000000000000000e+00,-1.986155202093022321e-01,2.292586515317552795e-02,0.000000000000000000e+00,-0.000000000000000000e+00,0.000000000000000000e+00,3.695926385331316927e-02,-2.726704508265448412e-01,0.000000000000000000e+00,6.818765949458634179e-02,0.000000000000000000e+00,1.014112678595082973e-01,0.000000000000000000e+00,0.000000000000000000e+00,0.000000000000000000e+00,0.000000000000000000e+00,-0.000000000000000000e+00,0.000000000000000000e+00,0.000000000000000000e+00,-4.254777191829504090e-01,0.000000000000000000e+00,-0.000000000000000000e+00,0.000000000000000000e+00,-0.000000000000000000e+00,1.064317428500670959e-01,-8.660454644683843739e-01,-0.000000000000000000e+00,-4.188639241000532421e-01,0.000000000000000000e+00,2.304605121674072332e-01
-0.000000000000000000e+00,-0.000000000000000000e+00,-0.000000000000000000e+00,-6.577962559593715508e-02,-0.000000000000000000e+00,0.000000000000000000e+00,1.010091677512448660e+00,0.000000000000000000e+00,0.000000000000000000e+00,0.000000000000000000e+00,0.000000000000000000e+00,0.000000000000000000e+00,0.000000000000000000e+00,0.000000000000000000e+00,0.000000000000000000e+00,0.000000000000000000e+00,-0.000000000000000000e+00,-0.000000000000000000e+00,0.000000000000000000e+00,0.000000000000000000e+00,-0.000000000000000000e+00,0.000000000000000000e+00,0.000000000000000000e+00,0.000000000000000000e+00,0.000000000000000000e+00,-0.000000000000000000e+00,0.000000000000000000e+00,0.000000000000000000e+00,0.000000000000000000e+00,-0.000000000000000000e+00,-0.000000000000000000e+00,0.000000000000000000e+00,8.815592908491549917e-02,0.000000000000000000e+00,-0.000000000000000000e+00,0.000000000000000000e+00,0.000000000000000000e+00,0.000000000000000000e+00,0.000000000000000000e+00
-0.000000000000000000e+00,-0.000000000000000000e+00,1.539302991853578106e+00,-0.000000000000000000e+00,3.530482997315770310e-01,0.000000000000000000e+00,0.000000000000000000e+00,2.419836132773331983e+00,0.000000000000000000e+00,0.000000000000000000e+00,-0.000000000000000000e+00,-0.000000000000000000e+00,-0.000000000000000000e+00,0.000000000000000000e+00,-0.000000000000000000e+00,0.000000000000000000e+00,0.000000000000000000e+00,1.227822392108957397e-02,0.000000000000000000e+00,-0.000000000000000000e+00,0.000000000000000000e+00,0.000000000000000000e+00,2.789200291394650089e-02,3.267292911197203914e-02,0.000000000000000000e+00,0.000000000000000000e+00,-0.000000000000000000e+00,0.000000000000000000e+00,-0.000000000000000000e+00,0.000000000000000000e+00,1.220380266397044638e-01,-0.000000000000000000e+00,0.000000000000000000e+00,1.979236675210276075e-01,0.000000000000000000e+00,9.474801625616655412e-03,-0.000000000000000000e+00,0.000000000000000000e+00,0.000000000000000000e+00
-1.000333597470780128e-01,-0.000000000000000000e+00,-0.000000000000000000e+00,-0.000000000000000000e+00,-1.610469303665312824e-01,0.000000000000000000e+00,0.000000000000000000e+00,0.000000000000000000e+00,2.430144219501716663e+00,-3.098061550977584955e-01,0.000000000000000000e+00,-1.847462890293298243e-01,0.000000000000000000e+00,-5.473880160423270219e-02,-0.000000000000000000e+00,-5.962215197958937729e-01,0.000000000000000000e+00,-0.000000000000000000e+00,-1.091804347228646083e-01,-0.000000000000000000e+00,-0.000000000000000000e+00,-0.000000000000000000e+00,-1.425999948512999826e-01,-0.000000000000000000e+00,-0.000000000000000000e+00,0.000000000000000000e+00,-1.292891968196824282e-01,-1.765853139427199792e-01,-0.000000000000000000e+00,-4.968466093087123975e-02,-0.000000000000000000e+00,-0.000000000000000000e+00,-0.000000000000000000e+00,-0.000000000000000000e+00,0.000000000000000000e+00,-1.125071189606900307e-01,-0.000000000000000000e+00,-1.823151039514374350e-02,-3.747906985471883279e-01
-1.111638526442460390e-01,-0.000000000000000000e+00,-0.000000000000000000e+00,-0.000000000000000000e+00,-0.000000000000000000e+00,0.000000000000000000e+00,0.000000000000000000e+00,0.000000000000000000e+00,-3.098061550977584955e-01,1.969176136566758606e+00,0.000000000000000000e+00,-0.000000000000000000e+00,0.000000000000000000e+00,-0.000000000000000000e+00,0.000000000000000000e+00,-2.322783580076372700e-01,0.000000000000000000e+00,-1.268153079402134509e-01,-4.056592734555246049e-01,-0.000000000000000000e+00,-0.000000000000000000e+00,-0.000000000000000000e+00,-8.025100667500459362e-02,-0.000000000000000000e+00,-2.137316121911707056e-01,-0.000000000000000000e+00,-0.000000000000000000e+00,-0.000000000000000000e+00,-0.000000000000000000e+00,-1.819609319593079033e-01,-2.467192400698714483e-01,-0.000000000000000000e+00,-0.000000000000000000e+00,-0.000000000000000000e+00,0.000000000000000000e+00,-0.000000000000000000e+00,-0.000000000000000000e+00,-0.000000000000000000e+00,-0.000000000000000000e+00
0.000000000000000000e+00,0.000000000000000000e+00,0.000000000000000000e+00,0.000000000000000000e+00,0.000000000000000000e+00,-1.986155202093022321e-01,0.000000000000000000e+00,-0.000000000000000000e+00,0.000000000000000000e+00,0.000000000000000000e+00,1.205241035435154151e+00,0.000000000000000000e+00,0.000000000000000000e+00,-0.000000000000000000e+00,0.000000000000000000e+00,0.000000000000000000e+00,-2.319806510287569790e-01,3.863376081536510492e-02,0.000000000000000000e+00,-0.000000000000000000e+00,0.000000000000000000e+00,0.000000000000000000e+00,0.000000000000000000e+00,0.000000000000000000e+00,6.383436229265983253e-02,-0.000000000000000000e+00,-0.000000000000000000e+00,0.000000000000000000e+00,-1.348851314383008870e-01,0.000000000000000000e+00,-0.000000000000000000e+00,0.000000000000000000e+00,-8.375826086755075450e-02,4.293512535899278448e-02,-0.000000000000000000e+00,-0.000000000000000000e+00,-0.000000000000000000e+00,-0.000000000000000000e+00,0.000000000000000000e+00
-0.000000000000000000e+00,-0.000000000000000000e+00,0.000000000000000000e+00,-0.000000000000000000e+00,-0.000000000000000000e+00,2.292586515317552795e-02,0.000000000000000000e+00,-0.000000000000000000e+00,-1.847462890293298243e-01,-0.000000000000000000e+00,0.000000000000000000e+00,2.955284054556684303e+00,-0.000000000000000000e+00,-0.000000000000000000e+00,-4.248660154391669524e-02,-6.345438235865735917e-03,1.443348046663218698e-01,-0.000000000000000000e+00,-0.000000000000000000e+00,-0.000000000000000000e+00,-2.927937883565885913e-01,-0.000000000000000000e+00,-0.000000000000000000e+00,-0.000000000000000000e+00,-0.000000000000000000e+00,5.418615611964702206e-01,-2.474467549263331678e-01,-0.000000000000000000e+00,0.000000000000000000e+00,-0.000000000000000000e+00,0.000000000000000000e+00,-2.999317897036975489e-01,-0.000000000000000000e+00,-0.000000000000000000e+00,5.740416045213103668e-01,-0.000000000000000000e+00,0.000000000000000000e+00,-0.000000000000000000e+00,-7.296867815673563351e-01
0.000000000000000000e+00,-0.000000000000000000e+00,1.265812190355942481e-02,-0.000000000000000000e+00,0.000000000000000000e+00,0.000000000000000000e+00,0.000000000000000000e+00,-0.000000000000000000e+00,0.000000000000000000e+00,0.000000000000000000e+00,0.000000000000000000e+00,-0.000000000000000000e+00,1.367485900913518737e+00,-0.000000000000000000e+00,2.632463178762054282e-02,0.000000000000000000e+00,0.000000000000000000e+00,0.000000000000000000e+00,-0.000000000000000000e+00,-0.000000000000000000e+00,-0.000000000000000000e+00,-1.863415265262558240e-01,0.000000000000000000e+00,-0.000000000000000000e+00,0.000000000000000000e+00,3.968330698916751054e-01,-2.989722027785539082e-01,0.000000000000000000e+00,-0.000000000000000000e+00,1.051537164843726821e-02,0.000000000000000000e+00,-0.000000000000000000e+00,-0.000000000000000000e+00,0.000000000000000000e+00,0.000000000000000000e+00,0.000000000000000000e+00,-0.000000000000000000e+00,0.000000000000000000e+00,-0.000000000000000000e+00
-0.000000000000000000e+00,-5.494157571466051077e-02,-0.000000000000000000e+00,-0.000000000000000000e+00,-0.000000000000000000e+00,-0.000000000000000000e+00,0.000000000000000000e+00,0.000000000000000000e+00,-5.473880160423270219e-02,-0.000000000000000000e+00,-0.000000000000000000e+00,-0.000000000000000000e+00,-0.000000000000000000e+00,1.680089810174314469e+00,0.000000000000000000e+00,-0.000000000000000000e+00,0.000000000000000000e+00,-0.000000000000000000e+00,-0.000000000000000000e+00,-7.360641700726468402e-03,-0.000000000000000000e+00,-3.574678309024480194e-02,-0.000000000000000000e+00,-3.488162060686206961e-02,-0.000000000000000000e+00,-0.000000000000000000e+00,-2.550640751483236324e-01,-0.000000000000000000e+00,-3.333439083437598760e-01,-0.000000000000000000e+00,-1.709466689107640436e-01,-0.000000000000000000e+00,-1.371823125218544492e-01,-0.000000000000000000e+00,-0.000000000000000000e+00,-3.795300770828148873e-01,-2.830761483556413771e-01,-0.000000000000000000e+00,-0.000000000000000000e+00
-0.000000000000000000e+00,6.514077300099596624e-02,-0.000000000000000000e+00,2.254479172397141351e-01,-0.000000000000000000e+00,0.000000000000000000e+00,0.000000000000000000e+00,-0.000000000000000000e+00,-0.000000000000000000e+00,0.000000000000000000e+00,0.000000000000000000e+00,-4.248660154391669524e-02,2.632463178762054282e-02,0.000000000000000000e+00,1.336055196824260438e+00,-0.000000000000000000e+00,0.000000000000000000e+00,0.000000000000000000e+00,0.000000000000000000e+00,-0.000000000000000000e+00,-0.000000000000000000e+00,0.000000000000000000e+00,-0.000000000000000000e+00,-2.906104620861144766e-02,-0.000000000000000000e+00,-0.000000000000000000e+00,0.000000000000000000e+00,-0.000000000000000000e+00,0.000000000000000000e+00,0.000000000000000000e+00,1.495964048191363305e-01,-0.000000000000000000e+00,-0.000000000000000000e+00,-1.954036410334100693e-01,0.000000000000000000e+00,-0.000000000000000000e+00,7.914972871382705555e-02,-5.554843461749521261e-01,-0.000000000000000000e+00
-2.821783469057370652e-01,-6.168040644917860416e-02,-0.000000000000000000e+00,-8.392067800468373806e-02,-8.407058222132940406e-02,3.695926385331316927e-02,0.000000000000000000e+00,0.000000000000000000e+00,-5.962215197958937729e-01,-2.322783580076372700e-01,0.000000000000000000e+00,-6.345438235865735917e-03,0.000000000000000000e+00,-0.000000000000000000e+00,-0.000000000000000000e+00,2.871014242650714809e+00,1.102425989153572317e-01,-3.207448463116009951e-01,-2.726924045223365622e-01,-0.000000000000000000e+00,-2.224883449052548479e-01,-1.122262728920998126e-01,-1.088029973539909045e-01,-0.000000000000000000e+00,-0.000000000000000000e+00,0.000000000000000000e+00,-0.000000000000000000e+00,-3.392023769511372244e-02,0.000000000000000000e+00,-2.351950677821539881e-01,-0.000000000000000000e+00,-0.000000000000000000e+00,-0.000000000000000000e+00,-8.411006125214763596e-02,1.105263868065201882e-01,-0.000000000000000000e+00,0.000000000000000000e+00,-0.000000000000000000e+00,-1.748204925044057334e-01
0.000000000000000000e+00,4.858552301805067059e-02,-1.184196890427089283e-01,1.286290653977635035e-01,0.000000000000000000e+00,-2.726704508265448412e-01,-0.000000000000000000e+00,0.000000000000000000e+00,0.000000000000000000e+00,0.000000000000000000e+00,-2.319806510287569790e-01,1.443348046663218698e-01,0.000000000000000000e+00,0.000000000000000000e+00,0.000000000000000000e+00,1.102425989153572317e-01,2.223575486153747782e+00,0.000000000000000000e+00,0.000000000000000000e+00,0.000000000000000000e+00,1.418030642065640501e-01,8.874734832547090391e-02,0.000000000000000000e+00,0.000000000000000000e+00,-0.000000000000000000e+00,-6.836661133391123135e-01,0.000000000000000000e+00,0.000000000000000000e+00,-0.000000000000000000e+00,0.000000000000000000e+00,-0.000000000000000000e+00,0.000000000000000000e+00,-0.000000000000000000e+00,0.000000000000000000e+00,-3.704287149920786892e-01,-0.000000000000000000e+00,-0.000000000000000000e+00,-0.000000000000000000e+00,0.000000000000000000e+00
-3.795388252160501806e-04,-2.327746646895502147e-01,-0.000000000000000000e+00,-0.000000000000000000e+00,-7.313047314863394543e-01,0.000000000000000000e+00,-0.000000000000000000e+00,1.227822392108957397e-02,-0.000000000000000000e+00,-1.268153079402134509e-01,3.863376081536510492e-02,-0.000000000000000000e+00,0.000000000000000000e+00,-0.000000000000000000e+00,0.000000000000000000e+00,-3.207448463116009951e-01,0.000000000000000000e+00,2.311185341398603654e+00,-3.952758174684261605e-01,0.000000000000000000e+00,-0.000000000000000000e+00,-0.000000000000000000e+00,-1.933354658346932500e-02,-0.000000000000000000e+00,-0.000000000000000000e+00,0.000000000000000000e+00,-0.000000000000000000e+00,-0.000000000000000000e+00,0.000000000000000000e+00,-2.326394189017744474e-01,-0.000000000000000000e+00,-7.584575320381538310e-02,0.000000000000000000e+00,-5.088386679167592602e-02,0.000000000000000000e+00,-0.000000000000000000e+00,0.000000000000000000e+00,0.000000000000000000e+00,-0.000000000000000000e+00
-0.000000000000000000e+00,-0.000000000000000000e+00,-0.000000000000000000e+00,-1.701480649878008844e-01,-1.962726827740109981e-01,6.818765949458634179e-02,0.000000000000000000e+00,0.000000000000000000e+00,-1.091804347228646083e-01,-4.056592734555246049e-01,0.000000000000000000e+00,-0.000000000000000000e+00,-0.000000000000000000e+00,-0.000000000000000000e+00,0.000000000000000000e+00,-2.726924045223365622e-01,0.000000000000000000e+00,-3.952758174684261605e-01,2.490584570925969743e+00,-0.000000000000000000e+00,-0.000000000000000000e+00,-0.000000000000000000e+00,-0.000000000000000000e+00,-0.000000000000000000e+00,-0.000000000000000000e+00,0.000000000000000000e+00,-0.000000000000000000e+00,-1.108848844013501922e-01,0.000000000000000000e+00,-0.000000000000000000e+00,-1.630307378272481678e-01,-0.000000000000000000e+00,-0.000000000000000000e+00,-2.748828687385054814e-01,0.000000000000000000e+00,-0.000000000000000000e+00,0.000000000000000000e+00,-0.000000000000000000e+00,-4.455221114555852346e-01
-0.000000000000000000e+00,-0.000000000000000000e+00,-0.000000000000000000e+00,-7.008993826379690539e-02,-0.000000000000000000e+00,0.000000000000000000e+00,0.000000000000000000e+00,-0.000000000000000000e+00,-0.000000000000000000e+00,-0.000000000000000000e+00,-0.000000000000000000e+00,-0.000000000000000000e+00,-0.000000000000000000e+00,-7.360641700726468402e-03,-0.000000000000000000e+00,-0.000000000000000000e+00,0.000000000000000000e+00,0.000000000000000000e+00,-0.000000000000000000e+00,1.219190037843204788e+00,-0.000000000000000000e+00,-0.000000000000000000e+00,-0.000000000000000000e+00,-0.000000000000000000e+00,-0.000000000000000000e+00,0.000000000000000000e+00,-2.071101879652111621e-01,-3.293301598113082540e-01,-0.000000000000000000e+00,0.000000000000000000e+00,0.000000000000000000e+00,0.000000000000000000e+00,-5.824343296339627718e-02,0.000000000000000000e+00,0.000000000000000000e+00,-0.000000000000000000e+00,-0.000000000000000000e+00,-0.000000000000000000e+00,-0.000000000000000000e+00
-0.000000000000000000e+00,-0.000000000000000000e+00,-0.000000000000000000e+00,-0.000000000000000000e+00,-0.000000000000000000e+00,1.014112678595082973e-01,-0.000000000000000000e+00,0.000000000000000000e+00,-0.000000000000000000e+00,-0.000000000000000000e+00,0.000000000000000000e+00,-2.927937883565885913e-01,-0.000000000000000000e+00,-0.000000000000000000e+00,-0.000000000000000000e+00,-2.224883449052548479e-01,1.418030642065640501e-01,-0.000000000000000000e+00,-0.000000000000000000e+00,-0.000000000000000000e+00,2.526109598773830900e+00,-2.991827479147807778e-01,-5.768692651293134965e-02,-8.920478781996987738e-02,-0.000000000000000000e+00,0.000000000000000000e+00,-0.000000000000000000e+00,-2.102350611095381849e-01,0.000000000000000000e+00,-0.000000000000000000e+00,0.000000000000000000e+00,-1.314297288778361883e-01,-0.000000000000000000e+00,-6.459219349744059757e-01,2.625840870224792623e-01,-2.138431042129477350e-02,0.000000000000000000e+00,-0.000000000000000000e+00,-1.596010465259317668e-01
-0.000000000000000000e+00,-2.666004604673020140e-01,-0.000000000000000000e+00,-0.000000000000000000e+00,-0.000000000000000000e+00,0.000000000000000000e+00,0.000000000000000000e+00,0.000000000000000000e+00,-0.000000000000000000e+00,-0.000000000000000000e+00,0.000000000000000000e+00,-0.000000000000000000e+00,-1.863415265262558240e-01,-3.574678309024480194e-02,0.000000000000000000e+00,-1.122262728920998126e-01,8.874734832547090391e-02,-0.000000000000000000e+00,-0.000000000000000000e+00,-0.000000000000000000e+00,-2.991827479147807778e-01,1.818566523653108113e+00,-4.942869847944542094e-02,-9.414972771337230817e-02,-0.000000000000000000e+00,2.323782561399513613e-03,-1.849274687650551974e-01,-0.000000000000000000e+00,-0.000000000000000000e+00,-0.000000000000000000e+00,-9.402835139808125853e-02,-3.339567849869359839e-01,-0.000000000000000000e+00,-0.000000000000000000e+00,0.000000000000000000e+00,-0.000000000000000000e+00,-0.000000000000000000e+00,0.000000000000000000e+00,-0.000000000000000000e+00
-0.000000000000000000e+00,-0.000000000000000000e+00,-1.034221330245192472e-01,0.000000000000000000e+00,-1.017414800861111274e-01,0.000000000000000000e+00,0.000000000000000000e+00,2.789200291394650089e-02,-1.425999948512999826e-01,-8.025100667500459362e-02,0.000000000000000000e+00,-0.000000000000000000e+00,0.000000000000000000e+00,-0.000000000000000000e+00,-0.000000000000000000e+00,-1.088029973539909045e-01,0.000000000000000000e+00,-1.933354658346932500e-02,-0.000000000000000000e+00,-0.000000000000000000e+00,-5.768692651293134965e-02,-4.942869847944542094e-02,1.943777009702113867e+00,-2.742971828850503946e-01,-3.880068059758766674e-01,-0.000000000000000000e+00,-0.000000000000000000e+00,-7.550758281556339824e-02,-0.000000000000000000e+00,-1.287106062776741111e-01,-0.000000000000000000e+00,-0.000000000000000000e+00,-0.000000000000000000e+00,-3.274347208486402816e-01,0.000000000000000000e+00,-9.476618838801838252e-02,0.000000000000000000e+00,-5.325444599481755914e-02,-0.000000000000000000e+00
-0.000000000000000000e+00,-0.000000000000000000e+00,-6.599339983419760802e-02,0.000000000000000000e+00,-0.000000000000000000e+00,0.000000000000000000e+00,0.000000000000000000e+00,3.267292911197203914e-02,-0.000000000000000000e+00,-0.000000000000000000e+00,0.000000000000000000e+00,-0.000000000000000000e+00,-0.000000000000000000e+00,-3.488162060686206961e-02,-2.906104620861144766e-02,-0.000000000000000000e+00,0.000000000000000000e+00,-0.000000000000000000e+00,-0.000000000000000000e+00,-0.000000000000000000e+00,-8.920478781996987738e-02,-9.414972771337230817e-02,-2.742971828850503946e-01,1.576892596600646623e+00,-0.000000000000000000e+00,0.000000000000000000e+00,-0.000000000000000000e+00,-0.000000000000000000e+00,-0.000000000000000000e+00,-0.000000000000000000e+00,-0.000000000000000000e+00,-1.193680641137186832e-01,-1.298790551028622398e-01,-1.525283839174409461e-01,0.000000000000000000e+00,-4.106277205413267906e-01,-0.000000000000000000e+00,-0.000000000000000000e+00,-0.000000000000000000e+00
-0.000000000000000000e+00,-0.000000000000000000e+00,-1.326513150969517718e-01,0.000000000000000000e+00,-0.000000000000000000e+00,0.000000000000000000e+00,0.000000000000000000e+00,0.000000000000000000e+00,-0.000000000000000000e+00,-2.137316121911707056e-01,6.383436229265983253e-02,-0.000000000000000000e+00,0.000000000000000000e+00,-0.000000000000000000e+00,-0.000000000000000000e+00,-0.000000000000000000e+00,-0.000000000000000000e+00,-0.000000000000000000e+00,-0.000000000000000000e+00,-0.000000000000000000e+00,-0.000000000000000000e+00,-0.000000000000000000e+00,-3.880068059758766674e-01,-0.000000000000000000e+00,1.407131469800102286e+00,-0.000000000000000000e+00,-0.000000000000000000e+00,-2.059935426710556849e-01,0.000000000000000000e+00,-0.000000000000000000e+00,-5.141429400607862993e-02,0.000000000000000000e+00,-0.000000000000000000e+00,-0.000000000000000000e+00,0.000000000000000000e+00,-2.774337691362503341e-02,-0.000000000000000000e+00,-0.000000000000000000e+00,-0.000000000000000000e+00
0.000000000000000000e+00,0.000000000000000000e+00,-1.884297997980807771e-01,2.775957997224045570e-01,0.000000000000000000e+00,-0.000000000000000000e+00,-0.000000000000000000e+00,0.000000000000000000e+00,0.000000000000000000e+00,-0.000000000000000000e+00,-0.000000000000000000e+00,5.418615611964702206e-01,3.968330698916751054e-01,-0.000000000000000000e+00,-0.000000000000000000e+00,0.000000000000000000e+00,-6.836661133391123135e-01,0.000000000000000000e+00,0.000000000000000000e+00,0.000000000000000000e+00,0.000000000000000000e+00,2.323782561399513613e-03,-0.000000000000000000e+00,0.000000000000000000e+00,-0.000000000000000000e+00,2.615654459878146820e+00,0.000000000000000000e+00,0.000000000000000000e+00,-0.000000000000000000e+00,-0.000000000000000000e+00,-0.000000000000000000e+00,4.360159735403502101e-01,-0.000000000000000000e+00,0.000000000000000000e+00,-3.980023177146994051e-01,-0.000000000000000000e+00,-0.000000000000000000e+00,-0.000000000000000000e+00,6.750942161362745442e-03
-0.000000000000000000e+00,-3.358348150209414795e-01,0.000000000000000000e+00,-2.647255836247871530e-01,-0.000000000000000000e+00,0.000000000000000000e+00,0.000000000000000000e+00,-0.000000000000000000e+00,-1.292891968196824282e-01,-0.000000000000000000e+00,-0.000000000000000000e+00,-2.474467549263331678e-01,-2.989722027785539082e-01,-2.550640751483236324e-01,0.000000000000000000e+00,-0.000000000000000000e+00,0.000000000000000000e+00,-0.000000000000000000e+00,-0.000000000000000000e+00,-2.071101879652111621e-01,-0.000000000000000000e+00,-1.849274687650551974e-01,-0.000000000000000000e+00,-0.000000000000000000e+00,-0.000000000000000000e+00,0.000000000000000000e+00,2.105842265169577399e+00,-0.000000000000000000e+00,-0.000000000000000000e+00,-0.000000000000000000e+00,-0.000000000000000000e+00,-0.000000000000000000e+00,-8.962396384520089632e-02,-0.000000000000000000e+00,0.000000000000000000e+00,-0.000000000000000000e+00,-2.038534532542268796e-01,-0.000000000000000000e+00,-2.704056288213459447e-01
-3.558469006080024200e-02,-0.000000000000000000e+00,-1.007962404459511636e-02,-0.000000000000000000e+00,-0.000000000000000000e+00,0.000000000000000000e+00,0.000000000000000000e+00,0.000000000000000000e+00,-1.765853139427199792e-01,-0.000000000000000000e+00,0.000000000000000000e+00,-0.000000000000000000e+00,0.000000000000000000e+00,-0.000000000000000000e+00,-0.000000000000000000e+00,-3.392023769511372244e-02,0.000000000000000000e+00,-0.000000000000000000e+00,-1.108848844013501922e-01,-3.293301598113082540e-01,-2.102350611095381849e-01,-0.000000000000000000e+00,-7.550758281556339824e-02,-0.000000000000000000e+00,-2.059935426710556849e-01,0.000000000000000000e+00,-0.000000000000000000e+00,1.975113123146192029e+00,0.000000000000000000e+00,-0.000000000000000000e+00,-0.000000000000000000e+00,-0.000000000000000000e+00,-1.916183431026668993e-01,-3.322187847731619681e-01,1.462961927370190762e-01,-0.000000000000000000e+00,0.000000000000000000e+00,-3.269797627239335869e-01,-2.151221403150000225e-02
-2.157532604604210993e-02,-5.158376479853368779e-02,0.000000000000000000e+00,0.000000000000000000e+00,-0.000000000000000000e+00,-4.254777191829504090e-01,0.000000000000000000e+00,-0.000000000000000000e+00,-0.000000000000000000e+00,-0.000000000000000000e+00,-1.348851314383008870e-01,0.000000000000000000e+00,-0.000000000000000000e+00,-3.333439083437598760e-01,0.000000000000000000e+00,0.000000000000000000e+00,-0.000000000000000000e+00,0.000000000000000000e+00,0.000000000000000000e+00,-0.000000000000000000e+00,0.000000000000000000e+00,-0.000000000000000000e+00,-0.000000000000000000e+00,-0.000000000000000000e+00,0.000000000000000000e+00,-0.000000000000000000e+00,-0.000000000000000000e+00,0.000000000000000000e+00,1.526194630436345179e+00,-0.000000000000000000e+00,-0.000000000000000000e+00,-0.000000000000000000e+00,-7.113211815659142845e-02,0.000000000000000000e+00,-0.000000000000000000e+00,-0.000000000000000000e+00,-3.976195767784146962e-01,-0.000000000000000000e+00,0.000000000000000000e+00
-4.152281467967613993e-01,-1.571809455343074480e-01,-0.000000000000000000e+00,-0.000000000000000000e+00,-1.654411791130186993e-01,0.000000000000000000e+00,-0.000000000000000000e+00,0.000000000000000000e+00,-4.968466093087123975e-02,-1.819609319593079033e-01,0.000000000000000000e+00,-0.000000000000000000e+00,1.051537164843726821e-02,-0.000000000000000000e+00,0.000000000000000000e+00,-2.351950677821539881e-01,0.000000000000000000e+00,-2.326394189017744474e-01,-0.000000000000000000e+00,0.000000000000000000e+00,-0.000000000000000000e+00,-0.000000000000000000e+00,-1.287106062776741111e-01,-0.000000000000000000e+00,-0.000000000000000000e+00,-0.000000000000000000e+00,-0.000000000000000000e+00,-0.000000000000000000e+00,-0.000000000000000000e+00,1.805057275395652194e+00,-0.000000000000000000e+00,-0.000000000000000000e+00,0.000000000000000000e+00,-0.000000000000000000e+00,0.000000000000000000e+00,-5.655102652978986379e-03,0.000000000000000000e+00,-0.000000000000000000e+00,-0.000000000000000000e+00
-0.000000000000000000e+00,-8.938006814284439605e-02,-1.089450827086608231e-01,-0.000000000000000000e+00,-0.000000000000000000e+00,-0.000000000000000000e+00,-0.000000000000000000e+00,1.220380266397044638e-01,-0.000000000000000000e+00,-2.467192400698714483e-01,-0.000000000000000000e+00,0.000000000000000000e+00,0.000000000000000000e+00,-1.709466689107640436e-01,1.495964048191363305e-01,-0.000000000000000000e+00,-0.000000000000000000e+00,-0.000000000000000000e+00,-1.630307378272481678e-01,0.000000000000000000e+00,0.000000000000000000e+00,-9.402835139808125853e-02,-0.000000000000000000e+00,-0.000000000000000000e+00,-5.141429400607862993e-02,-0.000000000000000000e+00,-0.000000000000000000e+00,-0.000000000000000000e+00,-0.000000000000000000e+00,-0.000000000000000000e+00,1.470972502025103434e+00,-0.000000000000000000e+00,-7.027150962018322011e-02,-0.000000000000000000e+00,-0.000000000000000000e+00,-0.000000000000000000e+00,-2.465546092081684348e-01,0.000000000000000000e+00,-0.000000000000000000e+00
-0.000000000000000000e+00,-3.147596688965211276e-01,0.000000000000000000e+00,-0.000000000000000000e+00,-4.737902639522709181e-02,0.000000000000000000e+00,0.000000000000000000e+00,-0.000000000000000000e+00,-0.000000000000000000e+00,-0.000000000000000000e+00,0.000000000000000000e+00,-2.999317897036975489e-01,-0.000000000000000000e+00,-0.000000000000000000e+00,-0.000000000000000000e+00,-0.000000000000000000e+00,0.000000000000000000e+00,-7.584575320381538310e-02,-0.000000000000000000e+00,0.000000000000000000e+00,-1.314297288778361883e-01,-3.339567849869359839e-01,-0.000000000000000000e+00,-1.193680641137186832e-01,0.000000000000000000e+00,4.360159735403502101e-01,-0.000000000000000000e+00,-0.000000000000000000e+00,-0.000000000000000000e+00,-0.000000000000000000e+00,-0.000000000000000000e+00,2.028245679179025984e+00,0.000000000000000000e+00,-4.451716521273937216e-02,0.000000000000000000e+00,-0.000000000000000000e+00,0.000000000000000000e+00,-0.000000000000000000e+00,-1.232740899478977220e-01
-0.000000000000000000e+00,-0.000000000000000000e+00,-6.772723292052075517e-02,0.000000000000000000e+00,-0.000000000000000000e+00,-0.000000000000000000e+00,8.815592908491549917e-02,0.000000000000000000e+00,-0.000000000000000000e+00,-0.000000000000000000e+00,-8.375826086755075450e-02,-0.000000000000000000e+00,-0.000000000000000000e+00,-1.371823125218544492e-01,-0.000000000000000000e+00,-0.000000000000000000e+00,-0.000000000000000000e+00,0.000000000000000000e+00,-0.000000000000000000e+00,-5.824343296339627718e-02,-0.000000000000000000e+00,-0.000000000000000000e+00,-0.000000000000000000e+00,-1.298790551028622398e-01,-0.000000000000000000e+00,-0.000000000000000000e+00,-8.962396384520089632e-02,-1.916183431026668993e-01,-7.113211815659142845e-02,0.000000000000000000e+00,-7.027150962018322011e-02,0.000000000000000000e+00,1.523647247519181569e+00,-0.000000000000000000e+00,-0.000000000000000000e+00,-2.371012016699357294e-01,-4.004601580058702592e-01,-0.000000000000000000e+00,-0.000000000000000000e+00
-0.000000000000000000e+00,-0.000000000000000000e+00,-0.000000000000000000e+00,0.000000000000000000e+00,-4.391458885597475659e-01,1.064317428500670959e-01,0.000000000000000000e+00,1.979236675210276075e-01,-0.000000000000000000e+00,-0.000000000000000000e+00,4.293512535899278448e-02,-0.000000000000000000e+00,0.000000000000000000e+00,-0.000000000000000000e+00,-1.954036410334100693e-01,-8.411006125214763596e-02,0.000000000000000000e+00,-5.088386679167592602e-02,-2.748828687385054814e-01,0.000000000000000000e+00,-6.459219349744059757e-01,-0.000000000000000000e+00,-3.274347208486402816e-01,-1.525283839174409461e-01,-0.000000000000000000e+00,0.000000000000000000e+00,-0.000000000000000000e+00,-3.322187847731619681e-01,0.000000000000000000e+00,-0.000000000000000000e+00,-0.000000000000000000e+00,-4.451716521273937216e-02,-0.000000000000000000e+00,2.663283876588264043e+00,0.000000000000000000e+00,-6.151356517661227437e-03,1.564670123365293972e-02,-1.289955896045366368e-01,-9.517586686606349655e-02
0.000000000000000000e+00,0.000000000000000000e+00,-0.000000000000000000e+00,3.510247377177810185e-02,0.000000000000000000e+00,-8.660454644683843739e-01,-0.000000000000000000e+00,0.000000000000000000e+00,0.000000000000000000e+00,0.000000000000000000e+00,-0.000000000000000000e+00,5.740416045213103668e-01,0.000000000000000000e+00,-0.000000000000000000e+00,0.000000000000000000e+00,1.105263868065201882e-01,-3.704287149920786892e-01,0.000000000000000000e+00,0.000000000000000000e+00,0.000000000000000000e+00,2.625840870224792623e-01,0.000000000000000000e+00,0.000000000000000000e+00,0.000000000000000000e+00,0.000000000000000000e+00,-3.980023177146994051e-01,0.000000000000000000e+00,1.462961927370190762e-01,-0.000000000000000000e+00,0.000000000000000000e+00,-0.000000000000000000e+00,0.000000000000000000e+00,-0.000000000000000000e+00,0.000000000000000000e+00,2.884342974863666864e+00,-0.000000000000000000e+00,-5.770546396940770539e-02,0.000000000000000000e+00,2.142081842316256868e-01
-1.392869027986541781e-02,-0.000000000000000000e+00,-3.913269258900150399e-02,0.000000000000000000e+00,-0.000000000000000000e+00,-0.000000000000000000e+00,0.000000000000000000e+00,9.474801625616655412e-03,-1.125071189606900307e-01,-0.000000000000000000e+00,-0.000000000000000000e+00,-0.000000000000000000e+00,0.000000000000000000e+00,-3.795300770828148873e-01,-0.000000000000000000e+00,-0.000000000000000000e+00,-0.000000000000000000e+00,-0.000000000000000000e+00,-0.000000000000000000e+00,-0.000000000000000000e+00,-2.138431042129477350e-02,-0.000000000000000000e+00,-9.476618838801838252e-02,-4.106277205413267906e-01,-2.774337691362503341e-02,-0.000000000000000000e+00,-0.000000000000000000e+00,-0.000000000000000000e+00,-0.000000000000000000e+00,-5.655102652978986379e-03,-0.000000000000000000e+00,-0.000000000000000000e+00,-2.371012016699357294e-01,-6.151356517661227437e-03,-0.000000000000000000e+00,1.605888445562936750e+00,-0.000000000000000000e+00,-1.703610866185724937e-01,-0.000000000000000000e+00
0.000000000000000000e+00,-0.000000000000000000e+00,0.000000000000000000e+00,-0.000000000000000000e+00,0.000000000000000000e+00,-4.188639241000532421e-01,0.000000000000000000e+00,-0.000000000000000000e+00,-0.000000000000000000e+00,-0.000000000000000000e+00,-0.000000000000000000e+00,0.000000000000000000e+00,-0.000000000000000000e+00,-2.830761483556413771e-01,7.914972871382705555e-02,0.000000000000000000e+00,-0.000000000000000000e+00,0.000000000000000000e+00,0.000000000000000000e+00,-0.000000000000000000e+00,0.000000000000000000e+00,-0.000000000000000000e+00,0.000000000000000000e+00,-0.000000000000000000e+00,-0.000000000000000000e+00,-0.000000000000000000e+00,-2.038534532542268796e-01,0.000000000000000000e+00,-3.976195767784146962e-01,0.000000000000000000e+00,-2.465546092081684348e-01,0.000000000000000000e+00,-4.004601580058702592e-01,1.564670123365293972e-02,-5.770546396940770539e-02,-0.000000000000000000e+00,1.750989906451879463e+00,0.000000000000000000e+00,0.000000000000000000e+00
-0.000000000000000000e+00,0.000000000000000000e+00,-2.546309621277097115e-03,0.000000000000000000e+00,-0.000000000000000000e+00,0.000000000000000000e+00,0.000000000000000000e+00,0.000000000000000000e+00,-1.823151039514374350e-02,-0.000000000000000000e+00,-0.000000000000000000e+00,-0.000000000000000000e+00,0.000000000000000000e+00,-0.000000000000000000e+00,-5.554843461749521261e-01,-0.000000000000000000e+00,-0.000000000000000000e+00,0.000000000000000000e+00,-0.000000000000000000e+00,-0.000000000000000000e+00,-0.000000000000000000e+00,0.000000000000000000e+00,-5.325444599481755914e-02,-0.000000000000000000e+00,-0.000000000000000000e+00,-0.000000000000000000e+00,-0.000000000000000000e+00,-3.269797627239335869e-01,-0.000000000000000000e+00,-0.000000000000000000e+00,0.000000000000000000e+00,-0.000000000000000000e+00,-0.000000000000000000e+00,-1.289955896045366368e-01,0.000000000000000000e+00,-1.703610866185724937e-01,0.000000000000000000e+00,1.482538077205604488e+00,-0.000000000000000000e+00
-0.000000000000000000e+00,-0.000000000000000000e+00,-0.000000000000000000e+00,-4.869299114688874913e-02,-0.000000000000000000e+00,2.304605121674072332e-01,0.000000000000000000e+00,0.000000000000000000e+00,-3.747906985471883279e-01,-0.000000000000000000e+00,0.000000000000000000e+00,-7.296867815673563351e-01,-0.000000000000000000e+00,-0.000000000000000000e+00,-0.000000000000000000e+00,-1.748204925044057334e-01,0.000000000000000000e+00,-0.000000000000000000e+00,-4.455221114555852346e-01,-0.000000000000000000e+00,-1.596010465259317668e-01,-0.000000000000000000e+00,-0.000000000000000000e+00,-0.000000000000000000e+00,-0.000000000000000000e+00,6.750942161362745442e-03,-2.704056288213459447e-01,-2.151221403150000225e-02,0.000000000000000000e+00,-0.000000000000000000e+00,-0.000000000000000000e+00,-1.232740899478977220e-01,-0.000000000000000000e+00,-9.517586686606349655e-02,2.142081842316256868e-01,-0.000000000000000000e+00,0.000000000000000000e+00,-0.000000000000000000e+00,2.781822022620695112e+00
