1.910877147697906286e+00,-1.535922723278513868e-01,-0.000000000000000000e+00,0.000000000000000000e+00,-6.481733054478487632e-02,-0.000000000000000000e+00,-0.000000000000000000e+00,2.098464485900130780e-02,-1.259297041484828128e-01,-4.954076310573263253e-02,-1.767681816114743121e-01,5.093395568771992565e-02,1.441959473011231174e-01,-8.292003276072727747e-02,1.629867156032028253e-01,-1.999630601050269019e-01,-0.000000000000000000e+00,-0.000000000000000000e+00,-2.727578767116079893e-03,0.000000000000000000e+00,-0.000000000000000000e+00,-0.000000000000000000e+00,-1.808015449499809219e-02,-0.000000000000000000e+00,-0.000000000000000000e+00,-0.000000000000000000e+00,-0.000000000000000000e+00,-0.000000000000000000e+00,-0.000000000000000000e+00,-0.000000000000000000e+00,-0.000000000000000000e+00,-0.000000000000000000e+00,-0.000000000000000000e+00,0.000000000000000000e+00,-0.000000000000000000e+00,-5.682724572533300877e-01,-0.000000000000000000e+00,-3.725404359444528524e-01,-0.000000000000000000e+00
-1.535922723278513868e-01,2.482745191625908010e+00,-6.707132111838225164e-02,0.000000000000000000e+00,-0.000000000000000000e+00,0.000000000000000000e+00,-0.000000000000000000e+00,1.371228547007626586e-01,-9.658058954415189856e-02,-2.784040022708393902e-01,-0.000000000000000000e+00,-0.000000000000000000e+00,-0.000000000000000000e+00,-0.000000000000000000e+00,0.000000000000000000e+00,-0.000000000000000000e+00,0.000000000000000000e+00,-0.000000000000000000e+00,-0.000000000000000000e+00,0.000000000000000000e+00,0.000000000000000000e+00,-0.000000000000000000e+00,-1.694314363311576754e-01,-0.000000000000000000e+00,-0.000000000000000000e+00,-1.574401200873308815e-01,-3.269731681011383562e-01,-0.000000000000000000e+00,-0.000000000000000000e+00,-2.755944575321973566e-01,-0.000000000000000000e+00,-3.832150524185468088e-01,-0.000000000000000000e+00,-0.000000000000000000e+00,-0.000000000000000000e+00,-1.006507518090312206e-02,-0.000000000000000000e+00,-3.171661836455421657e-01,-5.062180016893996770e-01
-0.000000000000000000e+00,-6.707132111838225164e-02,2.611664503544455229e+00,0.000000000000000000e+00,-3.154366090014526502e-01,0.000000000000000000e+00,-0.000000000000000000e+00,1.145543721595984499e+00,-0.000000000000000000e+00,-3.113239762530576119e-02,-0.000000000000000000e+00,0.000000000000000000e+00,-0.000000000000000000e+00,-6.147709821493434201e-02,7.754360516671553183e-02,-0.000000000000000000e+00,-0.000000000000000000e+00,-2.055668194544644709e-02,-0.000000000000000000e+00,-0.000000000000000000e+00,-2.157869357063757487e-01,-2.034381155460275870e-01,-0.000000000000000000e+00,-0.000000000000000000e+00,-0.000000000000000000e+00,-0.000000000000000000e+00,-0.000000000000000000e+00,-0.000000000000000000e+00,-0.000000000000000000e+00,-0.000000000000000000e+00,-2.364859708912048220e-01,-0.000000000000000000e+00,-3.054138216079388402e-01,-7.642086258997936310e-02,-0.000000000000000000e+00,-8.248723839683343162e-02,-0.000000000000000000e+00,-0.000000000000000000e+00,-0.000000000000000000e+00
0.000000000000000000e+00,0.000000000000000000e+00,0.000000000000000000e+00,1.660519313748954007e+00,0.000000000000000000e+00,-0.000000000000000000e+00,-1.875339180857142907e-01,-0.000000000000000000e+00,-0.000000000000000000e+00,0.000000000000000000e+00,0.000000000000000000e+00,0.000000000000000000e+00,0.000000000000000000e+00,-0.000000000000000000e+00,0.000000000000000000e+00,-0.000000000000000000e+00,-0.000000000000000000e+00,-6.270938229534602781e-01,-8.443986303430203733e-02,-3.331268676684649432e-01,-0.000000000000000000e+00,-0.000000000000000000e+00,0.000000000000000000e+00,-0.000000000000000000e+00,-0.000000000000000000e+00,0.000000000000000000e+00,2.241073399329141513e-01,6.867600268468251890e-02,-0.000000000000000000e+00,0.000000000000000000e+00,0.000000000000000000e+00,0.000000000000000000e+00,1.423088101413795548e-01,-0.000000000000000000e+00,0.000000000000000000e+00,2.439219110867062168e-01,-0.000000000000000000e+00,1.904185889775843188e-01,0.000000000000000000e+00
-6.481733054478487632e-02,-0.000000000000000000e+00,-3.154366090014526502e-01,0.000000000000000000e+00,2.481455900089168942e+00,0.000000000000000000e+00,-0.000000000000000000e+00,1.281630460892352885e-01,-0.000000000000000000e+00,-8.336210890126081186e-01,-0.000000000000000000e+00,0.000000000000000000e+00,-0.000000000000000000e+00,-7.865195887492779092e-02,0.000000000000000000e+00,-2.879894748729311393e-01,0.000000000000000000e+00,-0.000000000000000000e+00,-3.604215428245535757e-01,0.000000000000000000e+00,-0.000000000000000000e+00,-0.000000000000000000e+00,-1.074254010824412728e-02,-3.634308796003056594e-03,-0.000000000000000000e+00,-0.000000000000000000e+00,-0.000000000000000000e+00,-0.000000000000000000e+00,-0.000000000000000000e+00,-2.474169037798711057e-01,-0.000000000000000000e+00,-0.000000000000000000e+00,-1.298428817970469218e-01,-0.000000000000000000e+00,-0.000000000000000000e+00,-8.300092209670616172e-03,-0.000000000000000000e+00,-1.090205025127617133e-01,-0.000000000000000000e+00
-0.000000000000000000e+00,0.000000000000000000e+00,0.000000000000000000e+00,-0.000000000000000000e+00,0.000000000000000000e+00,2.221889456213797853e+00,-0.000000000000000000e+00,-0.000000000000000000e+00,0.000000000000000000e+00,0.000000000000000000e+00,-0.000000000000000000e+00,0.000000000000000000e+00,0.000000000000000000e+00,-0.000000000000000000e+00,0.000000000000000000e+00,-0.000000000000000000e+00,-6.966238733069034517e-01,-0.000000000000000000e+00,-0.000000000000000000e+00,-1.606630174446365689e-01,-0.000000000000000000e+00,-0.000000000000000000e+00,-0.000000000000000000e+00,0.000000000000000000e+00,-2.832736095069068871e-01,0.000000000000000000e+00,1.202436512859985929e-01,0.000000000000000000e+00,-0.000000000000000000e+00,2.988243400608877609e-01,0.000000000000000000e+00,0.000000000000000000e+00,0.000000000000000000e+00,5.571017597442975977e-02,-3.368689344980537598e-02,-0.000000000000000000e+00,-5.492944053841831709e-01,0.000000000000000000e+00,3.705987638040584842e-01
-0.000000000000000000e+00,-0.000000000000000000e+00,-0.000000000000000000e+00,-1.875339180857142907e-01,-0.000000000000000000e+00,-0.000000000000000000e+00,1.213214221617850086e+00,0.000000000000000000e+00,-0.000000000000000000e+00,0.000000000000000000e+00,-0.000000000000000000e+00,0.000000000000000000e+00,0.000000000000000000e+00,-0.000000000000000000e+00,0.000000000000000000e+00,-0.000000000000000000e+00,-0.000000000000000000e+00,-1.031889598639308264e-01,-0.000000000000000000e+00,-8.914486178821813545e-02,0.000000000000000000e+00,-2.681546155274053822e-01,-0.000000000000000000e+00,-5.284520313078375914e-02,-5.874183606601704466e-02,0.000000000000000000e+00,0.000000000000000000e+00,3.394841631127642340e-02,-0.000000000000000000e+00,0.000000000000000000e+00,0.000000000000000000e+00,-0.000000000000000000e+00,1.488116590578378350e-03,-0.000000000000000000e+00,0.000000000000000000e+00,0.000000000000000000e+00,0.000000000000000000e+00,0.000000000000000000e+00,-1.855318528332247086e-01
2.098464485900130780e-02,1.371228547007626586e-01,1.145543721595984499e+00,-0.000000000000000000e+00,1.281630460892352885e-01,-0.000000000000000000e+00,0.000000000000000000e+00,2.367501034589362785e+00,4.809407033973857326e-02,3.754409189510574812e-02,2.426903382072947285e-02,-0.000000000000000000e+00,0.000000000000000000e+00,0.000000000000000000e+00,-0.000000000000000000e+00,0.000000000000000000e+00,-0.000000000000000000e+00,0.000000000000000000e+00,0.000000000000000000e+00,-0.000000000000000000e+00,0.000000000000000000e+00,0.000000000000000000e+00,0.000000000000000000e+00,1.822899406217873830e-01,-0.000000000000000000e+00,0.000000000000000000e+00,1.050270020860706935e-02,0.000000000000000000e+00,0.000000000000000000e+00,2.425834621502926669e-01,0.000000000000000000e+00,1.280078548441689335e-01,1.542704357182081709e-01,1.019684012000082601e-01,0.000000000000000000e+00,0.000000000000000000e+00,-0.000000000000000000e+00,0.000000000000000000e+00,0.000000000000000000e+00
-1.259297041484828128e-01,-9.658058954415189856e-02,-0.000000000000000000e+00,-0.000000000000000000e+00,-0.000000000000000000e+00,0.000000000000000000e+00,-0.000000000000000000e+00,4.809407033973857326e-02,2.037750342366553280e+00,-0.000000000000000000e+00,-0.000000000000000000e+00,0.000000000000000000e+00,0.000000000000000000e+00,0.000000000000000000e+00,0.000000000000000000e+00,-0.000000000000000000e+00,0.000000000000000000e+00,-5.421796611785851816e-01,-3.758112086127655960e-02,0.000000000000000000e+00,9.798284174439264582e-02,0.000000000000000000e+00,-0.000000000000000000e+00,-0.000000000000000000e+00,0.000000000000000000e+00,-0.000000000000000000e+00,-0.000000000000000000e+00,-0.000000000000000000e+00,0.000000000000000000e+00,-3.061796910458787768e-01,0.000000000000000000e+00,-0.000000000000000000e+00,0.000000000000000000e+00,-4.715992663958653019e-01,0.000000000000000000e+00,-0.000000000000000000e+00,0.000000000000000000e+00,-4.440388877607429063e-01,-1.804613611788677408e-01
-4.954076310573263253e-02,-2.784040022708393902e-01,-3.113239762530576119e-02,0.000000000000000000e+00,-8.336210890126081186e-01,0.000000000000000000e+00,0.000000000000000000e+00,3.754409189510574812e-02,-0.000000000000000000e+00,2.817071208226143320e+00,-0.000000000000000000e+00,0.000000000000000000e+00,-0.000000000000000000e+00,-0.000000000000000000e+00,0.000000000000000000e+00,-5.485758639650053503e-01,0.000000000000000000e+00,-0.000000000000000000e+00,-2.059712468024719467e-01,0.000000000000000000e+00,-0.000000000000000000e+00,-0.000000000000000000e+00,-0.000000000000000000e+00,-0.000000000000000000e+00,-0.000000000000000000e+00,-3.925997038948288997e-01,-0.000000000000000000e+00,-0.000000000000000000e+00,-0.000000000000000000e+00,-4.745389112077396110e-01,-1.305137897743003095e-01,-0.000000000000000000e+00,-0.000000000000000000e+00,-0.000000000000000000e+00,-0.000000000000000000e+00,-0.000000000000000000e+00,-0.000000000000000000e+00,-3.127822141945521550e-02,-0.000000000000000000e+00
-1.767681816114743121e-01,-0.000000000000000000e+00,-0.000000000000000000e+00,0.000000000000000000e+00,-0.000000000000000000e+00,-0.000000000000000000e+00,-0.000000000000000000e+00,2.426903382072947285e-02,-0.000000000000000000e+00,-0.000000000000000000e+00,1.827230233163706252e+00,0.000000000000000000e+00,0.000000000000000000e+00,-3.497369591209782413e-01,0.000000000000000000e+00,-0.000000000000000000e+00,-3.958506865479337611e-01,-0.000000000000000000e+00,-0.000000000000000000e+00,0.000000000000000000e+00,-0.000000000000000000e+00,-0.000000000000000000e+00,-0.000000000000000000e+00,-2.453995613024718137e-01,-0.000000000000000000e+00,-0.000000000000000000e+00,-0.000000000000000000e+00,-0.000000000000000000e+00,-0.000000000000000000e+00,-0.000000000000000000e+00,-0.000000000000000000e+00,-4.833561606448206205e-01,-0.000000000000000000e+00,-0.000000000000000000e+00,-0.000000000000000000e+00,-0.000000000000000000e+00,-9.090797474831803504e-02,-0.000000000000000000e+00,0.000000000000000000e+00
5.093395568771992565e-02,-0.000000000000000000e+00,0.000000000000000000e+00,0.000000000000000000e+00,0.000000000000000000e+00,0.000000000000000000e+00,0.000000000000000000e+00,-0.000000000000000000e+00,0.000000000000000000e+00,0.000000000000000000e+00,0.000000000000000000e+00,1.764823631342570476e+00,-3.727936867351057670e-01,0.000000000000000000e+00,-4.136921355362864761e-01,0.000000000000000000e+00,3.361477157487338663e-02,0.000000000000000000e+00,3.362444173902714439e-01,-0.000000000000000000e+00,0.000000000000000000e+00,-0.000000000000000000e+00,0.000000000000000000e+00,0.000000000000000000e+00,3.934961450292308038e-01,-0.000000000000000000e+00,-2.103513216559171894e-01,-0.000000000000000000e+00,-0.000000000000000000e+00,0.000000000000000000e+00,-0.000000000000000000e+00,-0.000000000000000000e+00,0.000000000000000000e+00,-0.000000000000000000e+00,0.000000000000000000e+00,0.000000000000000000e+00,0.000000000000000000e+00,-0.000000000000000000e+00,-2.689439066785456189e-01
1.441959473011231174e-01,-0.000000000000000000e+00,-0.000000000000000000e+00,0.000000000000000000e+00,-0.000000000000000000e+00,0.000000000000000000e+00,0.000000000000000000e+00,0.000000000000000000e+00,0.000000000000000000e+00,-0.000000000000000000e+00,0.000000000000000000e+00,-3.727936867351057670e-01,1.635231994720064419e+00,-0.000000000000000000e+00,-0.000000000000000000e+00,0.000000000000000000e+00,6.482026992147404965e-02,0.000000000000000000e+00,1.448929154988245205e-01,-0.000000000000000000e+00,-0.000000000000000000e+00,-0.000000000000000000e+00,0.000000000000000000e+00,0.000000000000000000e+00,5.430106947124418298e-02,-0.000000000000000000e+00,-3.362490750500091163e-01,-1.952795758967984241e-01,-0.000000000000000000e+00,-0.000000000000000000e+00,-1.301929126554382254e-01,-0.000000000000000000e+00,-4.312266325194308303e-01,-0.000000000000000000e+00,0.000000000000000000e+00,-0.000000000000000000e+00,0.000000000000000000e+00,0.000000000000000000e+00,-0.000000000000000000e+00
-8.292003276072727747e-02,-0.000000000000000000e+00,-6.147709821493434201e-02,-0.000000000000000000e+00,-7.865195887492779092e-02,-0.000000000000000000e+00,-0.000000000000000000e+00,0.000000000000000000e+00,0.000000000000000000e+00,-0.000000000000000000e+00,-3.497369591209782413e-01,0.000000000000000000e+00,-0.000000000000000000e+00,2.500686795070111934e+00,0.000000000000000000e+00,-1.141316375465787208e-01,-9.315278095797202562e-02,-0.000000000000000000e+00,-0.000000000000000000e+00,-0.000000000000000000e+00,-0.000000000000000000e+00,-3.636095116373345287e-02,-3.005050677400408765e-01,-1.510658857409005740e-01,-2.976636605383604639e-01,-0.000000000000000000e+00,-0.000000000000000000e+00,-0.000000000000000000e+00,-3.673391071482058345e-01,-0.000000000000000000e+00,-1.620568453699033351e-01,-0.000000000000000000e+00,-9.627974100411272607e-02,-0.000000000000000000e+00,-2.725891615013607550e-01,-4.486252696429462311e-02,-3.370933414855737387e-01,-0.000000000000000000e+00,0.000000000000000000e+00
1.629867156032028253e-01,0.000000000000000000e+00,7.754360516671553183e-02,0.000000000000000000e+00,0.000000000000000000e+00,0.000000000000000000e+00,0.000000000000000000e+00,-0.000000000000000000e+00,0.000000000000000000e+00,0.000000000000000000e+00,0.000000000000000000e+00,-4.136921355362864761e-01,-0.000000000000000000e+00,0.000000000000000000e+00,1.441149246804744877e+00,0.000000000000000000e+00,0.000000000000000000e+00,4.658140199392445391e-01,0.000000000000000000e+00,0.000000000000000000e+00,0.000000000000000000e+00,0.000000000000000000e+00,0.000000000000000000e+00,0.000000000000000000e+00,0.000000000000000000e+00,0.000000000000000000e+00,0.000000000000000000e+00,-0.000000000000000000e+00,0.000000000000000000e+00,0.000000000000000000e+00,0.000000000000000000e+00,0.000000000000000000e+00,0.000000000000000000e+00,0.000000000000000000e+00,0.000000000000000000e+00,0.000000000000000000e+00,0.000000000000000000e+00,-0.000000000000000000e+00,0.000000000000000000e+00
-1.999630601050269019e-01,-0.000000000000000000e+00,-0.000000000000000000e+00,-0.000000000000000000e+00,-2.879894748729311393e-01,-0.000000000000000000e+00,-0.000000000000000000e+00,0.000000000000000000e+00,-0.000000000000000000e+00,-5.485758639650053503e-01,-0.000000000000000000e+00,0.000000000000000000e+00,0.000000000000000000e+00,-1.141316375465787208e-01,0.000000000000000000e+00,2.246414834440509267e+00,-0.000000000000000000e+00,-0.000000000000000000e+00,-5.293203217490392021e-01,-0.000000000000000000e+00,-0.000000000000000000e+00,-0.000000000000000000e+00,-1.770395873438771195e-01,-0.000000000000000000e+00,-3.371861639287739854e-01,-0.000000000000000000e+00,0.000000000000000000e+00,-0.000000000000000000e+00,-0.000000000000000000e+00,-0.000000000000000000e+00,-0.000000000000000000e+00,-0.000000000000000000e+00,-0.000000000000000000e+00,0.000000000000000000e+00,-9.736328922238836336e-02,-0.000000000000000000e+00,-0.000000000000000000e+00,-0.000000000000000000e+00,-0.000000000000000000e+00
-0.000000000000000000e+00,0.000000000000000000e+00,-0.000000000000000000e+00,-0.000000000000000000e+00,0.000000000000000000e+00,-6.966238733069034517e-01,-0.000000000000000000e+00,-0.000000000000000000e+00,0.000000000000000000e+00,0.000000000000000000e+00,-3.958506865479337611e-01,3.361477157487338663e-02,6.482026992147404965e-02,-9.315278095797202562e-02,0.000000000000000000e+00,-0.000000000000000000e+00,2.159382368367982252e+00,-0.000000000000000000e+00,-0.000000000000000000e+00,-2.222624918632076958e-03,-0.000000000000000000e+00,-0.000000000000000000e+00,-0.000000000000000000e+00,-0.000000000000000000e+00,-2.862948378591665399e-01,0.000000000000000000e+00,0.000000000000000000e+00,0.000000000000000000e+00,-1.361201963935091408e-01,0.000000000000000000e+00,0.000000000000000000e+00,-0.000000000000000000e+00,0.000000000000000000e+00,0.000000000000000000e+00,-0.000000000000000000e+00,0.000000000000000000e+00,-3.396244506276370756e-01,1.466260652179257329e-01,1.775667836996369375e-01
-0.000000000000000000e+00,-0.000000000000000000e+00,-2.055668194544644709e-02,-6.270938229534602781e-01,-0.000000000000000000e+00,-0.000000000000000000e+00,-1.031889598639308264e-01,0.000000000000000000e+00,-5.421796611785851816e-01,-0.000000000000000000e+00,-0.000000000000000000e+00,0.000000000000000000e+00,0.000000000000000000e+00,-0.000000000000000000e+00,4.658140199392445391e-01,-0.000000000000000000e+00,-0.000000000000000000e+00,2.241372345277149236e+00,-7.769921392197518539e-01,-0.000000000000000000e+00,-0.000000000000000000e+00,-8.293334548491171354e-02,-0.000000000000000000e+00,-5.644040201918835292e-02,-0.000000000000000000e+00,0.000000000000000000e+00,0.000000000000000000e+00,0.000000000000000000e+00,-0.000000000000000000e+00,-0.000000000000000000e+00,0.000000000000000000e+00,0.000000000000000000e+00,0.000000000000000000e+00,-0.000000000000000000e+00,0.000000000000000000e+00,0.000000000000000000e+00,-0.000000000000000000e+00,0.000000000000000000e+00,-0.000000000000000000e+00
-2.727578767116079893e-03,-0.000000000000000000e+00,-0.000000000000000000e+00,-8.443986303430203733e-02,-3.604215428245535757e-01,-0.000000000000000000e+00,-0.000000000000000000e+00,0.000000000000000000e+00,-3.758112086127655960e-02,-2.059712468024719467e-01,-0.000000000000000000e+00,3.362444173902714439e-01,1.448929154988245205e-01,-0.000000000000000000e+00,0.000000000000000000e+00,-5.293203217490392021e-01,-0.000000000000000000e+00,-7.769921392197518539e-01,2.359787776932873449e+00,-0.000000000000000000e+00,-0.000000000000000000e+00,-0.000000000000000000e+00,-0.000000000000000000e+00,-0.000000000000000000e+00,-2.370721689760179052e-01,-0.000000000000000000e+00,2.124996963359994297e-03,0.000000000000000000e+00,0.000000000000000000e+00,-0.000000000000000000e+00,0.000000000000000000e+00,0.000000000000000000e+00,0.000000000000000000e+00,-0.000000000000000000e+00,-0.000000000000000000e+00,0.000000000000000000e+00,-0.000000000000000000e+00,-0.000000000000000000e+00,-0.000000000000000000e+00
0.000000000000000000e+00,0.000000000000000000e+00,-0.000000000000000000e+00,-3.331268676684649432e-01,0.000000000000000000e+00,-1.606630174446365689e-01,-8.914486178821813545e-02,-0.000000000000000000e+00,0.000000000000000000e+00,0.000000000000000000e+00,0.000000000000000000e+00,-0.000000000000000000e+00,-0.000000000000000000e+00,-0.000000000000000000e+00,0.000000000000000000e+00,-0.000000000000000000e+00,-2.222624918632076958e-03,-0.000000000000000000e+00,-0.000000000000000000e+00,1.713777854078929463e+00,-0.000000000000000000e+00,-5.904045197265884726e-01,-0.000000000000000000e+00,-0.000000000000000000e+00,-8.968742518810395026e-02,0.000000000000000000e+00,0.000000000000000000e+00,0.000000000000000000e+00,-2.252779126712559643e-01,0.000000000000000000e+00,-0.000000000000000000e+00,0.000000000000000000e+00,-0.000000000000000000e+00,0.000000000000000000e+00,-0.000000000000000000e+00,-0.000000000000000000e+00,-1.265838393436698739e-01,1.163472623365569558e-01,0.000000000000000000e+00
-0.000000000000000000e+00,0.000000000000000000e+00,-2.157869357063757487e-01,-0.000000000000000000e+00,-0.000000000000000000e+00,-0.000000000000000000e+00,0.000000000000000000e+00,0.000000000000000000e+00,9.798284174439264582e-02,-0.000000000000000000e+00,-0.000000000000000000e+00,0.000000000000000000e+00,-0.000000000000000000e+00,-0.000000000000000000e+00,0.000000000000000000e+00,-0.000000000000000000e+00,-0.000000000000000000e+00,-0.000000000000000000e+00,-0.000000000000000000e+00,-0.000000000000000000e+00,1.784901145665690469e+00,-7.053363639729335333e-01,-0.000000000000000000e+00,-0.000000000000000000e+00,-0.000000000000000000e+00,0.000000000000000000e+00,0.000000000000000000e+00,-0.000000000000000000e+00,-0.000000000000000000e+00,0.000000000000000000e+00,-0.000000000000000000e+00,-0.000000000000000000e+00,-5.944320544235615067e-01,0.000000000000000000e+00,-0.000000000000000000e+00,-0.000000000000000000e+00,-1.396148847385555308e-02,8.567492109028608527e-03,1.679884736140593304e-01
-0.000000000000000000e+00,-0.000000000000000000e+00,-2.034381155460275870e-01,-0.000000000000000000e+00,-0.000000000000000000e+00,-0.000000000000000000e+00,-2.681546155274053822e-01,0.000000000000000000e+00,0.000000000000000000e+00,-0.000000000000000000e+00,-0.000000000000000000e+00,-0.000000000000000000e+00,-0.000000000000000000e+00,-3.636095116373345287e-02,0.000000000000000000e+00,-0.000000000000000000e+00,-0.000000000000000000e+00,-8.293334548491171354e-02,-0.000000000000000000e+00,-5.904045197265884726e-01,-7.053363639729335333e-01,2.149543796926502992e+00,-0.000000000000000000e+00,-0.000000000000000000e+00,-2.833142420963516428e-02,0.000000000000000000e+00,-0.000000000000000000e+00,0.000000000000000000e+00,-4.152413582496927158e-01,0.000000000000000000e+00,-0.000000000000000000e+00,-0.000000000000000000e+00,-0.000000000000000000e+00,0.000000000000000000e+00,-0.000000000000000000e+00,-0.000000000000000000e+00,-0.000000000000000000e+00,2.811991592946491703e-01,-0.000000000000000000e+00
-1.808015449499809219e-02,-1.694314363311576754e-01,-0.000000000000000000e+00,0.000000000000000000e+00,-1.074254010824412728e-02,-0.000000000000000000e+00,-0.000000000000000000e+00,0.000000000000000000e+00,-0.000000000000000000e+00,-0.000000000000000000e+00,-0.000000000000000000e+00,0.000000000000000000e+00,0.000000000000000000e+00,-3.005050677400408765e-01,0.000000000000000000e+00,-1.770395873438771195e-01,-0.000000000000000000e+00,-0.000000000000000000e+00,-0.000000000000000000e+00,-0.000000000000000000e+00,-0.000000000000000000e+00,-0.000000000000000000e+00,1.746775101884923354e+00,-0.000000000000000000e+00,-3.491762118510832180e-01,-0.000000000000000000e+00,-0.000000000000000000e+00,-0.000000000000000000e+00,-1.444961454730053496e-01,-0.000000000000000000e+00,-6.603464659372694501e-02,-0.000000000000000000e+00,-0.000000000000000000e+00,-0.000000000000000000e+00,-2.935564799236393130e-01,-4.233799566076049126e-02,-0.000000000000000000e+00,-0.000000000000000000e+00,-0.000000000000000000e+00
-0.000000000000000000e+00,-0.000000000000000000e+00,-0.000000000000000000e+00,-0.000000000000000000e+00,-3.634308796003056594e-03,0.000000000000000000e+00,-5.284520313078375914e-02,1.822899406217873830e-01,-0.000000000000000000e+00,-0.000000000000000000e+00,-2.453995613024718137e-01,0.000000000000000000e+00,0.000000000000000000e+00,-1.510658857409005740e-01,0.000000000000000000e+00,-0.000000000000000000e+00,-0.000000000000000000e+00,-5.644040201918835292e-02,-0.000000000000000000e+00,-0.000000000000000000e+00,-0.000000000000000000e+00,-0.000000000000000000e+00,-0.000000000000000000e+00,1.429400478078456604e+00,-0.000000000000000000e+00,-0.000000000000000000e+00,-0.000000000000000000e+00,0.000000000000000000e+00,-2.154316287044909239e-01,-0.000000000000000000e+00,-0.000000000000000000e+00,-1.140265054809427164e-01,-0.000000000000000000e+00,-1.788761143506015228e-01,-0.000000000000000000e+00,0.000000000000000000e+00,-0.000000000000000000e+00,0.000000000000000000e+00,-0.000000000000000000e+00
-0.000000000000000000e+00,-0.000000000000000000e+00,-0.000000000000000000e+00,-0.000000000000000000e+00,-0.000000000000000000e+00,-2.832736095069068871e-01,-5.874183606601704466e-02,-0.000000000000000000e+00,0.000000000000000000e+00,-0.000000000000000000e+00,-0.000000000000000000e+00,3.934961450292308038e-01,5.430106947124418298e-02,-2.976636605383604639e-01,0.000000000000000000e+00,-3.371861639287739854e-01,-2.862948378591665399e-01,-0.000000000000000000e+00,-2.370721689760179052e-01,-8.968742518810395026e-02,-0.000000000000000000e+00,-2.833142420963516428e-02,-3.491762118510832180e-01,-0.000000000000000000e+00,2.230003146694343741e+00,0.000000000000000000e+00,0.000000000000000000e+00,0.000000000000000000e+00,-0.000000000000000000e+00,0.000000000000000000e+00,0.000000000000000000e+00,0.000000000000000000e+00,0.000000000000000000e+00,0.000000000000000000e+00,-8.501873593669440066e-02,-0.000000000000000000e+00,-1.032473966136521204e-01,0.000000000000000000e+00,0.000000000000000000e+00
-0.000000000000000000e+00,-1.574401200873308815e-01,-0.000000000000000000e+00,0.000000000000000000e+00,-0.000000000000000000e+00,0.000000000000000000e+00,0.000000000000000000e+00,0.000000000000000000e+00,-0.000000000000000000e+00,-3.925997038948288997e-01,-0.000000000000000000e+00,-0.000000000000000000e+00,-0.000000000000000000e+00,-0.000000000000000000e+00,0.000000000000000000e+00,-0.000000000000000000e+00,0.000000000000000000e+00,0.000000000000000000e+00,-0.000000000000000000e+00,0.000000000000000000e+00,0.000000000000000000e+00,0.000000000000000000e+00,-0.000000000000000000e+00,-0.000000000000000000e+00,0.000000000000000000e+00,2.617404736553771372e+00,-4.861492181454729611e-01,-9.534366873986969138e-01,-0.000000000000000000e+00,-1.526693946473506036e-01,-1.175650573055410375e-01,-0.000000000000000000e+00,-0.000000000000000000e+00,-0.000000000000000000e+00,-1.008936781543447597e-01,-1.694248398536689904e-01,-0.000000000000000000e+00,-1.318826481706138753e-01,-0.000000000000000000e+00
-0.000000000000000000e+00,-3.269731681011383562e-01,-0.000000000000000000e+00,2.241073399329141513e-01,-0.000000000000000000e+00,1.202436512859985929e-01,0.000000000000000000e+00,1.050270020860706935e-02,-0.000000000000000000e+00,-0.000000000000000000e+00,-0.000000000000000000e+00,-2.103513216559171894e-01,-3.362490750500091163e-01,-0.000000000000000000e+00,0.000000000000000000e+00,0.000000000000000000e+00,0.000000000000000000e+00,0.000000000000000000e+00,2.124996963359994297e-03,0.000000000000000000e+00,0.000000000000000000e+00,-0.000000000000000000e+00,-0.000000000000000000e+00,-0.000000000000000000e+00,0.000000000000000000e+00,-4.861492181454729611e-01,2.672131256482600303e+00,-2.568697883707574681e-01,-0.000000000000000000e+00,-5.100569203056155854e-02,-6.715851516393049891e-01,-3.764531950114202163e-01,-0.000000000000000000e+00,-0.000000000000000000e+00,-0.000000000000000000e+00,-3.808899110178465969e-02,-0.000000000000000000e+00,-0.000000000000000000e+00,-1.129757103941399082e-01
-0.000000000000000000e+00,-0.000000000000000000e+00,-0.000000000000000000e+00,6.867600268468251890e-02,-0.000000000000000000e+00,0.000000000000000000e+00,3.394841631127642340e-02,0.000000000000000000e+00,-0.000000000000000000e+00,-0.000000000000000000e+00,-0.000000000000000000e+00,-0.000000000000000000e+00,-1.952795758967984241e-01,-0.000000000000000000e+00,-0.000000000000000000e+00,-0.000000000000000000e+00,0.000000000000000000e+00,0.000000000000000000e+00,0.000000000000000000e+00,0.000000000000000000e+00,-0.000000000000000000e+00,0.000000000000000000e+00,-0.000000000000000000e+00,0.000000000000000000e+00,0.000000000000000000e+00,-9.534366873986969138e-01,-2.568697883707574681e-01,2.385283689084974679e+00,0.000000000000000000e+00,-0.000000000000000000e+00,-2.588909427743801839e-01,-0.000000000000000000e+00,-2.434993580253790313e-01,-0.000000000000000000e+00,-0.000000000000000000e+00,-1.567988816083554504e-01,-0.000000000000000000e+00,-2.242233540292603300e-01,-0.000000000000000000e+00
-0.000000000000000000e+00,-0.000000000000000000e+00,-0.000000000000000000e+00,-0.000000000000000000e+00,-0.000000000000000000e+00,-0.000000000000000000e+00,-0.000000000000000000e+00,0.000000000000000000e+00,0.000000000000000000e+00,-0.000000000000000000e+00,-0.000000000000000000e+00,-0.000000000000000000e+00,-0.000000000000000000e+00,-3.673391071482058345e-01,0.000000000000000000e+00,-0.000000000000000000e+00,-1.361201963935091408e-01,-0.000000000000000000e+00,0.000000000000000000e+00,-2.252779126712559643e-01,-0.000000000000000000e+00,-4.152413582496927158e-01,-1.444961454730053496e-01,-2.154316287044909239e-01,-0.000000000000000000e+00,-0.000000000000000000e+00,-0.000000000000000000e+00,0.000000000000000000e+00,2.227747403505941026e+00,0.000000000000000000e+00,-0.000000000000000000e+00,-3.980457796113949231e-01,-0.000000000000000000e+00,0.000000000000000000e+00,-1.184959729166725900e-01,-0.000000000000000000e+00,-4.049420216118864158e-01,0.000000000000000000e+00,0.000000000000000000e+00
-0.000000000000000000e+00,-2.755944575321973566e-01,-0.000000000000000000e+00,0.000000000000000000e+00,-2.474169037798711057e-01,2.988243400608877609e-01,0.000000000000000000e+00,2.425834621502926669e-01,-3.061796910458787768e-01,-4.745389112077396110e-01,-0.000000000000000000e+00,0.000000000000000000e+00,-0.000000000000000000e+00,-0.000000000000000000e+00,0.000000000000000000e+00,-0.000000000000000000e+00,0.000000000000000000e+00,-0.000000000000000000e+00,-0.000000000000000000e+00,0.000000000000000000e+00,0.000000000000000000e+00,0.000000000000000000e+00,-0.000000000000000000e+00,-0.000000000000000000e+00,0.000000000000000000e+00,-1.526693946473506036e-01,-5.100569203056155854e-02,-0.000000000000000000e+00,0.000000000000000000e+00,2.265708263859638194e+00,-0.000000000000000000e+00,-0.000000000000000000e+00,-0.000000000000000000e+00,-7.751875004485812848e-02,-0.000000000000000000e+00,-0.000000000000000000e+00,0.000000000000000000e+00,-3.300701485924621426e-01,-6.625699902050326273e-02
-0.000000000000000000e+00,-0.000000000000000000e+00,-2.364859708912048220e-01,0.000000000000000000e+00,-0.000000000000000000e+00,0.000000000000000000e+00,0.000000000000000000e+00,0.000000000000000000e+00,0.000000000000000000e+00,-1.305137897743003095e-01,-0.000000000000000000e+00,-0.000000000000000000e+00,-1.301929126554382254e-01,-1.620568453699033351e-01,0.000000000000000000e+00,-0.000000000000000000e+00,0.000000000000000000e+00,0.000000000000000000e+00,0.000000000000000000e+00,-0.000000000000000000e+00,-0.000000000000000000e+00,-0.000000000000000000e+00,-6.603464659372694501e-02,-0.000000000000000000e+00,0.000000000000000000e+00,-1.175650573055410375e-01,-6.715851516393049891e-01,-2.588909427743801839e-01,-0.000000000000000000e+00,-0.000000000000000000e+00,2.840470383586562786e+00,-4.081622494484128394e-01,-6.114258333157693848e-01,-0.000000000000000000e+00,-1.064508443017865014e-01,-2.428296209669379702e-01,-0.000000000000000000e+00,-0.000000000000000000e+00,-0.000000000000000000e+00
-0.000000000000000000e+00,-3.832150524185468088e-01,-0.000000000000000000e+00,0.000000000000000000e+00,-0.000000000000000000e+00,0.000000000000000000e+00,-0.000000000000000000e+00,1.280078548441689335e-01,-0.000000000000000000e+00,-0.000000000000000000e+00,-4.833561606448206205e-01,-0.000000000000000000e+00,-0.000000000000000000e+00,-0.000000000000000000e+00,0.000000000000000000e+00,-0.000000000000000000e+00,-0.000000000000000000e+00,0.000000000000000000e+00,0.000000000000000000e+00,0.000000000000000000e+00,-0.000000000000000000e+00,-0.000000000000000000e+00,-0.000000000000000000e+00,-1.140265054809427164e-01,0.000000000000000000e+00,-0.000000000000000000e+00,-3.764531950114202163e-01,-0.000000000000000000e+00,-3.980457796113949231e-01,-0.000000000000000000e+00,-4.081622494484128394e-01,2.195170041006591077e+00,-0.000000000000000000e+00,-0.000000000000000000e+00,-8.045073369046638542e-03,-0.000000000000000000e+00,-0.000000000000000000e+00,-0.000000000000000000e+00,-0.000000000000000000e+00
-0.000000000000000000e+00,-0.000000000000000000e+00,-3.054138216079388402e-01,1.423088101413795548e-01,-1.298428817970469218e-01,0.000000000000000000e+00,1.488116590578378350e-03,1.542704357182081709e-01,0.000000000000000000e+00,-0.000000000000000000e+00,-0.000000000000000000e+00,0.000000000000000000e+00,-4.312266325194308303e-01,-9.627974100411272607e-02,0.000000000000000000e+00,-0.000000000000000000e+00,0.000000000000000000e+00,0.000000000000000000e+00,0.000000000000000000e+00,-0.000000000000000000e+00,-5.944320544235615067e-01,-0.000000000000000000e+00,-0.000000000000000000e+00,-0.000000000000000000e+00,0.000000000000000000e+00,-0.000000000000000000e+00,-0.000000000000000000e+00,-2.434993580253790313e-01,-0.000000000000000000e+00,-0.000000000000000000e+00,-6.114258333157693848e-01,-0.000000000000000000e+00,2.513182912932677038e+00,-0.000000000000000000e+00,-0.000000000000000000e+00,-2.340261815789702882e-01,-0.000000000000000000e+00,0.000000000000000000e+00,0.000000000000000000e+00
0.000000000000000000e+00,-0.000000000000000000e+00,-7.642086258997936310e-02,-0.000000000000000000e+00,-0.000000000000000000e+00,5.571017597442975977e-02,-0.000000000000000000e+00,1.019684012000082601e-01,-4.715992663958653019e-01,-0.000000000000000000e+00,-0.000000000000000000e+00,-0.000000000000000000e+00,-0.000000000000000000e+00,-0.000000000000000000e+00,0.000000000000000000e+00,0.000000000000000000e+00,0.000000000000000000e+00,-0.000000000000000000e+00,-0.000000000000000000e+00,0.000000000000000000e+00,0.000000000000000000e+00,0.000000000000000000e+00,-0.000000000000000000e+00,-1.788761143506015228e-01,0.000000000000000000e+00,-0.000000000000000000e+00,-0.000000000000000000e+00,-0.000000000000000000e+00,0.000000000000000000e+00,-7.751875004485812848e-02,-0.000000000000000000e+00,-0.000000000000000000e+00,-0.000000000000000000e+00,1.474840569009817637e+00,4.783451270028678953e-02,0.000000000000000000e+00,0.000000000000000000e+00,-0.000000000000000000e+00,-2.828502531708994017e-01
-0.000000000000000000e+00,-0.000000000000000000e+00,-0.000000000000000000e+00,0.000000000000000000e+00,-0.000000000000000000e+00,-3.368689344980537598e-02,0.000000000000000000e+00,0.000000000000000000e+00,0.000000000000000000e+00,-0.000000000000000000e+00,-0.000000000000000000e+00,0.000000000000000000e+00,0.000000000000000000e+00,-2.725891615013607550e-01,0.000000000000000000e+00,-9.736328922238836336e-02,-0.000000000000000000e+00,0.000000000000000000e+00,-0.000000000000000000e+00,-0.000000000000000000e+00,-0.000000000000000000e+00,-0.000000000000000000e+00,-2.935564799236393130e-01,-0.000000000000000000e+00,-8.501873593669440066e-02,-1.008936781543447597e-01,-0.000000000000000000e+00,-0.000000000000000000e+00,-1.184959729166725900e-01,-0.000000000000000000e+00,-1.064508443017865014e-01,-8.045073369046638542e-03,-0.000000000000000000e+00,4.783451270028678953e-02,2.438145377232970645e+00,-3.798855575324768807e-01,-1.035221134375368557e+00,-0.000000000000000000e+00,0.000000000000000000e+00
-5.682724572533300877e-01,-1.006507518090312206e-02,-8.248723839683343162e-02,2.439219110867062168e-01,-8.300092209670616172e-03,-0.000000000000000000e+00,0.000000000000000000e+00,0.000000000000000000e+00,-0.000000000000000000e+00,-0.000000000000000000e+00,-0.000000000000000000e+00,0.000000000000000000e+00,-0.000000000000000000e+00,-4.486252696429462311e-02,0.000000000000000000e+00,-0.000000000000000000e+00,0.000000000000000000e+00,0.000000000000000000e+00,0.000000000000000000e+00,-0.000000000000000000e+00,-0.000000000000000000e+00,-0.000000000000000000e+00,-4.233799566076049126e-02,0.000000000000000000e+00,-0.000000000000000000e+00,-1.694248398536689904e-01,-3.808899110178465969e-02,-1.567988816083554504e-01,-0.000000000000000000e+00,-0.000000000000000000e+00,-2.428296209669379702e-01,-0.000000000000000000e+00,-2.340261815789702882e-01,0.000000000000000000e+00,-3.798855575324768807e-01,2.095837277510952390e+00,-0.000000000000000000e+00,-5.959555084701319283e-02,0.000000000000000000e+00
-0.000000000000000000e+00,-0.000000000000000000e+00,-0.000000000000000000e+00,-0.000000000000000000e+00,-0.000000000000000000e+00,-5.492944053841831709e-01,0.000000000000000000e+00,-0.000000000000000000e+00,0.000000000000000000e+00,-0.000000000000000000e+00,-9.090797474831803504e-02,0.000000000000000000e+00,0.000000000000000000e+00,-3.370933414855737387e-01,0.000000000000000000e+00,-0.000000000000000000e+00,-3.396244506276370756e-01,-0.000000000000000000e+00,-0.000000000000000000e+00,-1.265838393436698739e-01,-1.396148847385555308e-02,-0.000000000000000000e+00,-0.000000000000000000e+00,-0.000000000000000000e+00,-1.032473966136521204e-01,-0.000000000000000000e+00,-0.000000000000000000e+00,-0.000000000000000000e+00,-4.049420216118864158e-01,0.000000000000000000e+00,-0.000000000000000000e+00,-0.000000000000000000e+00,-0.000000000000000000e+00,0.000000000000000000e+00,-1.035221134375368557e+00,-0.000000000000000000e+00,2.881840330326525201e+00,0.000000000000000000e+00,2.425921149265345134e-01
-3.725404359444528524e-01,-3.171661836455421657e-01,-0.000000000000000000e+00,1.904185889775843188e-01,-1.090205025127617133e-01,0.000000000000000000e+00,0.000000000000000000e+00,0.000000000000000000e+00,-4.440388877607429063e-01,-3.127822141945521550e-02,-0.000000000000000000e+00,-0.000000000000000000e+00,0.000000000000000000e+00,-0.000000000000000000e+00,-0.000000000000000000e+00,-0.000000000000000000e+00,1.466260652179257329e-01,0.000000000000000000e+00,-0.000000000000000000e+00,1.163472623365569558e-01,8.567492109028608527e-03,2.811991592946491703e-01,-0.000000000000000000e+00,0.000000000000000000e+00,0.000000000000000000e+00,-1.318826481706138753e-01,-0.000000000000000000e+00,-2.242233540292603300e-01,0.000000000000000000e+00,-3.300701485924621426e-01,-0.000000000000000000e+00,-0.000000000000000000e+00,0.000000000000000000e+00,-0.000000000000000000e+00,-0.000000000000000000e+00,-5.959555084701319283e-02,0.000000000000000000e+00,2.164531658569234018e+00,-7.336545381280748512e-02
-0.000000000000000000e+00,-5.062180016893996770e-01,-0.000000000000000000e+00,0.000000000000000000e+00,-0.000000000000000000e+00,3.705987638040584842e-01,-1.855318528332247086e-01,0.000000000000000000e+00,-1.804613611788677408e-01,-0.000000000000000000e+00,0.000000000000000000e+00,-2.689439066785456189e-01,-0.000000000000000000e+00,0.000000000000000000e+00,0.000000000000000000e+00,-0.000000000000000000e+00,1.775667836996369375e-01,-0.000000000000000000e+00,-0.000000000000000000e+00,0.000000000000000000e+00,1.679884736140593304e-01,-0.000000000000000000e+00,-0.000000000000000000e+00,-0.000000000000000000e+00,0.000000000000000000e+00,-0.000000000000000000e+00,-1.129757103941399082e-01,-0.000000000000000000e+00,0.000000000000000000e+00,-6.625699902050326273e-02,-0.000000000000000000e+00,-0.000000000000000000e+00,0.000000000000000000e+00,-2.828502531708994017e-01,0.000000000000000000e+00,0.000000000000000000e+00,2.425921149265345134e-01,-7.336545381280748512e-02,1.920201878040478594e+00
