1.409247887288983980e+00,-5.494305925002125612e-02,-8.608396439703860925e-02,2.352220822317691376e-02,-6.402838781394691592e-02,0.000000000000000000e+00,0.000000000000000000e+00,9.938521406672015668e-02,-2.189570942985254523e-02,-7.909426381779632864e-02,0.000000000000000000e+00,-6.562885008471928093e-03,0.000000000000000000e+00,-0.000000000000000000e+00,-2.675323686227175715e-02,-1.305382459923505878e-01,-5.922851772004075754e-02,-0.000000000000000000e+00,3.214493456105266961e-02,-3.819705053908032527e-02,-1.093568503348626569e-01,-4.521348677081245271e-02,-0.000000000000000000e+00,-0.000000000000000000e+00,-0.000000000000000000e+00,-5.699547471259157339e-02,-0.000000000000000000e+00,-0.000000000000000000e+00,0.000000000000000000e+00,-5.167243343385771043e-02,-0.000000000000000000e+00,0.000000000000000000e+00,0.000000000000000000e+00,-0.000000000000000000e+00,-1.056682878616552745e-01,-1.027025784335065528e-01,-0.000000000000000000e+00,-8.812896938565806249e-02,-3.570464665277685995e-02
-5.494305925002125612e-02,1.355187024551233854e+00,-6.603050217328813865e-02,0.000000000000000000e+00,-1.019234251392901747e-01,1.237855610302096149e-01,0.000000000000000000e+00,8.231001762782699793e-02,-2.288545272034880548e-02,-1.597547456779538633e-01,0.000000000000000000e+00,-4.742918414361559434e-03,0.000000000000000000e+00,-0.000000000000000000e+00,-0.000000000000000000e+00,-6.348064015005774885e-02,-7.527360905078918363e-02,-0.000000000000000000e+00,1.589717026755494214e-02,-5.459992315158809307e-04,-0.000000000000000000e+00,-5.381355222474928229e-02,-0.000000000000000000e+00,-0.000000000000000000e+00,-0.000000000000000000e+00,-6.927417559562404348e-02,-1.352324732303482498e-02,-0.000000000000000000e+00,0.000000000000000000e+00,-8.109026790321315070e-02,-0.000000000000000000e+00,0.000000000000000000e+00,0.000000000000000000e+00,-0.000000000000000000e+00,-0.000000000000000000e+00,-1.222273497180818430e-01,-0.000000000000000000e+00,-4.152291043206060572e-02,-4.909828517739311254e-02
-8.608396439703860925e-02,-6.603050217328813865e-02,1.562688068478541359e+00,3.693547565871657667e-02,-8.552428975106622644e-02,0.000000000000000000e+00,0.000000000000000000e+00,2.368292091950443268e-01,-6.219323173322688358e-02,-6.581014068347458557e-02,0.000000000000000000e+00,-3.339217427285107176e-02,0.000000000000000000e+00,-0.000000000000000000e+00,-2.414021163315597032e-02,-5.082429362841286297e-02,-7.336825111718001113e-03,-5.314172528066296239e-03,3.588725725086276686e-02,-1.075295629938607528e-01,-1.469888262524124412e-01,-1.394711949185877542e-01,-0.000000000000000000e+00,-0.000000000000000000e+00,-0.000000000000000000e+00,-5.932257465275667802e-02,-0.000000000000000000e+00,-3.317846136143828145e-02,0.000000000000000000e+00,-6.385351191895860534e-02,-0.000000000000000000e+00,0.000000000000000000e+00,0.000000000000000000e+00,-1.584834691506285852e-03,-6.518236834717296146e-02,-9.219243395671736230e-02,-0.000000000000000000e+00,-5.753563574853676199e-02,-5.357568521292706276e-02
2.352220822317691376e-02,0.000000000000000000e+00,3.693547565871657667e-02,1.075930093408744348e+00,0.000000000000000000e+00,-0.000000000000000000e+00,-0.000000000000000000e+00,-6.762022857628122163e-02,0.000000000000000000e+00,0.000000000000000000e+00,-0.000000000000000000e+00,0.000000000000000000e+00,-0.000000000000000000e+00,1.527799531367682491e-02,0.000000000000000000e+00,0.000000000000000000e+00,0.000000000000000000e+00,0.000000000000000000e+00,-0.000000000000000000e+00,0.000000000000000000e+00,0.000000000000000000e+00,0.000000000000000000e+00,0.000000000000000000e+00,0.000000000000000000e+00,0.000000000000000000e+00,5.820621068227219835e-02,0.000000000000000000e+00,2.071902546253816535e-01,0.000000000000000000e+00,0.000000000000000000e+00,0.000000000000000000e+00,-0.000000000000000000e+00,0.000000000000000000e+00,0.000000000000000000e+00,0.000000000000000000e+00,2.400526572393816768e-02,0.000000000000000000e+00,0.000000000000000000e+00,0.000000000000000000e+00
-6.402838781394691592e-02,-1.019234251392901747e-01,-8.552428975106622644e-02,0.000000000000000000e+00,1.385151813351540806e+00,0.000000000000000000e+00,0.000000000000000000e+00,9.386008681073976234e-02,-1.495854682986822934e-02,-8.445816475516006172e-02,0.000000000000000000e+00,-0.000000000000000000e+00,0.000000000000000000e+00,-0.000000000000000000e+00,-0.000000000000000000e+00,-1.164507665393019198e-01,-1.249957112337403836e-01,-0.000000000000000000e+00,0.000000000000000000e+00,-0.000000000000000000e+00,-8.790526171033391512e-02,-0.000000000000000000e+00,-0.000000000000000000e+00,-3.891967555858313887e-02,-1.747611622513410568e-01,-1.773926489928742967e-01,-0.000000000000000000e+00,-0.000000000000000000e+00,0.000000000000000000e+00,-1.997410352792152247e-02,-0.000000000000000000e+00,0.000000000000000000e+00,0.000000000000000000e+00,-0.000000000000000000e+00,-2.468968305771433724e-02,-1.111745339914806119e-01,-0.000000000000000000e+00,-4.745977391368551290e-02,-0.000000000000000000e+00
0.000000000000000000e+00,1.237855610302096149e-01,0.000000000000000000e+00,-0.000000000000000000e+00,0.000000000000000000e+00,1.134183018206271987e+00,-0.000000000000000000e+00,-0.000000000000000000e+00,3.873252088076522409e-02,9.893127093108350367e-02,-2.186225025972686475e-02,0.000000000000000000e+00,-0.000000000000000000e+00,-0.000000000000000000e+00,2.105829228063642311e-02,1.839466632264267001e-02,0.000000000000000000e+00,8.560627989354328837e-02,-2.385419575308652188e-02,0.000000000000000000e+00,0.000000000000000000e+00,0.000000000000000000e+00,-0.000000000000000000e+00,0.000000000000000000e+00,0.000000000000000000e+00,0.000000000000000000e+00,0.000000000000000000e+00,0.000000000000000000e+00,-0.000000000000000000e+00,9.644742489932082996e-02,0.000000000000000000e+00,-0.000000000000000000e+00,-0.000000000000000000e+00,0.000000000000000000e+00,0.000000000000000000e+00,0.000000000000000000e+00,0.000000000000000000e+00,3.945868751206950409e-02,7.512284748432722370e-02
0.000000000000000000e+00,0.000000000000000000e+00,0.000000000000000000e+00,-0.000000000000000000e+00,0.000000000000000000e+00,-0.000000000000000000e+00,1.227381506184080262e+00,-0.000000000000000000e+00,7.777708612253679543e-02,0.000000000000000000e+00,-1.046434270533884020e-01,1.147175917023509351e-01,-1.235326153209893446e-01,0.000000000000000000e+00,1.093266727108784392e-01,4.587302404151458179e-02,0.000000000000000000e+00,0.000000000000000000e+00,-4.393680206407268168e-02,4.223093261073920107e-02,1.430617654474848795e-02,0.000000000000000000e+00,0.000000000000000000e+00,0.000000000000000000e+00,0.000000000000000000e+00,0.000000000000000000e+00,0.000000000000000000e+00,0.000000000000000000e+00,-0.000000000000000000e+00,7.981731146060067061e-02,0.000000000000000000e+00,-2.366181471391036115e-02,-3.616933523323774199e-03,2.164094894285186962e-02,0.000000000000000000e+00,0.000000000000000000e+00,0.000000000000000000e+00,8.278724080459462509e-02,4.657453610579250641e-02
9.938521406672015668e-02,8.231001762782699793e-02,2.368292091950443268e-01,-6.762022857628122163e-02,9.386008681073976234e-02,-0.000000000000000000e+00,-0.000000000000000000e+00,1.411774015647696334e+00,0.000000000000000000e+00,5.151707789074518040e-02,-0.000000000000000000e+00,0.000000000000000000e+00,-0.000000000000000000e+00,0.000000000000000000e+00,0.000000000000000000e+00,1.894035203764922459e-02,5.382844731394943218e-03,2.580201883440377993e-03,-0.000000000000000000e+00,7.748077669100911224e-02,1.627499602614304319e-01,1.443100048309354511e-01,0.000000000000000000e+00,0.000000000000000000e+00,0.000000000000000000e+00,2.220779745367480740e-02,0.000000000000000000e+00,8.105985864512310624e-02,0.000000000000000000e+00,2.030544288432366978e-02,4.145533793080298512e-02,-0.000000000000000000e+00,-0.000000000000000000e+00,0.000000000000000000e+00,1.494313101737560802e-02,1.014229232744134485e-01,0.000000000000000000e+00,3.620100743439007198e-03,0.000000000000000000e+00
-2.189570942985254523e-02,-2.288545272034880548e-02,-6.219323173322688358e-02,0.000000000000000000e+00,-1.495854682986822934e-02,3.873252088076522409e-02,7.777708612253679543e-02,0.000000000000000000e+00,1.602819271091810105e+00,-9.509465808068767734e-02,1.098844538635260389e-02,-1.038262497975617343e-01,1.699944317981205363e-02,-0.000000000000000000e+00,-8.620969956247376276e-02,-9.238573867427404829e-02,-1.374375831714085526e-02,-9.144208901422656161e-03,1.105502904824587906e-01,-9.809380671322948109e-02,-6.553866402141036995e-02,-7.775539333396286334e-02,-0.000000000000000000e+00,-0.000000000000000000e+00,-0.000000000000000000e+00,-4.447460634880975178e-02,-0.000000000000000000e+00,-0.000000000000000000e+00,0.000000000000000000e+00,-1.151503451266628480e-01,-0.000000000000000000e+00,8.407388763751043326e-02,0.000000000000000000e+00,-1.520017825995068628e-01,-4.341017587689490788e-03,-2.523447462644141936e-02,-0.000000000000000000e+00,-1.156756590507295734e-01,-1.252176749733995564e-01
-7.909426381779632864e-02,-1.597547456779538633e-01,-6.581014068347458557e-02,0.000000000000000000e+00,-8.445816475516006172e-02,9.893127093108350367e-02,0.000000000000000000e+00,5.151707789074518040e-02,-9.509465808068767734e-02,1.602806277319482664e+00,0.000000000000000000e+00,-6.280502199039456057e-02,0.000000000000000000e+00,-0.000000000000000000e+00,-6.139002564617088847e-02,-1.071743395473680055e-01,-8.252961689168605841e-02,-2.758015754867198036e-02,6.771264055917539104e-02,-5.496056437379463755e-02,-4.815946400864051097e-02,-6.420589600248345630e-02,-0.000000000000000000e+00,-0.000000000000000000e+00,-0.000000000000000000e+00,-7.356061826279851334e-02,-0.000000000000000000e+00,-0.000000000000000000e+00,0.000000000000000000e+00,-1.143955464644606651e-01,-0.000000000000000000e+00,0.000000000000000000e+00,0.000000000000000000e+00,-2.751932962889174633e-02,-2.495980234385708832e-02,-6.831339023252906706e-02,-0.000000000000000000e+00,-1.002931900631084255e-01,-1.067274033369789432e-01
0.000000000000000000e+00,0.000000000000000000e+00,0.000000000000000000e+00,-0.000000000000000000e+00,0.000000000000000000e+00,-2.186225025972686475e-02,-1.046434270533884020e-01,-0.000000000000000000e+00,1.098844538635260389e-02,0.000000000000000000e+00,1.060923585316572826e+00,4.934193782562482783e-02,-0.000000000000000000e+00,0.000000000000000000e+00,2.916605812113840651e-02,0.000000000000000000e+00,0.000000000000000000e+00,0.000000000000000000e+00,-6.796893369654838368e-02,0.000000000000000000e+00,0.000000000000000000e+00,0.000000000000000000e+00,0.000000000000000000e+00,0.000000000000000000e+00,0.000000000000000000e+00,0.000000000000000000e+00,-0.000000000000000000e+00,0.000000000000000000e+00,-0.000000000000000000e+00,0.000000000000000000e+00,-0.000000000000000000e+00,-8.909026466983560599e-02,-5.202602102625154129e-02,0.000000000000000000e+00,0.000000000000000000e+00,0.000000000000000000e+00,0.000000000000000000e+00,0.000000000000000000e+00,2.037715286293425784e-02
-6.562885008471928093e-03,-4.742918414361559434e-03,-3.339217427285107176e-02,0.000000000000000000e+00,-0.000000000000000000e+00,0.000000000000000000e+00,1.147175917023509351e-01,0.000000000000000000e+00,-1.038262497975617343e-01,-6.280502199039456057e-02,4.934193782562482783e-02,1.542229100854854318e+00,0.000000000000000000e+00,-0.000000000000000000e+00,-1.247945119956830190e-01,-5.268828614705335645e-02,-0.000000000000000000e+00,-0.000000000000000000e+00,1.678236995657444441e-01,-1.351026728983486802e-01,-6.896174842603483568e-02,-1.051301969216497795e-01,-0.000000000000000000e+00,-0.000000000000000000e+00,-0.000000000000000000e+00,-0.000000000000000000e+00,-0.000000000000000000e+00,-0.000000000000000000e+00,0.000000000000000000e+00,-9.052990218483912555e-02,-0.000000000000000000e+00,6.949532240556673124e-02,0.000000000000000000e+00,-1.195268565103416170e-01,-0.000000000000000000e+00,-0.000000000000000000e+00,-0.000000000000000000e+00,-9.472597325256480738e-02,-1.071844409555654104e-01
0.000000000000000000e+00,0.000000000000000000e+00,0.000000000000000000e+00,-0.000000000000000000e+00,0.000000000000000000e+00,-0.000000000000000000e+00,-1.235326153209893446e-01,-0.000000000000000000e+00,1.699944317981205363e-02,0.000000000000000000e+00,-0.000000000000000000e+00,0.000000000000000000e+00,1.045322938176172389e+00,0.000000000000000000e+00,3.782177597799443736e-02,0.000000000000000000e+00,0.000000000000000000e+00,0.000000000000000000e+00,-0.000000000000000000e+00,0.000000000000000000e+00,0.000000000000000000e+00,0.000000000000000000e+00,0.000000000000000000e+00,0.000000000000000000e+00,0.000000000000000000e+00,0.000000000000000000e+00,0.000000000000000000e+00,0.000000000000000000e+00,-0.000000000000000000e+00,1.313706311433548860e-03,0.000000000000000000e+00,-0.000000000000000000e+00,-0.000000000000000000e+00,1.374204441673707901e-02,1.166187897080552677e-01,0.000000000000000000e+00,0.000000000000000000e+00,2.604199713014321640e-02,0.000000000000000000e+00
-0.000000000000000000e+00,-0.000000000000000000e+00,-0.000000000000000000e+00,1.527799531367682491e-02,-0.000000000000000000e+00,-0.000000000000000000e+00,0.000000000000000000e+00,0.000000000000000000e+00,-0.000000000000000000e+00,-0.000000000000000000e+00,0.000000000000000000e+00,-0.000000000000000000e+00,0.000000000000000000e+00,1.024699280307532101e+00,-0.000000000000000000e+00,-0.000000000000000000e+00,-0.000000000000000000e+00,-0.000000000000000000e+00,0.000000000000000000e+00,-0.000000000000000000e+00,-0.000000000000000000e+00,-0.000000000000000000e+00,-1.363201950401520257e-01,-0.000000000000000000e+00,-0.000000000000000000e+00,-2.389229567126882961e-02,-0.000000000000000000e+00,-6.612944818218487175e-02,-0.000000000000000000e+00,-0.000000000000000000e+00,-0.000000000000000000e+00,0.000000000000000000e+00,-0.000000000000000000e+00,-0.000000000000000000e+00,-0.000000000000000000e+00,-0.000000000000000000e+00,-0.000000000000000000e+00,-0.000000000000000000e+00,-0.000000000000000000e+00
-2.675323686227175715e-02,-0.000000000000000000e+00,-2.414021163315597032e-02,0.000000000000000000e+00,-0.000000000000000000e+00,2.105829228063642311e-02,1.093266727108784392e-01,0.000000000000000000e+00,-8.620969956247376276e-02,-6.139002564617088847e-02,2.916605812113840651e-02,-1.247945119956830190e-01,3.782177597799443736e-02,-0.000000000000000000e+00,1.435410932193748046e+00,-9.018176485897157202e-02,-0.000000000000000000e+00,-0.000000000000000000e+00,8.538967081967031858e-02,-8.753567600886939803e-02,-4.427285299617298581e-02,-6.583522461986193730e-02,-0.000000000000000000e+00,-0.000000000000000000e+00,-0.000000000000000000e+00,-5.224697083242636243e-03,-0.000000000000000000e+00,-0.000000000000000000e+00,0.000000000000000000e+00,-1.214524919412063447e-01,-0.000000000000000000e+00,4.367496521838966361e-02,0.000000000000000000e+00,-0.000000000000000000e+00,-2.244179381372714017e-03,-0.000000000000000000e+00,-0.000000000000000000e+00,-1.186686779857335922e-01,-1.215301156421809692e-01
-1.305382459923505878e-01,-6.348064015005774885e-02,-5.082429362841286297e-02,0.000000000000000000e+00,-1.164507665393019198e-01,1.839466632264267001e-02,4.587302404151458179e-02,1.894035203764922459e-02,-9.238573867427404829e-02,-1.071743395473680055e-01,0.000000000000000000e+00,-5.268828614705335645e-02,0.000000000000000000e+00,-0.000000000000000000e+00,-9.018176485897157202e-02,1.586374409965097376e+00,-8.707347980179967750e-02,-0.000000000000000000e+00,4.701563155526868043e-02,-5.867301326932771594e-02,-7.881541003941955337e-02,-5.025454367622526203e-02,-0.000000000000000000e+00,-0.000000000000000000e+00,-0.000000000000000000e+00,-1.118729027562453127e-01,-0.000000000000000000e+00,-0.000000000000000000e+00,0.000000000000000000e+00,-9.661594304453498261e-02,-0.000000000000000000e+00,2.548380444759931057e-02,0.000000000000000000e+00,-2.400433281810418831e-02,-7.276698803929587678e-02,-4.271898402284670521e-02,-0.000000000000000000e+00,-1.123525146827167170e-01,-9.056515599557413143e-02
-5.922851772004075754e-02,-7.527360905078918363e-02,-7.336825111718001113e-03,0.000000000000000000e+00,-1.249957112337403836e-01,0.000000000000000000e+00,0.000000000000000000e+00,5.382844731394943218e-03,-1.374375831714085526e-02,-8.252961689168605841e-02,0.000000000000000000e+00,-0.000000000000000000e+00,0.000000000000000000e+00,-0.000000000000000000e+00,-0.000000000000000000e+00,-8.707347980179967750e-02,1.156724201040303157e+00,-0.000000000000000000e+00,0.000000000000000000e+00,-0.000000000000000000e+00,-7.315831116161874981e-02,-2.252762651259392068e-02,-0.000000000000000000e+00,-4.484358585533191471e-02,-0.000000000000000000e+00,-2.860307654380099887e-02,-0.000000000000000000e+00,-0.000000000000000000e+00,-0.000000000000000000e+00,-1.161360253862657975e-02,-0.000000000000000000e+00,0.000000000000000000e+00,0.000000000000000000e+00,-0.000000000000000000e+00,-0.000000000000000000e+00,-0.000000000000000000e+00,-0.000000000000000000e+00,-4.102737500640030871e-02,-2.319794348250707114e-02
-0.000000000000000000e+00,-0.000000000000000000e+00,-5.314172528066296239e-03,0.000000000000000000e+00,-0.000000000000000000e+00,8.560627989354328837e-02,0.000000000000000000e+00,2.580201883440377993e-03,-9.144208901422656161e-03,-2.758015754867198036e-02,0.000000000000000000e+00,-0.000000000000000000e+00,0.000000000000000000e+00,-0.000000000000000000e+00,-0.000000000000000000e+00,-0.000000000000000000e+00,-0.000000000000000000e+00,1.027010050593042401e+00,3.647680509624545708e-02,-0.000000000000000000e+00,-0.000000000000000000e+00,-3.094163542851395901e-02,0.000000000000000000e+00,-0.000000000000000000e+00,-0.000000000000000000e+00,-0.000000000000000000e+00,-0.000000000000000000e+00,-0.000000000000000000e+00,0.000000000000000000e+00,-2.152151748267098607e-03,-0.000000000000000000e+00,0.000000000000000000e+00,0.000000000000000000e+00,-0.000000000000000000e+00,-0.000000000000000000e+00,-0.000000000000000000e+00,0.000000000000000000e+00,-0.000000000000000000e+00,-5.290006551017218533e-02
3.214493456105266961e-02,1.589717026755494214e-02,3.588725725086276686e-02,-0.000000000000000000e+00,0.000000000000000000e+00,-2.385419575308652188e-02,-4.393680206407268168e-02,-0.000000000000000000e+00,1.105502904824587906e-01,6.771264055917539104e-02,-6.796893369654838368e-02,1.678236995657444441e-01,-0.000000000000000000e+00,0.000000000000000000e+00,8.538967081967031858e-02,4.701563155526868043e-02,0.000000000000000000e+00,3.647680509624545708e-02,1.508290824273637698e+00,1.226192924896807174e-01,6.610940842747486945e-02,9.819125460358796298e-02,0.000000000000000000e+00,0.000000000000000000e+00,0.000000000000000000e+00,0.000000000000000000e+00,0.000000000000000000e+00,0.000000000000000000e+00,-0.000000000000000000e+00,7.689498512241206563e-02,0.000000000000000000e+00,-7.852715230880859265e-02,-0.000000000000000000e+00,9.932318847448130816e-02,0.000000000000000000e+00,0.000000000000000000e+00,0.000000000000000000e+00,9.001341326076474358e-02,1.224693526532131399e-01
-3.819705053908032527e-02,-5.459992315158809307e-04,-1.075295629938607528e-01,0.000000000000000000e+00,-0.000000000000000000e+00,0.000000000000000000e+00,4.223093261073920107e-02,7.748077669100911224e-02,-9.809380671322948109e-02,-5.496056437379463755e-02,0.000000000000000000e+00,-1.351026728983486802e-01,0.000000000000000000e+00,-0.000000000000000000e+00,-8.753567600886939803e-02,-5.867301326932771594e-02,-0.000000000000000000e+00,-0.000000000000000000e+00,1.226192924896807174e-01,1.531049670443207722e+00,-1.007790475110162398e-01,-1.220307148289670740e-01,-0.000000000000000000e+00,-0.000000000000000000e+00,-0.000000000000000000e+00,-3.238090466547114549e-02,-0.000000000000000000e+00,-0.000000000000000000e+00,0.000000000000000000e+00,-8.522626209520484108e-02,-0.000000000000000000e+00,0.000000000000000000e+00,0.000000000000000000e+00,-1.022063196553174291e-01,-0.000000000000000000e+00,-0.000000000000000000e+00,-0.000000000000000000e+00,-8.589898739092467761e-02,-9.748581463822633686e-02
-1.093568503348626569e-01,-0.000000000000000000e+00,-1.469888262524124412e-01,0.000000000000000000e+00,-8.790526171033391512e-02,0.000000000000000000e+00,1.430617654474848795e-02,1.627499602614304319e-01,-6.553866402141036995e-02,-4.815946400864051097e-02,0.000000000000000000e+00,-6.896174842603483568e-02,0.000000000000000000e+00,-0.000000000000000000e+00,-4.427285299617298581e-02,-7.881541003941955337e-02,-7.315831116161874981e-02,-0.000000000000000000e+00,6.610940842747486945e-02,-1.007790475110162398e-01,1.485989348713405711e+00,-1.397596563892398169e-01,-0.000000000000000000e+00,-0.000000000000000000e+00,-0.000000000000000000e+00,-0.000000000000000000e+00,-0.000000000000000000e+00,-0.000000000000000000e+00,0.000000000000000000e+00,-4.212111823687431783e-02,-0.000000000000000000e+00,0.000000000000000000e+00,0.000000000000000000e+00,-0.000000000000000000e+00,-2.878807613267483564e-02,-0.000000000000000000e+00,-0.000000000000000000e+00,-7.494052678848076021e-02,-4.608318470190696930e-02
-4.521348677081245271e-02,-5.381355222474928229e-02,-1.394711949185877542e-01,0.000000000000000000e+00,-0.000000000000000000e+00,0.000000000000000000e+00,0.000000000000000000e+00,1.443100048309354511e-01,-7.775539333396286334e-02,-6.420589600248345630e-02,0.000000000000000000e+00,-1.051301969216497795e-01,0.000000000000000000e+00,-0.000000000000000000e+00,-6.583522461986193730e-02,-5.025454367622526203e-02,-2.252762651259392068e-02,-3.094163542851395901e-02,9.819125460358796298e-02,-1.220307148289670740e-01,-1.397596563892398169e-01,1.538078223280895163e+00,-0.000000000000000000e+00,-0.000000000000000000e+00,-0.000000000000000000e+00,-3.261326824624782850e-02,-0.000000000000000000e+00,-0.000000000000000000e+00,0.000000000000000000e+00,-6.615587918500952236e-02,-0.000000000000000000e+00,0.000000000000000000e+00,0.000000000000000000e+00,-7.127554012779485637e-02,-0.000000000000000000e+00,-1.550989775191398932e-02,-0.000000000000000000e+00,-6.608843252783473676e-02,-9.215428124301670854e-02
-0.000000000000000000e+00,-0.000000000000000000e+00,-0.000000000000000000e+00,0.000000000000000000e+00,-0.000000000000000000e+00,-0.000000000000000000e+00,0.000000000000000000e+00,0.000000000000000000e+00,-0.000000000000000000e+00,-0.000000000000000000e+00,0.000000000000000000e+00,-0.000000000000000000e+00,0.000000000000000000e+00,-1.363201950401520257e-01,-0.000000000000000000e+00,-0.000000000000000000e+00,-0.000000000000000000e+00,0.000000000000000000e+00,0.000000000000000000e+00,-0.000000000000000000e+00,-0.000000000000000000e+00,-0.000000000000000000e+00,1.018250128647266495e+00,-0.000000000000000000e+00,-0.000000000000000000e+00,-0.000000000000000000e+00,-0.000000000000000000e+00,-0.000000000000000000e+00,-0.000000000000000000e+00,-0.000000000000000000e+00,-0.000000000000000000e+00,0.000000000000000000e+00,-0.000000000000000000e+00,-0.000000000000000000e+00,-0.000000000000000000e+00,-0.000000000000000000e+00,-0.000000000000000000e+00,-0.000000000000000000e+00,-0.000000000000000000e+00
-0.000000000000000000e+00,-0.000000000000000000e+00,-0.000000000000000000e+00,0.000000000000000000e+00,-3.891967555858313887e-02,0.000000000000000000e+00,0.000000000000000000e+00,0.000000000000000000e+00,-0.000000000000000000e+00,-0.000000000000000000e+00,0.000000000000000000e+00,-0.000000000000000000e+00,0.000000000000000000e+00,-0.000000000000000000e+00,-0.000000000000000000e+00,-0.000000000000000000e+00,-4.484358585533191471e-02,-0.000000000000000000e+00,0.000000000000000000e+00,-0.000000000000000000e+00,-0.000000000000000000e+00,-0.000000000000000000e+00,-0.000000000000000000e+00,1.007778254537447404e+00,-0.000000000000000000e+00,-0.000000000000000000e+00,-0.000000000000000000e+00,-0.000000000000000000e+00,-0.000000000000000000e+00,-0.000000000000000000e+00,-0.000000000000000000e+00,0.000000000000000000e+00,-0.000000000000000000e+00,-0.000000000000000000e+00,-4.797321779143611659e-02,-0.000000000000000000e+00,-0.000000000000000000e+00,-0.000000000000000000e+00,-0.000000000000000000e+00
-0.000000000000000000e+00,-0.000000000000000000e+00,-0.000000000000000000e+00,0.000000000000000000e+00,-1.747611622513410568e-01,0.000000000000000000e+00,0.000000000000000000e+00,0.000000000000000000e+00,-0.000000000000000000e+00,-0.000000000000000000e+00,0.000000000000000000e+00,-0.000000000000000000e+00,0.000000000000000000e+00,-0.000000000000000000e+00,-0.000000000000000000e+00,-0.000000000000000000e+00,-0.000000000000000000e+00,-0.000000000000000000e+00,0.000000000000000000e+00,-0.000000000000000000e+00,-0.000000000000000000e+00,-0.000000000000000000e+00,-0.000000000000000000e+00,-0.000000000000000000e+00,1.030489710498844191e+00,-6.957624011782846327e-03,-0.000000000000000000e+00,-0.000000000000000000e+00,-0.000000000000000000e+00,-0.000000000000000000e+00,-0.000000000000000000e+00,0.000000000000000000e+00,-0.000000000000000000e+00,-0.000000000000000000e+00,-0.000000000000000000e+00,-0.000000000000000000e+00,-0.000000000000000000e+00,-0.000000000000000000e+00,-0.000000000000000000e+00
-5.699547471259157339e-02,-6.927417559562404348e-02,-5.932257465275667802e-02,5.820621068227219835e-02,-1.773926489928742967e-01,0.000000000000000000e+00,0.000000000000000000e+00,2.220779745367480740e-02,-4.447460634880975178e-02,-7.356061826279851334e-02,0.000000000000000000e+00,-0.000000000000000000e+00,0.000000000000000000e+00,-2.389229567126882961e-02,-5.224697083242636243e-03,-1.118729027562453127e-01,-2.860307654380099887e-02,-0.000000000000000000e+00,0.000000000000000000e+00,-3.238090466547114549e-02,-0.000000000000000000e+00,-3.261326824624782850e-02,-0.000000000000000000e+00,-0.000000000000000000e+00,-6.957624011782846327e-03,1.387425082180690827e+00,-1.084353556896511424e-02,-1.599003429329906023e-01,-0.000000000000000000e+00,-5.576443115430940872e-02,-0.000000000000000000e+00,0.000000000000000000e+00,0.000000000000000000e+00,-1.180700655976315606e-02,-1.252180869168954547e-01,-1.267098750052096379e-01,-0.000000000000000000e+00,-6.819490428670113569e-02,-2.664673124927656803e-02
-0.000000000000000000e+00,-1.352324732303482498e-02,-0.000000000000000000e+00,0.000000000000000000e+00,-0.000000000000000000e+00,0.000000000000000000e+00,0.000000000000000000e+00,0.000000000000000000e+00,-0.000000000000000000e+00,-0.000000000000000000e+00,-0.000000000000000000e+00,-0.000000000000000000e+00,0.000000000000000000e+00,-0.000000000000000000e+00,-0.000000000000000000e+00,-0.000000000000000000e+00,-0.000000000000000000e+00,-0.000000000000000000e+00,0.000000000000000000e+00,-0.000000000000000000e+00,-0.000000000000000000e+00,-0.000000000000000000e+00,-0.000000000000000000e+00,-0.000000000000000000e+00,-0.000000000000000000e+00,-1.084353556896511424e-02,1.088766919586945381e+00,-1.427401606539876744e-01,-0.000000000000000000e+00,-0.000000000000000000e+00,-2.466164726720171674e-01,0.000000000000000000e+00,-0.000000000000000000e+00,-0.000000000000000000e+00,-0.000000000000000000e+00,-1.608980130230473760e-02,-0.000000000000000000e+00,-0.000000000000000000e+00,-0.000000000000000000e+00
-0.000000000000000000e+00,-0.000000000000000000e+00,-3.317846136143828145e-02,2.071902546253816535e-01,-0.000000000000000000e+00,0.000000000000000000e+00,0.000000000000000000e+00,8.105985864512310624e-02,-0.000000000000000000e+00,-0.000000000000000000e+00,0.000000000000000000e+00,-0.000000000000000000e+00,0.000000000000000000e+00,-6.612944818218487175e-02,-0.000000000000000000e+00,-0.000000000000000000e+00,-0.000000000000000000e+00,-0.000000000000000000e+00,0.000000000000000000e+00,-0.000000000000000000e+00,-0.000000000000000000e+00,-0.000000000000000000e+00,-0.000000000000000000e+00,-0.000000000000000000e+00,-0.000000000000000000e+00,-1.599003429329906023e-01,-1.427401606539876744e-01,1.183651641054175085e+00,-0.000000000000000000e+00,-0.000000000000000000e+00,-1.265277072801835323e-01,0.000000000000000000e+00,-0.000000000000000000e+00,-0.000000000000000000e+00,-0.000000000000000000e+00,-1.278654251386044660e-01,-0.000000000000000000e+00,-0.000000000000000000e+00,-0.000000000000000000e+00
0.000000000000000000e+00,0.000000000000000000e+00,0.000000000000000000e+00,0.000000000000000000e+00,0.000000000000000000e+00,-0.000000000000000000e+00,-0.000000000000000000e+00,0.000000000000000000e+00,0.000000000000000000e+00,0.000000000000000000e+00,-0.000000000000000000e+00,0.000000000000000000e+00,-0.000000000000000000e+00,-0.000000000000000000e+00,0.000000000000000000e+00,0.000000000000000000e+00,-0.000000000000000000e+00,0.000000000000000000e+00,-0.000000000000000000e+00,0.000000000000000000e+00,0.000000000000000000e+00,0.000000000000000000e+00,-0.000000000000000000e+00,-0.000000000000000000e+00,-0.000000000000000000e+00,-0.000000000000000000e+00,-0.000000000000000000e+00,-0.000000000000000000e+00,1.000000000000000222e+00,0.000000000000000000e+00,-0.000000000000000000e+00,-0.000000000000000000e+00,-0.000000000000000000e+00,0.000000000000000000e+00,-0.000000000000000000e+00,-0.000000000000000000e+00,-0.000000000000000000e+00,0.000000000000000000e+00,0.000000000000000000e+00
-5.167243343385771043e-02,-8.109026790321315070e-02,-6.385351191895860534e-02,0.000000000000000000e+00,-1.997410352792152247e-02,9.644742489932082996e-02,7.981731146060067061e-02,2.030544288432366978e-02,-1.151503451266628480e-01,-1.143955464644606651e-01,0.000000000000000000e+00,-9.052990218483912555e-02,1.313706311433548860e-03,-0.000000000000000000e+00,-1.214524919412063447e-01,-9.661594304453498261e-02,-1.161360253862657975e-02,-2.152151748267098607e-03,7.689498512241206563e-02,-8.522626209520484108e-02,-4.212111823687431783e-02,-6.615587918500952236e-02,-0.000000000000000000e+00,-0.000000000000000000e+00,-0.000000000000000000e+00,-5.576443115430940872e-02,-0.000000000000000000e+00,-0.000000000000000000e+00,0.000000000000000000e+00,1.607913961479365383e+00,-0.000000000000000000e+00,4.182671597393344126e-02,0.000000000000000000e+00,-1.043126790467255871e-01,-2.436142756246632499e-02,-1.781133203780108087e-02,-0.000000000000000000e+00,-1.101991485743676752e-01,-1.136317422821192386e-01
-0.000000000000000000e+00,-0.000000000000000000e+00,-0.000000000000000000e+00,0.000000000000000000e+00,-0.000000000000000000e+00,0.000000000000000000e+00,0.000000000000000000e+00,4.145533793080298512e-02,-0.000000000000000000e+00,-0.000000000000000000e+00,-0.000000000000000000e+00,-0.000000000000000000e+00,0.000000000000000000e+00,-0.000000000000000000e+00,-0.000000000000000000e+00,-0.000000000000000000e+00,-0.000000000000000000e+00,-0.000000000000000000e+00,0.000000000000000000e+00,-0.000000000000000000e+00,-0.000000000000000000e+00,-0.000000000000000000e+00,-0.000000000000000000e+00,-0.000000000000000000e+00,-0.000000000000000000e+00,-0.000000000000000000e+00,-2.466164726720171674e-01,-1.265277072801835323e-01,-0.000000000000000000e+00,-0.000000000000000000e+00,1.085230267524219805e+00,0.000000000000000000e+00,-0.000000000000000000e+00,-0.000000000000000000e+00,-0.000000000000000000e+00,-0.000000000000000000e+00,-0.000000000000000000e+00,-0.000000000000000000e+00,-0.000000000000000000e+00
0.000000000000000000e+00,0.000000000000000000e+00,0.000000000000000000e+00,-0.000000000000000000e+00,0.000000000000000000e+00,-0.000000000000000000e+00,-2.366181471391036115e-02,-0.000000000000000000e+00,8.407388763751043326e-02,0.000000000000000000e+00,-8.909026466983560599e-02,6.949532240556673124e-02,-0.000000000000000000e+00,0.000000000000000000e+00,4.367496521838966361e-02,2.548380444759931057e-02,0.000000000000000000e+00,0.000000000000000000e+00,-7.852715230880859265e-02,0.000000000000000000e+00,0.000000000000000000e+00,0.000000000000000000e+00,0.000000000000000000e+00,0.000000000000000000e+00,0.000000000000000000e+00,0.000000000000000000e+00,0.000000000000000000e+00,0.000000000000000000e+00,-0.000000000000000000e+00,4.182671597393344126e-02,0.000000000000000000e+00,1.146292440136159385e+00,-7.337293280656217997e-02,3.066991151276846420e-02,0.000000000000000000e+00,0.000000000000000000e+00,-0.000000000000000000e+00,6.325677283741666657e-02,9.121515770545284008e-02
0.000000000000000000e+00,0.000000000000000000e+00,0.000000000000000000e+00,0.000000000000000000e+00,0.000000000000000000e+00,-0.000000000000000000e+00,-3.616933523323774199e-03,-0.000000000000000000e+00,0.000000000000000000e+00,0.000000000000000000e+00,-5.202602102625154129e-02,0.000000000000000000e+00,-0.000000000000000000e+00,-0.000000000000000000e+00,0.000000000000000000e+00,0.000000000000000000e+00,0.000000000000000000e+00,0.000000000000000000e+00,-0.000000000000000000e+00,0.000000000000000000e+00,0.000000000000000000e+00,0.000000000000000000e+00,-0.000000000000000000e+00,-0.000000000000000000e+00,-0.000000000000000000e+00,0.000000000000000000e+00,-0.000000000000000000e+00,-0.000000000000000000e+00,-0.000000000000000000e+00,0.000000000000000000e+00,-0.000000000000000000e+00,-7.337293280656217997e-02,1.012352973553211521e+00,4.011477562268730979e-02,0.000000000000000000e+00,0.000000000000000000e+00,-0.000000000000000000e+00,0.000000000000000000e+00,0.000000000000000000e+00
-0.000000000000000000e+00,-0.000000000000000000e+00,-1.584834691506285852e-03,0.000000000000000000e+00,-0.000000000000000000e+00,0.000000000000000000e+00,2.164094894285186962e-02,0.000000000000000000e+00,-1.520017825995068628e-01,-2.751932962889174633e-02,0.000000000000000000e+00,-1.195268565103416170e-01,1.374204441673707901e-02,-0.000000000000000000e+00,-0.000000000000000000e+00,-2.400433281810418831e-02,-0.000000000000000000e+00,-0.000000000000000000e+00,9.932318847448130816e-02,-1.022063196553174291e-01,-0.000000000000000000e+00,-7.127554012779485637e-02,-0.000000000000000000e+00,-0.000000000000000000e+00,-0.000000000000000000e+00,-1.180700655976315606e-02,-0.000000000000000000e+00,-0.000000000000000000e+00,0.000000000000000000e+00,-1.043126790467255871e-01,-0.000000000000000000e+00,3.066991151276846420e-02,4.011477562268730979e-02,1.302803398214520403e+00,-0.000000000000000000e+00,-0.000000000000000000e+00,-0.000000000000000000e+00,-7.555665957085748452e-02,-9.776781519356912697e-02
-1.056682878616552745e-01,-0.000000000000000000e+00,-6.518236834717296146e-02,0.000000000000000000e+00,-2.468968305771433724e-02,0.000000000000000000e+00,0.000000000000000000e+00,1.494313101737560802e-02,-4.341017587689490788e-03,-2.495980234385708832e-02,0.000000000000000000e+00,-0.000000000000000000e+00,1.166187897080552677e-01,-0.000000000000000000e+00,-2.244179381372714017e-03,-7.276698803929587678e-02,-0.000000000000000000e+00,-0.000000000000000000e+00,0.000000000000000000e+00,-0.000000000000000000e+00,-2.878807613267483564e-02,-0.000000000000000000e+00,-0.000000000000000000e+00,-4.797321779143611659e-02,-0.000000000000000000e+00,-1.252180869168954547e-01,-0.000000000000000000e+00,-0.000000000000000000e+00,-0.000000000000000000e+00,-2.436142756246632499e-02,-0.000000000000000000e+00,0.000000000000000000e+00,0.000000000000000000e+00,-0.000000000000000000e+00,1.161729723023609440e+00,-0.000000000000000000e+00,-1.710324517272151512e-01,-3.966327235815032132e-02,-0.000000000000000000e+00
-1.027025784335065528e-01,-1.222273497180818430e-01,-9.219243395671736230e-02,2.400526572393816768e-02,-1.111745339914806119e-01,0.000000000000000000e+00,0.000000000000000000e+00,1.014229232744134485e-01,-2.523447462644141936e-02,-6.831339023252906706e-02,0.000000000000000000e+00,-0.000000000000000000e+00,0.000000000000000000e+00,-0.000000000000000000e+00,-0.000000000000000000e+00,-4.271898402284670521e-02,-0.000000000000000000e+00,-0.000000000000000000e+00,0.000000000000000000e+00,-0.000000000000000000e+00,-0.000000000000000000e+00,-1.550989775191398932e-02,-0.000000000000000000e+00,-0.000000000000000000e+00,-0.000000000000000000e+00,-1.267098750052096379e-01,-1.608980130230473760e-02,-1.278654251386044660e-01,-0.000000000000000000e+00,-1.781133203780108087e-02,-0.000000000000000000e+00,0.000000000000000000e+00,0.000000000000000000e+00,-0.000000000000000000e+00,-0.000000000000000000e+00,1.268154366671998767e+00,-0.000000000000000000e+00,-1.145045429824154831e-02,-8.244335132583084256e-04
-0.000000000000000000e+00,-0.000000000000000000e+00,-0.000000000000000000e+00,0.000000000000000000e+00,-0.000000000000000000e+00,0.000000000000000000e+00,0.000000000000000000e+00,0.000000000000000000e+00,-0.000000000000000000e+00,-0.000000000000000000e+00,0.000000000000000000e+00,-0.000000000000000000e+00,0.000000000000000000e+00,-0.000000000000000000e+00,-0.000000000000000000e+00,-0.000000000000000000e+00,-0.000000000000000000e+00,0.000000000000000000e+00,0.000000000000000000e+00,-0.000000000000000000e+00,-0.000000000000000000e+00,-0.000000000000000000e+00,-0.000000000000000000e+00,-0.000000000000000000e+00,-0.000000000000000000e+00,-0.000000000000000000e+00,-0.000000000000000000e+00,-0.000000000000000000e+00,-0.000000000000000000e+00,-0.000000000000000000e+00,-0.000000000000000000e+00,-0.000000000000000000e+00,-0.000000000000000000e+00,-0.000000000000000000e+00,-1.710324517272151512e-01,-0.000000000000000000e+00,1.028443086114635641e+00,-0.000000000000000000e+00,-0.000000000000000000e+00
-8.812896938565806249e-02,-4.152291043206060572e-02,-5.753563574853676199e-02,0.000000000000000000e+00,-4.745977391368551290e-02,3.945868751206950409e-02,8.278724080459462509e-02,3.620100743439007198e-03,-1.156756590507295734e-01,-1.002931900631084255e-01,0.000000000000000000e+00,-9.472597325256480738e-02,2.604199713014321640e-02,-0.000000000000000000e+00,-1.186686779857335922e-01,-1.123525146827167170e-01,-4.102737500640030871e-02,-0.000000000000000000e+00,9.001341326076474358e-02,-8.589898739092467761e-02,-7.494052678848076021e-02,-6.608843252783473676e-02,-0.000000000000000000e+00,-0.000000000000000000e+00,-0.000000000000000000e+00,-6.819490428670113569e-02,-0.000000000000000000e+00,-0.000000000000000000e+00,0.000000000000000000e+00,-1.101991485743676752e-01,-0.000000000000000000e+00,6.325677283741666657e-02,0.000000000000000000e+00,-7.555665957085748452e-02,-3.966327235815032132e-02,-1.145045429824154831e-02,-0.000000000000000000e+00,1.631033130483483085e+00,-1.132947555157196168e-01
-3.570464665277685995e-02,-4.909828517739311254e-02,-5.357568521292706276e-02,0.000000000000000000e+00,-0.000000000000000000e+00,7.512284748432722370e-02,4.657453610579250641e-02,0.000000000000000000e+00,-1.252176749733995564e-01,-1.067274033369789432e-01,2.037715286293425784e-02,-1.071844409555654104e-01,0.000000000000000000e+00,-0.000000000000000000e+00,-1.215301156421809692e-01,-9.056515599557413143e-02,-2.319794348250707114e-02,-5.290006551017218533e-02,1.224693526532131399e-01,-9.748581463822633686e-02,-4.608318470190696930e-02,-9.215428124301670854e-02,-0.000000000000000000e+00,-0.000000000000000000e+00,-0.000000000000000000e+00,-2.664673124927656803e-02,-0.000000000000000000e+00,-0.000000000000000000e+00,0.000000000000000000e+00,-1.136317422821192386e-01,-0.000000000000000000e+00,9.121515770545284008e-02,0.000000000000000000e+00,-9.776781519356912697e-02,-0.000000000000000000e+00,-8.244335132583084256e-04,-0.000000000000000000e+00,-1.132947555157196168e-01,1.605752507064088785e+00
