1.695311241216122866e+00,-3.815440578055849796e-01,-0.000000000000000000e+00,-0.000000000000000000e+00,-1.129450543140988195e-01,-0.000000000000000000e+00,0.000000000000000000e+00,0.000000000000000000e+00,-0.000000000000000000e+00,-0.000000000000000000e+00,-0.000000000000000000e+00,0.000000000000000000e+00,-0.000000000000000000e+00,-0.000000000000000000e+00,0.000000000000000000e+00,-3.118406794132507209e-01,-0.000000000000000000e+00,-0.000000000000000000e+00,-0.000000000000000000e+00,-0.000000000000000000e+00,-0.000000000000000000e+00,-0.000000000000000000e+00,-3.344833059510725348e-02,-5.542320213766181031e-02,-0.000000000000000000e+00,0.000000000000000000e+00,0.000000000000000000e+00,-0.000000000000000000e+00,-0.000000000000000000e+00,-0.000000000000000000e+00,-0.000000000000000000e+00,-2.305466006898458098e-01,-0.000000000000000000e+00,-0.000000000000000000e+00,-0.000000000000000000e+00,-3.994541148149176601e-01,-0.000000000000000000e+00,-0.000000000000000000e+00,-0.000000000000000000e+00
-3.815440578055849796e-01,2.376531466618643673e+00,-0.000000000000000000e+00,-0.000000000000000000e+00,-0.000000000000000000e+00,-0.000000000000000000e+00,0.000000000000000000e+00,0.000000000000000000e+00,-1.922707017099725135e-01,-3.032043299425537519e-01,-0.000000000000000000e+00,0.000000000000000000e+00,-0.000000000000000000e+00,-1.346559212471304667e-01,0.000000000000000000e+00,-3.930142314941443282e-01,-1.290641989491854991e-01,-0.000000000000000000e+00,-2.504184425827517546e-01,-0.000000000000000000e+00,-0.000000000000000000e+00,-0.000000000000000000e+00,-2.326791377977746322e-01,-1.954103040560456195e-01,-0.000000000000000000e+00,1.344894526532597057e-01,0.000000000000000000e+00,0.000000000000000000e+00,-0.000000000000000000e+00,-8.208640734122878146e-02,-0.000000000000000000e+00,-0.000000000000000000e+00,0.000000000000000000e+00,-0.000000000000000000e+00,-6.388720917122944765e-02,-0.000000000000000000e+00,-0.000000000000000000e+00,-0.000000000000000000e+00,-0.000000000000000000e+00
-0.000000000000000000e+00,-0.000000000000000000e+00,2.377463510293404969e+00,-0.000000000000000000e+00,-3.718170165850242515e-01,0.000000000000000000e+00,-0.000000000000000000e+00,1.022429256019179888e+00,-0.000000000000000000e+00,-3.402421998544871706e-02,-0.000000000000000000e+00,0.000000000000000000e+00,-1.894548636974683342e-01,-0.000000000000000000e+00,0.000000000000000000e+00,-5.844361769791551336e-02,-0.000000000000000000e+00,-0.000000000000000000e+00,-0.000000000000000000e+00,-0.000000000000000000e+00,-1.015513297170342472e-01,-6.029665449260025734e-02,-1.264058937994959331e-01,-0.000000000000000000e+00,-0.000000000000000000e+00,0.000000000000000000e+00,-0.000000000000000000e+00,-0.000000000000000000e+00,0.000000000000000000e+00,-3.999036045811013053e-03,-1.546805183729356714e-01,-0.000000000000000000e+00,-0.000000000000000000e+00,0.000000000000000000e+00,-0.000000000000000000e+00,-0.000000000000000000e+00,-0.000000000000000000e+00,-1.022456351327783314e-01,-1.628247746560527454e-01
-0.000000000000000000e+00,-0.000000000000000000e+00,-0.000000000000000000e+00,1.859046495433457791e+00,-0.000000000000000000e+00,0.000000000000000000e+00,-1.114831371493319040e-01,0.000000000000000000e+00,-0.000000000000000000e+00,-4.841003337594227546e-02,0.000000000000000000e+00,0.000000000000000000e+00,-0.000000000000000000e+00,-0.000000000000000000e+00,2.983788029369568995e-01,-0.000000000000000000e+00,-0.000000000000000000e+00,-3.537886840128233734e-01,-0.000000000000000000e+00,-3.959347834786563353e-02,-0.000000000000000000e+00,-0.000000000000000000e+00,-0.000000000000000000e+00,-0.000000000000000000e+00,0.000000000000000000e+00,3.293063544781280050e-01,-0.000000000000000000e+00,1.870781900717515822e-01,0.000000000000000000e+00,-6.915132255732570066e-02,-0.000000000000000000e+00,0.000000000000000000e+00,1.962144441042969201e-02,1.610331903651377183e-01,-0.000000000000000000e+00,0.000000000000000000e+00,0.000000000000000000e+00,-0.000000000000000000e+00,-2.240662003111495160e-01
-1.129450543140988195e-01,-0.000000000000000000e+00,-3.718170165850242515e-01,-0.000000000000000000e+00,1.597975862750164122e+00,0.000000000000000000e+00,-0.000000000000000000e+00,2.448700655220246158e-01,-0.000000000000000000e+00,-0.000000000000000000e+00,-0.000000000000000000e+00,0.000000000000000000e+00,-0.000000000000000000e+00,-0.000000000000000000e+00,0.000000000000000000e+00,-8.205037790107519435e-02,-0.000000000000000000e+00,-0.000000000000000000e+00,-0.000000000000000000e+00,-0.000000000000000000e+00,-0.000000000000000000e+00,-0.000000000000000000e+00,-0.000000000000000000e+00,-0.000000000000000000e+00,-0.000000000000000000e+00,-0.000000000000000000e+00,-2.933540208860496365e-02,-0.000000000000000000e+00,0.000000000000000000e+00,-0.000000000000000000e+00,-5.118576888157545801e-02,-0.000000000000000000e+00,-6.474817998324297261e-03,-0.000000000000000000e+00,-0.000000000000000000e+00,-1.123055419219588097e-01,-0.000000000000000000e+00,-3.317789079498762450e-01,-7.320740755094677817e-03
-0.000000000000000000e+00,-0.000000000000000000e+00,0.000000000000000000e+00,0.000000000000000000e+00,0.000000000000000000e+00,1.194400309637462465e+00,2.283098670410978887e-02,-0.000000000000000000e+00,-0.000000000000000000e+00,0.000000000000000000e+00,-1.605202257955306855e-01,0.000000000000000000e+00,-0.000000000000000000e+00,-0.000000000000000000e+00,-0.000000000000000000e+00,-0.000000000000000000e+00,-2.599205679612617836e-01,0.000000000000000000e+00,-0.000000000000000000e+00,0.000000000000000000e+00,-0.000000000000000000e+00,0.000000000000000000e+00,-0.000000000000000000e+00,0.000000000000000000e+00,-4.176285400418214971e-02,-0.000000000000000000e+00,5.625614729742378639e-02,-0.000000000000000000e+00,-1.445498119550838734e-01,0.000000000000000000e+00,-0.000000000000000000e+00,-0.000000000000000000e+00,-2.280661207199610567e-03,-1.979068157139009590e-02,-0.000000000000000000e+00,-2.442872668243430828e-02,-5.553444798756131118e-02,0.000000000000000000e+00,0.000000000000000000e+00
0.000000000000000000e+00,0.000000000000000000e+00,-0.000000000000000000e+00,-1.114831371493319040e-01,-0.000000000000000000e+00,2.283098670410978887e-02,1.207219655282748993e+00,0.000000000000000000e+00,-0.000000000000000000e+00,-0.000000000000000000e+00,0.000000000000000000e+00,0.000000000000000000e+00,-0.000000000000000000e+00,0.000000000000000000e+00,0.000000000000000000e+00,-0.000000000000000000e+00,0.000000000000000000e+00,-1.034397047799879704e-01,0.000000000000000000e+00,-1.081856249141355773e-02,-0.000000000000000000e+00,-0.000000000000000000e+00,0.000000000000000000e+00,-0.000000000000000000e+00,1.063752320905275717e-01,0.000000000000000000e+00,-1.040751139132668618e-01,0.000000000000000000e+00,1.398380132539392973e-01,-0.000000000000000000e+00,-0.000000000000000000e+00,0.000000000000000000e+00,0.000000000000000000e+00,1.845549608138042363e-01,0.000000000000000000e+00,0.000000000000000000e+00,0.000000000000000000e+00,-1.332913798963404894e-01,-9.261943077227273446e-02
0.000000000000000000e+00,0.000000000000000000e+00,1.022429256019179888e+00,0.000000000000000000e+00,2.448700655220246158e-01,-0.000000000000000000e+00,0.000000000000000000e+00,2.029938104567771795e+00,0.000000000000000000e+00,0.000000000000000000e+00,0.000000000000000000e+00,-0.000000000000000000e+00,1.120914826690832256e-01,0.000000000000000000e+00,-0.000000000000000000e+00,0.000000000000000000e+00,0.000000000000000000e+00,0.000000000000000000e+00,0.000000000000000000e+00,0.000000000000000000e+00,0.000000000000000000e+00,0.000000000000000000e+00,2.232314653378280611e-01,0.000000000000000000e+00,0.000000000000000000e+00,-0.000000000000000000e+00,0.000000000000000000e+00,0.000000000000000000e+00,-0.000000000000000000e+00,0.000000000000000000e+00,1.198316651345684158e-01,0.000000000000000000e+00,1.194004998688003201e-02,-0.000000000000000000e+00,0.000000000000000000e+00,0.000000000000000000e+00,0.000000000000000000e+00,0.000000000000000000e+00,2.417928020515442387e-03
-0.000000000000000000e+00,-1.922707017099725135e-01,-0.000000000000000000e+00,-0.000000000000000000e+00,-0.000000000000000000e+00,-0.000000000000000000e+00,-0.000000000000000000e+00,0.000000000000000000e+00,2.987973831611529629e+00,-3.627398489694368400e-01,-0.000000000000000000e+00,0.000000000000000000e+00,-2.036531267019668912e-01,-1.722005972405730306e-02,2.862852307138493702e-01,-3.340658837609631338e-01,-0.000000000000000000e+00,-1.518462030150212472e-01,-2.264279661913196351e-01,-0.000000000000000000e+00,-0.000000000000000000e+00,-4.453818514173168985e-02,-1.364176420028008763e-01,-1.083595034090125558e-01,-0.000000000000000000e+00,5.465511183647539517e-02,-0.000000000000000000e+00,0.000000000000000000e+00,0.000000000000000000e+00,-4.397764488631839552e-01,-1.326219604937795282e-01,-0.000000000000000000e+00,0.000000000000000000e+00,0.000000000000000000e+00,-0.000000000000000000e+00,-0.000000000000000000e+00,-0.000000000000000000e+00,-1.810536059517670049e-01,-2.721917787113846687e-01
-0.000000000000000000e+00,-3.032043299425537519e-01,-3.402421998544871706e-02,-4.841003337594227546e-02,-0.000000000000000000e+00,0.000000000000000000e+00,-0.000000000000000000e+00,0.000000000000000000e+00,-3.627398489694368400e-01,2.957146720623271996e+00,-0.000000000000000000e+00,5.349186161708117081e-03,-1.118692687582293205e-01,-0.000000000000000000e+00,2.073916184426999043e-01,-3.802170681874330604e-01,-0.000000000000000000e+00,-1.201199751588664238e-01,-1.713368536032110756e-01,-0.000000000000000000e+00,-0.000000000000000000e+00,-2.984324048495886131e-02,-6.858343019266838203e-02,-1.272189523062204897e-01,-0.000000000000000000e+00,8.955150299139094661e-02,-0.000000000000000000e+00,0.000000000000000000e+00,0.000000000000000000e+00,-3.483578938685297222e-01,-4.736327027995945738e-02,-0.000000000000000000e+00,0.000000000000000000e+00,0.000000000000000000e+00,-0.000000000000000000e+00,-0.000000000000000000e+00,-0.000000000000000000e+00,-2.392009807025942125e-01,-4.078896668504969902e-01
-0.000000000000000000e+00,-0.000000000000000000e+00,-0.000000000000000000e+00,0.000000000000000000e+00,-0.000000000000000000e+00,-1.605202257955306855e-01,0.000000000000000000e+00,0.000000000000000000e+00,-0.000000000000000000e+00,-0.000000000000000000e+00,1.474458762619329733e+00,0.000000000000000000e+00,-0.000000000000000000e+00,-1.696637426442048902e-01,0.000000000000000000e+00,-0.000000000000000000e+00,-4.830638961580815405e-01,-0.000000000000000000e+00,-6.247051282330486066e-02,0.000000000000000000e+00,-0.000000000000000000e+00,-0.000000000000000000e+00,-2.430064671671019333e-02,-0.000000000000000000e+00,-6.631068588722285884e-02,0.000000000000000000e+00,0.000000000000000000e+00,0.000000000000000000e+00,-0.000000000000000000e+00,-0.000000000000000000e+00,-0.000000000000000000e+00,-1.288061455436597669e-01,-0.000000000000000000e+00,-0.000000000000000000e+00,-7.725199087958213584e-02,-8.717484526411681256e-02,-0.000000000000000000e+00,-0.000000000000000000e+00,-0.000000000000000000e+00
0.000000000000000000e+00,0.000000000000000000e+00,0.000000000000000000e+00,0.000000000000000000e+00,0.000000000000000000e+00,0.000000000000000000e+00,0.000000000000000000e+00,-0.000000000000000000e+00,0.000000000000000000e+00,5.349186161708117081e-03,0.000000000000000000e+00,1.223452137897862002e+00,0.000000000000000000e+00,0.000000000000000000e+00,-2.365237201266136291e-01,0.000000000000000000e+00,0.000000000000000000e+00,0.000000000000000000e+00,2.750890675310876388e-01,0.000000000000000000e+00,0.000000000000000000e+00,0.000000000000000000e+00,0.000000000000000000e+00,0.000000000000000000e+00,0.000000000000000000e+00,-7.663802131492698788e-02,-0.000000000000000000e+00,-0.000000000000000000e+00,-0.000000000000000000e+00,0.000000000000000000e+00,0.000000000000000000e+00,-0.000000000000000000e+00,-0.000000000000000000e+00,-0.000000000000000000e+00,0.000000000000000000e+00,0.000000000000000000e+00,-0.000000000000000000e+00,4.805106086243771113e-02,0.000000000000000000e+00
-0.000000000000000000e+00,-0.000000000000000000e+00,-1.894548636974683342e-01,-0.000000000000000000e+00,-0.000000000000000000e+00,-0.000000000000000000e+00,-0.000000000000000000e+00,1.120914826690832256e-01,-2.036531267019668912e-01,-1.118692687582293205e-01,-0.000000000000000000e+00,0.000000000000000000e+00,2.173971000638629469e+00,-0.000000000000000000e+00,0.000000000000000000e+00,-2.685548754149902524e-03,-0.000000000000000000e+00,-1.473107416085448207e-01,-1.883665288148306943e-02,-0.000000000000000000e+00,-2.057537980874268035e-01,-4.457559314132568118e-01,-2.052605300377430553e-01,-0.000000000000000000e+00,-0.000000000000000000e+00,0.000000000000000000e+00,-0.000000000000000000e+00,-0.000000000000000000e+00,0.000000000000000000e+00,-1.167170796289842133e-01,-2.467559448353876528e-01,-0.000000000000000000e+00,-0.000000000000000000e+00,0.000000000000000000e+00,-0.000000000000000000e+00,-0.000000000000000000e+00,-0.000000000000000000e+00,-0.000000000000000000e+00,-1.388512612473963570e-01
-0.000000000000000000e+00,-1.346559212471304667e-01,-0.000000000000000000e+00,-0.000000000000000000e+00,-0.000000000000000000e+00,-0.000000000000000000e+00,0.000000000000000000e+00,0.000000000000000000e+00,-1.722005972405730306e-02,-0.000000000000000000e+00,-1.696637426442048902e-01,0.000000000000000000e+00,-0.000000000000000000e+00,1.983610622017048186e+00,0.000000000000000000e+00,-1.663367265853804844e-01,-1.444892432195943321e-01,-0.000000000000000000e+00,-3.203161222723086565e-01,-0.000000000000000000e+00,-0.000000000000000000e+00,-0.000000000000000000e+00,-3.162947360436900723e-01,-2.663732230629976550e-01,-1.663171930364448770e-01,0.000000000000000000e+00,0.000000000000000000e+00,0.000000000000000000e+00,-0.000000000000000000e+00,-0.000000000000000000e+00,-0.000000000000000000e+00,-0.000000000000000000e+00,-0.000000000000000000e+00,-0.000000000000000000e+00,-2.820097065942592240e-01,-9.388342734535390366e-02,-0.000000000000000000e+00,-0.000000000000000000e+00,-0.000000000000000000e+00
0.000000000000000000e+00,0.000000000000000000e+00,0.000000000000000000e+00,2.983788029369568995e-01,0.000000000000000000e+00,-0.000000000000000000e+00,0.000000000000000000e+00,-0.000000000000000000e+00,2.862852307138493702e-01,2.073916184426999043e-01,0.000000000000000000e+00,-2.365237201266136291e-01,0.000000000000000000e+00,0.000000000000000000e+00,2.443531011244342910e+00,0.000000000000000000e+00,0.000000000000000000e+00,5.649298622100371592e-01,2.550949036759854183e-01,0.000000000000000000e+00,0.000000000000000000e+00,4.249374924000980797e-02,0.000000000000000000e+00,7.078920346406220379e-03,0.000000000000000000e+00,-1.136953195618878726e-01,0.000000000000000000e+00,-0.000000000000000000e+00,-0.000000000000000000e+00,2.218324049205029347e-01,0.000000000000000000e+00,0.000000000000000000e+00,-0.000000000000000000e+00,-0.000000000000000000e+00,0.000000000000000000e+00,0.000000000000000000e+00,-0.000000000000000000e+00,1.571991223739528099e-01,1.157481602288772948e-01
-3.118406794132507209e-01,-3.930142314941443282e-01,-5.844361769791551336e-02,-0.000000000000000000e+00,-8.205037790107519435e-02,-0.000000000000000000e+00,-0.000000000000000000e+00,0.000000000000000000e+00,-3.340658837609631338e-01,-3.802170681874330604e-01,-0.000000000000000000e+00,0.000000000000000000e+00,-2.685548754149902524e-03,-1.663367265853804844e-01,0.000000000000000000e+00,2.790566466234353005e+00,-4.306496827088859836e-02,-0.000000000000000000e+00,-1.509992749142826107e-01,-0.000000000000000000e+00,-0.000000000000000000e+00,-0.000000000000000000e+00,-3.290508216947230502e-01,-2.131466254470843480e-01,-0.000000000000000000e+00,0.000000000000000000e+00,0.000000000000000000e+00,0.000000000000000000e+00,-0.000000000000000000e+00,-3.111078478768941613e-01,-2.068530822571807912e-02,-0.000000000000000000e+00,-0.000000000000000000e+00,0.000000000000000000e+00,-0.000000000000000000e+00,-0.000000000000000000e+00,-0.000000000000000000e+00,-5.613840301602911198e-02,-1.233502482565733555e-01
-0.000000000000000000e+00,-1.290641989491854991e-01,-0.000000000000000000e+00,-0.000000000000000000e+00,-0.000000000000000000e+00,-2.599205679612617836e-01,0.000000000000000000e+00,0.000000000000000000e+00,-0.000000000000000000e+00,-0.000000000000000000e+00,-4.830638961580815405e-01,0.000000000000000000e+00,-0.000000000000000000e+00,-1.444892432195943321e-01,0.000000000000000000e+00,-4.306496827088859836e-02,1.466383841631809792e+00,-0.000000000000000000e+00,-3.029127031238010304e-02,0.000000000000000000e+00,-0.000000000000000000e+00,-0.000000000000000000e+00,-0.000000000000000000e+00,-0.000000000000000000e+00,-0.000000000000000000e+00,0.000000000000000000e+00,6.404278951812040002e-03,0.000000000000000000e+00,-0.000000000000000000e+00,-0.000000000000000000e+00,-0.000000000000000000e+00,-0.000000000000000000e+00,0.000000000000000000e+00,-0.000000000000000000e+00,-0.000000000000000000e+00,-1.213621667013103089e-01,-0.000000000000000000e+00,-0.000000000000000000e+00,-0.000000000000000000e+00
-0.000000000000000000e+00,-0.000000000000000000e+00,-0.000000000000000000e+00,-3.537886840128233734e-01,-0.000000000000000000e+00,0.000000000000000000e+00,-1.034397047799879704e-01,0.000000000000000000e+00,-1.518462030150212472e-01,-1.201199751588664238e-01,-0.000000000000000000e+00,0.000000000000000000e+00,-1.473107416085448207e-01,-0.000000000000000000e+00,5.649298622100371592e-01,-0.000000000000000000e+00,-0.000000000000000000e+00,2.565426020952897623e+00,-0.000000000000000000e+00,-4.001488801387510785e-02,-0.000000000000000000e+00,-1.799520608044339887e-01,-0.000000000000000000e+00,-0.000000000000000000e+00,0.000000000000000000e+00,0.000000000000000000e+00,-0.000000000000000000e+00,0.000000000000000000e+00,0.000000000000000000e+00,-1.502724169291801970e-01,-1.440499365844397639e-01,-0.000000000000000000e+00,0.000000000000000000e+00,2.608490689393432871e-01,-0.000000000000000000e+00,-0.000000000000000000e+00,0.000000000000000000e+00,-2.987965483536942357e-01,-2.881857150648924892e-01
-0.000000000000000000e+00,-2.504184425827517546e-01,-0.000000000000000000e+00,-0.000000000000000000e+00,-0.000000000000000000e+00,-0.000000000000000000e+00,0.000000000000000000e+00,0.000000000000000000e+00,-2.264279661913196351e-01,-1.713368536032110756e-01,-6.247051282330486066e-02,2.750890675310876388e-01,-1.883665288148306943e-02,-3.203161222723086565e-01,2.550949036759854183e-01,-1.509992749142826107e-01,-3.029127031238010304e-02,-0.000000000000000000e+00,1.951962112736932209e+00,-0.000000000000000000e+00,-0.000000000000000000e+00,-0.000000000000000000e+00,-1.264292007696002917e-01,-0.000000000000000000e+00,-0.000000000000000000e+00,0.000000000000000000e+00,0.000000000000000000e+00,0.000000000000000000e+00,-0.000000000000000000e+00,-2.138938934264920152e-03,-0.000000000000000000e+00,-0.000000000000000000e+00,-0.000000000000000000e+00,0.000000000000000000e+00,-0.000000000000000000e+00,-0.000000000000000000e+00,-0.000000000000000000e+00,-0.000000000000000000e+00,-0.000000000000000000e+00
-0.000000000000000000e+00,-0.000000000000000000e+00,-0.000000000000000000e+00,-3.959347834786563353e-02,-0.000000000000000000e+00,0.000000000000000000e+00,-1.081856249141355773e-02,0.000000000000000000e+00,-0.000000000000000000e+00,-0.000000000000000000e+00,0.000000000000000000e+00,0.000000000000000000e+00,-0.000000000000000000e+00,-0.000000000000000000e+00,0.000000000000000000e+00,-0.000000000000000000e+00,0.000000000000000000e+00,-4.001488801387510785e-02,-0.000000000000000000e+00,1.026830245684346998e+00,-0.000000000000000000e+00,-3.239461619019869815e-02,-0.000000000000000000e+00,-0.000000000000000000e+00,0.000000000000000000e+00,0.000000000000000000e+00,-0.000000000000000000e+00,0.000000000000000000e+00,0.000000000000000000e+00,-0.000000000000000000e+00,-0.000000000000000000e+00,0.000000000000000000e+00,0.000000000000000000e+00,3.928150147623273719e-02,0.000000000000000000e+00,0.000000000000000000e+00,0.000000000000000000e+00,-6.349099771996662145e-02,-6.562139820557151559e-03
-0.000000000000000000e+00,-0.000000000000000000e+00,-1.015513297170342472e-01,-0.000000000000000000e+00,-0.000000000000000000e+00,-0.000000000000000000e+00,-0.000000000000000000e+00,0.000000000000000000e+00,-0.000000000000000000e+00,-0.000000000000000000e+00,-0.000000000000000000e+00,0.000000000000000000e+00,-2.057537980874268035e-01,-0.000000000000000000e+00,0.000000000000000000e+00,-0.000000000000000000e+00,-0.000000000000000000e+00,-0.000000000000000000e+00,-0.000000000000000000e+00,-0.000000000000000000e+00,1.355981636861122386e+00,-2.491561720561672466e-01,-0.000000000000000000e+00,-7.916856285949941396e-02,-6.159452741526592195e-02,0.000000000000000000e+00,-0.000000000000000000e+00,-0.000000000000000000e+00,-0.000000000000000000e+00,-0.000000000000000000e+00,-1.990020062269167167e-01,-0.000000000000000000e+00,-7.002694621081997917e-02,-0.000000000000000000e+00,-0.000000000000000000e+00,-0.000000000000000000e+00,-0.000000000000000000e+00,-0.000000000000000000e+00,-0.000000000000000000e+00
-0.000000000000000000e+00,-0.000000000000000000e+00,-6.029665449260025734e-02,-0.000000000000000000e+00,-0.000000000000000000e+00,0.000000000000000000e+00,-0.000000000000000000e+00,0.000000000000000000e+00,-4.453818514173168985e-02,-2.984324048495886131e-02,-0.000000000000000000e+00,0.000000000000000000e+00,-4.457559314132568118e-01,-0.000000000000000000e+00,4.249374924000980797e-02,-0.000000000000000000e+00,-0.000000000000000000e+00,-1.799520608044339887e-01,-0.000000000000000000e+00,-3.239461619019869815e-02,-2.491561720561672466e-01,2.012084092394443413e+00,-0.000000000000000000e+00,-0.000000000000000000e+00,-0.000000000000000000e+00,2.806923207281937782e-01,-0.000000000000000000e+00,0.000000000000000000e+00,0.000000000000000000e+00,-1.520476120659229602e-01,-2.134947875254766259e-01,-0.000000000000000000e+00,0.000000000000000000e+00,0.000000000000000000e+00,-0.000000000000000000e+00,0.000000000000000000e+00,0.000000000000000000e+00,-0.000000000000000000e+00,-2.171765081683651455e-01
-3.344833059510725348e-02,-2.326791377977746322e-01,-1.264058937994959331e-01,-0.000000000000000000e+00,-0.000000000000000000e+00,-0.000000000000000000e+00,0.000000000000000000e+00,2.232314653378280611e-01,-1.364176420028008763e-01,-6.858343019266838203e-02,-2.430064671671019333e-02,0.000000000000000000e+00,-2.052605300377430553e-01,-3.162947360436900723e-01,0.000000000000000000e+00,-3.290508216947230502e-01,-0.000000000000000000e+00,-0.000000000000000000e+00,-1.264292007696002917e-01,-0.000000000000000000e+00,-0.000000000000000000e+00,-0.000000000000000000e+00,2.397341900053404640e+00,-7.439818879264534224e-02,-2.978405578529371156e-01,0.000000000000000000e+00,-0.000000000000000000e+00,0.000000000000000000e+00,-0.000000000000000000e+00,-6.767094085715434637e-02,-2.681450763546631144e-01,-0.000000000000000000e+00,-0.000000000000000000e+00,-0.000000000000000000e+00,-7.830007881025949357e-02,-0.000000000000000000e+00,-0.000000000000000000e+00,-0.000000000000000000e+00,-0.000000000000000000e+00
-5.542320213766181031e-02,-1.954103040560456195e-01,-0.000000000000000000e+00,-0.000000000000000000e+00,-0.000000000000000000e+00,0.000000000000000000e+00,-0.000000000000000000e+00,0.000000000000000000e+00,-1.083595034090125558e-01,-1.272189523062204897e-01,-0.000000000000000000e+00,0.000000000000000000e+00,-0.000000000000000000e+00,-2.663732230629976550e-01,7.078920346406220379e-03,-2.131466254470843480e-01,-0.000000000000000000e+00,-0.000000000000000000e+00,-0.000000000000000000e+00,-0.000000000000000000e+00,-7.916856285949941396e-02,-0.000000000000000000e+00,-7.439818879264534224e-02,1.772723030530273247e+00,-0.000000000000000000e+00,0.000000000000000000e+00,-0.000000000000000000e+00,0.000000000000000000e+00,-0.000000000000000000e+00,-1.931150556559251275e-01,-2.019929686431679028e-01,-0.000000000000000000e+00,0.000000000000000000e+00,0.000000000000000000e+00,-1.773066793833945332e-02,-0.000000000000000000e+00,-0.000000000000000000e+00,-0.000000000000000000e+00,-0.000000000000000000e+00
-0.000000000000000000e+00,-0.000000000000000000e+00,-0.000000000000000000e+00,0.000000000000000000e+00,-0.000000000000000000e+00,-4.176285400418214971e-02,1.063752320905275717e-01,0.000000000000000000e+00,-0.000000000000000000e+00,-0.000000000000000000e+00,-6.631068588722285884e-02,0.000000000000000000e+00,-0.000000000000000000e+00,-1.663171930364448770e-01,0.000000000000000000e+00,-0.000000000000000000e+00,-0.000000000000000000e+00,0.000000000000000000e+00,-0.000000000000000000e+00,0.000000000000000000e+00,-6.159452741526592195e-02,-0.000000000000000000e+00,-2.978405578529371156e-01,-0.000000000000000000e+00,1.666866102974720265e+00,-0.000000000000000000e+00,0.000000000000000000e+00,-0.000000000000000000e+00,-0.000000000000000000e+00,-0.000000000000000000e+00,-0.000000000000000000e+00,-9.248586710818931800e-02,-2.052312805228887482e-01,-7.546700804499537063e-02,-3.136298788237139035e-01,-1.387702915883193555e-01,-2.608021228760113996e-01,-0.000000000000000000e+00,-0.000000000000000000e+00
0.000000000000000000e+00,1.344894526532597057e-01,0.000000000000000000e+00,3.293063544781280050e-01,-0.000000000000000000e+00,-0.000000000000000000e+00,0.000000000000000000e+00,-0.000000000000000000e+00,5.465511183647539517e-02,8.955150299139094661e-02,0.000000000000000000e+00,-7.663802131492698788e-02,0.000000000000000000e+00,0.000000000000000000e+00,-1.136953195618878726e-01,0.000000000000000000e+00,0.000000000000000000e+00,0.000000000000000000e+00,0.000000000000000000e+00,0.000000000000000000e+00,0.000000000000000000e+00,2.806923207281937782e-01,0.000000000000000000e+00,0.000000000000000000e+00,-0.000000000000000000e+00,1.906577637164373007e+00,-0.000000000000000000e+00,-6.148567473329632493e-01,-0.000000000000000000e+00,1.136698145153169359e-01,0.000000000000000000e+00,-0.000000000000000000e+00,-0.000000000000000000e+00,-0.000000000000000000e+00,0.000000000000000000e+00,-0.000000000000000000e+00,-0.000000000000000000e+00,0.000000000000000000e+00,1.006029337054703127e-01
0.000000000000000000e+00,0.000000000000000000e+00,-0.000000000000000000e+00,-0.000000000000000000e+00,-2.933540208860496365e-02,5.625614729742378639e-02,-1.040751139132668618e-01,0.000000000000000000e+00,-0.000000000000000000e+00,-0.000000000000000000e+00,0.000000000000000000e+00,-0.000000000000000000e+00,-0.000000000000000000e+00,0.000000000000000000e+00,0.000000000000000000e+00,0.000000000000000000e+00,6.404278951812040002e-03,-0.000000000000000000e+00,0.000000000000000000e+00,-0.000000000000000000e+00,-0.000000000000000000e+00,-0.000000000000000000e+00,-0.000000000000000000e+00,-0.000000000000000000e+00,0.000000000000000000e+00,-0.000000000000000000e+00,1.059679992499314327e+00,-0.000000000000000000e+00,0.000000000000000000e+00,-0.000000000000000000e+00,-1.966498322782164465e-01,-0.000000000000000000e+00,-0.000000000000000000e+00,0.000000000000000000e+00,-0.000000000000000000e+00,0.000000000000000000e+00,0.000000000000000000e+00,-0.000000000000000000e+00,-0.000000000000000000e+00
-0.000000000000000000e+00,0.000000000000000000e+00,-0.000000000000000000e+00,1.870781900717515822e-01,-0.000000000000000000e+00,-0.000000000000000000e+00,0.000000000000000000e+00,0.000000000000000000e+00,0.000000000000000000e+00,0.000000000000000000e+00,0.000000000000000000e+00,-0.000000000000000000e+00,-0.000000000000000000e+00,0.000000000000000000e+00,-0.000000000000000000e+00,0.000000000000000000e+00,0.000000000000000000e+00,0.000000000000000000e+00,0.000000000000000000e+00,0.000000000000000000e+00,-0.000000000000000000e+00,0.000000000000000000e+00,0.000000000000000000e+00,0.000000000000000000e+00,-0.000000000000000000e+00,-6.148567473329632493e-01,-0.000000000000000000e+00,1.552264990463512406e+00,-0.000000000000000000e+00,0.000000000000000000e+00,-0.000000000000000000e+00,-0.000000000000000000e+00,-4.890402287876108312e-01,-0.000000000000000000e+00,0.000000000000000000e+00,-0.000000000000000000e+00,-0.000000000000000000e+00,-0.000000000000000000e+00,0.000000000000000000e+00
-0.000000000000000000e+00,-0.000000000000000000e+00,0.000000000000000000e+00,0.000000000000000000e+00,0.000000000000000000e+00,-1.445498119550838734e-01,1.398380132539392973e-01,-0.000000000000000000e+00,0.000000000000000000e+00,0.000000000000000000e+00,-0.000000000000000000e+00,-0.000000000000000000e+00,0.000000000000000000e+00,-0.000000000000000000e+00,-0.000000000000000000e+00,-0.000000000000000000e+00,-0.000000000000000000e+00,0.000000000000000000e+00,-0.000000000000000000e+00,0.000000000000000000e+00,-0.000000000000000000e+00,0.000000000000000000e+00,-0.000000000000000000e+00,-0.000000000000000000e+00,-0.000000000000000000e+00,-0.000000000000000000e+00,0.000000000000000000e+00,-0.000000000000000000e+00,1.663213768927674030e+00,0.000000000000000000e+00,-0.000000000000000000e+00,-3.039617855803671831e-01,-5.275912985577434905e-02,-1.960196081725024478e-02,-1.953430764419047116e-01,-0.000000000000000000e+00,-6.533268715188701448e-01,0.000000000000000000e+00,0.000000000000000000e+00
-0.000000000000000000e+00,-8.208640734122878146e-02,-3.999036045811013053e-03,-6.915132255732570066e-02,-0.000000000000000000e+00,0.000000000000000000e+00,-0.000000000000000000e+00,0.000000000000000000e+00,-4.397764488631839552e-01,-3.483578938685297222e-01,-0.000000000000000000e+00,0.000000000000000000e+00,-1.167170796289842133e-01,-0.000000000000000000e+00,2.218324049205029347e-01,-3.111078478768941613e-01,-0.000000000000000000e+00,-1.502724169291801970e-01,-2.138938934264920152e-03,-0.000000000000000000e+00,-0.000000000000000000e+00,-1.520476120659229602e-01,-6.767094085715434637e-02,-1.931150556559251275e-01,-0.000000000000000000e+00,1.136698145153169359e-01,-0.000000000000000000e+00,0.000000000000000000e+00,0.000000000000000000e+00,2.827496633097863921e+00,-1.009304874430311944e-01,-0.000000000000000000e+00,0.000000000000000000e+00,0.000000000000000000e+00,-0.000000000000000000e+00,-0.000000000000000000e+00,0.000000000000000000e+00,-1.885889396587336897e-01,-3.639417369416669823e-01
-0.000000000000000000e+00,-0.000000000000000000e+00,-1.546805183729356714e-01,-0.000000000000000000e+00,-5.118576888157545801e-02,-0.000000000000000000e+00,-0.000000000000000000e+00,1.198316651345684158e-01,-1.326219604937795282e-01,-4.736327027995945738e-02,-0.000000000000000000e+00,0.000000000000000000e+00,-2.467559448353876528e-01,-0.000000000000000000e+00,0.000000000000000000e+00,-2.068530822571807912e-02,-0.000000000000000000e+00,-1.440499365844397639e-01,-0.000000000000000000e+00,-0.000000000000000000e+00,-1.990020062269167167e-01,-2.134947875254766259e-01,-2.681450763546631144e-01,-2.019929686431679028e-01,-0.000000000000000000e+00,0.000000000000000000e+00,-1.966498322782164465e-01,-0.000000000000000000e+00,-0.000000000000000000e+00,-1.009304874430311944e-01,2.117790876362259933e+00,-1.162602519359276498e-01,-0.000000000000000000e+00,0.000000000000000000e+00,-4.431061797564738586e-02,-0.000000000000000000e+00,-0.000000000000000000e+00,-0.000000000000000000e+00,-7.853251782355608057e-02
-2.305466006898458098e-01,-0.000000000000000000e+00,-0.000000000000000000e+00,0.000000000000000000e+00,-0.000000000000000000e+00,-0.000000000000000000e+00,0.000000000000000000e+00,0.000000000000000000e+00,-0.000000000000000000e+00,-0.000000000000000000e+00,-1.288061455436597669e-01,-0.000000000000000000e+00,-0.000000000000000000e+00,-0.000000000000000000e+00,0.000000000000000000e+00,-0.000000000000000000e+00,-0.000000000000000000e+00,-0.000000000000000000e+00,-0.000000000000000000e+00,0.000000000000000000e+00,-0.000000000000000000e+00,-0.000000000000000000e+00,-0.000000000000000000e+00,-0.000000000000000000e+00,-9.248586710818931800e-02,-0.000000000000000000e+00,-0.000000000000000000e+00,-0.000000000000000000e+00,-3.039617855803671831e-01,-0.000000000000000000e+00,-1.162602519359276498e-01,1.638426409299169828e+00,-1.798785128226624008e-01,-0.000000000000000000e+00,-1.746794769391806224e-01,-1.243355624734697323e-01,-2.749545912913078372e-01,-0.000000000000000000e+00,-0.000000000000000000e+00
-0.000000000000000000e+00,0.000000000000000000e+00,-0.000000000000000000e+00,1.962144441042969201e-02,-6.474817998324297261e-03,-2.280661207199610567e-03,0.000000000000000000e+00,1.194004998688003201e-02,0.000000000000000000e+00,0.000000000000000000e+00,-0.000000000000000000e+00,-0.000000000000000000e+00,-0.000000000000000000e+00,-0.000000000000000000e+00,-0.000000000000000000e+00,-0.000000000000000000e+00,0.000000000000000000e+00,0.000000000000000000e+00,-0.000000000000000000e+00,0.000000000000000000e+00,-7.002694621081997917e-02,0.000000000000000000e+00,-0.000000000000000000e+00,0.000000000000000000e+00,-2.052312805228887482e-01,-0.000000000000000000e+00,-0.000000000000000000e+00,-4.890402287876108312e-01,-5.275912985577434905e-02,0.000000000000000000e+00,-0.000000000000000000e+00,-1.798785128226624008e-01,1.419972823109287630e+00,-1.175354523870127121e-01,-0.000000000000000000e+00,-9.176505599527114143e-02,-1.745935949972623746e-01,0.000000000000000000e+00,0.000000000000000000e+00
-0.000000000000000000e+00,-0.000000000000000000e+00,0.000000000000000000e+00,1.610331903651377183e-01,-0.000000000000000000e+00,-1.979068157139009590e-02,1.845549608138042363e-01,-0.000000000000000000e+00,0.000000000000000000e+00,0.000000000000000000e+00,-0.000000000000000000e+00,-0.000000000000000000e+00,0.000000000000000000e+00,-0.000000000000000000e+00,-0.000000000000000000e+00,0.000000000000000000e+00,-0.000000000000000000e+00,2.608490689393432871e-01,0.000000000000000000e+00,3.928150147623273719e-02,-0.000000000000000000e+00,0.000000000000000000e+00,-0.000000000000000000e+00,0.000000000000000000e+00,-7.546700804499537063e-02,-0.000000000000000000e+00,0.000000000000000000e+00,-0.000000000000000000e+00,-1.960196081725024478e-02,0.000000000000000000e+00,0.000000000000000000e+00,-0.000000000000000000e+00,-1.175354523870127121e-01,1.211291488877930700e+00,-0.000000000000000000e+00,-0.000000000000000000e+00,-3.359954931777875409e-02,0.000000000000000000e+00,0.000000000000000000e+00
-0.000000000000000000e+00,-6.388720917122944765e-02,-0.000000000000000000e+00,-0.000000000000000000e+00,-0.000000000000000000e+00,-0.000000000000000000e+00,0.000000000000000000e+00,0.000000000000000000e+00,-0.000000000000000000e+00,-0.000000000000000000e+00,-7.725199087958213584e-02,0.000000000000000000e+00,-0.000000000000000000e+00,-2.820097065942592240e-01,0.000000000000000000e+00,-0.000000000000000000e+00,-0.000000000000000000e+00,-0.000000000000000000e+00,-0.000000000000000000e+00,0.000000000000000000e+00,-0.000000000000000000e+00,-0.000000000000000000e+00,-7.830007881025949357e-02,-1.773066793833945332e-02,-3.136298788237139035e-01,0.000000000000000000e+00,-0.000000000000000000e+00,0.000000000000000000e+00,-1.953430764419047116e-01,-0.000000000000000000e+00,-4.431061797564738586e-02,-1.746794769391806224e-01,-0.000000000000000000e+00,-0.000000000000000000e+00,1.713009754414866803e+00,-0.000000000000000000e+00,-3.660541993731338817e-01,-0.000000000000000000e+00,-0.000000000000000000e+00
-3.994541148149176601e-01,-0.000000000000000000e+00,-0.000000000000000000e+00,0.000000000000000000e+00,-1.123055419219588097e-01,-2.442872668243430828e-02,0.000000000000000000e+00,0.000000000000000000e+00,-0.000000000000000000e+00,-0.000000000000000000e+00,-8.717484526411681256e-02,0.000000000000000000e+00,-0.000000000000000000e+00,-9.388342734535390366e-02,0.000000000000000000e+00,-0.000000000000000000e+00,-1.213621667013103089e-01,-0.000000000000000000e+00,-0.000000000000000000e+00,0.000000000000000000e+00,-0.000000000000000000e+00,0.000000000000000000e+00,-0.000000000000000000e+00,-0.000000000000000000e+00,-1.387702915883193555e-01,-0.000000000000000000e+00,0.000000000000000000e+00,-0.000000000000000000e+00,-0.000000000000000000e+00,-0.000000000000000000e+00,-0.000000000000000000e+00,-1.243355624734697323e-01,-9.176505599527114143e-02,-0.000000000000000000e+00,-0.000000000000000000e+00,1.450038970636133628e+00,-9.591022870048214466e-02,-0.000000000000000000e+00,-0.000000000000000000e+00
-0.000000000000000000e+00,-0.000000000000000000e+00,-0.000000000000000000e+00,0.000000000000000000e+00,-0.000000000000000000e+00,-5.553444798756131118e-02,0.000000000000000000e+00,0.000000000000000000e+00,-0.000000000000000000e+00,-0.000000000000000000e+00,-0.000000000000000000e+00,-0.000000000000000000e+00,-0.000000000000000000e+00,-0.000000000000000000e+00,-0.000000000000000000e+00,-0.000000000000000000e+00,-0.000000000000000000e+00,0.000000000000000000e+00,-0.000000000000000000e+00,0.000000000000000000e+00,-0.000000000000000000e+00,0.000000000000000000e+00,-0.000000000000000000e+00,-0.000000000000000000e+00,-2.608021228760113996e-01,-0.000000000000000000e+00,0.000000000000000000e+00,-0.000000000000000000e+00,-6.533268715188701448e-01,0.000000000000000000e+00,-0.000000000000000000e+00,-2.749545912913078372e-01,-1.745935949972623746e-01,-3.359954931777875409e-02,-3.660541993731338817e-01,-9.591022870048214466e-02,1.914510959807984580e+00,0.000000000000000000e+00,0.000000000000000000e+00
-0.000000000000000000e+00,-0.000000000000000000e+00,-1.022456351327783314e-01,-0.000000000000000000e+00,-3.317789079498762450e-01,0.000000000000000000e+00,-1.332913798963404894e-01,0.000000000000000000e+00,-1.810536059517670049e-01,-2.392009807025942125e-01,-0.000000000000000000e+00,4.805106086243771113e-02,-0.000000000000000000e+00,-0.000000000000000000e+00,1.571991223739528099e-01,-5.613840301602911198e-02,-0.000000000000000000e+00,-2.987965483536942357e-01,-0.000000000000000000e+00,-6.349099771996662145e-02,-0.000000000000000000e+00,-0.000000000000000000e+00,-0.000000000000000000e+00,-0.000000000000000000e+00,-0.000000000000000000e+00,0.000000000000000000e+00,-0.000000000000000000e+00,-0.000000000000000000e+00,0.000000000000000000e+00,-1.885889396587336897e-01,-0.000000000000000000e+00,-0.000000000000000000e+00,0.000000000000000000e+00,0.000000000000000000e+00,-0.000000000000000000e+00,-0.000000000000000000e+00,0.000000000000000000e+00,2.158684774893190994e+00,-3.750646643544885972e-01
-0.000000000000000000e+00,-0.000000000000000000e+00,-1.628247746560527454e-01,-2.240662003111495160e-01,-7.320740755094677817e-03,0.000000000000000000e+00,-9.261943077227273446e-02,2.417928020515442387e-03,-2.721917787113846687e-01,-4.078896668504969902e-01,-0.000000000000000000e+00,0.000000000000000000e+00,-1.388512612473963570e-01,-0.000000000000000000e+00,1.157481602288772948e-01,-1.233502482565733555e-01,-0.000000000000000000e+00,-2.881857150648924892e-01,-0.000000000000000000e+00,-6.562139820557151559e-03,-0.000000000000000000e+00,-2.171765081683651455e-01,-0.000000000000000000e+00,-0.000000000000000000e+00,-0.000000000000000000e+00,1.006029337054703127e-01,-0.000000000000000000e+00,0.000000000000000000e+00,0.000000000000000000e+00,-3.639417369416669823e-01,-7.853251782355608057e-02,-0.000000000000000000e+00,0.000000000000000000e+00,0.000000000000000000e+00,-0.000000000000000000e+00,-0.000000000000000000e+00,0.000000000000000000e+00,-3.750646643544885972e-01,2.801592309725878138e+00
