1.669284751840975245e+00,-5.602759239099446287e-01,-0.000000000000000000e+00,-0.000000000000000000e+00,-0.000000000000000000e+00,0.000000000000000000e+00,0.000000000000000000e+00,0.000000000000000000e+00,-2.114945128721006096e-01,-0.000000000000000000e+00,0.000000000000000000e+00,-0.000000000000000000e+00,0.000000000000000000e+00,-0.000000000000000000e+00,-4.042215575016190089e-03,-0.000000000000000000e+00,-2.161088166979315828e-01,-0.000000000000000000e+00,-0.000000000000000000e+00,0.000000000000000000e+00,3.958933474778492806e-02,0.000000000000000000e+00,0.000000000000000000e+00,0.000000000000000000e+00,0.000000000000000000e+00,-0.000000000000000000e+00,-1.544326487099434153e-01,0.000000000000000000e+00,0.000000000000000000e+00,-0.000000000000000000e+00,-0.000000000000000000e+00,-0.000000000000000000e+00,3.768567437282119986e-02,-0.000000000000000000e+00,0.000000000000000000e+00,-2.244163346992898711e-01,0.000000000000000000e+00,-1.531353404360862036e-01,-1.838161834236924363e-01
-5.602759239099446287e-01,1.541490588238272563e+00,-0.000000000000000000e+00,-0.000000000000000000e+00,-0.000000000000000000e+00,0.000000000000000000e+00,0.000000000000000000e+00,0.000000000000000000e+00,-9.063205780082614349e-02,-6.539545899676911522e-02,0.000000000000000000e+00,-0.000000000000000000e+00,1.418112376065164548e-01,-0.000000000000000000e+00,-0.000000000000000000e+00,-0.000000000000000000e+00,-0.000000000000000000e+00,-0.000000000000000000e+00,-4.707370093174187420e-02,0.000000000000000000e+00,0.000000000000000000e+00,0.000000000000000000e+00,0.000000000000000000e+00,0.000000000000000000e+00,-0.000000000000000000e+00,-0.000000000000000000e+00,-0.000000000000000000e+00,0.000000000000000000e+00,0.000000000000000000e+00,-0.000000000000000000e+00,-0.000000000000000000e+00,-0.000000000000000000e+00,4.704608852540863306e-02,-2.752827524019801908e-01,0.000000000000000000e+00,-7.530999096889288980e-02,0.000000000000000000e+00,-0.000000000000000000e+00,-4.406709739616894612e-03
-0.000000000000000000e+00,-0.000000000000000000e+00,2.123285554099986427e+00,-0.000000000000000000e+00,-2.373618751960889506e-01,0.000000000000000000e+00,-0.000000000000000000e+00,1.220656553829384761e+00,-0.000000000000000000e+00,-0.000000000000000000e+00,-0.000000000000000000e+00,0.000000000000000000e+00,-0.000000000000000000e+00,-0.000000000000000000e+00,0.000000000000000000e+00,-0.000000000000000000e+00,-0.000000000000000000e+00,-2.063389386742186735e-02,-0.000000000000000000e+00,-0.000000000000000000e+00,0.000000000000000000e+00,0.000000000000000000e+00,-0.000000000000000000e+00,-0.000000000000000000e+00,-0.000000000000000000e+00,-1.681330413321913131e-01,-8.206698926278263584e-02,-3.101857664767000977e-01,0.000000000000000000e+00,0.000000000000000000e+00,-0.000000000000000000e+00,0.000000000000000000e+00,-0.000000000000000000e+00,-0.000000000000000000e+00,0.000000000000000000e+00,-0.000000000000000000e+00,0.000000000000000000e+00,-0.000000000000000000e+00,-0.000000000000000000e+00
-0.000000000000000000e+00,-0.000000000000000000e+00,-0.000000000000000000e+00,1.397336265781574438e+00,-0.000000000000000000e+00,1.666508618152762536e-02,-0.000000000000000000e+00,0.000000000000000000e+00,-0.000000000000000000e+00,0.000000000000000000e+00,0.000000000000000000e+00,-0.000000000000000000e+00,0.000000000000000000e+00,0.000000000000000000e+00,0.000000000000000000e+00,0.000000000000000000e+00,0.000000000000000000e+00,-3.815824599777231096e-01,-9.273256423677044002e-02,0.000000000000000000e+00,2.709482124798084368e-01,0.000000000000000000e+00,0.000000000000000000e+00,5.429354987727820492e-02,1.147262770683812882e-01,-0.000000000000000000e+00,-0.000000000000000000e+00,0.000000000000000000e+00,3.006918764698980270e-02,0.000000000000000000e+00,0.000000000000000000e+00,1.823448469984064943e-02,0.000000000000000000e+00,-0.000000000000000000e+00,0.000000000000000000e+00,-0.000000000000000000e+00,2.516699321767408917e-02,0.000000000000000000e+00,-0.000000000000000000e+00
-0.000000000000000000e+00,-0.000000000000000000e+00,-2.373618751960889506e-01,-0.000000000000000000e+00,1.596587856504317005e+00,0.000000000000000000e+00,-0.000000000000000000e+00,2.263449975089780741e-01,-2.246900991035680750e-01,-0.000000000000000000e+00,-0.000000000000000000e+00,-0.000000000000000000e+00,0.000000000000000000e+00,-0.000000000000000000e+00,-0.000000000000000000e+00,-1.530899216690693454e-01,-0.000000000000000000e+00,-6.534880133640690036e-02,-0.000000000000000000e+00,0.000000000000000000e+00,0.000000000000000000e+00,0.000000000000000000e+00,-0.000000000000000000e+00,0.000000000000000000e+00,-0.000000000000000000e+00,-3.817104934778602771e-02,-1.905543319052119614e-02,-1.157385334576807590e-02,0.000000000000000000e+00,-0.000000000000000000e+00,-3.151364938338216404e-02,-0.000000000000000000e+00,-0.000000000000000000e+00,-4.031893243508489211e-01,0.000000000000000000e+00,-1.229759526238890649e-01,0.000000000000000000e+00,-0.000000000000000000e+00,-0.000000000000000000e+00
0.000000000000000000e+00,0.000000000000000000e+00,0.000000000000000000e+00,1.666508618152762536e-02,0.000000000000000000e+00,2.392431265140301466e+00,-0.000000000000000000e+00,-0.000000000000000000e+00,0.000000000000000000e+00,-0.000000000000000000e+00,-1.215501722465368029e-01,0.000000000000000000e+00,-0.000000000000000000e+00,-0.000000000000000000e+00,0.000000000000000000e+00,-0.000000000000000000e+00,-0.000000000000000000e+00,3.103440719661060970e-02,2.333682960309987030e-03,-5.367922684122149873e-02,-2.787129593838579833e-01,-1.950381984895601106e-01,-0.000000000000000000e+00,-3.929085195044716428e-01,-2.492663631974098848e-01,0.000000000000000000e+00,-0.000000000000000000e+00,-0.000000000000000000e+00,-3.540439797732426452e-01,-0.000000000000000000e+00,-0.000000000000000000e+00,-2.586910998217352708e-01,-1.254714616774315616e-01,0.000000000000000000e+00,-1.647992730275021633e-01,0.000000000000000000e+00,-1.952273173687928687e-01,0.000000000000000000e+00,0.000000000000000000e+00
0.000000000000000000e+00,0.000000000000000000e+00,-0.000000000000000000e+00,-0.000000000000000000e+00,-0.000000000000000000e+00,-0.000000000000000000e+00,1.358900515039165313e+00,0.000000000000000000e+00,0.000000000000000000e+00,-0.000000000000000000e+00,-0.000000000000000000e+00,3.304727248052947153e-01,-8.832403184367870752e-02,-0.000000000000000000e+00,3.235747758180363559e-02,-0.000000000000000000e+00,0.000000000000000000e+00,0.000000000000000000e+00,0.000000000000000000e+00,-5.156494297401066629e-02,-0.000000000000000000e+00,-1.484400364498146378e-02,-0.000000000000000000e+00,-0.000000000000000000e+00,-0.000000000000000000e+00,-0.000000000000000000e+00,-0.000000000000000000e+00,-3.587594510716911045e-01,-0.000000000000000000e+00,-0.000000000000000000e+00,-0.000000000000000000e+00,-0.000000000000000000e+00,-2.481996463563162017e-02,0.000000000000000000e+00,-0.000000000000000000e+00,0.000000000000000000e+00,-0.000000000000000000e+00,0.000000000000000000e+00,6.510065053146363301e-02
0.000000000000000000e+00,0.000000000000000000e+00,1.220656553829384761e+00,0.000000000000000000e+00,2.263449975089780741e-01,-0.000000000000000000e+00,0.000000000000000000e+00,2.106076732391056527e+00,7.821422467602281992e-02,0.000000000000000000e+00,-0.000000000000000000e+00,0.000000000000000000e+00,-0.000000000000000000e+00,0.000000000000000000e+00,0.000000000000000000e+00,0.000000000000000000e+00,-0.000000000000000000e+00,2.225959695432039864e-01,0.000000000000000000e+00,-0.000000000000000000e+00,-6.964812251593341386e-02,-0.000000000000000000e+00,0.000000000000000000e+00,-0.000000000000000000e+00,-0.000000000000000000e+00,6.914815669589785552e-02,0.000000000000000000e+00,0.000000000000000000e+00,-0.000000000000000000e+00,-0.000000000000000000e+00,0.000000000000000000e+00,-0.000000000000000000e+00,-0.000000000000000000e+00,8.227408595482289810e-02,-0.000000000000000000e+00,3.845655600945879077e-02,-0.000000000000000000e+00,0.000000000000000000e+00,0.000000000000000000e+00
-2.114945128721006096e-01,-9.063205780082614349e-02,-0.000000000000000000e+00,-0.000000000000000000e+00,-2.246900991035680750e-01,0.000000000000000000e+00,0.000000000000000000e+00,7.821422467602281992e-02,1.817438278256903850e+00,-0.000000000000000000e+00,0.000000000000000000e+00,-0.000000000000000000e+00,0.000000000000000000e+00,-0.000000000000000000e+00,-0.000000000000000000e+00,-2.239876045399055715e-01,-0.000000000000000000e+00,-1.815265327675868734e-01,-2.336187401844264933e-01,0.000000000000000000e+00,7.216239088349811481e-02,0.000000000000000000e+00,-0.000000000000000000e+00,0.000000000000000000e+00,-0.000000000000000000e+00,-1.891718618316345912e-01,-2.625089778479373914e-02,-0.000000000000000000e+00,0.000000000000000000e+00,-0.000000000000000000e+00,-0.000000000000000000e+00,0.000000000000000000e+00,0.000000000000000000e+00,-1.876370526878554101e-01,0.000000000000000000e+00,-1.657559971127483267e-01,0.000000000000000000e+00,-0.000000000000000000e+00,-2.321602778872795536e-01
-0.000000000000000000e+00,-6.539545899676911522e-02,-0.000000000000000000e+00,0.000000000000000000e+00,-0.000000000000000000e+00,-0.000000000000000000e+00,-0.000000000000000000e+00,0.000000000000000000e+00,-0.000000000000000000e+00,1.586405637014367320e+00,-0.000000000000000000e+00,-0.000000000000000000e+00,-0.000000000000000000e+00,-0.000000000000000000e+00,0.000000000000000000e+00,-4.535715861204049348e-01,-0.000000000000000000e+00,-0.000000000000000000e+00,-0.000000000000000000e+00,-0.000000000000000000e+00,-0.000000000000000000e+00,-0.000000000000000000e+00,-6.067633068100084653e-02,-0.000000000000000000e+00,-4.437369977848796831e-01,-0.000000000000000000e+00,-0.000000000000000000e+00,-0.000000000000000000e+00,-0.000000000000000000e+00,-2.839994999256778008e-01,-1.429858972709709408e-01,-3.399056454126094928e-03,-0.000000000000000000e+00,-0.000000000000000000e+00,-0.000000000000000000e+00,-0.000000000000000000e+00,-0.000000000000000000e+00,-0.000000000000000000e+00,-9.761534169439949060e-02
0.000000000000000000e+00,0.000000000000000000e+00,-0.000000000000000000e+00,0.000000000000000000e+00,-0.000000000000000000e+00,-1.215501722465368029e-01,-0.000000000000000000e+00,-0.000000000000000000e+00,0.000000000000000000e+00,-0.000000000000000000e+00,2.245204586957152415e+00,3.762273104977970767e-02,-4.854470632637493677e-01,-0.000000000000000000e+00,0.000000000000000000e+00,-0.000000000000000000e+00,-0.000000000000000000e+00,0.000000000000000000e+00,7.502781181668075061e-02,-2.032097880027362857e-01,-0.000000000000000000e+00,-0.000000000000000000e+00,-1.683772146490769006e-01,-2.567415139491494580e-01,-0.000000000000000000e+00,-0.000000000000000000e+00,-0.000000000000000000e+00,-8.270563780170163415e-02,-1.764830387636937004e-01,-0.000000000000000000e+00,-1.115852119063976966e-01,-0.000000000000000000e+00,-3.548793565827734198e-01,0.000000000000000000e+00,-7.543540044319597959e-02,0.000000000000000000e+00,-1.648326813667319868e-01,-0.000000000000000000e+00,0.000000000000000000e+00
-0.000000000000000000e+00,-0.000000000000000000e+00,0.000000000000000000e+00,-0.000000000000000000e+00,-0.000000000000000000e+00,0.000000000000000000e+00,3.304727248052947153e-01,0.000000000000000000e+00,-0.000000000000000000e+00,-0.000000000000000000e+00,3.762273104977970767e-02,2.106785838447289283e+00,3.563750069721239311e-01,0.000000000000000000e+00,-2.588056953413901407e-01,0.000000000000000000e+00,-0.000000000000000000e+00,-0.000000000000000000e+00,-1.975148304329986670e-01,0.000000000000000000e+00,0.000000000000000000e+00,0.000000000000000000e+00,0.000000000000000000e+00,0.000000000000000000e+00,0.000000000000000000e+00,0.000000000000000000e+00,0.000000000000000000e+00,0.000000000000000000e+00,0.000000000000000000e+00,0.000000000000000000e+00,0.000000000000000000e+00,0.000000000000000000e+00,3.509842463016027980e-01,-2.394380293599317755e-01,0.000000000000000000e+00,-6.939776579576201199e-02,0.000000000000000000e+00,-0.000000000000000000e+00,-4.715387572794503823e-01
0.000000000000000000e+00,1.418112376065164548e-01,-0.000000000000000000e+00,0.000000000000000000e+00,0.000000000000000000e+00,-0.000000000000000000e+00,-8.832403184367870752e-02,-0.000000000000000000e+00,0.000000000000000000e+00,-0.000000000000000000e+00,-4.854470632637493677e-01,3.563750069721239311e-01,2.412007647074288386e+00,-0.000000000000000000e+00,1.085445087044429810e-02,-0.000000000000000000e+00,0.000000000000000000e+00,0.000000000000000000e+00,8.278061939434810945e-02,-2.320759242315281745e-01,-0.000000000000000000e+00,-0.000000000000000000e+00,-7.678261204676427309e-02,-2.463642263821331363e-02,-0.000000000000000000e+00,-0.000000000000000000e+00,-0.000000000000000000e+00,-1.527624688007215292e-01,-0.000000000000000000e+00,-0.000000000000000000e+00,-0.000000000000000000e+00,-0.000000000000000000e+00,-6.397959286227289377e-01,2.515624855629400858e-01,-6.330670535250357278e-02,5.680350375117293460e-02,-1.341462532621498418e-03,0.000000000000000000e+00,0.000000000000000000e+00
-0.000000000000000000e+00,-0.000000000000000000e+00,-0.000000000000000000e+00,0.000000000000000000e+00,-0.000000000000000000e+00,-0.000000000000000000e+00,-0.000000000000000000e+00,0.000000000000000000e+00,-0.000000000000000000e+00,-0.000000000000000000e+00,-0.000000000000000000e+00,0.000000000000000000e+00,-0.000000000000000000e+00,1.307795269815782424e+00,-0.000000000000000000e+00,-0.000000000000000000e+00,-6.300020759274753412e-02,-0.000000000000000000e+00,0.000000000000000000e+00,-0.000000000000000000e+00,-0.000000000000000000e+00,0.000000000000000000e+00,-9.978385978219986296e-02,-5.495484977821133571e-02,-0.000000000000000000e+00,-8.489080079982143368e-02,-7.677732468942771726e-02,-1.358719119389336372e-01,-0.000000000000000000e+00,-4.152412746760265026e-03,-6.536522722728856094e-02,-1.258056110557501384e-01,-0.000000000000000000e+00,-0.000000000000000000e+00,-0.000000000000000000e+00,-2.330034770383708487e-01,-0.000000000000000000e+00,-2.760334817329135881e-01,-0.000000000000000000e+00
-4.042215575016190089e-03,-0.000000000000000000e+00,0.000000000000000000e+00,0.000000000000000000e+00,-0.000000000000000000e+00,0.000000000000000000e+00,3.235747758180363559e-02,0.000000000000000000e+00,-0.000000000000000000e+00,0.000000000000000000e+00,0.000000000000000000e+00,-2.588056953413901407e-01,1.085445087044429810e-02,-0.000000000000000000e+00,1.317439757766099007e+00,-0.000000000000000000e+00,-0.000000000000000000e+00,-0.000000000000000000e+00,-0.000000000000000000e+00,0.000000000000000000e+00,0.000000000000000000e+00,7.056433136390835234e-03,-0.000000000000000000e+00,0.000000000000000000e+00,0.000000000000000000e+00,0.000000000000000000e+00,0.000000000000000000e+00,0.000000000000000000e+00,0.000000000000000000e+00,-0.000000000000000000e+00,0.000000000000000000e+00,0.000000000000000000e+00,1.325797917618044275e-01,-3.841990225622685801e-02,3.001618327341556980e-02,-1.817807705390405704e-01,0.000000000000000000e+00,-2.942549525151405554e-01,-0.000000000000000000e+00
-0.000000000000000000e+00,-0.000000000000000000e+00,-0.000000000000000000e+00,0.000000000000000000e+00,-1.530899216690693454e-01,-0.000000000000000000e+00,-0.000000000000000000e+00,0.000000000000000000e+00,-2.239876045399055715e-01,-4.535715861204049348e-01,-0.000000000000000000e+00,0.000000000000000000e+00,-0.000000000000000000e+00,-0.000000000000000000e+00,-0.000000000000000000e+00,1.713354942121102953e+00,-0.000000000000000000e+00,-0.000000000000000000e+00,-0.000000000000000000e+00,-0.000000000000000000e+00,0.000000000000000000e+00,-0.000000000000000000e+00,-2.759046404520159035e-01,-0.000000000000000000e+00,-0.000000000000000000e+00,-2.711187740795217294e-01,-4.529924776471261696e-03,-0.000000000000000000e+00,-0.000000000000000000e+00,-4.239427457666957166e-01,-0.000000000000000000e+00,-0.000000000000000000e+00,-0.000000000000000000e+00,-0.000000000000000000e+00,0.000000000000000000e+00,-0.000000000000000000e+00,0.000000000000000000e+00,-0.000000000000000000e+00,-0.000000000000000000e+00
-2.161088166979315828e-01,-0.000000000000000000e+00,-0.000000000000000000e+00,0.000000000000000000e+00,-0.000000000000000000e+00,-0.000000000000000000e+00,0.000000000000000000e+00,-0.000000000000000000e+00,-0.000000000000000000e+00,-0.000000000000000000e+00,-0.000000000000000000e+00,-0.000000000000000000e+00,0.000000000000000000e+00,-6.300020759274753412e-02,-0.000000000000000000e+00,-0.000000000000000000e+00,1.180344222743749727e+00,0.000000000000000000e+00,-0.000000000000000000e+00,-0.000000000000000000e+00,-0.000000000000000000e+00,-0.000000000000000000e+00,-0.000000000000000000e+00,-0.000000000000000000e+00,-0.000000000000000000e+00,-0.000000000000000000e+00,-0.000000000000000000e+00,-0.000000000000000000e+00,-0.000000000000000000e+00,-0.000000000000000000e+00,-0.000000000000000000e+00,-3.861083055690904264e-01,0.000000000000000000e+00,-0.000000000000000000e+00,-0.000000000000000000e+00,-0.000000000000000000e+00,-0.000000000000000000e+00,-2.995144025689434539e-02,-0.000000000000000000e+00
-0.000000000000000000e+00,-0.000000000000000000e+00,-2.063389386742186735e-02,-3.815824599777231096e-01,-6.534880133640690036e-02,3.103440719661060970e-02,0.000000000000000000e+00,2.225959695432039864e-01,-1.815265327675868734e-01,-0.000000000000000000e+00,0.000000000000000000e+00,-0.000000000000000000e+00,0.000000000000000000e+00,-0.000000000000000000e+00,-0.000000000000000000e+00,-0.000000000000000000e+00,0.000000000000000000e+00,1.641789694002837141e+00,-2.709315697612685869e-01,0.000000000000000000e+00,3.038487846957529381e-01,0.000000000000000000e+00,0.000000000000000000e+00,0.000000000000000000e+00,0.000000000000000000e+00,-1.336055290193286504e-01,-0.000000000000000000e+00,-0.000000000000000000e+00,9.611850906497005893e-05,0.000000000000000000e+00,0.000000000000000000e+00,0.000000000000000000e+00,0.000000000000000000e+00,-0.000000000000000000e+00,3.763156459236255413e-02,-0.000000000000000000e+00,0.000000000000000000e+00,-0.000000000000000000e+00,-0.000000000000000000e+00
-0.000000000000000000e+00,-4.707370093174187420e-02,-0.000000000000000000e+00,-9.273256423677044002e-02,-0.000000000000000000e+00,2.333682960309987030e-03,0.000000000000000000e+00,0.000000000000000000e+00,-2.336187401844264933e-01,-0.000000000000000000e+00,7.502781181668075061e-02,-1.975148304329986670e-01,8.278061939434810945e-02,0.000000000000000000e+00,-0.000000000000000000e+00,-0.000000000000000000e+00,-0.000000000000000000e+00,-2.709315697612685869e-01,1.785238316348441767e+00,0.000000000000000000e+00,1.926983852442205047e-01,0.000000000000000000e+00,0.000000000000000000e+00,9.520779811550912630e-02,0.000000000000000000e+00,-0.000000000000000000e+00,0.000000000000000000e+00,0.000000000000000000e+00,0.000000000000000000e+00,-0.000000000000000000e+00,0.000000000000000000e+00,0.000000000000000000e+00,1.203232648901836170e-03,-8.355404733338608891e-02,3.231761552932555653e-02,-0.000000000000000000e+00,1.025017924499064953e-01,0.000000000000000000e+00,-3.169606158009907193e-01
0.000000000000000000e+00,0.000000000000000000e+00,-0.000000000000000000e+00,0.000000000000000000e+00,0.000000000000000000e+00,-5.367922684122149873e-02,-5.156494297401066629e-02,-0.000000000000000000e+00,0.000000000000000000e+00,-0.000000000000000000e+00,-2.032097880027362857e-01,0.000000000000000000e+00,-2.320759242315281745e-01,-0.000000000000000000e+00,0.000000000000000000e+00,-0.000000000000000000e+00,-0.000000000000000000e+00,0.000000000000000000e+00,0.000000000000000000e+00,1.899354183931990070e+00,-2.255434621992215630e-02,-4.815461942605277490e-01,-0.000000000000000000e+00,-1.417538053191001735e-01,-0.000000000000000000e+00,-0.000000000000000000e+00,-0.000000000000000000e+00,-1.109749677766987130e-01,-6.342899010052605036e-02,-0.000000000000000000e+00,-1.017319183518901743e-01,-0.000000000000000000e+00,-1.444913863721255243e-01,0.000000000000000000e+00,-1.535582478797290762e-01,0.000000000000000000e+00,-3.456777351459589670e-02,0.000000000000000000e+00,0.000000000000000000e+00
3.958933474778492806e-02,0.000000000000000000e+00,0.000000000000000000e+00,2.709482124798084368e-01,0.000000000000000000e+00,-2.787129593838579833e-01,-0.000000000000000000e+00,-6.964812251593341386e-02,7.216239088349811481e-02,-0.000000000000000000e+00,-0.000000000000000000e+00,0.000000000000000000e+00,-0.000000000000000000e+00,-0.000000000000000000e+00,0.000000000000000000e+00,0.000000000000000000e+00,-0.000000000000000000e+00,3.038487846957529381e-01,1.926983852442205047e-01,-2.255434621992215630e-02,2.490814941352554879e+00,-4.765864720606253213e-01,-0.000000000000000000e+00,-1.342155448226463876e-01,-8.882772067954199102e-02,0.000000000000000000e+00,0.000000000000000000e+00,-0.000000000000000000e+00,-1.985046114925676508e-01,-0.000000000000000000e+00,-0.000000000000000000e+00,-0.000000000000000000e+00,-0.000000000000000000e+00,0.000000000000000000e+00,-2.947210234492231851e-01,2.938662695634284769e-02,-3.733758104407463585e-01,0.000000000000000000e+00,0.000000000000000000e+00
0.000000000000000000e+00,0.000000000000000000e+00,0.000000000000000000e+00,0.000000000000000000e+00,0.000000000000000000e+00,-1.950381984895601106e-01,-1.484400364498146378e-02,-0.000000000000000000e+00,0.000000000000000000e+00,-0.000000000000000000e+00,-0.000000000000000000e+00,0.000000000000000000e+00,-0.000000000000000000e+00,0.000000000000000000e+00,7.056433136390835234e-03,-0.000000000000000000e+00,-0.000000000000000000e+00,0.000000000000000000e+00,0.000000000000000000e+00,-4.815461942605277490e-01,-4.765864720606253213e-01,1.910153285056329642e+00,-0.000000000000000000e+00,-2.950529121081374440e-02,-9.790534663856943765e-02,0.000000000000000000e+00,-0.000000000000000000e+00,-0.000000000000000000e+00,-1.931530644729436696e-01,-0.000000000000000000e+00,-2.383149093361135867e-02,-2.989909016747090489e-03,-1.883394308758467861e-01,0.000000000000000000e+00,-5.683130568559346084e-03,0.000000000000000000e+00,-0.000000000000000000e+00,0.000000000000000000e+00,0.000000000000000000e+00
0.000000000000000000e+00,0.000000000000000000e+00,-0.000000000000000000e+00,0.000000000000000000e+00,-0.000000000000000000e+00,-0.000000000000000000e+00,-0.000000000000000000e+00,0.000000000000000000e+00,-0.000000000000000000e+00,-6.067633068100084653e-02,-1.683772146490769006e-01,0.000000000000000000e+00,-7.678261204676427309e-02,-9.978385978219986296e-02,-0.000000000000000000e+00,-2.759046404520159035e-01,-0.000000000000000000e+00,0.000000000000000000e+00,0.000000000000000000e+00,-0.000000000000000000e+00,-0.000000000000000000e+00,-0.000000000000000000e+00,1.474123018343961089e+00,-1.241131882947776183e-01,-8.709188948548628184e-03,-6.220167118580951365e-02,-1.053207341445630968e-01,-1.641371158253778773e-01,-0.000000000000000000e+00,-7.129718320386881081e-02,-3.840664047760716793e-02,-0.000000000000000000e+00,-1.683960675376628691e-01,0.000000000000000000e+00,-0.000000000000000000e+00,-0.000000000000000000e+00,-0.000000000000000000e+00,-0.000000000000000000e+00,-0.000000000000000000e+00
0.000000000000000000e+00,0.000000000000000000e+00,-0.000000000000000000e+00,5.429354987727820492e-02,0.000000000000000000e+00,-3.929085195044716428e-01,-0.000000000000000000e+00,-0.000000000000000000e+00,0.000000000000000000e+00,-0.000000000000000000e+00,-2.567415139491494580e-01,0.000000000000000000e+00,-2.463642263821331363e-02,-5.495484977821133571e-02,0.000000000000000000e+00,-0.000000000000000000e+00,-0.000000000000000000e+00,0.000000000000000000e+00,9.520779811550912630e-02,-1.417538053191001735e-01,-1.342155448226463876e-01,-2.950529121081374440e-02,-1.241131882947776183e-01,2.351746623442745765e+00,-3.282071109149710120e-01,-0.000000000000000000e+00,-0.000000000000000000e+00,-0.000000000000000000e+00,-2.427477157407637587e-01,-0.000000000000000000e+00,-1.237601749979178323e-01,-4.882248720479407528e-02,-1.762887787060450628e-01,0.000000000000000000e+00,-5.061536994154472446e-02,0.000000000000000000e+00,-2.764550492276636184e-01,-0.000000000000000000e+00,0.000000000000000000e+00
0.000000000000000000e+00,-0.000000000000000000e+00,-0.000000000000000000e+00,1.147262770683812882e-01,-0.000000000000000000e+00,-2.492663631974098848e-01,-0.000000000000000000e+00,-0.000000000000000000e+00,-0.000000000000000000e+00,-4.437369977848796831e-01,-0.000000000000000000e+00,0.000000000000000000e+00,-0.000000000000000000e+00,-0.000000000000000000e+00,0.000000000000000000e+00,-0.000000000000000000e+00,-0.000000000000000000e+00,0.000000000000000000e+00,0.000000000000000000e+00,-0.000000000000000000e+00,-8.882772067954199102e-02,-9.790534663856943765e-02,-8.709188948548628184e-03,-3.282071109149710120e-01,1.671812146599395144e+00,-0.000000000000000000e+00,-0.000000000000000000e+00,-0.000000000000000000e+00,-0.000000000000000000e+00,-6.281572188845960247e-02,-1.224021630242349556e-01,-9.580599557996966054e-02,-0.000000000000000000e+00,-0.000000000000000000e+00,-0.000000000000000000e+00,-0.000000000000000000e+00,-0.000000000000000000e+00,0.000000000000000000e+00,-0.000000000000000000e+00
-0.000000000000000000e+00,-0.000000000000000000e+00,-1.681330413321913131e-01,-0.000000000000000000e+00,-3.817104934778602771e-02,0.000000000000000000e+00,-0.000000000000000000e+00,6.914815669589785552e-02,-1.891718618316345912e-01,-0.000000000000000000e+00,-0.000000000000000000e+00,0.000000000000000000e+00,-0.000000000000000000e+00,-8.489080079982143368e-02,0.000000000000000000e+00,-2.711187740795217294e-01,-0.000000000000000000e+00,-1.336055290193286504e-01,-0.000000000000000000e+00,-0.000000000000000000e+00,0.000000000000000000e+00,0.000000000000000000e+00,-6.220167118580951365e-02,-0.000000000000000000e+00,-0.000000000000000000e+00,1.866202843853499438e+00,-6.459138194605494876e-01,-3.020978975351076845e-01,-0.000000000000000000e+00,-0.000000000000000000e+00,-1.732736876259916847e-01,-0.000000000000000000e+00,-0.000000000000000000e+00,-0.000000000000000000e+00,0.000000000000000000e+00,-0.000000000000000000e+00,0.000000000000000000e+00,-0.000000000000000000e+00,-0.000000000000000000e+00
-1.544326487099434153e-01,-0.000000000000000000e+00,-8.206698926278263584e-02,-0.000000000000000000e+00,-1.905543319052119614e-02,-0.000000000000000000e+00,-0.000000000000000000e+00,0.000000000000000000e+00,-2.625089778479373914e-02,-0.000000000000000000e+00,-0.000000000000000000e+00,0.000000000000000000e+00,-0.000000000000000000e+00,-7.677732468942771726e-02,0.000000000000000000e+00,-4.529924776471261696e-03,-0.000000000000000000e+00,-0.000000000000000000e+00,0.000000000000000000e+00,-0.000000000000000000e+00,0.000000000000000000e+00,-0.000000000000000000e+00,-1.053207341445630968e-01,-0.000000000000000000e+00,-0.000000000000000000e+00,-6.459138194605494876e-01,1.565295909687808518e+00,-3.228847651037582145e-02,-0.000000000000000000e+00,-0.000000000000000000e+00,-1.247182547985436762e-01,-0.000000000000000000e+00,-0.000000000000000000e+00,-0.000000000000000000e+00,-0.000000000000000000e+00,-0.000000000000000000e+00,-0.000000000000000000e+00,-1.730005943301485549e-01,-0.000000000000000000e+00
0.000000000000000000e+00,0.000000000000000000e+00,-3.101857664767000977e-01,0.000000000000000000e+00,-1.157385334576807590e-02,-0.000000000000000000e+00,-3.587594510716911045e-01,0.000000000000000000e+00,-0.000000000000000000e+00,-0.000000000000000000e+00,-8.270563780170163415e-02,0.000000000000000000e+00,-1.527624688007215292e-01,-1.358719119389336372e-01,0.000000000000000000e+00,-0.000000000000000000e+00,-0.000000000000000000e+00,-0.000000000000000000e+00,0.000000000000000000e+00,-1.109749677766987130e-01,-0.000000000000000000e+00,-0.000000000000000000e+00,-1.641371158253778773e-01,-0.000000000000000000e+00,-0.000000000000000000e+00,-3.020978975351076845e-01,-3.228847651037582145e-02,1.891304928110993044e+00,-0.000000000000000000e+00,-0.000000000000000000e+00,-3.845178219780777118e-01,-0.000000000000000000e+00,-2.328607015987374518e-01,0.000000000000000000e+00,-0.000000000000000000e+00,-0.000000000000000000e+00,-0.000000000000000000e+00,-0.000000000000000000e+00,0.000000000000000000e+00
0.000000000000000000e+00,0.000000000000000000e+00,0.000000000000000000e+00,3.006918764698980270e-02,0.000000000000000000e+00,-3.540439797732426452e-01,-0.000000000000000000e+00,-0.000000000000000000e+00,0.000000000000000000e+00,-0.000000000000000000e+00,-1.764830387636937004e-01,0.000000000000000000e+00,-0.000000000000000000e+00,-0.000000000000000000e+00,0.000000000000000000e+00,-0.000000000000000000e+00,-0.000000000000000000e+00,9.611850906497005893e-05,0.000000000000000000e+00,-6.342899010052605036e-02,-1.985046114925676508e-01,-1.931530644729436696e-01,-0.000000000000000000e+00,-2.427477157407637587e-01,-0.000000000000000000e+00,-0.000000000000000000e+00,-0.000000000000000000e+00,-0.000000000000000000e+00,2.778318322412639763e+00,-0.000000000000000000e+00,-7.367150206250111522e-02,-6.758116598730279367e-01,-0.000000000000000000e+00,0.000000000000000000e+00,-4.603210695681114739e-01,0.000000000000000000e+00,-4.290621708774431942e-01,-0.000000000000000000e+00,0.000000000000000000e+00
-0.000000000000000000e+00,-0.000000000000000000e+00,0.000000000000000000e+00,0.000000000000000000e+00,-0.000000000000000000e+00,-0.000000000000000000e+00,-0.000000000000000000e+00,-0.000000000000000000e+00,-0.000000000000000000e+00,-2.839994999256778008e-01,-0.000000000000000000e+00,0.000000000000000000e+00,-0.000000000000000000e+00,-4.152412746760265026e-03,-0.000000000000000000e+00,-4.239427457666957166e-01,-0.000000000000000000e+00,0.000000000000000000e+00,-0.000000000000000000e+00,-0.000000000000000000e+00,-0.000000000000000000e+00,-0.000000000000000000e+00,-7.129718320386881081e-02,-0.000000000000000000e+00,-6.281572188845960247e-02,-0.000000000000000000e+00,-0.000000000000000000e+00,-0.000000000000000000e+00,-0.000000000000000000e+00,1.337928249845632855e+00,-0.000000000000000000e+00,-1.482474857086604064e-02,-0.000000000000000000e+00,-0.000000000000000000e+00,-0.000000000000000000e+00,-0.000000000000000000e+00,-0.000000000000000000e+00,-0.000000000000000000e+00,-0.000000000000000000e+00
-0.000000000000000000e+00,-0.000000000000000000e+00,-0.000000000000000000e+00,0.000000000000000000e+00,-3.151364938338216404e-02,-0.000000000000000000e+00,-0.000000000000000000e+00,0.000000000000000000e+00,-0.000000000000000000e+00,-1.429858972709709408e-01,-1.115852119063976966e-01,0.000000000000000000e+00,-0.000000000000000000e+00,-6.536522722728856094e-02,0.000000000000000000e+00,-0.000000000000000000e+00,-0.000000000000000000e+00,0.000000000000000000e+00,0.000000000000000000e+00,-1.017319183518901743e-01,-0.000000000000000000e+00,-2.383149093361135867e-02,-3.840664047760716793e-02,-1.237601749979178323e-01,-1.224021630242349556e-01,-1.732736876259916847e-01,-1.247182547985436762e-01,-3.845178219780777118e-01,-7.367150206250111522e-02,-0.000000000000000000e+00,1.614291475886253657e+00,-1.309035968136610939e-01,-0.000000000000000000e+00,-0.000000000000000000e+00,-0.000000000000000000e+00,-0.000000000000000000e+00,-0.000000000000000000e+00,-0.000000000000000000e+00,-0.000000000000000000e+00
-0.000000000000000000e+00,-0.000000000000000000e+00,0.000000000000000000e+00,1.823448469984064943e-02,-0.000000000000000000e+00,-2.586910998217352708e-01,-0.000000000000000000e+00,-0.000000000000000000e+00,0.000000000000000000e+00,-3.399056454126094928e-03,-0.000000000000000000e+00,0.000000000000000000e+00,-0.000000000000000000e+00,-1.258056110557501384e-01,0.000000000000000000e+00,-0.000000000000000000e+00,-3.861083055690904264e-01,0.000000000000000000e+00,0.000000000000000000e+00,-0.000000000000000000e+00,-0.000000000000000000e+00,-2.989909016747090489e-03,-0.000000000000000000e+00,-4.882248720479407528e-02,-9.580599557996966054e-02,-0.000000000000000000e+00,-0.000000000000000000e+00,-0.000000000000000000e+00,-6.758116598730279367e-01,-1.482474857086604064e-02,-1.309035968136610939e-01,2.014613700429612742e+00,-0.000000000000000000e+00,0.000000000000000000e+00,-6.474510173124868595e-02,-0.000000000000000000e+00,-2.562828410247357525e-01,-0.000000000000000000e+00,-0.000000000000000000e+00
3.768567437282119986e-02,4.704608852540863306e-02,-0.000000000000000000e+00,0.000000000000000000e+00,-0.000000000000000000e+00,-1.254714616774315616e-01,-2.481996463563162017e-02,-0.000000000000000000e+00,0.000000000000000000e+00,-0.000000000000000000e+00,-3.548793565827734198e-01,3.509842463016027980e-01,-6.397959286227289377e-01,-0.000000000000000000e+00,1.325797917618044275e-01,-0.000000000000000000e+00,0.000000000000000000e+00,0.000000000000000000e+00,1.203232648901836170e-03,-1.444913863721255243e-01,-0.000000000000000000e+00,-1.883394308758467861e-01,-1.683960675376628691e-01,-1.762887787060450628e-01,-0.000000000000000000e+00,-0.000000000000000000e+00,-0.000000000000000000e+00,-2.328607015987374518e-01,-0.000000000000000000e+00,-0.000000000000000000e+00,-0.000000000000000000e+00,-0.000000000000000000e+00,2.408788305708435828e+00,3.798914414463679806e-02,-1.777670759116820737e-02,0.000000000000000000e+00,-0.000000000000000000e+00,0.000000000000000000e+00,0.000000000000000000e+00
-0.000000000000000000e+00,-2.752827524019801908e-01,-0.000000000000000000e+00,-0.000000000000000000e+00,-4.031893243508489211e-01,0.000000000000000000e+00,0.000000000000000000e+00,8.227408595482289810e-02,-1.876370526878554101e-01,-0.000000000000000000e+00,0.000000000000000000e+00,-2.394380293599317755e-01,2.515624855629400858e-01,-0.000000000000000000e+00,-3.841990225622685801e-02,-0.000000000000000000e+00,-0.000000000000000000e+00,-0.000000000000000000e+00,-8.355404733338608891e-02,0.000000000000000000e+00,0.000000000000000000e+00,0.000000000000000000e+00,0.000000000000000000e+00,0.000000000000000000e+00,-0.000000000000000000e+00,-0.000000000000000000e+00,-0.000000000000000000e+00,0.000000000000000000e+00,0.000000000000000000e+00,-0.000000000000000000e+00,-0.000000000000000000e+00,0.000000000000000000e+00,3.798914414463679806e-02,1.897399979439178930e+00,1.070130439467798372e-01,-3.335862155114476812e-01,0.000000000000000000e+00,-0.000000000000000000e+00,-2.781482849517525474e-02
0.000000000000000000e+00,0.000000000000000000e+00,0.000000000000000000e+00,0.000000000000000000e+00,0.000000000000000000e+00,-1.647992730275021633e-01,-0.000000000000000000e+00,-0.000000000000000000e+00,0.000000000000000000e+00,-0.000000000000000000e+00,-7.543540044319597959e-02,0.000000000000000000e+00,-6.330670535250357278e-02,-0.000000000000000000e+00,3.001618327341556980e-02,0.000000000000000000e+00,-0.000000000000000000e+00,3.763156459236255413e-02,3.231761552932555653e-02,-1.535582478797290762e-01,-2.947210234492231851e-01,-5.683130568559346084e-03,-0.000000000000000000e+00,-5.061536994154472446e-02,-0.000000000000000000e+00,0.000000000000000000e+00,-0.000000000000000000e+00,-0.000000000000000000e+00,-4.603210695681114739e-01,-0.000000000000000000e+00,-0.000000000000000000e+00,-6.474510173124868595e-02,-1.777670759116820737e-02,1.070130439467798372e-01,2.368290371508840142e+00,0.000000000000000000e+00,-7.515151406766438225e-01,0.000000000000000000e+00,0.000000000000000000e+00
-2.244163346992898711e-01,-7.530999096889288980e-02,-0.000000000000000000e+00,-0.000000000000000000e+00,-1.229759526238890649e-01,0.000000000000000000e+00,0.000000000000000000e+00,3.845655600945879077e-02,-1.657559971127483267e-01,-0.000000000000000000e+00,0.000000000000000000e+00,-6.939776579576201199e-02,5.680350375117293460e-02,-2.330034770383708487e-01,-1.817807705390405704e-01,-0.000000000000000000e+00,-0.000000000000000000e+00,-0.000000000000000000e+00,-0.000000000000000000e+00,0.000000000000000000e+00,2.938662695634284769e-02,0.000000000000000000e+00,-0.000000000000000000e+00,0.000000000000000000e+00,-0.000000000000000000e+00,-0.000000000000000000e+00,-0.000000000000000000e+00,-0.000000000000000000e+00,0.000000000000000000e+00,-0.000000000000000000e+00,-0.000000000000000000e+00,-0.000000000000000000e+00,0.000000000000000000e+00,-3.335862155114476812e-01,0.000000000000000000e+00,1.653010662691295929e+00,0.000000000000000000e+00,-1.380745164638970957e-01,-1.100446669272066996e-01
0.000000000000000000e+00,0.000000000000000000e+00,0.000000000000000000e+00,2.516699321767408917e-02,0.000000000000000000e+00,-1.952273173687928687e-01,-0.000000000000000000e+00,-0.000000000000000000e+00,0.000000000000000000e+00,-0.000000000000000000e+00,-1.648326813667319868e-01,0.000000000000000000e+00,-1.341462532621498418e-03,-0.000000000000000000e+00,0.000000000000000000e+00,0.000000000000000000e+00,-0.000000000000000000e+00,0.000000000000000000e+00,1.025017924499064953e-01,-3.456777351459589670e-02,-3.733758104407463585e-01,-0.000000000000000000e+00,-0.000000000000000000e+00,-2.764550492276636184e-01,-0.000000000000000000e+00,0.000000000000000000e+00,-0.000000000000000000e+00,-0.000000000000000000e+00,-4.290621708774431942e-01,-0.000000000000000000e+00,-0.000000000000000000e+00,-2.562828410247357525e-01,-0.000000000000000000e+00,0.000000000000000000e+00,-7.515151406766438225e-01,0.000000000000000000e+00,2.619004693870596423e+00,0.000000000000000000e+00,0.000000000000000000e+00
-1.531353404360862036e-01,-0.000000000000000000e+00,-0.000000000000000000e+00,0.000000000000000000e+00,-0.000000000000000000e+00,0.000000000000000000e+00,0.000000000000000000e+00,0.000000000000000000e+00,-0.000000000000000000e+00,-0.000000000000000000e+00,-0.000000000000000000e+00,-0.000000000000000000e+00,0.000000000000000000e+00,-2.760334817329135881e-01,-2.942549525151405554e-01,-0.000000000000000000e+00,-2.995144025689434539e-02,-0.000000000000000000e+00,0.000000000000000000e+00,0.000000000000000000e+00,0.000000000000000000e+00,0.000000000000000000e+00,-0.000000000000000000e+00,-0.000000000000000000e+00,0.000000000000000000e+00,-0.000000000000000000e+00,-1.730005943301485549e-01,-0.000000000000000000e+00,-0.000000000000000000e+00,-0.000000000000000000e+00,-0.000000000000000000e+00,-0.000000000000000000e+00,0.000000000000000000e+00,-0.000000000000000000e+00,0.000000000000000000e+00,-1.380745164638970957e-01,0.000000000000000000e+00,1.311795239847809658e+00,-0.000000000000000000e+00
-1.838161834236924363e-01,-4.406709739616894612e-03,-0.000000000000000000e+00,-0.000000000000000000e+00,-0.000000000000000000e+00,0.000000000000000000e+00,6.510065053146363301e-02,0.000000000000000000e+00,-2.321602778872795536e-01,-9.761534169439949060e-02,0.000000000000000000e+00,-4.715387572794503823e-01,0.000000000000000000e+00,-0.000000000000000000e+00,-0.000000000000000000e+00,-0.000000000000000000e+00,-0.000000000000000000e+00,-0.000000000000000000e+00,-3.169606158009907193e-01,0.000000000000000000e+00,0.000000000000000000e+00,0.000000000000000000e+00,-0.000000000000000000e+00,0.000000000000000000e+00,-0.000000000000000000e+00,-0.000000000000000000e+00,-0.000000000000000000e+00,0.000000000000000000e+00,0.000000000000000000e+00,-0.000000000000000000e+00,-0.000000000000000000e+00,-0.000000000000000000e+00,0.000000000000000000e+00,-2.781482849517525474e-02,0.000000000000000000e+00,-1.100446669272066996e-01,0.000000000000000000e+00,-0.000000000000000000e+00,1.621747503633982346e+00
