1.847114784476687754e+00,-4.624840837727923759e-01,-0.000000000000000000e+00,0.000000000000000000e+00,-0.000000000000000000e+00,-0.000000000000000000e+00,-0.000000000000000000e+00,0.000000000000000000e+00,-0.000000000000000000e+00,-0.000000000000000000e+00,0.000000000000000000e+00,-0.000000000000000000e+00,0.000000000000000000e+00,-0.000000000000000000e+00,-0.000000000000000000e+00,-1.267861745900756842e-01,-5.593098248699257535e-02,-0.000000000000000000e+00,-0.000000000000000000e+00,0.000000000000000000e+00,-6.029635007443069628e-02,-0.000000000000000000e+00,-2.969511503019541809e-01,-2.913622387107974165e-01,-0.000000000000000000e+00,-3.016868952689452307e-02,-0.000000000000000000e+00,-0.000000000000000000e+00,-0.000000000000000000e+00,-2.211469000626604675e-01,-0.000000000000000000e+00,-0.000000000000000000e+00,-5.180284993506588387e-02,-0.000000000000000000e+00,-0.000000000000000000e+00,-1.161581065347005171e-01,-9.244085335279938554e-04,-1.891116707654681428e-01,-0.000000000000000000e+00
-4.624840837727923759e-01,2.418769572650010247e+00,0.000000000000000000e+00,-0.000000000000000000e+00,-0.000000000000000000e+00,-3.598297914161992239e-02,-0.000000000000000000e+00,0.000000000000000000e+00,-4.373896076786299575e-02,-1.526501707161319887e-01,-0.000000000000000000e+00,-4.466620150777447958e-03,0.000000000000000000e+00,-0.000000000000000000e+00,-0.000000000000000000e+00,-0.000000000000000000e+00,-1.632077675097835245e-01,-0.000000000000000000e+00,-0.000000000000000000e+00,8.028655733564173114e-02,-0.000000000000000000e+00,-1.371160320864787674e-01,-2.175552369354142868e-01,-0.000000000000000000e+00,-0.000000000000000000e+00,-0.000000000000000000e+00,-0.000000000000000000e+00,-0.000000000000000000e+00,-2.841235664468357847e-01,-2.204214486887325908e-01,0.000000000000000000e+00,-1.910418939594990539e-01,-0.000000000000000000e+00,-0.000000000000000000e+00,-0.000000000000000000e+00,-0.000000000000000000e+00,-3.314442220343046808e-01,-0.000000000000000000e+00,-2.850660459257285950e-01
-0.000000000000000000e+00,0.000000000000000000e+00,1.883875179823539137e+00,-7.289013520376336208e-02,-2.617628858813321746e-01,0.000000000000000000e+00,0.000000000000000000e+00,5.662651461054629687e-01,-0.000000000000000000e+00,-0.000000000000000000e+00,2.244210727427576463e-03,0.000000000000000000e+00,0.000000000000000000e+00,-0.000000000000000000e+00,0.000000000000000000e+00,-0.000000000000000000e+00,0.000000000000000000e+00,-2.348598653682641355e-02,-0.000000000000000000e+00,-1.598549697915696566e-01,-0.000000000000000000e+00,0.000000000000000000e+00,-0.000000000000000000e+00,-0.000000000000000000e+00,-0.000000000000000000e+00,-0.000000000000000000e+00,-0.000000000000000000e+00,-4.124136877704239201e-01,0.000000000000000000e+00,-0.000000000000000000e+00,-3.000804020398537553e-01,2.024981129364984700e-01,-0.000000000000000000e+00,-0.000000000000000000e+00,0.000000000000000000e+00,-1.448221058226067115e-01,-0.000000000000000000e+00,0.000000000000000000e+00,0.000000000000000000e+00
0.000000000000000000e+00,-0.000000000000000000e+00,-7.289013520376336208e-02,1.240983671361343132e+00,-4.266121202334684503e-01,0.000000000000000000e+00,-7.412942525922715589e-03,5.681891120447905841e-02,-0.000000000000000000e+00,-2.283300036598146995e-02,0.000000000000000000e+00,-0.000000000000000000e+00,0.000000000000000000e+00,-0.000000000000000000e+00,0.000000000000000000e+00,-0.000000000000000000e+00,0.000000000000000000e+00,-3.233626744958962435e-02,-0.000000000000000000e+00,-0.000000000000000000e+00,0.000000000000000000e+00,-0.000000000000000000e+00,-0.000000000000000000e+00,0.000000000000000000e+00,-0.000000000000000000e+00,-0.000000000000000000e+00,0.000000000000000000e+00,-0.000000000000000000e+00,-0.000000000000000000e+00,-0.000000000000000000e+00,-0.000000000000000000e+00,0.000000000000000000e+00,0.000000000000000000e+00,-0.000000000000000000e+00,0.000000000000000000e+00,-0.000000000000000000e+00,-0.000000000000000000e+00,1.716336429849295575e-01,0.000000000000000000e+00
-0.000000000000000000e+00,-0.000000000000000000e+00,-2.617628858813321746e-01,-4.266121202334684503e-01,1.966825843214468739e+00,0.000000000000000000e+00,-0.000000000000000000e+00,2.739669535422866731e-01,-0.000000000000000000e+00,-2.005793126948358235e-02,0.000000000000000000e+00,-0.000000000000000000e+00,4.480444095515534464e-02,-0.000000000000000000e+00,-0.000000000000000000e+00,-0.000000000000000000e+00,-0.000000000000000000e+00,-4.740777811165108879e-01,-0.000000000000000000e+00,-0.000000000000000000e+00,-0.000000000000000000e+00,-0.000000000000000000e+00,-0.000000000000000000e+00,-0.000000000000000000e+00,-0.000000000000000000e+00,-0.000000000000000000e+00,-0.000000000000000000e+00,-7.979298478870103239e-02,-0.000000000000000000e+00,-0.000000000000000000e+00,-0.000000000000000000e+00,0.000000000000000000e+00,-0.000000000000000000e+00,-3.643097355400669590e-01,-0.000000000000000000e+00,-0.000000000000000000e+00,-0.000000000000000000e+00,0.000000000000000000e+00,-0.000000000000000000e+00
-0.000000000000000000e+00,-3.598297914161992239e-02,0.000000000000000000e+00,0.000000000000000000e+00,0.000000000000000000e+00,2.085568425383165891e+00,-0.000000000000000000e+00,0.000000000000000000e+00,-0.000000000000000000e+00,-0.000000000000000000e+00,-0.000000000000000000e+00,-6.339299723493480899e-03,0.000000000000000000e+00,-0.000000000000000000e+00,-1.325461886517905266e-02,-0.000000000000000000e+00,-4.142347532111432251e-01,-0.000000000000000000e+00,-0.000000000000000000e+00,0.000000000000000000e+00,-0.000000000000000000e+00,-2.235446585480295456e-01,-5.543914384642869425e-02,-0.000000000000000000e+00,-0.000000000000000000e+00,-0.000000000000000000e+00,0.000000000000000000e+00,0.000000000000000000e+00,-2.664600691173076852e-01,-0.000000000000000000e+00,8.403508992431976687e-02,-3.751745332623330209e-01,-0.000000000000000000e+00,-0.000000000000000000e+00,-4.246811307495212962e-01,0.000000000000000000e+00,-1.623437465529445345e-01,-0.000000000000000000e+00,-0.000000000000000000e+00
-0.000000000000000000e+00,-0.000000000000000000e+00,0.000000000000000000e+00,-7.412942525922715589e-03,-0.000000000000000000e+00,-0.000000000000000000e+00,1.239403113792446831e+00,0.000000000000000000e+00,-0.000000000000000000e+00,-7.228118271475031387e-02,-0.000000000000000000e+00,-1.132365232739329514e-01,0.000000000000000000e+00,-1.405432254630342992e-01,-0.000000000000000000e+00,-0.000000000000000000e+00,-7.701570719195405951e-03,-0.000000000000000000e+00,-7.898797478840886843e-02,0.000000000000000000e+00,2.824508634334935500e-02,-3.106668927307325578e-01,-0.000000000000000000e+00,-0.000000000000000000e+00,-0.000000000000000000e+00,-0.000000000000000000e+00,0.000000000000000000e+00,-0.000000000000000000e+00,-2.631445708170714829e-03,-0.000000000000000000e+00,0.000000000000000000e+00,-0.000000000000000000e+00,0.000000000000000000e+00,-0.000000000000000000e+00,-0.000000000000000000e+00,0.000000000000000000e+00,-0.000000000000000000e+00,0.000000000000000000e+00,-0.000000000000000000e+00
0.000000000000000000e+00,0.000000000000000000e+00,5.662651461054629687e-01,5.681891120447905841e-02,2.739669535422866731e-01,0.000000000000000000e+00,0.000000000000000000e+00,2.482970900967937045e+00,6.433953580250218601e-03,1.360563392038351138e-01,-0.000000000000000000e+00,0.000000000000000000e+00,-1.277499037267342541e-01,2.474926138643675499e-01,0.000000000000000000e+00,2.956873261156693438e-04,0.000000000000000000e+00,5.763237474522133752e-01,0.000000000000000000e+00,0.000000000000000000e+00,0.000000000000000000e+00,0.000000000000000000e+00,0.000000000000000000e+00,0.000000000000000000e+00,1.567917134207540975e-01,0.000000000000000000e+00,0.000000000000000000e+00,2.766881576918318597e-01,0.000000000000000000e+00,0.000000000000000000e+00,0.000000000000000000e+00,-0.000000000000000000e+00,0.000000000000000000e+00,3.444909756011410029e-01,0.000000000000000000e+00,0.000000000000000000e+00,0.000000000000000000e+00,-0.000000000000000000e+00,0.000000000000000000e+00
-0.000000000000000000e+00,-4.373896076786299575e-02,-0.000000000000000000e+00,-0.000000000000000000e+00,-0.000000000000000000e+00,-0.000000000000000000e+00,-0.000000000000000000e+00,6.433953580250218601e-03,2.247689068243479582e+00,-4.429633450206756917e-01,0.000000000000000000e+00,-0.000000000000000000e+00,0.000000000000000000e+00,-5.168565283100693894e-03,-3.835485998656885664e-01,-5.793600093415939706e-02,-0.000000000000000000e+00,-3.018619026934519015e-02,-0.000000000000000000e+00,0.000000000000000000e+00,-0.000000000000000000e+00,-0.000000000000000000e+00,-1.236412409607813706e-01,-1.953946960003454664e-02,-1.127466331054374632e-01,-1.138231185363980796e-01,-0.000000000000000000e+00,-3.632515094628273322e-02,-0.000000000000000000e+00,-2.752835460373546650e-01,-0.000000000000000000e+00,-0.000000000000000000e+00,-0.000000000000000000e+00,-6.655495044009102079e-01,-0.000000000000000000e+00,-0.000000000000000000e+00,-0.000000000000000000e+00,-0.000000000000000000e+00,-7.557286523753777019e-02
-0.000000000000000000e+00,-1.526501707161319887e-01,-0.000000000000000000e+00,-2.283300036598146995e-02,-2.005793126948358235e-02,-0.000000000000000000e+00,-7.228118271475031387e-02,1.360563392038351138e-01,-4.429633450206756917e-01,2.315620093489011655e+00,0.000000000000000000e+00,-9.736627793358948457e-02,0.000000000000000000e+00,-4.044726782127614634e-02,-0.000000000000000000e+00,-5.392136271517878887e-01,-0.000000000000000000e+00,-1.403448957428374451e-02,-0.000000000000000000e+00,0.000000000000000000e+00,-0.000000000000000000e+00,-4.861171029968577861e-02,-2.523613521066514487e-01,-0.000000000000000000e+00,-2.319245241538133440e-01,-0.000000000000000000e+00,-0.000000000000000000e+00,-0.000000000000000000e+00,-0.000000000000000000e+00,-2.399355630478802737e-01,-0.000000000000000000e+00,-0.000000000000000000e+00,-0.000000000000000000e+00,-1.716387947578979778e-01,-0.000000000000000000e+00,-0.000000000000000000e+00,-0.000000000000000000e+00,0.000000000000000000e+00,-3.288751214898892432e-03
0.000000000000000000e+00,-0.000000000000000000e+00,2.244210727427576463e-03,0.000000000000000000e+00,0.000000000000000000e+00,-0.000000000000000000e+00,-0.000000000000000000e+00,-0.000000000000000000e+00,0.000000000000000000e+00,0.000000000000000000e+00,1.020080580255977587e+00,-0.000000000000000000e+00,-0.000000000000000000e+00,0.000000000000000000e+00,0.000000000000000000e+00,0.000000000000000000e+00,-0.000000000000000000e+00,0.000000000000000000e+00,0.000000000000000000e+00,0.000000000000000000e+00,0.000000000000000000e+00,-0.000000000000000000e+00,0.000000000000000000e+00,0.000000000000000000e+00,0.000000000000000000e+00,3.136591428646921115e-02,0.000000000000000000e+00,1.245945969376575646e-01,-0.000000000000000000e+00,0.000000000000000000e+00,0.000000000000000000e+00,-2.115783487120334247e-02,0.000000000000000000e+00,0.000000000000000000e+00,-0.000000000000000000e+00,0.000000000000000000e+00,-0.000000000000000000e+00,0.000000000000000000e+00,-0.000000000000000000e+00
-0.000000000000000000e+00,-4.466620150777447958e-03,0.000000000000000000e+00,-0.000000000000000000e+00,-0.000000000000000000e+00,-6.339299723493480899e-03,-1.132365232739329514e-01,0.000000000000000000e+00,-0.000000000000000000e+00,-9.736627793358948457e-02,-0.000000000000000000e+00,2.256202373914468762e+00,0.000000000000000000e+00,-0.000000000000000000e+00,-2.114838820137293629e-02,-0.000000000000000000e+00,-1.159306460457547733e-01,-0.000000000000000000e+00,-3.294094159759981127e-02,2.149953705713139873e-01,0.000000000000000000e+00,-5.183502776890172026e-01,-6.207037235569006633e-02,-0.000000000000000000e+00,-0.000000000000000000e+00,0.000000000000000000e+00,-0.000000000000000000e+00,-0.000000000000000000e+00,-1.389308618936739015e-01,-0.000000000000000000e+00,0.000000000000000000e+00,-0.000000000000000000e+00,0.000000000000000000e+00,-0.000000000000000000e+00,-0.000000000000000000e+00,-0.000000000000000000e+00,-2.068585182574307069e-01,-0.000000000000000000e+00,-7.024513130893712543e-01
0.000000000000000000e+00,0.000000000000000000e+00,0.000000000000000000e+00,0.000000000000000000e+00,4.480444095515534464e-02,0.000000000000000000e+00,0.000000000000000000e+00,-1.277499037267342541e-01,0.000000000000000000e+00,0.000000000000000000e+00,-0.000000000000000000e+00,0.000000000000000000e+00,1.097186648876701254e+00,0.000000000000000000e+00,0.000000000000000000e+00,0.000000000000000000e+00,0.000000000000000000e+00,1.403831547972603927e-02,0.000000000000000000e+00,-0.000000000000000000e+00,-0.000000000000000000e+00,0.000000000000000000e+00,0.000000000000000000e+00,0.000000000000000000e+00,0.000000000000000000e+00,2.737586978439842354e-03,0.000000000000000000e+00,0.000000000000000000e+00,0.000000000000000000e+00,0.000000000000000000e+00,2.155073447129217945e-01,0.000000000000000000e+00,-0.000000000000000000e+00,0.000000000000000000e+00,0.000000000000000000e+00,0.000000000000000000e+00,6.272970779140052411e-02,0.000000000000000000e+00,0.000000000000000000e+00
-0.000000000000000000e+00,-0.000000000000000000e+00,-0.000000000000000000e+00,-0.000000000000000000e+00,-0.000000000000000000e+00,-0.000000000000000000e+00,-1.405432254630342992e-01,2.474926138643675499e-01,-5.168565283100693894e-03,-4.044726782127614634e-02,0.000000000000000000e+00,-0.000000000000000000e+00,0.000000000000000000e+00,2.064445777512933233e+00,-0.000000000000000000e+00,-9.145290164213779049e-02,-0.000000000000000000e+00,-3.085167005844157706e-01,-0.000000000000000000e+00,0.000000000000000000e+00,-0.000000000000000000e+00,-0.000000000000000000e+00,-5.206990011371939731e-02,-3.659156947409333283e-01,-1.859243806034580407e-02,-0.000000000000000000e+00,-0.000000000000000000e+00,-0.000000000000000000e+00,-2.205375430127261560e-01,-0.000000000000000000e+00,-0.000000000000000000e+00,-0.000000000000000000e+00,-1.040265983128083049e-01,-3.904184689065041958e-02,-2.018862514026476818e-01,-0.000000000000000000e+00,-4.239946049713318454e-01,-0.000000000000000000e+00,-0.000000000000000000e+00
-0.000000000000000000e+00,-0.000000000000000000e+00,0.000000000000000000e+00,0.000000000000000000e+00,-0.000000000000000000e+00,-1.325461886517905266e-02,-0.000000000000000000e+00,0.000000000000000000e+00,-3.835485998656885664e-01,-0.000000000000000000e+00,0.000000000000000000e+00,-2.114838820137293629e-02,0.000000000000000000e+00,-0.000000000000000000e+00,1.539285598429923407e+00,-0.000000000000000000e+00,-1.693068850918823254e-01,-0.000000000000000000e+00,-4.186112573571462714e-01,1.330982885315538100e-01,-0.000000000000000000e+00,-0.000000000000000000e+00,-0.000000000000000000e+00,-0.000000000000000000e+00,-0.000000000000000000e+00,-1.056838166399577152e-02,-0.000000000000000000e+00,-0.000000000000000000e+00,-0.000000000000000000e+00,-0.000000000000000000e+00,0.000000000000000000e+00,-0.000000000000000000e+00,-0.000000000000000000e+00,-2.451172978686318518e-02,-0.000000000000000000e+00,-0.000000000000000000e+00,-0.000000000000000000e+00,-6.961253335794555241e-02,-1.203741591098511643e-01
-1.267861745900756842e-01,-0.000000000000000000e+00,-0.000000000000000000e+00,-0.000000000000000000e+00,-0.000000000000000000e+00,-0.000000000000000000e+00,-0.000000000000000000e+00,2.956873261156693438e-04,-5.793600093415939706e-02,-5.392136271517878887e-01,0.000000000000000000e+00,-0.000000000000000000e+00,0.000000000000000000e+00,-9.145290164213779049e-02,-0.000000000000000000e+00,1.879694459347643676e+00,-0.000000000000000000e+00,-0.000000000000000000e+00,-0.000000000000000000e+00,0.000000000000000000e+00,-0.000000000000000000e+00,-0.000000000000000000e+00,-4.807640710085422930e-02,-0.000000000000000000e+00,-3.401794978156136295e-01,-7.869985399920257849e-03,-0.000000000000000000e+00,-1.172130850819678299e-01,-0.000000000000000000e+00,-3.668704759433008555e-01,-0.000000000000000000e+00,-0.000000000000000000e+00,-0.000000000000000000e+00,-0.000000000000000000e+00,-0.000000000000000000e+00,-0.000000000000000000e+00,-0.000000000000000000e+00,-0.000000000000000000e+00,-0.000000000000000000e+00
-5.593098248699257535e-02,-1.632077675097835245e-01,0.000000000000000000e+00,0.000000000000000000e+00,-0.000000000000000000e+00,-4.142347532111432251e-01,-7.701570719195405951e-03,0.000000000000000000e+00,-0.000000000000000000e+00,-0.000000000000000000e+00,-0.000000000000000000e+00,-1.159306460457547733e-01,0.000000000000000000e+00,-0.000000000000000000e+00,-1.693068850918823254e-01,-0.000000000000000000e+00,1.894817086454944732e+00,-2.168441707999026885e-02,-1.027696898052741781e-01,0.000000000000000000e+00,-0.000000000000000000e+00,-3.709107443953404970e-02,-0.000000000000000000e+00,-1.692657636539381116e-01,-0.000000000000000000e+00,-0.000000000000000000e+00,-0.000000000000000000e+00,-0.000000000000000000e+00,-1.505888921752328025e-01,-0.000000000000000000e+00,0.000000000000000000e+00,-6.985067435811832814e-02,-0.000000000000000000e+00,-0.000000000000000000e+00,-1.436655743629398907e-01,-0.000000000000000000e+00,-1.366830550806897027e-01,-0.000000000000000000e+00,-1.097961839656229621e-01
-0.000000000000000000e+00,-0.000000000000000000e+00,-2.348598653682641355e-02,-3.233626744958962435e-02,-4.740777811165108879e-01,-0.000000000000000000e+00,-0.000000000000000000e+00,5.763237474522133752e-01,-3.018619026934519015e-02,-1.403448957428374451e-02,0.000000000000000000e+00,-0.000000000000000000e+00,1.403831547972603927e-02,-3.085167005844157706e-01,-0.000000000000000000e+00,-0.000000000000000000e+00,-2.168441707999026885e-02,2.071048287206722183e+00,-1.851483078965017112e-02,-0.000000000000000000e+00,-0.000000000000000000e+00,-0.000000000000000000e+00,-0.000000000000000000e+00,-0.000000000000000000e+00,-0.000000000000000000e+00,-6.802048249953185355e-02,-0.000000000000000000e+00,-1.439911772061741035e-01,-0.000000000000000000e+00,-0.000000000000000000e+00,-0.000000000000000000e+00,-0.000000000000000000e+00,-0.000000000000000000e+00,-2.760984801413537970e-01,-0.000000000000000000e+00,-0.000000000000000000e+00,-0.000000000000000000e+00,0.000000000000000000e+00,-0.000000000000000000e+00
-0.000000000000000000e+00,-0.000000000000000000e+00,-0.000000000000000000e+00,-0.000000000000000000e+00,-0.000000000000000000e+00,-0.000000000000000000e+00,-7.898797478840886843e-02,0.000000000000000000e+00,-0.000000000000000000e+00,-0.000000000000000000e+00,0.000000000000000000e+00,-3.294094159759981127e-02,0.000000000000000000e+00,-0.000000000000000000e+00,-4.186112573571462714e-01,-0.000000000000000000e+00,-1.027696898052741781e-01,-1.851483078965017112e-02,1.370479698975993532e+00,0.000000000000000000e+00,0.000000000000000000e+00,-0.000000000000000000e+00,-0.000000000000000000e+00,-0.000000000000000000e+00,-0.000000000000000000e+00,-0.000000000000000000e+00,-0.000000000000000000e+00,-0.000000000000000000e+00,-0.000000000000000000e+00,-0.000000000000000000e+00,0.000000000000000000e+00,-0.000000000000000000e+00,0.000000000000000000e+00,-0.000000000000000000e+00,-0.000000000000000000e+00,-0.000000000000000000e+00,-2.430615991473369097e-01,-0.000000000000000000e+00,-7.124843423313263757e-02
0.000000000000000000e+00,8.028655733564173114e-02,-1.598549697915696566e-01,-0.000000000000000000e+00,-0.000000000000000000e+00,0.000000000000000000e+00,0.000000000000000000e+00,0.000000000000000000e+00,0.000000000000000000e+00,0.000000000000000000e+00,0.000000000000000000e+00,2.149953705713139873e-01,-0.000000000000000000e+00,0.000000000000000000e+00,1.330982885315538100e-01,0.000000000000000000e+00,0.000000000000000000e+00,-0.000000000000000000e+00,0.000000000000000000e+00,1.550736499551527148e+00,-0.000000000000000000e+00,3.152483794017271190e-01,0.000000000000000000e+00,0.000000000000000000e+00,0.000000000000000000e+00,-0.000000000000000000e+00,-0.000000000000000000e+00,-0.000000000000000000e+00,9.462885088264871847e-02,0.000000000000000000e+00,-1.192477610853696773e-01,2.030594820084125895e-01,-0.000000000000000000e+00,0.000000000000000000e+00,0.000000000000000000e+00,-0.000000000000000000e+00,3.311696411567483650e-02,0.000000000000000000e+00,1.037676414978004474e-01
-6.029635007443069628e-02,-0.000000000000000000e+00,-0.000000000000000000e+00,0.000000000000000000e+00,-0.000000000000000000e+00,-0.000000000000000000e+00,2.824508634334935500e-02,0.000000000000000000e+00,-0.000000000000000000e+00,-0.000000000000000000e+00,0.000000000000000000e+00,0.000000000000000000e+00,-0.000000000000000000e+00,-0.000000000000000000e+00,-0.000000000000000000e+00,-0.000000000000000000e+00,-0.000000000000000000e+00,-0.000000000000000000e+00,0.000000000000000000e+00,-0.000000000000000000e+00,1.126244022666808675e+00,0.000000000000000000e+00,-0.000000000000000000e+00,-4.735496563470100589e-02,-0.000000000000000000e+00,-1.778220224754476220e-01,-0.000000000000000000e+00,-0.000000000000000000e+00,-0.000000000000000000e+00,-0.000000000000000000e+00,-0.000000000000000000e+00,-0.000000000000000000e+00,-2.381972517484357565e-01,-0.000000000000000000e+00,-0.000000000000000000e+00,-0.000000000000000000e+00,-0.000000000000000000e+00,-0.000000000000000000e+00,0.000000000000000000e+00
-0.000000000000000000e+00,-1.371160320864787674e-01,0.000000000000000000e+00,-0.000000000000000000e+00,-0.000000000000000000e+00,-2.235446585480295456e-01,-3.106668927307325578e-01,0.000000000000000000e+00,-0.000000000000000000e+00,-4.861171029968577861e-02,-0.000000000000000000e+00,-5.183502776890172026e-01,0.000000000000000000e+00,-0.000000000000000000e+00,-0.000000000000000000e+00,-0.000000000000000000e+00,-3.709107443953404970e-02,-0.000000000000000000e+00,-0.000000000000000000e+00,3.152483794017271190e-01,0.000000000000000000e+00,2.211474044198859179e+00,-0.000000000000000000e+00,-0.000000000000000000e+00,-0.000000000000000000e+00,-0.000000000000000000e+00,0.000000000000000000e+00,0.000000000000000000e+00,-1.427465197666688834e-01,-0.000000000000000000e+00,1.490541534088742626e-01,-1.931865370755413980e-01,0.000000000000000000e+00,-0.000000000000000000e+00,-0.000000000000000000e+00,-0.000000000000000000e+00,-0.000000000000000000e+00,-0.000000000000000000e+00,-3.338309288070426817e-01
-2.969511503019541809e-01,-2.175552369354142868e-01,-0.000000000000000000e+00,-0.000000000000000000e+00,-0.000000000000000000e+00,-5.543914384642869425e-02,-0.000000000000000000e+00,0.000000000000000000e+00,-1.236412409607813706e-01,-2.523613521066514487e-01,0.000000000000000000e+00,-6.207037235569006633e-02,0.000000000000000000e+00,-5.206990011371939731e-02,-0.000000000000000000e+00,-4.807640710085422930e-02,-0.000000000000000000e+00,-0.000000000000000000e+00,-0.000000000000000000e+00,0.000000000000000000e+00,-0.000000000000000000e+00,-0.000000000000000000e+00,2.178794517938253517e+00,-1.285209244868025236e-01,-3.052604557710810185e-01,-0.000000000000000000e+00,-0.000000000000000000e+00,-0.000000000000000000e+00,-2.418083291684375025e-01,-1.206289445998628834e-01,0.000000000000000000e+00,-0.000000000000000000e+00,-1.282627804565170671e-01,-0.000000000000000000e+00,-0.000000000000000000e+00,-8.151749480281645852e-03,-1.993410911318157716e-02,-0.000000000000000000e+00,-2.786039437393970641e-01
-2.913622387107974165e-01,-0.000000000000000000e+00,-0.000000000000000000e+00,0.000000000000000000e+00,-0.000000000000000000e+00,-0.000000000000000000e+00,-0.000000000000000000e+00,0.000000000000000000e+00,-1.953946960003454664e-02,-0.000000000000000000e+00,0.000000000000000000e+00,-0.000000000000000000e+00,0.000000000000000000e+00,-3.659156947409333283e-01,-0.000000000000000000e+00,-0.000000000000000000e+00,-1.692657636539381116e-01,-0.000000000000000000e+00,-0.000000000000000000e+00,0.000000000000000000e+00,-4.735496563470100589e-02,-0.000000000000000000e+00,-1.285209244868025236e-01,1.608849522528214893e+00,-0.000000000000000000e+00,-9.426724440189972187e-02,-0.000000000000000000e+00,-3.509115891346489390e-03,-0.000000000000000000e+00,-0.000000000000000000e+00,-0.000000000000000000e+00,-0.000000000000000000e+00,-2.070604622828976227e-01,-0.000000000000000000e+00,-0.000000000000000000e+00,-1.701336368870099702e-01,-1.694064370165110009e-02,-0.000000000000000000e+00,-0.000000000000000000e+00
-0.000000000000000000e+00,-0.000000000000000000e+00,-0.000000000000000000e+00,-0.000000000000000000e+00,-0.000000000000000000e+00,-0.000000000000000000e+00,-0.000000000000000000e+00,1.567917134207540975e-01,-1.127466331054374632e-01,-2.319245241538133440e-01,0.000000000000000000e+00,-0.000000000000000000e+00,0.000000000000000000e+00,-1.859243806034580407e-02,-0.000000000000000000e+00,-3.401794978156136295e-01,-0.000000000000000000e+00,-0.000000000000000000e+00,-0.000000000000000000e+00,0.000000000000000000e+00,-0.000000000000000000e+00,-0.000000000000000000e+00,-3.052604557710810185e-01,-0.000000000000000000e+00,1.752276806270393283e+00,-2.685605510776841939e-02,-0.000000000000000000e+00,-1.864608853135367450e-01,-0.000000000000000000e+00,-0.000000000000000000e+00,-0.000000000000000000e+00,-0.000000000000000000e+00,-7.299414590813084469e-02,-8.112643865899734838e-03,-0.000000000000000000e+00,-1.886074287933673654e-01,-0.000000000000000000e+00,-0.000000000000000000e+00,-0.000000000000000000e+00
-3.016868952689452307e-02,-0.000000000000000000e+00,-0.000000000000000000e+00,-0.000000000000000000e+00,-0.000000000000000000e+00,-0.000000000000000000e+00,-0.000000000000000000e+00,0.000000000000000000e+00,-1.138231185363980796e-01,-0.000000000000000000e+00,3.136591428646921115e-02,0.000000000000000000e+00,2.737586978439842354e-03,-0.000000000000000000e+00,-1.056838166399577152e-02,-7.869985399920257849e-03,-0.000000000000000000e+00,-6.802048249953185355e-02,-0.000000000000000000e+00,-0.000000000000000000e+00,-1.778220224754476220e-01,-0.000000000000000000e+00,-0.000000000000000000e+00,-9.426724440189972187e-02,-2.685605510776841939e-02,1.635038609430149448e+00,-3.792361620288470792e-01,-4.009706665226752120e-01,-0.000000000000000000e+00,-1.053093532175183589e-01,-1.506634272227211635e-01,0.000000000000000000e+00,-8.465736579089311320e-02,-0.000000000000000000e+00,-0.000000000000000000e+00,-0.000000000000000000e+00,-0.000000000000000000e+00,-1.204310777985187625e-01,-0.000000000000000000e+00
-0.000000000000000000e+00,-0.000000000000000000e+00,-0.000000000000000000e+00,0.000000000000000000e+00,-0.000000000000000000e+00,0.000000000000000000e+00,0.000000000000000000e+00,0.000000000000000000e+00,-0.000000000000000000e+00,-0.000000000000000000e+00,0.000000000000000000e+00,-0.000000000000000000e+00,0.000000000000000000e+00,-0.000000000000000000e+00,-0.000000000000000000e+00,-0.000000000000000000e+00,-0.000000000000000000e+00,-0.000000000000000000e+00,-0.000000000000000000e+00,-0.000000000000000000e+00,-0.000000000000000000e+00,0.000000000000000000e+00,-0.000000000000000000e+00,-0.000000000000000000e+00,-0.000000000000000000e+00,-3.792361620288470792e-01,1.266296576667397034e+00,-8.952480207888076358e-02,-0.000000000000000000e+00,-0.000000000000000000e+00,-2.674806765732451463e-01,0.000000000000000000e+00,-0.000000000000000000e+00,-0.000000000000000000e+00,-0.000000000000000000e+00,-0.000000000000000000e+00,-0.000000000000000000e+00,-0.000000000000000000e+00,-0.000000000000000000e+00
-0.000000000000000000e+00,-0.000000000000000000e+00,-4.124136877704239201e-01,-0.000000000000000000e+00,-7.979298478870103239e-02,0.000000000000000000e+00,-0.000000000000000000e+00,2.766881576918318597e-01,-3.632515094628273322e-02,-0.000000000000000000e+00,1.245945969376575646e-01,-0.000000000000000000e+00,0.000000000000000000e+00,-0.000000000000000000e+00,-0.000000000000000000e+00,-1.172130850819678299e-01,-0.000000000000000000e+00,-1.439911772061741035e-01,-0.000000000000000000e+00,-0.000000000000000000e+00,-0.000000000000000000e+00,0.000000000000000000e+00,-0.000000000000000000e+00,-3.509115891346489390e-03,-1.864608853135367450e-01,-4.009706665226752120e-01,-8.952480207888076358e-02,2.139210627839398970e+00,-0.000000000000000000e+00,-1.112883746936035589e-01,-2.078267848936604933e-01,0.000000000000000000e+00,-0.000000000000000000e+00,-1.209903030134543145e-01,0.000000000000000000e+00,-2.415733297080880360e-01,-0.000000000000000000e+00,-0.000000000000000000e+00,-0.000000000000000000e+00
-0.000000000000000000e+00,-2.841235664468357847e-01,0.000000000000000000e+00,-0.000000000000000000e+00,-0.000000000000000000e+00,-2.664600691173076852e-01,-2.631445708170714829e-03,0.000000000000000000e+00,-0.000000000000000000e+00,-0.000000000000000000e+00,-0.000000000000000000e+00,-1.389308618936739015e-01,0.000000000000000000e+00,-2.205375430127261560e-01,-0.000000000000000000e+00,-0.000000000000000000e+00,-1.505888921752328025e-01,-0.000000000000000000e+00,-0.000000000000000000e+00,9.462885088264871847e-02,-0.000000000000000000e+00,-1.427465197666688834e-01,-2.418083291684375025e-01,-0.000000000000000000e+00,-0.000000000000000000e+00,-0.000000000000000000e+00,-0.000000000000000000e+00,-0.000000000000000000e+00,2.631058310487624397e+00,-0.000000000000000000e+00,0.000000000000000000e+00,-2.348056624200849651e-01,-0.000000000000000000e+00,-0.000000000000000000e+00,-3.460399376271011129e-01,-0.000000000000000000e+00,-6.379977069848238314e-01,-0.000000000000000000e+00,-4.346625291149348175e-02
-2.211469000626604675e-01,-2.204214486887325908e-01,-0.000000000000000000e+00,-0.000000000000000000e+00,-0.000000000000000000e+00,-0.000000000000000000e+00,-0.000000000000000000e+00,0.000000000000000000e+00,-2.752835460373546650e-01,-2.399355630478802737e-01,0.000000000000000000e+00,-0.000000000000000000e+00,0.000000000000000000e+00,-0.000000000000000000e+00,-0.000000000000000000e+00,-3.668704759433008555e-01,-0.000000000000000000e+00,-0.000000000000000000e+00,-0.000000000000000000e+00,0.000000000000000000e+00,-0.000000000000000000e+00,-0.000000000000000000e+00,-1.206289445998628834e-01,-0.000000000000000000e+00,-0.000000000000000000e+00,-1.053093532175183589e-01,-0.000000000000000000e+00,-1.112883746936035589e-01,-0.000000000000000000e+00,1.810022447403597079e+00,-0.000000000000000000e+00,-0.000000000000000000e+00,-0.000000000000000000e+00,-0.000000000000000000e+00,-0.000000000000000000e+00,-0.000000000000000000e+00,-0.000000000000000000e+00,-0.000000000000000000e+00,-0.000000000000000000e+00
-0.000000000000000000e+00,0.000000000000000000e+00,-3.000804020398537553e-01,-0.000000000000000000e+00,-0.000000000000000000e+00,8.403508992431976687e-02,0.000000000000000000e+00,0.000000000000000000e+00,-0.000000000000000000e+00,-0.000000000000000000e+00,0.000000000000000000e+00,0.000000000000000000e+00,2.155073447129217945e-01,-0.000000000000000000e+00,0.000000000000000000e+00,-0.000000000000000000e+00,0.000000000000000000e+00,-0.000000000000000000e+00,0.000000000000000000e+00,-1.192477610853696773e-01,-0.000000000000000000e+00,1.490541534088742626e-01,0.000000000000000000e+00,-0.000000000000000000e+00,-0.000000000000000000e+00,-1.506634272227211635e-01,-2.674806765732451463e-01,-2.078267848936604933e-01,0.000000000000000000e+00,-0.000000000000000000e+00,1.424087583777519983e+00,0.000000000000000000e+00,-0.000000000000000000e+00,-0.000000000000000000e+00,0.000000000000000000e+00,-0.000000000000000000e+00,0.000000000000000000e+00,-0.000000000000000000e+00,0.000000000000000000e+00
-0.000000000000000000e+00,-1.910418939594990539e-01,2.024981129364984700e-01,0.000000000000000000e+00,0.000000000000000000e+00,-3.751745332623330209e-01,-0.000000000000000000e+00,-0.000000000000000000e+00,-0.000000000000000000e+00,-0.000000000000000000e+00,-2.115783487120334247e-02,-0.000000000000000000e+00,0.000000000000000000e+00,-0.000000000000000000e+00,-0.000000000000000000e+00,-0.000000000000000000e+00,-6.985067435811832814e-02,-0.000000000000000000e+00,-0.000000000000000000e+00,2.030594820084125895e-01,-0.000000000000000000e+00,-1.931865370755413980e-01,-0.000000000000000000e+00,-0.000000000000000000e+00,-0.000000000000000000e+00,0.000000000000000000e+00,0.000000000000000000e+00,0.000000000000000000e+00,-2.348056624200849651e-01,-0.000000000000000000e+00,0.000000000000000000e+00,1.774568973223781487e+00,-0.000000000000000000e+00,-0.000000000000000000e+00,-8.919860289299420819e-02,0.000000000000000000e+00,-1.500517315051584297e-02,-0.000000000000000000e+00,-1.715516988553852651e-01
-5.180284993506588387e-02,-0.000000000000000000e+00,-0.000000000000000000e+00,0.000000000000000000e+00,-0.000000000000000000e+00,-0.000000000000000000e+00,0.000000000000000000e+00,0.000000000000000000e+00,-0.000000000000000000e+00,-0.000000000000000000e+00,0.000000000000000000e+00,0.000000000000000000e+00,-0.000000000000000000e+00,-1.040265983128083049e-01,-0.000000000000000000e+00,-0.000000000000000000e+00,-0.000000000000000000e+00,-0.000000000000000000e+00,0.000000000000000000e+00,-0.000000000000000000e+00,-2.381972517484357565e-01,0.000000000000000000e+00,-1.282627804565170671e-01,-2.070604622828976227e-01,-7.299414590813084469e-02,-8.465736579089311320e-02,-0.000000000000000000e+00,-0.000000000000000000e+00,-0.000000000000000000e+00,-0.000000000000000000e+00,-0.000000000000000000e+00,-0.000000000000000000e+00,1.281019576890657374e+00,-0.000000000000000000e+00,-5.587206996909972745e-02,-0.000000000000000000e+00,-0.000000000000000000e+00,-0.000000000000000000e+00,-0.000000000000000000e+00
-0.000000000000000000e+00,-0.000000000000000000e+00,-0.000000000000000000e+00,-0.000000000000000000e+00,-3.643097355400669590e-01,-0.000000000000000000e+00,-0.000000000000000000e+00,3.444909756011410029e-01,-6.655495044009102079e-01,-1.716387947578979778e-01,0.000000000000000000e+00,-0.000000000000000000e+00,0.000000000000000000e+00,-3.904184689065041958e-02,-2.451172978686318518e-02,-0.000000000000000000e+00,-0.000000000000000000e+00,-2.760984801413537970e-01,-0.000000000000000000e+00,0.000000000000000000e+00,-0.000000000000000000e+00,-0.000000000000000000e+00,-0.000000000000000000e+00,-0.000000000000000000e+00,-8.112643865899734838e-03,-0.000000000000000000e+00,-0.000000000000000000e+00,-1.209903030134543145e-01,-0.000000000000000000e+00,-0.000000000000000000e+00,-0.000000000000000000e+00,-0.000000000000000000e+00,-0.000000000000000000e+00,2.106763788966937057e+00,-0.000000000000000000e+00,-0.000000000000000000e+00,-0.000000000000000000e+00,0.000000000000000000e+00,-0.000000000000000000e+00
-0.000000000000000000e+00,-0.000000000000000000e+00,0.000000000000000000e+00,0.000000000000000000e+00,-0.000000000000000000e+00,-4.246811307495212962e-01,-0.000000000000000000e+00,0.000000000000000000e+00,-0.000000000000000000e+00,-0.000000000000000000e+00,-0.000000000000000000e+00,-0.000000000000000000e+00,0.000000000000000000e+00,-2.018862514026476818e-01,-0.000000000000000000e+00,-0.000000000000000000e+00,-1.436655743629398907e-01,-0.000000000000000000e+00,-0.000000000000000000e+00,0.000000000000000000e+00,-0.000000000000000000e+00,-0.000000000000000000e+00,-0.000000000000000000e+00,-0.000000000000000000e+00,-0.000000000000000000e+00,-0.000000000000000000e+00,-0.000000000000000000e+00,0.000000000000000000e+00,-3.460399376271011129e-01,-0.000000000000000000e+00,0.000000000000000000e+00,-8.919860289299420819e-02,-5.587206996909972745e-02,-0.000000000000000000e+00,1.808680290929315149e+00,-0.000000000000000000e+00,-2.891791157821266833e-01,-0.000000000000000000e+00,-0.000000000000000000e+00
-1.161581065347005171e-01,-0.000000000000000000e+00,-1.448221058226067115e-01,-0.000000000000000000e+00,-0.000000000000000000e+00,0.000000000000000000e+00,0.000000000000000000e+00,0.000000000000000000e+00,-0.000000000000000000e+00,-0.000000000000000000e+00,0.000000000000000000e+00,-0.000000000000000000e+00,0.000000000000000000e+00,-0.000000000000000000e+00,-0.000000000000000000e+00,-0.000000000000000000e+00,-0.000000000000000000e+00,-0.000000000000000000e+00,-0.000000000000000000e+00,-0.000000000000000000e+00,-0.000000000000000000e+00,-0.000000000000000000e+00,-8.151749480281645852e-03,-1.701336368870099702e-01,-1.886074287933673654e-01,-0.000000000000000000e+00,-0.000000000000000000e+00,-2.415733297080880360e-01,-0.000000000000000000e+00,-0.000000000000000000e+00,-0.000000000000000000e+00,0.000000000000000000e+00,-0.000000000000000000e+00,-0.000000000000000000e+00,-0.000000000000000000e+00,1.321807345424821367e+00,-0.000000000000000000e+00,-1.366093601938637991e-01,-0.000000000000000000e+00
-9.244085335279938554e-04,-3.314442220343046808e-01,-0.000000000000000000e+00,-0.000000000000000000e+00,-0.000000000000000000e+00,-1.623437465529445345e-01,-0.000000000000000000e+00,0.000000000000000000e+00,-0.000000000000000000e+00,-0.000000000000000000e+00,-0.000000000000000000e+00,-2.068585182574307069e-01,6.272970779140052411e-02,-4.239946049713318454e-01,-0.000000000000000000e+00,-0.000000000000000000e+00,-1.366830550806897027e-01,-0.000000000000000000e+00,-2.430615991473369097e-01,3.311696411567483650e-02,-0.000000000000000000e+00,-0.000000000000000000e+00,-1.993410911318157716e-02,-1.694064370165110009e-02,-0.000000000000000000e+00,-0.000000000000000000e+00,-0.000000000000000000e+00,-0.000000000000000000e+00,-6.379977069848238314e-01,-0.000000000000000000e+00,0.000000000000000000e+00,-1.500517315051584297e-02,-0.000000000000000000e+00,-0.000000000000000000e+00,-2.891791157821266833e-01,-0.000000000000000000e+00,2.479275661142741338e+00,-0.000000000000000000e+00,-7.413251638021216283e-02
-1.891116707654681428e-01,-0.000000000000000000e+00,0.000000000000000000e+00,1.716336429849295575e-01,0.000000000000000000e+00,-0.000000000000000000e+00,0.000000000000000000e+00,-0.000000000000000000e+00,-0.000000000000000000e+00,0.000000000000000000e+00,0.000000000000000000e+00,-0.000000000000000000e+00,0.000000000000000000e+00,-0.000000000000000000e+00,-6.961253335794555241e-02,-0.000000000000000000e+00,-0.000000000000000000e+00,0.000000000000000000e+00,-0.000000000000000000e+00,0.000000000000000000e+00,-0.000000000000000000e+00,-0.000000000000000000e+00,-0.000000000000000000e+00,-0.000000000000000000e+00,-0.000000000000000000e+00,-1.204310777985187625e-01,-0.000000000000000000e+00,-0.000000000000000000e+00,-0.000000000000000000e+00,-0.000000000000000000e+00,-0.000000000000000000e+00,-0.000000000000000000e+00,-0.000000000000000000e+00,0.000000000000000000e+00,-0.000000000000000000e+00,-1.366093601938637991e-01,-0.000000000000000000e+00,1.135376728362065712e+00,-4.804117942577393330e-02
-0.000000000000000000e+00,-2.850660459257285950e-01,0.000000000000000000e+00,0.000000000000000000e+00,-0.000000000000000000e+00,-0.000000000000000000e+00,-0.000000000000000000e+00,0.000000000000000000e+00,-7.557286523753777019e-02,-3.288751214898892432e-03,-0.000000000000000000e+00,-7.024513130893712543e-01,0.000000000000000000e+00,-0.000000000000000000e+00,-1.203741591098511643e-01,-0.000000000000000000e+00,-1.097961839656229621e-01,-0.000000000000000000e+00,-7.124843423313263757e-02,1.037676414978004474e-01,0.000000000000000000e+00,-3.338309288070426817e-01,-2.786039437393970641e-01,-0.000000000000000000e+00,-0.000000000000000000e+00,-0.000000000000000000e+00,-0.000000000000000000e+00,-0.000000000000000000e+00,-4.346625291149348175e-02,-0.000000000000000000e+00,0.000000000000000000e+00,-1.715516988553852651e-01,-0.000000000000000000e+00,-0.000000000000000000e+00,-0.000000000000000000e+00,-0.000000000000000000e+00,-7.413251638021216283e-02,-4.804117942577393330e-02,2.328873022957280714e+00
