2.698271573021181702e+00,-6.976624587606611305e-01,-0.000000000000000000e+00,0.000000000000000000e+00,-0.000000000000000000e+00,0.000000000000000000e+00,0.000000000000000000e+00,0.000000000000000000e+00,-0.000000000000000000e+00,-0.000000000000000000e+00,0.000000000000000000e+00,0.000000000000000000e+00,-4.826056366033377315e-02,-0.000000000000000000e+00,-5.405469367103152845e-01,-9.910949937891634642e-02,-3.034511416528098415e-01,-0.000000000000000000e+00,-0.000000000000000000e+00,0.000000000000000000e+00,-0.000000000000000000e+00,0.000000000000000000e+00,-0.000000000000000000e+00,-0.000000000000000000e+00,-0.000000000000000000e+00,-3.287943946436628906e-01,-0.000000000000000000e+00,-1.293265917617024141e-01,-0.000000000000000000e+00,-0.000000000000000000e+00,0.000000000000000000e+00,-0.000000000000000000e+00,0.000000000000000000e+00,-1.793784850180631107e-01,0.000000000000000000e+00,-0.000000000000000000e+00,-0.000000000000000000e+00,-7.632128051364800436e-01,-0.000000000000000000e+00
-6.976624587606611305e-01,2.484103790395649547e+00,-0.000000000000000000e+00,-0.000000000000000000e+00,-0.000000000000000000e+00,-0.000000000000000000e+00,0.000000000000000000e+00,0.000000000000000000e+00,-1.890690096860245528e-01,-1.565614247108444712e-01,-0.000000000000000000e+00,-0.000000000000000000e+00,-0.000000000000000000e+00,-0.000000000000000000e+00,-0.000000000000000000e+00,-7.180511739860423459e-01,-0.000000000000000000e+00,-0.000000000000000000e+00,-0.000000000000000000e+00,-0.000000000000000000e+00,-0.000000000000000000e+00,-0.000000000000000000e+00,-0.000000000000000000e+00,-0.000000000000000000e+00,-0.000000000000000000e+00,-5.422605385190901878e-02,-0.000000000000000000e+00,-0.000000000000000000e+00,-0.000000000000000000e+00,-1.262748706288577272e-01,0.000000000000000000e+00,-3.348831537692491533e-01,0.000000000000000000e+00,-1.322011212364515576e-01,0.000000000000000000e+00,-1.194790768491679929e-02,-0.000000000000000000e+00,-7.363661639590209085e-02,-7.257577899730509319e-02
-0.000000000000000000e+00,-0.000000000000000000e+00,2.192519431933789509e+00,0.000000000000000000e+00,-0.000000000000000000e+00,0.000000000000000000e+00,0.000000000000000000e+00,6.475191672145600430e-01,-0.000000000000000000e+00,0.000000000000000000e+00,-0.000000000000000000e+00,-0.000000000000000000e+00,0.000000000000000000e+00,-2.045407381522086343e-01,0.000000000000000000e+00,-0.000000000000000000e+00,-4.619592016562476533e-02,0.000000000000000000e+00,-0.000000000000000000e+00,0.000000000000000000e+00,-1.869653118091690602e-01,7.486413684395643031e-02,-0.000000000000000000e+00,-0.000000000000000000e+00,-0.000000000000000000e+00,-2.024122717317020925e-01,-0.000000000000000000e+00,-2.266928303587295301e-01,-0.000000000000000000e+00,0.000000000000000000e+00,-2.975382374121204876e-01,0.000000000000000000e+00,-0.000000000000000000e+00,-4.210933913102685167e-01,-0.000000000000000000e+00,-9.026326155289138287e-02,0.000000000000000000e+00,-0.000000000000000000e+00,-0.000000000000000000e+00
0.000000000000000000e+00,-0.000000000000000000e+00,0.000000000000000000e+00,1.209613642353586149e+00,-0.000000000000000000e+00,0.000000000000000000e+00,-2.613779697044308348e-01,-0.000000000000000000e+00,0.000000000000000000e+00,-3.801480792441572221e-02,0.000000000000000000e+00,-9.724077454120649833e-02,-0.000000000000000000e+00,0.000000000000000000e+00,-0.000000000000000000e+00,-0.000000000000000000e+00,0.000000000000000000e+00,-2.648223683516061633e-01,-1.528769556425163545e-01,-0.000000000000000000e+00,1.174854835383885576e-01,-0.000000000000000000e+00,-0.000000000000000000e+00,0.000000000000000000e+00,0.000000000000000000e+00,0.000000000000000000e+00,-0.000000000000000000e+00,0.000000000000000000e+00,3.019341109592138528e-02,0.000000000000000000e+00,2.471165167393213000e-02,-0.000000000000000000e+00,0.000000000000000000e+00,-0.000000000000000000e+00,5.379379996552687698e-03,-0.000000000000000000e+00,-0.000000000000000000e+00,0.000000000000000000e+00,0.000000000000000000e+00
-0.000000000000000000e+00,-0.000000000000000000e+00,-0.000000000000000000e+00,-0.000000000000000000e+00,1.675164606833833281e+00,-0.000000000000000000e+00,0.000000000000000000e+00,4.169016137198513494e-01,-0.000000000000000000e+00,-0.000000000000000000e+00,-0.000000000000000000e+00,-0.000000000000000000e+00,0.000000000000000000e+00,-4.483394617798888704e-01,0.000000000000000000e+00,-0.000000000000000000e+00,-0.000000000000000000e+00,-0.000000000000000000e+00,-0.000000000000000000e+00,0.000000000000000000e+00,0.000000000000000000e+00,0.000000000000000000e+00,-0.000000000000000000e+00,-0.000000000000000000e+00,-0.000000000000000000e+00,-0.000000000000000000e+00,-5.319756982914954080e-02,-0.000000000000000000e+00,-0.000000000000000000e+00,0.000000000000000000e+00,-0.000000000000000000e+00,-0.000000000000000000e+00,-0.000000000000000000e+00,-1.456372762901068929e-01,-0.000000000000000000e+00,-0.000000000000000000e+00,-0.000000000000000000e+00,-0.000000000000000000e+00,-2.719839504359947702e-01
0.000000000000000000e+00,-0.000000000000000000e+00,0.000000000000000000e+00,0.000000000000000000e+00,-0.000000000000000000e+00,1.531073203137474081e+00,-1.321522323778938079e-01,0.000000000000000000e+00,0.000000000000000000e+00,0.000000000000000000e+00,-0.000000000000000000e+00,0.000000000000000000e+00,9.880310722535495804e-02,-0.000000000000000000e+00,0.000000000000000000e+00,0.000000000000000000e+00,1.597554573169490399e-01,0.000000000000000000e+00,4.597283122959571616e-02,8.567772705652980381e-02,0.000000000000000000e+00,-2.301381571078411348e-01,0.000000000000000000e+00,-0.000000000000000000e+00,-0.000000000000000000e+00,0.000000000000000000e+00,-0.000000000000000000e+00,0.000000000000000000e+00,-4.311845262270746493e-01,-0.000000000000000000e+00,-0.000000000000000000e+00,-0.000000000000000000e+00,-4.323173177574106130e-01,1.310335165449299788e-01,-2.692729622041356292e-04,-0.000000000000000000e+00,-2.200084033756112833e-01,0.000000000000000000e+00,-0.000000000000000000e+00
0.000000000000000000e+00,0.000000000000000000e+00,0.000000000000000000e+00,-2.613779697044308348e-01,0.000000000000000000e+00,-1.321522323778938079e-01,1.234831825178132725e+00,-3.851091692029903757e-02,1.782851555566143109e-01,-1.613464087755663579e-01,-0.000000000000000000e+00,0.000000000000000000e+00,-0.000000000000000000e+00,0.000000000000000000e+00,0.000000000000000000e+00,-0.000000000000000000e+00,0.000000000000000000e+00,-0.000000000000000000e+00,-0.000000000000000000e+00,-0.000000000000000000e+00,-0.000000000000000000e+00,-4.843334816963233008e-02,-0.000000000000000000e+00,-7.775260633989838910e-02,-0.000000000000000000e+00,5.204945139145997213e-02,0.000000000000000000e+00,1.489701538551727045e-02,0.000000000000000000e+00,-2.838621433616156028e-02,0.000000000000000000e+00,-0.000000000000000000e+00,-6.128688084304528827e-02,2.606587400783448305e-01,-0.000000000000000000e+00,-0.000000000000000000e+00,-0.000000000000000000e+00,0.000000000000000000e+00,5.550021805375339456e-02
0.000000000000000000e+00,0.000000000000000000e+00,6.475191672145600430e-01,-0.000000000000000000e+00,4.169016137198513494e-01,0.000000000000000000e+00,-3.851091692029903757e-02,2.243361607459512630e+00,0.000000000000000000e+00,-0.000000000000000000e+00,0.000000000000000000e+00,0.000000000000000000e+00,-0.000000000000000000e+00,1.948938862079198919e-01,0.000000000000000000e+00,-0.000000000000000000e+00,0.000000000000000000e+00,-0.000000000000000000e+00,0.000000000000000000e+00,-1.515611195639751108e-01,-0.000000000000000000e+00,-0.000000000000000000e+00,0.000000000000000000e+00,-0.000000000000000000e+00,-0.000000000000000000e+00,0.000000000000000000e+00,0.000000000000000000e+00,5.428183581428625004e-01,0.000000000000000000e+00,-0.000000000000000000e+00,3.122436725628497389e-01,0.000000000000000000e+00,-0.000000000000000000e+00,0.000000000000000000e+00,-0.000000000000000000e+00,0.000000000000000000e+00,0.000000000000000000e+00,0.000000000000000000e+00,7.577430769002588273e-02
-0.000000000000000000e+00,-1.890690096860245528e-01,-0.000000000000000000e+00,0.000000000000000000e+00,-0.000000000000000000e+00,0.000000000000000000e+00,1.782851555566143109e-01,0.000000000000000000e+00,2.137935044010959018e+00,0.000000000000000000e+00,-0.000000000000000000e+00,-0.000000000000000000e+00,0.000000000000000000e+00,-5.840262975174932425e-01,0.000000000000000000e+00,-0.000000000000000000e+00,-0.000000000000000000e+00,0.000000000000000000e+00,0.000000000000000000e+00,0.000000000000000000e+00,-0.000000000000000000e+00,0.000000000000000000e+00,0.000000000000000000e+00,0.000000000000000000e+00,-0.000000000000000000e+00,-3.220593611329919947e-01,-2.868611833158914853e-02,-0.000000000000000000e+00,-2.451104259031945121e-01,-1.572947689818900985e-01,-0.000000000000000000e+00,-0.000000000000000000e+00,-0.000000000000000000e+00,-7.229559873535158776e-02,-6.945926599235682786e-02,-0.000000000000000000e+00,-0.000000000000000000e+00,-0.000000000000000000e+00,-5.300181859632220327e-01
-0.000000000000000000e+00,-1.565614247108444712e-01,0.000000000000000000e+00,-3.801480792441572221e-02,-0.000000000000000000e+00,0.000000000000000000e+00,-1.613464087755663579e-01,-0.000000000000000000e+00,0.000000000000000000e+00,2.549122737372116365e+00,-0.000000000000000000e+00,-0.000000000000000000e+00,-0.000000000000000000e+00,-0.000000000000000000e+00,-0.000000000000000000e+00,-8.203891528544299261e-01,-0.000000000000000000e+00,-1.341184117581966651e-01,-2.399303781543231096e-01,-4.757450299491803453e-02,-0.000000000000000000e+00,-4.415873672243290915e-02,-3.182398639633927107e-01,-8.427317348030445576e-02,-3.819617976138997562e-01,0.000000000000000000e+00,-0.000000000000000000e+00,-0.000000000000000000e+00,1.881059897805536759e-03,-1.813632041843092069e-01,1.244194620762372958e-02,-2.384720484940596741e-01,-0.000000000000000000e+00,-0.000000000000000000e+00,7.235340525855059324e-02,-0.000000000000000000e+00,-0.000000000000000000e+00,0.000000000000000000e+00,-0.000000000000000000e+00
0.000000000000000000e+00,-0.000000000000000000e+00,-0.000000000000000000e+00,0.000000000000000000e+00,-0.000000000000000000e+00,-0.000000000000000000e+00,-0.000000000000000000e+00,0.000000000000000000e+00,-0.000000000000000000e+00,-0.000000000000000000e+00,1.792529619060187374e+00,0.000000000000000000e+00,-0.000000000000000000e+00,-0.000000000000000000e+00,2.202303266363256351e-01,-0.000000000000000000e+00,-4.476306395379264225e-01,1.846900835274197239e-01,0.000000000000000000e+00,-3.143040497063002980e-02,-1.718366973592294900e-01,-0.000000000000000000e+00,-0.000000000000000000e+00,-4.829498630134027026e-01,-2.464818895269296206e-01,-0.000000000000000000e+00,-0.000000000000000000e+00,0.000000000000000000e+00,0.000000000000000000e+00,0.000000000000000000e+00,0.000000000000000000e+00,-0.000000000000000000e+00,-2.264473594080862739e-01,0.000000000000000000e+00,0.000000000000000000e+00,-0.000000000000000000e+00,1.102844874869928771e-01,-0.000000000000000000e+00,-0.000000000000000000e+00
0.000000000000000000e+00,-0.000000000000000000e+00,-0.000000000000000000e+00,-9.724077454120649833e-02,-0.000000000000000000e+00,0.000000000000000000e+00,0.000000000000000000e+00,0.000000000000000000e+00,-0.000000000000000000e+00,-0.000000000000000000e+00,0.000000000000000000e+00,1.962912844634317810e+00,0.000000000000000000e+00,-0.000000000000000000e+00,-0.000000000000000000e+00,-0.000000000000000000e+00,-0.000000000000000000e+00,-0.000000000000000000e+00,-4.241565467504848641e-02,0.000000000000000000e+00,0.000000000000000000e+00,-0.000000000000000000e+00,-0.000000000000000000e+00,-0.000000000000000000e+00,-0.000000000000000000e+00,0.000000000000000000e+00,-8.563378562870163080e-01,-2.543406217974107930e-01,0.000000000000000000e+00,0.000000000000000000e+00,-0.000000000000000000e+00,-2.308749580559888714e-01,-0.000000000000000000e+00,-2.134931939414018431e-01,2.040907371850682051e-01,-0.000000000000000000e+00,-8.089136224487432358e-02,0.000000000000000000e+00,-0.000000000000000000e+00
-4.826056366033377315e-02,-0.000000000000000000e+00,0.000000000000000000e+00,-0.000000000000000000e+00,0.000000000000000000e+00,9.880310722535495804e-02,-0.000000000000000000e+00,-0.000000000000000000e+00,0.000000000000000000e+00,-0.000000000000000000e+00,-0.000000000000000000e+00,0.000000000000000000e+00,1.800164942317703742e+00,0.000000000000000000e+00,-0.000000000000000000e+00,-0.000000000000000000e+00,-1.884400276888645587e-01,-1.394757555084698286e-01,-0.000000000000000000e+00,-0.000000000000000000e+00,-0.000000000000000000e+00,-0.000000000000000000e+00,-0.000000000000000000e+00,0.000000000000000000e+00,-0.000000000000000000e+00,-0.000000000000000000e+00,0.000000000000000000e+00,0.000000000000000000e+00,8.783857393439802042e-02,0.000000000000000000e+00,9.558455130920789911e-01,0.000000000000000000e+00,0.000000000000000000e+00,-0.000000000000000000e+00,1.815993251261842356e-01,0.000000000000000000e+00,1.556908805631263548e-01,-1.845396289657379174e-02,-0.000000000000000000e+00
-0.000000000000000000e+00,-0.000000000000000000e+00,-2.045407381522086343e-01,0.000000000000000000e+00,-4.483394617798888704e-01,-0.000000000000000000e+00,0.000000000000000000e+00,1.948938862079198919e-01,-5.840262975174932425e-01,-0.000000000000000000e+00,-0.000000000000000000e+00,-0.000000000000000000e+00,0.000000000000000000e+00,2.439111874159283655e+00,0.000000000000000000e+00,-0.000000000000000000e+00,-0.000000000000000000e+00,0.000000000000000000e+00,-0.000000000000000000e+00,0.000000000000000000e+00,-0.000000000000000000e+00,0.000000000000000000e+00,-0.000000000000000000e+00,-0.000000000000000000e+00,-0.000000000000000000e+00,-1.439481246952268798e-02,-2.546957357689620949e-01,-0.000000000000000000e+00,-4.396455818710699459e-01,-0.000000000000000000e+00,-1.106000188281668073e-01,-0.000000000000000000e+00,-0.000000000000000000e+00,-1.322779577201873003e-01,-0.000000000000000000e+00,-2.258795552615879831e-01,-1.049132706181851449e-01,-0.000000000000000000e+00,-8.735241624105856417e-02
-5.405469367103152845e-01,-0.000000000000000000e+00,0.000000000000000000e+00,-0.000000000000000000e+00,0.000000000000000000e+00,0.000000000000000000e+00,0.000000000000000000e+00,0.000000000000000000e+00,0.000000000000000000e+00,-0.000000000000000000e+00,2.202303266363256351e-01,-0.000000000000000000e+00,-0.000000000000000000e+00,0.000000000000000000e+00,1.553513441760417724e+00,-0.000000000000000000e+00,-0.000000000000000000e+00,-3.078737234232321041e-01,-0.000000000000000000e+00,0.000000000000000000e+00,0.000000000000000000e+00,-0.000000000000000000e+00,-0.000000000000000000e+00,0.000000000000000000e+00,-0.000000000000000000e+00,-0.000000000000000000e+00,0.000000000000000000e+00,-6.989742983604045612e-02,0.000000000000000000e+00,-0.000000000000000000e+00,2.774628603493747153e-02,-0.000000000000000000e+00,1.905405155651819782e-01,-0.000000000000000000e+00,1.379413271811279762e-01,-0.000000000000000000e+00,-0.000000000000000000e+00,-2.115777896413419401e-01,-0.000000000000000000e+00
-9.910949937891634642e-02,-7.180511739860423459e-01,-0.000000000000000000e+00,-0.000000000000000000e+00,-0.000000000000000000e+00,0.000000000000000000e+00,-0.000000000000000000e+00,-0.000000000000000000e+00,-0.000000000000000000e+00,-8.203891528544299261e-01,-0.000000000000000000e+00,-0.000000000000000000e+00,-0.000000000000000000e+00,-0.000000000000000000e+00,-0.000000000000000000e+00,3.060440575436415234e+00,-1.371137597234239058e-01,-1.390558369070202249e-01,-5.720057601195819436e-02,-0.000000000000000000e+00,-0.000000000000000000e+00,-0.000000000000000000e+00,-4.188723445439584414e-01,-4.882288480143460313e-02,-3.513033204532875486e-01,-0.000000000000000000e+00,-0.000000000000000000e+00,-0.000000000000000000e+00,0.000000000000000000e+00,-1.236399112185239263e-01,0.000000000000000000e+00,-3.336407634524666266e-01,-0.000000000000000000e+00,-0.000000000000000000e+00,0.000000000000000000e+00,-8.698316946552778206e-02,-0.000000000000000000e+00,-0.000000000000000000e+00,-0.000000000000000000e+00
-3.034511416528098415e-01,-0.000000000000000000e+00,-4.619592016562476533e-02,0.000000000000000000e+00,-0.000000000000000000e+00,1.597554573169490399e-01,0.000000000000000000e+00,0.000000000000000000e+00,-0.000000000000000000e+00,-0.000000000000000000e+00,-4.476306395379264225e-01,-0.000000000000000000e+00,-1.884400276888645587e-01,-0.000000000000000000e+00,-0.000000000000000000e+00,-1.371137597234239058e-01,1.935425939364074699e+00,-0.000000000000000000e+00,-0.000000000000000000e+00,-1.375084181685667928e-01,-8.739522112809336440e-02,0.000000000000000000e+00,-3.443082704740445532e-01,-0.000000000000000000e+00,-1.531645535034898142e-01,-2.647647000401102263e-03,-0.000000000000000000e+00,-0.000000000000000000e+00,1.648976461110224917e-02,0.000000000000000000e+00,0.000000000000000000e+00,-0.000000000000000000e+00,0.000000000000000000e+00,-0.000000000000000000e+00,2.238707734706663899e-01,-0.000000000000000000e+00,4.670095304071775894e-02,-1.398620419853875696e-01,-0.000000000000000000e+00
-0.000000000000000000e+00,-0.000000000000000000e+00,0.000000000000000000e+00,-2.648223683516061633e-01,-0.000000000000000000e+00,0.000000000000000000e+00,-0.000000000000000000e+00,-0.000000000000000000e+00,0.000000000000000000e+00,-1.341184117581966651e-01,1.846900835274197239e-01,-0.000000000000000000e+00,-1.394757555084698286e-01,0.000000000000000000e+00,-3.078737234232321041e-01,-1.390558369070202249e-01,-0.000000000000000000e+00,1.690386838293111538e+00,-6.466112735479218054e-01,-0.000000000000000000e+00,-0.000000000000000000e+00,0.000000000000000000e+00,-0.000000000000000000e+00,-0.000000000000000000e+00,-0.000000000000000000e+00,-0.000000000000000000e+00,0.000000000000000000e+00,-0.000000000000000000e+00,0.000000000000000000e+00,-1.075892329758891403e-01,6.146106846684914332e-02,-0.000000000000000000e+00,0.000000000000000000e+00,-0.000000000000000000e+00,0.000000000000000000e+00,-0.000000000000000000e+00,-0.000000000000000000e+00,0.000000000000000000e+00,0.000000000000000000e+00
-0.000000000000000000e+00,-0.000000000000000000e+00,-0.000000000000000000e+00,-1.528769556425163545e-01,-0.000000000000000000e+00,4.597283122959571616e-02,-0.000000000000000000e+00,0.000000000000000000e+00,0.000000000000000000e+00,-2.399303781543231096e-01,0.000000000000000000e+00,-4.241565467504848641e-02,-0.000000000000000000e+00,-0.000000000000000000e+00,-0.000000000000000000e+00,-5.720057601195819436e-02,-0.000000000000000000e+00,-6.466112735479218054e-01,1.639136784463433028e+00,-0.000000000000000000e+00,0.000000000000000000e+00,0.000000000000000000e+00,-0.000000000000000000e+00,-0.000000000000000000e+00,-0.000000000000000000e+00,-0.000000000000000000e+00,-0.000000000000000000e+00,-0.000000000000000000e+00,3.644681365102034852e-04,-0.000000000000000000e+00,-0.000000000000000000e+00,-5.575443921613870094e-04,0.000000000000000000e+00,-3.172838971262225694e-01,0.000000000000000000e+00,-0.000000000000000000e+00,-0.000000000000000000e+00,3.445201313164777263e-03,0.000000000000000000e+00
0.000000000000000000e+00,-0.000000000000000000e+00,0.000000000000000000e+00,-0.000000000000000000e+00,0.000000000000000000e+00,8.567772705652980381e-02,-0.000000000000000000e+00,-1.515611195639751108e-01,0.000000000000000000e+00,-4.757450299491803453e-02,-3.143040497063002980e-02,0.000000000000000000e+00,-0.000000000000000000e+00,0.000000000000000000e+00,0.000000000000000000e+00,-0.000000000000000000e+00,-1.375084181685667928e-01,-0.000000000000000000e+00,-0.000000000000000000e+00,1.457206628123652647e+00,-0.000000000000000000e+00,-0.000000000000000000e+00,-3.006975553752065378e-01,-8.642155696093968553e-02,-1.915911328170011030e-01,0.000000000000000000e+00,0.000000000000000000e+00,0.000000000000000000e+00,3.272327842398016218e-01,-0.000000000000000000e+00,1.849662230622533057e-02,-0.000000000000000000e+00,-0.000000000000000000e+00,-0.000000000000000000e+00,0.000000000000000000e+00,-0.000000000000000000e+00,9.713012989813869791e-02,0.000000000000000000e+00,7.130883965768362864e-02
-0.000000000000000000e+00,-0.000000000000000000e+00,-1.869653118091690602e-01,1.174854835383885576e-01,0.000000000000000000e+00,0.000000000000000000e+00,-0.000000000000000000e+00,-0.000000000000000000e+00,-0.000000000000000000e+00,-0.000000000000000000e+00,-1.718366973592294900e-01,0.000000000000000000e+00,-0.000000000000000000e+00,-0.000000000000000000e+00,0.000000000000000000e+00,-0.000000000000000000e+00,-8.739522112809336440e-02,-0.000000000000000000e+00,0.000000000000000000e+00,-0.000000000000000000e+00,1.600565059690843173e+00,0.000000000000000000e+00,-0.000000000000000000e+00,-1.695831010618967516e-01,-2.366506857350730852e-01,-0.000000000000000000e+00,0.000000000000000000e+00,-0.000000000000000000e+00,0.000000000000000000e+00,-0.000000000000000000e+00,0.000000000000000000e+00,0.000000000000000000e+00,-5.223102198985837274e-01,-0.000000000000000000e+00,-0.000000000000000000e+00,-0.000000000000000000e+00,0.000000000000000000e+00,-0.000000000000000000e+00,0.000000000000000000e+00
0.000000000000000000e+00,-0.000000000000000000e+00,7.486413684395643031e-02,-0.000000000000000000e+00,0.000000000000000000e+00,-2.301381571078411348e-01,-4.843334816963233008e-02,-0.000000000000000000e+00,0.000000000000000000e+00,-4.415873672243290915e-02,-0.000000000000000000e+00,-0.000000000000000000e+00,-0.000000000000000000e+00,0.000000000000000000e+00,-0.000000000000000000e+00,-0.000000000000000000e+00,0.000000000000000000e+00,0.000000000000000000e+00,0.000000000000000000e+00,-0.000000000000000000e+00,0.000000000000000000e+00,1.120831063695092000e+00,-6.658890106674446308e-02,-0.000000000000000000e+00,-7.225612610305113918e-03,1.128148960174371329e-01,-9.410274713126455526e-02,0.000000000000000000e+00,0.000000000000000000e+00,0.000000000000000000e+00,0.000000000000000000e+00,-1.219519345738224736e-01,-0.000000000000000000e+00,0.000000000000000000e+00,9.552559485092865232e-02,-0.000000000000000000e+00,-2.279652634769583144e-02,0.000000000000000000e+00,-0.000000000000000000e+00
-0.000000000000000000e+00,-0.000000000000000000e+00,-0.000000000000000000e+00,-0.000000000000000000e+00,-0.000000000000000000e+00,0.000000000000000000e+00,-0.000000000000000000e+00,0.000000000000000000e+00,0.000000000000000000e+00,-3.182398639633927107e-01,-0.000000000000000000e+00,-0.000000000000000000e+00,-0.000000000000000000e+00,-0.000000000000000000e+00,-0.000000000000000000e+00,-4.188723445439584414e-01,-3.443082704740445532e-01,-0.000000000000000000e+00,-0.000000000000000000e+00,-3.006975553752065378e-01,-0.000000000000000000e+00,-6.658890106674446308e-02,2.926641592568756778e+00,-6.265446277678986542e-01,-6.507534585647670733e-01,-0.000000000000000000e+00,-0.000000000000000000e+00,-0.000000000000000000e+00,7.479549249055514326e-02,-0.000000000000000000e+00,0.000000000000000000e+00,-2.219685567326746267e-01,-0.000000000000000000e+00,-0.000000000000000000e+00,1.192907167911811672e-01,-1.973682518114422413e-01,-0.000000000000000000e+00,-0.000000000000000000e+00,-0.000000000000000000e+00
-0.000000000000000000e+00,-0.000000000000000000e+00,-0.000000000000000000e+00,0.000000000000000000e+00,-0.000000000000000000e+00,-0.000000000000000000e+00,-7.775260633989838910e-02,-0.000000000000000000e+00,0.000000000000000000e+00,-8.427317348030445576e-02,-4.829498630134027026e-01,-0.000000000000000000e+00,0.000000000000000000e+00,-0.000000000000000000e+00,0.000000000000000000e+00,-4.882288480143460313e-02,-0.000000000000000000e+00,-0.000000000000000000e+00,-0.000000000000000000e+00,-8.642155696093968553e-02,-1.695831010618967516e-01,-0.000000000000000000e+00,-6.265446277678986542e-01,2.713278282836792510e+00,-7.029675637846233283e-01,0.000000000000000000e+00,-0.000000000000000000e+00,-0.000000000000000000e+00,0.000000000000000000e+00,-1.538611452779774791e-01,0.000000000000000000e+00,-0.000000000000000000e+00,-3.966315499199119521e-01,-0.000000000000000000e+00,0.000000000000000000e+00,-2.046065459402604536e-01,-0.000000000000000000e+00,0.000000000000000000e+00,0.000000000000000000e+00
-0.000000000000000000e+00,-0.000000000000000000e+00,-0.000000000000000000e+00,0.000000000000000000e+00,-0.000000000000000000e+00,-0.000000000000000000e+00,-0.000000000000000000e+00,-0.000000000000000000e+00,-0.000000000000000000e+00,-3.819617976138997562e-01,-2.464818895269296206e-01,-0.000000000000000000e+00,-0.000000000000000000e+00,-0.000000000000000000e+00,-0.000000000000000000e+00,-3.513033204532875486e-01,-1.531645535034898142e-01,-0.000000000000000000e+00,-0.000000000000000000e+00,-1.915911328170011030e-01,-2.366506857350730852e-01,-7.225612610305113918e-03,-6.507534585647670733e-01,-7.029675637846233283e-01,3.076750437074173838e+00,-0.000000000000000000e+00,-0.000000000000000000e+00,-0.000000000000000000e+00,0.000000000000000000e+00,-0.000000000000000000e+00,0.000000000000000000e+00,-0.000000000000000000e+00,-0.000000000000000000e+00,-0.000000000000000000e+00,0.000000000000000000e+00,-4.701037420175148140e-01,0.000000000000000000e+00,-0.000000000000000000e+00,-0.000000000000000000e+00
-3.287943946436628906e-01,-5.422605385190901878e-02,-2.024122717317020925e-01,0.000000000000000000e+00,-0.000000000000000000e+00,0.000000000000000000e+00,5.204945139145997213e-02,0.000000000000000000e+00,-3.220593611329919947e-01,0.000000000000000000e+00,-0.000000000000000000e+00,0.000000000000000000e+00,-0.000000000000000000e+00,-1.439481246952268798e-02,-0.000000000000000000e+00,-0.000000000000000000e+00,-2.647647000401102263e-03,-0.000000000000000000e+00,-0.000000000000000000e+00,0.000000000000000000e+00,-0.000000000000000000e+00,1.128148960174371329e-01,-0.000000000000000000e+00,0.000000000000000000e+00,-0.000000000000000000e+00,1.782124579071182824e+00,-0.000000000000000000e+00,-0.000000000000000000e+00,-0.000000000000000000e+00,-0.000000000000000000e+00,0.000000000000000000e+00,0.000000000000000000e+00,0.000000000000000000e+00,-3.256784137462792605e-01,-1.655596877775550660e-02,-0.000000000000000000e+00,0.000000000000000000e+00,-3.108168575221897378e-01,-0.000000000000000000e+00
-0.000000000000000000e+00,-0.000000000000000000e+00,-0.000000000000000000e+00,-0.000000000000000000e+00,-5.319756982914954080e-02,-0.000000000000000000e+00,0.000000000000000000e+00,0.000000000000000000e+00,-2.868611833158914853e-02,-0.000000000000000000e+00,-0.000000000000000000e+00,-8.563378562870163080e-01,0.000000000000000000e+00,-2.546957357689620949e-01,0.000000000000000000e+00,-0.000000000000000000e+00,-0.000000000000000000e+00,0.000000000000000000e+00,-0.000000000000000000e+00,0.000000000000000000e+00,0.000000000000000000e+00,-9.410274713126455526e-02,-0.000000000000000000e+00,-0.000000000000000000e+00,-0.000000000000000000e+00,-0.000000000000000000e+00,2.525576624188651031e+00,-8.606185146447052972e-03,-0.000000000000000000e+00,-0.000000000000000000e+00,-2.729668063149695012e-01,-3.768649157491821278e-01,-1.339433128020486256e-03,-0.000000000000000000e+00,0.000000000000000000e+00,-0.000000000000000000e+00,-3.593939224308648206e-01,0.000000000000000000e+00,-4.735742571675615742e-01
-1.293265917617024141e-01,-0.000000000000000000e+00,-2.266928303587295301e-01,0.000000000000000000e+00,-0.000000000000000000e+00,0.000000000000000000e+00,1.489701538551727045e-02,5.428183581428625004e-01,-0.000000000000000000e+00,-0.000000000000000000e+00,0.000000000000000000e+00,-2.543406217974107930e-01,0.000000000000000000e+00,-0.000000000000000000e+00,-6.989742983604045612e-02,-0.000000000000000000e+00,-0.000000000000000000e+00,-0.000000000000000000e+00,-0.000000000000000000e+00,0.000000000000000000e+00,-0.000000000000000000e+00,0.000000000000000000e+00,-0.000000000000000000e+00,-0.000000000000000000e+00,-0.000000000000000000e+00,-0.000000000000000000e+00,-8.606185146447052972e-03,1.981060539015513156e+00,-0.000000000000000000e+00,0.000000000000000000e+00,-0.000000000000000000e+00,-0.000000000000000000e+00,0.000000000000000000e+00,-4.868560232015240463e-01,1.068178009493940123e-01,-0.000000000000000000e+00,-9.152019579414438777e-02,-0.000000000000000000e+00,-6.627276664954294405e-02
-0.000000000000000000e+00,-0.000000000000000000e+00,-0.000000000000000000e+00,3.019341109592138528e-02,-0.000000000000000000e+00,-4.311845262270746493e-01,0.000000000000000000e+00,0.000000000000000000e+00,-2.451104259031945121e-01,1.881059897805536759e-03,0.000000000000000000e+00,0.000000000000000000e+00,8.783857393439802042e-02,-4.396455818710699459e-01,0.000000000000000000e+00,0.000000000000000000e+00,1.648976461110224917e-02,0.000000000000000000e+00,3.644681365102034852e-04,3.272327842398016218e-01,0.000000000000000000e+00,0.000000000000000000e+00,7.479549249055514326e-02,0.000000000000000000e+00,0.000000000000000000e+00,-0.000000000000000000e+00,-0.000000000000000000e+00,-0.000000000000000000e+00,2.013584827528712040e+00,-0.000000000000000000e+00,-3.257804204054484676e-02,-0.000000000000000000e+00,-0.000000000000000000e+00,-0.000000000000000000e+00,-6.929392258175730568e-01,-0.000000000000000000e+00,-7.762511265883195732e-02,-0.000000000000000000e+00,-0.000000000000000000e+00
-0.000000000000000000e+00,-1.262748706288577272e-01,0.000000000000000000e+00,0.000000000000000000e+00,0.000000000000000000e+00,-0.000000000000000000e+00,-2.838621433616156028e-02,-0.000000000000000000e+00,-1.572947689818900985e-01,-1.813632041843092069e-01,0.000000000000000000e+00,0.000000000000000000e+00,0.000000000000000000e+00,-0.000000000000000000e+00,-0.000000000000000000e+00,-1.236399112185239263e-01,0.000000000000000000e+00,-1.075892329758891403e-01,-0.000000000000000000e+00,-0.000000000000000000e+00,-0.000000000000000000e+00,0.000000000000000000e+00,-0.000000000000000000e+00,-1.538611452779774791e-01,-0.000000000000000000e+00,-0.000000000000000000e+00,-0.000000000000000000e+00,0.000000000000000000e+00,-0.000000000000000000e+00,1.511332816493157205e+00,-0.000000000000000000e+00,-6.045377117390772492e-02,-1.014408683413909815e-02,-0.000000000000000000e+00,-1.865235303034183945e-01,-3.142822653025135748e-01,-0.000000000000000000e+00,-0.000000000000000000e+00,0.000000000000000000e+00
0.000000000000000000e+00,0.000000000000000000e+00,-2.975382374121204876e-01,2.471165167393213000e-02,-0.000000000000000000e+00,-0.000000000000000000e+00,0.000000000000000000e+00,3.122436725628497389e-01,-0.000000000000000000e+00,1.244194620762372958e-02,0.000000000000000000e+00,-0.000000000000000000e+00,9.558455130920789911e-01,-1.106000188281668073e-01,2.774628603493747153e-02,0.000000000000000000e+00,0.000000000000000000e+00,6.146106846684914332e-02,-0.000000000000000000e+00,1.849662230622533057e-02,0.000000000000000000e+00,0.000000000000000000e+00,0.000000000000000000e+00,0.000000000000000000e+00,0.000000000000000000e+00,0.000000000000000000e+00,-2.729668063149695012e-01,-0.000000000000000000e+00,-3.257804204054484676e-02,-0.000000000000000000e+00,2.128303084205480644e+00,-0.000000000000000000e+00,-5.395620738871650945e-02,-0.000000000000000000e+00,-0.000000000000000000e+00,-0.000000000000000000e+00,-1.686908859678885597e-01,0.000000000000000000e+00,-0.000000000000000000e+00
-0.000000000000000000e+00,-3.348831537692491533e-01,0.000000000000000000e+00,-0.000000000000000000e+00,-0.000000000000000000e+00,-0.000000000000000000e+00,-0.000000000000000000e+00,0.000000000000000000e+00,-0.000000000000000000e+00,-2.384720484940596741e-01,-0.000000000000000000e+00,-2.308749580559888714e-01,0.000000000000000000e+00,-0.000000000000000000e+00,-0.000000000000000000e+00,-3.336407634524666266e-01,-0.000000000000000000e+00,-0.000000000000000000e+00,-5.575443921613870094e-04,-0.000000000000000000e+00,0.000000000000000000e+00,-1.219519345738224736e-01,-2.219685567326746267e-01,-0.000000000000000000e+00,-0.000000000000000000e+00,0.000000000000000000e+00,-3.768649157491821278e-01,-0.000000000000000000e+00,-0.000000000000000000e+00,-6.045377117390772492e-02,-0.000000000000000000e+00,2.357255215129827608e+00,-0.000000000000000000e+00,-0.000000000000000000e+00,0.000000000000000000e+00,-1.103494990229284684e-01,-5.846564828159364069e-01,-0.000000000000000000e+00,-0.000000000000000000e+00
0.000000000000000000e+00,0.000000000000000000e+00,-0.000000000000000000e+00,0.000000000000000000e+00,-0.000000000000000000e+00,-4.323173177574106130e-01,-6.128688084304528827e-02,-0.000000000000000000e+00,-0.000000000000000000e+00,-0.000000000000000000e+00,-2.264473594080862739e-01,-0.000000000000000000e+00,0.000000000000000000e+00,-0.000000000000000000e+00,1.905405155651819782e-01,-0.000000000000000000e+00,0.000000000000000000e+00,0.000000000000000000e+00,0.000000000000000000e+00,-0.000000000000000000e+00,-5.223102198985837274e-01,-0.000000000000000000e+00,-0.000000000000000000e+00,-3.966315499199119521e-01,-0.000000000000000000e+00,0.000000000000000000e+00,-1.339433128020486256e-03,0.000000000000000000e+00,-0.000000000000000000e+00,-1.014408683413909815e-02,-5.395620738871650945e-02,-0.000000000000000000e+00,1.740252997610040486e+00,0.000000000000000000e+00,-1.046864400117508975e-01,-0.000000000000000000e+00,-0.000000000000000000e+00,0.000000000000000000e+00,0.000000000000000000e+00
-1.793784850180631107e-01,-1.322011212364515576e-01,-4.210933913102685167e-01,-0.000000000000000000e+00,-1.456372762901068929e-01,1.310335165449299788e-01,2.606587400783448305e-01,0.000000000000000000e+00,-7.229559873535158776e-02,-0.000000000000000000e+00,0.000000000000000000e+00,-2.134931939414018431e-01,-0.000000000000000000e+00,-1.322779577201873003e-01,-0.000000000000000000e+00,-0.000000000000000000e+00,-0.000000000000000000e+00,-0.000000000000000000e+00,-3.172838971262225694e-01,-0.000000000000000000e+00,-0.000000000000000000e+00,0.000000000000000000e+00,-0.000000000000000000e+00,-0.000000000000000000e+00,-0.000000000000000000e+00,-3.256784137462792605e-01,-0.000000000000000000e+00,-4.868560232015240463e-01,-0.000000000000000000e+00,-0.000000000000000000e+00,-0.000000000000000000e+00,-0.000000000000000000e+00,0.000000000000000000e+00,2.349320969148636973e+00,0.000000000000000000e+00,-1.024773764617744609e-01,-0.000000000000000000e+00,-0.000000000000000000e+00,-2.286909401018349247e-02
0.000000000000000000e+00,0.000000000000000000e+00,-0.000000000000000000e+00,5.379379996552687698e-03,-0.000000000000000000e+00,-2.692729622041356292e-04,-0.000000000000000000e+00,-0.000000000000000000e+00,-6.945926599235682786e-02,7.235340525855059324e-02,0.000000000000000000e+00,2.040907371850682051e-01,1.815993251261842356e-01,-0.000000000000000000e+00,1.379413271811279762e-01,0.000000000000000000e+00,2.238707734706663899e-01,0.000000000000000000e+00,0.000000000000000000e+00,0.000000000000000000e+00,-0.000000000000000000e+00,9.552559485092865232e-02,1.192907167911811672e-01,0.000000000000000000e+00,0.000000000000000000e+00,-1.655596877775550660e-02,0.000000000000000000e+00,1.068178009493940123e-01,-6.929392258175730568e-01,-1.865235303034183945e-01,-0.000000000000000000e+00,0.000000000000000000e+00,-1.046864400117508975e-01,0.000000000000000000e+00,1.620634453016374543e+00,0.000000000000000000e+00,-0.000000000000000000e+00,0.000000000000000000e+00,0.000000000000000000e+00
-0.000000000000000000e+00,-1.194790768491679929e-02,-9.026326155289138287e-02,-0.000000000000000000e+00,-0.000000000000000000e+00,-0.000000000000000000e+00,-0.000000000000000000e+00,0.000000000000000000e+00,-0.000000000000000000e+00,-0.000000000000000000e+00,-0.000000000000000000e+00,-0.000000000000000000e+00,0.000000000000000000e+00,-2.258795552615879831e-01,-0.000000000000000000e+00,-8.698316946552778206e-02,-0.000000000000000000e+00,-0.000000000000000000e+00,-0.000000000000000000e+00,-0.000000000000000000e+00,-0.000000000000000000e+00,-0.000000000000000000e+00,-1.973682518114422413e-01,-2.046065459402604536e-01,-4.701037420175148140e-01,-0.000000000000000000e+00,-0.000000000000000000e+00,-0.000000000000000000e+00,-0.000000000000000000e+00,-3.142822653025135748e-01,-0.000000000000000000e+00,-1.103494990229284684e-01,-0.000000000000000000e+00,-1.024773764617744609e-01,0.000000000000000000e+00,1.997665758459969743e+00,-1.541685791553217520e-02,-9.023509456928718864e-02,-1.209835306925411275e-01
-0.000000000000000000e+00,-0.000000000000000000e+00,0.000000000000000000e+00,-0.000000000000000000e+00,-0.000000000000000000e+00,-2.200084033756112833e-01,-0.000000000000000000e+00,0.000000000000000000e+00,-0.000000000000000000e+00,-0.000000000000000000e+00,1.102844874869928771e-01,-8.089136224487432358e-02,1.556908805631263548e-01,-1.049132706181851449e-01,-0.000000000000000000e+00,-0.000000000000000000e+00,4.670095304071775894e-02,-0.000000000000000000e+00,-0.000000000000000000e+00,9.713012989813869791e-02,0.000000000000000000e+00,-2.279652634769583144e-02,-0.000000000000000000e+00,-0.000000000000000000e+00,0.000000000000000000e+00,0.000000000000000000e+00,-3.593939224308648206e-01,-9.152019579414438777e-02,-7.762511265883195732e-02,-0.000000000000000000e+00,-1.686908859678885597e-01,-5.846564828159364069e-01,-0.000000000000000000e+00,-0.000000000000000000e+00,-0.000000000000000000e+00,-1.541685791553217520e-02,1.839801628014032353e+00,0.000000000000000000e+00,-0.000000000000000000e+00
-7.632128051364800436e-01,-7.363661639590209085e-02,-0.000000000000000000e+00,0.000000000000000000e+00,-0.000000000000000000e+00,0.000000000000000000e+00,0.000000000000000000e+00,0.000000000000000000e+00,-0.000000000000000000e+00,0.000000000000000000e+00,-0.000000000000000000e+00,0.000000000000000000e+00,-1.845396289657379174e-02,-0.000000000000000000e+00,-2.115777896413419401e-01,-0.000000000000000000e+00,-1.398620419853875696e-01,0.000000000000000000e+00,3.445201313164777263e-03,0.000000000000000000e+00,-0.000000000000000000e+00,0.000000000000000000e+00,-0.000000000000000000e+00,0.000000000000000000e+00,-0.000000000000000000e+00,-3.108168575221897378e-01,0.000000000000000000e+00,-0.000000000000000000e+00,-0.000000000000000000e+00,-0.000000000000000000e+00,0.000000000000000000e+00,-0.000000000000000000e+00,0.000000000000000000e+00,-0.000000000000000000e+00,0.000000000000000000e+00,-9.023509456928718864e-02,0.000000000000000000e+00,1.972529298552080812e+00,-2.775059148785501417e-01
-0.000000000000000000e+00,-7.257577899730509319e-02,-0.000000000000000000e+00,0.000000000000000000e+00,-2.719839504359947702e-01,-0.000000000000000000e+00,5.550021805375339456e-02,7.577430769002588273e-02,-5.300181859632220327e-01,-0.000000000000000000e+00,-0.000000000000000000e+00,-0.000000000000000000e+00,-0.000000000000000000e+00,-8.735241624105856417e-02,-0.000000000000000000e+00,-0.000000000000000000e+00,-0.000000000000000000e+00,0.000000000000000000e+00,0.000000000000000000e+00,7.130883965768362864e-02,0.000000000000000000e+00,-0.000000000000000000e+00,-0.000000000000000000e+00,0.000000000000000000e+00,-0.000000000000000000e+00,-0.000000000000000000e+00,-4.735742571675615742e-01,-6.627276664954294405e-02,-0.000000000000000000e+00,0.000000000000000000e+00,-0.000000000000000000e+00,-0.000000000000000000e+00,0.000000000000000000e+00,-2.286909401018349247e-02,0.000000000000000000e+00,-1.209835306925411275e-01,-0.000000000000000000e+00,-2.775059148785501417e-01,2.028597701231859229e+00
