2.211996011725989586e+00,-1.391148442687135944e-01,-1.605415002405550795e-01,-0.000000000000000000e+00,-3.056064078855875721e-01,0.000000000000000000e+00,-0.000000000000000000e+00,0.000000000000000000e+00,-1.941456723912213245e-01,-7.549951790465259105e-02,-1.020207004363770931e-01,0.000000000000000000e+00,-0.000000000000000000e+00,-0.000000000000000000e+00,1.892889877551341971e-01,-3.953144369748913256e-01,-5.251656987215630457e-02,-2.574872130334115439e-01,-0.000000000000000000e+00,-0.000000000000000000e+00,-0.000000000000000000e+00,-0.000000000000000000e+00,-0.000000000000000000e+00,-0.000000000000000000e+00,-0.000000000000000000e+00,-1.957513448785151433e-01,-0.000000000000000000e+00,-0.000000000000000000e+00,-0.000000000000000000e+00,-9.541546885401686051e-02,-0.000000000000000000e+00,-8.145837438650129630e-03,-0.000000000000000000e+00,-0.000000000000000000e+00,-0.000000000000000000e+00,-0.000000000000000000e+00,-9.969450902524225333e-02,-0.000000000000000000e+00,-1.566591685651826105e-03
-1.391148442687135944e-01,2.280820494286634581e+00,-0.000000000000000000e+00,-0.000000000000000000e+00,-0.000000000000000000e+00,9.545863444084169702e-02,-5.922730717558429697e-02,0.000000000000000000e+00,-9.338200283885196573e-02,-4.192718451833062909e-01,-0.000000000000000000e+00,-0.000000000000000000e+00,-0.000000000000000000e+00,-0.000000000000000000e+00,0.000000000000000000e+00,-2.229032171657140959e-01,-2.777520726647077498e-01,-0.000000000000000000e+00,-1.488063361842111021e-02,-0.000000000000000000e+00,-0.000000000000000000e+00,-1.944489114821922049e-01,-0.000000000000000000e+00,-1.865729483439359793e-01,0.000000000000000000e+00,-0.000000000000000000e+00,-0.000000000000000000e+00,-0.000000000000000000e+00,0.000000000000000000e+00,-3.085772521342348695e-01,-7.980881520456567513e-02,-1.674452681267540877e-01,-0.000000000000000000e+00,-0.000000000000000000e+00,-0.000000000000000000e+00,-7.987888233632273183e-02,-3.797863422550653428e-02,-0.000000000000000000e+00,-0.000000000000000000e+00
-1.605415002405550795e-01,-0.000000000000000000e+00,2.664650284909242384e+00,-0.000000000000000000e+00,-5.319583229322064621e-01,0.000000000000000000e+00,-0.000000000000000000e+00,8.445071077319741271e-01,-1.792027593861013623e-01,-2.059996137496377111e-01,-0.000000000000000000e+00,0.000000000000000000e+00,-0.000000000000000000e+00,-0.000000000000000000e+00,0.000000000000000000e+00,-1.428810131653664717e-01,-0.000000000000000000e+00,-2.426395780231171417e-01,-0.000000000000000000e+00,-0.000000000000000000e+00,-4.986688966763665881e-02,-1.433502125532515326e-01,-0.000000000000000000e+00,-0.000000000000000000e+00,-0.000000000000000000e+00,-1.977237805251519653e-01,-0.000000000000000000e+00,-0.000000000000000000e+00,-0.000000000000000000e+00,-4.385158639202930281e-02,-0.000000000000000000e+00,-0.000000000000000000e+00,-0.000000000000000000e+00,0.000000000000000000e+00,-0.000000000000000000e+00,-0.000000000000000000e+00,-0.000000000000000000e+00,-0.000000000000000000e+00,-2.429444326239948038e-03
-0.000000000000000000e+00,-0.000000000000000000e+00,-0.000000000000000000e+00,1.769489967424685783e+00,-0.000000000000000000e+00,0.000000000000000000e+00,-1.838976125241914839e-01,0.000000000000000000e+00,-0.000000000000000000e+00,-0.000000000000000000e+00,0.000000000000000000e+00,0.000000000000000000e+00,-2.788530138645267664e-01,0.000000000000000000e+00,5.626969646228117128e-01,-0.000000000000000000e+00,-0.000000000000000000e+00,-0.000000000000000000e+00,-0.000000000000000000e+00,-1.468862337979439103e-01,-0.000000000000000000e+00,-0.000000000000000000e+00,0.000000000000000000e+00,-0.000000000000000000e+00,0.000000000000000000e+00,0.000000000000000000e+00,0.000000000000000000e+00,0.000000000000000000e+00,3.460886378880578818e-02,-0.000000000000000000e+00,0.000000000000000000e+00,0.000000000000000000e+00,5.223226868838822673e-02,6.844517935217273030e-02,0.000000000000000000e+00,0.000000000000000000e+00,0.000000000000000000e+00,-1.392994938897312851e-01,-2.530653035423746644e-01
-3.056064078855875721e-01,-0.000000000000000000e+00,-5.319583229322064621e-01,-0.000000000000000000e+00,2.074099456712991341e+00,0.000000000000000000e+00,-0.000000000000000000e+00,2.978335755433089704e-01,-1.656436733842235332e-01,-0.000000000000000000e+00,-6.771461222672178759e-02,0.000000000000000000e+00,-0.000000000000000000e+00,-2.548304129578596311e-01,0.000000000000000000e+00,-0.000000000000000000e+00,-0.000000000000000000e+00,-4.887851489160971452e-02,-0.000000000000000000e+00,-0.000000000000000000e+00,-0.000000000000000000e+00,-0.000000000000000000e+00,-1.321430670644938021e-01,-0.000000000000000000e+00,-4.371176624159667928e-02,-2.217484765638249797e-02,-0.000000000000000000e+00,-0.000000000000000000e+00,-0.000000000000000000e+00,-0.000000000000000000e+00,-0.000000000000000000e+00,-2.323080765031483863e-01,-0.000000000000000000e+00,-0.000000000000000000e+00,-0.000000000000000000e+00,-0.000000000000000000e+00,-4.354027238287135580e-03,-0.000000000000000000e+00,-0.000000000000000000e+00
0.000000000000000000e+00,9.545863444084169702e-02,0.000000000000000000e+00,0.000000000000000000e+00,0.000000000000000000e+00,1.487321377007648104e+00,1.162329692525057995e-01,-0.000000000000000000e+00,0.000000000000000000e+00,1.128499979760233946e-01,-0.000000000000000000e+00,0.000000000000000000e+00,5.943052015360569817e-02,-0.000000000000000000e+00,-0.000000000000000000e+00,0.000000000000000000e+00,0.000000000000000000e+00,0.000000000000000000e+00,1.600722949376411353e-01,1.094213591176413647e-01,0.000000000000000000e+00,0.000000000000000000e+00,-0.000000000000000000e+00,8.857210350371971797e-03,-2.300412118056183869e-02,0.000000000000000000e+00,0.000000000000000000e+00,-0.000000000000000000e+00,-1.463103440043165837e-01,3.353468294781207504e-02,0.000000000000000000e+00,0.000000000000000000e+00,-0.000000000000000000e+00,-0.000000000000000000e+00,-0.000000000000000000e+00,-0.000000000000000000e+00,0.000000000000000000e+00,2.518057393324144577e-01,1.196687746260478857e-01
-0.000000000000000000e+00,-5.922730717558429697e-02,-0.000000000000000000e+00,-1.838976125241914839e-01,-0.000000000000000000e+00,1.162329692525057995e-01,2.527297189636402486e+00,0.000000000000000000e+00,-2.469152563460424166e-01,-1.188636810920563891e-01,-0.000000000000000000e+00,-0.000000000000000000e+00,-7.726873269892758911e-02,-0.000000000000000000e+00,0.000000000000000000e+00,-6.528700515566170093e-02,-0.000000000000000000e+00,-7.258363652619415074e-02,-3.269469274053816155e-01,-4.523385920125598259e-01,-0.000000000000000000e+00,-2.774344172481102433e-01,-0.000000000000000000e+00,-0.000000000000000000e+00,0.000000000000000000e+00,-0.000000000000000000e+00,-0.000000000000000000e+00,-0.000000000000000000e+00,0.000000000000000000e+00,-1.824368032466774370e-01,-0.000000000000000000e+00,-0.000000000000000000e+00,0.000000000000000000e+00,0.000000000000000000e+00,-0.000000000000000000e+00,-0.000000000000000000e+00,-0.000000000000000000e+00,-1.821457624002225939e-01,-2.092159990311316109e-01
0.000000000000000000e+00,0.000000000000000000e+00,8.445071077319741271e-01,0.000000000000000000e+00,2.978335755433089704e-01,-0.000000000000000000e+00,0.000000000000000000e+00,2.282361850103631351e+00,6.370653134835362053e-02,0.000000000000000000e+00,0.000000000000000000e+00,-0.000000000000000000e+00,0.000000000000000000e+00,0.000000000000000000e+00,-1.563487688223593186e-01,5.423495172129270264e-02,0.000000000000000000e+00,1.945697608112285926e-01,0.000000000000000000e+00,4.316810855099081218e-02,3.977789118904916377e-01,4.415721981700956172e-02,0.000000000000000000e+00,0.000000000000000000e+00,0.000000000000000000e+00,3.605037938301742378e-02,0.000000000000000000e+00,0.000000000000000000e+00,-0.000000000000000000e+00,1.137969980953278115e-01,0.000000000000000000e+00,0.000000000000000000e+00,0.000000000000000000e+00,-0.000000000000000000e+00,0.000000000000000000e+00,0.000000000000000000e+00,0.000000000000000000e+00,3.688478848573541191e-02,0.000000000000000000e+00
-1.941456723912213245e-01,-9.338200283885196573e-02,-1.792027593861013623e-01,-0.000000000000000000e+00,-1.656436733842235332e-01,0.000000000000000000e+00,-2.469152563460424166e-01,6.370653134835362053e-02,2.769346874421027227e+00,-2.768551343188113134e-01,-0.000000000000000000e+00,0.000000000000000000e+00,-0.000000000000000000e+00,-0.000000000000000000e+00,2.628257533228708226e-02,-2.182928251193273217e-01,-2.485723989271017113e-04,-1.906393464965327467e-01,-1.520975027957056219e-02,-8.412462739565713943e-02,-0.000000000000000000e+00,-0.000000000000000000e+00,-0.000000000000000000e+00,-0.000000000000000000e+00,-0.000000000000000000e+00,-0.000000000000000000e+00,-0.000000000000000000e+00,-0.000000000000000000e+00,0.000000000000000000e+00,-4.619183189230230968e-01,-0.000000000000000000e+00,-0.000000000000000000e+00,0.000000000000000000e+00,0.000000000000000000e+00,-0.000000000000000000e+00,-0.000000000000000000e+00,-0.000000000000000000e+00,-1.973854040641357110e-01,-3.932755766973063394e-01
-7.549951790465259105e-02,-4.192718451833062909e-01,-2.059996137496377111e-01,-0.000000000000000000e+00,-0.000000000000000000e+00,1.128499979760233946e-01,-1.188636810920563891e-01,0.000000000000000000e+00,-2.768551343188113134e-01,2.913967816719345016e+00,-0.000000000000000000e+00,-0.000000000000000000e+00,-0.000000000000000000e+00,-0.000000000000000000e+00,0.000000000000000000e+00,-3.627502150928509361e-01,-3.149461804080064264e-01,-2.346840334264508124e-02,-1.635335446217771604e-01,-0.000000000000000000e+00,-0.000000000000000000e+00,-1.403548331405533312e-01,-0.000000000000000000e+00,-2.090988415092090158e-01,-0.000000000000000000e+00,-0.000000000000000000e+00,-1.261346776165762074e-01,-0.000000000000000000e+00,0.000000000000000000e+00,-2.743435183136240241e-01,-0.000000000000000000e+00,-0.000000000000000000e+00,-0.000000000000000000e+00,-0.000000000000000000e+00,-0.000000000000000000e+00,-0.000000000000000000e+00,-0.000000000000000000e+00,-1.225480087673198881e-01,-2.267033853529027976e-01
-1.020207004363770931e-01,-0.000000000000000000e+00,-0.000000000000000000e+00,0.000000000000000000e+00,-6.771461222672178759e-02,-0.000000000000000000e+00,-0.000000000000000000e+00,0.000000000000000000e+00,-0.000000000000000000e+00,-0.000000000000000000e+00,1.746545446425217696e+00,-0.000000000000000000e+00,0.000000000000000000e+00,-6.053586717672915923e-02,-0.000000000000000000e+00,-0.000000000000000000e+00,-5.228148350130118471e-01,-0.000000000000000000e+00,-0.000000000000000000e+00,-0.000000000000000000e+00,-0.000000000000000000e+00,-0.000000000000000000e+00,-0.000000000000000000e+00,-0.000000000000000000e+00,-0.000000000000000000e+00,-0.000000000000000000e+00,-0.000000000000000000e+00,-0.000000000000000000e+00,-5.022604140743498063e-02,-0.000000000000000000e+00,-0.000000000000000000e+00,-2.560682972888008724e-01,-5.457035155977022628e-02,-2.687790894948804965e-02,-2.273491217411610366e-01,-0.000000000000000000e+00,-2.649861356892485587e-01,-0.000000000000000000e+00,-0.000000000000000000e+00
0.000000000000000000e+00,-0.000000000000000000e+00,0.000000000000000000e+00,0.000000000000000000e+00,0.000000000000000000e+00,0.000000000000000000e+00,-0.000000000000000000e+00,-0.000000000000000000e+00,0.000000000000000000e+00,-0.000000000000000000e+00,-0.000000000000000000e+00,1.332234352453540493e+00,0.000000000000000000e+00,-0.000000000000000000e+00,-5.137487045984078238e-01,0.000000000000000000e+00,-0.000000000000000000e+00,0.000000000000000000e+00,-0.000000000000000000e+00,-0.000000000000000000e+00,0.000000000000000000e+00,-0.000000000000000000e+00,-0.000000000000000000e+00,-0.000000000000000000e+00,0.000000000000000000e+00,-0.000000000000000000e+00,-1.911379636041239671e-01,-0.000000000000000000e+00,0.000000000000000000e+00,0.000000000000000000e+00,-0.000000000000000000e+00,-0.000000000000000000e+00,-1.594641232403078146e-01,-1.831016259663149348e-01,-0.000000000000000000e+00,-0.000000000000000000e+00,-0.000000000000000000e+00,0.000000000000000000e+00,0.000000000000000000e+00
-0.000000000000000000e+00,-0.000000000000000000e+00,-0.000000000000000000e+00,-2.788530138645267664e-01,-0.000000000000000000e+00,5.943052015360569817e-02,-7.726873269892758911e-02,0.000000000000000000e+00,-0.000000000000000000e+00,-0.000000000000000000e+00,0.000000000000000000e+00,0.000000000000000000e+00,1.326081831068109285e+00,0.000000000000000000e+00,0.000000000000000000e+00,-0.000000000000000000e+00,-0.000000000000000000e+00,-0.000000000000000000e+00,-8.170218980478294833e-04,-0.000000000000000000e+00,-0.000000000000000000e+00,-0.000000000000000000e+00,0.000000000000000000e+00,-0.000000000000000000e+00,0.000000000000000000e+00,0.000000000000000000e+00,0.000000000000000000e+00,0.000000000000000000e+00,2.148942809535314691e-01,-0.000000000000000000e+00,2.379604083829491359e-02,0.000000000000000000e+00,1.457329721364696018e-01,1.296051768294906592e-01,0.000000000000000000e+00,0.000000000000000000e+00,0.000000000000000000e+00,-1.988714319428812605e-01,-4.812391838972183283e-02
-0.000000000000000000e+00,-0.000000000000000000e+00,-0.000000000000000000e+00,0.000000000000000000e+00,-2.548304129578596311e-01,-0.000000000000000000e+00,-0.000000000000000000e+00,0.000000000000000000e+00,-0.000000000000000000e+00,-0.000000000000000000e+00,-6.053586717672915923e-02,-0.000000000000000000e+00,0.000000000000000000e+00,1.712192907479815451e+00,0.000000000000000000e+00,-0.000000000000000000e+00,-0.000000000000000000e+00,-0.000000000000000000e+00,-0.000000000000000000e+00,-0.000000000000000000e+00,-0.000000000000000000e+00,-0.000000000000000000e+00,-5.173909843181792034e-01,-1.379858240106596745e-01,-2.457837332006063830e-02,-1.829495149963570044e-01,-0.000000000000000000e+00,-1.124239977324948264e-01,-3.437417907338517070e-02,-0.000000000000000000e+00,-6.639077039633457800e-02,-4.423896196448584561e-02,-1.586164713377969659e-01,-0.000000000000000000e+00,-9.033238036253071757e-02,-0.000000000000000000e+00,-3.952639861454203263e-02,-0.000000000000000000e+00,-0.000000000000000000e+00
1.892889877551341971e-01,0.000000000000000000e+00,0.000000000000000000e+00,5.626969646228117128e-01,0.000000000000000000e+00,-0.000000000000000000e+00,0.000000000000000000e+00,-1.563487688223593186e-01,2.628257533228708226e-02,0.000000000000000000e+00,-0.000000000000000000e+00,-5.137487045984078238e-01,0.000000000000000000e+00,0.000000000000000000e+00,1.892700209941733380e+00,0.000000000000000000e+00,0.000000000000000000e+00,3.461686196287719897e-01,0.000000000000000000e+00,0.000000000000000000e+00,0.000000000000000000e+00,0.000000000000000000e+00,0.000000000000000000e+00,-0.000000000000000000e+00,0.000000000000000000e+00,0.000000000000000000e+00,-0.000000000000000000e+00,-0.000000000000000000e+00,-0.000000000000000000e+00,0.000000000000000000e+00,-0.000000000000000000e+00,-0.000000000000000000e+00,-0.000000000000000000e+00,-2.113484951051536331e-01,-0.000000000000000000e+00,0.000000000000000000e+00,-0.000000000000000000e+00,0.000000000000000000e+00,2.501008245589193477e-02
-3.953144369748913256e-01,-2.229032171657140959e-01,-1.428810131653664717e-01,-0.000000000000000000e+00,-0.000000000000000000e+00,0.000000000000000000e+00,-6.528700515566170093e-02,5.423495172129270264e-02,-2.182928251193273217e-01,-3.627502150928509361e-01,-0.000000000000000000e+00,0.000000000000000000e+00,-0.000000000000000000e+00,-0.000000000000000000e+00,0.000000000000000000e+00,2.750086483917569602e+00,-1.159968088174482409e-01,-2.812988725373418708e-01,-5.764295539804775020e-02,-6.949709242738266735e-02,-0.000000000000000000e+00,-0.000000000000000000e+00,-0.000000000000000000e+00,-7.413999405653388941e-02,-0.000000000000000000e+00,-8.878296755658654504e-03,-0.000000000000000000e+00,-0.000000000000000000e+00,0.000000000000000000e+00,-2.331697380327159563e-01,-0.000000000000000000e+00,-0.000000000000000000e+00,0.000000000000000000e+00,0.000000000000000000e+00,-0.000000000000000000e+00,-0.000000000000000000e+00,-0.000000000000000000e+00,-3.467620211173432221e-01,-1.675012674820731684e-01
-5.251656987215630457e-02,-2.777520726647077498e-01,-0.000000000000000000e+00,-0.000000000000000000e+00,-0.000000000000000000e+00,0.000000000000000000e+00,-0.000000000000000000e+00,0.000000000000000000e+00,-2.485723989271017113e-04,-3.149461804080064264e-01,-5.228148350130118471e-01,-0.000000000000000000e+00,-0.000000000000000000e+00,-0.000000000000000000e+00,0.000000000000000000e+00,-1.159968088174482409e-01,1.956659752194241042e+00,-0.000000000000000000e+00,-0.000000000000000000e+00,-0.000000000000000000e+00,-0.000000000000000000e+00,-1.055067104698258623e-01,-0.000000000000000000e+00,-3.394181337114478558e-01,-0.000000000000000000e+00,-0.000000000000000000e+00,-2.516595148701370258e-02,-0.000000000000000000e+00,-0.000000000000000000e+00,-2.505381428796828180e-02,-8.685213261453812728e-02,-0.000000000000000000e+00,-0.000000000000000000e+00,-0.000000000000000000e+00,-0.000000000000000000e+00,-0.000000000000000000e+00,-2.208497756213652005e-02,-0.000000000000000000e+00,-0.000000000000000000e+00
-2.574872130334115439e-01,-0.000000000000000000e+00,-2.426395780231171417e-01,-0.000000000000000000e+00,-4.887851489160971452e-02,0.000000000000000000e+00,-7.258363652619415074e-02,1.945697608112285926e-01,-1.906393464965327467e-01,-2.346840334264508124e-02,-0.000000000000000000e+00,0.000000000000000000e+00,-0.000000000000000000e+00,-0.000000000000000000e+00,3.461686196287719897e-01,-2.812988725373418708e-01,-0.000000000000000000e+00,2.388916695633124476e+00,-1.421600129026302783e-01,-5.725120892683555063e-02,-0.000000000000000000e+00,-0.000000000000000000e+00,-0.000000000000000000e+00,-0.000000000000000000e+00,-0.000000000000000000e+00,-9.420762497101811683e-02,-0.000000000000000000e+00,-0.000000000000000000e+00,0.000000000000000000e+00,-1.085284013571256312e-01,-0.000000000000000000e+00,-0.000000000000000000e+00,0.000000000000000000e+00,0.000000000000000000e+00,-0.000000000000000000e+00,-0.000000000000000000e+00,-0.000000000000000000e+00,-1.934283898382021527e-01,-1.936337825589048156e-01
-0.000000000000000000e+00,-1.488063361842111021e-02,-0.000000000000000000e+00,-0.000000000000000000e+00,-0.000000000000000000e+00,1.600722949376411353e-01,-3.269469274053816155e-01,0.000000000000000000e+00,-1.520975027957056219e-02,-1.635335446217771604e-01,-0.000000000000000000e+00,-0.000000000000000000e+00,-8.170218980478294833e-04,-0.000000000000000000e+00,0.000000000000000000e+00,-5.764295539804775020e-02,-0.000000000000000000e+00,-1.421600129026302783e-01,2.322123793762567612e+00,-2.510086464216975122e-01,-0.000000000000000000e+00,-3.901617420928036872e-01,-0.000000000000000000e+00,-5.017406583111383434e-02,0.000000000000000000e+00,-0.000000000000000000e+00,-0.000000000000000000e+00,-0.000000000000000000e+00,0.000000000000000000e+00,-1.564207819100141283e-01,-0.000000000000000000e+00,-0.000000000000000000e+00,0.000000000000000000e+00,0.000000000000000000e+00,-0.000000000000000000e+00,-0.000000000000000000e+00,-0.000000000000000000e+00,-3.157217759173820970e-01,-1.863944793148038792e-01
-0.000000000000000000e+00,-0.000000000000000000e+00,-0.000000000000000000e+00,-1.468862337979439103e-01,-0.000000000000000000e+00,1.094213591176413647e-01,-4.523385920125598259e-01,4.316810855099081218e-02,-8.412462739565713943e-02,-0.000000000000000000e+00,-0.000000000000000000e+00,-0.000000000000000000e+00,-0.000000000000000000e+00,-0.000000000000000000e+00,0.000000000000000000e+00,-6.949709242738266735e-02,-0.000000000000000000e+00,-5.725120892683555063e-02,-2.510086464216975122e-01,2.358317765011739731e+00,-0.000000000000000000e+00,-4.906873885937105273e-01,-0.000000000000000000e+00,-0.000000000000000000e+00,0.000000000000000000e+00,-0.000000000000000000e+00,-0.000000000000000000e+00,-0.000000000000000000e+00,2.602954658913262526e-02,-1.013807199224187744e-01,-0.000000000000000000e+00,-0.000000000000000000e+00,0.000000000000000000e+00,0.000000000000000000e+00,-0.000000000000000000e+00,-0.000000000000000000e+00,-0.000000000000000000e+00,-3.553399796686260159e-01,-1.167288497484088167e-01
-0.000000000000000000e+00,-0.000000000000000000e+00,-4.986688966763665881e-02,-0.000000000000000000e+00,-0.000000000000000000e+00,0.000000000000000000e+00,-0.000000000000000000e+00,3.977789118904916377e-01,-0.000000000000000000e+00,-0.000000000000000000e+00,-0.000000000000000000e+00,0.000000000000000000e+00,-0.000000000000000000e+00,-0.000000000000000000e+00,0.000000000000000000e+00,-0.000000000000000000e+00,-0.000000000000000000e+00,-0.000000000000000000e+00,-0.000000000000000000e+00,-0.000000000000000000e+00,1.308729796671230128e+00,-2.670518577417916317e-01,-0.000000000000000000e+00,-0.000000000000000000e+00,-0.000000000000000000e+00,-2.470407193533536924e-02,-0.000000000000000000e+00,-0.000000000000000000e+00,0.000000000000000000e+00,-0.000000000000000000e+00,-0.000000000000000000e+00,-0.000000000000000000e+00,-0.000000000000000000e+00,0.000000000000000000e+00,-0.000000000000000000e+00,-4.252592073210969409e-02,-0.000000000000000000e+00,-0.000000000000000000e+00,-0.000000000000000000e+00
-0.000000000000000000e+00,-1.944489114821922049e-01,-1.433502125532515326e-01,-0.000000000000000000e+00,-0.000000000000000000e+00,0.000000000000000000e+00,-2.774344172481102433e-01,4.415721981700956172e-02,-0.000000000000000000e+00,-1.403548331405533312e-01,-0.000000000000000000e+00,-0.000000000000000000e+00,-0.000000000000000000e+00,-0.000000000000000000e+00,0.000000000000000000e+00,-0.000000000000000000e+00,-1.055067104698258623e-01,-0.000000000000000000e+00,-3.901617420928036872e-01,-4.906873885937105273e-01,-2.670518577417916317e-01,2.217283754059451883e+00,-0.000000000000000000e+00,-6.895287505811360795e-02,0.000000000000000000e+00,-0.000000000000000000e+00,-1.501715474306972720e-01,-0.000000000000000000e+00,0.000000000000000000e+00,-2.357485762652351629e-04,-0.000000000000000000e+00,-0.000000000000000000e+00,-0.000000000000000000e+00,0.000000000000000000e+00,-0.000000000000000000e+00,-0.000000000000000000e+00,-0.000000000000000000e+00,-0.000000000000000000e+00,-0.000000000000000000e+00
-0.000000000000000000e+00,-0.000000000000000000e+00,-0.000000000000000000e+00,0.000000000000000000e+00,-1.321430670644938021e-01,-0.000000000000000000e+00,-0.000000000000000000e+00,0.000000000000000000e+00,-0.000000000000000000e+00,-0.000000000000000000e+00,-0.000000000000000000e+00,-0.000000000000000000e+00,0.000000000000000000e+00,-5.173909843181792034e-01,0.000000000000000000e+00,-0.000000000000000000e+00,-0.000000000000000000e+00,-0.000000000000000000e+00,-0.000000000000000000e+00,-0.000000000000000000e+00,-0.000000000000000000e+00,-0.000000000000000000e+00,1.803643378105767914e+00,-0.000000000000000000e+00,-6.878896948343130591e-01,-1.186673570583011011e-01,-0.000000000000000000e+00,-0.000000000000000000e+00,-5.170725478044098378e-02,-0.000000000000000000e+00,-0.000000000000000000e+00,-0.000000000000000000e+00,-1.276593882376986233e-01,-0.000000000000000000e+00,-9.140687714866589653e-02,-0.000000000000000000e+00,-2.328982581316179148e-02,-0.000000000000000000e+00,-0.000000000000000000e+00
-0.000000000000000000e+00,-1.865729483439359793e-01,-0.000000000000000000e+00,-0.000000000000000000e+00,-0.000000000000000000e+00,8.857210350371971797e-03,-0.000000000000000000e+00,0.000000000000000000e+00,-0.000000000000000000e+00,-2.090988415092090158e-01,-0.000000000000000000e+00,-0.000000000000000000e+00,-0.000000000000000000e+00,-1.379858240106596745e-01,-0.000000000000000000e+00,-7.413999405653388941e-02,-3.394181337114478558e-01,-0.000000000000000000e+00,-5.017406583111383434e-02,-0.000000000000000000e+00,-0.000000000000000000e+00,-6.895287505811360795e-02,-0.000000000000000000e+00,1.554887403871133555e+00,-0.000000000000000000e+00,-9.408227719738704309e-03,-1.630393132615671203e-01,-0.000000000000000000e+00,-0.000000000000000000e+00,-0.000000000000000000e+00,-2.614265047467995845e-02,-0.000000000000000000e+00,-0.000000000000000000e+00,-0.000000000000000000e+00,-0.000000000000000000e+00,-0.000000000000000000e+00,-0.000000000000000000e+00,-0.000000000000000000e+00,-0.000000000000000000e+00
-0.000000000000000000e+00,0.000000000000000000e+00,-0.000000000000000000e+00,0.000000000000000000e+00,-4.371176624159667928e-02,-2.300412118056183869e-02,0.000000000000000000e+00,0.000000000000000000e+00,-0.000000000000000000e+00,-0.000000000000000000e+00,-0.000000000000000000e+00,0.000000000000000000e+00,0.000000000000000000e+00,-2.457837332006063830e-02,0.000000000000000000e+00,-0.000000000000000000e+00,-0.000000000000000000e+00,-0.000000000000000000e+00,0.000000000000000000e+00,0.000000000000000000e+00,-0.000000000000000000e+00,0.000000000000000000e+00,-6.878896948343130591e-01,-0.000000000000000000e+00,1.423660239083942569e+00,-0.000000000000000000e+00,-0.000000000000000000e+00,-0.000000000000000000e+00,-1.647436884795258349e-01,0.000000000000000000e+00,-0.000000000000000000e+00,-0.000000000000000000e+00,-0.000000000000000000e+00,-0.000000000000000000e+00,-0.000000000000000000e+00,-0.000000000000000000e+00,-1.792406135264020981e-04,0.000000000000000000e+00,0.000000000000000000e+00
-1.957513448785151433e-01,-0.000000000000000000e+00,-1.977237805251519653e-01,0.000000000000000000e+00,-2.217484765638249797e-02,0.000000000000000000e+00,-0.000000000000000000e+00,3.605037938301742378e-02,-0.000000000000000000e+00,-0.000000000000000000e+00,-0.000000000000000000e+00,-0.000000000000000000e+00,0.000000000000000000e+00,-1.829495149963570044e-01,0.000000000000000000e+00,-8.878296755658654504e-03,-0.000000000000000000e+00,-9.420762497101811683e-02,-0.000000000000000000e+00,-0.000000000000000000e+00,-2.470407193533536924e-02,-0.000000000000000000e+00,-1.186673570583011011e-01,-9.408227719738704309e-03,-0.000000000000000000e+00,1.965024824153497995e+00,-2.118691270792489867e-01,-5.772060286484580471e-01,-0.000000000000000000e+00,-0.000000000000000000e+00,-2.011837558718807817e-01,-0.000000000000000000e+00,-0.000000000000000000e+00,-0.000000000000000000e+00,-0.000000000000000000e+00,-5.788251783284625862e-02,-1.632922884336388825e-01,-0.000000000000000000e+00,-0.000000000000000000e+00
-0.000000000000000000e+00,-0.000000000000000000e+00,-0.000000000000000000e+00,0.000000000000000000e+00,-0.000000000000000000e+00,0.000000000000000000e+00,-0.000000000000000000e+00,0.000000000000000000e+00,-0.000000000000000000e+00,-1.261346776165762074e-01,-0.000000000000000000e+00,-1.911379636041239671e-01,0.000000000000000000e+00,-0.000000000000000000e+00,-0.000000000000000000e+00,-0.000000000000000000e+00,-2.516595148701370258e-02,-0.000000000000000000e+00,-0.000000000000000000e+00,-0.000000000000000000e+00,-0.000000000000000000e+00,-1.501715474306972720e-01,-0.000000000000000000e+00,-1.630393132615671203e-01,-0.000000000000000000e+00,-2.118691270792489867e-01,1.773725084866493829e+00,-6.158584450579415032e-02,-0.000000000000000000e+00,-0.000000000000000000e+00,-6.850250949478166040e-01,-4.156085841539032544e-02,-0.000000000000000000e+00,-0.000000000000000000e+00,-0.000000000000000000e+00,-8.445276304959316305e-02,-2.386796811173884716e-02,-0.000000000000000000e+00,-0.000000000000000000e+00
-0.000000000000000000e+00,-0.000000000000000000e+00,-0.000000000000000000e+00,0.000000000000000000e+00,-0.000000000000000000e+00,-0.000000000000000000e+00,-0.000000000000000000e+00,0.000000000000000000e+00,-0.000000000000000000e+00,-0.000000000000000000e+00,-0.000000000000000000e+00,-0.000000000000000000e+00,0.000000000000000000e+00,-1.124239977324948264e-01,-0.000000000000000000e+00,-0.000000000000000000e+00,-0.000000000000000000e+00,-0.000000000000000000e+00,-0.000000000000000000e+00,-0.000000000000000000e+00,-0.000000000000000000e+00,-0.000000000000000000e+00,-0.000000000000000000e+00,-0.000000000000000000e+00,-0.000000000000000000e+00,-5.772060286484580471e-01,-6.158584450579415032e-02,1.544968460957934164e+00,-6.236379540857163450e-02,-0.000000000000000000e+00,-2.411859030576129770e-01,-0.000000000000000000e+00,-1.004816915405193634e-01,-0.000000000000000000e+00,-0.000000000000000000e+00,-1.017429888362817725e-01,-0.000000000000000000e+00,-0.000000000000000000e+00,0.000000000000000000e+00
-0.000000000000000000e+00,0.000000000000000000e+00,-0.000000000000000000e+00,3.460886378880578818e-02,-0.000000000000000000e+00,-1.463103440043165837e-01,0.000000000000000000e+00,-0.000000000000000000e+00,0.000000000000000000e+00,0.000000000000000000e+00,-5.022604140743498063e-02,0.000000000000000000e+00,2.148942809535314691e-01,-3.437417907338517070e-02,-0.000000000000000000e+00,0.000000000000000000e+00,-0.000000000000000000e+00,0.000000000000000000e+00,0.000000000000000000e+00,2.602954658913262526e-02,0.000000000000000000e+00,0.000000000000000000e+00,-5.170725478044098378e-02,-0.000000000000000000e+00,-1.647436884795258349e-01,-0.000000000000000000e+00,-0.000000000000000000e+00,-6.236379540857163450e-02,1.394390062781034834e+00,0.000000000000000000e+00,-0.000000000000000000e+00,-3.592296657537175780e-02,-0.000000000000000000e+00,-3.775684526230354415e-02,-2.564205509380176329e-01,-0.000000000000000000e+00,-2.998771062843995638e-01,0.000000000000000000e+00,0.000000000000000000e+00
-9.541546885401686051e-02,-3.085772521342348695e-01,-4.385158639202930281e-02,-0.000000000000000000e+00,-0.000000000000000000e+00,3.353468294781207504e-02,-1.824368032466774370e-01,1.137969980953278115e-01,-4.619183189230230968e-01,-2.743435183136240241e-01,-0.000000000000000000e+00,0.000000000000000000e+00,-0.000000000000000000e+00,-0.000000000000000000e+00,0.000000000000000000e+00,-2.331697380327159563e-01,-2.505381428796828180e-02,-1.085284013571256312e-01,-1.564207819100141283e-01,-1.013807199224187744e-01,-0.000000000000000000e+00,-2.357485762652351629e-04,-0.000000000000000000e+00,-0.000000000000000000e+00,0.000000000000000000e+00,-0.000000000000000000e+00,-0.000000000000000000e+00,-0.000000000000000000e+00,0.000000000000000000e+00,2.780537024297464743e+00,-0.000000000000000000e+00,-0.000000000000000000e+00,0.000000000000000000e+00,0.000000000000000000e+00,-0.000000000000000000e+00,-0.000000000000000000e+00,-0.000000000000000000e+00,-2.701951021881711101e-01,-3.911132708729865848e-01
-0.000000000000000000e+00,-7.980881520456567513e-02,-0.000000000000000000e+00,0.000000000000000000e+00,-0.000000000000000000e+00,0.000000000000000000e+00,-0.000000000000000000e+00,0.000000000000000000e+00,-0.000000000000000000e+00,-0.000000000000000000e+00,-0.000000000000000000e+00,-0.000000000000000000e+00,2.379604083829491359e-02,-6.639077039633457800e-02,-0.000000000000000000e+00,-0.000000000000000000e+00,-8.685213261453812728e-02,-0.000000000000000000e+00,-0.000000000000000000e+00,-0.000000000000000000e+00,-0.000000000000000000e+00,-0.000000000000000000e+00,-0.000000000000000000e+00,-2.614265047467995845e-02,-0.000000000000000000e+00,-2.011837558718807817e-01,-6.850250949478166040e-01,-2.411859030576129770e-01,-0.000000000000000000e+00,-0.000000000000000000e+00,2.004843071508073837e+00,-3.468146124315048540e-01,-9.644421500918026746e-02,-7.290796529608960241e-02,-2.814050605229289487e-02,-1.559387309976802138e-01,-4.889891500472254293e-02,-0.000000000000000000e+00,-0.000000000000000000e+00
-8.145837438650129630e-03,-1.674452681267540877e-01,-0.000000000000000000e+00,0.000000000000000000e+00,-2.323080765031483863e-01,0.000000000000000000e+00,-0.000000000000000000e+00,0.000000000000000000e+00,-0.000000000000000000e+00,-0.000000000000000000e+00,-2.560682972888008724e-01,-0.000000000000000000e+00,0.000000000000000000e+00,-4.423896196448584561e-02,-0.000000000000000000e+00,-0.000000000000000000e+00,-0.000000000000000000e+00,-0.000000000000000000e+00,-0.000000000000000000e+00,-0.000000000000000000e+00,-0.000000000000000000e+00,-0.000000000000000000e+00,-0.000000000000000000e+00,-0.000000000000000000e+00,-0.000000000000000000e+00,-0.000000000000000000e+00,-4.156085841539032544e-02,-0.000000000000000000e+00,-3.592296657537175780e-02,-0.000000000000000000e+00,-3.468146124315048540e-01,1.962078351274393118e+00,-1.167599606296459633e-02,-1.460830907058575934e-01,-2.322630718890358881e-01,-3.252435934753714758e-02,-4.942809460387113663e-01,-0.000000000000000000e+00,-0.000000000000000000e+00
-0.000000000000000000e+00,-0.000000000000000000e+00,-0.000000000000000000e+00,5.223226868838822673e-02,-0.000000000000000000e+00,-0.000000000000000000e+00,0.000000000000000000e+00,0.000000000000000000e+00,0.000000000000000000e+00,-0.000000000000000000e+00,-5.457035155977022628e-02,-1.594641232403078146e-01,1.457329721364696018e-01,-1.586164713377969659e-01,-0.000000000000000000e+00,0.000000000000000000e+00,-0.000000000000000000e+00,0.000000000000000000e+00,0.000000000000000000e+00,0.000000000000000000e+00,-0.000000000000000000e+00,-0.000000000000000000e+00,-1.276593882376986233e-01,-0.000000000000000000e+00,-0.000000000000000000e+00,-0.000000000000000000e+00,-0.000000000000000000e+00,-1.004816915405193634e-01,-0.000000000000000000e+00,0.000000000000000000e+00,-9.644421500918026746e-02,-1.167599606296459633e-02,1.319694526500286180e+00,-2.345412628079938111e-01,-1.162267999509781075e-01,-0.000000000000000000e+00,-0.000000000000000000e+00,0.000000000000000000e+00,0.000000000000000000e+00
-0.000000000000000000e+00,-0.000000000000000000e+00,0.000000000000000000e+00,6.844517935217273030e-02,-0.000000000000000000e+00,-0.000000000000000000e+00,0.000000000000000000e+00,-0.000000000000000000e+00,0.000000000000000000e+00,-0.000000000000000000e+00,-2.687790894948804965e-02,-1.831016259663149348e-01,1.296051768294906592e-01,-0.000000000000000000e+00,-2.113484951051536331e-01,0.000000000000000000e+00,-0.000000000000000000e+00,0.000000000000000000e+00,0.000000000000000000e+00,0.000000000000000000e+00,0.000000000000000000e+00,0.000000000000000000e+00,-0.000000000000000000e+00,-0.000000000000000000e+00,-0.000000000000000000e+00,-0.000000000000000000e+00,-0.000000000000000000e+00,-0.000000000000000000e+00,-3.775684526230354415e-02,0.000000000000000000e+00,-7.290796529608960241e-02,-1.460830907058575934e-01,-2.345412628079938111e-01,1.286637524644273167e+00,-1.858103224466140999e-02,-0.000000000000000000e+00,-1.993023680868433872e-02,0.000000000000000000e+00,0.000000000000000000e+00
-0.000000000000000000e+00,-0.000000000000000000e+00,-0.000000000000000000e+00,0.000000000000000000e+00,-0.000000000000000000e+00,-0.000000000000000000e+00,-0.000000000000000000e+00,0.000000000000000000e+00,-0.000000000000000000e+00,-0.000000000000000000e+00,-2.273491217411610366e-01,-0.000000000000000000e+00,0.000000000000000000e+00,-9.033238036253071757e-02,-0.000000000000000000e+00,-0.000000000000000000e+00,-0.000000000000000000e+00,-0.000000000000000000e+00,-0.000000000000000000e+00,-0.000000000000000000e+00,-0.000000000000000000e+00,-0.000000000000000000e+00,-9.140687714866589653e-02,-0.000000000000000000e+00,-0.000000000000000000e+00,-0.000000000000000000e+00,-0.000000000000000000e+00,-0.000000000000000000e+00,-2.564205509380176329e-01,-0.000000000000000000e+00,-2.814050605229289487e-02,-2.322630718890358881e-01,-1.162267999509781075e-01,-1.858103224466140999e-02,1.909300914259098647e+00,-1.205582556819045914e-01,-6.979997937791223572e-01,0.000000000000000000e+00,-0.000000000000000000e+00
-0.000000000000000000e+00,-7.987888233632273183e-02,-0.000000000000000000e+00,0.000000000000000000e+00,-0.000000000000000000e+00,-0.000000000000000000e+00,-0.000000000000000000e+00,0.000000000000000000e+00,-0.000000000000000000e+00,-0.000000000000000000e+00,-0.000000000000000000e+00,-0.000000000000000000e+00,0.000000000000000000e+00,-0.000000000000000000e+00,0.000000000000000000e+00,-0.000000000000000000e+00,-0.000000000000000000e+00,-0.000000000000000000e+00,-0.000000000000000000e+00,-0.000000000000000000e+00,-4.252592073210969409e-02,-0.000000000000000000e+00,-0.000000000000000000e+00,-0.000000000000000000e+00,-0.000000000000000000e+00,-5.788251783284625862e-02,-8.445276304959316305e-02,-1.017429888362817725e-01,-0.000000000000000000e+00,-0.000000000000000000e+00,-1.559387309976802138e-01,-3.252435934753714758e-02,-0.000000000000000000e+00,-0.000000000000000000e+00,-1.205582556819045914e-01,1.226142877727420810e+00,-9.781833731259091669e-02,-0.000000000000000000e+00,-0.000000000000000000e+00
-9.969450902524225333e-02,-3.797863422550653428e-02,-0.000000000000000000e+00,0.000000000000000000e+00,-4.354027238287135580e-03,0.000000000000000000e+00,-0.000000000000000000e+00,0.000000000000000000e+00,-0.000000000000000000e+00,-0.000000000000000000e+00,-2.649861356892485587e-01,-0.000000000000000000e+00,0.000000000000000000e+00,-3.952639861454203263e-02,-0.000000000000000000e+00,-0.000000000000000000e+00,-2.208497756213652005e-02,-0.000000000000000000e+00,-0.000000000000000000e+00,-0.000000000000000000e+00,-0.000000000000000000e+00,-0.000000000000000000e+00,-2.328982581316179148e-02,-0.000000000000000000e+00,-1.792406135264020981e-04,-1.632922884336388825e-01,-2.386796811173884716e-02,-0.000000000000000000e+00,-2.998771062843995638e-01,-0.000000000000000000e+00,-4.889891500472254293e-02,-4.942809460387113663e-01,-0.000000000000000000e+00,-1.993023680868433872e-02,-6.979997937791223572e-01,-9.781833731259091669e-02,2.197036992529036059e+00,-0.000000000000000000e+00,-0.000000000000000000e+00
-0.000000000000000000e+00,-0.000000000000000000e+00,-0.000000000000000000e+00,-1.392994938897312851e-01,-0.000000000000000000e+00,2.518057393324144577e-01,-1.821457624002225939e-01,3.688478848573541191e-02,-1.973854040641357110e-01,-1.225480087673198881e-01,-0.000000000000000000e+00,0.000000000000000000e+00,-1.988714319428812605e-01,-0.000000000000000000e+00,0.000000000000000000e+00,-3.467620211173432221e-01,-0.000000000000000000e+00,-1.934283898382021527e-01,-3.157217759173820970e-01,-3.553399796686260159e-01,-0.000000000000000000e+00,-0.000000000000000000e+00,-0.000000000000000000e+00,-0.000000000000000000e+00,0.000000000000000000e+00,-0.000000000000000000e+00,-0.000000000000000000e+00,-0.000000000000000000e+00,0.000000000000000000e+00,-2.701951021881711101e-01,-0.000000000000000000e+00,-0.000000000000000000e+00,0.000000000000000000e+00,0.000000000000000000e+00,0.000000000000000000e+00,-0.000000000000000000e+00,-0.000000000000000000e+00,2.847845966259510586e+00,-4.391320569920064143e-01
-1.566591685651826105e-03,-0.000000000000000000e+00,-2.429444326239948038e-03,-2.530653035423746644e-01,-0.000000000000000000e+00,1.196687746260478857e-01,-2.092159990311316109e-01,0.000000000000000000e+00,-3.932755766973063394e-01,-2.267033853529027976e-01,-0.000000000000000000e+00,0.000000000000000000e+00,-4.812391838972183283e-02,-0.000000000000000000e+00,2.501008245589193477e-02,-1.675012674820731684e-01,-0.000000000000000000e+00,-1.936337825589048156e-01,-1.863944793148038792e-01,-1.167288497484088167e-01,-0.000000000000000000e+00,-0.000000000000000000e+00,-0.000000000000000000e+00,-0.000000000000000000e+00,0.000000000000000000e+00,-0.000000000000000000e+00,-0.000000000000000000e+00,0.000000000000000000e+00,0.000000000000000000e+00,-3.911132708729865848e-01,-0.000000000000000000e+00,-0.000000000000000000e+00,0.000000000000000000e+00,0.000000000000000000e+00,-0.000000000000000000e+00,-0.000000000000000000e+00,-0.000000000000000000e+00,-4.391320569920064143e-01,2.715068213742534819e+00
