1.683778606181352888e+00,-5.950650137833863873e-01,-0.000000000000000000e+00,-0.000000000000000000e+00,-0.000000000000000000e+00,-0.000000000000000000e+00,-0.000000000000000000e+00,0.000000000000000000e+00,-5.972118798847166066e-02,-0.000000000000000000e+00,-0.000000000000000000e+00,-0.000000000000000000e+00,-0.000000000000000000e+00,-0.000000000000000000e+00,-0.000000000000000000e+00,-0.000000000000000000e+00,-1.685739279045237946e-02,-0.000000000000000000e+00,-0.000000000000000000e+00,-2.152203433664698351e-01,-0.000000000000000000e+00,-0.000000000000000000e+00,-0.000000000000000000e+00,0.000000000000000000e+00,0.000000000000000000e+00,-1.390836059639115330e-01,-0.000000000000000000e+00,-9.969744291668553027e-02,-2.820843160935108951e-03,-0.000000000000000000e+00,-0.000000000000000000e+00,-0.000000000000000000e+00,-0.000000000000000000e+00,-0.000000000000000000e+00,-0.000000000000000000e+00,-0.000000000000000000e+00,-0.000000000000000000e+00,-1.634567929858260493e-01,-3.064122726099516858e-01
-5.950650137833863873e-01,1.473017804207297665e+00,-0.000000000000000000e+00,-0.000000000000000000e+00,-0.000000000000000000e+00,-0.000000000000000000e+00,-0.000000000000000000e+00,0.000000000000000000e+00,-1.567978522471375202e-01,-7.444198644486568761e-02,-0.000000000000000000e+00,-0.000000000000000000e+00,0.000000000000000000e+00,-0.000000000000000000e+00,0.000000000000000000e+00,-2.235054611017014414e-01,-0.000000000000000000e+00,-0.000000000000000000e+00,-0.000000000000000000e+00,-0.000000000000000000e+00,-0.000000000000000000e+00,-4.865456998967240820e-02,-0.000000000000000000e+00,-0.000000000000000000e+00,-0.000000000000000000e+00,-0.000000000000000000e+00,-0.000000000000000000e+00,-0.000000000000000000e+00,-0.000000000000000000e+00,-0.000000000000000000e+00,-0.000000000000000000e+00,-0.000000000000000000e+00,-0.000000000000000000e+00,-0.000000000000000000e+00,-0.000000000000000000e+00,-0.000000000000000000e+00,-0.000000000000000000e+00,-0.000000000000000000e+00,-0.000000000000000000e+00
-0.000000000000000000e+00,-0.000000000000000000e+00,2.043011016598964780e+00,-6.169752364004107287e-02,-5.536277352112822792e-01,0.000000000000000000e+00,-5.156322323614657976e-02,3.389349710400850202e-01,-7.406681221341002153e-02,-0.000000000000000000e+00,-0.000000000000000000e+00,-0.000000000000000000e+00,-0.000000000000000000e+00,-0.000000000000000000e+00,0.000000000000000000e+00,-0.000000000000000000e+00,-0.000000000000000000e+00,-0.000000000000000000e+00,-3.369833706044210175e-01,-1.255998618906932485e-01,-0.000000000000000000e+00,-4.903797863082420827e-02,-0.000000000000000000e+00,-0.000000000000000000e+00,-0.000000000000000000e+00,-1.327564779558865482e-01,-4.158681048225582738e-02,-1.169529534693672379e-01,-0.000000000000000000e+00,-0.000000000000000000e+00,-2.864480195168200849e-01,-0.000000000000000000e+00,-5.503695293667029004e-02,-0.000000000000000000e+00,-0.000000000000000000e+00,-0.000000000000000000e+00,-0.000000000000000000e+00,-0.000000000000000000e+00,-0.000000000000000000e+00
-0.000000000000000000e+00,-0.000000000000000000e+00,-6.169752364004107287e-02,1.541924869595650449e+00,-1.262151280716679869e-01,-0.000000000000000000e+00,-1.891008729389689613e-01,0.000000000000000000e+00,-1.017673528303631308e-01,-0.000000000000000000e+00,-0.000000000000000000e+00,0.000000000000000000e+00,-9.334595803404323322e-02,-0.000000000000000000e+00,8.068000750628624707e-02,-0.000000000000000000e+00,-0.000000000000000000e+00,-9.180287721897985309e-02,-1.479901380241107067e-01,-2.208083685308815658e-01,-0.000000000000000000e+00,-1.205597913782169711e-01,-0.000000000000000000e+00,-0.000000000000000000e+00,-0.000000000000000000e+00,-0.000000000000000000e+00,-0.000000000000000000e+00,-1.059852224449765734e-01,-0.000000000000000000e+00,-0.000000000000000000e+00,-0.000000000000000000e+00,-4.892769264619236530e-02,-3.694900286030750047e-02,0.000000000000000000e+00,-0.000000000000000000e+00,-0.000000000000000000e+00,-0.000000000000000000e+00,-0.000000000000000000e+00,-8.327632383835039884e-03
-0.000000000000000000e+00,-0.000000000000000000e+00,-5.536277352112822792e-01,-1.262151280716679869e-01,1.738240253077307562e+00,0.000000000000000000e+00,-0.000000000000000000e+00,1.978934930289773242e-01,-2.543823422049267258e-01,-0.000000000000000000e+00,-0.000000000000000000e+00,0.000000000000000000e+00,-0.000000000000000000e+00,-0.000000000000000000e+00,0.000000000000000000e+00,-0.000000000000000000e+00,-0.000000000000000000e+00,-2.034044084374231343e-01,-1.239499497782823867e-01,-4.396380561121409486e-02,-0.000000000000000000e+00,-0.000000000000000000e+00,-0.000000000000000000e+00,-0.000000000000000000e+00,-0.000000000000000000e+00,-0.000000000000000000e+00,-0.000000000000000000e+00,-0.000000000000000000e+00,-0.000000000000000000e+00,-0.000000000000000000e+00,-0.000000000000000000e+00,-0.000000000000000000e+00,-0.000000000000000000e+00,-2.211847732743484063e-01,-0.000000000000000000e+00,-0.000000000000000000e+00,-0.000000000000000000e+00,-0.000000000000000000e+00,-0.000000000000000000e+00
-0.000000000000000000e+00,-0.000000000000000000e+00,0.000000000000000000e+00,-0.000000000000000000e+00,0.000000000000000000e+00,1.765187461176400463e+00,0.000000000000000000e+00,0.000000000000000000e+00,0.000000000000000000e+00,-0.000000000000000000e+00,-2.773721433641715972e-01,1.716511024482566400e-02,-0.000000000000000000e+00,-0.000000000000000000e+00,0.000000000000000000e+00,-0.000000000000000000e+00,0.000000000000000000e+00,-2.056317196273917403e-01,0.000000000000000000e+00,-0.000000000000000000e+00,-5.890050818912423436e-01,-0.000000000000000000e+00,-1.835870689623640972e-01,-9.947163129024748363e-02,-1.124243259822979291e-01,0.000000000000000000e+00,0.000000000000000000e+00,0.000000000000000000e+00,-1.655611081633702186e-01,-0.000000000000000000e+00,8.558769204095235950e-02,-0.000000000000000000e+00,-0.000000000000000000e+00,0.000000000000000000e+00,-0.000000000000000000e+00,-0.000000000000000000e+00,-0.000000000000000000e+00,0.000000000000000000e+00,0.000000000000000000e+00
-0.000000000000000000e+00,-0.000000000000000000e+00,-5.156322323614657976e-02,-1.891008729389689613e-01,-0.000000000000000000e+00,0.000000000000000000e+00,2.049482856852466561e+00,-0.000000000000000000e+00,-8.336598942675096935e-02,-0.000000000000000000e+00,-0.000000000000000000e+00,-0.000000000000000000e+00,-1.379357069521989498e-01,-0.000000000000000000e+00,0.000000000000000000e+00,-0.000000000000000000e+00,-0.000000000000000000e+00,-0.000000000000000000e+00,-0.000000000000000000e+00,-0.000000000000000000e+00,0.000000000000000000e+00,-0.000000000000000000e+00,-0.000000000000000000e+00,-0.000000000000000000e+00,-0.000000000000000000e+00,-1.945206909553846564e-01,-1.222595507091566863e-01,-4.344818109482235235e-01,-0.000000000000000000e+00,0.000000000000000000e+00,-3.698701428172259664e-01,-1.997276771708577647e-01,-0.000000000000000000e+00,0.000000000000000000e+00,-1.697981802774624349e-01,-0.000000000000000000e+00,-1.052007125645852137e-01,-0.000000000000000000e+00,-0.000000000000000000e+00
0.000000000000000000e+00,0.000000000000000000e+00,3.389349710400850202e-01,0.000000000000000000e+00,1.978934930289773242e-01,0.000000000000000000e+00,-0.000000000000000000e+00,1.509197406641499706e+00,0.000000000000000000e+00,2.866763343248976761e-02,0.000000000000000000e+00,-0.000000000000000000e+00,-7.418756082833403986e-02,0.000000000000000000e+00,-1.185418511378113701e-02,0.000000000000000000e+00,-1.747267106451134422e-01,1.326697099883583988e-02,7.300855206045567519e-05,0.000000000000000000e+00,8.817409836862893924e-02,0.000000000000000000e+00,0.000000000000000000e+00,0.000000000000000000e+00,3.804215163274951572e-02,0.000000000000000000e+00,-0.000000000000000000e+00,-0.000000000000000000e+00,-0.000000000000000000e+00,2.630163949838614235e-01,0.000000000000000000e+00,-0.000000000000000000e+00,0.000000000000000000e+00,3.964633453648161998e-01,0.000000000000000000e+00,0.000000000000000000e+00,-0.000000000000000000e+00,-0.000000000000000000e+00,0.000000000000000000e+00
-5.972118798847166066e-02,-1.567978522471375202e-01,-7.406681221341002153e-02,-1.017673528303631308e-01,-2.543823422049267258e-01,0.000000000000000000e+00,-8.336598942675096935e-02,0.000000000000000000e+00,2.066436010383768895e+00,-0.000000000000000000e+00,-0.000000000000000000e+00,-0.000000000000000000e+00,-0.000000000000000000e+00,-9.980803577388004666e-02,-0.000000000000000000e+00,-0.000000000000000000e+00,-0.000000000000000000e+00,-0.000000000000000000e+00,-7.382498851827339059e-02,-3.357526972077881089e-01,-0.000000000000000000e+00,-0.000000000000000000e+00,-0.000000000000000000e+00,-0.000000000000000000e+00,-0.000000000000000000e+00,-5.534684703614876078e-01,-0.000000000000000000e+00,-9.030274356464204621e-02,-0.000000000000000000e+00,0.000000000000000000e+00,-4.452404276684404638e-02,-0.000000000000000000e+00,-0.000000000000000000e+00,-0.000000000000000000e+00,-0.000000000000000000e+00,-0.000000000000000000e+00,-0.000000000000000000e+00,-6.534030817157726601e-02,-2.134634737575840380e-01
-0.000000000000000000e+00,-7.444198644486568761e-02,-0.000000000000000000e+00,-0.000000000000000000e+00,-0.000000000000000000e+00,-0.000000000000000000e+00,-0.000000000000000000e+00,2.866763343248976761e-02,-0.000000000000000000e+00,2.580167477857352232e+00,-0.000000000000000000e+00,0.000000000000000000e+00,0.000000000000000000e+00,-0.000000000000000000e+00,0.000000000000000000e+00,-5.496605616490781721e-01,0.000000000000000000e+00,-0.000000000000000000e+00,-0.000000000000000000e+00,-0.000000000000000000e+00,-7.495407506983582657e-02,-3.295471815588876807e-02,-2.997379228073621671e-01,-1.758255805473548372e-01,-4.013971776888073384e-01,-0.000000000000000000e+00,0.000000000000000000e+00,-0.000000000000000000e+00,-0.000000000000000000e+00,-6.076097971463966241e-01,0.000000000000000000e+00,-0.000000000000000000e+00,-1.552849067834260674e-02,-0.000000000000000000e+00,-0.000000000000000000e+00,-3.563763319738454949e-01,-0.000000000000000000e+00,0.000000000000000000e+00,-0.000000000000000000e+00
-0.000000000000000000e+00,-0.000000000000000000e+00,-0.000000000000000000e+00,-0.000000000000000000e+00,-0.000000000000000000e+00,-2.773721433641715972e-01,-0.000000000000000000e+00,0.000000000000000000e+00,-0.000000000000000000e+00,-0.000000000000000000e+00,1.364214744687637593e+00,0.000000000000000000e+00,-0.000000000000000000e+00,-0.000000000000000000e+00,0.000000000000000000e+00,-0.000000000000000000e+00,-0.000000000000000000e+00,-0.000000000000000000e+00,-0.000000000000000000e+00,-0.000000000000000000e+00,-1.271228079841053293e-01,-2.221249396867758241e-01,-2.075404058257432696e-02,-0.000000000000000000e+00,-0.000000000000000000e+00,-0.000000000000000000e+00,-0.000000000000000000e+00,-0.000000000000000000e+00,-2.761259215892122310e-01,-0.000000000000000000e+00,0.000000000000000000e+00,-0.000000000000000000e+00,-0.000000000000000000e+00,0.000000000000000000e+00,-0.000000000000000000e+00,-0.000000000000000000e+00,-0.000000000000000000e+00,-0.000000000000000000e+00,-0.000000000000000000e+00
-0.000000000000000000e+00,-0.000000000000000000e+00,-0.000000000000000000e+00,0.000000000000000000e+00,0.000000000000000000e+00,1.716511024482566400e-02,-0.000000000000000000e+00,-0.000000000000000000e+00,-0.000000000000000000e+00,0.000000000000000000e+00,0.000000000000000000e+00,1.186133387611147061e+00,-0.000000000000000000e+00,-0.000000000000000000e+00,-2.418239629047157658e-03,0.000000000000000000e+00,-0.000000000000000000e+00,0.000000000000000000e+00,0.000000000000000000e+00,0.000000000000000000e+00,0.000000000000000000e+00,0.000000000000000000e+00,0.000000000000000000e+00,0.000000000000000000e+00,0.000000000000000000e+00,-0.000000000000000000e+00,-3.443109151660531664e-01,-0.000000000000000000e+00,0.000000000000000000e+00,1.741000715598947646e-01,-1.093832421691523504e-01,-0.000000000000000000e+00,0.000000000000000000e+00,-0.000000000000000000e+00,-0.000000000000000000e+00,0.000000000000000000e+00,-0.000000000000000000e+00,-1.169806079546357180e-01,-0.000000000000000000e+00
-0.000000000000000000e+00,0.000000000000000000e+00,-0.000000000000000000e+00,-9.334595803404323322e-02,-0.000000000000000000e+00,-0.000000000000000000e+00,-1.379357069521989498e-01,-7.418756082833403986e-02,-0.000000000000000000e+00,0.000000000000000000e+00,-0.000000000000000000e+00,-0.000000000000000000e+00,1.395769162000947361e+00,-0.000000000000000000e+00,-0.000000000000000000e+00,-0.000000000000000000e+00,-4.181717841378575495e-01,-0.000000000000000000e+00,-0.000000000000000000e+00,-8.430616551947688053e-02,0.000000000000000000e+00,-0.000000000000000000e+00,-0.000000000000000000e+00,-0.000000000000000000e+00,0.000000000000000000e+00,-0.000000000000000000e+00,-0.000000000000000000e+00,-9.621766899045727794e-02,-1.292785091516736873e-01,0.000000000000000000e+00,-0.000000000000000000e+00,-6.507069483845190350e-02,-0.000000000000000000e+00,7.371609188584919703e-02,-0.000000000000000000e+00,-0.000000000000000000e+00,-0.000000000000000000e+00,-0.000000000000000000e+00,-0.000000000000000000e+00
-0.000000000000000000e+00,-0.000000000000000000e+00,-0.000000000000000000e+00,-0.000000000000000000e+00,-0.000000000000000000e+00,-0.000000000000000000e+00,-0.000000000000000000e+00,0.000000000000000000e+00,-9.980803577388004666e-02,-0.000000000000000000e+00,-0.000000000000000000e+00,-0.000000000000000000e+00,-0.000000000000000000e+00,2.085342931692604207e+00,0.000000000000000000e+00,-0.000000000000000000e+00,-0.000000000000000000e+00,-0.000000000000000000e+00,-0.000000000000000000e+00,-1.106654322058445682e-02,-0.000000000000000000e+00,-4.137914743492018821e-02,-1.656853226110831245e-02,-0.000000000000000000e+00,-0.000000000000000000e+00,-1.855910071145442652e-01,-7.926277904815096087e-02,-1.881890075173004162e-01,-3.114010546888957842e-01,-0.000000000000000000e+00,-0.000000000000000000e+00,-3.034562651275456990e-01,-2.099130105960006765e-01,0.000000000000000000e+00,-1.193214185621616075e-01,-0.000000000000000000e+00,-3.741453343529737019e-01,-0.000000000000000000e+00,-0.000000000000000000e+00
-0.000000000000000000e+00,0.000000000000000000e+00,0.000000000000000000e+00,8.068000750628624707e-02,0.000000000000000000e+00,0.000000000000000000e+00,0.000000000000000000e+00,-1.185418511378113701e-02,-0.000000000000000000e+00,0.000000000000000000e+00,0.000000000000000000e+00,-2.418239629047157658e-03,-0.000000000000000000e+00,0.000000000000000000e+00,1.087370324523175391e+00,0.000000000000000000e+00,-3.013053645737361411e-02,0.000000000000000000e+00,0.000000000000000000e+00,0.000000000000000000e+00,4.230761191007752914e-02,1.943105140209658299e-02,2.142104909100432317e-02,0.000000000000000000e+00,1.102526622135563822e-01,-0.000000000000000000e+00,0.000000000000000000e+00,0.000000000000000000e+00,0.000000000000000000e+00,0.000000000000000000e+00,0.000000000000000000e+00,0.000000000000000000e+00,0.000000000000000000e+00,-0.000000000000000000e+00,3.745910403940111433e-02,0.000000000000000000e+00,0.000000000000000000e+00,-2.375521592107136259e-01,-0.000000000000000000e+00
-0.000000000000000000e+00,-2.235054611017014414e-01,-0.000000000000000000e+00,-0.000000000000000000e+00,-0.000000000000000000e+00,-0.000000000000000000e+00,-0.000000000000000000e+00,0.000000000000000000e+00,-0.000000000000000000e+00,-5.496605616490781721e-01,-0.000000000000000000e+00,0.000000000000000000e+00,-0.000000000000000000e+00,-0.000000000000000000e+00,0.000000000000000000e+00,2.375337207894796965e+00,0.000000000000000000e+00,-0.000000000000000000e+00,-0.000000000000000000e+00,-0.000000000000000000e+00,-0.000000000000000000e+00,-0.000000000000000000e+00,-1.019207313866326431e-01,-2.859381251471058150e-01,-7.897696650291330389e-02,-0.000000000000000000e+00,0.000000000000000000e+00,-0.000000000000000000e+00,-0.000000000000000000e+00,-2.709220016760758853e-01,-0.000000000000000000e+00,-0.000000000000000000e+00,-1.850711221978476317e-01,0.000000000000000000e+00,-0.000000000000000000e+00,-6.660391267685634720e-01,-0.000000000000000000e+00,0.000000000000000000e+00,0.000000000000000000e+00
-1.685739279045237946e-02,-0.000000000000000000e+00,-0.000000000000000000e+00,-0.000000000000000000e+00,-0.000000000000000000e+00,0.000000000000000000e+00,-0.000000000000000000e+00,-1.747267106451134422e-01,-0.000000000000000000e+00,0.000000000000000000e+00,-0.000000000000000000e+00,-0.000000000000000000e+00,-4.181717841378575495e-01,-0.000000000000000000e+00,-3.013053645737361411e-02,0.000000000000000000e+00,1.604607456187277403e+00,0.000000000000000000e+00,-0.000000000000000000e+00,-1.467402687191238508e-01,0.000000000000000000e+00,-0.000000000000000000e+00,0.000000000000000000e+00,0.000000000000000000e+00,0.000000000000000000e+00,-0.000000000000000000e+00,-0.000000000000000000e+00,-4.017146258343223808e-01,-0.000000000000000000e+00,0.000000000000000000e+00,-0.000000000000000000e+00,-0.000000000000000000e+00,-0.000000000000000000e+00,0.000000000000000000e+00,-0.000000000000000000e+00,0.000000000000000000e+00,-0.000000000000000000e+00,-3.873774808695328309e-01,-0.000000000000000000e+00
-0.000000000000000000e+00,-0.000000000000000000e+00,-0.000000000000000000e+00,-9.180287721897985309e-02,-2.034044084374231343e-01,-2.056317196273917403e-01,-0.000000000000000000e+00,1.326697099883583988e-02,-0.000000000000000000e+00,-0.000000000000000000e+00,-0.000000000000000000e+00,0.000000000000000000e+00,-0.000000000000000000e+00,-0.000000000000000000e+00,0.000000000000000000e+00,-0.000000000000000000e+00,0.000000000000000000e+00,1.407765620642974280e+00,-0.000000000000000000e+00,-0.000000000000000000e+00,-1.105741906116094742e-01,-0.000000000000000000e+00,-1.171419394579930745e-01,-1.213300343349321825e-01,-0.000000000000000000e+00,-0.000000000000000000e+00,-0.000000000000000000e+00,-0.000000000000000000e+00,-3.881569040671521004e-02,-0.000000000000000000e+00,-0.000000000000000000e+00,-0.000000000000000000e+00,-4.788614762500446181e-02,0.000000000000000000e+00,-1.774136638356696993e-01,-0.000000000000000000e+00,-0.000000000000000000e+00,0.000000000000000000e+00,0.000000000000000000e+00
-0.000000000000000000e+00,-0.000000000000000000e+00,-3.369833706044210175e-01,-1.479901380241107067e-01,-1.239499497782823867e-01,0.000000000000000000e+00,-0.000000000000000000e+00,7.300855206045567519e-05,-7.382498851827339059e-02,-0.000000000000000000e+00,-0.000000000000000000e+00,0.000000000000000000e+00,-0.000000000000000000e+00,-0.000000000000000000e+00,0.000000000000000000e+00,-0.000000000000000000e+00,-0.000000000000000000e+00,-0.000000000000000000e+00,1.407457238722855442e+00,-0.000000000000000000e+00,0.000000000000000000e+00,-0.000000000000000000e+00,-0.000000000000000000e+00,-0.000000000000000000e+00,-0.000000000000000000e+00,-0.000000000000000000e+00,-0.000000000000000000e+00,-0.000000000000000000e+00,-0.000000000000000000e+00,-0.000000000000000000e+00,-2.321933051329547193e-01,-0.000000000000000000e+00,-0.000000000000000000e+00,-4.232387914441641114e-02,-0.000000000000000000e+00,-0.000000000000000000e+00,-0.000000000000000000e+00,0.000000000000000000e+00,-1.357900730107516885e-01
-2.152203433664698351e-01,-0.000000000000000000e+00,-1.255998618906932485e-01,-2.208083685308815658e-01,-4.396380561121409486e-02,-0.000000000000000000e+00,-0.000000000000000000e+00,0.000000000000000000e+00,-3.357526972077881089e-01,-0.000000000000000000e+00,-0.000000000000000000e+00,0.000000000000000000e+00,-8.430616551947688053e-02,-1.106654322058445682e-02,0.000000000000000000e+00,-0.000000000000000000e+00,-1.467402687191238508e-01,-0.000000000000000000e+00,-0.000000000000000000e+00,2.427292166970367315e+00,-0.000000000000000000e+00,-3.239699800563948240e-01,-0.000000000000000000e+00,-0.000000000000000000e+00,-0.000000000000000000e+00,-1.998174581197710020e-01,-0.000000000000000000e+00,-4.133935488336792918e-01,-2.861867103819307756e-01,0.000000000000000000e+00,-0.000000000000000000e+00,-8.605330613338810219e-02,-1.015747468433538803e-01,0.000000000000000000e+00,-0.000000000000000000e+00,-0.000000000000000000e+00,-1.296977962509223981e-01,-0.000000000000000000e+00,-0.000000000000000000e+00
-0.000000000000000000e+00,-0.000000000000000000e+00,-0.000000000000000000e+00,-0.000000000000000000e+00,-0.000000000000000000e+00,-5.890050818912423436e-01,0.000000000000000000e+00,8.817409836862893924e-02,-0.000000000000000000e+00,-7.495407506983582657e-02,-1.271228079841053293e-01,0.000000000000000000e+00,0.000000000000000000e+00,-0.000000000000000000e+00,4.230761191007752914e-02,-0.000000000000000000e+00,0.000000000000000000e+00,-1.105741906116094742e-01,0.000000000000000000e+00,-0.000000000000000000e+00,1.919945042663736556e+00,-1.358734367453653669e-01,-1.325510561342253535e-01,-4.913488005848368895e-02,-2.487641596235181940e-01,0.000000000000000000e+00,0.000000000000000000e+00,0.000000000000000000e+00,-0.000000000000000000e+00,-2.968704770622544453e-01,0.000000000000000000e+00,-0.000000000000000000e+00,-0.000000000000000000e+00,-0.000000000000000000e+00,-0.000000000000000000e+00,-0.000000000000000000e+00,-0.000000000000000000e+00,0.000000000000000000e+00,0.000000000000000000e+00
-0.000000000000000000e+00,-4.865456998967240820e-02,-4.903797863082420827e-02,-1.205597913782169711e-01,-0.000000000000000000e+00,-0.000000000000000000e+00,-0.000000000000000000e+00,0.000000000000000000e+00,-0.000000000000000000e+00,-3.295471815588876807e-02,-2.221249396867758241e-01,0.000000000000000000e+00,-0.000000000000000000e+00,-4.137914743492018821e-02,1.943105140209658299e-02,-0.000000000000000000e+00,-0.000000000000000000e+00,-0.000000000000000000e+00,-0.000000000000000000e+00,-3.239699800563948240e-01,-1.358734367453653669e-01,1.956627581397067939e+00,-4.683613084134787691e-02,-0.000000000000000000e+00,-2.666288477541307600e-01,-0.000000000000000000e+00,-0.000000000000000000e+00,-0.000000000000000000e+00,-1.330597932195580479e-01,-0.000000000000000000e+00,-0.000000000000000000e+00,-9.548508579002863705e-02,-3.510326503004371768e-01,0.000000000000000000e+00,-0.000000000000000000e+00,-0.000000000000000000e+00,-8.568407136955069614e-02,-0.000000000000000000e+00,-0.000000000000000000e+00
-0.000000000000000000e+00,-0.000000000000000000e+00,-0.000000000000000000e+00,-0.000000000000000000e+00,-0.000000000000000000e+00,-1.835870689623640972e-01,-0.000000000000000000e+00,0.000000000000000000e+00,-0.000000000000000000e+00,-2.997379228073621671e-01,-2.075404058257432696e-02,0.000000000000000000e+00,-0.000000000000000000e+00,-1.656853226110831245e-02,2.142104909100432317e-02,-1.019207313866326431e-01,0.000000000000000000e+00,-1.171419394579930745e-01,-0.000000000000000000e+00,-0.000000000000000000e+00,-1.325510561342253535e-01,-4.683613084134787691e-02,2.385794543998070782e+00,-4.973439024786938667e-01,-4.863270673063956329e-01,-0.000000000000000000e+00,-0.000000000000000000e+00,-0.000000000000000000e+00,-0.000000000000000000e+00,-2.482558624200586206e-01,0.000000000000000000e+00,-0.000000000000000000e+00,-1.392154706949514931e-01,0.000000000000000000e+00,-1.113201366122020669e-01,-2.980757005291280459e-02,-0.000000000000000000e+00,0.000000000000000000e+00,0.000000000000000000e+00
0.000000000000000000e+00,-0.000000000000000000e+00,-0.000000000000000000e+00,-0.000000000000000000e+00,-0.000000000000000000e+00,-9.947163129024748363e-02,-0.000000000000000000e+00,0.000000000000000000e+00,-0.000000000000000000e+00,-1.758255805473548372e-01,-0.000000000000000000e+00,0.000000000000000000e+00,-0.000000000000000000e+00,-0.000000000000000000e+00,0.000000000000000000e+00,-2.859381251471058150e-01,0.000000000000000000e+00,-1.213300343349321825e-01,-0.000000000000000000e+00,-0.000000000000000000e+00,-4.913488005848368895e-02,-0.000000000000000000e+00,-4.973439024786938667e-01,2.385560046796640243e+00,-4.614501949226931243e-01,-0.000000000000000000e+00,0.000000000000000000e+00,0.000000000000000000e+00,-0.000000000000000000e+00,-1.107234895381189882e-01,0.000000000000000000e+00,-0.000000000000000000e+00,-2.063448149014446564e-01,0.000000000000000000e+00,-0.000000000000000000e+00,-3.651441777154486590e-01,-0.000000000000000000e+00,0.000000000000000000e+00,0.000000000000000000e+00
0.000000000000000000e+00,-0.000000000000000000e+00,-0.000000000000000000e+00,-0.000000000000000000e+00,-0.000000000000000000e+00,-1.124243259822979291e-01,-0.000000000000000000e+00,3.804215163274951572e-02,-0.000000000000000000e+00,-4.013971776888073384e-01,-0.000000000000000000e+00,0.000000000000000000e+00,0.000000000000000000e+00,-0.000000000000000000e+00,1.102526622135563822e-01,-7.897696650291330389e-02,0.000000000000000000e+00,-0.000000000000000000e+00,-0.000000000000000000e+00,-0.000000000000000000e+00,-2.487641596235181940e-01,-2.666288477541307600e-01,-4.863270673063956329e-01,-4.614501949226931243e-01,2.444215622689842160e+00,-0.000000000000000000e+00,-0.000000000000000000e+00,0.000000000000000000e+00,-0.000000000000000000e+00,-7.604637890649418308e-02,-0.000000000000000000e+00,-0.000000000000000000e+00,-2.005769761113989635e-01,-0.000000000000000000e+00,-0.000000000000000000e+00,-8.217278107700588807e-02,-0.000000000000000000e+00,0.000000000000000000e+00,0.000000000000000000e+00
-1.390836059639115330e-01,-0.000000000000000000e+00,-1.327564779558865482e-01,-0.000000000000000000e+00,-0.000000000000000000e+00,0.000000000000000000e+00,-1.945206909553846564e-01,0.000000000000000000e+00,-5.534684703614876078e-01,-0.000000000000000000e+00,-0.000000000000000000e+00,-0.000000000000000000e+00,-0.000000000000000000e+00,-1.855910071145442652e-01,-0.000000000000000000e+00,-0.000000000000000000e+00,-0.000000000000000000e+00,-0.000000000000000000e+00,-0.000000000000000000e+00,-1.998174581197710020e-01,0.000000000000000000e+00,-0.000000000000000000e+00,-0.000000000000000000e+00,-0.000000000000000000e+00,-0.000000000000000000e+00,2.175469242703893968e+00,-1.478055230986395907e-01,-2.924780523769830998e-01,-4.984417339156588939e-02,0.000000000000000000e+00,-1.483109532705549072e-01,-2.117579709888544118e-02,-2.462664031542739426e-02,-0.000000000000000000e+00,-4.914763383013179970e-02,-0.000000000000000000e+00,-4.448848478317373595e-02,-3.689588017309022167e-02,-0.000000000000000000e+00
-0.000000000000000000e+00,-0.000000000000000000e+00,-4.158681048225582738e-02,-0.000000000000000000e+00,-0.000000000000000000e+00,0.000000000000000000e+00,-1.222595507091566863e-01,-0.000000000000000000e+00,-0.000000000000000000e+00,0.000000000000000000e+00,-0.000000000000000000e+00,-3.443109151660531664e-01,-0.000000000000000000e+00,-7.926277904815096087e-02,0.000000000000000000e+00,0.000000000000000000e+00,-0.000000000000000000e+00,-0.000000000000000000e+00,-0.000000000000000000e+00,-0.000000000000000000e+00,0.000000000000000000e+00,-0.000000000000000000e+00,-0.000000000000000000e+00,0.000000000000000000e+00,-0.000000000000000000e+00,-1.478055230986395907e-01,1.986195957221403852e+00,-1.785755407437755737e-01,-0.000000000000000000e+00,0.000000000000000000e+00,-4.576931435181613161e-01,-4.341488713074432293e-01,-0.000000000000000000e+00,0.000000000000000000e+00,-0.000000000000000000e+00,0.000000000000000000e+00,-1.315675250350050729e-01,-1.392306750713317998e-01,-0.000000000000000000e+00
-9.969744291668553027e-02,-0.000000000000000000e+00,-1.169529534693672379e-01,-1.059852224449765734e-01,-0.000000000000000000e+00,0.000000000000000000e+00,-4.344818109482235235e-01,-0.000000000000000000e+00,-9.030274356464204621e-02,-0.000000000000000000e+00,-0.000000000000000000e+00,-0.000000000000000000e+00,-9.621766899045727794e-02,-1.881890075173004162e-01,0.000000000000000000e+00,-0.000000000000000000e+00,-4.017146258343223808e-01,-0.000000000000000000e+00,-0.000000000000000000e+00,-4.133935488336792918e-01,0.000000000000000000e+00,-0.000000000000000000e+00,-0.000000000000000000e+00,0.000000000000000000e+00,0.000000000000000000e+00,-2.924780523769830998e-01,-1.785755407437755737e-01,2.332966035285929607e+00,-0.000000000000000000e+00,0.000000000000000000e+00,-1.088340762748378210e-01,-0.000000000000000000e+00,-0.000000000000000000e+00,0.000000000000000000e+00,-0.000000000000000000e+00,-0.000000000000000000e+00,-0.000000000000000000e+00,-2.034727524871680904e-02,-0.000000000000000000e+00
-2.820843160935108951e-03,-0.000000000000000000e+00,-0.000000000000000000e+00,-0.000000000000000000e+00,-0.000000000000000000e+00,-1.655611081633702186e-01,-0.000000000000000000e+00,-0.000000000000000000e+00,-0.000000000000000000e+00,-0.000000000000000000e+00,-2.761259215892122310e-01,0.000000000000000000e+00,-1.292785091516736873e-01,-3.114010546888957842e-01,0.000000000000000000e+00,-0.000000000000000000e+00,-0.000000000000000000e+00,-3.881569040671521004e-02,-0.000000000000000000e+00,-2.861867103819307756e-01,-0.000000000000000000e+00,-1.330597932195580479e-01,-0.000000000000000000e+00,-0.000000000000000000e+00,-0.000000000000000000e+00,-4.984417339156588939e-02,-0.000000000000000000e+00,-0.000000000000000000e+00,2.483314749003652899e+00,-0.000000000000000000e+00,-0.000000000000000000e+00,-4.156716379766128289e-01,-8.797550254921732149e-02,0.000000000000000000e+00,-3.557179587424547651e-01,-0.000000000000000000e+00,-4.116198142657442327e-01,-0.000000000000000000e+00,-0.000000000000000000e+00
-0.000000000000000000e+00,-0.000000000000000000e+00,-0.000000000000000000e+00,-0.000000000000000000e+00,-0.000000000000000000e+00,-0.000000000000000000e+00,0.000000000000000000e+00,2.630163949838614235e-01,0.000000000000000000e+00,-6.076097971463966241e-01,-0.000000000000000000e+00,1.741000715598947646e-01,0.000000000000000000e+00,-0.000000000000000000e+00,0.000000000000000000e+00,-2.709220016760758853e-01,0.000000000000000000e+00,-0.000000000000000000e+00,-0.000000000000000000e+00,0.000000000000000000e+00,-2.968704770622544453e-01,-0.000000000000000000e+00,-2.482558624200586206e-01,-1.107234895381189882e-01,-7.604637890649418308e-02,0.000000000000000000e+00,0.000000000000000000e+00,0.000000000000000000e+00,-0.000000000000000000e+00,2.094113821117125074e+00,0.000000000000000000e+00,0.000000000000000000e+00,-0.000000000000000000e+00,-0.000000000000000000e+00,-0.000000000000000000e+00,-1.193057931005786915e-01,0.000000000000000000e+00,7.924106239045396183e-02,0.000000000000000000e+00
-0.000000000000000000e+00,-0.000000000000000000e+00,-2.864480195168200849e-01,-0.000000000000000000e+00,-0.000000000000000000e+00,8.558769204095235950e-02,-3.698701428172259664e-01,0.000000000000000000e+00,-4.452404276684404638e-02,0.000000000000000000e+00,0.000000000000000000e+00,-1.093832421691523504e-01,-0.000000000000000000e+00,-0.000000000000000000e+00,0.000000000000000000e+00,-0.000000000000000000e+00,-0.000000000000000000e+00,-0.000000000000000000e+00,-2.321933051329547193e-01,-0.000000000000000000e+00,0.000000000000000000e+00,-0.000000000000000000e+00,0.000000000000000000e+00,0.000000000000000000e+00,-0.000000000000000000e+00,-1.483109532705549072e-01,-4.576931435181613161e-01,-1.088340762748378210e-01,-0.000000000000000000e+00,0.000000000000000000e+00,1.827355215304476532e+00,-0.000000000000000000e+00,-0.000000000000000000e+00,0.000000000000000000e+00,-0.000000000000000000e+00,-0.000000000000000000e+00,-0.000000000000000000e+00,-0.000000000000000000e+00,-0.000000000000000000e+00
-0.000000000000000000e+00,-0.000000000000000000e+00,-0.000000000000000000e+00,-4.892769264619236530e-02,-0.000000000000000000e+00,-0.000000000000000000e+00,-1.997276771708577647e-01,-0.000000000000000000e+00,-0.000000000000000000e+00,-0.000000000000000000e+00,-0.000000000000000000e+00,-0.000000000000000000e+00,-6.507069483845190350e-02,-3.034562651275456990e-01,0.000000000000000000e+00,-0.000000000000000000e+00,-0.000000000000000000e+00,-0.000000000000000000e+00,-0.000000000000000000e+00,-8.605330613338810219e-02,-0.000000000000000000e+00,-9.548508579002863705e-02,-0.000000000000000000e+00,-0.000000000000000000e+00,-0.000000000000000000e+00,-2.117579709888544118e-02,-4.341488713074432293e-01,-0.000000000000000000e+00,-4.156716379766128289e-01,0.000000000000000000e+00,-0.000000000000000000e+00,2.555391216509360408e+00,-3.435594207787708021e-02,0.000000000000000000e+00,-3.850851232789568868e-01,-0.000000000000000000e+00,-5.251589558800213720e-01,-0.000000000000000000e+00,-0.000000000000000000e+00
-0.000000000000000000e+00,-0.000000000000000000e+00,-5.503695293667029004e-02,-3.694900286030750047e-02,-0.000000000000000000e+00,-0.000000000000000000e+00,-0.000000000000000000e+00,0.000000000000000000e+00,-0.000000000000000000e+00,-1.552849067834260674e-02,-0.000000000000000000e+00,0.000000000000000000e+00,-0.000000000000000000e+00,-2.099130105960006765e-01,0.000000000000000000e+00,-1.850711221978476317e-01,-0.000000000000000000e+00,-4.788614762500446181e-02,-0.000000000000000000e+00,-1.015747468433538803e-01,-0.000000000000000000e+00,-3.510326503004371768e-01,-1.392154706949514931e-01,-2.063448149014446564e-01,-2.005769761113989635e-01,-2.462664031542739426e-02,-0.000000000000000000e+00,-0.000000000000000000e+00,-8.797550254921732149e-02,-0.000000000000000000e+00,-0.000000000000000000e+00,-3.435594207787708021e-02,2.519673040757739457e+00,0.000000000000000000e+00,-4.636900548488021578e-01,-1.174613331223739038e-01,-4.346977528410291836e-01,-0.000000000000000000e+00,0.000000000000000000e+00
-0.000000000000000000e+00,-0.000000000000000000e+00,-0.000000000000000000e+00,0.000000000000000000e+00,-2.211847732743484063e-01,0.000000000000000000e+00,0.000000000000000000e+00,3.964633453648161998e-01,-0.000000000000000000e+00,-0.000000000000000000e+00,0.000000000000000000e+00,-0.000000000000000000e+00,7.371609188584919703e-02,0.000000000000000000e+00,-0.000000000000000000e+00,0.000000000000000000e+00,0.000000000000000000e+00,0.000000000000000000e+00,-4.232387914441641114e-02,0.000000000000000000e+00,-0.000000000000000000e+00,0.000000000000000000e+00,0.000000000000000000e+00,0.000000000000000000e+00,-0.000000000000000000e+00,-0.000000000000000000e+00,0.000000000000000000e+00,0.000000000000000000e+00,0.000000000000000000e+00,-0.000000000000000000e+00,0.000000000000000000e+00,0.000000000000000000e+00,0.000000000000000000e+00,1.229507048293209115e+00,1.162953548299514306e-01,-0.000000000000000000e+00,0.000000000000000000e+00,-0.000000000000000000e+00,-5.649556289304091122e-02
-0.000000000000000000e+00,-0.000000000000000000e+00,-0.000000000000000000e+00,-0.000000000000000000e+00,-0.000000000000000000e+00,-0.000000000000000000e+00,-1.697981802774624349e-01,0.000000000000000000e+00,-0.000000000000000000e+00,-0.000000000000000000e+00,-0.000000000000000000e+00,-0.000000000000000000e+00,-0.000000000000000000e+00,-1.193214185621616075e-01,3.745910403940111433e-02,-0.000000000000000000e+00,-0.000000000000000000e+00,-1.774136638356696993e-01,-0.000000000000000000e+00,-0.000000000000000000e+00,-0.000000000000000000e+00,-0.000000000000000000e+00,-1.113201366122020669e-01,-0.000000000000000000e+00,-0.000000000000000000e+00,-4.914763383013179970e-02,-0.000000000000000000e+00,-0.000000000000000000e+00,-3.557179587424547651e-01,-0.000000000000000000e+00,-0.000000000000000000e+00,-3.850851232789568868e-01,-4.636900548488021578e-01,1.162953548299514306e-01,2.404881589110945406e+00,-0.000000000000000000e+00,-5.402325097878073468e-01,-0.000000000000000000e+00,0.000000000000000000e+00
-0.000000000000000000e+00,-0.000000000000000000e+00,-0.000000000000000000e+00,-0.000000000000000000e+00,-0.000000000000000000e+00,-0.000000000000000000e+00,-0.000000000000000000e+00,0.000000000000000000e+00,-0.000000000000000000e+00,-3.563763319738454949e-01,-0.000000000000000000e+00,0.000000000000000000e+00,-0.000000000000000000e+00,-0.000000000000000000e+00,0.000000000000000000e+00,-6.660391267685634720e-01,0.000000000000000000e+00,-0.000000000000000000e+00,-0.000000000000000000e+00,-0.000000000000000000e+00,-0.000000000000000000e+00,-0.000000000000000000e+00,-2.980757005291280459e-02,-3.651441777154486590e-01,-8.217278107700588807e-02,-0.000000000000000000e+00,0.000000000000000000e+00,-0.000000000000000000e+00,-0.000000000000000000e+00,-1.193057931005786915e-01,-0.000000000000000000e+00,-0.000000000000000000e+00,-1.174613331223739038e-01,-0.000000000000000000e+00,-0.000000000000000000e+00,2.026023693319890295e+00,-0.000000000000000000e+00,0.000000000000000000e+00,0.000000000000000000e+00
-0.000000000000000000e+00,-0.000000000000000000e+00,-0.000000000000000000e+00,-0.000000000000000000e+00,-0.000000000000000000e+00,-0.000000000000000000e+00,-1.052007125645852137e-01,-0.000000000000000000e+00,-0.000000000000000000e+00,-0.000000000000000000e+00,-0.000000000000000000e+00,-0.000000000000000000e+00,-0.000000000000000000e+00,-3.741453343529737019e-01,0.000000000000000000e+00,-0.000000000000000000e+00,-0.000000000000000000e+00,-0.000000000000000000e+00,-0.000000000000000000e+00,-1.296977962509223981e-01,-0.000000000000000000e+00,-8.568407136955069614e-02,-0.000000000000000000e+00,-0.000000000000000000e+00,-0.000000000000000000e+00,-4.448848478317373595e-02,-1.315675250350050729e-01,-0.000000000000000000e+00,-4.116198142657442327e-01,0.000000000000000000e+00,-0.000000000000000000e+00,-5.251589558800213720e-01,-4.346977528410291836e-01,0.000000000000000000e+00,-5.402325097878073468e-01,-0.000000000000000000e+00,2.750710974532207143e+00,-0.000000000000000000e+00,-0.000000000000000000e+00
-1.634567929858260493e-01,-0.000000000000000000e+00,-0.000000000000000000e+00,-0.000000000000000000e+00,-0.000000000000000000e+00,0.000000000000000000e+00,-0.000000000000000000e+00,-0.000000000000000000e+00,-6.534030817157726601e-02,0.000000000000000000e+00,-0.000000000000000000e+00,-1.169806079546357180e-01,-0.000000000000000000e+00,-0.000000000000000000e+00,-2.375521592107136259e-01,0.000000000000000000e+00,-3.873774808695328309e-01,0.000000000000000000e+00,0.000000000000000000e+00,-0.000000000000000000e+00,0.000000000000000000e+00,-0.000000000000000000e+00,0.000000000000000000e+00,0.000000000000000000e+00,0.000000000000000000e+00,-3.689588017309022167e-02,-1.392306750713317998e-01,-2.034727524871680904e-02,-0.000000000000000000e+00,7.924106239045396183e-02,-0.000000000000000000e+00,-0.000000000000000000e+00,-0.000000000000000000e+00,-0.000000000000000000e+00,-0.000000000000000000e+00,0.000000000000000000e+00,-0.000000000000000000e+00,1.399003390783882805e+00,-1.649437195471695206e-01
-3.064122726099516858e-01,-0.000000000000000000e+00,-0.000000000000000000e+00,-8.327632383835039884e-03,-0.000000000000000000e+00,0.000000000000000000e+00,-0.000000000000000000e+00,0.000000000000000000e+00,-2.134634737575840380e-01,-0.000000000000000000e+00,-0.000000000000000000e+00,-0.000000000000000000e+00,-0.000000000000000000e+00,-0.000000000000000000e+00,-0.000000000000000000e+00,0.000000000000000000e+00,-0.000000000000000000e+00,0.000000000000000000e+00,-1.357900730107516885e-01,-0.000000000000000000e+00,0.000000000000000000e+00,-0.000000000000000000e+00,0.000000000000000000e+00,0.000000000000000000e+00,0.000000000000000000e+00,-0.000000000000000000e+00,-0.000000000000000000e+00,-0.000000000000000000e+00,-0.000000000000000000e+00,0.000000000000000000e+00,-0.000000000000000000e+00,-0.000000000000000000e+00,0.000000000000000000e+00,-5.649556289304091122e-02,0.000000000000000000e+00,0.000000000000000000e+00,-0.000000000000000000e+00,-1.649437195471695206e-01,1.274353416356957203e+00
