1.466110235949993124e+00,-3.668111069762138854e-01,-0.000000000000000000e+00,-0.000000000000000000e+00,-9.411220759303066952e-02,0.000000000000000000e+00,0.000000000000000000e+00,1.950750743939917986e-01,-4.263619589914997149e-02,-0.000000000000000000e+00,0.000000000000000000e+00,-0.000000000000000000e+00,0.000000000000000000e+00,-0.000000000000000000e+00,-0.000000000000000000e+00,-8.836206957700820652e-02,0.000000000000000000e+00,-0.000000000000000000e+00,-0.000000000000000000e+00,-0.000000000000000000e+00,0.000000000000000000e+00,0.000000000000000000e+00,-0.000000000000000000e+00,0.000000000000000000e+00,-0.000000000000000000e+00,0.000000000000000000e+00,-0.000000000000000000e+00,0.000000000000000000e+00,0.000000000000000000e+00,-1.356251889023952495e-01,0.000000000000000000e+00,0.000000000000000000e+00,0.000000000000000000e+00,-0.000000000000000000e+00,0.000000000000000000e+00,-0.000000000000000000e+00,0.000000000000000000e+00,-0.000000000000000000e+00,-2.419150479891488958e-01
-3.668111069762138854e-01,1.899211465394351261e+00,-1.487009182703945276e-01,-0.000000000000000000e+00,-8.239309038314293621e-02,0.000000000000000000e+00,0.000000000000000000e+00,1.664125798196435316e-02,-3.373501116919394027e-01,-0.000000000000000000e+00,0.000000000000000000e+00,-4.973812684977610421e-02,-0.000000000000000000e+00,-0.000000000000000000e+00,-0.000000000000000000e+00,-2.811489517999981105e-02,-0.000000000000000000e+00,-5.001114528657618630e-02,-0.000000000000000000e+00,0.000000000000000000e+00,0.000000000000000000e+00,0.000000000000000000e+00,-0.000000000000000000e+00,-0.000000000000000000e+00,-6.536982801734603221e-02,0.000000000000000000e+00,0.000000000000000000e+00,0.000000000000000000e+00,0.000000000000000000e+00,-0.000000000000000000e+00,0.000000000000000000e+00,0.000000000000000000e+00,0.000000000000000000e+00,-3.435423948055447152e-01,0.000000000000000000e+00,-0.000000000000000000e+00,0.000000000000000000e+00,-0.000000000000000000e+00,-3.054700846801723380e-01
-0.000000000000000000e+00,-1.487009182703945276e-01,1.868025261657507041e+00,-0.000000000000000000e+00,-5.116911499589817947e-01,0.000000000000000000e+00,0.000000000000000000e+00,5.306237925405183908e-01,-7.766487856390791311e-02,-6.570094054552623117e-03,-0.000000000000000000e+00,-0.000000000000000000e+00,-0.000000000000000000e+00,-1.001682159556565727e-01,-0.000000000000000000e+00,-3.251665401644896966e-03,-0.000000000000000000e+00,-5.226186736421144230e-02,-0.000000000000000000e+00,-0.000000000000000000e+00,0.000000000000000000e+00,0.000000000000000000e+00,-0.000000000000000000e+00,-0.000000000000000000e+00,-6.903455548688267052e-02,-0.000000000000000000e+00,-0.000000000000000000e+00,0.000000000000000000e+00,0.000000000000000000e+00,-1.265266636747816309e-01,0.000000000000000000e+00,0.000000000000000000e+00,-0.000000000000000000e+00,-1.604549209956953326e-01,0.000000000000000000e+00,-0.000000000000000000e+00,0.000000000000000000e+00,-0.000000000000000000e+00,-2.759900620577700192e-02
-0.000000000000000000e+00,-0.000000000000000000e+00,-0.000000000000000000e+00,1.537500421532377537e+00,-0.000000000000000000e+00,0.000000000000000000e+00,0.000000000000000000e+00,0.000000000000000000e+00,-1.499914651760533291e-01,-0.000000000000000000e+00,0.000000000000000000e+00,-7.443136959907351025e-02,-0.000000000000000000e+00,-0.000000000000000000e+00,-0.000000000000000000e+00,-0.000000000000000000e+00,0.000000000000000000e+00,-2.782805811765588500e-01,-1.079249907378740519e-01,-0.000000000000000000e+00,0.000000000000000000e+00,0.000000000000000000e+00,0.000000000000000000e+00,0.000000000000000000e+00,-0.000000000000000000e+00,0.000000000000000000e+00,0.000000000000000000e+00,1.290953722391777747e-01,0.000000000000000000e+00,-0.000000000000000000e+00,7.532932188501036130e-02,5.985017656311904938e-02,0.000000000000000000e+00,-1.536011003099793382e-01,1.110991822902847315e-02,-0.000000000000000000e+00,0.000000000000000000e+00,-0.000000000000000000e+00,-1.178138084252013940e-01
-9.411220759303066952e-02,-8.239309038314293621e-02,-5.116911499589817947e-01,-0.000000000000000000e+00,2.034683625929690987e+00,0.000000000000000000e+00,0.000000000000000000e+00,3.085044106764431859e-01,-9.471013994148679005e-02,-1.333861958482331356e-01,-0.000000000000000000e+00,-0.000000000000000000e+00,-0.000000000000000000e+00,-1.319480182418381331e-01,-0.000000000000000000e+00,-2.588757449590421422e-01,-0.000000000000000000e+00,-9.953232240323969804e-02,-0.000000000000000000e+00,-0.000000000000000000e+00,0.000000000000000000e+00,0.000000000000000000e+00,-0.000000000000000000e+00,-0.000000000000000000e+00,-6.453984288519729051e-02,-0.000000000000000000e+00,-0.000000000000000000e+00,0.000000000000000000e+00,0.000000000000000000e+00,-2.486637872214294276e-01,0.000000000000000000e+00,0.000000000000000000e+00,-0.000000000000000000e+00,-4.263625269476094271e-02,0.000000000000000000e+00,-0.000000000000000000e+00,0.000000000000000000e+00,-1.185481970224385312e-01,-8.499671858852647297e-03
0.000000000000000000e+00,0.000000000000000000e+00,0.000000000000000000e+00,0.000000000000000000e+00,0.000000000000000000e+00,1.395593763845883517e+00,0.000000000000000000e+00,-2.813784089254981469e-01,0.000000000000000000e+00,0.000000000000000000e+00,0.000000000000000000e+00,4.826107138587682616e-02,1.483398047821389010e-01,0.000000000000000000e+00,8.143644847506908979e-02,0.000000000000000000e+00,6.185303586547988980e-02,0.000000000000000000e+00,0.000000000000000000e+00,0.000000000000000000e+00,-0.000000000000000000e+00,0.000000000000000000e+00,0.000000000000000000e+00,-2.796849478927823651e-01,-0.000000000000000000e+00,0.000000000000000000e+00,0.000000000000000000e+00,0.000000000000000000e+00,-0.000000000000000000e+00,0.000000000000000000e+00,-0.000000000000000000e+00,-0.000000000000000000e+00,0.000000000000000000e+00,0.000000000000000000e+00,-1.937228448131219360e-01,1.033929277811220654e-01,-0.000000000000000000e+00,1.684971374696508095e-01,0.000000000000000000e+00
0.000000000000000000e+00,0.000000000000000000e+00,0.000000000000000000e+00,0.000000000000000000e+00,0.000000000000000000e+00,0.000000000000000000e+00,1.612594578289398228e+00,-0.000000000000000000e+00,0.000000000000000000e+00,-0.000000000000000000e+00,-0.000000000000000000e+00,0.000000000000000000e+00,-0.000000000000000000e+00,-0.000000000000000000e+00,0.000000000000000000e+00,-0.000000000000000000e+00,-0.000000000000000000e+00,0.000000000000000000e+00,0.000000000000000000e+00,-1.996340360851235063e-01,-1.267563517603927936e-01,-5.002019173940013275e-01,-0.000000000000000000e+00,-0.000000000000000000e+00,0.000000000000000000e+00,-0.000000000000000000e+00,-0.000000000000000000e+00,-2.610844650947629630e-01,-0.000000000000000000e+00,-0.000000000000000000e+00,-8.078612560085769723e-02,-0.000000000000000000e+00,-0.000000000000000000e+00,0.000000000000000000e+00,-0.000000000000000000e+00,-6.125488343959273330e-02,-0.000000000000000000e+00,0.000000000000000000e+00,5.666149506951413672e-02
1.950750743939917986e-01,1.664125798196435316e-02,5.306237925405183908e-01,0.000000000000000000e+00,3.085044106764431859e-01,-2.813784089254981469e-01,-0.000000000000000000e+00,1.713108289547413010e+00,0.000000000000000000e+00,0.000000000000000000e+00,0.000000000000000000e+00,0.000000000000000000e+00,0.000000000000000000e+00,1.871224580449284414e-01,0.000000000000000000e+00,0.000000000000000000e+00,8.660671076485272624e-02,0.000000000000000000e+00,0.000000000000000000e+00,0.000000000000000000e+00,0.000000000000000000e+00,0.000000000000000000e+00,0.000000000000000000e+00,-0.000000000000000000e+00,0.000000000000000000e+00,0.000000000000000000e+00,0.000000000000000000e+00,0.000000000000000000e+00,-0.000000000000000000e+00,0.000000000000000000e+00,0.000000000000000000e+00,0.000000000000000000e+00,0.000000000000000000e+00,0.000000000000000000e+00,-0.000000000000000000e+00,0.000000000000000000e+00,-0.000000000000000000e+00,5.978884737243395087e-02,0.000000000000000000e+00
-4.263619589914997149e-02,-3.373501116919394027e-01,-7.766487856390791311e-02,-1.499914651760533291e-01,-9.471013994148679005e-02,0.000000000000000000e+00,0.000000000000000000e+00,0.000000000000000000e+00,2.874296891178576008e+00,-0.000000000000000000e+00,0.000000000000000000e+00,-2.225604427263050689e-01,-0.000000000000000000e+00,-0.000000000000000000e+00,-1.964522952273660139e-01,-0.000000000000000000e+00,0.000000000000000000e+00,-4.209062076552453902e-01,-2.803925261745250919e-01,0.000000000000000000e+00,7.604991509030356589e-02,0.000000000000000000e+00,-0.000000000000000000e+00,0.000000000000000000e+00,-0.000000000000000000e+00,0.000000000000000000e+00,0.000000000000000000e+00,1.737667705357640383e-02,0.000000000000000000e+00,-0.000000000000000000e+00,5.436000109318234880e-03,0.000000000000000000e+00,0.000000000000000000e+00,-4.561320988207848148e-01,7.141329935158761966e-02,-0.000000000000000000e+00,0.000000000000000000e+00,-1.290152651292620356e-01,-4.755846668843387581e-01
-0.000000000000000000e+00,-0.000000000000000000e+00,-6.570094054552623117e-03,-0.000000000000000000e+00,-1.333861958482331356e-01,0.000000000000000000e+00,-0.000000000000000000e+00,0.000000000000000000e+00,-0.000000000000000000e+00,2.031670719663090541e+00,-0.000000000000000000e+00,-0.000000000000000000e+00,0.000000000000000000e+00,-2.678665643836514523e-02,-0.000000000000000000e+00,-6.656524050219491118e-01,-0.000000000000000000e+00,-0.000000000000000000e+00,-1.664675052925636625e-02,-0.000000000000000000e+00,-0.000000000000000000e+00,-0.000000000000000000e+00,-6.970048941077910953e-02,0.000000000000000000e+00,-1.229918500496948452e-01,-0.000000000000000000e+00,-1.856747699396876783e-01,-0.000000000000000000e+00,-0.000000000000000000e+00,-4.241416410373055612e-01,-0.000000000000000000e+00,-0.000000000000000000e+00,-0.000000000000000000e+00,-0.000000000000000000e+00,0.000000000000000000e+00,-2.249552681346199678e-01,-0.000000000000000000e+00,-2.594736864460003289e-01,-0.000000000000000000e+00
0.000000000000000000e+00,0.000000000000000000e+00,-0.000000000000000000e+00,0.000000000000000000e+00,-0.000000000000000000e+00,0.000000000000000000e+00,-0.000000000000000000e+00,0.000000000000000000e+00,0.000000000000000000e+00,-0.000000000000000000e+00,1.650494189808412449e+00,0.000000000000000000e+00,-0.000000000000000000e+00,-2.892893922263688189e-02,0.000000000000000000e+00,-0.000000000000000000e+00,-2.262619323848950315e-01,0.000000000000000000e+00,0.000000000000000000e+00,-0.000000000000000000e+00,-0.000000000000000000e+00,-0.000000000000000000e+00,-3.313863877938351687e-01,-0.000000000000000000e+00,-0.000000000000000000e+00,-1.337962966116425512e-01,-2.022582077509027798e-01,-9.707973717357515353e-02,-6.729693136760787897e-02,-0.000000000000000000e+00,-0.000000000000000000e+00,-1.006544407639936023e-01,-1.717504481853754095e-01,0.000000000000000000e+00,-0.000000000000000000e+00,-0.000000000000000000e+00,-9.600944967933365548e-02,-0.000000000000000000e+00,0.000000000000000000e+00
-0.000000000000000000e+00,-4.973812684977610421e-02,-0.000000000000000000e+00,-7.443136959907351025e-02,-0.000000000000000000e+00,4.826107138587682616e-02,0.000000000000000000e+00,0.000000000000000000e+00,-2.225604427263050689e-01,-0.000000000000000000e+00,0.000000000000000000e+00,2.704216491811959333e+00,-0.000000000000000000e+00,-0.000000000000000000e+00,-6.640361512736550065e-01,-0.000000000000000000e+00,-0.000000000000000000e+00,-2.172858606345729471e-01,-4.009755132878509709e-01,-0.000000000000000000e+00,0.000000000000000000e+00,0.000000000000000000e+00,0.000000000000000000e+00,0.000000000000000000e+00,-0.000000000000000000e+00,0.000000000000000000e+00,0.000000000000000000e+00,0.000000000000000000e+00,1.638636946357459878e-01,-0.000000000000000000e+00,0.000000000000000000e+00,0.000000000000000000e+00,0.000000000000000000e+00,-1.918977858787034307e-01,2.940857868309443846e-01,-1.228025313569501842e-01,1.170947269902831017e-01,-9.351255012124255750e-03,-2.394859707859322007e-01
0.000000000000000000e+00,-0.000000000000000000e+00,-0.000000000000000000e+00,-0.000000000000000000e+00,-0.000000000000000000e+00,1.483398047821389010e-01,-0.000000000000000000e+00,0.000000000000000000e+00,-0.000000000000000000e+00,0.000000000000000000e+00,-0.000000000000000000e+00,-0.000000000000000000e+00,1.089627943451488168e+00,-0.000000000000000000e+00,-0.000000000000000000e+00,0.000000000000000000e+00,-2.681383558643881670e-01,-0.000000000000000000e+00,-0.000000000000000000e+00,-0.000000000000000000e+00,0.000000000000000000e+00,0.000000000000000000e+00,-0.000000000000000000e+00,-0.000000000000000000e+00,0.000000000000000000e+00,-0.000000000000000000e+00,-0.000000000000000000e+00,-0.000000000000000000e+00,0.000000000000000000e+00,-0.000000000000000000e+00,0.000000000000000000e+00,-0.000000000000000000e+00,-0.000000000000000000e+00,-0.000000000000000000e+00,0.000000000000000000e+00,-0.000000000000000000e+00,0.000000000000000000e+00,-0.000000000000000000e+00,-0.000000000000000000e+00
-0.000000000000000000e+00,-0.000000000000000000e+00,-1.001682159556565727e-01,-0.000000000000000000e+00,-1.319480182418381331e-01,0.000000000000000000e+00,-0.000000000000000000e+00,1.871224580449284414e-01,-0.000000000000000000e+00,-2.678665643836514523e-02,-2.892893922263688189e-02,-0.000000000000000000e+00,-0.000000000000000000e+00,1.634051700300102272e+00,-0.000000000000000000e+00,-2.721270199051509797e-01,-2.649876816785401434e-01,-0.000000000000000000e+00,-0.000000000000000000e+00,-5.516795640218694757e-02,-0.000000000000000000e+00,-0.000000000000000000e+00,-2.020339346410598147e-01,-0.000000000000000000e+00,-3.068697613981768296e-02,-0.000000000000000000e+00,-1.635502927977476872e-01,-0.000000000000000000e+00,-0.000000000000000000e+00,-2.706450109187335390e-02,-0.000000000000000000e+00,-0.000000000000000000e+00,-1.515564862547545411e-01,-0.000000000000000000e+00,-0.000000000000000000e+00,-1.410977977830891739e-01,-0.000000000000000000e+00,-0.000000000000000000e+00,-0.000000000000000000e+00
-0.000000000000000000e+00,-0.000000000000000000e+00,-0.000000000000000000e+00,-0.000000000000000000e+00,-0.000000000000000000e+00,8.143644847506908979e-02,0.000000000000000000e+00,0.000000000000000000e+00,-1.964522952273660139e-01,-0.000000000000000000e+00,0.000000000000000000e+00,-6.640361512736550065e-01,-0.000000000000000000e+00,-0.000000000000000000e+00,2.500333922031932499e+00,-0.000000000000000000e+00,-0.000000000000000000e+00,-1.778136895219461222e-01,-3.020316395014916444e-01,-0.000000000000000000e+00,5.131520797083307522e-02,0.000000000000000000e+00,0.000000000000000000e+00,0.000000000000000000e+00,-0.000000000000000000e+00,0.000000000000000000e+00,0.000000000000000000e+00,0.000000000000000000e+00,1.463740954344595335e-01,-0.000000000000000000e+00,2.027601244760439680e-01,0.000000000000000000e+00,0.000000000000000000e+00,-2.000120349361341754e-01,3.194585058694820456e-01,-0.000000000000000000e+00,1.039551411355173482e-01,-0.000000000000000000e+00,-2.820601016449270776e-02
-8.836206957700820652e-02,-2.811489517999981105e-02,-3.251665401644896966e-03,-0.000000000000000000e+00,-2.588757449590421422e-01,0.000000000000000000e+00,-0.000000000000000000e+00,0.000000000000000000e+00,-0.000000000000000000e+00,-6.656524050219491118e-01,-0.000000000000000000e+00,-0.000000000000000000e+00,0.000000000000000000e+00,-2.721270199051509797e-01,-0.000000000000000000e+00,2.123017442503568830e+00,-0.000000000000000000e+00,-0.000000000000000000e+00,-0.000000000000000000e+00,-8.237300003995703945e-02,-0.000000000000000000e+00,-0.000000000000000000e+00,-1.826243987697868942e-01,-0.000000000000000000e+00,-1.933455844717557881e-01,-0.000000000000000000e+00,-0.000000000000000000e+00,-0.000000000000000000e+00,-0.000000000000000000e+00,-3.938150208558666154e-01,-0.000000000000000000e+00,-0.000000000000000000e+00,-0.000000000000000000e+00,-0.000000000000000000e+00,0.000000000000000000e+00,-7.753781815778942876e-02,-0.000000000000000000e+00,-6.517317806713156247e-02,-0.000000000000000000e+00
0.000000000000000000e+00,-0.000000000000000000e+00,-0.000000000000000000e+00,0.000000000000000000e+00,-0.000000000000000000e+00,6.185303586547988980e-02,-0.000000000000000000e+00,8.660671076485272624e-02,0.000000000000000000e+00,-0.000000000000000000e+00,-2.262619323848950315e-01,-0.000000000000000000e+00,-2.681383558643881670e-01,-2.649876816785401434e-01,-0.000000000000000000e+00,-0.000000000000000000e+00,1.489643873241024652e+00,0.000000000000000000e+00,-0.000000000000000000e+00,-2.491811124878700046e-01,-0.000000000000000000e+00,-0.000000000000000000e+00,-0.000000000000000000e+00,-0.000000000000000000e+00,-0.000000000000000000e+00,-0.000000000000000000e+00,-1.245022615816933076e-01,-7.565666968366152600e-02,-0.000000000000000000e+00,-0.000000000000000000e+00,-0.000000000000000000e+00,-1.213774269675515355e-01,-5.951939175739858617e-02,0.000000000000000000e+00,-0.000000000000000000e+00,-0.000000000000000000e+00,-0.000000000000000000e+00,-0.000000000000000000e+00,0.000000000000000000e+00
-0.000000000000000000e+00,-5.001114528657618630e-02,-5.226186736421144230e-02,-2.782805811765588500e-01,-9.953232240323969804e-02,0.000000000000000000e+00,0.000000000000000000e+00,0.000000000000000000e+00,-4.209062076552453902e-01,-0.000000000000000000e+00,0.000000000000000000e+00,-2.172858606345729471e-01,-0.000000000000000000e+00,-0.000000000000000000e+00,-1.778136895219461222e-01,-0.000000000000000000e+00,0.000000000000000000e+00,2.742758055063285294e+00,-5.261931470313039316e-01,0.000000000000000000e+00,4.655501683188933981e-02,0.000000000000000000e+00,0.000000000000000000e+00,0.000000000000000000e+00,-0.000000000000000000e+00,0.000000000000000000e+00,0.000000000000000000e+00,1.442982158356109247e-02,0.000000000000000000e+00,-5.500273153960255103e-03,0.000000000000000000e+00,0.000000000000000000e+00,0.000000000000000000e+00,-3.599472606325120894e-01,6.401400749673483159e-02,-0.000000000000000000e+00,1.610644432403224389e-03,-2.338954688455831543e-01,-3.071639238403804373e-01
-0.000000000000000000e+00,-0.000000000000000000e+00,-0.000000000000000000e+00,-1.079249907378740519e-01,-0.000000000000000000e+00,0.000000000000000000e+00,0.000000000000000000e+00,0.000000000000000000e+00,-2.803925261745250919e-01,-1.664675052925636625e-02,0.000000000000000000e+00,-4.009755132878509709e-01,-0.000000000000000000e+00,-0.000000000000000000e+00,-3.020316395014916444e-01,-0.000000000000000000e+00,-0.000000000000000000e+00,-5.261931470313039316e-01,2.638275353592357764e+00,0.000000000000000000e+00,0.000000000000000000e+00,0.000000000000000000e+00,0.000000000000000000e+00,0.000000000000000000e+00,-0.000000000000000000e+00,0.000000000000000000e+00,0.000000000000000000e+00,0.000000000000000000e+00,0.000000000000000000e+00,-0.000000000000000000e+00,0.000000000000000000e+00,0.000000000000000000e+00,0.000000000000000000e+00,-1.696304969469534241e-01,1.339195525571514056e-01,-0.000000000000000000e+00,1.797390336064089503e-02,-3.477400343159675611e-01,-3.337538535533752238e-01
-0.000000000000000000e+00,0.000000000000000000e+00,-0.000000000000000000e+00,-0.000000000000000000e+00,-0.000000000000000000e+00,0.000000000000000000e+00,-1.996340360851235063e-01,0.000000000000000000e+00,0.000000000000000000e+00,-0.000000000000000000e+00,-0.000000000000000000e+00,-0.000000000000000000e+00,-0.000000000000000000e+00,-5.516795640218694757e-02,-0.000000000000000000e+00,-8.237300003995703945e-02,-2.491811124878700046e-01,0.000000000000000000e+00,0.000000000000000000e+00,1.473128913864313771e+00,-0.000000000000000000e+00,-4.911717912357416171e-01,-0.000000000000000000e+00,-0.000000000000000000e+00,-0.000000000000000000e+00,-0.000000000000000000e+00,-0.000000000000000000e+00,-0.000000000000000000e+00,-0.000000000000000000e+00,-0.000000000000000000e+00,-0.000000000000000000e+00,-0.000000000000000000e+00,-1.751973704256715517e-02,0.000000000000000000e+00,-0.000000000000000000e+00,-1.457845775464824412e-01,-0.000000000000000000e+00,-0.000000000000000000e+00,0.000000000000000000e+00
0.000000000000000000e+00,0.000000000000000000e+00,0.000000000000000000e+00,0.000000000000000000e+00,0.000000000000000000e+00,-0.000000000000000000e+00,-1.267563517603927936e-01,0.000000000000000000e+00,7.604991509030356589e-02,-0.000000000000000000e+00,-0.000000000000000000e+00,0.000000000000000000e+00,0.000000000000000000e+00,-0.000000000000000000e+00,5.131520797083307522e-02,-0.000000000000000000e+00,-0.000000000000000000e+00,4.655501683188933981e-02,0.000000000000000000e+00,-0.000000000000000000e+00,2.855903395824093582e+00,-4.922387146103795463e-01,-0.000000000000000000e+00,-0.000000000000000000e+00,-0.000000000000000000e+00,-3.342975322352714218e-01,-0.000000000000000000e+00,-4.434219308518719260e-01,-6.362096415158401130e-02,-0.000000000000000000e+00,-3.919812498269508727e-01,-5.481864781035943740e-02,-3.474687993286330046e-01,1.149063419912503131e-01,-9.777633197559884581e-02,-0.000000000000000000e+00,-3.055999602507699642e-01,0.000000000000000000e+00,3.462535296177251393e-02
0.000000000000000000e+00,0.000000000000000000e+00,0.000000000000000000e+00,0.000000000000000000e+00,0.000000000000000000e+00,0.000000000000000000e+00,-5.002019173940013275e-01,0.000000000000000000e+00,0.000000000000000000e+00,-0.000000000000000000e+00,-0.000000000000000000e+00,0.000000000000000000e+00,0.000000000000000000e+00,-0.000000000000000000e+00,0.000000000000000000e+00,-0.000000000000000000e+00,-0.000000000000000000e+00,0.000000000000000000e+00,0.000000000000000000e+00,-4.911717912357416171e-01,-4.922387146103795463e-01,2.447933092145853973e+00,-0.000000000000000000e+00,-0.000000000000000000e+00,-0.000000000000000000e+00,-2.373268272082604963e-02,-3.853060962629797220e-02,-2.920405743801856024e-01,-0.000000000000000000e+00,-0.000000000000000000e+00,-2.501950932110502124e-01,-2.575427665875389474e-02,-2.180997392672375523e-01,2.631990705101684355e-02,-0.000000000000000000e+00,-0.000000000000000000e+00,-1.664304385429100919e-01,0.000000000000000000e+00,0.000000000000000000e+00
-0.000000000000000000e+00,-0.000000000000000000e+00,-0.000000000000000000e+00,0.000000000000000000e+00,-0.000000000000000000e+00,0.000000000000000000e+00,-0.000000000000000000e+00,0.000000000000000000e+00,-0.000000000000000000e+00,-6.970048941077910953e-02,-3.313863877938351687e-01,0.000000000000000000e+00,-0.000000000000000000e+00,-2.020339346410598147e-01,0.000000000000000000e+00,-1.826243987697868942e-01,-0.000000000000000000e+00,0.000000000000000000e+00,0.000000000000000000e+00,-0.000000000000000000e+00,-0.000000000000000000e+00,-0.000000000000000000e+00,1.724863390226637261e+00,-7.683728467891158542e-02,-2.769956866883096502e-01,-1.388547192693938559e-01,-1.880390877824412166e-01,-0.000000000000000000e+00,-9.703217684665793596e-02,-5.071691808032222082e-02,-0.000000000000000000e+00,-2.212429676126711209e-01,-0.000000000000000000e+00,0.000000000000000000e+00,-0.000000000000000000e+00,-0.000000000000000000e+00,-0.000000000000000000e+00,-0.000000000000000000e+00,-0.000000000000000000e+00
0.000000000000000000e+00,-0.000000000000000000e+00,-0.000000000000000000e+00,0.000000000000000000e+00,-0.000000000000000000e+00,-2.796849478927823651e-01,-0.000000000000000000e+00,-0.000000000000000000e+00,0.000000000000000000e+00,0.000000000000000000e+00,-0.000000000000000000e+00,0.000000000000000000e+00,-0.000000000000000000e+00,-0.000000000000000000e+00,0.000000000000000000e+00,-0.000000000000000000e+00,-0.000000000000000000e+00,0.000000000000000000e+00,0.000000000000000000e+00,-0.000000000000000000e+00,-0.000000000000000000e+00,-0.000000000000000000e+00,-7.683728467891158542e-02,1.411666914000689887e+00,-2.265822731022194281e-01,-0.000000000000000000e+00,-0.000000000000000000e+00,-0.000000000000000000e+00,-3.643325070052950698e-01,-0.000000000000000000e+00,-0.000000000000000000e+00,-9.117265287736410484e-02,-0.000000000000000000e+00,0.000000000000000000e+00,-1.365869947438571319e-01,0.000000000000000000e+00,-0.000000000000000000e+00,0.000000000000000000e+00,0.000000000000000000e+00
-0.000000000000000000e+00,-6.536982801734603221e-02,-6.903455548688267052e-02,-0.000000000000000000e+00,-6.453984288519729051e-02,-0.000000000000000000e+00,0.000000000000000000e+00,0.000000000000000000e+00,-0.000000000000000000e+00,-1.229918500496948452e-01,-0.000000000000000000e+00,-0.000000000000000000e+00,0.000000000000000000e+00,-3.068697613981768296e-02,-0.000000000000000000e+00,-1.933455844717557881e-01,-0.000000000000000000e+00,-0.000000000000000000e+00,-0.000000000000000000e+00,-0.000000000000000000e+00,-0.000000000000000000e+00,-0.000000000000000000e+00,-2.769956866883096502e-01,-2.265822731022194281e-01,1.346797155287722925e+00,-0.000000000000000000e+00,-0.000000000000000000e+00,-0.000000000000000000e+00,-0.000000000000000000e+00,-9.123954617794505229e-02,-0.000000000000000000e+00,-0.000000000000000000e+00,-0.000000000000000000e+00,-0.000000000000000000e+00,-0.000000000000000000e+00,-0.000000000000000000e+00,-0.000000000000000000e+00,-0.000000000000000000e+00,-0.000000000000000000e+00
0.000000000000000000e+00,0.000000000000000000e+00,-0.000000000000000000e+00,0.000000000000000000e+00,-0.000000000000000000e+00,0.000000000000000000e+00,-0.000000000000000000e+00,0.000000000000000000e+00,0.000000000000000000e+00,-0.000000000000000000e+00,-1.337962966116425512e-01,0.000000000000000000e+00,-0.000000000000000000e+00,-0.000000000000000000e+00,0.000000000000000000e+00,-0.000000000000000000e+00,-0.000000000000000000e+00,0.000000000000000000e+00,0.000000000000000000e+00,-0.000000000000000000e+00,-3.342975322352714218e-01,-2.373268272082604963e-02,-1.388547192693938559e-01,-0.000000000000000000e+00,-0.000000000000000000e+00,2.628035907239436142e+00,-4.010264442300595644e-01,-2.993824866011533525e-01,-3.309836342628511008e-01,-0.000000000000000000e+00,-3.755653230860435676e-01,-1.928404047623133721e-01,-3.692052024412312838e-01,0.000000000000000000e+00,-0.000000000000000000e+00,-0.000000000000000000e+00,-9.873289786135271140e-02,-0.000000000000000000e+00,0.000000000000000000e+00
-0.000000000000000000e+00,0.000000000000000000e+00,-0.000000000000000000e+00,0.000000000000000000e+00,-0.000000000000000000e+00,0.000000000000000000e+00,-0.000000000000000000e+00,0.000000000000000000e+00,0.000000000000000000e+00,-1.856747699396876783e-01,-2.022582077509027798e-01,0.000000000000000000e+00,-0.000000000000000000e+00,-1.635502927977476872e-01,0.000000000000000000e+00,-0.000000000000000000e+00,-1.245022615816933076e-01,0.000000000000000000e+00,0.000000000000000000e+00,-0.000000000000000000e+00,-0.000000000000000000e+00,-3.853060962629797220e-02,-1.880390877824412166e-01,-0.000000000000000000e+00,-0.000000000000000000e+00,-4.010264442300595644e-01,1.902872319823934788e+00,-0.000000000000000000e+00,-0.000000000000000000e+00,-0.000000000000000000e+00,-2.781242867360995130e-01,-0.000000000000000000e+00,-3.171415658483072719e-01,0.000000000000000000e+00,-0.000000000000000000e+00,-0.000000000000000000e+00,-0.000000000000000000e+00,-0.000000000000000000e+00,0.000000000000000000e+00
0.000000000000000000e+00,0.000000000000000000e+00,0.000000000000000000e+00,1.290953722391777747e-01,0.000000000000000000e+00,0.000000000000000000e+00,-2.610844650947629630e-01,0.000000000000000000e+00,1.737667705357640383e-02,-0.000000000000000000e+00,-9.707973717357515353e-02,0.000000000000000000e+00,-0.000000000000000000e+00,-0.000000000000000000e+00,0.000000000000000000e+00,-0.000000000000000000e+00,-7.565666968366152600e-02,1.442982158356109247e-02,0.000000000000000000e+00,-0.000000000000000000e+00,-4.434219308518719260e-01,-2.920405743801856024e-01,-0.000000000000000000e+00,-0.000000000000000000e+00,-0.000000000000000000e+00,-2.993824866011533525e-01,-0.000000000000000000e+00,2.630521687008629428e+00,-5.908811120393966422e-03,-0.000000000000000000e+00,-2.983451880287626978e-01,-1.141334373164587107e-01,-5.113561103335857450e-01,0.000000000000000000e+00,-0.000000000000000000e+00,-0.000000000000000000e+00,-1.439508491398324985e-01,0.000000000000000000e+00,2.414862847172518159e-02
0.000000000000000000e+00,0.000000000000000000e+00,0.000000000000000000e+00,0.000000000000000000e+00,0.000000000000000000e+00,-0.000000000000000000e+00,-0.000000000000000000e+00,-0.000000000000000000e+00,0.000000000000000000e+00,-0.000000000000000000e+00,-6.729693136760787897e-02,1.638636946357459878e-01,0.000000000000000000e+00,-0.000000000000000000e+00,1.463740954344595335e-01,-0.000000000000000000e+00,-0.000000000000000000e+00,0.000000000000000000e+00,0.000000000000000000e+00,-0.000000000000000000e+00,-6.362096415158401130e-02,-0.000000000000000000e+00,-9.703217684665793596e-02,-3.643325070052950698e-01,-0.000000000000000000e+00,-3.309836342628511008e-01,-0.000000000000000000e+00,-5.908811120393966422e-03,2.394019869002824930e+00,0.000000000000000000e+00,-0.000000000000000000e+00,-3.661424677056320798e-01,-7.193464526095301979e-04,0.000000000000000000e+00,-4.282541609345992262e-01,0.000000000000000000e+00,-4.305558279662446419e-01,0.000000000000000000e+00,0.000000000000000000e+00
-1.356251889023952495e-01,-0.000000000000000000e+00,-1.265266636747816309e-01,-0.000000000000000000e+00,-2.486637872214294276e-01,0.000000000000000000e+00,-0.000000000000000000e+00,0.000000000000000000e+00,-0.000000000000000000e+00,-4.241416410373055612e-01,-0.000000000000000000e+00,-0.000000000000000000e+00,-0.000000000000000000e+00,-2.706450109187335390e-02,-0.000000000000000000e+00,-3.938150208558666154e-01,-0.000000000000000000e+00,-5.500273153960255103e-03,-0.000000000000000000e+00,-0.000000000000000000e+00,-0.000000000000000000e+00,-0.000000000000000000e+00,-5.071691808032222082e-02,-0.000000000000000000e+00,-9.123954617794505229e-02,-0.000000000000000000e+00,-0.000000000000000000e+00,-0.000000000000000000e+00,0.000000000000000000e+00,1.882529316283170662e+00,-0.000000000000000000e+00,-0.000000000000000000e+00,-0.000000000000000000e+00,-0.000000000000000000e+00,0.000000000000000000e+00,-2.233237643709311826e-01,0.000000000000000000e+00,-1.608100650599490755e-01,-0.000000000000000000e+00
0.000000000000000000e+00,0.000000000000000000e+00,0.000000000000000000e+00,7.532932188501036130e-02,0.000000000000000000e+00,-0.000000000000000000e+00,-8.078612560085769723e-02,0.000000000000000000e+00,5.436000109318234880e-03,-0.000000000000000000e+00,-0.000000000000000000e+00,0.000000000000000000e+00,0.000000000000000000e+00,-0.000000000000000000e+00,2.027601244760439680e-01,-0.000000000000000000e+00,-0.000000000000000000e+00,0.000000000000000000e+00,0.000000000000000000e+00,-0.000000000000000000e+00,-3.919812498269508727e-01,-2.501950932110502124e-01,-0.000000000000000000e+00,-0.000000000000000000e+00,-0.000000000000000000e+00,-3.755653230860435676e-01,-2.781242867360995130e-01,-2.983451880287626978e-01,-0.000000000000000000e+00,-0.000000000000000000e+00,2.633219641107816589e+00,-7.412024547260974427e-02,-3.032312414175835635e-01,1.429256453934805993e-01,-0.000000000000000000e+00,-0.000000000000000000e+00,-2.561721582165829014e-01,0.000000000000000000e+00,0.000000000000000000e+00
0.000000000000000000e+00,0.000000000000000000e+00,0.000000000000000000e+00,5.985017656311904938e-02,0.000000000000000000e+00,-0.000000000000000000e+00,-0.000000000000000000e+00,0.000000000000000000e+00,0.000000000000000000e+00,-0.000000000000000000e+00,-1.006544407639936023e-01,0.000000000000000000e+00,-0.000000000000000000e+00,-0.000000000000000000e+00,0.000000000000000000e+00,-0.000000000000000000e+00,-1.213774269675515355e-01,0.000000000000000000e+00,0.000000000000000000e+00,-0.000000000000000000e+00,-5.481864781035943740e-02,-2.575427665875389474e-02,-2.212429676126711209e-01,-9.117265287736410484e-02,-0.000000000000000000e+00,-1.928404047623133721e-01,-0.000000000000000000e+00,-1.141334373164587107e-01,-3.661424677056320798e-01,-0.000000000000000000e+00,-7.412024547260974427e-02,2.268356188601480028e+00,-2.324198735603747457e-01,0.000000000000000000e+00,-3.008200080606961424e-01,0.000000000000000000e+00,-3.820517847793971078e-01,0.000000000000000000e+00,0.000000000000000000e+00
0.000000000000000000e+00,0.000000000000000000e+00,-0.000000000000000000e+00,0.000000000000000000e+00,-0.000000000000000000e+00,0.000000000000000000e+00,-0.000000000000000000e+00,0.000000000000000000e+00,0.000000000000000000e+00,-0.000000000000000000e+00,-1.717504481853754095e-01,0.000000000000000000e+00,-0.000000000000000000e+00,-1.515564862547545411e-01,0.000000000000000000e+00,-0.000000000000000000e+00,-5.951939175739858617e-02,0.000000000000000000e+00,0.000000000000000000e+00,-1.751973704256715517e-02,-3.474687993286330046e-01,-2.180997392672375523e-01,-0.000000000000000000e+00,-0.000000000000000000e+00,-0.000000000000000000e+00,-3.692052024412312838e-01,-3.171415658483072719e-01,-5.113561103335857450e-01,-7.193464526095301979e-04,-0.000000000000000000e+00,-3.032312414175835635e-01,-2.324198735603747457e-01,2.603264497736593075e+00,0.000000000000000000e+00,-0.000000000000000000e+00,-0.000000000000000000e+00,-0.000000000000000000e+00,0.000000000000000000e+00,0.000000000000000000e+00
-0.000000000000000000e+00,-3.435423948055447152e-01,-1.604549209956953326e-01,-1.536011003099793382e-01,-4.263625269476094271e-02,0.000000000000000000e+00,0.000000000000000000e+00,0.000000000000000000e+00,-4.561320988207848148e-01,-0.000000000000000000e+00,0.000000000000000000e+00,-1.918977858787034307e-01,-0.000000000000000000e+00,-0.000000000000000000e+00,-2.000120349361341754e-01,-0.000000000000000000e+00,0.000000000000000000e+00,-3.599472606325120894e-01,-1.696304969469534241e-01,0.000000000000000000e+00,1.149063419912503131e-01,2.631990705101684355e-02,0.000000000000000000e+00,0.000000000000000000e+00,-0.000000000000000000e+00,0.000000000000000000e+00,0.000000000000000000e+00,0.000000000000000000e+00,0.000000000000000000e+00,-0.000000000000000000e+00,1.429256453934805993e-01,0.000000000000000000e+00,0.000000000000000000e+00,2.658421524120672341e+00,6.185482181512574201e-02,-0.000000000000000000e+00,9.562386158089125621e-02,-0.000000000000000000e+00,-2.954332648633472558e-01
0.000000000000000000e+00,0.000000000000000000e+00,0.000000000000000000e+00,1.110991822902847315e-02,0.000000000000000000e+00,-1.937228448131219360e-01,-0.000000000000000000e+00,-0.000000000000000000e+00,7.141329935158761966e-02,0.000000000000000000e+00,-0.000000000000000000e+00,2.940857868309443846e-01,0.000000000000000000e+00,-0.000000000000000000e+00,3.194585058694820456e-01,0.000000000000000000e+00,-0.000000000000000000e+00,6.401400749673483159e-02,1.339195525571514056e-01,-0.000000000000000000e+00,-9.777633197559884581e-02,-0.000000000000000000e+00,-0.000000000000000000e+00,-1.365869947438571319e-01,-0.000000000000000000e+00,-0.000000000000000000e+00,-0.000000000000000000e+00,-0.000000000000000000e+00,-4.282541609345992262e-01,0.000000000000000000e+00,-0.000000000000000000e+00,-3.008200080606961424e-01,-0.000000000000000000e+00,6.185482181512574201e-02,2.578636317638356878e+00,0.000000000000000000e+00,-4.912524675067295177e-01,0.000000000000000000e+00,1.256085689968441110e-01
-0.000000000000000000e+00,-0.000000000000000000e+00,-0.000000000000000000e+00,-0.000000000000000000e+00,-0.000000000000000000e+00,1.033929277811220654e-01,-6.125488343959273330e-02,0.000000000000000000e+00,-0.000000000000000000e+00,-2.249552681346199678e-01,-0.000000000000000000e+00,-1.228025313569501842e-01,-0.000000000000000000e+00,-1.410977977830891739e-01,-0.000000000000000000e+00,-7.753781815778942876e-02,-0.000000000000000000e+00,-0.000000000000000000e+00,-0.000000000000000000e+00,-1.457845775464824412e-01,-0.000000000000000000e+00,-0.000000000000000000e+00,-0.000000000000000000e+00,0.000000000000000000e+00,-0.000000000000000000e+00,-0.000000000000000000e+00,-0.000000000000000000e+00,-0.000000000000000000e+00,0.000000000000000000e+00,-2.233237643709311826e-01,-0.000000000000000000e+00,0.000000000000000000e+00,-0.000000000000000000e+00,-0.000000000000000000e+00,0.000000000000000000e+00,1.327744874289518595e+00,0.000000000000000000e+00,-2.517265527617006809e-02,-0.000000000000000000e+00
0.000000000000000000e+00,0.000000000000000000e+00,0.000000000000000000e+00,0.000000000000000000e+00,0.000000000000000000e+00,-0.000000000000000000e+00,-0.000000000000000000e+00,-0.000000000000000000e+00,0.000000000000000000e+00,-0.000000000000000000e+00,-9.600944967933365548e-02,1.170947269902831017e-01,0.000000000000000000e+00,-0.000000000000000000e+00,1.039551411355173482e-01,-0.000000000000000000e+00,-0.000000000000000000e+00,1.610644432403224389e-03,1.797390336064089503e-02,-0.000000000000000000e+00,-3.055999602507699642e-01,-1.664304385429100919e-01,-0.000000000000000000e+00,-0.000000000000000000e+00,-0.000000000000000000e+00,-9.873289786135271140e-02,-0.000000000000000000e+00,-1.439508491398324985e-01,-4.305558279662446419e-01,0.000000000000000000e+00,-2.561721582165829014e-01,-3.820517847793971078e-01,-0.000000000000000000e+00,9.562386158089125621e-02,-4.912524675067295177e-01,0.000000000000000000e+00,2.725717376689551497e+00,0.000000000000000000e+00,1.414607871696051400e-01
-0.000000000000000000e+00,-0.000000000000000000e+00,-0.000000000000000000e+00,-0.000000000000000000e+00,-1.185481970224385312e-01,1.684971374696508095e-01,0.000000000000000000e+00,5.978884737243395087e-02,-1.290152651292620356e-01,-2.594736864460003289e-01,-0.000000000000000000e+00,-9.351255012124255750e-03,-0.000000000000000000e+00,-0.000000000000000000e+00,-0.000000000000000000e+00,-6.517317806713156247e-02,-0.000000000000000000e+00,-2.338954688455831543e-01,-3.477400343159675611e-01,-0.000000000000000000e+00,0.000000000000000000e+00,0.000000000000000000e+00,-0.000000000000000000e+00,0.000000000000000000e+00,-0.000000000000000000e+00,-0.000000000000000000e+00,-0.000000000000000000e+00,0.000000000000000000e+00,0.000000000000000000e+00,-1.608100650599490755e-01,0.000000000000000000e+00,0.000000000000000000e+00,0.000000000000000000e+00,-0.000000000000000000e+00,0.000000000000000000e+00,-2.517265527617006809e-02,0.000000000000000000e+00,1.740194688932729106e+00,-1.237627474987189613e-01
-2.419150479891488958e-01,-3.054700846801723380e-01,-2.759900620577700192e-02,-1.178138084252013940e-01,-8.499671858852647297e-03,0.000000000000000000e+00,5.666149506951413672e-02,0.000000000000000000e+00,-4.755846668843387581e-01,-0.000000000000000000e+00,0.000000000000000000e+00,-2.394859707859322007e-01,-0.000000000000000000e+00,-0.000000000000000000e+00,-2.820601016449270776e-02,-0.000000000000000000e+00,0.000000000000000000e+00,-3.071639238403804373e-01,-3.337538535533752238e-01,0.000000000000000000e+00,3.462535296177251393e-02,0.000000000000000000e+00,-0.000000000000000000e+00,0.000000000000000000e+00,-0.000000000000000000e+00,0.000000000000000000e+00,0.000000000000000000e+00,2.414862847172518159e-02,0.000000000000000000e+00,-0.000000000000000000e+00,0.000000000000000000e+00,0.000000000000000000e+00,0.000000000000000000e+00,-2.954332648633472558e-01,1.256085689968441110e-01,-0.000000000000000000e+00,1.414607871696051400e-01,-1.237627474987189613e-01,2.699517628993821194e+00
