1.695979007762042023e+00,-3.195192719978289797e-01,-0.000000000000000000e+00,0.000000000000000000e+00,-0.000000000000000000e+00,-0.000000000000000000e+00,-0.000000000000000000e+00,0.000000000000000000e+00,-0.000000000000000000e+00,-0.000000000000000000e+00,0.000000000000000000e+00,0.000000000000000000e+00,8.816820100006805827e-02,0.000000000000000000e+00,-2.549039245032114209e-01,0.000000000000000000e+00,-0.000000000000000000e+00,0.000000000000000000e+00,0.000000000000000000e+00,-6.866968902933388852e-02,-0.000000000000000000e+00,0.000000000000000000e+00,0.000000000000000000e+00,0.000000000000000000e+00,-0.000000000000000000e+00,-1.123879677279585737e-01,0.000000000000000000e+00,-2.230395536131808687e-01,-1.503512611474931426e-01,-4.649133505828050850e-01,0.000000000000000000e+00,0.000000000000000000e+00,0.000000000000000000e+00,0.000000000000000000e+00,-0.000000000000000000e+00,-0.000000000000000000e+00,0.000000000000000000e+00,-2.261976176293862828e-01,-0.000000000000000000e+00
-3.195192719978289797e-01,1.753821511952783574e+00,-0.000000000000000000e+00,0.000000000000000000e+00,-1.734097984409899429e-01,-0.000000000000000000e+00,0.000000000000000000e+00,0.000000000000000000e+00,-0.000000000000000000e+00,-1.719707043433887916e-01,-9.544722652330404900e-02,-0.000000000000000000e+00,-0.000000000000000000e+00,-2.087782866071548893e-01,-0.000000000000000000e+00,-1.737870184292790166e-01,-0.000000000000000000e+00,-0.000000000000000000e+00,-0.000000000000000000e+00,0.000000000000000000e+00,-0.000000000000000000e+00,-0.000000000000000000e+00,-0.000000000000000000e+00,-0.000000000000000000e+00,0.000000000000000000e+00,0.000000000000000000e+00,-0.000000000000000000e+00,-0.000000000000000000e+00,0.000000000000000000e+00,-0.000000000000000000e+00,-4.356173236956221301e-02,-7.073522449541125301e-02,-1.308448808206448544e-01,-0.000000000000000000e+00,0.000000000000000000e+00,-3.765835942062751296e-01,-4.950680881273675921e-02,-0.000000000000000000e+00,-2.940674638357939630e-01
-0.000000000000000000e+00,-0.000000000000000000e+00,2.338675531663572116e+00,-0.000000000000000000e+00,-2.233020978912432786e-01,-0.000000000000000000e+00,-0.000000000000000000e+00,9.043494299411354298e-01,-1.107616721064762916e-01,-0.000000000000000000e+00,-0.000000000000000000e+00,0.000000000000000000e+00,-0.000000000000000000e+00,-0.000000000000000000e+00,-0.000000000000000000e+00,-0.000000000000000000e+00,-0.000000000000000000e+00,-0.000000000000000000e+00,-2.697763608837944749e-01,-0.000000000000000000e+00,-0.000000000000000000e+00,0.000000000000000000e+00,-0.000000000000000000e+00,-0.000000000000000000e+00,-3.367699962314217865e-01,-0.000000000000000000e+00,-0.000000000000000000e+00,-4.349790203453255955e-01,-0.000000000000000000e+00,-0.000000000000000000e+00,-0.000000000000000000e+00,0.000000000000000000e+00,-8.240179526774261964e-02,-3.052881952098523977e-01,-0.000000000000000000e+00,-0.000000000000000000e+00,0.000000000000000000e+00,-0.000000000000000000e+00,-0.000000000000000000e+00
0.000000000000000000e+00,0.000000000000000000e+00,-0.000000000000000000e+00,1.601979448907291825e+00,-0.000000000000000000e+00,4.771260535203231123e-02,-3.117635941471871841e-01,0.000000000000000000e+00,0.000000000000000000e+00,-0.000000000000000000e+00,-0.000000000000000000e+00,-0.000000000000000000e+00,-5.777108290077238861e-02,0.000000000000000000e+00,1.163967368476235414e-02,-8.598188383608847130e-02,0.000000000000000000e+00,-4.859838029307659291e-01,-3.601035681923071552e-01,-0.000000000000000000e+00,0.000000000000000000e+00,-0.000000000000000000e+00,-4.264122694750946407e-02,0.000000000000000000e+00,0.000000000000000000e+00,1.050769603309062855e-01,-0.000000000000000000e+00,0.000000000000000000e+00,0.000000000000000000e+00,0.000000000000000000e+00,-1.602026795221550282e-01,-0.000000000000000000e+00,-0.000000000000000000e+00,-0.000000000000000000e+00,0.000000000000000000e+00,-0.000000000000000000e+00,-0.000000000000000000e+00,3.626894559041808630e-02,0.000000000000000000e+00
-0.000000000000000000e+00,-1.734097984409899429e-01,-2.233020978912432786e-01,-0.000000000000000000e+00,1.871642233194219962e+00,0.000000000000000000e+00,0.000000000000000000e+00,4.573854680159059605e-01,-1.007090489406418758e-02,-0.000000000000000000e+00,-0.000000000000000000e+00,-0.000000000000000000e+00,-0.000000000000000000e+00,-0.000000000000000000e+00,-0.000000000000000000e+00,-0.000000000000000000e+00,0.000000000000000000e+00,-0.000000000000000000e+00,-1.659554045648856807e-02,-0.000000000000000000e+00,-0.000000000000000000e+00,-0.000000000000000000e+00,-2.206281250287535356e-01,-0.000000000000000000e+00,-0.000000000000000000e+00,0.000000000000000000e+00,-0.000000000000000000e+00,-0.000000000000000000e+00,0.000000000000000000e+00,-0.000000000000000000e+00,-0.000000000000000000e+00,-0.000000000000000000e+00,-0.000000000000000000e+00,-5.948629070971386268e-01,0.000000000000000000e+00,-0.000000000000000000e+00,-0.000000000000000000e+00,-0.000000000000000000e+00,-0.000000000000000000e+00
-0.000000000000000000e+00,-0.000000000000000000e+00,-0.000000000000000000e+00,4.771260535203231123e-02,0.000000000000000000e+00,1.826639203716964088e+00,-8.846527737143784764e-02,0.000000000000000000e+00,-0.000000000000000000e+00,0.000000000000000000e+00,-2.895951818218600038e-01,3.048238421628600703e-01,0.000000000000000000e+00,-0.000000000000000000e+00,0.000000000000000000e+00,0.000000000000000000e+00,-4.402003512740783608e-01,0.000000000000000000e+00,0.000000000000000000e+00,1.370289864234832018e-02,0.000000000000000000e+00,6.373520168925997376e-02,0.000000000000000000e+00,-1.458210420967901988e-01,-0.000000000000000000e+00,-4.703045008056505605e-02,0.000000000000000000e+00,-0.000000000000000000e+00,-0.000000000000000000e+00,-0.000000000000000000e+00,0.000000000000000000e+00,0.000000000000000000e+00,-0.000000000000000000e+00,4.698677325880541017e-02,-4.439672028084481470e-01,-0.000000000000000000e+00,0.000000000000000000e+00,-0.000000000000000000e+00,0.000000000000000000e+00
-0.000000000000000000e+00,0.000000000000000000e+00,-0.000000000000000000e+00,-3.117635941471871841e-01,0.000000000000000000e+00,-8.846527737143784764e-02,1.174325764219494417e+00,0.000000000000000000e+00,-0.000000000000000000e+00,0.000000000000000000e+00,-0.000000000000000000e+00,4.589162958529070802e-02,0.000000000000000000e+00,2.277132863543909758e-02,0.000000000000000000e+00,0.000000000000000000e+00,-1.610684506184038300e-01,-0.000000000000000000e+00,-4.030577119877087888e-02,-0.000000000000000000e+00,0.000000000000000000e+00,0.000000000000000000e+00,0.000000000000000000e+00,-0.000000000000000000e+00,0.000000000000000000e+00,-0.000000000000000000e+00,0.000000000000000000e+00,-1.064357214701065618e-01,-8.080650665979982605e-02,-0.000000000000000000e+00,-0.000000000000000000e+00,0.000000000000000000e+00,-0.000000000000000000e+00,0.000000000000000000e+00,-0.000000000000000000e+00,0.000000000000000000e+00,0.000000000000000000e+00,0.000000000000000000e+00,0.000000000000000000e+00
0.000000000000000000e+00,0.000000000000000000e+00,9.043494299411354298e-01,0.000000000000000000e+00,4.573854680159059605e-01,0.000000000000000000e+00,0.000000000000000000e+00,2.327897555820064746e+00,2.181061013055915487e-01,5.323942888356590630e-02,0.000000000000000000e+00,-0.000000000000000000e+00,0.000000000000000000e+00,0.000000000000000000e+00,0.000000000000000000e+00,0.000000000000000000e+00,0.000000000000000000e+00,0.000000000000000000e+00,3.526287589224949004e-01,0.000000000000000000e+00,-0.000000000000000000e+00,-0.000000000000000000e+00,0.000000000000000000e+00,0.000000000000000000e+00,1.947934987593820944e-01,0.000000000000000000e+00,0.000000000000000000e+00,9.339510174160683964e-02,0.000000000000000000e+00,6.060580138266252054e-02,0.000000000000000000e+00,-0.000000000000000000e+00,0.000000000000000000e+00,1.417376309407900881e-01,0.000000000000000000e+00,2.090109880832040357e-02,-0.000000000000000000e+00,7.696927102187171854e-02,0.000000000000000000e+00
-0.000000000000000000e+00,-0.000000000000000000e+00,-1.107616721064762916e-01,0.000000000000000000e+00,-1.007090489406418758e-02,-0.000000000000000000e+00,-0.000000000000000000e+00,2.181061013055915487e-01,1.370907760853985247e+00,-0.000000000000000000e+00,-0.000000000000000000e+00,0.000000000000000000e+00,-0.000000000000000000e+00,-0.000000000000000000e+00,-0.000000000000000000e+00,-8.469600892116960211e-02,-0.000000000000000000e+00,0.000000000000000000e+00,0.000000000000000000e+00,0.000000000000000000e+00,4.313539350767849057e-02,0.000000000000000000e+00,-8.210241150793410811e-03,-0.000000000000000000e+00,-0.000000000000000000e+00,-0.000000000000000000e+00,-1.747862828577311650e-02,-1.828856439226992092e-01,0.000000000000000000e+00,-0.000000000000000000e+00,-0.000000000000000000e+00,0.000000000000000000e+00,0.000000000000000000e+00,-5.876406957078157689e-02,-0.000000000000000000e+00,0.000000000000000000e+00,0.000000000000000000e+00,-2.780468257413074573e-01,-3.054127063359851069e-01
-0.000000000000000000e+00,-1.719707043433887916e-01,-0.000000000000000000e+00,-0.000000000000000000e+00,-0.000000000000000000e+00,0.000000000000000000e+00,0.000000000000000000e+00,5.323942888356590630e-02,-0.000000000000000000e+00,2.044264973649999817e+00,0.000000000000000000e+00,-0.000000000000000000e+00,-0.000000000000000000e+00,-6.132591528823582577e-02,-0.000000000000000000e+00,-7.162893138590677999e-01,0.000000000000000000e+00,-0.000000000000000000e+00,-0.000000000000000000e+00,0.000000000000000000e+00,0.000000000000000000e+00,-0.000000000000000000e+00,-5.136344232303849955e-01,-0.000000000000000000e+00,-2.576310493840517912e-01,0.000000000000000000e+00,-0.000000000000000000e+00,-0.000000000000000000e+00,0.000000000000000000e+00,-1.609788258754724644e-01,-0.000000000000000000e+00,0.000000000000000000e+00,-0.000000000000000000e+00,-4.631431219266577554e-02,0.000000000000000000e+00,-2.284948765249226743e-01,-0.000000000000000000e+00,-0.000000000000000000e+00,-0.000000000000000000e+00
0.000000000000000000e+00,-9.544722652330404900e-02,-0.000000000000000000e+00,-0.000000000000000000e+00,-0.000000000000000000e+00,-2.895951818218600038e-01,-0.000000000000000000e+00,0.000000000000000000e+00,-0.000000000000000000e+00,0.000000000000000000e+00,1.583842238151743853e+00,-0.000000000000000000e+00,-0.000000000000000000e+00,-8.787920481377821391e-02,2.435084079686349878e-01,-0.000000000000000000e+00,-6.134442247269856763e-01,0.000000000000000000e+00,0.000000000000000000e+00,8.505884145899736404e-02,0.000000000000000000e+00,-0.000000000000000000e+00,-0.000000000000000000e+00,-0.000000000000000000e+00,0.000000000000000000e+00,-0.000000000000000000e+00,-1.209607149202496651e-01,-0.000000000000000000e+00,0.000000000000000000e+00,0.000000000000000000e+00,-3.146876407317716201e-02,-0.000000000000000000e+00,-1.524853765315654364e-01,0.000000000000000000e+00,-6.040655983058539763e-02,-0.000000000000000000e+00,-1.759002413677903665e-01,-0.000000000000000000e+00,-7.217271216572716808e-02
0.000000000000000000e+00,-0.000000000000000000e+00,0.000000000000000000e+00,-0.000000000000000000e+00,-0.000000000000000000e+00,3.048238421628600703e-01,4.589162958529070802e-02,-0.000000000000000000e+00,0.000000000000000000e+00,-0.000000000000000000e+00,-0.000000000000000000e+00,3.625797372228712678e+00,-4.627596052976450380e-01,-0.000000000000000000e+00,0.000000000000000000e+00,-1.370466864877732949e-01,0.000000000000000000e+00,-0.000000000000000000e+00,-0.000000000000000000e+00,0.000000000000000000e+00,-0.000000000000000000e+00,-4.933134125169583717e-01,-9.031662220349265247e-02,0.000000000000000000e+00,0.000000000000000000e+00,7.447267893203747269e-01,-3.306054901445870109e-01,2.157312640581779406e-01,1.658171236954696093e-02,0.000000000000000000e+00,-1.550299798945184437e-01,-6.591972552460967361e-01,-0.000000000000000000e+00,-3.204565247131879180e-01,1.974221627343073215e-01,-0.000000000000000000e+00,-2.058149109784789543e-01,0.000000000000000000e+00,-0.000000000000000000e+00
8.816820100006805827e-02,-0.000000000000000000e+00,-0.000000000000000000e+00,-5.777108290077238861e-02,-0.000000000000000000e+00,0.000000000000000000e+00,0.000000000000000000e+00,0.000000000000000000e+00,-0.000000000000000000e+00,-0.000000000000000000e+00,-0.000000000000000000e+00,-4.627596052976450380e-01,1.998934922887056986e+00,-0.000000000000000000e+00,3.840257672010832790e-02,-2.435350781196099768e-01,0.000000000000000000e+00,-0.000000000000000000e+00,-0.000000000000000000e+00,1.192892236045122317e-01,0.000000000000000000e+00,-0.000000000000000000e+00,-1.018933191605211896e-01,0.000000000000000000e+00,0.000000000000000000e+00,1.612844812827892993e-01,-1.327186582679571736e-01,6.789706711620649426e-02,2.765094404874637868e-01,0.000000000000000000e+00,-0.000000000000000000e+00,-2.535067139612759077e-02,-1.189298035600021286e-01,-0.000000000000000000e+00,0.000000000000000000e+00,-7.880470748643234741e-03,-1.332978074812233016e-01,0.000000000000000000e+00,-0.000000000000000000e+00
0.000000000000000000e+00,-2.087782866071548893e-01,-0.000000000000000000e+00,0.000000000000000000e+00,-0.000000000000000000e+00,-0.000000000000000000e+00,2.277132863543909758e-02,0.000000000000000000e+00,-0.000000000000000000e+00,-6.132591528823582577e-02,-8.787920481377821391e-02,-0.000000000000000000e+00,-0.000000000000000000e+00,1.677119139881403820e+00,0.000000000000000000e+00,-0.000000000000000000e+00,-0.000000000000000000e+00,-0.000000000000000000e+00,-0.000000000000000000e+00,2.614604603464480426e-01,-0.000000000000000000e+00,-0.000000000000000000e+00,-1.199886793553064518e-01,-4.165512795844254490e-01,-1.972610614131170559e-02,0.000000000000000000e+00,-0.000000000000000000e+00,-0.000000000000000000e+00,0.000000000000000000e+00,-0.000000000000000000e+00,-0.000000000000000000e+00,-0.000000000000000000e+00,-5.241404300140823924e-01,-0.000000000000000000e+00,-4.872840843902240954e-02,-0.000000000000000000e+00,-3.496935372134955811e-02,0.000000000000000000e+00,-0.000000000000000000e+00
-2.549039245032114209e-01,-0.000000000000000000e+00,-0.000000000000000000e+00,1.163967368476235414e-02,-0.000000000000000000e+00,0.000000000000000000e+00,0.000000000000000000e+00,0.000000000000000000e+00,-0.000000000000000000e+00,-0.000000000000000000e+00,2.435084079686349878e-01,0.000000000000000000e+00,3.840257672010832790e-02,0.000000000000000000e+00,1.565668755107305632e+00,0.000000000000000000e+00,0.000000000000000000e+00,-0.000000000000000000e+00,-0.000000000000000000e+00,-2.237717266929579729e-01,-1.345248736424302372e-01,0.000000000000000000e+00,0.000000000000000000e+00,0.000000000000000000e+00,-1.500336010108912765e-01,-0.000000000000000000e+00,0.000000000000000000e+00,-2.870936005925477704e-03,-1.379973444703687935e-01,-2.329950901989843171e-01,2.895508974581840200e-01,0.000000000000000000e+00,0.000000000000000000e+00,-1.315713119353796035e-01,0.000000000000000000e+00,-0.000000000000000000e+00,7.783269054928214532e-03,-9.068530312966430196e-02,-0.000000000000000000e+00
0.000000000000000000e+00,-1.737870184292790166e-01,-0.000000000000000000e+00,-8.598188383608847130e-02,-0.000000000000000000e+00,0.000000000000000000e+00,0.000000000000000000e+00,0.000000000000000000e+00,-8.469600892116960211e-02,-7.162893138590677999e-01,-0.000000000000000000e+00,-1.370466864877732949e-01,-2.435350781196099768e-01,-0.000000000000000000e+00,0.000000000000000000e+00,2.493224958789920009e+00,0.000000000000000000e+00,-0.000000000000000000e+00,-0.000000000000000000e+00,0.000000000000000000e+00,5.779326122927910814e-02,-0.000000000000000000e+00,-6.345639924894554973e-01,0.000000000000000000e+00,-0.000000000000000000e+00,0.000000000000000000e+00,-4.750447250470051647e-02,0.000000000000000000e+00,4.591758450938819847e-01,-0.000000000000000000e+00,-1.044791932384394745e-01,-0.000000000000000000e+00,-0.000000000000000000e+00,-7.995174949824142285e-02,5.185589029288207273e-03,-0.000000000000000000e+00,-0.000000000000000000e+00,-0.000000000000000000e+00,-3.247665059920805397e-02
-0.000000000000000000e+00,-0.000000000000000000e+00,-0.000000000000000000e+00,0.000000000000000000e+00,0.000000000000000000e+00,-4.402003512740783608e-01,-1.610684506184038300e-01,0.000000000000000000e+00,-0.000000000000000000e+00,0.000000000000000000e+00,-6.134442247269856763e-01,0.000000000000000000e+00,0.000000000000000000e+00,-0.000000000000000000e+00,0.000000000000000000e+00,0.000000000000000000e+00,2.201315739914496028e+00,0.000000000000000000e+00,0.000000000000000000e+00,0.000000000000000000e+00,0.000000000000000000e+00,2.057456368349606657e-01,0.000000000000000000e+00,-0.000000000000000000e+00,0.000000000000000000e+00,-3.467792107321680528e-01,0.000000000000000000e+00,-3.184888104833359657e-02,-2.247622908968784083e-01,-0.000000000000000000e+00,0.000000000000000000e+00,0.000000000000000000e+00,-0.000000000000000000e+00,1.303280657895098393e-01,-4.739074919969019639e-01,0.000000000000000000e+00,-0.000000000000000000e+00,-0.000000000000000000e+00,0.000000000000000000e+00
0.000000000000000000e+00,-0.000000000000000000e+00,-0.000000000000000000e+00,-4.859838029307659291e-01,-0.000000000000000000e+00,0.000000000000000000e+00,-0.000000000000000000e+00,0.000000000000000000e+00,0.000000000000000000e+00,-0.000000000000000000e+00,0.000000000000000000e+00,-0.000000000000000000e+00,-0.000000000000000000e+00,-0.000000000000000000e+00,-0.000000000000000000e+00,-0.000000000000000000e+00,0.000000000000000000e+00,1.569910038502887684e+00,-5.486273254357698637e-01,-0.000000000000000000e+00,-1.448507667135388588e-01,-0.000000000000000000e+00,-0.000000000000000000e+00,-0.000000000000000000e+00,-0.000000000000000000e+00,0.000000000000000000e+00,-0.000000000000000000e+00,0.000000000000000000e+00,-0.000000000000000000e+00,-0.000000000000000000e+00,-0.000000000000000000e+00,-0.000000000000000000e+00,-0.000000000000000000e+00,-0.000000000000000000e+00,-0.000000000000000000e+00,-3.797820389842385125e-02,-0.000000000000000000e+00,1.910021138807767582e-01,0.000000000000000000e+00
0.000000000000000000e+00,-0.000000000000000000e+00,-2.697763608837944749e-01,-3.601035681923071552e-01,-1.659554045648856807e-02,0.000000000000000000e+00,-4.030577119877087888e-02,3.526287589224949004e-01,0.000000000000000000e+00,-0.000000000000000000e+00,0.000000000000000000e+00,-0.000000000000000000e+00,-0.000000000000000000e+00,-0.000000000000000000e+00,-0.000000000000000000e+00,-0.000000000000000000e+00,0.000000000000000000e+00,-5.486273254357698637e-01,1.853920220638954230e+00,-5.852827250010330697e-03,-0.000000000000000000e+00,-0.000000000000000000e+00,-0.000000000000000000e+00,-0.000000000000000000e+00,-2.821237123308689351e-02,0.000000000000000000e+00,0.000000000000000000e+00,-0.000000000000000000e+00,-0.000000000000000000e+00,-0.000000000000000000e+00,-0.000000000000000000e+00,-0.000000000000000000e+00,-9.029250233877580967e-02,-2.014848497350062440e-01,-0.000000000000000000e+00,-0.000000000000000000e+00,-0.000000000000000000e+00,0.000000000000000000e+00,0.000000000000000000e+00
-6.866968902933388852e-02,0.000000000000000000e+00,-0.000000000000000000e+00,-0.000000000000000000e+00,-0.000000000000000000e+00,1.370289864234832018e-02,-0.000000000000000000e+00,0.000000000000000000e+00,0.000000000000000000e+00,0.000000000000000000e+00,8.505884145899736404e-02,0.000000000000000000e+00,1.192892236045122317e-01,2.614604603464480426e-01,-2.237717266929579729e-01,0.000000000000000000e+00,0.000000000000000000e+00,-0.000000000000000000e+00,-5.852827250010330697e-03,1.395213608755718759e+00,-2.482513240730492288e-01,-0.000000000000000000e+00,0.000000000000000000e+00,0.000000000000000000e+00,0.000000000000000000e+00,-0.000000000000000000e+00,0.000000000000000000e+00,-1.540629493067038891e-01,-1.457171677706893542e-01,-2.266401715449840176e-02,0.000000000000000000e+00,0.000000000000000000e+00,0.000000000000000000e+00,-0.000000000000000000e+00,-0.000000000000000000e+00,0.000000000000000000e+00,0.000000000000000000e+00,-0.000000000000000000e+00,0.000000000000000000e+00
-0.000000000000000000e+00,-0.000000000000000000e+00,-0.000000000000000000e+00,0.000000000000000000e+00,-0.000000000000000000e+00,0.000000000000000000e+00,0.000000000000000000e+00,-0.000000000000000000e+00,4.313539350767849057e-02,0.000000000000000000e+00,0.000000000000000000e+00,-0.000000000000000000e+00,0.000000000000000000e+00,-0.000000000000000000e+00,-1.345248736424302372e-01,5.779326122927910814e-02,0.000000000000000000e+00,-1.448507667135388588e-01,-0.000000000000000000e+00,-2.482513240730492288e-01,1.158277548961567094e+00,-9.623211812691737088e-02,0.000000000000000000e+00,-0.000000000000000000e+00,0.000000000000000000e+00,0.000000000000000000e+00,0.000000000000000000e+00,-0.000000000000000000e+00,-1.873903308579553117e-01,-0.000000000000000000e+00,0.000000000000000000e+00,-1.171664386111069683e-01,-0.000000000000000000e+00,-0.000000000000000000e+00,-0.000000000000000000e+00,-0.000000000000000000e+00,-0.000000000000000000e+00,0.000000000000000000e+00,0.000000000000000000e+00
0.000000000000000000e+00,-0.000000000000000000e+00,0.000000000000000000e+00,-0.000000000000000000e+00,-0.000000000000000000e+00,6.373520168925997376e-02,0.000000000000000000e+00,-0.000000000000000000e+00,0.000000000000000000e+00,-0.000000000000000000e+00,-0.000000000000000000e+00,-4.933134125169583717e-01,-0.000000000000000000e+00,-0.000000000000000000e+00,0.000000000000000000e+00,-0.000000000000000000e+00,2.057456368349606657e-01,-0.000000000000000000e+00,-0.000000000000000000e+00,-0.000000000000000000e+00,-9.623211812691737088e-02,2.594844141676055038e+00,-0.000000000000000000e+00,-0.000000000000000000e+00,0.000000000000000000e+00,3.249301998152102633e-01,-1.880613522062501708e-01,0.000000000000000000e+00,0.000000000000000000e+00,0.000000000000000000e+00,-2.941331663696811760e-01,-6.009918274107417524e-01,-0.000000000000000000e+00,-0.000000000000000000e+00,0.000000000000000000e+00,-0.000000000000000000e+00,-3.856906893262346259e-01,0.000000000000000000e+00,-0.000000000000000000e+00
0.000000000000000000e+00,-0.000000000000000000e+00,-0.000000000000000000e+00,-4.264122694750946407e-02,-2.206281250287535356e-01,0.000000000000000000e+00,0.000000000000000000e+00,0.000000000000000000e+00,-8.210241150793410811e-03,-5.136344232303849955e-01,-0.000000000000000000e+00,-9.031662220349265247e-02,-1.018933191605211896e-01,-1.199886793553064518e-01,0.000000000000000000e+00,-6.345639924894554973e-01,0.000000000000000000e+00,-0.000000000000000000e+00,-0.000000000000000000e+00,0.000000000000000000e+00,0.000000000000000000e+00,-0.000000000000000000e+00,2.116166768996593728e+00,-0.000000000000000000e+00,-3.875078176098801369e-02,4.783830895074044770e-02,-0.000000000000000000e+00,0.000000000000000000e+00,2.530601964615669837e-03,-0.000000000000000000e+00,-0.000000000000000000e+00,-0.000000000000000000e+00,-0.000000000000000000e+00,-2.252064954207635139e-01,0.000000000000000000e+00,-0.000000000000000000e+00,-0.000000000000000000e+00,-0.000000000000000000e+00,-1.327816088355118218e-01
0.000000000000000000e+00,-0.000000000000000000e+00,-0.000000000000000000e+00,0.000000000000000000e+00,-0.000000000000000000e+00,-1.458210420967901988e-01,-0.000000000000000000e+00,0.000000000000000000e+00,-0.000000000000000000e+00,-0.000000000000000000e+00,-0.000000000000000000e+00,0.000000000000000000e+00,0.000000000000000000e+00,-4.165512795844254490e-01,0.000000000000000000e+00,0.000000000000000000e+00,-0.000000000000000000e+00,-0.000000000000000000e+00,-0.000000000000000000e+00,0.000000000000000000e+00,-0.000000000000000000e+00,-0.000000000000000000e+00,-0.000000000000000000e+00,1.270526251127420903e+00,-2.759985633571398339e-02,-0.000000000000000000e+00,0.000000000000000000e+00,-0.000000000000000000e+00,-0.000000000000000000e+00,0.000000000000000000e+00,-0.000000000000000000e+00,0.000000000000000000e+00,-1.245737401044458015e-01,0.000000000000000000e+00,-2.080792853926726749e-01,-0.000000000000000000e+00,-0.000000000000000000e+00,0.000000000000000000e+00,0.000000000000000000e+00
-0.000000000000000000e+00,0.000000000000000000e+00,-3.367699962314217865e-01,0.000000000000000000e+00,-0.000000000000000000e+00,-0.000000000000000000e+00,0.000000000000000000e+00,1.947934987593820944e-01,-0.000000000000000000e+00,-2.576310493840517912e-01,0.000000000000000000e+00,0.000000000000000000e+00,0.000000000000000000e+00,-1.972610614131170559e-02,-1.500336010108912765e-01,-0.000000000000000000e+00,0.000000000000000000e+00,-0.000000000000000000e+00,-2.821237123308689351e-02,0.000000000000000000e+00,0.000000000000000000e+00,0.000000000000000000e+00,-3.875078176098801369e-02,-2.759985633571398339e-02,1.363687398184241673e+00,-0.000000000000000000e+00,1.501227754573244456e-02,-0.000000000000000000e+00,-0.000000000000000000e+00,-0.000000000000000000e+00,1.583173275710824113e-01,9.945946535563487956e-02,-0.000000000000000000e+00,-0.000000000000000000e+00,-0.000000000000000000e+00,-0.000000000000000000e+00,0.000000000000000000e+00,-0.000000000000000000e+00,0.000000000000000000e+00
-1.123879677279585737e-01,0.000000000000000000e+00,-0.000000000000000000e+00,1.050769603309062855e-01,0.000000000000000000e+00,-4.703045008056505605e-02,-0.000000000000000000e+00,0.000000000000000000e+00,-0.000000000000000000e+00,0.000000000000000000e+00,-0.000000000000000000e+00,7.447267893203747269e-01,1.612844812827892993e-01,0.000000000000000000e+00,-0.000000000000000000e+00,0.000000000000000000e+00,-3.467792107321680528e-01,0.000000000000000000e+00,0.000000000000000000e+00,-0.000000000000000000e+00,0.000000000000000000e+00,3.249301998152102633e-01,4.783830895074044770e-02,-0.000000000000000000e+00,-0.000000000000000000e+00,2.812984941217388180e+00,0.000000000000000000e+00,-5.323150423349414240e-01,-3.761413467124430920e-01,-0.000000000000000000e+00,0.000000000000000000e+00,1.635960344810404865e-01,0.000000000000000000e+00,0.000000000000000000e+00,-7.885248657349271453e-03,4.369449997895506060e-02,1.701270987739637863e-03,-2.819051189758617348e-01,0.000000000000000000e+00
0.000000000000000000e+00,-0.000000000000000000e+00,-0.000000000000000000e+00,-0.000000000000000000e+00,-0.000000000000000000e+00,0.000000000000000000e+00,0.000000000000000000e+00,0.000000000000000000e+00,-1.747862828577311650e-02,-0.000000000000000000e+00,-1.209607149202496651e-01,-3.306054901445870109e-01,-1.327186582679571736e-01,-0.000000000000000000e+00,0.000000000000000000e+00,-4.750447250470051647e-02,0.000000000000000000e+00,-0.000000000000000000e+00,0.000000000000000000e+00,0.000000000000000000e+00,0.000000000000000000e+00,-1.880613522062501708e-01,-0.000000000000000000e+00,0.000000000000000000e+00,1.501227754573244456e-02,0.000000000000000000e+00,2.781910685831138874e+00,0.000000000000000000e+00,0.000000000000000000e+00,0.000000000000000000e+00,-8.252051382823155645e-01,-3.975827343155796112e-01,-0.000000000000000000e+00,-0.000000000000000000e+00,0.000000000000000000e+00,-0.000000000000000000e+00,-3.050132266982958917e-01,-0.000000000000000000e+00,-5.823233357588786241e-01
-2.230395536131808687e-01,-0.000000000000000000e+00,-4.349790203453255955e-01,0.000000000000000000e+00,-0.000000000000000000e+00,-0.000000000000000000e+00,-1.064357214701065618e-01,9.339510174160683964e-02,-1.828856439226992092e-01,-0.000000000000000000e+00,-0.000000000000000000e+00,2.157312640581779406e-01,6.789706711620649426e-02,-0.000000000000000000e+00,-2.870936005925477704e-03,0.000000000000000000e+00,-3.184888104833359657e-02,0.000000000000000000e+00,-0.000000000000000000e+00,-1.540629493067038891e-01,-0.000000000000000000e+00,0.000000000000000000e+00,0.000000000000000000e+00,-0.000000000000000000e+00,-0.000000000000000000e+00,-5.323150423349414240e-01,0.000000000000000000e+00,2.201506603103628112e+00,-3.479406480708983063e-01,-2.768763762916849336e-01,0.000000000000000000e+00,0.000000000000000000e+00,0.000000000000000000e+00,-0.000000000000000000e+00,-1.772332600889498511e-01,0.000000000000000000e+00,0.000000000000000000e+00,-1.087528943533700755e-02,0.000000000000000000e+00
-1.503512611474931426e-01,0.000000000000000000e+00,-0.000000000000000000e+00,0.000000000000000000e+00,0.000000000000000000e+00,-0.000000000000000000e+00,-8.080650665979982605e-02,0.000000000000000000e+00,0.000000000000000000e+00,0.000000000000000000e+00,0.000000000000000000e+00,1.658171236954696093e-02,2.765094404874637868e-01,0.000000000000000000e+00,-1.379973444703687935e-01,4.591758450938819847e-01,-2.247622908968784083e-01,-0.000000000000000000e+00,-0.000000000000000000e+00,-1.457171677706893542e-01,-1.873903308579553117e-01,0.000000000000000000e+00,2.530601964615669837e-03,-0.000000000000000000e+00,-0.000000000000000000e+00,-3.761413467124430920e-01,0.000000000000000000e+00,-3.479406480708983063e-01,2.114872690946418388e+00,-0.000000000000000000e+00,0.000000000000000000e+00,0.000000000000000000e+00,-0.000000000000000000e+00,0.000000000000000000e+00,-7.826734945531572951e-02,0.000000000000000000e+00,0.000000000000000000e+00,-0.000000000000000000e+00,0.000000000000000000e+00
-4.649133505828050850e-01,-0.000000000000000000e+00,-0.000000000000000000e+00,0.000000000000000000e+00,-0.000000000000000000e+00,-0.000000000000000000e+00,-0.000000000000000000e+00,6.060580138266252054e-02,-0.000000000000000000e+00,-1.609788258754724644e-01,0.000000000000000000e+00,0.000000000000000000e+00,0.000000000000000000e+00,-0.000000000000000000e+00,-2.329950901989843171e-01,-0.000000000000000000e+00,-0.000000000000000000e+00,-0.000000000000000000e+00,-0.000000000000000000e+00,-2.266401715449840176e-02,-0.000000000000000000e+00,0.000000000000000000e+00,-0.000000000000000000e+00,0.000000000000000000e+00,-0.000000000000000000e+00,-0.000000000000000000e+00,0.000000000000000000e+00,-2.768763762916849336e-01,-0.000000000000000000e+00,1.493724611738235897e+00,0.000000000000000000e+00,1.225140021648154880e-02,0.000000000000000000e+00,-0.000000000000000000e+00,-1.185526426567109076e-01,-0.000000000000000000e+00,0.000000000000000000e+00,-0.000000000000000000e+00,-0.000000000000000000e+00
0.000000000000000000e+00,-4.356173236956221301e-02,-0.000000000000000000e+00,-1.602026795221550282e-01,-0.000000000000000000e+00,0.000000000000000000e+00,-0.000000000000000000e+00,0.000000000000000000e+00,-0.000000000000000000e+00,-0.000000000000000000e+00,-3.146876407317716201e-02,-1.550299798945184437e-01,-0.000000000000000000e+00,-0.000000000000000000e+00,2.895508974581840200e-01,-1.044791932384394745e-01,0.000000000000000000e+00,-0.000000000000000000e+00,-0.000000000000000000e+00,0.000000000000000000e+00,0.000000000000000000e+00,-2.941331663696811760e-01,-0.000000000000000000e+00,-0.000000000000000000e+00,1.583173275710824113e-01,0.000000000000000000e+00,-8.252051382823155645e-01,0.000000000000000000e+00,0.000000000000000000e+00,0.000000000000000000e+00,2.472990601632622187e+00,-2.033792069164863658e-01,-0.000000000000000000e+00,-0.000000000000000000e+00,0.000000000000000000e+00,-0.000000000000000000e+00,-4.290225644627815860e-01,0.000000000000000000e+00,-0.000000000000000000e+00
0.000000000000000000e+00,-7.073522449541125301e-02,0.000000000000000000e+00,-0.000000000000000000e+00,-0.000000000000000000e+00,0.000000000000000000e+00,0.000000000000000000e+00,-0.000000000000000000e+00,0.000000000000000000e+00,0.000000000000000000e+00,-0.000000000000000000e+00,-6.591972552460967361e-01,-2.535067139612759077e-02,-0.000000000000000000e+00,0.000000000000000000e+00,-0.000000000000000000e+00,0.000000000000000000e+00,-0.000000000000000000e+00,-0.000000000000000000e+00,0.000000000000000000e+00,-1.171664386111069683e-01,-6.009918274107417524e-01,-0.000000000000000000e+00,0.000000000000000000e+00,9.945946535563487956e-02,1.635960344810404865e-01,-3.975827343155796112e-01,0.000000000000000000e+00,0.000000000000000000e+00,1.225140021648154880e-02,-2.033792069164863658e-01,2.925454646404548331e+00,-9.242180191233531628e-02,-0.000000000000000000e+00,0.000000000000000000e+00,-0.000000000000000000e+00,-6.179827873423167084e-01,0.000000000000000000e+00,-9.888462944660419973e-02
0.000000000000000000e+00,-1.308448808206448544e-01,-8.240179526774261964e-02,-0.000000000000000000e+00,-0.000000000000000000e+00,-0.000000000000000000e+00,-0.000000000000000000e+00,0.000000000000000000e+00,0.000000000000000000e+00,-0.000000000000000000e+00,-1.524853765315654364e-01,-0.000000000000000000e+00,-1.189298035600021286e-01,-5.241404300140823924e-01,0.000000000000000000e+00,-0.000000000000000000e+00,-0.000000000000000000e+00,-0.000000000000000000e+00,-9.029250233877580967e-02,0.000000000000000000e+00,-0.000000000000000000e+00,-0.000000000000000000e+00,-0.000000000000000000e+00,-1.245737401044458015e-01,-0.000000000000000000e+00,0.000000000000000000e+00,-0.000000000000000000e+00,0.000000000000000000e+00,-0.000000000000000000e+00,0.000000000000000000e+00,-0.000000000000000000e+00,-9.242180191233531628e-02,2.012807997111087932e+00,-8.608332444922524307e-02,-0.000000000000000000e+00,-2.195818026045189691e-02,-7.519639582047127346e-01,0.000000000000000000e+00,-0.000000000000000000e+00
0.000000000000000000e+00,-0.000000000000000000e+00,-3.052881952098523977e-01,-0.000000000000000000e+00,-5.948629070971386268e-01,4.698677325880541017e-02,0.000000000000000000e+00,1.417376309407900881e-01,-5.876406957078157689e-02,-4.631431219266577554e-02,0.000000000000000000e+00,-3.204565247131879180e-01,-0.000000000000000000e+00,-0.000000000000000000e+00,-1.315713119353796035e-01,-7.995174949824142285e-02,1.303280657895098393e-01,-0.000000000000000000e+00,-2.014848497350062440e-01,-0.000000000000000000e+00,-0.000000000000000000e+00,-0.000000000000000000e+00,-2.252064954207635139e-01,0.000000000000000000e+00,-0.000000000000000000e+00,0.000000000000000000e+00,-0.000000000000000000e+00,-0.000000000000000000e+00,0.000000000000000000e+00,-0.000000000000000000e+00,-0.000000000000000000e+00,-0.000000000000000000e+00,-8.608332444922524307e-02,2.079207334515436933e+00,0.000000000000000000e+00,-8.325969152385112593e-02,-0.000000000000000000e+00,-0.000000000000000000e+00,-9.609484365242669524e-02
-0.000000000000000000e+00,0.000000000000000000e+00,-0.000000000000000000e+00,0.000000000000000000e+00,0.000000000000000000e+00,-4.439672028084481470e-01,-0.000000000000000000e+00,0.000000000000000000e+00,-0.000000000000000000e+00,0.000000000000000000e+00,-6.040655983058539763e-02,1.974221627343073215e-01,0.000000000000000000e+00,-4.872840843902240954e-02,0.000000000000000000e+00,5.185589029288207273e-03,-4.739074919969019639e-01,-0.000000000000000000e+00,-0.000000000000000000e+00,-0.000000000000000000e+00,-0.000000000000000000e+00,0.000000000000000000e+00,0.000000000000000000e+00,-2.080792853926726749e-01,-0.000000000000000000e+00,-7.885248657349271453e-03,0.000000000000000000e+00,-1.772332600889498511e-01,-7.826734945531572951e-02,-1.185526426567109076e-01,0.000000000000000000e+00,0.000000000000000000e+00,-0.000000000000000000e+00,0.000000000000000000e+00,1.786165881052153681e+00,0.000000000000000000e+00,-0.000000000000000000e+00,-0.000000000000000000e+00,0.000000000000000000e+00
-0.000000000000000000e+00,-3.765835942062751296e-01,-0.000000000000000000e+00,-0.000000000000000000e+00,-0.000000000000000000e+00,-0.000000000000000000e+00,0.000000000000000000e+00,2.090109880832040357e-02,0.000000000000000000e+00,-2.284948765249226743e-01,-0.000000000000000000e+00,-0.000000000000000000e+00,-7.880470748643234741e-03,-0.000000000000000000e+00,-0.000000000000000000e+00,-0.000000000000000000e+00,0.000000000000000000e+00,-3.797820389842385125e-02,-0.000000000000000000e+00,0.000000000000000000e+00,-0.000000000000000000e+00,-0.000000000000000000e+00,-0.000000000000000000e+00,-0.000000000000000000e+00,-0.000000000000000000e+00,4.369449997895506060e-02,-0.000000000000000000e+00,0.000000000000000000e+00,0.000000000000000000e+00,-0.000000000000000000e+00,-0.000000000000000000e+00,-0.000000000000000000e+00,-2.195818026045189691e-02,-8.325969152385112593e-02,0.000000000000000000e+00,1.344520700937719138e+00,-0.000000000000000000e+00,0.000000000000000000e+00,-1.329271382909199550e-01
0.000000000000000000e+00,-4.950680881273675921e-02,0.000000000000000000e+00,-0.000000000000000000e+00,-0.000000000000000000e+00,0.000000000000000000e+00,0.000000000000000000e+00,-0.000000000000000000e+00,0.000000000000000000e+00,-0.000000000000000000e+00,-1.759002413677903665e-01,-2.058149109784789543e-01,-1.332978074812233016e-01,-3.496935372134955811e-02,7.783269054928214532e-03,-0.000000000000000000e+00,-0.000000000000000000e+00,-0.000000000000000000e+00,-0.000000000000000000e+00,0.000000000000000000e+00,-0.000000000000000000e+00,-3.856906893262346259e-01,-0.000000000000000000e+00,-0.000000000000000000e+00,0.000000000000000000e+00,1.701270987739637863e-03,-3.050132266982958917e-01,0.000000000000000000e+00,0.000000000000000000e+00,0.000000000000000000e+00,-4.290225644627815860e-01,-6.179827873423167084e-01,-7.519639582047127346e-01,-0.000000000000000000e+00,-0.000000000000000000e+00,-0.000000000000000000e+00,2.864598554981311107e+00,0.000000000000000000e+00,-0.000000000000000000e+00
-2.261976176293862828e-01,-0.000000000000000000e+00,-0.000000000000000000e+00,3.626894559041808630e-02,-0.000000000000000000e+00,-0.000000000000000000e+00,0.000000000000000000e+00,7.696927102187171854e-02,-2.780468257413074573e-01,-0.000000000000000000e+00,-0.000000000000000000e+00,0.000000000000000000e+00,0.000000000000000000e+00,0.000000000000000000e+00,-9.068530312966430196e-02,-0.000000000000000000e+00,-0.000000000000000000e+00,1.910021138807767582e-01,0.000000000000000000e+00,-0.000000000000000000e+00,0.000000000000000000e+00,0.000000000000000000e+00,-0.000000000000000000e+00,0.000000000000000000e+00,-0.000000000000000000e+00,-2.819051189758617348e-01,-0.000000000000000000e+00,-1.087528943533700755e-02,-0.000000000000000000e+00,-0.000000000000000000e+00,0.000000000000000000e+00,0.000000000000000000e+00,0.000000000000000000e+00,-0.000000000000000000e+00,-0.000000000000000000e+00,0.000000000000000000e+00,0.000000000000000000e+00,1.316595575656005046e+00,-3.362327074968135543e-02
-0.000000000000000000e+00,-2.940674638357939630e-01,-0.000000000000000000e+00,0.000000000000000000e+00,-0.000000000000000000e+00,0.000000000000000000e+00,0.000000000000000000e+00,0.000000000000000000e+00,-3.054127063359851069e-01,-0.000000000000000000e+00,-7.217271216572716808e-02,-0.000000000000000000e+00,-0.000000000000000000e+00,-0.000000000000000000e+00,-0.000000000000000000e+00,-3.247665059920805397e-02,0.000000000000000000e+00,0.000000000000000000e+00,0.000000000000000000e+00,0.000000000000000000e+00,0.000000000000000000e+00,-0.000000000000000000e+00,-1.327816088355118218e-01,0.000000000000000000e+00,0.000000000000000000e+00,0.000000000000000000e+00,-5.823233357588786241e-01,0.000000000000000000e+00,0.000000000000000000e+00,-0.000000000000000000e+00,-0.000000000000000000e+00,-9.888462944660419973e-02,-0.000000000000000000e+00,-9.609484365242669524e-02,0.000000000000000000e+00,-1.329271382909199550e-01,-0.000000000000000000e+00,-3.362327074968135543e-02,1.739282071442261879e+00
