2.066758648714445368e+00,-6.955085690580208313e-01,-0.000000000000000000e+00,-0.000000000000000000e+00,-0.000000000000000000e+00,-0.000000000000000000e+00,-0.000000000000000000e+00,5.130425370109654819e-03,-0.000000000000000000e+00,-1.435508880823108679e-01,-0.000000000000000000e+00,0.000000000000000000e+00,4.497740346273476977e-03,-8.567006109568087169e-02,-0.000000000000000000e+00,-3.301360275773624897e-01,-0.000000000000000000e+00,-0.000000000000000000e+00,-0.000000000000000000e+00,-0.000000000000000000e+00,0.000000000000000000e+00,-0.000000000000000000e+00,-7.567986880044948184e-02,-0.000000000000000000e+00,-1.111499285992024327e-01,-0.000000000000000000e+00,-1.677030091444307869e-02,-0.000000000000000000e+00,-2.781117801554069957e-01,-1.676627086916951670e-01,0.000000000000000000e+00,-0.000000000000000000e+00,-7.633505662113873602e-02,-0.000000000000000000e+00,-0.000000000000000000e+00,-0.000000000000000000e+00,-0.000000000000000000e+00,0.000000000000000000e+00,-0.000000000000000000e+00
-6.955085690580208313e-01,2.681849465415287792e+00,-0.000000000000000000e+00,-0.000000000000000000e+00,-0.000000000000000000e+00,-1.454082141667737693e-01,0.000000000000000000e+00,6.181972998025378474e-02,-0.000000000000000000e+00,-2.449276495451656044e-01,-2.197066715995286135e-01,0.000000000000000000e+00,0.000000000000000000e+00,-2.009451347953370715e-01,-1.876964907418075812e-01,-0.000000000000000000e+00,-0.000000000000000000e+00,-0.000000000000000000e+00,-0.000000000000000000e+00,-0.000000000000000000e+00,0.000000000000000000e+00,-0.000000000000000000e+00,-7.195945165778017127e-02,-0.000000000000000000e+00,-4.700277372307916646e-01,-2.259834080012941560e-02,-4.126179913328781312e-02,0.000000000000000000e+00,-7.732991671123583266e-02,-0.000000000000000000e+00,0.000000000000000000e+00,-1.655409714258058440e-01,-0.000000000000000000e+00,-0.000000000000000000e+00,-1.534001437496660680e-01,-1.315578278602089028e-02,-1.871388212128886064e-01,-0.000000000000000000e+00,-0.000000000000000000e+00
-0.000000000000000000e+00,-0.000000000000000000e+00,1.485963720159914070e+00,0.000000000000000000e+00,-2.421946079594283208e-01,0.000000000000000000e+00,-2.547079938710367086e-01,4.194360787369638688e-02,-2.113866251344888314e-01,-0.000000000000000000e+00,0.000000000000000000e+00,-0.000000000000000000e+00,5.461794512724829631e-02,-0.000000000000000000e+00,0.000000000000000000e+00,-1.055956129982136421e-01,0.000000000000000000e+00,-0.000000000000000000e+00,-0.000000000000000000e+00,0.000000000000000000e+00,-2.711011862638264616e-02,-0.000000000000000000e+00,-0.000000000000000000e+00,-0.000000000000000000e+00,-0.000000000000000000e+00,-0.000000000000000000e+00,-0.000000000000000000e+00,-2.600172192463583998e-01,-3.369786459489649503e-03,-0.000000000000000000e+00,-2.539956873063140552e-01,-0.000000000000000000e+00,-4.427175292115407418e-02,-4.258541652520447807e-02,0.000000000000000000e+00,-0.000000000000000000e+00,0.000000000000000000e+00,-0.000000000000000000e+00,-7.967321014723292849e-02
-0.000000000000000000e+00,-0.000000000000000000e+00,0.000000000000000000e+00,1.155052858089421042e+00,-4.557550978423961785e-02,-0.000000000000000000e+00,-2.358221202470747735e-01,-0.000000000000000000e+00,0.000000000000000000e+00,-0.000000000000000000e+00,-0.000000000000000000e+00,0.000000000000000000e+00,-0.000000000000000000e+00,-0.000000000000000000e+00,0.000000000000000000e+00,-0.000000000000000000e+00,-0.000000000000000000e+00,-6.773017694736099825e-02,-2.119752906178976326e-01,-0.000000000000000000e+00,0.000000000000000000e+00,-0.000000000000000000e+00,-0.000000000000000000e+00,-0.000000000000000000e+00,-0.000000000000000000e+00,-0.000000000000000000e+00,0.000000000000000000e+00,-0.000000000000000000e+00,-0.000000000000000000e+00,0.000000000000000000e+00,0.000000000000000000e+00,-1.380156618833913197e-02,-0.000000000000000000e+00,-0.000000000000000000e+00,-0.000000000000000000e+00,0.000000000000000000e+00,-0.000000000000000000e+00,0.000000000000000000e+00,0.000000000000000000e+00
-0.000000000000000000e+00,-0.000000000000000000e+00,-2.421946079594283208e-01,-4.557550978423961785e-02,1.829920917487678933e+00,-0.000000000000000000e+00,-2.317049145535107768e-01,0.000000000000000000e+00,-0.000000000000000000e+00,-8.279009514036726747e-02,-0.000000000000000000e+00,-0.000000000000000000e+00,0.000000000000000000e+00,-1.351237168071695721e-02,0.000000000000000000e+00,-2.029790523963991289e-01,-0.000000000000000000e+00,-3.003744569681364163e-01,-3.551633405507940711e-01,-0.000000000000000000e+00,0.000000000000000000e+00,-0.000000000000000000e+00,-0.000000000000000000e+00,-0.000000000000000000e+00,-0.000000000000000000e+00,-0.000000000000000000e+00,-0.000000000000000000e+00,-0.000000000000000000e+00,-4.452188603072281675e-02,-0.000000000000000000e+00,0.000000000000000000e+00,-0.000000000000000000e+00,-0.000000000000000000e+00,-4.634547478963588762e-01,-0.000000000000000000e+00,0.000000000000000000e+00,-0.000000000000000000e+00,0.000000000000000000e+00,-0.000000000000000000e+00
-0.000000000000000000e+00,-1.454082141667737693e-01,0.000000000000000000e+00,-0.000000000000000000e+00,-0.000000000000000000e+00,2.826519442372519286e+00,-0.000000000000000000e+00,1.391094313729557275e-01,0.000000000000000000e+00,-0.000000000000000000e+00,-8.470918540494192239e-01,1.055075159563161474e-01,0.000000000000000000e+00,-0.000000000000000000e+00,-2.773814532121175389e-02,-0.000000000000000000e+00,-6.311124076705419972e-01,-0.000000000000000000e+00,-0.000000000000000000e+00,-0.000000000000000000e+00,3.540003011799690014e-01,-0.000000000000000000e+00,-1.977714028886500691e-02,-0.000000000000000000e+00,-0.000000000000000000e+00,-0.000000000000000000e+00,0.000000000000000000e+00,0.000000000000000000e+00,-0.000000000000000000e+00,0.000000000000000000e+00,3.875991322939340011e-02,-0.000000000000000000e+00,-0.000000000000000000e+00,-0.000000000000000000e+00,-1.873825601849046785e-01,-0.000000000000000000e+00,-4.311286024167758635e-01,0.000000000000000000e+00,0.000000000000000000e+00
-0.000000000000000000e+00,0.000000000000000000e+00,-2.547079938710367086e-01,-2.358221202470747735e-01,-2.317049145535107768e-01,-0.000000000000000000e+00,1.283431935351209807e+00,0.000000000000000000e+00,0.000000000000000000e+00,-0.000000000000000000e+00,-0.000000000000000000e+00,0.000000000000000000e+00,0.000000000000000000e+00,-0.000000000000000000e+00,5.253894678467689594e-02,-0.000000000000000000e+00,-0.000000000000000000e+00,-1.285048167988337153e-01,-1.052898809178786782e-01,-0.000000000000000000e+00,-0.000000000000000000e+00,-0.000000000000000000e+00,-0.000000000000000000e+00,-0.000000000000000000e+00,0.000000000000000000e+00,0.000000000000000000e+00,0.000000000000000000e+00,-0.000000000000000000e+00,-0.000000000000000000e+00,0.000000000000000000e+00,-0.000000000000000000e+00,-0.000000000000000000e+00,-0.000000000000000000e+00,-0.000000000000000000e+00,-0.000000000000000000e+00,6.341377313975268826e-02,-0.000000000000000000e+00,0.000000000000000000e+00,0.000000000000000000e+00
5.130425370109654819e-03,6.181972998025378474e-02,4.194360787369638688e-02,-0.000000000000000000e+00,0.000000000000000000e+00,1.391094313729557275e-01,0.000000000000000000e+00,1.451483079543293808e+00,0.000000000000000000e+00,0.000000000000000000e+00,0.000000000000000000e+00,-0.000000000000000000e+00,-0.000000000000000000e+00,0.000000000000000000e+00,2.997261934113611415e-01,1.069677943014272631e-01,0.000000000000000000e+00,3.924504340014348114e-02,2.830656764327004610e-02,0.000000000000000000e+00,-1.159163249965605193e-02,0.000000000000000000e+00,1.767817806562257676e-01,1.079767117934533199e-01,1.444549142510631046e-01,4.785010327631216559e-03,-0.000000000000000000e+00,-0.000000000000000000e+00,0.000000000000000000e+00,0.000000000000000000e+00,-0.000000000000000000e+00,0.000000000000000000e+00,0.000000000000000000e+00,0.000000000000000000e+00,0.000000000000000000e+00,2.805778917700120154e-02,7.646449749909293991e-03,0.000000000000000000e+00,0.000000000000000000e+00
-0.000000000000000000e+00,-0.000000000000000000e+00,-2.113866251344888314e-01,0.000000000000000000e+00,-0.000000000000000000e+00,0.000000000000000000e+00,0.000000000000000000e+00,0.000000000000000000e+00,2.081915878124506403e+00,-8.720170102156203640e-02,0.000000000000000000e+00,-3.748643158149353449e-01,0.000000000000000000e+00,-0.000000000000000000e+00,-0.000000000000000000e+00,-0.000000000000000000e+00,0.000000000000000000e+00,-0.000000000000000000e+00,-0.000000000000000000e+00,0.000000000000000000e+00,-0.000000000000000000e+00,-0.000000000000000000e+00,-0.000000000000000000e+00,-0.000000000000000000e+00,-0.000000000000000000e+00,-0.000000000000000000e+00,-1.448749288089877518e-01,-0.000000000000000000e+00,-0.000000000000000000e+00,-6.085974207732119251e-02,-0.000000000000000000e+00,-0.000000000000000000e+00,-0.000000000000000000e+00,-7.537872582216910144e-01,0.000000000000000000e+00,-0.000000000000000000e+00,0.000000000000000000e+00,-0.000000000000000000e+00,-5.598240687671774962e-01
-1.435508880823108679e-01,-2.449276495451656044e-01,-0.000000000000000000e+00,-0.000000000000000000e+00,-8.279009514036726747e-02,-0.000000000000000000e+00,-0.000000000000000000e+00,0.000000000000000000e+00,-8.720170102156203640e-02,2.557988016908538942e+00,-0.000000000000000000e+00,0.000000000000000000e+00,0.000000000000000000e+00,-6.461841973347449974e-02,-0.000000000000000000e+00,-9.576249810622554648e-01,-0.000000000000000000e+00,-1.413658120145503128e-01,-9.391776556008678278e-02,-0.000000000000000000e+00,0.000000000000000000e+00,-0.000000000000000000e+00,-1.742408785587336306e-01,-0.000000000000000000e+00,-2.817864727313127982e-01,-8.817420642899113925e-02,-0.000000000000000000e+00,-0.000000000000000000e+00,-2.728346708546275368e-01,-1.016890223979867308e-01,0.000000000000000000e+00,-1.082742043636374801e-02,-0.000000000000000000e+00,-0.000000000000000000e+00,-0.000000000000000000e+00,-0.000000000000000000e+00,-0.000000000000000000e+00,-0.000000000000000000e+00,-0.000000000000000000e+00
-0.000000000000000000e+00,-2.197066715995286135e-01,0.000000000000000000e+00,-0.000000000000000000e+00,-0.000000000000000000e+00,-8.470918540494192239e-01,-0.000000000000000000e+00,0.000000000000000000e+00,0.000000000000000000e+00,-0.000000000000000000e+00,3.262294043949749867e+00,3.641567507013129812e-02,0.000000000000000000e+00,-4.409520262514129985e-02,-0.000000000000000000e+00,-0.000000000000000000e+00,-1.013278872997160684e+00,-0.000000000000000000e+00,-0.000000000000000000e+00,-0.000000000000000000e+00,2.024792352976409471e-01,-0.000000000000000000e+00,-1.702634825778333860e-01,-0.000000000000000000e+00,-0.000000000000000000e+00,-0.000000000000000000e+00,-0.000000000000000000e+00,0.000000000000000000e+00,-0.000000000000000000e+00,0.000000000000000000e+00,0.000000000000000000e+00,-0.000000000000000000e+00,-1.168589553872109860e-01,-0.000000000000000000e+00,-3.560798980192999008e-01,-0.000000000000000000e+00,-4.093827679770405403e-01,0.000000000000000000e+00,0.000000000000000000e+00
0.000000000000000000e+00,0.000000000000000000e+00,-0.000000000000000000e+00,0.000000000000000000e+00,-0.000000000000000000e+00,1.055075159563161474e-01,0.000000000000000000e+00,-0.000000000000000000e+00,-3.748643158149353449e-01,0.000000000000000000e+00,3.641567507013129812e-02,1.455404880008181356e+00,-0.000000000000000000e+00,0.000000000000000000e+00,-0.000000000000000000e+00,0.000000000000000000e+00,2.239280167706556579e-01,-9.582776939621778789e-02,0.000000000000000000e+00,0.000000000000000000e+00,-1.148187247870458283e-01,-0.000000000000000000e+00,0.000000000000000000e+00,-0.000000000000000000e+00,0.000000000000000000e+00,0.000000000000000000e+00,-0.000000000000000000e+00,-0.000000000000000000e+00,-0.000000000000000000e+00,-7.527665116342263651e-02,-0.000000000000000000e+00,-0.000000000000000000e+00,-0.000000000000000000e+00,-2.978208404707546331e-01,0.000000000000000000e+00,-0.000000000000000000e+00,0.000000000000000000e+00,-0.000000000000000000e+00,-1.779289863953755213e-01
4.497740346273476977e-03,0.000000000000000000e+00,5.461794512724829631e-02,-0.000000000000000000e+00,0.000000000000000000e+00,0.000000000000000000e+00,0.000000000000000000e+00,-0.000000000000000000e+00,0.000000000000000000e+00,0.000000000000000000e+00,0.000000000000000000e+00,-0.000000000000000000e+00,1.030305568557847717e+00,2.031406054969918731e-02,-3.994296916961086186e-02,0.000000000000000000e+00,1.971985845133774045e-03,-0.000000000000000000e+00,0.000000000000000000e+00,-6.013349519765667089e-02,-0.000000000000000000e+00,-1.577103039336554035e-03,0.000000000000000000e+00,0.000000000000000000e+00,0.000000000000000000e+00,0.000000000000000000e+00,0.000000000000000000e+00,0.000000000000000000e+00,-0.000000000000000000e+00,-0.000000000000000000e+00,1.073958776776862550e-01,-0.000000000000000000e+00,0.000000000000000000e+00,0.000000000000000000e+00,-0.000000000000000000e+00,0.000000000000000000e+00,-0.000000000000000000e+00,-5.482379714754978539e-02,0.000000000000000000e+00
-8.567006109568087169e-02,-2.009451347953370715e-01,-0.000000000000000000e+00,-0.000000000000000000e+00,-1.351237168071695721e-02,-0.000000000000000000e+00,-0.000000000000000000e+00,0.000000000000000000e+00,-0.000000000000000000e+00,-6.461841973347449974e-02,-4.409520262514129985e-02,0.000000000000000000e+00,2.031406054969918731e-02,1.912259470249559001e+00,-0.000000000000000000e+00,-0.000000000000000000e+00,-0.000000000000000000e+00,-6.969514140833961424e-02,-1.288334616048838754e-01,-0.000000000000000000e+00,0.000000000000000000e+00,-0.000000000000000000e+00,-7.162109312289278995e-02,-6.446757056696652555e-01,-9.843285082804337227e-02,-0.000000000000000000e+00,-0.000000000000000000e+00,-0.000000000000000000e+00,-7.994338962065834775e-02,-0.000000000000000000e+00,0.000000000000000000e+00,-0.000000000000000000e+00,-8.524068813426365077e-02,-1.011390369365964756e-02,-5.577638149733968320e-02,-0.000000000000000000e+00,-2.473663993691803398e-01,-0.000000000000000000e+00,-0.000000000000000000e+00
-0.000000000000000000e+00,-1.876964907418075812e-01,0.000000000000000000e+00,0.000000000000000000e+00,0.000000000000000000e+00,-2.773814532121175389e-02,5.253894678467689594e-02,2.997261934113611415e-01,-0.000000000000000000e+00,-0.000000000000000000e+00,-0.000000000000000000e+00,-0.000000000000000000e+00,-3.994296916961086186e-02,-0.000000000000000000e+00,1.601638262172625060e+00,-0.000000000000000000e+00,-0.000000000000000000e+00,-1.626591679595457141e-01,-0.000000000000000000e+00,-0.000000000000000000e+00,0.000000000000000000e+00,-8.093965802229896589e-02,-0.000000000000000000e+00,-3.619893869387719870e-02,-0.000000000000000000e+00,-0.000000000000000000e+00,-0.000000000000000000e+00,0.000000000000000000e+00,-9.285197446789263120e-02,-3.239021199050441668e-02,3.551239681781673263e-01,-3.763120751235722507e-03,-0.000000000000000000e+00,-0.000000000000000000e+00,-0.000000000000000000e+00,-1.568391460701279716e-01,-7.039332777233181168e-03,-2.663171242577071496e-01,-0.000000000000000000e+00
-3.301360275773624897e-01,-0.000000000000000000e+00,-1.055956129982136421e-01,-0.000000000000000000e+00,-2.029790523963991289e-01,-0.000000000000000000e+00,-0.000000000000000000e+00,1.069677943014272631e-01,-0.000000000000000000e+00,-9.576249810622554648e-01,-0.000000000000000000e+00,0.000000000000000000e+00,0.000000000000000000e+00,-0.000000000000000000e+00,-0.000000000000000000e+00,2.284475368680046969e+00,-0.000000000000000000e+00,-9.554472800488928233e-03,-1.289752597144314950e-01,-0.000000000000000000e+00,0.000000000000000000e+00,-0.000000000000000000e+00,-2.458651914062957022e-01,-0.000000000000000000e+00,-1.213423955128606069e-01,-0.000000000000000000e+00,-0.000000000000000000e+00,-0.000000000000000000e+00,-0.000000000000000000e+00,-6.859251401088557742e-02,0.000000000000000000e+00,-0.000000000000000000e+00,-0.000000000000000000e+00,-0.000000000000000000e+00,-0.000000000000000000e+00,-0.000000000000000000e+00,-0.000000000000000000e+00,0.000000000000000000e+00,-0.000000000000000000e+00
-0.000000000000000000e+00,-0.000000000000000000e+00,0.000000000000000000e+00,-0.000000000000000000e+00,-0.000000000000000000e+00,-6.311124076705419972e-01,-0.000000000000000000e+00,0.000000000000000000e+00,0.000000000000000000e+00,-0.000000000000000000e+00,-1.013278872997160684e+00,2.239280167706556579e-01,1.971985845133774045e-03,-0.000000000000000000e+00,-0.000000000000000000e+00,-0.000000000000000000e+00,2.724872002385554826e+00,-0.000000000000000000e+00,-5.121073796613704460e-02,-0.000000000000000000e+00,1.073075874771263621e-01,-0.000000000000000000e+00,-1.296782507226187930e-01,-0.000000000000000000e+00,-0.000000000000000000e+00,-1.740264017716694478e-01,-0.000000000000000000e+00,0.000000000000000000e+00,-0.000000000000000000e+00,0.000000000000000000e+00,0.000000000000000000e+00,-1.655954927450542513e-02,-9.908671096862892158e-02,-0.000000000000000000e+00,-0.000000000000000000e+00,-0.000000000000000000e+00,-3.713947732577605465e-01,0.000000000000000000e+00,0.000000000000000000e+00
-0.000000000000000000e+00,-0.000000000000000000e+00,-0.000000000000000000e+00,-6.773017694736099825e-02,-3.003744569681364163e-01,-0.000000000000000000e+00,-1.285048167988337153e-01,3.924504340014348114e-02,-0.000000000000000000e+00,-1.413658120145503128e-01,-0.000000000000000000e+00,-9.582776939621778789e-02,-0.000000000000000000e+00,-6.969514140833961424e-02,-1.626591679595457141e-01,-9.554472800488928233e-03,-0.000000000000000000e+00,1.538584447454866222e+00,-2.033731135792193057e-01,-0.000000000000000000e+00,0.000000000000000000e+00,-1.174681642530674142e-01,-0.000000000000000000e+00,-9.653854916590863533e-02,-0.000000000000000000e+00,-0.000000000000000000e+00,-0.000000000000000000e+00,-0.000000000000000000e+00,-8.401504116952800139e-02,-0.000000000000000000e+00,0.000000000000000000e+00,-0.000000000000000000e+00,-0.000000000000000000e+00,-0.000000000000000000e+00,-2.464549171468618377e-02,-0.000000000000000000e+00,-1.040139290898418022e-03,-0.000000000000000000e+00,-0.000000000000000000e+00
-0.000000000000000000e+00,-0.000000000000000000e+00,-0.000000000000000000e+00,-2.119752906178976326e-01,-3.551633405507940711e-01,-0.000000000000000000e+00,-1.052898809178786782e-01,2.830656764327004610e-02,-0.000000000000000000e+00,-9.391776556008678278e-02,-0.000000000000000000e+00,0.000000000000000000e+00,0.000000000000000000e+00,-1.288334616048838754e-01,-0.000000000000000000e+00,-1.289752597144314950e-01,-5.121073796613704460e-02,-2.033731135792193057e-01,2.175434944195337561e+00,-0.000000000000000000e+00,4.722835320192810826e-01,-0.000000000000000000e+00,-2.488012356057532626e-01,-0.000000000000000000e+00,-7.610009635990976073e-02,-0.000000000000000000e+00,0.000000000000000000e+00,0.000000000000000000e+00,-0.000000000000000000e+00,0.000000000000000000e+00,3.602391073512109521e-02,-0.000000000000000000e+00,-0.000000000000000000e+00,-0.000000000000000000e+00,-1.139903607080452047e-01,0.000000000000000000e+00,-2.951883408348268678e-01,0.000000000000000000e+00,0.000000000000000000e+00
-0.000000000000000000e+00,-0.000000000000000000e+00,0.000000000000000000e+00,-0.000000000000000000e+00,-0.000000000000000000e+00,-0.000000000000000000e+00,-0.000000000000000000e+00,0.000000000000000000e+00,0.000000000000000000e+00,-0.000000000000000000e+00,-0.000000000000000000e+00,0.000000000000000000e+00,-6.013349519765667089e-02,-0.000000000000000000e+00,-0.000000000000000000e+00,-0.000000000000000000e+00,-0.000000000000000000e+00,-0.000000000000000000e+00,-0.000000000000000000e+00,1.493986919208041275e+00,0.000000000000000000e+00,-5.691128586243840992e-01,-0.000000000000000000e+00,-0.000000000000000000e+00,-0.000000000000000000e+00,-0.000000000000000000e+00,-0.000000000000000000e+00,-0.000000000000000000e+00,-1.504181747397128899e-01,-0.000000000000000000e+00,0.000000000000000000e+00,-0.000000000000000000e+00,-8.792443169798717928e-02,0.000000000000000000e+00,-1.141441276008716282e-01,0.000000000000000000e+00,-1.656336226908912412e-01,-0.000000000000000000e+00,0.000000000000000000e+00
0.000000000000000000e+00,0.000000000000000000e+00,-2.711011862638264616e-02,0.000000000000000000e+00,0.000000000000000000e+00,3.540003011799690014e-01,-0.000000000000000000e+00,-1.159163249965605193e-02,-0.000000000000000000e+00,0.000000000000000000e+00,2.024792352976409471e-01,-1.148187247870458283e-01,-0.000000000000000000e+00,0.000000000000000000e+00,0.000000000000000000e+00,0.000000000000000000e+00,1.073075874771263621e-01,0.000000000000000000e+00,4.722835320192810826e-01,0.000000000000000000e+00,2.674409150890913800e+00,-0.000000000000000000e+00,4.229445929826392697e-02,0.000000000000000000e+00,8.428081482923664713e-02,-0.000000000000000000e+00,-0.000000000000000000e+00,-7.953211359666806368e-01,-0.000000000000000000e+00,-0.000000000000000000e+00,-8.321376444363326463e-01,0.000000000000000000e+00,-0.000000000000000000e+00,0.000000000000000000e+00,0.000000000000000000e+00,0.000000000000000000e+00,8.333708312348989122e-02,-0.000000000000000000e+00,-0.000000000000000000e+00
-0.000000000000000000e+00,-0.000000000000000000e+00,-0.000000000000000000e+00,-0.000000000000000000e+00,-0.000000000000000000e+00,-0.000000000000000000e+00,-0.000000000000000000e+00,0.000000000000000000e+00,-0.000000000000000000e+00,-0.000000000000000000e+00,-0.000000000000000000e+00,-0.000000000000000000e+00,-1.577103039336554035e-03,-0.000000000000000000e+00,-8.093965802229896589e-02,-0.000000000000000000e+00,-0.000000000000000000e+00,-1.174681642530674142e-01,-0.000000000000000000e+00,-5.691128586243840992e-01,-0.000000000000000000e+00,1.743218090075711046e+00,-0.000000000000000000e+00,-0.000000000000000000e+00,-0.000000000000000000e+00,-6.163341634111958386e-03,-0.000000000000000000e+00,-6.350196028656816816e-02,-7.269640479217817641e-02,-0.000000000000000000e+00,-0.000000000000000000e+00,-1.308030838746870872e-01,-5.433140391780796330e-01,-0.000000000000000000e+00,-0.000000000000000000e+00,-0.000000000000000000e+00,-0.000000000000000000e+00,-0.000000000000000000e+00,-0.000000000000000000e+00
-7.567986880044948184e-02,-7.195945165778017127e-02,-0.000000000000000000e+00,-0.000000000000000000e+00,-0.000000000000000000e+00,-1.977714028886500691e-02,-0.000000000000000000e+00,1.767817806562257676e-01,-0.000000000000000000e+00,-1.742408785587336306e-01,-1.702634825778333860e-01,0.000000000000000000e+00,0.000000000000000000e+00,-7.162109312289278995e-02,-0.000000000000000000e+00,-2.458651914062957022e-01,-1.296782507226187930e-01,-0.000000000000000000e+00,-2.488012356057532626e-01,-0.000000000000000000e+00,4.229445929826392697e-02,-0.000000000000000000e+00,2.357930567979050540e+00,-0.000000000000000000e+00,-8.603487803292549918e-01,-0.000000000000000000e+00,-0.000000000000000000e+00,0.000000000000000000e+00,-0.000000000000000000e+00,-0.000000000000000000e+00,0.000000000000000000e+00,-0.000000000000000000e+00,-0.000000000000000000e+00,-0.000000000000000000e+00,-4.046443060018457133e-02,-7.054343483151095939e-02,-0.000000000000000000e+00,-0.000000000000000000e+00,-0.000000000000000000e+00
-0.000000000000000000e+00,-0.000000000000000000e+00,-0.000000000000000000e+00,-0.000000000000000000e+00,-0.000000000000000000e+00,-0.000000000000000000e+00,-0.000000000000000000e+00,1.079767117934533199e-01,-0.000000000000000000e+00,-0.000000000000000000e+00,-0.000000000000000000e+00,-0.000000000000000000e+00,0.000000000000000000e+00,-6.446757056696652555e-01,-3.619893869387719870e-02,-0.000000000000000000e+00,-0.000000000000000000e+00,-9.653854916590863533e-02,-0.000000000000000000e+00,-0.000000000000000000e+00,0.000000000000000000e+00,-0.000000000000000000e+00,-0.000000000000000000e+00,1.475161107790110115e+00,-0.000000000000000000e+00,-0.000000000000000000e+00,-0.000000000000000000e+00,0.000000000000000000e+00,-0.000000000000000000e+00,-0.000000000000000000e+00,0.000000000000000000e+00,-0.000000000000000000e+00,-0.000000000000000000e+00,-0.000000000000000000e+00,-0.000000000000000000e+00,-2.243415567352974871e-01,-0.000000000000000000e+00,-0.000000000000000000e+00,-0.000000000000000000e+00
-1.111499285992024327e-01,-4.700277372307916646e-01,-0.000000000000000000e+00,-0.000000000000000000e+00,-0.000000000000000000e+00,-0.000000000000000000e+00,0.000000000000000000e+00,1.444549142510631046e-01,-0.000000000000000000e+00,-2.817864727313127982e-01,-0.000000000000000000e+00,0.000000000000000000e+00,0.000000000000000000e+00,-9.843285082804337227e-02,-0.000000000000000000e+00,-1.213423955128606069e-01,-0.000000000000000000e+00,-0.000000000000000000e+00,-7.610009635990976073e-02,-0.000000000000000000e+00,8.428081482923664713e-02,-0.000000000000000000e+00,-8.603487803292549918e-01,-0.000000000000000000e+00,2.392484507033314500e+00,-0.000000000000000000e+00,-8.392345913694847226e-02,0.000000000000000000e+00,-0.000000000000000000e+00,-3.101247713038634418e-02,0.000000000000000000e+00,-0.000000000000000000e+00,-0.000000000000000000e+00,-9.493470412682379622e-02,-0.000000000000000000e+00,-0.000000000000000000e+00,-0.000000000000000000e+00,-0.000000000000000000e+00,-0.000000000000000000e+00
-0.000000000000000000e+00,-2.259834080012941560e-02,-0.000000000000000000e+00,-0.000000000000000000e+00,-0.000000000000000000e+00,-0.000000000000000000e+00,0.000000000000000000e+00,4.785010327631216559e-03,-0.000000000000000000e+00,-8.817420642899113925e-02,-0.000000000000000000e+00,0.000000000000000000e+00,0.000000000000000000e+00,-0.000000000000000000e+00,-0.000000000000000000e+00,-0.000000000000000000e+00,-1.740264017716694478e-01,-0.000000000000000000e+00,-0.000000000000000000e+00,-0.000000000000000000e+00,-0.000000000000000000e+00,-6.163341634111958386e-03,-0.000000000000000000e+00,-0.000000000000000000e+00,-0.000000000000000000e+00,1.707759760074605726e+00,-2.050951931950822926e-02,-6.884713621398512451e-02,-3.215111973571769255e-01,-0.000000000000000000e+00,-0.000000000000000000e+00,-2.236318906686164676e-01,-2.226576742714066193e-01,-0.000000000000000000e+00,-0.000000000000000000e+00,-0.000000000000000000e+00,-0.000000000000000000e+00,-4.285640809407814666e-01,-9.334568268212295461e-02
-1.677030091444307869e-02,-4.126179913328781312e-02,-0.000000000000000000e+00,0.000000000000000000e+00,-0.000000000000000000e+00,0.000000000000000000e+00,0.000000000000000000e+00,-0.000000000000000000e+00,-1.448749288089877518e-01,-0.000000000000000000e+00,-0.000000000000000000e+00,-0.000000000000000000e+00,0.000000000000000000e+00,-0.000000000000000000e+00,-0.000000000000000000e+00,-0.000000000000000000e+00,-0.000000000000000000e+00,-0.000000000000000000e+00,0.000000000000000000e+00,-0.000000000000000000e+00,-0.000000000000000000e+00,-0.000000000000000000e+00,-0.000000000000000000e+00,-0.000000000000000000e+00,-8.392345913694847226e-02,-2.050951931950822926e-02,1.486958956727874925e+00,-1.343245213432362473e-01,-0.000000000000000000e+00,-0.000000000000000000e+00,-1.060087582301723480e-01,-3.055036624915900834e-02,-1.610075259793083136e-01,-0.000000000000000000e+00,-0.000000000000000000e+00,-0.000000000000000000e+00,-0.000000000000000000e+00,-0.000000000000000000e+00,-5.653979930148521627e-01
-0.000000000000000000e+00,0.000000000000000000e+00,-2.600172192463583998e-01,-0.000000000000000000e+00,-0.000000000000000000e+00,0.000000000000000000e+00,-0.000000000000000000e+00,-0.000000000000000000e+00,-0.000000000000000000e+00,-0.000000000000000000e+00,0.000000000000000000e+00,-0.000000000000000000e+00,0.000000000000000000e+00,-0.000000000000000000e+00,0.000000000000000000e+00,-0.000000000000000000e+00,0.000000000000000000e+00,-0.000000000000000000e+00,0.000000000000000000e+00,-0.000000000000000000e+00,-7.953211359666806368e-01,-6.350196028656816816e-02,0.000000000000000000e+00,0.000000000000000000e+00,0.000000000000000000e+00,-6.884713621398512451e-02,-1.343245213432362473e-01,2.097713217901988614e+00,-0.000000000000000000e+00,-0.000000000000000000e+00,-6.378019744781776579e-01,-0.000000000000000000e+00,-4.043465250532511934e-01,0.000000000000000000e+00,0.000000000000000000e+00,0.000000000000000000e+00,0.000000000000000000e+00,-0.000000000000000000e+00,-4.374599624729447189e-02
-2.781117801554069957e-01,-7.732991671123583266e-02,-3.369786459489649503e-03,-0.000000000000000000e+00,-4.452188603072281675e-02,-0.000000000000000000e+00,-0.000000000000000000e+00,0.000000000000000000e+00,-0.000000000000000000e+00,-2.728346708546275368e-01,-0.000000000000000000e+00,-0.000000000000000000e+00,-0.000000000000000000e+00,-7.994338962065834775e-02,-9.285197446789263120e-02,-0.000000000000000000e+00,-0.000000000000000000e+00,-8.401504116952800139e-02,-0.000000000000000000e+00,-1.504181747397128899e-01,-0.000000000000000000e+00,-7.269640479217817641e-02,-0.000000000000000000e+00,-0.000000000000000000e+00,-0.000000000000000000e+00,-3.215111973571769255e-01,-0.000000000000000000e+00,-0.000000000000000000e+00,2.077103488191213376e+00,-0.000000000000000000e+00,-0.000000000000000000e+00,-4.004750151197581376e-01,-2.922130607907250655e-01,-0.000000000000000000e+00,-1.550723102500855925e-02,-0.000000000000000000e+00,-0.000000000000000000e+00,-0.000000000000000000e+00,-0.000000000000000000e+00
-1.676627086916951670e-01,-0.000000000000000000e+00,-0.000000000000000000e+00,0.000000000000000000e+00,-0.000000000000000000e+00,0.000000000000000000e+00,0.000000000000000000e+00,0.000000000000000000e+00,-6.085974207732119251e-02,-1.016890223979867308e-01,0.000000000000000000e+00,-7.527665116342263651e-02,-0.000000000000000000e+00,-0.000000000000000000e+00,-3.239021199050441668e-02,-6.859251401088557742e-02,0.000000000000000000e+00,-0.000000000000000000e+00,0.000000000000000000e+00,-0.000000000000000000e+00,-0.000000000000000000e+00,-0.000000000000000000e+00,-0.000000000000000000e+00,-0.000000000000000000e+00,-3.101247713038634418e-02,-0.000000000000000000e+00,-0.000000000000000000e+00,-0.000000000000000000e+00,-0.000000000000000000e+00,1.118476899447192530e+00,0.000000000000000000e+00,-0.000000000000000000e+00,-0.000000000000000000e+00,-0.000000000000000000e+00,-0.000000000000000000e+00,-0.000000000000000000e+00,0.000000000000000000e+00,-0.000000000000000000e+00,-0.000000000000000000e+00
0.000000000000000000e+00,0.000000000000000000e+00,-2.539956873063140552e-01,0.000000000000000000e+00,0.000000000000000000e+00,3.875991322939340011e-02,-0.000000000000000000e+00,-0.000000000000000000e+00,-0.000000000000000000e+00,0.000000000000000000e+00,0.000000000000000000e+00,-0.000000000000000000e+00,1.073958776776862550e-01,0.000000000000000000e+00,3.551239681781673263e-01,0.000000000000000000e+00,0.000000000000000000e+00,0.000000000000000000e+00,3.602391073512109521e-02,0.000000000000000000e+00,-8.321376444363326463e-01,-0.000000000000000000e+00,0.000000000000000000e+00,0.000000000000000000e+00,0.000000000000000000e+00,-0.000000000000000000e+00,-1.060087582301723480e-01,-6.378019744781776579e-01,-0.000000000000000000e+00,0.000000000000000000e+00,2.177434277221216963e+00,0.000000000000000000e+00,-0.000000000000000000e+00,0.000000000000000000e+00,0.000000000000000000e+00,-0.000000000000000000e+00,0.000000000000000000e+00,0.000000000000000000e+00,-0.000000000000000000e+00
-0.000000000000000000e+00,-1.655409714258058440e-01,-0.000000000000000000e+00,-1.380156618833913197e-02,-0.000000000000000000e+00,-0.000000000000000000e+00,-0.000000000000000000e+00,0.000000000000000000e+00,-0.000000000000000000e+00,-1.082742043636374801e-02,-0.000000000000000000e+00,-0.000000000000000000e+00,-0.000000000000000000e+00,-0.000000000000000000e+00,-3.763120751235722507e-03,-0.000000000000000000e+00,-1.655954927450542513e-02,-0.000000000000000000e+00,-0.000000000000000000e+00,-0.000000000000000000e+00,0.000000000000000000e+00,-1.308030838746870872e-01,-0.000000000000000000e+00,-0.000000000000000000e+00,-0.000000000000000000e+00,-2.236318906686164676e-01,-3.055036624915900834e-02,-0.000000000000000000e+00,-4.004750151197581376e-01,-0.000000000000000000e+00,0.000000000000000000e+00,2.082548592610188543e+00,-3.166444855248186085e-01,-0.000000000000000000e+00,-2.413632247724445401e-01,-0.000000000000000000e+00,-4.906320270786350135e-01,-0.000000000000000000e+00,-0.000000000000000000e+00
-7.633505662113873602e-02,-0.000000000000000000e+00,-4.427175292115407418e-02,-0.000000000000000000e+00,-0.000000000000000000e+00,-0.000000000000000000e+00,-0.000000000000000000e+00,0.000000000000000000e+00,-0.000000000000000000e+00,-0.000000000000000000e+00,-1.168589553872109860e-01,-0.000000000000000000e+00,0.000000000000000000e+00,-8.524068813426365077e-02,-0.000000000000000000e+00,-0.000000000000000000e+00,-9.908671096862892158e-02,-0.000000000000000000e+00,-0.000000000000000000e+00,-8.792443169798717928e-02,-0.000000000000000000e+00,-5.433140391780796330e-01,-0.000000000000000000e+00,-0.000000000000000000e+00,-0.000000000000000000e+00,-2.226576742714066193e-01,-1.610075259793083136e-01,-4.043465250532511934e-01,-2.922130607907250655e-01,-0.000000000000000000e+00,-0.000000000000000000e+00,-3.166444855248186085e-01,2.079405399110266117e+00,-0.000000000000000000e+00,-0.000000000000000000e+00,-0.000000000000000000e+00,-4.152540439883229545e-02,-0.000000000000000000e+00,-0.000000000000000000e+00
-0.000000000000000000e+00,-0.000000000000000000e+00,-4.258541652520447807e-02,-0.000000000000000000e+00,-4.634547478963588762e-01,-0.000000000000000000e+00,-0.000000000000000000e+00,0.000000000000000000e+00,-7.537872582216910144e-01,-0.000000000000000000e+00,-0.000000000000000000e+00,-2.978208404707546331e-01,0.000000000000000000e+00,-1.011390369365964756e-02,-0.000000000000000000e+00,-0.000000000000000000e+00,-0.000000000000000000e+00,-0.000000000000000000e+00,-0.000000000000000000e+00,0.000000000000000000e+00,0.000000000000000000e+00,-0.000000000000000000e+00,-0.000000000000000000e+00,-0.000000000000000000e+00,-9.493470412682379622e-02,-0.000000000000000000e+00,-0.000000000000000000e+00,0.000000000000000000e+00,-0.000000000000000000e+00,-0.000000000000000000e+00,0.000000000000000000e+00,-0.000000000000000000e+00,-0.000000000000000000e+00,1.815013055429638422e+00,-0.000000000000000000e+00,-0.000000000000000000e+00,-0.000000000000000000e+00,-0.000000000000000000e+00,-0.000000000000000000e+00
-0.000000000000000000e+00,-1.534001437496660680e-01,0.000000000000000000e+00,-0.000000000000000000e+00,-0.000000000000000000e+00,-1.873825601849046785e-01,-0.000000000000000000e+00,0.000000000000000000e+00,0.000000000000000000e+00,-0.000000000000000000e+00,-3.560798980192999008e-01,0.000000000000000000e+00,-0.000000000000000000e+00,-5.577638149733968320e-02,-0.000000000000000000e+00,-0.000000000000000000e+00,-0.000000000000000000e+00,-2.464549171468618377e-02,-1.139903607080452047e-01,-1.141441276008716282e-01,0.000000000000000000e+00,-0.000000000000000000e+00,-4.046443060018457133e-02,-0.000000000000000000e+00,-0.000000000000000000e+00,-0.000000000000000000e+00,-0.000000000000000000e+00,0.000000000000000000e+00,-1.550723102500855925e-02,-0.000000000000000000e+00,0.000000000000000000e+00,-2.413632247724445401e-01,-0.000000000000000000e+00,-0.000000000000000000e+00,2.080352523548731458e+00,-0.000000000000000000e+00,-6.001769707119071207e-01,-0.000000000000000000e+00,0.000000000000000000e+00
-0.000000000000000000e+00,-1.315578278602089028e-02,-0.000000000000000000e+00,0.000000000000000000e+00,0.000000000000000000e+00,-0.000000000000000000e+00,6.341377313975268826e-02,2.805778917700120154e-02,-0.000000000000000000e+00,-0.000000000000000000e+00,-0.000000000000000000e+00,-0.000000000000000000e+00,0.000000000000000000e+00,-0.000000000000000000e+00,-1.568391460701279716e-01,-0.000000000000000000e+00,-0.000000000000000000e+00,-0.000000000000000000e+00,0.000000000000000000e+00,0.000000000000000000e+00,0.000000000000000000e+00,-0.000000000000000000e+00,-7.054343483151095939e-02,-2.243415567352974871e-01,-0.000000000000000000e+00,-0.000000000000000000e+00,-0.000000000000000000e+00,0.000000000000000000e+00,-0.000000000000000000e+00,-0.000000000000000000e+00,-0.000000000000000000e+00,-0.000000000000000000e+00,-0.000000000000000000e+00,-0.000000000000000000e+00,-0.000000000000000000e+00,1.379157279551611381e+00,-0.000000000000000000e+00,-3.439633605541038142e-01,-2.857169141131218892e-01
-0.000000000000000000e+00,-1.871388212128886064e-01,0.000000000000000000e+00,-0.000000000000000000e+00,-0.000000000000000000e+00,-4.311286024167758635e-01,-0.000000000000000000e+00,7.646449749909293991e-03,0.000000000000000000e+00,-0.000000000000000000e+00,-4.093827679770405403e-01,0.000000000000000000e+00,-0.000000000000000000e+00,-2.473663993691803398e-01,-7.039332777233181168e-03,-0.000000000000000000e+00,-3.713947732577605465e-01,-1.040139290898418022e-03,-2.951883408348268678e-01,-1.656336226908912412e-01,8.333708312348989122e-02,-0.000000000000000000e+00,-0.000000000000000000e+00,-0.000000000000000000e+00,-0.000000000000000000e+00,-0.000000000000000000e+00,-0.000000000000000000e+00,0.000000000000000000e+00,-0.000000000000000000e+00,0.000000000000000000e+00,0.000000000000000000e+00,-4.906320270786350135e-01,-4.152540439883229545e-02,-0.000000000000000000e+00,-6.001769707119071207e-01,-0.000000000000000000e+00,3.028694957426500523e+00,-0.000000000000000000e+00,0.000000000000000000e+00
0.000000000000000000e+00,-0.000000000000000000e+00,-0.000000000000000000e+00,0.000000000000000000e+00,0.000000000000000000e+00,0.000000000000000000e+00,0.000000000000000000e+00,0.000000000000000000e+00,-0.000000000000000000e+00,-0.000000000000000000e+00,0.000000000000000000e+00,-0.000000000000000000e+00,-5.482379714754978539e-02,-0.000000000000000000e+00,-2.663171242577071496e-01,0.000000000000000000e+00,0.000000000000000000e+00,-0.000000000000000000e+00,0.000000000000000000e+00,-0.000000000000000000e+00,-0.000000000000000000e+00,-0.000000000000000000e+00,-0.000000000000000000e+00,-0.000000000000000000e+00,-0.000000000000000000e+00,-4.285640809407814666e-01,-0.000000000000000000e+00,-0.000000000000000000e+00,-0.000000000000000000e+00,-0.000000000000000000e+00,0.000000000000000000e+00,-0.000000000000000000e+00,-0.000000000000000000e+00,-0.000000000000000000e+00,-0.000000000000000000e+00,-3.439633605541038142e-01,-0.000000000000000000e+00,1.501544573074679478e+00,-2.152800347694672212e-01
-0.000000000000000000e+00,-0.000000000000000000e+00,-7.967321014723292849e-02,0.000000000000000000e+00,-0.000000000000000000e+00,0.000000000000000000e+00,0.000000000000000000e+00,0.000000000000000000e+00,-5.598240687671774962e-01,-0.000000000000000000e+00,0.000000000000000000e+00,-1.779289863953755213e-01,0.000000000000000000e+00,-0.000000000000000000e+00,-0.000000000000000000e+00,-0.000000000000000000e+00,0.000000000000000000e+00,-0.000000000000000000e+00,0.000000000000000000e+00,0.000000000000000000e+00,-0.000000000000000000e+00,-0.000000000000000000e+00,-0.000000000000000000e+00,-0.000000000000000000e+00,-0.000000000000000000e+00,-9.334568268212295461e-02,-5.653979930148521627e-01,-4.374599624729447189e-02,-0.000000000000000000e+00,-0.000000000000000000e+00,-0.000000000000000000e+00,-0.000000000000000000e+00,-0.000000000000000000e+00,-0.000000000000000000e+00,0.000000000000000000e+00,-2.857169141131218892e-01,0.000000000000000000e+00,-2.152800347694672212e-01,1.879789630742630502e+00
