2.218627705805870320e+00,-9.364501697959569659e-01,-0.000000000000000000e+00,0.000000000000000000e+00,-0.000000000000000000e+00,-3.101757308904580512e-02,-0.000000000000000000e+00,-0.000000000000000000e+00,-0.000000000000000000e+00,-3.832522764927934755e-01,-5.925799160379085703e-03,0.000000000000000000e+00,-0.000000000000000000e+00,-0.000000000000000000e+00,-0.000000000000000000e+00,-2.193804251057458743e-01,-0.000000000000000000e+00,-0.000000000000000000e+00,0.000000000000000000e+00,-0.000000000000000000e+00,-0.000000000000000000e+00,-0.000000000000000000e+00,-0.000000000000000000e+00,-0.000000000000000000e+00,-0.000000000000000000e+00,-1.695226967983180510e-01,-0.000000000000000000e+00,-0.000000000000000000e+00,-2.237519943231675856e-01,-1.049750009242731152e-01,-0.000000000000000000e+00,-0.000000000000000000e+00,-0.000000000000000000e+00,-0.000000000000000000e+00,-0.000000000000000000e+00,-0.000000000000000000e+00,-0.000000000000000000e+00,-2.690776836310063841e-02,-0.000000000000000000e+00
-9.364501697959569659e-01,2.234533119107466437e+00,-0.000000000000000000e+00,0.000000000000000000e+00,-0.000000000000000000e+00,-0.000000000000000000e+00,-0.000000000000000000e+00,0.000000000000000000e+00,-0.000000000000000000e+00,-2.326298093095797159e-01,-6.491556377084360674e-02,0.000000000000000000e+00,-0.000000000000000000e+00,-0.000000000000000000e+00,-0.000000000000000000e+00,-2.554769398812213876e-01,-0.000000000000000000e+00,-0.000000000000000000e+00,-0.000000000000000000e+00,-0.000000000000000000e+00,-0.000000000000000000e+00,-0.000000000000000000e+00,-0.000000000000000000e+00,-0.000000000000000000e+00,-0.000000000000000000e+00,-0.000000000000000000e+00,-0.000000000000000000e+00,-0.000000000000000000e+00,-0.000000000000000000e+00,-2.144811013776303232e-01,-0.000000000000000000e+00,-3.846442687438467178e-01,-0.000000000000000000e+00,-0.000000000000000000e+00,-0.000000000000000000e+00,-0.000000000000000000e+00,-1.960218767766578052e-01,-0.000000000000000000e+00,-0.000000000000000000e+00
-0.000000000000000000e+00,-0.000000000000000000e+00,2.100314513219998069e+00,-2.654064937546804503e-02,-2.175391346017862548e-01,-0.000000000000000000e+00,-0.000000000000000000e+00,0.000000000000000000e+00,-0.000000000000000000e+00,-0.000000000000000000e+00,-1.563585783326595230e-02,-0.000000000000000000e+00,-0.000000000000000000e+00,-1.130047281094485184e-01,-4.907512222409196601e-02,-0.000000000000000000e+00,-0.000000000000000000e+00,-0.000000000000000000e+00,-0.000000000000000000e+00,-0.000000000000000000e+00,-4.389213244171382144e-01,-0.000000000000000000e+00,0.000000000000000000e+00,-3.008825716696214569e-01,-0.000000000000000000e+00,-1.307056399212298547e-01,-4.333010397503499478e-01,-1.426709714378902039e-01,-0.000000000000000000e+00,-0.000000000000000000e+00,-2.107595599052508317e-01,0.000000000000000000e+00,-6.343257421418857858e-03,-1.679847505375411595e-02,-0.000000000000000000e+00,0.000000000000000000e+00,-0.000000000000000000e+00,-0.000000000000000000e+00,-1.812772488144110405e-01
0.000000000000000000e+00,0.000000000000000000e+00,-2.654064937546804503e-02,1.091900245474895170e+00,-8.527091192052134450e-02,0.000000000000000000e+00,-1.822652029793433714e-01,-0.000000000000000000e+00,-0.000000000000000000e+00,-0.000000000000000000e+00,-0.000000000000000000e+00,-0.000000000000000000e+00,-0.000000000000000000e+00,-0.000000000000000000e+00,-0.000000000000000000e+00,-0.000000000000000000e+00,-0.000000000000000000e+00,-7.259480730420690697e-02,-3.497067043505633355e-02,-0.000000000000000000e+00,-0.000000000000000000e+00,-0.000000000000000000e+00,-0.000000000000000000e+00,-0.000000000000000000e+00,-0.000000000000000000e+00,-0.000000000000000000e+00,-0.000000000000000000e+00,-0.000000000000000000e+00,-0.000000000000000000e+00,-0.000000000000000000e+00,-0.000000000000000000e+00,0.000000000000000000e+00,-0.000000000000000000e+00,-0.000000000000000000e+00,-0.000000000000000000e+00,0.000000000000000000e+00,-0.000000000000000000e+00,-0.000000000000000000e+00,-9.768742455268787650e-02
-0.000000000000000000e+00,-0.000000000000000000e+00,-2.175391346017862548e-01,-8.527091192052134450e-02,1.693073844190565502e+00,-0.000000000000000000e+00,-0.000000000000000000e+00,-0.000000000000000000e+00,-7.919436560493861577e-02,-0.000000000000000000e+00,-3.268223947718065271e-03,0.000000000000000000e+00,-0.000000000000000000e+00,-4.016230164743347930e-01,-0.000000000000000000e+00,-0.000000000000000000e+00,-1.204702676881957805e-02,-0.000000000000000000e+00,-2.991316788178396413e-01,-0.000000000000000000e+00,-3.319870552549383791e-02,-0.000000000000000000e+00,0.000000000000000000e+00,-0.000000000000000000e+00,-0.000000000000000000e+00,-9.673824417886627003e-02,-0.000000000000000000e+00,-0.000000000000000000e+00,-0.000000000000000000e+00,-4.543123372557714146e-02,-0.000000000000000000e+00,-0.000000000000000000e+00,-0.000000000000000000e+00,-3.223817182986392083e-01,-0.000000000000000000e+00,0.000000000000000000e+00,-0.000000000000000000e+00,-0.000000000000000000e+00,-0.000000000000000000e+00
-3.101757308904580512e-02,-0.000000000000000000e+00,-0.000000000000000000e+00,0.000000000000000000e+00,-0.000000000000000000e+00,1.347246939342800376e+00,-0.000000000000000000e+00,-0.000000000000000000e+00,0.000000000000000000e+00,-0.000000000000000000e+00,-1.045552047952044566e-01,1.650349507111610603e-01,-1.358800418502372209e-01,-0.000000000000000000e+00,-2.896363990975742760e-03,-0.000000000000000000e+00,-7.048480841753708426e-02,-0.000000000000000000e+00,0.000000000000000000e+00,-8.800933528306181808e-02,-0.000000000000000000e+00,-2.601164955774254439e-02,0.000000000000000000e+00,-0.000000000000000000e+00,-0.000000000000000000e+00,-0.000000000000000000e+00,-0.000000000000000000e+00,-1.184309445059130925e-02,-2.100584022739714896e-01,-0.000000000000000000e+00,0.000000000000000000e+00,-0.000000000000000000e+00,-0.000000000000000000e+00,0.000000000000000000e+00,-0.000000000000000000e+00,-0.000000000000000000e+00,-1.737054493190172411e-01,-0.000000000000000000e+00,0.000000000000000000e+00
-0.000000000000000000e+00,-0.000000000000000000e+00,-0.000000000000000000e+00,-1.822652029793433714e-01,-0.000000000000000000e+00,-0.000000000000000000e+00,1.719349758000439099e+00,-9.191539657037631206e-02,0.000000000000000000e+00,-0.000000000000000000e+00,-0.000000000000000000e+00,6.383455949464224288e-02,-2.256333388950622909e-01,-0.000000000000000000e+00,-0.000000000000000000e+00,-0.000000000000000000e+00,-6.219008667985226335e-02,-0.000000000000000000e+00,0.000000000000000000e+00,-3.935211459211221396e-01,-0.000000000000000000e+00,-8.135978074571774410e-02,9.117028611590090315e-03,-0.000000000000000000e+00,-7.044812466318792210e-02,-0.000000000000000000e+00,-0.000000000000000000e+00,-1.570189579694323267e-01,-1.788773633591585199e-02,-0.000000000000000000e+00,0.000000000000000000e+00,6.947928755756788144e-02,-2.701872873615241422e-01,0.000000000000000000e+00,-0.000000000000000000e+00,0.000000000000000000e+00,-0.000000000000000000e+00,-3.314161821927376350e-02,0.000000000000000000e+00
-0.000000000000000000e+00,0.000000000000000000e+00,0.000000000000000000e+00,-0.000000000000000000e+00,-0.000000000000000000e+00,-0.000000000000000000e+00,-9.191539657037631206e-02,1.145466552632850465e+00,9.989725960772154190e-02,0.000000000000000000e+00,-0.000000000000000000e+00,1.970527015953202621e-01,-1.241608118306948561e-01,0.000000000000000000e+00,-0.000000000000000000e+00,0.000000000000000000e+00,-0.000000000000000000e+00,-0.000000000000000000e+00,0.000000000000000000e+00,-0.000000000000000000e+00,-0.000000000000000000e+00,-0.000000000000000000e+00,1.002434023096182708e-01,6.915275133520585454e-03,-0.000000000000000000e+00,0.000000000000000000e+00,0.000000000000000000e+00,-0.000000000000000000e+00,-0.000000000000000000e+00,0.000000000000000000e+00,7.328255493873830906e-02,0.000000000000000000e+00,-0.000000000000000000e+00,0.000000000000000000e+00,-0.000000000000000000e+00,0.000000000000000000e+00,-0.000000000000000000e+00,-0.000000000000000000e+00,2.901264040768414612e-02
-0.000000000000000000e+00,-0.000000000000000000e+00,-0.000000000000000000e+00,-0.000000000000000000e+00,-7.919436560493861577e-02,0.000000000000000000e+00,0.000000000000000000e+00,9.989725960772154190e-02,2.059399242218565629e+00,-0.000000000000000000e+00,-0.000000000000000000e+00,-1.225882092016515046e-01,0.000000000000000000e+00,-1.437931954593581196e-01,-0.000000000000000000e+00,-1.828749319955483010e-01,-0.000000000000000000e+00,-0.000000000000000000e+00,-3.373497860536123771e-01,0.000000000000000000e+00,-0.000000000000000000e+00,0.000000000000000000e+00,-2.286782585531403622e-01,-0.000000000000000000e+00,-0.000000000000000000e+00,-0.000000000000000000e+00,-0.000000000000000000e+00,0.000000000000000000e+00,-0.000000000000000000e+00,-1.338680314522101567e-01,-0.000000000000000000e+00,-2.885436151450066489e-01,0.000000000000000000e+00,-4.935024483817256336e-01,0.000000000000000000e+00,-0.000000000000000000e+00,-0.000000000000000000e+00,-0.000000000000000000e+00,-3.428366777435490342e-01
-3.832522764927934755e-01,-2.326298093095797159e-01,-0.000000000000000000e+00,-0.000000000000000000e+00,-0.000000000000000000e+00,-0.000000000000000000e+00,-0.000000000000000000e+00,0.000000000000000000e+00,-0.000000000000000000e+00,2.235995244727761566e+00,-0.000000000000000000e+00,0.000000000000000000e+00,-0.000000000000000000e+00,-1.678265319564891112e-01,-0.000000000000000000e+00,-6.470387839505239436e-01,-0.000000000000000000e+00,-0.000000000000000000e+00,-0.000000000000000000e+00,-0.000000000000000000e+00,-0.000000000000000000e+00,-0.000000000000000000e+00,-0.000000000000000000e+00,-0.000000000000000000e+00,-1.856695680008575711e-01,-1.276202164906165837e-01,-0.000000000000000000e+00,-0.000000000000000000e+00,-6.565821906103797012e-02,-4.009342375164849370e-01,-0.000000000000000000e+00,-0.000000000000000000e+00,-0.000000000000000000e+00,-0.000000000000000000e+00,-0.000000000000000000e+00,-0.000000000000000000e+00,-0.000000000000000000e+00,-0.000000000000000000e+00,-0.000000000000000000e+00
-5.925799160379085703e-03,-6.491556377084360674e-02,-1.563585783326595230e-02,-0.000000000000000000e+00,-3.268223947718065271e-03,-1.045552047952044566e-01,-0.000000000000000000e+00,-0.000000000000000000e+00,-0.000000000000000000e+00,-0.000000000000000000e+00,2.527737557040280247e+00,0.000000000000000000e+00,-0.000000000000000000e+00,-3.129474417828755350e-01,-4.350214879412544478e-01,-0.000000000000000000e+00,-5.839781418282364855e-01,-0.000000000000000000e+00,-0.000000000000000000e+00,-0.000000000000000000e+00,-0.000000000000000000e+00,-0.000000000000000000e+00,0.000000000000000000e+00,-8.133324888152862475e-02,-0.000000000000000000e+00,-2.628588939218555742e-01,-3.701077538677700896e-02,-7.117548290536299116e-02,-2.522056055961481857e-01,-0.000000000000000000e+00,-0.000000000000000000e+00,-0.000000000000000000e+00,-9.141813315382393834e-02,-0.000000000000000000e+00,-0.000000000000000000e+00,0.000000000000000000e+00,-3.017593951808775210e-01,-0.000000000000000000e+00,-0.000000000000000000e+00
0.000000000000000000e+00,0.000000000000000000e+00,-0.000000000000000000e+00,-0.000000000000000000e+00,0.000000000000000000e+00,1.650349507111610603e-01,6.383455949464224288e-02,1.970527015953202621e-01,-1.225882092016515046e-01,0.000000000000000000e+00,0.000000000000000000e+00,1.353194492860259057e+00,1.380303607306226921e-01,-0.000000000000000000e+00,0.000000000000000000e+00,-0.000000000000000000e+00,0.000000000000000000e+00,-0.000000000000000000e+00,-0.000000000000000000e+00,0.000000000000000000e+00,0.000000000000000000e+00,0.000000000000000000e+00,-1.481038738839748348e-01,-0.000000000000000000e+00,0.000000000000000000e+00,0.000000000000000000e+00,-0.000000000000000000e+00,0.000000000000000000e+00,0.000000000000000000e+00,0.000000000000000000e+00,-5.976204026603369052e-02,-0.000000000000000000e+00,0.000000000000000000e+00,-5.077318568799069759e-02,0.000000000000000000e+00,-0.000000000000000000e+00,0.000000000000000000e+00,0.000000000000000000e+00,-3.631527978273482726e-01
-0.000000000000000000e+00,-0.000000000000000000e+00,-0.000000000000000000e+00,-0.000000000000000000e+00,-0.000000000000000000e+00,-1.358800418502372209e-01,-2.256333388950622909e-01,-1.241608118306948561e-01,0.000000000000000000e+00,-0.000000000000000000e+00,-0.000000000000000000e+00,1.380303607306226921e-01,1.941718572084143224e+00,-0.000000000000000000e+00,-0.000000000000000000e+00,-0.000000000000000000e+00,-4.520940596484123580e-02,-1.270936510927612728e-01,9.336607667804926181e-02,-2.017593847852808264e-01,-0.000000000000000000e+00,-2.901218129542282309e-01,0.000000000000000000e+00,-0.000000000000000000e+00,-0.000000000000000000e+00,-0.000000000000000000e+00,-0.000000000000000000e+00,-1.638813618428814900e-01,-1.547883933361399733e-01,-0.000000000000000000e+00,1.039723713881194819e-02,1.218269963967006375e-01,-3.559030171653433938e-01,8.878216083106175993e-02,-6.732573614274532658e-02,0.000000000000000000e+00,-0.000000000000000000e+00,-4.767800981911669844e-02,0.000000000000000000e+00
-0.000000000000000000e+00,-0.000000000000000000e+00,-1.130047281094485184e-01,-0.000000000000000000e+00,-4.016230164743347930e-01,-0.000000000000000000e+00,-0.000000000000000000e+00,0.000000000000000000e+00,-1.437931954593581196e-01,-1.678265319564891112e-01,-3.129474417828755350e-01,-0.000000000000000000e+00,-0.000000000000000000e+00,2.024318766372924738e+00,-0.000000000000000000e+00,-0.000000000000000000e+00,-0.000000000000000000e+00,-0.000000000000000000e+00,-0.000000000000000000e+00,-0.000000000000000000e+00,-0.000000000000000000e+00,-0.000000000000000000e+00,-0.000000000000000000e+00,-7.349751889330442822e-02,-2.558803762680756377e-01,-2.520502513040577264e-01,-6.291401611626076806e-02,-0.000000000000000000e+00,-1.911596966890985808e-02,-1.837266598323253619e-01,-0.000000000000000000e+00,-0.000000000000000000e+00,-0.000000000000000000e+00,-0.000000000000000000e+00,-0.000000000000000000e+00,-0.000000000000000000e+00,-8.664621837111990965e-02,-0.000000000000000000e+00,-3.381187698494842603e-02
-0.000000000000000000e+00,-0.000000000000000000e+00,-4.907512222409196601e-02,-0.000000000000000000e+00,-0.000000000000000000e+00,-2.896363990975742760e-03,-0.000000000000000000e+00,-0.000000000000000000e+00,-0.000000000000000000e+00,-0.000000000000000000e+00,-4.350214879412544478e-01,0.000000000000000000e+00,-0.000000000000000000e+00,-0.000000000000000000e+00,2.067640220232657811e+00,-0.000000000000000000e+00,-3.591017703383360127e-01,-9.491278149330989455e-02,-0.000000000000000000e+00,-1.703636252416579622e-01,-5.475371855878035515e-02,-2.250727011462034521e-01,0.000000000000000000e+00,-0.000000000000000000e+00,-5.030952712301002897e-03,-2.249344798055816497e-01,-0.000000000000000000e+00,-2.102941839496814957e-01,-1.053163025583537804e-01,-0.000000000000000000e+00,-0.000000000000000000e+00,0.000000000000000000e+00,-0.000000000000000000e+00,-0.000000000000000000e+00,-0.000000000000000000e+00,0.000000000000000000e+00,-0.000000000000000000e+00,-0.000000000000000000e+00,-0.000000000000000000e+00
-2.193804251057458743e-01,-2.554769398812213876e-01,-0.000000000000000000e+00,-0.000000000000000000e+00,-0.000000000000000000e+00,-0.000000000000000000e+00,-0.000000000000000000e+00,0.000000000000000000e+00,-1.828749319955483010e-01,-6.470387839505239436e-01,-0.000000000000000000e+00,-0.000000000000000000e+00,-0.000000000000000000e+00,-0.000000000000000000e+00,-0.000000000000000000e+00,1.912033481370225774e+00,-0.000000000000000000e+00,-0.000000000000000000e+00,-0.000000000000000000e+00,-0.000000000000000000e+00,-0.000000000000000000e+00,-0.000000000000000000e+00,-0.000000000000000000e+00,-0.000000000000000000e+00,-0.000000000000000000e+00,-8.569938856723598175e-02,-0.000000000000000000e+00,-0.000000000000000000e+00,-0.000000000000000000e+00,-2.890671190321060791e-01,-0.000000000000000000e+00,-0.000000000000000000e+00,-0.000000000000000000e+00,-0.000000000000000000e+00,-0.000000000000000000e+00,-1.164186971848567009e-01,-0.000000000000000000e+00,-0.000000000000000000e+00,-0.000000000000000000e+00
-0.000000000000000000e+00,-0.000000000000000000e+00,-0.000000000000000000e+00,-0.000000000000000000e+00,-1.204702676881957805e-02,-7.048480841753708426e-02,-6.219008667985226335e-02,-0.000000000000000000e+00,-0.000000000000000000e+00,-0.000000000000000000e+00,-5.839781418282364855e-01,0.000000000000000000e+00,-4.520940596484123580e-02,-0.000000000000000000e+00,-3.591017703383360127e-01,-0.000000000000000000e+00,2.632619208167875868e+00,-2.356045522876897697e-02,-0.000000000000000000e+00,-1.167395398379264815e-01,-1.357727561964953422e-01,-0.000000000000000000e+00,0.000000000000000000e+00,-0.000000000000000000e+00,-1.633919510627870331e-01,-2.080708168995855645e-01,-8.187461067466593467e-02,-2.808973207856330645e-01,-1.432876775037181527e-01,-0.000000000000000000e+00,-0.000000000000000000e+00,0.000000000000000000e+00,-3.186323666482236416e-01,-0.000000000000000000e+00,-0.000000000000000000e+00,0.000000000000000000e+00,-1.476945308405309409e-01,-0.000000000000000000e+00,-0.000000000000000000e+00
-0.000000000000000000e+00,-0.000000000000000000e+00,-0.000000000000000000e+00,-7.259480730420690697e-02,-0.000000000000000000e+00,-0.000000000000000000e+00,-0.000000000000000000e+00,-0.000000000000000000e+00,-0.000000000000000000e+00,-0.000000000000000000e+00,-0.000000000000000000e+00,-0.000000000000000000e+00,-1.270936510927612728e-01,-0.000000000000000000e+00,-9.491278149330989455e-02,-0.000000000000000000e+00,-2.356045522876897697e-02,1.483833492754039529e+00,0.000000000000000000e+00,-0.000000000000000000e+00,-0.000000000000000000e+00,-0.000000000000000000e+00,0.000000000000000000e+00,-0.000000000000000000e+00,-8.450704758978072606e-02,-4.078304251842318484e-02,-0.000000000000000000e+00,-1.567801290029651184e-01,-1.794943625972522938e-01,-0.000000000000000000e+00,0.000000000000000000e+00,0.000000000000000000e+00,-1.414152823409403070e-01,0.000000000000000000e+00,-1.915980254367235791e-01,0.000000000000000000e+00,-0.000000000000000000e+00,-1.044291346512826180e-01,-0.000000000000000000e+00
0.000000000000000000e+00,-0.000000000000000000e+00,-0.000000000000000000e+00,-3.497067043505633355e-02,-2.991316788178396413e-01,0.000000000000000000e+00,0.000000000000000000e+00,0.000000000000000000e+00,-3.373497860536123771e-01,-0.000000000000000000e+00,-0.000000000000000000e+00,-0.000000000000000000e+00,9.336607667804926181e-02,-0.000000000000000000e+00,-0.000000000000000000e+00,-0.000000000000000000e+00,-0.000000000000000000e+00,0.000000000000000000e+00,1.596101244293298249e+00,0.000000000000000000e+00,-0.000000000000000000e+00,0.000000000000000000e+00,-0.000000000000000000e+00,-0.000000000000000000e+00,0.000000000000000000e+00,-0.000000000000000000e+00,-0.000000000000000000e+00,0.000000000000000000e+00,0.000000000000000000e+00,-0.000000000000000000e+00,-1.769305619597597301e-01,-0.000000000000000000e+00,0.000000000000000000e+00,-4.222463829529967128e-01,0.000000000000000000e+00,0.000000000000000000e+00,0.000000000000000000e+00,0.000000000000000000e+00,-0.000000000000000000e+00
-0.000000000000000000e+00,-0.000000000000000000e+00,-0.000000000000000000e+00,-0.000000000000000000e+00,-0.000000000000000000e+00,-8.800933528306181808e-02,-3.935211459211221396e-01,-0.000000000000000000e+00,0.000000000000000000e+00,-0.000000000000000000e+00,-0.000000000000000000e+00,0.000000000000000000e+00,-2.017593847852808264e-01,-0.000000000000000000e+00,-1.703636252416579622e-01,-0.000000000000000000e+00,-1.167395398379264815e-01,-0.000000000000000000e+00,0.000000000000000000e+00,2.058261790509481770e+00,-3.617453918774170968e-02,-3.494898073930619575e-01,8.973453971350876801e-02,-0.000000000000000000e+00,-3.398382751203087720e-02,-0.000000000000000000e+00,-0.000000000000000000e+00,-1.558270211554789453e-01,-2.477276634744541572e-01,-0.000000000000000000e+00,0.000000000000000000e+00,0.000000000000000000e+00,-1.921931830374188355e-01,0.000000000000000000e+00,-0.000000000000000000e+00,0.000000000000000000e+00,-0.000000000000000000e+00,-1.150205674563661937e-03,-0.000000000000000000e+00
-0.000000000000000000e+00,-0.000000000000000000e+00,-4.389213244171382144e-01,-0.000000000000000000e+00,-3.319870552549383791e-02,-0.000000000000000000e+00,-0.000000000000000000e+00,-0.000000000000000000e+00,-0.000000000000000000e+00,-0.000000000000000000e+00,-0.000000000000000000e+00,0.000000000000000000e+00,-0.000000000000000000e+00,-0.000000000000000000e+00,-5.475371855878035515e-02,-0.000000000000000000e+00,-1.357727561964953422e-01,-0.000000000000000000e+00,-0.000000000000000000e+00,-3.617453918774170968e-02,1.704779027867496355e+00,-0.000000000000000000e+00,1.083191313019543113e-02,-2.585460474142020626e-02,-0.000000000000000000e+00,-0.000000000000000000e+00,-2.225842486854607283e-01,-3.459391668602851411e-01,-0.000000000000000000e+00,0.000000000000000000e+00,-0.000000000000000000e+00,0.000000000000000000e+00,-1.414429492646024911e-01,-0.000000000000000000e+00,-0.000000000000000000e+00,5.861819470975571100e-02,-0.000000000000000000e+00,-0.000000000000000000e+00,-0.000000000000000000e+00
-0.000000000000000000e+00,-0.000000000000000000e+00,-0.000000000000000000e+00,-0.000000000000000000e+00,-0.000000000000000000e+00,-2.601164955774254439e-02,-8.135978074571774410e-02,-0.000000000000000000e+00,0.000000000000000000e+00,-0.000000000000000000e+00,-0.000000000000000000e+00,0.000000000000000000e+00,-2.901218129542282309e-01,-0.000000000000000000e+00,-2.250727011462034521e-01,-0.000000000000000000e+00,-0.000000000000000000e+00,-0.000000000000000000e+00,0.000000000000000000e+00,-3.494898073930619575e-01,-0.000000000000000000e+00,1.615733649451248866e+00,0.000000000000000000e+00,-0.000000000000000000e+00,-1.856972672790624113e-01,-0.000000000000000000e+00,-0.000000000000000000e+00,-0.000000000000000000e+00,-1.233757917275182664e-01,-0.000000000000000000e+00,0.000000000000000000e+00,0.000000000000000000e+00,-0.000000000000000000e+00,0.000000000000000000e+00,-1.008394477842732700e-02,0.000000000000000000e+00,-0.000000000000000000e+00,-2.806695912206034690e-02,0.000000000000000000e+00
-0.000000000000000000e+00,-0.000000000000000000e+00,0.000000000000000000e+00,-0.000000000000000000e+00,0.000000000000000000e+00,0.000000000000000000e+00,9.117028611590090315e-03,1.002434023096182708e-01,-2.286782585531403622e-01,-0.000000000000000000e+00,0.000000000000000000e+00,-1.481038738839748348e-01,0.000000000000000000e+00,-0.000000000000000000e+00,0.000000000000000000e+00,-0.000000000000000000e+00,0.000000000000000000e+00,0.000000000000000000e+00,-0.000000000000000000e+00,8.973453971350876801e-02,1.083191313019543113e-02,0.000000000000000000e+00,1.288974368237435275e+00,-0.000000000000000000e+00,-0.000000000000000000e+00,0.000000000000000000e+00,0.000000000000000000e+00,1.161054059519282533e-01,0.000000000000000000e+00,-0.000000000000000000e+00,-0.000000000000000000e+00,-3.242202598300403249e-01,2.218526225085391042e-04,-0.000000000000000000e+00,0.000000000000000000e+00,-1.343894786587385703e-01,0.000000000000000000e+00,0.000000000000000000e+00,-0.000000000000000000e+00
-0.000000000000000000e+00,-0.000000000000000000e+00,-3.008825716696214569e-01,-0.000000000000000000e+00,-0.000000000000000000e+00,-0.000000000000000000e+00,-0.000000000000000000e+00,6.915275133520585454e-03,-0.000000000000000000e+00,-0.000000000000000000e+00,-8.133324888152862475e-02,-0.000000000000000000e+00,-0.000000000000000000e+00,-7.349751889330442822e-02,-0.000000000000000000e+00,-0.000000000000000000e+00,-0.000000000000000000e+00,-0.000000000000000000e+00,-0.000000000000000000e+00,-0.000000000000000000e+00,-2.585460474142020626e-02,-0.000000000000000000e+00,-0.000000000000000000e+00,1.349066032557166173e+00,-2.715142877299236424e-01,-8.036913826453795373e-02,-0.000000000000000000e+00,-0.000000000000000000e+00,-0.000000000000000000e+00,-0.000000000000000000e+00,-0.000000000000000000e+00,-0.000000000000000000e+00,-0.000000000000000000e+00,-0.000000000000000000e+00,-3.195667492960928713e-03,-0.000000000000000000e+00,-0.000000000000000000e+00,-4.780894153097908772e-02,-0.000000000000000000e+00
-0.000000000000000000e+00,-0.000000000000000000e+00,-0.000000000000000000e+00,-0.000000000000000000e+00,-0.000000000000000000e+00,-0.000000000000000000e+00,-7.044812466318792210e-02,-0.000000000000000000e+00,-0.000000000000000000e+00,-1.856695680008575711e-01,-0.000000000000000000e+00,0.000000000000000000e+00,-0.000000000000000000e+00,-2.558803762680756377e-01,-5.030952712301002897e-03,-0.000000000000000000e+00,-1.633919510627870331e-01,-8.450704758978072606e-02,0.000000000000000000e+00,-3.398382751203087720e-02,-0.000000000000000000e+00,-1.856972672790624113e-01,-0.000000000000000000e+00,-2.715142877299236424e-01,2.285123342058668516e+00,-2.765879038414311153e-01,-0.000000000000000000e+00,-6.196297957287622005e-02,-1.905992252349389404e-01,-1.458377332535028548e-01,0.000000000000000000e+00,0.000000000000000000e+00,-1.975353974241606664e-02,-0.000000000000000000e+00,-1.004980913284709253e-02,-0.000000000000000000e+00,-2.019778585449377439e-01,-3.911893852952801343e-01,-0.000000000000000000e+00
-1.695226967983180510e-01,-0.000000000000000000e+00,-1.307056399212298547e-01,-0.000000000000000000e+00,-9.673824417886627003e-02,-0.000000000000000000e+00,-0.000000000000000000e+00,0.000000000000000000e+00,-0.000000000000000000e+00,-1.276202164906165837e-01,-2.628588939218555742e-01,0.000000000000000000e+00,-0.000000000000000000e+00,-2.520502513040577264e-01,-2.249344798055816497e-01,-8.569938856723598175e-02,-2.080708168995855645e-01,-4.078304251842318484e-02,-0.000000000000000000e+00,-0.000000000000000000e+00,-0.000000000000000000e+00,-0.000000000000000000e+00,0.000000000000000000e+00,-8.036913826453795373e-02,-2.765879038414311153e-01,2.708866442413804698e+00,-4.332053616010958508e-01,-1.188001624194022082e-01,-3.090463689045710449e-01,-0.000000000000000000e+00,-0.000000000000000000e+00,-0.000000000000000000e+00,-2.227329876268417663e-02,-0.000000000000000000e+00,-0.000000000000000000e+00,-0.000000000000000000e+00,-1.358262961886271547e-01,-1.219113849581049402e-01,-0.000000000000000000e+00
-0.000000000000000000e+00,-0.000000000000000000e+00,-4.333010397503499478e-01,-0.000000000000000000e+00,-0.000000000000000000e+00,-0.000000000000000000e+00,-0.000000000000000000e+00,0.000000000000000000e+00,-0.000000000000000000e+00,-0.000000000000000000e+00,-3.701077538677700896e-02,-0.000000000000000000e+00,-0.000000000000000000e+00,-6.291401611626076806e-02,-0.000000000000000000e+00,-0.000000000000000000e+00,-8.187461067466593467e-02,-0.000000000000000000e+00,-0.000000000000000000e+00,-0.000000000000000000e+00,-2.225842486854607283e-01,-0.000000000000000000e+00,0.000000000000000000e+00,-0.000000000000000000e+00,-0.000000000000000000e+00,-4.332053616010958508e-01,2.093649583579190399e+00,-0.000000000000000000e+00,-0.000000000000000000e+00,-0.000000000000000000e+00,-4.511753944318447895e-01,-0.000000000000000000e+00,-0.000000000000000000e+00,-0.000000000000000000e+00,-0.000000000000000000e+00,0.000000000000000000e+00,-0.000000000000000000e+00,-0.000000000000000000e+00,-4.057303568436362862e-01
-0.000000000000000000e+00,-0.000000000000000000e+00,-1.426709714378902039e-01,-0.000000000000000000e+00,-0.000000000000000000e+00,-1.184309445059130925e-02,-1.570189579694323267e-01,-0.000000000000000000e+00,0.000000000000000000e+00,-0.000000000000000000e+00,-7.117548290536299116e-02,0.000000000000000000e+00,-1.638813618428814900e-01,-0.000000000000000000e+00,-2.102941839496814957e-01,-0.000000000000000000e+00,-2.808973207856330645e-01,-1.567801290029651184e-01,0.000000000000000000e+00,-1.558270211554789453e-01,-3.459391668602851411e-01,-0.000000000000000000e+00,1.161054059519282533e-01,-0.000000000000000000e+00,-6.196297957287622005e-02,-1.188001624194022082e-01,-0.000000000000000000e+00,2.604232628784049375e+00,-2.532408943811654267e-01,-0.000000000000000000e+00,-0.000000000000000000e+00,0.000000000000000000e+00,-5.536863633958887254e-01,0.000000000000000000e+00,-0.000000000000000000e+00,0.000000000000000000e+00,-0.000000000000000000e+00,-9.564861583926674571e-02,-0.000000000000000000e+00
-2.237519943231675856e-01,-0.000000000000000000e+00,-0.000000000000000000e+00,-0.000000000000000000e+00,-0.000000000000000000e+00,-2.100584022739714896e-01,-1.788773633591585199e-02,-0.000000000000000000e+00,-0.000000000000000000e+00,-6.565821906103797012e-02,-2.522056055961481857e-01,0.000000000000000000e+00,-1.547883933361399733e-01,-1.911596966890985808e-02,-1.053163025583537804e-01,-0.000000000000000000e+00,-1.432876775037181527e-01,-1.794943625972522938e-01,0.000000000000000000e+00,-2.477276634744541572e-01,-0.000000000000000000e+00,-1.233757917275182664e-01,0.000000000000000000e+00,-0.000000000000000000e+00,-1.905992252349389404e-01,-3.090463689045710449e-01,-0.000000000000000000e+00,-2.532408943811654267e-01,2.705575834814617497e+00,-0.000000000000000000e+00,0.000000000000000000e+00,0.000000000000000000e+00,-2.680566306728118797e-01,0.000000000000000000e+00,-1.468748491352190599e-01,-0.000000000000000000e+00,-4.567536811743629771e-02,-1.774462330411424593e-01,-0.000000000000000000e+00
-1.049750009242731152e-01,-2.144811013776303232e-01,-0.000000000000000000e+00,-0.000000000000000000e+00,-4.543123372557714146e-02,-0.000000000000000000e+00,-0.000000000000000000e+00,0.000000000000000000e+00,-1.338680314522101567e-01,-4.009342375164849370e-01,-0.000000000000000000e+00,0.000000000000000000e+00,-0.000000000000000000e+00,-1.837266598323253619e-01,-0.000000000000000000e+00,-2.890671190321060791e-01,-0.000000000000000000e+00,-0.000000000000000000e+00,-0.000000000000000000e+00,-0.000000000000000000e+00,0.000000000000000000e+00,-0.000000000000000000e+00,-0.000000000000000000e+00,-0.000000000000000000e+00,-1.458377332535028548e-01,-0.000000000000000000e+00,-0.000000000000000000e+00,-0.000000000000000000e+00,-0.000000000000000000e+00,1.728764121952363508e+00,-0.000000000000000000e+00,-0.000000000000000000e+00,-0.000000000000000000e+00,-0.000000000000000000e+00,-0.000000000000000000e+00,-0.000000000000000000e+00,-0.000000000000000000e+00,-0.000000000000000000e+00,-0.000000000000000000e+00
-0.000000000000000000e+00,-0.000000000000000000e+00,-2.107595599052508317e-01,-0.000000000000000000e+00,-0.000000000000000000e+00,0.000000000000000000e+00,0.000000000000000000e+00,7.328255493873830906e-02,-0.000000000000000000e+00,-0.000000000000000000e+00,-0.000000000000000000e+00,-5.976204026603369052e-02,1.039723713881194819e-02,-0.000000000000000000e+00,-0.000000000000000000e+00,-0.000000000000000000e+00,-0.000000000000000000e+00,0.000000000000000000e+00,-1.769305619597597301e-01,0.000000000000000000e+00,-0.000000000000000000e+00,0.000000000000000000e+00,-0.000000000000000000e+00,-0.000000000000000000e+00,0.000000000000000000e+00,-0.000000000000000000e+00,-4.511753944318447895e-01,-0.000000000000000000e+00,0.000000000000000000e+00,-0.000000000000000000e+00,1.655680433140854779e+00,-0.000000000000000000e+00,-0.000000000000000000e+00,-4.704489695576836716e-01,0.000000000000000000e+00,0.000000000000000000e+00,-0.000000000000000000e+00,0.000000000000000000e+00,-1.736573262183109881e-02
-0.000000000000000000e+00,-3.846442687438467178e-01,0.000000000000000000e+00,0.000000000000000000e+00,-0.000000000000000000e+00,-0.000000000000000000e+00,6.947928755756788144e-02,0.000000000000000000e+00,-2.885436151450066489e-01,-0.000000000000000000e+00,-0.000000000000000000e+00,-0.000000000000000000e+00,1.218269963967006375e-01,-0.000000000000000000e+00,0.000000000000000000e+00,-0.000000000000000000e+00,0.000000000000000000e+00,0.000000000000000000e+00,-0.000000000000000000e+00,0.000000000000000000e+00,0.000000000000000000e+00,0.000000000000000000e+00,-3.242202598300403249e-01,-0.000000000000000000e+00,0.000000000000000000e+00,-0.000000000000000000e+00,-0.000000000000000000e+00,0.000000000000000000e+00,0.000000000000000000e+00,-0.000000000000000000e+00,-0.000000000000000000e+00,1.417887286861703400e+00,0.000000000000000000e+00,-1.127408379980938818e-01,0.000000000000000000e+00,-0.000000000000000000e+00,-0.000000000000000000e+00,0.000000000000000000e+00,-0.000000000000000000e+00
-0.000000000000000000e+00,-0.000000000000000000e+00,-6.343257421418857858e-03,-0.000000000000000000e+00,-0.000000000000000000e+00,-0.000000000000000000e+00,-2.701872873615241422e-01,-0.000000000000000000e+00,0.000000000000000000e+00,-0.000000000000000000e+00,-9.141813315382393834e-02,0.000000000000000000e+00,-3.559030171653433938e-01,-0.000000000000000000e+00,-0.000000000000000000e+00,-0.000000000000000000e+00,-3.186323666482236416e-01,-1.414152823409403070e-01,0.000000000000000000e+00,-1.921931830374188355e-01,-1.414429492646024911e-01,-0.000000000000000000e+00,2.218526225085391042e-04,-0.000000000000000000e+00,-1.975353974241606664e-02,-2.227329876268417663e-02,-0.000000000000000000e+00,-5.536863633958887254e-01,-2.680566306728118797e-01,-0.000000000000000000e+00,-0.000000000000000000e+00,0.000000000000000000e+00,2.585098282134676850e+00,0.000000000000000000e+00,-7.470167577257580405e-02,0.000000000000000000e+00,-2.213104558624521268e-01,-9.525601087178789395e-02,-0.000000000000000000e+00
-0.000000000000000000e+00,-0.000000000000000000e+00,-1.679847505375411595e-02,-0.000000000000000000e+00,-3.223817182986392083e-01,0.000000000000000000e+00,0.000000000000000000e+00,0.000000000000000000e+00,-4.935024483817256336e-01,-0.000000000000000000e+00,-0.000000000000000000e+00,-5.077318568799069759e-02,8.878216083106175993e-02,-0.000000000000000000e+00,-0.000000000000000000e+00,-0.000000000000000000e+00,-0.000000000000000000e+00,0.000000000000000000e+00,-4.222463829529967128e-01,0.000000000000000000e+00,-0.000000000000000000e+00,0.000000000000000000e+00,-0.000000000000000000e+00,-0.000000000000000000e+00,-0.000000000000000000e+00,-0.000000000000000000e+00,-0.000000000000000000e+00,0.000000000000000000e+00,0.000000000000000000e+00,-0.000000000000000000e+00,-4.704489695576836716e-01,-1.127408379980938818e-01,0.000000000000000000e+00,2.099416139909652035e+00,0.000000000000000000e+00,0.000000000000000000e+00,-0.000000000000000000e+00,-0.000000000000000000e+00,-2.825744576963429844e-01
-0.000000000000000000e+00,-0.000000000000000000e+00,-0.000000000000000000e+00,-0.000000000000000000e+00,-0.000000000000000000e+00,-0.000000000000000000e+00,-0.000000000000000000e+00,-0.000000000000000000e+00,0.000000000000000000e+00,-0.000000000000000000e+00,-0.000000000000000000e+00,0.000000000000000000e+00,-6.732573614274532658e-02,-0.000000000000000000e+00,-0.000000000000000000e+00,-0.000000000000000000e+00,-0.000000000000000000e+00,-1.915980254367235791e-01,0.000000000000000000e+00,-0.000000000000000000e+00,-0.000000000000000000e+00,-1.008394477842732700e-02,0.000000000000000000e+00,-3.195667492960928713e-03,-1.004980913284709253e-02,-0.000000000000000000e+00,-0.000000000000000000e+00,-0.000000000000000000e+00,-1.468748491352190599e-01,-0.000000000000000000e+00,0.000000000000000000e+00,0.000000000000000000e+00,-7.470167577257580405e-02,0.000000000000000000e+00,1.219954417161980276e+00,-0.000000000000000000e+00,-1.708240752353603620e-01,-1.374812443928262289e-02,0.000000000000000000e+00
-0.000000000000000000e+00,-0.000000000000000000e+00,0.000000000000000000e+00,0.000000000000000000e+00,0.000000000000000000e+00,-0.000000000000000000e+00,0.000000000000000000e+00,0.000000000000000000e+00,-0.000000000000000000e+00,-0.000000000000000000e+00,0.000000000000000000e+00,-0.000000000000000000e+00,0.000000000000000000e+00,-0.000000000000000000e+00,0.000000000000000000e+00,-1.164186971848567009e-01,0.000000000000000000e+00,0.000000000000000000e+00,0.000000000000000000e+00,0.000000000000000000e+00,5.861819470975571100e-02,0.000000000000000000e+00,-1.343894786587385703e-01,-0.000000000000000000e+00,-0.000000000000000000e+00,-0.000000000000000000e+00,0.000000000000000000e+00,0.000000000000000000e+00,-0.000000000000000000e+00,-0.000000000000000000e+00,0.000000000000000000e+00,-0.000000000000000000e+00,0.000000000000000000e+00,0.000000000000000000e+00,-0.000000000000000000e+00,1.034011372585600164e+00,-0.000000000000000000e+00,-0.000000000000000000e+00,0.000000000000000000e+00
-0.000000000000000000e+00,-1.960218767766578052e-01,-0.000000000000000000e+00,-0.000000000000000000e+00,-0.000000000000000000e+00,-1.737054493190172411e-01,-0.000000000000000000e+00,-0.000000000000000000e+00,-0.000000000000000000e+00,-0.000000000000000000e+00,-3.017593951808775210e-01,0.000000000000000000e+00,-0.000000000000000000e+00,-8.664621837111990965e-02,-0.000000000000000000e+00,-0.000000000000000000e+00,-1.476945308405309409e-01,-0.000000000000000000e+00,0.000000000000000000e+00,-0.000000000000000000e+00,-0.000000000000000000e+00,-0.000000000000000000e+00,0.000000000000000000e+00,-0.000000000000000000e+00,-2.019778585449377439e-01,-1.358262961886271547e-01,-0.000000000000000000e+00,-0.000000000000000000e+00,-4.567536811743629771e-02,-0.000000000000000000e+00,-0.000000000000000000e+00,-0.000000000000000000e+00,-2.213104558624521268e-01,-0.000000000000000000e+00,-1.708240752353603620e-01,-0.000000000000000000e+00,1.785610296674422282e+00,-0.000000000000000000e+00,-0.000000000000000000e+00
-2.690776836310063841e-02,-0.000000000000000000e+00,-0.000000000000000000e+00,-0.000000000000000000e+00,-0.000000000000000000e+00,-0.000000000000000000e+00,-3.314161821927376350e-02,-0.000000000000000000e+00,-0.000000000000000000e+00,-0.000000000000000000e+00,-0.000000000000000000e+00,0.000000000000000000e+00,-4.767800981911669844e-02,-0.000000000000000000e+00,-0.000000000000000000e+00,-0.000000000000000000e+00,-0.000000000000000000e+00,-1.044291346512826180e-01,0.000000000000000000e+00,-1.150205674563661937e-03,-0.000000000000000000e+00,-2.806695912206034690e-02,0.000000000000000000e+00,-4.780894153097908772e-02,-3.911893852952801343e-01,-1.219113849581049402e-01,-0.000000000000000000e+00,-9.564861583926674571e-02,-1.774462330411424593e-01,-0.000000000000000000e+00,0.000000000000000000e+00,0.000000000000000000e+00,-9.525601087178789395e-02,-0.000000000000000000e+00,-1.374812443928262289e-02,-0.000000000000000000e+00,-0.000000000000000000e+00,1.530775512000754457e+00,-0.000000000000000000e+00
-0.000000000000000000e+00,-0.000000000000000000e+00,-1.812772488144110405e-01,-9.768742455268787650e-02,-0.000000000000000000e+00,0.000000000000000000e+00,0.000000000000000000e+00,2.901264040768414612e-02,-3.428366777435490342e-01,-0.000000000000000000e+00,-0.000000000000000000e+00,-3.631527978273482726e-01,0.000000000000000000e+00,-3.381187698494842603e-02,-0.000000000000000000e+00,-0.000000000000000000e+00,-0.000000000000000000e+00,-0.000000000000000000e+00,-0.000000000000000000e+00,-0.000000000000000000e+00,-0.000000000000000000e+00,0.000000000000000000e+00,-0.000000000000000000e+00,-0.000000000000000000e+00,-0.000000000000000000e+00,-0.000000000000000000e+00,-4.057303568436362862e-01,-0.000000000000000000e+00,-0.000000000000000000e+00,-0.000000000000000000e+00,-1.736573262183109881e-02,-0.000000000000000000e+00,-0.000000000000000000e+00,-2.825744576963429844e-01,0.000000000000000000e+00,0.000000000000000000e+00,-0.000000000000000000e+00,-0.000000000000000000e+00,1.747512355330459455e+00
