1.817952306002795337e+00,-2.962863218903863394e-01,0.000000000000000000e+00,-0.000000000000000000e+00,-0.000000000000000000e+00,0.000000000000000000e+00,-0.000000000000000000e+00,-0.000000000000000000e+00,-1.162429615234470692e-01,-6.577236949705471403e-02,0.000000000000000000e+00,-0.000000000000000000e+00,3.487603291821373547e-02,-0.000000000000000000e+00,-1.557597135082063877e-01,-1.288474106817583953e-01,-0.000000000000000000e+00,0.000000000000000000e+00,0.000000000000000000e+00,-5.087793956501276797e-03,0.000000000000000000e+00,-1.722070310135169133e-02,-0.000000000000000000e+00,-7.244002358016100873e-02,0.000000000000000000e+00,0.000000000000000000e+00,0.000000000000000000e+00,0.000000000000000000e+00,0.000000000000000000e+00,-1.940051477001647207e-01,0.000000000000000000e+00,-0.000000000000000000e+00,0.000000000000000000e+00,-1.207618479608260631e-01,0.000000000000000000e+00,-0.000000000000000000e+00,0.000000000000000000e+00,-3.150671576832220766e-01,-1.708983953797112709e-01
-2.962863218903863394e-01,1.953299513972085677e+00,0.000000000000000000e+00,-4.270045651533019987e-02,-0.000000000000000000e+00,0.000000000000000000e+00,-0.000000000000000000e+00,-1.508433396179626775e-02,-1.544872126485235253e-01,-1.428355578199913545e-01,0.000000000000000000e+00,-0.000000000000000000e+00,6.252446268650184436e-02,-0.000000000000000000e+00,-5.001092762575264777e-02,-1.531066589338590245e-01,0.000000000000000000e+00,-0.000000000000000000e+00,1.139053755541090118e-01,-6.090098486273717165e-02,3.565523946678209044e-02,-1.020000917945037139e-01,-0.000000000000000000e+00,-7.811310503738716493e-02,0.000000000000000000e+00,0.000000000000000000e+00,0.000000000000000000e+00,0.000000000000000000e+00,0.000000000000000000e+00,-1.651420783277436077e-01,0.000000000000000000e+00,-0.000000000000000000e+00,0.000000000000000000e+00,-1.465526486081770441e-01,0.000000000000000000e+00,0.000000000000000000e+00,0.000000000000000000e+00,-1.697727421763617905e-01,-1.894918142621575541e-01
0.000000000000000000e+00,0.000000000000000000e+00,1.736780186296053685e+00,0.000000000000000000e+00,-0.000000000000000000e+00,-1.260805804694332677e-01,0.000000000000000000e+00,5.094072762638603979e-01,0.000000000000000000e+00,9.247080335537527507e-02,-0.000000000000000000e+00,0.000000000000000000e+00,-0.000000000000000000e+00,0.000000000000000000e+00,0.000000000000000000e+00,5.424531009759828160e-02,-0.000000000000000000e+00,0.000000000000000000e+00,-0.000000000000000000e+00,2.083001612960226900e-01,-1.851023948611323355e-01,0.000000000000000000e+00,-0.000000000000000000e+00,0.000000000000000000e+00,-7.366520074097616944e-02,-0.000000000000000000e+00,-0.000000000000000000e+00,-0.000000000000000000e+00,-4.938572587329146529e-02,0.000000000000000000e+00,-0.000000000000000000e+00,0.000000000000000000e+00,-2.269656669667661497e-01,0.000000000000000000e+00,-0.000000000000000000e+00,-0.000000000000000000e+00,-0.000000000000000000e+00,1.743939306031097591e-02,2.380835816244641565e-02
-0.000000000000000000e+00,-4.270045651533019987e-02,0.000000000000000000e+00,1.166939314606082023e+00,-0.000000000000000000e+00,0.000000000000000000e+00,-0.000000000000000000e+00,-0.000000000000000000e+00,-4.421891075855610004e-02,-1.294625758761192317e-03,0.000000000000000000e+00,-0.000000000000000000e+00,0.000000000000000000e+00,-0.000000000000000000e+00,-0.000000000000000000e+00,-4.722984100423987218e-03,0.000000000000000000e+00,-0.000000000000000000e+00,0.000000000000000000e+00,-0.000000000000000000e+00,0.000000000000000000e+00,-1.291845894677787210e-01,0.000000000000000000e+00,-0.000000000000000000e+00,0.000000000000000000e+00,0.000000000000000000e+00,3.350819852076782762e-02,1.429632253241485407e-01,1.224420697505123751e-01,-9.970793105210702667e-02,0.000000000000000000e+00,0.000000000000000000e+00,2.700782836408904906e-03,-0.000000000000000000e+00,0.000000000000000000e+00,0.000000000000000000e+00,0.000000000000000000e+00,-0.000000000000000000e+00,-1.003851264365786082e-02
-0.000000000000000000e+00,-0.000000000000000000e+00,-0.000000000000000000e+00,-0.000000000000000000e+00,1.078780801995941729e+00,-0.000000000000000000e+00,0.000000000000000000e+00,-0.000000000000000000e+00,-0.000000000000000000e+00,-0.000000000000000000e+00,-0.000000000000000000e+00,-1.716768549186499793e-01,0.000000000000000000e+00,-7.861534097778702379e-02,-0.000000000000000000e+00,-0.000000000000000000e+00,-0.000000000000000000e+00,1.133581349078660871e-01,0.000000000000000000e+00,-0.000000000000000000e+00,0.000000000000000000e+00,-0.000000000000000000e+00,-0.000000000000000000e+00,-0.000000000000000000e+00,-0.000000000000000000e+00,-0.000000000000000000e+00,-0.000000000000000000e+00,0.000000000000000000e+00,0.000000000000000000e+00,-5.421697616736174952e-02,-0.000000000000000000e+00,-0.000000000000000000e+00,-0.000000000000000000e+00,-7.532007650493478812e-02,-0.000000000000000000e+00,-6.855638046047804468e-02,-0.000000000000000000e+00,-0.000000000000000000e+00,-0.000000000000000000e+00
0.000000000000000000e+00,0.000000000000000000e+00,-1.260805804694332677e-01,0.000000000000000000e+00,-0.000000000000000000e+00,1.717290318711250041e+00,0.000000000000000000e+00,1.512155007014968564e-02,0.000000000000000000e+00,4.622927498741783575e-02,-2.933061714259023178e-01,-0.000000000000000000e+00,-0.000000000000000000e+00,0.000000000000000000e+00,0.000000000000000000e+00,2.971812330345646042e-02,-0.000000000000000000e+00,0.000000000000000000e+00,-0.000000000000000000e+00,3.968679434520962224e-02,-1.776624184465531650e-02,0.000000000000000000e+00,-0.000000000000000000e+00,0.000000000000000000e+00,-1.453974046826964628e-01,-3.035162612748275313e-02,-8.260009764497634743e-02,-2.648510625888684245e-01,-2.265470738619556335e-01,0.000000000000000000e+00,-9.651550001202233164e-02,-0.000000000000000000e+00,-1.754966295644740937e-01,0.000000000000000000e+00,-0.000000000000000000e+00,-0.000000000000000000e+00,-7.392109451014353128e-02,0.000000000000000000e+00,0.000000000000000000e+00
-0.000000000000000000e+00,-0.000000000000000000e+00,0.000000000000000000e+00,-0.000000000000000000e+00,0.000000000000000000e+00,0.000000000000000000e+00,1.000000000000000222e+00,-0.000000000000000000e+00,-0.000000000000000000e+00,-0.000000000000000000e+00,0.000000000000000000e+00,0.000000000000000000e+00,0.000000000000000000e+00,-0.000000000000000000e+00,-0.000000000000000000e+00,-0.000000000000000000e+00,-0.000000000000000000e+00,-0.000000000000000000e+00,0.000000000000000000e+00,-0.000000000000000000e+00,0.000000000000000000e+00,-0.000000000000000000e+00,-0.000000000000000000e+00,-0.000000000000000000e+00,0.000000000000000000e+00,0.000000000000000000e+00,0.000000000000000000e+00,0.000000000000000000e+00,0.000000000000000000e+00,-0.000000000000000000e+00,0.000000000000000000e+00,-0.000000000000000000e+00,0.000000000000000000e+00,-0.000000000000000000e+00,-0.000000000000000000e+00,0.000000000000000000e+00,0.000000000000000000e+00,-0.000000000000000000e+00,-0.000000000000000000e+00
-0.000000000000000000e+00,-1.508433396179626775e-02,5.094072762638603979e-01,-0.000000000000000000e+00,-0.000000000000000000e+00,1.512155007014968564e-02,-0.000000000000000000e+00,1.743332396236590753e+00,-4.182275294619437755e-02,-9.647508354159246846e-02,0.000000000000000000e+00,-0.000000000000000000e+00,0.000000000000000000e+00,-0.000000000000000000e+00,-0.000000000000000000e+00,-9.160649347929769593e-02,0.000000000000000000e+00,-0.000000000000000000e+00,0.000000000000000000e+00,-1.959735541572390216e-01,6.120726358189147731e-02,-1.075139527671959278e-01,0.000000000000000000e+00,-0.000000000000000000e+00,0.000000000000000000e+00,0.000000000000000000e+00,0.000000000000000000e+00,6.350928131687173794e-02,3.242293068318321397e-02,-0.000000000000000000e+00,0.000000000000000000e+00,-0.000000000000000000e+00,1.840655941656649253e-01,-0.000000000000000000e+00,0.000000000000000000e+00,0.000000000000000000e+00,0.000000000000000000e+00,-8.670060082456526596e-02,-9.106550562992542230e-02
-1.162429615234470692e-01,-1.544872126485235253e-01,0.000000000000000000e+00,-4.421891075855610004e-02,-0.000000000000000000e+00,0.000000000000000000e+00,-0.000000000000000000e+00,-4.182275294619437755e-02,2.091883862356941570e+00,-1.848509315004708831e-01,0.000000000000000000e+00,-0.000000000000000000e+00,2.922328275778945592e-02,-0.000000000000000000e+00,-3.508540307166595901e-02,-1.800910094999632616e-01,0.000000000000000000e+00,-0.000000000000000000e+00,2.153638770639762778e-01,-0.000000000000000000e+00,1.366373096778568386e-01,-8.926820926319661842e-02,0.000000000000000000e+00,-0.000000000000000000e+00,0.000000000000000000e+00,0.000000000000000000e+00,2.807698976803994079e-02,0.000000000000000000e+00,1.057003165977549314e-01,-2.215682726012952741e-01,0.000000000000000000e+00,-0.000000000000000000e+00,7.209470892149202545e-03,-2.249780921933779987e-01,0.000000000000000000e+00,0.000000000000000000e+00,0.000000000000000000e+00,-1.590262880472289864e-01,-1.695305334734634739e-01
-6.577236949705471403e-02,-1.428355578199913545e-01,9.247080335537527507e-02,-1.294625758761192317e-03,-0.000000000000000000e+00,4.622927498741783575e-02,-0.000000000000000000e+00,-9.647508354159246846e-02,-1.848509315004708831e-01,2.143088452977714553e+00,0.000000000000000000e+00,-0.000000000000000000e+00,5.206350223857617553e-03,-0.000000000000000000e+00,-0.000000000000000000e+00,-2.188963220698230128e-01,0.000000000000000000e+00,-0.000000000000000000e+00,1.548907807572865725e-01,-9.649900475396655519e-02,1.620979436117176986e-01,-9.816697445738296890e-02,0.000000000000000000e+00,-0.000000000000000000e+00,0.000000000000000000e+00,0.000000000000000000e+00,0.000000000000000000e+00,8.517057318909666830e-02,1.221973653337783683e-01,-1.498473417884205183e-01,0.000000000000000000e+00,-0.000000000000000000e+00,1.463981956584349819e-01,-9.791363848693981908e-02,0.000000000000000000e+00,0.000000000000000000e+00,0.000000000000000000e+00,-1.511332709506513217e-01,-1.517524716255702621e-01
0.000000000000000000e+00,0.000000000000000000e+00,-0.000000000000000000e+00,0.000000000000000000e+00,-0.000000000000000000e+00,-2.933061714259023178e-01,0.000000000000000000e+00,0.000000000000000000e+00,0.000000000000000000e+00,0.000000000000000000e+00,1.556138401274990812e+00,-0.000000000000000000e+00,-0.000000000000000000e+00,-0.000000000000000000e+00,0.000000000000000000e+00,0.000000000000000000e+00,-2.534352600852396997e-01,0.000000000000000000e+00,-0.000000000000000000e+00,0.000000000000000000e+00,-0.000000000000000000e+00,0.000000000000000000e+00,-1.022528540466714937e-02,-0.000000000000000000e+00,-5.673611216853365058e-02,-1.778289245082411985e-01,-1.815318451424045576e-01,-0.000000000000000000e+00,-6.220270844957670464e-02,0.000000000000000000e+00,-2.170811766712958946e-01,-0.000000000000000000e+00,-0.000000000000000000e+00,0.000000000000000000e+00,-0.000000000000000000e+00,-0.000000000000000000e+00,-1.144453936510068659e-01,0.000000000000000000e+00,0.000000000000000000e+00
-0.000000000000000000e+00,-0.000000000000000000e+00,0.000000000000000000e+00,-0.000000000000000000e+00,-1.716768549186499793e-01,-0.000000000000000000e+00,0.000000000000000000e+00,-0.000000000000000000e+00,-0.000000000000000000e+00,-0.000000000000000000e+00,-0.000000000000000000e+00,1.123000981268692966e+00,0.000000000000000000e+00,-1.622942233059500583e-01,-1.484000504470379400e-01,-0.000000000000000000e+00,-0.000000000000000000e+00,0.000000000000000000e+00,0.000000000000000000e+00,-0.000000000000000000e+00,0.000000000000000000e+00,-0.000000000000000000e+00,-0.000000000000000000e+00,-2.092155093306639554e-02,-0.000000000000000000e+00,-0.000000000000000000e+00,-0.000000000000000000e+00,-0.000000000000000000e+00,-0.000000000000000000e+00,-0.000000000000000000e+00,-0.000000000000000000e+00,-1.229318490266019526e-01,-0.000000000000000000e+00,-1.983490346443730901e-02,-0.000000000000000000e+00,-0.000000000000000000e+00,-0.000000000000000000e+00,-0.000000000000000000e+00,-0.000000000000000000e+00
3.487603291821373547e-02,6.252446268650184436e-02,-0.000000000000000000e+00,0.000000000000000000e+00,0.000000000000000000e+00,-0.000000000000000000e+00,0.000000000000000000e+00,0.000000000000000000e+00,2.922328275778945592e-02,5.206350223857617553e-03,-0.000000000000000000e+00,0.000000000000000000e+00,1.081363536261254588e+00,0.000000000000000000e+00,0.000000000000000000e+00,1.748503034601456632e-02,0.000000000000000000e+00,-0.000000000000000000e+00,-4.778741001460774795e-02,0.000000000000000000e+00,-3.426901998751365197e-02,0.000000000000000000e+00,0.000000000000000000e+00,0.000000000000000000e+00,-0.000000000000000000e+00,-0.000000000000000000e+00,-0.000000000000000000e+00,-3.256831591398276493e-02,-0.000000000000000000e+00,6.430145455778005226e-02,0.000000000000000000e+00,0.000000000000000000e+00,-0.000000000000000000e+00,3.945106677694009550e-02,-0.000000000000000000e+00,-0.000000000000000000e+00,-0.000000000000000000e+00,3.957621113273982610e-02,0.000000000000000000e+00
-0.000000000000000000e+00,-0.000000000000000000e+00,0.000000000000000000e+00,-0.000000000000000000e+00,-7.861534097778702379e-02,0.000000000000000000e+00,-0.000000000000000000e+00,-0.000000000000000000e+00,-0.000000000000000000e+00,-0.000000000000000000e+00,-0.000000000000000000e+00,-1.622942233059500583e-01,0.000000000000000000e+00,1.344807768154780536e+00,-1.047492161217646184e-01,-0.000000000000000000e+00,-0.000000000000000000e+00,0.000000000000000000e+00,1.119938445011932904e-01,-0.000000000000000000e+00,0.000000000000000000e+00,-0.000000000000000000e+00,-5.357458737454370845e-02,-4.299005403432342720e-01,-0.000000000000000000e+00,-0.000000000000000000e+00,0.000000000000000000e+00,0.000000000000000000e+00,0.000000000000000000e+00,-0.000000000000000000e+00,-0.000000000000000000e+00,-1.073725441649796691e-01,0.000000000000000000e+00,-1.483954627662582848e-01,-0.000000000000000000e+00,-0.000000000000000000e+00,-0.000000000000000000e+00,-0.000000000000000000e+00,-0.000000000000000000e+00
-1.557597135082063877e-01,-5.001092762575264777e-02,0.000000000000000000e+00,-0.000000000000000000e+00,-0.000000000000000000e+00,0.000000000000000000e+00,-0.000000000000000000e+00,-0.000000000000000000e+00,-3.508540307166595901e-02,-0.000000000000000000e+00,0.000000000000000000e+00,-1.484000504470379400e-01,0.000000000000000000e+00,-1.047492161217646184e-01,1.383741118021190708e+00,-6.856115687510952982e-03,-0.000000000000000000e+00,0.000000000000000000e+00,4.486709622184115870e-02,-0.000000000000000000e+00,0.000000000000000000e+00,-1.385920334818796507e-01,-0.000000000000000000e+00,-0.000000000000000000e+00,0.000000000000000000e+00,0.000000000000000000e+00,0.000000000000000000e+00,0.000000000000000000e+00,0.000000000000000000e+00,-8.582087729995327430e-02,0.000000000000000000e+00,-0.000000000000000000e+00,0.000000000000000000e+00,-1.891725907506188464e-01,-0.000000000000000000e+00,-0.000000000000000000e+00,0.000000000000000000e+00,-6.473125874408294789e-02,-1.000902960566415062e-01
-1.288474106817583953e-01,-1.531066589338590245e-01,5.424531009759828160e-02,-4.722984100423987218e-03,-0.000000000000000000e+00,2.971812330345646042e-02,-0.000000000000000000e+00,-9.160649347929769593e-02,-1.800910094999632616e-01,-2.188963220698230128e-01,0.000000000000000000e+00,-0.000000000000000000e+00,1.748503034601456632e-02,-0.000000000000000000e+00,-6.856115687510952982e-03,2.130071978121303999e+00,0.000000000000000000e+00,-0.000000000000000000e+00,1.189816556704573203e-01,-1.008283944821492112e-01,1.345133170090226093e-01,-8.041231398083871496e-02,0.000000000000000000e+00,-0.000000000000000000e+00,0.000000000000000000e+00,0.000000000000000000e+00,0.000000000000000000e+00,7.041305382530615997e-02,7.208161975979679448e-02,-2.147334264050662911e-01,0.000000000000000000e+00,-0.000000000000000000e+00,1.309742011532849804e-01,-1.216650768354499562e-01,0.000000000000000000e+00,0.000000000000000000e+00,0.000000000000000000e+00,-1.581845436388924497e-01,-1.531001867819236362e-01
-0.000000000000000000e+00,0.000000000000000000e+00,-0.000000000000000000e+00,0.000000000000000000e+00,-0.000000000000000000e+00,-0.000000000000000000e+00,-0.000000000000000000e+00,0.000000000000000000e+00,0.000000000000000000e+00,0.000000000000000000e+00,-2.534352600852396997e-01,-0.000000000000000000e+00,0.000000000000000000e+00,-0.000000000000000000e+00,-0.000000000000000000e+00,0.000000000000000000e+00,1.361243554578294379e+00,0.000000000000000000e+00,-0.000000000000000000e+00,0.000000000000000000e+00,-0.000000000000000000e+00,0.000000000000000000e+00,-1.204781270936691323e-01,-0.000000000000000000e+00,-0.000000000000000000e+00,-2.524350019776449017e-01,-3.282976657106170815e-02,-0.000000000000000000e+00,-0.000000000000000000e+00,0.000000000000000000e+00,-3.591747597881451981e-02,-2.717056414850223534e-01,-0.000000000000000000e+00,0.000000000000000000e+00,-8.579009803322175387e-02,-0.000000000000000000e+00,-5.424360826463926061e-02,0.000000000000000000e+00,0.000000000000000000e+00
0.000000000000000000e+00,-0.000000000000000000e+00,0.000000000000000000e+00,-0.000000000000000000e+00,1.133581349078660871e-01,0.000000000000000000e+00,-0.000000000000000000e+00,-0.000000000000000000e+00,-0.000000000000000000e+00,-0.000000000000000000e+00,0.000000000000000000e+00,0.000000000000000000e+00,-0.000000000000000000e+00,0.000000000000000000e+00,0.000000000000000000e+00,-0.000000000000000000e+00,0.000000000000000000e+00,1.014786561605837356e+00,0.000000000000000000e+00,-0.000000000000000000e+00,0.000000000000000000e+00,-0.000000000000000000e+00,0.000000000000000000e+00,0.000000000000000000e+00,0.000000000000000000e+00,0.000000000000000000e+00,0.000000000000000000e+00,0.000000000000000000e+00,0.000000000000000000e+00,0.000000000000000000e+00,0.000000000000000000e+00,0.000000000000000000e+00,0.000000000000000000e+00,0.000000000000000000e+00,0.000000000000000000e+00,3.948169317540271145e-02,0.000000000000000000e+00,-0.000000000000000000e+00,-0.000000000000000000e+00
0.000000000000000000e+00,1.139053755541090118e-01,-0.000000000000000000e+00,0.000000000000000000e+00,0.000000000000000000e+00,-0.000000000000000000e+00,0.000000000000000000e+00,0.000000000000000000e+00,2.153638770639762778e-01,1.548907807572865725e-01,-0.000000000000000000e+00,0.000000000000000000e+00,-4.778741001460774795e-02,1.119938445011932904e-01,4.486709622184115870e-02,1.189816556704573203e-01,-0.000000000000000000e+00,0.000000000000000000e+00,1.845602139633835792e+00,0.000000000000000000e+00,-2.468224171412638779e-01,7.334849982510009171e-03,0.000000000000000000e+00,8.961177498464559243e-02,-0.000000000000000000e+00,-0.000000000000000000e+00,-7.355496893194759037e-03,-0.000000000000000000e+00,-1.656098514094989441e-02,3.924316305757407503e-02,-0.000000000000000000e+00,0.000000000000000000e+00,-0.000000000000000000e+00,3.129420783880056400e-01,-0.000000000000000000e+00,-0.000000000000000000e+00,-0.000000000000000000e+00,1.250413485414824943e-01,1.503785788228473308e-01
-5.087793956501276797e-03,-6.090098486273717165e-02,2.083001612960226900e-01,-0.000000000000000000e+00,-0.000000000000000000e+00,3.968679434520962224e-02,-0.000000000000000000e+00,-1.959735541572390216e-01,-0.000000000000000000e+00,-9.649900475396655519e-02,0.000000000000000000e+00,-0.000000000000000000e+00,0.000000000000000000e+00,-0.000000000000000000e+00,-0.000000000000000000e+00,-1.008283944821492112e-01,0.000000000000000000e+00,-0.000000000000000000e+00,0.000000000000000000e+00,1.475087221176262453e+00,6.778631316065682200e-02,-3.036904319282044198e-02,0.000000000000000000e+00,-0.000000000000000000e+00,0.000000000000000000e+00,0.000000000000000000e+00,0.000000000000000000e+00,1.432574116440090382e-02,7.953759625684836757e-03,-0.000000000000000000e+00,0.000000000000000000e+00,-0.000000000000000000e+00,1.536737240627920609e-01,-0.000000000000000000e+00,0.000000000000000000e+00,0.000000000000000000e+00,0.000000000000000000e+00,-9.267284706800445193e-02,-9.238135461180795038e-02
0.000000000000000000e+00,3.565523946678209044e-02,-1.851023948611323355e-01,0.000000000000000000e+00,0.000000000000000000e+00,-1.776624184465531650e-02,0.000000000000000000e+00,6.120726358189147731e-02,1.366373096778568386e-01,1.620979436117176986e-01,-0.000000000000000000e+00,0.000000000000000000e+00,-3.426901998751365197e-02,0.000000000000000000e+00,0.000000000000000000e+00,1.345133170090226093e-01,-0.000000000000000000e+00,0.000000000000000000e+00,-2.468224171412638779e-01,6.778631316065682200e-02,1.851224565795675847e+00,0.000000000000000000e+00,-0.000000000000000000e+00,0.000000000000000000e+00,-0.000000000000000000e+00,-0.000000000000000000e+00,-8.261024101094320560e-02,-7.716626205682609874e-02,-1.299586974047675092e-01,0.000000000000000000e+00,-0.000000000000000000e+00,0.000000000000000000e+00,-1.678364392897984392e-01,8.521647394290636501e-02,-0.000000000000000000e+00,-0.000000000000000000e+00,-0.000000000000000000e+00,1.014212265867572987e-01,1.042317242545915956e-01
-1.722070310135169133e-02,-1.020000917945037139e-01,0.000000000000000000e+00,-1.291845894677787210e-01,-0.000000000000000000e+00,0.000000000000000000e+00,-0.000000000000000000e+00,-1.075139527671959278e-01,-8.926820926319661842e-02,-9.816697445738296890e-02,0.000000000000000000e+00,-0.000000000000000000e+00,0.000000000000000000e+00,-0.000000000000000000e+00,-1.385920334818796507e-01,-8.041231398083871496e-02,0.000000000000000000e+00,-0.000000000000000000e+00,7.334849982510009171e-03,-3.036904319282044198e-02,0.000000000000000000e+00,1.494537483797211630e+00,0.000000000000000000e+00,-0.000000000000000000e+00,0.000000000000000000e+00,0.000000000000000000e+00,4.110782828849721821e-03,0.000000000000000000e+00,2.394343049094909553e-02,-1.095866739268064188e-01,0.000000000000000000e+00,-0.000000000000000000e+00,0.000000000000000000e+00,-8.986690090025085953e-02,0.000000000000000000e+00,0.000000000000000000e+00,0.000000000000000000e+00,-7.379381769074863651e-02,-1.641407843755183227e-01
-0.000000000000000000e+00,-0.000000000000000000e+00,-0.000000000000000000e+00,0.000000000000000000e+00,-0.000000000000000000e+00,-0.000000000000000000e+00,-0.000000000000000000e+00,0.000000000000000000e+00,0.000000000000000000e+00,0.000000000000000000e+00,-1.022528540466714937e-02,-0.000000000000000000e+00,0.000000000000000000e+00,-5.357458737454370845e-02,-0.000000000000000000e+00,0.000000000000000000e+00,-1.204781270936691323e-01,0.000000000000000000e+00,0.000000000000000000e+00,0.000000000000000000e+00,-0.000000000000000000e+00,0.000000000000000000e+00,1.246707567456395660e+00,-0.000000000000000000e+00,-2.599873068915644625e-01,-2.521796106251930625e-03,-0.000000000000000000e+00,-0.000000000000000000e+00,-0.000000000000000000e+00,0.000000000000000000e+00,-2.600986545803595229e-01,-9.392468470891116028e-02,-0.000000000000000000e+00,-0.000000000000000000e+00,-4.589901165015408679e-02,-0.000000000000000000e+00,-0.000000000000000000e+00,-0.000000000000000000e+00,0.000000000000000000e+00
-7.244002358016100873e-02,-7.811310503738716493e-02,0.000000000000000000e+00,-0.000000000000000000e+00,-0.000000000000000000e+00,0.000000000000000000e+00,-0.000000000000000000e+00,-0.000000000000000000e+00,-0.000000000000000000e+00,-0.000000000000000000e+00,-0.000000000000000000e+00,-2.092155093306639554e-02,0.000000000000000000e+00,-4.299005403432342720e-01,-0.000000000000000000e+00,-0.000000000000000000e+00,-0.000000000000000000e+00,0.000000000000000000e+00,8.961177498464559243e-02,-0.000000000000000000e+00,0.000000000000000000e+00,-0.000000000000000000e+00,-0.000000000000000000e+00,1.279643363484928242e+00,-0.000000000000000000e+00,-0.000000000000000000e+00,0.000000000000000000e+00,0.000000000000000000e+00,0.000000000000000000e+00,-0.000000000000000000e+00,-0.000000000000000000e+00,-1.378527332950807982e-01,0.000000000000000000e+00,-4.812605429659713718e-02,-0.000000000000000000e+00,0.000000000000000000e+00,-0.000000000000000000e+00,-3.071901776396039965e-02,-0.000000000000000000e+00
0.000000000000000000e+00,0.000000000000000000e+00,-7.366520074097616944e-02,0.000000000000000000e+00,-0.000000000000000000e+00,-1.453974046826964628e-01,0.000000000000000000e+00,0.000000000000000000e+00,0.000000000000000000e+00,0.000000000000000000e+00,-5.673611216853365058e-02,-0.000000000000000000e+00,-0.000000000000000000e+00,-0.000000000000000000e+00,0.000000000000000000e+00,0.000000000000000000e+00,-0.000000000000000000e+00,0.000000000000000000e+00,-0.000000000000000000e+00,0.000000000000000000e+00,-0.000000000000000000e+00,0.000000000000000000e+00,-2.599873068915644625e-01,-0.000000000000000000e+00,1.637280439830038459e+00,-1.063799496627125390e-01,-1.305930447566922004e-01,-1.671415505397516876e-01,-7.310386627181643393e-02,0.000000000000000000e+00,-2.331515600831010060e-01,-0.000000000000000000e+00,-1.563880358648295499e-01,0.000000000000000000e+00,-4.569919732458520290e-02,-0.000000000000000000e+00,-1.588938694568151067e-01,0.000000000000000000e+00,0.000000000000000000e+00
0.000000000000000000e+00,0.000000000000000000e+00,-0.000000000000000000e+00,0.000000000000000000e+00,-0.000000000000000000e+00,-3.035162612748275313e-02,0.000000000000000000e+00,0.000000000000000000e+00,0.000000000000000000e+00,0.000000000000000000e+00,-1.778289245082411985e-01,-0.000000000000000000e+00,-0.000000000000000000e+00,-0.000000000000000000e+00,0.000000000000000000e+00,0.000000000000000000e+00,-2.524350019776449017e-01,0.000000000000000000e+00,-0.000000000000000000e+00,0.000000000000000000e+00,-0.000000000000000000e+00,0.000000000000000000e+00,-2.521796106251930625e-03,-0.000000000000000000e+00,-1.063799496627125390e-01,1.726658985436865690e+00,-4.212345347284596198e-01,-2.589834145413972069e-02,-1.962659373617060832e-01,0.000000000000000000e+00,-2.171293360444800646e-01,-0.000000000000000000e+00,-4.679784792470395582e-02,0.000000000000000000e+00,-9.683300735348489285e-02,-5.427489240943651760e-02,-7.198728654169925245e-02,0.000000000000000000e+00,0.000000000000000000e+00
0.000000000000000000e+00,0.000000000000000000e+00,-0.000000000000000000e+00,3.350819852076782762e-02,-0.000000000000000000e+00,-8.260009764497634743e-02,0.000000000000000000e+00,0.000000000000000000e+00,2.807698976803994079e-02,0.000000000000000000e+00,-1.815318451424045576e-01,-0.000000000000000000e+00,-0.000000000000000000e+00,0.000000000000000000e+00,0.000000000000000000e+00,0.000000000000000000e+00,-3.282976657106170815e-02,0.000000000000000000e+00,-7.355496893194759037e-03,0.000000000000000000e+00,-8.261024101094320560e-02,4.110782828849721821e-03,-0.000000000000000000e+00,0.000000000000000000e+00,-1.305930447566922004e-01,-4.212345347284596198e-01,1.772927141989172561e+00,-9.304126588996043667e-02,-2.664735040773286157e-01,0.000000000000000000e+00,-1.400647686033332229e-01,-0.000000000000000000e+00,-1.147097311761993421e-01,0.000000000000000000e+00,-6.301397428422157720e-02,-0.000000000000000000e+00,-5.251281346983135284e-02,0.000000000000000000e+00,2.233221834301145348e-02
0.000000000000000000e+00,0.000000000000000000e+00,-0.000000000000000000e+00,1.429632253241485407e-01,0.000000000000000000e+00,-2.648510625888684245e-01,0.000000000000000000e+00,6.350928131687173794e-02,0.000000000000000000e+00,8.517057318909666830e-02,-0.000000000000000000e+00,-0.000000000000000000e+00,-3.256831591398276493e-02,0.000000000000000000e+00,0.000000000000000000e+00,7.041305382530615997e-02,-0.000000000000000000e+00,0.000000000000000000e+00,-0.000000000000000000e+00,1.432574116440090382e-02,-7.716626205682609874e-02,0.000000000000000000e+00,-0.000000000000000000e+00,0.000000000000000000e+00,-1.671415505397516876e-01,-2.589834145413972069e-02,-9.304126588996043667e-02,1.643040430836710586e+00,-2.140774419984158572e-01,0.000000000000000000e+00,-3.175404909426950834e-02,-0.000000000000000000e+00,-2.524088551969510541e-01,0.000000000000000000e+00,-0.000000000000000000e+00,-0.000000000000000000e+00,-1.052155273192041836e-02,0.000000000000000000e+00,0.000000000000000000e+00
0.000000000000000000e+00,0.000000000000000000e+00,-4.938572587329146529e-02,1.224420697505123751e-01,0.000000000000000000e+00,-2.265470738619556335e-01,0.000000000000000000e+00,3.242293068318321397e-02,1.057003165977549314e-01,1.221973653337783683e-01,-6.220270844957670464e-02,-0.000000000000000000e+00,-0.000000000000000000e+00,0.000000000000000000e+00,0.000000000000000000e+00,7.208161975979679448e-02,-0.000000000000000000e+00,0.000000000000000000e+00,-1.656098514094989441e-02,7.953759625684836757e-03,-1.299586974047675092e-01,2.394343049094909553e-02,-0.000000000000000000e+00,0.000000000000000000e+00,-7.310386627181643393e-02,-1.962659373617060832e-01,-2.664735040773286157e-01,-2.140774419984158572e-01,1.975165162280893894e+00,0.000000000000000000e+00,-0.000000000000000000e+00,-0.000000000000000000e+00,-1.882603090342873098e-01,0.000000000000000000e+00,-0.000000000000000000e+00,-0.000000000000000000e+00,-1.270951033593068491e-01,3.697279935348370128e-02,1.052475298635646012e-01
-1.940051477001647207e-01,-1.651420783277436077e-01,0.000000000000000000e+00,-9.970793105210702667e-02,-5.421697616736174952e-02,0.000000000000000000e+00,-0.000000000000000000e+00,-0.000000000000000000e+00,-2.215682726012952741e-01,-1.498473417884205183e-01,0.000000000000000000e+00,-0.000000000000000000e+00,6.430145455778005226e-02,-0.000000000000000000e+00,-8.582087729995327430e-02,-2.147334264050662911e-01,0.000000000000000000e+00,0.000000000000000000e+00,3.924316305757407503e-02,-0.000000000000000000e+00,0.000000000000000000e+00,-1.095866739268064188e-01,0.000000000000000000e+00,-0.000000000000000000e+00,0.000000000000000000e+00,0.000000000000000000e+00,0.000000000000000000e+00,0.000000000000000000e+00,0.000000000000000000e+00,1.837585718542462887e+00,0.000000000000000000e+00,-0.000000000000000000e+00,0.000000000000000000e+00,-1.997557654412481232e-01,0.000000000000000000e+00,-0.000000000000000000e+00,0.000000000000000000e+00,-9.817563392565409330e-02,-1.127182096057328525e-01
0.000000000000000000e+00,0.000000000000000000e+00,-0.000000000000000000e+00,0.000000000000000000e+00,-0.000000000000000000e+00,-9.651550001202233164e-02,0.000000000000000000e+00,0.000000000000000000e+00,0.000000000000000000e+00,0.000000000000000000e+00,-2.170811766712958946e-01,-0.000000000000000000e+00,0.000000000000000000e+00,-0.000000000000000000e+00,0.000000000000000000e+00,0.000000000000000000e+00,-3.591747597881451981e-02,0.000000000000000000e+00,-0.000000000000000000e+00,0.000000000000000000e+00,-0.000000000000000000e+00,0.000000000000000000e+00,-2.600986545803595229e-01,-0.000000000000000000e+00,-2.331515600831010060e-01,-2.171293360444800646e-01,-1.400647686033332229e-01,-3.175404909426950834e-02,-0.000000000000000000e+00,0.000000000000000000e+00,1.655491517784968725e+00,-0.000000000000000000e+00,-6.878018453148013189e-02,0.000000000000000000e+00,-1.051930187432653652e-01,-0.000000000000000000e+00,-2.117696458423155847e-01,0.000000000000000000e+00,0.000000000000000000e+00
-0.000000000000000000e+00,-0.000000000000000000e+00,0.000000000000000000e+00,0.000000000000000000e+00,-0.000000000000000000e+00,-0.000000000000000000e+00,-0.000000000000000000e+00,-0.000000000000000000e+00,-0.000000000000000000e+00,-0.000000000000000000e+00,-0.000000000000000000e+00,-1.229318490266019526e-01,0.000000000000000000e+00,-1.073725441649796691e-01,-0.000000000000000000e+00,-0.000000000000000000e+00,-2.717056414850223534e-01,0.000000000000000000e+00,0.000000000000000000e+00,-0.000000000000000000e+00,0.000000000000000000e+00,-0.000000000000000000e+00,-9.392468470891116028e-02,-1.378527332950807982e-01,-0.000000000000000000e+00,-0.000000000000000000e+00,-0.000000000000000000e+00,-0.000000000000000000e+00,-0.000000000000000000e+00,-0.000000000000000000e+00,-0.000000000000000000e+00,1.211367341980459589e+00,-0.000000000000000000e+00,-0.000000000000000000e+00,-1.435041132410307674e-01,-0.000000000000000000e+00,-9.367175865611265806e-02,-0.000000000000000000e+00,-0.000000000000000000e+00
0.000000000000000000e+00,0.000000000000000000e+00,-2.269656669667661497e-01,2.700782836408904906e-03,-0.000000000000000000e+00,-1.754966295644740937e-01,0.000000000000000000e+00,1.840655941656649253e-01,7.209470892149202545e-03,1.463981956584349819e-01,-0.000000000000000000e+00,-0.000000000000000000e+00,-0.000000000000000000e+00,0.000000000000000000e+00,0.000000000000000000e+00,1.309742011532849804e-01,-0.000000000000000000e+00,0.000000000000000000e+00,-0.000000000000000000e+00,1.536737240627920609e-01,-1.678364392897984392e-01,0.000000000000000000e+00,-0.000000000000000000e+00,0.000000000000000000e+00,-1.563880358648295499e-01,-4.679784792470395582e-02,-1.147097311761993421e-01,-2.524088551969510541e-01,-1.882603090342873098e-01,0.000000000000000000e+00,-6.878018453148013189e-02,-0.000000000000000000e+00,1.972479783272197196e+00,0.000000000000000000e+00,-0.000000000000000000e+00,-0.000000000000000000e+00,-0.000000000000000000e+00,0.000000000000000000e+00,6.396853116929138161e-02
-1.207618479608260631e-01,-1.465526486081770441e-01,0.000000000000000000e+00,-0.000000000000000000e+00,-7.532007650493478812e-02,0.000000000000000000e+00,-0.000000000000000000e+00,-0.000000000000000000e+00,-2.249780921933779987e-01,-9.791363848693981908e-02,0.000000000000000000e+00,-1.983490346443730901e-02,3.945106677694009550e-02,-1.483954627662582848e-01,-1.891725907506188464e-01,-1.216650768354499562e-01,0.000000000000000000e+00,0.000000000000000000e+00,3.129420783880056400e-01,-0.000000000000000000e+00,8.521647394290636501e-02,-8.986690090025085953e-02,-0.000000000000000000e+00,-4.812605429659713718e-02,0.000000000000000000e+00,0.000000000000000000e+00,0.000000000000000000e+00,0.000000000000000000e+00,0.000000000000000000e+00,-1.997557654412481232e-01,0.000000000000000000e+00,-0.000000000000000000e+00,0.000000000000000000e+00,2.016873022334220611e+00,0.000000000000000000e+00,0.000000000000000000e+00,0.000000000000000000e+00,-1.353920713388055419e-01,-1.266369207661513507e-01
0.000000000000000000e+00,0.000000000000000000e+00,-0.000000000000000000e+00,0.000000000000000000e+00,-0.000000000000000000e+00,-0.000000000000000000e+00,-0.000000000000000000e+00,0.000000000000000000e+00,0.000000000000000000e+00,0.000000000000000000e+00,-0.000000000000000000e+00,-0.000000000000000000e+00,-0.000000000000000000e+00,-0.000000000000000000e+00,-0.000000000000000000e+00,0.000000000000000000e+00,-8.579009803322175387e-02,0.000000000000000000e+00,-0.000000000000000000e+00,0.000000000000000000e+00,-0.000000000000000000e+00,0.000000000000000000e+00,-4.589901165015408679e-02,-0.000000000000000000e+00,-4.569919732458520290e-02,-9.683300735348489285e-02,-6.301397428422157720e-02,-0.000000000000000000e+00,-0.000000000000000000e+00,0.000000000000000000e+00,-1.051930187432653652e-01,-1.435041132410307674e-01,-0.000000000000000000e+00,0.000000000000000000e+00,1.425013965479416500e+00,-1.649498953875804252e-01,-4.653688123630941309e-01,0.000000000000000000e+00,0.000000000000000000e+00
-0.000000000000000000e+00,0.000000000000000000e+00,-0.000000000000000000e+00,0.000000000000000000e+00,-6.855638046047804468e-02,-0.000000000000000000e+00,0.000000000000000000e+00,0.000000000000000000e+00,0.000000000000000000e+00,0.000000000000000000e+00,-0.000000000000000000e+00,-0.000000000000000000e+00,-0.000000000000000000e+00,-0.000000000000000000e+00,-0.000000000000000000e+00,0.000000000000000000e+00,-0.000000000000000000e+00,3.948169317540271145e-02,-0.000000000000000000e+00,0.000000000000000000e+00,-0.000000000000000000e+00,0.000000000000000000e+00,-0.000000000000000000e+00,0.000000000000000000e+00,-0.000000000000000000e+00,-5.427489240943651760e-02,-0.000000000000000000e+00,-0.000000000000000000e+00,-0.000000000000000000e+00,-0.000000000000000000e+00,-0.000000000000000000e+00,-0.000000000000000000e+00,-0.000000000000000000e+00,0.000000000000000000e+00,-1.649498953875804252e-01,1.073050312782680038e+00,-1.137155623763509982e-01,0.000000000000000000e+00,0.000000000000000000e+00
0.000000000000000000e+00,0.000000000000000000e+00,-0.000000000000000000e+00,0.000000000000000000e+00,-0.000000000000000000e+00,-7.392109451014353128e-02,0.000000000000000000e+00,0.000000000000000000e+00,0.000000000000000000e+00,0.000000000000000000e+00,-1.144453936510068659e-01,-0.000000000000000000e+00,-0.000000000000000000e+00,-0.000000000000000000e+00,0.000000000000000000e+00,0.000000000000000000e+00,-5.424360826463926061e-02,0.000000000000000000e+00,-0.000000000000000000e+00,0.000000000000000000e+00,-0.000000000000000000e+00,0.000000000000000000e+00,-0.000000000000000000e+00,-0.000000000000000000e+00,-1.588938694568151067e-01,-7.198728654169925245e-02,-5.251281346983135284e-02,-1.052155273192041836e-02,-1.270951033593068491e-01,0.000000000000000000e+00,-2.117696458423155847e-01,-9.367175865611265806e-02,-0.000000000000000000e+00,0.000000000000000000e+00,-4.653688123630941309e-01,-1.137155623763509982e-01,1.590565763331033500e+00,0.000000000000000000e+00,0.000000000000000000e+00
-3.150671576832220766e-01,-1.697727421763617905e-01,1.743939306031097591e-02,-0.000000000000000000e+00,-0.000000000000000000e+00,0.000000000000000000e+00,-0.000000000000000000e+00,-8.670060082456526596e-02,-1.590262880472289864e-01,-1.511332709506513217e-01,0.000000000000000000e+00,-0.000000000000000000e+00,3.957621113273982610e-02,-0.000000000000000000e+00,-6.473125874408294789e-02,-1.581845436388924497e-01,0.000000000000000000e+00,-0.000000000000000000e+00,1.250413485414824943e-01,-9.267284706800445193e-02,1.014212265867572987e-01,-7.379381769074863651e-02,-0.000000000000000000e+00,-3.071901776396039965e-02,0.000000000000000000e+00,0.000000000000000000e+00,0.000000000000000000e+00,0.000000000000000000e+00,3.697279935348370128e-02,-9.817563392565409330e-02,0.000000000000000000e+00,-0.000000000000000000e+00,0.000000000000000000e+00,-1.353920713388055419e-01,0.000000000000000000e+00,0.000000000000000000e+00,0.000000000000000000e+00,2.027216566531419240e+00,-2.095002048067616807e-01
-1.708983953797112709e-01,-1.894918142621575541e-01,2.380835816244641565e-02,-1.003851264365786082e-02,-0.000000000000000000e+00,0.000000000000000000e+00,-0.000000000000000000e+00,-9.106550562992542230e-02,-1.695305334734634739e-01,-1.517524716255702621e-01,0.000000000000000000e+00,-0.000000000000000000e+00,0.000000000000000000e+00,-0.000000000000000000e+00,-1.000902960566415062e-01,-1.531001867819236362e-01,0.000000000000000000e+00,-0.000000000000000000e+00,1.503785788228473308e-01,-9.238135461180795038e-02,1.042317242545915956e-01,-1.641407843755183227e-01,0.000000000000000000e+00,-0.000000000000000000e+00,0.000000000000000000e+00,0.000000000000000000e+00,2.233221834301145348e-02,0.000000000000000000e+00,1.052475298635646012e-01,-1.127182096057328525e-01,0.000000000000000000e+00,-0.000000000000000000e+00,6.396853116929138161e-02,-1.266369207661513507e-01,0.000000000000000000e+00,0.000000000000000000e+00,0.000000000000000000e+00,-2.095002048067616807e-01,2.108260084292941094e+00
