2.032945605880831508e+00,-4.027908357840140341e-01,-0.000000000000000000e+00,2.453739306787504348e-02,-1.154926224777311772e-01,0.000000000000000000e+00,0.000000000000000000e+00,0.000000000000000000e+00,-0.000000000000000000e+00,-0.000000000000000000e+00,0.000000000000000000e+00,0.000000000000000000e+00,6.218483007315436101e-02,-2.016047195528371805e-01,-0.000000000000000000e+00,-4.163186285310271906e-01,-5.057131528306572227e-02,0.000000000000000000e+00,-0.000000000000000000e+00,0.000000000000000000e+00,-0.000000000000000000e+00,0.000000000000000000e+00,-1.312925902698946004e-02,-4.941110977885707772e-02,-0.000000000000000000e+00,-2.364478963406356216e-01,0.000000000000000000e+00,-0.000000000000000000e+00,-1.183218092995879656e-01,-0.000000000000000000e+00,-0.000000000000000000e+00,-0.000000000000000000e+00,-0.000000000000000000e+00,-0.000000000000000000e+00,-0.000000000000000000e+00,-3.017870139428849297e-01,-0.000000000000000000e+00,-3.734435883135809320e-01,0.000000000000000000e+00
-4.027908357840140341e-01,1.953982849864450699e+00,0.000000000000000000e+00,0.000000000000000000e+00,-0.000000000000000000e+00,7.971699504541379655e-02,0.000000000000000000e+00,-0.000000000000000000e+00,-0.000000000000000000e+00,-5.223925199290134769e-01,-0.000000000000000000e+00,0.000000000000000000e+00,3.230299244298490691e-01,-0.000000000000000000e+00,-0.000000000000000000e+00,-4.953390991001490606e-01,-0.000000000000000000e+00,0.000000000000000000e+00,0.000000000000000000e+00,0.000000000000000000e+00,7.455699293780930492e-02,0.000000000000000000e+00,-0.000000000000000000e+00,-1.731162741098422053e-01,0.000000000000000000e+00,0.000000000000000000e+00,0.000000000000000000e+00,0.000000000000000000e+00,-0.000000000000000000e+00,-0.000000000000000000e+00,-0.000000000000000000e+00,-0.000000000000000000e+00,0.000000000000000000e+00,-0.000000000000000000e+00,0.000000000000000000e+00,-0.000000000000000000e+00,-0.000000000000000000e+00,-0.000000000000000000e+00,-0.000000000000000000e+00
-0.000000000000000000e+00,0.000000000000000000e+00,2.475796961934751739e+00,0.000000000000000000e+00,-3.491310843958743138e-01,-0.000000000000000000e+00,-0.000000000000000000e+00,1.367975834426135462e+00,-0.000000000000000000e+00,-0.000000000000000000e+00,-0.000000000000000000e+00,0.000000000000000000e+00,-0.000000000000000000e+00,-0.000000000000000000e+00,0.000000000000000000e+00,-0.000000000000000000e+00,-0.000000000000000000e+00,-0.000000000000000000e+00,-0.000000000000000000e+00,-4.816274069637116982e-03,-1.039561877629226715e-02,-1.464493014620186218e-01,-2.096000007651522834e-01,0.000000000000000000e+00,-0.000000000000000000e+00,-0.000000000000000000e+00,-0.000000000000000000e+00,-0.000000000000000000e+00,-0.000000000000000000e+00,-0.000000000000000000e+00,-1.336262889375337271e-01,-4.886471560547714019e-03,-3.572425626342388139e-01,-0.000000000000000000e+00,-0.000000000000000000e+00,-2.684392309472924398e-02,-0.000000000000000000e+00,-0.000000000000000000e+00,-0.000000000000000000e+00
2.453739306787504348e-02,0.000000000000000000e+00,0.000000000000000000e+00,1.735432951238223831e+00,0.000000000000000000e+00,0.000000000000000000e+00,-0.000000000000000000e+00,-0.000000000000000000e+00,-0.000000000000000000e+00,-0.000000000000000000e+00,-0.000000000000000000e+00,0.000000000000000000e+00,-0.000000000000000000e+00,2.433710049929756550e-02,3.249047418568508649e-01,0.000000000000000000e+00,3.537800558410266610e-02,-0.000000000000000000e+00,0.000000000000000000e+00,-0.000000000000000000e+00,0.000000000000000000e+00,-6.983485555447727089e-02,0.000000000000000000e+00,0.000000000000000000e+00,4.686281713019351675e-02,0.000000000000000000e+00,-0.000000000000000000e+00,5.595762013506629939e-01,2.744552368136591800e-02,-0.000000000000000000e+00,-0.000000000000000000e+00,0.000000000000000000e+00,0.000000000000000000e+00,0.000000000000000000e+00,2.532880000952426602e-01,0.000000000000000000e+00,2.392540180721297594e-02,0.000000000000000000e+00,-1.889283962365489733e-01
-1.154926224777311772e-01,-0.000000000000000000e+00,-3.491310843958743138e-01,0.000000000000000000e+00,1.906372704482415026e+00,0.000000000000000000e+00,0.000000000000000000e+00,1.044208333213110657e-01,-2.158839656801143647e-01,-3.206086172313794835e-02,-0.000000000000000000e+00,0.000000000000000000e+00,0.000000000000000000e+00,-1.385699036330869660e-01,0.000000000000000000e+00,-4.534199934897630291e-01,-0.000000000000000000e+00,-0.000000000000000000e+00,-4.089912036248414401e-02,-0.000000000000000000e+00,0.000000000000000000e+00,0.000000000000000000e+00,-4.330523969876125950e-02,-0.000000000000000000e+00,-0.000000000000000000e+00,-0.000000000000000000e+00,-0.000000000000000000e+00,0.000000000000000000e+00,-0.000000000000000000e+00,-0.000000000000000000e+00,-2.144187838218954700e-01,-0.000000000000000000e+00,-0.000000000000000000e+00,-1.629821141991749933e-01,-0.000000000000000000e+00,-3.146187021750381785e-01,-0.000000000000000000e+00,-8.352541698282157923e-02,-0.000000000000000000e+00
0.000000000000000000e+00,7.971699504541379655e-02,-0.000000000000000000e+00,0.000000000000000000e+00,0.000000000000000000e+00,1.221721821259580842e+00,-0.000000000000000000e+00,0.000000000000000000e+00,-0.000000000000000000e+00,1.237131971436268574e-02,-9.185572468021650783e-02,-0.000000000000000000e+00,-1.227599607508911145e-01,-0.000000000000000000e+00,0.000000000000000000e+00,0.000000000000000000e+00,-1.054461778312864098e-02,-0.000000000000000000e+00,-0.000000000000000000e+00,-0.000000000000000000e+00,-1.288666915212176578e-01,-0.000000000000000000e+00,-0.000000000000000000e+00,1.185601534279331903e-01,-0.000000000000000000e+00,-0.000000000000000000e+00,-0.000000000000000000e+00,-0.000000000000000000e+00,-0.000000000000000000e+00,0.000000000000000000e+00,-0.000000000000000000e+00,-0.000000000000000000e+00,-2.474322886898718821e-01,-0.000000000000000000e+00,-0.000000000000000000e+00,-1.923804820746204125e-01,-0.000000000000000000e+00,0.000000000000000000e+00,0.000000000000000000e+00
0.000000000000000000e+00,0.000000000000000000e+00,-0.000000000000000000e+00,-0.000000000000000000e+00,0.000000000000000000e+00,-0.000000000000000000e+00,1.089361317193680456e+00,0.000000000000000000e+00,-0.000000000000000000e+00,-0.000000000000000000e+00,-0.000000000000000000e+00,2.121361432386844603e-01,-0.000000000000000000e+00,7.417508638634238982e-03,5.267005056325722856e-02,-0.000000000000000000e+00,0.000000000000000000e+00,-3.072692280371199479e-03,0.000000000000000000e+00,-0.000000000000000000e+00,-0.000000000000000000e+00,-0.000000000000000000e+00,0.000000000000000000e+00,0.000000000000000000e+00,0.000000000000000000e+00,1.396972203815191778e-02,-0.000000000000000000e+00,0.000000000000000000e+00,0.000000000000000000e+00,-4.599850049417304049e-02,-0.000000000000000000e+00,5.726115691029926014e-02,-0.000000000000000000e+00,-0.000000000000000000e+00,9.356980401449406515e-02,0.000000000000000000e+00,0.000000000000000000e+00,-0.000000000000000000e+00,-7.447829895315478434e-03
0.000000000000000000e+00,-0.000000000000000000e+00,1.367975834426135462e+00,-0.000000000000000000e+00,1.044208333213110657e-01,0.000000000000000000e+00,0.000000000000000000e+00,2.370523659642471692e+00,0.000000000000000000e+00,-0.000000000000000000e+00,-0.000000000000000000e+00,-0.000000000000000000e+00,0.000000000000000000e+00,0.000000000000000000e+00,0.000000000000000000e+00,0.000000000000000000e+00,0.000000000000000000e+00,0.000000000000000000e+00,0.000000000000000000e+00,0.000000000000000000e+00,1.060002687942730587e-01,0.000000000000000000e+00,8.800121274466781059e-04,0.000000000000000000e+00,2.047720722839472818e-01,0.000000000000000000e+00,0.000000000000000000e+00,0.000000000000000000e+00,0.000000000000000000e+00,0.000000000000000000e+00,0.000000000000000000e+00,1.078868608952299191e-01,3.745836833315159264e-01,0.000000000000000000e+00,0.000000000000000000e+00,0.000000000000000000e+00,0.000000000000000000e+00,0.000000000000000000e+00,0.000000000000000000e+00
-0.000000000000000000e+00,-0.000000000000000000e+00,-0.000000000000000000e+00,-0.000000000000000000e+00,-2.158839656801143647e-01,-0.000000000000000000e+00,-0.000000000000000000e+00,0.000000000000000000e+00,2.565826886572873278e+00,-1.320631588568961234e-01,0.000000000000000000e+00,2.981518011020279357e-01,0.000000000000000000e+00,-0.000000000000000000e+00,1.755719642087059662e-01,-3.491746357941427625e-01,-0.000000000000000000e+00,-4.902048836220244260e-02,-0.000000000000000000e+00,-3.612671501067593605e-02,0.000000000000000000e+00,-0.000000000000000000e+00,-0.000000000000000000e+00,-0.000000000000000000e+00,-0.000000000000000000e+00,0.000000000000000000e+00,0.000000000000000000e+00,0.000000000000000000e+00,0.000000000000000000e+00,-1.126868338797569757e+00,-0.000000000000000000e+00,0.000000000000000000e+00,-0.000000000000000000e+00,-1.883933485249617568e-01,0.000000000000000000e+00,-6.481100031219361179e-02,0.000000000000000000e+00,-2.928446198991586646e-01,-1.724581562567926996e-02
-0.000000000000000000e+00,-5.223925199290134769e-01,-0.000000000000000000e+00,-0.000000000000000000e+00,-3.206086172313794835e-02,1.237131971436268574e-02,-0.000000000000000000e+00,-0.000000000000000000e+00,-1.320631588568961234e-01,2.908495952947975471e+00,-0.000000000000000000e+00,1.102128839731194715e-01,0.000000000000000000e+00,0.000000000000000000e+00,0.000000000000000000e+00,-4.044091220097266182e-01,0.000000000000000000e+00,0.000000000000000000e+00,0.000000000000000000e+00,-0.000000000000000000e+00,2.402915638304890800e-01,-0.000000000000000000e+00,-0.000000000000000000e+00,-0.000000000000000000e+00,0.000000000000000000e+00,0.000000000000000000e+00,-0.000000000000000000e+00,3.376401957812982801e-01,3.186404187796666732e-02,-4.025422248124511104e-01,-8.206844322701811745e-02,0.000000000000000000e+00,0.000000000000000000e+00,-0.000000000000000000e+00,1.568210135800475816e-02,-0.000000000000000000e+00,0.000000000000000000e+00,-0.000000000000000000e+00,-1.072397880458900277e+00
0.000000000000000000e+00,-0.000000000000000000e+00,-0.000000000000000000e+00,-0.000000000000000000e+00,-0.000000000000000000e+00,-9.185572468021650783e-02,-0.000000000000000000e+00,-0.000000000000000000e+00,0.000000000000000000e+00,-0.000000000000000000e+00,1.116292882132417841e+00,-0.000000000000000000e+00,-0.000000000000000000e+00,0.000000000000000000e+00,0.000000000000000000e+00,0.000000000000000000e+00,-2.252782206812277699e-01,1.187648742954622860e-01,0.000000000000000000e+00,0.000000000000000000e+00,4.544116296320580006e-02,-0.000000000000000000e+00,0.000000000000000000e+00,0.000000000000000000e+00,0.000000000000000000e+00,0.000000000000000000e+00,-1.657105317047198947e-02,1.319404020662102162e-01,0.000000000000000000e+00,0.000000000000000000e+00,-0.000000000000000000e+00,-1.807106911830551332e-01,0.000000000000000000e+00,-0.000000000000000000e+00,0.000000000000000000e+00,-0.000000000000000000e+00,0.000000000000000000e+00,2.456125815946876359e-02,-0.000000000000000000e+00
0.000000000000000000e+00,0.000000000000000000e+00,0.000000000000000000e+00,0.000000000000000000e+00,0.000000000000000000e+00,-0.000000000000000000e+00,2.121361432386844603e-01,-0.000000000000000000e+00,2.981518011020279357e-01,1.102128839731194715e-01,-0.000000000000000000e+00,1.373501137820805296e+00,0.000000000000000000e+00,0.000000000000000000e+00,-0.000000000000000000e+00,7.145905650879952505e-03,-0.000000000000000000e+00,0.000000000000000000e+00,8.812816112931846912e-02,0.000000000000000000e+00,-0.000000000000000000e+00,0.000000000000000000e+00,0.000000000000000000e+00,-0.000000000000000000e+00,0.000000000000000000e+00,-0.000000000000000000e+00,-0.000000000000000000e+00,-0.000000000000000000e+00,-0.000000000000000000e+00,8.038578423518152188e-03,0.000000000000000000e+00,-5.243479051025153829e-04,-0.000000000000000000e+00,0.000000000000000000e+00,-0.000000000000000000e+00,0.000000000000000000e+00,-0.000000000000000000e+00,1.625050368681227875e-01,2.411497010824711906e-01
6.218483007315436101e-02,3.230299244298490691e-01,-0.000000000000000000e+00,-0.000000000000000000e+00,0.000000000000000000e+00,-1.227599607508911145e-01,-0.000000000000000000e+00,0.000000000000000000e+00,0.000000000000000000e+00,0.000000000000000000e+00,-0.000000000000000000e+00,0.000000000000000000e+00,1.802389646387568156e+00,1.590743923763585366e-01,0.000000000000000000e+00,0.000000000000000000e+00,5.385128290148279845e-02,0.000000000000000000e+00,0.000000000000000000e+00,-0.000000000000000000e+00,-0.000000000000000000e+00,-5.075749303304958326e-01,-0.000000000000000000e+00,1.932866101074028342e-01,-0.000000000000000000e+00,0.000000000000000000e+00,-3.101440396001916566e-01,0.000000000000000000e+00,0.000000000000000000e+00,0.000000000000000000e+00,-0.000000000000000000e+00,-0.000000000000000000e+00,-3.245496749155067362e-01,-0.000000000000000000e+00,-0.000000000000000000e+00,-0.000000000000000000e+00,0.000000000000000000e+00,2.575627624356174317e-01,-0.000000000000000000e+00
-2.016047195528371805e-01,-0.000000000000000000e+00,-0.000000000000000000e+00,2.433710049929756550e-02,-1.385699036330869660e-01,-0.000000000000000000e+00,7.417508638634238982e-03,0.000000000000000000e+00,-0.000000000000000000e+00,0.000000000000000000e+00,0.000000000000000000e+00,0.000000000000000000e+00,1.590743923763585366e-01,1.757026783335331910e+00,-0.000000000000000000e+00,-0.000000000000000000e+00,-6.018534056209887129e-02,-0.000000000000000000e+00,-3.434854316816053632e-02,0.000000000000000000e+00,0.000000000000000000e+00,2.154106145740320721e-01,-0.000000000000000000e+00,-1.837082575039253318e-02,-1.641713209939348883e-01,-3.101958839230602449e-01,0.000000000000000000e+00,-0.000000000000000000e+00,-2.262109368379985885e-01,-0.000000000000000000e+00,0.000000000000000000e+00,-0.000000000000000000e+00,-0.000000000000000000e+00,-0.000000000000000000e+00,-1.466286673161523550e-02,-2.542683946788592553e-01,-1.576236986732459378e-01,-0.000000000000000000e+00,0.000000000000000000e+00
-0.000000000000000000e+00,-0.000000000000000000e+00,0.000000000000000000e+00,3.249047418568508649e-01,0.000000000000000000e+00,0.000000000000000000e+00,5.267005056325722856e-02,0.000000000000000000e+00,1.755719642087059662e-01,0.000000000000000000e+00,0.000000000000000000e+00,-0.000000000000000000e+00,0.000000000000000000e+00,-0.000000000000000000e+00,1.646016589191800605e+00,0.000000000000000000e+00,-0.000000000000000000e+00,2.896072860366132873e-01,-0.000000000000000000e+00,1.141882668701697107e-01,-0.000000000000000000e+00,0.000000000000000000e+00,-0.000000000000000000e+00,-0.000000000000000000e+00,-0.000000000000000000e+00,-1.371992372062925680e-01,0.000000000000000000e+00,-0.000000000000000000e+00,-2.731389363600150721e-01,2.847679630866307710e-01,0.000000000000000000e+00,-0.000000000000000000e+00,0.000000000000000000e+00,0.000000000000000000e+00,-0.000000000000000000e+00,-0.000000000000000000e+00,-2.667686650889880551e-02,0.000000000000000000e+00,9.280381647567280401e-02
-4.163186285310271906e-01,-4.953390991001490606e-01,-0.000000000000000000e+00,0.000000000000000000e+00,-4.534199934897630291e-01,0.000000000000000000e+00,-0.000000000000000000e+00,0.000000000000000000e+00,-3.491746357941427625e-01,-4.044091220097266182e-01,0.000000000000000000e+00,7.145905650879952505e-03,0.000000000000000000e+00,-0.000000000000000000e+00,0.000000000000000000e+00,2.512595812265788542e+00,-0.000000000000000000e+00,-0.000000000000000000e+00,-0.000000000000000000e+00,-0.000000000000000000e+00,0.000000000000000000e+00,0.000000000000000000e+00,-0.000000000000000000e+00,-1.087045673699012921e-01,-0.000000000000000000e+00,0.000000000000000000e+00,0.000000000000000000e+00,0.000000000000000000e+00,0.000000000000000000e+00,-3.042164366891866312e-01,-0.000000000000000000e+00,-0.000000000000000000e+00,-0.000000000000000000e+00,-1.592685341333394122e-01,0.000000000000000000e+00,-0.000000000000000000e+00,-0.000000000000000000e+00,-2.311132953769246545e-01,-0.000000000000000000e+00
-5.057131528306572227e-02,-0.000000000000000000e+00,-0.000000000000000000e+00,3.537800558410266610e-02,-0.000000000000000000e+00,-1.054461778312864098e-02,0.000000000000000000e+00,0.000000000000000000e+00,-0.000000000000000000e+00,0.000000000000000000e+00,-2.252782206812277699e-01,-0.000000000000000000e+00,5.385128290148279845e-02,-6.018534056209887129e-02,-0.000000000000000000e+00,-0.000000000000000000e+00,1.078019949581507486e+00,3.292556352235584405e-02,0.000000000000000000e+00,0.000000000000000000e+00,0.000000000000000000e+00,2.270039984139412062e-02,-0.000000000000000000e+00,-0.000000000000000000e+00,-0.000000000000000000e+00,-0.000000000000000000e+00,0.000000000000000000e+00,-0.000000000000000000e+00,-5.862028785554726507e-02,0.000000000000000000e+00,2.435717721242593170e-02,-2.524036855272466032e-03,-0.000000000000000000e+00,-0.000000000000000000e+00,-0.000000000000000000e+00,-0.000000000000000000e+00,-0.000000000000000000e+00,-0.000000000000000000e+00,0.000000000000000000e+00
0.000000000000000000e+00,0.000000000000000000e+00,-0.000000000000000000e+00,-0.000000000000000000e+00,-0.000000000000000000e+00,-0.000000000000000000e+00,-3.072692280371199479e-03,0.000000000000000000e+00,-4.902048836220244260e-02,0.000000000000000000e+00,1.187648742954622860e-01,0.000000000000000000e+00,0.000000000000000000e+00,-0.000000000000000000e+00,2.896072860366132873e-01,-0.000000000000000000e+00,3.292556352235584405e-02,1.257221155208990249e+00,-1.574693358275725541e-01,-1.263028812708591291e-02,-0.000000000000000000e+00,-0.000000000000000000e+00,-0.000000000000000000e+00,-0.000000000000000000e+00,-0.000000000000000000e+00,-0.000000000000000000e+00,0.000000000000000000e+00,-0.000000000000000000e+00,-0.000000000000000000e+00,-0.000000000000000000e+00,-0.000000000000000000e+00,5.855712378328160189e-02,0.000000000000000000e+00,2.342710027497339753e-01,0.000000000000000000e+00,-0.000000000000000000e+00,-0.000000000000000000e+00,-2.822753235941179994e-01,-0.000000000000000000e+00
-0.000000000000000000e+00,0.000000000000000000e+00,-0.000000000000000000e+00,0.000000000000000000e+00,-4.089912036248414401e-02,-0.000000000000000000e+00,0.000000000000000000e+00,0.000000000000000000e+00,-0.000000000000000000e+00,0.000000000000000000e+00,0.000000000000000000e+00,8.812816112931846912e-02,0.000000000000000000e+00,-3.434854316816053632e-02,-0.000000000000000000e+00,-0.000000000000000000e+00,0.000000000000000000e+00,-1.574693358275725541e-01,1.285363956504290250e+00,0.000000000000000000e+00,-0.000000000000000000e+00,-0.000000000000000000e+00,-0.000000000000000000e+00,0.000000000000000000e+00,-1.706190175612201931e-01,-1.374366192207975845e-01,1.577540600805161022e-02,-0.000000000000000000e+00,-0.000000000000000000e+00,0.000000000000000000e+00,0.000000000000000000e+00,0.000000000000000000e+00,-0.000000000000000000e+00,0.000000000000000000e+00,-0.000000000000000000e+00,-1.676159731332196867e-01,-0.000000000000000000e+00,-2.103744276665712731e-01,0.000000000000000000e+00
0.000000000000000000e+00,0.000000000000000000e+00,-4.816274069637116982e-03,-0.000000000000000000e+00,-0.000000000000000000e+00,-0.000000000000000000e+00,-0.000000000000000000e+00,0.000000000000000000e+00,-3.612671501067593605e-02,-0.000000000000000000e+00,0.000000000000000000e+00,0.000000000000000000e+00,-0.000000000000000000e+00,0.000000000000000000e+00,1.141882668701697107e-01,-0.000000000000000000e+00,0.000000000000000000e+00,-1.263028812708591291e-02,0.000000000000000000e+00,1.046541478062127384e+00,-0.000000000000000000e+00,-4.938681941269866538e-02,-0.000000000000000000e+00,-0.000000000000000000e+00,-0.000000000000000000e+00,0.000000000000000000e+00,-0.000000000000000000e+00,-0.000000000000000000e+00,0.000000000000000000e+00,-9.559746376693654957e-02,-2.315146784672675664e-02,0.000000000000000000e+00,-0.000000000000000000e+00,-0.000000000000000000e+00,0.000000000000000000e+00,0.000000000000000000e+00,0.000000000000000000e+00,-0.000000000000000000e+00,-0.000000000000000000e+00
-0.000000000000000000e+00,7.455699293780930492e-02,-1.039561877629226715e-02,0.000000000000000000e+00,0.000000000000000000e+00,-1.288666915212176578e-01,-0.000000000000000000e+00,1.060002687942730587e-01,0.000000000000000000e+00,2.402915638304890800e-01,4.544116296320580006e-02,-0.000000000000000000e+00,-0.000000000000000000e+00,0.000000000000000000e+00,-0.000000000000000000e+00,0.000000000000000000e+00,0.000000000000000000e+00,-0.000000000000000000e+00,-0.000000000000000000e+00,-0.000000000000000000e+00,1.883105689991890985e+00,-1.968539542846615142e-01,-0.000000000000000000e+00,0.000000000000000000e+00,-0.000000000000000000e+00,-6.398504954228423358e-02,-0.000000000000000000e+00,-7.994971073736485412e-01,-0.000000000000000000e+00,0.000000000000000000e+00,-0.000000000000000000e+00,0.000000000000000000e+00,-3.324807180528159267e-01,0.000000000000000000e+00,-0.000000000000000000e+00,-0.000000000000000000e+00,-0.000000000000000000e+00,-0.000000000000000000e+00,0.000000000000000000e+00
0.000000000000000000e+00,0.000000000000000000e+00,-1.464493014620186218e-01,-6.983485555447727089e-02,0.000000000000000000e+00,-0.000000000000000000e+00,-0.000000000000000000e+00,0.000000000000000000e+00,-0.000000000000000000e+00,-0.000000000000000000e+00,-0.000000000000000000e+00,0.000000000000000000e+00,-5.075749303304958326e-01,2.154106145740320721e-01,0.000000000000000000e+00,0.000000000000000000e+00,2.270039984139412062e-02,-0.000000000000000000e+00,-0.000000000000000000e+00,-4.938681941269866538e-02,-1.968539542846615142e-01,1.458446047549402325e+00,-0.000000000000000000e+00,0.000000000000000000e+00,0.000000000000000000e+00,0.000000000000000000e+00,-1.287164574226956626e-01,0.000000000000000000e+00,0.000000000000000000e+00,-0.000000000000000000e+00,-1.768930504776019819e-01,-0.000000000000000000e+00,-0.000000000000000000e+00,-0.000000000000000000e+00,0.000000000000000000e+00,-0.000000000000000000e+00,1.376054390008805417e-01,0.000000000000000000e+00,-0.000000000000000000e+00
-1.312925902698946004e-02,-0.000000000000000000e+00,-2.096000007651522834e-01,0.000000000000000000e+00,-4.330523969876125950e-02,-0.000000000000000000e+00,0.000000000000000000e+00,8.800121274466781059e-04,-0.000000000000000000e+00,-0.000000000000000000e+00,0.000000000000000000e+00,0.000000000000000000e+00,-0.000000000000000000e+00,-0.000000000000000000e+00,-0.000000000000000000e+00,-0.000000000000000000e+00,-0.000000000000000000e+00,-0.000000000000000000e+00,-0.000000000000000000e+00,-0.000000000000000000e+00,-0.000000000000000000e+00,-0.000000000000000000e+00,1.897078848775632709e+00,-0.000000000000000000e+00,-9.272318281804144968e-01,-0.000000000000000000e+00,-0.000000000000000000e+00,-0.000000000000000000e+00,-0.000000000000000000e+00,-0.000000000000000000e+00,-1.273494429496561942e-01,-0.000000000000000000e+00,-1.360731382755252239e-01,-3.387196878964866126e-02,-2.292556109722475310e-02,-2.975694338752961077e-01,-0.000000000000000000e+00,-0.000000000000000000e+00,-0.000000000000000000e+00
-4.941110977885707772e-02,-1.731162741098422053e-01,0.000000000000000000e+00,0.000000000000000000e+00,-0.000000000000000000e+00,1.185601534279331903e-01,0.000000000000000000e+00,0.000000000000000000e+00,-0.000000000000000000e+00,-0.000000000000000000e+00,0.000000000000000000e+00,-0.000000000000000000e+00,1.932866101074028342e-01,-1.837082575039253318e-02,-0.000000000000000000e+00,-1.087045673699012921e-01,-0.000000000000000000e+00,-0.000000000000000000e+00,0.000000000000000000e+00,-0.000000000000000000e+00,0.000000000000000000e+00,0.000000000000000000e+00,-0.000000000000000000e+00,1.168276873177876984e+00,-0.000000000000000000e+00,-0.000000000000000000e+00,0.000000000000000000e+00,-0.000000000000000000e+00,-0.000000000000000000e+00,-0.000000000000000000e+00,0.000000000000000000e+00,-0.000000000000000000e+00,0.000000000000000000e+00,0.000000000000000000e+00,-0.000000000000000000e+00,0.000000000000000000e+00,-0.000000000000000000e+00,-0.000000000000000000e+00,0.000000000000000000e+00
-0.000000000000000000e+00,0.000000000000000000e+00,-0.000000000000000000e+00,4.686281713019351675e-02,-0.000000000000000000e+00,-0.000000000000000000e+00,0.000000000000000000e+00,2.047720722839472818e-01,-0.000000000000000000e+00,0.000000000000000000e+00,0.000000000000000000e+00,0.000000000000000000e+00,-0.000000000000000000e+00,-1.641713209939348883e-01,-0.000000000000000000e+00,-0.000000000000000000e+00,-0.000000000000000000e+00,-0.000000000000000000e+00,-1.706190175612201931e-01,-0.000000000000000000e+00,-0.000000000000000000e+00,0.000000000000000000e+00,-9.272318281804144968e-01,-0.000000000000000000e+00,2.300489015455667641e+00,-2.034427120042305859e-01,0.000000000000000000e+00,-3.340133161782666837e-01,-0.000000000000000000e+00,0.000000000000000000e+00,-0.000000000000000000e+00,-0.000000000000000000e+00,-6.542412448233837774e-02,-0.000000000000000000e+00,-3.490200537302983741e-01,-0.000000000000000000e+00,-0.000000000000000000e+00,-2.818417190684645648e-02,0.000000000000000000e+00
-2.364478963406356216e-01,0.000000000000000000e+00,-0.000000000000000000e+00,0.000000000000000000e+00,-0.000000000000000000e+00,-0.000000000000000000e+00,1.396972203815191778e-02,0.000000000000000000e+00,0.000000000000000000e+00,0.000000000000000000e+00,0.000000000000000000e+00,-0.000000000000000000e+00,0.000000000000000000e+00,-3.101958839230602449e-01,-1.371992372062925680e-01,0.000000000000000000e+00,-0.000000000000000000e+00,-0.000000000000000000e+00,-1.374366192207975845e-01,0.000000000000000000e+00,-6.398504954228423358e-02,0.000000000000000000e+00,-0.000000000000000000e+00,-0.000000000000000000e+00,-2.034427120042305859e-01,2.555905919957108363e+00,0.000000000000000000e+00,-8.638275537004947990e-01,-4.281536491199068872e-01,0.000000000000000000e+00,0.000000000000000000e+00,-0.000000000000000000e+00,-0.000000000000000000e+00,0.000000000000000000e+00,-0.000000000000000000e+00,-1.646638309469036499e-01,-0.000000000000000000e+00,-3.703742832290976561e-01,1.433106946876342991e-01
0.000000000000000000e+00,0.000000000000000000e+00,-0.000000000000000000e+00,-0.000000000000000000e+00,-0.000000000000000000e+00,-0.000000000000000000e+00,-0.000000000000000000e+00,0.000000000000000000e+00,0.000000000000000000e+00,-0.000000000000000000e+00,-1.657105317047198947e-02,-0.000000000000000000e+00,-3.101440396001916566e-01,0.000000000000000000e+00,0.000000000000000000e+00,0.000000000000000000e+00,0.000000000000000000e+00,0.000000000000000000e+00,1.577540600805161022e-02,-0.000000000000000000e+00,-0.000000000000000000e+00,-1.287164574226956626e-01,-0.000000000000000000e+00,0.000000000000000000e+00,0.000000000000000000e+00,0.000000000000000000e+00,1.529154279606016020e+00,0.000000000000000000e+00,0.000000000000000000e+00,0.000000000000000000e+00,-5.492410679350550051e-01,-3.472369359977826586e-01,-0.000000000000000000e+00,0.000000000000000000e+00,-0.000000000000000000e+00,-0.000000000000000000e+00,0.000000000000000000e+00,1.822672392412462150e-01,-0.000000000000000000e+00
-0.000000000000000000e+00,0.000000000000000000e+00,-0.000000000000000000e+00,5.595762013506629939e-01,0.000000000000000000e+00,-0.000000000000000000e+00,0.000000000000000000e+00,0.000000000000000000e+00,0.000000000000000000e+00,3.376401957812982801e-01,1.319404020662102162e-01,-0.000000000000000000e+00,0.000000000000000000e+00,-0.000000000000000000e+00,-0.000000000000000000e+00,0.000000000000000000e+00,-0.000000000000000000e+00,-0.000000000000000000e+00,-0.000000000000000000e+00,-0.000000000000000000e+00,-7.994971073736485412e-01,0.000000000000000000e+00,-0.000000000000000000e+00,-0.000000000000000000e+00,-3.340133161782666837e-01,-8.638275537004947990e-01,0.000000000000000000e+00,3.368810689348084253e+00,-3.406347063734332936e-01,0.000000000000000000e+00,0.000000000000000000e+00,-0.000000000000000000e+00,-4.274497634490364434e-02,0.000000000000000000e+00,-2.692887971813278658e-01,-0.000000000000000000e+00,-2.040440150742115766e-01,-0.000000000000000000e+00,2.225763738423475191e-01
-1.183218092995879656e-01,-0.000000000000000000e+00,-0.000000000000000000e+00,2.744552368136591800e-02,-0.000000000000000000e+00,-0.000000000000000000e+00,0.000000000000000000e+00,0.000000000000000000e+00,0.000000000000000000e+00,3.186404187796666732e-02,0.000000000000000000e+00,-0.000000000000000000e+00,0.000000000000000000e+00,-2.262109368379985885e-01,-2.731389363600150721e-01,0.000000000000000000e+00,-5.862028785554726507e-02,-0.000000000000000000e+00,-0.000000000000000000e+00,0.000000000000000000e+00,-0.000000000000000000e+00,0.000000000000000000e+00,-0.000000000000000000e+00,-0.000000000000000000e+00,-0.000000000000000000e+00,-4.281536491199068872e-01,0.000000000000000000e+00,-3.406347063734332936e-01,2.787260992431390250e+00,2.012121278276728098e-02,0.000000000000000000e+00,-1.399108035370632275e-01,-0.000000000000000000e+00,0.000000000000000000e+00,-2.561425128958262354e-01,-0.000000000000000000e+00,-1.052999881708428731e+00,-0.000000000000000000e+00,1.910999429517268866e-01
-0.000000000000000000e+00,-0.000000000000000000e+00,-0.000000000000000000e+00,-0.000000000000000000e+00,-0.000000000000000000e+00,0.000000000000000000e+00,-4.599850049417304049e-02,0.000000000000000000e+00,-1.126868338797569757e+00,-4.025422248124511104e-01,0.000000000000000000e+00,8.038578423518152188e-03,0.000000000000000000e+00,-0.000000000000000000e+00,2.847679630866307710e-01,-3.042164366891866312e-01,0.000000000000000000e+00,-0.000000000000000000e+00,0.000000000000000000e+00,-9.559746376693654957e-02,0.000000000000000000e+00,-0.000000000000000000e+00,-0.000000000000000000e+00,-0.000000000000000000e+00,0.000000000000000000e+00,0.000000000000000000e+00,0.000000000000000000e+00,0.000000000000000000e+00,2.012121278276728098e-02,2.517940988914675327e+00,-0.000000000000000000e+00,0.000000000000000000e+00,-0.000000000000000000e+00,-0.000000000000000000e+00,0.000000000000000000e+00,-0.000000000000000000e+00,0.000000000000000000e+00,-0.000000000000000000e+00,-2.941780911485128436e-01
-0.000000000000000000e+00,-0.000000000000000000e+00,-1.336262889375337271e-01,-0.000000000000000000e+00,-2.144187838218954700e-01,-0.000000000000000000e+00,-0.000000000000000000e+00,0.000000000000000000e+00,-0.000000000000000000e+00,-8.206844322701811745e-02,-0.000000000000000000e+00,0.000000000000000000e+00,-0.000000000000000000e+00,0.000000000000000000e+00,0.000000000000000000e+00,-0.000000000000000000e+00,2.435717721242593170e-02,-0.000000000000000000e+00,0.000000000000000000e+00,-2.315146784672675664e-02,-0.000000000000000000e+00,-1.768930504776019819e-01,-1.273494429496561942e-01,0.000000000000000000e+00,-0.000000000000000000e+00,0.000000000000000000e+00,-5.492410679350550051e-01,0.000000000000000000e+00,0.000000000000000000e+00,-0.000000000000000000e+00,1.670826948968151093e+00,-2.295390248428174490e-02,-0.000000000000000000e+00,-0.000000000000000000e+00,0.000000000000000000e+00,-0.000000000000000000e+00,0.000000000000000000e+00,0.000000000000000000e+00,-5.780841779235594835e-01
-0.000000000000000000e+00,-0.000000000000000000e+00,-4.886471560547714019e-03,0.000000000000000000e+00,-0.000000000000000000e+00,-0.000000000000000000e+00,5.726115691029926014e-02,1.078868608952299191e-01,0.000000000000000000e+00,0.000000000000000000e+00,-1.807106911830551332e-01,-5.243479051025153829e-04,-0.000000000000000000e+00,-0.000000000000000000e+00,-0.000000000000000000e+00,-0.000000000000000000e+00,-2.524036855272466032e-03,5.855712378328160189e-02,0.000000000000000000e+00,0.000000000000000000e+00,0.000000000000000000e+00,-0.000000000000000000e+00,-0.000000000000000000e+00,-0.000000000000000000e+00,-0.000000000000000000e+00,-0.000000000000000000e+00,-3.472369359977826586e-01,-0.000000000000000000e+00,-1.399108035370632275e-01,0.000000000000000000e+00,-2.295390248428174490e-02,1.274671519603586267e+00,-0.000000000000000000e+00,-0.000000000000000000e+00,-0.000000000000000000e+00,-1.394316528861941351e-02,-2.301297799572894764e-01,0.000000000000000000e+00,0.000000000000000000e+00
-0.000000000000000000e+00,0.000000000000000000e+00,-3.572425626342388139e-01,0.000000000000000000e+00,-0.000000000000000000e+00,-2.474322886898718821e-01,-0.000000000000000000e+00,3.745836833315159264e-01,-0.000000000000000000e+00,0.000000000000000000e+00,0.000000000000000000e+00,-0.000000000000000000e+00,-3.245496749155067362e-01,-0.000000000000000000e+00,0.000000000000000000e+00,-0.000000000000000000e+00,-0.000000000000000000e+00,0.000000000000000000e+00,-0.000000000000000000e+00,-0.000000000000000000e+00,-3.324807180528159267e-01,-0.000000000000000000e+00,-1.360731382755252239e-01,0.000000000000000000e+00,-6.542412448233837774e-02,-0.000000000000000000e+00,-0.000000000000000000e+00,-4.274497634490364434e-02,-0.000000000000000000e+00,-0.000000000000000000e+00,-0.000000000000000000e+00,-0.000000000000000000e+00,1.916376719480399560e+00,-1.276689285423342479e-01,-2.434999981311423423e-01,-0.000000000000000000e+00,-0.000000000000000000e+00,-0.000000000000000000e+00,0.000000000000000000e+00
-0.000000000000000000e+00,-0.000000000000000000e+00,-0.000000000000000000e+00,0.000000000000000000e+00,-1.629821141991749933e-01,-0.000000000000000000e+00,-0.000000000000000000e+00,0.000000000000000000e+00,-1.883933485249617568e-01,-0.000000000000000000e+00,-0.000000000000000000e+00,0.000000000000000000e+00,-0.000000000000000000e+00,-0.000000000000000000e+00,0.000000000000000000e+00,-1.592685341333394122e-01,-0.000000000000000000e+00,2.342710027497339753e-01,0.000000000000000000e+00,-0.000000000000000000e+00,0.000000000000000000e+00,-0.000000000000000000e+00,-3.387196878964866126e-02,0.000000000000000000e+00,-0.000000000000000000e+00,0.000000000000000000e+00,0.000000000000000000e+00,0.000000000000000000e+00,0.000000000000000000e+00,-0.000000000000000000e+00,-0.000000000000000000e+00,-0.000000000000000000e+00,-1.276689285423342479e-01,1.193223017862726998e+00,0.000000000000000000e+00,-0.000000000000000000e+00,0.000000000000000000e+00,-0.000000000000000000e+00,-0.000000000000000000e+00
-0.000000000000000000e+00,0.000000000000000000e+00,-0.000000000000000000e+00,2.532880000952426602e-01,-0.000000000000000000e+00,-0.000000000000000000e+00,9.356980401449406515e-02,0.000000000000000000e+00,0.000000000000000000e+00,1.568210135800475816e-02,0.000000000000000000e+00,-0.000000000000000000e+00,-0.000000000000000000e+00,-1.466286673161523550e-02,-0.000000000000000000e+00,0.000000000000000000e+00,-0.000000000000000000e+00,0.000000000000000000e+00,-0.000000000000000000e+00,0.000000000000000000e+00,-0.000000000000000000e+00,0.000000000000000000e+00,-2.292556109722475310e-02,-0.000000000000000000e+00,-3.490200537302983741e-01,-0.000000000000000000e+00,-0.000000000000000000e+00,-2.692887971813278658e-01,-2.561425128958262354e-01,0.000000000000000000e+00,0.000000000000000000e+00,-0.000000000000000000e+00,-2.434999981311423423e-01,0.000000000000000000e+00,2.087983265673785560e+00,-0.000000000000000000e+00,-5.409924980214214640e-01,-0.000000000000000000e+00,5.678452601627310969e-02
-3.017870139428849297e-01,-0.000000000000000000e+00,-2.684392309472924398e-02,0.000000000000000000e+00,-3.146187021750381785e-01,-1.923804820746204125e-01,0.000000000000000000e+00,0.000000000000000000e+00,-6.481100031219361179e-02,-0.000000000000000000e+00,-0.000000000000000000e+00,0.000000000000000000e+00,-0.000000000000000000e+00,-2.542683946788592553e-01,-0.000000000000000000e+00,-0.000000000000000000e+00,-0.000000000000000000e+00,-0.000000000000000000e+00,-1.676159731332196867e-01,0.000000000000000000e+00,-0.000000000000000000e+00,-0.000000000000000000e+00,-2.975694338752961077e-01,0.000000000000000000e+00,-0.000000000000000000e+00,-1.646638309469036499e-01,-0.000000000000000000e+00,-0.000000000000000000e+00,-0.000000000000000000e+00,-0.000000000000000000e+00,-0.000000000000000000e+00,-1.394316528861941351e-02,-0.000000000000000000e+00,-0.000000000000000000e+00,-0.000000000000000000e+00,1.702985512662407608e+00,-0.000000000000000000e+00,-2.568928269356546626e-02,-0.000000000000000000e+00
-0.000000000000000000e+00,-0.000000000000000000e+00,-0.000000000000000000e+00,2.392540180721297594e-02,-0.000000000000000000e+00,-0.000000000000000000e+00,0.000000000000000000e+00,0.000000000000000000e+00,0.000000000000000000e+00,0.000000000000000000e+00,0.000000000000000000e+00,-0.000000000000000000e+00,0.000000000000000000e+00,-1.576236986732459378e-01,-2.667686650889880551e-02,-0.000000000000000000e+00,-0.000000000000000000e+00,-0.000000000000000000e+00,-0.000000000000000000e+00,0.000000000000000000e+00,-0.000000000000000000e+00,1.376054390008805417e-01,-0.000000000000000000e+00,-0.000000000000000000e+00,-0.000000000000000000e+00,-0.000000000000000000e+00,0.000000000000000000e+00,-2.040440150742115766e-01,-1.052999881708428731e+00,0.000000000000000000e+00,0.000000000000000000e+00,-2.301297799572894764e-01,-0.000000000000000000e+00,0.000000000000000000e+00,-5.409924980214214640e-01,-0.000000000000000000e+00,2.418028366116262706e+00,-0.000000000000000000e+00,1.235483573689453718e-01
-3.734435883135809320e-01,-0.000000000000000000e+00,-0.000000000000000000e+00,0.000000000000000000e+00,-8.352541698282157923e-02,0.000000000000000000e+00,-0.000000000000000000e+00,0.000000000000000000e+00,-2.928446198991586646e-01,-0.000000000000000000e+00,2.456125815946876359e-02,1.625050368681227875e-01,2.575627624356174317e-01,-0.000000000000000000e+00,0.000000000000000000e+00,-2.311132953769246545e-01,-0.000000000000000000e+00,-2.822753235941179994e-01,-2.103744276665712731e-01,-0.000000000000000000e+00,-0.000000000000000000e+00,0.000000000000000000e+00,-0.000000000000000000e+00,-0.000000000000000000e+00,-2.818417190684645648e-02,-3.703742832290976561e-01,1.822672392412462150e-01,-0.000000000000000000e+00,-0.000000000000000000e+00,-0.000000000000000000e+00,0.000000000000000000e+00,0.000000000000000000e+00,-0.000000000000000000e+00,-0.000000000000000000e+00,-0.000000000000000000e+00,-2.568928269356546626e-02,-0.000000000000000000e+00,1.938603503908713943e+00,-0.000000000000000000e+00
0.000000000000000000e+00,-0.000000000000000000e+00,-0.000000000000000000e+00,-1.889283962365489733e-01,-0.000000000000000000e+00,0.000000000000000000e+00,-7.447829895315478434e-03,0.000000000000000000e+00,-1.724581562567926996e-02,-1.072397880458900277e+00,-0.000000000000000000e+00,2.411497010824711906e-01,-0.000000000000000000e+00,0.000000000000000000e+00,9.280381647567280401e-02,-0.000000000000000000e+00,0.000000000000000000e+00,-0.000000000000000000e+00,0.000000000000000000e+00,-0.000000000000000000e+00,0.000000000000000000e+00,-0.000000000000000000e+00,-0.000000000000000000e+00,0.000000000000000000e+00,0.000000000000000000e+00,1.433106946876342991e-01,-0.000000000000000000e+00,2.225763738423475191e-01,1.910999429517268866e-01,-2.941780911485128436e-01,-5.780841779235594835e-01,0.000000000000000000e+00,0.000000000000000000e+00,-0.000000000000000000e+00,5.678452601627310969e-02,-0.000000000000000000e+00,1.235483573689453718e-01,-0.000000000000000000e+00,2.717532964770171144e+00
