2.749547060755670014e+00,-9.708746385038014015e-01,-0.000000000000000000e+00,-0.000000000000000000e+00,-0.000000000000000000e+00,-0.000000000000000000e+00,-0.000000000000000000e+00,0.000000000000000000e+00,-2.651079209461966180e-01,-0.000000000000000000e+00,-0.000000000000000000e+00,-0.000000000000000000e+00,0.000000000000000000e+00,-5.538035983229504244e-02,-0.000000000000000000e+00,-2.552908621754407248e-01,-0.000000000000000000e+00,-0.000000000000000000e+00,-0.000000000000000000e+00,-0.000000000000000000e+00,0.000000000000000000e+00,-0.000000000000000000e+00,-1.194936931730132268e-01,-0.000000000000000000e+00,-2.829578249419922864e-01,-0.000000000000000000e+00,-0.000000000000000000e+00,-0.000000000000000000e+00,-3.078068948552760142e-01,-1.595741767947549128e-01,-0.000000000000000000e+00,-0.000000000000000000e+00,-0.000000000000000000e+00,-0.000000000000000000e+00,-0.000000000000000000e+00,-1.791835150526158993e-01,-0.000000000000000000e+00,-0.000000000000000000e+00,-1.992112867647710672e-01
-9.708746385038014015e-01,2.779049391264620361e+00,-0.000000000000000000e+00,0.000000000000000000e+00,-0.000000000000000000e+00,-0.000000000000000000e+00,-0.000000000000000000e+00,0.000000000000000000e+00,-0.000000000000000000e+00,-2.575630957273810639e-01,-0.000000000000000000e+00,-0.000000000000000000e+00,0.000000000000000000e+00,-8.517426888920748285e-02,-0.000000000000000000e+00,-5.339990088459906081e-01,-0.000000000000000000e+00,-0.000000000000000000e+00,-0.000000000000000000e+00,-0.000000000000000000e+00,0.000000000000000000e+00,0.000000000000000000e+00,-1.477654210773657849e-02,-0.000000000000000000e+00,-2.102222617020139128e-01,-0.000000000000000000e+00,-0.000000000000000000e+00,-0.000000000000000000e+00,-1.732027141294174288e-01,-6.165979810715870729e-02,-0.000000000000000000e+00,-1.240686222280373840e-01,-0.000000000000000000e+00,-0.000000000000000000e+00,-0.000000000000000000e+00,-1.097369124045913108e-01,-1.002684974981956079e-01,-0.000000000000000000e+00,-1.676664449038159366e-01
-0.000000000000000000e+00,-0.000000000000000000e+00,2.561505018466653461e+00,-0.000000000000000000e+00,-5.519440790967007349e-01,0.000000000000000000e+00,-1.644277112706026833e-01,0.000000000000000000e+00,-2.574677010187600423e-01,-8.558360966889111410e-02,-0.000000000000000000e+00,-0.000000000000000000e+00,0.000000000000000000e+00,-0.000000000000000000e+00,-9.644531380047739397e-03,-0.000000000000000000e+00,-0.000000000000000000e+00,-0.000000000000000000e+00,-5.956926350709601525e-01,-2.004268699698267819e-01,-0.000000000000000000e+00,-3.232592866996156222e-01,-0.000000000000000000e+00,-2.052563230591916144e-01,-0.000000000000000000e+00,-6.274724547464386945e-03,0.000000000000000000e+00,-0.000000000000000000e+00,-0.000000000000000000e+00,-1.718136989065031373e-01,-0.000000000000000000e+00,0.000000000000000000e+00,-3.647695470390787537e-02,-2.486943307913249690e-01,0.000000000000000000e+00,-0.000000000000000000e+00,0.000000000000000000e+00,-1.542966178544417401e-02,-0.000000000000000000e+00
-0.000000000000000000e+00,0.000000000000000000e+00,-0.000000000000000000e+00,1.243450282267966722e+00,-0.000000000000000000e+00,1.577044875661186285e-01,-1.968660018733724149e-01,-1.104219982358439767e-01,-0.000000000000000000e+00,0.000000000000000000e+00,0.000000000000000000e+00,0.000000000000000000e+00,0.000000000000000000e+00,0.000000000000000000e+00,-0.000000000000000000e+00,-0.000000000000000000e+00,0.000000000000000000e+00,-0.000000000000000000e+00,0.000000000000000000e+00,-0.000000000000000000e+00,-1.073840507172274181e-02,-0.000000000000000000e+00,0.000000000000000000e+00,-0.000000000000000000e+00,0.000000000000000000e+00,-0.000000000000000000e+00,0.000000000000000000e+00,-2.759204239280035331e-01,0.000000000000000000e+00,-0.000000000000000000e+00,0.000000000000000000e+00,0.000000000000000000e+00,0.000000000000000000e+00,-1.457257602219717008e-01,0.000000000000000000e+00,-0.000000000000000000e+00,0.000000000000000000e+00,-0.000000000000000000e+00,0.000000000000000000e+00
-0.000000000000000000e+00,-0.000000000000000000e+00,-5.519440790967007349e-01,-0.000000000000000000e+00,2.308332882258198548e+00,0.000000000000000000e+00,-0.000000000000000000e+00,5.642292596952350886e-02,-2.471946407110301447e-01,-4.487803332479908813e-02,-0.000000000000000000e+00,-2.437751831017503229e-02,-0.000000000000000000e+00,-2.604661100914676397e-01,-0.000000000000000000e+00,-0.000000000000000000e+00,0.000000000000000000e+00,-1.675123079706498097e-01,-2.044047876379277984e-01,-9.372991223305407807e-03,0.000000000000000000e+00,-0.000000000000000000e+00,-0.000000000000000000e+00,-0.000000000000000000e+00,-9.666703952711092063e-02,-0.000000000000000000e+00,-0.000000000000000000e+00,0.000000000000000000e+00,-0.000000000000000000e+00,-0.000000000000000000e+00,-0.000000000000000000e+00,-0.000000000000000000e+00,-0.000000000000000000e+00,-3.092181114040404299e-01,0.000000000000000000e+00,-0.000000000000000000e+00,-0.000000000000000000e+00,-0.000000000000000000e+00,-3.478313426035232747e-01
-0.000000000000000000e+00,-0.000000000000000000e+00,0.000000000000000000e+00,1.577044875661186285e-01,0.000000000000000000e+00,2.399197569118470152e+00,-0.000000000000000000e+00,0.000000000000000000e+00,0.000000000000000000e+00,-0.000000000000000000e+00,-0.000000000000000000e+00,-0.000000000000000000e+00,-0.000000000000000000e+00,-0.000000000000000000e+00,0.000000000000000000e+00,-0.000000000000000000e+00,-4.659308017498710597e-01,-0.000000000000000000e+00,-0.000000000000000000e+00,-0.000000000000000000e+00,4.596151775222961366e-01,0.000000000000000000e+00,-0.000000000000000000e+00,0.000000000000000000e+00,-0.000000000000000000e+00,0.000000000000000000e+00,-5.445997785373767747e-02,0.000000000000000000e+00,-0.000000000000000000e+00,0.000000000000000000e+00,-7.241370178690770265e-02,-7.600231927011864841e-02,-0.000000000000000000e+00,1.664730981882684424e-01,-5.058337087662290177e-01,0.000000000000000000e+00,-5.808683719152127889e-01,3.635941263209219732e-01,-0.000000000000000000e+00
-0.000000000000000000e+00,-0.000000000000000000e+00,-1.644277112706026833e-01,-1.968660018733724149e-01,-0.000000000000000000e+00,-0.000000000000000000e+00,1.386024678599220739e+00,-0.000000000000000000e+00,-0.000000000000000000e+00,-0.000000000000000000e+00,-2.214774059237089587e-01,-0.000000000000000000e+00,-0.000000000000000000e+00,-6.095557718732390329e-02,0.000000000000000000e+00,-0.000000000000000000e+00,-0.000000000000000000e+00,-0.000000000000000000e+00,-0.000000000000000000e+00,-1.057650358981032795e-01,-0.000000000000000000e+00,-1.551527216060724634e-01,-0.000000000000000000e+00,-0.000000000000000000e+00,-0.000000000000000000e+00,-0.000000000000000000e+00,-0.000000000000000000e+00,-0.000000000000000000e+00,-0.000000000000000000e+00,-0.000000000000000000e+00,-1.957886231233434970e-01,-0.000000000000000000e+00,-5.857664497256983432e-02,-0.000000000000000000e+00,-0.000000000000000000e+00,-5.869861666586032034e-02,-0.000000000000000000e+00,-0.000000000000000000e+00,-0.000000000000000000e+00
0.000000000000000000e+00,0.000000000000000000e+00,0.000000000000000000e+00,-1.104219982358439767e-01,5.642292596952350886e-02,0.000000000000000000e+00,-0.000000000000000000e+00,2.383457536692502821e+00,0.000000000000000000e+00,0.000000000000000000e+00,0.000000000000000000e+00,6.511282498147125120e-02,0.000000000000000000e+00,0.000000000000000000e+00,0.000000000000000000e+00,1.784141219435641523e-01,0.000000000000000000e+00,3.028414887165440383e-01,6.033030522558693182e-02,1.212865085653917763e-01,-1.059270418966028693e+00,-0.000000000000000000e+00,0.000000000000000000e+00,0.000000000000000000e+00,8.608339071689011246e-02,-0.000000000000000000e+00,2.976349705665012335e-01,-2.409728767178278275e-01,0.000000000000000000e+00,-0.000000000000000000e+00,0.000000000000000000e+00,7.802059133623413800e-02,0.000000000000000000e+00,0.000000000000000000e+00,0.000000000000000000e+00,0.000000000000000000e+00,0.000000000000000000e+00,-0.000000000000000000e+00,0.000000000000000000e+00
-2.651079209461966180e-01,-0.000000000000000000e+00,-2.574677010187600423e-01,-0.000000000000000000e+00,-2.471946407110301447e-01,0.000000000000000000e+00,-0.000000000000000000e+00,0.000000000000000000e+00,2.959328160254842910e+00,-0.000000000000000000e+00,-0.000000000000000000e+00,-0.000000000000000000e+00,0.000000000000000000e+00,-2.725770516636774610e-01,-0.000000000000000000e+00,-0.000000000000000000e+00,0.000000000000000000e+00,-0.000000000000000000e+00,-0.000000000000000000e+00,-0.000000000000000000e+00,-0.000000000000000000e+00,-0.000000000000000000e+00,-0.000000000000000000e+00,-1.366649466329284968e-01,-1.717747912499400786e-01,-7.396041022252397741e-03,-0.000000000000000000e+00,-0.000000000000000000e+00,-0.000000000000000000e+00,-4.702342751857593872e-01,-0.000000000000000000e+00,-0.000000000000000000e+00,-0.000000000000000000e+00,-7.806745455855081950e-01,0.000000000000000000e+00,-4.355728657538899262e-01,-0.000000000000000000e+00,-1.015471341724349524e-01,-2.159238451979727247e-01
-0.000000000000000000e+00,-2.575630957273810639e-01,-8.558360966889111410e-02,0.000000000000000000e+00,-4.487803332479908813e-02,-0.000000000000000000e+00,-0.000000000000000000e+00,0.000000000000000000e+00,-0.000000000000000000e+00,2.156362126646275357e+00,-1.225167917213864643e-01,-0.000000000000000000e+00,0.000000000000000000e+00,-0.000000000000000000e+00,-0.000000000000000000e+00,-5.404675786280991323e-01,-0.000000000000000000e+00,-1.639186168994182791e-01,-1.399489181687729213e-02,-1.620479684828624867e-01,0.000000000000000000e+00,-0.000000000000000000e+00,-0.000000000000000000e+00,-3.217805556919443866e-02,-0.000000000000000000e+00,-0.000000000000000000e+00,-0.000000000000000000e+00,-0.000000000000000000e+00,-1.410197234477281701e-02,-3.303354412138387319e-01,-1.185260511097383923e-01,-0.000000000000000000e+00,-1.219296478652954763e-01,-0.000000000000000000e+00,-0.000000000000000000e+00,-0.000000000000000000e+00,-0.000000000000000000e+00,-0.000000000000000000e+00,-1.745382737291773512e-01
-0.000000000000000000e+00,-0.000000000000000000e+00,-0.000000000000000000e+00,0.000000000000000000e+00,-0.000000000000000000e+00,-0.000000000000000000e+00,-2.214774059237089587e-01,0.000000000000000000e+00,-0.000000000000000000e+00,-1.225167917213864643e-01,2.264834302269781219e+00,-0.000000000000000000e+00,-5.736475819352053647e-03,-2.787023249257767898e-01,-0.000000000000000000e+00,-0.000000000000000000e+00,-4.821400800460586833e-01,-5.215262587282112200e-02,-0.000000000000000000e+00,-0.000000000000000000e+00,0.000000000000000000e+00,-0.000000000000000000e+00,-0.000000000000000000e+00,-9.502444464147458830e-03,-0.000000000000000000e+00,-3.619899163010411591e-01,-7.946400968701694545e-02,-0.000000000000000000e+00,-4.726020412441662155e-01,-0.000000000000000000e+00,-0.000000000000000000e+00,-0.000000000000000000e+00,-3.413867251510223078e-01,-0.000000000000000000e+00,-0.000000000000000000e+00,-1.370919267934790908e-01,-0.000000000000000000e+00,-0.000000000000000000e+00,-0.000000000000000000e+00
-0.000000000000000000e+00,-0.000000000000000000e+00,-0.000000000000000000e+00,0.000000000000000000e+00,-2.437751831017503229e-02,-0.000000000000000000e+00,-0.000000000000000000e+00,6.511282498147125120e-02,-0.000000000000000000e+00,-0.000000000000000000e+00,-0.000000000000000000e+00,1.503803342094702566e+00,-0.000000000000000000e+00,-0.000000000000000000e+00,-0.000000000000000000e+00,-0.000000000000000000e+00,0.000000000000000000e+00,-1.959398167822872794e-01,-0.000000000000000000e+00,-0.000000000000000000e+00,0.000000000000000000e+00,0.000000000000000000e+00,-1.473758531150277662e-01,-0.000000000000000000e+00,-0.000000000000000000e+00,0.000000000000000000e+00,-3.313696332692847579e-01,2.563761555717374852e-01,-0.000000000000000000e+00,0.000000000000000000e+00,-0.000000000000000000e+00,-0.000000000000000000e+00,-0.000000000000000000e+00,-0.000000000000000000e+00,0.000000000000000000e+00,-0.000000000000000000e+00,-0.000000000000000000e+00,0.000000000000000000e+00,-2.356769549885016080e-01
0.000000000000000000e+00,0.000000000000000000e+00,0.000000000000000000e+00,0.000000000000000000e+00,-0.000000000000000000e+00,-0.000000000000000000e+00,-0.000000000000000000e+00,0.000000000000000000e+00,0.000000000000000000e+00,0.000000000000000000e+00,-5.736475819352053647e-03,-0.000000000000000000e+00,1.187233914023458459e+00,-0.000000000000000000e+00,0.000000000000000000e+00,0.000000000000000000e+00,-0.000000000000000000e+00,0.000000000000000000e+00,0.000000000000000000e+00,0.000000000000000000e+00,0.000000000000000000e+00,-0.000000000000000000e+00,-0.000000000000000000e+00,-0.000000000000000000e+00,-0.000000000000000000e+00,0.000000000000000000e+00,-5.597006911936042162e-02,0.000000000000000000e+00,-0.000000000000000000e+00,0.000000000000000000e+00,-0.000000000000000000e+00,-1.625572593123296994e-01,-2.030992214626800574e-01,0.000000000000000000e+00,-1.742748445014958014e-01,-5.720577883075671742e-03,-0.000000000000000000e+00,4.349887207279082985e-02,-0.000000000000000000e+00
-5.538035983229504244e-02,-8.517426888920748285e-02,-0.000000000000000000e+00,0.000000000000000000e+00,-2.604661100914676397e-01,-0.000000000000000000e+00,-6.095557718732390329e-02,0.000000000000000000e+00,-2.725770516636774610e-01,-0.000000000000000000e+00,-2.787023249257767898e-01,-0.000000000000000000e+00,-0.000000000000000000e+00,2.675959139395779562e+00,-0.000000000000000000e+00,-0.000000000000000000e+00,-0.000000000000000000e+00,-8.928764767697690286e-02,-1.089595611965769040e-01,-0.000000000000000000e+00,0.000000000000000000e+00,-0.000000000000000000e+00,-2.421062742605484264e-01,-1.564899349387953442e-01,-2.235923482162989473e-01,-0.000000000000000000e+00,-0.000000000000000000e+00,-0.000000000000000000e+00,-1.255288954157089409e-01,-0.000000000000000000e+00,-0.000000000000000000e+00,-6.787555763412761456e-02,-6.804931394847438808e-01,-6.601241166135124461e-02,-0.000000000000000000e+00,-1.711222782008385845e-01,-0.000000000000000000e+00,-0.000000000000000000e+00,-0.000000000000000000e+00
-0.000000000000000000e+00,-0.000000000000000000e+00,-9.644531380047739397e-03,-0.000000000000000000e+00,-0.000000000000000000e+00,0.000000000000000000e+00,0.000000000000000000e+00,0.000000000000000000e+00,-0.000000000000000000e+00,-0.000000000000000000e+00,-0.000000000000000000e+00,-0.000000000000000000e+00,0.000000000000000000e+00,-0.000000000000000000e+00,1.747966928075154414e+00,0.000000000000000000e+00,-0.000000000000000000e+00,-2.775263216007991529e-01,-2.203307341733140579e-02,-0.000000000000000000e+00,-0.000000000000000000e+00,-0.000000000000000000e+00,-0.000000000000000000e+00,-1.624443185504472198e-01,-0.000000000000000000e+00,-5.691592059960943750e-01,0.000000000000000000e+00,-0.000000000000000000e+00,-0.000000000000000000e+00,-5.878611950128068836e-02,9.469037186879632195e-02,0.000000000000000000e+00,-0.000000000000000000e+00,-9.125506734445240631e-02,3.693282192898023619e-01,0.000000000000000000e+00,0.000000000000000000e+00,-2.511686726584108076e-01,0.000000000000000000e+00
-2.552908621754407248e-01,-5.339990088459906081e-01,-0.000000000000000000e+00,-0.000000000000000000e+00,-0.000000000000000000e+00,-0.000000000000000000e+00,-0.000000000000000000e+00,1.784141219435641523e-01,-0.000000000000000000e+00,-5.404675786280991323e-01,-0.000000000000000000e+00,-0.000000000000000000e+00,0.000000000000000000e+00,-0.000000000000000000e+00,0.000000000000000000e+00,2.638866391719643101e+00,-0.000000000000000000e+00,-3.817008640887555732e-02,-0.000000000000000000e+00,-9.775498563343239244e-02,0.000000000000000000e+00,0.000000000000000000e+00,-6.172645745399387707e-01,-0.000000000000000000e+00,-5.178760782014641545e-02,-0.000000000000000000e+00,-1.733027656083324375e-01,0.000000000000000000e+00,-0.000000000000000000e+00,-0.000000000000000000e+00,-1.264510038917144030e-01,-0.000000000000000000e+00,-0.000000000000000000e+00,-0.000000000000000000e+00,-0.000000000000000000e+00,-0.000000000000000000e+00,-0.000000000000000000e+00,-0.000000000000000000e+00,-1.002639038110327008e-01
-0.000000000000000000e+00,-0.000000000000000000e+00,-0.000000000000000000e+00,0.000000000000000000e+00,0.000000000000000000e+00,-4.659308017498710597e-01,-0.000000000000000000e+00,0.000000000000000000e+00,0.000000000000000000e+00,-0.000000000000000000e+00,-4.821400800460586833e-01,0.000000000000000000e+00,-0.000000000000000000e+00,-0.000000000000000000e+00,-0.000000000000000000e+00,-0.000000000000000000e+00,1.491456244090115346e+00,-9.482961478133399014e-03,-0.000000000000000000e+00,-0.000000000000000000e+00,0.000000000000000000e+00,0.000000000000000000e+00,-0.000000000000000000e+00,-0.000000000000000000e+00,0.000000000000000000e+00,-1.965852233282550932e-01,-0.000000000000000000e+00,-0.000000000000000000e+00,-1.008770862797871704e-01,-0.000000000000000000e+00,-0.000000000000000000e+00,-0.000000000000000000e+00,-0.000000000000000000e+00,1.376568657408249186e-01,-0.000000000000000000e+00,0.000000000000000000e+00,-0.000000000000000000e+00,-0.000000000000000000e+00,0.000000000000000000e+00
-0.000000000000000000e+00,-0.000000000000000000e+00,-0.000000000000000000e+00,-0.000000000000000000e+00,-1.675123079706498097e-01,-0.000000000000000000e+00,-0.000000000000000000e+00,3.028414887165440383e-01,-0.000000000000000000e+00,-1.639186168994182791e-01,-5.215262587282112200e-02,-1.959398167822872794e-01,0.000000000000000000e+00,-8.928764767697690286e-02,-2.775263216007991529e-01,-3.817008640887555732e-02,-9.482961478133399014e-03,2.041681985292035151e+00,-5.964736177951406315e-01,-2.707799319463459753e-01,0.000000000000000000e+00,0.000000000000000000e+00,-3.395018518371074878e-02,-1.631167336122237715e-02,-0.000000000000000000e+00,-0.000000000000000000e+00,-0.000000000000000000e+00,-0.000000000000000000e+00,-0.000000000000000000e+00,-0.000000000000000000e+00,-0.000000000000000000e+00,-0.000000000000000000e+00,-0.000000000000000000e+00,-0.000000000000000000e+00,0.000000000000000000e+00,-0.000000000000000000e+00,-0.000000000000000000e+00,-0.000000000000000000e+00,-0.000000000000000000e+00
-0.000000000000000000e+00,-0.000000000000000000e+00,-5.956926350709601525e-01,0.000000000000000000e+00,-2.044047876379277984e-01,-0.000000000000000000e+00,-0.000000000000000000e+00,6.033030522558693182e-02,-0.000000000000000000e+00,-1.399489181687729213e-02,-0.000000000000000000e+00,-0.000000000000000000e+00,0.000000000000000000e+00,-1.089595611965769040e-01,-2.203307341733140579e-02,-0.000000000000000000e+00,-0.000000000000000000e+00,-5.964736177951406315e-01,2.282973236651833382e+00,-5.245471827495511441e-01,0.000000000000000000e+00,-0.000000000000000000e+00,-0.000000000000000000e+00,-1.030447188703145917e-01,-0.000000000000000000e+00,-0.000000000000000000e+00,-0.000000000000000000e+00,0.000000000000000000e+00,-0.000000000000000000e+00,-0.000000000000000000e+00,-0.000000000000000000e+00,-0.000000000000000000e+00,-6.843614235720279701e-03,-0.000000000000000000e+00,0.000000000000000000e+00,0.000000000000000000e+00,-0.000000000000000000e+00,-0.000000000000000000e+00,-0.000000000000000000e+00
-0.000000000000000000e+00,-0.000000000000000000e+00,-2.004268699698267819e-01,-0.000000000000000000e+00,-9.372991223305407807e-03,-0.000000000000000000e+00,-1.057650358981032795e-01,1.212865085653917763e-01,-0.000000000000000000e+00,-1.620479684828624867e-01,-0.000000000000000000e+00,-0.000000000000000000e+00,0.000000000000000000e+00,-0.000000000000000000e+00,-0.000000000000000000e+00,-9.775498563343239244e-02,-0.000000000000000000e+00,-2.707799319463459753e-01,-5.245471827495511441e-01,1.775599850360011445e+00,0.000000000000000000e+00,0.000000000000000000e+00,-0.000000000000000000e+00,-0.000000000000000000e+00,-8.346596913528794848e-02,-0.000000000000000000e+00,-0.000000000000000000e+00,0.000000000000000000e+00,-0.000000000000000000e+00,-0.000000000000000000e+00,-0.000000000000000000e+00,-0.000000000000000000e+00,-0.000000000000000000e+00,-0.000000000000000000e+00,-0.000000000000000000e+00,-0.000000000000000000e+00,-0.000000000000000000e+00,-0.000000000000000000e+00,-0.000000000000000000e+00
0.000000000000000000e+00,0.000000000000000000e+00,-0.000000000000000000e+00,-1.073840507172274181e-02,0.000000000000000000e+00,4.596151775222961366e-01,-0.000000000000000000e+00,-1.059270418966028693e+00,-0.000000000000000000e+00,0.000000000000000000e+00,0.000000000000000000e+00,0.000000000000000000e+00,0.000000000000000000e+00,0.000000000000000000e+00,-0.000000000000000000e+00,0.000000000000000000e+00,0.000000000000000000e+00,0.000000000000000000e+00,0.000000000000000000e+00,0.000000000000000000e+00,3.141864546617076481e+00,-7.471129180102916711e-01,0.000000000000000000e+00,-0.000000000000000000e+00,0.000000000000000000e+00,-0.000000000000000000e+00,2.216555840372985420e-01,-6.946125083391941901e-01,0.000000000000000000e+00,-0.000000000000000000e+00,0.000000000000000000e+00,1.974984891545083776e-01,0.000000000000000000e+00,-0.000000000000000000e+00,0.000000000000000000e+00,0.000000000000000000e+00,1.252889765495883712e-01,-8.598837998111026615e-02,0.000000000000000000e+00
-0.000000000000000000e+00,0.000000000000000000e+00,-3.232592866996156222e-01,-0.000000000000000000e+00,-0.000000000000000000e+00,0.000000000000000000e+00,-1.551527216060724634e-01,-0.000000000000000000e+00,-0.000000000000000000e+00,-0.000000000000000000e+00,-0.000000000000000000e+00,0.000000000000000000e+00,-0.000000000000000000e+00,-0.000000000000000000e+00,-0.000000000000000000e+00,0.000000000000000000e+00,0.000000000000000000e+00,0.000000000000000000e+00,-0.000000000000000000e+00,0.000000000000000000e+00,-7.471129180102916711e-01,1.978740213896712064e+00,0.000000000000000000e+00,-1.253032291228596828e-01,0.000000000000000000e+00,-8.393269206309736385e-02,0.000000000000000000e+00,-2.166605638632430886e-01,0.000000000000000000e+00,-0.000000000000000000e+00,-0.000000000000000000e+00,0.000000000000000000e+00,-1.850016922004873443e-01,-4.780677448383879868e-02,0.000000000000000000e+00,-0.000000000000000000e+00,0.000000000000000000e+00,-3.009697433073874051e-01,-0.000000000000000000e+00
-1.194936931730132268e-01,-1.477654210773657849e-02,-0.000000000000000000e+00,0.000000000000000000e+00,-0.000000000000000000e+00,-0.000000000000000000e+00,-0.000000000000000000e+00,0.000000000000000000e+00,-0.000000000000000000e+00,-0.000000000000000000e+00,-0.000000000000000000e+00,-1.473758531150277662e-01,-0.000000000000000000e+00,-2.421062742605484264e-01,-0.000000000000000000e+00,-6.172645745399387707e-01,-0.000000000000000000e+00,-3.395018518371074878e-02,-0.000000000000000000e+00,-0.000000000000000000e+00,0.000000000000000000e+00,0.000000000000000000e+00,2.600824360864645968e+00,-8.176944999675457570e-02,-7.644482477572047685e-01,-0.000000000000000000e+00,-4.602443830536879360e-02,0.000000000000000000e+00,-0.000000000000000000e+00,-0.000000000000000000e+00,-0.000000000000000000e+00,-1.011762455687413576e-01,-0.000000000000000000e+00,-0.000000000000000000e+00,-0.000000000000000000e+00,-0.000000000000000000e+00,-0.000000000000000000e+00,-0.000000000000000000e+00,-4.219844173501832718e-01
-0.000000000000000000e+00,-0.000000000000000000e+00,-2.052563230591916144e-01,-0.000000000000000000e+00,-0.000000000000000000e+00,0.000000000000000000e+00,-0.000000000000000000e+00,0.000000000000000000e+00,-1.366649466329284968e-01,-3.217805556919443866e-02,-9.502444464147458830e-03,-0.000000000000000000e+00,-0.000000000000000000e+00,-1.564899349387953442e-01,-1.624443185504472198e-01,-0.000000000000000000e+00,-0.000000000000000000e+00,-1.631167336122237715e-02,-1.030447188703145917e-01,-0.000000000000000000e+00,-0.000000000000000000e+00,-1.253032291228596828e-01,-8.176944999675457570e-02,1.720044621789388328e+00,-0.000000000000000000e+00,-2.004356343160499654e-01,-0.000000000000000000e+00,-0.000000000000000000e+00,-0.000000000000000000e+00,-1.635363863375603743e-01,-0.000000000000000000e+00,-0.000000000000000000e+00,-1.070304669982816426e-01,-7.152865866342714152e-02,0.000000000000000000e+00,-0.000000000000000000e+00,-0.000000000000000000e+00,-6.981370227879930834e-02,-0.000000000000000000e+00
-2.829578249419922864e-01,-2.102222617020139128e-01,-0.000000000000000000e+00,0.000000000000000000e+00,-9.666703952711092063e-02,-0.000000000000000000e+00,-0.000000000000000000e+00,8.608339071689011246e-02,-1.717747912499400786e-01,-0.000000000000000000e+00,-0.000000000000000000e+00,-0.000000000000000000e+00,-0.000000000000000000e+00,-2.235923482162989473e-01,-0.000000000000000000e+00,-5.178760782014641545e-02,0.000000000000000000e+00,-0.000000000000000000e+00,-0.000000000000000000e+00,-8.346596913528794848e-02,0.000000000000000000e+00,0.000000000000000000e+00,-7.644482477572047685e-01,-0.000000000000000000e+00,2.452378475724562801e+00,-0.000000000000000000e+00,-0.000000000000000000e+00,0.000000000000000000e+00,-0.000000000000000000e+00,-0.000000000000000000e+00,-9.069173235605037034e-03,-0.000000000000000000e+00,-0.000000000000000000e+00,-8.059222388442648100e-02,-0.000000000000000000e+00,-0.000000000000000000e+00,-0.000000000000000000e+00,-0.000000000000000000e+00,-3.460489542705710297e-01
-0.000000000000000000e+00,-0.000000000000000000e+00,-6.274724547464386945e-03,-0.000000000000000000e+00,-0.000000000000000000e+00,0.000000000000000000e+00,-0.000000000000000000e+00,-0.000000000000000000e+00,-7.396041022252397741e-03,-0.000000000000000000e+00,-3.619899163010411591e-01,0.000000000000000000e+00,0.000000000000000000e+00,-0.000000000000000000e+00,-5.691592059960943750e-01,-0.000000000000000000e+00,-1.965852233282550932e-01,-0.000000000000000000e+00,-0.000000000000000000e+00,-0.000000000000000000e+00,-0.000000000000000000e+00,-8.393269206309736385e-02,-0.000000000000000000e+00,-2.004356343160499654e-01,-0.000000000000000000e+00,2.166473785586426004e+00,0.000000000000000000e+00,-2.786153078728301757e-01,-0.000000000000000000e+00,-2.733808929730816017e-01,0.000000000000000000e+00,0.000000000000000000e+00,-0.000000000000000000e+00,-0.000000000000000000e+00,0.000000000000000000e+00,-0.000000000000000000e+00,0.000000000000000000e+00,-4.562553321576586218e-01,-0.000000000000000000e+00
-0.000000000000000000e+00,-0.000000000000000000e+00,0.000000000000000000e+00,0.000000000000000000e+00,-0.000000000000000000e+00,-5.445997785373767747e-02,-0.000000000000000000e+00,2.976349705665012335e-01,-0.000000000000000000e+00,-0.000000000000000000e+00,-7.946400968701694545e-02,-3.313696332692847579e-01,-5.597006911936042162e-02,-0.000000000000000000e+00,0.000000000000000000e+00,-1.733027656083324375e-01,-0.000000000000000000e+00,-0.000000000000000000e+00,-0.000000000000000000e+00,-0.000000000000000000e+00,2.216555840372985420e-01,0.000000000000000000e+00,-4.602443830536879360e-02,-0.000000000000000000e+00,-0.000000000000000000e+00,0.000000000000000000e+00,2.518951965475453303e+00,1.138740392111351057e-01,-9.432929992656168688e-03,0.000000000000000000e+00,-2.871165528017177726e-01,-8.118445039065909086e-01,-0.000000000000000000e+00,-0.000000000000000000e+00,-0.000000000000000000e+00,-0.000000000000000000e+00,-0.000000000000000000e+00,0.000000000000000000e+00,-2.297394519591321460e-01
-0.000000000000000000e+00,-0.000000000000000000e+00,-0.000000000000000000e+00,-2.759204239280035331e-01,0.000000000000000000e+00,0.000000000000000000e+00,-0.000000000000000000e+00,-2.409728767178278275e-01,-0.000000000000000000e+00,-0.000000000000000000e+00,-0.000000000000000000e+00,2.563761555717374852e-01,0.000000000000000000e+00,-0.000000000000000000e+00,-0.000000000000000000e+00,0.000000000000000000e+00,-0.000000000000000000e+00,-0.000000000000000000e+00,0.000000000000000000e+00,0.000000000000000000e+00,-6.946125083391941901e-01,-2.166605638632430886e-01,0.000000000000000000e+00,-0.000000000000000000e+00,0.000000000000000000e+00,-2.786153078728301757e-01,1.138740392111351057e-01,2.666670047953831446e+00,-0.000000000000000000e+00,-4.418216540118327651e-02,0.000000000000000000e+00,0.000000000000000000e+00,-0.000000000000000000e+00,-0.000000000000000000e+00,0.000000000000000000e+00,-0.000000000000000000e+00,0.000000000000000000e+00,-9.430358329075083645e-01,0.000000000000000000e+00
-3.078068948552760142e-01,-1.732027141294174288e-01,-0.000000000000000000e+00,0.000000000000000000e+00,-0.000000000000000000e+00,-0.000000000000000000e+00,-0.000000000000000000e+00,0.000000000000000000e+00,-0.000000000000000000e+00,-1.410197234477281701e-02,-4.726020412441662155e-01,-0.000000000000000000e+00,-0.000000000000000000e+00,-1.255288954157089409e-01,-0.000000000000000000e+00,-0.000000000000000000e+00,-1.008770862797871704e-01,-0.000000000000000000e+00,-0.000000000000000000e+00,-0.000000000000000000e+00,0.000000000000000000e+00,0.000000000000000000e+00,-0.000000000000000000e+00,-0.000000000000000000e+00,-0.000000000000000000e+00,-0.000000000000000000e+00,-9.432929992656168688e-03,-0.000000000000000000e+00,2.427547971710139585e+00,-0.000000000000000000e+00,-0.000000000000000000e+00,-3.593134745095470928e-01,-2.352267801406012770e-01,0.000000000000000000e+00,-6.790213960946675509e-02,-1.060551778208611712e-01,-5.576026909797235920e-01,-0.000000000000000000e+00,-0.000000000000000000e+00
-1.595741767947549128e-01,-6.165979810715870729e-02,-1.718136989065031373e-01,-0.000000000000000000e+00,-0.000000000000000000e+00,0.000000000000000000e+00,-0.000000000000000000e+00,-0.000000000000000000e+00,-4.702342751857593872e-01,-3.303354412138387319e-01,-0.000000000000000000e+00,0.000000000000000000e+00,0.000000000000000000e+00,-0.000000000000000000e+00,-5.878611950128068836e-02,-0.000000000000000000e+00,-0.000000000000000000e+00,-0.000000000000000000e+00,-0.000000000000000000e+00,-0.000000000000000000e+00,-0.000000000000000000e+00,-0.000000000000000000e+00,-0.000000000000000000e+00,-1.635363863375603743e-01,-0.000000000000000000e+00,-2.733808929730816017e-01,0.000000000000000000e+00,-4.418216540118327651e-02,-0.000000000000000000e+00,2.194339556084098142e+00,-0.000000000000000000e+00,-0.000000000000000000e+00,-0.000000000000000000e+00,-0.000000000000000000e+00,0.000000000000000000e+00,-0.000000000000000000e+00,-0.000000000000000000e+00,-5.783634460106138464e-01,-0.000000000000000000e+00
-0.000000000000000000e+00,-0.000000000000000000e+00,-0.000000000000000000e+00,0.000000000000000000e+00,-0.000000000000000000e+00,-7.241370178690770265e-02,-1.957886231233434970e-01,0.000000000000000000e+00,-0.000000000000000000e+00,-1.185260511097383923e-01,-0.000000000000000000e+00,-0.000000000000000000e+00,-0.000000000000000000e+00,-0.000000000000000000e+00,9.469037186879632195e-02,-1.264510038917144030e-01,-0.000000000000000000e+00,-0.000000000000000000e+00,-0.000000000000000000e+00,-0.000000000000000000e+00,0.000000000000000000e+00,-0.000000000000000000e+00,-0.000000000000000000e+00,-0.000000000000000000e+00,-9.069173235605037034e-03,0.000000000000000000e+00,-2.871165528017177726e-01,0.000000000000000000e+00,-0.000000000000000000e+00,-0.000000000000000000e+00,2.137486922227747055e+00,-3.964976638061411540e-01,-2.364576460210424114e-01,0.000000000000000000e+00,-2.697922069292364444e-01,-0.000000000000000000e+00,-1.049794620772601939e-01,0.000000000000000000e+00,-3.777668793375822398e-01
-0.000000000000000000e+00,-1.240686222280373840e-01,0.000000000000000000e+00,0.000000000000000000e+00,-0.000000000000000000e+00,-7.600231927011864841e-02,-0.000000000000000000e+00,7.802059133623413800e-02,-0.000000000000000000e+00,-0.000000000000000000e+00,-0.000000000000000000e+00,-0.000000000000000000e+00,-1.625572593123296994e-01,-6.787555763412761456e-02,0.000000000000000000e+00,-0.000000000000000000e+00,-0.000000000000000000e+00,-0.000000000000000000e+00,-0.000000000000000000e+00,-0.000000000000000000e+00,1.974984891545083776e-01,0.000000000000000000e+00,-1.011762455687413576e-01,-0.000000000000000000e+00,-0.000000000000000000e+00,0.000000000000000000e+00,-8.118445039065909086e-01,0.000000000000000000e+00,-3.593134745095470928e-01,-0.000000000000000000e+00,-3.964976638061411540e-01,3.046814321825229932e+00,-0.000000000000000000e+00,-0.000000000000000000e+00,-1.883988650218074989e-01,-1.356140799939443975e-01,-7.135804174204991579e-01,0.000000000000000000e+00,-0.000000000000000000e+00
-0.000000000000000000e+00,-0.000000000000000000e+00,-3.647695470390787537e-02,0.000000000000000000e+00,-0.000000000000000000e+00,-0.000000000000000000e+00,-5.857664497256983432e-02,0.000000000000000000e+00,-0.000000000000000000e+00,-1.219296478652954763e-01,-3.413867251510223078e-01,-0.000000000000000000e+00,-2.030992214626800574e-01,-6.804931394847438808e-01,-0.000000000000000000e+00,-0.000000000000000000e+00,-0.000000000000000000e+00,-0.000000000000000000e+00,-6.843614235720279701e-03,-0.000000000000000000e+00,0.000000000000000000e+00,-1.850016922004873443e-01,-0.000000000000000000e+00,-1.070304669982816426e-01,-0.000000000000000000e+00,-0.000000000000000000e+00,-0.000000000000000000e+00,-0.000000000000000000e+00,-2.352267801406012770e-01,-0.000000000000000000e+00,-2.364576460210424114e-01,-0.000000000000000000e+00,2.162066905489422819e+00,-0.000000000000000000e+00,-3.265625310927522309e-03,-0.000000000000000000e+00,-1.042413747897252690e-01,-0.000000000000000000e+00,-0.000000000000000000e+00
-0.000000000000000000e+00,-0.000000000000000000e+00,-2.486943307913249690e-01,-1.457257602219717008e-01,-3.092181114040404299e-01,1.664730981882684424e-01,-0.000000000000000000e+00,0.000000000000000000e+00,-7.806745455855081950e-01,-0.000000000000000000e+00,-0.000000000000000000e+00,-0.000000000000000000e+00,0.000000000000000000e+00,-6.601241166135124461e-02,-9.125506734445240631e-02,-0.000000000000000000e+00,1.376568657408249186e-01,-0.000000000000000000e+00,-0.000000000000000000e+00,-0.000000000000000000e+00,-0.000000000000000000e+00,-4.780677448383879868e-02,-0.000000000000000000e+00,-7.152865866342714152e-02,-8.059222388442648100e-02,-0.000000000000000000e+00,-0.000000000000000000e+00,-0.000000000000000000e+00,0.000000000000000000e+00,-0.000000000000000000e+00,0.000000000000000000e+00,-0.000000000000000000e+00,-0.000000000000000000e+00,1.985745347868083988e+00,0.000000000000000000e+00,-0.000000000000000000e+00,0.000000000000000000e+00,-1.886895732299630202e-02,-0.000000000000000000e+00
-0.000000000000000000e+00,-0.000000000000000000e+00,0.000000000000000000e+00,0.000000000000000000e+00,0.000000000000000000e+00,-5.058337087662290177e-01,-0.000000000000000000e+00,0.000000000000000000e+00,0.000000000000000000e+00,-0.000000000000000000e+00,-0.000000000000000000e+00,0.000000000000000000e+00,-1.742748445014958014e-01,-0.000000000000000000e+00,3.693282192898023619e-01,-0.000000000000000000e+00,-0.000000000000000000e+00,0.000000000000000000e+00,0.000000000000000000e+00,-0.000000000000000000e+00,0.000000000000000000e+00,0.000000000000000000e+00,-0.000000000000000000e+00,0.000000000000000000e+00,-0.000000000000000000e+00,0.000000000000000000e+00,-0.000000000000000000e+00,0.000000000000000000e+00,-6.790213960946675509e-02,0.000000000000000000e+00,-2.697922069292364444e-01,-1.883988650218074989e-01,-3.265625310927522309e-03,0.000000000000000000e+00,1.980547165657026376e+00,-0.000000000000000000e+00,-4.653695274982217467e-01,0.000000000000000000e+00,-0.000000000000000000e+00
-1.791835150526158993e-01,-1.097369124045913108e-01,-0.000000000000000000e+00,-0.000000000000000000e+00,-0.000000000000000000e+00,0.000000000000000000e+00,-5.869861666586032034e-02,0.000000000000000000e+00,-4.355728657538899262e-01,-0.000000000000000000e+00,-1.370919267934790908e-01,-0.000000000000000000e+00,-5.720577883075671742e-03,-1.711222782008385845e-01,0.000000000000000000e+00,-0.000000000000000000e+00,0.000000000000000000e+00,-0.000000000000000000e+00,0.000000000000000000e+00,-0.000000000000000000e+00,0.000000000000000000e+00,-0.000000000000000000e+00,-0.000000000000000000e+00,-0.000000000000000000e+00,-0.000000000000000000e+00,-0.000000000000000000e+00,-0.000000000000000000e+00,-0.000000000000000000e+00,-1.060551778208611712e-01,-0.000000000000000000e+00,-0.000000000000000000e+00,-1.356140799939443975e-01,-0.000000000000000000e+00,-0.000000000000000000e+00,-0.000000000000000000e+00,1.641176939578739447e+00,-0.000000000000000000e+00,-0.000000000000000000e+00,-0.000000000000000000e+00
-0.000000000000000000e+00,-1.002684974981956079e-01,0.000000000000000000e+00,0.000000000000000000e+00,-0.000000000000000000e+00,-5.808683719152127889e-01,-0.000000000000000000e+00,0.000000000000000000e+00,-0.000000000000000000e+00,-0.000000000000000000e+00,-0.000000000000000000e+00,-0.000000000000000000e+00,-0.000000000000000000e+00,-0.000000000000000000e+00,0.000000000000000000e+00,-0.000000000000000000e+00,-0.000000000000000000e+00,-0.000000000000000000e+00,-0.000000000000000000e+00,-0.000000000000000000e+00,1.252889765495883712e-01,0.000000000000000000e+00,-0.000000000000000000e+00,-0.000000000000000000e+00,-0.000000000000000000e+00,0.000000000000000000e+00,-0.000000000000000000e+00,0.000000000000000000e+00,-5.576026909797235920e-01,-0.000000000000000000e+00,-1.049794620772601939e-01,-7.135804174204991579e-01,-1.042413747897252690e-01,0.000000000000000000e+00,-4.653695274982217467e-01,-0.000000000000000000e+00,2.660573168872939043e+00,0.000000000000000000e+00,-0.000000000000000000e+00
-0.000000000000000000e+00,-0.000000000000000000e+00,-1.542966178544417401e-02,-0.000000000000000000e+00,-0.000000000000000000e+00,3.635941263209219732e-01,-0.000000000000000000e+00,-0.000000000000000000e+00,-1.015471341724349524e-01,-0.000000000000000000e+00,-0.000000000000000000e+00,0.000000000000000000e+00,4.349887207279082985e-02,-0.000000000000000000e+00,-2.511686726584108076e-01,-0.000000000000000000e+00,-0.000000000000000000e+00,-0.000000000000000000e+00,-0.000000000000000000e+00,-0.000000000000000000e+00,-8.598837998111026615e-02,-3.009697433073874051e-01,-0.000000000000000000e+00,-6.981370227879930834e-02,-0.000000000000000000e+00,-4.562553321576586218e-01,0.000000000000000000e+00,-9.430358329075083645e-01,-0.000000000000000000e+00,-5.783634460106138464e-01,0.000000000000000000e+00,0.000000000000000000e+00,-0.000000000000000000e+00,-1.886895732299630202e-02,0.000000000000000000e+00,-0.000000000000000000e+00,0.000000000000000000e+00,2.760638365980305764e+00,-0.000000000000000000e+00
-1.992112867647710672e-01,-1.676664449038159366e-01,-0.000000000000000000e+00,0.000000000000000000e+00,-3.478313426035232747e-01,-0.000000000000000000e+00,-0.000000000000000000e+00,0.000000000000000000e+00,-2.159238451979727247e-01,-1.745382737291773512e-01,-0.000000000000000000e+00,-2.356769549885016080e-01,-0.000000000000000000e+00,-0.000000000000000000e+00,0.000000000000000000e+00,-1.002639038110327008e-01,0.000000000000000000e+00,-0.000000000000000000e+00,-0.000000000000000000e+00,-0.000000000000000000e+00,0.000000000000000000e+00,-0.000000000000000000e+00,-4.219844173501832718e-01,-0.000000000000000000e+00,-3.460489542705710297e-01,-0.000000000000000000e+00,-2.297394519591321460e-01,0.000000000000000000e+00,-0.000000000000000000e+00,-0.000000000000000000e+00,-3.777668793375822398e-01,-0.000000000000000000e+00,-0.000000000000000000e+00,-0.000000000000000000e+00,-0.000000000000000000e+00,-0.000000000000000000e+00,-0.000000000000000000e+00,-0.000000000000000000e+00,2.627963977625463521e+00
