2.136222631873956779e+00,-4.011329588587120298e-01,-0.000000000000000000e+00,-0.000000000000000000e+00,-7.177794096749959100e-03,1.414109862192312016e-02,-0.000000000000000000e+00,5.375309406915764615e-02,0.000000000000000000e+00,-6.847908420939242680e-01,-0.000000000000000000e+00,1.142328561772183865e-01,0.000000000000000000e+00,-1.138045264906465126e-01,0.000000000000000000e+00,-5.317316805128809859e-02,-0.000000000000000000e+00,-0.000000000000000000e+00,0.000000000000000000e+00,0.000000000000000000e+00,-0.000000000000000000e+00,-0.000000000000000000e+00,0.000000000000000000e+00,-0.000000000000000000e+00,-0.000000000000000000e+00,-4.898651489320657859e-01,-0.000000000000000000e+00,-1.689234839173970881e-01,-0.000000000000000000e+00,-0.000000000000000000e+00,-0.000000000000000000e+00,0.000000000000000000e+00,-0.000000000000000000e+00,0.000000000000000000e+00,-8.298254924141186539e-02,-0.000000000000000000e+00,-0.000000000000000000e+00,-1.390184491755572793e-01,0.000000000000000000e+00
-4.011329588587120298e-01,1.218281873233937773e+00,-0.000000000000000000e+00,0.000000000000000000e+00,-0.000000000000000000e+00,0.000000000000000000e+00,0.000000000000000000e+00,-0.000000000000000000e+00,-5.272071557640953948e-02,-0.000000000000000000e+00,-0.000000000000000000e+00,0.000000000000000000e+00,0.000000000000000000e+00,-0.000000000000000000e+00,-0.000000000000000000e+00,-8.865196468068145541e-02,-0.000000000000000000e+00,-0.000000000000000000e+00,0.000000000000000000e+00,-0.000000000000000000e+00,0.000000000000000000e+00,0.000000000000000000e+00,-0.000000000000000000e+00,-8.068537915671641914e-02,-0.000000000000000000e+00,-0.000000000000000000e+00,-0.000000000000000000e+00,0.000000000000000000e+00,-0.000000000000000000e+00,-0.000000000000000000e+00,-0.000000000000000000e+00,-0.000000000000000000e+00,0.000000000000000000e+00,-0.000000000000000000e+00,-0.000000000000000000e+00,-0.000000000000000000e+00,-0.000000000000000000e+00,-8.533532680040016583e-02,-0.000000000000000000e+00
-0.000000000000000000e+00,-0.000000000000000000e+00,1.803500397100600283e+00,-0.000000000000000000e+00,-3.864201354960282719e-01,0.000000000000000000e+00,0.000000000000000000e+00,3.168006819399152851e-01,-1.774974868991439358e-01,-1.710753667101844178e-02,-0.000000000000000000e+00,0.000000000000000000e+00,2.196060687327177630e-01,-8.301650153068494686e-02,-0.000000000000000000e+00,-0.000000000000000000e+00,0.000000000000000000e+00,-2.580285121311349239e-01,-0.000000000000000000e+00,-2.700226878344488129e-02,-2.858856212630796478e-01,-0.000000000000000000e+00,-0.000000000000000000e+00,-0.000000000000000000e+00,-0.000000000000000000e+00,-0.000000000000000000e+00,0.000000000000000000e+00,-0.000000000000000000e+00,-0.000000000000000000e+00,-0.000000000000000000e+00,-0.000000000000000000e+00,0.000000000000000000e+00,-0.000000000000000000e+00,-6.348074026364798617e-02,-0.000000000000000000e+00,0.000000000000000000e+00,-0.000000000000000000e+00,-1.565875300406527615e-01,-0.000000000000000000e+00
-0.000000000000000000e+00,0.000000000000000000e+00,-0.000000000000000000e+00,1.521073269665182082e+00,-0.000000000000000000e+00,2.614304702452747708e-01,-1.758272367724097174e-01,0.000000000000000000e+00,-0.000000000000000000e+00,0.000000000000000000e+00,-0.000000000000000000e+00,0.000000000000000000e+00,-0.000000000000000000e+00,-1.026220361633731343e-01,-0.000000000000000000e+00,0.000000000000000000e+00,0.000000000000000000e+00,0.000000000000000000e+00,0.000000000000000000e+00,-9.577182978351783671e-02,0.000000000000000000e+00,0.000000000000000000e+00,3.049730920695395420e-01,-0.000000000000000000e+00,0.000000000000000000e+00,-0.000000000000000000e+00,0.000000000000000000e+00,-2.026590638642834438e-02,-3.904743180158734561e-01,4.549143328750674536e-02,0.000000000000000000e+00,0.000000000000000000e+00,0.000000000000000000e+00,-0.000000000000000000e+00,-0.000000000000000000e+00,-0.000000000000000000e+00,0.000000000000000000e+00,0.000000000000000000e+00,2.884542888615174716e-01
-7.177794096749959100e-03,-0.000000000000000000e+00,-3.864201354960282719e-01,-0.000000000000000000e+00,2.084509617135513082e+00,0.000000000000000000e+00,-0.000000000000000000e+00,4.612418748381403866e-01,0.000000000000000000e+00,-6.253053313019853177e-02,-0.000000000000000000e+00,-0.000000000000000000e+00,2.263632629538981922e-01,-1.240991345630296921e-01,-0.000000000000000000e+00,-0.000000000000000000e+00,-1.857633053084087674e-02,-0.000000000000000000e+00,-2.904926182125077694e-01,0.000000000000000000e+00,-0.000000000000000000e+00,-1.028496410005316636e-01,-0.000000000000000000e+00,-0.000000000000000000e+00,-0.000000000000000000e+00,-6.450799775527514546e-02,-1.127349646578987702e-01,-1.618122787446647434e-02,-0.000000000000000000e+00,-2.474931928531183822e-01,-1.259353263534643275e-01,-0.000000000000000000e+00,-1.885005523131202954e-01,-0.000000000000000000e+00,-0.000000000000000000e+00,-0.000000000000000000e+00,-0.000000000000000000e+00,-0.000000000000000000e+00,0.000000000000000000e+00
1.414109862192312016e-02,0.000000000000000000e+00,0.000000000000000000e+00,2.614304702452747708e-01,0.000000000000000000e+00,1.958092067086412147e+00,-0.000000000000000000e+00,-7.197847556152932313e-02,0.000000000000000000e+00,0.000000000000000000e+00,-0.000000000000000000e+00,0.000000000000000000e+00,-0.000000000000000000e+00,0.000000000000000000e+00,3.533511848794597121e-01,-0.000000000000000000e+00,-0.000000000000000000e+00,0.000000000000000000e+00,0.000000000000000000e+00,0.000000000000000000e+00,0.000000000000000000e+00,-0.000000000000000000e+00,-1.980634738482987545e-01,-0.000000000000000000e+00,-0.000000000000000000e+00,2.938203569134472115e-01,-0.000000000000000000e+00,1.582473656335114942e-01,3.796332858844735786e-02,0.000000000000000000e+00,-0.000000000000000000e+00,-7.070320994859703445e-01,-0.000000000000000000e+00,4.061211095308143310e-02,-0.000000000000000000e+00,0.000000000000000000e+00,-1.337927143235475569e-01,8.908308846811917314e-02,0.000000000000000000e+00
-0.000000000000000000e+00,0.000000000000000000e+00,0.000000000000000000e+00,-1.758272367724097174e-01,-0.000000000000000000e+00,-0.000000000000000000e+00,1.235019462875376117e+00,0.000000000000000000e+00,0.000000000000000000e+00,-0.000000000000000000e+00,-0.000000000000000000e+00,0.000000000000000000e+00,0.000000000000000000e+00,-1.772924881180434550e-02,0.000000000000000000e+00,-0.000000000000000000e+00,-1.507246750859185525e-01,0.000000000000000000e+00,0.000000000000000000e+00,0.000000000000000000e+00,-0.000000000000000000e+00,-0.000000000000000000e+00,-0.000000000000000000e+00,-0.000000000000000000e+00,0.000000000000000000e+00,-0.000000000000000000e+00,-0.000000000000000000e+00,-3.019536289872048473e-01,-0.000000000000000000e+00,0.000000000000000000e+00,-2.543846055840893322e-02,-2.573860245265006952e-02,-0.000000000000000000e+00,0.000000000000000000e+00,-1.469754106426586319e-02,-0.000000000000000000e+00,-0.000000000000000000e+00,0.000000000000000000e+00,1.498978163514395334e-01
5.375309406915764615e-02,-0.000000000000000000e+00,3.168006819399152851e-01,0.000000000000000000e+00,4.612418748381403866e-01,-7.197847556152932313e-02,0.000000000000000000e+00,2.074557959350423975e+00,-0.000000000000000000e+00,0.000000000000000000e+00,7.405058565690054995e-02,-2.601827500433238557e-02,-0.000000000000000000e+00,0.000000000000000000e+00,-0.000000000000000000e+00,0.000000000000000000e+00,0.000000000000000000e+00,-0.000000000000000000e+00,0.000000000000000000e+00,-0.000000000000000000e+00,1.826724395656713906e-01,0.000000000000000000e+00,-0.000000000000000000e+00,-0.000000000000000000e+00,0.000000000000000000e+00,3.056373260445692797e-01,0.000000000000000000e+00,4.660309586664594939e-01,0.000000000000000000e+00,0.000000000000000000e+00,0.000000000000000000e+00,-0.000000000000000000e+00,1.506645691859621605e-01,-0.000000000000000000e+00,0.000000000000000000e+00,0.000000000000000000e+00,0.000000000000000000e+00,0.000000000000000000e+00,-1.072492670978217148e-02
0.000000000000000000e+00,-5.272071557640953948e-02,-1.774974868991439358e-01,-0.000000000000000000e+00,0.000000000000000000e+00,0.000000000000000000e+00,0.000000000000000000e+00,-0.000000000000000000e+00,2.419289933337454901e+00,-0.000000000000000000e+00,0.000000000000000000e+00,-0.000000000000000000e+00,0.000000000000000000e+00,-0.000000000000000000e+00,-3.516345341400645697e-01,-0.000000000000000000e+00,5.609678941724616230e-02,-3.493119961955641894e-01,-0.000000000000000000e+00,-6.616764890828112922e-01,0.000000000000000000e+00,1.521705000881664327e-01,-0.000000000000000000e+00,-0.000000000000000000e+00,-0.000000000000000000e+00,0.000000000000000000e+00,2.279418834217400991e-01,0.000000000000000000e+00,-0.000000000000000000e+00,-0.000000000000000000e+00,8.977191387541748335e-02,0.000000000000000000e+00,0.000000000000000000e+00,-4.214761619761702161e-01,0.000000000000000000e+00,6.134495473087876738e-02,0.000000000000000000e+00,-9.236444636592414104e-02,-2.732491392445130507e-01
-6.847908420939242680e-01,-0.000000000000000000e+00,-1.710753667101844178e-02,0.000000000000000000e+00,-6.253053313019853177e-02,0.000000000000000000e+00,-0.000000000000000000e+00,0.000000000000000000e+00,-0.000000000000000000e+00,2.210059715037199002e+00,-0.000000000000000000e+00,0.000000000000000000e+00,0.000000000000000000e+00,-2.500235988439251412e-03,-0.000000000000000000e+00,-7.461665901149758806e-01,-0.000000000000000000e+00,-1.056196689357378204e-01,-2.440843616953910361e-02,0.000000000000000000e+00,-0.000000000000000000e+00,-0.000000000000000000e+00,-0.000000000000000000e+00,0.000000000000000000e+00,-0.000000000000000000e+00,-4.521792371450687048e-02,-0.000000000000000000e+00,-3.854737109295203190e-02,-0.000000000000000000e+00,-3.045275545958450181e-01,-8.185388447056124450e-02,0.000000000000000000e+00,-6.745107050601116538e-02,0.000000000000000000e+00,-0.000000000000000000e+00,-0.000000000000000000e+00,0.000000000000000000e+00,-8.830899699881789022e-02,-0.000000000000000000e+00
-0.000000000000000000e+00,-0.000000000000000000e+00,-0.000000000000000000e+00,-0.000000000000000000e+00,-0.000000000000000000e+00,-0.000000000000000000e+00,-0.000000000000000000e+00,7.405058565690054995e-02,0.000000000000000000e+00,-0.000000000000000000e+00,1.810733405436610655e+00,3.374897786862080529e-01,0.000000000000000000e+00,-0.000000000000000000e+00,0.000000000000000000e+00,-0.000000000000000000e+00,-1.614796486565145406e-01,0.000000000000000000e+00,2.169277680563621302e-01,0.000000000000000000e+00,-6.489692901299937491e-03,-0.000000000000000000e+00,0.000000000000000000e+00,-9.102409443084404084e-02,-1.446697828661650531e-01,-6.717899232312722624e-02,-0.000000000000000000e+00,-1.757884047968596708e-01,-3.674152920078905260e-01,0.000000000000000000e+00,-0.000000000000000000e+00,-0.000000000000000000e+00,-4.756037970773990819e-02,0.000000000000000000e+00,-2.439114230727728871e-01,0.000000000000000000e+00,-1.579600782497851130e-01,-0.000000000000000000e+00,1.038610212337690575e-01
1.142328561772183865e-01,0.000000000000000000e+00,0.000000000000000000e+00,0.000000000000000000e+00,-0.000000000000000000e+00,0.000000000000000000e+00,0.000000000000000000e+00,-2.601827500433238557e-02,-0.000000000000000000e+00,0.000000000000000000e+00,3.374897786862080529e-01,1.708450324566844092e+00,-0.000000000000000000e+00,0.000000000000000000e+00,-2.164929961015007731e-01,0.000000000000000000e+00,0.000000000000000000e+00,0.000000000000000000e+00,-2.670492639897285581e-01,0.000000000000000000e+00,1.457223701413752348e-01,-0.000000000000000000e+00,-6.223441379077464426e-03,0.000000000000000000e+00,0.000000000000000000e+00,0.000000000000000000e+00,0.000000000000000000e+00,0.000000000000000000e+00,2.012733778532618534e-01,-0.000000000000000000e+00,0.000000000000000000e+00,-0.000000000000000000e+00,0.000000000000000000e+00,-8.202285694488273271e-02,1.630743533571995807e-01,-0.000000000000000000e+00,0.000000000000000000e+00,0.000000000000000000e+00,-4.265178904635487100e-01
0.000000000000000000e+00,0.000000000000000000e+00,2.196060687327177630e-01,-0.000000000000000000e+00,2.263632629538981922e-01,-0.000000000000000000e+00,0.000000000000000000e+00,-0.000000000000000000e+00,0.000000000000000000e+00,0.000000000000000000e+00,0.000000000000000000e+00,-0.000000000000000000e+00,1.408509376493920495e+00,0.000000000000000000e+00,0.000000000000000000e+00,8.742655711149877051e-02,0.000000000000000000e+00,0.000000000000000000e+00,0.000000000000000000e+00,-0.000000000000000000e+00,0.000000000000000000e+00,0.000000000000000000e+00,0.000000000000000000e+00,0.000000000000000000e+00,6.730881522882090073e-02,0.000000000000000000e+00,0.000000000000000000e+00,0.000000000000000000e+00,0.000000000000000000e+00,0.000000000000000000e+00,0.000000000000000000e+00,-0.000000000000000000e+00,3.885542699969982694e-01,0.000000000000000000e+00,2.381365804754481327e-02,-1.534113582826153177e-01,0.000000000000000000e+00,0.000000000000000000e+00,-0.000000000000000000e+00
-1.138045264906465126e-01,-0.000000000000000000e+00,-8.301650153068494686e-02,-1.026220361633731343e-01,-1.240991345630296921e-01,0.000000000000000000e+00,-1.772924881180434550e-02,0.000000000000000000e+00,-0.000000000000000000e+00,-2.500235988439251412e-03,-0.000000000000000000e+00,0.000000000000000000e+00,0.000000000000000000e+00,1.872263689326530756e+00,-0.000000000000000000e+00,-0.000000000000000000e+00,-0.000000000000000000e+00,-0.000000000000000000e+00,-0.000000000000000000e+00,-0.000000000000000000e+00,-0.000000000000000000e+00,0.000000000000000000e+00,0.000000000000000000e+00,-0.000000000000000000e+00,-3.125365052271114608e-01,-4.478674786699790578e-02,-0.000000000000000000e+00,-3.367118120447726293e-01,-5.675535403593059414e-01,-0.000000000000000000e+00,-0.000000000000000000e+00,0.000000000000000000e+00,-3.537315360149782123e-02,-0.000000000000000000e+00,-5.745983261617983867e-02,0.000000000000000000e+00,-0.000000000000000000e+00,-1.043037150690941939e-01,0.000000000000000000e+00
0.000000000000000000e+00,-0.000000000000000000e+00,-0.000000000000000000e+00,-0.000000000000000000e+00,-0.000000000000000000e+00,3.533511848794597121e-01,0.000000000000000000e+00,-0.000000000000000000e+00,-3.516345341400645697e-01,-0.000000000000000000e+00,0.000000000000000000e+00,-2.164929961015007731e-01,0.000000000000000000e+00,-0.000000000000000000e+00,2.331178656241044145e+00,0.000000000000000000e+00,0.000000000000000000e+00,-3.154159705458886576e-01,-0.000000000000000000e+00,-3.784833374410466744e-01,0.000000000000000000e+00,0.000000000000000000e+00,-0.000000000000000000e+00,0.000000000000000000e+00,-0.000000000000000000e+00,-0.000000000000000000e+00,0.000000000000000000e+00,-0.000000000000000000e+00,-0.000000000000000000e+00,-0.000000000000000000e+00,1.038016769638958926e-02,1.010525716316619527e-01,0.000000000000000000e+00,-6.038279062536404673e-01,0.000000000000000000e+00,0.000000000000000000e+00,0.000000000000000000e+00,-3.788412660610295662e-02,-2.926725855226814388e-01
-5.317316805128809859e-02,-8.865196468068145541e-02,-0.000000000000000000e+00,0.000000000000000000e+00,-0.000000000000000000e+00,-0.000000000000000000e+00,-0.000000000000000000e+00,0.000000000000000000e+00,-0.000000000000000000e+00,-7.461665901149758806e-01,-0.000000000000000000e+00,0.000000000000000000e+00,8.742655711149877051e-02,-0.000000000000000000e+00,0.000000000000000000e+00,1.988545270991110669e+00,-2.950759432568778387e-02,-1.580384068006598364e-01,-0.000000000000000000e+00,0.000000000000000000e+00,-3.113723404358028080e-01,-0.000000000000000000e+00,-0.000000000000000000e+00,-0.000000000000000000e+00,-0.000000000000000000e+00,-0.000000000000000000e+00,-0.000000000000000000e+00,-0.000000000000000000e+00,-0.000000000000000000e+00,-2.692881939268682578e-01,-1.557678066025015018e-01,-0.000000000000000000e+00,-0.000000000000000000e+00,-0.000000000000000000e+00,-6.302243027468286407e-02,0.000000000000000000e+00,-0.000000000000000000e+00,-1.495411713903622708e-01,-0.000000000000000000e+00
-0.000000000000000000e+00,-0.000000000000000000e+00,0.000000000000000000e+00,0.000000000000000000e+00,-1.857633053084087674e-02,-0.000000000000000000e+00,-1.507246750859185525e-01,0.000000000000000000e+00,5.609678941724616230e-02,-0.000000000000000000e+00,-1.614796486565145406e-01,0.000000000000000000e+00,0.000000000000000000e+00,-0.000000000000000000e+00,0.000000000000000000e+00,-2.950759432568778387e-02,1.497870591461787360e+00,0.000000000000000000e+00,0.000000000000000000e+00,0.000000000000000000e+00,-0.000000000000000000e+00,-1.491725732110808778e-01,-0.000000000000000000e+00,-0.000000000000000000e+00,-0.000000000000000000e+00,-4.198207141310163898e-02,-3.235231572958057744e-01,-1.386528117955577732e-01,0.000000000000000000e+00,-0.000000000000000000e+00,-2.167850999487750535e-02,-3.541532613131345014e-02,-2.086511024779696133e-01,0.000000000000000000e+00,-0.000000000000000000e+00,-0.000000000000000000e+00,-0.000000000000000000e+00,-0.000000000000000000e+00,0.000000000000000000e+00
-0.000000000000000000e+00,-0.000000000000000000e+00,-2.580285121311349239e-01,0.000000000000000000e+00,-0.000000000000000000e+00,0.000000000000000000e+00,0.000000000000000000e+00,-0.000000000000000000e+00,-3.493119961955641894e-01,-1.056196689357378204e-01,0.000000000000000000e+00,0.000000000000000000e+00,0.000000000000000000e+00,-0.000000000000000000e+00,-3.154159705458886576e-01,-1.580384068006598364e-01,0.000000000000000000e+00,1.881583527267299827e+00,-4.050653153415802454e-01,-0.000000000000000000e+00,-0.000000000000000000e+00,0.000000000000000000e+00,-0.000000000000000000e+00,0.000000000000000000e+00,-0.000000000000000000e+00,-0.000000000000000000e+00,0.000000000000000000e+00,-0.000000000000000000e+00,-0.000000000000000000e+00,-2.424876631802690419e-01,-0.000000000000000000e+00,0.000000000000000000e+00,-0.000000000000000000e+00,-0.000000000000000000e+00,-0.000000000000000000e+00,0.000000000000000000e+00,0.000000000000000000e+00,-1.569489106340785367e-01,-1.606081374329385580e-01
0.000000000000000000e+00,0.000000000000000000e+00,-0.000000000000000000e+00,0.000000000000000000e+00,-2.904926182125077694e-01,0.000000000000000000e+00,0.000000000000000000e+00,0.000000000000000000e+00,-0.000000000000000000e+00,-2.440843616953910361e-02,2.169277680563621302e-01,-2.670492639897285581e-01,0.000000000000000000e+00,-0.000000000000000000e+00,-0.000000000000000000e+00,-0.000000000000000000e+00,0.000000000000000000e+00,-4.050653153415802454e-01,1.565385638358999021e+00,0.000000000000000000e+00,-0.000000000000000000e+00,-9.731689759765174697e-02,-1.365767651262697613e-02,1.304959511678612516e-01,-0.000000000000000000e+00,0.000000000000000000e+00,-0.000000000000000000e+00,-0.000000000000000000e+00,0.000000000000000000e+00,-3.503293330890655533e-01,-0.000000000000000000e+00,-0.000000000000000000e+00,-0.000000000000000000e+00,-0.000000000000000000e+00,-0.000000000000000000e+00,-0.000000000000000000e+00,0.000000000000000000e+00,0.000000000000000000e+00,-0.000000000000000000e+00
0.000000000000000000e+00,-0.000000000000000000e+00,-2.700226878344488129e-02,-9.577182978351783671e-02,0.000000000000000000e+00,0.000000000000000000e+00,0.000000000000000000e+00,-0.000000000000000000e+00,-6.616764890828112922e-01,0.000000000000000000e+00,0.000000000000000000e+00,0.000000000000000000e+00,-0.000000000000000000e+00,-0.000000000000000000e+00,-3.784833374410466744e-01,0.000000000000000000e+00,0.000000000000000000e+00,-0.000000000000000000e+00,0.000000000000000000e+00,2.527907931978544465e+00,0.000000000000000000e+00,3.829884095741162842e-01,0.000000000000000000e+00,-0.000000000000000000e+00,-0.000000000000000000e+00,-0.000000000000000000e+00,2.773647255484809060e-01,-0.000000000000000000e+00,-5.695679205281758417e-01,0.000000000000000000e+00,5.173439013022380628e-01,8.614414497960196093e-02,0.000000000000000000e+00,-1.770433984139942532e-02,0.000000000000000000e+00,2.528595446044219590e-03,0.000000000000000000e+00,-6.524316693248150001e-02,-0.000000000000000000e+00
-0.000000000000000000e+00,0.000000000000000000e+00,-2.858856212630796478e-01,0.000000000000000000e+00,-0.000000000000000000e+00,0.000000000000000000e+00,-0.000000000000000000e+00,1.826724395656713906e-01,0.000000000000000000e+00,-0.000000000000000000e+00,-6.489692901299937491e-03,1.457223701413752348e-01,0.000000000000000000e+00,-0.000000000000000000e+00,0.000000000000000000e+00,-3.113723404358028080e-01,-0.000000000000000000e+00,-0.000000000000000000e+00,-0.000000000000000000e+00,0.000000000000000000e+00,1.682576257224213112e+00,-2.841579413817699185e-01,0.000000000000000000e+00,0.000000000000000000e+00,-0.000000000000000000e+00,-2.423363558402858581e-02,-0.000000000000000000e+00,-2.139993906021872283e-01,-0.000000000000000000e+00,-2.519718081820972178e-02,-0.000000000000000000e+00,-0.000000000000000000e+00,-9.912021965648858124e-02,-0.000000000000000000e+00,-1.124083270972563858e-01,-0.000000000000000000e+00,-0.000000000000000000e+00,-0.000000000000000000e+00,0.000000000000000000e+00
-0.000000000000000000e+00,0.000000000000000000e+00,-0.000000000000000000e+00,0.000000000000000000e+00,-1.028496410005316636e-01,-0.000000000000000000e+00,-0.000000000000000000e+00,0.000000000000000000e+00,1.521705000881664327e-01,-0.000000000000000000e+00,-0.000000000000000000e+00,-0.000000000000000000e+00,0.000000000000000000e+00,0.000000000000000000e+00,0.000000000000000000e+00,-0.000000000000000000e+00,-1.491725732110808778e-01,0.000000000000000000e+00,-9.731689759765174697e-02,3.829884095741162842e-01,-2.841579413817699185e-01,2.363540739909975041e+00,-4.089983187934068641e-03,0.000000000000000000e+00,0.000000000000000000e+00,0.000000000000000000e+00,-1.860927776950898616e-01,-0.000000000000000000e+00,5.157602896872329895e-02,-2.038556800123599022e-01,-6.117452219298579186e-01,-2.845332654664107785e-01,-2.426098687261599995e-01,0.000000000000000000e+00,-0.000000000000000000e+00,-1.951066048806339437e-01,-0.000000000000000000e+00,0.000000000000000000e+00,0.000000000000000000e+00
0.000000000000000000e+00,-0.000000000000000000e+00,-0.000000000000000000e+00,3.049730920695395420e-01,-0.000000000000000000e+00,-1.980634738482987545e-01,-0.000000000000000000e+00,-0.000000000000000000e+00,-0.000000000000000000e+00,-0.000000000000000000e+00,0.000000000000000000e+00,-6.223441379077464426e-03,0.000000000000000000e+00,0.000000000000000000e+00,-0.000000000000000000e+00,-0.000000000000000000e+00,-0.000000000000000000e+00,-0.000000000000000000e+00,-1.365767651262697613e-02,0.000000000000000000e+00,0.000000000000000000e+00,-4.089983187934068641e-03,1.488715812622920076e+00,-1.043574637146442996e-01,-2.625169403680372993e-01,0.000000000000000000e+00,-0.000000000000000000e+00,0.000000000000000000e+00,0.000000000000000000e+00,-2.701145625123206884e-01,-1.378795166634756153e-01,-2.959340554967345716e-01,-0.000000000000000000e+00,-0.000000000000000000e+00,-0.000000000000000000e+00,0.000000000000000000e+00,-0.000000000000000000e+00,-0.000000000000000000e+00,-5.277417962561263554e-02
-0.000000000000000000e+00,-8.068537915671641914e-02,-0.000000000000000000e+00,-0.000000000000000000e+00,-0.000000000000000000e+00,-0.000000000000000000e+00,-0.000000000000000000e+00,-0.000000000000000000e+00,-0.000000000000000000e+00,0.000000000000000000e+00,-9.102409443084404084e-02,0.000000000000000000e+00,0.000000000000000000e+00,-0.000000000000000000e+00,0.000000000000000000e+00,-0.000000000000000000e+00,-0.000000000000000000e+00,0.000000000000000000e+00,1.304959511678612516e-01,-0.000000000000000000e+00,0.000000000000000000e+00,0.000000000000000000e+00,-1.043574637146442996e-01,1.154847129502783565e+00,-1.906795170778632920e-01,-0.000000000000000000e+00,0.000000000000000000e+00,-0.000000000000000000e+00,-1.118450035065347431e-01,0.000000000000000000e+00,0.000000000000000000e+00,-0.000000000000000000e+00,-0.000000000000000000e+00,0.000000000000000000e+00,-0.000000000000000000e+00,1.399809765804026773e-01,-4.354456076798746827e-02,-0.000000000000000000e+00,0.000000000000000000e+00
-0.000000000000000000e+00,-0.000000000000000000e+00,-0.000000000000000000e+00,0.000000000000000000e+00,-0.000000000000000000e+00,-0.000000000000000000e+00,0.000000000000000000e+00,0.000000000000000000e+00,-0.000000000000000000e+00,-0.000000000000000000e+00,-1.446697828661650531e-01,0.000000000000000000e+00,6.730881522882090073e-02,-3.125365052271114608e-01,-0.000000000000000000e+00,-0.000000000000000000e+00,-0.000000000000000000e+00,-0.000000000000000000e+00,-0.000000000000000000e+00,-0.000000000000000000e+00,-0.000000000000000000e+00,0.000000000000000000e+00,-2.625169403680372993e-01,-1.906795170778632920e-01,1.459252395694730531e+00,-0.000000000000000000e+00,-0.000000000000000000e+00,-0.000000000000000000e+00,-1.252828500091036079e-01,-8.773103161921003146e-02,-0.000000000000000000e+00,0.000000000000000000e+00,-1.114624106884101601e-01,0.000000000000000000e+00,-2.827758054988617487e-02,0.000000000000000000e+00,-1.041948244460275397e-01,-6.165107620802438848e-02,-0.000000000000000000e+00
-4.898651489320657859e-01,-0.000000000000000000e+00,-0.000000000000000000e+00,-0.000000000000000000e+00,-6.450799775527514546e-02,2.938203569134472115e-01,-0.000000000000000000e+00,3.056373260445692797e-01,0.000000000000000000e+00,-4.521792371450687048e-02,-6.717899232312722624e-02,0.000000000000000000e+00,0.000000000000000000e+00,-4.478674786699790578e-02,-0.000000000000000000e+00,-0.000000000000000000e+00,-4.198207141310163898e-02,-0.000000000000000000e+00,0.000000000000000000e+00,-0.000000000000000000e+00,-2.423363558402858581e-02,0.000000000000000000e+00,0.000000000000000000e+00,-0.000000000000000000e+00,-0.000000000000000000e+00,2.658545014914033722e+00,-1.666805084510974977e-01,-1.035972765670534423e+00,-3.717841659976945934e-01,-0.000000000000000000e+00,-0.000000000000000000e+00,0.000000000000000000e+00,-0.000000000000000000e+00,-0.000000000000000000e+00,-0.000000000000000000e+00,0.000000000000000000e+00,-0.000000000000000000e+00,-0.000000000000000000e+00,5.387384205725340158e-02
-0.000000000000000000e+00,-0.000000000000000000e+00,0.000000000000000000e+00,0.000000000000000000e+00,-1.127349646578987702e-01,-0.000000000000000000e+00,-0.000000000000000000e+00,0.000000000000000000e+00,2.279418834217400991e-01,-0.000000000000000000e+00,-0.000000000000000000e+00,0.000000000000000000e+00,0.000000000000000000e+00,-0.000000000000000000e+00,0.000000000000000000e+00,-0.000000000000000000e+00,-3.235231572958057744e-01,0.000000000000000000e+00,-0.000000000000000000e+00,2.773647255484809060e-01,-0.000000000000000000e+00,-1.860927776950898616e-01,-0.000000000000000000e+00,0.000000000000000000e+00,-0.000000000000000000e+00,-1.666805084510974977e-01,2.169198316086931477e+00,-0.000000000000000000e+00,0.000000000000000000e+00,-0.000000000000000000e+00,-6.614379117770546879e-01,-9.294579143855054293e-02,-2.055694613176179408e-01,0.000000000000000000e+00,-2.877187555211671924e-02,-0.000000000000000000e+00,-0.000000000000000000e+00,0.000000000000000000e+00,0.000000000000000000e+00
-1.689234839173970881e-01,0.000000000000000000e+00,-0.000000000000000000e+00,-2.026590638642834438e-02,-1.618122787446647434e-02,1.582473656335114942e-01,-3.019536289872048473e-01,4.660309586664594939e-01,0.000000000000000000e+00,-3.854737109295203190e-02,-1.757884047968596708e-01,0.000000000000000000e+00,0.000000000000000000e+00,-3.367118120447726293e-01,-0.000000000000000000e+00,-0.000000000000000000e+00,-1.386528117955577732e-01,-0.000000000000000000e+00,-0.000000000000000000e+00,-0.000000000000000000e+00,-2.139993906021872283e-01,-0.000000000000000000e+00,0.000000000000000000e+00,-0.000000000000000000e+00,-0.000000000000000000e+00,-1.035972765670534423e+00,-0.000000000000000000e+00,2.792961310413561549e+00,-1.345581195244389683e-01,-0.000000000000000000e+00,-0.000000000000000000e+00,0.000000000000000000e+00,-0.000000000000000000e+00,-0.000000000000000000e+00,-0.000000000000000000e+00,-0.000000000000000000e+00,-0.000000000000000000e+00,-7.616124705511718995e-02,0.000000000000000000e+00
-0.000000000000000000e+00,-0.000000000000000000e+00,-0.000000000000000000e+00,-3.904743180158734561e-01,-0.000000000000000000e+00,3.796332858844735786e-02,-0.000000000000000000e+00,0.000000000000000000e+00,-0.000000000000000000e+00,-0.000000000000000000e+00,-3.674152920078905260e-01,2.012733778532618534e-01,0.000000000000000000e+00,-5.675535403593059414e-01,-0.000000000000000000e+00,-0.000000000000000000e+00,0.000000000000000000e+00,-0.000000000000000000e+00,0.000000000000000000e+00,-5.695679205281758417e-01,-0.000000000000000000e+00,5.157602896872329895e-02,0.000000000000000000e+00,-1.118450035065347431e-01,-1.252828500091036079e-01,-3.717841659976945934e-01,0.000000000000000000e+00,-1.345581195244389683e-01,2.326095683729836328e+00,0.000000000000000000e+00,0.000000000000000000e+00,4.568487327860156627e-02,-0.000000000000000000e+00,-0.000000000000000000e+00,-3.261991516999580148e-02,0.000000000000000000e+00,-0.000000000000000000e+00,-1.729569678191520965e-01,0.000000000000000000e+00
-0.000000000000000000e+00,-0.000000000000000000e+00,-0.000000000000000000e+00,4.549143328750674536e-02,-2.474931928531183822e-01,0.000000000000000000e+00,0.000000000000000000e+00,0.000000000000000000e+00,-0.000000000000000000e+00,-3.045275545958450181e-01,0.000000000000000000e+00,-0.000000000000000000e+00,0.000000000000000000e+00,-0.000000000000000000e+00,-0.000000000000000000e+00,-2.692881939268682578e-01,-0.000000000000000000e+00,-2.424876631802690419e-01,-3.503293330890655533e-01,0.000000000000000000e+00,-2.519718081820972178e-02,-2.038556800123599022e-01,-2.701145625123206884e-01,0.000000000000000000e+00,-8.773103161921003146e-02,-0.000000000000000000e+00,-0.000000000000000000e+00,-0.000000000000000000e+00,0.000000000000000000e+00,1.860939696871693583e+00,-0.000000000000000000e+00,-0.000000000000000000e+00,-0.000000000000000000e+00,-0.000000000000000000e+00,-0.000000000000000000e+00,-0.000000000000000000e+00,-0.000000000000000000e+00,-6.895615466592464049e-02,-1.664600673999282188e-01
-0.000000000000000000e+00,-0.000000000000000000e+00,-0.000000000000000000e+00,0.000000000000000000e+00,-1.259353263534643275e-01,-0.000000000000000000e+00,-2.543846055840893322e-02,0.000000000000000000e+00,8.977191387541748335e-02,-8.185388447056124450e-02,-0.000000000000000000e+00,0.000000000000000000e+00,0.000000000000000000e+00,-0.000000000000000000e+00,1.038016769638958926e-02,-1.557678066025015018e-01,-2.167850999487750535e-02,-0.000000000000000000e+00,-0.000000000000000000e+00,5.173439013022380628e-01,-0.000000000000000000e+00,-6.117452219298579186e-01,-1.378795166634756153e-01,0.000000000000000000e+00,-0.000000000000000000e+00,-0.000000000000000000e+00,-6.614379117770546879e-01,-0.000000000000000000e+00,0.000000000000000000e+00,-0.000000000000000000e+00,2.904346901369737388e+00,-9.122529858622906163e-02,-6.342466969157767309e-01,0.000000000000000000e+00,-1.671178351029113385e-01,-0.000000000000000000e+00,-6.248737153598447197e-02,0.000000000000000000e+00,0.000000000000000000e+00
0.000000000000000000e+00,-0.000000000000000000e+00,0.000000000000000000e+00,0.000000000000000000e+00,-0.000000000000000000e+00,-7.070320994859703445e-01,-2.573860245265006952e-02,-0.000000000000000000e+00,0.000000000000000000e+00,0.000000000000000000e+00,-0.000000000000000000e+00,-0.000000000000000000e+00,-0.000000000000000000e+00,0.000000000000000000e+00,1.010525716316619527e-01,-0.000000000000000000e+00,-3.541532613131345014e-02,0.000000000000000000e+00,-0.000000000000000000e+00,8.614414497960196093e-02,-0.000000000000000000e+00,-2.845332654664107785e-01,-2.959340554967345716e-01,-0.000000000000000000e+00,0.000000000000000000e+00,0.000000000000000000e+00,-9.294579143855054293e-02,0.000000000000000000e+00,4.568487327860156627e-02,-0.000000000000000000e+00,-9.122529858622906163e-02,2.129044200588226410e+00,-0.000000000000000000e+00,0.000000000000000000e+00,-0.000000000000000000e+00,-0.000000000000000000e+00,-5.473540350318779613e-01,1.261288997727884886e-01,0.000000000000000000e+00
-0.000000000000000000e+00,0.000000000000000000e+00,-0.000000000000000000e+00,0.000000000000000000e+00,-1.885005523131202954e-01,-0.000000000000000000e+00,-0.000000000000000000e+00,1.506645691859621605e-01,0.000000000000000000e+00,-6.745107050601116538e-02,-4.756037970773990819e-02,0.000000000000000000e+00,3.885542699969982694e-01,-3.537315360149782123e-02,0.000000000000000000e+00,-0.000000000000000000e+00,-2.086511024779696133e-01,-0.000000000000000000e+00,-0.000000000000000000e+00,0.000000000000000000e+00,-9.912021965648858124e-02,-2.426098687261599995e-01,-0.000000000000000000e+00,-0.000000000000000000e+00,-1.114624106884101601e-01,-0.000000000000000000e+00,-2.055694613176179408e-01,-0.000000000000000000e+00,-0.000000000000000000e+00,-0.000000000000000000e+00,-6.342466969157767309e-01,-0.000000000000000000e+00,2.322488351402866691e+00,0.000000000000000000e+00,-1.163392494545388706e-01,0.000000000000000000e+00,-1.816106897790291663e-01,-0.000000000000000000e+00,0.000000000000000000e+00
0.000000000000000000e+00,-0.000000000000000000e+00,-6.348074026364798617e-02,-0.000000000000000000e+00,-0.000000000000000000e+00,4.061211095308143310e-02,0.000000000000000000e+00,-0.000000000000000000e+00,-4.214761619761702161e-01,0.000000000000000000e+00,0.000000000000000000e+00,-8.202285694488273271e-02,0.000000000000000000e+00,-0.000000000000000000e+00,-6.038279062536404673e-01,-0.000000000000000000e+00,0.000000000000000000e+00,-0.000000000000000000e+00,-0.000000000000000000e+00,-1.770433984139942532e-02,-0.000000000000000000e+00,0.000000000000000000e+00,-0.000000000000000000e+00,0.000000000000000000e+00,0.000000000000000000e+00,-0.000000000000000000e+00,0.000000000000000000e+00,-0.000000000000000000e+00,-0.000000000000000000e+00,-0.000000000000000000e+00,0.000000000000000000e+00,0.000000000000000000e+00,0.000000000000000000e+00,1.795417265457618372e+00,4.461227683190944343e-02,0.000000000000000000e+00,6.762487129958216249e-03,-2.325471135456310123e-01,-1.292372618305123733e-01
-8.298254924141186539e-02,-0.000000000000000000e+00,-0.000000000000000000e+00,-0.000000000000000000e+00,-0.000000000000000000e+00,-0.000000000000000000e+00,-1.469754106426586319e-02,0.000000000000000000e+00,0.000000000000000000e+00,-0.000000000000000000e+00,-2.439114230727728871e-01,1.630743533571995807e-01,2.381365804754481327e-02,-5.745983261617983867e-02,0.000000000000000000e+00,-6.302243027468286407e-02,-0.000000000000000000e+00,-0.000000000000000000e+00,-0.000000000000000000e+00,0.000000000000000000e+00,-1.124083270972563858e-01,-0.000000000000000000e+00,-0.000000000000000000e+00,-0.000000000000000000e+00,-2.827758054988617487e-02,-0.000000000000000000e+00,-2.877187555211671924e-02,-0.000000000000000000e+00,-3.261991516999580148e-02,-0.000000000000000000e+00,-1.671178351029113385e-01,-0.000000000000000000e+00,-1.163392494545388706e-01,4.461227683190944343e-02,1.818151670097431172e+00,0.000000000000000000e+00,-6.472160625428677871e-01,-0.000000000000000000e+00,9.522398526892410231e-02
-0.000000000000000000e+00,-0.000000000000000000e+00,0.000000000000000000e+00,-0.000000000000000000e+00,-0.000000000000000000e+00,0.000000000000000000e+00,-0.000000000000000000e+00,0.000000000000000000e+00,6.134495473087876738e-02,-0.000000000000000000e+00,0.000000000000000000e+00,-0.000000000000000000e+00,-1.534113582826153177e-01,0.000000000000000000e+00,0.000000000000000000e+00,0.000000000000000000e+00,-0.000000000000000000e+00,0.000000000000000000e+00,-0.000000000000000000e+00,2.528595446044219590e-03,-0.000000000000000000e+00,-1.951066048806339437e-01,0.000000000000000000e+00,1.399809765804026773e-01,0.000000000000000000e+00,0.000000000000000000e+00,-0.000000000000000000e+00,-0.000000000000000000e+00,0.000000000000000000e+00,-0.000000000000000000e+00,-0.000000000000000000e+00,-0.000000000000000000e+00,0.000000000000000000e+00,0.000000000000000000e+00,0.000000000000000000e+00,1.074491435901490544e+00,0.000000000000000000e+00,0.000000000000000000e+00,-0.000000000000000000e+00
-0.000000000000000000e+00,-0.000000000000000000e+00,-0.000000000000000000e+00,0.000000000000000000e+00,-0.000000000000000000e+00,-1.337927143235475569e-01,-0.000000000000000000e+00,0.000000000000000000e+00,0.000000000000000000e+00,0.000000000000000000e+00,-1.579600782497851130e-01,0.000000000000000000e+00,0.000000000000000000e+00,-0.000000000000000000e+00,0.000000000000000000e+00,-0.000000000000000000e+00,-0.000000000000000000e+00,0.000000000000000000e+00,0.000000000000000000e+00,0.000000000000000000e+00,-0.000000000000000000e+00,-0.000000000000000000e+00,-0.000000000000000000e+00,-4.354456076798746827e-02,-1.041948244460275397e-01,-0.000000000000000000e+00,-0.000000000000000000e+00,-0.000000000000000000e+00,-0.000000000000000000e+00,-0.000000000000000000e+00,-6.248737153598447197e-02,-5.473540350318779613e-01,-1.816106897790291663e-01,6.762487129958216249e-03,-6.472160625428677871e-01,0.000000000000000000e+00,1.893577953828140981e+00,0.000000000000000000e+00,6.202918727685721723e-02
-1.390184491755572793e-01,-8.533532680040016583e-02,-1.565875300406527615e-01,0.000000000000000000e+00,-0.000000000000000000e+00,8.908308846811917314e-02,0.000000000000000000e+00,0.000000000000000000e+00,-9.236444636592414104e-02,-8.830899699881789022e-02,-0.000000000000000000e+00,0.000000000000000000e+00,0.000000000000000000e+00,-1.043037150690941939e-01,-3.788412660610295662e-02,-1.495411713903622708e-01,-0.000000000000000000e+00,-1.569489106340785367e-01,0.000000000000000000e+00,-6.524316693248150001e-02,-0.000000000000000000e+00,0.000000000000000000e+00,-0.000000000000000000e+00,-0.000000000000000000e+00,-6.165107620802438848e-02,-0.000000000000000000e+00,0.000000000000000000e+00,-7.616124705511718995e-02,-1.729569678191520965e-01,-6.895615466592464049e-02,0.000000000000000000e+00,1.261288997727884886e-01,-0.000000000000000000e+00,-2.325471135456310123e-01,-0.000000000000000000e+00,0.000000000000000000e+00,0.000000000000000000e+00,1.655616014133862279e+00,-5.527232799915537259e-02
0.000000000000000000e+00,-0.000000000000000000e+00,-0.000000000000000000e+00,2.884542888615174716e-01,0.000000000000000000e+00,0.000000000000000000e+00,1.498978163514395334e-01,-1.072492670978217148e-02,-2.732491392445130507e-01,-0.000000000000000000e+00,1.038610212337690575e-01,-4.265178904635487100e-01,-0.000000000000000000e+00,0.000000000000000000e+00,-2.926725855226814388e-01,-0.000000000000000000e+00,0.000000000000000000e+00,-1.606081374329385580e-01,-0.000000000000000000e+00,-0.000000000000000000e+00,0.000000000000000000e+00,0.000000000000000000e+00,-5.277417962561263554e-02,0.000000000000000000e+00,-0.000000000000000000e+00,5.387384205725340158e-02,0.000000000000000000e+00,0.000000000000000000e+00,0.000000000000000000e+00,-1.664600673999282188e-01,0.000000000000000000e+00,0.000000000000000000e+00,0.000000000000000000e+00,-1.292372618305123733e-01,9.522398526892410231e-02,-0.000000000000000000e+00,6.202918727685721723e-02,-5.527232799915537259e-02,1.780344591860944181e+00
