2.794641671760006663e+00,-7.461688348985056063e-01,0.000000000000000000e+00,-0.000000000000000000e+00,-0.000000000000000000e+00,0.000000000000000000e+00,-0.000000000000000000e+00,-0.000000000000000000e+00,-0.000000000000000000e+00,-6.021304329581429471e-01,-0.000000000000000000e+00,0.000000000000000000e+00,0.000000000000000000e+00,-2.363272139081338818e-01,-0.000000000000000000e+00,-2.499643409678081463e-01,-0.000000000000000000e+00,0.000000000000000000e+00,0.000000000000000000e+00,-0.000000000000000000e+00,0.000000000000000000e+00,-0.000000000000000000e+00,-2.792974429776102774e-01,-0.000000000000000000e+00,-1.646269195348174508e-01,-1.198118638189879931e-01,-0.000000000000000000e+00,0.000000000000000000e+00,-1.841760726294124073e-01,-1.170400922184624132e-01,0.000000000000000000e+00,-0.000000000000000000e+00,0.000000000000000000e+00,-0.000000000000000000e+00,-0.000000000000000000e+00,-2.092472873676679834e-01,0.000000000000000000e+00,-0.000000000000000000e+00,-0.000000000000000000e+00
-7.461688348985056063e-01,2.456074468164695546e+00,0.000000000000000000e+00,-0.000000000000000000e+00,-0.000000000000000000e+00,-0.000000000000000000e+00,-0.000000000000000000e+00,-0.000000000000000000e+00,-0.000000000000000000e+00,-3.586553460702803786e-01,-1.127916579230800187e-01,0.000000000000000000e+00,0.000000000000000000e+00,-5.331462860655856312e-02,-0.000000000000000000e+00,-0.000000000000000000e+00,-1.789979347510305477e-02,0.000000000000000000e+00,0.000000000000000000e+00,-0.000000000000000000e+00,-0.000000000000000000e+00,-0.000000000000000000e+00,-1.164736391931273270e-02,-1.015175031299510866e-01,-1.122960756650694808e-01,-5.692970002964388154e-01,-0.000000000000000000e+00,0.000000000000000000e+00,-1.243487873845120772e-01,-0.000000000000000000e+00,-0.000000000000000000e+00,-4.413682352226210720e-02,0.000000000000000000e+00,-0.000000000000000000e+00,-0.000000000000000000e+00,-3.159040756196356270e-01,-0.000000000000000000e+00,-0.000000000000000000e+00,-0.000000000000000000e+00
0.000000000000000000e+00,0.000000000000000000e+00,3.290220787502729838e+00,0.000000000000000000e+00,-0.000000000000000000e+00,-0.000000000000000000e+00,3.593863087235579235e-01,1.329311953998260076e+00,0.000000000000000000e+00,0.000000000000000000e+00,-0.000000000000000000e+00,-7.275367232788880478e-02,-0.000000000000000000e+00,0.000000000000000000e+00,-1.472463120111377755e-01,-0.000000000000000000e+00,0.000000000000000000e+00,-0.000000000000000000e+00,-3.809266962557102953e-01,-0.000000000000000000e+00,-1.534810054410095936e-01,0.000000000000000000e+00,3.503666234209792518e-03,-0.000000000000000000e+00,2.330135902833215672e-02,-0.000000000000000000e+00,-2.369671081695644832e-01,-7.747496007674077589e-02,6.842435035746692595e-02,0.000000000000000000e+00,-1.857247660982154491e-01,-0.000000000000000000e+00,-5.895662799278412747e-01,0.000000000000000000e+00,0.000000000000000000e+00,0.000000000000000000e+00,-0.000000000000000000e+00,0.000000000000000000e+00,0.000000000000000000e+00
-0.000000000000000000e+00,-0.000000000000000000e+00,0.000000000000000000e+00,2.409113590646833725e+00,-0.000000000000000000e+00,1.758515463021705361e-01,-1.105917839080494819e-01,-1.795243307172136177e-02,-1.074556332283121696e-01,-0.000000000000000000e+00,0.000000000000000000e+00,-0.000000000000000000e+00,-0.000000000000000000e+00,-0.000000000000000000e+00,1.845239537822315756e-02,-0.000000000000000000e+00,0.000000000000000000e+00,-0.000000000000000000e+00,0.000000000000000000e+00,-0.000000000000000000e+00,-0.000000000000000000e+00,-4.127345668698441106e-01,-0.000000000000000000e+00,-0.000000000000000000e+00,0.000000000000000000e+00,0.000000000000000000e+00,0.000000000000000000e+00,9.973681870775644720e-01,-0.000000000000000000e+00,0.000000000000000000e+00,0.000000000000000000e+00,-0.000000000000000000e+00,4.128045415147657896e-03,-2.764660043669824874e-01,0.000000000000000000e+00,-0.000000000000000000e+00,1.459865259336801668e-01,-0.000000000000000000e+00,-3.380693693830937874e-01
-0.000000000000000000e+00,-0.000000000000000000e+00,-0.000000000000000000e+00,-0.000000000000000000e+00,1.516127249431681090e+00,0.000000000000000000e+00,0.000000000000000000e+00,0.000000000000000000e+00,-2.079889052894693391e-01,-0.000000000000000000e+00,-4.652491901585611425e-04,-0.000000000000000000e+00,-0.000000000000000000e+00,-2.051913610380087516e-01,-0.000000000000000000e+00,-7.154831633221564458e-02,-0.000000000000000000e+00,-0.000000000000000000e+00,-1.790861046095237330e-01,-0.000000000000000000e+00,-1.117805482303484560e-01,-0.000000000000000000e+00,-0.000000000000000000e+00,-3.506526557732998761e-02,-0.000000000000000000e+00,-0.000000000000000000e+00,-8.559045267127494971e-02,-0.000000000000000000e+00,0.000000000000000000e+00,-2.437454822319461423e-01,-0.000000000000000000e+00,-2.228267718296022409e-02,-0.000000000000000000e+00,-3.523222146548189437e-01,0.000000000000000000e+00,-0.000000000000000000e+00,-0.000000000000000000e+00,-0.000000000000000000e+00,-0.000000000000000000e+00
0.000000000000000000e+00,-0.000000000000000000e+00,-0.000000000000000000e+00,1.758515463021705361e-01,0.000000000000000000e+00,1.448935473944674035e+00,0.000000000000000000e+00,0.000000000000000000e+00,0.000000000000000000e+00,0.000000000000000000e+00,0.000000000000000000e+00,1.208127909274222117e-01,9.497836603186297910e-02,0.000000000000000000e+00,0.000000000000000000e+00,0.000000000000000000e+00,-2.253294734323314508e-01,0.000000000000000000e+00,0.000000000000000000e+00,-0.000000000000000000e+00,5.067312377661595257e-02,0.000000000000000000e+00,0.000000000000000000e+00,-0.000000000000000000e+00,0.000000000000000000e+00,-0.000000000000000000e+00,-0.000000000000000000e+00,-0.000000000000000000e+00,-0.000000000000000000e+00,0.000000000000000000e+00,-0.000000000000000000e+00,-2.692564595868034982e-01,-0.000000000000000000e+00,0.000000000000000000e+00,-1.551880068647072120e-01,0.000000000000000000e+00,-3.024195972178947422e-01,0.000000000000000000e+00,6.442386876734797208e-02
-0.000000000000000000e+00,-0.000000000000000000e+00,3.593863087235579235e-01,-1.105917839080494819e-01,0.000000000000000000e+00,0.000000000000000000e+00,2.020287473104637410e+00,-4.026557471552057454e-01,-0.000000000000000000e+00,-0.000000000000000000e+00,0.000000000000000000e+00,0.000000000000000000e+00,0.000000000000000000e+00,-0.000000000000000000e+00,2.148218281755338507e-02,-0.000000000000000000e+00,-0.000000000000000000e+00,0.000000000000000000e+00,3.097125264018086091e-02,0.000000000000000000e+00,0.000000000000000000e+00,-8.012139444726977533e-02,-2.728887990382191098e-01,-0.000000000000000000e+00,-0.000000000000000000e+00,0.000000000000000000e+00,0.000000000000000000e+00,1.204460626822312641e-01,-0.000000000000000000e+00,-0.000000000000000000e+00,0.000000000000000000e+00,0.000000000000000000e+00,3.047769622698624503e-01,-1.242097870039280821e-01,-0.000000000000000000e+00,-0.000000000000000000e+00,9.100071796228148546e-02,-1.114774525403081640e-01,-0.000000000000000000e+00
-0.000000000000000000e+00,-0.000000000000000000e+00,1.329311953998260076e+00,-1.795243307172136177e-02,0.000000000000000000e+00,0.000000000000000000e+00,-4.026557471552057454e-01,3.197398831538399211e+00,-0.000000000000000000e+00,-0.000000000000000000e+00,0.000000000000000000e+00,0.000000000000000000e+00,0.000000000000000000e+00,-0.000000000000000000e+00,1.185982707226022476e-01,0.000000000000000000e+00,-0.000000000000000000e+00,0.000000000000000000e+00,2.961458176746238347e-01,0.000000000000000000e+00,9.040035601213267102e-02,-0.000000000000000000e+00,-5.099533599738589190e-02,0.000000000000000000e+00,-0.000000000000000000e+00,0.000000000000000000e+00,1.928283957685850425e-01,1.523480554474683224e-01,-4.542842648220130064e-02,-0.000000000000000000e+00,2.279673292343363245e-01,0.000000000000000000e+00,5.287936552314906891e-01,-0.000000000000000000e+00,-0.000000000000000000e+00,-0.000000000000000000e+00,5.265725991297722473e-03,-0.000000000000000000e+00,-0.000000000000000000e+00
-0.000000000000000000e+00,-0.000000000000000000e+00,0.000000000000000000e+00,-1.074556332283121696e-01,-2.079889052894693391e-01,0.000000000000000000e+00,-0.000000000000000000e+00,-0.000000000000000000e+00,2.912345293549182035e+00,-0.000000000000000000e+00,-0.000000000000000000e+00,-0.000000000000000000e+00,-0.000000000000000000e+00,-1.258044802363999237e-01,0.000000000000000000e+00,-1.766395468362659260e-01,0.000000000000000000e+00,-0.000000000000000000e+00,0.000000000000000000e+00,-0.000000000000000000e+00,-0.000000000000000000e+00,-5.115835055755275224e-02,-3.779575570209911528e-01,-1.013338172438478929e-01,-0.000000000000000000e+00,-0.000000000000000000e+00,-0.000000000000000000e+00,0.000000000000000000e+00,-0.000000000000000000e+00,-8.519925753133469892e-02,-0.000000000000000000e+00,-0.000000000000000000e+00,0.000000000000000000e+00,-1.182730611108852914e+00,0.000000000000000000e+00,-4.750515465489912187e-02,0.000000000000000000e+00,-1.540258628932700824e-01,-5.631246865429753168e-01
-6.021304329581429471e-01,-3.586553460702803786e-01,0.000000000000000000e+00,-0.000000000000000000e+00,-0.000000000000000000e+00,0.000000000000000000e+00,-0.000000000000000000e+00,-0.000000000000000000e+00,-0.000000000000000000e+00,3.019554710945139941e+00,-0.000000000000000000e+00,-0.000000000000000000e+00,0.000000000000000000e+00,-1.651266825289797735e-01,-0.000000000000000000e+00,-8.760497172731727122e-01,-0.000000000000000000e+00,0.000000000000000000e+00,0.000000000000000000e+00,-0.000000000000000000e+00,-0.000000000000000000e+00,-0.000000000000000000e+00,-2.811256234649328056e-01,-1.301360167843317317e-01,-3.631715422581009989e-01,-4.140337804327907933e-02,-0.000000000000000000e+00,0.000000000000000000e+00,-3.929233701416885022e-02,-2.650940732043530756e-01,-0.000000000000000000e+00,-0.000000000000000000e+00,0.000000000000000000e+00,-0.000000000000000000e+00,-0.000000000000000000e+00,-1.062916210460491256e-01,0.000000000000000000e+00,-0.000000000000000000e+00,-0.000000000000000000e+00
-0.000000000000000000e+00,-1.127916579230800187e-01,-0.000000000000000000e+00,0.000000000000000000e+00,-4.652491901585611425e-04,0.000000000000000000e+00,0.000000000000000000e+00,0.000000000000000000e+00,-0.000000000000000000e+00,-0.000000000000000000e+00,1.206182433459901393e+00,-0.000000000000000000e+00,-0.000000000000000000e+00,-0.000000000000000000e+00,-0.000000000000000000e+00,-0.000000000000000000e+00,-0.000000000000000000e+00,0.000000000000000000e+00,-0.000000000000000000e+00,0.000000000000000000e+00,-1.077918013518470025e-01,1.563508296127788244e-01,-0.000000000000000000e+00,-0.000000000000000000e+00,-0.000000000000000000e+00,-3.129565499457336863e-01,-0.000000000000000000e+00,-0.000000000000000000e+00,-0.000000000000000000e+00,-1.267644842016525941e-01,-0.000000000000000000e+00,0.000000000000000000e+00,-0.000000000000000000e+00,0.000000000000000000e+00,-0.000000000000000000e+00,-0.000000000000000000e+00,-0.000000000000000000e+00,-0.000000000000000000e+00,-0.000000000000000000e+00
0.000000000000000000e+00,0.000000000000000000e+00,-7.275367232788880478e-02,-0.000000000000000000e+00,-0.000000000000000000e+00,1.208127909274222117e-01,0.000000000000000000e+00,0.000000000000000000e+00,-0.000000000000000000e+00,-0.000000000000000000e+00,-0.000000000000000000e+00,1.998910299755291664e+00,-0.000000000000000000e+00,0.000000000000000000e+00,-3.334381618925065793e-01,-0.000000000000000000e+00,4.056876095904680679e-01,-2.141414785041812763e-01,-4.657953010682099326e-01,-1.834969969785087418e-01,-3.161891406095965196e-01,-0.000000000000000000e+00,0.000000000000000000e+00,0.000000000000000000e+00,1.625442705939862675e-01,-0.000000000000000000e+00,-0.000000000000000000e+00,0.000000000000000000e+00,0.000000000000000000e+00,-0.000000000000000000e+00,-0.000000000000000000e+00,-0.000000000000000000e+00,-0.000000000000000000e+00,-0.000000000000000000e+00,1.266479200945527621e-02,-0.000000000000000000e+00,0.000000000000000000e+00,0.000000000000000000e+00,-3.561543900248257399e-01
0.000000000000000000e+00,0.000000000000000000e+00,-0.000000000000000000e+00,-0.000000000000000000e+00,-0.000000000000000000e+00,9.497836603186297910e-02,0.000000000000000000e+00,0.000000000000000000e+00,-0.000000000000000000e+00,0.000000000000000000e+00,-0.000000000000000000e+00,-0.000000000000000000e+00,1.354168131078793635e+00,-0.000000000000000000e+00,-0.000000000000000000e+00,0.000000000000000000e+00,-0.000000000000000000e+00,-0.000000000000000000e+00,-0.000000000000000000e+00,0.000000000000000000e+00,-0.000000000000000000e+00,-0.000000000000000000e+00,-0.000000000000000000e+00,0.000000000000000000e+00,0.000000000000000000e+00,0.000000000000000000e+00,0.000000000000000000e+00,0.000000000000000000e+00,-0.000000000000000000e+00,0.000000000000000000e+00,6.719620763119069640e-01,0.000000000000000000e+00,-0.000000000000000000e+00,-0.000000000000000000e+00,0.000000000000000000e+00,0.000000000000000000e+00,0.000000000000000000e+00,-0.000000000000000000e+00,-0.000000000000000000e+00
-2.363272139081338818e-01,-5.331462860655856312e-02,0.000000000000000000e+00,-0.000000000000000000e+00,-2.051913610380087516e-01,0.000000000000000000e+00,-0.000000000000000000e+00,-0.000000000000000000e+00,-1.258044802363999237e-01,-1.651266825289797735e-01,-0.000000000000000000e+00,0.000000000000000000e+00,-0.000000000000000000e+00,2.394143722279256536e+00,-0.000000000000000000e+00,-0.000000000000000000e+00,-0.000000000000000000e+00,-0.000000000000000000e+00,0.000000000000000000e+00,-0.000000000000000000e+00,-0.000000000000000000e+00,-0.000000000000000000e+00,-4.008232017423089544e-01,-4.987664978945414163e-01,-3.121772409396082228e-03,-9.786291121177050079e-02,-0.000000000000000000e+00,0.000000000000000000e+00,-3.254547409705058070e-01,-0.000000000000000000e+00,-0.000000000000000000e+00,-0.000000000000000000e+00,0.000000000000000000e+00,-0.000000000000000000e+00,-9.028399953999426131e-02,-8.100695217193470965e-02,-0.000000000000000000e+00,-2.814832141749602501e-01,-0.000000000000000000e+00
-0.000000000000000000e+00,-0.000000000000000000e+00,-1.472463120111377755e-01,1.845239537822315756e-02,-0.000000000000000000e+00,0.000000000000000000e+00,2.148218281755338507e-02,1.185982707226022476e-01,0.000000000000000000e+00,-0.000000000000000000e+00,-0.000000000000000000e+00,-3.334381618925065793e-01,-0.000000000000000000e+00,-0.000000000000000000e+00,1.476353166392609051e+00,-0.000000000000000000e+00,-0.000000000000000000e+00,-0.000000000000000000e+00,-0.000000000000000000e+00,-8.608654037347006349e-02,-0.000000000000000000e+00,0.000000000000000000e+00,0.000000000000000000e+00,-0.000000000000000000e+00,0.000000000000000000e+00,-3.127037154227331195e-01,-9.408155118753391832e-02,-1.467910105882013483e-01,-0.000000000000000000e+00,0.000000000000000000e+00,-0.000000000000000000e+00,0.000000000000000000e+00,-6.211664616082164525e-02,0.000000000000000000e+00,0.000000000000000000e+00,0.000000000000000000e+00,-0.000000000000000000e+00,-0.000000000000000000e+00,-0.000000000000000000e+00
-2.499643409678081463e-01,-0.000000000000000000e+00,-0.000000000000000000e+00,-0.000000000000000000e+00,-7.154831633221564458e-02,0.000000000000000000e+00,-0.000000000000000000e+00,0.000000000000000000e+00,-1.766395468362659260e-01,-8.760497172731727122e-01,-0.000000000000000000e+00,-0.000000000000000000e+00,0.000000000000000000e+00,-0.000000000000000000e+00,-0.000000000000000000e+00,2.322982053685140436e+00,0.000000000000000000e+00,0.000000000000000000e+00,-0.000000000000000000e+00,-6.467999564780248928e-03,-3.832611852041458572e-02,-0.000000000000000000e+00,-0.000000000000000000e+00,-1.966543707702437527e-01,-0.000000000000000000e+00,-1.972954855367136523e-02,-1.818875428891069193e-02,0.000000000000000000e+00,-0.000000000000000000e+00,-2.734713572754684519e-01,-0.000000000000000000e+00,-0.000000000000000000e+00,0.000000000000000000e+00,-0.000000000000000000e+00,-0.000000000000000000e+00,-3.016620788396705000e-01,0.000000000000000000e+00,-0.000000000000000000e+00,-1.794509089561015514e-01
-0.000000000000000000e+00,-1.789979347510305477e-02,0.000000000000000000e+00,0.000000000000000000e+00,-0.000000000000000000e+00,-2.253294734323314508e-01,-0.000000000000000000e+00,-0.000000000000000000e+00,0.000000000000000000e+00,-0.000000000000000000e+00,-0.000000000000000000e+00,4.056876095904680679e-01,-0.000000000000000000e+00,-0.000000000000000000e+00,-0.000000000000000000e+00,0.000000000000000000e+00,1.865324946948038187e+00,0.000000000000000000e+00,9.212451371307404935e-02,0.000000000000000000e+00,0.000000000000000000e+00,0.000000000000000000e+00,-0.000000000000000000e+00,-1.029718302388449996e-01,-1.479099995672519818e-01,-3.664215624272666727e-02,-0.000000000000000000e+00,-0.000000000000000000e+00,-3.299773401929150252e-01,-0.000000000000000000e+00,0.000000000000000000e+00,-0.000000000000000000e+00,0.000000000000000000e+00,0.000000000000000000e+00,-5.501693586253012525e-01,-0.000000000000000000e+00,-0.000000000000000000e+00,-0.000000000000000000e+00,0.000000000000000000e+00
0.000000000000000000e+00,0.000000000000000000e+00,-0.000000000000000000e+00,-0.000000000000000000e+00,-0.000000000000000000e+00,0.000000000000000000e+00,0.000000000000000000e+00,0.000000000000000000e+00,-0.000000000000000000e+00,0.000000000000000000e+00,0.000000000000000000e+00,-2.141414785041812763e-01,-0.000000000000000000e+00,-0.000000000000000000e+00,-0.000000000000000000e+00,0.000000000000000000e+00,0.000000000000000000e+00,1.452314323455085709e+00,-1.669607936860004194e-01,-0.000000000000000000e+00,-0.000000000000000000e+00,-1.805085106174549869e-01,-0.000000000000000000e+00,-0.000000000000000000e+00,1.229999701830006148e-01,-0.000000000000000000e+00,-0.000000000000000000e+00,0.000000000000000000e+00,0.000000000000000000e+00,0.000000000000000000e+00,-0.000000000000000000e+00,-0.000000000000000000e+00,-0.000000000000000000e+00,-1.244625918828226735e-01,6.784584661604713129e-02,0.000000000000000000e+00,0.000000000000000000e+00,-7.537823238364381451e-02,-4.503443270046017521e-01
0.000000000000000000e+00,0.000000000000000000e+00,-3.809266962557102953e-01,0.000000000000000000e+00,-1.790861046095237330e-01,0.000000000000000000e+00,3.097125264018086091e-02,2.961458176746238347e-01,0.000000000000000000e+00,0.000000000000000000e+00,-0.000000000000000000e+00,-4.657953010682099326e-01,-0.000000000000000000e+00,0.000000000000000000e+00,-0.000000000000000000e+00,-0.000000000000000000e+00,9.212451371307404935e-02,-1.669607936860004194e-01,2.121752889972158940e+00,-1.499222568682241803e-02,-4.746802804528533759e-01,0.000000000000000000e+00,0.000000000000000000e+00,0.000000000000000000e+00,0.000000000000000000e+00,-0.000000000000000000e+00,-7.125573065879096946e-02,-0.000000000000000000e+00,1.718417549651335696e-01,-0.000000000000000000e+00,-0.000000000000000000e+00,-0.000000000000000000e+00,-0.000000000000000000e+00,0.000000000000000000e+00,1.800246421396239638e-01,0.000000000000000000e+00,-0.000000000000000000e+00,0.000000000000000000e+00,-0.000000000000000000e+00
-0.000000000000000000e+00,-0.000000000000000000e+00,-0.000000000000000000e+00,-0.000000000000000000e+00,-0.000000000000000000e+00,-0.000000000000000000e+00,0.000000000000000000e+00,0.000000000000000000e+00,-0.000000000000000000e+00,-0.000000000000000000e+00,0.000000000000000000e+00,-1.834969969785087418e-01,0.000000000000000000e+00,-0.000000000000000000e+00,-8.608654037347006349e-02,-6.467999564780248928e-03,0.000000000000000000e+00,-0.000000000000000000e+00,-1.499222568682241803e-02,1.094618553776817382e+00,-1.352379937826880948e-03,-0.000000000000000000e+00,-0.000000000000000000e+00,-0.000000000000000000e+00,0.000000000000000000e+00,-0.000000000000000000e+00,-1.206406400843104548e-01,-0.000000000000000000e+00,-0.000000000000000000e+00,0.000000000000000000e+00,-0.000000000000000000e+00,-0.000000000000000000e+00,-0.000000000000000000e+00,-0.000000000000000000e+00,0.000000000000000000e+00,0.000000000000000000e+00,-0.000000000000000000e+00,-0.000000000000000000e+00,-7.396655750304993726e-02
0.000000000000000000e+00,-0.000000000000000000e+00,-1.534810054410095936e-01,-0.000000000000000000e+00,-1.117805482303484560e-01,5.067312377661595257e-02,0.000000000000000000e+00,9.040035601213267102e-02,-0.000000000000000000e+00,-0.000000000000000000e+00,-1.077918013518470025e-01,-3.161891406095965196e-01,-0.000000000000000000e+00,-0.000000000000000000e+00,-0.000000000000000000e+00,-3.832611852041458572e-02,0.000000000000000000e+00,-0.000000000000000000e+00,-4.746802804528533759e-01,-1.352379937826880948e-03,1.762363437384677489e+00,0.000000000000000000e+00,0.000000000000000000e+00,-0.000000000000000000e+00,0.000000000000000000e+00,-0.000000000000000000e+00,-3.117170989449667695e-02,-0.000000000000000000e+00,0.000000000000000000e+00,-0.000000000000000000e+00,-0.000000000000000000e+00,-0.000000000000000000e+00,-3.794080719128727908e-01,-0.000000000000000000e+00,0.000000000000000000e+00,-0.000000000000000000e+00,-0.000000000000000000e+00,0.000000000000000000e+00,-0.000000000000000000e+00
-0.000000000000000000e+00,-0.000000000000000000e+00,0.000000000000000000e+00,-4.127345668698441106e-01,-0.000000000000000000e+00,0.000000000000000000e+00,-8.012139444726977533e-02,-0.000000000000000000e+00,-5.115835055755275224e-02,-0.000000000000000000e+00,1.563508296127788244e-01,-0.000000000000000000e+00,-0.000000000000000000e+00,-0.000000000000000000e+00,0.000000000000000000e+00,-0.000000000000000000e+00,0.000000000000000000e+00,-1.805085106174549869e-01,0.000000000000000000e+00,-0.000000000000000000e+00,0.000000000000000000e+00,1.626393481301738664e+00,-0.000000000000000000e+00,-0.000000000000000000e+00,-0.000000000000000000e+00,0.000000000000000000e+00,0.000000000000000000e+00,1.932097679599848739e-01,-0.000000000000000000e+00,-0.000000000000000000e+00,0.000000000000000000e+00,-0.000000000000000000e+00,4.115766182336969177e-03,-2.912133884001345541e-01,0.000000000000000000e+00,-0.000000000000000000e+00,8.478256879542862834e-02,-0.000000000000000000e+00,-7.352792670696819965e-02
-2.792974429776102774e-01,-1.164736391931273270e-02,3.503666234209792518e-03,-0.000000000000000000e+00,-0.000000000000000000e+00,0.000000000000000000e+00,-2.728887990382191098e-01,-5.099533599738589190e-02,-3.779575570209911528e-01,-2.811256234649328056e-01,-0.000000000000000000e+00,0.000000000000000000e+00,-0.000000000000000000e+00,-4.008232017423089544e-01,0.000000000000000000e+00,-0.000000000000000000e+00,-0.000000000000000000e+00,-0.000000000000000000e+00,0.000000000000000000e+00,-0.000000000000000000e+00,0.000000000000000000e+00,-0.000000000000000000e+00,2.858227422705796883e+00,-2.312533369656046001e-01,-4.143958031608949155e-01,-0.000000000000000000e+00,-0.000000000000000000e+00,0.000000000000000000e+00,-3.999656557210991559e-01,-0.000000000000000000e+00,0.000000000000000000e+00,-0.000000000000000000e+00,1.580835092638691319e-01,-0.000000000000000000e+00,-0.000000000000000000e+00,-2.747175128543479297e-02,0.000000000000000000e+00,-4.379738489946734536e-01,-0.000000000000000000e+00
-0.000000000000000000e+00,-1.015175031299510866e-01,-0.000000000000000000e+00,-0.000000000000000000e+00,-3.506526557732998761e-02,-0.000000000000000000e+00,-0.000000000000000000e+00,0.000000000000000000e+00,-1.013338172438478929e-01,-1.301360167843317317e-01,-0.000000000000000000e+00,0.000000000000000000e+00,0.000000000000000000e+00,-4.987664978945414163e-01,-0.000000000000000000e+00,-1.966543707702437527e-01,-1.029718302388449996e-01,-0.000000000000000000e+00,0.000000000000000000e+00,-0.000000000000000000e+00,-0.000000000000000000e+00,-0.000000000000000000e+00,-2.312533369656046001e-01,1.889672751643501680e+00,-5.607885321038696448e-03,-1.881302713312626163e-01,-0.000000000000000000e+00,-0.000000000000000000e+00,-0.000000000000000000e+00,-0.000000000000000000e+00,-0.000000000000000000e+00,-2.702656053912542711e-01,0.000000000000000000e+00,-0.000000000000000000e+00,-1.628484151383401482e-02,-1.222906097647984310e-02,-0.000000000000000000e+00,-0.000000000000000000e+00,-0.000000000000000000e+00
-1.646269195348174508e-01,-1.122960756650694808e-01,2.330135902833215672e-02,0.000000000000000000e+00,-0.000000000000000000e+00,0.000000000000000000e+00,-0.000000000000000000e+00,-0.000000000000000000e+00,-0.000000000000000000e+00,-3.631715422581009989e-01,-0.000000000000000000e+00,1.625442705939862675e-01,0.000000000000000000e+00,-3.121772409396082228e-03,0.000000000000000000e+00,-0.000000000000000000e+00,-1.479099995672519818e-01,1.229999701830006148e-01,0.000000000000000000e+00,0.000000000000000000e+00,0.000000000000000000e+00,-0.000000000000000000e+00,-4.143958031608949155e-01,-5.607885321038696448e-03,2.089741108238523992e+00,-0.000000000000000000e+00,0.000000000000000000e+00,-0.000000000000000000e+00,-4.028122585495271246e-01,-4.801168047839141778e-02,0.000000000000000000e+00,0.000000000000000000e+00,2.037226523102776687e-02,-0.000000000000000000e+00,-2.277944623751541053e-01,-0.000000000000000000e+00,0.000000000000000000e+00,-0.000000000000000000e+00,0.000000000000000000e+00
-1.198118638189879931e-01,-5.692970002964388154e-01,-0.000000000000000000e+00,0.000000000000000000e+00,-0.000000000000000000e+00,-0.000000000000000000e+00,0.000000000000000000e+00,0.000000000000000000e+00,-0.000000000000000000e+00,-4.140337804327907933e-02,-3.129565499457336863e-01,-0.000000000000000000e+00,0.000000000000000000e+00,-9.786291121177050079e-02,-3.127037154227331195e-01,-1.972954855367136523e-02,-3.664215624272666727e-02,-0.000000000000000000e+00,-0.000000000000000000e+00,-0.000000000000000000e+00,-0.000000000000000000e+00,0.000000000000000000e+00,-0.000000000000000000e+00,-1.881302713312626163e-01,-0.000000000000000000e+00,2.295501989397237708e+00,-8.322081528624494240e-01,-1.125149982463787279e-01,-1.352222588398520053e-01,-0.000000000000000000e+00,-0.000000000000000000e+00,-0.000000000000000000e+00,-0.000000000000000000e+00,0.000000000000000000e+00,-0.000000000000000000e+00,-0.000000000000000000e+00,-0.000000000000000000e+00,-5.109914554972529860e-02,-0.000000000000000000e+00
-0.000000000000000000e+00,-0.000000000000000000e+00,-2.369671081695644832e-01,0.000000000000000000e+00,-8.559045267127494971e-02,-0.000000000000000000e+00,0.000000000000000000e+00,1.928283957685850425e-01,-0.000000000000000000e+00,-0.000000000000000000e+00,-0.000000000000000000e+00,-0.000000000000000000e+00,0.000000000000000000e+00,-0.000000000000000000e+00,-9.408155118753391832e-02,-1.818875428891069193e-02,-0.000000000000000000e+00,-0.000000000000000000e+00,-7.125573065879096946e-02,-1.206406400843104548e-01,-3.117170989449667695e-02,0.000000000000000000e+00,-0.000000000000000000e+00,-0.000000000000000000e+00,0.000000000000000000e+00,-8.322081528624494240e-01,2.081996014845457044e+00,-0.000000000000000000e+00,-0.000000000000000000e+00,-0.000000000000000000e+00,-1.321305751746608415e-01,-2.071512357856607756e-01,-1.544573689766602920e-01,0.000000000000000000e+00,-0.000000000000000000e+00,-0.000000000000000000e+00,-2.315640273321108167e-01,0.000000000000000000e+00,-0.000000000000000000e+00
0.000000000000000000e+00,0.000000000000000000e+00,-7.747496007674077589e-02,9.973681870775644720e-01,-0.000000000000000000e+00,-0.000000000000000000e+00,1.204460626822312641e-01,1.523480554474683224e-01,0.000000000000000000e+00,0.000000000000000000e+00,-0.000000000000000000e+00,0.000000000000000000e+00,0.000000000000000000e+00,0.000000000000000000e+00,-1.467910105882013483e-01,0.000000000000000000e+00,-0.000000000000000000e+00,0.000000000000000000e+00,-0.000000000000000000e+00,-0.000000000000000000e+00,-0.000000000000000000e+00,1.932097679599848739e-01,0.000000000000000000e+00,-0.000000000000000000e+00,-0.000000000000000000e+00,-1.125149982463787279e-01,-0.000000000000000000e+00,2.439272569330282359e+00,-0.000000000000000000e+00,0.000000000000000000e+00,-1.049062715513040950e-01,-0.000000000000000000e+00,-5.051307076337582247e-01,6.098770635779617033e-02,-0.000000000000000000e+00,0.000000000000000000e+00,-1.511425430361010569e-01,0.000000000000000000e+00,0.000000000000000000e+00
-1.841760726294124073e-01,-1.243487873845120772e-01,6.842435035746692595e-02,-0.000000000000000000e+00,0.000000000000000000e+00,-0.000000000000000000e+00,-0.000000000000000000e+00,-4.542842648220130064e-02,-0.000000000000000000e+00,-3.929233701416885022e-02,-0.000000000000000000e+00,0.000000000000000000e+00,-0.000000000000000000e+00,-3.254547409705058070e-01,-0.000000000000000000e+00,-0.000000000000000000e+00,-3.299773401929150252e-01,0.000000000000000000e+00,1.718417549651335696e-01,-0.000000000000000000e+00,0.000000000000000000e+00,-0.000000000000000000e+00,-3.999656557210991559e-01,-0.000000000000000000e+00,-4.028122585495271246e-01,-1.352222588398520053e-01,-0.000000000000000000e+00,-0.000000000000000000e+00,2.362807206753580580e+00,-0.000000000000000000e+00,0.000000000000000000e+00,-0.000000000000000000e+00,0.000000000000000000e+00,-0.000000000000000000e+00,-3.310199234185692840e-01,-0.000000000000000000e+00,0.000000000000000000e+00,-1.008829454534170694e-01,-0.000000000000000000e+00
-1.170400922184624132e-01,-0.000000000000000000e+00,0.000000000000000000e+00,0.000000000000000000e+00,-2.437454822319461423e-01,0.000000000000000000e+00,-0.000000000000000000e+00,-0.000000000000000000e+00,-8.519925753133469892e-02,-2.650940732043530756e-01,-1.267644842016525941e-01,-0.000000000000000000e+00,0.000000000000000000e+00,-0.000000000000000000e+00,0.000000000000000000e+00,-2.734713572754684519e-01,-0.000000000000000000e+00,0.000000000000000000e+00,-0.000000000000000000e+00,0.000000000000000000e+00,-0.000000000000000000e+00,-0.000000000000000000e+00,-0.000000000000000000e+00,-0.000000000000000000e+00,-4.801168047839141778e-02,-0.000000000000000000e+00,-0.000000000000000000e+00,0.000000000000000000e+00,-0.000000000000000000e+00,1.469463485003275283e+00,-0.000000000000000000e+00,-0.000000000000000000e+00,0.000000000000000000e+00,-0.000000000000000000e+00,-0.000000000000000000e+00,-0.000000000000000000e+00,-0.000000000000000000e+00,-0.000000000000000000e+00,-0.000000000000000000e+00
0.000000000000000000e+00,-0.000000000000000000e+00,-1.857247660982154491e-01,0.000000000000000000e+00,-0.000000000000000000e+00,-0.000000000000000000e+00,0.000000000000000000e+00,2.279673292343363245e-01,-0.000000000000000000e+00,-0.000000000000000000e+00,-0.000000000000000000e+00,-0.000000000000000000e+00,6.719620763119069640e-01,-0.000000000000000000e+00,-0.000000000000000000e+00,-0.000000000000000000e+00,0.000000000000000000e+00,-0.000000000000000000e+00,-0.000000000000000000e+00,-0.000000000000000000e+00,-0.000000000000000000e+00,0.000000000000000000e+00,0.000000000000000000e+00,-0.000000000000000000e+00,0.000000000000000000e+00,-0.000000000000000000e+00,-1.321305751746608415e-01,-1.049062715513040950e-01,0.000000000000000000e+00,-0.000000000000000000e+00,1.645386382847735973e+00,-0.000000000000000000e+00,-0.000000000000000000e+00,-0.000000000000000000e+00,-0.000000000000000000e+00,-0.000000000000000000e+00,-1.504485813194852417e-01,0.000000000000000000e+00,0.000000000000000000e+00
-0.000000000000000000e+00,-4.413682352226210720e-02,-0.000000000000000000e+00,-0.000000000000000000e+00,-2.228267718296022409e-02,-2.692564595868034982e-01,0.000000000000000000e+00,0.000000000000000000e+00,-0.000000000000000000e+00,-0.000000000000000000e+00,0.000000000000000000e+00,-0.000000000000000000e+00,0.000000000000000000e+00,-0.000000000000000000e+00,0.000000000000000000e+00,-0.000000000000000000e+00,-0.000000000000000000e+00,-0.000000000000000000e+00,-0.000000000000000000e+00,-0.000000000000000000e+00,-0.000000000000000000e+00,-0.000000000000000000e+00,-0.000000000000000000e+00,-2.702656053912542711e-01,0.000000000000000000e+00,-0.000000000000000000e+00,-2.071512357856607756e-01,-0.000000000000000000e+00,-0.000000000000000000e+00,-0.000000000000000000e+00,-0.000000000000000000e+00,1.705948066619318304e+00,-0.000000000000000000e+00,-0.000000000000000000e+00,-2.377108521930607621e-01,-0.000000000000000000e+00,-6.430366906347158018e-01,-0.000000000000000000e+00,-0.000000000000000000e+00
0.000000000000000000e+00,0.000000000000000000e+00,-5.895662799278412747e-01,4.128045415147657896e-03,-0.000000000000000000e+00,-0.000000000000000000e+00,3.047769622698624503e-01,5.287936552314906891e-01,0.000000000000000000e+00,0.000000000000000000e+00,-0.000000000000000000e+00,-0.000000000000000000e+00,-0.000000000000000000e+00,0.000000000000000000e+00,-6.211664616082164525e-02,0.000000000000000000e+00,0.000000000000000000e+00,-0.000000000000000000e+00,-0.000000000000000000e+00,-0.000000000000000000e+00,-3.794080719128727908e-01,4.115766182336969177e-03,1.580835092638691319e-01,0.000000000000000000e+00,2.037226523102776687e-02,-0.000000000000000000e+00,-1.544573689766602920e-01,-5.051307076337582247e-01,0.000000000000000000e+00,0.000000000000000000e+00,-0.000000000000000000e+00,-0.000000000000000000e+00,2.802991899364053019e+00,0.000000000000000000e+00,0.000000000000000000e+00,0.000000000000000000e+00,-4.118820322111563237e-01,0.000000000000000000e+00,0.000000000000000000e+00
-0.000000000000000000e+00,-0.000000000000000000e+00,0.000000000000000000e+00,-2.764660043669824874e-01,-3.523222146548189437e-01,0.000000000000000000e+00,-1.242097870039280821e-01,-0.000000000000000000e+00,-1.182730611108852914e+00,-0.000000000000000000e+00,0.000000000000000000e+00,-0.000000000000000000e+00,-0.000000000000000000e+00,-0.000000000000000000e+00,0.000000000000000000e+00,-0.000000000000000000e+00,0.000000000000000000e+00,-1.244625918828226735e-01,0.000000000000000000e+00,-0.000000000000000000e+00,-0.000000000000000000e+00,-2.912133884001345541e-01,-0.000000000000000000e+00,-0.000000000000000000e+00,-0.000000000000000000e+00,0.000000000000000000e+00,0.000000000000000000e+00,6.098770635779617033e-02,-0.000000000000000000e+00,-0.000000000000000000e+00,-0.000000000000000000e+00,-0.000000000000000000e+00,0.000000000000000000e+00,2.684914150108814290e+00,0.000000000000000000e+00,-0.000000000000000000e+00,0.000000000000000000e+00,-2.007743009877450691e-01,-2.792113713549148057e-01
-0.000000000000000000e+00,-0.000000000000000000e+00,0.000000000000000000e+00,0.000000000000000000e+00,0.000000000000000000e+00,-1.551880068647072120e-01,-0.000000000000000000e+00,-0.000000000000000000e+00,0.000000000000000000e+00,-0.000000000000000000e+00,-0.000000000000000000e+00,1.266479200945527621e-02,0.000000000000000000e+00,-9.028399953999426131e-02,0.000000000000000000e+00,-0.000000000000000000e+00,-5.501693586253012525e-01,6.784584661604713129e-02,1.800246421396239638e-01,0.000000000000000000e+00,0.000000000000000000e+00,0.000000000000000000e+00,-0.000000000000000000e+00,-1.628484151383401482e-02,-2.277944623751541053e-01,-0.000000000000000000e+00,-0.000000000000000000e+00,-0.000000000000000000e+00,-3.310199234185692840e-01,-0.000000000000000000e+00,-0.000000000000000000e+00,-2.377108521930607621e-01,0.000000000000000000e+00,0.000000000000000000e+00,1.869460442681229129e+00,-8.676658707046248920e-02,-1.046262589829470707e-01,-0.000000000000000000e+00,0.000000000000000000e+00
-2.092472873676679834e-01,-3.159040756196356270e-01,0.000000000000000000e+00,-0.000000000000000000e+00,-0.000000000000000000e+00,0.000000000000000000e+00,-0.000000000000000000e+00,-0.000000000000000000e+00,-4.750515465489912187e-02,-1.062916210460491256e-01,-0.000000000000000000e+00,-0.000000000000000000e+00,0.000000000000000000e+00,-8.100695217193470965e-02,0.000000000000000000e+00,-3.016620788396705000e-01,-0.000000000000000000e+00,0.000000000000000000e+00,0.000000000000000000e+00,0.000000000000000000e+00,-0.000000000000000000e+00,-0.000000000000000000e+00,-2.747175128543479297e-02,-1.222906097647984310e-02,-0.000000000000000000e+00,-0.000000000000000000e+00,-0.000000000000000000e+00,0.000000000000000000e+00,-0.000000000000000000e+00,-0.000000000000000000e+00,-0.000000000000000000e+00,-0.000000000000000000e+00,0.000000000000000000e+00,-0.000000000000000000e+00,-8.676658707046248920e-02,1.562564757668381432e+00,-0.000000000000000000e+00,-0.000000000000000000e+00,-0.000000000000000000e+00
0.000000000000000000e+00,-0.000000000000000000e+00,-0.000000000000000000e+00,1.459865259336801668e-01,-0.000000000000000000e+00,-3.024195972178947422e-01,9.100071796228148546e-02,5.265725991297722473e-03,0.000000000000000000e+00,0.000000000000000000e+00,-0.000000000000000000e+00,0.000000000000000000e+00,0.000000000000000000e+00,-0.000000000000000000e+00,-0.000000000000000000e+00,0.000000000000000000e+00,-0.000000000000000000e+00,0.000000000000000000e+00,-0.000000000000000000e+00,-0.000000000000000000e+00,-0.000000000000000000e+00,8.478256879542862834e-02,0.000000000000000000e+00,-0.000000000000000000e+00,0.000000000000000000e+00,-0.000000000000000000e+00,-2.315640273321108167e-01,-1.511425430361010569e-01,0.000000000000000000e+00,-0.000000000000000000e+00,-1.504485813194852417e-01,-6.430366906347158018e-01,-4.118820322111563237e-01,0.000000000000000000e+00,-1.046262589829470707e-01,-0.000000000000000000e+00,2.068544573960892308e+00,1.386803820048999880e-01,0.000000000000000000e+00
-0.000000000000000000e+00,-0.000000000000000000e+00,0.000000000000000000e+00,-0.000000000000000000e+00,-0.000000000000000000e+00,0.000000000000000000e+00,-1.114774525403081640e-01,-0.000000000000000000e+00,-1.540258628932700824e-01,-0.000000000000000000e+00,-0.000000000000000000e+00,0.000000000000000000e+00,-0.000000000000000000e+00,-2.814832141749602501e-01,-0.000000000000000000e+00,-0.000000000000000000e+00,-0.000000000000000000e+00,-7.537823238364381451e-02,0.000000000000000000e+00,-0.000000000000000000e+00,0.000000000000000000e+00,-0.000000000000000000e+00,-4.379738489946734536e-01,-0.000000000000000000e+00,-0.000000000000000000e+00,-5.109914554972529860e-02,0.000000000000000000e+00,0.000000000000000000e+00,-1.008829454534170694e-01,-0.000000000000000000e+00,0.000000000000000000e+00,-0.000000000000000000e+00,0.000000000000000000e+00,-2.007743009877450691e-01,-0.000000000000000000e+00,-0.000000000000000000e+00,1.386803820048999880e-01,1.964131025973576250e+00,-4.513233207538416836e-01
-0.000000000000000000e+00,-0.000000000000000000e+00,0.000000000000000000e+00,-3.380693693830937874e-01,-0.000000000000000000e+00,6.442386876734797208e-02,-0.000000000000000000e+00,-0.000000000000000000e+00,-5.631246865429753168e-01,-0.000000000000000000e+00,-0.000000000000000000e+00,-3.561543900248257399e-01,-0.000000000000000000e+00,-0.000000000000000000e+00,-0.000000000000000000e+00,-1.794509089561015514e-01,0.000000000000000000e+00,-4.503443270046017521e-01,-0.000000000000000000e+00,-7.396655750304993726e-02,-0.000000000000000000e+00,-7.352792670696819965e-02,-0.000000000000000000e+00,-0.000000000000000000e+00,0.000000000000000000e+00,-0.000000000000000000e+00,-0.000000000000000000e+00,0.000000000000000000e+00,-0.000000000000000000e+00,-0.000000000000000000e+00,0.000000000000000000e+00,-0.000000000000000000e+00,0.000000000000000000e+00,-2.792113713549148057e-01,0.000000000000000000e+00,-0.000000000000000000e+00,0.000000000000000000e+00,-4.513233207538416836e-01,2.338606912506766111e+00
