2.018789569748869805e+00,-6.647033770744942283e-01,-0.000000000000000000e+00,-0.000000000000000000e+00,-0.000000000000000000e+00,0.000000000000000000e+00,0.000000000000000000e+00,0.000000000000000000e+00,-1.081092279938129508e-01,-1.759925799704651099e-03,0.000000000000000000e+00,-0.000000000000000000e+00,0.000000000000000000e+00,-2.044943124749966645e-01,-0.000000000000000000e+00,-3.752718529564277872e-01,-0.000000000000000000e+00,-1.968000726793963512e-02,-0.000000000000000000e+00,-0.000000000000000000e+00,0.000000000000000000e+00,-0.000000000000000000e+00,-3.881454325224826390e-02,-0.000000000000000000e+00,-0.000000000000000000e+00,-1.821288654798189632e-01,-0.000000000000000000e+00,-0.000000000000000000e+00,0.000000000000000000e+00,-1.689150979419141441e-01,-0.000000000000000000e+00,-0.000000000000000000e+00,-0.000000000000000000e+00,-1.138494398498764021e-01,0.000000000000000000e+00,-0.000000000000000000e+00,0.000000000000000000e+00,-0.000000000000000000e+00,-1.146973632481176758e-01
-6.647033770744942283e-01,2.003637894101030881e+00,-0.000000000000000000e+00,-0.000000000000000000e+00,-0.000000000000000000e+00,0.000000000000000000e+00,-0.000000000000000000e+00,0.000000000000000000e+00,-0.000000000000000000e+00,-4.561910603171036582e-01,-0.000000000000000000e+00,-0.000000000000000000e+00,-0.000000000000000000e+00,-6.199042151113216131e-02,-0.000000000000000000e+00,-2.973150834472869097e-01,-0.000000000000000000e+00,-0.000000000000000000e+00,-0.000000000000000000e+00,-0.000000000000000000e+00,0.000000000000000000e+00,-0.000000000000000000e+00,-9.247734582587391339e-02,-0.000000000000000000e+00,-0.000000000000000000e+00,-0.000000000000000000e+00,-0.000000000000000000e+00,-0.000000000000000000e+00,0.000000000000000000e+00,-2.136127637463542117e-01,-0.000000000000000000e+00,-8.923507349792350607e-02,-0.000000000000000000e+00,-0.000000000000000000e+00,0.000000000000000000e+00,-0.000000000000000000e+00,0.000000000000000000e+00,-0.000000000000000000e+00,-7.903070072700175974e-02
-0.000000000000000000e+00,-0.000000000000000000e+00,2.316692312399609044e+00,0.000000000000000000e+00,-5.437183064212111061e-01,-0.000000000000000000e+00,0.000000000000000000e+00,0.000000000000000000e+00,-9.529505852195439830e-03,-2.972053833895948322e-02,0.000000000000000000e+00,-0.000000000000000000e+00,0.000000000000000000e+00,-1.276078939957241143e-01,-0.000000000000000000e+00,-0.000000000000000000e+00,-0.000000000000000000e+00,-0.000000000000000000e+00,-2.047957687570752250e-01,-0.000000000000000000e+00,-0.000000000000000000e+00,-8.182277838948993562e-03,-1.353578726486104333e-01,-0.000000000000000000e+00,-0.000000000000000000e+00,-1.850563941671266519e-02,-9.447805028654289450e-02,-3.709287368748690472e-01,-0.000000000000000000e+00,-5.392648517448050960e-02,-0.000000000000000000e+00,-0.000000000000000000e+00,-7.393769364110228115e-02,-5.258747030761026231e-01,0.000000000000000000e+00,-0.000000000000000000e+00,-0.000000000000000000e+00,-1.992705709079361509e-01,-0.000000000000000000e+00
-0.000000000000000000e+00,-0.000000000000000000e+00,0.000000000000000000e+00,1.411564174031147756e+00,0.000000000000000000e+00,0.000000000000000000e+00,-1.244604196104462240e-01,-0.000000000000000000e+00,0.000000000000000000e+00,0.000000000000000000e+00,-0.000000000000000000e+00,-0.000000000000000000e+00,-0.000000000000000000e+00,0.000000000000000000e+00,-0.000000000000000000e+00,-3.208096506404758963e-01,1.291082795361529756e-01,-9.397626924940966076e-02,-0.000000000000000000e+00,-3.782022440824985010e-02,2.624465667005281833e-01,-0.000000000000000000e+00,0.000000000000000000e+00,0.000000000000000000e+00,0.000000000000000000e+00,0.000000000000000000e+00,0.000000000000000000e+00,0.000000000000000000e+00,1.632009461428299557e-01,0.000000000000000000e+00,4.110508225971792190e-02,0.000000000000000000e+00,0.000000000000000000e+00,-0.000000000000000000e+00,0.000000000000000000e+00,-0.000000000000000000e+00,2.331028155802088719e-01,0.000000000000000000e+00,-0.000000000000000000e+00
-0.000000000000000000e+00,-0.000000000000000000e+00,-5.437183064212111061e-01,0.000000000000000000e+00,2.234070428452820334e+00,-0.000000000000000000e+00,2.115609828474067644e-01,3.003037845685561646e-01,-8.438823023571734305e-02,-0.000000000000000000e+00,0.000000000000000000e+00,-0.000000000000000000e+00,0.000000000000000000e+00,-0.000000000000000000e+00,-0.000000000000000000e+00,-0.000000000000000000e+00,-0.000000000000000000e+00,-0.000000000000000000e+00,-5.143696674835945143e-02,-0.000000000000000000e+00,-3.568668486838560971e-02,-0.000000000000000000e+00,-3.021309102986737827e-01,-0.000000000000000000e+00,-2.167048013094189929e-01,-4.230237540977633409e-02,-9.529038103334876164e-02,-2.330630203958660579e-02,-0.000000000000000000e+00,-9.896385476371410972e-02,-0.000000000000000000e+00,-0.000000000000000000e+00,-0.000000000000000000e+00,-0.000000000000000000e+00,-0.000000000000000000e+00,-0.000000000000000000e+00,-0.000000000000000000e+00,-3.024579668419420941e-01,-0.000000000000000000e+00
0.000000000000000000e+00,0.000000000000000000e+00,-0.000000000000000000e+00,0.000000000000000000e+00,-0.000000000000000000e+00,2.304339628423183850e+00,-0.000000000000000000e+00,0.000000000000000000e+00,-0.000000000000000000e+00,-0.000000000000000000e+00,0.000000000000000000e+00,3.108162859256553556e-01,0.000000000000000000e+00,-0.000000000000000000e+00,6.470005621433233545e-02,0.000000000000000000e+00,-2.881328523319170998e-01,0.000000000000000000e+00,0.000000000000000000e+00,0.000000000000000000e+00,0.000000000000000000e+00,1.273438011773838086e-01,-0.000000000000000000e+00,-5.000852196533163152e-01,-0.000000000000000000e+00,-0.000000000000000000e+00,-0.000000000000000000e+00,-0.000000000000000000e+00,-3.659022050876035159e-01,-0.000000000000000000e+00,-0.000000000000000000e+00,-0.000000000000000000e+00,-0.000000000000000000e+00,0.000000000000000000e+00,-4.031597831987558944e-01,0.000000000000000000e+00,-3.141250451131590293e-01,-0.000000000000000000e+00,0.000000000000000000e+00
0.000000000000000000e+00,-0.000000000000000000e+00,0.000000000000000000e+00,-1.244604196104462240e-01,2.115609828474067644e-01,-0.000000000000000000e+00,1.528830858228495071e+00,-1.424828442078101831e-01,0.000000000000000000e+00,0.000000000000000000e+00,-0.000000000000000000e+00,0.000000000000000000e+00,-1.956717219914360650e-01,0.000000000000000000e+00,0.000000000000000000e+00,-0.000000000000000000e+00,0.000000000000000000e+00,0.000000000000000000e+00,1.069055353389932600e-01,-0.000000000000000000e+00,0.000000000000000000e+00,0.000000000000000000e+00,0.000000000000000000e+00,-0.000000000000000000e+00,0.000000000000000000e+00,0.000000000000000000e+00,0.000000000000000000e+00,0.000000000000000000e+00,-0.000000000000000000e+00,0.000000000000000000e+00,0.000000000000000000e+00,0.000000000000000000e+00,-0.000000000000000000e+00,1.335992027377624902e-01,-0.000000000000000000e+00,0.000000000000000000e+00,0.000000000000000000e+00,3.300715091249303290e-01,1.574457140886548479e-01
0.000000000000000000e+00,0.000000000000000000e+00,0.000000000000000000e+00,-0.000000000000000000e+00,3.003037845685561646e-01,0.000000000000000000e+00,-1.424828442078101831e-01,1.421326442843616533e+00,1.859293628467626469e-01,0.000000000000000000e+00,-0.000000000000000000e+00,-0.000000000000000000e+00,-2.384656010167718332e-01,0.000000000000000000e+00,-0.000000000000000000e+00,-0.000000000000000000e+00,3.507933536433231747e-02,0.000000000000000000e+00,0.000000000000000000e+00,-2.148557771295286911e-01,-0.000000000000000000e+00,-0.000000000000000000e+00,0.000000000000000000e+00,0.000000000000000000e+00,1.629091710153685035e-01,0.000000000000000000e+00,0.000000000000000000e+00,0.000000000000000000e+00,0.000000000000000000e+00,0.000000000000000000e+00,0.000000000000000000e+00,0.000000000000000000e+00,-0.000000000000000000e+00,0.000000000000000000e+00,0.000000000000000000e+00,-0.000000000000000000e+00,0.000000000000000000e+00,1.725579012174875346e-02,0.000000000000000000e+00
-1.081092279938129508e-01,-0.000000000000000000e+00,-9.529505852195439830e-03,0.000000000000000000e+00,-8.438823023571734305e-02,-0.000000000000000000e+00,0.000000000000000000e+00,1.859293628467626469e-01,2.316668862599721823e+00,-1.254381254494950082e-01,0.000000000000000000e+00,-0.000000000000000000e+00,0.000000000000000000e+00,-1.913830847252226408e-02,-0.000000000000000000e+00,-0.000000000000000000e+00,-8.832614908630528894e-02,-0.000000000000000000e+00,-5.636018553949853453e-03,-0.000000000000000000e+00,-0.000000000000000000e+00,-0.000000000000000000e+00,-7.630993995749967007e-02,-0.000000000000000000e+00,-2.279212475219651313e-01,-8.300311900728532533e-02,-0.000000000000000000e+00,-0.000000000000000000e+00,-0.000000000000000000e+00,-7.379282828596227528e-01,-0.000000000000000000e+00,-0.000000000000000000e+00,-0.000000000000000000e+00,-2.139989952035764031e-01,-0.000000000000000000e+00,-0.000000000000000000e+00,-0.000000000000000000e+00,-3.898733919098949507e-01,-0.000000000000000000e+00
-1.759925799704651099e-03,-4.561910603171036582e-01,-2.972053833895948322e-02,0.000000000000000000e+00,-0.000000000000000000e+00,-0.000000000000000000e+00,0.000000000000000000e+00,0.000000000000000000e+00,-1.254381254494950082e-01,2.079491767791543211e+00,0.000000000000000000e+00,-0.000000000000000000e+00,0.000000000000000000e+00,-8.926083838007578541e-02,0.000000000000000000e+00,-0.000000000000000000e+00,-0.000000000000000000e+00,-0.000000000000000000e+00,-0.000000000000000000e+00,-0.000000000000000000e+00,-0.000000000000000000e+00,-0.000000000000000000e+00,-2.292533645213307714e-01,-2.163124572033043036e-01,-1.927458345699888369e-03,-1.188974287925493173e-01,-3.050164631465950849e-01,-5.387038796555466968e-02,-0.000000000000000000e+00,-2.626713313854014409e-01,-1.441719205389337399e-01,-1.069989262227680205e-01,-4.634146032680650645e-02,-0.000000000000000000e+00,-0.000000000000000000e+00,-0.000000000000000000e+00,-0.000000000000000000e+00,-0.000000000000000000e+00,-0.000000000000000000e+00
0.000000000000000000e+00,-0.000000000000000000e+00,0.000000000000000000e+00,-0.000000000000000000e+00,0.000000000000000000e+00,0.000000000000000000e+00,-0.000000000000000000e+00,-0.000000000000000000e+00,0.000000000000000000e+00,0.000000000000000000e+00,1.199699632921505721e+00,-0.000000000000000000e+00,-2.183203648235117200e-01,0.000000000000000000e+00,0.000000000000000000e+00,-0.000000000000000000e+00,0.000000000000000000e+00,-0.000000000000000000e+00,0.000000000000000000e+00,0.000000000000000000e+00,0.000000000000000000e+00,-0.000000000000000000e+00,0.000000000000000000e+00,0.000000000000000000e+00,1.247290567470525635e-01,2.758375636718274695e-02,0.000000000000000000e+00,2.261967740420218476e-01,0.000000000000000000e+00,-0.000000000000000000e+00,0.000000000000000000e+00,-3.192973250406737074e-01,0.000000000000000000e+00,0.000000000000000000e+00,0.000000000000000000e+00,-0.000000000000000000e+00,0.000000000000000000e+00,0.000000000000000000e+00,-0.000000000000000000e+00
-0.000000000000000000e+00,-0.000000000000000000e+00,-0.000000000000000000e+00,-0.000000000000000000e+00,-0.000000000000000000e+00,3.108162859256553556e-01,0.000000000000000000e+00,-0.000000000000000000e+00,-0.000000000000000000e+00,-0.000000000000000000e+00,-0.000000000000000000e+00,2.685218311625747312e+00,0.000000000000000000e+00,-0.000000000000000000e+00,-5.247845596649743927e-01,-1.522503441420217929e-01,0.000000000000000000e+00,-9.740423642914174118e-02,-2.631066398124892181e-01,-0.000000000000000000e+00,0.000000000000000000e+00,-2.233386652618455370e-01,-0.000000000000000000e+00,0.000000000000000000e+00,-0.000000000000000000e+00,-0.000000000000000000e+00,-0.000000000000000000e+00,0.000000000000000000e+00,1.563722329150494528e-01,-0.000000000000000000e+00,0.000000000000000000e+00,-0.000000000000000000e+00,0.000000000000000000e+00,-3.760308632596268130e-02,4.263391050730201970e-01,-4.326390975576276388e-01,0.000000000000000000e+00,-0.000000000000000000e+00,-5.082775135930897026e-01
0.000000000000000000e+00,-0.000000000000000000e+00,0.000000000000000000e+00,-0.000000000000000000e+00,0.000000000000000000e+00,0.000000000000000000e+00,-1.956717219914360650e-01,-2.384656010167718332e-01,0.000000000000000000e+00,0.000000000000000000e+00,-2.183203648235117200e-01,0.000000000000000000e+00,1.307952044721608198e+00,0.000000000000000000e+00,0.000000000000000000e+00,-0.000000000000000000e+00,0.000000000000000000e+00,0.000000000000000000e+00,0.000000000000000000e+00,-0.000000000000000000e+00,-0.000000000000000000e+00,-0.000000000000000000e+00,0.000000000000000000e+00,0.000000000000000000e+00,1.957839915914652285e-01,0.000000000000000000e+00,-0.000000000000000000e+00,0.000000000000000000e+00,0.000000000000000000e+00,0.000000000000000000e+00,-0.000000000000000000e+00,-0.000000000000000000e+00,-0.000000000000000000e+00,1.233371409081915754e-01,0.000000000000000000e+00,0.000000000000000000e+00,0.000000000000000000e+00,0.000000000000000000e+00,0.000000000000000000e+00
-2.044943124749966645e-01,-6.199042151113216131e-02,-1.276078939957241143e-01,0.000000000000000000e+00,-0.000000000000000000e+00,-0.000000000000000000e+00,0.000000000000000000e+00,0.000000000000000000e+00,-1.913830847252226408e-02,-8.926083838007578541e-02,0.000000000000000000e+00,-0.000000000000000000e+00,0.000000000000000000e+00,1.955636657944973988e+00,-0.000000000000000000e+00,-0.000000000000000000e+00,-0.000000000000000000e+00,-0.000000000000000000e+00,-0.000000000000000000e+00,-0.000000000000000000e+00,-0.000000000000000000e+00,-0.000000000000000000e+00,-2.260717295781265179e-01,-4.195132991763865504e-02,-5.119780685225894246e-01,-2.002945301528760713e-01,-0.000000000000000000e+00,-5.394337711779604444e-02,-0.000000000000000000e+00,-1.192761331130692826e-01,-0.000000000000000000e+00,-0.000000000000000000e+00,-1.847596326343084183e-01,-0.000000000000000000e+00,-0.000000000000000000e+00,-0.000000000000000000e+00,-0.000000000000000000e+00,-0.000000000000000000e+00,-0.000000000000000000e+00
-0.000000000000000000e+00,-0.000000000000000000e+00,-0.000000000000000000e+00,-0.000000000000000000e+00,-0.000000000000000000e+00,6.470005621433233545e-02,0.000000000000000000e+00,-0.000000000000000000e+00,-0.000000000000000000e+00,0.000000000000000000e+00,0.000000000000000000e+00,-5.247845596649743927e-01,0.000000000000000000e+00,-0.000000000000000000e+00,2.159063902985453698e+00,-1.155770996868546868e-01,0.000000000000000000e+00,-4.143597324709988317e-01,-1.555003014688853824e-01,-5.580079769819876190e-03,0.000000000000000000e+00,-0.000000000000000000e+00,-0.000000000000000000e+00,0.000000000000000000e+00,-0.000000000000000000e+00,-0.000000000000000000e+00,0.000000000000000000e+00,0.000000000000000000e+00,0.000000000000000000e+00,-0.000000000000000000e+00,0.000000000000000000e+00,0.000000000000000000e+00,0.000000000000000000e+00,-2.254969720769651742e-01,3.781215268315489264e-01,-1.907931114312318710e-01,5.055180443675786478e-02,-0.000000000000000000e+00,-6.207909507572002827e-02
-3.752718529564277872e-01,-2.973150834472869097e-01,-0.000000000000000000e+00,-3.208096506404758963e-01,-0.000000000000000000e+00,0.000000000000000000e+00,-0.000000000000000000e+00,-0.000000000000000000e+00,-0.000000000000000000e+00,-0.000000000000000000e+00,-0.000000000000000000e+00,-1.522503441420217929e-01,-0.000000000000000000e+00,-0.000000000000000000e+00,-1.155770996868546868e-01,1.855336705833210198e+00,0.000000000000000000e+00,-3.042808106964545733e-01,-0.000000000000000000e+00,-1.510726102955054218e-01,0.000000000000000000e+00,-4.043743687781581331e-02,-0.000000000000000000e+00,0.000000000000000000e+00,-0.000000000000000000e+00,-0.000000000000000000e+00,-0.000000000000000000e+00,0.000000000000000000e+00,0.000000000000000000e+00,-0.000000000000000000e+00,0.000000000000000000e+00,-0.000000000000000000e+00,-0.000000000000000000e+00,-0.000000000000000000e+00,1.479546365037359701e-01,-7.652504434843254710e-02,0.000000000000000000e+00,-0.000000000000000000e+00,-1.014288148517626942e-01
-0.000000000000000000e+00,-0.000000000000000000e+00,-0.000000000000000000e+00,1.291082795361529756e-01,-0.000000000000000000e+00,-2.881328523319170998e-01,0.000000000000000000e+00,3.507933536433231747e-02,-8.832614908630528894e-02,-0.000000000000000000e+00,0.000000000000000000e+00,0.000000000000000000e+00,0.000000000000000000e+00,-0.000000000000000000e+00,0.000000000000000000e+00,0.000000000000000000e+00,1.989730441176541964e+00,0.000000000000000000e+00,0.000000000000000000e+00,0.000000000000000000e+00,-0.000000000000000000e+00,0.000000000000000000e+00,-5.254945516934689080e-03,-4.803178818983617204e-01,-0.000000000000000000e+00,-2.041469346260595397e-01,-6.583616083563355315e-02,-2.619909178973632291e-01,-2.821376839815199489e-01,-0.000000000000000000e+00,-9.967269708951416451e-02,-0.000000000000000000e+00,-0.000000000000000000e+00,-0.000000000000000000e+00,-4.983776917725466632e-02,0.000000000000000000e+00,-1.281118626237102640e-02,-1.609227547752352383e-02,0.000000000000000000e+00
-1.968000726793963512e-02,-0.000000000000000000e+00,-0.000000000000000000e+00,-9.397626924940966076e-02,-0.000000000000000000e+00,0.000000000000000000e+00,0.000000000000000000e+00,0.000000000000000000e+00,-0.000000000000000000e+00,-0.000000000000000000e+00,-0.000000000000000000e+00,-9.740423642914174118e-02,0.000000000000000000e+00,-0.000000000000000000e+00,-4.143597324709988317e-01,-3.042808106964545733e-01,0.000000000000000000e+00,1.929079111910088740e+00,-4.025730702903032032e-01,-0.000000000000000000e+00,0.000000000000000000e+00,-0.000000000000000000e+00,-0.000000000000000000e+00,0.000000000000000000e+00,-0.000000000000000000e+00,-0.000000000000000000e+00,-0.000000000000000000e+00,0.000000000000000000e+00,0.000000000000000000e+00,-0.000000000000000000e+00,0.000000000000000000e+00,-0.000000000000000000e+00,0.000000000000000000e+00,-2.336341436948123629e-01,0.000000000000000000e+00,-1.087983866067810529e-01,0.000000000000000000e+00,-0.000000000000000000e+00,-1.427313646518748869e-01
-0.000000000000000000e+00,-0.000000000000000000e+00,-2.047957687570752250e-01,-0.000000000000000000e+00,-5.143696674835945143e-02,0.000000000000000000e+00,1.069055353389932600e-01,0.000000000000000000e+00,-5.636018553949853453e-03,-0.000000000000000000e+00,0.000000000000000000e+00,-2.631066398124892181e-01,0.000000000000000000e+00,-0.000000000000000000e+00,-1.555003014688853824e-01,-0.000000000000000000e+00,0.000000000000000000e+00,-4.025730702903032032e-01,2.287704016597633228e+00,-7.461951869801369819e-02,-0.000000000000000000e+00,-3.684316104742711706e-02,-0.000000000000000000e+00,0.000000000000000000e+00,-0.000000000000000000e+00,-0.000000000000000000e+00,-0.000000000000000000e+00,-0.000000000000000000e+00,0.000000000000000000e+00,-4.185076852783671184e-03,-0.000000000000000000e+00,-0.000000000000000000e+00,-0.000000000000000000e+00,-5.575113803998636985e-01,0.000000000000000000e+00,-1.667889603248489949e-01,0.000000000000000000e+00,-0.000000000000000000e+00,-3.634205034591675432e-01
-0.000000000000000000e+00,-0.000000000000000000e+00,-0.000000000000000000e+00,-3.782022440824985010e-02,-0.000000000000000000e+00,0.000000000000000000e+00,-0.000000000000000000e+00,-2.148557771295286911e-01,-0.000000000000000000e+00,-0.000000000000000000e+00,0.000000000000000000e+00,-0.000000000000000000e+00,-0.000000000000000000e+00,-0.000000000000000000e+00,-5.580079769819876190e-03,-1.510726102955054218e-01,0.000000000000000000e+00,-0.000000000000000000e+00,-7.461951869801369819e-02,1.527286823677769245e+00,-0.000000000000000000e+00,-6.245565248329019159e-01,-0.000000000000000000e+00,0.000000000000000000e+00,0.000000000000000000e+00,-0.000000000000000000e+00,-0.000000000000000000e+00,-0.000000000000000000e+00,0.000000000000000000e+00,-0.000000000000000000e+00,-0.000000000000000000e+00,0.000000000000000000e+00,-3.208548739981144649e-01,-4.627921176990364149e-02,0.000000000000000000e+00,-0.000000000000000000e+00,0.000000000000000000e+00,-0.000000000000000000e+00,-0.000000000000000000e+00
0.000000000000000000e+00,0.000000000000000000e+00,-0.000000000000000000e+00,2.624465667005281833e-01,-3.568668486838560971e-02,0.000000000000000000e+00,0.000000000000000000e+00,-0.000000000000000000e+00,-0.000000000000000000e+00,-0.000000000000000000e+00,0.000000000000000000e+00,0.000000000000000000e+00,-0.000000000000000000e+00,-0.000000000000000000e+00,0.000000000000000000e+00,0.000000000000000000e+00,-0.000000000000000000e+00,0.000000000000000000e+00,-0.000000000000000000e+00,-0.000000000000000000e+00,1.510273515212429363e+00,-4.831065663614861894e-01,-0.000000000000000000e+00,-0.000000000000000000e+00,-0.000000000000000000e+00,-0.000000000000000000e+00,-0.000000000000000000e+00,-0.000000000000000000e+00,-0.000000000000000000e+00,-0.000000000000000000e+00,-5.091884145082001822e-01,-0.000000000000000000e+00,-2.091637252255245522e-02,-0.000000000000000000e+00,-0.000000000000000000e+00,-0.000000000000000000e+00,-0.000000000000000000e+00,-0.000000000000000000e+00,0.000000000000000000e+00
-0.000000000000000000e+00,-0.000000000000000000e+00,-8.182277838948993562e-03,-0.000000000000000000e+00,-0.000000000000000000e+00,1.273438011773838086e-01,0.000000000000000000e+00,-0.000000000000000000e+00,-0.000000000000000000e+00,-0.000000000000000000e+00,-0.000000000000000000e+00,-2.233386652618455370e-01,-0.000000000000000000e+00,-0.000000000000000000e+00,-0.000000000000000000e+00,-4.043743687781581331e-02,0.000000000000000000e+00,-0.000000000000000000e+00,-3.684316104742711706e-02,-6.245565248329019159e-01,-4.831065663614861894e-01,1.801604481829389037e+00,-0.000000000000000000e+00,0.000000000000000000e+00,-0.000000000000000000e+00,-0.000000000000000000e+00,-0.000000000000000000e+00,-0.000000000000000000e+00,0.000000000000000000e+00,-0.000000000000000000e+00,-0.000000000000000000e+00,-0.000000000000000000e+00,-1.045844475406410290e-01,-0.000000000000000000e+00,0.000000000000000000e+00,-2.938173081901600536e-01,0.000000000000000000e+00,-0.000000000000000000e+00,-0.000000000000000000e+00
-3.881454325224826390e-02,-9.247734582587391339e-02,-1.353578726486104333e-01,0.000000000000000000e+00,-3.021309102986737827e-01,-0.000000000000000000e+00,0.000000000000000000e+00,0.000000000000000000e+00,-7.630993995749967007e-02,-2.292533645213307714e-01,0.000000000000000000e+00,-0.000000000000000000e+00,0.000000000000000000e+00,-2.260717295781265179e-01,-0.000000000000000000e+00,-0.000000000000000000e+00,-5.254945516934689080e-03,-0.000000000000000000e+00,-0.000000000000000000e+00,-0.000000000000000000e+00,-0.000000000000000000e+00,-0.000000000000000000e+00,2.206860495475296169e+00,-8.765059976638260239e-03,-3.329533355789741633e-01,-2.448550651589801452e-01,-2.128556944055525479e-01,-7.778549660951825442e-03,-0.000000000000000000e+00,-1.323561488490241633e-01,-0.000000000000000000e+00,-0.000000000000000000e+00,-0.000000000000000000e+00,-0.000000000000000000e+00,-0.000000000000000000e+00,-0.000000000000000000e+00,-0.000000000000000000e+00,-1.236033626879177588e-01,-4.740147004804275838e-02
-0.000000000000000000e+00,-0.000000000000000000e+00,-0.000000000000000000e+00,0.000000000000000000e+00,-0.000000000000000000e+00,-5.000852196533163152e-01,-0.000000000000000000e+00,0.000000000000000000e+00,-0.000000000000000000e+00,-2.163124572033043036e-01,0.000000000000000000e+00,0.000000000000000000e+00,0.000000000000000000e+00,-4.195132991763865504e-02,0.000000000000000000e+00,0.000000000000000000e+00,-4.803178818983617204e-01,0.000000000000000000e+00,0.000000000000000000e+00,0.000000000000000000e+00,-0.000000000000000000e+00,0.000000000000000000e+00,-8.765059976638260239e-03,2.248063569993844713e+00,-9.604367383371313627e-02,-0.000000000000000000e+00,-0.000000000000000000e+00,-2.493245239247503797e-01,-3.536917597196840291e-01,-0.000000000000000000e+00,-3.182911463111264688e-02,-0.000000000000000000e+00,-0.000000000000000000e+00,0.000000000000000000e+00,-2.448927116208459154e-01,0.000000000000000000e+00,-1.104908310350609657e-01,-0.000000000000000000e+00,0.000000000000000000e+00
-0.000000000000000000e+00,-0.000000000000000000e+00,-0.000000000000000000e+00,0.000000000000000000e+00,-2.167048013094189929e-01,-0.000000000000000000e+00,0.000000000000000000e+00,1.629091710153685035e-01,-2.279212475219651313e-01,-1.927458345699888369e-03,1.247290567470525635e-01,-0.000000000000000000e+00,1.957839915914652285e-01,-5.119780685225894246e-01,-0.000000000000000000e+00,-0.000000000000000000e+00,-0.000000000000000000e+00,-0.000000000000000000e+00,-0.000000000000000000e+00,0.000000000000000000e+00,-0.000000000000000000e+00,-0.000000000000000000e+00,-3.329533355789741633e-01,-9.604367383371313627e-02,2.361074199511654204e+00,-2.612494713052307960e-01,-0.000000000000000000e+00,-0.000000000000000000e+00,-8.116454804575783111e-02,-1.221736629688613962e-01,-0.000000000000000000e+00,-0.000000000000000000e+00,-0.000000000000000000e+00,-0.000000000000000000e+00,-0.000000000000000000e+00,-0.000000000000000000e+00,-0.000000000000000000e+00,-2.833244681777840612e-01,-0.000000000000000000e+00
-1.821288654798189632e-01,-0.000000000000000000e+00,-1.850563941671266519e-02,0.000000000000000000e+00,-4.230237540977633409e-02,-0.000000000000000000e+00,0.000000000000000000e+00,0.000000000000000000e+00,-8.300311900728532533e-02,-1.188974287925493173e-01,2.758375636718274695e-02,-0.000000000000000000e+00,0.000000000000000000e+00,-2.002945301528760713e-01,-0.000000000000000000e+00,-0.000000000000000000e+00,-2.041469346260595397e-01,-0.000000000000000000e+00,-0.000000000000000000e+00,-0.000000000000000000e+00,-0.000000000000000000e+00,-0.000000000000000000e+00,-2.448550651589801452e-01,-0.000000000000000000e+00,-2.612494713052307960e-01,2.443432874579347214e+00,-1.675724309141033153e-01,-5.160387051900118260e-01,-0.000000000000000000e+00,-1.953066470397955140e-02,-0.000000000000000000e+00,-0.000000000000000000e+00,-1.020449388704909865e-01,-0.000000000000000000e+00,-0.000000000000000000e+00,-0.000000000000000000e+00,-0.000000000000000000e+00,-4.133193036316822333e-01,-0.000000000000000000e+00
-0.000000000000000000e+00,-0.000000000000000000e+00,-9.447805028654289450e-02,0.000000000000000000e+00,-9.529038103334876164e-02,-0.000000000000000000e+00,0.000000000000000000e+00,0.000000000000000000e+00,-0.000000000000000000e+00,-3.050164631465950849e-01,0.000000000000000000e+00,-0.000000000000000000e+00,-0.000000000000000000e+00,-0.000000000000000000e+00,0.000000000000000000e+00,-0.000000000000000000e+00,-6.583616083563355315e-02,-0.000000000000000000e+00,-0.000000000000000000e+00,-0.000000000000000000e+00,-0.000000000000000000e+00,-0.000000000000000000e+00,-2.128556944055525479e-01,-0.000000000000000000e+00,-0.000000000000000000e+00,-1.675724309141033153e-01,1.937438997794857176e+00,-1.719547693383083886e-01,-0.000000000000000000e+00,-0.000000000000000000e+00,-3.907396711148599655e-01,-3.760751958467785094e-01,-2.576825405939444855e-02,-0.000000000000000000e+00,-0.000000000000000000e+00,-0.000000000000000000e+00,-0.000000000000000000e+00,-2.479450020306333061e-02,-0.000000000000000000e+00
-0.000000000000000000e+00,-0.000000000000000000e+00,-3.709287368748690472e-01,0.000000000000000000e+00,-2.330630203958660579e-02,-0.000000000000000000e+00,0.000000000000000000e+00,0.000000000000000000e+00,-0.000000000000000000e+00,-5.387038796555466968e-02,2.261967740420218476e-01,0.000000000000000000e+00,0.000000000000000000e+00,-5.394337711779604444e-02,0.000000000000000000e+00,0.000000000000000000e+00,-2.619909178973632291e-01,0.000000000000000000e+00,-0.000000000000000000e+00,-0.000000000000000000e+00,-0.000000000000000000e+00,-0.000000000000000000e+00,-7.778549660951825442e-03,-2.493245239247503797e-01,-0.000000000000000000e+00,-5.160387051900118260e-01,-1.719547693383083886e-01,2.582044319992395476e+00,-3.231799351198213349e-02,-0.000000000000000000e+00,-3.396362771747220566e-01,-0.000000000000000000e+00,-5.896703972917841652e-01,-0.000000000000000000e+00,-0.000000000000000000e+00,0.000000000000000000e+00,-0.000000000000000000e+00,-8.852275798598280288e-02,0.000000000000000000e+00
0.000000000000000000e+00,0.000000000000000000e+00,-0.000000000000000000e+00,1.632009461428299557e-01,-0.000000000000000000e+00,-3.659022050876035159e-01,-0.000000000000000000e+00,0.000000000000000000e+00,-0.000000000000000000e+00,-0.000000000000000000e+00,0.000000000000000000e+00,1.563722329150494528e-01,0.000000000000000000e+00,-0.000000000000000000e+00,0.000000000000000000e+00,0.000000000000000000e+00,-2.821376839815199489e-01,0.000000000000000000e+00,0.000000000000000000e+00,0.000000000000000000e+00,-0.000000000000000000e+00,0.000000000000000000e+00,-0.000000000000000000e+00,-3.536917597196840291e-01,-8.116454804575783111e-02,-0.000000000000000000e+00,-0.000000000000000000e+00,-3.231799351198213349e-02,2.583245555127894999e+00,-0.000000000000000000e+00,-8.657306179886510578e-02,-0.000000000000000000e+00,-0.000000000000000000e+00,0.000000000000000000e+00,-5.984362408838617142e-01,0.000000000000000000e+00,-5.997934871903144449e-01,-0.000000000000000000e+00,0.000000000000000000e+00
-1.689150979419141441e-01,-2.136127637463542117e-01,-5.392648517448050960e-02,0.000000000000000000e+00,-9.896385476371410972e-02,-0.000000000000000000e+00,0.000000000000000000e+00,0.000000000000000000e+00,-7.379282828596227528e-01,-2.626713313854014409e-01,-0.000000000000000000e+00,-0.000000000000000000e+00,0.000000000000000000e+00,-1.192761331130692826e-01,-0.000000000000000000e+00,-0.000000000000000000e+00,-0.000000000000000000e+00,-0.000000000000000000e+00,-4.185076852783671184e-03,-0.000000000000000000e+00,-0.000000000000000000e+00,-0.000000000000000000e+00,-1.323561488490241633e-01,-0.000000000000000000e+00,-1.221736629688613962e-01,-1.953066470397955140e-02,-0.000000000000000000e+00,-0.000000000000000000e+00,-0.000000000000000000e+00,2.293610174613551766e+00,-0.000000000000000000e+00,-3.036014643012136319e-02,-0.000000000000000000e+00,-1.639130973497788246e-01,-0.000000000000000000e+00,-0.000000000000000000e+00,-0.000000000000000000e+00,-8.881244508313289321e-02,-1.164423165089239209e-01
-0.000000000000000000e+00,-0.000000000000000000e+00,-0.000000000000000000e+00,4.110508225971792190e-02,-0.000000000000000000e+00,-0.000000000000000000e+00,0.000000000000000000e+00,0.000000000000000000e+00,-0.000000000000000000e+00,-1.441719205389337399e-01,0.000000000000000000e+00,0.000000000000000000e+00,-0.000000000000000000e+00,-0.000000000000000000e+00,0.000000000000000000e+00,0.000000000000000000e+00,-9.967269708951416451e-02,0.000000000000000000e+00,-0.000000000000000000e+00,-0.000000000000000000e+00,-5.091884145082001822e-01,-0.000000000000000000e+00,-0.000000000000000000e+00,-3.182911463111264688e-02,-0.000000000000000000e+00,-0.000000000000000000e+00,-3.907396711148599655e-01,-3.396362771747220566e-01,-8.657306179886510578e-02,-0.000000000000000000e+00,2.273436764151255396e+00,-1.415105918638341342e-01,-3.528959325911161793e-01,-0.000000000000000000e+00,-8.514917297955297559e-02,0.000000000000000000e+00,-4.185140800654915672e-01,-0.000000000000000000e+00,0.000000000000000000e+00
-0.000000000000000000e+00,-8.923507349792350607e-02,-0.000000000000000000e+00,0.000000000000000000e+00,-0.000000000000000000e+00,-0.000000000000000000e+00,0.000000000000000000e+00,0.000000000000000000e+00,-0.000000000000000000e+00,-1.069989262227680205e-01,-3.192973250406737074e-01,-0.000000000000000000e+00,-0.000000000000000000e+00,-0.000000000000000000e+00,0.000000000000000000e+00,-0.000000000000000000e+00,-0.000000000000000000e+00,-0.000000000000000000e+00,-0.000000000000000000e+00,0.000000000000000000e+00,-0.000000000000000000e+00,-0.000000000000000000e+00,-0.000000000000000000e+00,-0.000000000000000000e+00,-0.000000000000000000e+00,-0.000000000000000000e+00,-3.760751958467785094e-01,-0.000000000000000000e+00,-0.000000000000000000e+00,-3.036014643012136319e-02,-1.415105918638341342e-01,1.355253161357458325e+00,-0.000000000000000000e+00,0.000000000000000000e+00,-0.000000000000000000e+00,-0.000000000000000000e+00,-1.269895657452101978e-01,-0.000000000000000000e+00,-0.000000000000000000e+00
-0.000000000000000000e+00,-0.000000000000000000e+00,-7.393769364110228115e-02,0.000000000000000000e+00,-0.000000000000000000e+00,-0.000000000000000000e+00,-0.000000000000000000e+00,-0.000000000000000000e+00,-0.000000000000000000e+00,-4.634146032680650645e-02,0.000000000000000000e+00,0.000000000000000000e+00,-0.000000000000000000e+00,-1.847596326343084183e-01,0.000000000000000000e+00,-0.000000000000000000e+00,-0.000000000000000000e+00,0.000000000000000000e+00,-0.000000000000000000e+00,-3.208548739981144649e-01,-2.091637252255245522e-02,-1.045844475406410290e-01,-0.000000000000000000e+00,-0.000000000000000000e+00,-0.000000000000000000e+00,-1.020449388704909865e-01,-2.576825405939444855e-02,-5.896703972917841652e-01,-0.000000000000000000e+00,-0.000000000000000000e+00,-3.528959325911161793e-01,-0.000000000000000000e+00,1.868738606735220964e+00,-0.000000000000000000e+00,-0.000000000000000000e+00,-0.000000000000000000e+00,-0.000000000000000000e+00,-0.000000000000000000e+00,0.000000000000000000e+00
-1.138494398498764021e-01,-0.000000000000000000e+00,-5.258747030761026231e-01,-0.000000000000000000e+00,-0.000000000000000000e+00,0.000000000000000000e+00,1.335992027377624902e-01,0.000000000000000000e+00,-2.139989952035764031e-01,-0.000000000000000000e+00,0.000000000000000000e+00,-3.760308632596268130e-02,1.233371409081915754e-01,-0.000000000000000000e+00,-2.254969720769651742e-01,-0.000000000000000000e+00,-0.000000000000000000e+00,-2.336341436948123629e-01,-5.575113803998636985e-01,-4.627921176990364149e-02,-0.000000000000000000e+00,-0.000000000000000000e+00,-0.000000000000000000e+00,0.000000000000000000e+00,-0.000000000000000000e+00,-0.000000000000000000e+00,-0.000000000000000000e+00,-0.000000000000000000e+00,0.000000000000000000e+00,-1.639130973497788246e-01,-0.000000000000000000e+00,0.000000000000000000e+00,-0.000000000000000000e+00,2.400951796491579415e+00,0.000000000000000000e+00,-6.540153782993544940e-02,0.000000000000000000e+00,-8.115745307157269661e-02,-1.774892078702244025e-01
0.000000000000000000e+00,0.000000000000000000e+00,0.000000000000000000e+00,0.000000000000000000e+00,-0.000000000000000000e+00,-4.031597831987558944e-01,-0.000000000000000000e+00,0.000000000000000000e+00,-0.000000000000000000e+00,-0.000000000000000000e+00,0.000000000000000000e+00,4.263391050730201970e-01,0.000000000000000000e+00,-0.000000000000000000e+00,3.781215268315489264e-01,1.479546365037359701e-01,-4.983776917725466632e-02,0.000000000000000000e+00,0.000000000000000000e+00,0.000000000000000000e+00,-0.000000000000000000e+00,0.000000000000000000e+00,-0.000000000000000000e+00,-2.448927116208459154e-01,-0.000000000000000000e+00,-0.000000000000000000e+00,-0.000000000000000000e+00,-0.000000000000000000e+00,-5.984362408838617142e-01,-0.000000000000000000e+00,-8.514917297955297559e-02,-0.000000000000000000e+00,-0.000000000000000000e+00,0.000000000000000000e+00,2.644186911616256630e+00,0.000000000000000000e+00,-5.369085396083491668e-01,-0.000000000000000000e+00,1.475755756998050651e-02
-0.000000000000000000e+00,-0.000000000000000000e+00,-0.000000000000000000e+00,-0.000000000000000000e+00,-0.000000000000000000e+00,0.000000000000000000e+00,0.000000000000000000e+00,-0.000000000000000000e+00,-0.000000000000000000e+00,-0.000000000000000000e+00,-0.000000000000000000e+00,-4.326390975576276388e-01,0.000000000000000000e+00,-0.000000000000000000e+00,-1.907931114312318710e-01,-7.652504434843254710e-02,0.000000000000000000e+00,-1.087983866067810529e-01,-1.667889603248489949e-01,-0.000000000000000000e+00,-0.000000000000000000e+00,-2.938173081901600536e-01,-0.000000000000000000e+00,0.000000000000000000e+00,-0.000000000000000000e+00,-0.000000000000000000e+00,-0.000000000000000000e+00,0.000000000000000000e+00,0.000000000000000000e+00,-0.000000000000000000e+00,0.000000000000000000e+00,-0.000000000000000000e+00,-0.000000000000000000e+00,-6.540153782993544940e-02,0.000000000000000000e+00,1.740289175105606212e+00,0.000000000000000000e+00,-0.000000000000000000e+00,-1.864282902899589978e-01
0.000000000000000000e+00,0.000000000000000000e+00,-0.000000000000000000e+00,2.331028155802088719e-01,-0.000000000000000000e+00,-3.141250451131590293e-01,0.000000000000000000e+00,0.000000000000000000e+00,-0.000000000000000000e+00,-0.000000000000000000e+00,0.000000000000000000e+00,0.000000000000000000e+00,0.000000000000000000e+00,-0.000000000000000000e+00,5.055180443675786478e-02,0.000000000000000000e+00,-1.281118626237102640e-02,0.000000000000000000e+00,0.000000000000000000e+00,0.000000000000000000e+00,-0.000000000000000000e+00,0.000000000000000000e+00,-0.000000000000000000e+00,-1.104908310350609657e-01,-0.000000000000000000e+00,-0.000000000000000000e+00,-0.000000000000000000e+00,-0.000000000000000000e+00,-5.997934871903144449e-01,-0.000000000000000000e+00,-4.185140800654915672e-01,-1.269895657452101978e-01,-0.000000000000000000e+00,0.000000000000000000e+00,-5.369085396083491668e-01,0.000000000000000000e+00,2.330972707281981027e+00,-0.000000000000000000e+00,0.000000000000000000e+00
-0.000000000000000000e+00,-0.000000000000000000e+00,-1.992705709079361509e-01,0.000000000000000000e+00,-3.024579668419420941e-01,-0.000000000000000000e+00,3.300715091249303290e-01,1.725579012174875346e-02,-3.898733919098949507e-01,-0.000000000000000000e+00,0.000000000000000000e+00,-0.000000000000000000e+00,0.000000000000000000e+00,-0.000000000000000000e+00,-0.000000000000000000e+00,-0.000000000000000000e+00,-1.609227547752352383e-02,-0.000000000000000000e+00,-0.000000000000000000e+00,-0.000000000000000000e+00,-0.000000000000000000e+00,-0.000000000000000000e+00,-1.236033626879177588e-01,-0.000000000000000000e+00,-2.833244681777840612e-01,-4.133193036316822333e-01,-2.479450020306333061e-02,-8.852275798598280288e-02,-0.000000000000000000e+00,-8.881244508313289321e-02,-0.000000000000000000e+00,-0.000000000000000000e+00,-0.000000000000000000e+00,-8.115745307157269661e-02,-0.000000000000000000e+00,-0.000000000000000000e+00,-0.000000000000000000e+00,2.345693240057776574e+00,-4.868980880903280017e-02
-1.146973632481176758e-01,-7.903070072700175974e-02,-0.000000000000000000e+00,-0.000000000000000000e+00,-0.000000000000000000e+00,0.000000000000000000e+00,1.574457140886548479e-01,0.000000000000000000e+00,-0.000000000000000000e+00,-0.000000000000000000e+00,-0.000000000000000000e+00,-5.082775135930897026e-01,0.000000000000000000e+00,-0.000000000000000000e+00,-6.207909507572002827e-02,-1.014288148517626942e-01,0.000000000000000000e+00,-1.427313646518748869e-01,-3.634205034591675432e-01,-0.000000000000000000e+00,0.000000000000000000e+00,-0.000000000000000000e+00,-4.740147004804275838e-02,0.000000000000000000e+00,-0.000000000000000000e+00,-0.000000000000000000e+00,-0.000000000000000000e+00,0.000000000000000000e+00,0.000000000000000000e+00,-1.164423165089239209e-01,0.000000000000000000e+00,-0.000000000000000000e+00,0.000000000000000000e+00,-1.774892078702244025e-01,1.475755756998050651e-02,-1.864282902899589978e-01,0.000000000000000000e+00,-4.868980880903280017e-02,2.056849292992698253e+00
