2.409956488248320650e+00,-5.472444141493801872e-01,0.000000000000000000e+00,-0.000000000000000000e+00,-0.000000000000000000e+00,-0.000000000000000000e+00,-0.000000000000000000e+00,0.000000000000000000e+00,-1.457772635810700990e-01,-1.950999561801889937e-01,-0.000000000000000000e+00,0.000000000000000000e+00,-0.000000000000000000e+00,-1.054178502682040636e-01,-0.000000000000000000e+00,-2.424210990234820229e-01,-0.000000000000000000e+00,-0.000000000000000000e+00,-0.000000000000000000e+00,-1.387525129377020217e-01,0.000000000000000000e+00,-1.227299232503129278e-01,-1.687270195688630459e-01,-0.000000000000000000e+00,-2.933681787731999210e-02,-3.478782153737215999e-01,0.000000000000000000e+00,-0.000000000000000000e+00,-5.079440166161077602e-02,-2.785649490708880793e-01,0.000000000000000000e+00,-3.039467336382649723e-02,-0.000000000000000000e+00,-0.000000000000000000e+00,-0.000000000000000000e+00,-2.577075132595900778e-02,-1.145107563787823857e-01,-2.338536830767511121e-02,-0.000000000000000000e+00
-5.472444141493801872e-01,2.185614543398493481e+00,0.000000000000000000e+00,-0.000000000000000000e+00,-0.000000000000000000e+00,-0.000000000000000000e+00,-2.257250710635546331e-01,0.000000000000000000e+00,-0.000000000000000000e+00,-1.734049448974794572e-01,-0.000000000000000000e+00,0.000000000000000000e+00,-8.377610704552262630e-03,-0.000000000000000000e+00,-0.000000000000000000e+00,-0.000000000000000000e+00,-0.000000000000000000e+00,-0.000000000000000000e+00,-0.000000000000000000e+00,-4.402343851964297256e-02,0.000000000000000000e+00,-6.831278398645178329e-02,-0.000000000000000000e+00,-0.000000000000000000e+00,-1.785075056615184341e-01,-0.000000000000000000e+00,0.000000000000000000e+00,-7.928936710437851920e-03,-1.611272487029890288e-01,-2.196028182265991890e-01,0.000000000000000000e+00,-9.214373466458984641e-02,-1.507721464652468646e-01,0.000000000000000000e+00,-0.000000000000000000e+00,-2.359519180643226133e-01,-1.751455613211835849e-01,-0.000000000000000000e+00,-0.000000000000000000e+00
0.000000000000000000e+00,0.000000000000000000e+00,2.156495780886165115e+00,-0.000000000000000000e+00,-0.000000000000000000e+00,6.431854911517850826e-02,0.000000000000000000e+00,1.001725601872696103e+00,-0.000000000000000000e+00,0.000000000000000000e+00,3.791577563136502849e-02,-1.521121473996319695e-01,0.000000000000000000e+00,-0.000000000000000000e+00,0.000000000000000000e+00,-0.000000000000000000e+00,0.000000000000000000e+00,-0.000000000000000000e+00,-0.000000000000000000e+00,3.889986898103954538e-02,-2.694349662071777174e-01,3.067877372369849989e-02,-0.000000000000000000e+00,-0.000000000000000000e+00,-0.000000000000000000e+00,-0.000000000000000000e+00,-1.898226223885338959e-01,-0.000000000000000000e+00,0.000000000000000000e+00,0.000000000000000000e+00,-5.345710815919920700e-01,0.000000000000000000e+00,-0.000000000000000000e+00,-1.751014044893466626e-01,0.000000000000000000e+00,3.009771677163522452e-02,0.000000000000000000e+00,0.000000000000000000e+00,-0.000000000000000000e+00
-0.000000000000000000e+00,-0.000000000000000000e+00,-0.000000000000000000e+00,1.141044257949380691e+00,-0.000000000000000000e+00,0.000000000000000000e+00,-2.991450269872359888e-02,8.585896176131933843e-02,-0.000000000000000000e+00,-5.046250721267502709e-03,-0.000000000000000000e+00,-0.000000000000000000e+00,-0.000000000000000000e+00,-0.000000000000000000e+00,0.000000000000000000e+00,-4.666695559473882371e-02,-0.000000000000000000e+00,-2.976082529410742014e-02,-1.525774463140625870e-01,0.000000000000000000e+00,-0.000000000000000000e+00,-0.000000000000000000e+00,-0.000000000000000000e+00,-0.000000000000000000e+00,-2.707909589616623851e-03,-0.000000000000000000e+00,-0.000000000000000000e+00,-2.504726193891698149e-01,-0.000000000000000000e+00,-7.205943809107097538e-03,-0.000000000000000000e+00,-0.000000000000000000e+00,-0.000000000000000000e+00,-0.000000000000000000e+00,0.000000000000000000e+00,-0.000000000000000000e+00,-0.000000000000000000e+00,0.000000000000000000e+00,-0.000000000000000000e+00
-0.000000000000000000e+00,-0.000000000000000000e+00,-0.000000000000000000e+00,-0.000000000000000000e+00,1.493661496631378816e+00,0.000000000000000000e+00,0.000000000000000000e+00,3.100492676843580875e-01,-1.563188312396381063e-01,-0.000000000000000000e+00,0.000000000000000000e+00,-0.000000000000000000e+00,-0.000000000000000000e+00,-3.191739412425317890e-02,-0.000000000000000000e+00,-1.992213669175187107e-02,-0.000000000000000000e+00,-0.000000000000000000e+00,-0.000000000000000000e+00,-0.000000000000000000e+00,-0.000000000000000000e+00,-0.000000000000000000e+00,-0.000000000000000000e+00,-7.530890102695014104e-03,-6.195594146966625082e-02,-2.494143203618648663e-01,-0.000000000000000000e+00,-0.000000000000000000e+00,-0.000000000000000000e+00,-0.000000000000000000e+00,-0.000000000000000000e+00,-0.000000000000000000e+00,-0.000000000000000000e+00,-3.605842304017712885e-01,0.000000000000000000e+00,-0.000000000000000000e+00,-0.000000000000000000e+00,-0.000000000000000000e+00,-5.166742810596602203e-02
-0.000000000000000000e+00,-0.000000000000000000e+00,6.431854911517850826e-02,0.000000000000000000e+00,0.000000000000000000e+00,1.793080759765466548e+00,-0.000000000000000000e+00,-0.000000000000000000e+00,0.000000000000000000e+00,-0.000000000000000000e+00,-4.429808757994980750e-01,4.613152217107295283e-01,0.000000000000000000e+00,-0.000000000000000000e+00,-0.000000000000000000e+00,0.000000000000000000e+00,-0.000000000000000000e+00,7.994140892931876283e-03,-0.000000000000000000e+00,-8.703056529010122500e-02,0.000000000000000000e+00,-0.000000000000000000e+00,0.000000000000000000e+00,-0.000000000000000000e+00,-0.000000000000000000e+00,-0.000000000000000000e+00,3.156516092033719023e-02,-0.000000000000000000e+00,-1.462047368277316350e-01,-0.000000000000000000e+00,0.000000000000000000e+00,-0.000000000000000000e+00,-0.000000000000000000e+00,1.355228355840162879e-01,-4.142997224775773479e-01,-1.718973815808038375e-01,-1.053359533045733834e-02,-0.000000000000000000e+00,0.000000000000000000e+00
-0.000000000000000000e+00,-2.257250710635546331e-01,0.000000000000000000e+00,-2.991450269872359888e-02,0.000000000000000000e+00,-0.000000000000000000e+00,1.819948005604682617e+00,-0.000000000000000000e+00,0.000000000000000000e+00,-0.000000000000000000e+00,-0.000000000000000000e+00,6.973236514534230102e-01,-2.087382114239358377e-01,-0.000000000000000000e+00,-0.000000000000000000e+00,-0.000000000000000000e+00,-0.000000000000000000e+00,-0.000000000000000000e+00,-0.000000000000000000e+00,-0.000000000000000000e+00,0.000000000000000000e+00,-1.952865034822820756e-01,-0.000000000000000000e+00,0.000000000000000000e+00,-0.000000000000000000e+00,-0.000000000000000000e+00,0.000000000000000000e+00,-0.000000000000000000e+00,-0.000000000000000000e+00,-5.518049807045682237e-02,6.075972893909430649e-03,-1.981298738748724086e-01,-0.000000000000000000e+00,6.718166196508577881e-02,-0.000000000000000000e+00,-1.431551516968062598e-01,-0.000000000000000000e+00,-0.000000000000000000e+00,0.000000000000000000e+00
0.000000000000000000e+00,0.000000000000000000e+00,1.001725601872696103e+00,8.585896176131933843e-02,3.100492676843580875e-01,-0.000000000000000000e+00,-0.000000000000000000e+00,2.002875667853206032e+00,6.962186063191679042e-02,0.000000000000000000e+00,-0.000000000000000000e+00,0.000000000000000000e+00,-0.000000000000000000e+00,0.000000000000000000e+00,-0.000000000000000000e+00,1.543910439724780204e-01,-0.000000000000000000e+00,0.000000000000000000e+00,3.788931832909160913e-01,-0.000000000000000000e+00,0.000000000000000000e+00,-0.000000000000000000e+00,0.000000000000000000e+00,0.000000000000000000e+00,1.133984485332299730e-01,2.027953290975405623e-02,0.000000000000000000e+00,0.000000000000000000e+00,-0.000000000000000000e+00,0.000000000000000000e+00,0.000000000000000000e+00,-0.000000000000000000e+00,0.000000000000000000e+00,5.728723679614571712e-02,-0.000000000000000000e+00,-0.000000000000000000e+00,-0.000000000000000000e+00,0.000000000000000000e+00,0.000000000000000000e+00
-1.457772635810700990e-01,-0.000000000000000000e+00,-0.000000000000000000e+00,-0.000000000000000000e+00,-1.563188312396381063e-01,0.000000000000000000e+00,0.000000000000000000e+00,6.962186063191679042e-02,2.249425781669393665e+00,-0.000000000000000000e+00,-0.000000000000000000e+00,-0.000000000000000000e+00,-0.000000000000000000e+00,-2.394717967728058616e-01,-7.637527429608276242e-02,-9.257182828754270676e-02,0.000000000000000000e+00,-1.803179543516648942e-01,-0.000000000000000000e+00,-0.000000000000000000e+00,0.000000000000000000e+00,-0.000000000000000000e+00,-4.965448388550879333e-01,-3.697764277416396017e-02,-1.262818793623269875e-01,-1.454244705566798135e-01,-0.000000000000000000e+00,-0.000000000000000000e+00,-0.000000000000000000e+00,-7.290314712468855263e-02,0.000000000000000000e+00,-0.000000000000000000e+00,-0.000000000000000000e+00,-5.222721492477172545e-01,0.000000000000000000e+00,-0.000000000000000000e+00,-0.000000000000000000e+00,-0.000000000000000000e+00,-1.816022155310871578e-01
-1.950999561801889937e-01,-1.734049448974794572e-01,0.000000000000000000e+00,-5.046250721267502709e-03,-0.000000000000000000e+00,-0.000000000000000000e+00,-0.000000000000000000e+00,0.000000000000000000e+00,-0.000000000000000000e+00,2.498255935098566471e+00,-0.000000000000000000e+00,0.000000000000000000e+00,-1.399925050979215768e-01,-2.441161539648235568e-01,-1.828101762751315473e-01,-3.561568404961520939e-01,-0.000000000000000000e+00,-0.000000000000000000e+00,-0.000000000000000000e+00,-2.865059670400398485e-03,0.000000000000000000e+00,-3.021934768455958875e-01,-0.000000000000000000e+00,-1.355332715011843547e-01,-1.093585310616000152e-02,-0.000000000000000000e+00,-0.000000000000000000e+00,-8.732720047329144142e-02,-1.294135421974236706e-02,-2.651180296503627964e-01,0.000000000000000000e+00,-4.670668739513095802e-01,-0.000000000000000000e+00,-0.000000000000000000e+00,0.000000000000000000e+00,-1.316969210197225029e-02,-1.108687582080121331e-01,-0.000000000000000000e+00,-0.000000000000000000e+00
-0.000000000000000000e+00,-0.000000000000000000e+00,3.791577563136502849e-02,-0.000000000000000000e+00,0.000000000000000000e+00,-4.429808757994980750e-01,-0.000000000000000000e+00,-0.000000000000000000e+00,-0.000000000000000000e+00,-0.000000000000000000e+00,1.511454865172830564e+00,0.000000000000000000e+00,-0.000000000000000000e+00,-0.000000000000000000e+00,-2.890773956029064548e-02,-0.000000000000000000e+00,-3.093751881023866779e-01,0.000000000000000000e+00,0.000000000000000000e+00,-8.175536720965130566e-02,-0.000000000000000000e+00,-1.730293049422157170e-01,-0.000000000000000000e+00,-3.731345996972997708e-02,-0.000000000000000000e+00,-0.000000000000000000e+00,0.000000000000000000e+00,-0.000000000000000000e+00,-7.329653510109204739e-02,-0.000000000000000000e+00,0.000000000000000000e+00,-1.207682346642292570e-01,-0.000000000000000000e+00,0.000000000000000000e+00,-0.000000000000000000e+00,-0.000000000000000000e+00,-0.000000000000000000e+00,-0.000000000000000000e+00,0.000000000000000000e+00
0.000000000000000000e+00,0.000000000000000000e+00,-1.521121473996319695e-01,-0.000000000000000000e+00,-0.000000000000000000e+00,4.613152217107295283e-01,6.973236514534230102e-01,0.000000000000000000e+00,-0.000000000000000000e+00,0.000000000000000000e+00,0.000000000000000000e+00,2.199675041048241741e+00,0.000000000000000000e+00,0.000000000000000000e+00,-0.000000000000000000e+00,-0.000000000000000000e+00,0.000000000000000000e+00,-0.000000000000000000e+00,0.000000000000000000e+00,1.054739943289788873e-01,-0.000000000000000000e+00,1.093461143398555442e-02,-0.000000000000000000e+00,-0.000000000000000000e+00,-0.000000000000000000e+00,0.000000000000000000e+00,-3.102688201999909690e-01,0.000000000000000000e+00,2.276043743181346557e-01,0.000000000000000000e+00,-0.000000000000000000e+00,0.000000000000000000e+00,0.000000000000000000e+00,-4.667749226620492853e-01,1.756555552788163430e-02,8.035575569206178381e-02,0.000000000000000000e+00,0.000000000000000000e+00,-2.915175632058070176e-01
-0.000000000000000000e+00,-8.377610704552262630e-03,0.000000000000000000e+00,-0.000000000000000000e+00,-0.000000000000000000e+00,0.000000000000000000e+00,-2.087382114239358377e-01,-0.000000000000000000e+00,-0.000000000000000000e+00,-1.399925050979215768e-01,-0.000000000000000000e+00,0.000000000000000000e+00,1.673462957133720064e+00,-0.000000000000000000e+00,-0.000000000000000000e+00,-0.000000000000000000e+00,-0.000000000000000000e+00,-3.580517086258876436e-01,-0.000000000000000000e+00,-0.000000000000000000e+00,0.000000000000000000e+00,-0.000000000000000000e+00,-8.453972751813734754e-02,-0.000000000000000000e+00,-0.000000000000000000e+00,-0.000000000000000000e+00,-0.000000000000000000e+00,-1.224850778500273657e-01,-0.000000000000000000e+00,-0.000000000000000000e+00,3.234223732772636417e-01,-3.289617775149835111e-01,-0.000000000000000000e+00,-0.000000000000000000e+00,0.000000000000000000e+00,-0.000000000000000000e+00,-0.000000000000000000e+00,-1.778176715311084689e-03,-0.000000000000000000e+00
-1.054178502682040636e-01,-0.000000000000000000e+00,-0.000000000000000000e+00,-0.000000000000000000e+00,-3.191739412425317890e-02,-0.000000000000000000e+00,-0.000000000000000000e+00,0.000000000000000000e+00,-2.394717967728058616e-01,-2.441161539648235568e-01,-0.000000000000000000e+00,0.000000000000000000e+00,-0.000000000000000000e+00,2.275434943627886231e+00,-1.073672819341202345e-01,-4.355981834603430726e-03,-0.000000000000000000e+00,-8.869097175945908629e-02,-0.000000000000000000e+00,-1.157761057244587194e-01,0.000000000000000000e+00,-0.000000000000000000e+00,-1.685987073555053617e-01,-5.479492884760900351e-01,-2.550357546048512281e-01,-0.000000000000000000e+00,0.000000000000000000e+00,-0.000000000000000000e+00,-0.000000000000000000e+00,-4.610112061776885234e-02,0.000000000000000000e+00,-0.000000000000000000e+00,-8.276961180758646286e-02,-0.000000000000000000e+00,0.000000000000000000e+00,-0.000000000000000000e+00,-3.706537332865680878e-01,-8.275039830215213292e-04,-0.000000000000000000e+00
-0.000000000000000000e+00,-0.000000000000000000e+00,0.000000000000000000e+00,0.000000000000000000e+00,-0.000000000000000000e+00,-0.000000000000000000e+00,-0.000000000000000000e+00,-0.000000000000000000e+00,-7.637527429608276242e-02,-1.828101762751315473e-01,-2.890773956029064548e-02,-0.000000000000000000e+00,-0.000000000000000000e+00,-1.073672819341202345e-01,1.577424223688627558e+00,-0.000000000000000000e+00,-9.733769474288722634e-03,-0.000000000000000000e+00,0.000000000000000000e+00,-0.000000000000000000e+00,0.000000000000000000e+00,-6.885868547683902940e-02,-6.011242896590186791e-02,-9.355077654704883894e-03,-0.000000000000000000e+00,-0.000000000000000000e+00,0.000000000000000000e+00,-0.000000000000000000e+00,-0.000000000000000000e+00,-0.000000000000000000e+00,2.771431320179212343e-01,-1.329748084474050018e-01,-0.000000000000000000e+00,-0.000000000000000000e+00,0.000000000000000000e+00,-0.000000000000000000e+00,-1.367749443729923964e-01,-3.071991200805542221e-01,-0.000000000000000000e+00
-2.424210990234820229e-01,-0.000000000000000000e+00,-0.000000000000000000e+00,-4.666695559473882371e-02,-1.992213669175187107e-02,0.000000000000000000e+00,-0.000000000000000000e+00,1.543910439724780204e-01,-9.257182828754270676e-02,-3.561568404961520939e-01,-0.000000000000000000e+00,-0.000000000000000000e+00,-0.000000000000000000e+00,-4.355981834603430726e-03,-0.000000000000000000e+00,2.187760382336250586e+00,-0.000000000000000000e+00,-5.580365718340803138e-02,-0.000000000000000000e+00,-0.000000000000000000e+00,-0.000000000000000000e+00,-0.000000000000000000e+00,-4.519926080808154834e-01,-1.508102009924854325e-01,-2.674118716885544034e-01,-1.972768145050761146e-01,-0.000000000000000000e+00,-1.449078964124218549e-01,-0.000000000000000000e+00,-1.452599854876913121e-01,0.000000000000000000e+00,-0.000000000000000000e+00,-0.000000000000000000e+00,-0.000000000000000000e+00,0.000000000000000000e+00,-0.000000000000000000e+00,-0.000000000000000000e+00,-0.000000000000000000e+00,-0.000000000000000000e+00
-0.000000000000000000e+00,-0.000000000000000000e+00,0.000000000000000000e+00,-0.000000000000000000e+00,-0.000000000000000000e+00,-0.000000000000000000e+00,-0.000000000000000000e+00,-0.000000000000000000e+00,0.000000000000000000e+00,-0.000000000000000000e+00,-3.093751881023866779e-01,0.000000000000000000e+00,-0.000000000000000000e+00,-0.000000000000000000e+00,-9.733769474288722634e-03,-0.000000000000000000e+00,1.328094981496260596e+00,-0.000000000000000000e+00,0.000000000000000000e+00,-0.000000000000000000e+00,0.000000000000000000e+00,-0.000000000000000000e+00,-0.000000000000000000e+00,-0.000000000000000000e+00,0.000000000000000000e+00,-1.024978214783111852e-01,0.000000000000000000e+00,-0.000000000000000000e+00,-3.390794037696924224e-01,-0.000000000000000000e+00,0.000000000000000000e+00,-0.000000000000000000e+00,-0.000000000000000000e+00,0.000000000000000000e+00,-0.000000000000000000e+00,-0.000000000000000000e+00,-0.000000000000000000e+00,-1.364952335364361391e-01,0.000000000000000000e+00
-0.000000000000000000e+00,-0.000000000000000000e+00,-0.000000000000000000e+00,-2.976082529410742014e-02,-0.000000000000000000e+00,7.994140892931876283e-03,-0.000000000000000000e+00,0.000000000000000000e+00,-1.803179543516648942e-01,-0.000000000000000000e+00,0.000000000000000000e+00,-0.000000000000000000e+00,-3.580517086258876436e-01,-8.869097175945908629e-02,-0.000000000000000000e+00,-5.580365718340803138e-02,-0.000000000000000000e+00,1.516214406876420062e+00,-0.000000000000000000e+00,-0.000000000000000000e+00,0.000000000000000000e+00,-0.000000000000000000e+00,-2.948944844272716748e-01,-0.000000000000000000e+00,-0.000000000000000000e+00,-0.000000000000000000e+00,-0.000000000000000000e+00,-3.764985319013527260e-02,-0.000000000000000000e+00,-7.542706423270595373e-02,4.493232913975139797e-02,-0.000000000000000000e+00,-0.000000000000000000e+00,-0.000000000000000000e+00,7.685314428933838482e-02,-0.000000000000000000e+00,-0.000000000000000000e+00,-1.086851957682032424e-02,-1.362385681558121175e-01
-0.000000000000000000e+00,-0.000000000000000000e+00,-0.000000000000000000e+00,-1.525774463140625870e-01,-0.000000000000000000e+00,-0.000000000000000000e+00,-0.000000000000000000e+00,3.788931832909160913e-01,-0.000000000000000000e+00,-0.000000000000000000e+00,0.000000000000000000e+00,0.000000000000000000e+00,-0.000000000000000000e+00,-0.000000000000000000e+00,0.000000000000000000e+00,-0.000000000000000000e+00,0.000000000000000000e+00,-0.000000000000000000e+00,1.276145761560992353e+00,-0.000000000000000000e+00,-0.000000000000000000e+00,-0.000000000000000000e+00,-0.000000000000000000e+00,-0.000000000000000000e+00,-2.484448969325049605e-01,-0.000000000000000000e+00,0.000000000000000000e+00,-0.000000000000000000e+00,-0.000000000000000000e+00,-8.017360654208244286e-02,-0.000000000000000000e+00,-0.000000000000000000e+00,-0.000000000000000000e+00,-0.000000000000000000e+00,-0.000000000000000000e+00,-0.000000000000000000e+00,-0.000000000000000000e+00,0.000000000000000000e+00,-0.000000000000000000e+00
-1.387525129377020217e-01,-4.402343851964297256e-02,3.889986898103954538e-02,0.000000000000000000e+00,-0.000000000000000000e+00,-8.703056529010122500e-02,-0.000000000000000000e+00,-0.000000000000000000e+00,-0.000000000000000000e+00,-2.865059670400398485e-03,-8.175536720965130566e-02,1.054739943289788873e-01,-0.000000000000000000e+00,-1.157761057244587194e-01,-0.000000000000000000e+00,-0.000000000000000000e+00,-0.000000000000000000e+00,-0.000000000000000000e+00,-0.000000000000000000e+00,1.768763140684656676e+00,0.000000000000000000e+00,-4.059405766128101889e-01,-0.000000000000000000e+00,-0.000000000000000000e+00,-0.000000000000000000e+00,-0.000000000000000000e+00,5.020174117020189536e-02,-0.000000000000000000e+00,-3.396732377668048031e-01,-0.000000000000000000e+00,0.000000000000000000e+00,-0.000000000000000000e+00,-0.000000000000000000e+00,0.000000000000000000e+00,-0.000000000000000000e+00,-0.000000000000000000e+00,-2.424921131008207498e-01,-0.000000000000000000e+00,-0.000000000000000000e+00
0.000000000000000000e+00,0.000000000000000000e+00,-2.694349662071777174e-01,-0.000000000000000000e+00,-0.000000000000000000e+00,0.000000000000000000e+00,0.000000000000000000e+00,0.000000000000000000e+00,0.000000000000000000e+00,0.000000000000000000e+00,-0.000000000000000000e+00,-0.000000000000000000e+00,0.000000000000000000e+00,0.000000000000000000e+00,0.000000000000000000e+00,-0.000000000000000000e+00,0.000000000000000000e+00,0.000000000000000000e+00,-0.000000000000000000e+00,0.000000000000000000e+00,1.383245128526520151e+00,0.000000000000000000e+00,0.000000000000000000e+00,-0.000000000000000000e+00,-0.000000000000000000e+00,-0.000000000000000000e+00,-0.000000000000000000e+00,-0.000000000000000000e+00,0.000000000000000000e+00,0.000000000000000000e+00,-5.592137764185107773e-01,0.000000000000000000e+00,0.000000000000000000e+00,-0.000000000000000000e+00,0.000000000000000000e+00,0.000000000000000000e+00,1.128829179039585705e-02,0.000000000000000000e+00,-0.000000000000000000e+00
-1.227299232503129278e-01,-6.831278398645178329e-02,3.067877372369849989e-02,-0.000000000000000000e+00,-0.000000000000000000e+00,-0.000000000000000000e+00,-1.952865034822820756e-01,-0.000000000000000000e+00,-0.000000000000000000e+00,-3.021934768455958875e-01,-1.730293049422157170e-01,1.093461143398555442e-02,-0.000000000000000000e+00,-0.000000000000000000e+00,-6.885868547683902940e-02,-0.000000000000000000e+00,-0.000000000000000000e+00,-0.000000000000000000e+00,-0.000000000000000000e+00,-4.059405766128101889e-01,0.000000000000000000e+00,2.269677985558167244e+00,-0.000000000000000000e+00,-0.000000000000000000e+00,-0.000000000000000000e+00,-0.000000000000000000e+00,0.000000000000000000e+00,-1.354865326575080686e-01,-1.040527347293778715e-01,-0.000000000000000000e+00,2.501796243189586266e-01,-2.691562993398225467e-01,-0.000000000000000000e+00,0.000000000000000000e+00,-0.000000000000000000e+00,-2.094824428175297015e-01,-1.522593072914908696e-01,-7.664830563113471384e-02,-0.000000000000000000e+00
-1.687270195688630459e-01,-0.000000000000000000e+00,-0.000000000000000000e+00,-0.000000000000000000e+00,-0.000000000000000000e+00,0.000000000000000000e+00,-0.000000000000000000e+00,0.000000000000000000e+00,-4.965448388550879333e-01,-0.000000000000000000e+00,-0.000000000000000000e+00,-0.000000000000000000e+00,-8.453972751813734754e-02,-1.685987073555053617e-01,-6.011242896590186791e-02,-4.519926080808154834e-01,-0.000000000000000000e+00,-2.948944844272716748e-01,-0.000000000000000000e+00,-0.000000000000000000e+00,0.000000000000000000e+00,-0.000000000000000000e+00,2.185291652653652772e+00,-3.786682107109072548e-02,-1.113005422160922991e-01,-6.863363712982323284e-02,-0.000000000000000000e+00,-0.000000000000000000e+00,-0.000000000000000000e+00,-0.000000000000000000e+00,0.000000000000000000e+00,-0.000000000000000000e+00,-8.346794528636226201e-03,-2.564091203257350404e-01,0.000000000000000000e+00,-0.000000000000000000e+00,-0.000000000000000000e+00,-3.879645756500496590e-02,-7.356657752952558416e-02
-0.000000000000000000e+00,-0.000000000000000000e+00,-0.000000000000000000e+00,-0.000000000000000000e+00,-7.530890102695014104e-03,-0.000000000000000000e+00,0.000000000000000000e+00,0.000000000000000000e+00,-3.697764277416396017e-02,-1.355332715011843547e-01,-3.731345996972997708e-02,-0.000000000000000000e+00,-0.000000000000000000e+00,-5.479492884760900351e-01,-9.355077654704883894e-03,-1.508102009924854325e-01,-0.000000000000000000e+00,-0.000000000000000000e+00,-0.000000000000000000e+00,-0.000000000000000000e+00,-0.000000000000000000e+00,-0.000000000000000000e+00,-3.786682107109072548e-02,1.829729538553051871e+00,-3.523862868666078896e-01,-2.060452837235282331e-01,-0.000000000000000000e+00,-0.000000000000000000e+00,-0.000000000000000000e+00,-0.000000000000000000e+00,0.000000000000000000e+00,-0.000000000000000000e+00,-0.000000000000000000e+00,-0.000000000000000000e+00,0.000000000000000000e+00,-0.000000000000000000e+00,-0.000000000000000000e+00,-9.722756479018467013e-02,-0.000000000000000000e+00
-2.933681787731999210e-02,-1.785075056615184341e-01,-0.000000000000000000e+00,-2.707909589616623851e-03,-6.195594146966625082e-02,-0.000000000000000000e+00,-0.000000000000000000e+00,1.133984485332299730e-01,-1.262818793623269875e-01,-1.093585310616000152e-02,-0.000000000000000000e+00,-0.000000000000000000e+00,-0.000000000000000000e+00,-2.550357546048512281e-01,-0.000000000000000000e+00,-2.674118716885544034e-01,0.000000000000000000e+00,-0.000000000000000000e+00,-2.484448969325049605e-01,-0.000000000000000000e+00,-0.000000000000000000e+00,-0.000000000000000000e+00,-1.113005422160922991e-01,-3.523862868666078896e-01,2.033854055730847765e+00,-0.000000000000000000e+00,-0.000000000000000000e+00,-8.657753500670818669e-02,-0.000000000000000000e+00,-4.557567522722315301e-02,0.000000000000000000e+00,-0.000000000000000000e+00,-2.952099338831232767e-01,-0.000000000000000000e+00,0.000000000000000000e+00,-0.000000000000000000e+00,-0.000000000000000000e+00,-0.000000000000000000e+00,-7.275118518128666223e-02
-3.478782153737215999e-01,-0.000000000000000000e+00,-0.000000000000000000e+00,-0.000000000000000000e+00,-2.494143203618648663e-01,-0.000000000000000000e+00,-0.000000000000000000e+00,2.027953290975405623e-02,-1.454244705566798135e-01,-0.000000000000000000e+00,-0.000000000000000000e+00,0.000000000000000000e+00,-0.000000000000000000e+00,-0.000000000000000000e+00,-0.000000000000000000e+00,-1.972768145050761146e-01,-1.024978214783111852e-01,-0.000000000000000000e+00,-0.000000000000000000e+00,-0.000000000000000000e+00,-0.000000000000000000e+00,-0.000000000000000000e+00,-6.863363712982323284e-02,-2.060452837235282331e-01,-0.000000000000000000e+00,1.923680098333355737e+00,-0.000000000000000000e+00,-3.050428715722263706e-01,-1.496427591247646849e-01,-0.000000000000000000e+00,-0.000000000000000000e+00,-0.000000000000000000e+00,-8.974279325389948603e-02,-0.000000000000000000e+00,-0.000000000000000000e+00,-0.000000000000000000e+00,-0.000000000000000000e+00,-1.744138575576863470e-01,-1.312870733166150022e-03
0.000000000000000000e+00,0.000000000000000000e+00,-1.898226223885338959e-01,-0.000000000000000000e+00,-0.000000000000000000e+00,3.156516092033719023e-02,0.000000000000000000e+00,0.000000000000000000e+00,-0.000000000000000000e+00,-0.000000000000000000e+00,0.000000000000000000e+00,-3.102688201999909690e-01,-0.000000000000000000e+00,0.000000000000000000e+00,0.000000000000000000e+00,-0.000000000000000000e+00,0.000000000000000000e+00,-0.000000000000000000e+00,0.000000000000000000e+00,5.020174117020189536e-02,-0.000000000000000000e+00,0.000000000000000000e+00,-0.000000000000000000e+00,-0.000000000000000000e+00,-0.000000000000000000e+00,-0.000000000000000000e+00,1.197519710924793479e+00,-1.383977678029565395e-01,0.000000000000000000e+00,0.000000000000000000e+00,-0.000000000000000000e+00,-0.000000000000000000e+00,-0.000000000000000000e+00,-0.000000000000000000e+00,0.000000000000000000e+00,0.000000000000000000e+00,0.000000000000000000e+00,0.000000000000000000e+00,-7.165446861959361147e-02
-0.000000000000000000e+00,-7.928936710437851920e-03,-0.000000000000000000e+00,-2.504726193891698149e-01,-0.000000000000000000e+00,-0.000000000000000000e+00,-0.000000000000000000e+00,0.000000000000000000e+00,-0.000000000000000000e+00,-8.732720047329144142e-02,-0.000000000000000000e+00,0.000000000000000000e+00,-1.224850778500273657e-01,-0.000000000000000000e+00,-0.000000000000000000e+00,-1.449078964124218549e-01,-0.000000000000000000e+00,-3.764985319013527260e-02,-0.000000000000000000e+00,-0.000000000000000000e+00,-0.000000000000000000e+00,-1.354865326575080686e-01,-0.000000000000000000e+00,-0.000000000000000000e+00,-8.657753500670818669e-02,-3.050428715722263706e-01,-1.383977678029565395e-01,1.542935495980542582e+00,-0.000000000000000000e+00,-0.000000000000000000e+00,0.000000000000000000e+00,-1.827103057007410658e-01,-0.000000000000000000e+00,-0.000000000000000000e+00,0.000000000000000000e+00,-0.000000000000000000e+00,-0.000000000000000000e+00,-0.000000000000000000e+00,-0.000000000000000000e+00
-5.079440166161077602e-02,-1.611272487029890288e-01,0.000000000000000000e+00,-0.000000000000000000e+00,-0.000000000000000000e+00,-1.462047368277316350e-01,-0.000000000000000000e+00,-0.000000000000000000e+00,-0.000000000000000000e+00,-1.294135421974236706e-02,-7.329653510109204739e-02,2.276043743181346557e-01,-0.000000000000000000e+00,-0.000000000000000000e+00,-0.000000000000000000e+00,-0.000000000000000000e+00,-3.390794037696924224e-01,-0.000000000000000000e+00,-0.000000000000000000e+00,-3.396732377668048031e-01,0.000000000000000000e+00,-1.040527347293778715e-01,-0.000000000000000000e+00,-0.000000000000000000e+00,-0.000000000000000000e+00,-1.496427591247646849e-01,0.000000000000000000e+00,-0.000000000000000000e+00,2.119955577769258692e+00,-2.251505014343665179e-01,0.000000000000000000e+00,-9.685739201317959679e-02,-2.088284410418399517e-01,0.000000000000000000e+00,-0.000000000000000000e+00,-3.925489014021186877e-03,-2.085376079650139991e-01,-9.405236257945920331e-02,-0.000000000000000000e+00
-2.785649490708880793e-01,-2.196028182265991890e-01,0.000000000000000000e+00,-7.205943809107097538e-03,-0.000000000000000000e+00,-0.000000000000000000e+00,-5.518049807045682237e-02,0.000000000000000000e+00,-7.290314712468855263e-02,-2.651180296503627964e-01,-0.000000000000000000e+00,0.000000000000000000e+00,-0.000000000000000000e+00,-4.610112061776885234e-02,-0.000000000000000000e+00,-1.452599854876913121e-01,-0.000000000000000000e+00,-7.542706423270595373e-02,-8.017360654208244286e-02,-0.000000000000000000e+00,0.000000000000000000e+00,-0.000000000000000000e+00,-0.000000000000000000e+00,-0.000000000000000000e+00,-4.557567522722315301e-02,-0.000000000000000000e+00,0.000000000000000000e+00,-0.000000000000000000e+00,-2.251505014343665179e-01,1.712161064660444376e+00,0.000000000000000000e+00,-0.000000000000000000e+00,-0.000000000000000000e+00,0.000000000000000000e+00,-0.000000000000000000e+00,-0.000000000000000000e+00,-2.374519696652867967e-02,-0.000000000000000000e+00,-0.000000000000000000e+00
0.000000000000000000e+00,0.000000000000000000e+00,-5.345710815919920700e-01,-0.000000000000000000e+00,-0.000000000000000000e+00,0.000000000000000000e+00,6.075972893909430649e-03,0.000000000000000000e+00,0.000000000000000000e+00,0.000000000000000000e+00,0.000000000000000000e+00,-0.000000000000000000e+00,3.234223732772636417e-01,0.000000000000000000e+00,2.771431320179212343e-01,0.000000000000000000e+00,0.000000000000000000e+00,4.493232913975139797e-02,-0.000000000000000000e+00,0.000000000000000000e+00,-5.592137764185107773e-01,2.501796243189586266e-01,0.000000000000000000e+00,0.000000000000000000e+00,0.000000000000000000e+00,-0.000000000000000000e+00,-0.000000000000000000e+00,0.000000000000000000e+00,0.000000000000000000e+00,0.000000000000000000e+00,1.959877588108721591e+00,9.538122859683467736e-02,0.000000000000000000e+00,-0.000000000000000000e+00,-0.000000000000000000e+00,3.162528172534289327e-03,5.914604644305816034e-02,3.840653775929701169e-02,-0.000000000000000000e+00
-3.039467336382649723e-02,-9.214373466458984641e-02,0.000000000000000000e+00,-0.000000000000000000e+00,-0.000000000000000000e+00,-0.000000000000000000e+00,-1.981298738748724086e-01,-0.000000000000000000e+00,-0.000000000000000000e+00,-4.670668739513095802e-01,-1.207682346642292570e-01,0.000000000000000000e+00,-3.289617775149835111e-01,-0.000000000000000000e+00,-1.329748084474050018e-01,-0.000000000000000000e+00,-0.000000000000000000e+00,-0.000000000000000000e+00,-0.000000000000000000e+00,-0.000000000000000000e+00,0.000000000000000000e+00,-2.691562993398225467e-01,-0.000000000000000000e+00,-0.000000000000000000e+00,-0.000000000000000000e+00,-0.000000000000000000e+00,-0.000000000000000000e+00,-1.827103057007410658e-01,-9.685739201317959679e-02,-0.000000000000000000e+00,9.538122859683467736e-02,2.390087102585332079e+00,-1.263117051860882245e-01,0.000000000000000000e+00,-0.000000000000000000e+00,-8.940771732606609843e-04,-4.656356573195957194e-01,-0.000000000000000000e+00,-0.000000000000000000e+00
-0.000000000000000000e+00,-1.507721464652468646e-01,-0.000000000000000000e+00,-0.000000000000000000e+00,-0.000000000000000000e+00,-0.000000000000000000e+00,-0.000000000000000000e+00,0.000000000000000000e+00,-0.000000000000000000e+00,-0.000000000000000000e+00,-0.000000000000000000e+00,0.000000000000000000e+00,-0.000000000000000000e+00,-8.276961180758646286e-02,-0.000000000000000000e+00,-0.000000000000000000e+00,-0.000000000000000000e+00,-0.000000000000000000e+00,-0.000000000000000000e+00,-0.000000000000000000e+00,0.000000000000000000e+00,-0.000000000000000000e+00,-8.346794528636226201e-03,-0.000000000000000000e+00,-2.952099338831232767e-01,-8.974279325389948603e-02,-0.000000000000000000e+00,-0.000000000000000000e+00,-2.088284410418399517e-01,-0.000000000000000000e+00,0.000000000000000000e+00,-1.263117051860882245e-01,1.611429148990465743e+00,-0.000000000000000000e+00,-2.171621041165188448e-01,-0.000000000000000000e+00,-2.657661879716968767e-01,-0.000000000000000000e+00,-0.000000000000000000e+00
-0.000000000000000000e+00,0.000000000000000000e+00,-1.751014044893466626e-01,-0.000000000000000000e+00,-3.605842304017712885e-01,1.355228355840162879e-01,6.718166196508577881e-02,5.728723679614571712e-02,-5.222721492477172545e-01,-0.000000000000000000e+00,0.000000000000000000e+00,-4.667749226620492853e-01,-0.000000000000000000e+00,-0.000000000000000000e+00,-0.000000000000000000e+00,-0.000000000000000000e+00,0.000000000000000000e+00,-0.000000000000000000e+00,-0.000000000000000000e+00,0.000000000000000000e+00,-0.000000000000000000e+00,0.000000000000000000e+00,-2.564091203257350404e-01,-0.000000000000000000e+00,-0.000000000000000000e+00,-0.000000000000000000e+00,-0.000000000000000000e+00,-0.000000000000000000e+00,0.000000000000000000e+00,0.000000000000000000e+00,-0.000000000000000000e+00,0.000000000000000000e+00,-0.000000000000000000e+00,1.932317111943882892e+00,0.000000000000000000e+00,0.000000000000000000e+00,0.000000000000000000e+00,-0.000000000000000000e+00,-2.072381562115042375e-01
-0.000000000000000000e+00,-0.000000000000000000e+00,0.000000000000000000e+00,0.000000000000000000e+00,0.000000000000000000e+00,-4.142997224775773479e-01,-0.000000000000000000e+00,-0.000000000000000000e+00,0.000000000000000000e+00,0.000000000000000000e+00,-0.000000000000000000e+00,1.756555552788163430e-02,0.000000000000000000e+00,0.000000000000000000e+00,0.000000000000000000e+00,0.000000000000000000e+00,-0.000000000000000000e+00,7.685314428933838482e-02,-0.000000000000000000e+00,-0.000000000000000000e+00,0.000000000000000000e+00,-0.000000000000000000e+00,0.000000000000000000e+00,0.000000000000000000e+00,0.000000000000000000e+00,-0.000000000000000000e+00,0.000000000000000000e+00,0.000000000000000000e+00,-0.000000000000000000e+00,-0.000000000000000000e+00,-0.000000000000000000e+00,-0.000000000000000000e+00,-2.171621041165188448e-01,0.000000000000000000e+00,1.217543076913922162e+00,-0.000000000000000000e+00,-0.000000000000000000e+00,0.000000000000000000e+00,0.000000000000000000e+00
-2.577075132595900778e-02,-2.359519180643226133e-01,3.009771677163522452e-02,-0.000000000000000000e+00,-0.000000000000000000e+00,-1.718973815808038375e-01,-1.431551516968062598e-01,-0.000000000000000000e+00,-0.000000000000000000e+00,-1.316969210197225029e-02,-0.000000000000000000e+00,8.035575569206178381e-02,-0.000000000000000000e+00,-0.000000000000000000e+00,-0.000000000000000000e+00,-0.000000000000000000e+00,-0.000000000000000000e+00,-0.000000000000000000e+00,-0.000000000000000000e+00,-0.000000000000000000e+00,0.000000000000000000e+00,-2.094824428175297015e-01,-0.000000000000000000e+00,-0.000000000000000000e+00,-0.000000000000000000e+00,-0.000000000000000000e+00,0.000000000000000000e+00,-0.000000000000000000e+00,-3.925489014021186877e-03,-0.000000000000000000e+00,3.162528172534289327e-03,-8.940771732606609843e-04,-0.000000000000000000e+00,0.000000000000000000e+00,-0.000000000000000000e+00,1.365801041074643285e+00,-8.568867507849683984e-02,-0.000000000000000000e+00,0.000000000000000000e+00
-1.145107563787823857e-01,-1.751455613211835849e-01,0.000000000000000000e+00,-0.000000000000000000e+00,-0.000000000000000000e+00,-1.053359533045733834e-02,-0.000000000000000000e+00,-0.000000000000000000e+00,-0.000000000000000000e+00,-1.108687582080121331e-01,-0.000000000000000000e+00,0.000000000000000000e+00,-0.000000000000000000e+00,-3.706537332865680878e-01,-1.367749443729923964e-01,-0.000000000000000000e+00,-0.000000000000000000e+00,-0.000000000000000000e+00,-0.000000000000000000e+00,-2.424921131008207498e-01,1.128829179039585705e-02,-1.522593072914908696e-01,-0.000000000000000000e+00,-0.000000000000000000e+00,-0.000000000000000000e+00,-0.000000000000000000e+00,0.000000000000000000e+00,-0.000000000000000000e+00,-2.085376079650139991e-01,-2.374519696652867967e-02,5.914604644305816034e-02,-4.656356573195957194e-01,-2.657661879716968767e-01,0.000000000000000000e+00,-0.000000000000000000e+00,-8.568867507849683984e-02,2.336912792378442738e+00,-7.101972001009770885e-02,-0.000000000000000000e+00
-2.338536830767511121e-02,-0.000000000000000000e+00,0.000000000000000000e+00,0.000000000000000000e+00,-0.000000000000000000e+00,-0.000000000000000000e+00,-0.000000000000000000e+00,0.000000000000000000e+00,-0.000000000000000000e+00,-0.000000000000000000e+00,-0.000000000000000000e+00,0.000000000000000000e+00,-1.778176715311084689e-03,-8.275039830215213292e-04,-3.071991200805542221e-01,-0.000000000000000000e+00,-1.364952335364361391e-01,-1.086851957682032424e-02,0.000000000000000000e+00,-0.000000000000000000e+00,0.000000000000000000e+00,-7.664830563113471384e-02,-3.879645756500496590e-02,-9.722756479018467013e-02,-0.000000000000000000e+00,-1.744138575576863470e-01,0.000000000000000000e+00,-0.000000000000000000e+00,-9.405236257945920331e-02,-0.000000000000000000e+00,3.840653775929701169e-02,-0.000000000000000000e+00,-0.000000000000000000e+00,-0.000000000000000000e+00,0.000000000000000000e+00,-0.000000000000000000e+00,-7.101972001009770885e-02,1.496782141724859683e+00,-3.125485701226051738e-01
-0.000000000000000000e+00,-0.000000000000000000e+00,-0.000000000000000000e+00,-0.000000000000000000e+00,-5.166742810596602203e-02,0.000000000000000000e+00,0.000000000000000000e+00,0.000000000000000000e+00,-1.816022155310871578e-01,-0.000000000000000000e+00,0.000000000000000000e+00,-2.915175632058070176e-01,-0.000000000000000000e+00,-0.000000000000000000e+00,-0.000000000000000000e+00,-0.000000000000000000e+00,0.000000000000000000e+00,-1.362385681558121175e-01,-0.000000000000000000e+00,-0.000000000000000000e+00,-0.000000000000000000e+00,-0.000000000000000000e+00,-7.356657752952558416e-02,-0.000000000000000000e+00,-7.275118518128666223e-02,-1.312870733166150022e-03,-7.165446861959361147e-02,-0.000000000000000000e+00,-0.000000000000000000e+00,-0.000000000000000000e+00,-0.000000000000000000e+00,-0.000000000000000000e+00,-0.000000000000000000e+00,-2.072381562115042375e-01,0.000000000000000000e+00,0.000000000000000000e+00,-0.000000000000000000e+00,-3.125485701226051738e-01,1.455285027584541924e+00
