1.831536739501470334e+00,-1.542355346600499943e-01,-0.000000000000000000e+00,0.000000000000000000e+00,-1.543558744704826291e-01,0.000000000000000000e+00,0.000000000000000000e+00,0.000000000000000000e+00,-1.581078478690666478e-01,-0.000000000000000000e+00,-0.000000000000000000e+00,-0.000000000000000000e+00,0.000000000000000000e+00,-7.768377734364196978e-03,-1.386510724734277278e-01,-0.000000000000000000e+00,-4.777557861737415784e-02,-3.389947808497070780e-01,-2.728288139134392746e-04,-0.000000000000000000e+00,-0.000000000000000000e+00,-4.269484156593483098e-02,-0.000000000000000000e+00,-7.648829283266493639e-02,-1.104973680772844552e-01,-1.546902936548031904e-01,-0.000000000000000000e+00,-0.000000000000000000e+00,-0.000000000000000000e+00,-0.000000000000000000e+00,-0.000000000000000000e+00,-0.000000000000000000e+00,-0.000000000000000000e+00,-0.000000000000000000e+00,0.000000000000000000e+00,-0.000000000000000000e+00,-0.000000000000000000e+00,-3.640635954292719689e-01,-5.290995943064456808e-02
-1.542355346600499943e-01,2.119024841797058745e+00,-0.000000000000000000e+00,-0.000000000000000000e+00,-0.000000000000000000e+00,0.000000000000000000e+00,-0.000000000000000000e+00,0.000000000000000000e+00,-2.516122634909761513e-01,-3.840087995590014680e-01,0.000000000000000000e+00,-0.000000000000000000e+00,0.000000000000000000e+00,-0.000000000000000000e+00,-0.000000000000000000e+00,-1.914397312620100822e-01,-0.000000000000000000e+00,-0.000000000000000000e+00,-0.000000000000000000e+00,-1.392264501983796199e-01,-0.000000000000000000e+00,-1.894714120096295529e-01,-0.000000000000000000e+00,-0.000000000000000000e+00,-5.911114216934041515e-02,-0.000000000000000000e+00,-1.570443511386818702e-01,-1.495379178512983853e-01,-0.000000000000000000e+00,-2.733452721311849798e-01,-4.169745918081970565e-02,-0.000000000000000000e+00,-0.000000000000000000e+00,-1.177326017015300763e-01,0.000000000000000000e+00,-0.000000000000000000e+00,-0.000000000000000000e+00,-0.000000000000000000e+00,-0.000000000000000000e+00
-0.000000000000000000e+00,-0.000000000000000000e+00,2.353540504972927661e+00,0.000000000000000000e+00,-1.939956003435358289e-01,0.000000000000000000e+00,0.000000000000000000e+00,5.940817931277273534e-01,-0.000000000000000000e+00,-0.000000000000000000e+00,0.000000000000000000e+00,-2.971760230823000670e-02,0.000000000000000000e+00,-1.351668436479796787e-01,-0.000000000000000000e+00,-0.000000000000000000e+00,-0.000000000000000000e+00,-3.995563349353180582e-01,-4.514333783642196507e-02,0.000000000000000000e+00,-4.310075153586076513e-01,-0.000000000000000000e+00,-1.612806558526897471e-01,-0.000000000000000000e+00,-0.000000000000000000e+00,-9.579320908947576430e-02,-1.598882408847554504e-01,-1.526292098069049752e-01,-0.000000000000000000e+00,-0.000000000000000000e+00,-0.000000000000000000e+00,-0.000000000000000000e+00,-0.000000000000000000e+00,-0.000000000000000000e+00,-0.000000000000000000e+00,-1.981667062442075133e-01,-0.000000000000000000e+00,-0.000000000000000000e+00,-0.000000000000000000e+00
0.000000000000000000e+00,-0.000000000000000000e+00,0.000000000000000000e+00,1.146593946124843999e+00,-0.000000000000000000e+00,2.815687313531069214e-02,-2.381899648615421472e-01,0.000000000000000000e+00,0.000000000000000000e+00,-0.000000000000000000e+00,1.655876880034891710e-02,0.000000000000000000e+00,-0.000000000000000000e+00,0.000000000000000000e+00,1.725137877172734369e-01,-0.000000000000000000e+00,0.000000000000000000e+00,0.000000000000000000e+00,-0.000000000000000000e+00,-0.000000000000000000e+00,0.000000000000000000e+00,0.000000000000000000e+00,0.000000000000000000e+00,0.000000000000000000e+00,0.000000000000000000e+00,0.000000000000000000e+00,0.000000000000000000e+00,0.000000000000000000e+00,0.000000000000000000e+00,-0.000000000000000000e+00,0.000000000000000000e+00,0.000000000000000000e+00,6.631666034568342583e-03,0.000000000000000000e+00,0.000000000000000000e+00,0.000000000000000000e+00,0.000000000000000000e+00,9.855903412759084437e-02,0.000000000000000000e+00
-1.543558744704826291e-01,-0.000000000000000000e+00,-1.939956003435358289e-01,-0.000000000000000000e+00,1.770467933617562606e+00,0.000000000000000000e+00,0.000000000000000000e+00,2.319570673291311003e-01,-8.254299552251083416e-02,-8.231064088346444485e-02,0.000000000000000000e+00,-0.000000000000000000e+00,-0.000000000000000000e+00,-4.970017725951935555e-02,-0.000000000000000000e+00,-2.299576066431543997e-02,-0.000000000000000000e+00,-1.946589522696237085e-01,-3.128950762785156492e-01,-0.000000000000000000e+00,-0.000000000000000000e+00,-0.000000000000000000e+00,-0.000000000000000000e+00,-0.000000000000000000e+00,-0.000000000000000000e+00,-0.000000000000000000e+00,-0.000000000000000000e+00,-0.000000000000000000e+00,-0.000000000000000000e+00,-0.000000000000000000e+00,-0.000000000000000000e+00,-0.000000000000000000e+00,-0.000000000000000000e+00,-3.456855803388217407e-01,0.000000000000000000e+00,-0.000000000000000000e+00,-0.000000000000000000e+00,-0.000000000000000000e+00,-0.000000000000000000e+00
0.000000000000000000e+00,0.000000000000000000e+00,0.000000000000000000e+00,2.815687313531069214e-02,0.000000000000000000e+00,1.157957139545431113e+00,-0.000000000000000000e+00,-1.715970751201935096e-01,0.000000000000000000e+00,0.000000000000000000e+00,-2.389808097511693097e-01,0.000000000000000000e+00,0.000000000000000000e+00,0.000000000000000000e+00,0.000000000000000000e+00,2.243264560992010506e-02,-0.000000000000000000e+00,0.000000000000000000e+00,0.000000000000000000e+00,0.000000000000000000e+00,-0.000000000000000000e+00,0.000000000000000000e+00,-0.000000000000000000e+00,-0.000000000000000000e+00,0.000000000000000000e+00,0.000000000000000000e+00,0.000000000000000000e+00,0.000000000000000000e+00,-1.167410273504702195e-01,0.000000000000000000e+00,0.000000000000000000e+00,-0.000000000000000000e+00,-0.000000000000000000e+00,1.126209635469215264e-01,-1.731513352405766315e-01,0.000000000000000000e+00,-0.000000000000000000e+00,-0.000000000000000000e+00,0.000000000000000000e+00
0.000000000000000000e+00,-0.000000000000000000e+00,0.000000000000000000e+00,-2.381899648615421472e-01,0.000000000000000000e+00,-0.000000000000000000e+00,1.340579249270042794e+00,0.000000000000000000e+00,0.000000000000000000e+00,0.000000000000000000e+00,-0.000000000000000000e+00,2.259849806508988646e-01,0.000000000000000000e+00,0.000000000000000000e+00,1.546713230089632463e-01,0.000000000000000000e+00,-0.000000000000000000e+00,0.000000000000000000e+00,-0.000000000000000000e+00,0.000000000000000000e+00,0.000000000000000000e+00,0.000000000000000000e+00,0.000000000000000000e+00,0.000000000000000000e+00,0.000000000000000000e+00,0.000000000000000000e+00,0.000000000000000000e+00,-0.000000000000000000e+00,-0.000000000000000000e+00,0.000000000000000000e+00,0.000000000000000000e+00,0.000000000000000000e+00,0.000000000000000000e+00,0.000000000000000000e+00,-0.000000000000000000e+00,1.497351064571593796e-02,0.000000000000000000e+00,1.055246607614087340e-01,2.059044940001578117e-01
0.000000000000000000e+00,0.000000000000000000e+00,5.940817931277273534e-01,0.000000000000000000e+00,2.319570673291311003e-01,-1.715970751201935096e-01,0.000000000000000000e+00,1.698134623567528090e+00,0.000000000000000000e+00,0.000000000000000000e+00,-0.000000000000000000e+00,0.000000000000000000e+00,0.000000000000000000e+00,0.000000000000000000e+00,0.000000000000000000e+00,0.000000000000000000e+00,0.000000000000000000e+00,0.000000000000000000e+00,1.522910200314887830e-01,-0.000000000000000000e+00,0.000000000000000000e+00,0.000000000000000000e+00,0.000000000000000000e+00,0.000000000000000000e+00,0.000000000000000000e+00,0.000000000000000000e+00,0.000000000000000000e+00,2.719515483644885934e-01,-0.000000000000000000e+00,0.000000000000000000e+00,0.000000000000000000e+00,0.000000000000000000e+00,0.000000000000000000e+00,1.371587438968288608e-01,-0.000000000000000000e+00,0.000000000000000000e+00,-0.000000000000000000e+00,0.000000000000000000e+00,0.000000000000000000e+00
-1.581078478690666478e-01,-2.516122634909761513e-01,-0.000000000000000000e+00,0.000000000000000000e+00,-8.254299552251083416e-02,0.000000000000000000e+00,0.000000000000000000e+00,0.000000000000000000e+00,2.382625849028895626e+00,-2.960412935373650245e-01,0.000000000000000000e+00,-2.215009813468743205e-01,0.000000000000000000e+00,-1.643363713981386975e-01,-7.650318425551927426e-02,-1.952177211044167082e-01,-0.000000000000000000e+00,-0.000000000000000000e+00,-0.000000000000000000e+00,-0.000000000000000000e+00,-0.000000000000000000e+00,-2.144865263271876835e-02,-0.000000000000000000e+00,-2.357032777063982482e-02,-1.201036728038862439e-01,-2.542450565732006784e-01,-0.000000000000000000e+00,-0.000000000000000000e+00,-0.000000000000000000e+00,-1.655381566936218185e-01,-0.000000000000000000e+00,-0.000000000000000000e+00,-0.000000000000000000e+00,-4.457928006441698732e-01,0.000000000000000000e+00,-0.000000000000000000e+00,-0.000000000000000000e+00,-0.000000000000000000e+00,-0.000000000000000000e+00
-0.000000000000000000e+00,-3.840087995590014680e-01,-0.000000000000000000e+00,-0.000000000000000000e+00,-8.231064088346444485e-02,0.000000000000000000e+00,0.000000000000000000e+00,0.000000000000000000e+00,-2.960412935373650245e-01,2.547932508361838266e+00,0.000000000000000000e+00,-0.000000000000000000e+00,0.000000000000000000e+00,-3.820063822998973763e-02,-0.000000000000000000e+00,-5.750318684250294021e-01,0.000000000000000000e+00,-0.000000000000000000e+00,-0.000000000000000000e+00,-8.621706229987396997e-02,-0.000000000000000000e+00,-2.835092733082714145e-01,-0.000000000000000000e+00,-0.000000000000000000e+00,-1.925884241957323550e-01,-0.000000000000000000e+00,-4.522207746889530394e-02,-0.000000000000000000e+00,-0.000000000000000000e+00,-3.685845601779849656e-01,-0.000000000000000000e+00,-0.000000000000000000e+00,-0.000000000000000000e+00,-2.521364958581392979e-01,0.000000000000000000e+00,-0.000000000000000000e+00,-0.000000000000000000e+00,-0.000000000000000000e+00,-0.000000000000000000e+00
-0.000000000000000000e+00,0.000000000000000000e+00,0.000000000000000000e+00,1.655876880034891710e-02,0.000000000000000000e+00,-2.389808097511693097e-01,-0.000000000000000000e+00,-0.000000000000000000e+00,0.000000000000000000e+00,0.000000000000000000e+00,1.298976135208632421e+00,0.000000000000000000e+00,0.000000000000000000e+00,0.000000000000000000e+00,-0.000000000000000000e+00,3.486900012448053421e-02,-3.749620208329511040e-01,0.000000000000000000e+00,0.000000000000000000e+00,0.000000000000000000e+00,0.000000000000000000e+00,0.000000000000000000e+00,-0.000000000000000000e+00,-3.255335138919351889e-02,0.000000000000000000e+00,-0.000000000000000000e+00,0.000000000000000000e+00,-0.000000000000000000e+00,-1.788381029629579622e-01,0.000000000000000000e+00,-0.000000000000000000e+00,-4.808353481646873706e-02,-6.153292551548820294e-02,0.000000000000000000e+00,-0.000000000000000000e+00,0.000000000000000000e+00,-0.000000000000000000e+00,-0.000000000000000000e+00,0.000000000000000000e+00
-0.000000000000000000e+00,-0.000000000000000000e+00,-2.971760230823000670e-02,0.000000000000000000e+00,-0.000000000000000000e+00,0.000000000000000000e+00,2.259849806508988646e-01,0.000000000000000000e+00,-2.215009813468743205e-01,-0.000000000000000000e+00,0.000000000000000000e+00,2.498602864465459206e+00,0.000000000000000000e+00,-1.478540272829775015e-01,-3.661037175946706412e-01,-2.190307011129959680e-01,0.000000000000000000e+00,-1.831871256690968952e-01,-0.000000000000000000e+00,-4.166949886896466337e-02,-1.674846794575969577e-02,-3.487870705891965573e-01,-0.000000000000000000e+00,-0.000000000000000000e+00,-1.819404582265394255e-01,-1.139451331230808273e-01,-1.496391615952743781e-01,-0.000000000000000000e+00,-0.000000000000000000e+00,-0.000000000000000000e+00,-0.000000000000000000e+00,-0.000000000000000000e+00,-0.000000000000000000e+00,-7.640781658197920781e-03,0.000000000000000000e+00,-1.647610436445603177e-01,-0.000000000000000000e+00,-2.438859770439353453e-02,-3.334434838209864860e-01
0.000000000000000000e+00,0.000000000000000000e+00,0.000000000000000000e+00,-0.000000000000000000e+00,-0.000000000000000000e+00,0.000000000000000000e+00,0.000000000000000000e+00,0.000000000000000000e+00,0.000000000000000000e+00,0.000000000000000000e+00,0.000000000000000000e+00,0.000000000000000000e+00,1.289171350101113056e+00,0.000000000000000000e+00,-0.000000000000000000e+00,-0.000000000000000000e+00,3.995834495448959134e-02,0.000000000000000000e+00,0.000000000000000000e+00,-0.000000000000000000e+00,1.634059288776278651e-01,0.000000000000000000e+00,0.000000000000000000e+00,0.000000000000000000e+00,0.000000000000000000e+00,8.458466536068492969e-02,2.996209536706342241e-02,0.000000000000000000e+00,0.000000000000000000e+00,-0.000000000000000000e+00,2.968079395206693061e-01,1.405534979988898869e-01,0.000000000000000000e+00,-0.000000000000000000e+00,5.878756317452846214e-02,0.000000000000000000e+00,3.287317613101844310e-02,-0.000000000000000000e+00,0.000000000000000000e+00
-7.768377734364196978e-03,-0.000000000000000000e+00,-1.351668436479796787e-01,0.000000000000000000e+00,-4.970017725951935555e-02,0.000000000000000000e+00,0.000000000000000000e+00,0.000000000000000000e+00,-1.643363713981386975e-01,-3.820063822998973763e-02,0.000000000000000000e+00,-1.478540272829775015e-01,0.000000000000000000e+00,2.151398423729247611e+00,-1.488982023842030655e-01,-8.510076095205967861e-02,-0.000000000000000000e+00,-2.455551819821260306e-01,-3.807671296524994115e-02,-0.000000000000000000e+00,-2.268172533852271314e-02,-2.488128407836197038e-04,-2.746267375614599437e-01,-2.217068440632221360e-01,-2.308038503730315827e-01,-0.000000000000000000e+00,-1.422642171931312247e-02,-1.306050991429637542e-01,-0.000000000000000000e+00,-0.000000000000000000e+00,-7.978598475624082420e-02,-0.000000000000000000e+00,-1.230634656088558099e-01,-0.000000000000000000e+00,-0.000000000000000000e+00,-1.331039234555619344e-01,-1.251131470457977624e-01,-0.000000000000000000e+00,-1.427640345841192128e-02
-1.386510724734277278e-01,-0.000000000000000000e+00,-0.000000000000000000e+00,1.725137877172734369e-01,-0.000000000000000000e+00,0.000000000000000000e+00,1.546713230089632463e-01,0.000000000000000000e+00,-7.650318425551927426e-02,-0.000000000000000000e+00,-0.000000000000000000e+00,-3.661037175946706412e-01,-0.000000000000000000e+00,-1.488982023842030655e-01,2.188147337969917228e+00,-0.000000000000000000e+00,-0.000000000000000000e+00,-8.074015445100631017e-02,-0.000000000000000000e+00,-8.490715096725116873e-02,-0.000000000000000000e+00,-1.578813170186907922e-01,-0.000000000000000000e+00,-0.000000000000000000e+00,-1.564602323660481964e-01,-0.000000000000000000e+00,-0.000000000000000000e+00,-0.000000000000000000e+00,-0.000000000000000000e+00,-0.000000000000000000e+00,-0.000000000000000000e+00,-0.000000000000000000e+00,-7.251806260680901395e-02,-1.228147120039805723e-01,0.000000000000000000e+00,-3.002569281265141804e-02,-0.000000000000000000e+00,-5.968570356457919557e-01,-2.122389754912609380e-02
-0.000000000000000000e+00,-1.914397312620100822e-01,-0.000000000000000000e+00,-0.000000000000000000e+00,-2.299576066431543997e-02,2.243264560992010506e-02,0.000000000000000000e+00,0.000000000000000000e+00,-1.952177211044167082e-01,-5.750318684250294021e-01,3.486900012448053421e-02,-2.190307011129959680e-01,-0.000000000000000000e+00,-8.510076095205967861e-02,-0.000000000000000000e+00,2.453396321010818948e+00,0.000000000000000000e+00,-0.000000000000000000e+00,-0.000000000000000000e+00,-3.072816910012627356e-01,-0.000000000000000000e+00,-1.024053855894448695e-01,-0.000000000000000000e+00,-0.000000000000000000e+00,-1.621119706761282586e-01,-0.000000000000000000e+00,-0.000000000000000000e+00,-0.000000000000000000e+00,0.000000000000000000e+00,-3.920356217998695603e-01,-0.000000000000000000e+00,0.000000000000000000e+00,-0.000000000000000000e+00,-2.734482449407021343e-01,2.779316887592993973e-02,-0.000000000000000000e+00,-0.000000000000000000e+00,-0.000000000000000000e+00,-0.000000000000000000e+00
-4.777557861737415784e-02,-0.000000000000000000e+00,-0.000000000000000000e+00,0.000000000000000000e+00,-0.000000000000000000e+00,-0.000000000000000000e+00,-0.000000000000000000e+00,0.000000000000000000e+00,-0.000000000000000000e+00,0.000000000000000000e+00,-3.749620208329511040e-01,0.000000000000000000e+00,3.995834495448959134e-02,-0.000000000000000000e+00,-0.000000000000000000e+00,0.000000000000000000e+00,1.458981394885432215e+00,-0.000000000000000000e+00,-0.000000000000000000e+00,0.000000000000000000e+00,-0.000000000000000000e+00,-0.000000000000000000e+00,-0.000000000000000000e+00,-7.531196150117888677e-02,-0.000000000000000000e+00,-2.812251636791188517e-02,-0.000000000000000000e+00,-0.000000000000000000e+00,-3.983537421337054463e-01,0.000000000000000000e+00,-0.000000000000000000e+00,-2.134462591669113729e-01,-0.000000000000000000e+00,0.000000000000000000e+00,-0.000000000000000000e+00,0.000000000000000000e+00,-2.352868608519979865e-02,-0.000000000000000000e+00,-0.000000000000000000e+00
-3.389947808497070780e-01,-0.000000000000000000e+00,-3.995563349353180582e-01,0.000000000000000000e+00,-1.946589522696237085e-01,0.000000000000000000e+00,0.000000000000000000e+00,0.000000000000000000e+00,-0.000000000000000000e+00,-0.000000000000000000e+00,0.000000000000000000e+00,-1.831871256690968952e-01,0.000000000000000000e+00,-2.455551819821260306e-01,-8.074015445100631017e-02,-0.000000000000000000e+00,-0.000000000000000000e+00,1.995063631675174420e+00,-1.256911278602606818e-01,-0.000000000000000000e+00,-8.356264749677894121e-02,-1.199762865031610143e-01,-0.000000000000000000e+00,-0.000000000000000000e+00,-0.000000000000000000e+00,-1.075002755123278669e-01,-0.000000000000000000e+00,-0.000000000000000000e+00,-0.000000000000000000e+00,-0.000000000000000000e+00,-0.000000000000000000e+00,-0.000000000000000000e+00,-0.000000000000000000e+00,-0.000000000000000000e+00,-0.000000000000000000e+00,-0.000000000000000000e+00,-0.000000000000000000e+00,-0.000000000000000000e+00,-1.037295233747018430e-01
-2.728288139134392746e-04,-0.000000000000000000e+00,-4.514333783642196507e-02,-0.000000000000000000e+00,-3.128950762785156492e-01,0.000000000000000000e+00,-0.000000000000000000e+00,1.522910200314887830e-01,-0.000000000000000000e+00,-0.000000000000000000e+00,0.000000000000000000e+00,-0.000000000000000000e+00,0.000000000000000000e+00,-3.807671296524994115e-02,-0.000000000000000000e+00,-0.000000000000000000e+00,-0.000000000000000000e+00,-1.256911278602606818e-01,1.256241503705144202e+00,-0.000000000000000000e+00,-0.000000000000000000e+00,-0.000000000000000000e+00,-0.000000000000000000e+00,-9.476276822936136046e-02,-0.000000000000000000e+00,-0.000000000000000000e+00,-0.000000000000000000e+00,-0.000000000000000000e+00,-0.000000000000000000e+00,-0.000000000000000000e+00,-0.000000000000000000e+00,-0.000000000000000000e+00,-0.000000000000000000e+00,-0.000000000000000000e+00,0.000000000000000000e+00,-0.000000000000000000e+00,-0.000000000000000000e+00,-0.000000000000000000e+00,-0.000000000000000000e+00
-0.000000000000000000e+00,-1.392264501983796199e-01,0.000000000000000000e+00,-0.000000000000000000e+00,-0.000000000000000000e+00,0.000000000000000000e+00,0.000000000000000000e+00,-0.000000000000000000e+00,-0.000000000000000000e+00,-8.621706229987396997e-02,0.000000000000000000e+00,-4.166949886896466337e-02,-0.000000000000000000e+00,-0.000000000000000000e+00,-8.490715096725116873e-02,-3.072816910012627356e-01,0.000000000000000000e+00,-0.000000000000000000e+00,-0.000000000000000000e+00,1.342716232847795510e+00,-0.000000000000000000e+00,-9.141975740970660624e-02,-0.000000000000000000e+00,-0.000000000000000000e+00,-5.553261179701084183e-02,-0.000000000000000000e+00,-0.000000000000000000e+00,-0.000000000000000000e+00,-0.000000000000000000e+00,-4.569060318073672744e-02,-0.000000000000000000e+00,0.000000000000000000e+00,-0.000000000000000000e+00,-0.000000000000000000e+00,0.000000000000000000e+00,-0.000000000000000000e+00,-0.000000000000000000e+00,-0.000000000000000000e+00,-0.000000000000000000e+00
-0.000000000000000000e+00,-0.000000000000000000e+00,-4.310075153586076513e-01,0.000000000000000000e+00,-0.000000000000000000e+00,-0.000000000000000000e+00,0.000000000000000000e+00,0.000000000000000000e+00,-0.000000000000000000e+00,-0.000000000000000000e+00,0.000000000000000000e+00,-1.674846794575969577e-02,1.634059288776278651e-01,-2.268172533852271314e-02,-0.000000000000000000e+00,-0.000000000000000000e+00,-0.000000000000000000e+00,-8.356264749677894121e-02,-0.000000000000000000e+00,-0.000000000000000000e+00,1.821771593398403555e+00,-1.661291097740801581e-01,-1.133873748664828915e-02,-0.000000000000000000e+00,-0.000000000000000000e+00,-1.489794596364296120e-01,-2.604625017094688855e-01,-0.000000000000000000e+00,-0.000000000000000000e+00,-0.000000000000000000e+00,-9.221147779805492772e-02,-1.103471961836402226e-01,-0.000000000000000000e+00,-0.000000000000000000e+00,-0.000000000000000000e+00,-5.502014107050882952e-02,-1.941595394908349481e-01,-0.000000000000000000e+00,-0.000000000000000000e+00
-4.269484156593483098e-02,-1.894714120096295529e-01,-0.000000000000000000e+00,0.000000000000000000e+00,-0.000000000000000000e+00,0.000000000000000000e+00,0.000000000000000000e+00,0.000000000000000000e+00,-2.144865263271876835e-02,-2.835092733082714145e-01,0.000000000000000000e+00,-3.487870705891965573e-01,0.000000000000000000e+00,-2.488128407836197038e-04,-1.578813170186907922e-01,-1.024053855894448695e-01,-0.000000000000000000e+00,-1.199762865031610143e-01,-0.000000000000000000e+00,-9.141975740970660624e-02,-1.661291097740801581e-01,2.012453035350250552e+00,-0.000000000000000000e+00,-0.000000000000000000e+00,-0.000000000000000000e+00,-3.065144919820590470e-03,-1.468702832671562319e-01,-0.000000000000000000e+00,-0.000000000000000000e+00,-6.399681428661603555e-02,-0.000000000000000000e+00,-0.000000000000000000e+00,-0.000000000000000000e+00,-1.008447902309125982e-01,0.000000000000000000e+00,-1.572166493021888989e-01,-0.000000000000000000e+00,-0.000000000000000000e+00,-0.000000000000000000e+00
-0.000000000000000000e+00,-0.000000000000000000e+00,-1.612806558526897471e-01,0.000000000000000000e+00,-0.000000000000000000e+00,-0.000000000000000000e+00,0.000000000000000000e+00,0.000000000000000000e+00,-0.000000000000000000e+00,-0.000000000000000000e+00,-0.000000000000000000e+00,-0.000000000000000000e+00,0.000000000000000000e+00,-2.746267375614599437e-01,-0.000000000000000000e+00,-0.000000000000000000e+00,-0.000000000000000000e+00,-0.000000000000000000e+00,-0.000000000000000000e+00,-0.000000000000000000e+00,-1.133873748664828915e-02,-0.000000000000000000e+00,1.796593015651393177e+00,-0.000000000000000000e+00,-3.119589526312298022e-01,-0.000000000000000000e+00,-2.132466836213676720e-01,-0.000000000000000000e+00,-0.000000000000000000e+00,-0.000000000000000000e+00,-0.000000000000000000e+00,-1.409695708689235327e-01,-0.000000000000000000e+00,-0.000000000000000000e+00,-0.000000000000000000e+00,-2.435451726345504164e-01,-4.155181268371114373e-02,-0.000000000000000000e+00,-2.588330063412944138e-01
-7.648829283266493639e-02,-0.000000000000000000e+00,-0.000000000000000000e+00,0.000000000000000000e+00,-0.000000000000000000e+00,-0.000000000000000000e+00,0.000000000000000000e+00,0.000000000000000000e+00,-2.357032777063982482e-02,-0.000000000000000000e+00,-3.255335138919351889e-02,-0.000000000000000000e+00,0.000000000000000000e+00,-2.217068440632221360e-01,-0.000000000000000000e+00,-0.000000000000000000e+00,-7.531196150117888677e-02,-0.000000000000000000e+00,-9.476276822936136046e-02,-0.000000000000000000e+00,-0.000000000000000000e+00,-0.000000000000000000e+00,-0.000000000000000000e+00,1.151489781108807842e+00,-4.742672363807306406e-04,-0.000000000000000000e+00,-0.000000000000000000e+00,-5.751744335604865033e-02,-0.000000000000000000e+00,-0.000000000000000000e+00,-0.000000000000000000e+00,-0.000000000000000000e+00,-5.691582196329048049e-02,-4.959075223094599506e-03,-0.000000000000000000e+00,-0.000000000000000000e+00,-0.000000000000000000e+00,-0.000000000000000000e+00,-0.000000000000000000e+00
-1.104973680772844552e-01,-5.911114216934041515e-02,-0.000000000000000000e+00,0.000000000000000000e+00,-0.000000000000000000e+00,0.000000000000000000e+00,0.000000000000000000e+00,0.000000000000000000e+00,-1.201036728038862439e-01,-1.925884241957323550e-01,0.000000000000000000e+00,-1.819404582265394255e-01,0.000000000000000000e+00,-2.308038503730315827e-01,-1.564602323660481964e-01,-1.621119706761282586e-01,-0.000000000000000000e+00,-0.000000000000000000e+00,-0.000000000000000000e+00,-5.553261179701084183e-02,-0.000000000000000000e+00,-0.000000000000000000e+00,-3.119589526312298022e-01,-4.742672363807306406e-04,2.114637144733144680e+00,-0.000000000000000000e+00,-0.000000000000000000e+00,-6.808446427213039887e-02,-0.000000000000000000e+00,-0.000000000000000000e+00,-2.374715307373494178e-02,-0.000000000000000000e+00,-0.000000000000000000e+00,-7.862833746862082918e-02,0.000000000000000000e+00,-0.000000000000000000e+00,-0.000000000000000000e+00,-2.550645787676878232e-02,-3.501561145113207263e-01
-1.546902936548031904e-01,-0.000000000000000000e+00,-9.579320908947576430e-02,0.000000000000000000e+00,-0.000000000000000000e+00,0.000000000000000000e+00,0.000000000000000000e+00,0.000000000000000000e+00,-2.542450565732006784e-01,-0.000000000000000000e+00,-0.000000000000000000e+00,-1.139451331230808273e-01,8.458466536068492969e-02,-0.000000000000000000e+00,-0.000000000000000000e+00,-0.000000000000000000e+00,-2.812251636791188517e-02,-1.075002755123278669e-01,-0.000000000000000000e+00,-0.000000000000000000e+00,-1.489794596364296120e-01,-3.065144919820590470e-03,-0.000000000000000000e+00,-0.000000000000000000e+00,-0.000000000000000000e+00,1.718581970902575140e+00,-1.865694888879765034e-01,-0.000000000000000000e+00,-3.268262899112035075e-02,-0.000000000000000000e+00,-3.031896728098442684e-01,-0.000000000000000000e+00,-8.776446353784804477e-02,-0.000000000000000000e+00,-0.000000000000000000e+00,-0.000000000000000000e+00,-2.155676577731963431e-03,-0.000000000000000000e+00,-0.000000000000000000e+00
-0.000000000000000000e+00,-1.570443511386818702e-01,-1.598882408847554504e-01,0.000000000000000000e+00,-0.000000000000000000e+00,0.000000000000000000e+00,0.000000000000000000e+00,0.000000000000000000e+00,-0.000000000000000000e+00,-4.522207746889530394e-02,0.000000000000000000e+00,-1.496391615952743781e-01,2.996209536706342241e-02,-1.422642171931312247e-02,-0.000000000000000000e+00,-0.000000000000000000e+00,-0.000000000000000000e+00,-0.000000000000000000e+00,-0.000000000000000000e+00,-0.000000000000000000e+00,-2.604625017094688855e-01,-1.468702832671562319e-01,-2.132466836213676720e-01,-0.000000000000000000e+00,-0.000000000000000000e+00,-1.865694888879765034e-01,2.248346053527527477e+00,-0.000000000000000000e+00,-0.000000000000000000e+00,-0.000000000000000000e+00,-3.678016295037216943e-01,-2.097784413861310260e-01,-0.000000000000000000e+00,-0.000000000000000000e+00,-0.000000000000000000e+00,-0.000000000000000000e+00,-1.226899876824723568e-01,-0.000000000000000000e+00,-3.661191363619145100e-01
-0.000000000000000000e+00,-1.495379178512983853e-01,-1.526292098069049752e-01,0.000000000000000000e+00,-0.000000000000000000e+00,0.000000000000000000e+00,-0.000000000000000000e+00,2.719515483644885934e-01,-0.000000000000000000e+00,-0.000000000000000000e+00,-0.000000000000000000e+00,-0.000000000000000000e+00,0.000000000000000000e+00,-1.306050991429637542e-01,-0.000000000000000000e+00,-0.000000000000000000e+00,-0.000000000000000000e+00,-0.000000000000000000e+00,-0.000000000000000000e+00,-0.000000000000000000e+00,-0.000000000000000000e+00,-0.000000000000000000e+00,-0.000000000000000000e+00,-5.751744335604865033e-02,-6.808446427213039887e-02,-0.000000000000000000e+00,-0.000000000000000000e+00,1.676169774832156678e+00,-0.000000000000000000e+00,-0.000000000000000000e+00,-3.501837059990723366e-01,-0.000000000000000000e+00,-0.000000000000000000e+00,-3.138159870258883100e-01,0.000000000000000000e+00,-0.000000000000000000e+00,-0.000000000000000000e+00,-0.000000000000000000e+00,-0.000000000000000000e+00
-0.000000000000000000e+00,-0.000000000000000000e+00,-0.000000000000000000e+00,0.000000000000000000e+00,-0.000000000000000000e+00,-1.167410273504702195e-01,-0.000000000000000000e+00,-0.000000000000000000e+00,-0.000000000000000000e+00,-0.000000000000000000e+00,-1.788381029629579622e-01,-0.000000000000000000e+00,0.000000000000000000e+00,-0.000000000000000000e+00,-0.000000000000000000e+00,0.000000000000000000e+00,-3.983537421337054463e-01,-0.000000000000000000e+00,-0.000000000000000000e+00,-0.000000000000000000e+00,-0.000000000000000000e+00,-0.000000000000000000e+00,-0.000000000000000000e+00,-0.000000000000000000e+00,-0.000000000000000000e+00,-3.268262899112035075e-02,-0.000000000000000000e+00,-0.000000000000000000e+00,1.775465687463059661e+00,0.000000000000000000e+00,-0.000000000000000000e+00,-1.999246901519641517e-01,-3.703725470078653159e-01,0.000000000000000000e+00,-9.328157669435804822e-02,0.000000000000000000e+00,-4.209583944850704418e-01,-0.000000000000000000e+00,-0.000000000000000000e+00
-0.000000000000000000e+00,-2.733452721311849798e-01,-0.000000000000000000e+00,-0.000000000000000000e+00,-0.000000000000000000e+00,0.000000000000000000e+00,0.000000000000000000e+00,0.000000000000000000e+00,-1.655381566936218185e-01,-3.685845601779849656e-01,0.000000000000000000e+00,-0.000000000000000000e+00,-0.000000000000000000e+00,-0.000000000000000000e+00,-0.000000000000000000e+00,-3.920356217998695603e-01,0.000000000000000000e+00,-0.000000000000000000e+00,-0.000000000000000000e+00,-4.569060318073672744e-02,-0.000000000000000000e+00,-6.399681428661603555e-02,-0.000000000000000000e+00,-0.000000000000000000e+00,-0.000000000000000000e+00,-0.000000000000000000e+00,-0.000000000000000000e+00,-0.000000000000000000e+00,0.000000000000000000e+00,1.797893659917876308e+00,-0.000000000000000000e+00,0.000000000000000000e+00,0.000000000000000000e+00,-1.548469170731068822e-01,0.000000000000000000e+00,-0.000000000000000000e+00,0.000000000000000000e+00,-0.000000000000000000e+00,-0.000000000000000000e+00
-0.000000000000000000e+00,-4.169745918081970565e-02,-0.000000000000000000e+00,0.000000000000000000e+00,-0.000000000000000000e+00,0.000000000000000000e+00,0.000000000000000000e+00,0.000000000000000000e+00,-0.000000000000000000e+00,-0.000000000000000000e+00,-0.000000000000000000e+00,-0.000000000000000000e+00,2.968079395206693061e-01,-7.978598475624082420e-02,-0.000000000000000000e+00,-0.000000000000000000e+00,-0.000000000000000000e+00,-0.000000000000000000e+00,-0.000000000000000000e+00,-0.000000000000000000e+00,-9.221147779805492772e-02,-0.000000000000000000e+00,-0.000000000000000000e+00,-0.000000000000000000e+00,-2.374715307373494178e-02,-3.031896728098442684e-01,-3.678016295037216943e-01,-3.501837059990723366e-01,-0.000000000000000000e+00,-0.000000000000000000e+00,1.938206364091226375e+00,-9.232485467645716593e-02,-2.024617398027530046e-01,-0.000000000000000000e+00,-0.000000000000000000e+00,-0.000000000000000000e+00,-1.693078549880404626e-01,-0.000000000000000000e+00,-0.000000000000000000e+00
-0.000000000000000000e+00,-0.000000000000000000e+00,-0.000000000000000000e+00,0.000000000000000000e+00,-0.000000000000000000e+00,-0.000000000000000000e+00,0.000000000000000000e+00,0.000000000000000000e+00,-0.000000000000000000e+00,-0.000000000000000000e+00,-4.808353481646873706e-02,-0.000000000000000000e+00,1.405534979988898869e-01,-0.000000000000000000e+00,-0.000000000000000000e+00,0.000000000000000000e+00,-2.134462591669113729e-01,-0.000000000000000000e+00,-0.000000000000000000e+00,0.000000000000000000e+00,-1.103471961836402226e-01,-0.000000000000000000e+00,-1.409695708689235327e-01,-0.000000000000000000e+00,-0.000000000000000000e+00,-0.000000000000000000e+00,-2.097784413861310260e-01,-0.000000000000000000e+00,-1.999246901519641517e-01,0.000000000000000000e+00,-9.232485467645716593e-02,1.799624266963282038e+00,-5.437647773407664614e-02,0.000000000000000000e+00,-1.382125674676095983e-01,-0.000000000000000000e+00,-4.789633309673794748e-01,-0.000000000000000000e+00,-0.000000000000000000e+00
-0.000000000000000000e+00,-0.000000000000000000e+00,-0.000000000000000000e+00,6.631666034568342583e-03,-0.000000000000000000e+00,-0.000000000000000000e+00,0.000000000000000000e+00,0.000000000000000000e+00,-0.000000000000000000e+00,-0.000000000000000000e+00,-6.153292551548820294e-02,-0.000000000000000000e+00,0.000000000000000000e+00,-1.230634656088558099e-01,-7.251806260680901395e-02,-0.000000000000000000e+00,-0.000000000000000000e+00,-0.000000000000000000e+00,-0.000000000000000000e+00,-0.000000000000000000e+00,-0.000000000000000000e+00,-0.000000000000000000e+00,-0.000000000000000000e+00,-5.691582196329048049e-02,-0.000000000000000000e+00,-8.776446353784804477e-02,-0.000000000000000000e+00,-0.000000000000000000e+00,-3.703725470078653159e-01,0.000000000000000000e+00,-2.024617398027530046e-01,-5.437647773407664614e-02,1.454591674707770288e+00,-0.000000000000000000e+00,-0.000000000000000000e+00,-0.000000000000000000e+00,-9.061206845821173639e-02,-1.210847582040442405e-01,-0.000000000000000000e+00
-0.000000000000000000e+00,-1.177326017015300763e-01,-0.000000000000000000e+00,0.000000000000000000e+00,-3.456855803388217407e-01,1.126209635469215264e-01,0.000000000000000000e+00,1.371587438968288608e-01,-4.457928006441698732e-01,-2.521364958581392979e-01,0.000000000000000000e+00,-7.640781658197920781e-03,-0.000000000000000000e+00,-0.000000000000000000e+00,-1.228147120039805723e-01,-2.734482449407021343e-01,0.000000000000000000e+00,-0.000000000000000000e+00,-0.000000000000000000e+00,-0.000000000000000000e+00,-0.000000000000000000e+00,-1.008447902309125982e-01,-0.000000000000000000e+00,-4.959075223094599506e-03,-7.862833746862082918e-02,-0.000000000000000000e+00,-0.000000000000000000e+00,-3.138159870258883100e-01,0.000000000000000000e+00,-1.548469170731068822e-01,-0.000000000000000000e+00,0.000000000000000000e+00,-0.000000000000000000e+00,2.290808483427053233e+00,4.892294477363879485e-02,-0.000000000000000000e+00,-0.000000000000000000e+00,-0.000000000000000000e+00,-0.000000000000000000e+00
0.000000000000000000e+00,0.000000000000000000e+00,-0.000000000000000000e+00,0.000000000000000000e+00,0.000000000000000000e+00,-1.731513352405766315e-01,-0.000000000000000000e+00,-0.000000000000000000e+00,0.000000000000000000e+00,0.000000000000000000e+00,-0.000000000000000000e+00,0.000000000000000000e+00,5.878756317452846214e-02,-0.000000000000000000e+00,0.000000000000000000e+00,2.779316887592993973e-02,-0.000000000000000000e+00,-0.000000000000000000e+00,0.000000000000000000e+00,0.000000000000000000e+00,-0.000000000000000000e+00,0.000000000000000000e+00,-0.000000000000000000e+00,-0.000000000000000000e+00,0.000000000000000000e+00,-0.000000000000000000e+00,-0.000000000000000000e+00,0.000000000000000000e+00,-9.328157669435804822e-02,0.000000000000000000e+00,-0.000000000000000000e+00,-1.382125674676095983e-01,-0.000000000000000000e+00,4.892294477363879485e-02,1.310329181020985390e+00,0.000000000000000000e+00,-4.415261192537940915e-01,0.000000000000000000e+00,-0.000000000000000000e+00
-0.000000000000000000e+00,-0.000000000000000000e+00,-1.981667062442075133e-01,0.000000000000000000e+00,-0.000000000000000000e+00,0.000000000000000000e+00,1.497351064571593796e-02,0.000000000000000000e+00,-0.000000000000000000e+00,-0.000000000000000000e+00,0.000000000000000000e+00,-1.647610436445603177e-01,0.000000000000000000e+00,-1.331039234555619344e-01,-3.002569281265141804e-02,-0.000000000000000000e+00,0.000000000000000000e+00,-0.000000000000000000e+00,-0.000000000000000000e+00,-0.000000000000000000e+00,-5.502014107050882952e-02,-1.572166493021888989e-01,-2.435451726345504164e-01,-0.000000000000000000e+00,-0.000000000000000000e+00,-0.000000000000000000e+00,-0.000000000000000000e+00,-0.000000000000000000e+00,0.000000000000000000e+00,-0.000000000000000000e+00,-0.000000000000000000e+00,-0.000000000000000000e+00,-0.000000000000000000e+00,-0.000000000000000000e+00,0.000000000000000000e+00,1.422004633595382872e+00,-0.000000000000000000e+00,-0.000000000000000000e+00,-3.387569942624173852e-02
-0.000000000000000000e+00,-0.000000000000000000e+00,-0.000000000000000000e+00,0.000000000000000000e+00,-0.000000000000000000e+00,-0.000000000000000000e+00,0.000000000000000000e+00,-0.000000000000000000e+00,-0.000000000000000000e+00,-0.000000000000000000e+00,-0.000000000000000000e+00,-0.000000000000000000e+00,3.287317613101844310e-02,-1.251131470457977624e-01,-0.000000000000000000e+00,-0.000000000000000000e+00,-2.352868608519979865e-02,-0.000000000000000000e+00,-0.000000000000000000e+00,-0.000000000000000000e+00,-1.941595394908349481e-01,-0.000000000000000000e+00,-4.155181268371114373e-02,-0.000000000000000000e+00,-0.000000000000000000e+00,-2.155676577731963431e-03,-1.226899876824723568e-01,-0.000000000000000000e+00,-4.209583944850704418e-01,0.000000000000000000e+00,-1.693078549880404626e-01,-4.789633309673794748e-01,-9.061206845821173639e-02,-0.000000000000000000e+00,-4.415261192537940915e-01,-0.000000000000000000e+00,2.022945192214473220e+00,-0.000000000000000000e+00,-2.266657580592639637e-02
-3.640635954292719689e-01,-0.000000000000000000e+00,-0.000000000000000000e+00,9.855903412759084437e-02,-0.000000000000000000e+00,-0.000000000000000000e+00,1.055246607614087340e-01,0.000000000000000000e+00,-0.000000000000000000e+00,-0.000000000000000000e+00,-0.000000000000000000e+00,-2.438859770439353453e-02,-0.000000000000000000e+00,-0.000000000000000000e+00,-5.968570356457919557e-01,-0.000000000000000000e+00,-0.000000000000000000e+00,-0.000000000000000000e+00,-0.000000000000000000e+00,-0.000000000000000000e+00,-0.000000000000000000e+00,-0.000000000000000000e+00,-0.000000000000000000e+00,-0.000000000000000000e+00,-2.550645787676878232e-02,-0.000000000000000000e+00,-0.000000000000000000e+00,-0.000000000000000000e+00,-0.000000000000000000e+00,-0.000000000000000000e+00,-0.000000000000000000e+00,-0.000000000000000000e+00,-1.210847582040442405e-01,-0.000000000000000000e+00,0.000000000000000000e+00,-0.000000000000000000e+00,-0.000000000000000000e+00,1.742225435717660309e+00,-2.113310005331507369e-01
-5.290995943064456808e-02,-0.000000000000000000e+00,-0.000000000000000000e+00,0.000000000000000000e+00,-0.000000000000000000e+00,0.000000000000000000e+00,2.059044940001578117e-01,0.000000000000000000e+00,-0.000000000000000000e+00,-0.000000000000000000e+00,0.000000000000000000e+00,-3.334434838209864860e-01,0.000000000000000000e+00,-1.427640345841192128e-02,-2.122389754912609380e-02,-0.000000000000000000e+00,-0.000000000000000000e+00,-1.037295233747018430e-01,-0.000000000000000000e+00,-0.000000000000000000e+00,-0.000000000000000000e+00,-0.000000000000000000e+00,-2.588330063412944138e-01,-0.000000000000000000e+00,-3.501561145113207263e-01,-0.000000000000000000e+00,-3.661191363619145100e-01,-0.000000000000000000e+00,-0.000000000000000000e+00,-0.000000000000000000e+00,-0.000000000000000000e+00,-0.000000000000000000e+00,-0.000000000000000000e+00,-0.000000000000000000e+00,-0.000000000000000000e+00,-3.387569942624173852e-02,-2.266657580592639637e-02,-2.113310005331507369e-01,2.003383848001556000e+00
