1.795151160466639251e+00,-7.458435190684363780e-01,-0.000000000000000000e+00,1.627676928880216443e-03,-0.000000000000000000e+00,-0.000000000000000000e+00,0.000000000000000000e+00,-0.000000000000000000e+00,0.000000000000000000e+00,-0.000000000000000000e+00,-0.000000000000000000e+00,0.000000000000000000e+00,0.000000000000000000e+00,-0.000000000000000000e+00,-1.935728017389565236e-01,-0.000000000000000000e+00,-0.000000000000000000e+00,1.158488995021285245e-01,0.000000000000000000e+00,-2.014147381733282782e-01,-0.000000000000000000e+00,-0.000000000000000000e+00,0.000000000000000000e+00,-0.000000000000000000e+00,0.000000000000000000e+00,-6.122285361241733281e-02,-0.000000000000000000e+00,-0.000000000000000000e+00,-1.296666871246499597e-01,-1.950413643715134260e-01,-0.000000000000000000e+00,-1.822232573610617010e-02,-0.000000000000000000e+00,0.000000000000000000e+00,-0.000000000000000000e+00,-2.636049584905117982e-01,-0.000000000000000000e+00,-0.000000000000000000e+00,0.000000000000000000e+00
-7.458435190684363780e-01,1.500411011071287604e+00,-0.000000000000000000e+00,0.000000000000000000e+00,-0.000000000000000000e+00,-0.000000000000000000e+00,0.000000000000000000e+00,0.000000000000000000e+00,-0.000000000000000000e+00,-0.000000000000000000e+00,0.000000000000000000e+00,0.000000000000000000e+00,0.000000000000000000e+00,-0.000000000000000000e+00,-0.000000000000000000e+00,-0.000000000000000000e+00,-0.000000000000000000e+00,0.000000000000000000e+00,0.000000000000000000e+00,-0.000000000000000000e+00,-0.000000000000000000e+00,-0.000000000000000000e+00,-0.000000000000000000e+00,-0.000000000000000000e+00,0.000000000000000000e+00,-0.000000000000000000e+00,-0.000000000000000000e+00,-0.000000000000000000e+00,-0.000000000000000000e+00,-1.928559579919031930e-01,-0.000000000000000000e+00,-2.507495129617256374e-02,-0.000000000000000000e+00,0.000000000000000000e+00,-0.000000000000000000e+00,-9.078411802671164377e-02,-0.000000000000000000e+00,-0.000000000000000000e+00,-0.000000000000000000e+00
-0.000000000000000000e+00,-0.000000000000000000e+00,2.204913569267193729e+00,-3.307843266787999226e-02,-5.336254547767628198e-01,-0.000000000000000000e+00,-0.000000000000000000e+00,1.015242804579644220e+00,-1.041258199537967721e-01,-0.000000000000000000e+00,-0.000000000000000000e+00,-0.000000000000000000e+00,0.000000000000000000e+00,-2.499101172133901261e-01,0.000000000000000000e+00,-0.000000000000000000e+00,0.000000000000000000e+00,-6.535447893822460275e-02,-1.599054587155842033e-01,-0.000000000000000000e+00,-1.475569071667360288e-01,-0.000000000000000000e+00,-0.000000000000000000e+00,-0.000000000000000000e+00,-0.000000000000000000e+00,-4.228028967445843223e-02,-1.729089861329151032e-02,-0.000000000000000000e+00,0.000000000000000000e+00,-0.000000000000000000e+00,0.000000000000000000e+00,-0.000000000000000000e+00,0.000000000000000000e+00,-0.000000000000000000e+00,0.000000000000000000e+00,0.000000000000000000e+00,-0.000000000000000000e+00,-0.000000000000000000e+00,-0.000000000000000000e+00
1.627676928880216443e-03,0.000000000000000000e+00,-3.307843266787999226e-02,2.234409500850475183e+00,-3.907701845206818653e-02,-0.000000000000000000e+00,-1.855557292981095951e-01,1.070752017051553456e-01,-4.386425907329605800e-01,0.000000000000000000e+00,-0.000000000000000000e+00,-1.848830529243715437e-01,0.000000000000000000e+00,-0.000000000000000000e+00,3.421385354950940566e-02,-0.000000000000000000e+00,0.000000000000000000e+00,-5.175263053988647943e-01,-6.179712558898573654e-03,0.000000000000000000e+00,0.000000000000000000e+00,0.000000000000000000e+00,-0.000000000000000000e+00,-0.000000000000000000e+00,-0.000000000000000000e+00,0.000000000000000000e+00,-0.000000000000000000e+00,0.000000000000000000e+00,6.730864416398048278e-02,0.000000000000000000e+00,0.000000000000000000e+00,0.000000000000000000e+00,3.588638121177951112e-01,-0.000000000000000000e+00,1.529929205928644009e-01,1.907210179502644154e-02,0.000000000000000000e+00,-3.841317315188345904e-02,-0.000000000000000000e+00
-0.000000000000000000e+00,-0.000000000000000000e+00,-5.336254547767628198e-01,-3.907701845206818653e-02,1.633880672974574511e+00,0.000000000000000000e+00,-0.000000000000000000e+00,1.412625448293558690e-02,-1.427718348160514350e-01,-0.000000000000000000e+00,-0.000000000000000000e+00,-0.000000000000000000e+00,0.000000000000000000e+00,-0.000000000000000000e+00,0.000000000000000000e+00,-1.860462359418243727e-01,0.000000000000000000e+00,-0.000000000000000000e+00,-1.902704810355412834e-01,0.000000000000000000e+00,-0.000000000000000000e+00,-0.000000000000000000e+00,-1.569000978637874466e-01,-0.000000000000000000e+00,-1.439921633823259828e-01,-0.000000000000000000e+00,-0.000000000000000000e+00,-0.000000000000000000e+00,0.000000000000000000e+00,-0.000000000000000000e+00,0.000000000000000000e+00,0.000000000000000000e+00,0.000000000000000000e+00,-6.072039762871342915e-03,0.000000000000000000e+00,0.000000000000000000e+00,0.000000000000000000e+00,-8.296714954232156658e-02,-4.953888955343840189e-02
-0.000000000000000000e+00,-0.000000000000000000e+00,-0.000000000000000000e+00,-0.000000000000000000e+00,0.000000000000000000e+00,1.459223726623215311e+00,0.000000000000000000e+00,0.000000000000000000e+00,0.000000000000000000e+00,-0.000000000000000000e+00,-2.540229443372796214e-01,0.000000000000000000e+00,1.146689106267106822e-01,-0.000000000000000000e+00,-0.000000000000000000e+00,-0.000000000000000000e+00,-3.501313241516733066e-01,-0.000000000000000000e+00,0.000000000000000000e+00,-0.000000000000000000e+00,-8.400996879827579700e-02,-0.000000000000000000e+00,0.000000000000000000e+00,-0.000000000000000000e+00,0.000000000000000000e+00,-0.000000000000000000e+00,0.000000000000000000e+00,-0.000000000000000000e+00,-0.000000000000000000e+00,-0.000000000000000000e+00,-0.000000000000000000e+00,-3.740956865557099609e-01,-0.000000000000000000e+00,0.000000000000000000e+00,-0.000000000000000000e+00,-0.000000000000000000e+00,-0.000000000000000000e+00,-0.000000000000000000e+00,3.146091619988256038e-02
0.000000000000000000e+00,0.000000000000000000e+00,-0.000000000000000000e+00,-1.855557292981095951e-01,-0.000000000000000000e+00,0.000000000000000000e+00,2.454607657389057618e+00,0.000000000000000000e+00,-3.051184585617466860e-01,0.000000000000000000e+00,0.000000000000000000e+00,-0.000000000000000000e+00,0.000000000000000000e+00,-0.000000000000000000e+00,1.009736960696837327e-01,-0.000000000000000000e+00,8.896156142593925065e-02,-2.512037556118298376e-01,-4.578813574489074556e-01,0.000000000000000000e+00,0.000000000000000000e+00,0.000000000000000000e+00,-7.639593784521371556e-02,0.000000000000000000e+00,-2.323712149528590204e-02,0.000000000000000000e+00,-0.000000000000000000e+00,0.000000000000000000e+00,2.926671076497114332e-01,0.000000000000000000e+00,0.000000000000000000e+00,0.000000000000000000e+00,0.000000000000000000e+00,-7.592386653242660932e-02,3.530176825922675676e-01,0.000000000000000000e+00,0.000000000000000000e+00,-0.000000000000000000e+00,-3.072508611364078712e-01
-0.000000000000000000e+00,0.000000000000000000e+00,1.015242804579644220e+00,1.070752017051553456e-01,1.412625448293558690e-02,0.000000000000000000e+00,0.000000000000000000e+00,1.945705406650546143e+00,8.676683393859101201e-02,0.000000000000000000e+00,0.000000000000000000e+00,0.000000000000000000e+00,-0.000000000000000000e+00,2.681565503159948349e-01,-0.000000000000000000e+00,0.000000000000000000e+00,-0.000000000000000000e+00,2.399305975583063133e-01,0.000000000000000000e+00,-0.000000000000000000e+00,0.000000000000000000e+00,0.000000000000000000e+00,0.000000000000000000e+00,0.000000000000000000e+00,0.000000000000000000e+00,0.000000000000000000e+00,4.874893208888315954e-02,0.000000000000000000e+00,-0.000000000000000000e+00,0.000000000000000000e+00,-0.000000000000000000e+00,1.872232861905409260e-02,-0.000000000000000000e+00,0.000000000000000000e+00,-0.000000000000000000e+00,-0.000000000000000000e+00,0.000000000000000000e+00,0.000000000000000000e+00,0.000000000000000000e+00
0.000000000000000000e+00,-0.000000000000000000e+00,-1.041258199537967721e-01,-4.386425907329605800e-01,-1.427718348160514350e-01,0.000000000000000000e+00,-3.051184585617466860e-01,8.676683393859101201e-02,2.455498692744085165e+00,0.000000000000000000e+00,-0.000000000000000000e+00,-6.119641426960131109e-02,0.000000000000000000e+00,-0.000000000000000000e+00,1.108395735858720837e-01,-0.000000000000000000e+00,0.000000000000000000e+00,-1.694387147418106865e-01,-3.103980996098646208e-02,0.000000000000000000e+00,0.000000000000000000e+00,0.000000000000000000e+00,-1.920053610342172673e-02,0.000000000000000000e+00,-0.000000000000000000e+00,-0.000000000000000000e+00,-0.000000000000000000e+00,0.000000000000000000e+00,0.000000000000000000e+00,0.000000000000000000e+00,0.000000000000000000e+00,0.000000000000000000e+00,2.379526633065003338e-01,-2.013840546292598732e-01,2.839589656726572153e-01,0.000000000000000000e+00,0.000000000000000000e+00,-1.387088455235839235e-01,-3.602893845943739848e-01
-0.000000000000000000e+00,-0.000000000000000000e+00,-0.000000000000000000e+00,0.000000000000000000e+00,-0.000000000000000000e+00,-0.000000000000000000e+00,0.000000000000000000e+00,0.000000000000000000e+00,0.000000000000000000e+00,1.447276388532636293e+00,-1.895053152700409693e-01,0.000000000000000000e+00,0.000000000000000000e+00,-0.000000000000000000e+00,-0.000000000000000000e+00,-3.257523746438829582e-01,-6.803871748934704755e-02,0.000000000000000000e+00,-0.000000000000000000e+00,-0.000000000000000000e+00,-1.070672167028301064e-01,-0.000000000000000000e+00,-0.000000000000000000e+00,-1.718437503230489938e-01,-0.000000000000000000e+00,-1.063138574051632340e-01,-0.000000000000000000e+00,-5.606835650217223410e-02,-2.328449469631523050e-02,-2.124445035878319288e-01,-1.898732776432716929e-01,-0.000000000000000000e+00,-2.700896213962419336e-03,0.000000000000000000e+00,-0.000000000000000000e+00,-0.000000000000000000e+00,-0.000000000000000000e+00,-0.000000000000000000e+00,0.000000000000000000e+00
-0.000000000000000000e+00,0.000000000000000000e+00,-0.000000000000000000e+00,-0.000000000000000000e+00,-0.000000000000000000e+00,-2.540229443372796214e-01,0.000000000000000000e+00,0.000000000000000000e+00,-0.000000000000000000e+00,-1.895053152700409693e-01,1.478258137532411309e+00,-0.000000000000000000e+00,0.000000000000000000e+00,-2.623584119413743809e-01,-2.009930749896987959e-02,-0.000000000000000000e+00,-3.576145058187831793e-01,-0.000000000000000000e+00,-0.000000000000000000e+00,-0.000000000000000000e+00,-0.000000000000000000e+00,0.000000000000000000e+00,-0.000000000000000000e+00,-7.499039031846763126e-02,-0.000000000000000000e+00,-0.000000000000000000e+00,-0.000000000000000000e+00,-9.117671489348687375e-02,-0.000000000000000000e+00,-0.000000000000000000e+00,-0.000000000000000000e+00,-1.093695297351712226e-01,0.000000000000000000e+00,0.000000000000000000e+00,-0.000000000000000000e+00,-0.000000000000000000e+00,-0.000000000000000000e+00,-0.000000000000000000e+00,0.000000000000000000e+00
0.000000000000000000e+00,0.000000000000000000e+00,-0.000000000000000000e+00,-1.848830529243715437e-01,-0.000000000000000000e+00,0.000000000000000000e+00,-0.000000000000000000e+00,0.000000000000000000e+00,-6.119641426960131109e-02,0.000000000000000000e+00,-0.000000000000000000e+00,1.949088599829428947e+00,0.000000000000000000e+00,-0.000000000000000000e+00,0.000000000000000000e+00,-0.000000000000000000e+00,0.000000000000000000e+00,-2.447449890377098314e-01,-0.000000000000000000e+00,0.000000000000000000e+00,0.000000000000000000e+00,0.000000000000000000e+00,-9.148729505910520310e-02,0.000000000000000000e+00,-0.000000000000000000e+00,0.000000000000000000e+00,-0.000000000000000000e+00,0.000000000000000000e+00,4.296469846662863412e-02,0.000000000000000000e+00,0.000000000000000000e+00,0.000000000000000000e+00,5.075554732840121819e-01,-4.480859351338462027e-02,3.268242263490141464e-01,0.000000000000000000e+00,0.000000000000000000e+00,-0.000000000000000000e+00,-2.080759354997888666e-01
0.000000000000000000e+00,0.000000000000000000e+00,0.000000000000000000e+00,0.000000000000000000e+00,0.000000000000000000e+00,1.146689106267106822e-01,0.000000000000000000e+00,-0.000000000000000000e+00,0.000000000000000000e+00,0.000000000000000000e+00,0.000000000000000000e+00,0.000000000000000000e+00,1.022496018271320750e+00,0.000000000000000000e+00,0.000000000000000000e+00,0.000000000000000000e+00,0.000000000000000000e+00,0.000000000000000000e+00,-0.000000000000000000e+00,0.000000000000000000e+00,0.000000000000000000e+00,0.000000000000000000e+00,-0.000000000000000000e+00,0.000000000000000000e+00,-0.000000000000000000e+00,0.000000000000000000e+00,-0.000000000000000000e+00,6.420602231413274907e-02,-0.000000000000000000e+00,-0.000000000000000000e+00,0.000000000000000000e+00,0.000000000000000000e+00,-0.000000000000000000e+00,2.208088702419948139e-03,-0.000000000000000000e+00,-0.000000000000000000e+00,0.000000000000000000e+00,5.457174287690840647e-02,-0.000000000000000000e+00
-0.000000000000000000e+00,-0.000000000000000000e+00,-2.499101172133901261e-01,-0.000000000000000000e+00,-0.000000000000000000e+00,-0.000000000000000000e+00,-0.000000000000000000e+00,2.681565503159948349e-01,-0.000000000000000000e+00,-0.000000000000000000e+00,-2.623584119413743809e-01,-0.000000000000000000e+00,0.000000000000000000e+00,1.527041506467200271e+00,-0.000000000000000000e+00,-2.760813327466743461e-01,-0.000000000000000000e+00,-0.000000000000000000e+00,-0.000000000000000000e+00,-0.000000000000000000e+00,-2.087964883503092006e-01,-0.000000000000000000e+00,-0.000000000000000000e+00,-1.080496650912253914e-01,-2.858699206221063799e-02,-9.781257150988659221e-02,-0.000000000000000000e+00,-8.598936960682232455e-02,-0.000000000000000000e+00,-2.758421859335631263e-02,-0.000000000000000000e+00,-0.000000000000000000e+00,0.000000000000000000e+00,-0.000000000000000000e+00,0.000000000000000000e+00,-0.000000000000000000e+00,-0.000000000000000000e+00,-6.563821702436808958e-02,-0.000000000000000000e+00
-1.935728017389565236e-01,-0.000000000000000000e+00,0.000000000000000000e+00,3.421385354950940566e-02,0.000000000000000000e+00,-0.000000000000000000e+00,1.009736960696837327e-01,-0.000000000000000000e+00,1.108395735858720837e-01,-0.000000000000000000e+00,-2.009930749896987959e-02,0.000000000000000000e+00,0.000000000000000000e+00,-0.000000000000000000e+00,1.576532386363757920e+00,-0.000000000000000000e+00,-2.473196798679727915e-01,0.000000000000000000e+00,0.000000000000000000e+00,-9.479075180097221165e-02,-0.000000000000000000e+00,-0.000000000000000000e+00,0.000000000000000000e+00,-0.000000000000000000e+00,0.000000000000000000e+00,-0.000000000000000000e+00,0.000000000000000000e+00,-0.000000000000000000e+00,-1.436420602936958058e-01,-0.000000000000000000e+00,-8.404979318782417053e-02,-3.042930847135716377e-02,-3.439884351468699974e-02,0.000000000000000000e+00,-0.000000000000000000e+00,-0.000000000000000000e+00,-1.743261647144540849e-01,0.000000000000000000e+00,1.327072511370308017e-01
-0.000000000000000000e+00,-0.000000000000000000e+00,-0.000000000000000000e+00,-0.000000000000000000e+00,-1.860462359418243727e-01,-0.000000000000000000e+00,-0.000000000000000000e+00,0.000000000000000000e+00,-0.000000000000000000e+00,-3.257523746438829582e-01,-0.000000000000000000e+00,-0.000000000000000000e+00,0.000000000000000000e+00,-2.760813327466743461e-01,-0.000000000000000000e+00,1.381930372371664717e+00,-0.000000000000000000e+00,-0.000000000000000000e+00,-0.000000000000000000e+00,-0.000000000000000000e+00,-0.000000000000000000e+00,-0.000000000000000000e+00,-8.407996125060178405e-02,-5.104095957153969264e-03,-4.247712298924766205e-02,-0.000000000000000000e+00,-9.214055987898349398e-02,-0.000000000000000000e+00,-0.000000000000000000e+00,-2.112577750942597199e-01,-0.000000000000000000e+00,-0.000000000000000000e+00,-0.000000000000000000e+00,-0.000000000000000000e+00,-0.000000000000000000e+00,-0.000000000000000000e+00,-0.000000000000000000e+00,-1.555764713289052581e-01,-0.000000000000000000e+00
-0.000000000000000000e+00,-0.000000000000000000e+00,0.000000000000000000e+00,0.000000000000000000e+00,0.000000000000000000e+00,-3.501313241516733066e-01,8.896156142593925065e-02,-0.000000000000000000e+00,0.000000000000000000e+00,-6.803871748934704755e-02,-3.576145058187831793e-01,0.000000000000000000e+00,0.000000000000000000e+00,-0.000000000000000000e+00,-2.473196798679727915e-01,-0.000000000000000000e+00,1.944215193670581820e+00,0.000000000000000000e+00,0.000000000000000000e+00,-0.000000000000000000e+00,-0.000000000000000000e+00,-0.000000000000000000e+00,0.000000000000000000e+00,-1.192014493960579097e-01,0.000000000000000000e+00,-0.000000000000000000e+00,0.000000000000000000e+00,-0.000000000000000000e+00,-2.422612236363326510e-01,-0.000000000000000000e+00,-0.000000000000000000e+00,-0.000000000000000000e+00,-0.000000000000000000e+00,1.083896475011038585e-01,-4.202569287045685581e-02,-0.000000000000000000e+00,-1.980171996419143876e-01,0.000000000000000000e+00,2.812514565783685305e-01
1.158488995021285245e-01,0.000000000000000000e+00,-6.535447893822460275e-02,-5.175263053988647943e-01,-0.000000000000000000e+00,-0.000000000000000000e+00,-2.512037556118298376e-01,2.399305975583063133e-01,-1.694387147418106865e-01,0.000000000000000000e+00,-0.000000000000000000e+00,-2.447449890377098314e-01,0.000000000000000000e+00,-0.000000000000000000e+00,0.000000000000000000e+00,-0.000000000000000000e+00,0.000000000000000000e+00,2.548544555947052981e+00,-6.739794518355650688e-01,5.601540819532302429e-02,0.000000000000000000e+00,0.000000000000000000e+00,-4.198562071718167643e-02,0.000000000000000000e+00,-8.273914536792674468e-02,-0.000000000000000000e+00,-0.000000000000000000e+00,0.000000000000000000e+00,0.000000000000000000e+00,0.000000000000000000e+00,0.000000000000000000e+00,0.000000000000000000e+00,1.337122369343984596e-01,-0.000000000000000000e+00,1.833620039559042125e-01,0.000000000000000000e+00,0.000000000000000000e+00,-0.000000000000000000e+00,-0.000000000000000000e+00
0.000000000000000000e+00,0.000000000000000000e+00,-1.599054587155842033e-01,-6.179712558898573654e-03,-1.902704810355412834e-01,0.000000000000000000e+00,-4.578813574489074556e-01,0.000000000000000000e+00,-3.103980996098646208e-02,-0.000000000000000000e+00,-0.000000000000000000e+00,-0.000000000000000000e+00,-0.000000000000000000e+00,-0.000000000000000000e+00,0.000000000000000000e+00,-0.000000000000000000e+00,0.000000000000000000e+00,-6.739794518355650688e-01,2.091302677437406388e+00,1.423175203468908523e-02,-0.000000000000000000e+00,0.000000000000000000e+00,-2.684947860575940259e-01,0.000000000000000000e+00,-2.207942304148564905e-01,-0.000000000000000000e+00,-0.000000000000000000e+00,0.000000000000000000e+00,0.000000000000000000e+00,-0.000000000000000000e+00,0.000000000000000000e+00,0.000000000000000000e+00,0.000000000000000000e+00,-0.000000000000000000e+00,0.000000000000000000e+00,0.000000000000000000e+00,0.000000000000000000e+00,-0.000000000000000000e+00,-0.000000000000000000e+00
-2.014147381733282782e-01,-0.000000000000000000e+00,-0.000000000000000000e+00,0.000000000000000000e+00,0.000000000000000000e+00,-0.000000000000000000e+00,0.000000000000000000e+00,-0.000000000000000000e+00,0.000000000000000000e+00,-0.000000000000000000e+00,-0.000000000000000000e+00,0.000000000000000000e+00,0.000000000000000000e+00,-0.000000000000000000e+00,-9.479075180097221165e-02,-0.000000000000000000e+00,-0.000000000000000000e+00,5.601540819532302429e-02,1.423175203468908523e-02,1.527257636363932525e+00,-1.217214973952860657e-01,-5.037490892903461193e-01,0.000000000000000000e+00,-1.478926266377846889e-02,0.000000000000000000e+00,-0.000000000000000000e+00,0.000000000000000000e+00,-0.000000000000000000e+00,-0.000000000000000000e+00,-0.000000000000000000e+00,-0.000000000000000000e+00,-0.000000000000000000e+00,-6.005281645726406881e-02,0.000000000000000000e+00,-1.453541039970209781e-01,-4.080702189379486339e-02,-3.900672014645439195e-02,0.000000000000000000e+00,5.898620938326505636e-02
-0.000000000000000000e+00,-0.000000000000000000e+00,-1.475569071667360288e-01,0.000000000000000000e+00,-0.000000000000000000e+00,-8.400996879827579700e-02,0.000000000000000000e+00,0.000000000000000000e+00,0.000000000000000000e+00,-1.070672167028301064e-01,-0.000000000000000000e+00,0.000000000000000000e+00,0.000000000000000000e+00,-2.087964883503092006e-01,-0.000000000000000000e+00,-0.000000000000000000e+00,-0.000000000000000000e+00,0.000000000000000000e+00,-0.000000000000000000e+00,-1.217214973952860657e-01,1.788433037996045361e+00,-3.707260543499483196e-01,0.000000000000000000e+00,-2.295141329669949659e-01,-0.000000000000000000e+00,-3.906977051762668823e-02,-0.000000000000000000e+00,-5.324201844037088627e-01,-0.000000000000000000e+00,-4.495109265971564128e-02,-3.054719150654348556e-02,-0.000000000000000000e+00,-2.202740502189736924e-02,0.000000000000000000e+00,-0.000000000000000000e+00,-0.000000000000000000e+00,-1.593567657536154314e-01,-0.000000000000000000e+00,0.000000000000000000e+00
-0.000000000000000000e+00,-0.000000000000000000e+00,-0.000000000000000000e+00,0.000000000000000000e+00,-0.000000000000000000e+00,-0.000000000000000000e+00,0.000000000000000000e+00,0.000000000000000000e+00,0.000000000000000000e+00,-0.000000000000000000e+00,0.000000000000000000e+00,0.000000000000000000e+00,0.000000000000000000e+00,-0.000000000000000000e+00,-0.000000000000000000e+00,-0.000000000000000000e+00,-0.000000000000000000e+00,0.000000000000000000e+00,0.000000000000000000e+00,-5.037490892903461193e-01,-3.707260543499483196e-01,1.545590520564017911e+00,0.000000000000000000e+00,-0.000000000000000000e+00,0.000000000000000000e+00,-0.000000000000000000e+00,0.000000000000000000e+00,-0.000000000000000000e+00,-0.000000000000000000e+00,-0.000000000000000000e+00,-1.203963082188216210e-01,-0.000000000000000000e+00,-2.699328136219255603e-01,0.000000000000000000e+00,-0.000000000000000000e+00,-4.755371526486820710e-03,-0.000000000000000000e+00,0.000000000000000000e+00,0.000000000000000000e+00
0.000000000000000000e+00,-0.000000000000000000e+00,-0.000000000000000000e+00,-0.000000000000000000e+00,-1.569000978637874466e-01,0.000000000000000000e+00,-7.639593784521371556e-02,0.000000000000000000e+00,-1.920053610342172673e-02,-0.000000000000000000e+00,-0.000000000000000000e+00,-9.148729505910520310e-02,-0.000000000000000000e+00,-0.000000000000000000e+00,0.000000000000000000e+00,-8.407996125060178405e-02,0.000000000000000000e+00,-4.198562071718167643e-02,-2.684947860575940259e-01,0.000000000000000000e+00,0.000000000000000000e+00,0.000000000000000000e+00,1.719034657749013206e+00,-0.000000000000000000e+00,-4.885453824679988344e-01,-0.000000000000000000e+00,-9.502961452604113957e-02,0.000000000000000000e+00,0.000000000000000000e+00,-0.000000000000000000e+00,0.000000000000000000e+00,0.000000000000000000e+00,0.000000000000000000e+00,-0.000000000000000000e+00,0.000000000000000000e+00,0.000000000000000000e+00,0.000000000000000000e+00,-0.000000000000000000e+00,-3.099915427088803521e-01
-0.000000000000000000e+00,-0.000000000000000000e+00,-0.000000000000000000e+00,-0.000000000000000000e+00,-0.000000000000000000e+00,-0.000000000000000000e+00,0.000000000000000000e+00,0.000000000000000000e+00,0.000000000000000000e+00,-1.718437503230489938e-01,-7.499039031846763126e-02,0.000000000000000000e+00,0.000000000000000000e+00,-1.080496650912253914e-01,-0.000000000000000000e+00,-5.104095957153969264e-03,-1.192014493960579097e-01,0.000000000000000000e+00,0.000000000000000000e+00,-1.478926266377846889e-02,-2.295141329669949659e-01,-0.000000000000000000e+00,-0.000000000000000000e+00,1.214099064140664375e+00,-0.000000000000000000e+00,-0.000000000000000000e+00,-0.000000000000000000e+00,-2.917734514609889723e-02,-0.000000000000000000e+00,-3.329484388822646912e-02,-0.000000000000000000e+00,-0.000000000000000000e+00,-0.000000000000000000e+00,0.000000000000000000e+00,-0.000000000000000000e+00,0.000000000000000000e+00,-0.000000000000000000e+00,-0.000000000000000000e+00,0.000000000000000000e+00
0.000000000000000000e+00,0.000000000000000000e+00,-0.000000000000000000e+00,-0.000000000000000000e+00,-1.439921633823259828e-01,0.000000000000000000e+00,-2.323712149528590204e-02,0.000000000000000000e+00,-0.000000000000000000e+00,-0.000000000000000000e+00,-0.000000000000000000e+00,-0.000000000000000000e+00,-0.000000000000000000e+00,-2.858699206221063799e-02,0.000000000000000000e+00,-4.247712298924766205e-02,0.000000000000000000e+00,-8.273914536792674468e-02,-2.207942304148564905e-01,0.000000000000000000e+00,-0.000000000000000000e+00,0.000000000000000000e+00,-4.885453824679988344e-01,-0.000000000000000000e+00,1.561528764466321828e+00,-0.000000000000000000e+00,-8.112053912852608406e-02,-0.000000000000000000e+00,0.000000000000000000e+00,-0.000000000000000000e+00,0.000000000000000000e+00,0.000000000000000000e+00,0.000000000000000000e+00,-9.611358800814753800e-02,0.000000000000000000e+00,0.000000000000000000e+00,0.000000000000000000e+00,-7.823202389463553008e-02,-1.090747123862745166e-01
-6.122285361241733281e-02,-0.000000000000000000e+00,-4.228028967445843223e-02,0.000000000000000000e+00,-0.000000000000000000e+00,-0.000000000000000000e+00,0.000000000000000000e+00,0.000000000000000000e+00,-0.000000000000000000e+00,-1.063138574051632340e-01,-0.000000000000000000e+00,0.000000000000000000e+00,0.000000000000000000e+00,-9.781257150988659221e-02,-0.000000000000000000e+00,-0.000000000000000000e+00,-0.000000000000000000e+00,-0.000000000000000000e+00,-0.000000000000000000e+00,-0.000000000000000000e+00,-3.906977051762668823e-02,-0.000000000000000000e+00,-0.000000000000000000e+00,-0.000000000000000000e+00,-0.000000000000000000e+00,1.592282165176774011e+00,-1.940820566358034127e-01,-5.965664254615403728e-01,-0.000000000000000000e+00,-1.036520542005481965e-01,-0.000000000000000000e+00,-1.593358669523735061e-01,-0.000000000000000000e+00,0.000000000000000000e+00,-0.000000000000000000e+00,-0.000000000000000000e+00,-2.044120612154174677e-01,-3.141016885574414441e-02,0.000000000000000000e+00
-0.000000000000000000e+00,-0.000000000000000000e+00,-1.729089861329151032e-02,-0.000000000000000000e+00,-0.000000000000000000e+00,0.000000000000000000e+00,-0.000000000000000000e+00,4.874893208888315954e-02,-0.000000000000000000e+00,-0.000000000000000000e+00,-0.000000000000000000e+00,-0.000000000000000000e+00,-0.000000000000000000e+00,-0.000000000000000000e+00,0.000000000000000000e+00,-9.214055987898349398e-02,0.000000000000000000e+00,-0.000000000000000000e+00,-0.000000000000000000e+00,0.000000000000000000e+00,-0.000000000000000000e+00,0.000000000000000000e+00,-9.502961452604113957e-02,-0.000000000000000000e+00,-8.112053912852608406e-02,-1.940820566358034127e-01,1.084384206360330838e+00,-0.000000000000000000e+00,0.000000000000000000e+00,-0.000000000000000000e+00,-0.000000000000000000e+00,-0.000000000000000000e+00,0.000000000000000000e+00,-0.000000000000000000e+00,0.000000000000000000e+00,-0.000000000000000000e+00,-0.000000000000000000e+00,-0.000000000000000000e+00,-0.000000000000000000e+00
-0.000000000000000000e+00,-0.000000000000000000e+00,-0.000000000000000000e+00,0.000000000000000000e+00,-0.000000000000000000e+00,-0.000000000000000000e+00,0.000000000000000000e+00,0.000000000000000000e+00,0.000000000000000000e+00,-5.606835650217223410e-02,-9.117671489348687375e-02,0.000000000000000000e+00,6.420602231413274907e-02,-8.598936960682232455e-02,-0.000000000000000000e+00,-0.000000000000000000e+00,-0.000000000000000000e+00,0.000000000000000000e+00,0.000000000000000000e+00,-0.000000000000000000e+00,-5.324201844037088627e-01,-0.000000000000000000e+00,0.000000000000000000e+00,-2.917734514609889723e-02,-0.000000000000000000e+00,-5.965664254615403728e-01,-0.000000000000000000e+00,1.757775944798918299e+00,-0.000000000000000000e+00,-0.000000000000000000e+00,-1.436888278113353512e-01,-0.000000000000000000e+00,-0.000000000000000000e+00,0.000000000000000000e+00,-0.000000000000000000e+00,-0.000000000000000000e+00,-1.135122939408134829e-01,-1.528768262951558932e-02,0.000000000000000000e+00
-1.296666871246499597e-01,-0.000000000000000000e+00,0.000000000000000000e+00,6.730864416398048278e-02,0.000000000000000000e+00,-0.000000000000000000e+00,2.926671076497114332e-01,-0.000000000000000000e+00,0.000000000000000000e+00,-2.328449469631523050e-02,-0.000000000000000000e+00,4.296469846662863412e-02,-0.000000000000000000e+00,-0.000000000000000000e+00,-1.436420602936958058e-01,-0.000000000000000000e+00,-2.422612236363326510e-01,0.000000000000000000e+00,0.000000000000000000e+00,-0.000000000000000000e+00,-0.000000000000000000e+00,-0.000000000000000000e+00,0.000000000000000000e+00,-0.000000000000000000e+00,0.000000000000000000e+00,-0.000000000000000000e+00,0.000000000000000000e+00,-0.000000000000000000e+00,2.427488264659352080e+00,-0.000000000000000000e+00,-0.000000000000000000e+00,-7.366122245317012485e-02,-1.088214620532717281e-01,2.259697131760912969e-01,-4.716967193135224723e-01,-3.457900326927931117e-02,-5.357472406880496862e-01,0.000000000000000000e+00,2.001871843610481538e-01
-1.950413643715134260e-01,-1.928559579919031930e-01,-0.000000000000000000e+00,0.000000000000000000e+00,-0.000000000000000000e+00,-0.000000000000000000e+00,0.000000000000000000e+00,0.000000000000000000e+00,0.000000000000000000e+00,-2.124445035878319288e-01,-0.000000000000000000e+00,0.000000000000000000e+00,-0.000000000000000000e+00,-2.758421859335631263e-02,-0.000000000000000000e+00,-2.112577750942597199e-01,-0.000000000000000000e+00,0.000000000000000000e+00,-0.000000000000000000e+00,-0.000000000000000000e+00,-4.495109265971564128e-02,-0.000000000000000000e+00,-0.000000000000000000e+00,-3.329484388822646912e-02,-0.000000000000000000e+00,-1.036520542005481965e-01,-0.000000000000000000e+00,-0.000000000000000000e+00,-0.000000000000000000e+00,1.284886119904490975e+00,-0.000000000000000000e+00,-0.000000000000000000e+00,-0.000000000000000000e+00,0.000000000000000000e+00,-0.000000000000000000e+00,-0.000000000000000000e+00,-0.000000000000000000e+00,-0.000000000000000000e+00,0.000000000000000000e+00
-0.000000000000000000e+00,-0.000000000000000000e+00,0.000000000000000000e+00,0.000000000000000000e+00,0.000000000000000000e+00,-0.000000000000000000e+00,0.000000000000000000e+00,-0.000000000000000000e+00,0.000000000000000000e+00,-1.898732776432716929e-01,-0.000000000000000000e+00,0.000000000000000000e+00,0.000000000000000000e+00,-0.000000000000000000e+00,-8.404979318782417053e-02,-0.000000000000000000e+00,-0.000000000000000000e+00,0.000000000000000000e+00,0.000000000000000000e+00,-0.000000000000000000e+00,-3.054719150654348556e-02,-1.203963082188216210e-01,0.000000000000000000e+00,-0.000000000000000000e+00,0.000000000000000000e+00,-0.000000000000000000e+00,-0.000000000000000000e+00,-1.436888278113353512e-01,-0.000000000000000000e+00,-0.000000000000000000e+00,1.378413526204489647e+00,-0.000000000000000000e+00,-3.946880957693165159e-01,0.000000000000000000e+00,-1.047794176065128813e-01,-0.000000000000000000e+00,-0.000000000000000000e+00,0.000000000000000000e+00,0.000000000000000000e+00
-1.822232573610617010e-02,-2.507495129617256374e-02,-0.000000000000000000e+00,0.000000000000000000e+00,0.000000000000000000e+00,-3.740956865557099609e-01,0.000000000000000000e+00,1.872232861905409260e-02,0.000000000000000000e+00,-0.000000000000000000e+00,-1.093695297351712226e-01,0.000000000000000000e+00,0.000000000000000000e+00,-0.000000000000000000e+00,-3.042930847135716377e-02,-0.000000000000000000e+00,-0.000000000000000000e+00,0.000000000000000000e+00,0.000000000000000000e+00,-0.000000000000000000e+00,-0.000000000000000000e+00,-0.000000000000000000e+00,0.000000000000000000e+00,-0.000000000000000000e+00,0.000000000000000000e+00,-1.593358669523735061e-01,-0.000000000000000000e+00,-0.000000000000000000e+00,-7.366122245317012485e-02,-0.000000000000000000e+00,-0.000000000000000000e+00,1.574181880510563847e+00,-0.000000000000000000e+00,2.300668235069196210e-02,-0.000000000000000000e+00,-0.000000000000000000e+00,-5.271610192986642129e-01,0.000000000000000000e+00,0.000000000000000000e+00
-0.000000000000000000e+00,-0.000000000000000000e+00,0.000000000000000000e+00,3.588638121177951112e-01,0.000000000000000000e+00,-0.000000000000000000e+00,0.000000000000000000e+00,-0.000000000000000000e+00,2.379526633065003338e-01,-2.700896213962419336e-03,0.000000000000000000e+00,5.075554732840121819e-01,-0.000000000000000000e+00,0.000000000000000000e+00,-3.439884351468699974e-02,-0.000000000000000000e+00,-0.000000000000000000e+00,1.337122369343984596e-01,0.000000000000000000e+00,-6.005281645726406881e-02,-2.202740502189736924e-02,-2.699328136219255603e-01,0.000000000000000000e+00,-0.000000000000000000e+00,0.000000000000000000e+00,-0.000000000000000000e+00,0.000000000000000000e+00,-0.000000000000000000e+00,-1.088214620532717281e-01,-0.000000000000000000e+00,-3.946880957693165159e-01,-0.000000000000000000e+00,2.483597597914855459e+00,0.000000000000000000e+00,-5.285846728256111682e-01,-6.716177887540483726e-02,-0.000000000000000000e+00,0.000000000000000000e+00,0.000000000000000000e+00
0.000000000000000000e+00,0.000000000000000000e+00,-0.000000000000000000e+00,-0.000000000000000000e+00,-6.072039762871342915e-03,0.000000000000000000e+00,-7.592386653242660932e-02,0.000000000000000000e+00,-2.013840546292598732e-01,0.000000000000000000e+00,0.000000000000000000e+00,-4.480859351338462027e-02,2.208088702419948139e-03,-0.000000000000000000e+00,0.000000000000000000e+00,-0.000000000000000000e+00,1.083896475011038585e-01,-0.000000000000000000e+00,-0.000000000000000000e+00,0.000000000000000000e+00,0.000000000000000000e+00,0.000000000000000000e+00,-0.000000000000000000e+00,0.000000000000000000e+00,-9.611358800814753800e-02,0.000000000000000000e+00,-0.000000000000000000e+00,0.000000000000000000e+00,2.259697131760912969e-01,0.000000000000000000e+00,0.000000000000000000e+00,2.300668235069196210e-02,0.000000000000000000e+00,1.511288638004138374e+00,3.469892677278875806e-03,6.153916708577428230e-02,1.574520468468096068e-01,-1.763829482721238628e-01,-1.304278732632823956e-01
-0.000000000000000000e+00,-0.000000000000000000e+00,0.000000000000000000e+00,1.529929205928644009e-01,0.000000000000000000e+00,-0.000000000000000000e+00,3.530176825922675676e-01,-0.000000000000000000e+00,2.839589656726572153e-01,-0.000000000000000000e+00,-0.000000000000000000e+00,3.268242263490141464e-01,-0.000000000000000000e+00,0.000000000000000000e+00,-0.000000000000000000e+00,-0.000000000000000000e+00,-4.202569287045685581e-02,1.833620039559042125e-01,0.000000000000000000e+00,-1.453541039970209781e-01,-0.000000000000000000e+00,-0.000000000000000000e+00,0.000000000000000000e+00,-0.000000000000000000e+00,0.000000000000000000e+00,-0.000000000000000000e+00,0.000000000000000000e+00,-0.000000000000000000e+00,-4.716967193135224723e-01,-0.000000000000000000e+00,-1.047794176065128813e-01,-0.000000000000000000e+00,-5.285846728256111682e-01,3.469892677278875806e-03,2.777859605559364287e+00,-0.000000000000000000e+00,-1.819488710494492067e-01,0.000000000000000000e+00,1.978782524571308932e-01
-2.636049584905117982e-01,-9.078411802671164377e-02,0.000000000000000000e+00,1.907210179502644154e-02,0.000000000000000000e+00,-0.000000000000000000e+00,0.000000000000000000e+00,-0.000000000000000000e+00,0.000000000000000000e+00,-0.000000000000000000e+00,-0.000000000000000000e+00,0.000000000000000000e+00,-0.000000000000000000e+00,-0.000000000000000000e+00,-0.000000000000000000e+00,-0.000000000000000000e+00,-0.000000000000000000e+00,0.000000000000000000e+00,0.000000000000000000e+00,-4.080702189379486339e-02,-0.000000000000000000e+00,-4.755371526486820710e-03,0.000000000000000000e+00,0.000000000000000000e+00,0.000000000000000000e+00,-0.000000000000000000e+00,-0.000000000000000000e+00,-0.000000000000000000e+00,-3.457900326927931117e-02,-0.000000000000000000e+00,-0.000000000000000000e+00,-0.000000000000000000e+00,-6.716177887540483726e-02,6.153916708577428230e-02,-0.000000000000000000e+00,1.171145769130617298e+00,-5.838662627055857257e-02,0.000000000000000000e+00,0.000000000000000000e+00
-0.000000000000000000e+00,-0.000000000000000000e+00,-0.000000000000000000e+00,0.000000000000000000e+00,0.000000000000000000e+00,-0.000000000000000000e+00,0.000000000000000000e+00,0.000000000000000000e+00,0.000000000000000000e+00,-0.000000000000000000e+00,-0.000000000000000000e+00,0.000000000000000000e+00,0.000000000000000000e+00,-0.000000000000000000e+00,-1.743261647144540849e-01,-0.000000000000000000e+00,-1.980171996419143876e-01,0.000000000000000000e+00,0.000000000000000000e+00,-3.900672014645439195e-02,-1.593567657536154314e-01,-0.000000000000000000e+00,0.000000000000000000e+00,-0.000000000000000000e+00,0.000000000000000000e+00,-2.044120612154174677e-01,-0.000000000000000000e+00,-1.135122939408134829e-01,-5.357472406880496862e-01,-0.000000000000000000e+00,-0.000000000000000000e+00,-5.271610192986642129e-01,-0.000000000000000000e+00,1.574520468468096068e-01,-1.819488710494492067e-01,-5.838662627055857257e-02,2.297881029623011884e+00,0.000000000000000000e+00,2.597522752368647270e-01
-0.000000000000000000e+00,-0.000000000000000000e+00,-0.000000000000000000e+00,-3.841317315188345904e-02,-8.296714954232156658e-02,-0.000000000000000000e+00,-0.000000000000000000e+00,0.000000000000000000e+00,-1.387088455235839235e-01,-0.000000000000000000e+00,-0.000000000000000000e+00,-0.000000000000000000e+00,5.457174287690840647e-02,-6.563821702436808958e-02,0.000000000000000000e+00,-1.555764713289052581e-01,0.000000000000000000e+00,-0.000000000000000000e+00,-0.000000000000000000e+00,0.000000000000000000e+00,-0.000000000000000000e+00,0.000000000000000000e+00,-0.000000000000000000e+00,-0.000000000000000000e+00,-7.823202389463553008e-02,-3.141016885574414441e-02,-0.000000000000000000e+00,-1.528768262951558932e-02,0.000000000000000000e+00,-0.000000000000000000e+00,0.000000000000000000e+00,0.000000000000000000e+00,0.000000000000000000e+00,-1.763829482721238628e-01,0.000000000000000000e+00,0.000000000000000000e+00,0.000000000000000000e+00,1.173794885245393438e+00,-0.000000000000000000e+00
0.000000000000000000e+00,-0.000000000000000000e+00,-0.000000000000000000e+00,-0.000000000000000000e+00,-4.953888955343840189e-02,3.146091619988256038e-02,-3.072508611364078712e-01,0.000000000000000000e+00,-3.602893845943739848e-01,0.000000000000000000e+00,0.000000000000000000e+00,-2.080759354997888666e-01,-0.000000000000000000e+00,-0.000000000000000000e+00,1.327072511370308017e-01,-0.000000000000000000e+00,2.812514565783685305e-01,-0.000000000000000000e+00,-0.000000000000000000e+00,5.898620938326505636e-02,0.000000000000000000e+00,0.000000000000000000e+00,-3.099915427088803521e-01,0.000000000000000000e+00,-1.090747123862745166e-01,0.000000000000000000e+00,-0.000000000000000000e+00,0.000000000000000000e+00,2.001871843610481538e-01,0.000000000000000000e+00,0.000000000000000000e+00,0.000000000000000000e+00,0.000000000000000000e+00,-1.304278732632823956e-01,1.978782524571308932e-01,0.000000000000000000e+00,2.597522752368647270e-01,-0.000000000000000000e+00,2.398100019430876362e+00
