1.751139886850597183e+00,-5.056369664664310815e-01,0.000000000000000000e+00,0.000000000000000000e+00,-0.000000000000000000e+00,-0.000000000000000000e+00,-0.000000000000000000e+00,0.000000000000000000e+00,-0.000000000000000000e+00,-1.382951147237402589e-01,-0.000000000000000000e+00,0.000000000000000000e+00,-0.000000000000000000e+00,-0.000000000000000000e+00,0.000000000000000000e+00,-2.459998070669262848e-01,-0.000000000000000000e+00,-0.000000000000000000e+00,0.000000000000000000e+00,-0.000000000000000000e+00,-0.000000000000000000e+00,-0.000000000000000000e+00,-2.086594996549874792e-01,-0.000000000000000000e+00,-4.322974156181258465e-02,-0.000000000000000000e+00,-0.000000000000000000e+00,-0.000000000000000000e+00,-1.288971151852318364e-01,-1.030517551583127328e-01,-1.214576467232576090e-02,-0.000000000000000000e+00,-0.000000000000000000e+00,0.000000000000000000e+00,-4.044273151414056779e-03,-3.517728029542718238e-01,-0.000000000000000000e+00,-0.000000000000000000e+00,-0.000000000000000000e+00
-5.056369664664310815e-01,1.458427294926369022e+00,0.000000000000000000e+00,-0.000000000000000000e+00,0.000000000000000000e+00,1.421951364095200461e-03,-2.621697823953883510e-01,-0.000000000000000000e+00,-1.677191791478263583e-01,-0.000000000000000000e+00,0.000000000000000000e+00,-5.811881504074861010e-02,-0.000000000000000000e+00,-0.000000000000000000e+00,-0.000000000000000000e+00,-0.000000000000000000e+00,0.000000000000000000e+00,-0.000000000000000000e+00,0.000000000000000000e+00,0.000000000000000000e+00,2.946021188888175990e-01,0.000000000000000000e+00,-0.000000000000000000e+00,0.000000000000000000e+00,-0.000000000000000000e+00,-0.000000000000000000e+00,-0.000000000000000000e+00,-0.000000000000000000e+00,-6.542286475954436908e-02,-2.257738300052921365e-01,-0.000000000000000000e+00,-0.000000000000000000e+00,0.000000000000000000e+00,-0.000000000000000000e+00,-0.000000000000000000e+00,-0.000000000000000000e+00,-0.000000000000000000e+00,-0.000000000000000000e+00,-0.000000000000000000e+00
0.000000000000000000e+00,0.000000000000000000e+00,2.096267197471121335e+00,-0.000000000000000000e+00,-8.003256702903996933e-01,-0.000000000000000000e+00,0.000000000000000000e+00,4.609426592074202800e-01,-0.000000000000000000e+00,-0.000000000000000000e+00,-0.000000000000000000e+00,-0.000000000000000000e+00,0.000000000000000000e+00,-0.000000000000000000e+00,-0.000000000000000000e+00,0.000000000000000000e+00,0.000000000000000000e+00,-0.000000000000000000e+00,-0.000000000000000000e+00,-0.000000000000000000e+00,-4.255901930387120946e-01,-0.000000000000000000e+00,-0.000000000000000000e+00,-0.000000000000000000e+00,-0.000000000000000000e+00,0.000000000000000000e+00,0.000000000000000000e+00,-0.000000000000000000e+00,0.000000000000000000e+00,-0.000000000000000000e+00,0.000000000000000000e+00,-0.000000000000000000e+00,-3.511991087841282999e-01,-1.406160070865552364e-02,0.000000000000000000e+00,0.000000000000000000e+00,0.000000000000000000e+00,-0.000000000000000000e+00,-0.000000000000000000e+00
0.000000000000000000e+00,-0.000000000000000000e+00,-0.000000000000000000e+00,1.401932314138190527e+00,-0.000000000000000000e+00,0.000000000000000000e+00,-2.792271488690150072e-01,-0.000000000000000000e+00,-0.000000000000000000e+00,-0.000000000000000000e+00,0.000000000000000000e+00,-0.000000000000000000e+00,-0.000000000000000000e+00,-0.000000000000000000e+00,-0.000000000000000000e+00,-0.000000000000000000e+00,0.000000000000000000e+00,-0.000000000000000000e+00,-1.715795080719429710e-01,-4.558734904311367298e-01,-0.000000000000000000e+00,-0.000000000000000000e+00,0.000000000000000000e+00,-0.000000000000000000e+00,-0.000000000000000000e+00,-0.000000000000000000e+00,-0.000000000000000000e+00,-1.238890603741971824e-01,-7.325276601235319873e-02,-0.000000000000000000e+00,-0.000000000000000000e+00,-0.000000000000000000e+00,-0.000000000000000000e+00,0.000000000000000000e+00,-0.000000000000000000e+00,-0.000000000000000000e+00,-0.000000000000000000e+00,0.000000000000000000e+00,-0.000000000000000000e+00
-0.000000000000000000e+00,0.000000000000000000e+00,-8.003256702903996933e-01,-0.000000000000000000e+00,2.163603760188225866e+00,0.000000000000000000e+00,-0.000000000000000000e+00,2.484713609799132639e-01,-0.000000000000000000e+00,-0.000000000000000000e+00,-0.000000000000000000e+00,-0.000000000000000000e+00,0.000000000000000000e+00,-3.862977078476296233e-01,-0.000000000000000000e+00,-0.000000000000000000e+00,-0.000000000000000000e+00,-1.462204432767451046e-01,-0.000000000000000000e+00,-0.000000000000000000e+00,-0.000000000000000000e+00,-0.000000000000000000e+00,-0.000000000000000000e+00,-9.355030981708487015e-02,-0.000000000000000000e+00,-0.000000000000000000e+00,-0.000000000000000000e+00,-1.774007157341200847e-01,0.000000000000000000e+00,-0.000000000000000000e+00,-0.000000000000000000e+00,-0.000000000000000000e+00,-0.000000000000000000e+00,-5.996516475002835467e-01,0.000000000000000000e+00,0.000000000000000000e+00,0.000000000000000000e+00,-4.367679186545754544e-02,-0.000000000000000000e+00
-0.000000000000000000e+00,1.421951364095200461e-03,-0.000000000000000000e+00,0.000000000000000000e+00,0.000000000000000000e+00,2.005263951361926811e+00,0.000000000000000000e+00,0.000000000000000000e+00,1.378500893249564596e-01,-0.000000000000000000e+00,-4.710379837640793488e-02,4.402593445944884276e-02,-4.551809417451577189e-02,-4.597737193261910299e-02,3.790890008612338158e-02,-0.000000000000000000e+00,-6.149232568227078755e-01,0.000000000000000000e+00,5.160690474928689153e-02,-0.000000000000000000e+00,-1.434111856206253255e-01,-0.000000000000000000e+00,-0.000000000000000000e+00,-0.000000000000000000e+00,0.000000000000000000e+00,-0.000000000000000000e+00,0.000000000000000000e+00,-0.000000000000000000e+00,-0.000000000000000000e+00,3.157655811099333021e-02,-0.000000000000000000e+00,-2.493317448787526480e-01,-1.802629050642948205e-02,0.000000000000000000e+00,-2.514227816458807774e-01,-0.000000000000000000e+00,-1.140486999674738960e-01,1.935665359078790893e-01,1.492260964250960442e-01
-0.000000000000000000e+00,-2.621697823953883510e-01,0.000000000000000000e+00,-2.792271488690150072e-01,-0.000000000000000000e+00,0.000000000000000000e+00,1.653910511519884441e+00,-0.000000000000000000e+00,-0.000000000000000000e+00,-2.063841768376704217e-02,0.000000000000000000e+00,-5.156699212361076645e-02,-2.925785903948491251e-02,-0.000000000000000000e+00,-0.000000000000000000e+00,-0.000000000000000000e+00,0.000000000000000000e+00,-3.130359917914413148e-01,-6.804115357523968233e-02,-3.053844613829737598e-01,0.000000000000000000e+00,-1.659047228772022875e-01,-0.000000000000000000e+00,-0.000000000000000000e+00,-6.571726101761295180e-02,-0.000000000000000000e+00,-0.000000000000000000e+00,-0.000000000000000000e+00,-2.768623680437684587e-02,-0.000000000000000000e+00,-6.237823920038511327e-02,-0.000000000000000000e+00,-0.000000000000000000e+00,-0.000000000000000000e+00,-0.000000000000000000e+00,-0.000000000000000000e+00,-0.000000000000000000e+00,-0.000000000000000000e+00,-2.004285586809692044e-01
0.000000000000000000e+00,-0.000000000000000000e+00,4.609426592074202800e-01,-0.000000000000000000e+00,2.484713609799132639e-01,0.000000000000000000e+00,-0.000000000000000000e+00,1.451911294476444292e+00,0.000000000000000000e+00,0.000000000000000000e+00,0.000000000000000000e+00,-0.000000000000000000e+00,-0.000000000000000000e+00,1.005932345364803360e-01,-0.000000000000000000e+00,0.000000000000000000e+00,0.000000000000000000e+00,-0.000000000000000000e+00,-0.000000000000000000e+00,-0.000000000000000000e+00,0.000000000000000000e+00,-0.000000000000000000e+00,0.000000000000000000e+00,0.000000000000000000e+00,0.000000000000000000e+00,5.380159857836729759e-02,0.000000000000000000e+00,1.767661028771219944e-01,0.000000000000000000e+00,0.000000000000000000e+00,0.000000000000000000e+00,0.000000000000000000e+00,0.000000000000000000e+00,0.000000000000000000e+00,0.000000000000000000e+00,0.000000000000000000e+00,0.000000000000000000e+00,0.000000000000000000e+00,0.000000000000000000e+00
-0.000000000000000000e+00,-1.677191791478263583e-01,-0.000000000000000000e+00,-0.000000000000000000e+00,-0.000000000000000000e+00,1.378500893249564596e-01,-0.000000000000000000e+00,0.000000000000000000e+00,2.429614821806742153e+00,0.000000000000000000e+00,0.000000000000000000e+00,-0.000000000000000000e+00,0.000000000000000000e+00,0.000000000000000000e+00,-2.708902896292716966e-01,0.000000000000000000e+00,9.426512485880721159e-02,-5.218751977746401982e-01,-0.000000000000000000e+00,-0.000000000000000000e+00,0.000000000000000000e+00,0.000000000000000000e+00,0.000000000000000000e+00,-0.000000000000000000e+00,-0.000000000000000000e+00,0.000000000000000000e+00,-0.000000000000000000e+00,-0.000000000000000000e+00,0.000000000000000000e+00,-1.374261364798552709e-01,0.000000000000000000e+00,0.000000000000000000e+00,0.000000000000000000e+00,-7.459735279533961094e-01,4.088895424241992260e-02,5.414800332643120856e-02,2.113319975830500741e-01,-3.552983660672509036e-01,-2.050291183598313693e-01
-1.382951147237402589e-01,-0.000000000000000000e+00,-0.000000000000000000e+00,-0.000000000000000000e+00,-0.000000000000000000e+00,-0.000000000000000000e+00,-2.063841768376704217e-02,0.000000000000000000e+00,0.000000000000000000e+00,2.482366517431064956e+00,-0.000000000000000000e+00,-0.000000000000000000e+00,-6.218033767881111368e-02,-0.000000000000000000e+00,0.000000000000000000e+00,-6.506917411681598651e-01,-0.000000000000000000e+00,-0.000000000000000000e+00,-0.000000000000000000e+00,-2.246926226622927014e-01,-6.260570340709464832e-02,-4.287232787312396098e-01,-2.546656205385499638e-01,-0.000000000000000000e+00,-1.175318643258060763e-01,-0.000000000000000000e+00,-0.000000000000000000e+00,-0.000000000000000000e+00,-5.671289038071689048e-02,-2.249840937095649515e-02,-2.608536070671790830e-01,-0.000000000000000000e+00,-1.525659624612814846e-01,0.000000000000000000e+00,-5.627357495341405412e-03,-2.124158616107844622e-01,-0.000000000000000000e+00,-0.000000000000000000e+00,-0.000000000000000000e+00
-0.000000000000000000e+00,0.000000000000000000e+00,-0.000000000000000000e+00,0.000000000000000000e+00,-0.000000000000000000e+00,-4.710379837640793488e-02,0.000000000000000000e+00,0.000000000000000000e+00,0.000000000000000000e+00,-0.000000000000000000e+00,1.723552641588027345e+00,0.000000000000000000e+00,-0.000000000000000000e+00,-1.914534397647831288e-01,0.000000000000000000e+00,-0.000000000000000000e+00,-6.520858278375510908e-01,0.000000000000000000e+00,0.000000000000000000e+00,0.000000000000000000e+00,-0.000000000000000000e+00,-0.000000000000000000e+00,-1.557803090789378342e-01,-0.000000000000000000e+00,-0.000000000000000000e+00,-2.465237072769939086e-01,-0.000000000000000000e+00,-0.000000000000000000e+00,0.000000000000000000e+00,0.000000000000000000e+00,-0.000000000000000000e+00,-5.937126642578963859e-02,-1.403292461746125097e-01,0.000000000000000000e+00,-0.000000000000000000e+00,-0.000000000000000000e+00,-0.000000000000000000e+00,0.000000000000000000e+00,0.000000000000000000e+00
0.000000000000000000e+00,-5.811881504074861010e-02,-0.000000000000000000e+00,-0.000000000000000000e+00,-0.000000000000000000e+00,4.402593445944884276e-02,-5.156699212361076645e-02,-0.000000000000000000e+00,-0.000000000000000000e+00,-0.000000000000000000e+00,0.000000000000000000e+00,1.589587535025372977e+00,-0.000000000000000000e+00,0.000000000000000000e+00,-4.320335709912552224e-01,0.000000000000000000e+00,0.000000000000000000e+00,-0.000000000000000000e+00,-2.754653842305843092e-01,-0.000000000000000000e+00,2.076266596252378596e-02,-0.000000000000000000e+00,-0.000000000000000000e+00,-0.000000000000000000e+00,-0.000000000000000000e+00,-0.000000000000000000e+00,-2.769162293146252840e-01,-0.000000000000000000e+00,0.000000000000000000e+00,-0.000000000000000000e+00,-0.000000000000000000e+00,0.000000000000000000e+00,0.000000000000000000e+00,-1.040832923347110167e-01,0.000000000000000000e+00,0.000000000000000000e+00,0.000000000000000000e+00,-0.000000000000000000e+00,-2.290214868264636161e-01
-0.000000000000000000e+00,-0.000000000000000000e+00,0.000000000000000000e+00,-0.000000000000000000e+00,0.000000000000000000e+00,-4.551809417451577189e-02,-2.925785903948491251e-02,-0.000000000000000000e+00,0.000000000000000000e+00,-6.218033767881111368e-02,-0.000000000000000000e+00,-0.000000000000000000e+00,2.208240822116134705e+00,-0.000000000000000000e+00,0.000000000000000000e+00,-0.000000000000000000e+00,-0.000000000000000000e+00,0.000000000000000000e+00,0.000000000000000000e+00,-1.108884197921840842e-01,-0.000000000000000000e+00,-8.682464162383418671e-01,-0.000000000000000000e+00,-0.000000000000000000e+00,-0.000000000000000000e+00,-0.000000000000000000e+00,-0.000000000000000000e+00,0.000000000000000000e+00,-1.453075505881565865e-01,0.000000000000000000e+00,-0.000000000000000000e+00,-3.940844993011802244e-02,-4.541625528978878584e-03,0.000000000000000000e+00,-4.746631868716568170e-01,-1.028267455943904785e-01,-1.425369316504511430e-01,2.844841580921176130e-02,-0.000000000000000000e+00
-0.000000000000000000e+00,-0.000000000000000000e+00,-0.000000000000000000e+00,-0.000000000000000000e+00,-3.862977078476296233e-01,-4.597737193261910299e-02,-0.000000000000000000e+00,1.005932345364803360e-01,0.000000000000000000e+00,-0.000000000000000000e+00,-1.914534397647831288e-01,0.000000000000000000e+00,-0.000000000000000000e+00,1.994293806268438107e+00,0.000000000000000000e+00,-4.399478425138434595e-02,-1.390167084757985283e-01,-0.000000000000000000e+00,0.000000000000000000e+00,-0.000000000000000000e+00,-0.000000000000000000e+00,-0.000000000000000000e+00,-9.477373985746038055e-04,-4.506475872592800025e-01,-0.000000000000000000e+00,-2.645225202763538605e-02,-0.000000000000000000e+00,-3.223038483470674898e-01,-0.000000000000000000e+00,-0.000000000000000000e+00,-0.000000000000000000e+00,-3.304485751280660799e-01,-1.816354006638707941e-01,-0.000000000000000000e+00,-0.000000000000000000e+00,-0.000000000000000000e+00,-0.000000000000000000e+00,0.000000000000000000e+00,0.000000000000000000e+00
0.000000000000000000e+00,-0.000000000000000000e+00,-0.000000000000000000e+00,-0.000000000000000000e+00,-0.000000000000000000e+00,3.790890008612338158e-02,-0.000000000000000000e+00,-0.000000000000000000e+00,-2.708902896292716966e-01,0.000000000000000000e+00,0.000000000000000000e+00,-4.320335709912552224e-01,0.000000000000000000e+00,0.000000000000000000e+00,2.289849421288274733e+00,0.000000000000000000e+00,0.000000000000000000e+00,-3.676289668239892117e-01,-7.119815041454929938e-01,-0.000000000000000000e+00,0.000000000000000000e+00,0.000000000000000000e+00,0.000000000000000000e+00,-0.000000000000000000e+00,-0.000000000000000000e+00,0.000000000000000000e+00,-0.000000000000000000e+00,-0.000000000000000000e+00,0.000000000000000000e+00,-0.000000000000000000e+00,0.000000000000000000e+00,0.000000000000000000e+00,0.000000000000000000e+00,-0.000000000000000000e+00,3.074112762883202676e-01,1.851314049936520489e-01,0.000000000000000000e+00,-1.327721724196562203e-01,-0.000000000000000000e+00
-2.459998070669262848e-01,-0.000000000000000000e+00,0.000000000000000000e+00,-0.000000000000000000e+00,-0.000000000000000000e+00,-0.000000000000000000e+00,-0.000000000000000000e+00,0.000000000000000000e+00,0.000000000000000000e+00,-6.506917411681598651e-01,-0.000000000000000000e+00,0.000000000000000000e+00,-0.000000000000000000e+00,-4.399478425138434595e-02,0.000000000000000000e+00,2.381253303434602397e+00,-0.000000000000000000e+00,0.000000000000000000e+00,0.000000000000000000e+00,-0.000000000000000000e+00,-0.000000000000000000e+00,-0.000000000000000000e+00,-2.127629832778561436e-01,-0.000000000000000000e+00,-0.000000000000000000e+00,-1.668069735522909047e-01,-0.000000000000000000e+00,-5.160082022669115059e-02,-8.811026409645582314e-02,-3.462404722706694665e-02,-2.958120906860613464e-01,-1.810744467318085305e-01,-0.000000000000000000e+00,0.000000000000000000e+00,-5.830344207923562200e-02,-2.748984641567657761e-01,-1.578260223535164486e-01,-0.000000000000000000e+00,0.000000000000000000e+00
-0.000000000000000000e+00,0.000000000000000000e+00,0.000000000000000000e+00,0.000000000000000000e+00,-0.000000000000000000e+00,-6.149232568227078755e-01,0.000000000000000000e+00,0.000000000000000000e+00,9.426512485880721159e-02,-0.000000000000000000e+00,-6.520858278375510908e-01,0.000000000000000000e+00,-0.000000000000000000e+00,-1.390167084757985283e-01,0.000000000000000000e+00,-0.000000000000000000e+00,2.171547361641627205e+00,0.000000000000000000e+00,2.444059904319071386e-01,0.000000000000000000e+00,-0.000000000000000000e+00,-0.000000000000000000e+00,-0.000000000000000000e+00,-0.000000000000000000e+00,0.000000000000000000e+00,-1.247434832320629544e-01,-0.000000000000000000e+00,-0.000000000000000000e+00,-0.000000000000000000e+00,0.000000000000000000e+00,-0.000000000000000000e+00,-1.995960649711405188e-01,-0.000000000000000000e+00,0.000000000000000000e+00,-0.000000000000000000e+00,-0.000000000000000000e+00,-1.821340597176776543e-01,0.000000000000000000e+00,1.293237289313924759e-02
-0.000000000000000000e+00,-0.000000000000000000e+00,-0.000000000000000000e+00,-0.000000000000000000e+00,-1.462204432767451046e-01,0.000000000000000000e+00,-3.130359917914413148e-01,-0.000000000000000000e+00,-5.218751977746401982e-01,-0.000000000000000000e+00,0.000000000000000000e+00,-0.000000000000000000e+00,0.000000000000000000e+00,-0.000000000000000000e+00,-3.676289668239892117e-01,0.000000000000000000e+00,0.000000000000000000e+00,2.328094188750615690e+00,-5.737268027161112061e-01,-0.000000000000000000e+00,-0.000000000000000000e+00,-0.000000000000000000e+00,-0.000000000000000000e+00,-2.061128052052958260e-04,-0.000000000000000000e+00,0.000000000000000000e+00,-0.000000000000000000e+00,-0.000000000000000000e+00,0.000000000000000000e+00,-0.000000000000000000e+00,-0.000000000000000000e+00,0.000000000000000000e+00,0.000000000000000000e+00,-0.000000000000000000e+00,0.000000000000000000e+00,0.000000000000000000e+00,0.000000000000000000e+00,-2.523894312034105081e-01,-2.814268968380676528e-01
0.000000000000000000e+00,0.000000000000000000e+00,-0.000000000000000000e+00,-1.715795080719429710e-01,-0.000000000000000000e+00,5.160690474928689153e-02,-6.804115357523968233e-02,-0.000000000000000000e+00,-0.000000000000000000e+00,-0.000000000000000000e+00,0.000000000000000000e+00,-2.754653842305843092e-01,0.000000000000000000e+00,0.000000000000000000e+00,-7.119815041454929938e-01,0.000000000000000000e+00,2.444059904319071386e-01,-5.737268027161112061e-01,2.274504184560405928e+00,-0.000000000000000000e+00,0.000000000000000000e+00,0.000000000000000000e+00,0.000000000000000000e+00,-0.000000000000000000e+00,-2.111828359507638905e-02,0.000000000000000000e+00,-0.000000000000000000e+00,-0.000000000000000000e+00,0.000000000000000000e+00,-0.000000000000000000e+00,-0.000000000000000000e+00,0.000000000000000000e+00,0.000000000000000000e+00,-0.000000000000000000e+00,2.040412178979143266e-03,3.450779261910715684e-02,0.000000000000000000e+00,-0.000000000000000000e+00,-2.938224381521485906e-01
-0.000000000000000000e+00,0.000000000000000000e+00,-0.000000000000000000e+00,-4.558734904311367298e-01,-0.000000000000000000e+00,-0.000000000000000000e+00,-3.053844613829737598e-01,-0.000000000000000000e+00,-0.000000000000000000e+00,-2.246926226622927014e-01,0.000000000000000000e+00,-0.000000000000000000e+00,-1.108884197921840842e-01,-0.000000000000000000e+00,-0.000000000000000000e+00,-0.000000000000000000e+00,0.000000000000000000e+00,-0.000000000000000000e+00,-0.000000000000000000e+00,1.849433383293915156e+00,-5.749564764220373159e-02,-5.093132456123588003e-01,-0.000000000000000000e+00,-0.000000000000000000e+00,-0.000000000000000000e+00,-0.000000000000000000e+00,-0.000000000000000000e+00,-3.403352395656435159e-02,-0.000000000000000000e+00,-0.000000000000000000e+00,-8.803375655918617426e-02,-0.000000000000000000e+00,-0.000000000000000000e+00,-0.000000000000000000e+00,-0.000000000000000000e+00,-0.000000000000000000e+00,-0.000000000000000000e+00,-0.000000000000000000e+00,-6.823539454345650505e-03
-0.000000000000000000e+00,2.946021188888175990e-01,-4.255901930387120946e-01,-0.000000000000000000e+00,-0.000000000000000000e+00,-1.434111856206253255e-01,0.000000000000000000e+00,0.000000000000000000e+00,0.000000000000000000e+00,-6.260570340709464832e-02,-0.000000000000000000e+00,2.076266596252378596e-02,-0.000000000000000000e+00,-0.000000000000000000e+00,0.000000000000000000e+00,-0.000000000000000000e+00,-0.000000000000000000e+00,-0.000000000000000000e+00,0.000000000000000000e+00,-5.749564764220373159e-02,1.938815885505203340e+00,-2.850253838333729473e-01,-0.000000000000000000e+00,-0.000000000000000000e+00,-0.000000000000000000e+00,0.000000000000000000e+00,0.000000000000000000e+00,0.000000000000000000e+00,-0.000000000000000000e+00,0.000000000000000000e+00,-0.000000000000000000e+00,-0.000000000000000000e+00,-7.358056535624128980e-01,0.000000000000000000e+00,-0.000000000000000000e+00,-0.000000000000000000e+00,-0.000000000000000000e+00,0.000000000000000000e+00,0.000000000000000000e+00
-0.000000000000000000e+00,0.000000000000000000e+00,-0.000000000000000000e+00,-0.000000000000000000e+00,-0.000000000000000000e+00,-0.000000000000000000e+00,-1.659047228772022875e-01,-0.000000000000000000e+00,0.000000000000000000e+00,-4.287232787312396098e-01,-0.000000000000000000e+00,-0.000000000000000000e+00,-8.682464162383418671e-01,-0.000000000000000000e+00,0.000000000000000000e+00,-0.000000000000000000e+00,-0.000000000000000000e+00,-0.000000000000000000e+00,0.000000000000000000e+00,-5.093132456123588003e-01,-2.850253838333729473e-01,2.922196112177204874e+00,-2.954755020391186884e-02,-0.000000000000000000e+00,-0.000000000000000000e+00,-0.000000000000000000e+00,-0.000000000000000000e+00,-0.000000000000000000e+00,-0.000000000000000000e+00,-0.000000000000000000e+00,-3.741565277314726906e-02,-1.702967783365525734e-01,-5.086813515410498754e-01,0.000000000000000000e+00,-1.534644475627382487e-01,-1.175612141869013944e-01,-0.000000000000000000e+00,0.000000000000000000e+00,-0.000000000000000000e+00
-2.086594996549874792e-01,-0.000000000000000000e+00,-0.000000000000000000e+00,0.000000000000000000e+00,-0.000000000000000000e+00,-0.000000000000000000e+00,-0.000000000000000000e+00,0.000000000000000000e+00,0.000000000000000000e+00,-2.546656205385499638e-01,-1.557803090789378342e-01,-0.000000000000000000e+00,-0.000000000000000000e+00,-9.477373985746038055e-04,0.000000000000000000e+00,-2.127629832778561436e-01,-0.000000000000000000e+00,-0.000000000000000000e+00,0.000000000000000000e+00,-0.000000000000000000e+00,-0.000000000000000000e+00,-2.954755020391186884e-02,2.050871981930121546e+00,-5.579087885046261214e-02,-6.787829112990541036e-01,-0.000000000000000000e+00,-0.000000000000000000e+00,-0.000000000000000000e+00,-9.287987351214030407e-02,-0.000000000000000000e+00,-3.489306260631319101e-01,-9.767100070183859506e-03,-0.000000000000000000e+00,0.000000000000000000e+00,-8.564355116340297003e-02,-0.000000000000000000e+00,-6.549509760594610097e-03,-0.000000000000000000e+00,-0.000000000000000000e+00
-0.000000000000000000e+00,0.000000000000000000e+00,-0.000000000000000000e+00,-0.000000000000000000e+00,-9.355030981708487015e-02,-0.000000000000000000e+00,-0.000000000000000000e+00,0.000000000000000000e+00,-0.000000000000000000e+00,-0.000000000000000000e+00,-0.000000000000000000e+00,-0.000000000000000000e+00,-0.000000000000000000e+00,-4.506475872592800025e-01,-0.000000000000000000e+00,-0.000000000000000000e+00,-0.000000000000000000e+00,-2.061128052052958260e-04,-0.000000000000000000e+00,-0.000000000000000000e+00,-0.000000000000000000e+00,-0.000000000000000000e+00,-5.579087885046261214e-02,1.245083853216677472e+00,-7.258301320713070326e-02,-0.000000000000000000e+00,-0.000000000000000000e+00,-0.000000000000000000e+00,-0.000000000000000000e+00,-0.000000000000000000e+00,-0.000000000000000000e+00,-0.000000000000000000e+00,-1.076790175694782546e-02,-0.000000000000000000e+00,-0.000000000000000000e+00,0.000000000000000000e+00,-0.000000000000000000e+00,-0.000000000000000000e+00,-0.000000000000000000e+00
-4.322974156181258465e-02,-0.000000000000000000e+00,-0.000000000000000000e+00,-0.000000000000000000e+00,-0.000000000000000000e+00,0.000000000000000000e+00,-6.571726101761295180e-02,0.000000000000000000e+00,-0.000000000000000000e+00,-1.175318643258060763e-01,-0.000000000000000000e+00,-0.000000000000000000e+00,-0.000000000000000000e+00,-0.000000000000000000e+00,-0.000000000000000000e+00,-0.000000000000000000e+00,0.000000000000000000e+00,-0.000000000000000000e+00,-2.111828359507638905e-02,-0.000000000000000000e+00,-0.000000000000000000e+00,-0.000000000000000000e+00,-6.787829112990541036e-01,-7.258301320713070326e-02,1.712496106795570849e+00,-0.000000000000000000e+00,-0.000000000000000000e+00,-0.000000000000000000e+00,-0.000000000000000000e+00,-2.489205771576506743e-01,-0.000000000000000000e+00,-0.000000000000000000e+00,-0.000000000000000000e+00,-0.000000000000000000e+00,-0.000000000000000000e+00,0.000000000000000000e+00,-0.000000000000000000e+00,-2.944595170424809671e-01,-2.453670563480578604e-01
-0.000000000000000000e+00,-0.000000000000000000e+00,0.000000000000000000e+00,-0.000000000000000000e+00,-0.000000000000000000e+00,-0.000000000000000000e+00,-0.000000000000000000e+00,5.380159857836729759e-02,0.000000000000000000e+00,-0.000000000000000000e+00,-2.465237072769939086e-01,-0.000000000000000000e+00,-0.000000000000000000e+00,-2.645225202763538605e-02,0.000000000000000000e+00,-1.668069735522909047e-01,-1.247434832320629544e-01,0.000000000000000000e+00,0.000000000000000000e+00,-0.000000000000000000e+00,0.000000000000000000e+00,-0.000000000000000000e+00,-0.000000000000000000e+00,-0.000000000000000000e+00,-0.000000000000000000e+00,2.048219526791571266e+00,-4.942492722047901466e-01,-4.248713810572746774e-01,-3.382646653043683369e-03,-7.993624322026686435e-02,-0.000000000000000000e+00,-5.833881878421079969e-01,-0.000000000000000000e+00,0.000000000000000000e+00,-0.000000000000000000e+00,-0.000000000000000000e+00,-0.000000000000000000e+00,0.000000000000000000e+00,0.000000000000000000e+00
-0.000000000000000000e+00,-0.000000000000000000e+00,0.000000000000000000e+00,-0.000000000000000000e+00,-0.000000000000000000e+00,0.000000000000000000e+00,-0.000000000000000000e+00,0.000000000000000000e+00,-0.000000000000000000e+00,-0.000000000000000000e+00,-0.000000000000000000e+00,-2.769162293146252840e-01,-0.000000000000000000e+00,-0.000000000000000000e+00,-0.000000000000000000e+00,-0.000000000000000000e+00,-0.000000000000000000e+00,-0.000000000000000000e+00,-0.000000000000000000e+00,-0.000000000000000000e+00,0.000000000000000000e+00,-0.000000000000000000e+00,-0.000000000000000000e+00,-0.000000000000000000e+00,-0.000000000000000000e+00,-4.942492722047901466e-01,1.305911093648529198e+00,-0.000000000000000000e+00,-0.000000000000000000e+00,-1.587126117930562630e-01,-0.000000000000000000e+00,-0.000000000000000000e+00,0.000000000000000000e+00,-0.000000000000000000e+00,-0.000000000000000000e+00,-0.000000000000000000e+00,0.000000000000000000e+00,-0.000000000000000000e+00,-0.000000000000000000e+00
-0.000000000000000000e+00,-0.000000000000000000e+00,-0.000000000000000000e+00,-1.238890603741971824e-01,-1.774007157341200847e-01,-0.000000000000000000e+00,-0.000000000000000000e+00,1.767661028771219944e-01,-0.000000000000000000e+00,-0.000000000000000000e+00,-0.000000000000000000e+00,-0.000000000000000000e+00,0.000000000000000000e+00,-3.223038483470674898e-01,-0.000000000000000000e+00,-5.160082022669115059e-02,-0.000000000000000000e+00,-0.000000000000000000e+00,-0.000000000000000000e+00,-3.403352395656435159e-02,0.000000000000000000e+00,-0.000000000000000000e+00,-0.000000000000000000e+00,-0.000000000000000000e+00,-0.000000000000000000e+00,-4.248713810572746774e-01,-0.000000000000000000e+00,1.735225371299607300e+00,-0.000000000000000000e+00,-0.000000000000000000e+00,-3.671848759741741519e-01,-0.000000000000000000e+00,-0.000000000000000000e+00,-0.000000000000000000e+00,-0.000000000000000000e+00,-0.000000000000000000e+00,-0.000000000000000000e+00,-5.111137027728961460e-03,-0.000000000000000000e+00
-1.288971151852318364e-01,-6.542286475954436908e-02,0.000000000000000000e+00,-7.325276601235319873e-02,0.000000000000000000e+00,-0.000000000000000000e+00,-2.768623680437684587e-02,0.000000000000000000e+00,0.000000000000000000e+00,-5.671289038071689048e-02,0.000000000000000000e+00,0.000000000000000000e+00,-1.453075505881565865e-01,-0.000000000000000000e+00,0.000000000000000000e+00,-8.811026409645582314e-02,-0.000000000000000000e+00,0.000000000000000000e+00,0.000000000000000000e+00,-0.000000000000000000e+00,-0.000000000000000000e+00,-0.000000000000000000e+00,-9.287987351214030407e-02,-0.000000000000000000e+00,-0.000000000000000000e+00,-3.382646653043683369e-03,-0.000000000000000000e+00,-0.000000000000000000e+00,1.855048429169416258e+00,-1.533436398830228253e-01,-0.000000000000000000e+00,-2.990683002891122433e-01,-0.000000000000000000e+00,0.000000000000000000e+00,-3.470938541614441708e-01,-9.798038711242981411e-03,-3.038994058114724561e-01,0.000000000000000000e+00,0.000000000000000000e+00
-1.030517551583127328e-01,-2.257738300052921365e-01,-0.000000000000000000e+00,-0.000000000000000000e+00,-0.000000000000000000e+00,3.157655811099333021e-02,-0.000000000000000000e+00,0.000000000000000000e+00,-1.374261364798552709e-01,-2.249840937095649515e-02,0.000000000000000000e+00,-0.000000000000000000e+00,0.000000000000000000e+00,-0.000000000000000000e+00,-0.000000000000000000e+00,-3.462404722706694665e-02,0.000000000000000000e+00,-0.000000000000000000e+00,-0.000000000000000000e+00,-0.000000000000000000e+00,0.000000000000000000e+00,-0.000000000000000000e+00,-0.000000000000000000e+00,-0.000000000000000000e+00,-2.489205771576506743e-01,-7.993624322026686435e-02,-1.587126117930562630e-01,-0.000000000000000000e+00,-1.533436398830228253e-01,1.328228251865771314e+00,-0.000000000000000000e+00,-0.000000000000000000e+00,-0.000000000000000000e+00,-0.000000000000000000e+00,-0.000000000000000000e+00,-0.000000000000000000e+00,0.000000000000000000e+00,-1.643137112697131211e-02,-0.000000000000000000e+00
-1.214576467232576090e-02,-0.000000000000000000e+00,0.000000000000000000e+00,-0.000000000000000000e+00,-0.000000000000000000e+00,-0.000000000000000000e+00,-6.237823920038511327e-02,0.000000000000000000e+00,0.000000000000000000e+00,-2.608536070671790830e-01,-0.000000000000000000e+00,-0.000000000000000000e+00,-0.000000000000000000e+00,-0.000000000000000000e+00,0.000000000000000000e+00,-2.958120906860613464e-01,-0.000000000000000000e+00,-0.000000000000000000e+00,-0.000000000000000000e+00,-8.803375655918617426e-02,-0.000000000000000000e+00,-3.741565277314726906e-02,-3.489306260631319101e-01,-0.000000000000000000e+00,-0.000000000000000000e+00,-0.000000000000000000e+00,-0.000000000000000000e+00,-3.671848759741741519e-01,-0.000000000000000000e+00,-0.000000000000000000e+00,2.158545008775046625e+00,-0.000000000000000000e+00,-2.101621364246594389e-03,0.000000000000000000e+00,-0.000000000000000000e+00,-1.582700315559202875e-01,-5.270500175877668170e-01,-0.000000000000000000e+00,-0.000000000000000000e+00
-0.000000000000000000e+00,-0.000000000000000000e+00,-0.000000000000000000e+00,-0.000000000000000000e+00,-0.000000000000000000e+00,-2.493317448787526480e-01,-0.000000000000000000e+00,0.000000000000000000e+00,0.000000000000000000e+00,-0.000000000000000000e+00,-5.937126642578963859e-02,0.000000000000000000e+00,-3.940844993011802244e-02,-3.304485751280660799e-01,0.000000000000000000e+00,-1.810744467318085305e-01,-1.995960649711405188e-01,0.000000000000000000e+00,0.000000000000000000e+00,-0.000000000000000000e+00,-0.000000000000000000e+00,-1.702967783365525734e-01,-9.767100070183859506e-03,-0.000000000000000000e+00,-0.000000000000000000e+00,-5.833881878421079969e-01,-0.000000000000000000e+00,-0.000000000000000000e+00,-2.990683002891122433e-01,-0.000000000000000000e+00,-0.000000000000000000e+00,2.935375937311528016e+00,-1.496948365379537349e-01,0.000000000000000000e+00,-3.955996809968995165e-01,-6.294481094015036415e-02,-5.650474956801678772e-01,0.000000000000000000e+00,0.000000000000000000e+00
-0.000000000000000000e+00,0.000000000000000000e+00,-3.511991087841282999e-01,-0.000000000000000000e+00,-0.000000000000000000e+00,-1.802629050642948205e-02,-0.000000000000000000e+00,0.000000000000000000e+00,0.000000000000000000e+00,-1.525659624612814846e-01,-1.403292461746125097e-01,0.000000000000000000e+00,-4.541625528978878584e-03,-1.816354006638707941e-01,0.000000000000000000e+00,-0.000000000000000000e+00,-0.000000000000000000e+00,0.000000000000000000e+00,0.000000000000000000e+00,-0.000000000000000000e+00,-7.358056535624128980e-01,-5.086813515410498754e-01,-0.000000000000000000e+00,-1.076790175694782546e-02,-0.000000000000000000e+00,-0.000000000000000000e+00,0.000000000000000000e+00,-0.000000000000000000e+00,-0.000000000000000000e+00,-0.000000000000000000e+00,-2.101621364246594389e-03,-1.496948365379537349e-01,2.324312445677249261e+00,0.000000000000000000e+00,-1.513279996969721097e-01,-0.000000000000000000e+00,-0.000000000000000000e+00,0.000000000000000000e+00,0.000000000000000000e+00
0.000000000000000000e+00,-0.000000000000000000e+00,-1.406160070865552364e-02,0.000000000000000000e+00,-5.996516475002835467e-01,0.000000000000000000e+00,-0.000000000000000000e+00,0.000000000000000000e+00,-7.459735279533961094e-01,0.000000000000000000e+00,0.000000000000000000e+00,-1.040832923347110167e-01,0.000000000000000000e+00,-0.000000000000000000e+00,-0.000000000000000000e+00,0.000000000000000000e+00,0.000000000000000000e+00,-0.000000000000000000e+00,-0.000000000000000000e+00,-0.000000000000000000e+00,0.000000000000000000e+00,0.000000000000000000e+00,0.000000000000000000e+00,-0.000000000000000000e+00,-0.000000000000000000e+00,0.000000000000000000e+00,-0.000000000000000000e+00,-0.000000000000000000e+00,0.000000000000000000e+00,-0.000000000000000000e+00,0.000000000000000000e+00,0.000000000000000000e+00,0.000000000000000000e+00,1.857860060088390108e+00,0.000000000000000000e+00,2.038616913432460820e-01,0.000000000000000000e+00,-0.000000000000000000e+00,-1.927090146945976412e-01
-4.044273151414056779e-03,-0.000000000000000000e+00,0.000000000000000000e+00,-0.000000000000000000e+00,0.000000000000000000e+00,-2.514227816458807774e-01,-0.000000000000000000e+00,0.000000000000000000e+00,4.088895424241992260e-02,-5.627357495341405412e-03,-0.000000000000000000e+00,0.000000000000000000e+00,-4.746631868716568170e-01,-0.000000000000000000e+00,3.074112762883202676e-01,-5.830344207923562200e-02,-0.000000000000000000e+00,0.000000000000000000e+00,2.040412178979143266e-03,-0.000000000000000000e+00,-0.000000000000000000e+00,-1.534644475627382487e-01,-8.564355116340297003e-02,-0.000000000000000000e+00,-0.000000000000000000e+00,-0.000000000000000000e+00,-0.000000000000000000e+00,-0.000000000000000000e+00,-3.470938541614441708e-01,-0.000000000000000000e+00,-0.000000000000000000e+00,-3.955996809968995165e-01,-1.513279996969721097e-01,0.000000000000000000e+00,2.740898533831572781e+00,-8.376796814867108754e-02,-6.526994778013290865e-01,0.000000000000000000e+00,0.000000000000000000e+00
-3.517728029542718238e-01,-0.000000000000000000e+00,0.000000000000000000e+00,-0.000000000000000000e+00,0.000000000000000000e+00,-0.000000000000000000e+00,-0.000000000000000000e+00,0.000000000000000000e+00,5.414800332643120856e-02,-2.124158616107844622e-01,-0.000000000000000000e+00,0.000000000000000000e+00,-1.028267455943904785e-01,-0.000000000000000000e+00,1.851314049936520489e-01,-2.748984641567657761e-01,-0.000000000000000000e+00,0.000000000000000000e+00,3.450779261910715684e-02,-0.000000000000000000e+00,-0.000000000000000000e+00,-1.175612141869013944e-01,-0.000000000000000000e+00,0.000000000000000000e+00,0.000000000000000000e+00,-0.000000000000000000e+00,-0.000000000000000000e+00,-0.000000000000000000e+00,-9.798038711242981411e-03,-0.000000000000000000e+00,-1.582700315559202875e-01,-6.294481094015036415e-02,-0.000000000000000000e+00,2.038616913432460820e-01,-8.376796814867108754e-02,2.007552570123271263e+00,-3.224826136349047689e-01,0.000000000000000000e+00,0.000000000000000000e+00
-0.000000000000000000e+00,-0.000000000000000000e+00,0.000000000000000000e+00,-0.000000000000000000e+00,0.000000000000000000e+00,-1.140486999674738960e-01,-0.000000000000000000e+00,0.000000000000000000e+00,2.113319975830500741e-01,-0.000000000000000000e+00,-0.000000000000000000e+00,0.000000000000000000e+00,-1.425369316504511430e-01,-0.000000000000000000e+00,0.000000000000000000e+00,-1.578260223535164486e-01,-1.821340597176776543e-01,0.000000000000000000e+00,0.000000000000000000e+00,-0.000000000000000000e+00,-0.000000000000000000e+00,-0.000000000000000000e+00,-6.549509760594610097e-03,-0.000000000000000000e+00,-0.000000000000000000e+00,-0.000000000000000000e+00,0.000000000000000000e+00,-0.000000000000000000e+00,-3.038994058114724561e-01,0.000000000000000000e+00,-5.270500175877668170e-01,-5.650474956801678772e-01,-0.000000000000000000e+00,0.000000000000000000e+00,-6.526994778013290865e-01,-3.224826136349047689e-01,2.906667521277336075e+00,0.000000000000000000e+00,0.000000000000000000e+00
-0.000000000000000000e+00,-0.000000000000000000e+00,-0.000000000000000000e+00,0.000000000000000000e+00,-4.367679186545754544e-02,1.935665359078790893e-01,-0.000000000000000000e+00,0.000000000000000000e+00,-3.552983660672509036e-01,-0.000000000000000000e+00,0.000000000000000000e+00,-0.000000000000000000e+00,2.844841580921176130e-02,0.000000000000000000e+00,-1.327721724196562203e-01,-0.000000000000000000e+00,0.000000000000000000e+00,-2.523894312034105081e-01,-0.000000000000000000e+00,-0.000000000000000000e+00,0.000000000000000000e+00,0.000000000000000000e+00,-0.000000000000000000e+00,-0.000000000000000000e+00,-2.944595170424809671e-01,0.000000000000000000e+00,-0.000000000000000000e+00,-5.111137027728961460e-03,0.000000000000000000e+00,-1.643137112697131211e-02,-0.000000000000000000e+00,0.000000000000000000e+00,0.000000000000000000e+00,-0.000000000000000000e+00,0.000000000000000000e+00,0.000000000000000000e+00,0.000000000000000000e+00,1.742270128756655101e+00,-3.629029292046674349e-01
-0.000000000000000000e+00,-0.000000000000000000e+00,-0.000000000000000000e+00,-0.000000000000000000e+00,-0.000000000000000000e+00,1.492260964250960442e-01,-2.004285586809692044e-01,0.000000000000000000e+00,-2.050291183598313693e-01,-0.000000000000000000e+00,0.000000000000000000e+00,-2.290214868264636161e-01,-0.000000000000000000e+00,0.000000000000000000e+00,-0.000000000000000000e+00,0.000000000000000000e+00,1.293237289313924759e-02,-2.814268968380676528e-01,-2.938224381521485906e-01,-6.823539454345650505e-03,0.000000000000000000e+00,-0.000000000000000000e+00,-0.000000000000000000e+00,-0.000000000000000000e+00,-2.453670563480578604e-01,0.000000000000000000e+00,-0.000000000000000000e+00,-0.000000000000000000e+00,0.000000000000000000e+00,-0.000000000000000000e+00,-0.000000000000000000e+00,0.000000000000000000e+00,0.000000000000000000e+00,-1.927090146945976412e-01,0.000000000000000000e+00,0.000000000000000000e+00,0.000000000000000000e+00,-3.629029292046674349e-01,2.004598421773767125e+00
