2.517178392221746996e+00,-2.908755568284507667e-02,-0.000000000000000000e+00,6.612384202455243165e-02,-1.171349383381187770e-01,-0.000000000000000000e+00,-1.342650647868255387e-01,1.394418334662658222e-02,-0.000000000000000000e+00,0.000000000000000000e+00,-0.000000000000000000e+00,2.466848577614976293e-02,-3.549907617998847992e-02,-0.000000000000000000e+00,-0.000000000000000000e+00,-1.529393927202529480e-01,-4.383444336906539007e-02,-0.000000000000000000e+00,-0.000000000000000000e+00,0.000000000000000000e+00,-0.000000000000000000e+00,-0.000000000000000000e+00,-5.697962652581488839e-03,-0.000000000000000000e+00,-1.701255771372152947e-01,-3.475876086913203822e-01,0.000000000000000000e+00,-1.406087006718422794e-01,-4.092957287946863421e-01,-0.000000000000000000e+00,1.501922117407288593e-01,4.932862549466063284e-02,-1.734307211832795681e-01,-0.000000000000000000e+00,2.646092858271018033e-01,-6.535488876309296369e-02,-0.000000000000000000e+00,-4.330793714117487925e-01,-0.000000000000000000e+00
-2.908755568284507667e-02,2.451668900822738806e+00,0.000000000000000000e+00,0.000000000000000000e+00,-0.000000000000000000e+00,-8.980683461663280243e-02,-0.000000000000000000e+00,0.000000000000000000e+00,-1.097507453798305804e-01,-9.537496489181034043e-02,-1.601324685931958258e-01,0.000000000000000000e+00,-2.963863505948443056e-01,-0.000000000000000000e+00,0.000000000000000000e+00,-0.000000000000000000e+00,-0.000000000000000000e+00,0.000000000000000000e+00,0.000000000000000000e+00,0.000000000000000000e+00,0.000000000000000000e+00,0.000000000000000000e+00,-2.094195244230633024e-01,-5.142365977507605823e-01,-1.485890459055572710e-01,-0.000000000000000000e+00,0.000000000000000000e+00,0.000000000000000000e+00,-0.000000000000000000e+00,0.000000000000000000e+00,0.000000000000000000e+00,0.000000000000000000e+00,-0.000000000000000000e+00,0.000000000000000000e+00,0.000000000000000000e+00,-0.000000000000000000e+00,-3.972313465468799154e-01,-1.778912804474806209e-01,-5.830868532180517594e-01
-0.000000000000000000e+00,0.000000000000000000e+00,2.848122573542235969e+00,0.000000000000000000e+00,-0.000000000000000000e+00,0.000000000000000000e+00,-8.331514008651699776e-02,5.584211410940644882e-01,-0.000000000000000000e+00,0.000000000000000000e+00,0.000000000000000000e+00,9.556869880072457746e-02,-0.000000000000000000e+00,-0.000000000000000000e+00,-3.351413768020868877e-01,-0.000000000000000000e+00,-4.657122682116604517e-02,-3.159699066972371240e-01,-7.809782328500897153e-02,-0.000000000000000000e+00,-4.913148625770891176e-01,-5.369870188100627217e-01,-0.000000000000000000e+00,0.000000000000000000e+00,-0.000000000000000000e+00,-1.414542576137925271e-02,0.000000000000000000e+00,-3.001029815188150929e-01,-0.000000000000000000e+00,-0.000000000000000000e+00,0.000000000000000000e+00,0.000000000000000000e+00,-5.788880277059197527e-02,-0.000000000000000000e+00,0.000000000000000000e+00,-0.000000000000000000e+00,0.000000000000000000e+00,-0.000000000000000000e+00,0.000000000000000000e+00
6.612384202455243165e-02,0.000000000000000000e+00,0.000000000000000000e+00,1.164662614266383178e+00,0.000000000000000000e+00,0.000000000000000000e+00,-0.000000000000000000e+00,-0.000000000000000000e+00,0.000000000000000000e+00,-0.000000000000000000e+00,0.000000000000000000e+00,-7.294167985977099977e-02,0.000000000000000000e+00,-0.000000000000000000e+00,5.212418193344484432e-03,2.934255033323557998e-02,1.089099597758732239e-02,0.000000000000000000e+00,0.000000000000000000e+00,0.000000000000000000e+00,0.000000000000000000e+00,0.000000000000000000e+00,0.000000000000000000e+00,0.000000000000000000e+00,0.000000000000000000e+00,0.000000000000000000e+00,-2.039566073788975573e-02,2.710376603269866735e-01,5.386993026089713366e-02,0.000000000000000000e+00,-0.000000000000000000e+00,-0.000000000000000000e+00,0.000000000000000000e+00,0.000000000000000000e+00,-0.000000000000000000e+00,0.000000000000000000e+00,0.000000000000000000e+00,0.000000000000000000e+00,-0.000000000000000000e+00
-1.171349383381187770e-01,-0.000000000000000000e+00,-0.000000000000000000e+00,0.000000000000000000e+00,2.026938688871093408e+00,-0.000000000000000000e+00,-1.505908205268221833e-01,5.507894592022385266e-02,-2.563228677709601944e-01,-0.000000000000000000e+00,-0.000000000000000000e+00,0.000000000000000000e+00,-1.490489064938676535e-02,-0.000000000000000000e+00,-0.000000000000000000e+00,-1.464078983727416239e-01,-1.230930296304567559e-02,-0.000000000000000000e+00,-5.620615098448631386e-01,-0.000000000000000000e+00,-0.000000000000000000e+00,-0.000000000000000000e+00,-5.844452612427295489e-03,-0.000000000000000000e+00,-0.000000000000000000e+00,-3.347737313528816039e-02,0.000000000000000000e+00,-0.000000000000000000e+00,-0.000000000000000000e+00,-0.000000000000000000e+00,0.000000000000000000e+00,0.000000000000000000e+00,-2.120132816053603708e-01,-2.494851205254716431e-01,0.000000000000000000e+00,-3.099420718740252267e-01,-0.000000000000000000e+00,-0.000000000000000000e+00,-0.000000000000000000e+00
-0.000000000000000000e+00,-8.980683461663280243e-02,0.000000000000000000e+00,0.000000000000000000e+00,-0.000000000000000000e+00,1.434591374927447482e+00,-0.000000000000000000e+00,-0.000000000000000000e+00,-0.000000000000000000e+00,-0.000000000000000000e+00,-6.939499199555726472e-02,0.000000000000000000e+00,-1.072472103802048493e-01,-0.000000000000000000e+00,0.000000000000000000e+00,-0.000000000000000000e+00,-0.000000000000000000e+00,0.000000000000000000e+00,0.000000000000000000e+00,4.767032585704961828e-02,0.000000000000000000e+00,0.000000000000000000e+00,-1.223767378032535880e-01,-3.549715890377990180e-01,-0.000000000000000000e+00,-0.000000000000000000e+00,0.000000000000000000e+00,0.000000000000000000e+00,-0.000000000000000000e+00,0.000000000000000000e+00,0.000000000000000000e+00,0.000000000000000000e+00,-0.000000000000000000e+00,0.000000000000000000e+00,0.000000000000000000e+00,-0.000000000000000000e+00,-2.298321947226096840e-01,-0.000000000000000000e+00,-0.000000000000000000e+00
-1.342650647868255387e-01,-0.000000000000000000e+00,-8.331514008651699776e-02,-0.000000000000000000e+00,-1.505908205268221833e-01,-0.000000000000000000e+00,1.792474901058572101e+00,1.977885993184121394e-01,-0.000000000000000000e+00,0.000000000000000000e+00,-0.000000000000000000e+00,6.305763475014271313e-02,-2.334466538262995605e-01,-2.284491533640782279e-01,-0.000000000000000000e+00,-0.000000000000000000e+00,-0.000000000000000000e+00,-0.000000000000000000e+00,-0.000000000000000000e+00,-0.000000000000000000e+00,-0.000000000000000000e+00,-4.449131614696357623e-02,-0.000000000000000000e+00,-0.000000000000000000e+00,-2.384367950531770045e-02,-1.219212738130486806e-01,0.000000000000000000e+00,-0.000000000000000000e+00,-0.000000000000000000e+00,0.000000000000000000e+00,1.547318015106371736e-01,0.000000000000000000e+00,-9.486572561403858184e-02,-0.000000000000000000e+00,1.502784554779401649e-01,-1.074964434471087638e-01,-0.000000000000000000e+00,-5.117070137556516997e-03,-0.000000000000000000e+00
1.394418334662658222e-02,0.000000000000000000e+00,5.584211410940644882e-01,-0.000000000000000000e+00,5.507894592022385266e-02,-0.000000000000000000e+00,1.977885993184121394e-01,2.874255333546803293e+00,0.000000000000000000e+00,-0.000000000000000000e+00,0.000000000000000000e+00,-6.719518812431343746e-02,0.000000000000000000e+00,0.000000000000000000e+00,2.900364078979787430e-01,0.000000000000000000e+00,1.127440451613474365e-01,2.547267013164904448e-01,3.851575548922682446e-02,0.000000000000000000e+00,1.905865491780888432e-01,4.808556634916860140e-01,0.000000000000000000e+00,-0.000000000000000000e+00,0.000000000000000000e+00,2.050227123278385577e-01,-0.000000000000000000e+00,3.053358766071084807e-01,0.000000000000000000e+00,0.000000000000000000e+00,-6.187015296095363381e-02,-0.000000000000000000e+00,2.179222305019413997e-01,0.000000000000000000e+00,-0.000000000000000000e+00,0.000000000000000000e+00,-0.000000000000000000e+00,0.000000000000000000e+00,-0.000000000000000000e+00
-0.000000000000000000e+00,-1.097507453798305804e-01,-0.000000000000000000e+00,0.000000000000000000e+00,-2.563228677709601944e-01,-0.000000000000000000e+00,-0.000000000000000000e+00,0.000000000000000000e+00,1.359308979837094089e+00,-1.065232287431314012e-01,-0.000000000000000000e+00,0.000000000000000000e+00,-0.000000000000000000e+00,-0.000000000000000000e+00,-0.000000000000000000e+00,-1.621071107451488302e-01,-0.000000000000000000e+00,-0.000000000000000000e+00,-0.000000000000000000e+00,0.000000000000000000e+00,-0.000000000000000000e+00,-0.000000000000000000e+00,-0.000000000000000000e+00,-0.000000000000000000e+00,-0.000000000000000000e+00,-0.000000000000000000e+00,0.000000000000000000e+00,-0.000000000000000000e+00,-0.000000000000000000e+00,-0.000000000000000000e+00,0.000000000000000000e+00,-0.000000000000000000e+00,-0.000000000000000000e+00,-0.000000000000000000e+00,0.000000000000000000e+00,-2.808581525372555454e-01,-0.000000000000000000e+00,-1.560668816758496169e-01,-2.547059696543824310e-03
0.000000000000000000e+00,-9.537496489181034043e-02,0.000000000000000000e+00,-0.000000000000000000e+00,-0.000000000000000000e+00,-0.000000000000000000e+00,0.000000000000000000e+00,-0.000000000000000000e+00,-1.065232287431314012e-01,1.045423904801178860e+00,-0.000000000000000000e+00,-8.505170229635852785e-02,-0.000000000000000000e+00,-0.000000000000000000e+00,0.000000000000000000e+00,-0.000000000000000000e+00,0.000000000000000000e+00,0.000000000000000000e+00,-0.000000000000000000e+00,0.000000000000000000e+00,6.582412398072187698e-02,0.000000000000000000e+00,-0.000000000000000000e+00,-1.796280204630561553e-03,-0.000000000000000000e+00,0.000000000000000000e+00,-0.000000000000000000e+00,0.000000000000000000e+00,0.000000000000000000e+00,0.000000000000000000e+00,-0.000000000000000000e+00,-0.000000000000000000e+00,0.000000000000000000e+00,-0.000000000000000000e+00,-0.000000000000000000e+00,-0.000000000000000000e+00,-0.000000000000000000e+00,-0.000000000000000000e+00,-6.567893183305759108e-02
-0.000000000000000000e+00,-1.601324685931958258e-01,0.000000000000000000e+00,0.000000000000000000e+00,-0.000000000000000000e+00,-6.939499199555726472e-02,-0.000000000000000000e+00,0.000000000000000000e+00,-0.000000000000000000e+00,-0.000000000000000000e+00,1.767539494195543792e+00,0.000000000000000000e+00,-3.978916260144876871e-02,-0.000000000000000000e+00,0.000000000000000000e+00,-0.000000000000000000e+00,-0.000000000000000000e+00,0.000000000000000000e+00,0.000000000000000000e+00,6.034969565254330592e-02,0.000000000000000000e+00,0.000000000000000000e+00,-3.047129161819024379e-01,-1.401054232179785031e-01,-3.113933188856466416e-01,-0.000000000000000000e+00,0.000000000000000000e+00,0.000000000000000000e+00,-0.000000000000000000e+00,0.000000000000000000e+00,6.504340283413139259e-03,9.598798054613880137e-02,-0.000000000000000000e+00,0.000000000000000000e+00,0.000000000000000000e+00,-0.000000000000000000e+00,-2.694370608795316202e-01,-0.000000000000000000e+00,-1.859362916719917436e-01
2.466848577614976293e-02,0.000000000000000000e+00,9.556869880072457746e-02,-7.294167985977099977e-02,0.000000000000000000e+00,0.000000000000000000e+00,6.305763475014271313e-02,-6.719518812431343746e-02,0.000000000000000000e+00,-8.505170229635852785e-02,0.000000000000000000e+00,2.080395597130082930e+00,0.000000000000000000e+00,4.236226338235829503e-02,2.135223468852599504e-01,0.000000000000000000e+00,2.331519096201097874e-01,0.000000000000000000e+00,0.000000000000000000e+00,0.000000000000000000e+00,0.000000000000000000e+00,0.000000000000000000e+00,0.000000000000000000e+00,0.000000000000000000e+00,0.000000000000000000e+00,2.402963273341512662e-01,-1.800230721832777880e-01,2.838954880010697290e-01,3.501638653007815849e-01,0.000000000000000000e+00,-2.145329664133719880e-02,-4.673526065126903939e-02,0.000000000000000000e+00,0.000000000000000000e+00,-1.232183511503740087e-01,0.000000000000000000e+00,0.000000000000000000e+00,1.434404194378156340e-02,-0.000000000000000000e+00
-3.549907617998847992e-02,-2.963863505948443056e-01,-0.000000000000000000e+00,0.000000000000000000e+00,-1.490489064938676535e-02,-1.072472103802048493e-01,-2.334466538262995605e-01,0.000000000000000000e+00,-0.000000000000000000e+00,-0.000000000000000000e+00,-3.978916260144876871e-02,0.000000000000000000e+00,1.707305479729139819e+00,-0.000000000000000000e+00,-0.000000000000000000e+00,-0.000000000000000000e+00,-0.000000000000000000e+00,-0.000000000000000000e+00,-0.000000000000000000e+00,0.000000000000000000e+00,0.000000000000000000e+00,-0.000000000000000000e+00,-0.000000000000000000e+00,-1.461359087056846584e-01,-1.840681823218753288e-01,-0.000000000000000000e+00,0.000000000000000000e+00,-0.000000000000000000e+00,-0.000000000000000000e+00,0.000000000000000000e+00,4.272435652740105838e-01,0.000000000000000000e+00,-6.071816824433132892e-02,0.000000000000000000e+00,0.000000000000000000e+00,-0.000000000000000000e+00,-1.200370432801576986e-01,-0.000000000000000000e+00,-5.414155933605190041e-03
-0.000000000000000000e+00,-0.000000000000000000e+00,-0.000000000000000000e+00,-0.000000000000000000e+00,-0.000000000000000000e+00,-0.000000000000000000e+00,-2.284491533640782279e-01,0.000000000000000000e+00,-0.000000000000000000e+00,-0.000000000000000000e+00,-0.000000000000000000e+00,4.236226338235829503e-02,-0.000000000000000000e+00,1.303669413760393692e+00,-0.000000000000000000e+00,-0.000000000000000000e+00,-1.031706773874907154e-02,-0.000000000000000000e+00,-0.000000000000000000e+00,0.000000000000000000e+00,-0.000000000000000000e+00,-0.000000000000000000e+00,-0.000000000000000000e+00,-0.000000000000000000e+00,-0.000000000000000000e+00,-1.612976270234816600e-01,0.000000000000000000e+00,-0.000000000000000000e+00,-0.000000000000000000e+00,-0.000000000000000000e+00,0.000000000000000000e+00,0.000000000000000000e+00,-0.000000000000000000e+00,-0.000000000000000000e+00,7.235123124022645180e-02,-1.583787686298298858e-01,-0.000000000000000000e+00,-1.753940016663544654e-01,-0.000000000000000000e+00
-0.000000000000000000e+00,0.000000000000000000e+00,-3.351413768020868877e-01,5.212418193344484432e-03,-0.000000000000000000e+00,0.000000000000000000e+00,-0.000000000000000000e+00,2.900364078979787430e-01,-0.000000000000000000e+00,0.000000000000000000e+00,0.000000000000000000e+00,2.135223468852599504e-01,-0.000000000000000000e+00,-0.000000000000000000e+00,2.673578014625069166e+00,-1.513830698916209805e-01,-2.429074194686553501e-02,-5.618639551839540447e-01,-0.000000000000000000e+00,-0.000000000000000000e+00,-2.349908178399251757e-01,-0.000000000000000000e+00,0.000000000000000000e+00,0.000000000000000000e+00,-0.000000000000000000e+00,-1.180319055276287665e-01,2.317768559784547378e-01,-3.354935630071074204e-01,-2.485004189921117546e-01,-9.446096367516260139e-02,0.000000000000000000e+00,0.000000000000000000e+00,-0.000000000000000000e+00,-0.000000000000000000e+00,0.000000000000000000e+00,-0.000000000000000000e+00,0.000000000000000000e+00,-0.000000000000000000e+00,0.000000000000000000e+00
-1.529393927202529480e-01,-0.000000000000000000e+00,-0.000000000000000000e+00,2.934255033323557998e-02,-1.464078983727416239e-01,-0.000000000000000000e+00,-0.000000000000000000e+00,0.000000000000000000e+00,-1.621071107451488302e-01,-0.000000000000000000e+00,-0.000000000000000000e+00,0.000000000000000000e+00,-0.000000000000000000e+00,-0.000000000000000000e+00,-1.513830698916209805e-01,1.758548252235145881e+00,-2.212033223158063611e-03,-2.042643390916785706e-01,-0.000000000000000000e+00,-0.000000000000000000e+00,-0.000000000000000000e+00,-0.000000000000000000e+00,-0.000000000000000000e+00,-0.000000000000000000e+00,-0.000000000000000000e+00,-1.599925556264804039e-01,1.422220431542509447e-02,-3.928017178748766797e-02,-0.000000000000000000e+00,-5.420988259239718082e-02,0.000000000000000000e+00,0.000000000000000000e+00,-1.334256010033869067e-01,-1.758620551508029983e-01,0.000000000000000000e+00,-7.442647882666791892e-02,-0.000000000000000000e+00,-2.235970623846519623e-01,-0.000000000000000000e+00
-4.383444336906539007e-02,-0.000000000000000000e+00,-4.657122682116604517e-02,1.089099597758732239e-02,-1.230930296304567559e-02,-0.000000000000000000e+00,-0.000000000000000000e+00,1.127440451613474365e-01,-0.000000000000000000e+00,0.000000000000000000e+00,-0.000000000000000000e+00,2.331519096201097874e-01,-0.000000000000000000e+00,-1.031706773874907154e-02,-2.429074194686553501e-02,-2.212033223158063611e-03,1.610869341457535020e+00,-0.000000000000000000e+00,-0.000000000000000000e+00,-0.000000000000000000e+00,-0.000000000000000000e+00,-4.222765681052553094e-02,-0.000000000000000000e+00,-0.000000000000000000e+00,-0.000000000000000000e+00,-2.497915085823791681e-01,0.000000000000000000e+00,-3.256335843769853858e-03,-4.406256014773540092e-02,-0.000000000000000000e+00,2.772042735425638837e-01,1.090106526483634528e-02,-1.302015958788166339e-01,-0.000000000000000000e+00,0.000000000000000000e+00,-5.345326140048595881e-02,-0.000000000000000000e+00,-1.344090388191846765e-02,-0.000000000000000000e+00
-0.000000000000000000e+00,0.000000000000000000e+00,-3.159699066972371240e-01,0.000000000000000000e+00,-0.000000000000000000e+00,0.000000000000000000e+00,-0.000000000000000000e+00,2.547267013164904448e-01,-0.000000000000000000e+00,0.000000000000000000e+00,0.000000000000000000e+00,0.000000000000000000e+00,-0.000000000000000000e+00,-0.000000000000000000e+00,-5.618639551839540447e-01,-2.042643390916785706e-01,-0.000000000000000000e+00,2.474151805194500398e+00,-4.109945756907275594e-01,-0.000000000000000000e+00,-3.345632433677582784e-01,-1.502635094154247501e-02,0.000000000000000000e+00,0.000000000000000000e+00,0.000000000000000000e+00,-0.000000000000000000e+00,3.498048954299287638e-02,-2.908229934901054303e-01,-3.059718604437932157e-02,-0.000000000000000000e+00,0.000000000000000000e+00,0.000000000000000000e+00,-0.000000000000000000e+00,-3.253037587578075374e-02,0.000000000000000000e+00,-0.000000000000000000e+00,0.000000000000000000e+00,-0.000000000000000000e+00,0.000000000000000000e+00
-0.000000000000000000e+00,0.000000000000000000e+00,-7.809782328500897153e-02,0.000000000000000000e+00,-5.620615098448631386e-01,0.000000000000000000e+00,-0.000000000000000000e+00,3.851575548922682446e-02,-0.000000000000000000e+00,-0.000000000000000000e+00,0.000000000000000000e+00,0.000000000000000000e+00,-0.000000000000000000e+00,-0.000000000000000000e+00,-0.000000000000000000e+00,-0.000000000000000000e+00,-0.000000000000000000e+00,-4.109945756907275594e-01,1.961148086754331388e+00,-0.000000000000000000e+00,-1.367875952749594490e-02,-9.196674947670503697e-02,-0.000000000000000000e+00,0.000000000000000000e+00,-0.000000000000000000e+00,-0.000000000000000000e+00,0.000000000000000000e+00,-0.000000000000000000e+00,-0.000000000000000000e+00,-0.000000000000000000e+00,0.000000000000000000e+00,0.000000000000000000e+00,-0.000000000000000000e+00,-5.294996852388358377e-01,0.000000000000000000e+00,-1.207930298279885351e-01,0.000000000000000000e+00,-0.000000000000000000e+00,0.000000000000000000e+00
0.000000000000000000e+00,0.000000000000000000e+00,-0.000000000000000000e+00,0.000000000000000000e+00,-0.000000000000000000e+00,4.767032585704961828e-02,-0.000000000000000000e+00,0.000000000000000000e+00,0.000000000000000000e+00,0.000000000000000000e+00,6.034969565254330592e-02,0.000000000000000000e+00,0.000000000000000000e+00,0.000000000000000000e+00,-0.000000000000000000e+00,-0.000000000000000000e+00,-0.000000000000000000e+00,-0.000000000000000000e+00,-0.000000000000000000e+00,1.291341164219002247e+00,-2.949078964901346578e-01,-2.260998773331243938e-01,0.000000000000000000e+00,0.000000000000000000e+00,0.000000000000000000e+00,-0.000000000000000000e+00,-0.000000000000000000e+00,-0.000000000000000000e+00,0.000000000000000000e+00,-7.407137318227140221e-03,-0.000000000000000000e+00,-0.000000000000000000e+00,-0.000000000000000000e+00,-0.000000000000000000e+00,0.000000000000000000e+00,-0.000000000000000000e+00,1.779768124111307248e-01,0.000000000000000000e+00,1.433281858483246296e-01
-0.000000000000000000e+00,0.000000000000000000e+00,-4.913148625770891176e-01,0.000000000000000000e+00,-0.000000000000000000e+00,0.000000000000000000e+00,-0.000000000000000000e+00,1.905865491780888432e-01,-0.000000000000000000e+00,6.582412398072187698e-02,0.000000000000000000e+00,0.000000000000000000e+00,0.000000000000000000e+00,-0.000000000000000000e+00,-2.349908178399251757e-01,-0.000000000000000000e+00,-0.000000000000000000e+00,-3.345632433677582784e-01,-1.367875952749594490e-02,-2.949078964901346578e-01,2.273958696037587490e+00,-4.033792248458872853e-01,0.000000000000000000e+00,1.220345692180931918e-01,0.000000000000000000e+00,-0.000000000000000000e+00,0.000000000000000000e+00,-9.618038264624846623e-02,-0.000000000000000000e+00,-1.080349809454653337e-01,0.000000000000000000e+00,0.000000000000000000e+00,-0.000000000000000000e+00,-5.517347545688375959e-02,0.000000000000000000e+00,-0.000000000000000000e+00,4.998835727375629950e-02,-0.000000000000000000e+00,1.939798722912039752e-01
-0.000000000000000000e+00,0.000000000000000000e+00,-5.369870188100627217e-01,0.000000000000000000e+00,-0.000000000000000000e+00,0.000000000000000000e+00,-4.449131614696357623e-02,4.808556634916860140e-01,-0.000000000000000000e+00,0.000000000000000000e+00,0.000000000000000000e+00,0.000000000000000000e+00,-0.000000000000000000e+00,-0.000000000000000000e+00,-0.000000000000000000e+00,-0.000000000000000000e+00,-4.222765681052553094e-02,-1.502635094154247501e-02,-9.196674947670503697e-02,-2.260998773331243938e-01,-4.033792248458872853e-01,2.154206570808700594e+00,-0.000000000000000000e+00,0.000000000000000000e+00,-0.000000000000000000e+00,-0.000000000000000000e+00,0.000000000000000000e+00,-9.981399199456369997e-02,-0.000000000000000000e+00,-0.000000000000000000e+00,0.000000000000000000e+00,0.000000000000000000e+00,-1.121284426022324116e-01,-0.000000000000000000e+00,0.000000000000000000e+00,-0.000000000000000000e+00,0.000000000000000000e+00,-0.000000000000000000e+00,0.000000000000000000e+00
-5.697962652581488839e-03,-2.094195244230633024e-01,-0.000000000000000000e+00,0.000000000000000000e+00,-5.844452612427295489e-03,-1.223767378032535880e-01,-0.000000000000000000e+00,0.000000000000000000e+00,-0.000000000000000000e+00,-0.000000000000000000e+00,-3.047129161819024379e-01,0.000000000000000000e+00,-0.000000000000000000e+00,-0.000000000000000000e+00,0.000000000000000000e+00,-0.000000000000000000e+00,-0.000000000000000000e+00,0.000000000000000000e+00,-0.000000000000000000e+00,0.000000000000000000e+00,0.000000000000000000e+00,-0.000000000000000000e+00,1.988743948806293682e+00,-2.330115876410211173e-01,-7.646287849138840853e-01,-0.000000000000000000e+00,-0.000000000000000000e+00,-0.000000000000000000e+00,-0.000000000000000000e+00,0.000000000000000000e+00,0.000000000000000000e+00,0.000000000000000000e+00,-0.000000000000000000e+00,-0.000000000000000000e+00,0.000000000000000000e+00,-2.755864697098016694e-02,-9.500845062889565207e-02,-0.000000000000000000e+00,-3.021020336891228758e-02
-0.000000000000000000e+00,-5.142365977507605823e-01,0.000000000000000000e+00,0.000000000000000000e+00,-0.000000000000000000e+00,-3.549715890377990180e-01,-0.000000000000000000e+00,-0.000000000000000000e+00,-0.000000000000000000e+00,-1.796280204630561553e-03,-1.401054232179785031e-01,0.000000000000000000e+00,-1.461359087056846584e-01,-0.000000000000000000e+00,0.000000000000000000e+00,-0.000000000000000000e+00,-0.000000000000000000e+00,0.000000000000000000e+00,0.000000000000000000e+00,0.000000000000000000e+00,1.220345692180931918e-01,0.000000000000000000e+00,-2.330115876410211173e-01,2.307566618133503056e+00,-8.152003076959690731e-02,-0.000000000000000000e+00,-0.000000000000000000e+00,0.000000000000000000e+00,-0.000000000000000000e+00,8.553449447717037524e-02,0.000000000000000000e+00,0.000000000000000000e+00,-0.000000000000000000e+00,0.000000000000000000e+00,0.000000000000000000e+00,-0.000000000000000000e+00,-4.716703047325179199e-01,-0.000000000000000000e+00,-3.496730637502882821e-01
-1.701255771372152947e-01,-1.485890459055572710e-01,-0.000000000000000000e+00,0.000000000000000000e+00,-0.000000000000000000e+00,-0.000000000000000000e+00,-2.384367950531770045e-02,0.000000000000000000e+00,-0.000000000000000000e+00,-0.000000000000000000e+00,-3.113933188856466416e-01,0.000000000000000000e+00,-1.840681823218753288e-01,-0.000000000000000000e+00,-0.000000000000000000e+00,-0.000000000000000000e+00,-0.000000000000000000e+00,0.000000000000000000e+00,-0.000000000000000000e+00,0.000000000000000000e+00,0.000000000000000000e+00,-0.000000000000000000e+00,-7.646287849138840853e-01,-8.152003076959690731e-02,2.046276602426984503e+00,-0.000000000000000000e+00,0.000000000000000000e+00,-0.000000000000000000e+00,-0.000000000000000000e+00,0.000000000000000000e+00,1.509337731354109917e-02,1.328033498045439083e-02,-6.158921496226670705e-02,-0.000000000000000000e+00,0.000000000000000000e+00,-0.000000000000000000e+00,-2.413914772178379353e-01,-0.000000000000000000e+00,-0.000000000000000000e+00
-3.475876086913203822e-01,-0.000000000000000000e+00,-1.414542576137925271e-02,0.000000000000000000e+00,-3.347737313528816039e-02,-0.000000000000000000e+00,-1.219212738130486806e-01,2.050227123278385577e-01,-0.000000000000000000e+00,0.000000000000000000e+00,-0.000000000000000000e+00,2.402963273341512662e-01,-0.000000000000000000e+00,-1.612976270234816600e-01,-1.180319055276287665e-01,-1.599925556264804039e-01,-2.497915085823791681e-01,-0.000000000000000000e+00,-0.000000000000000000e+00,-0.000000000000000000e+00,-0.000000000000000000e+00,-0.000000000000000000e+00,-0.000000000000000000e+00,-0.000000000000000000e+00,-0.000000000000000000e+00,2.893267864016468405e+00,0.000000000000000000e+00,-1.703660081564540019e-01,-3.689083520743414724e-01,-0.000000000000000000e+00,2.195962225621557184e-01,9.400997189100751550e-02,-2.791760648898429786e-01,-0.000000000000000000e+00,3.307241910159462450e-01,-3.104684798141587460e-03,-0.000000000000000000e+00,-1.902415406366053940e-01,-0.000000000000000000e+00
0.000000000000000000e+00,0.000000000000000000e+00,0.000000000000000000e+00,-2.039566073788975573e-02,0.000000000000000000e+00,0.000000000000000000e+00,0.000000000000000000e+00,-0.000000000000000000e+00,0.000000000000000000e+00,-0.000000000000000000e+00,0.000000000000000000e+00,-1.800230721832777880e-01,0.000000000000000000e+00,0.000000000000000000e+00,2.317768559784547378e-01,1.422220431542509447e-02,0.000000000000000000e+00,3.498048954299287638e-02,0.000000000000000000e+00,-0.000000000000000000e+00,0.000000000000000000e+00,0.000000000000000000e+00,-0.000000000000000000e+00,-0.000000000000000000e+00,0.000000000000000000e+00,0.000000000000000000e+00,1.315623227788490501e+00,0.000000000000000000e+00,1.849298308470270491e-01,6.290620497247891019e-02,-1.335678032186500275e-01,-0.000000000000000000e+00,0.000000000000000000e+00,0.000000000000000000e+00,-0.000000000000000000e+00,0.000000000000000000e+00,0.000000000000000000e+00,0.000000000000000000e+00,-0.000000000000000000e+00
-1.406087006718422794e-01,0.000000000000000000e+00,-3.001029815188150929e-01,2.710376603269866735e-01,-0.000000000000000000e+00,0.000000000000000000e+00,-0.000000000000000000e+00,3.053358766071084807e-01,-0.000000000000000000e+00,0.000000000000000000e+00,0.000000000000000000e+00,2.838954880010697290e-01,-0.000000000000000000e+00,-0.000000000000000000e+00,-3.354935630071074204e-01,-3.928017178748766797e-02,-3.256335843769853858e-03,-2.908229934901054303e-01,-0.000000000000000000e+00,-0.000000000000000000e+00,-9.618038264624846623e-02,-9.981399199456369997e-02,-0.000000000000000000e+00,0.000000000000000000e+00,-0.000000000000000000e+00,-1.703660081564540019e-01,0.000000000000000000e+00,2.668140730028886853e+00,-2.084791017683710612e-01,-0.000000000000000000e+00,0.000000000000000000e+00,0.000000000000000000e+00,-1.735707022108739783e-01,-0.000000000000000000e+00,1.550816944607639192e-01,-0.000000000000000000e+00,0.000000000000000000e+00,-0.000000000000000000e+00,0.000000000000000000e+00
-4.092957287946863421e-01,-0.000000000000000000e+00,-0.000000000000000000e+00,5.386993026089713366e-02,-0.000000000000000000e+00,-0.000000000000000000e+00,-0.000000000000000000e+00,0.000000000000000000e+00,-0.000000000000000000e+00,0.000000000000000000e+00,-0.000000000000000000e+00,3.501638653007815849e-01,-0.000000000000000000e+00,-0.000000000000000000e+00,-2.485004189921117546e-01,-0.000000000000000000e+00,-4.406256014773540092e-02,-3.059718604437932157e-02,-0.000000000000000000e+00,0.000000000000000000e+00,-0.000000000000000000e+00,-0.000000000000000000e+00,-0.000000000000000000e+00,-0.000000000000000000e+00,-0.000000000000000000e+00,-3.689083520743414724e-01,1.849298308470270491e-01,-2.084791017683710612e-01,2.514695839961303303e+00,-0.000000000000000000e+00,1.192815079993417987e-01,6.963291542428734493e-02,-9.869812242334090324e-02,-0.000000000000000000e+00,2.087729770909612370e-01,-0.000000000000000000e+00,-0.000000000000000000e+00,-2.842117539883692867e-01,0.000000000000000000e+00
-0.000000000000000000e+00,0.000000000000000000e+00,-0.000000000000000000e+00,0.000000000000000000e+00,-0.000000000000000000e+00,0.000000000000000000e+00,0.000000000000000000e+00,0.000000000000000000e+00,-0.000000000000000000e+00,0.000000000000000000e+00,0.000000000000000000e+00,0.000000000000000000e+00,0.000000000000000000e+00,-0.000000000000000000e+00,-9.446096367516260139e-02,-5.420988259239718082e-02,-0.000000000000000000e+00,-0.000000000000000000e+00,-0.000000000000000000e+00,-7.407137318227140221e-03,-1.080349809454653337e-01,-0.000000000000000000e+00,0.000000000000000000e+00,8.553449447717037524e-02,0.000000000000000000e+00,-0.000000000000000000e+00,6.290620497247891019e-02,-0.000000000000000000e+00,-0.000000000000000000e+00,1.085966137270630405e+00,0.000000000000000000e+00,-0.000000000000000000e+00,-0.000000000000000000e+00,-2.399102312979830426e-02,0.000000000000000000e+00,-0.000000000000000000e+00,0.000000000000000000e+00,-0.000000000000000000e+00,8.521632474900914245e-02
1.501922117407288593e-01,0.000000000000000000e+00,0.000000000000000000e+00,-0.000000000000000000e+00,0.000000000000000000e+00,0.000000000000000000e+00,1.547318015106371736e-01,-6.187015296095363381e-02,0.000000000000000000e+00,-0.000000000000000000e+00,6.504340283413139259e-03,-2.145329664133719880e-02,4.272435652740105838e-01,0.000000000000000000e+00,0.000000000000000000e+00,0.000000000000000000e+00,2.772042735425638837e-01,0.000000000000000000e+00,0.000000000000000000e+00,-0.000000000000000000e+00,0.000000000000000000e+00,0.000000000000000000e+00,0.000000000000000000e+00,0.000000000000000000e+00,1.509337731354109917e-02,2.195962225621557184e-01,-1.335678032186500275e-01,0.000000000000000000e+00,1.192815079993417987e-01,0.000000000000000000e+00,1.884534521196517431e+00,-4.584070701189588842e-02,2.341709237317019798e-01,0.000000000000000000e+00,-0.000000000000000000e+00,0.000000000000000000e+00,2.648315753172636455e-02,0.000000000000000000e+00,0.000000000000000000e+00
4.932862549466063284e-02,0.000000000000000000e+00,0.000000000000000000e+00,-0.000000000000000000e+00,0.000000000000000000e+00,0.000000000000000000e+00,0.000000000000000000e+00,-0.000000000000000000e+00,-0.000000000000000000e+00,-0.000000000000000000e+00,9.598798054613880137e-02,-4.673526065126903939e-02,0.000000000000000000e+00,0.000000000000000000e+00,0.000000000000000000e+00,0.000000000000000000e+00,1.090106526483634528e-02,0.000000000000000000e+00,0.000000000000000000e+00,-0.000000000000000000e+00,0.000000000000000000e+00,0.000000000000000000e+00,0.000000000000000000e+00,0.000000000000000000e+00,1.328033498045439083e-02,9.400997189100751550e-02,-0.000000000000000000e+00,0.000000000000000000e+00,6.963291542428734493e-02,-0.000000000000000000e+00,-4.584070701189588842e-02,1.091188173286088858e+00,0.000000000000000000e+00,0.000000000000000000e+00,-2.769200517785523966e-02,0.000000000000000000e+00,0.000000000000000000e+00,0.000000000000000000e+00,0.000000000000000000e+00
-1.734307211832795681e-01,-0.000000000000000000e+00,-5.788880277059197527e-02,0.000000000000000000e+00,-2.120132816053603708e-01,-0.000000000000000000e+00,-9.486572561403858184e-02,2.179222305019413997e-01,-0.000000000000000000e+00,0.000000000000000000e+00,-0.000000000000000000e+00,0.000000000000000000e+00,-6.071816824433132892e-02,-0.000000000000000000e+00,-0.000000000000000000e+00,-1.334256010033869067e-01,-1.302015958788166339e-01,-0.000000000000000000e+00,-0.000000000000000000e+00,-0.000000000000000000e+00,-0.000000000000000000e+00,-1.121284426022324116e-01,-0.000000000000000000e+00,-0.000000000000000000e+00,-6.158921496226670705e-02,-2.791760648898429786e-01,0.000000000000000000e+00,-1.735707022108739783e-01,-9.869812242334090324e-02,-0.000000000000000000e+00,2.341709237317019798e-01,0.000000000000000000e+00,2.074222926182299975e+00,-0.000000000000000000e+00,4.754241348827255298e-02,-0.000000000000000000e+00,-0.000000000000000000e+00,-0.000000000000000000e+00,-0.000000000000000000e+00
-0.000000000000000000e+00,0.000000000000000000e+00,-0.000000000000000000e+00,0.000000000000000000e+00,-2.494851205254716431e-01,0.000000000000000000e+00,-0.000000000000000000e+00,0.000000000000000000e+00,-0.000000000000000000e+00,-0.000000000000000000e+00,0.000000000000000000e+00,0.000000000000000000e+00,0.000000000000000000e+00,-0.000000000000000000e+00,-0.000000000000000000e+00,-1.758620551508029983e-01,-0.000000000000000000e+00,-3.253037587578075374e-02,-5.294996852388358377e-01,-0.000000000000000000e+00,-5.517347545688375959e-02,-0.000000000000000000e+00,-0.000000000000000000e+00,0.000000000000000000e+00,-0.000000000000000000e+00,-0.000000000000000000e+00,0.000000000000000000e+00,-0.000000000000000000e+00,-0.000000000000000000e+00,-2.399102312979830426e-02,0.000000000000000000e+00,0.000000000000000000e+00,-0.000000000000000000e+00,1.488008638421512764e+00,-0.000000000000000000e+00,-0.000000000000000000e+00,0.000000000000000000e+00,-0.000000000000000000e+00,0.000000000000000000e+00
2.646092858271018033e-01,0.000000000000000000e+00,0.000000000000000000e+00,-0.000000000000000000e+00,0.000000000000000000e+00,0.000000000000000000e+00,1.502784554779401649e-01,-0.000000000000000000e+00,0.000000000000000000e+00,-0.000000000000000000e+00,0.000000000000000000e+00,-1.232183511503740087e-01,0.000000000000000000e+00,7.235123124022645180e-02,0.000000000000000000e+00,0.000000000000000000e+00,0.000000000000000000e+00,0.000000000000000000e+00,0.000000000000000000e+00,0.000000000000000000e+00,0.000000000000000000e+00,0.000000000000000000e+00,0.000000000000000000e+00,0.000000000000000000e+00,0.000000000000000000e+00,3.307241910159462450e-01,-0.000000000000000000e+00,1.550816944607639192e-01,2.087729770909612370e-01,0.000000000000000000e+00,-0.000000000000000000e+00,-2.769200517785523966e-02,4.754241348827255298e-02,-0.000000000000000000e+00,1.739078877741165430e+00,0.000000000000000000e+00,0.000000000000000000e+00,8.238052533534906408e-02,0.000000000000000000e+00
-6.535488876309296369e-02,-0.000000000000000000e+00,-0.000000000000000000e+00,0.000000000000000000e+00,-3.099420718740252267e-01,-0.000000000000000000e+00,-1.074964434471087638e-01,0.000000000000000000e+00,-2.808581525372555454e-01,-0.000000000000000000e+00,-0.000000000000000000e+00,0.000000000000000000e+00,-0.000000000000000000e+00,-1.583787686298298858e-01,-0.000000000000000000e+00,-7.442647882666791892e-02,-5.345326140048595881e-02,-0.000000000000000000e+00,-1.207930298279885351e-01,-0.000000000000000000e+00,-0.000000000000000000e+00,-0.000000000000000000e+00,-2.755864697098016694e-02,-0.000000000000000000e+00,-0.000000000000000000e+00,-3.104684798141587460e-03,0.000000000000000000e+00,-0.000000000000000000e+00,-0.000000000000000000e+00,-0.000000000000000000e+00,0.000000000000000000e+00,0.000000000000000000e+00,-0.000000000000000000e+00,-0.000000000000000000e+00,0.000000000000000000e+00,1.505006390171253816e+00,-0.000000000000000000e+00,-1.009016844218182801e-01,-0.000000000000000000e+00
-0.000000000000000000e+00,-3.972313465468799154e-01,0.000000000000000000e+00,0.000000000000000000e+00,-0.000000000000000000e+00,-2.298321947226096840e-01,-0.000000000000000000e+00,-0.000000000000000000e+00,-0.000000000000000000e+00,-0.000000000000000000e+00,-2.694370608795316202e-01,0.000000000000000000e+00,-1.200370432801576986e-01,-0.000000000000000000e+00,0.000000000000000000e+00,-0.000000000000000000e+00,-0.000000000000000000e+00,0.000000000000000000e+00,0.000000000000000000e+00,1.779768124111307248e-01,4.998835727375629950e-02,0.000000000000000000e+00,-9.500845062889565207e-02,-4.716703047325179199e-01,-2.413914772178379353e-01,-0.000000000000000000e+00,0.000000000000000000e+00,0.000000000000000000e+00,-0.000000000000000000e+00,0.000000000000000000e+00,2.648315753172636455e-02,0.000000000000000000e+00,-0.000000000000000000e+00,0.000000000000000000e+00,0.000000000000000000e+00,-0.000000000000000000e+00,2.093746912279548678e+00,-0.000000000000000000e+00,-8.202153459243760603e-02
-4.330793714117487925e-01,-1.778912804474806209e-01,-0.000000000000000000e+00,0.000000000000000000e+00,-0.000000000000000000e+00,-0.000000000000000000e+00,-5.117070137556516997e-03,0.000000000000000000e+00,-1.560668816758496169e-01,-0.000000000000000000e+00,-0.000000000000000000e+00,1.434404194378156340e-02,-0.000000000000000000e+00,-1.753940016663544654e-01,-0.000000000000000000e+00,-2.235970623846519623e-01,-1.344090388191846765e-02,-0.000000000000000000e+00,-0.000000000000000000e+00,0.000000000000000000e+00,-0.000000000000000000e+00,-0.000000000000000000e+00,-0.000000000000000000e+00,-0.000000000000000000e+00,-0.000000000000000000e+00,-1.902415406366053940e-01,0.000000000000000000e+00,-0.000000000000000000e+00,-2.842117539883692867e-01,-0.000000000000000000e+00,0.000000000000000000e+00,0.000000000000000000e+00,-0.000000000000000000e+00,-0.000000000000000000e+00,8.238052533534906408e-02,-1.009016844218182801e-01,-0.000000000000000000e+00,1.877673130174950522e+00,-0.000000000000000000e+00
-0.000000000000000000e+00,-5.830868532180517594e-01,0.000000000000000000e+00,-0.000000000000000000e+00,-0.000000000000000000e+00,-0.000000000000000000e+00,-0.000000000000000000e+00,-0.000000000000000000e+00,-2.547059696543824310e-03,-6.567893183305759108e-02,-1.859362916719917436e-01,-0.000000000000000000e+00,-5.414155933605190041e-03,-0.000000000000000000e+00,0.000000000000000000e+00,-0.000000000000000000e+00,-0.000000000000000000e+00,0.000000000000000000e+00,0.000000000000000000e+00,1.433281858483246296e-01,1.939798722912039752e-01,0.000000000000000000e+00,-3.021020336891228758e-02,-3.496730637502882821e-01,-0.000000000000000000e+00,-0.000000000000000000e+00,-0.000000000000000000e+00,0.000000000000000000e+00,0.000000000000000000e+00,8.521632474900914245e-02,0.000000000000000000e+00,0.000000000000000000e+00,-0.000000000000000000e+00,0.000000000000000000e+00,0.000000000000000000e+00,-0.000000000000000000e+00,-8.202153459243760603e-02,-0.000000000000000000e+00,1.767419353097920975e+00
