2.731376754057546208e+00,-0.000000000000000000e+00,-0.000000000000000000e+00,-0.000000000000000000e+00,-0.000000000000000000e+00,-0.000000000000000000e+00,-0.000000000000000000e+00,3.259514684539828455e-02,-1.662642567907965940e-01,-0.000000000000000000e+00,3.937349490480708536e-02,0.000000000000000000e+00,-0.000000000000000000e+00,-3.660845706501903579e-02,-3.805081066420041846e-01,-0.000000000000000000e+00,0.000000000000000000e+00,-0.000000000000000000e+00,0.000000000000000000e+00,0.000000000000000000e+00,0.000000000000000000e+00,0.000000000000000000e+00,-2.487039640921932804e-01,-1.196875441840811322e-01,-0.000000000000000000e+00,-5.484576712401997289e-01,-0.000000000000000000e+00,-1.157041447810004935e-03,-4.172401030212534168e-01,-9.971193059091962296e-02,-0.000000000000000000e+00,0.000000000000000000e+00,-0.000000000000000000e+00,-0.000000000000000000e+00,-0.000000000000000000e+00,0.000000000000000000e+00,0.000000000000000000e+00,-1.006009112561225161e+00,0.000000000000000000e+00
-0.000000000000000000e+00,2.645630930007511150e+00,-0.000000000000000000e+00,0.000000000000000000e+00,-0.000000000000000000e+00,-0.000000000000000000e+00,0.000000000000000000e+00,-0.000000000000000000e+00,-0.000000000000000000e+00,-3.600043952411099979e-01,-8.574392215884485413e-02,-1.768363724227664524e-01,0.000000000000000000e+00,-0.000000000000000000e+00,0.000000000000000000e+00,-0.000000000000000000e+00,-0.000000000000000000e+00,-0.000000000000000000e+00,-0.000000000000000000e+00,-0.000000000000000000e+00,-0.000000000000000000e+00,-0.000000000000000000e+00,-0.000000000000000000e+00,-0.000000000000000000e+00,-7.110885087976100971e-01,0.000000000000000000e+00,-1.768785102535993387e-02,-0.000000000000000000e+00,0.000000000000000000e+00,-0.000000000000000000e+00,-0.000000000000000000e+00,-3.510079365584983790e-01,-0.000000000000000000e+00,-0.000000000000000000e+00,0.000000000000000000e+00,-0.000000000000000000e+00,-3.057125505383295749e-01,-0.000000000000000000e+00,-6.371541509299717410e-01
-0.000000000000000000e+00,-0.000000000000000000e+00,3.053511774842130322e+00,-9.679773461354976294e-02,-2.876806011097672311e-01,-0.000000000000000000e+00,-0.000000000000000000e+00,1.341479490904882166e+00,-0.000000000000000000e+00,-0.000000000000000000e+00,0.000000000000000000e+00,0.000000000000000000e+00,2.645066900936602905e-01,-0.000000000000000000e+00,-0.000000000000000000e+00,-0.000000000000000000e+00,0.000000000000000000e+00,-4.723803808543755589e-01,-0.000000000000000000e+00,0.000000000000000000e+00,-1.255424967551635185e-01,-0.000000000000000000e+00,-0.000000000000000000e+00,-0.000000000000000000e+00,-0.000000000000000000e+00,-0.000000000000000000e+00,-0.000000000000000000e+00,-3.766797319351940510e-01,-2.169465857501886863e-01,-8.747921335351563354e-02,-0.000000000000000000e+00,0.000000000000000000e+00,-0.000000000000000000e+00,-0.000000000000000000e+00,-1.368105910334574127e-01,-0.000000000000000000e+00,-0.000000000000000000e+00,-0.000000000000000000e+00,0.000000000000000000e+00
-0.000000000000000000e+00,0.000000000000000000e+00,-9.679773461354976294e-02,1.604806031056663196e+00,-0.000000000000000000e+00,0.000000000000000000e+00,-1.182065319285310334e-01,1.907801930996076700e-01,-0.000000000000000000e+00,0.000000000000000000e+00,0.000000000000000000e+00,0.000000000000000000e+00,0.000000000000000000e+00,-1.074892970330710434e-01,0.000000000000000000e+00,-0.000000000000000000e+00,7.136467111076977288e-02,-0.000000000000000000e+00,0.000000000000000000e+00,-0.000000000000000000e+00,-0.000000000000000000e+00,0.000000000000000000e+00,0.000000000000000000e+00,-0.000000000000000000e+00,-0.000000000000000000e+00,-0.000000000000000000e+00,-9.565497604409015087e-02,-1.379853630898872641e-01,-0.000000000000000000e+00,0.000000000000000000e+00,-4.718322165210202951e-02,-0.000000000000000000e+00,-5.521339473982606050e-01,0.000000000000000000e+00,-1.037704682869300676e-01,-0.000000000000000000e+00,-0.000000000000000000e+00,0.000000000000000000e+00,0.000000000000000000e+00
-0.000000000000000000e+00,-0.000000000000000000e+00,-2.876806011097672311e-01,-0.000000000000000000e+00,1.852322690182081733e+00,0.000000000000000000e+00,-0.000000000000000000e+00,3.445059586921556810e-02,-2.754472289327483669e-01,-0.000000000000000000e+00,0.000000000000000000e+00,-0.000000000000000000e+00,0.000000000000000000e+00,-3.616738738394509323e-01,0.000000000000000000e+00,-0.000000000000000000e+00,-0.000000000000000000e+00,-0.000000000000000000e+00,0.000000000000000000e+00,1.501381674042405190e-01,-0.000000000000000000e+00,0.000000000000000000e+00,-0.000000000000000000e+00,-0.000000000000000000e+00,-0.000000000000000000e+00,-0.000000000000000000e+00,0.000000000000000000e+00,-6.955390916059566407e-03,-0.000000000000000000e+00,-0.000000000000000000e+00,-0.000000000000000000e+00,0.000000000000000000e+00,-0.000000000000000000e+00,-3.011401864540530493e-01,-0.000000000000000000e+00,-5.413631522607230684e-01,0.000000000000000000e+00,-0.000000000000000000e+00,-0.000000000000000000e+00
-0.000000000000000000e+00,-0.000000000000000000e+00,-0.000000000000000000e+00,0.000000000000000000e+00,0.000000000000000000e+00,1.666104775215300426e+00,0.000000000000000000e+00,0.000000000000000000e+00,-0.000000000000000000e+00,-0.000000000000000000e+00,0.000000000000000000e+00,-0.000000000000000000e+00,0.000000000000000000e+00,0.000000000000000000e+00,-0.000000000000000000e+00,0.000000000000000000e+00,-0.000000000000000000e+00,-0.000000000000000000e+00,-0.000000000000000000e+00,-0.000000000000000000e+00,-0.000000000000000000e+00,-1.164289534628167901e-02,-5.788990483631439865e-01,-4.747885359780434911e-01,-1.020690263294179306e-01,-0.000000000000000000e+00,-0.000000000000000000e+00,-0.000000000000000000e+00,-0.000000000000000000e+00,-7.409882901406204814e-02,-0.000000000000000000e+00,-0.000000000000000000e+00,-0.000000000000000000e+00,-0.000000000000000000e+00,-0.000000000000000000e+00,0.000000000000000000e+00,-1.652004989442111271e-01,-0.000000000000000000e+00,-0.000000000000000000e+00
-0.000000000000000000e+00,0.000000000000000000e+00,-0.000000000000000000e+00,-1.182065319285310334e-01,-0.000000000000000000e+00,0.000000000000000000e+00,1.729987341582241545e+00,0.000000000000000000e+00,0.000000000000000000e+00,1.085909402364137744e-01,0.000000000000000000e+00,4.971445156910607732e-01,-0.000000000000000000e+00,-0.000000000000000000e+00,-0.000000000000000000e+00,0.000000000000000000e+00,4.746291867155866956e-02,0.000000000000000000e+00,3.560408330328826976e-01,-0.000000000000000000e+00,0.000000000000000000e+00,0.000000000000000000e+00,-0.000000000000000000e+00,-0.000000000000000000e+00,0.000000000000000000e+00,-2.240554236360023377e-01,-0.000000000000000000e+00,-0.000000000000000000e+00,-0.000000000000000000e+00,0.000000000000000000e+00,-0.000000000000000000e+00,1.210010924908607316e-01,-0.000000000000000000e+00,0.000000000000000000e+00,-0.000000000000000000e+00,0.000000000000000000e+00,0.000000000000000000e+00,-0.000000000000000000e+00,6.407541877316756673e-02
3.259514684539828455e-02,-0.000000000000000000e+00,1.341479490904882166e+00,1.907801930996076700e-01,3.445059586921556810e-02,0.000000000000000000e+00,0.000000000000000000e+00,3.046078428861252796e+00,0.000000000000000000e+00,-0.000000000000000000e+00,-0.000000000000000000e+00,-0.000000000000000000e+00,-0.000000000000000000e+00,0.000000000000000000e+00,1.342436968976818967e-01,0.000000000000000000e+00,-0.000000000000000000e+00,1.045432260833725618e-01,-0.000000000000000000e+00,-0.000000000000000000e+00,0.000000000000000000e+00,-0.000000000000000000e+00,9.774911131032394673e-02,0.000000000000000000e+00,0.000000000000000000e+00,2.417167287711515788e-01,0.000000000000000000e+00,3.925168791282485636e-01,2.341676136696664579e-01,0.000000000000000000e+00,0.000000000000000000e+00,-0.000000000000000000e+00,0.000000000000000000e+00,0.000000000000000000e+00,4.558078965432067475e-01,0.000000000000000000e+00,0.000000000000000000e+00,0.000000000000000000e+00,-0.000000000000000000e+00
-1.662642567907965940e-01,-0.000000000000000000e+00,-0.000000000000000000e+00,-0.000000000000000000e+00,-2.754472289327483669e-01,-0.000000000000000000e+00,0.000000000000000000e+00,0.000000000000000000e+00,2.240409818293961575e+00,-8.774845485965618308e-02,-0.000000000000000000e+00,-0.000000000000000000e+00,0.000000000000000000e+00,-3.637558773406915913e-01,-0.000000000000000000e+00,-1.534051767146818179e-01,-0.000000000000000000e+00,-0.000000000000000000e+00,-0.000000000000000000e+00,0.000000000000000000e+00,-0.000000000000000000e+00,-0.000000000000000000e+00,-0.000000000000000000e+00,-0.000000000000000000e+00,-3.838151416957704121e-01,-0.000000000000000000e+00,-0.000000000000000000e+00,-0.000000000000000000e+00,-9.559603604262891310e-03,-6.490673901858381445e-01,-0.000000000000000000e+00,-0.000000000000000000e+00,-3.830784512702464090e-02,-0.000000000000000000e+00,-0.000000000000000000e+00,-0.000000000000000000e+00,-0.000000000000000000e+00,-1.243229293710271105e-01,-1.634252179225028634e-01
-0.000000000000000000e+00,-3.600043952411099979e-01,-0.000000000000000000e+00,0.000000000000000000e+00,-0.000000000000000000e+00,-0.000000000000000000e+00,1.085909402364137744e-01,-0.000000000000000000e+00,-8.774845485965618308e-02,2.931236958658026026e+00,-0.000000000000000000e+00,-3.335966960239614698e-01,0.000000000000000000e+00,-0.000000000000000000e+00,0.000000000000000000e+00,-8.138545075522538585e-01,-0.000000000000000000e+00,-0.000000000000000000e+00,-6.148009759711042105e-02,0.000000000000000000e+00,-0.000000000000000000e+00,-0.000000000000000000e+00,0.000000000000000000e+00,0.000000000000000000e+00,-1.808324355116697757e-01,0.000000000000000000e+00,-0.000000000000000000e+00,0.000000000000000000e+00,0.000000000000000000e+00,-2.589026901607503484e-01,0.000000000000000000e+00,-1.641064029764952581e-01,-0.000000000000000000e+00,-1.313425900764808862e-01,0.000000000000000000e+00,-0.000000000000000000e+00,-0.000000000000000000e+00,-0.000000000000000000e+00,-6.164656696414673176e-01
3.937349490480708536e-02,-8.574392215884485413e-02,0.000000000000000000e+00,0.000000000000000000e+00,0.000000000000000000e+00,0.000000000000000000e+00,0.000000000000000000e+00,-0.000000000000000000e+00,-0.000000000000000000e+00,-0.000000000000000000e+00,2.319433442457187855e+00,-3.073406443763944673e-01,0.000000000000000000e+00,0.000000000000000000e+00,1.210643734595712590e-01,-0.000000000000000000e+00,-2.250845958191298180e-01,0.000000000000000000e+00,-0.000000000000000000e+00,-0.000000000000000000e+00,-0.000000000000000000e+00,-0.000000000000000000e+00,1.177531675135531780e-01,0.000000000000000000e+00,-0.000000000000000000e+00,4.915577542991062532e-01,-0.000000000000000000e+00,0.000000000000000000e+00,0.000000000000000000e+00,-0.000000000000000000e+00,0.000000000000000000e+00,-6.541341444902006863e-01,-0.000000000000000000e+00,-0.000000000000000000e+00,3.354807172220254929e-01,-0.000000000000000000e+00,-0.000000000000000000e+00,0.000000000000000000e+00,-2.076465260856146799e-01
0.000000000000000000e+00,-1.768363724227664524e-01,0.000000000000000000e+00,0.000000000000000000e+00,-0.000000000000000000e+00,-0.000000000000000000e+00,4.971445156910607732e-01,-0.000000000000000000e+00,-0.000000000000000000e+00,-3.335966960239614698e-01,-3.073406443763944673e-01,3.092859998235562902e+00,0.000000000000000000e+00,0.000000000000000000e+00,0.000000000000000000e+00,-0.000000000000000000e+00,-1.518288992368842412e-02,-0.000000000000000000e+00,-7.493540044741109352e-01,-0.000000000000000000e+00,-0.000000000000000000e+00,-1.300412572368375985e-01,0.000000000000000000e+00,0.000000000000000000e+00,-0.000000000000000000e+00,4.198658893065846387e-01,0.000000000000000000e+00,0.000000000000000000e+00,0.000000000000000000e+00,-0.000000000000000000e+00,0.000000000000000000e+00,-2.897355666032431776e-01,-0.000000000000000000e+00,-1.593318815852025894e-01,0.000000000000000000e+00,-0.000000000000000000e+00,-0.000000000000000000e+00,0.000000000000000000e+00,-4.336162841972808213e-01
-0.000000000000000000e+00,0.000000000000000000e+00,2.645066900936602905e-01,0.000000000000000000e+00,0.000000000000000000e+00,0.000000000000000000e+00,-0.000000000000000000e+00,-0.000000000000000000e+00,0.000000000000000000e+00,0.000000000000000000e+00,0.000000000000000000e+00,0.000000000000000000e+00,1.614056311602761751e+00,0.000000000000000000e+00,-0.000000000000000000e+00,2.068199288883049713e-01,0.000000000000000000e+00,7.345083274489395964e-02,0.000000000000000000e+00,0.000000000000000000e+00,9.462201510205633936e-02,0.000000000000000000e+00,0.000000000000000000e+00,0.000000000000000000e+00,0.000000000000000000e+00,-0.000000000000000000e+00,-0.000000000000000000e+00,3.417955291084853742e-02,4.129324007963031465e-03,0.000000000000000000e+00,0.000000000000000000e+00,7.291086951949779515e-02,2.649465488768110166e-01,0.000000000000000000e+00,0.000000000000000000e+00,2.171943229394463493e-01,2.460341333095176219e-01,-0.000000000000000000e+00,0.000000000000000000e+00
-3.660845706501903579e-02,-0.000000000000000000e+00,-0.000000000000000000e+00,-1.074892970330710434e-01,-3.616738738394509323e-01,0.000000000000000000e+00,-0.000000000000000000e+00,0.000000000000000000e+00,-3.637558773406915913e-01,-0.000000000000000000e+00,0.000000000000000000e+00,0.000000000000000000e+00,0.000000000000000000e+00,1.926855130449830034e+00,0.000000000000000000e+00,-0.000000000000000000e+00,0.000000000000000000e+00,-0.000000000000000000e+00,0.000000000000000000e+00,0.000000000000000000e+00,-0.000000000000000000e+00,0.000000000000000000e+00,-0.000000000000000000e+00,-0.000000000000000000e+00,-2.523591192530620919e-01,-0.000000000000000000e+00,-6.980203872071877313e-02,-1.369000497324308341e-01,-6.405692558817500243e-03,-0.000000000000000000e+00,-4.579167550408633214e-01,-0.000000000000000000e+00,-9.310908792706555637e-02,0.000000000000000000e+00,-1.691864828940092547e-01,-0.000000000000000000e+00,-0.000000000000000000e+00,-0.000000000000000000e+00,-0.000000000000000000e+00
-3.805081066420041846e-01,0.000000000000000000e+00,-0.000000000000000000e+00,0.000000000000000000e+00,0.000000000000000000e+00,-0.000000000000000000e+00,-0.000000000000000000e+00,1.342436968976818967e-01,-0.000000000000000000e+00,0.000000000000000000e+00,1.210643734595712590e-01,0.000000000000000000e+00,-0.000000000000000000e+00,0.000000000000000000e+00,1.606734671987366969e+00,0.000000000000000000e+00,0.000000000000000000e+00,-4.617139794968417310e-01,-0.000000000000000000e+00,0.000000000000000000e+00,-0.000000000000000000e+00,0.000000000000000000e+00,-9.289059326163993935e-03,-0.000000000000000000e+00,0.000000000000000000e+00,-2.896621731277673195e-01,0.000000000000000000e+00,-0.000000000000000000e+00,-0.000000000000000000e+00,-0.000000000000000000e+00,0.000000000000000000e+00,0.000000000000000000e+00,-0.000000000000000000e+00,-0.000000000000000000e+00,-0.000000000000000000e+00,4.771224709860797872e-03,0.000000000000000000e+00,-0.000000000000000000e+00,0.000000000000000000e+00
-0.000000000000000000e+00,-0.000000000000000000e+00,-0.000000000000000000e+00,-0.000000000000000000e+00,-0.000000000000000000e+00,0.000000000000000000e+00,0.000000000000000000e+00,0.000000000000000000e+00,-1.534051767146818179e-01,-8.138545075522538585e-01,-0.000000000000000000e+00,-0.000000000000000000e+00,2.068199288883049713e-01,-0.000000000000000000e+00,0.000000000000000000e+00,2.264634477327027717e+00,-0.000000000000000000e+00,-0.000000000000000000e+00,-3.345457602141461290e-02,0.000000000000000000e+00,-0.000000000000000000e+00,-0.000000000000000000e+00,0.000000000000000000e+00,0.000000000000000000e+00,-1.742167838519965706e-01,0.000000000000000000e+00,0.000000000000000000e+00,-0.000000000000000000e+00,-0.000000000000000000e+00,-2.140922466467293228e-01,0.000000000000000000e+00,-1.215445474570071016e-01,-2.336220717357270424e-02,-2.265083521868788419e-01,-0.000000000000000000e+00,-3.153539865072045867e-01,-0.000000000000000000e+00,0.000000000000000000e+00,-0.000000000000000000e+00
0.000000000000000000e+00,-0.000000000000000000e+00,0.000000000000000000e+00,7.136467111076977288e-02,-0.000000000000000000e+00,-0.000000000000000000e+00,4.746291867155866956e-02,-0.000000000000000000e+00,-0.000000000000000000e+00,-0.000000000000000000e+00,-2.250845958191298180e-01,-1.518288992368842412e-02,0.000000000000000000e+00,0.000000000000000000e+00,0.000000000000000000e+00,-0.000000000000000000e+00,1.231534729037022435e+00,-0.000000000000000000e+00,-1.210682599131347320e-01,0.000000000000000000e+00,0.000000000000000000e+00,-0.000000000000000000e+00,0.000000000000000000e+00,0.000000000000000000e+00,-0.000000000000000000e+00,0.000000000000000000e+00,1.953877029311885082e-03,0.000000000000000000e+00,0.000000000000000000e+00,-0.000000000000000000e+00,1.176307212884937226e-01,-0.000000000000000000e+00,0.000000000000000000e+00,-7.265777605755421864e-02,2.181747447246963623e-01,-0.000000000000000000e+00,0.000000000000000000e+00,0.000000000000000000e+00,-0.000000000000000000e+00
-0.000000000000000000e+00,-0.000000000000000000e+00,-4.723803808543755589e-01,-0.000000000000000000e+00,-0.000000000000000000e+00,-0.000000000000000000e+00,0.000000000000000000e+00,1.045432260833725618e-01,-0.000000000000000000e+00,-0.000000000000000000e+00,0.000000000000000000e+00,-0.000000000000000000e+00,7.345083274489395964e-02,-0.000000000000000000e+00,-4.617139794968417310e-01,-0.000000000000000000e+00,-0.000000000000000000e+00,2.199735036388998477e+00,-3.845164085996570780e-01,0.000000000000000000e+00,-1.088670401078493666e-01,-0.000000000000000000e+00,-0.000000000000000000e+00,-0.000000000000000000e+00,-0.000000000000000000e+00,-0.000000000000000000e+00,0.000000000000000000e+00,-0.000000000000000000e+00,-0.000000000000000000e+00,-3.987065106432203243e-01,0.000000000000000000e+00,-0.000000000000000000e+00,-0.000000000000000000e+00,-4.446992251908736815e-01,-0.000000000000000000e+00,-0.000000000000000000e+00,-0.000000000000000000e+00,0.000000000000000000e+00,-0.000000000000000000e+00
0.000000000000000000e+00,-0.000000000000000000e+00,-0.000000000000000000e+00,0.000000000000000000e+00,0.000000000000000000e+00,-0.000000000000000000e+00,3.560408330328826976e-01,-0.000000000000000000e+00,-0.000000000000000000e+00,-6.148009759711042105e-02,-0.000000000000000000e+00,-7.493540044741109352e-01,0.000000000000000000e+00,0.000000000000000000e+00,-0.000000000000000000e+00,-3.345457602141461290e-02,-1.210682599131347320e-01,-3.845164085996570780e-01,2.502129128901188881e+00,0.000000000000000000e+00,-0.000000000000000000e+00,-4.383414664193437393e-01,0.000000000000000000e+00,0.000000000000000000e+00,-0.000000000000000000e+00,0.000000000000000000e+00,0.000000000000000000e+00,0.000000000000000000e+00,0.000000000000000000e+00,-0.000000000000000000e+00,0.000000000000000000e+00,-5.651529232533561431e-02,0.000000000000000000e+00,-4.990565457824833184e-01,0.000000000000000000e+00,-0.000000000000000000e+00,-0.000000000000000000e+00,3.085068795819018855e-02,-0.000000000000000000e+00
0.000000000000000000e+00,-0.000000000000000000e+00,0.000000000000000000e+00,-0.000000000000000000e+00,1.501381674042405190e-01,-0.000000000000000000e+00,-0.000000000000000000e+00,-0.000000000000000000e+00,0.000000000000000000e+00,0.000000000000000000e+00,-0.000000000000000000e+00,-0.000000000000000000e+00,0.000000000000000000e+00,0.000000000000000000e+00,0.000000000000000000e+00,0.000000000000000000e+00,0.000000000000000000e+00,0.000000000000000000e+00,0.000000000000000000e+00,1.455177097954651444e+00,-3.854805101931422229e-01,-2.487953199402562487e-01,0.000000000000000000e+00,-0.000000000000000000e+00,-0.000000000000000000e+00,0.000000000000000000e+00,-6.832060124968659942e-02,0.000000000000000000e+00,0.000000000000000000e+00,0.000000000000000000e+00,-0.000000000000000000e+00,-0.000000000000000000e+00,-3.716893417267513877e-01,0.000000000000000000e+00,-0.000000000000000000e+00,1.749229064482779317e-01,-0.000000000000000000e+00,2.391696976666431770e-03,0.000000000000000000e+00
0.000000000000000000e+00,-0.000000000000000000e+00,-1.255424967551635185e-01,-0.000000000000000000e+00,-0.000000000000000000e+00,-0.000000000000000000e+00,0.000000000000000000e+00,0.000000000000000000e+00,-0.000000000000000000e+00,-0.000000000000000000e+00,-0.000000000000000000e+00,-0.000000000000000000e+00,9.462201510205633936e-02,-0.000000000000000000e+00,-0.000000000000000000e+00,-0.000000000000000000e+00,0.000000000000000000e+00,-1.088670401078493666e-01,-0.000000000000000000e+00,-3.854805101931422229e-01,2.253668213571177414e+00,-3.604698432501579619e-01,-0.000000000000000000e+00,-0.000000000000000000e+00,-0.000000000000000000e+00,0.000000000000000000e+00,-0.000000000000000000e+00,-1.574529424618844875e-01,-0.000000000000000000e+00,-0.000000000000000000e+00,-0.000000000000000000e+00,-0.000000000000000000e+00,-6.214937967684381892e-01,-0.000000000000000000e+00,-9.276378855570217158e-03,-0.000000000000000000e+00,-5.166303740273014977e-01,0.000000000000000000e+00,-0.000000000000000000e+00
0.000000000000000000e+00,-0.000000000000000000e+00,-0.000000000000000000e+00,0.000000000000000000e+00,0.000000000000000000e+00,-1.164289534628167901e-02,0.000000000000000000e+00,-0.000000000000000000e+00,-0.000000000000000000e+00,-0.000000000000000000e+00,-0.000000000000000000e+00,-1.300412572368375985e-01,0.000000000000000000e+00,0.000000000000000000e+00,0.000000000000000000e+00,-0.000000000000000000e+00,-0.000000000000000000e+00,-0.000000000000000000e+00,-4.383414664193437393e-01,-2.487953199402562487e-01,-3.604698432501579619e-01,2.012220073164429746e+00,0.000000000000000000e+00,-0.000000000000000000e+00,-0.000000000000000000e+00,0.000000000000000000e+00,-0.000000000000000000e+00,0.000000000000000000e+00,-0.000000000000000000e+00,-0.000000000000000000e+00,-0.000000000000000000e+00,-3.906551205636920598e-01,-0.000000000000000000e+00,-0.000000000000000000e+00,0.000000000000000000e+00,0.000000000000000000e+00,-3.626172384612257882e-01,1.077259035564377410e-01,-0.000000000000000000e+00
-2.487039640921932804e-01,-0.000000000000000000e+00,-0.000000000000000000e+00,0.000000000000000000e+00,-0.000000000000000000e+00,-5.788990483631439865e-01,-0.000000000000000000e+00,9.774911131032394673e-02,-0.000000000000000000e+00,0.000000000000000000e+00,1.177531675135531780e-01,0.000000000000000000e+00,0.000000000000000000e+00,-0.000000000000000000e+00,-9.289059326163993935e-03,0.000000000000000000e+00,0.000000000000000000e+00,-0.000000000000000000e+00,0.000000000000000000e+00,0.000000000000000000e+00,-0.000000000000000000e+00,0.000000000000000000e+00,2.296992280695227873e+00,-5.180592763092298769e-01,-0.000000000000000000e+00,-3.491559840860334885e-01,-0.000000000000000000e+00,-0.000000000000000000e+00,-1.785039497399913411e-01,-2.432140994799057709e-01,-0.000000000000000000e+00,0.000000000000000000e+00,0.000000000000000000e+00,-0.000000000000000000e+00,-8.903658731572197671e-02,0.000000000000000000e+00,-0.000000000000000000e+00,-1.631184500548162747e-02,0.000000000000000000e+00
-1.196875441840811322e-01,-0.000000000000000000e+00,-0.000000000000000000e+00,-0.000000000000000000e+00,-0.000000000000000000e+00,-4.747885359780434911e-01,-0.000000000000000000e+00,0.000000000000000000e+00,-0.000000000000000000e+00,0.000000000000000000e+00,0.000000000000000000e+00,0.000000000000000000e+00,0.000000000000000000e+00,-0.000000000000000000e+00,-0.000000000000000000e+00,0.000000000000000000e+00,0.000000000000000000e+00,-0.000000000000000000e+00,0.000000000000000000e+00,-0.000000000000000000e+00,-0.000000000000000000e+00,-0.000000000000000000e+00,-5.180592763092298769e-01,2.212714006037219239e+00,-0.000000000000000000e+00,-9.096126620974227805e-02,-1.332756174298460328e-01,-0.000000000000000000e+00,-5.046349692129372677e-01,-0.000000000000000000e+00,-1.486641307544217527e-01,0.000000000000000000e+00,-0.000000000000000000e+00,0.000000000000000000e+00,-2.301829006550135115e-01,2.258294324818438115e-01,-0.000000000000000000e+00,-0.000000000000000000e+00,0.000000000000000000e+00
-0.000000000000000000e+00,-7.110885087976100971e-01,-0.000000000000000000e+00,-0.000000000000000000e+00,-0.000000000000000000e+00,-1.020690263294179306e-01,0.000000000000000000e+00,0.000000000000000000e+00,-3.838151416957704121e-01,-1.808324355116697757e-01,-0.000000000000000000e+00,-0.000000000000000000e+00,0.000000000000000000e+00,-2.523591192530620919e-01,0.000000000000000000e+00,-1.742167838519965706e-01,-0.000000000000000000e+00,-0.000000000000000000e+00,-0.000000000000000000e+00,-0.000000000000000000e+00,-0.000000000000000000e+00,-0.000000000000000000e+00,-0.000000000000000000e+00,-0.000000000000000000e+00,2.528954687328610618e+00,0.000000000000000000e+00,-1.497758368946964791e-01,-0.000000000000000000e+00,-0.000000000000000000e+00,-2.869250005833567929e-01,-0.000000000000000000e+00,-0.000000000000000000e+00,-0.000000000000000000e+00,-0.000000000000000000e+00,-0.000000000000000000e+00,-0.000000000000000000e+00,-1.784313046329474850e-01,-0.000000000000000000e+00,-3.302816548408646358e-01
-5.484576712401997289e-01,0.000000000000000000e+00,-0.000000000000000000e+00,-0.000000000000000000e+00,-0.000000000000000000e+00,-0.000000000000000000e+00,-2.240554236360023377e-01,2.417167287711515788e-01,-0.000000000000000000e+00,0.000000000000000000e+00,4.915577542991062532e-01,4.198658893065846387e-01,-0.000000000000000000e+00,-0.000000000000000000e+00,-2.896621731277673195e-01,0.000000000000000000e+00,0.000000000000000000e+00,-0.000000000000000000e+00,0.000000000000000000e+00,0.000000000000000000e+00,0.000000000000000000e+00,0.000000000000000000e+00,-3.491559840860334885e-01,-9.096126620974227805e-02,0.000000000000000000e+00,2.953758961555740470e+00,-0.000000000000000000e+00,-0.000000000000000000e+00,-2.324296196351959554e-01,-0.000000000000000000e+00,-0.000000000000000000e+00,4.875290730483112789e-01,0.000000000000000000e+00,0.000000000000000000e+00,-2.308354211157591651e-01,5.602559777337879493e-02,0.000000000000000000e+00,-9.028847532833320089e-02,5.848319819116545686e-03
-0.000000000000000000e+00,-1.768785102535993387e-02,-0.000000000000000000e+00,-9.565497604409015087e-02,0.000000000000000000e+00,-0.000000000000000000e+00,-0.000000000000000000e+00,0.000000000000000000e+00,-0.000000000000000000e+00,-0.000000000000000000e+00,-0.000000000000000000e+00,0.000000000000000000e+00,-0.000000000000000000e+00,-6.980203872071877313e-02,0.000000000000000000e+00,0.000000000000000000e+00,1.953877029311885082e-03,0.000000000000000000e+00,0.000000000000000000e+00,-6.832060124968659942e-02,-0.000000000000000000e+00,-0.000000000000000000e+00,-0.000000000000000000e+00,-1.332756174298460328e-01,-1.497758368946964791e-01,-0.000000000000000000e+00,1.403366738347052944e+00,-0.000000000000000000e+00,-0.000000000000000000e+00,0.000000000000000000e+00,-4.444885226476035234e-01,-0.000000000000000000e+00,-1.374025238706575169e-01,0.000000000000000000e+00,-0.000000000000000000e+00,0.000000000000000000e+00,-0.000000000000000000e+00,-0.000000000000000000e+00,-0.000000000000000000e+00
-1.157041447810004935e-03,-0.000000000000000000e+00,-3.766797319351940510e-01,-1.379853630898872641e-01,-6.955390916059566407e-03,-0.000000000000000000e+00,-0.000000000000000000e+00,3.925168791282485636e-01,-0.000000000000000000e+00,0.000000000000000000e+00,0.000000000000000000e+00,0.000000000000000000e+00,3.417955291084853742e-02,-1.369000497324308341e-01,-0.000000000000000000e+00,-0.000000000000000000e+00,0.000000000000000000e+00,-0.000000000000000000e+00,0.000000000000000000e+00,0.000000000000000000e+00,-1.574529424618844875e-01,0.000000000000000000e+00,-0.000000000000000000e+00,-0.000000000000000000e+00,-0.000000000000000000e+00,-0.000000000000000000e+00,-0.000000000000000000e+00,1.860494824605360753e+00,-2.666203106574730475e-01,-0.000000000000000000e+00,-4.611616682889420338e-02,0.000000000000000000e+00,-0.000000000000000000e+00,-0.000000000000000000e+00,-1.393308042583368545e-01,-0.000000000000000000e+00,-0.000000000000000000e+00,-0.000000000000000000e+00,0.000000000000000000e+00
-4.172401030212534168e-01,0.000000000000000000e+00,-2.169465857501886863e-01,-0.000000000000000000e+00,-0.000000000000000000e+00,-0.000000000000000000e+00,-0.000000000000000000e+00,2.341676136696664579e-01,-9.559603604262891310e-03,0.000000000000000000e+00,0.000000000000000000e+00,0.000000000000000000e+00,4.129324007963031465e-03,-6.405692558817500243e-03,-0.000000000000000000e+00,-0.000000000000000000e+00,0.000000000000000000e+00,-0.000000000000000000e+00,0.000000000000000000e+00,0.000000000000000000e+00,-0.000000000000000000e+00,-0.000000000000000000e+00,-1.785039497399913411e-01,-5.046349692129372677e-01,-0.000000000000000000e+00,-2.324296196351959554e-01,-0.000000000000000000e+00,-2.666203106574730475e-01,2.503533298128823859e+00,-0.000000000000000000e+00,-0.000000000000000000e+00,0.000000000000000000e+00,-0.000000000000000000e+00,-0.000000000000000000e+00,-5.065536348129261457e-01,0.000000000000000000e+00,-0.000000000000000000e+00,-0.000000000000000000e+00,0.000000000000000000e+00
-9.971193059091962296e-02,-0.000000000000000000e+00,-8.747921335351563354e-02,0.000000000000000000e+00,-0.000000000000000000e+00,-7.409882901406204814e-02,0.000000000000000000e+00,0.000000000000000000e+00,-6.490673901858381445e-01,-2.589026901607503484e-01,-0.000000000000000000e+00,-0.000000000000000000e+00,0.000000000000000000e+00,-0.000000000000000000e+00,-0.000000000000000000e+00,-2.140922466467293228e-01,-0.000000000000000000e+00,-3.987065106432203243e-01,-0.000000000000000000e+00,0.000000000000000000e+00,-0.000000000000000000e+00,-0.000000000000000000e+00,-2.432140994799057709e-01,-0.000000000000000000e+00,-2.869250005833567929e-01,-0.000000000000000000e+00,0.000000000000000000e+00,-0.000000000000000000e+00,-0.000000000000000000e+00,2.257313588907285062e+00,-0.000000000000000000e+00,-0.000000000000000000e+00,-0.000000000000000000e+00,-1.031851614212496576e-01,-0.000000000000000000e+00,-0.000000000000000000e+00,-6.656216941096098141e-03,-0.000000000000000000e+00,-0.000000000000000000e+00
-0.000000000000000000e+00,-0.000000000000000000e+00,-0.000000000000000000e+00,-4.718322165210202951e-02,-0.000000000000000000e+00,-0.000000000000000000e+00,-0.000000000000000000e+00,0.000000000000000000e+00,-0.000000000000000000e+00,0.000000000000000000e+00,0.000000000000000000e+00,0.000000000000000000e+00,0.000000000000000000e+00,-4.579167550408633214e-01,0.000000000000000000e+00,0.000000000000000000e+00,1.176307212884937226e-01,0.000000000000000000e+00,0.000000000000000000e+00,-0.000000000000000000e+00,-0.000000000000000000e+00,-0.000000000000000000e+00,-0.000000000000000000e+00,-1.486641307544217527e-01,-0.000000000000000000e+00,-0.000000000000000000e+00,-4.444885226476035234e-01,-4.611616682889420338e-02,-0.000000000000000000e+00,-0.000000000000000000e+00,1.578007083192500826e+00,-0.000000000000000000e+00,-0.000000000000000000e+00,1.049479858516742456e-02,-1.211891941671233014e-01,0.000000000000000000e+00,-4.101850935036645274e-02,-0.000000000000000000e+00,0.000000000000000000e+00
0.000000000000000000e+00,-3.510079365584983790e-01,0.000000000000000000e+00,-0.000000000000000000e+00,0.000000000000000000e+00,-0.000000000000000000e+00,1.210010924908607316e-01,-0.000000000000000000e+00,-0.000000000000000000e+00,-1.641064029764952581e-01,-6.541341444902006863e-01,-2.897355666032431776e-01,7.291086951949779515e-02,-0.000000000000000000e+00,0.000000000000000000e+00,-1.215445474570071016e-01,-0.000000000000000000e+00,-0.000000000000000000e+00,-5.651529232533561431e-02,-0.000000000000000000e+00,-0.000000000000000000e+00,-3.906551205636920598e-01,0.000000000000000000e+00,0.000000000000000000e+00,-0.000000000000000000e+00,4.875290730483112789e-01,-0.000000000000000000e+00,0.000000000000000000e+00,0.000000000000000000e+00,-0.000000000000000000e+00,-0.000000000000000000e+00,2.824297148532760815e+00,-0.000000000000000000e+00,-0.000000000000000000e+00,0.000000000000000000e+00,-7.031746969350283379e-03,-4.851549541316273473e-01,5.510862040474663603e-02,-2.990374497405065557e-02
-0.000000000000000000e+00,-0.000000000000000000e+00,-0.000000000000000000e+00,-5.521339473982606050e-01,-0.000000000000000000e+00,-0.000000000000000000e+00,-0.000000000000000000e+00,0.000000000000000000e+00,-3.830784512702464090e-02,-0.000000000000000000e+00,-0.000000000000000000e+00,-0.000000000000000000e+00,2.649465488768110166e-01,-9.310908792706555637e-02,-0.000000000000000000e+00,-2.336220717357270424e-02,0.000000000000000000e+00,-0.000000000000000000e+00,0.000000000000000000e+00,-3.716893417267513877e-01,-6.214937967684381892e-01,-0.000000000000000000e+00,0.000000000000000000e+00,-0.000000000000000000e+00,-0.000000000000000000e+00,0.000000000000000000e+00,-1.374025238706575169e-01,-0.000000000000000000e+00,-0.000000000000000000e+00,-0.000000000000000000e+00,-0.000000000000000000e+00,-0.000000000000000000e+00,2.266097207749993014e+00,-0.000000000000000000e+00,-9.833270368007974993e-02,-0.000000000000000000e+00,-3.309619644577042052e-01,0.000000000000000000e+00,-0.000000000000000000e+00
-0.000000000000000000e+00,-0.000000000000000000e+00,-0.000000000000000000e+00,0.000000000000000000e+00,-3.011401864540530493e-01,-0.000000000000000000e+00,0.000000000000000000e+00,0.000000000000000000e+00,-0.000000000000000000e+00,-1.313425900764808862e-01,-0.000000000000000000e+00,-1.593318815852025894e-01,0.000000000000000000e+00,0.000000000000000000e+00,-0.000000000000000000e+00,-2.265083521868788419e-01,-7.265777605755421864e-02,-4.446992251908736815e-01,-4.990565457824833184e-01,0.000000000000000000e+00,-0.000000000000000000e+00,-0.000000000000000000e+00,-0.000000000000000000e+00,0.000000000000000000e+00,-0.000000000000000000e+00,0.000000000000000000e+00,0.000000000000000000e+00,-0.000000000000000000e+00,-0.000000000000000000e+00,-1.031851614212496576e-01,1.049479858516742456e-02,-0.000000000000000000e+00,-0.000000000000000000e+00,2.165700372111015071e+00,0.000000000000000000e+00,-3.208390952536900875e-01,-0.000000000000000000e+00,0.000000000000000000e+00,-2.893869541836977324e-02
-0.000000000000000000e+00,0.000000000000000000e+00,-1.368105910334574127e-01,-1.037704682869300676e-01,-0.000000000000000000e+00,-0.000000000000000000e+00,-0.000000000000000000e+00,4.558078965432067475e-01,-0.000000000000000000e+00,0.000000000000000000e+00,3.354807172220254929e-01,0.000000000000000000e+00,0.000000000000000000e+00,-1.691864828940092547e-01,-0.000000000000000000e+00,-0.000000000000000000e+00,2.181747447246963623e-01,-0.000000000000000000e+00,0.000000000000000000e+00,-0.000000000000000000e+00,-9.276378855570217158e-03,0.000000000000000000e+00,-8.903658731572197671e-02,-2.301829006550135115e-01,-0.000000000000000000e+00,-2.308354211157591651e-01,-0.000000000000000000e+00,-1.393308042583368545e-01,-5.065536348129261457e-01,-0.000000000000000000e+00,-1.211891941671233014e-01,0.000000000000000000e+00,-9.833270368007974993e-02,0.000000000000000000e+00,2.440898213341020639e+00,0.000000000000000000e+00,-0.000000000000000000e+00,-0.000000000000000000e+00,0.000000000000000000e+00
0.000000000000000000e+00,-0.000000000000000000e+00,-0.000000000000000000e+00,-0.000000000000000000e+00,-5.413631522607230684e-01,0.000000000000000000e+00,0.000000000000000000e+00,0.000000000000000000e+00,-0.000000000000000000e+00,-0.000000000000000000e+00,-0.000000000000000000e+00,-0.000000000000000000e+00,2.171943229394463493e-01,-0.000000000000000000e+00,4.771224709860797872e-03,-3.153539865072045867e-01,-0.000000000000000000e+00,-0.000000000000000000e+00,-0.000000000000000000e+00,1.749229064482779317e-01,-0.000000000000000000e+00,0.000000000000000000e+00,0.000000000000000000e+00,2.258294324818438115e-01,-0.000000000000000000e+00,5.602559777337879493e-02,0.000000000000000000e+00,-0.000000000000000000e+00,0.000000000000000000e+00,-0.000000000000000000e+00,0.000000000000000000e+00,-7.031746969350283379e-03,-0.000000000000000000e+00,-3.208390952536900875e-01,0.000000000000000000e+00,1.700981893600745254e+00,-0.000000000000000000e+00,4.996783326995932369e-03,-4.485437897433824234e-02
0.000000000000000000e+00,-3.057125505383295749e-01,-0.000000000000000000e+00,-0.000000000000000000e+00,0.000000000000000000e+00,-1.652004989442111271e-01,0.000000000000000000e+00,0.000000000000000000e+00,-0.000000000000000000e+00,-0.000000000000000000e+00,-0.000000000000000000e+00,-0.000000000000000000e+00,2.460341333095176219e-01,-0.000000000000000000e+00,0.000000000000000000e+00,-0.000000000000000000e+00,0.000000000000000000e+00,-0.000000000000000000e+00,-0.000000000000000000e+00,-0.000000000000000000e+00,-5.166303740273014977e-01,-3.626172384612257882e-01,-0.000000000000000000e+00,-0.000000000000000000e+00,-1.784313046329474850e-01,0.000000000000000000e+00,-0.000000000000000000e+00,-0.000000000000000000e+00,-0.000000000000000000e+00,-6.656216941096098141e-03,-4.101850935036645274e-02,-4.851549541316273473e-01,-3.309619644577042052e-01,-0.000000000000000000e+00,-0.000000000000000000e+00,-0.000000000000000000e+00,2.378208813463869920e+00,0.000000000000000000e+00,-0.000000000000000000e+00
-1.006009112561225161e+00,-0.000000000000000000e+00,-0.000000000000000000e+00,0.000000000000000000e+00,-0.000000000000000000e+00,-0.000000000000000000e+00,-0.000000000000000000e+00,0.000000000000000000e+00,-1.243229293710271105e-01,-0.000000000000000000e+00,0.000000000000000000e+00,0.000000000000000000e+00,-0.000000000000000000e+00,-0.000000000000000000e+00,-0.000000000000000000e+00,0.000000000000000000e+00,0.000000000000000000e+00,0.000000000000000000e+00,3.085068795819018855e-02,2.391696976666431770e-03,0.000000000000000000e+00,1.077259035564377410e-01,-1.631184500548162747e-02,-0.000000000000000000e+00,-0.000000000000000000e+00,-9.028847532833320089e-02,-0.000000000000000000e+00,-0.000000000000000000e+00,-0.000000000000000000e+00,-0.000000000000000000e+00,-0.000000000000000000e+00,5.510862040474663603e-02,0.000000000000000000e+00,0.000000000000000000e+00,-0.000000000000000000e+00,4.996783326995932369e-03,0.000000000000000000e+00,1.748613791107004989e+00,-0.000000000000000000e+00
0.000000000000000000e+00,-6.371541509299717410e-01,0.000000000000000000e+00,0.000000000000000000e+00,-0.000000000000000000e+00,-0.000000000000000000e+00,6.407541877316756673e-02,-0.000000000000000000e+00,-1.634252179225028634e-01,-6.164656696414673176e-01,-2.076465260856146799e-01,-4.336162841972808213e-01,0.000000000000000000e+00,-0.000000000000000000e+00,0.000000000000000000e+00,-0.000000000000000000e+00,-0.000000000000000000e+00,-0.000000000000000000e+00,-0.000000000000000000e+00,0.000000000000000000e+00,-0.000000000000000000e+00,-0.000000000000000000e+00,0.000000000000000000e+00,0.000000000000000000e+00,-3.302816548408646358e-01,5.848319819116545686e-03,-0.000000000000000000e+00,0.000000000000000000e+00,0.000000000000000000e+00,-0.000000000000000000e+00,0.000000000000000000e+00,-2.990374497405065557e-02,-0.000000000000000000e+00,-2.893869541836977324e-02,0.000000000000000000e+00,-4.485437897433824234e-02,-0.000000000000000000e+00,-0.000000000000000000e+00,2.556826350183881491e+00
