1.573558130373862163e+00,-2.977217141021144542e-01,-0.000000000000000000e+00,-0.000000000000000000e+00,-0.000000000000000000e+00,0.000000000000000000e+00,-0.000000000000000000e+00,0.000000000000000000e+00,-2.216790988832635367e-01,-2.410844054069145176e-02,0.000000000000000000e+00,-0.000000000000000000e+00,-0.000000000000000000e+00,-0.000000000000000000e+00,-0.000000000000000000e+00,-3.077098041828109642e-01,-0.000000000000000000e+00,0.000000000000000000e+00,-0.000000000000000000e+00,-0.000000000000000000e+00,-0.000000000000000000e+00,-0.000000000000000000e+00,-1.083121560838318093e-01,-0.000000000000000000e+00,-0.000000000000000000e+00,-0.000000000000000000e+00,0.000000000000000000e+00,-0.000000000000000000e+00,-0.000000000000000000e+00,-1.147466689136479728e-01,0.000000000000000000e+00,0.000000000000000000e+00,0.000000000000000000e+00,-0.000000000000000000e+00,-0.000000000000000000e+00,-0.000000000000000000e+00,-0.000000000000000000e+00,-3.007480276266933927e-01,-0.000000000000000000e+00
-2.977217141021144542e-01,1.700324269333625127e+00,-0.000000000000000000e+00,0.000000000000000000e+00,-0.000000000000000000e+00,0.000000000000000000e+00,-0.000000000000000000e+00,0.000000000000000000e+00,-6.697206890372084387e-02,-6.996107939674506282e-01,-0.000000000000000000e+00,-0.000000000000000000e+00,0.000000000000000000e+00,-0.000000000000000000e+00,-0.000000000000000000e+00,-0.000000000000000000e+00,-0.000000000000000000e+00,0.000000000000000000e+00,-0.000000000000000000e+00,0.000000000000000000e+00,-0.000000000000000000e+00,0.000000000000000000e+00,-0.000000000000000000e+00,-4.041068619481000268e-02,-7.997111410273045895e-02,-0.000000000000000000e+00,0.000000000000000000e+00,-0.000000000000000000e+00,-2.740408845551687428e-02,-0.000000000000000000e+00,-3.374698352112508876e-02,-0.000000000000000000e+00,-0.000000000000000000e+00,-0.000000000000000000e+00,-2.153374714945351098e-02,-0.000000000000000000e+00,-2.548377495618874278e-01,0.000000000000000000e+00,-0.000000000000000000e+00
-0.000000000000000000e+00,-0.000000000000000000e+00,3.085568267303685719e+00,-0.000000000000000000e+00,-6.113034447599126064e-01,0.000000000000000000e+00,-0.000000000000000000e+00,1.461964534013250328e+00,-6.121311528018733711e-02,-1.657260093794934164e-01,-0.000000000000000000e+00,0.000000000000000000e+00,0.000000000000000000e+00,-3.550642132783193849e-02,-0.000000000000000000e+00,-0.000000000000000000e+00,-0.000000000000000000e+00,0.000000000000000000e+00,-0.000000000000000000e+00,0.000000000000000000e+00,-2.059582793835465220e-01,-0.000000000000000000e+00,-5.750874490492091651e-02,-0.000000000000000000e+00,-0.000000000000000000e+00,-0.000000000000000000e+00,-0.000000000000000000e+00,-2.424878692489074450e-01,-0.000000000000000000e+00,-0.000000000000000000e+00,-2.102884426526814565e-01,-0.000000000000000000e+00,-3.737502897955202741e-02,-0.000000000000000000e+00,0.000000000000000000e+00,0.000000000000000000e+00,0.000000000000000000e+00,-0.000000000000000000e+00,-1.405598871915964276e-01
-0.000000000000000000e+00,0.000000000000000000e+00,-0.000000000000000000e+00,1.173499977575971354e+00,-0.000000000000000000e+00,0.000000000000000000e+00,-0.000000000000000000e+00,-0.000000000000000000e+00,-0.000000000000000000e+00,-0.000000000000000000e+00,-0.000000000000000000e+00,-0.000000000000000000e+00,-1.108958964801386865e-01,-0.000000000000000000e+00,0.000000000000000000e+00,-0.000000000000000000e+00,0.000000000000000000e+00,-3.712099427284408226e-01,-0.000000000000000000e+00,-6.107976198131810641e-02,-0.000000000000000000e+00,-0.000000000000000000e+00,-0.000000000000000000e+00,0.000000000000000000e+00,0.000000000000000000e+00,0.000000000000000000e+00,-0.000000000000000000e+00,0.000000000000000000e+00,0.000000000000000000e+00,-0.000000000000000000e+00,0.000000000000000000e+00,-0.000000000000000000e+00,6.702374038415015445e-02,-0.000000000000000000e+00,0.000000000000000000e+00,-2.942646559637193682e-02,0.000000000000000000e+00,-0.000000000000000000e+00,-0.000000000000000000e+00
-0.000000000000000000e+00,-0.000000000000000000e+00,-6.113034447599126064e-01,-0.000000000000000000e+00,2.678013016435996096e+00,0.000000000000000000e+00,-0.000000000000000000e+00,6.450821109660511699e-01,-3.711805943446923051e-01,-3.424694396784708772e-01,-0.000000000000000000e+00,0.000000000000000000e+00,0.000000000000000000e+00,-3.053223297967393446e-01,-0.000000000000000000e+00,-1.586959065270022173e-01,-4.323261358051895542e-03,-0.000000000000000000e+00,-0.000000000000000000e+00,-0.000000000000000000e+00,-8.721377961502221887e-02,-0.000000000000000000e+00,-6.633146519364421616e-03,-6.357512338163520682e-02,-0.000000000000000000e+00,-0.000000000000000000e+00,-0.000000000000000000e+00,-1.786987742445055871e-01,-0.000000000000000000e+00,-3.759670170288934715e-02,-0.000000000000000000e+00,-9.268594419002670892e-03,-0.000000000000000000e+00,-0.000000000000000000e+00,0.000000000000000000e+00,-0.000000000000000000e+00,-0.000000000000000000e+00,-0.000000000000000000e+00,-0.000000000000000000e+00
0.000000000000000000e+00,0.000000000000000000e+00,0.000000000000000000e+00,0.000000000000000000e+00,0.000000000000000000e+00,1.733506242225583138e+00,-0.000000000000000000e+00,-7.025809086326696706e-02,0.000000000000000000e+00,0.000000000000000000e+00,-4.380083753094767274e-01,-1.208800136919132850e-01,-0.000000000000000000e+00,-0.000000000000000000e+00,-0.000000000000000000e+00,4.778340696044038882e-01,-0.000000000000000000e+00,0.000000000000000000e+00,-0.000000000000000000e+00,0.000000000000000000e+00,2.795469590417778982e-01,0.000000000000000000e+00,0.000000000000000000e+00,0.000000000000000000e+00,0.000000000000000000e+00,-0.000000000000000000e+00,-0.000000000000000000e+00,-0.000000000000000000e+00,-0.000000000000000000e+00,8.495894940366799375e-02,-0.000000000000000000e+00,-0.000000000000000000e+00,-2.105064228487379951e-02,-8.293473844715024135e-02,-1.936646971871715528e-01,-0.000000000000000000e+00,-1.284596918816404143e-01,3.255564980984606768e-03,2.621831695713078836e-01
-0.000000000000000000e+00,-0.000000000000000000e+00,-0.000000000000000000e+00,-0.000000000000000000e+00,-0.000000000000000000e+00,-0.000000000000000000e+00,2.494914789813191369e+00,-0.000000000000000000e+00,-0.000000000000000000e+00,-0.000000000000000000e+00,-0.000000000000000000e+00,-3.189633814851139948e-01,-1.626629297819174036e-01,-2.458373296856431497e-04,-5.409975575246647184e-01,0.000000000000000000e+00,0.000000000000000000e+00,-8.023840575105285755e-02,-4.188786756693289592e-01,-3.010183809634719432e-01,0.000000000000000000e+00,-2.711944143039334842e-01,-0.000000000000000000e+00,0.000000000000000000e+00,-0.000000000000000000e+00,-0.000000000000000000e+00,-0.000000000000000000e+00,-0.000000000000000000e+00,-0.000000000000000000e+00,0.000000000000000000e+00,-0.000000000000000000e+00,-4.695653415653339158e-02,-0.000000000000000000e+00,-3.033939552863802458e-01,-0.000000000000000000e+00,-0.000000000000000000e+00,-5.586660743071020230e-02,-0.000000000000000000e+00,-0.000000000000000000e+00
0.000000000000000000e+00,0.000000000000000000e+00,1.461964534013250328e+00,-0.000000000000000000e+00,6.450821109660511699e-01,-7.025809086326696706e-02,-0.000000000000000000e+00,2.833804780106072840e+00,5.518441755953649303e-02,0.000000000000000000e+00,-0.000000000000000000e+00,-0.000000000000000000e+00,-1.305560650485326213e-01,0.000000000000000000e+00,-0.000000000000000000e+00,0.000000000000000000e+00,0.000000000000000000e+00,-0.000000000000000000e+00,0.000000000000000000e+00,-0.000000000000000000e+00,2.292821875684933619e-01,-0.000000000000000000e+00,0.000000000000000000e+00,0.000000000000000000e+00,0.000000000000000000e+00,0.000000000000000000e+00,0.000000000000000000e+00,7.437018305626510312e-03,0.000000000000000000e+00,9.445823670103767333e-02,1.750788809141701902e-02,0.000000000000000000e+00,3.972488504619439698e-02,0.000000000000000000e+00,-0.000000000000000000e+00,-0.000000000000000000e+00,-0.000000000000000000e+00,0.000000000000000000e+00,1.625843511903496685e-01
-2.216790988832635367e-01,-6.697206890372084387e-02,-6.121311528018733711e-02,-0.000000000000000000e+00,-3.711805943446923051e-01,0.000000000000000000e+00,-0.000000000000000000e+00,5.518441755953649303e-02,2.341556888040539075e+00,-1.496728597913400509e-02,0.000000000000000000e+00,-0.000000000000000000e+00,0.000000000000000000e+00,-2.620388994721470355e-01,-0.000000000000000000e+00,-0.000000000000000000e+00,-0.000000000000000000e+00,-0.000000000000000000e+00,-2.717761236064877295e-01,-0.000000000000000000e+00,-0.000000000000000000e+00,-0.000000000000000000e+00,-5.624933047552370391e-03,-3.835834630161061992e-02,-3.120840453967825834e-01,-0.000000000000000000e+00,-0.000000000000000000e+00,-3.576935012077437914e-01,-0.000000000000000000e+00,-1.184927443375186351e-01,-0.000000000000000000e+00,-3.669828039204570125e-02,-3.596716110392736421e-02,-0.000000000000000000e+00,-0.000000000000000000e+00,-0.000000000000000000e+00,-0.000000000000000000e+00,-3.651435775066475542e-01,-1.084343147683879960e-01
-2.410844054069145176e-02,-6.996107939674506282e-01,-1.657260093794934164e-01,-0.000000000000000000e+00,-3.424694396784708772e-01,0.000000000000000000e+00,-0.000000000000000000e+00,0.000000000000000000e+00,-1.496728597913400509e-02,2.397803145631076660e+00,-0.000000000000000000e+00,0.000000000000000000e+00,0.000000000000000000e+00,-5.952684341831168124e-01,-0.000000000000000000e+00,-1.860533810814346198e-02,-0.000000000000000000e+00,-0.000000000000000000e+00,-0.000000000000000000e+00,-0.000000000000000000e+00,-0.000000000000000000e+00,-0.000000000000000000e+00,-3.776889616857270204e-01,-1.355360749602983750e-01,-6.906895327696804809e-02,-0.000000000000000000e+00,-0.000000000000000000e+00,-0.000000000000000000e+00,-4.564149262567303994e-02,-3.932270793529078073e-02,-0.000000000000000000e+00,-0.000000000000000000e+00,-0.000000000000000000e+00,-0.000000000000000000e+00,-0.000000000000000000e+00,-8.464447070939741524e-02,-0.000000000000000000e+00,-0.000000000000000000e+00,-0.000000000000000000e+00
0.000000000000000000e+00,-0.000000000000000000e+00,-0.000000000000000000e+00,-0.000000000000000000e+00,-0.000000000000000000e+00,-4.380083753094767274e-01,-0.000000000000000000e+00,-0.000000000000000000e+00,0.000000000000000000e+00,-0.000000000000000000e+00,1.371827926539429754e+00,-1.327409519181965425e-01,-1.663228298084845624e-01,-1.118779531703159302e-01,-0.000000000000000000e+00,0.000000000000000000e+00,-2.190876501515896246e-01,-0.000000000000000000e+00,-0.000000000000000000e+00,-0.000000000000000000e+00,0.000000000000000000e+00,-0.000000000000000000e+00,-6.830572398941092693e-02,0.000000000000000000e+00,-0.000000000000000000e+00,-0.000000000000000000e+00,-0.000000000000000000e+00,-0.000000000000000000e+00,-0.000000000000000000e+00,0.000000000000000000e+00,-0.000000000000000000e+00,-0.000000000000000000e+00,-0.000000000000000000e+00,-1.045705926046555795e-01,-0.000000000000000000e+00,-0.000000000000000000e+00,-0.000000000000000000e+00,0.000000000000000000e+00,-0.000000000000000000e+00
-0.000000000000000000e+00,-0.000000000000000000e+00,0.000000000000000000e+00,-0.000000000000000000e+00,0.000000000000000000e+00,-1.208800136919132850e-01,-3.189633814851139948e-01,-0.000000000000000000e+00,-0.000000000000000000e+00,0.000000000000000000e+00,-1.327409519181965425e-01,3.037858648970859665e+00,-4.617469881633362583e-01,-0.000000000000000000e+00,-7.357332946159951259e-01,0.000000000000000000e+00,0.000000000000000000e+00,-0.000000000000000000e+00,-0.000000000000000000e+00,-1.035867426391835627e-01,0.000000000000000000e+00,-3.429342587481649107e-01,-0.000000000000000000e+00,0.000000000000000000e+00,-0.000000000000000000e+00,-0.000000000000000000e+00,-0.000000000000000000e+00,-0.000000000000000000e+00,-0.000000000000000000e+00,2.572785593027344109e-01,-0.000000000000000000e+00,-0.000000000000000000e+00,-0.000000000000000000e+00,-9.020865503716416489e-01,-4.739484726341333665e-02,-4.675277237514687684e-02,-4.441897632859833321e-03,-0.000000000000000000e+00,0.000000000000000000e+00
-0.000000000000000000e+00,0.000000000000000000e+00,0.000000000000000000e+00,-1.108958964801386865e-01,0.000000000000000000e+00,-0.000000000000000000e+00,-1.626629297819174036e-01,-1.305560650485326213e-01,0.000000000000000000e+00,0.000000000000000000e+00,-1.663228298084845624e-01,-4.617469881633362583e-01,1.644410382161890949e+00,-0.000000000000000000e+00,-2.455110845930627561e-01,0.000000000000000000e+00,0.000000000000000000e+00,-1.097436523274735592e-01,-0.000000000000000000e+00,-1.465504163602035781e-01,9.549101815437414931e-02,-0.000000000000000000e+00,-0.000000000000000000e+00,0.000000000000000000e+00,0.000000000000000000e+00,-0.000000000000000000e+00,0.000000000000000000e+00,0.000000000000000000e+00,0.000000000000000000e+00,0.000000000000000000e+00,6.469893765875037173e-02,-0.000000000000000000e+00,0.000000000000000000e+00,-0.000000000000000000e+00,-0.000000000000000000e+00,-0.000000000000000000e+00,-0.000000000000000000e+00,-4.622374706398069827e-02,0.000000000000000000e+00
-0.000000000000000000e+00,-0.000000000000000000e+00,-3.550642132783193849e-02,-0.000000000000000000e+00,-3.053223297967393446e-01,-0.000000000000000000e+00,-2.458373296856431497e-04,0.000000000000000000e+00,-2.620388994721470355e-01,-5.952684341831168124e-01,-1.118779531703159302e-01,-0.000000000000000000e+00,-0.000000000000000000e+00,2.221641878947845594e+00,-0.000000000000000000e+00,-0.000000000000000000e+00,-0.000000000000000000e+00,-0.000000000000000000e+00,-1.892875212647749106e-01,-0.000000000000000000e+00,-0.000000000000000000e+00,-0.000000000000000000e+00,-1.053828067413613706e-01,-0.000000000000000000e+00,-9.072040596908527432e-02,-1.045233554179228197e-01,-0.000000000000000000e+00,-5.487018439138253295e-02,-9.900776893806828571e-02,-0.000000000000000000e+00,-0.000000000000000000e+00,-1.514541473917080661e-01,-0.000000000000000000e+00,-3.384318200527290932e-01,-0.000000000000000000e+00,-8.081524899000060158e-02,-0.000000000000000000e+00,-0.000000000000000000e+00,-0.000000000000000000e+00
-0.000000000000000000e+00,-0.000000000000000000e+00,-0.000000000000000000e+00,0.000000000000000000e+00,-0.000000000000000000e+00,-0.000000000000000000e+00,-5.409975575246647184e-01,-0.000000000000000000e+00,-0.000000000000000000e+00,-0.000000000000000000e+00,-0.000000000000000000e+00,-7.357332946159951259e-01,-2.455110845930627561e-01,-0.000000000000000000e+00,2.896192691813084252e+00,0.000000000000000000e+00,0.000000000000000000e+00,-0.000000000000000000e+00,-1.930150159210881344e-01,-2.417947000360979593e-01,0.000000000000000000e+00,-8.739031233945300514e-02,-0.000000000000000000e+00,0.000000000000000000e+00,-0.000000000000000000e+00,-0.000000000000000000e+00,-0.000000000000000000e+00,-0.000000000000000000e+00,-0.000000000000000000e+00,0.000000000000000000e+00,-0.000000000000000000e+00,-0.000000000000000000e+00,-0.000000000000000000e+00,-5.820948611873142386e-01,-1.731576222835482792e-01,-0.000000000000000000e+00,-2.143481021322235225e-01,-0.000000000000000000e+00,0.000000000000000000e+00
-3.077098041828109642e-01,-0.000000000000000000e+00,-0.000000000000000000e+00,-0.000000000000000000e+00,-1.586959065270022173e-01,4.778340696044038882e-01,0.000000000000000000e+00,0.000000000000000000e+00,-0.000000000000000000e+00,-1.860533810814346198e-02,0.000000000000000000e+00,0.000000000000000000e+00,0.000000000000000000e+00,-0.000000000000000000e+00,0.000000000000000000e+00,2.186749171570385730e+00,-0.000000000000000000e+00,-0.000000000000000000e+00,-0.000000000000000000e+00,-0.000000000000000000e+00,-0.000000000000000000e+00,0.000000000000000000e+00,-0.000000000000000000e+00,-2.075996703049304282e-01,-0.000000000000000000e+00,-0.000000000000000000e+00,0.000000000000000000e+00,-0.000000000000000000e+00,-0.000000000000000000e+00,-9.316556219017168017e-01,1.111828496951027846e-02,-0.000000000000000000e+00,0.000000000000000000e+00,0.000000000000000000e+00,0.000000000000000000e+00,-0.000000000000000000e+00,0.000000000000000000e+00,-1.811491150663053773e-01,-0.000000000000000000e+00
-0.000000000000000000e+00,-0.000000000000000000e+00,-0.000000000000000000e+00,0.000000000000000000e+00,-4.323261358051895542e-03,-0.000000000000000000e+00,0.000000000000000000e+00,0.000000000000000000e+00,-0.000000000000000000e+00,-0.000000000000000000e+00,-2.190876501515896246e-01,0.000000000000000000e+00,0.000000000000000000e+00,-0.000000000000000000e+00,0.000000000000000000e+00,-0.000000000000000000e+00,1.071367265393766255e+00,0.000000000000000000e+00,0.000000000000000000e+00,0.000000000000000000e+00,-0.000000000000000000e+00,1.753511076996396301e-01,-0.000000000000000000e+00,-0.000000000000000000e+00,-0.000000000000000000e+00,-1.326978147431681632e-01,0.000000000000000000e+00,-7.801883736073812921e-03,-2.612396366579069346e-02,-0.000000000000000000e+00,0.000000000000000000e+00,-0.000000000000000000e+00,-0.000000000000000000e+00,0.000000000000000000e+00,0.000000000000000000e+00,-0.000000000000000000e+00,0.000000000000000000e+00,0.000000000000000000e+00,-0.000000000000000000e+00
0.000000000000000000e+00,0.000000000000000000e+00,0.000000000000000000e+00,-3.712099427284408226e-01,-0.000000000000000000e+00,0.000000000000000000e+00,-8.023840575105285755e-02,-0.000000000000000000e+00,-0.000000000000000000e+00,-0.000000000000000000e+00,-0.000000000000000000e+00,-0.000000000000000000e+00,-1.097436523274735592e-01,-0.000000000000000000e+00,-0.000000000000000000e+00,-0.000000000000000000e+00,0.000000000000000000e+00,1.407289865170824106e+00,-2.015494858228086550e-01,-2.380863593169672277e-01,-0.000000000000000000e+00,-0.000000000000000000e+00,-0.000000000000000000e+00,0.000000000000000000e+00,0.000000000000000000e+00,-6.106891273374586565e-02,-0.000000000000000000e+00,-0.000000000000000000e+00,-0.000000000000000000e+00,0.000000000000000000e+00,0.000000000000000000e+00,-2.687169058779828937e-02,0.000000000000000000e+00,-0.000000000000000000e+00,0.000000000000000000e+00,-8.018330124186412444e-02,-0.000000000000000000e+00,-3.074147894018849567e-02,-0.000000000000000000e+00
-0.000000000000000000e+00,-0.000000000000000000e+00,-0.000000000000000000e+00,-0.000000000000000000e+00,-0.000000000000000000e+00,-0.000000000000000000e+00,-4.188786756693289592e-01,0.000000000000000000e+00,-2.717761236064877295e-01,-0.000000000000000000e+00,-0.000000000000000000e+00,-0.000000000000000000e+00,-0.000000000000000000e+00,-1.892875212647749106e-01,-1.930150159210881344e-01,-0.000000000000000000e+00,0.000000000000000000e+00,-2.015494858228086550e-01,2.089033889556996648e+00,-1.459596889466896474e-01,-0.000000000000000000e+00,-1.501927460011311388e-01,-3.943757013082221236e-02,0.000000000000000000e+00,-0.000000000000000000e+00,-0.000000000000000000e+00,-0.000000000000000000e+00,-1.627057608273971001e-01,0.000000000000000000e+00,0.000000000000000000e+00,-0.000000000000000000e+00,-1.608072705908978328e-01,-7.451282719718847758e-02,-1.691118098134476444e-01,-0.000000000000000000e+00,-0.000000000000000000e+00,-0.000000000000000000e+00,-9.613116593759227224e-02,-9.615819719675957247e-06
-0.000000000000000000e+00,0.000000000000000000e+00,0.000000000000000000e+00,-6.107976198131810641e-02,-0.000000000000000000e+00,0.000000000000000000e+00,-3.010183809634719432e-01,-0.000000000000000000e+00,-0.000000000000000000e+00,-0.000000000000000000e+00,-0.000000000000000000e+00,-1.035867426391835627e-01,-1.465504163602035781e-01,-0.000000000000000000e+00,-2.417947000360979593e-01,-0.000000000000000000e+00,0.000000000000000000e+00,-2.380863593169672277e-01,-1.459596889466896474e-01,2.157974050238200991e+00,-0.000000000000000000e+00,-7.567666124644434333e-01,-0.000000000000000000e+00,-0.000000000000000000e+00,-0.000000000000000000e+00,-9.196286637248060614e-02,-0.000000000000000000e+00,-0.000000000000000000e+00,0.000000000000000000e+00,0.000000000000000000e+00,0.000000000000000000e+00,-0.000000000000000000e+00,0.000000000000000000e+00,-0.000000000000000000e+00,-0.000000000000000000e+00,-0.000000000000000000e+00,-0.000000000000000000e+00,-6.041962039854850697e-02,-0.000000000000000000e+00
-0.000000000000000000e+00,-0.000000000000000000e+00,-2.059582793835465220e-01,-0.000000000000000000e+00,-8.721377961502221887e-02,2.795469590417778982e-01,0.000000000000000000e+00,2.292821875684933619e-01,-0.000000000000000000e+00,-0.000000000000000000e+00,0.000000000000000000e+00,0.000000000000000000e+00,9.549101815437414931e-02,-0.000000000000000000e+00,0.000000000000000000e+00,-0.000000000000000000e+00,-0.000000000000000000e+00,-0.000000000000000000e+00,-0.000000000000000000e+00,-0.000000000000000000e+00,1.397136971986956633e+00,-0.000000000000000000e+00,-0.000000000000000000e+00,-1.271071083891467668e-01,-0.000000000000000000e+00,-0.000000000000000000e+00,-0.000000000000000000e+00,-2.438265215022794585e-02,-0.000000000000000000e+00,-0.000000000000000000e+00,-0.000000000000000000e+00,-0.000000000000000000e+00,-0.000000000000000000e+00,0.000000000000000000e+00,0.000000000000000000e+00,0.000000000000000000e+00,0.000000000000000000e+00,-0.000000000000000000e+00,-8.199477448092730436e-02
-0.000000000000000000e+00,0.000000000000000000e+00,-0.000000000000000000e+00,-0.000000000000000000e+00,-0.000000000000000000e+00,0.000000000000000000e+00,-2.711944143039334842e-01,-0.000000000000000000e+00,-0.000000000000000000e+00,-0.000000000000000000e+00,-0.000000000000000000e+00,-3.429342587481649107e-01,-0.000000000000000000e+00,-0.000000000000000000e+00,-8.739031233945300514e-02,0.000000000000000000e+00,1.753511076996396301e-01,-0.000000000000000000e+00,-1.501927460011311388e-01,-7.567666124644434333e-01,-0.000000000000000000e+00,2.273533006483404506e+00,-0.000000000000000000e+00,0.000000000000000000e+00,-0.000000000000000000e+00,-0.000000000000000000e+00,-3.153946184953527743e-01,-0.000000000000000000e+00,0.000000000000000000e+00,0.000000000000000000e+00,-0.000000000000000000e+00,-0.000000000000000000e+00,-0.000000000000000000e+00,-2.326366402702406966e-01,-0.000000000000000000e+00,-0.000000000000000000e+00,-0.000000000000000000e+00,-9.138287634182518104e-02,-0.000000000000000000e+00
-1.083121560838318093e-01,-0.000000000000000000e+00,-5.750874490492091651e-02,-0.000000000000000000e+00,-6.633146519364421616e-03,0.000000000000000000e+00,-0.000000000000000000e+00,0.000000000000000000e+00,-5.624933047552370391e-03,-3.776889616857270204e-01,-6.830572398941092693e-02,-0.000000000000000000e+00,-0.000000000000000000e+00,-1.053828067413613706e-01,-0.000000000000000000e+00,-0.000000000000000000e+00,-0.000000000000000000e+00,-0.000000000000000000e+00,-3.943757013082221236e-02,-0.000000000000000000e+00,-0.000000000000000000e+00,-0.000000000000000000e+00,1.753878229480782203e+00,-1.382602483807783555e-01,-7.268714833600178893e-02,-0.000000000000000000e+00,-0.000000000000000000e+00,-2.316283307906202571e-01,-0.000000000000000000e+00,-7.878854762354640939e-02,-0.000000000000000000e+00,-0.000000000000000000e+00,-0.000000000000000000e+00,-0.000000000000000000e+00,-0.000000000000000000e+00,-0.000000000000000000e+00,-0.000000000000000000e+00,-0.000000000000000000e+00,-4.268246734650831820e-01
-0.000000000000000000e+00,-4.041068619481000268e-02,-0.000000000000000000e+00,0.000000000000000000e+00,-6.357512338163520682e-02,0.000000000000000000e+00,0.000000000000000000e+00,0.000000000000000000e+00,-3.835834630161061992e-02,-1.355360749602983750e-01,0.000000000000000000e+00,0.000000000000000000e+00,0.000000000000000000e+00,-0.000000000000000000e+00,0.000000000000000000e+00,-2.075996703049304282e-01,-0.000000000000000000e+00,0.000000000000000000e+00,0.000000000000000000e+00,-0.000000000000000000e+00,-1.271071083891467668e-01,0.000000000000000000e+00,-1.382602483807783555e-01,1.571331796574534367e+00,-1.411604690366430326e-01,-1.157403043794682507e-01,-0.000000000000000000e+00,-0.000000000000000000e+00,-0.000000000000000000e+00,-4.228129120435766830e-01,-0.000000000000000000e+00,-0.000000000000000000e+00,0.000000000000000000e+00,0.000000000000000000e+00,-0.000000000000000000e+00,0.000000000000000000e+00,-0.000000000000000000e+00,-0.000000000000000000e+00,-0.000000000000000000e+00
-0.000000000000000000e+00,-7.997111410273045895e-02,-0.000000000000000000e+00,0.000000000000000000e+00,-0.000000000000000000e+00,0.000000000000000000e+00,-0.000000000000000000e+00,0.000000000000000000e+00,-3.120840453967825834e-01,-6.906895327696804809e-02,-0.000000000000000000e+00,-0.000000000000000000e+00,0.000000000000000000e+00,-9.072040596908527432e-02,-0.000000000000000000e+00,-0.000000000000000000e+00,-0.000000000000000000e+00,0.000000000000000000e+00,-0.000000000000000000e+00,-0.000000000000000000e+00,-0.000000000000000000e+00,-0.000000000000000000e+00,-7.268714833600178893e-02,-1.411604690366430326e-01,1.432807000938399078e+00,-0.000000000000000000e+00,-0.000000000000000000e+00,-1.783995617221051655e-01,-0.000000000000000000e+00,-0.000000000000000000e+00,-4.417968467217617962e-02,-0.000000000000000000e+00,-1.178922802687151911e-01,-0.000000000000000000e+00,-0.000000000000000000e+00,0.000000000000000000e+00,-0.000000000000000000e+00,-0.000000000000000000e+00,-0.000000000000000000e+00
-0.000000000000000000e+00,-0.000000000000000000e+00,-0.000000000000000000e+00,0.000000000000000000e+00,-0.000000000000000000e+00,-0.000000000000000000e+00,-0.000000000000000000e+00,0.000000000000000000e+00,-0.000000000000000000e+00,-0.000000000000000000e+00,-0.000000000000000000e+00,-0.000000000000000000e+00,-0.000000000000000000e+00,-1.045233554179228197e-01,-0.000000000000000000e+00,-0.000000000000000000e+00,-1.326978147431681632e-01,-6.106891273374586565e-02,-0.000000000000000000e+00,-9.196286637248060614e-02,-0.000000000000000000e+00,-0.000000000000000000e+00,-0.000000000000000000e+00,-1.157403043794682507e-01,-0.000000000000000000e+00,1.678698434297777986e+00,-4.943733342383790363e-01,-1.955846139013175111e-01,-3.399684543296334072e-01,-0.000000000000000000e+00,-0.000000000000000000e+00,-0.000000000000000000e+00,-0.000000000000000000e+00,-0.000000000000000000e+00,-1.833389439761887729e-01,-1.840970583325835519e-01,-9.061041842208598582e-03,-1.573249734920315057e-02,0.000000000000000000e+00
0.000000000000000000e+00,0.000000000000000000e+00,-0.000000000000000000e+00,-0.000000000000000000e+00,-0.000000000000000000e+00,-0.000000000000000000e+00,-0.000000000000000000e+00,0.000000000000000000e+00,-0.000000000000000000e+00,-0.000000000000000000e+00,-0.000000000000000000e+00,-0.000000000000000000e+00,0.000000000000000000e+00,-0.000000000000000000e+00,-0.000000000000000000e+00,0.000000000000000000e+00,0.000000000000000000e+00,-0.000000000000000000e+00,-0.000000000000000000e+00,-0.000000000000000000e+00,-0.000000000000000000e+00,-3.153946184953527743e-01,-0.000000000000000000e+00,-0.000000000000000000e+00,-0.000000000000000000e+00,-4.943733342383790363e-01,1.395948304613405799e+00,-0.000000000000000000e+00,0.000000000000000000e+00,0.000000000000000000e+00,-1.122887745966251322e-01,-0.000000000000000000e+00,-0.000000000000000000e+00,-0.000000000000000000e+00,-6.587477996001704639e-02,-0.000000000000000000e+00,-0.000000000000000000e+00,-0.000000000000000000e+00,-0.000000000000000000e+00
-0.000000000000000000e+00,-0.000000000000000000e+00,-2.424878692489074450e-01,0.000000000000000000e+00,-1.786987742445055871e-01,-0.000000000000000000e+00,-0.000000000000000000e+00,7.437018305626510312e-03,-3.576935012077437914e-01,-0.000000000000000000e+00,-0.000000000000000000e+00,-0.000000000000000000e+00,0.000000000000000000e+00,-5.487018439138253295e-02,-0.000000000000000000e+00,-0.000000000000000000e+00,-7.801883736073812921e-03,-0.000000000000000000e+00,-1.627057608273971001e-01,-0.000000000000000000e+00,-2.438265215022794585e-02,-0.000000000000000000e+00,-2.316283307906202571e-01,-0.000000000000000000e+00,-1.783995617221051655e-01,-1.955846139013175111e-01,-0.000000000000000000e+00,2.095526389588615590e+00,-4.730722985159194899e-02,-0.000000000000000000e+00,-2.651969569268505800e-01,-0.000000000000000000e+00,-1.601084183250224002e-01,-5.853915650038967605e-02,-0.000000000000000000e+00,-0.000000000000000000e+00,-0.000000000000000000e+00,-0.000000000000000000e+00,-1.538697750456883562e-01
-0.000000000000000000e+00,-2.740408845551687428e-02,-0.000000000000000000e+00,0.000000000000000000e+00,-0.000000000000000000e+00,-0.000000000000000000e+00,-0.000000000000000000e+00,0.000000000000000000e+00,-0.000000000000000000e+00,-4.564149262567303994e-02,-0.000000000000000000e+00,-0.000000000000000000e+00,0.000000000000000000e+00,-9.900776893806828571e-02,-0.000000000000000000e+00,-0.000000000000000000e+00,-2.612396366579069346e-02,-0.000000000000000000e+00,0.000000000000000000e+00,0.000000000000000000e+00,-0.000000000000000000e+00,0.000000000000000000e+00,-0.000000000000000000e+00,-0.000000000000000000e+00,-0.000000000000000000e+00,-3.399684543296334072e-01,0.000000000000000000e+00,-4.730722985159194899e-02,1.306896451680885196e+00,-0.000000000000000000e+00,-0.000000000000000000e+00,-2.868052727388264445e-01,-0.000000000000000000e+00,-0.000000000000000000e+00,-0.000000000000000000e+00,-0.000000000000000000e+00,-3.786251210272145729e-02,0.000000000000000000e+00,0.000000000000000000e+00
-1.147466689136479728e-01,-0.000000000000000000e+00,-0.000000000000000000e+00,-0.000000000000000000e+00,-3.759670170288934715e-02,8.495894940366799375e-02,0.000000000000000000e+00,9.445823670103767333e-02,-1.184927443375186351e-01,-3.932270793529078073e-02,0.000000000000000000e+00,2.572785593027344109e-01,0.000000000000000000e+00,-0.000000000000000000e+00,0.000000000000000000e+00,-9.316556219017168017e-01,-0.000000000000000000e+00,0.000000000000000000e+00,0.000000000000000000e+00,0.000000000000000000e+00,-0.000000000000000000e+00,0.000000000000000000e+00,-7.878854762354640939e-02,-4.228129120435766830e-01,-0.000000000000000000e+00,-0.000000000000000000e+00,0.000000000000000000e+00,-0.000000000000000000e+00,-0.000000000000000000e+00,2.059845010390775499e+00,0.000000000000000000e+00,-0.000000000000000000e+00,0.000000000000000000e+00,0.000000000000000000e+00,0.000000000000000000e+00,0.000000000000000000e+00,0.000000000000000000e+00,-0.000000000000000000e+00,-0.000000000000000000e+00
0.000000000000000000e+00,-3.374698352112508876e-02,-2.102884426526814565e-01,0.000000000000000000e+00,-0.000000000000000000e+00,-0.000000000000000000e+00,-0.000000000000000000e+00,1.750788809141701902e-02,-0.000000000000000000e+00,-0.000000000000000000e+00,-0.000000000000000000e+00,-0.000000000000000000e+00,6.469893765875037173e-02,-0.000000000000000000e+00,-0.000000000000000000e+00,1.111828496951027846e-02,0.000000000000000000e+00,0.000000000000000000e+00,-0.000000000000000000e+00,0.000000000000000000e+00,-0.000000000000000000e+00,-0.000000000000000000e+00,-0.000000000000000000e+00,-0.000000000000000000e+00,-4.417968467217617962e-02,-0.000000000000000000e+00,-1.122887745966251322e-01,-2.651969569268505800e-01,-0.000000000000000000e+00,0.000000000000000000e+00,1.875810950100601060e+00,-0.000000000000000000e+00,-7.309499191273716168e-01,-3.660991176251039425e-01,-0.000000000000000000e+00,0.000000000000000000e+00,-9.883722894897888078e-02,0.000000000000000000e+00,-0.000000000000000000e+00
0.000000000000000000e+00,-0.000000000000000000e+00,-0.000000000000000000e+00,-0.000000000000000000e+00,-9.268594419002670892e-03,-0.000000000000000000e+00,-4.695653415653339158e-02,0.000000000000000000e+00,-3.669828039204570125e-02,-0.000000000000000000e+00,-0.000000000000000000e+00,-0.000000000000000000e+00,-0.000000000000000000e+00,-1.514541473917080661e-01,-0.000000000000000000e+00,-0.000000000000000000e+00,-0.000000000000000000e+00,-2.687169058779828937e-02,-1.608072705908978328e-01,-0.000000000000000000e+00,-0.000000000000000000e+00,-0.000000000000000000e+00,-0.000000000000000000e+00,-0.000000000000000000e+00,-0.000000000000000000e+00,-0.000000000000000000e+00,-0.000000000000000000e+00,-0.000000000000000000e+00,-2.868052727388264445e-01,-0.000000000000000000e+00,-0.000000000000000000e+00,1.397241650090769616e+00,-1.290582994118679057e-02,-0.000000000000000000e+00,-1.612905523738832336e-01,-5.760086258452030289e-02,-2.058735749839191720e-01,-0.000000000000000000e+00,0.000000000000000000e+00
0.000000000000000000e+00,-0.000000000000000000e+00,-3.737502897955202741e-02,6.702374038415015445e-02,-0.000000000000000000e+00,-2.105064228487379951e-02,-0.000000000000000000e+00,3.972488504619439698e-02,-3.596716110392736421e-02,-0.000000000000000000e+00,-0.000000000000000000e+00,-0.000000000000000000e+00,0.000000000000000000e+00,-0.000000000000000000e+00,-0.000000000000000000e+00,0.000000000000000000e+00,-0.000000000000000000e+00,0.000000000000000000e+00,-7.451282719718847758e-02,0.000000000000000000e+00,-0.000000000000000000e+00,-0.000000000000000000e+00,-0.000000000000000000e+00,0.000000000000000000e+00,-1.178922802687151911e-01,-0.000000000000000000e+00,-0.000000000000000000e+00,-1.601084183250224002e-01,-0.000000000000000000e+00,0.000000000000000000e+00,-7.309499191273716168e-01,-1.290582994118679057e-02,1.595968574017860409e+00,-3.811881910643038010e-03,-0.000000000000000000e+00,0.000000000000000000e+00,-2.949660139673759840e-02,0.000000000000000000e+00,-0.000000000000000000e+00
-0.000000000000000000e+00,-0.000000000000000000e+00,-0.000000000000000000e+00,-0.000000000000000000e+00,-0.000000000000000000e+00,-8.293473844715024135e-02,-3.033939552863802458e-01,0.000000000000000000e+00,-0.000000000000000000e+00,-0.000000000000000000e+00,-1.045705926046555795e-01,-9.020865503716416489e-01,-0.000000000000000000e+00,-3.384318200527290932e-01,-5.820948611873142386e-01,0.000000000000000000e+00,0.000000000000000000e+00,-0.000000000000000000e+00,-1.691118098134476444e-01,-0.000000000000000000e+00,0.000000000000000000e+00,-2.326366402702406966e-01,-0.000000000000000000e+00,0.000000000000000000e+00,-0.000000000000000000e+00,-0.000000000000000000e+00,-0.000000000000000000e+00,-5.853915650038967605e-02,-0.000000000000000000e+00,0.000000000000000000e+00,-3.660991176251039425e-01,-0.000000000000000000e+00,-3.811881910643038010e-03,2.916176204150206175e+00,-1.395739277835184380e-02,-0.000000000000000000e+00,-8.800183671477772307e-02,-0.000000000000000000e+00,-0.000000000000000000e+00
-0.000000000000000000e+00,-2.153374714945351098e-02,0.000000000000000000e+00,0.000000000000000000e+00,0.000000000000000000e+00,-1.936646971871715528e-01,-0.000000000000000000e+00,-0.000000000000000000e+00,-0.000000000000000000e+00,-0.000000000000000000e+00,-0.000000000000000000e+00,-4.739484726341333665e-02,-0.000000000000000000e+00,-0.000000000000000000e+00,-1.731576222835482792e-01,0.000000000000000000e+00,0.000000000000000000e+00,0.000000000000000000e+00,-0.000000000000000000e+00,-0.000000000000000000e+00,0.000000000000000000e+00,-0.000000000000000000e+00,-0.000000000000000000e+00,-0.000000000000000000e+00,-0.000000000000000000e+00,-1.833389439761887729e-01,-6.587477996001704639e-02,-0.000000000000000000e+00,-0.000000000000000000e+00,0.000000000000000000e+00,-0.000000000000000000e+00,-1.612905523738832336e-01,-0.000000000000000000e+00,-1.395739277835184380e-02,1.837823258782198543e+00,-4.628593057111243109e-02,-8.595189650260932623e-01,-0.000000000000000000e+00,0.000000000000000000e+00
-0.000000000000000000e+00,-0.000000000000000000e+00,0.000000000000000000e+00,-2.942646559637193682e-02,-0.000000000000000000e+00,-0.000000000000000000e+00,-0.000000000000000000e+00,-0.000000000000000000e+00,-0.000000000000000000e+00,-8.464447070939741524e-02,-0.000000000000000000e+00,-4.675277237514687684e-02,-0.000000000000000000e+00,-8.081524899000060158e-02,-0.000000000000000000e+00,-0.000000000000000000e+00,-0.000000000000000000e+00,-8.018330124186412444e-02,-0.000000000000000000e+00,-0.000000000000000000e+00,0.000000000000000000e+00,-0.000000000000000000e+00,-0.000000000000000000e+00,0.000000000000000000e+00,0.000000000000000000e+00,-1.840970583325835519e-01,-0.000000000000000000e+00,-0.000000000000000000e+00,-0.000000000000000000e+00,0.000000000000000000e+00,0.000000000000000000e+00,-5.760086258452030289e-02,0.000000000000000000e+00,-0.000000000000000000e+00,-4.628593057111243109e-02,1.133181081958358538e+00,-0.000000000000000000e+00,-0.000000000000000000e+00,0.000000000000000000e+00
-0.000000000000000000e+00,-2.548377495618874278e-01,0.000000000000000000e+00,0.000000000000000000e+00,-0.000000000000000000e+00,-1.284596918816404143e-01,-5.586660743071020230e-02,-0.000000000000000000e+00,-0.000000000000000000e+00,-0.000000000000000000e+00,-0.000000000000000000e+00,-4.441897632859833321e-03,-0.000000000000000000e+00,-0.000000000000000000e+00,-2.143481021322235225e-01,0.000000000000000000e+00,0.000000000000000000e+00,-0.000000000000000000e+00,-0.000000000000000000e+00,-0.000000000000000000e+00,0.000000000000000000e+00,-0.000000000000000000e+00,-0.000000000000000000e+00,-0.000000000000000000e+00,-0.000000000000000000e+00,-9.061041842208598582e-03,-0.000000000000000000e+00,-0.000000000000000000e+00,-3.786251210272145729e-02,0.000000000000000000e+00,-9.883722894897888078e-02,-2.058735749839191720e-01,-2.949660139673759840e-02,-8.800183671477772307e-02,-8.595189650260932623e-01,-0.000000000000000000e+00,1.942642416443813858e+00,0.000000000000000000e+00,0.000000000000000000e+00
-3.007480276266933927e-01,0.000000000000000000e+00,-0.000000000000000000e+00,-0.000000000000000000e+00,-0.000000000000000000e+00,3.255564980984606768e-03,-0.000000000000000000e+00,0.000000000000000000e+00,-3.651435775066475542e-01,-0.000000000000000000e+00,0.000000000000000000e+00,-0.000000000000000000e+00,-4.622374706398069827e-02,-0.000000000000000000e+00,-0.000000000000000000e+00,-1.811491150663053773e-01,0.000000000000000000e+00,-3.074147894018849567e-02,-9.613116593759227224e-02,-6.041962039854850697e-02,-0.000000000000000000e+00,-9.138287634182518104e-02,-0.000000000000000000e+00,-0.000000000000000000e+00,-0.000000000000000000e+00,-1.573249734920315057e-02,-0.000000000000000000e+00,-0.000000000000000000e+00,0.000000000000000000e+00,-0.000000000000000000e+00,0.000000000000000000e+00,-0.000000000000000000e+00,0.000000000000000000e+00,-0.000000000000000000e+00,-0.000000000000000000e+00,-0.000000000000000000e+00,0.000000000000000000e+00,1.482828008050789625e+00,-9.672955783460626678e-02
-0.000000000000000000e+00,-0.000000000000000000e+00,-1.405598871915964276e-01,-0.000000000000000000e+00,-0.000000000000000000e+00,2.621831695713078836e-01,-0.000000000000000000e+00,1.625843511903496685e-01,-1.084343147683879960e-01,-0.000000000000000000e+00,-0.000000000000000000e+00,0.000000000000000000e+00,0.000000000000000000e+00,-0.000000000000000000e+00,0.000000000000000000e+00,-0.000000000000000000e+00,-0.000000000000000000e+00,-0.000000000000000000e+00,-9.615819719675957247e-06,-0.000000000000000000e+00,-8.199477448092730436e-02,-0.000000000000000000e+00,-4.268246734650831820e-01,-0.000000000000000000e+00,-0.000000000000000000e+00,0.000000000000000000e+00,-0.000000000000000000e+00,-1.538697750456883562e-01,0.000000000000000000e+00,-0.000000000000000000e+00,-0.000000000000000000e+00,0.000000000000000000e+00,-0.000000000000000000e+00,-0.000000000000000000e+00,0.000000000000000000e+00,0.000000000000000000e+00,0.000000000000000000e+00,-9.672955783460626678e-02,1.583646860485118379e+00
