1.122597681230826483e+00,-3.613259285564154183e-02,0.000000000000000000e+00,0.000000000000000000e+00,-1.368670420350081851e-01,0.000000000000000000e+00,0.000000000000000000e+00,-0.000000000000000000e+00,-0.000000000000000000e+00,0.000000000000000000e+00,-0.000000000000000000e+00,0.000000000000000000e+00,-0.000000000000000000e+00,-1.102973665140627724e-01,0.000000000000000000e+00,0.000000000000000000e+00,0.000000000000000000e+00,-0.000000000000000000e+00,-0.000000000000000000e+00,0.000000000000000000e+00,0.000000000000000000e+00,0.000000000000000000e+00,0.000000000000000000e+00,0.000000000000000000e+00,0.000000000000000000e+00,-1.133739719938106627e-01,-0.000000000000000000e+00,-0.000000000000000000e+00,-2.619434773960132579e-01,-0.000000000000000000e+00,0.000000000000000000e+00,0.000000000000000000e+00,-0.000000000000000000e+00,0.000000000000000000e+00,-0.000000000000000000e+00,0.000000000000000000e+00,-0.000000000000000000e+00,-0.000000000000000000e+00,0.000000000000000000e+00
-3.613259285564154183e-02,1.818924554122594017e+00,-1.744965759827550242e-02,-0.000000000000000000e+00,-0.000000000000000000e+00,-0.000000000000000000e+00,-0.000000000000000000e+00,0.000000000000000000e+00,-2.238638688372026342e-01,-0.000000000000000000e+00,-0.000000000000000000e+00,-0.000000000000000000e+00,-0.000000000000000000e+00,0.000000000000000000e+00,-0.000000000000000000e+00,-0.000000000000000000e+00,-8.227562693019919993e-03,-0.000000000000000000e+00,0.000000000000000000e+00,-5.827665271181406426e-02,-0.000000000000000000e+00,-0.000000000000000000e+00,-0.000000000000000000e+00,0.000000000000000000e+00,-0.000000000000000000e+00,-1.224415154983978793e-01,0.000000000000000000e+00,-7.417663708754995699e-02,-2.263317345588355400e-01,-3.521355350746425139e-01,-0.000000000000000000e+00,-4.460423913971835463e-01,-1.575029635574317632e-01,-0.000000000000000000e+00,7.821537921428051154e-02,-2.995601094720611035e-02,-3.412790386158515848e-02,-0.000000000000000000e+00,-3.182607850480945882e-02
0.000000000000000000e+00,-1.744965759827550242e-02,2.645940195727001676e+00,-0.000000000000000000e+00,0.000000000000000000e+00,-4.957844756130810882e-02,-0.000000000000000000e+00,1.597427658656248861e-01,-9.690002655476814830e-02,-1.041652197972137983e-01,-0.000000000000000000e+00,-0.000000000000000000e+00,-0.000000000000000000e+00,0.000000000000000000e+00,-1.712302891555931017e-01,-1.767120061860182889e-01,-4.078690440024022590e-01,0.000000000000000000e+00,1.425431351192357537e-03,-2.103748607142911509e-01,-0.000000000000000000e+00,-4.396902612042105640e-02,-1.587179150588688137e-01,-0.000000000000000000e+00,-1.129628336074531697e-01,-0.000000000000000000e+00,0.000000000000000000e+00,-0.000000000000000000e+00,-0.000000000000000000e+00,-6.495985741759340015e-02,-8.937576615826298143e-02,-1.435599926759686396e-01,-0.000000000000000000e+00,-1.379961851193785838e-01,3.037224309660935262e-01,-0.000000000000000000e+00,-0.000000000000000000e+00,-0.000000000000000000e+00,-4.719743933112890422e-01
0.000000000000000000e+00,-0.000000000000000000e+00,-0.000000000000000000e+00,1.155904014295530802e+00,0.000000000000000000e+00,-0.000000000000000000e+00,-1.922167641125313853e-01,0.000000000000000000e+00,-0.000000000000000000e+00,-0.000000000000000000e+00,0.000000000000000000e+00,-1.862030005108018527e-01,-0.000000000000000000e+00,-0.000000000000000000e+00,-0.000000000000000000e+00,-0.000000000000000000e+00,-0.000000000000000000e+00,-0.000000000000000000e+00,0.000000000000000000e+00,-0.000000000000000000e+00,-0.000000000000000000e+00,-0.000000000000000000e+00,-0.000000000000000000e+00,-0.000000000000000000e+00,-0.000000000000000000e+00,-0.000000000000000000e+00,0.000000000000000000e+00,-1.782974282984573222e-01,-0.000000000000000000e+00,-0.000000000000000000e+00,-0.000000000000000000e+00,-0.000000000000000000e+00,-0.000000000000000000e+00,-0.000000000000000000e+00,0.000000000000000000e+00,-0.000000000000000000e+00,-0.000000000000000000e+00,-4.163106608761960731e-02,-0.000000000000000000e+00
-1.368670420350081851e-01,-0.000000000000000000e+00,0.000000000000000000e+00,0.000000000000000000e+00,1.178640287600200898e+00,0.000000000000000000e+00,-0.000000000000000000e+00,-0.000000000000000000e+00,-0.000000000000000000e+00,0.000000000000000000e+00,0.000000000000000000e+00,0.000000000000000000e+00,0.000000000000000000e+00,-2.721733305159926026e-03,1.885010482571677637e-01,0.000000000000000000e+00,0.000000000000000000e+00,-9.115358546204414825e-02,-0.000000000000000000e+00,0.000000000000000000e+00,0.000000000000000000e+00,0.000000000000000000e+00,0.000000000000000000e+00,2.354386816188289849e-02,0.000000000000000000e+00,-3.538884254707760912e-01,-8.197380249590605072e-02,-0.000000000000000000e+00,-0.000000000000000000e+00,-0.000000000000000000e+00,0.000000000000000000e+00,0.000000000000000000e+00,-0.000000000000000000e+00,0.000000000000000000e+00,-0.000000000000000000e+00,-0.000000000000000000e+00,-0.000000000000000000e+00,-0.000000000000000000e+00,0.000000000000000000e+00
0.000000000000000000e+00,-0.000000000000000000e+00,-4.957844756130810882e-02,-0.000000000000000000e+00,0.000000000000000000e+00,2.451929457853477601e+00,-0.000000000000000000e+00,0.000000000000000000e+00,-0.000000000000000000e+00,-1.846676610183865808e-01,-1.971158163992037249e-01,-0.000000000000000000e+00,-0.000000000000000000e+00,2.496779427031551868e-01,-0.000000000000000000e+00,-6.377869248212564290e-02,-3.201957769257598452e-01,0.000000000000000000e+00,3.335054301172736112e-03,-2.603178824229961941e-01,-0.000000000000000000e+00,-1.486797840868110121e-01,-1.256047787342246536e-01,0.000000000000000000e+00,-2.777036434172240331e-01,-0.000000000000000000e+00,0.000000000000000000e+00,-1.228169699464022463e-01,-8.201505285598645334e-02,-0.000000000000000000e+00,-1.430944332075674841e-01,-1.000523211507723664e-01,-0.000000000000000000e+00,-0.000000000000000000e+00,2.926399943607090326e-01,-2.219642991721218761e-01,-0.000000000000000000e+00,-0.000000000000000000e+00,-3.292308703503176587e-02
0.000000000000000000e+00,-0.000000000000000000e+00,-0.000000000000000000e+00,-1.922167641125313853e-01,-0.000000000000000000e+00,-0.000000000000000000e+00,1.308133095826857328e+00,0.000000000000000000e+00,-0.000000000000000000e+00,-0.000000000000000000e+00,-0.000000000000000000e+00,0.000000000000000000e+00,0.000000000000000000e+00,0.000000000000000000e+00,0.000000000000000000e+00,-0.000000000000000000e+00,-0.000000000000000000e+00,0.000000000000000000e+00,0.000000000000000000e+00,-0.000000000000000000e+00,-0.000000000000000000e+00,-0.000000000000000000e+00,0.000000000000000000e+00,0.000000000000000000e+00,-0.000000000000000000e+00,-0.000000000000000000e+00,0.000000000000000000e+00,-5.359993926321614532e-01,-0.000000000000000000e+00,0.000000000000000000e+00,-2.619459026519104297e-02,-0.000000000000000000e+00,-0.000000000000000000e+00,-0.000000000000000000e+00,0.000000000000000000e+00,-0.000000000000000000e+00,-0.000000000000000000e+00,-0.000000000000000000e+00,-0.000000000000000000e+00
-0.000000000000000000e+00,0.000000000000000000e+00,1.597427658656248861e-01,0.000000000000000000e+00,-0.000000000000000000e+00,0.000000000000000000e+00,0.000000000000000000e+00,1.203346534406366297e+00,0.000000000000000000e+00,0.000000000000000000e+00,2.458009170434180546e-02,0.000000000000000000e+00,-0.000000000000000000e+00,-0.000000000000000000e+00,0.000000000000000000e+00,3.479833410078869704e-02,1.597122380369737082e-01,-0.000000000000000000e+00,-0.000000000000000000e+00,0.000000000000000000e+00,3.207876398604257717e-02,0.000000000000000000e+00,0.000000000000000000e+00,0.000000000000000000e+00,0.000000000000000000e+00,-0.000000000000000000e+00,-0.000000000000000000e+00,0.000000000000000000e+00,0.000000000000000000e+00,0.000000000000000000e+00,1.860765560636633564e-01,0.000000000000000000e+00,0.000000000000000000e+00,0.000000000000000000e+00,-2.350528818657039373e-02,0.000000000000000000e+00,-0.000000000000000000e+00,0.000000000000000000e+00,2.966141429880601171e-02
-0.000000000000000000e+00,-2.238638688372026342e-01,-9.690002655476814830e-02,-0.000000000000000000e+00,-0.000000000000000000e+00,-0.000000000000000000e+00,-0.000000000000000000e+00,0.000000000000000000e+00,2.312012328919771154e+00,-0.000000000000000000e+00,-0.000000000000000000e+00,-0.000000000000000000e+00,-1.180344855779724353e-02,0.000000000000000000e+00,-0.000000000000000000e+00,-0.000000000000000000e+00,-8.658472258351923578e-02,-0.000000000000000000e+00,1.871581510125070180e-01,-3.131558512675521738e-02,-0.000000000000000000e+00,-0.000000000000000000e+00,-4.090536779813112173e-02,-0.000000000000000000e+00,-4.722379366924551319e-02,-1.580757234734836147e-01,-0.000000000000000000e+00,-1.875283211262829264e-02,-2.274908129769705745e-01,-3.276558491599021461e-01,-0.000000000000000000e+00,-0.000000000000000000e+00,-2.510331541277381340e-01,-2.730780125805100100e-01,0.000000000000000000e+00,-9.316920592422033021e-02,-0.000000000000000000e+00,-4.211553714708041185e-01,-1.647245723023995079e-01
0.000000000000000000e+00,-0.000000000000000000e+00,-1.041652197972137983e-01,-0.000000000000000000e+00,0.000000000000000000e+00,-1.846676610183865808e-01,-0.000000000000000000e+00,0.000000000000000000e+00,-0.000000000000000000e+00,2.435895889167135842e+00,-0.000000000000000000e+00,-0.000000000000000000e+00,-0.000000000000000000e+00,1.940166225909292774e-01,-0.000000000000000000e+00,-8.052344284553493159e-01,-1.173661351567194394e-01,7.308783980190838858e-02,0.000000000000000000e+00,-0.000000000000000000e+00,-0.000000000000000000e+00,-2.204552509446901509e-01,-1.369770073292148893e-01,0.000000000000000000e+00,-3.010165514541160992e-01,0.000000000000000000e+00,0.000000000000000000e+00,-7.301667617406941424e-02,-0.000000000000000000e+00,-0.000000000000000000e+00,-2.022872701738658574e-01,-0.000000000000000000e+00,-0.000000000000000000e+00,-8.209734038657393040e-02,3.292769286300085974e-02,-1.339412830564015895e-02,-0.000000000000000000e+00,-0.000000000000000000e+00,-5.514468116214658183e-02
-0.000000000000000000e+00,-0.000000000000000000e+00,-0.000000000000000000e+00,0.000000000000000000e+00,0.000000000000000000e+00,-1.971158163992037249e-01,-0.000000000000000000e+00,2.458009170434180546e-02,-0.000000000000000000e+00,-0.000000000000000000e+00,1.384323744669473832e+00,-0.000000000000000000e+00,-0.000000000000000000e+00,0.000000000000000000e+00,-1.852537344277196407e-01,-0.000000000000000000e+00,-1.197602208503082827e-01,0.000000000000000000e+00,0.000000000000000000e+00,-7.423400864927759413e-02,-0.000000000000000000e+00,-0.000000000000000000e+00,-0.000000000000000000e+00,-0.000000000000000000e+00,-0.000000000000000000e+00,-0.000000000000000000e+00,0.000000000000000000e+00,-0.000000000000000000e+00,-1.856260314504782627e-01,-0.000000000000000000e+00,-0.000000000000000000e+00,-1.579164757864996993e-01,-0.000000000000000000e+00,-0.000000000000000000e+00,8.639831850582677109e-02,-0.000000000000000000e+00,-0.000000000000000000e+00,-0.000000000000000000e+00,-0.000000000000000000e+00
0.000000000000000000e+00,-0.000000000000000000e+00,-0.000000000000000000e+00,-1.862030005108018527e-01,0.000000000000000000e+00,-0.000000000000000000e+00,0.000000000000000000e+00,0.000000000000000000e+00,-0.000000000000000000e+00,-0.000000000000000000e+00,-0.000000000000000000e+00,1.697413566375969740e+00,-0.000000000000000000e+00,-0.000000000000000000e+00,-4.629848517750747572e-01,-0.000000000000000000e+00,-0.000000000000000000e+00,0.000000000000000000e+00,4.805838798909627951e-01,-6.157909192705647919e-03,-0.000000000000000000e+00,-0.000000000000000000e+00,-0.000000000000000000e+00,-2.694173437396996662e-01,-0.000000000000000000e+00,0.000000000000000000e+00,0.000000000000000000e+00,-0.000000000000000000e+00,-0.000000000000000000e+00,-3.190169520033475647e-02,-1.285515267938407841e-02,-5.718102942388372106e-02,-0.000000000000000000e+00,-4.864434541094977277e-02,0.000000000000000000e+00,-0.000000000000000000e+00,0.000000000000000000e+00,-0.000000000000000000e+00,-1.041153688647830367e-01
-0.000000000000000000e+00,-0.000000000000000000e+00,-0.000000000000000000e+00,-0.000000000000000000e+00,0.000000000000000000e+00,-0.000000000000000000e+00,0.000000000000000000e+00,-0.000000000000000000e+00,-1.180344855779724353e-02,-0.000000000000000000e+00,-0.000000000000000000e+00,-0.000000000000000000e+00,1.019752634817869374e+00,-0.000000000000000000e+00,-0.000000000000000000e+00,-0.000000000000000000e+00,-0.000000000000000000e+00,-0.000000000000000000e+00,0.000000000000000000e+00,-0.000000000000000000e+00,0.000000000000000000e+00,-0.000000000000000000e+00,-9.600372139820697800e-03,-0.000000000000000000e+00,-0.000000000000000000e+00,-0.000000000000000000e+00,0.000000000000000000e+00,0.000000000000000000e+00,-0.000000000000000000e+00,-1.267194363063458840e-01,0.000000000000000000e+00,-0.000000000000000000e+00,-1.302978154324911132e-02,-0.000000000000000000e+00,0.000000000000000000e+00,-0.000000000000000000e+00,-0.000000000000000000e+00,-0.000000000000000000e+00,-0.000000000000000000e+00
-1.102973665140627724e-01,0.000000000000000000e+00,0.000000000000000000e+00,-0.000000000000000000e+00,-2.721733305159926026e-03,2.496779427031551868e-01,0.000000000000000000e+00,-0.000000000000000000e+00,0.000000000000000000e+00,1.940166225909292774e-01,0.000000000000000000e+00,-0.000000000000000000e+00,-0.000000000000000000e+00,1.253058187210580154e+00,0.000000000000000000e+00,3.145328713022854661e-02,0.000000000000000000e+00,-0.000000000000000000e+00,-0.000000000000000000e+00,0.000000000000000000e+00,0.000000000000000000e+00,0.000000000000000000e+00,0.000000000000000000e+00,-2.546073700447284982e-01,0.000000000000000000e+00,-0.000000000000000000e+00,-1.563284045005405853e-01,0.000000000000000000e+00,0.000000000000000000e+00,-0.000000000000000000e+00,0.000000000000000000e+00,0.000000000000000000e+00,-0.000000000000000000e+00,0.000000000000000000e+00,-7.151879586372558717e-02,0.000000000000000000e+00,0.000000000000000000e+00,0.000000000000000000e+00,0.000000000000000000e+00
0.000000000000000000e+00,-0.000000000000000000e+00,-1.712302891555931017e-01,-0.000000000000000000e+00,1.885010482571677637e-01,-0.000000000000000000e+00,0.000000000000000000e+00,0.000000000000000000e+00,-0.000000000000000000e+00,-0.000000000000000000e+00,-1.852537344277196407e-01,-4.629848517750747572e-01,-0.000000000000000000e+00,0.000000000000000000e+00,1.844049543834951344e+00,-5.762062621185076727e-02,-3.862558262918976137e-02,2.904218257817942628e-01,2.231403367306359908e-01,-1.274299794283924592e-01,-6.473610675878430087e-02,-0.000000000000000000e+00,-2.155660694570346592e-01,-9.895408912068963392e-02,-0.000000000000000000e+00,0.000000000000000000e+00,0.000000000000000000e+00,-0.000000000000000000e+00,-0.000000000000000000e+00,-0.000000000000000000e+00,-0.000000000000000000e+00,-0.000000000000000000e+00,-0.000000000000000000e+00,-4.239738767733920721e-02,0.000000000000000000e+00,-0.000000000000000000e+00,0.000000000000000000e+00,-0.000000000000000000e+00,-0.000000000000000000e+00
0.000000000000000000e+00,-0.000000000000000000e+00,-1.767120061860182889e-01,-0.000000000000000000e+00,0.000000000000000000e+00,-6.377869248212564290e-02,-0.000000000000000000e+00,3.479833410078869704e-02,-0.000000000000000000e+00,-8.052344284553493159e-01,-0.000000000000000000e+00,-0.000000000000000000e+00,-0.000000000000000000e+00,3.145328713022854661e-02,-5.762062621185076727e-02,2.413161177510203981e+00,-2.354027710915875260e-01,3.826004666474662388e-03,6.371855132259464372e-02,-3.680849219998725413e-02,-0.000000000000000000e+00,-8.329119462388320794e-02,-1.343644517899704738e-01,-0.000000000000000000e+00,-2.852145822434434264e-01,0.000000000000000000e+00,0.000000000000000000e+00,-0.000000000000000000e+00,-0.000000000000000000e+00,-0.000000000000000000e+00,-9.233031769465471772e-02,-0.000000000000000000e+00,-0.000000000000000000e+00,-1.761352383554745105e-01,1.646236520912235102e-02,-0.000000000000000000e+00,0.000000000000000000e+00,-0.000000000000000000e+00,-1.171418394320444534e-01
0.000000000000000000e+00,-8.227562693019919993e-03,-4.078690440024022590e-01,-0.000000000000000000e+00,0.000000000000000000e+00,-3.201957769257598452e-01,-0.000000000000000000e+00,1.597122380369737082e-01,-8.658472258351923578e-02,-1.173661351567194394e-01,-1.197602208503082827e-01,-0.000000000000000000e+00,-0.000000000000000000e+00,0.000000000000000000e+00,-3.862558262918976137e-02,-2.354027710915875260e-01,2.522396469799481178e+00,0.000000000000000000e+00,7.736376642807706039e-02,-6.274635324097906086e-02,-9.239250428359503317e-03,-9.209916861538351360e-03,-1.215244897751173864e-01,-0.000000000000000000e+00,-2.585967061860917626e-01,-0.000000000000000000e+00,0.000000000000000000e+00,-6.192163691979527679e-02,-3.115717164543889695e-01,-0.000000000000000000e+00,-1.432405242388182535e-03,-0.000000000000000000e+00,-0.000000000000000000e+00,-4.537613889774069764e-02,1.685402659239808310e-01,-0.000000000000000000e+00,-0.000000000000000000e+00,-0.000000000000000000e+00,-1.496337381110543208e-01
-0.000000000000000000e+00,-0.000000000000000000e+00,0.000000000000000000e+00,-0.000000000000000000e+00,-9.115358546204414825e-02,0.000000000000000000e+00,0.000000000000000000e+00,-0.000000000000000000e+00,-0.000000000000000000e+00,7.308783980190838858e-02,0.000000000000000000e+00,0.000000000000000000e+00,-0.000000000000000000e+00,-0.000000000000000000e+00,2.904218257817942628e-01,3.826004666474662388e-03,0.000000000000000000e+00,1.112110759907203539e+00,-0.000000000000000000e+00,0.000000000000000000e+00,0.000000000000000000e+00,0.000000000000000000e+00,0.000000000000000000e+00,0.000000000000000000e+00,0.000000000000000000e+00,-5.222478087437270981e-03,-0.000000000000000000e+00,0.000000000000000000e+00,-0.000000000000000000e+00,-0.000000000000000000e+00,0.000000000000000000e+00,-0.000000000000000000e+00,-0.000000000000000000e+00,0.000000000000000000e+00,-0.000000000000000000e+00,-0.000000000000000000e+00,-0.000000000000000000e+00,-0.000000000000000000e+00,0.000000000000000000e+00
-0.000000000000000000e+00,0.000000000000000000e+00,1.425431351192357537e-03,0.000000000000000000e+00,-0.000000000000000000e+00,3.335054301172736112e-03,0.000000000000000000e+00,-0.000000000000000000e+00,1.871581510125070180e-01,0.000000000000000000e+00,0.000000000000000000e+00,4.805838798909627951e-01,0.000000000000000000e+00,-0.000000000000000000e+00,2.231403367306359908e-01,6.371855132259464372e-02,7.736376642807706039e-02,-0.000000000000000000e+00,1.960033803263691476e+00,1.336091581270480722e-01,0.000000000000000000e+00,1.527361629220477107e-02,0.000000000000000000e+00,0.000000000000000000e+00,0.000000000000000000e+00,0.000000000000000000e+00,-0.000000000000000000e+00,8.332794315860796164e-02,0.000000000000000000e+00,0.000000000000000000e+00,0.000000000000000000e+00,0.000000000000000000e+00,0.000000000000000000e+00,5.378419261294120624e-01,-0.000000000000000000e+00,0.000000000000000000e+00,0.000000000000000000e+00,0.000000000000000000e+00,6.944650997511647716e-02
0.000000000000000000e+00,-5.827665271181406426e-02,-2.103748607142911509e-01,-0.000000000000000000e+00,0.000000000000000000e+00,-2.603178824229961941e-01,-0.000000000000000000e+00,0.000000000000000000e+00,-3.131558512675521738e-02,-0.000000000000000000e+00,-7.423400864927759413e-02,-6.157909192705647919e-03,-0.000000000000000000e+00,0.000000000000000000e+00,-1.274299794283924592e-01,-3.680849219998725413e-02,-6.274635324097906086e-02,0.000000000000000000e+00,1.336091581270480722e-01,1.739956006647391140e+00,-0.000000000000000000e+00,-4.146576732646557739e-02,-2.155772553003074687e-01,-0.000000000000000000e+00,-7.577310952913929309e-02,-0.000000000000000000e+00,0.000000000000000000e+00,-0.000000000000000000e+00,-0.000000000000000000e+00,-0.000000000000000000e+00,-0.000000000000000000e+00,-1.405298835540691460e-01,-0.000000000000000000e+00,-0.000000000000000000e+00,0.000000000000000000e+00,-2.248291994254521080e-03,-0.000000000000000000e+00,-0.000000000000000000e+00,-9.128775895798332818e-02
0.000000000000000000e+00,-0.000000000000000000e+00,-0.000000000000000000e+00,-0.000000000000000000e+00,0.000000000000000000e+00,-0.000000000000000000e+00,-0.000000000000000000e+00,3.207876398604257717e-02,-0.000000000000000000e+00,-0.000000000000000000e+00,-0.000000000000000000e+00,-0.000000000000000000e+00,0.000000000000000000e+00,0.000000000000000000e+00,-6.473610675878430087e-02,-0.000000000000000000e+00,-9.239250428359503317e-03,0.000000000000000000e+00,0.000000000000000000e+00,-0.000000000000000000e+00,1.030038891027192260e+00,-0.000000000000000000e+00,-0.000000000000000000e+00,-0.000000000000000000e+00,-0.000000000000000000e+00,0.000000000000000000e+00,0.000000000000000000e+00,-0.000000000000000000e+00,-0.000000000000000000e+00,-0.000000000000000000e+00,-1.472407929702277025e-02,-0.000000000000000000e+00,0.000000000000000000e+00,-0.000000000000000000e+00,8.995919336680271994e-02,-0.000000000000000000e+00,0.000000000000000000e+00,-0.000000000000000000e+00,-2.884795813714561077e-02
0.000000000000000000e+00,-0.000000000000000000e+00,-4.396902612042105640e-02,-0.000000000000000000e+00,0.000000000000000000e+00,-1.486797840868110121e-01,-0.000000000000000000e+00,0.000000000000000000e+00,-0.000000000000000000e+00,-2.204552509446901509e-01,-0.000000000000000000e+00,-0.000000000000000000e+00,-0.000000000000000000e+00,0.000000000000000000e+00,-0.000000000000000000e+00,-8.329119462388320794e-02,-9.209916861538351360e-03,0.000000000000000000e+00,1.527361629220477107e-02,-4.146576732646557739e-02,-0.000000000000000000e+00,1.366279318397952025e+00,-1.352819669916010270e-01,0.000000000000000000e+00,-0.000000000000000000e+00,-0.000000000000000000e+00,0.000000000000000000e+00,-2.116533179744904333e-02,-0.000000000000000000e+00,-0.000000000000000000e+00,-0.000000000000000000e+00,-0.000000000000000000e+00,-1.088192643884081240e-01,-1.161429661634473948e-01,0.000000000000000000e+00,-0.000000000000000000e+00,-0.000000000000000000e+00,-0.000000000000000000e+00,-0.000000000000000000e+00
0.000000000000000000e+00,-0.000000000000000000e+00,-1.587179150588688137e-01,-0.000000000000000000e+00,0.000000000000000000e+00,-1.256047787342246536e-01,0.000000000000000000e+00,0.000000000000000000e+00,-4.090536779813112173e-02,-1.369770073292148893e-01,-0.000000000000000000e+00,-0.000000000000000000e+00,-9.600372139820697800e-03,0.000000000000000000e+00,-2.155660694570346592e-01,-1.343644517899704738e-01,-1.215244897751173864e-01,0.000000000000000000e+00,0.000000000000000000e+00,-2.155772553003074687e-01,-0.000000000000000000e+00,-1.352819669916010270e-01,2.213653305771826840e+00,-0.000000000000000000e+00,-7.070783413951552410e-01,-0.000000000000000000e+00,0.000000000000000000e+00,-0.000000000000000000e+00,-0.000000000000000000e+00,-0.000000000000000000e+00,-0.000000000000000000e+00,-0.000000000000000000e+00,-1.305709931576838276e-02,-0.000000000000000000e+00,4.324201817613560622e-02,-0.000000000000000000e+00,-0.000000000000000000e+00,-0.000000000000000000e+00,-1.066280899813507044e-01
0.000000000000000000e+00,0.000000000000000000e+00,-0.000000000000000000e+00,-0.000000000000000000e+00,2.354386816188289849e-02,0.000000000000000000e+00,0.000000000000000000e+00,0.000000000000000000e+00,-0.000000000000000000e+00,0.000000000000000000e+00,-0.000000000000000000e+00,-2.694173437396996662e-01,-0.000000000000000000e+00,-2.546073700447284982e-01,-9.895408912068963392e-02,-0.000000000000000000e+00,-0.000000000000000000e+00,0.000000000000000000e+00,0.000000000000000000e+00,-0.000000000000000000e+00,-0.000000000000000000e+00,0.000000000000000000e+00,-0.000000000000000000e+00,1.137457008730493824e+00,-0.000000000000000000e+00,0.000000000000000000e+00,0.000000000000000000e+00,0.000000000000000000e+00,-0.000000000000000000e+00,-0.000000000000000000e+00,0.000000000000000000e+00,-0.000000000000000000e+00,-0.000000000000000000e+00,-0.000000000000000000e+00,0.000000000000000000e+00,0.000000000000000000e+00,0.000000000000000000e+00,-0.000000000000000000e+00,-0.000000000000000000e+00
0.000000000000000000e+00,-0.000000000000000000e+00,-1.129628336074531697e-01,-0.000000000000000000e+00,0.000000000000000000e+00,-2.777036434172240331e-01,-0.000000000000000000e+00,0.000000000000000000e+00,-4.722379366924551319e-02,-3.010165514541160992e-01,-0.000000000000000000e+00,-0.000000000000000000e+00,-0.000000000000000000e+00,0.000000000000000000e+00,-0.000000000000000000e+00,-2.852145822434434264e-01,-2.585967061860917626e-01,0.000000000000000000e+00,0.000000000000000000e+00,-7.577310952913929309e-02,-0.000000000000000000e+00,-0.000000000000000000e+00,-7.070783413951552410e-01,-0.000000000000000000e+00,2.424269562279972590e+00,-0.000000000000000000e+00,0.000000000000000000e+00,-0.000000000000000000e+00,-0.000000000000000000e+00,-0.000000000000000000e+00,-0.000000000000000000e+00,-2.514054157978110569e-03,-2.179772018704013437e-01,-0.000000000000000000e+00,6.253926570917042738e-02,-9.594474991524805374e-02,-0.000000000000000000e+00,-0.000000000000000000e+00,-0.000000000000000000e+00
-1.133739719938106627e-01,-1.224415154983978793e-01,-0.000000000000000000e+00,-0.000000000000000000e+00,-3.538884254707760912e-01,-0.000000000000000000e+00,-0.000000000000000000e+00,-0.000000000000000000e+00,-1.580757234734836147e-01,0.000000000000000000e+00,-0.000000000000000000e+00,0.000000000000000000e+00,-0.000000000000000000e+00,-0.000000000000000000e+00,0.000000000000000000e+00,0.000000000000000000e+00,-0.000000000000000000e+00,-5.222478087437270981e-03,0.000000000000000000e+00,-0.000000000000000000e+00,0.000000000000000000e+00,-0.000000000000000000e+00,-0.000000000000000000e+00,0.000000000000000000e+00,-0.000000000000000000e+00,1.281116490145773446e+00,-0.000000000000000000e+00,-0.000000000000000000e+00,-0.000000000000000000e+00,-2.890484499296248899e-02,-0.000000000000000000e+00,-0.000000000000000000e+00,-6.636724253262993312e-02,-0.000000000000000000e+00,0.000000000000000000e+00,-1.291098141160635336e-02,-0.000000000000000000e+00,-1.746744639203279548e-01,-0.000000000000000000e+00
-0.000000000000000000e+00,0.000000000000000000e+00,0.000000000000000000e+00,0.000000000000000000e+00,-8.197380249590605072e-02,0.000000000000000000e+00,0.000000000000000000e+00,-0.000000000000000000e+00,-0.000000000000000000e+00,0.000000000000000000e+00,0.000000000000000000e+00,0.000000000000000000e+00,0.000000000000000000e+00,-1.563284045005405853e-01,0.000000000000000000e+00,0.000000000000000000e+00,0.000000000000000000e+00,-0.000000000000000000e+00,-0.000000000000000000e+00,0.000000000000000000e+00,0.000000000000000000e+00,0.000000000000000000e+00,0.000000000000000000e+00,0.000000000000000000e+00,0.000000000000000000e+00,-0.000000000000000000e+00,1.062378507106736203e+00,0.000000000000000000e+00,0.000000000000000000e+00,-0.000000000000000000e+00,0.000000000000000000e+00,1.573932533594045724e-01,-0.000000000000000000e+00,0.000000000000000000e+00,-0.000000000000000000e+00,0.000000000000000000e+00,0.000000000000000000e+00,0.000000000000000000e+00,0.000000000000000000e+00
-0.000000000000000000e+00,-7.417663708754995699e-02,-0.000000000000000000e+00,-1.782974282984573222e-01,-0.000000000000000000e+00,-1.228169699464022463e-01,-5.359993926321614532e-01,0.000000000000000000e+00,-1.875283211262829264e-02,-7.301667617406941424e-02,-0.000000000000000000e+00,-0.000000000000000000e+00,0.000000000000000000e+00,0.000000000000000000e+00,-0.000000000000000000e+00,-0.000000000000000000e+00,-6.192163691979527679e-02,0.000000000000000000e+00,8.332794315860796164e-02,-0.000000000000000000e+00,-0.000000000000000000e+00,-2.116533179744904333e-02,-0.000000000000000000e+00,0.000000000000000000e+00,-0.000000000000000000e+00,-0.000000000000000000e+00,0.000000000000000000e+00,1.967050559870471949e+00,-0.000000000000000000e+00,-0.000000000000000000e+00,-6.770750057899129759e-01,-0.000000000000000000e+00,-9.287342214605485979e-02,-8.347258116494755964e-02,0.000000000000000000e+00,-5.163857776882181672e-02,-0.000000000000000000e+00,-4.237905542378589407e-02,-0.000000000000000000e+00
-2.619434773960132579e-01,-2.263317345588355400e-01,-0.000000000000000000e+00,-0.000000000000000000e+00,-0.000000000000000000e+00,-8.201505285598645334e-02,-0.000000000000000000e+00,0.000000000000000000e+00,-2.274908129769705745e-01,-0.000000000000000000e+00,-1.856260314504782627e-01,-0.000000000000000000e+00,-0.000000000000000000e+00,0.000000000000000000e+00,-0.000000000000000000e+00,-0.000000000000000000e+00,-3.115717164543889695e-01,-0.000000000000000000e+00,0.000000000000000000e+00,-0.000000000000000000e+00,-0.000000000000000000e+00,-0.000000000000000000e+00,-0.000000000000000000e+00,-0.000000000000000000e+00,-0.000000000000000000e+00,-0.000000000000000000e+00,0.000000000000000000e+00,-0.000000000000000000e+00,1.564115025865113529e+00,-1.330501695272881257e-01,-0.000000000000000000e+00,-0.000000000000000000e+00,-0.000000000000000000e+00,-0.000000000000000000e+00,3.721753875660743088e-03,-0.000000000000000000e+00,-0.000000000000000000e+00,-0.000000000000000000e+00,-0.000000000000000000e+00
-0.000000000000000000e+00,-3.521355350746425139e-01,-6.495985741759340015e-02,-0.000000000000000000e+00,-0.000000000000000000e+00,-0.000000000000000000e+00,0.000000000000000000e+00,0.000000000000000000e+00,-3.276558491599021461e-01,-0.000000000000000000e+00,-0.000000000000000000e+00,-3.190169520033475647e-02,-1.267194363063458840e-01,-0.000000000000000000e+00,-0.000000000000000000e+00,-0.000000000000000000e+00,-0.000000000000000000e+00,-0.000000000000000000e+00,0.000000000000000000e+00,-0.000000000000000000e+00,-0.000000000000000000e+00,-0.000000000000000000e+00,-0.000000000000000000e+00,-0.000000000000000000e+00,-0.000000000000000000e+00,-2.890484499296248899e-02,-0.000000000000000000e+00,-0.000000000000000000e+00,-1.330501695272881257e-01,1.539336325464492283e+00,-0.000000000000000000e+00,-2.523532991173638856e-02,-8.696979524706585640e-02,-0.000000000000000000e+00,0.000000000000000000e+00,-1.964050478699640168e-01,-0.000000000000000000e+00,-0.000000000000000000e+00,-0.000000000000000000e+00
0.000000000000000000e+00,-0.000000000000000000e+00,-8.937576615826298143e-02,-0.000000000000000000e+00,0.000000000000000000e+00,-1.430944332075674841e-01,-2.619459026519104297e-02,1.860765560636633564e-01,-0.000000000000000000e+00,-2.022872701738658574e-01,-0.000000000000000000e+00,-1.285515267938407841e-02,0.000000000000000000e+00,0.000000000000000000e+00,-0.000000000000000000e+00,-9.233031769465471772e-02,-1.432405242388182535e-03,0.000000000000000000e+00,0.000000000000000000e+00,-0.000000000000000000e+00,-1.472407929702277025e-02,-0.000000000000000000e+00,-0.000000000000000000e+00,0.000000000000000000e+00,-0.000000000000000000e+00,-0.000000000000000000e+00,0.000000000000000000e+00,-6.770750057899129759e-01,-0.000000000000000000e+00,-0.000000000000000000e+00,1.846876757986921858e+00,-2.876804715640709359e-02,-0.000000000000000000e+00,-1.770711988848156296e-02,0.000000000000000000e+00,-0.000000000000000000e+00,0.000000000000000000e+00,-0.000000000000000000e+00,-2.254550590209368488e-01
0.000000000000000000e+00,-4.460423913971835463e-01,-1.435599926759686396e-01,-0.000000000000000000e+00,0.000000000000000000e+00,-1.000523211507723664e-01,-0.000000000000000000e+00,0.000000000000000000e+00,-0.000000000000000000e+00,-0.000000000000000000e+00,-1.579164757864996993e-01,-5.718102942388372106e-02,-0.000000000000000000e+00,0.000000000000000000e+00,-0.000000000000000000e+00,-0.000000000000000000e+00,-0.000000000000000000e+00,-0.000000000000000000e+00,0.000000000000000000e+00,-1.405298835540691460e-01,-0.000000000000000000e+00,-0.000000000000000000e+00,-0.000000000000000000e+00,-0.000000000000000000e+00,-2.514054157978110569e-03,-0.000000000000000000e+00,1.573932533594045724e-01,-0.000000000000000000e+00,-0.000000000000000000e+00,-2.523532991173638856e-02,-2.876804715640709359e-02,1.666886640578372436e+00,-0.000000000000000000e+00,-0.000000000000000000e+00,2.336955340180689733e-01,-2.716525655617790108e-02,-0.000000000000000000e+00,-0.000000000000000000e+00,-6.864905226883832867e-02
-0.000000000000000000e+00,-1.575029635574317632e-01,-0.000000000000000000e+00,-0.000000000000000000e+00,-0.000000000000000000e+00,-0.000000000000000000e+00,-0.000000000000000000e+00,0.000000000000000000e+00,-2.510331541277381340e-01,-0.000000000000000000e+00,-0.000000000000000000e+00,-0.000000000000000000e+00,-1.302978154324911132e-02,-0.000000000000000000e+00,-0.000000000000000000e+00,-0.000000000000000000e+00,-0.000000000000000000e+00,-0.000000000000000000e+00,0.000000000000000000e+00,-0.000000000000000000e+00,0.000000000000000000e+00,-1.088192643884081240e-01,-1.305709931576838276e-02,-0.000000000000000000e+00,-2.179772018704013437e-01,-6.636724253262993312e-02,-0.000000000000000000e+00,-9.287342214605485979e-02,-0.000000000000000000e+00,-8.696979524706585640e-02,-0.000000000000000000e+00,-0.000000000000000000e+00,1.409267648378799143e+00,-0.000000000000000000e+00,0.000000000000000000e+00,-1.277899649160505469e-01,-0.000000000000000000e+00,-0.000000000000000000e+00,-0.000000000000000000e+00
0.000000000000000000e+00,-0.000000000000000000e+00,-1.379961851193785838e-01,-0.000000000000000000e+00,0.000000000000000000e+00,-0.000000000000000000e+00,-0.000000000000000000e+00,0.000000000000000000e+00,-2.730780125805100100e-01,-8.209734038657393040e-02,-0.000000000000000000e+00,-4.864434541094977277e-02,-0.000000000000000000e+00,0.000000000000000000e+00,-4.239738767733920721e-02,-1.761352383554745105e-01,-4.537613889774069764e-02,0.000000000000000000e+00,5.378419261294120624e-01,-0.000000000000000000e+00,-0.000000000000000000e+00,-1.161429661634473948e-01,-0.000000000000000000e+00,-0.000000000000000000e+00,-0.000000000000000000e+00,-0.000000000000000000e+00,0.000000000000000000e+00,-8.347258116494755964e-02,-0.000000000000000000e+00,-0.000000000000000000e+00,-1.770711988848156296e-02,-0.000000000000000000e+00,-0.000000000000000000e+00,2.255118792523070681e+00,1.880637626301667059e-02,-0.000000000000000000e+00,0.000000000000000000e+00,-4.827280198608450146e-01,-2.376913537367150719e-01
-0.000000000000000000e+00,7.821537921428051154e-02,3.037224309660935262e-01,0.000000000000000000e+00,-0.000000000000000000e+00,2.926399943607090326e-01,0.000000000000000000e+00,-2.350528818657039373e-02,0.000000000000000000e+00,3.292769286300085974e-02,8.639831850582677109e-02,0.000000000000000000e+00,0.000000000000000000e+00,-7.151879586372558717e-02,0.000000000000000000e+00,1.646236520912235102e-02,1.685402659239808310e-01,-0.000000000000000000e+00,-0.000000000000000000e+00,0.000000000000000000e+00,8.995919336680271994e-02,0.000000000000000000e+00,4.324201817613560622e-02,0.000000000000000000e+00,6.253926570917042738e-02,0.000000000000000000e+00,-0.000000000000000000e+00,0.000000000000000000e+00,3.721753875660743088e-03,0.000000000000000000e+00,0.000000000000000000e+00,2.336955340180689733e-01,0.000000000000000000e+00,1.880637626301667059e-02,1.967402435226829560e+00,3.923484217580626432e-02,0.000000000000000000e+00,2.627839497762677820e-02,3.528751069458960776e-01
0.000000000000000000e+00,-2.995601094720611035e-02,-0.000000000000000000e+00,-0.000000000000000000e+00,-0.000000000000000000e+00,-2.219642991721218761e-01,-0.000000000000000000e+00,0.000000000000000000e+00,-9.316920592422033021e-02,-1.339412830564015895e-02,-0.000000000000000000e+00,-0.000000000000000000e+00,-0.000000000000000000e+00,0.000000000000000000e+00,-0.000000000000000000e+00,-0.000000000000000000e+00,-0.000000000000000000e+00,-0.000000000000000000e+00,0.000000000000000000e+00,-2.248291994254521080e-03,-0.000000000000000000e+00,-0.000000000000000000e+00,-0.000000000000000000e+00,0.000000000000000000e+00,-9.594474991524805374e-02,-1.291098141160635336e-02,0.000000000000000000e+00,-5.163857776882181672e-02,-0.000000000000000000e+00,-1.964050478699640168e-01,-0.000000000000000000e+00,-2.716525655617790108e-02,-1.277899649160505469e-01,-0.000000000000000000e+00,3.923484217580626432e-02,1.314087950422704987e+00,-0.000000000000000000e+00,-0.000000000000000000e+00,-0.000000000000000000e+00
-0.000000000000000000e+00,-3.412790386158515848e-02,-0.000000000000000000e+00,-0.000000000000000000e+00,-0.000000000000000000e+00,-0.000000000000000000e+00,-0.000000000000000000e+00,-0.000000000000000000e+00,-0.000000000000000000e+00,-0.000000000000000000e+00,-0.000000000000000000e+00,0.000000000000000000e+00,-0.000000000000000000e+00,0.000000000000000000e+00,0.000000000000000000e+00,0.000000000000000000e+00,-0.000000000000000000e+00,-0.000000000000000000e+00,0.000000000000000000e+00,-0.000000000000000000e+00,0.000000000000000000e+00,-0.000000000000000000e+00,-0.000000000000000000e+00,0.000000000000000000e+00,-0.000000000000000000e+00,-0.000000000000000000e+00,0.000000000000000000e+00,-0.000000000000000000e+00,-0.000000000000000000e+00,-0.000000000000000000e+00,0.000000000000000000e+00,-0.000000000000000000e+00,-0.000000000000000000e+00,0.000000000000000000e+00,0.000000000000000000e+00,-0.000000000000000000e+00,1.001163359614311910e+00,0.000000000000000000e+00,-0.000000000000000000e+00
-0.000000000000000000e+00,-0.000000000000000000e+00,-0.000000000000000000e+00,-4.163106608761960731e-02,-0.000000000000000000e+00,-0.000000000000000000e+00,-0.000000000000000000e+00,0.000000000000000000e+00,-4.211553714708041185e-01,-0.000000000000000000e+00,-0.000000000000000000e+00,-0.000000000000000000e+00,-0.000000000000000000e+00,0.000000000000000000e+00,-0.000000000000000000e+00,-0.000000000000000000e+00,-0.000000000000000000e+00,-0.000000000000000000e+00,0.000000000000000000e+00,-0.000000000000000000e+00,-0.000000000000000000e+00,-0.000000000000000000e+00,-0.000000000000000000e+00,-0.000000000000000000e+00,-0.000000000000000000e+00,-1.746744639203279548e-01,0.000000000000000000e+00,-4.237905542378589407e-02,-0.000000000000000000e+00,-0.000000000000000000e+00,-0.000000000000000000e+00,-0.000000000000000000e+00,-0.000000000000000000e+00,-4.827280198608450146e-01,2.627839497762677820e-02,-0.000000000000000000e+00,0.000000000000000000e+00,1.891194666481438524e+00,-4.982265828802354690e-01
0.000000000000000000e+00,-3.182607850480945882e-02,-4.719743933112890422e-01,-0.000000000000000000e+00,0.000000000000000000e+00,-3.292308703503176587e-02,-0.000000000000000000e+00,2.966141429880601171e-02,-1.647245723023995079e-01,-5.514468116214658183e-02,-0.000000000000000000e+00,-1.041153688647830367e-01,-0.000000000000000000e+00,0.000000000000000000e+00,-0.000000000000000000e+00,-1.171418394320444534e-01,-1.496337381110543208e-01,0.000000000000000000e+00,6.944650997511647716e-02,-9.128775895798332818e-02,-2.884795813714561077e-02,-0.000000000000000000e+00,-1.066280899813507044e-01,-0.000000000000000000e+00,-0.000000000000000000e+00,-0.000000000000000000e+00,0.000000000000000000e+00,-0.000000000000000000e+00,-0.000000000000000000e+00,-0.000000000000000000e+00,-2.254550590209368488e-01,-6.864905226883832867e-02,-0.000000000000000000e+00,-2.376913537367150719e-01,3.528751069458960776e-01,-0.000000000000000000e+00,-0.000000000000000000e+00,-4.982265828802354690e-01,2.592981724801240784e+00
