1.875412491687097116e+00,-2.806789249680761711e-01,-0.000000000000000000e+00,0.000000000000000000e+00,-0.000000000000000000e+00,-0.000000000000000000e+00,-0.000000000000000000e+00,0.000000000000000000e+00,0.000000000000000000e+00,-1.771464727289534802e-01,-7.334299644196798362e-02,0.000000000000000000e+00,-6.954436321154483513e-02,-0.000000000000000000e+00,0.000000000000000000e+00,-2.524346385598860709e-01,-1.220393973031629609e-01,0.000000000000000000e+00,0.000000000000000000e+00,-0.000000000000000000e+00,-0.000000000000000000e+00,-4.059687558339109686e-02,-3.755902180411803681e-01,-8.853112337716748104e-02,-0.000000000000000000e+00,-1.414254857325709658e-01,-8.730670033137614972e-02,-0.000000000000000000e+00,-2.672998200336307861e-01,-0.000000000000000000e+00,-0.000000000000000000e+00,-0.000000000000000000e+00,-0.000000000000000000e+00,0.000000000000000000e+00,-0.000000000000000000e+00,-0.000000000000000000e+00,-0.000000000000000000e+00,-0.000000000000000000e+00,-0.000000000000000000e+00
-2.806789249680761711e-01,1.818945870256020614e+00,0.000000000000000000e+00,0.000000000000000000e+00,-0.000000000000000000e+00,-0.000000000000000000e+00,-7.037349204209333853e-02,-0.000000000000000000e+00,0.000000000000000000e+00,-0.000000000000000000e+00,-3.112518995523781348e-02,-0.000000000000000000e+00,-0.000000000000000000e+00,-0.000000000000000000e+00,1.145527929994322180e-01,-0.000000000000000000e+00,-0.000000000000000000e+00,0.000000000000000000e+00,-0.000000000000000000e+00,7.774092793015592584e-02,0.000000000000000000e+00,-0.000000000000000000e+00,-1.354625731622001172e-01,-0.000000000000000000e+00,-0.000000000000000000e+00,0.000000000000000000e+00,-2.063603056089434173e-01,0.000000000000000000e+00,-8.714082695780750454e-03,-0.000000000000000000e+00,-4.923299008935565907e-02,-5.291790878117109687e-01,-0.000000000000000000e+00,0.000000000000000000e+00,-1.210350345345216974e-02,-0.000000000000000000e+00,-2.098580949839244369e-01,0.000000000000000000e+00,-9.752862988898289287e-02
-0.000000000000000000e+00,0.000000000000000000e+00,2.411604894860186032e+00,0.000000000000000000e+00,-3.407691081606675221e-01,0.000000000000000000e+00,-0.000000000000000000e+00,1.113987465217116668e+00,-0.000000000000000000e+00,-5.025563521241185883e-03,-0.000000000000000000e+00,0.000000000000000000e+00,0.000000000000000000e+00,-1.614039518838777942e-01,-0.000000000000000000e+00,-0.000000000000000000e+00,-0.000000000000000000e+00,-0.000000000000000000e+00,-0.000000000000000000e+00,-0.000000000000000000e+00,-4.970596156974046997e-01,0.000000000000000000e+00,-3.448606477972918950e-03,-1.399073626041028549e-02,-0.000000000000000000e+00,-1.060291047229935113e-01,-0.000000000000000000e+00,-1.219093296026477063e-01,-0.000000000000000000e+00,-0.000000000000000000e+00,-0.000000000000000000e+00,0.000000000000000000e+00,-0.000000000000000000e+00,-0.000000000000000000e+00,-0.000000000000000000e+00,0.000000000000000000e+00,-0.000000000000000000e+00,-0.000000000000000000e+00,-0.000000000000000000e+00
0.000000000000000000e+00,0.000000000000000000e+00,0.000000000000000000e+00,2.333611500308272468e+00,-0.000000000000000000e+00,2.609849022994087941e-01,0.000000000000000000e+00,0.000000000000000000e+00,-1.685354548495148486e-01,0.000000000000000000e+00,2.341667282125385330e-01,-1.112364216287575203e-01,6.418015486759841293e-02,0.000000000000000000e+00,-0.000000000000000000e+00,0.000000000000000000e+00,3.401227194380325725e-01,-7.751579019220545819e-01,-1.931800568252034500e-01,0.000000000000000000e+00,0.000000000000000000e+00,0.000000000000000000e+00,0.000000000000000000e+00,0.000000000000000000e+00,-0.000000000000000000e+00,0.000000000000000000e+00,1.251943305013773766e-01,0.000000000000000000e+00,0.000000000000000000e+00,-0.000000000000000000e+00,0.000000000000000000e+00,0.000000000000000000e+00,1.530825306230856886e-01,-4.757846561839545324e-02,0.000000000000000000e+00,0.000000000000000000e+00,6.991694225314352973e-02,-0.000000000000000000e+00,-0.000000000000000000e+00
-0.000000000000000000e+00,-0.000000000000000000e+00,-3.407691081606675221e-01,-0.000000000000000000e+00,1.795842118782825736e+00,0.000000000000000000e+00,-0.000000000000000000e+00,4.583505872937649328e-01,-2.333191371262192670e-01,-1.141267653157285872e-01,0.000000000000000000e+00,0.000000000000000000e+00,0.000000000000000000e+00,-2.747113203222880107e-01,-0.000000000000000000e+00,-2.475595402913328621e-02,-0.000000000000000000e+00,-1.802775289048169985e-02,-0.000000000000000000e+00,-0.000000000000000000e+00,-0.000000000000000000e+00,0.000000000000000000e+00,-0.000000000000000000e+00,-0.000000000000000000e+00,-0.000000000000000000e+00,-0.000000000000000000e+00,0.000000000000000000e+00,-0.000000000000000000e+00,-0.000000000000000000e+00,-1.970097682351539536e-01,-0.000000000000000000e+00,0.000000000000000000e+00,0.000000000000000000e+00,-2.291235846198495796e-01,-0.000000000000000000e+00,0.000000000000000000e+00,-0.000000000000000000e+00,-0.000000000000000000e+00,-0.000000000000000000e+00
-0.000000000000000000e+00,-0.000000000000000000e+00,0.000000000000000000e+00,2.609849022994087941e-01,0.000000000000000000e+00,2.476197383430297716e+00,-0.000000000000000000e+00,-0.000000000000000000e+00,3.275733782015513573e-02,-0.000000000000000000e+00,-5.087266789269556666e-01,0.000000000000000000e+00,-0.000000000000000000e+00,-0.000000000000000000e+00,3.061019336912894073e-01,-0.000000000000000000e+00,-9.309250223101625532e-02,2.269735597217254763e-01,0.000000000000000000e+00,0.000000000000000000e+00,0.000000000000000000e+00,-0.000000000000000000e+00,-0.000000000000000000e+00,-0.000000000000000000e+00,0.000000000000000000e+00,0.000000000000000000e+00,-1.234617385032232562e-01,0.000000000000000000e+00,-1.059317199929991765e-01,0.000000000000000000e+00,-0.000000000000000000e+00,-0.000000000000000000e+00,-3.049123078801033171e-01,2.060323786411372982e-01,-0.000000000000000000e+00,-2.606321662562524066e-01,-2.357908215328635981e-01,3.757577667329053787e-03,0.000000000000000000e+00
-0.000000000000000000e+00,-7.037349204209333853e-02,-0.000000000000000000e+00,0.000000000000000000e+00,-0.000000000000000000e+00,-0.000000000000000000e+00,1.126851739329234547e+00,-0.000000000000000000e+00,0.000000000000000000e+00,-0.000000000000000000e+00,-0.000000000000000000e+00,-0.000000000000000000e+00,-0.000000000000000000e+00,-0.000000000000000000e+00,0.000000000000000000e+00,-0.000000000000000000e+00,-0.000000000000000000e+00,0.000000000000000000e+00,-0.000000000000000000e+00,0.000000000000000000e+00,0.000000000000000000e+00,-1.191278651872181987e-01,-0.000000000000000000e+00,-0.000000000000000000e+00,0.000000000000000000e+00,0.000000000000000000e+00,-1.685909018952696029e-02,0.000000000000000000e+00,-0.000000000000000000e+00,-0.000000000000000000e+00,-1.227986354827384774e-01,-1.338169302556234397e-01,-0.000000000000000000e+00,0.000000000000000000e+00,-1.959958911759391784e-02,-3.811718894002821129e-02,-0.000000000000000000e+00,0.000000000000000000e+00,-5.362898432268211474e-02
0.000000000000000000e+00,-0.000000000000000000e+00,1.113987465217116668e+00,0.000000000000000000e+00,4.583505872937649328e-01,-0.000000000000000000e+00,-0.000000000000000000e+00,2.236372598144724666e+00,0.000000000000000000e+00,0.000000000000000000e+00,-0.000000000000000000e+00,-0.000000000000000000e+00,-0.000000000000000000e+00,0.000000000000000000e+00,0.000000000000000000e+00,0.000000000000000000e+00,0.000000000000000000e+00,0.000000000000000000e+00,0.000000000000000000e+00,0.000000000000000000e+00,3.775242971162136030e-01,-0.000000000000000000e+00,0.000000000000000000e+00,0.000000000000000000e+00,0.000000000000000000e+00,0.000000000000000000e+00,-0.000000000000000000e+00,0.000000000000000000e+00,0.000000000000000000e+00,0.000000000000000000e+00,0.000000000000000000e+00,-0.000000000000000000e+00,0.000000000000000000e+00,1.638663606076111445e-02,0.000000000000000000e+00,-0.000000000000000000e+00,-0.000000000000000000e+00,0.000000000000000000e+00,0.000000000000000000e+00
0.000000000000000000e+00,0.000000000000000000e+00,-0.000000000000000000e+00,-1.685354548495148486e-01,-2.333191371262192670e-01,3.275733782015513573e-02,0.000000000000000000e+00,0.000000000000000000e+00,2.519979062441401130e+00,-0.000000000000000000e+00,0.000000000000000000e+00,-0.000000000000000000e+00,0.000000000000000000e+00,-0.000000000000000000e+00,-1.465300193101549964e-01,-0.000000000000000000e+00,0.000000000000000000e+00,-4.728550405393878164e-01,-2.892648515017893773e-01,-0.000000000000000000e+00,-0.000000000000000000e+00,0.000000000000000000e+00,-0.000000000000000000e+00,0.000000000000000000e+00,-4.619456820500360966e-02,-0.000000000000000000e+00,0.000000000000000000e+00,-0.000000000000000000e+00,0.000000000000000000e+00,-2.628331822961999520e-01,0.000000000000000000e+00,0.000000000000000000e+00,0.000000000000000000e+00,-7.039933305945793585e-01,0.000000000000000000e+00,0.000000000000000000e+00,0.000000000000000000e+00,-4.730813094730029200e-01,-2.163708084824798039e-01
-1.771464727289534802e-01,-0.000000000000000000e+00,-5.025563521241185883e-03,0.000000000000000000e+00,-1.141267653157285872e-01,-0.000000000000000000e+00,-0.000000000000000000e+00,0.000000000000000000e+00,-0.000000000000000000e+00,2.305512109981056046e+00,-0.000000000000000000e+00,0.000000000000000000e+00,-0.000000000000000000e+00,-1.483599534813410670e-01,0.000000000000000000e+00,-7.153989598955932117e-01,-0.000000000000000000e+00,0.000000000000000000e+00,-0.000000000000000000e+00,-0.000000000000000000e+00,-0.000000000000000000e+00,-0.000000000000000000e+00,-1.647940297218310479e-01,-0.000000000000000000e+00,-6.911274425312653735e-02,-3.002412305003838711e-01,-0.000000000000000000e+00,-6.285317217551328328e-02,-4.155437782864896401e-01,-3.685633740900839395e-01,-0.000000000000000000e+00,-0.000000000000000000e+00,-0.000000000000000000e+00,-0.000000000000000000e+00,-0.000000000000000000e+00,-0.000000000000000000e+00,-0.000000000000000000e+00,-0.000000000000000000e+00,-0.000000000000000000e+00
-7.334299644196798362e-02,-3.112518995523781348e-02,-0.000000000000000000e+00,2.341667282125385330e-01,0.000000000000000000e+00,-5.087266789269556666e-01,-0.000000000000000000e+00,-0.000000000000000000e+00,0.000000000000000000e+00,-0.000000000000000000e+00,2.479068210540819717e+00,0.000000000000000000e+00,-0.000000000000000000e+00,-0.000000000000000000e+00,3.015450205583355969e-01,-0.000000000000000000e+00,-2.651122146696836546e-01,2.757968878495043255e-02,0.000000000000000000e+00,0.000000000000000000e+00,0.000000000000000000e+00,-0.000000000000000000e+00,-9.181026675680040161e-02,-3.789481758917800924e-02,0.000000000000000000e+00,0.000000000000000000e+00,-3.316575449438183276e-01,0.000000000000000000e+00,-0.000000000000000000e+00,0.000000000000000000e+00,-4.335559122273736909e-02,-2.046072584607453726e-01,-2.076158003284871711e-01,0.000000000000000000e+00,-0.000000000000000000e+00,-8.083822812242255629e-02,-1.413149368239283443e-01,6.001921113586132506e-02,0.000000000000000000e+00
0.000000000000000000e+00,-0.000000000000000000e+00,0.000000000000000000e+00,-1.112364216287575203e-01,0.000000000000000000e+00,0.000000000000000000e+00,-0.000000000000000000e+00,-0.000000000000000000e+00,-0.000000000000000000e+00,0.000000000000000000e+00,0.000000000000000000e+00,1.291397236097017398e+00,-0.000000000000000000e+00,0.000000000000000000e+00,-0.000000000000000000e+00,0.000000000000000000e+00,5.479824958812780367e-03,-2.852992755343938380e-03,-6.618842419632781082e-02,0.000000000000000000e+00,2.285561841284731999e-01,-0.000000000000000000e+00,0.000000000000000000e+00,0.000000000000000000e+00,0.000000000000000000e+00,1.405904003672241998e-01,0.000000000000000000e+00,2.725835023335556051e-01,0.000000000000000000e+00,-0.000000000000000000e+00,-0.000000000000000000e+00,-0.000000000000000000e+00,0.000000000000000000e+00,-0.000000000000000000e+00,-0.000000000000000000e+00,0.000000000000000000e+00,0.000000000000000000e+00,0.000000000000000000e+00,-1.468181404518565936e-01
-6.954436321154483513e-02,-0.000000000000000000e+00,0.000000000000000000e+00,6.418015486759841293e-02,0.000000000000000000e+00,-0.000000000000000000e+00,-0.000000000000000000e+00,-0.000000000000000000e+00,0.000000000000000000e+00,-0.000000000000000000e+00,-0.000000000000000000e+00,-0.000000000000000000e+00,1.316388955040808106e+00,-0.000000000000000000e+00,0.000000000000000000e+00,-0.000000000000000000e+00,-6.080504231309331181e-02,5.596107359790868097e-02,0.000000000000000000e+00,-0.000000000000000000e+00,0.000000000000000000e+00,-5.557339375417812422e-01,-0.000000000000000000e+00,-0.000000000000000000e+00,-0.000000000000000000e+00,-0.000000000000000000e+00,-0.000000000000000000e+00,-0.000000000000000000e+00,-0.000000000000000000e+00,-0.000000000000000000e+00,-0.000000000000000000e+00,-2.782377903751651581e-03,-0.000000000000000000e+00,0.000000000000000000e+00,0.000000000000000000e+00,-0.000000000000000000e+00,-0.000000000000000000e+00,0.000000000000000000e+00,0.000000000000000000e+00
-0.000000000000000000e+00,-0.000000000000000000e+00,-1.614039518838777942e-01,0.000000000000000000e+00,-2.747113203222880107e-01,-0.000000000000000000e+00,-0.000000000000000000e+00,0.000000000000000000e+00,-0.000000000000000000e+00,-1.483599534813410670e-01,-0.000000000000000000e+00,0.000000000000000000e+00,-0.000000000000000000e+00,1.700628525827357684e+00,0.000000000000000000e+00,-7.397321251041677481e-02,-1.258111510546912060e-01,-0.000000000000000000e+00,-0.000000000000000000e+00,-0.000000000000000000e+00,-0.000000000000000000e+00,-0.000000000000000000e+00,-2.495188134106573197e-01,-4.044415931645282125e-01,-1.395094392105697412e-01,-0.000000000000000000e+00,-0.000000000000000000e+00,-0.000000000000000000e+00,-1.359862129529075536e-01,-3.389081409204636186e-02,-0.000000000000000000e+00,-0.000000000000000000e+00,-0.000000000000000000e+00,-0.000000000000000000e+00,-0.000000000000000000e+00,-0.000000000000000000e+00,-0.000000000000000000e+00,-0.000000000000000000e+00,-0.000000000000000000e+00
0.000000000000000000e+00,1.145527929994322180e-01,-0.000000000000000000e+00,-0.000000000000000000e+00,-0.000000000000000000e+00,3.061019336912894073e-01,0.000000000000000000e+00,0.000000000000000000e+00,-1.465300193101549964e-01,0.000000000000000000e+00,3.015450205583355969e-01,-0.000000000000000000e+00,0.000000000000000000e+00,0.000000000000000000e+00,2.360884205119173629e+00,0.000000000000000000e+00,0.000000000000000000e+00,-0.000000000000000000e+00,-0.000000000000000000e+00,-2.070235581805668079e-01,-0.000000000000000000e+00,0.000000000000000000e+00,0.000000000000000000e+00,0.000000000000000000e+00,-0.000000000000000000e+00,-0.000000000000000000e+00,1.952975833413689022e-01,-0.000000000000000000e+00,0.000000000000000000e+00,-0.000000000000000000e+00,2.567914652805485254e-01,1.371728149487320414e-01,0.000000000000000000e+00,-3.811118720520062508e-01,0.000000000000000000e+00,1.776102273000488563e-01,9.068814775824667052e-02,-3.616393569396169627e-01,-0.000000000000000000e+00
-2.524346385598860709e-01,-0.000000000000000000e+00,-0.000000000000000000e+00,0.000000000000000000e+00,-2.475595402913328621e-02,-0.000000000000000000e+00,-0.000000000000000000e+00,0.000000000000000000e+00,-0.000000000000000000e+00,-7.153989598955932117e-01,-0.000000000000000000e+00,0.000000000000000000e+00,-0.000000000000000000e+00,-7.397321251041677481e-02,0.000000000000000000e+00,2.012385780426133586e+00,-0.000000000000000000e+00,-0.000000000000000000e+00,-0.000000000000000000e+00,-0.000000000000000000e+00,-0.000000000000000000e+00,-0.000000000000000000e+00,-1.849610275993369690e-01,-0.000000000000000000e+00,-4.820878899070819151e-02,-0.000000000000000000e+00,-0.000000000000000000e+00,-0.000000000000000000e+00,-1.193457825892286356e-01,-4.811838332433800991e-01,-0.000000000000000000e+00,-0.000000000000000000e+00,-0.000000000000000000e+00,-0.000000000000000000e+00,-0.000000000000000000e+00,-0.000000000000000000e+00,-0.000000000000000000e+00,-0.000000000000000000e+00,-0.000000000000000000e+00
-1.220393973031629609e-01,-0.000000000000000000e+00,-0.000000000000000000e+00,3.401227194380325725e-01,-0.000000000000000000e+00,-9.309250223101625532e-02,-0.000000000000000000e+00,0.000000000000000000e+00,0.000000000000000000e+00,-0.000000000000000000e+00,-2.651122146696836546e-01,5.479824958812780367e-03,-6.080504231309331181e-02,-1.258111510546912060e-01,0.000000000000000000e+00,-0.000000000000000000e+00,1.648039397846677856e+00,4.262124245364980017e-03,0.000000000000000000e+00,-0.000000000000000000e+00,-0.000000000000000000e+00,-0.000000000000000000e+00,-2.061863218264320050e-02,-3.093374644021803510e-01,-0.000000000000000000e+00,-0.000000000000000000e+00,-0.000000000000000000e+00,-6.419202845698650239e-02,-1.534251147217000066e-01,-0.000000000000000000e+00,-0.000000000000000000e+00,-0.000000000000000000e+00,-0.000000000000000000e+00,0.000000000000000000e+00,-0.000000000000000000e+00,-0.000000000000000000e+00,-0.000000000000000000e+00,0.000000000000000000e+00,0.000000000000000000e+00
0.000000000000000000e+00,0.000000000000000000e+00,-0.000000000000000000e+00,-7.751579019220545819e-01,-1.802775289048169985e-02,2.269735597217254763e-01,0.000000000000000000e+00,0.000000000000000000e+00,-4.728550405393878164e-01,0.000000000000000000e+00,2.757968878495043255e-02,-2.852992755343938380e-03,5.596107359790868097e-02,-0.000000000000000000e+00,-0.000000000000000000e+00,-0.000000000000000000e+00,4.262124245364980017e-03,2.328556116357363148e+00,-4.134724982873042021e-01,0.000000000000000000e+00,-0.000000000000000000e+00,0.000000000000000000e+00,0.000000000000000000e+00,0.000000000000000000e+00,-0.000000000000000000e+00,0.000000000000000000e+00,0.000000000000000000e+00,0.000000000000000000e+00,0.000000000000000000e+00,-2.590104890159323353e-02,0.000000000000000000e+00,0.000000000000000000e+00,0.000000000000000000e+00,-3.233627805066771610e-01,0.000000000000000000e+00,0.000000000000000000e+00,0.000000000000000000e+00,-0.000000000000000000e+00,-0.000000000000000000e+00
0.000000000000000000e+00,-0.000000000000000000e+00,-0.000000000000000000e+00,-1.931800568252034500e-01,-0.000000000000000000e+00,0.000000000000000000e+00,-0.000000000000000000e+00,0.000000000000000000e+00,-2.892648515017893773e-01,-0.000000000000000000e+00,0.000000000000000000e+00,-6.618842419632781082e-02,0.000000000000000000e+00,-0.000000000000000000e+00,-0.000000000000000000e+00,-0.000000000000000000e+00,0.000000000000000000e+00,-4.134724982873042021e-01,1.631150289560995059e+00,0.000000000000000000e+00,0.000000000000000000e+00,0.000000000000000000e+00,-0.000000000000000000e+00,0.000000000000000000e+00,-0.000000000000000000e+00,0.000000000000000000e+00,0.000000000000000000e+00,0.000000000000000000e+00,0.000000000000000000e+00,-0.000000000000000000e+00,-0.000000000000000000e+00,0.000000000000000000e+00,0.000000000000000000e+00,-0.000000000000000000e+00,0.000000000000000000e+00,0.000000000000000000e+00,0.000000000000000000e+00,-0.000000000000000000e+00,-4.447214142062679842e-01
-0.000000000000000000e+00,7.774092793015592584e-02,-0.000000000000000000e+00,0.000000000000000000e+00,-0.000000000000000000e+00,0.000000000000000000e+00,0.000000000000000000e+00,0.000000000000000000e+00,-0.000000000000000000e+00,-0.000000000000000000e+00,0.000000000000000000e+00,0.000000000000000000e+00,-0.000000000000000000e+00,-0.000000000000000000e+00,-2.070235581805668079e-01,-0.000000000000000000e+00,-0.000000000000000000e+00,0.000000000000000000e+00,0.000000000000000000e+00,1.373598571206692709e+00,-0.000000000000000000e+00,-2.391478175597197206e-02,-0.000000000000000000e+00,0.000000000000000000e+00,-5.288935433165804778e-02,-1.491228033326257585e-01,0.000000000000000000e+00,-5.245388601073237567e-01,-0.000000000000000000e+00,-0.000000000000000000e+00,0.000000000000000000e+00,0.000000000000000000e+00,0.000000000000000000e+00,-0.000000000000000000e+00,0.000000000000000000e+00,0.000000000000000000e+00,0.000000000000000000e+00,-0.000000000000000000e+00,0.000000000000000000e+00
-0.000000000000000000e+00,0.000000000000000000e+00,-4.970596156974046997e-01,0.000000000000000000e+00,-0.000000000000000000e+00,0.000000000000000000e+00,0.000000000000000000e+00,3.775242971162136030e-01,-0.000000000000000000e+00,-0.000000000000000000e+00,0.000000000000000000e+00,2.285561841284731999e-01,0.000000000000000000e+00,-0.000000000000000000e+00,-0.000000000000000000e+00,-0.000000000000000000e+00,-0.000000000000000000e+00,-0.000000000000000000e+00,0.000000000000000000e+00,-0.000000000000000000e+00,2.238179481679014593e+00,0.000000000000000000e+00,-0.000000000000000000e+00,-0.000000000000000000e+00,-0.000000000000000000e+00,-3.775129597124102787e-01,0.000000000000000000e+00,-6.318962563209942207e-01,-0.000000000000000000e+00,-0.000000000000000000e+00,0.000000000000000000e+00,0.000000000000000000e+00,0.000000000000000000e+00,-0.000000000000000000e+00,0.000000000000000000e+00,0.000000000000000000e+00,0.000000000000000000e+00,-2.143315927166789536e-01,0.000000000000000000e+00
-4.059687558339109686e-02,-0.000000000000000000e+00,0.000000000000000000e+00,0.000000000000000000e+00,0.000000000000000000e+00,-0.000000000000000000e+00,-1.191278651872181987e-01,-0.000000000000000000e+00,0.000000000000000000e+00,-0.000000000000000000e+00,-0.000000000000000000e+00,-0.000000000000000000e+00,-5.557339375417812422e-01,-0.000000000000000000e+00,0.000000000000000000e+00,-0.000000000000000000e+00,-0.000000000000000000e+00,0.000000000000000000e+00,0.000000000000000000e+00,-2.391478175597197206e-02,0.000000000000000000e+00,1.515741733110914868e+00,-0.000000000000000000e+00,-0.000000000000000000e+00,-0.000000000000000000e+00,-0.000000000000000000e+00,-1.420623352486962421e-01,-0.000000000000000000e+00,-0.000000000000000000e+00,-0.000000000000000000e+00,-0.000000000000000000e+00,-1.182316142586089386e-01,-1.857264251781966802e-01,0.000000000000000000e+00,-0.000000000000000000e+00,-0.000000000000000000e+00,-1.186907117384384258e-01,3.423759899541939378e-02,-0.000000000000000000e+00
-3.755902180411803681e-01,-1.354625731622001172e-01,-3.448606477972918950e-03,0.000000000000000000e+00,-0.000000000000000000e+00,-0.000000000000000000e+00,-0.000000000000000000e+00,0.000000000000000000e+00,-0.000000000000000000e+00,-1.647940297218310479e-01,-9.181026675680040161e-02,0.000000000000000000e+00,-0.000000000000000000e+00,-2.495188134106573197e-01,0.000000000000000000e+00,-1.849610275993369690e-01,-2.061863218264320050e-02,0.000000000000000000e+00,-0.000000000000000000e+00,-0.000000000000000000e+00,-0.000000000000000000e+00,-0.000000000000000000e+00,2.063133693459132889e+00,-2.588709698862027841e-01,-9.948010690713163240e-02,-0.000000000000000000e+00,-3.502414840767389265e-02,-0.000000000000000000e+00,-1.880204067362180043e-01,-0.000000000000000000e+00,-0.000000000000000000e+00,-0.000000000000000000e+00,-1.937657756078518811e-01,0.000000000000000000e+00,-1.528163001847664682e-01,-1.474591104619789317e-01,-3.777391607918724470e-02,0.000000000000000000e+00,-0.000000000000000000e+00
-8.853112337716748104e-02,-0.000000000000000000e+00,-1.399073626041028549e-02,0.000000000000000000e+00,-0.000000000000000000e+00,-0.000000000000000000e+00,-0.000000000000000000e+00,0.000000000000000000e+00,0.000000000000000000e+00,-0.000000000000000000e+00,-3.789481758917800924e-02,0.000000000000000000e+00,-0.000000000000000000e+00,-4.044415931645282125e-01,0.000000000000000000e+00,-0.000000000000000000e+00,-3.093374644021803510e-01,0.000000000000000000e+00,0.000000000000000000e+00,0.000000000000000000e+00,-0.000000000000000000e+00,-0.000000000000000000e+00,-2.588709698862027841e-01,1.674122012369463786e+00,-0.000000000000000000e+00,-0.000000000000000000e+00,-4.203850957008340578e-02,-0.000000000000000000e+00,-4.103796563644707823e-02,-0.000000000000000000e+00,-7.666547457315098235e-02,-0.000000000000000000e+00,-1.633716735289933164e-01,0.000000000000000000e+00,-1.113366090814661008e-01,-0.000000000000000000e+00,-0.000000000000000000e+00,0.000000000000000000e+00,-0.000000000000000000e+00
-0.000000000000000000e+00,-0.000000000000000000e+00,-0.000000000000000000e+00,-0.000000000000000000e+00,-0.000000000000000000e+00,0.000000000000000000e+00,0.000000000000000000e+00,0.000000000000000000e+00,-4.619456820500360966e-02,-6.911274425312653735e-02,0.000000000000000000e+00,0.000000000000000000e+00,-0.000000000000000000e+00,-1.395094392105697412e-01,-0.000000000000000000e+00,-4.820878899070819151e-02,-0.000000000000000000e+00,-0.000000000000000000e+00,-0.000000000000000000e+00,-5.288935433165804778e-02,-0.000000000000000000e+00,-0.000000000000000000e+00,-9.948010690713163240e-02,-0.000000000000000000e+00,1.452864889981651420e+00,-3.244338443950498529e-01,0.000000000000000000e+00,-5.473012396356301268e-02,-0.000000000000000000e+00,-2.632812278592248090e-01,0.000000000000000000e+00,0.000000000000000000e+00,0.000000000000000000e+00,-0.000000000000000000e+00,-0.000000000000000000e+00,-0.000000000000000000e+00,0.000000000000000000e+00,-2.295639721665321820e-01,-0.000000000000000000e+00
-1.414254857325709658e-01,0.000000000000000000e+00,-1.060291047229935113e-01,0.000000000000000000e+00,-0.000000000000000000e+00,0.000000000000000000e+00,0.000000000000000000e+00,0.000000000000000000e+00,-0.000000000000000000e+00,-3.002412305003838711e-01,0.000000000000000000e+00,1.405904003672241998e-01,-0.000000000000000000e+00,-0.000000000000000000e+00,-0.000000000000000000e+00,-0.000000000000000000e+00,-0.000000000000000000e+00,0.000000000000000000e+00,0.000000000000000000e+00,-1.491228033326257585e-01,-3.775129597124102787e-01,-0.000000000000000000e+00,-0.000000000000000000e+00,-0.000000000000000000e+00,-3.244338443950498529e-01,2.107502073967897793e+00,0.000000000000000000e+00,-6.449903757404384930e-01,-4.281545026127894088e-02,-0.000000000000000000e+00,0.000000000000000000e+00,0.000000000000000000e+00,-0.000000000000000000e+00,-0.000000000000000000e+00,0.000000000000000000e+00,0.000000000000000000e+00,0.000000000000000000e+00,-8.920315419439223126e-02,0.000000000000000000e+00
-8.730670033137614972e-02,-2.063603056089434173e-01,-0.000000000000000000e+00,1.251943305013773766e-01,0.000000000000000000e+00,-1.234617385032232562e-01,-1.685909018952696029e-02,-0.000000000000000000e+00,0.000000000000000000e+00,-0.000000000000000000e+00,-3.316575449438183276e-01,0.000000000000000000e+00,-0.000000000000000000e+00,-0.000000000000000000e+00,1.952975833413689022e-01,-0.000000000000000000e+00,-0.000000000000000000e+00,0.000000000000000000e+00,0.000000000000000000e+00,0.000000000000000000e+00,0.000000000000000000e+00,-1.420623352486962421e-01,-3.502414840767389265e-02,-4.203850957008340578e-02,0.000000000000000000e+00,0.000000000000000000e+00,2.620815356236823934e+00,0.000000000000000000e+00,-0.000000000000000000e+00,0.000000000000000000e+00,-3.649576976976028897e-01,-2.388162832401444224e-01,-2.716369616022851208e-01,0.000000000000000000e+00,-1.394958340458390678e-01,-7.075440300240663782e-02,-4.848738502692125918e-01,0.000000000000000000e+00,-0.000000000000000000e+00
-0.000000000000000000e+00,0.000000000000000000e+00,-1.219093296026477063e-01,0.000000000000000000e+00,-0.000000000000000000e+00,0.000000000000000000e+00,0.000000000000000000e+00,0.000000000000000000e+00,-0.000000000000000000e+00,-6.285317217551328328e-02,0.000000000000000000e+00,2.725835023335556051e-01,-0.000000000000000000e+00,-0.000000000000000000e+00,-0.000000000000000000e+00,-0.000000000000000000e+00,-6.419202845698650239e-02,0.000000000000000000e+00,0.000000000000000000e+00,-5.245388601073237567e-01,-6.318962563209942207e-01,-0.000000000000000000e+00,-0.000000000000000000e+00,-0.000000000000000000e+00,-5.473012396356301268e-02,-6.449903757404384930e-01,0.000000000000000000e+00,2.257079331063565952e+00,-0.000000000000000000e+00,-0.000000000000000000e+00,0.000000000000000000e+00,5.360924560784913195e-02,-0.000000000000000000e+00,-0.000000000000000000e+00,0.000000000000000000e+00,0.000000000000000000e+00,0.000000000000000000e+00,-0.000000000000000000e+00,6.217331526663354146e-02
-2.672998200336307861e-01,-8.714082695780750454e-03,-0.000000000000000000e+00,0.000000000000000000e+00,-0.000000000000000000e+00,-1.059317199929991765e-01,-0.000000000000000000e+00,0.000000000000000000e+00,0.000000000000000000e+00,-4.155437782864896401e-01,-0.000000000000000000e+00,0.000000000000000000e+00,-0.000000000000000000e+00,-1.359862129529075536e-01,0.000000000000000000e+00,-1.193457825892286356e-01,-1.534251147217000066e-01,0.000000000000000000e+00,0.000000000000000000e+00,-0.000000000000000000e+00,-0.000000000000000000e+00,-0.000000000000000000e+00,-1.880204067362180043e-01,-4.103796563644707823e-02,-0.000000000000000000e+00,-4.281545026127894088e-02,-0.000000000000000000e+00,-0.000000000000000000e+00,1.796564924045737310e+00,-7.047412348240577294e-03,-0.000000000000000000e+00,-0.000000000000000000e+00,-0.000000000000000000e+00,0.000000000000000000e+00,-0.000000000000000000e+00,-0.000000000000000000e+00,-2.736158974118391152e-01,0.000000000000000000e+00,0.000000000000000000e+00
-0.000000000000000000e+00,-0.000000000000000000e+00,-0.000000000000000000e+00,-0.000000000000000000e+00,-1.970097682351539536e-01,0.000000000000000000e+00,-0.000000000000000000e+00,0.000000000000000000e+00,-2.628331822961999520e-01,-3.685633740900839395e-01,0.000000000000000000e+00,-0.000000000000000000e+00,-0.000000000000000000e+00,-3.389081409204636186e-02,-0.000000000000000000e+00,-4.811838332433800991e-01,-0.000000000000000000e+00,-2.590104890159323353e-02,-0.000000000000000000e+00,-0.000000000000000000e+00,-0.000000000000000000e+00,-0.000000000000000000e+00,-0.000000000000000000e+00,-0.000000000000000000e+00,-2.632812278592248090e-01,-0.000000000000000000e+00,0.000000000000000000e+00,-0.000000000000000000e+00,-7.047412348240577294e-03,1.705827130058853225e+00,0.000000000000000000e+00,-0.000000000000000000e+00,0.000000000000000000e+00,-0.000000000000000000e+00,-0.000000000000000000e+00,0.000000000000000000e+00,-0.000000000000000000e+00,-0.000000000000000000e+00,-0.000000000000000000e+00
-0.000000000000000000e+00,-4.923299008935565907e-02,-0.000000000000000000e+00,0.000000000000000000e+00,-0.000000000000000000e+00,-0.000000000000000000e+00,-1.227986354827384774e-01,0.000000000000000000e+00,0.000000000000000000e+00,-0.000000000000000000e+00,-4.335559122273736909e-02,-0.000000000000000000e+00,-0.000000000000000000e+00,-0.000000000000000000e+00,2.567914652805485254e-01,-0.000000000000000000e+00,-0.000000000000000000e+00,0.000000000000000000e+00,-0.000000000000000000e+00,0.000000000000000000e+00,0.000000000000000000e+00,-0.000000000000000000e+00,-0.000000000000000000e+00,-7.666547457315098235e-02,0.000000000000000000e+00,0.000000000000000000e+00,-3.649576976976028897e-01,0.000000000000000000e+00,-0.000000000000000000e+00,0.000000000000000000e+00,1.991114088599968746e+00,-3.958805132864843812e-01,-4.053595643711118690e-01,0.000000000000000000e+00,-1.889517444031650895e-01,-0.000000000000000000e+00,-0.000000000000000000e+00,0.000000000000000000e+00,-0.000000000000000000e+00
-0.000000000000000000e+00,-5.291790878117109687e-01,0.000000000000000000e+00,0.000000000000000000e+00,0.000000000000000000e+00,-0.000000000000000000e+00,-1.338169302556234397e-01,-0.000000000000000000e+00,0.000000000000000000e+00,-0.000000000000000000e+00,-2.046072584607453726e-01,-0.000000000000000000e+00,-2.782377903751651581e-03,-0.000000000000000000e+00,1.371728149487320414e-01,-0.000000000000000000e+00,-0.000000000000000000e+00,0.000000000000000000e+00,0.000000000000000000e+00,0.000000000000000000e+00,0.000000000000000000e+00,-1.182316142586089386e-01,-0.000000000000000000e+00,-0.000000000000000000e+00,0.000000000000000000e+00,0.000000000000000000e+00,-2.388162832401444224e-01,5.360924560784913195e-02,-0.000000000000000000e+00,-0.000000000000000000e+00,-3.958805132864843812e-01,2.200981903857540445e+00,-2.598002880422118493e-02,0.000000000000000000e+00,-0.000000000000000000e+00,-0.000000000000000000e+00,-2.760803543881195088e-01,2.095546336226149220e-01,-0.000000000000000000e+00
-0.000000000000000000e+00,-0.000000000000000000e+00,-0.000000000000000000e+00,1.530825306230856886e-01,0.000000000000000000e+00,-3.049123078801033171e-01,-0.000000000000000000e+00,0.000000000000000000e+00,0.000000000000000000e+00,-0.000000000000000000e+00,-2.076158003284871711e-01,0.000000000000000000e+00,-0.000000000000000000e+00,-0.000000000000000000e+00,0.000000000000000000e+00,-0.000000000000000000e+00,-0.000000000000000000e+00,0.000000000000000000e+00,0.000000000000000000e+00,0.000000000000000000e+00,0.000000000000000000e+00,-1.857264251781966802e-01,-1.937657756078518811e-01,-1.633716735289933164e-01,0.000000000000000000e+00,-0.000000000000000000e+00,-2.716369616022851208e-01,-0.000000000000000000e+00,-0.000000000000000000e+00,0.000000000000000000e+00,-4.053595643711118690e-01,-2.598002880422118493e-02,2.034556621701613111e+00,0.000000000000000000e+00,-1.156204247143330088e-01,-3.821140854575808769e-03,-0.000000000000000000e+00,0.000000000000000000e+00,-0.000000000000000000e+00
0.000000000000000000e+00,0.000000000000000000e+00,-0.000000000000000000e+00,-4.757846561839545324e-02,-2.291235846198495796e-01,2.060323786411372982e-01,0.000000000000000000e+00,1.638663606076111445e-02,-7.039933305945793585e-01,-0.000000000000000000e+00,0.000000000000000000e+00,-0.000000000000000000e+00,0.000000000000000000e+00,-0.000000000000000000e+00,-3.811118720520062508e-01,-0.000000000000000000e+00,0.000000000000000000e+00,-3.233627805066771610e-01,-0.000000000000000000e+00,-0.000000000000000000e+00,-0.000000000000000000e+00,0.000000000000000000e+00,0.000000000000000000e+00,0.000000000000000000e+00,-0.000000000000000000e+00,-0.000000000000000000e+00,0.000000000000000000e+00,-0.000000000000000000e+00,0.000000000000000000e+00,-0.000000000000000000e+00,0.000000000000000000e+00,0.000000000000000000e+00,0.000000000000000000e+00,2.023114175516881108e+00,0.000000000000000000e+00,0.000000000000000000e+00,0.000000000000000000e+00,-0.000000000000000000e+00,-0.000000000000000000e+00
-0.000000000000000000e+00,-1.210350345345216974e-02,-0.000000000000000000e+00,0.000000000000000000e+00,-0.000000000000000000e+00,-0.000000000000000000e+00,-1.959958911759391784e-02,0.000000000000000000e+00,0.000000000000000000e+00,-0.000000000000000000e+00,-0.000000000000000000e+00,-0.000000000000000000e+00,0.000000000000000000e+00,-0.000000000000000000e+00,0.000000000000000000e+00,-0.000000000000000000e+00,-0.000000000000000000e+00,0.000000000000000000e+00,0.000000000000000000e+00,0.000000000000000000e+00,0.000000000000000000e+00,-0.000000000000000000e+00,-1.528163001847664682e-01,-1.113366090814661008e-01,-0.000000000000000000e+00,0.000000000000000000e+00,-1.394958340458390678e-01,0.000000000000000000e+00,-0.000000000000000000e+00,-0.000000000000000000e+00,-1.889517444031650895e-01,-0.000000000000000000e+00,-1.156204247143330088e-01,0.000000000000000000e+00,1.583297082248090959e+00,-3.684684928350741018e-01,-2.315462469178853344e-01,0.000000000000000000e+00,-0.000000000000000000e+00
-0.000000000000000000e+00,-0.000000000000000000e+00,0.000000000000000000e+00,0.000000000000000000e+00,0.000000000000000000e+00,-2.606321662562524066e-01,-3.811718894002821129e-02,-0.000000000000000000e+00,0.000000000000000000e+00,-0.000000000000000000e+00,-8.083822812242255629e-02,0.000000000000000000e+00,-0.000000000000000000e+00,-0.000000000000000000e+00,1.776102273000488563e-01,-0.000000000000000000e+00,-0.000000000000000000e+00,0.000000000000000000e+00,0.000000000000000000e+00,0.000000000000000000e+00,0.000000000000000000e+00,-0.000000000000000000e+00,-1.474591104619789317e-01,-0.000000000000000000e+00,-0.000000000000000000e+00,0.000000000000000000e+00,-7.075440300240663782e-02,0.000000000000000000e+00,-0.000000000000000000e+00,0.000000000000000000e+00,-0.000000000000000000e+00,-0.000000000000000000e+00,-3.821140854575808769e-03,0.000000000000000000e+00,-3.684684928350741018e-01,1.507562382434252557e+00,-3.638453543400403667e-02,0.000000000000000000e+00,-0.000000000000000000e+00
-0.000000000000000000e+00,-2.098580949839244369e-01,-0.000000000000000000e+00,6.991694225314352973e-02,-0.000000000000000000e+00,-2.357908215328635981e-01,-0.000000000000000000e+00,-0.000000000000000000e+00,0.000000000000000000e+00,-0.000000000000000000e+00,-1.413149368239283443e-01,0.000000000000000000e+00,-0.000000000000000000e+00,-0.000000000000000000e+00,9.068814775824667052e-02,-0.000000000000000000e+00,-0.000000000000000000e+00,0.000000000000000000e+00,0.000000000000000000e+00,0.000000000000000000e+00,0.000000000000000000e+00,-1.186907117384384258e-01,-3.777391607918724470e-02,-0.000000000000000000e+00,0.000000000000000000e+00,0.000000000000000000e+00,-4.848738502692125918e-01,0.000000000000000000e+00,-2.736158974118391152e-01,-0.000000000000000000e+00,-0.000000000000000000e+00,-2.760803543881195088e-01,-0.000000000000000000e+00,0.000000000000000000e+00,-2.315462469178853344e-01,-3.638453543400403667e-02,2.235743090037379144e+00,1.731958105649777646e-01,-0.000000000000000000e+00
-0.000000000000000000e+00,0.000000000000000000e+00,-0.000000000000000000e+00,-0.000000000000000000e+00,-0.000000000000000000e+00,3.757577667329053787e-03,0.000000000000000000e+00,0.000000000000000000e+00,-4.730813094730029200e-01,-0.000000000000000000e+00,6.001921113586132506e-02,0.000000000000000000e+00,0.000000000000000000e+00,-0.000000000000000000e+00,-3.616393569396169627e-01,-0.000000000000000000e+00,0.000000000000000000e+00,-0.000000000000000000e+00,-0.000000000000000000e+00,-0.000000000000000000e+00,-2.143315927166789536e-01,3.423759899541939378e-02,0.000000000000000000e+00,0.000000000000000000e+00,-2.295639721665321820e-01,-8.920315419439223126e-02,0.000000000000000000e+00,-0.000000000000000000e+00,0.000000000000000000e+00,-0.000000000000000000e+00,0.000000000000000000e+00,2.095546336226149220e-01,0.000000000000000000e+00,-0.000000000000000000e+00,0.000000000000000000e+00,0.000000000000000000e+00,1.731958105649777646e-01,1.763202915313262009e+00,-0.000000000000000000e+00
-0.000000000000000000e+00,-9.752862988898289287e-02,-0.000000000000000000e+00,-0.000000000000000000e+00,-0.000000000000000000e+00,0.000000000000000000e+00,-5.362898432268211474e-02,0.000000000000000000e+00,-2.163708084824798039e-01,-0.000000000000000000e+00,0.000000000000000000e+00,-1.468181404518565936e-01,0.000000000000000000e+00,-0.000000000000000000e+00,-0.000000000000000000e+00,-0.000000000000000000e+00,0.000000000000000000e+00,-0.000000000000000000e+00,-4.447214142062679842e-01,0.000000000000000000e+00,0.000000000000000000e+00,-0.000000000000000000e+00,-0.000000000000000000e+00,-0.000000000000000000e+00,-0.000000000000000000e+00,0.000000000000000000e+00,-0.000000000000000000e+00,6.217331526663354146e-02,0.000000000000000000e+00,-0.000000000000000000e+00,-0.000000000000000000e+00,-0.000000000000000000e+00,-0.000000000000000000e+00,-0.000000000000000000e+00,-0.000000000000000000e+00,-0.000000000000000000e+00,-0.000000000000000000e+00,-0.000000000000000000e+00,1.284243757244930118e+00
