1.319069439530662580e+00,-3.600028683403146967e-01,-0.000000000000000000e+00,-0.000000000000000000e+00,-0.000000000000000000e+00,-0.000000000000000000e+00,-0.000000000000000000e+00,0.000000000000000000e+00,-0.000000000000000000e+00,-2.000462540021163416e-01,-6.278500709153034265e-03,-0.000000000000000000e+00,-1.041907166567632714e-01,-5.021836584670245213e-02,-0.000000000000000000e+00,-6.346782281621018984e-02,0.000000000000000000e+00,-0.000000000000000000e+00,-0.000000000000000000e+00,-0.000000000000000000e+00,-0.000000000000000000e+00,0.000000000000000000e+00,-0.000000000000000000e+00,-0.000000000000000000e+00,-0.000000000000000000e+00,-0.000000000000000000e+00,0.000000000000000000e+00,-0.000000000000000000e+00,-1.072915343292005635e-01,-0.000000000000000000e+00,0.000000000000000000e+00,-0.000000000000000000e+00,-0.000000000000000000e+00,-0.000000000000000000e+00,-0.000000000000000000e+00,0.000000000000000000e+00,-0.000000000000000000e+00,-1.059621248466654508e-01,-0.000000000000000000e+00
-3.600028683403146967e-01,1.679947342464515714e+00,-0.000000000000000000e+00,0.000000000000000000e+00,-0.000000000000000000e+00,0.000000000000000000e+00,-0.000000000000000000e+00,0.000000000000000000e+00,-0.000000000000000000e+00,-4.314880521606573316e-01,-0.000000000000000000e+00,0.000000000000000000e+00,0.000000000000000000e+00,-0.000000000000000000e+00,0.000000000000000000e+00,-2.412870185490699829e-02,-0.000000000000000000e+00,0.000000000000000000e+00,-0.000000000000000000e+00,0.000000000000000000e+00,-0.000000000000000000e+00,0.000000000000000000e+00,-2.666700546701945007e-01,-1.600605507470686806e-01,-0.000000000000000000e+00,-0.000000000000000000e+00,-0.000000000000000000e+00,-0.000000000000000000e+00,-3.857920808653626105e-02,-1.965783597234816715e-01,-9.900201514788766269e-03,-0.000000000000000000e+00,0.000000000000000000e+00,0.000000000000000000e+00,-3.971700759478492132e-04,0.000000000000000000e+00,-1.569843195809220993e-01,0.000000000000000000e+00,-0.000000000000000000e+00
-0.000000000000000000e+00,-0.000000000000000000e+00,3.002963691181179229e+00,0.000000000000000000e+00,-4.192443720603374335e-01,0.000000000000000000e+00,-0.000000000000000000e+00,1.484083761402198665e+00,-0.000000000000000000e+00,-1.674829533101102330e-01,-0.000000000000000000e+00,0.000000000000000000e+00,0.000000000000000000e+00,-0.000000000000000000e+00,-0.000000000000000000e+00,-0.000000000000000000e+00,-0.000000000000000000e+00,0.000000000000000000e+00,-3.169459325632478786e-01,0.000000000000000000e+00,-4.109858451635606813e-01,0.000000000000000000e+00,-0.000000000000000000e+00,-0.000000000000000000e+00,-0.000000000000000000e+00,0.000000000000000000e+00,-0.000000000000000000e+00,-1.942672969853541654e-01,0.000000000000000000e+00,-0.000000000000000000e+00,-0.000000000000000000e+00,-0.000000000000000000e+00,-1.571179199032424548e-02,-0.000000000000000000e+00,-0.000000000000000000e+00,0.000000000000000000e+00,0.000000000000000000e+00,-0.000000000000000000e+00,-7.103266184706570618e-02
-0.000000000000000000e+00,0.000000000000000000e+00,0.000000000000000000e+00,1.299958419006760568e+00,0.000000000000000000e+00,-0.000000000000000000e+00,-0.000000000000000000e+00,-0.000000000000000000e+00,0.000000000000000000e+00,-0.000000000000000000e+00,-1.340742291962261634e-01,-0.000000000000000000e+00,-0.000000000000000000e+00,-0.000000000000000000e+00,0.000000000000000000e+00,-0.000000000000000000e+00,-0.000000000000000000e+00,-4.586823405451639357e-01,0.000000000000000000e+00,-0.000000000000000000e+00,0.000000000000000000e+00,0.000000000000000000e+00,0.000000000000000000e+00,-0.000000000000000000e+00,0.000000000000000000e+00,0.000000000000000000e+00,0.000000000000000000e+00,0.000000000000000000e+00,-0.000000000000000000e+00,-0.000000000000000000e+00,2.733886648835949229e-01,-0.000000000000000000e+00,6.095580774179547995e-02,0.000000000000000000e+00,7.929807920886755568e-02,-0.000000000000000000e+00,0.000000000000000000e+00,-0.000000000000000000e+00,0.000000000000000000e+00
-0.000000000000000000e+00,-0.000000000000000000e+00,-4.192443720603374335e-01,0.000000000000000000e+00,2.762378906984921390e+00,0.000000000000000000e+00,-0.000000000000000000e+00,6.916920257267542560e-01,-5.181679099985889714e-01,-0.000000000000000000e+00,0.000000000000000000e+00,0.000000000000000000e+00,0.000000000000000000e+00,-0.000000000000000000e+00,0.000000000000000000e+00,-3.332117064851592980e-01,-7.374555570879939848e-02,0.000000000000000000e+00,-2.895358585108602778e-01,0.000000000000000000e+00,-0.000000000000000000e+00,0.000000000000000000e+00,-0.000000000000000000e+00,-0.000000000000000000e+00,-0.000000000000000000e+00,-0.000000000000000000e+00,-0.000000000000000000e+00,-0.000000000000000000e+00,0.000000000000000000e+00,-3.451847464799340237e-01,-0.000000000000000000e+00,-0.000000000000000000e+00,-0.000000000000000000e+00,-0.000000000000000000e+00,-0.000000000000000000e+00,0.000000000000000000e+00,0.000000000000000000e+00,-0.000000000000000000e+00,-2.762630158925924451e-01
-0.000000000000000000e+00,0.000000000000000000e+00,0.000000000000000000e+00,-0.000000000000000000e+00,0.000000000000000000e+00,1.485124567738908663e+00,0.000000000000000000e+00,-0.000000000000000000e+00,0.000000000000000000e+00,0.000000000000000000e+00,-5.724370414556796682e-02,-0.000000000000000000e+00,-3.360529398560562764e-01,-0.000000000000000000e+00,-2.684231256117834696e-02,0.000000000000000000e+00,0.000000000000000000e+00,-0.000000000000000000e+00,0.000000000000000000e+00,-0.000000000000000000e+00,0.000000000000000000e+00,0.000000000000000000e+00,0.000000000000000000e+00,0.000000000000000000e+00,0.000000000000000000e+00,-0.000000000000000000e+00,0.000000000000000000e+00,-0.000000000000000000e+00,-2.065700333590630988e-01,3.642689888863039765e-02,0.000000000000000000e+00,-4.777521599702272415e-02,-4.556136203082936792e-02,-0.000000000000000000e+00,-9.964667538410949821e-02,-0.000000000000000000e+00,-2.196898191371837172e-01,-0.000000000000000000e+00,4.559392425928071590e-01
-0.000000000000000000e+00,-0.000000000000000000e+00,-0.000000000000000000e+00,-0.000000000000000000e+00,-0.000000000000000000e+00,0.000000000000000000e+00,1.518366511966146915e+00,0.000000000000000000e+00,-2.346747075358415757e-02,-0.000000000000000000e+00,-0.000000000000000000e+00,-1.794993177297800890e-01,-0.000000000000000000e+00,-0.000000000000000000e+00,-3.619709638407501984e-02,-0.000000000000000000e+00,0.000000000000000000e+00,-0.000000000000000000e+00,-3.707839454132756396e-01,-0.000000000000000000e+00,-0.000000000000000000e+00,-2.057793728170795311e-01,-0.000000000000000000e+00,-0.000000000000000000e+00,-0.000000000000000000e+00,-0.000000000000000000e+00,-0.000000000000000000e+00,-0.000000000000000000e+00,0.000000000000000000e+00,-0.000000000000000000e+00,-0.000000000000000000e+00,-1.074616153009172459e-01,-0.000000000000000000e+00,-1.142234125742574297e-01,-3.245391605148782027e-02,-5.656304063580275959e-02,-0.000000000000000000e+00,-2.770649743399045684e-01,-0.000000000000000000e+00
0.000000000000000000e+00,0.000000000000000000e+00,1.484083761402198665e+00,-0.000000000000000000e+00,6.916920257267542560e-01,-0.000000000000000000e+00,0.000000000000000000e+00,2.963889645140500129e+00,1.597296636038815845e-02,0.000000000000000000e+00,0.000000000000000000e+00,-0.000000000000000000e+00,-0.000000000000000000e+00,0.000000000000000000e+00,-0.000000000000000000e+00,0.000000000000000000e+00,0.000000000000000000e+00,-0.000000000000000000e+00,7.181431957980517755e-02,-1.360750607097389042e-01,1.978576994552296020e-01,-0.000000000000000000e+00,0.000000000000000000e+00,0.000000000000000000e+00,0.000000000000000000e+00,0.000000000000000000e+00,0.000000000000000000e+00,0.000000000000000000e+00,-0.000000000000000000e+00,0.000000000000000000e+00,1.745598582486786732e-01,0.000000000000000000e+00,1.866183745467889926e-02,0.000000000000000000e+00,-0.000000000000000000e+00,-0.000000000000000000e+00,-0.000000000000000000e+00,0.000000000000000000e+00,2.212141930312435945e-01
-0.000000000000000000e+00,-0.000000000000000000e+00,-0.000000000000000000e+00,0.000000000000000000e+00,-5.181679099985889714e-01,0.000000000000000000e+00,-2.346747075358415757e-02,1.597296636038815845e-02,2.527721076532348565e+00,-1.597763146929799538e-01,0.000000000000000000e+00,-0.000000000000000000e+00,0.000000000000000000e+00,-0.000000000000000000e+00,-0.000000000000000000e+00,-3.301882070336503022e-02,-0.000000000000000000e+00,0.000000000000000000e+00,-2.404921514748073197e-01,0.000000000000000000e+00,-0.000000000000000000e+00,-0.000000000000000000e+00,-1.342290624203880400e-01,-3.535040840811601304e-02,-3.697424711829287031e-02,-1.661492457706970766e-02,-3.237414616962309144e-01,-4.038589410703889437e-01,-0.000000000000000000e+00,-5.759866285661648100e-02,-4.266741258271944948e-01,-0.000000000000000000e+00,-0.000000000000000000e+00,-0.000000000000000000e+00,-0.000000000000000000e+00,-0.000000000000000000e+00,0.000000000000000000e+00,-0.000000000000000000e+00,-4.449953054522214901e-01
-2.000462540021163416e-01,-4.314880521606573316e-01,-1.674829533101102330e-01,-0.000000000000000000e+00,-0.000000000000000000e+00,0.000000000000000000e+00,-0.000000000000000000e+00,0.000000000000000000e+00,-1.597763146929799538e-01,2.316856819895384945e+00,-1.973261924439516021e-02,-0.000000000000000000e+00,-0.000000000000000000e+00,-6.208009659624508236e-01,-0.000000000000000000e+00,-0.000000000000000000e+00,-0.000000000000000000e+00,-0.000000000000000000e+00,-4.460464097863121175e-03,-0.000000000000000000e+00,-0.000000000000000000e+00,-0.000000000000000000e+00,-4.437347293445401686e-01,-2.125353838566442499e-01,-0.000000000000000000e+00,-0.000000000000000000e+00,-0.000000000000000000e+00,-2.679533049885959306e-01,-0.000000000000000000e+00,-0.000000000000000000e+00,-0.000000000000000000e+00,-8.919998378979667256e-03,-0.000000000000000000e+00,-0.000000000000000000e+00,-0.000000000000000000e+00,-0.000000000000000000e+00,-0.000000000000000000e+00,-0.000000000000000000e+00,-0.000000000000000000e+00
-6.278500709153034265e-03,-0.000000000000000000e+00,-0.000000000000000000e+00,-1.340742291962261634e-01,0.000000000000000000e+00,-5.724370414556796682e-02,-0.000000000000000000e+00,0.000000000000000000e+00,0.000000000000000000e+00,-1.973261924439516021e-02,1.264883996973750646e+00,-0.000000000000000000e+00,-7.313379545035386675e-02,-2.922085854062800303e-01,-0.000000000000000000e+00,-0.000000000000000000e+00,-0.000000000000000000e+00,-1.482012279088208984e-01,-0.000000000000000000e+00,-0.000000000000000000e+00,0.000000000000000000e+00,0.000000000000000000e+00,-0.000000000000000000e+00,-0.000000000000000000e+00,-0.000000000000000000e+00,-0.000000000000000000e+00,0.000000000000000000e+00,-0.000000000000000000e+00,-2.643812049937649955e-01,0.000000000000000000e+00,0.000000000000000000e+00,-1.210621787538139656e-02,0.000000000000000000e+00,-0.000000000000000000e+00,0.000000000000000000e+00,-0.000000000000000000e+00,-0.000000000000000000e+00,-0.000000000000000000e+00,0.000000000000000000e+00
-0.000000000000000000e+00,0.000000000000000000e+00,0.000000000000000000e+00,-0.000000000000000000e+00,0.000000000000000000e+00,-0.000000000000000000e+00,-1.794993177297800890e-01,-0.000000000000000000e+00,-0.000000000000000000e+00,-0.000000000000000000e+00,-0.000000000000000000e+00,2.457265772277418936e+00,-5.679089048375854376e-02,-0.000000000000000000e+00,-5.851452796652557575e-01,0.000000000000000000e+00,0.000000000000000000e+00,-7.039388105442995203e-02,-0.000000000000000000e+00,-2.644637495764879387e-01,-0.000000000000000000e+00,-3.393211593198393050e-01,-0.000000000000000000e+00,-0.000000000000000000e+00,-0.000000000000000000e+00,-0.000000000000000000e+00,0.000000000000000000e+00,-0.000000000000000000e+00,0.000000000000000000e+00,2.457847064780133151e-02,0.000000000000000000e+00,-0.000000000000000000e+00,-0.000000000000000000e+00,-8.601790114345837512e-01,-0.000000000000000000e+00,-0.000000000000000000e+00,-0.000000000000000000e+00,-2.248306475043100605e-01,0.000000000000000000e+00
-1.041907166567632714e-01,0.000000000000000000e+00,0.000000000000000000e+00,-0.000000000000000000e+00,0.000000000000000000e+00,-3.360529398560562764e-01,-0.000000000000000000e+00,-0.000000000000000000e+00,0.000000000000000000e+00,-0.000000000000000000e+00,-7.313379545035386675e-02,-5.679089048375854376e-02,2.128989194936086182e+00,-1.201085421319877944e-01,-6.739097282932265953e-01,0.000000000000000000e+00,1.823396868320091568e-01,-8.155617336242224069e-02,-0.000000000000000000e+00,-1.620022359096180420e-01,0.000000000000000000e+00,0.000000000000000000e+00,0.000000000000000000e+00,-0.000000000000000000e+00,-0.000000000000000000e+00,-0.000000000000000000e+00,3.713884390913607114e-01,-0.000000000000000000e+00,-0.000000000000000000e+00,1.724290172006787969e-01,2.455387671345182765e-01,-0.000000000000000000e+00,-0.000000000000000000e+00,-1.548567661134076234e-01,-0.000000000000000000e+00,-0.000000000000000000e+00,-1.508999520771627523e-01,-0.000000000000000000e+00,6.440282526371329808e-02
-5.021836584670245213e-02,-0.000000000000000000e+00,-0.000000000000000000e+00,-0.000000000000000000e+00,-0.000000000000000000e+00,-0.000000000000000000e+00,-0.000000000000000000e+00,0.000000000000000000e+00,-0.000000000000000000e+00,-6.208009659624508236e-01,-2.922085854062800303e-01,-0.000000000000000000e+00,-1.201085421319877944e-01,1.982190176724179853e+00,-1.021773613071441135e-02,-0.000000000000000000e+00,-0.000000000000000000e+00,-5.550271846527466552e-02,-9.114198265828568624e-02,-0.000000000000000000e+00,-0.000000000000000000e+00,-0.000000000000000000e+00,-0.000000000000000000e+00,-2.435080668905328094e-01,-2.822222734444159165e-01,-0.000000000000000000e+00,0.000000000000000000e+00,-1.611599314111164805e-01,-3.715752220614993578e-02,-0.000000000000000000e+00,-0.000000000000000000e+00,-1.167629368337293888e-01,-0.000000000000000000e+00,-9.021451651146163153e-02,-0.000000000000000000e+00,-0.000000000000000000e+00,-0.000000000000000000e+00,-1.398936217261361470e-01,-0.000000000000000000e+00
-0.000000000000000000e+00,0.000000000000000000e+00,-0.000000000000000000e+00,0.000000000000000000e+00,0.000000000000000000e+00,-2.684231256117834696e-02,-3.619709638407501984e-02,-0.000000000000000000e+00,-0.000000000000000000e+00,-0.000000000000000000e+00,-0.000000000000000000e+00,-5.851452796652557575e-01,-6.739097282932265953e-01,-1.021773613071441135e-02,2.874545328255465826e+00,0.000000000000000000e+00,2.214873418000128658e-01,-0.000000000000000000e+00,-0.000000000000000000e+00,-2.586503112653328884e-01,-0.000000000000000000e+00,-0.000000000000000000e+00,-0.000000000000000000e+00,-0.000000000000000000e+00,-0.000000000000000000e+00,-0.000000000000000000e+00,0.000000000000000000e+00,-3.737816967475705854e-02,-0.000000000000000000e+00,6.312005302025981701e-02,0.000000000000000000e+00,-0.000000000000000000e+00,-0.000000000000000000e+00,-9.655736808407486826e-01,-0.000000000000000000e+00,-0.000000000000000000e+00,-2.300747133084576068e-01,-2.369601049893626243e-01,0.000000000000000000e+00
-6.346782281621018984e-02,-2.412870185490699829e-02,-0.000000000000000000e+00,-0.000000000000000000e+00,-3.332117064851592980e-01,0.000000000000000000e+00,-0.000000000000000000e+00,0.000000000000000000e+00,-3.301882070336503022e-02,-0.000000000000000000e+00,-0.000000000000000000e+00,0.000000000000000000e+00,0.000000000000000000e+00,-0.000000000000000000e+00,0.000000000000000000e+00,1.772106085981316692e+00,-1.215362811581654490e-01,-0.000000000000000000e+00,-0.000000000000000000e+00,0.000000000000000000e+00,-0.000000000000000000e+00,0.000000000000000000e+00,-0.000000000000000000e+00,-1.568025432245380157e-01,0.000000000000000000e+00,-0.000000000000000000e+00,-0.000000000000000000e+00,-0.000000000000000000e+00,-0.000000000000000000e+00,-6.286700314524142907e-01,0.000000000000000000e+00,0.000000000000000000e+00,0.000000000000000000e+00,0.000000000000000000e+00,-0.000000000000000000e+00,0.000000000000000000e+00,0.000000000000000000e+00,-1.306298317297520661e-01,-1.866074290943846303e-01
0.000000000000000000e+00,-0.000000000000000000e+00,-0.000000000000000000e+00,-0.000000000000000000e+00,-7.374555570879939848e-02,0.000000000000000000e+00,0.000000000000000000e+00,0.000000000000000000e+00,-0.000000000000000000e+00,-0.000000000000000000e+00,-0.000000000000000000e+00,0.000000000000000000e+00,1.823396868320091568e-01,-0.000000000000000000e+00,2.214873418000128658e-01,-1.215362811581654490e-01,1.403454173346049272e+00,-0.000000000000000000e+00,-0.000000000000000000e+00,0.000000000000000000e+00,0.000000000000000000e+00,0.000000000000000000e+00,-0.000000000000000000e+00,-0.000000000000000000e+00,0.000000000000000000e+00,-1.220568140210760016e-01,-2.206958256846580924e-01,-0.000000000000000000e+00,-0.000000000000000000e+00,-2.446861277425611825e-01,-0.000000000000000000e+00,0.000000000000000000e+00,0.000000000000000000e+00,0.000000000000000000e+00,0.000000000000000000e+00,-0.000000000000000000e+00,9.746272152250223808e-02,0.000000000000000000e+00,-0.000000000000000000e+00
-0.000000000000000000e+00,0.000000000000000000e+00,0.000000000000000000e+00,-4.586823405451639357e-01,0.000000000000000000e+00,-0.000000000000000000e+00,-0.000000000000000000e+00,-0.000000000000000000e+00,0.000000000000000000e+00,-0.000000000000000000e+00,-1.482012279088208984e-01,-7.039388105442995203e-02,-8.155617336242224069e-02,-5.550271846527466552e-02,-0.000000000000000000e+00,-0.000000000000000000e+00,-0.000000000000000000e+00,1.309729044282966548e+00,-0.000000000000000000e+00,-1.106078109097745760e-01,0.000000000000000000e+00,-0.000000000000000000e+00,0.000000000000000000e+00,-0.000000000000000000e+00,0.000000000000000000e+00,-0.000000000000000000e+00,0.000000000000000000e+00,-0.000000000000000000e+00,-0.000000000000000000e+00,0.000000000000000000e+00,4.366914382277670148e-02,-7.183978645805712271e-02,0.000000000000000000e+00,-0.000000000000000000e+00,0.000000000000000000e+00,-9.407398586881317304e-02,-0.000000000000000000e+00,-0.000000000000000000e+00,0.000000000000000000e+00
-0.000000000000000000e+00,-0.000000000000000000e+00,-3.169459325632478786e-01,0.000000000000000000e+00,-2.895358585108602778e-01,0.000000000000000000e+00,-3.707839454132756396e-01,7.181431957980517755e-02,-2.404921514748073197e-01,-4.460464097863121175e-03,-0.000000000000000000e+00,-0.000000000000000000e+00,-0.000000000000000000e+00,-9.114198265828568624e-02,-0.000000000000000000e+00,-0.000000000000000000e+00,-0.000000000000000000e+00,-0.000000000000000000e+00,1.864683958295864308e+00,0.000000000000000000e+00,-7.544547474194200631e-02,-0.000000000000000000e+00,-1.073015394041471893e-01,-0.000000000000000000e+00,-0.000000000000000000e+00,-0.000000000000000000e+00,-0.000000000000000000e+00,-2.015654173127791882e-01,0.000000000000000000e+00,-0.000000000000000000e+00,-0.000000000000000000e+00,-4.312745945824283250e-02,-0.000000000000000000e+00,-0.000000000000000000e+00,-0.000000000000000000e+00,-0.000000000000000000e+00,0.000000000000000000e+00,-5.740925208934339469e-02,-0.000000000000000000e+00
-0.000000000000000000e+00,0.000000000000000000e+00,0.000000000000000000e+00,-0.000000000000000000e+00,0.000000000000000000e+00,-0.000000000000000000e+00,-0.000000000000000000e+00,-1.360750607097389042e-01,0.000000000000000000e+00,-0.000000000000000000e+00,-0.000000000000000000e+00,-2.644637495764879387e-01,-1.620022359096180420e-01,-0.000000000000000000e+00,-2.586503112653328884e-01,0.000000000000000000e+00,0.000000000000000000e+00,-1.106078109097745760e-01,0.000000000000000000e+00,1.356864590113750380e+00,0.000000000000000000e+00,-6.747471565164177287e-02,0.000000000000000000e+00,-0.000000000000000000e+00,-0.000000000000000000e+00,-3.112053631487895437e-03,0.000000000000000000e+00,-0.000000000000000000e+00,-0.000000000000000000e+00,0.000000000000000000e+00,0.000000000000000000e+00,-0.000000000000000000e+00,-0.000000000000000000e+00,-0.000000000000000000e+00,-0.000000000000000000e+00,-0.000000000000000000e+00,-0.000000000000000000e+00,-8.382148253916818503e-02,0.000000000000000000e+00
-0.000000000000000000e+00,-0.000000000000000000e+00,-4.109858451635606813e-01,0.000000000000000000e+00,-0.000000000000000000e+00,0.000000000000000000e+00,-0.000000000000000000e+00,1.978576994552296020e-01,-0.000000000000000000e+00,-0.000000000000000000e+00,0.000000000000000000e+00,-0.000000000000000000e+00,0.000000000000000000e+00,-0.000000000000000000e+00,-0.000000000000000000e+00,-0.000000000000000000e+00,0.000000000000000000e+00,0.000000000000000000e+00,-7.544547474194200631e-02,0.000000000000000000e+00,1.457372540370101222e+00,-7.939256605616930307e-02,-6.606464022409801184e-02,-0.000000000000000000e+00,-0.000000000000000000e+00,-0.000000000000000000e+00,-0.000000000000000000e+00,-7.030764957896681877e-02,0.000000000000000000e+00,-0.000000000000000000e+00,-1.686732165235685643e-01,-0.000000000000000000e+00,-9.951516271370551558e-03,-0.000000000000000000e+00,-0.000000000000000000e+00,8.759943461853068880e-03,-0.000000000000000000e+00,-0.000000000000000000e+00,-0.000000000000000000e+00
0.000000000000000000e+00,0.000000000000000000e+00,0.000000000000000000e+00,0.000000000000000000e+00,0.000000000000000000e+00,0.000000000000000000e+00,-2.057793728170795311e-01,-0.000000000000000000e+00,-0.000000000000000000e+00,-0.000000000000000000e+00,0.000000000000000000e+00,-3.393211593198393050e-01,0.000000000000000000e+00,-0.000000000000000000e+00,-0.000000000000000000e+00,0.000000000000000000e+00,0.000000000000000000e+00,-0.000000000000000000e+00,-0.000000000000000000e+00,-6.747471565164177287e-02,-7.939256605616930307e-02,1.358756762927211481e+00,-8.639154292079956332e-02,-9.297458526766078091e-02,-4.843948637466775203e-02,-0.000000000000000000e+00,-1.200823454743006197e-01,-0.000000000000000000e+00,1.071405939516320155e-01,0.000000000000000000e+00,-0.000000000000000000e+00,-0.000000000000000000e+00,0.000000000000000000e+00,-1.164973710932967060e-01,-0.000000000000000000e+00,-0.000000000000000000e+00,-0.000000000000000000e+00,-0.000000000000000000e+00,-0.000000000000000000e+00
-0.000000000000000000e+00,-2.666700546701945007e-01,-0.000000000000000000e+00,0.000000000000000000e+00,-0.000000000000000000e+00,0.000000000000000000e+00,-0.000000000000000000e+00,0.000000000000000000e+00,-1.342290624203880400e-01,-4.437347293445401686e-01,-0.000000000000000000e+00,-0.000000000000000000e+00,0.000000000000000000e+00,-0.000000000000000000e+00,-0.000000000000000000e+00,-0.000000000000000000e+00,-0.000000000000000000e+00,0.000000000000000000e+00,-1.073015394041471893e-01,0.000000000000000000e+00,-6.606464022409801184e-02,-8.639154292079956332e-02,1.748990768927329187e+00,-2.394078757740256413e-01,-9.027854661288134408e-02,-0.000000000000000000e+00,-0.000000000000000000e+00,-0.000000000000000000e+00,0.000000000000000000e+00,-5.016946603693333423e-02,-0.000000000000000000e+00,-0.000000000000000000e+00,0.000000000000000000e+00,-0.000000000000000000e+00,-0.000000000000000000e+00,-0.000000000000000000e+00,-0.000000000000000000e+00,-0.000000000000000000e+00,-2.001928608851392677e-01
-0.000000000000000000e+00,-1.600605507470686806e-01,-0.000000000000000000e+00,-0.000000000000000000e+00,-0.000000000000000000e+00,0.000000000000000000e+00,-0.000000000000000000e+00,0.000000000000000000e+00,-3.535040840811601304e-02,-2.125353838566442499e-01,-0.000000000000000000e+00,-0.000000000000000000e+00,-0.000000000000000000e+00,-2.435080668905328094e-01,-0.000000000000000000e+00,-1.568025432245380157e-01,-0.000000000000000000e+00,-0.000000000000000000e+00,-0.000000000000000000e+00,-0.000000000000000000e+00,-0.000000000000000000e+00,-9.297458526766078091e-02,-2.394078757740256413e-01,1.645930721083735948e+00,-3.020747992321471953e-01,-9.105470113386601727e-02,-0.000000000000000000e+00,-0.000000000000000000e+00,-0.000000000000000000e+00,-0.000000000000000000e+00,-0.000000000000000000e+00,-0.000000000000000000e+00,0.000000000000000000e+00,-0.000000000000000000e+00,-0.000000000000000000e+00,0.000000000000000000e+00,-0.000000000000000000e+00,-4.208573312684552731e-02,-0.000000000000000000e+00
-0.000000000000000000e+00,-0.000000000000000000e+00,-0.000000000000000000e+00,0.000000000000000000e+00,-0.000000000000000000e+00,0.000000000000000000e+00,-0.000000000000000000e+00,0.000000000000000000e+00,-3.697424711829287031e-02,-0.000000000000000000e+00,-0.000000000000000000e+00,-0.000000000000000000e+00,-0.000000000000000000e+00,-2.822222734444159165e-01,-0.000000000000000000e+00,0.000000000000000000e+00,0.000000000000000000e+00,0.000000000000000000e+00,-0.000000000000000000e+00,-0.000000000000000000e+00,-0.000000000000000000e+00,-4.843948637466775203e-02,-9.027854661288134408e-02,-3.020747992321471953e-01,1.489904483018687609e+00,-0.000000000000000000e+00,-0.000000000000000000e+00,-3.917590965677127807e-02,-0.000000000000000000e+00,0.000000000000000000e+00,-1.174594138281913891e-01,-0.000000000000000000e+00,-1.982965570151067891e-01,-1.803500793507399613e-01,-0.000000000000000000e+00,-0.000000000000000000e+00,-0.000000000000000000e+00,-0.000000000000000000e+00,-0.000000000000000000e+00
-0.000000000000000000e+00,-0.000000000000000000e+00,0.000000000000000000e+00,0.000000000000000000e+00,-0.000000000000000000e+00,-0.000000000000000000e+00,-0.000000000000000000e+00,0.000000000000000000e+00,-1.661492457706970766e-02,-0.000000000000000000e+00,-0.000000000000000000e+00,-0.000000000000000000e+00,-0.000000000000000000e+00,-0.000000000000000000e+00,-0.000000000000000000e+00,-0.000000000000000000e+00,-1.220568140210760016e-01,-0.000000000000000000e+00,-0.000000000000000000e+00,-3.112053631487895437e-03,-0.000000000000000000e+00,-0.000000000000000000e+00,-0.000000000000000000e+00,-9.105470113386601727e-02,-0.000000000000000000e+00,1.673490920257997949e+00,-6.097690649985736400e-01,-3.898038075381134171e-02,-4.373575958888400450e-01,-0.000000000000000000e+00,-0.000000000000000000e+00,-0.000000000000000000e+00,-0.000000000000000000e+00,-0.000000000000000000e+00,-2.851749120497933387e-01,-6.947847555537459141e-02,-0.000000000000000000e+00,-1.754189356716806814e-01,-0.000000000000000000e+00
0.000000000000000000e+00,-0.000000000000000000e+00,-0.000000000000000000e+00,0.000000000000000000e+00,-0.000000000000000000e+00,0.000000000000000000e+00,-0.000000000000000000e+00,0.000000000000000000e+00,-3.237414616962309144e-01,-0.000000000000000000e+00,0.000000000000000000e+00,0.000000000000000000e+00,3.713884390913607114e-01,0.000000000000000000e+00,0.000000000000000000e+00,-0.000000000000000000e+00,-2.206958256846580924e-01,0.000000000000000000e+00,-0.000000000000000000e+00,0.000000000000000000e+00,-0.000000000000000000e+00,-1.200823454743006197e-01,-0.000000000000000000e+00,-0.000000000000000000e+00,-0.000000000000000000e+00,-6.097690649985736400e-01,1.711373676418887824e+00,-0.000000000000000000e+00,0.000000000000000000e+00,-0.000000000000000000e+00,-9.673045304486845020e-02,-0.000000000000000000e+00,-0.000000000000000000e+00,0.000000000000000000e+00,-0.000000000000000000e+00,-0.000000000000000000e+00,0.000000000000000000e+00,-0.000000000000000000e+00,-6.598379787192114321e-02
-0.000000000000000000e+00,-0.000000000000000000e+00,-1.942672969853541654e-01,0.000000000000000000e+00,-0.000000000000000000e+00,-0.000000000000000000e+00,-0.000000000000000000e+00,0.000000000000000000e+00,-4.038589410703889437e-01,-2.679533049885959306e-01,-0.000000000000000000e+00,-0.000000000000000000e+00,-0.000000000000000000e+00,-1.611599314111164805e-01,-3.737816967475705854e-02,-0.000000000000000000e+00,-0.000000000000000000e+00,-0.000000000000000000e+00,-2.015654173127791882e-01,-0.000000000000000000e+00,-7.030764957896681877e-02,-0.000000000000000000e+00,-0.000000000000000000e+00,-0.000000000000000000e+00,-3.917590965677127807e-02,-3.898038075381134171e-02,-0.000000000000000000e+00,2.096313189597976301e+00,-6.108178356274431703e-02,-0.000000000000000000e+00,-4.515047303824770708e-02,-0.000000000000000000e+00,-3.601503742534444830e-01,-4.852778566218403644e-01,-0.000000000000000000e+00,-0.000000000000000000e+00,-0.000000000000000000e+00,-0.000000000000000000e+00,-0.000000000000000000e+00
-1.072915343292005635e-01,-3.857920808653626105e-02,0.000000000000000000e+00,-0.000000000000000000e+00,0.000000000000000000e+00,-2.065700333590630988e-01,0.000000000000000000e+00,-0.000000000000000000e+00,-0.000000000000000000e+00,-0.000000000000000000e+00,-2.643812049937649955e-01,0.000000000000000000e+00,-0.000000000000000000e+00,-3.715752220614993578e-02,-0.000000000000000000e+00,-0.000000000000000000e+00,-0.000000000000000000e+00,-0.000000000000000000e+00,0.000000000000000000e+00,-0.000000000000000000e+00,0.000000000000000000e+00,1.071405939516320155e-01,0.000000000000000000e+00,-0.000000000000000000e+00,-0.000000000000000000e+00,-4.373575958888400450e-01,0.000000000000000000e+00,-6.108178356274431703e-02,1.408520942565477441e+00,0.000000000000000000e+00,0.000000000000000000e+00,-1.769600314935318719e-01,-0.000000000000000000e+00,0.000000000000000000e+00,-0.000000000000000000e+00,-6.777548415203203669e-02,-0.000000000000000000e+00,-0.000000000000000000e+00,0.000000000000000000e+00
-0.000000000000000000e+00,-1.965783597234816715e-01,-0.000000000000000000e+00,-0.000000000000000000e+00,-3.451847464799340237e-01,3.642689888863039765e-02,-0.000000000000000000e+00,0.000000000000000000e+00,-5.759866285661648100e-02,-0.000000000000000000e+00,0.000000000000000000e+00,2.457847064780133151e-02,1.724290172006787969e-01,-0.000000000000000000e+00,6.312005302025981701e-02,-6.286700314524142907e-01,-2.446861277425611825e-01,0.000000000000000000e+00,-0.000000000000000000e+00,0.000000000000000000e+00,-0.000000000000000000e+00,0.000000000000000000e+00,-5.016946603693333423e-02,-0.000000000000000000e+00,0.000000000000000000e+00,-0.000000000000000000e+00,-0.000000000000000000e+00,-0.000000000000000000e+00,0.000000000000000000e+00,1.892174459916951879e+00,-0.000000000000000000e+00,0.000000000000000000e+00,0.000000000000000000e+00,0.000000000000000000e+00,0.000000000000000000e+00,0.000000000000000000e+00,0.000000000000000000e+00,0.000000000000000000e+00,-1.780692722091285485e-01
0.000000000000000000e+00,-9.900201514788766269e-03,-0.000000000000000000e+00,2.733886648835949229e-01,-0.000000000000000000e+00,0.000000000000000000e+00,-0.000000000000000000e+00,1.745598582486786732e-01,-4.266741258271944948e-01,-0.000000000000000000e+00,0.000000000000000000e+00,0.000000000000000000e+00,2.455387671345182765e-01,-0.000000000000000000e+00,0.000000000000000000e+00,0.000000000000000000e+00,-0.000000000000000000e+00,4.366914382277670148e-02,-0.000000000000000000e+00,0.000000000000000000e+00,-1.686732165235685643e-01,-0.000000000000000000e+00,-0.000000000000000000e+00,-0.000000000000000000e+00,-1.174594138281913891e-01,-0.000000000000000000e+00,-9.673045304486845020e-02,-4.515047303824770708e-02,0.000000000000000000e+00,-0.000000000000000000e+00,1.923270717216296388e+00,-0.000000000000000000e+00,-4.602428691085613810e-01,-0.000000000000000000e+00,-0.000000000000000000e+00,0.000000000000000000e+00,-0.000000000000000000e+00,0.000000000000000000e+00,-1.981873292537942588e-01
-0.000000000000000000e+00,-0.000000000000000000e+00,-0.000000000000000000e+00,-0.000000000000000000e+00,-0.000000000000000000e+00,-4.777521599702272415e-02,-1.074616153009172459e-01,0.000000000000000000e+00,-0.000000000000000000e+00,-8.919998378979667256e-03,-1.210621787538139656e-02,-0.000000000000000000e+00,-0.000000000000000000e+00,-1.167629368337293888e-01,-0.000000000000000000e+00,0.000000000000000000e+00,0.000000000000000000e+00,-7.183978645805712271e-02,-4.312745945824283250e-02,-0.000000000000000000e+00,-0.000000000000000000e+00,-0.000000000000000000e+00,-0.000000000000000000e+00,-0.000000000000000000e+00,-0.000000000000000000e+00,-0.000000000000000000e+00,-0.000000000000000000e+00,-0.000000000000000000e+00,-1.769600314935318719e-01,0.000000000000000000e+00,-0.000000000000000000e+00,1.374961001378455228e+00,-0.000000000000000000e+00,-0.000000000000000000e+00,-1.458414406950719611e-01,-3.077388508400804024e-01,-2.624709604729976720e-01,-0.000000000000000000e+00,0.000000000000000000e+00
-0.000000000000000000e+00,0.000000000000000000e+00,-1.571179199032424548e-02,6.095580774179547995e-02,-0.000000000000000000e+00,-4.556136203082936792e-02,-0.000000000000000000e+00,1.866183745467889926e-02,-0.000000000000000000e+00,-0.000000000000000000e+00,0.000000000000000000e+00,-0.000000000000000000e+00,-0.000000000000000000e+00,-0.000000000000000000e+00,-0.000000000000000000e+00,0.000000000000000000e+00,0.000000000000000000e+00,0.000000000000000000e+00,-0.000000000000000000e+00,-0.000000000000000000e+00,-9.951516271370551558e-03,0.000000000000000000e+00,0.000000000000000000e+00,0.000000000000000000e+00,-1.982965570151067891e-01,-0.000000000000000000e+00,-0.000000000000000000e+00,-3.601503742534444830e-01,-0.000000000000000000e+00,0.000000000000000000e+00,-4.602428691085613810e-01,-0.000000000000000000e+00,1.486985871679020521e+00,-2.800912304903680969e-02,-7.772506656691050009e-02,0.000000000000000000e+00,-0.000000000000000000e+00,-0.000000000000000000e+00,-0.000000000000000000e+00
-0.000000000000000000e+00,0.000000000000000000e+00,-0.000000000000000000e+00,0.000000000000000000e+00,-0.000000000000000000e+00,-0.000000000000000000e+00,-1.142234125742574297e-01,0.000000000000000000e+00,-0.000000000000000000e+00,-0.000000000000000000e+00,-0.000000000000000000e+00,-8.601790114345837512e-01,-1.548567661134076234e-01,-9.021451651146163153e-02,-9.655736808407486826e-01,0.000000000000000000e+00,0.000000000000000000e+00,-0.000000000000000000e+00,-0.000000000000000000e+00,-0.000000000000000000e+00,-0.000000000000000000e+00,-1.164973710932967060e-01,-0.000000000000000000e+00,-0.000000000000000000e+00,-1.803500793507399613e-01,-0.000000000000000000e+00,0.000000000000000000e+00,-4.852778566218403644e-01,0.000000000000000000e+00,0.000000000000000000e+00,-0.000000000000000000e+00,-0.000000000000000000e+00,-2.800912304903680969e-02,2.821283711201870492e+00,-3.287651991149069444e-03,-0.000000000000000000e+00,-1.917587860471181918e-02,-1.076736069793024636e-01,0.000000000000000000e+00
-0.000000000000000000e+00,-3.971700759478492132e-04,-0.000000000000000000e+00,7.929807920886755568e-02,-0.000000000000000000e+00,-9.964667538410949821e-02,-3.245391605148782027e-02,-0.000000000000000000e+00,-0.000000000000000000e+00,-0.000000000000000000e+00,0.000000000000000000e+00,-0.000000000000000000e+00,-0.000000000000000000e+00,-0.000000000000000000e+00,-0.000000000000000000e+00,-0.000000000000000000e+00,0.000000000000000000e+00,0.000000000000000000e+00,-0.000000000000000000e+00,-0.000000000000000000e+00,-0.000000000000000000e+00,-0.000000000000000000e+00,-0.000000000000000000e+00,-0.000000000000000000e+00,-0.000000000000000000e+00,-2.851749120497933387e-01,-0.000000000000000000e+00,-0.000000000000000000e+00,-0.000000000000000000e+00,0.000000000000000000e+00,-0.000000000000000000e+00,-1.458414406950719611e-01,-7.772506656691050009e-02,-3.287651991149069444e-03,1.510775390983497779e+00,-0.000000000000000000e+00,-6.423528203609886189e-01,-0.000000000000000000e+00,0.000000000000000000e+00
0.000000000000000000e+00,0.000000000000000000e+00,0.000000000000000000e+00,-0.000000000000000000e+00,0.000000000000000000e+00,-0.000000000000000000e+00,-5.656304063580275959e-02,-0.000000000000000000e+00,-0.000000000000000000e+00,-0.000000000000000000e+00,-0.000000000000000000e+00,-0.000000000000000000e+00,-0.000000000000000000e+00,-0.000000000000000000e+00,-0.000000000000000000e+00,0.000000000000000000e+00,-0.000000000000000000e+00,-9.407398586881317304e-02,-0.000000000000000000e+00,-0.000000000000000000e+00,8.759943461853068880e-03,-0.000000000000000000e+00,-0.000000000000000000e+00,0.000000000000000000e+00,-0.000000000000000000e+00,-6.947847555537459141e-02,-0.000000000000000000e+00,-0.000000000000000000e+00,-6.777548415203203669e-02,0.000000000000000000e+00,0.000000000000000000e+00,-3.077388508400804024e-01,0.000000000000000000e+00,-0.000000000000000000e+00,-0.000000000000000000e+00,1.141317499279807857e+00,-0.000000000000000000e+00,-0.000000000000000000e+00,0.000000000000000000e+00
-0.000000000000000000e+00,-1.569843195809220993e-01,0.000000000000000000e+00,0.000000000000000000e+00,0.000000000000000000e+00,-2.196898191371837172e-01,-0.000000000000000000e+00,-0.000000000000000000e+00,0.000000000000000000e+00,-0.000000000000000000e+00,-0.000000000000000000e+00,-0.000000000000000000e+00,-1.508999520771627523e-01,-0.000000000000000000e+00,-2.300747133084576068e-01,0.000000000000000000e+00,9.746272152250223808e-02,-0.000000000000000000e+00,0.000000000000000000e+00,-0.000000000000000000e+00,-0.000000000000000000e+00,-0.000000000000000000e+00,-0.000000000000000000e+00,-0.000000000000000000e+00,-0.000000000000000000e+00,-0.000000000000000000e+00,0.000000000000000000e+00,-0.000000000000000000e+00,-0.000000000000000000e+00,0.000000000000000000e+00,-0.000000000000000000e+00,-2.624709604729976720e-01,-0.000000000000000000e+00,-1.917587860471181918e-02,-6.423528203609886189e-01,-0.000000000000000000e+00,1.700190774673212557e+00,-0.000000000000000000e+00,0.000000000000000000e+00
-1.059621248466654508e-01,0.000000000000000000e+00,-0.000000000000000000e+00,-0.000000000000000000e+00,-0.000000000000000000e+00,-0.000000000000000000e+00,-2.770649743399045684e-01,0.000000000000000000e+00,-0.000000000000000000e+00,-0.000000000000000000e+00,-0.000000000000000000e+00,-2.248306475043100605e-01,-0.000000000000000000e+00,-1.398936217261361470e-01,-2.369601049893626243e-01,-1.306298317297520661e-01,0.000000000000000000e+00,-0.000000000000000000e+00,-5.740925208934339469e-02,-8.382148253916818503e-02,-0.000000000000000000e+00,-0.000000000000000000e+00,-0.000000000000000000e+00,-4.208573312684552731e-02,-0.000000000000000000e+00,-1.754189356716806814e-01,-0.000000000000000000e+00,-0.000000000000000000e+00,-0.000000000000000000e+00,0.000000000000000000e+00,0.000000000000000000e+00,-0.000000000000000000e+00,-0.000000000000000000e+00,-1.076736069793024636e-01,-0.000000000000000000e+00,-0.000000000000000000e+00,-0.000000000000000000e+00,1.574953854905887907e+00,-0.000000000000000000e+00
-0.000000000000000000e+00,-0.000000000000000000e+00,-7.103266184706570618e-02,0.000000000000000000e+00,-2.762630158925924451e-01,4.559392425928071590e-01,-0.000000000000000000e+00,2.212141930312435945e-01,-4.449953054522214901e-01,-0.000000000000000000e+00,0.000000000000000000e+00,0.000000000000000000e+00,6.440282526371329808e-02,-0.000000000000000000e+00,0.000000000000000000e+00,-1.866074290943846303e-01,-0.000000000000000000e+00,0.000000000000000000e+00,-0.000000000000000000e+00,0.000000000000000000e+00,-0.000000000000000000e+00,-0.000000000000000000e+00,-2.001928608851392677e-01,-0.000000000000000000e+00,-0.000000000000000000e+00,-0.000000000000000000e+00,-6.598379787192114321e-02,-0.000000000000000000e+00,0.000000000000000000e+00,-1.780692722091285485e-01,-1.981873292537942588e-01,0.000000000000000000e+00,-0.000000000000000000e+00,0.000000000000000000e+00,0.000000000000000000e+00,0.000000000000000000e+00,0.000000000000000000e+00,-0.000000000000000000e+00,2.129324733485666421e+00
