2.180026149009024472e+00,-4.006934228282749699e-01,0.000000000000000000e+00,-0.000000000000000000e+00,-1.557797958251796733e-01,0.000000000000000000e+00,-6.061179723814285464e-02,0.000000000000000000e+00,-0.000000000000000000e+00,-2.653395378278116529e-02,-0.000000000000000000e+00,1.569864504487763490e-01,-0.000000000000000000e+00,-2.485866414576652639e-02,1.084722744854697274e-01,-0.000000000000000000e+00,-0.000000000000000000e+00,0.000000000000000000e+00,0.000000000000000000e+00,-0.000000000000000000e+00,0.000000000000000000e+00,-0.000000000000000000e+00,-0.000000000000000000e+00,-3.421445274177856849e-02,-1.462161681726058815e-01,-0.000000000000000000e+00,-0.000000000000000000e+00,-5.786908979416933996e-02,-3.825221140616901772e-01,-0.000000000000000000e+00,-0.000000000000000000e+00,-4.446812309759236581e-01,-0.000000000000000000e+00,-0.000000000000000000e+00,-2.483965621528749224e-01,-1.276769243412980981e-01,-7.696020685388484106e-02,0.000000000000000000e+00,0.000000000000000000e+00
-4.006934228282749699e-01,1.652544670571529872e+00,-0.000000000000000000e+00,-0.000000000000000000e+00,-0.000000000000000000e+00,0.000000000000000000e+00,-1.013072595213374526e-02,0.000000000000000000e+00,-1.001826528732153859e-01,-0.000000000000000000e+00,0.000000000000000000e+00,-0.000000000000000000e+00,-0.000000000000000000e+00,-0.000000000000000000e+00,0.000000000000000000e+00,-0.000000000000000000e+00,0.000000000000000000e+00,-0.000000000000000000e+00,0.000000000000000000e+00,-0.000000000000000000e+00,0.000000000000000000e+00,-0.000000000000000000e+00,0.000000000000000000e+00,-0.000000000000000000e+00,-0.000000000000000000e+00,-2.921388780810350513e-02,-0.000000000000000000e+00,-0.000000000000000000e+00,-1.129223752047150975e-01,-4.862065404215723530e-02,7.488668668315767718e-02,-4.226603763484829135e-01,-0.000000000000000000e+00,-0.000000000000000000e+00,-0.000000000000000000e+00,-2.677453257585445945e-01,-0.000000000000000000e+00,1.408696465808061300e-02,-0.000000000000000000e+00
0.000000000000000000e+00,-0.000000000000000000e+00,2.422175652648898669e+00,-0.000000000000000000e+00,-1.460518624969341095e-01,-0.000000000000000000e+00,-0.000000000000000000e+00,1.550447682716380671e+00,-0.000000000000000000e+00,0.000000000000000000e+00,-0.000000000000000000e+00,-6.852420217143385950e-02,-0.000000000000000000e+00,0.000000000000000000e+00,0.000000000000000000e+00,-0.000000000000000000e+00,-0.000000000000000000e+00,-0.000000000000000000e+00,-0.000000000000000000e+00,-0.000000000000000000e+00,-6.490073188254787129e-02,-1.179337344803240151e-01,-1.942317677504030657e-02,-0.000000000000000000e+00,-0.000000000000000000e+00,0.000000000000000000e+00,-0.000000000000000000e+00,-0.000000000000000000e+00,0.000000000000000000e+00,0.000000000000000000e+00,0.000000000000000000e+00,0.000000000000000000e+00,-7.625501656533809069e-02,-3.178235596921576422e-01,-0.000000000000000000e+00,0.000000000000000000e+00,0.000000000000000000e+00,0.000000000000000000e+00,0.000000000000000000e+00
-0.000000000000000000e+00,-0.000000000000000000e+00,-0.000000000000000000e+00,1.207717481758923794e+00,-0.000000000000000000e+00,-0.000000000000000000e+00,-1.052475743952960840e-01,0.000000000000000000e+00,0.000000000000000000e+00,0.000000000000000000e+00,-1.982841843444961838e-01,0.000000000000000000e+00,0.000000000000000000e+00,-5.768797011066069402e-02,1.865913070307490262e-01,-0.000000000000000000e+00,-1.349108252189361035e-01,-0.000000000000000000e+00,6.791730916370339322e-02,-6.100943371966383207e-03,-0.000000000000000000e+00,-0.000000000000000000e+00,0.000000000000000000e+00,-0.000000000000000000e+00,-0.000000000000000000e+00,-0.000000000000000000e+00,-0.000000000000000000e+00,-0.000000000000000000e+00,-8.804455713623140709e-03,-0.000000000000000000e+00,0.000000000000000000e+00,-0.000000000000000000e+00,-0.000000000000000000e+00,0.000000000000000000e+00,-0.000000000000000000e+00,-4.956663630960095324e-02,-2.294497507421179930e-02,0.000000000000000000e+00,0.000000000000000000e+00
-1.557797958251796733e-01,-0.000000000000000000e+00,-1.460518624969341095e-01,-0.000000000000000000e+00,1.866598550645900412e+00,-0.000000000000000000e+00,-0.000000000000000000e+00,3.816190156616763862e-01,-1.102176292001813968e-01,-9.643199735235719050e-02,-0.000000000000000000e+00,-0.000000000000000000e+00,-0.000000000000000000e+00,-8.283632723467020120e-02,0.000000000000000000e+00,-2.575142193974276281e-02,-0.000000000000000000e+00,-2.870179539296924959e-02,-6.426672322351005551e-02,0.000000000000000000e+00,-0.000000000000000000e+00,0.000000000000000000e+00,-2.343130227256509657e-01,-2.153456610559210671e-01,-0.000000000000000000e+00,-0.000000000000000000e+00,-8.861827099089496229e-02,-0.000000000000000000e+00,-0.000000000000000000e+00,-2.392713254825603875e-01,-0.000000000000000000e+00,-3.964007320391538247e-02,-0.000000000000000000e+00,-6.574944614947729471e-02,-0.000000000000000000e+00,0.000000000000000000e+00,-0.000000000000000000e+00,-9.967184241064144801e-02,-0.000000000000000000e+00
0.000000000000000000e+00,0.000000000000000000e+00,-0.000000000000000000e+00,-0.000000000000000000e+00,-0.000000000000000000e+00,2.362934728373030868e+00,-0.000000000000000000e+00,0.000000000000000000e+00,2.045233083499762849e-01,0.000000000000000000e+00,-6.729453112365704204e-01,0.000000000000000000e+00,1.850271925002573148e-01,-1.532390966084326289e-01,-0.000000000000000000e+00,-0.000000000000000000e+00,-5.304758583873318001e-01,-0.000000000000000000e+00,0.000000000000000000e+00,-2.611879887199275788e-02,-1.556119759783428959e-02,-0.000000000000000000e+00,-2.183576479968594719e-01,-0.000000000000000000e+00,-7.862847219931592968e-02,-0.000000000000000000e+00,-0.000000000000000000e+00,-2.591387986996958048e-01,-0.000000000000000000e+00,0.000000000000000000e+00,-2.332134007893109373e-01,0.000000000000000000e+00,-0.000000000000000000e+00,0.000000000000000000e+00,-0.000000000000000000e+00,-0.000000000000000000e+00,-5.214880620762071123e-02,-7.467899447781826960e-02,0.000000000000000000e+00
-6.061179723814285464e-02,-1.013072595213374526e-02,-0.000000000000000000e+00,-1.052475743952960840e-01,-0.000000000000000000e+00,-0.000000000000000000e+00,1.230227312108508775e+00,1.744982600814649343e-01,0.000000000000000000e+00,-0.000000000000000000e+00,-0.000000000000000000e+00,3.360794099529160195e-02,-0.000000000000000000e+00,-0.000000000000000000e+00,1.764939126224151777e-01,-1.670641419032337649e-01,-0.000000000000000000e+00,0.000000000000000000e+00,0.000000000000000000e+00,-2.403414516232766085e-01,-0.000000000000000000e+00,-0.000000000000000000e+00,-0.000000000000000000e+00,0.000000000000000000e+00,-6.261142977345673932e-02,0.000000000000000000e+00,0.000000000000000000e+00,-0.000000000000000000e+00,0.000000000000000000e+00,0.000000000000000000e+00,-0.000000000000000000e+00,0.000000000000000000e+00,-0.000000000000000000e+00,0.000000000000000000e+00,-0.000000000000000000e+00,-0.000000000000000000e+00,-0.000000000000000000e+00,3.732454917713978054e-02,0.000000000000000000e+00
0.000000000000000000e+00,0.000000000000000000e+00,1.550447682716380671e+00,0.000000000000000000e+00,3.816190156616763862e-01,0.000000000000000000e+00,1.744982600814649343e-01,2.560291288149761257e+00,0.000000000000000000e+00,-0.000000000000000000e+00,0.000000000000000000e+00,0.000000000000000000e+00,0.000000000000000000e+00,0.000000000000000000e+00,-0.000000000000000000e+00,0.000000000000000000e+00,0.000000000000000000e+00,0.000000000000000000e+00,0.000000000000000000e+00,0.000000000000000000e+00,0.000000000000000000e+00,0.000000000000000000e+00,1.476161307839605197e-01,0.000000000000000000e+00,0.000000000000000000e+00,0.000000000000000000e+00,0.000000000000000000e+00,0.000000000000000000e+00,0.000000000000000000e+00,-0.000000000000000000e+00,-0.000000000000000000e+00,0.000000000000000000e+00,2.659931810785519657e-01,0.000000000000000000e+00,0.000000000000000000e+00,-0.000000000000000000e+00,0.000000000000000000e+00,-0.000000000000000000e+00,-0.000000000000000000e+00
-0.000000000000000000e+00,-1.001826528732153859e-01,-0.000000000000000000e+00,0.000000000000000000e+00,-1.102176292001813968e-01,2.045233083499762849e-01,0.000000000000000000e+00,0.000000000000000000e+00,2.425940071750716687e+00,-2.245407605293029893e-02,0.000000000000000000e+00,-2.178760580127020730e-01,-3.596699145081322935e-01,-0.000000000000000000e+00,-0.000000000000000000e+00,0.000000000000000000e+00,2.482709514767145187e-01,-0.000000000000000000e+00,-6.933010676701665057e-03,5.996548505037198329e-02,0.000000000000000000e+00,0.000000000000000000e+00,0.000000000000000000e+00,-1.942913180180998456e-01,0.000000000000000000e+00,0.000000000000000000e+00,-0.000000000000000000e+00,0.000000000000000000e+00,-0.000000000000000000e+00,-7.878010263930631529e-01,0.000000000000000000e+00,-1.990818710061325603e-01,-0.000000000000000000e+00,-5.427131722045240858e-01,0.000000000000000000e+00,0.000000000000000000e+00,0.000000000000000000e+00,-0.000000000000000000e+00,-2.588410086031973090e-01
-2.653395378278116529e-02,-0.000000000000000000e+00,0.000000000000000000e+00,0.000000000000000000e+00,-9.643199735235719050e-02,0.000000000000000000e+00,-0.000000000000000000e+00,-0.000000000000000000e+00,-2.245407605293029893e-02,2.268752520942232120e+00,0.000000000000000000e+00,-0.000000000000000000e+00,-0.000000000000000000e+00,-0.000000000000000000e+00,0.000000000000000000e+00,-6.169791843076308790e-01,0.000000000000000000e+00,-0.000000000000000000e+00,-2.122327327821561527e-01,5.701683453877084279e-03,7.518920746495623419e-02,3.849388138266841841e-02,0.000000000000000000e+00,-2.529553357740522701e-01,-0.000000000000000000e+00,0.000000000000000000e+00,-0.000000000000000000e+00,-0.000000000000000000e+00,-0.000000000000000000e+00,-2.540173864303277851e-01,-0.000000000000000000e+00,-2.066428172595026827e-02,0.000000000000000000e+00,-0.000000000000000000e+00,0.000000000000000000e+00,0.000000000000000000e+00,0.000000000000000000e+00,-1.839302446930397850e-01,-7.698177532514696164e-01
-0.000000000000000000e+00,0.000000000000000000e+00,-0.000000000000000000e+00,-1.982841843444961838e-01,-0.000000000000000000e+00,-6.729453112365704204e-01,-0.000000000000000000e+00,0.000000000000000000e+00,0.000000000000000000e+00,0.000000000000000000e+00,1.921404212588983640e+00,-0.000000000000000000e+00,1.180260134296771263e-02,-0.000000000000000000e+00,0.000000000000000000e+00,-0.000000000000000000e+00,-3.057745531149702600e-01,-4.825687753669466624e-03,0.000000000000000000e+00,-0.000000000000000000e+00,-0.000000000000000000e+00,-0.000000000000000000e+00,-6.150391815737945439e-02,-0.000000000000000000e+00,-0.000000000000000000e+00,-0.000000000000000000e+00,-4.426918759178401497e-01,-0.000000000000000000e+00,-0.000000000000000000e+00,-0.000000000000000000e+00,-0.000000000000000000e+00,-0.000000000000000000e+00,-2.230367644218309020e-02,4.023603427303622769e-03,-0.000000000000000000e+00,-0.000000000000000000e+00,-6.781558152052265254e-02,-0.000000000000000000e+00,0.000000000000000000e+00
1.569864504487763490e-01,-0.000000000000000000e+00,-6.852420217143385950e-02,0.000000000000000000e+00,-0.000000000000000000e+00,0.000000000000000000e+00,3.360794099529160195e-02,0.000000000000000000e+00,-2.178760580127020730e-01,-0.000000000000000000e+00,-0.000000000000000000e+00,1.478229997892312575e+00,-5.992428747498596692e-02,0.000000000000000000e+00,-1.791978634661417769e-01,-0.000000000000000000e+00,1.547126870181639857e-01,-3.726496510934715900e-01,-3.832835833182584445e-02,0.000000000000000000e+00,0.000000000000000000e+00,-0.000000000000000000e+00,0.000000000000000000e+00,-0.000000000000000000e+00,0.000000000000000000e+00,0.000000000000000000e+00,-0.000000000000000000e+00,0.000000000000000000e+00,0.000000000000000000e+00,-0.000000000000000000e+00,5.486034950580676028e-02,0.000000000000000000e+00,0.000000000000000000e+00,-1.535241329356483997e-01,0.000000000000000000e+00,1.237664300965224257e-01,0.000000000000000000e+00,-0.000000000000000000e+00,-9.372017823822924310e-02
-0.000000000000000000e+00,-0.000000000000000000e+00,-0.000000000000000000e+00,0.000000000000000000e+00,-0.000000000000000000e+00,1.850271925002573148e-01,-0.000000000000000000e+00,0.000000000000000000e+00,-3.596699145081322935e-01,-0.000000000000000000e+00,1.180260134296771263e-02,-5.992428747498596692e-02,1.533314881629523008e+00,0.000000000000000000e+00,-1.177129331920832578e-01,0.000000000000000000e+00,0.000000000000000000e+00,0.000000000000000000e+00,-0.000000000000000000e+00,-0.000000000000000000e+00,6.950775537237534329e-02,0.000000000000000000e+00,0.000000000000000000e+00,-0.000000000000000000e+00,0.000000000000000000e+00,0.000000000000000000e+00,0.000000000000000000e+00,0.000000000000000000e+00,-0.000000000000000000e+00,-0.000000000000000000e+00,5.017720222802737329e-01,-0.000000000000000000e+00,0.000000000000000000e+00,-1.580390161796962067e-01,0.000000000000000000e+00,0.000000000000000000e+00,0.000000000000000000e+00,-0.000000000000000000e+00,-0.000000000000000000e+00
-2.485866414576652639e-02,-0.000000000000000000e+00,0.000000000000000000e+00,-5.768797011066069402e-02,-8.283632723467020120e-02,-1.532390966084326289e-01,-0.000000000000000000e+00,0.000000000000000000e+00,-0.000000000000000000e+00,-0.000000000000000000e+00,-0.000000000000000000e+00,0.000000000000000000e+00,0.000000000000000000e+00,2.282520713279679203e+00,-0.000000000000000000e+00,-0.000000000000000000e+00,-0.000000000000000000e+00,0.000000000000000000e+00,0.000000000000000000e+00,-0.000000000000000000e+00,-0.000000000000000000e+00,-0.000000000000000000e+00,-0.000000000000000000e+00,-2.157699763189462050e-01,-2.762511497698497687e-01,-1.732260030266719042e-01,-2.992064442678982195e-02,-6.307117589334150509e-02,-4.764288800913492050e-01,-9.124590200653379113e-02,-0.000000000000000000e+00,-0.000000000000000000e+00,-1.714348856125945675e-01,-0.000000000000000000e+00,-2.305805061371292708e-01,-1.503743885291025650e-01,-1.910477284045879187e-01,-0.000000000000000000e+00,0.000000000000000000e+00
1.084722744854697274e-01,0.000000000000000000e+00,0.000000000000000000e+00,1.865913070307490262e-01,0.000000000000000000e+00,-0.000000000000000000e+00,1.764939126224151777e-01,-0.000000000000000000e+00,-0.000000000000000000e+00,0.000000000000000000e+00,0.000000000000000000e+00,-1.791978634661417769e-01,-1.177129331920832578e-01,-0.000000000000000000e+00,1.187398597251562160e+00,0.000000000000000000e+00,0.000000000000000000e+00,0.000000000000000000e+00,0.000000000000000000e+00,-3.255757731810390854e-02,-0.000000000000000000e+00,-1.219653886064723664e-01,-0.000000000000000000e+00,0.000000000000000000e+00,-0.000000000000000000e+00,-0.000000000000000000e+00,-0.000000000000000000e+00,0.000000000000000000e+00,0.000000000000000000e+00,0.000000000000000000e+00,0.000000000000000000e+00,0.000000000000000000e+00,-0.000000000000000000e+00,-1.553403442976552251e-01,-0.000000000000000000e+00,0.000000000000000000e+00,0.000000000000000000e+00,-0.000000000000000000e+00,-0.000000000000000000e+00
-0.000000000000000000e+00,-0.000000000000000000e+00,-0.000000000000000000e+00,-0.000000000000000000e+00,-2.575142193974276281e-02,-0.000000000000000000e+00,-1.670641419032337649e-01,0.000000000000000000e+00,0.000000000000000000e+00,-6.169791843076308790e-01,-0.000000000000000000e+00,-0.000000000000000000e+00,0.000000000000000000e+00,-0.000000000000000000e+00,0.000000000000000000e+00,1.695620479671640091e+00,-0.000000000000000000e+00,-2.547730285136031725e-01,-3.576593645550616308e-03,-0.000000000000000000e+00,0.000000000000000000e+00,0.000000000000000000e+00,-0.000000000000000000e+00,-0.000000000000000000e+00,-1.490546285498538792e-01,-0.000000000000000000e+00,-0.000000000000000000e+00,-9.708718980907272977e-02,0.000000000000000000e+00,-0.000000000000000000e+00,-9.900932828448051615e-02,-0.000000000000000000e+00,0.000000000000000000e+00,0.000000000000000000e+00,-0.000000000000000000e+00,-0.000000000000000000e+00,-0.000000000000000000e+00,-3.389322431436302963e-01,-0.000000000000000000e+00
-0.000000000000000000e+00,0.000000000000000000e+00,-0.000000000000000000e+00,-1.349108252189361035e-01,-0.000000000000000000e+00,-5.304758583873318001e-01,-0.000000000000000000e+00,0.000000000000000000e+00,2.482709514767145187e-01,0.000000000000000000e+00,-3.057745531149702600e-01,1.547126870181639857e-01,0.000000000000000000e+00,-0.000000000000000000e+00,0.000000000000000000e+00,-0.000000000000000000e+00,2.373308008882265785e+00,0.000000000000000000e+00,9.961112584767659039e-02,-1.169310093877247020e-01,-0.000000000000000000e+00,-0.000000000000000000e+00,-2.578761375830904146e-01,-0.000000000000000000e+00,-2.417671553930506034e-01,-2.935250667762705490e-01,-0.000000000000000000e+00,-0.000000000000000000e+00,-0.000000000000000000e+00,0.000000000000000000e+00,-0.000000000000000000e+00,-0.000000000000000000e+00,-0.000000000000000000e+00,0.000000000000000000e+00,-6.128747764724151031e-02,-0.000000000000000000e+00,-2.867554586470532074e-01,-0.000000000000000000e+00,2.136685604932929416e-01
0.000000000000000000e+00,-0.000000000000000000e+00,-0.000000000000000000e+00,-0.000000000000000000e+00,-2.870179539296924959e-02,-0.000000000000000000e+00,0.000000000000000000e+00,0.000000000000000000e+00,-0.000000000000000000e+00,-0.000000000000000000e+00,-4.825687753669466624e-03,-3.726496510934715900e-01,0.000000000000000000e+00,0.000000000000000000e+00,0.000000000000000000e+00,-2.547730285136031725e-01,0.000000000000000000e+00,1.929913438559101468e+00,-9.681306294077735020e-01,0.000000000000000000e+00,9.376252170479475179e-02,0.000000000000000000e+00,-0.000000000000000000e+00,-0.000000000000000000e+00,0.000000000000000000e+00,-0.000000000000000000e+00,-2.849393866399684283e-01,-0.000000000000000000e+00,0.000000000000000000e+00,-0.000000000000000000e+00,-0.000000000000000000e+00,-0.000000000000000000e+00,8.149818188709518144e-03,0.000000000000000000e+00,0.000000000000000000e+00,0.000000000000000000e+00,0.000000000000000000e+00,-2.633545007919049080e-02,-0.000000000000000000e+00
0.000000000000000000e+00,0.000000000000000000e+00,-0.000000000000000000e+00,6.791730916370339322e-02,-6.426672322351005551e-02,0.000000000000000000e+00,0.000000000000000000e+00,0.000000000000000000e+00,-6.933010676701665057e-03,-2.122327327821561527e-01,0.000000000000000000e+00,-3.832835833182584445e-02,-0.000000000000000000e+00,0.000000000000000000e+00,0.000000000000000000e+00,-3.576593645550616308e-03,9.961112584767659039e-02,-9.681306294077735020e-01,2.113886758738030114e+00,5.955715167919822112e-02,8.224387788621627393e-02,1.247870650114104307e-01,-0.000000000000000000e+00,-0.000000000000000000e+00,0.000000000000000000e+00,0.000000000000000000e+00,-0.000000000000000000e+00,-0.000000000000000000e+00,0.000000000000000000e+00,-0.000000000000000000e+00,-0.000000000000000000e+00,0.000000000000000000e+00,0.000000000000000000e+00,-0.000000000000000000e+00,0.000000000000000000e+00,1.443659632513272228e-01,1.503636495710770626e-01,-2.779043941163606979e-01,-2.238739865914761429e-01
-0.000000000000000000e+00,-0.000000000000000000e+00,-0.000000000000000000e+00,-6.100943371966383207e-03,0.000000000000000000e+00,-2.611879887199275788e-02,-2.403414516232766085e-01,0.000000000000000000e+00,5.996548505037198329e-02,5.701683453877084279e-03,-0.000000000000000000e+00,0.000000000000000000e+00,-0.000000000000000000e+00,-0.000000000000000000e+00,-3.255757731810390854e-02,-0.000000000000000000e+00,-1.169310093877247020e-01,0.000000000000000000e+00,5.955715167919822112e-02,1.558298988628961768e+00,-0.000000000000000000e+00,-6.152093633727170330e-01,-1.247814732512307623e-01,0.000000000000000000e+00,-1.301795142927219262e-01,-6.154491167521033285e-03,-0.000000000000000000e+00,-0.000000000000000000e+00,-0.000000000000000000e+00,4.408168692714137249e-02,-0.000000000000000000e+00,0.000000000000000000e+00,-0.000000000000000000e+00,-0.000000000000000000e+00,-0.000000000000000000e+00,-0.000000000000000000e+00,-0.000000000000000000e+00,0.000000000000000000e+00,3.455542863170164847e-02
0.000000000000000000e+00,0.000000000000000000e+00,-6.490073188254787129e-02,-0.000000000000000000e+00,-0.000000000000000000e+00,-1.556119759783428959e-02,-0.000000000000000000e+00,0.000000000000000000e+00,0.000000000000000000e+00,7.518920746495623419e-02,-0.000000000000000000e+00,0.000000000000000000e+00,6.950775537237534329e-02,-0.000000000000000000e+00,-0.000000000000000000e+00,0.000000000000000000e+00,-0.000000000000000000e+00,9.376252170479475179e-02,8.224387788621627393e-02,-0.000000000000000000e+00,1.797386417255403046e+00,-7.259949728001077185e-01,-3.004304470333036409e-02,0.000000000000000000e+00,-0.000000000000000000e+00,-0.000000000000000000e+00,-0.000000000000000000e+00,-0.000000000000000000e+00,-0.000000000000000000e+00,0.000000000000000000e+00,-3.009074371691676606e-03,0.000000000000000000e+00,-4.956877656179078384e-01,-0.000000000000000000e+00,-0.000000000000000000e+00,-0.000000000000000000e+00,-0.000000000000000000e+00,0.000000000000000000e+00,1.161079537781066068e-01
-0.000000000000000000e+00,-0.000000000000000000e+00,-1.179337344803240151e-01,-0.000000000000000000e+00,0.000000000000000000e+00,-0.000000000000000000e+00,-0.000000000000000000e+00,0.000000000000000000e+00,0.000000000000000000e+00,3.849388138266841841e-02,-0.000000000000000000e+00,-0.000000000000000000e+00,0.000000000000000000e+00,-0.000000000000000000e+00,-1.219653886064723664e-01,0.000000000000000000e+00,-0.000000000000000000e+00,0.000000000000000000e+00,1.247870650114104307e-01,-6.152093633727170330e-01,-7.259949728001077185e-01,1.998234892876896041e+00,-0.000000000000000000e+00,0.000000000000000000e+00,-0.000000000000000000e+00,-1.562692646805871333e-01,-0.000000000000000000e+00,-0.000000000000000000e+00,-0.000000000000000000e+00,0.000000000000000000e+00,-0.000000000000000000e+00,0.000000000000000000e+00,-1.417947298865289696e-01,-0.000000000000000000e+00,-7.641095771690277483e-02,-0.000000000000000000e+00,-0.000000000000000000e+00,6.549630484406379627e-02,6.588958039074557793e-02
-0.000000000000000000e+00,0.000000000000000000e+00,-1.942317677504030657e-02,0.000000000000000000e+00,-2.343130227256509657e-01,-2.183576479968594719e-01,-0.000000000000000000e+00,1.476161307839605197e-01,0.000000000000000000e+00,0.000000000000000000e+00,-6.150391815737945439e-02,0.000000000000000000e+00,0.000000000000000000e+00,-0.000000000000000000e+00,-0.000000000000000000e+00,-0.000000000000000000e+00,-2.578761375830904146e-01,-0.000000000000000000e+00,-0.000000000000000000e+00,-1.247814732512307623e-01,-3.004304470333036409e-02,-0.000000000000000000e+00,2.109745311017668712e+00,-0.000000000000000000e+00,-6.312935273336098829e-01,-1.433581975842147978e-02,-7.146565900671164942e-03,-2.421037480231008066e-01,-0.000000000000000000e+00,0.000000000000000000e+00,-0.000000000000000000e+00,0.000000000000000000e+00,-1.384509285066146955e-01,-0.000000000000000000e+00,-0.000000000000000000e+00,0.000000000000000000e+00,-0.000000000000000000e+00,-1.401962568938512066e-01,0.000000000000000000e+00
-3.421445274177856849e-02,-0.000000000000000000e+00,-0.000000000000000000e+00,-0.000000000000000000e+00,-2.153456610559210671e-01,-0.000000000000000000e+00,0.000000000000000000e+00,0.000000000000000000e+00,-1.942913180180998456e-01,-2.529553357740522701e-01,-0.000000000000000000e+00,-0.000000000000000000e+00,-0.000000000000000000e+00,-2.157699763189462050e-01,0.000000000000000000e+00,-0.000000000000000000e+00,-0.000000000000000000e+00,-0.000000000000000000e+00,-0.000000000000000000e+00,0.000000000000000000e+00,0.000000000000000000e+00,0.000000000000000000e+00,-0.000000000000000000e+00,2.404688106197154784e+00,-0.000000000000000000e+00,-0.000000000000000000e+00,-9.536119770816675612e-02,-0.000000000000000000e+00,-1.861250575658042195e-01,-7.241069606819130478e-01,0.000000000000000000e+00,-4.745742236944472392e-01,-1.064588815022291940e-01,-0.000000000000000000e+00,-0.000000000000000000e+00,0.000000000000000000e+00,-3.221416284579790151e-02,-0.000000000000000000e+00,-0.000000000000000000e+00
-1.462161681726058815e-01,-0.000000000000000000e+00,-0.000000000000000000e+00,-0.000000000000000000e+00,-0.000000000000000000e+00,-7.862847219931592968e-02,-6.261142977345673932e-02,0.000000000000000000e+00,0.000000000000000000e+00,-0.000000000000000000e+00,-0.000000000000000000e+00,0.000000000000000000e+00,0.000000000000000000e+00,-2.762511497698497687e-01,-0.000000000000000000e+00,-1.490546285498538792e-01,-2.417671553930506034e-01,0.000000000000000000e+00,0.000000000000000000e+00,-1.301795142927219262e-01,-0.000000000000000000e+00,-0.000000000000000000e+00,-6.312935273336098829e-01,-0.000000000000000000e+00,2.458763157271318001e+00,-0.000000000000000000e+00,-0.000000000000000000e+00,-5.180572053423144752e-01,-0.000000000000000000e+00,-0.000000000000000000e+00,-2.464412057214569463e-01,-0.000000000000000000e+00,-1.278024440047169918e-01,-0.000000000000000000e+00,-2.481748729613262455e-02,-0.000000000000000000e+00,-8.450818774173747550e-02,-0.000000000000000000e+00,0.000000000000000000e+00
-0.000000000000000000e+00,-2.921388780810350513e-02,0.000000000000000000e+00,-0.000000000000000000e+00,-0.000000000000000000e+00,-0.000000000000000000e+00,0.000000000000000000e+00,0.000000000000000000e+00,0.000000000000000000e+00,0.000000000000000000e+00,-0.000000000000000000e+00,0.000000000000000000e+00,0.000000000000000000e+00,-1.732260030266719042e-01,-0.000000000000000000e+00,-0.000000000000000000e+00,-2.935250667762705490e-01,-0.000000000000000000e+00,0.000000000000000000e+00,-6.154491167521033285e-03,-0.000000000000000000e+00,-1.562692646805871333e-01,-1.433581975842147978e-02,-0.000000000000000000e+00,-0.000000000000000000e+00,2.782967657458369715e+00,-7.530873690054828984e-01,-1.711428438441122135e-01,-2.313399441098164255e-01,-0.000000000000000000e+00,-0.000000000000000000e+00,-0.000000000000000000e+00,-0.000000000000000000e+00,0.000000000000000000e+00,-5.214528726852206697e-01,-1.025014747886199562e-01,-5.228813417392259577e-01,-0.000000000000000000e+00,0.000000000000000000e+00
-0.000000000000000000e+00,-0.000000000000000000e+00,-0.000000000000000000e+00,-0.000000000000000000e+00,-8.861827099089496229e-02,-0.000000000000000000e+00,0.000000000000000000e+00,0.000000000000000000e+00,-0.000000000000000000e+00,-0.000000000000000000e+00,-4.426918759178401497e-01,-0.000000000000000000e+00,0.000000000000000000e+00,-2.992064442678982195e-02,-0.000000000000000000e+00,-0.000000000000000000e+00,-0.000000000000000000e+00,-2.849393866399684283e-01,-0.000000000000000000e+00,-0.000000000000000000e+00,-0.000000000000000000e+00,-0.000000000000000000e+00,-7.146565900671164942e-03,-9.536119770816675612e-02,-0.000000000000000000e+00,-7.530873690054828984e-01,1.890223737332035414e+00,-9.539558328087273387e-02,-3.246053820573620383e-04,-2.381228360854399304e-02,-0.000000000000000000e+00,-0.000000000000000000e+00,-0.000000000000000000e+00,0.000000000000000000e+00,-4.574609238731539192e-03,-0.000000000000000000e+00,-6.975495461449363055e-02,-0.000000000000000000e+00,-0.000000000000000000e+00
-5.786908979416933996e-02,-0.000000000000000000e+00,-0.000000000000000000e+00,-0.000000000000000000e+00,-0.000000000000000000e+00,-2.591387986996958048e-01,-0.000000000000000000e+00,0.000000000000000000e+00,0.000000000000000000e+00,-0.000000000000000000e+00,-0.000000000000000000e+00,0.000000000000000000e+00,0.000000000000000000e+00,-6.307117589334150509e-02,0.000000000000000000e+00,-9.708718980907272977e-02,-0.000000000000000000e+00,-0.000000000000000000e+00,-0.000000000000000000e+00,-0.000000000000000000e+00,-0.000000000000000000e+00,-0.000000000000000000e+00,-2.421037480231008066e-01,-0.000000000000000000e+00,-5.180572053423144752e-01,-1.711428438441122135e-01,-9.539558328087273387e-02,2.315403215304806306e+00,-0.000000000000000000e+00,-0.000000000000000000e+00,-6.064719545720547167e-01,-0.000000000000000000e+00,-0.000000000000000000e+00,-0.000000000000000000e+00,-2.908041905232072732e-01,-0.000000000000000000e+00,-0.000000000000000000e+00,-0.000000000000000000e+00,0.000000000000000000e+00
-3.825221140616901772e-01,-1.129223752047150975e-01,0.000000000000000000e+00,-8.804455713623140709e-03,-0.000000000000000000e+00,-0.000000000000000000e+00,0.000000000000000000e+00,0.000000000000000000e+00,-0.000000000000000000e+00,-0.000000000000000000e+00,-0.000000000000000000e+00,0.000000000000000000e+00,-0.000000000000000000e+00,-4.764288800913492050e-01,0.000000000000000000e+00,0.000000000000000000e+00,-0.000000000000000000e+00,0.000000000000000000e+00,0.000000000000000000e+00,-0.000000000000000000e+00,-0.000000000000000000e+00,-0.000000000000000000e+00,-0.000000000000000000e+00,-1.861250575658042195e-01,-0.000000000000000000e+00,-2.313399441098164255e-01,-3.246053820573620383e-04,-0.000000000000000000e+00,2.758830734698793030e+00,-2.229337170011725378e-01,0.000000000000000000e+00,-4.458284522028074792e-01,-8.660009733644551122e-02,-0.000000000000000000e+00,-1.226311697314217825e-01,-1.564718128816121601e-01,-5.329746293146808700e-01,0.000000000000000000e+00,0.000000000000000000e+00
-0.000000000000000000e+00,-4.862065404215723530e-02,0.000000000000000000e+00,-0.000000000000000000e+00,-2.392713254825603875e-01,0.000000000000000000e+00,0.000000000000000000e+00,-0.000000000000000000e+00,-7.878010263930631529e-01,-2.540173864303277851e-01,-0.000000000000000000e+00,-0.000000000000000000e+00,-0.000000000000000000e+00,-9.124590200653379113e-02,0.000000000000000000e+00,-0.000000000000000000e+00,0.000000000000000000e+00,-0.000000000000000000e+00,-0.000000000000000000e+00,4.408168692714137249e-02,0.000000000000000000e+00,0.000000000000000000e+00,0.000000000000000000e+00,-7.241069606819130478e-01,-0.000000000000000000e+00,-0.000000000000000000e+00,-2.381228360854399304e-02,-0.000000000000000000e+00,-2.229337170011725378e-01,2.713800797372860618e+00,4.105161906005936473e-02,-5.292483940473577952e-01,-0.000000000000000000e+00,-0.000000000000000000e+00,-0.000000000000000000e+00,-0.000000000000000000e+00,-0.000000000000000000e+00,-0.000000000000000000e+00,-0.000000000000000000e+00
-0.000000000000000000e+00,7.488668668315767718e-02,0.000000000000000000e+00,0.000000000000000000e+00,-0.000000000000000000e+00,-2.332134007893109373e-01,-0.000000000000000000e+00,-0.000000000000000000e+00,0.000000000000000000e+00,-0.000000000000000000e+00,-0.000000000000000000e+00,5.486034950580676028e-02,5.017720222802737329e-01,-0.000000000000000000e+00,0.000000000000000000e+00,-9.900932828448051615e-02,-0.000000000000000000e+00,-0.000000000000000000e+00,-0.000000000000000000e+00,-0.000000000000000000e+00,-3.009074371691676606e-03,-0.000000000000000000e+00,-0.000000000000000000e+00,0.000000000000000000e+00,-2.464412057214569463e-01,-0.000000000000000000e+00,-0.000000000000000000e+00,-6.064719545720547167e-01,0.000000000000000000e+00,4.105161906005936473e-02,1.825020757826235407e+00,0.000000000000000000e+00,-0.000000000000000000e+00,0.000000000000000000e+00,-0.000000000000000000e+00,-0.000000000000000000e+00,-0.000000000000000000e+00,-0.000000000000000000e+00,0.000000000000000000e+00
-4.446812309759236581e-01,-4.226603763484829135e-01,0.000000000000000000e+00,-0.000000000000000000e+00,-3.964007320391538247e-02,0.000000000000000000e+00,0.000000000000000000e+00,0.000000000000000000e+00,-1.990818710061325603e-01,-2.066428172595026827e-02,-0.000000000000000000e+00,0.000000000000000000e+00,-0.000000000000000000e+00,-0.000000000000000000e+00,0.000000000000000000e+00,-0.000000000000000000e+00,-0.000000000000000000e+00,-0.000000000000000000e+00,0.000000000000000000e+00,0.000000000000000000e+00,0.000000000000000000e+00,0.000000000000000000e+00,0.000000000000000000e+00,-4.745742236944472392e-01,-0.000000000000000000e+00,-0.000000000000000000e+00,-0.000000000000000000e+00,-0.000000000000000000e+00,-4.458284522028074792e-01,-5.292483940473577952e-01,0.000000000000000000e+00,2.504744186844713116e+00,-0.000000000000000000e+00,-0.000000000000000000e+00,-0.000000000000000000e+00,-0.000000000000000000e+00,-0.000000000000000000e+00,-0.000000000000000000e+00,-0.000000000000000000e+00
-0.000000000000000000e+00,-0.000000000000000000e+00,-7.625501656533809069e-02,-0.000000000000000000e+00,-0.000000000000000000e+00,-0.000000000000000000e+00,-0.000000000000000000e+00,2.659931810785519657e-01,-0.000000000000000000e+00,0.000000000000000000e+00,-2.230367644218309020e-02,0.000000000000000000e+00,0.000000000000000000e+00,-1.714348856125945675e-01,-0.000000000000000000e+00,0.000000000000000000e+00,-0.000000000000000000e+00,8.149818188709518144e-03,0.000000000000000000e+00,-0.000000000000000000e+00,-4.956877656179078384e-01,-1.417947298865289696e-01,-1.384509285066146955e-01,-1.064588815022291940e-01,-1.278024440047169918e-01,-0.000000000000000000e+00,-0.000000000000000000e+00,-0.000000000000000000e+00,-8.660009733644551122e-02,-0.000000000000000000e+00,-0.000000000000000000e+00,-0.000000000000000000e+00,2.173910310025802595e+00,-1.945368517068936376e-01,-1.873707777076192571e-01,-0.000000000000000000e+00,-4.324840258004500892e-01,0.000000000000000000e+00,0.000000000000000000e+00
-0.000000000000000000e+00,-0.000000000000000000e+00,-3.178235596921576422e-01,0.000000000000000000e+00,-6.574944614947729471e-02,0.000000000000000000e+00,0.000000000000000000e+00,0.000000000000000000e+00,-5.427131722045240858e-01,-0.000000000000000000e+00,4.023603427303622769e-03,-1.535241329356483997e-01,-1.580390161796962067e-01,-0.000000000000000000e+00,-1.553403442976552251e-01,0.000000000000000000e+00,0.000000000000000000e+00,0.000000000000000000e+00,-0.000000000000000000e+00,-0.000000000000000000e+00,-0.000000000000000000e+00,-0.000000000000000000e+00,-0.000000000000000000e+00,-0.000000000000000000e+00,-0.000000000000000000e+00,0.000000000000000000e+00,0.000000000000000000e+00,-0.000000000000000000e+00,-0.000000000000000000e+00,-0.000000000000000000e+00,0.000000000000000000e+00,-0.000000000000000000e+00,-1.945368517068936376e-01,1.573413385592115743e+00,0.000000000000000000e+00,0.000000000000000000e+00,0.000000000000000000e+00,0.000000000000000000e+00,-0.000000000000000000e+00
-2.483965621528749224e-01,-0.000000000000000000e+00,-0.000000000000000000e+00,-0.000000000000000000e+00,-0.000000000000000000e+00,-0.000000000000000000e+00,-0.000000000000000000e+00,0.000000000000000000e+00,0.000000000000000000e+00,0.000000000000000000e+00,-0.000000000000000000e+00,0.000000000000000000e+00,0.000000000000000000e+00,-2.305805061371292708e-01,-0.000000000000000000e+00,-0.000000000000000000e+00,-6.128747764724151031e-02,0.000000000000000000e+00,0.000000000000000000e+00,-0.000000000000000000e+00,-0.000000000000000000e+00,-7.641095771690277483e-02,-0.000000000000000000e+00,-0.000000000000000000e+00,-2.481748729613262455e-02,-5.214528726852206697e-01,-4.574609238731539192e-03,-2.908041905232072732e-01,-1.226311697314217825e-01,-0.000000000000000000e+00,-0.000000000000000000e+00,-0.000000000000000000e+00,-1.873707777076192571e-01,0.000000000000000000e+00,2.848307079059249958e+00,-2.913008164863229443e-01,-8.965848475555023844e-01,0.000000000000000000e+00,0.000000000000000000e+00
-1.276769243412980981e-01,-2.677453257585445945e-01,0.000000000000000000e+00,-4.956663630960095324e-02,0.000000000000000000e+00,-0.000000000000000000e+00,-0.000000000000000000e+00,-0.000000000000000000e+00,0.000000000000000000e+00,0.000000000000000000e+00,-0.000000000000000000e+00,1.237664300965224257e-01,0.000000000000000000e+00,-1.503743885291025650e-01,0.000000000000000000e+00,-0.000000000000000000e+00,-0.000000000000000000e+00,0.000000000000000000e+00,1.443659632513272228e-01,-0.000000000000000000e+00,-0.000000000000000000e+00,-0.000000000000000000e+00,0.000000000000000000e+00,0.000000000000000000e+00,-0.000000000000000000e+00,-1.025014747886199562e-01,-0.000000000000000000e+00,-0.000000000000000000e+00,-1.564718128816121601e-01,-0.000000000000000000e+00,-0.000000000000000000e+00,-0.000000000000000000e+00,-0.000000000000000000e+00,0.000000000000000000e+00,-2.913008164863229443e-01,1.601743921554493966e+00,-5.913461579452670980e-02,0.000000000000000000e+00,5.058825226154930327e-02
-7.696020685388484106e-02,-0.000000000000000000e+00,0.000000000000000000e+00,-2.294497507421179930e-02,-0.000000000000000000e+00,-5.214880620762071123e-02,-0.000000000000000000e+00,0.000000000000000000e+00,0.000000000000000000e+00,0.000000000000000000e+00,-6.781558152052265254e-02,0.000000000000000000e+00,0.000000000000000000e+00,-1.910477284045879187e-01,0.000000000000000000e+00,-0.000000000000000000e+00,-2.867554586470532074e-01,0.000000000000000000e+00,1.503636495710770626e-01,-0.000000000000000000e+00,-0.000000000000000000e+00,-0.000000000000000000e+00,-0.000000000000000000e+00,-3.221416284579790151e-02,-8.450818774173747550e-02,-5.228813417392259577e-01,-6.975495461449363055e-02,-0.000000000000000000e+00,-5.329746293146808700e-01,-0.000000000000000000e+00,-0.000000000000000000e+00,-0.000000000000000000e+00,-4.324840258004500892e-01,0.000000000000000000e+00,-8.965848475555023844e-01,-5.913461579452670980e-02,3.155076290151314300e+00,0.000000000000000000e+00,0.000000000000000000e+00
0.000000000000000000e+00,1.408696465808061300e-02,0.000000000000000000e+00,0.000000000000000000e+00,-9.967184241064144801e-02,-7.467899447781826960e-02,3.732454917713978054e-02,-0.000000000000000000e+00,-0.000000000000000000e+00,-1.839302446930397850e-01,-0.000000000000000000e+00,-0.000000000000000000e+00,-0.000000000000000000e+00,-0.000000000000000000e+00,-0.000000000000000000e+00,-3.389322431436302963e-01,-0.000000000000000000e+00,-2.633545007919049080e-02,-2.779043941163606979e-01,0.000000000000000000e+00,0.000000000000000000e+00,6.549630484406379627e-02,-1.401962568938512066e-01,-0.000000000000000000e+00,-0.000000000000000000e+00,-0.000000000000000000e+00,-0.000000000000000000e+00,-0.000000000000000000e+00,0.000000000000000000e+00,-0.000000000000000000e+00,-0.000000000000000000e+00,-0.000000000000000000e+00,0.000000000000000000e+00,0.000000000000000000e+00,0.000000000000000000e+00,0.000000000000000000e+00,0.000000000000000000e+00,1.582793760220894130e+00,-3.441810290604277456e-01
0.000000000000000000e+00,-0.000000000000000000e+00,0.000000000000000000e+00,0.000000000000000000e+00,-0.000000000000000000e+00,0.000000000000000000e+00,0.000000000000000000e+00,-0.000000000000000000e+00,-2.588410086031973090e-01,-7.698177532514696164e-01,0.000000000000000000e+00,-9.372017823822924310e-02,-0.000000000000000000e+00,0.000000000000000000e+00,-0.000000000000000000e+00,-0.000000000000000000e+00,2.136685604932929416e-01,-0.000000000000000000e+00,-2.238739865914761429e-01,3.455542863170164847e-02,1.161079537781066068e-01,6.588958039074557793e-02,0.000000000000000000e+00,-0.000000000000000000e+00,0.000000000000000000e+00,0.000000000000000000e+00,-0.000000000000000000e+00,0.000000000000000000e+00,0.000000000000000000e+00,-0.000000000000000000e+00,0.000000000000000000e+00,-0.000000000000000000e+00,0.000000000000000000e+00,-0.000000000000000000e+00,0.000000000000000000e+00,5.058825226154930327e-02,0.000000000000000000e+00,-3.441810290604277456e-01,1.977881414112305780e+00
