2.173672795577571204e+00,-3.716668220294601088e-01,-0.000000000000000000e+00,8.023101179269058469e-02,-9.087145664362020203e-02,-0.000000000000000000e+00,0.000000000000000000e+00,0.000000000000000000e+00,-7.731446575703829205e-02,-0.000000000000000000e+00,-0.000000000000000000e+00,-0.000000000000000000e+00,-0.000000000000000000e+00,-2.001753484634717917e-01,-0.000000000000000000e+00,-3.445522796253469577e-01,-0.000000000000000000e+00,-0.000000000000000000e+00,-0.000000000000000000e+00,-0.000000000000000000e+00,-0.000000000000000000e+00,-0.000000000000000000e+00,-0.000000000000000000e+00,-0.000000000000000000e+00,-0.000000000000000000e+00,-2.114205833214327646e-01,-2.439022347479180841e-01,-1.053489167864965492e-01,-0.000000000000000000e+00,-1.451287334394233686e-01,-0.000000000000000000e+00,-3.046178477042373045e-02,-1.616227202002911909e-02,-0.000000000000000000e+00,-0.000000000000000000e+00,-1.744340041395583407e-01,-1.159191140467984715e-01,-0.000000000000000000e+00,-0.000000000000000000e+00
-3.716668220294601088e-01,2.079409545120697533e+00,-0.000000000000000000e+00,0.000000000000000000e+00,-1.624658853222283039e-01,-0.000000000000000000e+00,-0.000000000000000000e+00,0.000000000000000000e+00,-4.212297614705509674e-02,-5.034054498257042876e-02,-0.000000000000000000e+00,-0.000000000000000000e+00,-0.000000000000000000e+00,-1.896901375904068987e-01,-0.000000000000000000e+00,-2.988493838897466337e-01,-0.000000000000000000e+00,0.000000000000000000e+00,-0.000000000000000000e+00,-0.000000000000000000e+00,-0.000000000000000000e+00,-0.000000000000000000e+00,-0.000000000000000000e+00,-0.000000000000000000e+00,-1.269037089478874947e-01,-1.246950971397573077e-01,-0.000000000000000000e+00,-0.000000000000000000e+00,-8.269298800174287867e-02,-2.405037429239145208e-01,-0.000000000000000000e+00,-2.213405905632256643e-01,-6.843900973081257048e-03,-0.000000000000000000e+00,-0.000000000000000000e+00,-0.000000000000000000e+00,-1.558320912574170380e-01,-0.000000000000000000e+00,-0.000000000000000000e+00
-0.000000000000000000e+00,-0.000000000000000000e+00,2.682648094416256956e+00,0.000000000000000000e+00,-1.111290735526520995e-01,-0.000000000000000000e+00,-0.000000000000000000e+00,1.009906178607598237e+00,-0.000000000000000000e+00,-5.187409024828337073e-02,-0.000000000000000000e+00,-0.000000000000000000e+00,-0.000000000000000000e+00,-2.767547393180726581e-02,-0.000000000000000000e+00,-1.182395206653463759e-01,-0.000000000000000000e+00,-0.000000000000000000e+00,-7.299369083109011336e-02,-4.816208046650306829e-02,-1.460409963652950227e-01,-2.737374469615182493e-01,-0.000000000000000000e+00,-0.000000000000000000e+00,-0.000000000000000000e+00,-1.259844485377285828e-02,-0.000000000000000000e+00,-4.460307442369969011e-01,-0.000000000000000000e+00,-0.000000000000000000e+00,-1.424754111757856045e-01,-0.000000000000000000e+00,-3.909589604452264888e-01,-0.000000000000000000e+00,-0.000000000000000000e+00,-0.000000000000000000e+00,-0.000000000000000000e+00,-0.000000000000000000e+00,-1.808556426743600926e-02
8.023101179269058469e-02,0.000000000000000000e+00,0.000000000000000000e+00,1.155384479748206239e+00,1.235089520594744202e-02,0.000000000000000000e+00,-1.336284601655476079e-01,-1.259110968255261476e-01,7.291375648083502081e-02,0.000000000000000000e+00,0.000000000000000000e+00,0.000000000000000000e+00,-0.000000000000000000e+00,1.707838647889199299e-02,0.000000000000000000e+00,0.000000000000000000e+00,-0.000000000000000000e+00,-1.640380764178783479e-01,0.000000000000000000e+00,-0.000000000000000000e+00,0.000000000000000000e+00,-0.000000000000000000e+00,0.000000000000000000e+00,0.000000000000000000e+00,0.000000000000000000e+00,3.012557764122413689e-03,0.000000000000000000e+00,9.455442655444608324e-02,0.000000000000000000e+00,0.000000000000000000e+00,0.000000000000000000e+00,0.000000000000000000e+00,0.000000000000000000e+00,2.565529763432033289e-02,0.000000000000000000e+00,5.272275893846851968e-02,0.000000000000000000e+00,0.000000000000000000e+00,0.000000000000000000e+00
-9.087145664362020203e-02,-1.624658853222283039e-01,-1.111290735526520995e-01,1.235089520594744202e-02,1.764321930064906452e+00,-0.000000000000000000e+00,0.000000000000000000e+00,8.125283377878365909e-02,-3.992664508030174808e-01,-0.000000000000000000e+00,-0.000000000000000000e+00,-0.000000000000000000e+00,0.000000000000000000e+00,-8.694336056347033714e-02,-0.000000000000000000e+00,-4.363495469040017116e-02,0.000000000000000000e+00,0.000000000000000000e+00,-0.000000000000000000e+00,-0.000000000000000000e+00,-0.000000000000000000e+00,-0.000000000000000000e+00,-0.000000000000000000e+00,-0.000000000000000000e+00,-0.000000000000000000e+00,-0.000000000000000000e+00,-0.000000000000000000e+00,-3.438169335839029450e-02,-0.000000000000000000e+00,-1.733290781522216217e-01,-0.000000000000000000e+00,-0.000000000000000000e+00,-7.931162627622651007e-02,-1.393231616451722221e-01,-0.000000000000000000e+00,-0.000000000000000000e+00,-0.000000000000000000e+00,-0.000000000000000000e+00,-2.192265319982691085e-01
-0.000000000000000000e+00,-0.000000000000000000e+00,-0.000000000000000000e+00,0.000000000000000000e+00,-0.000000000000000000e+00,1.930530280412570354e+00,-1.294796756927745207e-01,0.000000000000000000e+00,0.000000000000000000e+00,-0.000000000000000000e+00,-1.269361386934467761e-01,0.000000000000000000e+00,-2.397288226451066984e-01,-0.000000000000000000e+00,5.825659123338323281e-02,-0.000000000000000000e+00,-2.694209417217595104e-01,-0.000000000000000000e+00,-0.000000000000000000e+00,-4.481703484321231806e-02,-0.000000000000000000e+00,-0.000000000000000000e+00,-0.000000000000000000e+00,-0.000000000000000000e+00,-0.000000000000000000e+00,-0.000000000000000000e+00,-0.000000000000000000e+00,-0.000000000000000000e+00,-1.923521158350840476e-01,0.000000000000000000e+00,-2.473231243304962745e-01,-0.000000000000000000e+00,-1.214979446472637531e-01,0.000000000000000000e+00,-3.285838992425945126e-01,-0.000000000000000000e+00,-2.319891472392199283e-01,0.000000000000000000e+00,-0.000000000000000000e+00
0.000000000000000000e+00,-0.000000000000000000e+00,-0.000000000000000000e+00,-1.336284601655476079e-01,0.000000000000000000e+00,-1.294796756927745207e-01,1.498608114707305816e+00,-0.000000000000000000e+00,0.000000000000000000e+00,-0.000000000000000000e+00,-0.000000000000000000e+00,2.600594788135138224e-01,-1.946847753268526326e-01,-0.000000000000000000e+00,0.000000000000000000e+00,0.000000000000000000e+00,-0.000000000000000000e+00,-0.000000000000000000e+00,0.000000000000000000e+00,-1.920495252591101765e-01,-7.938021151013706367e-02,-0.000000000000000000e+00,-0.000000000000000000e+00,-0.000000000000000000e+00,0.000000000000000000e+00,0.000000000000000000e+00,0.000000000000000000e+00,-0.000000000000000000e+00,-6.492856576950206682e-02,0.000000000000000000e+00,-0.000000000000000000e+00,-0.000000000000000000e+00,-0.000000000000000000e+00,2.111503838415547674e-01,-1.483209236879681481e-01,0.000000000000000000e+00,-0.000000000000000000e+00,2.307842332500671667e-01,1.230502275850900613e-02
0.000000000000000000e+00,0.000000000000000000e+00,1.009906178607598237e+00,-1.259110968255261476e-01,8.125283377878365909e-02,0.000000000000000000e+00,-0.000000000000000000e+00,2.338418218799202197e+00,3.491525510226786699e-02,1.187442217949024985e-02,0.000000000000000000e+00,1.392877978014191998e-01,0.000000000000000000e+00,0.000000000000000000e+00,0.000000000000000000e+00,9.756219557602312242e-02,0.000000000000000000e+00,0.000000000000000000e+00,1.796001526290999864e-02,0.000000000000000000e+00,8.914014291258697334e-03,0.000000000000000000e+00,0.000000000000000000e+00,0.000000000000000000e+00,0.000000000000000000e+00,1.400676689370108086e-01,0.000000000000000000e+00,4.290494410787810131e-01,0.000000000000000000e+00,0.000000000000000000e+00,1.965327158481575132e-02,0.000000000000000000e+00,9.263213722410730544e-02,0.000000000000000000e+00,0.000000000000000000e+00,0.000000000000000000e+00,0.000000000000000000e+00,0.000000000000000000e+00,1.137318173427203233e-01
-7.731446575703829205e-02,-4.212297614705509674e-02,-0.000000000000000000e+00,7.291375648083502081e-02,-3.992664508030174808e-01,0.000000000000000000e+00,0.000000000000000000e+00,3.491525510226786699e-02,2.379471141481879215e+00,-0.000000000000000000e+00,-0.000000000000000000e+00,-1.218219407299303558e-01,0.000000000000000000e+00,-0.000000000000000000e+00,-0.000000000000000000e+00,-3.923878697654102632e-02,0.000000000000000000e+00,-0.000000000000000000e+00,-0.000000000000000000e+00,-0.000000000000000000e+00,-0.000000000000000000e+00,-0.000000000000000000e+00,-1.641237090566389500e-01,-0.000000000000000000e+00,-2.275163454699223597e-01,-2.370024806448144949e-01,-0.000000000000000000e+00,-1.256796700913571929e-01,-0.000000000000000000e+00,-3.797614862546890846e-01,-0.000000000000000000e+00,-0.000000000000000000e+00,-0.000000000000000000e+00,-4.585544690714913330e-01,0.000000000000000000e+00,-2.028576150518549281e-01,-0.000000000000000000e+00,-4.763945152432057933e-02,-1.201380273427781059e-01
-0.000000000000000000e+00,-5.034054498257042876e-02,-5.187409024828337073e-02,0.000000000000000000e+00,-0.000000000000000000e+00,-0.000000000000000000e+00,-0.000000000000000000e+00,1.187442217949024985e-02,-0.000000000000000000e+00,2.305407882681427267e+00,-0.000000000000000000e+00,-0.000000000000000000e+00,-0.000000000000000000e+00,-0.000000000000000000e+00,0.000000000000000000e+00,-3.558367918179997647e-01,-0.000000000000000000e+00,-0.000000000000000000e+00,-0.000000000000000000e+00,-0.000000000000000000e+00,-0.000000000000000000e+00,-0.000000000000000000e+00,-1.261999380577711327e-01,-4.069773591832376303e-02,-1.456719626296843761e-01,-1.899850348613797701e-01,-3.681503403270057762e-01,-0.000000000000000000e+00,-0.000000000000000000e+00,-0.000000000000000000e+00,-3.022940160745903326e-01,-1.106726503512929782e-01,-0.000000000000000000e+00,-0.000000000000000000e+00,-0.000000000000000000e+00,-0.000000000000000000e+00,-3.378349116831893539e-01,-0.000000000000000000e+00,-3.284038714514633250e-01
-0.000000000000000000e+00,-0.000000000000000000e+00,-0.000000000000000000e+00,0.000000000000000000e+00,-0.000000000000000000e+00,-1.269361386934467761e-01,-0.000000000000000000e+00,0.000000000000000000e+00,-0.000000000000000000e+00,-0.000000000000000000e+00,1.511742445255731759e+00,0.000000000000000000e+00,-0.000000000000000000e+00,-0.000000000000000000e+00,0.000000000000000000e+00,-0.000000000000000000e+00,-4.456588967126343670e-01,0.000000000000000000e+00,0.000000000000000000e+00,-0.000000000000000000e+00,-0.000000000000000000e+00,-0.000000000000000000e+00,0.000000000000000000e+00,-3.011794756337052292e-02,0.000000000000000000e+00,-0.000000000000000000e+00,-1.987710742812723655e-02,-0.000000000000000000e+00,-0.000000000000000000e+00,0.000000000000000000e+00,-0.000000000000000000e+00,-0.000000000000000000e+00,-2.751632471676274672e-01,0.000000000000000000e+00,-0.000000000000000000e+00,-0.000000000000000000e+00,-2.589206951786720556e-01,-0.000000000000000000e+00,-0.000000000000000000e+00
-0.000000000000000000e+00,-0.000000000000000000e+00,-0.000000000000000000e+00,0.000000000000000000e+00,-0.000000000000000000e+00,0.000000000000000000e+00,2.600594788135138224e-01,1.392877978014191998e-01,-1.218219407299303558e-01,-0.000000000000000000e+00,0.000000000000000000e+00,2.140670532878250487e+00,0.000000000000000000e+00,-0.000000000000000000e+00,-1.454213801258234240e-01,-0.000000000000000000e+00,0.000000000000000000e+00,-0.000000000000000000e+00,-1.650570357593339477e-01,-0.000000000000000000e+00,-0.000000000000000000e+00,-0.000000000000000000e+00,-0.000000000000000000e+00,-0.000000000000000000e+00,-0.000000000000000000e+00,-0.000000000000000000e+00,-0.000000000000000000e+00,-0.000000000000000000e+00,0.000000000000000000e+00,-8.222117931380994171e-02,-0.000000000000000000e+00,-0.000000000000000000e+00,-0.000000000000000000e+00,-3.943146255695563762e-01,0.000000000000000000e+00,-1.201295286917584276e-01,-0.000000000000000000e+00,-4.313889986472859150e-01,-5.690351042904677747e-01
-0.000000000000000000e+00,-0.000000000000000000e+00,-0.000000000000000000e+00,-0.000000000000000000e+00,0.000000000000000000e+00,-2.397288226451066984e-01,-1.946847753268526326e-01,0.000000000000000000e+00,0.000000000000000000e+00,-0.000000000000000000e+00,-0.000000000000000000e+00,0.000000000000000000e+00,1.758061165960220551e+00,-0.000000000000000000e+00,1.172049856368917037e-01,-0.000000000000000000e+00,-1.186836610138691517e-01,-0.000000000000000000e+00,-0.000000000000000000e+00,-5.368251377533324320e-02,-7.703899968086633590e-03,-2.331042429275080041e-01,-0.000000000000000000e+00,-0.000000000000000000e+00,0.000000000000000000e+00,0.000000000000000000e+00,-0.000000000000000000e+00,-0.000000000000000000e+00,-3.030313770786043359e-01,0.000000000000000000e+00,-0.000000000000000000e+00,-0.000000000000000000e+00,-0.000000000000000000e+00,3.023556007438763515e-01,-3.084155553212565848e-01,-0.000000000000000000e+00,-0.000000000000000000e+00,0.000000000000000000e+00,0.000000000000000000e+00
-2.001753484634717917e-01,-1.896901375904068987e-01,-2.767547393180726581e-02,1.707838647889199299e-02,-8.694336056347033714e-02,-0.000000000000000000e+00,-0.000000000000000000e+00,0.000000000000000000e+00,-0.000000000000000000e+00,-0.000000000000000000e+00,-0.000000000000000000e+00,-0.000000000000000000e+00,-0.000000000000000000e+00,2.145783462647370410e+00,-0.000000000000000000e+00,-2.256259497179605167e-01,-5.888311118147123401e-03,0.000000000000000000e+00,-0.000000000000000000e+00,-0.000000000000000000e+00,-0.000000000000000000e+00,-0.000000000000000000e+00,-1.757533667199569216e-01,-2.218202161298645503e-01,-0.000000000000000000e+00,-1.338276787722759154e-01,-4.010447145303849825e-02,-2.898828193645644480e-01,-2.029407731219205757e-02,-0.000000000000000000e+00,-5.095882736358664511e-03,-2.100451014320558335e-02,-1.616430780478773643e-01,-0.000000000000000000e+00,-1.910116132227852870e-02,-3.193729044038249310e-01,-1.116472647823434916e-01,-0.000000000000000000e+00,-0.000000000000000000e+00
-0.000000000000000000e+00,-0.000000000000000000e+00,-0.000000000000000000e+00,0.000000000000000000e+00,-0.000000000000000000e+00,5.825659123338323281e-02,0.000000000000000000e+00,0.000000000000000000e+00,-0.000000000000000000e+00,0.000000000000000000e+00,0.000000000000000000e+00,-1.454213801258234240e-01,1.172049856368917037e-01,-0.000000000000000000e+00,1.815265476920072674e+00,-0.000000000000000000e+00,0.000000000000000000e+00,-2.062915824018423522e-02,-0.000000000000000000e+00,-0.000000000000000000e+00,0.000000000000000000e+00,-0.000000000000000000e+00,-0.000000000000000000e+00,-0.000000000000000000e+00,-0.000000000000000000e+00,-0.000000000000000000e+00,0.000000000000000000e+00,-0.000000000000000000e+00,0.000000000000000000e+00,-2.313045621661862228e-01,0.000000000000000000e+00,0.000000000000000000e+00,0.000000000000000000e+00,-7.634901604760226945e-01,0.000000000000000000e+00,-0.000000000000000000e+00,0.000000000000000000e+00,-3.388835148534573571e-01,-0.000000000000000000e+00
-3.445522796253469577e-01,-2.988493838897466337e-01,-1.182395206653463759e-01,0.000000000000000000e+00,-4.363495469040017116e-02,-0.000000000000000000e+00,0.000000000000000000e+00,9.756219557602312242e-02,-3.923878697654102632e-02,-3.558367918179997647e-01,-0.000000000000000000e+00,-0.000000000000000000e+00,-0.000000000000000000e+00,-2.256259497179605167e-01,-0.000000000000000000e+00,2.329626493089749673e+00,-0.000000000000000000e+00,-0.000000000000000000e+00,-1.717193641419458364e-02,-0.000000000000000000e+00,-0.000000000000000000e+00,-0.000000000000000000e+00,-2.069033637782761448e-01,-0.000000000000000000e+00,-1.790076533361883299e-02,-5.036568903775692774e-02,-3.591065989544652004e-02,-0.000000000000000000e+00,-0.000000000000000000e+00,-3.067484738385436449e-01,-0.000000000000000000e+00,-0.000000000000000000e+00,-0.000000000000000000e+00,-0.000000000000000000e+00,-0.000000000000000000e+00,-2.658009956969852317e-01,-0.000000000000000000e+00,-0.000000000000000000e+00,-3.080639597916640798e-02
-0.000000000000000000e+00,-0.000000000000000000e+00,-0.000000000000000000e+00,-0.000000000000000000e+00,0.000000000000000000e+00,-2.694209417217595104e-01,-0.000000000000000000e+00,0.000000000000000000e+00,0.000000000000000000e+00,-0.000000000000000000e+00,-4.456588967126343670e-01,0.000000000000000000e+00,-1.186836610138691517e-01,-5.888311118147123401e-03,0.000000000000000000e+00,-0.000000000000000000e+00,1.819347722345641349e+00,-0.000000000000000000e+00,-0.000000000000000000e+00,-0.000000000000000000e+00,-0.000000000000000000e+00,-0.000000000000000000e+00,-0.000000000000000000e+00,-1.744189489754695011e-01,0.000000000000000000e+00,-0.000000000000000000e+00,-0.000000000000000000e+00,-0.000000000000000000e+00,-2.105856979720920064e-01,0.000000000000000000e+00,-0.000000000000000000e+00,-0.000000000000000000e+00,-0.000000000000000000e+00,0.000000000000000000e+00,-4.497834978374368187e-01,-0.000000000000000000e+00,-0.000000000000000000e+00,0.000000000000000000e+00,0.000000000000000000e+00
-0.000000000000000000e+00,0.000000000000000000e+00,-0.000000000000000000e+00,-1.640380764178783479e-01,0.000000000000000000e+00,-0.000000000000000000e+00,-0.000000000000000000e+00,0.000000000000000000e+00,-0.000000000000000000e+00,-0.000000000000000000e+00,0.000000000000000000e+00,-0.000000000000000000e+00,-0.000000000000000000e+00,0.000000000000000000e+00,-2.062915824018423522e-02,-0.000000000000000000e+00,-0.000000000000000000e+00,1.045980388685700424e+00,-1.316299124029160772e-01,-0.000000000000000000e+00,-0.000000000000000000e+00,-3.095999214184263354e-02,-0.000000000000000000e+00,-0.000000000000000000e+00,0.000000000000000000e+00,-0.000000000000000000e+00,-0.000000000000000000e+00,0.000000000000000000e+00,-0.000000000000000000e+00,-0.000000000000000000e+00,-0.000000000000000000e+00,0.000000000000000000e+00,0.000000000000000000e+00,-0.000000000000000000e+00,-0.000000000000000000e+00,-0.000000000000000000e+00,0.000000000000000000e+00,-6.617730787690830063e-02,0.000000000000000000e+00
-0.000000000000000000e+00,-0.000000000000000000e+00,-7.299369083109011336e-02,0.000000000000000000e+00,-0.000000000000000000e+00,-0.000000000000000000e+00,0.000000000000000000e+00,1.796001526290999864e-02,-0.000000000000000000e+00,-0.000000000000000000e+00,0.000000000000000000e+00,-1.650570357593339477e-01,-0.000000000000000000e+00,-0.000000000000000000e+00,-0.000000000000000000e+00,-1.717193641419458364e-02,-0.000000000000000000e+00,-1.316299124029160772e-01,1.176459744596530799e+00,-0.000000000000000000e+00,-0.000000000000000000e+00,-0.000000000000000000e+00,-7.783446879803808394e-02,-0.000000000000000000e+00,-0.000000000000000000e+00,-0.000000000000000000e+00,-0.000000000000000000e+00,-0.000000000000000000e+00,-0.000000000000000000e+00,-0.000000000000000000e+00,-0.000000000000000000e+00,-0.000000000000000000e+00,-0.000000000000000000e+00,-0.000000000000000000e+00,-0.000000000000000000e+00,-0.000000000000000000e+00,-0.000000000000000000e+00,-0.000000000000000000e+00,-2.184669080858079038e-01
-0.000000000000000000e+00,-0.000000000000000000e+00,-4.816208046650306829e-02,-0.000000000000000000e+00,-0.000000000000000000e+00,-4.481703484321231806e-02,-1.920495252591101765e-01,0.000000000000000000e+00,-0.000000000000000000e+00,-0.000000000000000000e+00,-0.000000000000000000e+00,-0.000000000000000000e+00,-5.368251377533324320e-02,-0.000000000000000000e+00,-0.000000000000000000e+00,-0.000000000000000000e+00,-0.000000000000000000e+00,-0.000000000000000000e+00,-0.000000000000000000e+00,1.458116711510740737e+00,-7.544452589021080624e-02,-5.354638718125424024e-01,-0.000000000000000000e+00,-0.000000000000000000e+00,-0.000000000000000000e+00,-0.000000000000000000e+00,-0.000000000000000000e+00,-0.000000000000000000e+00,-4.452625238529398649e-02,-0.000000000000000000e+00,-0.000000000000000000e+00,-0.000000000000000000e+00,-1.332712539810731178e-01,-0.000000000000000000e+00,-0.000000000000000000e+00,-0.000000000000000000e+00,-0.000000000000000000e+00,0.000000000000000000e+00,-0.000000000000000000e+00
-0.000000000000000000e+00,-0.000000000000000000e+00,-1.460409963652950227e-01,0.000000000000000000e+00,-0.000000000000000000e+00,-0.000000000000000000e+00,-7.938021151013706367e-02,8.914014291258697334e-03,-0.000000000000000000e+00,-0.000000000000000000e+00,-0.000000000000000000e+00,-0.000000000000000000e+00,-7.703899968086633590e-03,-0.000000000000000000e+00,0.000000000000000000e+00,-0.000000000000000000e+00,-0.000000000000000000e+00,-0.000000000000000000e+00,-0.000000000000000000e+00,-7.544452589021080624e-02,1.544271977781674687e+00,-4.195014454719438457e-01,-0.000000000000000000e+00,-0.000000000000000000e+00,0.000000000000000000e+00,-0.000000000000000000e+00,-0.000000000000000000e+00,-1.445975497832155121e-01,-0.000000000000000000e+00,-0.000000000000000000e+00,-0.000000000000000000e+00,0.000000000000000000e+00,-2.838264295682326743e-01,0.000000000000000000e+00,-1.020132971545640171e-01,-0.000000000000000000e+00,-0.000000000000000000e+00,0.000000000000000000e+00,-0.000000000000000000e+00
-0.000000000000000000e+00,-0.000000000000000000e+00,-2.737374469615182493e-01,-0.000000000000000000e+00,-0.000000000000000000e+00,-0.000000000000000000e+00,-0.000000000000000000e+00,0.000000000000000000e+00,-0.000000000000000000e+00,-0.000000000000000000e+00,-0.000000000000000000e+00,-0.000000000000000000e+00,-2.331042429275080041e-01,-0.000000000000000000e+00,-0.000000000000000000e+00,-0.000000000000000000e+00,-0.000000000000000000e+00,-3.095999214184263354e-02,-0.000000000000000000e+00,-5.354638718125424024e-01,-4.195014454719438457e-01,1.939650844601991331e+00,-0.000000000000000000e+00,-0.000000000000000000e+00,-0.000000000000000000e+00,-0.000000000000000000e+00,-1.121612502284943247e-01,-0.000000000000000000e+00,-1.306837416752951175e-01,-0.000000000000000000e+00,-2.005346401829660730e-01,-0.000000000000000000e+00,-7.350716681754103365e-02,-0.000000000000000000e+00,-0.000000000000000000e+00,-0.000000000000000000e+00,-0.000000000000000000e+00,-0.000000000000000000e+00,-0.000000000000000000e+00
-0.000000000000000000e+00,-0.000000000000000000e+00,-0.000000000000000000e+00,0.000000000000000000e+00,-0.000000000000000000e+00,-0.000000000000000000e+00,-0.000000000000000000e+00,0.000000000000000000e+00,-1.641237090566389500e-01,-1.261999380577711327e-01,0.000000000000000000e+00,-0.000000000000000000e+00,-0.000000000000000000e+00,-1.757533667199569216e-01,-0.000000000000000000e+00,-2.069033637782761448e-01,-0.000000000000000000e+00,-0.000000000000000000e+00,-7.783446879803808394e-02,-0.000000000000000000e+00,-0.000000000000000000e+00,-0.000000000000000000e+00,1.544834879981994646e+00,-1.050432239477992330e-01,-2.832633151883812150e-01,-0.000000000000000000e+00,-0.000000000000000000e+00,-0.000000000000000000e+00,-0.000000000000000000e+00,-1.179589312457661188e-01,-0.000000000000000000e+00,-0.000000000000000000e+00,-0.000000000000000000e+00,-0.000000000000000000e+00,-0.000000000000000000e+00,-4.160444659459473088e-02,-0.000000000000000000e+00,-0.000000000000000000e+00,-1.426238255019506192e-02
-0.000000000000000000e+00,-0.000000000000000000e+00,-0.000000000000000000e+00,0.000000000000000000e+00,-0.000000000000000000e+00,-0.000000000000000000e+00,-0.000000000000000000e+00,0.000000000000000000e+00,-0.000000000000000000e+00,-4.069773591832376303e-02,-3.011794756337052292e-02,-0.000000000000000000e+00,-0.000000000000000000e+00,-2.218202161298645503e-01,-0.000000000000000000e+00,-0.000000000000000000e+00,-1.744189489754695011e-01,-0.000000000000000000e+00,-0.000000000000000000e+00,-0.000000000000000000e+00,-0.000000000000000000e+00,-0.000000000000000000e+00,-1.050432239477992330e-01,1.450371477365266948e+00,-0.000000000000000000e+00,-5.280764162140391682e-02,-4.976224009959560532e-03,-2.254174892197866042e-02,-0.000000000000000000e+00,-0.000000000000000000e+00,-1.466328839570615328e-01,-2.399085520940091865e-01,-0.000000000000000000e+00,-0.000000000000000000e+00,-0.000000000000000000e+00,-0.000000000000000000e+00,-9.712405373779889328e-02,-0.000000000000000000e+00,-0.000000000000000000e+00
-0.000000000000000000e+00,-1.269037089478874947e-01,-0.000000000000000000e+00,0.000000000000000000e+00,-0.000000000000000000e+00,-0.000000000000000000e+00,0.000000000000000000e+00,0.000000000000000000e+00,-2.275163454699223597e-01,-1.456719626296843761e-01,0.000000000000000000e+00,-0.000000000000000000e+00,0.000000000000000000e+00,-0.000000000000000000e+00,-0.000000000000000000e+00,-1.790076533361883299e-02,0.000000000000000000e+00,0.000000000000000000e+00,-0.000000000000000000e+00,-0.000000000000000000e+00,0.000000000000000000e+00,-0.000000000000000000e+00,-2.832633151883812150e-01,-0.000000000000000000e+00,1.518947784921933719e+00,-1.639178092600857006e-02,-0.000000000000000000e+00,-0.000000000000000000e+00,-0.000000000000000000e+00,-1.034357574573189359e-01,-0.000000000000000000e+00,-1.077066382708330161e-01,-0.000000000000000000e+00,-3.619349970285691553e-02,0.000000000000000000e+00,-1.391239479032165827e-01,-0.000000000000000000e+00,-0.000000000000000000e+00,-4.451722921484169149e-02
-2.114205833214327646e-01,-1.246950971397573077e-01,-1.259844485377285828e-02,3.012557764122413689e-03,-0.000000000000000000e+00,-0.000000000000000000e+00,0.000000000000000000e+00,1.400676689370108086e-01,-2.370024806448144949e-01,-1.899850348613797701e-01,-0.000000000000000000e+00,-0.000000000000000000e+00,0.000000000000000000e+00,-1.338276787722759154e-01,-0.000000000000000000e+00,-5.036568903775692774e-02,-0.000000000000000000e+00,-0.000000000000000000e+00,-0.000000000000000000e+00,-0.000000000000000000e+00,-0.000000000000000000e+00,-0.000000000000000000e+00,-0.000000000000000000e+00,-5.280764162140391682e-02,-1.639178092600857006e-02,2.158060230996771356e+00,-3.270299929912654502e-01,-3.280581827689121877e-01,-0.000000000000000000e+00,-1.457025962999276489e-02,-1.331221648600393048e-01,-1.360595366729442923e-01,-0.000000000000000000e+00,-0.000000000000000000e+00,-0.000000000000000000e+00,-1.030383369926511465e-02,-0.000000000000000000e+00,-9.575103827560145497e-02,-0.000000000000000000e+00
-2.439022347479180841e-01,-0.000000000000000000e+00,-0.000000000000000000e+00,0.000000000000000000e+00,-0.000000000000000000e+00,-0.000000000000000000e+00,0.000000000000000000e+00,0.000000000000000000e+00,-0.000000000000000000e+00,-3.681503403270057762e-01,-1.987710742812723655e-02,-0.000000000000000000e+00,-0.000000000000000000e+00,-4.010447145303849825e-02,0.000000000000000000e+00,-3.591065989544652004e-02,-0.000000000000000000e+00,-0.000000000000000000e+00,-0.000000000000000000e+00,-0.000000000000000000e+00,-0.000000000000000000e+00,-1.121612502284943247e-01,-0.000000000000000000e+00,-4.976224009959560532e-03,-0.000000000000000000e+00,-3.270299929912654502e-01,2.210718944706083544e+00,-0.000000000000000000e+00,-0.000000000000000000e+00,-0.000000000000000000e+00,-5.706556823549283619e-01,-1.975240525651276169e-01,-0.000000000000000000e+00,-0.000000000000000000e+00,-0.000000000000000000e+00,-8.197045227945962131e-02,-1.417090775439708572e-01,-0.000000000000000000e+00,-8.137003750311710623e-03
-1.053489167864965492e-01,-0.000000000000000000e+00,-4.460307442369969011e-01,9.455442655444608324e-02,-3.438169335839029450e-02,-0.000000000000000000e+00,-0.000000000000000000e+00,4.290494410787810131e-01,-1.256796700913571929e-01,-0.000000000000000000e+00,-0.000000000000000000e+00,-0.000000000000000000e+00,-0.000000000000000000e+00,-2.898828193645644480e-01,-0.000000000000000000e+00,-0.000000000000000000e+00,-0.000000000000000000e+00,0.000000000000000000e+00,-0.000000000000000000e+00,-0.000000000000000000e+00,-1.445975497832155121e-01,-0.000000000000000000e+00,-0.000000000000000000e+00,-2.254174892197866042e-02,-0.000000000000000000e+00,-3.280581827689121877e-01,-0.000000000000000000e+00,2.290849287090659381e+00,-0.000000000000000000e+00,-0.000000000000000000e+00,-5.543113175712102714e-02,-0.000000000000000000e+00,-2.803799024771276849e-01,-0.000000000000000000e+00,-0.000000000000000000e+00,-0.000000000000000000e+00,-0.000000000000000000e+00,-0.000000000000000000e+00,-0.000000000000000000e+00
-0.000000000000000000e+00,-8.269298800174287867e-02,-0.000000000000000000e+00,0.000000000000000000e+00,-0.000000000000000000e+00,-1.923521158350840476e-01,-6.492856576950206682e-02,0.000000000000000000e+00,-0.000000000000000000e+00,-0.000000000000000000e+00,-0.000000000000000000e+00,0.000000000000000000e+00,-3.030313770786043359e-01,-2.029407731219205757e-02,0.000000000000000000e+00,-0.000000000000000000e+00,-2.105856979720920064e-01,-0.000000000000000000e+00,-0.000000000000000000e+00,-4.452625238529398649e-02,-0.000000000000000000e+00,-1.306837416752951175e-01,-0.000000000000000000e+00,-0.000000000000000000e+00,-0.000000000000000000e+00,-0.000000000000000000e+00,-0.000000000000000000e+00,-0.000000000000000000e+00,2.261321711229705489e+00,-0.000000000000000000e+00,-2.025926092331766792e-01,-0.000000000000000000e+00,-1.574037468892207081e-01,0.000000000000000000e+00,-7.002566595414146944e-01,-0.000000000000000000e+00,-2.714194919620221969e-01,0.000000000000000000e+00,0.000000000000000000e+00
-1.451287334394233686e-01,-2.405037429239145208e-01,-0.000000000000000000e+00,0.000000000000000000e+00,-1.733290781522216217e-01,0.000000000000000000e+00,0.000000000000000000e+00,0.000000000000000000e+00,-3.797614862546890846e-01,-0.000000000000000000e+00,0.000000000000000000e+00,-8.222117931380994171e-02,0.000000000000000000e+00,-0.000000000000000000e+00,-2.313045621661862228e-01,-3.067484738385436449e-01,0.000000000000000000e+00,-0.000000000000000000e+00,-0.000000000000000000e+00,-0.000000000000000000e+00,-0.000000000000000000e+00,-0.000000000000000000e+00,-1.179589312457661188e-01,-0.000000000000000000e+00,-1.034357574573189359e-01,-1.457025962999276489e-02,-0.000000000000000000e+00,-0.000000000000000000e+00,-0.000000000000000000e+00,1.887424960407594998e+00,-0.000000000000000000e+00,-0.000000000000000000e+00,-0.000000000000000000e+00,-0.000000000000000000e+00,0.000000000000000000e+00,-0.000000000000000000e+00,-0.000000000000000000e+00,-3.932681956203821355e-02,-0.000000000000000000e+00
-0.000000000000000000e+00,-0.000000000000000000e+00,-1.424754111757856045e-01,0.000000000000000000e+00,-0.000000000000000000e+00,-2.473231243304962745e-01,-0.000000000000000000e+00,1.965327158481575132e-02,-0.000000000000000000e+00,-3.022940160745903326e-01,-0.000000000000000000e+00,-0.000000000000000000e+00,-0.000000000000000000e+00,-5.095882736358664511e-03,0.000000000000000000e+00,-0.000000000000000000e+00,-0.000000000000000000e+00,-0.000000000000000000e+00,-0.000000000000000000e+00,-0.000000000000000000e+00,-0.000000000000000000e+00,-2.005346401829660730e-01,-0.000000000000000000e+00,-1.466328839570615328e-01,-0.000000000000000000e+00,-1.331221648600393048e-01,-5.706556823549283619e-01,-5.543113175712102714e-02,-2.025926092331766792e-01,-0.000000000000000000e+00,2.489384709392151063e+00,-8.644584712189541664e-02,-5.660930264050898636e-02,0.000000000000000000e+00,-8.785482050496892792e-02,-0.000000000000000000e+00,-4.245613150500541222e-01,-0.000000000000000000e+00,-0.000000000000000000e+00
-3.046178477042373045e-02,-2.213405905632256643e-01,-0.000000000000000000e+00,0.000000000000000000e+00,-0.000000000000000000e+00,-0.000000000000000000e+00,-0.000000000000000000e+00,0.000000000000000000e+00,-0.000000000000000000e+00,-1.106726503512929782e-01,-0.000000000000000000e+00,-0.000000000000000000e+00,-0.000000000000000000e+00,-2.100451014320558335e-02,0.000000000000000000e+00,-0.000000000000000000e+00,-0.000000000000000000e+00,0.000000000000000000e+00,-0.000000000000000000e+00,-0.000000000000000000e+00,0.000000000000000000e+00,-0.000000000000000000e+00,-0.000000000000000000e+00,-2.399085520940091865e-01,-1.077066382708330161e-01,-1.360595366729442923e-01,-1.975240525651276169e-01,-0.000000000000000000e+00,-0.000000000000000000e+00,-0.000000000000000000e+00,-8.644584712189541664e-02,1.888661497256542088e+00,-0.000000000000000000e+00,-0.000000000000000000e+00,-0.000000000000000000e+00,-0.000000000000000000e+00,-5.631287074232210754e-01,-0.000000000000000000e+00,-0.000000000000000000e+00
-1.616227202002911909e-02,-6.843900973081257048e-03,-3.909589604452264888e-01,0.000000000000000000e+00,-7.931162627622651007e-02,-1.214979446472637531e-01,-0.000000000000000000e+00,9.263213722410730544e-02,-0.000000000000000000e+00,-0.000000000000000000e+00,-2.751632471676274672e-01,-0.000000000000000000e+00,-0.000000000000000000e+00,-1.616430780478773643e-01,0.000000000000000000e+00,-0.000000000000000000e+00,-0.000000000000000000e+00,0.000000000000000000e+00,-0.000000000000000000e+00,-1.332712539810731178e-01,-2.838264295682326743e-01,-7.350716681754103365e-02,-0.000000000000000000e+00,-0.000000000000000000e+00,-0.000000000000000000e+00,-0.000000000000000000e+00,-0.000000000000000000e+00,-2.803799024771276849e-01,-1.574037468892207081e-01,-0.000000000000000000e+00,-5.660930264050898636e-02,-0.000000000000000000e+00,2.064328809606933213e+00,-0.000000000000000000e+00,-0.000000000000000000e+00,-2.010853960223234899e-02,-5.620310752025158008e-02,-0.000000000000000000e+00,-0.000000000000000000e+00
-0.000000000000000000e+00,-0.000000000000000000e+00,-0.000000000000000000e+00,2.565529763432033289e-02,-1.393231616451722221e-01,0.000000000000000000e+00,2.111503838415547674e-01,0.000000000000000000e+00,-4.585544690714913330e-01,-0.000000000000000000e+00,0.000000000000000000e+00,-3.943146255695563762e-01,3.023556007438763515e-01,-0.000000000000000000e+00,-7.634901604760226945e-01,-0.000000000000000000e+00,0.000000000000000000e+00,-0.000000000000000000e+00,-0.000000000000000000e+00,-0.000000000000000000e+00,0.000000000000000000e+00,-0.000000000000000000e+00,-0.000000000000000000e+00,-0.000000000000000000e+00,-3.619349970285691553e-02,-0.000000000000000000e+00,-0.000000000000000000e+00,-0.000000000000000000e+00,0.000000000000000000e+00,-0.000000000000000000e+00,0.000000000000000000e+00,-0.000000000000000000e+00,-0.000000000000000000e+00,2.203067882662186783e+00,0.000000000000000000e+00,-0.000000000000000000e+00,0.000000000000000000e+00,-1.179499031512464269e-01,-0.000000000000000000e+00
-0.000000000000000000e+00,-0.000000000000000000e+00,-0.000000000000000000e+00,0.000000000000000000e+00,-0.000000000000000000e+00,-3.285838992425945126e-01,-1.483209236879681481e-01,0.000000000000000000e+00,0.000000000000000000e+00,-0.000000000000000000e+00,-0.000000000000000000e+00,0.000000000000000000e+00,-3.084155553212565848e-01,-1.910116132227852870e-02,0.000000000000000000e+00,-0.000000000000000000e+00,-4.497834978374368187e-01,-0.000000000000000000e+00,-0.000000000000000000e+00,-0.000000000000000000e+00,-1.020132971545640171e-01,-0.000000000000000000e+00,-0.000000000000000000e+00,-0.000000000000000000e+00,0.000000000000000000e+00,-0.000000000000000000e+00,-0.000000000000000000e+00,-0.000000000000000000e+00,-7.002566595414146944e-01,0.000000000000000000e+00,-8.785482050496892792e-02,-0.000000000000000000e+00,-0.000000000000000000e+00,0.000000000000000000e+00,2.177650380505246730e+00,-0.000000000000000000e+00,-2.380392547774249148e-02,0.000000000000000000e+00,0.000000000000000000e+00
-1.744340041395583407e-01,-0.000000000000000000e+00,-0.000000000000000000e+00,5.272275893846851968e-02,-0.000000000000000000e+00,-0.000000000000000000e+00,0.000000000000000000e+00,0.000000000000000000e+00,-2.028576150518549281e-01,-0.000000000000000000e+00,-0.000000000000000000e+00,-1.201295286917584276e-01,-0.000000000000000000e+00,-3.193729044038249310e-01,-0.000000000000000000e+00,-2.658009956969852317e-01,-0.000000000000000000e+00,-0.000000000000000000e+00,-0.000000000000000000e+00,-0.000000000000000000e+00,-0.000000000000000000e+00,-0.000000000000000000e+00,-4.160444659459473088e-02,-0.000000000000000000e+00,-1.391239479032165827e-01,-1.030383369926511465e-02,-8.197045227945962131e-02,-0.000000000000000000e+00,-0.000000000000000000e+00,-0.000000000000000000e+00,-0.000000000000000000e+00,-0.000000000000000000e+00,-2.010853960223234899e-02,-0.000000000000000000e+00,-0.000000000000000000e+00,1.647177772968555276e+00,-0.000000000000000000e+00,-0.000000000000000000e+00,-0.000000000000000000e+00
-1.159191140467984715e-01,-1.558320912574170380e-01,-0.000000000000000000e+00,0.000000000000000000e+00,-0.000000000000000000e+00,-2.319891472392199283e-01,-0.000000000000000000e+00,0.000000000000000000e+00,-0.000000000000000000e+00,-3.378349116831893539e-01,-2.589206951786720556e-01,-0.000000000000000000e+00,-0.000000000000000000e+00,-1.116472647823434916e-01,0.000000000000000000e+00,-0.000000000000000000e+00,-0.000000000000000000e+00,0.000000000000000000e+00,-0.000000000000000000e+00,-0.000000000000000000e+00,-0.000000000000000000e+00,-0.000000000000000000e+00,-0.000000000000000000e+00,-9.712405373779889328e-02,-0.000000000000000000e+00,-0.000000000000000000e+00,-1.417090775439708572e-01,-0.000000000000000000e+00,-2.714194919620221969e-01,-0.000000000000000000e+00,-4.245613150500541222e-01,-5.631287074232210754e-01,-5.620310752025158008e-02,0.000000000000000000e+00,-2.380392547774249148e-02,-0.000000000000000000e+00,2.536944277590431618e+00,-0.000000000000000000e+00,-0.000000000000000000e+00
-0.000000000000000000e+00,-0.000000000000000000e+00,-0.000000000000000000e+00,0.000000000000000000e+00,-0.000000000000000000e+00,0.000000000000000000e+00,2.307842332500671667e-01,0.000000000000000000e+00,-4.763945152432057933e-02,-0.000000000000000000e+00,-0.000000000000000000e+00,-4.313889986472859150e-01,0.000000000000000000e+00,-0.000000000000000000e+00,-3.388835148534573571e-01,-0.000000000000000000e+00,0.000000000000000000e+00,-6.617730787690830063e-02,-0.000000000000000000e+00,0.000000000000000000e+00,0.000000000000000000e+00,-0.000000000000000000e+00,-0.000000000000000000e+00,-0.000000000000000000e+00,-0.000000000000000000e+00,-9.575103827560145497e-02,-0.000000000000000000e+00,-0.000000000000000000e+00,0.000000000000000000e+00,-3.932681956203821355e-02,-0.000000000000000000e+00,-0.000000000000000000e+00,-0.000000000000000000e+00,-1.179499031512464269e-01,0.000000000000000000e+00,-0.000000000000000000e+00,-0.000000000000000000e+00,1.572839725004180789e+00,-0.000000000000000000e+00
-0.000000000000000000e+00,-0.000000000000000000e+00,-1.808556426743600926e-02,0.000000000000000000e+00,-2.192265319982691085e-01,-0.000000000000000000e+00,1.230502275850900613e-02,1.137318173427203233e-01,-1.201380273427781059e-01,-3.284038714514633250e-01,-0.000000000000000000e+00,-5.690351042904677747e-01,0.000000000000000000e+00,-0.000000000000000000e+00,-0.000000000000000000e+00,-3.080639597916640798e-02,0.000000000000000000e+00,0.000000000000000000e+00,-2.184669080858079038e-01,-0.000000000000000000e+00,-0.000000000000000000e+00,-0.000000000000000000e+00,-1.426238255019506192e-02,-0.000000000000000000e+00,-4.451722921484169149e-02,-0.000000000000000000e+00,-8.137003750311710623e-03,-0.000000000000000000e+00,0.000000000000000000e+00,-0.000000000000000000e+00,-0.000000000000000000e+00,-0.000000000000000000e+00,-0.000000000000000000e+00,-0.000000000000000000e+00,0.000000000000000000e+00,-0.000000000000000000e+00,-0.000000000000000000e+00,-0.000000000000000000e+00,1.776599361106571129e+00
