1.587368801537650365e+00,0.000000000000000000e+00,-0.000000000000000000e+00,0.000000000000000000e+00,-0.000000000000000000e+00,0.000000000000000000e+00,-0.000000000000000000e+00,0.000000000000000000e+00,-1.354032296087373799e-01,-0.000000000000000000e+00,0.000000000000000000e+00,-0.000000000000000000e+00,0.000000000000000000e+00,-0.000000000000000000e+00,-1.692932405266515949e-01,-0.000000000000000000e+00,-0.000000000000000000e+00,0.000000000000000000e+00,-0.000000000000000000e+00,0.000000000000000000e+00,-2.280370340098630821e-02,-0.000000000000000000e+00,-0.000000000000000000e+00,-0.000000000000000000e+00,-3.548529616960437172e-02,-3.486763747044297479e-01,3.755365478435673116e-02,-8.546861403202993257e-02,-0.000000000000000000e+00,0.000000000000000000e+00,-0.000000000000000000e+00,0.000000000000000000e+00,-0.000000000000000000e+00,-1.313648132913663724e-01,-0.000000000000000000e+00,0.000000000000000000e+00,0.000000000000000000e+00,-5.947824256265882292e-01,-0.000000000000000000e+00
0.000000000000000000e+00,2.130504992088445348e+00,-0.000000000000000000e+00,-0.000000000000000000e+00,-0.000000000000000000e+00,0.000000000000000000e+00,0.000000000000000000e+00,0.000000000000000000e+00,-0.000000000000000000e+00,-2.933307018655714749e-01,-9.417715769160102390e-02,-2.174416914034630610e-01,-0.000000000000000000e+00,-0.000000000000000000e+00,-0.000000000000000000e+00,-0.000000000000000000e+00,-0.000000000000000000e+00,-0.000000000000000000e+00,-0.000000000000000000e+00,-0.000000000000000000e+00,6.703355987283647621e-02,0.000000000000000000e+00,-2.988283738787665400e-01,-0.000000000000000000e+00,-0.000000000000000000e+00,0.000000000000000000e+00,-8.163536698301485650e-01,0.000000000000000000e+00,-0.000000000000000000e+00,-0.000000000000000000e+00,-4.435535444294840812e-01,-0.000000000000000000e+00,-0.000000000000000000e+00,-0.000000000000000000e+00,-0.000000000000000000e+00,-0.000000000000000000e+00,-0.000000000000000000e+00,-0.000000000000000000e+00,-1.549582038688887033e-02
-0.000000000000000000e+00,-0.000000000000000000e+00,2.629712149445888603e+00,0.000000000000000000e+00,-2.326425996005426766e-01,-0.000000000000000000e+00,0.000000000000000000e+00,1.534211740283956127e+00,-0.000000000000000000e+00,-0.000000000000000000e+00,-0.000000000000000000e+00,-0.000000000000000000e+00,0.000000000000000000e+00,-1.369065538604772869e-01,-0.000000000000000000e+00,-0.000000000000000000e+00,-0.000000000000000000e+00,-0.000000000000000000e+00,-0.000000000000000000e+00,0.000000000000000000e+00,-1.839610559364405762e-01,-0.000000000000000000e+00,-8.937700577819009118e-02,-0.000000000000000000e+00,-1.332718709407905988e-01,-0.000000000000000000e+00,-0.000000000000000000e+00,-0.000000000000000000e+00,0.000000000000000000e+00,-0.000000000000000000e+00,-1.842334875511392883e-02,0.000000000000000000e+00,-3.170659363966839006e-01,-0.000000000000000000e+00,-0.000000000000000000e+00,0.000000000000000000e+00,0.000000000000000000e+00,-0.000000000000000000e+00,-0.000000000000000000e+00
0.000000000000000000e+00,-0.000000000000000000e+00,0.000000000000000000e+00,1.116940288346873977e+00,0.000000000000000000e+00,1.489764200630147063e-02,0.000000000000000000e+00,-0.000000000000000000e+00,-0.000000000000000000e+00,-0.000000000000000000e+00,0.000000000000000000e+00,-0.000000000000000000e+00,-0.000000000000000000e+00,0.000000000000000000e+00,8.897115133595985548e-02,0.000000000000000000e+00,4.844549178722843547e-02,-4.307961033789211441e-02,0.000000000000000000e+00,-0.000000000000000000e+00,0.000000000000000000e+00,0.000000000000000000e+00,-0.000000000000000000e+00,0.000000000000000000e+00,-0.000000000000000000e+00,6.271724756243109156e-02,-0.000000000000000000e+00,2.599079677594266502e-01,0.000000000000000000e+00,0.000000000000000000e+00,-0.000000000000000000e+00,0.000000000000000000e+00,0.000000000000000000e+00,0.000000000000000000e+00,0.000000000000000000e+00,0.000000000000000000e+00,0.000000000000000000e+00,-0.000000000000000000e+00,-7.990597692283259168e-02
-0.000000000000000000e+00,-0.000000000000000000e+00,-2.326425996005426766e-01,0.000000000000000000e+00,2.020758065968372374e+00,-0.000000000000000000e+00,0.000000000000000000e+00,1.309804687656796474e-01,-5.342219889406789601e-01,-9.072449256297776543e-02,-6.588899887274619893e-02,-0.000000000000000000e+00,0.000000000000000000e+00,-1.482121411809916300e-01,-0.000000000000000000e+00,-5.684669929071334976e-02,-0.000000000000000000e+00,-0.000000000000000000e+00,-0.000000000000000000e+00,-0.000000000000000000e+00,-0.000000000000000000e+00,-0.000000000000000000e+00,-0.000000000000000000e+00,-0.000000000000000000e+00,-7.718064785218940738e-02,-4.929319590369558857e-02,-0.000000000000000000e+00,-1.070026113908483789e-01,-0.000000000000000000e+00,-2.996036984456469932e-01,-0.000000000000000000e+00,-7.553842680030523060e-02,-1.407334053122698825e-01,0.000000000000000000e+00,-9.241609432853392647e-02,-0.000000000000000000e+00,-0.000000000000000000e+00,-0.000000000000000000e+00,0.000000000000000000e+00
0.000000000000000000e+00,0.000000000000000000e+00,-0.000000000000000000e+00,1.489764200630147063e-02,-0.000000000000000000e+00,1.303627630780212598e+00,0.000000000000000000e+00,0.000000000000000000e+00,0.000000000000000000e+00,-0.000000000000000000e+00,-1.153646557014060547e-01,3.482305653197550338e-02,0.000000000000000000e+00,-2.834426859023752576e-01,-0.000000000000000000e+00,-0.000000000000000000e+00,-2.360280000862948757e-01,0.000000000000000000e+00,0.000000000000000000e+00,-0.000000000000000000e+00,-0.000000000000000000e+00,0.000000000000000000e+00,0.000000000000000000e+00,-9.105635591876329316e-02,-0.000000000000000000e+00,-0.000000000000000000e+00,-0.000000000000000000e+00,-0.000000000000000000e+00,-9.360031609518298934e-02,-0.000000000000000000e+00,0.000000000000000000e+00,-0.000000000000000000e+00,-7.032717597633102169e-02,0.000000000000000000e+00,-0.000000000000000000e+00,-0.000000000000000000e+00,-0.000000000000000000e+00,-0.000000000000000000e+00,0.000000000000000000e+00
-0.000000000000000000e+00,0.000000000000000000e+00,0.000000000000000000e+00,0.000000000000000000e+00,0.000000000000000000e+00,0.000000000000000000e+00,1.000000000000000000e+00,-0.000000000000000000e+00,-0.000000000000000000e+00,0.000000000000000000e+00,0.000000000000000000e+00,-0.000000000000000000e+00,-0.000000000000000000e+00,-0.000000000000000000e+00,-0.000000000000000000e+00,0.000000000000000000e+00,0.000000000000000000e+00,-0.000000000000000000e+00,-0.000000000000000000e+00,0.000000000000000000e+00,-0.000000000000000000e+00,-0.000000000000000000e+00,0.000000000000000000e+00,0.000000000000000000e+00,-0.000000000000000000e+00,0.000000000000000000e+00,0.000000000000000000e+00,0.000000000000000000e+00,0.000000000000000000e+00,0.000000000000000000e+00,-0.000000000000000000e+00,0.000000000000000000e+00,0.000000000000000000e+00,-0.000000000000000000e+00,0.000000000000000000e+00,0.000000000000000000e+00,0.000000000000000000e+00,-0.000000000000000000e+00,-0.000000000000000000e+00
0.000000000000000000e+00,0.000000000000000000e+00,1.534211740283956127e+00,-0.000000000000000000e+00,1.309804687656796474e-01,0.000000000000000000e+00,-0.000000000000000000e+00,2.448784063506617148e+00,0.000000000000000000e+00,0.000000000000000000e+00,0.000000000000000000e+00,0.000000000000000000e+00,-0.000000000000000000e+00,0.000000000000000000e+00,0.000000000000000000e+00,6.552597088203469811e-02,0.000000000000000000e+00,0.000000000000000000e+00,0.000000000000000000e+00,0.000000000000000000e+00,1.916974224074831021e-02,0.000000000000000000e+00,0.000000000000000000e+00,0.000000000000000000e+00,0.000000000000000000e+00,0.000000000000000000e+00,0.000000000000000000e+00,0.000000000000000000e+00,-0.000000000000000000e+00,0.000000000000000000e+00,0.000000000000000000e+00,0.000000000000000000e+00,3.915566444270132118e-01,0.000000000000000000e+00,0.000000000000000000e+00,-0.000000000000000000e+00,-0.000000000000000000e+00,-0.000000000000000000e+00,-0.000000000000000000e+00
-1.354032296087373799e-01,-0.000000000000000000e+00,-0.000000000000000000e+00,-0.000000000000000000e+00,-5.342219889406789601e-01,0.000000000000000000e+00,-0.000000000000000000e+00,0.000000000000000000e+00,1.729904470579037401e+00,-1.775557147904031352e-01,-0.000000000000000000e+00,-5.061558950137971802e-02,0.000000000000000000e+00,-3.282952459198820172e-01,-3.581174989671660758e-02,-0.000000000000000000e+00,-0.000000000000000000e+00,-0.000000000000000000e+00,-0.000000000000000000e+00,-0.000000000000000000e+00,-0.000000000000000000e+00,0.000000000000000000e+00,-1.195223885903482081e-01,-0.000000000000000000e+00,-1.229717034446358159e-01,-0.000000000000000000e+00,0.000000000000000000e+00,-0.000000000000000000e+00,-0.000000000000000000e+00,-0.000000000000000000e+00,-7.000947781281935400e-02,-0.000000000000000000e+00,-0.000000000000000000e+00,-0.000000000000000000e+00,-0.000000000000000000e+00,-0.000000000000000000e+00,-0.000000000000000000e+00,-6.578272174584862131e-02,-0.000000000000000000e+00
-0.000000000000000000e+00,-2.933307018655714749e-01,-0.000000000000000000e+00,-0.000000000000000000e+00,-9.072449256297776543e-02,-0.000000000000000000e+00,0.000000000000000000e+00,0.000000000000000000e+00,-1.775557147904031352e-01,2.694202089920050724e+00,-0.000000000000000000e+00,-0.000000000000000000e+00,0.000000000000000000e+00,-0.000000000000000000e+00,-0.000000000000000000e+00,-9.077783549682846287e-01,-0.000000000000000000e+00,-0.000000000000000000e+00,-0.000000000000000000e+00,-0.000000000000000000e+00,0.000000000000000000e+00,-0.000000000000000000e+00,-1.403800507077727563e-02,0.000000000000000000e+00,-0.000000000000000000e+00,-0.000000000000000000e+00,-7.107317132524527958e-02,-0.000000000000000000e+00,-2.440425250038893157e-01,-2.777052861184109434e-01,-0.000000000000000000e+00,-4.714207752626459746e-01,-0.000000000000000000e+00,0.000000000000000000e+00,-9.360093767915939056e-02,-9.272743025644060444e-02,-1.002260889556167434e-01,-0.000000000000000000e+00,-0.000000000000000000e+00
0.000000000000000000e+00,-9.417715769160102390e-02,-0.000000000000000000e+00,0.000000000000000000e+00,-6.588899887274619893e-02,-1.153646557014060547e-01,0.000000000000000000e+00,0.000000000000000000e+00,-0.000000000000000000e+00,-0.000000000000000000e+00,1.829523811160070235e+00,0.000000000000000000e+00,1.048614169821857067e-01,-0.000000000000000000e+00,-0.000000000000000000e+00,-0.000000000000000000e+00,-4.896902492853660860e-01,7.486117205719942935e-02,-0.000000000000000000e+00,-0.000000000000000000e+00,0.000000000000000000e+00,4.155995393357383993e-02,-1.675265288094658078e-01,-0.000000000000000000e+00,-0.000000000000000000e+00,-0.000000000000000000e+00,-1.596904354590616970e-01,-0.000000000000000000e+00,-0.000000000000000000e+00,-0.000000000000000000e+00,-0.000000000000000000e+00,-7.596272997183113607e-02,-2.796868765139713942e-01,0.000000000000000000e+00,-2.680439113909934279e-01,-5.054090297458022768e-02,-0.000000000000000000e+00,0.000000000000000000e+00,0.000000000000000000e+00
-0.000000000000000000e+00,-2.174416914034630610e-01,-0.000000000000000000e+00,-0.000000000000000000e+00,-0.000000000000000000e+00,3.482305653197550338e-02,-0.000000000000000000e+00,0.000000000000000000e+00,-5.061558950137971802e-02,-0.000000000000000000e+00,0.000000000000000000e+00,1.133570784224522177e+00,-1.307128602832253184e-01,-0.000000000000000000e+00,0.000000000000000000e+00,-0.000000000000000000e+00,0.000000000000000000e+00,-1.264227661617841336e-01,-0.000000000000000000e+00,0.000000000000000000e+00,0.000000000000000000e+00,0.000000000000000000e+00,-0.000000000000000000e+00,0.000000000000000000e+00,-0.000000000000000000e+00,0.000000000000000000e+00,-0.000000000000000000e+00,0.000000000000000000e+00,-0.000000000000000000e+00,0.000000000000000000e+00,-1.324596446587142096e-01,-0.000000000000000000e+00,0.000000000000000000e+00,-0.000000000000000000e+00,-0.000000000000000000e+00,0.000000000000000000e+00,-0.000000000000000000e+00,-0.000000000000000000e+00,-6.171031528702160263e-02
0.000000000000000000e+00,-0.000000000000000000e+00,0.000000000000000000e+00,-0.000000000000000000e+00,0.000000000000000000e+00,0.000000000000000000e+00,-0.000000000000000000e+00,-0.000000000000000000e+00,0.000000000000000000e+00,0.000000000000000000e+00,1.048614169821857067e-01,-1.307128602832253184e-01,1.030139382099952039e+00,0.000000000000000000e+00,-0.000000000000000000e+00,0.000000000000000000e+00,0.000000000000000000e+00,-0.000000000000000000e+00,-0.000000000000000000e+00,-0.000000000000000000e+00,-0.000000000000000000e+00,-0.000000000000000000e+00,0.000000000000000000e+00,0.000000000000000000e+00,0.000000000000000000e+00,0.000000000000000000e+00,-0.000000000000000000e+00,0.000000000000000000e+00,-0.000000000000000000e+00,0.000000000000000000e+00,0.000000000000000000e+00,0.000000000000000000e+00,3.009693246514594245e-02,-3.768255423382080999e-02,0.000000000000000000e+00,-0.000000000000000000e+00,0.000000000000000000e+00,-0.000000000000000000e+00,-2.417550964550329445e-02
-0.000000000000000000e+00,-0.000000000000000000e+00,-1.369065538604772869e-01,0.000000000000000000e+00,-1.482121411809916300e-01,-2.834426859023752576e-01,-0.000000000000000000e+00,0.000000000000000000e+00,-3.282952459198820172e-01,-0.000000000000000000e+00,-0.000000000000000000e+00,-0.000000000000000000e+00,0.000000000000000000e+00,1.745582903678938314e+00,-9.008905380372926597e-02,-0.000000000000000000e+00,-0.000000000000000000e+00,-0.000000000000000000e+00,-0.000000000000000000e+00,0.000000000000000000e+00,-9.446371348845331029e-02,-0.000000000000000000e+00,-0.000000000000000000e+00,-2.780628093182549998e-01,-0.000000000000000000e+00,-0.000000000000000000e+00,0.000000000000000000e+00,-1.026262384242337261e-01,-5.519799714387565309e-02,-0.000000000000000000e+00,-0.000000000000000000e+00,-0.000000000000000000e+00,-1.423911422281811667e-01,-0.000000000000000000e+00,-0.000000000000000000e+00,0.000000000000000000e+00,-0.000000000000000000e+00,-2.720293869784606855e-01,-0.000000000000000000e+00
-1.692932405266515949e-01,-0.000000000000000000e+00,-0.000000000000000000e+00,8.897115133595985548e-02,-0.000000000000000000e+00,-0.000000000000000000e+00,-0.000000000000000000e+00,0.000000000000000000e+00,-3.581174989671660758e-02,-0.000000000000000000e+00,-0.000000000000000000e+00,0.000000000000000000e+00,-0.000000000000000000e+00,-9.008905380372926597e-02,1.126895736651201574e+00,-0.000000000000000000e+00,-0.000000000000000000e+00,8.284012926158128287e-02,-0.000000000000000000e+00,-0.000000000000000000e+00,-0.000000000000000000e+00,-0.000000000000000000e+00,-0.000000000000000000e+00,-0.000000000000000000e+00,-0.000000000000000000e+00,-1.353967311241516085e-02,-0.000000000000000000e+00,-0.000000000000000000e+00,-0.000000000000000000e+00,-0.000000000000000000e+00,-3.076179745975803764e-02,-0.000000000000000000e+00,-0.000000000000000000e+00,-9.137746615155144247e-02,-0.000000000000000000e+00,-0.000000000000000000e+00,-0.000000000000000000e+00,-9.233772868565641445e-02,-0.000000000000000000e+00
-0.000000000000000000e+00,-0.000000000000000000e+00,-0.000000000000000000e+00,0.000000000000000000e+00,-5.684669929071334976e-02,-0.000000000000000000e+00,0.000000000000000000e+00,6.552597088203469811e-02,-0.000000000000000000e+00,-9.077783549682846287e-01,-0.000000000000000000e+00,-0.000000000000000000e+00,0.000000000000000000e+00,-0.000000000000000000e+00,-0.000000000000000000e+00,2.276455071319757995e+00,-0.000000000000000000e+00,-0.000000000000000000e+00,-0.000000000000000000e+00,-0.000000000000000000e+00,-0.000000000000000000e+00,-0.000000000000000000e+00,-1.758437114038049753e-01,-0.000000000000000000e+00,-4.146620516146098251e-02,-3.588925263658459541e-01,-0.000000000000000000e+00,-8.507013713128364074e-02,-1.593455489569209002e-02,-3.929871517326010144e-01,-0.000000000000000000e+00,-3.526027260968888494e-02,-0.000000000000000000e+00,0.000000000000000000e+00,-3.612885056664934258e-02,-0.000000000000000000e+00,-0.000000000000000000e+00,0.000000000000000000e+00,0.000000000000000000e+00
-0.000000000000000000e+00,-0.000000000000000000e+00,-0.000000000000000000e+00,4.844549178722843547e-02,-0.000000000000000000e+00,-2.360280000862948757e-01,0.000000000000000000e+00,0.000000000000000000e+00,-0.000000000000000000e+00,-0.000000000000000000e+00,-4.896902492853660860e-01,0.000000000000000000e+00,0.000000000000000000e+00,-0.000000000000000000e+00,-0.000000000000000000e+00,-0.000000000000000000e+00,1.635276829521155939e+00,0.000000000000000000e+00,-0.000000000000000000e+00,-0.000000000000000000e+00,-0.000000000000000000e+00,0.000000000000000000e+00,-1.235208276053467863e-01,-0.000000000000000000e+00,-0.000000000000000000e+00,-4.132967489008693152e-01,-0.000000000000000000e+00,-3.150447394251986583e-02,-0.000000000000000000e+00,-0.000000000000000000e+00,0.000000000000000000e+00,-0.000000000000000000e+00,-6.887102690621202394e-02,0.000000000000000000e+00,-0.000000000000000000e+00,-0.000000000000000000e+00,-0.000000000000000000e+00,-0.000000000000000000e+00,0.000000000000000000e+00
0.000000000000000000e+00,-0.000000000000000000e+00,-0.000000000000000000e+00,-4.307961033789211441e-02,-0.000000000000000000e+00,0.000000000000000000e+00,-0.000000000000000000e+00,0.000000000000000000e+00,-0.000000000000000000e+00,-0.000000000000000000e+00,7.486117205719942935e-02,-1.264227661617841336e-01,-0.000000000000000000e+00,-0.000000000000000000e+00,8.284012926158128287e-02,-0.000000000000000000e+00,0.000000000000000000e+00,1.033160897098758690e+00,-0.000000000000000000e+00,0.000000000000000000e+00,-0.000000000000000000e+00,-5.561211668521051643e-02,0.000000000000000000e+00,0.000000000000000000e+00,0.000000000000000000e+00,0.000000000000000000e+00,-0.000000000000000000e+00,-0.000000000000000000e+00,-0.000000000000000000e+00,0.000000000000000000e+00,-0.000000000000000000e+00,-0.000000000000000000e+00,0.000000000000000000e+00,0.000000000000000000e+00,0.000000000000000000e+00,0.000000000000000000e+00,-0.000000000000000000e+00,0.000000000000000000e+00,-0.000000000000000000e+00
-0.000000000000000000e+00,-0.000000000000000000e+00,-0.000000000000000000e+00,0.000000000000000000e+00,-0.000000000000000000e+00,0.000000000000000000e+00,-0.000000000000000000e+00,0.000000000000000000e+00,-0.000000000000000000e+00,-0.000000000000000000e+00,-0.000000000000000000e+00,-0.000000000000000000e+00,-0.000000000000000000e+00,-0.000000000000000000e+00,-0.000000000000000000e+00,-0.000000000000000000e+00,-0.000000000000000000e+00,-0.000000000000000000e+00,1.015019300048554340e+00,-7.582904137369335384e-02,-0.000000000000000000e+00,-0.000000000000000000e+00,-0.000000000000000000e+00,-0.000000000000000000e+00,-0.000000000000000000e+00,-0.000000000000000000e+00,-3.644144528443971076e-02,-0.000000000000000000e+00,-0.000000000000000000e+00,-0.000000000000000000e+00,-7.415293367616682119e-02,-6.827165123898226370e-03,-0.000000000000000000e+00,-0.000000000000000000e+00,-0.000000000000000000e+00,0.000000000000000000e+00,-0.000000000000000000e+00,-0.000000000000000000e+00,0.000000000000000000e+00
0.000000000000000000e+00,-0.000000000000000000e+00,0.000000000000000000e+00,-0.000000000000000000e+00,-0.000000000000000000e+00,-0.000000000000000000e+00,0.000000000000000000e+00,0.000000000000000000e+00,-0.000000000000000000e+00,-0.000000000000000000e+00,-0.000000000000000000e+00,0.000000000000000000e+00,-0.000000000000000000e+00,0.000000000000000000e+00,-0.000000000000000000e+00,-0.000000000000000000e+00,-0.000000000000000000e+00,0.000000000000000000e+00,-7.582904137369335384e-02,1.005717356713201394e+00,-0.000000000000000000e+00,0.000000000000000000e+00,-0.000000000000000000e+00,-0.000000000000000000e+00,-0.000000000000000000e+00,-0.000000000000000000e+00,-0.000000000000000000e+00,0.000000000000000000e+00,-0.000000000000000000e+00,-0.000000000000000000e+00,0.000000000000000000e+00,-0.000000000000000000e+00,-0.000000000000000000e+00,0.000000000000000000e+00,-0.000000000000000000e+00,-0.000000000000000000e+00,-0.000000000000000000e+00,0.000000000000000000e+00,0.000000000000000000e+00
-2.280370340098630821e-02,6.703355987283647621e-02,-1.839610559364405762e-01,0.000000000000000000e+00,-0.000000000000000000e+00,-0.000000000000000000e+00,-0.000000000000000000e+00,1.916974224074831021e-02,-0.000000000000000000e+00,0.000000000000000000e+00,0.000000000000000000e+00,0.000000000000000000e+00,-0.000000000000000000e+00,-9.446371348845331029e-02,-0.000000000000000000e+00,-0.000000000000000000e+00,-0.000000000000000000e+00,-0.000000000000000000e+00,-0.000000000000000000e+00,-0.000000000000000000e+00,1.105561704893866848e+00,-6.434397385982688899e-02,-0.000000000000000000e+00,-0.000000000000000000e+00,-0.000000000000000000e+00,-0.000000000000000000e+00,1.532300685583077859e-01,-1.562124918871274915e-01,0.000000000000000000e+00,-0.000000000000000000e+00,0.000000000000000000e+00,0.000000000000000000e+00,-0.000000000000000000e+00,-0.000000000000000000e+00,0.000000000000000000e+00,0.000000000000000000e+00,0.000000000000000000e+00,-0.000000000000000000e+00,0.000000000000000000e+00
-0.000000000000000000e+00,0.000000000000000000e+00,-0.000000000000000000e+00,0.000000000000000000e+00,-0.000000000000000000e+00,0.000000000000000000e+00,-0.000000000000000000e+00,0.000000000000000000e+00,0.000000000000000000e+00,-0.000000000000000000e+00,4.155995393357383993e-02,0.000000000000000000e+00,-0.000000000000000000e+00,-0.000000000000000000e+00,-0.000000000000000000e+00,-0.000000000000000000e+00,0.000000000000000000e+00,-5.561211668521051643e-02,-0.000000000000000000e+00,0.000000000000000000e+00,-6.434397385982688899e-02,1.008959954943221993e+00,0.000000000000000000e+00,0.000000000000000000e+00,-0.000000000000000000e+00,-0.000000000000000000e+00,0.000000000000000000e+00,-0.000000000000000000e+00,-0.000000000000000000e+00,0.000000000000000000e+00,-0.000000000000000000e+00,0.000000000000000000e+00,0.000000000000000000e+00,-0.000000000000000000e+00,-0.000000000000000000e+00,2.753190129589033926e-03,0.000000000000000000e+00,-0.000000000000000000e+00,-0.000000000000000000e+00
-0.000000000000000000e+00,-2.988283738787665400e-01,-8.937700577819009118e-02,-0.000000000000000000e+00,-0.000000000000000000e+00,0.000000000000000000e+00,0.000000000000000000e+00,0.000000000000000000e+00,-1.195223885903482081e-01,-1.403800507077727563e-02,-1.675265288094658078e-01,-0.000000000000000000e+00,0.000000000000000000e+00,-0.000000000000000000e+00,-0.000000000000000000e+00,-1.758437114038049753e-01,-1.235208276053467863e-01,0.000000000000000000e+00,-0.000000000000000000e+00,-0.000000000000000000e+00,-0.000000000000000000e+00,0.000000000000000000e+00,2.428129096590092129e+00,-0.000000000000000000e+00,-9.730908648069955813e-01,-0.000000000000000000e+00,-0.000000000000000000e+00,-0.000000000000000000e+00,-0.000000000000000000e+00,-0.000000000000000000e+00,-5.240443342930481974e-01,-0.000000000000000000e+00,-7.859675693787147865e-02,-0.000000000000000000e+00,-1.013710704023547751e-02,0.000000000000000000e+00,-0.000000000000000000e+00,-0.000000000000000000e+00,-0.000000000000000000e+00
-0.000000000000000000e+00,-0.000000000000000000e+00,-0.000000000000000000e+00,0.000000000000000000e+00,-0.000000000000000000e+00,-9.105635591876329316e-02,0.000000000000000000e+00,0.000000000000000000e+00,-0.000000000000000000e+00,0.000000000000000000e+00,-0.000000000000000000e+00,0.000000000000000000e+00,0.000000000000000000e+00,-2.780628093182549998e-01,-0.000000000000000000e+00,-0.000000000000000000e+00,-0.000000000000000000e+00,0.000000000000000000e+00,-0.000000000000000000e+00,-0.000000000000000000e+00,-0.000000000000000000e+00,0.000000000000000000e+00,-0.000000000000000000e+00,1.440189448120509308e+00,-3.086380081257885100e-01,-0.000000000000000000e+00,-0.000000000000000000e+00,-0.000000000000000000e+00,-0.000000000000000000e+00,-0.000000000000000000e+00,-0.000000000000000000e+00,0.000000000000000000e+00,-3.880837003246421224e-01,-0.000000000000000000e+00,-0.000000000000000000e+00,7.841988601507361711e-02,-0.000000000000000000e+00,-0.000000000000000000e+00,0.000000000000000000e+00
-3.548529616960437172e-02,-0.000000000000000000e+00,-1.332718709407905988e-01,-0.000000000000000000e+00,-7.718064785218940738e-02,-0.000000000000000000e+00,-0.000000000000000000e+00,0.000000000000000000e+00,-1.229717034446358159e-01,-0.000000000000000000e+00,-0.000000000000000000e+00,-0.000000000000000000e+00,0.000000000000000000e+00,-0.000000000000000000e+00,-0.000000000000000000e+00,-4.146620516146098251e-02,-0.000000000000000000e+00,0.000000000000000000e+00,-0.000000000000000000e+00,-0.000000000000000000e+00,-0.000000000000000000e+00,-0.000000000000000000e+00,-9.730908648069955813e-01,-3.086380081257885100e-01,2.192026799005670767e+00,-0.000000000000000000e+00,-0.000000000000000000e+00,-0.000000000000000000e+00,-0.000000000000000000e+00,-0.000000000000000000e+00,-7.248875187524432551e-02,-0.000000000000000000e+00,-1.774648744619930774e-01,-0.000000000000000000e+00,-2.545147352013530928e-01,0.000000000000000000e+00,-0.000000000000000000e+00,-0.000000000000000000e+00,-0.000000000000000000e+00
-3.486763747044297479e-01,0.000000000000000000e+00,-0.000000000000000000e+00,6.271724756243109156e-02,-4.929319590369558857e-02,-0.000000000000000000e+00,0.000000000000000000e+00,0.000000000000000000e+00,-0.000000000000000000e+00,-0.000000000000000000e+00,-0.000000000000000000e+00,0.000000000000000000e+00,0.000000000000000000e+00,-0.000000000000000000e+00,-1.353967311241516085e-02,-3.588925263658459541e-01,-4.132967489008693152e-01,0.000000000000000000e+00,-0.000000000000000000e+00,-0.000000000000000000e+00,-0.000000000000000000e+00,-0.000000000000000000e+00,-0.000000000000000000e+00,-0.000000000000000000e+00,-0.000000000000000000e+00,2.540006303523940634e+00,-0.000000000000000000e+00,-6.253741174821271231e-01,-5.781143173104176247e-01,-1.651009472924375165e-01,0.000000000000000000e+00,-0.000000000000000000e+00,-0.000000000000000000e+00,-0.000000000000000000e+00,-2.923910903495272606e-01,-0.000000000000000000e+00,-0.000000000000000000e+00,-0.000000000000000000e+00,1.068278571382609010e-01
3.755365478435673116e-02,-8.163536698301485650e-01,-0.000000000000000000e+00,-0.000000000000000000e+00,-0.000000000000000000e+00,-0.000000000000000000e+00,0.000000000000000000e+00,0.000000000000000000e+00,0.000000000000000000e+00,-7.107317132524527958e-02,-1.596904354590616970e-01,-0.000000000000000000e+00,-0.000000000000000000e+00,0.000000000000000000e+00,-0.000000000000000000e+00,-0.000000000000000000e+00,-0.000000000000000000e+00,-0.000000000000000000e+00,-3.644144528443971076e-02,-0.000000000000000000e+00,1.532300685583077859e-01,0.000000000000000000e+00,-0.000000000000000000e+00,-0.000000000000000000e+00,-0.000000000000000000e+00,-0.000000000000000000e+00,2.061912854615471691e+00,0.000000000000000000e+00,-0.000000000000000000e+00,-0.000000000000000000e+00,-0.000000000000000000e+00,-3.871235317345597116e-01,-0.000000000000000000e+00,0.000000000000000000e+00,-1.195660104790570999e-01,-2.210205742776409979e-02,-2.975642101267406692e-01,0.000000000000000000e+00,-0.000000000000000000e+00
-8.546861403202993257e-02,0.000000000000000000e+00,-0.000000000000000000e+00,2.599079677594266502e-01,-1.070026113908483789e-01,-0.000000000000000000e+00,0.000000000000000000e+00,0.000000000000000000e+00,-0.000000000000000000e+00,-0.000000000000000000e+00,-0.000000000000000000e+00,0.000000000000000000e+00,0.000000000000000000e+00,-1.026262384242337261e-01,-0.000000000000000000e+00,-8.507013713128364074e-02,-3.150447394251986583e-02,-0.000000000000000000e+00,-0.000000000000000000e+00,0.000000000000000000e+00,-1.562124918871274915e-01,-0.000000000000000000e+00,-0.000000000000000000e+00,-0.000000000000000000e+00,-0.000000000000000000e+00,-6.253741174821271231e-01,0.000000000000000000e+00,1.695396333752269724e+00,-4.328073014059191626e-04,-0.000000000000000000e+00,-0.000000000000000000e+00,-0.000000000000000000e+00,-2.058603943270141123e-01,-0.000000000000000000e+00,-0.000000000000000000e+00,0.000000000000000000e+00,-0.000000000000000000e+00,-0.000000000000000000e+00,0.000000000000000000e+00
-0.000000000000000000e+00,-0.000000000000000000e+00,0.000000000000000000e+00,0.000000000000000000e+00,-0.000000000000000000e+00,-9.360031609518298934e-02,0.000000000000000000e+00,-0.000000000000000000e+00,-0.000000000000000000e+00,-2.440425250038893157e-01,-0.000000000000000000e+00,-0.000000000000000000e+00,-0.000000000000000000e+00,-5.519799714387565309e-02,-0.000000000000000000e+00,-1.593455489569209002e-02,-0.000000000000000000e+00,-0.000000000000000000e+00,-0.000000000000000000e+00,-0.000000000000000000e+00,0.000000000000000000e+00,-0.000000000000000000e+00,-0.000000000000000000e+00,-0.000000000000000000e+00,-0.000000000000000000e+00,-5.781143173104176247e-01,-0.000000000000000000e+00,-4.328073014059191626e-04,2.363890450545599986e+00,-1.700661765913360213e-01,0.000000000000000000e+00,-5.595764926397832628e-01,0.000000000000000000e+00,0.000000000000000000e+00,-3.206348711893832748e-01,-0.000000000000000000e+00,-2.610455530211398534e-01,-0.000000000000000000e+00,0.000000000000000000e+00
0.000000000000000000e+00,-0.000000000000000000e+00,-0.000000000000000000e+00,0.000000000000000000e+00,-2.996036984456469932e-01,-0.000000000000000000e+00,0.000000000000000000e+00,0.000000000000000000e+00,-0.000000000000000000e+00,-2.777052861184109434e-01,-0.000000000000000000e+00,0.000000000000000000e+00,0.000000000000000000e+00,-0.000000000000000000e+00,-0.000000000000000000e+00,-3.929871517326010144e-01,-0.000000000000000000e+00,0.000000000000000000e+00,-0.000000000000000000e+00,-0.000000000000000000e+00,-0.000000000000000000e+00,0.000000000000000000e+00,-0.000000000000000000e+00,-0.000000000000000000e+00,-0.000000000000000000e+00,-1.651009472924375165e-01,-0.000000000000000000e+00,-0.000000000000000000e+00,-1.700661765913360213e-01,2.247185800290628865e+00,0.000000000000000000e+00,-9.006601814780899884e-02,-0.000000000000000000e+00,0.000000000000000000e+00,-8.447966050418832806e-02,-7.237662282255944435e-01,-2.899734266137969987e-02,0.000000000000000000e+00,6.605660054775537582e-03
-0.000000000000000000e+00,-4.435535444294840812e-01,-1.842334875511392883e-02,-0.000000000000000000e+00,-0.000000000000000000e+00,0.000000000000000000e+00,-0.000000000000000000e+00,0.000000000000000000e+00,-7.000947781281935400e-02,-0.000000000000000000e+00,-0.000000000000000000e+00,-1.324596446587142096e-01,0.000000000000000000e+00,-0.000000000000000000e+00,-3.076179745975803764e-02,-0.000000000000000000e+00,0.000000000000000000e+00,-0.000000000000000000e+00,-7.415293367616682119e-02,0.000000000000000000e+00,0.000000000000000000e+00,-0.000000000000000000e+00,-5.240443342930481974e-01,-0.000000000000000000e+00,-7.248875187524432551e-02,0.000000000000000000e+00,-0.000000000000000000e+00,-0.000000000000000000e+00,0.000000000000000000e+00,0.000000000000000000e+00,1.740403194286676225e+00,-0.000000000000000000e+00,-0.000000000000000000e+00,-0.000000000000000000e+00,-0.000000000000000000e+00,0.000000000000000000e+00,-0.000000000000000000e+00,-4.262566246656298435e-02,-3.570140092041044766e-01
0.000000000000000000e+00,-0.000000000000000000e+00,0.000000000000000000e+00,0.000000000000000000e+00,-7.553842680030523060e-02,-0.000000000000000000e+00,0.000000000000000000e+00,0.000000000000000000e+00,-0.000000000000000000e+00,-4.714207752626459746e-01,-7.596272997183113607e-02,-0.000000000000000000e+00,0.000000000000000000e+00,-0.000000000000000000e+00,-0.000000000000000000e+00,-3.526027260968888494e-02,-0.000000000000000000e+00,-0.000000000000000000e+00,-6.827165123898226370e-03,-0.000000000000000000e+00,0.000000000000000000e+00,0.000000000000000000e+00,-0.000000000000000000e+00,0.000000000000000000e+00,-0.000000000000000000e+00,-0.000000000000000000e+00,-3.871235317345597116e-01,-0.000000000000000000e+00,-5.595764926397832628e-01,-9.006601814780899884e-02,-0.000000000000000000e+00,2.879271355450996772e+00,0.000000000000000000e+00,0.000000000000000000e+00,-2.198475475762913800e-01,-2.480892866806393704e-01,-8.453677899920619687e-01,0.000000000000000000e+00,0.000000000000000000e+00
-0.000000000000000000e+00,-0.000000000000000000e+00,-3.170659363966839006e-01,0.000000000000000000e+00,-1.407334053122698825e-01,-7.032717597633102169e-02,0.000000000000000000e+00,3.915566444270132118e-01,-0.000000000000000000e+00,-0.000000000000000000e+00,-2.796868765139713942e-01,0.000000000000000000e+00,3.009693246514594245e-02,-1.423911422281811667e-01,-0.000000000000000000e+00,-0.000000000000000000e+00,-6.887102690621202394e-02,0.000000000000000000e+00,-0.000000000000000000e+00,-0.000000000000000000e+00,-0.000000000000000000e+00,0.000000000000000000e+00,-7.859675693787147865e-02,-3.880837003246421224e-01,-1.774648744619930774e-01,-0.000000000000000000e+00,-0.000000000000000000e+00,-2.058603943270141123e-01,0.000000000000000000e+00,-0.000000000000000000e+00,-0.000000000000000000e+00,0.000000000000000000e+00,2.087040278077327837e+00,-0.000000000000000000e+00,-0.000000000000000000e+00,0.000000000000000000e+00,0.000000000000000000e+00,-0.000000000000000000e+00,0.000000000000000000e+00
-1.313648132913663724e-01,-0.000000000000000000e+00,-0.000000000000000000e+00,0.000000000000000000e+00,0.000000000000000000e+00,0.000000000000000000e+00,-0.000000000000000000e+00,0.000000000000000000e+00,-0.000000000000000000e+00,0.000000000000000000e+00,0.000000000000000000e+00,-0.000000000000000000e+00,-3.768255423382080999e-02,-0.000000000000000000e+00,-9.137746615155144247e-02,0.000000000000000000e+00,0.000000000000000000e+00,0.000000000000000000e+00,-0.000000000000000000e+00,0.000000000000000000e+00,-0.000000000000000000e+00,-0.000000000000000000e+00,-0.000000000000000000e+00,-0.000000000000000000e+00,-0.000000000000000000e+00,-0.000000000000000000e+00,0.000000000000000000e+00,-0.000000000000000000e+00,0.000000000000000000e+00,0.000000000000000000e+00,-0.000000000000000000e+00,0.000000000000000000e+00,-0.000000000000000000e+00,1.094323919660979083e+00,0.000000000000000000e+00,3.553307401410805977e-02,1.445334956620685507e-01,-1.186142490646411030e-01,-1.159554040422864640e-01
-0.000000000000000000e+00,-0.000000000000000000e+00,-0.000000000000000000e+00,0.000000000000000000e+00,-9.241609432853392647e-02,-0.000000000000000000e+00,0.000000000000000000e+00,0.000000000000000000e+00,-0.000000000000000000e+00,-9.360093767915939056e-02,-2.680439113909934279e-01,-0.000000000000000000e+00,0.000000000000000000e+00,-0.000000000000000000e+00,-0.000000000000000000e+00,-3.612885056664934258e-02,-0.000000000000000000e+00,0.000000000000000000e+00,-0.000000000000000000e+00,-0.000000000000000000e+00,0.000000000000000000e+00,-0.000000000000000000e+00,-1.013710704023547751e-02,-0.000000000000000000e+00,-2.545147352013530928e-01,-2.923910903495272606e-01,-1.195660104790570999e-01,-0.000000000000000000e+00,-3.206348711893832748e-01,-8.447966050418832806e-02,-0.000000000000000000e+00,-2.198475475762913800e-01,-0.000000000000000000e+00,0.000000000000000000e+00,2.460934155065891193e+00,-0.000000000000000000e+00,-7.282212298574616272e-01,-0.000000000000000000e+00,0.000000000000000000e+00
0.000000000000000000e+00,-0.000000000000000000e+00,0.000000000000000000e+00,0.000000000000000000e+00,-0.000000000000000000e+00,-0.000000000000000000e+00,0.000000000000000000e+00,-0.000000000000000000e+00,-0.000000000000000000e+00,-9.272743025644060444e-02,-5.054090297458022768e-02,0.000000000000000000e+00,-0.000000000000000000e+00,0.000000000000000000e+00,-0.000000000000000000e+00,-0.000000000000000000e+00,-0.000000000000000000e+00,0.000000000000000000e+00,0.000000000000000000e+00,-0.000000000000000000e+00,0.000000000000000000e+00,2.753190129589033926e-03,0.000000000000000000e+00,7.841988601507361711e-02,0.000000000000000000e+00,-0.000000000000000000e+00,-2.210205742776409979e-02,0.000000000000000000e+00,-0.000000000000000000e+00,-7.237662282255944435e-01,0.000000000000000000e+00,-2.480892866806393704e-01,0.000000000000000000e+00,3.553307401410805977e-02,-0.000000000000000000e+00,1.636907370292462582e+00,-8.465218217458789218e-02,0.000000000000000000e+00,2.954647475635524545e-02
0.000000000000000000e+00,-0.000000000000000000e+00,0.000000000000000000e+00,0.000000000000000000e+00,-0.000000000000000000e+00,-0.000000000000000000e+00,0.000000000000000000e+00,-0.000000000000000000e+00,-0.000000000000000000e+00,-1.002260889556167434e-01,-0.000000000000000000e+00,-0.000000000000000000e+00,0.000000000000000000e+00,-0.000000000000000000e+00,-0.000000000000000000e+00,-0.000000000000000000e+00,-0.000000000000000000e+00,-0.000000000000000000e+00,-0.000000000000000000e+00,-0.000000000000000000e+00,0.000000000000000000e+00,0.000000000000000000e+00,-0.000000000000000000e+00,-0.000000000000000000e+00,-0.000000000000000000e+00,-0.000000000000000000e+00,-2.975642101267406692e-01,-0.000000000000000000e+00,-2.610455530211398534e-01,-2.899734266137969987e-02,-0.000000000000000000e+00,-8.453677899920619687e-01,0.000000000000000000e+00,1.445334956620685507e-01,-7.282212298574616272e-01,-8.465218217458789218e-02,2.516919375865077857e+00,0.000000000000000000e+00,0.000000000000000000e+00
-5.947824256265882292e-01,-0.000000000000000000e+00,-0.000000000000000000e+00,-0.000000000000000000e+00,-0.000000000000000000e+00,-0.000000000000000000e+00,-0.000000000000000000e+00,-0.000000000000000000e+00,-6.578272174584862131e-02,-0.000000000000000000e+00,0.000000000000000000e+00,-0.000000000000000000e+00,-0.000000000000000000e+00,-2.720293869784606855e-01,-9.233772868565641445e-02,0.000000000000000000e+00,-0.000000000000000000e+00,0.000000000000000000e+00,-0.000000000000000000e+00,0.000000000000000000e+00,-0.000000000000000000e+00,-0.000000000000000000e+00,-0.000000000000000000e+00,-0.000000000000000000e+00,-0.000000000000000000e+00,-0.000000000000000000e+00,0.000000000000000000e+00,-0.000000000000000000e+00,-0.000000000000000000e+00,0.000000000000000000e+00,-4.262566246656298435e-02,0.000000000000000000e+00,-0.000000000000000000e+00,-1.186142490646411030e-01,-0.000000000000000000e+00,0.000000000000000000e+00,0.000000000000000000e+00,1.586490441439029286e+00,-3.338714833736148857e-01
-0.000000000000000000e+00,-1.549582038688887033e-02,-0.000000000000000000e+00,-7.990597692283259168e-02,0.000000000000000000e+00,0.000000000000000000e+00,-0.000000000000000000e+00,-0.000000000000000000e+00,-0.000000000000000000e+00,-0.000000000000000000e+00,0.000000000000000000e+00,-6.171031528702160263e-02,-2.417550964550329445e-02,-0.000000000000000000e+00,-0.000000000000000000e+00,0.000000000000000000e+00,0.000000000000000000e+00,-0.000000000000000000e+00,0.000000000000000000e+00,0.000000000000000000e+00,0.000000000000000000e+00,-0.000000000000000000e+00,-0.000000000000000000e+00,0.000000000000000000e+00,-0.000000000000000000e+00,1.068278571382609010e-01,-0.000000000000000000e+00,0.000000000000000000e+00,0.000000000000000000e+00,6.605660054775537582e-03,-3.570140092041044766e-01,0.000000000000000000e+00,0.000000000000000000e+00,-1.159554040422864640e-01,0.000000000000000000e+00,2.954647475635524545e-02,0.000000000000000000e+00,-3.338714833736148857e-01,1.258947644929488074e+00
