1.981173814612456674e+00,-0.000000000000000000e+00,-0.000000000000000000e+00,8.404170267307713377e-04,-0.000000000000000000e+00,0.000000000000000000e+00,-0.000000000000000000e+00,0.000000000000000000e+00,-3.340700259370241176e-01,-0.000000000000000000e+00,0.000000000000000000e+00,-0.000000000000000000e+00,0.000000000000000000e+00,-0.000000000000000000e+00,0.000000000000000000e+00,-1.553938848230272674e-01,0.000000000000000000e+00,-1.559561015701360458e-02,-6.428702546649850413e-02,-0.000000000000000000e+00,-0.000000000000000000e+00,-0.000000000000000000e+00,-0.000000000000000000e+00,-0.000000000000000000e+00,-0.000000000000000000e+00,-3.967236539026514075e-01,-2.930142029767828227e-01,-0.000000000000000000e+00,-1.116377239255892106e-01,-0.000000000000000000e+00,-5.610212108317703169e-04,-2.754650620727123744e-01,-0.000000000000000000e+00,-0.000000000000000000e+00,-2.100666069840886191e-02,-1.136401806521594865e-01,-0.000000000000000000e+00,-1.594855501780661489e-01,-0.000000000000000000e+00
-0.000000000000000000e+00,1.634410258537692062e+00,0.000000000000000000e+00,-0.000000000000000000e+00,-0.000000000000000000e+00,-0.000000000000000000e+00,2.812487879704135274e-01,-0.000000000000000000e+00,-0.000000000000000000e+00,-3.027269456896090061e-01,-0.000000000000000000e+00,0.000000000000000000e+00,6.211126051270126486e-02,0.000000000000000000e+00,2.142168434058749071e-01,-0.000000000000000000e+00,-0.000000000000000000e+00,0.000000000000000000e+00,0.000000000000000000e+00,0.000000000000000000e+00,0.000000000000000000e+00,0.000000000000000000e+00,-0.000000000000000000e+00,0.000000000000000000e+00,-0.000000000000000000e+00,0.000000000000000000e+00,-0.000000000000000000e+00,1.679745983603599946e-01,-0.000000000000000000e+00,-0.000000000000000000e+00,-0.000000000000000000e+00,-0.000000000000000000e+00,-0.000000000000000000e+00,2.826900658290941726e-01,-0.000000000000000000e+00,-6.052308679856663876e-01,-0.000000000000000000e+00,0.000000000000000000e+00,-0.000000000000000000e+00
-0.000000000000000000e+00,0.000000000000000000e+00,3.080249562577943578e+00,0.000000000000000000e+00,-4.354651994982248198e-01,0.000000000000000000e+00,-0.000000000000000000e+00,1.301218779894297572e+00,-0.000000000000000000e+00,-0.000000000000000000e+00,0.000000000000000000e+00,-0.000000000000000000e+00,-0.000000000000000000e+00,-3.289891864679779232e-01,0.000000000000000000e+00,-0.000000000000000000e+00,0.000000000000000000e+00,-0.000000000000000000e+00,-0.000000000000000000e+00,-2.984404998311231960e-01,-1.831030747706388351e-01,-3.160031027625573308e-01,-0.000000000000000000e+00,-4.272764716103646943e-03,-0.000000000000000000e+00,-0.000000000000000000e+00,-0.000000000000000000e+00,-1.182375149926758739e-01,-0.000000000000000000e+00,-0.000000000000000000e+00,-3.235837711567969566e-02,-0.000000000000000000e+00,-1.588811905580562456e-01,-2.542916278053746204e-01,-0.000000000000000000e+00,-0.000000000000000000e+00,-0.000000000000000000e+00,-5.000143919726582516e-03,-0.000000000000000000e+00
8.404170267307713377e-04,-0.000000000000000000e+00,0.000000000000000000e+00,1.733784918587750745e+00,0.000000000000000000e+00,-0.000000000000000000e+00,0.000000000000000000e+00,-0.000000000000000000e+00,-0.000000000000000000e+00,-0.000000000000000000e+00,-0.000000000000000000e+00,0.000000000000000000e+00,0.000000000000000000e+00,0.000000000000000000e+00,4.196574579038113428e-02,0.000000000000000000e+00,-0.000000000000000000e+00,0.000000000000000000e+00,0.000000000000000000e+00,0.000000000000000000e+00,0.000000000000000000e+00,0.000000000000000000e+00,0.000000000000000000e+00,1.432155011779167545e-03,0.000000000000000000e+00,2.104112768874565609e-01,0.000000000000000000e+00,5.571230754356666370e-01,3.739667184867193628e-01,-1.451574055724534351e-01,1.694634657537766598e-01,0.000000000000000000e+00,0.000000000000000000e+00,0.000000000000000000e+00,3.798320102448952268e-02,0.000000000000000000e+00,0.000000000000000000e+00,0.000000000000000000e+00,-0.000000000000000000e+00
-0.000000000000000000e+00,-0.000000000000000000e+00,-4.354651994982248198e-01,0.000000000000000000e+00,2.356819771608719361e+00,0.000000000000000000e+00,-0.000000000000000000e+00,2.009211123828269496e-01,-2.386975582449112065e-01,-0.000000000000000000e+00,0.000000000000000000e+00,-0.000000000000000000e+00,0.000000000000000000e+00,-3.192680573496159413e-01,2.028596603052649008e-02,-3.651078945090954764e-01,0.000000000000000000e+00,-9.584060224467227940e-02,-0.000000000000000000e+00,-1.987952248134724348e-02,-0.000000000000000000e+00,-0.000000000000000000e+00,-0.000000000000000000e+00,-0.000000000000000000e+00,-0.000000000000000000e+00,-0.000000000000000000e+00,-0.000000000000000000e+00,-0.000000000000000000e+00,-0.000000000000000000e+00,-5.040990281744141266e-02,-0.000000000000000000e+00,-5.788797743841141152e-02,-6.888670511821734684e-03,-3.130170865808186154e-01,-0.000000000000000000e+00,-0.000000000000000000e+00,0.000000000000000000e+00,-2.393049385461737677e-01,-1.872023677471100767e-01
0.000000000000000000e+00,-0.000000000000000000e+00,0.000000000000000000e+00,-0.000000000000000000e+00,0.000000000000000000e+00,2.101402786349999996e+00,4.016930798281742598e-01,-0.000000000000000000e+00,0.000000000000000000e+00,0.000000000000000000e+00,-2.510565397330933313e-01,2.530722128278338756e-01,0.000000000000000000e+00,0.000000000000000000e+00,2.096081243931007254e-01,0.000000000000000000e+00,-7.275137597580962900e-01,0.000000000000000000e+00,0.000000000000000000e+00,0.000000000000000000e+00,0.000000000000000000e+00,-0.000000000000000000e+00,-8.826359896006431838e-02,0.000000000000000000e+00,-0.000000000000000000e+00,0.000000000000000000e+00,0.000000000000000000e+00,7.010940609874113938e-02,0.000000000000000000e+00,-0.000000000000000000e+00,0.000000000000000000e+00,-0.000000000000000000e+00,-0.000000000000000000e+00,3.119389089777442961e-02,0.000000000000000000e+00,-0.000000000000000000e+00,-0.000000000000000000e+00,1.574887426067876073e-01,0.000000000000000000e+00
-0.000000000000000000e+00,2.812487879704135274e-01,-0.000000000000000000e+00,0.000000000000000000e+00,-0.000000000000000000e+00,4.016930798281742598e-01,2.069700576437635053e+00,1.883841877464613804e-02,0.000000000000000000e+00,0.000000000000000000e+00,0.000000000000000000e+00,-2.294880577886995038e-02,-2.016380686456160573e-02,-0.000000000000000000e+00,-0.000000000000000000e+00,-0.000000000000000000e+00,4.547705234741199198e-02,-0.000000000000000000e+00,-4.204487186781982744e-01,-8.988456369028834103e-02,-0.000000000000000000e+00,-0.000000000000000000e+00,0.000000000000000000e+00,-8.556374018347438770e-02,-0.000000000000000000e+00,-9.123773176354026126e-02,-0.000000000000000000e+00,-5.307215068202849606e-01,-0.000000000000000000e+00,1.541854137110134498e-03,-5.529169521404002363e-02,-0.000000000000000000e+00,0.000000000000000000e+00,-0.000000000000000000e+00,-0.000000000000000000e+00,0.000000000000000000e+00,0.000000000000000000e+00,-0.000000000000000000e+00,0.000000000000000000e+00
0.000000000000000000e+00,-0.000000000000000000e+00,1.301218779894297572e+00,-0.000000000000000000e+00,2.009211123828269496e-01,-0.000000000000000000e+00,1.883841877464613804e-02,2.850819439749346262e+00,0.000000000000000000e+00,-0.000000000000000000e+00,-0.000000000000000000e+00,0.000000000000000000e+00,0.000000000000000000e+00,3.185765789200062925e-01,-0.000000000000000000e+00,0.000000000000000000e+00,-0.000000000000000000e+00,0.000000000000000000e+00,0.000000000000000000e+00,2.035822373213003189e-02,0.000000000000000000e+00,1.928892484381244388e-01,0.000000000000000000e+00,2.266629375655993539e-01,0.000000000000000000e+00,0.000000000000000000e+00,0.000000000000000000e+00,2.443635998278150534e-01,0.000000000000000000e+00,-0.000000000000000000e+00,2.239221929803164035e-01,0.000000000000000000e+00,1.006614872223228312e-02,1.735798242854186269e-01,0.000000000000000000e+00,0.000000000000000000e+00,0.000000000000000000e+00,0.000000000000000000e+00,0.000000000000000000e+00
-3.340700259370241176e-01,-0.000000000000000000e+00,-0.000000000000000000e+00,-0.000000000000000000e+00,-2.386975582449112065e-01,0.000000000000000000e+00,0.000000000000000000e+00,0.000000000000000000e+00,2.146775841292715814e+00,-4.314195459679632805e-01,0.000000000000000000e+00,-0.000000000000000000e+00,1.864294529188132432e-01,-0.000000000000000000e+00,0.000000000000000000e+00,-1.193428216234092010e-01,0.000000000000000000e+00,-1.699186362703368480e-01,-0.000000000000000000e+00,-0.000000000000000000e+00,0.000000000000000000e+00,0.000000000000000000e+00,0.000000000000000000e+00,-0.000000000000000000e+00,0.000000000000000000e+00,-0.000000000000000000e+00,-0.000000000000000000e+00,0.000000000000000000e+00,0.000000000000000000e+00,-4.463670421374481556e-01,-0.000000000000000000e+00,-0.000000000000000000e+00,0.000000000000000000e+00,-0.000000000000000000e+00,0.000000000000000000e+00,-0.000000000000000000e+00,0.000000000000000000e+00,-2.388216569491695418e-01,-1.143680826745168272e-01
-0.000000000000000000e+00,-3.027269456896090061e-01,-0.000000000000000000e+00,-0.000000000000000000e+00,-0.000000000000000000e+00,0.000000000000000000e+00,0.000000000000000000e+00,-0.000000000000000000e+00,-4.314195459679632805e-01,2.531080302818097483e+00,-0.000000000000000000e+00,-0.000000000000000000e+00,0.000000000000000000e+00,-0.000000000000000000e+00,1.295776881397826541e-01,-5.003528319751804343e-01,0.000000000000000000e+00,-0.000000000000000000e+00,-0.000000000000000000e+00,-0.000000000000000000e+00,0.000000000000000000e+00,0.000000000000000000e+00,0.000000000000000000e+00,0.000000000000000000e+00,0.000000000000000000e+00,-0.000000000000000000e+00,-0.000000000000000000e+00,0.000000000000000000e+00,0.000000000000000000e+00,-6.794013132070659822e-01,0.000000000000000000e+00,-0.000000000000000000e+00,-0.000000000000000000e+00,-0.000000000000000000e+00,0.000000000000000000e+00,-0.000000000000000000e+00,0.000000000000000000e+00,-0.000000000000000000e+00,-6.757241553170146853e-01
0.000000000000000000e+00,-0.000000000000000000e+00,0.000000000000000000e+00,-0.000000000000000000e+00,0.000000000000000000e+00,-2.510565397330933313e-01,0.000000000000000000e+00,-0.000000000000000000e+00,0.000000000000000000e+00,-0.000000000000000000e+00,1.772984668718850854e+00,2.185381415433839541e-02,-0.000000000000000000e+00,0.000000000000000000e+00,1.094967375778938684e-01,-0.000000000000000000e+00,-5.531191239996481324e-01,1.458797530158314204e-01,3.296779979813081463e-01,0.000000000000000000e+00,-0.000000000000000000e+00,-2.709363794097240791e-02,-1.053152224879266574e-01,0.000000000000000000e+00,-6.038190945940025145e-02,0.000000000000000000e+00,0.000000000000000000e+00,0.000000000000000000e+00,-0.000000000000000000e+00,-0.000000000000000000e+00,-0.000000000000000000e+00,-0.000000000000000000e+00,-1.923250845607071824e-01,8.675952064232414496e-02,-0.000000000000000000e+00,-1.940059400716381277e-01,-1.047157141884768466e-01,0.000000000000000000e+00,-0.000000000000000000e+00
-0.000000000000000000e+00,0.000000000000000000e+00,-0.000000000000000000e+00,0.000000000000000000e+00,-0.000000000000000000e+00,2.530722128278338756e-01,-2.294880577886995038e-02,0.000000000000000000e+00,-0.000000000000000000e+00,-0.000000000000000000e+00,2.185381415433839541e-02,2.214103750353721978e+00,0.000000000000000000e+00,-0.000000000000000000e+00,-0.000000000000000000e+00,-0.000000000000000000e+00,3.251059774867509078e-01,-2.225501445438638204e-01,-4.399067680964778293e-01,-0.000000000000000000e+00,-0.000000000000000000e+00,0.000000000000000000e+00,0.000000000000000000e+00,-3.468559068678109258e-01,-0.000000000000000000e+00,-2.590904436766026248e-02,-8.122841098394667503e-02,-2.101152189447625523e-02,-0.000000000000000000e+00,0.000000000000000000e+00,-0.000000000000000000e+00,-0.000000000000000000e+00,-0.000000000000000000e+00,-0.000000000000000000e+00,-0.000000000000000000e+00,0.000000000000000000e+00,0.000000000000000000e+00,-3.683537619928198281e-01,-0.000000000000000000e+00
0.000000000000000000e+00,6.211126051270126486e-02,-0.000000000000000000e+00,0.000000000000000000e+00,0.000000000000000000e+00,0.000000000000000000e+00,-2.016380686456160573e-02,0.000000000000000000e+00,1.864294529188132432e-01,0.000000000000000000e+00,-0.000000000000000000e+00,0.000000000000000000e+00,1.155674411726911099e+00,-0.000000000000000000e+00,0.000000000000000000e+00,0.000000000000000000e+00,-0.000000000000000000e+00,0.000000000000000000e+00,0.000000000000000000e+00,-0.000000000000000000e+00,-0.000000000000000000e+00,-2.445160701488822419e-01,-0.000000000000000000e+00,-0.000000000000000000e+00,-1.160109860839043522e-01,0.000000000000000000e+00,0.000000000000000000e+00,-0.000000000000000000e+00,-0.000000000000000000e+00,1.621916125609319803e-01,-6.701982569736961159e-02,-0.000000000000000000e+00,-0.000000000000000000e+00,-0.000000000000000000e+00,-0.000000000000000000e+00,-0.000000000000000000e+00,-0.000000000000000000e+00,0.000000000000000000e+00,0.000000000000000000e+00
-0.000000000000000000e+00,0.000000000000000000e+00,-3.289891864679779232e-01,0.000000000000000000e+00,-3.192680573496159413e-01,0.000000000000000000e+00,-0.000000000000000000e+00,3.185765789200062925e-01,-0.000000000000000000e+00,-0.000000000000000000e+00,0.000000000000000000e+00,-0.000000000000000000e+00,-0.000000000000000000e+00,2.089061465237799897e+00,0.000000000000000000e+00,-1.023157453756418089e-01,2.756878838402038526e-02,-0.000000000000000000e+00,-0.000000000000000000e+00,-0.000000000000000000e+00,-0.000000000000000000e+00,-0.000000000000000000e+00,-0.000000000000000000e+00,-3.752395562079344216e-01,-0.000000000000000000e+00,-0.000000000000000000e+00,-0.000000000000000000e+00,-0.000000000000000000e+00,-0.000000000000000000e+00,-0.000000000000000000e+00,-0.000000000000000000e+00,-0.000000000000000000e+00,-2.809828811075323896e-01,-0.000000000000000000e+00,-7.457555278461440798e-03,-0.000000000000000000e+00,-0.000000000000000000e+00,-2.537618194105020764e-01,-0.000000000000000000e+00
0.000000000000000000e+00,2.142168434058749071e-01,0.000000000000000000e+00,4.196574579038113428e-02,2.028596603052649008e-02,2.096081243931007254e-01,-0.000000000000000000e+00,-0.000000000000000000e+00,0.000000000000000000e+00,1.295776881397826541e-01,1.094967375778938684e-01,-0.000000000000000000e+00,0.000000000000000000e+00,0.000000000000000000e+00,1.296510046852486386e+00,9.282676044447396579e-02,0.000000000000000000e+00,0.000000000000000000e+00,-0.000000000000000000e+00,-0.000000000000000000e+00,-0.000000000000000000e+00,0.000000000000000000e+00,0.000000000000000000e+00,-0.000000000000000000e+00,0.000000000000000000e+00,-0.000000000000000000e+00,0.000000000000000000e+00,-0.000000000000000000e+00,-0.000000000000000000e+00,1.303198051529278478e-01,0.000000000000000000e+00,0.000000000000000000e+00,0.000000000000000000e+00,-0.000000000000000000e+00,-0.000000000000000000e+00,1.348579432921541699e-01,0.000000000000000000e+00,0.000000000000000000e+00,1.269885667507295035e-01
-1.553938848230272674e-01,-0.000000000000000000e+00,-0.000000000000000000e+00,0.000000000000000000e+00,-3.651078945090954764e-01,0.000000000000000000e+00,-0.000000000000000000e+00,0.000000000000000000e+00,-1.193428216234092010e-01,-5.003528319751804343e-01,-0.000000000000000000e+00,-0.000000000000000000e+00,0.000000000000000000e+00,-1.023157453756418089e-01,9.282676044447396579e-02,2.176841594315554573e+00,0.000000000000000000e+00,-3.948016863042336927e-02,-0.000000000000000000e+00,-0.000000000000000000e+00,-0.000000000000000000e+00,-0.000000000000000000e+00,-0.000000000000000000e+00,-1.344463115844831552e-02,-0.000000000000000000e+00,-0.000000000000000000e+00,-1.926218480811587586e-01,-0.000000000000000000e+00,-0.000000000000000000e+00,-0.000000000000000000e+00,-0.000000000000000000e+00,-0.000000000000000000e+00,-0.000000000000000000e+00,-0.000000000000000000e+00,-0.000000000000000000e+00,-5.594554215971443700e-02,-0.000000000000000000e+00,-4.683727348530743462e-01,-1.592326755547683048e-01
0.000000000000000000e+00,-0.000000000000000000e+00,0.000000000000000000e+00,-0.000000000000000000e+00,0.000000000000000000e+00,-7.275137597580962900e-01,4.547705234741199198e-02,-0.000000000000000000e+00,0.000000000000000000e+00,0.000000000000000000e+00,-5.531191239996481324e-01,3.251059774867509078e-01,-0.000000000000000000e+00,2.756878838402038526e-02,0.000000000000000000e+00,0.000000000000000000e+00,2.307729520866091288e+00,1.296352257130424235e-01,1.409500389924495944e-01,2.829583826432982910e-02,0.000000000000000000e+00,-0.000000000000000000e+00,-6.412292139028551163e-02,4.462767385611830784e-02,-0.000000000000000000e+00,7.006807185811241012e-02,0.000000000000000000e+00,1.028921970793186813e-01,0.000000000000000000e+00,-0.000000000000000000e+00,0.000000000000000000e+00,0.000000000000000000e+00,-0.000000000000000000e+00,0.000000000000000000e+00,0.000000000000000000e+00,-0.000000000000000000e+00,-0.000000000000000000e+00,8.961095313607343738e-02,0.000000000000000000e+00
-1.559561015701360458e-02,0.000000000000000000e+00,-0.000000000000000000e+00,0.000000000000000000e+00,-9.584060224467227940e-02,0.000000000000000000e+00,-0.000000000000000000e+00,0.000000000000000000e+00,-1.699186362703368480e-01,-0.000000000000000000e+00,1.458797530158314204e-01,-2.225501445438638204e-01,0.000000000000000000e+00,-0.000000000000000000e+00,0.000000000000000000e+00,-3.948016863042336927e-02,1.296352257130424235e-01,2.583709100612554543e+00,-7.448532462639066987e-01,-5.607214139916594231e-02,-0.000000000000000000e+00,0.000000000000000000e+00,0.000000000000000000e+00,-0.000000000000000000e+00,0.000000000000000000e+00,-3.108869703786816263e-01,-6.107946183529709000e-02,-0.000000000000000000e+00,-0.000000000000000000e+00,-0.000000000000000000e+00,-0.000000000000000000e+00,-0.000000000000000000e+00,-0.000000000000000000e+00,-0.000000000000000000e+00,-0.000000000000000000e+00,0.000000000000000000e+00,0.000000000000000000e+00,-6.134885645664950315e-01,-0.000000000000000000e+00
-6.428702546649850413e-02,0.000000000000000000e+00,-0.000000000000000000e+00,0.000000000000000000e+00,-0.000000000000000000e+00,0.000000000000000000e+00,-4.204487186781982744e-01,0.000000000000000000e+00,-0.000000000000000000e+00,-0.000000000000000000e+00,3.296779979813081463e-01,-4.399067680964778293e-01,0.000000000000000000e+00,-0.000000000000000000e+00,-0.000000000000000000e+00,-0.000000000000000000e+00,1.409500389924495944e-01,-7.448532462639066987e-01,2.891373005216090863e+00,-3.617619027784745867e-01,-0.000000000000000000e+00,0.000000000000000000e+00,0.000000000000000000e+00,-0.000000000000000000e+00,0.000000000000000000e+00,-3.119620695353556572e-01,-8.961574955005933638e-03,-1.925571450507858606e-01,-0.000000000000000000e+00,-0.000000000000000000e+00,-0.000000000000000000e+00,-0.000000000000000000e+00,0.000000000000000000e+00,-0.000000000000000000e+00,-0.000000000000000000e+00,0.000000000000000000e+00,0.000000000000000000e+00,-1.237022105744836342e-01,-0.000000000000000000e+00
-0.000000000000000000e+00,0.000000000000000000e+00,-2.984404998311231960e-01,0.000000000000000000e+00,-1.987952248134724348e-02,0.000000000000000000e+00,-8.988456369028834103e-02,2.035822373213003189e-02,-0.000000000000000000e+00,-0.000000000000000000e+00,0.000000000000000000e+00,-0.000000000000000000e+00,-0.000000000000000000e+00,-0.000000000000000000e+00,-0.000000000000000000e+00,-0.000000000000000000e+00,2.829583826432982910e-02,-5.607214139916594231e-02,-3.617619027784745867e-01,1.549861038091905785e+00,-9.294688785920952184e-03,-0.000000000000000000e+00,0.000000000000000000e+00,-0.000000000000000000e+00,-0.000000000000000000e+00,-0.000000000000000000e+00,-0.000000000000000000e+00,-1.176002063736136805e-01,-0.000000000000000000e+00,-0.000000000000000000e+00,-0.000000000000000000e+00,-0.000000000000000000e+00,-0.000000000000000000e+00,-1.831979522383956824e-02,-0.000000000000000000e+00,-0.000000000000000000e+00,-0.000000000000000000e+00,-1.558395088411637652e-01,-0.000000000000000000e+00
-0.000000000000000000e+00,0.000000000000000000e+00,-1.831030747706388351e-01,0.000000000000000000e+00,-0.000000000000000000e+00,0.000000000000000000e+00,-0.000000000000000000e+00,0.000000000000000000e+00,0.000000000000000000e+00,0.000000000000000000e+00,-0.000000000000000000e+00,-0.000000000000000000e+00,-0.000000000000000000e+00,-0.000000000000000000e+00,-0.000000000000000000e+00,-0.000000000000000000e+00,0.000000000000000000e+00,-0.000000000000000000e+00,-0.000000000000000000e+00,-9.294688785920952184e-03,1.429975050906473477e+00,-0.000000000000000000e+00,-0.000000000000000000e+00,-8.091973578878169926e-03,-2.088064009096674695e-02,-0.000000000000000000e+00,-0.000000000000000000e+00,-1.075800306971692877e-01,-1.188946755452821163e-01,0.000000000000000000e+00,-0.000000000000000000e+00,-0.000000000000000000e+00,-4.614213938123919445e-01,-0.000000000000000000e+00,-1.519316886220825891e-01,-0.000000000000000000e+00,-0.000000000000000000e+00,-0.000000000000000000e+00,0.000000000000000000e+00
-0.000000000000000000e+00,0.000000000000000000e+00,-3.160031027625573308e-01,0.000000000000000000e+00,-0.000000000000000000e+00,-0.000000000000000000e+00,-0.000000000000000000e+00,1.928892484381244388e-01,0.000000000000000000e+00,0.000000000000000000e+00,-2.709363794097240791e-02,0.000000000000000000e+00,-2.445160701488822419e-01,-0.000000000000000000e+00,0.000000000000000000e+00,-0.000000000000000000e+00,-0.000000000000000000e+00,0.000000000000000000e+00,0.000000000000000000e+00,-0.000000000000000000e+00,-0.000000000000000000e+00,1.482863165904724223e+00,-1.019816712229763556e-01,-0.000000000000000000e+00,-0.000000000000000000e+00,-0.000000000000000000e+00,-0.000000000000000000e+00,-0.000000000000000000e+00,-0.000000000000000000e+00,-0.000000000000000000e+00,-0.000000000000000000e+00,-0.000000000000000000e+00,-4.006964368354781203e-01,-0.000000000000000000e+00,-0.000000000000000000e+00,-1.091524840965646739e-02,-0.000000000000000000e+00,-0.000000000000000000e+00,-0.000000000000000000e+00
-0.000000000000000000e+00,-0.000000000000000000e+00,-0.000000000000000000e+00,0.000000000000000000e+00,-0.000000000000000000e+00,-8.826359896006431838e-02,0.000000000000000000e+00,0.000000000000000000e+00,0.000000000000000000e+00,0.000000000000000000e+00,-1.053152224879266574e-01,0.000000000000000000e+00,-0.000000000000000000e+00,-0.000000000000000000e+00,0.000000000000000000e+00,-0.000000000000000000e+00,-6.412292139028551163e-02,0.000000000000000000e+00,0.000000000000000000e+00,0.000000000000000000e+00,-0.000000000000000000e+00,-1.019816712229763556e-01,1.488819819683982804e+00,-4.237394018515994870e-02,-7.527475739189646298e-01,-0.000000000000000000e+00,-0.000000000000000000e+00,-0.000000000000000000e+00,-0.000000000000000000e+00,0.000000000000000000e+00,-0.000000000000000000e+00,-0.000000000000000000e+00,-2.295958031666930563e-02,0.000000000000000000e+00,-0.000000000000000000e+00,-4.257217353097439427e-02,-6.467259218892823514e-02,0.000000000000000000e+00,0.000000000000000000e+00
-0.000000000000000000e+00,0.000000000000000000e+00,-4.272764716103646943e-03,1.432155011779167545e-03,-0.000000000000000000e+00,0.000000000000000000e+00,-8.556374018347438770e-02,2.266629375655993539e-01,-0.000000000000000000e+00,0.000000000000000000e+00,0.000000000000000000e+00,-3.468559068678109258e-01,-0.000000000000000000e+00,-3.752395562079344216e-01,-0.000000000000000000e+00,-1.344463115844831552e-02,4.462767385611830784e-02,-0.000000000000000000e+00,-0.000000000000000000e+00,-0.000000000000000000e+00,-8.091973578878169926e-03,-0.000000000000000000e+00,-4.237394018515994870e-02,2.255717490122034263e+00,-2.679983196327034300e-01,-1.650379779326618113e-01,-0.000000000000000000e+00,-3.151473127181360634e-01,-1.716204634653989147e-01,0.000000000000000000e+00,-4.483947511203614095e-02,-0.000000000000000000e+00,-0.000000000000000000e+00,-0.000000000000000000e+00,-3.094659659567611243e-01,-0.000000000000000000e+00,-0.000000000000000000e+00,-0.000000000000000000e+00,0.000000000000000000e+00
-0.000000000000000000e+00,-0.000000000000000000e+00,-0.000000000000000000e+00,0.000000000000000000e+00,-0.000000000000000000e+00,-0.000000000000000000e+00,-0.000000000000000000e+00,0.000000000000000000e+00,0.000000000000000000e+00,0.000000000000000000e+00,-6.038190945940025145e-02,-0.000000000000000000e+00,-1.160109860839043522e-01,-0.000000000000000000e+00,0.000000000000000000e+00,-0.000000000000000000e+00,-0.000000000000000000e+00,0.000000000000000000e+00,0.000000000000000000e+00,-0.000000000000000000e+00,-2.088064009096674695e-02,-0.000000000000000000e+00,-7.527475739189646298e-01,-2.679983196327034300e-01,1.807128628842871176e+00,-0.000000000000000000e+00,-0.000000000000000000e+00,-0.000000000000000000e+00,-1.095537522798420843e-01,2.822242176028067276e-02,-2.745224930763494053e-01,-0.000000000000000000e+00,-2.337285740064933004e-01,0.000000000000000000e+00,-0.000000000000000000e+00,-8.381474939602846785e-02,-3.946144140693179370e-02,-0.000000000000000000e+00,0.000000000000000000e+00
-3.967236539026514075e-01,0.000000000000000000e+00,-0.000000000000000000e+00,2.104112768874565609e-01,-0.000000000000000000e+00,0.000000000000000000e+00,-9.123773176354026126e-02,0.000000000000000000e+00,-0.000000000000000000e+00,-0.000000000000000000e+00,0.000000000000000000e+00,-2.590904436766026248e-02,0.000000000000000000e+00,-0.000000000000000000e+00,-0.000000000000000000e+00,-0.000000000000000000e+00,7.006807185811241012e-02,-3.108869703786816263e-01,-3.119620695353556572e-01,-0.000000000000000000e+00,-0.000000000000000000e+00,-0.000000000000000000e+00,-0.000000000000000000e+00,-1.650379779326618113e-01,-0.000000000000000000e+00,3.295704735748390402e+00,-8.039875413067076870e-01,-7.431965041188557386e-01,-1.990557150371533579e-01,0.000000000000000000e+00,-7.950047131395855671e-02,-1.495337085590938142e-01,-0.000000000000000000e+00,-0.000000000000000000e+00,-0.000000000000000000e+00,-0.000000000000000000e+00,-0.000000000000000000e+00,-4.991159458646712149e-02,0.000000000000000000e+00
-2.930142029767828227e-01,-0.000000000000000000e+00,-0.000000000000000000e+00,0.000000000000000000e+00,-0.000000000000000000e+00,0.000000000000000000e+00,-0.000000000000000000e+00,0.000000000000000000e+00,-0.000000000000000000e+00,-0.000000000000000000e+00,0.000000000000000000e+00,-8.122841098394667503e-02,0.000000000000000000e+00,-0.000000000000000000e+00,0.000000000000000000e+00,-1.926218480811587586e-01,0.000000000000000000e+00,-6.107946183529709000e-02,-8.961574955005933638e-03,-0.000000000000000000e+00,-0.000000000000000000e+00,-0.000000000000000000e+00,-0.000000000000000000e+00,-0.000000000000000000e+00,-0.000000000000000000e+00,-8.039875413067076870e-01,2.543293761662326347e+00,-0.000000000000000000e+00,-1.099199817786390004e-01,0.000000000000000000e+00,-4.096243151656578374e-01,-5.435467682358002817e-01,0.000000000000000000e+00,-0.000000000000000000e+00,-2.075453381566221348e-02,-0.000000000000000000e+00,-0.000000000000000000e+00,-0.000000000000000000e+00,-0.000000000000000000e+00
-0.000000000000000000e+00,1.679745983603599946e-01,-1.182375149926758739e-01,5.571230754356666370e-01,-0.000000000000000000e+00,7.010940609874113938e-02,-5.307215068202849606e-01,2.443635998278150534e-01,0.000000000000000000e+00,0.000000000000000000e+00,0.000000000000000000e+00,-2.101152189447625523e-02,-0.000000000000000000e+00,-0.000000000000000000e+00,-0.000000000000000000e+00,-0.000000000000000000e+00,1.028921970793186813e-01,-0.000000000000000000e+00,-1.925571450507858606e-01,-1.176002063736136805e-01,-1.075800306971692877e-01,-0.000000000000000000e+00,-0.000000000000000000e+00,-3.151473127181360634e-01,-0.000000000000000000e+00,-7.431965041188557386e-01,-0.000000000000000000e+00,3.149874316023584697e+00,-1.548216979697936146e-01,0.000000000000000000e+00,-2.295622622335489749e-01,-0.000000000000000000e+00,-0.000000000000000000e+00,-0.000000000000000000e+00,-0.000000000000000000e+00,0.000000000000000000e+00,-0.000000000000000000e+00,-0.000000000000000000e+00,0.000000000000000000e+00
-1.116377239255892106e-01,-0.000000000000000000e+00,-0.000000000000000000e+00,3.739667184867193628e-01,-0.000000000000000000e+00,0.000000000000000000e+00,-0.000000000000000000e+00,0.000000000000000000e+00,0.000000000000000000e+00,0.000000000000000000e+00,-0.000000000000000000e+00,-0.000000000000000000e+00,-0.000000000000000000e+00,-0.000000000000000000e+00,-0.000000000000000000e+00,-0.000000000000000000e+00,0.000000000000000000e+00,-0.000000000000000000e+00,-0.000000000000000000e+00,-0.000000000000000000e+00,-1.188946755452821163e-01,-0.000000000000000000e+00,-0.000000000000000000e+00,-1.716204634653989147e-01,-1.095537522798420843e-01,-1.990557150371533579e-01,-1.099199817786390004e-01,-1.548216979697936146e-01,2.327828901463389943e+00,2.709074182415152545e-03,-2.460555067863096079e-01,-2.665005696361996690e-01,-0.000000000000000000e+00,0.000000000000000000e+00,-5.936367402308861951e-01,-0.000000000000000000e+00,-0.000000000000000000e+00,-0.000000000000000000e+00,0.000000000000000000e+00
-0.000000000000000000e+00,-0.000000000000000000e+00,-0.000000000000000000e+00,-1.451574055724534351e-01,-5.040990281744141266e-02,-0.000000000000000000e+00,1.541854137110134498e-03,-0.000000000000000000e+00,-4.463670421374481556e-01,-6.794013132070659822e-01,-0.000000000000000000e+00,0.000000000000000000e+00,1.621916125609319803e-01,-0.000000000000000000e+00,1.303198051529278478e-01,-0.000000000000000000e+00,-0.000000000000000000e+00,-0.000000000000000000e+00,-0.000000000000000000e+00,-0.000000000000000000e+00,0.000000000000000000e+00,-0.000000000000000000e+00,0.000000000000000000e+00,0.000000000000000000e+00,2.822242176028067276e-02,0.000000000000000000e+00,0.000000000000000000e+00,0.000000000000000000e+00,2.709074182415152545e-03,2.154186729342864481e+00,0.000000000000000000e+00,-0.000000000000000000e+00,-0.000000000000000000e+00,-0.000000000000000000e+00,2.324261558185904131e-02,-0.000000000000000000e+00,6.802926068435639906e-02,-0.000000000000000000e+00,-6.131856714393860708e-01
-5.610212108317703169e-04,-0.000000000000000000e+00,-3.235837711567969566e-02,1.694634657537766598e-01,-0.000000000000000000e+00,0.000000000000000000e+00,-5.529169521404002363e-02,2.239221929803164035e-01,-0.000000000000000000e+00,0.000000000000000000e+00,-0.000000000000000000e+00,-0.000000000000000000e+00,-6.701982569736961159e-02,-0.000000000000000000e+00,0.000000000000000000e+00,-0.000000000000000000e+00,0.000000000000000000e+00,-0.000000000000000000e+00,-0.000000000000000000e+00,-0.000000000000000000e+00,-0.000000000000000000e+00,-0.000000000000000000e+00,-0.000000000000000000e+00,-4.483947511203614095e-02,-2.745224930763494053e-01,-7.950047131395855671e-02,-4.096243151656578374e-01,-2.295622622335489749e-01,-2.460555067863096079e-01,0.000000000000000000e+00,2.274064079375091474e+00,-3.244038000766312768e-01,-0.000000000000000000e+00,-0.000000000000000000e+00,-2.451422744230655204e-01,-1.337982634207718902e-01,-0.000000000000000000e+00,-0.000000000000000000e+00,0.000000000000000000e+00
-2.754650620727123744e-01,-0.000000000000000000e+00,-0.000000000000000000e+00,0.000000000000000000e+00,-5.788797743841141152e-02,-0.000000000000000000e+00,-0.000000000000000000e+00,0.000000000000000000e+00,-0.000000000000000000e+00,-0.000000000000000000e+00,-0.000000000000000000e+00,-0.000000000000000000e+00,-0.000000000000000000e+00,-0.000000000000000000e+00,0.000000000000000000e+00,-0.000000000000000000e+00,0.000000000000000000e+00,-0.000000000000000000e+00,-0.000000000000000000e+00,-0.000000000000000000e+00,-0.000000000000000000e+00,-0.000000000000000000e+00,-0.000000000000000000e+00,-0.000000000000000000e+00,-0.000000000000000000e+00,-1.495337085590938142e-01,-5.435467682358002817e-01,-0.000000000000000000e+00,-2.665005696361996690e-01,-0.000000000000000000e+00,-3.244038000766312768e-01,1.905252793684127921e+00,0.000000000000000000e+00,-0.000000000000000000e+00,-0.000000000000000000e+00,-1.737875530424864631e-02,-0.000000000000000000e+00,-0.000000000000000000e+00,-0.000000000000000000e+00
-0.000000000000000000e+00,-0.000000000000000000e+00,-1.588811905580562456e-01,0.000000000000000000e+00,-6.888670511821734684e-03,-0.000000000000000000e+00,0.000000000000000000e+00,1.006614872223228312e-02,0.000000000000000000e+00,-0.000000000000000000e+00,-1.923250845607071824e-01,-0.000000000000000000e+00,-0.000000000000000000e+00,-2.809828811075323896e-01,0.000000000000000000e+00,-0.000000000000000000e+00,-0.000000000000000000e+00,-0.000000000000000000e+00,0.000000000000000000e+00,-0.000000000000000000e+00,-4.614213938123919445e-01,-4.006964368354781203e-01,-2.295958031666930563e-02,-0.000000000000000000e+00,-2.337285740064933004e-01,-0.000000000000000000e+00,0.000000000000000000e+00,-0.000000000000000000e+00,-0.000000000000000000e+00,-0.000000000000000000e+00,-0.000000000000000000e+00,0.000000000000000000e+00,1.693163419687178539e+00,-0.000000000000000000e+00,-1.243694201306525665e-02,-0.000000000000000000e+00,-0.000000000000000000e+00,-0.000000000000000000e+00,-0.000000000000000000e+00
-0.000000000000000000e+00,2.826900658290941726e-01,-2.542916278053746204e-01,0.000000000000000000e+00,-3.130170865808186154e-01,3.119389089777442961e-02,-0.000000000000000000e+00,1.735798242854186269e-01,-0.000000000000000000e+00,-0.000000000000000000e+00,8.675952064232414496e-02,-0.000000000000000000e+00,-0.000000000000000000e+00,-0.000000000000000000e+00,-0.000000000000000000e+00,-0.000000000000000000e+00,0.000000000000000000e+00,-0.000000000000000000e+00,-0.000000000000000000e+00,-1.831979522383956824e-02,-0.000000000000000000e+00,-0.000000000000000000e+00,0.000000000000000000e+00,-0.000000000000000000e+00,0.000000000000000000e+00,-0.000000000000000000e+00,-0.000000000000000000e+00,-0.000000000000000000e+00,0.000000000000000000e+00,-0.000000000000000000e+00,-0.000000000000000000e+00,-0.000000000000000000e+00,-0.000000000000000000e+00,1.470399222408212303e+00,0.000000000000000000e+00,2.420722166736974379e-02,1.959174714697601172e-03,-5.549750370690669649e-02,-0.000000000000000000e+00
-2.100666069840886191e-02,-0.000000000000000000e+00,-0.000000000000000000e+00,3.798320102448952268e-02,-0.000000000000000000e+00,0.000000000000000000e+00,-0.000000000000000000e+00,0.000000000000000000e+00,0.000000000000000000e+00,0.000000000000000000e+00,-0.000000000000000000e+00,-0.000000000000000000e+00,-0.000000000000000000e+00,-7.457555278461440798e-03,-0.000000000000000000e+00,-0.000000000000000000e+00,0.000000000000000000e+00,-0.000000000000000000e+00,-0.000000000000000000e+00,-0.000000000000000000e+00,-1.519316886220825891e-01,-0.000000000000000000e+00,-0.000000000000000000e+00,-3.094659659567611243e-01,-0.000000000000000000e+00,-0.000000000000000000e+00,-2.075453381566221348e-02,-0.000000000000000000e+00,-5.936367402308861951e-01,2.324261558185904131e-02,-2.451422744230655204e-01,-0.000000000000000000e+00,-1.243694201306525665e-02,0.000000000000000000e+00,2.139686750423661188e+00,-6.575510560415062655e-02,-7.689083086598984540e-01,-0.000000000000000000e+00,0.000000000000000000e+00
-1.136401806521594865e-01,-6.052308679856663876e-01,-0.000000000000000000e+00,0.000000000000000000e+00,-0.000000000000000000e+00,-0.000000000000000000e+00,0.000000000000000000e+00,0.000000000000000000e+00,-0.000000000000000000e+00,-0.000000000000000000e+00,-1.940059400716381277e-01,0.000000000000000000e+00,-0.000000000000000000e+00,-0.000000000000000000e+00,1.348579432921541699e-01,-5.594554215971443700e-02,-0.000000000000000000e+00,0.000000000000000000e+00,0.000000000000000000e+00,-0.000000000000000000e+00,-0.000000000000000000e+00,-1.091524840965646739e-02,-4.257217353097439427e-02,-0.000000000000000000e+00,-8.381474939602846785e-02,-0.000000000000000000e+00,-0.000000000000000000e+00,0.000000000000000000e+00,-0.000000000000000000e+00,-0.000000000000000000e+00,-1.337982634207718902e-01,-1.737875530424864631e-02,-0.000000000000000000e+00,2.420722166736974379e-02,-6.575510560415062655e-02,1.467019139440209896e+00,-1.141635684414727681e-01,0.000000000000000000e+00,-0.000000000000000000e+00
-0.000000000000000000e+00,-0.000000000000000000e+00,-0.000000000000000000e+00,0.000000000000000000e+00,0.000000000000000000e+00,-0.000000000000000000e+00,0.000000000000000000e+00,0.000000000000000000e+00,0.000000000000000000e+00,0.000000000000000000e+00,-1.047157141884768466e-01,0.000000000000000000e+00,-0.000000000000000000e+00,-0.000000000000000000e+00,0.000000000000000000e+00,-0.000000000000000000e+00,-0.000000000000000000e+00,0.000000000000000000e+00,0.000000000000000000e+00,-0.000000000000000000e+00,-0.000000000000000000e+00,-0.000000000000000000e+00,-6.467259218892823514e-02,-0.000000000000000000e+00,-3.946144140693179370e-02,-0.000000000000000000e+00,-0.000000000000000000e+00,-0.000000000000000000e+00,-0.000000000000000000e+00,6.802926068435639906e-02,-0.000000000000000000e+00,-0.000000000000000000e+00,-0.000000000000000000e+00,1.959174714697601172e-03,-7.689083086598984540e-01,-1.141635684414727681e-01,1.464916823210144825e+00,0.000000000000000000e+00,0.000000000000000000e+00
-1.594855501780661489e-01,0.000000000000000000e+00,-5.000143919726582516e-03,0.000000000000000000e+00,-2.393049385461737677e-01,1.574887426067876073e-01,-0.000000000000000000e+00,0.000000000000000000e+00,-2.388216569491695418e-01,-0.000000000000000000e+00,0.000000000000000000e+00,-3.683537619928198281e-01,0.000000000000000000e+00,-2.537618194105020764e-01,0.000000000000000000e+00,-4.683727348530743462e-01,8.961095313607343738e-02,-6.134885645664950315e-01,-1.237022105744836342e-01,-1.558395088411637652e-01,-0.000000000000000000e+00,-0.000000000000000000e+00,0.000000000000000000e+00,-0.000000000000000000e+00,-0.000000000000000000e+00,-4.991159458646712149e-02,-0.000000000000000000e+00,-0.000000000000000000e+00,-0.000000000000000000e+00,-0.000000000000000000e+00,-0.000000000000000000e+00,-0.000000000000000000e+00,-0.000000000000000000e+00,-5.549750370690669649e-02,-0.000000000000000000e+00,0.000000000000000000e+00,0.000000000000000000e+00,2.852462372758141740e+00,-2.829564798576739149e-01
-0.000000000000000000e+00,-0.000000000000000000e+00,-0.000000000000000000e+00,-0.000000000000000000e+00,-1.872023677471100767e-01,0.000000000000000000e+00,0.000000000000000000e+00,0.000000000000000000e+00,-1.143680826745168272e-01,-6.757241553170146853e-01,-0.000000000000000000e+00,-0.000000000000000000e+00,0.000000000000000000e+00,-0.000000000000000000e+00,1.269885667507295035e-01,-1.592326755547683048e-01,0.000000000000000000e+00,-0.000000000000000000e+00,-0.000000000000000000e+00,-0.000000000000000000e+00,0.000000000000000000e+00,-0.000000000000000000e+00,0.000000000000000000e+00,0.000000000000000000e+00,0.000000000000000000e+00,0.000000000000000000e+00,-0.000000000000000000e+00,0.000000000000000000e+00,0.000000000000000000e+00,-6.131856714393860708e-01,0.000000000000000000e+00,-0.000000000000000000e+00,-0.000000000000000000e+00,-0.000000000000000000e+00,0.000000000000000000e+00,-0.000000000000000000e+00,0.000000000000000000e+00,-2.829564798576739149e-01,2.229345299913760847e+00
