1.634610142228612784e+00,-0.000000000000000000e+00,-0.000000000000000000e+00,0.000000000000000000e+00,-2.309951740046092827e-01,-0.000000000000000000e+00,0.000000000000000000e+00,0.000000000000000000e+00,-0.000000000000000000e+00,-1.380049621878242372e-01,-8.497934510964101629e-02,0.000000000000000000e+00,0.000000000000000000e+00,-0.000000000000000000e+00,0.000000000000000000e+00,-8.565818582284998040e-02,-1.810249914885294353e-01,-0.000000000000000000e+00,0.000000000000000000e+00,0.000000000000000000e+00,-0.000000000000000000e+00,-0.000000000000000000e+00,-0.000000000000000000e+00,-0.000000000000000000e+00,-0.000000000000000000e+00,-2.013271757667372749e-02,-0.000000000000000000e+00,-0.000000000000000000e+00,-0.000000000000000000e+00,-0.000000000000000000e+00,-0.000000000000000000e+00,-0.000000000000000000e+00,-0.000000000000000000e+00,-0.000000000000000000e+00,-3.973185261097275656e-02,-4.224771564311350924e-01,-1.120243522365828165e-01,-2.495720184062928115e-01,-0.000000000000000000e+00
-0.000000000000000000e+00,1.449483368897209523e+00,0.000000000000000000e+00,-0.000000000000000000e+00,-0.000000000000000000e+00,0.000000000000000000e+00,0.000000000000000000e+00,-0.000000000000000000e+00,-7.095338305203613416e-02,-2.102460193694975429e-02,-0.000000000000000000e+00,0.000000000000000000e+00,-0.000000000000000000e+00,-0.000000000000000000e+00,0.000000000000000000e+00,-0.000000000000000000e+00,0.000000000000000000e+00,-0.000000000000000000e+00,-0.000000000000000000e+00,0.000000000000000000e+00,0.000000000000000000e+00,0.000000000000000000e+00,-0.000000000000000000e+00,-0.000000000000000000e+00,0.000000000000000000e+00,0.000000000000000000e+00,-0.000000000000000000e+00,0.000000000000000000e+00,0.000000000000000000e+00,-8.965991967871071722e-02,0.000000000000000000e+00,-0.000000000000000000e+00,0.000000000000000000e+00,-0.000000000000000000e+00,-0.000000000000000000e+00,-4.186410100164797421e-02,-0.000000000000000000e+00,-0.000000000000000000e+00,-7.087910813559853418e-01
-0.000000000000000000e+00,0.000000000000000000e+00,2.821179651023106416e+00,-0.000000000000000000e+00,-4.576959799140457169e-02,-0.000000000000000000e+00,-5.584553075997004956e-02,6.558027379576401028e-01,0.000000000000000000e+00,-0.000000000000000000e+00,-0.000000000000000000e+00,-0.000000000000000000e+00,-5.026407260759932841e-03,-7.268613555343911292e-02,-0.000000000000000000e+00,-0.000000000000000000e+00,-0.000000000000000000e+00,-2.031015642170404534e-01,-0.000000000000000000e+00,-0.000000000000000000e+00,-3.262847692574439296e-01,-3.234449422010126640e-01,-1.371088105489598752e-01,-1.382753188533749622e-01,-1.620223140670139783e-01,-1.533096592554607507e-01,-0.000000000000000000e+00,-2.416614346760816434e-01,-2.731762296746570104e-02,0.000000000000000000e+00,-1.306528836878817768e-01,-1.045713872943125101e-03,-2.839241603388203417e-01,-8.978702477672810545e-02,-0.000000000000000000e+00,-0.000000000000000000e+00,-0.000000000000000000e+00,-0.000000000000000000e+00,0.000000000000000000e+00
0.000000000000000000e+00,-0.000000000000000000e+00,-0.000000000000000000e+00,1.462886403662000845e+00,0.000000000000000000e+00,7.370014358286723632e-02,-3.713552516561188788e-02,0.000000000000000000e+00,-0.000000000000000000e+00,-0.000000000000000000e+00,0.000000000000000000e+00,-0.000000000000000000e+00,-0.000000000000000000e+00,0.000000000000000000e+00,-0.000000000000000000e+00,0.000000000000000000e+00,0.000000000000000000e+00,-3.260388092017331707e-01,-5.398139095409780763e-01,-8.382350937418218961e-02,-0.000000000000000000e+00,-0.000000000000000000e+00,-0.000000000000000000e+00,-0.000000000000000000e+00,-0.000000000000000000e+00,-0.000000000000000000e+00,0.000000000000000000e+00,-0.000000000000000000e+00,-0.000000000000000000e+00,-0.000000000000000000e+00,0.000000000000000000e+00,-0.000000000000000000e+00,-0.000000000000000000e+00,-0.000000000000000000e+00,0.000000000000000000e+00,3.116919921171588601e-02,0.000000000000000000e+00,-9.891432289164948932e-02,-0.000000000000000000e+00
-2.309951740046092827e-01,-0.000000000000000000e+00,-4.576959799140457169e-02,0.000000000000000000e+00,1.823499256068248364e+00,-0.000000000000000000e+00,-0.000000000000000000e+00,1.313420450188075919e-02,-5.857906326386264073e-02,-2.279687654324108470e-01,-0.000000000000000000e+00,0.000000000000000000e+00,-0.000000000000000000e+00,-0.000000000000000000e+00,0.000000000000000000e+00,-2.998915099447609367e-01,-2.165755794618082486e-01,-0.000000000000000000e+00,0.000000000000000000e+00,0.000000000000000000e+00,-0.000000000000000000e+00,-0.000000000000000000e+00,-0.000000000000000000e+00,-0.000000000000000000e+00,-1.257081474704064838e-01,-0.000000000000000000e+00,-0.000000000000000000e+00,-0.000000000000000000e+00,-0.000000000000000000e+00,-0.000000000000000000e+00,-0.000000000000000000e+00,-0.000000000000000000e+00,-1.281440427213588751e-01,-3.073069125744618546e-01,-1.000293495547299599e-01,-2.395777927603999768e-01,-2.473572851851291859e-02,-0.000000000000000000e+00,-0.000000000000000000e+00
-0.000000000000000000e+00,0.000000000000000000e+00,-0.000000000000000000e+00,7.370014358286723632e-02,-0.000000000000000000e+00,1.573955042054894893e+00,-0.000000000000000000e+00,0.000000000000000000e+00,0.000000000000000000e+00,0.000000000000000000e+00,-1.356016714604214302e-01,-0.000000000000000000e+00,-0.000000000000000000e+00,-1.070801214471946150e-01,-0.000000000000000000e+00,0.000000000000000000e+00,-3.662189812700762936e-01,0.000000000000000000e+00,0.000000000000000000e+00,-0.000000000000000000e+00,-0.000000000000000000e+00,-0.000000000000000000e+00,-0.000000000000000000e+00,-0.000000000000000000e+00,-1.152715527831705139e-01,-3.082324787943393693e-02,-7.600797428633786212e-02,-0.000000000000000000e+00,-1.470052813237604505e-01,0.000000000000000000e+00,-1.089167086716502503e-01,-0.000000000000000000e+00,-0.000000000000000000e+00,-0.000000000000000000e+00,-4.973848587138969546e-02,-0.000000000000000000e+00,-1.976174141851523014e-01,0.000000000000000000e+00,6.577932252278644032e-03
0.000000000000000000e+00,0.000000000000000000e+00,-5.584553075997004956e-02,-3.713552516561188788e-02,-0.000000000000000000e+00,-0.000000000000000000e+00,2.129869999530314306e+00,0.000000000000000000e+00,0.000000000000000000e+00,-0.000000000000000000e+00,-0.000000000000000000e+00,-1.924249857891183468e-01,-4.930920332166485731e-01,-0.000000000000000000e+00,-0.000000000000000000e+00,0.000000000000000000e+00,-0.000000000000000000e+00,-2.373466987292996086e-02,-2.052172886409453778e-01,-4.843195552527081449e-01,-3.554945241070987805e-02,-3.489969303930455236e-01,-4.428065701935741949e-02,-4.778216411102761962e-02,-0.000000000000000000e+00,-0.000000000000000000e+00,-0.000000000000000000e+00,-6.923203223867564760e-02,-4.181973746794156316e-02,0.000000000000000000e+00,-0.000000000000000000e+00,-0.000000000000000000e+00,-0.000000000000000000e+00,-0.000000000000000000e+00,-0.000000000000000000e+00,0.000000000000000000e+00,-0.000000000000000000e+00,-0.000000000000000000e+00,-0.000000000000000000e+00
0.000000000000000000e+00,-0.000000000000000000e+00,6.558027379576401028e-01,0.000000000000000000e+00,1.313420450188075919e-02,0.000000000000000000e+00,0.000000000000000000e+00,2.538022369064216743e+00,-0.000000000000000000e+00,0.000000000000000000e+00,0.000000000000000000e+00,0.000000000000000000e+00,0.000000000000000000e+00,1.299293158208130738e-01,0.000000000000000000e+00,0.000000000000000000e+00,0.000000000000000000e+00,1.103289534900054880e-01,0.000000000000000000e+00,0.000000000000000000e+00,4.386835079228840195e-01,3.282240271892614691e-01,0.000000000000000000e+00,8.724037347077330529e-02,5.852045126807640940e-02,1.157900112956165156e-01,0.000000000000000000e+00,6.643288354311470412e-02,0.000000000000000000e+00,-0.000000000000000000e+00,5.389392690733689657e-03,0.000000000000000000e+00,4.692930892305659518e-01,0.000000000000000000e+00,0.000000000000000000e+00,0.000000000000000000e+00,0.000000000000000000e+00,0.000000000000000000e+00,-0.000000000000000000e+00
-0.000000000000000000e+00,-7.095338305203613416e-02,0.000000000000000000e+00,-0.000000000000000000e+00,-5.857906326386264073e-02,0.000000000000000000e+00,0.000000000000000000e+00,-0.000000000000000000e+00,1.655138971588142160e+00,-0.000000000000000000e+00,-0.000000000000000000e+00,0.000000000000000000e+00,0.000000000000000000e+00,-0.000000000000000000e+00,2.954618982160383406e-02,-0.000000000000000000e+00,-0.000000000000000000e+00,-0.000000000000000000e+00,-0.000000000000000000e+00,0.000000000000000000e+00,0.000000000000000000e+00,0.000000000000000000e+00,-0.000000000000000000e+00,0.000000000000000000e+00,0.000000000000000000e+00,0.000000000000000000e+00,0.000000000000000000e+00,0.000000000000000000e+00,0.000000000000000000e+00,-5.091819538424149361e-01,0.000000000000000000e+00,-0.000000000000000000e+00,0.000000000000000000e+00,-2.689172608743939930e-01,-0.000000000000000000e+00,-3.865938580836766891e-02,-0.000000000000000000e+00,-2.194902889658814082e-01,-4.179599316737472314e-01
-1.380049621878242372e-01,-2.102460193694975429e-02,-0.000000000000000000e+00,-0.000000000000000000e+00,-2.279687654324108470e-01,0.000000000000000000e+00,-0.000000000000000000e+00,0.000000000000000000e+00,-0.000000000000000000e+00,1.709928604183478695e+00,-0.000000000000000000e+00,0.000000000000000000e+00,-0.000000000000000000e+00,-0.000000000000000000e+00,0.000000000000000000e+00,-5.627216723968891943e-01,-0.000000000000000000e+00,-0.000000000000000000e+00,-6.048512558185405045e-04,0.000000000000000000e+00,-0.000000000000000000e+00,-0.000000000000000000e+00,-0.000000000000000000e+00,-0.000000000000000000e+00,-0.000000000000000000e+00,-0.000000000000000000e+00,-0.000000000000000000e+00,-0.000000000000000000e+00,-0.000000000000000000e+00,-4.748794717267746518e-02,-0.000000000000000000e+00,-0.000000000000000000e+00,-0.000000000000000000e+00,-0.000000000000000000e+00,-7.900199514675430856e-02,-5.345861276235138598e-02,-0.000000000000000000e+00,-1.400812232405969915e-01,-3.877850111417395218e-01
-8.497934510964101629e-02,-0.000000000000000000e+00,-0.000000000000000000e+00,0.000000000000000000e+00,-0.000000000000000000e+00,-1.356016714604214302e-01,-0.000000000000000000e+00,0.000000000000000000e+00,-0.000000000000000000e+00,-0.000000000000000000e+00,1.761915096970046557e+00,-0.000000000000000000e+00,-0.000000000000000000e+00,-7.520717603127949347e-02,-0.000000000000000000e+00,0.000000000000000000e+00,-6.353504996115610926e-01,-0.000000000000000000e+00,0.000000000000000000e+00,-0.000000000000000000e+00,-0.000000000000000000e+00,-0.000000000000000000e+00,-7.948054030315684915e-02,-0.000000000000000000e+00,-0.000000000000000000e+00,-0.000000000000000000e+00,-2.471612562280407766e-01,-0.000000000000000000e+00,-4.605325244989881550e-02,0.000000000000000000e+00,-0.000000000000000000e+00,-9.979574739581306697e-02,-0.000000000000000000e+00,-0.000000000000000000e+00,-1.053526085195366641e-01,-5.051755882495920225e-02,-0.000000000000000000e+00,-0.000000000000000000e+00,-0.000000000000000000e+00
0.000000000000000000e+00,0.000000000000000000e+00,-0.000000000000000000e+00,-0.000000000000000000e+00,0.000000000000000000e+00,-0.000000000000000000e+00,-1.924249857891183468e-01,0.000000000000000000e+00,0.000000000000000000e+00,0.000000000000000000e+00,-0.000000000000000000e+00,2.018455871609518670e+00,-2.285580182839335173e-01,-0.000000000000000000e+00,-4.807061118262934696e-01,4.454381206317038072e-02,-0.000000000000000000e+00,-0.000000000000000000e+00,-0.000000000000000000e+00,-4.547730491285778553e-01,-0.000000000000000000e+00,-0.000000000000000000e+00,-0.000000000000000000e+00,-9.579111157514412500e-02,-0.000000000000000000e+00,-0.000000000000000000e+00,-0.000000000000000000e+00,-2.456802327025014998e-01,-2.066437271922957897e-01,3.297097361244231140e-01,-0.000000000000000000e+00,-0.000000000000000000e+00,-0.000000000000000000e+00,-0.000000000000000000e+00,-0.000000000000000000e+00,0.000000000000000000e+00,-0.000000000000000000e+00,-0.000000000000000000e+00,0.000000000000000000e+00
0.000000000000000000e+00,-0.000000000000000000e+00,-5.026407260759932841e-03,-0.000000000000000000e+00,-0.000000000000000000e+00,-0.000000000000000000e+00,-4.930920332166485731e-01,0.000000000000000000e+00,0.000000000000000000e+00,-0.000000000000000000e+00,-0.000000000000000000e+00,-2.285580182839335173e-01,2.204221661965586332e+00,-0.000000000000000000e+00,-2.057047013179760797e-02,0.000000000000000000e+00,-0.000000000000000000e+00,-0.000000000000000000e+00,-0.000000000000000000e+00,-1.453644974737322293e-01,-0.000000000000000000e+00,-4.482000498125492394e-01,-2.792963355253842428e-01,-2.021116617376389757e-01,-0.000000000000000000e+00,-0.000000000000000000e+00,-3.268439192545846694e-01,-0.000000000000000000e+00,-1.754845006685980258e-02,0.000000000000000000e+00,-0.000000000000000000e+00,-0.000000000000000000e+00,-0.000000000000000000e+00,-0.000000000000000000e+00,-0.000000000000000000e+00,0.000000000000000000e+00,-0.000000000000000000e+00,-0.000000000000000000e+00,-0.000000000000000000e+00
-0.000000000000000000e+00,-0.000000000000000000e+00,-7.268613555343911292e-02,0.000000000000000000e+00,-0.000000000000000000e+00,-1.070801214471946150e-01,-0.000000000000000000e+00,1.299293158208130738e-01,-0.000000000000000000e+00,-0.000000000000000000e+00,-7.520717603127949347e-02,-0.000000000000000000e+00,-0.000000000000000000e+00,1.907995336110151152e+00,-0.000000000000000000e+00,-0.000000000000000000e+00,-2.267075951036948978e-01,-0.000000000000000000e+00,0.000000000000000000e+00,-0.000000000000000000e+00,-0.000000000000000000e+00,-0.000000000000000000e+00,-1.754454326297013589e-01,-3.025894039063205601e-02,-2.204632987268727307e-01,-2.007585894243396341e-01,-9.751097094445447533e-02,-1.047799584067123091e-01,-1.205246080750713156e-01,0.000000000000000000e+00,-0.000000000000000000e+00,-3.407250303939301367e-02,-1.054708387547120679e-01,-1.559927912484940782e-01,-0.000000000000000000e+00,-1.831716328648918743e-02,-0.000000000000000000e+00,-0.000000000000000000e+00,0.000000000000000000e+00
0.000000000000000000e+00,0.000000000000000000e+00,-0.000000000000000000e+00,-0.000000000000000000e+00,0.000000000000000000e+00,-0.000000000000000000e+00,-0.000000000000000000e+00,0.000000000000000000e+00,2.954618982160383406e-02,0.000000000000000000e+00,-0.000000000000000000e+00,-4.807061118262934696e-01,-2.057047013179760797e-02,-0.000000000000000000e+00,1.347800087637439415e+00,2.240666069730359033e-01,0.000000000000000000e+00,-0.000000000000000000e+00,-0.000000000000000000e+00,-3.318765415288840726e-02,-0.000000000000000000e+00,-0.000000000000000000e+00,-0.000000000000000000e+00,-0.000000000000000000e+00,-0.000000000000000000e+00,-0.000000000000000000e+00,-0.000000000000000000e+00,-0.000000000000000000e+00,-0.000000000000000000e+00,1.702933571552083525e-01,-0.000000000000000000e+00,-0.000000000000000000e+00,-0.000000000000000000e+00,-0.000000000000000000e+00,0.000000000000000000e+00,0.000000000000000000e+00,-0.000000000000000000e+00,0.000000000000000000e+00,0.000000000000000000e+00
-8.565818582284998040e-02,-0.000000000000000000e+00,-0.000000000000000000e+00,0.000000000000000000e+00,-2.998915099447609367e-01,0.000000000000000000e+00,0.000000000000000000e+00,0.000000000000000000e+00,-0.000000000000000000e+00,-5.627216723968891943e-01,0.000000000000000000e+00,4.454381206317038072e-02,0.000000000000000000e+00,-0.000000000000000000e+00,2.240666069730359033e-01,1.723039160326838237e+00,-0.000000000000000000e+00,-0.000000000000000000e+00,-0.000000000000000000e+00,0.000000000000000000e+00,-0.000000000000000000e+00,0.000000000000000000e+00,-0.000000000000000000e+00,0.000000000000000000e+00,-0.000000000000000000e+00,-0.000000000000000000e+00,0.000000000000000000e+00,0.000000000000000000e+00,0.000000000000000000e+00,-4.631562718659819611e-01,-0.000000000000000000e+00,-0.000000000000000000e+00,-0.000000000000000000e+00,-0.000000000000000000e+00,-0.000000000000000000e+00,-0.000000000000000000e+00,-0.000000000000000000e+00,-0.000000000000000000e+00,-0.000000000000000000e+00
-1.810249914885294353e-01,0.000000000000000000e+00,-0.000000000000000000e+00,0.000000000000000000e+00,-2.165755794618082486e-01,-3.662189812700762936e-01,-0.000000000000000000e+00,0.000000000000000000e+00,-0.000000000000000000e+00,-0.000000000000000000e+00,-6.353504996115610926e-01,-0.000000000000000000e+00,-0.000000000000000000e+00,-2.267075951036948978e-01,0.000000000000000000e+00,-0.000000000000000000e+00,1.973446495293937897e+00,-0.000000000000000000e+00,0.000000000000000000e+00,-0.000000000000000000e+00,-0.000000000000000000e+00,-0.000000000000000000e+00,-6.990808898108090419e-02,-0.000000000000000000e+00,-0.000000000000000000e+00,-1.672899481623634221e-01,-0.000000000000000000e+00,-0.000000000000000000e+00,-0.000000000000000000e+00,0.000000000000000000e+00,-0.000000000000000000e+00,-0.000000000000000000e+00,-0.000000000000000000e+00,-0.000000000000000000e+00,-0.000000000000000000e+00,-1.040316298945891949e-01,-0.000000000000000000e+00,-0.000000000000000000e+00,0.000000000000000000e+00
-0.000000000000000000e+00,-0.000000000000000000e+00,-2.031015642170404534e-01,-3.260388092017331707e-01,-0.000000000000000000e+00,0.000000000000000000e+00,-2.373466987292996086e-02,1.103289534900054880e-01,-0.000000000000000000e+00,-0.000000000000000000e+00,-0.000000000000000000e+00,-0.000000000000000000e+00,-0.000000000000000000e+00,-0.000000000000000000e+00,-0.000000000000000000e+00,-0.000000000000000000e+00,-0.000000000000000000e+00,1.898062507699004087e+00,-1.881282145106322190e-01,-3.934688958118586211e-01,-5.971919967802635093e-02,-7.140486990841987680e-02,-5.344260913915201833e-02,-4.991148530487329871e-02,-0.000000000000000000e+00,-0.000000000000000000e+00,-0.000000000000000000e+00,-3.883949397446700286e-02,-0.000000000000000000e+00,-0.000000000000000000e+00,-0.000000000000000000e+00,-0.000000000000000000e+00,-0.000000000000000000e+00,-2.899164058275351206e-03,-0.000000000000000000e+00,0.000000000000000000e+00,-0.000000000000000000e+00,-4.281277514028788422e-01,-0.000000000000000000e+00
0.000000000000000000e+00,-0.000000000000000000e+00,-0.000000000000000000e+00,-5.398139095409780763e-01,0.000000000000000000e+00,0.000000000000000000e+00,-2.052172886409453778e-01,0.000000000000000000e+00,-0.000000000000000000e+00,-6.048512558185405045e-04,0.000000000000000000e+00,-0.000000000000000000e+00,-0.000000000000000000e+00,0.000000000000000000e+00,-0.000000000000000000e+00,-0.000000000000000000e+00,0.000000000000000000e+00,-1.881282145106322190e-01,1.541195836401338060e+00,-0.000000000000000000e+00,-0.000000000000000000e+00,-2.495686212715883534e-01,-0.000000000000000000e+00,-0.000000000000000000e+00,-0.000000000000000000e+00,-0.000000000000000000e+00,0.000000000000000000e+00,-0.000000000000000000e+00,-0.000000000000000000e+00,-0.000000000000000000e+00,-0.000000000000000000e+00,-0.000000000000000000e+00,-0.000000000000000000e+00,0.000000000000000000e+00,0.000000000000000000e+00,0.000000000000000000e+00,0.000000000000000000e+00,-0.000000000000000000e+00,-8.326961094702799160e-02
0.000000000000000000e+00,0.000000000000000000e+00,-0.000000000000000000e+00,-8.382350937418218961e-02,0.000000000000000000e+00,-0.000000000000000000e+00,-4.843195552527081449e-01,0.000000000000000000e+00,0.000000000000000000e+00,0.000000000000000000e+00,-0.000000000000000000e+00,-4.547730491285778553e-01,-1.453644974737322293e-01,-0.000000000000000000e+00,-3.318765415288840726e-02,0.000000000000000000e+00,-0.000000000000000000e+00,-3.934688958118586211e-01,-0.000000000000000000e+00,2.230787567689497042e+00,-8.391568597935955554e-02,-1.157814350368287920e-01,-0.000000000000000000e+00,-0.000000000000000000e+00,-0.000000000000000000e+00,-0.000000000000000000e+00,-0.000000000000000000e+00,-4.537210927878846944e-01,-0.000000000000000000e+00,4.466368469944832081e-02,-0.000000000000000000e+00,-0.000000000000000000e+00,-0.000000000000000000e+00,-0.000000000000000000e+00,0.000000000000000000e+00,1.169146908696558872e-02,-0.000000000000000000e+00,-0.000000000000000000e+00,0.000000000000000000e+00
-0.000000000000000000e+00,0.000000000000000000e+00,-3.262847692574439296e-01,-0.000000000000000000e+00,-0.000000000000000000e+00,-0.000000000000000000e+00,-3.554945241070987805e-02,4.386835079228840195e-01,0.000000000000000000e+00,-0.000000000000000000e+00,-0.000000000000000000e+00,-0.000000000000000000e+00,-0.000000000000000000e+00,-0.000000000000000000e+00,-0.000000000000000000e+00,-0.000000000000000000e+00,-0.000000000000000000e+00,-5.971919967802635093e-02,-0.000000000000000000e+00,-8.391568597935955554e-02,2.473329891590493101e+00,-4.782102403469523089e-01,-0.000000000000000000e+00,-0.000000000000000000e+00,-1.532603970773500079e-01,-0.000000000000000000e+00,-0.000000000000000000e+00,-1.983921845477909784e-01,-0.000000000000000000e+00,2.362321793688978641e-02,-0.000000000000000000e+00,-0.000000000000000000e+00,-6.065932502379016711e-01,-0.000000000000000000e+00,-0.000000000000000000e+00,0.000000000000000000e+00,-0.000000000000000000e+00,-0.000000000000000000e+00,0.000000000000000000e+00
-0.000000000000000000e+00,0.000000000000000000e+00,-3.234449422010126640e-01,-0.000000000000000000e+00,-0.000000000000000000e+00,-0.000000000000000000e+00,-3.489969303930455236e-01,3.282240271892614691e-01,0.000000000000000000e+00,-0.000000000000000000e+00,-0.000000000000000000e+00,-0.000000000000000000e+00,-4.482000498125492394e-01,-0.000000000000000000e+00,-0.000000000000000000e+00,0.000000000000000000e+00,-0.000000000000000000e+00,-7.140486990841987680e-02,-2.495686212715883534e-01,-1.157814350368287920e-01,-4.782102403469523089e-01,2.568963794188557692e+00,-5.394789746975959394e-02,-1.383748391560644074e-02,-0.000000000000000000e+00,-0.000000000000000000e+00,-0.000000000000000000e+00,-0.000000000000000000e+00,-3.096151100030691133e-02,0.000000000000000000e+00,-0.000000000000000000e+00,-0.000000000000000000e+00,-2.242751735617284359e-01,-0.000000000000000000e+00,-0.000000000000000000e+00,0.000000000000000000e+00,-0.000000000000000000e+00,-0.000000000000000000e+00,-0.000000000000000000e+00
-0.000000000000000000e+00,-0.000000000000000000e+00,-1.371088105489598752e-01,-0.000000000000000000e+00,-0.000000000000000000e+00,-0.000000000000000000e+00,-4.428065701935741949e-02,0.000000000000000000e+00,-0.000000000000000000e+00,-0.000000000000000000e+00,-7.948054030315684915e-02,-0.000000000000000000e+00,-2.792963355253842428e-01,-1.754454326297013589e-01,-0.000000000000000000e+00,-0.000000000000000000e+00,-6.990808898108090419e-02,-5.344260913915201833e-02,-0.000000000000000000e+00,-0.000000000000000000e+00,-0.000000000000000000e+00,-5.394789746975959394e-02,2.227844686305600064e+00,-2.793037781997069757e-01,-3.037002083920154472e-01,-2.118695038591282831e-01,-2.169782095919189358e-01,-8.994824130052483935e-02,-2.341723988396770401e-02,0.000000000000000000e+00,-5.119628483482906167e-02,-8.724623441756593212e-02,-0.000000000000000000e+00,-1.593096336891122455e-01,-0.000000000000000000e+00,-0.000000000000000000e+00,-0.000000000000000000e+00,-0.000000000000000000e+00,-0.000000000000000000e+00
-0.000000000000000000e+00,-0.000000000000000000e+00,-1.382753188533749622e-01,-0.000000000000000000e+00,-0.000000000000000000e+00,-0.000000000000000000e+00,-4.778216411102761962e-02,8.724037347077330529e-02,0.000000000000000000e+00,-0.000000000000000000e+00,-0.000000000000000000e+00,-9.579111157514412500e-02,-2.021116617376389757e-01,-3.025894039063205601e-02,-0.000000000000000000e+00,0.000000000000000000e+00,-0.000000000000000000e+00,-4.991148530487329871e-02,-0.000000000000000000e+00,-0.000000000000000000e+00,-0.000000000000000000e+00,-1.383748391560644074e-02,-2.793037781997069757e-01,2.082649811066835444e+00,-1.094836257499145760e-01,-2.538579805856073235e-01,-2.188641371868169094e-01,-9.653003071022720968e-03,-2.537925986905071873e-01,0.000000000000000000e+00,-0.000000000000000000e+00,-1.269042988877532030e-01,-0.000000000000000000e+00,-0.000000000000000000e+00,-2.223848995632644182e-02,-0.000000000000000000e+00,-1.061193280210127321e-01,-0.000000000000000000e+00,-0.000000000000000000e+00
-0.000000000000000000e+00,0.000000000000000000e+00,-1.620223140670139783e-01,-0.000000000000000000e+00,-1.257081474704064838e-01,-1.152715527831705139e-01,-0.000000000000000000e+00,5.852045126807640940e-02,0.000000000000000000e+00,-0.000000000000000000e+00,-0.000000000000000000e+00,-0.000000000000000000e+00,-0.000000000000000000e+00,-2.204632987268727307e-01,-0.000000000000000000e+00,-0.000000000000000000e+00,-0.000000000000000000e+00,-0.000000000000000000e+00,-0.000000000000000000e+00,-0.000000000000000000e+00,-1.532603970773500079e-01,-0.000000000000000000e+00,-3.037002083920154472e-01,-1.094836257499145760e-01,1.946245622866975555e+00,-1.384114776487992138e-01,-0.000000000000000000e+00,-4.580332294718339470e-02,-0.000000000000000000e+00,0.000000000000000000e+00,-7.127809340281880679e-02,-0.000000000000000000e+00,-2.049738239476744661e-01,-0.000000000000000000e+00,-9.299012643599526007e-02,-0.000000000000000000e+00,-9.484586377966529314e-02,-0.000000000000000000e+00,0.000000000000000000e+00
-2.013271757667372749e-02,0.000000000000000000e+00,-1.533096592554607507e-01,-0.000000000000000000e+00,-0.000000000000000000e+00,-3.082324787943393693e-02,-0.000000000000000000e+00,1.157900112956165156e-01,0.000000000000000000e+00,-0.000000000000000000e+00,-0.000000000000000000e+00,-0.000000000000000000e+00,-0.000000000000000000e+00,-2.007585894243396341e-01,-0.000000000000000000e+00,-0.000000000000000000e+00,-1.672899481623634221e-01,-0.000000000000000000e+00,-0.000000000000000000e+00,-0.000000000000000000e+00,-0.000000000000000000e+00,-0.000000000000000000e+00,-2.118695038591282831e-01,-2.538579805856073235e-01,-1.384114776487992138e-01,2.460511162319239720e+00,-1.671278440740618376e-01,-4.481070320480765035e-01,-1.357558380024723177e-01,0.000000000000000000e+00,-2.569801964524178195e-01,-8.046302158187758347e-02,-0.000000000000000000e+00,-9.246300445571691354e-03,-0.000000000000000000e+00,-0.000000000000000000e+00,-1.895009584384131363e-01,-8.810685372401012849e-02,0.000000000000000000e+00
-0.000000000000000000e+00,-0.000000000000000000e+00,-0.000000000000000000e+00,0.000000000000000000e+00,-0.000000000000000000e+00,-7.600797428633786212e-02,-0.000000000000000000e+00,0.000000000000000000e+00,0.000000000000000000e+00,-0.000000000000000000e+00,-2.471612562280407766e-01,-0.000000000000000000e+00,-3.268439192545846694e-01,-9.751097094445447533e-02,-0.000000000000000000e+00,0.000000000000000000e+00,-0.000000000000000000e+00,-0.000000000000000000e+00,0.000000000000000000e+00,-0.000000000000000000e+00,-0.000000000000000000e+00,-0.000000000000000000e+00,-2.169782095919189358e-01,-2.188641371868169094e-01,-0.000000000000000000e+00,-1.671278440740618376e-01,2.189297928193040033e+00,-0.000000000000000000e+00,-1.832828341210406553e-01,0.000000000000000000e+00,-4.009851652481219997e-01,-1.219618134099867551e-01,-0.000000000000000000e+00,-0.000000000000000000e+00,-2.177788349206003782e-01,-0.000000000000000000e+00,-0.000000000000000000e+00,-0.000000000000000000e+00,0.000000000000000000e+00
-0.000000000000000000e+00,0.000000000000000000e+00,-2.416614346760816434e-01,-0.000000000000000000e+00,-0.000000000000000000e+00,-0.000000000000000000e+00,-6.923203223867564760e-02,6.643288354311470412e-02,0.000000000000000000e+00,-0.000000000000000000e+00,-0.000000000000000000e+00,-2.456802327025014998e-01,-0.000000000000000000e+00,-1.047799584067123091e-01,-0.000000000000000000e+00,0.000000000000000000e+00,-0.000000000000000000e+00,-3.883949397446700286e-02,-0.000000000000000000e+00,-4.537210927878846944e-01,-1.983921845477909784e-01,-0.000000000000000000e+00,-8.994824130052483935e-02,-9.653003071022720968e-03,-4.580332294718339470e-02,-4.481070320480765035e-01,-0.000000000000000000e+00,2.308952119380667245e+00,-0.000000000000000000e+00,0.000000000000000000e+00,-3.247199150141848456e-01,-0.000000000000000000e+00,-0.000000000000000000e+00,-5.294770683318677368e-02,-0.000000000000000000e+00,0.000000000000000000e+00,-0.000000000000000000e+00,-0.000000000000000000e+00,0.000000000000000000e+00
-0.000000000000000000e+00,0.000000000000000000e+00,-2.731762296746570104e-02,-0.000000000000000000e+00,-0.000000000000000000e+00,-1.470052813237604505e-01,-4.181973746794156316e-02,0.000000000000000000e+00,0.000000000000000000e+00,-0.000000000000000000e+00,-4.605325244989881550e-02,-2.066437271922957897e-01,-1.754845006685980258e-02,-1.205246080750713156e-01,-0.000000000000000000e+00,0.000000000000000000e+00,-0.000000000000000000e+00,-0.000000000000000000e+00,-0.000000000000000000e+00,-0.000000000000000000e+00,-0.000000000000000000e+00,-3.096151100030691133e-02,-2.341723988396770401e-02,-2.537925986905071873e-01,-0.000000000000000000e+00,-1.357558380024723177e-01,-1.832828341210406553e-01,-0.000000000000000000e+00,2.128825395692516054e+00,5.872089402355267634e-03,-0.000000000000000000e+00,-5.847772206029108188e-01,-0.000000000000000000e+00,-0.000000000000000000e+00,-0.000000000000000000e+00,-0.000000000000000000e+00,-2.968302973475043238e-01,-0.000000000000000000e+00,0.000000000000000000e+00
-0.000000000000000000e+00,-8.965991967871071722e-02,0.000000000000000000e+00,-0.000000000000000000e+00,-0.000000000000000000e+00,0.000000000000000000e+00,0.000000000000000000e+00,-0.000000000000000000e+00,-5.091819538424149361e-01,-4.748794717267746518e-02,0.000000000000000000e+00,3.297097361244231140e-01,0.000000000000000000e+00,0.000000000000000000e+00,1.702933571552083525e-01,-4.631562718659819611e-01,0.000000000000000000e+00,-0.000000000000000000e+00,-0.000000000000000000e+00,4.466368469944832081e-02,2.362321793688978641e-02,0.000000000000000000e+00,0.000000000000000000e+00,0.000000000000000000e+00,0.000000000000000000e+00,0.000000000000000000e+00,0.000000000000000000e+00,0.000000000000000000e+00,5.872089402355267634e-03,1.744853372028425165e+00,0.000000000000000000e+00,0.000000000000000000e+00,0.000000000000000000e+00,-0.000000000000000000e+00,-0.000000000000000000e+00,-0.000000000000000000e+00,0.000000000000000000e+00,-0.000000000000000000e+00,-1.928128324087969581e-01
-0.000000000000000000e+00,0.000000000000000000e+00,-1.306528836878817768e-01,0.000000000000000000e+00,-0.000000000000000000e+00,-1.089167086716502503e-01,-0.000000000000000000e+00,5.389392690733689657e-03,0.000000000000000000e+00,-0.000000000000000000e+00,-0.000000000000000000e+00,-0.000000000000000000e+00,-0.000000000000000000e+00,-0.000000000000000000e+00,-0.000000000000000000e+00,-0.000000000000000000e+00,-0.000000000000000000e+00,-0.000000000000000000e+00,-0.000000000000000000e+00,-0.000000000000000000e+00,-0.000000000000000000e+00,-0.000000000000000000e+00,-5.119628483482906167e-02,-0.000000000000000000e+00,-7.127809340281880679e-02,-2.569801964524178195e-01,-4.009851652481219997e-01,-3.247199150141848456e-01,-0.000000000000000000e+00,0.000000000000000000e+00,1.675964859710334931e+00,-0.000000000000000000e+00,-3.616425428405244374e-03,-0.000000000000000000e+00,-6.101263066353578880e-03,-0.000000000000000000e+00,-0.000000000000000000e+00,-0.000000000000000000e+00,0.000000000000000000e+00
-0.000000000000000000e+00,-0.000000000000000000e+00,-1.045713872943125101e-03,-0.000000000000000000e+00,-0.000000000000000000e+00,-0.000000000000000000e+00,-0.000000000000000000e+00,0.000000000000000000e+00,-0.000000000000000000e+00,-0.000000000000000000e+00,-9.979574739581306697e-02,-0.000000000000000000e+00,-0.000000000000000000e+00,-3.407250303939301367e-02,-0.000000000000000000e+00,-0.000000000000000000e+00,-0.000000000000000000e+00,-0.000000000000000000e+00,-0.000000000000000000e+00,-0.000000000000000000e+00,-0.000000000000000000e+00,-0.000000000000000000e+00,-8.724623441756593212e-02,-1.269042988877532030e-01,-0.000000000000000000e+00,-8.046302158187758347e-02,-1.219618134099867551e-01,-0.000000000000000000e+00,-5.847772206029108188e-01,0.000000000000000000e+00,-0.000000000000000000e+00,2.314391389498997142e+00,-0.000000000000000000e+00,-2.086092409016780669e-01,-4.165994498861979034e-01,-0.000000000000000000e+00,-5.498301955987278111e-01,-3.422932298098387699e-02,-0.000000000000000000e+00
-0.000000000000000000e+00,0.000000000000000000e+00,-2.839241603388203417e-01,-0.000000000000000000e+00,-1.281440427213588751e-01,-0.000000000000000000e+00,-0.000000000000000000e+00,4.692930892305659518e-01,0.000000000000000000e+00,-0.000000000000000000e+00,-0.000000000000000000e+00,-0.000000000000000000e+00,-0.000000000000000000e+00,-1.054708387547120679e-01,-0.000000000000000000e+00,-0.000000000000000000e+00,-0.000000000000000000e+00,-0.000000000000000000e+00,-0.000000000000000000e+00,-0.000000000000000000e+00,-6.065932502379016711e-01,-2.242751735617284359e-01,-0.000000000000000000e+00,-0.000000000000000000e+00,-2.049738239476744661e-01,-0.000000000000000000e+00,-0.000000000000000000e+00,-0.000000000000000000e+00,-0.000000000000000000e+00,0.000000000000000000e+00,-3.616425428405244374e-03,-0.000000000000000000e+00,2.201395261586202690e+00,-0.000000000000000000e+00,-0.000000000000000000e+00,-0.000000000000000000e+00,-0.000000000000000000e+00,-0.000000000000000000e+00,0.000000000000000000e+00
-0.000000000000000000e+00,-0.000000000000000000e+00,-8.978702477672810545e-02,-0.000000000000000000e+00,-3.073069125744618546e-01,-0.000000000000000000e+00,-0.000000000000000000e+00,0.000000000000000000e+00,-2.689172608743939930e-01,-0.000000000000000000e+00,-0.000000000000000000e+00,-0.000000000000000000e+00,-0.000000000000000000e+00,-1.559927912484940782e-01,-0.000000000000000000e+00,-0.000000000000000000e+00,-0.000000000000000000e+00,-2.899164058275351206e-03,0.000000000000000000e+00,-0.000000000000000000e+00,-0.000000000000000000e+00,-0.000000000000000000e+00,-1.593096336891122455e-01,-0.000000000000000000e+00,-0.000000000000000000e+00,-9.246300445571691354e-03,-0.000000000000000000e+00,-5.294770683318677368e-02,-0.000000000000000000e+00,-0.000000000000000000e+00,-0.000000000000000000e+00,-2.086092409016780669e-01,-0.000000000000000000e+00,1.503813875866347960e+00,-0.000000000000000000e+00,-0.000000000000000000e+00,-0.000000000000000000e+00,-6.611702792082686797e-02,-0.000000000000000000e+00
-3.973185261097275656e-02,-0.000000000000000000e+00,-0.000000000000000000e+00,0.000000000000000000e+00,-1.000293495547299599e-01,-4.973848587138969546e-02,-0.000000000000000000e+00,0.000000000000000000e+00,-0.000000000000000000e+00,-7.900199514675430856e-02,-1.053526085195366641e-01,-0.000000000000000000e+00,-0.000000000000000000e+00,-0.000000000000000000e+00,0.000000000000000000e+00,-0.000000000000000000e+00,-0.000000000000000000e+00,-0.000000000000000000e+00,0.000000000000000000e+00,0.000000000000000000e+00,-0.000000000000000000e+00,-0.000000000000000000e+00,-0.000000000000000000e+00,-2.223848995632644182e-02,-9.299012643599526007e-02,-0.000000000000000000e+00,-2.177788349206003782e-01,-0.000000000000000000e+00,-0.000000000000000000e+00,-0.000000000000000000e+00,-6.101263066353578880e-03,-4.165994498861979034e-01,-0.000000000000000000e+00,-0.000000000000000000e+00,1.863106152228317880e+00,-2.178059595562808204e-01,-4.465801562219340881e-01,-0.000000000000000000e+00,-0.000000000000000000e+00
-4.224771564311350924e-01,-4.186410100164797421e-02,-0.000000000000000000e+00,3.116919921171588601e-02,-2.395777927603999768e-01,-0.000000000000000000e+00,0.000000000000000000e+00,0.000000000000000000e+00,-3.865938580836766891e-02,-5.345861276235138598e-02,-5.051755882495920225e-02,0.000000000000000000e+00,0.000000000000000000e+00,-1.831716328648918743e-02,0.000000000000000000e+00,-0.000000000000000000e+00,-1.040316298945891949e-01,0.000000000000000000e+00,0.000000000000000000e+00,1.169146908696558872e-02,0.000000000000000000e+00,0.000000000000000000e+00,-0.000000000000000000e+00,-0.000000000000000000e+00,-0.000000000000000000e+00,-0.000000000000000000e+00,-0.000000000000000000e+00,0.000000000000000000e+00,-0.000000000000000000e+00,-0.000000000000000000e+00,-0.000000000000000000e+00,-0.000000000000000000e+00,-0.000000000000000000e+00,-0.000000000000000000e+00,-2.178059595562808204e-01,1.465853731702557949e+00,-0.000000000000000000e+00,-0.000000000000000000e+00,-0.000000000000000000e+00
-1.120243522365828165e-01,-0.000000000000000000e+00,-0.000000000000000000e+00,0.000000000000000000e+00,-2.473572851851291859e-02,-1.976174141851523014e-01,-0.000000000000000000e+00,0.000000000000000000e+00,-0.000000000000000000e+00,-0.000000000000000000e+00,-0.000000000000000000e+00,-0.000000000000000000e+00,-0.000000000000000000e+00,-0.000000000000000000e+00,-0.000000000000000000e+00,-0.000000000000000000e+00,-0.000000000000000000e+00,-0.000000000000000000e+00,0.000000000000000000e+00,-0.000000000000000000e+00,-0.000000000000000000e+00,-0.000000000000000000e+00,-0.000000000000000000e+00,-1.061193280210127321e-01,-9.484586377966529314e-02,-1.895009584384131363e-01,-0.000000000000000000e+00,-0.000000000000000000e+00,-2.968302973475043238e-01,0.000000000000000000e+00,-0.000000000000000000e+00,-5.498301955987278111e-01,-0.000000000000000000e+00,-0.000000000000000000e+00,-4.465801562219340881e-01,-0.000000000000000000e+00,2.094068932321175414e+00,-5.612917169059975474e-03,0.000000000000000000e+00
-2.495720184062928115e-01,-0.000000000000000000e+00,-0.000000000000000000e+00,-9.891432289164948932e-02,-0.000000000000000000e+00,0.000000000000000000e+00,-0.000000000000000000e+00,0.000000000000000000e+00,-2.194902889658814082e-01,-1.400812232405969915e-01,-0.000000000000000000e+00,-0.000000000000000000e+00,-0.000000000000000000e+00,-0.000000000000000000e+00,0.000000000000000000e+00,-0.000000000000000000e+00,-0.000000000000000000e+00,-4.281277514028788422e-01,-0.000000000000000000e+00,-0.000000000000000000e+00,-0.000000000000000000e+00,-0.000000000000000000e+00,-0.000000000000000000e+00,-0.000000000000000000e+00,-0.000000000000000000e+00,-8.810685372401012849e-02,-0.000000000000000000e+00,-0.000000000000000000e+00,-0.000000000000000000e+00,-0.000000000000000000e+00,-0.000000000000000000e+00,-3.422932298098387699e-02,-0.000000000000000000e+00,-6.611702792082686797e-02,-0.000000000000000000e+00,-0.000000000000000000e+00,-5.612917169059975474e-03,1.507752607155841140e+00,-8.902154241080253994e-02
-0.000000000000000000e+00,-7.087910813559853418e-01,0.000000000000000000e+00,-0.000000000000000000e+00,-0.000000000000000000e+00,6.577932252278644032e-03,-0.000000000000000000e+00,-0.000000000000000000e+00,-4.179599316737472314e-01,-3.877850111417395218e-01,-0.000000000000000000e+00,0.000000000000000000e+00,-0.000000000000000000e+00,0.000000000000000000e+00,0.000000000000000000e+00,-0.000000000000000000e+00,0.000000000000000000e+00,-0.000000000000000000e+00,-8.326961094702799160e-02,0.000000000000000000e+00,0.000000000000000000e+00,-0.000000000000000000e+00,-0.000000000000000000e+00,-0.000000000000000000e+00,0.000000000000000000e+00,0.000000000000000000e+00,0.000000000000000000e+00,0.000000000000000000e+00,0.000000000000000000e+00,-1.928128324087969581e-01,0.000000000000000000e+00,-0.000000000000000000e+00,0.000000000000000000e+00,-0.000000000000000000e+00,-0.000000000000000000e+00,-0.000000000000000000e+00,0.000000000000000000e+00,-8.902154241080253994e-02,1.872210656346936508e+00
