1.437920024948947217e+00,-2.002247579905251929e-01,-0.000000000000000000e+00,-0.000000000000000000e+00,-0.000000000000000000e+00,0.000000000000000000e+00,-0.000000000000000000e+00,2.845966111096123741e-02,-3.835656889823055998e-02,-0.000000000000000000e+00,0.000000000000000000e+00,-0.000000000000000000e+00,3.315946338909118822e-03,-0.000000000000000000e+00,0.000000000000000000e+00,-1.010113836594077608e-01,0.000000000000000000e+00,-6.709679282609018469e-02,-0.000000000000000000e+00,-1.098335231253192018e-01,-0.000000000000000000e+00,-0.000000000000000000e+00,-0.000000000000000000e+00,-0.000000000000000000e+00,-0.000000000000000000e+00,-1.922482334498551160e-01,-2.452920492902512795e-01,-6.857881672465693246e-02,-2.075636666591105031e-02,-4.187180834825974390e-02,-0.000000000000000000e+00,-0.000000000000000000e+00,-0.000000000000000000e+00,-0.000000000000000000e+00,-0.000000000000000000e+00,-0.000000000000000000e+00,-0.000000000000000000e+00,-1.328111663621982241e-01,-1.380267094954047979e-01
-2.002247579905251929e-01,1.055474104236644228e+00,-0.000000000000000000e+00,-0.000000000000000000e+00,-0.000000000000000000e+00,0.000000000000000000e+00,-0.000000000000000000e+00,0.000000000000000000e+00,-0.000000000000000000e+00,-0.000000000000000000e+00,0.000000000000000000e+00,-0.000000000000000000e+00,0.000000000000000000e+00,-0.000000000000000000e+00,0.000000000000000000e+00,-0.000000000000000000e+00,0.000000000000000000e+00,-0.000000000000000000e+00,-0.000000000000000000e+00,-0.000000000000000000e+00,-0.000000000000000000e+00,-0.000000000000000000e+00,-0.000000000000000000e+00,-0.000000000000000000e+00,-0.000000000000000000e+00,-0.000000000000000000e+00,-7.952766825654754290e-02,-0.000000000000000000e+00,-0.000000000000000000e+00,-0.000000000000000000e+00,-0.000000000000000000e+00,-0.000000000000000000e+00,-0.000000000000000000e+00,-0.000000000000000000e+00,-0.000000000000000000e+00,-0.000000000000000000e+00,-0.000000000000000000e+00,-0.000000000000000000e+00,-0.000000000000000000e+00
-0.000000000000000000e+00,-0.000000000000000000e+00,1.546750934529797838e+00,-0.000000000000000000e+00,-2.002193214153549505e-01,0.000000000000000000e+00,-0.000000000000000000e+00,2.830036858131819710e-01,-5.522180807399652142e-02,-2.086763578369721719e-02,0.000000000000000000e+00,-0.000000000000000000e+00,0.000000000000000000e+00,-0.000000000000000000e+00,5.157653952241945776e-03,-4.426393921868337217e-02,0.000000000000000000e+00,-5.958137795604370734e-02,-0.000000000000000000e+00,-1.037839854227767811e-02,-1.380095004705392536e-01,-1.369761785913934382e-01,-0.000000000000000000e+00,-0.000000000000000000e+00,-0.000000000000000000e+00,-6.120691031636869145e-02,-7.651776600601431499e-02,-8.785852272990919698e-02,-6.186527959875687960e-02,-4.170862770659613389e-02,-5.420143495842205672e-02,-0.000000000000000000e+00,-9.727788709475897189e-02,-9.511807869913822822e-02,-0.000000000000000000e+00,-0.000000000000000000e+00,-0.000000000000000000e+00,-3.970109506261116500e-02,-0.000000000000000000e+00
-0.000000000000000000e+00,-0.000000000000000000e+00,-0.000000000000000000e+00,1.004589126585757386e+00,-0.000000000000000000e+00,0.000000000000000000e+00,-0.000000000000000000e+00,0.000000000000000000e+00,-0.000000000000000000e+00,-6.213944939506150372e-02,0.000000000000000000e+00,-0.000000000000000000e+00,0.000000000000000000e+00,-0.000000000000000000e+00,0.000000000000000000e+00,-0.000000000000000000e+00,0.000000000000000000e+00,-1.546593829410727004e-02,-0.000000000000000000e+00,-0.000000000000000000e+00,-0.000000000000000000e+00,-0.000000000000000000e+00,-0.000000000000000000e+00,-0.000000000000000000e+00,-0.000000000000000000e+00,-0.000000000000000000e+00,-0.000000000000000000e+00,-0.000000000000000000e+00,-0.000000000000000000e+00,-0.000000000000000000e+00,-0.000000000000000000e+00,-0.000000000000000000e+00,-0.000000000000000000e+00,-0.000000000000000000e+00,-0.000000000000000000e+00,-0.000000000000000000e+00,-0.000000000000000000e+00,-0.000000000000000000e+00,-0.000000000000000000e+00
-0.000000000000000000e+00,-0.000000000000000000e+00,-2.002193214153549505e-01,-0.000000000000000000e+00,1.429564533969647000e+00,-0.000000000000000000e+00,-0.000000000000000000e+00,1.656705007492599580e-01,-4.543619957112137592e-02,-6.598747083614922571e-02,0.000000000000000000e+00,-0.000000000000000000e+00,0.000000000000000000e+00,-9.747645926805234562e-02,8.728344330989085131e-02,-3.003898564948593447e-02,-0.000000000000000000e+00,-7.973421543849799897e-02,-0.000000000000000000e+00,-0.000000000000000000e+00,-0.000000000000000000e+00,-0.000000000000000000e+00,-0.000000000000000000e+00,-5.871949664863415630e-02,-0.000000000000000000e+00,-2.084183672615264049e-02,-6.619438296174222358e-03,-7.020818181632693111e-02,-1.901585885318158448e-02,-4.658458895179063558e-02,-1.127006066934429229e-01,-0.000000000000000000e+00,-1.428065692562673905e-01,-1.514639449344989675e-01,-2.132835552461986124e-04,-8.147001010266469168e-03,-0.000000000000000000e+00,-0.000000000000000000e+00,-0.000000000000000000e+00
0.000000000000000000e+00,0.000000000000000000e+00,0.000000000000000000e+00,0.000000000000000000e+00,-0.000000000000000000e+00,1.074285743537420235e+00,0.000000000000000000e+00,-0.000000000000000000e+00,0.000000000000000000e+00,0.000000000000000000e+00,-1.224906796900698674e-01,0.000000000000000000e+00,-0.000000000000000000e+00,-0.000000000000000000e+00,-0.000000000000000000e+00,0.000000000000000000e+00,-2.287188690845300687e-01,0.000000000000000000e+00,0.000000000000000000e+00,0.000000000000000000e+00,-0.000000000000000000e+00,-0.000000000000000000e+00,-0.000000000000000000e+00,-0.000000000000000000e+00,-0.000000000000000000e+00,0.000000000000000000e+00,0.000000000000000000e+00,0.000000000000000000e+00,-0.000000000000000000e+00,0.000000000000000000e+00,-0.000000000000000000e+00,-0.000000000000000000e+00,-0.000000000000000000e+00,0.000000000000000000e+00,-0.000000000000000000e+00,-0.000000000000000000e+00,-0.000000000000000000e+00,0.000000000000000000e+00,0.000000000000000000e+00
-0.000000000000000000e+00,-0.000000000000000000e+00,-0.000000000000000000e+00,-0.000000000000000000e+00,-0.000000000000000000e+00,0.000000000000000000e+00,1.000000000000000000e+00,0.000000000000000000e+00,-0.000000000000000000e+00,-0.000000000000000000e+00,0.000000000000000000e+00,-0.000000000000000000e+00,0.000000000000000000e+00,-0.000000000000000000e+00,0.000000000000000000e+00,-0.000000000000000000e+00,0.000000000000000000e+00,-0.000000000000000000e+00,-0.000000000000000000e+00,-0.000000000000000000e+00,-0.000000000000000000e+00,-0.000000000000000000e+00,-0.000000000000000000e+00,-0.000000000000000000e+00,-0.000000000000000000e+00,-0.000000000000000000e+00,-0.000000000000000000e+00,-0.000000000000000000e+00,-0.000000000000000000e+00,-0.000000000000000000e+00,-0.000000000000000000e+00,-0.000000000000000000e+00,-0.000000000000000000e+00,-0.000000000000000000e+00,-0.000000000000000000e+00,-0.000000000000000000e+00,-0.000000000000000000e+00,-0.000000000000000000e+00,-0.000000000000000000e+00
2.845966111096123741e-02,0.000000000000000000e+00,2.830036858131819710e-01,0.000000000000000000e+00,1.656705007492599580e-01,-0.000000000000000000e+00,0.000000000000000000e+00,1.529410662730688042e+00,3.813950296363388670e-02,1.903396942978396664e-02,-0.000000000000000000e+00,0.000000000000000000e+00,-0.000000000000000000e+00,0.000000000000000000e+00,-0.000000000000000000e+00,5.394000824071892158e-02,-0.000000000000000000e+00,4.005978627529124814e-02,0.000000000000000000e+00,2.113182474628677934e-02,1.534792033991042026e-01,1.336552999963597221e-01,0.000000000000000000e+00,0.000000000000000000e+00,0.000000000000000000e+00,7.554797900089983698e-02,8.800174067510609099e-02,1.006356465201916073e-01,7.731522550897536317e-02,2.265046222749545965e-02,3.905960069763621256e-02,0.000000000000000000e+00,6.558709353939293218e-02,7.187836200381429730e-02,4.926109956232336932e-03,1.487341643335944076e-02,0.000000000000000000e+00,3.781562107987997134e-02,0.000000000000000000e+00
-3.835656889823055998e-02,-0.000000000000000000e+00,-5.522180807399652142e-02,-0.000000000000000000e+00,-4.543619957112137592e-02,0.000000000000000000e+00,-0.000000000000000000e+00,3.813950296363388670e-02,1.489566592116973842e+00,-2.347027569063685204e-02,4.210659089153762080e-02,-0.000000000000000000e+00,8.591703869247457881e-02,-0.000000000000000000e+00,1.256534875494899894e-01,-6.795472471386666824e-02,0.000000000000000000e+00,-4.691231315898371224e-02,-4.121787684317729933e-02,-3.884297159684337031e-02,-0.000000000000000000e+00,-0.000000000000000000e+00,-0.000000000000000000e+00,-0.000000000000000000e+00,-0.000000000000000000e+00,-6.598536988574152384e-02,-3.080476116612524545e-02,-0.000000000000000000e+00,-0.000000000000000000e+00,-1.952061456751269797e-01,-0.000000000000000000e+00,-0.000000000000000000e+00,-0.000000000000000000e+00,-1.996415193325140058e-01,-0.000000000000000000e+00,-0.000000000000000000e+00,-0.000000000000000000e+00,-1.866915079048559190e-01,-1.895698439006463509e-01
-0.000000000000000000e+00,-0.000000000000000000e+00,-2.086763578369721719e-02,-6.213944939506150372e-02,-6.598747083614922571e-02,0.000000000000000000e+00,-0.000000000000000000e+00,1.903396942978396664e-02,-2.347027569063685204e-02,1.175255943140175008e+00,0.000000000000000000e+00,-0.000000000000000000e+00,0.000000000000000000e+00,-0.000000000000000000e+00,5.339910223802172423e-02,-1.072154832541437480e-01,0.000000000000000000e+00,-1.059151431700183915e-01,-1.507395237045965342e-01,-0.000000000000000000e+00,-0.000000000000000000e+00,-0.000000000000000000e+00,-0.000000000000000000e+00,-0.000000000000000000e+00,-0.000000000000000000e+00,-0.000000000000000000e+00,-0.000000000000000000e+00,-0.000000000000000000e+00,-0.000000000000000000e+00,-6.893640927156670373e-02,-6.448939346310111898e-02,-0.000000000000000000e+00,-0.000000000000000000e+00,-0.000000000000000000e+00,-0.000000000000000000e+00,-0.000000000000000000e+00,-0.000000000000000000e+00,-0.000000000000000000e+00,-8.527953167757040820e-02
0.000000000000000000e+00,0.000000000000000000e+00,0.000000000000000000e+00,0.000000000000000000e+00,0.000000000000000000e+00,-1.224906796900698674e-01,0.000000000000000000e+00,-0.000000000000000000e+00,4.210659089153762080e-02,0.000000000000000000e+00,1.131027265791115122e+00,0.000000000000000000e+00,-1.880725870271674760e-01,0.000000000000000000e+00,-0.000000000000000000e+00,0.000000000000000000e+00,-2.087729498625290336e-01,0.000000000000000000e+00,0.000000000000000000e+00,0.000000000000000000e+00,0.000000000000000000e+00,0.000000000000000000e+00,-0.000000000000000000e+00,0.000000000000000000e+00,-0.000000000000000000e+00,0.000000000000000000e+00,0.000000000000000000e+00,0.000000000000000000e+00,0.000000000000000000e+00,2.611787875358877187e-02,0.000000000000000000e+00,-0.000000000000000000e+00,0.000000000000000000e+00,0.000000000000000000e+00,0.000000000000000000e+00,-0.000000000000000000e+00,-0.000000000000000000e+00,1.323465882618684794e-02,9.891175657837994462e-02
-0.000000000000000000e+00,-0.000000000000000000e+00,-0.000000000000000000e+00,-0.000000000000000000e+00,-0.000000000000000000e+00,0.000000000000000000e+00,-0.000000000000000000e+00,0.000000000000000000e+00,-0.000000000000000000e+00,-0.000000000000000000e+00,0.000000000000000000e+00,1.007128949835104814e+00,0.000000000000000000e+00,-0.000000000000000000e+00,0.000000000000000000e+00,-0.000000000000000000e+00,0.000000000000000000e+00,-0.000000000000000000e+00,-0.000000000000000000e+00,-7.227316604518773703e-03,-0.000000000000000000e+00,-0.000000000000000000e+00,-0.000000000000000000e+00,-0.000000000000000000e+00,-0.000000000000000000e+00,-0.000000000000000000e+00,-0.000000000000000000e+00,-0.000000000000000000e+00,-0.000000000000000000e+00,-0.000000000000000000e+00,-0.000000000000000000e+00,-0.000000000000000000e+00,-0.000000000000000000e+00,-8.217938688460717234e-02,-0.000000000000000000e+00,-0.000000000000000000e+00,-0.000000000000000000e+00,-0.000000000000000000e+00,-0.000000000000000000e+00
3.315946338909118822e-03,0.000000000000000000e+00,0.000000000000000000e+00,0.000000000000000000e+00,0.000000000000000000e+00,-0.000000000000000000e+00,0.000000000000000000e+00,-0.000000000000000000e+00,8.591703869247457881e-02,0.000000000000000000e+00,-1.880725870271674760e-01,0.000000000000000000e+00,1.141193957434176287e+00,0.000000000000000000e+00,-0.000000000000000000e+00,1.526637809289522855e-02,-0.000000000000000000e+00,0.000000000000000000e+00,1.463975809298598144e-03,1.116204298948269003e-01,0.000000000000000000e+00,0.000000000000000000e+00,0.000000000000000000e+00,0.000000000000000000e+00,0.000000000000000000e+00,4.349967319112045538e-02,0.000000000000000000e+00,0.000000000000000000e+00,0.000000000000000000e+00,2.717224381815363382e-02,0.000000000000000000e+00,0.000000000000000000e+00,0.000000000000000000e+00,1.008665880738171539e-02,0.000000000000000000e+00,0.000000000000000000e+00,0.000000000000000000e+00,1.046656300837973119e-01,8.589229900703268528e-02
-0.000000000000000000e+00,-0.000000000000000000e+00,-0.000000000000000000e+00,-0.000000000000000000e+00,-9.747645926805234562e-02,-0.000000000000000000e+00,-0.000000000000000000e+00,0.000000000000000000e+00,-0.000000000000000000e+00,-0.000000000000000000e+00,0.000000000000000000e+00,-0.000000000000000000e+00,0.000000000000000000e+00,1.428620456048332210e+00,0.000000000000000000e+00,-0.000000000000000000e+00,-0.000000000000000000e+00,-0.000000000000000000e+00,-0.000000000000000000e+00,-6.257075512405857465e-02,-1.259213721054533268e-02,-1.343346862543826903e-01,-1.831885401798528656e-01,-2.479062816677701508e-01,-9.402247256590579028e-02,-0.000000000000000000e+00,-0.000000000000000000e+00,-5.239243757098988735e-02,-6.475188107826025663e-02,-0.000000000000000000e+00,-1.111010948486284289e-01,-9.283405867494569016e-03,-1.181134708972595981e-01,-1.086028675541528266e-01,-8.554129454300105073e-02,-0.000000000000000000e+00,-7.952874537218708462e-02,-0.000000000000000000e+00,-0.000000000000000000e+00
0.000000000000000000e+00,0.000000000000000000e+00,5.157653952241945776e-03,0.000000000000000000e+00,8.728344330989085131e-02,-0.000000000000000000e+00,0.000000000000000000e+00,-0.000000000000000000e+00,1.256534875494899894e-01,5.339910223802172423e-02,-0.000000000000000000e+00,0.000000000000000000e+00,-0.000000000000000000e+00,0.000000000000000000e+00,1.183397688325115826e+00,4.468984376285344527e-03,-0.000000000000000000e+00,1.997778871731489825e-01,7.478224256644766532e-02,0.000000000000000000e+00,0.000000000000000000e+00,0.000000000000000000e+00,0.000000000000000000e+00,0.000000000000000000e+00,0.000000000000000000e+00,0.000000000000000000e+00,0.000000000000000000e+00,0.000000000000000000e+00,0.000000000000000000e+00,5.645953603117404018e-02,0.000000000000000000e+00,0.000000000000000000e+00,0.000000000000000000e+00,0.000000000000000000e+00,0.000000000000000000e+00,0.000000000000000000e+00,0.000000000000000000e+00,1.163876118189550307e-01,0.000000000000000000e+00
-1.010113836594077608e-01,-0.000000000000000000e+00,-4.426393921868337217e-02,-0.000000000000000000e+00,-3.003898564948593447e-02,0.000000000000000000e+00,-0.000000000000000000e+00,5.394000824071892158e-02,-6.795472471386666824e-02,-1.072154832541437480e-01,0.000000000000000000e+00,-0.000000000000000000e+00,1.526637809289522855e-02,-0.000000000000000000e+00,4.468984376285344527e-03,1.459311511501509617e+00,0.000000000000000000e+00,-2.126652112249577120e-01,-1.911321727075841054e-02,-3.390936845196745181e-02,-6.427529944156540678e-03,-3.354819038089784568e-03,-0.000000000000000000e+00,-5.745202194334680240e-02,-0.000000000000000000e+00,-8.278488393943984891e-02,-0.000000000000000000e+00,-1.442110815799663992e-01,-1.298148718121303058e-02,-2.316162700820641462e-01,-3.546099976864696551e-02,-0.000000000000000000e+00,-0.000000000000000000e+00,-4.355493079969739723e-02,-0.000000000000000000e+00,-0.000000000000000000e+00,-0.000000000000000000e+00,-1.037973650838105444e-01,-0.000000000000000000e+00
0.000000000000000000e+00,0.000000000000000000e+00,0.000000000000000000e+00,0.000000000000000000e+00,-0.000000000000000000e+00,-2.287188690845300687e-01,0.000000000000000000e+00,-0.000000000000000000e+00,0.000000000000000000e+00,0.000000000000000000e+00,-2.087729498625290336e-01,0.000000000000000000e+00,-0.000000000000000000e+00,-0.000000000000000000e+00,-0.000000000000000000e+00,0.000000000000000000e+00,1.101123123526820624e+00,0.000000000000000000e+00,0.000000000000000000e+00,0.000000000000000000e+00,-0.000000000000000000e+00,-0.000000000000000000e+00,-0.000000000000000000e+00,-0.000000000000000000e+00,-1.268933955593747921e-02,0.000000000000000000e+00,0.000000000000000000e+00,-0.000000000000000000e+00,-0.000000000000000000e+00,0.000000000000000000e+00,-0.000000000000000000e+00,-0.000000000000000000e+00,-0.000000000000000000e+00,0.000000000000000000e+00,-0.000000000000000000e+00,-0.000000000000000000e+00,-0.000000000000000000e+00,0.000000000000000000e+00,0.000000000000000000e+00
-6.709679282609018469e-02,-0.000000000000000000e+00,-5.958137795604370734e-02,-1.546593829410727004e-02,-7.973421543849799897e-02,0.000000000000000000e+00,-0.000000000000000000e+00,4.005978627529124814e-02,-4.691231315898371224e-02,-1.059151431700183915e-01,0.000000000000000000e+00,-0.000000000000000000e+00,0.000000000000000000e+00,-0.000000000000000000e+00,1.997778871731489825e-01,-2.126652112249577120e-01,0.000000000000000000e+00,1.481929055983647103e+00,-1.722850891650430927e-01,-0.000000000000000000e+00,-0.000000000000000000e+00,-2.745943216672080966e-02,-0.000000000000000000e+00,-0.000000000000000000e+00,-0.000000000000000000e+00,-6.814112097714303262e-02,-0.000000000000000000e+00,-1.013660239772452565e-01,-0.000000000000000000e+00,-1.028930026683257393e-01,-8.538515882533095902e-02,-0.000000000000000000e+00,-0.000000000000000000e+00,-4.392876307930142416e-04,-0.000000000000000000e+00,-0.000000000000000000e+00,-0.000000000000000000e+00,-1.328960898039464600e-01,-1.347740639529342727e-02
-0.000000000000000000e+00,-0.000000000000000000e+00,-0.000000000000000000e+00,-0.000000000000000000e+00,-0.000000000000000000e+00,0.000000000000000000e+00,-0.000000000000000000e+00,0.000000000000000000e+00,-4.121787684317729933e-02,-1.507395237045965342e-01,0.000000000000000000e+00,-0.000000000000000000e+00,1.463975809298598144e-03,-0.000000000000000000e+00,7.478224256644766532e-02,-1.911321727075841054e-02,0.000000000000000000e+00,-1.722850891650430927e-01,1.194839453850224498e+00,-1.020152106475045659e-02,-0.000000000000000000e+00,-4.396508570763006662e-03,-0.000000000000000000e+00,-0.000000000000000000e+00,-0.000000000000000000e+00,-0.000000000000000000e+00,-0.000000000000000000e+00,-0.000000000000000000e+00,-0.000000000000000000e+00,-0.000000000000000000e+00,-3.759472790657303332e-02,-0.000000000000000000e+00,-0.000000000000000000e+00,-0.000000000000000000e+00,-0.000000000000000000e+00,-0.000000000000000000e+00,-0.000000000000000000e+00,-1.136582014105494282e-01,-1.550165636020045257e-01
-1.098335231253192018e-01,-0.000000000000000000e+00,-1.037839854227767811e-02,-0.000000000000000000e+00,-0.000000000000000000e+00,0.000000000000000000e+00,-0.000000000000000000e+00,2.113182474628677934e-02,-3.884297159684337031e-02,-0.000000000000000000e+00,0.000000000000000000e+00,-7.227316604518773703e-03,1.116204298948269003e-01,-6.257075512405857465e-02,0.000000000000000000e+00,-3.390936845196745181e-02,0.000000000000000000e+00,-0.000000000000000000e+00,-1.020152106475045659e-02,1.377770726971957238e+00,-0.000000000000000000e+00,-2.368627735579851290e-01,-0.000000000000000000e+00,-2.105496567691598347e-02,-0.000000000000000000e+00,-9.715620203574436287e-02,-5.760078096847102286e-02,-5.104170912067759053e-02,-6.648205797969077013e-02,-3.579808099437658490e-04,-0.000000000000000000e+00,-0.000000000000000000e+00,-0.000000000000000000e+00,-1.269275090171130826e-01,-0.000000000000000000e+00,-0.000000000000000000e+00,-0.000000000000000000e+00,-1.214450783649824867e-01,-1.005240607469969766e-01
-0.000000000000000000e+00,-0.000000000000000000e+00,-1.380095004705392536e-01,-0.000000000000000000e+00,-0.000000000000000000e+00,-0.000000000000000000e+00,-0.000000000000000000e+00,1.534792033991042026e-01,-0.000000000000000000e+00,-0.000000000000000000e+00,0.000000000000000000e+00,-0.000000000000000000e+00,0.000000000000000000e+00,-1.259213721054533268e-02,0.000000000000000000e+00,-6.427529944156540678e-03,-0.000000000000000000e+00,-0.000000000000000000e+00,-0.000000000000000000e+00,-0.000000000000000000e+00,1.386200521234625560e+00,-2.430204408458044030e-01,-3.183598397362118193e-02,-0.000000000000000000e+00,-6.927903356661850587e-02,-0.000000000000000000e+00,-0.000000000000000000e+00,-1.121353871214814252e-01,-1.103758124277752634e-01,-0.000000000000000000e+00,-1.003372602499614658e-01,-0.000000000000000000e+00,-1.213095172669899219e-01,-0.000000000000000000e+00,-8.002595028074542538e-02,-4.149570230785692287e-02,-3.759872236850658050e-02,-0.000000000000000000e+00,-0.000000000000000000e+00
-0.000000000000000000e+00,-0.000000000000000000e+00,-1.369761785913934382e-01,-0.000000000000000000e+00,-0.000000000000000000e+00,-0.000000000000000000e+00,-0.000000000000000000e+00,1.336552999963597221e-01,-0.000000000000000000e+00,-0.000000000000000000e+00,0.000000000000000000e+00,-0.000000000000000000e+00,0.000000000000000000e+00,-1.343346862543826903e-01,0.000000000000000000e+00,-3.354819038089784568e-03,-0.000000000000000000e+00,-2.745943216672080966e-02,-4.396508570763006662e-03,-2.368627735579851290e-01,-2.430204408458044030e-01,1.426604216580193984e+00,-4.159398517944179474e-02,-1.757645219173175830e-02,-1.936956876553308157e-02,-1.555730269110162716e-03,-2.480468804504617694e-02,-7.802985666697155598e-02,-7.006065148912518636e-02,-0.000000000000000000e+00,-9.108082152929367070e-02,-0.000000000000000000e+00,-0.000000000000000000e+00,-1.523408056117524743e-02,-3.065637824930835670e-02,-0.000000000000000000e+00,-0.000000000000000000e+00,-2.470439587229434405e-03,-0.000000000000000000e+00
-0.000000000000000000e+00,-0.000000000000000000e+00,-0.000000000000000000e+00,-0.000000000000000000e+00,-0.000000000000000000e+00,-0.000000000000000000e+00,-0.000000000000000000e+00,0.000000000000000000e+00,-0.000000000000000000e+00,-0.000000000000000000e+00,-0.000000000000000000e+00,-0.000000000000000000e+00,0.000000000000000000e+00,-1.831885401798528656e-01,0.000000000000000000e+00,-0.000000000000000000e+00,-0.000000000000000000e+00,-0.000000000000000000e+00,-0.000000000000000000e+00,-0.000000000000000000e+00,-3.183598397362118193e-02,-4.159398517944179474e-02,1.301170109552878928e+00,-7.914428622215945175e-02,-3.451684988802211640e-01,-0.000000000000000000e+00,-0.000000000000000000e+00,-0.000000000000000000e+00,-0.000000000000000000e+00,-0.000000000000000000e+00,-3.271010172197215404e-02,-0.000000000000000000e+00,-1.433452117436374157e-02,-0.000000000000000000e+00,-1.066316882228574570e-01,-4.904244870063987488e-02,-1.260424589909721060e-01,-0.000000000000000000e+00,-0.000000000000000000e+00
-0.000000000000000000e+00,-0.000000000000000000e+00,-0.000000000000000000e+00,-0.000000000000000000e+00,-5.871949664863415630e-02,-0.000000000000000000e+00,-0.000000000000000000e+00,0.000000000000000000e+00,-0.000000000000000000e+00,-0.000000000000000000e+00,0.000000000000000000e+00,-0.000000000000000000e+00,0.000000000000000000e+00,-2.479062816677701508e-01,0.000000000000000000e+00,-5.745202194334680240e-02,-0.000000000000000000e+00,-0.000000000000000000e+00,-0.000000000000000000e+00,-2.105496567691598347e-02,-0.000000000000000000e+00,-1.757645219173175830e-02,-7.914428622215945175e-02,1.198441935762389665e+00,-1.556715147882343012e-02,-7.898218359934858213e-04,-0.000000000000000000e+00,-2.921664901014634635e-02,-7.597697408443809808e-02,-3.251507276555536119e-02,-1.406285034905217952e-02,-0.000000000000000000e+00,-0.000000000000000000e+00,-7.260524426977092716e-02,-7.129819002975433528e-02,-0.000000000000000000e+00,-1.343406382704636151e-02,-0.000000000000000000e+00,-0.000000000000000000e+00
-0.000000000000000000e+00,-0.000000000000000000e+00,-0.000000000000000000e+00,-0.000000000000000000e+00,-0.000000000000000000e+00,-0.000000000000000000e+00,-0.000000000000000000e+00,0.000000000000000000e+00,-0.000000000000000000e+00,-0.000000000000000000e+00,-0.000000000000000000e+00,-0.000000000000000000e+00,0.000000000000000000e+00,-9.402247256590579028e-02,0.000000000000000000e+00,-0.000000000000000000e+00,-1.268933955593747921e-02,-0.000000000000000000e+00,-0.000000000000000000e+00,-0.000000000000000000e+00,-6.927903356661850587e-02,-1.936956876553308157e-02,-3.451684988802211640e-01,-1.556715147882343012e-02,1.301242578068767308e+00,-0.000000000000000000e+00,-0.000000000000000000e+00,-0.000000000000000000e+00,-0.000000000000000000e+00,-0.000000000000000000e+00,-6.937532091789097577e-02,-6.704466980520128920e-04,-1.345619465457038588e-01,-0.000000000000000000e+00,-9.060467472470165595e-02,-7.466078480387834670e-02,-1.373242677544295742e-01,-0.000000000000000000e+00,-0.000000000000000000e+00
-1.922482334498551160e-01,-0.000000000000000000e+00,-6.120691031636869145e-02,-0.000000000000000000e+00,-2.084183672615264049e-02,0.000000000000000000e+00,-0.000000000000000000e+00,7.554797900089983698e-02,-6.598536988574152384e-02,-0.000000000000000000e+00,0.000000000000000000e+00,-0.000000000000000000e+00,4.349967319112045538e-02,-0.000000000000000000e+00,0.000000000000000000e+00,-8.278488393943984891e-02,0.000000000000000000e+00,-6.814112097714303262e-02,-0.000000000000000000e+00,-9.715620203574436287e-02,-0.000000000000000000e+00,-1.555730269110162716e-03,-0.000000000000000000e+00,-7.898218359934858213e-04,-0.000000000000000000e+00,1.517543054019789617e+00,-2.266095294182410846e-01,-1.391030434242641889e-01,-1.357363514993679687e-01,-3.712235597951774047e-02,-0.000000000000000000e+00,-3.871109785354349964e-02,-0.000000000000000000e+00,-7.251477596195463060e-02,-5.702720296624319563e-02,-0.000000000000000000e+00,-0.000000000000000000e+00,-1.122925755715362961e-01,-2.904808828620413213e-03
-2.452920492902512795e-01,-7.952766825654754290e-02,-7.651776600601431499e-02,-0.000000000000000000e+00,-6.619438296174222358e-03,0.000000000000000000e+00,-0.000000000000000000e+00,8.800174067510609099e-02,-3.080476116612524545e-02,-0.000000000000000000e+00,0.000000000000000000e+00,-0.000000000000000000e+00,0.000000000000000000e+00,-0.000000000000000000e+00,0.000000000000000000e+00,-0.000000000000000000e+00,0.000000000000000000e+00,-0.000000000000000000e+00,-0.000000000000000000e+00,-5.760078096847102286e-02,-0.000000000000000000e+00,-2.480468804504617694e-02,-0.000000000000000000e+00,-0.000000000000000000e+00,-0.000000000000000000e+00,-2.266095294182410846e-01,1.412215508464273572e+00,-1.251103190648154007e-01,-5.676900451074711612e-02,-0.000000000000000000e+00,-3.262506068054974590e-02,-1.619401243468507334e-01,-0.000000000000000000e+00,-2.993096202892513505e-02,-3.086831387682647393e-02,-0.000000000000000000e+00,-0.000000000000000000e+00,-3.569252924914170788e-02,-2.223172955526944369e-02
-6.857881672465693246e-02,-0.000000000000000000e+00,-8.785852272990919698e-02,-0.000000000000000000e+00,-7.020818181632693111e-02,0.000000000000000000e+00,-0.000000000000000000e+00,1.006356465201916073e-01,-0.000000000000000000e+00,-0.000000000000000000e+00,0.000000000000000000e+00,-0.000000000000000000e+00,0.000000000000000000e+00,-5.239243757098988735e-02,0.000000000000000000e+00,-1.442110815799663992e-01,-0.000000000000000000e+00,-1.013660239772452565e-01,-0.000000000000000000e+00,-5.104170912067759053e-02,-1.121353871214814252e-01,-7.802985666697155598e-02,-0.000000000000000000e+00,-2.921664901014634635e-02,-0.000000000000000000e+00,-1.391030434242641889e-01,-1.251103190648154007e-01,1.565917215570445498e+00,-1.334911592843452399e-01,-1.169092476723314518e-02,-1.436392134363320139e-01,-2.105022928621562428e-02,-0.000000000000000000e+00,-4.338188181113761255e-02,-1.469170299783723321e-01,-0.000000000000000000e+00,-2.198797254040836882e-02,-0.000000000000000000e+00,-0.000000000000000000e+00
-2.075636666591105031e-02,-0.000000000000000000e+00,-6.186527959875687960e-02,-0.000000000000000000e+00,-1.901585885318158448e-02,-0.000000000000000000e+00,-0.000000000000000000e+00,7.731522550897536317e-02,-0.000000000000000000e+00,-0.000000000000000000e+00,0.000000000000000000e+00,-0.000000000000000000e+00,0.000000000000000000e+00,-6.475188107826025663e-02,0.000000000000000000e+00,-1.298148718121303058e-02,-0.000000000000000000e+00,-0.000000000000000000e+00,-0.000000000000000000e+00,-6.648205797969077013e-02,-1.103758124277752634e-01,-7.006065148912518636e-02,-0.000000000000000000e+00,-7.597697408443809808e-02,-0.000000000000000000e+00,-1.357363514993679687e-01,-5.676900451074711612e-02,-1.334911592843452399e-01,1.389259654978506120e+00,-0.000000000000000000e+00,-0.000000000000000000e+00,-5.856368352926574761e-02,-0.000000000000000000e+00,-4.782420622983534625e-02,-2.088910681840899508e-01,-0.000000000000000000e+00,-6.914127515981330352e-02,-0.000000000000000000e+00,-0.000000000000000000e+00
-4.187180834825974390e-02,-0.000000000000000000e+00,-4.170862770659613389e-02,-0.000000000000000000e+00,-4.658458895179063558e-02,0.000000000000000000e+00,-0.000000000000000000e+00,2.265046222749545965e-02,-1.952061456751269797e-01,-6.893640927156670373e-02,2.611787875358877187e-02,-0.000000000000000000e+00,2.717224381815363382e-02,-0.000000000000000000e+00,5.645953603117404018e-02,-2.316162700820641462e-01,0.000000000000000000e+00,-1.028930026683257393e-01,-0.000000000000000000e+00,-3.579808099437658490e-04,-0.000000000000000000e+00,-0.000000000000000000e+00,-0.000000000000000000e+00,-3.251507276555536119e-02,-0.000000000000000000e+00,-3.712235597951774047e-02,-0.000000000000000000e+00,-1.169092476723314518e-02,-0.000000000000000000e+00,1.406069584823906649e+00,-0.000000000000000000e+00,-0.000000000000000000e+00,-0.000000000000000000e+00,-1.430201041052149291e-01,-0.000000000000000000e+00,-0.000000000000000000e+00,-0.000000000000000000e+00,-1.109075691480004011e-01,-9.082629547969447992e-02
-0.000000000000000000e+00,-0.000000000000000000e+00,-5.420143495842205672e-02,-0.000000000000000000e+00,-1.127006066934429229e-01,-0.000000000000000000e+00,-0.000000000000000000e+00,3.905960069763621256e-02,-0.000000000000000000e+00,-6.448939346310111898e-02,0.000000000000000000e+00,-0.000000000000000000e+00,0.000000000000000000e+00,-1.111010948486284289e-01,0.000000000000000000e+00,-3.546099976864696551e-02,-0.000000000000000000e+00,-8.538515882533095902e-02,-3.759472790657303332e-02,-0.000000000000000000e+00,-1.003372602499614658e-01,-9.108082152929367070e-02,-3.271010172197215404e-02,-1.406285034905217952e-02,-6.937532091789097577e-02,-0.000000000000000000e+00,-3.262506068054974590e-02,-1.436392134363320139e-01,-0.000000000000000000e+00,-0.000000000000000000e+00,1.296618158099477780e+00,-0.000000000000000000e+00,-5.146231779469283979e-02,-0.000000000000000000e+00,-5.352459612468234845e-02,-0.000000000000000000e+00,-0.000000000000000000e+00,-0.000000000000000000e+00,-0.000000000000000000e+00
-0.000000000000000000e+00,-0.000000000000000000e+00,-0.000000000000000000e+00,-0.000000000000000000e+00,-0.000000000000000000e+00,-0.000000000000000000e+00,-0.000000000000000000e+00,0.000000000000000000e+00,-0.000000000000000000e+00,-0.000000000000000000e+00,-0.000000000000000000e+00,-0.000000000000000000e+00,0.000000000000000000e+00,-9.283405867494569016e-03,0.000000000000000000e+00,-0.000000000000000000e+00,-0.000000000000000000e+00,-0.000000000000000000e+00,-0.000000000000000000e+00,-0.000000000000000000e+00,-0.000000000000000000e+00,-0.000000000000000000e+00,-0.000000000000000000e+00,-0.000000000000000000e+00,-6.704466980520128920e-04,-3.871109785354349964e-02,-1.619401243468507334e-01,-2.105022928621562428e-02,-5.856368352926574761e-02,-0.000000000000000000e+00,-0.000000000000000000e+00,1.210320507974029791e+00,-0.000000000000000000e+00,-0.000000000000000000e+00,-1.682589621278230696e-01,-1.209778965061574230e-01,-2.351424425497998794e-01,-0.000000000000000000e+00,-0.000000000000000000e+00
-0.000000000000000000e+00,-0.000000000000000000e+00,-9.727788709475897189e-02,-0.000000000000000000e+00,-1.428065692562673905e-01,-0.000000000000000000e+00,-0.000000000000000000e+00,6.558709353939293218e-02,-0.000000000000000000e+00,-0.000000000000000000e+00,0.000000000000000000e+00,-0.000000000000000000e+00,0.000000000000000000e+00,-1.181134708972595981e-01,0.000000000000000000e+00,-0.000000000000000000e+00,-0.000000000000000000e+00,-0.000000000000000000e+00,-0.000000000000000000e+00,-0.000000000000000000e+00,-1.213095172669899219e-01,-0.000000000000000000e+00,-1.433452117436374157e-02,-0.000000000000000000e+00,-1.345619465457038588e-01,-0.000000000000000000e+00,-0.000000000000000000e+00,-0.000000000000000000e+00,-0.000000000000000000e+00,-0.000000000000000000e+00,-5.146231779469283979e-02,-0.000000000000000000e+00,1.195702114778363079e+00,-0.000000000000000000e+00,-0.000000000000000000e+00,-5.988899738930147237e-02,-2.560326437660478613e-02,-0.000000000000000000e+00,-0.000000000000000000e+00
-0.000000000000000000e+00,-0.000000000000000000e+00,-9.511807869913822822e-02,-0.000000000000000000e+00,-1.514639449344989675e-01,0.000000000000000000e+00,-0.000000000000000000e+00,7.187836200381429730e-02,-1.996415193325140058e-01,-0.000000000000000000e+00,0.000000000000000000e+00,-8.217938688460717234e-02,1.008665880738171539e-02,-1.086028675541528266e-01,0.000000000000000000e+00,-4.355493079969739723e-02,0.000000000000000000e+00,-4.392876307930142416e-04,-0.000000000000000000e+00,-1.269275090171130826e-01,-0.000000000000000000e+00,-1.523408056117524743e-02,-0.000000000000000000e+00,-7.260524426977092716e-02,-0.000000000000000000e+00,-7.251477596195463060e-02,-2.993096202892513505e-02,-4.338188181113761255e-02,-4.782420622983534625e-02,-1.430201041052149291e-01,-0.000000000000000000e+00,-0.000000000000000000e+00,-0.000000000000000000e+00,1.424063482728649133e+00,-0.000000000000000000e+00,-0.000000000000000000e+00,-0.000000000000000000e+00,-7.516532803173314736e-02,-1.825509103534069671e-02
-0.000000000000000000e+00,-0.000000000000000000e+00,-0.000000000000000000e+00,-0.000000000000000000e+00,-2.132835552461986124e-04,-0.000000000000000000e+00,-0.000000000000000000e+00,4.926109956232336932e-03,-0.000000000000000000e+00,-0.000000000000000000e+00,0.000000000000000000e+00,-0.000000000000000000e+00,0.000000000000000000e+00,-8.554129454300105073e-02,0.000000000000000000e+00,-0.000000000000000000e+00,-0.000000000000000000e+00,-0.000000000000000000e+00,-0.000000000000000000e+00,-0.000000000000000000e+00,-8.002595028074542538e-02,-3.065637824930835670e-02,-1.066316882228574570e-01,-7.129819002975433528e-02,-9.060467472470165595e-02,-5.702720296624319563e-02,-3.086831387682647393e-02,-1.469170299783723321e-01,-2.088910681840899508e-01,-0.000000000000000000e+00,-5.352459612468234845e-02,-1.682589621278230696e-01,-0.000000000000000000e+00,-0.000000000000000000e+00,1.435783415108284222e+00,-1.806051894314745013e-02,-2.627777888562184971e-01,-0.000000000000000000e+00,-0.000000000000000000e+00
-0.000000000000000000e+00,-0.000000000000000000e+00,-0.000000000000000000e+00,-0.000000000000000000e+00,-8.147001010266469168e-03,-0.000000000000000000e+00,-0.000000000000000000e+00,1.487341643335944076e-02,-0.000000000000000000e+00,-0.000000000000000000e+00,-0.000000000000000000e+00,-0.000000000000000000e+00,0.000000000000000000e+00,-0.000000000000000000e+00,0.000000000000000000e+00,-0.000000000000000000e+00,-0.000000000000000000e+00,-0.000000000000000000e+00,-0.000000000000000000e+00,-0.000000000000000000e+00,-4.149570230785692287e-02,-0.000000000000000000e+00,-4.904244870063987488e-02,-0.000000000000000000e+00,-7.466078480387834670e-02,-0.000000000000000000e+00,-0.000000000000000000e+00,-0.000000000000000000e+00,-0.000000000000000000e+00,-0.000000000000000000e+00,-0.000000000000000000e+00,-1.209778965061574230e-01,-5.988899738930147237e-02,-0.000000000000000000e+00,-1.806051894314745013e-02,1.089883110828812063e+00,-1.363175708335782055e-01,-0.000000000000000000e+00,-0.000000000000000000e+00
-0.000000000000000000e+00,-0.000000000000000000e+00,-0.000000000000000000e+00,-0.000000000000000000e+00,-0.000000000000000000e+00,-0.000000000000000000e+00,-0.000000000000000000e+00,0.000000000000000000e+00,-0.000000000000000000e+00,-0.000000000000000000e+00,-0.000000000000000000e+00,-0.000000000000000000e+00,0.000000000000000000e+00,-7.952874537218708462e-02,0.000000000000000000e+00,-0.000000000000000000e+00,-0.000000000000000000e+00,-0.000000000000000000e+00,-0.000000000000000000e+00,-0.000000000000000000e+00,-3.759872236850658050e-02,-0.000000000000000000e+00,-1.260424589909721060e-01,-1.343406382704636151e-02,-1.373242677544295742e-01,-0.000000000000000000e+00,-0.000000000000000000e+00,-2.198797254040836882e-02,-6.914127515981330352e-02,-0.000000000000000000e+00,-0.000000000000000000e+00,-2.351424425497998794e-01,-2.560326437660478613e-02,-0.000000000000000000e+00,-2.627777888562184971e-01,-1.363175708335782055e-01,1.329773232672056160e+00,-0.000000000000000000e+00,-0.000000000000000000e+00
-1.328111663621982241e-01,-0.000000000000000000e+00,-3.970109506261116500e-02,-0.000000000000000000e+00,-0.000000000000000000e+00,0.000000000000000000e+00,-0.000000000000000000e+00,3.781562107987997134e-02,-1.866915079048559190e-01,-0.000000000000000000e+00,1.323465882618684794e-02,-0.000000000000000000e+00,1.046656300837973119e-01,-0.000000000000000000e+00,1.163876118189550307e-01,-1.037973650838105444e-01,0.000000000000000000e+00,-1.328960898039464600e-01,-1.136582014105494282e-01,-1.214450783649824867e-01,-0.000000000000000000e+00,-2.470439587229434405e-03,-0.000000000000000000e+00,-0.000000000000000000e+00,-0.000000000000000000e+00,-1.122925755715362961e-01,-3.569252924914170788e-02,-0.000000000000000000e+00,-0.000000000000000000e+00,-1.109075691480004011e-01,-0.000000000000000000e+00,-0.000000000000000000e+00,-0.000000000000000000e+00,-7.516532803173314736e-02,-0.000000000000000000e+00,-0.000000000000000000e+00,-0.000000000000000000e+00,1.558499928323899608e+00,-2.268638687311008706e-01
-1.380267094954047979e-01,-0.000000000000000000e+00,-0.000000000000000000e+00,-0.000000000000000000e+00,-0.000000000000000000e+00,0.000000000000000000e+00,-0.000000000000000000e+00,0.000000000000000000e+00,-1.895698439006463509e-01,-8.527953167757040820e-02,9.891175657837994462e-02,-0.000000000000000000e+00,8.589229900703268528e-02,-0.000000000000000000e+00,0.000000000000000000e+00,-0.000000000000000000e+00,0.000000000000000000e+00,-1.347740639529342727e-02,-1.550165636020045257e-01,-1.005240607469969766e-01,-0.000000000000000000e+00,-0.000000000000000000e+00,-0.000000000000000000e+00,-0.000000000000000000e+00,-0.000000000000000000e+00,-2.904808828620413213e-03,-2.223172955526944369e-02,-0.000000000000000000e+00,-0.000000000000000000e+00,-9.082629547969447992e-02,-0.000000000000000000e+00,-0.000000000000000000e+00,-0.000000000000000000e+00,-1.825509103534069671e-02,-0.000000000000000000e+00,-0.000000000000000000e+00,-0.000000000000000000e+00,-2.268638687311008706e-01,1.357110366653462963e+00
