2.136256386561008025e+00,-7.006899696807878941e-01,-0.000000000000000000e+00,-0.000000000000000000e+00,-0.000000000000000000e+00,0.000000000000000000e+00,-0.000000000000000000e+00,-0.000000000000000000e+00,-0.000000000000000000e+00,-2.176232520855363173e-01,-0.000000000000000000e+00,-0.000000000000000000e+00,-0.000000000000000000e+00,-0.000000000000000000e+00,0.000000000000000000e+00,-2.578753365000194253e-01,-0.000000000000000000e+00,-0.000000000000000000e+00,-0.000000000000000000e+00,-0.000000000000000000e+00,-1.379566570935271685e-01,-0.000000000000000000e+00,-2.719023820652506362e-01,-0.000000000000000000e+00,-1.174315378958330908e-01,-0.000000000000000000e+00,-2.964803051275918810e-02,0.000000000000000000e+00,-1.514602131982556617e-02,-1.267319916088191223e-01,-0.000000000000000000e+00,-2.187575741940854801e-01,-0.000000000000000000e+00,-0.000000000000000000e+00,-0.000000000000000000e+00,-7.325420649710484566e-02,-4.377950864309311518e-02,0.000000000000000000e+00,-0.000000000000000000e+00
-7.006899696807878941e-01,2.375663582019826858e+00,-0.000000000000000000e+00,0.000000000000000000e+00,-0.000000000000000000e+00,0.000000000000000000e+00,-2.242107702545987347e-01,-0.000000000000000000e+00,-0.000000000000000000e+00,-8.247172857272550006e-02,-0.000000000000000000e+00,-2.928358104618481589e-02,-0.000000000000000000e+00,-0.000000000000000000e+00,0.000000000000000000e+00,-4.580800891271017972e-01,0.000000000000000000e+00,0.000000000000000000e+00,0.000000000000000000e+00,-0.000000000000000000e+00,-0.000000000000000000e+00,-7.230429994448860087e-02,-0.000000000000000000e+00,-0.000000000000000000e+00,-0.000000000000000000e+00,0.000000000000000000e+00,-3.321991278520404767e-01,0.000000000000000000e+00,-0.000000000000000000e+00,-0.000000000000000000e+00,-2.874319683459668553e-02,-3.147596907986081050e-01,-0.000000000000000000e+00,-0.000000000000000000e+00,-1.299428895157627439e-01,-1.139745242259655178e-01,-0.000000000000000000e+00,0.000000000000000000e+00,-0.000000000000000000e+00
-0.000000000000000000e+00,-0.000000000000000000e+00,1.941713069484436449e+00,-0.000000000000000000e+00,-5.183274258361340037e-01,-0.000000000000000000e+00,-0.000000000000000000e+00,4.737802820321404540e-02,-1.874759587410476935e-01,-0.000000000000000000e+00,-1.873294237153260225e-02,-0.000000000000000000e+00,0.000000000000000000e+00,-1.293474997079409605e-01,0.000000000000000000e+00,-0.000000000000000000e+00,-0.000000000000000000e+00,-0.000000000000000000e+00,-1.071964209258279149e-01,-0.000000000000000000e+00,-2.955020614453774952e-01,-0.000000000000000000e+00,-1.750175137821764482e-01,-2.032997599305504666e-01,-4.541887395617786455e-02,-9.697704752222748026e-02,-0.000000000000000000e+00,-0.000000000000000000e+00,-0.000000000000000000e+00,-0.000000000000000000e+00,-1.152149842950802999e-01,-0.000000000000000000e+00,-0.000000000000000000e+00,-2.019894462927185608e-01,-0.000000000000000000e+00,-0.000000000000000000e+00,-0.000000000000000000e+00,-0.000000000000000000e+00,-0.000000000000000000e+00
-0.000000000000000000e+00,0.000000000000000000e+00,-0.000000000000000000e+00,1.263863743909890758e+00,-4.713423686069570517e-03,-0.000000000000000000e+00,-0.000000000000000000e+00,8.905366236551713610e-02,-0.000000000000000000e+00,-0.000000000000000000e+00,0.000000000000000000e+00,0.000000000000000000e+00,5.009314156717751404e-02,-0.000000000000000000e+00,0.000000000000000000e+00,-0.000000000000000000e+00,-0.000000000000000000e+00,-4.221892222342502610e-01,-0.000000000000000000e+00,0.000000000000000000e+00,0.000000000000000000e+00,6.675599315770219810e-02,-0.000000000000000000e+00,-0.000000000000000000e+00,-0.000000000000000000e+00,-0.000000000000000000e+00,0.000000000000000000e+00,-1.539349757765896276e-01,-0.000000000000000000e+00,-6.705557084338195639e-02,0.000000000000000000e+00,0.000000000000000000e+00,0.000000000000000000e+00,-0.000000000000000000e+00,0.000000000000000000e+00,0.000000000000000000e+00,-0.000000000000000000e+00,-0.000000000000000000e+00,0.000000000000000000e+00
-0.000000000000000000e+00,-0.000000000000000000e+00,-5.183274258361340037e-01,-4.713423686069570517e-03,1.878586684716859079e+00,0.000000000000000000e+00,-0.000000000000000000e+00,2.133999822250463516e-02,-3.834787067088942653e-02,-0.000000000000000000e+00,-0.000000000000000000e+00,-0.000000000000000000e+00,0.000000000000000000e+00,-4.404442700817616241e-01,0.000000000000000000e+00,-0.000000000000000000e+00,0.000000000000000000e+00,-7.495567895575951101e-02,-1.007654856254522058e-01,-0.000000000000000000e+00,-0.000000000000000000e+00,-0.000000000000000000e+00,-1.160547630175267214e-01,-0.000000000000000000e+00,-0.000000000000000000e+00,-0.000000000000000000e+00,-0.000000000000000000e+00,-0.000000000000000000e+00,-0.000000000000000000e+00,-0.000000000000000000e+00,-0.000000000000000000e+00,-0.000000000000000000e+00,-2.280593080581934384e-02,-4.125335205844122277e-01,-0.000000000000000000e+00,-0.000000000000000000e+00,-0.000000000000000000e+00,-0.000000000000000000e+00,-0.000000000000000000e+00
0.000000000000000000e+00,0.000000000000000000e+00,-0.000000000000000000e+00,-0.000000000000000000e+00,0.000000000000000000e+00,1.263022287564451673e+00,1.837517241400205836e-01,4.022444902084492541e-02,0.000000000000000000e+00,0.000000000000000000e+00,-0.000000000000000000e+00,1.347306055302794070e-01,1.545404115757957886e-01,0.000000000000000000e+00,0.000000000000000000e+00,1.031651327076674868e-01,-1.159014855350807838e-01,0.000000000000000000e+00,0.000000000000000000e+00,6.822044035016307240e-02,0.000000000000000000e+00,4.766202145212177524e-05,-0.000000000000000000e+00,0.000000000000000000e+00,-0.000000000000000000e+00,-8.257311306206763235e-02,0.000000000000000000e+00,-7.452795707847212174e-03,-0.000000000000000000e+00,-0.000000000000000000e+00,0.000000000000000000e+00,0.000000000000000000e+00,0.000000000000000000e+00,0.000000000000000000e+00,0.000000000000000000e+00,0.000000000000000000e+00,-0.000000000000000000e+00,-0.000000000000000000e+00,0.000000000000000000e+00
-0.000000000000000000e+00,-2.242107702545987347e-01,-0.000000000000000000e+00,-0.000000000000000000e+00,-0.000000000000000000e+00,1.837517241400205836e-01,1.847751133106666277e+00,-2.319784371436417192e-01,-0.000000000000000000e+00,-0.000000000000000000e+00,-0.000000000000000000e+00,-6.897760022230355059e-02,-2.044745520338069888e-01,-0.000000000000000000e+00,1.746608535236285689e-02,-4.837270938401226628e-02,7.727645784574098398e-02,0.000000000000000000e+00,-0.000000000000000000e+00,-0.000000000000000000e+00,-0.000000000000000000e+00,-1.219200603525794069e-01,-0.000000000000000000e+00,0.000000000000000000e+00,-0.000000000000000000e+00,7.891627625738470431e-02,-9.625382225358852795e-02,9.575945501355209721e-02,0.000000000000000000e+00,0.000000000000000000e+00,-1.946156439929798143e-01,-0.000000000000000000e+00,-0.000000000000000000e+00,-0.000000000000000000e+00,-0.000000000000000000e+00,-0.000000000000000000e+00,-0.000000000000000000e+00,7.758867654247542101e-02,-2.176519958812580258e-01
-0.000000000000000000e+00,-0.000000000000000000e+00,4.737802820321404540e-02,8.905366236551713610e-02,2.133999822250463516e-02,4.022444902084492541e-02,-2.319784371436417192e-01,1.928461250957694384e+00,0.000000000000000000e+00,0.000000000000000000e+00,-0.000000000000000000e+00,-1.410484835582746233e-01,-4.987714828477531337e-01,0.000000000000000000e+00,0.000000000000000000e+00,-0.000000000000000000e+00,0.000000000000000000e+00,2.848430694846733058e-01,0.000000000000000000e+00,-0.000000000000000000e+00,-0.000000000000000000e+00,-0.000000000000000000e+00,0.000000000000000000e+00,0.000000000000000000e+00,0.000000000000000000e+00,3.140935827216295162e-01,-9.453326236333485511e-02,3.358864682349934072e-01,0.000000000000000000e+00,0.000000000000000000e+00,-0.000000000000000000e+00,-0.000000000000000000e+00,-0.000000000000000000e+00,0.000000000000000000e+00,-0.000000000000000000e+00,-0.000000000000000000e+00,-0.000000000000000000e+00,0.000000000000000000e+00,-1.062174602684537623e-02
-0.000000000000000000e+00,-0.000000000000000000e+00,-1.874759587410476935e-01,-0.000000000000000000e+00,-3.834787067088942653e-02,0.000000000000000000e+00,-0.000000000000000000e+00,0.000000000000000000e+00,2.041089200181587682e+00,-4.269860945378765871e-02,-0.000000000000000000e+00,-0.000000000000000000e+00,0.000000000000000000e+00,-2.348566153088421371e-01,-0.000000000000000000e+00,-3.884089661098485413e-01,0.000000000000000000e+00,-4.582978662343178966e-02,-3.016075361262042231e-01,-0.000000000000000000e+00,-0.000000000000000000e+00,-0.000000000000000000e+00,-0.000000000000000000e+00,-0.000000000000000000e+00,-1.740089046376498971e-01,-0.000000000000000000e+00,-0.000000000000000000e+00,-0.000000000000000000e+00,-0.000000000000000000e+00,-0.000000000000000000e+00,-0.000000000000000000e+00,-0.000000000000000000e+00,-1.528694251619840405e-01,-5.010365800303461237e-01,-0.000000000000000000e+00,-0.000000000000000000e+00,-0.000000000000000000e+00,-0.000000000000000000e+00,-1.357220348105371288e-01
-2.176232520855363173e-01,-8.247172857272550006e-02,-0.000000000000000000e+00,-0.000000000000000000e+00,-0.000000000000000000e+00,0.000000000000000000e+00,-0.000000000000000000e+00,0.000000000000000000e+00,-4.269860945378765871e-02,1.996143215146889194e+00,-0.000000000000000000e+00,-0.000000000000000000e+00,0.000000000000000000e+00,-7.500574102773667484e-02,0.000000000000000000e+00,-4.714024502566411257e-01,-0.000000000000000000e+00,-0.000000000000000000e+00,-0.000000000000000000e+00,-0.000000000000000000e+00,-0.000000000000000000e+00,-0.000000000000000000e+00,-2.729698501886757556e-01,-6.293336330629584197e-02,-2.500641689152277025e-01,-0.000000000000000000e+00,-0.000000000000000000e+00,-0.000000000000000000e+00,-0.000000000000000000e+00,-5.166235618133100393e-01,-0.000000000000000000e+00,-0.000000000000000000e+00,-0.000000000000000000e+00,-0.000000000000000000e+00,-0.000000000000000000e+00,-0.000000000000000000e+00,-0.000000000000000000e+00,-0.000000000000000000e+00,-0.000000000000000000e+00
-0.000000000000000000e+00,-0.000000000000000000e+00,-1.873294237153260225e-02,0.000000000000000000e+00,-0.000000000000000000e+00,-0.000000000000000000e+00,-0.000000000000000000e+00,-0.000000000000000000e+00,-0.000000000000000000e+00,-0.000000000000000000e+00,1.408421677608118205e+00,-0.000000000000000000e+00,-0.000000000000000000e+00,-0.000000000000000000e+00,1.564187435135653767e-02,-0.000000000000000000e+00,-5.258482754395576303e-02,0.000000000000000000e+00,0.000000000000000000e+00,-0.000000000000000000e+00,-4.921986930592694431e-01,-0.000000000000000000e+00,-2.326847745799495368e-02,-6.136391964409926292e-02,-0.000000000000000000e+00,-0.000000000000000000e+00,-7.550593558855363263e-02,-0.000000000000000000e+00,-0.000000000000000000e+00,-0.000000000000000000e+00,-3.665588853715204959e-02,-2.563815364958503817e-01,-0.000000000000000000e+00,0.000000000000000000e+00,-0.000000000000000000e+00,-0.000000000000000000e+00,-0.000000000000000000e+00,-0.000000000000000000e+00,-0.000000000000000000e+00
-0.000000000000000000e+00,-2.928358104618481589e-02,-0.000000000000000000e+00,0.000000000000000000e+00,-0.000000000000000000e+00,1.347306055302794070e-01,-6.897760022230355059e-02,-1.410484835582746233e-01,-0.000000000000000000e+00,-0.000000000000000000e+00,-0.000000000000000000e+00,2.655248777153377926e+00,-2.563148142303061650e-01,-0.000000000000000000e+00,-0.000000000000000000e+00,-1.816527445007209418e-01,7.758931784826691991e-02,0.000000000000000000e+00,-0.000000000000000000e+00,-0.000000000000000000e+00,-0.000000000000000000e+00,-2.931712452783998835e-01,-0.000000000000000000e+00,-0.000000000000000000e+00,-0.000000000000000000e+00,0.000000000000000000e+00,-3.967112665717404396e-01,1.299660153943689722e-01,0.000000000000000000e+00,0.000000000000000000e+00,-0.000000000000000000e+00,-3.228009048133908543e-01,-2.477639400848449525e-01,-0.000000000000000000e+00,-1.141231264195896079e-02,-0.000000000000000000e+00,-0.000000000000000000e+00,0.000000000000000000e+00,-6.821208307151119810e-01
-0.000000000000000000e+00,-0.000000000000000000e+00,0.000000000000000000e+00,5.009314156717751404e-02,0.000000000000000000e+00,1.545404115757957886e-01,-2.044745520338069888e-01,-4.987714828477531337e-01,0.000000000000000000e+00,0.000000000000000000e+00,-0.000000000000000000e+00,-2.563148142303061650e-01,1.730383382352792543e+00,0.000000000000000000e+00,0.000000000000000000e+00,-0.000000000000000000e+00,0.000000000000000000e+00,7.891439506097668033e-02,1.180340766477907741e-02,-0.000000000000000000e+00,-0.000000000000000000e+00,-0.000000000000000000e+00,0.000000000000000000e+00,0.000000000000000000e+00,0.000000000000000000e+00,7.492632315164581003e-02,-1.108050819104078044e-01,8.648721577515725012e-02,0.000000000000000000e+00,0.000000000000000000e+00,-0.000000000000000000e+00,-1.314692940036325808e-01,-0.000000000000000000e+00,0.000000000000000000e+00,-2.788681591830940044e-03,-0.000000000000000000e+00,-0.000000000000000000e+00,0.000000000000000000e+00,-0.000000000000000000e+00
-0.000000000000000000e+00,-0.000000000000000000e+00,-1.293474997079409605e-01,-0.000000000000000000e+00,-4.404442700817616241e-01,0.000000000000000000e+00,-0.000000000000000000e+00,0.000000000000000000e+00,-2.348566153088421371e-01,-7.500574102773667484e-02,-0.000000000000000000e+00,-0.000000000000000000e+00,0.000000000000000000e+00,2.034427890019518514e+00,-0.000000000000000000e+00,-1.714992445548551570e-01,-0.000000000000000000e+00,-0.000000000000000000e+00,-5.719917258327601728e-02,0.000000000000000000e+00,-0.000000000000000000e+00,-0.000000000000000000e+00,-1.875468800228873301e-01,-3.307060424692550016e-01,-1.852569632517711284e-01,-0.000000000000000000e+00,-0.000000000000000000e+00,-0.000000000000000000e+00,-1.616252053899188135e-01,-0.000000000000000000e+00,-0.000000000000000000e+00,-2.281275434822592485e-02,-1.234370388442364158e-01,-9.412273990233339938e-02,-0.000000000000000000e+00,-0.000000000000000000e+00,-2.586153567197041134e-02,-0.000000000000000000e+00,-0.000000000000000000e+00
0.000000000000000000e+00,0.000000000000000000e+00,0.000000000000000000e+00,0.000000000000000000e+00,0.000000000000000000e+00,0.000000000000000000e+00,1.746608535236285689e-02,0.000000000000000000e+00,-0.000000000000000000e+00,0.000000000000000000e+00,1.564187435135653767e-02,-0.000000000000000000e+00,0.000000000000000000e+00,-0.000000000000000000e+00,1.161128611372453268e+00,0.000000000000000000e+00,-0.000000000000000000e+00,-0.000000000000000000e+00,0.000000000000000000e+00,0.000000000000000000e+00,0.000000000000000000e+00,0.000000000000000000e+00,0.000000000000000000e+00,-0.000000000000000000e+00,0.000000000000000000e+00,-0.000000000000000000e+00,0.000000000000000000e+00,-0.000000000000000000e+00,-0.000000000000000000e+00,-0.000000000000000000e+00,2.045611126078568098e-01,0.000000000000000000e+00,-0.000000000000000000e+00,-3.359082122333381659e-02,0.000000000000000000e+00,0.000000000000000000e+00,-0.000000000000000000e+00,-3.372227720074397750e-01,0.000000000000000000e+00
-2.578753365000194253e-01,-4.580800891271017972e-01,-0.000000000000000000e+00,-0.000000000000000000e+00,-0.000000000000000000e+00,1.031651327076674868e-01,-4.837270938401226628e-02,-0.000000000000000000e+00,-3.884089661098485413e-01,-4.714024502566411257e-01,-0.000000000000000000e+00,-1.816527445007209418e-01,-0.000000000000000000e+00,-1.714992445548551570e-01,0.000000000000000000e+00,2.340854700917149867e+00,0.000000000000000000e+00,-0.000000000000000000e+00,-0.000000000000000000e+00,-6.998006299251105511e-02,-0.000000000000000000e+00,-4.313423972030613202e-02,-0.000000000000000000e+00,-0.000000000000000000e+00,-0.000000000000000000e+00,0.000000000000000000e+00,-0.000000000000000000e+00,0.000000000000000000e+00,-0.000000000000000000e+00,-0.000000000000000000e+00,-2.095928748835629019e-01,-6.064894363443208702e-02,-0.000000000000000000e+00,-0.000000000000000000e+00,-5.715389967641169161e-02,-2.438404542337683362e-02,-0.000000000000000000e+00,0.000000000000000000e+00,-1.096504564073660370e-01
-0.000000000000000000e+00,0.000000000000000000e+00,-0.000000000000000000e+00,-0.000000000000000000e+00,0.000000000000000000e+00,-1.159014855350807838e-01,7.727645784574098398e-02,0.000000000000000000e+00,0.000000000000000000e+00,-0.000000000000000000e+00,-5.258482754395576303e-02,7.758931784826691991e-02,0.000000000000000000e+00,-0.000000000000000000e+00,-0.000000000000000000e+00,0.000000000000000000e+00,1.329437036342423051e+00,-0.000000000000000000e+00,0.000000000000000000e+00,-0.000000000000000000e+00,-0.000000000000000000e+00,0.000000000000000000e+00,-0.000000000000000000e+00,-3.691995795903177131e-03,-0.000000000000000000e+00,-1.964759895033977577e-01,0.000000000000000000e+00,-2.591589390259638193e-01,-7.254805394621259562e-02,-1.632296373372504189e-02,0.000000000000000000e+00,0.000000000000000000e+00,8.478734249549937929e-02,0.000000000000000000e+00,0.000000000000000000e+00,0.000000000000000000e+00,-0.000000000000000000e+00,-2.449025750875093513e-02,1.318574205981454528e-01
-0.000000000000000000e+00,0.000000000000000000e+00,-0.000000000000000000e+00,-4.221892222342502610e-01,-7.495567895575951101e-02,0.000000000000000000e+00,0.000000000000000000e+00,2.848430694846733058e-01,-4.582978662343178966e-02,-0.000000000000000000e+00,0.000000000000000000e+00,0.000000000000000000e+00,7.891439506097668033e-02,-0.000000000000000000e+00,-0.000000000000000000e+00,-0.000000000000000000e+00,-0.000000000000000000e+00,1.659854974007202166e+00,-5.645783987326715714e-01,0.000000000000000000e+00,0.000000000000000000e+00,0.000000000000000000e+00,-0.000000000000000000e+00,-0.000000000000000000e+00,-1.050138710574700096e-01,-0.000000000000000000e+00,0.000000000000000000e+00,-0.000000000000000000e+00,-0.000000000000000000e+00,-1.096092223323008423e-03,0.000000000000000000e+00,0.000000000000000000e+00,-0.000000000000000000e+00,-1.678645709258766161e-01,0.000000000000000000e+00,0.000000000000000000e+00,-0.000000000000000000e+00,-0.000000000000000000e+00,0.000000000000000000e+00
-0.000000000000000000e+00,0.000000000000000000e+00,-1.071964209258279149e-01,-0.000000000000000000e+00,-1.007654856254522058e-01,0.000000000000000000e+00,-0.000000000000000000e+00,0.000000000000000000e+00,-3.016075361262042231e-01,-0.000000000000000000e+00,0.000000000000000000e+00,-0.000000000000000000e+00,1.180340766477907741e-02,-5.719917258327601728e-02,0.000000000000000000e+00,-0.000000000000000000e+00,0.000000000000000000e+00,-5.645783987326715714e-01,1.515618826371486039e+00,-0.000000000000000000e+00,-0.000000000000000000e+00,-0.000000000000000000e+00,-0.000000000000000000e+00,-0.000000000000000000e+00,-3.966642504709381317e-02,-0.000000000000000000e+00,-0.000000000000000000e+00,-0.000000000000000000e+00,-0.000000000000000000e+00,-0.000000000000000000e+00,-0.000000000000000000e+00,0.000000000000000000e+00,-0.000000000000000000e+00,-4.005530607102794627e-02,0.000000000000000000e+00,0.000000000000000000e+00,0.000000000000000000e+00,-0.000000000000000000e+00,-0.000000000000000000e+00
-0.000000000000000000e+00,-0.000000000000000000e+00,-0.000000000000000000e+00,0.000000000000000000e+00,-0.000000000000000000e+00,6.822044035016307240e-02,-0.000000000000000000e+00,-0.000000000000000000e+00,-0.000000000000000000e+00,-0.000000000000000000e+00,-0.000000000000000000e+00,-0.000000000000000000e+00,-0.000000000000000000e+00,0.000000000000000000e+00,0.000000000000000000e+00,-6.998006299251105511e-02,-0.000000000000000000e+00,0.000000000000000000e+00,-0.000000000000000000e+00,1.018598871799009542e+00,-0.000000000000000000e+00,-4.892534605100346684e-02,-0.000000000000000000e+00,-0.000000000000000000e+00,-0.000000000000000000e+00,0.000000000000000000e+00,-0.000000000000000000e+00,0.000000000000000000e+00,0.000000000000000000e+00,0.000000000000000000e+00,-0.000000000000000000e+00,-0.000000000000000000e+00,0.000000000000000000e+00,-0.000000000000000000e+00,-0.000000000000000000e+00,-0.000000000000000000e+00,-0.000000000000000000e+00,0.000000000000000000e+00,-0.000000000000000000e+00
-1.379566570935271685e-01,-0.000000000000000000e+00,-2.955020614453774952e-01,0.000000000000000000e+00,-0.000000000000000000e+00,0.000000000000000000e+00,-0.000000000000000000e+00,-0.000000000000000000e+00,-0.000000000000000000e+00,-0.000000000000000000e+00,-4.921986930592694431e-01,-0.000000000000000000e+00,-0.000000000000000000e+00,-0.000000000000000000e+00,0.000000000000000000e+00,-0.000000000000000000e+00,-0.000000000000000000e+00,0.000000000000000000e+00,-0.000000000000000000e+00,-0.000000000000000000e+00,1.758768297615525444e+00,-0.000000000000000000e+00,-0.000000000000000000e+00,-5.085698883887065924e-02,-0.000000000000000000e+00,-0.000000000000000000e+00,-7.767071564577517073e-02,-0.000000000000000000e+00,-0.000000000000000000e+00,-0.000000000000000000e+00,-3.429726255618799069e-01,-2.542394970278946675e-01,-0.000000000000000000e+00,-0.000000000000000000e+00,-0.000000000000000000e+00,-0.000000000000000000e+00,-0.000000000000000000e+00,-0.000000000000000000e+00,-0.000000000000000000e+00
-0.000000000000000000e+00,-7.230429994448860087e-02,-0.000000000000000000e+00,6.675599315770219810e-02,-0.000000000000000000e+00,4.766202145212177524e-05,-1.219200603525794069e-01,-0.000000000000000000e+00,-0.000000000000000000e+00,-0.000000000000000000e+00,-0.000000000000000000e+00,-2.931712452783998835e-01,-0.000000000000000000e+00,-0.000000000000000000e+00,0.000000000000000000e+00,-4.313423972030613202e-02,0.000000000000000000e+00,0.000000000000000000e+00,-0.000000000000000000e+00,-4.892534605100346684e-02,-0.000000000000000000e+00,1.764981103136490592e+00,-0.000000000000000000e+00,-0.000000000000000000e+00,-0.000000000000000000e+00,0.000000000000000000e+00,-1.858395783778948873e-01,7.866893739748972991e-02,0.000000000000000000e+00,0.000000000000000000e+00,-3.335946600903197945e-01,-8.061781200012481038e-03,-0.000000000000000000e+00,-0.000000000000000000e+00,-0.000000000000000000e+00,-0.000000000000000000e+00,0.000000000000000000e+00,0.000000000000000000e+00,-3.101080371939012315e-01
-2.719023820652506362e-01,-0.000000000000000000e+00,-1.750175137821764482e-01,-0.000000000000000000e+00,-1.160547630175267214e-01,-0.000000000000000000e+00,-0.000000000000000000e+00,0.000000000000000000e+00,-0.000000000000000000e+00,-2.729698501886757556e-01,-2.326847745799495368e-02,-0.000000000000000000e+00,0.000000000000000000e+00,-1.875468800228873301e-01,0.000000000000000000e+00,-0.000000000000000000e+00,-0.000000000000000000e+00,-0.000000000000000000e+00,-0.000000000000000000e+00,-0.000000000000000000e+00,-0.000000000000000000e+00,-0.000000000000000000e+00,2.033878139763682924e+00,-2.846835823089367001e-01,-6.557192217130848322e-01,-9.307296105886814219e-02,-0.000000000000000000e+00,-0.000000000000000000e+00,-0.000000000000000000e+00,-0.000000000000000000e+00,-0.000000000000000000e+00,-0.000000000000000000e+00,-0.000000000000000000e+00,-0.000000000000000000e+00,-0.000000000000000000e+00,-0.000000000000000000e+00,-0.000000000000000000e+00,-0.000000000000000000e+00,-0.000000000000000000e+00
-0.000000000000000000e+00,-0.000000000000000000e+00,-2.032997599305504666e-01,-0.000000000000000000e+00,-0.000000000000000000e+00,0.000000000000000000e+00,0.000000000000000000e+00,0.000000000000000000e+00,-0.000000000000000000e+00,-6.293336330629584197e-02,-6.136391964409926292e-02,-0.000000000000000000e+00,0.000000000000000000e+00,-3.307060424692550016e-01,-0.000000000000000000e+00,-0.000000000000000000e+00,-3.691995795903177131e-03,-0.000000000000000000e+00,-0.000000000000000000e+00,-0.000000000000000000e+00,-5.085698883887065924e-02,-0.000000000000000000e+00,-2.846835823089367001e-01,1.461279795489391908e+00,-3.822690856741280813e-02,-1.707681846066888276e-01,-0.000000000000000000e+00,-0.000000000000000000e+00,-4.835924099480993013e-03,-7.693182413054158383e-03,-0.000000000000000000e+00,-0.000000000000000000e+00,-0.000000000000000000e+00,-0.000000000000000000e+00,-0.000000000000000000e+00,-0.000000000000000000e+00,-0.000000000000000000e+00,-0.000000000000000000e+00,-0.000000000000000000e+00
-1.174315378958330908e-01,-0.000000000000000000e+00,-4.541887395617786455e-02,-0.000000000000000000e+00,-0.000000000000000000e+00,-0.000000000000000000e+00,-0.000000000000000000e+00,0.000000000000000000e+00,-1.740089046376498971e-01,-2.500641689152277025e-01,-0.000000000000000000e+00,-0.000000000000000000e+00,0.000000000000000000e+00,-1.852569632517711284e-01,0.000000000000000000e+00,-0.000000000000000000e+00,-0.000000000000000000e+00,-1.050138710574700096e-01,-3.966642504709381317e-02,-0.000000000000000000e+00,-0.000000000000000000e+00,-0.000000000000000000e+00,-6.557192217130848322e-01,-3.822690856741280813e-02,1.879447416045805896e+00,-0.000000000000000000e+00,-0.000000000000000000e+00,-0.000000000000000000e+00,-1.494010647233224610e-02,-1.770937273011967128e-01,-0.000000000000000000e+00,-0.000000000000000000e+00,-0.000000000000000000e+00,-0.000000000000000000e+00,-0.000000000000000000e+00,-0.000000000000000000e+00,-0.000000000000000000e+00,-0.000000000000000000e+00,-0.000000000000000000e+00
-0.000000000000000000e+00,0.000000000000000000e+00,-9.697704752222748026e-02,-0.000000000000000000e+00,-0.000000000000000000e+00,-8.257311306206763235e-02,7.891627625738470431e-02,3.140935827216295162e-01,-0.000000000000000000e+00,-0.000000000000000000e+00,-0.000000000000000000e+00,0.000000000000000000e+00,7.492632315164581003e-02,-0.000000000000000000e+00,-0.000000000000000000e+00,0.000000000000000000e+00,-1.964759895033977577e-01,-0.000000000000000000e+00,-0.000000000000000000e+00,0.000000000000000000e+00,-0.000000000000000000e+00,0.000000000000000000e+00,-9.307296105886814219e-02,-1.707681846066888276e-01,-0.000000000000000000e+00,2.055017582387399955e+00,0.000000000000000000e+00,-5.885195998820891283e-01,-0.000000000000000000e+00,-1.660435584341070914e-01,0.000000000000000000e+00,0.000000000000000000e+00,0.000000000000000000e+00,-0.000000000000000000e+00,0.000000000000000000e+00,-0.000000000000000000e+00,-0.000000000000000000e+00,-5.813961937626636045e-01,0.000000000000000000e+00
-2.964803051275918810e-02,-3.321991278520404767e-01,-0.000000000000000000e+00,0.000000000000000000e+00,-0.000000000000000000e+00,0.000000000000000000e+00,-9.625382225358852795e-02,-9.453326236333485511e-02,-0.000000000000000000e+00,-0.000000000000000000e+00,-7.550593558855363263e-02,-3.967112665717404396e-01,-1.108050819104078044e-01,-0.000000000000000000e+00,0.000000000000000000e+00,-0.000000000000000000e+00,0.000000000000000000e+00,0.000000000000000000e+00,-0.000000000000000000e+00,-0.000000000000000000e+00,-7.767071564577517073e-02,-1.858395783778948873e-01,-0.000000000000000000e+00,-0.000000000000000000e+00,-0.000000000000000000e+00,0.000000000000000000e+00,2.572122502652036236e+00,0.000000000000000000e+00,0.000000000000000000e+00,0.000000000000000000e+00,-4.340227208579241491e-01,-4.090981237174442509e-01,-2.242732522347091334e-02,-0.000000000000000000e+00,-1.221505635592130302e-02,-3.969223781531015793e-02,-0.000000000000000000e+00,0.000000000000000000e+00,-4.121113857091455723e-01
0.000000000000000000e+00,0.000000000000000000e+00,-0.000000000000000000e+00,-1.539349757765896276e-01,-0.000000000000000000e+00,-7.452795707847212174e-03,9.575945501355209721e-02,3.358864682349934072e-01,-0.000000000000000000e+00,-0.000000000000000000e+00,-0.000000000000000000e+00,1.299660153943689722e-01,8.648721577515725012e-02,-0.000000000000000000e+00,-0.000000000000000000e+00,0.000000000000000000e+00,-2.591589390259638193e-01,-0.000000000000000000e+00,-0.000000000000000000e+00,0.000000000000000000e+00,-0.000000000000000000e+00,7.866893739748972991e-02,-0.000000000000000000e+00,-0.000000000000000000e+00,-0.000000000000000000e+00,-5.885195998820891283e-01,0.000000000000000000e+00,1.966947934689945443e+00,-0.000000000000000000e+00,-1.109224256206666204e-01,0.000000000000000000e+00,0.000000000000000000e+00,0.000000000000000000e+00,-0.000000000000000000e+00,0.000000000000000000e+00,0.000000000000000000e+00,-0.000000000000000000e+00,-2.237139599124907674e-01,8.402086115960935575e-02
-1.514602131982556617e-02,-0.000000000000000000e+00,-0.000000000000000000e+00,-0.000000000000000000e+00,-0.000000000000000000e+00,-0.000000000000000000e+00,0.000000000000000000e+00,0.000000000000000000e+00,-0.000000000000000000e+00,-0.000000000000000000e+00,-0.000000000000000000e+00,0.000000000000000000e+00,0.000000000000000000e+00,-1.616252053899188135e-01,-0.000000000000000000e+00,-0.000000000000000000e+00,-7.254805394621259562e-02,-0.000000000000000000e+00,-0.000000000000000000e+00,0.000000000000000000e+00,-0.000000000000000000e+00,0.000000000000000000e+00,-0.000000000000000000e+00,-4.835924099480993013e-03,-1.494010647233224610e-02,-0.000000000000000000e+00,0.000000000000000000e+00,-0.000000000000000000e+00,1.491204987934155568e+00,-3.467450956905248072e-01,0.000000000000000000e+00,-0.000000000000000000e+00,-0.000000000000000000e+00,-0.000000000000000000e+00,-0.000000000000000000e+00,-0.000000000000000000e+00,-5.679300705764493973e-01,-1.531938979879708951e-01,0.000000000000000000e+00
-1.267319916088191223e-01,-0.000000000000000000e+00,-0.000000000000000000e+00,-6.705557084338195639e-02,-0.000000000000000000e+00,-0.000000000000000000e+00,0.000000000000000000e+00,0.000000000000000000e+00,-0.000000000000000000e+00,-5.166235618133100393e-01,-0.000000000000000000e+00,0.000000000000000000e+00,0.000000000000000000e+00,-0.000000000000000000e+00,-0.000000000000000000e+00,-0.000000000000000000e+00,-1.632296373372504189e-02,-1.096092223323008423e-03,-0.000000000000000000e+00,0.000000000000000000e+00,-0.000000000000000000e+00,0.000000000000000000e+00,-0.000000000000000000e+00,-7.693182413054158383e-03,-1.770937273011967128e-01,-1.660435584341070914e-01,0.000000000000000000e+00,-1.109224256206666204e-01,-3.467450956905248072e-01,1.581164926061828568e+00,-0.000000000000000000e+00,-0.000000000000000000e+00,0.000000000000000000e+00,-0.000000000000000000e+00,-0.000000000000000000e+00,-0.000000000000000000e+00,-3.538824799734833354e-02,-0.000000000000000000e+00,0.000000000000000000e+00
-0.000000000000000000e+00,-2.874319683459668553e-02,-1.152149842950802999e-01,0.000000000000000000e+00,-0.000000000000000000e+00,0.000000000000000000e+00,-1.946156439929798143e-01,-0.000000000000000000e+00,-0.000000000000000000e+00,-0.000000000000000000e+00,-3.665588853715204959e-02,-0.000000000000000000e+00,-0.000000000000000000e+00,-0.000000000000000000e+00,2.045611126078568098e-01,-2.095928748835629019e-01,0.000000000000000000e+00,0.000000000000000000e+00,-0.000000000000000000e+00,-0.000000000000000000e+00,-3.429726255618799069e-01,-3.335946600903197945e-01,-0.000000000000000000e+00,-0.000000000000000000e+00,-0.000000000000000000e+00,0.000000000000000000e+00,-4.340227208579241491e-01,0.000000000000000000e+00,0.000000000000000000e+00,-0.000000000000000000e+00,2.245217586517736841e+00,-5.483221572394273574e-02,-1.787343729921408164e-01,-0.000000000000000000e+00,-0.000000000000000000e+00,-0.000000000000000000e+00,-0.000000000000000000e+00,0.000000000000000000e+00,-3.345708639215286828e-01
-2.187575741940854801e-01,-3.147596907986081050e-01,-0.000000000000000000e+00,0.000000000000000000e+00,-0.000000000000000000e+00,0.000000000000000000e+00,-0.000000000000000000e+00,-0.000000000000000000e+00,-0.000000000000000000e+00,-0.000000000000000000e+00,-2.563815364958503817e-01,-3.228009048133908543e-01,-1.314692940036325808e-01,-2.281275434822592485e-02,0.000000000000000000e+00,-6.064894363443208702e-02,0.000000000000000000e+00,0.000000000000000000e+00,0.000000000000000000e+00,-0.000000000000000000e+00,-2.542394970278946675e-01,-8.061781200012481038e-03,-0.000000000000000000e+00,-0.000000000000000000e+00,-0.000000000000000000e+00,0.000000000000000000e+00,-4.090981237174442509e-01,0.000000000000000000e+00,-0.000000000000000000e+00,-0.000000000000000000e+00,-5.483221572394273574e-02,2.355939754301660916e+00,-4.280504329793703711e-02,-0.000000000000000000e+00,-2.731147094037937872e-01,-9.653226610739487623e-02,-7.645623189108873355e-03,0.000000000000000000e+00,-1.731091038511280433e-01
-0.000000000000000000e+00,-0.000000000000000000e+00,-0.000000000000000000e+00,0.000000000000000000e+00,-2.280593080581934384e-02,0.000000000000000000e+00,-0.000000000000000000e+00,-0.000000000000000000e+00,-1.528694251619840405e-01,-0.000000000000000000e+00,-0.000000000000000000e+00,-2.477639400848449525e-01,-0.000000000000000000e+00,-1.234370388442364158e-01,-0.000000000000000000e+00,-0.000000000000000000e+00,8.478734249549937929e-02,-0.000000000000000000e+00,-0.000000000000000000e+00,0.000000000000000000e+00,-0.000000000000000000e+00,-0.000000000000000000e+00,-0.000000000000000000e+00,-0.000000000000000000e+00,-0.000000000000000000e+00,0.000000000000000000e+00,-2.242732522347091334e-02,0.000000000000000000e+00,-0.000000000000000000e+00,0.000000000000000000e+00,-1.787343729921408164e-01,-4.280504329793703711e-02,1.586753930950271174e+00,-9.531951819438010121e-02,-2.106374139060433193e-01,-0.000000000000000000e+00,-1.602957139374202103e-02,-0.000000000000000000e+00,-2.569169771097040145e-01
-0.000000000000000000e+00,-0.000000000000000000e+00,-2.019894462927185608e-01,-0.000000000000000000e+00,-4.125335205844122277e-01,0.000000000000000000e+00,-0.000000000000000000e+00,0.000000000000000000e+00,-5.010365800303461237e-01,-0.000000000000000000e+00,0.000000000000000000e+00,-0.000000000000000000e+00,0.000000000000000000e+00,-9.412273990233339938e-02,-3.359082122333381659e-02,-0.000000000000000000e+00,0.000000000000000000e+00,-1.678645709258766161e-01,-4.005530607102794627e-02,-0.000000000000000000e+00,-0.000000000000000000e+00,-0.000000000000000000e+00,-0.000000000000000000e+00,-0.000000000000000000e+00,-0.000000000000000000e+00,-0.000000000000000000e+00,-0.000000000000000000e+00,-0.000000000000000000e+00,-0.000000000000000000e+00,-0.000000000000000000e+00,-0.000000000000000000e+00,-0.000000000000000000e+00,-9.531951819438010121e-02,1.717046266523584386e+00,-0.000000000000000000e+00,-0.000000000000000000e+00,-0.000000000000000000e+00,-0.000000000000000000e+00,-0.000000000000000000e+00
-0.000000000000000000e+00,-1.299428895157627439e-01,-0.000000000000000000e+00,0.000000000000000000e+00,-0.000000000000000000e+00,0.000000000000000000e+00,-0.000000000000000000e+00,-0.000000000000000000e+00,-0.000000000000000000e+00,-0.000000000000000000e+00,-0.000000000000000000e+00,-1.141231264195896079e-02,-2.788681591830940044e-03,-0.000000000000000000e+00,0.000000000000000000e+00,-5.715389967641169161e-02,0.000000000000000000e+00,0.000000000000000000e+00,0.000000000000000000e+00,-0.000000000000000000e+00,-0.000000000000000000e+00,-0.000000000000000000e+00,-0.000000000000000000e+00,-0.000000000000000000e+00,-0.000000000000000000e+00,0.000000000000000000e+00,-1.221505635592130302e-02,0.000000000000000000e+00,-0.000000000000000000e+00,-0.000000000000000000e+00,-0.000000000000000000e+00,-2.731147094037937872e-01,-2.106374139060433193e-01,-0.000000000000000000e+00,1.433452008684830359e+00,-2.098435468208471877e-02,-4.194265937822212464e-01,0.000000000000000000e+00,-0.000000000000000000e+00
-7.325420649710484566e-02,-1.139745242259655178e-01,-0.000000000000000000e+00,0.000000000000000000e+00,-0.000000000000000000e+00,0.000000000000000000e+00,-0.000000000000000000e+00,-0.000000000000000000e+00,-0.000000000000000000e+00,-0.000000000000000000e+00,-0.000000000000000000e+00,-0.000000000000000000e+00,-0.000000000000000000e+00,-0.000000000000000000e+00,0.000000000000000000e+00,-2.438404542337683362e-02,0.000000000000000000e+00,0.000000000000000000e+00,0.000000000000000000e+00,-0.000000000000000000e+00,-0.000000000000000000e+00,-0.000000000000000000e+00,-0.000000000000000000e+00,-0.000000000000000000e+00,-0.000000000000000000e+00,-0.000000000000000000e+00,-3.969223781531015793e-02,0.000000000000000000e+00,-0.000000000000000000e+00,-0.000000000000000000e+00,-0.000000000000000000e+00,-9.653226610739487623e-02,-0.000000000000000000e+00,-0.000000000000000000e+00,-2.098435468208471877e-02,1.130422452893623975e+00,-1.704323125288058072e-01,-0.000000000000000000e+00,-0.000000000000000000e+00
-4.377950864309311518e-02,-0.000000000000000000e+00,-0.000000000000000000e+00,-0.000000000000000000e+00,-0.000000000000000000e+00,-0.000000000000000000e+00,-0.000000000000000000e+00,-0.000000000000000000e+00,-0.000000000000000000e+00,-0.000000000000000000e+00,-0.000000000000000000e+00,-0.000000000000000000e+00,-0.000000000000000000e+00,-2.586153567197041134e-02,-0.000000000000000000e+00,-0.000000000000000000e+00,-0.000000000000000000e+00,-0.000000000000000000e+00,0.000000000000000000e+00,-0.000000000000000000e+00,-0.000000000000000000e+00,0.000000000000000000e+00,-0.000000000000000000e+00,-0.000000000000000000e+00,-0.000000000000000000e+00,-0.000000000000000000e+00,-0.000000000000000000e+00,-0.000000000000000000e+00,-5.679300705764493973e-01,-3.538824799734833354e-02,-0.000000000000000000e+00,-7.645623189108873355e-03,-1.602957139374202103e-02,-0.000000000000000000e+00,-4.194265937822212464e-01,-1.704323125288058072e-01,1.508937550046174580e+00,-8.919380191613621861e-03,-0.000000000000000000e+00
0.000000000000000000e+00,0.000000000000000000e+00,-0.000000000000000000e+00,-0.000000000000000000e+00,-0.000000000000000000e+00,-0.000000000000000000e+00,7.758867654247542101e-02,0.000000000000000000e+00,-0.000000000000000000e+00,-0.000000000000000000e+00,-0.000000000000000000e+00,0.000000000000000000e+00,0.000000000000000000e+00,-0.000000000000000000e+00,-3.372227720074397750e-01,0.000000000000000000e+00,-2.449025750875093513e-02,-0.000000000000000000e+00,-0.000000000000000000e+00,0.000000000000000000e+00,-0.000000000000000000e+00,0.000000000000000000e+00,-0.000000000000000000e+00,-0.000000000000000000e+00,-0.000000000000000000e+00,-5.813961937626636045e-01,0.000000000000000000e+00,-2.237139599124907674e-01,-1.531938979879708951e-01,-0.000000000000000000e+00,0.000000000000000000e+00,0.000000000000000000e+00,-0.000000000000000000e+00,-0.000000000000000000e+00,0.000000000000000000e+00,-0.000000000000000000e+00,-8.919380191613621861e-03,1.573078505229015933e+00,0.000000000000000000e+00
-0.000000000000000000e+00,-0.000000000000000000e+00,-0.000000000000000000e+00,0.000000000000000000e+00,-0.000000000000000000e+00,0.000000000000000000e+00,-2.176519958812580258e-01,-1.062174602684537623e-02,-1.357220348105371288e-01,-0.000000000000000000e+00,-0.000000000000000000e+00,-6.821208307151119810e-01,-0.000000000000000000e+00,-0.000000000000000000e+00,0.000000000000000000e+00,-1.096504564073660370e-01,1.318574205981454528e-01,0.000000000000000000e+00,-0.000000000000000000e+00,-0.000000000000000000e+00,-0.000000000000000000e+00,-3.101080371939012315e-01,-0.000000000000000000e+00,-0.000000000000000000e+00,-0.000000000000000000e+00,0.000000000000000000e+00,-4.121113857091455723e-01,8.402086115960935575e-02,0.000000000000000000e+00,0.000000000000000000e+00,-3.345708639215286828e-01,-1.731091038511280433e-01,-2.569169771097040145e-01,-0.000000000000000000e+00,-0.000000000000000000e+00,-0.000000000000000000e+00,-0.000000000000000000e+00,0.000000000000000000e+00,2.645166935328184366e+00
