1.629492030334324770e+00,-6.952740835047492851e-01,0.000000000000000000e+00,-0.000000000000000000e+00,0.000000000000000000e+00,-0.000000000000000000e+00,-0.000000000000000000e+00,-0.000000000000000000e+00,0.000000000000000000e+00,-4.526574597982381543e-02,-0.000000000000000000e+00,0.000000000000000000e+00,2.099456369793384000e-02,0.000000000000000000e+00,0.000000000000000000e+00,-0.000000000000000000e+00,-0.000000000000000000e+00,-0.000000000000000000e+00,-0.000000000000000000e+00,-1.397418717671086164e-01,-0.000000000000000000e+00,-3.713853807241706412e-02,-0.000000000000000000e+00,0.000000000000000000e+00,-0.000000000000000000e+00,-5.983908300746134529e-02,-4.224895063801759054e-02,-0.000000000000000000e+00,-0.000000000000000000e+00,-3.846876315995279572e-01,-0.000000000000000000e+00,-0.000000000000000000e+00,-0.000000000000000000e+00,0.000000000000000000e+00,0.000000000000000000e+00,-0.000000000000000000e+00,0.000000000000000000e+00,0.000000000000000000e+00,0.000000000000000000e+00
-6.952740835047492851e-01,1.730809798593931914e+00,0.000000000000000000e+00,-0.000000000000000000e+00,-0.000000000000000000e+00,-0.000000000000000000e+00,-0.000000000000000000e+00,-0.000000000000000000e+00,-0.000000000000000000e+00,-5.015581366866119634e-02,-0.000000000000000000e+00,0.000000000000000000e+00,7.325035324653025870e-02,-0.000000000000000000e+00,0.000000000000000000e+00,-0.000000000000000000e+00,-0.000000000000000000e+00,-0.000000000000000000e+00,-0.000000000000000000e+00,-0.000000000000000000e+00,-1.644328964757870437e-01,-0.000000000000000000e+00,-9.205502239900598127e-02,0.000000000000000000e+00,-2.800143531685428747e-02,-1.331714409526087162e-01,-0.000000000000000000e+00,0.000000000000000000e+00,-2.273958420124705393e-01,-1.813520442103736252e-01,-0.000000000000000000e+00,-1.931431418150117985e-01,-0.000000000000000000e+00,0.000000000000000000e+00,0.000000000000000000e+00,-2.792555227341958490e-02,-0.000000000000000000e+00,0.000000000000000000e+00,0.000000000000000000e+00
0.000000000000000000e+00,0.000000000000000000e+00,2.931353353366415337e+00,5.933044263974657229e-02,-3.450811635330529592e-01,0.000000000000000000e+00,-0.000000000000000000e+00,1.644311468907325269e+00,-0.000000000000000000e+00,-0.000000000000000000e+00,0.000000000000000000e+00,0.000000000000000000e+00,0.000000000000000000e+00,-0.000000000000000000e+00,-0.000000000000000000e+00,-0.000000000000000000e+00,0.000000000000000000e+00,-0.000000000000000000e+00,-0.000000000000000000e+00,7.606969706007387852e-03,-0.000000000000000000e+00,0.000000000000000000e+00,-0.000000000000000000e+00,-8.851573480198156318e-02,-0.000000000000000000e+00,-0.000000000000000000e+00,-0.000000000000000000e+00,-1.345461873266405872e-01,0.000000000000000000e+00,-0.000000000000000000e+00,-3.232197464662894815e-01,0.000000000000000000e+00,-0.000000000000000000e+00,-4.298685102528056468e-01,0.000000000000000000e+00,0.000000000000000000e+00,0.000000000000000000e+00,-0.000000000000000000e+00,-0.000000000000000000e+00
-0.000000000000000000e+00,-0.000000000000000000e+00,5.933044263974657229e-02,1.132221430773583393e+00,0.000000000000000000e+00,3.665811380217455506e-02,-0.000000000000000000e+00,-9.797209657872377186e-02,0.000000000000000000e+00,-0.000000000000000000e+00,0.000000000000000000e+00,-1.731868738234428398e-02,-0.000000000000000000e+00,0.000000000000000000e+00,0.000000000000000000e+00,-6.460497400958246927e-02,2.881114778586530908e-02,-0.000000000000000000e+00,-1.409338452031686506e-01,-0.000000000000000000e+00,1.332408115535239045e-02,-0.000000000000000000e+00,0.000000000000000000e+00,4.012593491624046743e-02,0.000000000000000000e+00,3.548976030425327055e-02,-0.000000000000000000e+00,1.691237383091458157e-01,0.000000000000000000e+00,-1.215641168492365420e-01,0.000000000000000000e+00,0.000000000000000000e+00,0.000000000000000000e+00,0.000000000000000000e+00,-0.000000000000000000e+00,-0.000000000000000000e+00,0.000000000000000000e+00,1.900324819565281376e-01,0.000000000000000000e+00
0.000000000000000000e+00,-0.000000000000000000e+00,-3.450811635330529592e-01,0.000000000000000000e+00,2.134358088790395680e+00,0.000000000000000000e+00,0.000000000000000000e+00,1.729982557169499890e-01,-4.106043731695279697e-01,-0.000000000000000000e+00,0.000000000000000000e+00,-0.000000000000000000e+00,5.665454066655648338e-03,-9.414406860071326821e-02,-0.000000000000000000e+00,-0.000000000000000000e+00,0.000000000000000000e+00,-2.071008320958201698e-01,-0.000000000000000000e+00,3.114691389371823313e-02,-0.000000000000000000e+00,0.000000000000000000e+00,-1.635901326725423821e-02,-0.000000000000000000e+00,-9.533995627172610343e-02,-0.000000000000000000e+00,-0.000000000000000000e+00,-0.000000000000000000e+00,0.000000000000000000e+00,-0.000000000000000000e+00,-1.323436319053155896e-01,-0.000000000000000000e+00,-0.000000000000000000e+00,-6.030300227219139719e-01,0.000000000000000000e+00,0.000000000000000000e+00,0.000000000000000000e+00,-0.000000000000000000e+00,-0.000000000000000000e+00
-0.000000000000000000e+00,-0.000000000000000000e+00,0.000000000000000000e+00,3.665811380217455506e-02,0.000000000000000000e+00,1.898028663799683491e+00,0.000000000000000000e+00,-0.000000000000000000e+00,0.000000000000000000e+00,0.000000000000000000e+00,-4.369920006996677042e-01,0.000000000000000000e+00,0.000000000000000000e+00,-0.000000000000000000e+00,0.000000000000000000e+00,0.000000000000000000e+00,-5.968899112865978518e-01,0.000000000000000000e+00,0.000000000000000000e+00,-0.000000000000000000e+00,-8.237806644446488136e-02,0.000000000000000000e+00,-2.228768551309981416e-01,-0.000000000000000000e+00,-9.259081892506025591e-02,-0.000000000000000000e+00,0.000000000000000000e+00,-0.000000000000000000e+00,-2.116751877193017925e-02,0.000000000000000000e+00,0.000000000000000000e+00,-9.351589314850099199e-02,-0.000000000000000000e+00,0.000000000000000000e+00,-2.882029900525361343e-01,-0.000000000000000000e+00,-0.000000000000000000e+00,0.000000000000000000e+00,0.000000000000000000e+00
-0.000000000000000000e+00,-0.000000000000000000e+00,-0.000000000000000000e+00,-0.000000000000000000e+00,0.000000000000000000e+00,0.000000000000000000e+00,1.267590413965281826e+00,0.000000000000000000e+00,0.000000000000000000e+00,0.000000000000000000e+00,-0.000000000000000000e+00,4.077655797112840208e-01,-0.000000000000000000e+00,0.000000000000000000e+00,2.694412874764392507e-01,0.000000000000000000e+00,-0.000000000000000000e+00,0.000000000000000000e+00,0.000000000000000000e+00,-2.804056386432382704e-03,-0.000000000000000000e+00,-0.000000000000000000e+00,0.000000000000000000e+00,0.000000000000000000e+00,0.000000000000000000e+00,0.000000000000000000e+00,0.000000000000000000e+00,-0.000000000000000000e+00,0.000000000000000000e+00,0.000000000000000000e+00,-0.000000000000000000e+00,0.000000000000000000e+00,-0.000000000000000000e+00,0.000000000000000000e+00,-0.000000000000000000e+00,-0.000000000000000000e+00,-0.000000000000000000e+00,-0.000000000000000000e+00,0.000000000000000000e+00
-0.000000000000000000e+00,-0.000000000000000000e+00,1.644311468907325269e+00,-9.797209657872377186e-02,1.729982557169499890e-01,-0.000000000000000000e+00,0.000000000000000000e+00,2.583200026010234573e+00,0.000000000000000000e+00,-0.000000000000000000e+00,-0.000000000000000000e+00,-0.000000000000000000e+00,-0.000000000000000000e+00,0.000000000000000000e+00,0.000000000000000000e+00,-0.000000000000000000e+00,-0.000000000000000000e+00,0.000000000000000000e+00,-0.000000000000000000e+00,-0.000000000000000000e+00,1.290091699857274510e-01,0.000000000000000000e+00,0.000000000000000000e+00,3.776915434831632640e-02,0.000000000000000000e+00,0.000000000000000000e+00,0.000000000000000000e+00,3.276061285195547290e-02,-0.000000000000000000e+00,0.000000000000000000e+00,6.032142676722739710e-02,-0.000000000000000000e+00,2.710880814832820201e-02,2.888650163844125318e-01,-0.000000000000000000e+00,-0.000000000000000000e+00,-0.000000000000000000e+00,0.000000000000000000e+00,0.000000000000000000e+00
0.000000000000000000e+00,-0.000000000000000000e+00,-0.000000000000000000e+00,0.000000000000000000e+00,-4.106043731695279697e-01,0.000000000000000000e+00,0.000000000000000000e+00,0.000000000000000000e+00,2.634123103603700500e+00,-0.000000000000000000e+00,0.000000000000000000e+00,-0.000000000000000000e+00,0.000000000000000000e+00,-2.887768082837671724e-01,-0.000000000000000000e+00,-6.095244522895797157e-02,0.000000000000000000e+00,-2.620845621081681065e-01,-2.177725016339889241e-01,0.000000000000000000e+00,0.000000000000000000e+00,-0.000000000000000000e+00,-0.000000000000000000e+00,-1.660772650948909301e-01,-0.000000000000000000e+00,-0.000000000000000000e+00,-0.000000000000000000e+00,0.000000000000000000e+00,-0.000000000000000000e+00,-2.519255899538422883e-01,-3.599599993611852233e-01,-0.000000000000000000e+00,-0.000000000000000000e+00,-4.581206217408463344e-01,0.000000000000000000e+00,0.000000000000000000e+00,-0.000000000000000000e+00,-0.000000000000000000e+00,-5.323305559426776412e-01
-4.526574597982381543e-02,-5.015581366866119634e-02,-0.000000000000000000e+00,-0.000000000000000000e+00,-0.000000000000000000e+00,0.000000000000000000e+00,0.000000000000000000e+00,-0.000000000000000000e+00,-0.000000000000000000e+00,2.563499755363017218e+00,0.000000000000000000e+00,-0.000000000000000000e+00,0.000000000000000000e+00,-0.000000000000000000e+00,0.000000000000000000e+00,-1.074971638017137687e+00,0.000000000000000000e+00,-0.000000000000000000e+00,-0.000000000000000000e+00,0.000000000000000000e+00,0.000000000000000000e+00,-0.000000000000000000e+00,-2.195288219448969791e-01,-0.000000000000000000e+00,-4.060058384067542492e-01,-0.000000000000000000e+00,-2.735913323561516286e-01,0.000000000000000000e+00,0.000000000000000000e+00,-5.131244427481175263e-01,-0.000000000000000000e+00,-0.000000000000000000e+00,-0.000000000000000000e+00,-0.000000000000000000e+00,-0.000000000000000000e+00,-1.332413659181274634e-01,-0.000000000000000000e+00,0.000000000000000000e+00,-0.000000000000000000e+00
-0.000000000000000000e+00,-0.000000000000000000e+00,0.000000000000000000e+00,0.000000000000000000e+00,0.000000000000000000e+00,-4.369920006996677042e-01,-0.000000000000000000e+00,-0.000000000000000000e+00,0.000000000000000000e+00,0.000000000000000000e+00,2.258365877964008561e+00,0.000000000000000000e+00,-0.000000000000000000e+00,-0.000000000000000000e+00,2.927373802105381340e-01,0.000000000000000000e+00,-8.524982846194230079e-01,0.000000000000000000e+00,0.000000000000000000e+00,-0.000000000000000000e+00,-1.387625785876495099e-01,-0.000000000000000000e+00,-0.000000000000000000e+00,0.000000000000000000e+00,-0.000000000000000000e+00,-0.000000000000000000e+00,0.000000000000000000e+00,-0.000000000000000000e+00,-0.000000000000000000e+00,0.000000000000000000e+00,-0.000000000000000000e+00,-9.967993362950615388e-02,-1.635944050263067051e-01,8.079728066049621932e-03,-2.586062080262087615e-01,-1.274985819532581388e-01,-1.945974472406434841e-01,0.000000000000000000e+00,0.000000000000000000e+00
0.000000000000000000e+00,0.000000000000000000e+00,0.000000000000000000e+00,-1.731868738234428398e-02,-0.000000000000000000e+00,0.000000000000000000e+00,4.077655797112840208e-01,-0.000000000000000000e+00,-0.000000000000000000e+00,-0.000000000000000000e+00,0.000000000000000000e+00,2.313401684742670827e+00,-1.282681679373548229e-03,-0.000000000000000000e+00,-3.147675019463666013e-01,-2.348539730158780980e-01,2.165859698228245478e-01,-0.000000000000000000e+00,-4.000895681742489551e-01,1.838336761576573469e-02,2.913984384802583150e-01,-0.000000000000000000e+00,-0.000000000000000000e+00,-0.000000000000000000e+00,-0.000000000000000000e+00,-0.000000000000000000e+00,-2.855476634411263093e-01,3.778674452504213188e-02,0.000000000000000000e+00,-0.000000000000000000e+00,-0.000000000000000000e+00,-0.000000000000000000e+00,0.000000000000000000e+00,-0.000000000000000000e+00,-0.000000000000000000e+00,0.000000000000000000e+00,-0.000000000000000000e+00,0.000000000000000000e+00,-6.954415156560523892e-01
2.099456369793384000e-02,7.325035324653025870e-02,0.000000000000000000e+00,-0.000000000000000000e+00,5.665454066655648338e-03,0.000000000000000000e+00,-0.000000000000000000e+00,-0.000000000000000000e+00,0.000000000000000000e+00,0.000000000000000000e+00,-0.000000000000000000e+00,-1.282681679373548229e-03,1.069399881079748704e+00,-0.000000000000000000e+00,0.000000000000000000e+00,-0.000000000000000000e+00,0.000000000000000000e+00,-0.000000000000000000e+00,-0.000000000000000000e+00,0.000000000000000000e+00,0.000000000000000000e+00,-8.427826339563319891e-02,0.000000000000000000e+00,5.066237617366542434e-02,0.000000000000000000e+00,7.604770582171230774e-03,-0.000000000000000000e+00,2.001308213758570820e-01,0.000000000000000000e+00,2.554057218340051449e-02,0.000000000000000000e+00,-0.000000000000000000e+00,-0.000000000000000000e+00,4.930919809172774199e-02,-0.000000000000000000e+00,-0.000000000000000000e+00,-6.228222005817803109e-03,0.000000000000000000e+00,-0.000000000000000000e+00
0.000000000000000000e+00,-0.000000000000000000e+00,-0.000000000000000000e+00,0.000000000000000000e+00,-9.414406860071326821e-02,-0.000000000000000000e+00,0.000000000000000000e+00,0.000000000000000000e+00,-2.887768082837671724e-01,-0.000000000000000000e+00,-0.000000000000000000e+00,-0.000000000000000000e+00,-0.000000000000000000e+00,1.840376760516920784e+00,-0.000000000000000000e+00,-7.126790181365602606e-02,-0.000000000000000000e+00,-2.217603616475206374e-01,-0.000000000000000000e+00,0.000000000000000000e+00,-0.000000000000000000e+00,-0.000000000000000000e+00,-2.254563264914285492e-01,-1.646660605633141761e-01,-2.748516900698576640e-02,-0.000000000000000000e+00,-0.000000000000000000e+00,0.000000000000000000e+00,-0.000000000000000000e+00,-0.000000000000000000e+00,-4.436413432004770313e-02,-4.632923970513588285e-01,-0.000000000000000000e+00,-0.000000000000000000e+00,-0.000000000000000000e+00,-0.000000000000000000e+00,-1.335683089615321006e-01,-0.000000000000000000e+00,-1.641486016829387662e-01
0.000000000000000000e+00,0.000000000000000000e+00,-0.000000000000000000e+00,0.000000000000000000e+00,-0.000000000000000000e+00,0.000000000000000000e+00,2.694412874764392507e-01,0.000000000000000000e+00,-0.000000000000000000e+00,0.000000000000000000e+00,2.927373802105381340e-01,-3.147675019463666013e-01,0.000000000000000000e+00,-0.000000000000000000e+00,1.489726316938998263e+00,0.000000000000000000e+00,0.000000000000000000e+00,-3.092975756099461751e-02,-0.000000000000000000e+00,0.000000000000000000e+00,0.000000000000000000e+00,0.000000000000000000e+00,-0.000000000000000000e+00,-5.504324343292391758e-02,0.000000000000000000e+00,-0.000000000000000000e+00,0.000000000000000000e+00,-0.000000000000000000e+00,0.000000000000000000e+00,-0.000000000000000000e+00,-0.000000000000000000e+00,0.000000000000000000e+00,0.000000000000000000e+00,-6.237026167947966326e-02,0.000000000000000000e+00,5.544455755040028633e-02,0.000000000000000000e+00,-2.396779165054770955e-01,-1.545789749328831120e-01
-0.000000000000000000e+00,-0.000000000000000000e+00,-0.000000000000000000e+00,-6.460497400958246927e-02,-0.000000000000000000e+00,0.000000000000000000e+00,0.000000000000000000e+00,-0.000000000000000000e+00,-6.095244522895797157e-02,-1.074971638017137687e+00,0.000000000000000000e+00,-2.348539730158780980e-01,-0.000000000000000000e+00,-7.126790181365602606e-02,0.000000000000000000e+00,2.410526808933734166e+00,0.000000000000000000e+00,-9.973589918027885026e-02,-3.953359993971411468e-01,0.000000000000000000e+00,0.000000000000000000e+00,-0.000000000000000000e+00,-1.102462808713024212e-01,-0.000000000000000000e+00,-0.000000000000000000e+00,-0.000000000000000000e+00,-1.476372945163353378e-01,0.000000000000000000e+00,0.000000000000000000e+00,-1.737120186866119853e-01,-3.191260070852120628e-02,-0.000000000000000000e+00,-0.000000000000000000e+00,-0.000000000000000000e+00,-0.000000000000000000e+00,-0.000000000000000000e+00,-0.000000000000000000e+00,0.000000000000000000e+00,-4.266195485338123566e-02
-0.000000000000000000e+00,-0.000000000000000000e+00,0.000000000000000000e+00,2.881114778586530908e-02,0.000000000000000000e+00,-5.968899112865978518e-01,-0.000000000000000000e+00,-0.000000000000000000e+00,0.000000000000000000e+00,0.000000000000000000e+00,-8.524982846194230079e-01,2.165859698228245478e-01,0.000000000000000000e+00,-0.000000000000000000e+00,0.000000000000000000e+00,0.000000000000000000e+00,2.131478478517733866e+00,0.000000000000000000e+00,7.311706587812072736e-03,-9.118213555632270761e-02,-1.942057879713763591e-01,-0.000000000000000000e+00,-0.000000000000000000e+00,0.000000000000000000e+00,-0.000000000000000000e+00,-3.128583173880876422e-02,0.000000000000000000e+00,-2.256038807534214985e-02,-4.473237820174017811e-03,3.340789252128938125e-02,0.000000000000000000e+00,-0.000000000000000000e+00,-0.000000000000000000e+00,1.823936393048337934e-01,-9.723700688552355809e-02,-0.000000000000000000e+00,-0.000000000000000000e+00,0.000000000000000000e+00,0.000000000000000000e+00
-0.000000000000000000e+00,-0.000000000000000000e+00,-0.000000000000000000e+00,-0.000000000000000000e+00,-2.071008320958201698e-01,0.000000000000000000e+00,0.000000000000000000e+00,0.000000000000000000e+00,-2.620845621081681065e-01,-0.000000000000000000e+00,0.000000000000000000e+00,-0.000000000000000000e+00,-0.000000000000000000e+00,-2.217603616475206374e-01,-3.092975756099461751e-02,-9.973589918027885026e-02,0.000000000000000000e+00,1.905736612770194904e+00,-4.691687410411601311e-01,0.000000000000000000e+00,-0.000000000000000000e+00,-0.000000000000000000e+00,-0.000000000000000000e+00,-0.000000000000000000e+00,-0.000000000000000000e+00,-0.000000000000000000e+00,-0.000000000000000000e+00,0.000000000000000000e+00,0.000000000000000000e+00,-0.000000000000000000e+00,-0.000000000000000000e+00,-0.000000000000000000e+00,-0.000000000000000000e+00,-0.000000000000000000e+00,0.000000000000000000e+00,0.000000000000000000e+00,-0.000000000000000000e+00,-0.000000000000000000e+00,-4.524020275999134366e-01
-0.000000000000000000e+00,-0.000000000000000000e+00,-0.000000000000000000e+00,-1.409338452031686506e-01,-0.000000000000000000e+00,0.000000000000000000e+00,0.000000000000000000e+00,-0.000000000000000000e+00,-2.177725016339889241e-01,-0.000000000000000000e+00,0.000000000000000000e+00,-4.000895681742489551e-01,-0.000000000000000000e+00,-0.000000000000000000e+00,-0.000000000000000000e+00,-3.953359993971411468e-01,7.311706587812072736e-03,-4.691687410411601311e-01,1.861275462029662098e+00,0.000000000000000000e+00,0.000000000000000000e+00,-0.000000000000000000e+00,-0.000000000000000000e+00,-0.000000000000000000e+00,-0.000000000000000000e+00,-0.000000000000000000e+00,-6.333323692300320273e-02,0.000000000000000000e+00,6.838051286486367120e-02,-0.000000000000000000e+00,-9.386781931982851601e-02,-0.000000000000000000e+00,-0.000000000000000000e+00,-0.000000000000000000e+00,-0.000000000000000000e+00,0.000000000000000000e+00,-0.000000000000000000e+00,0.000000000000000000e+00,-0.000000000000000000e+00
-1.397418717671086164e-01,-0.000000000000000000e+00,7.606969706007387852e-03,-0.000000000000000000e+00,3.114691389371823313e-02,-0.000000000000000000e+00,-2.804056386432382704e-03,-0.000000000000000000e+00,0.000000000000000000e+00,0.000000000000000000e+00,-0.000000000000000000e+00,1.838336761576573469e-02,0.000000000000000000e+00,0.000000000000000000e+00,0.000000000000000000e+00,0.000000000000000000e+00,-9.118213555632270761e-02,0.000000000000000000e+00,0.000000000000000000e+00,1.161701430301957494e+00,-2.309172110010529744e-01,-0.000000000000000000e+00,-0.000000000000000000e+00,0.000000000000000000e+00,-0.000000000000000000e+00,-0.000000000000000000e+00,0.000000000000000000e+00,-3.079726437834235525e-02,-0.000000000000000000e+00,-0.000000000000000000e+00,0.000000000000000000e+00,0.000000000000000000e+00,-0.000000000000000000e+00,9.437747162189250028e-02,-0.000000000000000000e+00,-0.000000000000000000e+00,0.000000000000000000e+00,0.000000000000000000e+00,1.744385147934053304e-01
-0.000000000000000000e+00,-1.644328964757870437e-01,-0.000000000000000000e+00,1.332408115535239045e-02,-0.000000000000000000e+00,-8.237806644446488136e-02,-0.000000000000000000e+00,1.290091699857274510e-01,0.000000000000000000e+00,0.000000000000000000e+00,-1.387625785876495099e-01,2.913984384802583150e-01,0.000000000000000000e+00,-0.000000000000000000e+00,0.000000000000000000e+00,0.000000000000000000e+00,-1.942057879713763591e-01,-0.000000000000000000e+00,0.000000000000000000e+00,-2.309172110010529744e-01,1.397261392663396107e+00,-3.425860633312166354e-03,-0.000000000000000000e+00,-0.000000000000000000e+00,-0.000000000000000000e+00,-0.000000000000000000e+00,0.000000000000000000e+00,-6.007676684197665873e-02,-1.061053667515379495e-01,-0.000000000000000000e+00,-0.000000000000000000e+00,-0.000000000000000000e+00,-1.736317737885528789e-01,-0.000000000000000000e+00,-0.000000000000000000e+00,-0.000000000000000000e+00,-0.000000000000000000e+00,0.000000000000000000e+00,0.000000000000000000e+00
-3.713853807241706412e-02,-0.000000000000000000e+00,0.000000000000000000e+00,-0.000000000000000000e+00,0.000000000000000000e+00,0.000000000000000000e+00,-0.000000000000000000e+00,0.000000000000000000e+00,-0.000000000000000000e+00,-0.000000000000000000e+00,-0.000000000000000000e+00,-0.000000000000000000e+00,-8.427826339563319891e-02,-0.000000000000000000e+00,0.000000000000000000e+00,-0.000000000000000000e+00,-0.000000000000000000e+00,-0.000000000000000000e+00,-0.000000000000000000e+00,-0.000000000000000000e+00,-3.425860633312166354e-03,1.354497008761107679e+00,-0.000000000000000000e+00,-0.000000000000000000e+00,-0.000000000000000000e+00,-0.000000000000000000e+00,-2.943913636153930868e-01,1.079300554170025961e-01,0.000000000000000000e+00,-0.000000000000000000e+00,-2.996288642010141653e-02,-7.184527932130260752e-02,-4.236896625860122056e-01,0.000000000000000000e+00,-0.000000000000000000e+00,-0.000000000000000000e+00,-7.062495202700458385e-02,0.000000000000000000e+00,-0.000000000000000000e+00
-0.000000000000000000e+00,-9.205502239900598127e-02,-0.000000000000000000e+00,0.000000000000000000e+00,-1.635901326725423821e-02,-2.228768551309981416e-01,0.000000000000000000e+00,0.000000000000000000e+00,-0.000000000000000000e+00,-2.195288219448969791e-01,-0.000000000000000000e+00,-0.000000000000000000e+00,0.000000000000000000e+00,-2.254563264914285492e-01,-0.000000000000000000e+00,-1.102462808713024212e-01,-0.000000000000000000e+00,-0.000000000000000000e+00,-0.000000000000000000e+00,-0.000000000000000000e+00,-0.000000000000000000e+00,-0.000000000000000000e+00,2.101168274926944690e+00,-7.453886133543052850e-02,-9.666737588969955830e-01,-8.234358194728436109e-02,-0.000000000000000000e+00,-0.000000000000000000e+00,-0.000000000000000000e+00,-1.328983652162366025e-01,-0.000000000000000000e+00,-0.000000000000000000e+00,-0.000000000000000000e+00,-0.000000000000000000e+00,-0.000000000000000000e+00,-0.000000000000000000e+00,-0.000000000000000000e+00,0.000000000000000000e+00,-0.000000000000000000e+00
0.000000000000000000e+00,0.000000000000000000e+00,-8.851573480198156318e-02,4.012593491624046743e-02,-0.000000000000000000e+00,-0.000000000000000000e+00,0.000000000000000000e+00,3.776915434831632640e-02,-1.660772650948909301e-01,-0.000000000000000000e+00,0.000000000000000000e+00,-0.000000000000000000e+00,5.066237617366542434e-02,-1.646660605633141761e-01,-5.504324343292391758e-02,-0.000000000000000000e+00,0.000000000000000000e+00,-0.000000000000000000e+00,-0.000000000000000000e+00,0.000000000000000000e+00,-0.000000000000000000e+00,-0.000000000000000000e+00,-7.453886133543052850e-02,1.264493963342139482e+00,-0.000000000000000000e+00,-0.000000000000000000e+00,-0.000000000000000000e+00,-0.000000000000000000e+00,-0.000000000000000000e+00,-0.000000000000000000e+00,-8.253407421067676664e-02,-0.000000000000000000e+00,-0.000000000000000000e+00,-0.000000000000000000e+00,0.000000000000000000e+00,4.869965158108549574e-02,-0.000000000000000000e+00,-1.194833428245386658e-01,-7.418354699411602859e-02
-0.000000000000000000e+00,-2.800143531685428747e-02,-0.000000000000000000e+00,0.000000000000000000e+00,-9.533995627172610343e-02,-9.259081892506025591e-02,0.000000000000000000e+00,0.000000000000000000e+00,-0.000000000000000000e+00,-4.060058384067542492e-01,-0.000000000000000000e+00,-0.000000000000000000e+00,0.000000000000000000e+00,-2.748516900698576640e-02,0.000000000000000000e+00,-0.000000000000000000e+00,-0.000000000000000000e+00,-0.000000000000000000e+00,-0.000000000000000000e+00,-0.000000000000000000e+00,-0.000000000000000000e+00,-0.000000000000000000e+00,-9.666737588969955830e-01,-0.000000000000000000e+00,2.063951485200762992e+00,-0.000000000000000000e+00,-0.000000000000000000e+00,-0.000000000000000000e+00,-0.000000000000000000e+00,-0.000000000000000000e+00,-0.000000000000000000e+00,-4.790093609643936157e-02,-9.067154438951707807e-02,-0.000000000000000000e+00,-0.000000000000000000e+00,-0.000000000000000000e+00,-2.292551758496789993e-01,0.000000000000000000e+00,-0.000000000000000000e+00
-5.983908300746134529e-02,-1.331714409526087162e-01,-0.000000000000000000e+00,3.548976030425327055e-02,-0.000000000000000000e+00,-0.000000000000000000e+00,0.000000000000000000e+00,0.000000000000000000e+00,-0.000000000000000000e+00,-0.000000000000000000e+00,-0.000000000000000000e+00,-0.000000000000000000e+00,7.604770582171230774e-03,-0.000000000000000000e+00,-0.000000000000000000e+00,-0.000000000000000000e+00,-3.128583173880876422e-02,-0.000000000000000000e+00,-0.000000000000000000e+00,-0.000000000000000000e+00,-0.000000000000000000e+00,-0.000000000000000000e+00,-8.234358194728436109e-02,-0.000000000000000000e+00,-0.000000000000000000e+00,1.580971571509951490e+00,-0.000000000000000000e+00,-4.154830898028464836e-01,-0.000000000000000000e+00,-3.814367527072828196e-02,-2.651336349441714701e-01,-0.000000000000000000e+00,-3.877722547805032560e-01,-0.000000000000000000e+00,0.000000000000000000e+00,-0.000000000000000000e+00,-0.000000000000000000e+00,-2.154283967084640872e-01,-0.000000000000000000e+00
-4.224895063801759054e-02,-0.000000000000000000e+00,-0.000000000000000000e+00,-0.000000000000000000e+00,-0.000000000000000000e+00,0.000000000000000000e+00,0.000000000000000000e+00,0.000000000000000000e+00,-0.000000000000000000e+00,-2.735913323561516286e-01,0.000000000000000000e+00,-2.855476634411263093e-01,-0.000000000000000000e+00,-0.000000000000000000e+00,0.000000000000000000e+00,-1.476372945163353378e-01,0.000000000000000000e+00,-0.000000000000000000e+00,-6.333323692300320273e-02,0.000000000000000000e+00,0.000000000000000000e+00,-2.943913636153930868e-01,-0.000000000000000000e+00,-0.000000000000000000e+00,-0.000000000000000000e+00,-0.000000000000000000e+00,2.042885344875479792e+00,0.000000000000000000e+00,0.000000000000000000e+00,-8.930723701533629932e-02,-6.157623477322503591e-01,-1.745137920069618487e-01,-1.222338214383277416e-01,-0.000000000000000000e+00,-0.000000000000000000e+00,-0.000000000000000000e+00,-0.000000000000000000e+00,0.000000000000000000e+00,-9.157114613514660828e-02
-0.000000000000000000e+00,0.000000000000000000e+00,-1.345461873266405872e-01,1.691237383091458157e-01,-0.000000000000000000e+00,-0.000000000000000000e+00,-0.000000000000000000e+00,3.276061285195547290e-02,0.000000000000000000e+00,0.000000000000000000e+00,-0.000000000000000000e+00,3.778674452504213188e-02,2.001308213758570820e-01,0.000000000000000000e+00,-0.000000000000000000e+00,0.000000000000000000e+00,-2.256038807534214985e-02,0.000000000000000000e+00,0.000000000000000000e+00,-3.079726437834235525e-02,-6.007676684197665873e-02,1.079300554170025961e-01,-0.000000000000000000e+00,-0.000000000000000000e+00,-0.000000000000000000e+00,-4.154830898028464836e-01,0.000000000000000000e+00,1.275259456526693702e+00,-0.000000000000000000e+00,0.000000000000000000e+00,-0.000000000000000000e+00,0.000000000000000000e+00,-0.000000000000000000e+00,-0.000000000000000000e+00,1.617452814370661310e-02,0.000000000000000000e+00,2.942196316413455207e-02,-0.000000000000000000e+00,0.000000000000000000e+00
-0.000000000000000000e+00,-2.273958420124705393e-01,0.000000000000000000e+00,0.000000000000000000e+00,0.000000000000000000e+00,-2.116751877193017925e-02,0.000000000000000000e+00,-0.000000000000000000e+00,-0.000000000000000000e+00,0.000000000000000000e+00,-0.000000000000000000e+00,0.000000000000000000e+00,0.000000000000000000e+00,-0.000000000000000000e+00,0.000000000000000000e+00,0.000000000000000000e+00,-4.473237820174017811e-03,0.000000000000000000e+00,6.838051286486367120e-02,-0.000000000000000000e+00,-1.061053667515379495e-01,0.000000000000000000e+00,-0.000000000000000000e+00,-0.000000000000000000e+00,-0.000000000000000000e+00,-0.000000000000000000e+00,0.000000000000000000e+00,-0.000000000000000000e+00,1.089875808120532641e+00,-0.000000000000000000e+00,0.000000000000000000e+00,-7.312360954635496735e-02,-0.000000000000000000e+00,-0.000000000000000000e+00,-0.000000000000000000e+00,-0.000000000000000000e+00,-0.000000000000000000e+00,0.000000000000000000e+00,0.000000000000000000e+00
-3.846876315995279572e-01,-1.813520442103736252e-01,-0.000000000000000000e+00,-1.215641168492365420e-01,-0.000000000000000000e+00,0.000000000000000000e+00,0.000000000000000000e+00,0.000000000000000000e+00,-2.519255899538422883e-01,-5.131244427481175263e-01,0.000000000000000000e+00,-0.000000000000000000e+00,2.554057218340051449e-02,-0.000000000000000000e+00,-0.000000000000000000e+00,-1.737120186866119853e-01,3.340789252128938125e-02,-0.000000000000000000e+00,-0.000000000000000000e+00,-0.000000000000000000e+00,-0.000000000000000000e+00,-0.000000000000000000e+00,-1.328983652162366025e-01,-0.000000000000000000e+00,-0.000000000000000000e+00,-3.814367527072828196e-02,-8.930723701533629932e-02,0.000000000000000000e+00,-0.000000000000000000e+00,1.852088117118455779e+00,-0.000000000000000000e+00,-0.000000000000000000e+00,-0.000000000000000000e+00,-0.000000000000000000e+00,0.000000000000000000e+00,-0.000000000000000000e+00,0.000000000000000000e+00,0.000000000000000000e+00,-0.000000000000000000e+00
-0.000000000000000000e+00,-0.000000000000000000e+00,-3.232197464662894815e-01,0.000000000000000000e+00,-1.323436319053155896e-01,0.000000000000000000e+00,-0.000000000000000000e+00,6.032142676722739710e-02,-3.599599993611852233e-01,-0.000000000000000000e+00,-0.000000000000000000e+00,-0.000000000000000000e+00,0.000000000000000000e+00,-4.436413432004770313e-02,-0.000000000000000000e+00,-3.191260070852120628e-02,0.000000000000000000e+00,-0.000000000000000000e+00,-9.386781931982851601e-02,0.000000000000000000e+00,-0.000000000000000000e+00,-2.996288642010141653e-02,-0.000000000000000000e+00,-8.253407421067676664e-02,-0.000000000000000000e+00,-2.651336349441714701e-01,-6.157623477322503591e-01,-0.000000000000000000e+00,0.000000000000000000e+00,-0.000000000000000000e+00,2.200896943520748383e+00,-0.000000000000000000e+00,-2.526340725485449745e-01,-0.000000000000000000e+00,0.000000000000000000e+00,-0.000000000000000000e+00,-0.000000000000000000e+00,-0.000000000000000000e+00,-1.282141690843317250e-01
-0.000000000000000000e+00,-1.931431418150117985e-01,0.000000000000000000e+00,0.000000000000000000e+00,-0.000000000000000000e+00,-9.351589314850099199e-02,0.000000000000000000e+00,-0.000000000000000000e+00,-0.000000000000000000e+00,-0.000000000000000000e+00,-9.967993362950615388e-02,-0.000000000000000000e+00,-0.000000000000000000e+00,-4.632923970513588285e-01,0.000000000000000000e+00,-0.000000000000000000e+00,-0.000000000000000000e+00,-0.000000000000000000e+00,-0.000000000000000000e+00,0.000000000000000000e+00,-0.000000000000000000e+00,-7.184527932130260752e-02,-0.000000000000000000e+00,-0.000000000000000000e+00,-4.790093609643936157e-02,-0.000000000000000000e+00,-1.745137920069618487e-01,0.000000000000000000e+00,-7.312360954635496735e-02,-0.000000000000000000e+00,-0.000000000000000000e+00,2.064983555903918688e+00,-1.254804626427282743e-01,0.000000000000000000e+00,-4.008424016686359947e-01,-9.277877314956819998e-02,-5.376124256494934084e-01,0.000000000000000000e+00,-0.000000000000000000e+00
-0.000000000000000000e+00,-0.000000000000000000e+00,-0.000000000000000000e+00,0.000000000000000000e+00,-0.000000000000000000e+00,-0.000000000000000000e+00,-0.000000000000000000e+00,2.710880814832820201e-02,-0.000000000000000000e+00,-0.000000000000000000e+00,-1.635944050263067051e-01,0.000000000000000000e+00,-0.000000000000000000e+00,-0.000000000000000000e+00,0.000000000000000000e+00,-0.000000000000000000e+00,-0.000000000000000000e+00,-0.000000000000000000e+00,-0.000000000000000000e+00,-0.000000000000000000e+00,-1.736317737885528789e-01,-4.236896625860122056e-01,-0.000000000000000000e+00,-0.000000000000000000e+00,-9.067154438951707807e-02,-3.877722547805032560e-01,-1.222338214383277416e-01,-0.000000000000000000e+00,-0.000000000000000000e+00,-0.000000000000000000e+00,-2.526340725485449745e-01,-1.254804626427282743e-01,1.669144433002757610e+00,0.000000000000000000e+00,-0.000000000000000000e+00,0.000000000000000000e+00,-0.000000000000000000e+00,0.000000000000000000e+00,-0.000000000000000000e+00
0.000000000000000000e+00,0.000000000000000000e+00,-4.298685102528056468e-01,0.000000000000000000e+00,-6.030300227219139719e-01,0.000000000000000000e+00,0.000000000000000000e+00,2.888650163844125318e-01,-4.581206217408463344e-01,-0.000000000000000000e+00,8.079728066049621932e-03,-0.000000000000000000e+00,4.930919809172774199e-02,-0.000000000000000000e+00,-6.237026167947966326e-02,-0.000000000000000000e+00,1.823936393048337934e-01,-0.000000000000000000e+00,-0.000000000000000000e+00,9.437747162189250028e-02,-0.000000000000000000e+00,0.000000000000000000e+00,-0.000000000000000000e+00,-0.000000000000000000e+00,-0.000000000000000000e+00,-0.000000000000000000e+00,-0.000000000000000000e+00,-0.000000000000000000e+00,-0.000000000000000000e+00,-0.000000000000000000e+00,-0.000000000000000000e+00,0.000000000000000000e+00,0.000000000000000000e+00,2.115492347182657440e+00,1.299260324171009895e-01,0.000000000000000000e+00,0.000000000000000000e+00,-0.000000000000000000e+00,-0.000000000000000000e+00
0.000000000000000000e+00,0.000000000000000000e+00,0.000000000000000000e+00,-0.000000000000000000e+00,0.000000000000000000e+00,-2.882029900525361343e-01,-0.000000000000000000e+00,-0.000000000000000000e+00,0.000000000000000000e+00,-0.000000000000000000e+00,-2.586062080262087615e-01,-0.000000000000000000e+00,-0.000000000000000000e+00,-0.000000000000000000e+00,0.000000000000000000e+00,-0.000000000000000000e+00,-9.723700688552355809e-02,0.000000000000000000e+00,-0.000000000000000000e+00,-0.000000000000000000e+00,-0.000000000000000000e+00,-0.000000000000000000e+00,-0.000000000000000000e+00,0.000000000000000000e+00,-0.000000000000000000e+00,0.000000000000000000e+00,-0.000000000000000000e+00,1.617452814370661310e-02,-0.000000000000000000e+00,0.000000000000000000e+00,0.000000000000000000e+00,-4.008424016686359947e-01,-0.000000000000000000e+00,1.299260324171009895e-01,1.804161011062850095e+00,-0.000000000000000000e+00,-5.301914235495917005e-01,0.000000000000000000e+00,-0.000000000000000000e+00
-0.000000000000000000e+00,-2.792555227341958490e-02,0.000000000000000000e+00,-0.000000000000000000e+00,0.000000000000000000e+00,-0.000000000000000000e+00,-0.000000000000000000e+00,-0.000000000000000000e+00,0.000000000000000000e+00,-1.332413659181274634e-01,-1.274985819532581388e-01,0.000000000000000000e+00,-0.000000000000000000e+00,-0.000000000000000000e+00,5.544455755040028633e-02,-0.000000000000000000e+00,-0.000000000000000000e+00,0.000000000000000000e+00,0.000000000000000000e+00,-0.000000000000000000e+00,-0.000000000000000000e+00,-0.000000000000000000e+00,-0.000000000000000000e+00,4.869965158108549574e-02,-0.000000000000000000e+00,-0.000000000000000000e+00,-0.000000000000000000e+00,0.000000000000000000e+00,-0.000000000000000000e+00,-0.000000000000000000e+00,-0.000000000000000000e+00,-9.277877314956819998e-02,0.000000000000000000e+00,0.000000000000000000e+00,-0.000000000000000000e+00,1.156754794937068453e+00,-2.125325320045722277e-01,-0.000000000000000000e+00,-0.000000000000000000e+00
0.000000000000000000e+00,-0.000000000000000000e+00,0.000000000000000000e+00,0.000000000000000000e+00,0.000000000000000000e+00,-0.000000000000000000e+00,-0.000000000000000000e+00,-0.000000000000000000e+00,-0.000000000000000000e+00,-0.000000000000000000e+00,-1.945974472406434841e-01,-0.000000000000000000e+00,-6.228222005817803109e-03,-1.335683089615321006e-01,0.000000000000000000e+00,-0.000000000000000000e+00,-0.000000000000000000e+00,-0.000000000000000000e+00,-0.000000000000000000e+00,0.000000000000000000e+00,-0.000000000000000000e+00,-7.062495202700458385e-02,-0.000000000000000000e+00,-0.000000000000000000e+00,-2.292551758496789993e-01,-0.000000000000000000e+00,-0.000000000000000000e+00,2.942196316413455207e-02,-0.000000000000000000e+00,0.000000000000000000e+00,-0.000000000000000000e+00,-5.376124256494934084e-01,-0.000000000000000000e+00,0.000000000000000000e+00,-5.301914235495917005e-01,-2.125325320045722277e-01,1.906612354554955369e+00,-0.000000000000000000e+00,-1.369691109261699478e-02
0.000000000000000000e+00,0.000000000000000000e+00,-0.000000000000000000e+00,1.900324819565281376e-01,-0.000000000000000000e+00,0.000000000000000000e+00,-0.000000000000000000e+00,0.000000000000000000e+00,-0.000000000000000000e+00,0.000000000000000000e+00,0.000000000000000000e+00,0.000000000000000000e+00,0.000000000000000000e+00,-0.000000000000000000e+00,-2.396779165054770955e-01,0.000000000000000000e+00,0.000000000000000000e+00,-0.000000000000000000e+00,0.000000000000000000e+00,0.000000000000000000e+00,0.000000000000000000e+00,0.000000000000000000e+00,0.000000000000000000e+00,-1.194833428245386658e-01,0.000000000000000000e+00,-2.154283967084640872e-01,0.000000000000000000e+00,-0.000000000000000000e+00,0.000000000000000000e+00,0.000000000000000000e+00,-0.000000000000000000e+00,0.000000000000000000e+00,0.000000000000000000e+00,-0.000000000000000000e+00,0.000000000000000000e+00,-0.000000000000000000e+00,-0.000000000000000000e+00,1.261661887346658961e+00,-2.221658841358979952e-01
0.000000000000000000e+00,0.000000000000000000e+00,-0.000000000000000000e+00,0.000000000000000000e+00,-0.000000000000000000e+00,0.000000000000000000e+00,0.000000000000000000e+00,0.000000000000000000e+00,-5.323305559426776412e-01,-0.000000000000000000e+00,0.000000000000000000e+00,-6.954415156560523892e-01,-0.000000000000000000e+00,-1.641486016829387662e-01,-1.545789749328831120e-01,-4.266195485338123566e-02,0.000000000000000000e+00,-4.524020275999134366e-01,-0.000000000000000000e+00,1.744385147934053304e-01,0.000000000000000000e+00,-0.000000000000000000e+00,-0.000000000000000000e+00,-7.418354699411602859e-02,-0.000000000000000000e+00,-0.000000000000000000e+00,-9.157114613514660828e-02,0.000000000000000000e+00,0.000000000000000000e+00,-0.000000000000000000e+00,-1.282141690843317250e-01,-0.000000000000000000e+00,-0.000000000000000000e+00,-0.000000000000000000e+00,-0.000000000000000000e+00,-0.000000000000000000e+00,-1.369691109261699478e-02,-2.221658841358979952e-01,2.405636901672177252e+00
