2.972615856660669298e+00,-8.374276951223152965e-01,-0.000000000000000000e+00,-0.000000000000000000e+00,-0.000000000000000000e+00,-0.000000000000000000e+00,0.000000000000000000e+00,0.000000000000000000e+00,-0.000000000000000000e+00,-2.858248124295647008e-01,-0.000000000000000000e+00,-0.000000000000000000e+00,-0.000000000000000000e+00,-0.000000000000000000e+00,-0.000000000000000000e+00,-2.618195195263978148e-01,-0.000000000000000000e+00,-0.000000000000000000e+00,-0.000000000000000000e+00,0.000000000000000000e+00,-0.000000000000000000e+00,-0.000000000000000000e+00,-9.332202168385242413e-02,0.000000000000000000e+00,-0.000000000000000000e+00,-2.728764089921131841e-01,-1.693457693192489399e-01,-3.516002396189458340e-02,-3.777428170374822480e-01,-2.917063396872491832e-01,-0.000000000000000000e+00,-0.000000000000000000e+00,-0.000000000000000000e+00,-0.000000000000000000e+00,0.000000000000000000e+00,-0.000000000000000000e+00,-0.000000000000000000e+00,-4.694363664744518050e-01,-2.283197199513406495e-02
-8.374276951223152965e-01,2.424150978041077487e+00,-0.000000000000000000e+00,-0.000000000000000000e+00,-1.388989265671867479e-01,-0.000000000000000000e+00,0.000000000000000000e+00,0.000000000000000000e+00,-0.000000000000000000e+00,-2.402143918033845527e-01,-0.000000000000000000e+00,0.000000000000000000e+00,0.000000000000000000e+00,-0.000000000000000000e+00,-0.000000000000000000e+00,-0.000000000000000000e+00,-0.000000000000000000e+00,-0.000000000000000000e+00,-0.000000000000000000e+00,0.000000000000000000e+00,-0.000000000000000000e+00,0.000000000000000000e+00,-0.000000000000000000e+00,0.000000000000000000e+00,-0.000000000000000000e+00,-1.094841394150793679e-01,-1.256434841781006728e-01,-2.444577088248715557e-01,-2.264838989691103088e-01,-2.758121252252839772e-01,-0.000000000000000000e+00,-2.000236749346613052e-01,-0.000000000000000000e+00,-0.000000000000000000e+00,-0.000000000000000000e+00,-0.000000000000000000e+00,-0.000000000000000000e+00,-0.000000000000000000e+00,-0.000000000000000000e+00
-0.000000000000000000e+00,-0.000000000000000000e+00,2.434999797220268380e+00,-0.000000000000000000e+00,-1.428567802828205335e-01,0.000000000000000000e+00,-1.494539581337778755e-01,7.667220587958853972e-01,-0.000000000000000000e+00,-0.000000000000000000e+00,0.000000000000000000e+00,-0.000000000000000000e+00,0.000000000000000000e+00,-5.123579432215794732e-02,-0.000000000000000000e+00,-0.000000000000000000e+00,0.000000000000000000e+00,-4.747938000213488413e-02,-0.000000000000000000e+00,-0.000000000000000000e+00,-1.704153496428209014e-01,0.000000000000000000e+00,-0.000000000000000000e+00,-0.000000000000000000e+00,-2.803703293783457728e-01,-1.175787470576543786e-01,-0.000000000000000000e+00,-0.000000000000000000e+00,-0.000000000000000000e+00,-0.000000000000000000e+00,-1.460117167271363647e-01,0.000000000000000000e+00,-0.000000000000000000e+00,-6.408643980157091580e-01,0.000000000000000000e+00,-9.954526147664928548e-02,0.000000000000000000e+00,-0.000000000000000000e+00,-0.000000000000000000e+00
-0.000000000000000000e+00,-0.000000000000000000e+00,-0.000000000000000000e+00,1.161708046767512492e+00,-0.000000000000000000e+00,0.000000000000000000e+00,-1.773903275553188885e-01,0.000000000000000000e+00,-0.000000000000000000e+00,-0.000000000000000000e+00,0.000000000000000000e+00,-9.819131465714169005e-02,-0.000000000000000000e+00,-3.628894315463755682e-02,-7.908433482870630415e-02,-0.000000000000000000e+00,0.000000000000000000e+00,-0.000000000000000000e+00,-0.000000000000000000e+00,-2.205388410709745728e-01,0.000000000000000000e+00,-0.000000000000000000e+00,-0.000000000000000000e+00,-0.000000000000000000e+00,-0.000000000000000000e+00,0.000000000000000000e+00,-0.000000000000000000e+00,-0.000000000000000000e+00,-0.000000000000000000e+00,-0.000000000000000000e+00,0.000000000000000000e+00,-0.000000000000000000e+00,-0.000000000000000000e+00,-0.000000000000000000e+00,0.000000000000000000e+00,-3.750182369283106693e-02,-0.000000000000000000e+00,-0.000000000000000000e+00,-0.000000000000000000e+00
-0.000000000000000000e+00,-1.388989265671867479e-01,-1.428567802828205335e-01,-0.000000000000000000e+00,2.405752049564383821e+00,-0.000000000000000000e+00,-0.000000000000000000e+00,3.635109452369491567e-01,-5.000887187239696496e-01,-0.000000000000000000e+00,-0.000000000000000000e+00,-0.000000000000000000e+00,0.000000000000000000e+00,-2.049027511981798277e-01,-0.000000000000000000e+00,-0.000000000000000000e+00,-0.000000000000000000e+00,-0.000000000000000000e+00,-1.431715669500464305e-01,-0.000000000000000000e+00,-0.000000000000000000e+00,0.000000000000000000e+00,-0.000000000000000000e+00,-0.000000000000000000e+00,-0.000000000000000000e+00,-2.787282717426948775e-01,-6.103575765995842423e-02,-2.017743912687573749e-01,-8.502471897015386609e-03,-5.976986275764611944e-02,-6.342731717972110994e-02,-1.060853692428870704e-01,-0.000000000000000000e+00,-1.328971809986138342e-01,-0.000000000000000000e+00,-1.537079120892640705e-01,-0.000000000000000000e+00,-0.000000000000000000e+00,-0.000000000000000000e+00
-0.000000000000000000e+00,-0.000000000000000000e+00,0.000000000000000000e+00,0.000000000000000000e+00,-0.000000000000000000e+00,2.233600787031810864e+00,0.000000000000000000e+00,8.148991545932159075e-02,0.000000000000000000e+00,0.000000000000000000e+00,-6.989819211659341613e-01,2.331264627912274234e-01,3.919170407003023660e-01,0.000000000000000000e+00,0.000000000000000000e+00,0.000000000000000000e+00,-0.000000000000000000e+00,0.000000000000000000e+00,0.000000000000000000e+00,-0.000000000000000000e+00,-0.000000000000000000e+00,0.000000000000000000e+00,0.000000000000000000e+00,0.000000000000000000e+00,0.000000000000000000e+00,-0.000000000000000000e+00,-0.000000000000000000e+00,-0.000000000000000000e+00,-0.000000000000000000e+00,0.000000000000000000e+00,-0.000000000000000000e+00,-0.000000000000000000e+00,-0.000000000000000000e+00,0.000000000000000000e+00,-6.593487681218841434e-01,0.000000000000000000e+00,-1.029517390212411065e-01,1.842042692067830389e-01,1.193748577181729872e-02
0.000000000000000000e+00,0.000000000000000000e+00,-1.494539581337778755e-01,-1.773903275553188885e-01,-0.000000000000000000e+00,0.000000000000000000e+00,1.374142020704280043e+00,0.000000000000000000e+00,-0.000000000000000000e+00,-0.000000000000000000e+00,0.000000000000000000e+00,-0.000000000000000000e+00,-7.775285735325201952e-02,-1.186932977748130780e-01,-0.000000000000000000e+00,-0.000000000000000000e+00,-0.000000000000000000e+00,-0.000000000000000000e+00,-7.806122451199168366e-02,-8.833526043055181520e-02,-0.000000000000000000e+00,-2.071588699643768239e-01,-0.000000000000000000e+00,-0.000000000000000000e+00,-0.000000000000000000e+00,-0.000000000000000000e+00,0.000000000000000000e+00,-0.000000000000000000e+00,-0.000000000000000000e+00,-0.000000000000000000e+00,-0.000000000000000000e+00,0.000000000000000000e+00,-3.189864770868206523e-01,-0.000000000000000000e+00,-0.000000000000000000e+00,-2.344706247763848200e-02,-0.000000000000000000e+00,0.000000000000000000e+00,-0.000000000000000000e+00
0.000000000000000000e+00,0.000000000000000000e+00,7.667220587958853972e-01,0.000000000000000000e+00,3.635109452369491567e-01,8.148991545932159075e-02,0.000000000000000000e+00,1.840572568838517498e+00,0.000000000000000000e+00,0.000000000000000000e+00,1.459910957944446364e-02,-0.000000000000000000e+00,-1.643241144595367353e-01,0.000000000000000000e+00,-0.000000000000000000e+00,-0.000000000000000000e+00,0.000000000000000000e+00,0.000000000000000000e+00,0.000000000000000000e+00,2.086044598226419744e-01,0.000000000000000000e+00,-0.000000000000000000e+00,0.000000000000000000e+00,0.000000000000000000e+00,0.000000000000000000e+00,1.664393878223365819e-01,0.000000000000000000e+00,0.000000000000000000e+00,0.000000000000000000e+00,0.000000000000000000e+00,0.000000000000000000e+00,0.000000000000000000e+00,7.658665052734488221e-02,2.608012650020400183e-02,0.000000000000000000e+00,0.000000000000000000e+00,0.000000000000000000e+00,-0.000000000000000000e+00,-0.000000000000000000e+00
-0.000000000000000000e+00,-0.000000000000000000e+00,-0.000000000000000000e+00,-0.000000000000000000e+00,-5.000887187239696496e-01,0.000000000000000000e+00,-0.000000000000000000e+00,0.000000000000000000e+00,3.228672637437388193e+00,-2.756255800439858517e-01,0.000000000000000000e+00,-0.000000000000000000e+00,0.000000000000000000e+00,-1.061752151031870595e-01,-0.000000000000000000e+00,-0.000000000000000000e+00,-0.000000000000000000e+00,-4.070320966916590177e-01,-1.967266130358525655e-01,-0.000000000000000000e+00,-0.000000000000000000e+00,0.000000000000000000e+00,-6.594594799748107472e-02,-0.000000000000000000e+00,-7.652149607017597055e-02,-3.879336012087955532e-01,-0.000000000000000000e+00,-1.380482417811906316e-02,-0.000000000000000000e+00,-5.013856115794658175e-01,-9.360128016680642482e-02,-0.000000000000000000e+00,-0.000000000000000000e+00,-5.968103387037433372e-01,0.000000000000000000e+00,-0.000000000000000000e+00,-0.000000000000000000e+00,-0.000000000000000000e+00,-3.282194742661410647e-01
-2.858248124295647008e-01,-2.402143918033845527e-01,-0.000000000000000000e+00,-0.000000000000000000e+00,-0.000000000000000000e+00,0.000000000000000000e+00,-0.000000000000000000e+00,0.000000000000000000e+00,-2.756255800439858517e-01,2.490045768747095600e+00,0.000000000000000000e+00,-0.000000000000000000e+00,0.000000000000000000e+00,-0.000000000000000000e+00,-0.000000000000000000e+00,-6.094018950800056400e-01,0.000000000000000000e+00,-3.372583325101978502e-02,-3.964560664724922634e-02,-0.000000000000000000e+00,-0.000000000000000000e+00,0.000000000000000000e+00,-9.203320061751926739e-02,0.000000000000000000e+00,-0.000000000000000000e+00,-0.000000000000000000e+00,-0.000000000000000000e+00,-1.338170845821235466e-01,-0.000000000000000000e+00,-4.895882684274969754e-01,-0.000000000000000000e+00,-0.000000000000000000e+00,0.000000000000000000e+00,-0.000000000000000000e+00,0.000000000000000000e+00,-4.730543195487162123e-02,-0.000000000000000000e+00,-1.100187484418830262e-02,-1.374305532296241361e-01
-0.000000000000000000e+00,-0.000000000000000000e+00,0.000000000000000000e+00,0.000000000000000000e+00,-0.000000000000000000e+00,-6.989819211659341613e-01,0.000000000000000000e+00,1.459910957944446364e-02,0.000000000000000000e+00,0.000000000000000000e+00,2.003239940925966245e+00,6.089565209697437448e-02,4.653035157367249597e-02,0.000000000000000000e+00,1.369451710651094500e-01,2.149095313714119160e-01,-3.039323409882333515e-01,6.312253655086527693e-02,0.000000000000000000e+00,-0.000000000000000000e+00,-0.000000000000000000e+00,5.225112504957506003e-03,0.000000000000000000e+00,0.000000000000000000e+00,0.000000000000000000e+00,-0.000000000000000000e+00,-1.575926314125453975e-01,-0.000000000000000000e+00,0.000000000000000000e+00,0.000000000000000000e+00,-1.949243570796718034e-02,-3.394758268127582301e-01,-9.702966866951021063e-02,0.000000000000000000e+00,-3.404910234957306825e-01,0.000000000000000000e+00,-0.000000000000000000e+00,0.000000000000000000e+00,0.000000000000000000e+00
-0.000000000000000000e+00,0.000000000000000000e+00,-0.000000000000000000e+00,-9.819131465714169005e-02,-0.000000000000000000e+00,2.331264627912274234e-01,-0.000000000000000000e+00,-0.000000000000000000e+00,-0.000000000000000000e+00,-0.000000000000000000e+00,6.089565209697437448e-02,2.611346079842764123e+00,-1.619063385068655325e-01,-1.137441127458243412e-01,-7.578389425055427342e-01,-0.000000000000000000e+00,-0.000000000000000000e+00,-9.259728174518043475e-02,-2.642426571189067652e-01,0.000000000000000000e+00,-0.000000000000000000e+00,-1.116069442936572509e-01,-0.000000000000000000e+00,-0.000000000000000000e+00,-1.682928818183196396e-01,-0.000000000000000000e+00,-0.000000000000000000e+00,-0.000000000000000000e+00,-0.000000000000000000e+00,-0.000000000000000000e+00,-0.000000000000000000e+00,0.000000000000000000e+00,-0.000000000000000000e+00,-0.000000000000000000e+00,2.336373170707368718e-01,-0.000000000000000000e+00,0.000000000000000000e+00,-1.989584251580207852e-01,-4.292885014363060914e-01
-0.000000000000000000e+00,0.000000000000000000e+00,0.000000000000000000e+00,-0.000000000000000000e+00,0.000000000000000000e+00,3.919170407003023660e-01,-7.775285735325201952e-02,-1.643241144595367353e-01,0.000000000000000000e+00,0.000000000000000000e+00,4.653035157367249597e-02,-1.619063385068655325e-01,1.774899504609478207e+00,-0.000000000000000000e+00,-4.645462636895454356e-01,-0.000000000000000000e+00,-1.111917558796264235e-02,-0.000000000000000000e+00,-0.000000000000000000e+00,0.000000000000000000e+00,0.000000000000000000e+00,-4.730429579781594840e-01,0.000000000000000000e+00,-0.000000000000000000e+00,-0.000000000000000000e+00,0.000000000000000000e+00,0.000000000000000000e+00,0.000000000000000000e+00,-0.000000000000000000e+00,-0.000000000000000000e+00,2.863562410658501145e-01,-0.000000000000000000e+00,-0.000000000000000000e+00,0.000000000000000000e+00,9.735284275738101054e-03,-0.000000000000000000e+00,-0.000000000000000000e+00,-0.000000000000000000e+00,-0.000000000000000000e+00
-0.000000000000000000e+00,-0.000000000000000000e+00,-5.123579432215794732e-02,-3.628894315463755682e-02,-2.049027511981798277e-01,0.000000000000000000e+00,-1.186932977748130780e-01,0.000000000000000000e+00,-1.061752151031870595e-01,-0.000000000000000000e+00,0.000000000000000000e+00,-1.137441127458243412e-01,-0.000000000000000000e+00,2.366239597654010485e+00,-1.427212320279124813e-01,-4.387909710651893141e-02,-0.000000000000000000e+00,-1.506423310195886822e-02,-1.046588891460118187e-01,-0.000000000000000000e+00,-0.000000000000000000e+00,-0.000000000000000000e+00,-3.176444709462916127e-01,-1.455771625289730697e-01,-4.784900372389697676e-01,-0.000000000000000000e+00,-0.000000000000000000e+00,-0.000000000000000000e+00,-1.082401999959758665e-01,-0.000000000000000000e+00,-0.000000000000000000e+00,-0.000000000000000000e+00,-4.468086801751252474e-02,-3.417172800987117731e-01,0.000000000000000000e+00,-1.703929909858626079e-01,-0.000000000000000000e+00,-0.000000000000000000e+00,-0.000000000000000000e+00
-0.000000000000000000e+00,-0.000000000000000000e+00,-0.000000000000000000e+00,-7.908433482870630415e-02,-0.000000000000000000e+00,0.000000000000000000e+00,-0.000000000000000000e+00,-0.000000000000000000e+00,-0.000000000000000000e+00,-0.000000000000000000e+00,1.369451710651094500e-01,-7.578389425055427342e-01,-4.645462636895454356e-01,-1.427212320279124813e-01,2.624095532707142908e+00,-1.053074481014362740e-01,-0.000000000000000000e+00,-1.478337304930010254e-01,-2.914042482726568184e-01,0.000000000000000000e+00,0.000000000000000000e+00,-1.101014098317968232e-01,-0.000000000000000000e+00,-0.000000000000000000e+00,-0.000000000000000000e+00,-0.000000000000000000e+00,-0.000000000000000000e+00,-0.000000000000000000e+00,-0.000000000000000000e+00,-0.000000000000000000e+00,0.000000000000000000e+00,0.000000000000000000e+00,-0.000000000000000000e+00,-0.000000000000000000e+00,7.101050887601083328e-02,-1.933764576912960689e-03,-0.000000000000000000e+00,-4.504096435337993087e-01,-1.620744415642653702e-01
-2.618195195263978148e-01,-0.000000000000000000e+00,-0.000000000000000000e+00,-0.000000000000000000e+00,-0.000000000000000000e+00,0.000000000000000000e+00,-0.000000000000000000e+00,-0.000000000000000000e+00,-0.000000000000000000e+00,-6.094018950800056400e-01,2.149095313714119160e-01,-0.000000000000000000e+00,-0.000000000000000000e+00,-4.387909710651893141e-02,-1.053074481014362740e-01,2.560047365245381457e+00,0.000000000000000000e+00,-7.295803221614294634e-03,-0.000000000000000000e+00,0.000000000000000000e+00,-0.000000000000000000e+00,-0.000000000000000000e+00,-2.850413354419247258e-01,-0.000000000000000000e+00,-6.547051390621251576e-02,-0.000000000000000000e+00,-0.000000000000000000e+00,-0.000000000000000000e+00,-0.000000000000000000e+00,-4.609727849411679457e-01,-0.000000000000000000e+00,0.000000000000000000e+00,0.000000000000000000e+00,-0.000000000000000000e+00,0.000000000000000000e+00,-2.907821427896641886e-01,0.000000000000000000e+00,-3.524312162705732221e-01,-0.000000000000000000e+00
-0.000000000000000000e+00,-0.000000000000000000e+00,0.000000000000000000e+00,0.000000000000000000e+00,-0.000000000000000000e+00,-0.000000000000000000e+00,-0.000000000000000000e+00,0.000000000000000000e+00,-0.000000000000000000e+00,0.000000000000000000e+00,-3.039323409882333515e-01,-0.000000000000000000e+00,-1.111917558796264235e-02,-0.000000000000000000e+00,-0.000000000000000000e+00,0.000000000000000000e+00,1.431275515474324189e+00,0.000000000000000000e+00,-0.000000000000000000e+00,0.000000000000000000e+00,-0.000000000000000000e+00,-0.000000000000000000e+00,0.000000000000000000e+00,0.000000000000000000e+00,0.000000000000000000e+00,-0.000000000000000000e+00,-1.986629931448235797e-01,-9.519491673312575550e-03,-0.000000000000000000e+00,0.000000000000000000e+00,-0.000000000000000000e+00,-2.769061095960658747e-01,-4.209107210373886354e-01,-0.000000000000000000e+00,-0.000000000000000000e+00,-0.000000000000000000e+00,-0.000000000000000000e+00,-0.000000000000000000e+00,-0.000000000000000000e+00
-0.000000000000000000e+00,-0.000000000000000000e+00,-4.747938000213488413e-02,-0.000000000000000000e+00,-0.000000000000000000e+00,0.000000000000000000e+00,-0.000000000000000000e+00,0.000000000000000000e+00,-4.070320966916590177e-01,-3.372583325101978502e-02,6.312253655086527693e-02,-9.259728174518043475e-02,-0.000000000000000000e+00,-1.506423310195886822e-02,-1.478337304930010254e-01,-7.295803221614294634e-03,0.000000000000000000e+00,1.993127409043205400e+00,-6.345168457180379029e-01,0.000000000000000000e+00,0.000000000000000000e+00,-0.000000000000000000e+00,-0.000000000000000000e+00,0.000000000000000000e+00,-1.057296534315463887e-01,-0.000000000000000000e+00,-0.000000000000000000e+00,-0.000000000000000000e+00,-0.000000000000000000e+00,-1.945781407127982754e-01,-0.000000000000000000e+00,0.000000000000000000e+00,0.000000000000000000e+00,-1.086821056060880732e-02,7.445271719508556041e-02,-0.000000000000000000e+00,-0.000000000000000000e+00,-0.000000000000000000e+00,-0.000000000000000000e+00
-0.000000000000000000e+00,-0.000000000000000000e+00,-0.000000000000000000e+00,-0.000000000000000000e+00,-1.431715669500464305e-01,0.000000000000000000e+00,-7.806122451199168366e-02,0.000000000000000000e+00,-1.967266130358525655e-01,-3.964560664724922634e-02,0.000000000000000000e+00,-2.642426571189067652e-01,-0.000000000000000000e+00,-1.046588891460118187e-01,-2.914042482726568184e-01,-0.000000000000000000e+00,-0.000000000000000000e+00,-6.345168457180379029e-01,2.082576098249092400e+00,-0.000000000000000000e+00,-0.000000000000000000e+00,-0.000000000000000000e+00,-0.000000000000000000e+00,0.000000000000000000e+00,-0.000000000000000000e+00,-0.000000000000000000e+00,-2.964484372653307734e-02,-4.071908135060035155e-02,-1.906871411790334037e-01,-0.000000000000000000e+00,-0.000000000000000000e+00,-0.000000000000000000e+00,-0.000000000000000000e+00,-0.000000000000000000e+00,0.000000000000000000e+00,-0.000000000000000000e+00,-7.182495304033675518e-03,-0.000000000000000000e+00,-5.953603302793663427e-03
0.000000000000000000e+00,0.000000000000000000e+00,-0.000000000000000000e+00,-2.205388410709745728e-01,-0.000000000000000000e+00,-0.000000000000000000e+00,-8.833526043055181520e-02,2.086044598226419744e-01,-0.000000000000000000e+00,-0.000000000000000000e+00,-0.000000000000000000e+00,0.000000000000000000e+00,0.000000000000000000e+00,-0.000000000000000000e+00,0.000000000000000000e+00,0.000000000000000000e+00,0.000000000000000000e+00,0.000000000000000000e+00,-0.000000000000000000e+00,1.293794543528282937e+00,-0.000000000000000000e+00,-0.000000000000000000e+00,-0.000000000000000000e+00,-2.940449195231661372e-01,-0.000000000000000000e+00,-0.000000000000000000e+00,-0.000000000000000000e+00,-0.000000000000000000e+00,0.000000000000000000e+00,0.000000000000000000e+00,-0.000000000000000000e+00,-0.000000000000000000e+00,-8.541339772354777926e-02,-0.000000000000000000e+00,-3.263891205174145049e-02,-7.450705657803835535e-02,-0.000000000000000000e+00,0.000000000000000000e+00,0.000000000000000000e+00
-0.000000000000000000e+00,-0.000000000000000000e+00,-1.704153496428209014e-01,0.000000000000000000e+00,-0.000000000000000000e+00,-0.000000000000000000e+00,-0.000000000000000000e+00,0.000000000000000000e+00,-0.000000000000000000e+00,-0.000000000000000000e+00,-0.000000000000000000e+00,-0.000000000000000000e+00,0.000000000000000000e+00,-0.000000000000000000e+00,0.000000000000000000e+00,-0.000000000000000000e+00,-0.000000000000000000e+00,0.000000000000000000e+00,-0.000000000000000000e+00,-0.000000000000000000e+00,1.213522591066029221e+00,0.000000000000000000e+00,-0.000000000000000000e+00,-5.980774755796738201e-02,-0.000000000000000000e+00,-0.000000000000000000e+00,-0.000000000000000000e+00,-0.000000000000000000e+00,0.000000000000000000e+00,-0.000000000000000000e+00,-2.630739739099525673e-02,-0.000000000000000000e+00,-2.523306257053871682e-01,-1.806869386563449698e-01,-0.000000000000000000e+00,-0.000000000000000000e+00,-0.000000000000000000e+00,0.000000000000000000e+00,0.000000000000000000e+00
-0.000000000000000000e+00,0.000000000000000000e+00,0.000000000000000000e+00,-0.000000000000000000e+00,0.000000000000000000e+00,0.000000000000000000e+00,-2.071588699643768239e-01,-0.000000000000000000e+00,0.000000000000000000e+00,0.000000000000000000e+00,5.225112504957506003e-03,-1.116069442936572509e-01,-4.730429579781594840e-01,-0.000000000000000000e+00,-1.101014098317968232e-01,-0.000000000000000000e+00,-0.000000000000000000e+00,-0.000000000000000000e+00,-0.000000000000000000e+00,-0.000000000000000000e+00,0.000000000000000000e+00,1.358303268602045089e+00,0.000000000000000000e+00,-0.000000000000000000e+00,-0.000000000000000000e+00,0.000000000000000000e+00,0.000000000000000000e+00,-0.000000000000000000e+00,-0.000000000000000000e+00,0.000000000000000000e+00,0.000000000000000000e+00,0.000000000000000000e+00,-4.189986306534720928e-02,-0.000000000000000000e+00,0.000000000000000000e+00,-0.000000000000000000e+00,-0.000000000000000000e+00,-0.000000000000000000e+00,-0.000000000000000000e+00
-9.332202168385242413e-02,-0.000000000000000000e+00,-0.000000000000000000e+00,-0.000000000000000000e+00,-0.000000000000000000e+00,0.000000000000000000e+00,-0.000000000000000000e+00,0.000000000000000000e+00,-6.594594799748107472e-02,-9.203320061751926739e-02,0.000000000000000000e+00,-0.000000000000000000e+00,0.000000000000000000e+00,-3.176444709462916127e-01,-0.000000000000000000e+00,-2.850413354419247258e-01,0.000000000000000000e+00,-0.000000000000000000e+00,-0.000000000000000000e+00,-0.000000000000000000e+00,-0.000000000000000000e+00,0.000000000000000000e+00,2.228546690331000946e+00,-0.000000000000000000e+00,-4.481857279047444242e-01,-9.927946614413175885e-02,-6.800122852442735955e-02,-8.949573496069275491e-02,-0.000000000000000000e+00,-1.840091884008947798e-01,-9.261954546454424786e-02,0.000000000000000000e+00,-0.000000000000000000e+00,-0.000000000000000000e+00,0.000000000000000000e+00,-0.000000000000000000e+00,0.000000000000000000e+00,-9.247953071955576643e-02,-2.510844414328928798e-01
0.000000000000000000e+00,0.000000000000000000e+00,-0.000000000000000000e+00,-0.000000000000000000e+00,-0.000000000000000000e+00,0.000000000000000000e+00,-0.000000000000000000e+00,0.000000000000000000e+00,-0.000000000000000000e+00,0.000000000000000000e+00,0.000000000000000000e+00,-0.000000000000000000e+00,-0.000000000000000000e+00,-1.455771625289730697e-01,-0.000000000000000000e+00,-0.000000000000000000e+00,0.000000000000000000e+00,0.000000000000000000e+00,0.000000000000000000e+00,-2.940449195231661372e-01,-5.980774755796738201e-02,-0.000000000000000000e+00,-0.000000000000000000e+00,1.533576897208418943e+00,-2.442206294213356277e-01,-0.000000000000000000e+00,-0.000000000000000000e+00,0.000000000000000000e+00,0.000000000000000000e+00,0.000000000000000000e+00,-0.000000000000000000e+00,0.000000000000000000e+00,-2.698055008360618623e-01,-3.326399624363989699e-02,0.000000000000000000e+00,-3.102550909148638625e-01,0.000000000000000000e+00,-0.000000000000000000e+00,-0.000000000000000000e+00
-0.000000000000000000e+00,-0.000000000000000000e+00,-2.803703293783457728e-01,-0.000000000000000000e+00,-0.000000000000000000e+00,0.000000000000000000e+00,-0.000000000000000000e+00,0.000000000000000000e+00,-7.652149607017597055e-02,-0.000000000000000000e+00,0.000000000000000000e+00,-1.682928818183196396e-01,-0.000000000000000000e+00,-4.784900372389697676e-01,-0.000000000000000000e+00,-6.547051390621251576e-02,0.000000000000000000e+00,-1.057296534315463887e-01,-0.000000000000000000e+00,-0.000000000000000000e+00,-0.000000000000000000e+00,-0.000000000000000000e+00,-4.481857279047444242e-01,-2.442206294213356277e-01,2.394394483420957176e+00,-6.583154539076097912e-03,-0.000000000000000000e+00,-0.000000000000000000e+00,-0.000000000000000000e+00,-0.000000000000000000e+00,-0.000000000000000000e+00,0.000000000000000000e+00,-0.000000000000000000e+00,-4.412471747922636078e-01,6.867275496425642722e-02,-9.827371657498572277e-02,0.000000000000000000e+00,-0.000000000000000000e+00,-0.000000000000000000e+00
-2.728764089921131841e-01,-1.094841394150793679e-01,-1.175787470576543786e-01,0.000000000000000000e+00,-2.787282717426948775e-01,-0.000000000000000000e+00,-0.000000000000000000e+00,1.664393878223365819e-01,-3.879336012087955532e-01,-0.000000000000000000e+00,-0.000000000000000000e+00,-0.000000000000000000e+00,0.000000000000000000e+00,-0.000000000000000000e+00,-0.000000000000000000e+00,-0.000000000000000000e+00,-0.000000000000000000e+00,-0.000000000000000000e+00,-0.000000000000000000e+00,-0.000000000000000000e+00,-0.000000000000000000e+00,0.000000000000000000e+00,-9.927946614413175885e-02,-0.000000000000000000e+00,-6.583154539076097912e-03,2.499423526108411231e+00,-5.377344028927693032e-01,-2.513391342345806523e-01,-0.000000000000000000e+00,-0.000000000000000000e+00,-1.182762719284706637e-01,-0.000000000000000000e+00,-0.000000000000000000e+00,-1.641776396621391354e-01,-0.000000000000000000e+00,-1.083847435539334568e-02,-0.000000000000000000e+00,-8.057488051244661442e-02,-0.000000000000000000e+00
-1.693457693192489399e-01,-1.256434841781006728e-01,-0.000000000000000000e+00,-0.000000000000000000e+00,-6.103575765995842423e-02,-0.000000000000000000e+00,0.000000000000000000e+00,0.000000000000000000e+00,-0.000000000000000000e+00,-0.000000000000000000e+00,-1.575926314125453975e-01,-0.000000000000000000e+00,0.000000000000000000e+00,-0.000000000000000000e+00,-0.000000000000000000e+00,-0.000000000000000000e+00,-1.986629931448235797e-01,-0.000000000000000000e+00,-2.964484372653307734e-02,-0.000000000000000000e+00,-0.000000000000000000e+00,0.000000000000000000e+00,-6.800122852442735955e-02,-0.000000000000000000e+00,-0.000000000000000000e+00,-5.377344028927693032e-01,1.870859119685919669e+00,-1.718743546410310130e-01,-0.000000000000000000e+00,-0.000000000000000000e+00,-2.557749936498817100e-01,-0.000000000000000000e+00,-5.435121477669597329e-02,-0.000000000000000000e+00,-0.000000000000000000e+00,-0.000000000000000000e+00,-0.000000000000000000e+00,-0.000000000000000000e+00,-1.131534361602781480e-01
-3.516002396189458340e-02,-2.444577088248715557e-01,-0.000000000000000000e+00,-0.000000000000000000e+00,-2.017743912687573749e-01,-0.000000000000000000e+00,-0.000000000000000000e+00,0.000000000000000000e+00,-1.380482417811906316e-02,-1.338170845821235466e-01,-0.000000000000000000e+00,-0.000000000000000000e+00,0.000000000000000000e+00,-0.000000000000000000e+00,-0.000000000000000000e+00,-0.000000000000000000e+00,-9.519491673312575550e-03,-0.000000000000000000e+00,-4.071908135060035155e-02,-0.000000000000000000e+00,-0.000000000000000000e+00,-0.000000000000000000e+00,-8.949573496069275491e-02,0.000000000000000000e+00,-0.000000000000000000e+00,-2.513391342345806523e-01,-1.718743546410310130e-01,2.131792155136853495e+00,-3.137393178385438075e-01,-2.026255910409622274e-01,-4.112504787464437150e-01,-0.000000000000000000e+00,-0.000000000000000000e+00,-0.000000000000000000e+00,-0.000000000000000000e+00,-0.000000000000000000e+00,-0.000000000000000000e+00,-0.000000000000000000e+00,-0.000000000000000000e+00
-3.777428170374822480e-01,-2.264838989691103088e-01,-0.000000000000000000e+00,-0.000000000000000000e+00,-8.502471897015386609e-03,-0.000000000000000000e+00,-0.000000000000000000e+00,0.000000000000000000e+00,-0.000000000000000000e+00,-0.000000000000000000e+00,0.000000000000000000e+00,-0.000000000000000000e+00,-0.000000000000000000e+00,-1.082401999959758665e-01,-0.000000000000000000e+00,-0.000000000000000000e+00,-0.000000000000000000e+00,-0.000000000000000000e+00,-1.906871411790334037e-01,0.000000000000000000e+00,0.000000000000000000e+00,-0.000000000000000000e+00,-0.000000000000000000e+00,0.000000000000000000e+00,-0.000000000000000000e+00,-0.000000000000000000e+00,-0.000000000000000000e+00,-3.137393178385438075e-01,1.934235084785379977e+00,-2.127296174563582387e-01,-0.000000000000000000e+00,-2.861109962029329545e-01,-0.000000000000000000e+00,-0.000000000000000000e+00,-0.000000000000000000e+00,-0.000000000000000000e+00,-1.632866244552724500e-01,-4.649221869310579680e-02,-0.000000000000000000e+00
-2.917063396872491832e-01,-2.758121252252839772e-01,-0.000000000000000000e+00,-0.000000000000000000e+00,-5.976986275764611944e-02,0.000000000000000000e+00,-0.000000000000000000e+00,0.000000000000000000e+00,-5.013856115794658175e-01,-4.895882684274969754e-01,0.000000000000000000e+00,-0.000000000000000000e+00,-0.000000000000000000e+00,-0.000000000000000000e+00,-0.000000000000000000e+00,-4.609727849411679457e-01,0.000000000000000000e+00,-1.945781407127982754e-01,-0.000000000000000000e+00,0.000000000000000000e+00,-0.000000000000000000e+00,0.000000000000000000e+00,-1.840091884008947798e-01,0.000000000000000000e+00,-0.000000000000000000e+00,-0.000000000000000000e+00,-0.000000000000000000e+00,-2.026255910409622274e-01,-2.127296174563582387e-01,2.923073837723132673e+00,-0.000000000000000000e+00,-0.000000000000000000e+00,0.000000000000000000e+00,-0.000000000000000000e+00,0.000000000000000000e+00,-1.006492737921485178e-02,-0.000000000000000000e+00,-1.376271229531656204e-01,-2.579742566921251062e-02
-0.000000000000000000e+00,-0.000000000000000000e+00,-1.460117167271363647e-01,0.000000000000000000e+00,-6.342731717972110994e-02,-0.000000000000000000e+00,-0.000000000000000000e+00,0.000000000000000000e+00,-9.360128016680642482e-02,-0.000000000000000000e+00,-1.949243570796718034e-02,-0.000000000000000000e+00,2.863562410658501145e-01,-0.000000000000000000e+00,0.000000000000000000e+00,-0.000000000000000000e+00,-0.000000000000000000e+00,-0.000000000000000000e+00,-0.000000000000000000e+00,-0.000000000000000000e+00,-2.630739739099525673e-02,0.000000000000000000e+00,-9.261954546454424786e-02,-0.000000000000000000e+00,-0.000000000000000000e+00,-1.182762719284706637e-01,-2.557749936498817100e-01,-4.112504787464437150e-01,-0.000000000000000000e+00,-0.000000000000000000e+00,1.568156415369164058e+00,-0.000000000000000000e+00,-0.000000000000000000e+00,-0.000000000000000000e+00,-0.000000000000000000e+00,-0.000000000000000000e+00,-0.000000000000000000e+00,-0.000000000000000000e+00,-0.000000000000000000e+00
-0.000000000000000000e+00,-2.000236749346613052e-01,0.000000000000000000e+00,-0.000000000000000000e+00,-1.060853692428870704e-01,-0.000000000000000000e+00,0.000000000000000000e+00,0.000000000000000000e+00,-0.000000000000000000e+00,-0.000000000000000000e+00,-3.394758268127582301e-01,0.000000000000000000e+00,-0.000000000000000000e+00,-0.000000000000000000e+00,0.000000000000000000e+00,0.000000000000000000e+00,-2.769061095960658747e-01,0.000000000000000000e+00,-0.000000000000000000e+00,-0.000000000000000000e+00,-0.000000000000000000e+00,0.000000000000000000e+00,0.000000000000000000e+00,0.000000000000000000e+00,0.000000000000000000e+00,-0.000000000000000000e+00,-0.000000000000000000e+00,-0.000000000000000000e+00,-2.861109962029329545e-01,-0.000000000000000000e+00,-0.000000000000000000e+00,1.880810301552488628e+00,-0.000000000000000000e+00,0.000000000000000000e+00,-0.000000000000000000e+00,-0.000000000000000000e+00,-7.956089095085056018e-01,0.000000000000000000e+00,-0.000000000000000000e+00
-0.000000000000000000e+00,-0.000000000000000000e+00,-0.000000000000000000e+00,-0.000000000000000000e+00,-0.000000000000000000e+00,-0.000000000000000000e+00,-3.189864770868206523e-01,7.658665052734488221e-02,-0.000000000000000000e+00,0.000000000000000000e+00,-9.702966866951021063e-02,-0.000000000000000000e+00,-0.000000000000000000e+00,-4.468086801751252474e-02,-0.000000000000000000e+00,0.000000000000000000e+00,-4.209107210373886354e-01,0.000000000000000000e+00,-0.000000000000000000e+00,-8.541339772354777926e-02,-2.523306257053871682e-01,-4.189986306534720928e-02,-0.000000000000000000e+00,-2.698055008360618623e-01,-0.000000000000000000e+00,-0.000000000000000000e+00,-5.435121477669597329e-02,-0.000000000000000000e+00,-0.000000000000000000e+00,0.000000000000000000e+00,-0.000000000000000000e+00,-0.000000000000000000e+00,1.557255860669610970e+00,-0.000000000000000000e+00,-0.000000000000000000e+00,-0.000000000000000000e+00,-7.384418009783114654e-03,0.000000000000000000e+00,-0.000000000000000000e+00
-0.000000000000000000e+00,-0.000000000000000000e+00,-6.408643980157091580e-01,-0.000000000000000000e+00,-1.328971809986138342e-01,0.000000000000000000e+00,-0.000000000000000000e+00,2.608012650020400183e-02,-5.968103387037433372e-01,-0.000000000000000000e+00,0.000000000000000000e+00,-0.000000000000000000e+00,0.000000000000000000e+00,-3.417172800987117731e-01,-0.000000000000000000e+00,-0.000000000000000000e+00,-0.000000000000000000e+00,-1.086821056060880732e-02,-0.000000000000000000e+00,-0.000000000000000000e+00,-1.806869386563449698e-01,-0.000000000000000000e+00,-0.000000000000000000e+00,-3.326399624363989699e-02,-4.412471747922636078e-01,-1.641776396621391354e-01,-0.000000000000000000e+00,-0.000000000000000000e+00,-0.000000000000000000e+00,-0.000000000000000000e+00,-0.000000000000000000e+00,0.000000000000000000e+00,-0.000000000000000000e+00,2.559150759409186460e+00,0.000000000000000000e+00,-1.095073236500177481e-02,0.000000000000000000e+00,-0.000000000000000000e+00,-0.000000000000000000e+00
0.000000000000000000e+00,-0.000000000000000000e+00,0.000000000000000000e+00,0.000000000000000000e+00,-0.000000000000000000e+00,-6.593487681218841434e-01,-0.000000000000000000e+00,0.000000000000000000e+00,0.000000000000000000e+00,0.000000000000000000e+00,-3.404910234957306825e-01,2.336373170707368718e-01,9.735284275738101054e-03,0.000000000000000000e+00,7.101050887601083328e-02,0.000000000000000000e+00,-0.000000000000000000e+00,7.445271719508556041e-02,0.000000000000000000e+00,-3.263891205174145049e-02,-0.000000000000000000e+00,0.000000000000000000e+00,0.000000000000000000e+00,0.000000000000000000e+00,6.867275496425642722e-02,-0.000000000000000000e+00,-0.000000000000000000e+00,-0.000000000000000000e+00,-0.000000000000000000e+00,0.000000000000000000e+00,-0.000000000000000000e+00,-0.000000000000000000e+00,-0.000000000000000000e+00,0.000000000000000000e+00,1.921160757134128705e+00,0.000000000000000000e+00,-3.299581800237503804e-01,5.052462291590314319e-02,7.292001197629131848e-02
-0.000000000000000000e+00,-0.000000000000000000e+00,-9.954526147664928548e-02,-3.750182369283106693e-02,-1.537079120892640705e-01,0.000000000000000000e+00,-2.344706247763848200e-02,0.000000000000000000e+00,-0.000000000000000000e+00,-4.730543195487162123e-02,0.000000000000000000e+00,-0.000000000000000000e+00,-0.000000000000000000e+00,-1.703929909858626079e-01,-1.933764576912960689e-03,-2.907821427896641886e-01,-0.000000000000000000e+00,-0.000000000000000000e+00,-0.000000000000000000e+00,-7.450705657803835535e-02,-0.000000000000000000e+00,-0.000000000000000000e+00,-0.000000000000000000e+00,-3.102550909148638625e-01,-9.827371657498572277e-02,-1.083847435539334568e-02,-0.000000000000000000e+00,-0.000000000000000000e+00,-0.000000000000000000e+00,-1.006492737921485178e-02,-0.000000000000000000e+00,-0.000000000000000000e+00,-0.000000000000000000e+00,-1.095073236500177481e-02,0.000000000000000000e+00,1.566799282930244397e+00,-0.000000000000000000e+00,-0.000000000000000000e+00,-0.000000000000000000e+00
-0.000000000000000000e+00,-0.000000000000000000e+00,0.000000000000000000e+00,-0.000000000000000000e+00,-0.000000000000000000e+00,-1.029517390212411065e-01,-0.000000000000000000e+00,0.000000000000000000e+00,-0.000000000000000000e+00,-0.000000000000000000e+00,-0.000000000000000000e+00,0.000000000000000000e+00,-0.000000000000000000e+00,-0.000000000000000000e+00,-0.000000000000000000e+00,0.000000000000000000e+00,-0.000000000000000000e+00,-0.000000000000000000e+00,-7.182495304033675518e-03,-0.000000000000000000e+00,-0.000000000000000000e+00,-0.000000000000000000e+00,0.000000000000000000e+00,0.000000000000000000e+00,0.000000000000000000e+00,-0.000000000000000000e+00,-0.000000000000000000e+00,-0.000000000000000000e+00,-1.632866244552724500e-01,-0.000000000000000000e+00,-0.000000000000000000e+00,-7.956089095085056018e-01,-7.384418009783114654e-03,0.000000000000000000e+00,-3.299581800237503804e-01,-0.000000000000000000e+00,1.643536026848000597e+00,0.000000000000000000e+00,0.000000000000000000e+00
-4.694363664744518050e-01,-0.000000000000000000e+00,-0.000000000000000000e+00,-0.000000000000000000e+00,-0.000000000000000000e+00,1.842042692067830389e-01,0.000000000000000000e+00,-0.000000000000000000e+00,-0.000000000000000000e+00,-1.100187484418830262e-02,0.000000000000000000e+00,-1.989584251580207852e-01,-0.000000000000000000e+00,-0.000000000000000000e+00,-4.504096435337993087e-01,-3.524312162705732221e-01,-0.000000000000000000e+00,-0.000000000000000000e+00,-0.000000000000000000e+00,0.000000000000000000e+00,0.000000000000000000e+00,-0.000000000000000000e+00,-9.247953071955576643e-02,-0.000000000000000000e+00,-0.000000000000000000e+00,-8.057488051244661442e-02,-0.000000000000000000e+00,-0.000000000000000000e+00,-4.649221869310579680e-02,-1.376271229531656204e-01,-0.000000000000000000e+00,0.000000000000000000e+00,0.000000000000000000e+00,-0.000000000000000000e+00,5.052462291590314319e-02,-0.000000000000000000e+00,0.000000000000000000e+00,2.826819328127403441e+00,-8.875340431399086905e-01
-2.283197199513406495e-02,-0.000000000000000000e+00,-0.000000000000000000e+00,-0.000000000000000000e+00,-0.000000000000000000e+00,1.193748577181729872e-02,-0.000000000000000000e+00,-0.000000000000000000e+00,-3.282194742661410647e-01,-1.374305532296241361e-01,0.000000000000000000e+00,-4.292885014363060914e-01,-0.000000000000000000e+00,-0.000000000000000000e+00,-1.620744415642653702e-01,-0.000000000000000000e+00,-0.000000000000000000e+00,-0.000000000000000000e+00,-5.953603302793663427e-03,0.000000000000000000e+00,0.000000000000000000e+00,-0.000000000000000000e+00,-2.510844414328928798e-01,-0.000000000000000000e+00,-0.000000000000000000e+00,-0.000000000000000000e+00,-1.131534361602781480e-01,-0.000000000000000000e+00,-0.000000000000000000e+00,-2.579742566921251062e-02,-0.000000000000000000e+00,-0.000000000000000000e+00,-0.000000000000000000e+00,-0.000000000000000000e+00,7.292001197629131848e-02,-0.000000000000000000e+00,0.000000000000000000e+00,-8.875340431399086905e-01,2.496096270465991473e+00
