1.449046351942346877e+00,-4.572477455530246093e-01,-0.000000000000000000e+00,-0.000000000000000000e+00,-0.000000000000000000e+00,-0.000000000000000000e+00,-0.000000000000000000e+00,0.000000000000000000e+00,-0.000000000000000000e+00,-0.000000000000000000e+00,-0.000000000000000000e+00,0.000000000000000000e+00,-0.000000000000000000e+00,-0.000000000000000000e+00,-0.000000000000000000e+00,-3.584660835049033323e-02,-0.000000000000000000e+00,-0.000000000000000000e+00,-0.000000000000000000e+00,0.000000000000000000e+00,-0.000000000000000000e+00,0.000000000000000000e+00,-0.000000000000000000e+00,-0.000000000000000000e+00,-1.477180092073523687e-01,-4.984626106127413303e-01,0.000000000000000000e+00,-0.000000000000000000e+00,-0.000000000000000000e+00,-1.078027021669144270e-01,-0.000000000000000000e+00,-0.000000000000000000e+00,-0.000000000000000000e+00,-0.000000000000000000e+00,0.000000000000000000e+00,-0.000000000000000000e+00,0.000000000000000000e+00,-0.000000000000000000e+00,-0.000000000000000000e+00
-4.572477455530246093e-01,1.275209357718629422e+00,0.000000000000000000e+00,0.000000000000000000e+00,0.000000000000000000e+00,-1.377824209422255641e-01,-0.000000000000000000e+00,-0.000000000000000000e+00,0.000000000000000000e+00,-0.000000000000000000e+00,-0.000000000000000000e+00,9.001261491751443022e-02,-5.447626642422320753e-02,0.000000000000000000e+00,0.000000000000000000e+00,0.000000000000000000e+00,-0.000000000000000000e+00,-0.000000000000000000e+00,0.000000000000000000e+00,-0.000000000000000000e+00,-0.000000000000000000e+00,1.847438596817401468e-01,0.000000000000000000e+00,0.000000000000000000e+00,-3.719984539681154417e-02,-0.000000000000000000e+00,2.666026382452017437e-02,0.000000000000000000e+00,-0.000000000000000000e+00,-0.000000000000000000e+00,0.000000000000000000e+00,0.000000000000000000e+00,0.000000000000000000e+00,0.000000000000000000e+00,0.000000000000000000e+00,-5.349550098871143355e-02,4.246350462180905477e-02,0.000000000000000000e+00,0.000000000000000000e+00
-0.000000000000000000e+00,0.000000000000000000e+00,2.696673572326804269e+00,-2.167910631188377513e-01,-3.071588035278358109e-01,0.000000000000000000e+00,0.000000000000000000e+00,6.608512319473522911e-01,-1.465974982170176466e-01,-0.000000000000000000e+00,0.000000000000000000e+00,-0.000000000000000000e+00,0.000000000000000000e+00,-0.000000000000000000e+00,-0.000000000000000000e+00,-5.636214981676963831e-02,0.000000000000000000e+00,-0.000000000000000000e+00,-1.100934556956656013e-01,0.000000000000000000e+00,-2.474308756660645592e-01,-0.000000000000000000e+00,-5.557335849329998051e-02,-5.293585245966313940e-02,-0.000000000000000000e+00,-0.000000000000000000e+00,-2.209373467456611853e-02,-2.392958994566307118e-01,-0.000000000000000000e+00,-0.000000000000000000e+00,-5.429446344181605433e-01,-0.000000000000000000e+00,-1.254313572701823420e-01,-8.155221416234573195e-02,-0.000000000000000000e+00,0.000000000000000000e+00,-0.000000000000000000e+00,-0.000000000000000000e+00,-9.834500236592008671e-02
-0.000000000000000000e+00,0.000000000000000000e+00,-2.167910631188377513e-01,1.613973971851760059e+00,-4.563412993453022648e-02,0.000000000000000000e+00,0.000000000000000000e+00,0.000000000000000000e+00,-1.249735928494607462e-01,-0.000000000000000000e+00,-0.000000000000000000e+00,-8.421039661347601291e-02,0.000000000000000000e+00,-0.000000000000000000e+00,0.000000000000000000e+00,-0.000000000000000000e+00,0.000000000000000000e+00,-0.000000000000000000e+00,-1.251477759362530084e-01,0.000000000000000000e+00,-8.933592554927723139e-02,-9.945874552297942484e-02,-0.000000000000000000e+00,-0.000000000000000000e+00,-0.000000000000000000e+00,-0.000000000000000000e+00,-3.265665274133804780e-02,-2.453655056259042011e-01,0.000000000000000000e+00,-0.000000000000000000e+00,-2.906519164240718434e-01,-0.000000000000000000e+00,-0.000000000000000000e+00,-0.000000000000000000e+00,0.000000000000000000e+00,0.000000000000000000e+00,-0.000000000000000000e+00,-0.000000000000000000e+00,-0.000000000000000000e+00
-0.000000000000000000e+00,0.000000000000000000e+00,-3.071588035278358109e-01,-4.563412993453022648e-02,2.012859584988729189e+00,0.000000000000000000e+00,0.000000000000000000e+00,4.453793969428982424e-01,-4.988845575674031446e-02,-0.000000000000000000e+00,-0.000000000000000000e+00,-0.000000000000000000e+00,0.000000000000000000e+00,-6.215396514087746099e-02,-0.000000000000000000e+00,-1.741032759187209067e-01,-0.000000000000000000e+00,-0.000000000000000000e+00,-6.221590571601395836e-02,0.000000000000000000e+00,-6.438072215538875875e-02,-0.000000000000000000e+00,-0.000000000000000000e+00,-1.681925111464698253e-01,-0.000000000000000000e+00,-1.992966411619815081e-01,-0.000000000000000000e+00,-6.789345122294818125e-02,-0.000000000000000000e+00,-1.000038082543591028e-01,-0.000000000000000000e+00,-0.000000000000000000e+00,-0.000000000000000000e+00,-2.412240059105335843e-01,-0.000000000000000000e+00,0.000000000000000000e+00,-0.000000000000000000e+00,-0.000000000000000000e+00,-1.089694322398544486e-03
-0.000000000000000000e+00,-1.377824209422255641e-01,0.000000000000000000e+00,0.000000000000000000e+00,0.000000000000000000e+00,1.907673375997884779e+00,-0.000000000000000000e+00,-0.000000000000000000e+00,8.709550450380793007e-02,0.000000000000000000e+00,-4.470325104099968083e-01,4.999253989709968038e-01,-0.000000000000000000e+00,0.000000000000000000e+00,0.000000000000000000e+00,0.000000000000000000e+00,-2.248511768424290430e-02,0.000000000000000000e+00,4.034167770420755278e-02,-0.000000000000000000e+00,0.000000000000000000e+00,3.273818550619213008e-01,3.144189115437400449e-03,0.000000000000000000e+00,0.000000000000000000e+00,0.000000000000000000e+00,3.739047702925761274e-01,0.000000000000000000e+00,-0.000000000000000000e+00,0.000000000000000000e+00,0.000000000000000000e+00,0.000000000000000000e+00,0.000000000000000000e+00,0.000000000000000000e+00,-0.000000000000000000e+00,-5.576438357023552617e-02,0.000000000000000000e+00,0.000000000000000000e+00,0.000000000000000000e+00
-0.000000000000000000e+00,-0.000000000000000000e+00,0.000000000000000000e+00,0.000000000000000000e+00,0.000000000000000000e+00,-0.000000000000000000e+00,1.696941967396898843e+00,-0.000000000000000000e+00,0.000000000000000000e+00,0.000000000000000000e+00,-0.000000000000000000e+00,3.937829782861857475e-01,-7.189642574324088542e-02,0.000000000000000000e+00,0.000000000000000000e+00,0.000000000000000000e+00,-0.000000000000000000e+00,0.000000000000000000e+00,0.000000000000000000e+00,-0.000000000000000000e+00,0.000000000000000000e+00,0.000000000000000000e+00,7.305153292232519080e-02,0.000000000000000000e+00,0.000000000000000000e+00,0.000000000000000000e+00,8.467064633903632898e-02,0.000000000000000000e+00,-0.000000000000000000e+00,-0.000000000000000000e+00,3.261794378567750563e-02,0.000000000000000000e+00,2.037609558091475204e-01,5.979154187089758161e-03,0.000000000000000000e+00,-0.000000000000000000e+00,1.794286989926991219e-02,0.000000000000000000e+00,4.796490104466694104e-01
0.000000000000000000e+00,-0.000000000000000000e+00,6.608512319473522911e-01,0.000000000000000000e+00,4.453793969428982424e-01,-0.000000000000000000e+00,-0.000000000000000000e+00,2.218563958515861412e+00,6.421321768683060927e-02,0.000000000000000000e+00,-0.000000000000000000e+00,0.000000000000000000e+00,-0.000000000000000000e+00,1.315617784929503375e-01,-0.000000000000000000e+00,0.000000000000000000e+00,0.000000000000000000e+00,0.000000000000000000e+00,2.363750434981884974e-01,-0.000000000000000000e+00,5.885093216715141240e-02,0.000000000000000000e+00,0.000000000000000000e+00,2.350946168254310076e-01,6.208938600914081646e-02,1.524929921201745031e-01,0.000000000000000000e+00,0.000000000000000000e+00,0.000000000000000000e+00,7.743192277038640770e-02,0.000000000000000000e+00,0.000000000000000000e+00,0.000000000000000000e+00,1.110449128351757991e-01,0.000000000000000000e+00,-0.000000000000000000e+00,0.000000000000000000e+00,0.000000000000000000e+00,0.000000000000000000e+00
-0.000000000000000000e+00,0.000000000000000000e+00,-1.465974982170176466e-01,-1.249735928494607462e-01,-4.988845575674031446e-02,8.709550450380793007e-02,0.000000000000000000e+00,6.421321768683060927e-02,2.296396513307320308e+00,-0.000000000000000000e+00,0.000000000000000000e+00,-8.255241825928499172e-03,0.000000000000000000e+00,-3.220411271811546988e-02,-5.210843106157245913e-02,-1.974916794087931970e-01,0.000000000000000000e+00,-8.724651473317568406e-02,-1.482267982651795379e-01,0.000000000000000000e+00,-0.000000000000000000e+00,-0.000000000000000000e+00,-4.601422442949443803e-01,-0.000000000000000000e+00,-7.212563283219311505e-02,-1.387016778001561590e-01,-0.000000000000000000e+00,-0.000000000000000000e+00,-0.000000000000000000e+00,-1.640737291861102398e-01,-0.000000000000000000e+00,-0.000000000000000000e+00,-0.000000000000000000e+00,-5.485559200152516635e-01,-0.000000000000000000e+00,0.000000000000000000e+00,-0.000000000000000000e+00,-0.000000000000000000e+00,-1.667282113464206572e-01
-0.000000000000000000e+00,-0.000000000000000000e+00,-0.000000000000000000e+00,-0.000000000000000000e+00,-0.000000000000000000e+00,0.000000000000000000e+00,0.000000000000000000e+00,0.000000000000000000e+00,-0.000000000000000000e+00,1.497631482775721778e+00,-0.000000000000000000e+00,-0.000000000000000000e+00,0.000000000000000000e+00,-0.000000000000000000e+00,-2.538500185207956741e-02,-6.418960407718381500e-01,-0.000000000000000000e+00,-5.388847643736137394e-02,-0.000000000000000000e+00,2.533730466272709689e-02,-0.000000000000000000e+00,-0.000000000000000000e+00,-1.226199453704703013e-01,-0.000000000000000000e+00,-0.000000000000000000e+00,-0.000000000000000000e+00,-0.000000000000000000e+00,-0.000000000000000000e+00,-0.000000000000000000e+00,-1.335308673546033997e-01,-0.000000000000000000e+00,-1.483294273338766622e-01,-0.000000000000000000e+00,-0.000000000000000000e+00,0.000000000000000000e+00,-9.556687926308607417e-03,-0.000000000000000000e+00,-0.000000000000000000e+00,-0.000000000000000000e+00
-0.000000000000000000e+00,-0.000000000000000000e+00,0.000000000000000000e+00,-0.000000000000000000e+00,-0.000000000000000000e+00,-4.470325104099968083e-01,-0.000000000000000000e+00,-0.000000000000000000e+00,0.000000000000000000e+00,-0.000000000000000000e+00,1.289947503178301202e+00,0.000000000000000000e+00,0.000000000000000000e+00,-0.000000000000000000e+00,0.000000000000000000e+00,0.000000000000000000e+00,-3.259156609727728582e-01,0.000000000000000000e+00,0.000000000000000000e+00,0.000000000000000000e+00,-0.000000000000000000e+00,0.000000000000000000e+00,0.000000000000000000e+00,-0.000000000000000000e+00,0.000000000000000000e+00,-0.000000000000000000e+00,0.000000000000000000e+00,0.000000000000000000e+00,-0.000000000000000000e+00,-0.000000000000000000e+00,-0.000000000000000000e+00,-0.000000000000000000e+00,0.000000000000000000e+00,0.000000000000000000e+00,0.000000000000000000e+00,-1.293914682192955079e-01,-0.000000000000000000e+00,-0.000000000000000000e+00,0.000000000000000000e+00
0.000000000000000000e+00,9.001261491751443022e-02,-0.000000000000000000e+00,-8.421039661347601291e-02,-0.000000000000000000e+00,4.999253989709968038e-01,3.937829782861857475e-01,0.000000000000000000e+00,-8.255241825928499172e-03,-0.000000000000000000e+00,0.000000000000000000e+00,2.802998041696934894e+00,0.000000000000000000e+00,-0.000000000000000000e+00,-7.805101544267603608e-02,-1.451504618209520890e-02,0.000000000000000000e+00,-0.000000000000000000e+00,-0.000000000000000000e+00,0.000000000000000000e+00,-0.000000000000000000e+00,-2.900794683460725110e-01,-1.731903652165205643e-01,-0.000000000000000000e+00,-0.000000000000000000e+00,-0.000000000000000000e+00,-4.897809745988780383e-01,-3.965392117900271712e-02,0.000000000000000000e+00,0.000000000000000000e+00,-2.338319983390221846e-01,-1.065758046657073327e-01,-2.034927921161301667e-01,-0.000000000000000000e+00,-0.000000000000000000e+00,0.000000000000000000e+00,-0.000000000000000000e+00,-0.000000000000000000e+00,-5.236565658222049890e-01
-0.000000000000000000e+00,-5.447626642422320753e-02,0.000000000000000000e+00,0.000000000000000000e+00,0.000000000000000000e+00,-0.000000000000000000e+00,-7.189642574324088542e-02,-0.000000000000000000e+00,0.000000000000000000e+00,0.000000000000000000e+00,0.000000000000000000e+00,0.000000000000000000e+00,1.089256041415165077e+00,0.000000000000000000e+00,0.000000000000000000e+00,0.000000000000000000e+00,-0.000000000000000000e+00,-0.000000000000000000e+00,0.000000000000000000e+00,-0.000000000000000000e+00,0.000000000000000000e+00,0.000000000000000000e+00,0.000000000000000000e+00,0.000000000000000000e+00,-0.000000000000000000e+00,-0.000000000000000000e+00,0.000000000000000000e+00,0.000000000000000000e+00,-0.000000000000000000e+00,-0.000000000000000000e+00,1.795586204190836588e-01,1.166187507588524047e-01,0.000000000000000000e+00,0.000000000000000000e+00,0.000000000000000000e+00,0.000000000000000000e+00,0.000000000000000000e+00,0.000000000000000000e+00,0.000000000000000000e+00
-0.000000000000000000e+00,0.000000000000000000e+00,-0.000000000000000000e+00,-0.000000000000000000e+00,-6.215396514087746099e-02,0.000000000000000000e+00,0.000000000000000000e+00,1.315617784929503375e-01,-3.220411271811546988e-02,-0.000000000000000000e+00,-0.000000000000000000e+00,-0.000000000000000000e+00,0.000000000000000000e+00,1.713021835762809975e+00,-0.000000000000000000e+00,-0.000000000000000000e+00,-0.000000000000000000e+00,-0.000000000000000000e+00,-1.305765900701843507e-01,-0.000000000000000000e+00,-0.000000000000000000e+00,-0.000000000000000000e+00,-2.171169245065805997e-01,-5.239926215564773004e-01,-1.006482112572329446e-01,-0.000000000000000000e+00,-0.000000000000000000e+00,-0.000000000000000000e+00,-0.000000000000000000e+00,-0.000000000000000000e+00,-0.000000000000000000e+00,-0.000000000000000000e+00,-0.000000000000000000e+00,-1.962232339256771707e-01,-0.000000000000000000e+00,0.000000000000000000e+00,-1.792509700742214440e-01,-0.000000000000000000e+00,-0.000000000000000000e+00
-0.000000000000000000e+00,0.000000000000000000e+00,-0.000000000000000000e+00,0.000000000000000000e+00,-0.000000000000000000e+00,0.000000000000000000e+00,0.000000000000000000e+00,-0.000000000000000000e+00,-5.210843106157245913e-02,-2.538500185207956741e-02,0.000000000000000000e+00,-7.805101544267603608e-02,0.000000000000000000e+00,-0.000000000000000000e+00,1.060621143911875119e+00,-0.000000000000000000e+00,-0.000000000000000000e+00,-0.000000000000000000e+00,-0.000000000000000000e+00,0.000000000000000000e+00,-0.000000000000000000e+00,-0.000000000000000000e+00,-1.292619928910405391e-01,-0.000000000000000000e+00,-0.000000000000000000e+00,-0.000000000000000000e+00,-0.000000000000000000e+00,-0.000000000000000000e+00,-0.000000000000000000e+00,-0.000000000000000000e+00,-0.000000000000000000e+00,-0.000000000000000000e+00,-0.000000000000000000e+00,-0.000000000000000000e+00,-0.000000000000000000e+00,-0.000000000000000000e+00,-0.000000000000000000e+00,-6.334497179381572141e-02,-0.000000000000000000e+00
-3.584660835049033323e-02,0.000000000000000000e+00,-5.636214981676963831e-02,-0.000000000000000000e+00,-1.741032759187209067e-01,0.000000000000000000e+00,0.000000000000000000e+00,0.000000000000000000e+00,-1.974916794087931970e-01,-6.418960407718381500e-01,0.000000000000000000e+00,-1.451504618209520890e-02,0.000000000000000000e+00,-0.000000000000000000e+00,-0.000000000000000000e+00,2.156644384899976785e+00,-0.000000000000000000e+00,-0.000000000000000000e+00,-2.066148771352182278e-01,0.000000000000000000e+00,-2.638693627122684626e-02,-0.000000000000000000e+00,-2.514343443601996797e-01,-2.173158491567795947e-01,-1.816378430952149750e-02,-2.973063899954750747e-02,-1.655081488535649001e-02,-1.215999893620405697e-01,-0.000000000000000000e+00,-0.000000000000000000e+00,-1.618027340476951292e-01,-0.000000000000000000e+00,-0.000000000000000000e+00,-1.995753633097171326e-03,-0.000000000000000000e+00,-0.000000000000000000e+00,-0.000000000000000000e+00,-0.000000000000000000e+00,-1.506613306839544031e-01
-0.000000000000000000e+00,-0.000000000000000000e+00,0.000000000000000000e+00,0.000000000000000000e+00,-0.000000000000000000e+00,-2.248511768424290430e-02,-0.000000000000000000e+00,0.000000000000000000e+00,0.000000000000000000e+00,-0.000000000000000000e+00,-3.259156609727728582e-01,0.000000000000000000e+00,-0.000000000000000000e+00,-0.000000000000000000e+00,-0.000000000000000000e+00,-0.000000000000000000e+00,1.209368601498432838e+00,0.000000000000000000e+00,0.000000000000000000e+00,0.000000000000000000e+00,-0.000000000000000000e+00,0.000000000000000000e+00,-0.000000000000000000e+00,-2.664784561423415906e-03,0.000000000000000000e+00,-3.005052030541492669e-02,0.000000000000000000e+00,0.000000000000000000e+00,-3.447794795922387578e-01,-0.000000000000000000e+00,0.000000000000000000e+00,-0.000000000000000000e+00,0.000000000000000000e+00,0.000000000000000000e+00,-0.000000000000000000e+00,-0.000000000000000000e+00,-0.000000000000000000e+00,-6.087681533990210725e-03,0.000000000000000000e+00
-0.000000000000000000e+00,-0.000000000000000000e+00,-0.000000000000000000e+00,-0.000000000000000000e+00,-0.000000000000000000e+00,0.000000000000000000e+00,0.000000000000000000e+00,0.000000000000000000e+00,-8.724651473317568406e-02,-5.388847643736137394e-02,0.000000000000000000e+00,-0.000000000000000000e+00,-0.000000000000000000e+00,-0.000000000000000000e+00,-0.000000000000000000e+00,-0.000000000000000000e+00,0.000000000000000000e+00,1.261331741148592256e+00,-2.378508847770223755e-01,0.000000000000000000e+00,-0.000000000000000000e+00,-0.000000000000000000e+00,-0.000000000000000000e+00,-0.000000000000000000e+00,-1.018472384893388122e-01,-0.000000000000000000e+00,-0.000000000000000000e+00,-0.000000000000000000e+00,-0.000000000000000000e+00,-2.691810921397786993e-01,0.000000000000000000e+00,0.000000000000000000e+00,-0.000000000000000000e+00,-4.796956615905891702e-02,0.000000000000000000e+00,0.000000000000000000e+00,0.000000000000000000e+00,-3.978247022398215954e-02,-0.000000000000000000e+00
-0.000000000000000000e+00,0.000000000000000000e+00,-1.100934556956656013e-01,-1.251477759362530084e-01,-6.221590571601395836e-02,4.034167770420755278e-02,0.000000000000000000e+00,2.363750434981884974e-01,-1.482267982651795379e-01,-0.000000000000000000e+00,0.000000000000000000e+00,-0.000000000000000000e+00,0.000000000000000000e+00,-1.305765900701843507e-01,-0.000000000000000000e+00,-2.066148771352182278e-01,0.000000000000000000e+00,-2.378508847770223755e-01,1.673505110553711761e+00,-0.000000000000000000e+00,-0.000000000000000000e+00,-0.000000000000000000e+00,-9.768450099509271012e-02,-0.000000000000000000e+00,-3.090144465656494491e-02,-0.000000000000000000e+00,-0.000000000000000000e+00,-0.000000000000000000e+00,0.000000000000000000e+00,-6.956149794792033936e-02,-0.000000000000000000e+00,-0.000000000000000000e+00,-0.000000000000000000e+00,-0.000000000000000000e+00,0.000000000000000000e+00,7.946466268460800064e-02,-0.000000000000000000e+00,-0.000000000000000000e+00,-7.618979332226141765e-02
0.000000000000000000e+00,-0.000000000000000000e+00,0.000000000000000000e+00,0.000000000000000000e+00,0.000000000000000000e+00,-0.000000000000000000e+00,-0.000000000000000000e+00,-0.000000000000000000e+00,0.000000000000000000e+00,2.533730466272709689e-02,0.000000000000000000e+00,0.000000000000000000e+00,-0.000000000000000000e+00,-0.000000000000000000e+00,0.000000000000000000e+00,0.000000000000000000e+00,0.000000000000000000e+00,0.000000000000000000e+00,-0.000000000000000000e+00,1.041565384374180336e+00,2.222563858119586816e-02,-0.000000000000000000e+00,0.000000000000000000e+00,0.000000000000000000e+00,-0.000000000000000000e+00,0.000000000000000000e+00,0.000000000000000000e+00,5.050775389825346018e-02,0.000000000000000000e+00,0.000000000000000000e+00,0.000000000000000000e+00,1.516254985637577046e-01,0.000000000000000000e+00,0.000000000000000000e+00,0.000000000000000000e+00,8.191394186421595280e-02,0.000000000000000000e+00,0.000000000000000000e+00,0.000000000000000000e+00
-0.000000000000000000e+00,-0.000000000000000000e+00,-2.474308756660645592e-01,-8.933592554927723139e-02,-6.438072215538875875e-02,0.000000000000000000e+00,0.000000000000000000e+00,5.885093216715141240e-02,-0.000000000000000000e+00,-0.000000000000000000e+00,-0.000000000000000000e+00,-0.000000000000000000e+00,0.000000000000000000e+00,-0.000000000000000000e+00,-0.000000000000000000e+00,-2.638693627122684626e-02,-0.000000000000000000e+00,-0.000000000000000000e+00,-0.000000000000000000e+00,2.222563858119586816e-02,1.555427716021454687e+00,-0.000000000000000000e+00,-0.000000000000000000e+00,-9.534144521304589726e-02,-0.000000000000000000e+00,-0.000000000000000000e+00,-0.000000000000000000e+00,-3.568605306206062422e-01,0.000000000000000000e+00,-0.000000000000000000e+00,-2.550252214169460574e-01,-0.000000000000000000e+00,-0.000000000000000000e+00,-0.000000000000000000e+00,-0.000000000000000000e+00,-0.000000000000000000e+00,-0.000000000000000000e+00,-0.000000000000000000e+00,-0.000000000000000000e+00
0.000000000000000000e+00,1.847438596817401468e-01,-0.000000000000000000e+00,-9.945874552297942484e-02,-0.000000000000000000e+00,3.273818550619213008e-01,0.000000000000000000e+00,0.000000000000000000e+00,-0.000000000000000000e+00,-0.000000000000000000e+00,0.000000000000000000e+00,-2.900794683460725110e-01,0.000000000000000000e+00,-0.000000000000000000e+00,-0.000000000000000000e+00,-0.000000000000000000e+00,0.000000000000000000e+00,-0.000000000000000000e+00,-0.000000000000000000e+00,-0.000000000000000000e+00,-0.000000000000000000e+00,1.511002009886392550e+00,-0.000000000000000000e+00,-0.000000000000000000e+00,0.000000000000000000e+00,-0.000000000000000000e+00,-2.428712606263285501e-01,-1.607563098750083158e-02,0.000000000000000000e+00,0.000000000000000000e+00,-0.000000000000000000e+00,-0.000000000000000000e+00,-0.000000000000000000e+00,-0.000000000000000000e+00,0.000000000000000000e+00,0.000000000000000000e+00,-0.000000000000000000e+00,-0.000000000000000000e+00,-3.570009091580562954e-02
-0.000000000000000000e+00,0.000000000000000000e+00,-5.557335849329998051e-02,-0.000000000000000000e+00,-0.000000000000000000e+00,3.144189115437400449e-03,7.305153292232519080e-02,0.000000000000000000e+00,-4.601422442949443803e-01,-1.226199453704703013e-01,0.000000000000000000e+00,-1.731903652165205643e-01,0.000000000000000000e+00,-2.171169245065805997e-01,-1.292619928910405391e-01,-2.514343443601996797e-01,-0.000000000000000000e+00,-0.000000000000000000e+00,-9.768450099509271012e-02,0.000000000000000000e+00,-0.000000000000000000e+00,-0.000000000000000000e+00,1.953549423954600517e+00,-0.000000000000000000e+00,-0.000000000000000000e+00,-0.000000000000000000e+00,-1.124826769609057198e-01,-0.000000000000000000e+00,0.000000000000000000e+00,-0.000000000000000000e+00,-0.000000000000000000e+00,-6.189732435833585240e-03,-0.000000000000000000e+00,-1.327633765406038557e-01,0.000000000000000000e+00,0.000000000000000000e+00,-0.000000000000000000e+00,-0.000000000000000000e+00,-1.394472036409544202e-01
-0.000000000000000000e+00,0.000000000000000000e+00,-5.293585245966313940e-02,-0.000000000000000000e+00,-1.681925111464698253e-01,0.000000000000000000e+00,0.000000000000000000e+00,2.350946168254310076e-01,-0.000000000000000000e+00,-0.000000000000000000e+00,-0.000000000000000000e+00,-0.000000000000000000e+00,0.000000000000000000e+00,-5.239926215564773004e-01,-0.000000000000000000e+00,-2.173158491567795947e-01,-2.664784561423415906e-03,-0.000000000000000000e+00,-0.000000000000000000e+00,0.000000000000000000e+00,-9.534144521304589726e-02,-0.000000000000000000e+00,-0.000000000000000000e+00,1.813008439932643379e+00,-1.626297782826524041e-01,-2.406316425828355920e-01,-0.000000000000000000e+00,-0.000000000000000000e+00,-0.000000000000000000e+00,-0.000000000000000000e+00,-0.000000000000000000e+00,-0.000000000000000000e+00,-0.000000000000000000e+00,-0.000000000000000000e+00,-0.000000000000000000e+00,0.000000000000000000e+00,-2.086447910455103191e-03,-0.000000000000000000e+00,-0.000000000000000000e+00
-1.477180092073523687e-01,-3.719984539681154417e-02,-0.000000000000000000e+00,-0.000000000000000000e+00,-0.000000000000000000e+00,0.000000000000000000e+00,0.000000000000000000e+00,6.208938600914081646e-02,-7.212563283219311505e-02,-0.000000000000000000e+00,0.000000000000000000e+00,-0.000000000000000000e+00,-0.000000000000000000e+00,-1.006482112572329446e-01,-0.000000000000000000e+00,-1.816378430952149750e-02,0.000000000000000000e+00,-1.018472384893388122e-01,-3.090144465656494491e-02,-0.000000000000000000e+00,-0.000000000000000000e+00,0.000000000000000000e+00,-0.000000000000000000e+00,-1.626297782826524041e-01,1.437445239069296221e+00,-1.346785792854438002e-01,-0.000000000000000000e+00,-0.000000000000000000e+00,-0.000000000000000000e+00,-6.110163487923871151e-02,-0.000000000000000000e+00,0.000000000000000000e+00,-0.000000000000000000e+00,-2.990964387048541950e-01,-0.000000000000000000e+00,0.000000000000000000e+00,-0.000000000000000000e+00,-0.000000000000000000e+00,-0.000000000000000000e+00
-4.984626106127413303e-01,-0.000000000000000000e+00,-0.000000000000000000e+00,-0.000000000000000000e+00,-1.992966411619815081e-01,0.000000000000000000e+00,0.000000000000000000e+00,1.524929921201745031e-01,-1.387016778001561590e-01,-0.000000000000000000e+00,-0.000000000000000000e+00,-0.000000000000000000e+00,-0.000000000000000000e+00,-0.000000000000000000e+00,-0.000000000000000000e+00,-2.973063899954750747e-02,-3.005052030541492669e-02,-0.000000000000000000e+00,-0.000000000000000000e+00,0.000000000000000000e+00,-0.000000000000000000e+00,-0.000000000000000000e+00,-0.000000000000000000e+00,-2.406316425828355920e-01,-1.346785792854438002e-01,1.840532680470170934e+00,-0.000000000000000000e+00,-1.561995357235630710e-01,-2.418338944658832701e-01,-1.674573975957860048e-02,-0.000000000000000000e+00,-0.000000000000000000e+00,-0.000000000000000000e+00,-4.148320821906351097e-02,-0.000000000000000000e+00,0.000000000000000000e+00,-0.000000000000000000e+00,-2.696706153368619852e-01,-0.000000000000000000e+00
0.000000000000000000e+00,2.666026382452017437e-02,-2.209373467456611853e-02,-3.265665274133804780e-02,-0.000000000000000000e+00,3.739047702925761274e-01,8.467064633903632898e-02,0.000000000000000000e+00,-0.000000000000000000e+00,-0.000000000000000000e+00,0.000000000000000000e+00,-4.897809745988780383e-01,0.000000000000000000e+00,-0.000000000000000000e+00,-0.000000000000000000e+00,-1.655081488535649001e-02,0.000000000000000000e+00,-0.000000000000000000e+00,-0.000000000000000000e+00,0.000000000000000000e+00,-0.000000000000000000e+00,-2.428712606263285501e-01,-1.124826769609057198e-01,-0.000000000000000000e+00,-0.000000000000000000e+00,-0.000000000000000000e+00,2.514000622913101335e+00,-1.574982376318972976e-01,0.000000000000000000e+00,0.000000000000000000e+00,-4.201736808141570134e-01,-4.332611759829612108e-01,-1.362924217966461349e-01,-0.000000000000000000e+00,-0.000000000000000000e+00,0.000000000000000000e+00,-0.000000000000000000e+00,-0.000000000000000000e+00,-1.733218080367443792e-01
-0.000000000000000000e+00,0.000000000000000000e+00,-2.392958994566307118e-01,-2.453655056259042011e-01,-6.789345122294818125e-02,0.000000000000000000e+00,0.000000000000000000e+00,0.000000000000000000e+00,-0.000000000000000000e+00,-0.000000000000000000e+00,0.000000000000000000e+00,-3.965392117900271712e-02,0.000000000000000000e+00,-0.000000000000000000e+00,-0.000000000000000000e+00,-1.215999893620405697e-01,0.000000000000000000e+00,-0.000000000000000000e+00,-0.000000000000000000e+00,5.050775389825346018e-02,-3.568605306206062422e-01,-1.607563098750083158e-02,-0.000000000000000000e+00,-0.000000000000000000e+00,-0.000000000000000000e+00,-1.561995357235630710e-01,-1.574982376318972976e-01,1.775062819616474608e+00,-0.000000000000000000e+00,-0.000000000000000000e+00,-2.152396249742076217e-01,-0.000000000000000000e+00,-0.000000000000000000e+00,-0.000000000000000000e+00,-0.000000000000000000e+00,0.000000000000000000e+00,-0.000000000000000000e+00,-0.000000000000000000e+00,-0.000000000000000000e+00
-0.000000000000000000e+00,-0.000000000000000000e+00,-0.000000000000000000e+00,0.000000000000000000e+00,-0.000000000000000000e+00,-0.000000000000000000e+00,-0.000000000000000000e+00,0.000000000000000000e+00,-0.000000000000000000e+00,-0.000000000000000000e+00,-0.000000000000000000e+00,0.000000000000000000e+00,-0.000000000000000000e+00,-0.000000000000000000e+00,-0.000000000000000000e+00,-0.000000000000000000e+00,-3.447794795922387578e-01,-0.000000000000000000e+00,0.000000000000000000e+00,0.000000000000000000e+00,0.000000000000000000e+00,0.000000000000000000e+00,0.000000000000000000e+00,-0.000000000000000000e+00,-0.000000000000000000e+00,-2.418338944658832701e-01,0.000000000000000000e+00,-0.000000000000000000e+00,1.185592544031873974e+00,-0.000000000000000000e+00,0.000000000000000000e+00,-0.000000000000000000e+00,-0.000000000000000000e+00,0.000000000000000000e+00,-2.099995070251996828e-03,-0.000000000000000000e+00,-0.000000000000000000e+00,-9.635780363622527267e-02,0.000000000000000000e+00
-1.078027021669144270e-01,-0.000000000000000000e+00,-0.000000000000000000e+00,-0.000000000000000000e+00,-1.000038082543591028e-01,0.000000000000000000e+00,-0.000000000000000000e+00,7.743192277038640770e-02,-1.640737291861102398e-01,-1.335308673546033997e-01,-0.000000000000000000e+00,0.000000000000000000e+00,-0.000000000000000000e+00,-0.000000000000000000e+00,-0.000000000000000000e+00,-0.000000000000000000e+00,-0.000000000000000000e+00,-2.691810921397786993e-01,-6.956149794792033936e-02,0.000000000000000000e+00,-0.000000000000000000e+00,0.000000000000000000e+00,-0.000000000000000000e+00,-0.000000000000000000e+00,-6.110163487923871151e-02,-1.674573975957860048e-02,0.000000000000000000e+00,-0.000000000000000000e+00,-0.000000000000000000e+00,1.310971150800937846e+00,0.000000000000000000e+00,0.000000000000000000e+00,0.000000000000000000e+00,-0.000000000000000000e+00,0.000000000000000000e+00,0.000000000000000000e+00,0.000000000000000000e+00,-0.000000000000000000e+00,-0.000000000000000000e+00
-0.000000000000000000e+00,0.000000000000000000e+00,-5.429446344181605433e-01,-2.906519164240718434e-01,-0.000000000000000000e+00,0.000000000000000000e+00,3.261794378567750563e-02,0.000000000000000000e+00,-0.000000000000000000e+00,-0.000000000000000000e+00,-0.000000000000000000e+00,-2.338319983390221846e-01,1.795586204190836588e-01,-0.000000000000000000e+00,-0.000000000000000000e+00,-1.618027340476951292e-01,0.000000000000000000e+00,0.000000000000000000e+00,-0.000000000000000000e+00,0.000000000000000000e+00,-2.550252214169460574e-01,-0.000000000000000000e+00,-0.000000000000000000e+00,-0.000000000000000000e+00,-0.000000000000000000e+00,-0.000000000000000000e+00,-4.201736808141570134e-01,-2.152396249742076217e-01,0.000000000000000000e+00,0.000000000000000000e+00,2.570365743398007385e+00,-2.977285557391049498e-01,-1.708854836979713243e-01,-0.000000000000000000e+00,-0.000000000000000000e+00,0.000000000000000000e+00,-0.000000000000000000e+00,-0.000000000000000000e+00,-9.114785898719005020e-02
-0.000000000000000000e+00,0.000000000000000000e+00,-0.000000000000000000e+00,-0.000000000000000000e+00,-0.000000000000000000e+00,0.000000000000000000e+00,0.000000000000000000e+00,0.000000000000000000e+00,-0.000000000000000000e+00,-1.483294273338766622e-01,-0.000000000000000000e+00,-1.065758046657073327e-01,1.166187507588524047e-01,-0.000000000000000000e+00,-0.000000000000000000e+00,-0.000000000000000000e+00,-0.000000000000000000e+00,0.000000000000000000e+00,-0.000000000000000000e+00,1.516254985637577046e-01,-0.000000000000000000e+00,-0.000000000000000000e+00,-6.189732435833585240e-03,-0.000000000000000000e+00,0.000000000000000000e+00,-0.000000000000000000e+00,-4.332611759829612108e-01,-0.000000000000000000e+00,-0.000000000000000000e+00,0.000000000000000000e+00,-2.977285557391049498e-01,1.684349190738194224e+00,-8.212463426847560477e-02,-0.000000000000000000e+00,-0.000000000000000000e+00,-0.000000000000000000e+00,-2.966291855136898303e-01,-0.000000000000000000e+00,-0.000000000000000000e+00
-0.000000000000000000e+00,0.000000000000000000e+00,-1.254313572701823420e-01,-0.000000000000000000e+00,-0.000000000000000000e+00,0.000000000000000000e+00,2.037609558091475204e-01,0.000000000000000000e+00,-0.000000000000000000e+00,-0.000000000000000000e+00,0.000000000000000000e+00,-2.034927921161301667e-01,0.000000000000000000e+00,-0.000000000000000000e+00,-0.000000000000000000e+00,-0.000000000000000000e+00,0.000000000000000000e+00,-0.000000000000000000e+00,-0.000000000000000000e+00,0.000000000000000000e+00,-0.000000000000000000e+00,-0.000000000000000000e+00,-0.000000000000000000e+00,-0.000000000000000000e+00,-0.000000000000000000e+00,-0.000000000000000000e+00,-1.362924217966461349e-01,-0.000000000000000000e+00,-0.000000000000000000e+00,0.000000000000000000e+00,-1.708854836979713243e-01,-8.212463426847560477e-02,1.878315976516131247e+00,-4.833213909596913854e-02,-2.097974485588229854e-01,0.000000000000000000e+00,-2.863402540206296809e-01,-0.000000000000000000e+00,-4.081130534087625272e-01
-0.000000000000000000e+00,0.000000000000000000e+00,-8.155221416234573195e-02,-0.000000000000000000e+00,-2.412240059105335843e-01,0.000000000000000000e+00,5.979154187089758161e-03,1.110449128351757991e-01,-5.485559200152516635e-01,-0.000000000000000000e+00,0.000000000000000000e+00,-0.000000000000000000e+00,0.000000000000000000e+00,-1.962232339256771707e-01,-0.000000000000000000e+00,-1.995753633097171326e-03,0.000000000000000000e+00,-4.796956615905891702e-02,-0.000000000000000000e+00,0.000000000000000000e+00,-0.000000000000000000e+00,-0.000000000000000000e+00,-1.327633765406038557e-01,-0.000000000000000000e+00,-2.990964387048541950e-01,-4.148320821906351097e-02,-0.000000000000000000e+00,-0.000000000000000000e+00,0.000000000000000000e+00,-0.000000000000000000e+00,-0.000000000000000000e+00,-0.000000000000000000e+00,-4.833213909596913854e-02,2.054124252684137897e+00,0.000000000000000000e+00,0.000000000000000000e+00,-0.000000000000000000e+00,-1.801077784065142906e-01,-1.994834727847406008e-01
0.000000000000000000e+00,0.000000000000000000e+00,-0.000000000000000000e+00,0.000000000000000000e+00,-0.000000000000000000e+00,-0.000000000000000000e+00,0.000000000000000000e+00,0.000000000000000000e+00,-0.000000000000000000e+00,0.000000000000000000e+00,0.000000000000000000e+00,-0.000000000000000000e+00,0.000000000000000000e+00,-0.000000000000000000e+00,-0.000000000000000000e+00,-0.000000000000000000e+00,-0.000000000000000000e+00,0.000000000000000000e+00,0.000000000000000000e+00,0.000000000000000000e+00,-0.000000000000000000e+00,0.000000000000000000e+00,0.000000000000000000e+00,-0.000000000000000000e+00,-0.000000000000000000e+00,-0.000000000000000000e+00,-0.000000000000000000e+00,-0.000000000000000000e+00,-2.099995070251996828e-03,0.000000000000000000e+00,-0.000000000000000000e+00,-0.000000000000000000e+00,-2.097974485588229854e-01,0.000000000000000000e+00,1.109436958833272424e+00,-0.000000000000000000e+00,-2.065769604675750937e-01,-0.000000000000000000e+00,-0.000000000000000000e+00
-0.000000000000000000e+00,-5.349550098871143355e-02,0.000000000000000000e+00,0.000000000000000000e+00,0.000000000000000000e+00,-5.576438357023552617e-02,-0.000000000000000000e+00,-0.000000000000000000e+00,0.000000000000000000e+00,-9.556687926308607417e-03,-1.293914682192955079e-01,0.000000000000000000e+00,0.000000000000000000e+00,0.000000000000000000e+00,-0.000000000000000000e+00,-0.000000000000000000e+00,-0.000000000000000000e+00,0.000000000000000000e+00,7.946466268460800064e-02,8.191394186421595280e-02,-0.000000000000000000e+00,0.000000000000000000e+00,0.000000000000000000e+00,0.000000000000000000e+00,0.000000000000000000e+00,0.000000000000000000e+00,0.000000000000000000e+00,0.000000000000000000e+00,-0.000000000000000000e+00,0.000000000000000000e+00,0.000000000000000000e+00,-0.000000000000000000e+00,0.000000000000000000e+00,0.000000000000000000e+00,-0.000000000000000000e+00,1.044724554127850702e+00,0.000000000000000000e+00,-0.000000000000000000e+00,0.000000000000000000e+00
0.000000000000000000e+00,4.246350462180905477e-02,-0.000000000000000000e+00,-0.000000000000000000e+00,-0.000000000000000000e+00,0.000000000000000000e+00,1.794286989926991219e-02,0.000000000000000000e+00,-0.000000000000000000e+00,-0.000000000000000000e+00,-0.000000000000000000e+00,-0.000000000000000000e+00,0.000000000000000000e+00,-1.792509700742214440e-01,-0.000000000000000000e+00,-0.000000000000000000e+00,-0.000000000000000000e+00,0.000000000000000000e+00,-0.000000000000000000e+00,0.000000000000000000e+00,-0.000000000000000000e+00,-0.000000000000000000e+00,-0.000000000000000000e+00,-2.086447910455103191e-03,-0.000000000000000000e+00,-0.000000000000000000e+00,-0.000000000000000000e+00,-0.000000000000000000e+00,-0.000000000000000000e+00,0.000000000000000000e+00,-0.000000000000000000e+00,-2.966291855136898303e-01,-2.863402540206296809e-01,-0.000000000000000000e+00,-2.065769604675750937e-01,0.000000000000000000e+00,1.341324664146463119e+00,-0.000000000000000000e+00,-0.000000000000000000e+00
-0.000000000000000000e+00,0.000000000000000000e+00,-0.000000000000000000e+00,-0.000000000000000000e+00,-0.000000000000000000e+00,0.000000000000000000e+00,0.000000000000000000e+00,0.000000000000000000e+00,-0.000000000000000000e+00,-0.000000000000000000e+00,-0.000000000000000000e+00,-0.000000000000000000e+00,0.000000000000000000e+00,-0.000000000000000000e+00,-6.334497179381572141e-02,-0.000000000000000000e+00,-6.087681533990210725e-03,-3.978247022398215954e-02,-0.000000000000000000e+00,0.000000000000000000e+00,-0.000000000000000000e+00,-0.000000000000000000e+00,-0.000000000000000000e+00,-0.000000000000000000e+00,-0.000000000000000000e+00,-2.696706153368619852e-01,-0.000000000000000000e+00,-0.000000000000000000e+00,-9.635780363622527267e-02,-0.000000000000000000e+00,-0.000000000000000000e+00,-0.000000000000000000e+00,-0.000000000000000000e+00,-1.801077784065142906e-01,-0.000000000000000000e+00,-0.000000000000000000e+00,-0.000000000000000000e+00,1.196522050857082853e+00,-8.094691518271400488e-02
-0.000000000000000000e+00,0.000000000000000000e+00,-9.834500236592008671e-02,-0.000000000000000000e+00,-1.089694322398544486e-03,0.000000000000000000e+00,4.796490104466694104e-01,0.000000000000000000e+00,-1.667282113464206572e-01,-0.000000000000000000e+00,0.000000000000000000e+00,-5.236565658222049890e-01,0.000000000000000000e+00,-0.000000000000000000e+00,-0.000000000000000000e+00,-1.506613306839544031e-01,0.000000000000000000e+00,-0.000000000000000000e+00,-7.618979332226141765e-02,0.000000000000000000e+00,-0.000000000000000000e+00,-3.570009091580562954e-02,-1.394472036409544202e-01,-0.000000000000000000e+00,-0.000000000000000000e+00,-0.000000000000000000e+00,-1.733218080367443792e-01,-0.000000000000000000e+00,0.000000000000000000e+00,-0.000000000000000000e+00,-9.114785898719005020e-02,-0.000000000000000000e+00,-4.081130534087625272e-01,-1.994834727847406008e-01,-0.000000000000000000e+00,0.000000000000000000e+00,-0.000000000000000000e+00,-8.094691518271400488e-02,2.452206595492108399e+00
