1.969548123875356049e+00,-4.877499196493367273e-01,-0.000000000000000000e+00,0.000000000000000000e+00,-1.599842457037206666e-04,0.000000000000000000e+00,-0.000000000000000000e+00,0.000000000000000000e+00,-0.000000000000000000e+00,-2.703677796452034210e-01,-0.000000000000000000e+00,-0.000000000000000000e+00,-0.000000000000000000e+00,-0.000000000000000000e+00,-2.235401748121505494e-01,-1.138974642677672983e-01,-0.000000000000000000e+00,-0.000000000000000000e+00,-0.000000000000000000e+00,-0.000000000000000000e+00,-0.000000000000000000e+00,-0.000000000000000000e+00,-3.845202665317276614e-02,-0.000000000000000000e+00,-1.079216675175229817e-01,-3.724240717493261799e-01,-0.000000000000000000e+00,-0.000000000000000000e+00,-0.000000000000000000e+00,-4.307534535628794736e-01,-0.000000000000000000e+00,-0.000000000000000000e+00,-0.000000000000000000e+00,-0.000000000000000000e+00,0.000000000000000000e+00,-0.000000000000000000e+00,-0.000000000000000000e+00,-0.000000000000000000e+00,-0.000000000000000000e+00
-4.877499196493367273e-01,1.645204882435973515e+00,-0.000000000000000000e+00,0.000000000000000000e+00,-1.550048069820404995e-01,0.000000000000000000e+00,-0.000000000000000000e+00,0.000000000000000000e+00,-0.000000000000000000e+00,-2.152028902565655266e-01,-0.000000000000000000e+00,-0.000000000000000000e+00,0.000000000000000000e+00,-2.141258369778644213e-02,-0.000000000000000000e+00,-0.000000000000000000e+00,-0.000000000000000000e+00,-0.000000000000000000e+00,-0.000000000000000000e+00,-0.000000000000000000e+00,-0.000000000000000000e+00,-0.000000000000000000e+00,-4.226599132246092183e-02,-0.000000000000000000e+00,-2.265523272612667005e-01,-0.000000000000000000e+00,-0.000000000000000000e+00,-0.000000000000000000e+00,-0.000000000000000000e+00,-2.408167419543544574e-01,-5.305965029377648218e-02,-1.572715295074755826e-01,-0.000000000000000000e+00,-0.000000000000000000e+00,0.000000000000000000e+00,-0.000000000000000000e+00,-0.000000000000000000e+00,-0.000000000000000000e+00,-0.000000000000000000e+00
-0.000000000000000000e+00,-0.000000000000000000e+00,2.388001068086627487e+00,-0.000000000000000000e+00,-3.579378351472016773e-01,0.000000000000000000e+00,-0.000000000000000000e+00,1.090477558541736114e+00,-6.159398542051501557e-02,-1.413445506390783868e-01,-0.000000000000000000e+00,-3.460679634100716912e-02,0.000000000000000000e+00,-0.000000000000000000e+00,-3.255634712752386584e-02,-1.249815345822336832e-01,0.000000000000000000e+00,-0.000000000000000000e+00,-0.000000000000000000e+00,-0.000000000000000000e+00,-1.375922750870749722e-01,-0.000000000000000000e+00,-0.000000000000000000e+00,0.000000000000000000e+00,-3.659343523354482292e-02,-0.000000000000000000e+00,-0.000000000000000000e+00,-2.165144226622978119e-01,0.000000000000000000e+00,-0.000000000000000000e+00,-0.000000000000000000e+00,-0.000000000000000000e+00,-0.000000000000000000e+00,-1.852313199563090929e-01,0.000000000000000000e+00,-0.000000000000000000e+00,0.000000000000000000e+00,-0.000000000000000000e+00,-4.248735661875651520e-02
0.000000000000000000e+00,0.000000000000000000e+00,-0.000000000000000000e+00,1.431576052802781218e+00,0.000000000000000000e+00,1.410092331207382366e-01,-0.000000000000000000e+00,0.000000000000000000e+00,-0.000000000000000000e+00,0.000000000000000000e+00,0.000000000000000000e+00,-1.593654279616153269e-04,-0.000000000000000000e+00,0.000000000000000000e+00,0.000000000000000000e+00,-0.000000000000000000e+00,2.338106899482241541e-01,-2.345399047233726053e-02,-2.445461570446083501e-03,-3.493357580105405091e-02,-0.000000000000000000e+00,-0.000000000000000000e+00,0.000000000000000000e+00,0.000000000000000000e+00,0.000000000000000000e+00,0.000000000000000000e+00,0.000000000000000000e+00,9.510966125283989991e-02,2.616098940030932574e-01,-0.000000000000000000e+00,0.000000000000000000e+00,2.524357534709134598e-02,0.000000000000000000e+00,-0.000000000000000000e+00,1.826698447320949659e-01,-0.000000000000000000e+00,7.957250807197514819e-02,-0.000000000000000000e+00,-0.000000000000000000e+00
-1.599842457037206666e-04,-1.550048069820404995e-01,-3.579378351472016773e-01,0.000000000000000000e+00,2.043791328698037812e+00,0.000000000000000000e+00,-0.000000000000000000e+00,1.894878062476793301e-01,-1.754362543974183897e-01,-0.000000000000000000e+00,-0.000000000000000000e+00,-0.000000000000000000e+00,0.000000000000000000e+00,-3.346711829630322765e-01,-2.687336972449472783e-01,-0.000000000000000000e+00,0.000000000000000000e+00,-9.810462178082535525e-03,-0.000000000000000000e+00,-0.000000000000000000e+00,-0.000000000000000000e+00,-0.000000000000000000e+00,-0.000000000000000000e+00,-0.000000000000000000e+00,-0.000000000000000000e+00,-0.000000000000000000e+00,-0.000000000000000000e+00,-2.494795012644436816e-01,0.000000000000000000e+00,-0.000000000000000000e+00,-4.908750038696525764e-02,-0.000000000000000000e+00,-2.772528735742668671e-01,-2.957807342534538031e-01,0.000000000000000000e+00,-0.000000000000000000e+00,0.000000000000000000e+00,-0.000000000000000000e+00,-0.000000000000000000e+00
0.000000000000000000e+00,0.000000000000000000e+00,0.000000000000000000e+00,1.410092331207382366e-01,0.000000000000000000e+00,2.598079571072498428e+00,0.000000000000000000e+00,-0.000000000000000000e+00,0.000000000000000000e+00,0.000000000000000000e+00,-1.460978841084007440e-01,2.029908431373765587e-01,0.000000000000000000e+00,0.000000000000000000e+00,0.000000000000000000e+00,0.000000000000000000e+00,-3.461435643427617781e-01,1.228811190826563197e-02,8.243171381715469481e-02,4.620463404202355129e-01,0.000000000000000000e+00,2.063395777529890562e-01,-0.000000000000000000e+00,-0.000000000000000000e+00,0.000000000000000000e+00,-0.000000000000000000e+00,0.000000000000000000e+00,-0.000000000000000000e+00,-2.725042671070377898e-01,0.000000000000000000e+00,0.000000000000000000e+00,-5.186317630221248115e-02,-0.000000000000000000e+00,4.182410399777519022e-02,-2.121105177688177579e-01,0.000000000000000000e+00,-0.000000000000000000e+00,4.423478458156246962e-01,1.759674912607413766e-01
-0.000000000000000000e+00,-0.000000000000000000e+00,-0.000000000000000000e+00,-0.000000000000000000e+00,-0.000000000000000000e+00,0.000000000000000000e+00,1.073863368433694676e+00,0.000000000000000000e+00,-0.000000000000000000e+00,-0.000000000000000000e+00,-0.000000000000000000e+00,-0.000000000000000000e+00,-0.000000000000000000e+00,0.000000000000000000e+00,-0.000000000000000000e+00,-0.000000000000000000e+00,0.000000000000000000e+00,-0.000000000000000000e+00,-0.000000000000000000e+00,-1.822852778444493116e-01,-0.000000000000000000e+00,-9.783985640339501466e-02,0.000000000000000000e+00,0.000000000000000000e+00,-0.000000000000000000e+00,-0.000000000000000000e+00,-0.000000000000000000e+00,0.000000000000000000e+00,0.000000000000000000e+00,-0.000000000000000000e+00,0.000000000000000000e+00,-0.000000000000000000e+00,1.469165548261381904e-01,-0.000000000000000000e+00,0.000000000000000000e+00,0.000000000000000000e+00,-0.000000000000000000e+00,-0.000000000000000000e+00,-0.000000000000000000e+00
0.000000000000000000e+00,0.000000000000000000e+00,1.090477558541736114e+00,0.000000000000000000e+00,1.894878062476793301e-01,-0.000000000000000000e+00,0.000000000000000000e+00,2.162886624189091833e+00,0.000000000000000000e+00,1.185707953067346720e-01,0.000000000000000000e+00,0.000000000000000000e+00,-0.000000000000000000e+00,0.000000000000000000e+00,0.000000000000000000e+00,4.744294273829546826e-02,-0.000000000000000000e+00,0.000000000000000000e+00,0.000000000000000000e+00,0.000000000000000000e+00,2.312156999392759593e-01,0.000000000000000000e+00,0.000000000000000000e+00,-0.000000000000000000e+00,1.567646845369060904e-01,0.000000000000000000e+00,0.000000000000000000e+00,1.189190246488930069e-01,-0.000000000000000000e+00,5.019991845745125358e-02,0.000000000000000000e+00,0.000000000000000000e+00,0.000000000000000000e+00,1.770501215533941755e-02,-0.000000000000000000e+00,0.000000000000000000e+00,-0.000000000000000000e+00,0.000000000000000000e+00,4.185642504384578383e-02
-0.000000000000000000e+00,-0.000000000000000000e+00,-6.159398542051501557e-02,-0.000000000000000000e+00,-1.754362543974183897e-01,0.000000000000000000e+00,-0.000000000000000000e+00,0.000000000000000000e+00,2.395149653788119171e+00,-0.000000000000000000e+00,0.000000000000000000e+00,-1.767410130240872901e-01,0.000000000000000000e+00,-0.000000000000000000e+00,-3.885264966930090241e-02,-4.034294029283213012e-01,0.000000000000000000e+00,-2.140914333618803567e-01,-9.587529080006965132e-02,-0.000000000000000000e+00,-0.000000000000000000e+00,-0.000000000000000000e+00,-0.000000000000000000e+00,0.000000000000000000e+00,-3.148063140919558911e-02,-0.000000000000000000e+00,-0.000000000000000000e+00,-0.000000000000000000e+00,0.000000000000000000e+00,-1.074309349269953195e-01,-0.000000000000000000e+00,0.000000000000000000e+00,-0.000000000000000000e+00,-4.255510508664185898e-01,6.146400630021973260e-02,-1.360599508484256794e-02,1.898742675887925280e-02,-3.090112067271579832e-01,-3.966870290187685666e-01
-2.703677796452034210e-01,-2.152028902565655266e-01,-1.413445506390783868e-01,0.000000000000000000e+00,-0.000000000000000000e+00,0.000000000000000000e+00,-0.000000000000000000e+00,1.185707953067346720e-01,-0.000000000000000000e+00,1.802443185293130412e+00,-0.000000000000000000e+00,-0.000000000000000000e+00,0.000000000000000000e+00,-0.000000000000000000e+00,-0.000000000000000000e+00,-3.553601446877154846e-01,0.000000000000000000e+00,-0.000000000000000000e+00,-0.000000000000000000e+00,-0.000000000000000000e+00,-4.109295386790683818e-02,-0.000000000000000000e+00,-0.000000000000000000e+00,-0.000000000000000000e+00,-1.698376652020783251e-01,-2.484115245719169945e-02,-1.272344081052757259e-01,-4.515942423498650604e-02,-0.000000000000000000e+00,-2.754215956022898482e-01,-0.000000000000000000e+00,-0.000000000000000000e+00,-0.000000000000000000e+00,-0.000000000000000000e+00,0.000000000000000000e+00,-0.000000000000000000e+00,-0.000000000000000000e+00,-0.000000000000000000e+00,-0.000000000000000000e+00
-0.000000000000000000e+00,-0.000000000000000000e+00,-0.000000000000000000e+00,0.000000000000000000e+00,-0.000000000000000000e+00,-1.460978841084007440e-01,-0.000000000000000000e+00,0.000000000000000000e+00,0.000000000000000000e+00,-0.000000000000000000e+00,1.497060243454332085e+00,0.000000000000000000e+00,0.000000000000000000e+00,-0.000000000000000000e+00,-0.000000000000000000e+00,0.000000000000000000e+00,-7.671238204035528419e-02,0.000000000000000000e+00,0.000000000000000000e+00,0.000000000000000000e+00,0.000000000000000000e+00,0.000000000000000000e+00,-0.000000000000000000e+00,-9.637795463181154931e-02,-0.000000000000000000e+00,0.000000000000000000e+00,-0.000000000000000000e+00,-0.000000000000000000e+00,-0.000000000000000000e+00,-0.000000000000000000e+00,-5.028865064208464658e-02,-5.012872032294677371e-01,-0.000000000000000000e+00,0.000000000000000000e+00,-0.000000000000000000e+00,0.000000000000000000e+00,-2.761316620452969883e-01,0.000000000000000000e+00,0.000000000000000000e+00
-0.000000000000000000e+00,-0.000000000000000000e+00,-3.460679634100716912e-02,-1.593654279616153269e-04,-0.000000000000000000e+00,2.029908431373765587e-01,-0.000000000000000000e+00,0.000000000000000000e+00,-1.767410130240872901e-01,-0.000000000000000000e+00,0.000000000000000000e+00,2.499558357270758258e+00,0.000000000000000000e+00,-0.000000000000000000e+00,-0.000000000000000000e+00,-0.000000000000000000e+00,4.694706917436977656e-02,-3.636196723894293270e-01,-0.000000000000000000e+00,-4.405832688827476806e-02,-0.000000000000000000e+00,-2.257358335564372542e-01,0.000000000000000000e+00,0.000000000000000000e+00,-0.000000000000000000e+00,-0.000000000000000000e+00,-0.000000000000000000e+00,-0.000000000000000000e+00,2.300842880872832619e-01,-0.000000000000000000e+00,-0.000000000000000000e+00,0.000000000000000000e+00,-0.000000000000000000e+00,-4.256864999930402016e-01,3.059463106762886353e-01,-0.000000000000000000e+00,0.000000000000000000e+00,-1.474613529108844689e-01,-3.307352703987258002e-01
-0.000000000000000000e+00,0.000000000000000000e+00,0.000000000000000000e+00,-0.000000000000000000e+00,0.000000000000000000e+00,0.000000000000000000e+00,-0.000000000000000000e+00,-0.000000000000000000e+00,0.000000000000000000e+00,0.000000000000000000e+00,0.000000000000000000e+00,0.000000000000000000e+00,1.291502999051655998e+00,0.000000000000000000e+00,0.000000000000000000e+00,-0.000000000000000000e+00,0.000000000000000000e+00,-0.000000000000000000e+00,-0.000000000000000000e+00,-0.000000000000000000e+00,0.000000000000000000e+00,0.000000000000000000e+00,-0.000000000000000000e+00,-0.000000000000000000e+00,0.000000000000000000e+00,-0.000000000000000000e+00,0.000000000000000000e+00,0.000000000000000000e+00,-0.000000000000000000e+00,-0.000000000000000000e+00,6.135771142444707005e-01,0.000000000000000000e+00,0.000000000000000000e+00,0.000000000000000000e+00,-0.000000000000000000e+00,-0.000000000000000000e+00,0.000000000000000000e+00,-0.000000000000000000e+00,0.000000000000000000e+00
-0.000000000000000000e+00,-2.141258369778644213e-02,-0.000000000000000000e+00,0.000000000000000000e+00,-3.346711829630322765e-01,0.000000000000000000e+00,0.000000000000000000e+00,0.000000000000000000e+00,-0.000000000000000000e+00,-0.000000000000000000e+00,-0.000000000000000000e+00,-0.000000000000000000e+00,0.000000000000000000e+00,1.446769134567972737e+00,-4.790002748996445570e-02,-0.000000000000000000e+00,0.000000000000000000e+00,-0.000000000000000000e+00,-0.000000000000000000e+00,-0.000000000000000000e+00,-0.000000000000000000e+00,-0.000000000000000000e+00,-1.713005155164912469e-03,-2.984309943264089604e-01,-6.497779474397544219e-02,-1.001432447876509785e-01,-0.000000000000000000e+00,-2.073688201064245173e-01,-0.000000000000000000e+00,-0.000000000000000000e+00,-0.000000000000000000e+00,-0.000000000000000000e+00,-1.646182204462703358e-01,-0.000000000000000000e+00,0.000000000000000000e+00,-2.201849189978752619e-01,0.000000000000000000e+00,-0.000000000000000000e+00,-0.000000000000000000e+00
-2.235401748121505494e-01,-0.000000000000000000e+00,-3.255634712752386584e-02,0.000000000000000000e+00,-2.687336972449472783e-01,0.000000000000000000e+00,-0.000000000000000000e+00,0.000000000000000000e+00,-3.885264966930090241e-02,-0.000000000000000000e+00,-0.000000000000000000e+00,-0.000000000000000000e+00,0.000000000000000000e+00,-4.790002748996445570e-02,1.352810491225186151e+00,-1.068573495770558379e-02,0.000000000000000000e+00,-1.885654307221408879e-02,-0.000000000000000000e+00,-0.000000000000000000e+00,-0.000000000000000000e+00,-0.000000000000000000e+00,-0.000000000000000000e+00,-0.000000000000000000e+00,-0.000000000000000000e+00,-0.000000000000000000e+00,0.000000000000000000e+00,-0.000000000000000000e+00,-0.000000000000000000e+00,-1.569811644869085199e-01,-0.000000000000000000e+00,-0.000000000000000000e+00,-0.000000000000000000e+00,-1.364104169238638253e-01,0.000000000000000000e+00,-0.000000000000000000e+00,0.000000000000000000e+00,-4.383921000681380992e-02,-0.000000000000000000e+00
-1.138974642677672983e-01,-0.000000000000000000e+00,-1.249815345822336832e-01,-0.000000000000000000e+00,-0.000000000000000000e+00,0.000000000000000000e+00,-0.000000000000000000e+00,4.744294273829546826e-02,-4.034294029283213012e-01,-3.553601446877154846e-01,0.000000000000000000e+00,-0.000000000000000000e+00,-0.000000000000000000e+00,-0.000000000000000000e+00,-1.068573495770558379e-02,2.151635632326773351e+00,0.000000000000000000e+00,-1.201781133821063462e-02,-3.535531175661212056e-02,-2.204022896345432525e-01,-0.000000000000000000e+00,-2.103940361057602404e-01,-0.000000000000000000e+00,-0.000000000000000000e+00,-1.289872826223430469e-01,-9.960670178985508300e-03,-0.000000000000000000e+00,-0.000000000000000000e+00,0.000000000000000000e+00,-3.363331007766025560e-01,-0.000000000000000000e+00,0.000000000000000000e+00,-0.000000000000000000e+00,-8.610824639998593266e-02,0.000000000000000000e+00,-2.009067314946443306e-01,0.000000000000000000e+00,-1.267426842259807562e-01,-0.000000000000000000e+00
-0.000000000000000000e+00,-0.000000000000000000e+00,0.000000000000000000e+00,2.338106899482241541e-01,0.000000000000000000e+00,-3.461435643427617781e-01,0.000000000000000000e+00,-0.000000000000000000e+00,0.000000000000000000e+00,0.000000000000000000e+00,-7.671238204035528419e-02,4.694706917436977656e-02,0.000000000000000000e+00,0.000000000000000000e+00,0.000000000000000000e+00,0.000000000000000000e+00,2.183182155098473132e+00,7.433422590497844318e-02,0.000000000000000000e+00,8.087333838674330699e-02,0.000000000000000000e+00,0.000000000000000000e+00,-5.283512331609339224e-02,-0.000000000000000000e+00,0.000000000000000000e+00,-0.000000000000000000e+00,-0.000000000000000000e+00,-0.000000000000000000e+00,-2.010395244795712411e-01,0.000000000000000000e+00,-0.000000000000000000e+00,-2.185518938497040264e-01,-0.000000000000000000e+00,2.154499598803970208e-03,-3.698815492504505253e-01,0.000000000000000000e+00,-3.928209768736301011e-01,1.096056641371275231e-01,0.000000000000000000e+00
-0.000000000000000000e+00,-0.000000000000000000e+00,-0.000000000000000000e+00,-2.345399047233726053e-02,-9.810462178082535525e-03,1.228811190826563197e-02,-0.000000000000000000e+00,0.000000000000000000e+00,-2.140914333618803567e-01,-0.000000000000000000e+00,0.000000000000000000e+00,-3.636196723894293270e-01,-0.000000000000000000e+00,-0.000000000000000000e+00,-1.885654307221408879e-02,-1.201781133821063462e-02,7.433422590497844318e-02,1.976732637185095509e+00,-2.444301017479157401e-01,-1.355429968320350509e-01,-0.000000000000000000e+00,-1.430848393220219006e-01,0.000000000000000000e+00,0.000000000000000000e+00,-0.000000000000000000e+00,-0.000000000000000000e+00,-0.000000000000000000e+00,-0.000000000000000000e+00,2.343494813243793967e-02,-0.000000000000000000e+00,-0.000000000000000000e+00,0.000000000000000000e+00,-0.000000000000000000e+00,-1.012815729210749388e-01,1.378923486868294246e-01,-0.000000000000000000e+00,9.125686653831749373e-02,-2.970317677099101883e-01,-0.000000000000000000e+00
-0.000000000000000000e+00,-0.000000000000000000e+00,-0.000000000000000000e+00,-2.445461570446083501e-03,-0.000000000000000000e+00,8.243171381715469481e-02,-0.000000000000000000e+00,0.000000000000000000e+00,-9.587529080006965132e-02,-0.000000000000000000e+00,0.000000000000000000e+00,-0.000000000000000000e+00,-0.000000000000000000e+00,-0.000000000000000000e+00,-0.000000000000000000e+00,-3.535531175661212056e-02,0.000000000000000000e+00,-2.444301017479157401e-01,1.297828722317994732e+00,-0.000000000000000000e+00,-0.000000000000000000e+00,-0.000000000000000000e+00,0.000000000000000000e+00,0.000000000000000000e+00,-0.000000000000000000e+00,-0.000000000000000000e+00,-1.260514911544467487e-01,-0.000000000000000000e+00,2.335015492469295212e-02,-0.000000000000000000e+00,0.000000000000000000e+00,0.000000000000000000e+00,-0.000000000000000000e+00,-0.000000000000000000e+00,0.000000000000000000e+00,-0.000000000000000000e+00,0.000000000000000000e+00,-1.063673788874580362e-01,-1.453827493433279272e-01
-0.000000000000000000e+00,-0.000000000000000000e+00,-0.000000000000000000e+00,-3.493357580105405091e-02,-0.000000000000000000e+00,4.620463404202355129e-01,-1.822852778444493116e-01,0.000000000000000000e+00,-0.000000000000000000e+00,-0.000000000000000000e+00,0.000000000000000000e+00,-4.405832688827476806e-02,-0.000000000000000000e+00,-0.000000000000000000e+00,-0.000000000000000000e+00,-2.204022896345432525e-01,8.087333838674330699e-02,-1.355429968320350509e-01,-0.000000000000000000e+00,2.206978605411487493e+00,-9.425073763639148228e-02,-6.438853238880943852e-01,0.000000000000000000e+00,0.000000000000000000e+00,-0.000000000000000000e+00,-0.000000000000000000e+00,-0.000000000000000000e+00,-0.000000000000000000e+00,0.000000000000000000e+00,-0.000000000000000000e+00,0.000000000000000000e+00,0.000000000000000000e+00,0.000000000000000000e+00,-0.000000000000000000e+00,6.870540780694704697e-02,-0.000000000000000000e+00,0.000000000000000000e+00,-2.744755494625838455e-01,-0.000000000000000000e+00
-0.000000000000000000e+00,-0.000000000000000000e+00,-1.375922750870749722e-01,-0.000000000000000000e+00,-0.000000000000000000e+00,0.000000000000000000e+00,-0.000000000000000000e+00,2.312156999392759593e-01,-0.000000000000000000e+00,-4.109295386790683818e-02,0.000000000000000000e+00,-0.000000000000000000e+00,0.000000000000000000e+00,-0.000000000000000000e+00,-0.000000000000000000e+00,-0.000000000000000000e+00,0.000000000000000000e+00,-0.000000000000000000e+00,-0.000000000000000000e+00,-9.425073763639148228e-02,1.320734469015178103e+00,-1.631465233991239994e-01,0.000000000000000000e+00,0.000000000000000000e+00,-1.196243680505577195e-01,-0.000000000000000000e+00,-1.448244803044889117e-01,-2.735742217210686278e-02,0.000000000000000000e+00,-0.000000000000000000e+00,-0.000000000000000000e+00,0.000000000000000000e+00,-0.000000000000000000e+00,-0.000000000000000000e+00,0.000000000000000000e+00,-0.000000000000000000e+00,0.000000000000000000e+00,-0.000000000000000000e+00,-3.415173870081927854e-02
-0.000000000000000000e+00,-0.000000000000000000e+00,-0.000000000000000000e+00,-0.000000000000000000e+00,-0.000000000000000000e+00,2.063395777529890562e-01,-9.783985640339501466e-02,0.000000000000000000e+00,-0.000000000000000000e+00,-0.000000000000000000e+00,0.000000000000000000e+00,-2.257358335564372542e-01,0.000000000000000000e+00,-0.000000000000000000e+00,-0.000000000000000000e+00,-2.103940361057602404e-01,0.000000000000000000e+00,-1.430848393220219006e-01,-0.000000000000000000e+00,-6.438853238880943852e-01,-1.631465233991239994e-01,2.166744741642544270e+00,0.000000000000000000e+00,8.491142295671591511e-02,-0.000000000000000000e+00,-0.000000000000000000e+00,-0.000000000000000000e+00,-0.000000000000000000e+00,0.000000000000000000e+00,-0.000000000000000000e+00,-0.000000000000000000e+00,0.000000000000000000e+00,0.000000000000000000e+00,-3.118554690490770234e-02,2.552546233828419386e-01,-0.000000000000000000e+00,0.000000000000000000e+00,-5.885183085505369532e-02,-9.536270645267835855e-02
-3.845202665317276614e-02,-4.226599132246092183e-02,-0.000000000000000000e+00,0.000000000000000000e+00,-0.000000000000000000e+00,-0.000000000000000000e+00,0.000000000000000000e+00,0.000000000000000000e+00,-0.000000000000000000e+00,-0.000000000000000000e+00,-0.000000000000000000e+00,0.000000000000000000e+00,-0.000000000000000000e+00,-1.713005155164912469e-03,-0.000000000000000000e+00,-0.000000000000000000e+00,-5.283512331609339224e-02,0.000000000000000000e+00,0.000000000000000000e+00,0.000000000000000000e+00,0.000000000000000000e+00,0.000000000000000000e+00,1.439070757391184729e+00,-5.398655333542943247e-01,-1.542008217435786310e-01,-1.642885990597352242e-02,-0.000000000000000000e+00,-0.000000000000000000e+00,-1.804344446157721271e-01,-5.083338357152169390e-02,-0.000000000000000000e+00,-2.023086081859847840e-01,-0.000000000000000000e+00,0.000000000000000000e+00,-0.000000000000000000e+00,-0.000000000000000000e+00,-0.000000000000000000e+00,0.000000000000000000e+00,0.000000000000000000e+00
-0.000000000000000000e+00,-0.000000000000000000e+00,0.000000000000000000e+00,0.000000000000000000e+00,-0.000000000000000000e+00,-0.000000000000000000e+00,0.000000000000000000e+00,-0.000000000000000000e+00,0.000000000000000000e+00,-0.000000000000000000e+00,-9.637795463181154931e-02,0.000000000000000000e+00,-0.000000000000000000e+00,-2.984309943264089604e-01,-0.000000000000000000e+00,-0.000000000000000000e+00,-0.000000000000000000e+00,0.000000000000000000e+00,0.000000000000000000e+00,0.000000000000000000e+00,0.000000000000000000e+00,8.491142295671591511e-02,-5.398655333542943247e-01,1.536190039359839554e+00,-0.000000000000000000e+00,-0.000000000000000000e+00,-0.000000000000000000e+00,-0.000000000000000000e+00,-3.081469806087210328e-01,-0.000000000000000000e+00,-0.000000000000000000e+00,-0.000000000000000000e+00,-0.000000000000000000e+00,0.000000000000000000e+00,-1.035546219759659603e-01,-0.000000000000000000e+00,-0.000000000000000000e+00,0.000000000000000000e+00,0.000000000000000000e+00
-1.079216675175229817e-01,-2.265523272612667005e-01,-3.659343523354482292e-02,0.000000000000000000e+00,-0.000000000000000000e+00,0.000000000000000000e+00,-0.000000000000000000e+00,1.567646845369060904e-01,-3.148063140919558911e-02,-1.698376652020783251e-01,-0.000000000000000000e+00,-0.000000000000000000e+00,0.000000000000000000e+00,-6.497779474397544219e-02,-0.000000000000000000e+00,-1.289872826223430469e-01,0.000000000000000000e+00,-0.000000000000000000e+00,-0.000000000000000000e+00,-0.000000000000000000e+00,-1.196243680505577195e-01,-0.000000000000000000e+00,-1.542008217435786310e-01,-0.000000000000000000e+00,1.565289266962591741e+00,-0.000000000000000000e+00,-1.047319778372130805e-01,-0.000000000000000000e+00,0.000000000000000000e+00,-5.887578661908307587e-02,-0.000000000000000000e+00,-0.000000000000000000e+00,-0.000000000000000000e+00,-0.000000000000000000e+00,0.000000000000000000e+00,-8.967790215972808177e-02,-0.000000000000000000e+00,-0.000000000000000000e+00,-2.075291293318537456e-01
-3.724240717493261799e-01,-0.000000000000000000e+00,-0.000000000000000000e+00,0.000000000000000000e+00,-0.000000000000000000e+00,-0.000000000000000000e+00,-0.000000000000000000e+00,0.000000000000000000e+00,-0.000000000000000000e+00,-2.484115245719169945e-02,0.000000000000000000e+00,-0.000000000000000000e+00,-0.000000000000000000e+00,-1.001432447876509785e-01,-0.000000000000000000e+00,-9.960670178985508300e-03,-0.000000000000000000e+00,-0.000000000000000000e+00,-0.000000000000000000e+00,-0.000000000000000000e+00,-0.000000000000000000e+00,-0.000000000000000000e+00,-1.642885990597352242e-02,-0.000000000000000000e+00,-0.000000000000000000e+00,1.354607026352499632e+00,-6.174893232272529731e-02,-3.612603556823185680e-01,-0.000000000000000000e+00,-4.507711277010524598e-02,0.000000000000000000e+00,-0.000000000000000000e+00,-0.000000000000000000e+00,-0.000000000000000000e+00,-0.000000000000000000e+00,-0.000000000000000000e+00,-0.000000000000000000e+00,-0.000000000000000000e+00,-0.000000000000000000e+00
-0.000000000000000000e+00,-0.000000000000000000e+00,-0.000000000000000000e+00,0.000000000000000000e+00,-0.000000000000000000e+00,0.000000000000000000e+00,-0.000000000000000000e+00,0.000000000000000000e+00,-0.000000000000000000e+00,-1.272344081052757259e-01,-0.000000000000000000e+00,-0.000000000000000000e+00,0.000000000000000000e+00,-0.000000000000000000e+00,0.000000000000000000e+00,-0.000000000000000000e+00,-0.000000000000000000e+00,-0.000000000000000000e+00,-1.260514911544467487e-01,-0.000000000000000000e+00,-1.448244803044889117e-01,-0.000000000000000000e+00,-0.000000000000000000e+00,-0.000000000000000000e+00,-1.047319778372130805e-01,-6.174893232272529731e-02,1.115628357966405027e+00,-0.000000000000000000e+00,0.000000000000000000e+00,-0.000000000000000000e+00,-0.000000000000000000e+00,-0.000000000000000000e+00,-0.000000000000000000e+00,-0.000000000000000000e+00,0.000000000000000000e+00,-0.000000000000000000e+00,-0.000000000000000000e+00,-0.000000000000000000e+00,-0.000000000000000000e+00
-0.000000000000000000e+00,-0.000000000000000000e+00,-2.165144226622978119e-01,9.510966125283989991e-02,-2.494795012644436816e-01,-0.000000000000000000e+00,0.000000000000000000e+00,1.189190246488930069e-01,-0.000000000000000000e+00,-4.515942423498650604e-02,-0.000000000000000000e+00,-0.000000000000000000e+00,0.000000000000000000e+00,-2.073688201064245173e-01,-0.000000000000000000e+00,-0.000000000000000000e+00,-0.000000000000000000e+00,-0.000000000000000000e+00,-0.000000000000000000e+00,-0.000000000000000000e+00,-2.735742217210686278e-02,-0.000000000000000000e+00,-0.000000000000000000e+00,-0.000000000000000000e+00,-0.000000000000000000e+00,-3.612603556823185680e-01,-0.000000000000000000e+00,1.529198701412100680e+00,-0.000000000000000000e+00,-0.000000000000000000e+00,-0.000000000000000000e+00,-0.000000000000000000e+00,-1.547138326546032561e-01,-0.000000000000000000e+00,0.000000000000000000e+00,-0.000000000000000000e+00,-0.000000000000000000e+00,-0.000000000000000000e+00,-0.000000000000000000e+00
-0.000000000000000000e+00,-0.000000000000000000e+00,0.000000000000000000e+00,2.616098940030932574e-01,0.000000000000000000e+00,-2.725042671070377898e-01,0.000000000000000000e+00,-0.000000000000000000e+00,0.000000000000000000e+00,-0.000000000000000000e+00,-0.000000000000000000e+00,2.300842880872832619e-01,-0.000000000000000000e+00,-0.000000000000000000e+00,-0.000000000000000000e+00,0.000000000000000000e+00,-2.010395244795712411e-01,2.343494813243793967e-02,2.335015492469295212e-02,0.000000000000000000e+00,0.000000000000000000e+00,0.000000000000000000e+00,-1.804344446157721271e-01,-3.081469806087210328e-01,0.000000000000000000e+00,-0.000000000000000000e+00,0.000000000000000000e+00,-0.000000000000000000e+00,2.398215132462899746e+00,-0.000000000000000000e+00,-0.000000000000000000e+00,-3.850318535240930262e-01,-0.000000000000000000e+00,0.000000000000000000e+00,-5.178501549139810090e-01,0.000000000000000000e+00,-2.339684026681622397e-01,0.000000000000000000e+00,1.155751956369701489e-02
-4.307534535628794736e-01,-2.408167419543544574e-01,-0.000000000000000000e+00,-0.000000000000000000e+00,-0.000000000000000000e+00,0.000000000000000000e+00,-0.000000000000000000e+00,5.019991845745125358e-02,-1.074309349269953195e-01,-2.754215956022898482e-01,-0.000000000000000000e+00,-0.000000000000000000e+00,-0.000000000000000000e+00,-0.000000000000000000e+00,-1.569811644869085199e-01,-3.363331007766025560e-01,0.000000000000000000e+00,-0.000000000000000000e+00,-0.000000000000000000e+00,-0.000000000000000000e+00,-0.000000000000000000e+00,-0.000000000000000000e+00,-5.083338357152169390e-02,-0.000000000000000000e+00,-5.887578661908307587e-02,-4.507711277010524598e-02,-0.000000000000000000e+00,-0.000000000000000000e+00,-0.000000000000000000e+00,1.817239813754386368e+00,0.000000000000000000e+00,-0.000000000000000000e+00,-0.000000000000000000e+00,-0.000000000000000000e+00,0.000000000000000000e+00,-0.000000000000000000e+00,0.000000000000000000e+00,-0.000000000000000000e+00,-0.000000000000000000e+00
-0.000000000000000000e+00,-5.305965029377648218e-02,-0.000000000000000000e+00,0.000000000000000000e+00,-4.908750038696525764e-02,0.000000000000000000e+00,0.000000000000000000e+00,0.000000000000000000e+00,-0.000000000000000000e+00,-0.000000000000000000e+00,-5.028865064208464658e-02,-0.000000000000000000e+00,6.135771142444707005e-01,-0.000000000000000000e+00,-0.000000000000000000e+00,-0.000000000000000000e+00,-0.000000000000000000e+00,-0.000000000000000000e+00,0.000000000000000000e+00,0.000000000000000000e+00,-0.000000000000000000e+00,-0.000000000000000000e+00,-0.000000000000000000e+00,-0.000000000000000000e+00,-0.000000000000000000e+00,0.000000000000000000e+00,-0.000000000000000000e+00,-0.000000000000000000e+00,-0.000000000000000000e+00,0.000000000000000000e+00,1.467217594940191772e+00,-0.000000000000000000e+00,-3.792340755045602863e-01,-1.087404753283610775e-01,0.000000000000000000e+00,-0.000000000000000000e+00,-0.000000000000000000e+00,0.000000000000000000e+00,-0.000000000000000000e+00
-0.000000000000000000e+00,-1.572715295074755826e-01,-0.000000000000000000e+00,2.524357534709134598e-02,-0.000000000000000000e+00,-5.186317630221248115e-02,-0.000000000000000000e+00,0.000000000000000000e+00,0.000000000000000000e+00,-0.000000000000000000e+00,-5.012872032294677371e-01,0.000000000000000000e+00,0.000000000000000000e+00,-0.000000000000000000e+00,-0.000000000000000000e+00,0.000000000000000000e+00,-2.185518938497040264e-01,0.000000000000000000e+00,0.000000000000000000e+00,0.000000000000000000e+00,0.000000000000000000e+00,0.000000000000000000e+00,-2.023086081859847840e-01,-0.000000000000000000e+00,-0.000000000000000000e+00,-0.000000000000000000e+00,-0.000000000000000000e+00,-0.000000000000000000e+00,-3.850318535240930262e-01,-0.000000000000000000e+00,-0.000000000000000000e+00,1.898800534143852081e+00,-0.000000000000000000e+00,0.000000000000000000e+00,-0.000000000000000000e+00,0.000000000000000000e+00,-3.960068660732751211e-01,0.000000000000000000e+00,0.000000000000000000e+00
-0.000000000000000000e+00,-0.000000000000000000e+00,-0.000000000000000000e+00,0.000000000000000000e+00,-2.772528735742668671e-01,-0.000000000000000000e+00,1.469165548261381904e-01,0.000000000000000000e+00,-0.000000000000000000e+00,-0.000000000000000000e+00,-0.000000000000000000e+00,-0.000000000000000000e+00,0.000000000000000000e+00,-1.646182204462703358e-01,-0.000000000000000000e+00,-0.000000000000000000e+00,-0.000000000000000000e+00,-0.000000000000000000e+00,-0.000000000000000000e+00,0.000000000000000000e+00,-0.000000000000000000e+00,0.000000000000000000e+00,-0.000000000000000000e+00,-0.000000000000000000e+00,-0.000000000000000000e+00,-0.000000000000000000e+00,-0.000000000000000000e+00,-1.547138326546032561e-01,-0.000000000000000000e+00,-0.000000000000000000e+00,-3.792340755045602863e-01,-0.000000000000000000e+00,1.348632424686601272e+00,-0.000000000000000000e+00,-0.000000000000000000e+00,-0.000000000000000000e+00,-0.000000000000000000e+00,-0.000000000000000000e+00,-0.000000000000000000e+00
-0.000000000000000000e+00,-0.000000000000000000e+00,-1.852313199563090929e-01,-0.000000000000000000e+00,-2.957807342534538031e-01,4.182410399777519022e-02,-0.000000000000000000e+00,1.770501215533941755e-02,-4.255510508664185898e-01,-0.000000000000000000e+00,0.000000000000000000e+00,-4.256864999930402016e-01,0.000000000000000000e+00,-0.000000000000000000e+00,-1.364104169238638253e-01,-8.610824639998593266e-02,2.154499598803970208e-03,-1.012815729210749388e-01,-0.000000000000000000e+00,-0.000000000000000000e+00,-0.000000000000000000e+00,-3.118554690490770234e-02,0.000000000000000000e+00,0.000000000000000000e+00,-0.000000000000000000e+00,-0.000000000000000000e+00,-0.000000000000000000e+00,-0.000000000000000000e+00,0.000000000000000000e+00,-0.000000000000000000e+00,-1.087404753283610775e-01,0.000000000000000000e+00,-0.000000000000000000e+00,2.307871893612687408e+00,2.008240414607271873e-01,-0.000000000000000000e+00,0.000000000000000000e+00,-6.764764000607420558e-02,-3.241068522961891296e-01
0.000000000000000000e+00,0.000000000000000000e+00,0.000000000000000000e+00,1.826698447320949659e-01,0.000000000000000000e+00,-2.121105177688177579e-01,0.000000000000000000e+00,-0.000000000000000000e+00,6.146400630021973260e-02,0.000000000000000000e+00,-0.000000000000000000e+00,3.059463106762886353e-01,-0.000000000000000000e+00,0.000000000000000000e+00,0.000000000000000000e+00,0.000000000000000000e+00,-3.698815492504505253e-01,1.378923486868294246e-01,0.000000000000000000e+00,6.870540780694704697e-02,0.000000000000000000e+00,2.552546233828419386e-01,-0.000000000000000000e+00,-1.035546219759659603e-01,0.000000000000000000e+00,-0.000000000000000000e+00,0.000000000000000000e+00,0.000000000000000000e+00,-5.178501549139810090e-01,0.000000000000000000e+00,0.000000000000000000e+00,-0.000000000000000000e+00,-0.000000000000000000e+00,2.008240414607271873e-01,2.737775178510311491e+00,0.000000000000000000e+00,-2.012102230154315663e-01,1.171060509775150860e-01,2.752550126330426394e-01
-0.000000000000000000e+00,-0.000000000000000000e+00,-0.000000000000000000e+00,-0.000000000000000000e+00,-0.000000000000000000e+00,0.000000000000000000e+00,0.000000000000000000e+00,0.000000000000000000e+00,-1.360599508484256794e-02,-0.000000000000000000e+00,0.000000000000000000e+00,-0.000000000000000000e+00,-0.000000000000000000e+00,-2.201849189978752619e-01,-0.000000000000000000e+00,-2.009067314946443306e-01,0.000000000000000000e+00,-0.000000000000000000e+00,-0.000000000000000000e+00,-0.000000000000000000e+00,-0.000000000000000000e+00,-0.000000000000000000e+00,-0.000000000000000000e+00,-0.000000000000000000e+00,-8.967790215972808177e-02,-0.000000000000000000e+00,-0.000000000000000000e+00,-0.000000000000000000e+00,0.000000000000000000e+00,-0.000000000000000000e+00,-0.000000000000000000e+00,0.000000000000000000e+00,-0.000000000000000000e+00,-0.000000000000000000e+00,0.000000000000000000e+00,1.130500332876974490e+00,0.000000000000000000e+00,-0.000000000000000000e+00,-0.000000000000000000e+00
-0.000000000000000000e+00,-0.000000000000000000e+00,0.000000000000000000e+00,7.957250807197514819e-02,0.000000000000000000e+00,-0.000000000000000000e+00,-0.000000000000000000e+00,-0.000000000000000000e+00,1.898742675887925280e-02,-0.000000000000000000e+00,-2.761316620452969883e-01,0.000000000000000000e+00,0.000000000000000000e+00,0.000000000000000000e+00,0.000000000000000000e+00,0.000000000000000000e+00,-3.928209768736301011e-01,9.125686653831749373e-02,0.000000000000000000e+00,0.000000000000000000e+00,0.000000000000000000e+00,0.000000000000000000e+00,-0.000000000000000000e+00,-0.000000000000000000e+00,-0.000000000000000000e+00,-0.000000000000000000e+00,-0.000000000000000000e+00,-0.000000000000000000e+00,-2.339684026681622397e-01,0.000000000000000000e+00,-0.000000000000000000e+00,-3.960068660732751211e-01,-0.000000000000000000e+00,0.000000000000000000e+00,-2.012102230154315663e-01,0.000000000000000000e+00,1.862062426909680823e+00,0.000000000000000000e+00,0.000000000000000000e+00
-0.000000000000000000e+00,-0.000000000000000000e+00,-0.000000000000000000e+00,-0.000000000000000000e+00,-0.000000000000000000e+00,4.423478458156246962e-01,-0.000000000000000000e+00,0.000000000000000000e+00,-3.090112067271579832e-01,-0.000000000000000000e+00,0.000000000000000000e+00,-1.474613529108844689e-01,-0.000000000000000000e+00,-0.000000000000000000e+00,-4.383921000681380992e-02,-1.267426842259807562e-01,1.096056641371275231e-01,-2.970317677099101883e-01,-1.063673788874580362e-01,-2.744755494625838455e-01,-0.000000000000000000e+00,-5.885183085505369532e-02,0.000000000000000000e+00,0.000000000000000000e+00,-0.000000000000000000e+00,-0.000000000000000000e+00,-0.000000000000000000e+00,-0.000000000000000000e+00,0.000000000000000000e+00,-0.000000000000000000e+00,0.000000000000000000e+00,0.000000000000000000e+00,-0.000000000000000000e+00,-6.764764000607420558e-02,1.171060509775150860e-01,-0.000000000000000000e+00,0.000000000000000000e+00,2.377679816534812751e+00,-3.132571230674736085e-01
-0.000000000000000000e+00,-0.000000000000000000e+00,-4.248735661875651520e-02,-0.000000000000000000e+00,-0.000000000000000000e+00,1.759674912607413766e-01,-0.000000000000000000e+00,4.185642504384578383e-02,-3.966870290187685666e-01,-0.000000000000000000e+00,0.000000000000000000e+00,-3.307352703987258002e-01,0.000000000000000000e+00,-0.000000000000000000e+00,-0.000000000000000000e+00,-0.000000000000000000e+00,0.000000000000000000e+00,-0.000000000000000000e+00,-1.453827493433279272e-01,-0.000000000000000000e+00,-3.415173870081927854e-02,-9.536270645267835855e-02,0.000000000000000000e+00,0.000000000000000000e+00,-2.075291293318537456e-01,-0.000000000000000000e+00,-0.000000000000000000e+00,-0.000000000000000000e+00,1.155751956369701489e-02,-0.000000000000000000e+00,-0.000000000000000000e+00,0.000000000000000000e+00,-0.000000000000000000e+00,-3.241068522961891296e-01,2.752550126330426394e-01,-0.000000000000000000e+00,0.000000000000000000e+00,-3.132571230674736085e-01,2.326294104592573131e+00
