2.250148815329073404e+00,-8.940174124769648678e-01,-0.000000000000000000e+00,-0.000000000000000000e+00,-0.000000000000000000e+00,0.000000000000000000e+00,0.000000000000000000e+00,8.920141756931164803e-03,-2.373132120625113806e-01,0.000000000000000000e+00,0.000000000000000000e+00,0.000000000000000000e+00,0.000000000000000000e+00,-1.291861855790691627e-01,0.000000000000000000e+00,-5.966824229566382309e-03,0.000000000000000000e+00,0.000000000000000000e+00,0.000000000000000000e+00,-0.000000000000000000e+00,0.000000000000000000e+00,0.000000000000000000e+00,-0.000000000000000000e+00,-0.000000000000000000e+00,-0.000000000000000000e+00,-0.000000000000000000e+00,-0.000000000000000000e+00,-2.362541256227999042e-01,-1.747238281250101666e-01,-8.526638451522092210e-02,-0.000000000000000000e+00,-2.154780646624888663e-01,-0.000000000000000000e+00,-3.232223158060053558e-01,-0.000000000000000000e+00,-1.225284195735663467e-01,-0.000000000000000000e+00,-0.000000000000000000e+00,-0.000000000000000000e+00
-8.940174124769648678e-01,1.959702935813689706e+00,-0.000000000000000000e+00,0.000000000000000000e+00,-0.000000000000000000e+00,0.000000000000000000e+00,0.000000000000000000e+00,7.819165712064381213e-02,-0.000000000000000000e+00,0.000000000000000000e+00,0.000000000000000000e+00,0.000000000000000000e+00,0.000000000000000000e+00,-8.172509984191352050e-02,0.000000000000000000e+00,-0.000000000000000000e+00,-0.000000000000000000e+00,0.000000000000000000e+00,1.995962582913720362e-01,0.000000000000000000e+00,7.916953035086492230e-02,2.173595867084099353e-01,-0.000000000000000000e+00,-0.000000000000000000e+00,-0.000000000000000000e+00,0.000000000000000000e+00,-0.000000000000000000e+00,-0.000000000000000000e+00,-0.000000000000000000e+00,-0.000000000000000000e+00,-0.000000000000000000e+00,-4.087615137991359449e-01,0.000000000000000000e+00,-0.000000000000000000e+00,0.000000000000000000e+00,-3.472960747254560943e-01,-0.000000000000000000e+00,0.000000000000000000e+00,-0.000000000000000000e+00
-0.000000000000000000e+00,-0.000000000000000000e+00,2.876902755326352867e+00,0.000000000000000000e+00,-2.720197467197309482e-01,0.000000000000000000e+00,-0.000000000000000000e+00,1.439026237538967301e+00,-0.000000000000000000e+00,-0.000000000000000000e+00,-0.000000000000000000e+00,0.000000000000000000e+00,-0.000000000000000000e+00,-0.000000000000000000e+00,0.000000000000000000e+00,-0.000000000000000000e+00,0.000000000000000000e+00,-0.000000000000000000e+00,-0.000000000000000000e+00,-0.000000000000000000e+00,-0.000000000000000000e+00,-0.000000000000000000e+00,-0.000000000000000000e+00,-0.000000000000000000e+00,-0.000000000000000000e+00,0.000000000000000000e+00,-0.000000000000000000e+00,-3.765179067815804248e-01,0.000000000000000000e+00,-0.000000000000000000e+00,-0.000000000000000000e+00,-0.000000000000000000e+00,-5.583815327114767246e-01,-3.712850971832314939e-01,0.000000000000000000e+00,0.000000000000000000e+00,0.000000000000000000e+00,-0.000000000000000000e+00,-0.000000000000000000e+00
-0.000000000000000000e+00,0.000000000000000000e+00,0.000000000000000000e+00,2.288529751816611668e+00,0.000000000000000000e+00,0.000000000000000000e+00,-0.000000000000000000e+00,-0.000000000000000000e+00,-3.179828099210132986e-01,8.093657622559556619e-02,0.000000000000000000e+00,-1.068504463093376960e-01,1.279697207755055646e-02,0.000000000000000000e+00,-3.192547542753629286e-01,-0.000000000000000000e+00,0.000000000000000000e+00,-0.000000000000000000e+00,-0.000000000000000000e+00,-9.504512160049746194e-01,0.000000000000000000e+00,-0.000000000000000000e+00,1.790689699309951366e-01,-0.000000000000000000e+00,0.000000000000000000e+00,-1.231788778294644338e-01,-0.000000000000000000e+00,-0.000000000000000000e+00,-2.030324929445830595e-01,-0.000000000000000000e+00,1.115780728212732442e-01,-0.000000000000000000e+00,0.000000000000000000e+00,-7.396756049307051661e-02,0.000000000000000000e+00,0.000000000000000000e+00,0.000000000000000000e+00,-8.458705542169608904e-02,0.000000000000000000e+00
-0.000000000000000000e+00,-0.000000000000000000e+00,-2.720197467197309482e-01,0.000000000000000000e+00,2.033732842579046185e+00,0.000000000000000000e+00,-0.000000000000000000e+00,2.262281995918579425e-01,-0.000000000000000000e+00,-1.156340944578338886e-01,-0.000000000000000000e+00,0.000000000000000000e+00,0.000000000000000000e+00,-4.003111661594110915e-01,0.000000000000000000e+00,-0.000000000000000000e+00,-0.000000000000000000e+00,-2.079329864739770939e-01,-0.000000000000000000e+00,0.000000000000000000e+00,-0.000000000000000000e+00,0.000000000000000000e+00,-0.000000000000000000e+00,-0.000000000000000000e+00,-0.000000000000000000e+00,-0.000000000000000000e+00,-0.000000000000000000e+00,-1.865925817039653517e-02,-0.000000000000000000e+00,-3.129074746631514414e-01,-0.000000000000000000e+00,-8.307335561136577895e-02,-7.738746752380307181e-02,-1.468104297264920810e-01,0.000000000000000000e+00,0.000000000000000000e+00,0.000000000000000000e+00,-0.000000000000000000e+00,-2.812500462469710860e-01
0.000000000000000000e+00,0.000000000000000000e+00,0.000000000000000000e+00,0.000000000000000000e+00,0.000000000000000000e+00,1.923509056848338394e+00,-0.000000000000000000e+00,-6.080104551927661277e-02,2.909224809779747956e-01,-0.000000000000000000e+00,-5.935409387174862134e-02,8.077556700333528295e-02,-0.000000000000000000e+00,-0.000000000000000000e+00,0.000000000000000000e+00,0.000000000000000000e+00,-4.933872728924160178e-01,0.000000000000000000e+00,0.000000000000000000e+00,1.352668277936317498e-01,-9.070710676331980582e-02,0.000000000000000000e+00,-1.670164726407942224e-01,-0.000000000000000000e+00,-0.000000000000000000e+00,0.000000000000000000e+00,0.000000000000000000e+00,0.000000000000000000e+00,-0.000000000000000000e+00,0.000000000000000000e+00,-1.509350193417807184e-01,-0.000000000000000000e+00,-0.000000000000000000e+00,2.493522338815010730e-01,-2.192337425587200794e-01,-0.000000000000000000e+00,-3.857004579946209377e-01,6.982603065501570561e-02,9.363307784757059216e-02
0.000000000000000000e+00,0.000000000000000000e+00,-0.000000000000000000e+00,-0.000000000000000000e+00,-0.000000000000000000e+00,-0.000000000000000000e+00,1.441080405507403350e+00,-0.000000000000000000e+00,0.000000000000000000e+00,-0.000000000000000000e+00,2.302962344501041370e-01,0.000000000000000000e+00,0.000000000000000000e+00,0.000000000000000000e+00,0.000000000000000000e+00,-2.912481794570055335e-02,0.000000000000000000e+00,-0.000000000000000000e+00,-2.660975163368435870e-01,-2.009324867510521306e-01,-1.282358491887059249e-01,-3.727164057172774880e-01,-0.000000000000000000e+00,0.000000000000000000e+00,-0.000000000000000000e+00,0.000000000000000000e+00,4.803424731776782114e-03,-6.257794794673793293e-02,-0.000000000000000000e+00,-0.000000000000000000e+00,0.000000000000000000e+00,0.000000000000000000e+00,-0.000000000000000000e+00,-0.000000000000000000e+00,-0.000000000000000000e+00,-0.000000000000000000e+00,-2.300419066997310205e-02,0.000000000000000000e+00,-0.000000000000000000e+00
8.920141756931164803e-03,7.819165712064381213e-02,1.439026237538967301e+00,-0.000000000000000000e+00,2.262281995918579425e-01,-6.080104551927661277e-02,-0.000000000000000000e+00,2.250194854426114777e+00,0.000000000000000000e+00,0.000000000000000000e+00,0.000000000000000000e+00,-0.000000000000000000e+00,0.000000000000000000e+00,0.000000000000000000e+00,-3.949523083570811305e-02,0.000000000000000000e+00,0.000000000000000000e+00,0.000000000000000000e+00,-0.000000000000000000e+00,-0.000000000000000000e+00,0.000000000000000000e+00,-0.000000000000000000e+00,0.000000000000000000e+00,0.000000000000000000e+00,-0.000000000000000000e+00,-0.000000000000000000e+00,0.000000000000000000e+00,0.000000000000000000e+00,-0.000000000000000000e+00,0.000000000000000000e+00,0.000000000000000000e+00,0.000000000000000000e+00,1.689221481220607585e-02,1.309838495598357189e-01,-0.000000000000000000e+00,-0.000000000000000000e+00,-0.000000000000000000e+00,-0.000000000000000000e+00,0.000000000000000000e+00
-2.373132120625113806e-01,-0.000000000000000000e+00,-0.000000000000000000e+00,-3.179828099210132986e-01,-0.000000000000000000e+00,2.909224809779747956e-01,0.000000000000000000e+00,0.000000000000000000e+00,2.864657763070657115e+00,0.000000000000000000e+00,0.000000000000000000e+00,-0.000000000000000000e+00,2.269047237276776707e-01,-2.830322830066991403e-04,-1.513297610468171683e-01,-1.079401657675610193e-01,0.000000000000000000e+00,-8.037801214793986737e-02,-0.000000000000000000e+00,-6.837343346171842473e-02,0.000000000000000000e+00,-0.000000000000000000e+00,0.000000000000000000e+00,-0.000000000000000000e+00,0.000000000000000000e+00,-5.176129880924282105e-03,-9.245008679392965889e-02,-0.000000000000000000e+00,-1.257522769641687133e-01,-0.000000000000000000e+00,0.000000000000000000e+00,-4.200987088460374913e-02,-0.000000000000000000e+00,-1.158549887008806234e+00,0.000000000000000000e+00,-0.000000000000000000e+00,0.000000000000000000e+00,-4.150575516898690198e-01,-0.000000000000000000e+00
0.000000000000000000e+00,0.000000000000000000e+00,-0.000000000000000000e+00,8.093657622559556619e-02,-1.156340944578338886e-01,-0.000000000000000000e+00,-0.000000000000000000e+00,0.000000000000000000e+00,0.000000000000000000e+00,1.930623735709029676e+00,-0.000000000000000000e+00,0.000000000000000000e+00,-0.000000000000000000e+00,-0.000000000000000000e+00,0.000000000000000000e+00,-3.573344732325201556e-01,-0.000000000000000000e+00,-0.000000000000000000e+00,-3.391002067192107616e-01,0.000000000000000000e+00,-1.341856463676350253e-01,-0.000000000000000000e+00,-3.696134448352985519e-02,-0.000000000000000000e+00,-3.745898458849885038e-01,-0.000000000000000000e+00,-0.000000000000000000e+00,-0.000000000000000000e+00,0.000000000000000000e+00,-2.021829194629463922e-01,-2.271909848545959273e-02,0.000000000000000000e+00,-1.988054501589599232e-01,0.000000000000000000e+00,-0.000000000000000000e+00,-0.000000000000000000e+00,-0.000000000000000000e+00,-0.000000000000000000e+00,-2.407108208914262304e-01
0.000000000000000000e+00,0.000000000000000000e+00,-0.000000000000000000e+00,0.000000000000000000e+00,-0.000000000000000000e+00,-5.935409387174862134e-02,2.302962344501041370e-01,0.000000000000000000e+00,0.000000000000000000e+00,-0.000000000000000000e+00,1.351362877408874175e+00,-0.000000000000000000e+00,-2.793224927037504454e-02,-0.000000000000000000e+00,-0.000000000000000000e+00,-0.000000000000000000e+00,-5.492113293361472470e-01,-0.000000000000000000e+00,0.000000000000000000e+00,0.000000000000000000e+00,-0.000000000000000000e+00,0.000000000000000000e+00,-0.000000000000000000e+00,-1.234994606318869648e-01,-0.000000000000000000e+00,-0.000000000000000000e+00,-6.044563721343945012e-02,0.000000000000000000e+00,0.000000000000000000e+00,0.000000000000000000e+00,-2.248888825512749060e-02,-0.000000000000000000e+00,-1.144424916016474961e-02,0.000000000000000000e+00,-0.000000000000000000e+00,0.000000000000000000e+00,-0.000000000000000000e+00,-0.000000000000000000e+00,0.000000000000000000e+00
0.000000000000000000e+00,0.000000000000000000e+00,0.000000000000000000e+00,-1.068504463093376960e-01,0.000000000000000000e+00,8.077556700333528295e-02,0.000000000000000000e+00,-0.000000000000000000e+00,-0.000000000000000000e+00,0.000000000000000000e+00,-0.000000000000000000e+00,2.265016875186004253e+00,-0.000000000000000000e+00,0.000000000000000000e+00,-7.941557951482552946e-01,-0.000000000000000000e+00,0.000000000000000000e+00,-2.953619391434798569e-01,-0.000000000000000000e+00,-3.676097558044898461e-01,0.000000000000000000e+00,-1.287883174770053651e-01,2.156249759441058456e-01,-0.000000000000000000e+00,0.000000000000000000e+00,-1.413447061804849192e-01,-2.742703090408183178e-02,-0.000000000000000000e+00,-0.000000000000000000e+00,0.000000000000000000e+00,0.000000000000000000e+00,0.000000000000000000e+00,0.000000000000000000e+00,-0.000000000000000000e+00,0.000000000000000000e+00,1.244008299823667341e-01,8.963359826533814217e-03,-2.238741103931629062e-01,-0.000000000000000000e+00
0.000000000000000000e+00,0.000000000000000000e+00,-0.000000000000000000e+00,1.279697207755055646e-02,0.000000000000000000e+00,-0.000000000000000000e+00,0.000000000000000000e+00,0.000000000000000000e+00,2.269047237276776707e-01,-0.000000000000000000e+00,-2.793224927037504454e-02,-0.000000000000000000e+00,1.547363113987985317e+00,0.000000000000000000e+00,5.687646318932179472e-03,0.000000000000000000e+00,-0.000000000000000000e+00,0.000000000000000000e+00,0.000000000000000000e+00,0.000000000000000000e+00,-4.203796023787239600e-01,-0.000000000000000000e+00,-0.000000000000000000e+00,-6.237770662982045078e-02,0.000000000000000000e+00,1.128250050742515692e-01,0.000000000000000000e+00,0.000000000000000000e+00,2.954494299156422144e-01,0.000000000000000000e+00,-0.000000000000000000e+00,2.026444282837355226e-01,-6.388798663536121580e-02,0.000000000000000000e+00,-0.000000000000000000e+00,9.792560481645941339e-02,-0.000000000000000000e+00,1.307043688312972407e-01,1.644913913130849614e-01
-1.291861855790691627e-01,-8.172509984191352050e-02,-0.000000000000000000e+00,0.000000000000000000e+00,-4.003111661594110915e-01,-0.000000000000000000e+00,0.000000000000000000e+00,0.000000000000000000e+00,-2.830322830066991403e-04,-0.000000000000000000e+00,-0.000000000000000000e+00,0.000000000000000000e+00,0.000000000000000000e+00,2.065212276599478702e+00,0.000000000000000000e+00,-2.114480617600959789e-02,-1.466722709392498936e-01,-0.000000000000000000e+00,0.000000000000000000e+00,0.000000000000000000e+00,-0.000000000000000000e+00,0.000000000000000000e+00,-2.329762556783699368e-01,-2.950205564459611463e-01,-2.940298702473421733e-01,-0.000000000000000000e+00,-0.000000000000000000e+00,-0.000000000000000000e+00,-2.564008192029690325e-01,-5.001268324478075344e-02,-0.000000000000000000e+00,-3.043700320875611931e-01,-2.257291769170703677e-01,-0.000000000000000000e+00,-0.000000000000000000e+00,-0.000000000000000000e+00,-0.000000000000000000e+00,-0.000000000000000000e+00,-0.000000000000000000e+00
0.000000000000000000e+00,0.000000000000000000e+00,0.000000000000000000e+00,-3.192547542753629286e-01,0.000000000000000000e+00,0.000000000000000000e+00,0.000000000000000000e+00,-3.949523083570811305e-02,-1.513297610468171683e-01,0.000000000000000000e+00,-0.000000000000000000e+00,-7.941557951482552946e-01,5.687646318932179472e-03,0.000000000000000000e+00,2.228708109050471897e+00,-0.000000000000000000e+00,0.000000000000000000e+00,-0.000000000000000000e+00,-0.000000000000000000e+00,-0.000000000000000000e+00,2.049571300048311506e-01,-0.000000000000000000e+00,2.015111286578880889e-01,-0.000000000000000000e+00,0.000000000000000000e+00,-2.853731894818669623e-01,-0.000000000000000000e+00,0.000000000000000000e+00,-0.000000000000000000e+00,0.000000000000000000e+00,8.384470838581370433e-02,-0.000000000000000000e+00,0.000000000000000000e+00,-0.000000000000000000e+00,0.000000000000000000e+00,0.000000000000000000e+00,0.000000000000000000e+00,-3.693529815464863253e-01,-0.000000000000000000e+00
-5.966824229566382309e-03,-0.000000000000000000e+00,-0.000000000000000000e+00,-0.000000000000000000e+00,-0.000000000000000000e+00,0.000000000000000000e+00,-2.912481794570055335e-02,0.000000000000000000e+00,-1.079401657675610193e-01,-3.573344732325201556e-01,-0.000000000000000000e+00,-0.000000000000000000e+00,0.000000000000000000e+00,-2.114480617600959789e-02,-0.000000000000000000e+00,2.213222563276796784e+00,0.000000000000000000e+00,-4.520241565246887472e-01,-0.000000000000000000e+00,-0.000000000000000000e+00,-0.000000000000000000e+00,-7.917577813170278977e-02,-0.000000000000000000e+00,-0.000000000000000000e+00,-4.905652837539584143e-02,-1.407871004549174909e-01,-0.000000000000000000e+00,-5.993956783651935849e-01,-0.000000000000000000e+00,-4.174011259332216506e-01,-0.000000000000000000e+00,-0.000000000000000000e+00,-0.000000000000000000e+00,-4.611024273766979598e-02,-0.000000000000000000e+00,-0.000000000000000000e+00,-0.000000000000000000e+00,-0.000000000000000000e+00,-0.000000000000000000e+00
0.000000000000000000e+00,-0.000000000000000000e+00,0.000000000000000000e+00,0.000000000000000000e+00,-0.000000000000000000e+00,-4.933872728924160178e-01,0.000000000000000000e+00,0.000000000000000000e+00,0.000000000000000000e+00,-0.000000000000000000e+00,-5.492113293361472470e-01,0.000000000000000000e+00,-0.000000000000000000e+00,-1.466722709392498936e-01,0.000000000000000000e+00,0.000000000000000000e+00,1.694791593421187015e+00,-0.000000000000000000e+00,0.000000000000000000e+00,0.000000000000000000e+00,-0.000000000000000000e+00,0.000000000000000000e+00,-1.372061852876621801e-01,-3.356969102326119725e-02,-0.000000000000000000e+00,-0.000000000000000000e+00,-0.000000000000000000e+00,-0.000000000000000000e+00,-0.000000000000000000e+00,0.000000000000000000e+00,-3.379207652349394686e-02,-3.236994697626329742e-01,-0.000000000000000000e+00,0.000000000000000000e+00,-0.000000000000000000e+00,-0.000000000000000000e+00,-0.000000000000000000e+00,0.000000000000000000e+00,0.000000000000000000e+00
0.000000000000000000e+00,0.000000000000000000e+00,-0.000000000000000000e+00,-0.000000000000000000e+00,-2.079329864739770939e-01,0.000000000000000000e+00,-0.000000000000000000e+00,0.000000000000000000e+00,-8.037801214793986737e-02,-0.000000000000000000e+00,-0.000000000000000000e+00,-2.953619391434798569e-01,0.000000000000000000e+00,-0.000000000000000000e+00,-0.000000000000000000e+00,-4.520241565246887472e-01,-0.000000000000000000e+00,2.179837690900874314e+00,-3.467377885640634538e-01,-1.685648006024598744e-01,-0.000000000000000000e+00,-0.000000000000000000e+00,-0.000000000000000000e+00,-0.000000000000000000e+00,-0.000000000000000000e+00,-1.844438979328459627e-01,-0.000000000000000000e+00,-1.235200174735622269e-01,-0.000000000000000000e+00,-0.000000000000000000e+00,-0.000000000000000000e+00,-0.000000000000000000e+00,-0.000000000000000000e+00,-0.000000000000000000e+00,0.000000000000000000e+00,0.000000000000000000e+00,0.000000000000000000e+00,-4.265167158001053060e-01,-0.000000000000000000e+00
0.000000000000000000e+00,1.995962582913720362e-01,-0.000000000000000000e+00,-0.000000000000000000e+00,-0.000000000000000000e+00,0.000000000000000000e+00,-2.660975163368435870e-01,-0.000000000000000000e+00,-0.000000000000000000e+00,-3.391002067192107616e-01,0.000000000000000000e+00,-0.000000000000000000e+00,0.000000000000000000e+00,0.000000000000000000e+00,-0.000000000000000000e+00,-0.000000000000000000e+00,0.000000000000000000e+00,-3.467377885640634538e-01,2.053969254714315795e+00,-3.942047430440575456e-02,0.000000000000000000e+00,-0.000000000000000000e+00,0.000000000000000000e+00,0.000000000000000000e+00,-0.000000000000000000e+00,-0.000000000000000000e+00,0.000000000000000000e+00,-0.000000000000000000e+00,-0.000000000000000000e+00,-1.062559949924723884e-01,1.217782964177713118e-01,0.000000000000000000e+00,0.000000000000000000e+00,0.000000000000000000e+00,0.000000000000000000e+00,0.000000000000000000e+00,0.000000000000000000e+00,-0.000000000000000000e+00,-8.988212245567721581e-01
-0.000000000000000000e+00,0.000000000000000000e+00,-0.000000000000000000e+00,-9.504512160049746194e-01,0.000000000000000000e+00,1.352668277936317498e-01,-2.009324867510521306e-01,-0.000000000000000000e+00,-6.837343346171842473e-02,0.000000000000000000e+00,0.000000000000000000e+00,-3.676097558044898461e-01,0.000000000000000000e+00,0.000000000000000000e+00,-0.000000000000000000e+00,-0.000000000000000000e+00,0.000000000000000000e+00,-1.685648006024598744e-01,-3.942047430440575456e-02,2.505079443735959366e+00,0.000000000000000000e+00,-6.576474241774993290e-01,8.500809280229629228e-02,0.000000000000000000e+00,0.000000000000000000e+00,-0.000000000000000000e+00,-0.000000000000000000e+00,-0.000000000000000000e+00,-1.461559832129105674e-01,-0.000000000000000000e+00,2.259224068977810918e-02,0.000000000000000000e+00,0.000000000000000000e+00,-0.000000000000000000e+00,0.000000000000000000e+00,0.000000000000000000e+00,0.000000000000000000e+00,-0.000000000000000000e+00,-0.000000000000000000e+00
0.000000000000000000e+00,7.916953035086492230e-02,-0.000000000000000000e+00,0.000000000000000000e+00,-0.000000000000000000e+00,-9.070710676331980582e-02,-1.282358491887059249e-01,0.000000000000000000e+00,0.000000000000000000e+00,-1.341856463676350253e-01,-0.000000000000000000e+00,0.000000000000000000e+00,-4.203796023787239600e-01,-0.000000000000000000e+00,2.049571300048311506e-01,-0.000000000000000000e+00,-0.000000000000000000e+00,-0.000000000000000000e+00,0.000000000000000000e+00,0.000000000000000000e+00,1.902335495054912062e+00,-4.002132442294121795e-01,-0.000000000000000000e+00,-0.000000000000000000e+00,-0.000000000000000000e+00,0.000000000000000000e+00,0.000000000000000000e+00,-4.152643500595159382e-02,0.000000000000000000e+00,-0.000000000000000000e+00,-9.455173869611949167e-02,0.000000000000000000e+00,-5.758967904909720881e-01,0.000000000000000000e+00,-3.223418908628012391e-01,0.000000000000000000e+00,-1.039257344535150090e-01,0.000000000000000000e+00,0.000000000000000000e+00
0.000000000000000000e+00,2.173595867084099353e-01,-0.000000000000000000e+00,-0.000000000000000000e+00,0.000000000000000000e+00,0.000000000000000000e+00,-3.727164057172774880e-01,-0.000000000000000000e+00,-0.000000000000000000e+00,-0.000000000000000000e+00,0.000000000000000000e+00,-1.287883174770053651e-01,-0.000000000000000000e+00,0.000000000000000000e+00,-0.000000000000000000e+00,-7.917577813170278977e-02,0.000000000000000000e+00,-0.000000000000000000e+00,-0.000000000000000000e+00,-6.576474241774993290e-01,-4.002132442294121795e-01,1.858270515505579645e+00,0.000000000000000000e+00,-0.000000000000000000e+00,-0.000000000000000000e+00,-0.000000000000000000e+00,-0.000000000000000000e+00,-2.976993534268721486e-01,-0.000000000000000000e+00,-0.000000000000000000e+00,0.000000000000000000e+00,0.000000000000000000e+00,-0.000000000000000000e+00,-0.000000000000000000e+00,-0.000000000000000000e+00,0.000000000000000000e+00,-0.000000000000000000e+00,-0.000000000000000000e+00,0.000000000000000000e+00
-0.000000000000000000e+00,-0.000000000000000000e+00,-0.000000000000000000e+00,1.790689699309951366e-01,-0.000000000000000000e+00,-1.670164726407942224e-01,-0.000000000000000000e+00,0.000000000000000000e+00,0.000000000000000000e+00,-3.696134448352985519e-02,-0.000000000000000000e+00,2.156249759441058456e-01,-0.000000000000000000e+00,-2.329762556783699368e-01,2.015111286578880889e-01,-0.000000000000000000e+00,-1.372061852876621801e-01,-0.000000000000000000e+00,0.000000000000000000e+00,8.500809280229629228e-02,-0.000000000000000000e+00,0.000000000000000000e+00,2.083126371196061033e+00,-0.000000000000000000e+00,-4.505020611594885427e-01,0.000000000000000000e+00,0.000000000000000000e+00,-0.000000000000000000e+00,0.000000000000000000e+00,-1.581776126708508284e-02,-2.109936953573075813e-01,-0.000000000000000000e+00,-4.305471407846105381e-01,0.000000000000000000e+00,-1.725836366426914403e-01,-0.000000000000000000e+00,-1.045955932474693789e-01,0.000000000000000000e+00,-0.000000000000000000e+00
-0.000000000000000000e+00,-0.000000000000000000e+00,-0.000000000000000000e+00,-0.000000000000000000e+00,-0.000000000000000000e+00,-0.000000000000000000e+00,0.000000000000000000e+00,0.000000000000000000e+00,-0.000000000000000000e+00,-0.000000000000000000e+00,-1.234994606318869648e-01,-0.000000000000000000e+00,-6.237770662982045078e-02,-2.950205564459611463e-01,-0.000000000000000000e+00,-0.000000000000000000e+00,-3.356969102326119725e-02,-0.000000000000000000e+00,0.000000000000000000e+00,0.000000000000000000e+00,-0.000000000000000000e+00,-0.000000000000000000e+00,-0.000000000000000000e+00,1.159304438518634184e+00,-0.000000000000000000e+00,-0.000000000000000000e+00,-0.000000000000000000e+00,-0.000000000000000000e+00,-0.000000000000000000e+00,0.000000000000000000e+00,-6.124766878369884010e-02,-0.000000000000000000e+00,-8.471557850150061852e-02,-0.000000000000000000e+00,-0.000000000000000000e+00,0.000000000000000000e+00,-0.000000000000000000e+00,-0.000000000000000000e+00,0.000000000000000000e+00
-0.000000000000000000e+00,-0.000000000000000000e+00,-0.000000000000000000e+00,0.000000000000000000e+00,-0.000000000000000000e+00,-0.000000000000000000e+00,-0.000000000000000000e+00,-0.000000000000000000e+00,0.000000000000000000e+00,-3.745898458849885038e-01,-0.000000000000000000e+00,0.000000000000000000e+00,0.000000000000000000e+00,-2.940298702473421733e-01,0.000000000000000000e+00,-4.905652837539584143e-02,-0.000000000000000000e+00,-0.000000000000000000e+00,-0.000000000000000000e+00,0.000000000000000000e+00,-0.000000000000000000e+00,-0.000000000000000000e+00,-4.505020611594885427e-01,-0.000000000000000000e+00,1.968308784383552057e+00,0.000000000000000000e+00,0.000000000000000000e+00,-5.412448943447248362e-02,-0.000000000000000000e+00,-3.203601348756603961e-01,-2.588637316416067188e-02,-0.000000000000000000e+00,-0.000000000000000000e+00,0.000000000000000000e+00,-2.221991350335152660e-01,-3.524889935128543150e-02,-2.368098845379625339e-01,0.000000000000000000e+00,-0.000000000000000000e+00
-0.000000000000000000e+00,0.000000000000000000e+00,0.000000000000000000e+00,-1.231788778294644338e-01,-0.000000000000000000e+00,0.000000000000000000e+00,0.000000000000000000e+00,-0.000000000000000000e+00,-5.176129880924282105e-03,-0.000000000000000000e+00,-0.000000000000000000e+00,-1.413447061804849192e-01,1.128250050742515692e-01,-0.000000000000000000e+00,-2.853731894818669623e-01,-1.407871004549174909e-01,-0.000000000000000000e+00,-1.844438979328459627e-01,-0.000000000000000000e+00,-0.000000000000000000e+00,0.000000000000000000e+00,-0.000000000000000000e+00,0.000000000000000000e+00,-0.000000000000000000e+00,0.000000000000000000e+00,2.215070658150876337e+00,-6.709331048520805751e-01,-0.000000000000000000e+00,-7.868196209150522813e-02,-0.000000000000000000e+00,-0.000000000000000000e+00,-0.000000000000000000e+00,0.000000000000000000e+00,-0.000000000000000000e+00,0.000000000000000000e+00,-0.000000000000000000e+00,0.000000000000000000e+00,-5.704497989166887884e-01,-0.000000000000000000e+00
-0.000000000000000000e+00,-0.000000000000000000e+00,-0.000000000000000000e+00,-0.000000000000000000e+00,-0.000000000000000000e+00,0.000000000000000000e+00,4.803424731776782114e-03,0.000000000000000000e+00,-9.245008679392965889e-02,-0.000000000000000000e+00,-6.044563721343945012e-02,-2.742703090408183178e-02,0.000000000000000000e+00,-0.000000000000000000e+00,-0.000000000000000000e+00,-0.000000000000000000e+00,-0.000000000000000000e+00,-0.000000000000000000e+00,0.000000000000000000e+00,-0.000000000000000000e+00,0.000000000000000000e+00,-0.000000000000000000e+00,0.000000000000000000e+00,-0.000000000000000000e+00,0.000000000000000000e+00,-6.709331048520805751e-01,1.772396107842346691e+00,-8.375563268539934492e-02,-0.000000000000000000e+00,-0.000000000000000000e+00,-2.553254649688069255e-01,-4.820091327695830152e-01,-0.000000000000000000e+00,-4.072799983934369955e-02,-0.000000000000000000e+00,-0.000000000000000000e+00,0.000000000000000000e+00,-0.000000000000000000e+00,0.000000000000000000e+00
-2.362541256227999042e-01,-0.000000000000000000e+00,-3.765179067815804248e-01,-0.000000000000000000e+00,-1.865925817039653517e-02,0.000000000000000000e+00,-6.257794794673793293e-02,0.000000000000000000e+00,-0.000000000000000000e+00,-0.000000000000000000e+00,0.000000000000000000e+00,-0.000000000000000000e+00,0.000000000000000000e+00,-0.000000000000000000e+00,0.000000000000000000e+00,-5.993956783651935849e-01,-0.000000000000000000e+00,-1.235200174735622269e-01,-0.000000000000000000e+00,-0.000000000000000000e+00,-4.152643500595159382e-02,-2.976993534268721486e-01,-0.000000000000000000e+00,-0.000000000000000000e+00,-5.412448943447248362e-02,-0.000000000000000000e+00,-8.375563268539934492e-02,2.179056197938826323e+00,-8.400837380946456212e-02,-3.843624467042379422e-02,-2.662647837680706120e-01,-0.000000000000000000e+00,-1.087824435099303405e-01,-1.274878417513697904e-01,-0.000000000000000000e+00,-0.000000000000000000e+00,-0.000000000000000000e+00,-0.000000000000000000e+00,-0.000000000000000000e+00
-1.747238281250101666e-01,-0.000000000000000000e+00,0.000000000000000000e+00,-2.030324929445830595e-01,-0.000000000000000000e+00,-0.000000000000000000e+00,-0.000000000000000000e+00,-0.000000000000000000e+00,-1.257522769641687133e-01,0.000000000000000000e+00,0.000000000000000000e+00,-0.000000000000000000e+00,2.954494299156422144e-01,-2.564008192029690325e-01,-0.000000000000000000e+00,-0.000000000000000000e+00,-0.000000000000000000e+00,-0.000000000000000000e+00,-0.000000000000000000e+00,-1.461559832129105674e-01,0.000000000000000000e+00,-0.000000000000000000e+00,0.000000000000000000e+00,-0.000000000000000000e+00,-0.000000000000000000e+00,-7.868196209150522813e-02,-0.000000000000000000e+00,-8.400837380946456212e-02,1.794960619864670814e+00,-0.000000000000000000e+00,-0.000000000000000000e+00,-2.611358391630460019e-01,0.000000000000000000e+00,-0.000000000000000000e+00,-0.000000000000000000e+00,-2.026836945720605562e-02,-3.883795773564845399e-01,-0.000000000000000000e+00,-0.000000000000000000e+00
-8.526638451522092210e-02,-0.000000000000000000e+00,-0.000000000000000000e+00,-0.000000000000000000e+00,-3.129074746631514414e-01,0.000000000000000000e+00,-0.000000000000000000e+00,0.000000000000000000e+00,-0.000000000000000000e+00,-2.021829194629463922e-01,0.000000000000000000e+00,0.000000000000000000e+00,0.000000000000000000e+00,-5.001268324478075344e-02,0.000000000000000000e+00,-4.174011259332216506e-01,0.000000000000000000e+00,-0.000000000000000000e+00,-1.062559949924723884e-01,-0.000000000000000000e+00,-0.000000000000000000e+00,-0.000000000000000000e+00,-1.581776126708508284e-02,0.000000000000000000e+00,-3.203601348756603961e-01,-0.000000000000000000e+00,-0.000000000000000000e+00,-3.843624467042379422e-02,-0.000000000000000000e+00,1.898996404964178319e+00,-0.000000000000000000e+00,-0.000000000000000000e+00,-0.000000000000000000e+00,-0.000000000000000000e+00,-0.000000000000000000e+00,-0.000000000000000000e+00,-0.000000000000000000e+00,-0.000000000000000000e+00,-2.953321159242203175e-01
-0.000000000000000000e+00,-0.000000000000000000e+00,-0.000000000000000000e+00,1.115780728212732442e-01,-0.000000000000000000e+00,-1.509350193417807184e-01,0.000000000000000000e+00,0.000000000000000000e+00,0.000000000000000000e+00,-2.271909848545959273e-02,-2.248888825512749060e-02,0.000000000000000000e+00,-0.000000000000000000e+00,-0.000000000000000000e+00,8.384470838581370433e-02,-0.000000000000000000e+00,-3.379207652349394686e-02,-0.000000000000000000e+00,1.217782964177713118e-01,2.259224068977810918e-02,-9.455173869611949167e-02,0.000000000000000000e+00,-2.109936953573075813e-01,-6.124766878369884010e-02,-2.588637316416067188e-02,-0.000000000000000000e+00,-2.553254649688069255e-01,-2.662647837680706120e-01,-0.000000000000000000e+00,-0.000000000000000000e+00,1.647562956094130060e+00,-6.011393103977592106e-02,-2.555075012016386204e-01,0.000000000000000000e+00,-1.756771837068855924e-01,-1.004007298251039654e-01,-3.123366683972302396e-02,0.000000000000000000e+00,0.000000000000000000e+00
-2.154780646624888663e-01,-4.087615137991359449e-01,-0.000000000000000000e+00,-0.000000000000000000e+00,-8.307335561136577895e-02,-0.000000000000000000e+00,0.000000000000000000e+00,0.000000000000000000e+00,-4.200987088460374913e-02,0.000000000000000000e+00,-0.000000000000000000e+00,0.000000000000000000e+00,2.026444282837355226e-01,-3.043700320875611931e-01,-0.000000000000000000e+00,-0.000000000000000000e+00,-3.236994697626329742e-01,-0.000000000000000000e+00,0.000000000000000000e+00,0.000000000000000000e+00,0.000000000000000000e+00,0.000000000000000000e+00,-0.000000000000000000e+00,-0.000000000000000000e+00,-0.000000000000000000e+00,-0.000000000000000000e+00,-4.820091327695830152e-01,-0.000000000000000000e+00,-2.611358391630460019e-01,-0.000000000000000000e+00,-6.011393103977592106e-02,2.122769760540699213e+00,-0.000000000000000000e+00,-0.000000000000000000e+00,0.000000000000000000e+00,-1.423717462896076369e-01,-0.000000000000000000e+00,-0.000000000000000000e+00,-0.000000000000000000e+00
-0.000000000000000000e+00,0.000000000000000000e+00,-5.583815327114767246e-01,0.000000000000000000e+00,-7.738746752380307181e-02,-0.000000000000000000e+00,-0.000000000000000000e+00,1.689221481220607585e-02,-0.000000000000000000e+00,-1.988054501589599232e-01,-1.144424916016474961e-02,0.000000000000000000e+00,-6.388798663536121580e-02,-2.257291769170703677e-01,0.000000000000000000e+00,-0.000000000000000000e+00,-0.000000000000000000e+00,-0.000000000000000000e+00,0.000000000000000000e+00,0.000000000000000000e+00,-5.758967904909720881e-01,-0.000000000000000000e+00,-4.305471407846105381e-01,-8.471557850150061852e-02,-0.000000000000000000e+00,0.000000000000000000e+00,-0.000000000000000000e+00,-1.087824435099303405e-01,0.000000000000000000e+00,-0.000000000000000000e+00,-2.555075012016386204e-01,-0.000000000000000000e+00,2.231129113979270162e+00,-0.000000000000000000e+00,-0.000000000000000000e+00,0.000000000000000000e+00,-0.000000000000000000e+00,0.000000000000000000e+00,-0.000000000000000000e+00
-3.232223158060053558e-01,-0.000000000000000000e+00,-3.712850971832314939e-01,-7.396756049307051661e-02,-1.468104297264920810e-01,2.493522338815010730e-01,-0.000000000000000000e+00,1.309838495598357189e-01,-1.158549887008806234e+00,0.000000000000000000e+00,0.000000000000000000e+00,-0.000000000000000000e+00,0.000000000000000000e+00,-0.000000000000000000e+00,-0.000000000000000000e+00,-4.611024273766979598e-02,0.000000000000000000e+00,-0.000000000000000000e+00,0.000000000000000000e+00,-0.000000000000000000e+00,0.000000000000000000e+00,-0.000000000000000000e+00,0.000000000000000000e+00,-0.000000000000000000e+00,0.000000000000000000e+00,-0.000000000000000000e+00,-4.072799983934369955e-02,-1.274878417513697904e-01,-0.000000000000000000e+00,-0.000000000000000000e+00,0.000000000000000000e+00,-0.000000000000000000e+00,-0.000000000000000000e+00,2.549690290747297361e+00,0.000000000000000000e+00,0.000000000000000000e+00,0.000000000000000000e+00,-9.454997467929188160e-02,-0.000000000000000000e+00
-0.000000000000000000e+00,0.000000000000000000e+00,0.000000000000000000e+00,0.000000000000000000e+00,0.000000000000000000e+00,-2.192337425587200794e-01,-0.000000000000000000e+00,-0.000000000000000000e+00,0.000000000000000000e+00,-0.000000000000000000e+00,-0.000000000000000000e+00,0.000000000000000000e+00,-0.000000000000000000e+00,-0.000000000000000000e+00,0.000000000000000000e+00,-0.000000000000000000e+00,-0.000000000000000000e+00,0.000000000000000000e+00,0.000000000000000000e+00,0.000000000000000000e+00,-3.223418908628012391e-01,-0.000000000000000000e+00,-1.725836366426914403e-01,-0.000000000000000000e+00,-2.221991350335152660e-01,0.000000000000000000e+00,-0.000000000000000000e+00,-0.000000000000000000e+00,-0.000000000000000000e+00,-0.000000000000000000e+00,-1.756771837068855924e-01,0.000000000000000000e+00,-0.000000000000000000e+00,0.000000000000000000e+00,2.063288938310516407e+00,-0.000000000000000000e+00,-8.834714876884212087e-01,0.000000000000000000e+00,0.000000000000000000e+00
-1.225284195735663467e-01,-3.472960747254560943e-01,0.000000000000000000e+00,0.000000000000000000e+00,0.000000000000000000e+00,-0.000000000000000000e+00,-0.000000000000000000e+00,-0.000000000000000000e+00,-0.000000000000000000e+00,-0.000000000000000000e+00,0.000000000000000000e+00,1.244008299823667341e-01,9.792560481645941339e-02,-0.000000000000000000e+00,0.000000000000000000e+00,-0.000000000000000000e+00,-0.000000000000000000e+00,0.000000000000000000e+00,0.000000000000000000e+00,0.000000000000000000e+00,0.000000000000000000e+00,0.000000000000000000e+00,-0.000000000000000000e+00,0.000000000000000000e+00,-3.524889935128543150e-02,-0.000000000000000000e+00,-0.000000000000000000e+00,-0.000000000000000000e+00,-2.026836945720605562e-02,-0.000000000000000000e+00,-1.004007298251039654e-01,-1.423717462896076369e-01,0.000000000000000000e+00,0.000000000000000000e+00,-0.000000000000000000e+00,1.309650377398094312e+00,-6.816198687050735450e-02,0.000000000000000000e+00,0.000000000000000000e+00
-0.000000000000000000e+00,-0.000000000000000000e+00,0.000000000000000000e+00,0.000000000000000000e+00,0.000000000000000000e+00,-3.857004579946209377e-01,-2.300419066997310205e-02,-0.000000000000000000e+00,0.000000000000000000e+00,-0.000000000000000000e+00,-0.000000000000000000e+00,8.963359826533814217e-03,-0.000000000000000000e+00,-0.000000000000000000e+00,0.000000000000000000e+00,-0.000000000000000000e+00,-0.000000000000000000e+00,0.000000000000000000e+00,0.000000000000000000e+00,0.000000000000000000e+00,-1.039257344535150090e-01,-0.000000000000000000e+00,-1.045955932474693789e-01,-0.000000000000000000e+00,-2.368098845379625339e-01,0.000000000000000000e+00,0.000000000000000000e+00,-0.000000000000000000e+00,-3.883795773564845399e-01,-0.000000000000000000e+00,-3.123366683972302396e-02,-0.000000000000000000e+00,-0.000000000000000000e+00,0.000000000000000000e+00,-8.834714876884212087e-01,-6.816198687050735450e-02,2.089540692874947592e+00,0.000000000000000000e+00,0.000000000000000000e+00
-0.000000000000000000e+00,0.000000000000000000e+00,-0.000000000000000000e+00,-8.458705542169608904e-02,-0.000000000000000000e+00,6.982603065501570561e-02,0.000000000000000000e+00,-0.000000000000000000e+00,-4.150575516898690198e-01,-0.000000000000000000e+00,-0.000000000000000000e+00,-2.238741103931629062e-01,1.307043688312972407e-01,-0.000000000000000000e+00,-3.693529815464863253e-01,-0.000000000000000000e+00,0.000000000000000000e+00,-4.265167158001053060e-01,-0.000000000000000000e+00,-0.000000000000000000e+00,0.000000000000000000e+00,-0.000000000000000000e+00,0.000000000000000000e+00,-0.000000000000000000e+00,0.000000000000000000e+00,-5.704497989166887884e-01,-0.000000000000000000e+00,-0.000000000000000000e+00,-0.000000000000000000e+00,-0.000000000000000000e+00,0.000000000000000000e+00,-0.000000000000000000e+00,0.000000000000000000e+00,-9.454997467929188160e-02,0.000000000000000000e+00,0.000000000000000000e+00,0.000000000000000000e+00,2.532834168031212307e+00,-3.638126347944170558e-01
-0.000000000000000000e+00,-0.000000000000000000e+00,-0.000000000000000000e+00,0.000000000000000000e+00,-2.812500462469710860e-01,9.363307784757059216e-02,-0.000000000000000000e+00,0.000000000000000000e+00,-0.000000000000000000e+00,-2.407108208914262304e-01,0.000000000000000000e+00,-0.000000000000000000e+00,1.644913913130849614e-01,-0.000000000000000000e+00,-0.000000000000000000e+00,-0.000000000000000000e+00,0.000000000000000000e+00,-0.000000000000000000e+00,-8.988212245567721581e-01,-0.000000000000000000e+00,0.000000000000000000e+00,0.000000000000000000e+00,-0.000000000000000000e+00,0.000000000000000000e+00,-0.000000000000000000e+00,-0.000000000000000000e+00,0.000000000000000000e+00,-0.000000000000000000e+00,-0.000000000000000000e+00,-2.953321159242203175e-01,0.000000000000000000e+00,-0.000000000000000000e+00,-0.000000000000000000e+00,-0.000000000000000000e+00,0.000000000000000000e+00,0.000000000000000000e+00,0.000000000000000000e+00,-3.638126347944170558e-01,2.218746864375677585e+00
