2.183647113921868499e+00,-0.000000000000000000e+00,-5.031859294294615398e-02,-0.000000000000000000e+00,-1.259500924152594237e-01,0.000000000000000000e+00,-0.000000000000000000e+00,0.000000000000000000e+00,-7.000751761596334111e-02,-0.000000000000000000e+00,1.523084109724574253e-01,0.000000000000000000e+00,0.000000000000000000e+00,-0.000000000000000000e+00,0.000000000000000000e+00,-7.743028253336176059e-01,0.000000000000000000e+00,-0.000000000000000000e+00,-1.245919361143941681e-02,-4.284297501039213141e-01,-0.000000000000000000e+00,-0.000000000000000000e+00,0.000000000000000000e+00,0.000000000000000000e+00,-0.000000000000000000e+00,-2.754562622939825678e-01,0.000000000000000000e+00,-1.634032924845701396e-01,-2.127259024768279327e-01,-3.124673410007663358e-03,-0.000000000000000000e+00,0.000000000000000000e+00,-0.000000000000000000e+00,-1.347244976096840796e-01,-0.000000000000000000e+00,-1.311327509844723571e-01,-0.000000000000000000e+00,-0.000000000000000000e+00,-0.000000000000000000e+00
-0.000000000000000000e+00,1.990775837772444268e+00,0.000000000000000000e+00,-0.000000000000000000e+00,-0.000000000000000000e+00,-0.000000000000000000e+00,-2.655078674196941213e-01,0.000000000000000000e+00,-4.509755694515691360e-01,-3.741241950219615364e-01,-0.000000000000000000e+00,3.344286487526803436e-02,-0.000000000000000000e+00,0.000000000000000000e+00,0.000000000000000000e+00,-0.000000000000000000e+00,0.000000000000000000e+00,-0.000000000000000000e+00,-3.312891022324847001e-01,0.000000000000000000e+00,0.000000000000000000e+00,-0.000000000000000000e+00,0.000000000000000000e+00,0.000000000000000000e+00,-0.000000000000000000e+00,-0.000000000000000000e+00,-5.890522386492209189e-02,0.000000000000000000e+00,0.000000000000000000e+00,-0.000000000000000000e+00,-0.000000000000000000e+00,-1.359597074177232578e-01,2.500804485192162918e-01,-2.282527489751462468e-01,-0.000000000000000000e+00,-0.000000000000000000e+00,-0.000000000000000000e+00,-0.000000000000000000e+00,-2.018771572574659390e-01
-5.031859294294615398e-02,0.000000000000000000e+00,2.071500873935770315e+00,0.000000000000000000e+00,-4.036310186414178713e-01,0.000000000000000000e+00,-0.000000000000000000e+00,5.806192829132421629e-01,-0.000000000000000000e+00,-0.000000000000000000e+00,0.000000000000000000e+00,0.000000000000000000e+00,-0.000000000000000000e+00,-0.000000000000000000e+00,-0.000000000000000000e+00,-2.180514918153887358e-02,0.000000000000000000e+00,-0.000000000000000000e+00,-0.000000000000000000e+00,-0.000000000000000000e+00,-5.210780005324044950e-01,-1.920511256983138682e-01,0.000000000000000000e+00,-0.000000000000000000e+00,-0.000000000000000000e+00,-0.000000000000000000e+00,-0.000000000000000000e+00,-1.935794301933535799e-01,-0.000000000000000000e+00,-0.000000000000000000e+00,-7.915977022188119827e-02,0.000000000000000000e+00,-1.345907586725048066e-01,-0.000000000000000000e+00,-2.537654073304579927e-01,-0.000000000000000000e+00,-0.000000000000000000e+00,0.000000000000000000e+00,0.000000000000000000e+00
-0.000000000000000000e+00,-0.000000000000000000e+00,0.000000000000000000e+00,1.455260135748574379e+00,-0.000000000000000000e+00,-0.000000000000000000e+00,-0.000000000000000000e+00,-0.000000000000000000e+00,-3.503071063159166054e-02,-0.000000000000000000e+00,0.000000000000000000e+00,0.000000000000000000e+00,0.000000000000000000e+00,0.000000000000000000e+00,0.000000000000000000e+00,-0.000000000000000000e+00,-0.000000000000000000e+00,-3.209859240425196325e-01,-3.702695601112834800e-01,-0.000000000000000000e+00,0.000000000000000000e+00,0.000000000000000000e+00,-0.000000000000000000e+00,0.000000000000000000e+00,0.000000000000000000e+00,-0.000000000000000000e+00,0.000000000000000000e+00,0.000000000000000000e+00,-0.000000000000000000e+00,-0.000000000000000000e+00,0.000000000000000000e+00,0.000000000000000000e+00,0.000000000000000000e+00,-0.000000000000000000e+00,1.813953707561547779e-01,-0.000000000000000000e+00,0.000000000000000000e+00,-2.553854823602072499e-01,-6.141289062586768877e-02
-1.259500924152594237e-01,-0.000000000000000000e+00,-4.036310186414178713e-01,-0.000000000000000000e+00,1.578812141073689057e+00,0.000000000000000000e+00,-0.000000000000000000e+00,8.514615499352935768e-02,-3.715674605935730401e-01,-0.000000000000000000e+00,0.000000000000000000e+00,0.000000000000000000e+00,-0.000000000000000000e+00,-5.537837963165267302e-02,0.000000000000000000e+00,-0.000000000000000000e+00,0.000000000000000000e+00,-0.000000000000000000e+00,-8.893607510060932975e-02,-0.000000000000000000e+00,-0.000000000000000000e+00,-0.000000000000000000e+00,-0.000000000000000000e+00,-0.000000000000000000e+00,-0.000000000000000000e+00,-5.517466869685564573e-02,-6.481738486664471999e-02,-1.900993367457374794e-01,-0.000000000000000000e+00,-0.000000000000000000e+00,-1.196625447305736389e-01,-0.000000000000000000e+00,-0.000000000000000000e+00,-0.000000000000000000e+00,-0.000000000000000000e+00,-0.000000000000000000e+00,-0.000000000000000000e+00,-0.000000000000000000e+00,-0.000000000000000000e+00
0.000000000000000000e+00,-0.000000000000000000e+00,0.000000000000000000e+00,-0.000000000000000000e+00,0.000000000000000000e+00,1.888975093604881250e+00,0.000000000000000000e+00,-0.000000000000000000e+00,-0.000000000000000000e+00,0.000000000000000000e+00,-3.998427999571793623e-01,-0.000000000000000000e+00,0.000000000000000000e+00,-0.000000000000000000e+00,0.000000000000000000e+00,1.950395209090170778e-01,-5.728236629190308626e-01,-0.000000000000000000e+00,0.000000000000000000e+00,2.679677878815866499e-01,8.700227331860864444e-02,0.000000000000000000e+00,-7.167181003154102746e-03,-2.874145692224122639e-01,0.000000000000000000e+00,-0.000000000000000000e+00,-0.000000000000000000e+00,0.000000000000000000e+00,0.000000000000000000e+00,0.000000000000000000e+00,0.000000000000000000e+00,-0.000000000000000000e+00,0.000000000000000000e+00,0.000000000000000000e+00,0.000000000000000000e+00,0.000000000000000000e+00,0.000000000000000000e+00,-0.000000000000000000e+00,-4.991494970776187007e-02
-0.000000000000000000e+00,-2.655078674196941213e-01,-0.000000000000000000e+00,-0.000000000000000000e+00,-0.000000000000000000e+00,0.000000000000000000e+00,2.569744206298754108e+00,0.000000000000000000e+00,-3.726817574749097944e-02,-5.082914243284722966e-01,-0.000000000000000000e+00,2.944621791735357319e-01,-0.000000000000000000e+00,0.000000000000000000e+00,-0.000000000000000000e+00,-0.000000000000000000e+00,0.000000000000000000e+00,-0.000000000000000000e+00,-5.126584237744183925e-01,-0.000000000000000000e+00,0.000000000000000000e+00,-0.000000000000000000e+00,0.000000000000000000e+00,0.000000000000000000e+00,-3.659924343516198220e-01,0.000000000000000000e+00,-0.000000000000000000e+00,0.000000000000000000e+00,0.000000000000000000e+00,-3.604867320988994761e-01,-0.000000000000000000e+00,-0.000000000000000000e+00,0.000000000000000000e+00,-4.229151426897690552e-02,-0.000000000000000000e+00,-3.145930614200705966e-01,-0.000000000000000000e+00,-0.000000000000000000e+00,-0.000000000000000000e+00
0.000000000000000000e+00,0.000000000000000000e+00,5.806192829132421629e-01,-0.000000000000000000e+00,8.514615499352935768e-02,-0.000000000000000000e+00,0.000000000000000000e+00,1.522911342001969537e+00,0.000000000000000000e+00,0.000000000000000000e+00,-0.000000000000000000e+00,-0.000000000000000000e+00,-0.000000000000000000e+00,0.000000000000000000e+00,-0.000000000000000000e+00,0.000000000000000000e+00,0.000000000000000000e+00,0.000000000000000000e+00,0.000000000000000000e+00,0.000000000000000000e+00,3.322218100638026778e-02,0.000000000000000000e+00,0.000000000000000000e+00,0.000000000000000000e+00,0.000000000000000000e+00,1.074594203145472042e-02,0.000000000000000000e+00,3.340510207533213261e-01,0.000000000000000000e+00,0.000000000000000000e+00,0.000000000000000000e+00,-0.000000000000000000e+00,6.737771174027072651e-02,-0.000000000000000000e+00,6.142165134662872644e-02,0.000000000000000000e+00,0.000000000000000000e+00,0.000000000000000000e+00,0.000000000000000000e+00
-7.000751761596334111e-02,-4.509755694515691360e-01,-0.000000000000000000e+00,-3.503071063159166054e-02,-3.715674605935730401e-01,-0.000000000000000000e+00,-3.726817574749097944e-02,0.000000000000000000e+00,2.358523485230972661e+00,-0.000000000000000000e+00,-0.000000000000000000e+00,5.757380496966086475e-02,0.000000000000000000e+00,-0.000000000000000000e+00,0.000000000000000000e+00,-0.000000000000000000e+00,-0.000000000000000000e+00,-5.440270185884765741e-01,-5.423408820061259572e-01,-0.000000000000000000e+00,0.000000000000000000e+00,-0.000000000000000000e+00,-0.000000000000000000e+00,0.000000000000000000e+00,-0.000000000000000000e+00,-0.000000000000000000e+00,-0.000000000000000000e+00,-0.000000000000000000e+00,-0.000000000000000000e+00,-0.000000000000000000e+00,-0.000000000000000000e+00,-0.000000000000000000e+00,0.000000000000000000e+00,-2.379063651484485675e-01,-0.000000000000000000e+00,-0.000000000000000000e+00,-0.000000000000000000e+00,-1.480769529762179515e-01,-2.733534671686257966e-01
-0.000000000000000000e+00,-3.741241950219615364e-01,-0.000000000000000000e+00,-0.000000000000000000e+00,-0.000000000000000000e+00,0.000000000000000000e+00,-5.082914243284722966e-01,0.000000000000000000e+00,-0.000000000000000000e+00,2.671450205925670396e+00,-0.000000000000000000e+00,1.152533075952784231e-01,-2.381247560531053742e-01,0.000000000000000000e+00,-0.000000000000000000e+00,-0.000000000000000000e+00,0.000000000000000000e+00,0.000000000000000000e+00,-6.041245848668021917e-02,-0.000000000000000000e+00,0.000000000000000000e+00,-1.747736384986501180e-03,1.680629351922609538e-01,0.000000000000000000e+00,-5.949100843190864296e-01,0.000000000000000000e+00,-1.443954480580919748e-02,0.000000000000000000e+00,0.000000000000000000e+00,-4.236959753048564759e-01,-0.000000000000000000e+00,-8.990207601163775070e-03,0.000000000000000000e+00,-0.000000000000000000e+00,-0.000000000000000000e+00,-3.190219914633007914e-01,-5.758185249373094783e-02,0.000000000000000000e+00,0.000000000000000000e+00
1.523084109724574253e-01,-0.000000000000000000e+00,0.000000000000000000e+00,0.000000000000000000e+00,0.000000000000000000e+00,-3.998427999571793623e-01,-0.000000000000000000e+00,-0.000000000000000000e+00,-0.000000000000000000e+00,-0.000000000000000000e+00,1.660044298566281551e+00,0.000000000000000000e+00,-0.000000000000000000e+00,0.000000000000000000e+00,0.000000000000000000e+00,6.948042255376248554e-03,-0.000000000000000000e+00,-0.000000000000000000e+00,-0.000000000000000000e+00,1.010665472424117084e-01,1.301293563750454407e-01,0.000000000000000000e+00,0.000000000000000000e+00,-2.167611623952416799e-01,-0.000000000000000000e+00,0.000000000000000000e+00,-0.000000000000000000e+00,0.000000000000000000e+00,0.000000000000000000e+00,0.000000000000000000e+00,-0.000000000000000000e+00,-6.699202572948880219e-01,0.000000000000000000e+00,0.000000000000000000e+00,-0.000000000000000000e+00,0.000000000000000000e+00,-0.000000000000000000e+00,-0.000000000000000000e+00,-0.000000000000000000e+00
0.000000000000000000e+00,3.344286487526803436e-02,0.000000000000000000e+00,0.000000000000000000e+00,0.000000000000000000e+00,-0.000000000000000000e+00,2.944621791735357319e-01,-0.000000000000000000e+00,5.757380496966086475e-02,1.152533075952784231e-01,0.000000000000000000e+00,1.578939794287810727e+00,0.000000000000000000e+00,-0.000000000000000000e+00,-0.000000000000000000e+00,0.000000000000000000e+00,-0.000000000000000000e+00,0.000000000000000000e+00,5.184205154332038878e-01,0.000000000000000000e+00,-0.000000000000000000e+00,0.000000000000000000e+00,-0.000000000000000000e+00,-0.000000000000000000e+00,8.176106817159427276e-02,-0.000000000000000000e+00,0.000000000000000000e+00,0.000000000000000000e+00,-0.000000000000000000e+00,1.093253630009121714e-02,0.000000000000000000e+00,0.000000000000000000e+00,-0.000000000000000000e+00,0.000000000000000000e+00,0.000000000000000000e+00,6.786294254660373004e-02,0.000000000000000000e+00,0.000000000000000000e+00,0.000000000000000000e+00
0.000000000000000000e+00,-0.000000000000000000e+00,-0.000000000000000000e+00,0.000000000000000000e+00,-0.000000000000000000e+00,0.000000000000000000e+00,-0.000000000000000000e+00,-0.000000000000000000e+00,0.000000000000000000e+00,-2.381247560531053742e-01,-0.000000000000000000e+00,0.000000000000000000e+00,2.135749774560641967e+00,0.000000000000000000e+00,-2.354668537020784269e-01,-0.000000000000000000e+00,9.694663814934060403e-03,5.072961013016311776e-02,-0.000000000000000000e+00,-0.000000000000000000e+00,-0.000000000000000000e+00,-4.363404798015805830e-01,4.881329750818555469e-01,0.000000000000000000e+00,-2.956631893014468049e-01,1.683839317427829052e-01,-0.000000000000000000e+00,0.000000000000000000e+00,5.860417070843023518e-02,-0.000000000000000000e+00,-7.591327483775868468e-02,-1.976876863822488173e-01,0.000000000000000000e+00,0.000000000000000000e+00,-0.000000000000000000e+00,-0.000000000000000000e+00,-8.932462809234145706e-02,1.249975472015879135e-01,8.023576865226200727e-02
-0.000000000000000000e+00,0.000000000000000000e+00,-0.000000000000000000e+00,0.000000000000000000e+00,-5.537837963165267302e-02,-0.000000000000000000e+00,0.000000000000000000e+00,0.000000000000000000e+00,-0.000000000000000000e+00,0.000000000000000000e+00,0.000000000000000000e+00,-0.000000000000000000e+00,0.000000000000000000e+00,1.469461691710610918e+00,0.000000000000000000e+00,-0.000000000000000000e+00,-0.000000000000000000e+00,-0.000000000000000000e+00,0.000000000000000000e+00,-0.000000000000000000e+00,-0.000000000000000000e+00,0.000000000000000000e+00,-1.072289860496329628e-01,-0.000000000000000000e+00,0.000000000000000000e+00,-3.232404983241004004e-01,-0.000000000000000000e+00,-2.193844089986433654e-01,-3.952833965290928342e-01,0.000000000000000000e+00,-0.000000000000000000e+00,0.000000000000000000e+00,-6.879196577567171789e-02,-0.000000000000000000e+00,-0.000000000000000000e+00,-0.000000000000000000e+00,-0.000000000000000000e+00,-0.000000000000000000e+00,0.000000000000000000e+00
0.000000000000000000e+00,0.000000000000000000e+00,-0.000000000000000000e+00,0.000000000000000000e+00,0.000000000000000000e+00,0.000000000000000000e+00,-0.000000000000000000e+00,-0.000000000000000000e+00,0.000000000000000000e+00,-0.000000000000000000e+00,0.000000000000000000e+00,-0.000000000000000000e+00,-2.354668537020784269e-01,0.000000000000000000e+00,1.698385609890542103e+00,-0.000000000000000000e+00,1.439573773529746470e-01,5.082218301416187023e-01,0.000000000000000000e+00,-0.000000000000000000e+00,-0.000000000000000000e+00,-2.201387543176671789e-04,1.511021513274121986e-01,0.000000000000000000e+00,-0.000000000000000000e+00,2.185427787260701415e-01,-0.000000000000000000e+00,0.000000000000000000e+00,0.000000000000000000e+00,-0.000000000000000000e+00,-0.000000000000000000e+00,-0.000000000000000000e+00,0.000000000000000000e+00,0.000000000000000000e+00,-0.000000000000000000e+00,-0.000000000000000000e+00,-0.000000000000000000e+00,2.629531728059064100e-01,8.803229121282445113e-02
-7.743028253336176059e-01,-0.000000000000000000e+00,-2.180514918153887358e-02,-0.000000000000000000e+00,-0.000000000000000000e+00,1.950395209090170778e-01,-0.000000000000000000e+00,0.000000000000000000e+00,-0.000000000000000000e+00,-0.000000000000000000e+00,6.948042255376248554e-03,0.000000000000000000e+00,-0.000000000000000000e+00,-0.000000000000000000e+00,-0.000000000000000000e+00,2.648312460221579290e+00,2.231513541471243367e-01,-0.000000000000000000e+00,-5.654935663050488642e-02,-4.471503983942258786e-01,-0.000000000000000000e+00,-0.000000000000000000e+00,0.000000000000000000e+00,1.698261963080543724e-01,-0.000000000000000000e+00,-0.000000000000000000e+00,-0.000000000000000000e+00,-0.000000000000000000e+00,-0.000000000000000000e+00,-4.960468675377168180e-01,-0.000000000000000000e+00,0.000000000000000000e+00,0.000000000000000000e+00,-3.550998772513917767e-02,-0.000000000000000000e+00,-4.191738455949322595e-01,-0.000000000000000000e+00,0.000000000000000000e+00,0.000000000000000000e+00
0.000000000000000000e+00,0.000000000000000000e+00,0.000000000000000000e+00,-0.000000000000000000e+00,0.000000000000000000e+00,-5.728236629190308626e-01,0.000000000000000000e+00,0.000000000000000000e+00,-0.000000000000000000e+00,0.000000000000000000e+00,-0.000000000000000000e+00,-0.000000000000000000e+00,9.694663814934060403e-03,-0.000000000000000000e+00,1.439573773529746470e-01,2.231513541471243367e-01,2.308428588632734257e+00,-0.000000000000000000e+00,0.000000000000000000e+00,1.374600154920596617e-01,0.000000000000000000e+00,2.632070399536543537e-01,-3.455943626559673243e-01,-2.216124345425976305e-01,0.000000000000000000e+00,-0.000000000000000000e+00,0.000000000000000000e+00,-0.000000000000000000e+00,-0.000000000000000000e+00,3.735196169660383592e-01,0.000000000000000000e+00,-0.000000000000000000e+00,-0.000000000000000000e+00,0.000000000000000000e+00,0.000000000000000000e+00,2.451798346315184340e-01,0.000000000000000000e+00,-0.000000000000000000e+00,-0.000000000000000000e+00
-0.000000000000000000e+00,-0.000000000000000000e+00,-0.000000000000000000e+00,-3.209859240425196325e-01,-0.000000000000000000e+00,-0.000000000000000000e+00,-0.000000000000000000e+00,0.000000000000000000e+00,-5.440270185884765741e-01,0.000000000000000000e+00,-0.000000000000000000e+00,0.000000000000000000e+00,5.072961013016311776e-02,-0.000000000000000000e+00,5.082218301416187023e-01,-0.000000000000000000e+00,-0.000000000000000000e+00,2.368113237625868006e+00,-0.000000000000000000e+00,-0.000000000000000000e+00,0.000000000000000000e+00,0.000000000000000000e+00,-1.748896762804634519e-02,-0.000000000000000000e+00,0.000000000000000000e+00,-3.415111337933515734e-01,-0.000000000000000000e+00,-0.000000000000000000e+00,-0.000000000000000000e+00,0.000000000000000000e+00,0.000000000000000000e+00,0.000000000000000000e+00,0.000000000000000000e+00,-0.000000000000000000e+00,0.000000000000000000e+00,0.000000000000000000e+00,0.000000000000000000e+00,-3.941544026532626810e-01,-4.384273887448322804e-01
-1.245919361143941681e-02,-3.312891022324847001e-01,-0.000000000000000000e+00,-3.702695601112834800e-01,-8.893607510060932975e-02,0.000000000000000000e+00,-5.126584237744183925e-01,0.000000000000000000e+00,-5.423408820061259572e-01,-6.041245848668021917e-02,-0.000000000000000000e+00,5.184205154332038878e-01,-0.000000000000000000e+00,0.000000000000000000e+00,0.000000000000000000e+00,-5.654935663050488642e-02,0.000000000000000000e+00,-0.000000000000000000e+00,2.354232393465629514e+00,-0.000000000000000000e+00,0.000000000000000000e+00,-0.000000000000000000e+00,0.000000000000000000e+00,0.000000000000000000e+00,-0.000000000000000000e+00,-0.000000000000000000e+00,-0.000000000000000000e+00,-0.000000000000000000e+00,0.000000000000000000e+00,-2.235017923248862337e-02,-0.000000000000000000e+00,-0.000000000000000000e+00,0.000000000000000000e+00,-5.628016787459474285e-02,-0.000000000000000000e+00,-5.264988254465631512e-02,-0.000000000000000000e+00,-0.000000000000000000e+00,-0.000000000000000000e+00
-4.284297501039213141e-01,0.000000000000000000e+00,-0.000000000000000000e+00,-0.000000000000000000e+00,-0.000000000000000000e+00,2.679677878815866499e-01,-0.000000000000000000e+00,0.000000000000000000e+00,-0.000000000000000000e+00,-0.000000000000000000e+00,1.010665472424117084e-01,0.000000000000000000e+00,-0.000000000000000000e+00,-0.000000000000000000e+00,-0.000000000000000000e+00,-4.471503983942258786e-01,1.374600154920596617e-01,-0.000000000000000000e+00,-0.000000000000000000e+00,1.955852162203480571e+00,-2.121137885839474435e-01,-6.876858014013426112e-02,0.000000000000000000e+00,1.465727988867386311e-01,-0.000000000000000000e+00,-0.000000000000000000e+00,0.000000000000000000e+00,-0.000000000000000000e+00,-0.000000000000000000e+00,-5.553704493719930496e-02,-0.000000000000000000e+00,0.000000000000000000e+00,-0.000000000000000000e+00,-0.000000000000000000e+00,-0.000000000000000000e+00,-6.762597856076564551e-02,-0.000000000000000000e+00,0.000000000000000000e+00,0.000000000000000000e+00
-0.000000000000000000e+00,0.000000000000000000e+00,-5.210780005324044950e-01,0.000000000000000000e+00,-0.000000000000000000e+00,8.700227331860864444e-02,0.000000000000000000e+00,3.322218100638026778e-02,0.000000000000000000e+00,0.000000000000000000e+00,1.301293563750454407e-01,-0.000000000000000000e+00,-0.000000000000000000e+00,-0.000000000000000000e+00,-0.000000000000000000e+00,-0.000000000000000000e+00,0.000000000000000000e+00,0.000000000000000000e+00,0.000000000000000000e+00,-2.121137885839474435e-01,1.666236234867781274e+00,-8.070605902952876498e-02,0.000000000000000000e+00,0.000000000000000000e+00,0.000000000000000000e+00,-0.000000000000000000e+00,0.000000000000000000e+00,-1.164622863376135568e-02,-0.000000000000000000e+00,-0.000000000000000000e+00,-0.000000000000000000e+00,1.829918281122050114e-02,-4.784884032903045648e-01,0.000000000000000000e+00,-0.000000000000000000e+00,-0.000000000000000000e+00,-0.000000000000000000e+00,1.512886957350295936e-01,2.839802349665615858e-02
-0.000000000000000000e+00,-0.000000000000000000e+00,-1.920511256983138682e-01,0.000000000000000000e+00,-0.000000000000000000e+00,0.000000000000000000e+00,-0.000000000000000000e+00,0.000000000000000000e+00,-0.000000000000000000e+00,-1.747736384986501180e-03,0.000000000000000000e+00,0.000000000000000000e+00,-4.363404798015805830e-01,0.000000000000000000e+00,-2.201387543176671789e-04,-0.000000000000000000e+00,2.632070399536543537e-01,0.000000000000000000e+00,-0.000000000000000000e+00,-6.876858014013426112e-02,-8.070605902952876498e-02,2.127820962905053293e+00,2.644875200578206131e-01,0.000000000000000000e+00,-1.255915208058122623e-01,0.000000000000000000e+00,-0.000000000000000000e+00,0.000000000000000000e+00,0.000000000000000000e+00,-2.784617037299879083e-01,-0.000000000000000000e+00,-0.000000000000000000e+00,-0.000000000000000000e+00,-0.000000000000000000e+00,-9.914318495804893758e-03,-3.208821493544741776e-01,-1.498028132069471330e-01,1.084150190673575515e-01,3.055905432261367752e-02
0.000000000000000000e+00,0.000000000000000000e+00,0.000000000000000000e+00,-0.000000000000000000e+00,-0.000000000000000000e+00,-7.167181003154102746e-03,0.000000000000000000e+00,0.000000000000000000e+00,-0.000000000000000000e+00,1.680629351922609538e-01,0.000000000000000000e+00,-0.000000000000000000e+00,4.881329750818555469e-01,-1.072289860496329628e-01,1.511021513274121986e-01,0.000000000000000000e+00,-3.455943626559673243e-01,-1.748896762804634519e-02,0.000000000000000000e+00,0.000000000000000000e+00,0.000000000000000000e+00,2.644875200578206131e-01,1.914024563951030489e+00,-0.000000000000000000e+00,1.419822189264957069e-01,-0.000000000000000000e+00,0.000000000000000000e+00,-0.000000000000000000e+00,-2.476018218099728940e-01,1.984008662895404493e-02,0.000000000000000000e+00,0.000000000000000000e+00,-0.000000000000000000e+00,0.000000000000000000e+00,0.000000000000000000e+00,0.000000000000000000e+00,0.000000000000000000e+00,-0.000000000000000000e+00,-1.302430700405731445e-01
0.000000000000000000e+00,0.000000000000000000e+00,-0.000000000000000000e+00,0.000000000000000000e+00,-0.000000000000000000e+00,-2.874145692224122639e-01,0.000000000000000000e+00,0.000000000000000000e+00,0.000000000000000000e+00,0.000000000000000000e+00,-2.167611623952416799e-01,-0.000000000000000000e+00,0.000000000000000000e+00,-0.000000000000000000e+00,0.000000000000000000e+00,1.698261963080543724e-01,-2.216124345425976305e-01,-0.000000000000000000e+00,0.000000000000000000e+00,1.465727988867386311e-01,0.000000000000000000e+00,0.000000000000000000e+00,-0.000000000000000000e+00,1.429507924441865585e+00,-0.000000000000000000e+00,-0.000000000000000000e+00,-2.815212267220717872e-03,-0.000000000000000000e+00,0.000000000000000000e+00,0.000000000000000000e+00,-0.000000000000000000e+00,-0.000000000000000000e+00,-0.000000000000000000e+00,0.000000000000000000e+00,-0.000000000000000000e+00,0.000000000000000000e+00,-0.000000000000000000e+00,-0.000000000000000000e+00,-0.000000000000000000e+00
-0.000000000000000000e+00,-0.000000000000000000e+00,-0.000000000000000000e+00,0.000000000000000000e+00,-0.000000000000000000e+00,0.000000000000000000e+00,-3.659924343516198220e-01,0.000000000000000000e+00,-0.000000000000000000e+00,-5.949100843190864296e-01,-0.000000000000000000e+00,8.176106817159427276e-02,-2.956631893014468049e-01,0.000000000000000000e+00,-0.000000000000000000e+00,-0.000000000000000000e+00,0.000000000000000000e+00,0.000000000000000000e+00,-0.000000000000000000e+00,-0.000000000000000000e+00,0.000000000000000000e+00,-1.255915208058122623e-01,1.419822189264957069e-01,-0.000000000000000000e+00,2.543240080860135865e+00,0.000000000000000000e+00,-3.992980374614232275e-01,0.000000000000000000e+00,0.000000000000000000e+00,-1.451057198280341354e-01,-3.681379839192690934e-02,-1.145076998022531017e-01,0.000000000000000000e+00,-0.000000000000000000e+00,-1.015025668251111068e-01,-1.688705267494341744e-01,-3.066828607252158334e-01,0.000000000000000000e+00,0.000000000000000000e+00
-2.754562622939825678e-01,-0.000000000000000000e+00,-0.000000000000000000e+00,-0.000000000000000000e+00,-5.517466869685564573e-02,-0.000000000000000000e+00,0.000000000000000000e+00,1.074594203145472042e-02,-0.000000000000000000e+00,0.000000000000000000e+00,0.000000000000000000e+00,-0.000000000000000000e+00,1.683839317427829052e-01,-3.232404983241004004e-01,2.185427787260701415e-01,-0.000000000000000000e+00,-0.000000000000000000e+00,-3.415111337933515734e-01,-0.000000000000000000e+00,-0.000000000000000000e+00,-0.000000000000000000e+00,0.000000000000000000e+00,-0.000000000000000000e+00,-0.000000000000000000e+00,0.000000000000000000e+00,2.035110646091941256e+00,0.000000000000000000e+00,-5.845873744887007950e-01,-3.524172608041751809e-01,0.000000000000000000e+00,-0.000000000000000000e+00,0.000000000000000000e+00,-0.000000000000000000e+00,-0.000000000000000000e+00,-0.000000000000000000e+00,-0.000000000000000000e+00,-0.000000000000000000e+00,-0.000000000000000000e+00,-0.000000000000000000e+00
0.000000000000000000e+00,-5.890522386492209189e-02,-0.000000000000000000e+00,0.000000000000000000e+00,-6.481738486664471999e-02,-0.000000000000000000e+00,-0.000000000000000000e+00,0.000000000000000000e+00,-0.000000000000000000e+00,-1.443954480580919748e-02,-0.000000000000000000e+00,0.000000000000000000e+00,-0.000000000000000000e+00,-0.000000000000000000e+00,-0.000000000000000000e+00,-0.000000000000000000e+00,0.000000000000000000e+00,-0.000000000000000000e+00,-0.000000000000000000e+00,0.000000000000000000e+00,0.000000000000000000e+00,-0.000000000000000000e+00,0.000000000000000000e+00,-2.815212267220717872e-03,-3.992980374614232275e-01,0.000000000000000000e+00,1.729810401011886878e+00,-0.000000000000000000e+00,0.000000000000000000e+00,-0.000000000000000000e+00,-2.542310297823096588e-01,-5.561116181970577887e-01,0.000000000000000000e+00,-0.000000000000000000e+00,-1.658981452091287945e-01,-0.000000000000000000e+00,-1.906919477063211410e-01,0.000000000000000000e+00,0.000000000000000000e+00
-1.634032924845701396e-01,0.000000000000000000e+00,-1.935794301933535799e-01,0.000000000000000000e+00,-1.900993367457374794e-01,0.000000000000000000e+00,0.000000000000000000e+00,3.340510207533213261e-01,-0.000000000000000000e+00,0.000000000000000000e+00,0.000000000000000000e+00,0.000000000000000000e+00,0.000000000000000000e+00,-2.193844089986433654e-01,0.000000000000000000e+00,-0.000000000000000000e+00,-0.000000000000000000e+00,-0.000000000000000000e+00,-0.000000000000000000e+00,-0.000000000000000000e+00,-1.164622863376135568e-02,0.000000000000000000e+00,-0.000000000000000000e+00,-0.000000000000000000e+00,0.000000000000000000e+00,-5.845873744887007950e-01,-0.000000000000000000e+00,1.872533042255080771e+00,-1.869961939607991952e-01,-0.000000000000000000e+00,-0.000000000000000000e+00,0.000000000000000000e+00,-7.141481183899031637e-02,-0.000000000000000000e+00,-6.645015771170451058e-02,-0.000000000000000000e+00,-0.000000000000000000e+00,-0.000000000000000000e+00,0.000000000000000000e+00
-2.127259024768279327e-01,0.000000000000000000e+00,-0.000000000000000000e+00,-0.000000000000000000e+00,-0.000000000000000000e+00,0.000000000000000000e+00,0.000000000000000000e+00,0.000000000000000000e+00,-0.000000000000000000e+00,0.000000000000000000e+00,0.000000000000000000e+00,-0.000000000000000000e+00,5.860417070843023518e-02,-3.952833965290928342e-01,0.000000000000000000e+00,-0.000000000000000000e+00,-0.000000000000000000e+00,-0.000000000000000000e+00,0.000000000000000000e+00,-0.000000000000000000e+00,-0.000000000000000000e+00,0.000000000000000000e+00,-2.476018218099728940e-01,0.000000000000000000e+00,0.000000000000000000e+00,-3.524172608041751809e-01,0.000000000000000000e+00,-1.869961939607991952e-01,1.662340157057276002e+00,0.000000000000000000e+00,-0.000000000000000000e+00,2.599150550218641831e-01,-1.590518132725465481e-02,-0.000000000000000000e+00,-0.000000000000000000e+00,-0.000000000000000000e+00,0.000000000000000000e+00,-0.000000000000000000e+00,-0.000000000000000000e+00
-3.124673410007663358e-03,-0.000000000000000000e+00,-0.000000000000000000e+00,-0.000000000000000000e+00,-0.000000000000000000e+00,0.000000000000000000e+00,-3.604867320988994761e-01,0.000000000000000000e+00,-0.000000000000000000e+00,-4.236959753048564759e-01,0.000000000000000000e+00,1.093253630009121714e-02,-0.000000000000000000e+00,0.000000000000000000e+00,-0.000000000000000000e+00,-4.960468675377168180e-01,3.735196169660383592e-01,0.000000000000000000e+00,-2.235017923248862337e-02,-5.553704493719930496e-02,-0.000000000000000000e+00,-2.784617037299879083e-01,1.984008662895404493e-02,0.000000000000000000e+00,-1.451057198280341354e-01,0.000000000000000000e+00,-0.000000000000000000e+00,-0.000000000000000000e+00,0.000000000000000000e+00,2.731484142162435180e+00,-0.000000000000000000e+00,-0.000000000000000000e+00,0.000000000000000000e+00,-0.000000000000000000e+00,-0.000000000000000000e+00,-5.808484070504325025e-01,-7.235673537556365498e-02,0.000000000000000000e+00,0.000000000000000000e+00
-0.000000000000000000e+00,-0.000000000000000000e+00,-7.915977022188119827e-02,0.000000000000000000e+00,-1.196625447305736389e-01,0.000000000000000000e+00,-0.000000000000000000e+00,0.000000000000000000e+00,-0.000000000000000000e+00,-0.000000000000000000e+00,-0.000000000000000000e+00,0.000000000000000000e+00,-7.591327483775868468e-02,-0.000000000000000000e+00,-0.000000000000000000e+00,-0.000000000000000000e+00,0.000000000000000000e+00,0.000000000000000000e+00,-0.000000000000000000e+00,-0.000000000000000000e+00,-0.000000000000000000e+00,-0.000000000000000000e+00,0.000000000000000000e+00,-0.000000000000000000e+00,-3.681379839192690934e-02,-0.000000000000000000e+00,-2.542310297823096588e-01,-0.000000000000000000e+00,-0.000000000000000000e+00,-0.000000000000000000e+00,1.420316401754792235e+00,-0.000000000000000000e+00,-0.000000000000000000e+00,0.000000000000000000e+00,-2.379730690659626058e-01,-0.000000000000000000e+00,-3.367431041713029871e-01,0.000000000000000000e+00,0.000000000000000000e+00
0.000000000000000000e+00,-1.359597074177232578e-01,0.000000000000000000e+00,0.000000000000000000e+00,-0.000000000000000000e+00,-0.000000000000000000e+00,-0.000000000000000000e+00,-0.000000000000000000e+00,-0.000000000000000000e+00,-8.990207601163775070e-03,-6.699202572948880219e-01,0.000000000000000000e+00,-1.976876863822488173e-01,0.000000000000000000e+00,-0.000000000000000000e+00,0.000000000000000000e+00,-0.000000000000000000e+00,0.000000000000000000e+00,-0.000000000000000000e+00,0.000000000000000000e+00,1.829918281122050114e-02,-0.000000000000000000e+00,0.000000000000000000e+00,-0.000000000000000000e+00,-1.145076998022531017e-01,0.000000000000000000e+00,-5.561116181970577887e-01,0.000000000000000000e+00,2.599150550218641831e-01,-0.000000000000000000e+00,-0.000000000000000000e+00,1.764911935335356841e+00,0.000000000000000000e+00,-0.000000000000000000e+00,-0.000000000000000000e+00,-0.000000000000000000e+00,-0.000000000000000000e+00,0.000000000000000000e+00,0.000000000000000000e+00
-0.000000000000000000e+00,2.500804485192162918e-01,-1.345907586725048066e-01,0.000000000000000000e+00,-0.000000000000000000e+00,0.000000000000000000e+00,0.000000000000000000e+00,6.737771174027072651e-02,0.000000000000000000e+00,0.000000000000000000e+00,0.000000000000000000e+00,-0.000000000000000000e+00,0.000000000000000000e+00,-6.879196577567171789e-02,0.000000000000000000e+00,0.000000000000000000e+00,-0.000000000000000000e+00,0.000000000000000000e+00,0.000000000000000000e+00,-0.000000000000000000e+00,-4.784884032903045648e-01,-0.000000000000000000e+00,-0.000000000000000000e+00,-0.000000000000000000e+00,0.000000000000000000e+00,-0.000000000000000000e+00,0.000000000000000000e+00,-7.141481183899031637e-02,-1.590518132725465481e-02,0.000000000000000000e+00,-0.000000000000000000e+00,0.000000000000000000e+00,1.335244064137187214e+00,2.407875410404871491e-02,-0.000000000000000000e+00,0.000000000000000000e+00,-0.000000000000000000e+00,0.000000000000000000e+00,0.000000000000000000e+00
-1.347244976096840796e-01,-2.282527489751462468e-01,-0.000000000000000000e+00,-0.000000000000000000e+00,-0.000000000000000000e+00,0.000000000000000000e+00,-4.229151426897690552e-02,-0.000000000000000000e+00,-2.379063651484485675e-01,-0.000000000000000000e+00,0.000000000000000000e+00,0.000000000000000000e+00,0.000000000000000000e+00,-0.000000000000000000e+00,0.000000000000000000e+00,-3.550998772513917767e-02,0.000000000000000000e+00,-0.000000000000000000e+00,-5.628016787459474285e-02,-0.000000000000000000e+00,0.000000000000000000e+00,-0.000000000000000000e+00,0.000000000000000000e+00,0.000000000000000000e+00,-0.000000000000000000e+00,-0.000000000000000000e+00,-0.000000000000000000e+00,-0.000000000000000000e+00,-0.000000000000000000e+00,-0.000000000000000000e+00,0.000000000000000000e+00,-0.000000000000000000e+00,2.407875410404871491e-02,1.264665151203818061e+00,0.000000000000000000e+00,-0.000000000000000000e+00,-0.000000000000000000e+00,-3.644110001559911632e-02,-2.662779275227760215e-02
-0.000000000000000000e+00,-0.000000000000000000e+00,-2.537654073304579927e-01,1.813953707561547779e-01,-0.000000000000000000e+00,0.000000000000000000e+00,-0.000000000000000000e+00,6.142165134662872644e-02,-0.000000000000000000e+00,-0.000000000000000000e+00,-0.000000000000000000e+00,0.000000000000000000e+00,-0.000000000000000000e+00,-0.000000000000000000e+00,-0.000000000000000000e+00,-0.000000000000000000e+00,0.000000000000000000e+00,0.000000000000000000e+00,-0.000000000000000000e+00,-0.000000000000000000e+00,-0.000000000000000000e+00,-9.914318495804893758e-03,0.000000000000000000e+00,-0.000000000000000000e+00,-1.015025668251111068e-01,-0.000000000000000000e+00,-1.658981452091287945e-01,-6.645015771170451058e-02,-0.000000000000000000e+00,-0.000000000000000000e+00,-2.379730690659626058e-01,-0.000000000000000000e+00,-0.000000000000000000e+00,0.000000000000000000e+00,1.419612668393430033e+00,-0.000000000000000000e+00,-2.296936153419675553e-01,0.000000000000000000e+00,8.384113267446537121e-02
-1.311327509844723571e-01,-0.000000000000000000e+00,-0.000000000000000000e+00,-0.000000000000000000e+00,-0.000000000000000000e+00,0.000000000000000000e+00,-3.145930614200705966e-01,0.000000000000000000e+00,-0.000000000000000000e+00,-3.190219914633007914e-01,0.000000000000000000e+00,6.786294254660373004e-02,-0.000000000000000000e+00,-0.000000000000000000e+00,-0.000000000000000000e+00,-4.191738455949322595e-01,2.451798346315184340e-01,0.000000000000000000e+00,-5.264988254465631512e-02,-6.762597856076564551e-02,-0.000000000000000000e+00,-3.208821493544741776e-01,0.000000000000000000e+00,0.000000000000000000e+00,-1.688705267494341744e-01,-0.000000000000000000e+00,-0.000000000000000000e+00,-0.000000000000000000e+00,-0.000000000000000000e+00,-5.808484070504325025e-01,-0.000000000000000000e+00,-0.000000000000000000e+00,0.000000000000000000e+00,-0.000000000000000000e+00,-0.000000000000000000e+00,2.652325941465516479e+00,-1.243644836698090811e-01,0.000000000000000000e+00,0.000000000000000000e+00
-0.000000000000000000e+00,-0.000000000000000000e+00,-0.000000000000000000e+00,0.000000000000000000e+00,-0.000000000000000000e+00,0.000000000000000000e+00,-0.000000000000000000e+00,0.000000000000000000e+00,-0.000000000000000000e+00,-5.758185249373094783e-02,-0.000000000000000000e+00,0.000000000000000000e+00,-8.932462809234145706e-02,-0.000000000000000000e+00,-0.000000000000000000e+00,-0.000000000000000000e+00,0.000000000000000000e+00,0.000000000000000000e+00,-0.000000000000000000e+00,-0.000000000000000000e+00,-0.000000000000000000e+00,-1.498028132069471330e-01,0.000000000000000000e+00,-0.000000000000000000e+00,-3.066828607252158334e-01,-0.000000000000000000e+00,-1.906919477063211410e-01,-0.000000000000000000e+00,0.000000000000000000e+00,-7.235673537556365498e-02,-3.367431041713029871e-01,-0.000000000000000000e+00,-0.000000000000000000e+00,-0.000000000000000000e+00,-2.296936153419675553e-01,-1.243644836698090811e-01,1.684288270493123241e+00,0.000000000000000000e+00,0.000000000000000000e+00
-0.000000000000000000e+00,-0.000000000000000000e+00,0.000000000000000000e+00,-2.553854823602072499e-01,-0.000000000000000000e+00,-0.000000000000000000e+00,-0.000000000000000000e+00,0.000000000000000000e+00,-1.480769529762179515e-01,0.000000000000000000e+00,-0.000000000000000000e+00,0.000000000000000000e+00,1.249975472015879135e-01,-0.000000000000000000e+00,2.629531728059064100e-01,0.000000000000000000e+00,-0.000000000000000000e+00,-3.941544026532626810e-01,-0.000000000000000000e+00,0.000000000000000000e+00,1.512886957350295936e-01,1.084150190673575515e-01,-0.000000000000000000e+00,-0.000000000000000000e+00,0.000000000000000000e+00,-0.000000000000000000e+00,0.000000000000000000e+00,-0.000000000000000000e+00,-0.000000000000000000e+00,0.000000000000000000e+00,0.000000000000000000e+00,0.000000000000000000e+00,0.000000000000000000e+00,-3.644110001559911632e-02,0.000000000000000000e+00,0.000000000000000000e+00,0.000000000000000000e+00,2.062749407706050420e+00,-7.055238680663719064e-01
-0.000000000000000000e+00,-2.018771572574659390e-01,0.000000000000000000e+00,-6.141289062586768877e-02,-0.000000000000000000e+00,-4.991494970776187007e-02,-0.000000000000000000e+00,0.000000000000000000e+00,-2.733534671686257966e-01,0.000000000000000000e+00,-0.000000000000000000e+00,0.000000000000000000e+00,8.023576865226200727e-02,0.000000000000000000e+00,8.803229121282445113e-02,0.000000000000000000e+00,-0.000000000000000000e+00,-4.384273887448322804e-01,-0.000000000000000000e+00,0.000000000000000000e+00,2.839802349665615858e-02,3.055905432261367752e-02,-1.302430700405731445e-01,-0.000000000000000000e+00,0.000000000000000000e+00,-0.000000000000000000e+00,0.000000000000000000e+00,0.000000000000000000e+00,-0.000000000000000000e+00,0.000000000000000000e+00,0.000000000000000000e+00,0.000000000000000000e+00,0.000000000000000000e+00,-2.662779275227760215e-02,8.384113267446537121e-02,0.000000000000000000e+00,0.000000000000000000e+00,-7.055238680663719064e-01,2.038525754186054861e+00
