2.013327517480957951e+00,-2.159154990675336283e-01,-4.787832338066416726e-02,0.000000000000000000e+00,-2.685612301840895610e-01,-0.000000000000000000e+00,0.000000000000000000e+00,1.154724397056649220e-02,-9.194517357373838129e-02,-1.068442885365878392e-01,-0.000000000000000000e+00,0.000000000000000000e+00,0.000000000000000000e+00,-0.000000000000000000e+00,1.814307235458513246e-01,-2.951495983806889933e-01,-0.000000000000000000e+00,-1.196008091111772226e-01,-2.412937636256264409e-02,0.000000000000000000e+00,-4.596198831273103080e-02,-0.000000000000000000e+00,-0.000000000000000000e+00,-2.160364028630876523e-02,-3.898638969648761388e-02,-1.227914811864146277e-01,-0.000000000000000000e+00,-1.400824349144037528e-01,-3.965902757762120728e-02,-0.000000000000000000e+00,-0.000000000000000000e+00,-0.000000000000000000e+00,-2.087647930785128947e-01,0.000000000000000000e+00,-0.000000000000000000e+00,-0.000000000000000000e+00,-0.000000000000000000e+00,-6.869188072109796983e-02,-5.864134138142833297e-02
-2.159154990675336283e-01,1.978437591119897698e+00,-0.000000000000000000e+00,0.000000000000000000e+00,-0.000000000000000000e+00,-0.000000000000000000e+00,-0.000000000000000000e+00,0.000000000000000000e+00,-2.437119681446580644e-01,-0.000000000000000000e+00,-1.749756169073805045e-01,-0.000000000000000000e+00,0.000000000000000000e+00,-5.471899184991724924e-02,0.000000000000000000e+00,-0.000000000000000000e+00,-0.000000000000000000e+00,-0.000000000000000000e+00,-0.000000000000000000e+00,-0.000000000000000000e+00,-0.000000000000000000e+00,-0.000000000000000000e+00,-0.000000000000000000e+00,-1.268830623105527133e-01,-0.000000000000000000e+00,-1.634519940984858755e-01,-1.106225772140948388e-01,-0.000000000000000000e+00,-1.990907075452391928e-01,-2.519948393704521394e-01,-0.000000000000000000e+00,-0.000000000000000000e+00,-0.000000000000000000e+00,-0.000000000000000000e+00,-1.213401731594130201e-01,-0.000000000000000000e+00,-2.818698153623623859e-01,-0.000000000000000000e+00,-7.003793681891787304e-02
-4.787832338066416726e-02,-0.000000000000000000e+00,2.268549894390377908e+00,0.000000000000000000e+00,-4.798749671984993137e-01,0.000000000000000000e+00,0.000000000000000000e+00,5.301894104392673723e-01,-2.017940620692997011e-01,-0.000000000000000000e+00,-0.000000000000000000e+00,-0.000000000000000000e+00,0.000000000000000000e+00,-3.178806007316706261e-02,0.000000000000000000e+00,-0.000000000000000000e+00,-0.000000000000000000e+00,-0.000000000000000000e+00,-0.000000000000000000e+00,0.000000000000000000e+00,-3.883492307444338376e-01,-2.458673379000040835e-02,-0.000000000000000000e+00,-9.958323618781449518e-03,-0.000000000000000000e+00,-0.000000000000000000e+00,-0.000000000000000000e+00,-0.000000000000000000e+00,-0.000000000000000000e+00,-0.000000000000000000e+00,-0.000000000000000000e+00,-0.000000000000000000e+00,-4.806301454305283438e-01,-1.672944294023475109e-01,-0.000000000000000000e+00,-0.000000000000000000e+00,-0.000000000000000000e+00,-0.000000000000000000e+00,-2.265724424023480774e-02
0.000000000000000000e+00,0.000000000000000000e+00,0.000000000000000000e+00,1.044154666055493452e+00,0.000000000000000000e+00,-0.000000000000000000e+00,-0.000000000000000000e+00,-0.000000000000000000e+00,0.000000000000000000e+00,0.000000000000000000e+00,0.000000000000000000e+00,-0.000000000000000000e+00,-0.000000000000000000e+00,0.000000000000000000e+00,-0.000000000000000000e+00,-0.000000000000000000e+00,0.000000000000000000e+00,-0.000000000000000000e+00,0.000000000000000000e+00,-2.147198471055564994e-01,-0.000000000000000000e+00,-0.000000000000000000e+00,-0.000000000000000000e+00,0.000000000000000000e+00,-0.000000000000000000e+00,0.000000000000000000e+00,0.000000000000000000e+00,-0.000000000000000000e+00,-0.000000000000000000e+00,0.000000000000000000e+00,0.000000000000000000e+00,0.000000000000000000e+00,0.000000000000000000e+00,0.000000000000000000e+00,0.000000000000000000e+00,-0.000000000000000000e+00,-0.000000000000000000e+00,0.000000000000000000e+00,0.000000000000000000e+00
-2.685612301840895610e-01,-0.000000000000000000e+00,-4.798749671984993137e-01,0.000000000000000000e+00,2.408821978959895471e+00,-0.000000000000000000e+00,0.000000000000000000e+00,2.006853052299085449e-01,-3.336002025173930852e-01,-2.758996746384506649e-01,-0.000000000000000000e+00,0.000000000000000000e+00,0.000000000000000000e+00,-3.034267300272912027e-01,1.402848019125487733e-01,-0.000000000000000000e+00,-0.000000000000000000e+00,-1.753346977384454275e-01,-4.063686459402772455e-02,0.000000000000000000e+00,-0.000000000000000000e+00,-0.000000000000000000e+00,-0.000000000000000000e+00,-4.287393149837130657e-02,-0.000000000000000000e+00,-6.813047344938890845e-03,-0.000000000000000000e+00,-0.000000000000000000e+00,-0.000000000000000000e+00,-1.144528880328913173e-01,-0.000000000000000000e+00,-0.000000000000000000e+00,-1.572233735850879222e-01,-0.000000000000000000e+00,-0.000000000000000000e+00,-0.000000000000000000e+00,-0.000000000000000000e+00,-6.416222918800107422e-02,-0.000000000000000000e+00
-0.000000000000000000e+00,-0.000000000000000000e+00,0.000000000000000000e+00,-0.000000000000000000e+00,-0.000000000000000000e+00,1.186403790280519344e+00,-0.000000000000000000e+00,-0.000000000000000000e+00,0.000000000000000000e+00,0.000000000000000000e+00,-1.264153004640402034e-01,0.000000000000000000e+00,-0.000000000000000000e+00,-0.000000000000000000e+00,-0.000000000000000000e+00,-0.000000000000000000e+00,-3.742404338245648460e-03,-0.000000000000000000e+00,0.000000000000000000e+00,-0.000000000000000000e+00,0.000000000000000000e+00,-0.000000000000000000e+00,-0.000000000000000000e+00,0.000000000000000000e+00,-0.000000000000000000e+00,-5.994653414136092567e-02,-0.000000000000000000e+00,-0.000000000000000000e+00,-2.170911561342251106e-01,-0.000000000000000000e+00,-0.000000000000000000e+00,-0.000000000000000000e+00,-0.000000000000000000e+00,7.474485793253432542e-02,-0.000000000000000000e+00,-2.237642053272265175e-01,-0.000000000000000000e+00,0.000000000000000000e+00,0.000000000000000000e+00
0.000000000000000000e+00,-0.000000000000000000e+00,0.000000000000000000e+00,-0.000000000000000000e+00,0.000000000000000000e+00,-0.000000000000000000e+00,2.057063556188632347e+00,-0.000000000000000000e+00,0.000000000000000000e+00,-0.000000000000000000e+00,-1.331343350888865573e-01,-4.594886393964673910e-01,-6.965138979398406427e-01,-0.000000000000000000e+00,-2.901110188693893296e-02,-0.000000000000000000e+00,-0.000000000000000000e+00,-0.000000000000000000e+00,-0.000000000000000000e+00,-2.397309599132959046e-01,0.000000000000000000e+00,-5.685156429447330018e-02,-0.000000000000000000e+00,-0.000000000000000000e+00,-0.000000000000000000e+00,-0.000000000000000000e+00,-0.000000000000000000e+00,-0.000000000000000000e+00,-0.000000000000000000e+00,0.000000000000000000e+00,-3.180244540994654479e-01,-8.185977467609517610e-02,0.000000000000000000e+00,-0.000000000000000000e+00,-0.000000000000000000e+00,-0.000000000000000000e+00,-0.000000000000000000e+00,0.000000000000000000e+00,-0.000000000000000000e+00
1.154724397056649220e-02,0.000000000000000000e+00,5.301894104392673723e-01,-0.000000000000000000e+00,2.006853052299085449e-01,-0.000000000000000000e+00,-0.000000000000000000e+00,1.651143690231964500e+00,2.842085487179826786e-01,0.000000000000000000e+00,0.000000000000000000e+00,-0.000000000000000000e+00,-0.000000000000000000e+00,0.000000000000000000e+00,-0.000000000000000000e+00,0.000000000000000000e+00,0.000000000000000000e+00,0.000000000000000000e+00,0.000000000000000000e+00,-0.000000000000000000e+00,0.000000000000000000e+00,0.000000000000000000e+00,0.000000000000000000e+00,0.000000000000000000e+00,0.000000000000000000e+00,0.000000000000000000e+00,0.000000000000000000e+00,0.000000000000000000e+00,0.000000000000000000e+00,1.333299317892597535e-01,0.000000000000000000e+00,0.000000000000000000e+00,0.000000000000000000e+00,0.000000000000000000e+00,0.000000000000000000e+00,-0.000000000000000000e+00,0.000000000000000000e+00,4.626949416994449032e-02,1.056244606141113207e-01
-9.194517357373838129e-02,-2.437119681446580644e-01,-2.017940620692997011e-01,0.000000000000000000e+00,-3.336002025173930852e-01,0.000000000000000000e+00,0.000000000000000000e+00,2.842085487179826786e-01,2.321897770104178083e+00,-0.000000000000000000e+00,-0.000000000000000000e+00,-0.000000000000000000e+00,0.000000000000000000e+00,-2.668828222952943641e-01,1.635534982328539499e-01,-0.000000000000000000e+00,-0.000000000000000000e+00,-0.000000000000000000e+00,-0.000000000000000000e+00,0.000000000000000000e+00,-0.000000000000000000e+00,-0.000000000000000000e+00,-0.000000000000000000e+00,-1.421793597214178473e-01,-0.000000000000000000e+00,-0.000000000000000000e+00,-0.000000000000000000e+00,-0.000000000000000000e+00,-0.000000000000000000e+00,-4.720917232671037467e-01,-0.000000000000000000e+00,-0.000000000000000000e+00,-0.000000000000000000e+00,-1.373453319428334096e-01,-0.000000000000000000e+00,0.000000000000000000e+00,-0.000000000000000000e+00,-2.703408416255377866e-01,-5.824698526816490286e-03
-1.068442885365878392e-01,-0.000000000000000000e+00,-0.000000000000000000e+00,0.000000000000000000e+00,-2.758996746384506649e-01,0.000000000000000000e+00,-0.000000000000000000e+00,0.000000000000000000e+00,-0.000000000000000000e+00,2.422100850182685061e+00,-0.000000000000000000e+00,-0.000000000000000000e+00,-0.000000000000000000e+00,-0.000000000000000000e+00,5.960402047417595606e-02,-4.411882101862227290e-01,-9.266198812451199862e-02,-2.606466937993934807e-01,-4.850600114446144695e-01,0.000000000000000000e+00,-0.000000000000000000e+00,-0.000000000000000000e+00,-0.000000000000000000e+00,-2.257725184401231100e-01,-0.000000000000000000e+00,-0.000000000000000000e+00,-0.000000000000000000e+00,-0.000000000000000000e+00,-0.000000000000000000e+00,-2.253480492277147029e-01,-0.000000000000000000e+00,-0.000000000000000000e+00,-0.000000000000000000e+00,-0.000000000000000000e+00,-0.000000000000000000e+00,-0.000000000000000000e+00,-0.000000000000000000e+00,-6.143014493179792257e-02,-3.604101996934130914e-01
-0.000000000000000000e+00,-1.749756169073805045e-01,-0.000000000000000000e+00,0.000000000000000000e+00,-0.000000000000000000e+00,-1.264153004640402034e-01,-1.331343350888865573e-01,0.000000000000000000e+00,-0.000000000000000000e+00,-0.000000000000000000e+00,1.904535405588366537e+00,-0.000000000000000000e+00,-0.000000000000000000e+00,-2.919828290455649955e-01,-0.000000000000000000e+00,-0.000000000000000000e+00,-2.601983490711298197e-01,-0.000000000000000000e+00,-0.000000000000000000e+00,-0.000000000000000000e+00,0.000000000000000000e+00,-0.000000000000000000e+00,-0.000000000000000000e+00,-0.000000000000000000e+00,-0.000000000000000000e+00,-0.000000000000000000e+00,-1.354302549593520422e-01,-0.000000000000000000e+00,-0.000000000000000000e+00,-0.000000000000000000e+00,-1.577142931940131720e-01,-5.431173592153510921e-01,-0.000000000000000000e+00,-0.000000000000000000e+00,-0.000000000000000000e+00,-0.000000000000000000e+00,-0.000000000000000000e+00,0.000000000000000000e+00,-0.000000000000000000e+00
0.000000000000000000e+00,-0.000000000000000000e+00,-0.000000000000000000e+00,-0.000000000000000000e+00,0.000000000000000000e+00,0.000000000000000000e+00,-4.594886393964673910e-01,-0.000000000000000000e+00,-0.000000000000000000e+00,-0.000000000000000000e+00,-0.000000000000000000e+00,1.735862832403594735e+00,-3.007372389084235764e-01,-0.000000000000000000e+00,-1.536605708713385809e-01,-0.000000000000000000e+00,-0.000000000000000000e+00,-0.000000000000000000e+00,-0.000000000000000000e+00,-3.571902428010558239e-01,0.000000000000000000e+00,-1.742715865929382324e-01,-0.000000000000000000e+00,-0.000000000000000000e+00,-0.000000000000000000e+00,0.000000000000000000e+00,-0.000000000000000000e+00,-0.000000000000000000e+00,0.000000000000000000e+00,0.000000000000000000e+00,-1.480970369570988945e-02,-5.664330479057645695e-02,0.000000000000000000e+00,-0.000000000000000000e+00,-0.000000000000000000e+00,-0.000000000000000000e+00,-0.000000000000000000e+00,0.000000000000000000e+00,-1.680868581514026461e-01
0.000000000000000000e+00,0.000000000000000000e+00,0.000000000000000000e+00,-0.000000000000000000e+00,0.000000000000000000e+00,-0.000000000000000000e+00,-6.965138979398406427e-01,-0.000000000000000000e+00,0.000000000000000000e+00,-0.000000000000000000e+00,-0.000000000000000000e+00,-3.007372389084235764e-01,1.929331007866895042e+00,-0.000000000000000000e+00,-1.009186548859515725e-01,-0.000000000000000000e+00,-0.000000000000000000e+00,-0.000000000000000000e+00,-0.000000000000000000e+00,-0.000000000000000000e+00,0.000000000000000000e+00,-1.733526390713544807e-01,-0.000000000000000000e+00,-0.000000000000000000e+00,-0.000000000000000000e+00,0.000000000000000000e+00,-0.000000000000000000e+00,-0.000000000000000000e+00,0.000000000000000000e+00,0.000000000000000000e+00,-3.122298896180643601e-01,-1.359638050078233185e-01,-0.000000000000000000e+00,0.000000000000000000e+00,-0.000000000000000000e+00,-1.218596526923380469e-01,-0.000000000000000000e+00,1.673529249870360849e-02,-0.000000000000000000e+00
-0.000000000000000000e+00,-5.471899184991724924e-02,-3.178806007316706261e-02,0.000000000000000000e+00,-3.034267300272912027e-01,-0.000000000000000000e+00,-0.000000000000000000e+00,0.000000000000000000e+00,-2.668828222952943641e-01,-0.000000000000000000e+00,-2.919828290455649955e-01,-0.000000000000000000e+00,-0.000000000000000000e+00,2.070238085164608499e+00,0.000000000000000000e+00,-0.000000000000000000e+00,-0.000000000000000000e+00,-5.462454078581513439e-02,-0.000000000000000000e+00,-0.000000000000000000e+00,-0.000000000000000000e+00,-0.000000000000000000e+00,-2.166198894830941857e-01,-2.940794865032481109e-01,-1.932707308826797643e-01,-9.895261207766430089e-02,-0.000000000000000000e+00,-0.000000000000000000e+00,-2.112320182768978594e-01,-0.000000000000000000e+00,-0.000000000000000000e+00,-1.743329012349981513e-02,-4.468083320984654605e-02,-5.496995313670439282e-02,-0.000000000000000000e+00,-0.000000000000000000e+00,-0.000000000000000000e+00,-0.000000000000000000e+00,-0.000000000000000000e+00
1.814307235458513246e-01,0.000000000000000000e+00,0.000000000000000000e+00,-0.000000000000000000e+00,1.402848019125487733e-01,-0.000000000000000000e+00,-2.901110188693893296e-02,-0.000000000000000000e+00,1.635534982328539499e-01,5.960402047417595606e-02,-0.000000000000000000e+00,-1.536605708713385809e-01,-1.009186548859515725e-01,0.000000000000000000e+00,1.284888457867633393e+00,0.000000000000000000e+00,0.000000000000000000e+00,0.000000000000000000e+00,0.000000000000000000e+00,-1.800778602647529480e-01,0.000000000000000000e+00,-0.000000000000000000e+00,0.000000000000000000e+00,0.000000000000000000e+00,0.000000000000000000e+00,0.000000000000000000e+00,-0.000000000000000000e+00,0.000000000000000000e+00,0.000000000000000000e+00,1.244465127346130739e-01,-0.000000000000000000e+00,-0.000000000000000000e+00,0.000000000000000000e+00,0.000000000000000000e+00,0.000000000000000000e+00,-0.000000000000000000e+00,0.000000000000000000e+00,9.854952635394692573e-02,0.000000000000000000e+00
-2.951495983806889933e-01,-0.000000000000000000e+00,-0.000000000000000000e+00,-0.000000000000000000e+00,-0.000000000000000000e+00,-0.000000000000000000e+00,-0.000000000000000000e+00,0.000000000000000000e+00,-0.000000000000000000e+00,-4.411882101862227290e-01,-0.000000000000000000e+00,-0.000000000000000000e+00,-0.000000000000000000e+00,-0.000000000000000000e+00,0.000000000000000000e+00,2.100177156074614082e+00,-2.340279258388843764e-01,-3.009272682152121514e-01,-0.000000000000000000e+00,-0.000000000000000000e+00,-0.000000000000000000e+00,-0.000000000000000000e+00,-9.788909091914263505e-02,-0.000000000000000000e+00,-1.437258217090932322e-01,-1.727309661708091304e-01,-0.000000000000000000e+00,-8.916767107570638951e-02,-0.000000000000000000e+00,-3.979151667358925282e-02,-0.000000000000000000e+00,-0.000000000000000000e+00,-0.000000000000000000e+00,0.000000000000000000e+00,-0.000000000000000000e+00,-2.308625950749950140e-01,-0.000000000000000000e+00,-0.000000000000000000e+00,-4.290697784447179697e-02
-0.000000000000000000e+00,-0.000000000000000000e+00,-0.000000000000000000e+00,0.000000000000000000e+00,-0.000000000000000000e+00,-3.742404338245648460e-03,-0.000000000000000000e+00,0.000000000000000000e+00,-0.000000000000000000e+00,-9.266198812451199862e-02,-2.601983490711298197e-01,-0.000000000000000000e+00,-0.000000000000000000e+00,-0.000000000000000000e+00,0.000000000000000000e+00,-2.340279258388843764e-01,1.671526616283191435e+00,-1.564988281983213936e-01,-0.000000000000000000e+00,-0.000000000000000000e+00,-0.000000000000000000e+00,-0.000000000000000000e+00,-0.000000000000000000e+00,-0.000000000000000000e+00,-0.000000000000000000e+00,-1.555653243857043622e-01,-1.481851256559601482e-01,-1.232895252696091376e-01,-7.941759416685346962e-02,-9.157033555082341736e-02,-0.000000000000000000e+00,-7.947068495056748560e-02,-0.000000000000000000e+00,-0.000000000000000000e+00,-4.552666645696513970e-02,-0.000000000000000000e+00,-0.000000000000000000e+00,-0.000000000000000000e+00,-0.000000000000000000e+00
-1.196008091111772226e-01,-0.000000000000000000e+00,-0.000000000000000000e+00,-0.000000000000000000e+00,-1.753346977384454275e-01,-0.000000000000000000e+00,-0.000000000000000000e+00,0.000000000000000000e+00,-0.000000000000000000e+00,-2.606466937993934807e-01,-0.000000000000000000e+00,-0.000000000000000000e+00,-0.000000000000000000e+00,-5.462454078581513439e-02,0.000000000000000000e+00,-3.009272682152121514e-01,-1.564988281983213936e-01,2.239358397566543868e+00,-4.811172119298140482e-01,0.000000000000000000e+00,-0.000000000000000000e+00,-0.000000000000000000e+00,-0.000000000000000000e+00,-2.779423671158607126e-02,-7.619994116463237044e-02,-3.155352457523147303e-01,-0.000000000000000000e+00,-3.945982933088625078e-02,-0.000000000000000000e+00,-6.073433947959180901e-02,-0.000000000000000000e+00,-0.000000000000000000e+00,-0.000000000000000000e+00,0.000000000000000000e+00,-0.000000000000000000e+00,-0.000000000000000000e+00,-7.986422281783478461e-02,-1.938903876361535994e-01,-0.000000000000000000e+00
-2.412937636256264409e-02,-0.000000000000000000e+00,-0.000000000000000000e+00,0.000000000000000000e+00,-4.063686459402772455e-02,0.000000000000000000e+00,-0.000000000000000000e+00,0.000000000000000000e+00,-0.000000000000000000e+00,-4.850600114446144695e-01,-0.000000000000000000e+00,-0.000000000000000000e+00,-0.000000000000000000e+00,-0.000000000000000000e+00,0.000000000000000000e+00,-0.000000000000000000e+00,-0.000000000000000000e+00,-4.811172119298140482e-01,1.827681857029091583e+00,0.000000000000000000e+00,-0.000000000000000000e+00,-0.000000000000000000e+00,-0.000000000000000000e+00,-0.000000000000000000e+00,-7.087221644516120481e-03,-0.000000000000000000e+00,-0.000000000000000000e+00,-0.000000000000000000e+00,-0.000000000000000000e+00,-0.000000000000000000e+00,-5.498786564453448517e-02,-0.000000000000000000e+00,-0.000000000000000000e+00,0.000000000000000000e+00,-0.000000000000000000e+00,-0.000000000000000000e+00,-0.000000000000000000e+00,-2.675621345572949394e-01,-2.209099448723912951e-01
0.000000000000000000e+00,-0.000000000000000000e+00,0.000000000000000000e+00,-2.147198471055564994e-01,0.000000000000000000e+00,-0.000000000000000000e+00,-2.397309599132959046e-01,-0.000000000000000000e+00,0.000000000000000000e+00,0.000000000000000000e+00,-0.000000000000000000e+00,-3.571902428010558239e-01,-0.000000000000000000e+00,-0.000000000000000000e+00,-1.800778602647529480e-01,-0.000000000000000000e+00,-0.000000000000000000e+00,0.000000000000000000e+00,0.000000000000000000e+00,1.395973306301810490e+00,0.000000000000000000e+00,-2.092775333666810622e-01,-0.000000000000000000e+00,0.000000000000000000e+00,-0.000000000000000000e+00,0.000000000000000000e+00,-0.000000000000000000e+00,-5.308660101252947634e-04,-0.000000000000000000e+00,0.000000000000000000e+00,-0.000000000000000000e+00,-0.000000000000000000e+00,0.000000000000000000e+00,-0.000000000000000000e+00,-0.000000000000000000e+00,-0.000000000000000000e+00,-0.000000000000000000e+00,0.000000000000000000e+00,-0.000000000000000000e+00
-4.596198831273103080e-02,-0.000000000000000000e+00,-3.883492307444338376e-01,-0.000000000000000000e+00,-0.000000000000000000e+00,0.000000000000000000e+00,0.000000000000000000e+00,0.000000000000000000e+00,-0.000000000000000000e+00,-0.000000000000000000e+00,0.000000000000000000e+00,0.000000000000000000e+00,0.000000000000000000e+00,-0.000000000000000000e+00,0.000000000000000000e+00,-0.000000000000000000e+00,-0.000000000000000000e+00,-0.000000000000000000e+00,-0.000000000000000000e+00,0.000000000000000000e+00,1.587574202079426788e+00,-0.000000000000000000e+00,-0.000000000000000000e+00,-0.000000000000000000e+00,-0.000000000000000000e+00,-0.000000000000000000e+00,-0.000000000000000000e+00,-0.000000000000000000e+00,-0.000000000000000000e+00,0.000000000000000000e+00,0.000000000000000000e+00,0.000000000000000000e+00,-6.499040802614231005e-01,-3.122415492393196615e-02,-0.000000000000000000e+00,-0.000000000000000000e+00,0.000000000000000000e+00,-0.000000000000000000e+00,-0.000000000000000000e+00
-0.000000000000000000e+00,-0.000000000000000000e+00,-2.458673379000040835e-02,-0.000000000000000000e+00,-0.000000000000000000e+00,-0.000000000000000000e+00,-5.685156429447330018e-02,0.000000000000000000e+00,-0.000000000000000000e+00,-0.000000000000000000e+00,-0.000000000000000000e+00,-1.742715865929382324e-01,-1.733526390713544807e-01,-0.000000000000000000e+00,-0.000000000000000000e+00,-0.000000000000000000e+00,-0.000000000000000000e+00,-0.000000000000000000e+00,-0.000000000000000000e+00,-2.092775333666810622e-01,-0.000000000000000000e+00,1.722961376904951436e+00,-2.328817836608796377e-01,-0.000000000000000000e+00,-1.928037796594167796e-01,-0.000000000000000000e+00,-1.256531433063257271e-02,-7.989322391429309195e-03,-0.000000000000000000e+00,-0.000000000000000000e+00,-8.473792904947273497e-02,-0.000000000000000000e+00,-1.283541393247719653e-01,-2.637063425319032678e-02,-0.000000000000000000e+00,-1.654031178304559702e-01,-0.000000000000000000e+00,0.000000000000000000e+00,-2.461657823519310395e-01
-0.000000000000000000e+00,-0.000000000000000000e+00,-0.000000000000000000e+00,-0.000000000000000000e+00,-0.000000000000000000e+00,-0.000000000000000000e+00,-0.000000000000000000e+00,0.000000000000000000e+00,-0.000000000000000000e+00,-0.000000000000000000e+00,-0.000000000000000000e+00,-0.000000000000000000e+00,-0.000000000000000000e+00,-2.166198894830941857e-01,0.000000000000000000e+00,-9.788909091914263505e-02,-0.000000000000000000e+00,-0.000000000000000000e+00,-0.000000000000000000e+00,-0.000000000000000000e+00,-0.000000000000000000e+00,-2.328817836608796377e-01,2.267906558076161705e+00,-2.733987771568461844e-01,-7.380116587526105443e-01,-0.000000000000000000e+00,-2.825323497463287925e-01,-1.196394144915488983e-01,-0.000000000000000000e+00,-0.000000000000000000e+00,-1.080849995104317673e-01,-1.044585150129564988e-01,-4.435906816693169219e-02,-0.000000000000000000e+00,-0.000000000000000000e+00,-0.000000000000000000e+00,-0.000000000000000000e+00,-0.000000000000000000e+00,-4.719033490747447102e-02
-2.160364028630876523e-02,-1.268830623105527133e-01,-9.958323618781449518e-03,0.000000000000000000e+00,-4.287393149837130657e-02,0.000000000000000000e+00,-0.000000000000000000e+00,0.000000000000000000e+00,-1.421793597214178473e-01,-2.257725184401231100e-01,-0.000000000000000000e+00,-0.000000000000000000e+00,-0.000000000000000000e+00,-2.940794865032481109e-01,0.000000000000000000e+00,-0.000000000000000000e+00,-0.000000000000000000e+00,-2.779423671158607126e-02,-0.000000000000000000e+00,0.000000000000000000e+00,-0.000000000000000000e+00,-0.000000000000000000e+00,-2.733987771568461844e-01,1.918707267336482891e+00,-1.818871229672936740e-01,-0.000000000000000000e+00,-1.949496694880744341e-01,-0.000000000000000000e+00,-0.000000000000000000e+00,-0.000000000000000000e+00,-0.000000000000000000e+00,-4.747534280438320264e-02,-1.027558423764543261e-01,-0.000000000000000000e+00,-0.000000000000000000e+00,-0.000000000000000000e+00,-0.000000000000000000e+00,-0.000000000000000000e+00,-1.261882380211125920e-01
-3.898638969648761388e-02,-0.000000000000000000e+00,-0.000000000000000000e+00,-0.000000000000000000e+00,-0.000000000000000000e+00,-0.000000000000000000e+00,-0.000000000000000000e+00,0.000000000000000000e+00,-0.000000000000000000e+00,-0.000000000000000000e+00,-0.000000000000000000e+00,-0.000000000000000000e+00,-0.000000000000000000e+00,-1.932707308826797643e-01,0.000000000000000000e+00,-1.437258217090932322e-01,-0.000000000000000000e+00,-7.619994116463237044e-02,-7.087221644516120481e-03,-0.000000000000000000e+00,-0.000000000000000000e+00,-1.928037796594167796e-01,-7.380116587526105443e-01,-1.818871229672936740e-01,2.116684951227116418e+00,-0.000000000000000000e+00,-4.290767892846772229e-03,-1.946058070014347885e-01,-0.000000000000000000e+00,-0.000000000000000000e+00,-8.344703127497788558e-03,-0.000000000000000000e+00,-2.698252581263151928e-01,-0.000000000000000000e+00,-0.000000000000000000e+00,-0.000000000000000000e+00,-0.000000000000000000e+00,-0.000000000000000000e+00,-0.000000000000000000e+00
-1.227914811864146277e-01,-1.634519940984858755e-01,-0.000000000000000000e+00,0.000000000000000000e+00,-6.813047344938890845e-03,-5.994653414136092567e-02,-0.000000000000000000e+00,0.000000000000000000e+00,-0.000000000000000000e+00,-0.000000000000000000e+00,-0.000000000000000000e+00,0.000000000000000000e+00,0.000000000000000000e+00,-9.895261207766430089e-02,0.000000000000000000e+00,-1.727309661708091304e-01,-1.555653243857043622e-01,-3.155352457523147303e-01,-0.000000000000000000e+00,0.000000000000000000e+00,-0.000000000000000000e+00,-0.000000000000000000e+00,-0.000000000000000000e+00,-0.000000000000000000e+00,-0.000000000000000000e+00,2.029814645633873926e+00,-0.000000000000000000e+00,-5.508481421303659253e-01,-1.384792948810281699e-01,-1.980378381183068304e-01,-0.000000000000000000e+00,-0.000000000000000000e+00,-0.000000000000000000e+00,0.000000000000000000e+00,-0.000000000000000000e+00,-0.000000000000000000e+00,-1.278484520007426746e-03,-2.639139992960757436e-02,-0.000000000000000000e+00
-0.000000000000000000e+00,-1.106225772140948388e-01,-0.000000000000000000e+00,0.000000000000000000e+00,-0.000000000000000000e+00,-0.000000000000000000e+00,-0.000000000000000000e+00,0.000000000000000000e+00,-0.000000000000000000e+00,-0.000000000000000000e+00,-1.354302549593520422e-01,-0.000000000000000000e+00,-0.000000000000000000e+00,-0.000000000000000000e+00,-0.000000000000000000e+00,-0.000000000000000000e+00,-1.481851256559601482e-01,-0.000000000000000000e+00,-0.000000000000000000e+00,-0.000000000000000000e+00,-0.000000000000000000e+00,-1.256531433063257271e-02,-2.825323497463287925e-01,-1.949496694880744341e-01,-4.290767892846772229e-03,-0.000000000000000000e+00,2.555795866895387292e+00,-2.003383551653327710e-01,-0.000000000000000000e+00,-0.000000000000000000e+00,-6.321012769751792604e-01,-3.658701606570562981e-01,-0.000000000000000000e+00,-0.000000000000000000e+00,-3.272776904622928806e-01,-1.620370286744630128e-01,-0.000000000000000000e+00,-0.000000000000000000e+00,-1.466257344013326969e-01
-1.400824349144037528e-01,-0.000000000000000000e+00,-0.000000000000000000e+00,-0.000000000000000000e+00,-0.000000000000000000e+00,-0.000000000000000000e+00,-0.000000000000000000e+00,0.000000000000000000e+00,-0.000000000000000000e+00,-0.000000000000000000e+00,-0.000000000000000000e+00,-0.000000000000000000e+00,-0.000000000000000000e+00,-0.000000000000000000e+00,0.000000000000000000e+00,-8.916767107570638951e-02,-1.232895252696091376e-01,-3.945982933088625078e-02,-0.000000000000000000e+00,-5.308660101252947634e-04,-0.000000000000000000e+00,-7.989322391429309195e-03,-1.196394144915488983e-01,-0.000000000000000000e+00,-1.946058070014347885e-01,-5.508481421303659253e-01,-2.003383551653327710e-01,2.051986706706781849e+00,-1.041342890197792942e-01,-0.000000000000000000e+00,-8.028221355343685695e-02,-0.000000000000000000e+00,-4.585860882860218202e-02,-0.000000000000000000e+00,-1.457296340414117319e-01,-2.060041037156451760e-01,-0.000000000000000000e+00,-0.000000000000000000e+00,-0.000000000000000000e+00
-3.965902757762120728e-02,-1.990907075452391928e-01,-0.000000000000000000e+00,-0.000000000000000000e+00,-0.000000000000000000e+00,-2.170911561342251106e-01,-0.000000000000000000e+00,0.000000000000000000e+00,-0.000000000000000000e+00,-0.000000000000000000e+00,-0.000000000000000000e+00,0.000000000000000000e+00,0.000000000000000000e+00,-2.112320182768978594e-01,0.000000000000000000e+00,-0.000000000000000000e+00,-7.941759416685346962e-02,-0.000000000000000000e+00,-0.000000000000000000e+00,-0.000000000000000000e+00,-0.000000000000000000e+00,-0.000000000000000000e+00,-0.000000000000000000e+00,-0.000000000000000000e+00,-0.000000000000000000e+00,-1.384792948810281699e-01,-0.000000000000000000e+00,-1.041342890197792942e-01,1.699356059358265059e+00,-0.000000000000000000e+00,-0.000000000000000000e+00,-0.000000000000000000e+00,-0.000000000000000000e+00,-0.000000000000000000e+00,-2.216452105574524267e-01,-0.000000000000000000e+00,-3.665540843866821330e-01,-0.000000000000000000e+00,-0.000000000000000000e+00
-0.000000000000000000e+00,-2.519948393704521394e-01,-0.000000000000000000e+00,0.000000000000000000e+00,-1.144528880328913173e-01,-0.000000000000000000e+00,0.000000000000000000e+00,1.333299317892597535e-01,-4.720917232671037467e-01,-2.253480492277147029e-01,-0.000000000000000000e+00,0.000000000000000000e+00,0.000000000000000000e+00,-0.000000000000000000e+00,1.244465127346130739e-01,-3.979151667358925282e-02,-9.157033555082341736e-02,-6.073433947959180901e-02,-0.000000000000000000e+00,0.000000000000000000e+00,0.000000000000000000e+00,-0.000000000000000000e+00,-0.000000000000000000e+00,-0.000000000000000000e+00,-0.000000000000000000e+00,-1.980378381183068304e-01,-0.000000000000000000e+00,-0.000000000000000000e+00,-0.000000000000000000e+00,1.847200442387465724e+00,-0.000000000000000000e+00,-0.000000000000000000e+00,-0.000000000000000000e+00,-0.000000000000000000e+00,-0.000000000000000000e+00,0.000000000000000000e+00,-0.000000000000000000e+00,-2.595499007856074195e-02,-0.000000000000000000e+00
-0.000000000000000000e+00,-0.000000000000000000e+00,-0.000000000000000000e+00,0.000000000000000000e+00,-0.000000000000000000e+00,-0.000000000000000000e+00,-3.180244540994654479e-01,0.000000000000000000e+00,-0.000000000000000000e+00,-0.000000000000000000e+00,-1.577142931940131720e-01,-1.480970369570988945e-02,-3.122298896180643601e-01,-0.000000000000000000e+00,-0.000000000000000000e+00,-0.000000000000000000e+00,-0.000000000000000000e+00,-0.000000000000000000e+00,-5.498786564453448517e-02,-0.000000000000000000e+00,0.000000000000000000e+00,-8.473792904947273497e-02,-1.080849995104317673e-01,-0.000000000000000000e+00,-8.344703127497788558e-03,-0.000000000000000000e+00,-6.321012769751792604e-01,-8.028221355343685695e-02,-0.000000000000000000e+00,-0.000000000000000000e+00,2.394543929438211372e+00,-4.019984374268160132e-01,-0.000000000000000000e+00,0.000000000000000000e+00,-9.314603889873721010e-02,-2.017226802170835609e-01,-0.000000000000000000e+00,0.000000000000000000e+00,-3.755411449769179705e-02
-0.000000000000000000e+00,-0.000000000000000000e+00,-0.000000000000000000e+00,0.000000000000000000e+00,-0.000000000000000000e+00,-0.000000000000000000e+00,-8.185977467609517610e-02,0.000000000000000000e+00,-0.000000000000000000e+00,-0.000000000000000000e+00,-5.431173592153510921e-01,-5.664330479057645695e-02,-1.359638050078233185e-01,-1.743329012349981513e-02,-0.000000000000000000e+00,-0.000000000000000000e+00,-7.947068495056748560e-02,-0.000000000000000000e+00,-0.000000000000000000e+00,-0.000000000000000000e+00,0.000000000000000000e+00,-0.000000000000000000e+00,-1.044585150129564988e-01,-4.747534280438320264e-02,-0.000000000000000000e+00,-0.000000000000000000e+00,-3.658701606570562981e-01,-0.000000000000000000e+00,-0.000000000000000000e+00,-0.000000000000000000e+00,-4.019984374268160132e-01,2.269836694736099059e+00,-0.000000000000000000e+00,0.000000000000000000e+00,-2.196129706494125977e-01,-0.000000000000000000e+00,-8.495307078363018016e-02,0.000000000000000000e+00,-1.861153571946813634e-01
-2.087647930785128947e-01,-0.000000000000000000e+00,-4.806301454305283438e-01,0.000000000000000000e+00,-1.572233735850879222e-01,-0.000000000000000000e+00,0.000000000000000000e+00,0.000000000000000000e+00,-0.000000000000000000e+00,-0.000000000000000000e+00,-0.000000000000000000e+00,0.000000000000000000e+00,-0.000000000000000000e+00,-4.468083320984654605e-02,0.000000000000000000e+00,-0.000000000000000000e+00,-0.000000000000000000e+00,-0.000000000000000000e+00,-0.000000000000000000e+00,0.000000000000000000e+00,-6.499040802614231005e-01,-1.283541393247719653e-01,-4.435906816693169219e-02,-1.027558423764543261e-01,-2.698252581263151928e-01,-0.000000000000000000e+00,-0.000000000000000000e+00,-4.585860882860218202e-02,-0.000000000000000000e+00,-0.000000000000000000e+00,-0.000000000000000000e+00,-0.000000000000000000e+00,2.114350973645840792e+00,-0.000000000000000000e+00,-0.000000000000000000e+00,-0.000000000000000000e+00,-0.000000000000000000e+00,-0.000000000000000000e+00,-0.000000000000000000e+00
0.000000000000000000e+00,-0.000000000000000000e+00,-1.672944294023475109e-01,0.000000000000000000e+00,-0.000000000000000000e+00,7.474485793253432542e-02,-0.000000000000000000e+00,0.000000000000000000e+00,-1.373453319428334096e-01,-0.000000000000000000e+00,-0.000000000000000000e+00,-0.000000000000000000e+00,0.000000000000000000e+00,-5.496995313670439282e-02,0.000000000000000000e+00,0.000000000000000000e+00,-0.000000000000000000e+00,0.000000000000000000e+00,0.000000000000000000e+00,-0.000000000000000000e+00,-3.122415492393196615e-02,-2.637063425319032678e-02,-0.000000000000000000e+00,-0.000000000000000000e+00,-0.000000000000000000e+00,0.000000000000000000e+00,-0.000000000000000000e+00,-0.000000000000000000e+00,-0.000000000000000000e+00,-0.000000000000000000e+00,0.000000000000000000e+00,0.000000000000000000e+00,-0.000000000000000000e+00,1.091994389761070439e+00,0.000000000000000000e+00,1.388646264632039697e-02,0.000000000000000000e+00,-0.000000000000000000e+00,-0.000000000000000000e+00
-0.000000000000000000e+00,-1.213401731594130201e-01,-0.000000000000000000e+00,0.000000000000000000e+00,-0.000000000000000000e+00,-0.000000000000000000e+00,-0.000000000000000000e+00,0.000000000000000000e+00,-0.000000000000000000e+00,-0.000000000000000000e+00,-0.000000000000000000e+00,-0.000000000000000000e+00,-0.000000000000000000e+00,-0.000000000000000000e+00,0.000000000000000000e+00,-0.000000000000000000e+00,-4.552666645696513970e-02,-0.000000000000000000e+00,-0.000000000000000000e+00,-0.000000000000000000e+00,-0.000000000000000000e+00,-0.000000000000000000e+00,-0.000000000000000000e+00,-0.000000000000000000e+00,-0.000000000000000000e+00,-0.000000000000000000e+00,-3.272776904622928806e-01,-1.457296340414117319e-01,-2.216452105574524267e-01,-0.000000000000000000e+00,-9.314603889873721010e-02,-2.196129706494125977e-01,-0.000000000000000000e+00,0.000000000000000000e+00,2.242842211435368771e+00,-3.714637290800294478e-01,-7.199336793016014591e-01,0.000000000000000000e+00,-0.000000000000000000e+00
-0.000000000000000000e+00,-0.000000000000000000e+00,-0.000000000000000000e+00,-0.000000000000000000e+00,-0.000000000000000000e+00,-2.237642053272265175e-01,-0.000000000000000000e+00,-0.000000000000000000e+00,0.000000000000000000e+00,-0.000000000000000000e+00,-0.000000000000000000e+00,-0.000000000000000000e+00,-1.218596526923380469e-01,-0.000000000000000000e+00,-0.000000000000000000e+00,-2.308625950749950140e-01,-0.000000000000000000e+00,-0.000000000000000000e+00,-0.000000000000000000e+00,-0.000000000000000000e+00,-0.000000000000000000e+00,-1.654031178304559702e-01,-0.000000000000000000e+00,-0.000000000000000000e+00,-0.000000000000000000e+00,-0.000000000000000000e+00,-1.620370286744630128e-01,-2.060041037156451760e-01,-0.000000000000000000e+00,0.000000000000000000e+00,-2.017226802170835609e-01,-0.000000000000000000e+00,-0.000000000000000000e+00,1.388646264632039697e-02,-3.714637290800294478e-01,1.761180658469550186e+00,-0.000000000000000000e+00,0.000000000000000000e+00,-0.000000000000000000e+00
-0.000000000000000000e+00,-2.818698153623623859e-01,-0.000000000000000000e+00,-0.000000000000000000e+00,-0.000000000000000000e+00,-0.000000000000000000e+00,-0.000000000000000000e+00,0.000000000000000000e+00,-0.000000000000000000e+00,-0.000000000000000000e+00,-0.000000000000000000e+00,-0.000000000000000000e+00,-0.000000000000000000e+00,-0.000000000000000000e+00,0.000000000000000000e+00,-0.000000000000000000e+00,-0.000000000000000000e+00,-7.986422281783478461e-02,-0.000000000000000000e+00,-0.000000000000000000e+00,0.000000000000000000e+00,-0.000000000000000000e+00,-0.000000000000000000e+00,-0.000000000000000000e+00,-0.000000000000000000e+00,-1.278484520007426746e-03,-0.000000000000000000e+00,-0.000000000000000000e+00,-3.665540843866821330e-01,-0.000000000000000000e+00,-0.000000000000000000e+00,-8.495307078363018016e-02,-0.000000000000000000e+00,0.000000000000000000e+00,-7.199336793016014591e-01,-0.000000000000000000e+00,1.827278939651994616e+00,-0.000000000000000000e+00,-0.000000000000000000e+00
-6.869188072109796983e-02,-0.000000000000000000e+00,-0.000000000000000000e+00,0.000000000000000000e+00,-6.416222918800107422e-02,0.000000000000000000e+00,0.000000000000000000e+00,4.626949416994449032e-02,-2.703408416255377866e-01,-6.143014493179792257e-02,0.000000000000000000e+00,0.000000000000000000e+00,1.673529249870360849e-02,-0.000000000000000000e+00,9.854952635394692573e-02,-0.000000000000000000e+00,-0.000000000000000000e+00,-1.938903876361535994e-01,-2.675621345572949394e-01,0.000000000000000000e+00,-0.000000000000000000e+00,0.000000000000000000e+00,-0.000000000000000000e+00,-0.000000000000000000e+00,-0.000000000000000000e+00,-2.639139992960757436e-02,-0.000000000000000000e+00,-0.000000000000000000e+00,-0.000000000000000000e+00,-2.595499007856074195e-02,0.000000000000000000e+00,0.000000000000000000e+00,-0.000000000000000000e+00,-0.000000000000000000e+00,0.000000000000000000e+00,0.000000000000000000e+00,-0.000000000000000000e+00,1.456694696642446107e+00,-0.000000000000000000e+00
-5.864134138142833297e-02,-7.003793681891787304e-02,-2.265724424023480774e-02,0.000000000000000000e+00,-0.000000000000000000e+00,0.000000000000000000e+00,-0.000000000000000000e+00,1.056244606141113207e-01,-5.824698526816490286e-03,-3.604101996934130914e-01,-0.000000000000000000e+00,-1.680868581514026461e-01,-0.000000000000000000e+00,-0.000000000000000000e+00,0.000000000000000000e+00,-4.290697784447179697e-02,-0.000000000000000000e+00,-0.000000000000000000e+00,-2.209099448723912951e-01,-0.000000000000000000e+00,-0.000000000000000000e+00,-2.461657823519310395e-01,-4.719033490747447102e-02,-1.261882380211125920e-01,-0.000000000000000000e+00,-0.000000000000000000e+00,-1.466257344013326969e-01,-0.000000000000000000e+00,-0.000000000000000000e+00,-0.000000000000000000e+00,-3.755411449769179705e-02,-1.861153571946813634e-01,-0.000000000000000000e+00,-0.000000000000000000e+00,-0.000000000000000000e+00,-0.000000000000000000e+00,-0.000000000000000000e+00,-0.000000000000000000e+00,1.850033059589839990e+00
