1.840147653810120687e+00,-5.428563490579565443e-01,-0.000000000000000000e+00,2.176154379116426729e-01,0.000000000000000000e+00,9.511661181772705642e-02,0.000000000000000000e+00,-0.000000000000000000e+00,-0.000000000000000000e+00,-0.000000000000000000e+00,0.000000000000000000e+00,0.000000000000000000e+00,-0.000000000000000000e+00,-0.000000000000000000e+00,0.000000000000000000e+00,-0.000000000000000000e+00,0.000000000000000000e+00,1.697931862740741371e-01,4.422798154901755622e-04,-1.074698769430449674e-01,0.000000000000000000e+00,-0.000000000000000000e+00,-0.000000000000000000e+00,-0.000000000000000000e+00,-5.871853157709763238e-01,-3.475250646065923543e-02,-0.000000000000000000e+00,-0.000000000000000000e+00,0.000000000000000000e+00,-2.019589003114964365e-01,-0.000000000000000000e+00,0.000000000000000000e+00,0.000000000000000000e+00,0.000000000000000000e+00,-0.000000000000000000e+00,-0.000000000000000000e+00,9.798933968657953797e-02,0.000000000000000000e+00,0.000000000000000000e+00
-5.428563490579565443e-01,1.932722798905416983e+00,0.000000000000000000e+00,-0.000000000000000000e+00,0.000000000000000000e+00,-0.000000000000000000e+00,-0.000000000000000000e+00,-0.000000000000000000e+00,-0.000000000000000000e+00,-1.294024008888489674e-01,-0.000000000000000000e+00,-1.255823460223423962e-02,-0.000000000000000000e+00,-0.000000000000000000e+00,-0.000000000000000000e+00,-2.380743231351663824e-01,0.000000000000000000e+00,-0.000000000000000000e+00,0.000000000000000000e+00,-2.461195094714359044e-01,-0.000000000000000000e+00,-4.313198565875611679e-01,-0.000000000000000000e+00,-0.000000000000000000e+00,-0.000000000000000000e+00,-0.000000000000000000e+00,-2.636667397191377882e-01,-0.000000000000000000e+00,-0.000000000000000000e+00,-2.288683174042288604e-01,0.000000000000000000e+00,-0.000000000000000000e+00,-0.000000000000000000e+00,-0.000000000000000000e+00,0.000000000000000000e+00,-1.220909852017758035e-01,-0.000000000000000000e+00,0.000000000000000000e+00,-0.000000000000000000e+00
-0.000000000000000000e+00,0.000000000000000000e+00,1.842349529410325815e+00,1.195203233261810799e-01,-0.000000000000000000e+00,1.403147255899326595e-01,0.000000000000000000e+00,5.098819148983245730e-01,-0.000000000000000000e+00,0.000000000000000000e+00,-0.000000000000000000e+00,0.000000000000000000e+00,0.000000000000000000e+00,-3.398021126630214328e-02,0.000000000000000000e+00,0.000000000000000000e+00,-0.000000000000000000e+00,0.000000000000000000e+00,0.000000000000000000e+00,0.000000000000000000e+00,1.126441503339317418e-01,0.000000000000000000e+00,-0.000000000000000000e+00,-0.000000000000000000e+00,-2.038512242656297657e-01,-2.538699757349486275e-01,-0.000000000000000000e+00,-0.000000000000000000e+00,0.000000000000000000e+00,0.000000000000000000e+00,-6.224067459553573878e-01,0.000000000000000000e+00,0.000000000000000000e+00,0.000000000000000000e+00,-0.000000000000000000e+00,1.135909996663608396e-01,0.000000000000000000e+00,0.000000000000000000e+00,0.000000000000000000e+00
2.176154379116426729e-01,-0.000000000000000000e+00,1.195203233261810799e-01,2.573456140104616985e+00,-0.000000000000000000e+00,-3.495879334682003847e-01,-3.498413757170405480e-01,0.000000000000000000e+00,-0.000000000000000000e+00,-0.000000000000000000e+00,-0.000000000000000000e+00,-0.000000000000000000e+00,0.000000000000000000e+00,-0.000000000000000000e+00,-0.000000000000000000e+00,-0.000000000000000000e+00,0.000000000000000000e+00,-4.259427032999373863e-01,-2.190844880087724211e-01,0.000000000000000000e+00,-6.793789539215565609e-01,-0.000000000000000000e+00,-0.000000000000000000e+00,0.000000000000000000e+00,1.365209600097465337e-01,1.965341491033344989e-01,0.000000000000000000e+00,0.000000000000000000e+00,-0.000000000000000000e+00,0.000000000000000000e+00,0.000000000000000000e+00,-0.000000000000000000e+00,-0.000000000000000000e+00,-2.967020125444928547e-01,0.000000000000000000e+00,-0.000000000000000000e+00,-0.000000000000000000e+00,0.000000000000000000e+00,-0.000000000000000000e+00
0.000000000000000000e+00,0.000000000000000000e+00,-0.000000000000000000e+00,-0.000000000000000000e+00,1.946226757175639310e+00,0.000000000000000000e+00,-0.000000000000000000e+00,2.932499706201585621e-01,-4.237301979514166428e-01,-0.000000000000000000e+00,-0.000000000000000000e+00,-0.000000000000000000e+00,2.041318363151091719e-01,-5.926164930320765301e-01,0.000000000000000000e+00,-0.000000000000000000e+00,0.000000000000000000e+00,-5.573805901876287272e-02,-2.262206950592070831e-01,0.000000000000000000e+00,-0.000000000000000000e+00,-0.000000000000000000e+00,-0.000000000000000000e+00,0.000000000000000000e+00,-0.000000000000000000e+00,0.000000000000000000e+00,-0.000000000000000000e+00,4.889534128679332015e-02,-0.000000000000000000e+00,-0.000000000000000000e+00,-9.807787290214269038e-02,-0.000000000000000000e+00,-0.000000000000000000e+00,-1.521026506508127984e-01,-0.000000000000000000e+00,0.000000000000000000e+00,-0.000000000000000000e+00,0.000000000000000000e+00,0.000000000000000000e+00
9.511661181772705642e-02,-0.000000000000000000e+00,1.403147255899326595e-01,-3.495879334682003847e-01,0.000000000000000000e+00,2.069957057441169646e+00,-0.000000000000000000e+00,0.000000000000000000e+00,0.000000000000000000e+00,-0.000000000000000000e+00,-5.724040377524761830e-02,-1.338748155674791829e-01,-0.000000000000000000e+00,0.000000000000000000e+00,-1.401145878356651886e-01,-0.000000000000000000e+00,0.000000000000000000e+00,-0.000000000000000000e+00,-0.000000000000000000e+00,0.000000000000000000e+00,-4.421295940447850237e-01,-0.000000000000000000e+00,-0.000000000000000000e+00,0.000000000000000000e+00,3.441873495301446817e-01,0.000000000000000000e+00,-0.000000000000000000e+00,-0.000000000000000000e+00,-2.093266735096540876e-01,0.000000000000000000e+00,0.000000000000000000e+00,-0.000000000000000000e+00,-0.000000000000000000e+00,-2.902599237657055853e-01,-0.000000000000000000e+00,-0.000000000000000000e+00,-3.506654357746117473e-02,-0.000000000000000000e+00,-0.000000000000000000e+00
0.000000000000000000e+00,-0.000000000000000000e+00,0.000000000000000000e+00,-3.498413757170405480e-01,-0.000000000000000000e+00,-0.000000000000000000e+00,2.010901164009341713e+00,0.000000000000000000e+00,-0.000000000000000000e+00,-1.105639117893835177e-01,-3.849019112380135110e-02,-3.794880915200162796e-01,-0.000000000000000000e+00,-0.000000000000000000e+00,-6.108832724089952038e-01,-4.246752199710781411e-02,0.000000000000000000e+00,-1.754714618024286535e-02,-0.000000000000000000e+00,-0.000000000000000000e+00,-1.074305640873381013e-01,-5.031683574828791500e-02,-0.000000000000000000e+00,-0.000000000000000000e+00,0.000000000000000000e+00,0.000000000000000000e+00,-4.241615841589740227e-02,-2.188262122801482024e-01,0.000000000000000000e+00,0.000000000000000000e+00,0.000000000000000000e+00,-1.799836773411272670e-02,-7.369696736050673769e-02,-0.000000000000000000e+00,0.000000000000000000e+00,-0.000000000000000000e+00,-0.000000000000000000e+00,0.000000000000000000e+00,-0.000000000000000000e+00
-0.000000000000000000e+00,-0.000000000000000000e+00,5.098819148983245730e-01,0.000000000000000000e+00,2.932499706201585621e-01,0.000000000000000000e+00,0.000000000000000000e+00,1.620152555045653253e+00,0.000000000000000000e+00,-0.000000000000000000e+00,2.184675093610087826e-01,0.000000000000000000e+00,-0.000000000000000000e+00,0.000000000000000000e+00,0.000000000000000000e+00,-0.000000000000000000e+00,-0.000000000000000000e+00,0.000000000000000000e+00,1.379824114134702018e-01,-3.367675992844720856e-01,0.000000000000000000e+00,0.000000000000000000e+00,0.000000000000000000e+00,-0.000000000000000000e+00,-0.000000000000000000e+00,0.000000000000000000e+00,0.000000000000000000e+00,-0.000000000000000000e+00,1.383503611562165170e-01,-0.000000000000000000e+00,1.469748229737042333e-01,0.000000000000000000e+00,0.000000000000000000e+00,3.914383202801631489e-02,0.000000000000000000e+00,-0.000000000000000000e+00,0.000000000000000000e+00,0.000000000000000000e+00,0.000000000000000000e+00
-0.000000000000000000e+00,-0.000000000000000000e+00,-0.000000000000000000e+00,-0.000000000000000000e+00,-4.237301979514166428e-01,0.000000000000000000e+00,-0.000000000000000000e+00,0.000000000000000000e+00,1.943993683971010134e+00,-3.741533786145769674e-02,-0.000000000000000000e+00,-0.000000000000000000e+00,2.368518680168038848e-01,-4.012237267563295573e-01,0.000000000000000000e+00,-1.964993443515126448e-01,0.000000000000000000e+00,-0.000000000000000000e+00,-2.593414656689726483e-01,0.000000000000000000e+00,0.000000000000000000e+00,-0.000000000000000000e+00,-7.299967187676997815e-02,0.000000000000000000e+00,-6.726010862502580789e-02,0.000000000000000000e+00,-0.000000000000000000e+00,0.000000000000000000e+00,1.175434573548098660e-01,-0.000000000000000000e+00,-4.030503512883238382e-01,-0.000000000000000000e+00,-0.000000000000000000e+00,-0.000000000000000000e+00,0.000000000000000000e+00,0.000000000000000000e+00,-0.000000000000000000e+00,0.000000000000000000e+00,-0.000000000000000000e+00
-0.000000000000000000e+00,-1.294024008888489674e-01,0.000000000000000000e+00,-0.000000000000000000e+00,-0.000000000000000000e+00,-0.000000000000000000e+00,-1.105639117893835177e-01,-0.000000000000000000e+00,-3.741533786145769674e-02,2.001077939730035116e+00,-0.000000000000000000e+00,-0.000000000000000000e+00,0.000000000000000000e+00,-0.000000000000000000e+00,-0.000000000000000000e+00,-9.251409750392182163e-01,0.000000000000000000e+00,-0.000000000000000000e+00,-0.000000000000000000e+00,-0.000000000000000000e+00,-0.000000000000000000e+00,-0.000000000000000000e+00,-1.534966201232104976e-01,-0.000000000000000000e+00,-0.000000000000000000e+00,0.000000000000000000e+00,-0.000000000000000000e+00,-0.000000000000000000e+00,0.000000000000000000e+00,-3.758618061142317557e-01,-0.000000000000000000e+00,-0.000000000000000000e+00,-0.000000000000000000e+00,-0.000000000000000000e+00,1.050943227926150105e-03,-0.000000000000000000e+00,-0.000000000000000000e+00,0.000000000000000000e+00,-0.000000000000000000e+00
0.000000000000000000e+00,-0.000000000000000000e+00,-0.000000000000000000e+00,-0.000000000000000000e+00,-0.000000000000000000e+00,-5.724040377524761830e-02,-3.849019112380135110e-02,2.184675093610087826e-01,-0.000000000000000000e+00,-0.000000000000000000e+00,1.950415963707903266e+00,-0.000000000000000000e+00,-0.000000000000000000e+00,-0.000000000000000000e+00,-2.716674193853102492e-01,-0.000000000000000000e+00,-2.526265505629454178e-01,-0.000000000000000000e+00,-0.000000000000000000e+00,0.000000000000000000e+00,-0.000000000000000000e+00,-0.000000000000000000e+00,-1.064469601854148295e-02,-3.288475911409947661e-01,0.000000000000000000e+00,-0.000000000000000000e+00,-3.897442225341062050e-02,0.000000000000000000e+00,-8.979876227107089215e-02,0.000000000000000000e+00,0.000000000000000000e+00,-5.614380411802479820e-01,-1.648391924595375355e-02,-0.000000000000000000e+00,-0.000000000000000000e+00,-0.000000000000000000e+00,-3.307809017563852205e-02,-5.173330856470415018e-02,-2.040418586694835723e-01
0.000000000000000000e+00,-1.255823460223423962e-02,0.000000000000000000e+00,-0.000000000000000000e+00,-0.000000000000000000e+00,-1.338748155674791829e-01,-3.794880915200162796e-01,0.000000000000000000e+00,-0.000000000000000000e+00,-0.000000000000000000e+00,-0.000000000000000000e+00,3.238352963305329624e+00,-4.341389292277197248e-02,-0.000000000000000000e+00,-7.314595605535771927e-01,-0.000000000000000000e+00,0.000000000000000000e+00,-3.592294133589085670e-02,-0.000000000000000000e+00,-0.000000000000000000e+00,-2.998052382348449438e-02,-6.074516724286074254e-01,-0.000000000000000000e+00,-0.000000000000000000e+00,0.000000000000000000e+00,0.000000000000000000e+00,-8.267190999858067824e-02,-0.000000000000000000e+00,-0.000000000000000000e+00,-0.000000000000000000e+00,0.000000000000000000e+00,-2.996850569167208711e-01,-7.878946798131749585e-01,-3.159027342562369389e-01,-0.000000000000000000e+00,-0.000000000000000000e+00,-0.000000000000000000e+00,0.000000000000000000e+00,-0.000000000000000000e+00
-0.000000000000000000e+00,-0.000000000000000000e+00,0.000000000000000000e+00,0.000000000000000000e+00,2.041318363151091719e-01,-0.000000000000000000e+00,-0.000000000000000000e+00,-0.000000000000000000e+00,2.368518680168038848e-01,0.000000000000000000e+00,-0.000000000000000000e+00,-4.341389292277197248e-02,1.534955651471877403e+00,0.000000000000000000e+00,-2.334855631355688479e-02,-0.000000000000000000e+00,-0.000000000000000000e+00,0.000000000000000000e+00,3.665684417571160592e-02,-5.176961269954973854e-01,-0.000000000000000000e+00,-2.599755077172273277e-01,0.000000000000000000e+00,-0.000000000000000000e+00,0.000000000000000000e+00,-0.000000000000000000e+00,-0.000000000000000000e+00,-0.000000000000000000e+00,-0.000000000000000000e+00,-0.000000000000000000e+00,2.706011290687023174e-01,-0.000000000000000000e+00,-0.000000000000000000e+00,0.000000000000000000e+00,-0.000000000000000000e+00,-2.630903838524663307e-02,0.000000000000000000e+00,-0.000000000000000000e+00,-0.000000000000000000e+00
-0.000000000000000000e+00,-0.000000000000000000e+00,-3.398021126630214328e-02,-0.000000000000000000e+00,-5.926164930320765301e-01,0.000000000000000000e+00,-0.000000000000000000e+00,0.000000000000000000e+00,-4.012237267563295573e-01,-0.000000000000000000e+00,-0.000000000000000000e+00,-0.000000000000000000e+00,0.000000000000000000e+00,2.163754903073129121e+00,-0.000000000000000000e+00,-2.256755494963561537e-01,-0.000000000000000000e+00,-0.000000000000000000e+00,-0.000000000000000000e+00,-0.000000000000000000e+00,-0.000000000000000000e+00,-0.000000000000000000e+00,-4.969694531862689502e-01,-9.356023268207198929e-02,-1.402283716165200478e-01,-0.000000000000000000e+00,-2.590094385394520748e-01,0.000000000000000000e+00,-0.000000000000000000e+00,-0.000000000000000000e+00,-0.000000000000000000e+00,-3.812546310705183794e-02,-0.000000000000000000e+00,-0.000000000000000000e+00,-0.000000000000000000e+00,-0.000000000000000000e+00,-0.000000000000000000e+00,-0.000000000000000000e+00,-0.000000000000000000e+00
0.000000000000000000e+00,-0.000000000000000000e+00,0.000000000000000000e+00,-0.000000000000000000e+00,0.000000000000000000e+00,-1.401145878356651886e-01,-6.108832724089952038e-01,0.000000000000000000e+00,0.000000000000000000e+00,-0.000000000000000000e+00,-2.716674193853102492e-01,-7.314595605535771927e-01,-2.334855631355688479e-02,-0.000000000000000000e+00,2.626974618389155580e+00,-0.000000000000000000e+00,-0.000000000000000000e+00,-0.000000000000000000e+00,-0.000000000000000000e+00,-0.000000000000000000e+00,-1.891616530499364845e-01,-1.426479739286008741e-01,-0.000000000000000000e+00,-0.000000000000000000e+00,1.476868954179053799e-03,0.000000000000000000e+00,-0.000000000000000000e+00,-0.000000000000000000e+00,-0.000000000000000000e+00,0.000000000000000000e+00,0.000000000000000000e+00,-1.725753212877739196e-01,-8.835626101351655437e-02,-2.962633921103657308e-01,-0.000000000000000000e+00,-0.000000000000000000e+00,-0.000000000000000000e+00,-0.000000000000000000e+00,-0.000000000000000000e+00
-0.000000000000000000e+00,-2.380743231351663824e-01,0.000000000000000000e+00,-0.000000000000000000e+00,-0.000000000000000000e+00,-0.000000000000000000e+00,-4.246752199710781411e-02,-0.000000000000000000e+00,-1.964993443515126448e-01,-9.251409750392182163e-01,-0.000000000000000000e+00,-0.000000000000000000e+00,-0.000000000000000000e+00,-2.256755494963561537e-01,-0.000000000000000000e+00,2.678061688490373626e+00,0.000000000000000000e+00,-0.000000000000000000e+00,-0.000000000000000000e+00,-0.000000000000000000e+00,-0.000000000000000000e+00,-0.000000000000000000e+00,-4.870920804661002523e-01,-0.000000000000000000e+00,-4.930731315722385044e-02,0.000000000000000000e+00,-0.000000000000000000e+00,-0.000000000000000000e+00,0.000000000000000000e+00,-6.787313483227825905e-01,-0.000000000000000000e+00,-0.000000000000000000e+00,-0.000000000000000000e+00,-0.000000000000000000e+00,0.000000000000000000e+00,-0.000000000000000000e+00,0.000000000000000000e+00,0.000000000000000000e+00,-0.000000000000000000e+00
0.000000000000000000e+00,0.000000000000000000e+00,-0.000000000000000000e+00,0.000000000000000000e+00,0.000000000000000000e+00,0.000000000000000000e+00,0.000000000000000000e+00,-0.000000000000000000e+00,0.000000000000000000e+00,0.000000000000000000e+00,-2.526265505629454178e-01,0.000000000000000000e+00,-0.000000000000000000e+00,-0.000000000000000000e+00,-0.000000000000000000e+00,0.000000000000000000e+00,1.174140811785319372e+00,0.000000000000000000e+00,3.613279721727848115e-02,-0.000000000000000000e+00,0.000000000000000000e+00,0.000000000000000000e+00,-0.000000000000000000e+00,-2.913672726142491065e-01,0.000000000000000000e+00,-0.000000000000000000e+00,0.000000000000000000e+00,0.000000000000000000e+00,-0.000000000000000000e+00,-0.000000000000000000e+00,0.000000000000000000e+00,-0.000000000000000000e+00,0.000000000000000000e+00,0.000000000000000000e+00,-0.000000000000000000e+00,-0.000000000000000000e+00,0.000000000000000000e+00,-0.000000000000000000e+00,0.000000000000000000e+00
1.697931862740741371e-01,-0.000000000000000000e+00,0.000000000000000000e+00,-4.259427032999373863e-01,-5.573805901876287272e-02,-0.000000000000000000e+00,-1.754714618024286535e-02,0.000000000000000000e+00,-0.000000000000000000e+00,-0.000000000000000000e+00,-0.000000000000000000e+00,-3.592294133589085670e-02,0.000000000000000000e+00,-0.000000000000000000e+00,-0.000000000000000000e+00,-0.000000000000000000e+00,0.000000000000000000e+00,2.653748202426331915e+00,-5.289694102130602094e-01,0.000000000000000000e+00,-2.317573617013088394e-01,-0.000000000000000000e+00,-9.611340177085935660e-03,-0.000000000000000000e+00,0.000000000000000000e+00,7.169562044506760240e-03,-0.000000000000000000e+00,0.000000000000000000e+00,-0.000000000000000000e+00,0.000000000000000000e+00,0.000000000000000000e+00,-5.245161657809765954e-01,-7.805698957089331202e-02,-4.401478328333955914e-01,-0.000000000000000000e+00,-0.000000000000000000e+00,-3.179889565631208170e-01,-0.000000000000000000e+00,-0.000000000000000000e+00
4.422798154901755622e-04,0.000000000000000000e+00,0.000000000000000000e+00,-2.190844880087724211e-01,-2.262206950592070831e-01,-0.000000000000000000e+00,-0.000000000000000000e+00,1.379824114134702018e-01,-2.593414656689726483e-01,-0.000000000000000000e+00,-0.000000000000000000e+00,-0.000000000000000000e+00,3.665684417571160592e-02,-0.000000000000000000e+00,-0.000000000000000000e+00,-0.000000000000000000e+00,3.613279721727848115e-02,-5.289694102130602094e-01,1.969519926098802109e+00,2.472073721631375468e-02,-0.000000000000000000e+00,-0.000000000000000000e+00,-0.000000000000000000e+00,1.831536323085419110e-02,0.000000000000000000e+00,3.626492118052090236e-02,-0.000000000000000000e+00,0.000000000000000000e+00,-0.000000000000000000e+00,0.000000000000000000e+00,-0.000000000000000000e+00,-0.000000000000000000e+00,-0.000000000000000000e+00,-5.497109651761143967e-01,-0.000000000000000000e+00,0.000000000000000000e+00,-0.000000000000000000e+00,6.119172688882333969e-03,0.000000000000000000e+00
-1.074698769430449674e-01,-2.461195094714359044e-01,0.000000000000000000e+00,0.000000000000000000e+00,0.000000000000000000e+00,0.000000000000000000e+00,-0.000000000000000000e+00,-3.367675992844720856e-01,0.000000000000000000e+00,-0.000000000000000000e+00,0.000000000000000000e+00,-0.000000000000000000e+00,-5.176961269954973854e-01,-0.000000000000000000e+00,-0.000000000000000000e+00,-0.000000000000000000e+00,-0.000000000000000000e+00,0.000000000000000000e+00,2.472073721631375468e-02,1.478520573402736016e+00,0.000000000000000000e+00,-1.454270812669949398e-01,-0.000000000000000000e+00,-2.758685104627392470e-02,-0.000000000000000000e+00,-0.000000000000000000e+00,-0.000000000000000000e+00,-0.000000000000000000e+00,0.000000000000000000e+00,-1.022934989771717151e-01,0.000000000000000000e+00,-0.000000000000000000e+00,-0.000000000000000000e+00,0.000000000000000000e+00,0.000000000000000000e+00,-0.000000000000000000e+00,0.000000000000000000e+00,-0.000000000000000000e+00,-0.000000000000000000e+00
0.000000000000000000e+00,-0.000000000000000000e+00,1.126441503339317418e-01,-6.793789539215565609e-01,-0.000000000000000000e+00,-4.421295940447850237e-01,-1.074305640873381013e-01,0.000000000000000000e+00,0.000000000000000000e+00,-0.000000000000000000e+00,-0.000000000000000000e+00,-2.998052382348449438e-02,-0.000000000000000000e+00,-0.000000000000000000e+00,-1.891616530499364845e-01,-0.000000000000000000e+00,0.000000000000000000e+00,-2.317573617013088394e-01,-0.000000000000000000e+00,0.000000000000000000e+00,2.294619466116209150e+00,-0.000000000000000000e+00,-0.000000000000000000e+00,-0.000000000000000000e+00,1.035180658205021309e-01,0.000000000000000000e+00,-0.000000000000000000e+00,0.000000000000000000e+00,-0.000000000000000000e+00,0.000000000000000000e+00,0.000000000000000000e+00,-5.867672023510911439e-02,-9.437732149038884077e-02,-1.213127636742666327e-01,0.000000000000000000e+00,-0.000000000000000000e+00,-1.499700370555772100e-01,0.000000000000000000e+00,-0.000000000000000000e+00
-0.000000000000000000e+00,-4.313198565875611679e-01,0.000000000000000000e+00,-0.000000000000000000e+00,-0.000000000000000000e+00,-0.000000000000000000e+00,-5.031683574828791500e-02,0.000000000000000000e+00,-0.000000000000000000e+00,-0.000000000000000000e+00,-0.000000000000000000e+00,-6.074516724286074254e-01,-2.599755077172273277e-01,-0.000000000000000000e+00,-1.426479739286008741e-01,-0.000000000000000000e+00,0.000000000000000000e+00,-0.000000000000000000e+00,-0.000000000000000000e+00,-1.454270812669949398e-01,-0.000000000000000000e+00,2.221826540543571316e+00,-4.994522028362476801e-02,-0.000000000000000000e+00,-0.000000000000000000e+00,0.000000000000000000e+00,-3.317224613675415212e-01,-0.000000000000000000e+00,-0.000000000000000000e+00,-0.000000000000000000e+00,0.000000000000000000e+00,-1.542077251744222999e-01,-3.069669052408702248e-01,-0.000000000000000000e+00,-0.000000000000000000e+00,-0.000000000000000000e+00,-0.000000000000000000e+00,-0.000000000000000000e+00,-2.893942160274608558e-02
-0.000000000000000000e+00,-0.000000000000000000e+00,-0.000000000000000000e+00,-0.000000000000000000e+00,-0.000000000000000000e+00,-0.000000000000000000e+00,-0.000000000000000000e+00,0.000000000000000000e+00,-7.299967187676997815e-02,-1.534966201232104976e-01,-1.064469601854148295e-02,-0.000000000000000000e+00,0.000000000000000000e+00,-4.969694531862689502e-01,-0.000000000000000000e+00,-4.870920804661002523e-01,-0.000000000000000000e+00,-9.611340177085935660e-03,-0.000000000000000000e+00,-0.000000000000000000e+00,-0.000000000000000000e+00,-4.994522028362476801e-02,2.235689708389119623e+00,-2.308315930983895481e-01,-1.406010979519340676e-01,-0.000000000000000000e+00,-3.084262694438336116e-01,0.000000000000000000e+00,0.000000000000000000e+00,-9.299235534178011686e-02,-0.000000000000000000e+00,-3.370079144735672050e-01,-0.000000000000000000e+00,-0.000000000000000000e+00,-0.000000000000000000e+00,-0.000000000000000000e+00,-1.274218403451826964e-01,-0.000000000000000000e+00,-0.000000000000000000e+00
-0.000000000000000000e+00,-0.000000000000000000e+00,-0.000000000000000000e+00,0.000000000000000000e+00,0.000000000000000000e+00,0.000000000000000000e+00,-0.000000000000000000e+00,-0.000000000000000000e+00,0.000000000000000000e+00,-0.000000000000000000e+00,-3.288475911409947661e-01,-0.000000000000000000e+00,-0.000000000000000000e+00,-9.356023268207198929e-02,-0.000000000000000000e+00,-0.000000000000000000e+00,-2.913672726142491065e-01,-0.000000000000000000e+00,1.831536323085419110e-02,-2.758685104627392470e-02,-0.000000000000000000e+00,-0.000000000000000000e+00,-2.308315930983895481e-01,1.461657192765674740e+00,-0.000000000000000000e+00,-0.000000000000000000e+00,-0.000000000000000000e+00,-0.000000000000000000e+00,0.000000000000000000e+00,-0.000000000000000000e+00,0.000000000000000000e+00,-0.000000000000000000e+00,-0.000000000000000000e+00,0.000000000000000000e+00,0.000000000000000000e+00,-0.000000000000000000e+00,-0.000000000000000000e+00,-1.493670860974161130e-01,-1.642837125473936288e-01
-5.871853157709763238e-01,-0.000000000000000000e+00,-2.038512242656297657e-01,1.365209600097465337e-01,-0.000000000000000000e+00,3.441873495301446817e-01,0.000000000000000000e+00,-0.000000000000000000e+00,-6.726010862502580789e-02,-0.000000000000000000e+00,0.000000000000000000e+00,0.000000000000000000e+00,0.000000000000000000e+00,-1.402283716165200478e-01,1.476868954179053799e-03,-4.930731315722385044e-02,0.000000000000000000e+00,0.000000000000000000e+00,0.000000000000000000e+00,-0.000000000000000000e+00,1.035180658205021309e-01,-0.000000000000000000e+00,-1.406010979519340676e-01,-0.000000000000000000e+00,2.170208001044990009e+00,-5.092228430860296085e-02,-3.905966604255587532e-02,-0.000000000000000000e+00,0.000000000000000000e+00,-4.920060298864964987e-01,-3.558989945291500256e-01,0.000000000000000000e+00,0.000000000000000000e+00,0.000000000000000000e+00,0.000000000000000000e+00,-0.000000000000000000e+00,0.000000000000000000e+00,0.000000000000000000e+00,-0.000000000000000000e+00
-3.475250646065923543e-02,-0.000000000000000000e+00,-2.538699757349486275e-01,1.965341491033344989e-01,0.000000000000000000e+00,0.000000000000000000e+00,0.000000000000000000e+00,0.000000000000000000e+00,0.000000000000000000e+00,0.000000000000000000e+00,-0.000000000000000000e+00,0.000000000000000000e+00,-0.000000000000000000e+00,-0.000000000000000000e+00,0.000000000000000000e+00,0.000000000000000000e+00,-0.000000000000000000e+00,7.169562044506760240e-03,3.626492118052090236e-02,-0.000000000000000000e+00,0.000000000000000000e+00,0.000000000000000000e+00,-0.000000000000000000e+00,-0.000000000000000000e+00,-5.092228430860296085e-02,1.291623739611940769e+00,-8.860426872300507239e-02,-4.114998312236058109e-02,-0.000000000000000000e+00,0.000000000000000000e+00,-0.000000000000000000e+00,0.000000000000000000e+00,0.000000000000000000e+00,0.000000000000000000e+00,-0.000000000000000000e+00,0.000000000000000000e+00,0.000000000000000000e+00,-3.969507031336536595e-01,-0.000000000000000000e+00
-0.000000000000000000e+00,-2.636667397191377882e-01,-0.000000000000000000e+00,0.000000000000000000e+00,-0.000000000000000000e+00,-0.000000000000000000e+00,-4.241615841589740227e-02,0.000000000000000000e+00,-0.000000000000000000e+00,-0.000000000000000000e+00,-3.897442225341062050e-02,-8.267190999858067824e-02,-0.000000000000000000e+00,-2.590094385394520748e-01,-0.000000000000000000e+00,-0.000000000000000000e+00,0.000000000000000000e+00,-0.000000000000000000e+00,-0.000000000000000000e+00,-0.000000000000000000e+00,-0.000000000000000000e+00,-3.317224613675415212e-01,-3.084262694438336116e-01,-0.000000000000000000e+00,-3.905966604255587532e-02,-8.860426872300507239e-02,1.975309772103867045e+00,-0.000000000000000000e+00,-0.000000000000000000e+00,-0.000000000000000000e+00,-0.000000000000000000e+00,-8.484530892356595411e-02,-0.000000000000000000e+00,-0.000000000000000000e+00,0.000000000000000000e+00,-0.000000000000000000e+00,-0.000000000000000000e+00,-0.000000000000000000e+00,-5.647017137385624830e-01
-0.000000000000000000e+00,-0.000000000000000000e+00,-0.000000000000000000e+00,0.000000000000000000e+00,4.889534128679332015e-02,-0.000000000000000000e+00,-2.188262122801482024e-01,-0.000000000000000000e+00,0.000000000000000000e+00,-0.000000000000000000e+00,0.000000000000000000e+00,-0.000000000000000000e+00,-0.000000000000000000e+00,0.000000000000000000e+00,-0.000000000000000000e+00,-0.000000000000000000e+00,0.000000000000000000e+00,0.000000000000000000e+00,0.000000000000000000e+00,-0.000000000000000000e+00,0.000000000000000000e+00,-0.000000000000000000e+00,0.000000000000000000e+00,-0.000000000000000000e+00,-0.000000000000000000e+00,-4.114998312236058109e-02,-0.000000000000000000e+00,1.064196187842889385e+00,0.000000000000000000e+00,0.000000000000000000e+00,-0.000000000000000000e+00,0.000000000000000000e+00,0.000000000000000000e+00,0.000000000000000000e+00,4.610927405023430153e-02,0.000000000000000000e+00,2.271339919729928047e-01,0.000000000000000000e+00,-0.000000000000000000e+00
0.000000000000000000e+00,-0.000000000000000000e+00,0.000000000000000000e+00,-0.000000000000000000e+00,-0.000000000000000000e+00,-2.093266735096540876e-01,0.000000000000000000e+00,1.383503611562165170e-01,1.175434573548098660e-01,0.000000000000000000e+00,-8.979876227107089215e-02,-0.000000000000000000e+00,-0.000000000000000000e+00,-0.000000000000000000e+00,-0.000000000000000000e+00,0.000000000000000000e+00,-0.000000000000000000e+00,-0.000000000000000000e+00,-0.000000000000000000e+00,0.000000000000000000e+00,-0.000000000000000000e+00,-0.000000000000000000e+00,0.000000000000000000e+00,0.000000000000000000e+00,0.000000000000000000e+00,-0.000000000000000000e+00,-0.000000000000000000e+00,0.000000000000000000e+00,1.597704685962428428e+00,0.000000000000000000e+00,0.000000000000000000e+00,-0.000000000000000000e+00,-3.862027611163752483e-01,-0.000000000000000000e+00,-4.719442958548437650e-01,-1.340624979077008894e-01,-1.233277113614012488e-01,-0.000000000000000000e+00,0.000000000000000000e+00
-2.019589003114964365e-01,-2.288683174042288604e-01,0.000000000000000000e+00,0.000000000000000000e+00,-0.000000000000000000e+00,0.000000000000000000e+00,0.000000000000000000e+00,-0.000000000000000000e+00,-0.000000000000000000e+00,-3.758618061142317557e-01,0.000000000000000000e+00,-0.000000000000000000e+00,-0.000000000000000000e+00,-0.000000000000000000e+00,0.000000000000000000e+00,-6.787313483227825905e-01,-0.000000000000000000e+00,0.000000000000000000e+00,0.000000000000000000e+00,-1.022934989771717151e-01,0.000000000000000000e+00,-0.000000000000000000e+00,-9.299235534178011686e-02,-0.000000000000000000e+00,-4.920060298864964987e-01,0.000000000000000000e+00,-0.000000000000000000e+00,0.000000000000000000e+00,0.000000000000000000e+00,2.150381982820512405e+00,-0.000000000000000000e+00,-0.000000000000000000e+00,-0.000000000000000000e+00,0.000000000000000000e+00,0.000000000000000000e+00,-0.000000000000000000e+00,0.000000000000000000e+00,0.000000000000000000e+00,0.000000000000000000e+00
-0.000000000000000000e+00,0.000000000000000000e+00,-6.224067459553573878e-01,0.000000000000000000e+00,-9.807787290214269038e-02,0.000000000000000000e+00,0.000000000000000000e+00,1.469748229737042333e-01,-4.030503512883238382e-01,-0.000000000000000000e+00,0.000000000000000000e+00,0.000000000000000000e+00,2.706011290687023174e-01,-0.000000000000000000e+00,0.000000000000000000e+00,-0.000000000000000000e+00,0.000000000000000000e+00,0.000000000000000000e+00,-0.000000000000000000e+00,0.000000000000000000e+00,0.000000000000000000e+00,0.000000000000000000e+00,-0.000000000000000000e+00,0.000000000000000000e+00,-3.558989945291500256e-01,-0.000000000000000000e+00,-0.000000000000000000e+00,-0.000000000000000000e+00,0.000000000000000000e+00,-0.000000000000000000e+00,1.881418532390503717e+00,0.000000000000000000e+00,0.000000000000000000e+00,-0.000000000000000000e+00,-0.000000000000000000e+00,3.887813498828198572e-02,0.000000000000000000e+00,0.000000000000000000e+00,0.000000000000000000e+00
0.000000000000000000e+00,-0.000000000000000000e+00,0.000000000000000000e+00,-0.000000000000000000e+00,-0.000000000000000000e+00,-0.000000000000000000e+00,-1.799836773411272670e-02,0.000000000000000000e+00,-0.000000000000000000e+00,-0.000000000000000000e+00,-5.614380411802479820e-01,-2.996850569167208711e-01,-0.000000000000000000e+00,-3.812546310705183794e-02,-1.725753212877739196e-01,-0.000000000000000000e+00,-0.000000000000000000e+00,-5.245161657809765954e-01,-0.000000000000000000e+00,-0.000000000000000000e+00,-5.867672023510911439e-02,-1.542077251744222999e-01,-3.370079144735672050e-01,-0.000000000000000000e+00,0.000000000000000000e+00,0.000000000000000000e+00,-8.484530892356595411e-02,0.000000000000000000e+00,-0.000000000000000000e+00,-0.000000000000000000e+00,0.000000000000000000e+00,3.096019360518013741e+00,-5.458382363436543594e-01,-1.673423022988209385e-01,-0.000000000000000000e+00,-0.000000000000000000e+00,-4.649303220949261295e-01,-0.000000000000000000e+00,-6.196403338772204367e-02
0.000000000000000000e+00,-0.000000000000000000e+00,0.000000000000000000e+00,-0.000000000000000000e+00,-0.000000000000000000e+00,-0.000000000000000000e+00,-7.369696736050673769e-02,0.000000000000000000e+00,-0.000000000000000000e+00,-0.000000000000000000e+00,-1.648391924595375355e-02,-7.878946798131749585e-01,-0.000000000000000000e+00,-0.000000000000000000e+00,-8.835626101351655437e-02,-0.000000000000000000e+00,0.000000000000000000e+00,-7.805698957089331202e-02,-0.000000000000000000e+00,-0.000000000000000000e+00,-9.437732149038884077e-02,-3.069669052408702248e-01,-0.000000000000000000e+00,-0.000000000000000000e+00,0.000000000000000000e+00,0.000000000000000000e+00,-0.000000000000000000e+00,0.000000000000000000e+00,-3.862027611163752483e-01,-0.000000000000000000e+00,0.000000000000000000e+00,-5.458382363436543594e-01,2.901374779097523504e+00,-3.053190891187403389e-01,-1.155279764727092234e-01,-0.000000000000000000e+00,-3.066259025905280766e-01,0.000000000000000000e+00,-0.000000000000000000e+00
0.000000000000000000e+00,-0.000000000000000000e+00,0.000000000000000000e+00,-2.967020125444928547e-01,-1.521026506508127984e-01,-2.902599237657055853e-01,-0.000000000000000000e+00,3.914383202801631489e-02,-0.000000000000000000e+00,-0.000000000000000000e+00,-0.000000000000000000e+00,-3.159027342562369389e-01,0.000000000000000000e+00,-0.000000000000000000e+00,-2.962633921103657308e-01,-0.000000000000000000e+00,0.000000000000000000e+00,-4.401478328333955914e-01,-5.497109651761143967e-01,0.000000000000000000e+00,-1.213127636742666327e-01,-0.000000000000000000e+00,-0.000000000000000000e+00,0.000000000000000000e+00,0.000000000000000000e+00,0.000000000000000000e+00,-0.000000000000000000e+00,0.000000000000000000e+00,-0.000000000000000000e+00,0.000000000000000000e+00,-0.000000000000000000e+00,-1.673423022988209385e-01,-3.053190891187403389e-01,2.814824878814918385e+00,-0.000000000000000000e+00,-0.000000000000000000e+00,-8.900030879212096624e-02,0.000000000000000000e+00,-0.000000000000000000e+00
-0.000000000000000000e+00,0.000000000000000000e+00,-0.000000000000000000e+00,0.000000000000000000e+00,-0.000000000000000000e+00,-0.000000000000000000e+00,0.000000000000000000e+00,0.000000000000000000e+00,0.000000000000000000e+00,1.050943227926150105e-03,-0.000000000000000000e+00,-0.000000000000000000e+00,-0.000000000000000000e+00,-0.000000000000000000e+00,-0.000000000000000000e+00,0.000000000000000000e+00,-0.000000000000000000e+00,-0.000000000000000000e+00,-0.000000000000000000e+00,0.000000000000000000e+00,0.000000000000000000e+00,-0.000000000000000000e+00,-0.000000000000000000e+00,0.000000000000000000e+00,0.000000000000000000e+00,-0.000000000000000000e+00,0.000000000000000000e+00,4.610927405023430153e-02,-4.719442958548437650e-01,0.000000000000000000e+00,-0.000000000000000000e+00,-0.000000000000000000e+00,-1.155279764727092234e-01,-0.000000000000000000e+00,1.252081959482763462e+00,-0.000000000000000000e+00,-3.974674540125205241e-02,-0.000000000000000000e+00,0.000000000000000000e+00
-0.000000000000000000e+00,-1.220909852017758035e-01,1.135909996663608396e-01,-0.000000000000000000e+00,0.000000000000000000e+00,-0.000000000000000000e+00,-0.000000000000000000e+00,-0.000000000000000000e+00,0.000000000000000000e+00,-0.000000000000000000e+00,-0.000000000000000000e+00,-0.000000000000000000e+00,-2.630903838524663307e-02,-0.000000000000000000e+00,-0.000000000000000000e+00,-0.000000000000000000e+00,-0.000000000000000000e+00,-0.000000000000000000e+00,0.000000000000000000e+00,-0.000000000000000000e+00,-0.000000000000000000e+00,-0.000000000000000000e+00,-0.000000000000000000e+00,-0.000000000000000000e+00,-0.000000000000000000e+00,0.000000000000000000e+00,-0.000000000000000000e+00,0.000000000000000000e+00,-1.340624979077008894e-01,-0.000000000000000000e+00,3.887813498828198572e-02,-0.000000000000000000e+00,-0.000000000000000000e+00,-0.000000000000000000e+00,-0.000000000000000000e+00,1.236255905171728564e+00,-2.047662452076890738e-01,-0.000000000000000000e+00,-3.040499546415744714e-01
9.798933968657953797e-02,-0.000000000000000000e+00,0.000000000000000000e+00,-0.000000000000000000e+00,-0.000000000000000000e+00,-3.506654357746117473e-02,-0.000000000000000000e+00,0.000000000000000000e+00,-0.000000000000000000e+00,-0.000000000000000000e+00,-3.307809017563852205e-02,-0.000000000000000000e+00,0.000000000000000000e+00,-0.000000000000000000e+00,-0.000000000000000000e+00,0.000000000000000000e+00,0.000000000000000000e+00,-3.179889565631208170e-01,-0.000000000000000000e+00,0.000000000000000000e+00,-1.499700370555772100e-01,-0.000000000000000000e+00,-1.274218403451826964e-01,-0.000000000000000000e+00,0.000000000000000000e+00,0.000000000000000000e+00,-0.000000000000000000e+00,2.271339919729928047e-01,-1.233277113614012488e-01,0.000000000000000000e+00,0.000000000000000000e+00,-4.649303220949261295e-01,-3.066259025905280766e-01,-8.900030879212096624e-02,-3.974674540125205241e-02,-2.047662452076890738e-01,2.006177534803303519e+00,-0.000000000000000000e+00,-0.000000000000000000e+00
0.000000000000000000e+00,0.000000000000000000e+00,0.000000000000000000e+00,0.000000000000000000e+00,0.000000000000000000e+00,-0.000000000000000000e+00,0.000000000000000000e+00,0.000000000000000000e+00,0.000000000000000000e+00,0.000000000000000000e+00,-5.173330856470415018e-02,0.000000000000000000e+00,-0.000000000000000000e+00,-0.000000000000000000e+00,-0.000000000000000000e+00,0.000000000000000000e+00,-0.000000000000000000e+00,-0.000000000000000000e+00,6.119172688882333969e-03,-0.000000000000000000e+00,0.000000000000000000e+00,-0.000000000000000000e+00,-0.000000000000000000e+00,-1.493670860974161130e-01,0.000000000000000000e+00,-3.969507031336536595e-01,-0.000000000000000000e+00,0.000000000000000000e+00,-0.000000000000000000e+00,0.000000000000000000e+00,0.000000000000000000e+00,-0.000000000000000000e+00,0.000000000000000000e+00,0.000000000000000000e+00,-0.000000000000000000e+00,-0.000000000000000000e+00,-0.000000000000000000e+00,1.637037006817091189e+00,-7.755761144955238828e-01
0.000000000000000000e+00,-0.000000000000000000e+00,0.000000000000000000e+00,-0.000000000000000000e+00,0.000000000000000000e+00,-0.000000000000000000e+00,-0.000000000000000000e+00,0.000000000000000000e+00,-0.000000000000000000e+00,-0.000000000000000000e+00,-2.040418586694835723e-01,-0.000000000000000000e+00,-0.000000000000000000e+00,-0.000000000000000000e+00,-0.000000000000000000e+00,-0.000000000000000000e+00,0.000000000000000000e+00,-0.000000000000000000e+00,0.000000000000000000e+00,-0.000000000000000000e+00,-0.000000000000000000e+00,-2.893942160274608558e-02,-0.000000000000000000e+00,-1.642837125473936288e-01,-0.000000000000000000e+00,-0.000000000000000000e+00,-5.647017137385624830e-01,-0.000000000000000000e+00,0.000000000000000000e+00,0.000000000000000000e+00,0.000000000000000000e+00,-6.196403338772204367e-02,-0.000000000000000000e+00,-0.000000000000000000e+00,0.000000000000000000e+00,-3.040499546415744714e-01,-0.000000000000000000e+00,-7.755761144955238828e-01,2.017948921450287703e+00
